
DETdpaspec = [
    1    1    1    1    1    1    1    1    1    1  0.00000E+00 0.00000 
    2    2    1    1    1    1    1    1    1    1  0.00000E+00 0.00000 
    3    3    1    1    1    1    1    1    1    1  0.00000E+00 0.00000 
    4    4    1    1    1    1    1    1    1    1  0.00000E+00 0.00000 
    5    5    1    1    1    1    1    1    1    1  0.00000E+00 0.00000 
    6    6    1    1    1    1    1    1    1    1  0.00000E+00 0.00000 
    7    7    1    1    1    1    1    1    1    1  0.00000E+00 0.00000 
    8    8    1    1    1    1    1    1    1    1  0.00000E+00 0.00000 
    9    9    1    1    1    1    1    1    1    1  0.00000E+00 0.00000 
   10   10    1    1    1    1    1    1    1    1  0.00000E+00 0.00000 
   11   11    1    1    1    1    1    1    1    1  0.00000E+00 0.00000 
   12   12    1    1    1    1    1    1    1    1  1.04827E+08 0.49514 
   13   13    1    1    1    1    1    1    1    1  6.46929E+08 0.84808 
   14   14    1    1    1    1    1    1    1    1  4.67288E+08 0.77480 
   15   15    1    1    1    1    1    1    1    1  2.07385E+09 0.51085 
   16   16    1    1    1    1    1    1    1    1  9.13741E+08 0.42294 
   17   17    1    1    1    1    1    1    1    1  1.31171E+09 0.36719 
   18   18    1    1    1    1    1    1    1    1  4.47927E+09 0.31191 
   19   19    1    1    1    1    1    1    1    1  4.64980E+09 0.26083 
   20   20    1    1    1    1    1    1    1    1  2.61334E+10 0.15110 
   21   21    1    1    1    1    1    1    1    1  1.63523E+10 0.13516 
   22   22    1    1    1    1    1    1    1    1  3.31449E+10 0.11304 
   23   23    1    1    1    1    1    1    1    1  5.70791E+10 0.07988 
   24   24    1    1    1    1    1    1    1    1  9.43958E+10 0.09404 
   25   25    1    1    1    1    1    1    1    1  1.09303E+11 0.06778 
   26   26    1    1    1    1    1    1    1    1  1.80312E+11 0.06833 
   27   27    1    1    1    1    1    1    1    1  3.24639E+11 0.03367 
   28   28    1    1    1    1    1    1    1    1  5.68945E+11 0.03019 
   29   29    1    1    1    1    1    1    1    1  7.62100E+11 0.02374 
   30   30    1    1    1    1    1    1    1    1  2.45933E+12 0.02027 
   31   31    1    1    1    1    1    1    1    1  7.55041E+12 0.01031 
   32   32    1    1    1    1    1    1    1    1  1.40156E+13 0.00972 
   33   33    1    1    1    1    1    1    1    1  3.09451E+13 0.00703 
   34   34    1    1    1    1    1    1    1    1  4.09372E+13 0.00448 
   35   35    1    1    1    1    1    1    1    1  5.91967E+13 0.00418 
   36   36    1    1    1    1    1    1    1    1  4.15707E+13 0.00445 
   37   37    1    1    1    1    1    1    1    1  1.32378E+13 0.00516 
   38   38    1    1    1    1    1    1    1    1  7.10444E+13 0.00380 
   39   39    1    1    1    1    1    1    1    1  9.49443E+13 0.00399 
   40   40    1    1    1    1    1    1    1    1  1.57997E+14 0.00394 
   41   41    1    1    1    1    1    1    1    1  1.65058E+14 0.00250 
   42   42    1    1    1    1    1    1    1    1  3.39020E+14 0.00288 
   43   43    1    1    1    1    1    1    1    1  4.05476E+14 0.00323 
   44   44    1    1    1    1    1    1    1    1  5.77488E+14 0.00312 
   45   45    1    1    1    1    1    1    1    1  1.09787E+15 0.00295 
   46   46    1    1    1    1    1    1    1    1  5.14429E+14 0.00307 
   47   47    1    1    1    1    1    1    1    1  8.38389E+14 0.00313 
   48   48    1    1    1    1    1    1    1    1  1.15515E+15 0.00297 
   49   49    1    1    1    1    1    1    1    1  1.14793E+15 0.00280 
   50   50    1    1    1    1    1    1    1    1  1.73169E+15 0.00250 
   51   51    1    1    1    1    1    1    1    1  1.40325E+15 0.00265 
   52   52    1    1    1    1    1    1    1    1  1.60270E+15 0.00292 
   53   53    1    1    1    1    1    1    1    1  1.11393E+15 0.00297 
   54   54    1    1    1    1    1    1    1    1  1.31256E+15 0.00301 
   55   55    1    1    1    1    1    1    1    1  9.06559E+14 0.00304 
   56   56    1    1    1    1    1    1    1    1  1.24614E+14 0.00378 
   57   57    1    1    1    1    1    1    1    1  1.79839E+15 0.00333 
   58   58    1    1    1    1    1    1    1    1  7.65818E+14 0.00311 
   59   59    1    1    1    1    1    1    1    1  8.17522E+14 0.00312 
   60   60    1    1    1    1    1    1    1    1  6.14792E+14 0.00294 
   61   61    1    1    1    1    1    1    1    1  6.19184E+14 0.00352 
   62   62    1    1    1    1    1    1    1    1  6.39317E+14 0.00302 
   63   63    1    1    1    1    1    1    1    1  5.31124E+14 0.00293 
   64   64    1    1    1    1    1    1    1    1  4.21960E+14 0.00369 
   65   65    1    1    1    1    1    1    1    1  4.17009E+14 0.00311 
   66   66    1    1    1    1    1    1    1    1  2.98496E+14 0.00390 
   67   67    1    1    1    1    1    1    1    1  2.45808E+14 0.00377 
   68   68    1    1    1    1    1    1    1    1  2.20744E+14 0.00398 
   69   69    1    1    1    1    1    1    1    1  2.65064E+14 0.00409 
   70   70    1    1    1    1    1    1    1    1  2.25923E+14 0.00366 
   71   71    1    1    1    1    1    1    1    1  4.19349E+14 0.00360 
   72   72    1    1    1    1    1    1    1    1  2.96824E+14 0.00429 
   73   73    1    1    1    1    1    1    1    1  2.21792E+14 0.00428 
   74   74    1    1    1    1    1    1    1    1  1.73434E+14 0.00423 
   75   75    1    1    1    1    1    1    1    1  1.40603E+14 0.00431 
   76   76    1    1    1    1    1    1    1    1  1.59303E+14 0.00430 
   77   77    1    1    1    1    1    1    1    1  1.23198E+14 0.00449 
   78   78    1    1    1    1    1    1    1    1  9.66231E+13 0.00471 
   79   79    1    1    1    1    1    1    1    1  9.76420E+13 0.00439 
   80   80    1    1    1    1    1    1    1    1  7.13562E+13 0.00573 
   81   81    1    1    1    1    1    1    1    1  5.48761E+13 0.00456 
   82   82    1    1    1    1    1    1    1    1  4.23105E+13 0.00703 
   83   83    1    1    1    1    1    1    1    1  3.95826E+13 0.00607 
   84   84    1    1    1    1    1    1    1    1  2.83225E+13 0.00583 
   85   85    1    1    1    1    1    1    1    1  2.03961E+13 0.00696 
   86   86    1    1    1    1    1    1    1    1  1.90346E+13 0.00809 
   87   87    1    1    1    1    1    1    1    1  1.18666E+13 0.00840 
   88   88    1    1    1    1    1    1    1    1  7.98402E+12 0.00670 
   89   89    1    1    1    1    1    1    1    1  4.47794E+12 0.01034 
   90   90    1    1    1    1    1    1    1    1  3.06490E+12 0.01623 
   91   91    1    1    1    1    1    1    1    1  1.53435E+12 0.02766 
   92   92    1    1    1    1    1    1    1    1  7.64526E+11 0.03838 
   93   93    1    1    1    1    1    1    1    1  3.61913E+11 0.03796 
   94   94    1    1    1    1    1    1    1    1  1.80035E+11 0.06221 
   95   95    1    1    1    1    1    1    1    1  9.84097E+10 0.08883 
   96   96    1    1    1    1    1    1    1    1  5.35563E+10 0.12003 
   97   97    1    1    1    1    1    1    1    1  1.93197E+10 0.23572 
   98   98    1    1    1    1    1    1    1    1  1.33201E+10 0.23454 
   99   99    1    1    1    1    1    1    1    1  5.97434E+09 0.35909 
  100  100    1    1    1    1    1    1    1    1  4.14960E+09 0.51420 
];


