
DETdpaspec = [
    1    1    1    1    1    1    1    1    1    1  0.00000E+00 0.00000 
    2    2    1    1    1    1    1    1    1    1  0.00000E+00 0.00000 
    3    3    1    1    1    1    1    1    1    1  0.00000E+00 0.00000 
    4    4    1    1    1    1    1    1    1    1  0.00000E+00 0.00000 
    5    5    1    1    1    1    1    1    1    1  0.00000E+00 0.00000 
    6    6    1    1    1    1    1    1    1    1  0.00000E+00 0.00000 
    7    7    1    1    1    1    1    1    1    1  0.00000E+00 0.00000 
    8    8    1    1    1    1    1    1    1    1  0.00000E+00 0.00000 
    9    9    1    1    1    1    1    1    1    1  1.44027E+07 1.00000 
   10   10    1    1    1    1    1    1    1    1  0.00000E+00 0.00000 
   11   11    1    1    1    1    1    1    1    1  0.00000E+00 0.00000 
   12   12    1    1    1    1    1    1    1    1  1.89460E+08 0.63339 
   13   13    1    1    1    1    1    1    1    1  2.02730E+09 0.45013 
   14   14    1    1    1    1    1    1    1    1  6.20415E+09 0.41286 
   15   15    1    1    1    1    1    1    1    1  6.27161E+09 0.41511 
   16   16    1    1    1    1    1    1    1    1  2.05844E+09 0.37709 
   17   17    1    1    1    1    1    1    1    1  4.39357E+09 0.28878 
   18   18    1    1    1    1    1    1    1    1  9.12999E+09 0.26209 
   19   19    1    1    1    1    1    1    1    1  1.21330E+10 0.23174 
   20   20    1    1    1    1    1    1    1    1  4.86002E+10 0.13190 
   21   21    1    1    1    1    1    1    1    1  3.03066E+10 0.15445 
   22   22    1    1    1    1    1    1    1    1  6.61446E+10 0.11003 
   23   23    1    1    1    1    1    1    1    1  1.10494E+11 0.06882 
   24   24    1    1    1    1    1    1    1    1  1.98247E+11 0.06536 
   25   25    1    1    1    1    1    1    1    1  2.37265E+11 0.05509 
   26   26    1    1    1    1    1    1    1    1  3.47593E+11 0.02745 
   27   27    1    1    1    1    1    1    1    1  6.47953E+11 0.04086 
   28   28    1    1    1    1    1    1    1    1  1.37835E+12 0.02395 
   29   29    1    1    1    1    1    1    1    1  2.32899E+12 0.02147 
   30   30    1    1    1    1    1    1    1    1  6.70344E+12 0.01459 
   31   31    1    1    1    1    1    1    1    1  2.11661E+13 0.00837 
   32   32    1    1    1    1    1    1    1    1  3.99355E+13 0.00574 
   33   33    1    1    1    1    1    1    1    1  9.65049E+13 0.00387 
   34   34    1    1    1    1    1    1    1    1  1.36039E+14 0.00260 
   35   35    1    1    1    1    1    1    1    1  1.77848E+14 0.00157 
   36   36    1    1    1    1    1    1    1    1  1.20607E+14 0.00198 
   37   37    1    1    1    1    1    1    1    1  3.69425E+13 0.00226 
   38   38    1    1    1    1    1    1    1    1  2.08459E+14 0.00174 
   39   39    1    1    1    1    1    1    1    1  2.83164E+14 0.00176 
   40   40    1    1    1    1    1    1    1    1  4.87479E+14 0.00154 
   41   41    1    1    1    1    1    1    1    1  4.95719E+14 0.00131 
   42   42    1    1    1    1    1    1    1    1  1.06873E+15 0.00138 
   43   43    1    1    1    1    1    1    1    1  1.30638E+15 0.00086 
   44   44    1    1    1    1    1    1    1    1  1.91043E+15 0.00083 
   45   45    1    1    1    1    1    1    1    1  3.84008E+15 0.00073 
   46   46    1    1    1    1    1    1    1    1  1.79473E+15 0.00081 
   47   47    1    1    1    1    1    1    1    1  2.91268E+15 0.00073 
   48   48    1    1    1    1    1    1    1    1  4.08197E+15 0.00089 
   49   49    1    1    1    1    1    1    1    1  4.06304E+15 0.00084 
   50   50    1    1    1    1    1    1    1    1  6.35871E+15 0.00083 
   51   51    1    1    1    1    1    1    1    1  5.08739E+15 0.00090 
   52   52    1    1    1    1    1    1    1    1  6.07782E+15 0.00074 
   53   53    1    1    1    1    1    1    1    1  4.22885E+15 0.00086 
   54   54    1    1    1    1    1    1    1    1  5.18460E+15 0.00072 
   55   55    1    1    1    1    1    1    1    1  3.56806E+15 0.00077 
   56   56    1    1    1    1    1    1    1    1  4.85632E+14 0.00113 
   57   57    1    1    1    1    1    1    1    1  7.10910E+15 0.00073 
   58   58    1    1    1    1    1    1    1    1  3.17484E+15 0.00074 
   59   59    1    1    1    1    1    1    1    1  3.37945E+15 0.00073 
   60   60    1    1    1    1    1    1    1    1  2.63007E+15 0.00073 
   61   61    1    1    1    1    1    1    1    1  2.63787E+15 0.00080 
   62   62    1    1    1    1    1    1    1    1  2.75653E+15 0.00083 
   63   63    1    1    1    1    1    1    1    1  2.32336E+15 0.00090 
   64   64    1    1    1    1    1    1    1    1  1.84992E+15 0.00104 
   65   65    1    1    1    1    1    1    1    1  1.84064E+15 0.00083 
   66   66    1    1    1    1    1    1    1    1  1.32405E+15 0.00112 
   67   67    1    1    1    1    1    1    1    1  1.07917E+15 0.00132 
   68   68    1    1    1    1    1    1    1    1  9.69049E+14 0.00132 
   69   69    1    1    1    1    1    1    1    1  1.16394E+15 0.00161 
   70   70    1    1    1    1    1    1    1    1  9.92510E+14 0.00161 
   71   71    1    1    1    1    1    1    1    1  1.80615E+15 0.00126 
   72   72    1    1    1    1    1    1    1    1  1.27794E+15 0.00116 
   73   73    1    1    1    1    1    1    1    1  9.62106E+14 0.00114 
   74   74    1    1    1    1    1    1    1    1  7.72788E+14 0.00119 
   75   75    1    1    1    1    1    1    1    1  6.42394E+14 0.00170 
   76   76    1    1    1    1    1    1    1    1  7.42283E+14 0.00157 
   77   77    1    1    1    1    1    1    1    1  5.86345E+14 0.00113 
   78   78    1    1    1    1    1    1    1    1  4.68426E+14 0.00182 
   79   79    1    1    1    1    1    1    1    1  4.83802E+14 0.00176 
   80   80    1    1    1    1    1    1    1    1  3.58879E+14 0.00137 
   81   81    1    1    1    1    1    1    1    1  2.75635E+14 0.00200 
   82   82    1    1    1    1    1    1    1    1  2.11599E+14 0.00288 
   83   83    1    1    1    1    1    1    1    1  1.97481E+14 0.00223 
   84   84    1    1    1    1    1    1    1    1  1.42281E+14 0.00313 
   85   85    1    1    1    1    1    1    1    1  1.03173E+14 0.00238 
   86   86    1    1    1    1    1    1    1    1  9.64607E+13 0.00301 
   87   87    1    1    1    1    1    1    1    1  5.92634E+13 0.00405 
   88   88    1    1    1    1    1    1    1    1  3.97239E+13 0.00524 
   89   89    1    1    1    1    1    1    1    1  2.30229E+13 0.00578 
   90   90    1    1    1    1    1    1    1    1  1.49547E+13 0.00705 
   91   91    1    1    1    1    1    1    1    1  7.82181E+12 0.01254 
   92   92    1    1    1    1    1    1    1    1  3.71804E+12 0.01424 
   93   93    1    1    1    1    1    1    1    1  1.73619E+12 0.02759 
   94   94    1    1    1    1    1    1    1    1  8.58173E+11 0.02628 
   95   95    1    1    1    1    1    1    1    1  4.03715E+11 0.04733 
   96   96    1    1    1    1    1    1    1    1  1.85908E+11 0.06190 
   97   97    1    1    1    1    1    1    1    1  1.08156E+11 0.11173 
   98   98    1    1    1    1    1    1    1    1  3.72429E+10 0.13999 
   99   99    1    1    1    1    1    1    1    1  1.92060E+10 0.19657 
  100  100    1    1    1    1    1    1    1    1  1.63319E+10 0.26946 
];


