
DETdpaspec = [
    1    1    1    1    1    1    1    1    1    1  0.00000E+00 0.00000 
    2    2    1    1    1    1    1    1    1    1  0.00000E+00 0.00000 
    3    3    1    1    1    1    1    1    1    1  0.00000E+00 0.00000 
    4    4    1    1    1    1    1    1    1    1  0.00000E+00 0.00000 
    5    5    1    1    1    1    1    1    1    1  0.00000E+00 0.00000 
    6    6    1    1    1    1    1    1    1    1  9.21066E+06 1.00000 
    7    7    1    1    1    1    1    1    1    1  0.00000E+00 0.00000 
    8    8    1    1    1    1    1    1    1    1  0.00000E+00 0.00000 
    9    9    1    1    1    1    1    1    1    1  0.00000E+00 0.00000 
   10   10    1    1    1    1    1    1    1    1  1.17175E+08 1.00000 
   11   11    1    1    1    1    1    1    1    1  1.80053E+08 1.00000 
   12   12    1    1    1    1    1    1    1    1  2.38705E+07 1.00000 
   13   13    1    1    1    1    1    1    1    1  1.56811E+09 0.52086 
   14   14    1    1    1    1    1    1    1    1  2.71793E+09 0.43975 
   15   15    1    1    1    1    1    1    1    1  2.55671E+09 0.51702 
   16   16    1    1    1    1    1    1    1    1  5.17268E+08 0.33883 
   17   17    1    1    1    1    1    1    1    1  1.78619E+09 0.29620 
   18   18    1    1    1    1    1    1    1    1  6.91927E+09 0.22984 
   19   19    1    1    1    1    1    1    1    1  7.75991E+09 0.16594 
   20   20    1    1    1    1    1    1    1    1  2.21376E+10 0.22518 
   21   21    1    1    1    1    1    1    1    1  1.70411E+10 0.15264 
   22   22    1    1    1    1    1    1    1    1  5.04045E+10 0.10922 
   23   23    1    1    1    1    1    1    1    1  6.93599E+10 0.07519 
   24   24    1    1    1    1    1    1    1    1  1.13765E+11 0.07303 
   25   25    1    1    1    1    1    1    1    1  1.30223E+11 0.05727 
   26   26    1    1    1    1    1    1    1    1  2.24983E+11 0.04701 
   27   27    1    1    1    1    1    1    1    1  4.08303E+11 0.04127 
   28   28    1    1    1    1    1    1    1    1  6.96380E+11 0.03225 
   29   29    1    1    1    1    1    1    1    1  9.27274E+11 0.03041 
   30   30    1    1    1    1    1    1    1    1  3.02255E+12 0.01739 
   31   31    1    1    1    1    1    1    1    1  9.37672E+12 0.01014 
   32   32    1    1    1    1    1    1    1    1  1.74698E+13 0.00684 
   33   33    1    1    1    1    1    1    1    1  3.90143E+13 0.00595 
   34   34    1    1    1    1    1    1    1    1  5.18935E+13 0.00457 
   35   35    1    1    1    1    1    1    1    1  7.47890E+13 0.00456 
   36   36    1    1    1    1    1    1    1    1  5.22338E+13 0.00432 
   37   37    1    1    1    1    1    1    1    1  1.66204E+13 0.00336 
   38   38    1    1    1    1    1    1    1    1  8.99377E+13 0.00333 
   39   39    1    1    1    1    1    1    1    1  1.20631E+14 0.00291 
   40   40    1    1    1    1    1    1    1    1  2.02065E+14 0.00234 
   41   41    1    1    1    1    1    1    1    1  2.11146E+14 0.00248 
   42   42    1    1    1    1    1    1    1    1  4.36413E+14 0.00218 
   43   43    1    1    1    1    1    1    1    1  5.24374E+14 0.00217 
   44   44    1    1    1    1    1    1    1    1  7.49020E+14 0.00213 
   45   45    1    1    1    1    1    1    1    1  1.43626E+15 0.00166 
   46   46    1    1    1    1    1    1    1    1  6.73673E+14 0.00200 
   47   47    1    1    1    1    1    1    1    1  1.09721E+15 0.00227 
   48   48    1    1    1    1    1    1    1    1  1.51443E+15 0.00197 
   49   49    1    1    1    1    1    1    1    1  1.50461E+15 0.00184 
   50   50    1    1    1    1    1    1    1    1  2.28073E+15 0.00175 
   51   51    1    1    1    1    1    1    1    1  1.84553E+15 0.00209 
   52   52    1    1    1    1    1    1    1    1  2.11834E+15 0.00193 
   53   53    1    1    1    1    1    1    1    1  1.47312E+15 0.00189 
   54   54    1    1    1    1    1    1    1    1  1.74462E+15 0.00193 
   55   55    1    1    1    1    1    1    1    1  1.20515E+15 0.00204 
   56   56    1    1    1    1    1    1    1    1  1.65134E+14 0.00266 
   57   57    1    1    1    1    1    1    1    1  2.39337E+15 0.00214 
   58   58    1    1    1    1    1    1    1    1  1.02437E+15 0.00232 
   59   59    1    1    1    1    1    1    1    1  1.09283E+15 0.00207 
   60   60    1    1    1    1    1    1    1    1  8.26806E+14 0.00218 
   61   61    1    1    1    1    1    1    1    1  8.32343E+14 0.00236 
   62   62    1    1    1    1    1    1    1    1  8.59696E+14 0.00191 
   63   63    1    1    1    1    1    1    1    1  7.15812E+14 0.00211 
   64   64    1    1    1    1    1    1    1    1  5.68544E+14 0.00207 
   65   65    1    1    1    1    1    1    1    1  5.60903E+14 0.00230 
   66   66    1    1    1    1    1    1    1    1  4.02201E+14 0.00250 
   67   67    1    1    1    1    1    1    1    1  3.29711E+14 0.00244 
   68   68    1    1    1    1    1    1    1    1  2.97223E+14 0.00278 
   69   69    1    1    1    1    1    1    1    1  3.55787E+14 0.00296 
   70   70    1    1    1    1    1    1    1    1  3.02976E+14 0.00291 
   71   71    1    1    1    1    1    1    1    1  5.61859E+14 0.00358 
   72   72    1    1    1    1    1    1    1    1  3.96930E+14 0.00246 
   73   73    1    1    1    1    1    1    1    1  2.97837E+14 0.00258 
   74   74    1    1    1    1    1    1    1    1  2.33929E+14 0.00276 
   75   75    1    1    1    1    1    1    1    1  1.89819E+14 0.00279 
   76   76    1    1    1    1    1    1    1    1  2.14785E+14 0.00324 
   77   77    1    1    1    1    1    1    1    1  1.66824E+14 0.00237 
   78   78    1    1    1    1    1    1    1    1  1.30753E+14 0.00340 
   79   79    1    1    1    1    1    1    1    1  1.32876E+14 0.00310 
   80   80    1    1    1    1    1    1    1    1  9.75579E+13 0.00346 
   81   81    1    1    1    1    1    1    1    1  7.49230E+13 0.00410 
   82   82    1    1    1    1    1    1    1    1  5.73775E+13 0.00423 
   83   83    1    1    1    1    1    1    1    1  5.36148E+13 0.00475 
   84   84    1    1    1    1    1    1    1    1  3.88641E+13 0.00536 
   85   85    1    1    1    1    1    1    1    1  2.78630E+13 0.00540 
   86   86    1    1    1    1    1    1    1    1  2.60321E+13 0.00658 
   87   87    1    1    1    1    1    1    1    1  1.59512E+13 0.00607 
   88   88    1    1    1    1    1    1    1    1  1.09682E+13 0.01170 
   89   89    1    1    1    1    1    1    1    1  6.31941E+12 0.01288 
   90   90    1    1    1    1    1    1    1    1  4.25529E+12 0.01531 
   91   91    1    1    1    1    1    1    1    1  2.11217E+12 0.02011 
   92   92    1    1    1    1    1    1    1    1  9.77290E+11 0.02863 
   93   93    1    1    1    1    1    1    1    1  4.86931E+11 0.03169 
   94   94    1    1    1    1    1    1    1    1  2.38187E+11 0.06900 
   95   95    1    1    1    1    1    1    1    1  1.21439E+11 0.08990 
   96   96    1    1    1    1    1    1    1    1  5.45333E+10 0.11592 
   97   97    1    1    1    1    1    1    1    1  2.45683E+10 0.16536 
   98   98    1    1    1    1    1    1    1    1  1.02264E+10 0.46700 
   99   99    1    1    1    1    1    1    1    1  4.43594E+09 0.49954 
  100  100    1    1    1    1    1    1    1    1  6.39828E+09 0.39467 
];


