
DETdpaspec = [
    1    1    1    1    1    1    1    1    1    1  0.00000E+00 0.00000 
    2    2    1    1    1    1    1    1    1    1  0.00000E+00 0.00000 
    3    3    1    1    1    1    1    1    1    1  0.00000E+00 0.00000 
    4    4    1    1    1    1    1    1    1    1  0.00000E+00 0.00000 
    5    5    1    1    1    1    1    1    1    1  0.00000E+00 0.00000 
    6    6    1    1    1    1    1    1    1    1  0.00000E+00 0.00000 
    7    7    1    1    1    1    1    1    1    1  0.00000E+00 0.00000 
    8    8    1    1    1    1    1    1    1    1  0.00000E+00 0.00000 
    9    9    1    1    1    1    1    1    1    1  0.00000E+00 0.00000 
   10   10    1    1    1    1    1    1    1    1  1.27940E+08 0.69261 
   11   11    1    1    1    1    1    1    1    1  1.52710E+08 0.54811 
   12   12    1    1    1    1    1    1    1    1  5.88914E+07 0.55112 
   13   13    1    1    1    1    1    1    1    1  1.26123E+09 0.43103 
   14   14    1    1    1    1    1    1    1    1  2.41682E+09 0.44537 
   15   15    1    1    1    1    1    1    1    1  7.54284E+09 0.32888 
   16   16    1    1    1    1    1    1    1    1  1.82594E+09 0.38599 
   17   17    1    1    1    1    1    1    1    1  1.56569E+09 0.37689 
   18   18    1    1    1    1    1    1    1    1  5.84503E+09 0.29475 
   19   19    1    1    1    1    1    1    1    1  9.06654E+09 0.25057 
   20   20    1    1    1    1    1    1    1    1  3.28824E+10 0.12998 
   21   21    1    1    1    1    1    1    1    1  2.43032E+10 0.10428 
   22   22    1    1    1    1    1    1    1    1  5.74881E+10 0.10017 
   23   23    1    1    1    1    1    1    1    1  7.77811E+10 0.05619 
   24   24    1    1    1    1    1    1    1    1  1.32593E+11 0.05615 
   25   25    1    1    1    1    1    1    1    1  1.49177E+11 0.05737 
   26   26    1    1    1    1    1    1    1    1  2.44350E+11 0.04924 
   27   27    1    1    1    1    1    1    1    1  4.72925E+11 0.04770 
   28   28    1    1    1    1    1    1    1    1  8.81626E+11 0.02321 
   29   29    1    1    1    1    1    1    1    1  1.24285E+12 0.02056 
   30   30    1    1    1    1    1    1    1    1  3.80545E+12 0.01508 
   31   31    1    1    1    1    1    1    1    1  1.15648E+13 0.00888 
   32   32    1    1    1    1    1    1    1    1  2.18826E+13 0.00668 
   33   33    1    1    1    1    1    1    1    1  4.97739E+13 0.00353 
   34   34    1    1    1    1    1    1    1    1  6.72656E+13 0.00268 
   35   35    1    1    1    1    1    1    1    1  9.63219E+13 0.00339 
   36   36    1    1    1    1    1    1    1    1  6.74479E+13 0.00311 
   37   37    1    1    1    1    1    1    1    1  2.13236E+13 0.00311 
   38   38    1    1    1    1    1    1    1    1  1.16347E+14 0.00212 
   39   39    1    1    1    1    1    1    1    1  1.56143E+14 0.00236 
   40   40    1    1    1    1    1    1    1    1  2.62898E+14 0.00219 
   41   41    1    1    1    1    1    1    1    1  2.73739E+14 0.00180 
   42   42    1    1    1    1    1    1    1    1  5.69172E+14 0.00189 
   43   43    1    1    1    1    1    1    1    1  6.87308E+14 0.00140 
   44   44    1    1    1    1    1    1    1    1  9.86884E+14 0.00125 
   45   45    1    1    1    1    1    1    1    1  1.91289E+15 0.00121 
   46   46    1    1    1    1    1    1    1    1  9.00604E+14 0.00159 
   47   47    1    1    1    1    1    1    1    1  1.46777E+15 0.00154 
   48   48    1    1    1    1    1    1    1    1  2.03588E+15 0.00142 
   49   49    1    1    1    1    1    1    1    1  2.02379E+15 0.00127 
   50   50    1    1    1    1    1    1    1    1  3.08480E+15 0.00126 
   51   51    1    1    1    1    1    1    1    1  2.49885E+15 0.00126 
   52   52    1    1    1    1    1    1    1    1  2.88901E+15 0.00160 
   53   53    1    1    1    1    1    1    1    1  2.01294E+15 0.00172 
   54   54    1    1    1    1    1    1    1    1  2.39733E+15 0.00126 
   55   55    1    1    1    1    1    1    1    1  1.65369E+15 0.00152 
   56   56    1    1    1    1    1    1    1    1  2.26531E+14 0.00190 
   57   57    1    1    1    1    1    1    1    1  3.28710E+15 0.00145 
   58   58    1    1    1    1    1    1    1    1  1.41519E+15 0.00171 
   59   59    1    1    1    1    1    1    1    1  1.51503E+15 0.00160 
   60   60    1    1    1    1    1    1    1    1  1.15179E+15 0.00155 
   61   61    1    1    1    1    1    1    1    1  1.15712E+15 0.00125 
   62   62    1    1    1    1    1    1    1    1  1.19938E+15 0.00154 
   63   63    1    1    1    1    1    1    1    1  1.00040E+15 0.00167 
   64   64    1    1    1    1    1    1    1    1  7.95121E+14 0.00161 
   65   65    1    1    1    1    1    1    1    1  7.85969E+14 0.00158 
   66   66    1    1    1    1    1    1    1    1  5.63918E+14 0.00174 
   67   67    1    1    1    1    1    1    1    1  4.62620E+14 0.00197 
   68   68    1    1    1    1    1    1    1    1  4.16342E+14 0.00258 
   69   69    1    1    1    1    1    1    1    1  4.99662E+14 0.00199 
   70   70    1    1    1    1    1    1    1    1  4.25125E+14 0.00206 
   71   71    1    1    1    1    1    1    1    1  7.88593E+14 0.00197 
   72   72    1    1    1    1    1    1    1    1  5.58770E+14 0.00247 
   73   73    1    1    1    1    1    1    1    1  4.17180E+14 0.00244 
   74   74    1    1    1    1    1    1    1    1  3.30069E+14 0.00225 
   75   75    1    1    1    1    1    1    1    1  2.68092E+14 0.00189 
   76   76    1    1    1    1    1    1    1    1  3.06407E+14 0.00169 
   77   77    1    1    1    1    1    1    1    1  2.37479E+14 0.00202 
   78   78    1    1    1    1    1    1    1    1  1.86115E+14 0.00233 
   79   79    1    1    1    1    1    1    1    1  1.90248E+14 0.00250 
   80   80    1    1    1    1    1    1    1    1  1.40123E+14 0.00291 
   81   81    1    1    1    1    1    1    1    1  1.07213E+14 0.00192 
   82   82    1    1    1    1    1    1    1    1  8.20282E+13 0.00396 
   83   83    1    1    1    1    1    1    1    1  7.67051E+13 0.00387 
   84   84    1    1    1    1    1    1    1    1  5.51302E+13 0.00399 
   85   85    1    1    1    1    1    1    1    1  3.99736E+13 0.00626 
   86   86    1    1    1    1    1    1    1    1  3.70352E+13 0.00625 
   87   87    1    1    1    1    1    1    1    1  2.30951E+13 0.00593 
   88   88    1    1    1    1    1    1    1    1  1.56805E+13 0.00722 
   89   89    1    1    1    1    1    1    1    1  8.97472E+12 0.01040 
   90   90    1    1    1    1    1    1    1    1  5.98194E+12 0.01279 
   91   91    1    1    1    1    1    1    1    1  3.07159E+12 0.01566 
   92   92    1    1    1    1    1    1    1    1  1.48804E+12 0.02784 
   93   93    1    1    1    1    1    1    1    1  6.85790E+11 0.03593 
   94   94    1    1    1    1    1    1    1    1  3.06119E+11 0.03012 
   95   95    1    1    1    1    1    1    1    1  1.65302E+11 0.07401 
   96   96    1    1    1    1    1    1    1    1  8.91502E+10 0.07693 
   97   97    1    1    1    1    1    1    1    1  4.24079E+10 0.10631 
   98   98    1    1    1    1    1    1    1    1  1.92834E+10 0.18902 
   99   99    1    1    1    1    1    1    1    1  1.20415E+10 0.28403 
  100  100    1    1    1    1    1    1    1    1  8.97223E+09 0.34256 
];


