
DETdpaspec = [
    1    1    1    1    1    1    1    1    1    1  0.00000E+00 0.00000 
    2    2    1    1    1    1    1    1    1    1  0.00000E+00 0.00000 
    3    3    1    1    1    1    1    1    1    1  0.00000E+00 0.00000 
    4    4    1    1    1    1    1    1    1    1  0.00000E+00 0.00000 
    5    5    1    1    1    1    1    1    1    1  0.00000E+00 0.00000 
    6    6    1    1    1    1    1    1    1    1  0.00000E+00 0.00000 
    7    7    1    1    1    1    1    1    1    1  0.00000E+00 0.00000 
    8    8    1    1    1    1    1    1    1    1  0.00000E+00 0.00000 
    9    9    1    1    1    1    1    1    1    1  9.82100E+06 1.00000 
   10   10    1    1    1    1    1    1    1    1  1.97860E+08 0.47079 
   11   11    1    1    1    1    1    1    1    1  4.09477E+08 0.51304 
   12   12    1    1    1    1    1    1    1    1  3.64512E+07 0.91028 
   13   13    1    1    1    1    1    1    1    1  6.97085E+08 0.59383 
   14   14    1    1    1    1    1    1    1    1  3.72886E+09 0.31714 
   15   15    1    1    1    1    1    1    1    1  5.63368E+09 0.54305 
   16   16    1    1    1    1    1    1    1    1  2.01883E+09 0.27569 
   17   17    1    1    1    1    1    1    1    1  3.03841E+09 0.27617 
   18   18    1    1    1    1    1    1    1    1  6.64632E+09 0.17861 
   19   19    1    1    1    1    1    1    1    1  1.05200E+10 0.19117 
   20   20    1    1    1    1    1    1    1    1  4.54022E+10 0.17408 
   21   21    1    1    1    1    1    1    1    1  3.17946E+10 0.10478 
   22   22    1    1    1    1    1    1    1    1  7.35725E+10 0.11862 
   23   23    1    1    1    1    1    1    1    1  1.12829E+11 0.07549 
   24   24    1    1    1    1    1    1    1    1  1.63050E+11 0.06555 
   25   25    1    1    1    1    1    1    1    1  2.02858E+11 0.05716 
   26   26    1    1    1    1    1    1    1    1  3.42665E+11 0.04916 
   27   27    1    1    1    1    1    1    1    1  5.81728E+11 0.03968 
   28   28    1    1    1    1    1    1    1    1  1.16447E+12 0.02503 
   29   29    1    1    1    1    1    1    1    1  1.78021E+12 0.01444 
   30   30    1    1    1    1    1    1    1    1  5.26482E+12 0.01235 
   31   31    1    1    1    1    1    1    1    1  1.67825E+13 0.00857 
   32   32    1    1    1    1    1    1    1    1  3.22292E+13 0.00519 
   33   33    1    1    1    1    1    1    1    1  7.61647E+13 0.00407 
   34   34    1    1    1    1    1    1    1    1  1.05468E+14 0.00328 
   35   35    1    1    1    1    1    1    1    1  1.45989E+14 0.00269 
   36   36    1    1    1    1    1    1    1    1  1.00768E+14 0.00249 
   37   37    1    1    1    1    1    1    1    1  3.12690E+13 0.00196 
   38   38    1    1    1    1    1    1    1    1  1.74390E+14 0.00188 
   39   39    1    1    1    1    1    1    1    1  2.35389E+14 0.00152 
   40   40    1    1    1    1    1    1    1    1  4.03400E+14 0.00188 
   41   41    1    1    1    1    1    1    1    1  4.15206E+14 0.00130 
   42   42    1    1    1    1    1    1    1    1  8.81165E+14 0.00102 
   43   43    1    1    1    1    1    1    1    1  1.07571E+15 0.00084 
   44   44    1    1    1    1    1    1    1    1  1.56429E+15 0.00100 
   45   45    1    1    1    1    1    1    1    1  3.09930E+15 0.00067 
   46   46    1    1    1    1    1    1    1    1  1.46113E+15 0.00063 
   47   47    1    1    1    1    1    1    1    1  2.37811E+15 0.00076 
   48   48    1    1    1    1    1    1    1    1  3.32289E+15 0.00087 
   49   49    1    1    1    1    1    1    1    1  3.31417E+15 0.00098 
   50   50    1    1    1    1    1    1    1    1  5.13437E+15 0.00094 
   51   51    1    1    1    1    1    1    1    1  4.13992E+15 0.00085 
   52   52    1    1    1    1    1    1    1    1  4.88443E+15 0.00083 
   53   53    1    1    1    1    1    1    1    1  3.40366E+15 0.00062 
   54   54    1    1    1    1    1    1    1    1  4.12144E+15 0.00064 
   55   55    1    1    1    1    1    1    1    1  2.84139E+15 0.00065 
   56   56    1    1    1    1    1    1    1    1  3.87331E+14 0.00111 
   57   57    1    1    1    1    1    1    1    1  5.66572E+15 0.00073 
   58   58    1    1    1    1    1    1    1    1  2.48685E+15 0.00084 
   59   59    1    1    1    1    1    1    1    1  2.65940E+15 0.00089 
   60   60    1    1    1    1    1    1    1    1  2.04979E+15 0.00088 
   61   61    1    1    1    1    1    1    1    1  2.05820E+15 0.00104 
   62   62    1    1    1    1    1    1    1    1  2.14324E+15 0.00099 
   63   63    1    1    1    1    1    1    1    1  1.80212E+15 0.00111 
   64   64    1    1    1    1    1    1    1    1  1.43513E+15 0.00113 
   65   65    1    1    1    1    1    1    1    1  1.42225E+15 0.00107 
   66   66    1    1    1    1    1    1    1    1  1.02418E+15 0.00112 
   67   67    1    1    1    1    1    1    1    1  8.37822E+14 0.00120 
   68   68    1    1    1    1    1    1    1    1  7.52385E+14 0.00114 
   69   69    1    1    1    1    1    1    1    1  9.05065E+14 0.00130 
   70   70    1    1    1    1    1    1    1    1  7.69780E+14 0.00124 
   71   71    1    1    1    1    1    1    1    1  1.40991E+15 0.00102 
   72   72    1    1    1    1    1    1    1    1  1.00137E+15 0.00130 
   73   73    1    1    1    1    1    1    1    1  7.51284E+14 0.00133 
   74   74    1    1    1    1    1    1    1    1  5.98844E+14 0.00154 
   75   75    1    1    1    1    1    1    1    1  4.92319E+14 0.00163 
   76   76    1    1    1    1    1    1    1    1  5.66868E+14 0.00130 
   77   77    1    1    1    1    1    1    1    1  4.45290E+14 0.00152 
   78   78    1    1    1    1    1    1    1    1  3.51997E+14 0.00211 
   79   79    1    1    1    1    1    1    1    1  3.61580E+14 0.00165 
   80   80    1    1    1    1    1    1    1    1  2.67965E+14 0.00277 
   81   81    1    1    1    1    1    1    1    1  2.05936E+14 0.00230 
   82   82    1    1    1    1    1    1    1    1  1.57669E+14 0.00242 
   83   83    1    1    1    1    1    1    1    1  1.47261E+14 0.00253 
   84   84    1    1    1    1    1    1    1    1  1.06347E+14 0.00234 
   85   85    1    1    1    1    1    1    1    1  7.63986E+13 0.00447 
   86   86    1    1    1    1    1    1    1    1  7.12050E+13 0.00264 
   87   87    1    1    1    1    1    1    1    1  4.39108E+13 0.00444 
   88   88    1    1    1    1    1    1    1    1  2.96112E+13 0.00566 
   89   89    1    1    1    1    1    1    1    1  1.72141E+13 0.01010 
   90   90    1    1    1    1    1    1    1    1  1.13317E+13 0.01056 
   91   91    1    1    1    1    1    1    1    1  5.67949E+12 0.01254 
   92   92    1    1    1    1    1    1    1    1  2.78699E+12 0.01639 
   93   93    1    1    1    1    1    1    1    1  1.34952E+12 0.02200 
   94   94    1    1    1    1    1    1    1    1  6.52644E+11 0.05000 
   95   95    1    1    1    1    1    1    1    1  3.21283E+11 0.04755 
   96   96    1    1    1    1    1    1    1    1  1.84983E+11 0.07955 
   97   97    1    1    1    1    1    1    1    1  7.66636E+10 0.15156 
   98   98    1    1    1    1    1    1    1    1  3.88760E+10 0.12243 
   99   99    1    1    1    1    1    1    1    1  1.30399E+10 0.18877 
  100  100    1    1    1    1    1    1    1    1  1.49803E+10 0.34113 
];


