
DETdpaspec = [
    1    1    1    1    1    1    1    1    1    1  0.00000E+00 0.00000 
    2    2    1    1    1    1    1    1    1    1  0.00000E+00 0.00000 
    3    3    1    1    1    1    1    1    1    1  0.00000E+00 0.00000 
    4    4    1    1    1    1    1    1    1    1  0.00000E+00 0.00000 
    5    5    1    1    1    1    1    1    1    1  0.00000E+00 0.00000 
    6    6    1    1    1    1    1    1    1    1  0.00000E+00 0.00000 
    7    7    1    1    1    1    1    1    1    1  0.00000E+00 0.00000 
    8    8    1    1    1    1    1    1    1    1  0.00000E+00 0.00000 
    9    9    1    1    1    1    1    1    1    1  1.79256E+07 1.00000 
   10   10    1    1    1    1    1    1    1    1  1.24583E+08 1.00000 
   11   11    1    1    1    1    1    1    1    1  2.29590E+08 0.79185 
   12   12    1    1    1    1    1    1    1    1  7.08477E+07 1.00000 
   13   13    1    1    1    1    1    1    1    1  4.99897E+08 0.56945 
   14   14    1    1    1    1    1    1    1    1  1.84482E+09 0.39106 
   15   15    1    1    1    1    1    1    1    1  1.71677E+09 0.39347 
   16   16    1    1    1    1    1    1    1    1  9.20123E+08 0.44201 
   17   17    1    1    1    1    1    1    1    1  2.34320E+09 0.33665 
   18   18    1    1    1    1    1    1    1    1  4.02749E+09 0.37684 
   19   19    1    1    1    1    1    1    1    1  7.12632E+09 0.25423 
   20   20    1    1    1    1    1    1    1    1  2.06209E+10 0.17170 
   21   21    1    1    1    1    1    1    1    1  1.54522E+10 0.17598 
   22   22    1    1    1    1    1    1    1    1  3.29655E+10 0.08610 
   23   23    1    1    1    1    1    1    1    1  5.31026E+10 0.09107 
   24   24    1    1    1    1    1    1    1    1  9.34772E+10 0.06532 
   25   25    1    1    1    1    1    1    1    1  1.18724E+11 0.06580 
   26   26    1    1    1    1    1    1    1    1  1.82092E+11 0.08160 
   27   27    1    1    1    1    1    1    1    1  3.25345E+11 0.04953 
   28   28    1    1    1    1    1    1    1    1  5.48680E+11 0.04457 
   29   29    1    1    1    1    1    1    1    1  7.48763E+11 0.03447 
   30   30    1    1    1    1    1    1    1    1  2.37523E+12 0.01843 
   31   31    1    1    1    1    1    1    1    1  7.38003E+12 0.01390 
   32   32    1    1    1    1    1    1    1    1  1.37904E+13 0.00820 
   33   33    1    1    1    1    1    1    1    1  2.99175E+13 0.00581 
   34   34    1    1    1    1    1    1    1    1  3.94332E+13 0.00511 
   35   35    1    1    1    1    1    1    1    1  5.73400E+13 0.00422 
   36   36    1    1    1    1    1    1    1    1  4.00509E+13 0.00345 
   37   37    1    1    1    1    1    1    1    1  1.28379E+13 0.00474 
   38   38    1    1    1    1    1    1    1    1  6.88279E+13 0.00389 
   39   39    1    1    1    1    1    1    1    1  9.19969E+13 0.00382 
   40   40    1    1    1    1    1    1    1    1  1.52538E+14 0.00358 
   41   41    1    1    1    1    1    1    1    1  1.59394E+14 0.00361 
   42   42    1    1    1    1    1    1    1    1  3.26501E+14 0.00341 
   43   43    1    1    1    1    1    1    1    1  3.90199E+14 0.00281 
   44   44    1    1    1    1    1    1    1    1  5.54627E+14 0.00254 
   45   45    1    1    1    1    1    1    1    1  1.05531E+15 0.00264 
   46   46    1    1    1    1    1    1    1    1  4.94980E+14 0.00253 
   47   47    1    1    1    1    1    1    1    1  8.03755E+14 0.00261 
   48   48    1    1    1    1    1    1    1    1  1.10700E+15 0.00243 
   49   49    1    1    1    1    1    1    1    1  1.09855E+15 0.00198 
   50   50    1    1    1    1    1    1    1    1  1.65458E+15 0.00197 
   51   51    1    1    1    1    1    1    1    1  1.34147E+15 0.00217 
   52   52    1    1    1    1    1    1    1    1  1.53284E+15 0.00218 
   53   53    1    1    1    1    1    1    1    1  1.06732E+15 0.00192 
   54   54    1    1    1    1    1    1    1    1  1.25560E+15 0.00200 
   55   55    1    1    1    1    1    1    1    1  8.67070E+14 0.00202 
   56   56    1    1    1    1    1    1    1    1  1.19029E+14 0.00227 
   57   57    1    1    1    1    1    1    1    1  1.72044E+15 0.00242 
   58   58    1    1    1    1    1    1    1    1  7.32997E+14 0.00242 
   59   59    1    1    1    1    1    1    1    1  7.81515E+14 0.00258 
   60   60    1    1    1    1    1    1    1    1  5.88594E+14 0.00273 
   61   61    1    1    1    1    1    1    1    1  5.92518E+14 0.00254 
   62   62    1    1    1    1    1    1    1    1  6.13113E+14 0.00248 
   63   63    1    1    1    1    1    1    1    1  5.09743E+14 0.00241 
   64   64    1    1    1    1    1    1    1    1  4.03635E+14 0.00292 
   65   65    1    1    1    1    1    1    1    1  3.97402E+14 0.00284 
   66   66    1    1    1    1    1    1    1    1  2.84846E+14 0.00252 
   67   67    1    1    1    1    1    1    1    1  2.33646E+14 0.00263 
   68   68    1    1    1    1    1    1    1    1  2.11186E+14 0.00294 
   69   69    1    1    1    1    1    1    1    1  2.53208E+14 0.00283 
   70   70    1    1    1    1    1    1    1    1  2.15876E+14 0.00341 
   71   71    1    1    1    1    1    1    1    1  4.01597E+14 0.00342 
   72   72    1    1    1    1    1    1    1    1  2.84325E+14 0.00359 
   73   73    1    1    1    1    1    1    1    1  2.11168E+14 0.00395 
   74   74    1    1    1    1    1    1    1    1  1.66256E+14 0.00332 
   75   75    1    1    1    1    1    1    1    1  1.34519E+14 0.00362 
   76   76    1    1    1    1    1    1    1    1  1.51786E+14 0.00315 
   77   77    1    1    1    1    1    1    1    1  1.16228E+14 0.00416 
   78   78    1    1    1    1    1    1    1    1  9.11502E+13 0.00447 
   79   79    1    1    1    1    1    1    1    1  9.29848E+13 0.00359 
   80   80    1    1    1    1    1    1    1    1  6.83025E+13 0.00446 
   81   81    1    1    1    1    1    1    1    1  5.21829E+13 0.00473 
   82   82    1    1    1    1    1    1    1    1  3.99599E+13 0.00404 
   83   83    1    1    1    1    1    1    1    1  3.72887E+13 0.00500 
   84   84    1    1    1    1    1    1    1    1  2.68363E+13 0.00599 
   85   85    1    1    1    1    1    1    1    1  1.91919E+13 0.00595 
   86   86    1    1    1    1    1    1    1    1  1.81532E+13 0.00692 
   87   87    1    1    1    1    1    1    1    1  1.13964E+13 0.00874 
   88   88    1    1    1    1    1    1    1    1  7.71181E+12 0.01086 
   89   89    1    1    1    1    1    1    1    1  4.33860E+12 0.01565 
   90   90    1    1    1    1    1    1    1    1  2.89305E+12 0.01794 
   91   91    1    1    1    1    1    1    1    1  1.46244E+12 0.01786 
   92   92    1    1    1    1    1    1    1    1  7.13573E+11 0.03628 
   93   93    1    1    1    1    1    1    1    1  3.53313E+11 0.05542 
   94   94    1    1    1    1    1    1    1    1  1.93236E+11 0.07410 
   95   95    1    1    1    1    1    1    1    1  7.99727E+10 0.09200 
   96   96    1    1    1    1    1    1    1    1  3.19322E+10 0.15091 
   97   97    1    1    1    1    1    1    1    1  1.67914E+10 0.23082 
   98   98    1    1    1    1    1    1    1    1  6.73338E+09 0.31247 
   99   99    1    1    1    1    1    1    1    1  5.28826E+09 0.40395 
  100  100    1    1    1    1    1    1    1    1  9.59122E+09 0.41789 
];


