
DETdpaspec = [
    1    1    1    1    1    1    1    1    1    1  0.00000E+00 0.00000 
    2    2    1    1    1    1    1    1    1    1  4.77947E+06 1.00000 
    3    3    1    1    1    1    1    1    1    1  1.03154E+07 1.00000 
    4    4    1    1    1    1    1    1    1    1  0.00000E+00 0.00000 
    5    5    1    1    1    1    1    1    1    1  0.00000E+00 0.00000 
    6    6    1    1    1    1    1    1    1    1  0.00000E+00 0.00000 
    7    7    1    1    1    1    1    1    1    1  0.00000E+00 0.00000 
    8    8    1    1    1    1    1    1    1    1  0.00000E+00 0.00000 
    9    9    1    1    1    1    1    1    1    1  3.60347E+07 0.56361 
   10   10    1    1    1    1    1    1    1    1  0.00000E+00 0.00000 
   11   11    1    1    1    1    1    1    1    1  2.04110E+08 0.54844 
   12   12    1    1    1    1    1    1    1    1  8.74881E+07 0.67990 
   13   13    1    1    1    1    1    1    1    1  2.48658E+09 0.54252 
   14   14    1    1    1    1    1    1    1    1  3.36353E+09 0.49406 
   15   15    1    1    1    1    1    1    1    1  7.27053E+09 0.37484 
   16   16    1    1    1    1    1    1    1    1  2.51639E+09 0.31146 
   17   17    1    1    1    1    1    1    1    1  3.55309E+09 0.24480 
   18   18    1    1    1    1    1    1    1    1  9.84424E+09 0.20921 
   19   19    1    1    1    1    1    1    1    1  9.72440E+09 0.13030 
   20   20    1    1    1    1    1    1    1    1  4.52878E+10 0.12728 
   21   21    1    1    1    1    1    1    1    1  2.99863E+10 0.11307 
   22   22    1    1    1    1    1    1    1    1  7.11830E+10 0.09972 
   23   23    1    1    1    1    1    1    1    1  9.86615E+10 0.08185 
   24   24    1    1    1    1    1    1    1    1  1.70383E+11 0.06038 
   25   25    1    1    1    1    1    1    1    1  2.38801E+11 0.04910 
   26   26    1    1    1    1    1    1    1    1  3.51209E+11 0.03125 
   27   27    1    1    1    1    1    1    1    1  6.15874E+11 0.02792 
   28   28    1    1    1    1    1    1    1    1  1.18642E+12 0.01844 
   29   29    1    1    1    1    1    1    1    1  1.72453E+12 0.01694 
   30   30    1    1    1    1    1    1    1    1  5.15662E+12 0.00847 
   31   31    1    1    1    1    1    1    1    1  1.64279E+13 0.00711 
   32   32    1    1    1    1    1    1    1    1  3.14423E+13 0.00535 
   33   33    1    1    1    1    1    1    1    1  7.40768E+13 0.00356 
   34   34    1    1    1    1    1    1    1    1  1.02862E+14 0.00348 
   35   35    1    1    1    1    1    1    1    1  1.42424E+14 0.00246 
   36   36    1    1    1    1    1    1    1    1  9.85613E+13 0.00203 
   37   37    1    1    1    1    1    1    1    1  3.06586E+13 0.00249 
   38   38    1    1    1    1    1    1    1    1  1.70246E+14 0.00198 
   39   39    1    1    1    1    1    1    1    1  2.29688E+14 0.00176 
   40   40    1    1    1    1    1    1    1    1  3.92408E+14 0.00179 
   41   41    1    1    1    1    1    1    1    1  4.04590E+14 0.00173 
   42   42    1    1    1    1    1    1    1    1  8.60451E+14 0.00167 
   43   43    1    1    1    1    1    1    1    1  1.04929E+15 0.00125 
   44   44    1    1    1    1    1    1    1    1  1.52446E+15 0.00128 
   45   45    1    1    1    1    1    1    1    1  3.02095E+15 0.00094 
   46   46    1    1    1    1    1    1    1    1  1.42165E+15 0.00087 
   47   47    1    1    1    1    1    1    1    1  2.31446E+15 0.00068 
   48   48    1    1    1    1    1    1    1    1  3.23575E+15 0.00067 
   49   49    1    1    1    1    1    1    1    1  3.22433E+15 0.00068 
   50   50    1    1    1    1    1    1    1    1  4.99509E+15 0.00069 
   51   51    1    1    1    1    1    1    1    1  4.03074E+15 0.00079 
   52   52    1    1    1    1    1    1    1    1  4.74595E+15 0.00072 
   53   53    1    1    1    1    1    1    1    1  3.30969E+15 0.00073 
   54   54    1    1    1    1    1    1    1    1  4.00475E+15 0.00069 
   55   55    1    1    1    1    1    1    1    1  2.76087E+15 0.00065 
   56   56    1    1    1    1    1    1    1    1  3.77062E+14 0.00128 
   57   57    1    1    1    1    1    1    1    1  5.49959E+15 0.00060 
   58   58    1    1    1    1    1    1    1    1  2.41525E+15 0.00089 
   59   59    1    1    1    1    1    1    1    1  2.57684E+15 0.00077 
   60   60    1    1    1    1    1    1    1    1  1.98288E+15 0.00081 
   61   61    1    1    1    1    1    1    1    1  1.99317E+15 0.00094 
   62   62    1    1    1    1    1    1    1    1  2.07438E+15 0.00100 
   63   63    1    1    1    1    1    1    1    1  1.74221E+15 0.00087 
   64   64    1    1    1    1    1    1    1    1  1.38740E+15 0.00092 
   65   65    1    1    1    1    1    1    1    1  1.37472E+15 0.00111 
   66   66    1    1    1    1    1    1    1    1  9.88212E+14 0.00092 
   67   67    1    1    1    1    1    1    1    1  8.08938E+14 0.00102 
   68   68    1    1    1    1    1    1    1    1  7.28123E+14 0.00080 
   69   69    1    1    1    1    1    1    1    1  8.76110E+14 0.00122 
   70   70    1    1    1    1    1    1    1    1  7.45564E+14 0.00089 
   71   71    1    1    1    1    1    1    1    1  1.36571E+15 0.00091 
   72   72    1    1    1    1    1    1    1    1  9.69667E+14 0.00076 
   73   73    1    1    1    1    1    1    1    1  7.28135E+14 0.00132 
   74   74    1    1    1    1    1    1    1    1  5.79778E+14 0.00125 
   75   75    1    1    1    1    1    1    1    1  4.78155E+14 0.00187 
   76   76    1    1    1    1    1    1    1    1  5.47667E+14 0.00140 
   77   77    1    1    1    1    1    1    1    1  4.29366E+14 0.00121 
   78   78    1    1    1    1    1    1    1    1  3.39704E+14 0.00122 
   79   79    1    1    1    1    1    1    1    1  3.48125E+14 0.00206 
   80   80    1    1    1    1    1    1    1    1  2.57691E+14 0.00192 
   81   81    1    1    1    1    1    1    1    1  1.97511E+14 0.00219 
   82   82    1    1    1    1    1    1    1    1  1.51729E+14 0.00242 
   83   83    1    1    1    1    1    1    1    1  1.42209E+14 0.00284 
   84   84    1    1    1    1    1    1    1    1  1.01937E+14 0.00281 
   85   85    1    1    1    1    1    1    1    1  7.36221E+13 0.00276 
   86   86    1    1    1    1    1    1    1    1  6.90299E+13 0.00281 
   87   87    1    1    1    1    1    1    1    1  4.25083E+13 0.00344 
   88   88    1    1    1    1    1    1    1    1  2.86536E+13 0.00567 
   89   89    1    1    1    1    1    1    1    1  1.63187E+13 0.00723 
   90   90    1    1    1    1    1    1    1    1  1.08716E+13 0.00977 
   91   91    1    1    1    1    1    1    1    1  5.54530E+12 0.01461 
   92   92    1    1    1    1    1    1    1    1  2.65119E+12 0.01690 
   93   93    1    1    1    1    1    1    1    1  1.31373E+12 0.02771 
   94   94    1    1    1    1    1    1    1    1  6.10344E+11 0.03314 
   95   95    1    1    1    1    1    1    1    1  3.36349E+11 0.05619 
   96   96    1    1    1    1    1    1    1    1  1.35700E+11 0.06768 
   97   97    1    1    1    1    1    1    1    1  7.57551E+10 0.12499 
   98   98    1    1    1    1    1    1    1    1  3.40228E+10 0.12810 
   99   99    1    1    1    1    1    1    1    1  1.31457E+10 0.28492 
  100  100    1    1    1    1    1    1    1    1  8.73468E+09 0.27831 
];


