
DETdpaspec = [
    1    1    1    1    1    1    1    1    1    1  0.00000E+00 0.00000 
    2    2    1    1    1    1    1    1    1    1  0.00000E+00 0.00000 
    3    3    1    1    1    1    1    1    1    1  0.00000E+00 0.00000 
    4    4    1    1    1    1    1    1    1    1  0.00000E+00 0.00000 
    5    5    1    1    1    1    1    1    1    1  0.00000E+00 0.00000 
    6    6    1    1    1    1    1    1    1    1  0.00000E+00 0.00000 
    7    7    1    1    1    1    1    1    1    1  0.00000E+00 0.00000 
    8    8    1    1    1    1    1    1    1    1  0.00000E+00 0.00000 
    9    9    1    1    1    1    1    1    1    1  0.00000E+00 0.00000 
   10   10    1    1    1    1    1    1    1    1  0.00000E+00 0.00000 
   11   11    1    1    1    1    1    1    1    1  6.04664E+07 1.00000 
   12   12    1    1    1    1    1    1    1    1  1.54710E+08 0.52001 
   13   13    1    1    1    1    1    1    1    1  8.55990E+08 0.60812 
   14   14    1    1    1    1    1    1    1    1  3.13814E+09 0.47115 
   15   15    1    1    1    1    1    1    1    1  2.32406E+09 0.39346 
   16   16    1    1    1    1    1    1    1    1  1.78034E+09 0.41044 
   17   17    1    1    1    1    1    1    1    1  3.01812E+09 0.29536 
   18   18    1    1    1    1    1    1    1    1  7.44776E+09 0.19265 
   19   19    1    1    1    1    1    1    1    1  7.15882E+09 0.17724 
   20   20    1    1    1    1    1    1    1    1  1.63079E+10 0.19284 
   21   21    1    1    1    1    1    1    1    1  1.92754E+10 0.11147 
   22   22    1    1    1    1    1    1    1    1  5.84146E+10 0.09154 
   23   23    1    1    1    1    1    1    1    1  7.27556E+10 0.09797 
   24   24    1    1    1    1    1    1    1    1  9.96848E+10 0.06009 
   25   25    1    1    1    1    1    1    1    1  1.29812E+11 0.05229 
   26   26    1    1    1    1    1    1    1    1  1.99011E+11 0.06451 
   27   27    1    1    1    1    1    1    1    1  3.44706E+11 0.04270 
   28   28    1    1    1    1    1    1    1    1  6.21572E+11 0.03167 
   29   29    1    1    1    1    1    1    1    1  9.00618E+11 0.02062 
   30   30    1    1    1    1    1    1    1    1  2.81050E+12 0.01732 
   31   31    1    1    1    1    1    1    1    1  8.86359E+12 0.01268 
   32   32    1    1    1    1    1    1    1    1  1.64524E+13 0.00898 
   33   33    1    1    1    1    1    1    1    1  3.69573E+13 0.00564 
   34   34    1    1    1    1    1    1    1    1  4.89633E+13 0.00390 
   35   35    1    1    1    1    1    1    1    1  7.08261E+13 0.00280 
   36   36    1    1    1    1    1    1    1    1  4.96235E+13 0.00269 
   37   37    1    1    1    1    1    1    1    1  1.57903E+13 0.00249 
   38   38    1    1    1    1    1    1    1    1  8.54479E+13 0.00257 
   39   39    1    1    1    1    1    1    1    1  1.13940E+14 0.00275 
   40   40    1    1    1    1    1    1    1    1  1.91140E+14 0.00272 
   41   41    1    1    1    1    1    1    1    1  1.99334E+14 0.00252 
   42   42    1    1    1    1    1    1    1    1  4.10747E+14 0.00240 
   43   43    1    1    1    1    1    1    1    1  4.92150E+14 0.00227 
   44   44    1    1    1    1    1    1    1    1  7.01907E+14 0.00205 
   45   45    1    1    1    1    1    1    1    1  1.34501E+15 0.00208 
   46   46    1    1    1    1    1    1    1    1  6.31465E+14 0.00237 
   47   47    1    1    1    1    1    1    1    1  1.02778E+15 0.00228 
   48   48    1    1    1    1    1    1    1    1  1.42007E+15 0.00221 
   49   49    1    1    1    1    1    1    1    1  1.40869E+15 0.00220 
   50   50    1    1    1    1    1    1    1    1  2.13147E+15 0.00228 
   51   51    1    1    1    1    1    1    1    1  1.72423E+15 0.00200 
   52   52    1    1    1    1    1    1    1    1  1.97977E+15 0.00203 
   53   53    1    1    1    1    1    1    1    1  1.37459E+15 0.00198 
   54   54    1    1    1    1    1    1    1    1  1.62772E+15 0.00192 
   55   55    1    1    1    1    1    1    1    1  1.12568E+15 0.00190 
   56   56    1    1    1    1    1    1    1    1  1.54157E+14 0.00220 
   57   57    1    1    1    1    1    1    1    1  2.23259E+15 0.00208 
   58   58    1    1    1    1    1    1    1    1  9.53188E+14 0.00212 
   59   59    1    1    1    1    1    1    1    1  1.01800E+15 0.00192 
   60   60    1    1    1    1    1    1    1    1  7.70147E+14 0.00212 
   61   61    1    1    1    1    1    1    1    1  7.73953E+14 0.00220 
   62   62    1    1    1    1    1    1    1    1  8.01178E+14 0.00252 
   63   63    1    1    1    1    1    1    1    1  6.66002E+14 0.00207 
   64   64    1    1    1    1    1    1    1    1  5.28831E+14 0.00245 
   65   65    1    1    1    1    1    1    1    1  5.21824E+14 0.00242 
   66   66    1    1    1    1    1    1    1    1  3.73693E+14 0.00240 
   67   67    1    1    1    1    1    1    1    1  3.06219E+14 0.00206 
   68   68    1    1    1    1    1    1    1    1  2.76768E+14 0.00224 
   69   69    1    1    1    1    1    1    1    1  3.32150E+14 0.00245 
   70   70    1    1    1    1    1    1    1    1  2.82841E+14 0.00336 
   71   71    1    1    1    1    1    1    1    1  5.23656E+14 0.00212 
   72   72    1    1    1    1    1    1    1    1  3.72053E+14 0.00235 
   73   73    1    1    1    1    1    1    1    1  2.76939E+14 0.00242 
   74   74    1    1    1    1    1    1    1    1  2.17413E+14 0.00306 
   75   75    1    1    1    1    1    1    1    1  1.76258E+14 0.00309 
   76   76    1    1    1    1    1    1    1    1  2.00351E+14 0.00198 
   77   77    1    1    1    1    1    1    1    1  1.54749E+14 0.00322 
   78   78    1    1    1    1    1    1    1    1  1.21595E+14 0.00364 
   79   79    1    1    1    1    1    1    1    1  1.23961E+14 0.00247 
   80   80    1    1    1    1    1    1    1    1  9.05081E+13 0.00377 
   81   81    1    1    1    1    1    1    1    1  6.94642E+13 0.00496 
   82   82    1    1    1    1    1    1    1    1  5.33844E+13 0.00512 
   83   83    1    1    1    1    1    1    1    1  4.95348E+13 0.00393 
   84   84    1    1    1    1    1    1    1    1  3.55349E+13 0.00600 
   85   85    1    1    1    1    1    1    1    1  2.56046E+13 0.00587 
   86   86    1    1    1    1    1    1    1    1  2.38661E+13 0.00675 
   87   87    1    1    1    1    1    1    1    1  1.46769E+13 0.00649 
   88   88    1    1    1    1    1    1    1    1  1.00381E+13 0.00770 
   89   89    1    1    1    1    1    1    1    1  5.71614E+12 0.00836 
   90   90    1    1    1    1    1    1    1    1  3.79078E+12 0.01662 
   91   91    1    1    1    1    1    1    1    1  1.95119E+12 0.02524 
   92   92    1    1    1    1    1    1    1    1  9.60112E+11 0.02637 
   93   93    1    1    1    1    1    1    1    1  4.34806E+11 0.03729 
   94   94    1    1    1    1    1    1    1    1  2.12802E+11 0.07934 
   95   95    1    1    1    1    1    1    1    1  1.02199E+11 0.11264 
   96   96    1    1    1    1    1    1    1    1  6.06970E+10 0.13267 
   97   97    1    1    1    1    1    1    1    1  2.51481E+10 0.18003 
   98   98    1    1    1    1    1    1    1    1  1.03073E+10 0.25561 
   99   99    1    1    1    1    1    1    1    1  2.19248E+09 0.68713 
  100  100    1    1    1    1    1    1    1    1  3.74853E+09 0.51248 
];


