
DETdpaspec = [
    1    1    1    1    1    1    1    1    1    1  0.00000E+00 0.00000 
    2    2    1    1    1    1    1    1    1    1  0.00000E+00 0.00000 
    3    3    1    1    1    1    1    1    1    1  0.00000E+00 0.00000 
    4    4    1    1    1    1    1    1    1    1  0.00000E+00 0.00000 
    5    5    1    1    1    1    1    1    1    1  0.00000E+00 0.00000 
    6    6    1    1    1    1    1    1    1    1  0.00000E+00 0.00000 
    7    7    1    1    1    1    1    1    1    1  0.00000E+00 0.00000 
    8    8    1    1    1    1    1    1    1    1  0.00000E+00 0.00000 
    9    9    1    1    1    1    1    1    1    1  6.09137E+07 0.58327 
   10   10    1    1    1    1    1    1    1    1  0.00000E+00 0.00000 
   11   11    1    1    1    1    1    1    1    1  1.96183E+08 0.73725 
   12   12    1    1    1    1    1    1    1    1  2.82384E+07 0.92946 
   13   13    1    1    1    1    1    1    1    1  1.18973E+09 0.63375 
   14   14    1    1    1    1    1    1    1    1  2.53725E+09 0.41504 
   15   15    1    1    1    1    1    1    1    1  2.72233E+09 0.32617 
   16   16    1    1    1    1    1    1    1    1  1.94080E+09 0.36208 
   17   17    1    1    1    1    1    1    1    1  2.20984E+09 0.23822 
   18   18    1    1    1    1    1    1    1    1  6.93195E+09 0.20266 
   19   19    1    1    1    1    1    1    1    1  5.91785E+09 0.15857 
   20   20    1    1    1    1    1    1    1    1  3.12041E+10 0.12192 
   21   21    1    1    1    1    1    1    1    1  2.25142E+10 0.11418 
   22   22    1    1    1    1    1    1    1    1  5.34469E+10 0.08886 
   23   23    1    1    1    1    1    1    1    1  7.02508E+10 0.05844 
   24   24    1    1    1    1    1    1    1    1  1.20506E+11 0.07152 
   25   25    1    1    1    1    1    1    1    1  1.40763E+11 0.09162 
   26   26    1    1    1    1    1    1    1    1  2.39242E+11 0.06069 
   27   27    1    1    1    1    1    1    1    1  4.00350E+11 0.03624 
   28   28    1    1    1    1    1    1    1    1  7.40352E+11 0.03000 
   29   29    1    1    1    1    1    1    1    1  1.02962E+12 0.02348 
   30   30    1    1    1    1    1    1    1    1  3.24846E+12 0.01664 
   31   31    1    1    1    1    1    1    1    1  1.00991E+13 0.00837 
   32   32    1    1    1    1    1    1    1    1  1.91288E+13 0.00785 
   33   33    1    1    1    1    1    1    1    1  4.29290E+13 0.00420 
   34   34    1    1    1    1    1    1    1    1  5.71467E+13 0.00400 
   35   35    1    1    1    1    1    1    1    1  8.23399E+13 0.00348 
   36   36    1    1    1    1    1    1    1    1  5.76254E+13 0.00328 
   37   37    1    1    1    1    1    1    1    1  1.83236E+13 0.00316 
   38   38    1    1    1    1    1    1    1    1  9.95366E+13 0.00230 
   39   39    1    1    1    1    1    1    1    1  1.33137E+14 0.00242 
   40   40    1    1    1    1    1    1    1    1  2.23322E+14 0.00241 
   41   41    1    1    1    1    1    1    1    1  2.32983E+14 0.00240 
   42   42    1    1    1    1    1    1    1    1  4.83040E+14 0.00241 
   43   43    1    1    1    1    1    1    1    1  5.80701E+14 0.00182 
   44   44    1    1    1    1    1    1    1    1  8.31789E+14 0.00202 
   45   45    1    1    1    1    1    1    1    1  1.59985E+15 0.00213 
   46   46    1    1    1    1    1    1    1    1  7.52552E+14 0.00179 
   47   47    1    1    1    1    1    1    1    1  1.22421E+15 0.00153 
   48   48    1    1    1    1    1    1    1    1  1.69747E+15 0.00156 
   49   49    1    1    1    1    1    1    1    1  1.68818E+15 0.00168 
   50   50    1    1    1    1    1    1    1    1  2.56036E+15 0.00147 
   51   51    1    1    1    1    1    1    1    1  2.07405E+15 0.00144 
   52   52    1    1    1    1    1    1    1    1  2.38510E+15 0.00145 
   53   53    1    1    1    1    1    1    1    1  1.66013E+15 0.00153 
   54   54    1    1    1    1    1    1    1    1  1.96822E+15 0.00165 
   55   55    1    1    1    1    1    1    1    1  1.35752E+15 0.00160 
   56   56    1    1    1    1    1    1    1    1  1.86018E+14 0.00169 
   57   57    1    1    1    1    1    1    1    1  2.69594E+15 0.00128 
   58   58    1    1    1    1    1    1    1    1  1.15744E+15 0.00162 
   59   59    1    1    1    1    1    1    1    1  1.23605E+15 0.00178 
   60   60    1    1    1    1    1    1    1    1  9.36190E+14 0.00159 
   61   61    1    1    1    1    1    1    1    1  9.43696E+14 0.00208 
   62   62    1    1    1    1    1    1    1    1  9.76628E+14 0.00193 
   63   63    1    1    1    1    1    1    1    1  8.12448E+14 0.00193 
   64   64    1    1    1    1    1    1    1    1  6.45803E+14 0.00214 
   65   65    1    1    1    1    1    1    1    1  6.37583E+14 0.00189 
   66   66    1    1    1    1    1    1    1    1  4.56754E+14 0.00155 
   67   67    1    1    1    1    1    1    1    1  3.75219E+14 0.00201 
   68   68    1    1    1    1    1    1    1    1  3.38118E+14 0.00219 
   69   69    1    1    1    1    1    1    1    1  4.05184E+14 0.00162 
   70   70    1    1    1    1    1    1    1    1  3.44838E+14 0.00168 
   71   71    1    1    1    1    1    1    1    1  6.39176E+14 0.00167 
   72   72    1    1    1    1    1    1    1    1  4.53091E+14 0.00214 
   73   73    1    1    1    1    1    1    1    1  3.37777E+14 0.00198 
   74   74    1    1    1    1    1    1    1    1  2.65989E+14 0.00230 
   75   75    1    1    1    1    1    1    1    1  2.16460E+14 0.00242 
   76   76    1    1    1    1    1    1    1    1  2.46878E+14 0.00232 
   77   77    1    1    1    1    1    1    1    1  1.90223E+14 0.00276 
   78   78    1    1    1    1    1    1    1    1  1.50120E+14 0.00317 
   79   79    1    1    1    1    1    1    1    1  1.52279E+14 0.00214 
   80   80    1    1    1    1    1    1    1    1  1.11625E+14 0.00171 
   81   81    1    1    1    1    1    1    1    1  8.50986E+13 0.00360 
   82   82    1    1    1    1    1    1    1    1  6.62385E+13 0.00474 
   83   83    1    1    1    1    1    1    1    1  6.13829E+13 0.00467 
   84   84    1    1    1    1    1    1    1    1  4.40255E+13 0.00415 
   85   85    1    1    1    1    1    1    1    1  3.18524E+13 0.00569 
   86   86    1    1    1    1    1    1    1    1  2.99584E+13 0.00484 
   87   87    1    1    1    1    1    1    1    1  1.85348E+13 0.00665 
   88   88    1    1    1    1    1    1    1    1  1.24406E+13 0.00766 
   89   89    1    1    1    1    1    1    1    1  7.18459E+12 0.01127 
   90   90    1    1    1    1    1    1    1    1  4.71710E+12 0.01269 
   91   91    1    1    1    1    1    1    1    1  2.45330E+12 0.01936 
   92   92    1    1    1    1    1    1    1    1  1.15436E+12 0.02910 
   93   93    1    1    1    1    1    1    1    1  5.67984E+11 0.03927 
   94   94    1    1    1    1    1    1    1    1  2.80841E+11 0.06601 
   95   95    1    1    1    1    1    1    1    1  1.52254E+11 0.05645 
   96   96    1    1    1    1    1    1    1    1  6.79599E+10 0.11256 
   97   97    1    1    1    1    1    1    1    1  3.86242E+10 0.16085 
   98   98    1    1    1    1    1    1    1    1  1.61099E+10 0.17462 
   99   99    1    1    1    1    1    1    1    1  8.56856E+09 0.30700 
  100  100    1    1    1    1    1    1    1    1  5.18892E+09 0.63836 
];


