
DETdpaspec = [
    1    1    1    1    1    1    1    1    1    1  0.00000E+00 0.00000 
    2    2    1    1    1    1    1    1    1    1  0.00000E+00 0.00000 
    3    3    1    1    1    1    1    1    1    1  0.00000E+00 0.00000 
    4    4    1    1    1    1    1    1    1    1  0.00000E+00 0.00000 
    5    5    1    1    1    1    1    1    1    1  0.00000E+00 0.00000 
    6    6    1    1    1    1    1    1    1    1  0.00000E+00 0.00000 
    7    7    1    1    1    1    1    1    1    1  0.00000E+00 0.00000 
    8    8    1    1    1    1    1    1    1    1  0.00000E+00 0.00000 
    9    9    1    1    1    1    1    1    1    1  6.33373E+07 0.81193 
   10   10    1    1    1    1    1    1    1    1  0.00000E+00 0.00000 
   11   11    1    1    1    1    1    1    1    1  5.09494E+07 1.00000 
   12   12    1    1    1    1    1    1    1    1  1.29006E+07 1.00000 
   13   13    1    1    1    1    1    1    1    1  8.00087E+08 0.88872 
   14   14    1    1    1    1    1    1    1    1  5.37407E+08 0.52622 
   15   15    1    1    1    1    1    1    1    1  3.57941E+09 0.53754 
   16   16    1    1    1    1    1    1    1    1  1.36950E+09 0.28634 
   17   17    1    1    1    1    1    1    1    1  2.07050E+09 0.32554 
   18   18    1    1    1    1    1    1    1    1  7.31859E+09 0.20222 
   19   19    1    1    1    1    1    1    1    1  3.83271E+09 0.19051 
   20   20    1    1    1    1    1    1    1    1  2.09982E+10 0.17254 
   21   21    1    1    1    1    1    1    1    1  1.64237E+10 0.19645 
   22   22    1    1    1    1    1    1    1    1  4.64851E+10 0.10243 
   23   23    1    1    1    1    1    1    1    1  6.63479E+10 0.09018 
   24   24    1    1    1    1    1    1    1    1  1.00682E+11 0.06587 
   25   25    1    1    1    1    1    1    1    1  1.27032E+11 0.06163 
   26   26    1    1    1    1    1    1    1    1  1.69089E+11 0.04220 
   27   27    1    1    1    1    1    1    1    1  3.08346E+11 0.04498 
   28   28    1    1    1    1    1    1    1    1  5.68592E+11 0.04237 
   29   29    1    1    1    1    1    1    1    1  8.02843E+11 0.03185 
   30   30    1    1    1    1    1    1    1    1  2.64040E+12 0.01816 
   31   31    1    1    1    1    1    1    1    1  8.08404E+12 0.00904 
   32   32    1    1    1    1    1    1    1    1  1.51609E+13 0.00848 
   33   33    1    1    1    1    1    1    1    1  3.31921E+13 0.00583 
   34   34    1    1    1    1    1    1    1    1  4.40072E+13 0.00516 
   35   35    1    1    1    1    1    1    1    1  6.32781E+13 0.00449 
   36   36    1    1    1    1    1    1    1    1  4.42222E+13 0.00376 
   37   37    1    1    1    1    1    1    1    1  1.40733E+13 0.00407 
   38   38    1    1    1    1    1    1    1    1  7.60510E+13 0.00390 
   39   39    1    1    1    1    1    1    1    1  1.01571E+14 0.00338 
   40   40    1    1    1    1    1    1    1    1  1.69628E+14 0.00245 
   41   41    1    1    1    1    1    1    1    1  1.77540E+14 0.00295 
   42   42    1    1    1    1    1    1    1    1  3.64570E+14 0.00300 
   43   43    1    1    1    1    1    1    1    1  4.36976E+14 0.00297 
   44   44    1    1    1    1    1    1    1    1  6.23170E+14 0.00300 
   45   45    1    1    1    1    1    1    1    1  1.18671E+15 0.00297 
   46   46    1    1    1    1    1    1    1    1  5.56260E+14 0.00271 
   47   47    1    1    1    1    1    1    1    1  9.05043E+14 0.00296 
   48   48    1    1    1    1    1    1    1    1  1.24979E+15 0.00288 
   49   49    1    1    1    1    1    1    1    1  1.23927E+15 0.00293 
   50   50    1    1    1    1    1    1    1    1  1.87046E+15 0.00307 
   51   51    1    1    1    1    1    1    1    1  1.51554E+15 0.00288 
   52   52    1    1    1    1    1    1    1    1  1.73418E+15 0.00272 
   53   53    1    1    1    1    1    1    1    1  1.20703E+15 0.00295 
   54   54    1    1    1    1    1    1    1    1  1.42341E+15 0.00277 
   55   55    1    1    1    1    1    1    1    1  9.81500E+14 0.00291 
   56   56    1    1    1    1    1    1    1    1  1.34666E+14 0.00329 
   57   57    1    1    1    1    1    1    1    1  1.94686E+15 0.00299 
   58   58    1    1    1    1    1    1    1    1  8.30655E+14 0.00305 
   59   59    1    1    1    1    1    1    1    1  8.86499E+14 0.00325 
   60   60    1    1    1    1    1    1    1    1  6.69563E+14 0.00297 
   61   61    1    1    1    1    1    1    1    1  6.74691E+14 0.00333 
   62   62    1    1    1    1    1    1    1    1  6.96422E+14 0.00378 
   63   63    1    1    1    1    1    1    1    1  5.79144E+14 0.00356 
   64   64    1    1    1    1    1    1    1    1  4.58658E+14 0.00369 
   65   65    1    1    1    1    1    1    1    1  4.52856E+14 0.00326 
   66   66    1    1    1    1    1    1    1    1  3.24497E+14 0.00352 
   67   67    1    1    1    1    1    1    1    1  2.66570E+14 0.00393 
   68   68    1    1    1    1    1    1    1    1  2.40510E+14 0.00436 
   69   69    1    1    1    1    1    1    1    1  2.88448E+14 0.00349 
   70   70    1    1    1    1    1    1    1    1  2.46014E+14 0.00309 
   71   71    1    1    1    1    1    1    1    1  4.56565E+14 0.00349 
   72   72    1    1    1    1    1    1    1    1  3.22107E+14 0.00347 
   73   73    1    1    1    1    1    1    1    1  2.39874E+14 0.00371 
   74   74    1    1    1    1    1    1    1    1  1.88731E+14 0.00353 
   75   75    1    1    1    1    1    1    1    1  1.52714E+14 0.00331 
   76   76    1    1    1    1    1    1    1    1  1.72838E+14 0.00377 
   77   77    1    1    1    1    1    1    1    1  1.33560E+14 0.00437 
   78   78    1    1    1    1    1    1    1    1  1.04363E+14 0.00476 
   79   79    1    1    1    1    1    1    1    1  1.06683E+14 0.00499 
   80   80    1    1    1    1    1    1    1    1  7.83164E+13 0.00541 
   81   81    1    1    1    1    1    1    1    1  5.98935E+13 0.00500 
   82   82    1    1    1    1    1    1    1    1  4.59551E+13 0.00606 
   83   83    1    1    1    1    1    1    1    1  4.28141E+13 0.00368 
   84   84    1    1    1    1    1    1    1    1  3.06977E+13 0.00590 
   85   85    1    1    1    1    1    1    1    1  2.20369E+13 0.00655 
   86   86    1    1    1    1    1    1    1    1  2.06525E+13 0.00633 
   87   87    1    1    1    1    1    1    1    1  1.28982E+13 0.00709 
   88   88    1    1    1    1    1    1    1    1  8.75599E+12 0.00965 
   89   89    1    1    1    1    1    1    1    1  5.01783E+12 0.01248 
   90   90    1    1    1    1    1    1    1    1  3.44076E+12 0.01722 
   91   91    1    1    1    1    1    1    1    1  1.64370E+12 0.02266 
   92   92    1    1    1    1    1    1    1    1  8.35866E+11 0.03472 
   93   93    1    1    1    1    1    1    1    1  4.11149E+11 0.05361 
   94   94    1    1    1    1    1    1    1    1  1.97090E+11 0.07478 
   95   95    1    1    1    1    1    1    1    1  9.29988E+10 0.09099 
   96   96    1    1    1    1    1    1    1    1  4.34363E+10 0.14880 
   97   97    1    1    1    1    1    1    1    1  1.68960E+10 0.23063 
   98   98    1    1    1    1    1    1    1    1  1.03265E+10 0.38307 
   99   99    1    1    1    1    1    1    1    1  6.69563E+09 0.32122 
  100  100    1    1    1    1    1    1    1    1  4.51159E+09 0.44388 
];


