
DETdpaspec = [
    1    1    1    1    1    1    1    1    1    1  0.00000E+00 0.00000 
    2    2    1    1    1    1    1    1    1    1  0.00000E+00 0.00000 
    3    3    1    1    1    1    1    1    1    1  0.00000E+00 0.00000 
    4    4    1    1    1    1    1    1    1    1  0.00000E+00 0.00000 
    5    5    1    1    1    1    1    1    1    1  0.00000E+00 0.00000 
    6    6    1    1    1    1    1    1    1    1  0.00000E+00 0.00000 
    7    7    1    1    1    1    1    1    1    1  0.00000E+00 0.00000 
    8    8    1    1    1    1    1    1    1    1  0.00000E+00 0.00000 
    9    9    1    1    1    1    1    1    1    1  0.00000E+00 0.00000 
   10   10    1    1    1    1    1    1    1    1  0.00000E+00 0.00000 
   11   11    1    1    1    1    1    1    1    1  2.49530E+08 0.68887 
   12   12    1    1    1    1    1    1    1    1  1.05477E+08 1.00000 
   13   13    1    1    1    1    1    1    1    1  4.47654E+08 0.53797 
   14   14    1    1    1    1    1    1    1    1  4.12214E+09 0.37972 
   15   15    1    1    1    1    1    1    1    1  1.68796E+09 0.45027 
   16   16    1    1    1    1    1    1    1    1  1.18138E+09 0.31228 
   17   17    1    1    1    1    1    1    1    1  2.38017E+09 0.33036 
   18   18    1    1    1    1    1    1    1    1  9.40287E+09 0.16727 
   19   19    1    1    1    1    1    1    1    1  6.70217E+09 0.19066 
   20   20    1    1    1    1    1    1    1    1  3.48397E+10 0.16030 
   21   21    1    1    1    1    1    1    1    1  2.59589E+10 0.09773 
   22   22    1    1    1    1    1    1    1    1  5.99908E+10 0.09342 
   23   23    1    1    1    1    1    1    1    1  8.33819E+10 0.07226 
   24   24    1    1    1    1    1    1    1    1  1.27031E+11 0.06540 
   25   25    1    1    1    1    1    1    1    1  1.48415E+11 0.04574 
   26   26    1    1    1    1    1    1    1    1  2.42576E+11 0.03952 
   27   27    1    1    1    1    1    1    1    1  4.42340E+11 0.02746 
   28   28    1    1    1    1    1    1    1    1  7.84811E+11 0.02789 
   29   29    1    1    1    1    1    1    1    1  1.07844E+12 0.01826 
   30   30    1    1    1    1    1    1    1    1  3.47630E+12 0.01455 
   31   31    1    1    1    1    1    1    1    1  1.08029E+13 0.00914 
   32   32    1    1    1    1    1    1    1    1  2.04291E+13 0.00617 
   33   33    1    1    1    1    1    1    1    1  4.60381E+13 0.00366 
   34   34    1    1    1    1    1    1    1    1  6.22256E+13 0.00373 
   35   35    1    1    1    1    1    1    1    1  8.88919E+13 0.00385 
   36   36    1    1    1    1    1    1    1    1  6.22594E+13 0.00309 
   37   37    1    1    1    1    1    1    1    1  1.96991E+13 0.00338 
   38   38    1    1    1    1    1    1    1    1  1.07307E+14 0.00337 
   39   39    1    1    1    1    1    1    1    1  1.43057E+14 0.00293 
   40   40    1    1    1    1    1    1    1    1  2.41185E+14 0.00206 
   41   41    1    1    1    1    1    1    1    1  2.51495E+14 0.00233 
   42   42    1    1    1    1    1    1    1    1  5.21769E+14 0.00171 
   43   43    1    1    1    1    1    1    1    1  6.26993E+14 0.00203 
   44   44    1    1    1    1    1    1    1    1  8.99812E+14 0.00131 
   45   45    1    1    1    1    1    1    1    1  1.73705E+15 0.00136 
   46   46    1    1    1    1    1    1    1    1  8.16651E+14 0.00146 
   47   47    1    1    1    1    1    1    1    1  1.32910E+15 0.00132 
   48   48    1    1    1    1    1    1    1    1  1.84393E+15 0.00134 
   49   49    1    1    1    1    1    1    1    1  1.83292E+15 0.00123 
   50   50    1    1    1    1    1    1    1    1  2.79000E+15 0.00133 
   51   51    1    1    1    1    1    1    1    1  2.26004E+15 0.00139 
   52   52    1    1    1    1    1    1    1    1  2.60631E+15 0.00154 
   53   53    1    1    1    1    1    1    1    1  1.81424E+15 0.00151 
   54   54    1    1    1    1    1    1    1    1  2.15609E+15 0.00171 
   55   55    1    1    1    1    1    1    1    1  1.48626E+15 0.00194 
   56   56    1    1    1    1    1    1    1    1  2.04019E+14 0.00246 
   57   57    1    1    1    1    1    1    1    1  2.95637E+15 0.00171 
   58   58    1    1    1    1    1    1    1    1  1.27187E+15 0.00179 
   59   59    1    1    1    1    1    1    1    1  1.35818E+15 0.00174 
   60   60    1    1    1    1    1    1    1    1  1.02863E+15 0.00199 
   61   61    1    1    1    1    1    1    1    1  1.03599E+15 0.00191 
   62   62    1    1    1    1    1    1    1    1  1.07237E+15 0.00234 
   63   63    1    1    1    1    1    1    1    1  8.93417E+14 0.00266 
   64   64    1    1    1    1    1    1    1    1  7.08925E+14 0.00201 
   65   65    1    1    1    1    1    1    1    1  7.02046E+14 0.00229 
   66   66    1    1    1    1    1    1    1    1  5.03514E+14 0.00166 
   67   67    1    1    1    1    1    1    1    1  4.11984E+14 0.00197 
   68   68    1    1    1    1    1    1    1    1  3.71725E+14 0.00230 
   69   69    1    1    1    1    1    1    1    1  4.46434E+14 0.00259 
   70   70    1    1    1    1    1    1    1    1  3.80159E+14 0.00202 
   71   71    1    1    1    1    1    1    1    1  7.04138E+14 0.00222 
   72   72    1    1    1    1    1    1    1    1  4.99245E+14 0.00231 
   73   73    1    1    1    1    1    1    1    1  3.72313E+14 0.00258 
   74   74    1    1    1    1    1    1    1    1  2.94126E+14 0.00260 
   75   75    1    1    1    1    1    1    1    1  2.38795E+14 0.00288 
   76   76    1    1    1    1    1    1    1    1  2.71884E+14 0.00294 
   77   77    1    1    1    1    1    1    1    1  2.10176E+14 0.00252 
   78   78    1    1    1    1    1    1    1    1  1.65452E+14 0.00248 
   79   79    1    1    1    1    1    1    1    1  1.68699E+14 0.00290 
   80   80    1    1    1    1    1    1    1    1  1.24573E+14 0.00324 
   81   81    1    1    1    1    1    1    1    1  9.49920E+13 0.00354 
   82   82    1    1    1    1    1    1    1    1  7.27854E+13 0.00282 
   83   83    1    1    1    1    1    1    1    1  6.82594E+13 0.00353 
   84   84    1    1    1    1    1    1    1    1  4.89505E+13 0.00530 
   85   85    1    1    1    1    1    1    1    1  3.53208E+13 0.00577 
   86   86    1    1    1    1    1    1    1    1  3.29105E+13 0.00393 
   87   87    1    1    1    1    1    1    1    1  2.02539E+13 0.00744 
   88   88    1    1    1    1    1    1    1    1  1.39123E+13 0.00817 
   89   89    1    1    1    1    1    1    1    1  7.99782E+12 0.00922 
   90   90    1    1    1    1    1    1    1    1  5.26066E+12 0.00807 
   91   91    1    1    1    1    1    1    1    1  2.59171E+12 0.01722 
   92   92    1    1    1    1    1    1    1    1  1.26343E+12 0.02903 
   93   93    1    1    1    1    1    1    1    1  6.29519E+11 0.02444 
   94   94    1    1    1    1    1    1    1    1  3.04893E+11 0.06099 
   95   95    1    1    1    1    1    1    1    1  1.52167E+11 0.08288 
   96   96    1    1    1    1    1    1    1    1  8.41227E+10 0.10663 
   97   97    1    1    1    1    1    1    1    1  3.18245E+10 0.10551 
   98   98    1    1    1    1    1    1    1    1  2.17848E+10 0.19129 
   99   99    1    1    1    1    1    1    1    1  8.91358E+09 0.26766 
  100  100    1    1    1    1    1    1    1    1  7.40341E+09 0.28944 
];


