
DETdpaspec = [
    1    1    1    1    1    1    1    1    1    1  0.00000E+00 0.00000 
    2    2    1    1    1    1    1    1    1    1  0.00000E+00 0.00000 
    3    3    1    1    1    1    1    1    1    1  0.00000E+00 0.00000 
    4    4    1    1    1    1    1    1    1    1  0.00000E+00 0.00000 
    5    5    1    1    1    1    1    1    1    1  0.00000E+00 0.00000 
    6    6    1    1    1    1    1    1    1    1  0.00000E+00 0.00000 
    7    7    1    1    1    1    1    1    1    1  0.00000E+00 0.00000 
    8    8    1    1    1    1    1    1    1    1  0.00000E+00 0.00000 
    9    9    1    1    1    1    1    1    1    1  3.05272E+07 1.00000 
   10   10    1    1    1    1    1    1    1    1  0.00000E+00 0.00000 
   11   11    1    1    1    1    1    1    1    1  7.66113E+07 1.00000 
   12   12    1    1    1    1    1    1    1    1  0.00000E+00 0.00000 
   13   13    1    1    1    1    1    1    1    1  2.47011E+08 0.81869 
   14   14    1    1    1    1    1    1    1    1  1.24073E+09 0.52342 
   15   15    1    1    1    1    1    1    1    1  1.80555E+09 0.39723 
   16   16    1    1    1    1    1    1    1    1  1.99733E+09 0.27074 
   17   17    1    1    1    1    1    1    1    1  2.68589E+09 0.29740 
   18   18    1    1    1    1    1    1    1    1  7.01526E+09 0.21632 
   19   19    1    1    1    1    1    1    1    1  6.89712E+09 0.25214 
   20   20    1    1    1    1    1    1    1    1  2.21774E+10 0.19502 
   21   21    1    1    1    1    1    1    1    1  1.77431E+10 0.12932 
   22   22    1    1    1    1    1    1    1    1  5.16580E+10 0.08855 
   23   23    1    1    1    1    1    1    1    1  5.22722E+10 0.07061 
   24   24    1    1    1    1    1    1    1    1  8.64582E+10 0.06693 
   25   25    1    1    1    1    1    1    1    1  1.03431E+11 0.07562 
   26   26    1    1    1    1    1    1    1    1  1.62708E+11 0.06297 
   27   27    1    1    1    1    1    1    1    1  3.05181E+11 0.04573 
   28   28    1    1    1    1    1    1    1    1  5.36451E+11 0.03236 
   29   29    1    1    1    1    1    1    1    1  7.44543E+11 0.02537 
   30   30    1    1    1    1    1    1    1    1  2.41278E+12 0.02301 
   31   31    1    1    1    1    1    1    1    1  7.31759E+12 0.01201 
   32   32    1    1    1    1    1    1    1    1  1.37049E+13 0.00831 
   33   33    1    1    1    1    1    1    1    1  3.02915E+13 0.00506 
   34   34    1    1    1    1    1    1    1    1  4.03401E+13 0.00465 
   35   35    1    1    1    1    1    1    1    1  5.84248E+13 0.00440 
   36   36    1    1    1    1    1    1    1    1  4.09337E+13 0.00394 
   37   37    1    1    1    1    1    1    1    1  1.30444E+13 0.00399 
   38   38    1    1    1    1    1    1    1    1  7.02455E+13 0.00373 
   39   39    1    1    1    1    1    1    1    1  9.37875E+13 0.00319 
   40   40    1    1    1    1    1    1    1    1  1.55989E+14 0.00342 
   41   41    1    1    1    1    1    1    1    1  1.63083E+14 0.00338 
   42   42    1    1    1    1    1    1    1    1  3.33904E+14 0.00358 
   43   43    1    1    1    1    1    1    1    1  3.98474E+14 0.00424 
   44   44    1    1    1    1    1    1    1    1  5.68639E+14 0.00408 
   45   45    1    1    1    1    1    1    1    1  1.07899E+15 0.00340 
   46   46    1    1    1    1    1    1    1    1  5.06637E+14 0.00324 
   47   47    1    1    1    1    1    1    1    1  8.24180E+14 0.00362 
   48   48    1    1    1    1    1    1    1    1  1.13708E+15 0.00326 
   49   49    1    1    1    1    1    1    1    1  1.12552E+15 0.00331 
   50   50    1    1    1    1    1    1    1    1  1.69845E+15 0.00329 
   51   51    1    1    1    1    1    1    1    1  1.37719E+15 0.00323 
   52   52    1    1    1    1    1    1    1    1  1.57253E+15 0.00316 
   53   53    1    1    1    1    1    1    1    1  1.09366E+15 0.00302 
   54   54    1    1    1    1    1    1    1    1  1.28934E+15 0.00306 
   55   55    1    1    1    1    1    1    1    1  8.89395E+14 0.00296 
   56   56    1    1    1    1    1    1    1    1  1.22118E+14 0.00338 
   57   57    1    1    1    1    1    1    1    1  1.76632E+15 0.00337 
   58   58    1    1    1    1    1    1    1    1  7.51065E+14 0.00323 
   59   59    1    1    1    1    1    1    1    1  8.02060E+14 0.00340 
   60   60    1    1    1    1    1    1    1    1  6.03834E+14 0.00336 
   61   61    1    1    1    1    1    1    1    1  6.09362E+14 0.00353 
   62   62    1    1    1    1    1    1    1    1  6.28864E+14 0.00361 
   63   63    1    1    1    1    1    1    1    1  5.22247E+14 0.00362 
   64   64    1    1    1    1    1    1    1    1  4.15183E+14 0.00366 
   65   65    1    1    1    1    1    1    1    1  4.09066E+14 0.00362 
   66   66    1    1    1    1    1    1    1    1  2.93699E+14 0.00348 
   67   67    1    1    1    1    1    1    1    1  2.41076E+14 0.00355 
   68   68    1    1    1    1    1    1    1    1  2.16603E+14 0.00398 
   69   69    1    1    1    1    1    1    1    1  2.60327E+14 0.00406 
   70   70    1    1    1    1    1    1    1    1  2.21654E+14 0.00382 
   71   71    1    1    1    1    1    1    1    1  4.10809E+14 0.00321 
   72   72    1    1    1    1    1    1    1    1  2.91127E+14 0.00390 
   73   73    1    1    1    1    1    1    1    1  2.18402E+14 0.00401 
   74   74    1    1    1    1    1    1    1    1  1.71097E+14 0.00360 
   75   75    1    1    1    1    1    1    1    1  1.38593E+14 0.00361 
   76   76    1    1    1    1    1    1    1    1  1.56184E+14 0.00477 
   77   77    1    1    1    1    1    1    1    1  1.20173E+14 0.00454 
   78   78    1    1    1    1    1    1    1    1  9.38500E+13 0.00500 
   79   79    1    1    1    1    1    1    1    1  9.61449E+13 0.00465 
   80   80    1    1    1    1    1    1    1    1  7.02032E+13 0.00466 
   81   81    1    1    1    1    1    1    1    1  5.40385E+13 0.00457 
   82   82    1    1    1    1    1    1    1    1  4.15170E+13 0.00708 
   83   83    1    1    1    1    1    1    1    1  3.86099E+13 0.00591 
   84   84    1    1    1    1    1    1    1    1  2.75993E+13 0.00715 
   85   85    1    1    1    1    1    1    1    1  2.00149E+13 0.00631 
   86   86    1    1    1    1    1    1    1    1  1.85836E+13 0.00563 
   87   87    1    1    1    1    1    1    1    1  1.14491E+13 0.01114 
   88   88    1    1    1    1    1    1    1    1  7.88947E+12 0.01438 
   89   89    1    1    1    1    1    1    1    1  4.51989E+12 0.01306 
   90   90    1    1    1    1    1    1    1    1  3.08647E+12 0.01689 
   91   91    1    1    1    1    1    1    1    1  1.51693E+12 0.02028 
   92   92    1    1    1    1    1    1    1    1  7.27909E+11 0.03965 
   93   93    1    1    1    1    1    1    1    1  3.68207E+11 0.04580 
   94   94    1    1    1    1    1    1    1    1  1.80713E+11 0.06794 
   95   95    1    1    1    1    1    1    1    1  8.94670E+10 0.10622 
   96   96    1    1    1    1    1    1    1    1  3.42253E+10 0.15875 
   97   97    1    1    1    1    1    1    1    1  1.68003E+10 0.19954 
   98   98    1    1    1    1    1    1    1    1  1.06118E+10 0.46443 
   99   99    1    1    1    1    1    1    1    1  5.26764E+09 0.39627 
  100  100    1    1    1    1    1    1    1    1  5.63337E+09 0.34869 
];


