
DETdpaspec = [
    1    1    1    1    1    1    1    1    1    1  0.00000E+00 0.00000 
    2    2    1    1    1    1    1    1    1    1  0.00000E+00 0.00000 
    3    3    1    1    1    1    1    1    1    1  0.00000E+00 0.00000 
    4    4    1    1    1    1    1    1    1    1  0.00000E+00 0.00000 
    5    5    1    1    1    1    1    1    1    1  1.04357E+07 1.00000 
    6    6    1    1    1    1    1    1    1    1  0.00000E+00 0.00000 
    7    7    1    1    1    1    1    1    1    1  0.00000E+00 0.00000 
    8    8    1    1    1    1    1    1    1    1  4.15610E+07 1.00000 
    9    9    1    1    1    1    1    1    1    1  0.00000E+00 0.00000 
   10   10    1    1    1    1    1    1    1    1  4.57797E+07 1.00000 
   11   11    1    1    1    1    1    1    1    1  4.14338E+08 0.84255 
   12   12    1    1    1    1    1    1    1    1  4.62763E+07 0.68830 
   13   13    1    1    1    1    1    1    1    1  8.02475E+08 0.51706 
   14   14    1    1    1    1    1    1    1    1  5.45300E+08 1.00000 
   15   15    1    1    1    1    1    1    1    1  3.72052E+09 0.59524 
   16   16    1    1    1    1    1    1    1    1  9.57094E+08 0.33939 
   17   17    1    1    1    1    1    1    1    1  2.24941E+09 0.25207 
   18   18    1    1    1    1    1    1    1    1  4.65204E+09 0.31012 
   19   19    1    1    1    1    1    1    1    1  4.67950E+09 0.31109 
   20   20    1    1    1    1    1    1    1    1  2.71397E+10 0.16447 
   21   21    1    1    1    1    1    1    1    1  1.54712E+10 0.14385 
   22   22    1    1    1    1    1    1    1    1  4.87039E+10 0.12350 
   23   23    1    1    1    1    1    1    1    1  6.06214E+10 0.08108 
   24   24    1    1    1    1    1    1    1    1  8.92079E+10 0.07068 
   25   25    1    1    1    1    1    1    1    1  1.09720E+11 0.07299 
   26   26    1    1    1    1    1    1    1    1  1.74349E+11 0.06312 
   27   27    1    1    1    1    1    1    1    1  3.28964E+11 0.03785 
   28   28    1    1    1    1    1    1    1    1  5.63044E+11 0.03907 
   29   29    1    1    1    1    1    1    1    1  7.61816E+11 0.03100 
   30   30    1    1    1    1    1    1    1    1  2.40279E+12 0.01555 
   31   31    1    1    1    1    1    1    1    1  7.20746E+12 0.00906 
   32   32    1    1    1    1    1    1    1    1  1.33262E+13 0.00649 
   33   33    1    1    1    1    1    1    1    1  2.87836E+13 0.00735 
   34   34    1    1    1    1    1    1    1    1  3.76814E+13 0.00526 
   35   35    1    1    1    1    1    1    1    1  5.51198E+13 0.00419 
   36   36    1    1    1    1    1    1    1    1  3.86533E+13 0.00397 
   37   37    1    1    1    1    1    1    1    1  1.23089E+13 0.00541 
   38   38    1    1    1    1    1    1    1    1  6.62805E+13 0.00463 
   39   39    1    1    1    1    1    1    1    1  8.83142E+13 0.00456 
   40   40    1    1    1    1    1    1    1    1  1.45719E+14 0.00386 
   41   41    1    1    1    1    1    1    1    1  1.52643E+14 0.00347 
   42   42    1    1    1    1    1    1    1    1  3.11944E+14 0.00305 
   43   43    1    1    1    1    1    1    1    1  3.73120E+14 0.00296 
   44   44    1    1    1    1    1    1    1    1  5.28722E+14 0.00316 
   45   45    1    1    1    1    1    1    1    1  1.00201E+15 0.00295 
   46   46    1    1    1    1    1    1    1    1  4.70182E+14 0.00290 
   47   47    1    1    1    1    1    1    1    1  7.65673E+14 0.00294 
   48   48    1    1    1    1    1    1    1    1  1.05318E+15 0.00296 
   49   49    1    1    1    1    1    1    1    1  1.04287E+15 0.00321 
   50   50    1    1    1    1    1    1    1    1  1.57112E+15 0.00294 
   51   51    1    1    1    1    1    1    1    1  1.27689E+15 0.00283 
   52   52    1    1    1    1    1    1    1    1  1.45410E+15 0.00286 
   53   53    1    1    1    1    1    1    1    1  1.01274E+15 0.00334 
   54   54    1    1    1    1    1    1    1    1  1.19053E+15 0.00328 
   55   55    1    1    1    1    1    1    1    1  8.22667E+14 0.00320 
   56   56    1    1    1    1    1    1    1    1  1.12938E+14 0.00331 
   57   57    1    1    1    1    1    1    1    1  1.63487E+15 0.00342 
   58   58    1    1    1    1    1    1    1    1  6.94022E+14 0.00365 
   59   59    1    1    1    1    1    1    1    1  7.42596E+14 0.00383 
   60   60    1    1    1    1    1    1    1    1  5.57789E+14 0.00423 
   61   61    1    1    1    1    1    1    1    1  5.62713E+14 0.00390 
   62   62    1    1    1    1    1    1    1    1  5.81028E+14 0.00376 
   63   63    1    1    1    1    1    1    1    1  4.82032E+14 0.00362 
   64   64    1    1    1    1    1    1    1    1  3.82998E+14 0.00340 
   65   65    1    1    1    1    1    1    1    1  3.77656E+14 0.00352 
   66   66    1    1    1    1    1    1    1    1  2.71178E+14 0.00398 
   67   67    1    1    1    1    1    1    1    1  2.23467E+14 0.00378 
   68   68    1    1    1    1    1    1    1    1  2.00787E+14 0.00395 
   69   69    1    1    1    1    1    1    1    1  2.40577E+14 0.00438 
   70   70    1    1    1    1    1    1    1    1  2.04586E+14 0.00498 
   71   71    1    1    1    1    1    1    1    1  3.82064E+14 0.00446 
   72   72    1    1    1    1    1    1    1    1  2.70464E+14 0.00462 
   73   73    1    1    1    1    1    1    1    1  2.01906E+14 0.00392 
   74   74    1    1    1    1    1    1    1    1  1.57859E+14 0.00465 
   75   75    1    1    1    1    1    1    1    1  1.28444E+14 0.00360 
   76   76    1    1    1    1    1    1    1    1  1.44071E+14 0.00489 
   77   77    1    1    1    1    1    1    1    1  1.11560E+14 0.00403 
   78   78    1    1    1    1    1    1    1    1  8.70363E+13 0.00480 
   79   79    1    1    1    1    1    1    1    1  8.87765E+13 0.00552 
   80   80    1    1    1    1    1    1    1    1  6.50040E+13 0.00558 
   81   81    1    1    1    1    1    1    1    1  4.92278E+13 0.00423 
   82   82    1    1    1    1    1    1    1    1  3.77388E+13 0.00566 
   83   83    1    1    1    1    1    1    1    1  3.51694E+13 0.00500 
   84   84    1    1    1    1    1    1    1    1  2.53671E+13 0.00595 
   85   85    1    1    1    1    1    1    1    1  1.83348E+13 0.00773 
   86   86    1    1    1    1    1    1    1    1  1.70213E+13 0.00715 
   87   87    1    1    1    1    1    1    1    1  1.07553E+13 0.00888 
   88   88    1    1    1    1    1    1    1    1  7.16072E+12 0.01113 
   89   89    1    1    1    1    1    1    1    1  4.13228E+12 0.01720 
   90   90    1    1    1    1    1    1    1    1  2.77908E+12 0.01335 
   91   91    1    1    1    1    1    1    1    1  1.41436E+12 0.02240 
   92   92    1    1    1    1    1    1    1    1  6.35464E+11 0.03247 
   93   93    1    1    1    1    1    1    1    1  3.44931E+11 0.04955 
   94   94    1    1    1    1    1    1    1    1  1.67647E+11 0.05856 
   95   95    1    1    1    1    1    1    1    1  7.44980E+10 0.12055 
   96   96    1    1    1    1    1    1    1    1  2.88146E+10 0.18916 
   97   97    1    1    1    1    1    1    1    1  1.53952E+10 0.17640 
   98   98    1    1    1    1    1    1    1    1  9.98816E+09 0.23628 
   99   99    1    1    1    1    1    1    1    1  0.00000E+00 0.00000 
  100  100    1    1    1    1    1    1    1    1  3.07963E+09 0.42334 
];


