
DETdpaspec = [
    1    1    1    1    1    1    1    1    1    1  0.00000E+00 0.00000 
    2    2    1    1    1    1    1    1    1    1  0.00000E+00 0.00000 
    3    3    1    1    1    1    1    1    1    1  0.00000E+00 0.00000 
    4    4    1    1    1    1    1    1    1    1  0.00000E+00 0.00000 
    5    5    1    1    1    1    1    1    1    1  0.00000E+00 0.00000 
    6    6    1    1    1    1    1    1    1    1  0.00000E+00 0.00000 
    7    7    1    1    1    1    1    1    1    1  0.00000E+00 0.00000 
    8    8    1    1    1    1    1    1    1    1  0.00000E+00 0.00000 
    9    9    1    1    1    1    1    1    1    1  0.00000E+00 0.00000 
   10   10    1    1    1    1    1    1    1    1  1.27058E+08 1.00000 
   11   11    1    1    1    1    1    1    1    1  1.61384E+08 0.54832 
   12   12    1    1    1    1    1    1    1    1  2.26502E+07 1.00000 
   13   13    1    1    1    1    1    1    1    1  2.34730E+08 0.68908 
   14   14    1    1    1    1    1    1    1    1  1.09300E+09 0.45160 
   15   15    1    1    1    1    1    1    1    1  4.49440E+09 0.47330 
   16   16    1    1    1    1    1    1    1    1  2.06280E+09 0.44221 
   17   17    1    1    1    1    1    1    1    1  1.33148E+09 0.45081 
   18   18    1    1    1    1    1    1    1    1  4.45148E+09 0.24759 
   19   19    1    1    1    1    1    1    1    1  4.46470E+09 0.24566 
   20   20    1    1    1    1    1    1    1    1  1.98015E+10 0.18140 
   21   21    1    1    1    1    1    1    1    1  1.64028E+10 0.19620 
   22   22    1    1    1    1    1    1    1    1  4.54029E+10 0.11508 
   23   23    1    1    1    1    1    1    1    1  5.92968E+10 0.07274 
   24   24    1    1    1    1    1    1    1    1  9.85595E+10 0.07497 
   25   25    1    1    1    1    1    1    1    1  1.03242E+11 0.06715 
   26   26    1    1    1    1    1    1    1    1  1.70813E+11 0.06797 
   27   27    1    1    1    1    1    1    1    1  3.21663E+11 0.05700 
   28   28    1    1    1    1    1    1    1    1  5.58457E+11 0.03492 
   29   29    1    1    1    1    1    1    1    1  7.51959E+11 0.03093 
   30   30    1    1    1    1    1    1    1    1  2.30131E+12 0.01687 
   31   31    1    1    1    1    1    1    1    1  7.10098E+12 0.01370 
   32   32    1    1    1    1    1    1    1    1  1.32020E+13 0.00988 
   33   33    1    1    1    1    1    1    1    1  2.87098E+13 0.00630 
   34   34    1    1    1    1    1    1    1    1  3.77455E+13 0.00573 
   35   35    1    1    1    1    1    1    1    1  5.51044E+13 0.00365 
   36   36    1    1    1    1    1    1    1    1  3.85540E+13 0.00419 
   37   37    1    1    1    1    1    1    1    1  1.23490E+13 0.00379 
   38   38    1    1    1    1    1    1    1    1  6.59465E+13 0.00445 
   39   39    1    1    1    1    1    1    1    1  8.77214E+13 0.00344 
   40   40    1    1    1    1    1    1    1    1  1.45609E+14 0.00366 
   41   41    1    1    1    1    1    1    1    1  1.52514E+14 0.00340 
   42   42    1    1    1    1    1    1    1    1  3.11007E+14 0.00312 
   43   43    1    1    1    1    1    1    1    1  3.71285E+14 0.00256 
   44   44    1    1    1    1    1    1    1    1  5.27640E+14 0.00222 
   45   45    1    1    1    1    1    1    1    1  9.97796E+14 0.00238 
   46   46    1    1    1    1    1    1    1    1  4.69016E+14 0.00281 
   47   47    1    1    1    1    1    1    1    1  7.63270E+14 0.00257 
   48   48    1    1    1    1    1    1    1    1  1.05123E+15 0.00250 
   49   49    1    1    1    1    1    1    1    1  1.04200E+15 0.00244 
   50   50    1    1    1    1    1    1    1    1  1.57243E+15 0.00267 
   51   51    1    1    1    1    1    1    1    1  1.27538E+15 0.00282 
   52   52    1    1    1    1    1    1    1    1  1.45108E+15 0.00291 
   53   53    1    1    1    1    1    1    1    1  1.01186E+15 0.00269 
   54   54    1    1    1    1    1    1    1    1  1.18861E+15 0.00277 
   55   55    1    1    1    1    1    1    1    1  8.21306E+14 0.00275 
   56   56    1    1    1    1    1    1    1    1  1.12918E+14 0.00362 
   57   57    1    1    1    1    1    1    1    1  1.62767E+15 0.00284 
   58   58    1    1    1    1    1    1    1    1  6.89678E+14 0.00292 
   59   59    1    1    1    1    1    1    1    1  7.37557E+14 0.00282 
   60   60    1    1    1    1    1    1    1    1  5.55027E+14 0.00308 
   61   61    1    1    1    1    1    1    1    1  5.59337E+14 0.00264 
   62   62    1    1    1    1    1    1    1    1  5.78795E+14 0.00322 
   63   63    1    1    1    1    1    1    1    1  4.80272E+14 0.00251 
   64   64    1    1    1    1    1    1    1    1  3.80703E+14 0.00326 
   65   65    1    1    1    1    1    1    1    1  3.75541E+14 0.00332 
   66   66    1    1    1    1    1    1    1    1  2.69991E+14 0.00270 
   67   67    1    1    1    1    1    1    1    1  2.21607E+14 0.00316 
   68   68    1    1    1    1    1    1    1    1  1.99876E+14 0.00310 
   69   69    1    1    1    1    1    1    1    1  2.39470E+14 0.00302 
   70   70    1    1    1    1    1    1    1    1  2.03915E+14 0.00357 
   71   71    1    1    1    1    1    1    1    1  3.81260E+14 0.00320 
   72   72    1    1    1    1    1    1    1    1  2.69461E+14 0.00329 
   73   73    1    1    1    1    1    1    1    1  2.00751E+14 0.00325 
   74   74    1    1    1    1    1    1    1    1  1.57955E+14 0.00398 
   75   75    1    1    1    1    1    1    1    1  1.26747E+14 0.00297 
   76   76    1    1    1    1    1    1    1    1  1.43321E+14 0.00410 
   77   77    1    1    1    1    1    1    1    1  1.10462E+14 0.00355 
   78   78    1    1    1    1    1    1    1    1  8.61994E+13 0.00450 
   79   79    1    1    1    1    1    1    1    1  8.80942E+13 0.00479 
   80   80    1    1    1    1    1    1    1    1  6.44844E+13 0.00459 
   81   81    1    1    1    1    1    1    1    1  4.87652E+13 0.00592 
   82   82    1    1    1    1    1    1    1    1  3.76991E+13 0.00485 
   83   83    1    1    1    1    1    1    1    1  3.53179E+13 0.00648 
   84   84    1    1    1    1    1    1    1    1  2.52294E+13 0.00778 
   85   85    1    1    1    1    1    1    1    1  1.82333E+13 0.00800 
   86   86    1    1    1    1    1    1    1    1  1.68994E+13 0.00756 
   87   87    1    1    1    1    1    1    1    1  1.06960E+13 0.01157 
   88   88    1    1    1    1    1    1    1    1  7.17818E+12 0.01139 
   89   89    1    1    1    1    1    1    1    1  4.09252E+12 0.01726 
   90   90    1    1    1    1    1    1    1    1  2.71148E+12 0.02156 
   91   91    1    1    1    1    1    1    1    1  1.42772E+12 0.02737 
   92   92    1    1    1    1    1    1    1    1  6.37795E+11 0.03497 
   93   93    1    1    1    1    1    1    1    1  3.27467E+11 0.04341 
   94   94    1    1    1    1    1    1    1    1  1.59879E+11 0.09064 
   95   95    1    1    1    1    1    1    1    1  7.98118E+10 0.07755 
   96   96    1    1    1    1    1    1    1    1  4.51245E+10 0.16276 
   97   97    1    1    1    1    1    1    1    1  2.10211E+10 0.19911 
   98   98    1    1    1    1    1    1    1    1  7.75565E+09 0.35829 
   99   99    1    1    1    1    1    1    1    1  2.22855E+09 0.54807 
  100  100    1    1    1    1    1    1    1    1  5.37853E+09 0.35962 
];


