
DETdpaspec = [
    1    1    1    1    1    1    1    1    1    1  0.00000E+00 0.00000 
    2    2    1    1    1    1    1    1    1    1  0.00000E+00 0.00000 
    3    3    1    1    1    1    1    1    1    1  0.00000E+00 0.00000 
    4    4    1    1    1    1    1    1    1    1  9.19222E+06 1.00000 
    5    5    1    1    1    1    1    1    1    1  0.00000E+00 0.00000 
    6    6    1    1    1    1    1    1    1    1  0.00000E+00 0.00000 
    7    7    1    1    1    1    1    1    1    1  0.00000E+00 0.00000 
    8    8    1    1    1    1    1    1    1    1  0.00000E+00 0.00000 
    9    9    1    1    1    1    1    1    1    1  0.00000E+00 0.00000 
   10   10    1    1    1    1    1    1    1    1  3.77999E+07 1.00000 
   11   11    1    1    1    1    1    1    1    1  1.19632E+08 0.68827 
   12   12    1    1    1    1    1    1    1    1  3.62068E+07 0.94935 
   13   13    1    1    1    1    1    1    1    1  2.33328E+08 0.88270 
   14   14    1    1    1    1    1    1    1    1  1.37894E+09 0.51889 
   15   15    1    1    1    1    1    1    1    1  1.61678E+09 0.47402 
   16   16    1    1    1    1    1    1    1    1  8.90078E+08 0.46976 
   17   17    1    1    1    1    1    1    1    1  3.06387E+09 0.25536 
   18   18    1    1    1    1    1    1    1    1  6.18513E+09 0.29462 
   19   19    1    1    1    1    1    1    1    1  8.36656E+09 0.23904 
   20   20    1    1    1    1    1    1    1    1  1.95620E+10 0.15655 
   21   21    1    1    1    1    1    1    1    1  1.44879E+10 0.12323 
   22   22    1    1    1    1    1    1    1    1  4.51999E+10 0.14170 
   23   23    1    1    1    1    1    1    1    1  6.58740E+10 0.08338 
   24   24    1    1    1    1    1    1    1    1  8.29884E+10 0.05681 
   25   25    1    1    1    1    1    1    1    1  1.19947E+11 0.06321 
   26   26    1    1    1    1    1    1    1    1  1.84752E+11 0.05129 
   27   27    1    1    1    1    1    1    1    1  3.27384E+11 0.04100 
   28   28    1    1    1    1    1    1    1    1  5.89476E+11 0.03629 
   29   29    1    1    1    1    1    1    1    1  7.80325E+11 0.02420 
   30   30    1    1    1    1    1    1    1    1  2.57820E+12 0.01017 
   31   31    1    1    1    1    1    1    1    1  7.62033E+12 0.01240 
   32   32    1    1    1    1    1    1    1    1  1.40800E+13 0.00841 
   33   33    1    1    1    1    1    1    1    1  3.03596E+13 0.00678 
   34   34    1    1    1    1    1    1    1    1  3.94292E+13 0.00580 
   35   35    1    1    1    1    1    1    1    1  5.81439E+13 0.00546 
   36   36    1    1    1    1    1    1    1    1  4.06743E+13 0.00438 
   37   37    1    1    1    1    1    1    1    1  1.30429E+13 0.00517 
   38   38    1    1    1    1    1    1    1    1  6.96159E+13 0.00445 
   39   39    1    1    1    1    1    1    1    1  9.27578E+13 0.00438 
   40   40    1    1    1    1    1    1    1    1  1.52958E+14 0.00437 
   41   41    1    1    1    1    1    1    1    1  1.60214E+14 0.00441 
   42   42    1    1    1    1    1    1    1    1  3.25706E+14 0.00389 
   43   43    1    1    1    1    1    1    1    1  3.87358E+14 0.00450 
   44   44    1    1    1    1    1    1    1    1  5.48695E+14 0.00471 
   45   45    1    1    1    1    1    1    1    1  1.03736E+15 0.00466 
   46   46    1    1    1    1    1    1    1    1  4.87691E+14 0.00458 
   47   47    1    1    1    1    1    1    1    1  7.92963E+14 0.00452 
   48   48    1    1    1    1    1    1    1    1  1.09049E+15 0.00455 
   49   49    1    1    1    1    1    1    1    1  1.08248E+15 0.00443 
   50   50    1    1    1    1    1    1    1    1  1.63002E+15 0.00446 
   51   51    1    1    1    1    1    1    1    1  1.32973E+15 0.00460 
   52   52    1    1    1    1    1    1    1    1  1.51225E+15 0.00471 
   53   53    1    1    1    1    1    1    1    1  1.05455E+15 0.00499 
   54   54    1    1    1    1    1    1    1    1  1.23761E+15 0.00489 
   55   55    1    1    1    1    1    1    1    1  8.57124E+14 0.00518 
   56   56    1    1    1    1    1    1    1    1  1.17991E+14 0.00483 
   57   57    1    1    1    1    1    1    1    1  1.70007E+15 0.00509 
   58   58    1    1    1    1    1    1    1    1  7.21770E+14 0.00522 
   59   59    1    1    1    1    1    1    1    1  7.72377E+14 0.00506 
   60   60    1    1    1    1    1    1    1    1  5.80883E+14 0.00546 
   61   61    1    1    1    1    1    1    1    1  5.86217E+14 0.00521 
   62   62    1    1    1    1    1    1    1    1  6.03975E+14 0.00525 
   63   63    1    1    1    1    1    1    1    1  5.02646E+14 0.00574 
   64   64    1    1    1    1    1    1    1    1  3.99378E+14 0.00575 
   65   65    1    1    1    1    1    1    1    1  3.94579E+14 0.00554 
   66   66    1    1    1    1    1    1    1    1  2.82950E+14 0.00551 
   67   67    1    1    1    1    1    1    1    1  2.33025E+14 0.00591 
   68   68    1    1    1    1    1    1    1    1  2.09697E+14 0.00591 
   69   69    1    1    1    1    1    1    1    1  2.51213E+14 0.00527 
   70   70    1    1    1    1    1    1    1    1  2.14661E+14 0.00609 
   71   71    1    1    1    1    1    1    1    1  4.01417E+14 0.00592 
   72   72    1    1    1    1    1    1    1    1  2.85312E+14 0.00542 
   73   73    1    1    1    1    1    1    1    1  2.12950E+14 0.00612 
   74   74    1    1    1    1    1    1    1    1  1.66217E+14 0.00594 
   75   75    1    1    1    1    1    1    1    1  1.34558E+14 0.00691 
   76   76    1    1    1    1    1    1    1    1  1.51312E+14 0.00583 
   77   77    1    1    1    1    1    1    1    1  1.15963E+14 0.00697 
   78   78    1    1    1    1    1    1    1    1  9.06016E+13 0.00620 
   79   79    1    1    1    1    1    1    1    1  9.23967E+13 0.00675 
   80   80    1    1    1    1    1    1    1    1  6.74670E+13 0.00691 
   81   81    1    1    1    1    1    1    1    1  5.10228E+13 0.00633 
   82   82    1    1    1    1    1    1    1    1  3.95181E+13 0.00777 
   83   83    1    1    1    1    1    1    1    1  3.67263E+13 0.00614 
   84   84    1    1    1    1    1    1    1    1  2.65313E+13 0.00715 
   85   85    1    1    1    1    1    1    1    1  1.88410E+13 0.00793 
   86   86    1    1    1    1    1    1    1    1  1.78123E+13 0.00670 
   87   87    1    1    1    1    1    1    1    1  1.11278E+13 0.01084 
   88   88    1    1    1    1    1    1    1    1  7.29284E+12 0.01125 
   89   89    1    1    1    1    1    1    1    1  4.20460E+12 0.01495 
   90   90    1    1    1    1    1    1    1    1  2.90817E+12 0.02059 
   91   91    1    1    1    1    1    1    1    1  1.42685E+12 0.02622 
   92   92    1    1    1    1    1    1    1    1  7.33238E+11 0.04106 
   93   93    1    1    1    1    1    1    1    1  3.14971E+11 0.05043 
   94   94    1    1    1    1    1    1    1    1  1.78794E+11 0.07429 
   95   95    1    1    1    1    1    1    1    1  7.41568E+10 0.12213 
   96   96    1    1    1    1    1    1    1    1  3.24800E+10 0.14601 
   97   97    1    1    1    1    1    1    1    1  1.38565E+10 0.25277 
   98   98    1    1    1    1    1    1    1    1  4.44461E+09 0.35048 
   99   99    1    1    1    1    1    1    1    1  4.13891E+09 0.36250 
  100  100    1    1    1    1    1    1    1    1  6.65820E+09 0.47323 
];


