
DETdpaspec = [
    1    1    1    1    1    1    1    1    1    1  0.00000E+00 0.00000 
    2    2    1    1    1    1    1    1    1    1  0.00000E+00 0.00000 
    3    3    1    1    1    1    1    1    1    1  0.00000E+00 0.00000 
    4    4    1    1    1    1    1    1    1    1  0.00000E+00 0.00000 
    5    5    1    1    1    1    1    1    1    1  0.00000E+00 0.00000 
    6    6    1    1    1    1    1    1    1    1  0.00000E+00 0.00000 
    7    7    1    1    1    1    1    1    1    1  0.00000E+00 0.00000 
    8    8    1    1    1    1    1    1    1    1  0.00000E+00 0.00000 
    9    9    1    1    1    1    1    1    1    1  0.00000E+00 0.00000 
   10   10    1    1    1    1    1    1    1    1  0.00000E+00 0.00000 
   11   11    1    1    1    1    1    1    1    1  0.00000E+00 0.00000 
   12   12    1    1    1    1    1    1    1    1  1.62272E+08 0.93078 
   13   13    1    1    1    1    1    1    1    1  5.10872E+08 0.56990 
   14   14    1    1    1    1    1    1    1    1  0.00000E+00 0.00000 
   15   15    1    1    1    1    1    1    1    1  6.09261E+08 0.79158 
   16   16    1    1    1    1    1    1    1    1  1.03750E+09 0.63472 
   17   17    1    1    1    1    1    1    1    1  6.08521E+09 0.30686 
   18   18    1    1    1    1    1    1    1    1  8.23565E+09 0.33979 
   19   19    1    1    1    1    1    1    1    1  8.04697E+09 0.23600 
   20   20    1    1    1    1    1    1    1    1  2.70501E+10 0.18062 
   21   21    1    1    1    1    1    1    1    1  2.64675E+10 0.13779 
   22   22    1    1    1    1    1    1    1    1  6.77801E+10 0.11176 
   23   23    1    1    1    1    1    1    1    1  1.00149E+11 0.06327 
   24   24    1    1    1    1    1    1    1    1  2.31504E+11 0.06729 
   25   25    1    1    1    1    1    1    1    1  3.13261E+11 0.06011 
   26   26    1    1    1    1    1    1    1    1  6.92981E+11 0.04220 
   27   27    1    1    1    1    1    1    1    1  1.58610E+12 0.02262 
   28   28    1    1    1    1    1    1    1    1  3.88006E+12 0.01544 
   29   29    1    1    1    1    1    1    1    1  7.33588E+12 0.01072 
   30   30    1    1    1    1    1    1    1    1  1.75248E+13 0.00691 
   31   31    1    1    1    1    1    1    1    1  4.76586E+13 0.00591 
   32   32    1    1    1    1    1    1    1    1  8.08794E+13 0.00390 
   33   33    1    1    1    1    1    1    1    1  1.82204E+14 0.00207 
   34   34    1    1    1    1    1    1    1    1  2.46977E+14 0.00201 
   35   35    1    1    1    1    1    1    1    1  2.78214E+14 0.00177 
   36   36    1    1    1    1    1    1    1    1  1.75164E+14 0.00178 
   37   37    1    1    1    1    1    1    1    1  5.19392E+13 0.00176 
   38   38    1    1    1    1    1    1    1    1  2.98007E+14 0.00185 
   39   39    1    1    1    1    1    1    1    1  4.00714E+14 0.00132 
   40   40    1    1    1    1    1    1    1    1  6.87033E+14 0.00121 
   41   41    1    1    1    1    1    1    1    1  6.74796E+14 0.00088 
   42   42    1    1    1    1    1    1    1    1  1.46400E+15 0.00091 
   43   43    1    1    1    1    1    1    1    1  1.77425E+15 0.00090 
   44   44    1    1    1    1    1    1    1    1  2.56393E+15 0.00065 
   45   45    1    1    1    1    1    1    1    1  5.10509E+15 0.00064 
   46   46    1    1    1    1    1    1    1    1  2.31788E+15 0.00073 
   47   47    1    1    1    1    1    1    1    1  3.70635E+15 0.00061 
   48   48    1    1    1    1    1    1    1    1  5.13243E+15 0.00046 
   49   49    1    1    1    1    1    1    1    1  5.04484E+15 0.00059 
   50   50    1    1    1    1    1    1    1    1  7.90072E+15 0.00063 
   51   51    1    1    1    1    1    1    1    1  6.16316E+15 0.00074 
   52   52    1    1    1    1    1    1    1    1  7.43033E+15 0.00059 
   53   53    1    1    1    1    1    1    1    1  5.10765E+15 0.00070 
   54   54    1    1    1    1    1    1    1    1  6.33842E+15 0.00066 
   55   55    1    1    1    1    1    1    1    1  4.33457E+15 0.00060 
   56   56    1    1    1    1    1    1    1    1  5.85217E+14 0.00070 
   57   57    1    1    1    1    1    1    1    1  8.57776E+15 0.00055 
   58   58    1    1    1    1    1    1    1    1  3.90049E+15 0.00051 
   59   59    1    1    1    1    1    1    1    1  4.10433E+15 0.00066 
   60   60    1    1    1    1    1    1    1    1  3.23575E+15 0.00058 
   61   61    1    1    1    1    1    1    1    1  3.22952E+15 0.00086 
   62   62    1    1    1    1    1    1    1    1  3.36722E+15 0.00080 
   63   63    1    1    1    1    1    1    1    1  2.83927E+15 0.00068 
   64   64    1    1    1    1    1    1    1    1  2.25331E+15 0.00067 
   65   65    1    1    1    1    1    1    1    1  2.23641E+15 0.00086 
   66   66    1    1    1    1    1    1    1    1  1.60661E+15 0.00078 
   67   67    1    1    1    1    1    1    1    1  1.30214E+15 0.00095 
   68   68    1    1    1    1    1    1    1    1  1.16265E+15 0.00107 
   69   69    1    1    1    1    1    1    1    1  1.39129E+15 0.00080 
   70   70    1    1    1    1    1    1    1    1  1.17923E+15 0.00086 
   71   71    1    1    1    1    1    1    1    1  2.11034E+15 0.00080 
   72   72    1    1    1    1    1    1    1    1  1.48286E+15 0.00083 
   73   73    1    1    1    1    1    1    1    1  1.11839E+15 0.00096 
   74   74    1    1    1    1    1    1    1    1  9.05563E+14 0.00130 
   75   75    1    1    1    1    1    1    1    1  7.60468E+14 0.00094 
   76   76    1    1    1    1    1    1    1    1  8.90589E+14 0.00126 
   77   77    1    1    1    1    1    1    1    1  7.12462E+14 0.00098 
   78   78    1    1    1    1    1    1    1    1  5.72517E+14 0.00123 
   79   79    1    1    1    1    1    1    1    1  5.92624E+14 0.00118 
   80   80    1    1    1    1    1    1    1    1  4.41188E+14 0.00127 
   81   81    1    1    1    1    1    1    1    1  3.40774E+14 0.00144 
   82   82    1    1    1    1    1    1    1    1  2.61304E+14 0.00155 
   83   83    1    1    1    1    1    1    1    1  2.44847E+14 0.00236 
   84   84    1    1    1    1    1    1    1    1  1.76103E+14 0.00167 
   85   85    1    1    1    1    1    1    1    1  1.27226E+14 0.00319 
   86   86    1    1    1    1    1    1    1    1  1.18333E+14 0.00298 
   87   87    1    1    1    1    1    1    1    1  7.27432E+13 0.00337 
   88   88    1    1    1    1    1    1    1    1  4.90509E+13 0.00396 
   89   89    1    1    1    1    1    1    1    1  2.79549E+13 0.00617 
   90   90    1    1    1    1    1    1    1    1  1.86389E+13 0.00572 
   91   91    1    1    1    1    1    1    1    1  9.25237E+12 0.01028 
   92   92    1    1    1    1    1    1    1    1  4.44227E+12 0.01250 
   93   93    1    1    1    1    1    1    1    1  2.14293E+12 0.02092 
   94   94    1    1    1    1    1    1    1    1  1.01294E+12 0.02922 
   95   95    1    1    1    1    1    1    1    1  4.86962E+11 0.04859 
   96   96    1    1    1    1    1    1    1    1  2.29736E+11 0.06313 
   97   97    1    1    1    1    1    1    1    1  1.09402E+11 0.08853 
   98   98    1    1    1    1    1    1    1    1  5.37953E+10 0.10980 
   99   99    1    1    1    1    1    1    1    1  1.88155E+10 0.21913 
  100  100    1    1    1    1    1    1    1    1  2.77557E+10 0.19451 
];


