
DETdpaspec = [
    1    1    1    1    1    1    1    1    1    1  0.00000E+00 0.00000 
    2    2    1    1    1    1    1    1    1    1  0.00000E+00 0.00000 
    3    3    1    1    1    1    1    1    1    1  0.00000E+00 0.00000 
    4    4    1    1    1    1    1    1    1    1  0.00000E+00 0.00000 
    5    5    1    1    1    1    1    1    1    1  0.00000E+00 0.00000 
    6    6    1    1    1    1    1    1    1    1  0.00000E+00 0.00000 
    7    7    1    1    1    1    1    1    1    1  0.00000E+00 0.00000 
    8    8    1    1    1    1    1    1    1    1  0.00000E+00 0.00000 
    9    9    1    1    1    1    1    1    1    1  2.18384E+07 1.00000 
   10   10    1    1    1    1    1    1    1    1  0.00000E+00 0.00000 
   11   11    1    1    1    1    1    1    1    1  0.00000E+00 0.00000 
   12   12    1    1    1    1    1    1    1    1  1.41704E+08 1.00000 
   13   13    1    1    1    1    1    1    1    1  1.11798E+09 0.54503 
   14   14    1    1    1    1    1    1    1    1  8.96268E+08 0.87542 
   15   15    1    1    1    1    1    1    1    1  2.66042E+09 0.54325 
   16   16    1    1    1    1    1    1    1    1  1.37534E+09 0.37558 
   17   17    1    1    1    1    1    1    1    1  1.58389E+09 0.36078 
   18   18    1    1    1    1    1    1    1    1  8.93863E+09 0.26942 
   19   19    1    1    1    1    1    1    1    1  4.34409E+09 0.48107 
   20   20    1    1    1    1    1    1    1    1  2.12620E+10 0.17230 
   21   21    1    1    1    1    1    1    1    1  1.70174E+10 0.13196 
   22   22    1    1    1    1    1    1    1    1  3.85053E+10 0.12741 
   23   23    1    1    1    1    1    1    1    1  6.28560E+10 0.11117 
   24   24    1    1    1    1    1    1    1    1  8.25623E+10 0.09183 
   25   25    1    1    1    1    1    1    1    1  1.01180E+11 0.08862 
   26   26    1    1    1    1    1    1    1    1  1.69161E+11 0.05020 
   27   27    1    1    1    1    1    1    1    1  3.07544E+11 0.04918 
   28   28    1    1    1    1    1    1    1    1  5.41928E+11 0.03015 
   29   29    1    1    1    1    1    1    1    1  7.78201E+11 0.02624 
   30   30    1    1    1    1    1    1    1    1  2.46628E+12 0.01745 
   31   31    1    1    1    1    1    1    1    1  7.24102E+12 0.01442 
   32   32    1    1    1    1    1    1    1    1  1.35120E+13 0.00892 
   33   33    1    1    1    1    1    1    1    1  2.91447E+13 0.00405 
   34   34    1    1    1    1    1    1    1    1  3.82286E+13 0.00313 
   35   35    1    1    1    1    1    1    1    1  5.57995E+13 0.00278 
   36   36    1    1    1    1    1    1    1    1  3.89841E+13 0.00336 
   37   37    1    1    1    1    1    1    1    1  1.23920E+13 0.00423 
   38   38    1    1    1    1    1    1    1    1  6.69734E+13 0.00336 
   39   39    1    1    1    1    1    1    1    1  8.98346E+13 0.00387 
   40   40    1    1    1    1    1    1    1    1  1.48664E+14 0.00326 
   41   41    1    1    1    1    1    1    1    1  1.55653E+14 0.00304 
   42   42    1    1    1    1    1    1    1    1  3.18383E+14 0.00253 
   43   43    1    1    1    1    1    1    1    1  3.80711E+14 0.00285 
   44   44    1    1    1    1    1    1    1    1  5.41856E+14 0.00273 
   45   45    1    1    1    1    1    1    1    1  1.02572E+15 0.00269 
   46   46    1    1    1    1    1    1    1    1  4.82133E+14 0.00268 
   47   47    1    1    1    1    1    1    1    1  7.83813E+14 0.00288 
   48   48    1    1    1    1    1    1    1    1  1.07940E+15 0.00274 
   49   49    1    1    1    1    1    1    1    1  1.07046E+15 0.00275 
   50   50    1    1    1    1    1    1    1    1  1.61566E+15 0.00290 
   51   51    1    1    1    1    1    1    1    1  1.30900E+15 0.00323 
   52   52    1    1    1    1    1    1    1    1  1.49244E+15 0.00243 
   53   53    1    1    1    1    1    1    1    1  1.03797E+15 0.00272 
   54   54    1    1    1    1    1    1    1    1  1.22009E+15 0.00303 
   55   55    1    1    1    1    1    1    1    1  8.42841E+14 0.00319 
   56   56    1    1    1    1    1    1    1    1  1.16180E+14 0.00384 
   57   57    1    1    1    1    1    1    1    1  1.67304E+15 0.00303 
   58   58    1    1    1    1    1    1    1    1  7.10685E+14 0.00287 
   59   59    1    1    1    1    1    1    1    1  7.59011E+14 0.00323 
   60   60    1    1    1    1    1    1    1    1  5.70912E+14 0.00332 
   61   61    1    1    1    1    1    1    1    1  5.75488E+14 0.00311 
   62   62    1    1    1    1    1    1    1    1  5.93925E+14 0.00329 
   63   63    1    1    1    1    1    1    1    1  4.93004E+14 0.00350 
   64   64    1    1    1    1    1    1    1    1  3.91257E+14 0.00328 
   65   65    1    1    1    1    1    1    1    1  3.86646E+14 0.00399 
   66   66    1    1    1    1    1    1    1    1  2.77180E+14 0.00350 
   67   67    1    1    1    1    1    1    1    1  2.27574E+14 0.00400 
   68   68    1    1    1    1    1    1    1    1  2.05666E+14 0.00409 
   69   69    1    1    1    1    1    1    1    1  2.46399E+14 0.00381 
   70   70    1    1    1    1    1    1    1    1  2.09661E+14 0.00423 
   71   71    1    1    1    1    1    1    1    1  3.89851E+14 0.00375 
   72   72    1    1    1    1    1    1    1    1  2.76649E+14 0.00378 
   73   73    1    1    1    1    1    1    1    1  2.06618E+14 0.00358 
   74   74    1    1    1    1    1    1    1    1  1.61686E+14 0.00494 
   75   75    1    1    1    1    1    1    1    1  1.30182E+14 0.00333 
   76   76    1    1    1    1    1    1    1    1  1.47815E+14 0.00423 
   77   77    1    1    1    1    1    1    1    1  1.13709E+14 0.00470 
   78   78    1    1    1    1    1    1    1    1  8.91548E+13 0.00516 
   79   79    1    1    1    1    1    1    1    1  9.03966E+13 0.00515 
   80   80    1    1    1    1    1    1    1    1  6.63483E+13 0.00459 
   81   81    1    1    1    1    1    1    1    1  5.04842E+13 0.00743 
   82   82    1    1    1    1    1    1    1    1  3.83730E+13 0.00597 
   83   83    1    1    1    1    1    1    1    1  3.63663E+13 0.00401 
   84   84    1    1    1    1    1    1    1    1  2.60800E+13 0.00685 
   85   85    1    1    1    1    1    1    1    1  1.86837E+13 0.00494 
   86   86    1    1    1    1    1    1    1    1  1.75927E+13 0.00599 
   87   87    1    1    1    1    1    1    1    1  1.06706E+13 0.00956 
   88   88    1    1    1    1    1    1    1    1  7.39869E+12 0.01120 
   89   89    1    1    1    1    1    1    1    1  4.28242E+12 0.01826 
   90   90    1    1    1    1    1    1    1    1  2.78776E+12 0.01496 
   91   91    1    1    1    1    1    1    1    1  1.41064E+12 0.02880 
   92   92    1    1    1    1    1    1    1    1  6.87279E+11 0.02878 
   93   93    1    1    1    1    1    1    1    1  3.36894E+11 0.05159 
   94   94    1    1    1    1    1    1    1    1  1.60477E+11 0.07909 
   95   95    1    1    1    1    1    1    1    1  7.47866E+10 0.11802 
   96   96    1    1    1    1    1    1    1    1  3.64062E+10 0.14446 
   97   97    1    1    1    1    1    1    1    1  1.54447E+10 0.21657 
   98   98    1    1    1    1    1    1    1    1  1.11557E+10 0.24857 
   99   99    1    1    1    1    1    1    1    1  2.25389E+09 0.42582 
  100  100    1    1    1    1    1    1    1    1  2.20574E+09 0.59484 
];


