
DETdpaspec = [
    1    1    1    1    1    1    1    1    1    1  0.00000E+00 0.00000 
    2    2    1    1    1    1    1    1    1    1  0.00000E+00 0.00000 
    3    3    1    1    1    1    1    1    1    1  0.00000E+00 0.00000 
    4    4    1    1    1    1    1    1    1    1  0.00000E+00 0.00000 
    5    5    1    1    1    1    1    1    1    1  0.00000E+00 0.00000 
    6    6    1    1    1    1    1    1    1    1  0.00000E+00 0.00000 
    7    7    1    1    1    1    1    1    1    1  0.00000E+00 0.00000 
    8    8    1    1    1    1    1    1    1    1  4.06478E+07 0.69205 
    9    9    1    1    1    1    1    1    1    1  0.00000E+00 0.00000 
   10   10    1    1    1    1    1    1    1    1  0.00000E+00 0.00000 
   11   11    1    1    1    1    1    1    1    1  3.48362E+08 0.70078 
   12   12    1    1    1    1    1    1    1    1  1.43402E+08 0.62926 
   13   13    1    1    1    1    1    1    1    1  1.27716E+09 0.67102 
   14   14    1    1    1    1    1    1    1    1  1.28338E+09 0.52482 
   15   15    1    1    1    1    1    1    1    1  1.45437E+09 0.79450 
   16   16    1    1    1    1    1    1    1    1  1.08204E+09 0.41683 
   17   17    1    1    1    1    1    1    1    1  1.71269E+09 0.27896 
   18   18    1    1    1    1    1    1    1    1  3.46926E+09 0.31801 
   19   19    1    1    1    1    1    1    1    1  7.89837E+09 0.24815 
   20   20    1    1    1    1    1    1    1    1  2.20124E+10 0.16672 
   21   21    1    1    1    1    1    1    1    1  1.20970E+10 0.17652 
   22   22    1    1    1    1    1    1    1    1  4.59968E+10 0.10421 
   23   23    1    1    1    1    1    1    1    1  7.05224E+10 0.06556 
   24   24    1    1    1    1    1    1    1    1  1.00562E+11 0.07607 
   25   25    1    1    1    1    1    1    1    1  1.22360E+11 0.05268 
   26   26    1    1    1    1    1    1    1    1  1.86604E+11 0.05349 
   27   27    1    1    1    1    1    1    1    1  3.21846E+11 0.03583 
   28   28    1    1    1    1    1    1    1    1  5.73886E+11 0.02609 
   29   29    1    1    1    1    1    1    1    1  8.12311E+11 0.02320 
   30   30    1    1    1    1    1    1    1    1  2.63233E+12 0.01787 
   31   31    1    1    1    1    1    1    1    1  7.95253E+12 0.01198 
   32   32    1    1    1    1    1    1    1    1  1.48816E+13 0.00681 
   33   33    1    1    1    1    1    1    1    1  3.31222E+13 0.00628 
   34   34    1    1    1    1    1    1    1    1  4.37772E+13 0.00523 
   35   35    1    1    1    1    1    1    1    1  6.30925E+13 0.00428 
   36   36    1    1    1    1    1    1    1    1  4.42273E+13 0.00386 
   37   37    1    1    1    1    1    1    1    1  1.40419E+13 0.00390 
   38   38    1    1    1    1    1    1    1    1  7.59221E+13 0.00353 
   39   39    1    1    1    1    1    1    1    1  1.01438E+14 0.00375 
   40   40    1    1    1    1    1    1    1    1  1.69332E+14 0.00375 
   41   41    1    1    1    1    1    1    1    1  1.76891E+14 0.00316 
   42   42    1    1    1    1    1    1    1    1  3.64421E+14 0.00265 
   43   43    1    1    1    1    1    1    1    1  4.35897E+14 0.00248 
   44   44    1    1    1    1    1    1    1    1  6.23280E+14 0.00228 
   45   45    1    1    1    1    1    1    1    1  1.18720E+15 0.00197 
   46   46    1    1    1    1    1    1    1    1  5.56978E+14 0.00193 
   47   47    1    1    1    1    1    1    1    1  9.06282E+14 0.00195 
   48   48    1    1    1    1    1    1    1    1  1.25066E+15 0.00186 
   49   49    1    1    1    1    1    1    1    1  1.23950E+15 0.00178 
   50   50    1    1    1    1    1    1    1    1  1.87200E+15 0.00190 
   51   51    1    1    1    1    1    1    1    1  1.51698E+15 0.00205 
   52   52    1    1    1    1    1    1    1    1  1.73539E+15 0.00193 
   53   53    1    1    1    1    1    1    1    1  1.20728E+15 0.00177 
   54   54    1    1    1    1    1    1    1    1  1.42609E+15 0.00199 
   55   55    1    1    1    1    1    1    1    1  9.84306E+14 0.00246 
   56   56    1    1    1    1    1    1    1    1  1.34946E+14 0.00257 
   57   57    1    1    1    1    1    1    1    1  1.95030E+15 0.00230 
   58   58    1    1    1    1    1    1    1    1  8.31732E+14 0.00234 
   59   59    1    1    1    1    1    1    1    1  8.89306E+14 0.00232 
   60   60    1    1    1    1    1    1    1    1  6.70501E+14 0.00259 
   61   61    1    1    1    1    1    1    1    1  6.73254E+14 0.00253 
   62   62    1    1    1    1    1    1    1    1  6.96756E+14 0.00235 
   63   63    1    1    1    1    1    1    1    1  5.77865E+14 0.00225 
   64   64    1    1    1    1    1    1    1    1  4.59788E+14 0.00262 
   65   65    1    1    1    1    1    1    1    1  4.53979E+14 0.00310 
   66   66    1    1    1    1    1    1    1    1  3.24765E+14 0.00290 
   67   67    1    1    1    1    1    1    1    1  2.66723E+14 0.00307 
   68   68    1    1    1    1    1    1    1    1  2.40059E+14 0.00258 
   69   69    1    1    1    1    1    1    1    1  2.87451E+14 0.00225 
   70   70    1    1    1    1    1    1    1    1  2.45518E+14 0.00267 
   71   71    1    1    1    1    1    1    1    1  4.55146E+14 0.00281 
   72   72    1    1    1    1    1    1    1    1  3.22246E+14 0.00359 
   73   73    1    1    1    1    1    1    1    1  2.39955E+14 0.00336 
   74   74    1    1    1    1    1    1    1    1  1.89058E+14 0.00324 
   75   75    1    1    1    1    1    1    1    1  1.53115E+14 0.00351 
   76   76    1    1    1    1    1    1    1    1  1.73199E+14 0.00365 
   77   77    1    1    1    1    1    1    1    1  1.33323E+14 0.00360 
   78   78    1    1    1    1    1    1    1    1  1.04718E+14 0.00361 
   79   79    1    1    1    1    1    1    1    1  1.06899E+14 0.00368 
   80   80    1    1    1    1    1    1    1    1  7.85073E+13 0.00411 
   81   81    1    1    1    1    1    1    1    1  6.01113E+13 0.00375 
   82   82    1    1    1    1    1    1    1    1  4.58040E+13 0.00452 
   83   83    1    1    1    1    1    1    1    1  4.23468E+13 0.00474 
   84   84    1    1    1    1    1    1    1    1  3.07646E+13 0.00538 
   85   85    1    1    1    1    1    1    1    1  2.19602E+13 0.00772 
   86   86    1    1    1    1    1    1    1    1  2.07256E+13 0.00786 
   87   87    1    1    1    1    1    1    1    1  1.26283E+13 0.00784 
   88   88    1    1    1    1    1    1    1    1  8.59706E+12 0.01054 
   89   89    1    1    1    1    1    1    1    1  5.04643E+12 0.01349 
   90   90    1    1    1    1    1    1    1    1  3.33507E+12 0.01187 
   91   91    1    1    1    1    1    1    1    1  1.73958E+12 0.02186 
   92   92    1    1    1    1    1    1    1    1  8.04446E+11 0.03114 
   93   93    1    1    1    1    1    1    1    1  3.98124E+11 0.03457 
   94   94    1    1    1    1    1    1    1    1  1.82231E+11 0.05959 
   95   95    1    1    1    1    1    1    1    1  8.89510E+10 0.08369 
   96   96    1    1    1    1    1    1    1    1  4.90004E+10 0.13746 
   97   97    1    1    1    1    1    1    1    1  2.20179E+10 0.17927 
   98   98    1    1    1    1    1    1    1    1  1.46326E+10 0.28114 
   99   99    1    1    1    1    1    1    1    1  6.33445E+09 0.29667 
  100  100    1    1    1    1    1    1    1    1  5.98420E+09 0.35847 
];


