
DETdpaspec = [
    1    1    1    1    1    1    1    1    1    1  0.00000E+00 0.00000 
    2    2    1    1    1    1    1    1    1    1  0.00000E+00 0.00000 
    3    3    1    1    1    1    1    1    1    1  0.00000E+00 0.00000 
    4    4    1    1    1    1    1    1    1    1  0.00000E+00 0.00000 
    5    5    1    1    1    1    1    1    1    1  0.00000E+00 0.00000 
    6    6    1    1    1    1    1    1    1    1  1.08063E+07 1.00000 
    7    7    1    1    1    1    1    1    1    1  0.00000E+00 0.00000 
    8    8    1    1    1    1    1    1    1    1  0.00000E+00 0.00000 
    9    9    1    1    1    1    1    1    1    1  0.00000E+00 0.00000 
   10   10    1    1    1    1    1    1    1    1  0.00000E+00 0.00000 
   11   11    1    1    1    1    1    1    1    1  0.00000E+00 0.00000 
   12   12    1    1    1    1    1    1    1    1  5.57788E+07 0.96421 
   13   13    1    1    1    1    1    1    1    1  9.04712E+08 0.63547 
   14   14    1    1    1    1    1    1    1    1  2.18672E+09 0.46345 
   15   15    1    1    1    1    1    1    1    1  4.90421E+09 0.36583 
   16   16    1    1    1    1    1    1    1    1  2.00851E+09 0.31401 
   17   17    1    1    1    1    1    1    1    1  1.81133E+09 0.41935 
   18   18    1    1    1    1    1    1    1    1  7.04487E+09 0.21235 
   19   19    1    1    1    1    1    1    1    1  9.87521E+09 0.16074 
   20   20    1    1    1    1    1    1    1    1  3.55417E+10 0.16835 
   21   21    1    1    1    1    1    1    1    1  2.36257E+10 0.11517 
   22   22    1    1    1    1    1    1    1    1  7.42159E+10 0.08289 
   23   23    1    1    1    1    1    1    1    1  8.38722E+10 0.06501 
   24   24    1    1    1    1    1    1    1    1  1.38013E+11 0.05869 
   25   25    1    1    1    1    1    1    1    1  1.73346E+11 0.07491 
   26   26    1    1    1    1    1    1    1    1  2.63225E+11 0.05449 
   27   27    1    1    1    1    1    1    1    1  4.71139E+11 0.05041 
   28   28    1    1    1    1    1    1    1    1  8.50128E+11 0.02399 
   29   29    1    1    1    1    1    1    1    1  1.24466E+12 0.02052 
   30   30    1    1    1    1    1    1    1    1  3.78929E+12 0.01442 
   31   31    1    1    1    1    1    1    1    1  1.19667E+13 0.00759 
   32   32    1    1    1    1    1    1    1    1  2.29616E+13 0.00378 
   33   33    1    1    1    1    1    1    1    1  5.21582E+13 0.00272 
   34   34    1    1    1    1    1    1    1    1  7.05898E+13 0.00383 
   35   35    1    1    1    1    1    1    1    1  1.00921E+14 0.00347 
   36   36    1    1    1    1    1    1    1    1  7.04519E+13 0.00244 
   37   37    1    1    1    1    1    1    1    1  2.22694E+13 0.00356 
   38   38    1    1    1    1    1    1    1    1  1.21462E+14 0.00296 
   39   39    1    1    1    1    1    1    1    1  1.63697E+14 0.00263 
   40   40    1    1    1    1    1    1    1    1  2.76168E+14 0.00242 
   41   41    1    1    1    1    1    1    1    1  2.86835E+14 0.00219 
   42   42    1    1    1    1    1    1    1    1  5.98457E+14 0.00194 
   43   43    1    1    1    1    1    1    1    1  7.22726E+14 0.00183 
   44   44    1    1    1    1    1    1    1    1  1.04080E+15 0.00206 
   45   45    1    1    1    1    1    1    1    1  2.01742E+15 0.00206 
   46   46    1    1    1    1    1    1    1    1  9.50394E+14 0.00242 
   47   47    1    1    1    1    1    1    1    1  1.54702E+15 0.00220 
   48   48    1    1    1    1    1    1    1    1  2.14977E+15 0.00182 
   49   49    1    1    1    1    1    1    1    1  2.13854E+15 0.00214 
   50   50    1    1    1    1    1    1    1    1  3.26146E+15 0.00219 
   51   51    1    1    1    1    1    1    1    1  2.64023E+15 0.00218 
   52   52    1    1    1    1    1    1    1    1  3.06015E+15 0.00217 
   53   53    1    1    1    1    1    1    1    1  2.13434E+15 0.00221 
   54   54    1    1    1    1    1    1    1    1  2.54427E+15 0.00193 
   55   55    1    1    1    1    1    1    1    1  1.75666E+15 0.00185 
   56   56    1    1    1    1    1    1    1    1  2.40462E+14 0.00207 
   57   57    1    1    1    1    1    1    1    1  3.49131E+15 0.00176 
   58   58    1    1    1    1    1    1    1    1  1.50713E+15 0.00220 
   59   59    1    1    1    1    1    1    1    1  1.61030E+15 0.00195 
   60   60    1    1    1    1    1    1    1    1  1.22465E+15 0.00240 
   61   61    1    1    1    1    1    1    1    1  1.23267E+15 0.00238 
   62   62    1    1    1    1    1    1    1    1  1.27777E+15 0.00244 
   63   63    1    1    1    1    1    1    1    1  1.06553E+15 0.00234 
   64   64    1    1    1    1    1    1    1    1  8.47255E+14 0.00227 
   65   65    1    1    1    1    1    1    1    1  8.38968E+14 0.00239 
   66   66    1    1    1    1    1    1    1    1  6.01183E+14 0.00299 
   67   67    1    1    1    1    1    1    1    1  4.93330E+14 0.00326 
   68   68    1    1    1    1    1    1    1    1  4.44053E+14 0.00258 
   69   69    1    1    1    1    1    1    1    1  5.31907E+14 0.00285 
   70   70    1    1    1    1    1    1    1    1  4.53640E+14 0.00285 
   71   71    1    1    1    1    1    1    1    1  8.38093E+14 0.00250 
   72   72    1    1    1    1    1    1    1    1  5.93461E+14 0.00274 
   73   73    1    1    1    1    1    1    1    1  4.44574E+14 0.00226 
   74   74    1    1    1    1    1    1    1    1  3.51442E+14 0.00256 
   75   75    1    1    1    1    1    1    1    1  2.86782E+14 0.00259 
   76   76    1    1    1    1    1    1    1    1  3.26833E+14 0.00305 
   77   77    1    1    1    1    1    1    1    1  2.53578E+14 0.00306 
   78   78    1    1    1    1    1    1    1    1  1.99252E+14 0.00346 
   79   79    1    1    1    1    1    1    1    1  2.03541E+14 0.00379 
   80   80    1    1    1    1    1    1    1    1  1.49783E+14 0.00326 
   81   81    1    1    1    1    1    1    1    1  1.15088E+14 0.00310 
   82   82    1    1    1    1    1    1    1    1  8.79920E+13 0.00305 
   83   83    1    1    1    1    1    1    1    1  8.23076E+13 0.00428 
   84   84    1    1    1    1    1    1    1    1  5.94241E+13 0.00450 
   85   85    1    1    1    1    1    1    1    1  4.22140E+13 0.00584 
   86   86    1    1    1    1    1    1    1    1  3.95056E+13 0.00657 
   87   87    1    1    1    1    1    1    1    1  2.47344E+13 0.00661 
   88   88    1    1    1    1    1    1    1    1  1.67736E+13 0.00771 
   89   89    1    1    1    1    1    1    1    1  9.60662E+12 0.01083 
   90   90    1    1    1    1    1    1    1    1  6.36011E+12 0.00990 
   91   91    1    1    1    1    1    1    1    1  3.31197E+12 0.01886 
   92   92    1    1    1    1    1    1    1    1  1.56150E+12 0.02491 
   93   93    1    1    1    1    1    1    1    1  7.75771E+11 0.03238 
   94   94    1    1    1    1    1    1    1    1  3.89236E+11 0.04339 
   95   95    1    1    1    1    1    1    1    1  1.65123E+11 0.07718 
   96   96    1    1    1    1    1    1    1    1  9.10338E+10 0.10193 
   97   97    1    1    1    1    1    1    1    1  5.69323E+10 0.11708 
   98   98    1    1    1    1    1    1    1    1  2.53048E+10 0.13776 
   99   99    1    1    1    1    1    1    1    1  8.82213E+09 0.31759 
  100  100    1    1    1    1    1    1    1    1  1.80941E+10 0.25170 
];


