
DETdpaspec = [
    1    1    1    1    1    1    1    1    1    1  0.00000E+00 0.00000 
    2    2    1    1    1    1    1    1    1    1  0.00000E+00 0.00000 
    3    3    1    1    1    1    1    1    1    1  0.00000E+00 0.00000 
    4    4    1    1    1    1    1    1    1    1  1.02225E+07 1.00000 
    5    5    1    1    1    1    1    1    1    1  0.00000E+00 0.00000 
    6    6    1    1    1    1    1    1    1    1  0.00000E+00 0.00000 
    7    7    1    1    1    1    1    1    1    1  0.00000E+00 0.00000 
    8    8    1    1    1    1    1    1    1    1  0.00000E+00 0.00000 
    9    9    1    1    1    1    1    1    1    1  1.68007E+07 1.00000 
   10   10    1    1    1    1    1    1    1    1  0.00000E+00 0.00000 
   11   11    1    1    1    1    1    1    1    1  5.27648E+07 1.00000 
   12   12    1    1    1    1    1    1    1    1  4.36143E+06 0.71874 
   13   13    1    1    1    1    1    1    1    1  1.25156E+08 1.00000 
   14   14    1    1    1    1    1    1    1    1  2.22187E+09 0.55373 
   15   15    1    1    1    1    1    1    1    1  2.82829E+09 0.39318 
   16   16    1    1    1    1    1    1    1    1  1.25935E+09 0.36404 
   17   17    1    1    1    1    1    1    1    1  2.27213E+09 0.35676 
   18   18    1    1    1    1    1    1    1    1  5.78324E+09 0.27731 
   19   19    1    1    1    1    1    1    1    1  6.29203E+09 0.27076 
   20   20    1    1    1    1    1    1    1    1  2.17973E+10 0.21149 
   21   21    1    1    1    1    1    1    1    1  1.67943E+10 0.12989 
   22   22    1    1    1    1    1    1    1    1  4.02763E+10 0.11253 
   23   23    1    1    1    1    1    1    1    1  5.61288E+10 0.10573 
   24   24    1    1    1    1    1    1    1    1  8.88898E+10 0.08138 
   25   25    1    1    1    1    1    1    1    1  1.08590E+11 0.04656 
   26   26    1    1    1    1    1    1    1    1  1.75610E+11 0.05573 
   27   27    1    1    1    1    1    1    1    1  3.36738E+11 0.04902 
   28   28    1    1    1    1    1    1    1    1  4.88222E+11 0.03521 
   29   29    1    1    1    1    1    1    1    1  6.95813E+11 0.03063 
   30   30    1    1    1    1    1    1    1    1  2.34326E+12 0.02239 
   31   31    1    1    1    1    1    1    1    1  7.15500E+12 0.01421 
   32   32    1    1    1    1    1    1    1    1  1.34951E+13 0.01062 
   33   33    1    1    1    1    1    1    1    1  2.95566E+13 0.00583 
   34   34    1    1    1    1    1    1    1    1  3.88163E+13 0.00558 
   35   35    1    1    1    1    1    1    1    1  5.64268E+13 0.00435 
   36   36    1    1    1    1    1    1    1    1  3.96691E+13 0.00498 
   37   37    1    1    1    1    1    1    1    1  1.26154E+13 0.00467 
   38   38    1    1    1    1    1    1    1    1  6.79055E+13 0.00380 
   39   39    1    1    1    1    1    1    1    1  9.08601E+13 0.00313 
   40   40    1    1    1    1    1    1    1    1  1.51138E+14 0.00334 
   41   41    1    1    1    1    1    1    1    1  1.57977E+14 0.00352 
   42   42    1    1    1    1    1    1    1    1  3.23454E+14 0.00346 
   43   43    1    1    1    1    1    1    1    1  3.86115E+14 0.00309 
   44   44    1    1    1    1    1    1    1    1  5.48707E+14 0.00260 
   45   45    1    1    1    1    1    1    1    1  1.04067E+15 0.00249 
   46   46    1    1    1    1    1    1    1    1  4.88698E+14 0.00252 
   47   47    1    1    1    1    1    1    1    1  7.94880E+14 0.00278 
   48   48    1    1    1    1    1    1    1    1  1.09448E+15 0.00286 
   49   49    1    1    1    1    1    1    1    1  1.08669E+15 0.00287 
   50   50    1    1    1    1    1    1    1    1  1.63775E+15 0.00253 
   51   51    1    1    1    1    1    1    1    1  1.32591E+15 0.00237 
   52   52    1    1    1    1    1    1    1    1  1.51352E+15 0.00260 
   53   53    1    1    1    1    1    1    1    1  1.05328E+15 0.00259 
   54   54    1    1    1    1    1    1    1    1  1.24113E+15 0.00283 
   55   55    1    1    1    1    1    1    1    1  8.56734E+14 0.00297 
   56   56    1    1    1    1    1    1    1    1  1.17695E+14 0.00270 
   57   57    1    1    1    1    1    1    1    1  1.69867E+15 0.00312 
   58   58    1    1    1    1    1    1    1    1  7.21134E+14 0.00341 
   59   59    1    1    1    1    1    1    1    1  7.71336E+14 0.00331 
   60   60    1    1    1    1    1    1    1    1  5.79188E+14 0.00341 
   61   61    1    1    1    1    1    1    1    1  5.85017E+14 0.00359 
   62   62    1    1    1    1    1    1    1    1  6.04857E+14 0.00342 
   63   63    1    1    1    1    1    1    1    1  5.02446E+14 0.00419 
   64   64    1    1    1    1    1    1    1    1  3.98505E+14 0.00351 
   65   65    1    1    1    1    1    1    1    1  3.93088E+14 0.00313 
   66   66    1    1    1    1    1    1    1    1  2.82005E+14 0.00393 
   67   67    1    1    1    1    1    1    1    1  2.31724E+14 0.00363 
   68   68    1    1    1    1    1    1    1    1  2.08813E+14 0.00385 
   69   69    1    1    1    1    1    1    1    1  2.50489E+14 0.00425 
   70   70    1    1    1    1    1    1    1    1  2.13029E+14 0.00366 
   71   71    1    1    1    1    1    1    1    1  3.96393E+14 0.00369 
   72   72    1    1    1    1    1    1    1    1  2.80361E+14 0.00376 
   73   73    1    1    1    1    1    1    1    1  2.09287E+14 0.00387 
   74   74    1    1    1    1    1    1    1    1  1.63244E+14 0.00413 
   75   75    1    1    1    1    1    1    1    1  1.32071E+14 0.00408 
   76   76    1    1    1    1    1    1    1    1  1.49533E+14 0.00436 
   77   77    1    1    1    1    1    1    1    1  1.15304E+14 0.00450 
   78   78    1    1    1    1    1    1    1    1  9.02953E+13 0.00422 
   79   79    1    1    1    1    1    1    1    1  9.19064E+13 0.00472 
   80   80    1    1    1    1    1    1    1    1  6.76687E+13 0.00491 
   81   81    1    1    1    1    1    1    1    1  5.15875E+13 0.00447 
   82   82    1    1    1    1    1    1    1    1  3.96077E+13 0.00599 
   83   83    1    1    1    1    1    1    1    1  3.66470E+13 0.00541 
   84   84    1    1    1    1    1    1    1    1  2.63304E+13 0.00612 
   85   85    1    1    1    1    1    1    1    1  1.91888E+13 0.00834 
   86   86    1    1    1    1    1    1    1    1  1.80207E+13 0.00857 
   87   87    1    1    1    1    1    1    1    1  1.10472E+13 0.00879 
   88   88    1    1    1    1    1    1    1    1  7.51666E+12 0.00988 
   89   89    1    1    1    1    1    1    1    1  4.32852E+12 0.01457 
   90   90    1    1    1    1    1    1    1    1  2.94828E+12 0.01275 
   91   91    1    1    1    1    1    1    1    1  1.51478E+12 0.02106 
   92   92    1    1    1    1    1    1    1    1  6.74575E+11 0.02768 
   93   93    1    1    1    1    1    1    1    1  3.76651E+11 0.05422 
   94   94    1    1    1    1    1    1    1    1  1.69035E+11 0.09605 
   95   95    1    1    1    1    1    1    1    1  8.08597E+10 0.09269 
   96   96    1    1    1    1    1    1    1    1  4.44323E+10 0.13583 
   97   97    1    1    1    1    1    1    1    1  1.97943E+10 0.18106 
   98   98    1    1    1    1    1    1    1    1  1.15839E+10 0.26323 
   99   99    1    1    1    1    1    1    1    1  6.48241E+09 0.32070 
  100  100    1    1    1    1    1    1    1    1  2.28359E+09 0.54373 
];


