
DETdpaspec = [
    1    1    1    1    1    1    1    1    1    1  0.00000E+00 0.00000 
    2    2    1    1    1    1    1    1    1    1  0.00000E+00 0.00000 
    3    3    1    1    1    1    1    1    1    1  0.00000E+00 0.00000 
    4    4    1    1    1    1    1    1    1    1  0.00000E+00 0.00000 
    5    5    1    1    1    1    1    1    1    1  1.11436E+07 1.00000 
    6    6    1    1    1    1    1    1    1    1  1.22290E+07 1.00000 
    7    7    1    1    1    1    1    1    1    1  3.61175E+07 0.70547 
    8    8    1    1    1    1    1    1    1    1  2.01741E+07 1.00000 
    9    9    1    1    1    1    1    1    1    1  0.00000E+00 0.00000 
   10   10    1    1    1    1    1    1    1    1  1.19106E+08 1.00000 
   11   11    1    1    1    1    1    1    1    1  5.01091E+07 1.00000 
   12   12    1    1    1    1    1    1    1    1  5.36191E+07 0.71017 
   13   13    1    1    1    1    1    1    1    1  8.50947E+08 0.33929 
   14   14    1    1    1    1    1    1    1    1  3.53985E+09 0.37571 
   15   15    1    1    1    1    1    1    1    1  4.08469E+09 0.39752 
   16   16    1    1    1    1    1    1    1    1  1.50972E+09 0.34943 
   17   17    1    1    1    1    1    1    1    1  2.32537E+09 0.30386 
   18   18    1    1    1    1    1    1    1    1  6.33262E+09 0.23285 
   19   19    1    1    1    1    1    1    1    1  1.19024E+10 0.17928 
   20   20    1    1    1    1    1    1    1    1  3.66310E+10 0.12838 
   21   21    1    1    1    1    1    1    1    1  3.02603E+10 0.13282 
   22   22    1    1    1    1    1    1    1    1  7.35787E+10 0.10134 
   23   23    1    1    1    1    1    1    1    1  1.03076E+11 0.08061 
   24   24    1    1    1    1    1    1    1    1  1.55200E+11 0.06597 
   25   25    1    1    1    1    1    1    1    1  1.75768E+11 0.05647 
   26   26    1    1    1    1    1    1    1    1  3.09501E+11 0.05706 
   27   27    1    1    1    1    1    1    1    1  5.22064E+11 0.03784 
   28   28    1    1    1    1    1    1    1    1  9.24107E+11 0.01901 
   29   29    1    1    1    1    1    1    1    1  1.33718E+12 0.02113 
   30   30    1    1    1    1    1    1    1    1  4.10662E+12 0.01244 
   31   31    1    1    1    1    1    1    1    1  1.31747E+13 0.00921 
   32   32    1    1    1    1    1    1    1    1  2.51168E+13 0.00678 
   33   33    1    1    1    1    1    1    1    1  5.78916E+13 0.00440 
   34   34    1    1    1    1    1    1    1    1  7.90808E+13 0.00359 
   35   35    1    1    1    1    1    1    1    1  1.12089E+14 0.00226 
   36   36    1    1    1    1    1    1    1    1  7.79861E+13 0.00226 
   37   37    1    1    1    1    1    1    1    1  2.45913E+13 0.00244 
   38   38    1    1    1    1    1    1    1    1  1.34424E+14 0.00221 
   39   39    1    1    1    1    1    1    1    1  1.81185E+14 0.00153 
   40   40    1    1    1    1    1    1    1    1  3.06654E+14 0.00130 
   41   41    1    1    1    1    1    1    1    1  3.17947E+14 0.00154 
   42   42    1    1    1    1    1    1    1    1  6.63889E+14 0.00173 
   43   43    1    1    1    1    1    1    1    1  8.03302E+14 0.00191 
   44   44    1    1    1    1    1    1    1    1  1.16098E+15 0.00165 
   45   45    1    1    1    1    1    1    1    1  2.26448E+15 0.00133 
   46   46    1    1    1    1    1    1    1    1  1.06780E+15 0.00130 
   47   47    1    1    1    1    1    1    1    1  1.73721E+15 0.00105 
   48   48    1    1    1    1    1    1    1    1  2.41811E+15 0.00109 
   49   49    1    1    1    1    1    1    1    1  2.40625E+15 0.00105 
   50   50    1    1    1    1    1    1    1    1  3.69037E+15 0.00127 
   51   51    1    1    1    1    1    1    1    1  2.98864E+15 0.00139 
   52   52    1    1    1    1    1    1    1    1  3.47408E+15 0.00116 
   53   53    1    1    1    1    1    1    1    1  2.41900E+15 0.00091 
   54   54    1    1    1    1    1    1    1    1  2.89723E+15 0.00103 
   55   55    1    1    1    1    1    1    1    1  1.99796E+15 0.00126 
   56   56    1    1    1    1    1    1    1    1  2.73273E+14 0.00128 
   57   57    1    1    1    1    1    1    1    1  3.97596E+15 0.00124 
   58   58    1    1    1    1    1    1    1    1  1.72118E+15 0.00136 
   59   59    1    1    1    1    1    1    1    1  1.84114E+15 0.00111 
   60   60    1    1    1    1    1    1    1    1  1.40401E+15 0.00125 
   61   61    1    1    1    1    1    1    1    1  1.41273E+15 0.00142 
   62   62    1    1    1    1    1    1    1    1  1.46838E+15 0.00132 
   63   63    1    1    1    1    1    1    1    1  1.22753E+15 0.00133 
   64   64    1    1    1    1    1    1    1    1  9.74486E+14 0.00115 
   65   65    1    1    1    1    1    1    1    1  9.65445E+14 0.00141 
   66   66    1    1    1    1    1    1    1    1  6.92535E+14 0.00173 
   67   67    1    1    1    1    1    1    1    1  5.67883E+14 0.00158 
   68   68    1    1    1    1    1    1    1    1  5.11167E+14 0.00143 
   69   69    1    1    1    1    1    1    1    1  6.13403E+14 0.00160 
   70   70    1    1    1    1    1    1    1    1  5.22302E+14 0.00133 
   71   71    1    1    1    1    1    1    1    1  9.62798E+14 0.00179 
   72   72    1    1    1    1    1    1    1    1  6.83017E+14 0.00112 
   73   73    1    1    1    1    1    1    1    1  5.12839E+14 0.00187 
   74   74    1    1    1    1    1    1    1    1  4.05040E+14 0.00199 
   75   75    1    1    1    1    1    1    1    1  3.30938E+14 0.00213 
   76   76    1    1    1    1    1    1    1    1  3.78134E+14 0.00182 
   77   77    1    1    1    1    1    1    1    1  2.94549E+14 0.00208 
   78   78    1    1    1    1    1    1    1    1  2.32176E+14 0.00240 
   79   79    1    1    1    1    1    1    1    1  2.35052E+14 0.00284 
   80   80    1    1    1    1    1    1    1    1  1.74519E+14 0.00241 
   81   81    1    1    1    1    1    1    1    1  1.33798E+14 0.00402 
   82   82    1    1    1    1    1    1    1    1  1.02426E+14 0.00227 
   83   83    1    1    1    1    1    1    1    1  9.54646E+13 0.00331 
   84   84    1    1    1    1    1    1    1    1  6.87195E+13 0.00379 
   85   85    1    1    1    1    1    1    1    1  4.93020E+13 0.00392 
   86   86    1    1    1    1    1    1    1    1  4.65014E+13 0.00458 
   87   87    1    1    1    1    1    1    1    1  2.89246E+13 0.00461 
   88   88    1    1    1    1    1    1    1    1  1.94386E+13 0.00632 
   89   89    1    1    1    1    1    1    1    1  1.10783E+13 0.00817 
   90   90    1    1    1    1    1    1    1    1  7.34798E+12 0.01104 
   91   91    1    1    1    1    1    1    1    1  3.77149E+12 0.01254 
   92   92    1    1    1    1    1    1    1    1  1.72759E+12 0.02065 
   93   93    1    1    1    1    1    1    1    1  9.21167E+11 0.02804 
   94   94    1    1    1    1    1    1    1    1  4.20969E+11 0.04053 
   95   95    1    1    1    1    1    1    1    1  2.24641E+11 0.08390 
   96   96    1    1    1    1    1    1    1    1  8.71039E+10 0.09717 
   97   97    1    1    1    1    1    1    1    1  5.32304E+10 0.10281 
   98   98    1    1    1    1    1    1    1    1  1.72766E+10 0.18187 
   99   99    1    1    1    1    1    1    1    1  1.43908E+10 0.19893 
  100  100    1    1    1    1    1    1    1    1  9.69324E+09 0.27882 
];


