
DETdpaspec = [
    1    1    1    1    1    1    1    1    1    1  0.00000E+00 0.00000 
    2    2    1    1    1    1    1    1    1    1  0.00000E+00 0.00000 
    3    3    1    1    1    1    1    1    1    1  0.00000E+00 0.00000 
    4    4    1    1    1    1    1    1    1    1  0.00000E+00 0.00000 
    5    5    1    1    1    1    1    1    1    1  0.00000E+00 0.00000 
    6    6    1    1    1    1    1    1    1    1  0.00000E+00 0.00000 
    7    7    1    1    1    1    1    1    1    1  0.00000E+00 0.00000 
    8    8    1    1    1    1    1    1    1    1  0.00000E+00 0.00000 
    9    9    1    1    1    1    1    1    1    1  2.22517E+07 0.69030 
   10   10    1    1    1    1    1    1    1    1  8.57968E+07 0.69844 
   11   11    1    1    1    1    1    1    1    1  2.56729E+08 1.00000 
   12   12    1    1    1    1    1    1    1    1  7.36833E+07 0.72978 
   13   13    1    1    1    1    1    1    1    1  1.10124E+08 1.00000 
   14   14    1    1    1    1    1    1    1    1  1.24770E+09 0.44824 
   15   15    1    1    1    1    1    1    1    1  5.08530E+09 0.35535 
   16   16    1    1    1    1    1    1    1    1  1.84432E+09 0.28511 
   17   17    1    1    1    1    1    1    1    1  3.05910E+09 0.22688 
   18   18    1    1    1    1    1    1    1    1  1.11851E+10 0.20223 
   19   19    1    1    1    1    1    1    1    1  9.75245E+09 0.22935 
   20   20    1    1    1    1    1    1    1    1  2.62631E+10 0.17560 
   21   21    1    1    1    1    1    1    1    1  2.27466E+10 0.13326 
   22   22    1    1    1    1    1    1    1    1  6.01777E+10 0.09484 
   23   23    1    1    1    1    1    1    1    1  7.99382E+10 0.07998 
   24   24    1    1    1    1    1    1    1    1  1.46578E+11 0.06997 
   25   25    1    1    1    1    1    1    1    1  1.60636E+11 0.07728 
   26   26    1    1    1    1    1    1    1    1  2.56937E+11 0.05292 
   27   27    1    1    1    1    1    1    1    1  4.81298E+11 0.03606 
   28   28    1    1    1    1    1    1    1    1  8.37128E+11 0.03054 
   29   29    1    1    1    1    1    1    1    1  1.22560E+12 0.02594 
   30   30    1    1    1    1    1    1    1    1  3.80433E+12 0.01403 
   31   31    1    1    1    1    1    1    1    1  1.17133E+13 0.00796 
   32   32    1    1    1    1    1    1    1    1  2.22525E+13 0.00441 
   33   33    1    1    1    1    1    1    1    1  5.05170E+13 0.00443 
   34   34    1    1    1    1    1    1    1    1  6.78202E+13 0.00324 
   35   35    1    1    1    1    1    1    1    1  9.67535E+13 0.00239 
   36   36    1    1    1    1    1    1    1    1  6.76799E+13 0.00256 
   37   37    1    1    1    1    1    1    1    1  2.14024E+13 0.00314 
   38   38    1    1    1    1    1    1    1    1  1.16969E+14 0.00226 
   39   39    1    1    1    1    1    1    1    1  1.57375E+14 0.00277 
   40   40    1    1    1    1    1    1    1    1  2.65722E+14 0.00243 
   41   41    1    1    1    1    1    1    1    1  2.76344E+14 0.00211 
   42   42    1    1    1    1    1    1    1    1  5.74576E+14 0.00173 
   43   43    1    1    1    1    1    1    1    1  6.94672E+14 0.00150 
   44   44    1    1    1    1    1    1    1    1  9.99019E+14 0.00119 
   45   45    1    1    1    1    1    1    1    1  1.93569E+15 0.00112 
   46   46    1    1    1    1    1    1    1    1  9.11369E+14 0.00106 
   47   47    1    1    1    1    1    1    1    1  1.48380E+15 0.00125 
   48   48    1    1    1    1    1    1    1    1  2.05693E+15 0.00125 
   49   49    1    1    1    1    1    1    1    1  2.04423E+15 0.00117 
   50   50    1    1    1    1    1    1    1    1  3.12087E+15 0.00120 
   51   51    1    1    1    1    1    1    1    1  2.52474E+15 0.00116 
   52   52    1    1    1    1    1    1    1    1  2.92419E+15 0.00100 
   53   53    1    1    1    1    1    1    1    1  2.03775E+15 0.00098 
   54   54    1    1    1    1    1    1    1    1  2.42719E+15 0.00125 
   55   55    1    1    1    1    1    1    1    1  1.67605E+15 0.00111 
   56   56    1    1    1    1    1    1    1    1  2.29473E+14 0.00175 
   57   57    1    1    1    1    1    1    1    1  3.33067E+15 0.00115 
   58   58    1    1    1    1    1    1    1    1  1.43580E+15 0.00154 
   59   59    1    1    1    1    1    1    1    1  1.53443E+15 0.00137 
   60   60    1    1    1    1    1    1    1    1  1.16649E+15 0.00163 
   61   61    1    1    1    1    1    1    1    1  1.16968E+15 0.00134 
   62   62    1    1    1    1    1    1    1    1  1.21493E+15 0.00121 
   63   63    1    1    1    1    1    1    1    1  1.01546E+15 0.00135 
   64   64    1    1    1    1    1    1    1    1  8.07118E+14 0.00167 
   65   65    1    1    1    1    1    1    1    1  7.97748E+14 0.00173 
   66   66    1    1    1    1    1    1    1    1  5.71483E+14 0.00171 
   67   67    1    1    1    1    1    1    1    1  4.68491E+14 0.00155 
   68   68    1    1    1    1    1    1    1    1  4.22665E+14 0.00182 
   69   69    1    1    1    1    1    1    1    1  5.06204E+14 0.00186 
   70   70    1    1    1    1    1    1    1    1  4.31496E+14 0.00167 
   71   71    1    1    1    1    1    1    1    1  7.98417E+14 0.00162 
   72   72    1    1    1    1    1    1    1    1  5.65895E+14 0.00164 
   73   73    1    1    1    1    1    1    1    1  4.22732E+14 0.00262 
   74   74    1    1    1    1    1    1    1    1  3.34234E+14 0.00196 
   75   75    1    1    1    1    1    1    1    1  2.71063E+14 0.00222 
   76   76    1    1    1    1    1    1    1    1  3.09398E+14 0.00185 
   77   77    1    1    1    1    1    1    1    1  2.40953E+14 0.00291 
   78   78    1    1    1    1    1    1    1    1  1.89448E+14 0.00204 
   79   79    1    1    1    1    1    1    1    1  1.93013E+14 0.00245 
   80   80    1    1    1    1    1    1    1    1  1.42447E+14 0.00295 
   81   81    1    1    1    1    1    1    1    1  1.08587E+14 0.00275 
   82   82    1    1    1    1    1    1    1    1  8.27416E+13 0.00299 
   83   83    1    1    1    1    1    1    1    1  7.75965E+13 0.00340 
   84   84    1    1    1    1    1    1    1    1  5.59962E+13 0.00432 
   85   85    1    1    1    1    1    1    1    1  4.00393E+13 0.00424 
   86   86    1    1    1    1    1    1    1    1  3.76466E+13 0.00449 
   87   87    1    1    1    1    1    1    1    1  2.31970E+13 0.00727 
   88   88    1    1    1    1    1    1    1    1  1.57443E+13 0.00737 
   89   89    1    1    1    1    1    1    1    1  9.04216E+12 0.00675 
   90   90    1    1    1    1    1    1    1    1  6.05394E+12 0.01238 
   91   91    1    1    1    1    1    1    1    1  3.10949E+12 0.01365 
   92   92    1    1    1    1    1    1    1    1  1.52520E+12 0.01929 
   93   93    1    1    1    1    1    1    1    1  7.24994E+11 0.03149 
   94   94    1    1    1    1    1    1    1    1  3.39376E+11 0.04181 
   95   95    1    1    1    1    1    1    1    1  1.66141E+11 0.06323 
   96   96    1    1    1    1    1    1    1    1  8.28028E+10 0.11236 
   97   97    1    1    1    1    1    1    1    1  3.15011E+10 0.19562 
   98   98    1    1    1    1    1    1    1    1  1.64594E+10 0.20292 
   99   99    1    1    1    1    1    1    1    1  7.34392E+09 0.40912 
  100  100    1    1    1    1    1    1    1    1  5.93673E+09 0.40199 
];


