
DETdpaspec = [
    1    1    1    1    1    1    1    1    1    1  0.00000E+00 0.00000 
    2    2    1    1    1    1    1    1    1    1  0.00000E+00 0.00000 
    3    3    1    1    1    1    1    1    1    1  0.00000E+00 0.00000 
    4    4    1    1    1    1    1    1    1    1  0.00000E+00 0.00000 
    5    5    1    1    1    1    1    1    1    1  0.00000E+00 0.00000 
    6    6    1    1    1    1    1    1    1    1  9.74456E+06 1.00000 
    7    7    1    1    1    1    1    1    1    1  1.74435E+07 1.00000 
    8    8    1    1    1    1    1    1    1    1  5.62419E+07 0.75056 
    9    9    1    1    1    1    1    1    1    1  0.00000E+00 0.00000 
   10   10    1    1    1    1    1    1    1    1  1.34088E+08 0.56748 
   11   11    1    1    1    1    1    1    1    1  2.35866E+08 0.75035 
   12   12    1    1    1    1    1    1    1    1  1.24757E+07 0.73614 
   13   13    1    1    1    1    1    1    1    1  1.78921E+09 0.52832 
   14   14    1    1    1    1    1    1    1    1  1.88008E+09 0.48719 
   15   15    1    1    1    1    1    1    1    1  3.50974E+09 0.38083 
   16   16    1    1    1    1    1    1    1    1  8.58579E+08 0.51889 
   17   17    1    1    1    1    1    1    1    1  1.04779E+09 0.46124 
   18   18    1    1    1    1    1    1    1    1  5.45112E+09 0.21015 
   19   19    1    1    1    1    1    1    1    1  6.29812E+09 0.17249 
   20   20    1    1    1    1    1    1    1    1  2.73535E+10 0.13258 
   21   21    1    1    1    1    1    1    1    1  2.30832E+10 0.11171 
   22   22    1    1    1    1    1    1    1    1  4.53164E+10 0.09153 
   23   23    1    1    1    1    1    1    1    1  5.75205E+10 0.10434 
   24   24    1    1    1    1    1    1    1    1  9.27131E+10 0.06111 
   25   25    1    1    1    1    1    1    1    1  1.16950E+11 0.07431 
   26   26    1    1    1    1    1    1    1    1  2.03890E+11 0.04642 
   27   27    1    1    1    1    1    1    1    1  3.71733E+11 0.05022 
   28   28    1    1    1    1    1    1    1    1  6.17288E+11 0.02949 
   29   29    1    1    1    1    1    1    1    1  8.56598E+11 0.01914 
   30   30    1    1    1    1    1    1    1    1  2.71648E+12 0.01526 
   31   31    1    1    1    1    1    1    1    1  8.25355E+12 0.00903 
   32   32    1    1    1    1    1    1    1    1  1.53933E+13 0.00822 
   33   33    1    1    1    1    1    1    1    1  3.42452E+13 0.00729 
   34   34    1    1    1    1    1    1    1    1  4.56370E+13 0.00518 
   35   35    1    1    1    1    1    1    1    1  6.57986E+13 0.00345 
   36   36    1    1    1    1    1    1    1    1  4.61749E+13 0.00410 
   37   37    1    1    1    1    1    1    1    1  1.46735E+13 0.00385 
   38   38    1    1    1    1    1    1    1    1  7.92928E+13 0.00326 
   39   39    1    1    1    1    1    1    1    1  1.05809E+14 0.00272 
   40   40    1    1    1    1    1    1    1    1  1.77051E+14 0.00231 
   41   41    1    1    1    1    1    1    1    1  1.84650E+14 0.00203 
   42   42    1    1    1    1    1    1    1    1  3.80547E+14 0.00312 
   43   43    1    1    1    1    1    1    1    1  4.55406E+14 0.00311 
   44   44    1    1    1    1    1    1    1    1  6.49983E+14 0.00261 
   45   45    1    1    1    1    1    1    1    1  1.23801E+15 0.00216 
   46   46    1    1    1    1    1    1    1    1  5.82511E+14 0.00209 
   47   47    1    1    1    1    1    1    1    1  9.46987E+14 0.00220 
   48   48    1    1    1    1    1    1    1    1  1.30803E+15 0.00191 
   49   49    1    1    1    1    1    1    1    1  1.29700E+15 0.00195 
   50   50    1    1    1    1    1    1    1    1  1.96299E+15 0.00206 
   51   51    1    1    1    1    1    1    1    1  1.59049E+15 0.00237 
   52   52    1    1    1    1    1    1    1    1  1.82081E+15 0.00233 
   53   53    1    1    1    1    1    1    1    1  1.26721E+15 0.00253 
   54   54    1    1    1    1    1    1    1    1  1.49739E+15 0.00243 
   55   55    1    1    1    1    1    1    1    1  1.03272E+15 0.00293 
   56   56    1    1    1    1    1    1    1    1  1.41779E+14 0.00336 
   57   57    1    1    1    1    1    1    1    1  2.04960E+15 0.00258 
   58   58    1    1    1    1    1    1    1    1  8.72935E+14 0.00250 
   59   59    1    1    1    1    1    1    1    1  9.32405E+14 0.00280 
   60   60    1    1    1    1    1    1    1    1  7.04036E+14 0.00240 
   61   61    1    1    1    1    1    1    1    1  7.08430E+14 0.00274 
   62   62    1    1    1    1    1    1    1    1  7.32709E+14 0.00289 
   63   63    1    1    1    1    1    1    1    1  6.09095E+14 0.00297 
   64   64    1    1    1    1    1    1    1    1  4.83381E+14 0.00258 
   65   65    1    1    1    1    1    1    1    1  4.76171E+14 0.00310 
   66   66    1    1    1    1    1    1    1    1  3.41573E+14 0.00274 
   67   67    1    1    1    1    1    1    1    1  2.80191E+14 0.00278 
   68   68    1    1    1    1    1    1    1    1  2.52067E+14 0.00282 
   69   69    1    1    1    1    1    1    1    1  3.02171E+14 0.00324 
   70   70    1    1    1    1    1    1    1    1  2.58290E+14 0.00304 
   71   71    1    1    1    1    1    1    1    1  4.78378E+14 0.00315 
   72   72    1    1    1    1    1    1    1    1  3.39962E+14 0.00344 
   73   73    1    1    1    1    1    1    1    1  2.52306E+14 0.00357 
   74   74    1    1    1    1    1    1    1    1  1.98326E+14 0.00371 
   75   75    1    1    1    1    1    1    1    1  1.61199E+14 0.00409 
   76   76    1    1    1    1    1    1    1    1  1.82250E+14 0.00404 
   77   77    1    1    1    1    1    1    1    1  1.40767E+14 0.00426 
   78   78    1    1    1    1    1    1    1    1  1.10684E+14 0.00427 
   79   79    1    1    1    1    1    1    1    1  1.12355E+14 0.00438 
   80   80    1    1    1    1    1    1    1    1  8.25379E+13 0.00308 
   81   81    1    1    1    1    1    1    1    1  6.32903E+13 0.00551 
   82   82    1    1    1    1    1    1    1    1  4.82177E+13 0.00456 
   83   83    1    1    1    1    1    1    1    1  4.52478E+13 0.00527 
   84   84    1    1    1    1    1    1    1    1  3.25389E+13 0.00610 
   85   85    1    1    1    1    1    1    1    1  2.33156E+13 0.00582 
   86   86    1    1    1    1    1    1    1    1  2.15868E+13 0.00517 
   87   87    1    1    1    1    1    1    1    1  1.35852E+13 0.00639 
   88   88    1    1    1    1    1    1    1    1  9.19346E+12 0.00943 
   89   89    1    1    1    1    1    1    1    1  5.26414E+12 0.00907 
   90   90    1    1    1    1    1    1    1    1  3.48069E+12 0.01589 
   91   91    1    1    1    1    1    1    1    1  1.74956E+12 0.02516 
   92   92    1    1    1    1    1    1    1    1  8.51471E+11 0.03492 
   93   93    1    1    1    1    1    1    1    1  4.46524E+11 0.05066 
   94   94    1    1    1    1    1    1    1    1  1.92229E+11 0.07455 
   95   95    1    1    1    1    1    1    1    1  9.43819E+10 0.09005 
   96   96    1    1    1    1    1    1    1    1  4.05208E+10 0.13931 
   97   97    1    1    1    1    1    1    1    1  2.37992E+10 0.19024 
   98   98    1    1    1    1    1    1    1    1  8.39182E+09 0.34084 
   99   99    1    1    1    1    1    1    1    1  5.49894E+09 0.34612 
  100  100    1    1    1    1    1    1    1    1  2.58925E+09 0.46594 
];


