
DETdpaspec = [
    1    1    1    1    1    1    1    1    1    1  0.00000E+00 0.00000 
    2    2    1    1    1    1    1    1    1    1  0.00000E+00 0.00000 
    3    3    1    1    1    1    1    1    1    1  0.00000E+00 0.00000 
    4    4    1    1    1    1    1    1    1    1  0.00000E+00 0.00000 
    5    5    1    1    1    1    1    1    1    1  0.00000E+00 0.00000 
    6    6    1    1    1    1    1    1    1    1  0.00000E+00 0.00000 
    7    7    1    1    1    1    1    1    1    1  0.00000E+00 0.00000 
    8    8    1    1    1    1    1    1    1    1  0.00000E+00 0.00000 
    9    9    1    1    1    1    1    1    1    1  0.00000E+00 0.00000 
   10   10    1    1    1    1    1    1    1    1  1.76756E+08 0.72584 
   11   11    1    1    1    1    1    1    1    1  1.67419E+08 0.74702 
   12   12    1    1    1    1    1    1    1    1  2.06258E+08 0.53640 
   13   13    1    1    1    1    1    1    1    1  6.46720E+08 0.70711 
   14   14    1    1    1    1    1    1    1    1  6.25296E+08 0.50543 
   15   15    1    1    1    1    1    1    1    1  5.37984E+09 0.35681 
   16   16    1    1    1    1    1    1    1    1  1.38296E+09 0.33435 
   17   17    1    1    1    1    1    1    1    1  2.77377E+09 0.27534 
   18   18    1    1    1    1    1    1    1    1  4.89724E+09 0.26672 
   19   19    1    1    1    1    1    1    1    1  7.63838E+09 0.22902 
   20   20    1    1    1    1    1    1    1    1  3.23227E+10 0.10628 
   21   21    1    1    1    1    1    1    1    1  2.23851E+10 0.12143 
   22   22    1    1    1    1    1    1    1    1  7.49822E+10 0.10568 
   23   23    1    1    1    1    1    1    1    1  8.00608E+10 0.07791 
   24   24    1    1    1    1    1    1    1    1  1.21312E+11 0.09499 
   25   25    1    1    1    1    1    1    1    1  1.54311E+11 0.07159 
   26   26    1    1    1    1    1    1    1    1  2.31971E+11 0.05077 
   27   27    1    1    1    1    1    1    1    1  4.45450E+11 0.03988 
   28   28    1    1    1    1    1    1    1    1  7.58013E+11 0.02663 
   29   29    1    1    1    1    1    1    1    1  1.06978E+12 0.02224 
   30   30    1    1    1    1    1    1    1    1  3.42496E+12 0.01836 
   31   31    1    1    1    1    1    1    1    1  1.06656E+13 0.00955 
   32   32    1    1    1    1    1    1    1    1  2.02012E+13 0.00673 
   33   33    1    1    1    1    1    1    1    1  4.57141E+13 0.00502 
   34   34    1    1    1    1    1    1    1    1  6.12030E+13 0.00383 
   35   35    1    1    1    1    1    1    1    1  8.78108E+13 0.00399 
   36   36    1    1    1    1    1    1    1    1  6.14079E+13 0.00381 
   37   37    1    1    1    1    1    1    1    1  1.94475E+13 0.00340 
   38   38    1    1    1    1    1    1    1    1  1.05774E+14 0.00286 
   39   39    1    1    1    1    1    1    1    1  1.41735E+14 0.00280 
   40   40    1    1    1    1    1    1    1    1  2.38222E+14 0.00274 
   41   41    1    1    1    1    1    1    1    1  2.48352E+14 0.00238 
   42   42    1    1    1    1    1    1    1    1  5.14775E+14 0.00229 
   43   43    1    1    1    1    1    1    1    1  6.20521E+14 0.00175 
   44   44    1    1    1    1    1    1    1    1  8.90876E+14 0.00144 
   45   45    1    1    1    1    1    1    1    1  1.71990E+15 0.00155 
   46   46    1    1    1    1    1    1    1    1  8.10178E+14 0.00151 
   47   47    1    1    1    1    1    1    1    1  1.31929E+15 0.00147 
   48   48    1    1    1    1    1    1    1    1  1.82804E+15 0.00168 
   49   49    1    1    1    1    1    1    1    1  1.81479E+15 0.00169 
   50   50    1    1    1    1    1    1    1    1  2.76216E+15 0.00180 
   51   51    1    1    1    1    1    1    1    1  2.23476E+15 0.00198 
   52   52    1    1    1    1    1    1    1    1  2.57956E+15 0.00189 
   53   53    1    1    1    1    1    1    1    1  1.79427E+15 0.00186 
   54   54    1    1    1    1    1    1    1    1  2.13332E+15 0.00167 
   55   55    1    1    1    1    1    1    1    1  1.47134E+15 0.00162 
   56   56    1    1    1    1    1    1    1    1  2.01468E+14 0.00200 
   57   57    1    1    1    1    1    1    1    1  2.92644E+15 0.00182 
   58   58    1    1    1    1    1    1    1    1  1.25694E+15 0.00197 
   59   59    1    1    1    1    1    1    1    1  1.34490E+15 0.00186 
   60   60    1    1    1    1    1    1    1    1  1.01792E+15 0.00183 
   61   61    1    1    1    1    1    1    1    1  1.02393E+15 0.00197 
   62   62    1    1    1    1    1    1    1    1  1.06106E+15 0.00184 
   63   63    1    1    1    1    1    1    1    1  8.84174E+14 0.00226 
   64   64    1    1    1    1    1    1    1    1  7.02051E+14 0.00229 
   65   65    1    1    1    1    1    1    1    1  6.93244E+14 0.00239 
   66   66    1    1    1    1    1    1    1    1  4.97260E+14 0.00252 
   67   67    1    1    1    1    1    1    1    1  4.07496E+14 0.00263 
   68   68    1    1    1    1    1    1    1    1  3.67738E+14 0.00236 
   69   69    1    1    1    1    1    1    1    1  4.41449E+14 0.00214 
   70   70    1    1    1    1    1    1    1    1  3.76097E+14 0.00143 
   71   71    1    1    1    1    1    1    1    1  6.95311E+14 0.00209 
   72   72    1    1    1    1    1    1    1    1  4.90964E+14 0.00207 
   73   73    1    1    1    1    1    1    1    1  3.68536E+14 0.00254 
   74   74    1    1    1    1    1    1    1    1  2.89615E+14 0.00236 
   75   75    1    1    1    1    1    1    1    1  2.36234E+14 0.00306 
   76   76    1    1    1    1    1    1    1    1  2.68307E+14 0.00264 
   77   77    1    1    1    1    1    1    1    1  2.07758E+14 0.00306 
   78   78    1    1    1    1    1    1    1    1  1.63590E+14 0.00294 
   79   79    1    1    1    1    1    1    1    1  1.66706E+14 0.00265 
   80   80    1    1    1    1    1    1    1    1  1.22524E+14 0.00321 
   81   81    1    1    1    1    1    1    1    1  9.40150E+13 0.00370 
   82   82    1    1    1    1    1    1    1    1  7.21315E+13 0.00306 
   83   83    1    1    1    1    1    1    1    1  6.71724E+13 0.00499 
   84   84    1    1    1    1    1    1    1    1  4.82920E+13 0.00391 
   85   85    1    1    1    1    1    1    1    1  3.48927E+13 0.00436 
   86   86    1    1    1    1    1    1    1    1  3.26031E+13 0.00566 
   87   87    1    1    1    1    1    1    1    1  2.02715E+13 0.00814 
   88   88    1    1    1    1    1    1    1    1  1.35581E+13 0.00872 
   89   89    1    1    1    1    1    1    1    1  7.90683E+12 0.00981 
   90   90    1    1    1    1    1    1    1    1  5.29851E+12 0.01382 
   91   91    1    1    1    1    1    1    1    1  2.54742E+12 0.01459 
   92   92    1    1    1    1    1    1    1    1  1.26512E+12 0.02417 
   93   93    1    1    1    1    1    1    1    1  6.49830E+11 0.03633 
   94   94    1    1    1    1    1    1    1    1  3.03353E+11 0.05515 
   95   95    1    1    1    1    1    1    1    1  1.29454E+11 0.08983 
   96   96    1    1    1    1    1    1    1    1  7.77992E+10 0.12379 
   97   97    1    1    1    1    1    1    1    1  3.58794E+10 0.17934 
   98   98    1    1    1    1    1    1    1    1  1.59278E+10 0.28923 
   99   99    1    1    1    1    1    1    1    1  7.33931E+09 0.26963 
  100  100    1    1    1    1    1    1    1    1  5.22886E+09 0.38474 
];


