
DETdpaspec = [
    1    1    1    1    1    1    1    1    1    1  0.00000E+00 0.00000 
    2    2    1    1    1    1    1    1    1    1  0.00000E+00 0.00000 
    3    3    1    1    1    1    1    1    1    1  0.00000E+00 0.00000 
    4    4    1    1    1    1    1    1    1    1  0.00000E+00 0.00000 
    5    5    1    1    1    1    1    1    1    1  0.00000E+00 0.00000 
    6    6    1    1    1    1    1    1    1    1  0.00000E+00 0.00000 
    7    7    1    1    1    1    1    1    1    1  1.96630E+07 1.00000 
    8    8    1    1    1    1    1    1    1    1  4.11419E+07 0.69029 
    9    9    1    1    1    1    1    1    1    1  2.42645E+07 0.69109 
   10   10    1    1    1    1    1    1    1    1  0.00000E+00 0.00000 
   11   11    1    1    1    1    1    1    1    1  2.62843E+08 0.64700 
   12   12    1    1    1    1    1    1    1    1  3.18898E+07 1.00000 
   13   13    1    1    1    1    1    1    1    1  1.87275E+09 0.53885 
   14   14    1    1    1    1    1    1    1    1  1.74858E+09 0.68685 
   15   15    1    1    1    1    1    1    1    1  4.38674E+09 0.32945 
   16   16    1    1    1    1    1    1    1    1  1.11751E+09 0.40022 
   17   17    1    1    1    1    1    1    1    1  1.39510E+09 0.32009 
   18   18    1    1    1    1    1    1    1    1  3.57857E+09 0.38008 
   19   19    1    1    1    1    1    1    1    1  5.00339E+09 0.19668 
   20   20    1    1    1    1    1    1    1    1  2.58838E+10 0.16111 
   21   21    1    1    1    1    1    1    1    1  1.59747E+10 0.17721 
   22   22    1    1    1    1    1    1    1    1  4.36582E+10 0.12491 
   23   23    1    1    1    1    1    1    1    1  6.62298E+10 0.09831 
   24   24    1    1    1    1    1    1    1    1  9.36163E+10 0.06950 
   25   25    1    1    1    1    1    1    1    1  1.07357E+11 0.06150 
   26   26    1    1    1    1    1    1    1    1  2.09172E+11 0.06327 
   27   27    1    1    1    1    1    1    1    1  3.92232E+11 0.04049 
   28   28    1    1    1    1    1    1    1    1  5.95711E+11 0.02645 
   29   29    1    1    1    1    1    1    1    1  8.56381E+11 0.03064 
   30   30    1    1    1    1    1    1    1    1  2.74636E+12 0.01522 
   31   31    1    1    1    1    1    1    1    1  8.40543E+12 0.01061 
   32   32    1    1    1    1    1    1    1    1  1.59140E+13 0.00686 
   33   33    1    1    1    1    1    1    1    1  3.56122E+13 0.00567 
   34   34    1    1    1    1    1    1    1    1  4.74034E+13 0.00440 
   35   35    1    1    1    1    1    1    1    1  6.82856E+13 0.00449 
   36   36    1    1    1    1    1    1    1    1  4.77870E+13 0.00338 
   37   37    1    1    1    1    1    1    1    1  1.51823E+13 0.00360 
   38   38    1    1    1    1    1    1    1    1  8.21723E+13 0.00293 
   39   39    1    1    1    1    1    1    1    1  1.10133E+14 0.00215 
   40   40    1    1    1    1    1    1    1    1  1.84080E+14 0.00233 
   41   41    1    1    1    1    1    1    1    1  1.92329E+14 0.00256 
   42   42    1    1    1    1    1    1    1    1  3.96269E+14 0.00225 
   43   43    1    1    1    1    1    1    1    1  4.74715E+14 0.00215 
   44   44    1    1    1    1    1    1    1    1  6.78365E+14 0.00181 
   45   45    1    1    1    1    1    1    1    1  1.29851E+15 0.00219 
   46   46    1    1    1    1    1    1    1    1  6.09121E+14 0.00213 
   47   47    1    1    1    1    1    1    1    1  9.89788E+14 0.00181 
   48   48    1    1    1    1    1    1    1    1  1.36809E+15 0.00214 
   49   49    1    1    1    1    1    1    1    1  1.35572E+15 0.00211 
   50   50    1    1    1    1    1    1    1    1  2.04900E+15 0.00232 
   51   51    1    1    1    1    1    1    1    1  1.65959E+15 0.00247 
   52   52    1    1    1    1    1    1    1    1  1.90220E+15 0.00233 
   53   53    1    1    1    1    1    1    1    1  1.32353E+15 0.00233 
   54   54    1    1    1    1    1    1    1    1  1.56320E+15 0.00247 
   55   55    1    1    1    1    1    1    1    1  1.07913E+15 0.00255 
   56   56    1    1    1    1    1    1    1    1  1.48032E+14 0.00236 
   57   57    1    1    1    1    1    1    1    1  2.14154E+15 0.00260 
   58   58    1    1    1    1    1    1    1    1  9.13400E+14 0.00262 
   59   59    1    1    1    1    1    1    1    1  9.75233E+14 0.00270 
   60   60    1    1    1    1    1    1    1    1  7.35901E+14 0.00245 
   61   61    1    1    1    1    1    1    1    1  7.42769E+14 0.00252 
   62   62    1    1    1    1    1    1    1    1  7.68564E+14 0.00260 
   63   63    1    1    1    1    1    1    1    1  6.39496E+14 0.00277 
   64   64    1    1    1    1    1    1    1    1  5.06557E+14 0.00295 
   65   65    1    1    1    1    1    1    1    1  4.99229E+14 0.00299 
   66   66    1    1    1    1    1    1    1    1  3.59178E+14 0.00303 
   67   67    1    1    1    1    1    1    1    1  2.93629E+14 0.00281 
   68   68    1    1    1    1    1    1    1    1  2.64843E+14 0.00307 
   69   69    1    1    1    1    1    1    1    1  3.17089E+14 0.00316 
   70   70    1    1    1    1    1    1    1    1  2.70310E+14 0.00285 
   71   71    1    1    1    1    1    1    1    1  5.01032E+14 0.00337 
   72   72    1    1    1    1    1    1    1    1  3.54838E+14 0.00290 
   73   73    1    1    1    1    1    1    1    1  2.64838E+14 0.00341 
   74   74    1    1    1    1    1    1    1    1  2.08501E+14 0.00304 
   75   75    1    1    1    1    1    1    1    1  1.69467E+14 0.00326 
   76   76    1    1    1    1    1    1    1    1  1.91776E+14 0.00303 
   77   77    1    1    1    1    1    1    1    1  1.47936E+14 0.00315 
   78   78    1    1    1    1    1    1    1    1  1.15721E+14 0.00303 
   79   79    1    1    1    1    1    1    1    1  1.18395E+14 0.00376 
   80   80    1    1    1    1    1    1    1    1  8.67441E+13 0.00362 
   81   81    1    1    1    1    1    1    1    1  6.61083E+13 0.00502 
   82   82    1    1    1    1    1    1    1    1  5.04496E+13 0.00533 
   83   83    1    1    1    1    1    1    1    1  4.74200E+13 0.00358 
   84   84    1    1    1    1    1    1    1    1  3.38353E+13 0.00440 
   85   85    1    1    1    1    1    1    1    1  2.45823E+13 0.00557 
   86   86    1    1    1    1    1    1    1    1  2.29486E+13 0.00585 
   87   87    1    1    1    1    1    1    1    1  1.43038E+13 0.00865 
   88   88    1    1    1    1    1    1    1    1  9.66062E+12 0.01011 
   89   89    1    1    1    1    1    1    1    1  5.42283E+12 0.01214 
   90   90    1    1    1    1    1    1    1    1  3.72510E+12 0.00836 
   91   91    1    1    1    1    1    1    1    1  1.84160E+12 0.02411 
   92   92    1    1    1    1    1    1    1    1  8.93494E+11 0.02964 
   93   93    1    1    1    1    1    1    1    1  4.48354E+11 0.04260 
   94   94    1    1    1    1    1    1    1    1  2.07900E+11 0.06728 
   95   95    1    1    1    1    1    1    1    1  1.14960E+11 0.09179 
   96   96    1    1    1    1    1    1    1    1  6.27585E+10 0.11802 
   97   97    1    1    1    1    1    1    1    1  2.35790E+10 0.11518 
   98   98    1    1    1    1    1    1    1    1  1.13267E+10 0.22987 
   99   99    1    1    1    1    1    1    1    1  1.20528E+10 0.34295 
  100  100    1    1    1    1    1    1    1    1  8.56135E+09 0.31211 
];


