
DETdpaspec = [
    1    1    1    1    1    1    1    1    1    1  0.00000E+00 0.00000 
    2    2    1    1    1    1    1    1    1    1  0.00000E+00 0.00000 
    3    3    1    1    1    1    1    1    1    1  0.00000E+00 0.00000 
    4    4    1    1    1    1    1    1    1    1  0.00000E+00 0.00000 
    5    5    1    1    1    1    1    1    1    1  0.00000E+00 0.00000 
    6    6    1    1    1    1    1    1    1    1  9.68894E+06 1.00000 
    7    7    1    1    1    1    1    1    1    1  0.00000E+00 0.00000 
    8    8    1    1    1    1    1    1    1    1  2.02474E+07 1.00000 
    9    9    1    1    1    1    1    1    1    1  2.79485E+07 1.00000 
   10   10    1    1    1    1    1    1    1    1  4.81122E+07 1.00000 
   11   11    1    1    1    1    1    1    1    1  1.93884E+08 0.71305 
   12   12    1    1    1    1    1    1    1    1  2.95054E+07 0.82977 
   13   13    1    1    1    1    1    1    1    1  8.30765E+08 0.52295 
   14   14    1    1    1    1    1    1    1    1  1.65822E+09 0.74514 
   15   15    1    1    1    1    1    1    1    1  2.36315E+09 0.53953 
   16   16    1    1    1    1    1    1    1    1  2.33097E+09 0.33749 
   17   17    1    1    1    1    1    1    1    1  2.82652E+09 0.21419 
   18   18    1    1    1    1    1    1    1    1  8.05472E+09 0.19342 
   19   19    1    1    1    1    1    1    1    1  6.12508E+09 0.20854 
   20   20    1    1    1    1    1    1    1    1  2.58825E+10 0.15837 
   21   21    1    1    1    1    1    1    1    1  2.04013E+10 0.12395 
   22   22    1    1    1    1    1    1    1    1  4.54925E+10 0.11270 
   23   23    1    1    1    1    1    1    1    1  7.11565E+10 0.07112 
   24   24    1    1    1    1    1    1    1    1  1.00615E+11 0.09225 
   25   25    1    1    1    1    1    1    1    1  1.40444E+11 0.06931 
   26   26    1    1    1    1    1    1    1    1  2.07939E+11 0.05903 
   27   27    1    1    1    1    1    1    1    1  4.06656E+11 0.04512 
   28   28    1    1    1    1    1    1    1    1  7.60905E+11 0.03779 
   29   29    1    1    1    1    1    1    1    1  1.04571E+12 0.02204 
   30   30    1    1    1    1    1    1    1    1  3.10378E+12 0.01200 
   31   31    1    1    1    1    1    1    1    1  9.38279E+12 0.00737 
   32   32    1    1    1    1    1    1    1    1  1.76333E+13 0.00713 
   33   33    1    1    1    1    1    1    1    1  3.96035E+13 0.00536 
   34   34    1    1    1    1    1    1    1    1  5.29112E+13 0.00535 
   35   35    1    1    1    1    1    1    1    1  7.65143E+13 0.00339 
   36   36    1    1    1    1    1    1    1    1  5.33538E+13 0.00323 
   37   37    1    1    1    1    1    1    1    1  1.69553E+13 0.00356 
   38   38    1    1    1    1    1    1    1    1  9.21450E+13 0.00357 
   39   39    1    1    1    1    1    1    1    1  1.23047E+14 0.00311 
   40   40    1    1    1    1    1    1    1    1  2.06074E+14 0.00251 
   41   41    1    1    1    1    1    1    1    1  2.14822E+14 0.00222 
   42   42    1    1    1    1    1    1    1    1  4.44627E+14 0.00187 
   43   43    1    1    1    1    1    1    1    1  5.35502E+14 0.00184 
   44   44    1    1    1    1    1    1    1    1  7.67278E+14 0.00165 
   45   45    1    1    1    1    1    1    1    1  1.47079E+15 0.00196 
   46   46    1    1    1    1    1    1    1    1  6.90365E+14 0.00200 
   47   47    1    1    1    1    1    1    1    1  1.12341E+15 0.00176 
   48   48    1    1    1    1    1    1    1    1  1.55155E+15 0.00195 
   49   49    1    1    1    1    1    1    1    1  1.54115E+15 0.00186 
   50   50    1    1    1    1    1    1    1    1  2.33771E+15 0.00172 
   51   51    1    1    1    1    1    1    1    1  1.89251E+15 0.00163 
   52   52    1    1    1    1    1    1    1    1  2.17593E+15 0.00178 
   53   53    1    1    1    1    1    1    1    1  1.51065E+15 0.00160 
   54   54    1    1    1    1    1    1    1    1  1.79197E+15 0.00200 
   55   55    1    1    1    1    1    1    1    1  1.23780E+15 0.00182 
   56   56    1    1    1    1    1    1    1    1  1.69495E+14 0.00176 
   57   57    1    1    1    1    1    1    1    1  2.45829E+15 0.00196 
   58   58    1    1    1    1    1    1    1    1  1.05249E+15 0.00194 
   59   59    1    1    1    1    1    1    1    1  1.12491E+15 0.00179 
   60   60    1    1    1    1    1    1    1    1  8.50144E+14 0.00185 
   61   61    1    1    1    1    1    1    1    1  8.55220E+14 0.00194 
   62   62    1    1    1    1    1    1    1    1  8.85586E+14 0.00205 
   63   63    1    1    1    1    1    1    1    1  7.36685E+14 0.00227 
   64   64    1    1    1    1    1    1    1    1  5.84789E+14 0.00262 
   65   65    1    1    1    1    1    1    1    1  5.77112E+14 0.00259 
   66   66    1    1    1    1    1    1    1    1  4.14273E+14 0.00263 
   67   67    1    1    1    1    1    1    1    1  3.38934E+14 0.00271 
   68   68    1    1    1    1    1    1    1    1  3.06119E+14 0.00275 
   69   69    1    1    1    1    1    1    1    1  3.65983E+14 0.00235 
   70   70    1    1    1    1    1    1    1    1  3.12252E+14 0.00204 
   71   71    1    1    1    1    1    1    1    1  5.80388E+14 0.00280 
   72   72    1    1    1    1    1    1    1    1  4.11906E+14 0.00259 
   73   73    1    1    1    1    1    1    1    1  3.07400E+14 0.00283 
   74   74    1    1    1    1    1    1    1    1  2.41758E+14 0.00323 
   75   75    1    1    1    1    1    1    1    1  1.95536E+14 0.00328 
   76   76    1    1    1    1    1    1    1    1  2.22861E+14 0.00207 
   77   77    1    1    1    1    1    1    1    1  1.71750E+14 0.00248 
   78   78    1    1    1    1    1    1    1    1  1.34859E+14 0.00338 
   79   79    1    1    1    1    1    1    1    1  1.36893E+14 0.00391 
   80   80    1    1    1    1    1    1    1    1  1.01168E+14 0.00450 
   81   81    1    1    1    1    1    1    1    1  7.72899E+13 0.00405 
   82   82    1    1    1    1    1    1    1    1  5.89887E+13 0.00415 
   83   83    1    1    1    1    1    1    1    1  5.52381E+13 0.00442 
   84   84    1    1    1    1    1    1    1    1  3.95071E+13 0.00501 
   85   85    1    1    1    1    1    1    1    1  2.85337E+13 0.00576 
   86   86    1    1    1    1    1    1    1    1  2.68342E+13 0.00439 
   87   87    1    1    1    1    1    1    1    1  1.64155E+13 0.00768 
   88   88    1    1    1    1    1    1    1    1  1.14393E+13 0.00551 
   89   89    1    1    1    1    1    1    1    1  6.59735E+12 0.01303 
   90   90    1    1    1    1    1    1    1    1  4.35043E+12 0.01501 
   91   91    1    1    1    1    1    1    1    1  2.16520E+12 0.01550 
   92   92    1    1    1    1    1    1    1    1  1.05963E+12 0.02516 
   93   93    1    1    1    1    1    1    1    1  5.26384E+11 0.03777 
   94   94    1    1    1    1    1    1    1    1  2.58045E+11 0.05252 
   95   95    1    1    1    1    1    1    1    1  1.31357E+11 0.07703 
   96   96    1    1    1    1    1    1    1    1  6.46344E+10 0.09008 
   97   97    1    1    1    1    1    1    1    1  2.56514E+10 0.16352 
   98   98    1    1    1    1    1    1    1    1  1.71834E+10 0.25472 
   99   99    1    1    1    1    1    1    1    1  7.80072E+09 0.36551 
  100  100    1    1    1    1    1    1    1    1  5.61078E+09 0.39940 
];


