
DETdpaspec = [
    1    1    1    1    1    1    1    1    1    1  0.00000E+00 0.00000 
    2    2    1    1    1    1    1    1    1    1  0.00000E+00 0.00000 
    3    3    1    1    1    1    1    1    1    1  0.00000E+00 0.00000 
    4    4    1    1    1    1    1    1    1    1  0.00000E+00 0.00000 
    5    5    1    1    1    1    1    1    1    1  0.00000E+00 0.00000 
    6    6    1    1    1    1    1    1    1    1  0.00000E+00 0.00000 
    7    7    1    1    1    1    1    1    1    1  0.00000E+00 0.00000 
    8    8    1    1    1    1    1    1    1    1  2.27208E+07 1.00000 
    9    9    1    1    1    1    1    1    1    1  0.00000E+00 0.00000 
   10   10    1    1    1    1    1    1    1    1  2.72291E+08 0.67451 
   11   11    1    1    1    1    1    1    1    1  2.17256E+08 0.54693 
   12   12    1    1    1    1    1    1    1    1  6.65869E+07 0.58597 
   13   13    1    1    1    1    1    1    1    1  2.69231E+09 0.64163 
   14   14    1    1    1    1    1    1    1    1  4.56853E+09 0.37228 
   15   15    1    1    1    1    1    1    1    1  6.99344E+09 0.30869 
   16   16    1    1    1    1    1    1    1    1  1.90910E+09 0.34274 
   17   17    1    1    1    1    1    1    1    1  5.32604E+09 0.20482 
   18   18    1    1    1    1    1    1    1    1  9.84320E+09 0.26102 
   19   19    1    1    1    1    1    1    1    1  1.14324E+10 0.17446 
   20   20    1    1    1    1    1    1    1    1  6.33268E+10 0.11253 
   21   21    1    1    1    1    1    1    1    1  2.97180E+10 0.12763 
   22   22    1    1    1    1    1    1    1    1  8.85142E+10 0.07459 
   23   23    1    1    1    1    1    1    1    1  1.10465E+11 0.08482 
   24   24    1    1    1    1    1    1    1    1  1.95590E+11 0.06371 
   25   25    1    1    1    1    1    1    1    1  2.30517E+11 0.05640 
   26   26    1    1    1    1    1    1    1    1  3.29075E+11 0.05452 
   27   27    1    1    1    1    1    1    1    1  6.19548E+11 0.03240 
   28   28    1    1    1    1    1    1    1    1  1.18227E+12 0.02697 
   29   29    1    1    1    1    1    1    1    1  1.84992E+12 0.02193 
   30   30    1    1    1    1    1    1    1    1  5.52729E+12 0.01414 
   31   31    1    1    1    1    1    1    1    1  1.76923E+13 0.00492 
   32   32    1    1    1    1    1    1    1    1  3.41538E+13 0.00536 
   33   33    1    1    1    1    1    1    1    1  8.06689E+13 0.00357 
   34   34    1    1    1    1    1    1    1    1  1.12673E+14 0.00263 
   35   35    1    1    1    1    1    1    1    1  1.53955E+14 0.00222 
   36   36    1    1    1    1    1    1    1    1  1.06316E+14 0.00219 
   37   37    1    1    1    1    1    1    1    1  3.29532E+13 0.00186 
   38   38    1    1    1    1    1    1    1    1  1.83781E+14 0.00216 
   39   39    1    1    1    1    1    1    1    1  2.48566E+14 0.00189 
   40   40    1    1    1    1    1    1    1    1  4.26129E+14 0.00171 
   41   41    1    1    1    1    1    1    1    1  4.37805E+14 0.00136 
   42   42    1    1    1    1    1    1    1    1  9.34630E+14 0.00124 
   43   43    1    1    1    1    1    1    1    1  1.13871E+15 0.00125 
   44   44    1    1    1    1    1    1    1    1  1.66058E+15 0.00111 
   45   45    1    1    1    1    1    1    1    1  3.30579E+15 0.00066 
   46   46    1    1    1    1    1    1    1    1  1.55407E+15 0.00099 
   47   47    1    1    1    1    1    1    1    1  2.52880E+15 0.00086 
   48   48    1    1    1    1    1    1    1    1  3.54184E+15 0.00088 
   49   49    1    1    1    1    1    1    1    1  3.53009E+15 0.00094 
   50   50    1    1    1    1    1    1    1    1  5.48319E+15 0.00095 
   51   51    1    1    1    1    1    1    1    1  4.41142E+15 0.00100 
   52   52    1    1    1    1    1    1    1    1  5.21833E+15 0.00096 
   53   53    1    1    1    1    1    1    1    1  3.63817E+15 0.00096 
   54   54    1    1    1    1    1    1    1    1  4.42369E+15 0.00099 
   55   55    1    1    1    1    1    1    1    1  3.04783E+15 0.00101 
   56   56    1    1    1    1    1    1    1    1  4.15675E+14 0.00102 
   57   57    1    1    1    1    1    1    1    1  6.07601E+15 0.00085 
   58   58    1    1    1    1    1    1    1    1  2.68243E+15 0.00111 
   59   59    1    1    1    1    1    1    1    1  2.86030E+15 0.00098 
   60   60    1    1    1    1    1    1    1    1  2.20961E+15 0.00095 
   61   61    1    1    1    1    1    1    1    1  2.21988E+15 0.00093 
   62   62    1    1    1    1    1    1    1    1  2.31224E+15 0.00124 
   63   63    1    1    1    1    1    1    1    1  1.94204E+15 0.00113 
   64   64    1    1    1    1    1    1    1    1  1.54748E+15 0.00121 
   65   65    1    1    1    1    1    1    1    1  1.53711E+15 0.00144 
   66   66    1    1    1    1    1    1    1    1  1.10527E+15 0.00155 
   67   67    1    1    1    1    1    1    1    1  9.04816E+14 0.00136 
   68   68    1    1    1    1    1    1    1    1  8.13554E+14 0.00163 
   69   69    1    1    1    1    1    1    1    1  9.77481E+14 0.00146 
   70   70    1    1    1    1    1    1    1    1  8.32247E+14 0.00177 
   71   71    1    1    1    1    1    1    1    1  1.52473E+15 0.00159 
   72   72    1    1    1    1    1    1    1    1  1.07930E+15 0.00130 
   73   73    1    1    1    1    1    1    1    1  8.11850E+14 0.00133 
   74   74    1    1    1    1    1    1    1    1  6.49105E+14 0.00176 
   75   75    1    1    1    1    1    1    1    1  5.34733E+14 0.00196 
   76   76    1    1    1    1    1    1    1    1  6.16792E+14 0.00164 
   77   77    1    1    1    1    1    1    1    1  4.85540E+14 0.00146 
   78   78    1    1    1    1    1    1    1    1  3.84528E+14 0.00199 
   79   79    1    1    1    1    1    1    1    1  3.94961E+14 0.00176 
   80   80    1    1    1    1    1    1    1    1  2.91153E+14 0.00145 
   81   81    1    1    1    1    1    1    1    1  2.23809E+14 0.00129 
   82   82    1    1    1    1    1    1    1    1  1.72122E+14 0.00267 
   83   83    1    1    1    1    1    1    1    1  1.60875E+14 0.00200 
   84   84    1    1    1    1    1    1    1    1  1.16423E+14 0.00281 
   85   85    1    1    1    1    1    1    1    1  8.34008E+13 0.00228 
   86   86    1    1    1    1    1    1    1    1  7.83731E+13 0.00346 
   87   87    1    1    1    1    1    1    1    1  4.80641E+13 0.00452 
   88   88    1    1    1    1    1    1    1    1  3.27353E+13 0.00680 
   89   89    1    1    1    1    1    1    1    1  1.88396E+13 0.00662 
   90   90    1    1    1    1    1    1    1    1  1.24868E+13 0.00877 
   91   91    1    1    1    1    1    1    1    1  6.22124E+12 0.01080 
   92   92    1    1    1    1    1    1    1    1  2.99662E+12 0.01775 
   93   93    1    1    1    1    1    1    1    1  1.47883E+12 0.02575 
   94   94    1    1    1    1    1    1    1    1  6.53816E+11 0.02986 
   95   95    1    1    1    1    1    1    1    1  3.21543E+11 0.03912 
   96   96    1    1    1    1    1    1    1    1  1.66108E+11 0.08983 
   97   97    1    1    1    1    1    1    1    1  7.73472E+10 0.10753 
   98   98    1    1    1    1    1    1    1    1  3.28102E+10 0.17351 
   99   99    1    1    1    1    1    1    1    1  2.18864E+10 0.19339 
  100  100    1    1    1    1    1    1    1    1  1.51549E+10 0.22157 
];


