
DETdpaspec = [
    1    1    1    1    1    1    1    1    1    1  0.00000E+00 0.00000 
    2    2    1    1    1    1    1    1    1    1  0.00000E+00 0.00000 
    3    3    1    1    1    1    1    1    1    1  0.00000E+00 0.00000 
    4    4    1    1    1    1    1    1    1    1  2.51513E+07 1.00000 
    5    5    1    1    1    1    1    1    1    1  0.00000E+00 0.00000 
    6    6    1    1    1    1    1    1    1    1  2.18935E+07 1.00000 
    7    7    1    1    1    1    1    1    1    1  0.00000E+00 0.00000 
    8    8    1    1    1    1    1    1    1    1  0.00000E+00 0.00000 
    9    9    1    1    1    1    1    1    1    1  0.00000E+00 0.00000 
   10   10    1    1    1    1    1    1    1    1  7.73168E+07 1.00000 
   11   11    1    1    1    1    1    1    1    1  0.00000E+00 0.00000 
   12   12    1    1    1    1    1    1    1    1  1.23355E+08 0.70048 
   13   13    1    1    1    1    1    1    1    1  2.76726E+09 0.55486 
   14   14    1    1    1    1    1    1    1    1  6.49409E+09 0.40747 
   15   15    1    1    1    1    1    1    1    1  7.67325E+08 0.64110 
   16   16    1    1    1    1    1    1    1    1  1.85876E+09 0.43421 
   17   17    1    1    1    1    1    1    1    1  7.59528E+09 0.26708 
   18   18    1    1    1    1    1    1    1    1  7.76812E+09 0.26929 
   19   19    1    1    1    1    1    1    1    1  1.02396E+10 0.25244 
   20   20    1    1    1    1    1    1    1    1  3.47660E+10 0.14560 
   21   21    1    1    1    1    1    1    1    1  2.67282E+10 0.13720 
   22   22    1    1    1    1    1    1    1    1  6.85853E+10 0.08878 
   23   23    1    1    1    1    1    1    1    1  1.01377E+11 0.05922 
   24   24    1    1    1    1    1    1    1    1  1.94461E+11 0.06753 
   25   25    1    1    1    1    1    1    1    1  2.87069E+11 0.05087 
   26   26    1    1    1    1    1    1    1    1  5.79663E+11 0.03764 
   27   27    1    1    1    1    1    1    1    1  1.34796E+12 0.02756 
   28   28    1    1    1    1    1    1    1    1  3.41103E+12 0.02036 
   29   29    1    1    1    1    1    1    1    1  6.22071E+12 0.01104 
   30   30    1    1    1    1    1    1    1    1  1.51553E+13 0.00755 
   31   31    1    1    1    1    1    1    1    1  4.15585E+13 0.00495 
   32   32    1    1    1    1    1    1    1    1  7.22080E+13 0.00372 
   33   33    1    1    1    1    1    1    1    1  1.66622E+14 0.00373 
   34   34    1    1    1    1    1    1    1    1  2.28178E+14 0.00266 
   35   35    1    1    1    1    1    1    1    1  2.62567E+14 0.00177 
   36   36    1    1    1    1    1    1    1    1  1.66006E+14 0.00203 
   37   37    1    1    1    1    1    1    1    1  4.94417E+13 0.00213 
   38   38    1    1    1    1    1    1    1    1  2.83699E+14 0.00156 
   39   39    1    1    1    1    1    1    1    1  3.82828E+14 0.00157 
   40   40    1    1    1    1    1    1    1    1  6.58121E+14 0.00103 
   41   41    1    1    1    1    1    1    1    1  6.49317E+14 0.00116 
   42   42    1    1    1    1    1    1    1    1  1.41086E+15 0.00086 
   43   43    1    1    1    1    1    1    1    1  1.71019E+15 0.00083 
   44   44    1    1    1    1    1    1    1    1  2.47991E+15 0.00074 
   45   45    1    1    1    1    1    1    1    1  4.95755E+15 0.00048 
   46   46    1    1    1    1    1    1    1    1  2.26092E+15 0.00079 
   47   47    1    1    1    1    1    1    1    1  3.62486E+15 0.00065 
   48   48    1    1    1    1    1    1    1    1  5.03171E+15 0.00072 
   49   49    1    1    1    1    1    1    1    1  4.95630E+15 0.00079 
   50   50    1    1    1    1    1    1    1    1  7.78118E+15 0.00064 
   51   51    1    1    1    1    1    1    1    1  6.09129E+15 0.00068 
   52   52    1    1    1    1    1    1    1    1  7.34502E+15 0.00069 
   53   53    1    1    1    1    1    1    1    1  5.05989E+15 0.00054 
   54   54    1    1    1    1    1    1    1    1  6.27600E+15 0.00057 
   55   55    1    1    1    1    1    1    1    1  4.29659E+15 0.00058 
   56   56    1    1    1    1    1    1    1    1  5.81158E+14 0.00091 
   57   57    1    1    1    1    1    1    1    1  8.51234E+15 0.00065 
   58   58    1    1    1    1    1    1    1    1  3.86164E+15 0.00064 
   59   59    1    1    1    1    1    1    1    1  4.07357E+15 0.00073 
   60   60    1    1    1    1    1    1    1    1  3.21222E+15 0.00060 
   61   61    1    1    1    1    1    1    1    1  3.20491E+15 0.00071 
   62   62    1    1    1    1    1    1    1    1  3.34744E+15 0.00052 
   63   63    1    1    1    1    1    1    1    1  2.82283E+15 0.00063 
   64   64    1    1    1    1    1    1    1    1  2.24223E+15 0.00060 
   65   65    1    1    1    1    1    1    1    1  2.22718E+15 0.00063 
   66   66    1    1    1    1    1    1    1    1  1.60101E+15 0.00065 
   67   67    1    1    1    1    1    1    1    1  1.29788E+15 0.00073 
   68   68    1    1    1    1    1    1    1    1  1.16106E+15 0.00078 
   69   69    1    1    1    1    1    1    1    1  1.38795E+15 0.00083 
   70   70    1    1    1    1    1    1    1    1  1.17813E+15 0.00088 
   71   71    1    1    1    1    1    1    1    1  2.11093E+15 0.00104 
   72   72    1    1    1    1    1    1    1    1  1.48811E+15 0.00105 
   73   73    1    1    1    1    1    1    1    1  1.12166E+15 0.00090 
   74   74    1    1    1    1    1    1    1    1  9.08091E+14 0.00105 
   75   75    1    1    1    1    1    1    1    1  7.61619E+14 0.00122 
   76   76    1    1    1    1    1    1    1    1  8.91313E+14 0.00075 
   77   77    1    1    1    1    1    1    1    1  7.11200E+14 0.00116 
   78   78    1    1    1    1    1    1    1    1  5.72188E+14 0.00137 
   79   79    1    1    1    1    1    1    1    1  5.92450E+14 0.00131 
   80   80    1    1    1    1    1    1    1    1  4.40903E+14 0.00120 
   81   81    1    1    1    1    1    1    1    1  3.40364E+14 0.00171 
   82   82    1    1    1    1    1    1    1    1  2.61140E+14 0.00142 
   83   83    1    1    1    1    1    1    1    1  2.44036E+14 0.00246 
   84   84    1    1    1    1    1    1    1    1  1.76156E+14 0.00197 
   85   85    1    1    1    1    1    1    1    1  1.26937E+14 0.00215 
   86   86    1    1    1    1    1    1    1    1  1.18872E+14 0.00305 
   87   87    1    1    1    1    1    1    1    1  7.26614E+13 0.00409 
   88   88    1    1    1    1    1    1    1    1  4.89586E+13 0.00459 
   89   89    1    1    1    1    1    1    1    1  2.79511E+13 0.00432 
   90   90    1    1    1    1    1    1    1    1  1.85242E+13 0.00640 
   91   91    1    1    1    1    1    1    1    1  9.20321E+12 0.01210 
   92   92    1    1    1    1    1    1    1    1  4.39194E+12 0.01351 
   93   93    1    1    1    1    1    1    1    1  2.05973E+12 0.01844 
   94   94    1    1    1    1    1    1    1    1  1.06589E+12 0.02693 
   95   95    1    1    1    1    1    1    1    1  4.88216E+11 0.04497 
   96   96    1    1    1    1    1    1    1    1  2.26491E+11 0.05661 
   97   97    1    1    1    1    1    1    1    1  1.09390E+11 0.08826 
   98   98    1    1    1    1    1    1    1    1  5.02294E+10 0.13174 
   99   99    1    1    1    1    1    1    1    1  2.08001E+10 0.16647 
  100  100    1    1    1    1    1    1    1    1  1.97904E+10 0.20756 
];


