
DETdpaspec = [
    1    1    1    1    1    1    1    1    1    1  0.00000E+00 0.00000 
    2    2    1    1    1    1    1    1    1    1  0.00000E+00 0.00000 
    3    3    1    1    1    1    1    1    1    1  0.00000E+00 0.00000 
    4    4    1    1    1    1    1    1    1    1  2.92732E+07 0.68834 
    5    5    1    1    1    1    1    1    1    1  0.00000E+00 0.00000 
    6    6    1    1    1    1    1    1    1    1  1.24519E+07 1.00000 
    7    7    1    1    1    1    1    1    1    1  0.00000E+00 0.00000 
    8    8    1    1    1    1    1    1    1    1  0.00000E+00 0.00000 
    9    9    1    1    1    1    1    1    1    1  1.38898E+07 1.00000 
   10   10    1    1    1    1    1    1    1    1  2.27090E+08 0.59759 
   11   11    1    1    1    1    1    1    1    1  1.89095E+08 0.75325 
   12   12    1    1    1    1    1    1    1    1  3.36534E+07 0.90352 
   13   13    1    1    1    1    1    1    1    1  9.68031E+08 0.58210 
   14   14    1    1    1    1    1    1    1    1  2.58945E+09 0.78248 
   15   15    1    1    1    1    1    1    1    1  6.45347E+09 0.39443 
   16   16    1    1    1    1    1    1    1    1  1.66444E+09 0.36477 
   17   17    1    1    1    1    1    1    1    1  2.73259E+09 0.28459 
   18   18    1    1    1    1    1    1    1    1  1.00203E+10 0.19616 
   19   19    1    1    1    1    1    1    1    1  1.24517E+10 0.18700 
   20   20    1    1    1    1    1    1    1    1  4.50313E+10 0.12683 
   21   21    1    1    1    1    1    1    1    1  2.65601E+10 0.08861 
   22   22    1    1    1    1    1    1    1    1  7.34665E+10 0.08333 
   23   23    1    1    1    1    1    1    1    1  1.02643E+11 0.06980 
   24   24    1    1    1    1    1    1    1    1  1.78081E+11 0.06462 
   25   25    1    1    1    1    1    1    1    1  2.18494E+11 0.07346 
   26   26    1    1    1    1    1    1    1    1  3.73225E+11 0.03783 
   27   27    1    1    1    1    1    1    1    1  6.28324E+11 0.02841 
   28   28    1    1    1    1    1    1    1    1  1.34129E+12 0.02356 
   29   29    1    1    1    1    1    1    1    1  2.04197E+12 0.02291 
   30   30    1    1    1    1    1    1    1    1  5.99079E+12 0.01355 
   31   31    1    1    1    1    1    1    1    1  1.89357E+13 0.00869 
   32   32    1    1    1    1    1    1    1    1  3.67643E+13 0.00558 
   33   33    1    1    1    1    1    1    1    1  8.82478E+13 0.00373 
   34   34    1    1    1    1    1    1    1    1  1.23795E+14 0.00343 
   35   35    1    1    1    1    1    1    1    1  1.65283E+14 0.00232 
   36   36    1    1    1    1    1    1    1    1  1.12811E+14 0.00218 
   37   37    1    1    1    1    1    1    1    1  3.48996E+13 0.00169 
   38   38    1    1    1    1    1    1    1    1  1.95701E+14 0.00178 
   39   39    1    1    1    1    1    1    1    1  2.64608E+14 0.00159 
   40   40    1    1    1    1    1    1    1    1  4.55264E+14 0.00136 
   41   41    1    1    1    1    1    1    1    1  4.65455E+14 0.00123 
   42   42    1    1    1    1    1    1    1    1  9.97780E+14 0.00110 
   43   43    1    1    1    1    1    1    1    1  1.21971E+15 0.00079 
   44   44    1    1    1    1    1    1    1    1  1.78338E+15 0.00116 
   45   45    1    1    1    1    1    1    1    1  3.57052E+15 0.00086 
   46   46    1    1    1    1    1    1    1    1  1.67518E+15 0.00102 
   47   47    1    1    1    1    1    1    1    1  2.72466E+15 0.00090 
   48   48    1    1    1    1    1    1    1    1  3.81409E+15 0.00085 
   49   49    1    1    1    1    1    1    1    1  3.79928E+15 0.00071 
   50   50    1    1    1    1    1    1    1    1  5.92503E+15 0.00061 
   51   51    1    1    1    1    1    1    1    1  4.75748E+15 0.00079 
   52   52    1    1    1    1    1    1    1    1  5.65457E+15 0.00070 
   53   53    1    1    1    1    1    1    1    1  3.93825E+15 0.00069 
   54   54    1    1    1    1    1    1    1    1  4.80886E+15 0.00061 
   55   55    1    1    1    1    1    1    1    1  3.31246E+15 0.00061 
   56   56    1    1    1    1    1    1    1    1  4.50993E+14 0.00104 
   57   57    1    1    1    1    1    1    1    1  6.60709E+15 0.00068 
   58   58    1    1    1    1    1    1    1    1  2.93051E+15 0.00091 
   59   59    1    1    1    1    1    1    1    1  3.12500E+15 0.00082 
   60   60    1    1    1    1    1    1    1    1  2.42442E+15 0.00058 
   61   61    1    1    1    1    1    1    1    1  2.43535E+15 0.00063 
   62   62    1    1    1    1    1    1    1    1  2.53790E+15 0.00082 
   63   63    1    1    1    1    1    1    1    1  2.13572E+15 0.00067 
   64   64    1    1    1    1    1    1    1    1  1.70167E+15 0.00096 
   65   65    1    1    1    1    1    1    1    1  1.69251E+15 0.00095 
   66   66    1    1    1    1    1    1    1    1  1.21703E+15 0.00113 
   67   67    1    1    1    1    1    1    1    1  9.92759E+14 0.00140 
   68   68    1    1    1    1    1    1    1    1  8.92556E+14 0.00077 
   69   69    1    1    1    1    1    1    1    1  1.07018E+15 0.00122 
   70   70    1    1    1    1    1    1    1    1  9.13044E+14 0.00114 
   71   71    1    1    1    1    1    1    1    1  1.66554E+15 0.00105 
   72   72    1    1    1    1    1    1    1    1  1.18144E+15 0.00096 
   73   73    1    1    1    1    1    1    1    1  8.87159E+14 0.00099 
   74   74    1    1    1    1    1    1    1    1  7.11695E+14 0.00133 
   75   75    1    1    1    1    1    1    1    1  5.89655E+14 0.00095 
   76   76    1    1    1    1    1    1    1    1  6.80810E+14 0.00113 
   77   77    1    1    1    1    1    1    1    1  5.35789E+14 0.00133 
   78   78    1    1    1    1    1    1    1    1  4.26750E+14 0.00177 
   79   79    1    1    1    1    1    1    1    1  4.39368E+14 0.00111 
   80   80    1    1    1    1    1    1    1    1  3.24949E+14 0.00175 
   81   81    1    1    1    1    1    1    1    1  2.49889E+14 0.00183 
   82   82    1    1    1    1    1    1    1    1  1.92199E+14 0.00183 
   83   83    1    1    1    1    1    1    1    1  1.79178E+14 0.00148 
   84   84    1    1    1    1    1    1    1    1  1.29593E+14 0.00248 
   85   85    1    1    1    1    1    1    1    1  9.29738E+13 0.00246 
   86   86    1    1    1    1    1    1    1    1  8.69898E+13 0.00326 
   87   87    1    1    1    1    1    1    1    1  5.39001E+13 0.00386 
   88   88    1    1    1    1    1    1    1    1  3.60189E+13 0.00475 
   89   89    1    1    1    1    1    1    1    1  2.06616E+13 0.00571 
   90   90    1    1    1    1    1    1    1    1  1.38683E+13 0.00892 
   91   91    1    1    1    1    1    1    1    1  6.90918E+12 0.01017 
   92   92    1    1    1    1    1    1    1    1  3.38048E+12 0.01547 
   93   93    1    1    1    1    1    1    1    1  1.65998E+12 0.01839 
   94   94    1    1    1    1    1    1    1    1  8.02405E+11 0.03732 
   95   95    1    1    1    1    1    1    1    1  3.94759E+11 0.05322 
   96   96    1    1    1    1    1    1    1    1  1.81664E+11 0.07525 
   97   97    1    1    1    1    1    1    1    1  1.05339E+11 0.11535 
   98   98    1    1    1    1    1    1    1    1  4.53825E+10 0.12714 
   99   99    1    1    1    1    1    1    1    1  1.90271E+10 0.18536 
  100  100    1    1    1    1    1    1    1    1  1.90011E+10 0.20166 
];


