
DETdpaspec = [
    1    1    1    1    1    1    1    1    1    1  0.00000E+00 0.00000 
    2    2    1    1    1    1    1    1    1    1  0.00000E+00 0.00000 
    3    3    1    1    1    1    1    1    1    1  0.00000E+00 0.00000 
    4    4    1    1    1    1    1    1    1    1  0.00000E+00 0.00000 
    5    5    1    1    1    1    1    1    1    1  0.00000E+00 0.00000 
    6    6    1    1    1    1    1    1    1    1  0.00000E+00 0.00000 
    7    7    1    1    1    1    1    1    1    1  2.10424E+07 1.00000 
    8    8    1    1    1    1    1    1    1    1  4.33027E+07 0.68851 
    9    9    1    1    1    1    1    1    1    1  0.00000E+00 0.00000 
   10   10    1    1    1    1    1    1    1    1  0.00000E+00 0.00000 
   11   11    1    1    1    1    1    1    1    1  7.50154E+07 1.00000 
   12   12    1    1    1    1    1    1    1    1  4.66533E+07 0.68858 
   13   13    1    1    1    1    1    1    1    1  1.12460E+08 1.00000 
   14   14    1    1    1    1    1    1    1    1  6.41338E+08 0.42671 
   15   15    1    1    1    1    1    1    1    1  3.79528E+09 0.33614 
   16   16    1    1    1    1    1    1    1    1  2.79214E+08 0.47805 
   17   17    1    1    1    1    1    1    1    1  1.31094E+09 0.37469 
   18   18    1    1    1    1    1    1    1    1  6.59802E+09 0.21281 
   19   19    1    1    1    1    1    1    1    1  6.51069E+09 0.27861 
   20   20    1    1    1    1    1    1    1    1  1.89753E+10 0.15170 
   21   21    1    1    1    1    1    1    1    1  1.47758E+10 0.14497 
   22   22    1    1    1    1    1    1    1    1  4.50555E+10 0.10195 
   23   23    1    1    1    1    1    1    1    1  6.66039E+10 0.06463 
   24   24    1    1    1    1    1    1    1    1  9.37954E+10 0.08232 
   25   25    1    1    1    1    1    1    1    1  1.11461E+11 0.05532 
   26   26    1    1    1    1    1    1    1    1  1.89247E+11 0.06130 
   27   27    1    1    1    1    1    1    1    1  3.15432E+11 0.05800 
   28   28    1    1    1    1    1    1    1    1  5.50517E+11 0.03639 
   29   29    1    1    1    1    1    1    1    1  7.53186E+11 0.03062 
   30   30    1    1    1    1    1    1    1    1  2.50060E+12 0.02198 
   31   31    1    1    1    1    1    1    1    1  7.44389E+12 0.01322 
   32   32    1    1    1    1    1    1    1    1  1.37107E+13 0.00670 
   33   33    1    1    1    1    1    1    1    1  2.94553E+13 0.00510 
   34   34    1    1    1    1    1    1    1    1  3.86333E+13 0.00452 
   35   35    1    1    1    1    1    1    1    1  5.66350E+13 0.00382 
   36   36    1    1    1    1    1    1    1    1  3.96023E+13 0.00443 
   37   37    1    1    1    1    1    1    1    1  1.26788E+13 0.00430 
   38   38    1    1    1    1    1    1    1    1  6.78435E+13 0.00453 
   39   39    1    1    1    1    1    1    1    1  9.03594E+13 0.00366 
   40   40    1    1    1    1    1    1    1    1  1.49114E+14 0.00382 
   41   41    1    1    1    1    1    1    1    1  1.56517E+14 0.00348 
   42   42    1    1    1    1    1    1    1    1  3.18585E+14 0.00269 
   43   43    1    1    1    1    1    1    1    1  3.78567E+14 0.00339 
   44   44    1    1    1    1    1    1    1    1  5.36348E+14 0.00302 
   45   45    1    1    1    1    1    1    1    1  1.01124E+15 0.00303 
   46   46    1    1    1    1    1    1    1    1  4.74477E+14 0.00295 
   47   47    1    1    1    1    1    1    1    1  7.72427E+14 0.00265 
   48   48    1    1    1    1    1    1    1    1  1.06300E+15 0.00263 
   49   49    1    1    1    1    1    1    1    1  1.05565E+15 0.00282 
   50   50    1    1    1    1    1    1    1    1  1.58862E+15 0.00272 
   51   51    1    1    1    1    1    1    1    1  1.29107E+15 0.00304 
   52   52    1    1    1    1    1    1    1    1  1.46941E+15 0.00286 
   53   53    1    1    1    1    1    1    1    1  1.02398E+15 0.00313 
   54   54    1    1    1    1    1    1    1    1  1.20343E+15 0.00311 
   55   55    1    1    1    1    1    1    1    1  8.31786E+14 0.00290 
   56   56    1    1    1    1    1    1    1    1  1.14328E+14 0.00317 
   57   57    1    1    1    1    1    1    1    1  1.65181E+15 0.00293 
   58   58    1    1    1    1    1    1    1    1  7.00173E+14 0.00284 
   59   59    1    1    1    1    1    1    1    1  7.50020E+14 0.00330 
   60   60    1    1    1    1    1    1    1    1  5.64467E+14 0.00325 
   61   61    1    1    1    1    1    1    1    1  5.69242E+14 0.00390 
   62   62    1    1    1    1    1    1    1    1  5.88259E+14 0.00376 
   63   63    1    1    1    1    1    1    1    1  4.88430E+14 0.00416 
   64   64    1    1    1    1    1    1    1    1  3.87320E+14 0.00399 
   65   65    1    1    1    1    1    1    1    1  3.83201E+14 0.00334 
   66   66    1    1    1    1    1    1    1    1  2.75560E+14 0.00337 
   67   67    1    1    1    1    1    1    1    1  2.26268E+14 0.00369 
   68   68    1    1    1    1    1    1    1    1  2.04097E+14 0.00334 
   69   69    1    1    1    1    1    1    1    1  2.44744E+14 0.00366 
   70   70    1    1    1    1    1    1    1    1  2.09422E+14 0.00356 
   71   71    1    1    1    1    1    1    1    1  3.89403E+14 0.00351 
   72   72    1    1    1    1    1    1    1    1  2.76933E+14 0.00364 
   73   73    1    1    1    1    1    1    1    1  2.06041E+14 0.00385 
   74   74    1    1    1    1    1    1    1    1  1.61352E+14 0.00371 
   75   75    1    1    1    1    1    1    1    1  1.30339E+14 0.00405 
   76   76    1    1    1    1    1    1    1    1  1.46090E+14 0.00410 
   77   77    1    1    1    1    1    1    1    1  1.12182E+14 0.00301 
   78   78    1    1    1    1    1    1    1    1  8.78193E+13 0.00374 
   79   79    1    1    1    1    1    1    1    1  8.87539E+13 0.00424 
   80   80    1    1    1    1    1    1    1    1  6.51228E+13 0.00620 
   81   81    1    1    1    1    1    1    1    1  4.95296E+13 0.00580 
   82   82    1    1    1    1    1    1    1    1  3.81919E+13 0.00686 
   83   83    1    1    1    1    1    1    1    1  3.55516E+13 0.00520 
   84   84    1    1    1    1    1    1    1    1  2.53287E+13 0.00586 
   85   85    1    1    1    1    1    1    1    1  1.83162E+13 0.00906 
   86   86    1    1    1    1    1    1    1    1  1.72418E+13 0.00907 
   87   87    1    1    1    1    1    1    1    1  1.07758E+13 0.00644 
   88   88    1    1    1    1    1    1    1    1  7.33689E+12 0.00998 
   89   89    1    1    1    1    1    1    1    1  4.22199E+12 0.01548 
   90   90    1    1    1    1    1    1    1    1  2.75132E+12 0.01893 
   91   91    1    1    1    1    1    1    1    1  1.40077E+12 0.02257 
   92   92    1    1    1    1    1    1    1    1  7.10825E+11 0.02799 
   93   93    1    1    1    1    1    1    1    1  3.34144E+11 0.05526 
   94   94    1    1    1    1    1    1    1    1  1.57929E+11 0.06987 
   95   95    1    1    1    1    1    1    1    1  6.70576E+10 0.08566 
   96   96    1    1    1    1    1    1    1    1  3.33137E+10 0.17568 
   97   97    1    1    1    1    1    1    1    1  1.86348E+10 0.27109 
   98   98    1    1    1    1    1    1    1    1  9.66764E+09 0.21657 
   99   99    1    1    1    1    1    1    1    1  2.98633E+09 0.42110 
  100  100    1    1    1    1    1    1    1    1  2.64914E+09 0.42944 
];


