
DETdpaspec = [
    1    1    1    1    1    1    1    1    1    1  0.00000E+00 0.00000 
    2    2    1    1    1    1    1    1    1    1  0.00000E+00 0.00000 
    3    3    1    1    1    1    1    1    1    1  0.00000E+00 0.00000 
    4    4    1    1    1    1    1    1    1    1  0.00000E+00 0.00000 
    5    5    1    1    1    1    1    1    1    1  0.00000E+00 0.00000 
    6    6    1    1    1    1    1    1    1    1  0.00000E+00 0.00000 
    7    7    1    1    1    1    1    1    1    1  1.42783E+07 1.00000 
    8    8    1    1    1    1    1    1    1    1  0.00000E+00 0.00000 
    9    9    1    1    1    1    1    1    1    1  0.00000E+00 0.00000 
   10   10    1    1    1    1    1    1    1    1  1.23936E+08 1.00000 
   11   11    1    1    1    1    1    1    1    1  3.04452E+08 0.48543 
   12   12    1    1    1    1    1    1    1    1  7.21416E+07 0.70921 
   13   13    1    1    1    1    1    1    1    1  2.27683E+09 0.48502 
   14   14    1    1    1    1    1    1    1    1  1.98826E+09 0.46517 
   15   15    1    1    1    1    1    1    1    1  3.75440E+09 0.39812 
   16   16    1    1    1    1    1    1    1    1  5.18736E+08 0.58256 
   17   17    1    1    1    1    1    1    1    1  3.71184E+09 0.29748 
   18   18    1    1    1    1    1    1    1    1  6.58835E+09 0.20285 
   19   19    1    1    1    1    1    1    1    1  5.41845E+09 0.21393 
   20   20    1    1    1    1    1    1    1    1  2.29681E+10 0.19389 
   21   21    1    1    1    1    1    1    1    1  1.27043E+10 0.12348 
   22   22    1    1    1    1    1    1    1    1  4.33778E+10 0.11358 
   23   23    1    1    1    1    1    1    1    1  5.66205E+10 0.10846 
   24   24    1    1    1    1    1    1    1    1  9.04362E+10 0.07760 
   25   25    1    1    1    1    1    1    1    1  1.17358E+11 0.05383 
   26   26    1    1    1    1    1    1    1    1  1.76033E+11 0.06562 
   27   27    1    1    1    1    1    1    1    1  3.11698E+11 0.06337 
   28   28    1    1    1    1    1    1    1    1  5.25389E+11 0.02348 
   29   29    1    1    1    1    1    1    1    1  7.12022E+11 0.02305 
   30   30    1    1    1    1    1    1    1    1  2.39531E+12 0.02097 
   31   31    1    1    1    1    1    1    1    1  7.17893E+12 0.01133 
   32   32    1    1    1    1    1    1    1    1  1.32926E+13 0.00716 
   33   33    1    1    1    1    1    1    1    1  2.90009E+13 0.00606 
   34   34    1    1    1    1    1    1    1    1  3.78738E+13 0.00655 
   35   35    1    1    1    1    1    1    1    1  5.53685E+13 0.00592 
   36   36    1    1    1    1    1    1    1    1  3.86054E+13 0.00486 
   37   37    1    1    1    1    1    1    1    1  1.24203E+13 0.00455 
   38   38    1    1    1    1    1    1    1    1  6.60327E+13 0.00430 
   39   39    1    1    1    1    1    1    1    1  8.76974E+13 0.00355 
   40   40    1    1    1    1    1    1    1    1  1.45011E+14 0.00344 
   41   41    1    1    1    1    1    1    1    1  1.51932E+14 0.00259 
   42   42    1    1    1    1    1    1    1    1  3.09627E+14 0.00269 
   43   43    1    1    1    1    1    1    1    1  3.69316E+14 0.00321 
   44   44    1    1    1    1    1    1    1    1  5.24310E+14 0.00360 
   45   45    1    1    1    1    1    1    1    1  9.92814E+14 0.00327 
   46   46    1    1    1    1    1    1    1    1  4.65749E+14 0.00318 
   47   47    1    1    1    1    1    1    1    1  7.57891E+14 0.00277 
   48   48    1    1    1    1    1    1    1    1  1.04456E+15 0.00310 
   49   49    1    1    1    1    1    1    1    1  1.03510E+15 0.00292 
   50   50    1    1    1    1    1    1    1    1  1.55695E+15 0.00304 
   51   51    1    1    1    1    1    1    1    1  1.26180E+15 0.00364 
   52   52    1    1    1    1    1    1    1    1  1.43767E+15 0.00375 
   53   53    1    1    1    1    1    1    1    1  1.00089E+15 0.00321 
   54   54    1    1    1    1    1    1    1    1  1.17735E+15 0.00344 
   55   55    1    1    1    1    1    1    1    1  8.15097E+14 0.00351 
   56   56    1    1    1    1    1    1    1    1  1.11943E+14 0.00427 
   57   57    1    1    1    1    1    1    1    1  1.61596E+15 0.00395 
   58   58    1    1    1    1    1    1    1    1  6.84163E+14 0.00394 
   59   59    1    1    1    1    1    1    1    1  7.32133E+14 0.00361 
   60   60    1    1    1    1    1    1    1    1  5.50818E+14 0.00374 
   61   61    1    1    1    1    1    1    1    1  5.55523E+14 0.00295 
   62   62    1    1    1    1    1    1    1    1  5.72931E+14 0.00365 
   63   63    1    1    1    1    1    1    1    1  4.76186E+14 0.00319 
   64   64    1    1    1    1    1    1    1    1  3.78163E+14 0.00409 
   65   65    1    1    1    1    1    1    1    1  3.72659E+14 0.00415 
   66   66    1    1    1    1    1    1    1    1  2.66794E+14 0.00427 
   67   67    1    1    1    1    1    1    1    1  2.19911E+14 0.00411 
   68   68    1    1    1    1    1    1    1    1  1.98101E+14 0.00405 
   69   69    1    1    1    1    1    1    1    1  2.38096E+14 0.00455 
   70   70    1    1    1    1    1    1    1    1  2.02774E+14 0.00359 
   71   71    1    1    1    1    1    1    1    1  3.77147E+14 0.00439 
   72   72    1    1    1    1    1    1    1    1  2.68231E+14 0.00462 
   73   73    1    1    1    1    1    1    1    1  1.99622E+14 0.00470 
   74   74    1    1    1    1    1    1    1    1  1.56044E+14 0.00370 
   75   75    1    1    1    1    1    1    1    1  1.26166E+14 0.00477 
   76   76    1    1    1    1    1    1    1    1  1.42527E+14 0.00447 
   77   77    1    1    1    1    1    1    1    1  1.09810E+14 0.00445 
   78   78    1    1    1    1    1    1    1    1  8.59090E+13 0.00467 
   79   79    1    1    1    1    1    1    1    1  8.70515E+13 0.00477 
   80   80    1    1    1    1    1    1    1    1  6.38018E+13 0.00512 
   81   81    1    1    1    1    1    1    1    1  4.89012E+13 0.00513 
   82   82    1    1    1    1    1    1    1    1  3.73032E+13 0.00559 
   83   83    1    1    1    1    1    1    1    1  3.49535E+13 0.00705 
   84   84    1    1    1    1    1    1    1    1  2.49757E+13 0.00736 
   85   85    1    1    1    1    1    1    1    1  1.78277E+13 0.00934 
   86   86    1    1    1    1    1    1    1    1  1.68567E+13 0.00968 
   87   87    1    1    1    1    1    1    1    1  1.06802E+13 0.01079 
   88   88    1    1    1    1    1    1    1    1  6.97469E+12 0.01054 
   89   89    1    1    1    1    1    1    1    1  4.08509E+12 0.01032 
   90   90    1    1    1    1    1    1    1    1  2.66387E+12 0.01998 
   91   91    1    1    1    1    1    1    1    1  1.31096E+12 0.02456 
   92   92    1    1    1    1    1    1    1    1  6.75942E+11 0.03136 
   93   93    1    1    1    1    1    1    1    1  3.09649E+11 0.05251 
   94   94    1    1    1    1    1    1    1    1  1.58689E+11 0.06408 
   95   95    1    1    1    1    1    1    1    1  7.35578E+10 0.12805 
   96   96    1    1    1    1    1    1    1    1  4.33206E+10 0.17727 
   97   97    1    1    1    1    1    1    1    1  2.00395E+10 0.18590 
   98   98    1    1    1    1    1    1    1    1  1.34624E+10 0.20828 
   99   99    1    1    1    1    1    1    1    1  3.35549E+09 0.37806 
  100  100    1    1    1    1    1    1    1    1  4.52460E+09 0.54496 
];


