
DETdpaspec = [
    1    1    1    1    1    1    1    1    1    1  0.00000E+00 0.00000 
    2    2    1    1    1    1    1    1    1    1  0.00000E+00 0.00000 
    3    3    1    1    1    1    1    1    1    1  0.00000E+00 0.00000 
    4    4    1    1    1    1    1    1    1    1  0.00000E+00 0.00000 
    5    5    1    1    1    1    1    1    1    1  0.00000E+00 0.00000 
    6    6    1    1    1    1    1    1    1    1  0.00000E+00 0.00000 
    7    7    1    1    1    1    1    1    1    1  0.00000E+00 0.00000 
    8    8    1    1    1    1    1    1    1    1  0.00000E+00 0.00000 
    9    9    1    1    1    1    1    1    1    1  0.00000E+00 0.00000 
   10   10    1    1    1    1    1    1    1    1  0.00000E+00 0.00000 
   11   11    1    1    1    1    1    1    1    1  9.88630E+07 1.00000 
   12   12    1    1    1    1    1    1    1    1  7.41886E+07 1.00000 
   13   13    1    1    1    1    1    1    1    1  4.24077E+09 0.63168 
   14   14    1    1    1    1    1    1    1    1  7.38378E+09 0.39885 
   15   15    1    1    1    1    1    1    1    1  4.91083E+09 0.57606 
   16   16    1    1    1    1    1    1    1    1  2.68168E+09 0.43733 
   17   17    1    1    1    1    1    1    1    1  4.30783E+09 0.36914 
   18   18    1    1    1    1    1    1    1    1  3.49170E+09 0.36239 
   19   19    1    1    1    1    1    1    1    1  8.36776E+09 0.28227 
   20   20    1    1    1    1    1    1    1    1  2.19412E+10 0.21554 
   21   21    1    1    1    1    1    1    1    1  2.73469E+10 0.14117 
   22   22    1    1    1    1    1    1    1    1  6.26761E+10 0.10858 
   23   23    1    1    1    1    1    1    1    1  1.17028E+11 0.06877 
   24   24    1    1    1    1    1    1    1    1  2.13292E+11 0.07703 
   25   25    1    1    1    1    1    1    1    1  3.47454E+11 0.05672 
   26   26    1    1    1    1    1    1    1    1  6.80918E+11 0.03647 
   27   27    1    1    1    1    1    1    1    1  1.47974E+12 0.02366 
   28   28    1    1    1    1    1    1    1    1  3.65283E+12 0.01275 
   29   29    1    1    1    1    1    1    1    1  6.96798E+12 0.01194 
   30   30    1    1    1    1    1    1    1    1  1.67065E+13 0.00880 
   31   31    1    1    1    1    1    1    1    1  4.53920E+13 0.00557 
   32   32    1    1    1    1    1    1    1    1  7.72836E+13 0.00343 
   33   33    1    1    1    1    1    1    1    1  1.76901E+14 0.00323 
   34   34    1    1    1    1    1    1    1    1  2.40267E+14 0.00230 
   35   35    1    1    1    1    1    1    1    1  2.72831E+14 0.00235 
   36   36    1    1    1    1    1    1    1    1  1.71919E+14 0.00182 
   37   37    1    1    1    1    1    1    1    1  5.10305E+13 0.00175 
   38   38    1    1    1    1    1    1    1    1  2.93311E+14 0.00136 
   39   39    1    1    1    1    1    1    1    1  3.94454E+14 0.00150 
   40   40    1    1    1    1    1    1    1    1  6.77031E+14 0.00132 
   41   41    1    1    1    1    1    1    1    1  6.64900E+14 0.00119 
   42   42    1    1    1    1    1    1    1    1  1.44489E+15 0.00098 
   43   43    1    1    1    1    1    1    1    1  1.75145E+15 0.00076 
   44   44    1    1    1    1    1    1    1    1  2.53383E+15 0.00093 
   45   45    1    1    1    1    1    1    1    1  5.05429E+15 0.00058 
   46   46    1    1    1    1    1    1    1    1  2.30082E+15 0.00064 
   47   47    1    1    1    1    1    1    1    1  3.68016E+15 0.00064 
   48   48    1    1    1    1    1    1    1    1  5.09972E+15 0.00057 
   49   49    1    1    1    1    1    1    1    1  5.01183E+15 0.00057 
   50   50    1    1    1    1    1    1    1    1  7.86131E+15 0.00049 
   51   51    1    1    1    1    1    1    1    1  6.14249E+15 0.00054 
   52   52    1    1    1    1    1    1    1    1  7.40392E+15 0.00046 
   53   53    1    1    1    1    1    1    1    1  5.09367E+15 0.00048 
   54   54    1    1    1    1    1    1    1    1  6.32110E+15 0.00048 
   55   55    1    1    1    1    1    1    1    1  4.32125E+15 0.00064 
   56   56    1    1    1    1    1    1    1    1  5.84262E+14 0.00073 
   57   57    1    1    1    1    1    1    1    1  8.55559E+15 0.00057 
   58   58    1    1    1    1    1    1    1    1  3.88674E+15 0.00058 
   59   59    1    1    1    1    1    1    1    1  4.09482E+15 0.00068 
   60   60    1    1    1    1    1    1    1    1  3.22673E+15 0.00063 
   61   61    1    1    1    1    1    1    1    1  3.22375E+15 0.00072 
   62   62    1    1    1    1    1    1    1    1  3.36365E+15 0.00078 
   63   63    1    1    1    1    1    1    1    1  2.83906E+15 0.00101 
   64   64    1    1    1    1    1    1    1    1  2.25256E+15 0.00064 
   65   65    1    1    1    1    1    1    1    1  2.23588E+15 0.00091 
   66   66    1    1    1    1    1    1    1    1  1.60574E+15 0.00071 
   67   67    1    1    1    1    1    1    1    1  1.30018E+15 0.00120 
   68   68    1    1    1    1    1    1    1    1  1.16208E+15 0.00095 
   69   69    1    1    1    1    1    1    1    1  1.39221E+15 0.00103 
   70   70    1    1    1    1    1    1    1    1  1.18026E+15 0.00123 
   71   71    1    1    1    1    1    1    1    1  2.11002E+15 0.00117 
   72   72    1    1    1    1    1    1    1    1  1.48335E+15 0.00115 
   73   73    1    1    1    1    1    1    1    1  1.11696E+15 0.00092 
   74   74    1    1    1    1    1    1    1    1  9.06295E+14 0.00131 
   75   75    1    1    1    1    1    1    1    1  7.61306E+14 0.00113 
   76   76    1    1    1    1    1    1    1    1  8.91054E+14 0.00083 
   77   77    1    1    1    1    1    1    1    1  7.12381E+14 0.00102 
   78   78    1    1    1    1    1    1    1    1  5.71986E+14 0.00123 
   79   79    1    1    1    1    1    1    1    1  5.92871E+14 0.00113 
   80   80    1    1    1    1    1    1    1    1  4.41363E+14 0.00183 
   81   81    1    1    1    1    1    1    1    1  3.40266E+14 0.00165 
   82   82    1    1    1    1    1    1    1    1  2.62276E+14 0.00196 
   83   83    1    1    1    1    1    1    1    1  2.44799E+14 0.00141 
   84   84    1    1    1    1    1    1    1    1  1.76318E+14 0.00250 
   85   85    1    1    1    1    1    1    1    1  1.27307E+14 0.00278 
   86   86    1    1    1    1    1    1    1    1  1.19103E+14 0.00234 
   87   87    1    1    1    1    1    1    1    1  7.28880E+13 0.00330 
   88   88    1    1    1    1    1    1    1    1  4.89710E+13 0.00368 
   89   89    1    1    1    1    1    1    1    1  2.78815E+13 0.00542 
   90   90    1    1    1    1    1    1    1    1  1.85147E+13 0.00597 
   91   91    1    1    1    1    1    1    1    1  9.25831E+12 0.00902 
   92   92    1    1    1    1    1    1    1    1  4.43948E+12 0.00982 
   93   93    1    1    1    1    1    1    1    1  2.10349E+12 0.01573 
   94   94    1    1    1    1    1    1    1    1  1.04344E+12 0.03065 
   95   95    1    1    1    1    1    1    1    1  4.97338E+11 0.05307 
   96   96    1    1    1    1    1    1    1    1  2.46937E+11 0.06166 
   97   97    1    1    1    1    1    1    1    1  9.45915E+10 0.09666 
   98   98    1    1    1    1    1    1    1    1  5.07957E+10 0.11012 
   99   99    1    1    1    1    1    1    1    1  2.27354E+10 0.16273 
  100  100    1    1    1    1    1    1    1    1  2.33259E+10 0.13629 
];


