
DETdpaspec = [
    1    1    1    1    1    1    1    1    1    1  0.00000E+00 0.00000 
    2    2    1    1    1    1    1    1    1    1  0.00000E+00 0.00000 
    3    3    1    1    1    1    1    1    1    1  0.00000E+00 0.00000 
    4    4    1    1    1    1    1    1    1    1  0.00000E+00 0.00000 
    5    5    1    1    1    1    1    1    1    1  0.00000E+00 0.00000 
    6    6    1    1    1    1    1    1    1    1  9.67519E+06 1.00000 
    7    7    1    1    1    1    1    1    1    1  0.00000E+00 0.00000 
    8    8    1    1    1    1    1    1    1    1  0.00000E+00 0.00000 
    9    9    1    1    1    1    1    1    1    1  0.00000E+00 0.00000 
   10   10    1    1    1    1    1    1    1    1  5.97451E+07 1.00000 
   11   11    1    1    1    1    1    1    1    1  1.35114E+08 1.00000 
   12   12    1    1    1    1    1    1    1    1  8.77261E+07 0.50212 
   13   13    1    1    1    1    1    1    1    1  2.20790E+08 0.68900 
   14   14    1    1    1    1    1    1    1    1  8.68426E+08 0.44886 
   15   15    1    1    1    1    1    1    1    1  7.02612E+09 0.23762 
   16   16    1    1    1    1    1    1    1    1  1.32770E+09 0.42716 
   17   17    1    1    1    1    1    1    1    1  2.90580E+09 0.19578 
   18   18    1    1    1    1    1    1    1    1  7.09468E+09 0.28737 
   19   19    1    1    1    1    1    1    1    1  6.80321E+09 0.20900 
   20   20    1    1    1    1    1    1    1    1  2.96579E+10 0.17982 
   21   21    1    1    1    1    1    1    1    1  1.81832E+10 0.16868 
   22   22    1    1    1    1    1    1    1    1  6.58933E+10 0.07856 
   23   23    1    1    1    1    1    1    1    1  6.96333E+10 0.06926 
   24   24    1    1    1    1    1    1    1    1  1.22534E+11 0.06633 
   25   25    1    1    1    1    1    1    1    1  1.49272E+11 0.05755 
   26   26    1    1    1    1    1    1    1    1  2.49064E+11 0.04122 
   27   27    1    1    1    1    1    1    1    1  4.03049E+11 0.04335 
   28   28    1    1    1    1    1    1    1    1  6.98650E+11 0.03748 
   29   29    1    1    1    1    1    1    1    1  1.01747E+12 0.02483 
   30   30    1    1    1    1    1    1    1    1  3.17548E+12 0.01723 
   31   31    1    1    1    1    1    1    1    1  9.88942E+12 0.01045 
   32   32    1    1    1    1    1    1    1    1  1.89394E+13 0.00542 
   33   33    1    1    1    1    1    1    1    1  4.22813E+13 0.00392 
   34   34    1    1    1    1    1    1    1    1  5.61915E+13 0.00409 
   35   35    1    1    1    1    1    1    1    1  8.04694E+13 0.00319 
   36   36    1    1    1    1    1    1    1    1  5.64220E+13 0.00358 
   37   37    1    1    1    1    1    1    1    1  1.78039E+13 0.00367 
   38   38    1    1    1    1    1    1    1    1  9.67391E+13 0.00291 
   39   39    1    1    1    1    1    1    1    1  1.30097E+14 0.00273 
   40   40    1    1    1    1    1    1    1    1  2.17591E+14 0.00274 
   41   41    1    1    1    1    1    1    1    1  2.26497E+14 0.00251 
   42   42    1    1    1    1    1    1    1    1  4.70142E+14 0.00219 
   43   43    1    1    1    1    1    1    1    1  5.65059E+14 0.00208 
   44   44    1    1    1    1    1    1    1    1  8.08294E+14 0.00186 
   45   45    1    1    1    1    1    1    1    1  1.55400E+15 0.00193 
   46   46    1    1    1    1    1    1    1    1  7.31285E+14 0.00187 
   47   47    1    1    1    1    1    1    1    1  1.18961E+15 0.00160 
   48   48    1    1    1    1    1    1    1    1  1.64701E+15 0.00196 
   49   49    1    1    1    1    1    1    1    1  1.63335E+15 0.00181 
   50   50    1    1    1    1    1    1    1    1  2.47625E+15 0.00172 
   51   51    1    1    1    1    1    1    1    1  2.00319E+15 0.00188 
   52   52    1    1    1    1    1    1    1    1  2.31008E+15 0.00170 
   53   53    1    1    1    1    1    1    1    1  1.60692E+15 0.00163 
   54   54    1    1    1    1    1    1    1    1  1.90617E+15 0.00163 
   55   55    1    1    1    1    1    1    1    1  1.31445E+15 0.00171 
   56   56    1    1    1    1    1    1    1    1  1.80218E+14 0.00178 
   57   57    1    1    1    1    1    1    1    1  2.60844E+15 0.00184 
   58   58    1    1    1    1    1    1    1    1  1.11926E+15 0.00191 
   59   59    1    1    1    1    1    1    1    1  1.19635E+15 0.00197 
   60   60    1    1    1    1    1    1    1    1  9.05777E+14 0.00214 
   61   61    1    1    1    1    1    1    1    1  9.11564E+14 0.00174 
   62   62    1    1    1    1    1    1    1    1  9.41394E+14 0.00161 
   63   63    1    1    1    1    1    1    1    1  7.84195E+14 0.00184 
   64   64    1    1    1    1    1    1    1    1  6.23008E+14 0.00143 
   65   65    1    1    1    1    1    1    1    1  6.16866E+14 0.00183 
   66   66    1    1    1    1    1    1    1    1  4.41771E+14 0.00242 
   67   67    1    1    1    1    1    1    1    1  3.62074E+14 0.00244 
   68   68    1    1    1    1    1    1    1    1  3.26935E+14 0.00203 
   69   69    1    1    1    1    1    1    1    1  3.92123E+14 0.00227 
   70   70    1    1    1    1    1    1    1    1  3.33811E+14 0.00228 
   71   71    1    1    1    1    1    1    1    1  6.18504E+14 0.00238 
   72   72    1    1    1    1    1    1    1    1  4.38170E+14 0.00240 
   73   73    1    1    1    1    1    1    1    1  3.27106E+14 0.00286 
   74   74    1    1    1    1    1    1    1    1  2.57026E+14 0.00262 
   75   75    1    1    1    1    1    1    1    1  2.08827E+14 0.00284 
   76   76    1    1    1    1    1    1    1    1  2.37912E+14 0.00303 
   77   77    1    1    1    1    1    1    1    1  1.83790E+14 0.00237 
   78   78    1    1    1    1    1    1    1    1  1.44004E+14 0.00222 
   79   79    1    1    1    1    1    1    1    1  1.47556E+14 0.00321 
   80   80    1    1    1    1    1    1    1    1  1.07519E+14 0.00330 
   81   81    1    1    1    1    1    1    1    1  8.30786E+13 0.00345 
   82   82    1    1    1    1    1    1    1    1  6.34149E+13 0.00548 
   83   83    1    1    1    1    1    1    1    1  5.88228E+13 0.00400 
   84   84    1    1    1    1    1    1    1    1  4.25356E+13 0.00425 
   85   85    1    1    1    1    1    1    1    1  3.04806E+13 0.00518 
   86   86    1    1    1    1    1    1    1    1  2.85742E+13 0.00487 
   87   87    1    1    1    1    1    1    1    1  1.76423E+13 0.00652 
   88   88    1    1    1    1    1    1    1    1  1.18162E+13 0.00550 
   89   89    1    1    1    1    1    1    1    1  6.79605E+12 0.01177 
   90   90    1    1    1    1    1    1    1    1  4.55608E+12 0.01061 
   91   91    1    1    1    1    1    1    1    1  2.41300E+12 0.02313 
   92   92    1    1    1    1    1    1    1    1  1.12412E+12 0.02233 
   93   93    1    1    1    1    1    1    1    1  5.54955E+11 0.04944 
   94   94    1    1    1    1    1    1    1    1  2.81769E+11 0.04372 
   95   95    1    1    1    1    1    1    1    1  1.33657E+11 0.08499 
   96   96    1    1    1    1    1    1    1    1  7.31119E+10 0.13258 
   97   97    1    1    1    1    1    1    1    1  3.14541E+10 0.14396 
   98   98    1    1    1    1    1    1    1    1  1.46829E+10 0.22298 
   99   99    1    1    1    1    1    1    1    1  3.28150E+09 0.44173 
  100  100    1    1    1    1    1    1    1    1  5.56443E+09 0.33469 
];


