
DETdpaspec = [
    1    1    1    1    1    1    1    1    1    1  0.00000E+00 0.00000 
    2    2    1    1    1    1    1    1    1    1  0.00000E+00 0.00000 
    3    3    1    1    1    1    1    1    1    1  7.11363E+06 1.00000 
    4    4    1    1    1    1    1    1    1    1  9.55455E+06 1.00000 
    5    5    1    1    1    1    1    1    1    1  0.00000E+00 0.00000 
    6    6    1    1    1    1    1    1    1    1  0.00000E+00 0.00000 
    7    7    1    1    1    1    1    1    1    1  1.78201E+07 1.00000 
    8    8    1    1    1    1    1    1    1    1  0.00000E+00 0.00000 
    9    9    1    1    1    1    1    1    1    1  1.53142E+07 1.00000 
   10   10    1    1    1    1    1    1    1    1  0.00000E+00 0.00000 
   11   11    1    1    1    1    1    1    1    1  3.49440E+08 0.56633 
   12   12    1    1    1    1    1    1    1    1  6.61272E+07 0.68831 
   13   13    1    1    1    1    1    1    1    1  1.50435E+08 0.80700 
   14   14    1    1    1    1    1    1    1    1  1.21499E+09 0.56662 
   15   15    1    1    1    1    1    1    1    1  2.27825E+09 0.54066 
   16   16    1    1    1    1    1    1    1    1  1.11538E+09 0.38122 
   17   17    1    1    1    1    1    1    1    1  2.21422E+09 0.26731 
   18   18    1    1    1    1    1    1    1    1  5.53066E+09 0.30034 
   19   19    1    1    1    1    1    1    1    1  5.28544E+09 0.28846 
   20   20    1    1    1    1    1    1    1    1  2.37582E+10 0.14177 
   21   21    1    1    1    1    1    1    1    1  1.99266E+10 0.11973 
   22   22    1    1    1    1    1    1    1    1  5.55956E+10 0.11196 
   23   23    1    1    1    1    1    1    1    1  6.88152E+10 0.07056 
   24   24    1    1    1    1    1    1    1    1  1.05365E+11 0.06786 
   25   25    1    1    1    1    1    1    1    1  1.22181E+11 0.03610 
   26   26    1    1    1    1    1    1    1    1  2.09594E+11 0.06739 
   27   27    1    1    1    1    1    1    1    1  3.58738E+11 0.04644 
   28   28    1    1    1    1    1    1    1    1  6.24570E+11 0.03263 
   29   29    1    1    1    1    1    1    1    1  8.31730E+11 0.02974 
   30   30    1    1    1    1    1    1    1    1  2.75622E+12 0.02033 
   31   31    1    1    1    1    1    1    1    1  8.40413E+12 0.00980 
   32   32    1    1    1    1    1    1    1    1  1.53230E+13 0.00921 
   33   33    1    1    1    1    1    1    1    1  3.27859E+13 0.00599 
   34   34    1    1    1    1    1    1    1    1  4.25814E+13 0.00444 
   35   35    1    1    1    1    1    1    1    1  6.25517E+13 0.00353 
   36   36    1    1    1    1    1    1    1    1  4.37647E+13 0.00486 
   37   37    1    1    1    1    1    1    1    1  1.39952E+13 0.00497 
   38   38    1    1    1    1    1    1    1    1  7.45119E+13 0.00330 
   39   39    1    1    1    1    1    1    1    1  9.93447E+13 0.00457 
   40   40    1    1    1    1    1    1    1    1  1.63500E+14 0.00419 
   41   41    1    1    1    1    1    1    1    1  1.71588E+14 0.00456 
   42   42    1    1    1    1    1    1    1    1  3.47470E+14 0.00450 
   43   43    1    1    1    1    1    1    1    1  4.11751E+14 0.00387 
   44   44    1    1    1    1    1    1    1    1  5.82699E+14 0.00411 
   45   45    1    1    1    1    1    1    1    1  1.09941E+15 0.00422 
   46   46    1    1    1    1    1    1    1    1  5.18288E+14 0.00424 
   47   47    1    1    1    1    1    1    1    1  8.44417E+14 0.00425 
   48   48    1    1    1    1    1    1    1    1  1.16403E+15 0.00444 
   49   49    1    1    1    1    1    1    1    1  1.15691E+15 0.00467 
   50   50    1    1    1    1    1    1    1    1  1.74151E+15 0.00458 
   51   51    1    1    1    1    1    1    1    1  1.41859E+15 0.00441 
   52   52    1    1    1    1    1    1    1    1  1.61300E+15 0.00465 
   53   53    1    1    1    1    1    1    1    1  1.12745E+15 0.00482 
   54   54    1    1    1    1    1    1    1    1  1.32335E+15 0.00508 
   55   55    1    1    1    1    1    1    1    1  9.20303E+14 0.00522 
   56   56    1    1    1    1    1    1    1    1  1.26507E+14 0.00507 
   57   57    1    1    1    1    1    1    1    1  1.82637E+15 0.00528 
   58   58    1    1    1    1    1    1    1    1  7.73259E+14 0.00531 
   59   59    1    1    1    1    1    1    1    1  8.30198E+14 0.00515 
   60   60    1    1    1    1    1    1    1    1  6.23223E+14 0.00516 
   61   61    1    1    1    1    1    1    1    1  6.30816E+14 0.00529 
   62   62    1    1    1    1    1    1    1    1  6.49017E+14 0.00518 
   63   63    1    1    1    1    1    1    1    1  5.39450E+14 0.00559 
   64   64    1    1    1    1    1    1    1    1  4.28739E+14 0.00540 
   65   65    1    1    1    1    1    1    1    1  4.23378E+14 0.00528 
   66   66    1    1    1    1    1    1    1    1  3.04346E+14 0.00571 
   67   67    1    1    1    1    1    1    1    1  2.50031E+14 0.00580 
   68   68    1    1    1    1    1    1    1    1  2.26161E+14 0.00546 
   69   69    1    1    1    1    1    1    1    1  2.71517E+14 0.00578 
   70   70    1    1    1    1    1    1    1    1  2.31692E+14 0.00513 
   71   71    1    1    1    1    1    1    1    1  4.32544E+14 0.00577 
   72   72    1    1    1    1    1    1    1    1  3.08298E+14 0.00540 
   73   73    1    1    1    1    1    1    1    1  2.29549E+14 0.00603 
   74   74    1    1    1    1    1    1    1    1  1.79310E+14 0.00556 
   75   75    1    1    1    1    1    1    1    1  1.44487E+14 0.00673 
   76   76    1    1    1    1    1    1    1    1  1.62884E+14 0.00620 
   77   77    1    1    1    1    1    1    1    1  1.24053E+14 0.00699 
   78   78    1    1    1    1    1    1    1    1  9.76141E+13 0.00563 
   79   79    1    1    1    1    1    1    1    1  9.83417E+13 0.00627 
   80   80    1    1    1    1    1    1    1    1  7.23670E+13 0.00655 
   81   81    1    1    1    1    1    1    1    1  5.52426E+13 0.00757 
   82   82    1    1    1    1    1    1    1    1  4.22332E+13 0.00613 
   83   83    1    1    1    1    1    1    1    1  3.94708E+13 0.00861 
   84   84    1    1    1    1    1    1    1    1  2.83416E+13 0.00754 
   85   85    1    1    1    1    1    1    1    1  2.00162E+13 0.00734 
   86   86    1    1    1    1    1    1    1    1  1.88759E+13 0.01094 
   87   87    1    1    1    1    1    1    1    1  1.18729E+13 0.00989 
   88   88    1    1    1    1    1    1    1    1  8.22117E+12 0.01001 
   89   89    1    1    1    1    1    1    1    1  4.66744E+12 0.01298 
   90   90    1    1    1    1    1    1    1    1  2.96888E+12 0.01613 
   91   91    1    1    1    1    1    1    1    1  1.58091E+12 0.02250 
   92   92    1    1    1    1    1    1    1    1  7.56621E+11 0.03335 
   93   93    1    1    1    1    1    1    1    1  3.73624E+11 0.04753 
   94   94    1    1    1    1    1    1    1    1  1.93171E+11 0.06495 
   95   95    1    1    1    1    1    1    1    1  7.84146E+10 0.08735 
   96   96    1    1    1    1    1    1    1    1  4.22367E+10 0.16815 
   97   97    1    1    1    1    1    1    1    1  2.52872E+10 0.15973 
   98   98    1    1    1    1    1    1    1    1  8.39690E+09 0.28586 
   99   99    1    1    1    1    1    1    1    1  5.61148E+09 0.42192 
  100  100    1    1    1    1    1    1    1    1  4.88436E+09 0.49272 
];


