
DETdpaspec = [
    1    1    1    1    1    1    1    1    1    1  0.00000E+00 0.00000 
    2    2    1    1    1    1    1    1    1    1  0.00000E+00 0.00000 
    3    3    1    1    1    1    1    1    1    1  0.00000E+00 0.00000 
    4    4    1    1    1    1    1    1    1    1  0.00000E+00 0.00000 
    5    5    1    1    1    1    1    1    1    1  0.00000E+00 0.00000 
    6    6    1    1    1    1    1    1    1    1  0.00000E+00 0.00000 
    7    7    1    1    1    1    1    1    1    1  0.00000E+00 0.00000 
    8    8    1    1    1    1    1    1    1    1  0.00000E+00 0.00000 
    9    9    1    1    1    1    1    1    1    1  0.00000E+00 0.00000 
   10   10    1    1    1    1    1    1    1    1  8.79113E+07 1.00000 
   11   11    1    1    1    1    1    1    1    1  0.00000E+00 0.00000 
   12   12    1    1    1    1    1    1    1    1  1.93247E+07 1.00000 
   13   13    1    1    1    1    1    1    1    1  8.81354E+08 0.48106 
   14   14    1    1    1    1    1    1    1    1  3.92641E+08 0.73636 
   15   15    1    1    1    1    1    1    1    1  6.03808E+09 0.53644 
   16   16    1    1    1    1    1    1    1    1  1.33679E+09 0.58262 
   17   17    1    1    1    1    1    1    1    1  2.93146E+09 0.26920 
   18   18    1    1    1    1    1    1    1    1  9.29116E+09 0.21942 
   19   19    1    1    1    1    1    1    1    1  9.52542E+09 0.18891 
   20   20    1    1    1    1    1    1    1    1  2.44335E+10 0.22487 
   21   21    1    1    1    1    1    1    1    1  1.50644E+10 0.11231 
   22   22    1    1    1    1    1    1    1    1  5.31895E+10 0.09534 
   23   23    1    1    1    1    1    1    1    1  6.54084E+10 0.08975 
   24   24    1    1    1    1    1    1    1    1  9.13554E+10 0.07293 
   25   25    1    1    1    1    1    1    1    1  1.46155E+11 0.07409 
   26   26    1    1    1    1    1    1    1    1  2.23847E+11 0.05466 
   27   27    1    1    1    1    1    1    1    1  3.95300E+11 0.04021 
   28   28    1    1    1    1    1    1    1    1  7.39506E+11 0.03440 
   29   29    1    1    1    1    1    1    1    1  1.01016E+12 0.02868 
   30   30    1    1    1    1    1    1    1    1  3.09954E+12 0.01299 
   31   31    1    1    1    1    1    1    1    1  9.52397E+12 0.00707 
   32   32    1    1    1    1    1    1    1    1  1.81701E+13 0.00580 
   33   33    1    1    1    1    1    1    1    1  4.03487E+13 0.00596 
   34   34    1    1    1    1    1    1    1    1  5.39983E+13 0.00532 
   35   35    1    1    1    1    1    1    1    1  7.79963E+13 0.00317 
   36   36    1    1    1    1    1    1    1    1  5.46091E+13 0.00352 
   37   37    1    1    1    1    1    1    1    1  1.72536E+13 0.00338 
   38   38    1    1    1    1    1    1    1    1  9.38039E+13 0.00279 
   39   39    1    1    1    1    1    1    1    1  1.25933E+14 0.00270 
   40   40    1    1    1    1    1    1    1    1  2.10960E+14 0.00231 
   41   41    1    1    1    1    1    1    1    1  2.20235E+14 0.00199 
   42   42    1    1    1    1    1    1    1    1  4.54994E+14 0.00183 
   43   43    1    1    1    1    1    1    1    1  5.47350E+14 0.00225 
   44   44    1    1    1    1    1    1    1    1  7.82994E+14 0.00228 
   45   45    1    1    1    1    1    1    1    1  1.50451E+15 0.00254 
   46   46    1    1    1    1    1    1    1    1  7.06891E+14 0.00248 
   47   47    1    1    1    1    1    1    1    1  1.15002E+15 0.00258 
   48   48    1    1    1    1    1    1    1    1  1.59054E+15 0.00269 
   49   49    1    1    1    1    1    1    1    1  1.58208E+15 0.00240 
   50   50    1    1    1    1    1    1    1    1  2.40096E+15 0.00229 
   51   51    1    1    1    1    1    1    1    1  1.94513E+15 0.00220 
   52   52    1    1    1    1    1    1    1    1  2.23689E+15 0.00224 
   53   53    1    1    1    1    1    1    1    1  1.55683E+15 0.00239 
   54   54    1    1    1    1    1    1    1    1  1.84392E+15 0.00265 
   55   55    1    1    1    1    1    1    1    1  1.27198E+15 0.00256 
   56   56    1    1    1    1    1    1    1    1  1.74061E+14 0.00267 
   57   57    1    1    1    1    1    1    1    1  2.52751E+15 0.00273 
   58   58    1    1    1    1    1    1    1    1  1.08102E+15 0.00300 
   59   59    1    1    1    1    1    1    1    1  1.15558E+15 0.00260 
   60   60    1    1    1    1    1    1    1    1  8.74818E+14 0.00238 
   61   61    1    1    1    1    1    1    1    1  8.80482E+14 0.00239 
   62   62    1    1    1    1    1    1    1    1  9.08987E+14 0.00265 
   63   63    1    1    1    1    1    1    1    1  7.57478E+14 0.00275 
   64   64    1    1    1    1    1    1    1    1  6.00438E+14 0.00318 
   65   65    1    1    1    1    1    1    1    1  5.93536E+14 0.00296 
   66   66    1    1    1    1    1    1    1    1  4.25259E+14 0.00238 
   67   67    1    1    1    1    1    1    1    1  3.49097E+14 0.00320 
   68   68    1    1    1    1    1    1    1    1  3.14275E+14 0.00310 
   69   69    1    1    1    1    1    1    1    1  3.77089E+14 0.00309 
   70   70    1    1    1    1    1    1    1    1  3.22241E+14 0.00349 
   71   71    1    1    1    1    1    1    1    1  5.95764E+14 0.00343 
   72   72    1    1    1    1    1    1    1    1  4.22596E+14 0.00334 
   73   73    1    1    1    1    1    1    1    1  3.16028E+14 0.00332 
   74   74    1    1    1    1    1    1    1    1  2.48406E+14 0.00305 
   75   75    1    1    1    1    1    1    1    1  2.01499E+14 0.00270 
   76   76    1    1    1    1    1    1    1    1  2.28832E+14 0.00385 
   77   77    1    1    1    1    1    1    1    1  1.77334E+14 0.00291 
   78   78    1    1    1    1    1    1    1    1  1.38584E+14 0.00429 
   79   79    1    1    1    1    1    1    1    1  1.41625E+14 0.00414 
   80   80    1    1    1    1    1    1    1    1  1.04112E+14 0.00418 
   81   81    1    1    1    1    1    1    1    1  7.96749E+13 0.00413 
   82   82    1    1    1    1    1    1    1    1  6.11256E+13 0.00467 
   83   83    1    1    1    1    1    1    1    1  5.72190E+13 0.00389 
   84   84    1    1    1    1    1    1    1    1  4.08061E+13 0.00402 
   85   85    1    1    1    1    1    1    1    1  2.94193E+13 0.00573 
   86   86    1    1    1    1    1    1    1    1  2.73605E+13 0.00672 
   87   87    1    1    1    1    1    1    1    1  1.71396E+13 0.00818 
   88   88    1    1    1    1    1    1    1    1  1.16609E+13 0.00804 
   89   89    1    1    1    1    1    1    1    1  6.60971E+12 0.01391 
   90   90    1    1    1    1    1    1    1    1  4.49635E+12 0.01472 
   91   91    1    1    1    1    1    1    1    1  2.25121E+12 0.02247 
   92   92    1    1    1    1    1    1    1    1  1.12444E+12 0.02603 
   93   93    1    1    1    1    1    1    1    1  5.38851E+11 0.03604 
   94   94    1    1    1    1    1    1    1    1  2.45771E+11 0.04941 
   95   95    1    1    1    1    1    1    1    1  1.20050E+11 0.09419 
   96   96    1    1    1    1    1    1    1    1  4.86015E+10 0.10749 
   97   97    1    1    1    1    1    1    1    1  2.34893E+10 0.18327 
   98   98    1    1    1    1    1    1    1    1  6.94609E+09 0.23486 
   99   99    1    1    1    1    1    1    1    1  6.63146E+09 0.26630 
  100  100    1    1    1    1    1    1    1    1  4.11929E+09 0.36199 
];


