
DETdpaspec = [
    1    1    1    1    1    1    1    1    1    1  0.00000E+00 0.00000 
    2    2    1    1    1    1    1    1    1    1  0.00000E+00 0.00000 
    3    3    1    1    1    1    1    1    1    1  0.00000E+00 0.00000 
    4    4    1    1    1    1    1    1    1    1  0.00000E+00 0.00000 
    5    5    1    1    1    1    1    1    1    1  0.00000E+00 0.00000 
    6    6    1    1    1    1    1    1    1    1  8.52635E+06 1.00000 
    7    7    1    1    1    1    1    1    1    1  0.00000E+00 0.00000 
    8    8    1    1    1    1    1    1    1    1  0.00000E+00 0.00000 
    9    9    1    1    1    1    1    1    1    1  0.00000E+00 0.00000 
   10   10    1    1    1    1    1    1    1    1  0.00000E+00 0.00000 
   11   11    1    1    1    1    1    1    1    1  1.18785E+08 1.00000 
   12   12    1    1    1    1    1    1    1    1  0.00000E+00 0.00000 
   13   13    1    1    1    1    1    1    1    1  8.43969E+08 0.55078 
   14   14    1    1    1    1    1    1    1    1  3.11949E+09 0.31787 
   15   15    1    1    1    1    1    1    1    1  4.26372E+09 0.33488 
   16   16    1    1    1    1    1    1    1    1  1.41435E+09 0.25940 
   17   17    1    1    1    1    1    1    1    1  2.62879E+09 0.27641 
   18   18    1    1    1    1    1    1    1    1  6.00999E+09 0.24441 
   19   19    1    1    1    1    1    1    1    1  7.11951E+09 0.24253 
   20   20    1    1    1    1    1    1    1    1  2.49834E+10 0.18291 
   21   21    1    1    1    1    1    1    1    1  1.69823E+10 0.12985 
   22   22    1    1    1    1    1    1    1    1  6.29038E+10 0.10943 
   23   23    1    1    1    1    1    1    1    1  8.24486E+10 0.07603 
   24   24    1    1    1    1    1    1    1    1  1.27155E+11 0.07503 
   25   25    1    1    1    1    1    1    1    1  1.47918E+11 0.06629 
   26   26    1    1    1    1    1    1    1    1  2.43017E+11 0.04743 
   27   27    1    1    1    1    1    1    1    1  4.19998E+11 0.03663 
   28   28    1    1    1    1    1    1    1    1  6.85346E+11 0.03441 
   29   29    1    1    1    1    1    1    1    1  9.31661E+11 0.02050 
   30   30    1    1    1    1    1    1    1    1  3.21447E+12 0.01455 
   31   31    1    1    1    1    1    1    1    1  9.46503E+12 0.00942 
   32   32    1    1    1    1    1    1    1    1  1.71714E+13 0.00917 
   33   33    1    1    1    1    1    1    1    1  3.66413E+13 0.00658 
   34   34    1    1    1    1    1    1    1    1  4.74448E+13 0.00667 
   35   35    1    1    1    1    1    1    1    1  6.98694E+13 0.00614 
   36   36    1    1    1    1    1    1    1    1  4.90426E+13 0.00622 
   37   37    1    1    1    1    1    1    1    1  1.57557E+13 0.00583 
   38   38    1    1    1    1    1    1    1    1  8.35412E+13 0.00659 
   39   39    1    1    1    1    1    1    1    1  1.10855E+14 0.00676 
   40   40    1    1    1    1    1    1    1    1  1.81915E+14 0.00651 
   41   41    1    1    1    1    1    1    1    1  1.90635E+14 0.00644 
   42   42    1    1    1    1    1    1    1    1  3.84253E+14 0.00559 
   43   43    1    1    1    1    1    1    1    1  4.56372E+14 0.00620 
   44   44    1    1    1    1    1    1    1    1  6.44739E+14 0.00605 
   45   45    1    1    1    1    1    1    1    1  1.21194E+15 0.00579 
   46   46    1    1    1    1    1    1    1    1  5.73354E+14 0.00596 
   47   47    1    1    1    1    1    1    1    1  9.32405E+14 0.00595 
   48   48    1    1    1    1    1    1    1    1  1.28455E+15 0.00630 
   49   49    1    1    1    1    1    1    1    1  1.27543E+15 0.00594 
   50   50    1    1    1    1    1    1    1    1  1.91759E+15 0.00614 
   51   51    1    1    1    1    1    1    1    1  1.56874E+15 0.00625 
   52   52    1    1    1    1    1    1    1    1  1.77967E+15 0.00647 
   53   53    1    1    1    1    1    1    1    1  1.24800E+15 0.00652 
   54   54    1    1    1    1    1    1    1    1  1.46379E+15 0.00645 
   55   55    1    1    1    1    1    1    1    1  1.01672E+15 0.00624 
   56   56    1    1    1    1    1    1    1    1  1.40258E+14 0.00635 
   57   57    1    1    1    1    1    1    1    1  2.02311E+15 0.00609 
   58   58    1    1    1    1    1    1    1    1  8.52818E+14 0.00633 
   59   59    1    1    1    1    1    1    1    1  9.18737E+14 0.00624 
   60   60    1    1    1    1    1    1    1    1  6.90041E+14 0.00687 
   61   61    1    1    1    1    1    1    1    1  6.97613E+14 0.00675 
   62   62    1    1    1    1    1    1    1    1  7.18600E+14 0.00669 
   63   63    1    1    1    1    1    1    1    1  5.97463E+14 0.00677 
   64   64    1    1    1    1    1    1    1    1  4.75402E+14 0.00679 
   65   65    1    1    1    1    1    1    1    1  4.69641E+14 0.00751 
   66   66    1    1    1    1    1    1    1    1  3.38208E+14 0.00670 
   67   67    1    1    1    1    1    1    1    1  2.78239E+14 0.00752 
   68   68    1    1    1    1    1    1    1    1  2.51509E+14 0.00680 
   69   69    1    1    1    1    1    1    1    1  3.00816E+14 0.00701 
   70   70    1    1    1    1    1    1    1    1  2.56336E+14 0.00712 
   71   71    1    1    1    1    1    1    1    1  4.82556E+14 0.00715 
   72   72    1    1    1    1    1    1    1    1  3.44527E+14 0.00696 
   73   73    1    1    1    1    1    1    1    1  2.56732E+14 0.00838 
   74   74    1    1    1    1    1    1    1    1  2.00038E+14 0.00794 
   75   75    1    1    1    1    1    1    1    1  1.60705E+14 0.00825 
   76   76    1    1    1    1    1    1    1    1  1.81604E+14 0.00739 
   77   77    1    1    1    1    1    1    1    1  1.38607E+14 0.00758 
   78   78    1    1    1    1    1    1    1    1  1.07727E+14 0.00788 
   79   79    1    1    1    1    1    1    1    1  1.09663E+14 0.00783 
   80   80    1    1    1    1    1    1    1    1  7.99354E+13 0.00714 
   81   81    1    1    1    1    1    1    1    1  6.13802E+13 0.00811 
   82   82    1    1    1    1    1    1    1    1  4.69098E+13 0.00648 
   83   83    1    1    1    1    1    1    1    1  4.36488E+13 0.00865 
   84   84    1    1    1    1    1    1    1    1  3.12533E+13 0.00807 
   85   85    1    1    1    1    1    1    1    1  2.25531E+13 0.00964 
   86   86    1    1    1    1    1    1    1    1  2.08404E+13 0.00812 
   87   87    1    1    1    1    1    1    1    1  1.30718E+13 0.00944 
   88   88    1    1    1    1    1    1    1    1  8.96085E+12 0.01182 
   89   89    1    1    1    1    1    1    1    1  5.08748E+12 0.01475 
   90   90    1    1    1    1    1    1    1    1  3.43860E+12 0.01313 
   91   91    1    1    1    1    1    1    1    1  1.73378E+12 0.02256 
   92   92    1    1    1    1    1    1    1    1  8.83748E+11 0.02768 
   93   93    1    1    1    1    1    1    1    1  4.11301E+11 0.05544 
   94   94    1    1    1    1    1    1    1    1  1.94871E+11 0.06560 
   95   95    1    1    1    1    1    1    1    1  8.59196E+10 0.09529 
   96   96    1    1    1    1    1    1    1    1  4.71266E+10 0.11512 
   97   97    1    1    1    1    1    1    1    1  2.41204E+10 0.15897 
   98   98    1    1    1    1    1    1    1    1  9.81132E+09 0.24146 
   99   99    1    1    1    1    1    1    1    1  6.07623E+09 0.40014 
  100  100    1    1    1    1    1    1    1    1  6.95485E+09 0.34444 
];


