
DETdpaspec = [
    1    1    1    1    1    1    1    1    1    1  0.00000E+00 0.00000 
    2    2    1    1    1    1    1    1    1    1  0.00000E+00 0.00000 
    3    3    1    1    1    1    1    1    1    1  0.00000E+00 0.00000 
    4    4    1    1    1    1    1    1    1    1  0.00000E+00 0.00000 
    5    5    1    1    1    1    1    1    1    1  0.00000E+00 0.00000 
    6    6    1    1    1    1    1    1    1    1  0.00000E+00 0.00000 
    7    7    1    1    1    1    1    1    1    1  2.07643E+07 1.00000 
    8    8    1    1    1    1    1    1    1    1  2.24001E+07 1.00000 
    9    9    1    1    1    1    1    1    1    1  0.00000E+00 0.00000 
   10   10    1    1    1    1    1    1    1    1  0.00000E+00 0.00000 
   11   11    1    1    1    1    1    1    1    1  1.19852E+08 1.00000 
   12   12    1    1    1    1    1    1    1    1  1.48678E+08 0.49318 
   13   13    1    1    1    1    1    1    1    1  1.43733E+09 0.55240 
   14   14    1    1    1    1    1    1    1    1  9.78711E+08 0.46315 
   15   15    1    1    1    1    1    1    1    1  5.68098E+09 0.31257 
   16   16    1    1    1    1    1    1    1    1  1.35300E+09 0.36634 
   17   17    1    1    1    1    1    1    1    1  1.76710E+09 0.29787 
   18   18    1    1    1    1    1    1    1    1  9.62759E+09 0.23432 
   19   19    1    1    1    1    1    1    1    1  7.66762E+09 0.17705 
   20   20    1    1    1    1    1    1    1    1  3.19070E+10 0.15412 
   21   21    1    1    1    1    1    1    1    1  2.67578E+10 0.14658 
   22   22    1    1    1    1    1    1    1    1  5.15750E+10 0.09993 
   23   23    1    1    1    1    1    1    1    1  7.49906E+10 0.06708 
   24   24    1    1    1    1    1    1    1    1  1.19098E+11 0.05969 
   25   25    1    1    1    1    1    1    1    1  1.46312E+11 0.04769 
   26   26    1    1    1    1    1    1    1    1  2.47338E+11 0.05264 
   27   27    1    1    1    1    1    1    1    1  4.22970E+11 0.04199 
   28   28    1    1    1    1    1    1    1    1  7.13860E+11 0.02455 
   29   29    1    1    1    1    1    1    1    1  9.53286E+11 0.02300 
   30   30    1    1    1    1    1    1    1    1  3.12452E+12 0.01548 
   31   31    1    1    1    1    1    1    1    1  9.11523E+12 0.01199 
   32   32    1    1    1    1    1    1    1    1  1.67689E+13 0.01019 
   33   33    1    1    1    1    1    1    1    1  3.54642E+13 0.00782 
   34   34    1    1    1    1    1    1    1    1  4.57366E+13 0.00596 
   35   35    1    1    1    1    1    1    1    1  6.76727E+13 0.00479 
   36   36    1    1    1    1    1    1    1    1  4.75484E+13 0.00473 
   37   37    1    1    1    1    1    1    1    1  1.52664E+13 0.00438 
   38   38    1    1    1    1    1    1    1    1  8.08311E+13 0.00465 
   39   39    1    1    1    1    1    1    1    1  1.07462E+14 0.00386 
   40   40    1    1    1    1    1    1    1    1  1.76209E+14 0.00364 
   41   41    1    1    1    1    1    1    1    1  1.85659E+14 0.00431 
   42   42    1    1    1    1    1    1    1    1  3.74253E+14 0.00367 
   43   43    1    1    1    1    1    1    1    1  4.44909E+14 0.00394 
   44   44    1    1    1    1    1    1    1    1  6.29528E+14 0.00372 
   45   45    1    1    1    1    1    1    1    1  1.18385E+15 0.00388 
   46   46    1    1    1    1    1    1    1    1  5.58560E+14 0.00403 
   47   47    1    1    1    1    1    1    1    1  9.07996E+14 0.00406 
   48   48    1    1    1    1    1    1    1    1  1.25304E+15 0.00398 
   49   49    1    1    1    1    1    1    1    1  1.24599E+15 0.00422 
   50   50    1    1    1    1    1    1    1    1  1.87860E+15 0.00444 
   51   51    1    1    1    1    1    1    1    1  1.53501E+15 0.00447 
   52   52    1    1    1    1    1    1    1    1  1.74270E+15 0.00473 
   53   53    1    1    1    1    1    1    1    1  1.21985E+15 0.00469 
   54   54    1    1    1    1    1    1    1    1  1.43112E+15 0.00432 
   55   55    1    1    1    1    1    1    1    1  9.95191E+14 0.00439 
   56   56    1    1    1    1    1    1    1    1  1.37205E+14 0.00462 
   57   57    1    1    1    1    1    1    1    1  1.97839E+15 0.00441 
   58   58    1    1    1    1    1    1    1    1  8.35403E+14 0.00482 
   59   59    1    1    1    1    1    1    1    1  8.97107E+14 0.00482 
   60   60    1    1    1    1    1    1    1    1  6.73180E+14 0.00473 
   61   61    1    1    1    1    1    1    1    1  6.81909E+14 0.00464 
   62   62    1    1    1    1    1    1    1    1  7.03287E+14 0.00457 
   63   63    1    1    1    1    1    1    1    1  5.84800E+14 0.00454 
   64   64    1    1    1    1    1    1    1    1  4.65780E+14 0.00447 
   65   65    1    1    1    1    1    1    1    1  4.59735E+14 0.00467 
   66   66    1    1    1    1    1    1    1    1  3.31229E+14 0.00517 
   67   67    1    1    1    1    1    1    1    1  2.72790E+14 0.00528 
   68   68    1    1    1    1    1    1    1    1  2.45549E+14 0.00533 
   69   69    1    1    1    1    1    1    1    1  2.94712E+14 0.00570 
   70   70    1    1    1    1    1    1    1    1  2.51401E+14 0.00501 
   71   71    1    1    1    1    1    1    1    1  4.73295E+14 0.00525 
   72   72    1    1    1    1    1    1    1    1  3.35949E+14 0.00562 
   73   73    1    1    1    1    1    1    1    1  2.51281E+14 0.00556 
   74   74    1    1    1    1    1    1    1    1  1.96196E+14 0.00536 
   75   75    1    1    1    1    1    1    1    1  1.57299E+14 0.00524 
   76   76    1    1    1    1    1    1    1    1  1.78078E+14 0.00527 
   77   77    1    1    1    1    1    1    1    1  1.36165E+14 0.00568 
   78   78    1    1    1    1    1    1    1    1  1.04991E+14 0.00565 
   79   79    1    1    1    1    1    1    1    1  1.06992E+14 0.00594 
   80   80    1    1    1    1    1    1    1    1  7.85176E+13 0.00468 
   81   81    1    1    1    1    1    1    1    1  5.99973E+13 0.00511 
   82   82    1    1    1    1    1    1    1    1  4.57475E+13 0.00755 
   83   83    1    1    1    1    1    1    1    1  4.26156E+13 0.00816 
   84   84    1    1    1    1    1    1    1    1  3.07247E+13 0.00646 
   85   85    1    1    1    1    1    1    1    1  2.19629E+13 0.00852 
   86   86    1    1    1    1    1    1    1    1  2.05179E+13 0.00828 
   87   87    1    1    1    1    1    1    1    1  1.28569E+13 0.00874 
   88   88    1    1    1    1    1    1    1    1  8.64130E+12 0.00914 
   89   89    1    1    1    1    1    1    1    1  5.01405E+12 0.01592 
   90   90    1    1    1    1    1    1    1    1  3.35822E+12 0.01537 
   91   91    1    1    1    1    1    1    1    1  1.70153E+12 0.02212 
   92   92    1    1    1    1    1    1    1    1  8.39329E+11 0.03113 
   93   93    1    1    1    1    1    1    1    1  4.01546E+11 0.05028 
   94   94    1    1    1    1    1    1    1    1  1.95554E+11 0.05450 
   95   95    1    1    1    1    1    1    1    1  8.11990E+10 0.11747 
   96   96    1    1    1    1    1    1    1    1  5.04938E+10 0.12858 
   97   97    1    1    1    1    1    1    1    1  2.14714E+10 0.18628 
   98   98    1    1    1    1    1    1    1    1  1.24477E+10 0.37241 
   99   99    1    1    1    1    1    1    1    1  8.07531E+09 0.36863 
  100  100    1    1    1    1    1    1    1    1  1.83833E+09 0.81305 
];


