
DETdpaspec = [
    1    1    1    1    1    1    1    1    1    1  0.00000E+00 0.00000 
    2    2    1    1    1    1    1    1    1    1  0.00000E+00 0.00000 
    3    3    1    1    1    1    1    1    1    1  0.00000E+00 0.00000 
    4    4    1    1    1    1    1    1    1    1  0.00000E+00 0.00000 
    5    5    1    1    1    1    1    1    1    1  0.00000E+00 0.00000 
    6    6    1    1    1    1    1    1    1    1  0.00000E+00 0.00000 
    7    7    1    1    1    1    1    1    1    1  0.00000E+00 0.00000 
    8    8    1    1    1    1    1    1    1    1  2.28699E+07 1.00000 
    9    9    1    1    1    1    1    1    1    1  0.00000E+00 0.00000 
   10   10    1    1    1    1    1    1    1    1  0.00000E+00 0.00000 
   11   11    1    1    1    1    1    1    1    1  0.00000E+00 0.00000 
   12   12    1    1    1    1    1    1    1    1  3.42694E+07 1.00000 
   13   13    1    1    1    1    1    1    1    1  2.26943E+09 0.66405 
   14   14    1    1    1    1    1    1    1    1  9.38382E+08 0.86245 
   15   15    1    1    1    1    1    1    1    1  4.86206E+09 0.42535 
   16   16    1    1    1    1    1    1    1    1  6.69545E+08 0.38548 
   17   17    1    1    1    1    1    1    1    1  2.31552E+09 0.22331 
   18   18    1    1    1    1    1    1    1    1  1.13790E+10 0.16671 
   19   19    1    1    1    1    1    1    1    1  4.85994E+09 0.21824 
   20   20    1    1    1    1    1    1    1    1  1.92502E+10 0.16916 
   21   21    1    1    1    1    1    1    1    1  1.31741E+10 0.12843 
   22   22    1    1    1    1    1    1    1    1  4.07230E+10 0.10489 
   23   23    1    1    1    1    1    1    1    1  4.78540E+10 0.08722 
   24   24    1    1    1    1    1    1    1    1  8.71847E+10 0.08039 
   25   25    1    1    1    1    1    1    1    1  1.09677E+11 0.06690 
   26   26    1    1    1    1    1    1    1    1  1.58193E+11 0.05321 
   27   27    1    1    1    1    1    1    1    1  2.93308E+11 0.02998 
   28   28    1    1    1    1    1    1    1    1  5.39700E+11 0.02675 
   29   29    1    1    1    1    1    1    1    1  7.43872E+11 0.02479 
   30   30    1    1    1    1    1    1    1    1  2.32692E+12 0.01322 
   31   31    1    1    1    1    1    1    1    1  7.15910E+12 0.01162 
   32   32    1    1    1    1    1    1    1    1  1.31111E+13 0.00808 
   33   33    1    1    1    1    1    1    1    1  2.86939E+13 0.00649 
   34   34    1    1    1    1    1    1    1    1  3.77705E+13 0.00567 
   35   35    1    1    1    1    1    1    1    1  5.50041E+13 0.00377 
   36   36    1    1    1    1    1    1    1    1  3.85874E+13 0.00392 
   37   37    1    1    1    1    1    1    1    1  1.23340E+13 0.00447 
   38   38    1    1    1    1    1    1    1    1  6.62930E+13 0.00373 
   39   39    1    1    1    1    1    1    1    1  8.83440E+13 0.00345 
   40   40    1    1    1    1    1    1    1    1  1.46132E+14 0.00292 
   41   41    1    1    1    1    1    1    1    1  1.53288E+14 0.00261 
   42   42    1    1    1    1    1    1    1    1  3.13004E+14 0.00225 
   43   43    1    1    1    1    1    1    1    1  3.74361E+14 0.00295 
   44   44    1    1    1    1    1    1    1    1  5.30841E+14 0.00260 
   45   45    1    1    1    1    1    1    1    1  1.00429E+15 0.00270 
   46   46    1    1    1    1    1    1    1    1  4.71803E+14 0.00302 
   47   47    1    1    1    1    1    1    1    1  7.67949E+14 0.00270 
   48   48    1    1    1    1    1    1    1    1  1.05757E+15 0.00324 
   49   49    1    1    1    1    1    1    1    1  1.04772E+15 0.00333 
   50   50    1    1    1    1    1    1    1    1  1.57979E+15 0.00299 
   51   51    1    1    1    1    1    1    1    1  1.28036E+15 0.00304 
   52   52    1    1    1    1    1    1    1    1  1.46141E+15 0.00330 
   53   53    1    1    1    1    1    1    1    1  1.01689E+15 0.00328 
   54   54    1    1    1    1    1    1    1    1  1.19504E+15 0.00348 
   55   55    1    1    1    1    1    1    1    1  8.26157E+14 0.00368 
   56   56    1    1    1    1    1    1    1    1  1.13463E+14 0.00360 
   57   57    1    1    1    1    1    1    1    1  1.64007E+15 0.00341 
   58   58    1    1    1    1    1    1    1    1  6.96683E+14 0.00333 
   59   59    1    1    1    1    1    1    1    1  7.45509E+14 0.00331 
   60   60    1    1    1    1    1    1    1    1  5.59930E+14 0.00377 
   61   61    1    1    1    1    1    1    1    1  5.63795E+14 0.00366 
   62   62    1    1    1    1    1    1    1    1  5.82704E+14 0.00368 
   63   63    1    1    1    1    1    1    1    1  4.84239E+14 0.00386 
   64   64    1    1    1    1    1    1    1    1  3.83794E+14 0.00394 
   65   65    1    1    1    1    1    1    1    1  3.79339E+14 0.00360 
   66   66    1    1    1    1    1    1    1    1  2.71485E+14 0.00443 
   67   67    1    1    1    1    1    1    1    1  2.23104E+14 0.00407 
   68   68    1    1    1    1    1    1    1    1  2.01252E+14 0.00338 
   69   69    1    1    1    1    1    1    1    1  2.42004E+14 0.00444 
   70   70    1    1    1    1    1    1    1    1  2.05257E+14 0.00467 
   71   71    1    1    1    1    1    1    1    1  3.82225E+14 0.00362 
   72   72    1    1    1    1    1    1    1    1  2.71101E+14 0.00377 
   73   73    1    1    1    1    1    1    1    1  2.01833E+14 0.00381 
   74   74    1    1    1    1    1    1    1    1  1.58099E+14 0.00455 
   75   75    1    1    1    1    1    1    1    1  1.28075E+14 0.00438 
   76   76    1    1    1    1    1    1    1    1  1.45198E+14 0.00501 
   77   77    1    1    1    1    1    1    1    1  1.11293E+14 0.00450 
   78   78    1    1    1    1    1    1    1    1  8.71400E+13 0.00377 
   79   79    1    1    1    1    1    1    1    1  8.80676E+13 0.00514 
   80   80    1    1    1    1    1    1    1    1  6.47835E+13 0.00439 
   81   81    1    1    1    1    1    1    1    1  4.96300E+13 0.00519 
   82   82    1    1    1    1    1    1    1    1  3.74847E+13 0.00460 
   83   83    1    1    1    1    1    1    1    1  3.53579E+13 0.00612 
   84   84    1    1    1    1    1    1    1    1  2.55107E+13 0.00797 
   85   85    1    1    1    1    1    1    1    1  1.80984E+13 0.00772 
   86   86    1    1    1    1    1    1    1    1  1.70905E+13 0.00798 
   87   87    1    1    1    1    1    1    1    1  1.06498E+13 0.01070 
   88   88    1    1    1    1    1    1    1    1  7.21433E+12 0.01091 
   89   89    1    1    1    1    1    1    1    1  4.07143E+12 0.01552 
   90   90    1    1    1    1    1    1    1    1  2.73024E+12 0.01590 
   91   91    1    1    1    1    1    1    1    1  1.37884E+12 0.01982 
   92   92    1    1    1    1    1    1    1    1  6.93824E+11 0.03313 
   93   93    1    1    1    1    1    1    1    1  3.44747E+11 0.04839 
   94   94    1    1    1    1    1    1    1    1  1.63369E+11 0.07142 
   95   95    1    1    1    1    1    1    1    1  8.08194E+10 0.08545 
   96   96    1    1    1    1    1    1    1    1  3.14412E+10 0.17991 
   97   97    1    1    1    1    1    1    1    1  1.18438E+10 0.30017 
   98   98    1    1    1    1    1    1    1    1  9.73045E+09 0.28730 
   99   99    1    1    1    1    1    1    1    1  3.34844E+09 0.51982 
  100  100    1    1    1    1    1    1    1    1  2.25598E+09 0.59768 
];


