
DETdpaspec = [
    1    1    1    1    1    1    1    1    1    1  0.00000E+00 0.00000 
    2    2    1    1    1    1    1    1    1    1  0.00000E+00 0.00000 
    3    3    1    1    1    1    1    1    1    1  9.67129E+06 1.00000 
    4    4    1    1    1    1    1    1    1    1  0.00000E+00 0.00000 
    5    5    1    1    1    1    1    1    1    1  0.00000E+00 0.00000 
    6    6    1    1    1    1    1    1    1    1  0.00000E+00 0.00000 
    7    7    1    1    1    1    1    1    1    1  0.00000E+00 0.00000 
    8    8    1    1    1    1    1    1    1    1  0.00000E+00 0.00000 
    9    9    1    1    1    1    1    1    1    1  2.36418E+07 0.68839 
   10   10    1    1    1    1    1    1    1    1  0.00000E+00 0.00000 
   11   11    1    1    1    1    1    1    1    1  1.65050E+08 0.55859 
   12   12    1    1    1    1    1    1    1    1  6.75646E+07 0.68859 
   13   13    1    1    1    1    1    1    1    1  1.37383E+09 0.42499 
   14   14    1    1    1    1    1    1    1    1  4.95688E+09 0.39447 
   15   15    1    1    1    1    1    1    1    1  2.82085E+09 0.36616 
   16   16    1    1    1    1    1    1    1    1  1.37849E+09 0.27407 
   17   17    1    1    1    1    1    1    1    1  2.31977E+09 0.25606 
   18   18    1    1    1    1    1    1    1    1  6.60300E+09 0.19072 
   19   19    1    1    1    1    1    1    1    1  1.20426E+10 0.21255 
   20   20    1    1    1    1    1    1    1    1  3.98090E+10 0.12087 
   21   21    1    1    1    1    1    1    1    1  2.69722E+10 0.10845 
   22   22    1    1    1    1    1    1    1    1  6.61563E+10 0.08732 
   23   23    1    1    1    1    1    1    1    1  9.24907E+10 0.06488 
   24   24    1    1    1    1    1    1    1    1  1.39468E+11 0.06498 
   25   25    1    1    1    1    1    1    1    1  1.71794E+11 0.04977 
   26   26    1    1    1    1    1    1    1    1  2.84955E+11 0.05031 
   27   27    1    1    1    1    1    1    1    1  5.21008E+11 0.03429 
   28   28    1    1    1    1    1    1    1    1  9.72689E+11 0.02682 
   29   29    1    1    1    1    1    1    1    1  1.39581E+12 0.01880 
   30   30    1    1    1    1    1    1    1    1  4.34456E+12 0.01588 
   31   31    1    1    1    1    1    1    1    1  1.37748E+13 0.00918 
   32   32    1    1    1    1    1    1    1    1  2.61847E+13 0.00604 
   33   33    1    1    1    1    1    1    1    1  6.06394E+13 0.00370 
   34   34    1    1    1    1    1    1    1    1  8.30214E+13 0.00205 
   35   35    1    1    1    1    1    1    1    1  1.17125E+14 0.00254 
   36   36    1    1    1    1    1    1    1    1  8.14623E+13 0.00246 
   37   37    1    1    1    1    1    1    1    1  2.56766E+13 0.00254 
   38   38    1    1    1    1    1    1    1    1  1.40801E+14 0.00248 
   39   39    1    1    1    1    1    1    1    1  1.89607E+14 0.00197 
   40   40    1    1    1    1    1    1    1    1  3.20222E+14 0.00187 
   41   41    1    1    1    1    1    1    1    1  3.32959E+14 0.00191 
   42   42    1    1    1    1    1    1    1    1  6.99966E+14 0.00167 
   43   43    1    1    1    1    1    1    1    1  8.47977E+14 0.00174 
   44   44    1    1    1    1    1    1    1    1  1.22653E+15 0.00146 
   45   45    1    1    1    1    1    1    1    1  2.39665E+15 0.00142 
   46   46    1    1    1    1    1    1    1    1  1.12843E+15 0.00139 
   47   47    1    1    1    1    1    1    1    1  1.83739E+15 0.00124 
   48   48    1    1    1    1    1    1    1    1  2.56037E+15 0.00169 
   49   49    1    1    1    1    1    1    1    1  2.55027E+15 0.00146 
   50   50    1    1    1    1    1    1    1    1  3.91116E+15 0.00138 
   51   51    1    1    1    1    1    1    1    1  3.16355E+15 0.00136 
   52   52    1    1    1    1    1    1    1    1  3.68564E+15 0.00135 
   53   53    1    1    1    1    1    1    1    1  2.56588E+15 0.00143 
   54   54    1    1    1    1    1    1    1    1  3.07767E+15 0.00156 
   55   55    1    1    1    1    1    1    1    1  2.12524E+15 0.00163 
   56   56    1    1    1    1    1    1    1    1  2.90865E+14 0.00220 
   57   57    1    1    1    1    1    1    1    1  4.23164E+15 0.00152 
   58   58    1    1    1    1    1    1    1    1  1.83707E+15 0.00135 
   59   59    1    1    1    1    1    1    1    1  1.96302E+15 0.00137 
   60   60    1    1    1    1    1    1    1    1  1.49610E+15 0.00145 
   61   61    1    1    1    1    1    1    1    1  1.50681E+15 0.00142 
   62   62    1    1    1    1    1    1    1    1  1.56367E+15 0.00164 
   63   63    1    1    1    1    1    1    1    1  1.30715E+15 0.00180 
   64   64    1    1    1    1    1    1    1    1  1.04105E+15 0.00185 
   65   65    1    1    1    1    1    1    1    1  1.03013E+15 0.00180 
   66   66    1    1    1    1    1    1    1    1  7.39233E+14 0.00192 
   67   67    1    1    1    1    1    1    1    1  6.06082E+14 0.00182 
   68   68    1    1    1    1    1    1    1    1  5.46800E+14 0.00167 
   69   69    1    1    1    1    1    1    1    1  6.55324E+14 0.00200 
   70   70    1    1    1    1    1    1    1    1  5.59073E+14 0.00245 
   71   71    1    1    1    1    1    1    1    1  1.02993E+15 0.00208 
   72   72    1    1    1    1    1    1    1    1  7.29484E+14 0.00207 
   73   73    1    1    1    1    1    1    1    1  5.47010E+14 0.00223 
   74   74    1    1    1    1    1    1    1    1  4.32671E+14 0.00258 
   75   75    1    1    1    1    1    1    1    1  3.54099E+14 0.00229 
   76   76    1    1    1    1    1    1    1    1  4.03325E+14 0.00229 
   77   77    1    1    1    1    1    1    1    1  3.14966E+14 0.00267 
   78   78    1    1    1    1    1    1    1    1  2.48519E+14 0.00264 
   79   79    1    1    1    1    1    1    1    1  2.53886E+14 0.00281 
   80   80    1    1    1    1    1    1    1    1  1.87647E+14 0.00229 
   81   81    1    1    1    1    1    1    1    1  1.43239E+14 0.00273 
   82   82    1    1    1    1    1    1    1    1  1.10855E+14 0.00250 
   83   83    1    1    1    1    1    1    1    1  1.03228E+14 0.00335 
   84   84    1    1    1    1    1    1    1    1  7.36643E+13 0.00318 
   85   85    1    1    1    1    1    1    1    1  5.31790E+13 0.00401 
   86   86    1    1    1    1    1    1    1    1  4.99167E+13 0.00415 
   87   87    1    1    1    1    1    1    1    1  3.09154E+13 0.00490 
   88   88    1    1    1    1    1    1    1    1  2.09899E+13 0.00468 
   89   89    1    1    1    1    1    1    1    1  1.19444E+13 0.00858 
   90   90    1    1    1    1    1    1    1    1  8.08830E+12 0.00958 
   91   91    1    1    1    1    1    1    1    1  4.06579E+12 0.01329 
   92   92    1    1    1    1    1    1    1    1  1.94671E+12 0.02100 
   93   93    1    1    1    1    1    1    1    1  9.72063E+11 0.02374 
   94   94    1    1    1    1    1    1    1    1  4.63581E+11 0.04532 
   95   95    1    1    1    1    1    1    1    1  2.30232E+11 0.05802 
   96   96    1    1    1    1    1    1    1    1  1.06210E+11 0.11066 
   97   97    1    1    1    1    1    1    1    1  4.54931E+10 0.10992 
   98   98    1    1    1    1    1    1    1    1  2.74474E+10 0.16239 
   99   99    1    1    1    1    1    1    1    1  7.02132E+09 0.33234 
  100  100    1    1    1    1    1    1    1    1  1.03174E+10 0.30695 
];


