
DETdpaspec = [
    1    1    1    1    1    1    1    1    1    1  0.00000E+00 0.00000 
    2    2    1    1    1    1    1    1    1    1  0.00000E+00 0.00000 
    3    3    1    1    1    1    1    1    1    1  0.00000E+00 0.00000 
    4    4    1    1    1    1    1    1    1    1  0.00000E+00 0.00000 
    5    5    1    1    1    1    1    1    1    1  0.00000E+00 0.00000 
    6    6    1    1    1    1    1    1    1    1  0.00000E+00 0.00000 
    7    7    1    1    1    1    1    1    1    1  0.00000E+00 0.00000 
    8    8    1    1    1    1    1    1    1    1  0.00000E+00 0.00000 
    9    9    1    1    1    1    1    1    1    1  3.97373E+07 0.56231 
   10   10    1    1    1    1    1    1    1    1  0.00000E+00 0.00000 
   11   11    1    1    1    1    1    1    1    1  0.00000E+00 0.00000 
   12   12    1    1    1    1    1    1    1    1  1.10098E+08 0.71833 
   13   13    1    1    1    1    1    1    1    1  1.42530E+09 0.73017 
   14   14    1    1    1    1    1    1    1    1  2.86604E+09 0.46575 
   15   15    1    1    1    1    1    1    1    1  5.07203E+09 0.37187 
   16   16    1    1    1    1    1    1    1    1  1.52902E+09 0.38694 
   17   17    1    1    1    1    1    1    1    1  2.34080E+09 0.31894 
   18   18    1    1    1    1    1    1    1    1  6.49736E+09 0.19820 
   19   19    1    1    1    1    1    1    1    1  1.39338E+10 0.16025 
   20   20    1    1    1    1    1    1    1    1  3.84622E+10 0.10928 
   21   21    1    1    1    1    1    1    1    1  2.45428E+10 0.15119 
   22   22    1    1    1    1    1    1    1    1  6.71094E+10 0.09413 
   23   23    1    1    1    1    1    1    1    1  9.35280E+10 0.07888 
   24   24    1    1    1    1    1    1    1    1  1.46717E+11 0.06242 
   25   25    1    1    1    1    1    1    1    1  1.79403E+11 0.06971 
   26   26    1    1    1    1    1    1    1    1  2.77276E+11 0.05225 
   27   27    1    1    1    1    1    1    1    1  4.52168E+11 0.03349 
   28   28    1    1    1    1    1    1    1    1  8.50166E+11 0.02245 
   29   29    1    1    1    1    1    1    1    1  1.20449E+12 0.01658 
   30   30    1    1    1    1    1    1    1    1  3.75398E+12 0.01503 
   31   31    1    1    1    1    1    1    1    1  1.20165E+13 0.01055 
   32   32    1    1    1    1    1    1    1    1  2.28151E+13 0.00720 
   33   33    1    1    1    1    1    1    1    1  5.21769E+13 0.00417 
   34   34    1    1    1    1    1    1    1    1  7.05588E+13 0.00374 
   35   35    1    1    1    1    1    1    1    1  1.00141E+14 0.00304 
   36   36    1    1    1    1    1    1    1    1  7.01778E+13 0.00344 
   37   37    1    1    1    1    1    1    1    1  2.21603E+13 0.00314 
   38   38    1    1    1    1    1    1    1    1  1.20932E+14 0.00304 
   39   39    1    1    1    1    1    1    1    1  1.62414E+14 0.00298 
   40   40    1    1    1    1    1    1    1    1  2.73303E+14 0.00208 
   41   41    1    1    1    1    1    1    1    1  2.83952E+14 0.00154 
   42   42    1    1    1    1    1    1    1    1  5.93325E+14 0.00169 
   43   43    1    1    1    1    1    1    1    1  7.15959E+14 0.00157 
   44   44    1    1    1    1    1    1    1    1  1.03151E+15 0.00171 
   45   45    1    1    1    1    1    1    1    1  1.99983E+15 0.00187 
   46   46    1    1    1    1    1    1    1    1  9.42575E+14 0.00192 
   47   47    1    1    1    1    1    1    1    1  1.53530E+15 0.00192 
   48   48    1    1    1    1    1    1    1    1  2.13317E+15 0.00189 
   49   49    1    1    1    1    1    1    1    1  2.12012E+15 0.00216 
   50   50    1    1    1    1    1    1    1    1  3.23572E+15 0.00205 
   51   51    1    1    1    1    1    1    1    1  2.61907E+15 0.00191 
   52   52    1    1    1    1    1    1    1    1  3.03246E+15 0.00201 
   53   53    1    1    1    1    1    1    1    1  2.11464E+15 0.00233 
   54   54    1    1    1    1    1    1    1    1  2.52057E+15 0.00215 
   55   55    1    1    1    1    1    1    1    1  1.74003E+15 0.00231 
   56   56    1    1    1    1    1    1    1    1  2.38423E+14 0.00270 
   57   57    1    1    1    1    1    1    1    1  3.45969E+15 0.00230 
   58   58    1    1    1    1    1    1    1    1  1.49470E+15 0.00242 
   59   59    1    1    1    1    1    1    1    1  1.59643E+15 0.00259 
   60   60    1    1    1    1    1    1    1    1  1.21246E+15 0.00227 
   61   61    1    1    1    1    1    1    1    1  1.22148E+15 0.00229 
   62   62    1    1    1    1    1    1    1    1  1.26586E+15 0.00225 
   63   63    1    1    1    1    1    1    1    1  1.05855E+15 0.00243 
   64   64    1    1    1    1    1    1    1    1  8.40077E+14 0.00265 
   65   65    1    1    1    1    1    1    1    1  8.31831E+14 0.00233 
   66   66    1    1    1    1    1    1    1    1  5.96887E+14 0.00235 
   67   67    1    1    1    1    1    1    1    1  4.90415E+14 0.00266 
   68   68    1    1    1    1    1    1    1    1  4.41789E+14 0.00247 
   69   69    1    1    1    1    1    1    1    1  5.28141E+14 0.00254 
   70   70    1    1    1    1    1    1    1    1  4.49279E+14 0.00289 
   71   71    1    1    1    1    1    1    1    1  8.32032E+14 0.00249 
   72   72    1    1    1    1    1    1    1    1  5.89050E+14 0.00299 
   73   73    1    1    1    1    1    1    1    1  4.40293E+14 0.00270 
   74   74    1    1    1    1    1    1    1    1  3.48714E+14 0.00287 
   75   75    1    1    1    1    1    1    1    1  2.83844E+14 0.00329 
   76   76    1    1    1    1    1    1    1    1  3.22885E+14 0.00253 
   77   77    1    1    1    1    1    1    1    1  2.50511E+14 0.00343 
   78   78    1    1    1    1    1    1    1    1  1.97459E+14 0.00315 
   79   79    1    1    1    1    1    1    1    1  2.01493E+14 0.00224 
   80   80    1    1    1    1    1    1    1    1  1.48114E+14 0.00267 
   81   81    1    1    1    1    1    1    1    1  1.13751E+14 0.00400 
   82   82    1    1    1    1    1    1    1    1  8.69418E+13 0.00290 
   83   83    1    1    1    1    1    1    1    1  8.14027E+13 0.00364 
   84   84    1    1    1    1    1    1    1    1  5.86578E+13 0.00401 
   85   85    1    1    1    1    1    1    1    1  4.22001E+13 0.00444 
   86   86    1    1    1    1    1    1    1    1  3.94122E+13 0.00364 
   87   87    1    1    1    1    1    1    1    1  2.45938E+13 0.00730 
   88   88    1    1    1    1    1    1    1    1  1.65351E+13 0.01034 
   89   89    1    1    1    1    1    1    1    1  9.65394E+12 0.00918 
   90   90    1    1    1    1    1    1    1    1  6.41501E+12 0.01274 
   91   91    1    1    1    1    1    1    1    1  3.21436E+12 0.01341 
   92   92    1    1    1    1    1    1    1    1  1.63029E+12 0.02313 
   93   93    1    1    1    1    1    1    1    1  7.54434E+11 0.03096 
   94   94    1    1    1    1    1    1    1    1  3.51690E+11 0.05291 
   95   95    1    1    1    1    1    1    1    1  1.75294E+11 0.08046 
   96   96    1    1    1    1    1    1    1    1  8.35652E+10 0.09453 
   97   97    1    1    1    1    1    1    1    1  3.56948E+10 0.18084 
   98   98    1    1    1    1    1    1    1    1  1.55760E+10 0.24243 
   99   99    1    1    1    1    1    1    1    1  9.59806E+09 0.22420 
  100  100    1    1    1    1    1    1    1    1  1.15055E+10 0.32946 
];


