
DETdpaspec = [
    1    1    1    1    1    1    1    1    1    1  0.00000E+00 0.00000 
    2    2    1    1    1    1    1    1    1    1  0.00000E+00 0.00000 
    3    3    1    1    1    1    1    1    1    1  0.00000E+00 0.00000 
    4    4    1    1    1    1    1    1    1    1  0.00000E+00 0.00000 
    5    5    1    1    1    1    1    1    1    1  0.00000E+00 0.00000 
    6    6    1    1    1    1    1    1    1    1  9.63529E+06 1.00000 
    7    7    1    1    1    1    1    1    1    1  0.00000E+00 0.00000 
    8    8    1    1    1    1    1    1    1    1  4.08132E+07 0.68856 
    9    9    1    1    1    1    1    1    1    1  1.17605E+08 0.62264 
   10   10    1    1    1    1    1    1    1    1  1.06139E+08 0.69322 
   11   11    1    1    1    1    1    1    1    1  2.55348E+08 0.57180 
   12   12    1    1    1    1    1    1    1    1  2.01018E+07 0.86769 
   13   13    1    1    1    1    1    1    1    1  1.38969E+09 0.52655 
   14   14    1    1    1    1    1    1    1    1  6.98743E+09 0.61660 
   15   15    1    1    1    1    1    1    1    1  2.97913E+09 0.39520 
   16   16    1    1    1    1    1    1    1    1  1.66945E+09 0.38021 
   17   17    1    1    1    1    1    1    1    1  3.32824E+09 0.22373 
   18   18    1    1    1    1    1    1    1    1  5.37085E+09 0.26137 
   19   19    1    1    1    1    1    1    1    1  6.35152E+09 0.24353 
   20   20    1    1    1    1    1    1    1    1  2.26471E+10 0.18886 
   21   21    1    1    1    1    1    1    1    1  1.80879E+10 0.15581 
   22   22    1    1    1    1    1    1    1    1  4.53711E+10 0.12476 
   23   23    1    1    1    1    1    1    1    1  6.38009E+10 0.08414 
   24   24    1    1    1    1    1    1    1    1  9.62460E+10 0.09456 
   25   25    1    1    1    1    1    1    1    1  1.37951E+11 0.06815 
   26   26    1    1    1    1    1    1    1    1  2.17747E+11 0.04933 
   27   27    1    1    1    1    1    1    1    1  3.45291E+11 0.05848 
   28   28    1    1    1    1    1    1    1    1  6.44028E+11 0.03283 
   29   29    1    1    1    1    1    1    1    1  9.17881E+11 0.02674 
   30   30    1    1    1    1    1    1    1    1  2.95633E+12 0.01498 
   31   31    1    1    1    1    1    1    1    1  9.17160E+12 0.01128 
   32   32    1    1    1    1    1    1    1    1  1.70536E+13 0.00750 
   33   33    1    1    1    1    1    1    1    1  3.80525E+13 0.00464 
   34   34    1    1    1    1    1    1    1    1  5.07493E+13 0.00402 
   35   35    1    1    1    1    1    1    1    1  7.32875E+13 0.00287 
   36   36    1    1    1    1    1    1    1    1  5.13593E+13 0.00259 
   37   37    1    1    1    1    1    1    1    1  1.63503E+13 0.00314 
   38   38    1    1    1    1    1    1    1    1  8.82155E+13 0.00262 
   39   39    1    1    1    1    1    1    1    1  1.18194E+14 0.00255 
   40   40    1    1    1    1    1    1    1    1  1.97917E+14 0.00236 
   41   41    1    1    1    1    1    1    1    1  2.06525E+14 0.00235 
   42   42    1    1    1    1    1    1    1    1  4.25840E+14 0.00207 
   43   43    1    1    1    1    1    1    1    1  5.10942E+14 0.00193 
   44   44    1    1    1    1    1    1    1    1  7.29822E+14 0.00174 
   45   45    1    1    1    1    1    1    1    1  1.39593E+15 0.00196 
   46   46    1    1    1    1    1    1    1    1  6.55670E+14 0.00177 
   47   47    1    1    1    1    1    1    1    1  1.06775E+15 0.00211 
   48   48    1    1    1    1    1    1    1    1  1.47627E+15 0.00222 
   49   49    1    1    1    1    1    1    1    1  1.46463E+15 0.00203 
   50   50    1    1    1    1    1    1    1    1  2.21902E+15 0.00175 
   51   51    1    1    1    1    1    1    1    1  1.79630E+15 0.00208 
   52   52    1    1    1    1    1    1    1    1  2.06274E+15 0.00219 
   53   53    1    1    1    1    1    1    1    1  1.43449E+15 0.00192 
   54   54    1    1    1    1    1    1    1    1  1.70088E+15 0.00202 
   55   55    1    1    1    1    1    1    1    1  1.17253E+15 0.00215 
   56   56    1    1    1    1    1    1    1    1  1.60793E+14 0.00218 
   57   57    1    1    1    1    1    1    1    1  2.32699E+15 0.00212 
   58   58    1    1    1    1    1    1    1    1  9.95110E+14 0.00228 
   59   59    1    1    1    1    1    1    1    1  1.06541E+15 0.00205 
   60   60    1    1    1    1    1    1    1    1  8.05021E+14 0.00256 
   61   61    1    1    1    1    1    1    1    1  8.08951E+14 0.00245 
   62   62    1    1    1    1    1    1    1    1  8.37332E+14 0.00264 
   63   63    1    1    1    1    1    1    1    1  6.96896E+14 0.00265 
   64   64    1    1    1    1    1    1    1    1  5.52141E+14 0.00251 
   65   65    1    1    1    1    1    1    1    1  5.45506E+14 0.00263 
   66   66    1    1    1    1    1    1    1    1  3.92167E+14 0.00288 
   67   67    1    1    1    1    1    1    1    1  3.20630E+14 0.00329 
   68   68    1    1    1    1    1    1    1    1  2.89755E+14 0.00314 
   69   69    1    1    1    1    1    1    1    1  3.46892E+14 0.00231 
   70   70    1    1    1    1    1    1    1    1  2.95951E+14 0.00246 
   71   71    1    1    1    1    1    1    1    1  5.47485E+14 0.00266 
   72   72    1    1    1    1    1    1    1    1  3.87067E+14 0.00281 
   73   73    1    1    1    1    1    1    1    1  2.88533E+14 0.00226 
   74   74    1    1    1    1    1    1    1    1  2.27048E+14 0.00309 
   75   75    1    1    1    1    1    1    1    1  1.85315E+14 0.00283 
   76   76    1    1    1    1    1    1    1    1  2.09613E+14 0.00248 
   77   77    1    1    1    1    1    1    1    1  1.62049E+14 0.00332 
   78   78    1    1    1    1    1    1    1    1  1.26930E+14 0.00355 
   79   79    1    1    1    1    1    1    1    1  1.29595E+14 0.00324 
   80   80    1    1    1    1    1    1    1    1  9.51519E+13 0.00406 
   81   81    1    1    1    1    1    1    1    1  7.26256E+13 0.00521 
   82   82    1    1    1    1    1    1    1    1  5.56570E+13 0.00473 
   83   83    1    1    1    1    1    1    1    1  5.20327E+13 0.00504 
   84   84    1    1    1    1    1    1    1    1  3.73541E+13 0.00608 
   85   85    1    1    1    1    1    1    1    1  2.67485E+13 0.00598 
   86   86    1    1    1    1    1    1    1    1  2.52071E+13 0.00689 
   87   87    1    1    1    1    1    1    1    1  1.56993E+13 0.00711 
   88   88    1    1    1    1    1    1    1    1  1.05844E+13 0.01105 
   89   89    1    1    1    1    1    1    1    1  6.03967E+12 0.00971 
   90   90    1    1    1    1    1    1    1    1  4.18735E+12 0.01798 
   91   91    1    1    1    1    1    1    1    1  2.01302E+12 0.02017 
   92   92    1    1    1    1    1    1    1    1  9.83121E+11 0.03700 
   93   93    1    1    1    1    1    1    1    1  4.83243E+11 0.03133 
   94   94    1    1    1    1    1    1    1    1  2.60571E+11 0.05504 
   95   95    1    1    1    1    1    1    1    1  9.91075E+10 0.07528 
   96   96    1    1    1    1    1    1    1    1  5.77452E+10 0.13488 
   97   97    1    1    1    1    1    1    1    1  2.59917E+10 0.20225 
   98   98    1    1    1    1    1    1    1    1  1.24477E+10 0.27941 
   99   99    1    1    1    1    1    1    1    1  8.88257E+09 0.38775 
  100  100    1    1    1    1    1    1    1    1  7.05496E+09 0.32017 
];


