
DETdpaspec = [
    1    1    1    1    1    1    1    1    1    1  0.00000E+00 0.00000 
    2    2    1    1    1    1    1    1    1    1  0.00000E+00 0.00000 
    3    3    1    1    1    1    1    1    1    1  0.00000E+00 0.00000 
    4    4    1    1    1    1    1    1    1    1  0.00000E+00 0.00000 
    5    5    1    1    1    1    1    1    1    1  0.00000E+00 0.00000 
    6    6    1    1    1    1    1    1    1    1  1.95731E+07 1.00000 
    7    7    1    1    1    1    1    1    1    1  0.00000E+00 0.00000 
    8    8    1    1    1    1    1    1    1    1  0.00000E+00 0.00000 
    9    9    1    1    1    1    1    1    1    1  0.00000E+00 0.00000 
   10   10    1    1    1    1    1    1    1    1  0.00000E+00 0.00000 
   11   11    1    1    1    1    1    1    1    1  2.75045E+08 0.74384 
   12   12    1    1    1    1    1    1    1    1  4.41918E+08 0.29095 
   13   13    1    1    1    1    1    1    1    1  2.80673E+09 0.58610 
   14   14    1    1    1    1    1    1    1    1  5.91860E+09 0.44974 
   15   15    1    1    1    1    1    1    1    1  6.88398E+09 0.45675 
   16   16    1    1    1    1    1    1    1    1  2.86115E+09 0.36614 
   17   17    1    1    1    1    1    1    1    1  2.13044E+09 0.39986 
   18   18    1    1    1    1    1    1    1    1  5.91703E+09 0.23077 
   19   19    1    1    1    1    1    1    1    1  1.05763E+10 0.27136 
   20   20    1    1    1    1    1    1    1    1  3.41541E+10 0.17078 
   21   21    1    1    1    1    1    1    1    1  2.68276E+10 0.13163 
   22   22    1    1    1    1    1    1    1    1  6.16276E+10 0.08277 
   23   23    1    1    1    1    1    1    1    1  8.82291E+10 0.12670 
   24   24    1    1    1    1    1    1    1    1  1.80714E+11 0.05579 
   25   25    1    1    1    1    1    1    1    1  2.49012E+11 0.06509 
   26   26    1    1    1    1    1    1    1    1  4.27693E+11 0.05037 
   27   27    1    1    1    1    1    1    1    1  9.55403E+11 0.03407 
   28   28    1    1    1    1    1    1    1    1  2.37758E+12 0.01454 
   29   29    1    1    1    1    1    1    1    1  4.45626E+12 0.01050 
   30   30    1    1    1    1    1    1    1    1  1.13911E+13 0.00766 
   31   31    1    1    1    1    1    1    1    1  3.32252E+13 0.00526 
   32   32    1    1    1    1    1    1    1    1  5.96059E+13 0.00497 
   33   33    1    1    1    1    1    1    1    1  1.40119E+14 0.00346 
   34   34    1    1    1    1    1    1    1    1  1.95616E+14 0.00282 
   35   35    1    1    1    1    1    1    1    1  2.33922E+14 0.00238 
   36   36    1    1    1    1    1    1    1    1  1.51254E+14 0.00209 
   37   37    1    1    1    1    1    1    1    1  4.52974E+13 0.00199 
   38   38    1    1    1    1    1    1    1    1  2.59854E+14 0.00198 
   39   39    1    1    1    1    1    1    1    1  3.51856E+14 0.00126 
   40   40    1    1    1    1    1    1    1    1  6.06334E+14 0.00116 
   41   41    1    1    1    1    1    1    1    1  6.02930E+14 0.00111 
   42   42    1    1    1    1    1    1    1    1  1.31028E+15 0.00099 
   43   43    1    1    1    1    1    1    1    1  1.59658E+15 0.00097 
   44   44    1    1    1    1    1    1    1    1  2.32128E+15 0.00098 
   45   45    1    1    1    1    1    1    1    1  4.66514E+15 0.00078 
   46   46    1    1    1    1    1    1    1    1  2.14774E+15 0.00061 
   47   47    1    1    1    1    1    1    1    1  3.45681E+15 0.00059 
   48   48    1    1    1    1    1    1    1    1  4.82233E+15 0.00048 
   49   49    1    1    1    1    1    1    1    1  4.76622E+15 0.00034 
   50   50    1    1    1    1    1    1    1    1  7.49312E+15 0.00046 
   51   51    1    1    1    1    1    1    1    1  5.90917E+15 0.00061 
   52   52    1    1    1    1    1    1    1    1  7.11842E+15 0.00045 
   53   53    1    1    1    1    1    1    1    1  4.92302E+15 0.00062 
   54   54    1    1    1    1    1    1    1    1  6.09929E+15 0.00065 
   55   55    1    1    1    1    1    1    1    1  4.17919E+15 0.00068 
   56   56    1    1    1    1    1    1    1    1  5.66370E+14 0.00059 
   57   57    1    1    1    1    1    1    1    1  8.30645E+15 0.00057 
   58   58    1    1    1    1    1    1    1    1  3.75722E+15 0.00068 
   59   59    1    1    1    1    1    1    1    1  3.98039E+15 0.00077 
   60   60    1    1    1    1    1    1    1    1  3.12799E+15 0.00079 
   61   61    1    1    1    1    1    1    1    1  3.13053E+15 0.00070 
   62   62    1    1    1    1    1    1    1    1  3.26945E+15 0.00068 
   63   63    1    1    1    1    1    1    1    1  2.75403E+15 0.00098 
   64   64    1    1    1    1    1    1    1    1  2.19343E+15 0.00097 
   65   65    1    1    1    1    1    1    1    1  2.17960E+15 0.00097 
   66   66    1    1    1    1    1    1    1    1  1.56708E+15 0.00101 
   67   67    1    1    1    1    1    1    1    1  1.27133E+15 0.00097 
   68   68    1    1    1    1    1    1    1    1  1.13982E+15 0.00111 
   69   69    1    1    1    1    1    1    1    1  1.36778E+15 0.00103 
   70   70    1    1    1    1    1    1    1    1  1.16157E+15 0.00110 
   71   71    1    1    1    1    1    1    1    1  2.09242E+15 0.00079 
   72   72    1    1    1    1    1    1    1    1  1.47707E+15 0.00109 
   73   73    1    1    1    1    1    1    1    1  1.11145E+15 0.00144 
   74   74    1    1    1    1    1    1    1    1  8.99888E+14 0.00082 
   75   75    1    1    1    1    1    1    1    1  7.53516E+14 0.00104 
   76   76    1    1    1    1    1    1    1    1  8.78739E+14 0.00120 
   77   77    1    1    1    1    1    1    1    1  6.99998E+14 0.00138 
   78   78    1    1    1    1    1    1    1    1  5.61919E+14 0.00129 
   79   79    1    1    1    1    1    1    1    1  5.83536E+14 0.00140 
   80   80    1    1    1    1    1    1    1    1  4.32301E+14 0.00124 
   81   81    1    1    1    1    1    1    1    1  3.34284E+14 0.00196 
   82   82    1    1    1    1    1    1    1    1  2.56754E+14 0.00201 
   83   83    1    1    1    1    1    1    1    1  2.40475E+14 0.00257 
   84   84    1    1    1    1    1    1    1    1  1.72831E+14 0.00160 
   85   85    1    1    1    1    1    1    1    1  1.24828E+14 0.00276 
   86   86    1    1    1    1    1    1    1    1  1.17086E+14 0.00305 
   87   87    1    1    1    1    1    1    1    1  7.19616E+13 0.00345 
   88   88    1    1    1    1    1    1    1    1  4.84168E+13 0.00497 
   89   89    1    1    1    1    1    1    1    1  2.77717E+13 0.00548 
   90   90    1    1    1    1    1    1    1    1  1.81246E+13 0.00672 
   91   91    1    1    1    1    1    1    1    1  9.03651E+12 0.01057 
   92   92    1    1    1    1    1    1    1    1  4.44991E+12 0.01457 
   93   93    1    1    1    1    1    1    1    1  2.12233E+12 0.01757 
   94   94    1    1    1    1    1    1    1    1  9.93868E+11 0.02339 
   95   95    1    1    1    1    1    1    1    1  4.92774E+11 0.03283 
   96   96    1    1    1    1    1    1    1    1  2.35370E+11 0.06656 
   97   97    1    1    1    1    1    1    1    1  1.12692E+11 0.10849 
   98   98    1    1    1    1    1    1    1    1  5.07332E+10 0.11809 
   99   99    1    1    1    1    1    1    1    1  2.38578E+10 0.23008 
  100  100    1    1    1    1    1    1    1    1  1.53979E+10 0.24354 
];


