
DETdpaspec = [
    1    1    1    1    1    1    1    1    1    1  0.00000E+00 0.00000 
    2    2    1    1    1    1    1    1    1    1  0.00000E+00 0.00000 
    3    3    1    1    1    1    1    1    1    1  0.00000E+00 0.00000 
    4    4    1    1    1    1    1    1    1    1  0.00000E+00 0.00000 
    5    5    1    1    1    1    1    1    1    1  0.00000E+00 0.00000 
    6    6    1    1    1    1    1    1    1    1  0.00000E+00 0.00000 
    7    7    1    1    1    1    1    1    1    1  0.00000E+00 0.00000 
    8    8    1    1    1    1    1    1    1    1  1.99586E+07 1.00000 
    9    9    1    1    1    1    1    1    1    1  0.00000E+00 0.00000 
   10   10    1    1    1    1    1    1    1    1  2.41715E+08 0.77232 
   11   11    1    1    1    1    1    1    1    1  5.35686E+07 1.00000 
   12   12    1    1    1    1    1    1    1    1  2.50612E+07 1.00000 
   13   13    1    1    1    1    1    1    1    1  8.93758E+08 0.46772 
   14   14    1    1    1    1    1    1    1    1  8.36070E+08 0.57137 
   15   15    1    1    1    1    1    1    1    1  4.01798E+09 0.54547 
   16   16    1    1    1    1    1    1    1    1  9.92328E+08 0.43468 
   17   17    1    1    1    1    1    1    1    1  2.14876E+09 0.21900 
   18   18    1    1    1    1    1    1    1    1  6.02587E+09 0.18166 
   19   19    1    1    1    1    1    1    1    1  3.86555E+09 0.26152 
   20   20    1    1    1    1    1    1    1    1  1.92227E+10 0.18398 
   21   21    1    1    1    1    1    1    1    1  1.31026E+10 0.15692 
   22   22    1    1    1    1    1    1    1    1  4.24184E+10 0.12739 
   23   23    1    1    1    1    1    1    1    1  6.05096E+10 0.08882 
   24   24    1    1    1    1    1    1    1    1  8.05059E+10 0.09836 
   25   25    1    1    1    1    1    1    1    1  1.23754E+11 0.06172 
   26   26    1    1    1    1    1    1    1    1  1.95207E+11 0.04911 
   27   27    1    1    1    1    1    1    1    1  3.29005E+11 0.03847 
   28   28    1    1    1    1    1    1    1    1  5.63292E+11 0.02831 
   29   29    1    1    1    1    1    1    1    1  7.60894E+11 0.01966 
   30   30    1    1    1    1    1    1    1    1  2.51152E+12 0.01869 
   31   31    1    1    1    1    1    1    1    1  7.61680E+12 0.01255 
   32   32    1    1    1    1    1    1    1    1  1.41405E+13 0.00677 
   33   33    1    1    1    1    1    1    1    1  3.11636E+13 0.00657 
   34   34    1    1    1    1    1    1    1    1  4.10498E+13 0.00578 
   35   35    1    1    1    1    1    1    1    1  5.95949E+13 0.00467 
   36   36    1    1    1    1    1    1    1    1  4.16463E+13 0.00504 
   37   37    1    1    1    1    1    1    1    1  1.32985E+13 0.00475 
   38   38    1    1    1    1    1    1    1    1  7.14781E+13 0.00344 
   39   39    1    1    1    1    1    1    1    1  9.56369E+13 0.00378 
   40   40    1    1    1    1    1    1    1    1  1.59296E+14 0.00368 
   41   41    1    1    1    1    1    1    1    1  1.66859E+14 0.00341 
   42   42    1    1    1    1    1    1    1    1  3.42170E+14 0.00319 
   43   43    1    1    1    1    1    1    1    1  4.08661E+14 0.00313 
   44   44    1    1    1    1    1    1    1    1  5.81471E+14 0.00314 
   45   45    1    1    1    1    1    1    1    1  1.10829E+15 0.00274 
   46   46    1    1    1    1    1    1    1    1  5.20849E+14 0.00299 
   47   47    1    1    1    1    1    1    1    1  8.46215E+14 0.00262 
   48   48    1    1    1    1    1    1    1    1  1.16621E+15 0.00279 
   49   49    1    1    1    1    1    1    1    1  1.15765E+15 0.00285 
   50   50    1    1    1    1    1    1    1    1  1.74700E+15 0.00256 
   51   51    1    1    1    1    1    1    1    1  1.41398E+15 0.00275 
   52   52    1    1    1    1    1    1    1    1  1.61627E+15 0.00236 
   53   53    1    1    1    1    1    1    1    1  1.12411E+15 0.00270 
   54   54    1    1    1    1    1    1    1    1  1.32579E+15 0.00258 
   55   55    1    1    1    1    1    1    1    1  9.13770E+14 0.00277 
   56   56    1    1    1    1    1    1    1    1  1.25494E+14 0.00341 
   57   57    1    1    1    1    1    1    1    1  1.81276E+15 0.00284 
   58   58    1    1    1    1    1    1    1    1  7.70610E+14 0.00325 
   59   59    1    1    1    1    1    1    1    1  8.24655E+14 0.00308 
   60   60    1    1    1    1    1    1    1    1  6.20338E+14 0.00347 
   61   61    1    1    1    1    1    1    1    1  6.25670E+14 0.00288 
   62   62    1    1    1    1    1    1    1    1  6.45715E+14 0.00317 
   63   63    1    1    1    1    1    1    1    1  5.36918E+14 0.00335 
   64   64    1    1    1    1    1    1    1    1  4.25567E+14 0.00375 
   65   65    1    1    1    1    1    1    1    1  4.20348E+14 0.00394 
   66   66    1    1    1    1    1    1    1    1  3.01455E+14 0.00365 
   67   67    1    1    1    1    1    1    1    1  2.47096E+14 0.00402 
   68   68    1    1    1    1    1    1    1    1  2.23183E+14 0.00345 
   69   69    1    1    1    1    1    1    1    1  2.67443E+14 0.00345 
   70   70    1    1    1    1    1    1    1    1  2.27573E+14 0.00353 
   71   71    1    1    1    1    1    1    1    1  4.22229E+14 0.00330 
   72   72    1    1    1    1    1    1    1    1  2.99405E+14 0.00311 
   73   73    1    1    1    1    1    1    1    1  2.24118E+14 0.00426 
   74   74    1    1    1    1    1    1    1    1  1.75696E+14 0.00388 
   75   75    1    1    1    1    1    1    1    1  1.42179E+14 0.00459 
   76   76    1    1    1    1    1    1    1    1  1.61461E+14 0.00426 
   77   77    1    1    1    1    1    1    1    1  1.23832E+14 0.00479 
   78   78    1    1    1    1    1    1    1    1  9.66629E+13 0.00437 
   79   79    1    1    1    1    1    1    1    1  9.82977E+13 0.00438 
   80   80    1    1    1    1    1    1    1    1  7.23720E+13 0.00518 
   81   81    1    1    1    1    1    1    1    1  5.54329E+13 0.00547 
   82   82    1    1    1    1    1    1    1    1  4.22478E+13 0.00408 
   83   83    1    1    1    1    1    1    1    1  3.97516E+13 0.00611 
   84   84    1    1    1    1    1    1    1    1  2.85334E+13 0.00655 
   85   85    1    1    1    1    1    1    1    1  2.03901E+13 0.00754 
   86   86    1    1    1    1    1    1    1    1  1.89691E+13 0.00580 
   87   87    1    1    1    1    1    1    1    1  1.18923E+13 0.01174 
   88   88    1    1    1    1    1    1    1    1  8.05613E+12 0.01083 
   89   89    1    1    1    1    1    1    1    1  4.66421E+12 0.01404 
   90   90    1    1    1    1    1    1    1    1  3.18890E+12 0.01526 
   91   91    1    1    1    1    1    1    1    1  1.52574E+12 0.02373 
   92   92    1    1    1    1    1    1    1    1  7.66519E+11 0.03961 
   93   93    1    1    1    1    1    1    1    1  3.55396E+11 0.05608 
   94   94    1    1    1    1    1    1    1    1  1.82754E+11 0.05963 
   95   95    1    1    1    1    1    1    1    1  7.81911E+10 0.11132 
   96   96    1    1    1    1    1    1    1    1  3.27001E+10 0.13031 
   97   97    1    1    1    1    1    1    1    1  2.89743E+10 0.27091 
   98   98    1    1    1    1    1    1    1    1  1.68582E+10 0.23573 
   99   99    1    1    1    1    1    1    1    1  6.72364E+09 0.36029 
  100  100    1    1    1    1    1    1    1    1  6.03345E+09 0.42222 
];


