
DETdpaspec = [
    1    1    1    1    1    1    1    1    1    1  0.00000E+00 0.00000 
    2    2    1    1    1    1    1    1    1    1  0.00000E+00 0.00000 
    3    3    1    1    1    1    1    1    1    1  0.00000E+00 0.00000 
    4    4    1    1    1    1    1    1    1    1  0.00000E+00 0.00000 
    5    5    1    1    1    1    1    1    1    1  0.00000E+00 0.00000 
    6    6    1    1    1    1    1    1    1    1  0.00000E+00 0.00000 
    7    7    1    1    1    1    1    1    1    1  0.00000E+00 0.00000 
    8    8    1    1    1    1    1    1    1    1  0.00000E+00 0.00000 
    9    9    1    1    1    1    1    1    1    1  0.00000E+00 0.00000 
   10   10    1    1    1    1    1    1    1    1  0.00000E+00 0.00000 
   11   11    1    1    1    1    1    1    1    1  6.19728E+08 0.55516 
   12   12    1    1    1    1    1    1    1    1  2.63252E+07 1.00000 
   13   13    1    1    1    1    1    1    1    1  1.62046E+09 0.51696 
   14   14    1    1    1    1    1    1    1    1  1.55375E+09 0.53829 
   15   15    1    1    1    1    1    1    1    1  4.48340E+09 0.34774 
   16   16    1    1    1    1    1    1    1    1  1.25515E+09 0.39069 
   17   17    1    1    1    1    1    1    1    1  3.83040E+09 0.21589 
   18   18    1    1    1    1    1    1    1    1  7.97604E+09 0.20618 
   19   19    1    1    1    1    1    1    1    1  7.22069E+09 0.16644 
   20   20    1    1    1    1    1    1    1    1  3.14016E+10 0.14099 
   21   21    1    1    1    1    1    1    1    1  2.14179E+10 0.11587 
   22   22    1    1    1    1    1    1    1    1  7.14859E+10 0.10310 
   23   23    1    1    1    1    1    1    1    1  9.98710E+10 0.06255 
   24   24    1    1    1    1    1    1    1    1  1.57736E+11 0.06035 
   25   25    1    1    1    1    1    1    1    1  1.88694E+11 0.06209 
   26   26    1    1    1    1    1    1    1    1  2.87898E+11 0.03788 
   27   27    1    1    1    1    1    1    1    1  4.95830E+11 0.02933 
   28   28    1    1    1    1    1    1    1    1  8.72435E+11 0.02116 
   29   29    1    1    1    1    1    1    1    1  1.23610E+12 0.02213 
   30   30    1    1    1    1    1    1    1    1  3.85761E+12 0.01216 
   31   31    1    1    1    1    1    1    1    1  1.23427E+13 0.00828 
   32   32    1    1    1    1    1    1    1    1  2.33816E+13 0.00608 
   33   33    1    1    1    1    1    1    1    1  5.31016E+13 0.00318 
   34   34    1    1    1    1    1    1    1    1  7.21803E+13 0.00328 
   35   35    1    1    1    1    1    1    1    1  1.02992E+14 0.00307 
   36   36    1    1    1    1    1    1    1    1  7.17713E+13 0.00306 
   37   37    1    1    1    1    1    1    1    1  2.26622E+13 0.00267 
   38   38    1    1    1    1    1    1    1    1  1.23751E+14 0.00223 
   39   39    1    1    1    1    1    1    1    1  1.67066E+14 0.00244 
   40   40    1    1    1    1    1    1    1    1  2.81503E+14 0.00206 
   41   41    1    1    1    1    1    1    1    1  2.92137E+14 0.00194 
   42   42    1    1    1    1    1    1    1    1  6.10505E+14 0.00213 
   43   43    1    1    1    1    1    1    1    1  7.37530E+14 0.00217 
   44   44    1    1    1    1    1    1    1    1  1.06334E+15 0.00185 
   45   45    1    1    1    1    1    1    1    1  2.06833E+15 0.00174 
   46   46    1    1    1    1    1    1    1    1  9.73291E+14 0.00178 
   47   47    1    1    1    1    1    1    1    1  1.58527E+15 0.00185 
   48   48    1    1    1    1    1    1    1    1  2.20322E+15 0.00170 
   49   49    1    1    1    1    1    1    1    1  2.19200E+15 0.00178 
   50   50    1    1    1    1    1    1    1    1  3.34925E+15 0.00175 
   51   51    1    1    1    1    1    1    1    1  2.71057E+15 0.00179 
   52   52    1    1    1    1    1    1    1    1  3.14314E+15 0.00178 
   53   53    1    1    1    1    1    1    1    1  2.18862E+15 0.00197 
   54   54    1    1    1    1    1    1    1    1  2.61022E+15 0.00205 
   55   55    1    1    1    1    1    1    1    1  1.80164E+15 0.00208 
   56   56    1    1    1    1    1    1    1    1  2.46927E+14 0.00237 
   57   57    1    1    1    1    1    1    1    1  3.58648E+15 0.00220 
   58   58    1    1    1    1    1    1    1    1  1.54742E+15 0.00229 
   59   59    1    1    1    1    1    1    1    1  1.65443E+15 0.00240 
   60   60    1    1    1    1    1    1    1    1  1.25895E+15 0.00214 
   61   61    1    1    1    1    1    1    1    1  1.26752E+15 0.00215 
   62   62    1    1    1    1    1    1    1    1  1.31468E+15 0.00206 
   63   63    1    1    1    1    1    1    1    1  1.09581E+15 0.00176 
   64   64    1    1    1    1    1    1    1    1  8.72110E+14 0.00221 
   65   65    1    1    1    1    1    1    1    1  8.61975E+14 0.00194 
   66   66    1    1    1    1    1    1    1    1  6.19275E+14 0.00199 
   67   67    1    1    1    1    1    1    1    1  5.09009E+14 0.00242 
   68   68    1    1    1    1    1    1    1    1  4.58436E+14 0.00250 
   69   69    1    1    1    1    1    1    1    1  5.48184E+14 0.00224 
   70   70    1    1    1    1    1    1    1    1  4.67332E+14 0.00241 
   71   71    1    1    1    1    1    1    1    1  8.64845E+14 0.00241 
   72   72    1    1    1    1    1    1    1    1  6.11913E+14 0.00235 
   73   73    1    1    1    1    1    1    1    1  4.58363E+14 0.00222 
   74   74    1    1    1    1    1    1    1    1  3.61102E+14 0.00246 
   75   75    1    1    1    1    1    1    1    1  2.95328E+14 0.00285 
   76   76    1    1    1    1    1    1    1    1  3.36577E+14 0.00249 
   77   77    1    1    1    1    1    1    1    1  2.60889E+14 0.00313 
   78   78    1    1    1    1    1    1    1    1  2.05482E+14 0.00276 
   79   79    1    1    1    1    1    1    1    1  2.09992E+14 0.00301 
   80   80    1    1    1    1    1    1    1    1  1.54390E+14 0.00286 
   81   81    1    1    1    1    1    1    1    1  1.18284E+14 0.00279 
   82   82    1    1    1    1    1    1    1    1  9.08665E+13 0.00419 
   83   83    1    1    1    1    1    1    1    1  8.49173E+13 0.00485 
   84   84    1    1    1    1    1    1    1    1  6.11372E+13 0.00318 
   85   85    1    1    1    1    1    1    1    1  4.39754E+13 0.00534 
   86   86    1    1    1    1    1    1    1    1  4.08708E+13 0.00671 
   87   87    1    1    1    1    1    1    1    1  2.55359E+13 0.00620 
   88   88    1    1    1    1    1    1    1    1  1.74033E+13 0.00780 
   89   89    1    1    1    1    1    1    1    1  9.79144E+12 0.00767 
   90   90    1    1    1    1    1    1    1    1  6.59184E+12 0.00991 
   91   91    1    1    1    1    1    1    1    1  3.33496E+12 0.01608 
   92   92    1    1    1    1    1    1    1    1  1.60230E+12 0.02507 
   93   93    1    1    1    1    1    1    1    1  8.28913E+11 0.03218 
   94   94    1    1    1    1    1    1    1    1  3.48363E+11 0.04339 
   95   95    1    1    1    1    1    1    1    1  2.01526E+11 0.07610 
   96   96    1    1    1    1    1    1    1    1  9.60250E+10 0.10007 
   97   97    1    1    1    1    1    1    1    1  4.12295E+10 0.14471 
   98   98    1    1    1    1    1    1    1    1  2.33388E+10 0.19008 
   99   99    1    1    1    1    1    1    1    1  7.04929E+09 0.30022 
  100  100    1    1    1    1    1    1    1    1  5.53838E+09 0.30402 
];


