
DETdpaspec = [
    1    1    1    1    1    1    1    1    1    1  0.00000E+00 0.00000 
    2    2    1    1    1    1    1    1    1    1  0.00000E+00 0.00000 
    3    3    1    1    1    1    1    1    1    1  8.17047E+06 1.00000 
    4    4    1    1    1    1    1    1    1    1  0.00000E+00 0.00000 
    5    5    1    1    1    1    1    1    1    1  0.00000E+00 0.00000 
    6    6    1    1    1    1    1    1    1    1  0.00000E+00 0.00000 
    7    7    1    1    1    1    1    1    1    1  0.00000E+00 0.00000 
    8    8    1    1    1    1    1    1    1    1  0.00000E+00 0.00000 
    9    9    1    1    1    1    1    1    1    1  0.00000E+00 0.00000 
   10   10    1    1    1    1    1    1    1    1  0.00000E+00 0.00000 
   11   11    1    1    1    1    1    1    1    1  1.30208E+08 0.69492 
   12   12    1    1    1    1    1    1    1    1  3.62640E+07 1.00000 
   13   13    1    1    1    1    1    1    1    1  5.30230E+08 0.60604 
   14   14    1    1    1    1    1    1    1    1  2.92305E+09 0.28664 
   15   15    1    1    1    1    1    1    1    1  3.89500E+09 0.56722 
   16   16    1    1    1    1    1    1    1    1  1.06378E+09 0.49671 
   17   17    1    1    1    1    1    1    1    1  9.20280E+08 0.41565 
   18   18    1    1    1    1    1    1    1    1  6.56616E+09 0.27551 
   19   19    1    1    1    1    1    1    1    1  6.04437E+09 0.19066 
   20   20    1    1    1    1    1    1    1    1  2.78574E+10 0.14900 
   21   21    1    1    1    1    1    1    1    1  1.48256E+10 0.12460 
   22   22    1    1    1    1    1    1    1    1  4.46751E+10 0.09434 
   23   23    1    1    1    1    1    1    1    1  6.28608E+10 0.06862 
   24   24    1    1    1    1    1    1    1    1  8.85000E+10 0.08947 
   25   25    1    1    1    1    1    1    1    1  1.10238E+11 0.06356 
   26   26    1    1    1    1    1    1    1    1  1.94769E+11 0.05104 
   27   27    1    1    1    1    1    1    1    1  3.37771E+11 0.03183 
   28   28    1    1    1    1    1    1    1    1  6.02612E+11 0.02911 
   29   29    1    1    1    1    1    1    1    1  7.88754E+11 0.02574 
   30   30    1    1    1    1    1    1    1    1  2.58730E+12 0.01826 
   31   31    1    1    1    1    1    1    1    1  8.02497E+12 0.01334 
   32   32    1    1    1    1    1    1    1    1  1.47563E+13 0.00887 
   33   33    1    1    1    1    1    1    1    1  3.29009E+13 0.00653 
   34   34    1    1    1    1    1    1    1    1  4.35535E+13 0.00540 
   35   35    1    1    1    1    1    1    1    1  6.28723E+13 0.00344 
   36   36    1    1    1    1    1    1    1    1  4.40030E+13 0.00301 
   37   37    1    1    1    1    1    1    1    1  1.39845E+13 0.00389 
   38   38    1    1    1    1    1    1    1    1  7.54706E+13 0.00292 
   39   39    1    1    1    1    1    1    1    1  1.00762E+14 0.00400 
   40   40    1    1    1    1    1    1    1    1  1.67595E+14 0.00307 
   41   41    1    1    1    1    1    1    1    1  1.76006E+14 0.00357 
   42   42    1    1    1    1    1    1    1    1  3.61976E+14 0.00296 
   43   43    1    1    1    1    1    1    1    1  4.33144E+14 0.00230 
   44   44    1    1    1    1    1    1    1    1  6.17170E+14 0.00282 
   45   45    1    1    1    1    1    1    1    1  1.17493E+15 0.00254 
   46   46    1    1    1    1    1    1    1    1  5.51942E+14 0.00244 
   47   47    1    1    1    1    1    1    1    1  8.98133E+14 0.00251 
   48   48    1    1    1    1    1    1    1    1  1.23847E+15 0.00268 
   49   49    1    1    1    1    1    1    1    1  1.22658E+15 0.00235 
   50   50    1    1    1    1    1    1    1    1  1.85163E+15 0.00221 
   51   51    1    1    1    1    1    1    1    1  1.50135E+15 0.00235 
   52   52    1    1    1    1    1    1    1    1  1.71878E+15 0.00275 
   53   53    1    1    1    1    1    1    1    1  1.19476E+15 0.00263 
   54   54    1    1    1    1    1    1    1    1  1.41046E+15 0.00246 
   55   55    1    1    1    1    1    1    1    1  9.73741E+14 0.00282 
   56   56    1    1    1    1    1    1    1    1  1.33701E+14 0.00364 
   57   57    1    1    1    1    1    1    1    1  1.93192E+15 0.00259 
   58   58    1    1    1    1    1    1    1    1  8.22352E+14 0.00300 
   59   59    1    1    1    1    1    1    1    1  8.77949E+14 0.00269 
   60   60    1    1    1    1    1    1    1    1  6.61534E+14 0.00258 
   61   61    1    1    1    1    1    1    1    1  6.66596E+14 0.00248 
   62   62    1    1    1    1    1    1    1    1  6.89833E+14 0.00322 
   63   63    1    1    1    1    1    1    1    1  5.72462E+14 0.00289 
   64   64    1    1    1    1    1    1    1    1  4.52841E+14 0.00295 
   65   65    1    1    1    1    1    1    1    1  4.47510E+14 0.00214 
   66   66    1    1    1    1    1    1    1    1  3.19926E+14 0.00304 
   67   67    1    1    1    1    1    1    1    1  2.63498E+14 0.00320 
   68   68    1    1    1    1    1    1    1    1  2.37764E+14 0.00346 
   69   69    1    1    1    1    1    1    1    1  2.84681E+14 0.00317 
   70   70    1    1    1    1    1    1    1    1  2.42511E+14 0.00318 
   71   71    1    1    1    1    1    1    1    1  4.48924E+14 0.00314 
   72   72    1    1    1    1    1    1    1    1  3.18997E+14 0.00315 
   73   73    1    1    1    1    1    1    1    1  2.37940E+14 0.00406 
   74   74    1    1    1    1    1    1    1    1  1.86830E+14 0.00394 
   75   75    1    1    1    1    1    1    1    1  1.52354E+14 0.00409 
   76   76    1    1    1    1    1    1    1    1  1.71603E+14 0.00353 
   77   77    1    1    1    1    1    1    1    1  1.32935E+14 0.00401 
   78   78    1    1    1    1    1    1    1    1  1.03071E+14 0.00569 
   79   79    1    1    1    1    1    1    1    1  1.05114E+14 0.00340 
   80   80    1    1    1    1    1    1    1    1  7.74061E+13 0.00414 
   81   81    1    1    1    1    1    1    1    1  5.90887E+13 0.00369 
   82   82    1    1    1    1    1    1    1    1  4.53038E+13 0.00447 
   83   83    1    1    1    1    1    1    1    1  4.22697E+13 0.00634 
   84   84    1    1    1    1    1    1    1    1  3.03037E+13 0.00526 
   85   85    1    1    1    1    1    1    1    1  2.17707E+13 0.00772 
   86   86    1    1    1    1    1    1    1    1  2.04901E+13 0.00751 
   87   87    1    1    1    1    1    1    1    1  1.27243E+13 0.00673 
   88   88    1    1    1    1    1    1    1    1  8.63040E+12 0.01182 
   89   89    1    1    1    1    1    1    1    1  4.87058E+12 0.01271 
   90   90    1    1    1    1    1    1    1    1  3.30898E+12 0.01556 
   91   91    1    1    1    1    1    1    1    1  1.62690E+12 0.02751 
   92   92    1    1    1    1    1    1    1    1  7.99133E+11 0.03377 
   93   93    1    1    1    1    1    1    1    1  3.95315E+11 0.04833 
   94   94    1    1    1    1    1    1    1    1  2.03984E+11 0.05043 
   95   95    1    1    1    1    1    1    1    1  8.39917E+10 0.12007 
   96   96    1    1    1    1    1    1    1    1  4.90189E+10 0.13254 
   97   97    1    1    1    1    1    1    1    1  2.34870E+10 0.22664 
   98   98    1    1    1    1    1    1    1    1  6.25744E+09 0.38302 
   99   99    1    1    1    1    1    1    1    1  6.72311E+09 0.32116 
  100  100    1    1    1    1    1    1    1    1  2.64609E+09 0.43050 
];


