
DETdpaspec = [
    1    1    1    1    1    1    1    1    1    1  0.00000E+00 0.00000 
    2    2    1    1    1    1    1    1    1    1  0.00000E+00 0.00000 
    3    3    1    1    1    1    1    1    1    1  0.00000E+00 0.00000 
    4    4    1    1    1    1    1    1    1    1  0.00000E+00 0.00000 
    5    5    1    1    1    1    1    1    1    1  0.00000E+00 0.00000 
    6    6    1    1    1    1    1    1    1    1  0.00000E+00 0.00000 
    7    7    1    1    1    1    1    1    1    1  0.00000E+00 0.00000 
    8    8    1    1    1    1    1    1    1    1  0.00000E+00 0.00000 
    9    9    1    1    1    1    1    1    1    1  0.00000E+00 0.00000 
   10   10    1    1    1    1    1    1    1    1  0.00000E+00 0.00000 
   11   11    1    1    1    1    1    1    1    1  0.00000E+00 0.00000 
   12   12    1    1    1    1    1    1    1    1  0.00000E+00 0.00000 
   13   13    1    1    1    1    1    1    1    1  1.93991E+09 0.79659 
   14   14    1    1    1    1    1    1    1    1  1.42918E+09 0.47156 
   15   15    1    1    1    1    1    1    1    1  4.54473E+09 0.63186 
   16   16    1    1    1    1    1    1    1    1  2.31922E+09 0.50731 
   17   17    1    1    1    1    1    1    1    1  3.43462E+09 0.44308 
   18   18    1    1    1    1    1    1    1    1  4.97808E+09 0.48917 
   19   19    1    1    1    1    1    1    1    1  4.05911E+09 0.46016 
   20   20    1    1    1    1    1    1    1    1  1.45297E+10 0.25857 
   21   21    1    1    1    1    1    1    1    1  2.43462E+10 0.17589 
   22   22    1    1    1    1    1    1    1    1  9.61272E+10 0.09444 
   23   23    1    1    1    1    1    1    1    1  4.72100E+11 0.04917 
   24   24    1    1    1    1    1    1    1    1  1.48751E+12 0.02170 
   25   25    1    1    1    1    1    1    1    1  2.51146E+12 0.02002 
   26   26    1    1    1    1    1    1    1    1  5.26841E+12 0.01149 
   27   27    1    1    1    1    1    1    1    1  1.01162E+13 0.00896 
   28   28    1    1    1    1    1    1    1    1  1.91861E+13 0.00773 
   29   29    1    1    1    1    1    1    1    1  2.99822E+13 0.00627 
   30   30    1    1    1    1    1    1    1    1  5.67645E+13 0.00521 
   31   31    1    1    1    1    1    1    1    1  1.15054E+14 0.00192 
   32   32    1    1    1    1    1    1    1    1  1.66554E+14 0.00162 
   33   33    1    1    1    1    1    1    1    1  3.25836E+14 0.00178 
   34   34    1    1    1    1    1    1    1    1  3.94298E+14 0.00177 
   35   35    1    1    1    1    1    1    1    1  3.95638E+14 0.00140 
   36   36    1    1    1    1    1    1    1    1  2.31753E+14 0.00156 
   37   37    1    1    1    1    1    1    1    1  6.71777E+13 0.00170 
   38   38    1    1    1    1    1    1    1    1  3.86481E+14 0.00144 
   39   39    1    1    1    1    1    1    1    1  5.09936E+14 0.00149 
   40   40    1    1    1    1    1    1    1    1  8.56220E+14 0.00143 
   41   41    1    1    1    1    1    1    1    1  8.15453E+14 0.00118 
   42   42    1    1    1    1    1    1    1    1  1.74801E+15 0.00099 
   43   43    1    1    1    1    1    1    1    1  2.06704E+15 0.00111 
   44   44    1    1    1    1    1    1    1    1  2.91071E+15 0.00107 
   45   45    1    1    1    1    1    1    1    1  5.59665E+15 0.00097 
   46   46    1    1    1    1    1    1    1    1  2.44987E+15 0.00091 
   47   47    1    1    1    1    1    1    1    1  3.85837E+15 0.00091 
   48   48    1    1    1    1    1    1    1    1  5.22101E+15 0.00086 
   49   49    1    1    1    1    1    1    1    1  5.04005E+15 0.00081 
   50   50    1    1    1    1    1    1    1    1  7.75186E+15 0.00097 
   51   51    1    1    1    1    1    1    1    1  5.88824E+15 0.00092 
   52   52    1    1    1    1    1    1    1    1  7.02967E+15 0.00087 
   53   53    1    1    1    1    1    1    1    1  4.74511E+15 0.00091 
   54   54    1    1    1    1    1    1    1    1  5.84903E+15 0.00086 
   55   55    1    1    1    1    1    1    1    1  3.95295E+15 0.00100 
   56   56    1    1    1    1    1    1    1    1  5.30695E+14 0.00108 
   57   57    1    1    1    1    1    1    1    1  7.72869E+15 0.00103 
   58   58    1    1    1    1    1    1    1    1  3.50004E+15 0.00106 
   59   59    1    1    1    1    1    1    1    1  3.64943E+15 0.00096 
   60   60    1    1    1    1    1    1    1    1  2.86834E+15 0.00094 
   61   61    1    1    1    1    1    1    1    1  2.84541E+15 0.00102 
   62   62    1    1    1    1    1    1    1    1  2.94931E+15 0.00110 
   63   63    1    1    1    1    1    1    1    1  2.47051E+15 0.00108 
   64   64    1    1    1    1    1    1    1    1  1.94634E+15 0.00118 
   65   65    1    1    1    1    1    1    1    1  1.91930E+15 0.00089 
   66   66    1    1    1    1    1    1    1    1  1.36731E+15 0.00097 
   67   67    1    1    1    1    1    1    1    1  1.09939E+15 0.00105 
   68   68    1    1    1    1    1    1    1    1  9.78186E+14 0.00119 
   69   69    1    1    1    1    1    1    1    1  1.16248E+15 0.00154 
   70   70    1    1    1    1    1    1    1    1  9.78646E+14 0.00125 
   71   71    1    1    1    1    1    1    1    1  1.72652E+15 0.00132 
   72   72    1    1    1    1    1    1    1    1  1.20088E+15 0.00123 
   73   73    1    1    1    1    1    1    1    1  8.98175E+14 0.00143 
   74   74    1    1    1    1    1    1    1    1  7.27871E+14 0.00125 
   75   75    1    1    1    1    1    1    1    1  6.12566E+14 0.00140 
   76   76    1    1    1    1    1    1    1    1  7.16182E+14 0.00145 
   77   77    1    1    1    1    1    1    1    1  5.72425E+14 0.00104 
   78   78    1    1    1    1    1    1    1    1  4.60634E+14 0.00186 
   79   79    1    1    1    1    1    1    1    1  4.76240E+14 0.00157 
   80   80    1    1    1    1    1    1    1    1  3.51858E+14 0.00234 
   81   81    1    1    1    1    1    1    1    1  2.71064E+14 0.00216 
   82   82    1    1    1    1    1    1    1    1  2.07580E+14 0.00256 
   83   83    1    1    1    1    1    1    1    1  1.93895E+14 0.00230 
   84   84    1    1    1    1    1    1    1    1  1.38600E+14 0.00192 
   85   85    1    1    1    1    1    1    1    1  9.99800E+13 0.00240 
   86   86    1    1    1    1    1    1    1    1  9.28786E+13 0.00294 
   87   87    1    1    1    1    1    1    1    1  5.62332E+13 0.00364 
   88   88    1    1    1    1    1    1    1    1  3.72146E+13 0.00418 
   89   89    1    1    1    1    1    1    1    1  2.11493E+13 0.00539 
   90   90    1    1    1    1    1    1    1    1  1.40353E+13 0.00795 
   91   91    1    1    1    1    1    1    1    1  6.75891E+12 0.01269 
   92   92    1    1    1    1    1    1    1    1  3.24118E+12 0.01556 
   93   93    1    1    1    1    1    1    1    1  1.51394E+12 0.02077 
   94   94    1    1    1    1    1    1    1    1  7.38261E+11 0.03308 
   95   95    1    1    1    1    1    1    1    1  3.30148E+11 0.04189 
   96   96    1    1    1    1    1    1    1    1  1.45796E+11 0.06509 
   97   97    1    1    1    1    1    1    1    1  7.23370E+10 0.06042 
   98   98    1    1    1    1    1    1    1    1  3.66388E+10 0.12316 
   99   99    1    1    1    1    1    1    1    1  1.84185E+10 0.20722 
  100  100    1    1    1    1    1    1    1    1  9.33158E+09 0.24744 
];


