
DETdpaspec = [
    1    1    1    1    1    1    1    1    1    1  0.00000E+00 0.00000 
    2    2    1    1    1    1    1    1    1    1  0.00000E+00 0.00000 
    3    3    1    1    1    1    1    1    1    1  0.00000E+00 0.00000 
    4    4    1    1    1    1    1    1    1    1  0.00000E+00 0.00000 
    5    5    1    1    1    1    1    1    1    1  0.00000E+00 0.00000 
    6    6    1    1    1    1    1    1    1    1  0.00000E+00 0.00000 
    7    7    1    1    1    1    1    1    1    1  0.00000E+00 0.00000 
    8    8    1    1    1    1    1    1    1    1  2.10237E+07 1.00000 
    9    9    1    1    1    1    1    1    1    1  3.98092E+07 0.75226 
   10   10    1    1    1    1    1    1    1    1  0.00000E+00 0.00000 
   11   11    1    1    1    1    1    1    1    1  0.00000E+00 0.00000 
   12   12    1    1    1    1    1    1    1    1  0.00000E+00 0.00000 
   13   13    1    1    1    1    1    1    1    1  1.18141E+09 0.78419 
   14   14    1    1    1    1    1    1    1    1  8.15912E+08 0.70551 
   15   15    1    1    1    1    1    1    1    1  4.51141E+09 0.44834 
   16   16    1    1    1    1    1    1    1    1  4.34112E+08 0.61741 
   17   17    1    1    1    1    1    1    1    1  1.21806E+09 0.30319 
   18   18    1    1    1    1    1    1    1    1  2.79047E+09 0.36595 
   19   19    1    1    1    1    1    1    1    1  7.74659E+09 0.24868 
   20   20    1    1    1    1    1    1    1    1  1.92427E+10 0.18633 
   21   21    1    1    1    1    1    1    1    1  1.79811E+10 0.09768 
   22   22    1    1    1    1    1    1    1    1  4.78937E+10 0.10476 
   23   23    1    1    1    1    1    1    1    1  7.35980E+10 0.09051 
   24   24    1    1    1    1    1    1    1    1  8.65077E+10 0.05336 
   25   25    1    1    1    1    1    1    1    1  1.13225E+11 0.07978 
   26   26    1    1    1    1    1    1    1    1  1.82161E+11 0.04985 
   27   27    1    1    1    1    1    1    1    1  3.38825E+11 0.04662 
   28   28    1    1    1    1    1    1    1    1  5.87770E+11 0.03267 
   29   29    1    1    1    1    1    1    1    1  8.07841E+11 0.02852 
   30   30    1    1    1    1    1    1    1    1  2.64476E+12 0.01686 
   31   31    1    1    1    1    1    1    1    1  8.03096E+12 0.01131 
   32   32    1    1    1    1    1    1    1    1  1.52583E+13 0.00840 
   33   33    1    1    1    1    1    1    1    1  3.37840E+13 0.00634 
   34   34    1    1    1    1    1    1    1    1  4.47679E+13 0.00542 
   35   35    1    1    1    1    1    1    1    1  6.50224E+13 0.00543 
   36   36    1    1    1    1    1    1    1    1  4.56401E+13 0.00404 
   37   37    1    1    1    1    1    1    1    1  1.45543E+13 0.00458 
   38   38    1    1    1    1    1    1    1    1  7.85265E+13 0.00427 
   39   39    1    1    1    1    1    1    1    1  1.04771E+14 0.00445 
   40   40    1    1    1    1    1    1    1    1  1.74997E+14 0.00377 
   41   41    1    1    1    1    1    1    1    1  1.82743E+14 0.00367 
   42   42    1    1    1    1    1    1    1    1  3.75430E+14 0.00303 
   43   43    1    1    1    1    1    1    1    1  4.51057E+14 0.00237 
   44   44    1    1    1    1    1    1    1    1  6.42538E+14 0.00227 
   45   45    1    1    1    1    1    1    1    1  1.22488E+15 0.00234 
   46   46    1    1    1    1    1    1    1    1  5.74865E+14 0.00234 
   47   47    1    1    1    1    1    1    1    1  9.34863E+14 0.00257 
   48   48    1    1    1    1    1    1    1    1  1.28995E+15 0.00229 
   49   49    1    1    1    1    1    1    1    1  1.27911E+15 0.00248 
   50   50    1    1    1    1    1    1    1    1  1.93715E+15 0.00233 
   51   51    1    1    1    1    1    1    1    1  1.56920E+15 0.00246 
   52   52    1    1    1    1    1    1    1    1  1.79462E+15 0.00219 
   53   53    1    1    1    1    1    1    1    1  1.24729E+15 0.00231 
   54   54    1    1    1    1    1    1    1    1  1.47546E+15 0.00235 
   55   55    1    1    1    1    1    1    1    1  1.01774E+15 0.00226 
   56   56    1    1    1    1    1    1    1    1  1.39698E+14 0.00251 
   57   57    1    1    1    1    1    1    1    1  2.01913E+15 0.00203 
   58   58    1    1    1    1    1    1    1    1  8.61267E+14 0.00238 
   59   59    1    1    1    1    1    1    1    1  9.20540E+14 0.00261 
   60   60    1    1    1    1    1    1    1    1  6.93478E+14 0.00228 
   61   61    1    1    1    1    1    1    1    1  6.97910E+14 0.00243 
   62   62    1    1    1    1    1    1    1    1  7.22647E+14 0.00249 
   63   63    1    1    1    1    1    1    1    1  6.00267E+14 0.00226 
   64   64    1    1    1    1    1    1    1    1  4.75933E+14 0.00258 
   65   65    1    1    1    1    1    1    1    1  4.68656E+14 0.00265 
   66   66    1    1    1    1    1    1    1    1  3.35935E+14 0.00315 
   67   67    1    1    1    1    1    1    1    1  2.75957E+14 0.00316 
   68   68    1    1    1    1    1    1    1    1  2.48370E+14 0.00380 
   69   69    1    1    1    1    1    1    1    1  2.97250E+14 0.00315 
   70   70    1    1    1    1    1    1    1    1  2.53544E+14 0.00310 
   71   71    1    1    1    1    1    1    1    1  4.70940E+14 0.00304 
   72   72    1    1    1    1    1    1    1    1  3.33405E+14 0.00362 
   73   73    1    1    1    1    1    1    1    1  2.49458E+14 0.00288 
   74   74    1    1    1    1    1    1    1    1  1.95672E+14 0.00256 
   75   75    1    1    1    1    1    1    1    1  1.58180E+14 0.00316 
   76   76    1    1    1    1    1    1    1    1  1.79495E+14 0.00315 
   77   77    1    1    1    1    1    1    1    1  1.38934E+14 0.00390 
   78   78    1    1    1    1    1    1    1    1  1.08351E+14 0.00394 
   79   79    1    1    1    1    1    1    1    1  1.10438E+14 0.00396 
   80   80    1    1    1    1    1    1    1    1  8.15659E+13 0.00282 
   81   81    1    1    1    1    1    1    1    1  6.19625E+13 0.00337 
   82   82    1    1    1    1    1    1    1    1  4.76953E+13 0.00561 
   83   83    1    1    1    1    1    1    1    1  4.42998E+13 0.00416 
   84   84    1    1    1    1    1    1    1    1  3.20598E+13 0.00699 
   85   85    1    1    1    1    1    1    1    1  2.31889E+13 0.00677 
   86   86    1    1    1    1    1    1    1    1  2.16093E+13 0.00552 
   87   87    1    1    1    1    1    1    1    1  1.33265E+13 0.00862 
   88   88    1    1    1    1    1    1    1    1  9.05485E+12 0.00891 
   89   89    1    1    1    1    1    1    1    1  5.20573E+12 0.01203 
   90   90    1    1    1    1    1    1    1    1  3.45805E+12 0.01375 
   91   91    1    1    1    1    1    1    1    1  1.79919E+12 0.01827 
   92   92    1    1    1    1    1    1    1    1  9.11207E+11 0.02206 
   93   93    1    1    1    1    1    1    1    1  4.09692E+11 0.04765 
   94   94    1    1    1    1    1    1    1    1  2.10036E+11 0.07405 
   95   95    1    1    1    1    1    1    1    1  1.06133E+11 0.12030 
   96   96    1    1    1    1    1    1    1    1  4.97181E+10 0.12653 
   97   97    1    1    1    1    1    1    1    1  3.31626E+10 0.16654 
   98   98    1    1    1    1    1    1    1    1  1.12916E+10 0.29129 
   99   99    1    1    1    1    1    1    1    1  4.43464E+09 0.37015 
  100  100    1    1    1    1    1    1    1    1  6.66719E+09 0.38656 
];


