
DETdpaspec = [
    1    1    1    1    1    1    1    1    1    1  0.00000E+00 0.00000 
    2    2    1    1    1    1    1    1    1    1  0.00000E+00 0.00000 
    3    3    1    1    1    1    1    1    1    1  0.00000E+00 0.00000 
    4    4    1    1    1    1    1    1    1    1  0.00000E+00 0.00000 
    5    5    1    1    1    1    1    1    1    1  0.00000E+00 0.00000 
    6    6    1    1    1    1    1    1    1    1  0.00000E+00 0.00000 
    7    7    1    1    1    1    1    1    1    1  0.00000E+00 0.00000 
    8    8    1    1    1    1    1    1    1    1  1.99362E+07 1.00000 
    9    9    1    1    1    1    1    1    1    1  0.00000E+00 0.00000 
   10   10    1    1    1    1    1    1    1    1  0.00000E+00 0.00000 
   11   11    1    1    1    1    1    1    1    1  5.21655E+07 1.00000 
   12   12    1    1    1    1    1    1    1    1  0.00000E+00 0.00000 
   13   13    1    1    1    1    1    1    1    1  8.27360E+08 0.61141 
   14   14    1    1    1    1    1    1    1    1  1.30035E+09 0.48531 
   15   15    1    1    1    1    1    1    1    1  3.00465E+09 0.49491 
   16   16    1    1    1    1    1    1    1    1  8.93405E+08 0.44205 
   17   17    1    1    1    1    1    1    1    1  2.69609E+09 0.22222 
   18   18    1    1    1    1    1    1    1    1  5.14950E+09 0.25719 
   19   19    1    1    1    1    1    1    1    1  4.50691E+09 0.26527 
   20   20    1    1    1    1    1    1    1    1  1.73917E+10 0.19418 
   21   21    1    1    1    1    1    1    1    1  1.42395E+10 0.13734 
   22   22    1    1    1    1    1    1    1    1  4.21691E+10 0.10082 
   23   23    1    1    1    1    1    1    1    1  5.27366E+10 0.10881 
   24   24    1    1    1    1    1    1    1    1  9.72610E+10 0.08713 
   25   25    1    1    1    1    1    1    1    1  1.07680E+11 0.08176 
   26   26    1    1    1    1    1    1    1    1  1.76381E+11 0.05367 
   27   27    1    1    1    1    1    1    1    1  2.95821E+11 0.06054 
   28   28    1    1    1    1    1    1    1    1  5.31349E+11 0.04781 
   29   29    1    1    1    1    1    1    1    1  7.58549E+11 0.03090 
   30   30    1    1    1    1    1    1    1    1  2.34888E+12 0.02115 
   31   31    1    1    1    1    1    1    1    1  7.37466E+12 0.00995 
   32   32    1    1    1    1    1    1    1    1  1.37500E+13 0.00673 
   33   33    1    1    1    1    1    1    1    1  2.99116E+13 0.00602 
   34   34    1    1    1    1    1    1    1    1  3.96309E+13 0.00439 
   35   35    1    1    1    1    1    1    1    1  5.76927E+13 0.00497 
   36   36    1    1    1    1    1    1    1    1  4.04098E+13 0.00433 
   37   37    1    1    1    1    1    1    1    1  1.28874E+13 0.00427 
   38   38    1    1    1    1    1    1    1    1  6.91623E+13 0.00389 
   39   39    1    1    1    1    1    1    1    1  9.23684E+13 0.00390 
   40   40    1    1    1    1    1    1    1    1  1.53655E+14 0.00387 
   41   41    1    1    1    1    1    1    1    1  1.60787E+14 0.00359 
   42   42    1    1    1    1    1    1    1    1  3.28485E+14 0.00310 
   43   43    1    1    1    1    1    1    1    1  3.93173E+14 0.00312 
   44   44    1    1    1    1    1    1    1    1  5.59672E+14 0.00322 
   45   45    1    1    1    1    1    1    1    1  1.06223E+15 0.00300 
   46   46    1    1    1    1    1    1    1    1  4.97823E+14 0.00280 
   47   47    1    1    1    1    1    1    1    1  8.09865E+14 0.00261 
   48   48    1    1    1    1    1    1    1    1  1.11760E+15 0.00268 
   49   49    1    1    1    1    1    1    1    1  1.10806E+15 0.00265 
   50   50    1    1    1    1    1    1    1    1  1.66748E+15 0.00266 
   51   51    1    1    1    1    1    1    1    1  1.35171E+15 0.00280 
   52   52    1    1    1    1    1    1    1    1  1.54423E+15 0.00276 
   53   53    1    1    1    1    1    1    1    1  1.07351E+15 0.00266 
   54   54    1    1    1    1    1    1    1    1  1.26704E+15 0.00288 
   55   55    1    1    1    1    1    1    1    1  8.73507E+14 0.00307 
   56   56    1    1    1    1    1    1    1    1  1.19956E+14 0.00300 
   57   57    1    1    1    1    1    1    1    1  1.73387E+15 0.00279 
   58   58    1    1    1    1    1    1    1    1  7.36769E+14 0.00294 
   59   59    1    1    1    1    1    1    1    1  7.87588E+14 0.00299 
   60   60    1    1    1    1    1    1    1    1  5.92154E+14 0.00296 
   61   61    1    1    1    1    1    1    1    1  5.96618E+14 0.00280 
   62   62    1    1    1    1    1    1    1    1  6.16670E+14 0.00294 
   63   63    1    1    1    1    1    1    1    1  5.12378E+14 0.00277 
   64   64    1    1    1    1    1    1    1    1  4.05940E+14 0.00263 
   65   65    1    1    1    1    1    1    1    1  4.01751E+14 0.00308 
   66   66    1    1    1    1    1    1    1    1  2.87697E+14 0.00357 
   67   67    1    1    1    1    1    1    1    1  2.36723E+14 0.00366 
   68   68    1    1    1    1    1    1    1    1  2.13358E+14 0.00333 
   69   69    1    1    1    1    1    1    1    1  2.55819E+14 0.00339 
   70   70    1    1    1    1    1    1    1    1  2.17414E+14 0.00301 
   71   71    1    1    1    1    1    1    1    1  4.03359E+14 0.00331 
   72   72    1    1    1    1    1    1    1    1  2.85328E+14 0.00308 
   73   73    1    1    1    1    1    1    1    1  2.14050E+14 0.00322 
   74   74    1    1    1    1    1    1    1    1  1.67390E+14 0.00298 
   75   75    1    1    1    1    1    1    1    1  1.35758E+14 0.00345 
   76   76    1    1    1    1    1    1    1    1  1.52920E+14 0.00374 
   77   77    1    1    1    1    1    1    1    1  1.18214E+14 0.00449 
   78   78    1    1    1    1    1    1    1    1  9.21672E+13 0.00517 
   79   79    1    1    1    1    1    1    1    1  9.40037E+13 0.00350 
   80   80    1    1    1    1    1    1    1    1  6.88550E+13 0.00458 
   81   81    1    1    1    1    1    1    1    1  5.29075E+13 0.00622 
   82   82    1    1    1    1    1    1    1    1  4.03451E+13 0.00708 
   83   83    1    1    1    1    1    1    1    1  3.78075E+13 0.00462 
   84   84    1    1    1    1    1    1    1    1  2.70755E+13 0.00739 
   85   85    1    1    1    1    1    1    1    1  1.95320E+13 0.00854 
   86   86    1    1    1    1    1    1    1    1  1.80614E+13 0.00754 
   87   87    1    1    1    1    1    1    1    1  1.13575E+13 0.00818 
   88   88    1    1    1    1    1    1    1    1  7.60979E+12 0.00854 
   89   89    1    1    1    1    1    1    1    1  4.43220E+12 0.01492 
   90   90    1    1    1    1    1    1    1    1  2.98141E+12 0.01442 
   91   91    1    1    1    1    1    1    1    1  1.53308E+12 0.02406 
   92   92    1    1    1    1    1    1    1    1  7.20121E+11 0.03735 
   93   93    1    1    1    1    1    1    1    1  3.68564E+11 0.05203 
   94   94    1    1    1    1    1    1    1    1  1.75534E+11 0.05833 
   95   95    1    1    1    1    1    1    1    1  8.14820E+10 0.09702 
   96   96    1    1    1    1    1    1    1    1  3.91416E+10 0.14643 
   97   97    1    1    1    1    1    1    1    1  1.99154E+10 0.27762 
   98   98    1    1    1    1    1    1    1    1  6.72376E+09 0.47501 
   99   99    1    1    1    1    1    1    1    1  2.60324E+09 0.43028 
  100  100    1    1    1    1    1    1    1    1  2.66005E+09 0.52054 
];


