
DETdpaspec = [
    1    1    1    1    1    1    1    1    1    1  0.00000E+00 0.00000 
    2    2    1    1    1    1    1    1    1    1  0.00000E+00 0.00000 
    3    3    1    1    1    1    1    1    1    1  0.00000E+00 0.00000 
    4    4    1    1    1    1    1    1    1    1  0.00000E+00 0.00000 
    5    5    1    1    1    1    1    1    1    1  0.00000E+00 0.00000 
    6    6    1    1    1    1    1    1    1    1  1.96591E+07 0.68856 
    7    7    1    1    1    1    1    1    1    1  3.81993E+07 0.69215 
    8    8    1    1    1    1    1    1    1    1  0.00000E+00 0.00000 
    9    9    1    1    1    1    1    1    1    1  0.00000E+00 0.00000 
   10   10    1    1    1    1    1    1    1    1  0.00000E+00 0.00000 
   11   11    1    1    1    1    1    1    1    1  1.32963E+08 1.00000 
   12   12    1    1    1    1    1    1    1    1  5.12660E+07 0.68828 
   13   13    1    1    1    1    1    1    1    1  4.65514E+08 0.50888 
   14   14    1    1    1    1    1    1    1    1  1.25027E+09 0.50939 
   15   15    1    1    1    1    1    1    1    1  4.34287E+09 0.43311 
   16   16    1    1    1    1    1    1    1    1  1.87191E+09 0.33095 
   17   17    1    1    1    1    1    1    1    1  3.25343E+09 0.24102 
   18   18    1    1    1    1    1    1    1    1  7.89458E+09 0.20557 
   19   19    1    1    1    1    1    1    1    1  1.06998E+10 0.18858 
   20   20    1    1    1    1    1    1    1    1  3.78777E+10 0.13846 
   21   21    1    1    1    1    1    1    1    1  2.87706E+10 0.11328 
   22   22    1    1    1    1    1    1    1    1  6.90332E+10 0.07744 
   23   23    1    1    1    1    1    1    1    1  1.10401E+11 0.08729 
   24   24    1    1    1    1    1    1    1    1  1.58861E+11 0.06605 
   25   25    1    1    1    1    1    1    1    1  1.91005E+11 0.04434 
   26   26    1    1    1    1    1    1    1    1  2.88572E+11 0.04987 
   27   27    1    1    1    1    1    1    1    1  5.10201E+11 0.03157 
   28   28    1    1    1    1    1    1    1    1  9.30348E+11 0.02603 
   29   29    1    1    1    1    1    1    1    1  1.32158E+12 0.02157 
   30   30    1    1    1    1    1    1    1    1  4.12834E+12 0.01582 
   31   31    1    1    1    1    1    1    1    1  1.28664E+13 0.00896 
   32   32    1    1    1    1    1    1    1    1  2.49309E+13 0.00490 
   33   33    1    1    1    1    1    1    1    1  5.76467E+13 0.00428 
   34   34    1    1    1    1    1    1    1    1  7.78400E+13 0.00332 
   35   35    1    1    1    1    1    1    1    1  1.10468E+14 0.00283 
   36   36    1    1    1    1    1    1    1    1  7.72468E+13 0.00246 
   37   37    1    1    1    1    1    1    1    1  2.43453E+13 0.00296 
   38   38    1    1    1    1    1    1    1    1  1.33016E+14 0.00262 
   39   39    1    1    1    1    1    1    1    1  1.79186E+14 0.00248 
   40   40    1    1    1    1    1    1    1    1  3.03041E+14 0.00177 
   41   41    1    1    1    1    1    1    1    1  3.14723E+14 0.00192 
   42   42    1    1    1    1    1    1    1    1  6.59600E+14 0.00189 
   43   43    1    1    1    1    1    1    1    1  7.96644E+14 0.00169 
   44   44    1    1    1    1    1    1    1    1  1.15146E+15 0.00187 
   45   45    1    1    1    1    1    1    1    1  2.24606E+15 0.00180 
   46   46    1    1    1    1    1    1    1    1  1.05783E+15 0.00179 
   47   47    1    1    1    1    1    1    1    1  1.72195E+15 0.00154 
   48   48    1    1    1    1    1    1    1    1  2.39533E+15 0.00167 
   49   49    1    1    1    1    1    1    1    1  2.38129E+15 0.00154 
   50   50    1    1    1    1    1    1    1    1  3.65471E+15 0.00155 
   51   51    1    1    1    1    1    1    1    1  2.95983E+15 0.00173 
   52   52    1    1    1    1    1    1    1    1  3.43899E+15 0.00170 
   53   53    1    1    1    1    1    1    1    1  2.39422E+15 0.00148 
   54   54    1    1    1    1    1    1    1    1  2.86451E+15 0.00166 
   55   55    1    1    1    1    1    1    1    1  1.97949E+15 0.00163 
   56   56    1    1    1    1    1    1    1    1  2.70540E+14 0.00181 
   57   57    1    1    1    1    1    1    1    1  3.93288E+15 0.00157 
   58   58    1    1    1    1    1    1    1    1  1.70342E+15 0.00158 
   59   59    1    1    1    1    1    1    1    1  1.82093E+15 0.00196 
   60   60    1    1    1    1    1    1    1    1  1.38706E+15 0.00198 
   61   61    1    1    1    1    1    1    1    1  1.39839E+15 0.00188 
   62   62    1    1    1    1    1    1    1    1  1.44946E+15 0.00216 
   63   63    1    1    1    1    1    1    1    1  1.21134E+15 0.00194 
   64   64    1    1    1    1    1    1    1    1  9.64083E+14 0.00198 
   65   65    1    1    1    1    1    1    1    1  9.55482E+14 0.00199 
   66   66    1    1    1    1    1    1    1    1  6.84386E+14 0.00213 
   67   67    1    1    1    1    1    1    1    1  5.61043E+14 0.00217 
   68   68    1    1    1    1    1    1    1    1  5.05729E+14 0.00171 
   69   69    1    1    1    1    1    1    1    1  6.06985E+14 0.00210 
   70   70    1    1    1    1    1    1    1    1  5.16776E+14 0.00200 
   71   71    1    1    1    1    1    1    1    1  9.53655E+14 0.00166 
   72   72    1    1    1    1    1    1    1    1  6.75817E+14 0.00195 
   73   73    1    1    1    1    1    1    1    1  5.06822E+14 0.00237 
   74   74    1    1    1    1    1    1    1    1  4.00357E+14 0.00217 
   75   75    1    1    1    1    1    1    1    1  3.26916E+14 0.00223 
   76   76    1    1    1    1    1    1    1    1  3.72357E+14 0.00224 
   77   77    1    1    1    1    1    1    1    1  2.89556E+14 0.00226 
   78   78    1    1    1    1    1    1    1    1  2.28455E+14 0.00270 
   79   79    1    1    1    1    1    1    1    1  2.33703E+14 0.00244 
   80   80    1    1    1    1    1    1    1    1  1.71975E+14 0.00227 
   81   81    1    1    1    1    1    1    1    1  1.32229E+14 0.00277 
   82   82    1    1    1    1    1    1    1    1  1.01327E+14 0.00351 
   83   83    1    1    1    1    1    1    1    1  9.41577E+13 0.00398 
   84   84    1    1    1    1    1    1    1    1  6.80179E+13 0.00266 
   85   85    1    1    1    1    1    1    1    1  4.89758E+13 0.00406 
   86   86    1    1    1    1    1    1    1    1  4.54187E+13 0.00375 
   87   87    1    1    1    1    1    1    1    1  2.81849E+13 0.00683 
   88   88    1    1    1    1    1    1    1    1  1.94126E+13 0.00516 
   89   89    1    1    1    1    1    1    1    1  1.11727E+13 0.00996 
   90   90    1    1    1    1    1    1    1    1  7.18216E+12 0.01315 
   91   91    1    1    1    1    1    1    1    1  3.71901E+12 0.01746 
   92   92    1    1    1    1    1    1    1    1  1.84059E+12 0.01702 
   93   93    1    1    1    1    1    1    1    1  8.77290E+11 0.02390 
   94   94    1    1    1    1    1    1    1    1  4.68925E+11 0.03921 
   95   95    1    1    1    1    1    1    1    1  1.98130E+11 0.07265 
   96   96    1    1    1    1    1    1    1    1  9.43623E+10 0.11112 
   97   97    1    1    1    1    1    1    1    1  4.99526E+10 0.15439 
   98   98    1    1    1    1    1    1    1    1  3.05534E+10 0.14439 
   99   99    1    1    1    1    1    1    1    1  1.29652E+10 0.31274 
  100  100    1    1    1    1    1    1    1    1  5.57323E+09 0.31830 
];


