
DETdpaspec = [
    1    1    1    1    1    1    1    1    1    1  0.00000E+00 0.00000 
    2    2    1    1    1    1    1    1    1    1  0.00000E+00 0.00000 
    3    3    1    1    1    1    1    1    1    1  0.00000E+00 0.00000 
    4    4    1    1    1    1    1    1    1    1  0.00000E+00 0.00000 
    5    5    1    1    1    1    1    1    1    1  0.00000E+00 0.00000 
    6    6    1    1    1    1    1    1    1    1  1.04308E+07 1.00000 
    7    7    1    1    1    1    1    1    1    1  0.00000E+00 0.00000 
    8    8    1    1    1    1    1    1    1    1  0.00000E+00 0.00000 
    9    9    1    1    1    1    1    1    1    1  2.85742E+07 0.70782 
   10   10    1    1    1    1    1    1    1    1  7.92931E+07 1.00000 
   11   11    1    1    1    1    1    1    1    1  1.39664E+08 0.68835 
   12   12    1    1    1    1    1    1    1    1  2.10491E+08 0.63239 
   13   13    1    1    1    1    1    1    1    1  9.19999E+08 0.45967 
   14   14    1    1    1    1    1    1    1    1  3.86257E+09 0.42565 
   15   15    1    1    1    1    1    1    1    1  3.61341E+09 0.38901 
   16   16    1    1    1    1    1    1    1    1  1.46709E+09 0.36884 
   17   17    1    1    1    1    1    1    1    1  2.62772E+09 0.23717 
   18   18    1    1    1    1    1    1    1    1  1.08910E+10 0.16610 
   19   19    1    1    1    1    1    1    1    1  1.21488E+10 0.17577 
   20   20    1    1    1    1    1    1    1    1  3.53276E+10 0.16083 
   21   21    1    1    1    1    1    1    1    1  3.98092E+10 0.11567 
   22   22    1    1    1    1    1    1    1    1  8.58299E+10 0.08974 
   23   23    1    1    1    1    1    1    1    1  1.01546E+11 0.07374 
   24   24    1    1    1    1    1    1    1    1  1.49720E+11 0.06905 
   25   25    1    1    1    1    1    1    1    1  1.99394E+11 0.04967 
   26   26    1    1    1    1    1    1    1    1  3.16696E+11 0.04353 
   27   27    1    1    1    1    1    1    1    1  5.36089E+11 0.03543 
   28   28    1    1    1    1    1    1    1    1  9.71010E+11 0.03210 
   29   29    1    1    1    1    1    1    1    1  1.44633E+12 0.01637 
   30   30    1    1    1    1    1    1    1    1  4.39958E+12 0.01139 
   31   31    1    1    1    1    1    1    1    1  1.38772E+13 0.00997 
   32   32    1    1    1    1    1    1    1    1  2.64259E+13 0.00632 
   33   33    1    1    1    1    1    1    1    1  6.13510E+13 0.00523 
   34   34    1    1    1    1    1    1    1    1  8.40612E+13 0.00428 
   35   35    1    1    1    1    1    1    1    1  1.18836E+14 0.00315 
   36   36    1    1    1    1    1    1    1    1  8.27963E+13 0.00260 
   37   37    1    1    1    1    1    1    1    1  2.60803E+13 0.00211 
   38   38    1    1    1    1    1    1    1    1  1.42961E+14 0.00223 
   39   39    1    1    1    1    1    1    1    1  1.92286E+14 0.00232 
   40   40    1    1    1    1    1    1    1    1  3.26157E+14 0.00166 
   41   41    1    1    1    1    1    1    1    1  3.38572E+14 0.00129 
   42   42    1    1    1    1    1    1    1    1  7.11200E+14 0.00134 
   43   43    1    1    1    1    1    1    1    1  8.59801E+14 0.00166 
   44   44    1    1    1    1    1    1    1    1  1.24391E+15 0.00120 
   45   45    1    1    1    1    1    1    1    1  2.43155E+15 0.00113 
   46   46    1    1    1    1    1    1    1    1  1.14481E+15 0.00117 
   47   47    1    1    1    1    1    1    1    1  1.86530E+15 0.00096 
   48   48    1    1    1    1    1    1    1    1  2.59760E+15 0.00107 
   49   49    1    1    1    1    1    1    1    1  2.58868E+15 0.00109 
   50   50    1    1    1    1    1    1    1    1  3.97432E+15 0.00111 
   51   51    1    1    1    1    1    1    1    1  3.21503E+15 0.00120 
   52   52    1    1    1    1    1    1    1    1  3.74813E+15 0.00121 
   53   53    1    1    1    1    1    1    1    1  2.61357E+15 0.00107 
   54   54    1    1    1    1    1    1    1    1  3.13291E+15 0.00116 
   55   55    1    1    1    1    1    1    1    1  2.16375E+15 0.00122 
   56   56    1    1    1    1    1    1    1    1  2.96263E+14 0.00147 
   57   57    1    1    1    1    1    1    1    1  4.30240E+15 0.00104 
   58   58    1    1    1    1    1    1    1    1  1.86778E+15 0.00106 
   59   59    1    1    1    1    1    1    1    1  1.99490E+15 0.00133 
   60   60    1    1    1    1    1    1    1    1  1.52228E+15 0.00137 
   61   61    1    1    1    1    1    1    1    1  1.53378E+15 0.00141 
   62   62    1    1    1    1    1    1    1    1  1.59217E+15 0.00157 
   63   63    1    1    1    1    1    1    1    1  1.33438E+15 0.00170 
   64   64    1    1    1    1    1    1    1    1  1.05960E+15 0.00166 
   65   65    1    1    1    1    1    1    1    1  1.04880E+15 0.00162 
   66   66    1    1    1    1    1    1    1    1  7.52837E+14 0.00173 
   67   67    1    1    1    1    1    1    1    1  6.17590E+14 0.00208 
   68   68    1    1    1    1    1    1    1    1  5.56513E+14 0.00192 
   69   69    1    1    1    1    1    1    1    1  6.68447E+14 0.00164 
   70   70    1    1    1    1    1    1    1    1  5.68940E+14 0.00151 
   71   71    1    1    1    1    1    1    1    1  1.04751E+15 0.00165 
   72   72    1    1    1    1    1    1    1    1  7.41899E+14 0.00176 
   73   73    1    1    1    1    1    1    1    1  5.56155E+14 0.00187 
   74   74    1    1    1    1    1    1    1    1  4.40204E+14 0.00211 
   75   75    1    1    1    1    1    1    1    1  3.60287E+14 0.00235 
   76   76    1    1    1    1    1    1    1    1  4.12897E+14 0.00181 
   77   77    1    1    1    1    1    1    1    1  3.21224E+14 0.00184 
   78   78    1    1    1    1    1    1    1    1  2.53623E+14 0.00228 
   79   79    1    1    1    1    1    1    1    1  2.59825E+14 0.00235 
   80   80    1    1    1    1    1    1    1    1  1.92013E+14 0.00306 
   81   81    1    1    1    1    1    1    1    1  1.47035E+14 0.00312 
   82   82    1    1    1    1    1    1    1    1  1.12709E+14 0.00320 
   83   83    1    1    1    1    1    1    1    1  1.05463E+14 0.00243 
   84   84    1    1    1    1    1    1    1    1  7.54250E+13 0.00354 
   85   85    1    1    1    1    1    1    1    1  5.47739E+13 0.00516 
   86   86    1    1    1    1    1    1    1    1  5.09697E+13 0.00453 
   87   87    1    1    1    1    1    1    1    1  3.14999E+13 0.00698 
   88   88    1    1    1    1    1    1    1    1  2.11874E+13 0.00649 
   89   89    1    1    1    1    1    1    1    1  1.23850E+13 0.00925 
   90   90    1    1    1    1    1    1    1    1  8.16806E+12 0.01253 
   91   91    1    1    1    1    1    1    1    1  4.18211E+12 0.01168 
   92   92    1    1    1    1    1    1    1    1  2.04692E+12 0.01854 
   93   93    1    1    1    1    1    1    1    1  9.67574E+11 0.02949 
   94   94    1    1    1    1    1    1    1    1  4.64891E+11 0.05195 
   95   95    1    1    1    1    1    1    1    1  2.25535E+11 0.06504 
   96   96    1    1    1    1    1    1    1    1  1.19775E+11 0.09528 
   97   97    1    1    1    1    1    1    1    1  5.38619E+10 0.14233 
   98   98    1    1    1    1    1    1    1    1  3.96512E+10 0.15833 
   99   99    1    1    1    1    1    1    1    1  1.83312E+10 0.21124 
  100  100    1    1    1    1    1    1    1    1  1.27068E+10 0.18715 
];


