
DETdpaspec = [
    1    1    1    1    1    1    1    1    1    1  0.00000E+00 0.00000 
    2    2    1    1    1    1    1    1    1    1  0.00000E+00 0.00000 
    3    3    1    1    1    1    1    1    1    1  0.00000E+00 0.00000 
    4    4    1    1    1    1    1    1    1    1  0.00000E+00 0.00000 
    5    5    1    1    1    1    1    1    1    1  0.00000E+00 0.00000 
    6    6    1    1    1    1    1    1    1    1  0.00000E+00 0.00000 
    7    7    1    1    1    1    1    1    1    1  0.00000E+00 0.00000 
    8    8    1    1    1    1    1    1    1    1  0.00000E+00 0.00000 
    9    9    1    1    1    1    1    1    1    1  1.15126E+07 1.00000 
   10   10    1    1    1    1    1    1    1    1  6.76295E+07 1.00000 
   11   11    1    1    1    1    1    1    1    1  6.43935E+08 0.55756 
   12   12    1    1    1    1    1    1    1    1  9.92620E+06 1.00000 
   13   13    1    1    1    1    1    1    1    1  4.83125E+08 0.69941 
   14   14    1    1    1    1    1    1    1    1  3.08564E+09 0.40312 
   15   15    1    1    1    1    1    1    1    1  6.16481E+09 0.34722 
   16   16    1    1    1    1    1    1    1    1  2.79882E+09 0.49840 
   17   17    1    1    1    1    1    1    1    1  3.41917E+09 0.36246 
   18   18    1    1    1    1    1    1    1    1  8.44162E+09 0.26698 
   19   19    1    1    1    1    1    1    1    1  7.67082E+09 0.23176 
   20   20    1    1    1    1    1    1    1    1  3.30725E+10 0.13071 
   21   21    1    1    1    1    1    1    1    1  2.89889E+10 0.17292 
   22   22    1    1    1    1    1    1    1    1  6.79764E+10 0.09407 
   23   23    1    1    1    1    1    1    1    1  1.04815E+11 0.06636 
   24   24    1    1    1    1    1    1    1    1  1.57235E+11 0.04957 
   25   25    1    1    1    1    1    1    1    1  2.28479E+11 0.06342 
   26   26    1    1    1    1    1    1    1    1  3.57587E+11 0.04276 
   27   27    1    1    1    1    1    1    1    1  6.76778E+11 0.02982 
   28   28    1    1    1    1    1    1    1    1  1.52308E+12 0.03108 
   29   29    1    1    1    1    1    1    1    1  2.60503E+12 0.02108 
   30   30    1    1    1    1    1    1    1    1  7.34717E+12 0.01381 
   31   31    1    1    1    1    1    1    1    1  2.32348E+13 0.00681 
   32   32    1    1    1    1    1    1    1    1  4.33136E+13 0.00366 
   33   33    1    1    1    1    1    1    1    1  1.05357E+14 0.00305 
   34   34    1    1    1    1    1    1    1    1  1.49361E+14 0.00279 
   35   35    1    1    1    1    1    1    1    1  1.90710E+14 0.00204 
   36   36    1    1    1    1    1    1    1    1  1.27690E+14 0.00164 
   37   37    1    1    1    1    1    1    1    1  3.89097E+13 0.00153 
   38   38    1    1    1    1    1    1    1    1  2.20595E+14 0.00166 
   39   39    1    1    1    1    1    1    1    1  2.99085E+14 0.00158 
   40   40    1    1    1    1    1    1    1    1  5.17295E+14 0.00142 
   41   41    1    1    1    1    1    1    1    1  5.23784E+14 0.00144 
   42   42    1    1    1    1    1    1    1    1  1.13512E+15 0.00142 
   43   43    1    1    1    1    1    1    1    1  1.38634E+15 0.00132 
   44   44    1    1    1    1    1    1    1    1  2.02543E+15 0.00124 
   45   45    1    1    1    1    1    1    1    1  4.07257E+15 0.00114 
   46   46    1    1    1    1    1    1    1    1  1.89843E+15 0.00086 
   47   47    1    1    1    1    1    1    1    1  3.07361E+15 0.00089 
   48   48    1    1    1    1    1    1    1    1  4.30611E+15 0.00068 
   49   49    1    1    1    1    1    1    1    1  4.28432E+15 0.00085 
   50   50    1    1    1    1    1    1    1    1  6.72538E+15 0.00076 
   51   51    1    1    1    1    1    1    1    1  5.35958E+15 0.00076 
   52   52    1    1    1    1    1    1    1    1  6.42117E+15 0.00086 
   53   53    1    1    1    1    1    1    1    1  4.46105E+15 0.00066 
   54   54    1    1    1    1    1    1    1    1  5.48944E+15 0.00072 
   55   55    1    1    1    1    1    1    1    1  3.77932E+15 0.00076 
   56   56    1    1    1    1    1    1    1    1  5.13151E+14 0.00088 
   57   57    1    1    1    1    1    1    1    1  7.53019E+15 0.00071 
   58   58    1    1    1    1    1    1    1    1  3.37960E+15 0.00088 
   59   59    1    1    1    1    1    1    1    1  3.59107E+15 0.00073 
   60   60    1    1    1    1    1    1    1    1  2.80409E+15 0.00086 
   61   61    1    1    1    1    1    1    1    1  2.81449E+15 0.00096 
   62   62    1    1    1    1    1    1    1    1  2.93972E+15 0.00096 
   63   63    1    1    1    1    1    1    1    1  2.47705E+15 0.00110 
   64   64    1    1    1    1    1    1    1    1  1.97529E+15 0.00096 
   65   65    1    1    1    1    1    1    1    1  1.96649E+15 0.00106 
   66   66    1    1    1    1    1    1    1    1  1.41346E+15 0.00088 
   67   67    1    1    1    1    1    1    1    1  1.15150E+15 0.00108 
   68   68    1    1    1    1    1    1    1    1  1.03407E+15 0.00127 
   69   69    1    1    1    1    1    1    1    1  1.24057E+15 0.00099 
   70   70    1    1    1    1    1    1    1    1  1.05381E+15 0.00149 
   71   71    1    1    1    1    1    1    1    1  1.91228E+15 0.00107 
   72   72    1    1    1    1    1    1    1    1  1.35270E+15 0.00125 
   73   73    1    1    1    1    1    1    1    1  1.02105E+15 0.00113 
   74   74    1    1    1    1    1    1    1    1  8.22083E+14 0.00114 
   75   75    1    1    1    1    1    1    1    1  6.82181E+14 0.00126 
   76   76    1    1    1    1    1    1    1    1  7.95085E+14 0.00132 
   77   77    1    1    1    1    1    1    1    1  6.30258E+14 0.00132 
   78   78    1    1    1    1    1    1    1    1  5.03272E+14 0.00149 
   79   79    1    1    1    1    1    1    1    1  5.18714E+14 0.00157 
   80   80    1    1    1    1    1    1    1    1  3.85486E+14 0.00132 
   81   81    1    1    1    1    1    1    1    1  2.97100E+14 0.00200 
   82   82    1    1    1    1    1    1    1    1  2.28206E+14 0.00226 
   83   83    1    1    1    1    1    1    1    1  2.13720E+14 0.00208 
   84   84    1    1    1    1    1    1    1    1  1.53960E+14 0.00210 
   85   85    1    1    1    1    1    1    1    1  1.10981E+14 0.00303 
   86   86    1    1    1    1    1    1    1    1  1.04051E+14 0.00379 
   87   87    1    1    1    1    1    1    1    1  6.35901E+13 0.00323 
   88   88    1    1    1    1    1    1    1    1  4.26511E+13 0.00463 
   89   89    1    1    1    1    1    1    1    1  2.48023E+13 0.00690 
   90   90    1    1    1    1    1    1    1    1  1.63583E+13 0.00594 
   91   91    1    1    1    1    1    1    1    1  8.17318E+12 0.00941 
   92   92    1    1    1    1    1    1    1    1  3.92941E+12 0.01670 
   93   93    1    1    1    1    1    1    1    1  1.96696E+12 0.01623 
   94   94    1    1    1    1    1    1    1    1  9.58440E+11 0.03372 
   95   95    1    1    1    1    1    1    1    1  4.52836E+11 0.03457 
   96   96    1    1    1    1    1    1    1    1  2.28430E+11 0.05683 
   97   97    1    1    1    1    1    1    1    1  1.09740E+11 0.06668 
   98   98    1    1    1    1    1    1    1    1  4.63904E+10 0.11929 
   99   99    1    1    1    1    1    1    1    1  2.82235E+10 0.15552 
  100  100    1    1    1    1    1    1    1    1  2.58360E+10 0.17405 
];


