
DETdpaspec = [
    1    1    1    1    1    1    1    1    1    1  0.00000E+00 0.00000 
    2    2    1    1    1    1    1    1    1    1  0.00000E+00 0.00000 
    3    3    1    1    1    1    1    1    1    1  0.00000E+00 0.00000 
    4    4    1    1    1    1    1    1    1    1  0.00000E+00 0.00000 
    5    5    1    1    1    1    1    1    1    1  0.00000E+00 0.00000 
    6    6    1    1    1    1    1    1    1    1  1.93588E+07 0.68833 
    7    7    1    1    1    1    1    1    1    1  0.00000E+00 0.00000 
    8    8    1    1    1    1    1    1    1    1  0.00000E+00 0.00000 
    9    9    1    1    1    1    1    1    1    1  2.46766E+07 0.70475 
   10   10    1    1    1    1    1    1    1    1  0.00000E+00 0.00000 
   11   11    1    1    1    1    1    1    1    1  2.60385E+08 0.83182 
   12   12    1    1    1    1    1    1    1    1  9.32140E+07 0.65692 
   13   13    1    1    1    1    1    1    1    1  8.26381E+08 0.56833 
   14   14    1    1    1    1    1    1    1    1  3.75039E+09 0.34973 
   15   15    1    1    1    1    1    1    1    1  5.34779E+09 0.37158 
   16   16    1    1    1    1    1    1    1    1  2.57378E+09 0.24849 
   17   17    1    1    1    1    1    1    1    1  3.19314E+09 0.33073 
   18   18    1    1    1    1    1    1    1    1  9.86597E+09 0.19139 
   19   19    1    1    1    1    1    1    1    1  1.11129E+10 0.20225 
   20   20    1    1    1    1    1    1    1    1  2.91278E+10 0.17769 
   21   21    1    1    1    1    1    1    1    1  2.24201E+10 0.11313 
   22   22    1    1    1    1    1    1    1    1  7.13701E+10 0.10023 
   23   23    1    1    1    1    1    1    1    1  1.06300E+11 0.04957 
   24   24    1    1    1    1    1    1    1    1  1.53841E+11 0.06093 
   25   25    1    1    1    1    1    1    1    1  2.04825E+11 0.04924 
   26   26    1    1    1    1    1    1    1    1  2.75442E+11 0.03905 
   27   27    1    1    1    1    1    1    1    1  5.02883E+11 0.03140 
   28   28    1    1    1    1    1    1    1    1  9.54791E+11 0.02549 
   29   29    1    1    1    1    1    1    1    1  1.33967E+12 0.01932 
   30   30    1    1    1    1    1    1    1    1  4.19970E+12 0.01463 
   31   31    1    1    1    1    1    1    1    1  1.31400E+13 0.00793 
   32   32    1    1    1    1    1    1    1    1  2.51066E+13 0.00647 
   33   33    1    1    1    1    1    1    1    1  5.76458E+13 0.00362 
   34   34    1    1    1    1    1    1    1    1  7.89400E+13 0.00349 
   35   35    1    1    1    1    1    1    1    1  1.11895E+14 0.00248 
   36   36    1    1    1    1    1    1    1    1  7.80914E+13 0.00256 
   37   37    1    1    1    1    1    1    1    1  2.45838E+13 0.00239 
   38   38    1    1    1    1    1    1    1    1  1.34966E+14 0.00195 
   39   39    1    1    1    1    1    1    1    1  1.81615E+14 0.00211 
   40   40    1    1    1    1    1    1    1    1  3.07135E+14 0.00189 
   41   41    1    1    1    1    1    1    1    1  3.19115E+14 0.00168 
   42   42    1    1    1    1    1    1    1    1  6.68553E+14 0.00149 
   43   43    1    1    1    1    1    1    1    1  8.09739E+14 0.00170 
   44   44    1    1    1    1    1    1    1    1  1.17021E+15 0.00178 
   45   45    1    1    1    1    1    1    1    1  2.27973E+15 0.00151 
   46   46    1    1    1    1    1    1    1    1  1.07333E+15 0.00143 
   47   47    1    1    1    1    1    1    1    1  1.74837E+15 0.00156 
   48   48    1    1    1    1    1    1    1    1  2.43183E+15 0.00121 
   49   49    1    1    1    1    1    1    1    1  2.42234E+15 0.00112 
   50   50    1    1    1    1    1    1    1    1  3.70533E+15 0.00128 
   51   51    1    1    1    1    1    1    1    1  2.99742E+15 0.00140 
   52   52    1    1    1    1    1    1    1    1  3.48571E+15 0.00154 
   53   53    1    1    1    1    1    1    1    1  2.43020E+15 0.00160 
   54   54    1    1    1    1    1    1    1    1  2.90903E+15 0.00145 
   55   55    1    1    1    1    1    1    1    1  2.00827E+15 0.00160 
   56   56    1    1    1    1    1    1    1    1  2.74707E+14 0.00174 
   57   57    1    1    1    1    1    1    1    1  3.99566E+15 0.00154 
   58   58    1    1    1    1    1    1    1    1  1.73237E+15 0.00172 
   59   59    1    1    1    1    1    1    1    1  1.84929E+15 0.00172 
   60   60    1    1    1    1    1    1    1    1  1.40937E+15 0.00162 
   61   61    1    1    1    1    1    1    1    1  1.41915E+15 0.00170 
   62   62    1    1    1    1    1    1    1    1  1.47360E+15 0.00157 
   63   63    1    1    1    1    1    1    1    1  1.23223E+15 0.00146 
   64   64    1    1    1    1    1    1    1    1  9.78713E+14 0.00210 
   65   65    1    1    1    1    1    1    1    1  9.69745E+14 0.00181 
   66   66    1    1    1    1    1    1    1    1  6.95749E+14 0.00241 
   67   67    1    1    1    1    1    1    1    1  5.69855E+14 0.00216 
   68   68    1    1    1    1    1    1    1    1  5.13132E+14 0.00232 
   69   69    1    1    1    1    1    1    1    1  6.16318E+14 0.00192 
   70   70    1    1    1    1    1    1    1    1  5.24599E+14 0.00231 
   71   71    1    1    1    1    1    1    1    1  9.67706E+14 0.00202 
   72   72    1    1    1    1    1    1    1    1  6.86390E+14 0.00225 
   73   73    1    1    1    1    1    1    1    1  5.14886E+14 0.00216 
   74   74    1    1    1    1    1    1    1    1  4.07695E+14 0.00209 
   75   75    1    1    1    1    1    1    1    1  3.33065E+14 0.00211 
   76   76    1    1    1    1    1    1    1    1  3.79780E+14 0.00222 
   77   77    1    1    1    1    1    1    1    1  2.95441E+14 0.00272 
   78   78    1    1    1    1    1    1    1    1  2.32854E+14 0.00171 
   79   79    1    1    1    1    1    1    1    1  2.37899E+14 0.00273 
   80   80    1    1    1    1    1    1    1    1  1.75207E+14 0.00265 
   81   81    1    1    1    1    1    1    1    1  1.34447E+14 0.00279 
   82   82    1    1    1    1    1    1    1    1  1.02984E+14 0.00270 
   83   83    1    1    1    1    1    1    1    1  9.65910E+13 0.00261 
   84   84    1    1    1    1    1    1    1    1  6.93063E+13 0.00350 
   85   85    1    1    1    1    1    1    1    1  4.97869E+13 0.00392 
   86   86    1    1    1    1    1    1    1    1  4.64994E+13 0.00370 
   87   87    1    1    1    1    1    1    1    1  2.89495E+13 0.00528 
   88   88    1    1    1    1    1    1    1    1  1.93774E+13 0.00563 
   89   89    1    1    1    1    1    1    1    1  1.11799E+13 0.00832 
   90   90    1    1    1    1    1    1    1    1  7.52717E+12 0.00923 
   91   91    1    1    1    1    1    1    1    1  3.70579E+12 0.01811 
   92   92    1    1    1    1    1    1    1    1  1.83849E+12 0.01988 
   93   93    1    1    1    1    1    1    1    1  8.80777E+11 0.02507 
   94   94    1    1    1    1    1    1    1    1  4.33042E+11 0.03672 
   95   95    1    1    1    1    1    1    1    1  1.95745E+11 0.06937 
   96   96    1    1    1    1    1    1    1    1  9.31886E+10 0.09755 
   97   97    1    1    1    1    1    1    1    1  4.04343E+10 0.14536 
   98   98    1    1    1    1    1    1    1    1  2.51284E+10 0.19364 
   99   99    1    1    1    1    1    1    1    1  9.62017E+09 0.32379 
  100  100    1    1    1    1    1    1    1    1  1.34649E+10 0.32650 
];


