
DETdpaspec = [
    1    1    1    1    1    1    1    1    1    1  0.00000E+00 0.00000 
    2    2    1    1    1    1    1    1    1    1  0.00000E+00 0.00000 
    3    3    1    1    1    1    1    1    1    1  1.87255E+07 1.00000 
    4    4    1    1    1    1    1    1    1    1  0.00000E+00 0.00000 
    5    5    1    1    1    1    1    1    1    1  0.00000E+00 0.00000 
    6    6    1    1    1    1    1    1    1    1  0.00000E+00 0.00000 
    7    7    1    1    1    1    1    1    1    1  1.65086E+07 1.00000 
    8    8    1    1    1    1    1    1    1    1  1.50062E+07 1.00000 
    9    9    1    1    1    1    1    1    1    1  0.00000E+00 0.00000 
   10   10    1    1    1    1    1    1    1    1  0.00000E+00 0.00000 
   11   11    1    1    1    1    1    1    1    1  6.49031E+07 1.00000 
   12   12    1    1    1    1    1    1    1    1  8.45806E+07 0.55463 
   13   13    1    1    1    1    1    1    1    1  2.98232E+08 0.55794 
   14   14    1    1    1    1    1    1    1    1  2.91520E+09 0.49034 
   15   15    1    1    1    1    1    1    1    1  4.57453E+09 0.36903 
   16   16    1    1    1    1    1    1    1    1  1.59088E+09 0.22996 
   17   17    1    1    1    1    1    1    1    1  2.90571E+09 0.25073 
   18   18    1    1    1    1    1    1    1    1  8.44578E+09 0.22555 
   19   19    1    1    1    1    1    1    1    1  1.08254E+10 0.17346 
   20   20    1    1    1    1    1    1    1    1  2.99803E+10 0.15647 
   21   21    1    1    1    1    1    1    1    1  2.16363E+10 0.13247 
   22   22    1    1    1    1    1    1    1    1  6.50831E+10 0.10386 
   23   23    1    1    1    1    1    1    1    1  7.67157E+10 0.08273 
   24   24    1    1    1    1    1    1    1    1  1.25696E+11 0.08116 
   25   25    1    1    1    1    1    1    1    1  1.35502E+11 0.05246 
   26   26    1    1    1    1    1    1    1    1  2.12346E+11 0.04808 
   27   27    1    1    1    1    1    1    1    1  3.99895E+11 0.04213 
   28   28    1    1    1    1    1    1    1    1  6.92850E+11 0.03294 
   29   29    1    1    1    1    1    1    1    1  1.01481E+12 0.01931 
   30   30    1    1    1    1    1    1    1    1  3.29382E+12 0.01814 
   31   31    1    1    1    1    1    1    1    1  1.00706E+13 0.01248 
   32   32    1    1    1    1    1    1    1    1  1.88185E+13 0.00638 
   33   33    1    1    1    1    1    1    1    1  4.20608E+13 0.00565 
   34   34    1    1    1    1    1    1    1    1  5.62950E+13 0.00344 
   35   35    1    1    1    1    1    1    1    1  8.08286E+13 0.00328 
   36   36    1    1    1    1    1    1    1    1  5.65452E+13 0.00299 
   37   37    1    1    1    1    1    1    1    1  1.79121E+13 0.00315 
   38   38    1    1    1    1    1    1    1    1  9.70545E+13 0.00258 
   39   39    1    1    1    1    1    1    1    1  1.30530E+14 0.00269 
   40   40    1    1    1    1    1    1    1    1  2.18695E+14 0.00257 
   41   41    1    1    1    1    1    1    1    1  2.28113E+14 0.00195 
   42   42    1    1    1    1    1    1    1    1  4.72718E+14 0.00182 
   43   43    1    1    1    1    1    1    1    1  5.68904E+14 0.00141 
   44   44    1    1    1    1    1    1    1    1  8.14218E+14 0.00178 
   45   45    1    1    1    1    1    1    1    1  1.56727E+15 0.00145 
   46   46    1    1    1    1    1    1    1    1  7.35903E+14 0.00160 
   47   47    1    1    1    1    1    1    1    1  1.19641E+15 0.00147 
   48   48    1    1    1    1    1    1    1    1  1.65628E+15 0.00152 
   49   49    1    1    1    1    1    1    1    1  1.64474E+15 0.00162 
   50   50    1    1    1    1    1    1    1    1  2.49654E+15 0.00159 
   51   51    1    1    1    1    1    1    1    1  2.02046E+15 0.00148 
   52   52    1    1    1    1    1    1    1    1  2.32556E+15 0.00156 
   53   53    1    1    1    1    1    1    1    1  1.61915E+15 0.00166 
   54   54    1    1    1    1    1    1    1    1  1.92344E+15 0.00171 
   55   55    1    1    1    1    1    1    1    1  1.32666E+15 0.00178 
   56   56    1    1    1    1    1    1    1    1  1.81840E+14 0.00217 
   57   57    1    1    1    1    1    1    1    1  2.63544E+15 0.00155 
   58   58    1    1    1    1    1    1    1    1  1.12867E+15 0.00176 
   59   59    1    1    1    1    1    1    1    1  1.20776E+15 0.00154 
   60   60    1    1    1    1    1    1    1    1  9.13709E+14 0.00171 
   61   61    1    1    1    1    1    1    1    1  9.19208E+14 0.00226 
   62   62    1    1    1    1    1    1    1    1  9.52717E+14 0.00206 
   63   63    1    1    1    1    1    1    1    1  7.92107E+14 0.00177 
   64   64    1    1    1    1    1    1    1    1  6.29675E+14 0.00204 
   65   65    1    1    1    1    1    1    1    1  6.22000E+14 0.00173 
   66   66    1    1    1    1    1    1    1    1  4.44855E+14 0.00193 
   67   67    1    1    1    1    1    1    1    1  3.65465E+14 0.00200 
   68   68    1    1    1    1    1    1    1    1  3.28898E+14 0.00169 
   69   69    1    1    1    1    1    1    1    1  3.94824E+14 0.00213 
   70   70    1    1    1    1    1    1    1    1  3.36730E+14 0.00241 
   71   71    1    1    1    1    1    1    1    1  6.22638E+14 0.00285 
   72   72    1    1    1    1    1    1    1    1  4.40214E+14 0.00246 
   73   73    1    1    1    1    1    1    1    1  3.29597E+14 0.00250 
   74   74    1    1    1    1    1    1    1    1  2.59967E+14 0.00200 
   75   75    1    1    1    1    1    1    1    1  2.12068E+14 0.00257 
   76   76    1    1    1    1    1    1    1    1  2.40022E+14 0.00271 
   77   77    1    1    1    1    1    1    1    1  1.85241E+14 0.00332 
   78   78    1    1    1    1    1    1    1    1  1.45712E+14 0.00270 
   79   79    1    1    1    1    1    1    1    1  1.47843E+14 0.00200 
   80   80    1    1    1    1    1    1    1    1  1.08393E+14 0.00348 
   81   81    1    1    1    1    1    1    1    1  8.36911E+13 0.00333 
   82   82    1    1    1    1    1    1    1    1  6.41199E+13 0.00404 
   83   83    1    1    1    1    1    1    1    1  5.99354E+13 0.00359 
   84   84    1    1    1    1    1    1    1    1  4.29794E+13 0.00481 
   85   85    1    1    1    1    1    1    1    1  3.05849E+13 0.00483 
   86   86    1    1    1    1    1    1    1    1  2.88343E+13 0.00740 
   87   87    1    1    1    1    1    1    1    1  1.78521E+13 0.00669 
   88   88    1    1    1    1    1    1    1    1  1.20393E+13 0.00944 
   89   89    1    1    1    1    1    1    1    1  6.78433E+12 0.01500 
   90   90    1    1    1    1    1    1    1    1  4.65795E+12 0.01158 
   91   91    1    1    1    1    1    1    1    1  2.36104E+12 0.01561 
   92   92    1    1    1    1    1    1    1    1  1.17693E+12 0.02745 
   93   93    1    1    1    1    1    1    1    1  5.68254E+11 0.02805 
   94   94    1    1    1    1    1    1    1    1  2.70833E+11 0.05385 
   95   95    1    1    1    1    1    1    1    1  1.21856E+11 0.07342 
   96   96    1    1    1    1    1    1    1    1  5.98048E+10 0.11468 
   97   97    1    1    1    1    1    1    1    1  4.06318E+10 0.17348 
   98   98    1    1    1    1    1    1    1    1  1.90986E+10 0.20825 
   99   99    1    1    1    1    1    1    1    1  3.71807E+09 0.46949 
  100  100    1    1    1    1    1    1    1    1  4.07959E+09 0.38606 
];


