
DETdpaspec = [
    1    1    1    1    1    1    1    1    1    1  0.00000E+00 0.00000 
    2    2    1    1    1    1    1    1    1    1  0.00000E+00 0.00000 
    3    3    1    1    1    1    1    1    1    1  0.00000E+00 0.00000 
    4    4    1    1    1    1    1    1    1    1  0.00000E+00 0.00000 
    5    5    1    1    1    1    1    1    1    1  0.00000E+00 0.00000 
    6    6    1    1    1    1    1    1    1    1  1.31017E+07 1.00000 
    7    7    1    1    1    1    1    1    1    1  0.00000E+00 0.00000 
    8    8    1    1    1    1    1    1    1    1  0.00000E+00 0.00000 
    9    9    1    1    1    1    1    1    1    1  1.67069E+07 1.00000 
   10   10    1    1    1    1    1    1    1    1  5.88416E+07 1.00000 
   11   11    1    1    1    1    1    1    1    1  0.00000E+00 0.00000 
   12   12    1    1    1    1    1    1    1    1  8.37446E+07 0.68895 
   13   13    1    1    1    1    1    1    1    1  1.55292E+09 0.64468 
   14   14    1    1    1    1    1    1    1    1  7.91139E+09 0.27472 
   15   15    1    1    1    1    1    1    1    1  9.02735E+09 0.28145 
   16   16    1    1    1    1    1    1    1    1  1.83200E+09 0.54006 
   17   17    1    1    1    1    1    1    1    1  3.65856E+09 0.33036 
   18   18    1    1    1    1    1    1    1    1  1.10077E+10 0.26814 
   19   19    1    1    1    1    1    1    1    1  1.18839E+10 0.15727 
   20   20    1    1    1    1    1    1    1    1  4.33030E+10 0.13627 
   21   21    1    1    1    1    1    1    1    1  3.49587E+10 0.09679 
   22   22    1    1    1    1    1    1    1    1  7.39999E+10 0.09269 
   23   23    1    1    1    1    1    1    1    1  1.10351E+11 0.07862 
   24   24    1    1    1    1    1    1    1    1  1.75772E+11 0.03442 
   25   25    1    1    1    1    1    1    1    1  2.20799E+11 0.04958 
   26   26    1    1    1    1    1    1    1    1  3.45362E+11 0.04776 
   27   27    1    1    1    1    1    1    1    1  6.51671E+11 0.04301 
   28   28    1    1    1    1    1    1    1    1  1.43618E+12 0.02244 
   29   29    1    1    1    1    1    1    1    1  2.37004E+12 0.01658 
   30   30    1    1    1    1    1    1    1    1  6.75650E+12 0.01316 
   31   31    1    1    1    1    1    1    1    1  2.15736E+13 0.00677 
   32   32    1    1    1    1    1    1    1    1  4.04889E+13 0.00427 
   33   33    1    1    1    1    1    1    1    1  9.80492E+13 0.00283 
   34   34    1    1    1    1    1    1    1    1  1.38889E+14 0.00271 
   35   35    1    1    1    1    1    1    1    1  1.80826E+14 0.00211 
   36   36    1    1    1    1    1    1    1    1  1.22553E+14 0.00231 
   37   37    1    1    1    1    1    1    1    1  3.73347E+13 0.00247 
   38   38    1    1    1    1    1    1    1    1  2.11045E+14 0.00169 
   39   39    1    1    1    1    1    1    1    1  2.86538E+14 0.00193 
   40   40    1    1    1    1    1    1    1    1  4.93857E+14 0.00147 
   41   41    1    1    1    1    1    1    1    1  5.02174E+14 0.00140 
   42   42    1    1    1    1    1    1    1    1  1.08318E+15 0.00114 
   43   43    1    1    1    1    1    1    1    1  1.32333E+15 0.00104 
   44   44    1    1    1    1    1    1    1    1  1.93596E+15 0.00082 
   45   45    1    1    1    1    1    1    1    1  3.88509E+15 0.00112 
   46   46    1    1    1    1    1    1    1    1  1.81458E+15 0.00096 
   47   47    1    1    1    1    1    1    1    1  2.94613E+15 0.00093 
   48   48    1    1    1    1    1    1    1    1  4.12805E+15 0.00086 
   49   49    1    1    1    1    1    1    1    1  4.10906E+15 0.00082 
   50   50    1    1    1    1    1    1    1    1  6.43543E+15 0.00080 
   51   51    1    1    1    1    1    1    1    1  5.14431E+15 0.00072 
   52   52    1    1    1    1    1    1    1    1  6.15039E+15 0.00070 
   53   53    1    1    1    1    1    1    1    1  4.27796E+15 0.00082 
   54   54    1    1    1    1    1    1    1    1  5.24975E+15 0.00063 
   55   55    1    1    1    1    1    1    1    1  3.61781E+15 0.00082 
   56   56    1    1    1    1    1    1    1    1  4.92561E+14 0.00103 
   57   57    1    1    1    1    1    1    1    1  7.20710E+15 0.00081 
   58   58    1    1    1    1    1    1    1    1  3.22077E+15 0.00081 
   59   59    1    1    1    1    1    1    1    1  3.42919E+15 0.00077 
   60   60    1    1    1    1    1    1    1    1  2.67186E+15 0.00099 
   61   61    1    1    1    1    1    1    1    1  2.68057E+15 0.00089 
   62   62    1    1    1    1    1    1    1    1  2.79877E+15 0.00093 
   63   63    1    1    1    1    1    1    1    1  2.35703E+15 0.00127 
   64   64    1    1    1    1    1    1    1    1  1.87835E+15 0.00088 
   65   65    1    1    1    1    1    1    1    1  1.86822E+15 0.00087 
   66   66    1    1    1    1    1    1    1    1  1.34437E+15 0.00123 
   67   67    1    1    1    1    1    1    1    1  1.09599E+15 0.00092 
   68   68    1    1    1    1    1    1    1    1  9.83577E+14 0.00101 
   69   69    1    1    1    1    1    1    1    1  1.18141E+15 0.00105 
   70   70    1    1    1    1    1    1    1    1  1.00601E+15 0.00100 
   71   71    1    1    1    1    1    1    1    1  1.83115E+15 0.00095 
   72   72    1    1    1    1    1    1    1    1  1.29581E+15 0.00108 
   73   73    1    1    1    1    1    1    1    1  9.74798E+14 0.00111 
   74   74    1    1    1    1    1    1    1    1  7.83526E+14 0.00162 
   75   75    1    1    1    1    1    1    1    1  6.50728E+14 0.00133 
   76   76    1    1    1    1    1    1    1    1  7.54823E+14 0.00121 
   77   77    1    1    1    1    1    1    1    1  5.98055E+14 0.00123 
   78   78    1    1    1    1    1    1    1    1  4.76570E+14 0.00183 
   79   79    1    1    1    1    1    1    1    1  4.91931E+14 0.00106 
   80   80    1    1    1    1    1    1    1    1  3.63776E+14 0.00181 
   81   81    1    1    1    1    1    1    1    1  2.80961E+14 0.00157 
   82   82    1    1    1    1    1    1    1    1  2.15252E+14 0.00214 
   83   83    1    1    1    1    1    1    1    1  2.01446E+14 0.00239 
   84   84    1    1    1    1    1    1    1    1  1.44885E+14 0.00264 
   85   85    1    1    1    1    1    1    1    1  1.04524E+14 0.00272 
   86   86    1    1    1    1    1    1    1    1  9.75729E+13 0.00334 
   87   87    1    1    1    1    1    1    1    1  6.00423E+13 0.00438 
   88   88    1    1    1    1    1    1    1    1  4.04182E+13 0.00364 
   89   89    1    1    1    1    1    1    1    1  2.35696E+13 0.00749 
   90   90    1    1    1    1    1    1    1    1  1.54672E+13 0.00962 
   91   91    1    1    1    1    1    1    1    1  7.81436E+12 0.01090 
   92   92    1    1    1    1    1    1    1    1  3.78330E+12 0.01555 
   93   93    1    1    1    1    1    1    1    1  1.86784E+12 0.01745 
   94   94    1    1    1    1    1    1    1    1  8.96380E+11 0.02647 
   95   95    1    1    1    1    1    1    1    1  4.28397E+11 0.04461 
   96   96    1    1    1    1    1    1    1    1  2.02465E+11 0.04639 
   97   97    1    1    1    1    1    1    1    1  1.01862E+11 0.11055 
   98   98    1    1    1    1    1    1    1    1  4.69075E+10 0.13693 
   99   99    1    1    1    1    1    1    1    1  1.40452E+10 0.30235 
  100  100    1    1    1    1    1    1    1    1  2.01289E+10 0.19392 
];


