
DETdpaspec = [
    1    1    1    1    1    1    1    1    1    1  0.00000E+00 0.00000 
    2    2    1    1    1    1    1    1    1    1  0.00000E+00 0.00000 
    3    3    1    1    1    1    1    1    1    1  0.00000E+00 0.00000 
    4    4    1    1    1    1    1    1    1    1  0.00000E+00 0.00000 
    5    5    1    1    1    1    1    1    1    1  0.00000E+00 0.00000 
    6    6    1    1    1    1    1    1    1    1  0.00000E+00 0.00000 
    7    7    1    1    1    1    1    1    1    1  0.00000E+00 0.00000 
    8    8    1    1    1    1    1    1    1    1  0.00000E+00 0.00000 
    9    9    1    1    1    1    1    1    1    1  5.95170E+07 0.68871 
   10   10    1    1    1    1    1    1    1    1  1.97658E+08 0.58282 
   11   11    1    1    1    1    1    1    1    1  0.00000E+00 0.00000 
   12   12    1    1    1    1    1    1    1    1  7.62386E+07 0.47888 
   13   13    1    1    1    1    1    1    1    1  7.45249E+08 0.43522 
   14   14    1    1    1    1    1    1    1    1  2.49735E+09 0.45732 
   15   15    1    1    1    1    1    1    1    1  3.70955E+09 0.50784 
   16   16    1    1    1    1    1    1    1    1  6.44217E+08 0.46660 
   17   17    1    1    1    1    1    1    1    1  1.78143E+09 0.20119 
   18   18    1    1    1    1    1    1    1    1  7.79117E+09 0.18813 
   19   19    1    1    1    1    1    1    1    1  7.70326E+09 0.17127 
   20   20    1    1    1    1    1    1    1    1  2.81679E+10 0.21990 
   21   21    1    1    1    1    1    1    1    1  1.40380E+10 0.21173 
   22   22    1    1    1    1    1    1    1    1  5.12136E+10 0.08600 
   23   23    1    1    1    1    1    1    1    1  7.57863E+10 0.09134 
   24   24    1    1    1    1    1    1    1    1  1.18896E+11 0.07826 
   25   25    1    1    1    1    1    1    1    1  1.45035E+11 0.05243 
   26   26    1    1    1    1    1    1    1    1  2.18028E+11 0.04592 
   27   27    1    1    1    1    1    1    1    1  3.57847E+11 0.03844 
   28   28    1    1    1    1    1    1    1    1  6.44437E+11 0.02616 
   29   29    1    1    1    1    1    1    1    1  9.23803E+11 0.03074 
   30   30    1    1    1    1    1    1    1    1  2.84549E+12 0.02044 
   31   31    1    1    1    1    1    1    1    1  8.97631E+12 0.01312 
   32   32    1    1    1    1    1    1    1    1  1.68480E+13 0.00934 
   33   33    1    1    1    1    1    1    1    1  3.77863E+13 0.00618 
   34   34    1    1    1    1    1    1    1    1  5.03509E+13 0.00443 
   35   35    1    1    1    1    1    1    1    1  7.25055E+13 0.00324 
   36   36    1    1    1    1    1    1    1    1  5.07907E+13 0.00279 
   37   37    1    1    1    1    1    1    1    1  1.61402E+13 0.00355 
   38   38    1    1    1    1    1    1    1    1  8.72533E+13 0.00395 
   39   39    1    1    1    1    1    1    1    1  1.16670E+14 0.00339 
   40   40    1    1    1    1    1    1    1    1  1.94930E+14 0.00333 
   41   41    1    1    1    1    1    1    1    1  2.03199E+14 0.00318 
   42   42    1    1    1    1    1    1    1    1  4.20219E+14 0.00260 
   43   43    1    1    1    1    1    1    1    1  5.04453E+14 0.00248 
   44   44    1    1    1    1    1    1    1    1  7.22158E+14 0.00248 
   45   45    1    1    1    1    1    1    1    1  1.38276E+15 0.00239 
   46   46    1    1    1    1    1    1    1    1  6.48242E+14 0.00259 
   47   47    1    1    1    1    1    1    1    1  1.05383E+15 0.00264 
   48   48    1    1    1    1    1    1    1    1  1.45696E+15 0.00273 
   49   49    1    1    1    1    1    1    1    1  1.44530E+15 0.00300 
   50   50    1    1    1    1    1    1    1    1  2.18925E+15 0.00290 
   51   51    1    1    1    1    1    1    1    1  1.77231E+15 0.00301 
   52   52    1    1    1    1    1    1    1    1  2.03658E+15 0.00293 
   53   53    1    1    1    1    1    1    1    1  1.41632E+15 0.00272 
   54   54    1    1    1    1    1    1    1    1  1.67673E+15 0.00264 
   55   55    1    1    1    1    1    1    1    1  1.15567E+15 0.00297 
   56   56    1    1    1    1    1    1    1    1  1.58211E+14 0.00342 
   57   57    1    1    1    1    1    1    1    1  2.29527E+15 0.00302 
   58   58    1    1    1    1    1    1    1    1  9.82119E+14 0.00322 
   59   59    1    1    1    1    1    1    1    1  1.04898E+15 0.00301 
   60   60    1    1    1    1    1    1    1    1  7.91280E+14 0.00302 
   61   61    1    1    1    1    1    1    1    1  7.97561E+14 0.00313 
   62   62    1    1    1    1    1    1    1    1  8.23330E+14 0.00297 
   63   63    1    1    1    1    1    1    1    1  6.85051E+14 0.00343 
   64   64    1    1    1    1    1    1    1    1  5.44873E+14 0.00337 
   65   65    1    1    1    1    1    1    1    1  5.37724E+14 0.00327 
   66   66    1    1    1    1    1    1    1    1  3.85077E+14 0.00358 
   67   67    1    1    1    1    1    1    1    1  3.15621E+14 0.00293 
   68   68    1    1    1    1    1    1    1    1  2.84442E+14 0.00313 
   69   69    1    1    1    1    1    1    1    1  3.40615E+14 0.00308 
   70   70    1    1    1    1    1    1    1    1  2.89978E+14 0.00272 
   71   71    1    1    1    1    1    1    1    1  5.38665E+14 0.00333 
   72   72    1    1    1    1    1    1    1    1  3.83205E+14 0.00394 
   73   73    1    1    1    1    1    1    1    1  2.85064E+14 0.00375 
   74   74    1    1    1    1    1    1    1    1  2.23670E+14 0.00416 
   75   75    1    1    1    1    1    1    1    1  1.82001E+14 0.00412 
   76   76    1    1    1    1    1    1    1    1  2.06129E+14 0.00482 
   77   77    1    1    1    1    1    1    1    1  1.59155E+14 0.00357 
   78   78    1    1    1    1    1    1    1    1  1.24757E+14 0.00323 
   79   79    1    1    1    1    1    1    1    1  1.27700E+14 0.00354 
   80   80    1    1    1    1    1    1    1    1  9.34082E+13 0.00437 
   81   81    1    1    1    1    1    1    1    1  7.15577E+13 0.00373 
   82   82    1    1    1    1    1    1    1    1  5.50533E+13 0.00499 
   83   83    1    1    1    1    1    1    1    1  5.12518E+13 0.00577 
   84   84    1    1    1    1    1    1    1    1  3.65753E+13 0.00654 
   85   85    1    1    1    1    1    1    1    1  2.63488E+13 0.00631 
   86   86    1    1    1    1    1    1    1    1  2.47864E+13 0.00613 
   87   87    1    1    1    1    1    1    1    1  1.54535E+13 0.00820 
   88   88    1    1    1    1    1    1    1    1  1.02999E+13 0.00826 
   89   89    1    1    1    1    1    1    1    1  5.88172E+12 0.01305 
   90   90    1    1    1    1    1    1    1    1  4.10522E+12 0.01824 
   91   91    1    1    1    1    1    1    1    1  1.99778E+12 0.02878 
   92   92    1    1    1    1    1    1    1    1  1.01418E+12 0.03570 
   93   93    1    1    1    1    1    1    1    1  4.78439E+11 0.03202 
   94   94    1    1    1    1    1    1    1    1  2.43467E+11 0.05082 
   95   95    1    1    1    1    1    1    1    1  1.10101E+11 0.07426 
   96   96    1    1    1    1    1    1    1    1  5.64551E+10 0.13449 
   97   97    1    1    1    1    1    1    1    1  2.26966E+10 0.18460 
   98   98    1    1    1    1    1    1    1    1  1.14134E+10 0.28661 
   99   99    1    1    1    1    1    1    1    1  6.30171E+09 0.32329 
  100  100    1    1    1    1    1    1    1    1  7.44530E+09 0.26165 
];


