
DETdpaspec = [
    1    1    1    1    1    1    1    1    1    1  0.00000E+00 0.00000 
    2    2    1    1    1    1    1    1    1    1  0.00000E+00 0.00000 
    3    3    1    1    1    1    1    1    1    1  0.00000E+00 0.00000 
    4    4    1    1    1    1    1    1    1    1  0.00000E+00 0.00000 
    5    5    1    1    1    1    1    1    1    1  0.00000E+00 0.00000 
    6    6    1    1    1    1    1    1    1    1  0.00000E+00 0.00000 
    7    7    1    1    1    1    1    1    1    1  0.00000E+00 0.00000 
    8    8    1    1    1    1    1    1    1    1  0.00000E+00 0.00000 
    9    9    1    1    1    1    1    1    1    1  1.77923E+07 1.00000 
   10   10    1    1    1    1    1    1    1    1  0.00000E+00 0.00000 
   11   11    1    1    1    1    1    1    1    1  2.33366E+08 0.46280 
   12   12    1    1    1    1    1    1    1    1  2.86088E+07 0.94050 
   13   13    1    1    1    1    1    1    1    1  1.87250E+08 0.74092 
   14   14    1    1    1    1    1    1    1    1  1.59351E+09 0.48074 
   15   15    1    1    1    1    1    1    1    1  4.15899E+09 0.38665 
   16   16    1    1    1    1    1    1    1    1  1.94213E+09 0.33701 
   17   17    1    1    1    1    1    1    1    1  2.35303E+09 0.32680 
   18   18    1    1    1    1    1    1    1    1  7.68969E+09 0.22838 
   19   19    1    1    1    1    1    1    1    1  7.07320E+09 0.20072 
   20   20    1    1    1    1    1    1    1    1  2.66272E+10 0.14752 
   21   21    1    1    1    1    1    1    1    1  2.37759E+10 0.12371 
   22   22    1    1    1    1    1    1    1    1  5.77455E+10 0.13105 
   23   23    1    1    1    1    1    1    1    1  6.89006E+10 0.08268 
   24   24    1    1    1    1    1    1    1    1  1.02702E+11 0.08004 
   25   25    1    1    1    1    1    1    1    1  1.28393E+11 0.07480 
   26   26    1    1    1    1    1    1    1    1  2.03657E+11 0.06417 
   27   27    1    1    1    1    1    1    1    1  3.46147E+11 0.03746 
   28   28    1    1    1    1    1    1    1    1  6.27703E+11 0.02924 
   29   29    1    1    1    1    1    1    1    1  9.30837E+11 0.01926 
   30   30    1    1    1    1    1    1    1    1  2.95570E+12 0.01167 
   31   31    1    1    1    1    1    1    1    1  9.07461E+12 0.01188 
   32   32    1    1    1    1    1    1    1    1  1.71674E+13 0.00727 
   33   33    1    1    1    1    1    1    1    1  3.84254E+13 0.00394 
   34   34    1    1    1    1    1    1    1    1  5.08997E+13 0.00468 
   35   35    1    1    1    1    1    1    1    1  7.35356E+13 0.00334 
   36   36    1    1    1    1    1    1    1    1  5.15386E+13 0.00360 
   37   37    1    1    1    1    1    1    1    1  1.63307E+13 0.00324 
   38   38    1    1    1    1    1    1    1    1  8.83345E+13 0.00352 
   39   39    1    1    1    1    1    1    1    1  1.18073E+14 0.00287 
   40   40    1    1    1    1    1    1    1    1  1.97621E+14 0.00348 
   41   41    1    1    1    1    1    1    1    1  2.06617E+14 0.00323 
   42   42    1    1    1    1    1    1    1    1  4.26611E+14 0.00250 
   43   43    1    1    1    1    1    1    1    1  5.12852E+14 0.00268 
   44   44    1    1    1    1    1    1    1    1  7.34689E+14 0.00240 
   45   45    1    1    1    1    1    1    1    1  1.40578E+15 0.00196 
   46   46    1    1    1    1    1    1    1    1  6.59787E+14 0.00226 
   47   47    1    1    1    1    1    1    1    1  1.07392E+15 0.00201 
   48   48    1    1    1    1    1    1    1    1  1.48381E+15 0.00205 
   49   49    1    1    1    1    1    1    1    1  1.47349E+15 0.00191 
   50   50    1    1    1    1    1    1    1    1  2.23139E+15 0.00197 
   51   51    1    1    1    1    1    1    1    1  1.80686E+15 0.00230 
   52   52    1    1    1    1    1    1    1    1  2.07448E+15 0.00231 
   53   53    1    1    1    1    1    1    1    1  1.44687E+15 0.00232 
   54   54    1    1    1    1    1    1    1    1  1.71419E+15 0.00240 
   55   55    1    1    1    1    1    1    1    1  1.18041E+15 0.00242 
   56   56    1    1    1    1    1    1    1    1  1.62393E+14 0.00269 
   57   57    1    1    1    1    1    1    1    1  2.34435E+15 0.00250 
   58   58    1    1    1    1    1    1    1    1  1.00291E+15 0.00247 
   59   59    1    1    1    1    1    1    1    1  1.07105E+15 0.00276 
   60   60    1    1    1    1    1    1    1    1  8.09982E+14 0.00279 
   61   61    1    1    1    1    1    1    1    1  8.15346E+14 0.00265 
   62   62    1    1    1    1    1    1    1    1  8.43791E+14 0.00265 
   63   63    1    1    1    1    1    1    1    1  7.01319E+14 0.00260 
   64   64    1    1    1    1    1    1    1    1  5.56854E+14 0.00272 
   65   65    1    1    1    1    1    1    1    1  5.51236E+14 0.00306 
   66   66    1    1    1    1    1    1    1    1  3.94405E+14 0.00305 
   67   67    1    1    1    1    1    1    1    1  3.23241E+14 0.00310 
   68   68    1    1    1    1    1    1    1    1  2.92486E+14 0.00264 
   69   69    1    1    1    1    1    1    1    1  3.50142E+14 0.00306 
   70   70    1    1    1    1    1    1    1    1  2.98470E+14 0.00288 
   71   71    1    1    1    1    1    1    1    1  5.53505E+14 0.00278 
   72   72    1    1    1    1    1    1    1    1  3.91577E+14 0.00272 
   73   73    1    1    1    1    1    1    1    1  2.91898E+14 0.00294 
   74   74    1    1    1    1    1    1    1    1  2.29758E+14 0.00369 
   75   75    1    1    1    1    1    1    1    1  1.87108E+14 0.00331 
   76   76    1    1    1    1    1    1    1    1  2.11001E+14 0.00272 
   77   77    1    1    1    1    1    1    1    1  1.63956E+14 0.00338 
   78   78    1    1    1    1    1    1    1    1  1.28415E+14 0.00453 
   79   79    1    1    1    1    1    1    1    1  1.30458E+14 0.00409 
   80   80    1    1    1    1    1    1    1    1  9.55321E+13 0.00376 
   81   81    1    1    1    1    1    1    1    1  7.30954E+13 0.00401 
   82   82    1    1    1    1    1    1    1    1  5.60748E+13 0.00409 
   83   83    1    1    1    1    1    1    1    1  5.22530E+13 0.00475 
   84   84    1    1    1    1    1    1    1    1  3.75179E+13 0.00741 
   85   85    1    1    1    1    1    1    1    1  2.71370E+13 0.00608 
   86   86    1    1    1    1    1    1    1    1  2.50751E+13 0.00603 
   87   87    1    1    1    1    1    1    1    1  1.56941E+13 0.00832 
   88   88    1    1    1    1    1    1    1    1  1.07103E+13 0.00746 
   89   89    1    1    1    1    1    1    1    1  6.17809E+12 0.00997 
   90   90    1    1    1    1    1    1    1    1  4.04367E+12 0.01286 
   91   91    1    1    1    1    1    1    1    1  1.97276E+12 0.01671 
   92   92    1    1    1    1    1    1    1    1  9.64908E+11 0.02639 
   93   93    1    1    1    1    1    1    1    1  4.65843E+11 0.03935 
   94   94    1    1    1    1    1    1    1    1  2.37230E+11 0.06271 
   95   95    1    1    1    1    1    1    1    1  1.14231E+11 0.08983 
   96   96    1    1    1    1    1    1    1    1  4.23135E+10 0.13840 
   97   97    1    1    1    1    1    1    1    1  2.64329E+10 0.15167 
   98   98    1    1    1    1    1    1    1    1  1.32891E+10 0.25017 
   99   99    1    1    1    1    1    1    1    1  5.86033E+09 0.35841 
  100  100    1    1    1    1    1    1    1    1  9.38207E+09 0.30750 
];


