
DETdpaspec = [
    1    1    1    1    1    1    1    1    1    1  0.00000E+00 0.00000 
    2    2    1    1    1    1    1    1    1    1  0.00000E+00 0.00000 
    3    3    1    1    1    1    1    1    1    1  0.00000E+00 0.00000 
    4    4    1    1    1    1    1    1    1    1  0.00000E+00 0.00000 
    5    5    1    1    1    1    1    1    1    1  0.00000E+00 0.00000 
    6    6    1    1    1    1    1    1    1    1  0.00000E+00 0.00000 
    7    7    1    1    1    1    1    1    1    1  0.00000E+00 0.00000 
    8    8    1    1    1    1    1    1    1    1  4.17901E+07 1.00000 
    9    9    1    1    1    1    1    1    1    1  0.00000E+00 0.00000 
   10   10    1    1    1    1    1    1    1    1  0.00000E+00 0.00000 
   11   11    1    1    1    1    1    1    1    1  4.61593E+08 1.00000 
   12   12    1    1    1    1    1    1    1    1  1.32860E+09 0.91620 
   13   13    1    1    1    1    1    1    1    1  4.63383E+09 0.57180 
   14   14    1    1    1    1    1    1    1    1  4.63954E+09 0.67668 
   15   15    1    1    1    1    1    1    1    1  4.16603E+09 0.44691 
   16   16    1    1    1    1    1    1    1    1  3.19668E+09 0.56363 
   17   17    1    1    1    1    1    1    1    1  1.62796E+09 0.72598 
   18   18    1    1    1    1    1    1    1    1  3.42187E+09 0.54645 
   19   19    1    1    1    1    1    1    1    1  9.03842E+09 0.37677 
   20   20    1    1    1    1    1    1    1    1  1.20999E+10 0.26014 
   21   21    1    1    1    1    1    1    1    1  2.85388E+10 0.13811 
   22   22    1    1    1    1    1    1    1    1  6.67990E+10 0.11096 
   23   23    1    1    1    1    1    1    1    1  2.78753E+11 0.06998 
   24   24    1    1    1    1    1    1    1    1  8.83061E+11 0.03685 
   25   25    1    1    1    1    1    1    1    1  1.53033E+12 0.03245 
   26   26    1    1    1    1    1    1    1    1  3.35821E+12 0.01515 
   27   27    1    1    1    1    1    1    1    1  6.98297E+12 0.01067 
   28   28    1    1    1    1    1    1    1    1  1.44278E+13 0.00811 
   29   29    1    1    1    1    1    1    1    1  2.34708E+13 0.00655 
   30   30    1    1    1    1    1    1    1    1  4.66963E+13 0.00451 
   31   31    1    1    1    1    1    1    1    1  1.00003E+14 0.00299 
   32   32    1    1    1    1    1    1    1    1  1.48825E+14 0.00196 
   33   33    1    1    1    1    1    1    1    1  2.99324E+14 0.00208 
   34   34    1    1    1    1    1    1    1    1  3.70945E+14 0.00153 
   35   35    1    1    1    1    1    1    1    1  3.78758E+14 0.00160 
   36   36    1    1    1    1    1    1    1    1  2.24513E+14 0.00179 
   37   37    1    1    1    1    1    1    1    1  6.53920E+13 0.00154 
   38   38    1    1    1    1    1    1    1    1  3.75957E+14 0.00138 
   39   39    1    1    1    1    1    1    1    1  4.97535E+14 0.00123 
   40   40    1    1    1    1    1    1    1    1  8.40057E+14 0.00125 
   41   41    1    1    1    1    1    1    1    1  8.04472E+14 0.00090 
   42   42    1    1    1    1    1    1    1    1  1.73227E+15 0.00083 
   43   43    1    1    1    1    1    1    1    1  2.05910E+15 0.00076 
   44   44    1    1    1    1    1    1    1    1  2.91584E+15 0.00072 
   45   45    1    1    1    1    1    1    1    1  5.64331E+15 0.00072 
   46   46    1    1    1    1    1    1    1    1  2.48996E+15 0.00070 
   47   47    1    1    1    1    1    1    1    1  3.93418E+15 0.00078 
   48   48    1    1    1    1    1    1    1    1  5.34794E+15 0.00084 
   49   49    1    1    1    1    1    1    1    1  5.18395E+15 0.00074 
   50   50    1    1    1    1    1    1    1    1  8.00779E+15 0.00076 
   51   51    1    1    1    1    1    1    1    1  6.11836E+15 0.00072 
   52   52    1    1    1    1    1    1    1    1  7.32936E+15 0.00078 
   53   53    1    1    1    1    1    1    1    1  4.96556E+15 0.00071 
   54   54    1    1    1    1    1    1    1    1  6.13138E+15 0.00069 
   55   55    1    1    1    1    1    1    1    1  4.15494E+15 0.00080 
   56   56    1    1    1    1    1    1    1    1  5.59088E+14 0.00104 
   57   57    1    1    1    1    1    1    1    1  8.14429E+15 0.00075 
   58   58    1    1    1    1    1    1    1    1  3.69466E+15 0.00088 
   59   59    1    1    1    1    1    1    1    1  3.86283E+15 0.00093 
   60   60    1    1    1    1    1    1    1    1  3.03940E+15 0.00090 
   61   61    1    1    1    1    1    1    1    1  3.01613E+15 0.00087 
   62   62    1    1    1    1    1    1    1    1  3.13279E+15 0.00079 
   63   63    1    1    1    1    1    1    1    1  2.62613E+15 0.00085 
   64   64    1    1    1    1    1    1    1    1  2.07454E+15 0.00102 
   65   65    1    1    1    1    1    1    1    1  2.04878E+15 0.00098 
   66   66    1    1    1    1    1    1    1    1  1.46463E+15 0.00105 
   67   67    1    1    1    1    1    1    1    1  1.17941E+15 0.00106 
   68   68    1    1    1    1    1    1    1    1  1.05026E+15 0.00137 
   69   69    1    1    1    1    1    1    1    1  1.25176E+15 0.00093 
   70   70    1    1    1    1    1    1    1    1  1.05364E+15 0.00118 
   71   71    1    1    1    1    1    1    1    1  1.86353E+15 0.00116 
   72   72    1    1    1    1    1    1    1    1  1.30082E+15 0.00108 
   73   73    1    1    1    1    1    1    1    1  9.75366E+14 0.00116 
   74   74    1    1    1    1    1    1    1    1  7.90255E+14 0.00150 
   75   75    1    1    1    1    1    1    1    1  6.63611E+14 0.00150 
   76   76    1    1    1    1    1    1    1    1  7.77447E+14 0.00111 
   77   77    1    1    1    1    1    1    1    1  6.21921E+14 0.00124 
   78   78    1    1    1    1    1    1    1    1  5.00103E+14 0.00124 
   79   79    1    1    1    1    1    1    1    1  5.17577E+14 0.00151 
   80   80    1    1    1    1    1    1    1    1  3.84709E+14 0.00137 
   81   81    1    1    1    1    1    1    1    1  2.96508E+14 0.00209 
   82   82    1    1    1    1    1    1    1    1  2.27228E+14 0.00137 
   83   83    1    1    1    1    1    1    1    1  2.12286E+14 0.00156 
   84   84    1    1    1    1    1    1    1    1  1.51444E+14 0.00289 
   85   85    1    1    1    1    1    1    1    1  1.10068E+14 0.00284 
   86   86    1    1    1    1    1    1    1    1  1.02256E+14 0.00427 
   87   87    1    1    1    1    1    1    1    1  6.17975E+13 0.00308 
   88   88    1    1    1    1    1    1    1    1  4.12593E+13 0.00383 
   89   89    1    1    1    1    1    1    1    1  2.31737E+13 0.00489 
   90   90    1    1    1    1    1    1    1    1  1.52872E+13 0.00670 
   91   91    1    1    1    1    1    1    1    1  7.78089E+12 0.00902 
   92   92    1    1    1    1    1    1    1    1  3.62165E+12 0.01372 
   93   93    1    1    1    1    1    1    1    1  1.79176E+12 0.01814 
   94   94    1    1    1    1    1    1    1    1  8.36485E+11 0.02823 
   95   95    1    1    1    1    1    1    1    1  3.83855E+11 0.05408 
   96   96    1    1    1    1    1    1    1    1  1.92415E+11 0.06986 
   97   97    1    1    1    1    1    1    1    1  7.79601E+10 0.09043 
   98   98    1    1    1    1    1    1    1    1  4.21426E+10 0.14879 
   99   99    1    1    1    1    1    1    1    1  2.48086E+10 0.23079 
  100  100    1    1    1    1    1    1    1    1  1.61091E+10 0.17108 
];


