
DETdpaspec = [
    1    1    1    1    1    1    1    1    1    1  0.00000E+00 0.00000 
    2    2    1    1    1    1    1    1    1    1  3.34826E+06 1.00000 
    3    3    1    1    1    1    1    1    1    1  0.00000E+00 0.00000 
    4    4    1    1    1    1    1    1    1    1  0.00000E+00 0.00000 
    5    5    1    1    1    1    1    1    1    1  0.00000E+00 0.00000 
    6    6    1    1    1    1    1    1    1    1  0.00000E+00 0.00000 
    7    7    1    1    1    1    1    1    1    1  0.00000E+00 0.00000 
    8    8    1    1    1    1    1    1    1    1  0.00000E+00 0.00000 
    9    9    1    1    1    1    1    1    1    1  0.00000E+00 0.00000 
   10   10    1    1    1    1    1    1    1    1  1.00845E+08 0.69456 
   11   11    1    1    1    1    1    1    1    1  1.15106E+08 1.00000 
   12   12    1    1    1    1    1    1    1    1  1.56497E+08 0.66043 
   13   13    1    1    1    1    1    1    1    1  2.53487E+09 0.43995 
   14   14    1    1    1    1    1    1    1    1  2.42971E+09 0.51364 
   15   15    1    1    1    1    1    1    1    1  4.94690E+09 0.33451 
   16   16    1    1    1    1    1    1    1    1  2.22864E+09 0.32941 
   17   17    1    1    1    1    1    1    1    1  2.64796E+09 0.23403 
   18   18    1    1    1    1    1    1    1    1  1.00730E+10 0.21445 
   19   19    1    1    1    1    1    1    1    1  1.16503E+10 0.18967 
   20   20    1    1    1    1    1    1    1    1  3.19521E+10 0.12832 
   21   21    1    1    1    1    1    1    1    1  3.16397E+10 0.09296 
   22   22    1    1    1    1    1    1    1    1  8.65044E+10 0.06419 
   23   23    1    1    1    1    1    1    1    1  1.08486E+11 0.07777 
   24   24    1    1    1    1    1    1    1    1  1.68713E+11 0.06078 
   25   25    1    1    1    1    1    1    1    1  2.06407E+11 0.04075 
   26   26    1    1    1    1    1    1    1    1  3.35935E+11 0.03371 
   27   27    1    1    1    1    1    1    1    1  6.38813E+11 0.02874 
   28   28    1    1    1    1    1    1    1    1  1.02805E+12 0.02449 
   29   29    1    1    1    1    1    1    1    1  1.35349E+12 0.01343 
   30   30    1    1    1    1    1    1    1    1  4.62044E+12 0.01079 
   31   31    1    1    1    1    1    1    1    1  1.31809E+13 0.01086 
   32   32    1    1    1    1    1    1    1    1  2.36039E+13 0.00846 
   33   33    1    1    1    1    1    1    1    1  4.83772E+13 0.00701 
   34   34    1    1    1    1    1    1    1    1  6.09234E+13 0.00601 
   35   35    1    1    1    1    1    1    1    1  9.08698E+13 0.00672 
   36   36    1    1    1    1    1    1    1    1  6.36122E+13 0.00624 
   37   37    1    1    1    1    1    1    1    1  2.05772E+13 0.00578 
   38   38    1    1    1    1    1    1    1    1  1.07371E+14 0.00586 
   39   39    1    1    1    1    1    1    1    1  1.42002E+14 0.00572 
   40   40    1    1    1    1    1    1    1    1  2.30299E+14 0.00597 
   41   41    1    1    1    1    1    1    1    1  2.43087E+14 0.00590 
   42   42    1    1    1    1    1    1    1    1  4.83017E+14 0.00579 
   43   43    1    1    1    1    1    1    1    1  5.71200E+14 0.00498 
   44   44    1    1    1    1    1    1    1    1  8.01571E+14 0.00519 
   45   45    1    1    1    1    1    1    1    1  1.49041E+15 0.00527 
   46   46    1    1    1    1    1    1    1    1  7.05684E+14 0.00520 
   47   47    1    1    1    1    1    1    1    1  1.14831E+15 0.00515 
   48   48    1    1    1    1    1    1    1    1  1.58147E+15 0.00501 
   49   49    1    1    1    1    1    1    1    1  1.57189E+15 0.00515 
   50   50    1    1    1    1    1    1    1    1  2.35811E+15 0.00533 
   51   51    1    1    1    1    1    1    1    1  1.94091E+15 0.00544 
   52   52    1    1    1    1    1    1    1    1  2.19148E+15 0.00544 
   53   53    1    1    1    1    1    1    1    1  1.54220E+15 0.00524 
   54   54    1    1    1    1    1    1    1    1  1.79774E+15 0.00542 
   55   55    1    1    1    1    1    1    1    1  1.25517E+15 0.00549 
   56   56    1    1    1    1    1    1    1    1  1.73679E+14 0.00530 
   57   57    1    1    1    1    1    1    1    1  2.49544E+15 0.00540 
   58   58    1    1    1    1    1    1    1    1  1.05126E+15 0.00560 
   59   59    1    1    1    1    1    1    1    1  1.13330E+15 0.00544 
   60   60    1    1    1    1    1    1    1    1  8.47185E+14 0.00561 
   61   61    1    1    1    1    1    1    1    1  8.58415E+14 0.00530 
   62   62    1    1    1    1    1    1    1    1  8.84545E+14 0.00515 
   63   63    1    1    1    1    1    1    1    1  7.33668E+14 0.00535 
   64   64    1    1    1    1    1    1    1    1  5.85471E+14 0.00583 
   65   65    1    1    1    1    1    1    1    1  5.78858E+14 0.00590 
   66   66    1    1    1    1    1    1    1    1  4.17425E+14 0.00575 
   67   67    1    1    1    1    1    1    1    1  3.44768E+14 0.00597 
   68   68    1    1    1    1    1    1    1    1  3.11579E+14 0.00618 
   69   69    1    1    1    1    1    1    1    1  3.73304E+14 0.00632 
   70   70    1    1    1    1    1    1    1    1  3.19854E+14 0.00602 
   71   71    1    1    1    1    1    1    1    1  6.04199E+14 0.00638 
   72   72    1    1    1    1    1    1    1    1  4.30697E+14 0.00570 
   73   73    1    1    1    1    1    1    1    1  3.20435E+14 0.00575 
   74   74    1    1    1    1    1    1    1    1  2.49744E+14 0.00694 
   75   75    1    1    1    1    1    1    1    1  1.98698E+14 0.00667 
   76   76    1    1    1    1    1    1    1    1  2.24181E+14 0.00685 
   77   77    1    1    1    1    1    1    1    1  1.71322E+14 0.00579 
   78   78    1    1    1    1    1    1    1    1  1.32451E+14 0.00666 
   79   79    1    1    1    1    1    1    1    1  1.34189E+14 0.00703 
   80   80    1    1    1    1    1    1    1    1  9.80157E+13 0.00623 
   81   81    1    1    1    1    1    1    1    1  7.45913E+13 0.00577 
   82   82    1    1    1    1    1    1    1    1  5.68109E+13 0.00616 
   83   83    1    1    1    1    1    1    1    1  5.29774E+13 0.00650 
   84   84    1    1    1    1    1    1    1    1  3.80905E+13 0.00649 
   85   85    1    1    1    1    1    1    1    1  2.72833E+13 0.00655 
   86   86    1    1    1    1    1    1    1    1  2.55345E+13 0.00717 
   87   87    1    1    1    1    1    1    1    1  1.60390E+13 0.00869 
   88   88    1    1    1    1    1    1    1    1  1.07474E+13 0.00839 
   89   89    1    1    1    1    1    1    1    1  6.23029E+12 0.01161 
   90   90    1    1    1    1    1    1    1    1  4.12140E+12 0.01679 
   91   91    1    1    1    1    1    1    1    1  2.12709E+12 0.02437 
   92   92    1    1    1    1    1    1    1    1  1.02457E+12 0.02632 
   93   93    1    1    1    1    1    1    1    1  4.81824E+11 0.03335 
   94   94    1    1    1    1    1    1    1    1  2.50650E+11 0.07239 
   95   95    1    1    1    1    1    1    1    1  1.16149E+11 0.08617 
   96   96    1    1    1    1    1    1    1    1  6.90029E+10 0.08812 
   97   97    1    1    1    1    1    1    1    1  3.10864E+10 0.13657 
   98   98    1    1    1    1    1    1    1    1  1.38586E+10 0.36371 
   99   99    1    1    1    1    1    1    1    1  5.97568E+09 0.39031 
  100  100    1    1    1    1    1    1    1    1  1.41243E+09 0.45884 
];


