
DETdpaspec = [
    1    1    1    1    1    1    1    1    1    1  0.00000E+00 0.00000 
    2    2    1    1    1    1    1    1    1    1  0.00000E+00 0.00000 
    3    3    1    1    1    1    1    1    1    1  0.00000E+00 0.00000 
    4    4    1    1    1    1    1    1    1    1  1.10992E+07 1.00000 
    5    5    1    1    1    1    1    1    1    1  0.00000E+00 0.00000 
    6    6    1    1    1    1    1    1    1    1  0.00000E+00 0.00000 
    7    7    1    1    1    1    1    1    1    1  0.00000E+00 0.00000 
    8    8    1    1    1    1    1    1    1    1  3.97030E+07 0.69151 
    9    9    1    1    1    1    1    1    1    1  4.52341E+07 0.57743 
   10   10    1    1    1    1    1    1    1    1  5.60229E+07 1.00000 
   11   11    1    1    1    1    1    1    1    1  0.00000E+00 0.00000 
   12   12    1    1    1    1    1    1    1    1  9.77937E+06 0.70479 
   13   13    1    1    1    1    1    1    1    1  1.35518E+09 0.73492 
   14   14    1    1    1    1    1    1    1    1  3.79861E+09 0.34534 
   15   15    1    1    1    1    1    1    1    1  4.59053E+09 0.43482 
   16   16    1    1    1    1    1    1    1    1  1.52426E+09 0.29171 
   17   17    1    1    1    1    1    1    1    1  3.13889E+09 0.30030 
   18   18    1    1    1    1    1    1    1    1  8.47915E+09 0.21909 
   19   19    1    1    1    1    1    1    1    1  7.17183E+09 0.20742 
   20   20    1    1    1    1    1    1    1    1  2.65719E+10 0.13760 
   21   21    1    1    1    1    1    1    1    1  2.22231E+10 0.12092 
   22   22    1    1    1    1    1    1    1    1  7.03515E+10 0.09643 
   23   23    1    1    1    1    1    1    1    1  8.63029E+10 0.06831 
   24   24    1    1    1    1    1    1    1    1  1.45762E+11 0.05217 
   25   25    1    1    1    1    1    1    1    1  1.74018E+11 0.05713 
   26   26    1    1    1    1    1    1    1    1  3.11019E+11 0.04768 
   27   27    1    1    1    1    1    1    1    1  5.18399E+11 0.04298 
   28   28    1    1    1    1    1    1    1    1  8.94157E+11 0.02864 
   29   29    1    1    1    1    1    1    1    1  1.26397E+12 0.01873 
   30   30    1    1    1    1    1    1    1    1  3.92906E+12 0.01094 
   31   31    1    1    1    1    1    1    1    1  1.21295E+13 0.00943 
   32   32    1    1    1    1    1    1    1    1  2.32644E+13 0.00627 
   33   33    1    1    1    1    1    1    1    1  5.27648E+13 0.00426 
   34   34    1    1    1    1    1    1    1    1  7.12847E+13 0.00333 
   35   35    1    1    1    1    1    1    1    1  1.01616E+14 0.00263 
   36   36    1    1    1    1    1    1    1    1  7.12440E+13 0.00302 
   37   37    1    1    1    1    1    1    1    1  2.25018E+13 0.00329 
   38   38    1    1    1    1    1    1    1    1  1.22772E+14 0.00265 
   39   39    1    1    1    1    1    1    1    1  1.65080E+14 0.00240 
   40   40    1    1    1    1    1    1    1    1  2.78004E+14 0.00190 
   41   41    1    1    1    1    1    1    1    1  2.88613E+14 0.00170 
   42   42    1    1    1    1    1    1    1    1  6.02622E+14 0.00165 
   43   43    1    1    1    1    1    1    1    1  7.27083E+14 0.00201 
   44   44    1    1    1    1    1    1    1    1  1.04706E+15 0.00173 
   45   45    1    1    1    1    1    1    1    1  2.02909E+15 0.00137 
   46   46    1    1    1    1    1    1    1    1  9.55738E+14 0.00131 
   47   47    1    1    1    1    1    1    1    1  1.55751E+15 0.00132 
   48   48    1    1    1    1    1    1    1    1  2.16383E+15 0.00133 
   49   49    1    1    1    1    1    1    1    1  2.15389E+15 0.00145 
   50   50    1    1    1    1    1    1    1    1  3.29235E+15 0.00154 
   51   51    1    1    1    1    1    1    1    1  2.66346E+15 0.00177 
   52   52    1    1    1    1    1    1    1    1  3.08628E+15 0.00168 
   53   53    1    1    1    1    1    1    1    1  2.15119E+15 0.00165 
   54   54    1    1    1    1    1    1    1    1  2.56605E+15 0.00197 
   55   55    1    1    1    1    1    1    1    1  1.77021E+15 0.00184 
   56   56    1    1    1    1    1    1    1    1  2.42473E+14 0.00214 
   57   57    1    1    1    1    1    1    1    1  3.52249E+15 0.00178 
   58   58    1    1    1    1    1    1    1    1  1.52057E+15 0.00203 
   59   59    1    1    1    1    1    1    1    1  1.62318E+15 0.00191 
   60   60    1    1    1    1    1    1    1    1  1.23459E+15 0.00191 
   61   61    1    1    1    1    1    1    1    1  1.24392E+15 0.00167 
   62   62    1    1    1    1    1    1    1    1  1.28980E+15 0.00179 
   63   63    1    1    1    1    1    1    1    1  1.07519E+15 0.00179 
   64   64    1    1    1    1    1    1    1    1  8.55749E+14 0.00208 
   65   65    1    1    1    1    1    1    1    1  8.46202E+14 0.00223 
   66   66    1    1    1    1    1    1    1    1  6.07183E+14 0.00224 
   67   67    1    1    1    1    1    1    1    1  4.98343E+14 0.00228 
   68   68    1    1    1    1    1    1    1    1  4.48844E+14 0.00248 
   69   69    1    1    1    1    1    1    1    1  5.37770E+14 0.00263 
   70   70    1    1    1    1    1    1    1    1  4.58431E+14 0.00243 
   71   71    1    1    1    1    1    1    1    1  8.49140E+14 0.00232 
   72   72    1    1    1    1    1    1    1    1  5.99426E+14 0.00208 
   73   73    1    1    1    1    1    1    1    1  4.48972E+14 0.00237 
   74   74    1    1    1    1    1    1    1    1  3.53943E+14 0.00287 
   75   75    1    1    1    1    1    1    1    1  2.88737E+14 0.00267 
   76   76    1    1    1    1    1    1    1    1  3.29892E+14 0.00236 
   77   77    1    1    1    1    1    1    1    1  2.56142E+14 0.00286 
   78   78    1    1    1    1    1    1    1    1  2.02530E+14 0.00288 
   79   79    1    1    1    1    1    1    1    1  2.06476E+14 0.00259 
   80   80    1    1    1    1    1    1    1    1  1.51623E+14 0.00359 
   81   81    1    1    1    1    1    1    1    1  1.15930E+14 0.00280 
   82   82    1    1    1    1    1    1    1    1  8.89745E+13 0.00293 
   83   83    1    1    1    1    1    1    1    1  8.29215E+13 0.00444 
   84   84    1    1    1    1    1    1    1    1  5.99513E+13 0.00346 
   85   85    1    1    1    1    1    1    1    1  4.30982E+13 0.00378 
   86   86    1    1    1    1    1    1    1    1  4.03646E+13 0.00617 
   87   87    1    1    1    1    1    1    1    1  2.49010E+13 0.00746 
   88   88    1    1    1    1    1    1    1    1  1.69042E+13 0.00484 
   89   89    1    1    1    1    1    1    1    1  9.75613E+12 0.00715 
   90   90    1    1    1    1    1    1    1    1  6.58690E+12 0.01514 
   91   91    1    1    1    1    1    1    1    1  3.20036E+12 0.01683 
   92   92    1    1    1    1    1    1    1    1  1.63051E+12 0.02681 
   93   93    1    1    1    1    1    1    1    1  7.73079E+11 0.02695 
   94   94    1    1    1    1    1    1    1    1  3.74702E+11 0.04389 
   95   95    1    1    1    1    1    1    1    1  1.87729E+11 0.06563 
   96   96    1    1    1    1    1    1    1    1  7.73865E+10 0.09460 
   97   97    1    1    1    1    1    1    1    1  4.32774E+10 0.15358 
   98   98    1    1    1    1    1    1    1    1  1.46051E+10 0.24030 
   99   99    1    1    1    1    1    1    1    1  1.02780E+10 0.28189 
  100  100    1    1    1    1    1    1    1    1  9.80122E+09 0.23874 
];


