
DETdpaspec = [
    1    1    1    1    1    1    1    1    1    1  0.00000E+00 0.00000 
    2    2    1    1    1    1    1    1    1    1  0.00000E+00 0.00000 
    3    3    1    1    1    1    1    1    1    1  0.00000E+00 0.00000 
    4    4    1    1    1    1    1    1    1    1  0.00000E+00 0.00000 
    5    5    1    1    1    1    1    1    1    1  0.00000E+00 0.00000 
    6    6    1    1    1    1    1    1    1    1  1.06492E+07 1.00000 
    7    7    1    1    1    1    1    1    1    1  0.00000E+00 0.00000 
    8    8    1    1    1    1    1    1    1    1  0.00000E+00 0.00000 
    9    9    1    1    1    1    1    1    1    1  2.68856E+07 1.00000 
   10   10    1    1    1    1    1    1    1    1  0.00000E+00 0.00000 
   11   11    1    1    1    1    1    1    1    1  1.01130E+08 1.00000 
   12   12    1    1    1    1    1    1    1    1  5.77659E+07 0.62362 
   13   13    1    1    1    1    1    1    1    1  7.74300E+08 0.56283 
   14   14    1    1    1    1    1    1    1    1  4.16473E+09 0.48147 
   15   15    1    1    1    1    1    1    1    1  3.69379E+09 0.47112 
   16   16    1    1    1    1    1    1    1    1  1.36067E+09 0.46157 
   17   17    1    1    1    1    1    1    1    1  2.85560E+09 0.24036 
   18   18    1    1    1    1    1    1    1    1  1.00286E+10 0.21270 
   19   19    1    1    1    1    1    1    1    1  9.62885E+09 0.22069 
   20   20    1    1    1    1    1    1    1    1  2.65729E+10 0.18827 
   21   21    1    1    1    1    1    1    1    1  1.57934E+10 0.14007 
   22   22    1    1    1    1    1    1    1    1  6.22723E+10 0.10481 
   23   23    1    1    1    1    1    1    1    1  8.75831E+10 0.06662 
   24   24    1    1    1    1    1    1    1    1  1.49313E+11 0.06589 
   25   25    1    1    1    1    1    1    1    1  1.76352E+11 0.05792 
   26   26    1    1    1    1    1    1    1    1  2.67960E+11 0.05257 
   27   27    1    1    1    1    1    1    1    1  4.37672E+11 0.04288 
   28   28    1    1    1    1    1    1    1    1  7.72506E+11 0.02704 
   29   29    1    1    1    1    1    1    1    1  1.12553E+12 0.02367 
   30   30    1    1    1    1    1    1    1    1  3.50483E+12 0.01684 
   31   31    1    1    1    1    1    1    1    1  1.10929E+13 0.01042 
   32   32    1    1    1    1    1    1    1    1  2.10810E+13 0.00760 
   33   33    1    1    1    1    1    1    1    1  4.80768E+13 0.00526 
   34   34    1    1    1    1    1    1    1    1  6.44541E+13 0.00365 
   35   35    1    1    1    1    1    1    1    1  9.27018E+13 0.00304 
   36   36    1    1    1    1    1    1    1    1  6.47601E+13 0.00318 
   37   37    1    1    1    1    1    1    1    1  2.04755E+13 0.00280 
   38   38    1    1    1    1    1    1    1    1  1.11616E+14 0.00222 
   39   39    1    1    1    1    1    1    1    1  1.49886E+14 0.00262 
   40   40    1    1    1    1    1    1    1    1  2.51707E+14 0.00234 
   41   41    1    1    1    1    1    1    1    1  2.61529E+14 0.00213 
   42   42    1    1    1    1    1    1    1    1  5.45242E+14 0.00160 
   43   43    1    1    1    1    1    1    1    1  6.57537E+14 0.00177 
   44   44    1    1    1    1    1    1    1    1  9.45391E+14 0.00176 
   45   45    1    1    1    1    1    1    1    1  1.82731E+15 0.00181 
   46   46    1    1    1    1    1    1    1    1  8.59398E+14 0.00179 
   47   47    1    1    1    1    1    1    1    1  1.39870E+15 0.00187 
   48   48    1    1    1    1    1    1    1    1  1.94210E+15 0.00184 
   49   49    1    1    1    1    1    1    1    1  1.92716E+15 0.00220 
   50   50    1    1    1    1    1    1    1    1  2.94195E+15 0.00199 
   51   51    1    1    1    1    1    1    1    1  2.38255E+15 0.00185 
   52   52    1    1    1    1    1    1    1    1  2.75217E+15 0.00190 
   53   53    1    1    1    1    1    1    1    1  1.91541E+15 0.00175 
   54   54    1    1    1    1    1    1    1    1  2.28174E+15 0.00191 
   55   55    1    1    1    1    1    1    1    1  1.57476E+15 0.00173 
   56   56    1    1    1    1    1    1    1    1  2.15715E+14 0.00240 
   57   57    1    1    1    1    1    1    1    1  3.12996E+15 0.00172 
   58   58    1    1    1    1    1    1    1    1  1.34649E+15 0.00181 
   59   59    1    1    1    1    1    1    1    1  1.43817E+15 0.00135 
   60   60    1    1    1    1    1    1    1    1  1.09185E+15 0.00186 
   61   61    1    1    1    1    1    1    1    1  1.09948E+15 0.00219 
   62   62    1    1    1    1    1    1    1    1  1.13995E+15 0.00229 
   63   63    1    1    1    1    1    1    1    1  9.49395E+14 0.00228 
   64   64    1    1    1    1    1    1    1    1  7.54963E+14 0.00203 
   65   65    1    1    1    1    1    1    1    1  7.47367E+14 0.00220 
   66   66    1    1    1    1    1    1    1    1  5.36169E+14 0.00251 
   67   67    1    1    1    1    1    1    1    1  4.38431E+14 0.00255 
   68   68    1    1    1    1    1    1    1    1  3.95429E+14 0.00223 
   69   69    1    1    1    1    1    1    1    1  4.74532E+14 0.00244 
   70   70    1    1    1    1    1    1    1    1  4.04848E+14 0.00227 
   71   71    1    1    1    1    1    1    1    1  7.46626E+14 0.00195 
   72   72    1    1    1    1    1    1    1    1  5.28422E+14 0.00268 
   73   73    1    1    1    1    1    1    1    1  3.95807E+14 0.00226 
   74   74    1    1    1    1    1    1    1    1  3.11620E+14 0.00302 
   75   75    1    1    1    1    1    1    1    1  2.55053E+14 0.00257 
   76   76    1    1    1    1    1    1    1    1  2.89005E+14 0.00283 
   77   77    1    1    1    1    1    1    1    1  2.24409E+14 0.00336 
   78   78    1    1    1    1    1    1    1    1  1.76607E+14 0.00269 
   79   79    1    1    1    1    1    1    1    1  1.80210E+14 0.00169 
   80   80    1    1    1    1    1    1    1    1  1.32711E+14 0.00361 
   81   81    1    1    1    1    1    1    1    1  1.01765E+14 0.00304 
   82   82    1    1    1    1    1    1    1    1  7.83020E+13 0.00449 
   83   83    1    1    1    1    1    1    1    1  7.27310E+13 0.00466 
   84   84    1    1    1    1    1    1    1    1  5.23391E+13 0.00422 
   85   85    1    1    1    1    1    1    1    1  3.77483E+13 0.00517 
   86   86    1    1    1    1    1    1    1    1  3.55874E+13 0.00526 
   87   87    1    1    1    1    1    1    1    1  2.18536E+13 0.00658 
   88   88    1    1    1    1    1    1    1    1  1.46797E+13 0.00804 
   89   89    1    1    1    1    1    1    1    1  8.40757E+12 0.00942 
   90   90    1    1    1    1    1    1    1    1  5.67484E+12 0.01304 
   91   91    1    1    1    1    1    1    1    1  2.81015E+12 0.01434 
   92   92    1    1    1    1    1    1    1    1  1.37160E+12 0.01986 
   93   93    1    1    1    1    1    1    1    1  6.46560E+11 0.03070 
   94   94    1    1    1    1    1    1    1    1  3.16207E+11 0.04301 
   95   95    1    1    1    1    1    1    1    1  1.53769E+11 0.09492 
   96   96    1    1    1    1    1    1    1    1  7.54117E+10 0.07089 
   97   97    1    1    1    1    1    1    1    1  3.33321E+10 0.12756 
   98   98    1    1    1    1    1    1    1    1  1.57781E+10 0.17282 
   99   99    1    1    1    1    1    1    1    1  8.76410E+09 0.27819 
  100  100    1    1    1    1    1    1    1    1  3.35642E+09 0.46490 
];


