
DETdpaspec = [
    1    1    1    1    1    1    1    1    1    1  0.00000E+00 0.00000 
    2    2    1    1    1    1    1    1    1    1  1.04490E+07 1.00000 
    3    3    1    1    1    1    1    1    1    1  0.00000E+00 0.00000 
    4    4    1    1    1    1    1    1    1    1  0.00000E+00 0.00000 
    5    5    1    1    1    1    1    1    1    1  0.00000E+00 0.00000 
    6    6    1    1    1    1    1    1    1    1  0.00000E+00 0.00000 
    7    7    1    1    1    1    1    1    1    1  0.00000E+00 0.00000 
    8    8    1    1    1    1    1    1    1    1  0.00000E+00 0.00000 
    9    9    1    1    1    1    1    1    1    1  0.00000E+00 0.00000 
   10   10    1    1    1    1    1    1    1    1  6.29043E+07 1.00000 
   11   11    1    1    1    1    1    1    1    1  7.56796E+07 1.00000 
   12   12    1    1    1    1    1    1    1    1  1.37873E+07 1.00000 
   13   13    1    1    1    1    1    1    1    1  6.15469E+08 0.53521 
   14   14    1    1    1    1    1    1    1    1  1.70561E+09 0.68644 
   15   15    1    1    1    1    1    1    1    1  2.17832E+09 0.41849 
   16   16    1    1    1    1    1    1    1    1  6.92936E+08 0.37212 
   17   17    1    1    1    1    1    1    1    1  1.76933E+09 0.32139 
   18   18    1    1    1    1    1    1    1    1  5.07688E+09 0.27597 
   19   19    1    1    1    1    1    1    1    1  6.90294E+09 0.19622 
   20   20    1    1    1    1    1    1    1    1  1.65302E+10 0.22693 
   21   21    1    1    1    1    1    1    1    1  1.64537E+10 0.12224 
   22   22    1    1    1    1    1    1    1    1  3.94495E+10 0.11070 
   23   23    1    1    1    1    1    1    1    1  5.34014E+10 0.14114 
   24   24    1    1    1    1    1    1    1    1  8.08379E+10 0.09230 
   25   25    1    1    1    1    1    1    1    1  1.04383E+11 0.08899 
   26   26    1    1    1    1    1    1    1    1  1.73569E+11 0.08865 
   27   27    1    1    1    1    1    1    1    1  3.13430E+11 0.04549 
   28   28    1    1    1    1    1    1    1    1  5.51542E+11 0.03210 
   29   29    1    1    1    1    1    1    1    1  7.54628E+11 0.03147 
   30   30    1    1    1    1    1    1    1    1  2.43577E+12 0.01943 
   31   31    1    1    1    1    1    1    1    1  7.42920E+12 0.01335 
   32   32    1    1    1    1    1    1    1    1  1.37321E+13 0.01064 
   33   33    1    1    1    1    1    1    1    1  2.99320E+13 0.00758 
   34   34    1    1    1    1    1    1    1    1  3.91786E+13 0.00529 
   35   35    1    1    1    1    1    1    1    1  5.70508E+13 0.00445 
   36   36    1    1    1    1    1    1    1    1  3.98611E+13 0.00464 
   37   37    1    1    1    1    1    1    1    1  1.27094E+13 0.00450 
   38   38    1    1    1    1    1    1    1    1  6.83176E+13 0.00403 
   39   39    1    1    1    1    1    1    1    1  9.13255E+13 0.00377 
   40   40    1    1    1    1    1    1    1    1  1.51895E+14 0.00362 
   41   41    1    1    1    1    1    1    1    1  1.59133E+14 0.00303 
   42   42    1    1    1    1    1    1    1    1  3.25622E+14 0.00278 
   43   43    1    1    1    1    1    1    1    1  3.88807E+14 0.00302 
   44   44    1    1    1    1    1    1    1    1  5.51939E+14 0.00265 
   45   45    1    1    1    1    1    1    1    1  1.04946E+15 0.00331 
   46   46    1    1    1    1    1    1    1    1  4.92422E+14 0.00295 
   47   47    1    1    1    1    1    1    1    1  8.00569E+14 0.00330 
   48   48    1    1    1    1    1    1    1    1  1.10252E+15 0.00325 
   49   49    1    1    1    1    1    1    1    1  1.09293E+15 0.00312 
   50   50    1    1    1    1    1    1    1    1  1.64757E+15 0.00326 
   51   51    1    1    1    1    1    1    1    1  1.33632E+15 0.00295 
   52   52    1    1    1    1    1    1    1    1  1.52437E+15 0.00295 
   53   53    1    1    1    1    1    1    1    1  1.05984E+15 0.00323 
   54   54    1    1    1    1    1    1    1    1  1.24726E+15 0.00322 
   55   55    1    1    1    1    1    1    1    1  8.61805E+14 0.00321 
   56   56    1    1    1    1    1    1    1    1  1.17880E+14 0.00366 
   57   57    1    1    1    1    1    1    1    1  1.70861E+15 0.00334 
   58   58    1    1    1    1    1    1    1    1  7.27244E+14 0.00380 
   59   59    1    1    1    1    1    1    1    1  7.77174E+14 0.00387 
   60   60    1    1    1    1    1    1    1    1  5.84100E+14 0.00370 
   61   61    1    1    1    1    1    1    1    1  5.88104E+14 0.00369 
   62   62    1    1    1    1    1    1    1    1  6.07059E+14 0.00377 
   63   63    1    1    1    1    1    1    1    1  5.03166E+14 0.00346 
   64   64    1    1    1    1    1    1    1    1  3.98855E+14 0.00434 
   65   65    1    1    1    1    1    1    1    1  3.94891E+14 0.00392 
   66   66    1    1    1    1    1    1    1    1  2.82043E+14 0.00378 
   67   67    1    1    1    1    1    1    1    1  2.32791E+14 0.00332 
   68   68    1    1    1    1    1    1    1    1  2.10361E+14 0.00324 
   69   69    1    1    1    1    1    1    1    1  2.51340E+14 0.00381 
   70   70    1    1    1    1    1    1    1    1  2.13582E+14 0.00341 
   71   71    1    1    1    1    1    1    1    1  3.98557E+14 0.00367 
   72   72    1    1    1    1    1    1    1    1  2.82003E+14 0.00424 
   73   73    1    1    1    1    1    1    1    1  2.10056E+14 0.00364 
   74   74    1    1    1    1    1    1    1    1  1.64979E+14 0.00487 
   75   75    1    1    1    1    1    1    1    1  1.33074E+14 0.00577 
   76   76    1    1    1    1    1    1    1    1  1.51540E+14 0.00376 
   77   77    1    1    1    1    1    1    1    1  1.16289E+14 0.00378 
   78   78    1    1    1    1    1    1    1    1  9.07657E+13 0.00397 
   79   79    1    1    1    1    1    1    1    1  9.23309E+13 0.00518 
   80   80    1    1    1    1    1    1    1    1  6.75046E+13 0.00425 
   81   81    1    1    1    1    1    1    1    1  5.18805E+13 0.00520 
   82   82    1    1    1    1    1    1    1    1  3.96378E+13 0.00512 
   83   83    1    1    1    1    1    1    1    1  3.71456E+13 0.00633 
   84   84    1    1    1    1    1    1    1    1  2.65054E+13 0.00723 
   85   85    1    1    1    1    1    1    1    1  1.93824E+13 0.00624 
   86   86    1    1    1    1    1    1    1    1  1.80267E+13 0.00750 
   87   87    1    1    1    1    1    1    1    1  1.09702E+13 0.00878 
   88   88    1    1    1    1    1    1    1    1  7.41637E+12 0.00969 
   89   89    1    1    1    1    1    1    1    1  4.39740E+12 0.01606 
   90   90    1    1    1    1    1    1    1    1  3.01854E+12 0.02362 
   91   91    1    1    1    1    1    1    1    1  1.48503E+12 0.02867 
   92   92    1    1    1    1    1    1    1    1  7.03648E+11 0.03152 
   93   93    1    1    1    1    1    1    1    1  3.54628E+11 0.05261 
   94   94    1    1    1    1    1    1    1    1  1.66613E+11 0.07171 
   95   95    1    1    1    1    1    1    1    1  8.60797E+10 0.08833 
   96   96    1    1    1    1    1    1    1    1  3.58286E+10 0.12873 
   97   97    1    1    1    1    1    1    1    1  1.23642E+10 0.21758 
   98   98    1    1    1    1    1    1    1    1  1.11446E+10 0.24575 
   99   99    1    1    1    1    1    1    1    1  2.24745E+09 0.73061 
  100  100    1    1    1    1    1    1    1    1  1.88115E+09 0.48960 
];


