
DETdpaspec = [
    1    1    1    1    1    1    1    1    1    1  0.00000E+00 0.00000 
    2    2    1    1    1    1    1    1    1    1  0.00000E+00 0.00000 
    3    3    1    1    1    1    1    1    1    1  0.00000E+00 0.00000 
    4    4    1    1    1    1    1    1    1    1  0.00000E+00 0.00000 
    5    5    1    1    1    1    1    1    1    1  1.00662E+07 1.00000 
    6    6    1    1    1    1    1    1    1    1  0.00000E+00 0.00000 
    7    7    1    1    1    1    1    1    1    1  0.00000E+00 0.00000 
    8    8    1    1    1    1    1    1    1    1  0.00000E+00 0.00000 
    9    9    1    1    1    1    1    1    1    1  3.46242E+07 0.71527 
   10   10    1    1    1    1    1    1    1    1  1.33078E+08 0.75203 
   11   11    1    1    1    1    1    1    1    1  1.51398E+08 0.73925 
   12   12    1    1    1    1    1    1    1    1  9.61739E+07 0.70278 
   13   13    1    1    1    1    1    1    1    1  9.89806E+08 0.48449 
   14   14    1    1    1    1    1    1    1    1  2.58828E+09 0.48567 
   15   15    1    1    1    1    1    1    1    1  5.16053E+09 0.37405 
   16   16    1    1    1    1    1    1    1    1  2.36919E+09 0.41359 
   17   17    1    1    1    1    1    1    1    1  1.61318E+09 0.33287 
   18   18    1    1    1    1    1    1    1    1  6.66010E+09 0.18254 
   19   19    1    1    1    1    1    1    1    1  1.05514E+10 0.17087 
   20   20    1    1    1    1    1    1    1    1  3.85505E+10 0.11832 
   21   21    1    1    1    1    1    1    1    1  2.83369E+10 0.13052 
   22   22    1    1    1    1    1    1    1    1  7.62868E+10 0.10326 
   23   23    1    1    1    1    1    1    1    1  1.01677E+11 0.07250 
   24   24    1    1    1    1    1    1    1    1  1.46994E+11 0.06566 
   25   25    1    1    1    1    1    1    1    1  1.79224E+11 0.06435 
   26   26    1    1    1    1    1    1    1    1  2.68955E+11 0.05024 
   27   27    1    1    1    1    1    1    1    1  4.82226E+11 0.03530 
   28   28    1    1    1    1    1    1    1    1  9.25002E+11 0.03102 
   29   29    1    1    1    1    1    1    1    1  1.27301E+12 0.02223 
   30   30    1    1    1    1    1    1    1    1  4.03716E+12 0.01478 
   31   31    1    1    1    1    1    1    1    1  1.25234E+13 0.00984 
   32   32    1    1    1    1    1    1    1    1  2.41458E+13 0.00549 
   33   33    1    1    1    1    1    1    1    1  5.54116E+13 0.00351 
   34   34    1    1    1    1    1    1    1    1  7.49104E+13 0.00276 
   35   35    1    1    1    1    1    1    1    1  1.06764E+14 0.00232 
   36   36    1    1    1    1    1    1    1    1  7.45138E+13 0.00197 
   37   37    1    1    1    1    1    1    1    1  2.34644E+13 0.00291 
   38   38    1    1    1    1    1    1    1    1  1.28407E+14 0.00176 
   39   39    1    1    1    1    1    1    1    1  1.72849E+14 0.00202 
   40   40    1    1    1    1    1    1    1    1  2.92193E+14 0.00191 
   41   41    1    1    1    1    1    1    1    1  3.03541E+14 0.00203 
   42   42    1    1    1    1    1    1    1    1  6.34962E+14 0.00175 
   43   43    1    1    1    1    1    1    1    1  7.67436E+14 0.00194 
   44   44    1    1    1    1    1    1    1    1  1.10550E+15 0.00179 
   45   45    1    1    1    1    1    1    1    1  2.15249E+15 0.00149 
   46   46    1    1    1    1    1    1    1    1  1.01390E+15 0.00133 
   47   47    1    1    1    1    1    1    1    1  1.64999E+15 0.00148 
   48   48    1    1    1    1    1    1    1    1  2.29479E+15 0.00152 
   49   49    1    1    1    1    1    1    1    1  2.28568E+15 0.00165 
   50   50    1    1    1    1    1    1    1    1  3.49686E+15 0.00160 
   51   51    1    1    1    1    1    1    1    1  2.82823E+15 0.00149 
   52   52    1    1    1    1    1    1    1    1  3.28533E+15 0.00157 
   53   53    1    1    1    1    1    1    1    1  2.28556E+15 0.00143 
   54   54    1    1    1    1    1    1    1    1  2.73344E+15 0.00146 
   55   55    1    1    1    1    1    1    1    1  1.88496E+15 0.00154 
   56   56    1    1    1    1    1    1    1    1  2.57937E+14 0.00204 
   57   57    1    1    1    1    1    1    1    1  3.74928E+15 0.00146 
   58   58    1    1    1    1    1    1    1    1  1.62396E+15 0.00159 
   59   59    1    1    1    1    1    1    1    1  1.73280E+15 0.00171 
   60   60    1    1    1    1    1    1    1    1  1.31983E+15 0.00147 
   61   61    1    1    1    1    1    1    1    1  1.32704E+15 0.00149 
   62   62    1    1    1    1    1    1    1    1  1.37789E+15 0.00163 
   63   63    1    1    1    1    1    1    1    1  1.15004E+15 0.00165 
   64   64    1    1    1    1    1    1    1    1  9.17283E+14 0.00205 
   65   65    1    1    1    1    1    1    1    1  9.05937E+14 0.00193 
   66   66    1    1    1    1    1    1    1    1  6.50419E+14 0.00203 
   67   67    1    1    1    1    1    1    1    1  5.32471E+14 0.00208 
   68   68    1    1    1    1    1    1    1    1  4.79731E+14 0.00200 
   69   69    1    1    1    1    1    1    1    1  5.76848E+14 0.00239 
   70   70    1    1    1    1    1    1    1    1  4.91233E+14 0.00232 
   71   71    1    1    1    1    1    1    1    1  9.03908E+14 0.00181 
   72   72    1    1    1    1    1    1    1    1  6.40213E+14 0.00216 
   73   73    1    1    1    1    1    1    1    1  4.79739E+14 0.00235 
   74   74    1    1    1    1    1    1    1    1  3.79799E+14 0.00206 
   75   75    1    1    1    1    1    1    1    1  3.10498E+14 0.00312 
   76   76    1    1    1    1    1    1    1    1  3.52840E+14 0.00256 
   77   77    1    1    1    1    1    1    1    1  2.74868E+14 0.00244 
   78   78    1    1    1    1    1    1    1    1  2.16260E+14 0.00293 
   79   79    1    1    1    1    1    1    1    1  2.21351E+14 0.00229 
   80   80    1    1    1    1    1    1    1    1  1.63213E+14 0.00307 
   81   81    1    1    1    1    1    1    1    1  1.25211E+14 0.00274 
   82   82    1    1    1    1    1    1    1    1  9.51798E+13 0.00417 
   83   83    1    1    1    1    1    1    1    1  8.92760E+13 0.00253 
   84   84    1    1    1    1    1    1    1    1  6.38389E+13 0.00449 
   85   85    1    1    1    1    1    1    1    1  4.61202E+13 0.00467 
   86   86    1    1    1    1    1    1    1    1  4.30929E+13 0.00509 
   87   87    1    1    1    1    1    1    1    1  2.68599E+13 0.00635 
   88   88    1    1    1    1    1    1    1    1  1.79315E+13 0.00729 
   89   89    1    1    1    1    1    1    1    1  1.03988E+13 0.01226 
   90   90    1    1    1    1    1    1    1    1  6.98363E+12 0.00995 
   91   91    1    1    1    1    1    1    1    1  3.42695E+12 0.01580 
   92   92    1    1    1    1    1    1    1    1  1.68255E+12 0.01640 
   93   93    1    1    1    1    1    1    1    1  8.48560E+11 0.02917 
   94   94    1    1    1    1    1    1    1    1  4.12474E+11 0.04439 
   95   95    1    1    1    1    1    1    1    1  1.99777E+11 0.08377 
   96   96    1    1    1    1    1    1    1    1  1.01033E+11 0.07227 
   97   97    1    1    1    1    1    1    1    1  4.94332E+10 0.09400 
   98   98    1    1    1    1    1    1    1    1  3.34540E+10 0.20426 
   99   99    1    1    1    1    1    1    1    1  8.45829E+09 0.28496 
  100  100    1    1    1    1    1    1    1    1  5.53562E+09 0.27045 
];


