
DETdpaspec = [
    1    1    1    1    1    1    1    1    1    1  0.00000E+00 0.00000 
    2    2    1    1    1    1    1    1    1    1  0.00000E+00 0.00000 
    3    3    1    1    1    1    1    1    1    1  0.00000E+00 0.00000 
    4    4    1    1    1    1    1    1    1    1  1.23091E+07 1.00000 
    5    5    1    1    1    1    1    1    1    1  0.00000E+00 0.00000 
    6    6    1    1    1    1    1    1    1    1  1.18646E+07 1.00000 
    7    7    1    1    1    1    1    1    1    1  0.00000E+00 0.00000 
    8    8    1    1    1    1    1    1    1    1  0.00000E+00 0.00000 
    9    9    1    1    1    1    1    1    1    1  0.00000E+00 0.00000 
   10   10    1    1    1    1    1    1    1    1  5.81155E+07 1.00000 
   11   11    1    1    1    1    1    1    1    1  2.94796E+08 0.84431 
   12   12    1    1    1    1    1    1    1    1  1.15463E+08 0.56003 
   13   13    1    1    1    1    1    1    1    1  1.82869E+09 0.46945 
   14   14    1    1    1    1    1    1    1    1  3.03937E+09 0.29073 
   15   15    1    1    1    1    1    1    1    1  7.39780E+09 0.32677 
   16   16    1    1    1    1    1    1    1    1  1.40071E+09 0.27280 
   17   17    1    1    1    1    1    1    1    1  3.90328E+09 0.23739 
   18   18    1    1    1    1    1    1    1    1  9.51601E+09 0.20673 
   19   19    1    1    1    1    1    1    1    1  1.28536E+10 0.19428 
   20   20    1    1    1    1    1    1    1    1  5.18930E+10 0.13181 
   21   21    1    1    1    1    1    1    1    1  3.02108E+10 0.14955 
   22   22    1    1    1    1    1    1    1    1  7.12553E+10 0.08596 
   23   23    1    1    1    1    1    1    1    1  1.08734E+11 0.05285 
   24   24    1    1    1    1    1    1    1    1  1.70787E+11 0.06374 
   25   25    1    1    1    1    1    1    1    1  2.00118E+11 0.04960 
   26   26    1    1    1    1    1    1    1    1  2.99672E+11 0.04857 
   27   27    1    1    1    1    1    1    1    1  5.43774E+11 0.02814 
   28   28    1    1    1    1    1    1    1    1  1.02128E+12 0.02099 
   29   29    1    1    1    1    1    1    1    1  1.49596E+12 0.01898 
   30   30    1    1    1    1    1    1    1    1  4.61190E+12 0.01355 
   31   31    1    1    1    1    1    1    1    1  1.46008E+13 0.01054 
   32   32    1    1    1    1    1    1    1    1  2.80387E+13 0.00618 
   33   33    1    1    1    1    1    1    1    1  6.47940E+13 0.00398 
   34   34    1    1    1    1    1    1    1    1  8.87341E+13 0.00391 
   35   35    1    1    1    1    1    1    1    1  1.24311E+14 0.00341 
   36   36    1    1    1    1    1    1    1    1  8.68398E+13 0.00245 
   37   37    1    1    1    1    1    1    1    1  2.72401E+13 0.00250 
   38   38    1    1    1    1    1    1    1    1  1.50028E+14 0.00226 
   39   39    1    1    1    1    1    1    1    1  2.02717E+14 0.00256 
   40   40    1    1    1    1    1    1    1    1  3.44092E+14 0.00198 
   41   41    1    1    1    1    1    1    1    1  3.55639E+14 0.00222 
   42   42    1    1    1    1    1    1    1    1  7.49624E+14 0.00178 
   43   43    1    1    1    1    1    1    1    1  9.09442E+14 0.00151 
   44   44    1    1    1    1    1    1    1    1  1.31684E+15 0.00119 
   45   45    1    1    1    1    1    1    1    1  2.58461E+15 0.00114 
   46   46    1    1    1    1    1    1    1    1  1.21773E+15 0.00149 
   47   47    1    1    1    1    1    1    1    1  1.98298E+15 0.00152 
   48   48    1    1    1    1    1    1    1    1  2.76746E+15 0.00152 
   49   49    1    1    1    1    1    1    1    1  2.75803E+15 0.00161 
   50   50    1    1    1    1    1    1    1    1  4.23967E+15 0.00135 
   51   51    1    1    1    1    1    1    1    1  3.42859E+15 0.00138 
   52   52    1    1    1    1    1    1    1    1  4.00281E+15 0.00133 
   53   53    1    1    1    1    1    1    1    1  2.79131E+15 0.00129 
   54   54    1    1    1    1    1    1    1    1  3.35641E+15 0.00139 
   55   55    1    1    1    1    1    1    1    1  2.31503E+15 0.00143 
   56   56    1    1    1    1    1    1    1    1  3.17140E+14 0.00146 
   57   57    1    1    1    1    1    1    1    1  4.60951E+15 0.00148 
   58   58    1    1    1    1    1    1    1    1  2.00616E+15 0.00156 
   59   59    1    1    1    1    1    1    1    1  2.14353E+15 0.00164 
   60   60    1    1    1    1    1    1    1    1  1.64120E+15 0.00158 
   61   61    1    1    1    1    1    1    1    1  1.64955E+15 0.00165 
   62   62    1    1    1    1    1    1    1    1  1.71370E+15 0.00171 
   63   63    1    1    1    1    1    1    1    1  1.43615E+15 0.00153 
   64   64    1    1    1    1    1    1    1    1  1.14044E+15 0.00153 
   65   65    1    1    1    1    1    1    1    1  1.13098E+15 0.00171 
   66   66    1    1    1    1    1    1    1    1  8.11771E+14 0.00175 
   67   67    1    1    1    1    1    1    1    1  6.65381E+14 0.00167 
   68   68    1    1    1    1    1    1    1    1  5.99631E+14 0.00173 
   69   69    1    1    1    1    1    1    1    1  7.20464E+14 0.00196 
   70   70    1    1    1    1    1    1    1    1  6.13190E+14 0.00147 
   71   71    1    1    1    1    1    1    1    1  1.12792E+15 0.00191 
   72   72    1    1    1    1    1    1    1    1  7.99669E+14 0.00189 
   73   73    1    1    1    1    1    1    1    1  5.99723E+14 0.00200 
   74   74    1    1    1    1    1    1    1    1  4.74682E+14 0.00211 
   75   75    1    1    1    1    1    1    1    1  3.90641E+14 0.00250 
   76   76    1    1    1    1    1    1    1    1  4.47199E+14 0.00217 
   77   77    1    1    1    1    1    1    1    1  3.47852E+14 0.00213 
   78   78    1    1    1    1    1    1    1    1  2.74964E+14 0.00208 
   79   79    1    1    1    1    1    1    1    1  2.81492E+14 0.00288 
   80   80    1    1    1    1    1    1    1    1  2.07645E+14 0.00274 
   81   81    1    1    1    1    1    1    1    1  1.58720E+14 0.00192 
   82   82    1    1    1    1    1    1    1    1  1.22034E+14 0.00263 
   83   83    1    1    1    1    1    1    1    1  1.14101E+14 0.00192 
   84   84    1    1    1    1    1    1    1    1  8.21120E+13 0.00330 
   85   85    1    1    1    1    1    1    1    1  5.88351E+13 0.00299 
   86   86    1    1    1    1    1    1    1    1  5.48800E+13 0.00470 
   87   87    1    1    1    1    1    1    1    1  3.42346E+13 0.00358 
   88   88    1    1    1    1    1    1    1    1  2.30185E+13 0.00785 
   89   89    1    1    1    1    1    1    1    1  1.34734E+13 0.00863 
   90   90    1    1    1    1    1    1    1    1  9.00027E+12 0.00770 
   91   91    1    1    1    1    1    1    1    1  4.43859E+12 0.01018 
   92   92    1    1    1    1    1    1    1    1  2.16745E+12 0.01603 
   93   93    1    1    1    1    1    1    1    1  1.02724E+12 0.02428 
   94   94    1    1    1    1    1    1    1    1  5.02376E+11 0.04674 
   95   95    1    1    1    1    1    1    1    1  2.26189E+11 0.04745 
   96   96    1    1    1    1    1    1    1    1  1.17005E+11 0.09878 
   97   97    1    1    1    1    1    1    1    1  4.85557E+10 0.16861 
   98   98    1    1    1    1    1    1    1    1  2.10530E+10 0.21486 
   99   99    1    1    1    1    1    1    1    1  5.92950E+09 0.23091 
  100  100    1    1    1    1    1    1    1    1  1.05018E+10 0.28141 
];


