
DETdpaspec = [
    1    1    1    1    1    1    1    1    1    1  0.00000E+00 0.00000 
    2    2    1    1    1    1    1    1    1    1  0.00000E+00 0.00000 
    3    3    1    1    1    1    1    1    1    1  0.00000E+00 0.00000 
    4    4    1    1    1    1    1    1    1    1  0.00000E+00 0.00000 
    5    5    1    1    1    1    1    1    1    1  1.17067E+07 1.00000 
    6    6    1    1    1    1    1    1    1    1  1.00167E+07 1.00000 
    7    7    1    1    1    1    1    1    1    1  3.54363E+07 0.68842 
    8    8    1    1    1    1    1    1    1    1  0.00000E+00 0.00000 
    9    9    1    1    1    1    1    1    1    1  0.00000E+00 0.00000 
   10   10    1    1    1    1    1    1    1    1  0.00000E+00 0.00000 
   11   11    1    1    1    1    1    1    1    1  6.56571E+07 1.00000 
   12   12    1    1    1    1    1    1    1    1  8.28536E+07 0.54631 
   13   13    1    1    1    1    1    1    1    1  1.69009E+09 0.61357 
   14   14    1    1    1    1    1    1    1    1  2.94412E+09 0.33781 
   15   15    1    1    1    1    1    1    1    1  1.62033E+09 0.53919 
   16   16    1    1    1    1    1    1    1    1  1.92972E+09 0.44287 
   17   17    1    1    1    1    1    1    1    1  3.35032E+09 0.27034 
   18   18    1    1    1    1    1    1    1    1  1.43148E+10 0.16581 
   19   19    1    1    1    1    1    1    1    1  1.40815E+10 0.18561 
   20   20    1    1    1    1    1    1    1    1  3.72415E+10 0.14671 
   21   21    1    1    1    1    1    1    1    1  2.82862E+10 0.09820 
   22   22    1    1    1    1    1    1    1    1  7.03919E+10 0.08918 
   23   23    1    1    1    1    1    1    1    1  1.10285E+11 0.07691 
   24   24    1    1    1    1    1    1    1    1  1.65435E+11 0.07566 
   25   25    1    1    1    1    1    1    1    1  1.79315E+11 0.06753 
   26   26    1    1    1    1    1    1    1    1  2.87107E+11 0.04822 
   27   27    1    1    1    1    1    1    1    1  5.30182E+11 0.03521 
   28   28    1    1    1    1    1    1    1    1  9.57206E+11 0.03614 
   29   29    1    1    1    1    1    1    1    1  1.44754E+12 0.02635 
   30   30    1    1    1    1    1    1    1    1  4.43624E+12 0.01310 
   31   31    1    1    1    1    1    1    1    1  1.40786E+13 0.00735 
   32   32    1    1    1    1    1    1    1    1  2.66774E+13 0.00675 
   33   33    1    1    1    1    1    1    1    1  6.16069E+13 0.00301 
   34   34    1    1    1    1    1    1    1    1  8.40595E+13 0.00301 
   35   35    1    1    1    1    1    1    1    1  1.19215E+14 0.00214 
   36   36    1    1    1    1    1    1    1    1  8.31226E+13 0.00267 
   37   37    1    1    1    1    1    1    1    1  2.60813E+13 0.00248 
   38   38    1    1    1    1    1    1    1    1  1.43367E+14 0.00216 
   39   39    1    1    1    1    1    1    1    1  1.92737E+14 0.00208 
   40   40    1    1    1    1    1    1    1    1  3.27346E+14 0.00140 
   41   41    1    1    1    1    1    1    1    1  3.39083E+14 0.00169 
   42   42    1    1    1    1    1    1    1    1  7.13286E+14 0.00145 
   43   43    1    1    1    1    1    1    1    1  8.64395E+14 0.00153 
   44   44    1    1    1    1    1    1    1    1  1.24813E+15 0.00109 
   45   45    1    1    1    1    1    1    1    1  2.44815E+15 0.00113 
   46   46    1    1    1    1    1    1    1    1  1.15209E+15 0.00142 
   47   47    1    1    1    1    1    1    1    1  1.87570E+15 0.00145 
   48   48    1    1    1    1    1    1    1    1  2.61292E+15 0.00134 
   49   49    1    1    1    1    1    1    1    1  2.60411E+15 0.00119 
   50   50    1    1    1    1    1    1    1    1  4.00172E+15 0.00124 
   51   51    1    1    1    1    1    1    1    1  3.23505E+15 0.00120 
   52   52    1    1    1    1    1    1    1    1  3.77338E+15 0.00115 
   53   53    1    1    1    1    1    1    1    1  2.62971E+15 0.00134 
   54   54    1    1    1    1    1    1    1    1  3.15517E+15 0.00121 
   55   55    1    1    1    1    1    1    1    1  2.17649E+15 0.00123 
   56   56    1    1    1    1    1    1    1    1  2.97411E+14 0.00140 
   57   57    1    1    1    1    1    1    1    1  4.33735E+15 0.00119 
   58   58    1    1    1    1    1    1    1    1  1.88236E+15 0.00133 
   59   59    1    1    1    1    1    1    1    1  2.01110E+15 0.00150 
   60   60    1    1    1    1    1    1    1    1  1.53660E+15 0.00137 
   61   61    1    1    1    1    1    1    1    1  1.54358E+15 0.00134 
   62   62    1    1    1    1    1    1    1    1  1.60427E+15 0.00110 
   63   63    1    1    1    1    1    1    1    1  1.34312E+15 0.00108 
   64   64    1    1    1    1    1    1    1    1  1.06855E+15 0.00128 
   65   65    1    1    1    1    1    1    1    1  1.05746E+15 0.00138 
   66   66    1    1    1    1    1    1    1    1  7.60015E+14 0.00159 
   67   67    1    1    1    1    1    1    1    1  6.22892E+14 0.00153 
   68   68    1    1    1    1    1    1    1    1  5.60971E+14 0.00191 
   69   69    1    1    1    1    1    1    1    1  6.72212E+14 0.00163 
   70   70    1    1    1    1    1    1    1    1  5.73059E+14 0.00172 
   71   71    1    1    1    1    1    1    1    1  1.05602E+15 0.00172 
   72   72    1    1    1    1    1    1    1    1  7.50230E+14 0.00164 
   73   73    1    1    1    1    1    1    1    1  5.61840E+14 0.00142 
   74   74    1    1    1    1    1    1    1    1  4.44997E+14 0.00168 
   75   75    1    1    1    1    1    1    1    1  3.63365E+14 0.00176 
   76   76    1    1    1    1    1    1    1    1  4.16160E+14 0.00176 
   77   77    1    1    1    1    1    1    1    1  3.24148E+14 0.00246 
   78   78    1    1    1    1    1    1    1    1  2.55364E+14 0.00272 
   79   79    1    1    1    1    1    1    1    1  2.62156E+14 0.00187 
   80   80    1    1    1    1    1    1    1    1  1.93840E+14 0.00240 
   81   81    1    1    1    1    1    1    1    1  1.47753E+14 0.00199 
   82   82    1    1    1    1    1    1    1    1  1.13438E+14 0.00278 
   83   83    1    1    1    1    1    1    1    1  1.06215E+14 0.00428 
   84   84    1    1    1    1    1    1    1    1  7.61884E+13 0.00298 
   85   85    1    1    1    1    1    1    1    1  5.52796E+13 0.00347 
   86   86    1    1    1    1    1    1    1    1  5.19520E+13 0.00366 
   87   87    1    1    1    1    1    1    1    1  3.19104E+13 0.00671 
   88   88    1    1    1    1    1    1    1    1  2.17157E+13 0.00700 
   89   89    1    1    1    1    1    1    1    1  1.23408E+13 0.00881 
   90   90    1    1    1    1    1    1    1    1  8.32893E+12 0.01099 
   91   91    1    1    1    1    1    1    1    1  4.19171E+12 0.01258 
   92   92    1    1    1    1    1    1    1    1  2.07708E+12 0.01975 
   93   93    1    1    1    1    1    1    1    1  1.01676E+12 0.02307 
   94   94    1    1    1    1    1    1    1    1  4.82387E+11 0.03851 
   95   95    1    1    1    1    1    1    1    1  2.23191E+11 0.05383 
   96   96    1    1    1    1    1    1    1    1  1.09471E+11 0.09880 
   97   97    1    1    1    1    1    1    1    1  4.69042E+10 0.14182 
   98   98    1    1    1    1    1    1    1    1  2.31897E+10 0.16512 
   99   99    1    1    1    1    1    1    1    1  1.40576E+10 0.25864 
  100  100    1    1    1    1    1    1    1    1  5.57295E+09 0.28829 
];


