
DETdpaspec = [
    1    1    1    1    1    1    1    1    1    1  0.00000E+00 0.00000 
    2    2    1    1    1    1    1    1    1    1  0.00000E+00 0.00000 
    3    3    1    1    1    1    1    1    1    1  0.00000E+00 0.00000 
    4    4    1    1    1    1    1    1    1    1  0.00000E+00 0.00000 
    5    5    1    1    1    1    1    1    1    1  1.05010E+07 1.00000 
    6    6    1    1    1    1    1    1    1    1  0.00000E+00 0.00000 
    7    7    1    1    1    1    1    1    1    1  0.00000E+00 0.00000 
    8    8    1    1    1    1    1    1    1    1  1.80353E+07 1.00000 
    9    9    1    1    1    1    1    1    1    1  1.32262E+07 1.00000 
   10   10    1    1    1    1    1    1    1    1  5.76277E+07 1.00000 
   11   11    1    1    1    1    1    1    1    1  5.46833E+07 1.00000 
   12   12    1    1    1    1    1    1    1    1  1.68874E+06 1.00000 
   13   13    1    1    1    1    1    1    1    1  1.01845E+09 0.51185 
   14   14    1    1    1    1    1    1    1    1  3.12102E+09 0.42737 
   15   15    1    1    1    1    1    1    1    1  2.33904E+09 0.63708 
   16   16    1    1    1    1    1    1    1    1  1.25583E+09 0.34018 
   17   17    1    1    1    1    1    1    1    1  1.61815E+09 0.26695 
   18   18    1    1    1    1    1    1    1    1  3.90763E+09 0.25768 
   19   19    1    1    1    1    1    1    1    1  6.53189E+09 0.20953 
   20   20    1    1    1    1    1    1    1    1  3.30474E+10 0.17046 
   21   21    1    1    1    1    1    1    1    1  2.02155E+10 0.15779 
   22   22    1    1    1    1    1    1    1    1  4.11038E+10 0.11580 
   23   23    1    1    1    1    1    1    1    1  6.56455E+10 0.10390 
   24   24    1    1    1    1    1    1    1    1  1.08634E+11 0.06609 
   25   25    1    1    1    1    1    1    1    1  1.28258E+11 0.08756 
   26   26    1    1    1    1    1    1    1    1  2.09451E+11 0.06114 
   27   27    1    1    1    1    1    1    1    1  3.63499E+11 0.03935 
   28   28    1    1    1    1    1    1    1    1  6.55915E+11 0.03083 
   29   29    1    1    1    1    1    1    1    1  8.51301E+11 0.02728 
   30   30    1    1    1    1    1    1    1    1  2.79214E+12 0.02212 
   31   31    1    1    1    1    1    1    1    1  8.63749E+12 0.01462 
   32   32    1    1    1    1    1    1    1    1  1.60090E+13 0.00939 
   33   33    1    1    1    1    1    1    1    1  3.55084E+13 0.00656 
   34   34    1    1    1    1    1    1    1    1  4.72327E+13 0.00394 
   35   35    1    1    1    1    1    1    1    1  6.81415E+13 0.00368 
   36   36    1    1    1    1    1    1    1    1  4.78918E+13 0.00311 
   37   37    1    1    1    1    1    1    1    1  1.52296E+13 0.00414 
   38   38    1    1    1    1    1    1    1    1  8.22362E+13 0.00332 
   39   39    1    1    1    1    1    1    1    1  1.10008E+14 0.00285 
   40   40    1    1    1    1    1    1    1    1  1.83130E+14 0.00332 
   41   41    1    1    1    1    1    1    1    1  1.91734E+14 0.00338 
   42   42    1    1    1    1    1    1    1    1  3.94571E+14 0.00297 
   43   43    1    1    1    1    1    1    1    1  4.72217E+14 0.00275 
   44   44    1    1    1    1    1    1    1    1  6.72672E+14 0.00263 
   45   45    1    1    1    1    1    1    1    1  1.28525E+15 0.00305 
   46   46    1    1    1    1    1    1    1    1  6.04032E+14 0.00299 
   47   47    1    1    1    1    1    1    1    1  9.82719E+14 0.00252 
   48   48    1    1    1    1    1    1    1    1  1.35774E+15 0.00256 
   49   49    1    1    1    1    1    1    1    1  1.34714E+15 0.00229 
   50   50    1    1    1    1    1    1    1    1  2.03658E+15 0.00222 
   51   51    1    1    1    1    1    1    1    1  1.64939E+15 0.00246 
   52   52    1    1    1    1    1    1    1    1  1.88946E+15 0.00264 
   53   53    1    1    1    1    1    1    1    1  1.31413E+15 0.00262 
   54   54    1    1    1    1    1    1    1    1  1.55418E+15 0.00238 
   55   55    1    1    1    1    1    1    1    1  1.07265E+15 0.00254 
   56   56    1    1    1    1    1    1    1    1  1.47296E+14 0.00344 
   57   57    1    1    1    1    1    1    1    1  2.13010E+15 0.00300 
   58   58    1    1    1    1    1    1    1    1  9.09445E+14 0.00250 
   59   59    1    1    1    1    1    1    1    1  9.70562E+14 0.00311 
   60   60    1    1    1    1    1    1    1    1  7.31705E+14 0.00297 
   61   61    1    1    1    1    1    1    1    1  7.36179E+14 0.00303 
   62   62    1    1    1    1    1    1    1    1  7.60996E+14 0.00309 
   63   63    1    1    1    1    1    1    1    1  6.32858E+14 0.00329 
   64   64    1    1    1    1    1    1    1    1  5.02368E+14 0.00292 
   65   65    1    1    1    1    1    1    1    1  4.95994E+14 0.00305 
   66   66    1    1    1    1    1    1    1    1  3.55548E+14 0.00292 
   67   67    1    1    1    1    1    1    1    1  2.92768E+14 0.00296 
   68   68    1    1    1    1    1    1    1    1  2.63826E+14 0.00376 
   69   69    1    1    1    1    1    1    1    1  3.15858E+14 0.00275 
   70   70    1    1    1    1    1    1    1    1  2.68765E+14 0.00354 
   71   71    1    1    1    1    1    1    1    1  4.97621E+14 0.00312 
   72   72    1    1    1    1    1    1    1    1  3.53429E+14 0.00410 
   73   73    1    1    1    1    1    1    1    1  2.64522E+14 0.00346 
   74   74    1    1    1    1    1    1    1    1  2.07538E+14 0.00362 
   75   75    1    1    1    1    1    1    1    1  1.68604E+14 0.00276 
   76   76    1    1    1    1    1    1    1    1  1.90352E+14 0.00324 
   77   77    1    1    1    1    1    1    1    1  1.47217E+14 0.00376 
   78   78    1    1    1    1    1    1    1    1  1.15437E+14 0.00355 
   79   79    1    1    1    1    1    1    1    1  1.17897E+14 0.00314 
   80   80    1    1    1    1    1    1    1    1  8.65522E+13 0.00416 
   81   81    1    1    1    1    1    1    1    1  6.56705E+13 0.00527 
   82   82    1    1    1    1    1    1    1    1  5.03279E+13 0.00469 
   83   83    1    1    1    1    1    1    1    1  4.74038E+13 0.00487 
   84   84    1    1    1    1    1    1    1    1  3.39155E+13 0.00441 
   85   85    1    1    1    1    1    1    1    1  2.47546E+13 0.00479 
   86   86    1    1    1    1    1    1    1    1  2.27392E+13 0.00614 
   87   87    1    1    1    1    1    1    1    1  1.40039E+13 0.00753 
   88   88    1    1    1    1    1    1    1    1  9.78691E+12 0.00972 
   89   89    1    1    1    1    1    1    1    1  5.53806E+12 0.01341 
   90   90    1    1    1    1    1    1    1    1  3.61527E+12 0.01173 
   91   91    1    1    1    1    1    1    1    1  1.84984E+12 0.02097 
   92   92    1    1    1    1    1    1    1    1  9.00677E+11 0.03412 
   93   93    1    1    1    1    1    1    1    1  4.57218E+11 0.04223 
   94   94    1    1    1    1    1    1    1    1  2.09399E+11 0.05362 
   95   95    1    1    1    1    1    1    1    1  9.70014E+10 0.09787 
   96   96    1    1    1    1    1    1    1    1  4.92880E+10 0.10582 
   97   97    1    1    1    1    1    1    1    1  2.80150E+10 0.18263 
   98   98    1    1    1    1    1    1    1    1  1.51194E+10 0.22970 
   99   99    1    1    1    1    1    1    1    1  5.62379E+09 0.38462 
  100  100    1    1    1    1    1    1    1    1  7.12812E+09 0.38348 
];


