
DETdpaspec = [
    1    1    1    1    1    1    1    1    1    1  0.00000E+00 0.00000 
    2    2    1    1    1    1    1    1    1    1  0.00000E+00 0.00000 
    3    3    1    1    1    1    1    1    1    1  0.00000E+00 0.00000 
    4    4    1    1    1    1    1    1    1    1  0.00000E+00 0.00000 
    5    5    1    1    1    1    1    1    1    1  0.00000E+00 0.00000 
    6    6    1    1    1    1    1    1    1    1  0.00000E+00 0.00000 
    7    7    1    1    1    1    1    1    1    1  0.00000E+00 0.00000 
    8    8    1    1    1    1    1    1    1    1  0.00000E+00 0.00000 
    9    9    1    1    1    1    1    1    1    1  2.10088E+07 1.00000 
   10   10    1    1    1    1    1    1    1    1  5.34846E+07 1.00000 
   11   11    1    1    1    1    1    1    1    1  0.00000E+00 0.00000 
   12   12    1    1    1    1    1    1    1    1  2.55373E+08 0.27157 
   13   13    1    1    1    1    1    1    1    1  2.05950E+09 0.35652 
   14   14    1    1    1    1    1    1    1    1  1.30851E+09 0.67149 
   15   15    1    1    1    1    1    1    1    1  5.10191E+09 0.28048 
   16   16    1    1    1    1    1    1    1    1  1.31198E+09 0.29144 
   17   17    1    1    1    1    1    1    1    1  2.23009E+09 0.31541 
   18   18    1    1    1    1    1    1    1    1  7.32489E+09 0.26480 
   19   19    1    1    1    1    1    1    1    1  1.05083E+10 0.18039 
   20   20    1    1    1    1    1    1    1    1  3.23965E+10 0.14746 
   21   21    1    1    1    1    1    1    1    1  2.73555E+10 0.12858 
   22   22    1    1    1    1    1    1    1    1  7.50775E+10 0.08208 
   23   23    1    1    1    1    1    1    1    1  9.35996E+10 0.07780 
   24   24    1    1    1    1    1    1    1    1  1.45754E+11 0.06217 
   25   25    1    1    1    1    1    1    1    1  2.08695E+11 0.04547 
   26   26    1    1    1    1    1    1    1    1  2.99527E+11 0.04119 
   27   27    1    1    1    1    1    1    1    1  5.13916E+11 0.02488 
   28   28    1    1    1    1    1    1    1    1  8.82070E+11 0.03002 
   29   29    1    1    1    1    1    1    1    1  1.22841E+12 0.02463 
   30   30    1    1    1    1    1    1    1    1  3.87267E+12 0.01948 
   31   31    1    1    1    1    1    1    1    1  1.19267E+13 0.00825 
   32   32    1    1    1    1    1    1    1    1  2.30194E+13 0.00638 
   33   33    1    1    1    1    1    1    1    1  5.27364E+13 0.00461 
   34   34    1    1    1    1    1    1    1    1  7.12205E+13 0.00299 
   35   35    1    1    1    1    1    1    1    1  1.01565E+14 0.00239 
   36   36    1    1    1    1    1    1    1    1  7.11038E+13 0.00189 
   37   37    1    1    1    1    1    1    1    1  2.24877E+13 0.00225 
   38   38    1    1    1    1    1    1    1    1  1.22960E+14 0.00176 
   39   39    1    1    1    1    1    1    1    1  1.65632E+14 0.00156 
   40   40    1    1    1    1    1    1    1    1  2.79342E+14 0.00168 
   41   41    1    1    1    1    1    1    1    1  2.91069E+14 0.00159 
   42   42    1    1    1    1    1    1    1    1  6.06452E+14 0.00147 
   43   43    1    1    1    1    1    1    1    1  7.32376E+14 0.00124 
   44   44    1    1    1    1    1    1    1    1  1.05305E+15 0.00137 
   45   45    1    1    1    1    1    1    1    1  2.04893E+15 0.00120 
   46   46    1    1    1    1    1    1    1    1  9.64930E+14 0.00118 
   47   47    1    1    1    1    1    1    1    1  1.56984E+15 0.00142 
   48   48    1    1    1    1    1    1    1    1  2.17939E+15 0.00122 
   49   49    1    1    1    1    1    1    1    1  2.17027E+15 0.00107 
   50   50    1    1    1    1    1    1    1    1  3.31469E+15 0.00118 
   51   51    1    1    1    1    1    1    1    1  2.68127E+15 0.00133 
   52   52    1    1    1    1    1    1    1    1  3.11329E+15 0.00145 
   53   53    1    1    1    1    1    1    1    1  2.16697E+15 0.00145 
   54   54    1    1    1    1    1    1    1    1  2.58600E+15 0.00123 
   55   55    1    1    1    1    1    1    1    1  1.78649E+15 0.00147 
   56   56    1    1    1    1    1    1    1    1  2.44177E+14 0.00179 
   57   57    1    1    1    1    1    1    1    1  3.54787E+15 0.00132 
   58   58    1    1    1    1    1    1    1    1  1.53255E+15 0.00130 
   59   59    1    1    1    1    1    1    1    1  1.63657E+15 0.00117 
   60   60    1    1    1    1    1    1    1    1  1.24519E+15 0.00165 
   61   61    1    1    1    1    1    1    1    1  1.25380E+15 0.00160 
   62   62    1    1    1    1    1    1    1    1  1.29958E+15 0.00129 
   63   63    1    1    1    1    1    1    1    1  1.08438E+15 0.00147 
   64   64    1    1    1    1    1    1    1    1  8.62730E+14 0.00196 
   65   65    1    1    1    1    1    1    1    1  8.53045E+14 0.00162 
   66   66    1    1    1    1    1    1    1    1  6.12162E+14 0.00169 
   67   67    1    1    1    1    1    1    1    1  5.02464E+14 0.00178 
   68   68    1    1    1    1    1    1    1    1  4.51678E+14 0.00191 
   69   69    1    1    1    1    1    1    1    1  5.41861E+14 0.00180 
   70   70    1    1    1    1    1    1    1    1  4.61781E+14 0.00209 
   71   71    1    1    1    1    1    1    1    1  8.55072E+14 0.00192 
   72   72    1    1    1    1    1    1    1    1  6.05840E+14 0.00195 
   73   73    1    1    1    1    1    1    1    1  4.51852E+14 0.00184 
   74   74    1    1    1    1    1    1    1    1  3.56440E+14 0.00185 
   75   75    1    1    1    1    1    1    1    1  2.91822E+14 0.00198 
   76   76    1    1    1    1    1    1    1    1  3.31701E+14 0.00204 
   77   77    1    1    1    1    1    1    1    1  2.58296E+14 0.00190 
   78   78    1    1    1    1    1    1    1    1  2.02381E+14 0.00246 
   79   79    1    1    1    1    1    1    1    1  2.06664E+14 0.00236 
   80   80    1    1    1    1    1    1    1    1  1.52949E+14 0.00171 
   81   81    1    1    1    1    1    1    1    1  1.17306E+14 0.00279 
   82   82    1    1    1    1    1    1    1    1  8.98815E+13 0.00283 
   83   83    1    1    1    1    1    1    1    1  8.39749E+13 0.00362 
   84   84    1    1    1    1    1    1    1    1  6.01764E+13 0.00398 
   85   85    1    1    1    1    1    1    1    1  4.34817E+13 0.00552 
   86   86    1    1    1    1    1    1    1    1  4.04074E+13 0.00459 
   87   87    1    1    1    1    1    1    1    1  2.51275E+13 0.00649 
   88   88    1    1    1    1    1    1    1    1  1.69443E+13 0.00611 
   89   89    1    1    1    1    1    1    1    1  9.82932E+12 0.00820 
   90   90    1    1    1    1    1    1    1    1  6.44237E+12 0.01249 
   91   91    1    1    1    1    1    1    1    1  3.26618E+12 0.01752 
   92   92    1    1    1    1    1    1    1    1  1.59538E+12 0.02670 
   93   93    1    1    1    1    1    1    1    1  7.74489E+11 0.04146 
   94   94    1    1    1    1    1    1    1    1  4.03148E+11 0.04217 
   95   95    1    1    1    1    1    1    1    1  1.62981E+11 0.07667 
   96   96    1    1    1    1    1    1    1    1  7.62174E+10 0.11241 
   97   97    1    1    1    1    1    1    1    1  3.51963E+10 0.13602 
   98   98    1    1    1    1    1    1    1    1  1.72587E+10 0.15931 
   99   99    1    1    1    1    1    1    1    1  1.20961E+10 0.27950 
  100  100    1    1    1    1    1    1    1    1  1.22427E+10 0.21527 
];


