
DETdpaspec = [
    1    1    1    1    1    1    1    1    1    1  0.00000E+00 0.00000 
    2    2    1    1    1    1    1    1    1    1  0.00000E+00 0.00000 
    3    3    1    1    1    1    1    1    1    1  0.00000E+00 0.00000 
    4    4    1    1    1    1    1    1    1    1  0.00000E+00 0.00000 
    5    5    1    1    1    1    1    1    1    1  0.00000E+00 0.00000 
    6    6    1    1    1    1    1    1    1    1  0.00000E+00 0.00000 
    7    7    1    1    1    1    1    1    1    1  0.00000E+00 0.00000 
    8    8    1    1    1    1    1    1    1    1  2.16486E+07 1.00000 
    9    9    1    1    1    1    1    1    1    1  1.13008E+07 1.00000 
   10   10    1    1    1    1    1    1    1    1  0.00000E+00 0.00000 
   11   11    1    1    1    1    1    1    1    1  2.28430E+08 0.60580 
   12   12    1    1    1    1    1    1    1    1  2.52470E+07 1.00000 
   13   13    1    1    1    1    1    1    1    1  7.21705E+08 0.48945 
   14   14    1    1    1    1    1    1    1    1  4.99167E+09 0.30293 
   15   15    1    1    1    1    1    1    1    1  2.47134E+09 0.36207 
   16   16    1    1    1    1    1    1    1    1  1.54607E+09 0.26119 
   17   17    1    1    1    1    1    1    1    1  4.66191E+09 0.21696 
   18   18    1    1    1    1    1    1    1    1  8.02029E+09 0.22983 
   19   19    1    1    1    1    1    1    1    1  1.43731E+10 0.17275 
   20   20    1    1    1    1    1    1    1    1  3.34426E+10 0.15469 
   21   21    1    1    1    1    1    1    1    1  2.58694E+10 0.11531 
   22   22    1    1    1    1    1    1    1    1  6.17259E+10 0.10591 
   23   23    1    1    1    1    1    1    1    1  9.64392E+10 0.08200 
   24   24    1    1    1    1    1    1    1    1  1.50158E+11 0.05462 
   25   25    1    1    1    1    1    1    1    1  1.78594E+11 0.05410 
   26   26    1    1    1    1    1    1    1    1  2.68514E+11 0.05494 
   27   27    1    1    1    1    1    1    1    1  4.81855E+11 0.04182 
   28   28    1    1    1    1    1    1    1    1  8.73846E+11 0.02776 
   29   29    1    1    1    1    1    1    1    1  1.20977E+12 0.02223 
   30   30    1    1    1    1    1    1    1    1  3.79002E+12 0.01436 
   31   31    1    1    1    1    1    1    1    1  1.17618E+13 0.01028 
   32   32    1    1    1    1    1    1    1    1  2.26302E+13 0.00630 
   33   33    1    1    1    1    1    1    1    1  5.16108E+13 0.00470 
   34   34    1    1    1    1    1    1    1    1  6.97517E+13 0.00340 
   35   35    1    1    1    1    1    1    1    1  9.95706E+13 0.00421 
   36   36    1    1    1    1    1    1    1    1  6.96576E+13 0.00279 
   37   37    1    1    1    1    1    1    1    1  2.19333E+13 0.00257 
   38   38    1    1    1    1    1    1    1    1  1.19664E+14 0.00259 
   39   39    1    1    1    1    1    1    1    1  1.61211E+14 0.00243 
   40   40    1    1    1    1    1    1    1    1  2.71469E+14 0.00211 
   41   41    1    1    1    1    1    1    1    1  2.82704E+14 0.00174 
   42   42    1    1    1    1    1    1    1    1  5.89128E+14 0.00149 
   43   43    1    1    1    1    1    1    1    1  7.11745E+14 0.00156 
   44   44    1    1    1    1    1    1    1    1  1.02556E+15 0.00164 
   45   45    1    1    1    1    1    1    1    1  1.98617E+15 0.00156 
   46   46    1    1    1    1    1    1    1    1  9.34203E+14 0.00146 
   47   47    1    1    1    1    1    1    1    1  1.51977E+15 0.00131 
   48   48    1    1    1    1    1    1    1    1  2.11346E+15 0.00124 
   49   49    1    1    1    1    1    1    1    1  2.10027E+15 0.00135 
   50   50    1    1    1    1    1    1    1    1  3.20406E+15 0.00126 
   51   51    1    1    1    1    1    1    1    1  2.59399E+15 0.00128 
   52   52    1    1    1    1    1    1    1    1  3.00156E+15 0.00139 
   53   53    1    1    1    1    1    1    1    1  2.09263E+15 0.00138 
   54   54    1    1    1    1    1    1    1    1  2.49315E+15 0.00147 
   55   55    1    1    1    1    1    1    1    1  1.72293E+15 0.00146 
   56   56    1    1    1    1    1    1    1    1  2.35646E+14 0.00170 
   57   57    1    1    1    1    1    1    1    1  3.42426E+15 0.00135 
   58   58    1    1    1    1    1    1    1    1  1.47633E+15 0.00156 
   59   59    1    1    1    1    1    1    1    1  1.57843E+15 0.00149 
   60   60    1    1    1    1    1    1    1    1  1.19896E+15 0.00179 
   61   61    1    1    1    1    1    1    1    1  1.20811E+15 0.00164 
   62   62    1    1    1    1    1    1    1    1  1.25206E+15 0.00187 
   63   63    1    1    1    1    1    1    1    1  1.04584E+15 0.00127 
   64   64    1    1    1    1    1    1    1    1  8.31964E+14 0.00139 
   65   65    1    1    1    1    1    1    1    1  8.23693E+14 0.00173 
   66   66    1    1    1    1    1    1    1    1  5.90324E+14 0.00207 
   67   67    1    1    1    1    1    1    1    1  4.84437E+14 0.00201 
   68   68    1    1    1    1    1    1    1    1  4.35976E+14 0.00178 
   69   69    1    1    1    1    1    1    1    1  5.22435E+14 0.00203 
   70   70    1    1    1    1    1    1    1    1  4.44542E+14 0.00197 
   71   71    1    1    1    1    1    1    1    1  8.21781E+14 0.00186 
   72   72    1    1    1    1    1    1    1    1  5.81743E+14 0.00187 
   73   73    1    1    1    1    1    1    1    1  4.35616E+14 0.00262 
   74   74    1    1    1    1    1    1    1    1  3.44836E+14 0.00274 
   75   75    1    1    1    1    1    1    1    1  2.80908E+14 0.00237 
   76   76    1    1    1    1    1    1    1    1  3.19022E+14 0.00241 
   77   77    1    1    1    1    1    1    1    1  2.48504E+14 0.00288 
   78   78    1    1    1    1    1    1    1    1  1.95214E+14 0.00312 
   79   79    1    1    1    1    1    1    1    1  1.99014E+14 0.00314 
   80   80    1    1    1    1    1    1    1    1  1.46404E+14 0.00273 
   81   81    1    1    1    1    1    1    1    1  1.12215E+14 0.00236 
   82   82    1    1    1    1    1    1    1    1  8.63280E+13 0.00324 
   83   83    1    1    1    1    1    1    1    1  8.05707E+13 0.00301 
   84   84    1    1    1    1    1    1    1    1  5.72072E+13 0.00387 
   85   85    1    1    1    1    1    1    1    1  4.17753E+13 0.00390 
   86   86    1    1    1    1    1    1    1    1  3.89397E+13 0.00475 
   87   87    1    1    1    1    1    1    1    1  2.41512E+13 0.00619 
   88   88    1    1    1    1    1    1    1    1  1.66035E+13 0.00774 
   89   89    1    1    1    1    1    1    1    1  9.46152E+12 0.00591 
   90   90    1    1    1    1    1    1    1    1  6.21147E+12 0.01095 
   91   91    1    1    1    1    1    1    1    1  3.16683E+12 0.01975 
   92   92    1    1    1    1    1    1    1    1  1.59804E+12 0.02549 
   93   93    1    1    1    1    1    1    1    1  7.76877E+11 0.02841 
   94   94    1    1    1    1    1    1    1    1  3.70204E+11 0.05161 
   95   95    1    1    1    1    1    1    1    1  1.63501E+11 0.03688 
   96   96    1    1    1    1    1    1    1    1  7.90778E+10 0.08010 
   97   97    1    1    1    1    1    1    1    1  4.09819E+10 0.12248 
   98   98    1    1    1    1    1    1    1    1  1.91414E+10 0.25673 
   99   99    1    1    1    1    1    1    1    1  1.03637E+10 0.31770 
  100  100    1    1    1    1    1    1    1    1  8.46724E+09 0.41919 
];


