
DETdpaspec = [
    1    1    1    1    1    1    1    1    1    1  0.00000E+00 0.00000 
    2    2    1    1    1    1    1    1    1    1  0.00000E+00 0.00000 
    3    3    1    1    1    1    1    1    1    1  0.00000E+00 0.00000 
    4    4    1    1    1    1    1    1    1    1  0.00000E+00 0.00000 
    5    5    1    1    1    1    1    1    1    1  0.00000E+00 0.00000 
    6    6    1    1    1    1    1    1    1    1  0.00000E+00 0.00000 
    7    7    1    1    1    1    1    1    1    1  0.00000E+00 0.00000 
    8    8    1    1    1    1    1    1    1    1  0.00000E+00 0.00000 
    9    9    1    1    1    1    1    1    1    1  1.08419E+07 1.00000 
   10   10    1    1    1    1    1    1    1    1  0.00000E+00 0.00000 
   11   11    1    1    1    1    1    1    1    1  2.85587E+08 0.40127 
   12   12    1    1    1    1    1    1    1    1  7.84216E+06 1.00000 
   13   13    1    1    1    1    1    1    1    1  1.56878E+09 0.61580 
   14   14    1    1    1    1    1    1    1    1  8.75901E+08 0.63789 
   15   15    1    1    1    1    1    1    1    1  3.45951E+09 0.39732 
   16   16    1    1    1    1    1    1    1    1  1.06877E+09 0.61529 
   17   17    1    1    1    1    1    1    1    1  2.46573E+09 0.32712 
   18   18    1    1    1    1    1    1    1    1  7.91742E+09 0.25922 
   19   19    1    1    1    1    1    1    1    1  7.61363E+09 0.18581 
   20   20    1    1    1    1    1    1    1    1  2.33020E+10 0.16789 
   21   21    1    1    1    1    1    1    1    1  1.67238E+10 0.14295 
   22   22    1    1    1    1    1    1    1    1  6.24733E+10 0.12561 
   23   23    1    1    1    1    1    1    1    1  7.44124E+10 0.10031 
   24   24    1    1    1    1    1    1    1    1  1.15730E+11 0.06182 
   25   25    1    1    1    1    1    1    1    1  1.40782E+11 0.05322 
   26   26    1    1    1    1    1    1    1    1  2.19969E+11 0.06392 
   27   27    1    1    1    1    1    1    1    1  4.06096E+11 0.04604 
   28   28    1    1    1    1    1    1    1    1  6.89474E+11 0.02586 
   29   29    1    1    1    1    1    1    1    1  9.75528E+11 0.02657 
   30   30    1    1    1    1    1    1    1    1  3.10268E+12 0.01991 
   31   31    1    1    1    1    1    1    1    1  9.15636E+12 0.01068 
   32   32    1    1    1    1    1    1    1    1  1.73552E+13 0.00731 
   33   33    1    1    1    1    1    1    1    1  3.84767E+13 0.00432 
   34   34    1    1    1    1    1    1    1    1  5.14901E+13 0.00447 
   35   35    1    1    1    1    1    1    1    1  7.40291E+13 0.00363 
   36   36    1    1    1    1    1    1    1    1  5.18926E+13 0.00361 
   37   37    1    1    1    1    1    1    1    1  1.64441E+13 0.00229 
   38   38    1    1    1    1    1    1    1    1  8.90590E+13 0.00295 
   39   39    1    1    1    1    1    1    1    1  1.19630E+14 0.00248 
   40   40    1    1    1    1    1    1    1    1  2.00156E+14 0.00226 
   41   41    1    1    1    1    1    1    1    1  2.08560E+14 0.00159 
   42   42    1    1    1    1    1    1    1    1  4.30261E+14 0.00170 
   43   43    1    1    1    1    1    1    1    1  5.16260E+14 0.00179 
   44   44    1    1    1    1    1    1    1    1  7.38081E+14 0.00163 
   45   45    1    1    1    1    1    1    1    1  1.41479E+15 0.00147 
   46   46    1    1    1    1    1    1    1    1  6.63726E+14 0.00127 
   47   47    1    1    1    1    1    1    1    1  1.07981E+15 0.00148 
   48   48    1    1    1    1    1    1    1    1  1.49417E+15 0.00118 
   49   49    1    1    1    1    1    1    1    1  1.48355E+15 0.00131 
   50   50    1    1    1    1    1    1    1    1  2.24921E+15 0.00154 
   51   51    1    1    1    1    1    1    1    1  1.81884E+15 0.00153 
   52   52    1    1    1    1    1    1    1    1  2.08850E+15 0.00156 
   53   53    1    1    1    1    1    1    1    1  1.45378E+15 0.00183 
   54   54    1    1    1    1    1    1    1    1  1.72156E+15 0.00173 
   55   55    1    1    1    1    1    1    1    1  1.19019E+15 0.00184 
   56   56    1    1    1    1    1    1    1    1  1.63007E+14 0.00228 
   57   57    1    1    1    1    1    1    1    1  2.35865E+15 0.00135 
   58   58    1    1    1    1    1    1    1    1  1.00830E+15 0.00167 
   59   59    1    1    1    1    1    1    1    1  1.07849E+15 0.00153 
   60   60    1    1    1    1    1    1    1    1  8.16221E+14 0.00155 
   61   61    1    1    1    1    1    1    1    1  8.22084E+14 0.00160 
   62   62    1    1    1    1    1    1    1    1  8.48988E+14 0.00167 
   63   63    1    1    1    1    1    1    1    1  7.05973E+14 0.00202 
   64   64    1    1    1    1    1    1    1    1  5.61840E+14 0.00187 
   65   65    1    1    1    1    1    1    1    1  5.54296E+14 0.00186 
   66   66    1    1    1    1    1    1    1    1  3.97540E+14 0.00186 
   67   67    1    1    1    1    1    1    1    1  3.26412E+14 0.00227 
   68   68    1    1    1    1    1    1    1    1  2.93996E+14 0.00264 
   69   69    1    1    1    1    1    1    1    1  3.52814E+14 0.00203 
   70   70    1    1    1    1    1    1    1    1  3.00198E+14 0.00228 
   71   71    1    1    1    1    1    1    1    1  5.54893E+14 0.00279 
   72   72    1    1    1    1    1    1    1    1  3.92891E+14 0.00281 
   73   73    1    1    1    1    1    1    1    1  2.94422E+14 0.00275 
   74   74    1    1    1    1    1    1    1    1  2.32111E+14 0.00337 
   75   75    1    1    1    1    1    1    1    1  1.87703E+14 0.00288 
   76   76    1    1    1    1    1    1    1    1  2.13007E+14 0.00326 
   77   77    1    1    1    1    1    1    1    1  1.64575E+14 0.00284 
   78   78    1    1    1    1    1    1    1    1  1.29428E+14 0.00364 
   79   79    1    1    1    1    1    1    1    1  1.31230E+14 0.00314 
   80   80    1    1    1    1    1    1    1    1  9.63078E+13 0.00338 
   81   81    1    1    1    1    1    1    1    1  7.37089E+13 0.00369 
   82   82    1    1    1    1    1    1    1    1  5.67546E+13 0.00410 
   83   83    1    1    1    1    1    1    1    1  5.31145E+13 0.00333 
   84   84    1    1    1    1    1    1    1    1  3.76868E+13 0.00418 
   85   85    1    1    1    1    1    1    1    1  2.73697E+13 0.00579 
   86   86    1    1    1    1    1    1    1    1  2.55801E+13 0.00638 
   87   87    1    1    1    1    1    1    1    1  1.59408E+13 0.00743 
   88   88    1    1    1    1    1    1    1    1  1.07857E+13 0.00725 
   89   89    1    1    1    1    1    1    1    1  6.21834E+12 0.00836 
   90   90    1    1    1    1    1    1    1    1  4.11189E+12 0.01514 
   91   91    1    1    1    1    1    1    1    1  2.04657E+12 0.02200 
   92   92    1    1    1    1    1    1    1    1  1.01834E+12 0.03366 
   93   93    1    1    1    1    1    1    1    1  4.94023E+11 0.03829 
   94   94    1    1    1    1    1    1    1    1  2.42378E+11 0.05800 
   95   95    1    1    1    1    1    1    1    1  1.14793E+11 0.08814 
   96   96    1    1    1    1    1    1    1    1  3.38858E+10 0.10277 
   97   97    1    1    1    1    1    1    1    1  2.22589E+10 0.19019 
   98   98    1    1    1    1    1    1    1    1  1.42691E+10 0.25347 
   99   99    1    1    1    1    1    1    1    1  8.86970E+09 0.31760 
  100  100    1    1    1    1    1    1    1    1  3.77272E+09 0.44564 
];


