
DETdpaspec = [
    1    1    1    1    1    1    1    1    1    1  0.00000E+00 0.00000 
    2    2    1    1    1    1    1    1    1    1  0.00000E+00 0.00000 
    3    3    1    1    1    1    1    1    1    1  0.00000E+00 0.00000 
    4    4    1    1    1    1    1    1    1    1  0.00000E+00 0.00000 
    5    5    1    1    1    1    1    1    1    1  0.00000E+00 0.00000 
    6    6    1    1    1    1    1    1    1    1  0.00000E+00 0.00000 
    7    7    1    1    1    1    1    1    1    1  0.00000E+00 0.00000 
    8    8    1    1    1    1    1    1    1    1  0.00000E+00 0.00000 
    9    9    1    1    1    1    1    1    1    1  2.94926E+07 0.69599 
   10   10    1    1    1    1    1    1    1    1  1.66989E+08 0.74570 
   11   11    1    1    1    1    1    1    1    1  5.10755E+07 1.00000 
   12   12    1    1    1    1    1    1    1    1  9.58728E+07 0.46584 
   13   13    1    1    1    1    1    1    1    1  1.57647E+09 0.36591 
   14   14    1    1    1    1    1    1    1    1  1.68834E+09 0.52242 
   15   15    1    1    1    1    1    1    1    1  5.25320E+09 0.32917 
   16   16    1    1    1    1    1    1    1    1  1.26327E+09 0.42960 
   17   17    1    1    1    1    1    1    1    1  2.27477E+09 0.41856 
   18   18    1    1    1    1    1    1    1    1  7.38693E+09 0.27239 
   19   19    1    1    1    1    1    1    1    1  8.02505E+09 0.25908 
   20   20    1    1    1    1    1    1    1    1  3.07496E+10 0.15309 
   21   21    1    1    1    1    1    1    1    1  2.35229E+10 0.11550 
   22   22    1    1    1    1    1    1    1    1  6.10662E+10 0.08106 
   23   23    1    1    1    1    1    1    1    1  7.81780E+10 0.07324 
   24   24    1    1    1    1    1    1    1    1  1.29248E+11 0.06634 
   25   25    1    1    1    1    1    1    1    1  1.65946E+11 0.06057 
   26   26    1    1    1    1    1    1    1    1  2.65932E+11 0.04347 
   27   27    1    1    1    1    1    1    1    1  4.33512E+11 0.03098 
   28   28    1    1    1    1    1    1    1    1  7.38838E+11 0.02086 
   29   29    1    1    1    1    1    1    1    1  1.06311E+12 0.01513 
   30   30    1    1    1    1    1    1    1    1  3.40439E+12 0.01200 
   31   31    1    1    1    1    1    1    1    1  1.04903E+13 0.01352 
   32   32    1    1    1    1    1    1    1    1  1.96880E+13 0.00888 
   33   33    1    1    1    1    1    1    1    1  4.44272E+13 0.00521 
   34   34    1    1    1    1    1    1    1    1  5.94938E+13 0.00393 
   35   35    1    1    1    1    1    1    1    1  8.52157E+13 0.00364 
   36   36    1    1    1    1    1    1    1    1  5.96622E+13 0.00369 
   37   37    1    1    1    1    1    1    1    1  1.89409E+13 0.00358 
   38   38    1    1    1    1    1    1    1    1  1.02768E+14 0.00324 
   39   39    1    1    1    1    1    1    1    1  1.37965E+14 0.00349 
   40   40    1    1    1    1    1    1    1    1  2.31770E+14 0.00292 
   41   41    1    1    1    1    1    1    1    1  2.41786E+14 0.00269 
   42   42    1    1    1    1    1    1    1    1  5.02834E+14 0.00214 
   43   43    1    1    1    1    1    1    1    1  6.04813E+14 0.00194 
   44   44    1    1    1    1    1    1    1    1  8.68345E+14 0.00194 
   45   45    1    1    1    1    1    1    1    1  1.67433E+15 0.00173 
   46   46    1    1    1    1    1    1    1    1  7.88307E+14 0.00164 
   47   47    1    1    1    1    1    1    1    1  1.28175E+15 0.00170 
   48   48    1    1    1    1    1    1    1    1  1.77355E+15 0.00187 
   49   49    1    1    1    1    1    1    1    1  1.75961E+15 0.00201 
   50   50    1    1    1    1    1    1    1    1  2.67766E+15 0.00186 
   51   51    1    1    1    1    1    1    1    1  2.16909E+15 0.00206 
   52   52    1    1    1    1    1    1    1    1  2.50207E+15 0.00220 
   53   53    1    1    1    1    1    1    1    1  1.74216E+15 0.00226 
   54   54    1    1    1    1    1    1    1    1  2.06936E+15 0.00221 
   55   55    1    1    1    1    1    1    1    1  1.42772E+15 0.00245 
   56   56    1    1    1    1    1    1    1    1  1.95757E+14 0.00235 
   57   57    1    1    1    1    1    1    1    1  2.83382E+15 0.00221 
   58   58    1    1    1    1    1    1    1    1  1.21624E+15 0.00231 
   59   59    1    1    1    1    1    1    1    1  1.30090E+15 0.00230 
   60   60    1    1    1    1    1    1    1    1  9.84679E+14 0.00239 
   61   61    1    1    1    1    1    1    1    1  9.92821E+14 0.00220 
   62   62    1    1    1    1    1    1    1    1  1.02654E+15 0.00229 
   63   63    1    1    1    1    1    1    1    1  8.56391E+14 0.00186 
   64   64    1    1    1    1    1    1    1    1  6.80587E+14 0.00248 
   65   65    1    1    1    1    1    1    1    1  6.73593E+14 0.00256 
   66   66    1    1    1    1    1    1    1    1  4.82306E+14 0.00236 
   67   67    1    1    1    1    1    1    1    1  3.96474E+14 0.00219 
   68   68    1    1    1    1    1    1    1    1  3.56996E+14 0.00300 
   69   69    1    1    1    1    1    1    1    1  4.27018E+14 0.00291 
   70   70    1    1    1    1    1    1    1    1  3.63801E+14 0.00223 
   71   71    1    1    1    1    1    1    1    1  6.73240E+14 0.00233 
   72   72    1    1    1    1    1    1    1    1  4.76309E+14 0.00227 
   73   73    1    1    1    1    1    1    1    1  3.55675E+14 0.00356 
   74   74    1    1    1    1    1    1    1    1  2.80590E+14 0.00351 
   75   75    1    1    1    1    1    1    1    1  2.27969E+14 0.00345 
   76   76    1    1    1    1    1    1    1    1  2.60556E+14 0.00270 
   77   77    1    1    1    1    1    1    1    1  2.01350E+14 0.00279 
   78   78    1    1    1    1    1    1    1    1  1.57950E+14 0.00248 
   79   79    1    1    1    1    1    1    1    1  1.61347E+14 0.00272 
   80   80    1    1    1    1    1    1    1    1  1.18125E+14 0.00411 
   81   81    1    1    1    1    1    1    1    1  9.03951E+13 0.00370 
   82   82    1    1    1    1    1    1    1    1  6.94415E+13 0.00528 
   83   83    1    1    1    1    1    1    1    1  6.46138E+13 0.00463 
   84   84    1    1    1    1    1    1    1    1  4.68595E+13 0.00361 
   85   85    1    1    1    1    1    1    1    1  3.34725E+13 0.00610 
   86   86    1    1    1    1    1    1    1    1  3.09083E+13 0.00500 
   87   87    1    1    1    1    1    1    1    1  1.93548E+13 0.00632 
   88   88    1    1    1    1    1    1    1    1  1.31022E+13 0.00532 
   89   89    1    1    1    1    1    1    1    1  7.56533E+12 0.01145 
   90   90    1    1    1    1    1    1    1    1  4.98948E+12 0.01411 
   91   91    1    1    1    1    1    1    1    1  2.50387E+12 0.02222 
   92   92    1    1    1    1    1    1    1    1  1.26305E+12 0.02373 
   93   93    1    1    1    1    1    1    1    1  5.52415E+11 0.03008 
   94   94    1    1    1    1    1    1    1    1  3.12044E+11 0.04543 
   95   95    1    1    1    1    1    1    1    1  1.35749E+11 0.08115 
   96   96    1    1    1    1    1    1    1    1  5.75613E+10 0.07472 
   97   97    1    1    1    1    1    1    1    1  2.45778E+10 0.20357 
   98   98    1    1    1    1    1    1    1    1  1.75672E+10 0.21431 
   99   99    1    1    1    1    1    1    1    1  5.51463E+09 0.37109 
  100  100    1    1    1    1    1    1    1    1  4.05976E+09 0.40558 
];


