
DETdpaspec = [
    1    1    1    1    1    1    1    1    1    1  0.00000E+00 0.00000 
    2    2    1    1    1    1    1    1    1    1  0.00000E+00 0.00000 
    3    3    1    1    1    1    1    1    1    1  0.00000E+00 0.00000 
    4    4    1    1    1    1    1    1    1    1  0.00000E+00 0.00000 
    5    5    1    1    1    1    1    1    1    1  1.41284E+07 1.00000 
    6    6    1    1    1    1    1    1    1    1  0.00000E+00 0.00000 
    7    7    1    1    1    1    1    1    1    1  0.00000E+00 0.00000 
    8    8    1    1    1    1    1    1    1    1  0.00000E+00 0.00000 
    9    9    1    1    1    1    1    1    1    1  1.17539E+07 1.00000 
   10   10    1    1    1    1    1    1    1    1  9.27594E+07 0.71828 
   11   11    1    1    1    1    1    1    1    1  5.16382E+07 1.00000 
   12   12    1    1    1    1    1    1    1    1  0.00000E+00 0.00000 
   13   13    1    1    1    1    1    1    1    1  1.88907E+09 0.28876 
   14   14    1    1    1    1    1    1    1    1  2.41029E+09 0.44263 
   15   15    1    1    1    1    1    1    1    1  3.58208E+09 0.38780 
   16   16    1    1    1    1    1    1    1    1  1.24869E+09 0.35630 
   17   17    1    1    1    1    1    1    1    1  4.76877E+09 0.25071 
   18   18    1    1    1    1    1    1    1    1  1.54182E+10 0.20795 
   19   19    1    1    1    1    1    1    1    1  1.45611E+10 0.15535 
   20   20    1    1    1    1    1    1    1    1  4.58631E+10 0.10999 
   21   21    1    1    1    1    1    1    1    1  2.92247E+10 0.07752 
   22   22    1    1    1    1    1    1    1    1  7.96153E+10 0.06823 
   23   23    1    1    1    1    1    1    1    1  1.07808E+11 0.07541 
   24   24    1    1    1    1    1    1    1    1  1.60637E+11 0.06322 
   25   25    1    1    1    1    1    1    1    1  2.10680E+11 0.05964 
   26   26    1    1    1    1    1    1    1    1  3.55973E+11 0.03865 
   27   27    1    1    1    1    1    1    1    1  6.14007E+11 0.03378 
   28   28    1    1    1    1    1    1    1    1  1.26085E+12 0.02302 
   29   29    1    1    1    1    1    1    1    1  1.88729E+12 0.01571 
   30   30    1    1    1    1    1    1    1    1  5.62609E+12 0.01185 
   31   31    1    1    1    1    1    1    1    1  1.78280E+13 0.00764 
   32   32    1    1    1    1    1    1    1    1  3.40025E+13 0.00627 
   33   33    1    1    1    1    1    1    1    1  8.07126E+13 0.00464 
   34   34    1    1    1    1    1    1    1    1  1.13621E+14 0.00409 
   35   35    1    1    1    1    1    1    1    1  1.54853E+14 0.00256 
   36   36    1    1    1    1    1    1    1    1  1.06482E+14 0.00241 
   37   37    1    1    1    1    1    1    1    1  3.29985E+13 0.00209 
   38   38    1    1    1    1    1    1    1    1  1.83897E+14 0.00184 
   39   39    1    1    1    1    1    1    1    1  2.49266E+14 0.00184 
   40   40    1    1    1    1    1    1    1    1  4.27710E+14 0.00166 
   41   41    1    1    1    1    1    1    1    1  4.38737E+14 0.00137 
   42   42    1    1    1    1    1    1    1    1  9.37825E+14 0.00113 
   43   43    1    1    1    1    1    1    1    1  1.14310E+15 0.00137 
   44   44    1    1    1    1    1    1    1    1  1.66698E+15 0.00098 
   45   45    1    1    1    1    1    1    1    1  3.32322E+15 0.00063 
   46   46    1    1    1    1    1    1    1    1  1.56123E+15 0.00083 
   47   47    1    1    1    1    1    1    1    1  2.54068E+15 0.00086 
   48   48    1    1    1    1    1    1    1    1  3.55412E+15 0.00083 
   49   49    1    1    1    1    1    1    1    1  3.54186E+15 0.00083 
   50   50    1    1    1    1    1    1    1    1  5.50921E+15 0.00082 
   51   51    1    1    1    1    1    1    1    1  4.43334E+15 0.00087 
   52   52    1    1    1    1    1    1    1    1  5.24860E+15 0.00080 
   53   53    1    1    1    1    1    1    1    1  3.65879E+15 0.00087 
   54   54    1    1    1    1    1    1    1    1  4.44872E+15 0.00097 
   55   55    1    1    1    1    1    1    1    1  3.06726E+15 0.00080 
   56   56    1    1    1    1    1    1    1    1  4.17973E+14 0.00089 
   57   57    1    1    1    1    1    1    1    1  6.11022E+15 0.00082 
   58   58    1    1    1    1    1    1    1    1  2.69891E+15 0.00085 
   59   59    1    1    1    1    1    1    1    1  2.87990E+15 0.00115 
   60   60    1    1    1    1    1    1    1    1  2.22177E+15 0.00086 
   61   61    1    1    1    1    1    1    1    1  2.23680E+15 0.00096 
   62   62    1    1    1    1    1    1    1    1  2.32783E+15 0.00108 
   63   63    1    1    1    1    1    1    1    1  1.95679E+15 0.00073 
   64   64    1    1    1    1    1    1    1    1  1.55816E+15 0.00094 
   65   65    1    1    1    1    1    1    1    1  1.54672E+15 0.00120 
   66   66    1    1    1    1    1    1    1    1  1.11211E+15 0.00095 
   67   67    1    1    1    1    1    1    1    1  9.09101E+14 0.00112 
   68   68    1    1    1    1    1    1    1    1  8.18476E+14 0.00095 
   69   69    1    1    1    1    1    1    1    1  9.81888E+14 0.00143 
   70   70    1    1    1    1    1    1    1    1  8.37946E+14 0.00104 
   71   71    1    1    1    1    1    1    1    1  1.53410E+15 0.00109 
   72   72    1    1    1    1    1    1    1    1  1.08703E+15 0.00130 
   73   73    1    1    1    1    1    1    1    1  8.16532E+14 0.00126 
   74   74    1    1    1    1    1    1    1    1  6.52797E+14 0.00159 
   75   75    1    1    1    1    1    1    1    1  5.38280E+14 0.00177 
   76   76    1    1    1    1    1    1    1    1  6.20203E+14 0.00106 
   77   77    1    1    1    1    1    1    1    1  4.87873E+14 0.00174 
   78   78    1    1    1    1    1    1    1    1  3.85630E+14 0.00139 
   79   79    1    1    1    1    1    1    1    1  3.98906E+14 0.00175 
   80   80    1    1    1    1    1    1    1    1  2.94352E+14 0.00198 
   81   81    1    1    1    1    1    1    1    1  2.26509E+14 0.00202 
   82   82    1    1    1    1    1    1    1    1  1.73794E+14 0.00331 
   83   83    1    1    1    1    1    1    1    1  1.62830E+14 0.00227 
   84   84    1    1    1    1    1    1    1    1  1.16426E+14 0.00330 
   85   85    1    1    1    1    1    1    1    1  8.41645E+13 0.00303 
   86   86    1    1    1    1    1    1    1    1  7.89803E+13 0.00342 
   87   87    1    1    1    1    1    1    1    1  4.87560E+13 0.00412 
   88   88    1    1    1    1    1    1    1    1  3.27704E+13 0.00470 
   89   89    1    1    1    1    1    1    1    1  1.86087E+13 0.00580 
   90   90    1    1    1    1    1    1    1    1  1.24970E+13 0.00787 
   91   91    1    1    1    1    1    1    1    1  6.28247E+12 0.01033 
   92   92    1    1    1    1    1    1    1    1  3.10976E+12 0.01233 
   93   93    1    1    1    1    1    1    1    1  1.42853E+12 0.02324 
   94   94    1    1    1    1    1    1    1    1  7.38963E+11 0.03522 
   95   95    1    1    1    1    1    1    1    1  3.66715E+11 0.04254 
   96   96    1    1    1    1    1    1    1    1  1.69702E+11 0.08035 
   97   97    1    1    1    1    1    1    1    1  9.82102E+10 0.10765 
   98   98    1    1    1    1    1    1    1    1  3.83538E+10 0.10309 
   99   99    1    1    1    1    1    1    1    1  1.61197E+10 0.20815 
  100  100    1    1    1    1    1    1    1    1  2.08698E+10 0.18379 
];


