
DETdpaspec = [
    1    1    1    1    1    1    1    1    1    1  0.00000E+00 0.00000 
    2    2    1    1    1    1    1    1    1    1  0.00000E+00 0.00000 
    3    3    1    1    1    1    1    1    1    1  0.00000E+00 0.00000 
    4    4    1    1    1    1    1    1    1    1  0.00000E+00 0.00000 
    5    5    1    1    1    1    1    1    1    1  0.00000E+00 0.00000 
    6    6    1    1    1    1    1    1    1    1  0.00000E+00 0.00000 
    7    7    1    1    1    1    1    1    1    1  1.47528E+07 1.00000 
    8    8    1    1    1    1    1    1    1    1  0.00000E+00 0.00000 
    9    9    1    1    1    1    1    1    1    1  0.00000E+00 0.00000 
   10   10    1    1    1    1    1    1    1    1  0.00000E+00 0.00000 
   11   11    1    1    1    1    1    1    1    1  6.56898E+07 1.00000 
   12   12    1    1    1    1    1    1    1    1  3.50021E+07 1.00000 
   13   13    1    1    1    1    1    1    1    1  1.59683E+09 0.54115 
   14   14    1    1    1    1    1    1    1    1  3.59612E+09 0.39673 
   15   15    1    1    1    1    1    1    1    1  7.20560E+09 0.36731 
   16   16    1    1    1    1    1    1    1    1  1.84771E+09 0.44585 
   17   17    1    1    1    1    1    1    1    1  2.80468E+09 0.23131 
   18   18    1    1    1    1    1    1    1    1  5.74374E+09 0.22921 
   19   19    1    1    1    1    1    1    1    1  1.10170E+10 0.10674 
   20   20    1    1    1    1    1    1    1    1  2.59860E+10 0.13786 
   21   21    1    1    1    1    1    1    1    1  3.10057E+10 0.11227 
   22   22    1    1    1    1    1    1    1    1  7.59432E+10 0.08029 
   23   23    1    1    1    1    1    1    1    1  1.09660E+11 0.06295 
   24   24    1    1    1    1    1    1    1    1  1.38793E+11 0.07026 
   25   25    1    1    1    1    1    1    1    1  1.72364E+11 0.04893 
   26   26    1    1    1    1    1    1    1    1  2.81385E+11 0.04504 
   27   27    1    1    1    1    1    1    1    1  5.05313E+11 0.03305 
   28   28    1    1    1    1    1    1    1    1  9.43855E+11 0.02580 
   29   29    1    1    1    1    1    1    1    1  1.34394E+12 0.01898 
   30   30    1    1    1    1    1    1    1    1  4.00394E+12 0.01656 
   31   31    1    1    1    1    1    1    1    1  1.24120E+13 0.00898 
   32   32    1    1    1    1    1    1    1    1  2.35440E+13 0.00807 
   33   33    1    1    1    1    1    1    1    1  5.37455E+13 0.00426 
   34   34    1    1    1    1    1    1    1    1  7.30862E+13 0.00337 
   35   35    1    1    1    1    1    1    1    1  1.03917E+14 0.00252 
   36   36    1    1    1    1    1    1    1    1  7.26053E+13 0.00238 
   37   37    1    1    1    1    1    1    1    1  2.28828E+13 0.00231 
   38   38    1    1    1    1    1    1    1    1  1.25507E+14 0.00203 
   39   39    1    1    1    1    1    1    1    1  1.68906E+14 0.00268 
   40   40    1    1    1    1    1    1    1    1  2.85471E+14 0.00229 
   41   41    1    1    1    1    1    1    1    1  2.97119E+14 0.00223 
   42   42    1    1    1    1    1    1    1    1  6.20174E+14 0.00210 
   43   43    1    1    1    1    1    1    1    1  7.48691E+14 0.00209 
   44   44    1    1    1    1    1    1    1    1  1.08085E+15 0.00190 
   45   45    1    1    1    1    1    1    1    1  2.09577E+15 0.00185 
   46   46    1    1    1    1    1    1    1    1  9.87593E+14 0.00158 
   47   47    1    1    1    1    1    1    1    1  1.60876E+15 0.00165 
   48   48    1    1    1    1    1    1    1    1  2.23698E+15 0.00161 
   49   49    1    1    1    1    1    1    1    1  2.22661E+15 0.00181 
   50   50    1    1    1    1    1    1    1    1  3.40298E+15 0.00159 
   51   51    1    1    1    1    1    1    1    1  2.75197E+15 0.00174 
   52   52    1    1    1    1    1    1    1    1  3.19514E+15 0.00166 
   53   53    1    1    1    1    1    1    1    1  2.22618E+15 0.00176 
   54   54    1    1    1    1    1    1    1    1  2.65953E+15 0.00160 
   55   55    1    1    1    1    1    1    1    1  1.83611E+15 0.00151 
   56   56    1    1    1    1    1    1    1    1  2.51174E+14 0.00202 
   57   57    1    1    1    1    1    1    1    1  3.64966E+15 0.00156 
   58   58    1    1    1    1    1    1    1    1  1.57714E+15 0.00163 
   59   59    1    1    1    1    1    1    1    1  1.68497E+15 0.00156 
   60   60    1    1    1    1    1    1    1    1  1.28218E+15 0.00210 
   61   61    1    1    1    1    1    1    1    1  1.28926E+15 0.00127 
   62   62    1    1    1    1    1    1    1    1  1.33735E+15 0.00170 
   63   63    1    1    1    1    1    1    1    1  1.11684E+15 0.00185 
   64   64    1    1    1    1    1    1    1    1  8.87520E+14 0.00190 
   65   65    1    1    1    1    1    1    1    1  8.78603E+14 0.00202 
   66   66    1    1    1    1    1    1    1    1  6.30415E+14 0.00213 
   67   67    1    1    1    1    1    1    1    1  5.17679E+14 0.00204 
   68   68    1    1    1    1    1    1    1    1  4.66087E+14 0.00231 
   69   69    1    1    1    1    1    1    1    1  5.59060E+14 0.00192 
   70   70    1    1    1    1    1    1    1    1  4.76671E+14 0.00195 
   71   71    1    1    1    1    1    1    1    1  8.79995E+14 0.00178 
   72   72    1    1    1    1    1    1    1    1  6.21304E+14 0.00215 
   73   73    1    1    1    1    1    1    1    1  4.66570E+14 0.00226 
   74   74    1    1    1    1    1    1    1    1  3.68498E+14 0.00229 
   75   75    1    1    1    1    1    1    1    1  3.01229E+14 0.00286 
   76   76    1    1    1    1    1    1    1    1  3.42916E+14 0.00208 
   77   77    1    1    1    1    1    1    1    1  2.66240E+14 0.00235 
   78   78    1    1    1    1    1    1    1    1  2.09218E+14 0.00285 
   79   79    1    1    1    1    1    1    1    1  2.13945E+14 0.00233 
   80   80    1    1    1    1    1    1    1    1  1.57595E+14 0.00337 
   81   81    1    1    1    1    1    1    1    1  1.21044E+14 0.00290 
   82   82    1    1    1    1    1    1    1    1  9.24004E+13 0.00344 
   83   83    1    1    1    1    1    1    1    1  8.61862E+13 0.00411 
   84   84    1    1    1    1    1    1    1    1  6.25068E+13 0.00408 
   85   85    1    1    1    1    1    1    1    1  4.48975E+13 0.00298 
   86   86    1    1    1    1    1    1    1    1  4.19613E+13 0.00453 
   87   87    1    1    1    1    1    1    1    1  2.60261E+13 0.00579 
   88   88    1    1    1    1    1    1    1    1  1.75278E+13 0.00793 
   89   89    1    1    1    1    1    1    1    1  1.00290E+13 0.01108 
   90   90    1    1    1    1    1    1    1    1  6.71466E+12 0.01455 
   91   91    1    1    1    1    1    1    1    1  3.31648E+12 0.01571 
   92   92    1    1    1    1    1    1    1    1  1.66734E+12 0.02161 
   93   93    1    1    1    1    1    1    1    1  7.74722E+11 0.03703 
   94   94    1    1    1    1    1    1    1    1  3.77742E+11 0.03756 
   95   95    1    1    1    1    1    1    1    1  1.99635E+11 0.06850 
   96   96    1    1    1    1    1    1    1    1  9.12140E+10 0.09073 
   97   97    1    1    1    1    1    1    1    1  3.22303E+10 0.14847 
   98   98    1    1    1    1    1    1    1    1  2.82734E+10 0.22144 
   99   99    1    1    1    1    1    1    1    1  1.21871E+10 0.18912 
  100  100    1    1    1    1    1    1    1    1  7.75644E+09 0.25335 
];


