
DETdpaspec = [
    1    1    1    1    1    1    1    1    1    1  0.00000E+00 0.00000 
    2    2    1    1    1    1    1    1    1    1  0.00000E+00 0.00000 
    3    3    1    1    1    1    1    1    1    1  0.00000E+00 0.00000 
    4    4    1    1    1    1    1    1    1    1  0.00000E+00 0.00000 
    5    5    1    1    1    1    1    1    1    1  1.04349E+07 1.00000 
    6    6    1    1    1    1    1    1    1    1  0.00000E+00 0.00000 
    7    7    1    1    1    1    1    1    1    1  1.13665E+07 1.00000 
    8    8    1    1    1    1    1    1    1    1  2.15728E+07 1.00000 
    9    9    1    1    1    1    1    1    1    1  0.00000E+00 0.00000 
   10   10    1    1    1    1    1    1    1    1  3.80506E+07 1.00000 
   11   11    1    1    1    1    1    1    1    1  0.00000E+00 0.00000 
   12   12    1    1    1    1    1    1    1    1  2.88859E+07 0.94567 
   13   13    1    1    1    1    1    1    1    1  5.36039E+08 0.51117 
   14   14    1    1    1    1    1    1    1    1  3.04441E+09 0.43943 
   15   15    1    1    1    1    1    1    1    1  3.22064E+09 0.45821 
   16   16    1    1    1    1    1    1    1    1  4.49924E+08 0.51140 
   17   17    1    1    1    1    1    1    1    1  1.71115E+09 0.37251 
   18   18    1    1    1    1    1    1    1    1  5.90404E+09 0.27204 
   19   19    1    1    1    1    1    1    1    1  3.97781E+09 0.27537 
   20   20    1    1    1    1    1    1    1    1  2.16875E+10 0.13526 
   21   21    1    1    1    1    1    1    1    1  1.36978E+10 0.13655 
   22   22    1    1    1    1    1    1    1    1  4.39417E+10 0.08637 
   23   23    1    1    1    1    1    1    1    1  4.66530E+10 0.08903 
   24   24    1    1    1    1    1    1    1    1  7.29412E+10 0.10827 
   25   25    1    1    1    1    1    1    1    1  1.13308E+11 0.06005 
   26   26    1    1    1    1    1    1    1    1  1.60193E+11 0.06508 
   27   27    1    1    1    1    1    1    1    1  3.01034E+11 0.05944 
   28   28    1    1    1    1    1    1    1    1  5.27878E+11 0.03823 
   29   29    1    1    1    1    1    1    1    1  7.52469E+11 0.02733 
   30   30    1    1    1    1    1    1    1    1  2.43067E+12 0.01935 
   31   31    1    1    1    1    1    1    1    1  7.53616E+12 0.00862 
   32   32    1    1    1    1    1    1    1    1  1.39529E+13 0.00892 
   33   33    1    1    1    1    1    1    1    1  3.07546E+13 0.00309 
   34   34    1    1    1    1    1    1    1    1  4.06734E+13 0.00381 
   35   35    1    1    1    1    1    1    1    1  5.92695E+13 0.00281 
   36   36    1    1    1    1    1    1    1    1  4.15735E+13 0.00243 
   37   37    1    1    1    1    1    1    1    1  1.32007E+13 0.00287 
   38   38    1    1    1    1    1    1    1    1  7.11320E+13 0.00238 
   39   39    1    1    1    1    1    1    1    1  9.49040E+13 0.00248 
   40   40    1    1    1    1    1    1    1    1  1.58565E+14 0.00248 
   41   41    1    1    1    1    1    1    1    1  1.65624E+14 0.00250 
   42   42    1    1    1    1    1    1    1    1  3.39418E+14 0.00221 
   43   43    1    1    1    1    1    1    1    1  4.07160E+14 0.00224 
   44   44    1    1    1    1    1    1    1    1  5.80200E+14 0.00213 
   45   45    1    1    1    1    1    1    1    1  1.10341E+15 0.00273 
   46   46    1    1    1    1    1    1    1    1  5.18005E+14 0.00267 
   47   47    1    1    1    1    1    1    1    1  8.41634E+14 0.00273 
   48   48    1    1    1    1    1    1    1    1  1.16271E+15 0.00289 
   49   49    1    1    1    1    1    1    1    1  1.15078E+15 0.00278 
   50   50    1    1    1    1    1    1    1    1  1.73441E+15 0.00292 
   51   51    1    1    1    1    1    1    1    1  1.40484E+15 0.00304 
   52   52    1    1    1    1    1    1    1    1  1.60719E+15 0.00296 
   53   53    1    1    1    1    1    1    1    1  1.11833E+15 0.00308 
   54   54    1    1    1    1    1    1    1    1  1.31672E+15 0.00324 
   55   55    1    1    1    1    1    1    1    1  9.10735E+14 0.00321 
   56   56    1    1    1    1    1    1    1    1  1.24709E+14 0.00321 
   57   57    1    1    1    1    1    1    1    1  1.80427E+15 0.00323 
   58   58    1    1    1    1    1    1    1    1  7.67990E+14 0.00324 
   59   59    1    1    1    1    1    1    1    1  8.21876E+14 0.00337 
   60   60    1    1    1    1    1    1    1    1  6.17725E+14 0.00342 
   61   61    1    1    1    1    1    1    1    1  6.22435E+14 0.00338 
   62   62    1    1    1    1    1    1    1    1  6.43117E+14 0.00313 
   63   63    1    1    1    1    1    1    1    1  5.33282E+14 0.00317 
   64   64    1    1    1    1    1    1    1    1  4.23071E+14 0.00310 
   65   65    1    1    1    1    1    1    1    1  4.16865E+14 0.00323 
   66   66    1    1    1    1    1    1    1    1  2.99844E+14 0.00321 
   67   67    1    1    1    1    1    1    1    1  2.46671E+14 0.00392 
   68   68    1    1    1    1    1    1    1    1  2.22299E+14 0.00393 
   69   69    1    1    1    1    1    1    1    1  2.65809E+14 0.00370 
   70   70    1    1    1    1    1    1    1    1  2.26321E+14 0.00467 
   71   71    1    1    1    1    1    1    1    1  4.20576E+14 0.00359 
   72   72    1    1    1    1    1    1    1    1  2.98192E+14 0.00316 
   73   73    1    1    1    1    1    1    1    1  2.22440E+14 0.00289 
   74   74    1    1    1    1    1    1    1    1  1.73835E+14 0.00317 
   75   75    1    1    1    1    1    1    1    1  1.41172E+14 0.00471 
   76   76    1    1    1    1    1    1    1    1  1.59725E+14 0.00448 
   77   77    1    1    1    1    1    1    1    1  1.23353E+14 0.00471 
   78   78    1    1    1    1    1    1    1    1  9.58712E+13 0.00482 
   79   79    1    1    1    1    1    1    1    1  9.78580E+13 0.00579 
   80   80    1    1    1    1    1    1    1    1  7.20555E+13 0.00374 
   81   81    1    1    1    1    1    1    1    1  5.51313E+13 0.00468 
   82   82    1    1    1    1    1    1    1    1  4.18356E+13 0.00566 
   83   83    1    1    1    1    1    1    1    1  3.90553E+13 0.00583 
   84   84    1    1    1    1    1    1    1    1  2.81706E+13 0.00687 
   85   85    1    1    1    1    1    1    1    1  2.04934E+13 0.00684 
   86   86    1    1    1    1    1    1    1    1  1.88993E+13 0.00809 
   87   87    1    1    1    1    1    1    1    1  1.17708E+13 0.00826 
   88   88    1    1    1    1    1    1    1    1  7.95878E+12 0.00964 
   89   89    1    1    1    1    1    1    1    1  4.61557E+12 0.01519 
   90   90    1    1    1    1    1    1    1    1  3.13059E+12 0.01550 
   91   91    1    1    1    1    1    1    1    1  1.53328E+12 0.02108 
   92   92    1    1    1    1    1    1    1    1  7.56258E+11 0.03604 
   93   93    1    1    1    1    1    1    1    1  3.31595E+11 0.03636 
   94   94    1    1    1    1    1    1    1    1  1.78323E+11 0.07440 
   95   95    1    1    1    1    1    1    1    1  8.08784E+10 0.09806 
   96   96    1    1    1    1    1    1    1    1  3.68560E+10 0.13302 
   97   97    1    1    1    1    1    1    1    1  2.50677E+10 0.16679 
   98   98    1    1    1    1    1    1    1    1  1.22277E+10 0.18357 
   99   99    1    1    1    1    1    1    1    1  8.27088E+09 0.28724 
  100  100    1    1    1    1    1    1    1    1  4.16927E+09 0.51733 
];


