
DETdpaspec = [
    1    1    1    1    1    1    1    1    1    1  0.00000E+00 0.00000 
    2    2    1    1    1    1    1    1    1    1  0.00000E+00 0.00000 
    3    3    1    1    1    1    1    1    1    1  0.00000E+00 0.00000 
    4    4    1    1    1    1    1    1    1    1  0.00000E+00 0.00000 
    5    5    1    1    1    1    1    1    1    1  0.00000E+00 0.00000 
    6    6    1    1    1    1    1    1    1    1  0.00000E+00 0.00000 
    7    7    1    1    1    1    1    1    1    1  2.86574E+07 0.69145 
    8    8    1    1    1    1    1    1    1    1  0.00000E+00 0.00000 
    9    9    1    1    1    1    1    1    1    1  0.00000E+00 0.00000 
   10   10    1    1    1    1    1    1    1    1  1.72248E+08 0.76955 
   11   11    1    1    1    1    1    1    1    1  6.13261E+07 1.00000 
   12   12    1    1    1    1    1    1    1    1  3.70489E+07 1.00000 
   13   13    1    1    1    1    1    1    1    1  8.28490E+08 0.45744 
   14   14    1    1    1    1    1    1    1    1  1.74555E+09 0.35687 
   15   15    1    1    1    1    1    1    1    1  3.74436E+09 0.43321 
   16   16    1    1    1    1    1    1    1    1  1.51492E+09 0.33605 
   17   17    1    1    1    1    1    1    1    1  2.45064E+09 0.29160 
   18   18    1    1    1    1    1    1    1    1  5.80297E+09 0.19825 
   19   19    1    1    1    1    1    1    1    1  6.74663E+09 0.25643 
   20   20    1    1    1    1    1    1    1    1  1.98934E+10 0.18916 
   21   21    1    1    1    1    1    1    1    1  1.94750E+10 0.14057 
   22   22    1    1    1    1    1    1    1    1  5.08506E+10 0.12535 
   23   23    1    1    1    1    1    1    1    1  5.64326E+10 0.08100 
   24   24    1    1    1    1    1    1    1    1  1.04907E+11 0.07278 
   25   25    1    1    1    1    1    1    1    1  1.33808E+11 0.06499 
   26   26    1    1    1    1    1    1    1    1  1.97864E+11 0.06606 
   27   27    1    1    1    1    1    1    1    1  3.43212E+11 0.05636 
   28   28    1    1    1    1    1    1    1    1  5.93162E+11 0.03167 
   29   29    1    1    1    1    1    1    1    1  8.53626E+11 0.02307 
   30   30    1    1    1    1    1    1    1    1  2.76537E+12 0.01713 
   31   31    1    1    1    1    1    1    1    1  8.07404E+12 0.01186 
   32   32    1    1    1    1    1    1    1    1  1.47128E+13 0.00743 
   33   33    1    1    1    1    1    1    1    1  3.15231E+13 0.00629 
   34   34    1    1    1    1    1    1    1    1  4.12589E+13 0.00550 
   35   35    1    1    1    1    1    1    1    1  6.05801E+13 0.00504 
   36   36    1    1    1    1    1    1    1    1  4.23891E+13 0.00546 
   37   37    1    1    1    1    1    1    1    1  1.36272E+13 0.00468 
   38   38    1    1    1    1    1    1    1    1  7.23451E+13 0.00391 
   39   39    1    1    1    1    1    1    1    1  9.66487E+13 0.00446 
   40   40    1    1    1    1    1    1    1    1  1.58972E+14 0.00359 
   41   41    1    1    1    1    1    1    1    1  1.67330E+14 0.00346 
   42   42    1    1    1    1    1    1    1    1  3.38673E+14 0.00333 
   43   43    1    1    1    1    1    1    1    1  4.03020E+14 0.00373 
   44   44    1    1    1    1    1    1    1    1  5.70238E+14 0.00365 
   45   45    1    1    1    1    1    1    1    1  1.07506E+15 0.00336 
   46   46    1    1    1    1    1    1    1    1  5.05079E+14 0.00354 
   47   47    1    1    1    1    1    1    1    1  8.21926E+14 0.00361 
   48   48    1    1    1    1    1    1    1    1  1.13447E+15 0.00415 
   49   49    1    1    1    1    1    1    1    1  1.12653E+15 0.00428 
   50   50    1    1    1    1    1    1    1    1  1.69578E+15 0.00387 
   51   51    1    1    1    1    1    1    1    1  1.38190E+15 0.00412 
   52   52    1    1    1    1    1    1    1    1  1.56950E+15 0.00432 
   53   53    1    1    1    1    1    1    1    1  1.09652E+15 0.00417 
   54   54    1    1    1    1    1    1    1    1  1.28934E+15 0.00457 
   55   55    1    1    1    1    1    1    1    1  8.92581E+14 0.00414 
   56   56    1    1    1    1    1    1    1    1  1.22917E+14 0.00457 
   57   57    1    1    1    1    1    1    1    1  1.77501E+15 0.00460 
   58   58    1    1    1    1    1    1    1    1  7.50029E+14 0.00441 
   59   59    1    1    1    1    1    1    1    1  8.05154E+14 0.00481 
   60   60    1    1    1    1    1    1    1    1  6.05150E+14 0.00431 
   61   61    1    1    1    1    1    1    1    1  6.09758E+14 0.00490 
   62   62    1    1    1    1    1    1    1    1  6.29971E+14 0.00460 
   63   63    1    1    1    1    1    1    1    1  5.23886E+14 0.00490 
   64   64    1    1    1    1    1    1    1    1  4.16310E+14 0.00510 
   65   65    1    1    1    1    1    1    1    1  4.10934E+14 0.00455 
   66   66    1    1    1    1    1    1    1    1  2.95155E+14 0.00497 
   67   67    1    1    1    1    1    1    1    1  2.42845E+14 0.00459 
   68   68    1    1    1    1    1    1    1    1  2.18715E+14 0.00480 
   69   69    1    1    1    1    1    1    1    1  2.63280E+14 0.00442 
   70   70    1    1    1    1    1    1    1    1  2.24878E+14 0.00489 
   71   71    1    1    1    1    1    1    1    1  4.20133E+14 0.00517 
   72   72    1    1    1    1    1    1    1    1  2.97834E+14 0.00456 
   73   73    1    1    1    1    1    1    1    1  2.22825E+14 0.00567 
   74   74    1    1    1    1    1    1    1    1  1.74039E+14 0.00555 
   75   75    1    1    1    1    1    1    1    1  1.39915E+14 0.00581 
   76   76    1    1    1    1    1    1    1    1  1.57623E+14 0.00564 
   77   77    1    1    1    1    1    1    1    1  1.21073E+14 0.00552 
   78   78    1    1    1    1    1    1    1    1  9.42904E+13 0.00547 
   79   79    1    1    1    1    1    1    1    1  9.58132E+13 0.00563 
   80   80    1    1    1    1    1    1    1    1  7.01591E+13 0.00605 
   81   81    1    1    1    1    1    1    1    1  5.36522E+13 0.00486 
   82   82    1    1    1    1    1    1    1    1  4.13266E+13 0.00627 
   83   83    1    1    1    1    1    1    1    1  3.83713E+13 0.00734 
   84   84    1    1    1    1    1    1    1    1  2.76469E+13 0.00735 
   85   85    1    1    1    1    1    1    1    1  1.97602E+13 0.00869 
   86   86    1    1    1    1    1    1    1    1  1.85646E+13 0.00621 
   87   87    1    1    1    1    1    1    1    1  1.13890E+13 0.01188 
   88   88    1    1    1    1    1    1    1    1  7.83006E+12 0.01068 
   89   89    1    1    1    1    1    1    1    1  4.47465E+12 0.01205 
   90   90    1    1    1    1    1    1    1    1  3.05979E+12 0.02318 
   91   91    1    1    1    1    1    1    1    1  1.58974E+12 0.02902 
   92   92    1    1    1    1    1    1    1    1  7.67767E+11 0.03765 
   93   93    1    1    1    1    1    1    1    1  3.74554E+11 0.07113 
   94   94    1    1    1    1    1    1    1    1  1.83305E+11 0.06883 
   95   95    1    1    1    1    1    1    1    1  7.56129E+10 0.09610 
   96   96    1    1    1    1    1    1    1    1  4.36850E+10 0.16249 
   97   97    1    1    1    1    1    1    1    1  1.48990E+10 0.25104 
   98   98    1    1    1    1    1    1    1    1  6.94163E+09 0.33848 
   99   99    1    1    1    1    1    1    1    1  7.53374E+08 0.68840 
  100  100    1    1    1    1    1    1    1    1  5.65850E+09 0.40133 
];


