
DETdpaspec = [
    1    1    1    1    1    1    1    1    1    1  0.00000E+00 0.00000 
    2    2    1    1    1    1    1    1    1    1  0.00000E+00 0.00000 
    3    3    1    1    1    1    1    1    1    1  0.00000E+00 0.00000 
    4    4    1    1    1    1    1    1    1    1  0.00000E+00 0.00000 
    5    5    1    1    1    1    1    1    1    1  0.00000E+00 0.00000 
    6    6    1    1    1    1    1    1    1    1  0.00000E+00 0.00000 
    7    7    1    1    1    1    1    1    1    1  0.00000E+00 0.00000 
    8    8    1    1    1    1    1    1    1    1  0.00000E+00 0.00000 
    9    9    1    1    1    1    1    1    1    1  0.00000E+00 0.00000 
   10   10    1    1    1    1    1    1    1    1  0.00000E+00 0.00000 
   11   11    1    1    1    1    1    1    1    1  0.00000E+00 0.00000 
   12   12    1    1    1    1    1    1    1    1  0.00000E+00 0.00000 
   13   13    1    1    1    1    1    1    1    1  0.00000E+00 0.00000 
   14   14    1    1    1    1    1    1    1    1  0.00000E+00 0.00000 
   15   15    1    1    1    1    1    1    1    1  0.00000E+00 0.00000 
   16   16    1    1    1    1    1    1    1    1  0.00000E+00 0.00000 
   17   17    1    1    1    1    1    1    1    1  2.03860E+09 0.55249 
   18   18    1    1    1    1    1    1    1    1  5.84687E+09 0.44557 
   19   19    1    1    1    1    1    1    1    1  4.75073E+09 0.47535 
   20   20    1    1    1    1    1    1    1    1  2.81761E+10 0.22671 
   21   21    1    1    1    1    1    1    1    1  1.47073E+11 0.06941 
   22   22    1    1    1    1    1    1    1    1  5.89350E+11 0.05142 
   23   23    1    1    1    1    1    1    1    1  1.77287E+12 0.01924 
   24   24    1    1    1    1    1    1    1    1  4.26059E+12 0.01054 
   25   25    1    1    1    1    1    1    1    1  5.84328E+12 0.01153 
   26   26    1    1    1    1    1    1    1    1  1.07942E+13 0.00989 
   27   27    1    1    1    1    1    1    1    1  1.79234E+13 0.00606 
   28   28    1    1    1    1    1    1    1    1  2.82001E+13 0.00685 
   29   29    1    1    1    1    1    1    1    1  3.96356E+13 0.00678 
   30   30    1    1    1    1    1    1    1    1  6.96296E+13 0.00548 
   31   31    1    1    1    1    1    1    1    1  1.22062E+14 0.00530 
   32   32    1    1    1    1    1    1    1    1  1.65694E+14 0.00442 
   33   33    1    1    1    1    1    1    1    1  3.03123E+14 0.00454 
   34   34    1    1    1    1    1    1    1    1  3.48427E+14 0.00424 
   35   35    1    1    1    1    1    1    1    1  3.34263E+14 0.00441 
   36   36    1    1    1    1    1    1    1    1  1.90943E+14 0.00464 
   37   37    1    1    1    1    1    1    1    1  5.50346E+13 0.00419 
   38   38    1    1    1    1    1    1    1    1  3.15838E+14 0.00380 
   39   39    1    1    1    1    1    1    1    1  4.12049E+14 0.00373 
   40   40    1    1    1    1    1    1    1    1  6.84361E+14 0.00380 
   41   41    1    1    1    1    1    1    1    1  6.45107E+14 0.00343 
   42   42    1    1    1    1    1    1    1    1  1.37218E+15 0.00370 
   43   43    1    1    1    1    1    1    1    1  1.60242E+15 0.00351 
   44   44    1    1    1    1    1    1    1    1  2.22232E+15 0.00370 
   45   45    1    1    1    1    1    1    1    1  4.17715E+15 0.00392 
   46   46    1    1    1    1    1    1    1    1  1.79432E+15 0.00393 
   47   47    1    1    1    1    1    1    1    1  2.80163E+15 0.00382 
   48   48    1    1    1    1    1    1    1    1  3.74323E+15 0.00381 
   49   49    1    1    1    1    1    1    1    1  3.57189E+15 0.00380 
   50   50    1    1    1    1    1    1    1    1  5.42299E+15 0.00403 
   51   51    1    1    1    1    1    1    1    1  4.06341E+15 0.00411 
   52   52    1    1    1    1    1    1    1    1  4.80418E+15 0.00406 
   53   53    1    1    1    1    1    1    1    1  3.20259E+15 0.00419 
   54   54    1    1    1    1    1    1    1    1  3.91706E+15 0.00424 
   55   55    1    1    1    1    1    1    1    1  2.62624E+15 0.00425 
   56   56    1    1    1    1    1    1    1    1  3.51723E+14 0.00443 
   57   57    1    1    1    1    1    1    1    1  5.09205E+15 0.00417 
   58   58    1    1    1    1    1    1    1    1  2.28804E+15 0.00441 
   59   59    1    1    1    1    1    1    1    1  2.36617E+15 0.00446 
   60   60    1    1    1    1    1    1    1    1  1.84725E+15 0.00447 
   61   61    1    1    1    1    1    1    1    1  1.82581E+15 0.00444 
   62   62    1    1    1    1    1    1    1    1  1.88646E+15 0.00463 
   63   63    1    1    1    1    1    1    1    1  1.56748E+15 0.00459 
   64   64    1    1    1    1    1    1    1    1  1.22582E+15 0.00467 
   65   65    1    1    1    1    1    1    1    1  1.19983E+15 0.00472 
   66   66    1    1    1    1    1    1    1    1  8.48403E+14 0.00456 
   67   67    1    1    1    1    1    1    1    1  6.80776E+14 0.00489 
   68   68    1    1    1    1    1    1    1    1  6.04546E+14 0.00447 
   69   69    1    1    1    1    1    1    1    1  7.16758E+14 0.00466 
   70   70    1    1    1    1    1    1    1    1  5.99564E+14 0.00509 
   71   71    1    1    1    1    1    1    1    1  1.04625E+15 0.00477 
   72   72    1    1    1    1    1    1    1    1  7.21747E+14 0.00496 
   73   73    1    1    1    1    1    1    1    1  5.35960E+14 0.00521 
   74   74    1    1    1    1    1    1    1    1  4.33774E+14 0.00511 
   75   75    1    1    1    1    1    1    1    1  3.63024E+14 0.00479 
   76   76    1    1    1    1    1    1    1    1  4.22373E+14 0.00489 
   77   77    1    1    1    1    1    1    1    1  3.35810E+14 0.00538 
   78   78    1    1    1    1    1    1    1    1  2.67911E+14 0.00501 
   79   79    1    1    1    1    1    1    1    1  2.75875E+14 0.00474 
   80   80    1    1    1    1    1    1    1    1  2.02982E+14 0.00580 
   81   81    1    1    1    1    1    1    1    1  1.54922E+14 0.00556 
   82   82    1    1    1    1    1    1    1    1  1.17922E+14 0.00497 
   83   83    1    1    1    1    1    1    1    1  1.09843E+14 0.00560 
   84   84    1    1    1    1    1    1    1    1  7.75091E+13 0.00671 
   85   85    1    1    1    1    1    1    1    1  5.54375E+13 0.00568 
   86   86    1    1    1    1    1    1    1    1  5.08428E+13 0.00582 
   87   87    1    1    1    1    1    1    1    1  3.05864E+13 0.00576 
   88   88    1    1    1    1    1    1    1    1  1.99193E+13 0.00716 
   89   89    1    1    1    1    1    1    1    1  1.10640E+13 0.01162 
   90   90    1    1    1    1    1    1    1    1  7.13706E+12 0.00942 
   91   91    1    1    1    1    1    1    1    1  3.36504E+12 0.01158 
   92   92    1    1    1    1    1    1    1    1  1.56223E+12 0.02002 
   93   93    1    1    1    1    1    1    1    1  7.30330E+11 0.02557 
   94   94    1    1    1    1    1    1    1    1  3.48262E+11 0.05966 
   95   95    1    1    1    1    1    1    1    1  1.76356E+11 0.05203 
   96   96    1    1    1    1    1    1    1    1  7.94024E+10 0.11373 
   97   97    1    1    1    1    1    1    1    1  3.87919E+10 0.15495 
   98   98    1    1    1    1    1    1    1    1  2.01748E+10 0.20304 
   99   99    1    1    1    1    1    1    1    1  5.01517E+09 0.25957 
  100  100    1    1    1    1    1    1    1    1  6.38061E+09 0.42773 
];


