
DETdpaspec = [
    1    1    1    1    1    1    1    1    1    1  0.00000E+00 0.00000 
    2    2    1    1    1    1    1    1    1    1  0.00000E+00 0.00000 
    3    3    1    1    1    1    1    1    1    1  0.00000E+00 0.00000 
    4    4    1    1    1    1    1    1    1    1  0.00000E+00 0.00000 
    5    5    1    1    1    1    1    1    1    1  0.00000E+00 0.00000 
    6    6    1    1    1    1    1    1    1    1  0.00000E+00 0.00000 
    7    7    1    1    1    1    1    1    1    1  1.35050E+07 1.00000 
    8    8    1    1    1    1    1    1    1    1  3.59208E+07 1.00000 
    9    9    1    1    1    1    1    1    1    1  1.09661E+07 1.00000 
   10   10    1    1    1    1    1    1    1    1  2.02844E+08 0.41789 
   11   11    1    1    1    1    1    1    1    1  0.00000E+00 0.00000 
   12   12    1    1    1    1    1    1    1    1  4.35074E+07 0.88657 
   13   13    1    1    1    1    1    1    1    1  1.56071E+09 0.54672 
   14   14    1    1    1    1    1    1    1    1  3.07174E+09 0.45399 
   15   15    1    1    1    1    1    1    1    1  7.56045E+09 0.28576 
   16   16    1    1    1    1    1    1    1    1  7.74404E+08 0.30945 
   17   17    1    1    1    1    1    1    1    1  3.05386E+09 0.31306 
   18   18    1    1    1    1    1    1    1    1  1.52250E+10 0.16196 
   19   19    1    1    1    1    1    1    1    1  9.60422E+09 0.16646 
   20   20    1    1    1    1    1    1    1    1  3.77807E+10 0.14155 
   21   21    1    1    1    1    1    1    1    1  2.79839E+10 0.09916 
   22   22    1    1    1    1    1    1    1    1  7.94583E+10 0.10585 
   23   23    1    1    1    1    1    1    1    1  1.07796E+11 0.07940 
   24   24    1    1    1    1    1    1    1    1  1.73066E+11 0.05484 
   25   25    1    1    1    1    1    1    1    1  1.94995E+11 0.05469 
   26   26    1    1    1    1    1    1    1    1  3.12123E+11 0.04309 
   27   27    1    1    1    1    1    1    1    1  5.82879E+11 0.03534 
   28   28    1    1    1    1    1    1    1    1  1.10885E+12 0.02251 
   29   29    1    1    1    1    1    1    1    1  1.61928E+12 0.02232 
   30   30    1    1    1    1    1    1    1    1  4.91393E+12 0.01051 
   31   31    1    1    1    1    1    1    1    1  1.57046E+13 0.00679 
   32   32    1    1    1    1    1    1    1    1  3.02255E+13 0.00526 
   33   33    1    1    1    1    1    1    1    1  7.13537E+13 0.00396 
   34   34    1    1    1    1    1    1    1    1  9.84562E+13 0.00329 
   35   35    1    1    1    1    1    1    1    1  1.37540E+14 0.00234 
   36   36    1    1    1    1    1    1    1    1  9.54979E+13 0.00247 
   37   37    1    1    1    1    1    1    1    1  2.98598E+13 0.00208 
   38   38    1    1    1    1    1    1    1    1  1.64942E+14 0.00175 
   39   39    1    1    1    1    1    1    1    1  2.23296E+14 0.00170 
   40   40    1    1    1    1    1    1    1    1  3.80749E+14 0.00156 
   41   41    1    1    1    1    1    1    1    1  3.92416E+14 0.00157 
   42   42    1    1    1    1    1    1    1    1  8.30195E+14 0.00131 
   43   43    1    1    1    1    1    1    1    1  1.00693E+15 0.00112 
   44   44    1    1    1    1    1    1    1    1  1.46602E+15 0.00098 
   45   45    1    1    1    1    1    1    1    1  2.89523E+15 0.00127 
   46   46    1    1    1    1    1    1    1    1  1.36362E+15 0.00128 
   47   47    1    1    1    1    1    1    1    1  2.22102E+15 0.00117 
   48   48    1    1    1    1    1    1    1    1  3.10200E+15 0.00105 
   49   49    1    1    1    1    1    1    1    1  3.09312E+15 0.00113 
   50   50    1    1    1    1    1    1    1    1  4.77924E+15 0.00102 
   51   51    1    1    1    1    1    1    1    1  3.85788E+15 0.00111 
   52   52    1    1    1    1    1    1    1    1  4.52722E+15 0.00109 
   53   53    1    1    1    1    1    1    1    1  3.15642E+15 0.00104 
   54   54    1    1    1    1    1    1    1    1  3.81154E+15 0.00120 
   55   55    1    1    1    1    1    1    1    1  2.63000E+15 0.00101 
   56   56    1    1    1    1    1    1    1    1  3.59327E+14 0.00108 
   57   57    1    1    1    1    1    1    1    1  5.24211E+15 0.00109 
   58   58    1    1    1    1    1    1    1    1  2.29402E+15 0.00120 
   59   59    1    1    1    1    1    1    1    1  2.44813E+15 0.00120 
   60   60    1    1    1    1    1    1    1    1  1.88013E+15 0.00149 
   61   61    1    1    1    1    1    1    1    1  1.89228E+15 0.00140 
   62   62    1    1    1    1    1    1    1    1  1.96837E+15 0.00128 
   63   63    1    1    1    1    1    1    1    1  1.64738E+15 0.00137 
   64   64    1    1    1    1    1    1    1    1  1.31340E+15 0.00142 
   65   65    1    1    1    1    1    1    1    1  1.30228E+15 0.00114 
   66   66    1    1    1    1    1    1    1    1  9.35122E+14 0.00163 
   67   67    1    1    1    1    1    1    1    1  7.65815E+14 0.00140 
   68   68    1    1    1    1    1    1    1    1  6.91374E+14 0.00197 
   69   69    1    1    1    1    1    1    1    1  8.27484E+14 0.00176 
   70   70    1    1    1    1    1    1    1    1  7.04692E+14 0.00171 
   71   71    1    1    1    1    1    1    1    1  1.29730E+15 0.00166 
   72   72    1    1    1    1    1    1    1    1  9.20216E+14 0.00180 
   73   73    1    1    1    1    1    1    1    1  6.90173E+14 0.00140 
   74   74    1    1    1    1    1    1    1    1  5.47230E+14 0.00213 
   75   75    1    1    1    1    1    1    1    1  4.50430E+14 0.00178 
   76   76    1    1    1    1    1    1    1    1  5.19793E+14 0.00171 
   77   77    1    1    1    1    1    1    1    1  4.04750E+14 0.00193 
   78   78    1    1    1    1    1    1    1    1  3.20973E+14 0.00259 
   79   79    1    1    1    1    1    1    1    1  3.28713E+14 0.00200 
   80   80    1    1    1    1    1    1    1    1  2.43250E+14 0.00243 
   81   81    1    1    1    1    1    1    1    1  1.85925E+14 0.00249 
   82   82    1    1    1    1    1    1    1    1  1.43117E+14 0.00269 
   83   83    1    1    1    1    1    1    1    1  1.32957E+14 0.00328 
   84   84    1    1    1    1    1    1    1    1  9.60675E+13 0.00288 
   85   85    1    1    1    1    1    1    1    1  6.91697E+13 0.00319 
   86   86    1    1    1    1    1    1    1    1  6.42301E+13 0.00400 
   87   87    1    1    1    1    1    1    1    1  4.01025E+13 0.00377 
   88   88    1    1    1    1    1    1    1    1  2.71945E+13 0.00584 
   89   89    1    1    1    1    1    1    1    1  1.55480E+13 0.00730 
   90   90    1    1    1    1    1    1    1    1  1.03217E+13 0.00643 
   91   91    1    1    1    1    1    1    1    1  5.22691E+12 0.01809 
   92   92    1    1    1    1    1    1    1    1  2.49051E+12 0.01948 
   93   93    1    1    1    1    1    1    1    1  1.22556E+12 0.02318 
   94   94    1    1    1    1    1    1    1    1  6.41323E+11 0.04192 
   95   95    1    1    1    1    1    1    1    1  2.97670E+11 0.04903 
   96   96    1    1    1    1    1    1    1    1  1.52324E+11 0.08391 
   97   97    1    1    1    1    1    1    1    1  6.26467E+10 0.06419 
   98   98    1    1    1    1    1    1    1    1  2.80652E+10 0.17540 
   99   99    1    1    1    1    1    1    1    1  8.26276E+09 0.27188 
  100  100    1    1    1    1    1    1    1    1  1.74437E+10 0.25897 
];


