
DETdpaspec = [
    1    1    1    1    1    1    1    1    1    1  0.00000E+00 0.00000 
    2    2    1    1    1    1    1    1    1    1  0.00000E+00 0.00000 
    3    3    1    1    1    1    1    1    1    1  0.00000E+00 0.00000 
    4    4    1    1    1    1    1    1    1    1  0.00000E+00 0.00000 
    5    5    1    1    1    1    1    1    1    1  1.95593E+07 1.00000 
    6    6    1    1    1    1    1    1    1    1  0.00000E+00 0.00000 
    7    7    1    1    1    1    1    1    1    1  2.25801E+07 1.00000 
    8    8    1    1    1    1    1    1    1    1  0.00000E+00 0.00000 
    9    9    1    1    1    1    1    1    1    1  0.00000E+00 0.00000 
   10   10    1    1    1    1    1    1    1    1  0.00000E+00 0.00000 
   11   11    1    1    1    1    1    1    1    1  1.68098E+08 1.00000 
   12   12    1    1    1    1    1    1    1    1  1.08572E+08 0.68879 
   13   13    1    1    1    1    1    1    1    1  1.24702E+09 0.58735 
   14   14    1    1    1    1    1    1    1    1  6.84794E+09 0.38032 
   15   15    1    1    1    1    1    1    1    1  3.75319E+09 0.76064 
   16   16    1    1    1    1    1    1    1    1  2.54974E+09 0.47877 
   17   17    1    1    1    1    1    1    1    1  6.36635E+09 0.30431 
   18   18    1    1    1    1    1    1    1    1  8.53760E+09 0.25604 
   19   19    1    1    1    1    1    1    1    1  9.94510E+09 0.27252 
   20   20    1    1    1    1    1    1    1    1  4.61349E+10 0.12616 
   21   21    1    1    1    1    1    1    1    1  3.32404E+10 0.11352 
   22   22    1    1    1    1    1    1    1    1  6.16550E+10 0.07333 
   23   23    1    1    1    1    1    1    1    1  9.85502E+10 0.07157 
   24   24    1    1    1    1    1    1    1    1  1.86882E+11 0.05881 
   25   25    1    1    1    1    1    1    1    1  2.40975E+11 0.05917 
   26   26    1    1    1    1    1    1    1    1  4.10115E+11 0.03708 
   27   27    1    1    1    1    1    1    1    1  8.64402E+11 0.03314 
   28   28    1    1    1    1    1    1    1    1  2.09300E+12 0.01737 
   29   29    1    1    1    1    1    1    1    1  3.87263E+12 0.01457 
   30   30    1    1    1    1    1    1    1    1  1.00700E+13 0.00969 
   31   31    1    1    1    1    1    1    1    1  3.02403E+13 0.00668 
   32   32    1    1    1    1    1    1    1    1  5.49734E+13 0.00536 
   33   33    1    1    1    1    1    1    1    1  1.30434E+14 0.00269 
   34   34    1    1    1    1    1    1    1    1  1.81787E+14 0.00267 
   35   35    1    1    1    1    1    1    1    1  2.22129E+14 0.00196 
   36   36    1    1    1    1    1    1    1    1  1.44821E+14 0.00201 
   37   37    1    1    1    1    1    1    1    1  4.35392E+13 0.00197 
   38   38    1    1    1    1    1    1    1    1  2.48730E+14 0.00211 
   39   39    1    1    1    1    1    1    1    1  3.37199E+14 0.00169 
   40   40    1    1    1    1    1    1    1    1  5.82270E+14 0.00126 
   41   41    1    1    1    1    1    1    1    1  5.81255E+14 0.00125 
   42   42    1    1    1    1    1    1    1    1  1.26384E+15 0.00110 
   43   43    1    1    1    1    1    1    1    1  1.54062E+15 0.00112 
   44   44    1    1    1    1    1    1    1    1  2.24920E+15 0.00089 
   45   45    1    1    1    1    1    1    1    1  4.52098E+15 0.00095 
   46   46    1    1    1    1    1    1    1    1  2.08894E+15 0.00101 
   47   47    1    1    1    1    1    1    1    1  3.36575E+15 0.00091 
   48   48    1    1    1    1    1    1    1    1  4.70297E+15 0.00077 
   49   49    1    1    1    1    1    1    1    1  4.65839E+15 0.00064 
   50   50    1    1    1    1    1    1    1    1  7.32504E+15 0.00065 
   51   51    1    1    1    1    1    1    1    1  5.78911E+15 0.00049 
   52   52    1    1    1    1    1    1    1    1  6.96753E+15 0.00071 
   53   53    1    1    1    1    1    1    1    1  4.82995E+15 0.00062 
   54   54    1    1    1    1    1    1    1    1  5.97502E+15 0.00057 
   55   55    1    1    1    1    1    1    1    1  4.10158E+15 0.00064 
   56   56    1    1    1    1    1    1    1    1  5.56458E+14 0.00086 
   57   57    1    1    1    1    1    1    1    1  8.15665E+15 0.00062 
   58   58    1    1    1    1    1    1    1    1  3.68607E+15 0.00074 
   59   59    1    1    1    1    1    1    1    1  3.90464E+15 0.00084 
   60   60    1    1    1    1    1    1    1    1  3.06814E+15 0.00075 
   61   61    1    1    1    1    1    1    1    1  3.07084E+15 0.00102 
   62   62    1    1    1    1    1    1    1    1  3.20867E+15 0.00102 
   63   63    1    1    1    1    1    1    1    1  2.70536E+15 0.00081 
   64   64    1    1    1    1    1    1    1    1  2.15263E+15 0.00096 
   65   65    1    1    1    1    1    1    1    1  2.13961E+15 0.00075 
   66   66    1    1    1    1    1    1    1    1  1.53981E+15 0.00088 
   67   67    1    1    1    1    1    1    1    1  1.25000E+15 0.00089 
   68   68    1    1    1    1    1    1    1    1  1.11938E+15 0.00105 
   69   69    1    1    1    1    1    1    1    1  1.34371E+15 0.00085 
   70   70    1    1    1    1    1    1    1    1  1.14388E+15 0.00095 
   71   71    1    1    1    1    1    1    1    1  2.06228E+15 0.00095 
   72   72    1    1    1    1    1    1    1    1  1.45341E+15 0.00081 
   73   73    1    1    1    1    1    1    1    1  1.09719E+15 0.00102 
   74   74    1    1    1    1    1    1    1    1  8.88001E+14 0.00117 
   75   75    1    1    1    1    1    1    1    1  7.42604E+14 0.00103 
   76   76    1    1    1    1    1    1    1    1  8.65429E+14 0.00127 
   77   77    1    1    1    1    1    1    1    1  6.90297E+14 0.00128 
   78   78    1    1    1    1    1    1    1    1  5.51435E+14 0.00146 
   79   79    1    1    1    1    1    1    1    1  5.72344E+14 0.00144 
   80   80    1    1    1    1    1    1    1    1  4.24860E+14 0.00161 
   81   81    1    1    1    1    1    1    1    1  3.27880E+14 0.00180 
   82   82    1    1    1    1    1    1    1    1  2.51869E+14 0.00219 
   83   83    1    1    1    1    1    1    1    1  2.35206E+14 0.00173 
   84   84    1    1    1    1    1    1    1    1  1.69496E+14 0.00226 
   85   85    1    1    1    1    1    1    1    1  1.22153E+14 0.00256 
   86   86    1    1    1    1    1    1    1    1  1.14414E+14 0.00257 
   87   87    1    1    1    1    1    1    1    1  7.04570E+13 0.00381 
   88   88    1    1    1    1    1    1    1    1  4.75782E+13 0.00459 
   89   89    1    1    1    1    1    1    1    1  2.69661E+13 0.00516 
   90   90    1    1    1    1    1    1    1    1  1.79737E+13 0.00585 
   91   91    1    1    1    1    1    1    1    1  8.85108E+12 0.00839 
   92   92    1    1    1    1    1    1    1    1  4.46998E+12 0.01337 
   93   93    1    1    1    1    1    1    1    1  2.07870E+12 0.02367 
   94   94    1    1    1    1    1    1    1    1  1.03490E+12 0.02432 
   95   95    1    1    1    1    1    1    1    1  4.75423E+11 0.03436 
   96   96    1    1    1    1    1    1    1    1  2.14924E+11 0.06016 
   97   97    1    1    1    1    1    1    1    1  1.01874E+11 0.08963 
   98   98    1    1    1    1    1    1    1    1  4.49062E+10 0.12754 
   99   99    1    1    1    1    1    1    1    1  2.26544E+10 0.14237 
  100  100    1    1    1    1    1    1    1    1  2.93171E+10 0.21813 
];


