
DETdpaspec = [
    1    1    1    1    1    1    1    1    1    1  0.00000E+00 0.00000 
    2    2    1    1    1    1    1    1    1    1  0.00000E+00 0.00000 
    3    3    1    1    1    1    1    1    1    1  0.00000E+00 0.00000 
    4    4    1    1    1    1    1    1    1    1  0.00000E+00 0.00000 
    5    5    1    1    1    1    1    1    1    1  1.16563E+07 1.00000 
    6    6    1    1    1    1    1    1    1    1  0.00000E+00 0.00000 
    7    7    1    1    1    1    1    1    1    1  1.36836E+07 1.00000 
    8    8    1    1    1    1    1    1    1    1  4.18782E+07 0.68838 
    9    9    1    1    1    1    1    1    1    1  9.94858E+06 1.00000 
   10   10    1    1    1    1    1    1    1    1  5.93871E+07 1.00000 
   11   11    1    1    1    1    1    1    1    1  1.80654E+08 0.76376 
   12   12    1    1    1    1    1    1    1    1  1.19190E+08 0.39332 
   13   13    1    1    1    1    1    1    1    1  1.21284E+09 0.45295 
   14   14    1    1    1    1    1    1    1    1  3.30299E+09 0.36947 
   15   15    1    1    1    1    1    1    1    1  6.31939E+09 0.28191 
   16   16    1    1    1    1    1    1    1    1  2.07130E+09 0.35193 
   17   17    1    1    1    1    1    1    1    1  3.66346E+09 0.21266 
   18   18    1    1    1    1    1    1    1    1  7.20705E+09 0.22571 
   19   19    1    1    1    1    1    1    1    1  1.14988E+10 0.17145 
   20   20    1    1    1    1    1    1    1    1  3.66471E+10 0.10798 
   21   21    1    1    1    1    1    1    1    1  2.86005E+10 0.09625 
   22   22    1    1    1    1    1    1    1    1  8.19955E+10 0.06147 
   23   23    1    1    1    1    1    1    1    1  1.01984E+11 0.07740 
   24   24    1    1    1    1    1    1    1    1  1.58646E+11 0.06032 
   25   25    1    1    1    1    1    1    1    1  2.07987E+11 0.06327 
   26   26    1    1    1    1    1    1    1    1  3.17852E+11 0.03458 
   27   27    1    1    1    1    1    1    1    1  5.36639E+11 0.04383 
   28   28    1    1    1    1    1    1    1    1  9.67110E+11 0.02165 
   29   29    1    1    1    1    1    1    1    1  1.46673E+12 0.02171 
   30   30    1    1    1    1    1    1    1    1  4.45227E+12 0.00942 
   31   31    1    1    1    1    1    1    1    1  1.40872E+13 0.00600 
   32   32    1    1    1    1    1    1    1    1  2.69403E+13 0.00549 
   33   33    1    1    1    1    1    1    1    1  6.26266E+13 0.00383 
   34   34    1    1    1    1    1    1    1    1  8.55201E+13 0.00341 
   35   35    1    1    1    1    1    1    1    1  1.20974E+14 0.00208 
   36   36    1    1    1    1    1    1    1    1  8.42543E+13 0.00244 
   37   37    1    1    1    1    1    1    1    1  2.64603E+13 0.00307 
   38   38    1    1    1    1    1    1    1    1  1.45588E+14 0.00261 
   39   39    1    1    1    1    1    1    1    1  1.96142E+14 0.00230 
   40   40    1    1    1    1    1    1    1    1  3.32044E+14 0.00200 
   41   41    1    1    1    1    1    1    1    1  3.43797E+14 0.00193 
   42   42    1    1    1    1    1    1    1    1  7.21910E+14 0.00210 
   43   43    1    1    1    1    1    1    1    1  8.76311E+14 0.00159 
   44   44    1    1    1    1    1    1    1    1  1.26868E+15 0.00135 
   45   45    1    1    1    1    1    1    1    1  2.48422E+15 0.00132 
   46   46    1    1    1    1    1    1    1    1  1.17047E+15 0.00163 
   47   47    1    1    1    1    1    1    1    1  1.90628E+15 0.00167 
   48   48    1    1    1    1    1    1    1    1  2.65743E+15 0.00144 
   49   49    1    1    1    1    1    1    1    1  2.64697E+15 0.00129 
   50   50    1    1    1    1    1    1    1    1  4.06733E+15 0.00150 
   51   51    1    1    1    1    1    1    1    1  3.28869E+15 0.00158 
   52   52    1    1    1    1    1    1    1    1  3.83867E+15 0.00152 
   53   53    1    1    1    1    1    1    1    1  2.67639E+15 0.00136 
   54   54    1    1    1    1    1    1    1    1  3.21369E+15 0.00131 
   55   55    1    1    1    1    1    1    1    1  2.21852E+15 0.00139 
   56   56    1    1    1    1    1    1    1    1  3.02917E+14 0.00160 
   57   57    1    1    1    1    1    1    1    1  4.41564E+15 0.00159 
   58   58    1    1    1    1    1    1    1    1  1.91857E+15 0.00157 
   59   59    1    1    1    1    1    1    1    1  2.05134E+15 0.00164 
   60   60    1    1    1    1    1    1    1    1  1.56969E+15 0.00142 
   61   61    1    1    1    1    1    1    1    1  1.57852E+15 0.00145 
   62   62    1    1    1    1    1    1    1    1  1.63862E+15 0.00163 
   63   63    1    1    1    1    1    1    1    1  1.37069E+15 0.00178 
   64   64    1    1    1    1    1    1    1    1  1.08974E+15 0.00170 
   65   65    1    1    1    1    1    1    1    1  1.07963E+15 0.00210 
   66   66    1    1    1    1    1    1    1    1  7.74535E+14 0.00210 
   67   67    1    1    1    1    1    1    1    1  6.35182E+14 0.00229 
   68   68    1    1    1    1    1    1    1    1  5.71802E+14 0.00222 
   69   69    1    1    1    1    1    1    1    1  6.85634E+14 0.00207 
   70   70    1    1    1    1    1    1    1    1  5.84962E+14 0.00241 
   71   71    1    1    1    1    1    1    1    1  1.07671E+15 0.00162 
   72   72    1    1    1    1    1    1    1    1  7.63266E+14 0.00173 
   73   73    1    1    1    1    1    1    1    1  5.72544E+14 0.00253 
   74   74    1    1    1    1    1    1    1    1  4.54048E+14 0.00239 
   75   75    1    1    1    1    1    1    1    1  3.71564E+14 0.00270 
   76   76    1    1    1    1    1    1    1    1  4.23414E+14 0.00196 
   77   77    1    1    1    1    1    1    1    1  3.31006E+14 0.00206 
   78   78    1    1    1    1    1    1    1    1  2.60792E+14 0.00241 
   79   79    1    1    1    1    1    1    1    1  2.66733E+14 0.00257 
   80   80    1    1    1    1    1    1    1    1  1.97084E+14 0.00221 
   81   81    1    1    1    1    1    1    1    1  1.51054E+14 0.00254 
   82   82    1    1    1    1    1    1    1    1  1.15988E+14 0.00353 
   83   83    1    1    1    1    1    1    1    1  1.08515E+14 0.00367 
   84   84    1    1    1    1    1    1    1    1  7.74605E+13 0.00353 
   85   85    1    1    1    1    1    1    1    1  5.62094E+13 0.00281 
   86   86    1    1    1    1    1    1    1    1  5.21924E+13 0.00411 
   87   87    1    1    1    1    1    1    1    1  3.26367E+13 0.00512 
   88   88    1    1    1    1    1    1    1    1  2.19399E+13 0.00727 
   89   89    1    1    1    1    1    1    1    1  1.25855E+13 0.00705 
   90   90    1    1    1    1    1    1    1    1  8.50622E+12 0.00814 
   91   91    1    1    1    1    1    1    1    1  4.29362E+12 0.01092 
   92   92    1    1    1    1    1    1    1    1  2.09743E+12 0.01777 
   93   93    1    1    1    1    1    1    1    1  1.02348E+12 0.02816 
   94   94    1    1    1    1    1    1    1    1  4.67623E+11 0.05114 
   95   95    1    1    1    1    1    1    1    1  2.47130E+11 0.05289 
   96   96    1    1    1    1    1    1    1    1  1.14301E+11 0.10025 
   97   97    1    1    1    1    1    1    1    1  5.40677E+10 0.12889 
   98   98    1    1    1    1    1    1    1    1  3.07325E+10 0.14780 
   99   99    1    1    1    1    1    1    1    1  1.21656E+10 0.23412 
  100  100    1    1    1    1    1    1    1    1  9.45371E+09 0.31449 
];


