
DETdpaspec = [
    1    1    1    1    1    1    1    1    1    1  0.00000E+00 0.00000 
    2    2    1    1    1    1    1    1    1    1  0.00000E+00 0.00000 
    3    3    1    1    1    1    1    1    1    1  0.00000E+00 0.00000 
    4    4    1    1    1    1    1    1    1    1  0.00000E+00 0.00000 
    5    5    1    1    1    1    1    1    1    1  0.00000E+00 0.00000 
    6    6    1    1    1    1    1    1    1    1  0.00000E+00 0.00000 
    7    7    1    1    1    1    1    1    1    1  0.00000E+00 0.00000 
    8    8    1    1    1    1    1    1    1    1  2.28688E+07 1.00000 
    9    9    1    1    1    1    1    1    1    1  1.73590E+07 1.00000 
   10   10    1    1    1    1    1    1    1    1  1.79772E+08 0.74306 
   11   11    1    1    1    1    1    1    1    1  3.08401E+08 0.68146 
   12   12    1    1    1    1    1    1    1    1  4.60472E+07 0.66261 
   13   13    1    1    1    1    1    1    1    1  1.88674E+09 0.61592 
   14   14    1    1    1    1    1    1    1    1  2.32259E+09 0.41488 
   15   15    1    1    1    1    1    1    1    1  6.14703E+09 0.30303 
   16   16    1    1    1    1    1    1    1    1  1.95855E+09 0.37818 
   17   17    1    1    1    1    1    1    1    1  3.39473E+09 0.28857 
   18   18    1    1    1    1    1    1    1    1  1.02817E+10 0.20833 
   19   19    1    1    1    1    1    1    1    1  1.21174E+10 0.15923 
   20   20    1    1    1    1    1    1    1    1  3.35090E+10 0.12937 
   21   21    1    1    1    1    1    1    1    1  2.69564E+10 0.09139 
   22   22    1    1    1    1    1    1    1    1  9.48220E+10 0.06487 
   23   23    1    1    1    1    1    1    1    1  1.09880E+11 0.07790 
   24   24    1    1    1    1    1    1    1    1  1.54871E+11 0.05855 
   25   25    1    1    1    1    1    1    1    1  2.01295E+11 0.05429 
   26   26    1    1    1    1    1    1    1    1  3.45086E+11 0.04274 
   27   27    1    1    1    1    1    1    1    1  6.64306E+11 0.03395 
   28   28    1    1    1    1    1    1    1    1  9.83882E+11 0.02086 
   29   29    1    1    1    1    1    1    1    1  1.25353E+12 0.02299 
   30   30    1    1    1    1    1    1    1    1  4.39899E+12 0.01479 
   31   31    1    1    1    1    1    1    1    1  1.28521E+13 0.00971 
   32   32    1    1    1    1    1    1    1    1  2.28943E+13 0.00624 
   33   33    1    1    1    1    1    1    1    1  4.71471E+13 0.00597 
   34   34    1    1    1    1    1    1    1    1  5.94864E+13 0.00459 
   35   35    1    1    1    1    1    1    1    1  8.84727E+13 0.00588 
   36   36    1    1    1    1    1    1    1    1  6.19913E+13 0.00562 
   37   37    1    1    1    1    1    1    1    1  1.99866E+13 0.00494 
   38   38    1    1    1    1    1    1    1    1  1.05021E+14 0.00512 
   39   39    1    1    1    1    1    1    1    1  1.39192E+14 0.00521 
   40   40    1    1    1    1    1    1    1    1  2.25931E+14 0.00533 
   41   41    1    1    1    1    1    1    1    1  2.37933E+14 0.00517 
   42   42    1    1    1    1    1    1    1    1  4.73972E+14 0.00546 
   43   43    1    1    1    1    1    1    1    1  5.59637E+14 0.00573 
   44   44    1    1    1    1    1    1    1    1  7.85941E+14 0.00580 
   45   45    1    1    1    1    1    1    1    1  1.46423E+15 0.00571 
   46   46    1    1    1    1    1    1    1    1  6.94226E+14 0.00583 
   47   47    1    1    1    1    1    1    1    1  1.13064E+15 0.00592 
   48   48    1    1    1    1    1    1    1    1  1.55527E+15 0.00598 
   49   49    1    1    1    1    1    1    1    1  1.54541E+15 0.00606 
   50   50    1    1    1    1    1    1    1    1  2.31946E+15 0.00609 
   51   51    1    1    1    1    1    1    1    1  1.90675E+15 0.00599 
   52   52    1    1    1    1    1    1    1    1  2.15462E+15 0.00616 
   53   53    1    1    1    1    1    1    1    1  1.51578E+15 0.00622 
   54   54    1    1    1    1    1    1    1    1  1.77000E+15 0.00615 
   55   55    1    1    1    1    1    1    1    1  1.23572E+15 0.00628 
   56   56    1    1    1    1    1    1    1    1  1.70521E+14 0.00663 
   57   57    1    1    1    1    1    1    1    1  2.45970E+15 0.00638 
   58   58    1    1    1    1    1    1    1    1  1.03556E+15 0.00658 
   59   59    1    1    1    1    1    1    1    1  1.11505E+15 0.00652 
   60   60    1    1    1    1    1    1    1    1  8.35603E+14 0.00668 
   61   61    1    1    1    1    1    1    1    1  8.45701E+14 0.00661 
   62   62    1    1    1    1    1    1    1    1  8.71037E+14 0.00649 
   63   63    1    1    1    1    1    1    1    1  7.24626E+14 0.00640 
   64   64    1    1    1    1    1    1    1    1  5.77427E+14 0.00645 
   65   65    1    1    1    1    1    1    1    1  5.71351E+14 0.00684 
   66   66    1    1    1    1    1    1    1    1  4.12365E+14 0.00651 
   67   67    1    1    1    1    1    1    1    1  3.39222E+14 0.00664 
   68   68    1    1    1    1    1    1    1    1  3.06061E+14 0.00689 
   69   69    1    1    1    1    1    1    1    1  3.67532E+14 0.00653 
   70   70    1    1    1    1    1    1    1    1  3.14384E+14 0.00660 
   71   71    1    1    1    1    1    1    1    1  5.93844E+14 0.00667 
   72   72    1    1    1    1    1    1    1    1  4.24174E+14 0.00641 
   73   73    1    1    1    1    1    1    1    1  3.16651E+14 0.00679 
   74   74    1    1    1    1    1    1    1    1  2.45738E+14 0.00749 
   75   75    1    1    1    1    1    1    1    1  1.96619E+14 0.00697 
   76   76    1    1    1    1    1    1    1    1  2.20436E+14 0.00767 
   77   77    1    1    1    1    1    1    1    1  1.67965E+14 0.00750 
   78   78    1    1    1    1    1    1    1    1  1.30526E+14 0.00764 
   79   79    1    1    1    1    1    1    1    1  1.32000E+14 0.00653 
   80   80    1    1    1    1    1    1    1    1  9.65470E+13 0.00686 
   81   81    1    1    1    1    1    1    1    1  7.39683E+13 0.00633 
   82   82    1    1    1    1    1    1    1    1  5.59800E+13 0.00718 
   83   83    1    1    1    1    1    1    1    1  5.22621E+13 0.00830 
   84   84    1    1    1    1    1    1    1    1  3.74756E+13 0.00913 
   85   85    1    1    1    1    1    1    1    1  2.67762E+13 0.00807 
   86   86    1    1    1    1    1    1    1    1  2.50499E+13 0.00757 
   87   87    1    1    1    1    1    1    1    1  1.55603E+13 0.00666 
   88   88    1    1    1    1    1    1    1    1  1.05753E+13 0.01007 
   89   89    1    1    1    1    1    1    1    1  6.19131E+12 0.01094 
   90   90    1    1    1    1    1    1    1    1  4.06839E+12 0.01357 
   91   91    1    1    1    1    1    1    1    1  2.10451E+12 0.02655 
   92   92    1    1    1    1    1    1    1    1  1.02120E+12 0.02801 
   93   93    1    1    1    1    1    1    1    1  4.70011E+11 0.04392 
   94   94    1    1    1    1    1    1    1    1  2.29337E+11 0.06216 
   95   95    1    1    1    1    1    1    1    1  1.17379E+11 0.06320 
   96   96    1    1    1    1    1    1    1    1  4.99849E+10 0.12623 
   97   97    1    1    1    1    1    1    1    1  3.01683E+10 0.15292 
   98   98    1    1    1    1    1    1    1    1  1.46786E+10 0.23237 
   99   99    1    1    1    1    1    1    1    1  5.33975E+09 0.42892 
  100  100    1    1    1    1    1    1    1    1  6.05427E+09 0.43198 
];


