
DETdpaspec = [
    1    1    1    1    1    1    1    1    1    1  0.00000E+00 0.00000 
    2    2    1    1    1    1    1    1    1    1  0.00000E+00 0.00000 
    3    3    1    1    1    1    1    1    1    1  0.00000E+00 0.00000 
    4    4    1    1    1    1    1    1    1    1  1.18199E+07 1.00000 
    5    5    1    1    1    1    1    1    1    1  0.00000E+00 0.00000 
    6    6    1    1    1    1    1    1    1    1  0.00000E+00 0.00000 
    7    7    1    1    1    1    1    1    1    1  0.00000E+00 0.00000 
    8    8    1    1    1    1    1    1    1    1  0.00000E+00 0.00000 
    9    9    1    1    1    1    1    1    1    1  1.21716E+07 1.00000 
   10   10    1    1    1    1    1    1    1    1  0.00000E+00 0.00000 
   11   11    1    1    1    1    1    1    1    1  4.06722E+08 0.74141 
   12   12    1    1    1    1    1    1    1    1  0.00000E+00 0.00000 
   13   13    1    1    1    1    1    1    1    1  1.16761E+08 1.00000 
   14   14    1    1    1    1    1    1    1    1  1.41469E+09 0.48782 
   15   15    1    1    1    1    1    1    1    1  4.93278E+09 0.32326 
   16   16    1    1    1    1    1    1    1    1  1.84679E+09 0.40504 
   17   17    1    1    1    1    1    1    1    1  4.19957E+09 0.26277 
   18   18    1    1    1    1    1    1    1    1  9.26326E+09 0.25350 
   19   19    1    1    1    1    1    1    1    1  7.92332E+09 0.15919 
   20   20    1    1    1    1    1    1    1    1  2.35873E+10 0.14449 
   21   21    1    1    1    1    1    1    1    1  2.42091E+10 0.13646 
   22   22    1    1    1    1    1    1    1    1  5.53703E+10 0.10621 
   23   23    1    1    1    1    1    1    1    1  7.79692E+10 0.07033 
   24   24    1    1    1    1    1    1    1    1  1.37719E+11 0.05482 
   25   25    1    1    1    1    1    1    1    1  1.63774E+11 0.05378 
   26   26    1    1    1    1    1    1    1    1  2.49590E+11 0.05727 
   27   27    1    1    1    1    1    1    1    1  4.49153E+11 0.04112 
   28   28    1    1    1    1    1    1    1    1  8.11138E+11 0.03082 
   29   29    1    1    1    1    1    1    1    1  1.14935E+12 0.02356 
   30   30    1    1    1    1    1    1    1    1  3.61811E+12 0.01772 
   31   31    1    1    1    1    1    1    1    1  1.13493E+13 0.00932 
   32   32    1    1    1    1    1    1    1    1  2.15025E+13 0.00612 
   33   33    1    1    1    1    1    1    1    1  4.86524E+13 0.00527 
   34   34    1    1    1    1    1    1    1    1  6.57530E+13 0.00480 
   35   35    1    1    1    1    1    1    1    1  9.41104E+13 0.00310 
   36   36    1    1    1    1    1    1    1    1  6.57993E+13 0.00327 
   37   37    1    1    1    1    1    1    1    1  2.07912E+13 0.00351 
   38   38    1    1    1    1    1    1    1    1  1.13251E+14 0.00271 
   39   39    1    1    1    1    1    1    1    1  1.51925E+14 0.00293 
   40   40    1    1    1    1    1    1    1    1  2.56188E+14 0.00266 
   41   41    1    1    1    1    1    1    1    1  2.67044E+14 0.00246 
   42   42    1    1    1    1    1    1    1    1  5.54824E+14 0.00215 
   43   43    1    1    1    1    1    1    1    1  6.67333E+14 0.00211 
   44   44    1    1    1    1    1    1    1    1  9.60132E+14 0.00185 
   45   45    1    1    1    1    1    1    1    1  1.85826E+15 0.00176 
   46   46    1    1    1    1    1    1    1    1  8.74760E+14 0.00146 
   47   47    1    1    1    1    1    1    1    1  1.42399E+15 0.00199 
   48   48    1    1    1    1    1    1    1    1  1.97632E+15 0.00194 
   49   49    1    1    1    1    1    1    1    1  1.96438E+15 0.00203 
   50   50    1    1    1    1    1    1    1    1  2.99360E+15 0.00202 
   51   51    1    1    1    1    1    1    1    1  2.42298E+15 0.00195 
   52   52    1    1    1    1    1    1    1    1  2.80077E+15 0.00218 
   53   53    1    1    1    1    1    1    1    1  1.95075E+15 0.00208 
   54   54    1    1    1    1    1    1    1    1  2.32113E+15 0.00207 
   55   55    1    1    1    1    1    1    1    1  1.60115E+15 0.00202 
   56   56    1    1    1    1    1    1    1    1  2.19173E+14 0.00253 
   57   57    1    1    1    1    1    1    1    1  3.18344E+15 0.00227 
   58   58    1    1    1    1    1    1    1    1  1.37275E+15 0.00249 
   59   59    1    1    1    1    1    1    1    1  1.46606E+15 0.00230 
   60   60    1    1    1    1    1    1    1    1  1.11152E+15 0.00234 
   61   61    1    1    1    1    1    1    1    1  1.12010E+15 0.00224 
   62   62    1    1    1    1    1    1    1    1  1.16004E+15 0.00208 
   63   63    1    1    1    1    1    1    1    1  9.67007E+14 0.00244 
   64   64    1    1    1    1    1    1    1    1  7.69799E+14 0.00257 
   65   65    1    1    1    1    1    1    1    1  7.61476E+14 0.00245 
   66   66    1    1    1    1    1    1    1    1  5.45189E+14 0.00239 
   67   67    1    1    1    1    1    1    1    1  4.47800E+14 0.00264 
   68   68    1    1    1    1    1    1    1    1  4.03012E+14 0.00246 
   69   69    1    1    1    1    1    1    1    1  4.83050E+14 0.00231 
   70   70    1    1    1    1    1    1    1    1  4.11401E+14 0.00306 
   71   71    1    1    1    1    1    1    1    1  7.61675E+14 0.00288 
   72   72    1    1    1    1    1    1    1    1  5.39690E+14 0.00271 
   73   73    1    1    1    1    1    1    1    1  4.04328E+14 0.00308 
   74   74    1    1    1    1    1    1    1    1  3.18186E+14 0.00274 
   75   75    1    1    1    1    1    1    1    1  2.59528E+14 0.00302 
   76   76    1    1    1    1    1    1    1    1  2.95732E+14 0.00304 
   77   77    1    1    1    1    1    1    1    1  2.29422E+14 0.00246 
   78   78    1    1    1    1    1    1    1    1  1.79963E+14 0.00380 
   79   79    1    1    1    1    1    1    1    1  1.83674E+14 0.00329 
   80   80    1    1    1    1    1    1    1    1  1.35294E+14 0.00360 
   81   81    1    1    1    1    1    1    1    1  1.03079E+14 0.00292 
   82   82    1    1    1    1    1    1    1    1  7.91461E+13 0.00377 
   83   83    1    1    1    1    1    1    1    1  7.38420E+13 0.00418 
   84   84    1    1    1    1    1    1    1    1  5.33255E+13 0.00467 
   85   85    1    1    1    1    1    1    1    1  3.85160E+13 0.00369 
   86   86    1    1    1    1    1    1    1    1  3.60502E+13 0.00508 
   87   87    1    1    1    1    1    1    1    1  2.24407E+13 0.00675 
   88   88    1    1    1    1    1    1    1    1  1.50579E+13 0.00892 
   89   89    1    1    1    1    1    1    1    1  8.76027E+12 0.00850 
   90   90    1    1    1    1    1    1    1    1  5.88197E+12 0.01117 
   91   91    1    1    1    1    1    1    1    1  2.88549E+12 0.01967 
   92   92    1    1    1    1    1    1    1    1  1.44604E+12 0.02551 
   93   93    1    1    1    1    1    1    1    1  7.37160E+11 0.03077 
   94   94    1    1    1    1    1    1    1    1  3.07464E+11 0.05118 
   95   95    1    1    1    1    1    1    1    1  1.53802E+11 0.06758 
   96   96    1    1    1    1    1    1    1    1  7.49999E+10 0.09481 
   97   97    1    1    1    1    1    1    1    1  3.14365E+10 0.13552 
   98   98    1    1    1    1    1    1    1    1  1.64431E+10 0.26686 
   99   99    1    1    1    1    1    1    1    1  9.45845E+09 0.42180 
  100  100    1    1    1    1    1    1    1    1  1.15619E+10 0.23426 
];


