
DETdpaspec = [
    1    1    1    1    1    1    1    1    1    1  0.00000E+00 0.00000 
    2    2    1    1    1    1    1    1    1    1  0.00000E+00 0.00000 
    3    3    1    1    1    1    1    1    1    1  0.00000E+00 0.00000 
    4    4    1    1    1    1    1    1    1    1  0.00000E+00 0.00000 
    5    5    1    1    1    1    1    1    1    1  0.00000E+00 0.00000 
    6    6    1    1    1    1    1    1    1    1  0.00000E+00 0.00000 
    7    7    1    1    1    1    1    1    1    1  0.00000E+00 0.00000 
    8    8    1    1    1    1    1    1    1    1  0.00000E+00 0.00000 
    9    9    1    1    1    1    1    1    1    1  0.00000E+00 0.00000 
   10   10    1    1    1    1    1    1    1    1  9.70145E+07 1.00000 
   11   11    1    1    1    1    1    1    1    1  0.00000E+00 0.00000 
   12   12    1    1    1    1    1    1    1    1  0.00000E+00 0.00000 
   13   13    1    1    1    1    1    1    1    1  3.63110E+09 0.48563 
   14   14    1    1    1    1    1    1    1    1  1.71033E+10 0.34982 
   15   15    1    1    1    1    1    1    1    1  1.06415E+10 0.35385 
   16   16    1    1    1    1    1    1    1    1  6.90067E+08 0.44296 
   17   17    1    1    1    1    1    1    1    1  4.32097E+09 0.25329 
   18   18    1    1    1    1    1    1    1    1  1.05702E+10 0.21348 
   19   19    1    1    1    1    1    1    1    1  1.09955E+10 0.17111 
   20   20    1    1    1    1    1    1    1    1  3.53573E+10 0.14769 
   21   21    1    1    1    1    1    1    1    1  2.39780E+10 0.15194 
   22   22    1    1    1    1    1    1    1    1  6.58376E+10 0.10514 
   23   23    1    1    1    1    1    1    1    1  1.05515E+11 0.07113 
   24   24    1    1    1    1    1    1    1    1  1.78873E+11 0.04991 
   25   25    1    1    1    1    1    1    1    1  2.29988E+11 0.04466 
   26   26    1    1    1    1    1    1    1    1  3.95144E+11 0.04192 
   27   27    1    1    1    1    1    1    1    1  8.36555E+11 0.03114 
   28   28    1    1    1    1    1    1    1    1  1.88788E+12 0.01951 
   29   29    1    1    1    1    1    1    1    1  3.35141E+12 0.01720 
   30   30    1    1    1    1    1    1    1    1  8.96761E+12 0.01063 
   31   31    1    1    1    1    1    1    1    1  2.76071E+13 0.00612 
   32   32    1    1    1    1    1    1    1    1  5.06087E+13 0.00354 
   33   33    1    1    1    1    1    1    1    1  1.21045E+14 0.00249 
   34   34    1    1    1    1    1    1    1    1  1.71475E+14 0.00281 
   35   35    1    1    1    1    1    1    1    1  2.11580E+14 0.00200 
   36   36    1    1    1    1    1    1    1    1  1.39342E+14 0.00207 
   37   37    1    1    1    1    1    1    1    1  4.21846E+13 0.00202 
   38   38    1    1    1    1    1    1    1    1  2.40599E+14 0.00210 
   39   39    1    1    1    1    1    1    1    1  3.25690E+14 0.00161 
   40   40    1    1    1    1    1    1    1    1  5.61420E+14 0.00165 
   41   41    1    1    1    1    1    1    1    1  5.62782E+14 0.00127 
   42   42    1    1    1    1    1    1    1    1  1.22146E+15 0.00089 
   43   43    1    1    1    1    1    1    1    1  1.49331E+15 0.00075 
   44   44    1    1    1    1    1    1    1    1  2.17880E+15 0.00068 
   45   45    1    1    1    1    1    1    1    1  4.38747E+15 0.00081 
   46   46    1    1    1    1    1    1    1    1  2.03301E+15 0.00079 
   47   47    1    1    1    1    1    1    1    1  3.27853E+15 0.00052 
   48   48    1    1    1    1    1    1    1    1  4.58558E+15 0.00058 
   49   49    1    1    1    1    1    1    1    1  4.54936E+15 0.00057 
   50   50    1    1    1    1    1    1    1    1  7.15216E+15 0.00057 
   51   51    1    1    1    1    1    1    1    1  5.67262E+15 0.00043 
   52   52    1    1    1    1    1    1    1    1  6.82018E+15 0.00047 
   53   53    1    1    1    1    1    1    1    1  4.72668E+15 0.00072 
   54   54    1    1    1    1    1    1    1    1  5.84387E+15 0.00070 
   55   55    1    1    1    1    1    1    1    1  4.01313E+15 0.00074 
   56   56    1    1    1    1    1    1    1    1  5.44010E+14 0.00094 
   57   57    1    1    1    1    1    1    1    1  7.99316E+15 0.00054 
   58   58    1    1    1    1    1    1    1    1  3.60537E+15 0.00050 
   59   59    1    1    1    1    1    1    1    1  3.82358E+15 0.00057 
   60   60    1    1    1    1    1    1    1    1  2.99675E+15 0.00059 
   61   61    1    1    1    1    1    1    1    1  3.00136E+15 0.00063 
   62   62    1    1    1    1    1    1    1    1  3.13582E+15 0.00071 
   63   63    1    1    1    1    1    1    1    1  2.64506E+15 0.00078 
   64   64    1    1    1    1    1    1    1    1  2.10712E+15 0.00079 
   65   65    1    1    1    1    1    1    1    1  2.09374E+15 0.00084 
   66   66    1    1    1    1    1    1    1    1  1.50830E+15 0.00091 
   67   67    1    1    1    1    1    1    1    1  1.22631E+15 0.00098 
   68   68    1    1    1    1    1    1    1    1  1.09843E+15 0.00090 
   69   69    1    1    1    1    1    1    1    1  1.31853E+15 0.00061 
   70   70    1    1    1    1    1    1    1    1  1.12189E+15 0.00089 
   71   71    1    1    1    1    1    1    1    1  2.02648E+15 0.00078 
   72   72    1    1    1    1    1    1    1    1  1.43279E+15 0.00091 
   73   73    1    1    1    1    1    1    1    1  1.07893E+15 0.00090 
   74   74    1    1    1    1    1    1    1    1  8.71314E+14 0.00113 
   75   75    1    1    1    1    1    1    1    1  7.27280E+14 0.00135 
   76   76    1    1    1    1    1    1    1    1  8.47365E+14 0.00119 
   77   77    1    1    1    1    1    1    1    1  6.74576E+14 0.00130 
   78   78    1    1    1    1    1    1    1    1  5.41056E+14 0.00145 
   79   79    1    1    1    1    1    1    1    1  5.58392E+14 0.00112 
   80   80    1    1    1    1    1    1    1    1  4.14582E+14 0.00158 
   81   81    1    1    1    1    1    1    1    1  3.20677E+14 0.00143 
   82   82    1    1    1    1    1    1    1    1  2.46414E+14 0.00183 
   83   83    1    1    1    1    1    1    1    1  2.29940E+14 0.00174 
   84   84    1    1    1    1    1    1    1    1  1.66744E+14 0.00216 
   85   85    1    1    1    1    1    1    1    1  1.19725E+14 0.00201 
   86   86    1    1    1    1    1    1    1    1  1.11866E+14 0.00212 
   87   87    1    1    1    1    1    1    1    1  6.85325E+13 0.00387 
   88   88    1    1    1    1    1    1    1    1  4.64324E+13 0.00399 
   89   89    1    1    1    1    1    1    1    1  2.64750E+13 0.00592 
   90   90    1    1    1    1    1    1    1    1  1.75109E+13 0.00638 
   91   91    1    1    1    1    1    1    1    1  8.93424E+12 0.01422 
   92   92    1    1    1    1    1    1    1    1  4.17731E+12 0.01444 
   93   93    1    1    1    1    1    1    1    1  1.97941E+12 0.02063 
   94   94    1    1    1    1    1    1    1    1  1.01220E+12 0.03489 
   95   95    1    1    1    1    1    1    1    1  5.18632E+11 0.03189 
   96   96    1    1    1    1    1    1    1    1  2.09310E+11 0.07839 
   97   97    1    1    1    1    1    1    1    1  1.13806E+11 0.09486 
   98   98    1    1    1    1    1    1    1    1  4.28887E+10 0.12792 
   99   99    1    1    1    1    1    1    1    1  2.28398E+10 0.20560 
  100  100    1    1    1    1    1    1    1    1  2.74410E+10 0.20304 
];


