
DETdpaspec = [
    1    1    1    1    1    1    1    1    1    1  0.00000E+00 0.00000 
    2    2    1    1    1    1    1    1    1    1  0.00000E+00 0.00000 
    3    3    1    1    1    1    1    1    1    1  0.00000E+00 0.00000 
    4    4    1    1    1    1    1    1    1    1  0.00000E+00 0.00000 
    5    5    1    1    1    1    1    1    1    1  0.00000E+00 0.00000 
    6    6    1    1    1    1    1    1    1    1  0.00000E+00 0.00000 
    7    7    1    1    1    1    1    1    1    1  2.01989E+07 1.00000 
    8    8    1    1    1    1    1    1    1    1  0.00000E+00 0.00000 
    9    9    1    1    1    1    1    1    1    1  0.00000E+00 0.00000 
   10   10    1    1    1    1    1    1    1    1  3.97570E+07 1.00000 
   11   11    1    1    1    1    1    1    1    1  1.83400E+08 0.58463 
   12   12    1    1    1    1    1    1    1    1  0.00000E+00 0.00000 
   13   13    1    1    1    1    1    1    1    1  1.30532E+08 0.69076 
   14   14    1    1    1    1    1    1    1    1  3.80905E+09 0.31187 
   15   15    1    1    1    1    1    1    1    1  4.62712E+09 0.39017 
   16   16    1    1    1    1    1    1    1    1  2.03852E+09 0.33868 
   17   17    1    1    1    1    1    1    1    1  3.10223E+09 0.28835 
   18   18    1    1    1    1    1    1    1    1  7.89584E+09 0.22626 
   19   19    1    1    1    1    1    1    1    1  8.88758E+09 0.27170 
   20   20    1    1    1    1    1    1    1    1  3.16986E+10 0.13479 
   21   21    1    1    1    1    1    1    1    1  2.33280E+10 0.14326 
   22   22    1    1    1    1    1    1    1    1  5.51488E+10 0.11414 
   23   23    1    1    1    1    1    1    1    1  6.98729E+10 0.06468 
   24   24    1    1    1    1    1    1    1    1  1.03980E+11 0.06827 
   25   25    1    1    1    1    1    1    1    1  1.40497E+11 0.06787 
   26   26    1    1    1    1    1    1    1    1  2.05501E+11 0.05205 
   27   27    1    1    1    1    1    1    1    1  3.90042E+11 0.03919 
   28   28    1    1    1    1    1    1    1    1  7.04716E+11 0.02349 
   29   29    1    1    1    1    1    1    1    1  9.84500E+11 0.02675 
   30   30    1    1    1    1    1    1    1    1  2.99576E+12 0.01681 
   31   31    1    1    1    1    1    1    1    1  9.44277E+12 0.00824 
   32   32    1    1    1    1    1    1    1    1  1.78601E+13 0.00793 
   33   33    1    1    1    1    1    1    1    1  3.96961E+13 0.00599 
   34   34    1    1    1    1    1    1    1    1  5.28129E+13 0.00499 
   35   35    1    1    1    1    1    1    1    1  7.59526E+13 0.00447 
   36   36    1    1    1    1    1    1    1    1  5.32560E+13 0.00366 
   37   37    1    1    1    1    1    1    1    1  1.68304E+13 0.00452 
   38   38    1    1    1    1    1    1    1    1  9.15221E+13 0.00306 
   39   39    1    1    1    1    1    1    1    1  1.22868E+14 0.00353 
   40   40    1    1    1    1    1    1    1    1  2.05542E+14 0.00315 
   41   41    1    1    1    1    1    1    1    1  2.14586E+14 0.00273 
   42   42    1    1    1    1    1    1    1    1  4.42581E+14 0.00206 
   43   43    1    1    1    1    1    1    1    1  5.31992E+14 0.00215 
   44   44    1    1    1    1    1    1    1    1  7.60592E+14 0.00171 
   45   45    1    1    1    1    1    1    1    1  1.46059E+15 0.00173 
   46   46    1    1    1    1    1    1    1    1  6.85493E+14 0.00217 
   47   47    1    1    1    1    1    1    1    1  1.11658E+15 0.00191 
   48   48    1    1    1    1    1    1    1    1  1.54421E+15 0.00200 
   49   49    1    1    1    1    1    1    1    1  1.53132E+15 0.00207 
   50   50    1    1    1    1    1    1    1    1  2.32390E+15 0.00190 
   51   51    1    1    1    1    1    1    1    1  1.88284E+15 0.00211 
   52   52    1    1    1    1    1    1    1    1  2.16344E+15 0.00208 
   53   53    1    1    1    1    1    1    1    1  1.50549E+15 0.00152 
   54   54    1    1    1    1    1    1    1    1  1.78415E+15 0.00191 
   55   55    1    1    1    1    1    1    1    1  1.23305E+15 0.00199 
   56   56    1    1    1    1    1    1    1    1  1.68942E+14 0.00224 
   57   57    1    1    1    1    1    1    1    1  2.44661E+15 0.00190 
   58   58    1    1    1    1    1    1    1    1  1.04600E+15 0.00234 
   59   59    1    1    1    1    1    1    1    1  1.11781E+15 0.00225 
   60   60    1    1    1    1    1    1    1    1  8.44673E+14 0.00222 
   61   61    1    1    1    1    1    1    1    1  8.49555E+14 0.00280 
   62   62    1    1    1    1    1    1    1    1  8.79482E+14 0.00256 
   63   63    1    1    1    1    1    1    1    1  7.33181E+14 0.00240 
   64   64    1    1    1    1    1    1    1    1  5.80969E+14 0.00276 
   65   65    1    1    1    1    1    1    1    1  5.73846E+14 0.00259 
   66   66    1    1    1    1    1    1    1    1  4.10059E+14 0.00289 
   67   67    1    1    1    1    1    1    1    1  3.37155E+14 0.00234 
   68   68    1    1    1    1    1    1    1    1  3.03763E+14 0.00228 
   69   69    1    1    1    1    1    1    1    1  3.64900E+14 0.00259 
   70   70    1    1    1    1    1    1    1    1  3.10685E+14 0.00327 
   71   71    1    1    1    1    1    1    1    1  5.75092E+14 0.00226 
   72   72    1    1    1    1    1    1    1    1  4.07539E+14 0.00237 
   73   73    1    1    1    1    1    1    1    1  3.04064E+14 0.00221 
   74   74    1    1    1    1    1    1    1    1  2.38821E+14 0.00316 
   75   75    1    1    1    1    1    1    1    1  1.94194E+14 0.00255 
   76   76    1    1    1    1    1    1    1    1  2.20710E+14 0.00285 
   77   77    1    1    1    1    1    1    1    1  1.70413E+14 0.00328 
   78   78    1    1    1    1    1    1    1    1  1.33680E+14 0.00305 
   79   79    1    1    1    1    1    1    1    1  1.36699E+14 0.00342 
   80   80    1    1    1    1    1    1    1    1  1.00662E+14 0.00415 
   81   81    1    1    1    1    1    1    1    1  7.73382E+13 0.00392 
   82   82    1    1    1    1    1    1    1    1  5.86240E+13 0.00462 
   83   83    1    1    1    1    1    1    1    1  5.49468E+13 0.00300 
   84   84    1    1    1    1    1    1    1    1  3.96472E+13 0.00503 
   85   85    1    1    1    1    1    1    1    1  2.84783E+13 0.00656 
   86   86    1    1    1    1    1    1    1    1  2.66535E+13 0.00653 
   87   87    1    1    1    1    1    1    1    1  1.65989E+13 0.00822 
   88   88    1    1    1    1    1    1    1    1  1.10493E+13 0.00884 
   89   89    1    1    1    1    1    1    1    1  6.50291E+12 0.01086 
   90   90    1    1    1    1    1    1    1    1  4.29499E+12 0.01219 
   91   91    1    1    1    1    1    1    1    1  2.13871E+12 0.02127 
   92   92    1    1    1    1    1    1    1    1  1.09509E+12 0.02653 
   93   93    1    1    1    1    1    1    1    1  4.94673E+11 0.04029 
   94   94    1    1    1    1    1    1    1    1  2.41922E+11 0.04764 
   95   95    1    1    1    1    1    1    1    1  1.13576E+11 0.08660 
   96   96    1    1    1    1    1    1    1    1  5.66138E+10 0.14459 
   97   97    1    1    1    1    1    1    1    1  3.32486E+10 0.13772 
   98   98    1    1    1    1    1    1    1    1  1.76158E+10 0.20063 
   99   99    1    1    1    1    1    1    1    1  6.29117E+09 0.33497 
  100  100    1    1    1    1    1    1    1    1  4.08920E+09 0.46923 
];


