
DETdpaspec = [
    1    1    1    1    1    1    1    1    1    1  0.00000E+00 0.00000 
    2    2    1    1    1    1    1    1    1    1  0.00000E+00 0.00000 
    3    3    1    1    1    1    1    1    1    1  0.00000E+00 0.00000 
    4    4    1    1    1    1    1    1    1    1  9.27205E+06 1.00000 
    5    5    1    1    1    1    1    1    1    1  0.00000E+00 0.00000 
    6    6    1    1    1    1    1    1    1    1  0.00000E+00 0.00000 
    7    7    1    1    1    1    1    1    1    1  0.00000E+00 0.00000 
    8    8    1    1    1    1    1    1    1    1  0.00000E+00 0.00000 
    9    9    1    1    1    1    1    1    1    1  0.00000E+00 0.00000 
   10   10    1    1    1    1    1    1    1    1  0.00000E+00 0.00000 
   11   11    1    1    1    1    1    1    1    1  1.29975E+08 1.00000 
   12   12    1    1    1    1    1    1    1    1  3.61048E+07 1.00000 
   13   13    1    1    1    1    1    1    1    1  6.50126E+08 0.85223 
   14   14    1    1    1    1    1    1    1    1  1.37081E+09 0.42654 
   15   15    1    1    1    1    1    1    1    1  3.38974E+09 0.43264 
   16   16    1    1    1    1    1    1    1    1  3.57149E+08 0.42337 
   17   17    1    1    1    1    1    1    1    1  2.15594E+09 0.26239 
   18   18    1    1    1    1    1    1    1    1  6.81596E+09 0.23585 
   19   19    1    1    1    1    1    1    1    1  4.78683E+09 0.31361 
   20   20    1    1    1    1    1    1    1    1  2.40195E+10 0.13439 
   21   21    1    1    1    1    1    1    1    1  2.25127E+10 0.11613 
   22   22    1    1    1    1    1    1    1    1  4.89386E+10 0.10400 
   23   23    1    1    1    1    1    1    1    1  6.67371E+10 0.11025 
   24   24    1    1    1    1    1    1    1    1  1.06530E+11 0.07023 
   25   25    1    1    1    1    1    1    1    1  1.23991E+11 0.05714 
   26   26    1    1    1    1    1    1    1    1  1.99747E+11 0.06422 
   27   27    1    1    1    1    1    1    1    1  3.74977E+11 0.03912 
   28   28    1    1    1    1    1    1    1    1  6.92154E+11 0.03085 
   29   29    1    1    1    1    1    1    1    1  9.59226E+11 0.02389 
   30   30    1    1    1    1    1    1    1    1  2.91080E+12 0.01556 
   31   31    1    1    1    1    1    1    1    1  9.02781E+12 0.00858 
   32   32    1    1    1    1    1    1    1    1  1.67568E+13 0.00740 
   33   33    1    1    1    1    1    1    1    1  3.72826E+13 0.00361 
   34   34    1    1    1    1    1    1    1    1  4.96301E+13 0.00332 
   35   35    1    1    1    1    1    1    1    1  7.17088E+13 0.00287 
   36   36    1    1    1    1    1    1    1    1  5.01796E+13 0.00285 
   37   37    1    1    1    1    1    1    1    1  1.59834E+13 0.00310 
   38   38    1    1    1    1    1    1    1    1  8.62880E+13 0.00255 
   39   39    1    1    1    1    1    1    1    1  1.15169E+14 0.00262 
   40   40    1    1    1    1    1    1    1    1  1.92690E+14 0.00230 
   41   41    1    1    1    1    1    1    1    1  2.01218E+14 0.00245 
   42   42    1    1    1    1    1    1    1    1  4.15870E+14 0.00276 
   43   43    1    1    1    1    1    1    1    1  4.99752E+14 0.00267 
   44   44    1    1    1    1    1    1    1    1  7.13532E+14 0.00248 
   45   45    1    1    1    1    1    1    1    1  1.36646E+15 0.00229 
   46   46    1    1    1    1    1    1    1    1  6.41349E+14 0.00266 
   47   47    1    1    1    1    1    1    1    1  1.04400E+15 0.00253 
   48   48    1    1    1    1    1    1    1    1  1.44427E+15 0.00234 
   49   49    1    1    1    1    1    1    1    1  1.43176E+15 0.00260 
   50   50    1    1    1    1    1    1    1    1  2.16833E+15 0.00248 
   51   51    1    1    1    1    1    1    1    1  1.75492E+15 0.00235 
   52   52    1    1    1    1    1    1    1    1  2.01431E+15 0.00269 
   53   53    1    1    1    1    1    1    1    1  1.40112E+15 0.00266 
   54   54    1    1    1    1    1    1    1    1  1.65882E+15 0.00296 
   55   55    1    1    1    1    1    1    1    1  1.14183E+15 0.00264 
   56   56    1    1    1    1    1    1    1    1  1.56439E+14 0.00328 
   57   57    1    1    1    1    1    1    1    1  2.27032E+15 0.00281 
   58   58    1    1    1    1    1    1    1    1  9.70056E+14 0.00285 
   59   59    1    1    1    1    1    1    1    1  1.03723E+15 0.00318 
   60   60    1    1    1    1    1    1    1    1  7.82760E+14 0.00303 
   61   61    1    1    1    1    1    1    1    1  7.88076E+14 0.00321 
   62   62    1    1    1    1    1    1    1    1  8.15372E+14 0.00347 
   63   63    1    1    1    1    1    1    1    1  6.77676E+14 0.00331 
   64   64    1    1    1    1    1    1    1    1  5.39243E+14 0.00339 
   65   65    1    1    1    1    1    1    1    1  5.31553E+14 0.00350 
   66   66    1    1    1    1    1    1    1    1  3.80494E+14 0.00302 
   67   67    1    1    1    1    1    1    1    1  3.12612E+14 0.00349 
   68   68    1    1    1    1    1    1    1    1  2.82201E+14 0.00401 
   69   69    1    1    1    1    1    1    1    1  3.37394E+14 0.00339 
   70   70    1    1    1    1    1    1    1    1  2.86870E+14 0.00394 
   71   71    1    1    1    1    1    1    1    1  5.32527E+14 0.00346 
   72   72    1    1    1    1    1    1    1    1  3.77430E+14 0.00329 
   73   73    1    1    1    1    1    1    1    1  2.81966E+14 0.00398 
   74   74    1    1    1    1    1    1    1    1  2.21586E+14 0.00372 
   75   75    1    1    1    1    1    1    1    1  1.79738E+14 0.00373 
   76   76    1    1    1    1    1    1    1    1  2.03351E+14 0.00369 
   77   77    1    1    1    1    1    1    1    1  1.57047E+14 0.00428 
   78   78    1    1    1    1    1    1    1    1  1.23196E+14 0.00404 
   79   79    1    1    1    1    1    1    1    1  1.25677E+14 0.00513 
   80   80    1    1    1    1    1    1    1    1  9.27121E+13 0.00291 
   81   81    1    1    1    1    1    1    1    1  7.05579E+13 0.00498 
   82   82    1    1    1    1    1    1    1    1  5.39879E+13 0.00562 
   83   83    1    1    1    1    1    1    1    1  5.07004E+13 0.00509 
   84   84    1    1    1    1    1    1    1    1  3.63767E+13 0.00400 
   85   85    1    1    1    1    1    1    1    1  2.62189E+13 0.00736 
   86   86    1    1    1    1    1    1    1    1  2.44361E+13 0.00652 
   87   87    1    1    1    1    1    1    1    1  1.52580E+13 0.00771 
   88   88    1    1    1    1    1    1    1    1  1.01974E+13 0.00955 
   89   89    1    1    1    1    1    1    1    1  5.97493E+12 0.01305 
   90   90    1    1    1    1    1    1    1    1  3.83740E+12 0.01382 
   91   91    1    1    1    1    1    1    1    1  1.95515E+12 0.02108 
   92   92    1    1    1    1    1    1    1    1  1.00748E+12 0.02660 
   93   93    1    1    1    1    1    1    1    1  4.68463E+11 0.03494 
   94   94    1    1    1    1    1    1    1    1  2.10551E+11 0.05246 
   95   95    1    1    1    1    1    1    1    1  1.14612E+11 0.09181 
   96   96    1    1    1    1    1    1    1    1  5.88635E+10 0.13482 
   97   97    1    1    1    1    1    1    1    1  3.07336E+10 0.16022 
   98   98    1    1    1    1    1    1    1    1  9.49558E+09 0.33342 
   99   99    1    1    1    1    1    1    1    1  5.55140E+09 0.36067 
  100  100    1    1    1    1    1    1    1    1  7.08296E+09 0.44952 
];


