
DETdpaspec = [
    1    1    1    1    1    1    1    1    1    1  0.00000E+00 0.00000 
    2    2    1    1    1    1    1    1    1    1  0.00000E+00 0.00000 
    3    3    1    1    1    1    1    1    1    1  0.00000E+00 0.00000 
    4    4    1    1    1    1    1    1    1    1  0.00000E+00 0.00000 
    5    5    1    1    1    1    1    1    1    1  0.00000E+00 0.00000 
    6    6    1    1    1    1    1    1    1    1  1.78793E+07 1.00000 
    7    7    1    1    1    1    1    1    1    1  0.00000E+00 0.00000 
    8    8    1    1    1    1    1    1    1    1  0.00000E+00 0.00000 
    9    9    1    1    1    1    1    1    1    1  1.19351E+07 1.00000 
   10   10    1    1    1    1    1    1    1    1  5.54157E+07 1.00000 
   11   11    1    1    1    1    1    1    1    1  7.25784E+07 1.00000 
   12   12    1    1    1    1    1    1    1    1  0.00000E+00 0.00000 
   13   13    1    1    1    1    1    1    1    1  2.36643E+08 1.00000 
   14   14    1    1    1    1    1    1    1    1  1.39349E+09 0.67360 
   15   15    1    1    1    1    1    1    1    1  1.92787E+09 0.51145 
   16   16    1    1    1    1    1    1    1    1  7.87493E+08 0.60217 
   17   17    1    1    1    1    1    1    1    1  4.55631E+08 0.55660 
   18   18    1    1    1    1    1    1    1    1  4.82210E+09 0.23921 
   19   19    1    1    1    1    1    1    1    1  4.84293E+09 0.27224 
   20   20    1    1    1    1    1    1    1    1  2.45182E+10 0.18706 
   21   21    1    1    1    1    1    1    1    1  1.86292E+10 0.15409 
   22   22    1    1    1    1    1    1    1    1  4.22772E+10 0.10278 
   23   23    1    1    1    1    1    1    1    1  6.58618E+10 0.07908 
   24   24    1    1    1    1    1    1    1    1  1.01565E+11 0.06443 
   25   25    1    1    1    1    1    1    1    1  1.01802E+11 0.07174 
   26   26    1    1    1    1    1    1    1    1  1.80609E+11 0.06001 
   27   27    1    1    1    1    1    1    1    1  3.21544E+11 0.05848 
   28   28    1    1    1    1    1    1    1    1  5.19281E+11 0.03493 
   29   29    1    1    1    1    1    1    1    1  7.25538E+11 0.03098 
   30   30    1    1    1    1    1    1    1    1  2.42011E+12 0.01686 
   31   31    1    1    1    1    1    1    1    1  7.41396E+12 0.01315 
   32   32    1    1    1    1    1    1    1    1  1.37383E+13 0.00865 
   33   33    1    1    1    1    1    1    1    1  2.93795E+13 0.00487 
   34   34    1    1    1    1    1    1    1    1  3.79995E+13 0.00469 
   35   35    1    1    1    1    1    1    1    1  5.58325E+13 0.00393 
   36   36    1    1    1    1    1    1    1    1  3.90546E+13 0.00365 
   37   37    1    1    1    1    1    1    1    1  1.24684E+13 0.00400 
   38   38    1    1    1    1    1    1    1    1  6.69935E+13 0.00380 
   39   39    1    1    1    1    1    1    1    1  8.93881E+13 0.00355 
   40   40    1    1    1    1    1    1    1    1  1.47770E+14 0.00261 
   41   41    1    1    1    1    1    1    1    1  1.54607E+14 0.00282 
   42   42    1    1    1    1    1    1    1    1  3.14475E+14 0.00265 
   43   43    1    1    1    1    1    1    1    1  3.74622E+14 0.00247 
   44   44    1    1    1    1    1    1    1    1  5.32862E+14 0.00315 
   45   45    1    1    1    1    1    1    1    1  1.00526E+15 0.00262 
   46   46    1    1    1    1    1    1    1    1  4.72445E+14 0.00268 
   47   47    1    1    1    1    1    1    1    1  7.68490E+14 0.00300 
   48   48    1    1    1    1    1    1    1    1  1.05807E+15 0.00305 
   49   49    1    1    1    1    1    1    1    1  1.05033E+15 0.00303 
   50   50    1    1    1    1    1    1    1    1  1.58174E+15 0.00278 
   51   51    1    1    1    1    1    1    1    1  1.28637E+15 0.00315 
   52   52    1    1    1    1    1    1    1    1  1.46378E+15 0.00321 
   53   53    1    1    1    1    1    1    1    1  1.01856E+15 0.00321 
   54   54    1    1    1    1    1    1    1    1  1.19761E+15 0.00285 
   55   55    1    1    1    1    1    1    1    1  8.28557E+14 0.00294 
   56   56    1    1    1    1    1    1    1    1  1.13855E+14 0.00310 
   57   57    1    1    1    1    1    1    1    1  1.64551E+15 0.00331 
   58   58    1    1    1    1    1    1    1    1  6.97231E+14 0.00324 
   59   59    1    1    1    1    1    1    1    1  7.47508E+14 0.00322 
   60   60    1    1    1    1    1    1    1    1  5.61424E+14 0.00340 
   61   61    1    1    1    1    1    1    1    1  5.66548E+14 0.00330 
   62   62    1    1    1    1    1    1    1    1  5.85296E+14 0.00356 
   63   63    1    1    1    1    1    1    1    1  4.86442E+14 0.00366 
   64   64    1    1    1    1    1    1    1    1  3.85501E+14 0.00345 
   65   65    1    1    1    1    1    1    1    1  3.80924E+14 0.00357 
   66   66    1    1    1    1    1    1    1    1  2.73396E+14 0.00379 
   67   67    1    1    1    1    1    1    1    1  2.24599E+14 0.00375 
   68   68    1    1    1    1    1    1    1    1  2.03493E+14 0.00348 
   69   69    1    1    1    1    1    1    1    1  2.42832E+14 0.00380 
   70   70    1    1    1    1    1    1    1    1  2.06718E+14 0.00369 
   71   71    1    1    1    1    1    1    1    1  3.86648E+14 0.00335 
   72   72    1    1    1    1    1    1    1    1  2.74385E+14 0.00480 
   73   73    1    1    1    1    1    1    1    1  2.03594E+14 0.00436 
   74   74    1    1    1    1    1    1    1    1  1.60280E+14 0.00423 
   75   75    1    1    1    1    1    1    1    1  1.28850E+14 0.00453 
   76   76    1    1    1    1    1    1    1    1  1.45739E+14 0.00381 
   77   77    1    1    1    1    1    1    1    1  1.12126E+14 0.00465 
   78   78    1    1    1    1    1    1    1    1  8.74920E+13 0.00457 
   79   79    1    1    1    1    1    1    1    1  8.87464E+13 0.00575 
   80   80    1    1    1    1    1    1    1    1  6.55014E+13 0.00457 
   81   81    1    1    1    1    1    1    1    1  4.95627E+13 0.00539 
   82   82    1    1    1    1    1    1    1    1  3.81755E+13 0.00676 
   83   83    1    1    1    1    1    1    1    1  3.55708E+13 0.00487 
   84   84    1    1    1    1    1    1    1    1  2.55890E+13 0.00577 
   85   85    1    1    1    1    1    1    1    1  1.83801E+13 0.00675 
   86   86    1    1    1    1    1    1    1    1  1.72332E+13 0.00686 
   87   87    1    1    1    1    1    1    1    1  1.05859E+13 0.00937 
   88   88    1    1    1    1    1    1    1    1  7.25505E+12 0.01191 
   89   89    1    1    1    1    1    1    1    1  4.04774E+12 0.01634 
   90   90    1    1    1    1    1    1    1    1  2.81041E+12 0.02063 
   91   91    1    1    1    1    1    1    1    1  1.40321E+12 0.02576 
   92   92    1    1    1    1    1    1    1    1  7.01994E+11 0.03878 
   93   93    1    1    1    1    1    1    1    1  3.35431E+11 0.05202 
   94   94    1    1    1    1    1    1    1    1  1.68454E+11 0.07127 
   95   95    1    1    1    1    1    1    1    1  8.69108E+10 0.10823 
   96   96    1    1    1    1    1    1    1    1  3.51785E+10 0.15610 
   97   97    1    1    1    1    1    1    1    1  1.57728E+10 0.22983 
   98   98    1    1    1    1    1    1    1    1  6.66370E+09 0.37102 
   99   99    1    1    1    1    1    1    1    1  5.60591E+09 0.33932 
  100  100    1    1    1    1    1    1    1    1  6.75910E+09 0.42742 
];


