
DETdpaspec = [
    1    1    1    1    1    1    1    1    1    1  0.00000E+00 0.00000 
    2    2    1    1    1    1    1    1    1    1  0.00000E+00 0.00000 
    3    3    1    1    1    1    1    1    1    1  0.00000E+00 0.00000 
    4    4    1    1    1    1    1    1    1    1  0.00000E+00 0.00000 
    5    5    1    1    1    1    1    1    1    1  0.00000E+00 0.00000 
    6    6    1    1    1    1    1    1    1    1  9.44833E+06 1.00000 
    7    7    1    1    1    1    1    1    1    1  0.00000E+00 0.00000 
    8    8    1    1    1    1    1    1    1    1  4.30441E+07 0.68852 
    9    9    1    1    1    1    1    1    1    1  3.38745E+07 1.00000 
   10   10    1    1    1    1    1    1    1    1  3.16801E+08 0.56984 
   11   11    1    1    1    1    1    1    1    1  5.43555E+08 0.69787 
   12   12    1    1    1    1    1    1    1    1  1.27242E+08 0.41161 
   13   13    1    1    1    1    1    1    1    1  1.94214E+08 0.72733 
   14   14    1    1    1    1    1    1    1    1  3.65266E+09 0.41216 
   15   15    1    1    1    1    1    1    1    1  4.76609E+09 0.28784 
   16   16    1    1    1    1    1    1    1    1  2.13301E+09 0.32590 
   17   17    1    1    1    1    1    1    1    1  3.50593E+09 0.19776 
   18   18    1    1    1    1    1    1    1    1  7.65558E+09 0.20125 
   19   19    1    1    1    1    1    1    1    1  1.01218E+10 0.16212 
   20   20    1    1    1    1    1    1    1    1  4.24566E+10 0.11948 
   21   21    1    1    1    1    1    1    1    1  2.71653E+10 0.12388 
   22   22    1    1    1    1    1    1    1    1  6.62137E+10 0.07633 
   23   23    1    1    1    1    1    1    1    1  8.05287E+10 0.07049 
   24   24    1    1    1    1    1    1    1    1  1.41821E+11 0.06790 
   25   25    1    1    1    1    1    1    1    1  1.89511E+11 0.05731 
   26   26    1    1    1    1    1    1    1    1  3.03959E+11 0.03208 
   27   27    1    1    1    1    1    1    1    1  5.70945E+11 0.03335 
   28   28    1    1    1    1    1    1    1    1  9.20060E+11 0.02343 
   29   29    1    1    1    1    1    1    1    1  1.22390E+12 0.02509 
   30   30    1    1    1    1    1    1    1    1  4.00129E+12 0.01635 
   31   31    1    1    1    1    1    1    1    1  1.17062E+13 0.01250 
   32   32    1    1    1    1    1    1    1    1  2.09078E+13 0.00778 
   33   33    1    1    1    1    1    1    1    1  4.34300E+13 0.00614 
   34   34    1    1    1    1    1    1    1    1  5.54089E+13 0.00608 
   35   35    1    1    1    1    1    1    1    1  8.19520E+13 0.00631 
   36   36    1    1    1    1    1    1    1    1  5.73375E+13 0.00604 
   37   37    1    1    1    1    1    1    1    1  1.84070E+13 0.00630 
   38   38    1    1    1    1    1    1    1    1  9.70668E+13 0.00603 
   39   39    1    1    1    1    1    1    1    1  1.28591E+14 0.00602 
   40   40    1    1    1    1    1    1    1    1  2.08931E+14 0.00594 
   41   41    1    1    1    1    1    1    1    1  2.20432E+14 0.00562 
   42   42    1    1    1    1    1    1    1    1  4.40834E+14 0.00612 
   43   43    1    1    1    1    1    1    1    1  5.21686E+14 0.00636 
   44   44    1    1    1    1    1    1    1    1  7.36049E+14 0.00590 
   45   45    1    1    1    1    1    1    1    1  1.37871E+15 0.00624 
   46   46    1    1    1    1    1    1    1    1  6.52002E+14 0.00624 
   47   47    1    1    1    1    1    1    1    1  1.06167E+15 0.00613 
   48   48    1    1    1    1    1    1    1    1  1.46131E+15 0.00633 
   49   49    1    1    1    1    1    1    1    1  1.45429E+15 0.00598 
   50   50    1    1    1    1    1    1    1    1  2.18543E+15 0.00637 
   51   51    1    1    1    1    1    1    1    1  1.79303E+15 0.00651 
   52   52    1    1    1    1    1    1    1    1  2.03145E+15 0.00649 
   53   53    1    1    1    1    1    1    1    1  1.42622E+15 0.00638 
   54   54    1    1    1    1    1    1    1    1  1.66740E+15 0.00649 
   55   55    1    1    1    1    1    1    1    1  1.16347E+15 0.00670 
   56   56    1    1    1    1    1    1    1    1  1.60573E+14 0.00669 
   57   57    1    1    1    1    1    1    1    1  2.31456E+15 0.00642 
   58   58    1    1    1    1    1    1    1    1  9.77672E+14 0.00663 
   59   59    1    1    1    1    1    1    1    1  1.05197E+15 0.00655 
   60   60    1    1    1    1    1    1    1    1  7.88262E+14 0.00685 
   61   61    1    1    1    1    1    1    1    1  7.98180E+14 0.00693 
   62   62    1    1    1    1    1    1    1    1  8.22469E+14 0.00688 
   63   63    1    1    1    1    1    1    1    1  6.83611E+14 0.00686 
   64   64    1    1    1    1    1    1    1    1  5.43474E+14 0.00622 
   65   65    1    1    1    1    1    1    1    1  5.38475E+14 0.00645 
   66   66    1    1    1    1    1    1    1    1  3.87025E+14 0.00684 
   67   67    1    1    1    1    1    1    1    1  3.20315E+14 0.00626 
   68   68    1    1    1    1    1    1    1    1  2.89775E+14 0.00680 
   69   69    1    1    1    1    1    1    1    1  3.45923E+14 0.00734 
   70   70    1    1    1    1    1    1    1    1  2.96345E+14 0.00719 
   71   71    1    1    1    1    1    1    1    1  5.56041E+14 0.00765 
   72   72    1    1    1    1    1    1    1    1  3.97143E+14 0.00754 
   73   73    1    1    1    1    1    1    1    1  2.97703E+14 0.00770 
   74   74    1    1    1    1    1    1    1    1  2.31868E+14 0.00697 
   75   75    1    1    1    1    1    1    1    1  1.85775E+14 0.00741 
   76   76    1    1    1    1    1    1    1    1  2.07738E+14 0.00743 
   77   77    1    1    1    1    1    1    1    1  1.59438E+14 0.00726 
   78   78    1    1    1    1    1    1    1    1  1.24129E+14 0.00808 
   79   79    1    1    1    1    1    1    1    1  1.25208E+14 0.00756 
   80   80    1    1    1    1    1    1    1    1  9.15322E+13 0.00726 
   81   81    1    1    1    1    1    1    1    1  6.99273E+13 0.01000 
   82   82    1    1    1    1    1    1    1    1  5.36791E+13 0.00786 
   83   83    1    1    1    1    1    1    1    1  4.97759E+13 0.00802 
   84   84    1    1    1    1    1    1    1    1  3.59012E+13 0.00856 
   85   85    1    1    1    1    1    1    1    1  2.56507E+13 0.01027 
   86   86    1    1    1    1    1    1    1    1  2.40134E+13 0.00950 
   87   87    1    1    1    1    1    1    1    1  1.48779E+13 0.01074 
   88   88    1    1    1    1    1    1    1    1  1.01004E+13 0.01181 
   89   89    1    1    1    1    1    1    1    1  5.88548E+12 0.01385 
   90   90    1    1    1    1    1    1    1    1  3.90576E+12 0.01866 
   91   91    1    1    1    1    1    1    1    1  2.04922E+12 0.02365 
   92   92    1    1    1    1    1    1    1    1  9.91561E+11 0.03097 
   93   93    1    1    1    1    1    1    1    1  4.46652E+11 0.03889 
   94   94    1    1    1    1    1    1    1    1  2.51943E+11 0.05500 
   95   95    1    1    1    1    1    1    1    1  1.11142E+11 0.11731 
   96   96    1    1    1    1    1    1    1    1  4.86619E+10 0.16120 
   97   97    1    1    1    1    1    1    1    1  2.10715E+10 0.20038 
   98   98    1    1    1    1    1    1    1    1  1.21295E+10 0.22758 
   99   99    1    1    1    1    1    1    1    1  1.40254E+09 0.45887 
  100  100    1    1    1    1    1    1    1    1  5.02452E+09 0.42392 
];


