
DETdpaspec = [
    1    1    1    1    1    1    1    1    1    1  0.00000E+00 0.00000 
    2    2    1    1    1    1    1    1    1    1  0.00000E+00 0.00000 
    3    3    1    1    1    1    1    1    1    1  0.00000E+00 0.00000 
    4    4    1    1    1    1    1    1    1    1  1.94770E+07 1.00000 
    5    5    1    1    1    1    1    1    1    1  0.00000E+00 0.00000 
    6    6    1    1    1    1    1    1    1    1  1.54109E+07 1.00000 
    7    7    1    1    1    1    1    1    1    1  0.00000E+00 0.00000 
    8    8    1    1    1    1    1    1    1    1  0.00000E+00 0.00000 
    9    9    1    1    1    1    1    1    1    1  9.23159E+06 1.00000 
   10   10    1    1    1    1    1    1    1    1  0.00000E+00 0.00000 
   11   11    1    1    1    1    1    1    1    1  5.58957E+08 0.64203 
   12   12    1    1    1    1    1    1    1    1  1.21832E+08 0.60963 
   13   13    1    1    1    1    1    1    1    1  2.15028E+09 0.46355 
   14   14    1    1    1    1    1    1    1    1  5.86774E+09 0.37976 
   15   15    1    1    1    1    1    1    1    1  5.71939E+09 0.31457 
   16   16    1    1    1    1    1    1    1    1  1.36110E+09 0.52812 
   17   17    1    1    1    1    1    1    1    1  5.47765E+09 0.39184 
   18   18    1    1    1    1    1    1    1    1  9.11824E+09 0.20448 
   19   19    1    1    1    1    1    1    1    1  9.03930E+09 0.23064 
   20   20    1    1    1    1    1    1    1    1  3.98765E+10 0.20967 
   21   21    1    1    1    1    1    1    1    1  3.18283E+10 0.11778 
   22   22    1    1    1    1    1    1    1    1  7.33335E+10 0.11007 
   23   23    1    1    1    1    1    1    1    1  1.12639E+11 0.08346 
   24   24    1    1    1    1    1    1    1    1  1.66154E+11 0.05559 
   25   25    1    1    1    1    1    1    1    1  2.44454E+11 0.05670 
   26   26    1    1    1    1    1    1    1    1  4.00915E+11 0.04777 
   27   27    1    1    1    1    1    1    1    1  7.09141E+11 0.03274 
   28   28    1    1    1    1    1    1    1    1  1.64324E+12 0.01692 
   29   29    1    1    1    1    1    1    1    1  3.02933E+12 0.01259 
   30   30    1    1    1    1    1    1    1    1  8.10641E+12 0.00928 
   31   31    1    1    1    1    1    1    1    1  2.49012E+13 0.00512 
   32   32    1    1    1    1    1    1    1    1  4.68868E+13 0.00403 
   33   33    1    1    1    1    1    1    1    1  1.13386E+14 0.00232 
   34   34    1    1    1    1    1    1    1    1  1.60015E+14 0.00249 
   35   35    1    1    1    1    1    1    1    1  2.00790E+14 0.00212 
   36   36    1    1    1    1    1    1    1    1  1.33628E+14 0.00176 
   37   37    1    1    1    1    1    1    1    1  4.04244E+13 0.00243 
   38   38    1    1    1    1    1    1    1    1  2.30341E+14 0.00205 
   39   39    1    1    1    1    1    1    1    1  3.12132E+14 0.00198 
   40   40    1    1    1    1    1    1    1    1  5.39687E+14 0.00141 
   41   41    1    1    1    1    1    1    1    1  5.43133E+14 0.00163 
   42   42    1    1    1    1    1    1    1    1  1.17790E+15 0.00132 
   43   43    1    1    1    1    1    1    1    1  1.43658E+15 0.00139 
   44   44    1    1    1    1    1    1    1    1  2.10103E+15 0.00113 
   45   45    1    1    1    1    1    1    1    1  4.23413E+15 0.00094 
   46   46    1    1    1    1    1    1    1    1  1.96711E+15 0.00080 
   47   47    1    1    1    1    1    1    1    1  3.18016E+15 0.00075 
   48   48    1    1    1    1    1    1    1    1  4.45599E+15 0.00071 
   49   49    1    1    1    1    1    1    1    1  4.42610E+15 0.00089 
   50   50    1    1    1    1    1    1    1    1  6.95154E+15 0.00082 
   51   51    1    1    1    1    1    1    1    1  5.52712E+15 0.00085 
   52   52    1    1    1    1    1    1    1    1  6.63598E+15 0.00081 
   53   53    1    1    1    1    1    1    1    1  4.60747E+15 0.00076 
   54   54    1    1    1    1    1    1    1    1  5.67701E+15 0.00066 
   55   55    1    1    1    1    1    1    1    1  3.90615E+15 0.00077 
   56   56    1    1    1    1    1    1    1    1  5.30255E+14 0.00094 
   57   57    1    1    1    1    1    1    1    1  7.78029E+15 0.00082 
   58   58    1    1    1    1    1    1    1    1  3.50005E+15 0.00084 
   59   59    1    1    1    1    1    1    1    1  3.71785E+15 0.00072 
   60   60    1    1    1    1    1    1    1    1  2.90681E+15 0.00086 
   61   61    1    1    1    1    1    1    1    1  2.91391E+15 0.00075 
   62   62    1    1    1    1    1    1    1    1  3.04536E+15 0.00079 
   63   63    1    1    1    1    1    1    1    1  2.56749E+15 0.00083 
   64   64    1    1    1    1    1    1    1    1  2.04667E+15 0.00088 
   65   65    1    1    1    1    1    1    1    1  2.03309E+15 0.00092 
   66   66    1    1    1    1    1    1    1    1  1.46093E+15 0.00103 
   67   67    1    1    1    1    1    1    1    1  1.19023E+15 0.00111 
   68   68    1    1    1    1    1    1    1    1  1.06680E+15 0.00110 
   69   69    1    1    1    1    1    1    1    1  1.27970E+15 0.00101 
   70   70    1    1    1    1    1    1    1    1  1.08960E+15 0.00126 
   71   71    1    1    1    1    1    1    1    1  1.97385E+15 0.00125 
   72   72    1    1    1    1    1    1    1    1  1.39518E+15 0.00097 
   73   73    1    1    1    1    1    1    1    1  1.05080E+15 0.00139 
   74   74    1    1    1    1    1    1    1    1  8.48683E+14 0.00128 
   75   75    1    1    1    1    1    1    1    1  7.06670E+14 0.00130 
   76   76    1    1    1    1    1    1    1    1  8.22576E+14 0.00166 
   77   77    1    1    1    1    1    1    1    1  6.53033E+14 0.00165 
   78   78    1    1    1    1    1    1    1    1  5.23231E+14 0.00161 
   79   79    1    1    1    1    1    1    1    1  5.41311E+14 0.00165 
   80   80    1    1    1    1    1    1    1    1  3.99759E+14 0.00162 
   81   81    1    1    1    1    1    1    1    1  3.09006E+14 0.00174 
   82   82    1    1    1    1    1    1    1    1  2.38297E+14 0.00135 
   83   83    1    1    1    1    1    1    1    1  2.21927E+14 0.00201 
   84   84    1    1    1    1    1    1    1    1  1.60318E+14 0.00220 
   85   85    1    1    1    1    1    1    1    1  1.15061E+14 0.00285 
   86   86    1    1    1    1    1    1    1    1  1.08075E+14 0.00241 
   87   87    1    1    1    1    1    1    1    1  6.65068E+13 0.00418 
   88   88    1    1    1    1    1    1    1    1  4.49196E+13 0.00313 
   89   89    1    1    1    1    1    1    1    1  2.57861E+13 0.00543 
   90   90    1    1    1    1    1    1    1    1  1.69807E+13 0.00699 
   91   91    1    1    1    1    1    1    1    1  8.66049E+12 0.00923 
   92   92    1    1    1    1    1    1    1    1  4.11151E+12 0.01281 
   93   93    1    1    1    1    1    1    1    1  1.91757E+12 0.02447 
   94   94    1    1    1    1    1    1    1    1  9.62805E+11 0.03549 
   95   95    1    1    1    1    1    1    1    1  4.48424E+11 0.04683 
   96   96    1    1    1    1    1    1    1    1  2.08434E+11 0.05571 
   97   97    1    1    1    1    1    1    1    1  1.07701E+11 0.06865 
   98   98    1    1    1    1    1    1    1    1  4.86245E+10 0.13738 
   99   99    1    1    1    1    1    1    1    1  3.62908E+10 0.16965 
  100  100    1    1    1    1    1    1    1    1  1.54588E+10 0.18457 
];


