
DETdpaspec = [
    1    1    1    1    1    1    1    1    1    1  0.00000E+00 0.00000 
    2    2    1    1    1    1    1    1    1    1  0.00000E+00 0.00000 
    3    3    1    1    1    1    1    1    1    1  0.00000E+00 0.00000 
    4    4    1    1    1    1    1    1    1    1  0.00000E+00 0.00000 
    5    5    1    1    1    1    1    1    1    1  0.00000E+00 0.00000 
    6    6    1    1    1    1    1    1    1    1  2.32857E+07 1.00000 
    7    7    1    1    1    1    1    1    1    1  0.00000E+00 0.00000 
    8    8    1    1    1    1    1    1    1    1  0.00000E+00 0.00000 
    9    9    1    1    1    1    1    1    1    1  8.76838E+06 1.00000 
   10   10    1    1    1    1    1    1    1    1  2.14469E+08 0.75683 
   11   11    1    1    1    1    1    1    1    1  3.52178E+08 0.53486 
   12   12    1    1    1    1    1    1    1    1  5.36951E+07 0.96641 
   13   13    1    1    1    1    1    1    1    1  2.29251E+09 0.46351 
   14   14    1    1    1    1    1    1    1    1  4.50273E+09 0.38986 
   15   15    1    1    1    1    1    1    1    1  8.71700E+09 0.36379 
   16   16    1    1    1    1    1    1    1    1  2.03943E+09 0.29964 
   17   17    1    1    1    1    1    1    1    1  4.68377E+09 0.18190 
   18   18    1    1    1    1    1    1    1    1  1.16088E+10 0.17855 
   19   19    1    1    1    1    1    1    1    1  1.30268E+10 0.17108 
   20   20    1    1    1    1    1    1    1    1  5.05916E+10 0.14572 
   21   21    1    1    1    1    1    1    1    1  2.70957E+10 0.12364 
   22   22    1    1    1    1    1    1    1    1  7.58715E+10 0.08580 
   23   23    1    1    1    1    1    1    1    1  1.12400E+11 0.06223 
   24   24    1    1    1    1    1    1    1    1  1.72485E+11 0.06358 
   25   25    1    1    1    1    1    1    1    1  2.24956E+11 0.05312 
   26   26    1    1    1    1    1    1    1    1  3.37603E+11 0.04486 
   27   27    1    1    1    1    1    1    1    1  5.90697E+11 0.04248 
   28   28    1    1    1    1    1    1    1    1  1.23968E+12 0.03173 
   29   29    1    1    1    1    1    1    1    1  1.92126E+12 0.01783 
   30   30    1    1    1    1    1    1    1    1  5.55996E+12 0.01114 
   31   31    1    1    1    1    1    1    1    1  1.76613E+13 0.00796 
   32   32    1    1    1    1    1    1    1    1  3.38215E+13 0.00585 
   33   33    1    1    1    1    1    1    1    1  8.04725E+13 0.00417 
   34   34    1    1    1    1    1    1    1    1  1.12387E+14 0.00291 
   35   35    1    1    1    1    1    1    1    1  1.53635E+14 0.00252 
   36   36    1    1    1    1    1    1    1    1  1.05519E+14 0.00168 
   37   37    1    1    1    1    1    1    1    1  3.27258E+13 0.00223 
   38   38    1    1    1    1    1    1    1    1  1.82728E+14 0.00185 
   39   39    1    1    1    1    1    1    1    1  2.46751E+14 0.00183 
   40   40    1    1    1    1    1    1    1    1  4.22871E+14 0.00149 
   41   41    1    1    1    1    1    1    1    1  4.35430E+14 0.00179 
   42   42    1    1    1    1    1    1    1    1  9.28761E+14 0.00127 
   43   43    1    1    1    1    1    1    1    1  1.13208E+15 0.00085 
   44   44    1    1    1    1    1    1    1    1  1.64964E+15 0.00098 
   45   45    1    1    1    1    1    1    1    1  3.28336E+15 0.00079 
   46   46    1    1    1    1    1    1    1    1  1.54354E+15 0.00075 
   47   47    1    1    1    1    1    1    1    1  2.51046E+15 0.00072 
   48   48    1    1    1    1    1    1    1    1  3.51392E+15 0.00078 
   49   49    1    1    1    1    1    1    1    1  3.50368E+15 0.00073 
   50   50    1    1    1    1    1    1    1    1  5.43852E+15 0.00077 
   51   51    1    1    1    1    1    1    1    1  4.38289E+15 0.00077 
   52   52    1    1    1    1    1    1    1    1  5.18011E+15 0.00078 
   53   53    1    1    1    1    1    1    1    1  3.61101E+15 0.00101 
   54   54    1    1    1    1    1    1    1    1  4.38314E+15 0.00081 
   55   55    1    1    1    1    1    1    1    1  3.02201E+15 0.00093 
   56   56    1    1    1    1    1    1    1    1  4.11918E+14 0.00119 
   57   57    1    1    1    1    1    1    1    1  6.02777E+15 0.00080 
   58   58    1    1    1    1    1    1    1    1  2.65990E+15 0.00118 
   59   59    1    1    1    1    1    1    1    1  2.83872E+15 0.00092 
   60   60    1    1    1    1    1    1    1    1  2.18947E+15 0.00088 
   61   61    1    1    1    1    1    1    1    1  2.20249E+15 0.00080 
   62   62    1    1    1    1    1    1    1    1  2.29322E+15 0.00096 
   63   63    1    1    1    1    1    1    1    1  1.92553E+15 0.00098 
   64   64    1    1    1    1    1    1    1    1  1.53579E+15 0.00124 
   65   65    1    1    1    1    1    1    1    1  1.52520E+15 0.00130 
   66   66    1    1    1    1    1    1    1    1  1.09666E+15 0.00135 
   67   67    1    1    1    1    1    1    1    1  8.95372E+14 0.00143 
   68   68    1    1    1    1    1    1    1    1  8.04571E+14 0.00112 
   69   69    1    1    1    1    1    1    1    1  9.67383E+14 0.00119 
   70   70    1    1    1    1    1    1    1    1  8.25770E+14 0.00168 
   71   71    1    1    1    1    1    1    1    1  1.50984E+15 0.00118 
   72   72    1    1    1    1    1    1    1    1  1.07108E+15 0.00130 
   73   73    1    1    1    1    1    1    1    1  8.04498E+14 0.00186 
   74   74    1    1    1    1    1    1    1    1  6.41770E+14 0.00140 
   75   75    1    1    1    1    1    1    1    1  5.28819E+14 0.00123 
   76   76    1    1    1    1    1    1    1    1  6.08817E+14 0.00150 
   77   77    1    1    1    1    1    1    1    1  4.79575E+14 0.00124 
   78   78    1    1    1    1    1    1    1    1  3.80653E+14 0.00192 
   79   79    1    1    1    1    1    1    1    1  3.90636E+14 0.00186 
   80   80    1    1    1    1    1    1    1    1  2.88392E+14 0.00224 
   81   81    1    1    1    1    1    1    1    1  2.21500E+14 0.00187 
   82   82    1    1    1    1    1    1    1    1  1.70474E+14 0.00234 
   83   83    1    1    1    1    1    1    1    1  1.58703E+14 0.00261 
   84   84    1    1    1    1    1    1    1    1  1.14554E+14 0.00259 
   85   85    1    1    1    1    1    1    1    1  8.26144E+13 0.00299 
   86   86    1    1    1    1    1    1    1    1  7.70588E+13 0.00309 
   87   87    1    1    1    1    1    1    1    1  4.73161E+13 0.00512 
   88   88    1    1    1    1    1    1    1    1  3.23158E+13 0.00616 
   89   89    1    1    1    1    1    1    1    1  1.84316E+13 0.00655 
   90   90    1    1    1    1    1    1    1    1  1.23962E+13 0.00826 
   91   91    1    1    1    1    1    1    1    1  6.18154E+12 0.01240 
   92   92    1    1    1    1    1    1    1    1  3.12639E+12 0.02029 
   93   93    1    1    1    1    1    1    1    1  1.42968E+12 0.02506 
   94   94    1    1    1    1    1    1    1    1  7.00256E+11 0.03265 
   95   95    1    1    1    1    1    1    1    1  3.24010E+11 0.03517 
   96   96    1    1    1    1    1    1    1    1  1.66244E+11 0.06615 
   97   97    1    1    1    1    1    1    1    1  7.14287E+10 0.09931 
   98   98    1    1    1    1    1    1    1    1  3.83110E+10 0.12697 
   99   99    1    1    1    1    1    1    1    1  1.94955E+10 0.22780 
  100  100    1    1    1    1    1    1    1    1  2.01406E+10 0.19088 
];


