
DETdpaspec = [
    1    1    1    1    1    1    1    1    1    1  0.00000E+00 0.00000 
    2    2    1    1    1    1    1    1    1    1  0.00000E+00 0.00000 
    3    3    1    1    1    1    1    1    1    1  0.00000E+00 0.00000 
    4    4    1    1    1    1    1    1    1    1  0.00000E+00 0.00000 
    5    5    1    1    1    1    1    1    1    1  0.00000E+00 0.00000 
    6    6    1    1    1    1    1    1    1    1  0.00000E+00 0.00000 
    7    7    1    1    1    1    1    1    1    1  0.00000E+00 0.00000 
    8    8    1    1    1    1    1    1    1    1  0.00000E+00 0.00000 
    9    9    1    1    1    1    1    1    1    1  0.00000E+00 0.00000 
   10   10    1    1    1    1    1    1    1    1  0.00000E+00 0.00000 
   11   11    1    1    1    1    1    1    1    1  1.35764E+08 0.68923 
   12   12    1    1    1    1    1    1    1    1  9.65668E+07 0.62684 
   13   13    1    1    1    1    1    1    1    1  1.75439E+09 0.48477 
   14   14    1    1    1    1    1    1    1    1  5.79820E+09 0.51989 
   15   15    1    1    1    1    1    1    1    1  6.16041E+09 0.33191 
   16   16    1    1    1    1    1    1    1    1  1.59447E+09 0.39402 
   17   17    1    1    1    1    1    1    1    1  3.23945E+09 0.32034 
   18   18    1    1    1    1    1    1    1    1  1.04100E+10 0.24367 
   19   19    1    1    1    1    1    1    1    1  1.10798E+10 0.14304 
   20   20    1    1    1    1    1    1    1    1  3.75901E+10 0.16065 
   21   21    1    1    1    1    1    1    1    1  2.58262E+10 0.08704 
   22   22    1    1    1    1    1    1    1    1  7.08471E+10 0.11627 
   23   23    1    1    1    1    1    1    1    1  1.01602E+11 0.07899 
   24   24    1    1    1    1    1    1    1    1  1.84306E+11 0.04049 
   25   25    1    1    1    1    1    1    1    1  2.18375E+11 0.05788 
   26   26    1    1    1    1    1    1    1    1  3.75635E+11 0.03607 
   27   27    1    1    1    1    1    1    1    1  7.06354E+11 0.03239 
   28   28    1    1    1    1    1    1    1    1  1.64223E+12 0.02236 
   29   29    1    1    1    1    1    1    1    1  2.86821E+12 0.01482 
   30   30    1    1    1    1    1    1    1    1  7.71069E+12 0.01213 
   31   31    1    1    1    1    1    1    1    1  2.42398E+13 0.00705 
   32   32    1    1    1    1    1    1    1    1  4.54298E+13 0.00388 
   33   33    1    1    1    1    1    1    1    1  1.09408E+14 0.00318 
   34   34    1    1    1    1    1    1    1    1  1.53838E+14 0.00178 
   35   35    1    1    1    1    1    1    1    1  1.95472E+14 0.00151 
   36   36    1    1    1    1    1    1    1    1  1.30417E+14 0.00190 
   37   37    1    1    1    1    1    1    1    1  3.95632E+13 0.00169 
   38   38    1    1    1    1    1    1    1    1  2.25030E+14 0.00180 
   39   39    1    1    1    1    1    1    1    1  3.05276E+14 0.00126 
   40   40    1    1    1    1    1    1    1    1  5.26995E+14 0.00089 
   41   41    1    1    1    1    1    1    1    1  5.32450E+14 0.00109 
   42   42    1    1    1    1    1    1    1    1  1.15397E+15 0.00128 
   43   43    1    1    1    1    1    1    1    1  1.40798E+15 0.00073 
   44   44    1    1    1    1    1    1    1    1  2.05930E+15 0.00069 
   45   45    1    1    1    1    1    1    1    1  4.15055E+15 0.00068 
   46   46    1    1    1    1    1    1    1    1  1.93370E+15 0.00059 
   47   47    1    1    1    1    1    1    1    1  3.12868E+15 0.00038 
   48   48    1    1    1    1    1    1    1    1  4.38028E+15 0.00059 
   49   49    1    1    1    1    1    1    1    1  4.35318E+15 0.00062 
   50   50    1    1    1    1    1    1    1    1  6.83315E+15 0.00056 
   51   51    1    1    1    1    1    1    1    1  5.44212E+15 0.00065 
   52   52    1    1    1    1    1    1    1    1  6.52318E+15 0.00067 
   53   53    1    1    1    1    1    1    1    1  4.53647E+15 0.00083 
   54   54    1    1    1    1    1    1    1    1  5.58557E+15 0.00082 
   55   55    1    1    1    1    1    1    1    1  3.84202E+15 0.00062 
   56   56    1    1    1    1    1    1    1    1  5.22366E+14 0.00122 
   57   57    1    1    1    1    1    1    1    1  7.65855E+15 0.00084 
   58   58    1    1    1    1    1    1    1    1  3.43842E+15 0.00074 
   59   59    1    1    1    1    1    1    1    1  3.65539E+15 0.00081 
   60   60    1    1    1    1    1    1    1    1  2.85570E+15 0.00079 
   61   61    1    1    1    1    1    1    1    1  2.86262E+15 0.00092 
   62   62    1    1    1    1    1    1    1    1  2.99347E+15 0.00072 
   63   63    1    1    1    1    1    1    1    1  2.52748E+15 0.00077 
   64   64    1    1    1    1    1    1    1    1  2.01264E+15 0.00092 
   65   65    1    1    1    1    1    1    1    1  2.00091E+15 0.00085 
   66   66    1    1    1    1    1    1    1    1  1.44089E+15 0.00094 
   67   67    1    1    1    1    1    1    1    1  1.17025E+15 0.00102 
   68   68    1    1    1    1    1    1    1    1  1.05003E+15 0.00117 
   69   69    1    1    1    1    1    1    1    1  1.26066E+15 0.00084 
   70   70    1    1    1    1    1    1    1    1  1.07311E+15 0.00143 
   71   71    1    1    1    1    1    1    1    1  1.94598E+15 0.00120 
   72   72    1    1    1    1    1    1    1    1  1.37611E+15 0.00104 
   73   73    1    1    1    1    1    1    1    1  1.03727E+15 0.00127 
   74   74    1    1    1    1    1    1    1    1  8.35947E+14 0.00124 
   75   75    1    1    1    1    1    1    1    1  6.97152E+14 0.00121 
   76   76    1    1    1    1    1    1    1    1  8.09122E+14 0.00125 
   77   77    1    1    1    1    1    1    1    1  6.42183E+14 0.00142 
   78   78    1    1    1    1    1    1    1    1  5.14116E+14 0.00171 
   79   79    1    1    1    1    1    1    1    1  5.30677E+14 0.00112 
   80   80    1    1    1    1    1    1    1    1  3.93642E+14 0.00168 
   81   81    1    1    1    1    1    1    1    1  3.04013E+14 0.00178 
   82   82    1    1    1    1    1    1    1    1  2.33236E+14 0.00194 
   83   83    1    1    1    1    1    1    1    1  2.17571E+14 0.00164 
   84   84    1    1    1    1    1    1    1    1  1.57363E+14 0.00274 
   85   85    1    1    1    1    1    1    1    1  1.13350E+14 0.00227 
   86   86    1    1    1    1    1    1    1    1  1.05867E+14 0.00304 
   87   87    1    1    1    1    1    1    1    1  6.53452E+13 0.00371 
   88   88    1    1    1    1    1    1    1    1  4.38276E+13 0.00357 
   89   89    1    1    1    1    1    1    1    1  2.50357E+13 0.00634 
   90   90    1    1    1    1    1    1    1    1  1.66211E+13 0.00804 
   91   91    1    1    1    1    1    1    1    1  8.37339E+12 0.01094 
   92   92    1    1    1    1    1    1    1    1  4.10975E+12 0.01739 
   93   93    1    1    1    1    1    1    1    1  1.92374E+12 0.02235 
   94   94    1    1    1    1    1    1    1    1  9.27394E+11 0.03010 
   95   95    1    1    1    1    1    1    1    1  4.52130E+11 0.02476 
   96   96    1    1    1    1    1    1    1    1  2.03409E+11 0.06367 
   97   97    1    1    1    1    1    1    1    1  9.05641E+10 0.08612 
   98   98    1    1    1    1    1    1    1    1  4.73072E+10 0.11315 
   99   99    1    1    1    1    1    1    1    1  1.77731E+10 0.19161 
  100  100    1    1    1    1    1    1    1    1  2.45994E+10 0.17007 
];


