
DETdpaspec = [
    1    1    1    1    1    1    1    1    1    1  0.00000E+00 0.00000 
    2    2    1    1    1    1    1    1    1    1  0.00000E+00 0.00000 
    3    3    1    1    1    1    1    1    1    1  0.00000E+00 0.00000 
    4    4    1    1    1    1    1    1    1    1  0.00000E+00 0.00000 
    5    5    1    1    1    1    1    1    1    1  0.00000E+00 0.00000 
    6    6    1    1    1    1    1    1    1    1  1.24351E+07 1.00000 
    7    7    1    1    1    1    1    1    1    1  0.00000E+00 0.00000 
    8    8    1    1    1    1    1    1    1    1  0.00000E+00 0.00000 
    9    9    1    1    1    1    1    1    1    1  0.00000E+00 0.00000 
   10   10    1    1    1    1    1    1    1    1  3.89346E+07 1.00000 
   11   11    1    1    1    1    1    1    1    1  7.79287E+07 1.00000 
   12   12    1    1    1    1    1    1    1    1  1.50966E+08 0.57502 
   13   13    1    1    1    1    1    1    1    1  9.96761E+08 0.55004 
   14   14    1    1    1    1    1    1    1    1  3.28140E+09 0.48883 
   15   15    1    1    1    1    1    1    1    1  5.92726E+09 0.47825 
   16   16    1    1    1    1    1    1    1    1  2.48028E+09 0.44756 
   17   17    1    1    1    1    1    1    1    1  4.07474E+09 0.22400 
   18   18    1    1    1    1    1    1    1    1  7.06422E+09 0.20177 
   19   19    1    1    1    1    1    1    1    1  1.12885E+10 0.22573 
   20   20    1    1    1    1    1    1    1    1  3.62629E+10 0.14374 
   21   21    1    1    1    1    1    1    1    1  3.02353E+10 0.11389 
   22   22    1    1    1    1    1    1    1    1  6.73036E+10 0.08581 
   23   23    1    1    1    1    1    1    1    1  1.06241E+11 0.07249 
   24   24    1    1    1    1    1    1    1    1  2.01964E+11 0.05242 
   25   25    1    1    1    1    1    1    1    1  2.50887E+11 0.05223 
   26   26    1    1    1    1    1    1    1    1  3.30318E+11 0.04004 
   27   27    1    1    1    1    1    1    1    1  6.26406E+11 0.03762 
   28   28    1    1    1    1    1    1    1    1  1.35552E+12 0.02440 
   29   29    1    1    1    1    1    1    1    1  2.24087E+12 0.01551 
   30   30    1    1    1    1    1    1    1    1  6.39364E+12 0.00630 
   31   31    1    1    1    1    1    1    1    1  2.01410E+13 0.00571 
   32   32    1    1    1    1    1    1    1    1  3.85089E+13 0.00486 
   33   33    1    1    1    1    1    1    1    1  9.35871E+13 0.00368 
   34   34    1    1    1    1    1    1    1    1  1.32044E+14 0.00250 
   35   35    1    1    1    1    1    1    1    1  1.74841E+14 0.00187 
   36   36    1    1    1    1    1    1    1    1  1.18651E+14 0.00200 
   37   37    1    1    1    1    1    1    1    1  3.64454E+13 0.00185 
   38   38    1    1    1    1    1    1    1    1  2.05388E+14 0.00173 
   39   39    1    1    1    1    1    1    1    1  2.78001E+14 0.00183 
   40   40    1    1    1    1    1    1    1    1  4.79560E+14 0.00139 
   41   41    1    1    1    1    1    1    1    1  4.88230E+14 0.00144 
   42   42    1    1    1    1    1    1    1    1  1.05026E+15 0.00098 
   43   43    1    1    1    1    1    1    1    1  1.28363E+15 0.00111 
   44   44    1    1    1    1    1    1    1    1  1.87276E+15 0.00097 
   45   45    1    1    1    1    1    1    1    1  3.75804E+15 0.00105 
   46   46    1    1    1    1    1    1    1    1  1.76270E+15 0.00099 
   47   47    1    1    1    1    1    1    1    1  2.85766E+15 0.00085 
   48   48    1    1    1    1    1    1    1    1  4.00659E+15 0.00089 
   49   49    1    1    1    1    1    1    1    1  3.99029E+15 0.00079 
   50   50    1    1    1    1    1    1    1    1  6.23795E+15 0.00080 
   51   51    1    1    1    1    1    1    1    1  4.99928E+15 0.00083 
   52   52    1    1    1    1    1    1    1    1  5.96212E+15 0.00071 
   53   53    1    1    1    1    1    1    1    1  4.15123E+15 0.00069 
   54   54    1    1    1    1    1    1    1    1  5.07754E+15 0.00077 
   55   55    1    1    1    1    1    1    1    1  3.50092E+15 0.00079 
   56   56    1    1    1    1    1    1    1    1  4.75430E+14 0.00105 
   57   57    1    1    1    1    1    1    1    1  6.97749E+15 0.00086 
   58   58    1    1    1    1    1    1    1    1  3.11311E+15 0.00083 
   59   59    1    1    1    1    1    1    1    1  3.31221E+15 0.00071 
   60   60    1    1    1    1    1    1    1    1  2.57669E+15 0.00077 
   61   61    1    1    1    1    1    1    1    1  2.58478E+15 0.00085 
   62   62    1    1    1    1    1    1    1    1  2.69739E+15 0.00086 
   63   63    1    1    1    1    1    1    1    1  2.27135E+15 0.00094 
   64   64    1    1    1    1    1    1    1    1  1.80842E+15 0.00108 
   65   65    1    1    1    1    1    1    1    1  1.79795E+15 0.00110 
   66   66    1    1    1    1    1    1    1    1  1.29339E+15 0.00107 
   67   67    1    1    1    1    1    1    1    1  1.05535E+15 0.00122 
   68   68    1    1    1    1    1    1    1    1  9.48450E+14 0.00132 
   69   69    1    1    1    1    1    1    1    1  1.13838E+15 0.00135 
   70   70    1    1    1    1    1    1    1    1  9.68990E+14 0.00090 
   71   71    1    1    1    1    1    1    1    1  1.76827E+15 0.00116 
   72   72    1    1    1    1    1    1    1    1  1.24935E+15 0.00140 
   73   73    1    1    1    1    1    1    1    1  9.42694E+14 0.00116 
   74   74    1    1    1    1    1    1    1    1  7.55687E+14 0.00164 
   75   75    1    1    1    1    1    1    1    1  6.26236E+14 0.00110 
   76   76    1    1    1    1    1    1    1    1  7.25623E+14 0.00148 
   77   77    1    1    1    1    1    1    1    1  5.72906E+14 0.00149 
   78   78    1    1    1    1    1    1    1    1  4.56497E+14 0.00151 
   79   79    1    1    1    1    1    1    1    1  4.71126E+14 0.00209 
   80   80    1    1    1    1    1    1    1    1  3.48322E+14 0.00147 
   81   81    1    1    1    1    1    1    1    1  2.69058E+14 0.00162 
   82   82    1    1    1    1    1    1    1    1  2.06541E+14 0.00218 
   83   83    1    1    1    1    1    1    1    1  1.92472E+14 0.00232 
   84   84    1    1    1    1    1    1    1    1  1.38012E+14 0.00232 
   85   85    1    1    1    1    1    1    1    1  1.00146E+14 0.00352 
   86   86    1    1    1    1    1    1    1    1  9.38836E+13 0.00284 
   87   87    1    1    1    1    1    1    1    1  5.77328E+13 0.00394 
   88   88    1    1    1    1    1    1    1    1  3.94102E+13 0.00337 
   89   89    1    1    1    1    1    1    1    1  2.25313E+13 0.00584 
   90   90    1    1    1    1    1    1    1    1  1.48933E+13 0.00591 
   91   91    1    1    1    1    1    1    1    1  7.35489E+12 0.01228 
   92   92    1    1    1    1    1    1    1    1  3.58993E+12 0.01578 
   93   93    1    1    1    1    1    1    1    1  1.72791E+12 0.02709 
   94   94    1    1    1    1    1    1    1    1  8.56671E+11 0.02743 
   95   95    1    1    1    1    1    1    1    1  3.79499E+11 0.04398 
   96   96    1    1    1    1    1    1    1    1  1.86126E+11 0.05224 
   97   97    1    1    1    1    1    1    1    1  8.05532E+10 0.12714 
   98   98    1    1    1    1    1    1    1    1  5.16766E+10 0.12236 
   99   99    1    1    1    1    1    1    1    1  2.01102E+10 0.15525 
  100  100    1    1    1    1    1    1    1    1  1.98990E+10 0.23951 
];


