
DETdpaspec = [
    1    1    1    1    1    1    1    1    1    1  0.00000E+00 0.00000 
    2    2    1    1    1    1    1    1    1    1  0.00000E+00 0.00000 
    3    3    1    1    1    1    1    1    1    1  0.00000E+00 0.00000 
    4    4    1    1    1    1    1    1    1    1  0.00000E+00 0.00000 
    5    5    1    1    1    1    1    1    1    1  0.00000E+00 0.00000 
    6    6    1    1    1    1    1    1    1    1  0.00000E+00 0.00000 
    7    7    1    1    1    1    1    1    1    1  0.00000E+00 0.00000 
    8    8    1    1    1    1    1    1    1    1  0.00000E+00 0.00000 
    9    9    1    1    1    1    1    1    1    1  0.00000E+00 0.00000 
   10   10    1    1    1    1    1    1    1    1  3.19703E+07 1.00000 
   11   11    1    1    1    1    1    1    1    1  0.00000E+00 0.00000 
   12   12    1    1    1    1    1    1    1    1  9.94034E+06 0.71226 
   13   13    1    1    1    1    1    1    1    1  2.39023E+09 0.45816 
   14   14    1    1    1    1    1    1    1    1  4.82914E+09 0.40591 
   15   15    1    1    1    1    1    1    1    1  6.24747E+09 0.34885 
   16   16    1    1    1    1    1    1    1    1  2.60935E+09 0.41474 
   17   17    1    1    1    1    1    1    1    1  2.80039E+09 0.33713 
   18   18    1    1    1    1    1    1    1    1  4.27507E+09 0.34548 
   19   19    1    1    1    1    1    1    1    1  1.03630E+10 0.27932 
   20   20    1    1    1    1    1    1    1    1  4.18453E+10 0.15311 
   21   21    1    1    1    1    1    1    1    1  3.01626E+10 0.15917 
   22   22    1    1    1    1    1    1    1    1  6.31309E+10 0.10403 
   23   23    1    1    1    1    1    1    1    1  9.27037E+10 0.08819 
   24   24    1    1    1    1    1    1    1    1  2.06973E+11 0.04976 
   25   25    1    1    1    1    1    1    1    1  2.85522E+11 0.05124 
   26   26    1    1    1    1    1    1    1    1  4.70525E+11 0.03860 
   27   27    1    1    1    1    1    1    1    1  9.48279E+11 0.03553 
   28   28    1    1    1    1    1    1    1    1  2.41983E+12 0.01702 
   29   29    1    1    1    1    1    1    1    1  4.51906E+12 0.01396 
   30   30    1    1    1    1    1    1    1    1  1.14678E+13 0.00767 
   31   31    1    1    1    1    1    1    1    1  3.38484E+13 0.00456 
   32   32    1    1    1    1    1    1    1    1  6.06437E+13 0.00387 
   33   33    1    1    1    1    1    1    1    1  1.43573E+14 0.00314 
   34   34    1    1    1    1    1    1    1    1  1.99202E+14 0.00201 
   35   35    1    1    1    1    1    1    1    1  2.37120E+14 0.00241 
   36   36    1    1    1    1    1    1    1    1  1.52852E+14 0.00177 
   37   37    1    1    1    1    1    1    1    1  4.57363E+13 0.00169 
   38   38    1    1    1    1    1    1    1    1  2.62394E+14 0.00116 
   39   39    1    1    1    1    1    1    1    1  3.54573E+14 0.00137 
   40   40    1    1    1    1    1    1    1    1  6.11482E+14 0.00093 
   41   41    1    1    1    1    1    1    1    1  6.08341E+14 0.00097 
   42   42    1    1    1    1    1    1    1    1  1.32396E+15 0.00109 
   43   43    1    1    1    1    1    1    1    1  1.61187E+15 0.00099 
   44   44    1    1    1    1    1    1    1    1  2.34619E+15 0.00108 
   45   45    1    1    1    1    1    1    1    1  4.71059E+15 0.00079 
   46   46    1    1    1    1    1    1    1    1  2.16441E+15 0.00062 
   47   47    1    1    1    1    1    1    1    1  3.48099E+15 0.00045 
   48   48    1    1    1    1    1    1    1    1  4.84807E+15 0.00053 
   49   49    1    1    1    1    1    1    1    1  4.79611E+15 0.00066 
   50   50    1    1    1    1    1    1    1    1  7.53561E+15 0.00068 
   51   51    1    1    1    1    1    1    1    1  5.94053E+15 0.00085 
   52   52    1    1    1    1    1    1    1    1  7.15817E+15 0.00076 
   53   53    1    1    1    1    1    1    1    1  4.94408E+15 0.00070 
   54   54    1    1    1    1    1    1    1    1  6.12430E+15 0.00068 
   55   55    1    1    1    1    1    1    1    1  4.20394E+15 0.00074 
   56   56    1    1    1    1    1    1    1    1  5.68724E+14 0.00092 
   57   57    1    1    1    1    1    1    1    1  8.35425E+15 0.00067 
   58   58    1    1    1    1    1    1    1    1  3.78126E+15 0.00085 
   59   59    1    1    1    1    1    1    1    1  3.99847E+15 0.00066 
   60   60    1    1    1    1    1    1    1    1  3.14596E+15 0.00090 
   61   61    1    1    1    1    1    1    1    1  3.14501E+15 0.00065 
   62   62    1    1    1    1    1    1    1    1  3.28647E+15 0.00070 
   63   63    1    1    1    1    1    1    1    1  2.77159E+15 0.00086 
   64   64    1    1    1    1    1    1    1    1  2.20459E+15 0.00078 
   65   65    1    1    1    1    1    1    1    1  2.19098E+15 0.00081 
   66   66    1    1    1    1    1    1    1    1  1.57729E+15 0.00082 
   67   67    1    1    1    1    1    1    1    1  1.27940E+15 0.00086 
   68   68    1    1    1    1    1    1    1    1  1.14687E+15 0.00065 
   69   69    1    1    1    1    1    1    1    1  1.37273E+15 0.00088 
   70   70    1    1    1    1    1    1    1    1  1.16539E+15 0.00096 
   71   71    1    1    1    1    1    1    1    1  2.09787E+15 0.00090 
   72   72    1    1    1    1    1    1    1    1  1.47774E+15 0.00107 
   73   73    1    1    1    1    1    1    1    1  1.11605E+15 0.00128 
   74   74    1    1    1    1    1    1    1    1  9.02724E+14 0.00125 
   75   75    1    1    1    1    1    1    1    1  7.55425E+14 0.00115 
   76   76    1    1    1    1    1    1    1    1  8.84567E+14 0.00103 
   77   77    1    1    1    1    1    1    1    1  7.04296E+14 0.00101 
   78   78    1    1    1    1    1    1    1    1  5.67293E+14 0.00106 
   79   79    1    1    1    1    1    1    1    1  5.86127E+14 0.00137 
   80   80    1    1    1    1    1    1    1    1  4.34494E+14 0.00146 
   81   81    1    1    1    1    1    1    1    1  3.36063E+14 0.00135 
   82   82    1    1    1    1    1    1    1    1  2.58759E+14 0.00159 
   83   83    1    1    1    1    1    1    1    1  2.41227E+14 0.00224 
   84   84    1    1    1    1    1    1    1    1  1.73906E+14 0.00230 
   85   85    1    1    1    1    1    1    1    1  1.25042E+14 0.00222 
   86   86    1    1    1    1    1    1    1    1  1.17540E+14 0.00188 
   87   87    1    1    1    1    1    1    1    1  7.23948E+13 0.00286 
   88   88    1    1    1    1    1    1    1    1  4.84939E+13 0.00413 
   89   89    1    1    1    1    1    1    1    1  2.75381E+13 0.00525 
   90   90    1    1    1    1    1    1    1    1  1.83881E+13 0.00627 
   91   91    1    1    1    1    1    1    1    1  9.29017E+12 0.01026 
   92   92    1    1    1    1    1    1    1    1  4.40691E+12 0.00823 
   93   93    1    1    1    1    1    1    1    1  2.10857E+12 0.01532 
   94   94    1    1    1    1    1    1    1    1  1.04112E+12 0.03289 
   95   95    1    1    1    1    1    1    1    1  4.80986E+11 0.04577 
   96   96    1    1    1    1    1    1    1    1  2.35282E+11 0.08876 
   97   97    1    1    1    1    1    1    1    1  1.16005E+11 0.07690 
   98   98    1    1    1    1    1    1    1    1  6.01142E+10 0.09744 
   99   99    1    1    1    1    1    1    1    1  2.91121E+10 0.18383 
  100  100    1    1    1    1    1    1    1    1  2.14052E+10 0.18928 
];


