
DETdpaspec = [
    1    1    1    1    1    1    1    1    1    1  0.00000E+00 0.00000 
    2    2    1    1    1    1    1    1    1    1  0.00000E+00 0.00000 
    3    3    1    1    1    1    1    1    1    1  0.00000E+00 0.00000 
    4    4    1    1    1    1    1    1    1    1  1.60691E+07 1.00000 
    5    5    1    1    1    1    1    1    1    1  0.00000E+00 0.00000 
    6    6    1    1    1    1    1    1    1    1  2.66403E+07 1.00000 
    7    7    1    1    1    1    1    1    1    1  0.00000E+00 0.00000 
    8    8    1    1    1    1    1    1    1    1  0.00000E+00 0.00000 
    9    9    1    1    1    1    1    1    1    1  0.00000E+00 0.00000 
   10   10    1    1    1    1    1    1    1    1  6.62025E+07 1.00000 
   11   11    1    1    1    1    1    1    1    1  1.98853E+08 0.74270 
   12   12    1    1    1    1    1    1    1    1  2.28193E+06 1.00000 
   13   13    1    1    1    1    1    1    1    1  1.43574E+09 0.47363 
   14   14    1    1    1    1    1    1    1    1  9.60238E+09 0.32453 
   15   15    1    1    1    1    1    1    1    1  3.85394E+09 0.40728 
   16   16    1    1    1    1    1    1    1    1  3.16380E+09 0.30972 
   17   17    1    1    1    1    1    1    1    1  4.72494E+09 0.23909 
   18   18    1    1    1    1    1    1    1    1  7.64198E+09 0.16862 
   19   19    1    1    1    1    1    1    1    1  1.23038E+10 0.17752 
   20   20    1    1    1    1    1    1    1    1  4.39741E+10 0.13396 
   21   21    1    1    1    1    1    1    1    1  3.15530E+10 0.15038 
   22   22    1    1    1    1    1    1    1    1  5.84268E+10 0.10078 
   23   23    1    1    1    1    1    1    1    1  9.38629E+10 0.07878 
   24   24    1    1    1    1    1    1    1    1  1.70867E+11 0.06024 
   25   25    1    1    1    1    1    1    1    1  2.31158E+11 0.05947 
   26   26    1    1    1    1    1    1    1    1  3.57009E+11 0.05732 
   27   27    1    1    1    1    1    1    1    1  6.70543E+11 0.03680 
   28   28    1    1    1    1    1    1    1    1  1.46317E+12 0.02660 
   29   29    1    1    1    1    1    1    1    1  2.54789E+12 0.01506 
   30   30    1    1    1    1    1    1    1    1  7.11721E+12 0.01128 
   31   31    1    1    1    1    1    1    1    1  2.26643E+13 0.00592 
   32   32    1    1    1    1    1    1    1    1  4.25014E+13 0.00489 
   33   33    1    1    1    1    1    1    1    1  1.03510E+14 0.00262 
   34   34    1    1    1    1    1    1    1    1  1.45636E+14 0.00236 
   35   35    1    1    1    1    1    1    1    1  1.87890E+14 0.00198 
   36   36    1    1    1    1    1    1    1    1  1.26194E+14 0.00227 
   37   37    1    1    1    1    1    1    1    1  3.82898E+13 0.00281 
   38   38    1    1    1    1    1    1    1    1  2.17003E+14 0.00206 
   39   39    1    1    1    1    1    1    1    1  2.94688E+14 0.00181 
   40   40    1    1    1    1    1    1    1    1  5.08739E+14 0.00156 
   41   41    1    1    1    1    1    1    1    1  5.16186E+14 0.00156 
   42   42    1    1    1    1    1    1    1    1  1.11413E+15 0.00130 
   43   43    1    1    1    1    1    1    1    1  1.36227E+15 0.00088 
   44   44    1    1    1    1    1    1    1    1  1.99128E+15 0.00089 
   45   45    1    1    1    1    1    1    1    1  4.01092E+15 0.00065 
   46   46    1    1    1    1    1    1    1    1  1.87114E+15 0.00073 
   47   47    1    1    1    1    1    1    1    1  3.03125E+15 0.00073 
   48   48    1    1    1    1    1    1    1    1  4.24845E+15 0.00058 
   49   49    1    1    1    1    1    1    1    1  4.22659E+15 0.00065 
   50   50    1    1    1    1    1    1    1    1  6.62578E+15 0.00056 
   51   51    1    1    1    1    1    1    1    1  5.29140E+15 0.00065 
   52   52    1    1    1    1    1    1    1    1  6.33128E+15 0.00064 
   53   53    1    1    1    1    1    1    1    1  4.40326E+15 0.00069 
   54   54    1    1    1    1    1    1    1    1  5.41582E+15 0.00074 
   55   55    1    1    1    1    1    1    1    1  3.72591E+15 0.00089 
   56   56    1    1    1    1    1    1    1    1  5.05807E+14 0.00090 
   57   57    1    1    1    1    1    1    1    1  7.42287E+15 0.00079 
   58   58    1    1    1    1    1    1    1    1  3.32508E+15 0.00096 
   59   59    1    1    1    1    1    1    1    1  3.53686E+15 0.00083 
   60   60    1    1    1    1    1    1    1    1  2.75850E+15 0.00105 
   61   61    1    1    1    1    1    1    1    1  2.76969E+15 0.00121 
   62   62    1    1    1    1    1    1    1    1  2.89019E+15 0.00106 
   63   63    1    1    1    1    1    1    1    1  2.43602E+15 0.00080 
   64   64    1    1    1    1    1    1    1    1  1.94100E+15 0.00087 
   65   65    1    1    1    1    1    1    1    1  1.93078E+15 0.00072 
   66   66    1    1    1    1    1    1    1    1  1.39027E+15 0.00096 
   67   67    1    1    1    1    1    1    1    1  1.13056E+15 0.00104 
   68   68    1    1    1    1    1    1    1    1  1.01557E+15 0.00101 
   69   69    1    1    1    1    1    1    1    1  1.21948E+15 0.00099 
   70   70    1    1    1    1    1    1    1    1  1.03693E+15 0.00092 
   71   71    1    1    1    1    1    1    1    1  1.88872E+15 0.00100 
   72   72    1    1    1    1    1    1    1    1  1.33504E+15 0.00114 
   73   73    1    1    1    1    1    1    1    1  1.00392E+15 0.00110 
   74   74    1    1    1    1    1    1    1    1  8.08184E+14 0.00083 
   75   75    1    1    1    1    1    1    1    1  6.72848E+14 0.00126 
   76   76    1    1    1    1    1    1    1    1  7.81342E+14 0.00142 
   77   77    1    1    1    1    1    1    1    1  6.17894E+14 0.00116 
   78   78    1    1    1    1    1    1    1    1  4.94287E+14 0.00153 
   79   79    1    1    1    1    1    1    1    1  5.11278E+14 0.00138 
   80   80    1    1    1    1    1    1    1    1  3.78483E+14 0.00135 
   81   81    1    1    1    1    1    1    1    1  2.91781E+14 0.00163 
   82   82    1    1    1    1    1    1    1    1  2.22939E+14 0.00175 
   83   83    1    1    1    1    1    1    1    1  2.09621E+14 0.00225 
   84   84    1    1    1    1    1    1    1    1  1.50993E+14 0.00243 
   85   85    1    1    1    1    1    1    1    1  1.08761E+14 0.00263 
   86   86    1    1    1    1    1    1    1    1  1.01694E+14 0.00355 
   87   87    1    1    1    1    1    1    1    1  6.27924E+13 0.00284 
   88   88    1    1    1    1    1    1    1    1  4.21048E+13 0.00455 
   89   89    1    1    1    1    1    1    1    1  2.43886E+13 0.00595 
   90   90    1    1    1    1    1    1    1    1  1.61057E+13 0.00758 
   91   91    1    1    1    1    1    1    1    1  8.14967E+12 0.00928 
   92   92    1    1    1    1    1    1    1    1  4.02897E+12 0.01299 
   93   93    1    1    1    1    1    1    1    1  1.89265E+12 0.02349 
   94   94    1    1    1    1    1    1    1    1  9.20922E+11 0.01956 
   95   95    1    1    1    1    1    1    1    1  4.38389E+11 0.03709 
   96   96    1    1    1    1    1    1    1    1  2.16546E+11 0.07111 
   97   97    1    1    1    1    1    1    1    1  9.49969E+10 0.09592 
   98   98    1    1    1    1    1    1    1    1  4.75239E+10 0.15803 
   99   99    1    1    1    1    1    1    1    1  1.55329E+10 0.23043 
  100  100    1    1    1    1    1    1    1    1  1.55516E+10 0.18094 
];


