
DETdpaspec = [
    1    1    1    1    1    1    1    1    1    1  0.00000E+00 0.00000 
    2    2    1    1    1    1    1    1    1    1  0.00000E+00 0.00000 
    3    3    1    1    1    1    1    1    1    1  0.00000E+00 0.00000 
    4    4    1    1    1    1    1    1    1    1  0.00000E+00 0.00000 
    5    5    1    1    1    1    1    1    1    1  2.16003E+07 1.00000 
    6    6    1    1    1    1    1    1    1    1  0.00000E+00 0.00000 
    7    7    1    1    1    1    1    1    1    1  0.00000E+00 0.00000 
    8    8    1    1    1    1    1    1    1    1  1.88870E+07 1.00000 
    9    9    1    1    1    1    1    1    1    1  6.62439E+07 0.56277 
   10   10    1    1    1    1    1    1    1    1  0.00000E+00 0.00000 
   11   11    1    1    1    1    1    1    1    1  4.39636E+07 1.00000 
   12   12    1    1    1    1    1    1    1    1  8.72905E+07 0.54070 
   13   13    1    1    1    1    1    1    1    1  1.86886E+09 0.44294 
   14   14    1    1    1    1    1    1    1    1  2.55874E+09 0.45625 
   15   15    1    1    1    1    1    1    1    1  2.52409E+09 0.57233 
   16   16    1    1    1    1    1    1    1    1  9.12742E+08 0.34852 
   17   17    1    1    1    1    1    1    1    1  2.68542E+09 0.26437 
   18   18    1    1    1    1    1    1    1    1  6.96832E+09 0.17273 
   19   19    1    1    1    1    1    1    1    1  9.31913E+09 0.19617 
   20   20    1    1    1    1    1    1    1    1  3.08522E+10 0.16340 
   21   21    1    1    1    1    1    1    1    1  2.26162E+10 0.14450 
   22   22    1    1    1    1    1    1    1    1  5.34938E+10 0.09682 
   23   23    1    1    1    1    1    1    1    1  7.62736E+10 0.07900 
   24   24    1    1    1    1    1    1    1    1  1.30689E+11 0.07237 
   25   25    1    1    1    1    1    1    1    1  1.60187E+11 0.06548 
   26   26    1    1    1    1    1    1    1    1  2.41725E+11 0.04171 
   27   27    1    1    1    1    1    1    1    1  4.58551E+11 0.03002 
   28   28    1    1    1    1    1    1    1    1  7.59091E+11 0.02823 
   29   29    1    1    1    1    1    1    1    1  1.04385E+12 0.02610 
   30   30    1    1    1    1    1    1    1    1  3.47523E+12 0.01342 
   31   31    1    1    1    1    1    1    1    1  1.08866E+13 0.00722 
   32   32    1    1    1    1    1    1    1    1  2.05845E+13 0.00739 
   33   33    1    1    1    1    1    1    1    1  4.65670E+13 0.00498 
   34   34    1    1    1    1    1    1    1    1  6.25975E+13 0.00355 
   35   35    1    1    1    1    1    1    1    1  8.99951E+13 0.00369 
   36   36    1    1    1    1    1    1    1    1  6.32359E+13 0.00339 
   37   37    1    1    1    1    1    1    1    1  1.99932E+13 0.00320 
   38   38    1    1    1    1    1    1    1    1  1.08613E+14 0.00290 
   39   39    1    1    1    1    1    1    1    1  1.45934E+14 0.00226 
   40   40    1    1    1    1    1    1    1    1  2.44900E+14 0.00247 
   41   41    1    1    1    1    1    1    1    1  2.54982E+14 0.00240 
   42   42    1    1    1    1    1    1    1    1  5.28936E+14 0.00231 
   43   43    1    1    1    1    1    1    1    1  6.36260E+14 0.00231 
   44   44    1    1    1    1    1    1    1    1  9.13446E+14 0.00209 
   45   45    1    1    1    1    1    1    1    1  1.76314E+15 0.00217 
   46   46    1    1    1    1    1    1    1    1  8.29702E+14 0.00246 
   47   47    1    1    1    1    1    1    1    1  1.35026E+15 0.00202 
   48   48    1    1    1    1    1    1    1    1  1.87027E+15 0.00216 
   49   49    1    1    1    1    1    1    1    1  1.86131E+15 0.00205 
   50   50    1    1    1    1    1    1    1    1  2.83560E+15 0.00187 
   51   51    1    1    1    1    1    1    1    1  2.29437E+15 0.00221 
   52   52    1    1    1    1    1    1    1    1  2.64783E+15 0.00241 
   53   53    1    1    1    1    1    1    1    1  1.84293E+15 0.00238 
   54   54    1    1    1    1    1    1    1    1  2.19212E+15 0.00235 
   55   55    1    1    1    1    1    1    1    1  1.51351E+15 0.00245 
   56   56    1    1    1    1    1    1    1    1  2.07198E+14 0.00273 
   57   57    1    1    1    1    1    1    1    1  3.00854E+15 0.00252 
   58   58    1    1    1    1    1    1    1    1  1.29469E+15 0.00219 
   59   59    1    1    1    1    1    1    1    1  1.38253E+15 0.00258 
   60   60    1    1    1    1    1    1    1    1  1.04831E+15 0.00256 
   61   61    1    1    1    1    1    1    1    1  1.05467E+15 0.00287 
   62   62    1    1    1    1    1    1    1    1  1.09362E+15 0.00289 
   63   63    1    1    1    1    1    1    1    1  9.10865E+14 0.00252 
   64   64    1    1    1    1    1    1    1    1  7.24358E+14 0.00270 
   65   65    1    1    1    1    1    1    1    1  7.14445E+14 0.00271 
   66   66    1    1    1    1    1    1    1    1  5.13151E+14 0.00262 
   67   67    1    1    1    1    1    1    1    1  4.20788E+14 0.00303 
   68   68    1    1    1    1    1    1    1    1  3.78570E+14 0.00303 
   69   69    1    1    1    1    1    1    1    1  4.54300E+14 0.00276 
   70   70    1    1    1    1    1    1    1    1  3.86555E+14 0.00299 
   71   71    1    1    1    1    1    1    1    1  7.16199E+14 0.00262 
   72   72    1    1    1    1    1    1    1    1  5.08208E+14 0.00303 
   73   73    1    1    1    1    1    1    1    1  3.79573E+14 0.00289 
   74   74    1    1    1    1    1    1    1    1  2.98431E+14 0.00317 
   75   75    1    1    1    1    1    1    1    1  2.43051E+14 0.00284 
   76   76    1    1    1    1    1    1    1    1  2.76799E+14 0.00319 
   77   77    1    1    1    1    1    1    1    1  2.14366E+14 0.00302 
   78   78    1    1    1    1    1    1    1    1  1.68586E+14 0.00321 
   79   79    1    1    1    1    1    1    1    1  1.71813E+14 0.00328 
   80   80    1    1    1    1    1    1    1    1  1.26269E+14 0.00413 
   81   81    1    1    1    1    1    1    1    1  9.73286E+13 0.00401 
   82   82    1    1    1    1    1    1    1    1  7.42398E+13 0.00434 
   83   83    1    1    1    1    1    1    1    1  6.90641E+13 0.00351 
   84   84    1    1    1    1    1    1    1    1  4.96327E+13 0.00589 
   85   85    1    1    1    1    1    1    1    1  3.60855E+13 0.00680 
   86   86    1    1    1    1    1    1    1    1  3.36770E+13 0.00582 
   87   87    1    1    1    1    1    1    1    1  2.07146E+13 0.00840 
   88   88    1    1    1    1    1    1    1    1  1.40747E+13 0.00947 
   89   89    1    1    1    1    1    1    1    1  8.04230E+12 0.01326 
   90   90    1    1    1    1    1    1    1    1  5.35135E+12 0.01547 
   91   91    1    1    1    1    1    1    1    1  2.76819E+12 0.01559 
   92   92    1    1    1    1    1    1    1    1  1.34995E+12 0.02731 
   93   93    1    1    1    1    1    1    1    1  6.32992E+11 0.02868 
   94   94    1    1    1    1    1    1    1    1  3.20868E+11 0.05839 
   95   95    1    1    1    1    1    1    1    1  1.36585E+11 0.07155 
   96   96    1    1    1    1    1    1    1    1  7.88291E+10 0.10023 
   97   97    1    1    1    1    1    1    1    1  3.24584E+10 0.14234 
   98   98    1    1    1    1    1    1    1    1  2.09814E+10 0.21572 
   99   99    1    1    1    1    1    1    1    1  6.64155E+09 0.33306 
  100  100    1    1    1    1    1    1    1    1  1.38009E+10 0.26060 
];


