
DETdpaspec = [
    1    1    1    1    1    1    1    1    1    1  0.00000E+00 0.00000 
    2    2    1    1    1    1    1    1    1    1  0.00000E+00 0.00000 
    3    3    1    1    1    1    1    1    1    1  0.00000E+00 0.00000 
    4    4    1    1    1    1    1    1    1    1  0.00000E+00 0.00000 
    5    5    1    1    1    1    1    1    1    1  0.00000E+00 0.00000 
    6    6    1    1    1    1    1    1    1    1  0.00000E+00 0.00000 
    7    7    1    1    1    1    1    1    1    1  5.70328E+07 0.76973 
    8    8    1    1    1    1    1    1    1    1  0.00000E+00 0.00000 
    9    9    1    1    1    1    1    1    1    1  0.00000E+00 0.00000 
   10   10    1    1    1    1    1    1    1    1  6.39483E+07 1.00000 
   11   11    1    1    1    1    1    1    1    1  2.32108E+08 0.73724 
   12   12    1    1    1    1    1    1    1    1  0.00000E+00 0.00000 
   13   13    1    1    1    1    1    1    1    1  4.32520E+08 0.59033 
   14   14    1    1    1    1    1    1    1    1  1.65463E+09 0.42096 
   15   15    1    1    1    1    1    1    1    1  2.00128E+09 0.40571 
   16   16    1    1    1    1    1    1    1    1  7.69369E+08 0.40460 
   17   17    1    1    1    1    1    1    1    1  1.45619E+09 0.38919 
   18   18    1    1    1    1    1    1    1    1  5.50070E+09 0.24832 
   19   19    1    1    1    1    1    1    1    1  3.60496E+09 0.32627 
   20   20    1    1    1    1    1    1    1    1  1.76490E+10 0.15511 
   21   21    1    1    1    1    1    1    1    1  1.53979E+10 0.13126 
   22   22    1    1    1    1    1    1    1    1  3.63248E+10 0.15359 
   23   23    1    1    1    1    1    1    1    1  5.88027E+10 0.08040 
   24   24    1    1    1    1    1    1    1    1  8.86989E+10 0.07098 
   25   25    1    1    1    1    1    1    1    1  1.19425E+11 0.06341 
   26   26    1    1    1    1    1    1    1    1  1.60641E+11 0.05596 
   27   27    1    1    1    1    1    1    1    1  3.06271E+11 0.04450 
   28   28    1    1    1    1    1    1    1    1  5.01644E+11 0.04195 
   29   29    1    1    1    1    1    1    1    1  7.35275E+11 0.03088 
   30   30    1    1    1    1    1    1    1    1  2.33408E+12 0.01994 
   31   31    1    1    1    1    1    1    1    1  7.16341E+12 0.01196 
   32   32    1    1    1    1    1    1    1    1  1.33009E+13 0.00899 
   33   33    1    1    1    1    1    1    1    1  2.89100E+13 0.00611 
   34   34    1    1    1    1    1    1    1    1  3.79675E+13 0.00468 
   35   35    1    1    1    1    1    1    1    1  5.52083E+13 0.00506 
   36   36    1    1    1    1    1    1    1    1  3.87135E+13 0.00487 
   37   37    1    1    1    1    1    1    1    1  1.23129E+13 0.00527 
   38   38    1    1    1    1    1    1    1    1  6.60505E+13 0.00460 
   39   39    1    1    1    1    1    1    1    1  8.83536E+13 0.00516 
   40   40    1    1    1    1    1    1    1    1  1.46575E+14 0.00428 
   41   41    1    1    1    1    1    1    1    1  1.53694E+14 0.00408 
   42   42    1    1    1    1    1    1    1    1  3.13794E+14 0.00384 
   43   43    1    1    1    1    1    1    1    1  3.75487E+14 0.00337 
   44   44    1    1    1    1    1    1    1    1  5.32709E+14 0.00293 
   45   45    1    1    1    1    1    1    1    1  1.01125E+15 0.00292 
   46   46    1    1    1    1    1    1    1    1  4.74639E+14 0.00320 
   47   47    1    1    1    1    1    1    1    1  7.72077E+14 0.00280 
   48   48    1    1    1    1    1    1    1    1  1.06546E+15 0.00279 
   49   49    1    1    1    1    1    1    1    1  1.05265E+15 0.00321 
   50   50    1    1    1    1    1    1    1    1  1.58628E+15 0.00272 
   51   51    1    1    1    1    1    1    1    1  1.28602E+15 0.00268 
   52   52    1    1    1    1    1    1    1    1  1.46571E+15 0.00284 
   53   53    1    1    1    1    1    1    1    1  1.01887E+15 0.00305 
   54   54    1    1    1    1    1    1    1    1  1.20010E+15 0.00319 
   55   55    1    1    1    1    1    1    1    1  8.28728E+14 0.00329 
   56   56    1    1    1    1    1    1    1    1  1.13671E+14 0.00304 
   57   57    1    1    1    1    1    1    1    1  1.64169E+15 0.00292 
   58   58    1    1    1    1    1    1    1    1  6.97434E+14 0.00289 
   59   59    1    1    1    1    1    1    1    1  7.45612E+14 0.00298 
   60   60    1    1    1    1    1    1    1    1  5.60211E+14 0.00279 
   61   61    1    1    1    1    1    1    1    1  5.63478E+14 0.00299 
   62   62    1    1    1    1    1    1    1    1  5.82371E+14 0.00335 
   63   63    1    1    1    1    1    1    1    1  4.84740E+14 0.00340 
   64   64    1    1    1    1    1    1    1    1  3.84347E+14 0.00355 
   65   65    1    1    1    1    1    1    1    1  3.78848E+14 0.00328 
   66   66    1    1    1    1    1    1    1    1  2.71276E+14 0.00389 
   67   67    1    1    1    1    1    1    1    1  2.22569E+14 0.00350 
   68   68    1    1    1    1    1    1    1    1  2.00857E+14 0.00354 
   69   69    1    1    1    1    1    1    1    1  2.40888E+14 0.00435 
   70   70    1    1    1    1    1    1    1    1  2.05714E+14 0.00384 
   71   71    1    1    1    1    1    1    1    1  3.84002E+14 0.00385 
   72   72    1    1    1    1    1    1    1    1  2.72342E+14 0.00343 
   73   73    1    1    1    1    1    1    1    1  2.03036E+14 0.00511 
   74   74    1    1    1    1    1    1    1    1  1.58797E+14 0.00374 
   75   75    1    1    1    1    1    1    1    1  1.27878E+14 0.00409 
   76   76    1    1    1    1    1    1    1    1  1.44959E+14 0.00419 
   77   77    1    1    1    1    1    1    1    1  1.11097E+14 0.00422 
   78   78    1    1    1    1    1    1    1    1  8.67680E+13 0.00425 
   79   79    1    1    1    1    1    1    1    1  8.91432E+13 0.00358 
   80   80    1    1    1    1    1    1    1    1  6.51996E+13 0.00381 
   81   81    1    1    1    1    1    1    1    1  4.95146E+13 0.00638 
   82   82    1    1    1    1    1    1    1    1  3.81360E+13 0.00370 
   83   83    1    1    1    1    1    1    1    1  3.56232E+13 0.00778 
   84   84    1    1    1    1    1    1    1    1  2.53672E+13 0.00791 
   85   85    1    1    1    1    1    1    1    1  1.83929E+13 0.00635 
   86   86    1    1    1    1    1    1    1    1  1.73162E+13 0.00769 
   87   87    1    1    1    1    1    1    1    1  1.07629E+13 0.00882 
   88   88    1    1    1    1    1    1    1    1  7.15445E+12 0.01209 
   89   89    1    1    1    1    1    1    1    1  4.10659E+12 0.01669 
   90   90    1    1    1    1    1    1    1    1  2.71209E+12 0.01602 
   91   91    1    1    1    1    1    1    1    1  1.38839E+12 0.02502 
   92   92    1    1    1    1    1    1    1    1  6.63685E+11 0.04674 
   93   93    1    1    1    1    1    1    1    1  3.42171E+11 0.05006 
   94   94    1    1    1    1    1    1    1    1  1.50097E+11 0.09202 
   95   95    1    1    1    1    1    1    1    1  6.03648E+10 0.11365 
   96   96    1    1    1    1    1    1    1    1  4.82948E+10 0.15989 
   97   97    1    1    1    1    1    1    1    1  1.87769E+10 0.16636 
   98   98    1    1    1    1    1    1    1    1  8.21660E+09 0.30009 
   99   99    1    1    1    1    1    1    1    1  3.36522E+09 0.46834 
  100  100    1    1    1    1    1    1    1    1  8.72038E+09 0.36292 
];


