
DETdpaspec = [
    1    1    1    1    1    1    1    1    1    1  0.00000E+00 0.00000 
    2    2    1    1    1    1    1    1    1    1  0.00000E+00 0.00000 
    3    3    1    1    1    1    1    1    1    1  0.00000E+00 0.00000 
    4    4    1    1    1    1    1    1    1    1  0.00000E+00 0.00000 
    5    5    1    1    1    1    1    1    1    1  0.00000E+00 0.00000 
    6    6    1    1    1    1    1    1    1    1  0.00000E+00 0.00000 
    7    7    1    1    1    1    1    1    1    1  1.46203E+07 1.00000 
    8    8    1    1    1    1    1    1    1    1  0.00000E+00 0.00000 
    9    9    1    1    1    1    1    1    1    1  3.77356E+07 0.73040 
   10   10    1    1    1    1    1    1    1    1  0.00000E+00 0.00000 
   11   11    1    1    1    1    1    1    1    1  1.00096E+08 0.68901 
   12   12    1    1    1    1    1    1    1    1  7.25380E+07 0.54776 
   13   13    1    1    1    1    1    1    1    1  2.24077E+09 0.43724 
   14   14    1    1    1    1    1    1    1    1  3.80615E+09 0.42286 
   15   15    1    1    1    1    1    1    1    1  3.04956E+09 0.45799 
   16   16    1    1    1    1    1    1    1    1  1.34393E+09 0.41177 
   17   17    1    1    1    1    1    1    1    1  1.92014E+09 0.34042 
   18   18    1    1    1    1    1    1    1    1  7.28534E+09 0.29265 
   19   19    1    1    1    1    1    1    1    1  8.85853E+09 0.19397 
   20   20    1    1    1    1    1    1    1    1  2.72594E+10 0.17960 
   21   21    1    1    1    1    1    1    1    1  2.32786E+10 0.10067 
   22   22    1    1    1    1    1    1    1    1  5.58145E+10 0.09814 
   23   23    1    1    1    1    1    1    1    1  7.69959E+10 0.07874 
   24   24    1    1    1    1    1    1    1    1  1.18713E+11 0.07586 
   25   25    1    1    1    1    1    1    1    1  1.47846E+11 0.05154 
   26   26    1    1    1    1    1    1    1    1  2.19588E+11 0.04702 
   27   27    1    1    1    1    1    1    1    1  4.31733E+11 0.03959 
   28   28    1    1    1    1    1    1    1    1  7.91979E+11 0.02915 
   29   29    1    1    1    1    1    1    1    1  1.08823E+12 0.02098 
   30   30    1    1    1    1    1    1    1    1  3.42018E+12 0.01796 
   31   31    1    1    1    1    1    1    1    1  1.04250E+13 0.00869 
   32   32    1    1    1    1    1    1    1    1  1.94626E+13 0.00632 
   33   33    1    1    1    1    1    1    1    1  4.37079E+13 0.00575 
   34   34    1    1    1    1    1    1    1    1  5.86268E+13 0.00324 
   35   35    1    1    1    1    1    1    1    1  8.40133E+13 0.00231 
   36   36    1    1    1    1    1    1    1    1  5.88565E+13 0.00305 
   37   37    1    1    1    1    1    1    1    1  1.86586E+13 0.00347 
   38   38    1    1    1    1    1    1    1    1  1.01320E+14 0.00309 
   39   39    1    1    1    1    1    1    1    1  1.35905E+14 0.00278 
   40   40    1    1    1    1    1    1    1    1  2.27683E+14 0.00256 
   41   41    1    1    1    1    1    1    1    1  2.37293E+14 0.00252 
   42   42    1    1    1    1    1    1    1    1  4.92670E+14 0.00221 
   43   43    1    1    1    1    1    1    1    1  5.92105E+14 0.00220 
   44   44    1    1    1    1    1    1    1    1  8.50189E+14 0.00203 
   45   45    1    1    1    1    1    1    1    1  1.63455E+15 0.00170 
   46   46    1    1    1    1    1    1    1    1  7.66926E+14 0.00135 
   47   47    1    1    1    1    1    1    1    1  1.24976E+15 0.00181 
   48   48    1    1    1    1    1    1    1    1  1.73161E+15 0.00161 
   49   49    1    1    1    1    1    1    1    1  1.72063E+15 0.00182 
   50   50    1    1    1    1    1    1    1    1  2.61412E+15 0.00154 
   51   51    1    1    1    1    1    1    1    1  2.11575E+15 0.00173 
   52   52    1    1    1    1    1    1    1    1  2.43997E+15 0.00190 
   53   53    1    1    1    1    1    1    1    1  1.69760E+15 0.00206 
   54   54    1    1    1    1    1    1    1    1  2.01586E+15 0.00214 
   55   55    1    1    1    1    1    1    1    1  1.39032E+15 0.00208 
   56   56    1    1    1    1    1    1    1    1  1.90393E+14 0.00228 
   57   57    1    1    1    1    1    1    1    1  2.76404E+15 0.00185 
   58   58    1    1    1    1    1    1    1    1  1.18523E+15 0.00211 
   59   59    1    1    1    1    1    1    1    1  1.26776E+15 0.00194 
   60   60    1    1    1    1    1    1    1    1  9.60473E+14 0.00195 
   61   61    1    1    1    1    1    1    1    1  9.65804E+14 0.00231 
   62   62    1    1    1    1    1    1    1    1  1.00148E+15 0.00260 
   63   63    1    1    1    1    1    1    1    1  8.33497E+14 0.00219 
   64   64    1    1    1    1    1    1    1    1  6.61489E+14 0.00216 
   65   65    1    1    1    1    1    1    1    1  6.53300E+14 0.00222 
   66   66    1    1    1    1    1    1    1    1  4.68870E+14 0.00213 
   67   67    1    1    1    1    1    1    1    1  3.84436E+14 0.00202 
   68   68    1    1    1    1    1    1    1    1  3.45999E+14 0.00205 
   69   69    1    1    1    1    1    1    1    1  4.15344E+14 0.00220 
   70   70    1    1    1    1    1    1    1    1  3.53404E+14 0.00224 
   71   71    1    1    1    1    1    1    1    1  6.56918E+14 0.00243 
   72   72    1    1    1    1    1    1    1    1  4.63614E+14 0.00327 
   73   73    1    1    1    1    1    1    1    1  3.47072E+14 0.00321 
   74   74    1    1    1    1    1    1    1    1  2.72954E+14 0.00291 
   75   75    1    1    1    1    1    1    1    1  2.22483E+14 0.00227 
   76   76    1    1    1    1    1    1    1    1  2.53150E+14 0.00243 
   77   77    1    1    1    1    1    1    1    1  1.95252E+14 0.00220 
   78   78    1    1    1    1    1    1    1    1  1.54041E+14 0.00237 
   79   79    1    1    1    1    1    1    1    1  1.56085E+14 0.00251 
   80   80    1    1    1    1    1    1    1    1  1.15093E+14 0.00413 
   81   81    1    1    1    1    1    1    1    1  8.79854E+13 0.00344 
   82   82    1    1    1    1    1    1    1    1  6.74130E+13 0.00388 
   83   83    1    1    1    1    1    1    1    1  6.29532E+13 0.00479 
   84   84    1    1    1    1    1    1    1    1  4.53600E+13 0.00414 
   85   85    1    1    1    1    1    1    1    1  3.26200E+13 0.00440 
   86   86    1    1    1    1    1    1    1    1  3.04942E+13 0.00474 
   87   87    1    1    1    1    1    1    1    1  1.87317E+13 0.01010 
   88   88    1    1    1    1    1    1    1    1  1.26197E+13 0.00590 
   89   89    1    1    1    1    1    1    1    1  7.46469E+12 0.01155 
   90   90    1    1    1    1    1    1    1    1  4.94152E+12 0.01454 
   91   91    1    1    1    1    1    1    1    1  2.47903E+12 0.01506 
   92   92    1    1    1    1    1    1    1    1  1.18586E+12 0.02426 
   93   93    1    1    1    1    1    1    1    1  5.84320E+11 0.03714 
   94   94    1    1    1    1    1    1    1    1  2.59438E+11 0.05921 
   95   95    1    1    1    1    1    1    1    1  1.39936E+11 0.07442 
   96   96    1    1    1    1    1    1    1    1  7.35528E+10 0.09491 
   97   97    1    1    1    1    1    1    1    1  2.21527E+10 0.14030 
   98   98    1    1    1    1    1    1    1    1  1.38790E+10 0.22205 
   99   99    1    1    1    1    1    1    1    1  3.99098E+09 0.33575 
  100  100    1    1    1    1    1    1    1    1  8.48020E+09 0.33555 
];


