
DETdpaspec = [
    1    1    1    1    1    1    1    1    1    1  0.00000E+00 0.00000 
    2    2    1    1    1    1    1    1    1    1  0.00000E+00 0.00000 
    3    3    1    1    1    1    1    1    1    1  0.00000E+00 0.00000 
    4    4    1    1    1    1    1    1    1    1  0.00000E+00 0.00000 
    5    5    1    1    1    1    1    1    1    1  0.00000E+00 0.00000 
    6    6    1    1    1    1    1    1    1    1  9.15906E+06 1.00000 
    7    7    1    1    1    1    1    1    1    1  0.00000E+00 0.00000 
    8    8    1    1    1    1    1    1    1    1  2.21286E+07 1.00000 
    9    9    1    1    1    1    1    1    1    1  0.00000E+00 0.00000 
   10   10    1    1    1    1    1    1    1    1  0.00000E+00 0.00000 
   11   11    1    1    1    1    1    1    1    1  1.49124E+08 0.54733 
   12   12    1    1    1    1    1    1    1    1  4.91736E+07 0.78850 
   13   13    1    1    1    1    1    1    1    1  6.72009E+08 0.49474 
   14   14    1    1    1    1    1    1    1    1  2.11043E+09 0.56659 
   15   15    1    1    1    1    1    1    1    1  3.23019E+09 0.51505 
   16   16    1    1    1    1    1    1    1    1  1.74346E+09 0.38095 
   17   17    1    1    1    1    1    1    1    1  2.60893E+09 0.29878 
   18   18    1    1    1    1    1    1    1    1  8.12146E+09 0.29236 
   19   19    1    1    1    1    1    1    1    1  1.10117E+10 0.18331 
   20   20    1    1    1    1    1    1    1    1  3.64914E+10 0.14952 
   21   21    1    1    1    1    1    1    1    1  2.22367E+10 0.13910 
   22   22    1    1    1    1    1    1    1    1  6.59780E+10 0.10155 
   23   23    1    1    1    1    1    1    1    1  8.35797E+10 0.08864 
   24   24    1    1    1    1    1    1    1    1  1.27172E+11 0.05885 
   25   25    1    1    1    1    1    1    1    1  1.46709E+11 0.06170 
   26   26    1    1    1    1    1    1    1    1  2.41716E+11 0.04691 
   27   27    1    1    1    1    1    1    1    1  4.48107E+11 0.03594 
   28   28    1    1    1    1    1    1    1    1  7.72516E+11 0.02408 
   29   29    1    1    1    1    1    1    1    1  1.08331E+12 0.02168 
   30   30    1    1    1    1    1    1    1    1  3.54941E+12 0.01573 
   31   31    1    1    1    1    1    1    1    1  1.11351E+13 0.00905 
   32   32    1    1    1    1    1    1    1    1  2.04996E+13 0.00517 
   33   33    1    1    1    1    1    1    1    1  4.62527E+13 0.00351 
   34   34    1    1    1    1    1    1    1    1  6.23661E+13 0.00384 
   35   35    1    1    1    1    1    1    1    1  8.92479E+13 0.00345 
   36   36    1    1    1    1    1    1    1    1  6.25430E+13 0.00242 
   37   37    1    1    1    1    1    1    1    1  1.98197E+13 0.00287 
   38   38    1    1    1    1    1    1    1    1  1.07896E+14 0.00224 
   39   39    1    1    1    1    1    1    1    1  1.44635E+14 0.00155 
   40   40    1    1    1    1    1    1    1    1  2.43193E+14 0.00153 
   41   41    1    1    1    1    1    1    1    1  2.53232E+14 0.00188 
   42   42    1    1    1    1    1    1    1    1  5.25860E+14 0.00185 
   43   43    1    1    1    1    1    1    1    1  6.33671E+14 0.00169 
   44   44    1    1    1    1    1    1    1    1  9.08807E+14 0.00172 
   45   45    1    1    1    1    1    1    1    1  1.75387E+15 0.00140 
   46   46    1    1    1    1    1    1    1    1  8.25146E+14 0.00159 
   47   47    1    1    1    1    1    1    1    1  1.34286E+15 0.00144 
   48   48    1    1    1    1    1    1    1    1  1.86257E+15 0.00145 
   49   49    1    1    1    1    1    1    1    1  1.85167E+15 0.00162 
   50   50    1    1    1    1    1    1    1    1  2.81844E+15 0.00153 
   51   51    1    1    1    1    1    1    1    1  2.28316E+15 0.00160 
   52   52    1    1    1    1    1    1    1    1  2.63525E+15 0.00179 
   53   53    1    1    1    1    1    1    1    1  1.83507E+15 0.00176 
   54   54    1    1    1    1    1    1    1    1  2.18174E+15 0.00173 
   55   55    1    1    1    1    1    1    1    1  1.50634E+15 0.00207 
   56   56    1    1    1    1    1    1    1    1  2.06381E+14 0.00216 
   57   57    1    1    1    1    1    1    1    1  2.99083E+15 0.00180 
   58   58    1    1    1    1    1    1    1    1  1.28571E+15 0.00150 
   59   59    1    1    1    1    1    1    1    1  1.37267E+15 0.00164 
   60   60    1    1    1    1    1    1    1    1  1.04276E+15 0.00175 
   61   61    1    1    1    1    1    1    1    1  1.04802E+15 0.00182 
   62   62    1    1    1    1    1    1    1    1  1.08620E+15 0.00155 
   63   63    1    1    1    1    1    1    1    1  9.04003E+14 0.00196 
   64   64    1    1    1    1    1    1    1    1  7.19158E+14 0.00223 
   65   65    1    1    1    1    1    1    1    1  7.11143E+14 0.00246 
   66   66    1    1    1    1    1    1    1    1  5.10442E+14 0.00181 
   67   67    1    1    1    1    1    1    1    1  4.18423E+14 0.00205 
   68   68    1    1    1    1    1    1    1    1  3.76522E+14 0.00194 
   69   69    1    1    1    1    1    1    1    1  4.51101E+14 0.00202 
   70   70    1    1    1    1    1    1    1    1  3.85158E+14 0.00249 
   71   71    1    1    1    1    1    1    1    1  7.12712E+14 0.00210 
   72   72    1    1    1    1    1    1    1    1  5.03788E+14 0.00249 
   73   73    1    1    1    1    1    1    1    1  3.77924E+14 0.00206 
   74   74    1    1    1    1    1    1    1    1  2.97902E+14 0.00206 
   75   75    1    1    1    1    1    1    1    1  2.42354E+14 0.00214 
   76   76    1    1    1    1    1    1    1    1  2.75354E+14 0.00287 
   77   77    1    1    1    1    1    1    1    1  2.13672E+14 0.00249 
   78   78    1    1    1    1    1    1    1    1  1.68028E+14 0.00350 
   79   79    1    1    1    1    1    1    1    1  1.70898E+14 0.00317 
   80   80    1    1    1    1    1    1    1    1  1.26535E+14 0.00300 
   81   81    1    1    1    1    1    1    1    1  9.62408E+13 0.00379 
   82   82    1    1    1    1    1    1    1    1  7.39578E+13 0.00319 
   83   83    1    1    1    1    1    1    1    1  6.89746E+13 0.00358 
   84   84    1    1    1    1    1    1    1    1  4.95366E+13 0.00478 
   85   85    1    1    1    1    1    1    1    1  3.54169E+13 0.00386 
   86   86    1    1    1    1    1    1    1    1  3.34867E+13 0.00299 
   87   87    1    1    1    1    1    1    1    1  2.07085E+13 0.00488 
   88   88    1    1    1    1    1    1    1    1  1.40711E+13 0.00909 
   89   89    1    1    1    1    1    1    1    1  8.00457E+12 0.01061 
   90   90    1    1    1    1    1    1    1    1  5.43344E+12 0.01309 
   91   91    1    1    1    1    1    1    1    1  2.68150E+12 0.01308 
   92   92    1    1    1    1    1    1    1    1  1.30178E+12 0.02859 
   93   93    1    1    1    1    1    1    1    1  6.55268E+11 0.02511 
   94   94    1    1    1    1    1    1    1    1  2.94864E+11 0.05812 
   95   95    1    1    1    1    1    1    1    1  1.47420E+11 0.05390 
   96   96    1    1    1    1    1    1    1    1  7.50605E+10 0.07945 
   97   97    1    1    1    1    1    1    1    1  3.71610E+10 0.14591 
   98   98    1    1    1    1    1    1    1    1  1.57624E+10 0.18609 
   99   99    1    1    1    1    1    1    1    1  5.58274E+09 0.40034 
  100  100    1    1    1    1    1    1    1    1  5.20101E+09 0.46522 
];


