
DETdpaspec = [
    1    1    1    1    1    1    1    1    1    1  0.00000E+00 0.00000 
    2    2    1    1    1    1    1    1    1    1  0.00000E+00 0.00000 
    3    3    1    1    1    1    1    1    1    1  0.00000E+00 0.00000 
    4    4    1    1    1    1    1    1    1    1  0.00000E+00 0.00000 
    5    5    1    1    1    1    1    1    1    1  1.30931E+07 1.00000 
    6    6    1    1    1    1    1    1    1    1  0.00000E+00 0.00000 
    7    7    1    1    1    1    1    1    1    1  2.98976E+07 0.69031 
    8    8    1    1    1    1    1    1    1    1  0.00000E+00 0.00000 
    9    9    1    1    1    1    1    1    1    1  0.00000E+00 0.00000 
   10   10    1    1    1    1    1    1    1    1  9.78020E+07 0.69909 
   11   11    1    1    1    1    1    1    1    1  0.00000E+00 0.00000 
   12   12    1    1    1    1    1    1    1    1  1.42564E+08 0.37311 
   13   13    1    1    1    1    1    1    1    1  1.94452E+09 0.43998 
   14   14    1    1    1    1    1    1    1    1  3.72429E+09 0.31925 
   15   15    1    1    1    1    1    1    1    1  4.41805E+09 0.36818 
   16   16    1    1    1    1    1    1    1    1  1.81141E+09 0.29790 
   17   17    1    1    1    1    1    1    1    1  4.87287E+09 0.38189 
   18   18    1    1    1    1    1    1    1    1  8.63678E+09 0.29241 
   19   19    1    1    1    1    1    1    1    1  1.30548E+10 0.17228 
   20   20    1    1    1    1    1    1    1    1  3.28615E+10 0.11881 
   21   21    1    1    1    1    1    1    1    1  3.23195E+10 0.10665 
   22   22    1    1    1    1    1    1    1    1  6.67795E+10 0.12153 
   23   23    1    1    1    1    1    1    1    1  1.08526E+11 0.05937 
   24   24    1    1    1    1    1    1    1    1  1.82346E+11 0.07798 
   25   25    1    1    1    1    1    1    1    1  2.18132E+11 0.04894 
   26   26    1    1    1    1    1    1    1    1  3.49807E+11 0.03333 
   27   27    1    1    1    1    1    1    1    1  5.86611E+11 0.03677 
   28   28    1    1    1    1    1    1    1    1  1.06696E+12 0.02386 
   29   29    1    1    1    1    1    1    1    1  1.62703E+12 0.02440 
   30   30    1    1    1    1    1    1    1    1  4.89474E+12 0.01652 
   31   31    1    1    1    1    1    1    1    1  1.55936E+13 0.00825 
   32   32    1    1    1    1    1    1    1    1  2.99269E+13 0.00444 
   33   33    1    1    1    1    1    1    1    1  6.99410E+13 0.00370 
   34   34    1    1    1    1    1    1    1    1  9.64994E+13 0.00287 
   35   35    1    1    1    1    1    1    1    1  1.34691E+14 0.00206 
   36   36    1    1    1    1    1    1    1    1  9.34843E+13 0.00224 
   37   37    1    1    1    1    1    1    1    1  2.92729E+13 0.00265 
   38   38    1    1    1    1    1    1    1    1  1.61722E+14 0.00177 
   39   39    1    1    1    1    1    1    1    1  2.18299E+14 0.00146 
   40   40    1    1    1    1    1    1    1    1  3.72126E+14 0.00177 
   41   41    1    1    1    1    1    1    1    1  3.84931E+14 0.00185 
   42   42    1    1    1    1    1    1    1    1  8.14645E+14 0.00152 
   43   43    1    1    1    1    1    1    1    1  9.90330E+14 0.00162 
   44   44    1    1    1    1    1    1    1    1  1.43732E+15 0.00107 
   45   45    1    1    1    1    1    1    1    1  2.83581E+15 0.00131 
   46   46    1    1    1    1    1    1    1    1  1.33436E+15 0.00125 
   47   47    1    1    1    1    1    1    1    1  2.17233E+15 0.00121 
   48   48    1    1    1    1    1    1    1    1  3.03193E+15 0.00117 
   49   49    1    1    1    1    1    1    1    1  3.02270E+15 0.00115 
   50   50    1    1    1    1    1    1    1    1  4.66323E+15 0.00092 
   51   51    1    1    1    1    1    1    1    1  3.76581E+15 0.00109 
   52   52    1    1    1    1    1    1    1    1  4.42398E+15 0.00112 
   53   53    1    1    1    1    1    1    1    1  3.08074E+15 0.00119 
   54   54    1    1    1    1    1    1    1    1  3.71604E+15 0.00126 
   55   55    1    1    1    1    1    1    1    1  2.56334E+15 0.00103 
   56   56    1    1    1    1    1    1    1    1  3.50028E+14 0.00139 
   57   57    1    1    1    1    1    1    1    1  5.10174E+15 0.00093 
   58   58    1    1    1    1    1    1    1    1  2.23096E+15 0.00119 
   59   59    1    1    1    1    1    1    1    1  2.38312E+15 0.00102 
   60   60    1    1    1    1    1    1    1    1  1.82836E+15 0.00118 
   61   61    1    1    1    1    1    1    1    1  1.84000E+15 0.00112 
   62   62    1    1    1    1    1    1    1    1  1.91452E+15 0.00131 
   63   63    1    1    1    1    1    1    1    1  1.60310E+15 0.00116 
   64   64    1    1    1    1    1    1    1    1  1.27706E+15 0.00131 
   65   65    1    1    1    1    1    1    1    1  1.26749E+15 0.00131 
   66   66    1    1    1    1    1    1    1    1  9.11535E+14 0.00130 
   67   67    1    1    1    1    1    1    1    1  7.46112E+14 0.00118 
   68   68    1    1    1    1    1    1    1    1  6.71648E+14 0.00094 
   69   69    1    1    1    1    1    1    1    1  8.03721E+14 0.00121 
   70   70    1    1    1    1    1    1    1    1  6.85931E+14 0.00160 
   71   71    1    1    1    1    1    1    1    1  1.26093E+15 0.00128 
   72   72    1    1    1    1    1    1    1    1  8.93820E+14 0.00113 
   73   73    1    1    1    1    1    1    1    1  6.70430E+14 0.00143 
   74   74    1    1    1    1    1    1    1    1  5.33830E+14 0.00110 
   75   75    1    1    1    1    1    1    1    1  4.37108E+14 0.00203 
   76   76    1    1    1    1    1    1    1    1  5.02350E+14 0.00178 
   77   77    1    1    1    1    1    1    1    1  3.92260E+14 0.00191 
   78   78    1    1    1    1    1    1    1    1  3.10899E+14 0.00207 
   79   79    1    1    1    1    1    1    1    1  3.18551E+14 0.00190 
   80   80    1    1    1    1    1    1    1    1  2.34639E+14 0.00228 
   81   81    1    1    1    1    1    1    1    1  1.80246E+14 0.00272 
   82   82    1    1    1    1    1    1    1    1  1.37987E+14 0.00288 
   83   83    1    1    1    1    1    1    1    1  1.29478E+14 0.00195 
   84   84    1    1    1    1    1    1    1    1  9.25806E+13 0.00326 
   85   85    1    1    1    1    1    1    1    1  6.65296E+13 0.00365 
   86   86    1    1    1    1    1    1    1    1  6.28027E+13 0.00335 
   87   87    1    1    1    1    1    1    1    1  3.87178E+13 0.00511 
   88   88    1    1    1    1    1    1    1    1  2.59039E+13 0.00586 
   89   89    1    1    1    1    1    1    1    1  1.49754E+13 0.00762 
   90   90    1    1    1    1    1    1    1    1  1.00198E+13 0.00987 
   91   91    1    1    1    1    1    1    1    1  4.87541E+12 0.01102 
   92   92    1    1    1    1    1    1    1    1  2.35496E+12 0.01274 
   93   93    1    1    1    1    1    1    1    1  1.10426E+12 0.01936 
   94   94    1    1    1    1    1    1    1    1  6.10427E+11 0.03520 
   95   95    1    1    1    1    1    1    1    1  2.78891E+11 0.04972 
   96   96    1    1    1    1    1    1    1    1  1.28463E+11 0.11583 
   97   97    1    1    1    1    1    1    1    1  5.14018E+10 0.11342 
   98   98    1    1    1    1    1    1    1    1  3.12500E+10 0.16424 
   99   99    1    1    1    1    1    1    1    1  1.44006E+10 0.23409 
  100  100    1    1    1    1    1    1    1    1  8.54087E+09 0.28354 
];


