
DETdpaspec = [
    1    1    1    1    1    1    1    1    1    1  0.00000E+00 0.00000 
    2    2    1    1    1    1    1    1    1    1  0.00000E+00 0.00000 
    3    3    1    1    1    1    1    1    1    1  0.00000E+00 0.00000 
    4    4    1    1    1    1    1    1    1    1  0.00000E+00 0.00000 
    5    5    1    1    1    1    1    1    1    1  0.00000E+00 0.00000 
    6    6    1    1    1    1    1    1    1    1  0.00000E+00 0.00000 
    7    7    1    1    1    1    1    1    1    1  1.58804E+07 1.00000 
    8    8    1    1    1    1    1    1    1    1  4.59195E+07 1.00000 
    9    9    1    1    1    1    1    1    1    1  2.78663E+07 0.73314 
   10   10    1    1    1    1    1    1    1    1  1.51208E+08 1.00000 
   11   11    1    1    1    1    1    1    1    1  1.65225E+08 1.00000 
   12   12    1    1    1    1    1    1    1    1  1.86833E+08 0.65148 
   13   13    1    1    1    1    1    1    1    1  2.09781E+09 0.52770 
   14   14    1    1    1    1    1    1    1    1  2.88899E+09 0.48045 
   15   15    1    1    1    1    1    1    1    1  7.63465E+09 0.47863 
   16   16    1    1    1    1    1    1    1    1  2.00600E+09 0.39690 
   17   17    1    1    1    1    1    1    1    1  4.30897E+09 0.27597 
   18   18    1    1    1    1    1    1    1    1  7.44145E+09 0.30302 
   19   19    1    1    1    1    1    1    1    1  1.19763E+10 0.19455 
   20   20    1    1    1    1    1    1    1    1  3.50281E+10 0.15471 
   21   21    1    1    1    1    1    1    1    1  2.96134E+10 0.12006 
   22   22    1    1    1    1    1    1    1    1  7.71897E+10 0.05871 
   23   23    1    1    1    1    1    1    1    1  1.04208E+11 0.05926 
   24   24    1    1    1    1    1    1    1    1  1.81487E+11 0.07398 
   25   25    1    1    1    1    1    1    1    1  2.17267E+11 0.05028 
   26   26    1    1    1    1    1    1    1    1  3.53338E+11 0.04887 
   27   27    1    1    1    1    1    1    1    1  6.00099E+11 0.03431 
   28   28    1    1    1    1    1    1    1    1  1.25040E+12 0.02583 
   29   29    1    1    1    1    1    1    1    1  1.95101E+12 0.02724 
   30   30    1    1    1    1    1    1    1    1  5.71877E+12 0.01438 
   31   31    1    1    1    1    1    1    1    1  1.83297E+13 0.00828 
   32   32    1    1    1    1    1    1    1    1  3.49291E+13 0.00570 
   33   33    1    1    1    1    1    1    1    1  8.41567E+13 0.00399 
   34   34    1    1    1    1    1    1    1    1  1.17117E+14 0.00397 
   35   35    1    1    1    1    1    1    1    1  1.58751E+14 0.00236 
   36   36    1    1    1    1    1    1    1    1  1.08873E+14 0.00240 
   37   37    1    1    1    1    1    1    1    1  3.36146E+13 0.00221 
   38   38    1    1    1    1    1    1    1    1  1.88104E+14 0.00198 
   39   39    1    1    1    1    1    1    1    1  2.54865E+14 0.00165 
   40   40    1    1    1    1    1    1    1    1  4.37404E+14 0.00194 
   41   41    1    1    1    1    1    1    1    1  4.48892E+14 0.00146 
   42   42    1    1    1    1    1    1    1    1  9.59312E+14 0.00135 
   43   43    1    1    1    1    1    1    1    1  1.17076E+15 0.00126 
   44   44    1    1    1    1    1    1    1    1  1.70804E+15 0.00141 
   45   45    1    1    1    1    1    1    1    1  3.40686E+15 0.00123 
   46   46    1    1    1    1    1    1    1    1  1.60100E+15 0.00090 
   47   47    1    1    1    1    1    1    1    1  2.60225E+15 0.00115 
   48   48    1    1    1    1    1    1    1    1  3.64657E+15 0.00105 
   49   49    1    1    1    1    1    1    1    1  3.63539E+15 0.00115 
   50   50    1    1    1    1    1    1    1    1  5.65642E+15 0.00110 
   51   51    1    1    1    1    1    1    1    1  4.54613E+15 0.00098 
   52   52    1    1    1    1    1    1    1    1  5.38897E+15 0.00098 
   53   53    1    1    1    1    1    1    1    1  3.75777E+15 0.00098 
   54   54    1    1    1    1    1    1    1    1  4.57486E+15 0.00072 
   55   55    1    1    1    1    1    1    1    1  3.15252E+15 0.00082 
   56   56    1    1    1    1    1    1    1    1  4.29726E+14 0.00094 
   57   57    1    1    1    1    1    1    1    1  6.27924E+15 0.00095 
   58   58    1    1    1    1    1    1    1    1  2.77841E+15 0.00111 
   59   59    1    1    1    1    1    1    1    1  2.96358E+15 0.00087 
   60   60    1    1    1    1    1    1    1    1  2.29336E+15 0.00108 
   61   61    1    1    1    1    1    1    1    1  2.30255E+15 0.00106 
   62   62    1    1    1    1    1    1    1    1  2.40062E+15 0.00104 
   63   63    1    1    1    1    1    1    1    1  2.01895E+15 0.00101 
   64   64    1    1    1    1    1    1    1    1  1.60803E+15 0.00121 
   65   65    1    1    1    1    1    1    1    1  1.59828E+15 0.00142 
   66   66    1    1    1    1    1    1    1    1  1.14912E+15 0.00140 
   67   67    1    1    1    1    1    1    1    1  9.39101E+14 0.00126 
   68   68    1    1    1    1    1    1    1    1  8.44996E+14 0.00154 
   69   69    1    1    1    1    1    1    1    1  1.01391E+15 0.00123 
   70   70    1    1    1    1    1    1    1    1  8.63078E+14 0.00167 
   71   71    1    1    1    1    1    1    1    1  1.57789E+15 0.00097 
   72   72    1    1    1    1    1    1    1    1  1.11850E+15 0.00150 
   73   73    1    1    1    1    1    1    1    1  8.41236E+14 0.00191 
   74   74    1    1    1    1    1    1    1    1  6.73155E+14 0.00139 
   75   75    1    1    1    1    1    1    1    1  5.55789E+14 0.00220 
   76   76    1    1    1    1    1    1    1    1  6.41900E+14 0.00175 
   77   77    1    1    1    1    1    1    1    1  5.05099E+14 0.00158 
   78   78    1    1    1    1    1    1    1    1  4.01614E+14 0.00136 
   79   79    1    1    1    1    1    1    1    1  4.13865E+14 0.00202 
   80   80    1    1    1    1    1    1    1    1  3.04878E+14 0.00147 
   81   81    1    1    1    1    1    1    1    1  2.33371E+14 0.00201 
   82   82    1    1    1    1    1    1    1    1  1.79493E+14 0.00265 
   83   83    1    1    1    1    1    1    1    1  1.68548E+14 0.00155 
   84   84    1    1    1    1    1    1    1    1  1.21391E+14 0.00258 
   85   85    1    1    1    1    1    1    1    1  8.71342E+13 0.00342 
   86   86    1    1    1    1    1    1    1    1  8.18365E+13 0.00318 
   87   87    1    1    1    1    1    1    1    1  5.02936E+13 0.00428 
   88   88    1    1    1    1    1    1    1    1  3.39391E+13 0.00510 
   89   89    1    1    1    1    1    1    1    1  1.95402E+13 0.00440 
   90   90    1    1    1    1    1    1    1    1  1.30179E+13 0.00606 
   91   91    1    1    1    1    1    1    1    1  6.59617E+12 0.00972 
   92   92    1    1    1    1    1    1    1    1  3.15077E+12 0.01082 
   93   93    1    1    1    1    1    1    1    1  1.52491E+12 0.02305 
   94   94    1    1    1    1    1    1    1    1  7.45860E+11 0.02966 
   95   95    1    1    1    1    1    1    1    1  3.50121E+11 0.06002 
   96   96    1    1    1    1    1    1    1    1  1.72198E+11 0.06370 
   97   97    1    1    1    1    1    1    1    1  8.53455E+10 0.07472 
   98   98    1    1    1    1    1    1    1    1  3.26373E+10 0.13965 
   99   99    1    1    1    1    1    1    1    1  1.69049E+10 0.24486 
  100  100    1    1    1    1    1    1    1    1  1.47817E+10 0.25755 
];


