
DETdpaspec = [
    1    1    1    1    1    1    1    1    1    1  0.00000E+00 0.00000 
    2    2    1    1    1    1    1    1    1    1  0.00000E+00 0.00000 
    3    3    1    1    1    1    1    1    1    1  0.00000E+00 0.00000 
    4    4    1    1    1    1    1    1    1    1  2.13472E+07 1.00000 
    5    5    1    1    1    1    1    1    1    1  0.00000E+00 0.00000 
    6    6    1    1    1    1    1    1    1    1  0.00000E+00 0.00000 
    7    7    1    1    1    1    1    1    1    1  0.00000E+00 0.00000 
    8    8    1    1    1    1    1    1    1    1  0.00000E+00 0.00000 
    9    9    1    1    1    1    1    1    1    1  0.00000E+00 0.00000 
   10   10    1    1    1    1    1    1    1    1  3.92814E+07 1.00000 
   11   11    1    1    1    1    1    1    1    1  2.62642E+08 0.69435 
   12   12    1    1    1    1    1    1    1    1  1.05966E+07 0.74556 
   13   13    1    1    1    1    1    1    1    1  6.05149E+08 0.69546 
   14   14    1    1    1    1    1    1    1    1  3.81047E+09 0.38387 
   15   15    1    1    1    1    1    1    1    1  4.48660E+09 0.36887 
   16   16    1    1    1    1    1    1    1    1  8.79227E+08 0.32386 
   17   17    1    1    1    1    1    1    1    1  8.35711E+08 0.38105 
   18   18    1    1    1    1    1    1    1    1  6.93164E+09 0.26140 
   19   19    1    1    1    1    1    1    1    1  6.10519E+09 0.23198 
   20   20    1    1    1    1    1    1    1    1  1.63228E+10 0.28961 
   21   21    1    1    1    1    1    1    1    1  1.17089E+10 0.16183 
   22   22    1    1    1    1    1    1    1    1  4.12020E+10 0.11016 
   23   23    1    1    1    1    1    1    1    1  5.58421E+10 0.14538 
   24   24    1    1    1    1    1    1    1    1  8.19930E+10 0.07621 
   25   25    1    1    1    1    1    1    1    1  1.07557E+11 0.07419 
   26   26    1    1    1    1    1    1    1    1  1.86652E+11 0.04855 
   27   27    1    1    1    1    1    1    1    1  3.17447E+11 0.04550 
   28   28    1    1    1    1    1    1    1    1  5.30686E+11 0.03970 
   29   29    1    1    1    1    1    1    1    1  7.10167E+11 0.02131 
   30   30    1    1    1    1    1    1    1    1  2.42412E+12 0.01685 
   31   31    1    1    1    1    1    1    1    1  7.29006E+12 0.01120 
   32   32    1    1    1    1    1    1    1    1  1.35328E+13 0.00697 
   33   33    1    1    1    1    1    1    1    1  2.94730E+13 0.00682 
   34   34    1    1    1    1    1    1    1    1  3.87409E+13 0.00614 
   35   35    1    1    1    1    1    1    1    1  5.66614E+13 0.00592 
   36   36    1    1    1    1    1    1    1    1  3.95953E+13 0.00582 
   37   37    1    1    1    1    1    1    1    1  1.26305E+13 0.00617 
   38   38    1    1    1    1    1    1    1    1  6.77172E+13 0.00482 
   39   39    1    1    1    1    1    1    1    1  9.06013E+13 0.00460 
   40   40    1    1    1    1    1    1    1    1  1.50314E+14 0.00414 
   41   41    1    1    1    1    1    1    1    1  1.57328E+14 0.00401 
   42   42    1    1    1    1    1    1    1    1  3.22510E+14 0.00391 
   43   43    1    1    1    1    1    1    1    1  3.85934E+14 0.00302 
   44   44    1    1    1    1    1    1    1    1  5.47138E+14 0.00287 
   45   45    1    1    1    1    1    1    1    1  1.03833E+15 0.00338 
   46   46    1    1    1    1    1    1    1    1  4.88389E+14 0.00300 
   47   47    1    1    1    1    1    1    1    1  7.94515E+14 0.00335 
   48   48    1    1    1    1    1    1    1    1  1.09621E+15 0.00332 
   49   49    1    1    1    1    1    1    1    1  1.08725E+15 0.00349 
   50   50    1    1    1    1    1    1    1    1  1.63614E+15 0.00349 
   51   51    1    1    1    1    1    1    1    1  1.32706E+15 0.00356 
   52   52    1    1    1    1    1    1    1    1  1.51344E+15 0.00370 
   53   53    1    1    1    1    1    1    1    1  1.05208E+15 0.00361 
   54   54    1    1    1    1    1    1    1    1  1.24068E+15 0.00376 
   55   55    1    1    1    1    1    1    1    1  8.56817E+14 0.00379 
   56   56    1    1    1    1    1    1    1    1  1.17408E+14 0.00368 
   57   57    1    1    1    1    1    1    1    1  1.69756E+15 0.00379 
   58   58    1    1    1    1    1    1    1    1  7.22020E+14 0.00369 
   59   59    1    1    1    1    1    1    1    1  7.71944E+14 0.00394 
   60   60    1    1    1    1    1    1    1    1  5.80456E+14 0.00402 
   61   61    1    1    1    1    1    1    1    1  5.85004E+14 0.00440 
   62   62    1    1    1    1    1    1    1    1  6.04635E+14 0.00386 
   63   63    1    1    1    1    1    1    1    1  5.02628E+14 0.00386 
   64   64    1    1    1    1    1    1    1    1  3.99288E+14 0.00451 
   65   65    1    1    1    1    1    1    1    1  3.93211E+14 0.00414 
   66   66    1    1    1    1    1    1    1    1  2.81374E+14 0.00377 
   67   67    1    1    1    1    1    1    1    1  2.31534E+14 0.00329 
   68   68    1    1    1    1    1    1    1    1  2.08239E+14 0.00388 
   69   69    1    1    1    1    1    1    1    1  2.49340E+14 0.00476 
   70   70    1    1    1    1    1    1    1    1  2.12459E+14 0.00433 
   71   71    1    1    1    1    1    1    1    1  3.95054E+14 0.00481 
   72   72    1    1    1    1    1    1    1    1  2.80134E+14 0.00502 
   73   73    1    1    1    1    1    1    1    1  2.08680E+14 0.00478 
   74   74    1    1    1    1    1    1    1    1  1.64095E+14 0.00416 
   75   75    1    1    1    1    1    1    1    1  1.32584E+14 0.00498 
   76   76    1    1    1    1    1    1    1    1  1.50037E+14 0.00497 
   77   77    1    1    1    1    1    1    1    1  1.15634E+14 0.00401 
   78   78    1    1    1    1    1    1    1    1  9.01484E+13 0.00423 
   79   79    1    1    1    1    1    1    1    1  9.22094E+13 0.00392 
   80   80    1    1    1    1    1    1    1    1  6.76708E+13 0.00541 
   81   81    1    1    1    1    1    1    1    1  5.16512E+13 0.00585 
   82   82    1    1    1    1    1    1    1    1  3.93141E+13 0.00666 
   83   83    1    1    1    1    1    1    1    1  3.66930E+13 0.00655 
   84   84    1    1    1    1    1    1    1    1  2.65349E+13 0.00601 
   85   85    1    1    1    1    1    1    1    1  1.91511E+13 0.00725 
   86   86    1    1    1    1    1    1    1    1  1.77153E+13 0.01023 
   87   87    1    1    1    1    1    1    1    1  1.08541E+13 0.00969 
   88   88    1    1    1    1    1    1    1    1  7.56127E+12 0.01198 
   89   89    1    1    1    1    1    1    1    1  4.32801E+12 0.01233 
   90   90    1    1    1    1    1    1    1    1  2.87319E+12 0.01572 
   91   91    1    1    1    1    1    1    1    1  1.43227E+12 0.02467 
   92   92    1    1    1    1    1    1    1    1  7.11400E+11 0.02989 
   93   93    1    1    1    1    1    1    1    1  3.46529E+11 0.04102 
   94   94    1    1    1    1    1    1    1    1  1.75371E+11 0.07549 
   95   95    1    1    1    1    1    1    1    1  7.47498E+10 0.10370 
   96   96    1    1    1    1    1    1    1    1  3.97053E+10 0.16313 
   97   97    1    1    1    1    1    1    1    1  2.33360E+10 0.23745 
   98   98    1    1    1    1    1    1    1    1  8.94008E+09 0.44283 
   99   99    1    1    1    1    1    1    1    1  4.84002E+09 0.42410 
  100  100    1    1    1    1    1    1    1    1  3.71188E+09 0.55586 
];


