
DETdpaspec = [
    1    1    1    1    1    1    1    1    1    1  0.00000E+00 0.00000 
    2    2    1    1    1    1    1    1    1    1  0.00000E+00 0.00000 
    3    3    1    1    1    1    1    1    1    1  0.00000E+00 0.00000 
    4    4    1    1    1    1    1    1    1    1  0.00000E+00 0.00000 
    5    5    1    1    1    1    1    1    1    1  0.00000E+00 0.00000 
    6    6    1    1    1    1    1    1    1    1  0.00000E+00 0.00000 
    7    7    1    1    1    1    1    1    1    1  3.89299E+07 0.69201 
    8    8    1    1    1    1    1    1    1    1  2.85536E+07 0.68850 
    9    9    1    1    1    1    1    1    1    1  4.21629E+07 0.55111 
   10   10    1    1    1    1    1    1    1    1  1.02656E+08 0.69155 
   11   11    1    1    1    1    1    1    1    1  6.46979E+07 1.00000 
   12   12    1    1    1    1    1    1    1    1  9.13110E+07 0.51142 
   13   13    1    1    1    1    1    1    1    1  7.41253E+08 0.58719 
   14   14    1    1    1    1    1    1    1    1  3.92646E+09 0.33821 
   15   15    1    1    1    1    1    1    1    1  7.24816E+09 0.26755 
   16   16    1    1    1    1    1    1    1    1  1.78104E+09 0.45805 
   17   17    1    1    1    1    1    1    1    1  2.94618E+09 0.34025 
   18   18    1    1    1    1    1    1    1    1  5.95449E+09 0.16679 
   19   19    1    1    1    1    1    1    1    1  9.46692E+09 0.18095 
   20   20    1    1    1    1    1    1    1    1  3.91167E+10 0.13501 
   21   21    1    1    1    1    1    1    1    1  2.87098E+10 0.12070 
   22   22    1    1    1    1    1    1    1    1  6.03460E+10 0.09201 
   23   23    1    1    1    1    1    1    1    1  1.05669E+11 0.09069 
   24   24    1    1    1    1    1    1    1    1  1.70489E+11 0.05256 
   25   25    1    1    1    1    1    1    1    1  2.04808E+11 0.03917 
   26   26    1    1    1    1    1    1    1    1  3.17956E+11 0.05323 
   27   27    1    1    1    1    1    1    1    1  5.20465E+11 0.04987 
   28   28    1    1    1    1    1    1    1    1  9.90380E+11 0.02495 
   29   29    1    1    1    1    1    1    1    1  1.42732E+12 0.02385 
   30   30    1    1    1    1    1    1    1    1  4.34455E+12 0.01772 
   31   31    1    1    1    1    1    1    1    1  1.37878E+13 0.00814 
   32   32    1    1    1    1    1    1    1    1  2.60792E+13 0.00480 
   33   33    1    1    1    1    1    1    1    1  6.03966E+13 0.00389 
   34   34    1    1    1    1    1    1    1    1  8.28013E+13 0.00326 
   35   35    1    1    1    1    1    1    1    1  1.17080E+14 0.00272 
   36   36    1    1    1    1    1    1    1    1  8.18946E+13 0.00241 
   37   37    1    1    1    1    1    1    1    1  2.56536E+13 0.00229 
   38   38    1    1    1    1    1    1    1    1  1.41458E+14 0.00250 
   39   39    1    1    1    1    1    1    1    1  1.90846E+14 0.00228 
   40   40    1    1    1    1    1    1    1    1  3.22540E+14 0.00211 
   41   41    1    1    1    1    1    1    1    1  3.35041E+14 0.00196 
   42   42    1    1    1    1    1    1    1    1  7.03224E+14 0.00188 
   43   43    1    1    1    1    1    1    1    1  8.52576E+14 0.00192 
   44   44    1    1    1    1    1    1    1    1  1.23282E+15 0.00158 
   45   45    1    1    1    1    1    1    1    1  2.41116E+15 0.00139 
   46   46    1    1    1    1    1    1    1    1  1.13459E+15 0.00139 
   47   47    1    1    1    1    1    1    1    1  1.84733E+15 0.00145 
   48   48    1    1    1    1    1    1    1    1  2.57283E+15 0.00138 
   49   49    1    1    1    1    1    1    1    1  2.56495E+15 0.00139 
   50   50    1    1    1    1    1    1    1    1  3.93987E+15 0.00124 
   51   51    1    1    1    1    1    1    1    1  3.18288E+15 0.00120 
   52   52    1    1    1    1    1    1    1    1  3.70922E+15 0.00127 
   53   53    1    1    1    1    1    1    1    1  2.58396E+15 0.00117 
   54   54    1    1    1    1    1    1    1    1  3.09967E+15 0.00125 
   55   55    1    1    1    1    1    1    1    1  2.13956E+15 0.00132 
   56   56    1    1    1    1    1    1    1    1  2.92173E+14 0.00175 
   57   57    1    1    1    1    1    1    1    1  4.25693E+15 0.00113 
   58   58    1    1    1    1    1    1    1    1  1.84843E+15 0.00106 
   59   59    1    1    1    1    1    1    1    1  1.97542E+15 0.00137 
   60   60    1    1    1    1    1    1    1    1  1.50900E+15 0.00117 
   61   61    1    1    1    1    1    1    1    1  1.51823E+15 0.00121 
   62   62    1    1    1    1    1    1    1    1  1.57663E+15 0.00142 
   63   63    1    1    1    1    1    1    1    1  1.31836E+15 0.00128 
   64   64    1    1    1    1    1    1    1    1  1.04798E+15 0.00127 
   65   65    1    1    1    1    1    1    1    1  1.03965E+15 0.00147 
   66   66    1    1    1    1    1    1    1    1  7.45571E+14 0.00136 
   67   67    1    1    1    1    1    1    1    1  6.10915E+14 0.00178 
   68   68    1    1    1    1    1    1    1    1  5.51331E+14 0.00187 
   69   69    1    1    1    1    1    1    1    1  6.62119E+14 0.00167 
   70   70    1    1    1    1    1    1    1    1  5.63347E+14 0.00180 
   71   71    1    1    1    1    1    1    1    1  1.03572E+15 0.00188 
   72   72    1    1    1    1    1    1    1    1  7.34202E+14 0.00134 
   73   73    1    1    1    1    1    1    1    1  5.50270E+14 0.00146 
   74   74    1    1    1    1    1    1    1    1  4.35634E+14 0.00218 
   75   75    1    1    1    1    1    1    1    1  3.56880E+14 0.00223 
   76   76    1    1    1    1    1    1    1    1  4.08879E+14 0.00243 
   77   77    1    1    1    1    1    1    1    1  3.17369E+14 0.00190 
   78   78    1    1    1    1    1    1    1    1  2.49876E+14 0.00245 
   79   79    1    1    1    1    1    1    1    1  2.56386E+14 0.00248 
   80   80    1    1    1    1    1    1    1    1  1.89233E+14 0.00289 
   81   81    1    1    1    1    1    1    1    1  1.44733E+14 0.00240 
   82   82    1    1    1    1    1    1    1    1  1.11018E+14 0.00349 
   83   83    1    1    1    1    1    1    1    1  1.03814E+14 0.00330 
   84   84    1    1    1    1    1    1    1    1  7.43953E+13 0.00429 
   85   85    1    1    1    1    1    1    1    1  5.38768E+13 0.00398 
   86   86    1    1    1    1    1    1    1    1  5.01772E+13 0.00407 
   87   87    1    1    1    1    1    1    1    1  3.09551E+13 0.00548 
   88   88    1    1    1    1    1    1    1    1  2.08905E+13 0.00750 
   89   89    1    1    1    1    1    1    1    1  1.21488E+13 0.00833 
   90   90    1    1    1    1    1    1    1    1  8.03018E+12 0.01113 
   91   91    1    1    1    1    1    1    1    1  4.09597E+12 0.01297 
   92   92    1    1    1    1    1    1    1    1  1.93734E+12 0.02121 
   93   93    1    1    1    1    1    1    1    1  1.02217E+12 0.02339 
   94   94    1    1    1    1    1    1    1    1  4.65080E+11 0.05206 
   95   95    1    1    1    1    1    1    1    1  2.05926E+11 0.05977 
   96   96    1    1    1    1    1    1    1    1  1.11563E+11 0.10441 
   97   97    1    1    1    1    1    1    1    1  5.85274E+10 0.13696 
   98   98    1    1    1    1    1    1    1    1  2.86976E+10 0.15434 
   99   99    1    1    1    1    1    1    1    1  1.26581E+10 0.21973 
  100  100    1    1    1    1    1    1    1    1  1.30415E+10 0.32028 
];


