
DETdpaspec = [
    1    1    1    1    1    1    1    1    1    1  0.00000E+00 0.00000 
    2    2    1    1    1    1    1    1    1    1  0.00000E+00 0.00000 
    3    3    1    1    1    1    1    1    1    1  0.00000E+00 0.00000 
    4    4    1    1    1    1    1    1    1    1  0.00000E+00 0.00000 
    5    5    1    1    1    1    1    1    1    1  0.00000E+00 0.00000 
    6    6    1    1    1    1    1    1    1    1  1.90105E+07 1.00000 
    7    7    1    1    1    1    1    1    1    1  0.00000E+00 0.00000 
    8    8    1    1    1    1    1    1    1    1  0.00000E+00 0.00000 
    9    9    1    1    1    1    1    1    1    1  8.79798E+06 1.00000 
   10   10    1    1    1    1    1    1    1    1  0.00000E+00 0.00000 
   11   11    1    1    1    1    1    1    1    1  4.43002E+08 0.49008 
   12   12    1    1    1    1    1    1    1    1  2.14009E+08 0.46848 
   13   13    1    1    1    1    1    1    1    1  2.10672E+09 0.49431 
   14   14    1    1    1    1    1    1    1    1  4.66801E+09 0.47127 
   15   15    1    1    1    1    1    1    1    1  6.43981E+09 0.39147 
   16   16    1    1    1    1    1    1    1    1  3.50688E+09 0.39180 
   17   17    1    1    1    1    1    1    1    1  4.47548E+09 0.37217 
   18   18    1    1    1    1    1    1    1    1  9.90746E+09 0.19230 
   19   19    1    1    1    1    1    1    1    1  9.34465E+09 0.15410 
   20   20    1    1    1    1    1    1    1    1  3.46309E+10 0.12075 
   21   21    1    1    1    1    1    1    1    1  3.42154E+10 0.13114 
   22   22    1    1    1    1    1    1    1    1  5.72248E+10 0.10800 
   23   23    1    1    1    1    1    1    1    1  9.85890E+10 0.08401 
   24   24    1    1    1    1    1    1    1    1  1.61174E+11 0.07000 
   25   25    1    1    1    1    1    1    1    1  2.36172E+11 0.05384 
   26   26    1    1    1    1    1    1    1    1  4.31766E+11 0.04181 
   27   27    1    1    1    1    1    1    1    1  8.99799E+11 0.03139 
   28   28    1    1    1    1    1    1    1    1  2.19727E+12 0.02171 
   29   29    1    1    1    1    1    1    1    1  3.83155E+12 0.01609 
   30   30    1    1    1    1    1    1    1    1  1.02218E+13 0.01001 
   31   31    1    1    1    1    1    1    1    1  3.06173E+13 0.00494 
   32   32    1    1    1    1    1    1    1    1  5.56671E+13 0.00414 
   33   33    1    1    1    1    1    1    1    1  1.32640E+14 0.00231 
   34   34    1    1    1    1    1    1    1    1  1.86231E+14 0.00239 
   35   35    1    1    1    1    1    1    1    1  2.24644E+14 0.00153 
   36   36    1    1    1    1    1    1    1    1  1.46182E+14 0.00193 
   37   37    1    1    1    1    1    1    1    1  4.39343E+13 0.00156 
   38   38    1    1    1    1    1    1    1    1  2.51199E+14 0.00166 
   39   39    1    1    1    1    1    1    1    1  3.39879E+14 0.00149 
   40   40    1    1    1    1    1    1    1    1  5.87475E+14 0.00117 
   41   41    1    1    1    1    1    1    1    1  5.86009E+14 0.00086 
   42   42    1    1    1    1    1    1    1    1  1.27492E+15 0.00080 
   43   43    1    1    1    1    1    1    1    1  1.55286E+15 0.00075 
   44   44    1    1    1    1    1    1    1    1  2.26406E+15 0.00102 
   45   45    1    1    1    1    1    1    1    1  4.55599E+15 0.00098 
   46   46    1    1    1    1    1    1    1    1  2.10420E+15 0.00082 
   47   47    1    1    1    1    1    1    1    1  3.38587E+15 0.00070 
   48   48    1    1    1    1    1    1    1    1  4.72899E+15 0.00058 
   49   49    1    1    1    1    1    1    1    1  4.68374E+15 0.00071 
   50   50    1    1    1    1    1    1    1    1  7.36323E+15 0.00075 
   51   51    1    1    1    1    1    1    1    1  5.81883E+15 0.00065 
   52   52    1    1    1    1    1    1    1    1  7.00186E+15 0.00073 
   53   53    1    1    1    1    1    1    1    1  4.85246E+15 0.00065 
   54   54    1    1    1    1    1    1    1    1  6.00406E+15 0.00069 
   55   55    1    1    1    1    1    1    1    1  4.12072E+15 0.00092 
   56   56    1    1    1    1    1    1    1    1  5.58063E+14 0.00107 
   57   57    1    1    1    1    1    1    1    1  8.19382E+15 0.00075 
   58   58    1    1    1    1    1    1    1    1  3.70305E+15 0.00079 
   59   59    1    1    1    1    1    1    1    1  3.92261E+15 0.00081 
   60   60    1    1    1    1    1    1    1    1  3.08111E+15 0.00081 
   61   61    1    1    1    1    1    1    1    1  3.08435E+15 0.00097 
   62   62    1    1    1    1    1    1    1    1  3.22316E+15 0.00087 
   63   63    1    1    1    1    1    1    1    1  2.71861E+15 0.00090 
   64   64    1    1    1    1    1    1    1    1  2.16383E+15 0.00087 
   65   65    1    1    1    1    1    1    1    1  2.15015E+15 0.00096 
   66   66    1    1    1    1    1    1    1    1  1.54739E+15 0.00090 
   67   67    1    1    1    1    1    1    1    1  1.25717E+15 0.00116 
   68   68    1    1    1    1    1    1    1    1  1.12625E+15 0.00112 
   69   69    1    1    1    1    1    1    1    1  1.34940E+15 0.00077 
   70   70    1    1    1    1    1    1    1    1  1.14700E+15 0.00094 
   71   71    1    1    1    1    1    1    1    1  2.07069E+15 0.00085 
   72   72    1    1    1    1    1    1    1    1  1.46167E+15 0.00113 
   73   73    1    1    1    1    1    1    1    1  1.10087E+15 0.00112 
   74   74    1    1    1    1    1    1    1    1  8.88626E+14 0.00155 
   75   75    1    1    1    1    1    1    1    1  7.43547E+14 0.00115 
   76   76    1    1    1    1    1    1    1    1  8.67345E+14 0.00158 
   77   77    1    1    1    1    1    1    1    1  6.89789E+14 0.00131 
   78   78    1    1    1    1    1    1    1    1  5.54798E+14 0.00160 
   79   79    1    1    1    1    1    1    1    1  5.75309E+14 0.00131 
   80   80    1    1    1    1    1    1    1    1  4.27091E+14 0.00140 
   81   81    1    1    1    1    1    1    1    1  3.28241E+14 0.00214 
   82   82    1    1    1    1    1    1    1    1  2.53371E+14 0.00222 
   83   83    1    1    1    1    1    1    1    1  2.35551E+14 0.00240 
   84   84    1    1    1    1    1    1    1    1  1.70168E+14 0.00311 
   85   85    1    1    1    1    1    1    1    1  1.22872E+14 0.00238 
   86   86    1    1    1    1    1    1    1    1  1.14858E+14 0.00270 
   87   87    1    1    1    1    1    1    1    1  7.04661E+13 0.00330 
   88   88    1    1    1    1    1    1    1    1  4.77712E+13 0.00312 
   89   89    1    1    1    1    1    1    1    1  2.69790E+13 0.00447 
   90   90    1    1    1    1    1    1    1    1  1.78745E+13 0.00675 
   91   91    1    1    1    1    1    1    1    1  9.09977E+12 0.00891 
   92   92    1    1    1    1    1    1    1    1  4.35593E+12 0.01493 
   93   93    1    1    1    1    1    1    1    1  2.13572E+12 0.01798 
   94   94    1    1    1    1    1    1    1    1  1.00725E+12 0.03148 
   95   95    1    1    1    1    1    1    1    1  4.76882E+11 0.04044 
   96   96    1    1    1    1    1    1    1    1  2.32583E+11 0.05373 
   97   97    1    1    1    1    1    1    1    1  1.14394E+11 0.08418 
   98   98    1    1    1    1    1    1    1    1  5.67408E+10 0.16266 
   99   99    1    1    1    1    1    1    1    1  2.42518E+10 0.15375 
  100  100    1    1    1    1    1    1    1    1  2.58901E+10 0.21978 
];


