
DETdpaspec = [
    1    1    1    1    1    1    1    1    1    1  0.00000E+00 0.00000 
    2    2    1    1    1    1    1    1    1    1  0.00000E+00 0.00000 
    3    3    1    1    1    1    1    1    1    1  0.00000E+00 0.00000 
    4    4    1    1    1    1    1    1    1    1  0.00000E+00 0.00000 
    5    5    1    1    1    1    1    1    1    1  0.00000E+00 0.00000 
    6    6    1    1    1    1    1    1    1    1  0.00000E+00 0.00000 
    7    7    1    1    1    1    1    1    1    1  1.88537E+07 1.00000 
    8    8    1    1    1    1    1    1    1    1  0.00000E+00 0.00000 
    9    9    1    1    1    1    1    1    1    1  0.00000E+00 0.00000 
   10   10    1    1    1    1    1    1    1    1  0.00000E+00 0.00000 
   11   11    1    1    1    1    1    1    1    1  2.53804E+08 0.69396 
   12   12    1    1    1    1    1    1    1    1  3.45917E+07 0.94754 
   13   13    1    1    1    1    1    1    1    1  8.05587E+08 0.63477 
   14   14    1    1    1    1    1    1    1    1  4.29608E+09 0.32694 
   15   15    1    1    1    1    1    1    1    1  4.08286E+09 0.36663 
   16   16    1    1    1    1    1    1    1    1  2.05274E+09 0.31285 
   17   17    1    1    1    1    1    1    1    1  3.90753E+09 0.24272 
   18   18    1    1    1    1    1    1    1    1  1.16653E+10 0.13850 
   19   19    1    1    1    1    1    1    1    1  1.16606E+10 0.20259 
   20   20    1    1    1    1    1    1    1    1  3.75836E+10 0.13539 
   21   21    1    1    1    1    1    1    1    1  2.67447E+10 0.10822 
   22   22    1    1    1    1    1    1    1    1  7.96214E+10 0.06689 
   23   23    1    1    1    1    1    1    1    1  9.90436E+10 0.05225 
   24   24    1    1    1    1    1    1    1    1  1.44120E+11 0.05155 
   25   25    1    1    1    1    1    1    1    1  1.81740E+11 0.05901 
   26   26    1    1    1    1    1    1    1    1  3.01135E+11 0.04539 
   27   27    1    1    1    1    1    1    1    1  5.24839E+11 0.03684 
   28   28    1    1    1    1    1    1    1    1  9.18093E+11 0.02178 
   29   29    1    1    1    1    1    1    1    1  1.34417E+12 0.02229 
   30   30    1    1    1    1    1    1    1    1  4.38363E+12 0.01651 
   31   31    1    1    1    1    1    1    1    1  1.34275E+13 0.01109 
   32   32    1    1    1    1    1    1    1    1  2.52552E+13 0.00949 
   33   33    1    1    1    1    1    1    1    1  5.85679E+13 0.00467 
   34   34    1    1    1    1    1    1    1    1  7.93321E+13 0.00382 
   35   35    1    1    1    1    1    1    1    1  1.12746E+14 0.00281 
   36   36    1    1    1    1    1    1    1    1  7.86939E+13 0.00203 
   37   37    1    1    1    1    1    1    1    1  2.48152E+13 0.00259 
   38   38    1    1    1    1    1    1    1    1  1.35712E+14 0.00256 
   39   39    1    1    1    1    1    1    1    1  1.83022E+14 0.00251 
   40   40    1    1    1    1    1    1    1    1  3.09433E+14 0.00202 
   41   41    1    1    1    1    1    1    1    1  3.22017E+14 0.00181 
   42   42    1    1    1    1    1    1    1    1  6.73966E+14 0.00155 
   43   43    1    1    1    1    1    1    1    1  8.15106E+14 0.00155 
   44   44    1    1    1    1    1    1    1    1  1.17890E+15 0.00179 
   45   45    1    1    1    1    1    1    1    1  2.29800E+15 0.00136 
   46   46    1    1    1    1    1    1    1    1  1.08282E+15 0.00170 
   47   47    1    1    1    1    1    1    1    1  1.76318E+15 0.00161 
   48   48    1    1    1    1    1    1    1    1  2.45355E+15 0.00132 
   49   49    1    1    1    1    1    1    1    1  2.44184E+15 0.00146 
   50   50    1    1    1    1    1    1    1    1  3.74377E+15 0.00135 
   51   51    1    1    1    1    1    1    1    1  3.02805E+15 0.00133 
   52   52    1    1    1    1    1    1    1    1  3.52307E+15 0.00163 
   53   53    1    1    1    1    1    1    1    1  2.45181E+15 0.00170 
   54   54    1    1    1    1    1    1    1    1  2.93581E+15 0.00176 
   55   55    1    1    1    1    1    1    1    1  2.02950E+15 0.00144 
   56   56    1    1    1    1    1    1    1    1  2.77253E+14 0.00161 
   57   57    1    1    1    1    1    1    1    1  4.03535E+15 0.00133 
   58   58    1    1    1    1    1    1    1    1  1.74808E+15 0.00158 
   59   59    1    1    1    1    1    1    1    1  1.86710E+15 0.00166 
   60   60    1    1    1    1    1    1    1    1  1.42197E+15 0.00160 
   61   61    1    1    1    1    1    1    1    1  1.43243E+15 0.00141 
   62   62    1    1    1    1    1    1    1    1  1.48791E+15 0.00167 
   63   63    1    1    1    1    1    1    1    1  1.24346E+15 0.00162 
   64   64    1    1    1    1    1    1    1    1  9.89463E+14 0.00192 
   65   65    1    1    1    1    1    1    1    1  9.79448E+14 0.00177 
   66   66    1    1    1    1    1    1    1    1  7.03056E+14 0.00190 
   67   67    1    1    1    1    1    1    1    1  5.76864E+14 0.00174 
   68   68    1    1    1    1    1    1    1    1  5.18518E+14 0.00199 
   69   69    1    1    1    1    1    1    1    1  6.23186E+14 0.00231 
   70   70    1    1    1    1    1    1    1    1  5.31386E+14 0.00282 
   71   71    1    1    1    1    1    1    1    1  9.79380E+14 0.00176 
   72   72    1    1    1    1    1    1    1    1  6.91666E+14 0.00197 
   73   73    1    1    1    1    1    1    1    1  5.19895E+14 0.00188 
   74   74    1    1    1    1    1    1    1    1  4.13377E+14 0.00186 
   75   75    1    1    1    1    1    1    1    1  3.35652E+14 0.00269 
   76   76    1    1    1    1    1    1    1    1  3.83832E+14 0.00230 
   77   77    1    1    1    1    1    1    1    1  2.97771E+14 0.00291 
   78   78    1    1    1    1    1    1    1    1  2.35364E+14 0.00270 
   79   79    1    1    1    1    1    1    1    1  2.41100E+14 0.00251 
   80   80    1    1    1    1    1    1    1    1  1.77968E+14 0.00245 
   81   81    1    1    1    1    1    1    1    1  1.35470E+14 0.00376 
   82   82    1    1    1    1    1    1    1    1  1.04131E+14 0.00362 
   83   83    1    1    1    1    1    1    1    1  9.73618E+13 0.00294 
   84   84    1    1    1    1    1    1    1    1  6.97520E+13 0.00327 
   85   85    1    1    1    1    1    1    1    1  5.01648E+13 0.00484 
   86   86    1    1    1    1    1    1    1    1  4.72517E+13 0.00354 
   87   87    1    1    1    1    1    1    1    1  2.89473E+13 0.00660 
   88   88    1    1    1    1    1    1    1    1  1.97563E+13 0.00653 
   89   89    1    1    1    1    1    1    1    1  1.11815E+13 0.00887 
   90   90    1    1    1    1    1    1    1    1  7.71744E+12 0.00902 
   91   91    1    1    1    1    1    1    1    1  3.84108E+12 0.01399 
   92   92    1    1    1    1    1    1    1    1  1.80523E+12 0.02059 
   93   93    1    1    1    1    1    1    1    1  8.89113E+11 0.02426 
   94   94    1    1    1    1    1    1    1    1  4.24258E+11 0.03104 
   95   95    1    1    1    1    1    1    1    1  2.23169E+11 0.04243 
   96   96    1    1    1    1    1    1    1    1  1.01941E+11 0.13680 
   97   97    1    1    1    1    1    1    1    1  4.79957E+10 0.11626 
   98   98    1    1    1    1    1    1    1    1  1.94288E+10 0.27610 
   99   99    1    1    1    1    1    1    1    1  1.51221E+10 0.23529 
  100  100    1    1    1    1    1    1    1    1  4.78064E+09 0.36875 
];


