
DETdpaspec = [
    1    1    1    1    1    1    1    1    1    1  0.00000E+00 0.00000 
    2    2    1    1    1    1    1    1    1    1  0.00000E+00 0.00000 
    3    3    1    1    1    1    1    1    1    1  0.00000E+00 0.00000 
    4    4    1    1    1    1    1    1    1    1  0.00000E+00 0.00000 
    5    5    1    1    1    1    1    1    1    1  1.21217E+07 1.00000 
    6    6    1    1    1    1    1    1    1    1  0.00000E+00 0.00000 
    7    7    1    1    1    1    1    1    1    1  0.00000E+00 0.00000 
    8    8    1    1    1    1    1    1    1    1  0.00000E+00 0.00000 
    9    9    1    1    1    1    1    1    1    1  0.00000E+00 0.00000 
   10   10    1    1    1    1    1    1    1    1  0.00000E+00 0.00000 
   11   11    1    1    1    1    1    1    1    1  1.71981E+08 0.75311 
   12   12    1    1    1    1    1    1    1    1  1.82190E+06 1.00000 
   13   13    1    1    1    1    1    1    1    1  5.41344E+08 0.72136 
   14   14    1    1    1    1    1    1    1    1  2.73856E+09 0.55157 
   15   15    1    1    1    1    1    1    1    1  4.38023E+09 0.36372 
   16   16    1    1    1    1    1    1    1    1  1.36778E+09 0.34073 
   17   17    1    1    1    1    1    1    1    1  3.41847E+09 0.22218 
   18   18    1    1    1    1    1    1    1    1  1.03475E+10 0.17416 
   19   19    1    1    1    1    1    1    1    1  1.37930E+10 0.18533 
   20   20    1    1    1    1    1    1    1    1  2.68561E+10 0.15138 
   21   21    1    1    1    1    1    1    1    1  2.69898E+10 0.10083 
   22   22    1    1    1    1    1    1    1    1  5.88136E+10 0.08325 
   23   23    1    1    1    1    1    1    1    1  1.03689E+11 0.07980 
   24   24    1    1    1    1    1    1    1    1  1.38699E+11 0.08235 
   25   25    1    1    1    1    1    1    1    1  1.77583E+11 0.04011 
   26   26    1    1    1    1    1    1    1    1  2.82793E+11 0.03836 
   27   27    1    1    1    1    1    1    1    1  4.88147E+11 0.03833 
   28   28    1    1    1    1    1    1    1    1  8.66881E+11 0.02356 
   29   29    1    1    1    1    1    1    1    1  1.29339E+12 0.02063 
   30   30    1    1    1    1    1    1    1    1  4.03765E+12 0.01051 
   31   31    1    1    1    1    1    1    1    1  1.25703E+13 0.00873 
   32   32    1    1    1    1    1    1    1    1  2.41082E+13 0.00624 
   33   33    1    1    1    1    1    1    1    1  5.50316E+13 0.00383 
   34   34    1    1    1    1    1    1    1    1  7.46693E+13 0.00291 
   35   35    1    1    1    1    1    1    1    1  1.06455E+14 0.00335 
   36   36    1    1    1    1    1    1    1    1  7.42935E+13 0.00376 
   37   37    1    1    1    1    1    1    1    1  2.34537E+13 0.00352 
   38   38    1    1    1    1    1    1    1    1  1.28116E+14 0.00267 
   39   39    1    1    1    1    1    1    1    1  1.72711E+14 0.00249 
   40   40    1    1    1    1    1    1    1    1  2.91149E+14 0.00237 
   41   41    1    1    1    1    1    1    1    1  3.02379E+14 0.00228 
   42   42    1    1    1    1    1    1    1    1  6.32159E+14 0.00176 
   43   43    1    1    1    1    1    1    1    1  7.64376E+14 0.00191 
   44   44    1    1    1    1    1    1    1    1  1.10009E+15 0.00155 
   45   45    1    1    1    1    1    1    1    1  2.14154E+15 0.00133 
   46   46    1    1    1    1    1    1    1    1  1.00849E+15 0.00164 
   47   47    1    1    1    1    1    1    1    1  1.64087E+15 0.00142 
   48   48    1    1    1    1    1    1    1    1  2.28005E+15 0.00165 
   49   49    1    1    1    1    1    1    1    1  2.26842E+15 0.00174 
   50   50    1    1    1    1    1    1    1    1  3.47410E+15 0.00172 
   51   51    1    1    1    1    1    1    1    1  2.81194E+15 0.00150 
   52   52    1    1    1    1    1    1    1    1  3.26326E+15 0.00154 
   53   53    1    1    1    1    1    1    1    1  2.27269E+15 0.00118 
   54   54    1    1    1    1    1    1    1    1  2.71778E+15 0.00130 
   55   55    1    1    1    1    1    1    1    1  1.87617E+15 0.00156 
   56   56    1    1    1    1    1    1    1    1  2.56662E+14 0.00211 
   57   57    1    1    1    1    1    1    1    1  3.73277E+15 0.00159 
   58   58    1    1    1    1    1    1    1    1  1.61266E+15 0.00159 
   59   59    1    1    1    1    1    1    1    1  1.72470E+15 0.00135 
   60   60    1    1    1    1    1    1    1    1  1.31146E+15 0.00162 
   61   61    1    1    1    1    1    1    1    1  1.32047E+15 0.00147 
   62   62    1    1    1    1    1    1    1    1  1.37161E+15 0.00164 
   63   63    1    1    1    1    1    1    1    1  1.14523E+15 0.00168 
   64   64    1    1    1    1    1    1    1    1  9.09634E+14 0.00179 
   65   65    1    1    1    1    1    1    1    1  9.00772E+14 0.00177 
   66   66    1    1    1    1    1    1    1    1  6.46856E+14 0.00166 
   67   67    1    1    1    1    1    1    1    1  5.29178E+14 0.00176 
   68   68    1    1    1    1    1    1    1    1  4.77012E+14 0.00181 
   69   69    1    1    1    1    1    1    1    1  5.71013E+14 0.00185 
   70   70    1    1    1    1    1    1    1    1  4.87965E+14 0.00192 
   71   71    1    1    1    1    1    1    1    1  8.99624E+14 0.00188 
   72   72    1    1    1    1    1    1    1    1  6.39154E+14 0.00159 
   73   73    1    1    1    1    1    1    1    1  4.77323E+14 0.00214 
   74   74    1    1    1    1    1    1    1    1  3.78132E+14 0.00237 
   75   75    1    1    1    1    1    1    1    1  3.09955E+14 0.00218 
   76   76    1    1    1    1    1    1    1    1  3.52430E+14 0.00171 
   77   77    1    1    1    1    1    1    1    1  2.72443E+14 0.00292 
   78   78    1    1    1    1    1    1    1    1  2.14281E+14 0.00239 
   79   79    1    1    1    1    1    1    1    1  2.19560E+14 0.00357 
   80   80    1    1    1    1    1    1    1    1  1.62010E+14 0.00263 
   81   81    1    1    1    1    1    1    1    1  1.23735E+14 0.00289 
   82   82    1    1    1    1    1    1    1    1  9.47057E+13 0.00349 
   83   83    1    1    1    1    1    1    1    1  8.85498E+13 0.00396 
   84   84    1    1    1    1    1    1    1    1  6.37530E+13 0.00389 
   85   85    1    1    1    1    1    1    1    1  4.61403E+13 0.00456 
   86   86    1    1    1    1    1    1    1    1  4.29625E+13 0.00412 
   87   87    1    1    1    1    1    1    1    1  2.66695E+13 0.00504 
   88   88    1    1    1    1    1    1    1    1  1.79902E+13 0.00626 
   89   89    1    1    1    1    1    1    1    1  1.02530E+13 0.01117 
   90   90    1    1    1    1    1    1    1    1  7.09057E+12 0.01199 
   91   91    1    1    1    1    1    1    1    1  3.50571E+12 0.01312 
   92   92    1    1    1    1    1    1    1    1  1.75838E+12 0.01847 
   93   93    1    1    1    1    1    1    1    1  8.37374E+11 0.03028 
   94   94    1    1    1    1    1    1    1    1  4.07904E+11 0.05759 
   95   95    1    1    1    1    1    1    1    1  1.68161E+11 0.07577 
   96   96    1    1    1    1    1    1    1    1  1.00380E+11 0.08927 
   97   97    1    1    1    1    1    1    1    1  4.65214E+10 0.16903 
   98   98    1    1    1    1    1    1    1    1  2.08155E+10 0.22140 
   99   99    1    1    1    1    1    1    1    1  9.54891E+09 0.28554 
  100  100    1    1    1    1    1    1    1    1  1.54204E+10 0.26753 
];


