
DETdpaspec = [
    1    1    1    1    1    1    1    1    1    1  0.00000E+00 0.00000 
    2    2    1    1    1    1    1    1    1    1  0.00000E+00 0.00000 
    3    3    1    1    1    1    1    1    1    1  0.00000E+00 0.00000 
    4    4    1    1    1    1    1    1    1    1  0.00000E+00 0.00000 
    5    5    1    1    1    1    1    1    1    1  0.00000E+00 0.00000 
    6    6    1    1    1    1    1    1    1    1  0.00000E+00 0.00000 
    7    7    1    1    1    1    1    1    1    1  0.00000E+00 0.00000 
    8    8    1    1    1    1    1    1    1    1  0.00000E+00 0.00000 
    9    9    1    1    1    1    1    1    1    1  1.40777E+07 1.00000 
   10   10    1    1    1    1    1    1    1    1  0.00000E+00 0.00000 
   11   11    1    1    1    1    1    1    1    1  3.65110E+08 0.50002 
   12   12    1    1    1    1    1    1    1    1  1.18842E+08 0.59238 
   13   13    1    1    1    1    1    1    1    1  2.34234E+09 0.34506 
   14   14    1    1    1    1    1    1    1    1  4.13044E+09 0.48193 
   15   15    1    1    1    1    1    1    1    1  3.19039E+09 0.42864 
   16   16    1    1    1    1    1    1    1    1  7.72749E+08 0.38844 
   17   17    1    1    1    1    1    1    1    1  2.60449E+09 0.28989 
   18   18    1    1    1    1    1    1    1    1  7.87036E+09 0.24472 
   19   19    1    1    1    1    1    1    1    1  7.68403E+09 0.16831 
   20   20    1    1    1    1    1    1    1    1  2.52740E+10 0.11221 
   21   21    1    1    1    1    1    1    1    1  1.74101E+10 0.16360 
   22   22    1    1    1    1    1    1    1    1  5.50322E+10 0.11315 
   23   23    1    1    1    1    1    1    1    1  6.72290E+10 0.08985 
   24   24    1    1    1    1    1    1    1    1  1.03581E+11 0.06675 
   25   25    1    1    1    1    1    1    1    1  1.06591E+11 0.08491 
   26   26    1    1    1    1    1    1    1    1  1.81556E+11 0.04815 
   27   27    1    1    1    1    1    1    1    1  3.31061E+11 0.05306 
   28   28    1    1    1    1    1    1    1    1  6.16910E+11 0.03768 
   29   29    1    1    1    1    1    1    1    1  8.54524E+11 0.01752 
   30   30    1    1    1    1    1    1    1    1  2.78277E+12 0.01866 
   31   31    1    1    1    1    1    1    1    1  8.53429E+12 0.01195 
   32   32    1    1    1    1    1    1    1    1  1.58963E+13 0.00977 
   33   33    1    1    1    1    1    1    1    1  3.54641E+13 0.00514 
   34   34    1    1    1    1    1    1    1    1  4.69837E+13 0.00378 
   35   35    1    1    1    1    1    1    1    1  6.79531E+13 0.00382 
   36   36    1    1    1    1    1    1    1    1  4.76688E+13 0.00343 
   37   37    1    1    1    1    1    1    1    1  1.52042E+13 0.00313 
   38   38    1    1    1    1    1    1    1    1  8.20070E+13 0.00276 
   39   39    1    1    1    1    1    1    1    1  1.09888E+14 0.00268 
   40   40    1    1    1    1    1    1    1    1  1.83792E+14 0.00262 
   41   41    1    1    1    1    1    1    1    1  1.92073E+14 0.00240 
   42   42    1    1    1    1    1    1    1    1  3.95295E+14 0.00291 
   43   43    1    1    1    1    1    1    1    1  4.73323E+14 0.00276 
   44   44    1    1    1    1    1    1    1    1  6.75620E+14 0.00269 
   45   45    1    1    1    1    1    1    1    1  1.29105E+15 0.00249 
   46   46    1    1    1    1    1    1    1    1  6.05998E+14 0.00236 
   47   47    1    1    1    1    1    1    1    1  9.85362E+14 0.00223 
   48   48    1    1    1    1    1    1    1    1  1.35932E+15 0.00232 
   49   49    1    1    1    1    1    1    1    1  1.34762E+15 0.00284 
   50   50    1    1    1    1    1    1    1    1  2.04117E+15 0.00263 
   51   51    1    1    1    1    1    1    1    1  1.65083E+15 0.00240 
   52   52    1    1    1    1    1    1    1    1  1.89273E+15 0.00259 
   53   53    1    1    1    1    1    1    1    1  1.31710E+15 0.00219 
   54   54    1    1    1    1    1    1    1    1  1.55717E+15 0.00235 
   55   55    1    1    1    1    1    1    1    1  1.07531E+15 0.00236 
   56   56    1    1    1    1    1    1    1    1  1.47102E+14 0.00258 
   57   57    1    1    1    1    1    1    1    1  2.13053E+15 0.00231 
   58   58    1    1    1    1    1    1    1    1  9.09484E+14 0.00238 
   59   59    1    1    1    1    1    1    1    1  9.71162E+14 0.00256 
   60   60    1    1    1    1    1    1    1    1  7.33174E+14 0.00293 
   61   61    1    1    1    1    1    1    1    1  7.37825E+14 0.00286 
   62   62    1    1    1    1    1    1    1    1  7.62378E+14 0.00283 
   63   63    1    1    1    1    1    1    1    1  6.34071E+14 0.00302 
   64   64    1    1    1    1    1    1    1    1  5.03482E+14 0.00302 
   65   65    1    1    1    1    1    1    1    1  4.95508E+14 0.00295 
   66   66    1    1    1    1    1    1    1    1  3.54942E+14 0.00298 
   67   67    1    1    1    1    1    1    1    1  2.91617E+14 0.00322 
   68   68    1    1    1    1    1    1    1    1  2.62759E+14 0.00306 
   69   69    1    1    1    1    1    1    1    1  3.15689E+14 0.00344 
   70   70    1    1    1    1    1    1    1    1  2.69452E+14 0.00373 
   71   71    1    1    1    1    1    1    1    1  4.99290E+14 0.00270 
   72   72    1    1    1    1    1    1    1    1  3.52704E+14 0.00299 
   73   73    1    1    1    1    1    1    1    1  2.63570E+14 0.00241 
   74   74    1    1    1    1    1    1    1    1  2.07478E+14 0.00300 
   75   75    1    1    1    1    1    1    1    1  1.68339E+14 0.00254 
   76   76    1    1    1    1    1    1    1    1  1.90626E+14 0.00371 
   77   77    1    1    1    1    1    1    1    1  1.46940E+14 0.00437 
   78   78    1    1    1    1    1    1    1    1  1.15473E+14 0.00491 
   79   79    1    1    1    1    1    1    1    1  1.16774E+14 0.00353 
   80   80    1    1    1    1    1    1    1    1  8.59722E+13 0.00398 
   81   81    1    1    1    1    1    1    1    1  6.55557E+13 0.00580 
   82   82    1    1    1    1    1    1    1    1  5.05679E+13 0.00548 
   83   83    1    1    1    1    1    1    1    1  4.70420E+13 0.00446 
   84   84    1    1    1    1    1    1    1    1  3.38131E+13 0.00447 
   85   85    1    1    1    1    1    1    1    1  2.45158E+13 0.00783 
   86   86    1    1    1    1    1    1    1    1  2.29051E+13 0.00747 
   87   87    1    1    1    1    1    1    1    1  1.41582E+13 0.00685 
   88   88    1    1    1    1    1    1    1    1  9.56058E+12 0.00925 
   89   89    1    1    1    1    1    1    1    1  5.46638E+12 0.01592 
   90   90    1    1    1    1    1    1    1    1  3.67425E+12 0.01116 
   91   91    1    1    1    1    1    1    1    1  1.76914E+12 0.02943 
   92   92    1    1    1    1    1    1    1    1  9.27591E+11 0.03614 
   93   93    1    1    1    1    1    1    1    1  4.42970E+11 0.04956 
   94   94    1    1    1    1    1    1    1    1  2.08656E+11 0.08126 
   95   95    1    1    1    1    1    1    1    1  1.34261E+11 0.07279 
   96   96    1    1    1    1    1    1    1    1  3.94616E+10 0.13406 
   97   97    1    1    1    1    1    1    1    1  1.94047E+10 0.15043 
   98   98    1    1    1    1    1    1    1    1  1.22059E+10 0.26845 
   99   99    1    1    1    1    1    1    1    1  6.27065E+09 0.30941 
  100  100    1    1    1    1    1    1    1    1  5.21225E+09 0.34786 
];


