
DETdpaspec = [
    1    1    1    1    1    1    1    1    1    1  0.00000E+00 0.00000 
    2    2    1    1    1    1    1    1    1    1  0.00000E+00 0.00000 
    3    3    1    1    1    1    1    1    1    1  0.00000E+00 0.00000 
    4    4    1    1    1    1    1    1    1    1  0.00000E+00 0.00000 
    5    5    1    1    1    1    1    1    1    1  0.00000E+00 0.00000 
    6    6    1    1    1    1    1    1    1    1  0.00000E+00 0.00000 
    7    7    1    1    1    1    1    1    1    1  0.00000E+00 0.00000 
    8    8    1    1    1    1    1    1    1    1  6.06098E+07 0.70495 
    9    9    1    1    1    1    1    1    1    1  2.53691E+07 1.00000 
   10   10    1    1    1    1    1    1    1    1  1.45296E+08 0.71282 
   11   11    1    1    1    1    1    1    1    1  0.00000E+00 0.00000 
   12   12    1    1    1    1    1    1    1    1  2.90027E+08 0.51031 
   13   13    1    1    1    1    1    1    1    1  3.16745E+09 0.28753 
   14   14    1    1    1    1    1    1    1    1  6.77153E+09 0.34269 
   15   15    1    1    1    1    1    1    1    1  5.04379E+09 0.40547 
   16   16    1    1    1    1    1    1    1    1  1.80434E+09 0.36721 
   17   17    1    1    1    1    1    1    1    1  3.35241E+09 0.26530 
   18   18    1    1    1    1    1    1    1    1  1.21878E+10 0.19609 
   19   19    1    1    1    1    1    1    1    1  1.16132E+10 0.18523 
   20   20    1    1    1    1    1    1    1    1  3.63851E+10 0.15819 
   21   21    1    1    1    1    1    1    1    1  2.88759E+10 0.11434 
   22   22    1    1    1    1    1    1    1    1  6.39099E+10 0.08485 
   23   23    1    1    1    1    1    1    1    1  1.15288E+11 0.06834 
   24   24    1    1    1    1    1    1    1    1  1.91653E+11 0.06314 
   25   25    1    1    1    1    1    1    1    1  2.21835E+11 0.05405 
   26   26    1    1    1    1    1    1    1    1  3.33412E+11 0.03293 
   27   27    1    1    1    1    1    1    1    1  5.99104E+11 0.03246 
   28   28    1    1    1    1    1    1    1    1  1.26975E+12 0.02555 
   29   29    1    1    1    1    1    1    1    1  2.11638E+12 0.01924 
   30   30    1    1    1    1    1    1    1    1  6.31758E+12 0.01039 
   31   31    1    1    1    1    1    1    1    1  2.00203E+13 0.00592 
   32   32    1    1    1    1    1    1    1    1  3.82282E+13 0.00343 
   33   33    1    1    1    1    1    1    1    1  9.25049E+13 0.00321 
   34   34    1    1    1    1    1    1    1    1  1.30623E+14 0.00280 
   35   35    1    1    1    1    1    1    1    1  1.73035E+14 0.00204 
   36   36    1    1    1    1    1    1    1    1  1.17332E+14 0.00239 
   37   37    1    1    1    1    1    1    1    1  3.59824E+13 0.00123 
   38   38    1    1    1    1    1    1    1    1  2.03111E+14 0.00213 
   39   39    1    1    1    1    1    1    1    1  2.75563E+14 0.00164 
   40   40    1    1    1    1    1    1    1    1  4.74790E+14 0.00157 
   41   41    1    1    1    1    1    1    1    1  4.84272E+14 0.00133 
   42   42    1    1    1    1    1    1    1    1  1.04190E+15 0.00115 
   43   43    1    1    1    1    1    1    1    1  1.27306E+15 0.00124 
   44   44    1    1    1    1    1    1    1    1  1.86089E+15 0.00115 
   45   45    1    1    1    1    1    1    1    1  3.73154E+15 0.00097 
   46   46    1    1    1    1    1    1    1    1  1.75175E+15 0.00073 
   47   47    1    1    1    1    1    1    1    1  2.84081E+15 0.00072 
   48   48    1    1    1    1    1    1    1    1  3.98187E+15 0.00077 
   49   49    1    1    1    1    1    1    1    1  3.96753E+15 0.00097 
   50   50    1    1    1    1    1    1    1    1  6.19907E+15 0.00097 
   51   51    1    1    1    1    1    1    1    1  4.97112E+15 0.00097 
   52   52    1    1    1    1    1    1    1    1  5.92463E+15 0.00082 
   53   53    1    1    1    1    1    1    1    1  4.12215E+15 0.00074 
   54   54    1    1    1    1    1    1    1    1  5.04374E+15 0.00093 
   55   55    1    1    1    1    1    1    1    1  3.47861E+15 0.00085 
   56   56    1    1    1    1    1    1    1    1  4.73828E+14 0.00110 
   57   57    1    1    1    1    1    1    1    1  6.93349E+15 0.00093 
   58   58    1    1    1    1    1    1    1    1  3.08765E+15 0.00104 
   59   59    1    1    1    1    1    1    1    1  3.28866E+15 0.00097 
   60   60    1    1    1    1    1    1    1    1  2.55504E+15 0.00097 
   61   61    1    1    1    1    1    1    1    1  2.56583E+15 0.00104 
   62   62    1    1    1    1    1    1    1    1  2.67673E+15 0.00117 
   63   63    1    1    1    1    1    1    1    1  2.25589E+15 0.00120 
   64   64    1    1    1    1    1    1    1    1  1.79724E+15 0.00125 
   65   65    1    1    1    1    1    1    1    1  1.78415E+15 0.00116 
   66   66    1    1    1    1    1    1    1    1  1.28430E+15 0.00095 
   67   67    1    1    1    1    1    1    1    1  1.04579E+15 0.00106 
   68   68    1    1    1    1    1    1    1    1  9.39841E+14 0.00104 
   69   69    1    1    1    1    1    1    1    1  1.12859E+15 0.00140 
   70   70    1    1    1    1    1    1    1    1  9.62986E+14 0.00143 
   71   71    1    1    1    1    1    1    1    1  1.75242E+15 0.00130 
   72   72    1    1    1    1    1    1    1    1  1.24115E+15 0.00122 
   73   73    1    1    1    1    1    1    1    1  9.34361E+14 0.00117 
   74   74    1    1    1    1    1    1    1    1  7.50819E+14 0.00083 
   75   75    1    1    1    1    1    1    1    1  6.22093E+14 0.00152 
   76   76    1    1    1    1    1    1    1    1  7.19881E+14 0.00149 
   77   77    1    1    1    1    1    1    1    1  5.67906E+14 0.00150 
   78   78    1    1    1    1    1    1    1    1  4.53380E+14 0.00148 
   79   79    1    1    1    1    1    1    1    1  4.66246E+14 0.00113 
   80   80    1    1    1    1    1    1    1    1  3.45338E+14 0.00188 
   81   81    1    1    1    1    1    1    1    1  2.65555E+14 0.00157 
   82   82    1    1    1    1    1    1    1    1  2.03957E+14 0.00281 
   83   83    1    1    1    1    1    1    1    1  1.91004E+14 0.00236 
   84   84    1    1    1    1    1    1    1    1  1.37086E+14 0.00304 
   85   85    1    1    1    1    1    1    1    1  9.90114E+13 0.00297 
   86   86    1    1    1    1    1    1    1    1  9.25923E+13 0.00243 
   87   87    1    1    1    1    1    1    1    1  5.75767E+13 0.00454 
   88   88    1    1    1    1    1    1    1    1  3.82357E+13 0.00360 
   89   89    1    1    1    1    1    1    1    1  2.21591E+13 0.00741 
   90   90    1    1    1    1    1    1    1    1  1.47089E+13 0.00810 
   91   91    1    1    1    1    1    1    1    1  7.36178E+12 0.01125 
   92   92    1    1    1    1    1    1    1    1  3.62966E+12 0.01163 
   93   93    1    1    1    1    1    1    1    1  1.71483E+12 0.01975 
   94   94    1    1    1    1    1    1    1    1  8.31893E+11 0.02511 
   95   95    1    1    1    1    1    1    1    1  3.73061E+11 0.05626 
   96   96    1    1    1    1    1    1    1    1  1.78768E+11 0.07868 
   97   97    1    1    1    1    1    1    1    1  1.03987E+11 0.08326 
   98   98    1    1    1    1    1    1    1    1  3.82201E+10 0.18692 
   99   99    1    1    1    1    1    1    1    1  1.22008E+10 0.23703 
  100  100    1    1    1    1    1    1    1    1  2.10057E+10 0.17525 
];


