
DETdpaspec = [
    1    1    1    1    1    1    1    1    1    1  0.00000E+00 0.00000 
    2    2    1    1    1    1    1    1    1    1  0.00000E+00 0.00000 
    3    3    1    1    1    1    1    1    1    1  0.00000E+00 0.00000 
    4    4    1    1    1    1    1    1    1    1  0.00000E+00 0.00000 
    5    5    1    1    1    1    1    1    1    1  0.00000E+00 0.00000 
    6    6    1    1    1    1    1    1    1    1  0.00000E+00 0.00000 
    7    7    1    1    1    1    1    1    1    1  0.00000E+00 0.00000 
    8    8    1    1    1    1    1    1    1    1  0.00000E+00 0.00000 
    9    9    1    1    1    1    1    1    1    1  1.11025E+07 1.00000 
   10   10    1    1    1    1    1    1    1    1  0.00000E+00 0.00000 
   11   11    1    1    1    1    1    1    1    1  0.00000E+00 0.00000 
   12   12    1    1    1    1    1    1    1    1  2.47102E+07 1.00000 
   13   13    1    1    1    1    1    1    1    1  8.01606E+08 0.52081 
   14   14    1    1    1    1    1    1    1    1  9.37629E+08 0.65162 
   15   15    1    1    1    1    1    1    1    1  3.26818E+09 0.36812 
   16   16    1    1    1    1    1    1    1    1  1.71688E+09 0.37057 
   17   17    1    1    1    1    1    1    1    1  2.63664E+09 0.28801 
   18   18    1    1    1    1    1    1    1    1  1.00146E+10 0.24333 
   19   19    1    1    1    1    1    1    1    1  6.86753E+09 0.25165 
   20   20    1    1    1    1    1    1    1    1  1.87026E+10 0.15878 
   21   21    1    1    1    1    1    1    1    1  1.70959E+10 0.15173 
   22   22    1    1    1    1    1    1    1    1  5.33760E+10 0.11296 
   23   23    1    1    1    1    1    1    1    1  7.23204E+10 0.08763 
   24   24    1    1    1    1    1    1    1    1  1.21891E+11 0.07314 
   25   25    1    1    1    1    1    1    1    1  1.47198E+11 0.05957 
   26   26    1    1    1    1    1    1    1    1  2.16407E+11 0.04008 
   27   27    1    1    1    1    1    1    1    1  3.87380E+11 0.04509 
   28   28    1    1    1    1    1    1    1    1  6.73973E+11 0.02678 
   29   29    1    1    1    1    1    1    1    1  9.65961E+11 0.02626 
   30   30    1    1    1    1    1    1    1    1  3.02284E+12 0.01623 
   31   31    1    1    1    1    1    1    1    1  9.35756E+12 0.00812 
   32   32    1    1    1    1    1    1    1    1  1.74546E+13 0.00720 
   33   33    1    1    1    1    1    1    1    1  3.89761E+13 0.00465 
   34   34    1    1    1    1    1    1    1    1  5.22713E+13 0.00396 
   35   35    1    1    1    1    1    1    1    1  7.57930E+13 0.00300 
   36   36    1    1    1    1    1    1    1    1  5.29462E+13 0.00376 
   37   37    1    1    1    1    1    1    1    1  1.68838E+13 0.00448 
   38   38    1    1    1    1    1    1    1    1  9.12069E+13 0.00288 
   39   39    1    1    1    1    1    1    1    1  1.22107E+14 0.00256 
   40   40    1    1    1    1    1    1    1    1  2.04444E+14 0.00257 
   41   41    1    1    1    1    1    1    1    1  2.12986E+14 0.00265 
   42   42    1    1    1    1    1    1    1    1  4.38996E+14 0.00268 
   43   43    1    1    1    1    1    1    1    1  5.28195E+14 0.00274 
   44   44    1    1    1    1    1    1    1    1  7.55930E+14 0.00230 
   45   45    1    1    1    1    1    1    1    1  1.45038E+15 0.00194 
   46   46    1    1    1    1    1    1    1    1  6.81190E+14 0.00197 
   47   47    1    1    1    1    1    1    1    1  1.10810E+15 0.00230 
   48   48    1    1    1    1    1    1    1    1  1.53095E+15 0.00215 
   49   49    1    1    1    1    1    1    1    1  1.51838E+15 0.00201 
   50   50    1    1    1    1    1    1    1    1  2.30502E+15 0.00224 
   51   51    1    1    1    1    1    1    1    1  1.86564E+15 0.00239 
   52   52    1    1    1    1    1    1    1    1  2.14263E+15 0.00212 
   53   53    1    1    1    1    1    1    1    1  1.49051E+15 0.00218 
   54   54    1    1    1    1    1    1    1    1  1.76806E+15 0.00239 
   55   55    1    1    1    1    1    1    1    1  1.21964E+15 0.00213 
   56   56    1    1    1    1    1    1    1    1  1.67053E+14 0.00301 
   57   57    1    1    1    1    1    1    1    1  2.42027E+15 0.00231 
   58   58    1    1    1    1    1    1    1    1  1.03447E+15 0.00244 
   59   59    1    1    1    1    1    1    1    1  1.10563E+15 0.00230 
   60   60    1    1    1    1    1    1    1    1  8.35850E+14 0.00210 
   61   61    1    1    1    1    1    1    1    1  8.41179E+14 0.00219 
   62   62    1    1    1    1    1    1    1    1  8.70725E+14 0.00243 
   63   63    1    1    1    1    1    1    1    1  7.25674E+14 0.00245 
   64   64    1    1    1    1    1    1    1    1  5.75547E+14 0.00277 
   65   65    1    1    1    1    1    1    1    1  5.69015E+14 0.00267 
   66   66    1    1    1    1    1    1    1    1  4.07409E+14 0.00258 
   67   67    1    1    1    1    1    1    1    1  3.34513E+14 0.00287 
   68   68    1    1    1    1    1    1    1    1  3.01819E+14 0.00253 
   69   69    1    1    1    1    1    1    1    1  3.60987E+14 0.00308 
   70   70    1    1    1    1    1    1    1    1  3.06281E+14 0.00265 
   71   71    1    1    1    1    1    1    1    1  5.69890E+14 0.00343 
   72   72    1    1    1    1    1    1    1    1  4.04149E+14 0.00326 
   73   73    1    1    1    1    1    1    1    1  3.02162E+14 0.00303 
   74   74    1    1    1    1    1    1    1    1  2.37478E+14 0.00328 
   75   75    1    1    1    1    1    1    1    1  1.92617E+14 0.00323 
   76   76    1    1    1    1    1    1    1    1  2.19228E+14 0.00348 
   77   77    1    1    1    1    1    1    1    1  1.69156E+14 0.00308 
   78   78    1    1    1    1    1    1    1    1  1.32762E+14 0.00371 
   79   79    1    1    1    1    1    1    1    1  1.35361E+14 0.00400 
   80   80    1    1    1    1    1    1    1    1  9.93966E+13 0.00390 
   81   81    1    1    1    1    1    1    1    1  7.59389E+13 0.00354 
   82   82    1    1    1    1    1    1    1    1  5.83061E+13 0.00442 
   83   83    1    1    1    1    1    1    1    1  5.44423E+13 0.00576 
   84   84    1    1    1    1    1    1    1    1  3.88352E+13 0.00402 
   85   85    1    1    1    1    1    1    1    1  2.78266E+13 0.00823 
   86   86    1    1    1    1    1    1    1    1  2.64992E+13 0.00758 
   87   87    1    1    1    1    1    1    1    1  1.63497E+13 0.00665 
   88   88    1    1    1    1    1    1    1    1  1.11390E+13 0.01247 
   89   89    1    1    1    1    1    1    1    1  6.25148E+12 0.01280 
   90   90    1    1    1    1    1    1    1    1  4.22065E+12 0.01035 
   91   91    1    1    1    1    1    1    1    1  2.16507E+12 0.01514 
   92   92    1    1    1    1    1    1    1    1  1.04028E+12 0.02862 
   93   93    1    1    1    1    1    1    1    1  5.25279E+11 0.04514 
   94   94    1    1    1    1    1    1    1    1  2.36947E+11 0.05363 
   95   95    1    1    1    1    1    1    1    1  1.33727E+11 0.08681 
   96   96    1    1    1    1    1    1    1    1  5.56844E+10 0.09251 
   97   97    1    1    1    1    1    1    1    1  2.88265E+10 0.16909 
   98   98    1    1    1    1    1    1    1    1  1.09992E+10 0.30288 
   99   99    1    1    1    1    1    1    1    1  9.54569E+09 0.32173 
  100  100    1    1    1    1    1    1    1    1  4.82258E+09 0.35893 
];


