
DETdpaspec = [
    1    1    1    1    1    1    1    1    1    1  0.00000E+00 0.00000 
    2    2    1    1    1    1    1    1    1    1  0.00000E+00 0.00000 
    3    3    1    1    1    1    1    1    1    1  0.00000E+00 0.00000 
    4    4    1    1    1    1    1    1    1    1  0.00000E+00 0.00000 
    5    5    1    1    1    1    1    1    1    1  0.00000E+00 0.00000 
    6    6    1    1    1    1    1    1    1    1  0.00000E+00 0.00000 
    7    7    1    1    1    1    1    1    1    1  5.06394E+07 0.54720 
    8    8    1    1    1    1    1    1    1    1  4.00375E+07 1.00000 
    9    9    1    1    1    1    1    1    1    1  9.99849E+06 1.00000 
   10   10    1    1    1    1    1    1    1    1  0.00000E+00 0.00000 
   11   11    1    1    1    1    1    1    1    1  6.80029E+07 1.00000 
   12   12    1    1    1    1    1    1    1    1  1.16115E+08 0.44818 
   13   13    1    1    1    1    1    1    1    1  1.74946E+09 0.71705 
   14   14    1    1    1    1    1    1    1    1  2.92890E+09 0.36803 
   15   15    1    1    1    1    1    1    1    1  5.36549E+09 0.47900 
   16   16    1    1    1    1    1    1    1    1  7.51032E+08 0.35057 
   17   17    1    1    1    1    1    1    1    1  2.69855E+09 0.30693 
   18   18    1    1    1    1    1    1    1    1  9.80840E+09 0.19900 
   19   19    1    1    1    1    1    1    1    1  1.32801E+10 0.19143 
   20   20    1    1    1    1    1    1    1    1  3.95893E+10 0.14361 
   21   21    1    1    1    1    1    1    1    1  2.91494E+10 0.12384 
   22   22    1    1    1    1    1    1    1    1  7.60955E+10 0.08959 
   23   23    1    1    1    1    1    1    1    1  9.92084E+10 0.06218 
   24   24    1    1    1    1    1    1    1    1  1.53544E+11 0.05873 
   25   25    1    1    1    1    1    1    1    1  2.03231E+11 0.06260 
   26   26    1    1    1    1    1    1    1    1  3.23852E+11 0.04258 
   27   27    1    1    1    1    1    1    1    1  5.14925E+11 0.03603 
   28   28    1    1    1    1    1    1    1    1  9.50766E+11 0.02360 
   29   29    1    1    1    1    1    1    1    1  1.41281E+12 0.01846 
   30   30    1    1    1    1    1    1    1    1  4.32714E+12 0.01282 
   31   31    1    1    1    1    1    1    1    1  1.36211E+13 0.01021 
   32   32    1    1    1    1    1    1    1    1  2.58411E+13 0.00548 
   33   33    1    1    1    1    1    1    1    1  5.95183E+13 0.00433 
   34   34    1    1    1    1    1    1    1    1  8.09368E+13 0.00355 
   35   35    1    1    1    1    1    1    1    1  1.14517E+14 0.00266 
   36   36    1    1    1    1    1    1    1    1  7.96534E+13 0.00235 
   37   37    1    1    1    1    1    1    1    1  2.51368E+13 0.00281 
   38   38    1    1    1    1    1    1    1    1  1.38033E+14 0.00252 
   39   39    1    1    1    1    1    1    1    1  1.85558E+14 0.00240 
   40   40    1    1    1    1    1    1    1    1  3.14404E+14 0.00172 
   41   41    1    1    1    1    1    1    1    1  3.25873E+14 0.00210 
   42   42    1    1    1    1    1    1    1    1  6.83223E+14 0.00175 
   43   43    1    1    1    1    1    1    1    1  8.26595E+14 0.00144 
   44   44    1    1    1    1    1    1    1    1  1.19528E+15 0.00132 
   45   45    1    1    1    1    1    1    1    1  2.33442E+15 0.00129 
   46   46    1    1    1    1    1    1    1    1  1.10008E+15 0.00165 
   47   47    1    1    1    1    1    1    1    1  1.79122E+15 0.00147 
   48   48    1    1    1    1    1    1    1    1  2.49733E+15 0.00155 
   49   49    1    1    1    1    1    1    1    1  2.48486E+15 0.00158 
   50   50    1    1    1    1    1    1    1    1  3.81007E+15 0.00154 
   51   51    1    1    1    1    1    1    1    1  3.08254E+15 0.00145 
   52   52    1    1    1    1    1    1    1    1  3.59051E+15 0.00127 
   53   53    1    1    1    1    1    1    1    1  2.50281E+15 0.00153 
   54   54    1    1    1    1    1    1    1    1  2.99615E+15 0.00138 
   55   55    1    1    1    1    1    1    1    1  2.06866E+15 0.00135 
   56   56    1    1    1    1    1    1    1    1  2.82876E+14 0.00172 
   57   57    1    1    1    1    1    1    1    1  4.11968E+15 0.00151 
   58   58    1    1    1    1    1    1    1    1  1.78745E+15 0.00145 
   59   59    1    1    1    1    1    1    1    1  1.90841E+15 0.00162 
   60   60    1    1    1    1    1    1    1    1  1.45441E+15 0.00180 
   61   61    1    1    1    1    1    1    1    1  1.46341E+15 0.00166 
   62   62    1    1    1    1    1    1    1    1  1.51833E+15 0.00151 
   63   63    1    1    1    1    1    1    1    1  1.27006E+15 0.00162 
   64   64    1    1    1    1    1    1    1    1  1.00924E+15 0.00137 
   65   65    1    1    1    1    1    1    1    1  1.00091E+15 0.00174 
   66   66    1    1    1    1    1    1    1    1  7.18523E+14 0.00150 
   67   67    1    1    1    1    1    1    1    1  5.89207E+14 0.00177 
   68   68    1    1    1    1    1    1    1    1  5.31037E+14 0.00203 
   69   69    1    1    1    1    1    1    1    1  6.36392E+14 0.00234 
   70   70    1    1    1    1    1    1    1    1  5.41785E+14 0.00193 
   71   71    1    1    1    1    1    1    1    1  1.00023E+15 0.00191 
   72   72    1    1    1    1    1    1    1    1  7.10075E+14 0.00167 
   73   73    1    1    1    1    1    1    1    1  5.31128E+14 0.00208 
   74   74    1    1    1    1    1    1    1    1  4.20597E+14 0.00208 
   75   75    1    1    1    1    1    1    1    1  3.44048E+14 0.00265 
   76   76    1    1    1    1    1    1    1    1  3.92763E+14 0.00233 
   77   77    1    1    1    1    1    1    1    1  3.04844E+14 0.00227 
   78   78    1    1    1    1    1    1    1    1  2.40940E+14 0.00275 
   79   79    1    1    1    1    1    1    1    1  2.45604E+14 0.00223 
   80   80    1    1    1    1    1    1    1    1  1.80814E+14 0.00322 
   81   81    1    1    1    1    1    1    1    1  1.38730E+14 0.00396 
   82   82    1    1    1    1    1    1    1    1  1.06081E+14 0.00318 
   83   83    1    1    1    1    1    1    1    1  9.95738E+13 0.00305 
   84   84    1    1    1    1    1    1    1    1  7.16595E+13 0.00373 
   85   85    1    1    1    1    1    1    1    1  5.16236E+13 0.00380 
   86   86    1    1    1    1    1    1    1    1  4.77371E+13 0.00618 
   87   87    1    1    1    1    1    1    1    1  2.98364E+13 0.00466 
   88   88    1    1    1    1    1    1    1    1  2.04015E+13 0.00598 
   89   89    1    1    1    1    1    1    1    1  1.14806E+13 0.00636 
   90   90    1    1    1    1    1    1    1    1  7.68996E+12 0.01235 
   91   91    1    1    1    1    1    1    1    1  3.89563E+12 0.01750 
   92   92    1    1    1    1    1    1    1    1  1.92574E+12 0.01836 
   93   93    1    1    1    1    1    1    1    1  9.39970E+11 0.02929 
   94   94    1    1    1    1    1    1    1    1  4.53632E+11 0.03857 
   95   95    1    1    1    1    1    1    1    1  2.32749E+11 0.05354 
   96   96    1    1    1    1    1    1    1    1  9.92066E+10 0.09692 
   97   97    1    1    1    1    1    1    1    1  4.11941E+10 0.13170 
   98   98    1    1    1    1    1    1    1    1  1.67688E+10 0.14425 
   99   99    1    1    1    1    1    1    1    1  1.96120E+10 0.22332 
  100  100    1    1    1    1    1    1    1    1  1.08947E+10 0.28365 
];


