
DETdpaspec = [
    1    1    1    1    1    1    1    1    1    1  0.00000E+00 0.00000 
    2    2    1    1    1    1    1    1    1    1  0.00000E+00 0.00000 
    3    3    1    1    1    1    1    1    1    1  0.00000E+00 0.00000 
    4    4    1    1    1    1    1    1    1    1  0.00000E+00 0.00000 
    5    5    1    1    1    1    1    1    1    1  0.00000E+00 0.00000 
    6    6    1    1    1    1    1    1    1    1  0.00000E+00 0.00000 
    7    7    1    1    1    1    1    1    1    1  0.00000E+00 0.00000 
    8    8    1    1    1    1    1    1    1    1  0.00000E+00 0.00000 
    9    9    1    1    1    1    1    1    1    1  0.00000E+00 0.00000 
   10   10    1    1    1    1    1    1    1    1  0.00000E+00 0.00000 
   11   11    1    1    1    1    1    1    1    1  0.00000E+00 0.00000 
   12   12    1    1    1    1    1    1    1    1  0.00000E+00 0.00000 
   13   13    1    1    1    1    1    1    1    1  0.00000E+00 0.00000 
   14   14    1    1    1    1    1    1    1    1  0.00000E+00 0.00000 
   15   15    1    1    1    1    1    1    1    1  0.00000E+00 0.00000 
   16   16    1    1    1    1    1    1    1    1  0.00000E+00 0.00000 
   17   17    1    1    1    1    1    1    1    1  0.00000E+00 0.00000 
   18   18    1    1    1    1    1    1    1    1  0.00000E+00 0.00000 
   19   19    1    1    1    1    1    1    1    1  1.86060E+09 0.05623 
   20   20    1    1    1    1    1    1    1    1  2.81695E+08 0.05333 
   21   21    1    1    1    1    1    1    1    1  1.18832E+09 0.05856 
   22   22    1    1    1    1    1    1    1    1  8.29083E+08 0.03626 
   23   23    1    1    1    1    1    1    1    1  2.08557E+09 0.03095 
   24   24    1    1    1    1    1    1    1    1  2.91230E+09 0.02471 
   25   25    1    1    1    1    1    1    1    1  4.47417E+09 0.01942 
   26   26    1    1    1    1    1    1    1    1  5.52960E+09 0.02209 
   27   27    1    1    1    1    1    1    1    1  8.72578E+09 0.01712 
   28   28    1    1    1    1    1    1    1    1  1.53519E+10 0.01129 
   29   29    1    1    1    1    1    1    1    1  2.96653E+10 0.00792 
   30   30    1    1    1    1    1    1    1    1  4.48199E+10 0.00631 
   31   31    1    1    1    1    1    1    1    1  1.36626E+11 0.00421 
   32   32    1    1    1    1    1    1    1    1  4.39145E+11 0.00190 
   33   33    1    1    1    1    1    1    1    1  8.45328E+11 0.00155 
   34   34    1    1    1    1    1    1    1    1  1.99023E+12 0.00149 
   35   35    1    1    1    1    1    1    1    1  2.76038E+12 0.00109 
   36   36    1    1    1    1    1    1    1    1  3.83225E+12 0.00102 
   37   37    1    1    1    1    1    1    1    1  2.65772E+12 0.00098 
   38   38    1    1    1    1    1    1    1    1  8.30927E+11 0.00092 
   39   39    1    1    1    1    1    1    1    1  4.60370E+12 0.00060 
   40   40    1    1    1    1    1    1    1    1  6.22369E+12 0.00076 
   41   41    1    1    1    1    1    1    1    1  1.06061E+13 0.00072 
   42   42    1    1    1    1    1    1    1    1  1.09682E+13 0.00055 
   43   43    1    1    1    1    1    1    1    1  2.32385E+13 0.00039 
   44   44    1    1    1    1    1    1    1    1  2.82867E+13 0.00029 
   45   45    1    1    1    1    1    1    1    1  4.11450E+13 0.00035 
   46   46    1    1    1    1    1    1    1    1  8.13879E+13 0.00024 
   47   47    1    1    1    1    1    1    1    1  3.83223E+13 0.00020 
   48   48    1    1    1    1    1    1    1    1  6.24214E+13 0.00022 
   49   49    1    1    1    1    1    1    1    1  8.71462E+13 0.00024 
   50   50    1    1    1    1    1    1    1    1  8.68543E+13 0.00020 
   51   51    1    1    1    1    1    1    1    1  1.34139E+14 0.00015 
   52   52    1    1    1    1    1    1    1    1  1.08308E+14 0.00015 
   53   53    1    1    1    1    1    1    1    1  1.27101E+14 0.00019 
   54   54    1    1    1    1    1    1    1    1  8.87142E+13 0.00017 
   55   55    1    1    1    1    1    1    1    1  1.06994E+14 0.00017 
   56   56    1    1    1    1    1    1    1    1  7.38718E+13 0.00020 
   57   57    1    1    1    1    1    1    1    1  1.00905E+13 0.00030 
   58   58    1    1    1    1    1    1    1    1  1.47079E+14 0.00013 
   59   59    1    1    1    1    1    1    1    1  6.44022E+13 0.00025 
   60   60    1    1    1    1    1    1    1    1  6.87395E+13 0.00023 
   61   61    1    1    1    1    1    1    1    1  5.28052E+13 0.00030 
   62   62    1    1    1    1    1    1    1    1  5.31597E+13 0.00025 
   63   63    1    1    1    1    1    1    1    1  5.52895E+13 0.00024 
   64   64    1    1    1    1    1    1    1    1  4.63943E+13 0.00030 
   65   65    1    1    1    1    1    1    1    1  3.69458E+13 0.00020 
   66   66    1    1    1    1    1    1    1    1  3.66362E+13 0.00019 
   67   67    1    1    1    1    1    1    1    1  2.63746E+13 0.00033 
   68   68    1    1    1    1    1    1    1    1  2.15772E+13 0.00033 
   69   69    1    1    1    1    1    1    1    1  1.94156E+13 0.00039 
   70   70    1    1    1    1    1    1    1    1  2.33270E+13 0.00035 
   71   71    1    1    1    1    1    1    1    1  1.98893E+13 0.00036 
   72   72    1    1    1    1    1    1    1    1  3.65935E+13 0.00043 
   73   73    1    1    1    1    1    1    1    1  2.59382E+13 0.00045 
   74   74    1    1    1    1    1    1    1    1  1.94721E+13 0.00042 
   75   75    1    1    1    1    1    1    1    1  1.55033E+13 0.00050 
   76   76    1    1    1    1    1    1    1    1  1.27429E+13 0.00041 
   77   77    1    1    1    1    1    1    1    1  1.46172E+13 0.00051 
   78   78    1    1    1    1    1    1    1    1  1.14269E+13 0.00043 
   79   79    1    1    1    1    1    1    1    1  9.04581E+12 0.00068 
   80   80    1    1    1    1    1    1    1    1  9.27879E+12 0.00054 
   81   81    1    1    1    1    1    1    1    1  6.84546E+12 0.00052 
   82   82    1    1    1    1    1    1    1    1  5.25959E+12 0.00046 
   83   83    1    1    1    1    1    1    1    1  4.03692E+12 0.00072 
   84   84    1    1    1    1    1    1    1    1  3.76897E+12 0.00099 
   85   85    1    1    1    1    1    1    1    1  2.71219E+12 0.00146 
   86   86    1    1    1    1    1    1    1    1  1.95628E+12 0.00084 
   87   87    1    1    1    1    1    1    1    1  1.82745E+12 0.00116 
   88   88    1    1    1    1    1    1    1    1  1.12938E+12 0.00184 
   89   89    1    1    1    1    1    1    1    1  7.64724E+11 0.00150 
   90   90    1    1    1    1    1    1    1    1  4.43193E+11 0.00362 
   91   91    1    1    1    1    1    1    1    1  5.69758E+11 0.00257 
   92   92    1    1    1    1    1    1    1    1  0.00000E+00 0.00000 
   93   93    1    1    1    1    1    1    1    1  0.00000E+00 0.00000 
   94   94    1    1    1    1    1    1    1    1  0.00000E+00 0.00000 
   95   95    1    1    1    1    1    1    1    1  0.00000E+00 0.00000 
   96   96    1    1    1    1    1    1    1    1  0.00000E+00 0.00000 
   97   97    1    1    1    1    1    1    1    1  0.00000E+00 0.00000 
   98   98    1    1    1    1    1    1    1    1  0.00000E+00 0.00000 
   99   99    1    1    1    1    1    1    1    1  0.00000E+00 0.00000 
  100  100    1    1    1    1    1    1    1    1  0.00000E+00 0.00000 
];


