
DETdpaspec = [
    1    1    1    1    1    1    1    1    1    1  0.00000E+00 0.00000 
    2    2    1    1    1    1    1    1    1    1  0.00000E+00 0.00000 
    3    3    1    1    1    1    1    1    1    1  0.00000E+00 0.00000 
    4    4    1    1    1    1    1    1    1    1  0.00000E+00 0.00000 
    5    5    1    1    1    1    1    1    1    1  0.00000E+00 0.00000 
    6    6    1    1    1    1    1    1    1    1  0.00000E+00 0.00000 
    7    7    1    1    1    1    1    1    1    1  0.00000E+00 0.00000 
    8    8    1    1    1    1    1    1    1    1  0.00000E+00 0.00000 
    9    9    1    1    1    1    1    1    1    1  0.00000E+00 0.00000 
   10   10    1    1    1    1    1    1    1    1  0.00000E+00 0.00000 
   11   11    1    1    1    1    1    1    1    1  0.00000E+00 0.00000 
   12   12    1    1    1    1    1    1    1    1  0.00000E+00 0.00000 
   13   13    1    1    1    1    1    1    1    1  0.00000E+00 0.00000 
   14   14    1    1    1    1    1    1    1    1  0.00000E+00 0.00000 
   15   15    1    1    1    1    1    1    1    1  0.00000E+00 0.00000 
   16   16    1    1    1    1    1    1    1    1  0.00000E+00 0.00000 
   17   17    1    1    1    1    1    1    1    1  0.00000E+00 0.00000 
   18   18    1    1    1    1    1    1    1    1  0.00000E+00 0.00000 
   19   19    1    1    1    1    1    1    1    1  8.05568E+08 0.11086 
   20   20    1    1    1    1    1    1    1    1  1.41105E+08 0.15084 
   21   21    1    1    1    1    1    1    1    1  4.27421E+08 0.06652 
   22   22    1    1    1    1    1    1    1    1  3.78221E+08 0.07091 
   23   23    1    1    1    1    1    1    1    1  8.29037E+08 0.07640 
   24   24    1    1    1    1    1    1    1    1  2.09515E+09 0.03285 
   25   25    1    1    1    1    1    1    1    1  5.95331E+09 0.02270 
   26   26    1    1    1    1    1    1    1    1  1.03872E+10 0.01985 
   27   27    1    1    1    1    1    1    1    1  2.38039E+10 0.01075 
   28   28    1    1    1    1    1    1    1    1  5.67628E+10 0.00842 
   29   29    1    1    1    1    1    1    1    1  1.34320E+11 0.00347 
   30   30    1    1    1    1    1    1    1    1  2.36148E+11 0.00257 
   31   31    1    1    1    1    1    1    1    1  5.19942E+11 0.00250 
   32   32    1    1    1    1    1    1    1    1  1.26398E+12 0.00188 
   33   33    1    1    1    1    1    1    1    1  2.01709E+12 0.00133 
   34   34    1    1    1    1    1    1    1    1  4.30899E+12 0.00120 
   35   35    1    1    1    1    1    1    1    1  5.58376E+12 0.00096 
   36   36    1    1    1    1    1    1    1    1  5.95157E+12 0.00079 
   37   37    1    1    1    1    1    1    1    1  3.61288E+12 0.00077 
   38   38    1    1    1    1    1    1    1    1  1.06142E+12 0.00058 
   39   39    1    1    1    1    1    1    1    1  6.11411E+12 0.00057 
   40   40    1    1    1    1    1    1    1    1  8.15286E+12 0.00061 
   41   41    1    1    1    1    1    1    1    1  1.38555E+13 0.00045 
   42   42    1    1    1    1    1    1    1    1  1.34281E+13 0.00028 
   43   43    1    1    1    1    1    1    1    1  2.89998E+13 0.00032 
   44   44    1    1    1    1    1    1    1    1  3.47012E+13 0.00031 
   45   45    1    1    1    1    1    1    1    1  4.94339E+13 0.00027 
   46   46    1    1    1    1    1    1    1    1  9.65913E+13 0.00017 
   47   47    1    1    1    1    1    1    1    1  4.27347E+13 0.00012 
   48   48    1    1    1    1    1    1    1    1  6.77679E+13 0.00020 
   49   49    1    1    1    1    1    1    1    1  9.23642E+13 0.00019 
   50   50    1    1    1    1    1    1    1    1  8.96050E+13 0.00016 
   51   51    1    1    1    1    1    1    1    1  1.38019E+14 0.00015 
   52   52    1    1    1    1    1    1    1    1  1.05590E+14 0.00022 
   53   53    1    1    1    1    1    1    1    1  1.25990E+14 0.00016 
   54   54    1    1    1    1    1    1    1    1  8.53346E+13 0.00019 
   55   55    1    1    1    1    1    1    1    1  1.04947E+14 0.00017 
   56   56    1    1    1    1    1    1    1    1  7.09730E+13 0.00021 
   57   57    1    1    1    1    1    1    1    1  9.53528E+12 0.00034 
   58   58    1    1    1    1    1    1    1    1  1.39012E+14 0.00012 
   59   59    1    1    1    1    1    1    1    1  6.26584E+13 0.00017 
   60   60    1    1    1    1    1    1    1    1  6.52617E+13 0.00022 
   61   61    1    1    1    1    1    1    1    1  5.10385E+13 0.00017 
   62   62    1    1    1    1    1    1    1    1  5.07172E+13 0.00017 
   63   63    1    1    1    1    1    1    1    1  5.26486E+13 0.00027 
   64   64    1    1    1    1    1    1    1    1  4.39783E+13 0.00026 
   65   65    1    1    1    1    1    1    1    1  3.45916E+13 0.00021 
   66   66    1    1    1    1    1    1    1    1  3.39910E+13 0.00032 
   67   67    1    1    1    1    1    1    1    1  2.41655E+13 0.00030 
   68   68    1    1    1    1    1    1    1    1  1.94557E+13 0.00022 
   69   69    1    1    1    1    1    1    1    1  1.73589E+13 0.00044 
   70   70    1    1    1    1    1    1    1    1  2.07051E+13 0.00044 
   71   71    1    1    1    1    1    1    1    1  1.74158E+13 0.00044 
   72   72    1    1    1    1    1    1    1    1  3.07293E+13 0.00034 
   73   73    1    1    1    1    1    1    1    1  2.13450E+13 0.00044 
   74   74    1    1    1    1    1    1    1    1  1.59855E+13 0.00050 
   75   75    1    1    1    1    1    1    1    1  1.29282E+13 0.00053 
   76   76    1    1    1    1    1    1    1    1  1.08312E+13 0.00046 
   77   77    1    1    1    1    1    1    1    1  1.26570E+13 0.00055 
   78   78    1    1    1    1    1    1    1    1  1.01073E+13 0.00053 
   79   79    1    1    1    1    1    1    1    1  8.13258E+12 0.00064 
   80   80    1    1    1    1    1    1    1    1  8.43456E+12 0.00055 
   81   81    1    1    1    1    1    1    1    1  6.27103E+12 0.00079 
   82   82    1    1    1    1    1    1    1    1  4.84308E+12 0.00084 
   83   83    1    1    1    1    1    1    1    1  3.71492E+12 0.00081 
   84   84    1    1    1    1    1    1    1    1  3.47781E+12 0.00106 
   85   85    1    1    1    1    1    1    1    1  2.50165E+12 0.00112 
   86   86    1    1    1    1    1    1    1    1  1.80332E+12 0.00109 
   87   87    1    1    1    1    1    1    1    1  1.68724E+12 0.00168 
   88   88    1    1    1    1    1    1    1    1  1.03232E+12 0.00200 
   89   89    1    1    1    1    1    1    1    1  6.92192E+11 0.00189 
   90   90    1    1    1    1    1    1    1    1  3.97687E+11 0.00230 
   91   91    1    1    1    1    1    1    1    1  5.01508E+11 0.00187 
   92   92    1    1    1    1    1    1    1    1  0.00000E+00 0.00000 
   93   93    1    1    1    1    1    1    1    1  0.00000E+00 0.00000 
   94   94    1    1    1    1    1    1    1    1  0.00000E+00 0.00000 
   95   95    1    1    1    1    1    1    1    1  0.00000E+00 0.00000 
   96   96    1    1    1    1    1    1    1    1  0.00000E+00 0.00000 
   97   97    1    1    1    1    1    1    1    1  0.00000E+00 0.00000 
   98   98    1    1    1    1    1    1    1    1  0.00000E+00 0.00000 
   99   99    1    1    1    1    1    1    1    1  0.00000E+00 0.00000 
  100  100    1    1    1    1    1    1    1    1  0.00000E+00 0.00000 
];


