
DETdpaspec = [
    1    1    1    1    1    1    1    1    1    1  0.00000E+00 0.00000 
    2    2    1    1    1    1    1    1    1    1  0.00000E+00 0.00000 
    3    3    1    1    1    1    1    1    1    1  0.00000E+00 0.00000 
    4    4    1    1    1    1    1    1    1    1  0.00000E+00 0.00000 
    5    5    1    1    1    1    1    1    1    1  0.00000E+00 0.00000 
    6    6    1    1    1    1    1    1    1    1  0.00000E+00 0.00000 
    7    7    1    1    1    1    1    1    1    1  0.00000E+00 0.00000 
    8    8    1    1    1    1    1    1    1    1  0.00000E+00 0.00000 
    9    9    1    1    1    1    1    1    1    1  0.00000E+00 0.00000 
   10   10    1    1    1    1    1    1    1    1  0.00000E+00 0.00000 
   11   11    1    1    1    1    1    1    1    1  0.00000E+00 0.00000 
   12   12    1    1    1    1    1    1    1    1  0.00000E+00 0.00000 
   13   13    1    1    1    1    1    1    1    1  0.00000E+00 0.00000 
   14   14    1    1    1    1    1    1    1    1  0.00000E+00 0.00000 
   15   15    1    1    1    1    1    1    1    1  0.00000E+00 0.00000 
   16   16    1    1    1    1    1    1    1    1  0.00000E+00 0.00000 
   17   17    1    1    1    1    1    1    1    1  0.00000E+00 0.00000 
   18   18    1    1    1    1    1    1    1    1  0.00000E+00 0.00000 
   19   19    1    1    1    1    1    1    1    1  1.04773E+09 0.12409 
   20   20    1    1    1    1    1    1    1    1  1.29195E+08 0.16388 
   21   21    1    1    1    1    1    1    1    1  4.77548E+08 0.10987 
   22   22    1    1    1    1    1    1    1    1  3.97933E+08 0.06070 
   23   23    1    1    1    1    1    1    1    1  9.02613E+08 0.06483 
   24   24    1    1    1    1    1    1    1    1  1.61344E+09 0.04395 
   25   25    1    1    1    1    1    1    1    1  3.37366E+09 0.02344 
   26   26    1    1    1    1    1    1    1    1  5.21730E+09 0.02129 
   27   27    1    1    1    1    1    1    1    1  1.12619E+10 0.01975 
   28   28    1    1    1    1    1    1    1    1  2.75037E+10 0.01415 
   29   29    1    1    1    1    1    1    1    1  6.99615E+10 0.00750 
   30   30    1    1    1    1    1    1    1    1  1.30184E+11 0.00535 
   31   31    1    1    1    1    1    1    1    1  3.13460E+11 0.00411 
   32   32    1    1    1    1    1    1    1    1  8.54564E+11 0.00324 
   33   33    1    1    1    1    1    1    1    1  1.45180E+12 0.00193 
   34   34    1    1    1    1    1    1    1    1  3.29235E+12 0.00119 
   35   35    1    1    1    1    1    1    1    1  4.45758E+12 0.00091 
   36   36    1    1    1    1    1    1    1    1  5.02033E+12 0.00071 
   37   37    1    1    1    1    1    1    1    1  3.14347E+12 0.00055 
   38   38    1    1    1    1    1    1    1    1  9.33469E+11 0.00059 
   39   39    1    1    1    1    1    1    1    1  5.36789E+12 0.00048 
   40   40    1    1    1    1    1    1    1    1  7.21946E+12 0.00047 
   41   41    1    1    1    1    1    1    1    1  1.23725E+13 0.00044 
   42   42    1    1    1    1    1    1    1    1  1.21434E+13 0.00037 
   43   43    1    1    1    1    1    1    1    1  2.63598E+13 0.00036 
   44   44    1    1    1    1    1    1    1    1  3.18551E+13 0.00035 
   45   45    1    1    1    1    1    1    1    1  4.58538E+13 0.00022 
   46   46    1    1    1    1    1    1    1    1  9.09019E+13 0.00024 
   47   47    1    1    1    1    1    1    1    1  4.08728E+13 0.00016 
   48   48    1    1    1    1    1    1    1    1  6.52690E+13 0.00018 
   49   49    1    1    1    1    1    1    1    1  8.98120E+13 0.00018 
   50   50    1    1    1    1    1    1    1    1  8.78191E+13 0.00023 
   51   51    1    1    1    1    1    1    1    1  1.36252E+14 0.00015 
   52   52    1    1    1    1    1    1    1    1  1.05491E+14 0.00018 
   53   53    1    1    1    1    1    1    1    1  1.26291E+14 0.00012 
   54   54    1    1    1    1    1    1    1    1  8.61937E+13 0.00013 
   55   55    1    1    1    1    1    1    1    1  1.06171E+14 0.00014 
   56   56    1    1    1    1    1    1    1    1  7.21575E+13 0.00018 
   57   57    1    1    1    1    1    1    1    1  9.71408E+12 0.00035 
   58   58    1    1    1    1    1    1    1    1  1.42092E+14 0.00016 
   59   59    1    1    1    1    1    1    1    1  6.40771E+13 0.00018 
   60   60    1    1    1    1    1    1    1    1  6.70421E+13 0.00013 
   61   61    1    1    1    1    1    1    1    1  5.24654E+13 0.00016 
   62   62    1    1    1    1    1    1    1    1  5.22649E+13 0.00021 
   63   63    1    1    1    1    1    1    1    1  5.43924E+13 0.00020 
   64   64    1    1    1    1    1    1    1    1  4.55572E+13 0.00024 
   65   65    1    1    1    1    1    1    1    1  3.59219E+13 0.00027 
   66   66    1    1    1    1    1    1    1    1  3.54248E+13 0.00028 
   67   67    1    1    1    1    1    1    1    1  2.52663E+13 0.00030 
   68   68    1    1    1    1    1    1    1    1  2.04138E+13 0.00028 
   69   69    1    1    1    1    1    1    1    1  1.82322E+13 0.00035 
   70   70    1    1    1    1    1    1    1    1  2.17959E+13 0.00033 
   71   71    1    1    1    1    1    1    1    1  1.84000E+13 0.00038 
   72   72    1    1    1    1    1    1    1    1  3.26942E+13 0.00031 
   73   73    1    1    1    1    1    1    1    1  2.28085E+13 0.00044 
   74   74    1    1    1    1    1    1    1    1  1.70987E+13 0.00036 
   75   75    1    1    1    1    1    1    1    1  1.38462E+13 0.00046 
   76   76    1    1    1    1    1    1    1    1  1.15799E+13 0.00052 
   77   77    1    1    1    1    1    1    1    1  1.35160E+13 0.00051 
   78   78    1    1    1    1    1    1    1    1  1.07818E+13 0.00054 
   79   79    1    1    1    1    1    1    1    1  8.68722E+12 0.00061 
   80   80    1    1    1    1    1    1    1    1  9.00289E+12 0.00067 
   81   81    1    1    1    1    1    1    1    1  6.68726E+12 0.00076 
   82   82    1    1    1    1    1    1    1    1  5.16704E+12 0.00065 
   83   83    1    1    1    1    1    1    1    1  3.97393E+12 0.00094 
   84   84    1    1    1    1    1    1    1    1  3.71604E+12 0.00112 
   85   85    1    1    1    1    1    1    1    1  2.67689E+12 0.00109 
   86   86    1    1    1    1    1    1    1    1  1.93743E+12 0.00155 
   87   87    1    1    1    1    1    1    1    1  1.81210E+12 0.00142 
   88   88    1    1    1    1    1    1    1    1  1.11046E+12 0.00190 
   89   89    1    1    1    1    1    1    1    1  7.46207E+11 0.00192 
   90   90    1    1    1    1    1    1    1    1  4.32080E+11 0.00275 
   91   91    1    1    1    1    1    1    1    1  5.42374E+11 0.00192 
   92   92    1    1    1    1    1    1    1    1  0.00000E+00 0.00000 
   93   93    1    1    1    1    1    1    1    1  0.00000E+00 0.00000 
   94   94    1    1    1    1    1    1    1    1  0.00000E+00 0.00000 
   95   95    1    1    1    1    1    1    1    1  0.00000E+00 0.00000 
   96   96    1    1    1    1    1    1    1    1  0.00000E+00 0.00000 
   97   97    1    1    1    1    1    1    1    1  0.00000E+00 0.00000 
   98   98    1    1    1    1    1    1    1    1  0.00000E+00 0.00000 
   99   99    1    1    1    1    1    1    1    1  0.00000E+00 0.00000 
  100  100    1    1    1    1    1    1    1    1  0.00000E+00 0.00000 
];


