
DETdpaspec = [
    1    1    1    1    1    1    1    1    1    1  0.00000E+00 0.00000 
    2    2    1    1    1    1    1    1    1    1  0.00000E+00 0.00000 
    3    3    1    1    1    1    1    1    1    1  0.00000E+00 0.00000 
    4    4    1    1    1    1    1    1    1    1  0.00000E+00 0.00000 
    5    5    1    1    1    1    1    1    1    1  0.00000E+00 0.00000 
    6    6    1    1    1    1    1    1    1    1  0.00000E+00 0.00000 
    7    7    1    1    1    1    1    1    1    1  0.00000E+00 0.00000 
    8    8    1    1    1    1    1    1    1    1  0.00000E+00 0.00000 
    9    9    1    1    1    1    1    1    1    1  0.00000E+00 0.00000 
   10   10    1    1    1    1    1    1    1    1  0.00000E+00 0.00000 
   11   11    1    1    1    1    1    1    1    1  0.00000E+00 0.00000 
   12   12    1    1    1    1    1    1    1    1  0.00000E+00 0.00000 
   13   13    1    1    1    1    1    1    1    1  0.00000E+00 0.00000 
   14   14    1    1    1    1    1    1    1    1  0.00000E+00 0.00000 
   15   15    1    1    1    1    1    1    1    1  0.00000E+00 0.00000 
   16   16    1    1    1    1    1    1    1    1  0.00000E+00 0.00000 
   17   17    1    1    1    1    1    1    1    1  0.00000E+00 0.00000 
   18   18    1    1    1    1    1    1    1    1  0.00000E+00 0.00000 
   19   19    1    1    1    1    1    1    1    1  1.22859E+09 0.08913 
   20   20    1    1    1    1    1    1    1    1  1.60795E+08 0.14691 
   21   21    1    1    1    1    1    1    1    1  5.48491E+08 0.08470 
   22   22    1    1    1    1    1    1    1    1  4.76383E+08 0.05392 
   23   23    1    1    1    1    1    1    1    1  9.67563E+08 0.05818 
   24   24    1    1    1    1    1    1    1    1  1.63440E+09 0.02975 
   25   25    1    1    1    1    1    1    1    1  3.10272E+09 0.03039 
   26   26    1    1    1    1    1    1    1    1  4.24845E+09 0.03202 
   27   27    1    1    1    1    1    1    1    1  7.96579E+09 0.02037 
   28   28    1    1    1    1    1    1    1    1  1.81034E+10 0.01156 
   29   29    1    1    1    1    1    1    1    1  4.56900E+10 0.00923 
   30   30    1    1    1    1    1    1    1    1  8.49715E+10 0.00676 
   31   31    1    1    1    1    1    1    1    1  2.19810E+11 0.00317 
   32   32    1    1    1    1    1    1    1    1  6.48365E+11 0.00239 
   33   33    1    1    1    1    1    1    1    1  1.15568E+12 0.00213 
   34   34    1    1    1    1    1    1    1    1  2.72361E+12 0.00105 
   35   35    1    1    1    1    1    1    1    1  3.78195E+12 0.00093 
   36   36    1    1    1    1    1    1    1    1  4.46422E+12 0.00070 
   37   37    1    1    1    1    1    1    1    1  2.86566E+12 0.00063 
   38   38    1    1    1    1    1    1    1    1  8.58484E+11 0.00067 
   39   39    1    1    1    1    1    1    1    1  4.92511E+12 0.00062 
   40   40    1    1    1    1    1    1    1    1  6.65337E+12 0.00066 
   41   41    1    1    1    1    1    1    1    1  1.14595E+13 0.00061 
   42   42    1    1    1    1    1    1    1    1  1.13787E+13 0.00063 
   43   43    1    1    1    1    1    1    1    1  2.47381E+13 0.00036 
   44   44    1    1    1    1    1    1    1    1  3.00791E+13 0.00029 
   45   45    1    1    1    1    1    1    1    1  4.36049E+13 0.00022 
   46   46    1    1    1    1    1    1    1    1  8.71097E+13 0.00025 
   47   47    1    1    1    1    1    1    1    1  3.96490E+13 0.00024 
   48   48    1    1    1    1    1    1    1    1  6.36408E+13 0.00024 
   49   49    1    1    1    1    1    1    1    1  8.81410E+13 0.00020 
   50   50    1    1    1    1    1    1    1    1  8.66750E+13 0.00010 
   51   51    1    1    1    1    1    1    1    1  1.35007E+14 0.00018 
   52   52    1    1    1    1    1    1    1    1  1.05485E+14 0.00018 
   53   53    1    1    1    1    1    1    1    1  1.26357E+14 0.00016 
   54   54    1    1    1    1    1    1    1    1  8.67694E+13 0.00017 
   55   55    1    1    1    1    1    1    1    1  1.06874E+14 0.00015 
   56   56    1    1    1    1    1    1    1    1  7.28572E+13 0.00020 
   57   57    1    1    1    1    1    1    1    1  9.84659E+12 0.00029 
   58   58    1    1    1    1    1    1    1    1  1.44003E+14 0.00015 
   59   59    1    1    1    1    1    1    1    1  6.48642E+13 0.00027 
   60   60    1    1    1    1    1    1    1    1  6.81536E+13 0.00019 
   61   61    1    1    1    1    1    1    1    1  5.32655E+13 0.00020 
   62   62    1    1    1    1    1    1    1    1  5.32007E+13 0.00028 
   63   63    1    1    1    1    1    1    1    1  5.54121E+13 0.00025 
   64   64    1    1    1    1    1    1    1    1  4.65027E+13 0.00026 
   65   65    1    1    1    1    1    1    1    1  3.67809E+13 0.00032 
   66   66    1    1    1    1    1    1    1    1  3.63463E+13 0.00031 
   67   67    1    1    1    1    1    1    1    1  2.59818E+13 0.00037 
   68   68    1    1    1    1    1    1    1    1  2.10255E+13 0.00033 
   69   69    1    1    1    1    1    1    1    1  1.88147E+13 0.00038 
   70   70    1    1    1    1    1    1    1    1  2.25262E+13 0.00030 
   71   71    1    1    1    1    1    1    1    1  1.90634E+13 0.00039 
   72   72    1    1    1    1    1    1    1    1  3.40489E+13 0.00041 
   73   73    1    1    1    1    1    1    1    1  2.38535E+13 0.00034 
   74   74    1    1    1    1    1    1    1    1  1.79106E+13 0.00041 
   75   75    1    1    1    1    1    1    1    1  1.44705E+13 0.00049 
   76   76    1    1    1    1    1    1    1    1  1.20869E+13 0.00060 
   77   77    1    1    1    1    1    1    1    1  1.40915E+13 0.00051 
   78   78    1    1    1    1    1    1    1    1  1.12342E+13 0.00045 
   79   79    1    1    1    1    1    1    1    1  9.01605E+12 0.00058 
   80   80    1    1    1    1    1    1    1    1  9.33962E+12 0.00054 
   81   81    1    1    1    1    1    1    1    1  6.93615E+12 0.00083 
   82   82    1    1    1    1    1    1    1    1  5.35521E+12 0.00074 
   83   83    1    1    1    1    1    1    1    1  4.11300E+12 0.00075 
   84   84    1    1    1    1    1    1    1    1  3.85878E+12 0.00113 
   85   85    1    1    1    1    1    1    1    1  2.77473E+12 0.00120 
   86   86    1    1    1    1    1    1    1    1  2.00499E+12 0.00133 
   87   87    1    1    1    1    1    1    1    1  1.88042E+12 0.00182 
   88   88    1    1    1    1    1    1    1    1  1.15381E+12 0.00200 
   89   89    1    1    1    1    1    1    1    1  7.74645E+11 0.00188 
   90   90    1    1    1    1    1    1    1    1  4.49973E+11 0.00294 
   91   91    1    1    1    1    1    1    1    1  5.68986E+11 0.00142 
   92   92    1    1    1    1    1    1    1    1  0.00000E+00 0.00000 
   93   93    1    1    1    1    1    1    1    1  0.00000E+00 0.00000 
   94   94    1    1    1    1    1    1    1    1  0.00000E+00 0.00000 
   95   95    1    1    1    1    1    1    1    1  0.00000E+00 0.00000 
   96   96    1    1    1    1    1    1    1    1  0.00000E+00 0.00000 
   97   97    1    1    1    1    1    1    1    1  0.00000E+00 0.00000 
   98   98    1    1    1    1    1    1    1    1  0.00000E+00 0.00000 
   99   99    1    1    1    1    1    1    1    1  0.00000E+00 0.00000 
  100  100    1    1    1    1    1    1    1    1  0.00000E+00 0.00000 
];


