
DETdpaspec = [
    1    1    1    1    1    1    1    1    1    1  0.00000E+00 0.00000 
    2    2    1    1    1    1    1    1    1    1  0.00000E+00 0.00000 
    3    3    1    1    1    1    1    1    1    1  0.00000E+00 0.00000 
    4    4    1    1    1    1    1    1    1    1  0.00000E+00 0.00000 
    5    5    1    1    1    1    1    1    1    1  0.00000E+00 0.00000 
    6    6    1    1    1    1    1    1    1    1  0.00000E+00 0.00000 
    7    7    1    1    1    1    1    1    1    1  0.00000E+00 0.00000 
    8    8    1    1    1    1    1    1    1    1  0.00000E+00 0.00000 
    9    9    1    1    1    1    1    1    1    1  0.00000E+00 0.00000 
   10   10    1    1    1    1    1    1    1    1  0.00000E+00 0.00000 
   11   11    1    1    1    1    1    1    1    1  0.00000E+00 0.00000 
   12   12    1    1    1    1    1    1    1    1  0.00000E+00 0.00000 
   13   13    1    1    1    1    1    1    1    1  0.00000E+00 0.00000 
   14   14    1    1    1    1    1    1    1    1  0.00000E+00 0.00000 
   15   15    1    1    1    1    1    1    1    1  0.00000E+00 0.00000 
   16   16    1    1    1    1    1    1    1    1  0.00000E+00 0.00000 
   17   17    1    1    1    1    1    1    1    1  0.00000E+00 0.00000 
   18   18    1    1    1    1    1    1    1    1  0.00000E+00 0.00000 
   19   19    1    1    1    1    1    1    1    1  1.89189E+09 0.04942 
   20   20    1    1    1    1    1    1    1    1  3.50023E+08 0.04478 
   21   21    1    1    1    1    1    1    1    1  1.15926E+09 0.03997 
   22   22    1    1    1    1    1    1    1    1  8.12233E+08 0.03117 
   23   23    1    1    1    1    1    1    1    1  2.21980E+09 0.02784 
   24   24    1    1    1    1    1    1    1    1  3.01970E+09 0.02689 
   25   25    1    1    1    1    1    1    1    1  4.60839E+09 0.02461 
   26   26    1    1    1    1    1    1    1    1  5.56544E+09 0.01841 
   27   27    1    1    1    1    1    1    1    1  8.98079E+09 0.01562 
   28   28    1    1    1    1    1    1    1    1  1.61103E+10 0.01191 
   29   29    1    1    1    1    1    1    1    1  3.07858E+10 0.01023 
   30   30    1    1    1    1    1    1    1    1  4.56798E+10 0.00653 
   31   31    1    1    1    1    1    1    1    1  1.40369E+11 0.00439 
   32   32    1    1    1    1    1    1    1    1  4.46459E+11 0.00277 
   33   33    1    1    1    1    1    1    1    1  8.55434E+11 0.00198 
   34   34    1    1    1    1    1    1    1    1  1.99988E+12 0.00116 
   35   35    1    1    1    1    1    1    1    1  2.75933E+12 0.00105 
   36   36    1    1    1    1    1    1    1    1  3.86703E+12 0.00092 
   37   37    1    1    1    1    1    1    1    1  2.69033E+12 0.00091 
   38   38    1    1    1    1    1    1    1    1  8.43926E+11 0.00078 
   39   39    1    1    1    1    1    1    1    1  4.65877E+12 0.00067 
   40   40    1    1    1    1    1    1    1    1  6.29041E+12 0.00056 
   41   41    1    1    1    1    1    1    1    1  1.07030E+13 0.00037 
   42   42    1    1    1    1    1    1    1    1  1.10951E+13 0.00030 
   43   43    1    1    1    1    1    1    1    1  2.34010E+13 0.00030 
   44   44    1    1    1    1    1    1    1    1  2.84739E+13 0.00030 
   45   45    1    1    1    1    1    1    1    1  4.13378E+13 0.00035 
   46   46    1    1    1    1    1    1    1    1  8.15667E+13 0.00028 
   47   47    1    1    1    1    1    1    1    1  3.84380E+13 0.00020 
   48   48    1    1    1    1    1    1    1    1  6.26466E+13 0.00021 
   49   49    1    1    1    1    1    1    1    1  8.73916E+13 0.00016 
   50   50    1    1    1    1    1    1    1    1  8.71503E+13 0.00015 
   51   51    1    1    1    1    1    1    1    1  1.34301E+14 0.00016 
   52   52    1    1    1    1    1    1    1    1  1.08639E+14 0.00013 
   53   53    1    1    1    1    1    1    1    1  1.27199E+14 0.00009 
   54   54    1    1    1    1    1    1    1    1  8.88204E+13 0.00016 
   55   55    1    1    1    1    1    1    1    1  1.06868E+14 0.00018 
   56   56    1    1    1    1    1    1    1    1  7.38484E+13 0.00017 
   57   57    1    1    1    1    1    1    1    1  1.00974E+13 0.00025 
   58   58    1    1    1    1    1    1    1    1  1.47049E+14 0.00013 
   59   59    1    1    1    1    1    1    1    1  6.41982E+13 0.00019 
   60   60    1    1    1    1    1    1    1    1  6.85896E+13 0.00021 
   61   61    1    1    1    1    1    1    1    1  5.25842E+13 0.00021 
   62   62    1    1    1    1    1    1    1    1  5.29807E+13 0.00024 
   63   63    1    1    1    1    1    1    1    1  5.50632E+13 0.00025 
   64   64    1    1    1    1    1    1    1    1  4.61758E+13 0.00030 
   65   65    1    1    1    1    1    1    1    1  3.67770E+13 0.00031 
   66   66    1    1    1    1    1    1    1    1  3.64777E+13 0.00028 
   67   67    1    1    1    1    1    1    1    1  2.62549E+13 0.00034 
   68   68    1    1    1    1    1    1    1    1  2.14969E+13 0.00046 
   69   69    1    1    1    1    1    1    1    1  1.93494E+13 0.00034 
   70   70    1    1    1    1    1    1    1    1  2.32554E+13 0.00031 
   71   71    1    1    1    1    1    1    1    1  1.98557E+13 0.00044 
   72   72    1    1    1    1    1    1    1    1  3.65669E+13 0.00035 
   73   73    1    1    1    1    1    1    1    1  2.59578E+13 0.00041 
   74   74    1    1    1    1    1    1    1    1  1.94955E+13 0.00032 
   75   75    1    1    1    1    1    1    1    1  1.54883E+13 0.00048 
   76   76    1    1    1    1    1    1    1    1  1.26931E+13 0.00066 
   77   77    1    1    1    1    1    1    1    1  1.45484E+13 0.00057 
   78   78    1    1    1    1    1    1    1    1  1.13613E+13 0.00056 
   79   79    1    1    1    1    1    1    1    1  8.96786E+12 0.00070 
   80   80    1    1    1    1    1    1    1    1  9.19016E+12 0.00056 
   81   81    1    1    1    1    1    1    1    1  6.77553E+12 0.00080 
   82   82    1    1    1    1    1    1    1    1  5.20080E+12 0.00068 
   83   83    1    1    1    1    1    1    1    1  3.98463E+12 0.00098 
   84   84    1    1    1    1    1    1    1    1  3.72533E+12 0.00106 
   85   85    1    1    1    1    1    1    1    1  2.68386E+12 0.00142 
   86   86    1    1    1    1    1    1    1    1  1.93417E+12 0.00141 
   87   87    1    1    1    1    1    1    1    1  1.80298E+12 0.00107 
   88   88    1    1    1    1    1    1    1    1  1.11222E+12 0.00169 
   89   89    1    1    1    1    1    1    1    1  7.53021E+11 0.00186 
   90   90    1    1    1    1    1    1    1    1  4.38905E+11 0.00270 
   91   91    1    1    1    1    1    1    1    1  5.60096E+11 0.00264 
   92   92    1    1    1    1    1    1    1    1  0.00000E+00 0.00000 
   93   93    1    1    1    1    1    1    1    1  0.00000E+00 0.00000 
   94   94    1    1    1    1    1    1    1    1  0.00000E+00 0.00000 
   95   95    1    1    1    1    1    1    1    1  0.00000E+00 0.00000 
   96   96    1    1    1    1    1    1    1    1  0.00000E+00 0.00000 
   97   97    1    1    1    1    1    1    1    1  0.00000E+00 0.00000 
   98   98    1    1    1    1    1    1    1    1  0.00000E+00 0.00000 
   99   99    1    1    1    1    1    1    1    1  0.00000E+00 0.00000 
  100  100    1    1    1    1    1    1    1    1  0.00000E+00 0.00000 
];


