
DETdpaspec = [
    1    1    1    1    1    1    1    1    1    1  0.00000E+00 0.00000 
    2    2    1    1    1    1    1    1    1    1  0.00000E+00 0.00000 
    3    3    1    1    1    1    1    1    1    1  0.00000E+00 0.00000 
    4    4    1    1    1    1    1    1    1    1  0.00000E+00 0.00000 
    5    5    1    1    1    1    1    1    1    1  0.00000E+00 0.00000 
    6    6    1    1    1    1    1    1    1    1  0.00000E+00 0.00000 
    7    7    1    1    1    1    1    1    1    1  0.00000E+00 0.00000 
    8    8    1    1    1    1    1    1    1    1  0.00000E+00 0.00000 
    9    9    1    1    1    1    1    1    1    1  0.00000E+00 0.00000 
   10   10    1    1    1    1    1    1    1    1  0.00000E+00 0.00000 
   11   11    1    1    1    1    1    1    1    1  0.00000E+00 0.00000 
   12   12    1    1    1    1    1    1    1    1  0.00000E+00 0.00000 
   13   13    1    1    1    1    1    1    1    1  0.00000E+00 0.00000 
   14   14    1    1    1    1    1    1    1    1  0.00000E+00 0.00000 
   15   15    1    1    1    1    1    1    1    1  0.00000E+00 0.00000 
   16   16    1    1    1    1    1    1    1    1  0.00000E+00 0.00000 
   17   17    1    1    1    1    1    1    1    1  0.00000E+00 0.00000 
   18   18    1    1    1    1    1    1    1    1  0.00000E+00 0.00000 
   19   19    1    1    1    1    1    1    1    1  9.38112E+08 0.14695 
   20   20    1    1    1    1    1    1    1    1  1.15873E+08 0.12625 
   21   21    1    1    1    1    1    1    1    1  3.64576E+08 0.10056 
   22   22    1    1    1    1    1    1    1    1  3.75461E+08 0.05843 
   23   23    1    1    1    1    1    1    1    1  9.58303E+08 0.06103 
   24   24    1    1    1    1    1    1    1    1  2.97703E+09 0.03616 
   25   25    1    1    1    1    1    1    1    1  1.00473E+10 0.01659 
   26   26    1    1    1    1    1    1    1    1  1.84854E+10 0.01425 
   27   27    1    1    1    1    1    1    1    1  4.16274E+10 0.00932 
   28   28    1    1    1    1    1    1    1    1  9.24247E+10 0.00543 
   29   29    1    1    1    1    1    1    1    1  2.02389E+11 0.00309 
   30   30    1    1    1    1    1    1    1    1  3.40847E+11 0.00364 
   31   31    1    1    1    1    1    1    1    1  7.05675E+11 0.00215 
   32   32    1    1    1    1    1    1    1    1  1.59053E+12 0.00158 
   33   33    1    1    1    1    1    1    1    1  2.44026E+12 0.00126 
   34   34    1    1    1    1    1    1    1    1  5.02776E+12 0.00099 
   35   35    1    1    1    1    1    1    1    1  6.33091E+12 0.00062 
   36   36    1    1    1    1    1    1    1    1  6.56052E+12 0.00058 
   37   37    1    1    1    1    1    1    1    1  3.91950E+12 0.00051 
   38   38    1    1    1    1    1    1    1    1  1.14534E+12 0.00068 
   39   39    1    1    1    1    1    1    1    1  6.59569E+12 0.00052 
   40   40    1    1    1    1    1    1    1    1  8.74586E+12 0.00045 
   41   41    1    1    1    1    1    1    1    1  1.47884E+13 0.00045 
   42   42    1    1    1    1    1    1    1    1  1.42278E+13 0.00043 
   43   43    1    1    1    1    1    1    1    1  3.06309E+13 0.00033 
   44   44    1    1    1    1    1    1    1    1  3.64390E+13 0.00033 
   45   45    1    1    1    1    1    1    1    1  5.15877E+13 0.00021 
   46   46    1    1    1    1    1    1    1    1  9.99055E+13 0.00019 
   47   47    1    1    1    1    1    1    1    1  4.38379E+13 0.00020 
   48   48    1    1    1    1    1    1    1    1  6.92842E+13 0.00020 
   49   49    1    1    1    1    1    1    1    1  9.38718E+13 0.00017 
   50   50    1    1    1    1    1    1    1    1  9.06365E+13 0.00016 
   51   51    1    1    1    1    1    1    1    1  1.38991E+14 0.00018 
   52   52    1    1    1    1    1    1    1    1  1.05658E+14 0.00017 
   53   53    1    1    1    1    1    1    1    1  1.25766E+14 0.00014 
   54   54    1    1    1    1    1    1    1    1  8.48124E+13 0.00019 
   55   55    1    1    1    1    1    1    1    1  1.04086E+14 0.00019 
   56   56    1    1    1    1    1    1    1    1  7.01925E+13 0.00012 
   57   57    1    1    1    1    1    1    1    1  9.41448E+12 0.00032 
   58   58    1    1    1    1    1    1    1    1  1.37103E+14 0.00012 
   59   59    1    1    1    1    1    1    1    1  6.17517E+13 0.00022 
   60   60    1    1    1    1    1    1    1    1  6.41254E+13 0.00014 
   61   61    1    1    1    1    1    1    1    1  5.01315E+13 0.00018 
   62   62    1    1    1    1    1    1    1    1  4.97351E+13 0.00025 
   63   63    1    1    1    1    1    1    1    1  5.15385E+13 0.00022 
   64   64    1    1    1    1    1    1    1    1  4.29887E+13 0.00026 
   65   65    1    1    1    1    1    1    1    1  3.37413E+13 0.00018 
   66   66    1    1    1    1    1    1    1    1  3.31156E+13 0.00029 
   67   67    1    1    1    1    1    1    1    1  2.34954E+13 0.00029 
   68   68    1    1    1    1    1    1    1    1  1.89009E+13 0.00028 
   69   69    1    1    1    1    1    1    1    1  1.68312E+13 0.00048 
   70   70    1    1    1    1    1    1    1    1  2.00381E+13 0.00032 
   71   71    1    1    1    1    1    1    1    1  1.68316E+13 0.00040 
   72   72    1    1    1    1    1    1    1    1  2.95971E+13 0.00041 
   73   73    1    1    1    1    1    1    1    1  2.05244E+13 0.00035 
   74   74    1    1    1    1    1    1    1    1  1.53325E+13 0.00050 
   75   75    1    1    1    1    1    1    1    1  1.24085E+13 0.00068 
   76   76    1    1    1    1    1    1    1    1  1.03940E+13 0.00059 
   77   77    1    1    1    1    1    1    1    1  1.21536E+13 0.00049 
   78   78    1    1    1    1    1    1    1    1  9.70701E+12 0.00063 
   79   79    1    1    1    1    1    1    1    1  7.79348E+12 0.00071 
   80   80    1    1    1    1    1    1    1    1  8.10036E+12 0.00044 
   81   81    1    1    1    1    1    1    1    1  6.01540E+12 0.00059 
   82   82    1    1    1    1    1    1    1    1  4.64226E+12 0.00074 
   83   83    1    1    1    1    1    1    1    1  3.55570E+12 0.00078 
   84   84    1    1    1    1    1    1    1    1  3.32312E+12 0.00113 
   85   85    1    1    1    1    1    1    1    1  2.39198E+12 0.00101 
   86   86    1    1    1    1    1    1    1    1  1.72524E+12 0.00129 
   87   87    1    1    1    1    1    1    1    1  1.61075E+12 0.00124 
   88   88    1    1    1    1    1    1    1    1  9.79525E+11 0.00178 
   89   89    1    1    1    1    1    1    1    1  6.58476E+11 0.00224 
   90   90    1    1    1    1    1    1    1    1  3.81489E+11 0.00336 
   91   91    1    1    1    1    1    1    1    1  4.73681E+11 0.00185 
   92   92    1    1    1    1    1    1    1    1  0.00000E+00 0.00000 
   93   93    1    1    1    1    1    1    1    1  0.00000E+00 0.00000 
   94   94    1    1    1    1    1    1    1    1  0.00000E+00 0.00000 
   95   95    1    1    1    1    1    1    1    1  0.00000E+00 0.00000 
   96   96    1    1    1    1    1    1    1    1  0.00000E+00 0.00000 
   97   97    1    1    1    1    1    1    1    1  0.00000E+00 0.00000 
   98   98    1    1    1    1    1    1    1    1  0.00000E+00 0.00000 
   99   99    1    1    1    1    1    1    1    1  0.00000E+00 0.00000 
  100  100    1    1    1    1    1    1    1    1  0.00000E+00 0.00000 
];


