
DETdpaspec = [
    1    1    1    1    1    1    1    1    1    1  0.00000E+00 0.00000 
    2    2    1    1    1    1    1    1    1    1  0.00000E+00 0.00000 
    3    3    1    1    1    1    1    1    1    1  0.00000E+00 0.00000 
    4    4    1    1    1    1    1    1    1    1  0.00000E+00 0.00000 
    5    5    1    1    1    1    1    1    1    1  0.00000E+00 0.00000 
    6    6    1    1    1    1    1    1    1    1  0.00000E+00 0.00000 
    7    7    1    1    1    1    1    1    1    1  0.00000E+00 0.00000 
    8    8    1    1    1    1    1    1    1    1  0.00000E+00 0.00000 
    9    9    1    1    1    1    1    1    1    1  0.00000E+00 0.00000 
   10   10    1    1    1    1    1    1    1    1  0.00000E+00 0.00000 
   11   11    1    1    1    1    1    1    1    1  0.00000E+00 0.00000 
   12   12    1    1    1    1    1    1    1    1  0.00000E+00 0.00000 
   13   13    1    1    1    1    1    1    1    1  0.00000E+00 0.00000 
   14   14    1    1    1    1    1    1    1    1  0.00000E+00 0.00000 
   15   15    1    1    1    1    1    1    1    1  0.00000E+00 0.00000 
   16   16    1    1    1    1    1    1    1    1  0.00000E+00 0.00000 
   17   17    1    1    1    1    1    1    1    1  0.00000E+00 0.00000 
   18   18    1    1    1    1    1    1    1    1  0.00000E+00 0.00000 
   19   19    1    1    1    1    1    1    1    1  1.47902E+09 0.08729 
   20   20    1    1    1    1    1    1    1    1  1.86927E+08 0.09237 
   21   21    1    1    1    1    1    1    1    1  6.12716E+08 0.07269 
   22   22    1    1    1    1    1    1    1    1  4.88433E+08 0.05633 
   23   23    1    1    1    1    1    1    1    1  1.18239E+09 0.04834 
   24   24    1    1    1    1    1    1    1    1  1.98180E+09 0.02695 
   25   25    1    1    1    1    1    1    1    1  3.12490E+09 0.02684 
   26   26    1    1    1    1    1    1    1    1  4.10660E+09 0.02244 
   27   27    1    1    1    1    1    1    1    1  6.63681E+09 0.02042 
   28   28    1    1    1    1    1    1    1    1  1.29343E+10 0.01661 
   29   29    1    1    1    1    1    1    1    1  3.02597E+10 0.00507 
   30   30    1    1    1    1    1    1    1    1  5.30417E+10 0.00670 
   31   31    1    1    1    1    1    1    1    1  1.51545E+11 0.00374 
   32   32    1    1    1    1    1    1    1    1  4.80162E+11 0.00347 
   33   33    1    1    1    1    1    1    1    1  8.99655E+11 0.00264 
   34   34    1    1    1    1    1    1    1    1  2.17487E+12 0.00157 
   35   35    1    1    1    1    1    1    1    1  3.08908E+12 0.00100 
   36   36    1    1    1    1    1    1    1    1  3.91631E+12 0.00077 
   37   37    1    1    1    1    1    1    1    1  2.61048E+12 0.00079 
   38   38    1    1    1    1    1    1    1    1  7.94708E+11 0.00082 
   39   39    1    1    1    1    1    1    1    1  4.51607E+12 0.00089 
   40   40    1    1    1    1    1    1    1    1  6.13412E+12 0.00080 
   41   41    1    1    1    1    1    1    1    1  1.05869E+13 0.00057 
   42   42    1    1    1    1    1    1    1    1  1.06952E+13 0.00052 
   43   43    1    1    1    1    1    1    1    1  2.31517E+13 0.00039 
   44   44    1    1    1    1    1    1    1    1  2.83027E+13 0.00038 
   45   45    1    1    1    1    1    1    1    1  4.13091E+13 0.00020 
   46   46    1    1    1    1    1    1    1    1  8.29468E+13 0.00022 
   47   47    1    1    1    1    1    1    1    1  3.83939E+13 0.00025 
   48   48    1    1    1    1    1    1    1    1  6.20796E+13 0.00020 
   49   49    1    1    1    1    1    1    1    1  8.65717E+13 0.00022 
   50   50    1    1    1    1    1    1    1    1  8.57885E+13 0.00023 
   51   51    1    1    1    1    1    1    1    1  1.33826E+14 0.00017 
   52   52    1    1    1    1    1    1    1    1  1.06071E+14 0.00014 
   53   53    1    1    1    1    1    1    1    1  1.26554E+14 0.00011 
   54   54    1    1    1    1    1    1    1    1  8.76243E+13 0.00018 
   55   55    1    1    1    1    1    1    1    1  1.07368E+14 0.00014 
   56   56    1    1    1    1    1    1    1    1  7.36339E+13 0.00022 
   57   57    1    1    1    1    1    1    1    1  9.98763E+12 0.00031 
   58   58    1    1    1    1    1    1    1    1  1.46115E+14 0.00013 
   59   59    1    1    1    1    1    1    1    1  6.53424E+13 0.00021 
   60   60    1    1    1    1    1    1    1    1  6.90898E+13 0.00022 
   61   61    1    1    1    1    1    1    1    1  5.37797E+13 0.00020 
   62   62    1    1    1    1    1    1    1    1  5.38703E+13 0.00022 
   63   63    1    1    1    1    1    1    1    1  5.61578E+13 0.00024 
   64   64    1    1    1    1    1    1    1    1  4.72008E+13 0.00024 
   65   65    1    1    1    1    1    1    1    1  3.74439E+13 0.00026 
   66   66    1    1    1    1    1    1    1    1  3.70999E+13 0.00029 
   67   67    1    1    1    1    1    1    1    1  2.65994E+13 0.00032 
   68   68    1    1    1    1    1    1    1    1  2.16322E+13 0.00023 
   69   69    1    1    1    1    1    1    1    1  1.93841E+13 0.00041 
   70   70    1    1    1    1    1    1    1    1  2.32554E+13 0.00035 
   71   71    1    1    1    1    1    1    1    1  1.97611E+13 0.00035 
   72   72    1    1    1    1    1    1    1    1  3.56975E+13 0.00043 
   73   73    1    1    1    1    1    1    1    1  2.51585E+13 0.00049 
   74   74    1    1    1    1    1    1    1    1  1.89096E+13 0.00050 
   75   75    1    1    1    1    1    1    1    1  1.51957E+13 0.00042 
   76   76    1    1    1    1    1    1    1    1  1.26355E+13 0.00048 
   77   77    1    1    1    1    1    1    1    1  1.46791E+13 0.00040 
   78   78    1    1    1    1    1    1    1    1  1.16422E+13 0.00052 
   79   79    1    1    1    1    1    1    1    1  9.29573E+12 0.00077 
   80   80    1    1    1    1    1    1    1    1  9.60338E+12 0.00072 
   81   81    1    1    1    1    1    1    1    1  7.12843E+12 0.00056 
   82   82    1    1    1    1    1    1    1    1  5.50002E+12 0.00112 
   83   83    1    1    1    1    1    1    1    1  4.22431E+12 0.00109 
   84   84    1    1    1    1    1    1    1    1  3.95662E+12 0.00094 
   85   85    1    1    1    1    1    1    1    1  2.84634E+12 0.00119 
   86   86    1    1    1    1    1    1    1    1  2.05565E+12 0.00153 
   87   87    1    1    1    1    1    1    1    1  1.93053E+12 0.00133 
   88   88    1    1    1    1    1    1    1    1  1.18518E+12 0.00181 
   89   89    1    1    1    1    1    1    1    1  8.00822E+11 0.00217 
   90   90    1    1    1    1    1    1    1    1  4.61104E+11 0.00302 
   91   91    1    1    1    1    1    1    1    1  5.89195E+11 0.00204 
   92   92    1    1    1    1    1    1    1    1  0.00000E+00 0.00000 
   93   93    1    1    1    1    1    1    1    1  0.00000E+00 0.00000 
   94   94    1    1    1    1    1    1    1    1  0.00000E+00 0.00000 
   95   95    1    1    1    1    1    1    1    1  0.00000E+00 0.00000 
   96   96    1    1    1    1    1    1    1    1  0.00000E+00 0.00000 
   97   97    1    1    1    1    1    1    1    1  0.00000E+00 0.00000 
   98   98    1    1    1    1    1    1    1    1  0.00000E+00 0.00000 
   99   99    1    1    1    1    1    1    1    1  0.00000E+00 0.00000 
  100  100    1    1    1    1    1    1    1    1  0.00000E+00 0.00000 
];


