
DETdpaspec = [
    1    1    1    1    1    1    1    1    1    1  0.00000E+00 0.00000 
    2    2    1    1    1    1    1    1    1    1  0.00000E+00 0.00000 
    3    3    1    1    1    1    1    1    1    1  0.00000E+00 0.00000 
    4    4    1    1    1    1    1    1    1    1  0.00000E+00 0.00000 
    5    5    1    1    1    1    1    1    1    1  0.00000E+00 0.00000 
    6    6    1    1    1    1    1    1    1    1  0.00000E+00 0.00000 
    7    7    1    1    1    1    1    1    1    1  0.00000E+00 0.00000 
    8    8    1    1    1    1    1    1    1    1  0.00000E+00 0.00000 
    9    9    1    1    1    1    1    1    1    1  0.00000E+00 0.00000 
   10   10    1    1    1    1    1    1    1    1  0.00000E+00 0.00000 
   11   11    1    1    1    1    1    1    1    1  0.00000E+00 0.00000 
   12   12    1    1    1    1    1    1    1    1  0.00000E+00 0.00000 
   13   13    1    1    1    1    1    1    1    1  0.00000E+00 0.00000 
   14   14    1    1    1    1    1    1    1    1  0.00000E+00 0.00000 
   15   15    1    1    1    1    1    1    1    1  0.00000E+00 0.00000 
   16   16    1    1    1    1    1    1    1    1  0.00000E+00 0.00000 
   17   17    1    1    1    1    1    1    1    1  0.00000E+00 0.00000 
   18   18    1    1    1    1    1    1    1    1  0.00000E+00 0.00000 
   19   19    1    1    1    1    1    1    1    1  3.52372E+08 0.20628 
   20   20    1    1    1    1    1    1    1    1  1.03378E+08 0.17425 
   21   21    1    1    1    1    1    1    1    1  4.63863E+08 0.09247 
   22   22    1    1    1    1    1    1    1    1  3.09270E+09 0.03238 
   23   23    1    1    1    1    1    1    1    1  1.27451E+10 0.01889 
   24   24    1    1    1    1    1    1    1    1  4.45792E+10 0.01108 
   25   25    1    1    1    1    1    1    1    1  1.08248E+11 0.00528 
   26   26    1    1    1    1    1    1    1    1  1.49201E+11 0.00420 
   27   27    1    1    1    1    1    1    1    1  2.78535E+11 0.00285 
   28   28    1    1    1    1    1    1    1    1  4.68307E+11 0.00255 
   29   29    1    1    1    1    1    1    1    1  7.42543E+11 0.00217 
   30   30    1    1    1    1    1    1    1    1  1.04764E+12 0.00180 
   31   31    1    1    1    1    1    1    1    1  1.83195E+12 0.00137 
   32   32    1    1    1    1    1    1    1    1  3.24085E+12 0.00124 
   33   33    1    1    1    1    1    1    1    1  4.39211E+12 0.00106 
   34   34    1    1    1    1    1    1    1    1  8.03700E+12 0.00081 
   35   35    1    1    1    1    1    1    1    1  9.23229E+12 0.00071 
   36   36    1    1    1    1    1    1    1    1  8.84957E+12 0.00066 
   37   37    1    1    1    1    1    1    1    1  5.04750E+12 0.00071 
   38   38    1    1    1    1    1    1    1    1  1.45546E+12 0.00077 
   39   39    1    1    1    1    1    1    1    1  8.35028E+12 0.00064 
   40   40    1    1    1    1    1    1    1    1  1.08954E+13 0.00046 
   41   41    1    1    1    1    1    1    1    1  1.81013E+13 0.00040 
   42   42    1    1    1    1    1    1    1    1  1.70485E+13 0.00037 
   43   43    1    1    1    1    1    1    1    1  3.62505E+13 0.00031 
   44   44    1    1    1    1    1    1    1    1  4.22904E+13 0.00029 
   45   45    1    1    1    1    1    1    1    1  5.86699E+13 0.00030 
   46   46    1    1    1    1    1    1    1    1  1.10430E+14 0.00021 
   47   47    1    1    1    1    1    1    1    1  4.71909E+13 0.00016 
   48   48    1    1    1    1    1    1    1    1  7.37783E+13 0.00013 
   49   49    1    1    1    1    1    1    1    1  9.82463E+13 0.00019 
   50   50    1    1    1    1    1    1    1    1  9.35601E+13 0.00014 
   51   51    1    1    1    1    1    1    1    1  1.41250E+14 0.00017 
   52   52    1    1    1    1    1    1    1    1  1.05466E+14 0.00013 
   53   53    1    1    1    1    1    1    1    1  1.24327E+14 0.00018 
   54   54    1    1    1    1    1    1    1    1  8.27018E+13 0.00016 
   55   55    1    1    1    1    1    1    1    1  1.00830E+14 0.00020 
   56   56    1    1    1    1    1    1    1    1  6.74539E+13 0.00014 
   57   57    1    1    1    1    1    1    1    1  9.01486E+12 0.00027 
   58   58    1    1    1    1    1    1    1    1  1.30527E+14 0.00016 
   59   59    1    1    1    1    1    1    1    1  5.84839E+13 0.00023 
   60   60    1    1    1    1    1    1    1    1  6.03110E+13 0.00019 
   61   61    1    1    1    1    1    1    1    1  4.69766E+13 0.00017 
   62   62    1    1    1    1    1    1    1    1  4.64035E+13 0.00017 
   63   63    1    1    1    1    1    1    1    1  4.78398E+13 0.00017 
   64   64    1    1    1    1    1    1    1    1  3.96685E+13 0.00023 
   65   65    1    1    1    1    1    1    1    1  3.09896E+13 0.00031 
   66   66    1    1    1    1    1    1    1    1  3.02358E+13 0.00034 
   67   67    1    1    1    1    1    1    1    1  2.13451E+13 0.00031 
   68   68    1    1    1    1    1    1    1    1  1.71089E+13 0.00037 
   69   69    1    1    1    1    1    1    1    1  1.51844E+13 0.00054 
   70   70    1    1    1    1    1    1    1    1  1.79967E+13 0.00037 
   71   71    1    1    1    1    1    1    1    1  1.50491E+13 0.00048 
   72   72    1    1    1    1    1    1    1    1  2.61988E+13 0.00033 
   73   73    1    1    1    1    1    1    1    1  1.80268E+13 0.00049 
   74   74    1    1    1    1    1    1    1    1  1.33961E+13 0.00056 
   75   75    1    1    1    1    1    1    1    1  1.08098E+13 0.00041 
   76   76    1    1    1    1    1    1    1    1  9.03101E+12 0.00051 
   77   77    1    1    1    1    1    1    1    1  1.05140E+13 0.00056 
   78   78    1    1    1    1    1    1    1    1  8.36015E+12 0.00037 
   79   79    1    1    1    1    1    1    1    1  6.69461E+12 0.00070 
   80   80    1    1    1    1    1    1    1    1  6.89021E+12 0.00051 
   81   81    1    1    1    1    1    1    1    1  5.07184E+12 0.00067 
   82   82    1    1    1    1    1    1    1    1  3.87519E+12 0.00071 
   83   83    1    1    1    1    1    1    1    1  2.95089E+12 0.00076 
   84   84    1    1    1    1    1    1    1    1  2.73251E+12 0.00113 
   85   85    1    1    1    1    1    1    1    1  1.94618E+12 0.00136 
   86   86    1    1    1    1    1    1    1    1  1.39319E+12 0.00092 
   87   87    1    1    1    1    1    1    1    1  1.28701E+12 0.00150 
   88   88    1    1    1    1    1    1    1    1  7.70485E+11 0.00219 
   89   89    1    1    1    1    1    1    1    1  5.07597E+11 0.00214 
   90   90    1    1    1    1    1    1    1    1  2.84762E+11 0.00372 
   91   91    1    1    1    1    1    1    1    1  3.41068E+11 0.00353 
   92   92    1    1    1    1    1    1    1    1  0.00000E+00 0.00000 
   93   93    1    1    1    1    1    1    1    1  0.00000E+00 0.00000 
   94   94    1    1    1    1    1    1    1    1  0.00000E+00 0.00000 
   95   95    1    1    1    1    1    1    1    1  0.00000E+00 0.00000 
   96   96    1    1    1    1    1    1    1    1  0.00000E+00 0.00000 
   97   97    1    1    1    1    1    1    1    1  0.00000E+00 0.00000 
   98   98    1    1    1    1    1    1    1    1  0.00000E+00 0.00000 
   99   99    1    1    1    1    1    1    1    1  0.00000E+00 0.00000 
  100  100    1    1    1    1    1    1    1    1  0.00000E+00 0.00000 
];


