
DETdpaspec = [
    1    1    1    1    1    1    1    1    1    1  0.00000E+00 0.00000 
    2    2    1    1    1    1    1    1    1    1  0.00000E+00 0.00000 
    3    3    1    1    1    1    1    1    1    1  0.00000E+00 0.00000 
    4    4    1    1    1    1    1    1    1    1  0.00000E+00 0.00000 
    5    5    1    1    1    1    1    1    1    1  0.00000E+00 0.00000 
    6    6    1    1    1    1    1    1    1    1  0.00000E+00 0.00000 
    7    7    1    1    1    1    1    1    1    1  0.00000E+00 0.00000 
    8    8    1    1    1    1    1    1    1    1  0.00000E+00 0.00000 
    9    9    1    1    1    1    1    1    1    1  2.96211E+07 1.00000 
   10   10    1    1    1    1    1    1    1    1  0.00000E+00 0.00000 
   11   11    1    1    1    1    1    1    1    1  1.39193E+08 1.00000 
   12   12    1    1    1    1    1    1    1    1  8.30611E+07 0.65630 
   13   13    1    1    1    1    1    1    1    1  1.50679E+09 0.46538 
   14   14    1    1    1    1    1    1    1    1  1.14881E+09 0.64432 
   15   15    1    1    1    1    1    1    1    1  2.46883E+09 0.46204 
   16   16    1    1    1    1    1    1    1    1  8.04330E+08 0.48829 
   17   17    1    1    1    1    1    1    1    1  2.39196E+09 0.31847 
   18   18    1    1    1    1    1    1    1    1  5.47071E+09 0.25317 
   19   19    1    1    1    1    1    1    1    1  6.92018E+09 0.28095 
   20   20    1    1    1    1    1    1    1    1  2.14651E+10 0.17517 
   21   21    1    1    1    1    1    1    1    1  1.56027E+10 0.15065 
   22   22    1    1    1    1    1    1    1    1  5.58917E+10 0.13526 
   23   23    1    1    1    1    1    1    1    1  7.04234E+10 0.10052 
   24   24    1    1    1    1    1    1    1    1  1.01538E+11 0.09091 
   25   25    1    1    1    1    1    1    1    1  1.28003E+11 0.07780 
   26   26    1    1    1    1    1    1    1    1  2.00004E+11 0.04931 
   27   27    1    1    1    1    1    1    1    1  3.84239E+11 0.03121 
   28   28    1    1    1    1    1    1    1    1  6.53496E+11 0.02974 
   29   29    1    1    1    1    1    1    1    1  9.11763E+11 0.02231 
   30   30    1    1    1    1    1    1    1    1  2.76510E+12 0.01303 
   31   31    1    1    1    1    1    1    1    1  8.18217E+12 0.01033 
   32   32    1    1    1    1    1    1    1    1  1.52315E+13 0.00792 
   33   33    1    1    1    1    1    1    1    1  3.30531E+13 0.00514 
   34   34    1    1    1    1    1    1    1    1  4.32159E+13 0.00472 
   35   35    1    1    1    1    1    1    1    1  6.28609E+13 0.00418 
   36   36    1    1    1    1    1    1    1    1  4.41924E+13 0.00374 
   37   37    1    1    1    1    1    1    1    1  1.41378E+13 0.00383 
   38   38    1    1    1    1    1    1    1    1  7.54528E+13 0.00340 
   39   39    1    1    1    1    1    1    1    1  1.00383E+14 0.00345 
   40   40    1    1    1    1    1    1    1    1  1.66702E+14 0.00304 
   41   41    1    1    1    1    1    1    1    1  1.73343E+14 0.00233 
   42   42    1    1    1    1    1    1    1    1  3.52420E+14 0.00213 
   43   43    1    1    1    1    1    1    1    1  4.17819E+14 0.00211 
   44   44    1    1    1    1    1    1    1    1  5.91245E+14 0.00252 
   45   45    1    1    1    1    1    1    1    1  1.11779E+15 0.00229 
   46   46    1    1    1    1    1    1    1    1  5.26308E+14 0.00222 
   47   47    1    1    1    1    1    1    1    1  8.50493E+14 0.00237 
   48   48    1    1    1    1    1    1    1    1  1.17322E+15 0.00276 
   49   49    1    1    1    1    1    1    1    1  1.15797E+15 0.00246 
   50   50    1    1    1    1    1    1    1    1  1.74472E+15 0.00277 
   51   51    1    1    1    1    1    1    1    1  1.40840E+15 0.00284 
   52   52    1    1    1    1    1    1    1    1  1.60798E+15 0.00244 
   53   53    1    1    1    1    1    1    1    1  1.11958E+15 0.00266 
   54   54    1    1    1    1    1    1    1    1  1.32269E+15 0.00264 
   55   55    1    1    1    1    1    1    1    1  9.14647E+14 0.00323 
   56   56    1    1    1    1    1    1    1    1  1.25481E+14 0.00295 
   57   57    1    1    1    1    1    1    1    1  1.81287E+15 0.00299 
   58   58    1    1    1    1    1    1    1    1  7.71900E+14 0.00298 
   59   59    1    1    1    1    1    1    1    1  8.26237E+14 0.00305 
   60   60    1    1    1    1    1    1    1    1  6.23357E+14 0.00301 
   61   61    1    1    1    1    1    1    1    1  6.26148E+14 0.00275 
   62   62    1    1    1    1    1    1    1    1  6.46699E+14 0.00331 
   63   63    1    1    1    1    1    1    1    1  5.35843E+14 0.00345 
   64   64    1    1    1    1    1    1    1    1  4.25499E+14 0.00371 
   65   65    1    1    1    1    1    1    1    1  4.20247E+14 0.00367 
   66   66    1    1    1    1    1    1    1    1  3.02747E+14 0.00320 
   67   67    1    1    1    1    1    1    1    1  2.48737E+14 0.00310 
   68   68    1    1    1    1    1    1    1    1  2.23525E+14 0.00335 
   69   69    1    1    1    1    1    1    1    1  2.68404E+14 0.00369 
   70   70    1    1    1    1    1    1    1    1  2.29117E+14 0.00332 
   71   71    1    1    1    1    1    1    1    1  4.25417E+14 0.00292 
   72   72    1    1    1    1    1    1    1    1  3.00516E+14 0.00354 
   73   73    1    1    1    1    1    1    1    1  2.25941E+14 0.00329 
   74   74    1    1    1    1    1    1    1    1  1.76606E+14 0.00277 
   75   75    1    1    1    1    1    1    1    1  1.42789E+14 0.00415 
   76   76    1    1    1    1    1    1    1    1  1.62276E+14 0.00302 
   77   77    1    1    1    1    1    1    1    1  1.25445E+14 0.00330 
   78   78    1    1    1    1    1    1    1    1  9.80897E+13 0.00427 
   79   79    1    1    1    1    1    1    1    1  9.93289E+13 0.00395 
   80   80    1    1    1    1    1    1    1    1  7.31398E+13 0.00395 
   81   81    1    1    1    1    1    1    1    1  5.59835E+13 0.00554 
   82   82    1    1    1    1    1    1    1    1  4.27724E+13 0.00523 
   83   83    1    1    1    1    1    1    1    1  3.99610E+13 0.00562 
   84   84    1    1    1    1    1    1    1    1  2.89165E+13 0.00513 
   85   85    1    1    1    1    1    1    1    1  2.07316E+13 0.00828 
   86   86    1    1    1    1    1    1    1    1  1.92738E+13 0.00657 
   87   87    1    1    1    1    1    1    1    1  1.18595E+13 0.00783 
   88   88    1    1    1    1    1    1    1    1  8.19615E+12 0.00922 
   89   89    1    1    1    1    1    1    1    1  4.72815E+12 0.00831 
   90   90    1    1    1    1    1    1    1    1  3.16554E+12 0.01842 
   91   91    1    1    1    1    1    1    1    1  1.57088E+12 0.02361 
   92   92    1    1    1    1    1    1    1    1  7.97900E+11 0.02786 
   93   93    1    1    1    1    1    1    1    1  3.70844E+11 0.04483 
   94   94    1    1    1    1    1    1    1    1  1.60472E+11 0.07818 
   95   95    1    1    1    1    1    1    1    1  8.92116E+10 0.09724 
   96   96    1    1    1    1    1    1    1    1  4.40802E+10 0.10299 
   97   97    1    1    1    1    1    1    1    1  2.38402E+10 0.21462 
   98   98    1    1    1    1    1    1    1    1  9.31758E+09 0.34332 
   99   99    1    1    1    1    1    1    1    1  5.97667E+09 0.48450 
  100  100    1    1    1    1    1    1    1    1  4.87065E+09 0.46431 
];


