
DETdpaspec = [
    1    1    1    1    1    1    1    1    1    1  0.00000E+00 0.00000 
    2    2    1    1    1    1    1    1    1    1  0.00000E+00 0.00000 
    3    3    1    1    1    1    1    1    1    1  0.00000E+00 0.00000 
    4    4    1    1    1    1    1    1    1    1  0.00000E+00 0.00000 
    5    5    1    1    1    1    1    1    1    1  0.00000E+00 0.00000 
    6    6    1    1    1    1    1    1    1    1  0.00000E+00 0.00000 
    7    7    1    1    1    1    1    1    1    1  0.00000E+00 0.00000 
    8    8    1    1    1    1    1    1    1    1  0.00000E+00 0.00000 
    9    9    1    1    1    1    1    1    1    1  0.00000E+00 0.00000 
   10   10    1    1    1    1    1    1    1    1  0.00000E+00 0.00000 
   11   11    1    1    1    1    1    1    1    1  1.81551E+08 0.68826 
   12   12    1    1    1    1    1    1    1    1  1.72981E+08 0.69874 
   13   13    1    1    1    1    1    1    1    1  1.84411E+09 0.70696 
   14   14    1    1    1    1    1    1    1    1  3.98760E+09 0.56221 
   15   15    1    1    1    1    1    1    1    1  8.05829E+09 0.46878 
   16   16    1    1    1    1    1    1    1    1  2.22075E+09 0.70587 
   17   17    1    1    1    1    1    1    1    1  4.17097E+09 0.36015 
   18   18    1    1    1    1    1    1    1    1  6.91543E+09 0.23261 
   19   19    1    1    1    1    1    1    1    1  8.73598E+09 0.25167 
   20   20    1    1    1    1    1    1    1    1  3.44023E+10 0.15237 
   21   21    1    1    1    1    1    1    1    1  2.79902E+10 0.14415 
   22   22    1    1    1    1    1    1    1    1  6.06031E+10 0.09561 
   23   23    1    1    1    1    1    1    1    1  1.21240E+11 0.06519 
   24   24    1    1    1    1    1    1    1    1  2.16595E+11 0.06072 
   25   25    1    1    1    1    1    1    1    1  3.34843E+11 0.06370 
   26   26    1    1    1    1    1    1    1    1  6.54494E+11 0.04035 
   27   27    1    1    1    1    1    1    1    1  1.59985E+12 0.01969 
   28   28    1    1    1    1    1    1    1    1  4.01770E+12 0.01208 
   29   29    1    1    1    1    1    1    1    1  7.35939E+12 0.01164 
   30   30    1    1    1    1    1    1    1    1  1.75750E+13 0.00809 
   31   31    1    1    1    1    1    1    1    1  4.69829E+13 0.00576 
   32   32    1    1    1    1    1    1    1    1  8.07479E+13 0.00377 
   33   33    1    1    1    1    1    1    1    1  1.81727E+14 0.00207 
   34   34    1    1    1    1    1    1    1    1  2.46482E+14 0.00191 
   35   35    1    1    1    1    1    1    1    1  2.83420E+14 0.00132 
   36   36    1    1    1    1    1    1    1    1  1.80493E+14 0.00179 
   37   37    1    1    1    1    1    1    1    1  5.35418E+13 0.00132 
   38   38    1    1    1    1    1    1    1    1  3.05646E+14 0.00109 
   39   39    1    1    1    1    1    1    1    1  4.08622E+14 0.00100 
   40   40    1    1    1    1    1    1    1    1  7.02375E+14 0.00123 
   41   41    1    1    1    1    1    1    1    1  6.88170E+14 0.00110 
   42   42    1    1    1    1    1    1    1    1  1.48035E+15 0.00078 
   43   43    1    1    1    1    1    1    1    1  1.78171E+15 0.00059 
   44   44    1    1    1    1    1    1    1    1  2.55420E+15 0.00070 
   45   45    1    1    1    1    1    1    1    1  5.07877E+15 0.00077 
   46   46    1    1    1    1    1    1    1    1  2.33183E+15 0.00066 
   47   47    1    1    1    1    1    1    1    1  3.70487E+15 0.00069 
   48   48    1    1    1    1    1    1    1    1  5.14556E+15 0.00069 
   49   49    1    1    1    1    1    1    1    1  5.03018E+15 0.00068 
   50   50    1    1    1    1    1    1    1    1  7.89117E+15 0.00068 
   51   51    1    1    1    1    1    1    1    1  6.16817E+15 0.00071 
   52   52    1    1    1    1    1    1    1    1  7.42775E+15 0.00068 
   53   53    1    1    1    1    1    1    1    1  5.12471E+15 0.00064 
   54   54    1    1    1    1    1    1    1    1  6.35161E+15 0.00053 
   55   55    1    1    1    1    1    1    1    1  4.35579E+15 0.00042 
   56   56    1    1    1    1    1    1    1    1  5.89320E+14 0.00073 
   57   57    1    1    1    1    1    1    1    1  8.62529E+15 0.00060 
   58   58    1    1    1    1    1    1    1    1  3.91387E+15 0.00054 
   59   59    1    1    1    1    1    1    1    1  4.13470E+15 0.00063 
   60   60    1    1    1    1    1    1    1    1  3.26388E+15 0.00069 
   61   61    1    1    1    1    1    1    1    1  3.25561E+15 0.00079 
   62   62    1    1    1    1    1    1    1    1  3.39138E+15 0.00080 
   63   63    1    1    1    1    1    1    1    1  2.85904E+15 0.00083 
   64   64    1    1    1    1    1    1    1    1  2.26993E+15 0.00086 
   65   65    1    1    1    1    1    1    1    1  2.25118E+15 0.00082 
   66   66    1    1    1    1    1    1    1    1  1.62948E+15 0.00069 
   67   67    1    1    1    1    1    1    1    1  1.31951E+15 0.00113 
   68   68    1    1    1    1    1    1    1    1  1.17864E+15 0.00098 
   69   69    1    1    1    1    1    1    1    1  1.41136E+15 0.00112 
   70   70    1    1    1    1    1    1    1    1  1.19877E+15 0.00106 
   71   71    1    1    1    1    1    1    1    1  2.15438E+15 0.00106 
   72   72    1    1    1    1    1    1    1    1  1.51857E+15 0.00089 
   73   73    1    1    1    1    1    1    1    1  1.14381E+15 0.00087 
   74   74    1    1    1    1    1    1    1    1  9.27854E+14 0.00088 
   75   75    1    1    1    1    1    1    1    1  7.79064E+14 0.00083 
   76   76    1    1    1    1    1    1    1    1  9.10421E+14 0.00104 
   77   77    1    1    1    1    1    1    1    1  7.26903E+14 0.00122 
   78   78    1    1    1    1    1    1    1    1  5.82802E+14 0.00148 
   79   79    1    1    1    1    1    1    1    1  6.05973E+14 0.00115 
   80   80    1    1    1    1    1    1    1    1  4.49799E+14 0.00178 
   81   81    1    1    1    1    1    1    1    1  3.48093E+14 0.00183 
   82   82    1    1    1    1    1    1    1    1  2.66844E+14 0.00190 
   83   83    1    1    1    1    1    1    1    1  2.49539E+14 0.00220 
   84   84    1    1    1    1    1    1    1    1  1.80009E+14 0.00192 
   85   85    1    1    1    1    1    1    1    1  1.29872E+14 0.00220 
   86   86    1    1    1    1    1    1    1    1  1.20892E+14 0.00232 
   87   87    1    1    1    1    1    1    1    1  7.47459E+13 0.00373 
   88   88    1    1    1    1    1    1    1    1  5.00705E+13 0.00609 
   89   89    1    1    1    1    1    1    1    1  2.85644E+13 0.00504 
   90   90    1    1    1    1    1    1    1    1  1.87516E+13 0.00382 
   91   91    1    1    1    1    1    1    1    1  9.36816E+12 0.00829 
   92   92    1    1    1    1    1    1    1    1  4.53506E+12 0.01407 
   93   93    1    1    1    1    1    1    1    1  2.14545E+12 0.01460 
   94   94    1    1    1    1    1    1    1    1  1.04908E+12 0.03470 
   95   95    1    1    1    1    1    1    1    1  4.94397E+11 0.03712 
   96   96    1    1    1    1    1    1    1    1  2.28670E+11 0.06153 
   97   97    1    1    1    1    1    1    1    1  1.25345E+11 0.09018 
   98   98    1    1    1    1    1    1    1    1  5.31167E+10 0.14712 
   99   99    1    1    1    1    1    1    1    1  3.05716E+10 0.21057 
  100  100    1    1    1    1    1    1    1    1  2.74752E+10 0.20307 
];


