
DETdpaspec = [
    1    1    1    1    1    1    1    1    1    1  0.00000E+00 0.00000 
    2    2    1    1    1    1    1    1    1    1  0.00000E+00 0.00000 
    3    3    1    1    1    1    1    1    1    1  0.00000E+00 0.00000 
    4    4    1    1    1    1    1    1    1    1  0.00000E+00 0.00000 
    5    5    1    1    1    1    1    1    1    1  0.00000E+00 0.00000 
    6    6    1    1    1    1    1    1    1    1  1.18501E+07 1.00000 
    7    7    1    1    1    1    1    1    1    1  0.00000E+00 0.00000 
    8    8    1    1    1    1    1    1    1    1  2.13492E+07 1.00000 
    9    9    1    1    1    1    1    1    1    1  2.77036E+07 0.73431 
   10   10    1    1    1    1    1    1    1    1  1.28256E+08 1.00000 
   11   11    1    1    1    1    1    1    1    1  1.16854E+08 1.00000 
   12   12    1    1    1    1    1    1    1    1  5.33233E+06 0.73715 
   13   13    1    1    1    1    1    1    1    1  1.13718E+08 0.74014 
   14   14    1    1    1    1    1    1    1    1  1.91618E+09 0.47621 
   15   15    1    1    1    1    1    1    1    1  7.72679E+09 0.28970 
   16   16    1    1    1    1    1    1    1    1  9.10767E+08 0.47905 
   17   17    1    1    1    1    1    1    1    1  3.29390E+09 0.20700 
   18   18    1    1    1    1    1    1    1    1  1.24350E+10 0.14108 
   19   19    1    1    1    1    1    1    1    1  1.26491E+10 0.21327 
   20   20    1    1    1    1    1    1    1    1  4.94522E+10 0.10973 
   21   21    1    1    1    1    1    1    1    1  3.20988E+10 0.12322 
   22   22    1    1    1    1    1    1    1    1  7.60236E+10 0.08371 
   23   23    1    1    1    1    1    1    1    1  1.16390E+11 0.07660 
   24   24    1    1    1    1    1    1    1    1  1.86190E+11 0.06680 
   25   25    1    1    1    1    1    1    1    1  2.26192E+11 0.03839 
   26   26    1    1    1    1    1    1    1    1  3.75355E+11 0.02918 
   27   27    1    1    1    1    1    1    1    1  6.48193E+11 0.02988 
   28   28    1    1    1    1    1    1    1    1  1.39617E+12 0.02180 
   29   29    1    1    1    1    1    1    1    1  2.18724E+12 0.01614 
   30   30    1    1    1    1    1    1    1    1  6.37034E+12 0.01262 
   31   31    1    1    1    1    1    1    1    1  1.97035E+13 0.00835 
   32   32    1    1    1    1    1    1    1    1  3.70585E+13 0.00485 
   33   33    1    1    1    1    1    1    1    1  8.70992E+13 0.00297 
   34   34    1    1    1    1    1    1    1    1  1.20104E+14 0.00292 
   35   35    1    1    1    1    1    1    1    1  1.63664E+14 0.00292 
   36   36    1    1    1    1    1    1    1    1  1.13254E+14 0.00228 
   37   37    1    1    1    1    1    1    1    1  3.51281E+13 0.00278 
   38   38    1    1    1    1    1    1    1    1  1.94731E+14 0.00192 
   39   39    1    1    1    1    1    1    1    1  2.62597E+14 0.00195 
   40   40    1    1    1    1    1    1    1    1  4.50108E+14 0.00121 
   41   41    1    1    1    1    1    1    1    1  4.59235E+14 0.00148 
   42   42    1    1    1    1    1    1    1    1  9.73169E+14 0.00118 
   43   43    1    1    1    1    1    1    1    1  1.17703E+15 0.00123 
   44   44    1    1    1    1    1    1    1    1  1.70127E+15 0.00125 
   45   45    1    1    1    1    1    1    1    1  3.37173E+15 0.00098 
   46   46    1    1    1    1    1    1    1    1  1.59515E+15 0.00109 
   47   47    1    1    1    1    1    1    1    1  2.57268E+15 0.00088 
   48   48    1    1    1    1    1    1    1    1  3.60015E+15 0.00085 
   49   49    1    1    1    1    1    1    1    1  3.56711E+15 0.00080 
   50   50    1    1    1    1    1    1    1    1  5.54435E+15 0.00093 
   51   51    1    1    1    1    1    1    1    1  4.45478E+15 0.00098 
   52   52    1    1    1    1    1    1    1    1  5.25621E+15 0.00070 
   53   53    1    1    1    1    1    1    1    1  3.66706E+15 0.00079 
   54   54    1    1    1    1    1    1    1    1  4.46061E+15 0.00074 
   55   55    1    1    1    1    1    1    1    1  3.07961E+15 0.00090 
   56   56    1    1    1    1    1    1    1    1  4.20026E+14 0.00119 
   57   57    1    1    1    1    1    1    1    1  6.13020E+15 0.00096 
   58   58    1    1    1    1    1    1    1    1  2.70746E+15 0.00112 
   59   59    1    1    1    1    1    1    1    1  2.89416E+15 0.00110 
   60   60    1    1    1    1    1    1    1    1  2.23574E+15 0.00101 
   61   61    1    1    1    1    1    1    1    1  2.24646E+15 0.00104 
   62   62    1    1    1    1    1    1    1    1  2.33388E+15 0.00102 
   63   63    1    1    1    1    1    1    1    1  1.96164E+15 0.00108 
   64   64    1    1    1    1    1    1    1    1  1.56135E+15 0.00098 
   65   65    1    1    1    1    1    1    1    1  1.55273E+15 0.00079 
   66   66    1    1    1    1    1    1    1    1  1.12266E+15 0.00088 
   67   67    1    1    1    1    1    1    1    1  9.16429E+14 0.00089 
   68   68    1    1    1    1    1    1    1    1  8.23322E+14 0.00137 
   69   69    1    1    1    1    1    1    1    1  9.90473E+14 0.00118 
   70   70    1    1    1    1    1    1    1    1  8.43608E+14 0.00140 
   71   71    1    1    1    1    1    1    1    1  1.54752E+15 0.00105 
   72   72    1    1    1    1    1    1    1    1  1.09677E+15 0.00153 
   73   73    1    1    1    1    1    1    1    1  8.25725E+14 0.00146 
   74   74    1    1    1    1    1    1    1    1  6.60964E+14 0.00150 
   75   75    1    1    1    1    1    1    1    1  5.43080E+14 0.00126 
   76   76    1    1    1    1    1    1    1    1  6.27451E+14 0.00127 
   77   77    1    1    1    1    1    1    1    1  4.92381E+14 0.00133 
   78   78    1    1    1    1    1    1    1    1  3.90469E+14 0.00177 
   79   79    1    1    1    1    1    1    1    1  4.01398E+14 0.00188 
   80   80    1    1    1    1    1    1    1    1  2.97024E+14 0.00195 
   81   81    1    1    1    1    1    1    1    1  2.28781E+14 0.00206 
   82   82    1    1    1    1    1    1    1    1  1.75537E+14 0.00251 
   83   83    1    1    1    1    1    1    1    1  1.63323E+14 0.00211 
   84   84    1    1    1    1    1    1    1    1  1.17615E+14 0.00253 
   85   85    1    1    1    1    1    1    1    1  8.55051E+13 0.00306 
   86   86    1    1    1    1    1    1    1    1  7.91292E+13 0.00374 
   87   87    1    1    1    1    1    1    1    1  4.91078E+13 0.00411 
   88   88    1    1    1    1    1    1    1    1  3.29672E+13 0.00590 
   89   89    1    1    1    1    1    1    1    1  1.91786E+13 0.00822 
   90   90    1    1    1    1    1    1    1    1  1.26880E+13 0.00869 
   91   91    1    1    1    1    1    1    1    1  6.43597E+12 0.01186 
   92   92    1    1    1    1    1    1    1    1  3.14668E+12 0.01776 
   93   93    1    1    1    1    1    1    1    1  1.49577E+12 0.01868 
   94   94    1    1    1    1    1    1    1    1  7.14235E+11 0.03886 
   95   95    1    1    1    1    1    1    1    1  3.20258E+11 0.05171 
   96   96    1    1    1    1    1    1    1    1  1.82881E+11 0.07633 
   97   97    1    1    1    1    1    1    1    1  7.51889E+10 0.08307 
   98   98    1    1    1    1    1    1    1    1  4.46170E+10 0.12499 
   99   99    1    1    1    1    1    1    1    1  1.01325E+10 0.29877 
  100  100    1    1    1    1    1    1    1    1  1.02134E+10 0.25977 
];


