
DETdpaspec = [
    1    1    1    1    1    1    1    1    1    1  0.00000E+00 0.00000 
    2    2    1    1    1    1    1    1    1    1  0.00000E+00 0.00000 
    3    3    1    1    1    1    1    1    1    1  0.00000E+00 0.00000 
    4    4    1    1    1    1    1    1    1    1  0.00000E+00 0.00000 
    5    5    1    1    1    1    1    1    1    1  1.11777E+07 1.00000 
    6    6    1    1    1    1    1    1    1    1  0.00000E+00 0.00000 
    7    7    1    1    1    1    1    1    1    1  0.00000E+00 0.00000 
    8    8    1    1    1    1    1    1    1    1  0.00000E+00 0.00000 
    9    9    1    1    1    1    1    1    1    1  0.00000E+00 0.00000 
   10   10    1    1    1    1    1    1    1    1  4.55272E+07 1.00000 
   11   11    1    1    1    1    1    1    1    1  6.39034E+07 1.00000 
   12   12    1    1    1    1    1    1    1    1  1.25257E+08 0.67884 
   13   13    1    1    1    1    1    1    1    1  2.13421E+08 0.68830 
   14   14    1    1    1    1    1    1    1    1  3.10080E+09 0.46362 
   15   15    1    1    1    1    1    1    1    1  4.50455E+09 0.35090 
   16   16    1    1    1    1    1    1    1    1  2.02272E+09 0.32802 
   17   17    1    1    1    1    1    1    1    1  1.78810E+09 0.31878 
   18   18    1    1    1    1    1    1    1    1  3.35703E+09 0.25582 
   19   19    1    1    1    1    1    1    1    1  7.19417E+09 0.15561 
   20   20    1    1    1    1    1    1    1    1  3.07490E+10 0.14537 
   21   21    1    1    1    1    1    1    1    1  1.86199E+10 0.18082 
   22   22    1    1    1    1    1    1    1    1  5.65140E+10 0.10312 
   23   23    1    1    1    1    1    1    1    1  7.12378E+10 0.08242 
   24   24    1    1    1    1    1    1    1    1  1.23412E+11 0.06408 
   25   25    1    1    1    1    1    1    1    1  1.38463E+11 0.06736 
   26   26    1    1    1    1    1    1    1    1  2.22636E+11 0.04099 
   27   27    1    1    1    1    1    1    1    1  4.00903E+11 0.03966 
   28   28    1    1    1    1    1    1    1    1  7.36628E+11 0.02135 
   29   29    1    1    1    1    1    1    1    1  1.03878E+12 0.02264 
   30   30    1    1    1    1    1    1    1    1  3.24631E+12 0.01674 
   31   31    1    1    1    1    1    1    1    1  9.84886E+12 0.01188 
   32   32    1    1    1    1    1    1    1    1  1.83238E+13 0.00798 
   33   33    1    1    1    1    1    1    1    1  4.08074E+13 0.00613 
   34   34    1    1    1    1    1    1    1    1  5.39431E+13 0.00505 
   35   35    1    1    1    1    1    1    1    1  7.80259E+13 0.00334 
   36   36    1    1    1    1    1    1    1    1  5.49162E+13 0.00294 
   37   37    1    1    1    1    1    1    1    1  1.74858E+13 0.00363 
   38   38    1    1    1    1    1    1    1    1  9.38370E+13 0.00327 
   39   39    1    1    1    1    1    1    1    1  1.25358E+14 0.00285 
   40   40    1    1    1    1    1    1    1    1  2.08888E+14 0.00272 
   41   41    1    1    1    1    1    1    1    1  2.16900E+14 0.00209 
   42   42    1    1    1    1    1    1    1    1  4.43767E+14 0.00222 
   43   43    1    1    1    1    1    1    1    1  5.28801E+14 0.00244 
   44   44    1    1    1    1    1    1    1    1  7.49422E+14 0.00208 
   45   45    1    1    1    1    1    1    1    1  1.42744E+15 0.00215 
   46   46    1    1    1    1    1    1    1    1  6.74375E+14 0.00199 
   47   47    1    1    1    1    1    1    1    1  1.08931E+15 0.00183 
   48   48    1    1    1    1    1    1    1    1  1.50550E+15 0.00186 
   49   49    1    1    1    1    1    1    1    1  1.48497E+15 0.00185 
   50   50    1    1    1    1    1    1    1    1  2.25139E+15 0.00216 
   51   51    1    1    1    1    1    1    1    1  1.81886E+15 0.00224 
   52   52    1    1    1    1    1    1    1    1  2.08825E+15 0.00202 
   53   53    1    1    1    1    1    1    1    1  1.45381E+15 0.00180 
   54   54    1    1    1    1    1    1    1    1  1.72317E+15 0.00192 
   55   55    1    1    1    1    1    1    1    1  1.19073E+15 0.00191 
   56   56    1    1    1    1    1    1    1    1  1.63301E+14 0.00255 
   57   57    1    1    1    1    1    1    1    1  2.35798E+15 0.00217 
   58   58    1    1    1    1    1    1    1    1  1.00906E+15 0.00226 
   59   59    1    1    1    1    1    1    1    1  1.08062E+15 0.00219 
   60   60    1    1    1    1    1    1    1    1  8.17872E+14 0.00202 
   61   61    1    1    1    1    1    1    1    1  8.22347E+14 0.00223 
   62   62    1    1    1    1    1    1    1    1  8.49591E+14 0.00222 
   63   63    1    1    1    1    1    1    1    1  7.06403E+14 0.00243 
   64   64    1    1    1    1    1    1    1    1  5.59836E+14 0.00242 
   65   65    1    1    1    1    1    1    1    1  5.52238E+14 0.00201 
   66   66    1    1    1    1    1    1    1    1  3.98708E+14 0.00219 
   67   67    1    1    1    1    1    1    1    1  3.27496E+14 0.00220 
   68   68    1    1    1    1    1    1    1    1  2.94955E+14 0.00233 
   69   69    1    1    1    1    1    1    1    1  3.52861E+14 0.00225 
   70   70    1    1    1    1    1    1    1    1  3.01582E+14 0.00213 
   71   71    1    1    1    1    1    1    1    1  5.59266E+14 0.00265 
   72   72    1    1    1    1    1    1    1    1  3.96652E+14 0.00292 
   73   73    1    1    1    1    1    1    1    1  2.96805E+14 0.00294 
   74   74    1    1    1    1    1    1    1    1  2.33705E+14 0.00291 
   75   75    1    1    1    1    1    1    1    1  1.89971E+14 0.00261 
   76   76    1    1    1    1    1    1    1    1  2.14242E+14 0.00326 
   77   77    1    1    1    1    1    1    1    1  1.66659E+14 0.00293 
   78   78    1    1    1    1    1    1    1    1  1.30244E+14 0.00366 
   79   79    1    1    1    1    1    1    1    1  1.33063E+14 0.00429 
   80   80    1    1    1    1    1    1    1    1  9.75470E+13 0.00319 
   81   81    1    1    1    1    1    1    1    1  7.43809E+13 0.00396 
   82   82    1    1    1    1    1    1    1    1  5.69753E+13 0.00336 
   83   83    1    1    1    1    1    1    1    1  5.33357E+13 0.00382 
   84   84    1    1    1    1    1    1    1    1  3.81672E+13 0.00518 
   85   85    1    1    1    1    1    1    1    1  2.76409E+13 0.00598 
   86   86    1    1    1    1    1    1    1    1  2.55090E+13 0.00564 
   87   87    1    1    1    1    1    1    1    1  1.59283E+13 0.00656 
   88   88    1    1    1    1    1    1    1    1  1.08502E+13 0.01042 
   89   89    1    1    1    1    1    1    1    1  6.26876E+12 0.00993 
   90   90    1    1    1    1    1    1    1    1  4.14626E+12 0.00991 
   91   91    1    1    1    1    1    1    1    1  2.08262E+12 0.02453 
   92   92    1    1    1    1    1    1    1    1  1.05504E+12 0.03576 
   93   93    1    1    1    1    1    1    1    1  5.02502E+11 0.03887 
   94   94    1    1    1    1    1    1    1    1  2.33158E+11 0.05656 
   95   95    1    1    1    1    1    1    1    1  1.21644E+11 0.07552 
   96   96    1    1    1    1    1    1    1    1  6.14056E+10 0.10201 
   97   97    1    1    1    1    1    1    1    1  2.41289E+10 0.15897 
   98   98    1    1    1    1    1    1    1    1  1.00194E+10 0.33189 
   99   99    1    1    1    1    1    1    1    1  7.03303E+09 0.28184 
  100  100    1    1    1    1    1    1    1    1  4.93332E+09 0.40924 
];


