
DETdpaspec = [
    1    1    1    1    1    1    1    1    1    1  0.00000E+00 0.00000 
    2    2    1    1    1    1    1    1    1    1  0.00000E+00 0.00000 
    3    3    1    1    1    1    1    1    1    1  0.00000E+00 0.00000 
    4    4    1    1    1    1    1    1    1    1  0.00000E+00 0.00000 
    5    5    1    1    1    1    1    1    1    1  0.00000E+00 0.00000 
    6    6    1    1    1    1    1    1    1    1  0.00000E+00 0.00000 
    7    7    1    1    1    1    1    1    1    1  0.00000E+00 0.00000 
    8    8    1    1    1    1    1    1    1    1  2.33062E+07 1.00000 
    9    9    1    1    1    1    1    1    1    1  2.63904E+07 1.00000 
   10   10    1    1    1    1    1    1    1    1  5.11808E+07 1.00000 
   11   11    1    1    1    1    1    1    1    1  5.41678E+08 0.56203 
   12   12    1    1    1    1    1    1    1    1  5.12205E+07 1.00000 
   13   13    1    1    1    1    1    1    1    1  2.59336E+09 0.51039 
   14   14    1    1    1    1    1    1    1    1  2.63855E+09 0.36196 
   15   15    1    1    1    1    1    1    1    1  2.36943E+09 0.40090 
   16   16    1    1    1    1    1    1    1    1  2.79113E+08 0.56029 
   17   17    1    1    1    1    1    1    1    1  2.11194E+09 0.28681 
   18   18    1    1    1    1    1    1    1    1  6.30596E+09 0.22248 
   19   19    1    1    1    1    1    1    1    1  6.65040E+09 0.17252 
   20   20    1    1    1    1    1    1    1    1  2.89865E+10 0.18893 
   21   21    1    1    1    1    1    1    1    1  2.14678E+10 0.13731 
   22   22    1    1    1    1    1    1    1    1  4.25598E+10 0.12210 
   23   23    1    1    1    1    1    1    1    1  6.16346E+10 0.11465 
   24   24    1    1    1    1    1    1    1    1  8.26367E+10 0.07558 
   25   25    1    1    1    1    1    1    1    1  1.07355E+11 0.07239 
   26   26    1    1    1    1    1    1    1    1  1.97987E+11 0.05330 
   27   27    1    1    1    1    1    1    1    1  3.51226E+11 0.03979 
   28   28    1    1    1    1    1    1    1    1  5.90168E+11 0.02625 
   29   29    1    1    1    1    1    1    1    1  8.69218E+11 0.02395 
   30   30    1    1    1    1    1    1    1    1  2.77690E+12 0.02010 
   31   31    1    1    1    1    1    1    1    1  8.33051E+12 0.01052 
   32   32    1    1    1    1    1    1    1    1  1.53489E+13 0.00780 
   33   33    1    1    1    1    1    1    1    1  3.36331E+13 0.00477 
   34   34    1    1    1    1    1    1    1    1  4.35641E+13 0.00547 
   35   35    1    1    1    1    1    1    1    1  6.36746E+13 0.00480 
   36   36    1    1    1    1    1    1    1    1  4.49560E+13 0.00450 
   37   37    1    1    1    1    1    1    1    1  1.42761E+13 0.00525 
   38   38    1    1    1    1    1    1    1    1  7.64887E+13 0.00434 
   39   39    1    1    1    1    1    1    1    1  1.01862E+14 0.00417 
   40   40    1    1    1    1    1    1    1    1  1.69116E+14 0.00352 
   41   41    1    1    1    1    1    1    1    1  1.75660E+14 0.00362 
   42   42    1    1    1    1    1    1    1    1  3.56802E+14 0.00369 
   43   43    1    1    1    1    1    1    1    1  4.24351E+14 0.00352 
   44   44    1    1    1    1    1    1    1    1  5.99556E+14 0.00324 
   45   45    1    1    1    1    1    1    1    1  1.13398E+15 0.00321 
   46   46    1    1    1    1    1    1    1    1  5.34552E+14 0.00320 
   47   47    1    1    1    1    1    1    1    1  8.63681E+14 0.00334 
   48   48    1    1    1    1    1    1    1    1  1.19274E+15 0.00303 
   49   49    1    1    1    1    1    1    1    1  1.17519E+15 0.00298 
   50   50    1    1    1    1    1    1    1    1  1.77156E+15 0.00281 
   51   51    1    1    1    1    1    1    1    1  1.43235E+15 0.00277 
   52   52    1    1    1    1    1    1    1    1  1.63604E+15 0.00317 
   53   53    1    1    1    1    1    1    1    1  1.13893E+15 0.00344 
   54   54    1    1    1    1    1    1    1    1  1.34244E+15 0.00323 
   55   55    1    1    1    1    1    1    1    1  9.29635E+14 0.00325 
   56   56    1    1    1    1    1    1    1    1  1.27740E+14 0.00381 
   57   57    1    1    1    1    1    1    1    1  1.84060E+15 0.00329 
   58   58    1    1    1    1    1    1    1    1  7.83948E+14 0.00313 
   59   59    1    1    1    1    1    1    1    1  8.39031E+14 0.00300 
   60   60    1    1    1    1    1    1    1    1  6.32499E+14 0.00339 
   61   61    1    1    1    1    1    1    1    1  6.36586E+14 0.00303 
   62   62    1    1    1    1    1    1    1    1  6.56530E+14 0.00349 
   63   63    1    1    1    1    1    1    1    1  5.44744E+14 0.00324 
   64   64    1    1    1    1    1    1    1    1  4.32740E+14 0.00348 
   65   65    1    1    1    1    1    1    1    1  4.26908E+14 0.00345 
   66   66    1    1    1    1    1    1    1    1  3.07360E+14 0.00385 
   67   67    1    1    1    1    1    1    1    1  2.52614E+14 0.00352 
   68   68    1    1    1    1    1    1    1    1  2.27417E+14 0.00435 
   69   69    1    1    1    1    1    1    1    1  2.72631E+14 0.00383 
   70   70    1    1    1    1    1    1    1    1  2.33143E+14 0.00381 
   71   71    1    1    1    1    1    1    1    1  4.33214E+14 0.00414 
   72   72    1    1    1    1    1    1    1    1  3.06543E+14 0.00412 
   73   73    1    1    1    1    1    1    1    1  2.29292E+14 0.00473 
   74   74    1    1    1    1    1    1    1    1  1.79436E+14 0.00516 
   75   75    1    1    1    1    1    1    1    1  1.45129E+14 0.00529 
   76   76    1    1    1    1    1    1    1    1  1.64514E+14 0.00502 
   77   77    1    1    1    1    1    1    1    1  1.27157E+14 0.00487 
   78   78    1    1    1    1    1    1    1    1  9.93819E+13 0.00592 
   79   79    1    1    1    1    1    1    1    1  1.00746E+14 0.00535 
   80   80    1    1    1    1    1    1    1    1  7.43454E+13 0.00544 
   81   81    1    1    1    1    1    1    1    1  5.65512E+13 0.00451 
   82   82    1    1    1    1    1    1    1    1  4.34912E+13 0.00541 
   83   83    1    1    1    1    1    1    1    1  4.04011E+13 0.00610 
   84   84    1    1    1    1    1    1    1    1  2.90178E+13 0.00651 
   85   85    1    1    1    1    1    1    1    1  2.10413E+13 0.00915 
   86   86    1    1    1    1    1    1    1    1  1.96441E+13 0.00717 
   87   87    1    1    1    1    1    1    1    1  1.20832E+13 0.00838 
   88   88    1    1    1    1    1    1    1    1  8.33580E+12 0.00960 
   89   89    1    1    1    1    1    1    1    1  4.68505E+12 0.01288 
   90   90    1    1    1    1    1    1    1    1  3.12096E+12 0.01811 
   91   91    1    1    1    1    1    1    1    1  1.55270E+12 0.02567 
   92   92    1    1    1    1    1    1    1    1  7.66374E+11 0.02932 
   93   93    1    1    1    1    1    1    1    1  3.96994E+11 0.03563 
   94   94    1    1    1    1    1    1    1    1  1.75805E+11 0.08430 
   95   95    1    1    1    1    1    1    1    1  9.89120E+10 0.12118 
   96   96    1    1    1    1    1    1    1    1  4.76420E+10 0.10374 
   97   97    1    1    1    1    1    1    1    1  2.57895E+10 0.12886 
   98   98    1    1    1    1    1    1    1    1  1.14896E+10 0.21235 
   99   99    1    1    1    1    1    1    1    1  8.34387E+09 0.45060 
  100  100    1    1    1    1    1    1    1    1  6.05688E+09 0.33863 
];


