
DETdpaspec = [
    1    1    1    1    1    1    1    1    1    1  0.00000E+00 0.00000 
    2    2    1    1    1    1    1    1    1    1  0.00000E+00 0.00000 
    3    3    1    1    1    1    1    1    1    1  0.00000E+00 0.00000 
    4    4    1    1    1    1    1    1    1    1  0.00000E+00 0.00000 
    5    5    1    1    1    1    1    1    1    1  0.00000E+00 0.00000 
    6    6    1    1    1    1    1    1    1    1  0.00000E+00 0.00000 
    7    7    1    1    1    1    1    1    1    1  0.00000E+00 0.00000 
    8    8    1    1    1    1    1    1    1    1  0.00000E+00 0.00000 
    9    9    1    1    1    1    1    1    1    1  2.03599E+07 1.00000 
   10   10    1    1    1    1    1    1    1    1  5.71062E+07 1.00000 
   11   11    1    1    1    1    1    1    1    1  1.97976E+08 0.72596 
   12   12    1    1    1    1    1    1    1    1  7.81727E+07 0.57925 
   13   13    1    1    1    1    1    1    1    1  1.81844E+09 0.56970 
   14   14    1    1    1    1    1    1    1    1  9.25758E+08 0.60710 
   15   15    1    1    1    1    1    1    1    1  1.67197E+09 0.45572 
   16   16    1    1    1    1    1    1    1    1  1.54370E+09 0.31830 
   17   17    1    1    1    1    1    1    1    1  2.39515E+09 0.35206 
   18   18    1    1    1    1    1    1    1    1  1.16786E+10 0.23877 
   19   19    1    1    1    1    1    1    1    1  1.09121E+10 0.17767 
   20   20    1    1    1    1    1    1    1    1  4.33553E+10 0.15689 
   21   21    1    1    1    1    1    1    1    1  2.37245E+10 0.12112 
   22   22    1    1    1    1    1    1    1    1  6.47354E+10 0.06761 
   23   23    1    1    1    1    1    1    1    1  8.10326E+10 0.07988 
   24   24    1    1    1    1    1    1    1    1  1.39158E+11 0.06495 
   25   25    1    1    1    1    1    1    1    1  1.59278E+11 0.05015 
   26   26    1    1    1    1    1    1    1    1  2.55927E+11 0.03138 
   27   27    1    1    1    1    1    1    1    1  4.92407E+11 0.03485 
   28   28    1    1    1    1    1    1    1    1  8.74164E+11 0.01907 
   29   29    1    1    1    1    1    1    1    1  1.25553E+12 0.01662 
   30   30    1    1    1    1    1    1    1    1  3.95828E+12 0.01433 
   31   31    1    1    1    1    1    1    1    1  1.20471E+13 0.01121 
   32   32    1    1    1    1    1    1    1    1  2.23306E+13 0.00640 
   33   33    1    1    1    1    1    1    1    1  4.99957E+13 0.00475 
   34   34    1    1    1    1    1    1    1    1  6.64026E+13 0.00407 
   35   35    1    1    1    1    1    1    1    1  9.52157E+13 0.00299 
   36   36    1    1    1    1    1    1    1    1  6.69403E+13 0.00398 
   37   37    1    1    1    1    1    1    1    1  2.11253E+13 0.00296 
   38   38    1    1    1    1    1    1    1    1  1.14143E+14 0.00323 
   39   39    1    1    1    1    1    1    1    1  1.53109E+14 0.00282 
   40   40    1    1    1    1    1    1    1    1  2.57407E+14 0.00249 
   41   41    1    1    1    1    1    1    1    1  2.66746E+14 0.00238 
   42   42    1    1    1    1    1    1    1    1  5.49067E+14 0.00278 
   43   43    1    1    1    1    1    1    1    1  6.56726E+14 0.00208 
   44   44    1    1    1    1    1    1    1    1  9.36142E+14 0.00235 
   45   45    1    1    1    1    1    1    1    1  1.79943E+15 0.00199 
   46   46    1    1    1    1    1    1    1    1  8.51690E+14 0.00234 
   47   47    1    1    1    1    1    1    1    1  1.37703E+15 0.00196 
   48   48    1    1    1    1    1    1    1    1  1.91008E+15 0.00180 
   49   49    1    1    1    1    1    1    1    1  1.88366E+15 0.00171 
   50   50    1    1    1    1    1    1    1    1  2.87144E+15 0.00169 
   51   51    1    1    1    1    1    1    1    1  2.31894E+15 0.00184 
   52   52    1    1    1    1    1    1    1    1  2.67432E+15 0.00175 
   53   53    1    1    1    1    1    1    1    1  1.86479E+15 0.00192 
   54   54    1    1    1    1    1    1    1    1  2.22073E+15 0.00203 
   55   55    1    1    1    1    1    1    1    1  1.53375E+15 0.00210 
   56   56    1    1    1    1    1    1    1    1  2.10278E+14 0.00250 
   57   57    1    1    1    1    1    1    1    1  3.04754E+15 0.00184 
   58   58    1    1    1    1    1    1    1    1  1.31029E+15 0.00193 
   59   59    1    1    1    1    1    1    1    1  1.40055E+15 0.00209 
   60   60    1    1    1    1    1    1    1    1  1.06355E+15 0.00174 
   61   61    1    1    1    1    1    1    1    1  1.07096E+15 0.00197 
   62   62    1    1    1    1    1    1    1    1  1.10662E+15 0.00224 
   63   63    1    1    1    1    1    1    1    1  9.23503E+14 0.00206 
   64   64    1    1    1    1    1    1    1    1  7.32281E+14 0.00217 
   65   65    1    1    1    1    1    1    1    1  7.23013E+14 0.00221 
   66   66    1    1    1    1    1    1    1    1  5.21456E+14 0.00210 
   67   67    1    1    1    1    1    1    1    1  4.28214E+14 0.00231 
   68   68    1    1    1    1    1    1    1    1  3.85324E+14 0.00170 
   69   69    1    1    1    1    1    1    1    1  4.61479E+14 0.00280 
   70   70    1    1    1    1    1    1    1    1  3.94397E+14 0.00248 
   71   71    1    1    1    1    1    1    1    1  7.30829E+14 0.00249 
   72   72    1    1    1    1    1    1    1    1  5.19140E+14 0.00269 
   73   73    1    1    1    1    1    1    1    1  3.86378E+14 0.00234 
   74   74    1    1    1    1    1    1    1    1  3.05535E+14 0.00264 
   75   75    1    1    1    1    1    1    1    1  2.48970E+14 0.00197 
   76   76    1    1    1    1    1    1    1    1  2.82400E+14 0.00237 
   77   77    1    1    1    1    1    1    1    1  2.19035E+14 0.00289 
   78   78    1    1    1    1    1    1    1    1  1.71407E+14 0.00270 
   79   79    1    1    1    1    1    1    1    1  1.75961E+14 0.00280 
   80   80    1    1    1    1    1    1    1    1  1.29740E+14 0.00410 
   81   81    1    1    1    1    1    1    1    1  9.90608E+13 0.00409 
   82   82    1    1    1    1    1    1    1    1  7.62877E+13 0.00479 
   83   83    1    1    1    1    1    1    1    1  7.10731E+13 0.00377 
   84   84    1    1    1    1    1    1    1    1  5.10287E+13 0.00442 
   85   85    1    1    1    1    1    1    1    1  3.68428E+13 0.00440 
   86   86    1    1    1    1    1    1    1    1  3.39685E+13 0.00495 
   87   87    1    1    1    1    1    1    1    1  2.11589E+13 0.00738 
   88   88    1    1    1    1    1    1    1    1  1.42024E+13 0.00878 
   89   89    1    1    1    1    1    1    1    1  8.19925E+12 0.01304 
   90   90    1    1    1    1    1    1    1    1  5.44146E+12 0.01190 
   91   91    1    1    1    1    1    1    1    1  2.78547E+12 0.01813 
   92   92    1    1    1    1    1    1    1    1  1.37193E+12 0.02375 
   93   93    1    1    1    1    1    1    1    1  6.52746E+11 0.04416 
   94   94    1    1    1    1    1    1    1    1  3.13146E+11 0.03836 
   95   95    1    1    1    1    1    1    1    1  1.76220E+11 0.06690 
   96   96    1    1    1    1    1    1    1    1  7.09933E+10 0.13226 
   97   97    1    1    1    1    1    1    1    1  4.00078E+10 0.11130 
   98   98    1    1    1    1    1    1    1    1  1.60427E+10 0.26044 
   99   99    1    1    1    1    1    1    1    1  9.98781E+09 0.35075 
  100  100    1    1    1    1    1    1    1    1  3.73058E+09 0.49043 
];


