
DETdpaspec = [
    1    1    1    1    1    1    1    1    1    1  0.00000E+00 0.00000 
    2    2    1    1    1    1    1    1    1    1  0.00000E+00 0.00000 
    3    3    1    1    1    1    1    1    1    1  0.00000E+00 0.00000 
    4    4    1    1    1    1    1    1    1    1  0.00000E+00 0.00000 
    5    5    1    1    1    1    1    1    1    1  0.00000E+00 0.00000 
    6    6    1    1    1    1    1    1    1    1  0.00000E+00 0.00000 
    7    7    1    1    1    1    1    1    1    1  2.40189E+07 1.00000 
    8    8    1    1    1    1    1    1    1    1  2.08235E+07 1.00000 
    9    9    1    1    1    1    1    1    1    1  1.02916E+07 1.00000 
   10   10    1    1    1    1    1    1    1    1  1.06208E+08 1.00000 
   11   11    1    1    1    1    1    1    1    1  0.00000E+00 0.00000 
   12   12    1    1    1    1    1    1    1    1  2.74880E+08 0.52151 
   13   13    1    1    1    1    1    1    1    1  3.47847E+09 0.35425 
   14   14    1    1    1    1    1    1    1    1  4.14404E+09 0.44810 
   15   15    1    1    1    1    1    1    1    1  7.59193E+09 0.36114 
   16   16    1    1    1    1    1    1    1    1  3.08549E+09 0.35750 
   17   17    1    1    1    1    1    1    1    1  1.30366E+09 0.58935 
   18   18    1    1    1    1    1    1    1    1  9.44219E+09 0.21424 
   19   19    1    1    1    1    1    1    1    1  1.21284E+10 0.23637 
   20   20    1    1    1    1    1    1    1    1  3.49542E+10 0.17736 
   21   21    1    1    1    1    1    1    1    1  4.07864E+10 0.11847 
   22   22    1    1    1    1    1    1    1    1  5.79216E+10 0.10042 
   23   23    1    1    1    1    1    1    1    1  1.06427E+11 0.06446 
   24   24    1    1    1    1    1    1    1    1  1.92419E+11 0.04129 
   25   25    1    1    1    1    1    1    1    1  2.77317E+11 0.05478 
   26   26    1    1    1    1    1    1    1    1  4.94697E+11 0.03488 
   27   27    1    1    1    1    1    1    1    1  1.11597E+12 0.02313 
   28   28    1    1    1    1    1    1    1    1  2.83723E+12 0.01653 
   29   29    1    1    1    1    1    1    1    1  5.21539E+12 0.01285 
   30   30    1    1    1    1    1    1    1    1  1.30795E+13 0.00670 
   31   31    1    1    1    1    1    1    1    1  3.73859E+13 0.00593 
   32   32    1    1    1    1    1    1    1    1  6.54734E+13 0.00354 
   33   33    1    1    1    1    1    1    1    1  1.51857E+14 0.00329 
   34   34    1    1    1    1    1    1    1    1  2.10247E+14 0.00259 
   35   35    1    1    1    1    1    1    1    1  2.51409E+14 0.00266 
   36   36    1    1    1    1    1    1    1    1  1.63475E+14 0.00213 
   37   37    1    1    1    1    1    1    1    1  4.89971E+13 0.00187 
   38   38    1    1    1    1    1    1    1    1  2.78517E+14 0.00170 
   39   39    1    1    1    1    1    1    1    1  3.74386E+14 0.00153 
   40   40    1    1    1    1    1    1    1    1  6.44653E+14 0.00164 
   41   41    1    1    1    1    1    1    1    1  6.38035E+14 0.00130 
   42   42    1    1    1    1    1    1    1    1  1.37215E+15 0.00135 
   43   43    1    1    1    1    1    1    1    1  1.66010E+15 0.00103 
   44   44    1    1    1    1    1    1    1    1  2.39033E+15 0.00094 
   45   45    1    1    1    1    1    1    1    1  4.77087E+15 0.00080 
   46   46    1    1    1    1    1    1    1    1  2.21089E+15 0.00071 
   47   47    1    1    1    1    1    1    1    1  3.52786E+15 0.00065 
   48   48    1    1    1    1    1    1    1    1  4.91768E+15 0.00070 
   49   49    1    1    1    1    1    1    1    1  4.83270E+15 0.00059 
   50   50    1    1    1    1    1    1    1    1  7.59360E+15 0.00051 
   51   51    1    1    1    1    1    1    1    1  5.97871E+15 0.00059 
   52   52    1    1    1    1    1    1    1    1  7.18737E+15 0.00072 
   53   53    1    1    1    1    1    1    1    1  4.98115E+15 0.00069 
   54   54    1    1    1    1    1    1    1    1  6.17132E+15 0.00066 
   55   55    1    1    1    1    1    1    1    1  4.24152E+15 0.00071 
   56   56    1    1    1    1    1    1    1    1  5.74572E+14 0.00078 
   57   57    1    1    1    1    1    1    1    1  8.41722E+15 0.00060 
   58   58    1    1    1    1    1    1    1    1  3.81100E+15 0.00084 
   59   59    1    1    1    1    1    1    1    1  4.03675E+15 0.00071 
   60   60    1    1    1    1    1    1    1    1  3.17917E+15 0.00077 
   61   61    1    1    1    1    1    1    1    1  3.17784E+15 0.00066 
   62   62    1    1    1    1    1    1    1    1  3.31333E+15 0.00075 
   63   63    1    1    1    1    1    1    1    1  2.79115E+15 0.00096 
   64   64    1    1    1    1    1    1    1    1  2.21692E+15 0.00103 
   65   65    1    1    1    1    1    1    1    1  2.20116E+15 0.00085 
   66   66    1    1    1    1    1    1    1    1  1.59605E+15 0.00102 
   67   67    1    1    1    1    1    1    1    1  1.29577E+15 0.00091 
   68   68    1    1    1    1    1    1    1    1  1.15850E+15 0.00134 
   69   69    1    1    1    1    1    1    1    1  1.38848E+15 0.00094 
   70   70    1    1    1    1    1    1    1    1  1.18059E+15 0.00092 
   71   71    1    1    1    1    1    1    1    1  2.12939E+15 0.00088 
   72   72    1    1    1    1    1    1    1    1  1.50410E+15 0.00108 
   73   73    1    1    1    1    1    1    1    1  1.13651E+15 0.00123 
   74   74    1    1    1    1    1    1    1    1  9.20613E+14 0.00134 
   75   75    1    1    1    1    1    1    1    1  7.70244E+14 0.00123 
   76   76    1    1    1    1    1    1    1    1  8.99102E+14 0.00100 
   77   77    1    1    1    1    1    1    1    1  7.15750E+14 0.00151 
   78   78    1    1    1    1    1    1    1    1  5.74029E+14 0.00141 
   79   79    1    1    1    1    1    1    1    1  5.95877E+14 0.00144 
   80   80    1    1    1    1    1    1    1    1  4.42775E+14 0.00143 
   81   81    1    1    1    1    1    1    1    1  3.40851E+14 0.00144 
   82   82    1    1    1    1    1    1    1    1  2.62841E+14 0.00187 
   83   83    1    1    1    1    1    1    1    1  2.45073E+14 0.00182 
   84   84    1    1    1    1    1    1    1    1  1.76804E+14 0.00275 
   85   85    1    1    1    1    1    1    1    1  1.27820E+14 0.00257 
   86   86    1    1    1    1    1    1    1    1  1.19670E+14 0.00253 
   87   87    1    1    1    1    1    1    1    1  7.32198E+13 0.00329 
   88   88    1    1    1    1    1    1    1    1  4.90077E+13 0.00404 
   89   89    1    1    1    1    1    1    1    1  2.80803E+13 0.00709 
   90   90    1    1    1    1    1    1    1    1  1.85972E+13 0.00573 
   91   91    1    1    1    1    1    1    1    1  9.31960E+12 0.01076 
   92   92    1    1    1    1    1    1    1    1  4.41568E+12 0.01533 
   93   93    1    1    1    1    1    1    1    1  2.16746E+12 0.01823 
   94   94    1    1    1    1    1    1    1    1  1.02147E+12 0.02310 
   95   95    1    1    1    1    1    1    1    1  4.93155E+11 0.04319 
   96   96    1    1    1    1    1    1    1    1  2.54346E+11 0.06403 
   97   97    1    1    1    1    1    1    1    1  1.19236E+11 0.07046 
   98   98    1    1    1    1    1    1    1    1  4.57051E+10 0.18889 
   99   99    1    1    1    1    1    1    1    1  2.46266E+10 0.17403 
  100  100    1    1    1    1    1    1    1    1  1.85380E+10 0.23431 
];


