
DETdpaspec = [
    1    1    1    1    1    1    1    1    1    1  0.00000E+00 0.00000 
    2    2    1    1    1    1    1    1    1    1  0.00000E+00 0.00000 
    3    3    1    1    1    1    1    1    1    1  0.00000E+00 0.00000 
    4    4    1    1    1    1    1    1    1    1  0.00000E+00 0.00000 
    5    5    1    1    1    1    1    1    1    1  0.00000E+00 0.00000 
    6    6    1    1    1    1    1    1    1    1  0.00000E+00 0.00000 
    7    7    1    1    1    1    1    1    1    1  0.00000E+00 0.00000 
    8    8    1    1    1    1    1    1    1    1  0.00000E+00 0.00000 
    9    9    1    1    1    1    1    1    1    1  1.04728E+07 1.00000 
   10   10    1    1    1    1    1    1    1    1  9.50989E+07 0.70711 
   11   11    1    1    1    1    1    1    1    1  1.24355E+08 0.69476 
   12   12    1    1    1    1    1    1    1    1  6.45608E+07 0.69394 
   13   13    1    1    1    1    1    1    1    1  1.42820E+09 0.50160 
   14   14    1    1    1    1    1    1    1    1  4.07588E+09 0.43217 
   15   15    1    1    1    1    1    1    1    1  8.24187E+09 0.33734 
   16   16    1    1    1    1    1    1    1    1  2.34825E+09 0.23525 
   17   17    1    1    1    1    1    1    1    1  3.07419E+09 0.34276 
   18   18    1    1    1    1    1    1    1    1  9.72449E+09 0.22286 
   19   19    1    1    1    1    1    1    1    1  1.00816E+10 0.20697 
   20   20    1    1    1    1    1    1    1    1  3.57634E+10 0.11388 
   21   21    1    1    1    1    1    1    1    1  3.23397E+10 0.14317 
   22   22    1    1    1    1    1    1    1    1  7.07960E+10 0.12505 
   23   23    1    1    1    1    1    1    1    1  1.05996E+11 0.05968 
   24   24    1    1    1    1    1    1    1    1  1.72262E+11 0.08016 
   25   25    1    1    1    1    1    1    1    1  2.14274E+11 0.05549 
   26   26    1    1    1    1    1    1    1    1  3.26537E+11 0.03625 
   27   27    1    1    1    1    1    1    1    1  5.39822E+11 0.03554 
   28   28    1    1    1    1    1    1    1    1  1.11276E+12 0.02605 
   29   29    1    1    1    1    1    1    1    1  1.60943E+12 0.02431 
   30   30    1    1    1    1    1    1    1    1  5.00848E+12 0.01438 
   31   31    1    1    1    1    1    1    1    1  1.55454E+13 0.00665 
   32   32    1    1    1    1    1    1    1    1  2.90836E+13 0.00506 
   33   33    1    1    1    1    1    1    1    1  6.65983E+13 0.00452 
   34   34    1    1    1    1    1    1    1    1  9.02176E+13 0.00348 
   35   35    1    1    1    1    1    1    1    1  1.27183E+14 0.00266 
   36   36    1    1    1    1    1    1    1    1  8.91888E+13 0.00282 
   37   37    1    1    1    1    1    1    1    1  2.80359E+13 0.00295 
   38   38    1    1    1    1    1    1    1    1  1.53244E+14 0.00224 
   39   39    1    1    1    1    1    1    1    1  2.04749E+14 0.00208 
   40   40    1    1    1    1    1    1    1    1  3.46897E+14 0.00186 
   41   41    1    1    1    1    1    1    1    1  3.57332E+14 0.00185 
   42   42    1    1    1    1    1    1    1    1  7.44477E+14 0.00165 
   43   43    1    1    1    1    1    1    1    1  8.95780E+14 0.00159 
   44   44    1    1    1    1    1    1    1    1  1.28490E+15 0.00151 
   45   45    1    1    1    1    1    1    1    1  2.50598E+15 0.00141 
   46   46    1    1    1    1    1    1    1    1  1.18698E+15 0.00124 
   47   47    1    1    1    1    1    1    1    1  1.91802E+15 0.00100 
   48   48    1    1    1    1    1    1    1    1  2.67033E+15 0.00102 
   49   49    1    1    1    1    1    1    1    1  2.64339E+15 0.00117 
   50   50    1    1    1    1    1    1    1    1  4.06181E+15 0.00124 
   51   51    1    1    1    1    1    1    1    1  3.27509E+15 0.00112 
   52   52    1    1    1    1    1    1    1    1  3.81270E+15 0.00111 
   53   53    1    1    1    1    1    1    1    1  2.66139E+15 0.00121 
   54   54    1    1    1    1    1    1    1    1  3.19478E+15 0.00138 
   55   55    1    1    1    1    1    1    1    1  2.20914E+15 0.00139 
   56   56    1    1    1    1    1    1    1    1  3.02007E+14 0.00158 
   57   57    1    1    1    1    1    1    1    1  4.38813E+15 0.00128 
   58   58    1    1    1    1    1    1    1    1  1.90741E+15 0.00108 
   59   59    1    1    1    1    1    1    1    1  2.04018E+15 0.00133 
   60   60    1    1    1    1    1    1    1    1  1.56087E+15 0.00147 
   61   61    1    1    1    1    1    1    1    1  1.56964E+15 0.00128 
   62   62    1    1    1    1    1    1    1    1  1.62902E+15 0.00128 
   63   63    1    1    1    1    1    1    1    1  1.36180E+15 0.00137 
   64   64    1    1    1    1    1    1    1    1  1.08281E+15 0.00109 
   65   65    1    1    1    1    1    1    1    1  1.07437E+15 0.00182 
   66   66    1    1    1    1    1    1    1    1  7.74300E+14 0.00201 
   67   67    1    1    1    1    1    1    1    1  6.33489E+14 0.00193 
   68   68    1    1    1    1    1    1    1    1  5.70524E+14 0.00182 
   69   69    1    1    1    1    1    1    1    1  6.84080E+14 0.00167 
   70   70    1    1    1    1    1    1    1    1  5.84420E+14 0.00191 
   71   71    1    1    1    1    1    1    1    1  1.07621E+15 0.00178 
   72   72    1    1    1    1    1    1    1    1  7.64310E+14 0.00155 
   73   73    1    1    1    1    1    1    1    1  5.74264E+14 0.00157 
   74   74    1    1    1    1    1    1    1    1  4.55465E+14 0.00152 
   75   75    1    1    1    1    1    1    1    1  3.72813E+14 0.00201 
   76   76    1    1    1    1    1    1    1    1  4.25694E+14 0.00153 
   77   77    1    1    1    1    1    1    1    1  3.32382E+14 0.00216 
   78   78    1    1    1    1    1    1    1    1  2.61042E+14 0.00239 
   79   79    1    1    1    1    1    1    1    1  2.67368E+14 0.00215 
   80   80    1    1    1    1    1    1    1    1  1.97616E+14 0.00188 
   81   81    1    1    1    1    1    1    1    1  1.51175E+14 0.00239 
   82   82    1    1    1    1    1    1    1    1  1.15694E+14 0.00270 
   83   83    1    1    1    1    1    1    1    1  1.08523E+14 0.00300 
   84   84    1    1    1    1    1    1    1    1  7.82281E+13 0.00268 
   85   85    1    1    1    1    1    1    1    1  5.59152E+13 0.00496 
   86   86    1    1    1    1    1    1    1    1  5.24933E+13 0.00516 
   87   87    1    1    1    1    1    1    1    1  3.25623E+13 0.00558 
   88   88    1    1    1    1    1    1    1    1  2.19897E+13 0.00729 
   89   89    1    1    1    1    1    1    1    1  1.25873E+13 0.00725 
   90   90    1    1    1    1    1    1    1    1  8.29849E+12 0.00925 
   91   91    1    1    1    1    1    1    1    1  4.34592E+12 0.01711 
   92   92    1    1    1    1    1    1    1    1  2.04576E+12 0.01864 
   93   93    1    1    1    1    1    1    1    1  1.04572E+12 0.02959 
   94   94    1    1    1    1    1    1    1    1  4.42492E+11 0.03210 
   95   95    1    1    1    1    1    1    1    1  2.17847E+11 0.04579 
   96   96    1    1    1    1    1    1    1    1  1.19918E+11 0.11511 
   97   97    1    1    1    1    1    1    1    1  4.95716E+10 0.13440 
   98   98    1    1    1    1    1    1    1    1  2.81845E+10 0.13250 
   99   99    1    1    1    1    1    1    1    1  1.11328E+10 0.25402 
  100  100    1    1    1    1    1    1    1    1  1.95663E+10 0.26184 
];


