
DETdpaspec = [
    1    1    1    1    1    1    1    1    1    1  0.00000E+00 0.00000 
    2    2    1    1    1    1    1    1    1    1  0.00000E+00 0.00000 
    3    3    1    1    1    1    1    1    1    1  0.00000E+00 0.00000 
    4    4    1    1    1    1    1    1    1    1  0.00000E+00 0.00000 
    5    5    1    1    1    1    1    1    1    1  0.00000E+00 0.00000 
    6    6    1    1    1    1    1    1    1    1  0.00000E+00 0.00000 
    7    7    1    1    1    1    1    1    1    1  0.00000E+00 0.00000 
    8    8    1    1    1    1    1    1    1    1  1.88421E+07 1.00000 
    9    9    1    1    1    1    1    1    1    1  3.50913E+07 0.69061 
   10   10    1    1    1    1    1    1    1    1  4.41291E+07 1.00000 
   11   11    1    1    1    1    1    1    1    1  5.95224E+07 1.00000 
   12   12    1    1    1    1    1    1    1    1  4.17556E+07 0.79704 
   13   13    1    1    1    1    1    1    1    1  6.90349E+08 0.70306 
   14   14    1    1    1    1    1    1    1    1  1.65854E+09 0.37418 
   15   15    1    1    1    1    1    1    1    1  2.79842E+09 0.41435 
   16   16    1    1    1    1    1    1    1    1  1.98798E+09 0.38524 
   17   17    1    1    1    1    1    1    1    1  3.00329E+09 0.32237 
   18   18    1    1    1    1    1    1    1    1  8.52958E+09 0.17643 
   19   19    1    1    1    1    1    1    1    1  9.68327E+09 0.18011 
   20   20    1    1    1    1    1    1    1    1  3.63527E+10 0.11423 
   21   21    1    1    1    1    1    1    1    1  2.33570E+10 0.09789 
   22   22    1    1    1    1    1    1    1    1  5.85116E+10 0.10915 
   23   23    1    1    1    1    1    1    1    1  8.73834E+10 0.08302 
   24   24    1    1    1    1    1    1    1    1  1.32125E+11 0.05744 
   25   25    1    1    1    1    1    1    1    1  1.51927E+11 0.06957 
   26   26    1    1    1    1    1    1    1    1  2.65857E+11 0.05399 
   27   27    1    1    1    1    1    1    1    1  4.77745E+11 0.03531 
   28   28    1    1    1    1    1    1    1    1  8.16141E+11 0.03459 
   29   29    1    1    1    1    1    1    1    1  1.14977E+12 0.02516 
   30   30    1    1    1    1    1    1    1    1  3.64072E+12 0.01714 
   31   31    1    1    1    1    1    1    1    1  1.15944E+13 0.00875 
   32   32    1    1    1    1    1    1    1    1  2.13872E+13 0.00638 
   33   33    1    1    1    1    1    1    1    1  4.74786E+13 0.00448 
   34   34    1    1    1    1    1    1    1    1  6.29930E+13 0.00398 
   35   35    1    1    1    1    1    1    1    1  9.05160E+13 0.00304 
   36   36    1    1    1    1    1    1    1    1  6.38862E+13 0.00268 
   37   37    1    1    1    1    1    1    1    1  2.02846E+13 0.00269 
   38   38    1    1    1    1    1    1    1    1  1.09034E+14 0.00257 
   39   39    1    1    1    1    1    1    1    1  1.46040E+14 0.00202 
   40   40    1    1    1    1    1    1    1    1  2.44285E+14 0.00191 
   41   41    1    1    1    1    1    1    1    1  2.53252E+14 0.00217 
   42   42    1    1    1    1    1    1    1    1  5.21234E+14 0.00202 
   43   43    1    1    1    1    1    1    1    1  6.21994E+14 0.00173 
   44   44    1    1    1    1    1    1    1    1  8.85828E+14 0.00146 
   45   45    1    1    1    1    1    1    1    1  1.69920E+15 0.00137 
   46   46    1    1    1    1    1    1    1    1  8.02188E+14 0.00145 
   47   47    1    1    1    1    1    1    1    1  1.29689E+15 0.00178 
   48   48    1    1    1    1    1    1    1    1  1.79583E+15 0.00184 
   49   49    1    1    1    1    1    1    1    1  1.77335E+15 0.00169 
   50   50    1    1    1    1    1    1    1    1  2.69784E+15 0.00166 
   51   51    1    1    1    1    1    1    1    1  2.18107E+15 0.00144 
   52   52    1    1    1    1    1    1    1    1  2.51231E+15 0.00169 
   53   53    1    1    1    1    1    1    1    1  1.74996E+15 0.00191 
   54   54    1    1    1    1    1    1    1    1  2.07616E+15 0.00154 
   55   55    1    1    1    1    1    1    1    1  1.43500E+15 0.00177 
   56   56    1    1    1    1    1    1    1    1  1.96681E+14 0.00185 
   57   57    1    1    1    1    1    1    1    1  2.84826E+15 0.00161 
   58   58    1    1    1    1    1    1    1    1  1.22276E+15 0.00167 
   59   59    1    1    1    1    1    1    1    1  1.30910E+15 0.00181 
   60   60    1    1    1    1    1    1    1    1  9.92950E+14 0.00185 
   61   61    1    1    1    1    1    1    1    1  9.98890E+14 0.00205 
   62   62    1    1    1    1    1    1    1    1  1.03247E+15 0.00179 
   63   63    1    1    1    1    1    1    1    1  8.61488E+14 0.00187 
   64   64    1    1    1    1    1    1    1    1  6.83508E+14 0.00170 
   65   65    1    1    1    1    1    1    1    1  6.75982E+14 0.00225 
   66   66    1    1    1    1    1    1    1    1  4.86488E+14 0.00208 
   67   67    1    1    1    1    1    1    1    1  3.98414E+14 0.00189 
   68   68    1    1    1    1    1    1    1    1  3.59307E+14 0.00244 
   69   69    1    1    1    1    1    1    1    1  4.30962E+14 0.00202 
   70   70    1    1    1    1    1    1    1    1  3.66271E+14 0.00278 
   71   71    1    1    1    1    1    1    1    1  6.80490E+14 0.00251 
   72   72    1    1    1    1    1    1    1    1  4.83364E+14 0.00232 
   73   73    1    1    1    1    1    1    1    1  3.62159E+14 0.00210 
   74   74    1    1    1    1    1    1    1    1  2.85365E+14 0.00276 
   75   75    1    1    1    1    1    1    1    1  2.31597E+14 0.00252 
   76   76    1    1    1    1    1    1    1    1  2.63189E+14 0.00286 
   77   77    1    1    1    1    1    1    1    1  2.04220E+14 0.00307 
   78   78    1    1    1    1    1    1    1    1  1.59869E+14 0.00343 
   79   79    1    1    1    1    1    1    1    1  1.63413E+14 0.00305 
   80   80    1    1    1    1    1    1    1    1  1.19901E+14 0.00262 
   81   81    1    1    1    1    1    1    1    1  9.21550E+13 0.00430 
   82   82    1    1    1    1    1    1    1    1  7.05868E+13 0.00383 
   83   83    1    1    1    1    1    1    1    1  6.58766E+13 0.00404 
   84   84    1    1    1    1    1    1    1    1  4.72138E+13 0.00466 
   85   85    1    1    1    1    1    1    1    1  3.40131E+13 0.00604 
   86   86    1    1    1    1    1    1    1    1  3.19376E+13 0.00524 
   87   87    1    1    1    1    1    1    1    1  1.99273E+13 0.00738 
   88   88    1    1    1    1    1    1    1    1  1.33689E+13 0.00873 
   89   89    1    1    1    1    1    1    1    1  7.74836E+12 0.00837 
   90   90    1    1    1    1    1    1    1    1  5.17462E+12 0.01221 
   91   91    1    1    1    1    1    1    1    1  2.69148E+12 0.02043 
   92   92    1    1    1    1    1    1    1    1  1.25525E+12 0.01930 
   93   93    1    1    1    1    1    1    1    1  6.33012E+11 0.03461 
   94   94    1    1    1    1    1    1    1    1  2.99642E+11 0.04970 
   95   95    1    1    1    1    1    1    1    1  1.45228E+11 0.06692 
   96   96    1    1    1    1    1    1    1    1  6.93360E+10 0.10325 
   97   97    1    1    1    1    1    1    1    1  2.92504E+10 0.14117 
   98   98    1    1    1    1    1    1    1    1  1.64568E+10 0.19035 
   99   99    1    1    1    1    1    1    1    1  7.10212E+09 0.30671 
  100  100    1    1    1    1    1    1    1    1  7.08205E+09 0.41044 
];


