
DETdpaspec = [
    1    1    1    1    1    1    1    1    1    1  0.00000E+00 0.00000 
    2    2    1    1    1    1    1    1    1    1  0.00000E+00 0.00000 
    3    3    1    1    1    1    1    1    1    1  0.00000E+00 0.00000 
    4    4    1    1    1    1    1    1    1    1  0.00000E+00 0.00000 
    5    5    1    1    1    1    1    1    1    1  0.00000E+00 0.00000 
    6    6    1    1    1    1    1    1    1    1  0.00000E+00 0.00000 
    7    7    1    1    1    1    1    1    1    1  0.00000E+00 0.00000 
    8    8    1    1    1    1    1    1    1    1  2.14950E+07 1.00000 
    9    9    1    1    1    1    1    1    1    1  1.05399E+07 1.00000 
   10   10    1    1    1    1    1    1    1    1  5.27591E+07 1.00000 
   11   11    1    1    1    1    1    1    1    1  2.54673E+08 0.81746 
   12   12    1    1    1    1    1    1    1    1  3.27106E+07 0.82670 
   13   13    1    1    1    1    1    1    1    1  1.71426E+09 0.69807 
   14   14    1    1    1    1    1    1    1    1  4.89377E+09 0.41952 
   15   15    1    1    1    1    1    1    1    1  4.15312E+09 0.38959 
   16   16    1    1    1    1    1    1    1    1  1.66580E+09 0.42793 
   17   17    1    1    1    1    1    1    1    1  2.31063E+09 0.25093 
   18   18    1    1    1    1    1    1    1    1  7.37060E+09 0.20372 
   19   19    1    1    1    1    1    1    1    1  5.64997E+09 0.23003 
   20   20    1    1    1    1    1    1    1    1  2.67526E+10 0.16887 
   21   21    1    1    1    1    1    1    1    1  2.26908E+10 0.12449 
   22   22    1    1    1    1    1    1    1    1  6.26620E+10 0.10285 
   23   23    1    1    1    1    1    1    1    1  8.08150E+10 0.08077 
   24   24    1    1    1    1    1    1    1    1  1.28142E+11 0.06942 
   25   25    1    1    1    1    1    1    1    1  1.55937E+11 0.07005 
   26   26    1    1    1    1    1    1    1    1  2.45426E+11 0.05025 
   27   27    1    1    1    1    1    1    1    1  4.19561E+11 0.04016 
   28   28    1    1    1    1    1    1    1    1  8.19011E+11 0.03034 
   29   29    1    1    1    1    1    1    1    1  1.18193E+12 0.01894 
   30   30    1    1    1    1    1    1    1    1  3.71577E+12 0.01424 
   31   31    1    1    1    1    1    1    1    1  1.12798E+13 0.00634 
   32   32    1    1    1    1    1    1    1    1  2.08491E+13 0.00887 
   33   33    1    1    1    1    1    1    1    1  4.60636E+13 0.00510 
   34   34    1    1    1    1    1    1    1    1  6.12369E+13 0.00371 
   35   35    1    1    1    1    1    1    1    1  8.76913E+13 0.00266 
   36   36    1    1    1    1    1    1    1    1  6.17834E+13 0.00284 
   37   37    1    1    1    1    1    1    1    1  1.95184E+13 0.00273 
   38   38    1    1    1    1    1    1    1    1  1.05378E+14 0.00214 
   39   39    1    1    1    1    1    1    1    1  1.40927E+14 0.00205 
   40   40    1    1    1    1    1    1    1    1  2.35848E+14 0.00215 
   41   41    1    1    1    1    1    1    1    1  2.44189E+14 0.00208 
   42   42    1    1    1    1    1    1    1    1  5.01939E+14 0.00219 
   43   43    1    1    1    1    1    1    1    1  5.99849E+14 0.00209 
   44   44    1    1    1    1    1    1    1    1  8.50268E+14 0.00202 
   45   45    1    1    1    1    1    1    1    1  1.63102E+15 0.00209 
   46   46    1    1    1    1    1    1    1    1  7.71165E+14 0.00181 
   47   47    1    1    1    1    1    1    1    1  1.24686E+15 0.00198 
   48   48    1    1    1    1    1    1    1    1  1.72600E+15 0.00201 
   49   49    1    1    1    1    1    1    1    1  1.70478E+15 0.00215 
   50   50    1    1    1    1    1    1    1    1  2.59007E+15 0.00230 
   51   51    1    1    1    1    1    1    1    1  2.09584E+15 0.00226 
   52   52    1    1    1    1    1    1    1    1  2.40765E+15 0.00250 
   53   53    1    1    1    1    1    1    1    1  1.67922E+15 0.00231 
   54   54    1    1    1    1    1    1    1    1  1.99353E+15 0.00237 
   55   55    1    1    1    1    1    1    1    1  1.37716E+15 0.00249 
   56   56    1    1    1    1    1    1    1    1  1.89156E+14 0.00269 
   57   57    1    1    1    1    1    1    1    1  2.73163E+15 0.00237 
   58   58    1    1    1    1    1    1    1    1  1.17078E+15 0.00240 
   59   59    1    1    1    1    1    1    1    1  1.25410E+15 0.00222 
   60   60    1    1    1    1    1    1    1    1  9.52385E+14 0.00224 
   61   61    1    1    1    1    1    1    1    1  9.57810E+14 0.00262 
   62   62    1    1    1    1    1    1    1    1  9.89551E+14 0.00261 
   63   63    1    1    1    1    1    1    1    1  8.24288E+14 0.00302 
   64   64    1    1    1    1    1    1    1    1  6.52640E+14 0.00298 
   65   65    1    1    1    1    1    1    1    1  6.45120E+14 0.00291 
   66   66    1    1    1    1    1    1    1    1  4.64981E+14 0.00320 
   67   67    1    1    1    1    1    1    1    1  3.82277E+14 0.00293 
   68   68    1    1    1    1    1    1    1    1  3.44841E+14 0.00296 
   69   69    1    1    1    1    1    1    1    1  4.12407E+14 0.00231 
   70   70    1    1    1    1    1    1    1    1  3.52523E+14 0.00252 
   71   71    1    1    1    1    1    1    1    1  6.50714E+14 0.00246 
   72   72    1    1    1    1    1    1    1    1  4.61399E+14 0.00340 
   73   73    1    1    1    1    1    1    1    1  3.45090E+14 0.00352 
   74   74    1    1    1    1    1    1    1    1  2.71874E+14 0.00371 
   75   75    1    1    1    1    1    1    1    1  2.21268E+14 0.00322 
   76   76    1    1    1    1    1    1    1    1  2.51583E+14 0.00343 
   77   77    1    1    1    1    1    1    1    1  1.95087E+14 0.00399 
   78   78    1    1    1    1    1    1    1    1  1.52691E+14 0.00297 
   79   79    1    1    1    1    1    1    1    1  1.55806E+14 0.00376 
   80   80    1    1    1    1    1    1    1    1  1.14626E+14 0.00299 
   81   81    1    1    1    1    1    1    1    1  8.74138E+13 0.00411 
   82   82    1    1    1    1    1    1    1    1  6.74617E+13 0.00400 
   83   83    1    1    1    1    1    1    1    1  6.30522E+13 0.00422 
   84   84    1    1    1    1    1    1    1    1  4.51491E+13 0.00531 
   85   85    1    1    1    1    1    1    1    1  3.25251E+13 0.00610 
   86   86    1    1    1    1    1    1    1    1  3.01206E+13 0.00626 
   87   87    1    1    1    1    1    1    1    1  1.86672E+13 0.00741 
   88   88    1    1    1    1    1    1    1    1  1.25877E+13 0.01046 
   89   89    1    1    1    1    1    1    1    1  7.46389E+12 0.01148 
   90   90    1    1    1    1    1    1    1    1  4.82757E+12 0.01669 
   91   91    1    1    1    1    1    1    1    1  2.47176E+12 0.01766 
   92   92    1    1    1    1    1    1    1    1  1.14940E+12 0.03353 
   93   93    1    1    1    1    1    1    1    1  6.01907E+11 0.03116 
   94   94    1    1    1    1    1    1    1    1  2.81316E+11 0.05322 
   95   95    1    1    1    1    1    1    1    1  1.40400E+11 0.07736 
   96   96    1    1    1    1    1    1    1    1  7.58580E+10 0.11987 
   97   97    1    1    1    1    1    1    1    1  3.16780E+10 0.14527 
   98   98    1    1    1    1    1    1    1    1  1.64971E+10 0.21218 
   99   99    1    1    1    1    1    1    1    1  7.01898E+09 0.33540 
  100  100    1    1    1    1    1    1    1    1  5.93284E+09 0.32247 
];


