
DETdpaspec = [
    1    1    1    1    1    1    1    1    1    1  0.00000E+00 0.00000 
    2    2    1    1    1    1    1    1    1    1  5.16584E+06 1.00000 
    3    3    1    1    1    1    1    1    1    1  0.00000E+00 0.00000 
    4    4    1    1    1    1    1    1    1    1  0.00000E+00 0.00000 
    5    5    1    1    1    1    1    1    1    1  0.00000E+00 0.00000 
    6    6    1    1    1    1    1    1    1    1  0.00000E+00 0.00000 
    7    7    1    1    1    1    1    1    1    1  1.98525E+07 1.00000 
    8    8    1    1    1    1    1    1    1    1  0.00000E+00 0.00000 
    9    9    1    1    1    1    1    1    1    1  2.90705E+07 1.00000 
   10   10    1    1    1    1    1    1    1    1  0.00000E+00 0.00000 
   11   11    1    1    1    1    1    1    1    1  0.00000E+00 0.00000 
   12   12    1    1    1    1    1    1    1    1  1.39955E+08 0.47873 
   13   13    1    1    1    1    1    1    1    1  1.72221E+09 0.48817 
   14   14    1    1    1    1    1    1    1    1  1.01819E+09 0.45045 
   15   15    1    1    1    1    1    1    1    1  3.15009E+09 0.51788 
   16   16    1    1    1    1    1    1    1    1  7.98760E+08 0.32409 
   17   17    1    1    1    1    1    1    1    1  2.16397E+09 0.45367 
   18   18    1    1    1    1    1    1    1    1  7.30307E+09 0.22258 
   19   19    1    1    1    1    1    1    1    1  6.70063E+09 0.18028 
   20   20    1    1    1    1    1    1    1    1  3.18982E+10 0.13856 
   21   21    1    1    1    1    1    1    1    1  2.22694E+10 0.17809 
   22   22    1    1    1    1    1    1    1    1  5.37496E+10 0.11845 
   23   23    1    1    1    1    1    1    1    1  6.68170E+10 0.08672 
   24   24    1    1    1    1    1    1    1    1  1.09277E+11 0.07186 
   25   25    1    1    1    1    1    1    1    1  1.22142E+11 0.07338 
   26   26    1    1    1    1    1    1    1    1  1.99627E+11 0.06217 
   27   27    1    1    1    1    1    1    1    1  3.90335E+11 0.03822 
   28   28    1    1    1    1    1    1    1    1  7.05124E+11 0.03389 
   29   29    1    1    1    1    1    1    1    1  9.37113E+11 0.02452 
   30   30    1    1    1    1    1    1    1    1  2.98822E+12 0.01680 
   31   31    1    1    1    1    1    1    1    1  8.76567E+12 0.01015 
   32   32    1    1    1    1    1    1    1    1  1.57475E+13 0.00674 
   33   33    1    1    1    1    1    1    1    1  3.33485E+13 0.00593 
   34   34    1    1    1    1    1    1    1    1  4.27032E+13 0.00537 
   35   35    1    1    1    1    1    1    1    1  6.27464E+13 0.00531 
   36   36    1    1    1    1    1    1    1    1  4.42382E+13 0.00557 
   37   37    1    1    1    1    1    1    1    1  1.42019E+13 0.00506 
   38   38    1    1    1    1    1    1    1    1  7.46336E+13 0.00469 
   39   39    1    1    1    1    1    1    1    1  9.90802E+13 0.00488 
   40   40    1    1    1    1    1    1    1    1  1.63372E+14 0.00506 
   41   41    1    1    1    1    1    1    1    1  1.70294E+14 0.00510 
   42   42    1    1    1    1    1    1    1    1  3.41992E+14 0.00512 
   43   43    1    1    1    1    1    1    1    1  4.04769E+14 0.00539 
   44   44    1    1    1    1    1    1    1    1  5.69455E+14 0.00529 
   45   45    1    1    1    1    1    1    1    1  1.06694E+15 0.00481 
   46   46    1    1    1    1    1    1    1    1  5.06014E+14 0.00472 
   47   47    1    1    1    1    1    1    1    1  8.18047E+14 0.00480 
   48   48    1    1    1    1    1    1    1    1  1.12610E+15 0.00459 
   49   49    1    1    1    1    1    1    1    1  1.11169E+15 0.00459 
   50   50    1    1    1    1    1    1    1    1  1.67361E+15 0.00486 
   51   51    1    1    1    1    1    1    1    1  1.36115E+15 0.00510 
   52   52    1    1    1    1    1    1    1    1  1.54468E+15 0.00503 
   53   53    1    1    1    1    1    1    1    1  1.08063E+15 0.00527 
   54   54    1    1    1    1    1    1    1    1  1.26892E+15 0.00524 
   55   55    1    1    1    1    1    1    1    1  8.81438E+14 0.00545 
   56   56    1    1    1    1    1    1    1    1  1.21445E+14 0.00545 
   57   57    1    1    1    1    1    1    1    1  1.74861E+15 0.00559 
   58   58    1    1    1    1    1    1    1    1  7.42415E+14 0.00543 
   59   59    1    1    1    1    1    1    1    1  7.95496E+14 0.00558 
   60   60    1    1    1    1    1    1    1    1  5.99641E+14 0.00613 
   61   61    1    1    1    1    1    1    1    1  6.03325E+14 0.00607 
   62   62    1    1    1    1    1    1    1    1  6.22431E+14 0.00589 
   63   63    1    1    1    1    1    1    1    1  5.16517E+14 0.00565 
   64   64    1    1    1    1    1    1    1    1  4.11275E+14 0.00589 
   65   65    1    1    1    1    1    1    1    1  4.06088E+14 0.00563 
   66   66    1    1    1    1    1    1    1    1  2.92931E+14 0.00617 
   67   67    1    1    1    1    1    1    1    1  2.41450E+14 0.00646 
   68   68    1    1    1    1    1    1    1    1  2.17038E+14 0.00645 
   69   69    1    1    1    1    1    1    1    1  2.60983E+14 0.00612 
   70   70    1    1    1    1    1    1    1    1  2.23566E+14 0.00615 
   71   71    1    1    1    1    1    1    1    1  4.17253E+14 0.00656 
   72   72    1    1    1    1    1    1    1    1  2.96820E+14 0.00650 
   73   73    1    1    1    1    1    1    1    1  2.21868E+14 0.00627 
   74   74    1    1    1    1    1    1    1    1  1.73313E+14 0.00761 
   75   75    1    1    1    1    1    1    1    1  1.39818E+14 0.00752 
   76   76    1    1    1    1    1    1    1    1  1.57684E+14 0.00651 
   77   77    1    1    1    1    1    1    1    1  1.20831E+14 0.00585 
   78   78    1    1    1    1    1    1    1    1  9.42248E+13 0.00708 
   79   79    1    1    1    1    1    1    1    1  9.55389E+13 0.00705 
   80   80    1    1    1    1    1    1    1    1  7.01168E+13 0.00678 
   81   81    1    1    1    1    1    1    1    1  5.35206E+13 0.00600 
   82   82    1    1    1    1    1    1    1    1  4.10926E+13 0.00929 
   83   83    1    1    1    1    1    1    1    1  3.85527E+13 0.00728 
   84   84    1    1    1    1    1    1    1    1  2.73420E+13 0.00885 
   85   85    1    1    1    1    1    1    1    1  1.95532E+13 0.00653 
   86   86    1    1    1    1    1    1    1    1  1.85499E+13 0.01146 
   87   87    1    1    1    1    1    1    1    1  1.14362E+13 0.01353 
   88   88    1    1    1    1    1    1    1    1  7.78506E+12 0.01146 
   89   89    1    1    1    1    1    1    1    1  4.57504E+12 0.01482 
   90   90    1    1    1    1    1    1    1    1  3.02994E+12 0.02030 
   91   91    1    1    1    1    1    1    1    1  1.50559E+12 0.02154 
   92   92    1    1    1    1    1    1    1    1  7.47294E+11 0.03987 
   93   93    1    1    1    1    1    1    1    1  3.44203E+11 0.03733 
   94   94    1    1    1    1    1    1    1    1  1.96012E+11 0.06566 
   95   95    1    1    1    1    1    1    1    1  8.19323E+10 0.08019 
   96   96    1    1    1    1    1    1    1    1  3.65451E+10 0.13323 
   97   97    1    1    1    1    1    1    1    1  2.45878E+10 0.16090 
   98   98    1    1    1    1    1    1    1    1  7.80543E+09 0.24146 
   99   99    1    1    1    1    1    1    1    1  4.41669E+09 0.58688 
  100  100    1    1    1    1    1    1    1    1  1.14071E+09 0.72513 
];


