
DETdpaspec = [
    1    1    1    1    1    1    1    1    1    1  0.00000E+00 0.00000 
    2    2    1    1    1    1    1    1    1    1  0.00000E+00 0.00000 
    3    3    1    1    1    1    1    1    1    1  0.00000E+00 0.00000 
    4    4    1    1    1    1    1    1    1    1  0.00000E+00 0.00000 
    5    5    1    1    1    1    1    1    1    1  0.00000E+00 0.00000 
    6    6    1    1    1    1    1    1    1    1  0.00000E+00 0.00000 
    7    7    1    1    1    1    1    1    1    1  0.00000E+00 0.00000 
    8    8    1    1    1    1    1    1    1    1  0.00000E+00 0.00000 
    9    9    1    1    1    1    1    1    1    1  0.00000E+00 0.00000 
   10   10    1    1    1    1    1    1    1    1  0.00000E+00 0.00000 
   11   11    1    1    1    1    1    1    1    1  1.55779E+08 0.54891 
   12   12    1    1    1    1    1    1    1    1  6.40331E+07 0.56308 
   13   13    1    1    1    1    1    1    1    1  9.97837E+08 0.59076 
   14   14    1    1    1    1    1    1    1    1  2.83154E+09 0.32870 
   15   15    1    1    1    1    1    1    1    1  5.07076E+09 0.32595 
   16   16    1    1    1    1    1    1    1    1  1.95679E+09 0.36276 
   17   17    1    1    1    1    1    1    1    1  4.00392E+09 0.26291 
   18   18    1    1    1    1    1    1    1    1  1.14286E+10 0.22567 
   19   19    1    1    1    1    1    1    1    1  1.10770E+10 0.18910 
   20   20    1    1    1    1    1    1    1    1  4.27917E+10 0.13641 
   21   21    1    1    1    1    1    1    1    1  2.69326E+10 0.09490 
   22   22    1    1    1    1    1    1    1    1  7.34533E+10 0.08091 
   23   23    1    1    1    1    1    1    1    1  9.08467E+10 0.05779 
   24   24    1    1    1    1    1    1    1    1  1.65427E+11 0.04282 
   25   25    1    1    1    1    1    1    1    1  2.24894E+11 0.04087 
   26   26    1    1    1    1    1    1    1    1  3.14054E+11 0.04140 
   27   27    1    1    1    1    1    1    1    1  5.73217E+11 0.03325 
   28   28    1    1    1    1    1    1    1    1  1.15307E+12 0.01977 
   29   29    1    1    1    1    1    1    1    1  1.75964E+12 0.02033 
   30   30    1    1    1    1    1    1    1    1  5.21292E+12 0.01203 
   31   31    1    1    1    1    1    1    1    1  1.59052E+13 0.00465 
   32   32    1    1    1    1    1    1    1    1  3.01280E+13 0.00474 
   33   33    1    1    1    1    1    1    1    1  6.97103E+13 0.00405 
   34   34    1    1    1    1    1    1    1    1  9.49992E+13 0.00291 
   35   35    1    1    1    1    1    1    1    1  1.33136E+14 0.00292 
   36   36    1    1    1    1    1    1    1    1  9.35925E+13 0.00248 
   37   37    1    1    1    1    1    1    1    1  2.93384E+13 0.00217 
   38   38    1    1    1    1    1    1    1    1  1.60713E+14 0.00178 
   39   39    1    1    1    1    1    1    1    1  2.15134E+14 0.00139 
   40   40    1    1    1    1    1    1    1    1  3.64734E+14 0.00171 
   41   41    1    1    1    1    1    1    1    1  3.75945E+14 0.00176 
   42   42    1    1    1    1    1    1    1    1  7.84077E+14 0.00142 
   43   43    1    1    1    1    1    1    1    1  9.43144E+14 0.00120 
   44   44    1    1    1    1    1    1    1    1  1.35575E+15 0.00120 
   45   45    1    1    1    1    1    1    1    1  2.65366E+15 0.00133 
   46   46    1    1    1    1    1    1    1    1  1.25782E+15 0.00115 
   47   47    1    1    1    1    1    1    1    1  2.03141E+15 0.00121 
   48   48    1    1    1    1    1    1    1    1  2.83212E+15 0.00106 
   49   49    1    1    1    1    1    1    1    1  2.80218E+15 0.00105 
   50   50    1    1    1    1    1    1    1    1  4.31171E+15 0.00124 
   51   51    1    1    1    1    1    1    1    1  3.48007E+15 0.00124 
   52   52    1    1    1    1    1    1    1    1  4.06065E+15 0.00104 
   53   53    1    1    1    1    1    1    1    1  2.83266E+15 0.00133 
   54   54    1    1    1    1    1    1    1    1  3.40794E+15 0.00127 
   55   55    1    1    1    1    1    1    1    1  2.35614E+15 0.00137 
   56   56    1    1    1    1    1    1    1    1  3.21919E+14 0.00163 
   57   57    1    1    1    1    1    1    1    1  4.68677E+15 0.00119 
   58   58    1    1    1    1    1    1    1    1  2.04327E+15 0.00132 
   59   59    1    1    1    1    1    1    1    1  2.18416E+15 0.00135 
   60   60    1    1    1    1    1    1    1    1  1.67491E+15 0.00139 
   61   61    1    1    1    1    1    1    1    1  1.68466E+15 0.00123 
   62   62    1    1    1    1    1    1    1    1  1.74772E+15 0.00136 
   63   63    1    1    1    1    1    1    1    1  1.46150E+15 0.00175 
   64   64    1    1    1    1    1    1    1    1  1.16231E+15 0.00164 
   65   65    1    1    1    1    1    1    1    1  1.15169E+15 0.00162 
   66   66    1    1    1    1    1    1    1    1  8.31077E+14 0.00154 
   67   67    1    1    1    1    1    1    1    1  6.81127E+14 0.00127 
   68   68    1    1    1    1    1    1    1    1  6.12521E+14 0.00138 
   69   69    1    1    1    1    1    1    1    1  7.35102E+14 0.00118 
   70   70    1    1    1    1    1    1    1    1  6.27586E+14 0.00154 
   71   71    1    1    1    1    1    1    1    1  1.15601E+15 0.00178 
   72   72    1    1    1    1    1    1    1    1  8.18996E+14 0.00155 
   73   73    1    1    1    1    1    1    1    1  6.15818E+14 0.00117 
   74   74    1    1    1    1    1    1    1    1  4.89962E+14 0.00188 
   75   75    1    1    1    1    1    1    1    1  4.00872E+14 0.00217 
   76   76    1    1    1    1    1    1    1    1  4.57633E+14 0.00239 
   77   77    1    1    1    1    1    1    1    1  3.58078E+14 0.00276 
   78   78    1    1    1    1    1    1    1    1  2.81470E+14 0.00172 
   79   79    1    1    1    1    1    1    1    1  2.88427E+14 0.00206 
   80   80    1    1    1    1    1    1    1    1  2.12870E+14 0.00217 
   81   81    1    1    1    1    1    1    1    1  1.63337E+14 0.00237 
   82   82    1    1    1    1    1    1    1    1  1.25482E+14 0.00259 
   83   83    1    1    1    1    1    1    1    1  1.17347E+14 0.00266 
   84   84    1    1    1    1    1    1    1    1  8.41164E+13 0.00378 
   85   85    1    1    1    1    1    1    1    1  6.09046E+13 0.00389 
   86   86    1    1    1    1    1    1    1    1  5.70253E+13 0.00366 
   87   87    1    1    1    1    1    1    1    1  3.51907E+13 0.00461 
   88   88    1    1    1    1    1    1    1    1  2.38566E+13 0.00533 
   89   89    1    1    1    1    1    1    1    1  1.35834E+13 0.00647 
   90   90    1    1    1    1    1    1    1    1  9.17252E+12 0.00954 
   91   91    1    1    1    1    1    1    1    1  4.57155E+12 0.01552 
   92   92    1    1    1    1    1    1    1    1  2.21251E+12 0.02056 
   93   93    1    1    1    1    1    1    1    1  1.07517E+12 0.03788 
   94   94    1    1    1    1    1    1    1    1  5.23564E+11 0.04286 
   95   95    1    1    1    1    1    1    1    1  2.46712E+11 0.04449 
   96   96    1    1    1    1    1    1    1    1  1.15431E+11 0.09807 
   97   97    1    1    1    1    1    1    1    1  4.60323E+10 0.09215 
   98   98    1    1    1    1    1    1    1    1  2.47963E+10 0.18646 
   99   99    1    1    1    1    1    1    1    1  1.48257E+10 0.22922 
  100  100    1    1    1    1    1    1    1    1  1.01850E+10 0.25233 
];


