
DETdpaspec = [
    1    1    1    1    1    1    1    1    1    1  0.00000E+00 0.00000 
    2    2    1    1    1    1    1    1    1    1  7.01082E+06 1.00000 
    3    3    1    1    1    1    1    1    1    1  0.00000E+00 0.00000 
    4    4    1    1    1    1    1    1    1    1  0.00000E+00 0.00000 
    5    5    1    1    1    1    1    1    1    1  0.00000E+00 0.00000 
    6    6    1    1    1    1    1    1    1    1  0.00000E+00 0.00000 
    7    7    1    1    1    1    1    1    1    1  0.00000E+00 0.00000 
    8    8    1    1    1    1    1    1    1    1  0.00000E+00 0.00000 
    9    9    1    1    1    1    1    1    1    1  0.00000E+00 0.00000 
   10   10    1    1    1    1    1    1    1    1  5.74452E+07 1.00000 
   11   11    1    1    1    1    1    1    1    1  5.35713E+07 1.00000 
   12   12    1    1    1    1    1    1    1    1  0.00000E+00 0.00000 
   13   13    1    1    1    1    1    1    1    1  1.79804E+08 0.61543 
   14   14    1    1    1    1    1    1    1    1  1.70124E+09 0.46261 
   15   15    1    1    1    1    1    1    1    1  3.73237E+09 0.33555 
   16   16    1    1    1    1    1    1    1    1  1.11859E+09 0.33556 
   17   17    1    1    1    1    1    1    1    1  3.12537E+09 0.26054 
   18   18    1    1    1    1    1    1    1    1  9.64935E+09 0.20017 
   19   19    1    1    1    1    1    1    1    1  9.22218E+09 0.20840 
   20   20    1    1    1    1    1    1    1    1  4.04361E+10 0.12866 
   21   21    1    1    1    1    1    1    1    1  2.57799E+10 0.10856 
   22   22    1    1    1    1    1    1    1    1  6.00029E+10 0.10087 
   23   23    1    1    1    1    1    1    1    1  7.40737E+10 0.07339 
   24   24    1    1    1    1    1    1    1    1  1.40300E+11 0.05585 
   25   25    1    1    1    1    1    1    1    1  1.67068E+11 0.06268 
   26   26    1    1    1    1    1    1    1    1  2.50530E+11 0.04661 
   27   27    1    1    1    1    1    1    1    1  4.78055E+11 0.05095 
   28   28    1    1    1    1    1    1    1    1  8.66125E+11 0.02732 
   29   29    1    1    1    1    1    1    1    1  1.26763E+12 0.01877 
   30   30    1    1    1    1    1    1    1    1  3.94725E+12 0.01101 
   31   31    1    1    1    1    1    1    1    1  1.21111E+13 0.00860 
   32   32    1    1    1    1    1    1    1    1  2.27429E+13 0.00756 
   33   33    1    1    1    1    1    1    1    1  5.08467E+13 0.00513 
   34   34    1    1    1    1    1    1    1    1  6.79396E+13 0.00389 
   35   35    1    1    1    1    1    1    1    1  9.72779E+13 0.00308 
   36   36    1    1    1    1    1    1    1    1  6.86542E+13 0.00239 
   37   37    1    1    1    1    1    1    1    1  2.17290E+13 0.00301 
   38   38    1    1    1    1    1    1    1    1  1.17652E+14 0.00224 
   39   39    1    1    1    1    1    1    1    1  1.56959E+14 0.00241 
   40   40    1    1    1    1    1    1    1    1  2.63806E+14 0.00260 
   41   41    1    1    1    1    1    1    1    1  2.73026E+14 0.00188 
   42   42    1    1    1    1    1    1    1    1  5.62705E+14 0.00171 
   43   43    1    1    1    1    1    1    1    1  6.74382E+14 0.00160 
   44   44    1    1    1    1    1    1    1    1  9.61728E+14 0.00148 
   45   45    1    1    1    1    1    1    1    1  1.85091E+15 0.00171 
   46   46    1    1    1    1    1    1    1    1  8.75975E+14 0.00156 
   47   47    1    1    1    1    1    1    1    1  1.41604E+15 0.00171 
   48   48    1    1    1    1    1    1    1    1  1.96218E+15 0.00159 
   49   49    1    1    1    1    1    1    1    1  1.93987E+15 0.00160 
   50   50    1    1    1    1    1    1    1    1  2.95741E+15 0.00157 
   51   51    1    1    1    1    1    1    1    1  2.38797E+15 0.00140 
   52   52    1    1    1    1    1    1    1    1  2.75195E+15 0.00138 
   53   53    1    1    1    1    1    1    1    1  1.91923E+15 0.00148 
   54   54    1    1    1    1    1    1    1    1  2.28742E+15 0.00166 
   55   55    1    1    1    1    1    1    1    1  1.58140E+15 0.00208 
   56   56    1    1    1    1    1    1    1    1  2.16494E+14 0.00212 
   57   57    1    1    1    1    1    1    1    1  3.13742E+15 0.00177 
   58   58    1    1    1    1    1    1    1    1  1.35109E+15 0.00178 
   59   59    1    1    1    1    1    1    1    1  1.44440E+15 0.00177 
   60   60    1    1    1    1    1    1    1    1  1.09838E+15 0.00203 
   61   61    1    1    1    1    1    1    1    1  1.10539E+15 0.00225 
   62   62    1    1    1    1    1    1    1    1  1.14224E+15 0.00198 
   63   63    1    1    1    1    1    1    1    1  9.52001E+14 0.00213 
   64   64    1    1    1    1    1    1    1    1  7.54290E+14 0.00172 
   65   65    1    1    1    1    1    1    1    1  7.47314E+14 0.00226 
   66   66    1    1    1    1    1    1    1    1  5.38929E+14 0.00215 
   67   67    1    1    1    1    1    1    1    1  4.41590E+14 0.00240 
   68   68    1    1    1    1    1    1    1    1  3.97777E+14 0.00212 
   69   69    1    1    1    1    1    1    1    1  4.76841E+14 0.00222 
   70   70    1    1    1    1    1    1    1    1  4.08139E+14 0.00244 
   71   71    1    1    1    1    1    1    1    1  7.52782E+14 0.00202 
   72   72    1    1    1    1    1    1    1    1  5.33574E+14 0.00213 
   73   73    1    1    1    1    1    1    1    1  3.99898E+14 0.00260 
   74   74    1    1    1    1    1    1    1    1  3.15635E+14 0.00252 
   75   75    1    1    1    1    1    1    1    1  2.57174E+14 0.00225 
   76   76    1    1    1    1    1    1    1    1  2.92937E+14 0.00250 
   77   77    1    1    1    1    1    1    1    1  2.26585E+14 0.00252 
   78   78    1    1    1    1    1    1    1    1  1.77922E+14 0.00321 
   79   79    1    1    1    1    1    1    1    1  1.82316E+14 0.00253 
   80   80    1    1    1    1    1    1    1    1  1.33327E+14 0.00248 
   81   81    1    1    1    1    1    1    1    1  1.02389E+14 0.00341 
   82   82    1    1    1    1    1    1    1    1  7.86912E+13 0.00338 
   83   83    1    1    1    1    1    1    1    1  7.32629E+13 0.00461 
   84   84    1    1    1    1    1    1    1    1  5.29858E+13 0.00594 
   85   85    1    1    1    1    1    1    1    1  3.76006E+13 0.00442 
   86   86    1    1    1    1    1    1    1    1  3.55046E+13 0.00634 
   87   87    1    1    1    1    1    1    1    1  2.19559E+13 0.00494 
   88   88    1    1    1    1    1    1    1    1  1.48037E+13 0.01030 
   89   89    1    1    1    1    1    1    1    1  8.59014E+12 0.00679 
   90   90    1    1    1    1    1    1    1    1  5.84891E+12 0.01018 
   91   91    1    1    1    1    1    1    1    1  2.81930E+12 0.01573 
   92   92    1    1    1    1    1    1    1    1  1.42565E+12 0.02137 
   93   93    1    1    1    1    1    1    1    1  6.81825E+11 0.04064 
   94   94    1    1    1    1    1    1    1    1  3.45118E+11 0.03853 
   95   95    1    1    1    1    1    1    1    1  1.51244E+11 0.06263 
   96   96    1    1    1    1    1    1    1    1  6.28617E+10 0.11792 
   97   97    1    1    1    1    1    1    1    1  2.39954E+10 0.18187 
   98   98    1    1    1    1    1    1    1    1  2.49739E+10 0.23294 
   99   99    1    1    1    1    1    1    1    1  1.22407E+10 0.26689 
  100  100    1    1    1    1    1    1    1    1  8.68656E+09 0.36997 
];


