
DETdpaspec = [
    1    1    1    1    1    1    1    1    1    1  0.00000E+00 0.00000 
    2    2    1    1    1    1    1    1    1    1  0.00000E+00 0.00000 
    3    3    1    1    1    1    1    1    1    1  0.00000E+00 0.00000 
    4    4    1    1    1    1    1    1    1    1  0.00000E+00 0.00000 
    5    5    1    1    1    1    1    1    1    1  0.00000E+00 0.00000 
    6    6    1    1    1    1    1    1    1    1  0.00000E+00 0.00000 
    7    7    1    1    1    1    1    1    1    1  0.00000E+00 0.00000 
    8    8    1    1    1    1    1    1    1    1  0.00000E+00 0.00000 
    9    9    1    1    1    1    1    1    1    1  2.94630E+07 0.54898 
   10   10    1    1    1    1    1    1    1    1  1.75390E+08 0.54617 
   11   11    1    1    1    1    1    1    1    1  0.00000E+00 0.00000 
   12   12    1    1    1    1    1    1    1    1  2.16412E+08 0.50895 
   13   13    1    1    1    1    1    1    1    1  1.40424E+09 0.51347 
   14   14    1    1    1    1    1    1    1    1  4.89316E+09 0.37226 
   15   15    1    1    1    1    1    1    1    1  4.90849E+09 0.26734 
   16   16    1    1    1    1    1    1    1    1  3.48887E+09 0.27233 
   17   17    1    1    1    1    1    1    1    1  4.20338E+09 0.24636 
   18   18    1    1    1    1    1    1    1    1  8.44539E+09 0.23829 
   19   19    1    1    1    1    1    1    1    1  1.02587E+10 0.19602 
   20   20    1    1    1    1    1    1    1    1  3.25713E+10 0.10496 
   21   21    1    1    1    1    1    1    1    1  3.32454E+10 0.13044 
   22   22    1    1    1    1    1    1    1    1  6.49159E+10 0.09192 
   23   23    1    1    1    1    1    1    1    1  1.14804E+11 0.08075 
   24   24    1    1    1    1    1    1    1    1  1.78961E+11 0.08344 
   25   25    1    1    1    1    1    1    1    1  2.12781E+11 0.04873 
   26   26    1    1    1    1    1    1    1    1  3.56424E+11 0.05425 
   27   27    1    1    1    1    1    1    1    1  5.80644E+11 0.03755 
   28   28    1    1    1    1    1    1    1    1  1.25414E+12 0.02742 
   29   29    1    1    1    1    1    1    1    1  1.85985E+12 0.01648 
   30   30    1    1    1    1    1    1    1    1  5.63289E+12 0.01037 
   31   31    1    1    1    1    1    1    1    1  1.74268E+13 0.00610 
   32   32    1    1    1    1    1    1    1    1  3.30272E+13 0.00406 
   33   33    1    1    1    1    1    1    1    1  7.71295E+13 0.00401 
   34   34    1    1    1    1    1    1    1    1  1.05815E+14 0.00281 
   35   35    1    1    1    1    1    1    1    1  1.46372E+14 0.00198 
   36   36    1    1    1    1    1    1    1    1  1.02267E+14 0.00157 
   37   37    1    1    1    1    1    1    1    1  3.18950E+13 0.00177 
   38   38    1    1    1    1    1    1    1    1  1.75436E+14 0.00148 
   39   39    1    1    1    1    1    1    1    1  2.36179E+14 0.00135 
   40   40    1    1    1    1    1    1    1    1  4.02611E+14 0.00097 
   41   41    1    1    1    1    1    1    1    1  4.13949E+14 0.00137 
   42   42    1    1    1    1    1    1    1    1  8.68181E+14 0.00147 
   43   43    1    1    1    1    1    1    1    1  1.04895E+15 0.00161 
   44   44    1    1    1    1    1    1    1    1  1.51074E+15 0.00156 
   45   45    1    1    1    1    1    1    1    1  2.96722E+15 0.00119 
   46   46    1    1    1    1    1    1    1    1  1.40550E+15 0.00129 
   47   47    1    1    1    1    1    1    1    1  2.27272E+15 0.00122 
   48   48    1    1    1    1    1    1    1    1  3.17224E+15 0.00124 
   49   49    1    1    1    1    1    1    1    1  3.14297E+15 0.00097 
   50   50    1    1    1    1    1    1    1    1  4.85552E+15 0.00088 
   51   51    1    1    1    1    1    1    1    1  3.91574E+15 0.00087 
   52   52    1    1    1    1    1    1    1    1  4.59019E+15 0.00113 
   53   53    1    1    1    1    1    1    1    1  3.20950E+15 0.00134 
   54   54    1    1    1    1    1    1    1    1  3.87466E+15 0.00128 
   55   55    1    1    1    1    1    1    1    1  2.67663E+15 0.00115 
   56   56    1    1    1    1    1    1    1    1  3.65539E+14 0.00134 
   57   57    1    1    1    1    1    1    1    1  5.32989E+15 0.00116 
   58   58    1    1    1    1    1    1    1    1  2.33318E+15 0.00109 
   59   59    1    1    1    1    1    1    1    1  2.49603E+15 0.00117 
   60   60    1    1    1    1    1    1    1    1  1.92006E+15 0.00130 
   61   61    1    1    1    1    1    1    1    1  1.93230E+15 0.00137 
   62   62    1    1    1    1    1    1    1    1  2.00247E+15 0.00137 
   63   63    1    1    1    1    1    1    1    1  1.68129E+15 0.00128 
   64   64    1    1    1    1    1    1    1    1  1.33609E+15 0.00151 
   65   65    1    1    1    1    1    1    1    1  1.32590E+15 0.00131 
   66   66    1    1    1    1    1    1    1    1  9.57915E+14 0.00145 
   67   67    1    1    1    1    1    1    1    1  7.83822E+14 0.00134 
   68   68    1    1    1    1    1    1    1    1  7.05417E+14 0.00150 
   69   69    1    1    1    1    1    1    1    1  8.46359E+14 0.00109 
   70   70    1    1    1    1    1    1    1    1  7.21023E+14 0.00158 
   71   71    1    1    1    1    1    1    1    1  1.32529E+15 0.00158 
   72   72    1    1    1    1    1    1    1    1  9.40927E+14 0.00182 
   73   73    1    1    1    1    1    1    1    1  7.08249E+14 0.00202 
   74   74    1    1    1    1    1    1    1    1  5.63481E+14 0.00180 
   75   75    1    1    1    1    1    1    1    1  4.62806E+14 0.00211 
   76   76    1    1    1    1    1    1    1    1  5.30835E+14 0.00185 
   77   77    1    1    1    1    1    1    1    1  4.16547E+14 0.00211 
   78   78    1    1    1    1    1    1    1    1  3.28831E+14 0.00223 
   79   79    1    1    1    1    1    1    1    1  3.37358E+14 0.00228 
   80   80    1    1    1    1    1    1    1    1  2.49553E+14 0.00224 
   81   81    1    1    1    1    1    1    1    1  1.91365E+14 0.00204 
   82   82    1    1    1    1    1    1    1    1  1.46222E+14 0.00235 
   83   83    1    1    1    1    1    1    1    1  1.36733E+14 0.00327 
   84   84    1    1    1    1    1    1    1    1  9.84021E+13 0.00268 
   85   85    1    1    1    1    1    1    1    1  7.12088E+13 0.00315 
   86   86    1    1    1    1    1    1    1    1  6.65381E+13 0.00402 
   87   87    1    1    1    1    1    1    1    1  4.06838E+13 0.00413 
   88   88    1    1    1    1    1    1    1    1  2.78303E+13 0.00614 
   89   89    1    1    1    1    1    1    1    1  1.59435E+13 0.00741 
   90   90    1    1    1    1    1    1    1    1  1.03895E+13 0.00830 
   91   91    1    1    1    1    1    1    1    1  5.38996E+12 0.01342 
   92   92    1    1    1    1    1    1    1    1  2.61517E+12 0.01860 
   93   93    1    1    1    1    1    1    1    1  1.23530E+12 0.02156 
   94   94    1    1    1    1    1    1    1    1  5.99631E+11 0.03740 
   95   95    1    1    1    1    1    1    1    1  3.07403E+11 0.04203 
   96   96    1    1    1    1    1    1    1    1  1.52457E+11 0.07805 
   97   97    1    1    1    1    1    1    1    1  7.66751E+10 0.10705 
   98   98    1    1    1    1    1    1    1    1  3.15114E+10 0.15428 
   99   99    1    1    1    1    1    1    1    1  2.00459E+10 0.19519 
  100  100    1    1    1    1    1    1    1    1  1.31736E+10 0.25794 
];


