
DETdpaspec = [
    1    1    1    1    1    1    1    1    1    1  0.00000E+00 0.00000 
    2    2    1    1    1    1    1    1    1    1  0.00000E+00 0.00000 
    3    3    1    1    1    1    1    1    1    1  0.00000E+00 0.00000 
    4    4    1    1    1    1    1    1    1    1  1.00229E+07 1.00000 
    5    5    1    1    1    1    1    1    1    1  0.00000E+00 0.00000 
    6    6    1    1    1    1    1    1    1    1  9.97603E+06 1.00000 
    7    7    1    1    1    1    1    1    1    1  0.00000E+00 0.00000 
    8    8    1    1    1    1    1    1    1    1  2.16426E+07 1.00000 
    9    9    1    1    1    1    1    1    1    1  4.21556E+07 0.74299 
   10   10    1    1    1    1    1    1    1    1  0.00000E+00 0.00000 
   11   11    1    1    1    1    1    1    1    1  4.82770E+07 1.00000 
   12   12    1    1    1    1    1    1    1    1  6.78399E+07 0.69808 
   13   13    1    1    1    1    1    1    1    1  6.93125E+08 0.69897 
   14   14    1    1    1    1    1    1    1    1  1.84193E+09 0.50681 
   15   15    1    1    1    1    1    1    1    1  5.07636E+09 0.30875 
   16   16    1    1    1    1    1    1    1    1  9.84601E+08 0.40125 
   17   17    1    1    1    1    1    1    1    1  3.01297E+09 0.44106 
   18   18    1    1    1    1    1    1    1    1  5.56682E+09 0.23547 
   19   19    1    1    1    1    1    1    1    1  9.04509E+09 0.21900 
   20   20    1    1    1    1    1    1    1    1  2.82142E+10 0.19358 
   21   21    1    1    1    1    1    1    1    1  1.77043E+10 0.12060 
   22   22    1    1    1    1    1    1    1    1  6.48742E+10 0.11546 
   23   23    1    1    1    1    1    1    1    1  6.42464E+10 0.06966 
   24   24    1    1    1    1    1    1    1    1  1.08174E+11 0.05483 
   25   25    1    1    1    1    1    1    1    1  1.42423E+11 0.06791 
   26   26    1    1    1    1    1    1    1    1  2.34042E+11 0.03769 
   27   27    1    1    1    1    1    1    1    1  3.95006E+11 0.03449 
   28   28    1    1    1    1    1    1    1    1  7.37415E+11 0.02043 
   29   29    1    1    1    1    1    1    1    1  1.01756E+12 0.01664 
   30   30    1    1    1    1    1    1    1    1  3.25458E+12 0.01271 
   31   31    1    1    1    1    1    1    1    1  9.74698E+12 0.00735 
   32   32    1    1    1    1    1    1    1    1  1.84092E+13 0.00560 
   33   33    1    1    1    1    1    1    1    1  4.03904E+13 0.00350 
   34   34    1    1    1    1    1    1    1    1  5.32139E+13 0.00294 
   35   35    1    1    1    1    1    1    1    1  7.64875E+13 0.00276 
   36   36    1    1    1    1    1    1    1    1  5.38645E+13 0.00279 
   37   37    1    1    1    1    1    1    1    1  1.71727E+13 0.00256 
   38   38    1    1    1    1    1    1    1    1  9.20933E+13 0.00223 
   39   39    1    1    1    1    1    1    1    1  1.22670E+14 0.00247 
   40   40    1    1    1    1    1    1    1    1  2.04771E+14 0.00270 
   41   41    1    1    1    1    1    1    1    1  2.12771E+14 0.00254 
   42   42    1    1    1    1    1    1    1    1  4.35812E+14 0.00192 
   43   43    1    1    1    1    1    1    1    1  5.19954E+14 0.00167 
   44   44    1    1    1    1    1    1    1    1  7.36379E+14 0.00190 
   45   45    1    1    1    1    1    1    1    1  1.40780E+15 0.00177 
   46   46    1    1    1    1    1    1    1    1  6.64689E+14 0.00157 
   47   47    1    1    1    1    1    1    1    1  1.07520E+15 0.00163 
   48   48    1    1    1    1    1    1    1    1  1.48446E+15 0.00152 
   49   49    1    1    1    1    1    1    1    1  1.46466E+15 0.00142 
   50   50    1    1    1    1    1    1    1    1  2.21927E+15 0.00149 
   51   51    1    1    1    1    1    1    1    1  1.79306E+15 0.00138 
   52   52    1    1    1    1    1    1    1    1  2.05403E+15 0.00119 
   53   53    1    1    1    1    1    1    1    1  1.43217E+15 0.00141 
   54   54    1    1    1    1    1    1    1    1  1.69515E+15 0.00126 
   55   55    1    1    1    1    1    1    1    1  1.17193E+15 0.00134 
   56   56    1    1    1    1    1    1    1    1  1.60626E+14 0.00189 
   57   57    1    1    1    1    1    1    1    1  2.32255E+15 0.00151 
   58   58    1    1    1    1    1    1    1    1  9.93984E+14 0.00129 
   59   59    1    1    1    1    1    1    1    1  1.06283E+15 0.00129 
   60   60    1    1    1    1    1    1    1    1  8.03692E+14 0.00152 
   61   61    1    1    1    1    1    1    1    1  8.08542E+14 0.00158 
   62   62    1    1    1    1    1    1    1    1  8.36080E+14 0.00149 
   63   63    1    1    1    1    1    1    1    1  6.95309E+14 0.00172 
   64   64    1    1    1    1    1    1    1    1  5.51256E+14 0.00204 
   65   65    1    1    1    1    1    1    1    1  5.43946E+14 0.00159 
   66   66    1    1    1    1    1    1    1    1  3.92490E+14 0.00194 
   67   67    1    1    1    1    1    1    1    1  3.21493E+14 0.00196 
   68   68    1    1    1    1    1    1    1    1  2.89478E+14 0.00223 
   69   69    1    1    1    1    1    1    1    1  3.47603E+14 0.00180 
   70   70    1    1    1    1    1    1    1    1  2.95933E+14 0.00222 
   71   71    1    1    1    1    1    1    1    1  5.48320E+14 0.00190 
   72   72    1    1    1    1    1    1    1    1  3.88172E+14 0.00154 
   73   73    1    1    1    1    1    1    1    1  2.91378E+14 0.00216 
   74   74    1    1    1    1    1    1    1    1  2.29129E+14 0.00274 
   75   75    1    1    1    1    1    1    1    1  1.86606E+14 0.00282 
   76   76    1    1    1    1    1    1    1    1  2.11459E+14 0.00251 
   77   77    1    1    1    1    1    1    1    1  1.63095E+14 0.00247 
   78   78    1    1    1    1    1    1    1    1  1.27810E+14 0.00310 
   79   79    1    1    1    1    1    1    1    1  1.30311E+14 0.00278 
   80   80    1    1    1    1    1    1    1    1  9.57504E+13 0.00332 
   81   81    1    1    1    1    1    1    1    1  7.34232E+13 0.00340 
   82   82    1    1    1    1    1    1    1    1  5.64145E+13 0.00377 
   83   83    1    1    1    1    1    1    1    1  5.26406E+13 0.00380 
   84   84    1    1    1    1    1    1    1    1  3.75345E+13 0.00397 
   85   85    1    1    1    1    1    1    1    1  2.70550E+13 0.00564 
   86   86    1    1    1    1    1    1    1    1  2.51412E+13 0.00527 
   87   87    1    1    1    1    1    1    1    1  1.55807E+13 0.00602 
   88   88    1    1    1    1    1    1    1    1  1.04826E+13 0.00842 
   89   89    1    1    1    1    1    1    1    1  6.06360E+12 0.01105 
   90   90    1    1    1    1    1    1    1    1  4.18548E+12 0.01887 
   91   91    1    1    1    1    1    1    1    1  2.12624E+12 0.01826 
   92   92    1    1    1    1    1    1    1    1  1.02044E+12 0.02492 
   93   93    1    1    1    1    1    1    1    1  5.18266E+11 0.04717 
   94   94    1    1    1    1    1    1    1    1  2.42898E+11 0.06137 
   95   95    1    1    1    1    1    1    1    1  1.02607E+11 0.10398 
   96   96    1    1    1    1    1    1    1    1  5.67649E+10 0.12470 
   97   97    1    1    1    1    1    1    1    1  3.39749E+10 0.17551 
   98   98    1    1    1    1    1    1    1    1  1.35522E+10 0.30335 
   99   99    1    1    1    1    1    1    1    1  6.64929E+09 0.31236 
  100  100    1    1    1    1    1    1    1    1  4.82546E+09 0.37606 
];


