
DETdpaspec = [
    1    1    1    1    1    1    1    1    1    1  0.00000E+00 0.00000 
    2    2    1    1    1    1    1    1    1    1  0.00000E+00 0.00000 
    3    3    1    1    1    1    1    1    1    1  0.00000E+00 0.00000 
    4    4    1    1    1    1    1    1    1    1  0.00000E+00 0.00000 
    5    5    1    1    1    1    1    1    1    1  0.00000E+00 0.00000 
    6    6    1    1    1    1    1    1    1    1  0.00000E+00 0.00000 
    7    7    1    1    1    1    1    1    1    1  0.00000E+00 0.00000 
    8    8    1    1    1    1    1    1    1    1  0.00000E+00 0.00000 
    9    9    1    1    1    1    1    1    1    1  0.00000E+00 0.00000 
   10   10    1    1    1    1    1    1    1    1  1.06722E+08 0.69798 
   11   11    1    1    1    1    1    1    1    1  0.00000E+00 0.00000 
   12   12    1    1    1    1    1    1    1    1  3.20413E+07 0.94466 
   13   13    1    1    1    1    1    1    1    1  1.11133E+09 0.60309 
   14   14    1    1    1    1    1    1    1    1  1.98245E+09 0.42326 
   15   15    1    1    1    1    1    1    1    1  5.05249E+09 0.31456 
   16   16    1    1    1    1    1    1    1    1  4.94897E+08 0.37923 
   17   17    1    1    1    1    1    1    1    1  2.88385E+09 0.24704 
   18   18    1    1    1    1    1    1    1    1  5.91103E+09 0.25650 
   19   19    1    1    1    1    1    1    1    1  6.78483E+09 0.17952 
   20   20    1    1    1    1    1    1    1    1  2.28668E+10 0.19498 
   21   21    1    1    1    1    1    1    1    1  2.08495E+10 0.12901 
   22   22    1    1    1    1    1    1    1    1  6.34562E+10 0.10178 
   23   23    1    1    1    1    1    1    1    1  8.07528E+10 0.08068 
   24   24    1    1    1    1    1    1    1    1  1.31886E+11 0.05475 
   25   25    1    1    1    1    1    1    1    1  1.71911E+11 0.04840 
   26   26    1    1    1    1    1    1    1    1  2.69265E+11 0.05263 
   27   27    1    1    1    1    1    1    1    1  4.70990E+11 0.03801 
   28   28    1    1    1    1    1    1    1    1  8.76506E+11 0.02553 
   29   29    1    1    1    1    1    1    1    1  1.23067E+12 0.02262 
   30   30    1    1    1    1    1    1    1    1  3.86344E+12 0.01765 
   31   31    1    1    1    1    1    1    1    1  1.12968E+13 0.01043 
   32   32    1    1    1    1    1    1    1    1  2.08492E+13 0.00808 
   33   33    1    1    1    1    1    1    1    1  4.66210E+13 0.00403 
   34   34    1    1    1    1    1    1    1    1  6.20416E+13 0.00394 
   35   35    1    1    1    1    1    1    1    1  8.93830E+13 0.00283 
   36   36    1    1    1    1    1    1    1    1  6.30121E+13 0.00344 
   37   37    1    1    1    1    1    1    1    1  1.99664E+13 0.00337 
   38   38    1    1    1    1    1    1    1    1  1.07519E+14 0.00304 
   39   39    1    1    1    1    1    1    1    1  1.43730E+14 0.00252 
   40   40    1    1    1    1    1    1    1    1  2.40317E+14 0.00196 
   41   41    1    1    1    1    1    1    1    1  2.49427E+14 0.00195 
   42   42    1    1    1    1    1    1    1    1  5.12191E+14 0.00177 
   43   43    1    1    1    1    1    1    1    1  6.11930E+14 0.00150 
   44   44    1    1    1    1    1    1    1    1  8.70378E+14 0.00194 
   45   45    1    1    1    1    1    1    1    1  1.66820E+15 0.00148 
   46   46    1    1    1    1    1    1    1    1  7.87869E+14 0.00146 
   47   47    1    1    1    1    1    1    1    1  1.27296E+15 0.00139 
   48   48    1    1    1    1    1    1    1    1  1.76412E+15 0.00133 
   49   49    1    1    1    1    1    1    1    1  1.74132E+15 0.00130 
   50   50    1    1    1    1    1    1    1    1  2.64731E+15 0.00147 
   51   51    1    1    1    1    1    1    1    1  2.14005E+15 0.00180 
   52   52    1    1    1    1    1    1    1    1  2.46066E+15 0.00188 
   53   53    1    1    1    1    1    1    1    1  1.71561E+15 0.00181 
   54   54    1    1    1    1    1    1    1    1  2.03910E+15 0.00198 
   55   55    1    1    1    1    1    1    1    1  1.40848E+15 0.00185 
   56   56    1    1    1    1    1    1    1    1  1.92842E+14 0.00234 
   57   57    1    1    1    1    1    1    1    1  2.79254E+15 0.00185 
   58   58    1    1    1    1    1    1    1    1  1.19869E+15 0.00179 
   59   59    1    1    1    1    1    1    1    1  1.28308E+15 0.00195 
   60   60    1    1    1    1    1    1    1    1  9.74446E+14 0.00162 
   61   61    1    1    1    1    1    1    1    1  9.79662E+14 0.00174 
   62   62    1    1    1    1    1    1    1    1  1.01124E+15 0.00179 
   63   63    1    1    1    1    1    1    1    1  8.41702E+14 0.00164 
   64   64    1    1    1    1    1    1    1    1  6.68591E+14 0.00203 
   65   65    1    1    1    1    1    1    1    1  6.59939E+14 0.00139 
   66   66    1    1    1    1    1    1    1    1  4.76100E+14 0.00143 
   67   67    1    1    1    1    1    1    1    1  3.91105E+14 0.00186 
   68   68    1    1    1    1    1    1    1    1  3.51391E+14 0.00205 
   69   69    1    1    1    1    1    1    1    1  4.21648E+14 0.00172 
   70   70    1    1    1    1    1    1    1    1  3.59426E+14 0.00227 
   71   71    1    1    1    1    1    1    1    1  6.64366E+14 0.00189 
   72   72    1    1    1    1    1    1    1    1  4.71890E+14 0.00239 
   73   73    1    1    1    1    1    1    1    1  3.53795E+14 0.00254 
   74   74    1    1    1    1    1    1    1    1  2.78889E+14 0.00257 
   75   75    1    1    1    1    1    1    1    1  2.26524E+14 0.00234 
   76   76    1    1    1    1    1    1    1    1  2.57818E+14 0.00242 
   77   77    1    1    1    1    1    1    1    1  1.99400E+14 0.00249 
   78   78    1    1    1    1    1    1    1    1  1.55769E+14 0.00280 
   79   79    1    1    1    1    1    1    1    1  1.59007E+14 0.00271 
   80   80    1    1    1    1    1    1    1    1  1.17450E+14 0.00346 
   81   81    1    1    1    1    1    1    1    1  9.00226E+13 0.00522 
   82   82    1    1    1    1    1    1    1    1  6.84646E+13 0.00372 
   83   83    1    1    1    1    1    1    1    1  6.45125E+13 0.00411 
   84   84    1    1    1    1    1    1    1    1  4.63471E+13 0.00451 
   85   85    1    1    1    1    1    1    1    1  3.32042E+13 0.00521 
   86   86    1    1    1    1    1    1    1    1  3.07330E+13 0.00482 
   87   87    1    1    1    1    1    1    1    1  1.93961E+13 0.00703 
   88   88    1    1    1    1    1    1    1    1  1.30544E+13 0.00862 
   89   89    1    1    1    1    1    1    1    1  7.52142E+12 0.00981 
   90   90    1    1    1    1    1    1    1    1  4.98887E+12 0.01480 
   91   91    1    1    1    1    1    1    1    1  2.41872E+12 0.02299 
   92   92    1    1    1    1    1    1    1    1  1.18744E+12 0.02154 
   93   93    1    1    1    1    1    1    1    1  5.89934E+11 0.04055 
   94   94    1    1    1    1    1    1    1    1  2.96622E+11 0.04422 
   95   95    1    1    1    1    1    1    1    1  1.45842E+11 0.08141 
   96   96    1    1    1    1    1    1    1    1  6.55577E+10 0.09379 
   97   97    1    1    1    1    1    1    1    1  3.07872E+10 0.13282 
   98   98    1    1    1    1    1    1    1    1  1.59133E+10 0.27847 
   99   99    1    1    1    1    1    1    1    1  8.89819E+09 0.30060 
  100  100    1    1    1    1    1    1    1    1  5.91130E+09 0.37710 
];


