
DETdpaspec = [
    1    1    1    1    1    1    1    1    1    1  0.00000E+00 0.00000 
    2    2    1    1    1    1    1    1    1    1  0.00000E+00 0.00000 
    3    3    1    1    1    1    1    1    1    1  0.00000E+00 0.00000 
    4    4    1    1    1    1    1    1    1    1  0.00000E+00 0.00000 
    5    5    1    1    1    1    1    1    1    1  0.00000E+00 0.00000 
    6    6    1    1    1    1    1    1    1    1  0.00000E+00 0.00000 
    7    7    1    1    1    1    1    1    1    1  4.23699E+07 1.00000 
    8    8    1    1    1    1    1    1    1    1  1.74350E+07 1.00000 
    9    9    1    1    1    1    1    1    1    1  5.94831E+07 0.81853 
   10   10    1    1    1    1    1    1    1    1  1.69988E+08 0.55425 
   11   11    1    1    1    1    1    1    1    1  2.77330E+08 0.77054 
   12   12    1    1    1    1    1    1    1    1  1.23215E+08 0.69987 
   13   13    1    1    1    1    1    1    1    1  5.90704E+08 0.56584 
   14   14    1    1    1    1    1    1    1    1  2.07509E+09 0.84398 
   15   15    1    1    1    1    1    1    1    1  3.60192E+09 0.37273 
   16   16    1    1    1    1    1    1    1    1  1.10150E+09 0.39263 
   17   17    1    1    1    1    1    1    1    1  2.32209E+09 0.33406 
   18   18    1    1    1    1    1    1    1    1  7.63446E+09 0.31046 
   19   19    1    1    1    1    1    1    1    1  5.72033E+09 0.24271 
   20   20    1    1    1    1    1    1    1    1  2.24956E+10 0.17584 
   21   21    1    1    1    1    1    1    1    1  1.35725E+10 0.18900 
   22   22    1    1    1    1    1    1    1    1  4.82547E+10 0.09266 
   23   23    1    1    1    1    1    1    1    1  5.91756E+10 0.05053 
   24   24    1    1    1    1    1    1    1    1  9.11140E+10 0.10770 
   25   25    1    1    1    1    1    1    1    1  1.03076E+11 0.06681 
   26   26    1    1    1    1    1    1    1    1  1.82984E+11 0.06109 
   27   27    1    1    1    1    1    1    1    1  3.43570E+11 0.04775 
   28   28    1    1    1    1    1    1    1    1  6.01653E+11 0.03274 
   29   29    1    1    1    1    1    1    1    1  8.18125E+11 0.02393 
   30   30    1    1    1    1    1    1    1    1  2.59069E+12 0.02078 
   31   31    1    1    1    1    1    1    1    1  7.82931E+12 0.01229 
   32   32    1    1    1    1    1    1    1    1  1.44348E+13 0.00835 
   33   33    1    1    1    1    1    1    1    1  3.09307E+13 0.00543 
   34   34    1    1    1    1    1    1    1    1  4.03225E+13 0.00298 
   35   35    1    1    1    1    1    1    1    1  5.90739E+13 0.00322 
   36   36    1    1    1    1    1    1    1    1  4.15472E+13 0.00325 
   37   37    1    1    1    1    1    1    1    1  1.32546E+13 0.00327 
   38   38    1    1    1    1    1    1    1    1  7.06992E+13 0.00319 
   39   39    1    1    1    1    1    1    1    1  9.39227E+13 0.00285 
   40   40    1    1    1    1    1    1    1    1  1.55736E+14 0.00260 
   41   41    1    1    1    1    1    1    1    1  1.61931E+14 0.00239 
   42   42    1    1    1    1    1    1    1    1  3.29514E+14 0.00246 
   43   43    1    1    1    1    1    1    1    1  3.90702E+14 0.00250 
   44   44    1    1    1    1    1    1    1    1  5.51341E+14 0.00238 
   45   45    1    1    1    1    1    1    1    1  1.04061E+15 0.00250 
   46   46    1    1    1    1    1    1    1    1  4.92770E+14 0.00272 
   47   47    1    1    1    1    1    1    1    1  7.95366E+14 0.00269 
   48   48    1    1    1    1    1    1    1    1  1.09461E+15 0.00259 
   49   49    1    1    1    1    1    1    1    1  1.08002E+15 0.00250 
   50   50    1    1    1    1    1    1    1    1  1.62691E+15 0.00246 
   51   51    1    1    1    1    1    1    1    1  1.31499E+15 0.00269 
   52   52    1    1    1    1    1    1    1    1  1.49705E+15 0.00242 
   53   53    1    1    1    1    1    1    1    1  1.04302E+15 0.00276 
   54   54    1    1    1    1    1    1    1    1  1.22596E+15 0.00279 
   55   55    1    1    1    1    1    1    1    1  8.48892E+14 0.00277 
   56   56    1    1    1    1    1    1    1    1  1.16246E+14 0.00316 
   57   57    1    1    1    1    1    1    1    1  1.68237E+15 0.00304 
   58   58    1    1    1    1    1    1    1    1  7.15643E+14 0.00297 
   59   59    1    1    1    1    1    1    1    1  7.66055E+14 0.00259 
   60   60    1    1    1    1    1    1    1    1  5.76859E+14 0.00260 
   61   61    1    1    1    1    1    1    1    1  5.81401E+14 0.00301 
   62   62    1    1    1    1    1    1    1    1  5.98943E+14 0.00263 
   63   63    1    1    1    1    1    1    1    1  4.98173E+14 0.00304 
   64   64    1    1    1    1    1    1    1    1  3.94271E+14 0.00318 
   65   65    1    1    1    1    1    1    1    1  3.89001E+14 0.00338 
   66   66    1    1    1    1    1    1    1    1  2.80507E+14 0.00284 
   67   67    1    1    1    1    1    1    1    1  2.30770E+14 0.00313 
   68   68    1    1    1    1    1    1    1    1  2.07248E+14 0.00387 
   69   69    1    1    1    1    1    1    1    1  2.48325E+14 0.00342 
   70   70    1    1    1    1    1    1    1    1  2.11473E+14 0.00352 
   71   71    1    1    1    1    1    1    1    1  3.94155E+14 0.00262 
   72   72    1    1    1    1    1    1    1    1  2.80526E+14 0.00364 
   73   73    1    1    1    1    1    1    1    1  2.08602E+14 0.00418 
   74   74    1    1    1    1    1    1    1    1  1.63549E+14 0.00300 
   75   75    1    1    1    1    1    1    1    1  1.32265E+14 0.00350 
   76   76    1    1    1    1    1    1    1    1  1.49224E+14 0.00471 
   77   77    1    1    1    1    1    1    1    1  1.15764E+14 0.00366 
   78   78    1    1    1    1    1    1    1    1  9.01994E+13 0.00403 
   79   79    1    1    1    1    1    1    1    1  9.19377E+13 0.00395 
   80   80    1    1    1    1    1    1    1    1  6.71847E+13 0.00557 
   81   81    1    1    1    1    1    1    1    1  5.15954E+13 0.00422 
   82   82    1    1    1    1    1    1    1    1  3.93657E+13 0.00478 
   83   83    1    1    1    1    1    1    1    1  3.69768E+13 0.00530 
   84   84    1    1    1    1    1    1    1    1  2.64571E+13 0.00570 
   85   85    1    1    1    1    1    1    1    1  1.91397E+13 0.00671 
   86   86    1    1    1    1    1    1    1    1  1.79506E+13 0.00668 
   87   87    1    1    1    1    1    1    1    1  1.10494E+13 0.00676 
   88   88    1    1    1    1    1    1    1    1  7.38122E+12 0.01644 
   89   89    1    1    1    1    1    1    1    1  4.41098E+12 0.01336 
   90   90    1    1    1    1    1    1    1    1  2.84717E+12 0.02384 
   91   91    1    1    1    1    1    1    1    1  1.50284E+12 0.02679 
   92   92    1    1    1    1    1    1    1    1  6.69151E+11 0.03718 
   93   93    1    1    1    1    1    1    1    1  3.32169E+11 0.05002 
   94   94    1    1    1    1    1    1    1    1  1.51035E+11 0.05298 
   95   95    1    1    1    1    1    1    1    1  7.40832E+10 0.10224 
   96   96    1    1    1    1    1    1    1    1  5.69807E+10 0.12807 
   97   97    1    1    1    1    1    1    1    1  1.58230E+10 0.21215 
   98   98    1    1    1    1    1    1    1    1  9.02023E+09 0.30730 
   99   99    1    1    1    1    1    1    1    1  2.24550E+09 0.54711 
  100  100    1    1    1    1    1    1    1    1  4.88672E+09 0.65200 
];


