
DETdpaspec = [
    1    1    1    1    1    1    1    1    1    1  0.00000E+00 0.00000 
    2    2    1    1    1    1    1    1    1    1  0.00000E+00 0.00000 
    3    3    1    1    1    1    1    1    1    1  0.00000E+00 0.00000 
    4    4    1    1    1    1    1    1    1    1  9.40007E+06 1.00000 
    5    5    1    1    1    1    1    1    1    1  0.00000E+00 0.00000 
    6    6    1    1    1    1    1    1    1    1  0.00000E+00 0.00000 
    7    7    1    1    1    1    1    1    1    1  0.00000E+00 0.00000 
    8    8    1    1    1    1    1    1    1    1  0.00000E+00 0.00000 
    9    9    1    1    1    1    1    1    1    1  2.97285E+07 1.00000 
   10   10    1    1    1    1    1    1    1    1  2.27024E+08 0.76445 
   11   11    1    1    1    1    1    1    1    1  0.00000E+00 0.00000 
   12   12    1    1    1    1    1    1    1    1  3.42134E+06 1.00000 
   13   13    1    1    1    1    1    1    1    1  5.42279E+08 1.00000 
   14   14    1    1    1    1    1    1    1    1  1.14978E+09 0.57185 
   15   15    1    1    1    1    1    1    1    1  2.69024E+09 0.37521 
   16   16    1    1    1    1    1    1    1    1  6.65211E+08 0.44160 
   17   17    1    1    1    1    1    1    1    1  1.96646E+09 0.33077 
   18   18    1    1    1    1    1    1    1    1  4.68961E+09 0.35696 
   19   19    1    1    1    1    1    1    1    1  5.39120E+09 0.17386 
   20   20    1    1    1    1    1    1    1    1  2.69953E+10 0.19769 
   21   21    1    1    1    1    1    1    1    1  1.50093E+10 0.15649 
   22   22    1    1    1    1    1    1    1    1  3.90475E+10 0.11267 
   23   23    1    1    1    1    1    1    1    1  6.73176E+10 0.09290 
   24   24    1    1    1    1    1    1    1    1  9.59766E+10 0.07560 
   25   25    1    1    1    1    1    1    1    1  1.25075E+11 0.05744 
   26   26    1    1    1    1    1    1    1    1  1.92464E+11 0.05702 
   27   27    1    1    1    1    1    1    1    1  3.65982E+11 0.03709 
   28   28    1    1    1    1    1    1    1    1  6.24663E+11 0.02433 
   29   29    1    1    1    1    1    1    1    1  8.27259E+11 0.02101 
   30   30    1    1    1    1    1    1    1    1  2.69106E+12 0.01730 
   31   31    1    1    1    1    1    1    1    1  7.77999E+12 0.01107 
   32   32    1    1    1    1    1    1    1    1  1.40841E+13 0.00966 
   33   33    1    1    1    1    1    1    1    1  2.99658E+13 0.00737 
   34   34    1    1    1    1    1    1    1    1  3.89382E+13 0.00548 
   35   35    1    1    1    1    1    1    1    1  5.71783E+13 0.00605 
   36   36    1    1    1    1    1    1    1    1  4.03457E+13 0.00522 
   37   37    1    1    1    1    1    1    1    1  1.28657E+13 0.00521 
   38   38    1    1    1    1    1    1    1    1  6.83021E+13 0.00396 
   39   39    1    1    1    1    1    1    1    1  9.05444E+13 0.00461 
   40   40    1    1    1    1    1    1    1    1  1.49493E+14 0.00445 
   41   41    1    1    1    1    1    1    1    1  1.55647E+14 0.00388 
   42   42    1    1    1    1    1    1    1    1  3.13709E+14 0.00428 
   43   43    1    1    1    1    1    1    1    1  3.72630E+14 0.00410 
   44   44    1    1    1    1    1    1    1    1  5.24810E+14 0.00458 
   45   45    1    1    1    1    1    1    1    1  9.86029E+14 0.00406 
   46   46    1    1    1    1    1    1    1    1  4.65730E+14 0.00398 
   47   47    1    1    1    1    1    1    1    1  7.52184E+14 0.00432 
   48   48    1    1    1    1    1    1    1    1  1.03699E+15 0.00388 
   49   49    1    1    1    1    1    1    1    1  1.02158E+15 0.00355 
   50   50    1    1    1    1    1    1    1    1  1.54039E+15 0.00390 
   51   51    1    1    1    1    1    1    1    1  1.24582E+15 0.00394 
   52   52    1    1    1    1    1    1    1    1  1.41450E+15 0.00393 
   53   53    1    1    1    1    1    1    1    1  9.89854E+14 0.00388 
   54   54    1    1    1    1    1    1    1    1  1.16235E+15 0.00397 
   55   55    1    1    1    1    1    1    1    1  8.05130E+14 0.00383 
   56   56    1    1    1    1    1    1    1    1  1.10900E+14 0.00390 
   57   57    1    1    1    1    1    1    1    1  1.59621E+15 0.00413 
   58   58    1    1    1    1    1    1    1    1  6.76768E+14 0.00389 
   59   59    1    1    1    1    1    1    1    1  7.24559E+14 0.00432 
   60   60    1    1    1    1    1    1    1    1  5.45153E+14 0.00423 
   61   61    1    1    1    1    1    1    1    1  5.50257E+14 0.00412 
   62   62    1    1    1    1    1    1    1    1  5.66524E+14 0.00446 
   63   63    1    1    1    1    1    1    1    1  4.70384E+14 0.00454 
   64   64    1    1    1    1    1    1    1    1  3.73259E+14 0.00389 
   65   65    1    1    1    1    1    1    1    1  3.69183E+14 0.00380 
   66   66    1    1    1    1    1    1    1    1  2.65755E+14 0.00462 
   67   67    1    1    1    1    1    1    1    1  2.18384E+14 0.00454 
   68   68    1    1    1    1    1    1    1    1  1.96943E+14 0.00503 
   69   69    1    1    1    1    1    1    1    1  2.36280E+14 0.00499 
   70   70    1    1    1    1    1    1    1    1  2.01283E+14 0.00563 
   71   71    1    1    1    1    1    1    1    1  3.75772E+14 0.00518 
   72   72    1    1    1    1    1    1    1    1  2.67185E+14 0.00579 
   73   73    1    1    1    1    1    1    1    1  2.00103E+14 0.00537 
   74   74    1    1    1    1    1    1    1    1  1.56629E+14 0.00644 
   75   75    1    1    1    1    1    1    1    1  1.26102E+14 0.00584 
   76   76    1    1    1    1    1    1    1    1  1.42600E+14 0.00411 
   77   77    1    1    1    1    1    1    1    1  1.09978E+14 0.00580 
   78   78    1    1    1    1    1    1    1    1  8.47657E+13 0.00625 
   79   79    1    1    1    1    1    1    1    1  8.67971E+13 0.00638 
   80   80    1    1    1    1    1    1    1    1  6.35320E+13 0.00694 
   81   81    1    1    1    1    1    1    1    1  4.88325E+13 0.00647 
   82   82    1    1    1    1    1    1    1    1  3.71661E+13 0.00592 
   83   83    1    1    1    1    1    1    1    1  3.47231E+13 0.00597 
   84   84    1    1    1    1    1    1    1    1  2.48211E+13 0.00630 
   85   85    1    1    1    1    1    1    1    1  1.78448E+13 0.00980 
   86   86    1    1    1    1    1    1    1    1  1.67056E+13 0.00784 
   87   87    1    1    1    1    1    1    1    1  1.05334E+13 0.00937 
   88   88    1    1    1    1    1    1    1    1  7.01052E+12 0.00919 
   89   89    1    1    1    1    1    1    1    1  4.01400E+12 0.01154 
   90   90    1    1    1    1    1    1    1    1  2.74009E+12 0.01829 
   91   91    1    1    1    1    1    1    1    1  1.40138E+12 0.02117 
   92   92    1    1    1    1    1    1    1    1  6.87814E+11 0.02642 
   93   93    1    1    1    1    1    1    1    1  3.34668E+11 0.04929 
   94   94    1    1    1    1    1    1    1    1  1.60490E+11 0.08419 
   95   95    1    1    1    1    1    1    1    1  7.38902E+10 0.09760 
   96   96    1    1    1    1    1    1    1    1  3.36660E+10 0.18180 
   97   97    1    1    1    1    1    1    1    1  1.21881E+10 0.20624 
   98   98    1    1    1    1    1    1    1    1  1.11844E+10 0.29743 
   99   99    1    1    1    1    1    1    1    1  3.80410E+09 0.44707 
  100  100    1    1    1    1    1    1    1    1  3.04387E+09 0.45352 
];


