
DETdpaspec = [
    1    1    1    1    1    1    1    1    1    1  0.00000E+00 0.00000 
    2    2    1    1    1    1    1    1    1    1  0.00000E+00 0.00000 
    3    3    1    1    1    1    1    1    1    1  0.00000E+00 0.00000 
    4    4    1    1    1    1    1    1    1    1  9.73680E+06 1.00000 
    5    5    1    1    1    1    1    1    1    1  0.00000E+00 0.00000 
    6    6    1    1    1    1    1    1    1    1  0.00000E+00 0.00000 
    7    7    1    1    1    1    1    1    1    1  0.00000E+00 0.00000 
    8    8    1    1    1    1    1    1    1    1  0.00000E+00 0.00000 
    9    9    1    1    1    1    1    1    1    1  0.00000E+00 0.00000 
   10   10    1    1    1    1    1    1    1    1  1.71232E+08 0.71510 
   11   11    1    1    1    1    1    1    1    1  1.29235E+08 0.69222 
   12   12    1    1    1    1    1    1    1    1  7.44433E+07 0.66251 
   13   13    1    1    1    1    1    1    1    1  3.56796E+08 0.74435 
   14   14    1    1    1    1    1    1    1    1  3.56911E+09 0.43684 
   15   15    1    1    1    1    1    1    1    1  3.09553E+09 0.43169 
   16   16    1    1    1    1    1    1    1    1  9.05712E+08 0.35378 
   17   17    1    1    1    1    1    1    1    1  1.04091E+09 0.55380 
   18   18    1    1    1    1    1    1    1    1  2.55148E+09 0.24785 
   19   19    1    1    1    1    1    1    1    1  5.76694E+09 0.17840 
   20   20    1    1    1    1    1    1    1    1  1.82707E+10 0.15186 
   21   21    1    1    1    1    1    1    1    1  1.65432E+10 0.15342 
   22   22    1    1    1    1    1    1    1    1  4.87886E+10 0.16727 
   23   23    1    1    1    1    1    1    1    1  5.86253E+10 0.10281 
   24   24    1    1    1    1    1    1    1    1  9.58202E+10 0.08664 
   25   25    1    1    1    1    1    1    1    1  1.19164E+11 0.04278 
   26   26    1    1    1    1    1    1    1    1  1.74163E+11 0.08120 
   27   27    1    1    1    1    1    1    1    1  3.20206E+11 0.03068 
   28   28    1    1    1    1    1    1    1    1  5.64558E+11 0.03376 
   29   29    1    1    1    1    1    1    1    1  7.86557E+11 0.02940 
   30   30    1    1    1    1    1    1    1    1  2.60993E+12 0.01357 
   31   31    1    1    1    1    1    1    1    1  7.69463E+12 0.01000 
   32   32    1    1    1    1    1    1    1    1  1.39968E+13 0.00599 
   33   33    1    1    1    1    1    1    1    1  3.00464E+13 0.00598 
   34   34    1    1    1    1    1    1    1    1  3.88868E+13 0.00577 
   35   35    1    1    1    1    1    1    1    1  5.68938E+13 0.00498 
   36   36    1    1    1    1    1    1    1    1  4.01204E+13 0.00493 
   37   37    1    1    1    1    1    1    1    1  1.28554E+13 0.00425 
   38   38    1    1    1    1    1    1    1    1  6.78216E+13 0.00501 
   39   39    1    1    1    1    1    1    1    1  9.02107E+13 0.00451 
   40   40    1    1    1    1    1    1    1    1  1.48865E+14 0.00471 
   41   41    1    1    1    1    1    1    1    1  1.55127E+14 0.00462 
   42   42    1    1    1    1    1    1    1    1  3.12681E+14 0.00437 
   43   43    1    1    1    1    1    1    1    1  3.70351E+14 0.00420 
   44   44    1    1    1    1    1    1    1    1  5.20951E+14 0.00391 
   45   45    1    1    1    1    1    1    1    1  9.82804E+14 0.00394 
   46   46    1    1    1    1    1    1    1    1  4.63775E+14 0.00400 
   47   47    1    1    1    1    1    1    1    1  7.47384E+14 0.00377 
   48   48    1    1    1    1    1    1    1    1  1.03242E+15 0.00402 
   49   49    1    1    1    1    1    1    1    1  1.01788E+15 0.00417 
   50   50    1    1    1    1    1    1    1    1  1.53246E+15 0.00450 
   51   51    1    1    1    1    1    1    1    1  1.24113E+15 0.00427 
   52   52    1    1    1    1    1    1    1    1  1.41198E+15 0.00426 
   53   53    1    1    1    1    1    1    1    1  9.84954E+14 0.00413 
   54   54    1    1    1    1    1    1    1    1  1.15788E+15 0.00409 
   55   55    1    1    1    1    1    1    1    1  8.01200E+14 0.00425 
   56   56    1    1    1    1    1    1    1    1  1.09983E+14 0.00569 
   57   57    1    1    1    1    1    1    1    1  1.59026E+15 0.00458 
   58   58    1    1    1    1    1    1    1    1  6.75818E+14 0.00472 
   59   59    1    1    1    1    1    1    1    1  7.23879E+14 0.00454 
   60   60    1    1    1    1    1    1    1    1  5.44837E+14 0.00470 
   61   61    1    1    1    1    1    1    1    1  5.48875E+14 0.00461 
   62   62    1    1    1    1    1    1    1    1  5.64872E+14 0.00471 
   63   63    1    1    1    1    1    1    1    1  4.68495E+14 0.00548 
   64   64    1    1    1    1    1    1    1    1  3.71635E+14 0.00483 
   65   65    1    1    1    1    1    1    1    1  3.67450E+14 0.00502 
   66   66    1    1    1    1    1    1    1    1  2.64562E+14 0.00504 
   67   67    1    1    1    1    1    1    1    1  2.17537E+14 0.00602 
   68   68    1    1    1    1    1    1    1    1  1.95753E+14 0.00648 
   69   69    1    1    1    1    1    1    1    1  2.34468E+14 0.00543 
   70   70    1    1    1    1    1    1    1    1  2.00467E+14 0.00512 
   71   71    1    1    1    1    1    1    1    1  3.74875E+14 0.00541 
   72   72    1    1    1    1    1    1    1    1  2.66154E+14 0.00533 
   73   73    1    1    1    1    1    1    1    1  1.98475E+14 0.00613 
   74   74    1    1    1    1    1    1    1    1  1.55371E+14 0.00581 
   75   75    1    1    1    1    1    1    1    1  1.25255E+14 0.00460 
   76   76    1    1    1    1    1    1    1    1  1.41268E+14 0.00567 
   77   77    1    1    1    1    1    1    1    1  1.08409E+14 0.00658 
   78   78    1    1    1    1    1    1    1    1  8.45556E+13 0.00591 
   79   79    1    1    1    1    1    1    1    1  8.60309E+13 0.00613 
   80   80    1    1    1    1    1    1    1    1  6.34128E+13 0.00738 
   81   81    1    1    1    1    1    1    1    1  4.81485E+13 0.00671 
   82   82    1    1    1    1    1    1    1    1  3.69163E+13 0.00753 
   83   83    1    1    1    1    1    1    1    1  3.45850E+13 0.00626 
   84   84    1    1    1    1    1    1    1    1  2.48711E+13 0.00558 
   85   85    1    1    1    1    1    1    1    1  1.77589E+13 0.00920 
   86   86    1    1    1    1    1    1    1    1  1.68240E+13 0.00914 
   87   87    1    1    1    1    1    1    1    1  1.04237E+13 0.00976 
   88   88    1    1    1    1    1    1    1    1  7.07157E+12 0.01420 
   89   89    1    1    1    1    1    1    1    1  4.05635E+12 0.01548 
   90   90    1    1    1    1    1    1    1    1  2.66617E+12 0.01627 
   91   91    1    1    1    1    1    1    1    1  1.38387E+12 0.02531 
   92   92    1    1    1    1    1    1    1    1  6.89729E+11 0.04411 
   93   93    1    1    1    1    1    1    1    1  3.08018E+11 0.05913 
   94   94    1    1    1    1    1    1    1    1  1.71118E+11 0.07556 
   95   95    1    1    1    1    1    1    1    1  7.28749E+10 0.08568 
   96   96    1    1    1    1    1    1    1    1  3.49420E+10 0.13846 
   97   97    1    1    1    1    1    1    1    1  1.82566E+10 0.24506 
   98   98    1    1    1    1    1    1    1    1  6.42736E+09 0.35810 
   99   99    1    1    1    1    1    1    1    1  3.40526E+09 0.49791 
  100  100    1    1    1    1    1    1    1    1  4.21990E+09 0.51949 
];


