
DETdpaspec = [
    1    1    1    1    1    1    1    1    1    1  0.00000E+00 0.00000 
    2    2    1    1    1    1    1    1    1    1  0.00000E+00 0.00000 
    3    3    1    1    1    1    1    1    1    1  0.00000E+00 0.00000 
    4    4    1    1    1    1    1    1    1    1  0.00000E+00 0.00000 
    5    5    1    1    1    1    1    1    1    1  0.00000E+00 0.00000 
    6    6    1    1    1    1    1    1    1    1  0.00000E+00 0.00000 
    7    7    1    1    1    1    1    1    1    1  1.78996E+07 1.00000 
    8    8    1    1    1    1    1    1    1    1  1.31691E+07 1.00000 
    9    9    1    1    1    1    1    1    1    1  1.98646E+07 1.00000 
   10   10    1    1    1    1    1    1    1    1  5.58013E+07 1.00000 
   11   11    1    1    1    1    1    1    1    1  5.00512E+07 1.00000 
   12   12    1    1    1    1    1    1    1    1  1.73768E+08 0.35481 
   13   13    1    1    1    1    1    1    1    1  3.78941E+08 0.47032 
   14   14    1    1    1    1    1    1    1    1  3.59624E+09 0.44281 
   15   15    1    1    1    1    1    1    1    1  6.52277E+09 0.28260 
   16   16    1    1    1    1    1    1    1    1  1.87121E+09 0.28357 
   17   17    1    1    1    1    1    1    1    1  3.89078E+09 0.19875 
   18   18    1    1    1    1    1    1    1    1  1.26560E+10 0.17408 
   19   19    1    1    1    1    1    1    1    1  6.67085E+09 0.21432 
   20   20    1    1    1    1    1    1    1    1  3.39704E+10 0.14149 
   21   21    1    1    1    1    1    1    1    1  3.12087E+10 0.11161 
   22   22    1    1    1    1    1    1    1    1  7.46172E+10 0.10567 
   23   23    1    1    1    1    1    1    1    1  1.03573E+11 0.07550 
   24   24    1    1    1    1    1    1    1    1  1.74179E+11 0.05444 
   25   25    1    1    1    1    1    1    1    1  2.18430E+11 0.04800 
   26   26    1    1    1    1    1    1    1    1  3.43843E+11 0.04515 
   27   27    1    1    1    1    1    1    1    1  5.68300E+11 0.02956 
   28   28    1    1    1    1    1    1    1    1  1.20798E+12 0.02081 
   29   29    1    1    1    1    1    1    1    1  1.81958E+12 0.02069 
   30   30    1    1    1    1    1    1    1    1  5.37811E+12 0.01135 
   31   31    1    1    1    1    1    1    1    1  1.68549E+13 0.00855 
   32   32    1    1    1    1    1    1    1    1  3.20340E+13 0.00498 
   33   33    1    1    1    1    1    1    1    1  7.48023E+13 0.00329 
   34   34    1    1    1    1    1    1    1    1  1.02460E+14 0.00303 
   35   35    1    1    1    1    1    1    1    1  1.43079E+14 0.00251 
   36   36    1    1    1    1    1    1    1    1  9.98048E+13 0.00193 
   37   37    1    1    1    1    1    1    1    1  3.11290E+13 0.00170 
   38   38    1    1    1    1    1    1    1    1  1.70924E+14 0.00142 
   39   39    1    1    1    1    1    1    1    1  2.29954E+14 0.00123 
   40   40    1    1    1    1    1    1    1    1  3.91943E+14 0.00107 
   41   41    1    1    1    1    1    1    1    1  4.03195E+14 0.00118 
   42   42    1    1    1    1    1    1    1    1  8.44638E+14 0.00135 
   43   43    1    1    1    1    1    1    1    1  1.01880E+15 0.00129 
   44   44    1    1    1    1    1    1    1    1  1.46742E+15 0.00141 
   45   45    1    1    1    1    1    1    1    1  2.87896E+15 0.00124 
   46   46    1    1    1    1    1    1    1    1  1.36485E+15 0.00118 
   47   47    1    1    1    1    1    1    1    1  2.20532E+15 0.00127 
   48   48    1    1    1    1    1    1    1    1  3.08207E+15 0.00121 
   49   49    1    1    1    1    1    1    1    1  3.05148E+15 0.00125 
   50   50    1    1    1    1    1    1    1    1  4.71094E+15 0.00112 
   51   51    1    1    1    1    1    1    1    1  3.79596E+15 0.00112 
   52   52    1    1    1    1    1    1    1    1  4.44552E+15 0.00108 
   53   53    1    1    1    1    1    1    1    1  3.10097E+15 0.00106 
   54   54    1    1    1    1    1    1    1    1  3.74245E+15 0.00105 
   55   55    1    1    1    1    1    1    1    1  2.58758E+15 0.00115 
   56   56    1    1    1    1    1    1    1    1  3.53361E+14 0.00127 
   57   57    1    1    1    1    1    1    1    1  5.14773E+15 0.00097 
   58   58    1    1    1    1    1    1    1    1  2.25265E+15 0.00114 
   59   59    1    1    1    1    1    1    1    1  2.41037E+15 0.00107 
   60   60    1    1    1    1    1    1    1    1  1.85011E+15 0.00120 
   61   61    1    1    1    1    1    1    1    1  1.86011E+15 0.00124 
   62   62    1    1    1    1    1    1    1    1  1.93197E+15 0.00108 
   63   63    1    1    1    1    1    1    1    1  1.61923E+15 0.00123 
   64   64    1    1    1    1    1    1    1    1  1.28724E+15 0.00112 
   65   65    1    1    1    1    1    1    1    1  1.27723E+15 0.00124 
   66   66    1    1    1    1    1    1    1    1  9.22472E+14 0.00145 
   67   67    1    1    1    1    1    1    1    1  7.55218E+14 0.00111 
   68   68    1    1    1    1    1    1    1    1  6.80462E+14 0.00123 
   69   69    1    1    1    1    1    1    1    1  8.16240E+14 0.00146 
   70   70    1    1    1    1    1    1    1    1  6.95548E+14 0.00120 
   71   71    1    1    1    1    1    1    1    1  1.27818E+15 0.00154 
   72   72    1    1    1    1    1    1    1    1  9.09665E+14 0.00160 
   73   73    1    1    1    1    1    1    1    1  6.83022E+14 0.00189 
   74   74    1    1    1    1    1    1    1    1  5.42823E+14 0.00177 
   75   75    1    1    1    1    1    1    1    1  4.46120E+14 0.00171 
   76   76    1    1    1    1    1    1    1    1  5.11384E+14 0.00219 
   77   77    1    1    1    1    1    1    1    1  3.99807E+14 0.00242 
   78   78    1    1    1    1    1    1    1    1  3.15637E+14 0.00184 
   79   79    1    1    1    1    1    1    1    1  3.23516E+14 0.00221 
   80   80    1    1    1    1    1    1    1    1  2.38182E+14 0.00200 
   81   81    1    1    1    1    1    1    1    1  1.83125E+14 0.00229 
   82   82    1    1    1    1    1    1    1    1  1.41184E+14 0.00306 
   83   83    1    1    1    1    1    1    1    1  1.31518E+14 0.00226 
   84   84    1    1    1    1    1    1    1    1  9.44434E+13 0.00290 
   85   85    1    1    1    1    1    1    1    1  6.76828E+13 0.00417 
   86   86    1    1    1    1    1    1    1    1  6.42451E+13 0.00398 
   87   87    1    1    1    1    1    1    1    1  3.93346E+13 0.00529 
   88   88    1    1    1    1    1    1    1    1  2.65723E+13 0.00505 
   89   89    1    1    1    1    1    1    1    1  1.53737E+13 0.00744 
   90   90    1    1    1    1    1    1    1    1  1.03031E+13 0.00701 
   91   91    1    1    1    1    1    1    1    1  5.14278E+12 0.01085 
   92   92    1    1    1    1    1    1    1    1  2.48287E+12 0.02169 
   93   93    1    1    1    1    1    1    1    1  1.18383E+12 0.02087 
   94   94    1    1    1    1    1    1    1    1  5.92511E+11 0.03427 
   95   95    1    1    1    1    1    1    1    1  3.04031E+11 0.06295 
   96   96    1    1    1    1    1    1    1    1  1.18699E+11 0.06159 
   97   97    1    1    1    1    1    1    1    1  6.91357E+10 0.11786 
   98   98    1    1    1    1    1    1    1    1  2.95301E+10 0.17814 
   99   99    1    1    1    1    1    1    1    1  2.21571E+10 0.23861 
  100  100    1    1    1    1    1    1    1    1  1.86885E+10 0.19342 
];


