
DETdpaspec = [
    1    1    1    1    1    1    1    1    1    1  0.00000E+00 0.00000 
    2    2    1    1    1    1    1    1    1    1  0.00000E+00 0.00000 
    3    3    1    1    1    1    1    1    1    1  0.00000E+00 0.00000 
    4    4    1    1    1    1    1    1    1    1  0.00000E+00 0.00000 
    5    5    1    1    1    1    1    1    1    1  0.00000E+00 0.00000 
    6    6    1    1    1    1    1    1    1    1  1.47760E+07 1.00000 
    7    7    1    1    1    1    1    1    1    1  4.66606E+07 1.00000 
    8    8    1    1    1    1    1    1    1    1  0.00000E+00 0.00000 
    9    9    1    1    1    1    1    1    1    1  0.00000E+00 0.00000 
   10   10    1    1    1    1    1    1    1    1  1.67296E+08 0.69932 
   11   11    1    1    1    1    1    1    1    1  6.34190E+07 1.00000 
   12   12    1    1    1    1    1    1    1    1  5.35207E+07 0.79994 
   13   13    1    1    1    1    1    1    1    1  1.81594E+09 0.67606 
   14   14    1    1    1    1    1    1    1    1  1.87908E+09 0.56201 
   15   15    1    1    1    1    1    1    1    1  9.71837E+09 0.38547 
   16   16    1    1    1    1    1    1    1    1  1.40367E+09 0.40430 
   17   17    1    1    1    1    1    1    1    1  2.40897E+09 0.27744 
   18   18    1    1    1    1    1    1    1    1  1.02997E+10 0.17212 
   19   19    1    1    1    1    1    1    1    1  1.35957E+10 0.19747 
   20   20    1    1    1    1    1    1    1    1  4.67043E+10 0.09185 
   21   21    1    1    1    1    1    1    1    1  3.58125E+10 0.11732 
   22   22    1    1    1    1    1    1    1    1  6.81129E+10 0.07329 
   23   23    1    1    1    1    1    1    1    1  1.04575E+11 0.05340 
   24   24    1    1    1    1    1    1    1    1  1.92298E+11 0.05608 
   25   25    1    1    1    1    1    1    1    1  2.33262E+11 0.05227 
   26   26    1    1    1    1    1    1    1    1  3.79083E+11 0.04517 
   27   27    1    1    1    1    1    1    1    1  6.99342E+11 0.03935 
   28   28    1    1    1    1    1    1    1    1  1.70678E+12 0.01833 
   29   29    1    1    1    1    1    1    1    1  2.97708E+12 0.01506 
   30   30    1    1    1    1    1    1    1    1  8.00559E+12 0.00868 
   31   31    1    1    1    1    1    1    1    1  2.46026E+13 0.00729 
   32   32    1    1    1    1    1    1    1    1  4.58129E+13 0.00441 
   33   33    1    1    1    1    1    1    1    1  1.09060E+14 0.00275 
   34   34    1    1    1    1    1    1    1    1  1.52808E+14 0.00291 
   35   35    1    1    1    1    1    1    1    1  1.97780E+14 0.00228 
   36   36    1    1    1    1    1    1    1    1  1.34146E+14 0.00196 
   37   37    1    1    1    1    1    1    1    1  4.09932E+13 0.00242 
   38   38    1    1    1    1    1    1    1    1  2.29968E+14 0.00168 
   39   39    1    1    1    1    1    1    1    1  3.09947E+14 0.00169 
   40   40    1    1    1    1    1    1    1    1  5.34707E+14 0.00122 
   41   41    1    1    1    1    1    1    1    1  5.39959E+14 0.00121 
   42   42    1    1    1    1    1    1    1    1  1.15421E+15 0.00094 
   43   43    1    1    1    1    1    1    1    1  1.40034E+15 0.00113 
   44   44    1    1    1    1    1    1    1    1  2.02622E+15 0.00070 
   45   45    1    1    1    1    1    1    1    1  4.05838E+15 0.00082 
   46   46    1    1    1    1    1    1    1    1  1.90783E+15 0.00079 
   47   47    1    1    1    1    1    1    1    1  3.06891E+15 0.00065 
   48   48    1    1    1    1    1    1    1    1  4.30206E+15 0.00060 
   49   49    1    1    1    1    1    1    1    1  4.25778E+15 0.00064 
   50   50    1    1    1    1    1    1    1    1  6.66986E+15 0.00059 
   51   51    1    1    1    1    1    1    1    1  5.31287E+15 0.00058 
   52   52    1    1    1    1    1    1    1    1  6.34715E+15 0.00057 
   53   53    1    1    1    1    1    1    1    1  4.42089E+15 0.00065 
   54   54    1    1    1    1    1    1    1    1  5.43545E+15 0.00063 
   55   55    1    1    1    1    1    1    1    1  3.74617E+15 0.00086 
   56   56    1    1    1    1    1    1    1    1  5.09968E+14 0.00108 
   57   57    1    1    1    1    1    1    1    1  7.45471E+15 0.00078 
   58   58    1    1    1    1    1    1    1    1  3.33615E+15 0.00094 
   59   59    1    1    1    1    1    1    1    1  3.55352E+15 0.00085 
   60   60    1    1    1    1    1    1    1    1  2.77830E+15 0.00073 
   61   61    1    1    1    1    1    1    1    1  2.78236E+15 0.00094 
   62   62    1    1    1    1    1    1    1    1  2.90128E+15 0.00100 
   63   63    1    1    1    1    1    1    1    1  2.44571E+15 0.00086 
   64   64    1    1    1    1    1    1    1    1  1.94655E+15 0.00093 
   65   65    1    1    1    1    1    1    1    1  1.93577E+15 0.00098 
   66   66    1    1    1    1    1    1    1    1  1.39992E+15 0.00101 
   67   67    1    1    1    1    1    1    1    1  1.14206E+15 0.00080 
   68   68    1    1    1    1    1    1    1    1  1.02236E+15 0.00093 
   69   69    1    1    1    1    1    1    1    1  1.23073E+15 0.00070 
   70   70    1    1    1    1    1    1    1    1  1.04844E+15 0.00107 
   71   71    1    1    1    1    1    1    1    1  1.90634E+15 0.00080 
   72   72    1    1    1    1    1    1    1    1  1.34977E+15 0.00128 
   73   73    1    1    1    1    1    1    1    1  1.01660E+15 0.00090 
   74   74    1    1    1    1    1    1    1    1  8.19121E+14 0.00116 
   75   75    1    1    1    1    1    1    1    1  6.81322E+14 0.00141 
   76   76    1    1    1    1    1    1    1    1  7.92898E+14 0.00109 
   77   77    1    1    1    1    1    1    1    1  6.25419E+14 0.00136 
   78   78    1    1    1    1    1    1    1    1  4.98975E+14 0.00160 
   79   79    1    1    1    1    1    1    1    1  5.14360E+14 0.00145 
   80   80    1    1    1    1    1    1    1    1  3.81703E+14 0.00152 
   81   81    1    1    1    1    1    1    1    1  2.94776E+14 0.00177 
   82   82    1    1    1    1    1    1    1    1  2.26016E+14 0.00164 
   83   83    1    1    1    1    1    1    1    1  2.12053E+14 0.00170 
   84   84    1    1    1    1    1    1    1    1  1.51829E+14 0.00222 
   85   85    1    1    1    1    1    1    1    1  1.09508E+14 0.00375 
   86   86    1    1    1    1    1    1    1    1  1.02535E+14 0.00259 
   87   87    1    1    1    1    1    1    1    1  6.35859E+13 0.00369 
   88   88    1    1    1    1    1    1    1    1  4.22979E+13 0.00418 
   89   89    1    1    1    1    1    1    1    1  2.44570E+13 0.00641 
   90   90    1    1    1    1    1    1    1    1  1.61338E+13 0.00637 
   91   91    1    1    1    1    1    1    1    1  7.98309E+12 0.00910 
   92   92    1    1    1    1    1    1    1    1  3.95493E+12 0.01193 
   93   93    1    1    1    1    1    1    1    1  1.86770E+12 0.01999 
   94   94    1    1    1    1    1    1    1    1  9.25746E+11 0.03483 
   95   95    1    1    1    1    1    1    1    1  4.47510E+11 0.03262 
   96   96    1    1    1    1    1    1    1    1  2.22178E+11 0.06777 
   97   97    1    1    1    1    1    1    1    1  1.08934E+11 0.09538 
   98   98    1    1    1    1    1    1    1    1  6.13014E+10 0.11688 
   99   99    1    1    1    1    1    1    1    1  2.27633E+10 0.23163 
  100  100    1    1    1    1    1    1    1    1  1.37690E+10 0.25034 
];


