
DETdpaspec = [
    1    1    1    1    1    1    1    1    1    1  0.00000E+00 0.00000 
    2    2    1    1    1    1    1    1    1    1  0.00000E+00 0.00000 
    3    3    1    1    1    1    1    1    1    1  0.00000E+00 0.00000 
    4    4    1    1    1    1    1    1    1    1  0.00000E+00 0.00000 
    5    5    1    1    1    1    1    1    1    1  0.00000E+00 0.00000 
    6    6    1    1    1    1    1    1    1    1  0.00000E+00 0.00000 
    7    7    1    1    1    1    1    1    1    1  0.00000E+00 0.00000 
    8    8    1    1    1    1    1    1    1    1  0.00000E+00 0.00000 
    9    9    1    1    1    1    1    1    1    1  0.00000E+00 0.00000 
   10   10    1    1    1    1    1    1    1    1  7.07057E+07 1.00000 
   11   11    1    1    1    1    1    1    1    1  1.16084E+08 1.00000 
   12   12    1    1    1    1    1    1    1    1  1.05130E+08 1.00000 
   13   13    1    1    1    1    1    1    1    1  4.34469E+09 0.46223 
   14   14    1    1    1    1    1    1    1    1  4.70633E+09 0.46871 
   15   15    1    1    1    1    1    1    1    1  4.76359E+09 0.46905 
   16   16    1    1    1    1    1    1    1    1  3.41050E+09 0.35605 
   17   17    1    1    1    1    1    1    1    1  5.39185E+09 0.32881 
   18   18    1    1    1    1    1    1    1    1  1.09843E+10 0.22974 
   19   19    1    1    1    1    1    1    1    1  9.18695E+09 0.25555 
   20   20    1    1    1    1    1    1    1    1  3.77266E+10 0.14057 
   21   21    1    1    1    1    1    1    1    1  2.69963E+10 0.11873 
   22   22    1    1    1    1    1    1    1    1  6.18723E+10 0.11321 
   23   23    1    1    1    1    1    1    1    1  1.39575E+11 0.08310 
   24   24    1    1    1    1    1    1    1    1  4.23254E+11 0.05147 
   25   25    1    1    1    1    1    1    1    1  6.87184E+11 0.03290 
   26   26    1    1    1    1    1    1    1    1  1.50339E+12 0.01885 
   27   27    1    1    1    1    1    1    1    1  3.32496E+12 0.01827 
   28   28    1    1    1    1    1    1    1    1  7.77894E+12 0.00834 
   29   29    1    1    1    1    1    1    1    1  1.35211E+13 0.00840 
   30   30    1    1    1    1    1    1    1    1  2.96405E+13 0.00565 
   31   31    1    1    1    1    1    1    1    1  7.15853E+13 0.00349 
   32   32    1    1    1    1    1    1    1    1  1.13383E+14 0.00239 
   33   33    1    1    1    1    1    1    1    1  2.41123E+14 0.00130 
   34   34    1    1    1    1    1    1    1    1  3.13479E+14 0.00155 
   35   35    1    1    1    1    1    1    1    1  3.40636E+14 0.00159 
   36   36    1    1    1    1    1    1    1    1  2.10434E+14 0.00113 
   37   37    1    1    1    1    1    1    1    1  6.19576E+13 0.00111 
   38   38    1    1    1    1    1    1    1    1  3.53316E+14 0.00115 
   39   39    1    1    1    1    1    1    1    1  4.70165E+14 0.00150 
   40   40    1    1    1    1    1    1    1    1  8.00264E+14 0.00095 
   41   41    1    1    1    1    1    1    1    1  7.73366E+14 0.00115 
   42   42    1    1    1    1    1    1    1    1  1.65734E+15 0.00075 
   43   43    1    1    1    1    1    1    1    1  1.97484E+15 0.00077 
   44   44    1    1    1    1    1    1    1    1  2.80563E+15 0.00079 
   45   45    1    1    1    1    1    1    1    1  5.49930E+15 0.00071 
   46   46    1    1    1    1    1    1    1    1  2.48771E+15 0.00063 
   47   47    1    1    1    1    1    1    1    1  3.93161E+15 0.00068 
   48   48    1    1    1    1    1    1    1    1  5.40723E+15 0.00066 
   49   49    1    1    1    1    1    1    1    1  5.25082E+15 0.00074 
   50   50    1    1    1    1    1    1    1    1  8.19470E+15 0.00066 
   51   51    1    1    1    1    1    1    1    1  6.32973E+15 0.00070 
   52   52    1    1    1    1    1    1    1    1  7.60036E+15 0.00076 
   53   53    1    1    1    1    1    1    1    1  5.20761E+15 0.00081 
   54   54    1    1    1    1    1    1    1    1  6.45892E+15 0.00074 
   55   55    1    1    1    1    1    1    1    1  4.40993E+15 0.00074 
   56   56    1    1    1    1    1    1    1    1  5.95205E+14 0.00091 
   57   57    1    1    1    1    1    1    1    1  8.68241E+15 0.00072 
   58   58    1    1    1    1    1    1    1    1  3.94384E+15 0.00072 
   59   59    1    1    1    1    1    1    1    1  4.14901E+15 0.00086 
   60   60    1    1    1    1    1    1    1    1  3.27683E+15 0.00083 
   61   61    1    1    1    1    1    1    1    1  3.26458E+15 0.00080 
   62   62    1    1    1    1    1    1    1    1  3.39436E+15 0.00076 
   63   63    1    1    1    1    1    1    1    1  2.85471E+15 0.00080 
   64   64    1    1    1    1    1    1    1    1  2.26287E+15 0.00075 
   65   65    1    1    1    1    1    1    1    1  2.24179E+15 0.00091 
   66   66    1    1    1    1    1    1    1    1  1.61626E+15 0.00106 
   67   67    1    1    1    1    1    1    1    1  1.30559E+15 0.00093 
   68   68    1    1    1    1    1    1    1    1  1.16404E+15 0.00105 
   69   69    1    1    1    1    1    1    1    1  1.38951E+15 0.00134 
   70   70    1    1    1    1    1    1    1    1  1.17735E+15 0.00110 
   71   71    1    1    1    1    1    1    1    1  2.10116E+15 0.00070 
   72   72    1    1    1    1    1    1    1    1  1.47613E+15 0.00123 
   73   73    1    1    1    1    1    1    1    1  1.11314E+15 0.00110 
   74   74    1    1    1    1    1    1    1    1  9.01215E+14 0.00137 
   75   75    1    1    1    1    1    1    1    1  7.58143E+14 0.00171 
   76   76    1    1    1    1    1    1    1    1  8.88339E+14 0.00134 
   77   77    1    1    1    1    1    1    1    1  7.11258E+14 0.00157 
   78   78    1    1    1    1    1    1    1    1  5.70976E+14 0.00165 
   79   79    1    1    1    1    1    1    1    1  5.92470E+14 0.00159 
   80   80    1    1    1    1    1    1    1    1  4.39164E+14 0.00168 
   81   81    1    1    1    1    1    1    1    1  3.39372E+14 0.00174 
   82   82    1    1    1    1    1    1    1    1  2.61791E+14 0.00213 
   83   83    1    1    1    1    1    1    1    1  2.44827E+14 0.00194 
   84   84    1    1    1    1    1    1    1    1  1.75619E+14 0.00241 
   85   85    1    1    1    1    1    1    1    1  1.26656E+14 0.00245 
   86   86    1    1    1    1    1    1    1    1  1.18409E+14 0.00254 
   87   87    1    1    1    1    1    1    1    1  7.24466E+13 0.00289 
   88   88    1    1    1    1    1    1    1    1  4.80659E+13 0.00449 
   89   89    1    1    1    1    1    1    1    1  2.77107E+13 0.00497 
   90   90    1    1    1    1    1    1    1    1  1.81224E+13 0.00689 
   91   91    1    1    1    1    1    1    1    1  9.12473E+12 0.01193 
   92   92    1    1    1    1    1    1    1    1  4.40050E+12 0.01273 
   93   93    1    1    1    1    1    1    1    1  2.08509E+12 0.01660 
   94   94    1    1    1    1    1    1    1    1  1.01933E+12 0.03133 
   95   95    1    1    1    1    1    1    1    1  4.65652E+11 0.03336 
   96   96    1    1    1    1    1    1    1    1  2.22792E+11 0.04990 
   97   97    1    1    1    1    1    1    1    1  9.12406E+10 0.08406 
   98   98    1    1    1    1    1    1    1    1  5.56089E+10 0.10184 
   99   99    1    1    1    1    1    1    1    1  2.87119E+10 0.24159 
  100  100    1    1    1    1    1    1    1    1  1.89617E+10 0.18472 
];


