
DETdpaspec = [
    1    1    1    1    1    1    1    1    1    1  0.00000E+00 0.00000 
    2    2    1    1    1    1    1    1    1    1  0.00000E+00 0.00000 
    3    3    1    1    1    1    1    1    1    1  0.00000E+00 0.00000 
    4    4    1    1    1    1    1    1    1    1  0.00000E+00 0.00000 
    5    5    1    1    1    1    1    1    1    1  0.00000E+00 0.00000 
    6    6    1    1    1    1    1    1    1    1  0.00000E+00 0.00000 
    7    7    1    1    1    1    1    1    1    1  0.00000E+00 0.00000 
    8    8    1    1    1    1    1    1    1    1  2.56909E+07 1.00000 
    9    9    1    1    1    1    1    1    1    1  0.00000E+00 0.00000 
   10   10    1    1    1    1    1    1    1    1  2.99690E+07 1.00000 
   11   11    1    1    1    1    1    1    1    1  0.00000E+00 0.00000 
   12   12    1    1    1    1    1    1    1    1  1.66009E+08 0.59609 
   13   13    1    1    1    1    1    1    1    1  3.65222E+09 0.35565 
   14   14    1    1    1    1    1    1    1    1  4.94734E+09 0.34080 
   15   15    1    1    1    1    1    1    1    1  6.17333E+09 0.30377 
   16   16    1    1    1    1    1    1    1    1  1.62245E+09 0.49144 
   17   17    1    1    1    1    1    1    1    1  5.08593E+09 0.17946 
   18   18    1    1    1    1    1    1    1    1  7.33955E+09 0.31716 
   19   19    1    1    1    1    1    1    1    1  1.20738E+10 0.20442 
   20   20    1    1    1    1    1    1    1    1  3.38106E+10 0.12907 
   21   21    1    1    1    1    1    1    1    1  3.14703E+10 0.11322 
   22   22    1    1    1    1    1    1    1    1  7.34626E+10 0.10243 
   23   23    1    1    1    1    1    1    1    1  1.25732E+11 0.06604 
   24   24    1    1    1    1    1    1    1    1  1.92135E+11 0.04686 
   25   25    1    1    1    1    1    1    1    1  2.62177E+11 0.04674 
   26   26    1    1    1    1    1    1    1    1  4.23238E+11 0.04542 
   27   27    1    1    1    1    1    1    1    1  8.64106E+11 0.03868 
   28   28    1    1    1    1    1    1    1    1  1.99770E+12 0.01814 
   29   29    1    1    1    1    1    1    1    1  3.53046E+12 0.01762 
   30   30    1    1    1    1    1    1    1    1  9.39757E+12 0.00910 
   31   31    1    1    1    1    1    1    1    1  2.83333E+13 0.00612 
   32   32    1    1    1    1    1    1    1    1  5.18536E+13 0.00363 
   33   33    1    1    1    1    1    1    1    1  1.22992E+14 0.00283 
   34   34    1    1    1    1    1    1    1    1  1.72538E+14 0.00275 
   35   35    1    1    1    1    1    1    1    1  2.17424E+14 0.00257 
   36   36    1    1    1    1    1    1    1    1  1.45188E+14 0.00200 
   37   37    1    1    1    1    1    1    1    1  4.38395E+13 0.00212 
   38   38    1    1    1    1    1    1    1    1  2.47474E+14 0.00180 
   39   39    1    1    1    1    1    1    1    1  3.33674E+14 0.00180 
   40   40    1    1    1    1    1    1    1    1  5.76445E+14 0.00145 
   41   41    1    1    1    1    1    1    1    1  5.76877E+14 0.00159 
   42   42    1    1    1    1    1    1    1    1  1.23793E+15 0.00106 
   43   43    1    1    1    1    1    1    1    1  1.50290E+15 0.00093 
   44   44    1    1    1    1    1    1    1    1  2.17310E+15 0.00092 
   45   45    1    1    1    1    1    1    1    1  4.35110E+15 0.00066 
   46   46    1    1    1    1    1    1    1    1  2.03518E+15 0.00085 
   47   47    1    1    1    1    1    1    1    1  3.26629E+15 0.00074 
   48   48    1    1    1    1    1    1    1    1  4.57320E+15 0.00072 
   49   49    1    1    1    1    1    1    1    1  4.51343E+15 0.00070 
   50   50    1    1    1    1    1    1    1    1  7.08924E+15 0.00063 
   51   51    1    1    1    1    1    1    1    1  5.62311E+15 0.00061 
   52   52    1    1    1    1    1    1    1    1  6.73758E+15 0.00068 
   53   53    1    1    1    1    1    1    1    1  4.68083E+15 0.00083 
   54   54    1    1    1    1    1    1    1    1  5.77703E+15 0.00082 
   55   55    1    1    1    1    1    1    1    1  3.98225E+15 0.00057 
   56   56    1    1    1    1    1    1    1    1  5.40550E+14 0.00101 
   57   57    1    1    1    1    1    1    1    1  7.91564E+15 0.00068 
   58   58    1    1    1    1    1    1    1    1  3.56311E+15 0.00053 
   59   59    1    1    1    1    1    1    1    1  3.78936E+15 0.00077 
   60   60    1    1    1    1    1    1    1    1  2.96926E+15 0.00065 
   61   61    1    1    1    1    1    1    1    1  2.97411E+15 0.00079 
   62   62    1    1    1    1    1    1    1    1  3.10163E+15 0.00096 
   63   63    1    1    1    1    1    1    1    1  2.61540E+15 0.00098 
   64   64    1    1    1    1    1    1    1    1  2.08274E+15 0.00093 
   65   65    1    1    1    1    1    1    1    1  2.07203E+15 0.00109 
   66   66    1    1    1    1    1    1    1    1  1.49993E+15 0.00099 
   67   67    1    1    1    1    1    1    1    1  1.22125E+15 0.00106 
   68   68    1    1    1    1    1    1    1    1  1.09479E+15 0.00099 
   69   69    1    1    1    1    1    1    1    1  1.31410E+15 0.00084 
   70   70    1    1    1    1    1    1    1    1  1.11735E+15 0.00132 
   71   71    1    1    1    1    1    1    1    1  2.02407E+15 0.00099 
   72   72    1    1    1    1    1    1    1    1  1.43146E+15 0.00108 
   73   73    1    1    1    1    1    1    1    1  1.08050E+15 0.00151 
   74   74    1    1    1    1    1    1    1    1  8.74414E+14 0.00111 
   75   75    1    1    1    1    1    1    1    1  7.28782E+14 0.00134 
   76   76    1    1    1    1    1    1    1    1  8.47341E+14 0.00157 
   77   77    1    1    1    1    1    1    1    1  6.71311E+14 0.00159 
   78   78    1    1    1    1    1    1    1    1  5.37876E+14 0.00167 
   79   79    1    1    1    1    1    1    1    1  5.56017E+14 0.00129 
   80   80    1    1    1    1    1    1    1    1  4.13458E+14 0.00123 
   81   81    1    1    1    1    1    1    1    1  3.18895E+14 0.00190 
   82   82    1    1    1    1    1    1    1    1  2.45120E+14 0.00186 
   83   83    1    1    1    1    1    1    1    1  2.28860E+14 0.00193 
   84   84    1    1    1    1    1    1    1    1  1.64675E+14 0.00275 
   85   85    1    1    1    1    1    1    1    1  1.19038E+14 0.00249 
   86   86    1    1    1    1    1    1    1    1  1.11155E+14 0.00301 
   87   87    1    1    1    1    1    1    1    1  6.90241E+13 0.00372 
   88   88    1    1    1    1    1    1    1    1  4.60032E+13 0.00394 
   89   89    1    1    1    1    1    1    1    1  2.63228E+13 0.00478 
   90   90    1    1    1    1    1    1    1    1  1.73381E+13 0.00653 
   91   91    1    1    1    1    1    1    1    1  8.80067E+12 0.00997 
   92   92    1    1    1    1    1    1    1    1  4.35837E+12 0.01445 
   93   93    1    1    1    1    1    1    1    1  2.03420E+12 0.02124 
   94   94    1    1    1    1    1    1    1    1  1.01083E+12 0.02471 
   95   95    1    1    1    1    1    1    1    1  4.94145E+11 0.04403 
   96   96    1    1    1    1    1    1    1    1  2.36711E+11 0.05496 
   97   97    1    1    1    1    1    1    1    1  1.03585E+11 0.08249 
   98   98    1    1    1    1    1    1    1    1  5.81223E+10 0.13446 
   99   99    1    1    1    1    1    1    1    1  2.00168E+10 0.15484 
  100  100    1    1    1    1    1    1    1    1  2.19293E+10 0.19625 
];


