
DETdpaspec = [
    1    1    1    1    1    1    1    1    1    1  0.00000E+00 0.00000 
    2    2    1    1    1    1    1    1    1    1  0.00000E+00 0.00000 
    3    3    1    1    1    1    1    1    1    1  0.00000E+00 0.00000 
    4    4    1    1    1    1    1    1    1    1  0.00000E+00 0.00000 
    5    5    1    1    1    1    1    1    1    1  0.00000E+00 0.00000 
    6    6    1    1    1    1    1    1    1    1  0.00000E+00 0.00000 
    7    7    1    1    1    1    1    1    1    1  0.00000E+00 0.00000 
    8    8    1    1    1    1    1    1    1    1  0.00000E+00 0.00000 
    9    9    1    1    1    1    1    1    1    1  0.00000E+00 0.00000 
   10   10    1    1    1    1    1    1    1    1  0.00000E+00 0.00000 
   11   11    1    1    1    1    1    1    1    1  4.87725E+07 1.00000 
   12   12    1    1    1    1    1    1    1    1  0.00000E+00 0.00000 
   13   13    1    1    1    1    1    1    1    1  0.00000E+00 0.00000 
   14   14    1    1    1    1    1    1    1    1  1.62484E+09 0.58947 
   15   15    1    1    1    1    1    1    1    1  3.20912E+09 0.34618 
   16   16    1    1    1    1    1    1    1    1  7.70173E+08 0.36855 
   17   17    1    1    1    1    1    1    1    1  1.72613E+09 0.47208 
   18   18    1    1    1    1    1    1    1    1  3.37646E+09 0.35240 
   19   19    1    1    1    1    1    1    1    1  6.22217E+09 0.17329 
   20   20    1    1    1    1    1    1    1    1  2.47173E+10 0.16725 
   21   21    1    1    1    1    1    1    1    1  1.59867E+10 0.14968 
   22   22    1    1    1    1    1    1    1    1  4.14268E+10 0.10555 
   23   23    1    1    1    1    1    1    1    1  6.44466E+10 0.09948 
   24   24    1    1    1    1    1    1    1    1  8.56977E+10 0.06700 
   25   25    1    1    1    1    1    1    1    1  1.08768E+11 0.06724 
   26   26    1    1    1    1    1    1    1    1  1.86213E+11 0.04693 
   27   27    1    1    1    1    1    1    1    1  3.62070E+11 0.05030 
   28   28    1    1    1    1    1    1    1    1  5.96203E+11 0.03713 
   29   29    1    1    1    1    1    1    1    1  8.63303E+11 0.02491 
   30   30    1    1    1    1    1    1    1    1  2.73956E+12 0.02190 
   31   31    1    1    1    1    1    1    1    1  8.39532E+12 0.01153 
   32   32    1    1    1    1    1    1    1    1  1.52717E+13 0.00792 
   33   33    1    1    1    1    1    1    1    1  3.33530E+13 0.00599 
   34   34    1    1    1    1    1    1    1    1  4.36248E+13 0.00432 
   35   35    1    1    1    1    1    1    1    1  6.35593E+13 0.00287 
   36   36    1    1    1    1    1    1    1    1  4.47821E+13 0.00290 
   37   37    1    1    1    1    1    1    1    1  1.42351E+13 0.00342 
   38   38    1    1    1    1    1    1    1    1  7.61630E+13 0.00310 
   39   39    1    1    1    1    1    1    1    1  1.01023E+14 0.00344 
   40   40    1    1    1    1    1    1    1    1  1.68647E+14 0.00343 
   41   41    1    1    1    1    1    1    1    1  1.75685E+14 0.00251 
   42   42    1    1    1    1    1    1    1    1  3.57256E+14 0.00223 
   43   43    1    1    1    1    1    1    1    1  4.24528E+14 0.00240 
   44   44    1    1    1    1    1    1    1    1  6.00512E+14 0.00259 
   45   45    1    1    1    1    1    1    1    1  1.13850E+15 0.00244 
   46   46    1    1    1    1    1    1    1    1  5.37586E+14 0.00259 
   47   47    1    1    1    1    1    1    1    1  8.69181E+14 0.00234 
   48   48    1    1    1    1    1    1    1    1  1.19695E+15 0.00207 
   49   49    1    1    1    1    1    1    1    1  1.17768E+15 0.00223 
   50   50    1    1    1    1    1    1    1    1  1.77752E+15 0.00199 
   51   51    1    1    1    1    1    1    1    1  1.43847E+15 0.00227 
   52   52    1    1    1    1    1    1    1    1  1.64200E+15 0.00246 
   53   53    1    1    1    1    1    1    1    1  1.14362E+15 0.00263 
   54   54    1    1    1    1    1    1    1    1  1.35122E+15 0.00261 
   55   55    1    1    1    1    1    1    1    1  9.34627E+14 0.00238 
   56   56    1    1    1    1    1    1    1    1  1.27966E+14 0.00260 
   57   57    1    1    1    1    1    1    1    1  1.84833E+15 0.00211 
   58   58    1    1    1    1    1    1    1    1  7.88950E+14 0.00188 
   59   59    1    1    1    1    1    1    1    1  8.42605E+14 0.00268 
   60   60    1    1    1    1    1    1    1    1  6.34541E+14 0.00226 
   61   61    1    1    1    1    1    1    1    1  6.39015E+14 0.00226 
   62   62    1    1    1    1    1    1    1    1  6.58323E+14 0.00264 
   63   63    1    1    1    1    1    1    1    1  5.47781E+14 0.00257 
   64   64    1    1    1    1    1    1    1    1  4.34831E+14 0.00275 
   65   65    1    1    1    1    1    1    1    1  4.27143E+14 0.00297 
   66   66    1    1    1    1    1    1    1    1  3.08530E+14 0.00245 
   67   67    1    1    1    1    1    1    1    1  2.54040E+14 0.00364 
   68   68    1    1    1    1    1    1    1    1  2.28914E+14 0.00321 
   69   69    1    1    1    1    1    1    1    1  2.73730E+14 0.00278 
   70   70    1    1    1    1    1    1    1    1  2.32755E+14 0.00266 
   71   71    1    1    1    1    1    1    1    1  4.33287E+14 0.00322 
   72   72    1    1    1    1    1    1    1    1  3.06969E+14 0.00310 
   73   73    1    1    1    1    1    1    1    1  2.29943E+14 0.00336 
   74   74    1    1    1    1    1    1    1    1  1.80152E+14 0.00449 
   75   75    1    1    1    1    1    1    1    1  1.46596E+14 0.00442 
   76   76    1    1    1    1    1    1    1    1  1.65011E+14 0.00373 
   77   77    1    1    1    1    1    1    1    1  1.27825E+14 0.00320 
   78   78    1    1    1    1    1    1    1    1  9.98740E+13 0.00400 
   79   79    1    1    1    1    1    1    1    1  1.01187E+14 0.00460 
   80   80    1    1    1    1    1    1    1    1  7.44788E+13 0.00298 
   81   81    1    1    1    1    1    1    1    1  5.71961E+13 0.00415 
   82   82    1    1    1    1    1    1    1    1  4.36119E+13 0.00586 
   83   83    1    1    1    1    1    1    1    1  4.11845E+13 0.00430 
   84   84    1    1    1    1    1    1    1    1  2.92726E+13 0.00614 
   85   85    1    1    1    1    1    1    1    1  2.11918E+13 0.00683 
   86   86    1    1    1    1    1    1    1    1  1.96934E+13 0.00728 
   87   87    1    1    1    1    1    1    1    1  1.23022E+13 0.00870 
   88   88    1    1    1    1    1    1    1    1  8.30121E+12 0.00882 
   89   89    1    1    1    1    1    1    1    1  4.89488E+12 0.01422 
   90   90    1    1    1    1    1    1    1    1  3.06513E+12 0.02147 
   91   91    1    1    1    1    1    1    1    1  1.53938E+12 0.02467 
   92   92    1    1    1    1    1    1    1    1  7.87628E+11 0.02376 
   93   93    1    1    1    1    1    1    1    1  4.04784E+11 0.05206 
   94   94    1    1    1    1    1    1    1    1  1.67562E+11 0.06718 
   95   95    1    1    1    1    1    1    1    1  7.54407E+10 0.13661 
   96   96    1    1    1    1    1    1    1    1  4.05878E+10 0.16932 
   97   97    1    1    1    1    1    1    1    1  1.32533E+10 0.24332 
   98   98    1    1    1    1    1    1    1    1  6.37060E+09 0.27362 
   99   99    1    1    1    1    1    1    1    1  2.26766E+09 0.54805 
  100  100    1    1    1    1    1    1    1    1  1.86348E+09 0.48796 
];


