
DETdpaspec = [
    1    1    1    1    1    1    1    1    1    1  0.00000E+00 0.00000 
    2    2    1    1    1    1    1    1    1    1  1.02776E+07 1.00000 
    3    3    1    1    1    1    1    1    1    1  1.35793E+07 1.00000 
    4    4    1    1    1    1    1    1    1    1  0.00000E+00 0.00000 
    5    5    1    1    1    1    1    1    1    1  0.00000E+00 0.00000 
    6    6    1    1    1    1    1    1    1    1  0.00000E+00 0.00000 
    7    7    1    1    1    1    1    1    1    1  2.24623E+07 1.00000 
    8    8    1    1    1    1    1    1    1    1  0.00000E+00 0.00000 
    9    9    1    1    1    1    1    1    1    1  2.02141E+07 1.00000 
   10   10    1    1    1    1    1    1    1    1  9.69649E+07 1.00000 
   11   11    1    1    1    1    1    1    1    1  4.83888E+08 0.77957 
   12   12    1    1    1    1    1    1    1    1  1.46390E+08 0.57739 
   13   13    1    1    1    1    1    1    1    1  3.96252E+08 0.73818 
   14   14    1    1    1    1    1    1    1    1  5.31169E+09 0.34451 
   15   15    1    1    1    1    1    1    1    1  1.03138E+10 0.34344 
   16   16    1    1    1    1    1    1    1    1  1.96506E+09 0.45668 
   17   17    1    1    1    1    1    1    1    1  5.39307E+09 0.24988 
   18   18    1    1    1    1    1    1    1    1  7.71641E+09 0.21725 
   19   19    1    1    1    1    1    1    1    1  1.31006E+10 0.17082 
   20   20    1    1    1    1    1    1    1    1  4.31263E+10 0.11402 
   21   21    1    1    1    1    1    1    1    1  3.58270E+10 0.12435 
   22   22    1    1    1    1    1    1    1    1  7.82092E+10 0.10088 
   23   23    1    1    1    1    1    1    1    1  1.32058E+11 0.06787 
   24   24    1    1    1    1    1    1    1    1  1.81382E+11 0.05757 
   25   25    1    1    1    1    1    1    1    1  2.32694E+11 0.05781 
   26   26    1    1    1    1    1    1    1    1  3.84249E+11 0.03487 
   27   27    1    1    1    1    1    1    1    1  6.92506E+11 0.03256 
   28   28    1    1    1    1    1    1    1    1  1.54182E+12 0.01767 
   29   29    1    1    1    1    1    1    1    1  2.59527E+12 0.01568 
   30   30    1    1    1    1    1    1    1    1  7.20934E+12 0.01031 
   31   31    1    1    1    1    1    1    1    1  2.24339E+13 0.00743 
   32   32    1    1    1    1    1    1    1    1  4.19449E+13 0.00469 
   33   33    1    1    1    1    1    1    1    1  1.00489E+14 0.00275 
   34   34    1    1    1    1    1    1    1    1  1.40034E+14 0.00276 
   35   35    1    1    1    1    1    1    1    1  1.85447E+14 0.00150 
   36   36    1    1    1    1    1    1    1    1  1.27063E+14 0.00164 
   37   37    1    1    1    1    1    1    1    1  3.89243E+13 0.00198 
   38   38    1    1    1    1    1    1    1    1  2.17919E+14 0.00118 
   39   39    1    1    1    1    1    1    1    1  2.93745E+14 0.00150 
   40   40    1    1    1    1    1    1    1    1  5.06103E+14 0.00131 
   41   41    1    1    1    1    1    1    1    1  5.13221E+14 0.00111 
   42   42    1    1    1    1    1    1    1    1  1.09301E+15 0.00078 
   43   43    1    1    1    1    1    1    1    1  1.32535E+15 0.00108 
   44   44    1    1    1    1    1    1    1    1  1.91907E+15 0.00098 
   45   45    1    1    1    1    1    1    1    1  3.82908E+15 0.00050 
   46   46    1    1    1    1    1    1    1    1  1.80563E+15 0.00067 
   47   47    1    1    1    1    1    1    1    1  2.90710E+15 0.00089 
   48   48    1    1    1    1    1    1    1    1  4.07203E+15 0.00076 
   49   49    1    1    1    1    1    1    1    1  4.03270E+15 0.00075 
   50   50    1    1    1    1    1    1    1    1  6.30302E+15 0.00062 
   51   51    1    1    1    1    1    1    1    1  5.04289E+15 0.00066 
   52   52    1    1    1    1    1    1    1    1  5.99878E+15 0.00076 
   53   53    1    1    1    1    1    1    1    1  4.18444E+15 0.00069 
   54   54    1    1    1    1    1    1    1    1  5.12701E+15 0.00075 
   55   55    1    1    1    1    1    1    1    1  3.53477E+15 0.00056 
   56   56    1    1    1    1    1    1    1    1  4.81647E+14 0.00082 
   57   57    1    1    1    1    1    1    1    1  7.04038E+15 0.00066 
   58   58    1    1    1    1    1    1    1    1  3.13665E+15 0.00067 
   59   59    1    1    1    1    1    1    1    1  3.34567E+15 0.00069 
   60   60    1    1    1    1    1    1    1    1  2.60485E+15 0.00068 
   61   61    1    1    1    1    1    1    1    1  2.61192E+15 0.00072 
   62   62    1    1    1    1    1    1    1    1  2.72161E+15 0.00085 
   63   63    1    1    1    1    1    1    1    1  2.28884E+15 0.00076 
   64   64    1    1    1    1    1    1    1    1  1.82415E+15 0.00087 
   65   65    1    1    1    1    1    1    1    1  1.81128E+15 0.00085 
   66   66    1    1    1    1    1    1    1    1  1.31135E+15 0.00101 
   67   67    1    1    1    1    1    1    1    1  1.07128E+15 0.00105 
   68   68    1    1    1    1    1    1    1    1  9.59939E+14 0.00086 
   69   69    1    1    1    1    1    1    1    1  1.15398E+15 0.00100 
   70   70    1    1    1    1    1    1    1    1  9.85033E+14 0.00130 
   71   71    1    1    1    1    1    1    1    1  1.79587E+15 0.00110 
   72   72    1    1    1    1    1    1    1    1  1.27359E+15 0.00119 
   73   73    1    1    1    1    1    1    1    1  9.59724E+14 0.00100 
   74   74    1    1    1    1    1    1    1    1  7.70642E+14 0.00105 
   75   75    1    1    1    1    1    1    1    1  6.38519E+14 0.00176 
   76   76    1    1    1    1    1    1    1    1  7.38760E+14 0.00135 
   77   77    1    1    1    1    1    1    1    1  5.82967E+14 0.00131 
   78   78    1    1    1    1    1    1    1    1  4.64011E+14 0.00135 
   79   79    1    1    1    1    1    1    1    1  4.78284E+14 0.00156 
   80   80    1    1    1    1    1    1    1    1  3.54328E+14 0.00177 
   81   81    1    1    1    1    1    1    1    1  2.73506E+14 0.00169 
   82   82    1    1    1    1    1    1    1    1  2.09307E+14 0.00203 
   83   83    1    1    1    1    1    1    1    1  1.95947E+14 0.00182 
   84   84    1    1    1    1    1    1    1    1  1.40614E+14 0.00248 
   85   85    1    1    1    1    1    1    1    1  1.02067E+14 0.00243 
   86   86    1    1    1    1    1    1    1    1  9.51123E+13 0.00237 
   87   87    1    1    1    1    1    1    1    1  5.85681E+13 0.00362 
   88   88    1    1    1    1    1    1    1    1  3.95561E+13 0.00427 
   89   89    1    1    1    1    1    1    1    1  2.28663E+13 0.00799 
   90   90    1    1    1    1    1    1    1    1  1.50792E+13 0.00714 
   91   91    1    1    1    1    1    1    1    1  7.60419E+12 0.00983 
   92   92    1    1    1    1    1    1    1    1  3.64609E+12 0.01568 
   93   93    1    1    1    1    1    1    1    1  1.75957E+12 0.01932 
   94   94    1    1    1    1    1    1    1    1  8.30128E+11 0.04018 
   95   95    1    1    1    1    1    1    1    1  4.01130E+11 0.04474 
   96   96    1    1    1    1    1    1    1    1  2.26495E+11 0.05416 
   97   97    1    1    1    1    1    1    1    1  9.97251E+10 0.06735 
   98   98    1    1    1    1    1    1    1    1  4.33885E+10 0.17246 
   99   99    1    1    1    1    1    1    1    1  2.54989E+10 0.18847 
  100  100    1    1    1    1    1    1    1    1  1.37504E+10 0.25500 
];


