
DETdpaspec = [
    1    1    1    1    1    1    1    1    1    1  0.00000E+00 0.00000 
    2    2    1    1    1    1    1    1    1    1  0.00000E+00 0.00000 
    3    3    1    1    1    1    1    1    1    1  0.00000E+00 0.00000 
    4    4    1    1    1    1    1    1    1    1  0.00000E+00 0.00000 
    5    5    1    1    1    1    1    1    1    1  0.00000E+00 0.00000 
    6    6    1    1    1    1    1    1    1    1  1.49808E+07 1.00000 
    7    7    1    1    1    1    1    1    1    1  0.00000E+00 0.00000 
    8    8    1    1    1    1    1    1    1    1  2.41245E+07 1.00000 
    9    9    1    1    1    1    1    1    1    1  1.80338E+07 0.69038 
   10   10    1    1    1    1    1    1    1    1  6.67277E+07 1.00000 
   11   11    1    1    1    1    1    1    1    1  3.20164E+08 0.76253 
   12   12    1    1    1    1    1    1    1    1  5.22624E+07 1.00000 
   13   13    1    1    1    1    1    1    1    1  1.11625E+09 0.87752 
   14   14    1    1    1    1    1    1    1    1  6.47493E+09 0.40276 
   15   15    1    1    1    1    1    1    1    1  4.91414E+09 0.40384 
   16   16    1    1    1    1    1    1    1    1  8.09759E+08 0.60004 
   17   17    1    1    1    1    1    1    1    1  3.46869E+09 0.23069 
   18   18    1    1    1    1    1    1    1    1  1.06299E+10 0.21643 
   19   19    1    1    1    1    1    1    1    1  8.93857E+09 0.18195 
   20   20    1    1    1    1    1    1    1    1  3.57767E+10 0.10939 
   21   21    1    1    1    1    1    1    1    1  2.58051E+10 0.13210 
   22   22    1    1    1    1    1    1    1    1  6.25304E+10 0.09852 
   23   23    1    1    1    1    1    1    1    1  1.07321E+11 0.06875 
   24   24    1    1    1    1    1    1    1    1  2.00360E+11 0.06480 
   25   25    1    1    1    1    1    1    1    1  2.44268E+11 0.06837 
   26   26    1    1    1    1    1    1    1    1  4.24131E+11 0.05734 
   27   27    1    1    1    1    1    1    1    1  7.68885E+11 0.03272 
   28   28    1    1    1    1    1    1    1    1  1.85780E+12 0.02220 
   29   29    1    1    1    1    1    1    1    1  3.26083E+12 0.01789 
   30   30    1    1    1    1    1    1    1    1  8.99920E+12 0.00878 
   31   31    1    1    1    1    1    1    1    1  2.73611E+13 0.00617 
   32   32    1    1    1    1    1    1    1    1  4.98319E+13 0.00494 
   33   33    1    1    1    1    1    1    1    1  1.17809E+14 0.00292 
   34   34    1    1    1    1    1    1    1    1  1.65841E+14 0.00201 
   35   35    1    1    1    1    1    1    1    1  2.10356E+14 0.00247 
   36   36    1    1    1    1    1    1    1    1  1.41396E+14 0.00235 
   37   37    1    1    1    1    1    1    1    1  4.29661E+13 0.00222 
   38   38    1    1    1    1    1    1    1    1  2.41973E+14 0.00183 
   39   39    1    1    1    1    1    1    1    1  3.26462E+14 0.00145 
   40   40    1    1    1    1    1    1    1    1  5.63201E+14 0.00120 
   41   41    1    1    1    1    1    1    1    1  5.65742E+14 0.00122 
   42   42    1    1    1    1    1    1    1    1  1.21144E+15 0.00102 
   43   43    1    1    1    1    1    1    1    1  1.47057E+15 0.00088 
   44   44    1    1    1    1    1    1    1    1  2.12635E+15 0.00070 
   45   45    1    1    1    1    1    1    1    1  4.26104E+15 0.00074 
   46   46    1    1    1    1    1    1    1    1  1.99712E+15 0.00064 
   47   47    1    1    1    1    1    1    1    1  3.20896E+15 0.00078 
   48   48    1    1    1    1    1    1    1    1  4.48695E+15 0.00070 
   49   49    1    1    1    1    1    1    1    1  4.43329E+15 0.00071 
   50   50    1    1    1    1    1    1    1    1  6.96112E+15 0.00058 
   51   51    1    1    1    1    1    1    1    1  5.53022E+15 0.00070 
   52   52    1    1    1    1    1    1    1    1  6.62565E+15 0.00074 
   53   53    1    1    1    1    1    1    1    1  4.60646E+15 0.00078 
   54   54    1    1    1    1    1    1    1    1  5.67798E+15 0.00071 
   55   55    1    1    1    1    1    1    1    1  3.91274E+15 0.00061 
   56   56    1    1    1    1    1    1    1    1  5.32701E+14 0.00087 
   57   57    1    1    1    1    1    1    1    1  7.78008E+15 0.00059 
   58   58    1    1    1    1    1    1    1    1  3.49376E+15 0.00072 
   59   59    1    1    1    1    1    1    1    1  3.71475E+15 0.00073 
   60   60    1    1    1    1    1    1    1    1  2.90920E+15 0.00076 
   61   61    1    1    1    1    1    1    1    1  2.91636E+15 0.00067 
   62   62    1    1    1    1    1    1    1    1  3.04252E+15 0.00073 
   63   63    1    1    1    1    1    1    1    1  2.56366E+15 0.00072 
   64   64    1    1    1    1    1    1    1    1  2.04268E+15 0.00085 
   65   65    1    1    1    1    1    1    1    1  2.03040E+15 0.00092 
   66   66    1    1    1    1    1    1    1    1  1.46967E+15 0.00133 
   67   67    1    1    1    1    1    1    1    1  1.19577E+15 0.00131 
   68   68    1    1    1    1    1    1    1    1  1.07246E+15 0.00101 
   69   69    1    1    1    1    1    1    1    1  1.28888E+15 0.00103 
   70   70    1    1    1    1    1    1    1    1  1.09762E+15 0.00095 
   71   71    1    1    1    1    1    1    1    1  1.99101E+15 0.00106 
   72   72    1    1    1    1    1    1    1    1  1.40892E+15 0.00119 
   73   73    1    1    1    1    1    1    1    1  1.06278E+15 0.00127 
   74   74    1    1    1    1    1    1    1    1  8.56903E+14 0.00095 
   75   75    1    1    1    1    1    1    1    1  7.14659E+14 0.00133 
   76   76    1    1    1    1    1    1    1    1  8.29972E+14 0.00124 
   77   77    1    1    1    1    1    1    1    1  6.58541E+14 0.00116 
   78   78    1    1    1    1    1    1    1    1  5.26592E+14 0.00153 
   79   79    1    1    1    1    1    1    1    1  5.43732E+14 0.00141 
   80   80    1    1    1    1    1    1    1    1  4.04061E+14 0.00151 
   81   81    1    1    1    1    1    1    1    1  3.11065E+14 0.00177 
   82   82    1    1    1    1    1    1    1    1  2.38721E+14 0.00172 
   83   83    1    1    1    1    1    1    1    1  2.22987E+14 0.00234 
   84   84    1    1    1    1    1    1    1    1  1.61025E+14 0.00194 
   85   85    1    1    1    1    1    1    1    1  1.16193E+14 0.00250 
   86   86    1    1    1    1    1    1    1    1  1.08910E+14 0.00315 
   87   87    1    1    1    1    1    1    1    1  6.70668E+13 0.00293 
   88   88    1    1    1    1    1    1    1    1  4.48630E+13 0.00417 
   89   89    1    1    1    1    1    1    1    1  2.59310E+13 0.00464 
   90   90    1    1    1    1    1    1    1    1  1.72760E+13 0.00760 
   91   91    1    1    1    1    1    1    1    1  8.54314E+12 0.01175 
   92   92    1    1    1    1    1    1    1    1  4.18329E+12 0.01308 
   93   93    1    1    1    1    1    1    1    1  1.96991E+12 0.02237 
   94   94    1    1    1    1    1    1    1    1  9.67475E+11 0.02793 
   95   95    1    1    1    1    1    1    1    1  4.96283E+11 0.04367 
   96   96    1    1    1    1    1    1    1    1  2.37234E+11 0.04928 
   97   97    1    1    1    1    1    1    1    1  1.16546E+11 0.06761 
   98   98    1    1    1    1    1    1    1    1  4.01696E+10 0.16558 
   99   99    1    1    1    1    1    1    1    1  2.24629E+10 0.18364 
  100  100    1    1    1    1    1    1    1    1  1.82848E+10 0.21231 
];


