
DETdpaspec = [
    1    1    1    1    1    1    1    1    1    1  0.00000E+00 0.00000 
    2    2    1    1    1    1    1    1    1    1  0.00000E+00 0.00000 
    3    3    1    1    1    1    1    1    1    1  0.00000E+00 0.00000 
    4    4    1    1    1    1    1    1    1    1  0.00000E+00 0.00000 
    5    5    1    1    1    1    1    1    1    1  1.70869E+07 1.00000 
    6    6    1    1    1    1    1    1    1    1  1.44097E+07 1.00000 
    7    7    1    1    1    1    1    1    1    1  3.90293E+07 0.68907 
    8    8    1    1    1    1    1    1    1    1  0.00000E+00 0.00000 
    9    9    1    1    1    1    1    1    1    1  0.00000E+00 0.00000 
   10   10    1    1    1    1    1    1    1    1  2.39179E+08 0.82420 
   11   11    1    1    1    1    1    1    1    1  4.99261E+08 0.53976 
   12   12    1    1    1    1    1    1    1    1  8.45190E+07 0.68601 
   13   13    1    1    1    1    1    1    1    1  1.62619E+09 0.46060 
   14   14    1    1    1    1    1    1    1    1  3.48222E+09 0.34683 
   15   15    1    1    1    1    1    1    1    1  3.41023E+09 0.62718 
   16   16    1    1    1    1    1    1    1    1  2.26209E+09 0.34688 
   17   17    1    1    1    1    1    1    1    1  5.07284E+09 0.24700 
   18   18    1    1    1    1    1    1    1    1  1.57721E+10 0.18902 
   19   19    1    1    1    1    1    1    1    1  1.46022E+10 0.22100 
   20   20    1    1    1    1    1    1    1    1  4.53066E+10 0.14969 
   21   21    1    1    1    1    1    1    1    1  3.30716E+10 0.08334 
   22   22    1    1    1    1    1    1    1    1  7.18602E+10 0.09281 
   23   23    1    1    1    1    1    1    1    1  1.16039E+11 0.08537 
   24   24    1    1    1    1    1    1    1    1  1.89150E+11 0.05072 
   25   25    1    1    1    1    1    1    1    1  2.30184E+11 0.05097 
   26   26    1    1    1    1    1    1    1    1  3.71428E+11 0.02902 
   27   27    1    1    1    1    1    1    1    1  7.06239E+11 0.03377 
   28   28    1    1    1    1    1    1    1    1  1.53975E+12 0.02781 
   29   29    1    1    1    1    1    1    1    1  2.59667E+12 0.01999 
   30   30    1    1    1    1    1    1    1    1  7.41231E+12 0.01066 
   31   31    1    1    1    1    1    1    1    1  2.31376E+13 0.00874 
   32   32    1    1    1    1    1    1    1    1  4.30462E+13 0.00525 
   33   33    1    1    1    1    1    1    1    1  1.02648E+14 0.00283 
   34   34    1    1    1    1    1    1    1    1  1.43966E+14 0.00226 
   35   35    1    1    1    1    1    1    1    1  1.89710E+14 0.00147 
   36   36    1    1    1    1    1    1    1    1  1.28906E+14 0.00171 
   37   37    1    1    1    1    1    1    1    1  3.94751E+13 0.00206 
   38   38    1    1    1    1    1    1    1    1  2.21583E+14 0.00155 
   39   39    1    1    1    1    1    1    1    1  2.98634E+14 0.00092 
   40   40    1    1    1    1    1    1    1    1  5.15148E+14 0.00077 
   41   41    1    1    1    1    1    1    1    1  5.21338E+14 0.00100 
   42   42    1    1    1    1    1    1    1    1  1.11251E+15 0.00129 
   43   43    1    1    1    1    1    1    1    1  1.34953E+15 0.00104 
   44   44    1    1    1    1    1    1    1    1  1.95556E+15 0.00083 
   45   45    1    1    1    1    1    1    1    1  3.90049E+15 0.00084 
   46   46    1    1    1    1    1    1    1    1  1.83988E+15 0.00081 
   47   47    1    1    1    1    1    1    1    1  2.96303E+15 0.00081 
   48   48    1    1    1    1    1    1    1    1  4.14826E+15 0.00074 
   49   49    1    1    1    1    1    1    1    1  4.10584E+15 0.00073 
   50   50    1    1    1    1    1    1    1    1  6.42567E+15 0.00075 
   51   51    1    1    1    1    1    1    1    1  5.12869E+15 0.00060 
   52   52    1    1    1    1    1    1    1    1  6.11076E+15 0.00073 
   53   53    1    1    1    1    1    1    1    1  4.25996E+15 0.00093 
   54   54    1    1    1    1    1    1    1    1  5.22397E+15 0.00059 
   55   55    1    1    1    1    1    1    1    1  3.60356E+15 0.00077 
   56   56    1    1    1    1    1    1    1    1  4.90843E+14 0.00107 
   57   57    1    1    1    1    1    1    1    1  7.17321E+15 0.00073 
   58   58    1    1    1    1    1    1    1    1  3.20179E+15 0.00087 
   59   59    1    1    1    1    1    1    1    1  3.41400E+15 0.00075 
   60   60    1    1    1    1    1    1    1    1  2.66111E+15 0.00084 
   61   61    1    1    1    1    1    1    1    1  2.66912E+15 0.00084 
   62   62    1    1    1    1    1    1    1    1  2.78106E+15 0.00089 
   63   63    1    1    1    1    1    1    1    1  2.34189E+15 0.00085 
   64   64    1    1    1    1    1    1    1    1  1.86659E+15 0.00100 
   65   65    1    1    1    1    1    1    1    1  1.85227E+15 0.00087 
   66   66    1    1    1    1    1    1    1    1  1.34226E+15 0.00093 
   67   67    1    1    1    1    1    1    1    1  1.09415E+15 0.00103 
   68   68    1    1    1    1    1    1    1    1  9.83287E+14 0.00121 
   69   69    1    1    1    1    1    1    1    1  1.17971E+15 0.00111 
   70   70    1    1    1    1    1    1    1    1  1.00427E+15 0.00134 
   71   71    1    1    1    1    1    1    1    1  1.83235E+15 0.00126 
   72   72    1    1    1    1    1    1    1    1  1.29718E+15 0.00098 
   73   73    1    1    1    1    1    1    1    1  9.79940E+14 0.00138 
   74   74    1    1    1    1    1    1    1    1  7.86164E+14 0.00163 
   75   75    1    1    1    1    1    1    1    1  6.52936E+14 0.00146 
   76   76    1    1    1    1    1    1    1    1  7.56708E+14 0.00155 
   77   77    1    1    1    1    1    1    1    1  5.97660E+14 0.00140 
   78   78    1    1    1    1    1    1    1    1  4.74947E+14 0.00126 
   79   79    1    1    1    1    1    1    1    1  4.90017E+14 0.00135 
   80   80    1    1    1    1    1    1    1    1  3.63296E+14 0.00165 
   81   81    1    1    1    1    1    1    1    1  2.80162E+14 0.00154 
   82   82    1    1    1    1    1    1    1    1  2.14765E+14 0.00214 
   83   83    1    1    1    1    1    1    1    1  2.01197E+14 0.00244 
   84   84    1    1    1    1    1    1    1    1  1.44983E+14 0.00281 
   85   85    1    1    1    1    1    1    1    1  1.04234E+14 0.00344 
   86   86    1    1    1    1    1    1    1    1  9.80070E+13 0.00269 
   87   87    1    1    1    1    1    1    1    1  5.99991E+13 0.00494 
   88   88    1    1    1    1    1    1    1    1  4.08103E+13 0.00427 
   89   89    1    1    1    1    1    1    1    1  2.31133E+13 0.00457 
   90   90    1    1    1    1    1    1    1    1  1.55155E+13 0.00642 
   91   91    1    1    1    1    1    1    1    1  7.76906E+12 0.00927 
   92   92    1    1    1    1    1    1    1    1  3.81414E+12 0.01386 
   93   93    1    1    1    1    1    1    1    1  1.95672E+12 0.01873 
   94   94    1    1    1    1    1    1    1    1  8.68210E+11 0.04336 
   95   95    1    1    1    1    1    1    1    1  4.20877E+11 0.03085 
   96   96    1    1    1    1    1    1    1    1  2.25697E+11 0.06429 
   97   97    1    1    1    1    1    1    1    1  1.07353E+11 0.08745 
   98   98    1    1    1    1    1    1    1    1  5.17826E+10 0.14221 
   99   99    1    1    1    1    1    1    1    1  2.70797E+10 0.16924 
  100  100    1    1    1    1    1    1    1    1  1.36455E+10 0.29167 
];


