
DETdpaspec = [
    1    1    1    1    1    1    1    1    1    1  0.00000E+00 0.00000 
    2    2    1    1    1    1    1    1    1    1  0.00000E+00 0.00000 
    3    3    1    1    1    1    1    1    1    1  0.00000E+00 0.00000 
    4    4    1    1    1    1    1    1    1    1  0.00000E+00 0.00000 
    5    5    1    1    1    1    1    1    1    1  0.00000E+00 0.00000 
    6    6    1    1    1    1    1    1    1    1  0.00000E+00 0.00000 
    7    7    1    1    1    1    1    1    1    1  1.82036E+07 1.00000 
    8    8    1    1    1    1    1    1    1    1  0.00000E+00 0.00000 
    9    9    1    1    1    1    1    1    1    1  8.75030E+06 1.00000 
   10   10    1    1    1    1    1    1    1    1  9.22594E+07 0.69527 
   11   11    1    1    1    1    1    1    1    1  0.00000E+00 0.00000 
   12   12    1    1    1    1    1    1    1    1  9.15916E+07 0.68911 
   13   13    1    1    1    1    1    1    1    1  7.04308E+08 0.43121 
   14   14    1    1    1    1    1    1    1    1  3.22702E+09 0.47729 
   15   15    1    1    1    1    1    1    1    1  6.73164E+09 0.47353 
   16   16    1    1    1    1    1    1    1    1  7.78280E+08 0.47871 
   17   17    1    1    1    1    1    1    1    1  4.27362E+09 0.25240 
   18   18    1    1    1    1    1    1    1    1  6.85575E+09 0.26459 
   19   19    1    1    1    1    1    1    1    1  1.50983E+10 0.15104 
   20   20    1    1    1    1    1    1    1    1  3.54986E+10 0.14287 
   21   21    1    1    1    1    1    1    1    1  3.01532E+10 0.14138 
   22   22    1    1    1    1    1    1    1    1  6.48355E+10 0.10063 
   23   23    1    1    1    1    1    1    1    1  9.95865E+10 0.07639 
   24   24    1    1    1    1    1    1    1    1  1.91245E+11 0.04346 
   25   25    1    1    1    1    1    1    1    1  2.23038E+11 0.04149 
   26   26    1    1    1    1    1    1    1    1  3.94866E+11 0.04344 
   27   27    1    1    1    1    1    1    1    1  7.00693E+11 0.03577 
   28   28    1    1    1    1    1    1    1    1  1.68527E+12 0.02155 
   29   29    1    1    1    1    1    1    1    1  2.89737E+12 0.01406 
   30   30    1    1    1    1    1    1    1    1  7.98990E+12 0.01085 
   31   31    1    1    1    1    1    1    1    1  2.47502E+13 0.00669 
   32   32    1    1    1    1    1    1    1    1  4.53722E+13 0.00535 
   33   33    1    1    1    1    1    1    1    1  1.07544E+14 0.00315 
   34   34    1    1    1    1    1    1    1    1  1.51399E+14 0.00236 
   35   35    1    1    1    1    1    1    1    1  1.96150E+14 0.00264 
   36   36    1    1    1    1    1    1    1    1  1.32954E+14 0.00257 
   37   37    1    1    1    1    1    1    1    1  4.06227E+13 0.00239 
   38   38    1    1    1    1    1    1    1    1  2.28305E+14 0.00230 
   39   39    1    1    1    1    1    1    1    1  3.08641E+14 0.00181 
   40   40    1    1    1    1    1    1    1    1  5.31881E+14 0.00169 
   41   41    1    1    1    1    1    1    1    1  5.36874E+14 0.00148 
   42   42    1    1    1    1    1    1    1    1  1.14859E+15 0.00108 
   43   43    1    1    1    1    1    1    1    1  1.39344E+15 0.00099 
   44   44    1    1    1    1    1    1    1    1  2.01493E+15 0.00113 
   45   45    1    1    1    1    1    1    1    1  4.02961E+15 0.00073 
   46   46    1    1    1    1    1    1    1    1  1.89433E+15 0.00079 
   47   47    1    1    1    1    1    1    1    1  3.04808E+15 0.00086 
   48   48    1    1    1    1    1    1    1    1  4.27141E+15 0.00056 
   49   49    1    1    1    1    1    1    1    1  4.22043E+15 0.00082 
   50   50    1    1    1    1    1    1    1    1  6.62009E+15 0.00052 
   51   51    1    1    1    1    1    1    1    1  5.27982E+15 0.00069 
   52   52    1    1    1    1    1    1    1    1  6.30811E+15 0.00085 
   53   53    1    1    1    1    1    1    1    1  4.39640E+15 0.00079 
   54   54    1    1    1    1    1    1    1    1  5.40105E+15 0.00071 
   55   55    1    1    1    1    1    1    1    1  3.72396E+15 0.00089 
   56   56    1    1    1    1    1    1    1    1  5.06755E+14 0.00084 
   57   57    1    1    1    1    1    1    1    1  7.41092E+15 0.00085 
   58   58    1    1    1    1    1    1    1    1  3.31582E+15 0.00103 
   59   59    1    1    1    1    1    1    1    1  3.53463E+15 0.00117 
   60   60    1    1    1    1    1    1    1    1  2.76124E+15 0.00107 
   61   61    1    1    1    1    1    1    1    1  2.76538E+15 0.00108 
   62   62    1    1    1    1    1    1    1    1  2.87949E+15 0.00099 
   63   63    1    1    1    1    1    1    1    1  2.42820E+15 0.00088 
   64   64    1    1    1    1    1    1    1    1  1.93479E+15 0.00102 
   65   65    1    1    1    1    1    1    1    1  1.92183E+15 0.00108 
   66   66    1    1    1    1    1    1    1    1  1.39196E+15 0.00117 
   67   67    1    1    1    1    1    1    1    1  1.13303E+15 0.00142 
   68   68    1    1    1    1    1    1    1    1  1.01625E+15 0.00140 
   69   69    1    1    1    1    1    1    1    1  1.22093E+15 0.00090 
   70   70    1    1    1    1    1    1    1    1  1.04180E+15 0.00121 
   71   71    1    1    1    1    1    1    1    1  1.89424E+15 0.00113 
   72   72    1    1    1    1    1    1    1    1  1.34168E+15 0.00102 
   73   73    1    1    1    1    1    1    1    1  1.01201E+15 0.00149 
   74   74    1    1    1    1    1    1    1    1  8.14194E+14 0.00153 
   75   75    1    1    1    1    1    1    1    1  6.76342E+14 0.00162 
   76   76    1    1    1    1    1    1    1    1  7.86315E+14 0.00151 
   77   77    1    1    1    1    1    1    1    1  6.21686E+14 0.00166 
   78   78    1    1    1    1    1    1    1    1  4.95430E+14 0.00173 
   79   79    1    1    1    1    1    1    1    1  5.09813E+14 0.00211 
   80   80    1    1    1    1    1    1    1    1  3.79315E+14 0.00206 
   81   81    1    1    1    1    1    1    1    1  2.92416E+14 0.00177 
   82   82    1    1    1    1    1    1    1    1  2.24749E+14 0.00225 
   83   83    1    1    1    1    1    1    1    1  2.09805E+14 0.00195 
   84   84    1    1    1    1    1    1    1    1  1.51282E+14 0.00293 
   85   85    1    1    1    1    1    1    1    1  1.09314E+14 0.00269 
   86   86    1    1    1    1    1    1    1    1  1.01899E+14 0.00335 
   87   87    1    1    1    1    1    1    1    1  6.29808E+13 0.00462 
   88   88    1    1    1    1    1    1    1    1  4.21485E+13 0.00490 
   89   89    1    1    1    1    1    1    1    1  2.43441E+13 0.00634 
   90   90    1    1    1    1    1    1    1    1  1.62111E+13 0.00623 
   91   91    1    1    1    1    1    1    1    1  8.12643E+12 0.00703 
   92   92    1    1    1    1    1    1    1    1  3.94217E+12 0.01053 
   93   93    1    1    1    1    1    1    1    1  1.87613E+12 0.02320 
   94   94    1    1    1    1    1    1    1    1  8.75646E+11 0.03243 
   95   95    1    1    1    1    1    1    1    1  4.23026E+11 0.04183 
   96   96    1    1    1    1    1    1    1    1  1.96407E+11 0.06244 
   97   97    1    1    1    1    1    1    1    1  1.04887E+11 0.09802 
   98   98    1    1    1    1    1    1    1    1  4.51047E+10 0.13088 
   99   99    1    1    1    1    1    1    1    1  2.20428E+10 0.22906 
  100  100    1    1    1    1    1    1    1    1  1.94584E+10 0.20648 
];


