
DETdpaspec = [
    1    1    1    1    1    1    1    1    1    1  0.00000E+00 0.00000 
    2    2    1    1    1    1    1    1    1    1  0.00000E+00 0.00000 
    3    3    1    1    1    1    1    1    1    1  0.00000E+00 0.00000 
    4    4    1    1    1    1    1    1    1    1  0.00000E+00 0.00000 
    5    5    1    1    1    1    1    1    1    1  0.00000E+00 0.00000 
    6    6    1    1    1    1    1    1    1    1  9.25604E+06 1.00000 
    7    7    1    1    1    1    1    1    1    1  0.00000E+00 0.00000 
    8    8    1    1    1    1    1    1    1    1  1.46824E+07 1.00000 
    9    9    1    1    1    1    1    1    1    1  4.61842E+07 0.57683 
   10   10    1    1    1    1    1    1    1    1  2.32205E+08 0.78274 
   11   11    1    1    1    1    1    1    1    1  1.82241E+08 1.00000 
   12   12    1    1    1    1    1    1    1    1  4.76690E+07 0.58947 
   13   13    1    1    1    1    1    1    1    1  1.02246E+08 1.00000 
   14   14    1    1    1    1    1    1    1    1  2.10998E+09 0.46551 
   15   15    1    1    1    1    1    1    1    1  4.43505E+09 0.45399 
   16   16    1    1    1    1    1    1    1    1  2.44958E+09 0.35960 
   17   17    1    1    1    1    1    1    1    1  2.32863E+09 0.40018 
   18   18    1    1    1    1    1    1    1    1  8.52310E+09 0.27052 
   19   19    1    1    1    1    1    1    1    1  1.41348E+10 0.14035 
   20   20    1    1    1    1    1    1    1    1  3.34447E+10 0.12978 
   21   21    1    1    1    1    1    1    1    1  2.23475E+10 0.12880 
   22   22    1    1    1    1    1    1    1    1  5.63651E+10 0.08138 
   23   23    1    1    1    1    1    1    1    1  6.56648E+10 0.09804 
   24   24    1    1    1    1    1    1    1    1  1.22719E+11 0.03826 
   25   25    1    1    1    1    1    1    1    1  1.64076E+11 0.06762 
   26   26    1    1    1    1    1    1    1    1  2.42430E+11 0.05393 
   27   27    1    1    1    1    1    1    1    1  4.44193E+11 0.03881 
   28   28    1    1    1    1    1    1    1    1  7.59939E+11 0.03223 
   29   29    1    1    1    1    1    1    1    1  1.07566E+12 0.01753 
   30   30    1    1    1    1    1    1    1    1  3.42991E+12 0.02016 
   31   31    1    1    1    1    1    1    1    1  1.06449E+13 0.00990 
   32   32    1    1    1    1    1    1    1    1  1.96277E+13 0.00791 
   33   33    1    1    1    1    1    1    1    1  4.37450E+13 0.00477 
   34   34    1    1    1    1    1    1    1    1  5.77187E+13 0.00477 
   35   35    1    1    1    1    1    1    1    1  8.31306E+13 0.00271 
   36   36    1    1    1    1    1    1    1    1  5.85426E+13 0.00279 
   37   37    1    1    1    1    1    1    1    1  1.85700E+13 0.00291 
   38   38    1    1    1    1    1    1    1    1  9.99713E+13 0.00264 
   39   39    1    1    1    1    1    1    1    1  1.33346E+14 0.00257 
   40   40    1    1    1    1    1    1    1    1  2.23329E+14 0.00242 
   41   41    1    1    1    1    1    1    1    1  2.32075E+14 0.00207 
   42   42    1    1    1    1    1    1    1    1  4.75474E+14 0.00180 
   43   43    1    1    1    1    1    1    1    1  5.67157E+14 0.00223 
   44   44    1    1    1    1    1    1    1    1  8.06208E+14 0.00238 
   45   45    1    1    1    1    1    1    1    1  1.54082E+15 0.00201 
   46   46    1    1    1    1    1    1    1    1  7.27537E+14 0.00194 
   47   47    1    1    1    1    1    1    1    1  1.17521E+15 0.00174 
   48   48    1    1    1    1    1    1    1    1  1.62485E+15 0.00186 
   49   49    1    1    1    1    1    1    1    1  1.60645E+15 0.00232 
   50   50    1    1    1    1    1    1    1    1  2.43652E+15 0.00208 
   51   51    1    1    1    1    1    1    1    1  1.96986E+15 0.00190 
   52   52    1    1    1    1    1    1    1    1  2.26036E+15 0.00196 
   53   53    1    1    1    1    1    1    1    1  1.57657E+15 0.00210 
   54   54    1    1    1    1    1    1    1    1  1.87166E+15 0.00203 
   55   55    1    1    1    1    1    1    1    1  1.29274E+15 0.00232 
   56   56    1    1    1    1    1    1    1    1  1.77114E+14 0.00199 
   57   57    1    1    1    1    1    1    1    1  2.56221E+15 0.00217 
   58   58    1    1    1    1    1    1    1    1  1.10032E+15 0.00219 
   59   59    1    1    1    1    1    1    1    1  1.17473E+15 0.00237 
   60   60    1    1    1    1    1    1    1    1  8.90026E+14 0.00204 
   61   61    1    1    1    1    1    1    1    1  8.95986E+14 0.00217 
   62   62    1    1    1    1    1    1    1    1  9.25854E+14 0.00188 
   63   63    1    1    1    1    1    1    1    1  7.69616E+14 0.00226 
   64   64    1    1    1    1    1    1    1    1  6.11111E+14 0.00225 
   65   65    1    1    1    1    1    1    1    1  6.03595E+14 0.00256 
   66   66    1    1    1    1    1    1    1    1  4.35143E+14 0.00213 
   67   67    1    1    1    1    1    1    1    1  3.56494E+14 0.00254 
   68   68    1    1    1    1    1    1    1    1  3.21802E+14 0.00284 
   69   69    1    1    1    1    1    1    1    1  3.85432E+14 0.00253 
   70   70    1    1    1    1    1    1    1    1  3.29101E+14 0.00246 
   71   71    1    1    1    1    1    1    1    1  6.09422E+14 0.00240 
   72   72    1    1    1    1    1    1    1    1  4.32898E+14 0.00303 
   73   73    1    1    1    1    1    1    1    1  3.23618E+14 0.00330 
   74   74    1    1    1    1    1    1    1    1  2.54419E+14 0.00297 
   75   75    1    1    1    1    1    1    1    1  2.06883E+14 0.00401 
   76   76    1    1    1    1    1    1    1    1  2.35079E+14 0.00337 
   77   77    1    1    1    1    1    1    1    1  1.81653E+14 0.00348 
   78   78    1    1    1    1    1    1    1    1  1.42359E+14 0.00278 
   79   79    1    1    1    1    1    1    1    1  1.45312E+14 0.00382 
   80   80    1    1    1    1    1    1    1    1  1.06734E+14 0.00357 
   81   81    1    1    1    1    1    1    1    1  8.14296E+13 0.00425 
   82   82    1    1    1    1    1    1    1    1  6.24020E+13 0.00424 
   83   83    1    1    1    1    1    1    1    1  5.82720E+13 0.00451 
   84   84    1    1    1    1    1    1    1    1  4.21199E+13 0.00404 
   85   85    1    1    1    1    1    1    1    1  3.01396E+13 0.00484 
   86   86    1    1    1    1    1    1    1    1  2.81838E+13 0.00704 
   87   87    1    1    1    1    1    1    1    1  1.75541E+13 0.00714 
   88   88    1    1    1    1    1    1    1    1  1.19417E+13 0.00848 
   89   89    1    1    1    1    1    1    1    1  6.94444E+12 0.01076 
   90   90    1    1    1    1    1    1    1    1  4.56532E+12 0.01331 
   91   91    1    1    1    1    1    1    1    1  2.35300E+12 0.01761 
   92   92    1    1    1    1    1    1    1    1  1.14402E+12 0.02811 
   93   93    1    1    1    1    1    1    1    1  5.50756E+11 0.04086 
   94   94    1    1    1    1    1    1    1    1  2.97849E+11 0.06021 
   95   95    1    1    1    1    1    1    1    1  1.49996E+11 0.07369 
   96   96    1    1    1    1    1    1    1    1  6.04306E+10 0.13904 
   97   97    1    1    1    1    1    1    1    1  3.03284E+10 0.14988 
   98   98    1    1    1    1    1    1    1    1  1.90943E+10 0.13252 
   99   99    1    1    1    1    1    1    1    1  3.69641E+09 0.44834 
  100  100    1    1    1    1    1    1    1    1  6.02524E+09 0.33336 
];


