
DETdpaspec = [
    1    1    1    1    1    1    1    1    1    1  0.00000E+00 0.00000 
    2    2    1    1    1    1    1    1    1    1  0.00000E+00 0.00000 
    3    3    1    1    1    1    1    1    1    1  0.00000E+00 0.00000 
    4    4    1    1    1    1    1    1    1    1  0.00000E+00 0.00000 
    5    5    1    1    1    1    1    1    1    1  0.00000E+00 0.00000 
    6    6    1    1    1    1    1    1    1    1  0.00000E+00 0.00000 
    7    7    1    1    1    1    1    1    1    1  0.00000E+00 0.00000 
    8    8    1    1    1    1    1    1    1    1  0.00000E+00 0.00000 
    9    9    1    1    1    1    1    1    1    1  2.59435E+07 1.00000 
   10   10    1    1    1    1    1    1    1    1  1.13543E+08 0.68900 
   11   11    1    1    1    1    1    1    1    1  5.05742E+07 1.00000 
   12   12    1    1    1    1    1    1    1    1  2.62928E+07 1.00000 
   13   13    1    1    1    1    1    1    1    1  2.23440E+09 0.36555 
   14   14    1    1    1    1    1    1    1    1  4.07936E+09 0.38455 
   15   15    1    1    1    1    1    1    1    1  5.61231E+09 0.27733 
   16   16    1    1    1    1    1    1    1    1  1.72438E+09 0.23619 
   17   17    1    1    1    1    1    1    1    1  3.82610E+09 0.24976 
   18   18    1    1    1    1    1    1    1    1  1.00017E+10 0.19004 
   19   19    1    1    1    1    1    1    1    1  1.09986E+10 0.19850 
   20   20    1    1    1    1    1    1    1    1  3.05915E+10 0.16404 
   21   21    1    1    1    1    1    1    1    1  2.88037E+10 0.11433 
   22   22    1    1    1    1    1    1    1    1  7.38575E+10 0.08325 
   23   23    1    1    1    1    1    1    1    1  9.76088E+10 0.07005 
   24   24    1    1    1    1    1    1    1    1  1.61139E+11 0.05342 
   25   25    1    1    1    1    1    1    1    1  2.04736E+11 0.05081 
   26   26    1    1    1    1    1    1    1    1  3.45228E+11 0.03255 
   27   27    1    1    1    1    1    1    1    1  5.48094E+11 0.03754 
   28   28    1    1    1    1    1    1    1    1  1.04889E+12 0.02174 
   29   29    1    1    1    1    1    1    1    1  1.51182E+12 0.02642 
   30   30    1    1    1    1    1    1    1    1  4.65885E+12 0.01319 
   31   31    1    1    1    1    1    1    1    1  1.41371E+13 0.00896 
   32   32    1    1    1    1    1    1    1    1  2.61623E+13 0.00624 
   33   33    1    1    1    1    1    1    1    1  5.93599E+13 0.00383 
   34   34    1    1    1    1    1    1    1    1  7.98924E+13 0.00349 
   35   35    1    1    1    1    1    1    1    1  1.13716E+14 0.00281 
   36   36    1    1    1    1    1    1    1    1  8.01578E+13 0.00208 
   37   37    1    1    1    1    1    1    1    1  2.51775E+13 0.00245 
   38   38    1    1    1    1    1    1    1    1  1.36705E+14 0.00197 
   39   39    1    1    1    1    1    1    1    1  1.83318E+14 0.00185 
   40   40    1    1    1    1    1    1    1    1  3.10074E+14 0.00191 
   41   41    1    1    1    1    1    1    1    1  3.19961E+14 0.00202 
   42   42    1    1    1    1    1    1    1    1  6.64883E+14 0.00169 
   43   43    1    1    1    1    1    1    1    1  7.97453E+14 0.00195 
   44   44    1    1    1    1    1    1    1    1  1.14261E+15 0.00193 
   45   45    1    1    1    1    1    1    1    1  2.21290E+15 0.00181 
   46   46    1    1    1    1    1    1    1    1  1.04767E+15 0.00184 
   47   47    1    1    1    1    1    1    1    1  1.69438E+15 0.00165 
   48   48    1    1    1    1    1    1    1    1  2.35746E+15 0.00172 
   49   49    1    1    1    1    1    1    1    1  2.33029E+15 0.00155 
   50   50    1    1    1    1    1    1    1    1  3.56930E+15 0.00144 
   51   51    1    1    1    1    1    1    1    1  2.88191E+15 0.00172 
   52   52    1    1    1    1    1    1    1    1  3.34288E+15 0.00195 
   53   53    1    1    1    1    1    1    1    1  2.33058E+15 0.00184 
   54   54    1    1    1    1    1    1    1    1  2.78806E+15 0.00171 
   55   55    1    1    1    1    1    1    1    1  1.92533E+15 0.00163 
   56   56    1    1    1    1    1    1    1    1  2.63506E+14 0.00164 
   57   57    1    1    1    1    1    1    1    1  3.82801E+15 0.00169 
   58   58    1    1    1    1    1    1    1    1  1.65689E+15 0.00170 
   59   59    1    1    1    1    1    1    1    1  1.77458E+15 0.00175 
   60   60    1    1    1    1    1    1    1    1  1.35404E+15 0.00172 
   61   61    1    1    1    1    1    1    1    1  1.36197E+15 0.00176 
   62   62    1    1    1    1    1    1    1    1  1.41025E+15 0.00144 
   63   63    1    1    1    1    1    1    1    1  1.17567E+15 0.00184 
   64   64    1    1    1    1    1    1    1    1  9.36119E+14 0.00175 
   65   65    1    1    1    1    1    1    1    1  9.26924E+14 0.00221 
   66   66    1    1    1    1    1    1    1    1  6.66457E+14 0.00193 
   67   67    1    1    1    1    1    1    1    1  5.46652E+14 0.00256 
   68   68    1    1    1    1    1    1    1    1  4.92284E+14 0.00186 
   69   69    1    1    1    1    1    1    1    1  5.91178E+14 0.00194 
   70   70    1    1    1    1    1    1    1    1  5.03027E+14 0.00197 
   71   71    1    1    1    1    1    1    1    1  9.30790E+14 0.00237 
   72   72    1    1    1    1    1    1    1    1  6.60844E+14 0.00210 
   73   73    1    1    1    1    1    1    1    1  4.95538E+14 0.00217 
   74   74    1    1    1    1    1    1    1    1  3.92212E+14 0.00234 
   75   75    1    1    1    1    1    1    1    1  3.20481E+14 0.00210 
   76   76    1    1    1    1    1    1    1    1  3.65495E+14 0.00272 
   77   77    1    1    1    1    1    1    1    1  2.83772E+14 0.00250 
   78   78    1    1    1    1    1    1    1    1  2.23391E+14 0.00228 
   79   79    1    1    1    1    1    1    1    1  2.27585E+14 0.00288 
   80   80    1    1    1    1    1    1    1    1  1.68187E+14 0.00276 
   81   81    1    1    1    1    1    1    1    1  1.28913E+14 0.00378 
   82   82    1    1    1    1    1    1    1    1  9.85212E+13 0.00324 
   83   83    1    1    1    1    1    1    1    1  9.23293E+13 0.00427 
   84   84    1    1    1    1    1    1    1    1  6.61006E+13 0.00276 
   85   85    1    1    1    1    1    1    1    1  4.77215E+13 0.00455 
   86   86    1    1    1    1    1    1    1    1  4.45562E+13 0.00559 
   87   87    1    1    1    1    1    1    1    1  2.77162E+13 0.00619 
   88   88    1    1    1    1    1    1    1    1  1.88088E+13 0.00708 
   89   89    1    1    1    1    1    1    1    1  1.07363E+13 0.00663 
   90   90    1    1    1    1    1    1    1    1  7.07324E+12 0.01112 
   91   91    1    1    1    1    1    1    1    1  3.56719E+12 0.01425 
   92   92    1    1    1    1    1    1    1    1  1.78603E+12 0.02420 
   93   93    1    1    1    1    1    1    1    1  9.07812E+11 0.02459 
   94   94    1    1    1    1    1    1    1    1  4.00468E+11 0.04678 
   95   95    1    1    1    1    1    1    1    1  2.08486E+11 0.06737 
   96   96    1    1    1    1    1    1    1    1  9.14737E+10 0.09873 
   97   97    1    1    1    1    1    1    1    1  4.39847E+10 0.15967 
   98   98    1    1    1    1    1    1    1    1  2.13250E+10 0.21153 
   99   99    1    1    1    1    1    1    1    1  1.51478E+10 0.21897 
  100  100    1    1    1    1    1    1    1    1  8.70647E+09 0.43731 
];


