
DETdpaspec = [
    1    1    1    1    1    1    1    1    1    1  0.00000E+00 0.00000 
    2    2    1    1    1    1    1    1    1    1  0.00000E+00 0.00000 
    3    3    1    1    1    1    1    1    1    1  0.00000E+00 0.00000 
    4    4    1    1    1    1    1    1    1    1  0.00000E+00 0.00000 
    5    5    1    1    1    1    1    1    1    1  0.00000E+00 0.00000 
    6    6    1    1    1    1    1    1    1    1  0.00000E+00 0.00000 
    7    7    1    1    1    1    1    1    1    1  0.00000E+00 0.00000 
    8    8    1    1    1    1    1    1    1    1  0.00000E+00 0.00000 
    9    9    1    1    1    1    1    1    1    1  3.77839E+07 0.54935 
   10   10    1    1    1    1    1    1    1    1  2.15486E+08 0.69094 
   11   11    1    1    1    1    1    1    1    1  6.03100E+07 1.00000 
   12   12    1    1    1    1    1    1    1    1  1.95300E+08 0.48367 
   13   13    1    1    1    1    1    1    1    1  1.90967E+08 1.00000 
   14   14    1    1    1    1    1    1    1    1  1.83082E+09 0.35680 
   15   15    1    1    1    1    1    1    1    1  4.88317E+09 0.47444 
   16   16    1    1    1    1    1    1    1    1  1.39916E+09 0.37978 
   17   17    1    1    1    1    1    1    1    1  3.40765E+09 0.20053 
   18   18    1    1    1    1    1    1    1    1  1.07265E+10 0.24019 
   19   19    1    1    1    1    1    1    1    1  6.55894E+09 0.21197 
   20   20    1    1    1    1    1    1    1    1  4.17775E+10 0.10407 
   21   21    1    1    1    1    1    1    1    1  2.00856E+10 0.14947 
   22   22    1    1    1    1    1    1    1    1  6.37641E+10 0.10065 
   23   23    1    1    1    1    1    1    1    1  7.18211E+10 0.09287 
   24   24    1    1    1    1    1    1    1    1  1.08981E+11 0.08174 
   25   25    1    1    1    1    1    1    1    1  1.50438E+11 0.08103 
   26   26    1    1    1    1    1    1    1    1  2.47129E+11 0.04768 
   27   27    1    1    1    1    1    1    1    1  4.32209E+11 0.05381 
   28   28    1    1    1    1    1    1    1    1  8.16478E+11 0.02895 
   29   29    1    1    1    1    1    1    1    1  1.14456E+12 0.02368 
   30   30    1    1    1    1    1    1    1    1  3.44599E+12 0.01852 
   31   31    1    1    1    1    1    1    1    1  1.05342E+13 0.00967 
   32   32    1    1    1    1    1    1    1    1  1.97539E+13 0.00632 
   33   33    1    1    1    1    1    1    1    1  4.42173E+13 0.00540 
   34   34    1    1    1    1    1    1    1    1  5.81993E+13 0.00519 
   35   35    1    1    1    1    1    1    1    1  8.36787E+13 0.00393 
   36   36    1    1    1    1    1    1    1    1  5.89759E+13 0.00288 
   37   37    1    1    1    1    1    1    1    1  1.86752E+13 0.00392 
   38   38    1    1    1    1    1    1    1    1  1.00709E+14 0.00308 
   39   39    1    1    1    1    1    1    1    1  1.34377E+14 0.00261 
   40   40    1    1    1    1    1    1    1    1  2.25097E+14 0.00282 
   41   41    1    1    1    1    1    1    1    1  2.33704E+14 0.00257 
   42   42    1    1    1    1    1    1    1    1  4.77765E+14 0.00201 
   43   43    1    1    1    1    1    1    1    1  5.70532E+14 0.00196 
   44   44    1    1    1    1    1    1    1    1  8.09761E+14 0.00217 
   45   45    1    1    1    1    1    1    1    1  1.55097E+15 0.00212 
   46   46    1    1    1    1    1    1    1    1  7.31591E+14 0.00238 
   47   47    1    1    1    1    1    1    1    1  1.18278E+15 0.00248 
   48   48    1    1    1    1    1    1    1    1  1.63579E+15 0.00252 
   49   49    1    1    1    1    1    1    1    1  1.61372E+15 0.00242 
   50   50    1    1    1    1    1    1    1    1  2.44700E+15 0.00249 
   51   51    1    1    1    1    1    1    1    1  1.98018E+15 0.00252 
   52   52    1    1    1    1    1    1    1    1  2.27621E+15 0.00261 
   53   53    1    1    1    1    1    1    1    1  1.58575E+15 0.00281 
   54   54    1    1    1    1    1    1    1    1  1.88212E+15 0.00287 
   55   55    1    1    1    1    1    1    1    1  1.29913E+15 0.00278 
   56   56    1    1    1    1    1    1    1    1  1.78236E+14 0.00286 
   57   57    1    1    1    1    1    1    1    1  2.57558E+15 0.00271 
   58   58    1    1    1    1    1    1    1    1  1.10500E+15 0.00268 
   59   59    1    1    1    1    1    1    1    1  1.18264E+15 0.00259 
   60   60    1    1    1    1    1    1    1    1  8.96012E+14 0.00284 
   61   61    1    1    1    1    1    1    1    1  9.02392E+14 0.00309 
   62   62    1    1    1    1    1    1    1    1  9.32860E+14 0.00261 
   63   63    1    1    1    1    1    1    1    1  7.75594E+14 0.00305 
   64   64    1    1    1    1    1    1    1    1  6.15330E+14 0.00345 
   65   65    1    1    1    1    1    1    1    1  6.07330E+14 0.00315 
   66   66    1    1    1    1    1    1    1    1  4.36743E+14 0.00288 
   67   67    1    1    1    1    1    1    1    1  3.58535E+14 0.00308 
   68   68    1    1    1    1    1    1    1    1  3.23056E+14 0.00282 
   69   69    1    1    1    1    1    1    1    1  3.88480E+14 0.00306 
   70   70    1    1    1    1    1    1    1    1  3.30297E+14 0.00338 
   71   71    1    1    1    1    1    1    1    1  6.13092E+14 0.00317 
   72   72    1    1    1    1    1    1    1    1  4.35117E+14 0.00368 
   73   73    1    1    1    1    1    1    1    1  3.25504E+14 0.00261 
   74   74    1    1    1    1    1    1    1    1  2.56086E+14 0.00349 
   75   75    1    1    1    1    1    1    1    1  2.07910E+14 0.00341 
   76   76    1    1    1    1    1    1    1    1  2.35871E+14 0.00410 
   77   77    1    1    1    1    1    1    1    1  1.81513E+14 0.00373 
   78   78    1    1    1    1    1    1    1    1  1.42740E+14 0.00414 
   79   79    1    1    1    1    1    1    1    1  1.45785E+14 0.00302 
   80   80    1    1    1    1    1    1    1    1  1.06836E+14 0.00391 
   81   81    1    1    1    1    1    1    1    1  8.23098E+13 0.00390 
   82   82    1    1    1    1    1    1    1    1  6.23144E+13 0.00478 
   83   83    1    1    1    1    1    1    1    1  5.89226E+13 0.00410 
   84   84    1    1    1    1    1    1    1    1  4.23633E+13 0.00521 
   85   85    1    1    1    1    1    1    1    1  3.06458E+13 0.00631 
   86   86    1    1    1    1    1    1    1    1  2.84198E+13 0.00628 
   87   87    1    1    1    1    1    1    1    1  1.76980E+13 0.00858 
   88   88    1    1    1    1    1    1    1    1  1.20787E+13 0.00879 
   89   89    1    1    1    1    1    1    1    1  6.99398E+12 0.00973 
   90   90    1    1    1    1    1    1    1    1  4.61892E+12 0.01439 
   91   91    1    1    1    1    1    1    1    1  2.33544E+12 0.01478 
   92   92    1    1    1    1    1    1    1    1  1.11730E+12 0.03435 
   93   93    1    1    1    1    1    1    1    1  5.52020E+11 0.03782 
   94   94    1    1    1    1    1    1    1    1  2.96093E+11 0.06033 
   95   95    1    1    1    1    1    1    1    1  1.45426E+11 0.08355 
   96   96    1    1    1    1    1    1    1    1  5.86660E+10 0.13614 
   97   97    1    1    1    1    1    1    1    1  4.17304E+10 0.09280 
   98   98    1    1    1    1    1    1    1    1  1.54000E+10 0.25673 
   99   99    1    1    1    1    1    1    1    1  1.19785E+10 0.23225 
  100  100    1    1    1    1    1    1    1    1  8.99338E+09 0.28002 
];


