
DETdpaspec = [
    1    1    1    1    1    1    1    1    1    1  0.00000E+00 0.00000 
    2    2    1    1    1    1    1    1    1    1  0.00000E+00 0.00000 
    3    3    1    1    1    1    1    1    1    1  0.00000E+00 0.00000 
    4    4    1    1    1    1    1    1    1    1  0.00000E+00 0.00000 
    5    5    1    1    1    1    1    1    1    1  0.00000E+00 0.00000 
    6    6    1    1    1    1    1    1    1    1  0.00000E+00 0.00000 
    7    7    1    1    1    1    1    1    1    1  0.00000E+00 0.00000 
    8    8    1    1    1    1    1    1    1    1  6.03679E+07 0.73982 
    9    9    1    1    1    1    1    1    1    1  1.72610E+07 1.00000 
   10   10    1    1    1    1    1    1    1    1  4.41310E+07 1.00000 
   11   11    1    1    1    1    1    1    1    1  1.85846E+08 0.71980 
   12   12    1    1    1    1    1    1    1    1  5.76418E+07 0.77489 
   13   13    1    1    1    1    1    1    1    1  1.73567E+09 0.64814 
   14   14    1    1    1    1    1    1    1    1  1.34941E+09 0.53400 
   15   15    1    1    1    1    1    1    1    1  1.59531E+09 0.53638 
   16   16    1    1    1    1    1    1    1    1  6.01448E+08 0.38030 
   17   17    1    1    1    1    1    1    1    1  9.78261E+08 0.35390 
   18   18    1    1    1    1    1    1    1    1  4.14798E+09 0.25861 
   19   19    1    1    1    1    1    1    1    1  6.57891E+09 0.25064 
   20   20    1    1    1    1    1    1    1    1  2.31743E+10 0.16285 
   21   21    1    1    1    1    1    1    1    1  1.52587E+10 0.15789 
   22   22    1    1    1    1    1    1    1    1  4.65287E+10 0.12459 
   23   23    1    1    1    1    1    1    1    1  6.84140E+10 0.10958 
   24   24    1    1    1    1    1    1    1    1  1.02940E+11 0.08252 
   25   25    1    1    1    1    1    1    1    1  1.12007E+11 0.07870 
   26   26    1    1    1    1    1    1    1    1  1.77390E+11 0.04316 
   27   27    1    1    1    1    1    1    1    1  3.32465E+11 0.04072 
   28   28    1    1    1    1    1    1    1    1  5.94048E+11 0.02902 
   29   29    1    1    1    1    1    1    1    1  7.81429E+11 0.02876 
   30   30    1    1    1    1    1    1    1    1  2.54315E+12 0.02197 
   31   31    1    1    1    1    1    1    1    1  7.65378E+12 0.01093 
   32   32    1    1    1    1    1    1    1    1  1.42175E+13 0.00924 
   33   33    1    1    1    1    1    1    1    1  3.09786E+13 0.00667 
   34   34    1    1    1    1    1    1    1    1  4.01687E+13 0.00364 
   35   35    1    1    1    1    1    1    1    1  5.84038E+13 0.00324 
   36   36    1    1    1    1    1    1    1    1  4.12396E+13 0.00333 
   37   37    1    1    1    1    1    1    1    1  1.31598E+13 0.00377 
   38   38    1    1    1    1    1    1    1    1  7.01845E+13 0.00339 
   39   39    1    1    1    1    1    1    1    1  9.33934E+13 0.00348 
   40   40    1    1    1    1    1    1    1    1  1.54879E+14 0.00358 
   41   41    1    1    1    1    1    1    1    1  1.61020E+14 0.00314 
   42   42    1    1    1    1    1    1    1    1  3.26179E+14 0.00257 
   43   43    1    1    1    1    1    1    1    1  3.87336E+14 0.00220 
   44   44    1    1    1    1    1    1    1    1  5.46372E+14 0.00222 
   45   45    1    1    1    1    1    1    1    1  1.02984E+15 0.00270 
   46   46    1    1    1    1    1    1    1    1  4.86448E+14 0.00263 
   47   47    1    1    1    1    1    1    1    1  7.87150E+14 0.00276 
   48   48    1    1    1    1    1    1    1    1  1.08280E+15 0.00238 
   49   49    1    1    1    1    1    1    1    1  1.06578E+15 0.00255 
   50   50    1    1    1    1    1    1    1    1  1.60774E+15 0.00273 
   51   51    1    1    1    1    1    1    1    1  1.30063E+15 0.00259 
   52   52    1    1    1    1    1    1    1    1  1.48177E+15 0.00288 
   53   53    1    1    1    1    1    1    1    1  1.02999E+15 0.00274 
   54   54    1    1    1    1    1    1    1    1  1.21340E+15 0.00284 
   55   55    1    1    1    1    1    1    1    1  8.39262E+14 0.00309 
   56   56    1    1    1    1    1    1    1    1  1.15146E+14 0.00364 
   57   57    1    1    1    1    1    1    1    1  1.66093E+15 0.00314 
   58   58    1    1    1    1    1    1    1    1  7.06754E+14 0.00341 
   59   59    1    1    1    1    1    1    1    1  7.56330E+14 0.00351 
   60   60    1    1    1    1    1    1    1    1  5.70062E+14 0.00309 
   61   61    1    1    1    1    1    1    1    1  5.73814E+14 0.00303 
   62   62    1    1    1    1    1    1    1    1  5.91433E+14 0.00289 
   63   63    1    1    1    1    1    1    1    1  4.90424E+14 0.00369 
   64   64    1    1    1    1    1    1    1    1  3.89688E+14 0.00367 
   65   65    1    1    1    1    1    1    1    1  3.85388E+14 0.00396 
   66   66    1    1    1    1    1    1    1    1  2.77627E+14 0.00348 
   67   67    1    1    1    1    1    1    1    1  2.27104E+14 0.00382 
   68   68    1    1    1    1    1    1    1    1  2.04668E+14 0.00331 
   69   69    1    1    1    1    1    1    1    1  2.45799E+14 0.00310 
   70   70    1    1    1    1    1    1    1    1  2.09148E+14 0.00345 
   71   71    1    1    1    1    1    1    1    1  3.88245E+14 0.00375 
   72   72    1    1    1    1    1    1    1    1  2.76353E+14 0.00343 
   73   73    1    1    1    1    1    1    1    1  2.07196E+14 0.00432 
   74   74    1    1    1    1    1    1    1    1  1.61590E+14 0.00438 
   75   75    1    1    1    1    1    1    1    1  1.31034E+14 0.00448 
   76   76    1    1    1    1    1    1    1    1  1.47426E+14 0.00389 
   77   77    1    1    1    1    1    1    1    1  1.14030E+14 0.00413 
   78   78    1    1    1    1    1    1    1    1  8.82035E+13 0.00466 
   79   79    1    1    1    1    1    1    1    1  9.06541E+13 0.00335 
   80   80    1    1    1    1    1    1    1    1  6.65347E+13 0.00457 
   81   81    1    1    1    1    1    1    1    1  5.07548E+13 0.00421 
   82   82    1    1    1    1    1    1    1    1  3.89524E+13 0.00526 
   83   83    1    1    1    1    1    1    1    1  3.66410E+13 0.00621 
   84   84    1    1    1    1    1    1    1    1  2.62881E+13 0.00529 
   85   85    1    1    1    1    1    1    1    1  1.88606E+13 0.00550 
   86   86    1    1    1    1    1    1    1    1  1.74983E+13 0.00670 
   87   87    1    1    1    1    1    1    1    1  1.09564E+13 0.00828 
   88   88    1    1    1    1    1    1    1    1  7.32373E+12 0.01071 
   89   89    1    1    1    1    1    1    1    1  4.26639E+12 0.01304 
   90   90    1    1    1    1    1    1    1    1  2.87485E+12 0.01856 
   91   91    1    1    1    1    1    1    1    1  1.39164E+12 0.03035 
   92   92    1    1    1    1    1    1    1    1  7.21573E+11 0.02595 
   93   93    1    1    1    1    1    1    1    1  3.32259E+11 0.02962 
   94   94    1    1    1    1    1    1    1    1  1.93835E+11 0.05283 
   95   95    1    1    1    1    1    1    1    1  6.55149E+10 0.10774 
   96   96    1    1    1    1    1    1    1    1  3.33435E+10 0.15286 
   97   97    1    1    1    1    1    1    1    1  2.72706E+10 0.21570 
   98   98    1    1    1    1    1    1    1    1  9.64913E+09 0.35209 
   99   99    1    1    1    1    1    1    1    1  5.21732E+09 0.34593 
  100  100    1    1    1    1    1    1    1    1  5.68517E+09 0.42626 
];


