
DETdpaspec = [
    1    1    1    1    1    1    1    1    1    1  0.00000E+00 0.00000 
    2    2    1    1    1    1    1    1    1    1  0.00000E+00 0.00000 
    3    3    1    1    1    1    1    1    1    1  0.00000E+00 0.00000 
    4    4    1    1    1    1    1    1    1    1  0.00000E+00 0.00000 
    5    5    1    1    1    1    1    1    1    1  0.00000E+00 0.00000 
    6    6    1    1    1    1    1    1    1    1  0.00000E+00 0.00000 
    7    7    1    1    1    1    1    1    1    1  0.00000E+00 0.00000 
    8    8    1    1    1    1    1    1    1    1  0.00000E+00 0.00000 
    9    9    1    1    1    1    1    1    1    1  9.53856E+06 1.00000 
   10   10    1    1    1    1    1    1    1    1  2.15676E+08 0.72647 
   11   11    1    1    1    1    1    1    1    1  2.41773E+08 0.74862 
   12   12    1    1    1    1    1    1    1    1  1.64944E+08 0.73719 
   13   13    1    1    1    1    1    1    1    1  1.75450E+09 0.55027 
   14   14    1    1    1    1    1    1    1    1  2.46643E+09 0.54122 
   15   15    1    1    1    1    1    1    1    1  2.71921E+09 0.56967 
   16   16    1    1    1    1    1    1    1    1  1.30532E+09 0.31480 
   17   17    1    1    1    1    1    1    1    1  5.56465E+09 0.30662 
   18   18    1    1    1    1    1    1    1    1  1.01149E+10 0.14889 
   19   19    1    1    1    1    1    1    1    1  1.08753E+10 0.20612 
   20   20    1    1    1    1    1    1    1    1  3.87214E+10 0.13266 
   21   21    1    1    1    1    1    1    1    1  3.38348E+10 0.11703 
   22   22    1    1    1    1    1    1    1    1  7.52384E+10 0.10157 
   23   23    1    1    1    1    1    1    1    1  1.16721E+11 0.08238 
   24   24    1    1    1    1    1    1    1    1  1.99526E+11 0.06650 
   25   25    1    1    1    1    1    1    1    1  2.50056E+11 0.05351 
   26   26    1    1    1    1    1    1    1    1  4.30996E+11 0.05076 
   27   27    1    1    1    1    1    1    1    1  8.63432E+11 0.03076 
   28   28    1    1    1    1    1    1    1    1  2.10151E+12 0.01748 
   29   29    1    1    1    1    1    1    1    1  3.81427E+12 0.01872 
   30   30    1    1    1    1    1    1    1    1  9.98837E+12 0.00970 
   31   31    1    1    1    1    1    1    1    1  2.99842E+13 0.00442 
   32   32    1    1    1    1    1    1    1    1  5.44472E+13 0.00436 
   33   33    1    1    1    1    1    1    1    1  1.28035E+14 0.00319 
   34   34    1    1    1    1    1    1    1    1  1.78203E+14 0.00202 
   35   35    1    1    1    1    1    1    1    1  2.21745E+14 0.00236 
   36   36    1    1    1    1    1    1    1    1  1.47213E+14 0.00177 
   37   37    1    1    1    1    1    1    1    1  4.44973E+13 0.00173 
   38   38    1    1    1    1    1    1    1    1  2.51751E+14 0.00144 
   39   39    1    1    1    1    1    1    1    1  3.39357E+14 0.00177 
   40   40    1    1    1    1    1    1    1    1  5.86560E+14 0.00156 
   41   41    1    1    1    1    1    1    1    1  5.86113E+14 0.00118 
   42   42    1    1    1    1    1    1    1    1  1.25767E+15 0.00111 
   43   43    1    1    1    1    1    1    1    1  1.52332E+15 0.00094 
   44   44    1    1    1    1    1    1    1    1  2.20446E+15 0.00096 
   45   45    1    1    1    1    1    1    1    1  4.41327E+15 0.00099 
   46   46    1    1    1    1    1    1    1    1  2.06220E+15 0.00098 
   47   47    1    1    1    1    1    1    1    1  3.30493E+15 0.00096 
   48   48    1    1    1    1    1    1    1    1  4.62716E+15 0.00081 
   49   49    1    1    1    1    1    1    1    1  4.55693E+15 0.00076 
   50   50    1    1    1    1    1    1    1    1  7.16640E+15 0.00055 
   51   51    1    1    1    1    1    1    1    1  5.67383E+15 0.00066 
   52   52    1    1    1    1    1    1    1    1  6.80958E+15 0.00067 
   53   53    1    1    1    1    1    1    1    1  4.73196E+15 0.00071 
   54   54    1    1    1    1    1    1    1    1  5.84305E+15 0.00076 
   55   55    1    1    1    1    1    1    1    1  4.02592E+15 0.00076 
   56   56    1    1    1    1    1    1    1    1  5.47072E+14 0.00119 
   57   57    1    1    1    1    1    1    1    1  8.00094E+15 0.00074 
   58   58    1    1    1    1    1    1    1    1  3.60596E+15 0.00070 
   59   59    1    1    1    1    1    1    1    1  3.82785E+15 0.00074 
   60   60    1    1    1    1    1    1    1    1  3.00472E+15 0.00079 
   61   61    1    1    1    1    1    1    1    1  3.00833E+15 0.00074 
   62   62    1    1    1    1    1    1    1    1  3.13883E+15 0.00086 
   63   63    1    1    1    1    1    1    1    1  2.64726E+15 0.00088 
   64   64    1    1    1    1    1    1    1    1  2.10602E+15 0.00067 
   65   65    1    1    1    1    1    1    1    1  2.09284E+15 0.00072 
   66   66    1    1    1    1    1    1    1    1  1.51636E+15 0.00082 
   67   67    1    1    1    1    1    1    1    1  1.23440E+15 0.00088 
   68   68    1    1    1    1    1    1    1    1  1.10411E+15 0.00098 
   69   69    1    1    1    1    1    1    1    1  1.32770E+15 0.00130 
   70   70    1    1    1    1    1    1    1    1  1.12827E+15 0.00110 
   71   71    1    1    1    1    1    1    1    1  2.04165E+15 0.00096 
   72   72    1    1    1    1    1    1    1    1  1.44643E+15 0.00111 
   73   73    1    1    1    1    1    1    1    1  1.09253E+15 0.00107 
   74   74    1    1    1    1    1    1    1    1  8.80510E+14 0.00134 
   75   75    1    1    1    1    1    1    1    1  7.36106E+14 0.00166 
   76   76    1    1    1    1    1    1    1    1  8.56642E+14 0.00131 
   77   77    1    1    1    1    1    1    1    1  6.81640E+14 0.00156 
   78   78    1    1    1    1    1    1    1    1  5.44319E+14 0.00139 
   79   79    1    1    1    1    1    1    1    1  5.62796E+14 0.00158 
   80   80    1    1    1    1    1    1    1    1  4.18731E+14 0.00197 
   81   81    1    1    1    1    1    1    1    1  3.21914E+14 0.00223 
   82   82    1    1    1    1    1    1    1    1  2.48120E+14 0.00225 
   83   83    1    1    1    1    1    1    1    1  2.31654E+14 0.00195 
   84   84    1    1    1    1    1    1    1    1  1.66232E+14 0.00203 
   85   85    1    1    1    1    1    1    1    1  1.20324E+14 0.00276 
   86   86    1    1    1    1    1    1    1    1  1.12771E+14 0.00295 
   87   87    1    1    1    1    1    1    1    1  6.92962E+13 0.00375 
   88   88    1    1    1    1    1    1    1    1  4.65394E+13 0.00448 
   89   89    1    1    1    1    1    1    1    1  2.67568E+13 0.00470 
   90   90    1    1    1    1    1    1    1    1  1.76731E+13 0.00707 
   91   91    1    1    1    1    1    1    1    1  8.88257E+12 0.00994 
   92   92    1    1    1    1    1    1    1    1  4.29273E+12 0.01596 
   93   93    1    1    1    1    1    1    1    1  2.12772E+12 0.01247 
   94   94    1    1    1    1    1    1    1    1  1.01960E+12 0.02327 
   95   95    1    1    1    1    1    1    1    1  5.25199E+11 0.02590 
   96   96    1    1    1    1    1    1    1    1  2.23068E+11 0.05809 
   97   97    1    1    1    1    1    1    1    1  1.13390E+11 0.08323 
   98   98    1    1    1    1    1    1    1    1  4.30332E+10 0.14998 
   99   99    1    1    1    1    1    1    1    1  2.02423E+10 0.27816 
  100  100    1    1    1    1    1    1    1    1  1.39893E+10 0.35197 
];


