
DETdpaspec = [
    1    1    1    1    1    1    1    1    1    1  0.00000E+00 0.00000 
    2    2    1    1    1    1    1    1    1    1  0.00000E+00 0.00000 
    3    3    1    1    1    1    1    1    1    1  0.00000E+00 0.00000 
    4    4    1    1    1    1    1    1    1    1  9.84380E+06 1.00000 
    5    5    1    1    1    1    1    1    1    1  0.00000E+00 0.00000 
    6    6    1    1    1    1    1    1    1    1  0.00000E+00 0.00000 
    7    7    1    1    1    1    1    1    1    1  0.00000E+00 0.00000 
    8    8    1    1    1    1    1    1    1    1  2.04764E+07 1.00000 
    9    9    1    1    1    1    1    1    1    1  0.00000E+00 0.00000 
   10   10    1    1    1    1    1    1    1    1  1.30743E+08 1.00000 
   11   11    1    1    1    1    1    1    1    1  6.12037E+07 1.00000 
   12   12    1    1    1    1    1    1    1    1  1.94571E+07 1.00000 
   13   13    1    1    1    1    1    1    1    1  3.31848E+07 1.00000 
   14   14    1    1    1    1    1    1    1    1  3.86319E+08 0.72565 
   15   15    1    1    1    1    1    1    1    1  1.27557E+09 0.43790 
   16   16    1    1    1    1    1    1    1    1  1.51004E+09 0.30633 
   17   17    1    1    1    1    1    1    1    1  1.93855E+09 0.34942 
   18   18    1    1    1    1    1    1    1    1  6.42728E+09 0.23713 
   19   19    1    1    1    1    1    1    1    1  6.78102E+09 0.21067 
   20   20    1    1    1    1    1    1    1    1  1.94049E+10 0.18483 
   21   21    1    1    1    1    1    1    1    1  1.44724E+10 0.13742 
   22   22    1    1    1    1    1    1    1    1  5.22172E+10 0.11989 
   23   23    1    1    1    1    1    1    1    1  6.67905E+10 0.07415 
   24   24    1    1    1    1    1    1    1    1  8.61269E+10 0.06292 
   25   25    1    1    1    1    1    1    1    1  1.21776E+11 0.07162 
   26   26    1    1    1    1    1    1    1    1  1.94716E+11 0.04437 
   27   27    1    1    1    1    1    1    1    1  3.56498E+11 0.03230 
   28   28    1    1    1    1    1    1    1    1  6.01285E+11 0.03716 
   29   29    1    1    1    1    1    1    1    1  8.14445E+11 0.02009 
   30   30    1    1    1    1    1    1    1    1  2.70167E+12 0.01898 
   31   31    1    1    1    1    1    1    1    1  8.03798E+12 0.01024 
   32   32    1    1    1    1    1    1    1    1  1.44382E+13 0.00720 
   33   33    1    1    1    1    1    1    1    1  3.10625E+13 0.00568 
   34   34    1    1    1    1    1    1    1    1  3.98328E+13 0.00504 
   35   35    1    1    1    1    1    1    1    1  5.84580E+13 0.00559 
   36   36    1    1    1    1    1    1    1    1  4.12027E+13 0.00451 
   37   37    1    1    1    1    1    1    1    1  1.31542E+13 0.00434 
   38   38    1    1    1    1    1    1    1    1  6.99557E+13 0.00462 
   39   39    1    1    1    1    1    1    1    1  9.27731E+13 0.00482 
   40   40    1    1    1    1    1    1    1    1  1.52908E+14 0.00454 
   41   41    1    1    1    1    1    1    1    1  1.59198E+14 0.00443 
   42   42    1    1    1    1    1    1    1    1  3.20162E+14 0.00394 
   43   43    1    1    1    1    1    1    1    1  3.79136E+14 0.00419 
   44   44    1    1    1    1    1    1    1    1  5.33102E+14 0.00429 
   45   45    1    1    1    1    1    1    1    1  1.00300E+15 0.00419 
   46   46    1    1    1    1    1    1    1    1  4.74263E+14 0.00388 
   47   47    1    1    1    1    1    1    1    1  7.65592E+14 0.00421 
   48   48    1    1    1    1    1    1    1    1  1.05432E+15 0.00449 
   49   49    1    1    1    1    1    1    1    1  1.04048E+15 0.00456 
   50   50    1    1    1    1    1    1    1    1  1.56781E+15 0.00440 
   51   51    1    1    1    1    1    1    1    1  1.27288E+15 0.00434 
   52   52    1    1    1    1    1    1    1    1  1.44683E+15 0.00454 
   53   53    1    1    1    1    1    1    1    1  1.01007E+15 0.00444 
   54   54    1    1    1    1    1    1    1    1  1.18563E+15 0.00443 
   55   55    1    1    1    1    1    1    1    1  8.23089E+14 0.00436 
   56   56    1    1    1    1    1    1    1    1  1.12866E+14 0.00465 
   57   57    1    1    1    1    1    1    1    1  1.63099E+15 0.00480 
   58   58    1    1    1    1    1    1    1    1  6.91054E+14 0.00462 
   59   59    1    1    1    1    1    1    1    1  7.41604E+14 0.00428 
   60   60    1    1    1    1    1    1    1    1  5.57600E+14 0.00496 
   61   61    1    1    1    1    1    1    1    1  5.62133E+14 0.00492 
   62   62    1    1    1    1    1    1    1    1  5.78681E+14 0.00488 
   63   63    1    1    1    1    1    1    1    1  4.81142E+14 0.00491 
   64   64    1    1    1    1    1    1    1    1  3.81811E+14 0.00491 
   65   65    1    1    1    1    1    1    1    1  3.76809E+14 0.00547 
   66   66    1    1    1    1    1    1    1    1  2.71882E+14 0.00549 
   67   67    1    1    1    1    1    1    1    1  2.24000E+14 0.00528 
   68   68    1    1    1    1    1    1    1    1  2.00548E+14 0.00487 
   69   69    1    1    1    1    1    1    1    1  2.41233E+14 0.00536 
   70   70    1    1    1    1    1    1    1    1  2.06011E+14 0.00542 
   71   71    1    1    1    1    1    1    1    1  3.84799E+14 0.00559 
   72   72    1    1    1    1    1    1    1    1  2.74919E+14 0.00623 
   73   73    1    1    1    1    1    1    1    1  2.05140E+14 0.00576 
   74   74    1    1    1    1    1    1    1    1  1.60134E+14 0.00550 
   75   75    1    1    1    1    1    1    1    1  1.28814E+14 0.00629 
   76   76    1    1    1    1    1    1    1    1  1.45817E+14 0.00632 
   77   77    1    1    1    1    1    1    1    1  1.12113E+14 0.00657 
   78   78    1    1    1    1    1    1    1    1  8.71540E+13 0.00602 
   79   79    1    1    1    1    1    1    1    1  8.81715E+13 0.00423 
   80   80    1    1    1    1    1    1    1    1  6.53119E+13 0.00588 
   81   81    1    1    1    1    1    1    1    1  4.96583E+13 0.00623 
   82   82    1    1    1    1    1    1    1    1  3.76049E+13 0.00613 
   83   83    1    1    1    1    1    1    1    1  3.55311E+13 0.00684 
   84   84    1    1    1    1    1    1    1    1  2.54981E+13 0.00741 
   85   85    1    1    1    1    1    1    1    1  1.83656E+13 0.01215 
   86   86    1    1    1    1    1    1    1    1  1.71017E+13 0.00997 
   87   87    1    1    1    1    1    1    1    1  1.06706E+13 0.01034 
   88   88    1    1    1    1    1    1    1    1  7.05422E+12 0.01358 
   89   89    1    1    1    1    1    1    1    1  4.24851E+12 0.01360 
   90   90    1    1    1    1    1    1    1    1  2.81353E+12 0.02007 
   91   91    1    1    1    1    1    1    1    1  1.42576E+12 0.03072 
   92   92    1    1    1    1    1    1    1    1  7.11174E+11 0.04529 
   93   93    1    1    1    1    1    1    1    1  3.34224E+11 0.04333 
   94   94    1    1    1    1    1    1    1    1  1.52924E+11 0.08857 
   95   95    1    1    1    1    1    1    1    1  7.34995E+10 0.11491 
   96   96    1    1    1    1    1    1    1    1  3.53009E+10 0.15697 
   97   97    1    1    1    1    1    1    1    1  2.02916E+10 0.20924 
   98   98    1    1    1    1    1    1    1    1  9.66575E+09 0.36713 
   99   99    1    1    1    1    1    1    1    1  6.04971E+09 0.36897 
  100  100    1    1    1    1    1    1    1    1  7.53029E+08 0.68836 
];


