
DETdpaspec = [
    1    1    1    1    1    1    1    1    1    1  0.00000E+00 0.00000 
    2    2    1    1    1    1    1    1    1    1  0.00000E+00 0.00000 
    3    3    1    1    1    1    1    1    1    1  0.00000E+00 0.00000 
    4    4    1    1    1    1    1    1    1    1  0.00000E+00 0.00000 
    5    5    1    1    1    1    1    1    1    1  0.00000E+00 0.00000 
    6    6    1    1    1    1    1    1    1    1  2.41442E+07 0.69048 
    7    7    1    1    1    1    1    1    1    1  2.04426E+07 1.00000 
    8    8    1    1    1    1    1    1    1    1  1.40428E+07 1.00000 
    9    9    1    1    1    1    1    1    1    1  9.06738E+06 1.00000 
   10   10    1    1    1    1    1    1    1    1  1.12737E+08 0.69229 
   11   11    1    1    1    1    1    1    1    1  3.28662E+08 0.49029 
   12   12    1    1    1    1    1    1    1    1  4.78484E+07 0.68900 
   13   13    1    1    1    1    1    1    1    1  1.91688E+09 0.45561 
   14   14    1    1    1    1    1    1    1    1  5.53026E+09 0.40975 
   15   15    1    1    1    1    1    1    1    1  3.26972E+09 0.53212 
   16   16    1    1    1    1    1    1    1    1  1.98395E+09 0.41468 
   17   17    1    1    1    1    1    1    1    1  3.24850E+09 0.25840 
   18   18    1    1    1    1    1    1    1    1  1.23262E+10 0.17702 
   19   19    1    1    1    1    1    1    1    1  1.27470E+10 0.18410 
   20   20    1    1    1    1    1    1    1    1  5.00541E+10 0.12930 
   21   21    1    1    1    1    1    1    1    1  4.04269E+10 0.08434 
   22   22    1    1    1    1    1    1    1    1  9.07854E+10 0.07358 
   23   23    1    1    1    1    1    1    1    1  1.10374E+11 0.09386 
   24   24    1    1    1    1    1    1    1    1  2.06243E+11 0.05025 
   25   25    1    1    1    1    1    1    1    1  2.29785E+11 0.05448 
   26   26    1    1    1    1    1    1    1    1  3.70282E+11 0.02891 
   27   27    1    1    1    1    1    1    1    1  6.93424E+11 0.02612 
   28   28    1    1    1    1    1    1    1    1  1.34728E+12 0.02035 
   29   29    1    1    1    1    1    1    1    1  2.04902E+12 0.02021 
   30   30    1    1    1    1    1    1    1    1  5.93581E+12 0.00939 
   31   31    1    1    1    1    1    1    1    1  1.86247E+13 0.00837 
   32   32    1    1    1    1    1    1    1    1  3.57864E+13 0.00445 
   33   33    1    1    1    1    1    1    1    1  8.36695E+13 0.00373 
   34   34    1    1    1    1    1    1    1    1  1.15307E+14 0.00303 
   35   35    1    1    1    1    1    1    1    1  1.58030E+14 0.00206 
   36   36    1    1    1    1    1    1    1    1  1.09888E+14 0.00216 
   37   37    1    1    1    1    1    1    1    1  3.41446E+13 0.00181 
   38   38    1    1    1    1    1    1    1    1  1.88318E+14 0.00229 
   39   39    1    1    1    1    1    1    1    1  2.53518E+14 0.00207 
   40   40    1    1    1    1    1    1    1    1  4.33998E+14 0.00144 
   41   41    1    1    1    1    1    1    1    1  4.44755E+14 0.00151 
   42   42    1    1    1    1    1    1    1    1  9.36634E+14 0.00122 
   43   43    1    1    1    1    1    1    1    1  1.13318E+15 0.00155 
   44   44    1    1    1    1    1    1    1    1  1.63371E+15 0.00115 
   45   45    1    1    1    1    1    1    1    1  3.22947E+15 0.00112 
   46   46    1    1    1    1    1    1    1    1  1.52906E+15 0.00097 
   47   47    1    1    1    1    1    1    1    1  2.47035E+15 0.00092 
   48   48    1    1    1    1    1    1    1    1  3.45513E+15 0.00100 
   49   49    1    1    1    1    1    1    1    1  3.41964E+15 0.00098 
   50   50    1    1    1    1    1    1    1    1  5.30577E+15 0.00098 
   51   51    1    1    1    1    1    1    1    1  4.26652E+15 0.00102 
   52   52    1    1    1    1    1    1    1    1  5.03069E+15 0.00099 
   53   53    1    1    1    1    1    1    1    1  3.50948E+15 0.00120 
   54   54    1    1    1    1    1    1    1    1  4.25928E+15 0.00116 
   55   55    1    1    1    1    1    1    1    1  2.94210E+15 0.00102 
   56   56    1    1    1    1    1    1    1    1  4.01279E+14 0.00129 
   57   57    1    1    1    1    1    1    1    1  5.85538E+15 0.00107 
   58   58    1    1    1    1    1    1    1    1  2.57850E+15 0.00131 
   59   59    1    1    1    1    1    1    1    1  2.75688E+15 0.00133 
   60   60    1    1    1    1    1    1    1    1  2.12723E+15 0.00124 
   61   61    1    1    1    1    1    1    1    1  2.13700E+15 0.00129 
   62   62    1    1    1    1    1    1    1    1  2.22178E+15 0.00138 
   63   63    1    1    1    1    1    1    1    1  1.86615E+15 0.00154 
   64   64    1    1    1    1    1    1    1    1  1.48549E+15 0.00147 
   65   65    1    1    1    1    1    1    1    1  1.47400E+15 0.00200 
   66   66    1    1    1    1    1    1    1    1  1.06610E+15 0.00156 
   67   67    1    1    1    1    1    1    1    1  8.71281E+14 0.00126 
   68   68    1    1    1    1    1    1    1    1  7.82293E+14 0.00157 
   69   69    1    1    1    1    1    1    1    1  9.40396E+14 0.00145 
   70   70    1    1    1    1    1    1    1    1  8.01707E+14 0.00185 
   71   71    1    1    1    1    1    1    1    1  1.46995E+15 0.00153 
   72   72    1    1    1    1    1    1    1    1  1.04502E+15 0.00131 
   73   73    1    1    1    1    1    1    1    1  7.84973E+14 0.00172 
   74   74    1    1    1    1    1    1    1    1  6.27242E+14 0.00193 
   75   75    1    1    1    1    1    1    1    1  5.16400E+14 0.00215 
   76   76    1    1    1    1    1    1    1    1  5.93540E+14 0.00187 
   77   77    1    1    1    1    1    1    1    1  4.65291E+14 0.00188 
   78   78    1    1    1    1    1    1    1    1  3.67465E+14 0.00177 
   79   79    1    1    1    1    1    1    1    1  3.77940E+14 0.00178 
   80   80    1    1    1    1    1    1    1    1  2.79908E+14 0.00240 
   81   81    1    1    1    1    1    1    1    1  2.14605E+14 0.00186 
   82   82    1    1    1    1    1    1    1    1  1.64545E+14 0.00259 
   83   83    1    1    1    1    1    1    1    1  1.54826E+14 0.00301 
   84   84    1    1    1    1    1    1    1    1  1.11154E+14 0.00317 
   85   85    1    1    1    1    1    1    1    1  8.00325E+13 0.00366 
   86   86    1    1    1    1    1    1    1    1  7.51796E+13 0.00317 
   87   87    1    1    1    1    1    1    1    1  4.65300E+13 0.00416 
   88   88    1    1    1    1    1    1    1    1  3.13151E+13 0.00627 
   89   89    1    1    1    1    1    1    1    1  1.81048E+13 0.00691 
   90   90    1    1    1    1    1    1    1    1  1.20396E+13 0.00855 
   91   91    1    1    1    1    1    1    1    1  5.99326E+12 0.01054 
   92   92    1    1    1    1    1    1    1    1  2.83491E+12 0.01470 
   93   93    1    1    1    1    1    1    1    1  1.44049E+12 0.03288 
   94   94    1    1    1    1    1    1    1    1  6.66348E+11 0.03929 
   95   95    1    1    1    1    1    1    1    1  3.24560E+11 0.03205 
   96   96    1    1    1    1    1    1    1    1  1.55847E+11 0.06207 
   97   97    1    1    1    1    1    1    1    1  9.71236E+10 0.09359 
   98   98    1    1    1    1    1    1    1    1  5.19338E+10 0.14792 
   99   99    1    1    1    1    1    1    1    1  2.11388E+10 0.21791 
  100  100    1    1    1    1    1    1    1    1  1.89254E+10 0.22083 
];


