
DETdpaspec = [
    1    1    1    1    1    1    1    1    1    1  0.00000E+00 0.00000 
    2    2    1    1    1    1    1    1    1    1  0.00000E+00 0.00000 
    3    3    1    1    1    1    1    1    1    1  0.00000E+00 0.00000 
    4    4    1    1    1    1    1    1    1    1  0.00000E+00 0.00000 
    5    5    1    1    1    1    1    1    1    1  0.00000E+00 0.00000 
    6    6    1    1    1    1    1    1    1    1  0.00000E+00 0.00000 
    7    7    1    1    1    1    1    1    1    1  2.13658E+07 1.00000 
    8    8    1    1    1    1    1    1    1    1  2.27977E+07 1.00000 
    9    9    1    1    1    1    1    1    1    1  0.00000E+00 0.00000 
   10   10    1    1    1    1    1    1    1    1  1.85091E+08 0.73024 
   11   11    1    1    1    1    1    1    1    1  4.28443E+08 0.87948 
   12   12    1    1    1    1    1    1    1    1  1.03173E+08 0.56437 
   13   13    1    1    1    1    1    1    1    1  5.15969E+08 0.67382 
   14   14    1    1    1    1    1    1    1    1  2.40528E+09 0.64010 
   15   15    1    1    1    1    1    1    1    1  4.28459E+09 0.40817 
   16   16    1    1    1    1    1    1    1    1  1.35791E+09 0.51765 
   17   17    1    1    1    1    1    1    1    1  2.87713E+09 0.29250 
   18   18    1    1    1    1    1    1    1    1  6.19029E+09 0.27518 
   19   19    1    1    1    1    1    1    1    1  8.34316E+09 0.24430 
   20   20    1    1    1    1    1    1    1    1  2.14407E+10 0.17941 
   21   21    1    1    1    1    1    1    1    1  2.07874E+10 0.12256 
   22   22    1    1    1    1    1    1    1    1  6.16984E+10 0.08131 
   23   23    1    1    1    1    1    1    1    1  6.71254E+10 0.10691 
   24   24    1    1    1    1    1    1    1    1  1.13680E+11 0.07461 
   25   25    1    1    1    1    1    1    1    1  1.38337E+11 0.05455 
   26   26    1    1    1    1    1    1    1    1  2.26028E+11 0.07128 
   27   27    1    1    1    1    1    1    1    1  3.77499E+11 0.04048 
   28   28    1    1    1    1    1    1    1    1  6.91713E+11 0.02234 
   29   29    1    1    1    1    1    1    1    1  9.63976E+11 0.02760 
   30   30    1    1    1    1    1    1    1    1  2.97355E+12 0.01640 
   31   31    1    1    1    1    1    1    1    1  8.86870E+12 0.00928 
   32   32    1    1    1    1    1    1    1    1  1.66894E+13 0.00659 
   33   33    1    1    1    1    1    1    1    1  3.66993E+13 0.00481 
   34   34    1    1    1    1    1    1    1    1  4.82478E+13 0.00354 
   35   35    1    1    1    1    1    1    1    1  6.96207E+13 0.00326 
   36   36    1    1    1    1    1    1    1    1  4.90730E+13 0.00260 
   37   37    1    1    1    1    1    1    1    1  1.55535E+13 0.00282 
   38   38    1    1    1    1    1    1    1    1  8.35997E+13 0.00281 
   39   39    1    1    1    1    1    1    1    1  1.11650E+14 0.00255 
   40   40    1    1    1    1    1    1    1    1  1.85846E+14 0.00271 
   41   41    1    1    1    1    1    1    1    1  1.92707E+14 0.00132 
   42   42    1    1    1    1    1    1    1    1  3.93379E+14 0.00177 
   43   43    1    1    1    1    1    1    1    1  4.68257E+14 0.00168 
   44   44    1    1    1    1    1    1    1    1  6.62158E+14 0.00206 
   45   45    1    1    1    1    1    1    1    1  1.25838E+15 0.00206 
   46   46    1    1    1    1    1    1    1    1  5.95191E+14 0.00198 
   47   47    1    1    1    1    1    1    1    1  9.60480E+14 0.00192 
   48   48    1    1    1    1    1    1    1    1  1.32690E+15 0.00164 
   49   49    1    1    1    1    1    1    1    1  1.30806E+15 0.00162 
   50   50    1    1    1    1    1    1    1    1  1.97546E+15 0.00153 
   51   51    1    1    1    1    1    1    1    1  1.59622E+15 0.00167 
   52   52    1    1    1    1    1    1    1    1  1.82515E+15 0.00179 
   53   53    1    1    1    1    1    1    1    1  1.27247E+15 0.00159 
   54   54    1    1    1    1    1    1    1    1  1.50676E+15 0.00153 
   55   55    1    1    1    1    1    1    1    1  1.04028E+15 0.00165 
   56   56    1    1    1    1    1    1    1    1  1.42904E+14 0.00194 
   57   57    1    1    1    1    1    1    1    1  2.06533E+15 0.00152 
   58   58    1    1    1    1    1    1    1    1  8.80619E+14 0.00211 
   59   59    1    1    1    1    1    1    1    1  9.42979E+14 0.00172 
   60   60    1    1    1    1    1    1    1    1  7.12288E+14 0.00193 
   61   61    1    1    1    1    1    1    1    1  7.17519E+14 0.00183 
   62   62    1    1    1    1    1    1    1    1  7.39820E+14 0.00263 
   63   63    1    1    1    1    1    1    1    1  6.13367E+14 0.00215 
   64   64    1    1    1    1    1    1    1    1  4.86550E+14 0.00204 
   65   65    1    1    1    1    1    1    1    1  4.79330E+14 0.00211 
   66   66    1    1    1    1    1    1    1    1  3.45341E+14 0.00228 
   67   67    1    1    1    1    1    1    1    1  2.84046E+14 0.00171 
   68   68    1    1    1    1    1    1    1    1  2.56070E+14 0.00158 
   69   69    1    1    1    1    1    1    1    1  3.06732E+14 0.00180 
   70   70    1    1    1    1    1    1    1    1  2.60911E+14 0.00214 
   71   71    1    1    1    1    1    1    1    1  4.84922E+14 0.00177 
   72   72    1    1    1    1    1    1    1    1  3.44265E+14 0.00232 
   73   73    1    1    1    1    1    1    1    1  2.57636E+14 0.00201 
   74   74    1    1    1    1    1    1    1    1  2.01696E+14 0.00254 
   75   75    1    1    1    1    1    1    1    1  1.63282E+14 0.00238 
   76   76    1    1    1    1    1    1    1    1  1.85734E+14 0.00219 
   77   77    1    1    1    1    1    1    1    1  1.43502E+14 0.00219 
   78   78    1    1    1    1    1    1    1    1  1.12136E+14 0.00269 
   79   79    1    1    1    1    1    1    1    1  1.14161E+14 0.00341 
   80   80    1    1    1    1    1    1    1    1  8.37952E+13 0.00426 
   81   81    1    1    1    1    1    1    1    1  6.40408E+13 0.00359 
   82   82    1    1    1    1    1    1    1    1  4.93414E+13 0.00520 
   83   83    1    1    1    1    1    1    1    1  4.58868E+13 0.00354 
   84   84    1    1    1    1    1    1    1    1  3.30605E+13 0.00532 
   85   85    1    1    1    1    1    1    1    1  2.36196E+13 0.00739 
   86   86    1    1    1    1    1    1    1    1  2.24921E+13 0.00427 
   87   87    1    1    1    1    1    1    1    1  1.36977E+13 0.00747 
   88   88    1    1    1    1    1    1    1    1  9.30250E+12 0.00886 
   89   89    1    1    1    1    1    1    1    1  5.31013E+12 0.01119 
   90   90    1    1    1    1    1    1    1    1  3.55714E+12 0.01487 
   91   91    1    1    1    1    1    1    1    1  1.77841E+12 0.02744 
   92   92    1    1    1    1    1    1    1    1  9.12823E+11 0.03064 
   93   93    1    1    1    1    1    1    1    1  4.09394E+11 0.03896 
   94   94    1    1    1    1    1    1    1    1  2.17638E+11 0.06392 
   95   95    1    1    1    1    1    1    1    1  9.87882E+10 0.09005 
   96   96    1    1    1    1    1    1    1    1  5.36626E+10 0.10335 
   97   97    1    1    1    1    1    1    1    1  1.52697E+10 0.20900 
   98   98    1    1    1    1    1    1    1    1  9.96539E+09 0.29037 
   99   99    1    1    1    1    1    1    1    1  7.86175E+09 0.38249 
  100  100    1    1    1    1    1    1    1    1  7.97508E+09 0.38042 
];


