
DETdpaspec = [
    1    1    1    1    1    1    1    1    1    1  0.00000E+00 0.00000 
    2    2    1    1    1    1    1    1    1    1  0.00000E+00 0.00000 
    3    3    1    1    1    1    1    1    1    1  0.00000E+00 0.00000 
    4    4    1    1    1    1    1    1    1    1  0.00000E+00 0.00000 
    5    5    1    1    1    1    1    1    1    1  1.05489E+07 1.00000 
    6    6    1    1    1    1    1    1    1    1  0.00000E+00 0.00000 
    7    7    1    1    1    1    1    1    1    1  4.29141E+07 0.68831 
    8    8    1    1    1    1    1    1    1    1  1.98899E+07 1.00000 
    9    9    1    1    1    1    1    1    1    1  1.84315E+07 1.00000 
   10   10    1    1    1    1    1    1    1    1  0.00000E+00 0.00000 
   11   11    1    1    1    1    1    1    1    1  7.03160E+07 1.00000 
   12   12    1    1    1    1    1    1    1    1  6.67327E+07 1.00000 
   13   13    1    1    1    1    1    1    1    1  1.24580E+09 0.61592 
   14   14    1    1    1    1    1    1    1    1  1.95705E+09 0.54654 
   15   15    1    1    1    1    1    1    1    1  3.21658E+09 0.39420 
   16   16    1    1    1    1    1    1    1    1  1.88130E+09 0.35904 
   17   17    1    1    1    1    1    1    1    1  3.47738E+09 0.25005 
   18   18    1    1    1    1    1    1    1    1  8.97851E+09 0.20611 
   19   19    1    1    1    1    1    1    1    1  9.65062E+09 0.17079 
   20   20    1    1    1    1    1    1    1    1  2.81223E+10 0.12559 
   21   21    1    1    1    1    1    1    1    1  2.37329E+10 0.11123 
   22   22    1    1    1    1    1    1    1    1  6.68117E+10 0.08311 
   23   23    1    1    1    1    1    1    1    1  1.10066E+11 0.06138 
   24   24    1    1    1    1    1    1    1    1  1.64600E+11 0.07558 
   25   25    1    1    1    1    1    1    1    1  2.11302E+11 0.05102 
   26   26    1    1    1    1    1    1    1    1  2.83916E+11 0.04697 
   27   27    1    1    1    1    1    1    1    1  5.55453E+11 0.03658 
   28   28    1    1    1    1    1    1    1    1  1.03859E+12 0.02154 
   29   29    1    1    1    1    1    1    1    1  1.50986E+12 0.02148 
   30   30    1    1    1    1    1    1    1    1  4.67902E+12 0.01385 
   31   31    1    1    1    1    1    1    1    1  1.43007E+13 0.01052 
   32   32    1    1    1    1    1    1    1    1  2.66405E+13 0.00623 
   33   33    1    1    1    1    1    1    1    1  6.12256E+13 0.00425 
   34   34    1    1    1    1    1    1    1    1  8.21468E+13 0.00397 
   35   35    1    1    1    1    1    1    1    1  1.16674E+14 0.00389 
   36   36    1    1    1    1    1    1    1    1  8.16076E+13 0.00345 
   37   37    1    1    1    1    1    1    1    1  2.56837E+13 0.00393 
   38   38    1    1    1    1    1    1    1    1  1.39959E+14 0.00343 
   39   39    1    1    1    1    1    1    1    1  1.87824E+14 0.00305 
   40   40    1    1    1    1    1    1    1    1  3.17588E+14 0.00293 
   41   41    1    1    1    1    1    1    1    1  3.27881E+14 0.00271 
   42   42    1    1    1    1    1    1    1    1  6.79315E+14 0.00224 
   43   43    1    1    1    1    1    1    1    1  8.17841E+14 0.00196 
   44   44    1    1    1    1    1    1    1    1  1.17093E+15 0.00196 
   45   45    1    1    1    1    1    1    1    1  2.26731E+15 0.00133 
   46   46    1    1    1    1    1    1    1    1  1.07418E+15 0.00109 
   47   47    1    1    1    1    1    1    1    1  1.73587E+15 0.00123 
   48   48    1    1    1    1    1    1    1    1  2.41671E+15 0.00116 
   49   49    1    1    1    1    1    1    1    1  2.38937E+15 0.00131 
   50   50    1    1    1    1    1    1    1    1  3.65895E+15 0.00144 
   51   51    1    1    1    1    1    1    1    1  2.95464E+15 0.00137 
   52   52    1    1    1    1    1    1    1    1  3.42712E+15 0.00135 
   53   53    1    1    1    1    1    1    1    1  2.39137E+15 0.00141 
   54   54    1    1    1    1    1    1    1    1  2.86316E+15 0.00145 
   55   55    1    1    1    1    1    1    1    1  1.97809E+15 0.00136 
   56   56    1    1    1    1    1    1    1    1  2.70780E+14 0.00197 
   57   57    1    1    1    1    1    1    1    1  3.92794E+15 0.00138 
   58   58    1    1    1    1    1    1    1    1  1.70282E+15 0.00151 
   59   59    1    1    1    1    1    1    1    1  1.82271E+15 0.00149 
   60   60    1    1    1    1    1    1    1    1  1.39124E+15 0.00165 
   61   61    1    1    1    1    1    1    1    1  1.39811E+15 0.00158 
   62   62    1    1    1    1    1    1    1    1  1.44932E+15 0.00165 
   63   63    1    1    1    1    1    1    1    1  1.21073E+15 0.00139 
   64   64    1    1    1    1    1    1    1    1  9.62132E+14 0.00169 
   65   65    1    1    1    1    1    1    1    1  9.52465E+14 0.00195 
   66   66    1    1    1    1    1    1    1    1  6.87979E+14 0.00199 
   67   67    1    1    1    1    1    1    1    1  5.64492E+14 0.00191 
   68   68    1    1    1    1    1    1    1    1  5.07109E+14 0.00181 
   69   69    1    1    1    1    1    1    1    1  6.07903E+14 0.00179 
   70   70    1    1    1    1    1    1    1    1  5.18891E+14 0.00158 
   71   71    1    1    1    1    1    1    1    1  9.58542E+14 0.00154 
   72   72    1    1    1    1    1    1    1    1  6.80878E+14 0.00171 
   73   73    1    1    1    1    1    1    1    1  5.10615E+14 0.00197 
   74   74    1    1    1    1    1    1    1    1  4.03630E+14 0.00155 
   75   75    1    1    1    1    1    1    1    1  3.29048E+14 0.00167 
   76   76    1    1    1    1    1    1    1    1  3.77124E+14 0.00160 
   77   77    1    1    1    1    1    1    1    1  2.92825E+14 0.00277 
   78   78    1    1    1    1    1    1    1    1  2.30620E+14 0.00237 
   79   79    1    1    1    1    1    1    1    1  2.35989E+14 0.00257 
   80   80    1    1    1    1    1    1    1    1  1.73496E+14 0.00206 
   81   81    1    1    1    1    1    1    1    1  1.33165E+14 0.00255 
   82   82    1    1    1    1    1    1    1    1  1.01987E+14 0.00315 
   83   83    1    1    1    1    1    1    1    1  9.44830E+13 0.00290 
   84   84    1    1    1    1    1    1    1    1  6.82304E+13 0.00451 
   85   85    1    1    1    1    1    1    1    1  4.90638E+13 0.00572 
   86   86    1    1    1    1    1    1    1    1  4.61222E+13 0.00576 
   87   87    1    1    1    1    1    1    1    1  2.86536E+13 0.00447 
   88   88    1    1    1    1    1    1    1    1  1.95090E+13 0.00601 
   89   89    1    1    1    1    1    1    1    1  1.10957E+13 0.00798 
   90   90    1    1    1    1    1    1    1    1  7.50450E+12 0.00754 
   91   91    1    1    1    1    1    1    1    1  3.74083E+12 0.01183 
   92   92    1    1    1    1    1    1    1    1  1.92290E+12 0.02178 
   93   93    1    1    1    1    1    1    1    1  9.11230E+11 0.03380 
   94   94    1    1    1    1    1    1    1    1  4.32050E+11 0.05316 
   95   95    1    1    1    1    1    1    1    1  1.95537E+11 0.05766 
   96   96    1    1    1    1    1    1    1    1  8.49642E+10 0.09338 
   97   97    1    1    1    1    1    1    1    1  4.74916E+10 0.15228 
   98   98    1    1    1    1    1    1    1    1  2.20097E+10 0.17047 
   99   99    1    1    1    1    1    1    1    1  1.07377E+10 0.31555 
  100  100    1    1    1    1    1    1    1    1  8.92499E+09 0.30536 
];


