
DETdpaspec = [
    1    1    1    1    1    1    1    1    1    1  0.00000E+00 0.00000 
    2    2    1    1    1    1    1    1    1    1  0.00000E+00 0.00000 
    3    3    1    1    1    1    1    1    1    1  0.00000E+00 0.00000 
    4    4    1    1    1    1    1    1    1    1  0.00000E+00 0.00000 
    5    5    1    1    1    1    1    1    1    1  1.07748E+07 1.00000 
    6    6    1    1    1    1    1    1    1    1  0.00000E+00 0.00000 
    7    7    1    1    1    1    1    1    1    1  0.00000E+00 0.00000 
    8    8    1    1    1    1    1    1    1    1  2.29290E+07 1.00000 
    9    9    1    1    1    1    1    1    1    1  0.00000E+00 0.00000 
   10   10    1    1    1    1    1    1    1    1  0.00000E+00 0.00000 
   11   11    1    1    1    1    1    1    1    1  5.05384E+07 1.00000 
   12   12    1    1    1    1    1    1    1    1  2.16483E+07 1.00000 
   13   13    1    1    1    1    1    1    1    1  1.31586E+09 0.68599 
   14   14    1    1    1    1    1    1    1    1  2.22911E+09 0.72285 
   15   15    1    1    1    1    1    1    1    1  5.37342E+09 0.32874 
   16   16    1    1    1    1    1    1    1    1  6.23963E+08 0.36039 
   17   17    1    1    1    1    1    1    1    1  1.03994E+09 0.38103 
   18   18    1    1    1    1    1    1    1    1  6.05812E+09 0.21885 
   19   19    1    1    1    1    1    1    1    1  7.91743E+09 0.13340 
   20   20    1    1    1    1    1    1    1    1  1.54653E+10 0.21756 
   21   21    1    1    1    1    1    1    1    1  1.71322E+10 0.11613 
   22   22    1    1    1    1    1    1    1    1  5.24448E+10 0.12818 
   23   23    1    1    1    1    1    1    1    1  6.80772E+10 0.05036 
   24   24    1    1    1    1    1    1    1    1  1.00881E+11 0.06991 
   25   25    1    1    1    1    1    1    1    1  1.24133E+11 0.06129 
   26   26    1    1    1    1    1    1    1    1  1.92813E+11 0.05038 
   27   27    1    1    1    1    1    1    1    1  3.46624E+11 0.05277 
   28   28    1    1    1    1    1    1    1    1  6.18323E+11 0.02656 
   29   29    1    1    1    1    1    1    1    1  8.90100E+11 0.02642 
   30   30    1    1    1    1    1    1    1    1  2.81545E+12 0.02409 
   31   31    1    1    1    1    1    1    1    1  8.39485E+12 0.01290 
   32   32    1    1    1    1    1    1    1    1  1.51293E+13 0.00793 
   33   33    1    1    1    1    1    1    1    1  3.31029E+13 0.00584 
   34   34    1    1    1    1    1    1    1    1  4.36399E+13 0.00404 
   35   35    1    1    1    1    1    1    1    1  6.32103E+13 0.00353 
   36   36    1    1    1    1    1    1    1    1  4.45494E+13 0.00314 
   37   37    1    1    1    1    1    1    1    1  1.42224E+13 0.00337 
   38   38    1    1    1    1    1    1    1    1  7.60316E+13 0.00346 
   39   39    1    1    1    1    1    1    1    1  1.00780E+14 0.00281 
   40   40    1    1    1    1    1    1    1    1  1.67982E+14 0.00284 
   41   41    1    1    1    1    1    1    1    1  1.74312E+14 0.00262 
   42   42    1    1    1    1    1    1    1    1  3.54314E+14 0.00223 
   43   43    1    1    1    1    1    1    1    1  4.20421E+14 0.00185 
   44   44    1    1    1    1    1    1    1    1  5.95047E+14 0.00204 
   45   45    1    1    1    1    1    1    1    1  1.12698E+15 0.00176 
   46   46    1    1    1    1    1    1    1    1  5.32455E+14 0.00136 
   47   47    1    1    1    1    1    1    1    1  8.58893E+14 0.00132 
   48   48    1    1    1    1    1    1    1    1  1.18587E+15 0.00150 
   49   49    1    1    1    1    1    1    1    1  1.16818E+15 0.00147 
   50   50    1    1    1    1    1    1    1    1  1.76544E+15 0.00158 
   51   51    1    1    1    1    1    1    1    1  1.42621E+15 0.00186 
   52   52    1    1    1    1    1    1    1    1  1.62949E+15 0.00182 
   53   53    1    1    1    1    1    1    1    1  1.13606E+15 0.00215 
   54   54    1    1    1    1    1    1    1    1  1.33872E+15 0.00184 
   55   55    1    1    1    1    1    1    1    1  9.25362E+14 0.00212 
   56   56    1    1    1    1    1    1    1    1  1.27047E+14 0.00251 
   57   57    1    1    1    1    1    1    1    1  1.83217E+15 0.00182 
   58   58    1    1    1    1    1    1    1    1  7.81009E+14 0.00183 
   59   59    1    1    1    1    1    1    1    1  8.34453E+14 0.00201 
   60   60    1    1    1    1    1    1    1    1  6.29725E+14 0.00190 
   61   61    1    1    1    1    1    1    1    1  6.33411E+14 0.00225 
   62   62    1    1    1    1    1    1    1    1  6.53886E+14 0.00200 
   63   63    1    1    1    1    1    1    1    1  5.42348E+14 0.00183 
   64   64    1    1    1    1    1    1    1    1  4.29750E+14 0.00203 
   65   65    1    1    1    1    1    1    1    1  4.24326E+14 0.00202 
   66   66    1    1    1    1    1    1    1    1  3.06316E+14 0.00211 
   67   67    1    1    1    1    1    1    1    1  2.51206E+14 0.00209 
   68   68    1    1    1    1    1    1    1    1  2.26530E+14 0.00240 
   69   69    1    1    1    1    1    1    1    1  2.71974E+14 0.00282 
   70   70    1    1    1    1    1    1    1    1  2.31736E+14 0.00284 
   71   71    1    1    1    1    1    1    1    1  4.30422E+14 0.00287 
   72   72    1    1    1    1    1    1    1    1  3.04494E+14 0.00264 
   73   73    1    1    1    1    1    1    1    1  2.27113E+14 0.00327 
   74   74    1    1    1    1    1    1    1    1  1.78696E+14 0.00265 
   75   75    1    1    1    1    1    1    1    1  1.45056E+14 0.00371 
   76   76    1    1    1    1    1    1    1    1  1.63872E+14 0.00348 
   77   77    1    1    1    1    1    1    1    1  1.27220E+14 0.00255 
   78   78    1    1    1    1    1    1    1    1  9.84876E+13 0.00440 
   79   79    1    1    1    1    1    1    1    1  1.00738E+14 0.00376 
   80   80    1    1    1    1    1    1    1    1  7.34621E+13 0.00313 
   81   81    1    1    1    1    1    1    1    1  5.64818E+13 0.00546 
   82   82    1    1    1    1    1    1    1    1  4.32854E+13 0.00489 
   83   83    1    1    1    1    1    1    1    1  3.98475E+13 0.00455 
   84   84    1    1    1    1    1    1    1    1  2.88308E+13 0.00554 
   85   85    1    1    1    1    1    1    1    1  2.06709E+13 0.00561 
   86   86    1    1    1    1    1    1    1    1  1.94246E+13 0.00597 
   87   87    1    1    1    1    1    1    1    1  1.21205E+13 0.00945 
   88   88    1    1    1    1    1    1    1    1  8.20161E+12 0.00843 
   89   89    1    1    1    1    1    1    1    1  4.70048E+12 0.01415 
   90   90    1    1    1    1    1    1    1    1  3.17883E+12 0.01521 
   91   91    1    1    1    1    1    1    1    1  1.61375E+12 0.02047 
   92   92    1    1    1    1    1    1    1    1  7.85561E+11 0.03198 
   93   93    1    1    1    1    1    1    1    1  3.78907E+11 0.05847 
   94   94    1    1    1    1    1    1    1    1  1.81656E+11 0.08167 
   95   95    1    1    1    1    1    1    1    1  8.46683E+10 0.09841 
   96   96    1    1    1    1    1    1    1    1  3.98025E+10 0.18175 
   97   97    1    1    1    1    1    1    1    1  2.49714E+10 0.16967 
   98   98    1    1    1    1    1    1    1    1  1.48271E+10 0.25724 
   99   99    1    1    1    1    1    1    1    1  4.55455E+09 0.47893 
  100  100    1    1    1    1    1    1    1    1  1.11977E+09 0.73295 
];


