
DETdpaspec = [
    1    1    1    1    1    1    1    1    1    1  0.00000E+00 0.00000 
    2    2    1    1    1    1    1    1    1    1  0.00000E+00 0.00000 
    3    3    1    1    1    1    1    1    1    1  0.00000E+00 0.00000 
    4    4    1    1    1    1    1    1    1    1  0.00000E+00 0.00000 
    5    5    1    1    1    1    1    1    1    1  0.00000E+00 0.00000 
    6    6    1    1    1    1    1    1    1    1  0.00000E+00 0.00000 
    7    7    1    1    1    1    1    1    1    1  0.00000E+00 0.00000 
    8    8    1    1    1    1    1    1    1    1  8.08608E+07 0.77471 
    9    9    1    1    1    1    1    1    1    1  0.00000E+00 0.00000 
   10   10    1    1    1    1    1    1    1    1  1.02961E+08 0.70234 
   11   11    1    1    1    1    1    1    1    1  2.64799E+08 0.78920 
   12   12    1    1    1    1    1    1    1    1  1.65581E+08 0.40192 
   13   13    1    1    1    1    1    1    1    1  1.44735E+09 0.40882 
   14   14    1    1    1    1    1    1    1    1  4.07000E+09 0.51222 
   15   15    1    1    1    1    1    1    1    1  1.30688E+10 0.21371 
   16   16    1    1    1    1    1    1    1    1  1.76678E+09 0.26112 
   17   17    1    1    1    1    1    1    1    1  3.38965E+09 0.29143 
   18   18    1    1    1    1    1    1    1    1  1.18801E+10 0.24139 
   19   19    1    1    1    1    1    1    1    1  1.21237E+10 0.18539 
   20   20    1    1    1    1    1    1    1    1  4.28774E+10 0.17821 
   21   21    1    1    1    1    1    1    1    1  3.44481E+10 0.09912 
   22   22    1    1    1    1    1    1    1    1  8.75983E+10 0.08639 
   23   23    1    1    1    1    1    1    1    1  1.23402E+11 0.07150 
   24   24    1    1    1    1    1    1    1    1  1.89205E+11 0.03940 
   25   25    1    1    1    1    1    1    1    1  2.31469E+11 0.04555 
   26   26    1    1    1    1    1    1    1    1  3.43558E+11 0.03596 
   27   27    1    1    1    1    1    1    1    1  6.10785E+11 0.02869 
   28   28    1    1    1    1    1    1    1    1  1.22839E+12 0.02405 
   29   29    1    1    1    1    1    1    1    1  1.93276E+12 0.01953 
   30   30    1    1    1    1    1    1    1    1  5.86144E+12 0.01247 
   31   31    1    1    1    1    1    1    1    1  1.83712E+13 0.00813 
   32   32    1    1    1    1    1    1    1    1  3.41970E+13 0.00502 
   33   33    1    1    1    1    1    1    1    1  7.97526E+13 0.00356 
   34   34    1    1    1    1    1    1    1    1  1.10287E+14 0.00256 
   35   35    1    1    1    1    1    1    1    1  1.52467E+14 0.00270 
   36   36    1    1    1    1    1    1    1    1  1.06509E+14 0.00228 
   37   37    1    1    1    1    1    1    1    1  3.30720E+13 0.00199 
   38   38    1    1    1    1    1    1    1    1  1.82789E+14 0.00215 
   39   39    1    1    1    1    1    1    1    1  2.46656E+14 0.00158 
   40   40    1    1    1    1    1    1    1    1  4.19540E+14 0.00148 
   41   41    1    1    1    1    1    1    1    1  4.31201E+14 0.00135 
   42   42    1    1    1    1    1    1    1    1  9.05251E+14 0.00132 
   43   43    1    1    1    1    1    1    1    1  1.09443E+15 0.00110 
   44   44    1    1    1    1    1    1    1    1  1.57675E+15 0.00110 
   45   45    1    1    1    1    1    1    1    1  3.10958E+15 0.00094 
   46   46    1    1    1    1    1    1    1    1  1.47197E+15 0.00089 
   47   47    1    1    1    1    1    1    1    1  2.37835E+15 0.00079 
   48   48    1    1    1    1    1    1    1    1  3.32443E+15 0.00085 
   49   49    1    1    1    1    1    1    1    1  3.29543E+15 0.00084 
   50   50    1    1    1    1    1    1    1    1  5.10435E+15 0.00104 
   51   51    1    1    1    1    1    1    1    1  4.10720E+15 0.00100 
   52   52    1    1    1    1    1    1    1    1  4.82833E+15 0.00096 
   53   53    1    1    1    1    1    1    1    1  3.37037E+15 0.00099 
   54   54    1    1    1    1    1    1    1    1  4.07919E+15 0.00111 
   55   55    1    1    1    1    1    1    1    1  2.81917E+15 0.00110 
   56   56    1    1    1    1    1    1    1    1  3.84896E+14 0.00130 
   57   57    1    1    1    1    1    1    1    1  5.61276E+15 0.00117 
   58   58    1    1    1    1    1    1    1    1  2.46360E+15 0.00119 
   59   59    1    1    1    1    1    1    1    1  2.63380E+15 0.00093 
   60   60    1    1    1    1    1    1    1    1  2.02957E+15 0.00118 
   61   61    1    1    1    1    1    1    1    1  2.04050E+15 0.00116 
   62   62    1    1    1    1    1    1    1    1  2.11869E+15 0.00138 
   63   63    1    1    1    1    1    1    1    1  1.77674E+15 0.00110 
   64   64    1    1    1    1    1    1    1    1  1.41393E+15 0.00105 
   65   65    1    1    1    1    1    1    1    1  1.40454E+15 0.00107 
   66   66    1    1    1    1    1    1    1    1  1.01414E+15 0.00124 
   67   67    1    1    1    1    1    1    1    1  8.30706E+14 0.00146 
   68   68    1    1    1    1    1    1    1    1  7.45766E+14 0.00151 
   69   69    1    1    1    1    1    1    1    1  8.96607E+14 0.00145 
   70   70    1    1    1    1    1    1    1    1  7.63770E+14 0.00148 
   71   71    1    1    1    1    1    1    1    1  1.40157E+15 0.00150 
   72   72    1    1    1    1    1    1    1    1  9.95393E+14 0.00192 
   73   73    1    1    1    1    1    1    1    1  7.49937E+14 0.00141 
   74   74    1    1    1    1    1    1    1    1  5.96130E+14 0.00203 
   75   75    1    1    1    1    1    1    1    1  4.92134E+14 0.00223 
   76   76    1    1    1    1    1    1    1    1  5.63949E+14 0.00148 
   77   77    1    1    1    1    1    1    1    1  4.42038E+14 0.00162 
   78   78    1    1    1    1    1    1    1    1  3.49640E+14 0.00184 
   79   79    1    1    1    1    1    1    1    1  3.58810E+14 0.00161 
   80   80    1    1    1    1    1    1    1    1  2.64119E+14 0.00184 
   81   81    1    1    1    1    1    1    1    1  2.04077E+14 0.00204 
   82   82    1    1    1    1    1    1    1    1  1.55991E+14 0.00252 
   83   83    1    1    1    1    1    1    1    1  1.46617E+14 0.00208 
   84   84    1    1    1    1    1    1    1    1  1.05486E+14 0.00253 
   85   85    1    1    1    1    1    1    1    1  7.56306E+13 0.00342 
   86   86    1    1    1    1    1    1    1    1  7.08615E+13 0.00443 
   87   87    1    1    1    1    1    1    1    1  4.38750E+13 0.00570 
   88   88    1    1    1    1    1    1    1    1  2.96743E+13 0.00596 
   89   89    1    1    1    1    1    1    1    1  1.68905E+13 0.00469 
   90   90    1    1    1    1    1    1    1    1  1.13024E+13 0.00899 
   91   91    1    1    1    1    1    1    1    1  5.58771E+12 0.01084 
   92   92    1    1    1    1    1    1    1    1  2.72080E+12 0.01797 
   93   93    1    1    1    1    1    1    1    1  1.31887E+12 0.02717 
   94   94    1    1    1    1    1    1    1    1  6.46496E+11 0.04481 
   95   95    1    1    1    1    1    1    1    1  3.05470E+11 0.05511 
   96   96    1    1    1    1    1    1    1    1  1.72289E+11 0.06772 
   97   97    1    1    1    1    1    1    1    1  7.03399E+10 0.09801 
   98   98    1    1    1    1    1    1    1    1  4.54404E+10 0.14729 
   99   99    1    1    1    1    1    1    1    1  1.88850E+10 0.24173 
  100  100    1    1    1    1    1    1    1    1  1.54391E+10 0.19853 
];


