
DETdpaspec = [
    1    1    1    1    1    1    1    1    1    1  0.00000E+00 0.00000 
    2    2    1    1    1    1    1    1    1    1  0.00000E+00 0.00000 
    3    3    1    1    1    1    1    1    1    1  0.00000E+00 0.00000 
    4    4    1    1    1    1    1    1    1    1  0.00000E+00 0.00000 
    5    5    1    1    1    1    1    1    1    1  0.00000E+00 0.00000 
    6    6    1    1    1    1    1    1    1    1  0.00000E+00 0.00000 
    7    7    1    1    1    1    1    1    1    1  0.00000E+00 0.00000 
    8    8    1    1    1    1    1    1    1    1  2.27294E+07 1.00000 
    9    9    1    1    1    1    1    1    1    1  0.00000E+00 0.00000 
   10   10    1    1    1    1    1    1    1    1  6.02843E+07 1.00000 
   11   11    1    1    1    1    1    1    1    1  2.88435E+08 0.71051 
   12   12    1    1    1    1    1    1    1    1  3.84984E+07 0.69482 
   13   13    1    1    1    1    1    1    1    1  2.24029E+08 1.00000 
   14   14    1    1    1    1    1    1    1    1  1.28889E+08 1.00000 
   15   15    1    1    1    1    1    1    1    1  2.10779E+09 0.49642 
   16   16    1    1    1    1    1    1    1    1  9.08029E+08 0.35726 
   17   17    1    1    1    1    1    1    1    1  2.63422E+09 0.33514 
   18   18    1    1    1    1    1    1    1    1  4.21519E+09 0.35973 
   19   19    1    1    1    1    1    1    1    1  3.69360E+09 0.23751 
   20   20    1    1    1    1    1    1    1    1  9.21112E+09 0.21857 
   21   21    1    1    1    1    1    1    1    1  1.34533E+10 0.15340 
   22   22    1    1    1    1    1    1    1    1  4.58052E+10 0.10785 
   23   23    1    1    1    1    1    1    1    1  6.92328E+10 0.08404 
   24   24    1    1    1    1    1    1    1    1  9.04187E+10 0.06740 
   25   25    1    1    1    1    1    1    1    1  1.21948E+11 0.06310 
   26   26    1    1    1    1    1    1    1    1  1.75684E+11 0.06482 
   27   27    1    1    1    1    1    1    1    1  3.28055E+11 0.04776 
   28   28    1    1    1    1    1    1    1    1  5.68975E+11 0.02286 
   29   29    1    1    1    1    1    1    1    1  8.04196E+11 0.02287 
   30   30    1    1    1    1    1    1    1    1  2.65148E+12 0.02112 
   31   31    1    1    1    1    1    1    1    1  7.83938E+12 0.01029 
   32   32    1    1    1    1    1    1    1    1  1.42866E+13 0.01010 
   33   33    1    1    1    1    1    1    1    1  3.04756E+13 0.00610 
   34   34    1    1    1    1    1    1    1    1  4.00516E+13 0.00564 
   35   35    1    1    1    1    1    1    1    1  5.80339E+13 0.00425 
   36   36    1    1    1    1    1    1    1    1  4.08021E+13 0.00485 
   37   37    1    1    1    1    1    1    1    1  1.30223E+13 0.00543 
   38   38    1    1    1    1    1    1    1    1  6.93757E+13 0.00423 
   39   39    1    1    1    1    1    1    1    1  9.25103E+13 0.00428 
   40   40    1    1    1    1    1    1    1    1  1.53302E+14 0.00306 
   41   41    1    1    1    1    1    1    1    1  1.58948E+14 0.00323 
   42   42    1    1    1    1    1    1    1    1  3.22491E+14 0.00304 
   43   43    1    1    1    1    1    1    1    1  3.83123E+14 0.00291 
   44   44    1    1    1    1    1    1    1    1  5.39394E+14 0.00275 
   45   45    1    1    1    1    1    1    1    1  1.02012E+15 0.00305 
   46   46    1    1    1    1    1    1    1    1  4.81000E+14 0.00295 
   47   47    1    1    1    1    1    1    1    1  7.77144E+14 0.00272 
   48   48    1    1    1    1    1    1    1    1  1.07094E+15 0.00284 
   49   49    1    1    1    1    1    1    1    1  1.05400E+15 0.00291 
   50   50    1    1    1    1    1    1    1    1  1.58776E+15 0.00292 
   51   51    1    1    1    1    1    1    1    1  1.28326E+15 0.00284 
   52   52    1    1    1    1    1    1    1    1  1.46360E+15 0.00331 
   53   53    1    1    1    1    1    1    1    1  1.02014E+15 0.00339 
   54   54    1    1    1    1    1    1    1    1  1.20139E+15 0.00293 
   55   55    1    1    1    1    1    1    1    1  8.31260E+14 0.00321 
   56   56    1    1    1    1    1    1    1    1  1.14020E+14 0.00344 
   57   57    1    1    1    1    1    1    1    1  1.64489E+15 0.00317 
   58   58    1    1    1    1    1    1    1    1  6.99197E+14 0.00363 
   59   59    1    1    1    1    1    1    1    1  7.48971E+14 0.00411 
   60   60    1    1    1    1    1    1    1    1  5.64756E+14 0.00377 
   61   61    1    1    1    1    1    1    1    1  5.67865E+14 0.00422 
   62   62    1    1    1    1    1    1    1    1  5.85221E+14 0.00427 
   63   63    1    1    1    1    1    1    1    1  4.86412E+14 0.00405 
   64   64    1    1    1    1    1    1    1    1  3.85662E+14 0.00418 
   65   65    1    1    1    1    1    1    1    1  3.79675E+14 0.00455 
   66   66    1    1    1    1    1    1    1    1  2.73783E+14 0.00450 
   67   67    1    1    1    1    1    1    1    1  2.24971E+14 0.00447 
   68   68    1    1    1    1    1    1    1    1  2.02752E+14 0.00453 
   69   69    1    1    1    1    1    1    1    1  2.43238E+14 0.00515 
   70   70    1    1    1    1    1    1    1    1  2.07217E+14 0.00438 
   71   71    1    1    1    1    1    1    1    1  3.85164E+14 0.00429 
   72   72    1    1    1    1    1    1    1    1  2.73330E+14 0.00442 
   73   73    1    1    1    1    1    1    1    1  2.04947E+14 0.00326 
   74   74    1    1    1    1    1    1    1    1  1.59973E+14 0.00418 
   75   75    1    1    1    1    1    1    1    1  1.29950E+14 0.00403 
   76   76    1    1    1    1    1    1    1    1  1.46480E+14 0.00464 
   77   77    1    1    1    1    1    1    1    1  1.12714E+14 0.00580 
   78   78    1    1    1    1    1    1    1    1  8.81592E+13 0.00504 
   79   79    1    1    1    1    1    1    1    1  9.03384E+13 0.00455 
   80   80    1    1    1    1    1    1    1    1  6.54780E+13 0.00488 
   81   81    1    1    1    1    1    1    1    1  5.01666E+13 0.00630 
   82   82    1    1    1    1    1    1    1    1  3.82747E+13 0.00646 
   83   83    1    1    1    1    1    1    1    1  3.57770E+13 0.00646 
   84   84    1    1    1    1    1    1    1    1  2.57680E+13 0.00625 
   85   85    1    1    1    1    1    1    1    1  1.86026E+13 0.00913 
   86   86    1    1    1    1    1    1    1    1  1.72151E+13 0.00529 
   87   87    1    1    1    1    1    1    1    1  1.06567E+13 0.00837 
   88   88    1    1    1    1    1    1    1    1  7.44986E+12 0.01077 
   89   89    1    1    1    1    1    1    1    1  4.32818E+12 0.01251 
   90   90    1    1    1    1    1    1    1    1  2.85185E+12 0.01565 
   91   91    1    1    1    1    1    1    1    1  1.41805E+12 0.02029 
   92   92    1    1    1    1    1    1    1    1  7.57058E+11 0.03520 
   93   93    1    1    1    1    1    1    1    1  3.23443E+11 0.04195 
   94   94    1    1    1    1    1    1    1    1  1.60189E+11 0.06328 
   95   95    1    1    1    1    1    1    1    1  7.76683E+10 0.08243 
   96   96    1    1    1    1    1    1    1    1  3.28544E+10 0.16206 
   97   97    1    1    1    1    1    1    1    1  2.13991E+10 0.20206 
   98   98    1    1    1    1    1    1    1    1  7.78980E+09 0.26336 
   99   99    1    1    1    1    1    1    1    1  5.56584E+09 0.47766 
  100  100    1    1    1    1    1    1    1    1  3.35586E+09 0.37753 
];


