
DETdpaspec = [
    1    1    1    1    1    1    1    1    1    1  0.00000E+00 0.00000 
    2    2    1    1    1    1    1    1    1    1  0.00000E+00 0.00000 
    3    3    1    1    1    1    1    1    1    1  7.15592E+06 1.00000 
    4    4    1    1    1    1    1    1    1    1  0.00000E+00 0.00000 
    5    5    1    1    1    1    1    1    1    1  0.00000E+00 0.00000 
    6    6    1    1    1    1    1    1    1    1  9.76267E+06 1.00000 
    7    7    1    1    1    1    1    1    1    1  0.00000E+00 0.00000 
    8    8    1    1    1    1    1    1    1    1  0.00000E+00 0.00000 
    9    9    1    1    1    1    1    1    1    1  0.00000E+00 0.00000 
   10   10    1    1    1    1    1    1    1    1  2.18453E+08 0.59103 
   11   11    1    1    1    1    1    1    1    1  1.13737E+08 0.68860 
   12   12    1    1    1    1    1    1    1    1  1.93720E+07 1.00000 
   13   13    1    1    1    1    1    1    1    1  0.00000E+00 0.00000 
   14   14    1    1    1    1    1    1    1    1  1.51356E+09 0.46249 
   15   15    1    1    1    1    1    1    1    1  2.55204E+09 0.46744 
   16   16    1    1    1    1    1    1    1    1  6.37705E+08 0.43994 
   17   17    1    1    1    1    1    1    1    1  2.78892E+09 0.23863 
   18   18    1    1    1    1    1    1    1    1  7.04541E+09 0.23565 
   19   19    1    1    1    1    1    1    1    1  6.65814E+09 0.18128 
   20   20    1    1    1    1    1    1    1    1  2.11659E+10 0.20740 
   21   21    1    1    1    1    1    1    1    1  1.43558E+10 0.19789 
   22   22    1    1    1    1    1    1    1    1  4.37840E+10 0.08240 
   23   23    1    1    1    1    1    1    1    1  6.61199E+10 0.10782 
   24   24    1    1    1    1    1    1    1    1  9.27608E+10 0.09617 
   25   25    1    1    1    1    1    1    1    1  1.15540E+11 0.08206 
   26   26    1    1    1    1    1    1    1    1  1.86132E+11 0.02965 
   27   27    1    1    1    1    1    1    1    1  3.60426E+11 0.04898 
   28   28    1    1    1    1    1    1    1    1  5.72109E+11 0.03344 
   29   29    1    1    1    1    1    1    1    1  8.16738E+11 0.03370 
   30   30    1    1    1    1    1    1    1    1  2.66142E+12 0.02034 
   31   31    1    1    1    1    1    1    1    1  7.93212E+12 0.01464 
   32   32    1    1    1    1    1    1    1    1  1.45679E+13 0.00968 
   33   33    1    1    1    1    1    1    1    1  3.10867E+13 0.00661 
   34   34    1    1    1    1    1    1    1    1  4.04537E+13 0.00521 
   35   35    1    1    1    1    1    1    1    1  5.89706E+13 0.00392 
   36   36    1    1    1    1    1    1    1    1  4.14336E+13 0.00450 
   37   37    1    1    1    1    1    1    1    1  1.32060E+13 0.00517 
   38   38    1    1    1    1    1    1    1    1  7.05242E+13 0.00400 
   39   39    1    1    1    1    1    1    1    1  9.39019E+13 0.00405 
   40   40    1    1    1    1    1    1    1    1  1.55743E+14 0.00385 
   41   41    1    1    1    1    1    1    1    1  1.62226E+14 0.00370 
   42   42    1    1    1    1    1    1    1    1  3.28575E+14 0.00447 
   43   43    1    1    1    1    1    1    1    1  3.89739E+14 0.00403 
   44   44    1    1    1    1    1    1    1    1  5.50672E+14 0.00386 
   45   45    1    1    1    1    1    1    1    1  1.04134E+15 0.00364 
   46   46    1    1    1    1    1    1    1    1  4.90623E+14 0.00363 
   47   47    1    1    1    1    1    1    1    1  7.92732E+14 0.00362 
   48   48    1    1    1    1    1    1    1    1  1.09313E+15 0.00365 
   49   49    1    1    1    1    1    1    1    1  1.07551E+15 0.00350 
   50   50    1    1    1    1    1    1    1    1  1.61912E+15 0.00351 
   51   51    1    1    1    1    1    1    1    1  1.31082E+15 0.00334 
   52   52    1    1    1    1    1    1    1    1  1.49453E+15 0.00370 
   53   53    1    1    1    1    1    1    1    1  1.04097E+15 0.00368 
   54   54    1    1    1    1    1    1    1    1  1.22782E+15 0.00370 
   55   55    1    1    1    1    1    1    1    1  8.47911E+14 0.00370 
   56   56    1    1    1    1    1    1    1    1  1.16730E+14 0.00370 
   57   57    1    1    1    1    1    1    1    1  1.68384E+15 0.00372 
   58   58    1    1    1    1    1    1    1    1  7.14303E+14 0.00409 
   59   59    1    1    1    1    1    1    1    1  7.64946E+14 0.00436 
   60   60    1    1    1    1    1    1    1    1  5.76083E+14 0.00411 
   61   61    1    1    1    1    1    1    1    1  5.79606E+14 0.00421 
   62   62    1    1    1    1    1    1    1    1  5.98066E+14 0.00423 
   63   63    1    1    1    1    1    1    1    1  4.97079E+14 0.00446 
   64   64    1    1    1    1    1    1    1    1  3.93384E+14 0.00444 
   65   65    1    1    1    1    1    1    1    1  3.89084E+14 0.00430 
   66   66    1    1    1    1    1    1    1    1  2.79912E+14 0.00461 
   67   67    1    1    1    1    1    1    1    1  2.30229E+14 0.00463 
   68   68    1    1    1    1    1    1    1    1  2.07188E+14 0.00515 
   69   69    1    1    1    1    1    1    1    1  2.48494E+14 0.00516 
   70   70    1    1    1    1    1    1    1    1  2.12100E+14 0.00481 
   71   71    1    1    1    1    1    1    1    1  3.94088E+14 0.00508 
   72   72    1    1    1    1    1    1    1    1  2.80173E+14 0.00379 
   73   73    1    1    1    1    1    1    1    1  2.09696E+14 0.00471 
   74   74    1    1    1    1    1    1    1    1  1.63949E+14 0.00490 
   75   75    1    1    1    1    1    1    1    1  1.32396E+14 0.00528 
   76   76    1    1    1    1    1    1    1    1  1.50617E+14 0.00472 
   77   77    1    1    1    1    1    1    1    1  1.15189E+14 0.00564 
   78   78    1    1    1    1    1    1    1    1  9.00101E+13 0.00568 
   79   79    1    1    1    1    1    1    1    1  9.14691E+13 0.00556 
   80   80    1    1    1    1    1    1    1    1  6.68115E+13 0.00503 
   81   81    1    1    1    1    1    1    1    1  5.18486E+13 0.00629 
   82   82    1    1    1    1    1    1    1    1  3.92050E+13 0.00619 
   83   83    1    1    1    1    1    1    1    1  3.66157E+13 0.00623 
   84   84    1    1    1    1    1    1    1    1  2.62910E+13 0.00850 
   85   85    1    1    1    1    1    1    1    1  1.90400E+13 0.00656 
   86   86    1    1    1    1    1    1    1    1  1.77555E+13 0.00637 
   87   87    1    1    1    1    1    1    1    1  1.11732E+13 0.00941 
   88   88    1    1    1    1    1    1    1    1  7.62487E+12 0.01131 
   89   89    1    1    1    1    1    1    1    1  4.16902E+12 0.01002 
   90   90    1    1    1    1    1    1    1    1  2.83049E+12 0.02069 
   91   91    1    1    1    1    1    1    1    1  1.39417E+12 0.02511 
   92   92    1    1    1    1    1    1    1    1  7.20482E+11 0.03206 
   93   93    1    1    1    1    1    1    1    1  3.34011E+11 0.05652 
   94   94    1    1    1    1    1    1    1    1  1.72682E+11 0.06826 
   95   95    1    1    1    1    1    1    1    1  7.78682E+10 0.09247 
   96   96    1    1    1    1    1    1    1    1  4.53174E+10 0.15478 
   97   97    1    1    1    1    1    1    1    1  1.46430E+10 0.19534 
   98   98    1    1    1    1    1    1    1    1  1.42121E+10 0.26545 
   99   99    1    1    1    1    1    1    1    1  5.62414E+09 0.31600 
  100  100    1    1    1    1    1    1    1    1  6.53772E+09 0.46329 
];


