
DETdpaspec = [
    1    1    1    1    1    1    1    1    1    1  0.00000E+00 0.00000 
    2    2    1    1    1    1    1    1    1    1  0.00000E+00 0.00000 
    3    3    1    1    1    1    1    1    1    1  0.00000E+00 0.00000 
    4    4    1    1    1    1    1    1    1    1  0.00000E+00 0.00000 
    5    5    1    1    1    1    1    1    1    1  0.00000E+00 0.00000 
    6    6    1    1    1    1    1    1    1    1  0.00000E+00 0.00000 
    7    7    1    1    1    1    1    1    1    1  0.00000E+00 0.00000 
    8    8    1    1    1    1    1    1    1    1  2.08060E+07 1.00000 
    9    9    1    1    1    1    1    1    1    1  5.91953E+07 0.81977 
   10   10    1    1    1    1    1    1    1    1  0.00000E+00 0.00000 
   11   11    1    1    1    1    1    1    1    1  1.25537E+08 0.69641 
   12   12    1    1    1    1    1    1    1    1  2.16852E+07 1.00000 
   13   13    1    1    1    1    1    1    1    1  2.09874E+09 0.41015 
   14   14    1    1    1    1    1    1    1    1  8.47811E+09 0.30356 
   15   15    1    1    1    1    1    1    1    1  5.84226E+09 0.33261 
   16   16    1    1    1    1    1    1    1    1  1.35888E+09 0.26680 
   17   17    1    1    1    1    1    1    1    1  4.01331E+09 0.25300 
   18   18    1    1    1    1    1    1    1    1  1.22941E+10 0.22477 
   19   19    1    1    1    1    1    1    1    1  1.43983E+10 0.15353 
   20   20    1    1    1    1    1    1    1    1  3.64014E+10 0.16513 
   21   21    1    1    1    1    1    1    1    1  3.43184E+10 0.11726 
   22   22    1    1    1    1    1    1    1    1  6.97500E+10 0.07185 
   23   23    1    1    1    1    1    1    1    1  1.09715E+11 0.04959 
   24   24    1    1    1    1    1    1    1    1  1.65048E+11 0.04929 
   25   25    1    1    1    1    1    1    1    1  2.12549E+11 0.05833 
   26   26    1    1    1    1    1    1    1    1  3.33841E+11 0.04324 
   27   27    1    1    1    1    1    1    1    1  6.10746E+11 0.02889 
   28   28    1    1    1    1    1    1    1    1  1.15425E+12 0.02492 
   29   29    1    1    1    1    1    1    1    1  1.67183E+12 0.02399 
   30   30    1    1    1    1    1    1    1    1  5.04305E+12 0.01466 
   31   31    1    1    1    1    1    1    1    1  1.56715E+13 0.00902 
   32   32    1    1    1    1    1    1    1    1  2.93933E+13 0.00715 
   33   33    1    1    1    1    1    1    1    1  6.75876E+13 0.00374 
   34   34    1    1    1    1    1    1    1    1  9.19532E+13 0.00242 
   35   35    1    1    1    1    1    1    1    1  1.29078E+14 0.00274 
   36   36    1    1    1    1    1    1    1    1  9.07689E+13 0.00222 
   37   37    1    1    1    1    1    1    1    1  2.84479E+13 0.00266 
   38   38    1    1    1    1    1    1    1    1  1.55610E+14 0.00241 
   39   39    1    1    1    1    1    1    1    1  2.08949E+14 0.00192 
   40   40    1    1    1    1    1    1    1    1  3.54622E+14 0.00145 
   41   41    1    1    1    1    1    1    1    1  3.65505E+14 0.00169 
   42   42    1    1    1    1    1    1    1    1  7.61442E+14 0.00147 
   43   43    1    1    1    1    1    1    1    1  9.16057E+14 0.00141 
   44   44    1    1    1    1    1    1    1    1  1.31503E+15 0.00143 
   45   45    1    1    1    1    1    1    1    1  2.56599E+15 0.00118 
   46   46    1    1    1    1    1    1    1    1  1.21589E+15 0.00137 
   47   47    1    1    1    1    1    1    1    1  1.96708E+15 0.00144 
   48   48    1    1    1    1    1    1    1    1  2.73724E+15 0.00142 
   49   49    1    1    1    1    1    1    1    1  2.71362E+15 0.00135 
   50   50    1    1    1    1    1    1    1    1  4.17130E+15 0.00136 
   51   51    1    1    1    1    1    1    1    1  3.36639E+15 0.00137 
   52   52    1    1    1    1    1    1    1    1  3.92350E+15 0.00113 
   53   53    1    1    1    1    1    1    1    1  2.74024E+15 0.00130 
   54   54    1    1    1    1    1    1    1    1  3.29187E+15 0.00141 
   55   55    1    1    1    1    1    1    1    1  2.27436E+15 0.00149 
   56   56    1    1    1    1    1    1    1    1  3.10783E+14 0.00139 
   57   57    1    1    1    1    1    1    1    1  4.51843E+15 0.00129 
   58   58    1    1    1    1    1    1    1    1  1.96601E+15 0.00118 
   59   59    1    1    1    1    1    1    1    1  2.10368E+15 0.00155 
   60   60    1    1    1    1    1    1    1    1  1.61112E+15 0.00141 
   61   61    1    1    1    1    1    1    1    1  1.62045E+15 0.00122 
   62   62    1    1    1    1    1    1    1    1  1.68151E+15 0.00142 
   63   63    1    1    1    1    1    1    1    1  1.40789E+15 0.00129 
   64   64    1    1    1    1    1    1    1    1  1.11746E+15 0.00165 
   65   65    1    1    1    1    1    1    1    1  1.10798E+15 0.00167 
   66   66    1    1    1    1    1    1    1    1  8.00472E+14 0.00134 
   67   67    1    1    1    1    1    1    1    1  6.55895E+14 0.00125 
   68   68    1    1    1    1    1    1    1    1  5.89379E+14 0.00130 
   69   69    1    1    1    1    1    1    1    1  7.05992E+14 0.00167 
   70   70    1    1    1    1    1    1    1    1  6.02507E+14 0.00172 
   71   71    1    1    1    1    1    1    1    1  1.11225E+15 0.00147 
   72   72    1    1    1    1    1    1    1    1  7.89005E+14 0.00163 
   73   73    1    1    1    1    1    1    1    1  5.93284E+14 0.00189 
   74   74    1    1    1    1    1    1    1    1  4.69765E+14 0.00183 
   75   75    1    1    1    1    1    1    1    1  3.84385E+14 0.00188 
   76   76    1    1    1    1    1    1    1    1  4.40044E+14 0.00221 
   77   77    1    1    1    1    1    1    1    1  3.43247E+14 0.00178 
   78   78    1    1    1    1    1    1    1    1  2.70792E+14 0.00232 
   79   79    1    1    1    1    1    1    1    1  2.76847E+14 0.00211 
   80   80    1    1    1    1    1    1    1    1  2.03863E+14 0.00201 
   81   81    1    1    1    1    1    1    1    1  1.56957E+14 0.00285 
   82   82    1    1    1    1    1    1    1    1  1.20178E+14 0.00212 
   83   83    1    1    1    1    1    1    1    1  1.11794E+14 0.00331 
   84   84    1    1    1    1    1    1    1    1  8.05955E+13 0.00367 
   85   85    1    1    1    1    1    1    1    1  5.79742E+13 0.00404 
   86   86    1    1    1    1    1    1    1    1  5.41858E+13 0.00371 
   87   87    1    1    1    1    1    1    1    1  3.39497E+13 0.00537 
   88   88    1    1    1    1    1    1    1    1  2.26427E+13 0.00481 
   89   89    1    1    1    1    1    1    1    1  1.31000E+13 0.00779 
   90   90    1    1    1    1    1    1    1    1  8.87370E+12 0.01007 
   91   91    1    1    1    1    1    1    1    1  4.31789E+12 0.01393 
   92   92    1    1    1    1    1    1    1    1  2.09192E+12 0.02106 
   93   93    1    1    1    1    1    1    1    1  1.04802E+12 0.02934 
   94   94    1    1    1    1    1    1    1    1  4.92035E+11 0.04383 
   95   95    1    1    1    1    1    1    1    1  2.35132E+11 0.04722 
   96   96    1    1    1    1    1    1    1    1  1.14723E+11 0.08003 
   97   97    1    1    1    1    1    1    1    1  5.73595E+10 0.12243 
   98   98    1    1    1    1    1    1    1    1  3.11042E+10 0.15454 
   99   99    1    1    1    1    1    1    1    1  1.00702E+10 0.41916 
  100  100    1    1    1    1    1    1    1    1  1.15858E+10 0.35195 
];


