
DETdpaspec = [
    1    1    1    1    1    1    1    1    1    1  0.00000E+00 0.00000 
    2    2    1    1    1    1    1    1    1    1  0.00000E+00 0.00000 
    3    3    1    1    1    1    1    1    1    1  0.00000E+00 0.00000 
    4    4    1    1    1    1    1    1    1    1  0.00000E+00 0.00000 
    5    5    1    1    1    1    1    1    1    1  0.00000E+00 0.00000 
    6    6    1    1    1    1    1    1    1    1  0.00000E+00 0.00000 
    7    7    1    1    1    1    1    1    1    1  0.00000E+00 0.00000 
    8    8    1    1    1    1    1    1    1    1  0.00000E+00 0.00000 
    9    9    1    1    1    1    1    1    1    1  1.01953E+07 1.00000 
   10   10    1    1    1    1    1    1    1    1  2.64966E+08 0.59205 
   11   11    1    1    1    1    1    1    1    1  2.19061E+08 0.78724 
   12   12    1    1    1    1    1    1    1    1  1.22708E+07 0.86665 
   13   13    1    1    1    1    1    1    1    1  1.21747E+09 0.48214 
   14   14    1    1    1    1    1    1    1    1  6.36755E+09 0.42017 
   15   15    1    1    1    1    1    1    1    1  3.53451E+09 0.48075 
   16   16    1    1    1    1    1    1    1    1  1.30513E+09 0.34338 
   17   17    1    1    1    1    1    1    1    1  2.15339E+09 0.21950 
   18   18    1    1    1    1    1    1    1    1  9.55145E+09 0.19238 
   19   19    1    1    1    1    1    1    1    1  1.37335E+10 0.16164 
   20   20    1    1    1    1    1    1    1    1  3.86720E+10 0.11347 
   21   21    1    1    1    1    1    1    1    1  2.56629E+10 0.08743 
   22   22    1    1    1    1    1    1    1    1  6.44967E+10 0.06647 
   23   23    1    1    1    1    1    1    1    1  1.03428E+11 0.05483 
   24   24    1    1    1    1    1    1    1    1  1.56471E+11 0.06650 
   25   25    1    1    1    1    1    1    1    1  1.88729E+11 0.06143 
   26   26    1    1    1    1    1    1    1    1  2.94719E+11 0.03676 
   27   27    1    1    1    1    1    1    1    1  5.22861E+11 0.02604 
   28   28    1    1    1    1    1    1    1    1  1.01742E+12 0.02567 
   29   29    1    1    1    1    1    1    1    1  1.41834E+12 0.01924 
   30   30    1    1    1    1    1    1    1    1  4.46615E+12 0.01881 
   31   31    1    1    1    1    1    1    1    1  1.35963E+13 0.00766 
   32   32    1    1    1    1    1    1    1    1  2.56619E+13 0.00612 
   33   33    1    1    1    1    1    1    1    1  5.80850E+13 0.00439 
   34   34    1    1    1    1    1    1    1    1  7.78903E+13 0.00412 
   35   35    1    1    1    1    1    1    1    1  1.11147E+14 0.00262 
   36   36    1    1    1    1    1    1    1    1  7.83171E+13 0.00298 
   37   37    1    1    1    1    1    1    1    1  2.46911E+13 0.00235 
   38   38    1    1    1    1    1    1    1    1  1.34298E+14 0.00234 
   39   39    1    1    1    1    1    1    1    1  1.80065E+14 0.00254 
   40   40    1    1    1    1    1    1    1    1  3.03034E+14 0.00221 
   41   41    1    1    1    1    1    1    1    1  3.13507E+14 0.00195 
   42   42    1    1    1    1    1    1    1    1  6.48801E+14 0.00162 
   43   43    1    1    1    1    1    1    1    1  7.77937E+14 0.00162 
   44   44    1    1    1    1    1    1    1    1  1.11239E+15 0.00164 
   45   45    1    1    1    1    1    1    1    1  2.15504E+15 0.00138 
   46   46    1    1    1    1    1    1    1    1  1.01971E+15 0.00139 
   47   47    1    1    1    1    1    1    1    1  1.64629E+15 0.00136 
   48   48    1    1    1    1    1    1    1    1  2.28896E+15 0.00156 
   49   49    1    1    1    1    1    1    1    1  2.26450E+15 0.00161 
   50   50    1    1    1    1    1    1    1    1  3.46247E+15 0.00134 
   51   51    1    1    1    1    1    1    1    1  2.79728E+15 0.00132 
   52   52    1    1    1    1    1    1    1    1  3.23915E+15 0.00158 
   53   53    1    1    1    1    1    1    1    1  2.25947E+15 0.00172 
   54   54    1    1    1    1    1    1    1    1  2.70240E+15 0.00150 
   55   55    1    1    1    1    1    1    1    1  1.86529E+15 0.00151 
   56   56    1    1    1    1    1    1    1    1  2.56087E+14 0.00239 
   57   57    1    1    1    1    1    1    1    1  3.70632E+15 0.00174 
   58   58    1    1    1    1    1    1    1    1  1.60207E+15 0.00164 
   59   59    1    1    1    1    1    1    1    1  1.71442E+15 0.00179 
   60   60    1    1    1    1    1    1    1    1  1.30873E+15 0.00184 
   61   61    1    1    1    1    1    1    1    1  1.31557E+15 0.00193 
   62   62    1    1    1    1    1    1    1    1  1.36093E+15 0.00194 
   63   63    1    1    1    1    1    1    1    1  1.13896E+15 0.00144 
   64   64    1    1    1    1    1    1    1    1  9.02467E+14 0.00189 
   65   65    1    1    1    1    1    1    1    1  8.94596E+14 0.00158 
   66   66    1    1    1    1    1    1    1    1  6.43873E+14 0.00166 
   67   67    1    1    1    1    1    1    1    1  5.28135E+14 0.00188 
   68   68    1    1    1    1    1    1    1    1  4.75758E+14 0.00194 
   69   69    1    1    1    1    1    1    1    1  5.70403E+14 0.00167 
   70   70    1    1    1    1    1    1    1    1  4.85453E+14 0.00195 
   71   71    1    1    1    1    1    1    1    1  8.98143E+14 0.00193 
   72   72    1    1    1    1    1    1    1    1  6.39386E+14 0.00155 
   73   73    1    1    1    1    1    1    1    1  4.78590E+14 0.00218 
   74   74    1    1    1    1    1    1    1    1  3.78490E+14 0.00193 
   75   75    1    1    1    1    1    1    1    1  3.08808E+14 0.00208 
   76   76    1    1    1    1    1    1    1    1  3.51449E+14 0.00206 
   77   77    1    1    1    1    1    1    1    1  2.73258E+14 0.00191 
   78   78    1    1    1    1    1    1    1    1  2.14752E+14 0.00243 
   79   79    1    1    1    1    1    1    1    1  2.19840E+14 0.00266 
   80   80    1    1    1    1    1    1    1    1  1.61416E+14 0.00254 
   81   81    1    1    1    1    1    1    1    1  1.23695E+14 0.00236 
   82   82    1    1    1    1    1    1    1    1  9.55089E+13 0.00335 
   83   83    1    1    1    1    1    1    1    1  8.89304E+13 0.00336 
   84   84    1    1    1    1    1    1    1    1  6.37917E+13 0.00398 
   85   85    1    1    1    1    1    1    1    1  4.58381E+13 0.00637 
   86   86    1    1    1    1    1    1    1    1  4.33347E+13 0.00596 
   87   87    1    1    1    1    1    1    1    1  2.67286E+13 0.00499 
   88   88    1    1    1    1    1    1    1    1  1.77742E+13 0.00647 
   89   89    1    1    1    1    1    1    1    1  1.03357E+13 0.01040 
   90   90    1    1    1    1    1    1    1    1  6.84133E+12 0.01031 
   91   91    1    1    1    1    1    1    1    1  3.51648E+12 0.01368 
   92   92    1    1    1    1    1    1    1    1  1.69707E+12 0.02321 
   93   93    1    1    1    1    1    1    1    1  8.25795E+11 0.03774 
   94   94    1    1    1    1    1    1    1    1  3.78187E+11 0.04781 
   95   95    1    1    1    1    1    1    1    1  2.06354E+11 0.05739 
   96   96    1    1    1    1    1    1    1    1  8.73768E+10 0.10248 
   97   97    1    1    1    1    1    1    1    1  4.35354E+10 0.18956 
   98   98    1    1    1    1    1    1    1    1  2.79197E+10 0.15495 
   99   99    1    1    1    1    1    1    1    1  1.30114E+10 0.36983 
  100  100    1    1    1    1    1    1    1    1  6.67084E+09 0.40615 
];


