
DETdpaspec = [
    1    1    1    1    1    1    1    1    1    1  0.00000E+00 0.00000 
    2    2    1    1    1    1    1    1    1    1  0.00000E+00 0.00000 
    3    3    1    1    1    1    1    1    1    1  7.40554E+06 1.00000 
    4    4    1    1    1    1    1    1    1    1  0.00000E+00 0.00000 
    5    5    1    1    1    1    1    1    1    1  0.00000E+00 0.00000 
    6    6    1    1    1    1    1    1    1    1  0.00000E+00 0.00000 
    7    7    1    1    1    1    1    1    1    1  0.00000E+00 0.00000 
    8    8    1    1    1    1    1    1    1    1  0.00000E+00 0.00000 
    9    9    1    1    1    1    1    1    1    1  0.00000E+00 0.00000 
   10   10    1    1    1    1    1    1    1    1  2.49862E+08 0.53057 
   11   11    1    1    1    1    1    1    1    1  1.71142E+08 0.69986 
   12   12    1    1    1    1    1    1    1    1  7.46095E+07 0.93157 
   13   13    1    1    1    1    1    1    1    1  1.02699E+09 0.34064 
   14   14    1    1    1    1    1    1    1    1  5.19152E+09 0.27723 
   15   15    1    1    1    1    1    1    1    1  5.57832E+09 0.32579 
   16   16    1    1    1    1    1    1    1    1  2.50093E+09 0.31231 
   17   17    1    1    1    1    1    1    1    1  2.01047E+09 0.30934 
   18   18    1    1    1    1    1    1    1    1  7.00950E+09 0.23885 
   19   19    1    1    1    1    1    1    1    1  6.37271E+09 0.16881 
   20   20    1    1    1    1    1    1    1    1  2.91664E+10 0.16390 
   21   21    1    1    1    1    1    1    1    1  2.05333E+10 0.12586 
   22   22    1    1    1    1    1    1    1    1  5.41195E+10 0.08595 
   23   23    1    1    1    1    1    1    1    1  7.47751E+10 0.07025 
   24   24    1    1    1    1    1    1    1    1  1.34505E+11 0.06319 
   25   25    1    1    1    1    1    1    1    1  1.80603E+11 0.06997 
   26   26    1    1    1    1    1    1    1    1  2.73282E+11 0.05506 
   27   27    1    1    1    1    1    1    1    1  4.75132E+11 0.04232 
   28   28    1    1    1    1    1    1    1    1  8.56980E+11 0.03681 
   29   29    1    1    1    1    1    1    1    1  1.17662E+12 0.01992 
   30   30    1    1    1    1    1    1    1    1  3.70622E+12 0.01841 
   31   31    1    1    1    1    1    1    1    1  1.10586E+13 0.00910 
   32   32    1    1    1    1    1    1    1    1  2.08338E+13 0.00678 
   33   33    1    1    1    1    1    1    1    1  4.61853E+13 0.00448 
   34   34    1    1    1    1    1    1    1    1  6.14239E+13 0.00469 
   35   35    1    1    1    1    1    1    1    1  8.83731E+13 0.00335 
   36   36    1    1    1    1    1    1    1    1  6.21029E+13 0.00291 
   37   37    1    1    1    1    1    1    1    1  1.96610E+13 0.00256 
   38   38    1    1    1    1    1    1    1    1  1.06008E+14 0.00196 
   39   39    1    1    1    1    1    1    1    1  1.41717E+14 0.00215 
   40   40    1    1    1    1    1    1    1    1  2.37062E+14 0.00174 
   41   41    1    1    1    1    1    1    1    1  2.45936E+14 0.00184 
   42   42    1    1    1    1    1    1    1    1  5.05473E+14 0.00212 
   43   43    1    1    1    1    1    1    1    1  6.04740E+14 0.00164 
   44   44    1    1    1    1    1    1    1    1  8.58712E+14 0.00181 
   45   45    1    1    1    1    1    1    1    1  1.64849E+15 0.00175 
   46   46    1    1    1    1    1    1    1    1  7.79367E+14 0.00177 
   47   47    1    1    1    1    1    1    1    1  1.25980E+15 0.00156 
   48   48    1    1    1    1    1    1    1    1  1.74547E+15 0.00166 
   49   49    1    1    1    1    1    1    1    1  1.72255E+15 0.00138 
   50   50    1    1    1    1    1    1    1    1  2.61882E+15 0.00139 
   51   51    1    1    1    1    1    1    1    1  2.11613E+15 0.00141 
   52   52    1    1    1    1    1    1    1    1  2.43545E+15 0.00164 
   53   53    1    1    1    1    1    1    1    1  1.69448E+15 0.00131 
   54   54    1    1    1    1    1    1    1    1  2.01221E+15 0.00160 
   55   55    1    1    1    1    1    1    1    1  1.39090E+15 0.00146 
   56   56    1    1    1    1    1    1    1    1  1.90832E+14 0.00184 
   57   57    1    1    1    1    1    1    1    1  2.76203E+15 0.00138 
   58   58    1    1    1    1    1    1    1    1  1.18376E+15 0.00137 
   59   59    1    1    1    1    1    1    1    1  1.26809E+15 0.00158 
   60   60    1    1    1    1    1    1    1    1  9.61582E+14 0.00139 
   61   61    1    1    1    1    1    1    1    1  9.67136E+14 0.00166 
   62   62    1    1    1    1    1    1    1    1  1.00140E+15 0.00190 
   63   63    1    1    1    1    1    1    1    1  8.33589E+14 0.00154 
   64   64    1    1    1    1    1    1    1    1  6.61252E+14 0.00145 
   65   65    1    1    1    1    1    1    1    1  6.53809E+14 0.00212 
   66   66    1    1    1    1    1    1    1    1  4.70596E+14 0.00151 
   67   67    1    1    1    1    1    1    1    1  3.86620E+14 0.00212 
   68   68    1    1    1    1    1    1    1    1  3.48084E+14 0.00220 
   69   69    1    1    1    1    1    1    1    1  4.17520E+14 0.00206 
   70   70    1    1    1    1    1    1    1    1  3.54901E+14 0.00257 
   71   71    1    1    1    1    1    1    1    1  6.58209E+14 0.00204 
   72   72    1    1    1    1    1    1    1    1  4.67489E+14 0.00214 
   73   73    1    1    1    1    1    1    1    1  3.50799E+14 0.00248 
   74   74    1    1    1    1    1    1    1    1  2.76529E+14 0.00253 
   75   75    1    1    1    1    1    1    1    1  2.24518E+14 0.00246 
   76   76    1    1    1    1    1    1    1    1  2.56050E+14 0.00233 
   77   77    1    1    1    1    1    1    1    1  1.97473E+14 0.00245 
   78   78    1    1    1    1    1    1    1    1  1.54736E+14 0.00244 
   79   79    1    1    1    1    1    1    1    1  1.57651E+14 0.00305 
   80   80    1    1    1    1    1    1    1    1  1.16223E+14 0.00268 
   81   81    1    1    1    1    1    1    1    1  8.89605E+13 0.00441 
   82   82    1    1    1    1    1    1    1    1  6.82557E+13 0.00357 
   83   83    1    1    1    1    1    1    1    1  6.34440E+13 0.00489 
   84   84    1    1    1    1    1    1    1    1  4.56493E+13 0.00449 
   85   85    1    1    1    1    1    1    1    1  3.29897E+13 0.00486 
   86   86    1    1    1    1    1    1    1    1  3.06032E+13 0.00459 
   87   87    1    1    1    1    1    1    1    1  1.91384E+13 0.00484 
   88   88    1    1    1    1    1    1    1    1  1.29221E+13 0.00833 
   89   89    1    1    1    1    1    1    1    1  7.35068E+12 0.01025 
   90   90    1    1    1    1    1    1    1    1  4.96012E+12 0.01331 
   91   91    1    1    1    1    1    1    1    1  2.57234E+12 0.01667 
   92   92    1    1    1    1    1    1    1    1  1.24719E+12 0.02453 
   93   93    1    1    1    1    1    1    1    1  5.69998E+11 0.03842 
   94   94    1    1    1    1    1    1    1    1  2.78883E+11 0.05561 
   95   95    1    1    1    1    1    1    1    1  1.28680E+11 0.06647 
   96   96    1    1    1    1    1    1    1    1  7.12782E+10 0.07903 
   97   97    1    1    1    1    1    1    1    1  2.87584E+10 0.14755 
   98   98    1    1    1    1    1    1    1    1  1.29413E+10 0.19410 
   99   99    1    1    1    1    1    1    1    1  5.28220E+09 0.53019 
  100  100    1    1    1    1    1    1    1    1  3.35010E+09 0.43916 
];


