
DETdpaspec = [
    1    1    1    1    1    1    1    1    1    1  0.00000E+00 0.00000 
    2    2    1    1    1    1    1    1    1    1  0.00000E+00 0.00000 
    3    3    1    1    1    1    1    1    1    1  0.00000E+00 0.00000 
    4    4    1    1    1    1    1    1    1    1  0.00000E+00 0.00000 
    5    5    1    1    1    1    1    1    1    1  1.20399E+07 1.00000 
    6    6    1    1    1    1    1    1    1    1  0.00000E+00 0.00000 
    7    7    1    1    1    1    1    1    1    1  0.00000E+00 0.00000 
    8    8    1    1    1    1    1    1    1    1  0.00000E+00 0.00000 
    9    9    1    1    1    1    1    1    1    1  0.00000E+00 0.00000 
   10   10    1    1    1    1    1    1    1    1  2.28629E+08 0.77255 
   11   11    1    1    1    1    1    1    1    1  0.00000E+00 0.00000 
   12   12    1    1    1    1    1    1    1    1  2.23350E+08 0.65493 
   13   13    1    1    1    1    1    1    1    1  2.91490E+08 0.69094 
   14   14    1    1    1    1    1    1    1    1  4.53458E+09 0.50256 
   15   15    1    1    1    1    1    1    1    1  8.63813E+09 0.34264 
   16   16    1    1    1    1    1    1    1    1  2.39396E+09 0.35934 
   17   17    1    1    1    1    1    1    1    1  3.91311E+09 0.33489 
   18   18    1    1    1    1    1    1    1    1  1.17316E+10 0.24598 
   19   19    1    1    1    1    1    1    1    1  1.27032E+10 0.15015 
   20   20    1    1    1    1    1    1    1    1  4.77347E+10 0.12464 
   21   21    1    1    1    1    1    1    1    1  3.20256E+10 0.09717 
   22   22    1    1    1    1    1    1    1    1  7.14154E+10 0.09412 
   23   23    1    1    1    1    1    1    1    1  1.16337E+11 0.05511 
   24   24    1    1    1    1    1    1    1    1  1.99215E+11 0.06213 
   25   25    1    1    1    1    1    1    1    1  2.38919E+11 0.04853 
   26   26    1    1    1    1    1    1    1    1  3.85180E+11 0.04581 
   27   27    1    1    1    1    1    1    1    1  6.31987E+11 0.03777 
   28   28    1    1    1    1    1    1    1    1  1.20863E+12 0.02446 
   29   29    1    1    1    1    1    1    1    1  1.83650E+12 0.01912 
   30   30    1    1    1    1    1    1    1    1  5.60128E+12 0.01110 
   31   31    1    1    1    1    1    1    1    1  1.74998E+13 0.00512 
   32   32    1    1    1    1    1    1    1    1  3.30225E+13 0.00492 
   33   33    1    1    1    1    1    1    1    1  7.62991E+13 0.00298 
   34   34    1    1    1    1    1    1    1    1  1.05104E+14 0.00251 
   35   35    1    1    1    1    1    1    1    1  1.45814E+14 0.00260 
   36   36    1    1    1    1    1    1    1    1  1.01858E+14 0.00189 
   37   37    1    1    1    1    1    1    1    1  3.17698E+13 0.00183 
   38   38    1    1    1    1    1    1    1    1  1.74594E+14 0.00187 
   39   39    1    1    1    1    1    1    1    1  2.34967E+14 0.00099 
   40   40    1    1    1    1    1    1    1    1  4.00802E+14 0.00118 
   41   41    1    1    1    1    1    1    1    1  4.11371E+14 0.00131 
   42   42    1    1    1    1    1    1    1    1  8.62874E+14 0.00137 
   43   43    1    1    1    1    1    1    1    1  1.04085E+15 0.00121 
   44   44    1    1    1    1    1    1    1    1  1.49969E+15 0.00104 
   45   45    1    1    1    1    1    1    1    1  2.94548E+15 0.00102 
   46   46    1    1    1    1    1    1    1    1  1.39608E+15 0.00113 
   47   47    1    1    1    1    1    1    1    1  2.25502E+15 0.00105 
   48   48    1    1    1    1    1    1    1    1  3.15134E+15 0.00117 
   49   49    1    1    1    1    1    1    1    1  3.12214E+15 0.00100 
   50   50    1    1    1    1    1    1    1    1  4.82491E+15 0.00113 
   51   51    1    1    1    1    1    1    1    1  3.88745E+15 0.00107 
   52   52    1    1    1    1    1    1    1    1  4.55520E+15 0.00119 
   53   53    1    1    1    1    1    1    1    1  3.18306E+15 0.00137 
   54   54    1    1    1    1    1    1    1    1  3.84124E+15 0.00142 
   55   55    1    1    1    1    1    1    1    1  2.65741E+15 0.00130 
   56   56    1    1    1    1    1    1    1    1  3.62543E+14 0.00138 
   57   57    1    1    1    1    1    1    1    1  5.28507E+15 0.00133 
   58   58    1    1    1    1    1    1    1    1  2.31580E+15 0.00136 
   59   59    1    1    1    1    1    1    1    1  2.47651E+15 0.00143 
   60   60    1    1    1    1    1    1    1    1  1.90604E+15 0.00125 
   61   61    1    1    1    1    1    1    1    1  1.91440E+15 0.00116 
   62   62    1    1    1    1    1    1    1    1  1.98639E+15 0.00140 
   63   63    1    1    1    1    1    1    1    1  1.66596E+15 0.00138 
   64   64    1    1    1    1    1    1    1    1  1.32504E+15 0.00160 
   65   65    1    1    1    1    1    1    1    1  1.31480E+15 0.00128 
   66   66    1    1    1    1    1    1    1    1  9.49560E+14 0.00127 
   67   67    1    1    1    1    1    1    1    1  7.77892E+14 0.00161 
   68   68    1    1    1    1    1    1    1    1  6.99371E+14 0.00173 
   69   69    1    1    1    1    1    1    1    1  8.40353E+14 0.00148 
   70   70    1    1    1    1    1    1    1    1  7.14867E+14 0.00133 
   71   71    1    1    1    1    1    1    1    1  1.31560E+15 0.00128 
   72   72    1    1    1    1    1    1    1    1  9.32775E+14 0.00180 
   73   73    1    1    1    1    1    1    1    1  7.01480E+14 0.00199 
   74   74    1    1    1    1    1    1    1    1  5.59379E+14 0.00213 
   75   75    1    1    1    1    1    1    1    1  4.58434E+14 0.00199 
   76   76    1    1    1    1    1    1    1    1  5.28063E+14 0.00183 
   77   77    1    1    1    1    1    1    1    1  4.11964E+14 0.00157 
   78   78    1    1    1    1    1    1    1    1  3.25101E+14 0.00198 
   79   79    1    1    1    1    1    1    1    1  3.33576E+14 0.00240 
   80   80    1    1    1    1    1    1    1    1  2.46306E+14 0.00190 
   81   81    1    1    1    1    1    1    1    1  1.89165E+14 0.00209 
   82   82    1    1    1    1    1    1    1    1  1.44891E+14 0.00341 
   83   83    1    1    1    1    1    1    1    1  1.35872E+14 0.00231 
   84   84    1    1    1    1    1    1    1    1  9.75111E+13 0.00332 
   85   85    1    1    1    1    1    1    1    1  7.06004E+13 0.00398 
   86   86    1    1    1    1    1    1    1    1  6.63285E+13 0.00352 
   87   87    1    1    1    1    1    1    1    1  4.09951E+13 0.00562 
   88   88    1    1    1    1    1    1    1    1  2.75394E+13 0.00759 
   89   89    1    1    1    1    1    1    1    1  1.57767E+13 0.00798 
   90   90    1    1    1    1    1    1    1    1  1.04958E+13 0.00919 
   91   91    1    1    1    1    1    1    1    1  5.41526E+12 0.01602 
   92   92    1    1    1    1    1    1    1    1  2.66899E+12 0.01460 
   93   93    1    1    1    1    1    1    1    1  1.27915E+12 0.02489 
   94   94    1    1    1    1    1    1    1    1  5.99441E+11 0.04446 
   95   95    1    1    1    1    1    1    1    1  3.23081E+11 0.04501 
   96   96    1    1    1    1    1    1    1    1  1.31869E+11 0.08722 
   97   97    1    1    1    1    1    1    1    1  7.04565E+10 0.11243 
   98   98    1    1    1    1    1    1    1    1  3.96928E+10 0.16010 
   99   99    1    1    1    1    1    1    1    1  1.57282E+10 0.19921 
  100  100    1    1    1    1    1    1    1    1  1.28105E+10 0.28367 
];


