
DETdpaspec = [
    1    1    1    1    1    1    1    1    1    1  0.00000E+00 0.00000 
    2    2    1    1    1    1    1    1    1    1  0.00000E+00 0.00000 
    3    3    1    1    1    1    1    1    1    1  0.00000E+00 0.00000 
    4    4    1    1    1    1    1    1    1    1  0.00000E+00 0.00000 
    5    5    1    1    1    1    1    1    1    1  0.00000E+00 0.00000 
    6    6    1    1    1    1    1    1    1    1  0.00000E+00 0.00000 
    7    7    1    1    1    1    1    1    1    1  0.00000E+00 0.00000 
    8    8    1    1    1    1    1    1    1    1  0.00000E+00 0.00000 
    9    9    1    1    1    1    1    1    1    1  0.00000E+00 0.00000 
   10   10    1    1    1    1    1    1    1    1  0.00000E+00 0.00000 
   11   11    1    1    1    1    1    1    1    1  0.00000E+00 0.00000 
   12   12    1    1    1    1    1    1    1    1  3.90354E+07 0.90097 
   13   13    1    1    1    1    1    1    1    1  1.36304E+09 0.46639 
   14   14    1    1    1    1    1    1    1    1  9.10964E+09 0.26255 
   15   15    1    1    1    1    1    1    1    1  8.05226E+09 0.28652 
   16   16    1    1    1    1    1    1    1    1  1.89926E+09 0.36149 
   17   17    1    1    1    1    1    1    1    1  3.42821E+09 0.26516 
   18   18    1    1    1    1    1    1    1    1  1.37623E+10 0.29290 
   19   19    1    1    1    1    1    1    1    1  1.24980E+10 0.17026 
   20   20    1    1    1    1    1    1    1    1  4.65952E+10 0.14077 
   21   21    1    1    1    1    1    1    1    1  3.86510E+10 0.11961 
   22   22    1    1    1    1    1    1    1    1  7.89414E+10 0.07072 
   23   23    1    1    1    1    1    1    1    1  1.20517E+11 0.06475 
   24   24    1    1    1    1    1    1    1    1  2.08642E+11 0.05126 
   25   25    1    1    1    1    1    1    1    1  2.43212E+11 0.03498 
   26   26    1    1    1    1    1    1    1    1  3.74701E+11 0.03500 
   27   27    1    1    1    1    1    1    1    1  7.10254E+11 0.02496 
   28   28    1    1    1    1    1    1    1    1  1.63777E+12 0.01938 
   29   29    1    1    1    1    1    1    1    1  2.67869E+12 0.02017 
   30   30    1    1    1    1    1    1    1    1  7.68947E+12 0.00927 
   31   31    1    1    1    1    1    1    1    1  2.37601E+13 0.00544 
   32   32    1    1    1    1    1    1    1    1  4.41986E+13 0.00433 
   33   33    1    1    1    1    1    1    1    1  1.05155E+14 0.00279 
   34   34    1    1    1    1    1    1    1    1  1.47052E+14 0.00240 
   35   35    1    1    1    1    1    1    1    1  1.91996E+14 0.00187 
   36   36    1    1    1    1    1    1    1    1  1.30508E+14 0.00202 
   37   37    1    1    1    1    1    1    1    1  4.00477E+13 0.00222 
   38   38    1    1    1    1    1    1    1    1  2.24104E+14 0.00179 
   39   39    1    1    1    1    1    1    1    1  3.02554E+14 0.00185 
   40   40    1    1    1    1    1    1    1    1  5.21650E+14 0.00190 
   41   41    1    1    1    1    1    1    1    1  5.26811E+14 0.00159 
   42   42    1    1    1    1    1    1    1    1  1.12577E+15 0.00127 
   43   43    1    1    1    1    1    1    1    1  1.36715E+15 0.00118 
   44   44    1    1    1    1    1    1    1    1  1.98028E+15 0.00124 
   45   45    1    1    1    1    1    1    1    1  3.96060E+15 0.00138 
   46   46    1    1    1    1    1    1    1    1  1.86430E+15 0.00121 
   47   47    1    1    1    1    1    1    1    1  2.99918E+15 0.00099 
   48   48    1    1    1    1    1    1    1    1  4.20166E+15 0.00089 
   49   49    1    1    1    1    1    1    1    1  4.15466E+15 0.00101 
   50   50    1    1    1    1    1    1    1    1  6.50566E+15 0.00123 
   51   51    1    1    1    1    1    1    1    1  5.19642E+15 0.00112 
   52   52    1    1    1    1    1    1    1    1  6.19592E+15 0.00112 
   53   53    1    1    1    1    1    1    1    1  4.32173E+15 0.00115 
   54   54    1    1    1    1    1    1    1    1  5.29996E+15 0.00101 
   55   55    1    1    1    1    1    1    1    1  3.65477E+15 0.00111 
   56   56    1    1    1    1    1    1    1    1  4.97663E+14 0.00158 
   57   57    1    1    1    1    1    1    1    1  7.27435E+15 0.00111 
   58   58    1    1    1    1    1    1    1    1  3.25040E+15 0.00105 
   59   59    1    1    1    1    1    1    1    1  3.46283E+15 0.00104 
   60   60    1    1    1    1    1    1    1    1  2.70234E+15 0.00093 
   61   61    1    1    1    1    1    1    1    1  2.70992E+15 0.00081 
   62   62    1    1    1    1    1    1    1    1  2.81927E+15 0.00083 
   63   63    1    1    1    1    1    1    1    1  2.37740E+15 0.00084 
   64   64    1    1    1    1    1    1    1    1  1.89186E+15 0.00089 
   65   65    1    1    1    1    1    1    1    1  1.88251E+15 0.00102 
   66   66    1    1    1    1    1    1    1    1  1.36265E+15 0.00105 
   67   67    1    1    1    1    1    1    1    1  1.11074E+15 0.00109 
   68   68    1    1    1    1    1    1    1    1  9.96113E+14 0.00124 
   69   69    1    1    1    1    1    1    1    1  1.19547E+15 0.00137 
   70   70    1    1    1    1    1    1    1    1  1.01824E+15 0.00152 
   71   71    1    1    1    1    1    1    1    1  1.85731E+15 0.00125 
   72   72    1    1    1    1    1    1    1    1  1.31783E+15 0.00157 
   73   73    1    1    1    1    1    1    1    1  9.93257E+14 0.00122 
   74   74    1    1    1    1    1    1    1    1  7.98744E+14 0.00142 
   75   75    1    1    1    1    1    1    1    1  6.62470E+14 0.00108 
   76   76    1    1    1    1    1    1    1    1  7.69022E+14 0.00141 
   77   77    1    1    1    1    1    1    1    1  6.08319E+14 0.00149 
   78   78    1    1    1    1    1    1    1    1  4.82753E+14 0.00175 
   79   79    1    1    1    1    1    1    1    1  4.99236E+14 0.00158 
   80   80    1    1    1    1    1    1    1    1  3.70736E+14 0.00153 
   81   81    1    1    1    1    1    1    1    1  2.84976E+14 0.00147 
   82   82    1    1    1    1    1    1    1    1  2.19163E+14 0.00156 
   83   83    1    1    1    1    1    1    1    1  2.04690E+14 0.00212 
   84   84    1    1    1    1    1    1    1    1  1.47323E+14 0.00295 
   85   85    1    1    1    1    1    1    1    1  1.06031E+14 0.00284 
   86   86    1    1    1    1    1    1    1    1  9.95185E+13 0.00327 
   87   87    1    1    1    1    1    1    1    1  6.12386E+13 0.00345 
   88   88    1    1    1    1    1    1    1    1  4.14169E+13 0.00452 
   89   89    1    1    1    1    1    1    1    1  2.35650E+13 0.00555 
   90   90    1    1    1    1    1    1    1    1  1.55555E+13 0.00539 
   91   91    1    1    1    1    1    1    1    1  7.95936E+12 0.01038 
   92   92    1    1    1    1    1    1    1    1  3.78307E+12 0.01278 
   93   93    1    1    1    1    1    1    1    1  1.82827E+12 0.01886 
   94   94    1    1    1    1    1    1    1    1  8.98539E+11 0.03013 
   95   95    1    1    1    1    1    1    1    1  4.08741E+11 0.04190 
   96   96    1    1    1    1    1    1    1    1  2.17957E+11 0.07051 
   97   97    1    1    1    1    1    1    1    1  9.87969E+10 0.09734 
   98   98    1    1    1    1    1    1    1    1  5.15796E+10 0.13896 
   99   99    1    1    1    1    1    1    1    1  1.72006E+10 0.22090 
  100  100    1    1    1    1    1    1    1    1  1.95467E+10 0.19288 
];


