
DETdpaspec = [
    1    1    1    1    1    1    1    1    1    1  0.00000E+00 0.00000 
    2    2    1    1    1    1    1    1    1    1  0.00000E+00 0.00000 
    3    3    1    1    1    1    1    1    1    1  0.00000E+00 0.00000 
    4    4    1    1    1    1    1    1    1    1  0.00000E+00 0.00000 
    5    5    1    1    1    1    1    1    1    1  0.00000E+00 0.00000 
    6    6    1    1    1    1    1    1    1    1  0.00000E+00 0.00000 
    7    7    1    1    1    1    1    1    1    1  0.00000E+00 0.00000 
    8    8    1    1    1    1    1    1    1    1  0.00000E+00 0.00000 
    9    9    1    1    1    1    1    1    1    1  1.37311E+07 1.00000 
   10   10    1    1    1    1    1    1    1    1  1.17968E+08 0.68845 
   11   11    1    1    1    1    1    1    1    1  5.65629E+07 1.00000 
   12   12    1    1    1    1    1    1    1    1  1.10838E+08 0.46552 
   13   13    1    1    1    1    1    1    1    1  5.10956E+08 0.54153 
   14   14    1    1    1    1    1    1    1    1  1.44855E+09 0.58175 
   15   15    1    1    1    1    1    1    1    1  3.44585E+09 0.36517 
   16   16    1    1    1    1    1    1    1    1  1.57793E+09 0.47097 
   17   17    1    1    1    1    1    1    1    1  2.03581E+09 0.33203 
   18   18    1    1    1    1    1    1    1    1  1.01797E+10 0.15903 
   19   19    1    1    1    1    1    1    1    1  8.66784E+09 0.12950 
   20   20    1    1    1    1    1    1    1    1  2.29296E+10 0.14545 
   21   21    1    1    1    1    1    1    1    1  2.62454E+10 0.11768 
   22   22    1    1    1    1    1    1    1    1  6.02633E+10 0.08564 
   23   23    1    1    1    1    1    1    1    1  6.51651E+10 0.09072 
   24   24    1    1    1    1    1    1    1    1  1.03848E+11 0.07515 
   25   25    1    1    1    1    1    1    1    1  1.40708E+11 0.07005 
   26   26    1    1    1    1    1    1    1    1  2.18297E+11 0.05312 
   27   27    1    1    1    1    1    1    1    1  3.74033E+11 0.04922 
   28   28    1    1    1    1    1    1    1    1  6.53465E+11 0.03274 
   29   29    1    1    1    1    1    1    1    1  9.15569E+11 0.02846 
   30   30    1    1    1    1    1    1    1    1  2.98464E+12 0.01324 
   31   31    1    1    1    1    1    1    1    1  9.21865E+12 0.01004 
   32   32    1    1    1    1    1    1    1    1  1.71367E+13 0.00565 
   33   33    1    1    1    1    1    1    1    1  3.75228E+13 0.00329 
   34   34    1    1    1    1    1    1    1    1  4.93690E+13 0.00368 
   35   35    1    1    1    1    1    1    1    1  7.10948E+13 0.00352 
   36   36    1    1    1    1    1    1    1    1  5.00664E+13 0.00353 
   37   37    1    1    1    1    1    1    1    1  1.58848E+13 0.00388 
   38   38    1    1    1    1    1    1    1    1  8.52986E+13 0.00377 
   39   39    1    1    1    1    1    1    1    1  1.13833E+14 0.00268 
   40   40    1    1    1    1    1    1    1    1  1.89648E+14 0.00293 
   41   41    1    1    1    1    1    1    1    1  1.96655E+14 0.00266 
   42   42    1    1    1    1    1    1    1    1  4.01181E+14 0.00233 
   43   43    1    1    1    1    1    1    1    1  4.77892E+14 0.00277 
   44   44    1    1    1    1    1    1    1    1  6.76512E+14 0.00264 
   45   45    1    1    1    1    1    1    1    1  1.28956E+15 0.00277 
   46   46    1    1    1    1    1    1    1    1  6.08254E+14 0.00255 
   47   47    1    1    1    1    1    1    1    1  9.83223E+14 0.00242 
   48   48    1    1    1    1    1    1    1    1  1.35862E+15 0.00239 
   49   49    1    1    1    1    1    1    1    1  1.33992E+15 0.00243 
   50   50    1    1    1    1    1    1    1    1  2.02662E+15 0.00224 
   51   51    1    1    1    1    1    1    1    1  1.63686E+15 0.00200 
   52   52    1    1    1    1    1    1    1    1  1.87452E+15 0.00236 
   53   53    1    1    1    1    1    1    1    1  1.30415E+15 0.00209 
   54   54    1    1    1    1    1    1    1    1  1.54258E+15 0.00228 
   55   55    1    1    1    1    1    1    1    1  1.06573E+15 0.00236 
   56   56    1    1    1    1    1    1    1    1  1.46087E+14 0.00287 
   57   57    1    1    1    1    1    1    1    1  2.11135E+15 0.00226 
   58   58    1    1    1    1    1    1    1    1  9.01063E+14 0.00261 
   59   59    1    1    1    1    1    1    1    1  9.65501E+14 0.00257 
   60   60    1    1    1    1    1    1    1    1  7.28175E+14 0.00259 
   61   61    1    1    1    1    1    1    1    1  7.33614E+14 0.00237 
   62   62    1    1    1    1    1    1    1    1  7.54833E+14 0.00278 
   63   63    1    1    1    1    1    1    1    1  6.29112E+14 0.00293 
   64   64    1    1    1    1    1    1    1    1  4.99224E+14 0.00316 
   65   65    1    1    1    1    1    1    1    1  4.91980E+14 0.00263 
   66   66    1    1    1    1    1    1    1    1  3.53913E+14 0.00248 
   67   67    1    1    1    1    1    1    1    1  2.90935E+14 0.00314 
   68   68    1    1    1    1    1    1    1    1  2.62194E+14 0.00291 
   69   69    1    1    1    1    1    1    1    1  3.14430E+14 0.00237 
   70   70    1    1    1    1    1    1    1    1  2.67747E+14 0.00281 
   71   71    1    1    1    1    1    1    1    1  4.97088E+14 0.00273 
   72   72    1    1    1    1    1    1    1    1  3.52997E+14 0.00321 
   73   73    1    1    1    1    1    1    1    1  2.63485E+14 0.00248 
   74   74    1    1    1    1    1    1    1    1  2.07131E+14 0.00297 
   75   75    1    1    1    1    1    1    1    1  1.68143E+14 0.00377 
   76   76    1    1    1    1    1    1    1    1  1.90431E+14 0.00320 
   77   77    1    1    1    1    1    1    1    1  1.47190E+14 0.00366 
   78   78    1    1    1    1    1    1    1    1  1.15354E+14 0.00351 
   79   79    1    1    1    1    1    1    1    1  1.16892E+14 0.00385 
   80   80    1    1    1    1    1    1    1    1  8.61085E+13 0.00394 
   81   81    1    1    1    1    1    1    1    1  6.59526E+13 0.00454 
   82   82    1    1    1    1    1    1    1    1  5.08551E+13 0.00572 
   83   83    1    1    1    1    1    1    1    1  4.73505E+13 0.00552 
   84   84    1    1    1    1    1    1    1    1  3.41366E+13 0.00675 
   85   85    1    1    1    1    1    1    1    1  2.42737E+13 0.00743 
   86   86    1    1    1    1    1    1    1    1  2.26955E+13 0.00704 
   87   87    1    1    1    1    1    1    1    1  1.41365E+13 0.01024 
   88   88    1    1    1    1    1    1    1    1  9.66164E+12 0.01009 
   89   89    1    1    1    1    1    1    1    1  5.58949E+12 0.01388 
   90   90    1    1    1    1    1    1    1    1  3.72103E+12 0.02103 
   91   91    1    1    1    1    1    1    1    1  1.85380E+12 0.02130 
   92   92    1    1    1    1    1    1    1    1  9.32342E+11 0.02812 
   93   93    1    1    1    1    1    1    1    1  4.64053E+11 0.03347 
   94   94    1    1    1    1    1    1    1    1  2.14252E+11 0.05384 
   95   95    1    1    1    1    1    1    1    1  1.04008E+11 0.07894 
   96   96    1    1    1    1    1    1    1    1  4.80938E+10 0.11904 
   97   97    1    1    1    1    1    1    1    1  2.16516E+10 0.16124 
   98   98    1    1    1    1    1    1    1    1  1.17600E+10 0.23608 
   99   99    1    1    1    1    1    1    1    1  5.94582E+09 0.23212 
  100  100    1    1    1    1    1    1    1    1  6.35608E+09 0.33242 
];


