
DETdpaspec = [
    1    1    1    1    1    1    1    1    1    1  0.00000E+00 0.00000 
    2    2    1    1    1    1    1    1    1    1  0.00000E+00 0.00000 
    3    3    1    1    1    1    1    1    1    1  0.00000E+00 0.00000 
    4    4    1    1    1    1    1    1    1    1  1.15983E+07 1.00000 
    5    5    1    1    1    1    1    1    1    1  0.00000E+00 0.00000 
    6    6    1    1    1    1    1    1    1    1  0.00000E+00 0.00000 
    7    7    1    1    1    1    1    1    1    1  0.00000E+00 0.00000 
    8    8    1    1    1    1    1    1    1    1  2.18370E+07 1.00000 
    9    9    1    1    1    1    1    1    1    1  2.52963E+07 0.70826 
   10   10    1    1    1    1    1    1    1    1  0.00000E+00 0.00000 
   11   11    1    1    1    1    1    1    1    1  2.97892E+08 0.58090 
   12   12    1    1    1    1    1    1    1    1  3.16244E+07 1.00000 
   13   13    1    1    1    1    1    1    1    1  1.42824E+09 0.40204 
   14   14    1    1    1    1    1    1    1    1  2.19260E+09 0.47938 
   15   15    1    1    1    1    1    1    1    1  4.60049E+09 0.37435 
   16   16    1    1    1    1    1    1    1    1  2.05892E+09 0.21855 
   17   17    1    1    1    1    1    1    1    1  4.63448E+09 0.21667 
   18   18    1    1    1    1    1    1    1    1  1.27380E+10 0.16756 
   19   19    1    1    1    1    1    1    1    1  1.11370E+10 0.17847 
   20   20    1    1    1    1    1    1    1    1  4.09043E+10 0.14427 
   21   21    1    1    1    1    1    1    1    1  2.82603E+10 0.10839 
   22   22    1    1    1    1    1    1    1    1  7.24336E+10 0.09177 
   23   23    1    1    1    1    1    1    1    1  1.07912E+11 0.06416 
   24   24    1    1    1    1    1    1    1    1  1.60336E+11 0.06443 
   25   25    1    1    1    1    1    1    1    1  2.04363E+11 0.05531 
   26   26    1    1    1    1    1    1    1    1  3.23740E+11 0.04124 
   27   27    1    1    1    1    1    1    1    1  5.43457E+11 0.03471 
   28   28    1    1    1    1    1    1    1    1  1.05675E+12 0.01686 
   29   29    1    1    1    1    1    1    1    1  1.56587E+12 0.02337 
   30   30    1    1    1    1    1    1    1    1  4.86378E+12 0.01238 
   31   31    1    1    1    1    1    1    1    1  1.50232E+13 0.00996 
   32   32    1    1    1    1    1    1    1    1  2.81588E+13 0.00622 
   33   33    1    1    1    1    1    1    1    1  6.40194E+13 0.00395 
   34   34    1    1    1    1    1    1    1    1  8.64046E+13 0.00288 
   35   35    1    1    1    1    1    1    1    1  1.21864E+14 0.00266 
   36   36    1    1    1    1    1    1    1    1  8.53827E+13 0.00246 
   37   37    1    1    1    1    1    1    1    1  2.69305E+13 0.00234 
   38   38    1    1    1    1    1    1    1    1  1.46369E+14 0.00183 
   39   39    1    1    1    1    1    1    1    1  1.96561E+14 0.00229 
   40   40    1    1    1    1    1    1    1    1  3.32370E+14 0.00219 
   41   41    1    1    1    1    1    1    1    1  3.42836E+14 0.00199 
   42   42    1    1    1    1    1    1    1    1  7.13120E+14 0.00174 
   43   43    1    1    1    1    1    1    1    1  8.55942E+14 0.00172 
   44   44    1    1    1    1    1    1    1    1  1.22530E+15 0.00125 
   45   45    1    1    1    1    1    1    1    1  2.38377E+15 0.00121 
   46   46    1    1    1    1    1    1    1    1  1.12943E+15 0.00137 
   47   47    1    1    1    1    1    1    1    1  1.82585E+15 0.00141 
   48   48    1    1    1    1    1    1    1    1  2.54284E+15 0.00121 
   49   49    1    1    1    1    1    1    1    1  2.51675E+15 0.00118 
   50   50    1    1    1    1    1    1    1    1  3.85879E+15 0.00109 
   51   51    1    1    1    1    1    1    1    1  3.11998E+15 0.00099 
   52   52    1    1    1    1    1    1    1    1  3.62286E+15 0.00115 
   53   53    1    1    1    1    1    1    1    1  2.52781E+15 0.00110 
   54   54    1    1    1    1    1    1    1    1  3.03092E+15 0.00118 
   55   55    1    1    1    1    1    1    1    1  2.09414E+15 0.00128 
   56   56    1    1    1    1    1    1    1    1  2.86183E+14 0.00162 
   57   57    1    1    1    1    1    1    1    1  4.15893E+15 0.00116 
   58   58    1    1    1    1    1    1    1    1  1.80471E+15 0.00127 
   59   59    1    1    1    1    1    1    1    1  1.93274E+15 0.00130 
   60   60    1    1    1    1    1    1    1    1  1.47516E+15 0.00118 
   61   61    1    1    1    1    1    1    1    1  1.48309E+15 0.00138 
   62   62    1    1    1    1    1    1    1    1  1.53636E+15 0.00138 
   63   63    1    1    1    1    1    1    1    1  1.28712E+15 0.00128 
   64   64    1    1    1    1    1    1    1    1  1.02049E+15 0.00171 
   65   65    1    1    1    1    1    1    1    1  1.01072E+15 0.00175 
   66   66    1    1    1    1    1    1    1    1  7.30106E+14 0.00149 
   67   67    1    1    1    1    1    1    1    1  5.97813E+14 0.00166 
   68   68    1    1    1    1    1    1    1    1  5.38150E+14 0.00193 
   69   69    1    1    1    1    1    1    1    1  6.46866E+14 0.00232 
   70   70    1    1    1    1    1    1    1    1  5.51361E+14 0.00190 
   71   71    1    1    1    1    1    1    1    1  1.01818E+15 0.00163 
   72   72    1    1    1    1    1    1    1    1  7.24476E+14 0.00157 
   73   73    1    1    1    1    1    1    1    1  5.41738E+14 0.00167 
   74   74    1    1    1    1    1    1    1    1  4.29227E+14 0.00199 
   75   75    1    1    1    1    1    1    1    1  3.51288E+14 0.00176 
   76   76    1    1    1    1    1    1    1    1  4.00557E+14 0.00232 
   77   77    1    1    1    1    1    1    1    1  3.12040E+14 0.00260 
   78   78    1    1    1    1    1    1    1    1  2.46055E+14 0.00210 
   79   79    1    1    1    1    1    1    1    1  2.51451E+14 0.00192 
   80   80    1    1    1    1    1    1    1    1  1.85812E+14 0.00284 
   81   81    1    1    1    1    1    1    1    1  1.41868E+14 0.00283 
   82   82    1    1    1    1    1    1    1    1  1.09152E+14 0.00337 
   83   83    1    1    1    1    1    1    1    1  1.01595E+14 0.00268 
   84   84    1    1    1    1    1    1    1    1  7.31014E+13 0.00358 
   85   85    1    1    1    1    1    1    1    1  5.26070E+13 0.00472 
   86   86    1    1    1    1    1    1    1    1  4.91737E+13 0.00456 
   87   87    1    1    1    1    1    1    1    1  3.06750E+13 0.00548 
   88   88    1    1    1    1    1    1    1    1  2.05478E+13 0.00675 
   89   89    1    1    1    1    1    1    1    1  1.17557E+13 0.00734 
   90   90    1    1    1    1    1    1    1    1  7.92644E+12 0.00982 
   91   91    1    1    1    1    1    1    1    1  3.99865E+12 0.01271 
   92   92    1    1    1    1    1    1    1    1  1.90376E+12 0.02078 
   93   93    1    1    1    1    1    1    1    1  9.41810E+11 0.02804 
   94   94    1    1    1    1    1    1    1    1  4.63787E+11 0.05104 
   95   95    1    1    1    1    1    1    1    1  2.21199E+11 0.09499 
   96   96    1    1    1    1    1    1    1    1  1.20675E+11 0.08135 
   97   97    1    1    1    1    1    1    1    1  5.19393E+10 0.12102 
   98   98    1    1    1    1    1    1    1    1  2.36084E+10 0.18557 
   99   99    1    1    1    1    1    1    1    1  8.14335E+09 0.23756 
  100  100    1    1    1    1    1    1    1    1  1.25788E+10 0.23763 
];


