
DETdpaspec = [
    1    1    1    1    1    1    1    1    1    1  0.00000E+00 0.00000 
    2    2    1    1    1    1    1    1    1    1  0.00000E+00 0.00000 
    3    3    1    1    1    1    1    1    1    1  0.00000E+00 0.00000 
    4    4    1    1    1    1    1    1    1    1  0.00000E+00 0.00000 
    5    5    1    1    1    1    1    1    1    1  0.00000E+00 0.00000 
    6    6    1    1    1    1    1    1    1    1  0.00000E+00 0.00000 
    7    7    1    1    1    1    1    1    1    1  2.12806E+07 1.00000 
    8    8    1    1    1    1    1    1    1    1  0.00000E+00 0.00000 
    9    9    1    1    1    1    1    1    1    1  1.43748E+07 1.00000 
   10   10    1    1    1    1    1    1    1    1  1.85413E+08 0.54635 
   11   11    1    1    1    1    1    1    1    1  0.00000E+00 0.00000 
   12   12    1    1    1    1    1    1    1    1  0.00000E+00 0.00000 
   13   13    1    1    1    1    1    1    1    1  6.67873E+08 0.95215 
   14   14    1    1    1    1    1    1    1    1  9.27995E+08 0.46110 
   15   15    1    1    1    1    1    1    1    1  3.87678E+09 0.28681 
   16   16    1    1    1    1    1    1    1    1  9.61272E+08 0.46392 
   17   17    1    1    1    1    1    1    1    1  1.28404E+09 0.32124 
   18   18    1    1    1    1    1    1    1    1  5.71378E+09 0.20599 
   19   19    1    1    1    1    1    1    1    1  3.63853E+09 0.31211 
   20   20    1    1    1    1    1    1    1    1  2.43873E+10 0.11243 
   21   21    1    1    1    1    1    1    1    1  1.59886E+10 0.11560 
   22   22    1    1    1    1    1    1    1    1  4.35927E+10 0.10510 
   23   23    1    1    1    1    1    1    1    1  5.10670E+10 0.09132 
   24   24    1    1    1    1    1    1    1    1  9.30208E+10 0.08589 
   25   25    1    1    1    1    1    1    1    1  1.09762E+11 0.05571 
   26   26    1    1    1    1    1    1    1    1  1.74905E+11 0.05414 
   27   27    1    1    1    1    1    1    1    1  3.31542E+11 0.04769 
   28   28    1    1    1    1    1    1    1    1  5.94513E+11 0.03321 
   29   29    1    1    1    1    1    1    1    1  8.07017E+11 0.02483 
   30   30    1    1    1    1    1    1    1    1  2.59721E+12 0.01884 
   31   31    1    1    1    1    1    1    1    1  7.72975E+12 0.01312 
   32   32    1    1    1    1    1    1    1    1  1.42166E+13 0.00662 
   33   33    1    1    1    1    1    1    1    1  3.06852E+13 0.00625 
   34   34    1    1    1    1    1    1    1    1  4.00469E+13 0.00532 
   35   35    1    1    1    1    1    1    1    1  5.82760E+13 0.00497 
   36   36    1    1    1    1    1    1    1    1  4.11923E+13 0.00477 
   37   37    1    1    1    1    1    1    1    1  1.30808E+13 0.00459 
   38   38    1    1    1    1    1    1    1    1  6.99087E+13 0.00404 
   39   39    1    1    1    1    1    1    1    1  9.31409E+13 0.00345 
   40   40    1    1    1    1    1    1    1    1  1.54509E+14 0.00318 
   41   41    1    1    1    1    1    1    1    1  1.60572E+14 0.00356 
   42   42    1    1    1    1    1    1    1    1  3.26011E+14 0.00342 
   43   43    1    1    1    1    1    1    1    1  3.85722E+14 0.00309 
   44   44    1    1    1    1    1    1    1    1  5.43654E+14 0.00320 
   45   45    1    1    1    1    1    1    1    1  1.02848E+15 0.00329 
   46   46    1    1    1    1    1    1    1    1  4.84665E+14 0.00347 
   47   47    1    1    1    1    1    1    1    1  7.82940E+14 0.00307 
   48   48    1    1    1    1    1    1    1    1  1.07954E+15 0.00311 
   49   49    1    1    1    1    1    1    1    1  1.06577E+15 0.00335 
   50   50    1    1    1    1    1    1    1    1  1.60544E+15 0.00357 
   51   51    1    1    1    1    1    1    1    1  1.29740E+15 0.00347 
   52   52    1    1    1    1    1    1    1    1  1.47772E+15 0.00349 
   53   53    1    1    1    1    1    1    1    1  1.02873E+15 0.00367 
   54   54    1    1    1    1    1    1    1    1  1.21180E+15 0.00365 
   55   55    1    1    1    1    1    1    1    1  8.38227E+14 0.00364 
   56   56    1    1    1    1    1    1    1    1  1.15171E+14 0.00401 
   57   57    1    1    1    1    1    1    1    1  1.65904E+15 0.00383 
   58   58    1    1    1    1    1    1    1    1  7.04393E+14 0.00377 
   59   59    1    1    1    1    1    1    1    1  7.54099E+14 0.00372 
   60   60    1    1    1    1    1    1    1    1  5.68860E+14 0.00395 
   61   61    1    1    1    1    1    1    1    1  5.73314E+14 0.00419 
   62   62    1    1    1    1    1    1    1    1  5.90127E+14 0.00422 
   63   63    1    1    1    1    1    1    1    1  4.90953E+14 0.00425 
   64   64    1    1    1    1    1    1    1    1  3.89665E+14 0.00437 
   65   65    1    1    1    1    1    1    1    1  3.84017E+14 0.00415 
   66   66    1    1    1    1    1    1    1    1  2.76569E+14 0.00388 
   67   67    1    1    1    1    1    1    1    1  2.27236E+14 0.00435 
   68   68    1    1    1    1    1    1    1    1  2.04462E+14 0.00420 
   69   69    1    1    1    1    1    1    1    1  2.45256E+14 0.00438 
   70   70    1    1    1    1    1    1    1    1  2.09061E+14 0.00485 
   71   71    1    1    1    1    1    1    1    1  3.89852E+14 0.00381 
   72   72    1    1    1    1    1    1    1    1  2.75742E+14 0.00385 
   73   73    1    1    1    1    1    1    1    1  2.06269E+14 0.00514 
   74   74    1    1    1    1    1    1    1    1  1.61826E+14 0.00456 
   75   75    1    1    1    1    1    1    1    1  1.30569E+14 0.00426 
   76   76    1    1    1    1    1    1    1    1  1.48037E+14 0.00440 
   77   77    1    1    1    1    1    1    1    1  1.13874E+14 0.00554 
   78   78    1    1    1    1    1    1    1    1  8.88710E+13 0.00606 
   79   79    1    1    1    1    1    1    1    1  9.03053E+13 0.00568 
   80   80    1    1    1    1    1    1    1    1  6.63823E+13 0.00571 
   81   81    1    1    1    1    1    1    1    1  5.10012E+13 0.00681 
   82   82    1    1    1    1    1    1    1    1  3.87564E+13 0.00721 
   83   83    1    1    1    1    1    1    1    1  3.60828E+13 0.00571 
   84   84    1    1    1    1    1    1    1    1  2.60890E+13 0.00689 
   85   85    1    1    1    1    1    1    1    1  1.88539E+13 0.00664 
   86   86    1    1    1    1    1    1    1    1  1.77068E+13 0.00819 
   87   87    1    1    1    1    1    1    1    1  1.08059E+13 0.00712 
   88   88    1    1    1    1    1    1    1    1  7.33083E+12 0.01222 
   89   89    1    1    1    1    1    1    1    1  4.22116E+12 0.01690 
   90   90    1    1    1    1    1    1    1    1  2.85304E+12 0.01279 
   91   91    1    1    1    1    1    1    1    1  1.37513E+12 0.03033 
   92   92    1    1    1    1    1    1    1    1  6.43847E+11 0.03732 
   93   93    1    1    1    1    1    1    1    1  3.56497E+11 0.05634 
   94   94    1    1    1    1    1    1    1    1  1.63443E+11 0.07179 
   95   95    1    1    1    1    1    1    1    1  7.39732E+10 0.11695 
   96   96    1    1    1    1    1    1    1    1  3.98090E+10 0.13427 
   97   97    1    1    1    1    1    1    1    1  1.91463E+10 0.17970 
   98   98    1    1    1    1    1    1    1    1  1.40877E+10 0.26091 
   99   99    1    1    1    1    1    1    1    1  4.13001E+09 0.44587 
  100  100    1    1    1    1    1    1    1    1  3.36626E+09 0.33971 
];


