
DETdpaspec = [
    1    1    1    1    1    1    1    1    1    1  0.00000E+00 0.00000 
    2    2    1    1    1    1    1    1    1    1  0.00000E+00 0.00000 
    3    3    1    1    1    1    1    1    1    1  0.00000E+00 0.00000 
    4    4    1    1    1    1    1    1    1    1  0.00000E+00 0.00000 
    5    5    1    1    1    1    1    1    1    1  0.00000E+00 0.00000 
    6    6    1    1    1    1    1    1    1    1  0.00000E+00 0.00000 
    7    7    1    1    1    1    1    1    1    1  0.00000E+00 0.00000 
    8    8    1    1    1    1    1    1    1    1  0.00000E+00 0.00000 
    9    9    1    1    1    1    1    1    1    1  1.08739E+07 1.00000 
   10   10    1    1    1    1    1    1    1    1  4.51792E+08 1.00000 
   11   11    1    1    1    1    1    1    1    1  2.85168E+08 0.56076 
   12   12    1    1    1    1    1    1    1    1  4.23974E+07 0.79647 
   13   13    1    1    1    1    1    1    1    1  2.45000E+09 0.43668 
   14   14    1    1    1    1    1    1    1    1  3.69295E+09 0.37333 
   15   15    1    1    1    1    1    1    1    1  4.03186E+09 0.43513 
   16   16    1    1    1    1    1    1    1    1  1.96462E+09 0.33970 
   17   17    1    1    1    1    1    1    1    1  2.63726E+09 0.27557 
   18   18    1    1    1    1    1    1    1    1  1.24306E+10 0.21867 
   19   19    1    1    1    1    1    1    1    1  1.04966E+10 0.17650 
   20   20    1    1    1    1    1    1    1    1  4.09131E+10 0.11649 
   21   21    1    1    1    1    1    1    1    1  2.71170E+10 0.14240 
   22   22    1    1    1    1    1    1    1    1  8.04410E+10 0.08281 
   23   23    1    1    1    1    1    1    1    1  1.15410E+11 0.07041 
   24   24    1    1    1    1    1    1    1    1  1.59942E+11 0.05517 
   25   25    1    1    1    1    1    1    1    1  1.83575E+11 0.05408 
   26   26    1    1    1    1    1    1    1    1  3.13725E+11 0.05096 
   27   27    1    1    1    1    1    1    1    1  5.79360E+11 0.03717 
   28   28    1    1    1    1    1    1    1    1  1.11994E+12 0.02209 
   29   29    1    1    1    1    1    1    1    1  1.66888E+12 0.01708 
   30   30    1    1    1    1    1    1    1    1  4.94884E+12 0.01076 
   31   31    1    1    1    1    1    1    1    1  1.51395E+13 0.00594 
   32   32    1    1    1    1    1    1    1    1  2.84975E+13 0.00455 
   33   33    1    1    1    1    1    1    1    1  6.49131E+13 0.00340 
   34   34    1    1    1    1    1    1    1    1  8.78812E+13 0.00337 
   35   35    1    1    1    1    1    1    1    1  1.24550E+14 0.00246 
   36   36    1    1    1    1    1    1    1    1  8.75883E+13 0.00206 
   37   37    1    1    1    1    1    1    1    1  2.75600E+13 0.00158 
   38   38    1    1    1    1    1    1    1    1  1.50296E+14 0.00180 
   39   39    1    1    1    1    1    1    1    1  2.01268E+14 0.00128 
   40   40    1    1    1    1    1    1    1    1  3.40234E+14 0.00086 
   41   41    1    1    1    1    1    1    1    1  3.50842E+14 0.00128 
   42   42    1    1    1    1    1    1    1    1  7.28841E+14 0.00119 
   43   43    1    1    1    1    1    1    1    1  8.75890E+14 0.00141 
   44   44    1    1    1    1    1    1    1    1  1.25653E+15 0.00127 
   45   45    1    1    1    1    1    1    1    1  2.44631E+15 0.00106 
   46   46    1    1    1    1    1    1    1    1  1.15809E+15 0.00129 
   47   47    1    1    1    1    1    1    1    1  1.87162E+15 0.00128 
   48   48    1    1    1    1    1    1    1    1  2.60593E+15 0.00133 
   49   49    1    1    1    1    1    1    1    1  2.57913E+15 0.00118 
   50   50    1    1    1    1    1    1    1    1  3.95837E+15 0.00107 
   51   51    1    1    1    1    1    1    1    1  3.19591E+15 0.00097 
   52   52    1    1    1    1    1    1    1    1  3.71703E+15 0.00132 
   53   53    1    1    1    1    1    1    1    1  2.59250E+15 0.00133 
   54   54    1    1    1    1    1    1    1    1  3.11231E+15 0.00122 
   55   55    1    1    1    1    1    1    1    1  2.15147E+15 0.00120 
   56   56    1    1    1    1    1    1    1    1  2.94445E+14 0.00175 
   57   57    1    1    1    1    1    1    1    1  4.27214E+15 0.00138 
   58   58    1    1    1    1    1    1    1    1  1.85644E+15 0.00128 
   59   59    1    1    1    1    1    1    1    1  1.98315E+15 0.00116 
   60   60    1    1    1    1    1    1    1    1  1.51881E+15 0.00129 
   61   61    1    1    1    1    1    1    1    1  1.52710E+15 0.00158 
   62   62    1    1    1    1    1    1    1    1  1.58205E+15 0.00169 
   63   63    1    1    1    1    1    1    1    1  1.32169E+15 0.00153 
   64   64    1    1    1    1    1    1    1    1  1.05021E+15 0.00140 
   65   65    1    1    1    1    1    1    1    1  1.04109E+15 0.00148 
   66   66    1    1    1    1    1    1    1    1  7.52319E+14 0.00148 
   67   67    1    1    1    1    1    1    1    1  6.15660E+14 0.00145 
   68   68    1    1    1    1    1    1    1    1  5.54807E+14 0.00168 
   69   69    1    1    1    1    1    1    1    1  6.65504E+14 0.00195 
   70   70    1    1    1    1    1    1    1    1  5.67592E+14 0.00157 
   71   71    1    1    1    1    1    1    1    1  1.04602E+15 0.00162 
   72   72    1    1    1    1    1    1    1    1  7.42936E+14 0.00135 
   73   73    1    1    1    1    1    1    1    1  5.58116E+14 0.00186 
   74   74    1    1    1    1    1    1    1    1  4.43088E+14 0.00164 
   75   75    1    1    1    1    1    1    1    1  3.62118E+14 0.00183 
   76   76    1    1    1    1    1    1    1    1  4.13779E+14 0.00179 
   77   77    1    1    1    1    1    1    1    1  3.22984E+14 0.00206 
   78   78    1    1    1    1    1    1    1    1  2.54368E+14 0.00214 
   79   79    1    1    1    1    1    1    1    1  2.59366E+14 0.00206 
   80   80    1    1    1    1    1    1    1    1  1.91606E+14 0.00206 
   81   81    1    1    1    1    1    1    1    1  1.46808E+14 0.00201 
   82   82    1    1    1    1    1    1    1    1  1.12864E+14 0.00284 
   83   83    1    1    1    1    1    1    1    1  1.05487E+14 0.00390 
   84   84    1    1    1    1    1    1    1    1  7.55020E+13 0.00329 
   85   85    1    1    1    1    1    1    1    1  5.41984E+13 0.00473 
   86   86    1    1    1    1    1    1    1    1  5.08055E+13 0.00423 
   87   87    1    1    1    1    1    1    1    1  3.15237E+13 0.00627 
   88   88    1    1    1    1    1    1    1    1  2.13387E+13 0.00602 
   89   89    1    1    1    1    1    1    1    1  1.23274E+13 0.00654 
   90   90    1    1    1    1    1    1    1    1  8.15771E+12 0.00993 
   91   91    1    1    1    1    1    1    1    1  4.17022E+12 0.01335 
   92   92    1    1    1    1    1    1    1    1  1.99272E+12 0.02176 
   93   93    1    1    1    1    1    1    1    1  9.78207E+11 0.03037 
   94   94    1    1    1    1    1    1    1    1  4.85999E+11 0.03416 
   95   95    1    1    1    1    1    1    1    1  2.23455E+11 0.05886 
   96   96    1    1    1    1    1    1    1    1  1.13755E+11 0.07213 
   97   97    1    1    1    1    1    1    1    1  5.85157E+10 0.11087 
   98   98    1    1    1    1    1    1    1    1  3.75516E+10 0.15941 
   99   99    1    1    1    1    1    1    1    1  7.43402E+09 0.37679 
  100  100    1    1    1    1    1    1    1    1  1.31750E+10 0.25367 
];


