
DETdpaspec = [
    1    1    1    1    1    1    1    1    1    1  0.00000E+00 0.00000 
    2    2    1    1    1    1    1    1    1    1  0.00000E+00 0.00000 
    3    3    1    1    1    1    1    1    1    1  0.00000E+00 0.00000 
    4    4    1    1    1    1    1    1    1    1  0.00000E+00 0.00000 
    5    5    1    1    1    1    1    1    1    1  0.00000E+00 0.00000 
    6    6    1    1    1    1    1    1    1    1  0.00000E+00 0.00000 
    7    7    1    1    1    1    1    1    1    1  0.00000E+00 0.00000 
    8    8    1    1    1    1    1    1    1    1  0.00000E+00 0.00000 
    9    9    1    1    1    1    1    1    1    1  0.00000E+00 0.00000 
   10   10    1    1    1    1    1    1    1    1  0.00000E+00 0.00000 
   11   11    1    1    1    1    1    1    1    1  1.40832E+08 1.00000 
   12   12    1    1    1    1    1    1    1    1  4.71808E+07 1.00000 
   13   13    1    1    1    1    1    1    1    1  6.81500E+08 0.36092 
   14   14    1    1    1    1    1    1    1    1  2.31991E+09 0.30759 
   15   15    1    1    1    1    1    1    1    1  3.92452E+09 0.31461 
   16   16    1    1    1    1    1    1    1    1  1.13536E+09 0.48816 
   17   17    1    1    1    1    1    1    1    1  2.47335E+09 0.21151 
   18   18    1    1    1    1    1    1    1    1  7.82807E+09 0.19953 
   19   19    1    1    1    1    1    1    1    1  6.19591E+09 0.21433 
   20   20    1    1    1    1    1    1    1    1  2.55620E+10 0.15441 
   21   21    1    1    1    1    1    1    1    1  1.95858E+10 0.14492 
   22   22    1    1    1    1    1    1    1    1  4.59319E+10 0.11569 
   23   23    1    1    1    1    1    1    1    1  6.12399E+10 0.07779 
   24   24    1    1    1    1    1    1    1    1  9.46537E+10 0.07971 
   25   25    1    1    1    1    1    1    1    1  1.31319E+11 0.06926 
   26   26    1    1    1    1    1    1    1    1  2.19900E+11 0.04846 
   27   27    1    1    1    1    1    1    1    1  3.86587E+11 0.04406 
   28   28    1    1    1    1    1    1    1    1  6.90262E+11 0.03015 
   29   29    1    1    1    1    1    1    1    1  9.79292E+11 0.02354 
   30   30    1    1    1    1    1    1    1    1  3.07313E+12 0.01509 
   31   31    1    1    1    1    1    1    1    1  9.17504E+12 0.01132 
   32   32    1    1    1    1    1    1    1    1  1.69340E+13 0.00886 
   33   33    1    1    1    1    1    1    1    1  3.71171E+13 0.00523 
   34   34    1    1    1    1    1    1    1    1  4.91817E+13 0.00342 
   35   35    1    1    1    1    1    1    1    1  7.08442E+13 0.00374 
   36   36    1    1    1    1    1    1    1    1  4.98035E+13 0.00247 
   37   37    1    1    1    1    1    1    1    1  1.57968E+13 0.00248 
   38   38    1    1    1    1    1    1    1    1  8.48876E+13 0.00297 
   39   39    1    1    1    1    1    1    1    1  1.13215E+14 0.00299 
   40   40    1    1    1    1    1    1    1    1  1.88825E+14 0.00314 
   41   41    1    1    1    1    1    1    1    1  1.95910E+14 0.00265 
   42   42    1    1    1    1    1    1    1    1  4.00509E+14 0.00265 
   43   43    1    1    1    1    1    1    1    1  4.75794E+14 0.00216 
   44   44    1    1    1    1    1    1    1    1  6.73071E+14 0.00227 
   45   45    1    1    1    1    1    1    1    1  1.28246E+15 0.00183 
   46   46    1    1    1    1    1    1    1    1  6.06763E+14 0.00185 
   47   47    1    1    1    1    1    1    1    1  9.79544E+14 0.00182 
   48   48    1    1    1    1    1    1    1    1  1.35220E+15 0.00180 
   49   49    1    1    1    1    1    1    1    1  1.33358E+15 0.00193 
   50   50    1    1    1    1    1    1    1    1  2.01700E+15 0.00217 
   51   51    1    1    1    1    1    1    1    1  1.63042E+15 0.00216 
   52   52    1    1    1    1    1    1    1    1  1.86500E+15 0.00213 
   53   53    1    1    1    1    1    1    1    1  1.29822E+15 0.00256 
   54   54    1    1    1    1    1    1    1    1  1.53613E+15 0.00265 
   55   55    1    1    1    1    1    1    1    1  1.06258E+15 0.00249 
   56   56    1    1    1    1    1    1    1    1  1.45426E+14 0.00217 
   57   57    1    1    1    1    1    1    1    1  2.10500E+15 0.00255 
   58   58    1    1    1    1    1    1    1    1  8.99676E+14 0.00207 
   59   59    1    1    1    1    1    1    1    1  9.62104E+14 0.00219 
   60   60    1    1    1    1    1    1    1    1  7.26782E+14 0.00242 
   61   61    1    1    1    1    1    1    1    1  7.30199E+14 0.00273 
   62   62    1    1    1    1    1    1    1    1  7.53480E+14 0.00227 
   63   63    1    1    1    1    1    1    1    1  6.26569E+14 0.00293 
   64   64    1    1    1    1    1    1    1    1  4.97521E+14 0.00276 
   65   65    1    1    1    1    1    1    1    1  4.91985E+14 0.00281 
   66   66    1    1    1    1    1    1    1    1  3.52972E+14 0.00216 
   67   67    1    1    1    1    1    1    1    1  2.89162E+14 0.00291 
   68   68    1    1    1    1    1    1    1    1  2.60561E+14 0.00323 
   69   69    1    1    1    1    1    1    1    1  3.12912E+14 0.00250 
   70   70    1    1    1    1    1    1    1    1  2.66442E+14 0.00331 
   71   71    1    1    1    1    1    1    1    1  4.95711E+14 0.00289 
   72   72    1    1    1    1    1    1    1    1  3.51257E+14 0.00294 
   73   73    1    1    1    1    1    1    1    1  2.64194E+14 0.00334 
   74   74    1    1    1    1    1    1    1    1  2.06592E+14 0.00373 
   75   75    1    1    1    1    1    1    1    1  1.67789E+14 0.00344 
   76   76    1    1    1    1    1    1    1    1  1.89997E+14 0.00333 
   77   77    1    1    1    1    1    1    1    1  1.46724E+14 0.00367 
   78   78    1    1    1    1    1    1    1    1  1.14426E+14 0.00394 
   79   79    1    1    1    1    1    1    1    1  1.16412E+14 0.00341 
   80   80    1    1    1    1    1    1    1    1  8.59195E+13 0.00468 
   81   81    1    1    1    1    1    1    1    1  6.57504E+13 0.00413 
   82   82    1    1    1    1    1    1    1    1  5.05765E+13 0.00417 
   83   83    1    1    1    1    1    1    1    1  4.69477E+13 0.00492 
   84   84    1    1    1    1    1    1    1    1  3.36524E+13 0.00584 
   85   85    1    1    1    1    1    1    1    1  2.43094E+13 0.00769 
   86   86    1    1    1    1    1    1    1    1  2.30006E+13 0.00878 
   87   87    1    1    1    1    1    1    1    1  1.39565E+13 0.00791 
   88   88    1    1    1    1    1    1    1    1  9.61217E+12 0.00923 
   89   89    1    1    1    1    1    1    1    1  5.66351E+12 0.00997 
   90   90    1    1    1    1    1    1    1    1  3.76874E+12 0.01498 
   91   91    1    1    1    1    1    1    1    1  1.81187E+12 0.02674 
   92   92    1    1    1    1    1    1    1    1  8.79767E+11 0.03061 
   93   93    1    1    1    1    1    1    1    1  4.05130E+11 0.05098 
   94   94    1    1    1    1    1    1    1    1  2.24053E+11 0.05753 
   95   95    1    1    1    1    1    1    1    1  1.16059E+11 0.10158 
   96   96    1    1    1    1    1    1    1    1  4.68120E+10 0.14565 
   97   97    1    1    1    1    1    1    1    1  2.52552E+10 0.16559 
   98   98    1    1    1    1    1    1    1    1  8.17710E+09 0.21960 
   99   99    1    1    1    1    1    1    1    1  7.39807E+09 0.34518 
  100  100    1    1    1    1    1    1    1    1  1.10612E+09 0.72209 
];


