
DETdpaspec = [
    1    1    1    1    1    1    1    1    1    1  0.00000E+00 0.00000 
    2    2    1    1    1    1    1    1    1    1  0.00000E+00 0.00000 
    3    3    1    1    1    1    1    1    1    1  0.00000E+00 0.00000 
    4    4    1    1    1    1    1    1    1    1  0.00000E+00 0.00000 
    5    5    1    1    1    1    1    1    1    1  0.00000E+00 0.00000 
    6    6    1    1    1    1    1    1    1    1  0.00000E+00 0.00000 
    7    7    1    1    1    1    1    1    1    1  0.00000E+00 0.00000 
    8    8    1    1    1    1    1    1    1    1  0.00000E+00 0.00000 
    9    9    1    1    1    1    1    1    1    1  0.00000E+00 0.00000 
   10   10    1    1    1    1    1    1    1    1  4.79027E+07 1.00000 
   11   11    1    1    1    1    1    1    1    1  6.36379E+07 1.00000 
   12   12    1    1    1    1    1    1    1    1  1.31138E+08 0.57666 
   13   13    1    1    1    1    1    1    1    1  1.12778E+09 0.69411 
   14   14    1    1    1    1    1    1    1    1  1.56550E+09 0.42906 
   15   15    1    1    1    1    1    1    1    1  6.36713E+09 0.24087 
   16   16    1    1    1    1    1    1    1    1  1.17915E+09 0.38784 
   17   17    1    1    1    1    1    1    1    1  5.01310E+09 0.23109 
   18   18    1    1    1    1    1    1    1    1  6.63862E+09 0.28129 
   19   19    1    1    1    1    1    1    1    1  8.72136E+09 0.22053 
   20   20    1    1    1    1    1    1    1    1  3.06490E+10 0.14446 
   21   21    1    1    1    1    1    1    1    1  2.57530E+10 0.12970 
   22   22    1    1    1    1    1    1    1    1  6.53923E+10 0.07347 
   23   23    1    1    1    1    1    1    1    1  8.38135E+10 0.10189 
   24   24    1    1    1    1    1    1    1    1  1.32636E+11 0.05890 
   25   25    1    1    1    1    1    1    1    1  1.50107E+11 0.06000 
   26   26    1    1    1    1    1    1    1    1  2.28318E+11 0.05434 
   27   27    1    1    1    1    1    1    1    1  4.38588E+11 0.04177 
   28   28    1    1    1    1    1    1    1    1  8.09001E+11 0.02870 
   29   29    1    1    1    1    1    1    1    1  1.19468E+12 0.02122 
   30   30    1    1    1    1    1    1    1    1  3.74903E+12 0.01282 
   31   31    1    1    1    1    1    1    1    1  1.12800E+13 0.00652 
   32   32    1    1    1    1    1    1    1    1  2.05605E+13 0.00553 
   33   33    1    1    1    1    1    1    1    1  4.58027E+13 0.00410 
   34   34    1    1    1    1    1    1    1    1  6.11534E+13 0.00407 
   35   35    1    1    1    1    1    1    1    1  8.78041E+13 0.00364 
   36   36    1    1    1    1    1    1    1    1  6.18660E+13 0.00318 
   37   37    1    1    1    1    1    1    1    1  1.95944E+13 0.00292 
   38   38    1    1    1    1    1    1    1    1  1.05887E+14 0.00271 
   39   39    1    1    1    1    1    1    1    1  1.41348E+14 0.00279 
   40   40    1    1    1    1    1    1    1    1  2.36715E+14 0.00208 
   41   41    1    1    1    1    1    1    1    1  2.45238E+14 0.00223 
   42   42    1    1    1    1    1    1    1    1  5.04086E+14 0.00227 
   43   43    1    1    1    1    1    1    1    1  6.03497E+14 0.00145 
   44   44    1    1    1    1    1    1    1    1  8.59371E+14 0.00147 
   45   45    1    1    1    1    1    1    1    1  1.64353E+15 0.00160 
   46   46    1    1    1    1    1    1    1    1  7.76395E+14 0.00156 
   47   47    1    1    1    1    1    1    1    1  1.25312E+15 0.00168 
   48   48    1    1    1    1    1    1    1    1  1.73545E+15 0.00172 
   49   49    1    1    1    1    1    1    1    1  1.71431E+15 0.00175 
   50   50    1    1    1    1    1    1    1    1  2.60607E+15 0.00176 
   51   51    1    1    1    1    1    1    1    1  2.10730E+15 0.00189 
   52   52    1    1    1    1    1    1    1    1  2.42344E+15 0.00186 
   53   53    1    1    1    1    1    1    1    1  1.69024E+15 0.00187 
   54   54    1    1    1    1    1    1    1    1  2.00376E+15 0.00173 
   55   55    1    1    1    1    1    1    1    1  1.38505E+15 0.00187 
   56   56    1    1    1    1    1    1    1    1  1.89590E+14 0.00260 
   57   57    1    1    1    1    1    1    1    1  2.74848E+15 0.00184 
   58   58    1    1    1    1    1    1    1    1  1.18106E+15 0.00233 
   59   59    1    1    1    1    1    1    1    1  1.26209E+15 0.00252 
   60   60    1    1    1    1    1    1    1    1  9.57882E+14 0.00229 
   61   61    1    1    1    1    1    1    1    1  9.62950E+14 0.00228 
   62   62    1    1    1    1    1    1    1    1  9.95534E+14 0.00229 
   63   63    1    1    1    1    1    1    1    1  8.29154E+14 0.00232 
   64   64    1    1    1    1    1    1    1    1  6.58405E+14 0.00244 
   65   65    1    1    1    1    1    1    1    1  6.49837E+14 0.00236 
   66   66    1    1    1    1    1    1    1    1  4.68728E+14 0.00248 
   67   67    1    1    1    1    1    1    1    1  3.84267E+14 0.00240 
   68   68    1    1    1    1    1    1    1    1  3.45598E+14 0.00259 
   69   69    1    1    1    1    1    1    1    1  4.14355E+14 0.00280 
   70   70    1    1    1    1    1    1    1    1  3.53910E+14 0.00309 
   71   71    1    1    1    1    1    1    1    1  6.56672E+14 0.00215 
   72   72    1    1    1    1    1    1    1    1  4.65321E+14 0.00215 
   73   73    1    1    1    1    1    1    1    1  3.48696E+14 0.00246 
   74   74    1    1    1    1    1    1    1    1  2.74637E+14 0.00334 
   75   75    1    1    1    1    1    1    1    1  2.22585E+14 0.00298 
   76   76    1    1    1    1    1    1    1    1  2.52189E+14 0.00325 
   77   77    1    1    1    1    1    1    1    1  1.96465E+14 0.00396 
   78   78    1    1    1    1    1    1    1    1  1.53746E+14 0.00354 
   79   79    1    1    1    1    1    1    1    1  1.57038E+14 0.00321 
   80   80    1    1    1    1    1    1    1    1  1.15115E+14 0.00372 
   81   81    1    1    1    1    1    1    1    1  8.83939E+13 0.00394 
   82   82    1    1    1    1    1    1    1    1  6.77297E+13 0.00492 
   83   83    1    1    1    1    1    1    1    1  6.31952E+13 0.00385 
   84   84    1    1    1    1    1    1    1    1  4.55017E+13 0.00403 
   85   85    1    1    1    1    1    1    1    1  3.26903E+13 0.00533 
   86   86    1    1    1    1    1    1    1    1  3.03575E+13 0.00559 
   87   87    1    1    1    1    1    1    1    1  1.88208E+13 0.00687 
   88   88    1    1    1    1    1    1    1    1  1.28421E+13 0.01258 
   89   89    1    1    1    1    1    1    1    1  7.40108E+12 0.01325 
   90   90    1    1    1    1    1    1    1    1  4.97194E+12 0.01108 
   91   91    1    1    1    1    1    1    1    1  2.50744E+12 0.02136 
   92   92    1    1    1    1    1    1    1    1  1.16186E+12 0.02028 
   93   93    1    1    1    1    1    1    1    1  5.61668E+11 0.04745 
   94   94    1    1    1    1    1    1    1    1  2.75488E+11 0.06619 
   95   95    1    1    1    1    1    1    1    1  1.37006E+11 0.06612 
   96   96    1    1    1    1    1    1    1    1  6.66886E+10 0.14224 
   97   97    1    1    1    1    1    1    1    1  3.26987E+10 0.15207 
   98   98    1    1    1    1    1    1    1    1  1.75835E+10 0.27765 
   99   99    1    1    1    1    1    1    1    1  8.53301E+09 0.38330 
  100  100    1    1    1    1    1    1    1    1  4.46517E+09 0.32908 
];


