
DETdpaspec = [
    1    1    1    1    1    1    1    1    1    1  0.00000E+00 0.00000 
    2    2    1    1    1    1    1    1    1    1  0.00000E+00 0.00000 
    3    3    1    1    1    1    1    1    1    1  0.00000E+00 0.00000 
    4    4    1    1    1    1    1    1    1    1  0.00000E+00 0.00000 
    5    5    1    1    1    1    1    1    1    1  0.00000E+00 0.00000 
    6    6    1    1    1    1    1    1    1    1  0.00000E+00 0.00000 
    7    7    1    1    1    1    1    1    1    1  0.00000E+00 0.00000 
    8    8    1    1    1    1    1    1    1    1  0.00000E+00 0.00000 
    9    9    1    1    1    1    1    1    1    1  0.00000E+00 0.00000 
   10   10    1    1    1    1    1    1    1    1  0.00000E+00 0.00000 
   11   11    1    1    1    1    1    1    1    1  1.19138E+08 1.00000 
   12   12    1    1    1    1    1    1    1    1  2.35928E+08 1.00000 
   13   13    1    1    1    1    1    1    1    1  1.41492E+09 0.89975 
   14   14    1    1    1    1    1    1    1    1  1.57571E+09 0.69188 
   15   15    1    1    1    1    1    1    1    1  8.71538E+08 1.00000 
   16   16    1    1    1    1    1    1    1    1  8.53430E+08 0.57197 
   17   17    1    1    1    1    1    1    1    1  2.64394E+09 0.55736 
   18   18    1    1    1    1    1    1    1    1  5.61910E+09 0.36203 
   19   19    1    1    1    1    1    1    1    1  5.81376E+09 0.31033 
   20   20    1    1    1    1    1    1    1    1  1.99714E+10 0.18298 
   21   21    1    1    1    1    1    1    1    1  3.67638E+10 0.18401 
   22   22    1    1    1    1    1    1    1    1  9.86687E+10 0.10335 
   23   23    1    1    1    1    1    1    1    1  4.22034E+11 0.04858 
   24   24    1    1    1    1    1    1    1    1  1.34514E+12 0.02466 
   25   25    1    1    1    1    1    1    1    1  2.24606E+12 0.02482 
   26   26    1    1    1    1    1    1    1    1  4.86738E+12 0.01716 
   27   27    1    1    1    1    1    1    1    1  9.73593E+12 0.00956 
   28   28    1    1    1    1    1    1    1    1  1.89241E+13 0.00713 
   29   29    1    1    1    1    1    1    1    1  2.97277E+13 0.00499 
   30   30    1    1    1    1    1    1    1    1  5.68757E+13 0.00370 
   31   31    1    1    1    1    1    1    1    1  1.16509E+14 0.00248 
   32   32    1    1    1    1    1    1    1    1  1.68728E+14 0.00270 
   33   33    1    1    1    1    1    1    1    1  3.30787E+14 0.00206 
   34   34    1    1    1    1    1    1    1    1  4.03805E+14 0.00136 
   35   35    1    1    1    1    1    1    1    1  4.10390E+14 0.00130 
   36   36    1    1    1    1    1    1    1    1  2.44312E+14 0.00098 
   37   37    1    1    1    1    1    1    1    1  7.10159E+13 0.00142 
   38   38    1    1    1    1    1    1    1    1  4.04988E+14 0.00119 
   39   39    1    1    1    1    1    1    1    1  5.31557E+14 0.00103 
   40   40    1    1    1    1    1    1    1    1  8.95235E+14 0.00092 
   41   41    1    1    1    1    1    1    1    1  8.51393E+14 0.00088 
   42   42    1    1    1    1    1    1    1    1  1.80921E+15 0.00100 
   43   43    1    1    1    1    1    1    1    1  2.12592E+15 0.00076 
   44   44    1    1    1    1    1    1    1    1  2.97700E+15 0.00070 
   45   45    1    1    1    1    1    1    1    1  5.72243E+15 0.00071 
   46   46    1    1    1    1    1    1    1    1  2.53866E+15 0.00085 
   47   47    1    1    1    1    1    1    1    1  3.97555E+15 0.00078 
   48   48    1    1    1    1    1    1    1    1  5.40081E+15 0.00079 
   49   49    1    1    1    1    1    1    1    1  5.18820E+15 0.00083 
   50   50    1    1    1    1    1    1    1    1  8.00298E+15 0.00080 
   51   51    1    1    1    1    1    1    1    1  6.09321E+15 0.00080 
   52   52    1    1    1    1    1    1    1    1  7.27856E+15 0.00074 
   53   53    1    1    1    1    1    1    1    1  4.92985E+15 0.00077 
   54   54    1    1    1    1    1    1    1    1  6.08908E+15 0.00069 
   55   55    1    1    1    1    1    1    1    1  4.13089E+15 0.00086 
   56   56    1    1    1    1    1    1    1    1  5.55545E+14 0.00083 
   57   57    1    1    1    1    1    1    1    1  8.07955E+15 0.00075 
   58   58    1    1    1    1    1    1    1    1  3.65972E+15 0.00085 
   59   59    1    1    1    1    1    1    1    1  3.82566E+15 0.00073 
   60   60    1    1    1    1    1    1    1    1  3.01737E+15 0.00084 
   61   61    1    1    1    1    1    1    1    1  2.99181E+15 0.00082 
   62   62    1    1    1    1    1    1    1    1  3.10206E+15 0.00094 
   63   63    1    1    1    1    1    1    1    1  2.59735E+15 0.00088 
   64   64    1    1    1    1    1    1    1    1  2.04827E+15 0.00101 
   65   65    1    1    1    1    1    1    1    1  2.01978E+15 0.00106 
   66   66    1    1    1    1    1    1    1    1  1.44982E+15 0.00114 
   67   67    1    1    1    1    1    1    1    1  1.16746E+15 0.00099 
   68   68    1    1    1    1    1    1    1    1  1.04055E+15 0.00083 
   69   69    1    1    1    1    1    1    1    1  1.24223E+15 0.00098 
   70   70    1    1    1    1    1    1    1    1  1.04495E+15 0.00095 
   71   71    1    1    1    1    1    1    1    1  1.84618E+15 0.00067 
   72   72    1    1    1    1    1    1    1    1  1.28866E+15 0.00116 
   73   73    1    1    1    1    1    1    1    1  9.66579E+14 0.00119 
   74   74    1    1    1    1    1    1    1    1  7.84030E+14 0.00103 
   75   75    1    1    1    1    1    1    1    1  6.58776E+14 0.00104 
   76   76    1    1    1    1    1    1    1    1  7.70761E+14 0.00126 
   77   77    1    1    1    1    1    1    1    1  6.15680E+14 0.00119 
   78   78    1    1    1    1    1    1    1    1  4.94155E+14 0.00109 
   79   79    1    1    1    1    1    1    1    1  5.12578E+14 0.00118 
   80   80    1    1    1    1    1    1    1    1  3.80246E+14 0.00120 
   81   81    1    1    1    1    1    1    1    1  2.93204E+14 0.00198 
   82   82    1    1    1    1    1    1    1    1  2.24793E+14 0.00201 
   83   83    1    1    1    1    1    1    1    1  2.09767E+14 0.00234 
   84   84    1    1    1    1    1    1    1    1  1.49718E+14 0.00238 
   85   85    1    1    1    1    1    1    1    1  1.07687E+14 0.00231 
   86   86    1    1    1    1    1    1    1    1  1.00494E+14 0.00289 
   87   87    1    1    1    1    1    1    1    1  6.13539E+13 0.00384 
   88   88    1    1    1    1    1    1    1    1  4.06436E+13 0.00375 
   89   89    1    1    1    1    1    1    1    1  2.30016E+13 0.00657 
   90   90    1    1    1    1    1    1    1    1  1.52651E+13 0.00522 
   91   91    1    1    1    1    1    1    1    1  7.51587E+12 0.00909 
   92   92    1    1    1    1    1    1    1    1  3.55994E+12 0.01616 
   93   93    1    1    1    1    1    1    1    1  1.70298E+12 0.02015 
   94   94    1    1    1    1    1    1    1    1  7.79113E+11 0.02681 
   95   95    1    1    1    1    1    1    1    1  3.78108E+11 0.04682 
   96   96    1    1    1    1    1    1    1    1  1.72985E+11 0.07725 
   97   97    1    1    1    1    1    1    1    1  7.50725E+10 0.06327 
   98   98    1    1    1    1    1    1    1    1  3.29073E+10 0.16018 
   99   99    1    1    1    1    1    1    1    1  2.36928E+10 0.20120 
  100  100    1    1    1    1    1    1    1    1  1.57917E+10 0.19650 
];


