
DETdpaspec = [
    1    1    1    1    1    1    1    1    1    1  0.00000E+00 0.00000 
    2    2    1    1    1    1    1    1    1    1  0.00000E+00 0.00000 
    3    3    1    1    1    1    1    1    1    1  0.00000E+00 0.00000 
    4    4    1    1    1    1    1    1    1    1  0.00000E+00 0.00000 
    5    5    1    1    1    1    1    1    1    1  1.04184E+07 1.00000 
    6    6    1    1    1    1    1    1    1    1  0.00000E+00 0.00000 
    7    7    1    1    1    1    1    1    1    1  0.00000E+00 0.00000 
    8    8    1    1    1    1    1    1    1    1  6.82126E+07 0.73385 
    9    9    1    1    1    1    1    1    1    1  3.99203E+07 1.00000 
   10   10    1    1    1    1    1    1    1    1  0.00000E+00 0.00000 
   11   11    1    1    1    1    1    1    1    1  2.41617E+08 0.83294 
   12   12    1    1    1    1    1    1    1    1  3.60260E+07 0.95760 
   13   13    1    1    1    1    1    1    1    1  1.36005E+09 0.36918 
   14   14    1    1    1    1    1    1    1    1  2.88763E+09 0.30021 
   15   15    1    1    1    1    1    1    1    1  3.75380E+09 0.31058 
   16   16    1    1    1    1    1    1    1    1  2.83936E+09 0.35831 
   17   17    1    1    1    1    1    1    1    1  1.93415E+09 0.33093 
   18   18    1    1    1    1    1    1    1    1  5.31226E+09 0.21017 
   19   19    1    1    1    1    1    1    1    1  8.85598E+09 0.18481 
   20   20    1    1    1    1    1    1    1    1  1.77697E+10 0.11715 
   21   21    1    1    1    1    1    1    1    1  1.88994E+10 0.14031 
   22   22    1    1    1    1    1    1    1    1  5.31035E+10 0.09846 
   23   23    1    1    1    1    1    1    1    1  6.64925E+10 0.08954 
   24   24    1    1    1    1    1    1    1    1  1.07567E+11 0.07841 
   25   25    1    1    1    1    1    1    1    1  1.36363E+11 0.06310 
   26   26    1    1    1    1    1    1    1    1  2.31550E+11 0.04686 
   27   27    1    1    1    1    1    1    1    1  4.05069E+11 0.04001 
   28   28    1    1    1    1    1    1    1    1  7.25531E+11 0.02684 
   29   29    1    1    1    1    1    1    1    1  1.05350E+12 0.02188 
   30   30    1    1    1    1    1    1    1    1  3.23751E+12 0.01706 
   31   31    1    1    1    1    1    1    1    1  9.63039E+12 0.00955 
   32   32    1    1    1    1    1    1    1    1  1.79786E+13 0.00564 
   33   33    1    1    1    1    1    1    1    1  3.95311E+13 0.00570 
   34   34    1    1    1    1    1    1    1    1  5.19967E+13 0.00486 
   35   35    1    1    1    1    1    1    1    1  7.51118E+13 0.00349 
   36   36    1    1    1    1    1    1    1    1  5.29338E+13 0.00334 
   37   37    1    1    1    1    1    1    1    1  1.68483E+13 0.00310 
   38   38    1    1    1    1    1    1    1    1  9.05313E+13 0.00257 
   39   39    1    1    1    1    1    1    1    1  1.20426E+14 0.00275 
   40   40    1    1    1    1    1    1    1    1  2.00917E+14 0.00259 
   41   41    1    1    1    1    1    1    1    1  2.08393E+14 0.00244 
   42   42    1    1    1    1    1    1    1    1  4.26490E+14 0.00246 
   43   43    1    1    1    1    1    1    1    1  5.07852E+14 0.00208 
   44   44    1    1    1    1    1    1    1    1  7.20598E+14 0.00135 
   45   45    1    1    1    1    1    1    1    1  1.37408E+15 0.00196 
   46   46    1    1    1    1    1    1    1    1  6.48096E+14 0.00174 
   47   47    1    1    1    1    1    1    1    1  1.04663E+15 0.00156 
   48   48    1    1    1    1    1    1    1    1  1.44491E+15 0.00178 
   49   49    1    1    1    1    1    1    1    1  1.42728E+15 0.00193 
   50   50    1    1    1    1    1    1    1    1  2.16429E+15 0.00184 
   51   51    1    1    1    1    1    1    1    1  1.74659E+15 0.00194 
   52   52    1    1    1    1    1    1    1    1  2.00196E+15 0.00211 
   53   53    1    1    1    1    1    1    1    1  1.39437E+15 0.00206 
   54   54    1    1    1    1    1    1    1    1  1.65087E+15 0.00200 
   55   55    1    1    1    1    1    1    1    1  1.14190E+15 0.00234 
   56   56    1    1    1    1    1    1    1    1  1.56531E+14 0.00215 
   57   57    1    1    1    1    1    1    1    1  2.26134E+15 0.00217 
   58   58    1    1    1    1    1    1    1    1  9.66629E+14 0.00221 
   59   59    1    1    1    1    1    1    1    1  1.03461E+15 0.00220 
   60   60    1    1    1    1    1    1    1    1  7.81262E+14 0.00223 
   61   61    1    1    1    1    1    1    1    1  7.86440E+14 0.00201 
   62   62    1    1    1    1    1    1    1    1  8.11192E+14 0.00205 
   63   63    1    1    1    1    1    1    1    1  6.74942E+14 0.00263 
   64   64    1    1    1    1    1    1    1    1  5.35262E+14 0.00222 
   65   65    1    1    1    1    1    1    1    1  5.28816E+14 0.00230 
   66   66    1    1    1    1    1    1    1    1  3.80458E+14 0.00235 
   67   67    1    1    1    1    1    1    1    1  3.13353E+14 0.00291 
   68   68    1    1    1    1    1    1    1    1  2.81797E+14 0.00283 
   69   69    1    1    1    1    1    1    1    1  3.37459E+14 0.00305 
   70   70    1    1    1    1    1    1    1    1  2.88524E+14 0.00259 
   71   71    1    1    1    1    1    1    1    1  5.33854E+14 0.00268 
   72   72    1    1    1    1    1    1    1    1  3.78996E+14 0.00328 
   73   73    1    1    1    1    1    1    1    1  2.84140E+14 0.00287 
   74   74    1    1    1    1    1    1    1    1  2.22837E+14 0.00229 
   75   75    1    1    1    1    1    1    1    1  1.80830E+14 0.00216 
   76   76    1    1    1    1    1    1    1    1  2.04612E+14 0.00367 
   77   77    1    1    1    1    1    1    1    1  1.58471E+14 0.00271 
   78   78    1    1    1    1    1    1    1    1  1.24107E+14 0.00384 
   79   79    1    1    1    1    1    1    1    1  1.25855E+14 0.00353 
   80   80    1    1    1    1    1    1    1    1  9.24488E+13 0.00355 
   81   81    1    1    1    1    1    1    1    1  7.14895E+13 0.00460 
   82   82    1    1    1    1    1    1    1    1  5.46092E+13 0.00432 
   83   83    1    1    1    1    1    1    1    1  5.07308E+13 0.00596 
   84   84    1    1    1    1    1    1    1    1  3.64157E+13 0.00628 
   85   85    1    1    1    1    1    1    1    1  2.62548E+13 0.00561 
   86   86    1    1    1    1    1    1    1    1  2.45382E+13 0.00633 
   87   87    1    1    1    1    1    1    1    1  1.53510E+13 0.00910 
   88   88    1    1    1    1    1    1    1    1  1.03510E+13 0.00748 
   89   89    1    1    1    1    1    1    1    1  5.85990E+12 0.01256 
   90   90    1    1    1    1    1    1    1    1  3.97761E+12 0.01312 
   91   91    1    1    1    1    1    1    1    1  2.01012E+12 0.02617 
   92   92    1    1    1    1    1    1    1    1  9.22370E+11 0.02398 
   93   93    1    1    1    1    1    1    1    1  5.00789E+11 0.03678 
   94   94    1    1    1    1    1    1    1    1  2.17787E+11 0.05035 
   95   95    1    1    1    1    1    1    1    1  9.31285E+10 0.08581 
   96   96    1    1    1    1    1    1    1    1  5.03877E+10 0.15423 
   97   97    1    1    1    1    1    1    1    1  2.98600E+10 0.23321 
   98   98    1    1    1    1    1    1    1    1  1.38107E+10 0.33920 
   99   99    1    1    1    1    1    1    1    1  6.64659E+09 0.34097 
  100  100    1    1    1    1    1    1    1    1  3.37077E+09 0.37310 
];


