
DETdpaspec = [
    1    1    1    1    1    1    1    1    1    1  0.00000E+00 0.00000 
    2    2    1    1    1    1    1    1    1    1  0.00000E+00 0.00000 
    3    3    1    1    1    1    1    1    1    1  0.00000E+00 0.00000 
    4    4    1    1    1    1    1    1    1    1  0.00000E+00 0.00000 
    5    5    1    1    1    1    1    1    1    1  0.00000E+00 0.00000 
    6    6    1    1    1    1    1    1    1    1  0.00000E+00 0.00000 
    7    7    1    1    1    1    1    1    1    1  1.18837E+07 1.00000 
    8    8    1    1    1    1    1    1    1    1  0.00000E+00 0.00000 
    9    9    1    1    1    1    1    1    1    1  0.00000E+00 0.00000 
   10   10    1    1    1    1    1    1    1    1  0.00000E+00 0.00000 
   11   11    1    1    1    1    1    1    1    1  1.03670E+08 1.00000 
   12   12    1    1    1    1    1    1    1    1  5.49793E+07 0.63829 
   13   13    1    1    1    1    1    1    1    1  3.59394E+08 0.77856 
   14   14    1    1    1    1    1    1    1    1  2.24875E+09 0.42994 
   15   15    1    1    1    1    1    1    1    1  4.65621E+09 0.49109 
   16   16    1    1    1    1    1    1    1    1  1.65621E+09 0.45228 
   17   17    1    1    1    1    1    1    1    1  2.88075E+09 0.29694 
   18   18    1    1    1    1    1    1    1    1  5.51088E+09 0.28255 
   19   19    1    1    1    1    1    1    1    1  5.40771E+09 0.23823 
   20   20    1    1    1    1    1    1    1    1  1.98343E+10 0.15520 
   21   21    1    1    1    1    1    1    1    1  2.40636E+10 0.12225 
   22   22    1    1    1    1    1    1    1    1  4.76104E+10 0.10290 
   23   23    1    1    1    1    1    1    1    1  7.04287E+10 0.10220 
   24   24    1    1    1    1    1    1    1    1  1.11801E+11 0.10090 
   25   25    1    1    1    1    1    1    1    1  1.30028E+11 0.07059 
   26   26    1    1    1    1    1    1    1    1  2.04318E+11 0.06199 
   27   27    1    1    1    1    1    1    1    1  4.07981E+11 0.04061 
   28   28    1    1    1    1    1    1    1    1  6.54585E+11 0.03877 
   29   29    1    1    1    1    1    1    1    1  8.57996E+11 0.02916 
   30   30    1    1    1    1    1    1    1    1  2.67986E+12 0.02090 
   31   31    1    1    1    1    1    1    1    1  8.22714E+12 0.01110 
   32   32    1    1    1    1    1    1    1    1  1.48658E+13 0.00690 
   33   33    1    1    1    1    1    1    1    1  3.18314E+13 0.00477 
   34   34    1    1    1    1    1    1    1    1  4.10302E+13 0.00442 
   35   35    1    1    1    1    1    1    1    1  6.00777E+13 0.00463 
   36   36    1    1    1    1    1    1    1    1  4.23360E+13 0.00428 
   37   37    1    1    1    1    1    1    1    1  1.36032E+13 0.00454 
   38   38    1    1    1    1    1    1    1    1  7.18384E+13 0.00380 
   39   39    1    1    1    1    1    1    1    1  9.52893E+13 0.00457 
   40   40    1    1    1    1    1    1    1    1  1.56680E+14 0.00388 
   41   41    1    1    1    1    1    1    1    1  1.63405E+14 0.00374 
   42   42    1    1    1    1    1    1    1    1  3.28960E+14 0.00414 
   43   43    1    1    1    1    1    1    1    1  3.88956E+14 0.00380 
   44   44    1    1    1    1    1    1    1    1  5.47016E+14 0.00439 
   45   45    1    1    1    1    1    1    1    1  1.02824E+15 0.00416 
   46   46    1    1    1    1    1    1    1    1  4.86361E+14 0.00447 
   47   47    1    1    1    1    1    1    1    1  7.86293E+14 0.00453 
   48   48    1    1    1    1    1    1    1    1  1.08247E+15 0.00429 
   49   49    1    1    1    1    1    1    1    1  1.06740E+15 0.00433 
   50   50    1    1    1    1    1    1    1    1  1.60783E+15 0.00430 
   51   51    1    1    1    1    1    1    1    1  1.30676E+15 0.00443 
   52   52    1    1    1    1    1    1    1    1  1.48291E+15 0.00437 
   53   53    1    1    1    1    1    1    1    1  1.03595E+15 0.00422 
   54   54    1    1    1    1    1    1    1    1  1.21898E+15 0.00461 
   55   55    1    1    1    1    1    1    1    1  8.46766E+14 0.00439 
   56   56    1    1    1    1    1    1    1    1  1.16525E+14 0.00503 
   57   57    1    1    1    1    1    1    1    1  1.67786E+15 0.00447 
   58   58    1    1    1    1    1    1    1    1  7.11395E+14 0.00419 
   59   59    1    1    1    1    1    1    1    1  7.63640E+14 0.00482 
   60   60    1    1    1    1    1    1    1    1  5.74188E+14 0.00485 
   61   61    1    1    1    1    1    1    1    1  5.78625E+14 0.00445 
   62   62    1    1    1    1    1    1    1    1  5.96337E+14 0.00469 
   63   63    1    1    1    1    1    1    1    1  4.94485E+14 0.00499 
   64   64    1    1    1    1    1    1    1    1  3.93391E+14 0.00471 
   65   65    1    1    1    1    1    1    1    1  3.88933E+14 0.00574 
   66   66    1    1    1    1    1    1    1    1  2.80478E+14 0.00602 
   67   67    1    1    1    1    1    1    1    1  2.30882E+14 0.00560 
   68   68    1    1    1    1    1    1    1    1  2.08339E+14 0.00557 
   69   69    1    1    1    1    1    1    1    1  2.49436E+14 0.00605 
   70   70    1    1    1    1    1    1    1    1  2.12939E+14 0.00641 
   71   71    1    1    1    1    1    1    1    1  3.97199E+14 0.00574 
   72   72    1    1    1    1    1    1    1    1  2.83259E+14 0.00527 
   73   73    1    1    1    1    1    1    1    1  2.11517E+14 0.00559 
   74   74    1    1    1    1    1    1    1    1  1.64633E+14 0.00570 
   75   75    1    1    1    1    1    1    1    1  1.33435E+14 0.00572 
   76   76    1    1    1    1    1    1    1    1  1.50535E+14 0.00620 
   77   77    1    1    1    1    1    1    1    1  1.15286E+14 0.00557 
   78   78    1    1    1    1    1    1    1    1  8.99195E+13 0.00572 
   79   79    1    1    1    1    1    1    1    1  9.16581E+13 0.00711 
   80   80    1    1    1    1    1    1    1    1  6.70466E+13 0.00605 
   81   81    1    1    1    1    1    1    1    1  5.12586E+13 0.00694 
   82   82    1    1    1    1    1    1    1    1  3.92895E+13 0.00687 
   83   83    1    1    1    1    1    1    1    1  3.64231E+13 0.00693 
   84   84    1    1    1    1    1    1    1    1  2.62206E+13 0.00911 
   85   85    1    1    1    1    1    1    1    1  1.89929E+13 0.00808 
   86   86    1    1    1    1    1    1    1    1  1.75328E+13 0.00860 
   87   87    1    1    1    1    1    1    1    1  1.09820E+13 0.01136 
   88   88    1    1    1    1    1    1    1    1  7.40937E+12 0.01476 
   89   89    1    1    1    1    1    1    1    1  4.46481E+12 0.01705 
   90   90    1    1    1    1    1    1    1    1  2.87632E+12 0.01131 
   91   91    1    1    1    1    1    1    1    1  1.44019E+12 0.02547 
   92   92    1    1    1    1    1    1    1    1  7.55316E+11 0.03166 
   93   93    1    1    1    1    1    1    1    1  3.42728E+11 0.04657 
   94   94    1    1    1    1    1    1    1    1  1.50621E+11 0.08145 
   95   95    1    1    1    1    1    1    1    1  7.42188E+10 0.10235 
   96   96    1    1    1    1    1    1    1    1  4.18130E+10 0.16303 
   97   97    1    1    1    1    1    1    1    1  1.90675E+10 0.21944 
   98   98    1    1    1    1    1    1    1    1  6.36075E+09 0.27284 
   99   99    1    1    1    1    1    1    1    1  5.93635E+09 0.47947 
  100  100    1    1    1    1    1    1    1    1  7.75568E+09 0.36182 
];


