
DETdpaspec = [
    1    1    1    1    1    1    1    1    1    1  0.00000E+00 0.00000 
    2    2    1    1    1    1    1    1    1    1  0.00000E+00 0.00000 
    3    3    1    1    1    1    1    1    1    1  0.00000E+00 0.00000 
    4    4    1    1    1    1    1    1    1    1  1.78830E+07 1.00000 
    5    5    1    1    1    1    1    1    1    1  3.28572E+07 0.68831 
    6    6    1    1    1    1    1    1    1    1  0.00000E+00 0.00000 
    7    7    1    1    1    1    1    1    1    1  0.00000E+00 0.00000 
    8    8    1    1    1    1    1    1    1    1  1.95876E+07 1.00000 
    9    9    1    1    1    1    1    1    1    1  2.98251E+07 0.75351 
   10   10    1    1    1    1    1    1    1    1  3.00313E+08 0.55185 
   11   11    1    1    1    1    1    1    1    1  3.70781E+08 0.58443 
   12   12    1    1    1    1    1    1    1    1  9.95787E+07 0.87911 
   13   13    1    1    1    1    1    1    1    1  1.77338E+09 0.48660 
   14   14    1    1    1    1    1    1    1    1  4.48089E+09 0.40302 
   15   15    1    1    1    1    1    1    1    1  8.00465E+09 0.34498 
   16   16    1    1    1    1    1    1    1    1  2.39864E+09 0.36709 
   17   17    1    1    1    1    1    1    1    1  3.67051E+09 0.24602 
   18   18    1    1    1    1    1    1    1    1  1.15041E+10 0.18025 
   19   19    1    1    1    1    1    1    1    1  1.41582E+10 0.15051 
   20   20    1    1    1    1    1    1    1    1  3.67474E+10 0.14907 
   21   21    1    1    1    1    1    1    1    1  3.52609E+10 0.09172 
   22   22    1    1    1    1    1    1    1    1  8.84780E+10 0.08452 
   23   23    1    1    1    1    1    1    1    1  1.04265E+11 0.07755 
   24   24    1    1    1    1    1    1    1    1  1.89590E+11 0.05819 
   25   25    1    1    1    1    1    1    1    1  2.36198E+11 0.05176 
   26   26    1    1    1    1    1    1    1    1  4.12905E+11 0.03690 
   27   27    1    1    1    1    1    1    1    1  7.33967E+11 0.02887 
   28   28    1    1    1    1    1    1    1    1  1.75743E+12 0.02514 
   29   29    1    1    1    1    1    1    1    1  3.13300E+12 0.01625 
   30   30    1    1    1    1    1    1    1    1  8.70300E+12 0.01288 
   31   31    1    1    1    1    1    1    1    1  2.64793E+13 0.00567 
   32   32    1    1    1    1    1    1    1    1  4.82490E+13 0.00286 
   33   33    1    1    1    1    1    1    1    1  1.15000E+14 0.00238 
   34   34    1    1    1    1    1    1    1    1  1.60446E+14 0.00320 
   35   35    1    1    1    1    1    1    1    1  2.05987E+14 0.00309 
   36   36    1    1    1    1    1    1    1    1  1.38586E+14 0.00215 
   37   37    1    1    1    1    1    1    1    1  4.21040E+13 0.00238 
   38   38    1    1    1    1    1    1    1    1  2.36871E+14 0.00175 
   39   39    1    1    1    1    1    1    1    1  3.20303E+14 0.00194 
   40   40    1    1    1    1    1    1    1    1  5.51722E+14 0.00149 
   41   41    1    1    1    1    1    1    1    1  5.54566E+14 0.00144 
   42   42    1    1    1    1    1    1    1    1  1.18736E+15 0.00121 
   43   43    1    1    1    1    1    1    1    1  1.44001E+15 0.00096 
   44   44    1    1    1    1    1    1    1    1  2.08484E+15 0.00092 
   45   45    1    1    1    1    1    1    1    1  4.17495E+15 0.00064 
   46   46    1    1    1    1    1    1    1    1  1.95954E+15 0.00070 
   47   47    1    1    1    1    1    1    1    1  3.14811E+15 0.00065 
   48   48    1    1    1    1    1    1    1    1  4.41008E+15 0.00068 
   49   49    1    1    1    1    1    1    1    1  4.35765E+15 0.00058 
   50   50    1    1    1    1    1    1    1    1  6.83761E+15 0.00058 
   51   51    1    1    1    1    1    1    1    1  5.44161E+15 0.00070 
   52   52    1    1    1    1    1    1    1    1  6.50598E+15 0.00071 
   53   53    1    1    1    1    1    1    1    1  4.53162E+15 0.00069 
   54   54    1    1    1    1    1    1    1    1  5.58358E+15 0.00076 
   55   55    1    1    1    1    1    1    1    1  3.84785E+15 0.00071 
   56   56    1    1    1    1    1    1    1    1  5.23357E+14 0.00116 
   57   57    1    1    1    1    1    1    1    1  7.65421E+15 0.00053 
   58   58    1    1    1    1    1    1    1    1  3.43314E+15 0.00066 
   59   59    1    1    1    1    1    1    1    1  3.65526E+15 0.00060 
   60   60    1    1    1    1    1    1    1    1  2.85925E+15 0.00086 
   61   61    1    1    1    1    1    1    1    1  2.86607E+15 0.00068 
   62   62    1    1    1    1    1    1    1    1  2.98528E+15 0.00050 
   63   63    1    1    1    1    1    1    1    1  2.51710E+15 0.00058 
   64   64    1    1    1    1    1    1    1    1  2.00343E+15 0.00082 
   65   65    1    1    1    1    1    1    1    1  1.99119E+15 0.00075 
   66   66    1    1    1    1    1    1    1    1  1.44096E+15 0.00063 
   67   67    1    1    1    1    1    1    1    1  1.17386E+15 0.00086 
   68   68    1    1    1    1    1    1    1    1  1.05388E+15 0.00098 
   69   69    1    1    1    1    1    1    1    1  1.26461E+15 0.00063 
   70   70    1    1    1    1    1    1    1    1  1.07914E+15 0.00108 
   71   71    1    1    1    1    1    1    1    1  1.95832E+15 0.00102 
   72   72    1    1    1    1    1    1    1    1  1.38628E+15 0.00103 
   73   73    1    1    1    1    1    1    1    1  1.04601E+15 0.00104 
   74   74    1    1    1    1    1    1    1    1  8.42602E+14 0.00145 
   75   75    1    1    1    1    1    1    1    1  7.00764E+14 0.00143 
   76   76    1    1    1    1    1    1    1    1  8.14385E+14 0.00142 
   77   77    1    1    1    1    1    1    1    1  6.46651E+14 0.00112 
   78   78    1    1    1    1    1    1    1    1  5.15485E+14 0.00115 
   79   79    1    1    1    1    1    1    1    1  5.32446E+14 0.00150 
   80   80    1    1    1    1    1    1    1    1  3.95969E+14 0.00130 
   81   81    1    1    1    1    1    1    1    1  3.04785E+14 0.00239 
   82   82    1    1    1    1    1    1    1    1  2.34428E+14 0.00151 
   83   83    1    1    1    1    1    1    1    1  2.19440E+14 0.00199 
   84   84    1    1    1    1    1    1    1    1  1.57756E+14 0.00265 
   85   85    1    1    1    1    1    1    1    1  1.14238E+14 0.00331 
   86   86    1    1    1    1    1    1    1    1  1.05977E+14 0.00262 
   87   87    1    1    1    1    1    1    1    1  6.55834E+13 0.00399 
   88   88    1    1    1    1    1    1    1    1  4.42022E+13 0.00305 
   89   89    1    1    1    1    1    1    1    1  2.54205E+13 0.00488 
   90   90    1    1    1    1    1    1    1    1  1.68473E+13 0.00775 
   91   91    1    1    1    1    1    1    1    1  8.41732E+12 0.00890 
   92   92    1    1    1    1    1    1    1    1  4.02826E+12 0.01190 
   93   93    1    1    1    1    1    1    1    1  2.04399E+12 0.02427 
   94   94    1    1    1    1    1    1    1    1  9.61157E+11 0.02987 
   95   95    1    1    1    1    1    1    1    1  4.48704E+11 0.03836 
   96   96    1    1    1    1    1    1    1    1  2.14423E+11 0.05979 
   97   97    1    1    1    1    1    1    1    1  9.98533E+10 0.08959 
   98   98    1    1    1    1    1    1    1    1  5.08472E+10 0.14539 
   99   99    1    1    1    1    1    1    1    1  2.13434E+10 0.18801 
  100  100    1    1    1    1    1    1    1    1  2.21050E+10 0.20823 
];


