
DETdpaspec = [
    1    1    1    1    1    1    1    1    1    1  0.00000E+00 0.00000 
    2    2    1    1    1    1    1    1    1    1  0.00000E+00 0.00000 
    3    3    1    1    1    1    1    1    1    1  0.00000E+00 0.00000 
    4    4    1    1    1    1    1    1    1    1  0.00000E+00 0.00000 
    5    5    1    1    1    1    1    1    1    1  0.00000E+00 0.00000 
    6    6    1    1    1    1    1    1    1    1  0.00000E+00 0.00000 
    7    7    1    1    1    1    1    1    1    1  0.00000E+00 0.00000 
    8    8    1    1    1    1    1    1    1    1  0.00000E+00 0.00000 
    9    9    1    1    1    1    1    1    1    1  2.13937E+07 0.69999 
   10   10    1    1    1    1    1    1    1    1  1.03929E+08 0.70593 
   11   11    1    1    1    1    1    1    1    1  1.64908E+08 0.69216 
   12   12    1    1    1    1    1    1    1    1  1.08350E+08 0.68847 
   13   13    1    1    1    1    1    1    1    1  1.20842E+09 0.49210 
   14   14    1    1    1    1    1    1    1    1  3.39104E+09 0.40769 
   15   15    1    1    1    1    1    1    1    1  6.30902E+09 0.35859 
   16   16    1    1    1    1    1    1    1    1  2.34700E+09 0.43824 
   17   17    1    1    1    1    1    1    1    1  5.24292E+09 0.25287 
   18   18    1    1    1    1    1    1    1    1  1.00552E+10 0.24459 
   19   19    1    1    1    1    1    1    1    1  1.00269E+10 0.22743 
   20   20    1    1    1    1    1    1    1    1  3.95415E+10 0.11186 
   21   21    1    1    1    1    1    1    1    1  3.92267E+10 0.11043 
   22   22    1    1    1    1    1    1    1    1  7.47542E+10 0.08686 
   23   23    1    1    1    1    1    1    1    1  1.09663E+11 0.09592 
   24   24    1    1    1    1    1    1    1    1  1.74678E+11 0.07081 
   25   25    1    1    1    1    1    1    1    1  2.51331E+11 0.04744 
   26   26    1    1    1    1    1    1    1    1  4.40684E+11 0.04753 
   27   27    1    1    1    1    1    1    1    1  8.40679E+11 0.03115 
   28   28    1    1    1    1    1    1    1    1  2.08821E+12 0.02389 
   29   29    1    1    1    1    1    1    1    1  3.73835E+12 0.01297 
   30   30    1    1    1    1    1    1    1    1  1.01001E+13 0.00754 
   31   31    1    1    1    1    1    1    1    1  3.05534E+13 0.00512 
   32   32    1    1    1    1    1    1    1    1  5.48157E+13 0.00392 
   33   33    1    1    1    1    1    1    1    1  1.29421E+14 0.00289 
   34   34    1    1    1    1    1    1    1    1  1.80658E+14 0.00210 
   35   35    1    1    1    1    1    1    1    1  2.24661E+14 0.00193 
   36   36    1    1    1    1    1    1    1    1  1.49216E+14 0.00190 
   37   37    1    1    1    1    1    1    1    1  4.50131E+13 0.00208 
   38   38    1    1    1    1    1    1    1    1  2.55166E+14 0.00145 
   39   39    1    1    1    1    1    1    1    1  3.42778E+14 0.00127 
   40   40    1    1    1    1    1    1    1    1  5.92439E+14 0.00099 
   41   41    1    1    1    1    1    1    1    1  5.90839E+14 0.00073 
   42   42    1    1    1    1    1    1    1    1  1.26902E+15 0.00081 
   43   43    1    1    1    1    1    1    1    1  1.53894E+15 0.00084 
   44   44    1    1    1    1    1    1    1    1  2.22324E+15 0.00102 
   45   45    1    1    1    1    1    1    1    1  4.45065E+15 0.00066 
   46   46    1    1    1    1    1    1    1    1  2.07850E+15 0.00093 
   47   47    1    1    1    1    1    1    1    1  3.33193E+15 0.00075 
   48   48    1    1    1    1    1    1    1    1  4.65783E+15 0.00059 
   49   49    1    1    1    1    1    1    1    1  4.59050E+15 0.00066 
   50   50    1    1    1    1    1    1    1    1  7.21432E+15 0.00068 
   51   51    1    1    1    1    1    1    1    1  5.71219E+15 0.00066 
   52   52    1    1    1    1    1    1    1    1  6.85565E+15 0.00077 
   53   53    1    1    1    1    1    1    1    1  4.76404E+15 0.00078 
   54   54    1    1    1    1    1    1    1    1  5.88232E+15 0.00073 
   55   55    1    1    1    1    1    1    1    1  4.05129E+15 0.00056 
   56   56    1    1    1    1    1    1    1    1  5.49733E+14 0.00098 
   57   57    1    1    1    1    1    1    1    1  8.04801E+15 0.00072 
   58   58    1    1    1    1    1    1    1    1  3.62654E+15 0.00057 
   59   59    1    1    1    1    1    1    1    1  3.85118E+15 0.00084 
   60   60    1    1    1    1    1    1    1    1  3.02644E+15 0.00066 
   61   61    1    1    1    1    1    1    1    1  3.02840E+15 0.00091 
   62   62    1    1    1    1    1    1    1    1  3.15859E+15 0.00085 
   63   63    1    1    1    1    1    1    1    1  2.66545E+15 0.00088 
   64   64    1    1    1    1    1    1    1    1  2.12176E+15 0.00094 
   65   65    1    1    1    1    1    1    1    1  2.10949E+15 0.00091 
   66   66    1    1    1    1    1    1    1    1  1.52589E+15 0.00084 
   67   67    1    1    1    1    1    1    1    1  1.24092E+15 0.00108 
   68   68    1    1    1    1    1    1    1    1  1.11245E+15 0.00094 
   69   69    1    1    1    1    1    1    1    1  1.33434E+15 0.00106 
   70   70    1    1    1    1    1    1    1    1  1.13686E+15 0.00081 
   71   71    1    1    1    1    1    1    1    1  2.05765E+15 0.00101 
   72   72    1    1    1    1    1    1    1    1  1.45357E+15 0.00113 
   73   73    1    1    1    1    1    1    1    1  1.09720E+15 0.00140 
   74   74    1    1    1    1    1    1    1    1  8.88025E+14 0.00109 
   75   75    1    1    1    1    1    1    1    1  7.40503E+14 0.00094 
   76   76    1    1    1    1    1    1    1    1  8.62162E+14 0.00110 
   77   77    1    1    1    1    1    1    1    1  6.86420E+14 0.00123 
   78   78    1    1    1    1    1    1    1    1  5.48246E+14 0.00137 
   79   79    1    1    1    1    1    1    1    1  5.67412E+14 0.00106 
   80   80    1    1    1    1    1    1    1    1  4.21468E+14 0.00090 
   81   81    1    1    1    1    1    1    1    1  3.24898E+14 0.00172 
   82   82    1    1    1    1    1    1    1    1  2.49030E+14 0.00163 
   83   83    1    1    1    1    1    1    1    1  2.34022E+14 0.00169 
   84   84    1    1    1    1    1    1    1    1  1.68864E+14 0.00231 
   85   85    1    1    1    1    1    1    1    1  1.21237E+14 0.00259 
   86   86    1    1    1    1    1    1    1    1  1.14034E+14 0.00182 
   87   87    1    1    1    1    1    1    1    1  6.96065E+13 0.00332 
   88   88    1    1    1    1    1    1    1    1  4.71402E+13 0.00385 
   89   89    1    1    1    1    1    1    1    1  2.69027E+13 0.00415 
   90   90    1    1    1    1    1    1    1    1  1.77376E+13 0.00708 
   91   91    1    1    1    1    1    1    1    1  9.04484E+12 0.01200 
   92   92    1    1    1    1    1    1    1    1  4.42004E+12 0.01528 
   93   93    1    1    1    1    1    1    1    1  2.08697E+12 0.01796 
   94   94    1    1    1    1    1    1    1    1  9.84729E+11 0.02979 
   95   95    1    1    1    1    1    1    1    1  4.83062E+11 0.04090 
   96   96    1    1    1    1    1    1    1    1  2.33410E+11 0.05594 
   97   97    1    1    1    1    1    1    1    1  1.03513E+11 0.07813 
   98   98    1    1    1    1    1    1    1    1  4.87851E+10 0.15062 
   99   99    1    1    1    1    1    1    1    1  2.08161E+10 0.15677 
  100  100    1    1    1    1    1    1    1    1  1.66060E+10 0.17231 
];


