
DETdpaspec = [
    1    1    1    1    1    1    1    1    1    1  0.00000E+00 0.00000 
    2    2    1    1    1    1    1    1    1    1  0.00000E+00 0.00000 
    3    3    1    1    1    1    1    1    1    1  0.00000E+00 0.00000 
    4    4    1    1    1    1    1    1    1    1  0.00000E+00 0.00000 
    5    5    1    1    1    1    1    1    1    1  1.52385E+07 1.00000 
    6    6    1    1    1    1    1    1    1    1  2.88023E+07 0.69235 
    7    7    1    1    1    1    1    1    1    1  0.00000E+00 0.00000 
    8    8    1    1    1    1    1    1    1    1  0.00000E+00 0.00000 
    9    9    1    1    1    1    1    1    1    1  2.12731E+07 0.70300 
   10   10    1    1    1    1    1    1    1    1  1.25272E+08 1.00000 
   11   11    1    1    1    1    1    1    1    1  7.42800E+07 1.00000 
   12   12    1    1    1    1    1    1    1    1  1.43583E+07 1.00000 
   13   13    1    1    1    1    1    1    1    1  8.47866E+08 0.43998 
   14   14    1    1    1    1    1    1    1    1  5.09104E+09 0.39662 
   15   15    1    1    1    1    1    1    1    1  7.88037E+09 0.31130 
   16   16    1    1    1    1    1    1    1    1  2.94003E+09 0.29339 
   17   17    1    1    1    1    1    1    1    1  5.05883E+09 0.26297 
   18   18    1    1    1    1    1    1    1    1  9.71020E+09 0.22418 
   19   19    1    1    1    1    1    1    1    1  9.24925E+09 0.24558 
   20   20    1    1    1    1    1    1    1    1  4.33137E+10 0.11137 
   21   21    1    1    1    1    1    1    1    1  3.68288E+10 0.12831 
   22   22    1    1    1    1    1    1    1    1  7.58194E+10 0.08108 
   23   23    1    1    1    1    1    1    1    1  1.30682E+11 0.08082 
   24   24    1    1    1    1    1    1    1    1  1.86193E+11 0.05964 
   25   25    1    1    1    1    1    1    1    1  2.21077E+11 0.05450 
   26   26    1    1    1    1    1    1    1    1  3.95526E+11 0.04604 
   27   27    1    1    1    1    1    1    1    1  7.18725E+11 0.03863 
   28   28    1    1    1    1    1    1    1    1  1.57313E+12 0.02327 
   29   29    1    1    1    1    1    1    1    1  2.67235E+12 0.01590 
   30   30    1    1    1    1    1    1    1    1  7.55355E+12 0.00621 
   31   31    1    1    1    1    1    1    1    1  2.31820E+13 0.00691 
   32   32    1    1    1    1    1    1    1    1  4.33216E+13 0.00465 
   33   33    1    1    1    1    1    1    1    1  1.03649E+14 0.00278 
   34   34    1    1    1    1    1    1    1    1  1.45562E+14 0.00225 
   35   35    1    1    1    1    1    1    1    1  1.91229E+14 0.00186 
   36   36    1    1    1    1    1    1    1    1  1.30280E+14 0.00161 
   37   37    1    1    1    1    1    1    1    1  3.98315E+13 0.00181 
   38   38    1    1    1    1    1    1    1    1  2.22742E+14 0.00150 
   39   39    1    1    1    1    1    1    1    1  3.00917E+14 0.00138 
   40   40    1    1    1    1    1    1    1    1  5.17791E+14 0.00116 
   41   41    1    1    1    1    1    1    1    1  5.23838E+14 0.00100 
   42   42    1    1    1    1    1    1    1    1  1.11751E+15 0.00079 
   43   43    1    1    1    1    1    1    1    1  1.35733E+15 0.00092 
   44   44    1    1    1    1    1    1    1    1  1.96394E+15 0.00092 
   45   45    1    1    1    1    1    1    1    1  3.92773E+15 0.00084 
   46   46    1    1    1    1    1    1    1    1  1.84993E+15 0.00101 
   47   47    1    1    1    1    1    1    1    1  2.97816E+15 0.00088 
   48   48    1    1    1    1    1    1    1    1  4.17217E+15 0.00088 
   49   49    1    1    1    1    1    1    1    1  4.13055E+15 0.00061 
   50   50    1    1    1    1    1    1    1    1  6.46672E+15 0.00082 
   51   51    1    1    1    1    1    1    1    1  5.16580E+15 0.00059 
   52   52    1    1    1    1    1    1    1    1  6.14711E+15 0.00059 
   53   53    1    1    1    1    1    1    1    1  4.28376E+15 0.00062 
   54   54    1    1    1    1    1    1    1    1  5.25844E+15 0.00062 
   55   55    1    1    1    1    1    1    1    1  3.63013E+15 0.00089 
   56   56    1    1    1    1    1    1    1    1  4.93742E+14 0.00089 
   57   57    1    1    1    1    1    1    1    1  7.22144E+15 0.00069 
   58   58    1    1    1    1    1    1    1    1  3.22601E+15 0.00086 
   59   59    1    1    1    1    1    1    1    1  3.43521E+15 0.00088 
   60   60    1    1    1    1    1    1    1    1  2.67861E+15 0.00085 
   61   61    1    1    1    1    1    1    1    1  2.68544E+15 0.00079 
   62   62    1    1    1    1    1    1    1    1  2.80038E+15 0.00085 
   63   63    1    1    1    1    1    1    1    1  2.35845E+15 0.00085 
   64   64    1    1    1    1    1    1    1    1  1.87894E+15 0.00067 
   65   65    1    1    1    1    1    1    1    1  1.86583E+15 0.00082 
   66   66    1    1    1    1    1    1    1    1  1.35171E+15 0.00047 
   67   67    1    1    1    1    1    1    1    1  1.10226E+15 0.00086 
   68   68    1    1    1    1    1    1    1    1  9.89277E+14 0.00079 
   69   69    1    1    1    1    1    1    1    1  1.18942E+15 0.00098 
   70   70    1    1    1    1    1    1    1    1  1.01235E+15 0.00134 
   71   71    1    1    1    1    1    1    1    1  1.84455E+15 0.00112 
   72   72    1    1    1    1    1    1    1    1  1.30653E+15 0.00109 
   73   73    1    1    1    1    1    1    1    1  9.85456E+14 0.00104 
   74   74    1    1    1    1    1    1    1    1  7.93763E+14 0.00167 
   75   75    1    1    1    1    1    1    1    1  6.57754E+14 0.00165 
   76   76    1    1    1    1    1    1    1    1  7.63339E+14 0.00145 
   77   77    1    1    1    1    1    1    1    1  6.03454E+14 0.00141 
   78   78    1    1    1    1    1    1    1    1  4.80233E+14 0.00164 
   79   79    1    1    1    1    1    1    1    1  4.94934E+14 0.00158 
   80   80    1    1    1    1    1    1    1    1  3.66475E+14 0.00169 
   81   81    1    1    1    1    1    1    1    1  2.82973E+14 0.00162 
   82   82    1    1    1    1    1    1    1    1  2.16827E+14 0.00212 
   83   83    1    1    1    1    1    1    1    1  2.02690E+14 0.00171 
   84   84    1    1    1    1    1    1    1    1  1.45362E+14 0.00247 
   85   85    1    1    1    1    1    1    1    1  1.05702E+14 0.00302 
   86   86    1    1    1    1    1    1    1    1  9.83190E+13 0.00282 
   87   87    1    1    1    1    1    1    1    1  6.09458E+13 0.00387 
   88   88    1    1    1    1    1    1    1    1  4.13171E+13 0.00651 
   89   89    1    1    1    1    1    1    1    1  2.34613E+13 0.00422 
   90   90    1    1    1    1    1    1    1    1  1.55945E+13 0.00650 
   91   91    1    1    1    1    1    1    1    1  7.74510E+12 0.00732 
   92   92    1    1    1    1    1    1    1    1  3.81239E+12 0.01481 
   93   93    1    1    1    1    1    1    1    1  1.86938E+12 0.02163 
   94   94    1    1    1    1    1    1    1    1  8.88354E+11 0.03397 
   95   95    1    1    1    1    1    1    1    1  4.66889E+11 0.03782 
   96   96    1    1    1    1    1    1    1    1  1.98473E+11 0.06669 
   97   97    1    1    1    1    1    1    1    1  1.07764E+11 0.09333 
   98   98    1    1    1    1    1    1    1    1  4.21309E+10 0.14100 
   99   99    1    1    1    1    1    1    1    1  2.05044E+10 0.26075 
  100  100    1    1    1    1    1    1    1    1  1.60721E+10 0.22740 
];


