
DETdpaspec = [
    1    1    1    1    1    1    1    1    1    1  0.00000E+00 0.00000 
    2    2    1    1    1    1    1    1    1    1  0.00000E+00 0.00000 
    3    3    1    1    1    1    1    1    1    1  0.00000E+00 0.00000 
    4    4    1    1    1    1    1    1    1    1  1.17472E+07 1.00000 
    5    5    1    1    1    1    1    1    1    1  0.00000E+00 0.00000 
    6    6    1    1    1    1    1    1    1    1  9.69294E+06 1.00000 
    7    7    1    1    1    1    1    1    1    1  0.00000E+00 0.00000 
    8    8    1    1    1    1    1    1    1    1  0.00000E+00 0.00000 
    9    9    1    1    1    1    1    1    1    1  1.27744E+07 1.00000 
   10   10    1    1    1    1    1    1    1    1  5.47324E+07 1.00000 
   11   11    1    1    1    1    1    1    1    1  0.00000E+00 0.00000 
   12   12    1    1    1    1    1    1    1    1  7.49513E+07 0.72714 
   13   13    1    1    1    1    1    1    1    1  1.18319E+09 0.57987 
   14   14    1    1    1    1    1    1    1    1  2.76199E+09 0.57010 
   15   15    1    1    1    1    1    1    1    1  4.41135E+09 0.31993 
   16   16    1    1    1    1    1    1    1    1  2.02265E+09 0.40494 
   17   17    1    1    1    1    1    1    1    1  2.99598E+09 0.23530 
   18   18    1    1    1    1    1    1    1    1  7.83768E+09 0.22978 
   19   19    1    1    1    1    1    1    1    1  1.29910E+10 0.17309 
   20   20    1    1    1    1    1    1    1    1  3.64961E+10 0.11840 
   21   21    1    1    1    1    1    1    1    1  2.28284E+10 0.14952 
   22   22    1    1    1    1    1    1    1    1  7.89699E+10 0.07129 
   23   23    1    1    1    1    1    1    1    1  9.18374E+10 0.04377 
   24   24    1    1    1    1    1    1    1    1  1.60493E+11 0.06019 
   25   25    1    1    1    1    1    1    1    1  1.87782E+11 0.05865 
   26   26    1    1    1    1    1    1    1    1  2.81180E+11 0.04615 
   27   27    1    1    1    1    1    1    1    1  5.23264E+11 0.02211 
   28   28    1    1    1    1    1    1    1    1  9.86038E+11 0.02082 
   29   29    1    1    1    1    1    1    1    1  1.38541E+12 0.01968 
   30   30    1    1    1    1    1    1    1    1  4.25709E+12 0.01253 
   31   31    1    1    1    1    1    1    1    1  1.31136E+13 0.00911 
   32   32    1    1    1    1    1    1    1    1  2.48039E+13 0.00689 
   33   33    1    1    1    1    1    1    1    1  5.54390E+13 0.00416 
   34   34    1    1    1    1    1    1    1    1  7.40062E+13 0.00416 
   35   35    1    1    1    1    1    1    1    1  1.05863E+14 0.00331 
   36   36    1    1    1    1    1    1    1    1  7.44690E+13 0.00274 
   37   37    1    1    1    1    1    1    1    1  2.35381E+13 0.00295 
   38   38    1    1    1    1    1    1    1    1  1.27622E+14 0.00292 
   39   39    1    1    1    1    1    1    1    1  1.70719E+14 0.00242 
   40   40    1    1    1    1    1    1    1    1  2.88460E+14 0.00207 
   41   41    1    1    1    1    1    1    1    1  2.98639E+14 0.00229 
   42   42    1    1    1    1    1    1    1    1  6.17232E+14 0.00177 
   43   43    1    1    1    1    1    1    1    1  7.37756E+14 0.00147 
   44   44    1    1    1    1    1    1    1    1  1.05412E+15 0.00146 
   45   45    1    1    1    1    1    1    1    1  2.03776E+15 0.00156 
   46   46    1    1    1    1    1    1    1    1  9.64641E+14 0.00172 
   47   47    1    1    1    1    1    1    1    1  1.55893E+15 0.00138 
   48   48    1    1    1    1    1    1    1    1  2.16688E+15 0.00124 
   49   49    1    1    1    1    1    1    1    1  2.14001E+15 0.00139 
   50   50    1    1    1    1    1    1    1    1  3.26458E+15 0.00161 
   51   51    1    1    1    1    1    1    1    1  2.63787E+15 0.00162 
   52   52    1    1    1    1    1    1    1    1  3.05410E+15 0.00160 
   53   53    1    1    1    1    1    1    1    1  2.13205E+15 0.00159 
   54   54    1    1    1    1    1    1    1    1  2.54504E+15 0.00175 
   55   55    1    1    1    1    1    1    1    1  1.75818E+15 0.00178 
   56   56    1    1    1    1    1    1    1    1  2.40669E+14 0.00183 
   57   57    1    1    1    1    1    1    1    1  3.49177E+15 0.00156 
   58   58    1    1    1    1    1    1    1    1  1.50655E+15 0.00185 
   59   59    1    1    1    1    1    1    1    1  1.61224E+15 0.00207 
   60   60    1    1    1    1    1    1    1    1  1.22818E+15 0.00173 
   61   61    1    1    1    1    1    1    1    1  1.23562E+15 0.00198 
   62   62    1    1    1    1    1    1    1    1  1.27892E+15 0.00173 
   63   63    1    1    1    1    1    1    1    1  1.06538E+15 0.00192 
   64   64    1    1    1    1    1    1    1    1  8.46970E+14 0.00202 
   65   65    1    1    1    1    1    1    1    1  8.36728E+14 0.00188 
   66   66    1    1    1    1    1    1    1    1  6.04334E+14 0.00234 
   67   67    1    1    1    1    1    1    1    1  4.95866E+14 0.00236 
   68   68    1    1    1    1    1    1    1    1  4.45688E+14 0.00216 
   69   69    1    1    1    1    1    1    1    1  5.35038E+14 0.00232 
   70   70    1    1    1    1    1    1    1    1  4.55260E+14 0.00184 
   71   71    1    1    1    1    1    1    1    1  8.43112E+14 0.00220 
   72   72    1    1    1    1    1    1    1    1  5.97582E+14 0.00198 
   73   73    1    1    1    1    1    1    1    1  4.49603E+14 0.00241 
   74   74    1    1    1    1    1    1    1    1  3.55516E+14 0.00222 
   75   75    1    1    1    1    1    1    1    1  2.89655E+14 0.00194 
   76   76    1    1    1    1    1    1    1    1  3.29092E+14 0.00249 
   77   77    1    1    1    1    1    1    1    1  2.55550E+14 0.00320 
   78   78    1    1    1    1    1    1    1    1  2.00413E+14 0.00278 
   79   79    1    1    1    1    1    1    1    1  2.05064E+14 0.00273 
   80   80    1    1    1    1    1    1    1    1  1.50627E+14 0.00322 
   81   81    1    1    1    1    1    1    1    1  1.16027E+14 0.00315 
   82   82    1    1    1    1    1    1    1    1  8.88729E+13 0.00317 
   83   83    1    1    1    1    1    1    1    1  8.23469E+13 0.00359 
   84   84    1    1    1    1    1    1    1    1  5.94490E+13 0.00401 
   85   85    1    1    1    1    1    1    1    1  4.27799E+13 0.00391 
   86   86    1    1    1    1    1    1    1    1  4.03598E+13 0.00599 
   87   87    1    1    1    1    1    1    1    1  2.46837E+13 0.00632 
   88   88    1    1    1    1    1    1    1    1  1.69294E+13 0.00790 
   89   89    1    1    1    1    1    1    1    1  9.55882E+12 0.00998 
   90   90    1    1    1    1    1    1    1    1  6.41715E+12 0.01016 
   91   91    1    1    1    1    1    1    1    1  3.26223E+12 0.01325 
   92   92    1    1    1    1    1    1    1    1  1.59261E+12 0.02117 
   93   93    1    1    1    1    1    1    1    1  7.36148E+11 0.03075 
   94   94    1    1    1    1    1    1    1    1  4.05257E+11 0.03958 
   95   95    1    1    1    1    1    1    1    1  1.84213E+11 0.06202 
   96   96    1    1    1    1    1    1    1    1  7.32331E+10 0.13322 
   97   97    1    1    1    1    1    1    1    1  4.60870E+10 0.09723 
   98   98    1    1    1    1    1    1    1    1  2.39365E+10 0.24050 
   99   99    1    1    1    1    1    1    1    1  5.55738E+09 0.34759 
  100  100    1    1    1    1    1    1    1    1  7.80781E+09 0.33623 
];


