
DETdpaspec = [
    1    1    1    1    1    1    1    1    1    1  0.00000E+00 0.00000 
    2    2    1    1    1    1    1    1    1    1  0.00000E+00 0.00000 
    3    3    1    1    1    1    1    1    1    1  0.00000E+00 0.00000 
    4    4    1    1    1    1    1    1    1    1  0.00000E+00 0.00000 
    5    5    1    1    1    1    1    1    1    1  0.00000E+00 0.00000 
    6    6    1    1    1    1    1    1    1    1  0.00000E+00 0.00000 
    7    7    1    1    1    1    1    1    1    1  0.00000E+00 0.00000 
    8    8    1    1    1    1    1    1    1    1  1.80947E+07 1.00000 
    9    9    1    1    1    1    1    1    1    1  1.29084E+07 1.00000 
   10   10    1    1    1    1    1    1    1    1  5.53724E+07 1.00000 
   11   11    1    1    1    1    1    1    1    1  3.24855E+08 0.55263 
   12   12    1    1    1    1    1    1    1    1  2.76179E+07 0.94302 
   13   13    1    1    1    1    1    1    1    1  9.11434E+08 0.49755 
   14   14    1    1    1    1    1    1    1    1  1.78767E+09 0.86569 
   15   15    1    1    1    1    1    1    1    1  7.07823E+09 0.28522 
   16   16    1    1    1    1    1    1    1    1  1.68411E+09 0.32067 
   17   17    1    1    1    1    1    1    1    1  6.05422E+09 0.23207 
   18   18    1    1    1    1    1    1    1    1  1.23461E+10 0.13264 
   19   19    1    1    1    1    1    1    1    1  8.56282E+09 0.23963 
   20   20    1    1    1    1    1    1    1    1  3.64320E+10 0.11666 
   21   21    1    1    1    1    1    1    1    1  2.49118E+10 0.10567 
   22   22    1    1    1    1    1    1    1    1  7.84481E+10 0.07839 
   23   23    1    1    1    1    1    1    1    1  8.39572E+10 0.06336 
   24   24    1    1    1    1    1    1    1    1  1.42151E+11 0.06872 
   25   25    1    1    1    1    1    1    1    1  1.79294E+11 0.05146 
   26   26    1    1    1    1    1    1    1    1  2.98852E+11 0.02999 
   27   27    1    1    1    1    1    1    1    1  5.40323E+11 0.02970 
   28   28    1    1    1    1    1    1    1    1  1.01296E+12 0.02678 
   29   29    1    1    1    1    1    1    1    1  1.44494E+12 0.01738 
   30   30    1    1    1    1    1    1    1    1  4.51857E+12 0.01117 
   31   31    1    1    1    1    1    1    1    1  1.37301E+13 0.00935 
   32   32    1    1    1    1    1    1    1    1  2.57114E+13 0.00491 
   33   33    1    1    1    1    1    1    1    1  5.84067E+13 0.00415 
   34   34    1    1    1    1    1    1    1    1  7.82261E+13 0.00370 
   35   35    1    1    1    1    1    1    1    1  1.11344E+14 0.00338 
   36   36    1    1    1    1    1    1    1    1  7.84030E+13 0.00295 
   37   37    1    1    1    1    1    1    1    1  2.46834E+13 0.00316 
   38   38    1    1    1    1    1    1    1    1  1.33836E+14 0.00262 
   39   39    1    1    1    1    1    1    1    1  1.79336E+14 0.00314 
   40   40    1    1    1    1    1    1    1    1  3.01741E+14 0.00207 
   41   41    1    1    1    1    1    1    1    1  3.12515E+14 0.00178 
   42   42    1    1    1    1    1    1    1    1  6.46899E+14 0.00167 
   43   43    1    1    1    1    1    1    1    1  7.77099E+14 0.00165 
   44   44    1    1    1    1    1    1    1    1  1.11017E+15 0.00139 
   45   45    1    1    1    1    1    1    1    1  2.14890E+15 0.00102 
   46   46    1    1    1    1    1    1    1    1  1.01706E+15 0.00107 
   47   47    1    1    1    1    1    1    1    1  1.64412E+15 0.00124 
   48   48    1    1    1    1    1    1    1    1  2.28710E+15 0.00124 
   49   49    1    1    1    1    1    1    1    1  2.26273E+15 0.00117 
   50   50    1    1    1    1    1    1    1    1  3.46029E+15 0.00116 
   51   51    1    1    1    1    1    1    1    1  2.79632E+15 0.00105 
   52   52    1    1    1    1    1    1    1    1  3.23753E+15 0.00135 
   53   53    1    1    1    1    1    1    1    1  2.26021E+15 0.00143 
   54   54    1    1    1    1    1    1    1    1  2.69829E+15 0.00122 
   55   55    1    1    1    1    1    1    1    1  1.86489E+15 0.00121 
   56   56    1    1    1    1    1    1    1    1  2.54682E+14 0.00167 
   57   57    1    1    1    1    1    1    1    1  3.70761E+15 0.00111 
   58   58    1    1    1    1    1    1    1    1  1.60185E+15 0.00137 
   59   59    1    1    1    1    1    1    1    1  1.71405E+15 0.00147 
   60   60    1    1    1    1    1    1    1    1  1.30720E+15 0.00148 
   61   61    1    1    1    1    1    1    1    1  1.31474E+15 0.00147 
   62   62    1    1    1    1    1    1    1    1  1.36052E+15 0.00149 
   63   63    1    1    1    1    1    1    1    1  1.13556E+15 0.00171 
   64   64    1    1    1    1    1    1    1    1  9.02158E+14 0.00194 
   65   65    1    1    1    1    1    1    1    1  8.95020E+14 0.00152 
   66   66    1    1    1    1    1    1    1    1  6.45260E+14 0.00173 
   67   67    1    1    1    1    1    1    1    1  5.27980E+14 0.00171 
   68   68    1    1    1    1    1    1    1    1  4.75071E+14 0.00184 
   69   69    1    1    1    1    1    1    1    1  5.70296E+14 0.00217 
   70   70    1    1    1    1    1    1    1    1  4.86185E+14 0.00254 
   71   71    1    1    1    1    1    1    1    1  8.99855E+14 0.00255 
   72   72    1    1    1    1    1    1    1    1  6.38725E+14 0.00222 
   73   73    1    1    1    1    1    1    1    1  4.78991E+14 0.00201 
   74   74    1    1    1    1    1    1    1    1  3.80051E+14 0.00245 
   75   75    1    1    1    1    1    1    1    1  3.09653E+14 0.00227 
   76   76    1    1    1    1    1    1    1    1  3.51956E+14 0.00211 
   77   77    1    1    1    1    1    1    1    1  2.73176E+14 0.00194 
   78   78    1    1    1    1    1    1    1    1  2.15152E+14 0.00245 
   79   79    1    1    1    1    1    1    1    1  2.20274E+14 0.00237 
   80   80    1    1    1    1    1    1    1    1  1.62383E+14 0.00269 
   81   81    1    1    1    1    1    1    1    1  1.24249E+14 0.00283 
   82   82    1    1    1    1    1    1    1    1  9.56748E+13 0.00234 
   83   83    1    1    1    1    1    1    1    1  8.87806E+13 0.00205 
   84   84    1    1    1    1    1    1    1    1  6.39874E+13 0.00222 
   85   85    1    1    1    1    1    1    1    1  4.59030E+13 0.00435 
   86   86    1    1    1    1    1    1    1    1  4.32750E+13 0.00491 
   87   87    1    1    1    1    1    1    1    1  2.69437E+13 0.00489 
   88   88    1    1    1    1    1    1    1    1  1.80505E+13 0.00557 
   89   89    1    1    1    1    1    1    1    1  1.03678E+13 0.01022 
   90   90    1    1    1    1    1    1    1    1  6.90670E+12 0.01189 
   91   91    1    1    1    1    1    1    1    1  3.46267E+12 0.01620 
   92   92    1    1    1    1    1    1    1    1  1.72918E+12 0.02409 
   93   93    1    1    1    1    1    1    1    1  8.48046E+11 0.03654 
   94   94    1    1    1    1    1    1    1    1  3.99774E+11 0.05279 
   95   95    1    1    1    1    1    1    1    1  1.61988E+11 0.05649 
   96   96    1    1    1    1    1    1    1    1  9.39793E+10 0.11173 
   97   97    1    1    1    1    1    1    1    1  3.93793E+10 0.14722 
   98   98    1    1    1    1    1    1    1    1  2.97185E+10 0.15070 
   99   99    1    1    1    1    1    1    1    1  1.08161E+10 0.27412 
  100  100    1    1    1    1    1    1    1    1  9.06188E+09 0.38422 
];


