
DETdpaspec = [
    1    1    1    1    1    1    1    1    1    1  0.00000E+00 0.00000 
    2    2    1    1    1    1    1    1    1    1  0.00000E+00 0.00000 
    3    3    1    1    1    1    1    1    1    1  0.00000E+00 0.00000 
    4    4    1    1    1    1    1    1    1    1  0.00000E+00 0.00000 
    5    5    1    1    1    1    1    1    1    1  0.00000E+00 0.00000 
    6    6    1    1    1    1    1    1    1    1  0.00000E+00 0.00000 
    7    7    1    1    1    1    1    1    1    1  0.00000E+00 0.00000 
    8    8    1    1    1    1    1    1    1    1  0.00000E+00 0.00000 
    9    9    1    1    1    1    1    1    1    1  1.88638E+07 0.68852 
   10   10    1    1    1    1    1    1    1    1  5.07140E+07 1.00000 
   11   11    1    1    1    1    1    1    1    1  1.85874E+08 0.76865 
   12   12    1    1    1    1    1    1    1    1  6.39826E+07 0.52474 
   13   13    1    1    1    1    1    1    1    1  1.69473E+09 0.49359 
   14   14    1    1    1    1    1    1    1    1  6.34332E+09 0.32507 
   15   15    1    1    1    1    1    1    1    1  3.99169E+09 0.36720 
   16   16    1    1    1    1    1    1    1    1  2.89058E+09 0.24473 
   17   17    1    1    1    1    1    1    1    1  3.51362E+09 0.21646 
   18   18    1    1    1    1    1    1    1    1  1.43090E+10 0.21329 
   19   19    1    1    1    1    1    1    1    1  1.11728E+10 0.21314 
   20   20    1    1    1    1    1    1    1    1  4.54045E+10 0.11088 
   21   21    1    1    1    1    1    1    1    1  3.56497E+10 0.09659 
   22   22    1    1    1    1    1    1    1    1  7.24016E+10 0.06328 
   23   23    1    1    1    1    1    1    1    1  1.02679E+11 0.06457 
   24   24    1    1    1    1    1    1    1    1  1.54321E+11 0.08417 
   25   25    1    1    1    1    1    1    1    1  2.19098E+11 0.05252 
   26   26    1    1    1    1    1    1    1    1  3.27021E+11 0.05454 
   27   27    1    1    1    1    1    1    1    1  5.67331E+11 0.03487 
   28   28    1    1    1    1    1    1    1    1  1.11987E+12 0.02097 
   29   29    1    1    1    1    1    1    1    1  1.67344E+12 0.01959 
   30   30    1    1    1    1    1    1    1    1  5.10179E+12 0.01572 
   31   31    1    1    1    1    1    1    1    1  1.56589E+13 0.00786 
   32   32    1    1    1    1    1    1    1    1  2.96099E+13 0.00467 
   33   33    1    1    1    1    1    1    1    1  6.80861E+13 0.00436 
   34   34    1    1    1    1    1    1    1    1  9.22017E+13 0.00328 
   35   35    1    1    1    1    1    1    1    1  1.30207E+14 0.00332 
   36   36    1    1    1    1    1    1    1    1  9.14505E+13 0.00298 
   37   37    1    1    1    1    1    1    1    1  2.87541E+13 0.00342 
   38   38    1    1    1    1    1    1    1    1  1.56565E+14 0.00301 
   39   39    1    1    1    1    1    1    1    1  2.10402E+14 0.00267 
   40   40    1    1    1    1    1    1    1    1  3.56985E+14 0.00237 
   41   41    1    1    1    1    1    1    1    1  3.68371E+14 0.00187 
   42   42    1    1    1    1    1    1    1    1  7.67752E+14 0.00172 
   43   43    1    1    1    1    1    1    1    1  9.23082E+14 0.00181 
   44   44    1    1    1    1    1    1    1    1  1.32771E+15 0.00175 
   45   45    1    1    1    1    1    1    1    1  2.59524E+15 0.00161 
   46   46    1    1    1    1    1    1    1    1  1.22861E+15 0.00156 
   47   47    1    1    1    1    1    1    1    1  1.98373E+15 0.00141 
   48   48    1    1    1    1    1    1    1    1  2.76567E+15 0.00164 
   49   49    1    1    1    1    1    1    1    1  2.73771E+15 0.00166 
   50   50    1    1    1    1    1    1    1    1  4.20950E+15 0.00142 
   51   51    1    1    1    1    1    1    1    1  3.39546E+15 0.00132 
   52   52    1    1    1    1    1    1    1    1  3.95740E+15 0.00128 
   53   53    1    1    1    1    1    1    1    1  2.76329E+15 0.00121 
   54   54    1    1    1    1    1    1    1    1  3.32401E+15 0.00121 
   55   55    1    1    1    1    1    1    1    1  2.29628E+15 0.00133 
   56   56    1    1    1    1    1    1    1    1  3.13683E+14 0.00134 
   57   57    1    1    1    1    1    1    1    1  4.56528E+15 0.00116 
   58   58    1    1    1    1    1    1    1    1  1.98951E+15 0.00138 
   59   59    1    1    1    1    1    1    1    1  2.12634E+15 0.00132 
   60   60    1    1    1    1    1    1    1    1  1.62844E+15 0.00142 
   61   61    1    1    1    1    1    1    1    1  1.63671E+15 0.00151 
   62   62    1    1    1    1    1    1    1    1  1.69685E+15 0.00115 
   63   63    1    1    1    1    1    1    1    1  1.42081E+15 0.00147 
   64   64    1    1    1    1    1    1    1    1  1.12946E+15 0.00163 
   65   65    1    1    1    1    1    1    1    1  1.11967E+15 0.00142 
   66   66    1    1    1    1    1    1    1    1  8.08962E+14 0.00159 
   67   67    1    1    1    1    1    1    1    1  6.61944E+14 0.00181 
   68   68    1    1    1    1    1    1    1    1  5.95410E+14 0.00191 
   69   69    1    1    1    1    1    1    1    1  7.16558E+14 0.00208 
   70   70    1    1    1    1    1    1    1    1  6.09639E+14 0.00157 
   71   71    1    1    1    1    1    1    1    1  1.12366E+15 0.00148 
   72   72    1    1    1    1    1    1    1    1  7.98214E+14 0.00170 
   73   73    1    1    1    1    1    1    1    1  5.98385E+14 0.00157 
   74   74    1    1    1    1    1    1    1    1  4.75723E+14 0.00235 
   75   75    1    1    1    1    1    1    1    1  3.89540E+14 0.00212 
   76   76    1    1    1    1    1    1    1    1  4.45842E+14 0.00178 
   77   77    1    1    1    1    1    1    1    1  3.46457E+14 0.00272 
   78   78    1    1    1    1    1    1    1    1  2.73270E+14 0.00199 
   79   79    1    1    1    1    1    1    1    1  2.80040E+14 0.00225 
   80   80    1    1    1    1    1    1    1    1  2.06967E+14 0.00233 
   81   81    1    1    1    1    1    1    1    1  1.58507E+14 0.00201 
   82   82    1    1    1    1    1    1    1    1  1.21216E+14 0.00282 
   83   83    1    1    1    1    1    1    1    1  1.13836E+14 0.00255 
   84   84    1    1    1    1    1    1    1    1  8.19334E+13 0.00247 
   85   85    1    1    1    1    1    1    1    1  5.92733E+13 0.00458 
   86   86    1    1    1    1    1    1    1    1  5.54261E+13 0.00428 
   87   87    1    1    1    1    1    1    1    1  3.37808E+13 0.00458 
   88   88    1    1    1    1    1    1    1    1  2.31326E+13 0.00628 
   89   89    1    1    1    1    1    1    1    1  1.33829E+13 0.00912 
   90   90    1    1    1    1    1    1    1    1  8.88413E+12 0.00891 
   91   91    1    1    1    1    1    1    1    1  4.42337E+12 0.01145 
   92   92    1    1    1    1    1    1    1    1  2.13137E+12 0.01651 
   93   93    1    1    1    1    1    1    1    1  1.02502E+12 0.02779 
   94   94    1    1    1    1    1    1    1    1  5.06376E+11 0.03363 
   95   95    1    1    1    1    1    1    1    1  2.42043E+11 0.05570 
   96   96    1    1    1    1    1    1    1    1  1.22382E+11 0.08993 
   97   97    1    1    1    1    1    1    1    1  6.37703E+10 0.09903 
   98   98    1    1    1    1    1    1    1    1  3.27908E+10 0.16105 
   99   99    1    1    1    1    1    1    1    1  1.44944E+10 0.27735 
  100  100    1    1    1    1    1    1    1    1  1.85517E+10 0.19766 
];


