
DETdpaspec = [
    1    1    1    1    1    1    1    1    1    1  0.00000E+00 0.00000 
    2    2    1    1    1    1    1    1    1    1  0.00000E+00 0.00000 
    3    3    1    1    1    1    1    1    1    1  0.00000E+00 0.00000 
    4    4    1    1    1    1    1    1    1    1  0.00000E+00 0.00000 
    5    5    1    1    1    1    1    1    1    1  0.00000E+00 0.00000 
    6    6    1    1    1    1    1    1    1    1  0.00000E+00 0.00000 
    7    7    1    1    1    1    1    1    1    1  0.00000E+00 0.00000 
    8    8    1    1    1    1    1    1    1    1  0.00000E+00 0.00000 
    9    9    1    1    1    1    1    1    1    1  2.94997E+07 0.70426 
   10   10    1    1    1    1    1    1    1    1  3.08183E+07 1.00000 
   11   11    1    1    1    1    1    1    1    1  1.11028E+08 1.00000 
   12   12    1    1    1    1    1    1    1    1  3.53438E+07 1.00000 
   13   13    1    1    1    1    1    1    1    1  1.99567E+09 0.50909 
   14   14    1    1    1    1    1    1    1    1  4.99098E+09 0.46460 
   15   15    1    1    1    1    1    1    1    1  2.19646E+09 0.45675 
   16   16    1    1    1    1    1    1    1    1  1.64217E+09 0.42075 
   17   17    1    1    1    1    1    1    1    1  3.65096E+09 0.31657 
   18   18    1    1    1    1    1    1    1    1  1.26416E+10 0.16653 
   19   19    1    1    1    1    1    1    1    1  1.54259E+10 0.18468 
   20   20    1    1    1    1    1    1    1    1  4.55875E+10 0.13285 
   21   21    1    1    1    1    1    1    1    1  3.27918E+10 0.11269 
   22   22    1    1    1    1    1    1    1    1  7.28700E+10 0.07751 
   23   23    1    1    1    1    1    1    1    1  1.18638E+11 0.06559 
   24   24    1    1    1    1    1    1    1    1  1.82853E+11 0.06586 
   25   25    1    1    1    1    1    1    1    1  2.46931E+11 0.04828 
   26   26    1    1    1    1    1    1    1    1  3.43671E+11 0.04717 
   27   27    1    1    1    1    1    1    1    1  6.72945E+11 0.03107 
   28   28    1    1    1    1    1    1    1    1  1.45458E+12 0.02205 
   29   29    1    1    1    1    1    1    1    1  2.39149E+12 0.01712 
   30   30    1    1    1    1    1    1    1    1  6.86828E+12 0.01003 
   31   31    1    1    1    1    1    1    1    1  2.10124E+13 0.00628 
   32   32    1    1    1    1    1    1    1    1  3.95189E+13 0.00459 
   33   33    1    1    1    1    1    1    1    1  9.39432E+13 0.00260 
   34   34    1    1    1    1    1    1    1    1  1.31113E+14 0.00216 
   35   35    1    1    1    1    1    1    1    1  1.75703E+14 0.00183 
   36   36    1    1    1    1    1    1    1    1  1.20673E+14 0.00198 
   37   37    1    1    1    1    1    1    1    1  3.72122E+13 0.00237 
   38   38    1    1    1    1    1    1    1    1  2.07527E+14 0.00135 
   39   39    1    1    1    1    1    1    1    1  2.79887E+14 0.00155 
   40   40    1    1    1    1    1    1    1    1  4.80843E+14 0.00109 
   41   41    1    1    1    1    1    1    1    1  4.89144E+14 0.00103 
   42   42    1    1    1    1    1    1    1    1  1.04014E+15 0.00100 
   43   43    1    1    1    1    1    1    1    1  1.25943E+15 0.00085 
   44   44    1    1    1    1    1    1    1    1  1.82130E+15 0.00112 
   45   45    1    1    1    1    1    1    1    1  3.62753E+15 0.00099 
   46   46    1    1    1    1    1    1    1    1  1.71298E+15 0.00094 
   47   47    1    1    1    1    1    1    1    1  2.76185E+15 0.00098 
   48   48    1    1    1    1    1    1    1    1  3.86811E+15 0.00092 
   49   49    1    1    1    1    1    1    1    1  3.83249E+15 0.00089 
   50   50    1    1    1    1    1    1    1    1  5.97319E+15 0.00077 
   51   51    1    1    1    1    1    1    1    1  4.78960E+15 0.00074 
   52   52    1    1    1    1    1    1    1    1  5.68185E+15 0.00064 
   53   53    1    1    1    1    1    1    1    1  3.96123E+15 0.00074 
   54   54    1    1    1    1    1    1    1    1  4.83959E+15 0.00083 
   55   55    1    1    1    1    1    1    1    1  3.33914E+15 0.00066 
   56   56    1    1    1    1    1    1    1    1  4.55224E+14 0.00078 
   57   57    1    1    1    1    1    1    1    1  6.65201E+15 0.00072 
   58   58    1    1    1    1    1    1    1    1  2.95423E+15 0.00081 
   59   59    1    1    1    1    1    1    1    1  3.15036E+15 0.00079 
   60   60    1    1    1    1    1    1    1    1  2.44553E+15 0.00105 
   61   61    1    1    1    1    1    1    1    1  2.45622E+15 0.00090 
   62   62    1    1    1    1    1    1    1    1  2.55611E+15 0.00098 
   63   63    1    1    1    1    1    1    1    1  2.14843E+15 0.00120 
   64   64    1    1    1    1    1    1    1    1  1.71178E+15 0.00122 
   65   65    1    1    1    1    1    1    1    1  1.70085E+15 0.00153 
   66   66    1    1    1    1    1    1    1    1  1.22966E+15 0.00105 
   67   67    1    1    1    1    1    1    1    1  1.00396E+15 0.00116 
   68   68    1    1    1    1    1    1    1    1  9.01373E+14 0.00115 
   69   69    1    1    1    1    1    1    1    1  1.08190E+15 0.00126 
   70   70    1    1    1    1    1    1    1    1  9.22300E+14 0.00135 
   71   71    1    1    1    1    1    1    1    1  1.68698E+15 0.00101 
   72   72    1    1    1    1    1    1    1    1  1.19844E+15 0.00123 
   73   73    1    1    1    1    1    1    1    1  9.02530E+14 0.00156 
   74   74    1    1    1    1    1    1    1    1  7.23460E+14 0.00135 
   75   75    1    1    1    1    1    1    1    1  5.98487E+14 0.00158 
   76   76    1    1    1    1    1    1    1    1  6.91452E+14 0.00147 
   77   77    1    1    1    1    1    1    1    1  5.44588E+14 0.00134 
   78   78    1    1    1    1    1    1    1    1  4.31291E+14 0.00137 
   79   79    1    1    1    1    1    1    1    1  4.45163E+14 0.00190 
   80   80    1    1    1    1    1    1    1    1  3.29387E+14 0.00187 
   81   81    1    1    1    1    1    1    1    1  2.53246E+14 0.00216 
   82   82    1    1    1    1    1    1    1    1  1.94432E+14 0.00193 
   83   83    1    1    1    1    1    1    1    1  1.82671E+14 0.00241 
   84   84    1    1    1    1    1    1    1    1  1.30656E+14 0.00273 
   85   85    1    1    1    1    1    1    1    1  9.45066E+13 0.00302 
   86   86    1    1    1    1    1    1    1    1  8.85140E+13 0.00330 
   87   87    1    1    1    1    1    1    1    1  5.47415E+13 0.00447 
   88   88    1    1    1    1    1    1    1    1  3.71280E+13 0.00544 
   89   89    1    1    1    1    1    1    1    1  2.11076E+13 0.00697 
   90   90    1    1    1    1    1    1    1    1  1.39236E+13 0.00705 
   91   91    1    1    1    1    1    1    1    1  6.94464E+12 0.01142 
   92   92    1    1    1    1    1    1    1    1  3.39134E+12 0.01695 
   93   93    1    1    1    1    1    1    1    1  1.53649E+12 0.02256 
   94   94    1    1    1    1    1    1    1    1  8.35421E+11 0.03696 
   95   95    1    1    1    1    1    1    1    1  3.99952E+11 0.04330 
   96   96    1    1    1    1    1    1    1    1  1.77590E+11 0.07103 
   97   97    1    1    1    1    1    1    1    1  8.41569E+10 0.13172 
   98   98    1    1    1    1    1    1    1    1  3.75022E+10 0.13208 
   99   99    1    1    1    1    1    1    1    1  1.85108E+10 0.22036 
  100  100    1    1    1    1    1    1    1    1  1.87434E+10 0.25948 
];


