
DETdpaspec = [
    1    1    1    1    1    1    1    1    1    1  0.00000E+00 0.00000 
    2    2    1    1    1    1    1    1    1    1  0.00000E+00 0.00000 
    3    3    1    1    1    1    1    1    1    1  0.00000E+00 0.00000 
    4    4    1    1    1    1    1    1    1    1  0.00000E+00 0.00000 
    5    5    1    1    1    1    1    1    1    1  0.00000E+00 0.00000 
    6    6    1    1    1    1    1    1    1    1  0.00000E+00 0.00000 
    7    7    1    1    1    1    1    1    1    1  0.00000E+00 0.00000 
    8    8    1    1    1    1    1    1    1    1  0.00000E+00 0.00000 
    9    9    1    1    1    1    1    1    1    1  0.00000E+00 0.00000 
   10   10    1    1    1    1    1    1    1    1  5.94460E+07 1.00000 
   11   11    1    1    1    1    1    1    1    1  2.26767E+08 1.00000 
   12   12    1    1    1    1    1    1    1    1  9.40203E+06 0.71775 
   13   13    1    1    1    1    1    1    1    1  2.60830E+09 0.43242 
   14   14    1    1    1    1    1    1    1    1  2.39396E+09 0.35028 
   15   15    1    1    1    1    1    1    1    1  3.35659E+09 0.41157 
   16   16    1    1    1    1    1    1    1    1  2.61004E+08 0.46954 
   17   17    1    1    1    1    1    1    1    1  1.59072E+09 0.39915 
   18   18    1    1    1    1    1    1    1    1  8.40563E+09 0.20837 
   19   19    1    1    1    1    1    1    1    1  1.23329E+10 0.19844 
   20   20    1    1    1    1    1    1    1    1  3.13013E+10 0.15682 
   21   21    1    1    1    1    1    1    1    1  1.92579E+10 0.13355 
   22   22    1    1    1    1    1    1    1    1  5.15761E+10 0.09261 
   23   23    1    1    1    1    1    1    1    1  6.89382E+10 0.06564 
   24   24    1    1    1    1    1    1    1    1  1.13419E+11 0.04591 
   25   25    1    1    1    1    1    1    1    1  1.42556E+11 0.06807 
   26   26    1    1    1    1    1    1    1    1  2.23095E+11 0.04885 
   27   27    1    1    1    1    1    1    1    1  4.06515E+11 0.04721 
   28   28    1    1    1    1    1    1    1    1  7.48485E+11 0.03130 
   29   29    1    1    1    1    1    1    1    1  1.05866E+12 0.02045 
   30   30    1    1    1    1    1    1    1    1  3.35060E+12 0.01671 
   31   31    1    1    1    1    1    1    1    1  1.03612E+13 0.00885 
   32   32    1    1    1    1    1    1    1    1  1.91058E+13 0.00884 
   33   33    1    1    1    1    1    1    1    1  4.21953E+13 0.00539 
   34   34    1    1    1    1    1    1    1    1  5.61997E+13 0.00366 
   35   35    1    1    1    1    1    1    1    1  8.11406E+13 0.00357 
   36   36    1    1    1    1    1    1    1    1  5.71970E+13 0.00359 
   37   37    1    1    1    1    1    1    1    1  1.81231E+13 0.00312 
   38   38    1    1    1    1    1    1    1    1  9.75414E+13 0.00343 
   39   39    1    1    1    1    1    1    1    1  1.29803E+14 0.00271 
   40   40    1    1    1    1    1    1    1    1  2.17013E+14 0.00274 
   41   41    1    1    1    1    1    1    1    1  2.25360E+14 0.00242 
   42   42    1    1    1    1    1    1    1    1  4.63129E+14 0.00241 
   43   43    1    1    1    1    1    1    1    1  5.52597E+14 0.00251 
   44   44    1    1    1    1    1    1    1    1  7.84446E+14 0.00207 
   45   45    1    1    1    1    1    1    1    1  1.49954E+15 0.00176 
   46   46    1    1    1    1    1    1    1    1  7.08039E+14 0.00170 
   47   47    1    1    1    1    1    1    1    1  1.14339E+15 0.00142 
   48   48    1    1    1    1    1    1    1    1  1.58132E+15 0.00166 
   49   49    1    1    1    1    1    1    1    1  1.56017E+15 0.00173 
   50   50    1    1    1    1    1    1    1    1  2.36724E+15 0.00151 
   51   51    1    1    1    1    1    1    1    1  1.91378E+15 0.00171 
   52   52    1    1    1    1    1    1    1    1  2.19769E+15 0.00188 
   53   53    1    1    1    1    1    1    1    1  1.52891E+15 0.00207 
   54   54    1    1    1    1    1    1    1    1  1.81347E+15 0.00185 
   55   55    1    1    1    1    1    1    1    1  1.25422E+15 0.00154 
   56   56    1    1    1    1    1    1    1    1  1.71528E+14 0.00237 
   57   57    1    1    1    1    1    1    1    1  2.48456E+15 0.00190 
   58   58    1    1    1    1    1    1    1    1  1.06630E+15 0.00217 
   59   59    1    1    1    1    1    1    1    1  1.13897E+15 0.00220 
   60   60    1    1    1    1    1    1    1    1  8.63398E+14 0.00208 
   61   61    1    1    1    1    1    1    1    1  8.68486E+14 0.00189 
   62   62    1    1    1    1    1    1    1    1  8.96751E+14 0.00204 
   63   63    1    1    1    1    1    1    1    1  7.46279E+14 0.00204 
   64   64    1    1    1    1    1    1    1    1  5.91490E+14 0.00232 
   65   65    1    1    1    1    1    1    1    1  5.84754E+14 0.00250 
   66   66    1    1    1    1    1    1    1    1  4.20638E+14 0.00207 
   67   67    1    1    1    1    1    1    1    1  3.45393E+14 0.00257 
   68   68    1    1    1    1    1    1    1    1  3.11730E+14 0.00250 
   69   69    1    1    1    1    1    1    1    1  3.73424E+14 0.00264 
   70   70    1    1    1    1    1    1    1    1  3.19259E+14 0.00241 
   71   71    1    1    1    1    1    1    1    1  5.89877E+14 0.00251 
   72   72    1    1    1    1    1    1    1    1  4.19901E+14 0.00264 
   73   73    1    1    1    1    1    1    1    1  3.13802E+14 0.00231 
   74   74    1    1    1    1    1    1    1    1  2.46301E+14 0.00278 
   75   75    1    1    1    1    1    1    1    1  2.00155E+14 0.00300 
   76   76    1    1    1    1    1    1    1    1  2.27036E+14 0.00257 
   77   77    1    1    1    1    1    1    1    1  1.75662E+14 0.00322 
   78   78    1    1    1    1    1    1    1    1  1.37557E+14 0.00310 
   79   79    1    1    1    1    1    1    1    1  1.39386E+14 0.00268 
   80   80    1    1    1    1    1    1    1    1  1.02990E+14 0.00242 
   81   81    1    1    1    1    1    1    1    1  7.90257E+13 0.00349 
   82   82    1    1    1    1    1    1    1    1  6.07050E+13 0.00391 
   83   83    1    1    1    1    1    1    1    1  5.65894E+13 0.00432 
   84   84    1    1    1    1    1    1    1    1  4.07287E+13 0.00493 
   85   85    1    1    1    1    1    1    1    1  2.93034E+13 0.00644 
   86   86    1    1    1    1    1    1    1    1  2.73507E+13 0.00506 
   87   87    1    1    1    1    1    1    1    1  1.67587E+13 0.00751 
   88   88    1    1    1    1    1    1    1    1  1.16170E+13 0.00997 
   89   89    1    1    1    1    1    1    1    1  6.59990E+12 0.01119 
   90   90    1    1    1    1    1    1    1    1  4.35406E+12 0.01613 
   91   91    1    1    1    1    1    1    1    1  2.18275E+12 0.02033 
   92   92    1    1    1    1    1    1    1    1  1.13149E+12 0.03432 
   93   93    1    1    1    1    1    1    1    1  5.71967E+11 0.03500 
   94   94    1    1    1    1    1    1    1    1  2.53574E+11 0.04281 
   95   95    1    1    1    1    1    1    1    1  1.30099E+11 0.07283 
   96   96    1    1    1    1    1    1    1    1  6.32231E+10 0.11365 
   97   97    1    1    1    1    1    1    1    1  3.65657E+10 0.11572 
   98   98    1    1    1    1    1    1    1    1  8.96355E+09 0.24921 
   99   99    1    1    1    1    1    1    1    1  2.23469E+09 0.35051 
  100  100    1    1    1    1    1    1    1    1  6.06367E+09 0.44153 
];


