
DETdpaspec = [
    1    1    1    1    1    1    1    1    1    1  0.00000E+00 0.00000 
    2    2    1    1    1    1    1    1    1    1  0.00000E+00 0.00000 
    3    3    1    1    1    1    1    1    1    1  0.00000E+00 0.00000 
    4    4    1    1    1    1    1    1    1    1  0.00000E+00 0.00000 
    5    5    1    1    1    1    1    1    1    1  1.60345E+07 1.00000 
    6    6    1    1    1    1    1    1    1    1  0.00000E+00 0.00000 
    7    7    1    1    1    1    1    1    1    1  0.00000E+00 0.00000 
    8    8    1    1    1    1    1    1    1    1  1.98622E+07 1.00000 
    9    9    1    1    1    1    1    1    1    1  0.00000E+00 0.00000 
   10   10    1    1    1    1    1    1    1    1  3.28545E+07 1.00000 
   11   11    1    1    1    1    1    1    1    1  5.72580E+08 0.60589 
   12   12    1    1    1    1    1    1    1    1  5.56483E+07 0.86794 
   13   13    1    1    1    1    1    1    1    1  2.49995E+09 0.50950 
   14   14    1    1    1    1    1    1    1    1  2.97162E+09 0.48717 
   15   15    1    1    1    1    1    1    1    1  1.12093E+10 0.31720 
   16   16    1    1    1    1    1    1    1    1  1.68709E+09 0.28925 
   17   17    1    1    1    1    1    1    1    1  6.00888E+09 0.31212 
   18   18    1    1    1    1    1    1    1    1  8.96851E+09 0.20646 
   19   19    1    1    1    1    1    1    1    1  9.29109E+09 0.20040 
   20   20    1    1    1    1    1    1    1    1  4.40520E+10 0.16214 
   21   21    1    1    1    1    1    1    1    1  3.97364E+10 0.10452 
   22   22    1    1    1    1    1    1    1    1  6.92179E+10 0.07409 
   23   23    1    1    1    1    1    1    1    1  9.39862E+10 0.07626 
   24   24    1    1    1    1    1    1    1    1  1.74426E+11 0.05667 
   25   25    1    1    1    1    1    1    1    1  2.32599E+11 0.06134 
   26   26    1    1    1    1    1    1    1    1  4.27280E+11 0.04693 
   27   27    1    1    1    1    1    1    1    1  8.17138E+11 0.03325 
   28   28    1    1    1    1    1    1    1    1  1.82482E+12 0.01643 
   29   29    1    1    1    1    1    1    1    1  3.16624E+12 0.01375 
   30   30    1    1    1    1    1    1    1    1  8.72278E+12 0.00962 
   31   31    1    1    1    1    1    1    1    1  2.65994E+13 0.00636 
   32   32    1    1    1    1    1    1    1    1  4.85890E+13 0.00306 
   33   33    1    1    1    1    1    1    1    1  1.15706E+14 0.00296 
   34   34    1    1    1    1    1    1    1    1  1.61803E+14 0.00192 
   35   35    1    1    1    1    1    1    1    1  2.06339E+14 0.00163 
   36   36    1    1    1    1    1    1    1    1  1.39028E+14 0.00157 
   37   37    1    1    1    1    1    1    1    1  4.23439E+13 0.00193 
   38   38    1    1    1    1    1    1    1    1  2.38171E+14 0.00123 
   39   39    1    1    1    1    1    1    1    1  3.21516E+14 0.00132 
   40   40    1    1    1    1    1    1    1    1  5.54941E+14 0.00127 
   41   41    1    1    1    1    1    1    1    1  5.57212E+14 0.00126 
   42   42    1    1    1    1    1    1    1    1  1.19356E+15 0.00109 
   43   43    1    1    1    1    1    1    1    1  1.44876E+15 0.00096 
   44   44    1    1    1    1    1    1    1    1  2.09674E+15 0.00094 
   45   45    1    1    1    1    1    1    1    1  4.19780E+15 0.00086 
   46   46    1    1    1    1    1    1    1    1  1.96953E+15 0.00102 
   47   47    1    1    1    1    1    1    1    1  3.16694E+15 0.00082 
   48   48    1    1    1    1    1    1    1    1  4.43298E+15 0.00093 
   49   49    1    1    1    1    1    1    1    1  4.37882E+15 0.00074 
   50   50    1    1    1    1    1    1    1    1  6.87400E+15 0.00068 
   51   51    1    1    1    1    1    1    1    1  5.46953E+15 0.00073 
   52   52    1    1    1    1    1    1    1    1  6.54313E+15 0.00084 
   53   53    1    1    1    1    1    1    1    1  4.55508E+15 0.00082 
   54   54    1    1    1    1    1    1    1    1  5.60841E+15 0.00080 
   55   55    1    1    1    1    1    1    1    1  3.86514E+15 0.00068 
   56   56    1    1    1    1    1    1    1    1  5.25848E+14 0.00075 
   57   57    1    1    1    1    1    1    1    1  7.68941E+15 0.00056 
   58   58    1    1    1    1    1    1    1    1  3.45267E+15 0.00073 
   59   59    1    1    1    1    1    1    1    1  3.67406E+15 0.00088 
   60   60    1    1    1    1    1    1    1    1  2.87776E+15 0.00083 
   61   61    1    1    1    1    1    1    1    1  2.87995E+15 0.00096 
   62   62    1    1    1    1    1    1    1    1  3.00206E+15 0.00096 
   63   63    1    1    1    1    1    1    1    1  2.53412E+15 0.00098 
   64   64    1    1    1    1    1    1    1    1  2.01578E+15 0.00088 
   65   65    1    1    1    1    1    1    1    1  2.00726E+15 0.00086 
   66   66    1    1    1    1    1    1    1    1  1.45177E+15 0.00104 
   67   67    1    1    1    1    1    1    1    1  1.18118E+15 0.00084 
   68   68    1    1    1    1    1    1    1    1  1.05838E+15 0.00127 
   69   69    1    1    1    1    1    1    1    1  1.27247E+15 0.00122 
   70   70    1    1    1    1    1    1    1    1  1.08291E+15 0.00124 
   71   71    1    1    1    1    1    1    1    1  1.96433E+15 0.00094 
   72   72    1    1    1    1    1    1    1    1  1.39216E+15 0.00120 
   73   73    1    1    1    1    1    1    1    1  1.05177E+15 0.00123 
   74   74    1    1    1    1    1    1    1    1  8.47087E+14 0.00148 
   75   75    1    1    1    1    1    1    1    1  7.05959E+14 0.00135 
   76   76    1    1    1    1    1    1    1    1  8.20926E+14 0.00133 
   77   77    1    1    1    1    1    1    1    1  6.49608E+14 0.00148 
   78   78    1    1    1    1    1    1    1    1  5.19598E+14 0.00145 
   79   79    1    1    1    1    1    1    1    1  5.36575E+14 0.00132 
   80   80    1    1    1    1    1    1    1    1  3.98047E+14 0.00157 
   81   81    1    1    1    1    1    1    1    1  3.06299E+14 0.00164 
   82   82    1    1    1    1    1    1    1    1  2.35469E+14 0.00249 
   83   83    1    1    1    1    1    1    1    1  2.19932E+14 0.00228 
   84   84    1    1    1    1    1    1    1    1  1.58658E+14 0.00247 
   85   85    1    1    1    1    1    1    1    1  1.14677E+14 0.00209 
   86   86    1    1    1    1    1    1    1    1  1.06184E+14 0.00382 
   87   87    1    1    1    1    1    1    1    1  6.55359E+13 0.00358 
   88   88    1    1    1    1    1    1    1    1  4.42441E+13 0.00547 
   89   89    1    1    1    1    1    1    1    1  2.56055E+13 0.00443 
   90   90    1    1    1    1    1    1    1    1  1.68247E+13 0.00723 
   91   91    1    1    1    1    1    1    1    1  8.47591E+12 0.00954 
   92   92    1    1    1    1    1    1    1    1  4.03144E+12 0.01568 
   93   93    1    1    1    1    1    1    1    1  1.93898E+12 0.02261 
   94   94    1    1    1    1    1    1    1    1  9.32083E+11 0.03146 
   95   95    1    1    1    1    1    1    1    1  4.50248E+11 0.03060 
   96   96    1    1    1    1    1    1    1    1  2.00986E+11 0.07347 
   97   97    1    1    1    1    1    1    1    1  1.11989E+11 0.10308 
   98   98    1    1    1    1    1    1    1    1  4.33550E+10 0.15348 
   99   99    1    1    1    1    1    1    1    1  2.39727E+10 0.18515 
  100  100    1    1    1    1    1    1    1    1  2.12075E+10 0.20737 
];


