
DETdpaspec = [
    1    1    1    1    1    1    1    1    1    1  0.00000E+00 0.00000 
    2    2    1    1    1    1    1    1    1    1  0.00000E+00 0.00000 
    3    3    1    1    1    1    1    1    1    1  0.00000E+00 0.00000 
    4    4    1    1    1    1    1    1    1    1  0.00000E+00 0.00000 
    5    5    1    1    1    1    1    1    1    1  0.00000E+00 0.00000 
    6    6    1    1    1    1    1    1    1    1  0.00000E+00 0.00000 
    7    7    1    1    1    1    1    1    1    1  0.00000E+00 0.00000 
    8    8    1    1    1    1    1    1    1    1  1.97530E+07 1.00000 
    9    9    1    1    1    1    1    1    1    1  0.00000E+00 0.00000 
   10   10    1    1    1    1    1    1    1    1  0.00000E+00 0.00000 
   11   11    1    1    1    1    1    1    1    1  0.00000E+00 0.00000 
   12   12    1    1    1    1    1    1    1    1  0.00000E+00 0.00000 
   13   13    1    1    1    1    1    1    1    1  1.02743E+09 0.53004 
   14   14    1    1    1    1    1    1    1    1  1.94062E+09 0.40638 
   15   15    1    1    1    1    1    1    1    1  3.71417E+09 0.45666 
   16   16    1    1    1    1    1    1    1    1  1.20717E+09 0.53901 
   17   17    1    1    1    1    1    1    1    1  2.15190E+09 0.32212 
   18   18    1    1    1    1    1    1    1    1  5.70561E+09 0.42202 
   19   19    1    1    1    1    1    1    1    1  4.15872E+09 0.23274 
   20   20    1    1    1    1    1    1    1    1  2.02754E+10 0.21182 
   21   21    1    1    1    1    1    1    1    1  1.64341E+10 0.14252 
   22   22    1    1    1    1    1    1    1    1  4.61295E+10 0.09400 
   23   23    1    1    1    1    1    1    1    1  5.88931E+10 0.08130 
   24   24    1    1    1    1    1    1    1    1  1.00488E+11 0.08042 
   25   25    1    1    1    1    1    1    1    1  1.26514E+11 0.05879 
   26   26    1    1    1    1    1    1    1    1  1.87025E+11 0.05554 
   27   27    1    1    1    1    1    1    1    1  3.43018E+11 0.04381 
   28   28    1    1    1    1    1    1    1    1  6.35157E+11 0.03043 
   29   29    1    1    1    1    1    1    1    1  8.50648E+11 0.02250 
   30   30    1    1    1    1    1    1    1    1  2.69483E+12 0.01712 
   31   31    1    1    1    1    1    1    1    1  8.00187E+12 0.00987 
   32   32    1    1    1    1    1    1    1    1  1.48814E+13 0.00918 
   33   33    1    1    1    1    1    1    1    1  3.25600E+13 0.00585 
   34   34    1    1    1    1    1    1    1    1  4.25533E+13 0.00411 
   35   35    1    1    1    1    1    1    1    1  6.18266E+13 0.00473 
   36   36    1    1    1    1    1    1    1    1  4.33746E+13 0.00371 
   37   37    1    1    1    1    1    1    1    1  1.38229E+13 0.00368 
   38   38    1    1    1    1    1    1    1    1  7.37535E+13 0.00346 
   39   39    1    1    1    1    1    1    1    1  9.81215E+13 0.00367 
   40   40    1    1    1    1    1    1    1    1  1.63248E+14 0.00328 
   41   41    1    1    1    1    1    1    1    1  1.69594E+14 0.00272 
   42   42    1    1    1    1    1    1    1    1  3.45870E+14 0.00292 
   43   43    1    1    1    1    1    1    1    1  4.11085E+14 0.00253 
   44   44    1    1    1    1    1    1    1    1  5.79120E+14 0.00263 
   45   45    1    1    1    1    1    1    1    1  1.09925E+15 0.00275 
   46   46    1    1    1    1    1    1    1    1  5.18144E+14 0.00274 
   47   47    1    1    1    1    1    1    1    1  8.36663E+14 0.00287 
   48   48    1    1    1    1    1    1    1    1  1.15290E+15 0.00277 
   49   49    1    1    1    1    1    1    1    1  1.13584E+15 0.00281 
   50   50    1    1    1    1    1    1    1    1  1.71376E+15 0.00233 
   51   51    1    1    1    1    1    1    1    1  1.38482E+15 0.00221 
   52   52    1    1    1    1    1    1    1    1  1.58035E+15 0.00244 
   53   53    1    1    1    1    1    1    1    1  1.09944E+15 0.00257 
   54   54    1    1    1    1    1    1    1    1  1.29912E+15 0.00241 
   55   55    1    1    1    1    1    1    1    1  8.96454E+14 0.00282 
   56   56    1    1    1    1    1    1    1    1  1.23009E+14 0.00310 
   57   57    1    1    1    1    1    1    1    1  1.77530E+15 0.00273 
   58   58    1    1    1    1    1    1    1    1  7.55641E+14 0.00304 
   59   59    1    1    1    1    1    1    1    1  8.09358E+14 0.00289 
   60   60    1    1    1    1    1    1    1    1  6.09826E+14 0.00333 
   61   61    1    1    1    1    1    1    1    1  6.13724E+14 0.00303 
   62   62    1    1    1    1    1    1    1    1  6.32109E+14 0.00308 
   63   63    1    1    1    1    1    1    1    1  5.25530E+14 0.00344 
   64   64    1    1    1    1    1    1    1    1  4.16706E+14 0.00325 
   65   65    1    1    1    1    1    1    1    1  4.10961E+14 0.00290 
   66   66    1    1    1    1    1    1    1    1  2.96844E+14 0.00340 
   67   67    1    1    1    1    1    1    1    1  2.43433E+14 0.00289 
   68   68    1    1    1    1    1    1    1    1  2.19004E+14 0.00326 
   69   69    1    1    1    1    1    1    1    1  2.62308E+14 0.00378 
   70   70    1    1    1    1    1    1    1    1  2.23243E+14 0.00352 
   71   71    1    1    1    1    1    1    1    1  4.15592E+14 0.00327 
   72   72    1    1    1    1    1    1    1    1  2.95180E+14 0.00368 
   73   73    1    1    1    1    1    1    1    1  2.20530E+14 0.00317 
   74   74    1    1    1    1    1    1    1    1  1.73050E+14 0.00384 
   75   75    1    1    1    1    1    1    1    1  1.40457E+14 0.00285 
   76   76    1    1    1    1    1    1    1    1  1.58093E+14 0.00384 
   77   77    1    1    1    1    1    1    1    1  1.21914E+14 0.00411 
   78   78    1    1    1    1    1    1    1    1  9.47969E+13 0.00472 
   79   79    1    1    1    1    1    1    1    1  9.69630E+13 0.00441 
   80   80    1    1    1    1    1    1    1    1  7.13970E+13 0.00414 
   81   81    1    1    1    1    1    1    1    1  5.44146E+13 0.00607 
   82   82    1    1    1    1    1    1    1    1  4.15481E+13 0.00681 
   83   83    1    1    1    1    1    1    1    1  3.90170E+13 0.00556 
   84   84    1    1    1    1    1    1    1    1  2.78533E+13 0.00614 
   85   85    1    1    1    1    1    1    1    1  2.03894E+13 0.00802 
   86   86    1    1    1    1    1    1    1    1  1.88975E+13 0.00663 
   87   87    1    1    1    1    1    1    1    1  1.16990E+13 0.00927 
   88   88    1    1    1    1    1    1    1    1  7.86823E+12 0.01111 
   89   89    1    1    1    1    1    1    1    1  4.53503E+12 0.01383 
   90   90    1    1    1    1    1    1    1    1  3.02915E+12 0.01503 
   91   91    1    1    1    1    1    1    1    1  1.55794E+12 0.02418 
   92   92    1    1    1    1    1    1    1    1  8.02130E+11 0.03585 
   93   93    1    1    1    1    1    1    1    1  3.48494E+11 0.04358 
   94   94    1    1    1    1    1    1    1    1  1.68812E+11 0.05404 
   95   95    1    1    1    1    1    1    1    1  8.65980E+10 0.09143 
   96   96    1    1    1    1    1    1    1    1  4.32818E+10 0.16788 
   97   97    1    1    1    1    1    1    1    1  1.84800E+10 0.22642 
   98   98    1    1    1    1    1    1    1    1  6.69904E+09 0.27815 
   99   99    1    1    1    1    1    1    1    1  3.04239E+09 0.55874 
  100  100    1    1    1    1    1    1    1    1  1.09788E+09 0.72820 
];


