
DETdpaspec = [
    1    1    1    1    1    1    1    1    1    1  0.00000E+00 0.00000 
    2    2    1    1    1    1    1    1    1    1  0.00000E+00 0.00000 
    3    3    1    1    1    1    1    1    1    1  0.00000E+00 0.00000 
    4    4    1    1    1    1    1    1    1    1  0.00000E+00 0.00000 
    5    5    1    1    1    1    1    1    1    1  0.00000E+00 0.00000 
    6    6    1    1    1    1    1    1    1    1  0.00000E+00 0.00000 
    7    7    1    1    1    1    1    1    1    1  0.00000E+00 0.00000 
    8    8    1    1    1    1    1    1    1    1  0.00000E+00 0.00000 
    9    9    1    1    1    1    1    1    1    1  0.00000E+00 0.00000 
   10   10    1    1    1    1    1    1    1    1  0.00000E+00 0.00000 
   11   11    1    1    1    1    1    1    1    1  3.12317E+08 0.57595 
   12   12    1    1    1    1    1    1    1    1  6.40754E+07 0.71355 
   13   13    1    1    1    1    1    1    1    1  7.70221E+08 0.78974 
   14   14    1    1    1    1    1    1    1    1  1.26238E+09 0.42131 
   15   15    1    1    1    1    1    1    1    1  4.03696E+09 0.41887 
   16   16    1    1    1    1    1    1    1    1  1.28684E+09 0.56189 
   17   17    1    1    1    1    1    1    1    1  2.71258E+09 0.30629 
   18   18    1    1    1    1    1    1    1    1  9.16487E+09 0.24238 
   19   19    1    1    1    1    1    1    1    1  7.88004E+09 0.18460 
   20   20    1    1    1    1    1    1    1    1  2.45885E+10 0.17909 
   21   21    1    1    1    1    1    1    1    1  1.44015E+10 0.14899 
   22   22    1    1    1    1    1    1    1    1  5.04990E+10 0.07877 
   23   23    1    1    1    1    1    1    1    1  6.13825E+10 0.09637 
   24   24    1    1    1    1    1    1    1    1  1.11820E+11 0.06008 
   25   25    1    1    1    1    1    1    1    1  1.38171E+11 0.06649 
   26   26    1    1    1    1    1    1    1    1  1.85526E+11 0.05108 
   27   27    1    1    1    1    1    1    1    1  3.21594E+11 0.03259 
   28   28    1    1    1    1    1    1    1    1  6.01160E+11 0.02654 
   29   29    1    1    1    1    1    1    1    1  8.48006E+11 0.02917 
   30   30    1    1    1    1    1    1    1    1  2.55659E+12 0.01974 
   31   31    1    1    1    1    1    1    1    1  7.91456E+12 0.01289 
   32   32    1    1    1    1    1    1    1    1  1.46484E+13 0.00786 
   33   33    1    1    1    1    1    1    1    1  3.17421E+13 0.00565 
   34   34    1    1    1    1    1    1    1    1  4.19460E+13 0.00621 
   35   35    1    1    1    1    1    1    1    1  6.07712E+13 0.00490 
   36   36    1    1    1    1    1    1    1    1  4.28657E+13 0.00479 
   37   37    1    1    1    1    1    1    1    1  1.36397E+13 0.00496 
   38   38    1    1    1    1    1    1    1    1  7.30295E+13 0.00411 
   39   39    1    1    1    1    1    1    1    1  9.70792E+13 0.00369 
   40   40    1    1    1    1    1    1    1    1  1.62029E+14 0.00355 
   41   41    1    1    1    1    1    1    1    1  1.68454E+14 0.00272 
   42   42    1    1    1    1    1    1    1    1  3.42130E+14 0.00309 
   43   43    1    1    1    1    1    1    1    1  4.06458E+14 0.00326 
   44   44    1    1    1    1    1    1    1    1  5.73864E+14 0.00325 
   45   45    1    1    1    1    1    1    1    1  1.08534E+15 0.00314 
   46   46    1    1    1    1    1    1    1    1  5.12413E+14 0.00303 
   47   47    1    1    1    1    1    1    1    1  8.26200E+14 0.00308 
   48   48    1    1    1    1    1    1    1    1  1.13944E+15 0.00266 
   49   49    1    1    1    1    1    1    1    1  1.12226E+15 0.00274 
   50   50    1    1    1    1    1    1    1    1  1.69291E+15 0.00263 
   51   51    1    1    1    1    1    1    1    1  1.36794E+15 0.00253 
   52   52    1    1    1    1    1    1    1    1  1.56233E+15 0.00269 
   53   53    1    1    1    1    1    1    1    1  1.08833E+15 0.00275 
   54   54    1    1    1    1    1    1    1    1  1.28392E+15 0.00321 
   55   55    1    1    1    1    1    1    1    1  8.88672E+14 0.00328 
   56   56    1    1    1    1    1    1    1    1  1.21698E+14 0.00344 
   57   57    1    1    1    1    1    1    1    1  1.75739E+15 0.00324 
   58   58    1    1    1    1    1    1    1    1  7.47215E+14 0.00335 
   59   59    1    1    1    1    1    1    1    1  8.00478E+14 0.00360 
   60   60    1    1    1    1    1    1    1    1  6.03367E+14 0.00344 
   61   61    1    1    1    1    1    1    1    1  6.06874E+14 0.00324 
   62   62    1    1    1    1    1    1    1    1  6.25598E+14 0.00374 
   63   63    1    1    1    1    1    1    1    1  5.19745E+14 0.00374 
   64   64    1    1    1    1    1    1    1    1  4.12223E+14 0.00346 
   65   65    1    1    1    1    1    1    1    1  4.06775E+14 0.00399 
   66   66    1    1    1    1    1    1    1    1  2.93538E+14 0.00415 
   67   67    1    1    1    1    1    1    1    1  2.40563E+14 0.00416 
   68   68    1    1    1    1    1    1    1    1  2.17087E+14 0.00375 
   69   69    1    1    1    1    1    1    1    1  2.59872E+14 0.00362 
   70   70    1    1    1    1    1    1    1    1  2.21923E+14 0.00374 
   71   71    1    1    1    1    1    1    1    1  4.11462E+14 0.00357 
   72   72    1    1    1    1    1    1    1    1  2.92133E+14 0.00370 
   73   73    1    1    1    1    1    1    1    1  2.18817E+14 0.00468 
   74   74    1    1    1    1    1    1    1    1  1.71313E+14 0.00390 
   75   75    1    1    1    1    1    1    1    1  1.38368E+14 0.00349 
   76   76    1    1    1    1    1    1    1    1  1.57108E+14 0.00478 
   77   77    1    1    1    1    1    1    1    1  1.20351E+14 0.00426 
   78   78    1    1    1    1    1    1    1    1  9.39237E+13 0.00483 
   79   79    1    1    1    1    1    1    1    1  9.62373E+13 0.00517 
   80   80    1    1    1    1    1    1    1    1  7.02095E+13 0.00425 
   81   81    1    1    1    1    1    1    1    1  5.38922E+13 0.00406 
   82   82    1    1    1    1    1    1    1    1  4.14488E+13 0.00695 
   83   83    1    1    1    1    1    1    1    1  3.87896E+13 0.00448 
   84   84    1    1    1    1    1    1    1    1  2.76399E+13 0.00621 
   85   85    1    1    1    1    1    1    1    1  1.98408E+13 0.00808 
   86   86    1    1    1    1    1    1    1    1  1.86848E+13 0.00915 
   87   87    1    1    1    1    1    1    1    1  1.15489E+13 0.00974 
   88   88    1    1    1    1    1    1    1    1  7.74461E+12 0.01230 
   89   89    1    1    1    1    1    1    1    1  4.52987E+12 0.01272 
   90   90    1    1    1    1    1    1    1    1  3.03901E+12 0.01647 
   91   91    1    1    1    1    1    1    1    1  1.55828E+12 0.03224 
   92   92    1    1    1    1    1    1    1    1  7.17645E+11 0.03240 
   93   93    1    1    1    1    1    1    1    1  3.53907E+11 0.04991 
   94   94    1    1    1    1    1    1    1    1  1.57680E+11 0.06572 
   95   95    1    1    1    1    1    1    1    1  7.70836E+10 0.07948 
   96   96    1    1    1    1    1    1    1    1  4.69049E+10 0.08917 
   97   97    1    1    1    1    1    1    1    1  2.07816E+10 0.30505 
   98   98    1    1    1    1    1    1    1    1  1.11963E+10 0.43129 
   99   99    1    1    1    1    1    1    1    1  4.12418E+09 0.40577 
  100  100    1    1    1    1    1    1    1    1  3.81538E+09 0.37561 
];


