
DETdpaspec = [
    1    1    1    1    1    1    1    1    1    1  0.00000E+00 0.00000 
    2    2    1    1    1    1    1    1    1    1  0.00000E+00 0.00000 
    3    3    1    1    1    1    1    1    1    1  0.00000E+00 0.00000 
    4    4    1    1    1    1    1    1    1    1  1.07552E+07 1.00000 
    5    5    1    1    1    1    1    1    1    1  1.03984E+07 1.00000 
    6    6    1    1    1    1    1    1    1    1  0.00000E+00 0.00000 
    7    7    1    1    1    1    1    1    1    1  0.00000E+00 0.00000 
    8    8    1    1    1    1    1    1    1    1  0.00000E+00 0.00000 
    9    9    1    1    1    1    1    1    1    1  0.00000E+00 0.00000 
   10   10    1    1    1    1    1    1    1    1  0.00000E+00 0.00000 
   11   11    1    1    1    1    1    1    1    1  1.26059E+08 1.00000 
   12   12    1    1    1    1    1    1    1    1  7.24198E+07 0.55909 
   13   13    1    1    1    1    1    1    1    1  1.75661E+09 0.47278 
   14   14    1    1    1    1    1    1    1    1  6.86183E+08 0.49595 
   15   15    1    1    1    1    1    1    1    1  3.14909E+09 0.44880 
   16   16    1    1    1    1    1    1    1    1  1.50636E+09 0.38587 
   17   17    1    1    1    1    1    1    1    1  1.78035E+09 0.35077 
   18   18    1    1    1    1    1    1    1    1  5.94854E+09 0.20224 
   19   19    1    1    1    1    1    1    1    1  5.88098E+09 0.21853 
   20   20    1    1    1    1    1    1    1    1  3.57782E+10 0.12589 
   21   21    1    1    1    1    1    1    1    1  2.09854E+10 0.12906 
   22   22    1    1    1    1    1    1    1    1  5.47357E+10 0.09210 
   23   23    1    1    1    1    1    1    1    1  9.47277E+10 0.08585 
   24   24    1    1    1    1    1    1    1    1  1.21332E+11 0.06675 
   25   25    1    1    1    1    1    1    1    1  1.53186E+11 0.05588 
   26   26    1    1    1    1    1    1    1    1  2.20198E+11 0.03638 
   27   27    1    1    1    1    1    1    1    1  4.29672E+11 0.03989 
   28   28    1    1    1    1    1    1    1    1  7.42909E+11 0.02592 
   29   29    1    1    1    1    1    1    1    1  1.07520E+12 0.01907 
   30   30    1    1    1    1    1    1    1    1  3.42809E+12 0.01908 
   31   31    1    1    1    1    1    1    1    1  1.03799E+13 0.00818 
   32   32    1    1    1    1    1    1    1    1  1.92174E+13 0.00818 
   33   33    1    1    1    1    1    1    1    1  4.20758E+13 0.00362 
   34   34    1    1    1    1    1    1    1    1  5.60944E+13 0.00219 
   35   35    1    1    1    1    1    1    1    1  8.05500E+13 0.00238 
   36   36    1    1    1    1    1    1    1    1  5.69330E+13 0.00157 
   37   37    1    1    1    1    1    1    1    1  1.80402E+13 0.00171 
   38   38    1    1    1    1    1    1    1    1  9.69989E+13 0.00196 
   39   39    1    1    1    1    1    1    1    1  1.28999E+14 0.00199 
   40   40    1    1    1    1    1    1    1    1  2.15515E+14 0.00145 
   41   41    1    1    1    1    1    1    1    1  2.24205E+14 0.00213 
   42   42    1    1    1    1    1    1    1    1  4.59616E+14 0.00211 
   43   43    1    1    1    1    1    1    1    1  5.47739E+14 0.00201 
   44   44    1    1    1    1    1    1    1    1  7.77482E+14 0.00199 
   45   45    1    1    1    1    1    1    1    1  1.48573E+15 0.00196 
   46   46    1    1    1    1    1    1    1    1  7.02871E+14 0.00198 
   47   47    1    1    1    1    1    1    1    1  1.13497E+15 0.00182 
   48   48    1    1    1    1    1    1    1    1  1.56912E+15 0.00178 
   49   49    1    1    1    1    1    1    1    1  1.54831E+15 0.00173 
   50   50    1    1    1    1    1    1    1    1  2.34890E+15 0.00219 
   51   51    1    1    1    1    1    1    1    1  1.89584E+15 0.00212 
   52   52    1    1    1    1    1    1    1    1  2.17726E+15 0.00186 
   53   53    1    1    1    1    1    1    1    1  1.51595E+15 0.00196 
   54   54    1    1    1    1    1    1    1    1  1.79792E+15 0.00227 
   55   55    1    1    1    1    1    1    1    1  1.24124E+15 0.00209 
   56   56    1    1    1    1    1    1    1    1  1.70105E+14 0.00245 
   57   57    1    1    1    1    1    1    1    1  2.45965E+15 0.00194 
   58   58    1    1    1    1    1    1    1    1  1.05421E+15 0.00184 
   59   59    1    1    1    1    1    1    1    1  1.12915E+15 0.00207 
   60   60    1    1    1    1    1    1    1    1  8.55740E+14 0.00199 
   61   61    1    1    1    1    1    1    1    1  8.60270E+14 0.00240 
   62   62    1    1    1    1    1    1    1    1  8.87635E+14 0.00237 
   63   63    1    1    1    1    1    1    1    1  7.38547E+14 0.00251 
   64   64    1    1    1    1    1    1    1    1  5.85588E+14 0.00241 
   65   65    1    1    1    1    1    1    1    1  5.79036E+14 0.00208 
   66   66    1    1    1    1    1    1    1    1  4.17116E+14 0.00196 
   67   67    1    1    1    1    1    1    1    1  3.42693E+14 0.00272 
   68   68    1    1    1    1    1    1    1    1  3.07721E+14 0.00260 
   69   69    1    1    1    1    1    1    1    1  3.68918E+14 0.00298 
   70   70    1    1    1    1    1    1    1    1  3.14592E+14 0.00283 
   71   71    1    1    1    1    1    1    1    1  5.83356E+14 0.00274 
   72   72    1    1    1    1    1    1    1    1  4.13970E+14 0.00294 
   73   73    1    1    1    1    1    1    1    1  3.09843E+14 0.00315 
   74   74    1    1    1    1    1    1    1    1  2.43515E+14 0.00376 
   75   75    1    1    1    1    1    1    1    1  1.97733E+14 0.00380 
   76   76    1    1    1    1    1    1    1    1  2.24866E+14 0.00259 
   77   77    1    1    1    1    1    1    1    1  1.73612E+14 0.00333 
   78   78    1    1    1    1    1    1    1    1  1.35929E+14 0.00310 
   79   79    1    1    1    1    1    1    1    1  1.39266E+14 0.00329 
   80   80    1    1    1    1    1    1    1    1  1.02437E+14 0.00338 
   81   81    1    1    1    1    1    1    1    1  7.80690E+13 0.00394 
   82   82    1    1    1    1    1    1    1    1  5.99182E+13 0.00546 
   83   83    1    1    1    1    1    1    1    1  5.60827E+13 0.00445 
   84   84    1    1    1    1    1    1    1    1  4.04246E+13 0.00507 
   85   85    1    1    1    1    1    1    1    1  2.88617E+13 0.00612 
   86   86    1    1    1    1    1    1    1    1  2.69223E+13 0.00584 
   87   87    1    1    1    1    1    1    1    1  1.67865E+13 0.00645 
   88   88    1    1    1    1    1    1    1    1  1.14212E+13 0.01055 
   89   89    1    1    1    1    1    1    1    1  6.58413E+12 0.01181 
   90   90    1    1    1    1    1    1    1    1  4.42173E+12 0.01930 
   91   91    1    1    1    1    1    1    1    1  2.17713E+12 0.02111 
   92   92    1    1    1    1    1    1    1    1  1.06764E+12 0.02899 
   93   93    1    1    1    1    1    1    1    1  4.49346E+11 0.05278 
   94   94    1    1    1    1    1    1    1    1  2.59934E+11 0.03767 
   95   95    1    1    1    1    1    1    1    1  1.15915E+11 0.09670 
   96   96    1    1    1    1    1    1    1    1  5.52157E+10 0.10880 
   97   97    1    1    1    1    1    1    1    1  2.69192E+10 0.16311 
   98   98    1    1    1    1    1    1    1    1  1.64533E+10 0.19046 
   99   99    1    1    1    1    1    1    1    1  9.98064E+09 0.25992 
  100  100    1    1    1    1    1    1    1    1  2.61547E+09 0.42879 
];


