
DETdpaspec = [
    1    1    1    1    1    1    1    1    1    1  0.00000E+00 0.00000 
    2    2    1    1    1    1    1    1    1    1  0.00000E+00 0.00000 
    3    3    1    1    1    1    1    1    1    1  0.00000E+00 0.00000 
    4    4    1    1    1    1    1    1    1    1  0.00000E+00 0.00000 
    5    5    1    1    1    1    1    1    1    1  0.00000E+00 0.00000 
    6    6    1    1    1    1    1    1    1    1  1.55231E+07 1.00000 
    7    7    1    1    1    1    1    1    1    1  0.00000E+00 0.00000 
    8    8    1    1    1    1    1    1    1    1  0.00000E+00 0.00000 
    9    9    1    1    1    1    1    1    1    1  4.56046E+07 0.69669 
   10   10    1    1    1    1    1    1    1    1  6.83425E+07 1.00000 
   11   11    1    1    1    1    1    1    1    1  3.14050E+08 0.80848 
   12   12    1    1    1    1    1    1    1    1  3.88697E+07 0.93541 
   13   13    1    1    1    1    1    1    1    1  5.54635E+08 0.85375 
   14   14    1    1    1    1    1    1    1    1  5.88416E+09 0.46885 
   15   15    1    1    1    1    1    1    1    1  6.01822E+09 0.35628 
   16   16    1    1    1    1    1    1    1    1  2.16617E+09 0.38276 
   17   17    1    1    1    1    1    1    1    1  2.88308E+09 0.29053 
   18   18    1    1    1    1    1    1    1    1  8.11546E+09 0.27967 
   19   19    1    1    1    1    1    1    1    1  1.09902E+10 0.18555 
   20   20    1    1    1    1    1    1    1    1  4.83506E+10 0.09614 
   21   21    1    1    1    1    1    1    1    1  3.44826E+10 0.07679 
   22   22    1    1    1    1    1    1    1    1  7.13399E+10 0.07485 
   23   23    1    1    1    1    1    1    1    1  1.20303E+11 0.07647 
   24   24    1    1    1    1    1    1    1    1  1.95434E+11 0.05350 
   25   25    1    1    1    1    1    1    1    1  2.40595E+11 0.05448 
   26   26    1    1    1    1    1    1    1    1  3.97218E+11 0.04109 
   27   27    1    1    1    1    1    1    1    1  7.77311E+11 0.03344 
   28   28    1    1    1    1    1    1    1    1  1.82206E+12 0.01603 
   29   29    1    1    1    1    1    1    1    1  3.17169E+12 0.01224 
   30   30    1    1    1    1    1    1    1    1  8.75229E+12 0.01204 
   31   31    1    1    1    1    1    1    1    1  2.68629E+13 0.00880 
   32   32    1    1    1    1    1    1    1    1  4.92003E+13 0.00437 
   33   33    1    1    1    1    1    1    1    1  1.17426E+14 0.00308 
   34   34    1    1    1    1    1    1    1    1  1.64202E+14 0.00250 
   35   35    1    1    1    1    1    1    1    1  2.09219E+14 0.00227 
   36   36    1    1    1    1    1    1    1    1  1.40239E+14 0.00170 
   37   37    1    1    1    1    1    1    1    1  4.25776E+13 0.00188 
   38   38    1    1    1    1    1    1    1    1  2.39847E+14 0.00153 
   39   39    1    1    1    1    1    1    1    1  3.23857E+14 0.00137 
   40   40    1    1    1    1    1    1    1    1  5.59618E+14 0.00116 
   41   41    1    1    1    1    1    1    1    1  5.60962E+14 0.00124 
   42   42    1    1    1    1    1    1    1    1  1.20293E+15 0.00110 
   43   43    1    1    1    1    1    1    1    1  1.45791E+15 0.00081 
   44   44    1    1    1    1    1    1    1    1  2.11331E+15 0.00092 
   45   45    1    1    1    1    1    1    1    1  4.22799E+15 0.00075 
   46   46    1    1    1    1    1    1    1    1  1.98420E+15 0.00071 
   47   47    1    1    1    1    1    1    1    1  3.18469E+15 0.00087 
   48   48    1    1    1    1    1    1    1    1  4.45766E+15 0.00090 
   49   49    1    1    1    1    1    1    1    1  4.40348E+15 0.00084 
   50   50    1    1    1    1    1    1    1    1  6.91138E+15 0.00087 
   51   51    1    1    1    1    1    1    1    1  5.49729E+15 0.00073 
   52   52    1    1    1    1    1    1    1    1  6.57629E+15 0.00068 
   53   53    1    1    1    1    1    1    1    1  4.57764E+15 0.00082 
   54   54    1    1    1    1    1    1    1    1  5.64322E+15 0.00070 
   55   55    1    1    1    1    1    1    1    1  3.88425E+15 0.00080 
   56   56    1    1    1    1    1    1    1    1  5.28804E+14 0.00098 
   57   57    1    1    1    1    1    1    1    1  7.73710E+15 0.00068 
   58   58    1    1    1    1    1    1    1    1  3.47594E+15 0.00051 
   59   59    1    1    1    1    1    1    1    1  3.69440E+15 0.00068 
   60   60    1    1    1    1    1    1    1    1  2.89381E+15 0.00066 
   61   61    1    1    1    1    1    1    1    1  2.89982E+15 0.00085 
   62   62    1    1    1    1    1    1    1    1  3.02202E+15 0.00082 
   63   63    1    1    1    1    1    1    1    1  2.54711E+15 0.00081 
   64   64    1    1    1    1    1    1    1    1  2.02721E+15 0.00086 
   65   65    1    1    1    1    1    1    1    1  2.01866E+15 0.00073 
   66   66    1    1    1    1    1    1    1    1  1.46023E+15 0.00065 
   67   67    1    1    1    1    1    1    1    1  1.18781E+15 0.00122 
   68   68    1    1    1    1    1    1    1    1  1.06582E+15 0.00103 
   69   69    1    1    1    1    1    1    1    1  1.27926E+15 0.00128 
   70   70    1    1    1    1    1    1    1    1  1.08857E+15 0.00108 
   71   71    1    1    1    1    1    1    1    1  1.98073E+15 0.00085 
   72   72    1    1    1    1    1    1    1    1  1.39946E+15 0.00099 
   73   73    1    1    1    1    1    1    1    1  1.05734E+15 0.00135 
   74   74    1    1    1    1    1    1    1    1  8.52900E+14 0.00124 
   75   75    1    1    1    1    1    1    1    1  7.09089E+14 0.00135 
   76   76    1    1    1    1    1    1    1    1  8.25304E+14 0.00117 
   77   77    1    1    1    1    1    1    1    1  6.55434E+14 0.00122 
   78   78    1    1    1    1    1    1    1    1  5.21924E+14 0.00159 
   79   79    1    1    1    1    1    1    1    1  5.39984E+14 0.00150 
   80   80    1    1    1    1    1    1    1    1  4.00450E+14 0.00177 
   81   81    1    1    1    1    1    1    1    1  3.07738E+14 0.00194 
   82   82    1    1    1    1    1    1    1    1  2.37031E+14 0.00194 
   83   83    1    1    1    1    1    1    1    1  2.21934E+14 0.00230 
   84   84    1    1    1    1    1    1    1    1  1.59558E+14 0.00202 
   85   85    1    1    1    1    1    1    1    1  1.15537E+14 0.00270 
   86   86    1    1    1    1    1    1    1    1  1.08070E+14 0.00309 
   87   87    1    1    1    1    1    1    1    1  6.65167E+13 0.00288 
   88   88    1    1    1    1    1    1    1    1  4.46461E+13 0.00437 
   89   89    1    1    1    1    1    1    1    1  2.54853E+13 0.00644 
   90   90    1    1    1    1    1    1    1    1  1.68517E+13 0.00849 
   91   91    1    1    1    1    1    1    1    1  8.59700E+12 0.00815 
   92   92    1    1    1    1    1    1    1    1  4.22293E+12 0.01382 
   93   93    1    1    1    1    1    1    1    1  1.95166E+12 0.01868 
   94   94    1    1    1    1    1    1    1    1  9.26138E+11 0.02644 
   95   95    1    1    1    1    1    1    1    1  4.53936E+11 0.03847 
   96   96    1    1    1    1    1    1    1    1  2.18253E+11 0.05407 
   97   97    1    1    1    1    1    1    1    1  9.82479E+10 0.07337 
   98   98    1    1    1    1    1    1    1    1  4.31890E+10 0.15803 
   99   99    1    1    1    1    1    1    1    1  2.97158E+10 0.14472 
  100  100    1    1    1    1    1    1    1    1  2.01330E+10 0.22513 
];


