
DETdpaspec = [
    1    1    1    1    1    1    1    1    1    1  0.00000E+00 0.00000 
    2    2    1    1    1    1    1    1    1    1  0.00000E+00 0.00000 
    3    3    1    1    1    1    1    1    1    1  0.00000E+00 0.00000 
    4    4    1    1    1    1    1    1    1    1  0.00000E+00 0.00000 
    5    5    1    1    1    1    1    1    1    1  0.00000E+00 0.00000 
    6    6    1    1    1    1    1    1    1    1  0.00000E+00 0.00000 
    7    7    1    1    1    1    1    1    1    1  0.00000E+00 0.00000 
    8    8    1    1    1    1    1    1    1    1  2.01733E+07 1.00000 
    9    9    1    1    1    1    1    1    1    1  0.00000E+00 0.00000 
   10   10    1    1    1    1    1    1    1    1  1.75049E+08 0.73205 
   11   11    1    1    1    1    1    1    1    1  0.00000E+00 0.00000 
   12   12    1    1    1    1    1    1    1    1  3.70038E+07 0.58763 
   13   13    1    1    1    1    1    1    1    1  9.54172E+08 0.45146 
   14   14    1    1    1    1    1    1    1    1  1.19425E+09 0.44984 
   15   15    1    1    1    1    1    1    1    1  5.65904E+09 0.33280 
   16   16    1    1    1    1    1    1    1    1  1.42434E+09 0.35103 
   17   17    1    1    1    1    1    1    1    1  1.43405E+09 0.33084 
   18   18    1    1    1    1    1    1    1    1  6.85231E+09 0.29168 
   19   19    1    1    1    1    1    1    1    1  8.09182E+09 0.24528 
   20   20    1    1    1    1    1    1    1    1  2.12239E+10 0.14327 
   21   21    1    1    1    1    1    1    1    1  2.08099E+10 0.11190 
   22   22    1    1    1    1    1    1    1    1  6.02293E+10 0.08032 
   23   23    1    1    1    1    1    1    1    1  7.19365E+10 0.08551 
   24   24    1    1    1    1    1    1    1    1  1.03622E+11 0.05626 
   25   25    1    1    1    1    1    1    1    1  1.23621E+11 0.05518 
   26   26    1    1    1    1    1    1    1    1  2.02427E+11 0.05007 
   27   27    1    1    1    1    1    1    1    1  3.74607E+11 0.04397 
   28   28    1    1    1    1    1    1    1    1  6.75539E+11 0.03451 
   29   29    1    1    1    1    1    1    1    1  9.54968E+11 0.02172 
   30   30    1    1    1    1    1    1    1    1  3.03438E+12 0.01427 
   31   31    1    1    1    1    1    1    1    1  9.27233E+12 0.00913 
   32   32    1    1    1    1    1    1    1    1  1.73057E+13 0.00758 
   33   33    1    1    1    1    1    1    1    1  3.77178E+13 0.00557 
   34   34    1    1    1    1    1    1    1    1  4.97128E+13 0.00488 
   35   35    1    1    1    1    1    1    1    1  7.17755E+13 0.00416 
   36   36    1    1    1    1    1    1    1    1  5.04216E+13 0.00400 
   37   37    1    1    1    1    1    1    1    1  1.60120E+13 0.00408 
   38   38    1    1    1    1    1    1    1    1  8.59303E+13 0.00450 
   39   39    1    1    1    1    1    1    1    1  1.15039E+14 0.00429 
   40   40    1    1    1    1    1    1    1    1  1.92000E+14 0.00399 
   41   41    1    1    1    1    1    1    1    1  1.99491E+14 0.00297 
   42   42    1    1    1    1    1    1    1    1  4.07831E+14 0.00291 
   43   43    1    1    1    1    1    1    1    1  4.85520E+14 0.00277 
   44   44    1    1    1    1    1    1    1    1  6.88077E+14 0.00293 
   45   45    1    1    1    1    1    1    1    1  1.31079E+15 0.00271 
   46   46    1    1    1    1    1    1    1    1  6.18967E+14 0.00280 
   47   47    1    1    1    1    1    1    1    1  9.99473E+14 0.00264 
   48   48    1    1    1    1    1    1    1    1  1.37963E+15 0.00228 
   49   49    1    1    1    1    1    1    1    1  1.36232E+15 0.00248 
   50   50    1    1    1    1    1    1    1    1  2.06045E+15 0.00255 
   51   51    1    1    1    1    1    1    1    1  1.66811E+15 0.00246 
   52   52    1    1    1    1    1    1    1    1  1.90793E+15 0.00220 
   53   53    1    1    1    1    1    1    1    1  1.32616E+15 0.00205 
   54   54    1    1    1    1    1    1    1    1  1.57197E+15 0.00224 
   55   55    1    1    1    1    1    1    1    1  1.08638E+15 0.00228 
   56   56    1    1    1    1    1    1    1    1  1.49191E+14 0.00258 
   57   57    1    1    1    1    1    1    1    1  2.15116E+15 0.00254 
   58   58    1    1    1    1    1    1    1    1  9.18984E+14 0.00277 
   59   59    1    1    1    1    1    1    1    1  9.84217E+14 0.00264 
   60   60    1    1    1    1    1    1    1    1  7.43229E+14 0.00286 
   61   61    1    1    1    1    1    1    1    1  7.48778E+14 0.00283 
   62   62    1    1    1    1    1    1    1    1  7.72221E+14 0.00294 
   63   63    1    1    1    1    1    1    1    1  6.42124E+14 0.00259 
   64   64    1    1    1    1    1    1    1    1  5.09250E+14 0.00282 
   65   65    1    1    1    1    1    1    1    1  5.01671E+14 0.00276 
   66   66    1    1    1    1    1    1    1    1  3.62289E+14 0.00329 
   67   67    1    1    1    1    1    1    1    1  2.97921E+14 0.00374 
   68   68    1    1    1    1    1    1    1    1  2.67720E+14 0.00304 
   69   69    1    1    1    1    1    1    1    1  3.20184E+14 0.00354 
   70   70    1    1    1    1    1    1    1    1  2.73118E+14 0.00393 
   71   71    1    1    1    1    1    1    1    1  5.06423E+14 0.00285 
   72   72    1    1    1    1    1    1    1    1  3.60446E+14 0.00284 
   73   73    1    1    1    1    1    1    1    1  2.69290E+14 0.00271 
   74   74    1    1    1    1    1    1    1    1  2.11124E+14 0.00297 
   75   75    1    1    1    1    1    1    1    1  1.71564E+14 0.00336 
   76   76    1    1    1    1    1    1    1    1  1.94267E+14 0.00320 
   77   77    1    1    1    1    1    1    1    1  1.49562E+14 0.00357 
   78   78    1    1    1    1    1    1    1    1  1.17533E+14 0.00445 
   79   79    1    1    1    1    1    1    1    1  1.19585E+14 0.00370 
   80   80    1    1    1    1    1    1    1    1  8.81187E+13 0.00468 
   81   81    1    1    1    1    1    1    1    1  6.74514E+13 0.00419 
   82   82    1    1    1    1    1    1    1    1  5.17472E+13 0.00452 
   83   83    1    1    1    1    1    1    1    1  4.82563E+13 0.00531 
   84   84    1    1    1    1    1    1    1    1  3.45801E+13 0.00550 
   85   85    1    1    1    1    1    1    1    1  2.49466E+13 0.00734 
   86   86    1    1    1    1    1    1    1    1  2.34615E+13 0.00491 
   87   87    1    1    1    1    1    1    1    1  1.43938E+13 0.00712 
   88   88    1    1    1    1    1    1    1    1  9.82022E+12 0.01020 
   89   89    1    1    1    1    1    1    1    1  5.81569E+12 0.01152 
   90   90    1    1    1    1    1    1    1    1  3.85909E+12 0.01611 
   91   91    1    1    1    1    1    1    1    1  1.82534E+12 0.02847 
   92   92    1    1    1    1    1    1    1    1  9.30598E+11 0.03317 
   93   93    1    1    1    1    1    1    1    1  4.26443E+11 0.05512 
   94   94    1    1    1    1    1    1    1    1  2.11921E+11 0.04931 
   95   95    1    1    1    1    1    1    1    1  1.04082E+11 0.09481 
   96   96    1    1    1    1    1    1    1    1  5.29359E+10 0.11198 
   97   97    1    1    1    1    1    1    1    1  2.15150E+10 0.22765 
   98   98    1    1    1    1    1    1    1    1  1.07273E+10 0.21530 
   99   99    1    1    1    1    1    1    1    1  3.66852E+09 0.33994 
  100  100    1    1    1    1    1    1    1    1  5.63574E+09 0.49087 
];


