
DETdpaspec = [
    1    1    1    1    1    1    1    1    1    1  0.00000E+00 0.00000 
    2    2    1    1    1    1    1    1    1    1  0.00000E+00 0.00000 
    3    3    1    1    1    1    1    1    1    1  0.00000E+00 0.00000 
    4    4    1    1    1    1    1    1    1    1  1.08578E+07 1.00000 
    5    5    1    1    1    1    1    1    1    1  0.00000E+00 0.00000 
    6    6    1    1    1    1    1    1    1    1  0.00000E+00 0.00000 
    7    7    1    1    1    1    1    1    1    1  4.11879E+07 1.00000 
    8    8    1    1    1    1    1    1    1    1  0.00000E+00 0.00000 
    9    9    1    1    1    1    1    1    1    1  0.00000E+00 0.00000 
   10   10    1    1    1    1    1    1    1    1  9.18964E+07 1.00000 
   11   11    1    1    1    1    1    1    1    1  0.00000E+00 0.00000 
   12   12    1    1    1    1    1    1    1    1  1.48001E+07 1.00000 
   13   13    1    1    1    1    1    1    1    1  8.89350E+08 0.67126 
   14   14    1    1    1    1    1    1    1    1  1.31356E+09 0.51645 
   15   15    1    1    1    1    1    1    1    1  3.86016E+09 0.41711 
   16   16    1    1    1    1    1    1    1    1  9.98151E+08 0.57469 
   17   17    1    1    1    1    1    1    1    1  2.24263E+09 0.33030 
   18   18    1    1    1    1    1    1    1    1  6.30612E+09 0.26402 
   19   19    1    1    1    1    1    1    1    1  8.27470E+09 0.25159 
   20   20    1    1    1    1    1    1    1    1  3.00705E+10 0.18186 
   21   21    1    1    1    1    1    1    1    1  1.91338E+10 0.12818 
   22   22    1    1    1    1    1    1    1    1  5.67242E+10 0.12271 
   23   23    1    1    1    1    1    1    1    1  6.50098E+10 0.06438 
   24   24    1    1    1    1    1    1    1    1  9.14947E+10 0.09436 
   25   25    1    1    1    1    1    1    1    1  1.26890E+11 0.05930 
   26   26    1    1    1    1    1    1    1    1  2.04420E+11 0.04857 
   27   27    1    1    1    1    1    1    1    1  3.74010E+11 0.05118 
   28   28    1    1    1    1    1    1    1    1  6.79608E+11 0.01949 
   29   29    1    1    1    1    1    1    1    1  9.46348E+11 0.02924 
   30   30    1    1    1    1    1    1    1    1  2.98449E+12 0.01606 
   31   31    1    1    1    1    1    1    1    1  9.12233E+12 0.01071 
   32   32    1    1    1    1    1    1    1    1  1.66193E+13 0.00595 
   33   33    1    1    1    1    1    1    1    1  3.66147E+13 0.00494 
   34   34    1    1    1    1    1    1    1    1  4.79605E+13 0.00447 
   35   35    1    1    1    1    1    1    1    1  6.92983E+13 0.00475 
   36   36    1    1    1    1    1    1    1    1  4.89460E+13 0.00384 
   37   37    1    1    1    1    1    1    1    1  1.55590E+13 0.00380 
   38   38    1    1    1    1    1    1    1    1  8.34832E+13 0.00337 
   39   39    1    1    1    1    1    1    1    1  1.11241E+14 0.00293 
   40   40    1    1    1    1    1    1    1    1  1.85267E+14 0.00290 
   41   41    1    1    1    1    1    1    1    1  1.92746E+14 0.00307 
   42   42    1    1    1    1    1    1    1    1  3.92810E+14 0.00263 
   43   43    1    1    1    1    1    1    1    1  4.67267E+14 0.00237 
   44   44    1    1    1    1    1    1    1    1  6.61897E+14 0.00275 
   45   45    1    1    1    1    1    1    1    1  1.26100E+15 0.00234 
   46   46    1    1    1    1    1    1    1    1  5.93726E+14 0.00235 
   47   47    1    1    1    1    1    1    1    1  9.59098E+14 0.00245 
   48   48    1    1    1    1    1    1    1    1  1.32578E+15 0.00243 
   49   49    1    1    1    1    1    1    1    1  1.30764E+15 0.00253 
   50   50    1    1    1    1    1    1    1    1  1.97847E+15 0.00270 
   51   51    1    1    1    1    1    1    1    1  1.59787E+15 0.00262 
   52   52    1    1    1    1    1    1    1    1  1.82964E+15 0.00274 
   53   53    1    1    1    1    1    1    1    1  1.27466E+15 0.00267 
   54   54    1    1    1    1    1    1    1    1  1.50881E+15 0.00259 
   55   55    1    1    1    1    1    1    1    1  1.04192E+15 0.00260 
   56   56    1    1    1    1    1    1    1    1  1.42551E+14 0.00309 
   57   57    1    1    1    1    1    1    1    1  2.06419E+15 0.00318 
   58   58    1    1    1    1    1    1    1    1  8.79767E+14 0.00283 
   59   59    1    1    1    1    1    1    1    1  9.42672E+14 0.00314 
   60   60    1    1    1    1    1    1    1    1  7.11782E+14 0.00302 
   61   61    1    1    1    1    1    1    1    1  7.16127E+14 0.00289 
   62   62    1    1    1    1    1    1    1    1  7.39036E+14 0.00312 
   63   63    1    1    1    1    1    1    1    1  6.14692E+14 0.00353 
   64   64    1    1    1    1    1    1    1    1  4.86493E+14 0.00311 
   65   65    1    1    1    1    1    1    1    1  4.81009E+14 0.00302 
   66   66    1    1    1    1    1    1    1    1  3.45837E+14 0.00340 
   67   67    1    1    1    1    1    1    1    1  2.84091E+14 0.00332 
   68   68    1    1    1    1    1    1    1    1  2.55226E+14 0.00392 
   69   69    1    1    1    1    1    1    1    1  3.05834E+14 0.00372 
   70   70    1    1    1    1    1    1    1    1  2.61727E+14 0.00328 
   71   71    1    1    1    1    1    1    1    1  4.84169E+14 0.00384 
   72   72    1    1    1    1    1    1    1    1  3.45008E+14 0.00330 
   73   73    1    1    1    1    1    1    1    1  2.57231E+14 0.00353 
   74   74    1    1    1    1    1    1    1    1  2.01961E+14 0.00414 
   75   75    1    1    1    1    1    1    1    1  1.64161E+14 0.00407 
   76   76    1    1    1    1    1    1    1    1  1.85430E+14 0.00391 
   77   77    1    1    1    1    1    1    1    1  1.43932E+14 0.00390 
   78   78    1    1    1    1    1    1    1    1  1.12025E+14 0.00334 
   79   79    1    1    1    1    1    1    1    1  1.14402E+14 0.00456 
   80   80    1    1    1    1    1    1    1    1  8.34477E+13 0.00389 
   81   81    1    1    1    1    1    1    1    1  6.43269E+13 0.00496 
   82   82    1    1    1    1    1    1    1    1  4.92847E+13 0.00585 
   83   83    1    1    1    1    1    1    1    1  4.56856E+13 0.00437 
   84   84    1    1    1    1    1    1    1    1  3.30474E+13 0.00440 
   85   85    1    1    1    1    1    1    1    1  2.39186E+13 0.00571 
   86   86    1    1    1    1    1    1    1    1  2.20816E+13 0.00744 
   87   87    1    1    1    1    1    1    1    1  1.36179E+13 0.00777 
   88   88    1    1    1    1    1    1    1    1  9.25069E+12 0.00921 
   89   89    1    1    1    1    1    1    1    1  5.52574E+12 0.01102 
   90   90    1    1    1    1    1    1    1    1  3.52267E+12 0.01221 
   91   91    1    1    1    1    1    1    1    1  1.80756E+12 0.01951 
   92   92    1    1    1    1    1    1    1    1  8.99680E+11 0.02371 
   93   93    1    1    1    1    1    1    1    1  4.14350E+11 0.04681 
   94   94    1    1    1    1    1    1    1    1  1.98850E+11 0.06784 
   95   95    1    1    1    1    1    1    1    1  1.17045E+11 0.09998 
   96   96    1    1    1    1    1    1    1    1  5.13226E+10 0.13610 
   97   97    1    1    1    1    1    1    1    1  2.38125E+10 0.16583 
   98   98    1    1    1    1    1    1    1    1  8.80012E+09 0.27415 
   99   99    1    1    1    1    1    1    1    1  7.11364E+09 0.37215 
  100  100    1    1    1    1    1    1    1    1  5.64613E+09 0.41967 
];


