
DETdpaspec = [
    1    1    1    1    1    1    1    1    1    1  0.00000E+00 0.00000 
    2    2    1    1    1    1    1    1    1    1  0.00000E+00 0.00000 
    3    3    1    1    1    1    1    1    1    1  0.00000E+00 0.00000 
    4    4    1    1    1    1    1    1    1    1  0.00000E+00 0.00000 
    5    5    1    1    1    1    1    1    1    1  0.00000E+00 0.00000 
    6    6    1    1    1    1    1    1    1    1  0.00000E+00 0.00000 
    7    7    1    1    1    1    1    1    1    1  0.00000E+00 0.00000 
    8    8    1    1    1    1    1    1    1    1  0.00000E+00 0.00000 
    9    9    1    1    1    1    1    1    1    1  0.00000E+00 0.00000 
   10   10    1    1    1    1    1    1    1    1  0.00000E+00 0.00000 
   11   11    1    1    1    1    1    1    1    1  1.76239E+08 0.55472 
   12   12    1    1    1    1    1    1    1    1  5.46360E+07 0.70405 
   13   13    1    1    1    1    1    1    1    1  7.48081E+07 0.68978 
   14   14    1    1    1    1    1    1    1    1  1.30285E+09 0.42844 
   15   15    1    1    1    1    1    1    1    1  2.60972E+09 0.53827 
   16   16    1    1    1    1    1    1    1    1  1.69860E+09 0.39098 
   17   17    1    1    1    1    1    1    1    1  2.00205E+09 0.34238 
   18   18    1    1    1    1    1    1    1    1  7.98063E+09 0.23584 
   19   19    1    1    1    1    1    1    1    1  6.48649E+09 0.18566 
   20   20    1    1    1    1    1    1    1    1  2.38315E+10 0.20411 
   21   21    1    1    1    1    1    1    1    1  1.62195E+10 0.15668 
   22   22    1    1    1    1    1    1    1    1  5.55013E+10 0.08216 
   23   23    1    1    1    1    1    1    1    1  7.21717E+10 0.09894 
   24   24    1    1    1    1    1    1    1    1  1.08825E+11 0.07786 
   25   25    1    1    1    1    1    1    1    1  1.44059E+11 0.05632 
   26   26    1    1    1    1    1    1    1    1  2.38199E+11 0.04982 
   27   27    1    1    1    1    1    1    1    1  4.07291E+11 0.03579 
   28   28    1    1    1    1    1    1    1    1  6.88492E+11 0.02691 
   29   29    1    1    1    1    1    1    1    1  9.88551E+11 0.02389 
   30   30    1    1    1    1    1    1    1    1  3.03723E+12 0.01841 
   31   31    1    1    1    1    1    1    1    1  9.28602E+12 0.01374 
   32   32    1    1    1    1    1    1    1    1  1.73798E+13 0.00834 
   33   33    1    1    1    1    1    1    1    1  3.81357E+13 0.00702 
   34   34    1    1    1    1    1    1    1    1  5.01335E+13 0.00491 
   35   35    1    1    1    1    1    1    1    1  7.27821E+13 0.00429 
   36   36    1    1    1    1    1    1    1    1  5.13193E+13 0.00356 
   37   37    1    1    1    1    1    1    1    1  1.63048E+13 0.00403 
   38   38    1    1    1    1    1    1    1    1  8.73519E+13 0.00368 
   39   39    1    1    1    1    1    1    1    1  1.16507E+14 0.00319 
   40   40    1    1    1    1    1    1    1    1  1.95057E+14 0.00293 
   41   41    1    1    1    1    1    1    1    1  2.02876E+14 0.00260 
   42   42    1    1    1    1    1    1    1    1  4.13897E+14 0.00267 
   43   43    1    1    1    1    1    1    1    1  4.93405E+14 0.00240 
   44   44    1    1    1    1    1    1    1    1  6.98466E+14 0.00266 
   45   45    1    1    1    1    1    1    1    1  1.33031E+15 0.00218 
   46   46    1    1    1    1    1    1    1    1  6.29023E+14 0.00195 
   47   47    1    1    1    1    1    1    1    1  1.01597E+15 0.00198 
   48   48    1    1    1    1    1    1    1    1  1.40453E+15 0.00200 
   49   49    1    1    1    1    1    1    1    1  1.38454E+15 0.00212 
   50   50    1    1    1    1    1    1    1    1  2.09537E+15 0.00207 
   51   51    1    1    1    1    1    1    1    1  1.69482E+15 0.00231 
   52   52    1    1    1    1    1    1    1    1  1.94099E+15 0.00233 
   53   53    1    1    1    1    1    1    1    1  1.35052E+15 0.00205 
   54   54    1    1    1    1    1    1    1    1  1.59914E+15 0.00218 
   55   55    1    1    1    1    1    1    1    1  1.10525E+15 0.00214 
   56   56    1    1    1    1    1    1    1    1  1.51803E+14 0.00267 
   57   57    1    1    1    1    1    1    1    1  2.19017E+15 0.00215 
   58   58    1    1    1    1    1    1    1    1  9.35205E+14 0.00242 
   59   59    1    1    1    1    1    1    1    1  1.00044E+15 0.00267 
   60   60    1    1    1    1    1    1    1    1  7.57118E+14 0.00235 
   61   61    1    1    1    1    1    1    1    1  7.60341E+14 0.00226 
   62   62    1    1    1    1    1    1    1    1  7.85084E+14 0.00193 
   63   63    1    1    1    1    1    1    1    1  6.52609E+14 0.00216 
   64   64    1    1    1    1    1    1    1    1  5.17163E+14 0.00269 
   65   65    1    1    1    1    1    1    1    1  5.10716E+14 0.00264 
   66   66    1    1    1    1    1    1    1    1  3.68226E+14 0.00254 
   67   67    1    1    1    1    1    1    1    1  3.02722E+14 0.00287 
   68   68    1    1    1    1    1    1    1    1  2.72241E+14 0.00253 
   69   69    1    1    1    1    1    1    1    1  3.26354E+14 0.00290 
   70   70    1    1    1    1    1    1    1    1  2.77527E+14 0.00231 
   71   71    1    1    1    1    1    1    1    1  5.16629E+14 0.00256 
   72   72    1    1    1    1    1    1    1    1  3.65812E+14 0.00248 
   73   73    1    1    1    1    1    1    1    1  2.73498E+14 0.00285 
   74   74    1    1    1    1    1    1    1    1  2.15408E+14 0.00284 
   75   75    1    1    1    1    1    1    1    1  1.75593E+14 0.00333 
   76   76    1    1    1    1    1    1    1    1  1.98016E+14 0.00359 
   77   77    1    1    1    1    1    1    1    1  1.52880E+14 0.00401 
   78   78    1    1    1    1    1    1    1    1  1.20122E+14 0.00343 
   79   79    1    1    1    1    1    1    1    1  1.22663E+14 0.00386 
   80   80    1    1    1    1    1    1    1    1  9.02544E+13 0.00354 
   81   81    1    1    1    1    1    1    1    1  6.85550E+13 0.00400 
   82   82    1    1    1    1    1    1    1    1  5.24364E+13 0.00486 
   83   83    1    1    1    1    1    1    1    1  4.89361E+13 0.00460 
   84   84    1    1    1    1    1    1    1    1  3.49909E+13 0.00423 
   85   85    1    1    1    1    1    1    1    1  2.53280E+13 0.00915 
   86   86    1    1    1    1    1    1    1    1  2.37981E+13 0.00623 
   87   87    1    1    1    1    1    1    1    1  1.47677E+13 0.00894 
   88   88    1    1    1    1    1    1    1    1  9.99002E+12 0.01073 
   89   89    1    1    1    1    1    1    1    1  5.73279E+12 0.00978 
   90   90    1    1    1    1    1    1    1    1  3.83433E+12 0.01505 
   91   91    1    1    1    1    1    1    1    1  1.87212E+12 0.02202 
   92   92    1    1    1    1    1    1    1    1  9.97177E+11 0.03526 
   93   93    1    1    1    1    1    1    1    1  4.61038E+11 0.03265 
   94   94    1    1    1    1    1    1    1    1  2.14410E+11 0.06208 
   95   95    1    1    1    1    1    1    1    1  1.07055E+11 0.07748 
   96   96    1    1    1    1    1    1    1    1  5.01758E+10 0.11976 
   97   97    1    1    1    1    1    1    1    1  2.42098E+10 0.16008 
   98   98    1    1    1    1    1    1    1    1  1.03630E+10 0.20893 
   99   99    1    1    1    1    1    1    1    1  5.91214E+09 0.57967 
  100  100    1    1    1    1    1    1    1    1  8.57199E+09 0.46075 
];


