
DETdpaspec = [
    1    1    1    1    1    1    1    1    1    1  0.00000E+00 0.00000 
    2    2    1    1    1    1    1    1    1    1  0.00000E+00 0.00000 
    3    3    1    1    1    1    1    1    1    1  0.00000E+00 0.00000 
    4    4    1    1    1    1    1    1    1    1  0.00000E+00 0.00000 
    5    5    1    1    1    1    1    1    1    1  0.00000E+00 0.00000 
    6    6    1    1    1    1    1    1    1    1  0.00000E+00 0.00000 
    7    7    1    1    1    1    1    1    1    1  0.00000E+00 0.00000 
    8    8    1    1    1    1    1    1    1    1  0.00000E+00 0.00000 
    9    9    1    1    1    1    1    1    1    1  1.37399E+07 1.00000 
   10   10    1    1    1    1    1    1    1    1  1.16142E+08 0.68985 
   11   11    1    1    1    1    1    1    1    1  1.67620E+08 1.00000 
   12   12    1    1    1    1    1    1    1    1  7.21413E+07 0.68856 
   13   13    1    1    1    1    1    1    1    1  7.80081E+08 0.50436 
   14   14    1    1    1    1    1    1    1    1  7.05204E+08 0.45014 
   15   15    1    1    1    1    1    1    1    1  1.90738E+09 0.42281 
   16   16    1    1    1    1    1    1    1    1  7.79971E+08 0.60369 
   17   17    1    1    1    1    1    1    1    1  1.02698E+09 0.40460 
   18   18    1    1    1    1    1    1    1    1  3.12822E+09 0.35924 
   19   19    1    1    1    1    1    1    1    1  5.57497E+09 0.26051 
   20   20    1    1    1    1    1    1    1    1  2.30189E+10 0.24966 
   21   21    1    1    1    1    1    1    1    1  1.96390E+10 0.16258 
   22   22    1    1    1    1    1    1    1    1  3.97074E+10 0.11249 
   23   23    1    1    1    1    1    1    1    1  6.21771E+10 0.09890 
   24   24    1    1    1    1    1    1    1    1  8.75281E+10 0.06945 
   25   25    1    1    1    1    1    1    1    1  1.05827E+11 0.08030 
   26   26    1    1    1    1    1    1    1    1  2.02305E+11 0.06253 
   27   27    1    1    1    1    1    1    1    1  3.24834E+11 0.05826 
   28   28    1    1    1    1    1    1    1    1  5.80357E+11 0.03818 
   29   29    1    1    1    1    1    1    1    1  8.03528E+11 0.02137 
   30   30    1    1    1    1    1    1    1    1  2.52043E+12 0.01278 
   31   31    1    1    1    1    1    1    1    1  7.65083E+12 0.01115 
   32   32    1    1    1    1    1    1    1    1  1.39286E+13 0.00730 
   33   33    1    1    1    1    1    1    1    1  3.02402E+13 0.00709 
   34   34    1    1    1    1    1    1    1    1  3.95850E+13 0.00613 
   35   35    1    1    1    1    1    1    1    1  5.70699E+13 0.00448 
   36   36    1    1    1    1    1    1    1    1  4.03381E+13 0.00483 
   37   37    1    1    1    1    1    1    1    1  1.28552E+13 0.00468 
   38   38    1    1    1    1    1    1    1    1  6.82325E+13 0.00315 
   39   39    1    1    1    1    1    1    1    1  9.08985E+13 0.00314 
   40   40    1    1    1    1    1    1    1    1  1.50797E+14 0.00406 
   41   41    1    1    1    1    1    1    1    1  1.57122E+14 0.00358 
   42   42    1    1    1    1    1    1    1    1  3.17744E+14 0.00333 
   43   43    1    1    1    1    1    1    1    1  3.77559E+14 0.00314 
   44   44    1    1    1    1    1    1    1    1  5.32284E+14 0.00319 
   45   45    1    1    1    1    1    1    1    1  1.00401E+15 0.00309 
   46   46    1    1    1    1    1    1    1    1  4.73682E+14 0.00322 
   47   47    1    1    1    1    1    1    1    1  7.63952E+14 0.00303 
   48   48    1    1    1    1    1    1    1    1  1.05427E+15 0.00342 
   49   49    1    1    1    1    1    1    1    1  1.03893E+15 0.00380 
   50   50    1    1    1    1    1    1    1    1  1.56429E+15 0.00347 
   51   51    1    1    1    1    1    1    1    1  1.26669E+15 0.00342 
   52   52    1    1    1    1    1    1    1    1  1.44049E+15 0.00340 
   53   53    1    1    1    1    1    1    1    1  1.00329E+15 0.00341 
   54   54    1    1    1    1    1    1    1    1  1.18118E+15 0.00346 
   55   55    1    1    1    1    1    1    1    1  8.17727E+14 0.00387 
   56   56    1    1    1    1    1    1    1    1  1.12387E+14 0.00370 
   57   57    1    1    1    1    1    1    1    1  1.62120E+15 0.00355 
   58   58    1    1    1    1    1    1    1    1  6.88120E+14 0.00370 
   59   59    1    1    1    1    1    1    1    1  7.37305E+14 0.00409 
   60   60    1    1    1    1    1    1    1    1  5.54610E+14 0.00381 
   61   61    1    1    1    1    1    1    1    1  5.58479E+14 0.00397 
   62   62    1    1    1    1    1    1    1    1  5.76254E+14 0.00386 
   63   63    1    1    1    1    1    1    1    1  4.79332E+14 0.00466 
   64   64    1    1    1    1    1    1    1    1  3.79047E+14 0.00420 
   65   65    1    1    1    1    1    1    1    1  3.74071E+14 0.00466 
   66   66    1    1    1    1    1    1    1    1  2.69666E+14 0.00477 
   67   67    1    1    1    1    1    1    1    1  2.21095E+14 0.00446 
   68   68    1    1    1    1    1    1    1    1  1.99762E+14 0.00487 
   69   69    1    1    1    1    1    1    1    1  2.39156E+14 0.00390 
   70   70    1    1    1    1    1    1    1    1  2.04415E+14 0.00437 
   71   71    1    1    1    1    1    1    1    1  3.81306E+14 0.00395 
   72   72    1    1    1    1    1    1    1    1  2.70235E+14 0.00456 
   73   73    1    1    1    1    1    1    1    1  2.01426E+14 0.00488 
   74   74    1    1    1    1    1    1    1    1  1.58395E+14 0.00419 
   75   75    1    1    1    1    1    1    1    1  1.28099E+14 0.00449 
   76   76    1    1    1    1    1    1    1    1  1.43864E+14 0.00548 
   77   77    1    1    1    1    1    1    1    1  1.10901E+14 0.00524 
   78   78    1    1    1    1    1    1    1    1  8.71661E+13 0.00532 
   79   79    1    1    1    1    1    1    1    1  8.80262E+13 0.00612 
   80   80    1    1    1    1    1    1    1    1  6.46519E+13 0.00613 
   81   81    1    1    1    1    1    1    1    1  4.94860E+13 0.00579 
   82   82    1    1    1    1    1    1    1    1  3.79772E+13 0.00668 
   83   83    1    1    1    1    1    1    1    1  3.52676E+13 0.00680 
   84   84    1    1    1    1    1    1    1    1  2.51519E+13 0.00641 
   85   85    1    1    1    1    1    1    1    1  1.83163E+13 0.00770 
   86   86    1    1    1    1    1    1    1    1  1.70291E+13 0.00846 
   87   87    1    1    1    1    1    1    1    1  1.06381E+13 0.00996 
   88   88    1    1    1    1    1    1    1    1  7.25365E+12 0.00881 
   89   89    1    1    1    1    1    1    1    1  4.22307E+12 0.01446 
   90   90    1    1    1    1    1    1    1    1  2.73359E+12 0.01767 
   91   91    1    1    1    1    1    1    1    1  1.39345E+12 0.02425 
   92   92    1    1    1    1    1    1    1    1  6.70268E+11 0.03620 
   93   93    1    1    1    1    1    1    1    1  3.19360E+11 0.04712 
   94   94    1    1    1    1    1    1    1    1  1.60313E+11 0.06782 
   95   95    1    1    1    1    1    1    1    1  9.19831E+10 0.06897 
   96   96    1    1    1    1    1    1    1    1  3.70591E+10 0.15172 
   97   97    1    1    1    1    1    1    1    1  1.48527E+10 0.22448 
   98   98    1    1    1    1    1    1    1    1  7.41515E+09 0.41638 
   99   99    1    1    1    1    1    1    1    1  4.82944E+09 0.33857 
  100  100    1    1    1    1    1    1    1    1  4.10920E+09 0.51862 
];


