
DETdpaspec = [
    1    1    1    1    1    1    1    1    1    1  0.00000E+00 0.00000 
    2    2    1    1    1    1    1    1    1    1  0.00000E+00 0.00000 
    3    3    1    1    1    1    1    1    1    1  0.00000E+00 0.00000 
    4    4    1    1    1    1    1    1    1    1  1.31925E+07 1.00000 
    5    5    1    1    1    1    1    1    1    1  0.00000E+00 0.00000 
    6    6    1    1    1    1    1    1    1    1  0.00000E+00 0.00000 
    7    7    1    1    1    1    1    1    1    1  0.00000E+00 0.00000 
    8    8    1    1    1    1    1    1    1    1  0.00000E+00 0.00000 
    9    9    1    1    1    1    1    1    1    1  1.10508E+07 1.00000 
   10   10    1    1    1    1    1    1    1    1  6.24208E+07 1.00000 
   11   11    1    1    1    1    1    1    1    1  1.50562E+08 1.00000 
   12   12    1    1    1    1    1    1    1    1  6.42959E+07 1.00000 
   13   13    1    1    1    1    1    1    1    1  1.35736E+09 0.36468 
   14   14    1    1    1    1    1    1    1    1  5.74517E+09 0.28567 
   15   15    1    1    1    1    1    1    1    1  4.55235E+09 0.42284 
   16   16    1    1    1    1    1    1    1    1  1.41311E+09 0.33333 
   17   17    1    1    1    1    1    1    1    1  3.26397E+09 0.26699 
   18   18    1    1    1    1    1    1    1    1  1.28684E+10 0.17051 
   19   19    1    1    1    1    1    1    1    1  1.30230E+10 0.16176 
   20   20    1    1    1    1    1    1    1    1  4.45924E+10 0.14806 
   21   21    1    1    1    1    1    1    1    1  2.65328E+10 0.09643 
   22   22    1    1    1    1    1    1    1    1  9.27802E+10 0.09295 
   23   23    1    1    1    1    1    1    1    1  1.19275E+11 0.06489 
   24   24    1    1    1    1    1    1    1    1  1.77884E+11 0.07154 
   25   25    1    1    1    1    1    1    1    1  2.13362E+11 0.06811 
   26   26    1    1    1    1    1    1    1    1  3.73822E+11 0.05161 
   27   27    1    1    1    1    1    1    1    1  6.78628E+11 0.02651 
   28   28    1    1    1    1    1    1    1    1  1.43850E+12 0.02026 
   29   29    1    1    1    1    1    1    1    1  2.25977E+12 0.01464 
   30   30    1    1    1    1    1    1    1    1  6.43436E+12 0.01113 
   31   31    1    1    1    1    1    1    1    1  2.00039E+13 0.00522 
   32   32    1    1    1    1    1    1    1    1  3.81671E+13 0.00466 
   33   33    1    1    1    1    1    1    1    1  8.99470E+13 0.00303 
   34   34    1    1    1    1    1    1    1    1  1.24887E+14 0.00267 
   35   35    1    1    1    1    1    1    1    1  1.69061E+14 0.00261 
   36   36    1    1    1    1    1    1    1    1  1.16599E+14 0.00274 
   37   37    1    1    1    1    1    1    1    1  3.60714E+13 0.00242 
   38   38    1    1    1    1    1    1    1    1  2.00673E+14 0.00218 
   39   39    1    1    1    1    1    1    1    1  2.70664E+14 0.00182 
   40   40    1    1    1    1    1    1    1    1  4.64666E+14 0.00161 
   41   41    1    1    1    1    1    1    1    1  4.73486E+14 0.00138 
   42   42    1    1    1    1    1    1    1    1  1.00349E+15 0.00120 
   43   43    1    1    1    1    1    1    1    1  1.21484E+15 0.00093 
   44   44    1    1    1    1    1    1    1    1  1.75795E+15 0.00081 
   45   45    1    1    1    1    1    1    1    1  3.48935E+15 0.00073 
   46   46    1    1    1    1    1    1    1    1  1.65079E+15 0.00077 
   47   47    1    1    1    1    1    1    1    1  2.66496E+15 0.00083 
   48   48    1    1    1    1    1    1    1    1  3.72736E+15 0.00072 
   49   49    1    1    1    1    1    1    1    1  3.69197E+15 0.00071 
   50   50    1    1    1    1    1    1    1    1  5.74548E+15 0.00067 
   51   51    1    1    1    1    1    1    1    1  4.60938E+15 0.00081 
   52   52    1    1    1    1    1    1    1    1  5.45132E+15 0.00071 
   53   53    1    1    1    1    1    1    1    1  3.80679E+15 0.00055 
   54   54    1    1    1    1    1    1    1    1  4.63272E+15 0.00042 
   55   55    1    1    1    1    1    1    1    1  3.20012E+15 0.00072 
   56   56    1    1    1    1    1    1    1    1  4.36408E+14 0.00080 
   57   57    1    1    1    1    1    1    1    1  6.36847E+15 0.00075 
   58   58    1    1    1    1    1    1    1    1  2.82031E+15 0.00082 
   59   59    1    1    1    1    1    1    1    1  3.01224E+15 0.00076 
   60   60    1    1    1    1    1    1    1    1  2.33357E+15 0.00079 
   61   61    1    1    1    1    1    1    1    1  2.34246E+15 0.00094 
   62   62    1    1    1    1    1    1    1    1  2.43913E+15 0.00106 
   63   63    1    1    1    1    1    1    1    1  2.04929E+15 0.00083 
   64   64    1    1    1    1    1    1    1    1  1.63162E+15 0.00126 
   65   65    1    1    1    1    1    1    1    1  1.62036E+15 0.00096 
   66   66    1    1    1    1    1    1    1    1  1.17235E+15 0.00109 
   67   67    1    1    1    1    1    1    1    1  9.58338E+14 0.00109 
   68   68    1    1    1    1    1    1    1    1  8.60244E+14 0.00125 
   69   69    1    1    1    1    1    1    1    1  1.03375E+15 0.00126 
   70   70    1    1    1    1    1    1    1    1  8.80225E+14 0.00103 
   71   71    1    1    1    1    1    1    1    1  1.61599E+15 0.00100 
   72   72    1    1    1    1    1    1    1    1  1.14563E+15 0.00156 
   73   73    1    1    1    1    1    1    1    1  8.63434E+14 0.00127 
   74   74    1    1    1    1    1    1    1    1  6.90001E+14 0.00118 
   75   75    1    1    1    1    1    1    1    1  5.69575E+14 0.00137 
   76   76    1    1    1    1    1    1    1    1  6.57726E+14 0.00135 
   77   77    1    1    1    1    1    1    1    1  5.16421E+14 0.00134 
   78   78    1    1    1    1    1    1    1    1  4.09261E+14 0.00173 
   79   79    1    1    1    1    1    1    1    1  4.22542E+14 0.00163 
   80   80    1    1    1    1    1    1    1    1  3.12106E+14 0.00129 
   81   81    1    1    1    1    1    1    1    1  2.39868E+14 0.00248 
   82   82    1    1    1    1    1    1    1    1  1.84468E+14 0.00187 
   83   83    1    1    1    1    1    1    1    1  1.72963E+14 0.00193 
   84   84    1    1    1    1    1    1    1    1  1.24187E+14 0.00307 
   85   85    1    1    1    1    1    1    1    1  8.96109E+13 0.00269 
   86   86    1    1    1    1    1    1    1    1  8.37031E+13 0.00290 
   87   87    1    1    1    1    1    1    1    1  5.19463E+13 0.00614 
   88   88    1    1    1    1    1    1    1    1  3.47657E+13 0.00418 
   89   89    1    1    1    1    1    1    1    1  2.00789E+13 0.00615 
   90   90    1    1    1    1    1    1    1    1  1.31473E+13 0.00644 
   91   91    1    1    1    1    1    1    1    1  6.72690E+12 0.01054 
   92   92    1    1    1    1    1    1    1    1  3.28735E+12 0.01314 
   93   93    1    1    1    1    1    1    1    1  1.60564E+12 0.02220 
   94   94    1    1    1    1    1    1    1    1  7.74196E+11 0.03174 
   95   95    1    1    1    1    1    1    1    1  3.74114E+11 0.03604 
   96   96    1    1    1    1    1    1    1    1  1.77063E+11 0.08069 
   97   97    1    1    1    1    1    1    1    1  8.55638E+10 0.11185 
   98   98    1    1    1    1    1    1    1    1  3.55295E+10 0.19346 
   99   99    1    1    1    1    1    1    1    1  2.78811E+10 0.14009 
  100  100    1    1    1    1    1    1    1    1  1.36136E+10 0.23589 
];


