
DETdpaspec = [
    1    1    1    1    1    1    1    1    1    1  0.00000E+00 0.00000 
    2    2    1    1    1    1    1    1    1    1  0.00000E+00 0.00000 
    3    3    1    1    1    1    1    1    1    1  0.00000E+00 0.00000 
    4    4    1    1    1    1    1    1    1    1  2.40067E+07 1.00000 
    5    5    1    1    1    1    1    1    1    1  0.00000E+00 0.00000 
    6    6    1    1    1    1    1    1    1    1  1.01059E+07 1.00000 
    7    7    1    1    1    1    1    1    1    1  0.00000E+00 0.00000 
    8    8    1    1    1    1    1    1    1    1  0.00000E+00 0.00000 
    9    9    1    1    1    1    1    1    1    1  0.00000E+00 0.00000 
   10   10    1    1    1    1    1    1    1    1  3.78977E+07 1.00000 
   11   11    1    1    1    1    1    1    1    1  1.79269E+08 0.55141 
   12   12    1    1    1    1    1    1    1    1  4.55191E+07 0.78920 
   13   13    1    1    1    1    1    1    1    1  1.84762E+09 0.40134 
   14   14    1    1    1    1    1    1    1    1  2.54684E+09 0.48582 
   15   15    1    1    1    1    1    1    1    1  2.64549E+09 0.42052 
   16   16    1    1    1    1    1    1    1    1  1.61060E+09 0.33655 
   17   17    1    1    1    1    1    1    1    1  2.24060E+09 0.23785 
   18   18    1    1    1    1    1    1    1    1  4.36245E+09 0.24861 
   19   19    1    1    1    1    1    1    1    1  1.37881E+10 0.13083 
   20   20    1    1    1    1    1    1    1    1  4.21138E+10 0.13958 
   21   21    1    1    1    1    1    1    1    1  2.47618E+10 0.12431 
   22   22    1    1    1    1    1    1    1    1  7.32968E+10 0.08610 
   23   23    1    1    1    1    1    1    1    1  1.05654E+11 0.07789 
   24   24    1    1    1    1    1    1    1    1  1.59605E+11 0.06525 
   25   25    1    1    1    1    1    1    1    1  2.14359E+11 0.06072 
   26   26    1    1    1    1    1    1    1    1  3.40016E+11 0.04516 
   27   27    1    1    1    1    1    1    1    1  5.95368E+11 0.03378 
   28   28    1    1    1    1    1    1    1    1  1.06545E+12 0.02910 
   29   29    1    1    1    1    1    1    1    1  1.51529E+12 0.01971 
   30   30    1    1    1    1    1    1    1    1  4.73050E+12 0.01127 
   31   31    1    1    1    1    1    1    1    1  1.44681E+13 0.00575 
   32   32    1    1    1    1    1    1    1    1  2.72496E+13 0.00568 
   33   33    1    1    1    1    1    1    1    1  6.23831E+13 0.00301 
   34   34    1    1    1    1    1    1    1    1  8.42165E+13 0.00219 
   35   35    1    1    1    1    1    1    1    1  1.19284E+14 0.00206 
   36   36    1    1    1    1    1    1    1    1  8.35737E+13 0.00272 
   37   37    1    1    1    1    1    1    1    1  2.63296E+13 0.00250 
   38   38    1    1    1    1    1    1    1    1  1.43468E+14 0.00245 
   39   39    1    1    1    1    1    1    1    1  1.92415E+14 0.00201 
   40   40    1    1    1    1    1    1    1    1  3.25354E+14 0.00222 
   41   41    1    1    1    1    1    1    1    1  3.36263E+14 0.00181 
   42   42    1    1    1    1    1    1    1    1  6.98080E+14 0.00154 
   43   43    1    1    1    1    1    1    1    1  8.38412E+14 0.00132 
   44   44    1    1    1    1    1    1    1    1  1.20007E+15 0.00175 
   45   45    1    1    1    1    1    1    1    1  2.32951E+15 0.00131 
   46   46    1    1    1    1    1    1    1    1  1.10311E+15 0.00147 
   47   47    1    1    1    1    1    1    1    1  1.78383E+15 0.00146 
   48   48    1    1    1    1    1    1    1    1  2.48268E+15 0.00137 
   49   49    1    1    1    1    1    1    1    1  2.45547E+15 0.00132 
   50   50    1    1    1    1    1    1    1    1  3.76283E+15 0.00112 
   51   51    1    1    1    1    1    1    1    1  3.03797E+15 0.00124 
   52   52    1    1    1    1    1    1    1    1  3.52839E+15 0.00124 
   53   53    1    1    1    1    1    1    1    1  2.46368E+15 0.00127 
   54   54    1    1    1    1    1    1    1    1  2.94965E+15 0.00156 
   55   55    1    1    1    1    1    1    1    1  2.03762E+15 0.00142 
   56   56    1    1    1    1    1    1    1    1  2.78863E+14 0.00162 
   57   57    1    1    1    1    1    1    1    1  4.05046E+15 0.00129 
   58   58    1    1    1    1    1    1    1    1  1.75691E+15 0.00137 
   59   59    1    1    1    1    1    1    1    1  1.87818E+15 0.00151 
   60   60    1    1    1    1    1    1    1    1  1.43336E+15 0.00141 
   61   61    1    1    1    1    1    1    1    1  1.44122E+15 0.00146 
   62   62    1    1    1    1    1    1    1    1  1.49368E+15 0.00123 
   63   63    1    1    1    1    1    1    1    1  1.24886E+15 0.00151 
   64   64    1    1    1    1    1    1    1    1  9.91149E+14 0.00162 
   65   65    1    1    1    1    1    1    1    1  9.81117E+14 0.00151 
   66   66    1    1    1    1    1    1    1    1  7.09606E+14 0.00167 
   67   67    1    1    1    1    1    1    1    1  5.81655E+14 0.00166 
   68   68    1    1    1    1    1    1    1    1  5.23043E+14 0.00138 
   69   69    1    1    1    1    1    1    1    1  6.26569E+14 0.00118 
   70   70    1    1    1    1    1    1    1    1  5.34765E+14 0.00188 
   71   71    1    1    1    1    1    1    1    1  9.88126E+14 0.00165 
   72   72    1    1    1    1    1    1    1    1  7.01188E+14 0.00186 
   73   73    1    1    1    1    1    1    1    1  5.26560E+14 0.00181 
   74   74    1    1    1    1    1    1    1    1  4.16679E+14 0.00207 
   75   75    1    1    1    1    1    1    1    1  3.40512E+14 0.00249 
   76   76    1    1    1    1    1    1    1    1  3.90006E+14 0.00172 
   77   77    1    1    1    1    1    1    1    1  3.02816E+14 0.00209 
   78   78    1    1    1    1    1    1    1    1  2.38903E+14 0.00224 
   79   79    1    1    1    1    1    1    1    1  2.44153E+14 0.00215 
   80   80    1    1    1    1    1    1    1    1  1.78590E+14 0.00288 
   81   81    1    1    1    1    1    1    1    1  1.37908E+14 0.00258 
   82   82    1    1    1    1    1    1    1    1  1.05241E+14 0.00350 
   83   83    1    1    1    1    1    1    1    1  9.80338E+13 0.00339 
   84   84    1    1    1    1    1    1    1    1  7.06713E+13 0.00314 
   85   85    1    1    1    1    1    1    1    1  5.11239E+13 0.00386 
   86   86    1    1    1    1    1    1    1    1  4.79616E+13 0.00404 
   87   87    1    1    1    1    1    1    1    1  2.95289E+13 0.00445 
   88   88    1    1    1    1    1    1    1    1  2.02454E+13 0.00637 
   89   89    1    1    1    1    1    1    1    1  1.15491E+13 0.00800 
   90   90    1    1    1    1    1    1    1    1  7.71966E+12 0.01102 
   91   91    1    1    1    1    1    1    1    1  3.85289E+12 0.01514 
   92   92    1    1    1    1    1    1    1    1  1.90521E+12 0.01819 
   93   93    1    1    1    1    1    1    1    1  9.67493E+11 0.02847 
   94   94    1    1    1    1    1    1    1    1  4.61606E+11 0.04429 
   95   95    1    1    1    1    1    1    1    1  2.51256E+11 0.06515 
   96   96    1    1    1    1    1    1    1    1  9.59213E+10 0.09849 
   97   97    1    1    1    1    1    1    1    1  4.38418E+10 0.14806 
   98   98    1    1    1    1    1    1    1    1  2.79473E+10 0.15542 
   99   99    1    1    1    1    1    1    1    1  1.49788E+10 0.24127 
  100  100    1    1    1    1    1    1    1    1  7.79249E+09 0.38473 
];


