
DETdpaspec = [
    1    1    1    1    1    1    1    1    1    1  0.00000E+00 0.00000 
    2    2    1    1    1    1    1    1    1    1  0.00000E+00 0.00000 
    3    3    1    1    1    1    1    1    1    1  0.00000E+00 0.00000 
    4    4    1    1    1    1    1    1    1    1  0.00000E+00 0.00000 
    5    5    1    1    1    1    1    1    1    1  1.03065E+07 1.00000 
    6    6    1    1    1    1    1    1    1    1  0.00000E+00 0.00000 
    7    7    1    1    1    1    1    1    1    1  0.00000E+00 0.00000 
    8    8    1    1    1    1    1    1    1    1  0.00000E+00 0.00000 
    9    9    1    1    1    1    1    1    1    1  0.00000E+00 0.00000 
   10   10    1    1    1    1    1    1    1    1  2.13289E+08 0.79305 
   11   11    1    1    1    1    1    1    1    1  1.43706E+08 0.68832 
   12   12    1    1    1    1    1    1    1    1  0.00000E+00 0.00000 
   13   13    1    1    1    1    1    1    1    1  1.79818E+09 0.40534 
   14   14    1    1    1    1    1    1    1    1  1.57962E+09 0.41416 
   15   15    1    1    1    1    1    1    1    1  2.97866E+09 0.46215 
   16   16    1    1    1    1    1    1    1    1  1.38780E+09 0.35286 
   17   17    1    1    1    1    1    1    1    1  2.05007E+09 0.35361 
   18   18    1    1    1    1    1    1    1    1  9.45958E+09 0.22333 
   19   19    1    1    1    1    1    1    1    1  9.61835E+09 0.31972 
   20   20    1    1    1    1    1    1    1    1  2.18931E+10 0.16370 
   21   21    1    1    1    1    1    1    1    1  1.56549E+10 0.15404 
   22   22    1    1    1    1    1    1    1    1  3.92800E+10 0.10903 
   23   23    1    1    1    1    1    1    1    1  6.27644E+10 0.10179 
   24   24    1    1    1    1    1    1    1    1  9.16966E+10 0.09389 
   25   25    1    1    1    1    1    1    1    1  1.30293E+11 0.07067 
   26   26    1    1    1    1    1    1    1    1  1.82144E+11 0.03743 
   27   27    1    1    1    1    1    1    1    1  3.22068E+11 0.04230 
   28   28    1    1    1    1    1    1    1    1  5.65779E+11 0.03768 
   29   29    1    1    1    1    1    1    1    1  8.08491E+11 0.02274 
   30   30    1    1    1    1    1    1    1    1  2.57113E+12 0.02130 
   31   31    1    1    1    1    1    1    1    1  7.76197E+12 0.01415 
   32   32    1    1    1    1    1    1    1    1  1.43121E+13 0.00977 
   33   33    1    1    1    1    1    1    1    1  3.07179E+13 0.00527 
   34   34    1    1    1    1    1    1    1    1  3.97271E+13 0.00514 
   35   35    1    1    1    1    1    1    1    1  5.77476E+13 0.00352 
   36   36    1    1    1    1    1    1    1    1  4.07259E+13 0.00312 
   37   37    1    1    1    1    1    1    1    1  1.30299E+13 0.00334 
   38   38    1    1    1    1    1    1    1    1  6.94696E+13 0.00240 
   39   39    1    1    1    1    1    1    1    1  9.24991E+13 0.00294 
   40   40    1    1    1    1    1    1    1    1  1.52952E+14 0.00248 
   41   41    1    1    1    1    1    1    1    1  1.59220E+14 0.00308 
   42   42    1    1    1    1    1    1    1    1  3.23331E+14 0.00252 
   43   43    1    1    1    1    1    1    1    1  3.83363E+14 0.00325 
   44   44    1    1    1    1    1    1    1    1  5.39607E+14 0.00306 
   45   45    1    1    1    1    1    1    1    1  1.01887E+15 0.00296 
   46   46    1    1    1    1    1    1    1    1  4.80143E+14 0.00294 
   47   47    1    1    1    1    1    1    1    1  7.75473E+14 0.00289 
   48   48    1    1    1    1    1    1    1    1  1.06944E+15 0.00274 
   49   49    1    1    1    1    1    1    1    1  1.05323E+15 0.00279 
   50   50    1    1    1    1    1    1    1    1  1.58839E+15 0.00257 
   51   51    1    1    1    1    1    1    1    1  1.28474E+15 0.00283 
   52   52    1    1    1    1    1    1    1    1  1.46309E+15 0.00250 
   53   53    1    1    1    1    1    1    1    1  1.02212E+15 0.00255 
   54   54    1    1    1    1    1    1    1    1  1.20199E+15 0.00257 
   55   55    1    1    1    1    1    1    1    1  8.31305E+14 0.00250 
   56   56    1    1    1    1    1    1    1    1  1.14307E+14 0.00349 
   57   57    1    1    1    1    1    1    1    1  1.64815E+15 0.00277 
   58   58    1    1    1    1    1    1    1    1  6.99428E+14 0.00272 
   59   59    1    1    1    1    1    1    1    1  7.47843E+14 0.00313 
   60   60    1    1    1    1    1    1    1    1  5.65159E+14 0.00343 
   61   61    1    1    1    1    1    1    1    1  5.68402E+14 0.00323 
   62   62    1    1    1    1    1    1    1    1  5.85632E+14 0.00326 
   63   63    1    1    1    1    1    1    1    1  4.85275E+14 0.00311 
   64   64    1    1    1    1    1    1    1    1  3.85535E+14 0.00370 
   65   65    1    1    1    1    1    1    1    1  3.79877E+14 0.00343 
   66   66    1    1    1    1    1    1    1    1  2.73783E+14 0.00398 
   67   67    1    1    1    1    1    1    1    1  2.25297E+14 0.00374 
   68   68    1    1    1    1    1    1    1    1  2.02453E+14 0.00398 
   69   69    1    1    1    1    1    1    1    1  2.42808E+14 0.00420 
   70   70    1    1    1    1    1    1    1    1  2.07400E+14 0.00386 
   71   71    1    1    1    1    1    1    1    1  3.85496E+14 0.00372 
   72   72    1    1    1    1    1    1    1    1  2.74096E+14 0.00337 
   73   73    1    1    1    1    1    1    1    1  2.03335E+14 0.00258 
   74   74    1    1    1    1    1    1    1    1  1.59727E+14 0.00322 
   75   75    1    1    1    1    1    1    1    1  1.29269E+14 0.00387 
   76   76    1    1    1    1    1    1    1    1  1.46651E+14 0.00267 
   77   77    1    1    1    1    1    1    1    1  1.12646E+14 0.00324 
   78   78    1    1    1    1    1    1    1    1  8.78684E+13 0.00421 
   79   79    1    1    1    1    1    1    1    1  8.96552E+13 0.00415 
   80   80    1    1    1    1    1    1    1    1  6.56088E+13 0.00390 
   81   81    1    1    1    1    1    1    1    1  5.03418E+13 0.00548 
   82   82    1    1    1    1    1    1    1    1  3.85317E+13 0.00680 
   83   83    1    1    1    1    1    1    1    1  3.60843E+13 0.00765 
   84   84    1    1    1    1    1    1    1    1  2.55891E+13 0.00598 
   85   85    1    1    1    1    1    1    1    1  1.83751E+13 0.00568 
   86   86    1    1    1    1    1    1    1    1  1.72785E+13 0.00752 
   87   87    1    1    1    1    1    1    1    1  1.08307E+13 0.01038 
   88   88    1    1    1    1    1    1    1    1  7.19243E+12 0.01351 
   89   89    1    1    1    1    1    1    1    1  4.07574E+12 0.01773 
   90   90    1    1    1    1    1    1    1    1  2.80426E+12 0.01786 
   91   91    1    1    1    1    1    1    1    1  1.37316E+12 0.01996 
   92   92    1    1    1    1    1    1    1    1  6.92353E+11 0.04198 
   93   93    1    1    1    1    1    1    1    1  3.53215E+11 0.04294 
   94   94    1    1    1    1    1    1    1    1  1.55082E+11 0.06450 
   95   95    1    1    1    1    1    1    1    1  6.83005E+10 0.10369 
   96   96    1    1    1    1    1    1    1    1  3.26279E+10 0.12677 
   97   97    1    1    1    1    1    1    1    1  1.78828E+10 0.22957 
   98   98    1    1    1    1    1    1    1    1  1.01120E+10 0.28219 
   99   99    1    1    1    1    1    1    1    1  3.34673E+09 0.63497 
  100  100    1    1    1    1    1    1    1    1  1.11192E+09 0.54635 
];


