
DETdpaspec = [
    1    1    1    1    1    1    1    1    1    1  0.00000E+00 0.00000 
    2    2    1    1    1    1    1    1    1    1  0.00000E+00 0.00000 
    3    3    1    1    1    1    1    1    1    1  0.00000E+00 0.00000 
    4    4    1    1    1    1    1    1    1    1  0.00000E+00 0.00000 
    5    5    1    1    1    1    1    1    1    1  0.00000E+00 0.00000 
    6    6    1    1    1    1    1    1    1    1  0.00000E+00 0.00000 
    7    7    1    1    1    1    1    1    1    1  0.00000E+00 0.00000 
    8    8    1    1    1    1    1    1    1    1  0.00000E+00 0.00000 
    9    9    1    1    1    1    1    1    1    1  0.00000E+00 0.00000 
   10   10    1    1    1    1    1    1    1    1  0.00000E+00 0.00000 
   11   11    1    1    1    1    1    1    1    1  1.87503E+08 0.55141 
   12   12    1    1    1    1    1    1    1    1  6.10028E+06 1.00000 
   13   13    1    1    1    1    1    1    1    1  1.60682E+08 0.81129 
   14   14    1    1    1    1    1    1    1    1  2.21698E+09 0.40361 
   15   15    1    1    1    1    1    1    1    1  2.84349E+09 0.42994 
   16   16    1    1    1    1    1    1    1    1  1.76433E+09 0.54574 
   17   17    1    1    1    1    1    1    1    1  2.07178E+09 0.28362 
   18   18    1    1    1    1    1    1    1    1  3.65894E+09 0.28010 
   19   19    1    1    1    1    1    1    1    1  8.50072E+09 0.23855 
   20   20    1    1    1    1    1    1    1    1  2.02576E+10 0.10778 
   21   21    1    1    1    1    1    1    1    1  1.99034E+10 0.11757 
   22   22    1    1    1    1    1    1    1    1  6.08217E+10 0.08542 
   23   23    1    1    1    1    1    1    1    1  6.35739E+10 0.08687 
   24   24    1    1    1    1    1    1    1    1  8.95804E+10 0.08673 
   25   25    1    1    1    1    1    1    1    1  1.16575E+11 0.07659 
   26   26    1    1    1    1    1    1    1    1  2.00264E+11 0.06067 
   27   27    1    1    1    1    1    1    1    1  3.43178E+11 0.05182 
   28   28    1    1    1    1    1    1    1    1  6.14719E+11 0.03939 
   29   29    1    1    1    1    1    1    1    1  8.43568E+11 0.02894 
   30   30    1    1    1    1    1    1    1    1  2.73315E+12 0.01657 
   31   31    1    1    1    1    1    1    1    1  8.37982E+12 0.01115 
   32   32    1    1    1    1    1    1    1    1  1.53155E+13 0.00823 
   33   33    1    1    1    1    1    1    1    1  3.37364E+13 0.00620 
   34   34    1    1    1    1    1    1    1    1  4.43472E+13 0.00438 
   35   35    1    1    1    1    1    1    1    1  6.46204E+13 0.00405 
   36   36    1    1    1    1    1    1    1    1  4.55136E+13 0.00352 
   37   37    1    1    1    1    1    1    1    1  1.44959E+13 0.00313 
   38   38    1    1    1    1    1    1    1    1  7.73895E+13 0.00341 
   39   39    1    1    1    1    1    1    1    1  1.02850E+14 0.00278 
   40   40    1    1    1    1    1    1    1    1  1.71490E+14 0.00241 
   41   41    1    1    1    1    1    1    1    1  1.78670E+14 0.00216 
   42   42    1    1    1    1    1    1    1    1  3.63477E+14 0.00251 
   43   43    1    1    1    1    1    1    1    1  4.32477E+14 0.00247 
   44   44    1    1    1    1    1    1    1    1  6.11297E+14 0.00244 
   45   45    1    1    1    1    1    1    1    1  1.16022E+15 0.00243 
   46   46    1    1    1    1    1    1    1    1  5.46154E+14 0.00252 
   47   47    1    1    1    1    1    1    1    1  8.81129E+14 0.00238 
   48   48    1    1    1    1    1    1    1    1  1.21463E+15 0.00230 
   49   49    1    1    1    1    1    1    1    1  1.19841E+15 0.00224 
   50   50    1    1    1    1    1    1    1    1  1.80930E+15 0.00227 
   51   51    1    1    1    1    1    1    1    1  1.46426E+15 0.00246 
   52   52    1    1    1    1    1    1    1    1  1.67205E+15 0.00258 
   53   53    1    1    1    1    1    1    1    1  1.16437E+15 0.00224 
   54   54    1    1    1    1    1    1    1    1  1.37565E+15 0.00228 
   55   55    1    1    1    1    1    1    1    1  9.49853E+14 0.00251 
   56   56    1    1    1    1    1    1    1    1  1.30453E+14 0.00317 
   57   57    1    1    1    1    1    1    1    1  1.88253E+15 0.00262 
   58   58    1    1    1    1    1    1    1    1  8.02240E+14 0.00305 
   59   59    1    1    1    1    1    1    1    1  8.58464E+14 0.00291 
   60   60    1    1    1    1    1    1    1    1  6.47854E+14 0.00291 
   61   61    1    1    1    1    1    1    1    1  6.50730E+14 0.00299 
   62   62    1    1    1    1    1    1    1    1  6.72419E+14 0.00295 
   63   63    1    1    1    1    1    1    1    1  5.57119E+14 0.00308 
   64   64    1    1    1    1    1    1    1    1  4.42239E+14 0.00268 
   65   65    1    1    1    1    1    1    1    1  4.36427E+14 0.00318 
   66   66    1    1    1    1    1    1    1    1  3.13948E+14 0.00321 
   67   67    1    1    1    1    1    1    1    1  2.57670E+14 0.00319 
   68   68    1    1    1    1    1    1    1    1  2.32705E+14 0.00379 
   69   69    1    1    1    1    1    1    1    1  2.78779E+14 0.00340 
   70   70    1    1    1    1    1    1    1    1  2.37284E+14 0.00379 
   71   71    1    1    1    1    1    1    1    1  4.41746E+14 0.00390 
   72   72    1    1    1    1    1    1    1    1  3.12365E+14 0.00398 
   73   73    1    1    1    1    1    1    1    1  2.34648E+14 0.00387 
   74   74    1    1    1    1    1    1    1    1  1.83943E+14 0.00363 
   75   75    1    1    1    1    1    1    1    1  1.49188E+14 0.00329 
   76   76    1    1    1    1    1    1    1    1  1.69202E+14 0.00366 
   77   77    1    1    1    1    1    1    1    1  1.30336E+14 0.00401 
   78   78    1    1    1    1    1    1    1    1  1.01565E+14 0.00375 
   79   79    1    1    1    1    1    1    1    1  1.03784E+14 0.00354 
   80   80    1    1    1    1    1    1    1    1  7.57560E+13 0.00491 
   81   81    1    1    1    1    1    1    1    1  5.79949E+13 0.00539 
   82   82    1    1    1    1    1    1    1    1  4.46251E+13 0.00585 
   83   83    1    1    1    1    1    1    1    1  4.15337E+13 0.00492 
   84   84    1    1    1    1    1    1    1    1  2.98011E+13 0.00554 
   85   85    1    1    1    1    1    1    1    1  2.13948E+13 0.00735 
   86   86    1    1    1    1    1    1    1    1  2.00631E+13 0.00662 
   87   87    1    1    1    1    1    1    1    1  1.24878E+13 0.00928 
   88   88    1    1    1    1    1    1    1    1  8.40972E+12 0.00784 
   89   89    1    1    1    1    1    1    1    1  4.71844E+12 0.01664 
   90   90    1    1    1    1    1    1    1    1  3.28161E+12 0.01531 
   91   91    1    1    1    1    1    1    1    1  1.60204E+12 0.02293 
   92   92    1    1    1    1    1    1    1    1  8.07726E+11 0.03122 
   93   93    1    1    1    1    1    1    1    1  3.91412E+11 0.05037 
   94   94    1    1    1    1    1    1    1    1  1.98228E+11 0.07509 
   95   95    1    1    1    1    1    1    1    1  8.11428E+10 0.11166 
   96   96    1    1    1    1    1    1    1    1  4.22168E+10 0.18492 
   97   97    1    1    1    1    1    1    1    1  2.25016E+10 0.18382 
   98   98    1    1    1    1    1    1    1    1  9.67772E+09 0.37158 
   99   99    1    1    1    1    1    1    1    1  6.88919E+09 0.43876 
  100  100    1    1    1    1    1    1    1    1  7.71511E+08 0.68826 
];


