
DETdpaspec = [
    1    1    1    1    1    1    1    1    1    1  0.00000E+00 0.00000 
    2    2    1    1    1    1    1    1    1    1  0.00000E+00 0.00000 
    3    3    1    1    1    1    1    1    1    1  0.00000E+00 0.00000 
    4    4    1    1    1    1    1    1    1    1  9.72499E+06 1.00000 
    5    5    1    1    1    1    1    1    1    1  0.00000E+00 0.00000 
    6    6    1    1    1    1    1    1    1    1  0.00000E+00 0.00000 
    7    7    1    1    1    1    1    1    1    1  0.00000E+00 0.00000 
    8    8    1    1    1    1    1    1    1    1  1.46660E+07 1.00000 
    9    9    1    1    1    1    1    1    1    1  2.34975E+07 0.69501 
   10   10    1    1    1    1    1    1    1    1  5.04755E+07 1.00000 
   11   11    1    1    1    1    1    1    1    1  4.25131E+08 0.43344 
   12   12    1    1    1    1    1    1    1    1  1.09991E+08 0.45241 
   13   13    1    1    1    1    1    1    1    1  2.41777E+09 0.39853 
   14   14    1    1    1    1    1    1    1    1  3.35918E+09 0.34322 
   15   15    1    1    1    1    1    1    1    1  4.84431E+09 0.32177 
   16   16    1    1    1    1    1    1    1    1  1.86954E+09 0.24579 
   17   17    1    1    1    1    1    1    1    1  2.61393E+09 0.24732 
   18   18    1    1    1    1    1    1    1    1  1.00164E+10 0.19839 
   19   19    1    1    1    1    1    1    1    1  8.99903E+09 0.18633 
   20   20    1    1    1    1    1    1    1    1  3.60887E+10 0.15284 
   21   21    1    1    1    1    1    1    1    1  1.83167E+10 0.12281 
   22   22    1    1    1    1    1    1    1    1  5.33790E+10 0.08506 
   23   23    1    1    1    1    1    1    1    1  8.31971E+10 0.08806 
   24   24    1    1    1    1    1    1    1    1  1.40183E+11 0.05837 
   25   25    1    1    1    1    1    1    1    1  1.85393E+11 0.06290 
   26   26    1    1    1    1    1    1    1    1  2.57680E+11 0.04749 
   27   27    1    1    1    1    1    1    1    1  4.97751E+11 0.03627 
   28   28    1    1    1    1    1    1    1    1  9.58399E+11 0.02925 
   29   29    1    1    1    1    1    1    1    1  1.32479E+12 0.03051 
   30   30    1    1    1    1    1    1    1    1  4.01002E+12 0.01578 
   31   31    1    1    1    1    1    1    1    1  1.23647E+13 0.01200 
   32   32    1    1    1    1    1    1    1    1  2.29272E+13 0.00787 
   33   33    1    1    1    1    1    1    1    1  5.15673E+13 0.00397 
   34   34    1    1    1    1    1    1    1    1  6.89263E+13 0.00381 
   35   35    1    1    1    1    1    1    1    1  9.81724E+13 0.00231 
   36   36    1    1    1    1    1    1    1    1  6.91081E+13 0.00288 
   37   37    1    1    1    1    1    1    1    1  2.17547E+13 0.00314 
   38   38    1    1    1    1    1    1    1    1  1.17818E+14 0.00302 
   39   39    1    1    1    1    1    1    1    1  1.57554E+14 0.00232 
   40   40    1    1    1    1    1    1    1    1  2.65945E+14 0.00211 
   41   41    1    1    1    1    1    1    1    1  2.75789E+14 0.00215 
   42   42    1    1    1    1    1    1    1    1  5.67959E+14 0.00244 
   43   43    1    1    1    1    1    1    1    1  6.79572E+14 0.00240 
   44   44    1    1    1    1    1    1    1    1  9.69121E+14 0.00180 
   45   45    1    1    1    1    1    1    1    1  1.86361E+15 0.00246 
   46   46    1    1    1    1    1    1    1    1  8.80884E+14 0.00230 
   47   47    1    1    1    1    1    1    1    1  1.42508E+15 0.00204 
   48   48    1    1    1    1    1    1    1    1  1.97735E+15 0.00209 
   49   49    1    1    1    1    1    1    1    1  1.95481E+15 0.00201 
   50   50    1    1    1    1    1    1    1    1  2.98097E+15 0.00203 
   51   51    1    1    1    1    1    1    1    1  2.40658E+15 0.00225 
   52   52    1    1    1    1    1    1    1    1  2.77501E+15 0.00204 
   53   53    1    1    1    1    1    1    1    1  1.93594E+15 0.00182 
   54   54    1    1    1    1    1    1    1    1  2.30532E+15 0.00187 
   55   55    1    1    1    1    1    1    1    1  1.59442E+15 0.00201 
   56   56    1    1    1    1    1    1    1    1  2.18461E+14 0.00212 
   57   57    1    1    1    1    1    1    1    1  3.16546E+15 0.00221 
   58   58    1    1    1    1    1    1    1    1  1.36236E+15 0.00211 
   59   59    1    1    1    1    1    1    1    1  1.45751E+15 0.00217 
   60   60    1    1    1    1    1    1    1    1  1.10783E+15 0.00216 
   61   61    1    1    1    1    1    1    1    1  1.11301E+15 0.00217 
   62   62    1    1    1    1    1    1    1    1  1.15069E+15 0.00227 
   63   63    1    1    1    1    1    1    1    1  9.59606E+14 0.00245 
   64   64    1    1    1    1    1    1    1    1  7.63617E+14 0.00226 
   65   65    1    1    1    1    1    1    1    1  7.54422E+14 0.00264 
   66   66    1    1    1    1    1    1    1    1  5.43598E+14 0.00248 
   67   67    1    1    1    1    1    1    1    1  4.46108E+14 0.00277 
   68   68    1    1    1    1    1    1    1    1  4.00807E+14 0.00281 
   69   69    1    1    1    1    1    1    1    1  4.82853E+14 0.00229 
   70   70    1    1    1    1    1    1    1    1  4.10598E+14 0.00240 
   71   71    1    1    1    1    1    1    1    1  7.59760E+14 0.00263 
   72   72    1    1    1    1    1    1    1    1  5.40142E+14 0.00258 
   73   73    1    1    1    1    1    1    1    1  4.04485E+14 0.00295 
   74   74    1    1    1    1    1    1    1    1  3.18742E+14 0.00243 
   75   75    1    1    1    1    1    1    1    1  2.60604E+14 0.00287 
   76   76    1    1    1    1    1    1    1    1  2.95688E+14 0.00322 
   77   77    1    1    1    1    1    1    1    1  2.29556E+14 0.00316 
   78   78    1    1    1    1    1    1    1    1  1.80363E+14 0.00369 
   79   79    1    1    1    1    1    1    1    1  1.83543E+14 0.00323 
   80   80    1    1    1    1    1    1    1    1  1.34575E+14 0.00203 
   81   81    1    1    1    1    1    1    1    1  1.03797E+14 0.00392 
   82   82    1    1    1    1    1    1    1    1  7.93712E+13 0.00410 
   83   83    1    1    1    1    1    1    1    1  7.40853E+13 0.00407 
   84   84    1    1    1    1    1    1    1    1  5.34525E+13 0.00303 
   85   85    1    1    1    1    1    1    1    1  3.87462E+13 0.00546 
   86   86    1    1    1    1    1    1    1    1  3.57125E+13 0.00540 
   87   87    1    1    1    1    1    1    1    1  2.24746E+13 0.00607 
   88   88    1    1    1    1    1    1    1    1  1.46528E+13 0.00714 
   89   89    1    1    1    1    1    1    1    1  8.83461E+12 0.00795 
   90   90    1    1    1    1    1    1    1    1  5.69623E+12 0.01495 
   91   91    1    1    1    1    1    1    1    1  2.89810E+12 0.02028 
   92   92    1    1    1    1    1    1    1    1  1.44952E+12 0.02654 
   93   93    1    1    1    1    1    1    1    1  7.11300E+11 0.03264 
   94   94    1    1    1    1    1    1    1    1  3.26143E+11 0.05782 
   95   95    1    1    1    1    1    1    1    1  1.51406E+11 0.09333 
   96   96    1    1    1    1    1    1    1    1  7.38310E+10 0.08102 
   97   97    1    1    1    1    1    1    1    1  3.46329E+10 0.17663 
   98   98    1    1    1    1    1    1    1    1  1.21141E+10 0.20165 
   99   99    1    1    1    1    1    1    1    1  8.50115E+09 0.34973 
  100  100    1    1    1    1    1    1    1    1  4.82500E+09 0.40471 
];


