
DETdpaspec = [
    1    1    1    1    1    1    1    1    1    1  0.00000E+00 0.00000 
    2    2    1    1    1    1    1    1    1    1  0.00000E+00 0.00000 
    3    3    1    1    1    1    1    1    1    1  0.00000E+00 0.00000 
    4    4    1    1    1    1    1    1    1    1  0.00000E+00 0.00000 
    5    5    1    1    1    1    1    1    1    1  0.00000E+00 0.00000 
    6    6    1    1    1    1    1    1    1    1  0.00000E+00 0.00000 
    7    7    1    1    1    1    1    1    1    1  0.00000E+00 0.00000 
    8    8    1    1    1    1    1    1    1    1  0.00000E+00 0.00000 
    9    9    1    1    1    1    1    1    1    1  1.30310E+07 1.00000 
   10   10    1    1    1    1    1    1    1    1  1.18167E+08 1.00000 
   11   11    1    1    1    1    1    1    1    1  0.00000E+00 0.00000 
   12   12    1    1    1    1    1    1    1    1  1.06342E+08 0.46937 
   13   13    1    1    1    1    1    1    1    1  1.16661E+09 0.80221 
   14   14    1    1    1    1    1    1    1    1  1.24364E+09 0.75626 
   15   15    1    1    1    1    1    1    1    1  6.79941E+09 0.31272 
   16   16    1    1    1    1    1    1    1    1  9.80383E+08 0.53206 
   17   17    1    1    1    1    1    1    1    1  2.50141E+09 0.32722 
   18   18    1    1    1    1    1    1    1    1  1.06952E+10 0.21884 
   19   19    1    1    1    1    1    1    1    1  7.13514E+09 0.23652 
   20   20    1    1    1    1    1    1    1    1  2.98892E+10 0.12762 
   21   21    1    1    1    1    1    1    1    1  1.56139E+10 0.13717 
   22   22    1    1    1    1    1    1    1    1  4.25398E+10 0.11481 
   23   23    1    1    1    1    1    1    1    1  7.71578E+10 0.06462 
   24   24    1    1    1    1    1    1    1    1  9.78327E+10 0.05416 
   25   25    1    1    1    1    1    1    1    1  1.39650E+11 0.06532 
   26   26    1    1    1    1    1    1    1    1  2.06633E+11 0.06589 
   27   27    1    1    1    1    1    1    1    1  3.85234E+11 0.04725 
   28   28    1    1    1    1    1    1    1    1  6.88044E+11 0.01885 
   29   29    1    1    1    1    1    1    1    1  9.48625E+11 0.02312 
   30   30    1    1    1    1    1    1    1    1  2.99513E+12 0.01931 
   31   31    1    1    1    1    1    1    1    1  9.44793E+12 0.01072 
   32   32    1    1    1    1    1    1    1    1  1.73114E+13 0.00985 
   33   33    1    1    1    1    1    1    1    1  3.74796E+13 0.00563 
   34   34    1    1    1    1    1    1    1    1  4.94366E+13 0.00442 
   35   35    1    1    1    1    1    1    1    1  7.15859E+13 0.00232 
   36   36    1    1    1    1    1    1    1    1  5.03494E+13 0.00309 
   37   37    1    1    1    1    1    1    1    1  1.60430E+13 0.00368 
   38   38    1    1    1    1    1    1    1    1  8.57352E+13 0.00267 
   39   39    1    1    1    1    1    1    1    1  1.14399E+14 0.00252 
   40   40    1    1    1    1    1    1    1    1  1.90812E+14 0.00278 
   41   41    1    1    1    1    1    1    1    1  1.98419E+14 0.00267 
   42   42    1    1    1    1    1    1    1    1  4.04384E+14 0.00199 
   43   43    1    1    1    1    1    1    1    1  4.81328E+14 0.00188 
   44   44    1    1    1    1    1    1    1    1  6.82956E+14 0.00212 
   45   45    1    1    1    1    1    1    1    1  1.30025E+15 0.00193 
   46   46    1    1    1    1    1    1    1    1  6.14393E+14 0.00190 
   47   47    1    1    1    1    1    1    1    1  9.91108E+14 0.00218 
   48   48    1    1    1    1    1    1    1    1  1.36839E+15 0.00197 
   49   49    1    1    1    1    1    1    1    1  1.34921E+15 0.00183 
   50   50    1    1    1    1    1    1    1    1  2.04182E+15 0.00180 
   51   51    1    1    1    1    1    1    1    1  1.64978E+15 0.00175 
   52   52    1    1    1    1    1    1    1    1  1.88708E+15 0.00219 
   53   53    1    1    1    1    1    1    1    1  1.31497E+15 0.00214 
   54   54    1    1    1    1    1    1    1    1  1.55597E+15 0.00213 
   55   55    1    1    1    1    1    1    1    1  1.07433E+15 0.00195 
   56   56    1    1    1    1    1    1    1    1  1.47239E+14 0.00185 
   57   57    1    1    1    1    1    1    1    1  2.13161E+15 0.00224 
   58   58    1    1    1    1    1    1    1    1  9.09612E+14 0.00224 
   59   59    1    1    1    1    1    1    1    1  9.74442E+14 0.00211 
   60   60    1    1    1    1    1    1    1    1  7.37134E+14 0.00238 
   61   61    1    1    1    1    1    1    1    1  7.40169E+14 0.00181 
   62   62    1    1    1    1    1    1    1    1  7.63689E+14 0.00210 
   63   63    1    1    1    1    1    1    1    1  6.36297E+14 0.00219 
   64   64    1    1    1    1    1    1    1    1  5.04096E+14 0.00206 
   65   65    1    1    1    1    1    1    1    1  4.96754E+14 0.00203 
   66   66    1    1    1    1    1    1    1    1  3.58303E+14 0.00275 
   67   67    1    1    1    1    1    1    1    1  2.93918E+14 0.00242 
   68   68    1    1    1    1    1    1    1    1  2.65323E+14 0.00197 
   69   69    1    1    1    1    1    1    1    1  3.17613E+14 0.00221 
   70   70    1    1    1    1    1    1    1    1  2.70751E+14 0.00260 
   71   71    1    1    1    1    1    1    1    1  5.01675E+14 0.00266 
   72   72    1    1    1    1    1    1    1    1  3.55918E+14 0.00188 
   73   73    1    1    1    1    1    1    1    1  2.66049E+14 0.00302 
   74   74    1    1    1    1    1    1    1    1  2.09855E+14 0.00227 
   75   75    1    1    1    1    1    1    1    1  1.69694E+14 0.00326 
   76   76    1    1    1    1    1    1    1    1  1.92176E+14 0.00309 
   77   77    1    1    1    1    1    1    1    1  1.48368E+14 0.00251 
   78   78    1    1    1    1    1    1    1    1  1.16822E+14 0.00408 
   79   79    1    1    1    1    1    1    1    1  1.17985E+14 0.00419 
   80   80    1    1    1    1    1    1    1    1  8.70694E+13 0.00434 
   81   81    1    1    1    1    1    1    1    1  6.64522E+13 0.00307 
   82   82    1    1    1    1    1    1    1    1  5.11657E+13 0.00508 
   83   83    1    1    1    1    1    1    1    1  4.77298E+13 0.00323 
   84   84    1    1    1    1    1    1    1    1  3.42053E+13 0.00501 
   85   85    1    1    1    1    1    1    1    1  2.45244E+13 0.00736 
   86   86    1    1    1    1    1    1    1    1  2.28625E+13 0.00719 
   87   87    1    1    1    1    1    1    1    1  1.42496E+13 0.00694 
   88   88    1    1    1    1    1    1    1    1  9.80525E+12 0.00971 
   89   89    1    1    1    1    1    1    1    1  5.60365E+12 0.01130 
   90   90    1    1    1    1    1    1    1    1  3.68776E+12 0.01324 
   91   91    1    1    1    1    1    1    1    1  1.88411E+12 0.02013 
   92   92    1    1    1    1    1    1    1    1  9.29246E+11 0.02957 
   93   93    1    1    1    1    1    1    1    1  4.50184E+11 0.04765 
   94   94    1    1    1    1    1    1    1    1  2.16314E+11 0.04180 
   95   95    1    1    1    1    1    1    1    1  8.92097E+10 0.06438 
   96   96    1    1    1    1    1    1    1    1  5.15144E+10 0.09671 
   97   97    1    1    1    1    1    1    1    1  2.39962E+10 0.14946 
   98   98    1    1    1    1    1    1    1    1  1.43258E+10 0.27651 
   99   99    1    1    1    1    1    1    1    1  4.81868E+09 0.35688 
  100  100    1    1    1    1    1    1    1    1  4.07832E+09 0.40647 
];


