
DETdpaspec = [
    1    1    1    1    1    1    1    1    1    1  0.00000E+00 0.00000 
    2    2    1    1    1    1    1    1    1    1  0.00000E+00 0.00000 
    3    3    1    1    1    1    1    1    1    1  0.00000E+00 0.00000 
    4    4    1    1    1    1    1    1    1    1  0.00000E+00 0.00000 
    5    5    1    1    1    1    1    1    1    1  0.00000E+00 0.00000 
    6    6    1    1    1    1    1    1    1    1  0.00000E+00 0.00000 
    7    7    1    1    1    1    1    1    1    1  0.00000E+00 0.00000 
    8    8    1    1    1    1    1    1    1    1  0.00000E+00 0.00000 
    9    9    1    1    1    1    1    1    1    1  0.00000E+00 0.00000 
   10   10    1    1    1    1    1    1    1    1  6.88232E+07 1.00000 
   11   11    1    1    1    1    1    1    1    1  8.61653E+07 1.00000 
   12   12    1    1    1    1    1    1    1    1  2.06149E+08 1.00000 
   13   13    1    1    1    1    1    1    1    1  5.61585E+08 0.80729 
   14   14    1    1    1    1    1    1    1    1  8.20952E+09 0.43121 
   15   15    1    1    1    1    1    1    1    1  7.00779E+09 0.33089 
   16   16    1    1    1    1    1    1    1    1  2.84970E+09 0.34844 
   17   17    1    1    1    1    1    1    1    1  2.74280E+09 0.51401 
   18   18    1    1    1    1    1    1    1    1  3.45986E+09 0.32894 
   19   19    1    1    1    1    1    1    1    1  6.46491E+09 0.33895 
   20   20    1    1    1    1    1    1    1    1  3.61078E+10 0.17533 
   21   21    1    1    1    1    1    1    1    1  3.68505E+10 0.08426 
   22   22    1    1    1    1    1    1    1    1  5.64395E+10 0.15549 
   23   23    1    1    1    1    1    1    1    1  8.68218E+10 0.10848 
   24   24    1    1    1    1    1    1    1    1  2.26378E+11 0.06907 
   25   25    1    1    1    1    1    1    1    1  3.58840E+11 0.04680 
   26   26    1    1    1    1    1    1    1    1  7.97760E+11 0.02323 
   27   27    1    1    1    1    1    1    1    1  1.83062E+12 0.01418 
   28   28    1    1    1    1    1    1    1    1  4.56957E+12 0.01543 
   29   29    1    1    1    1    1    1    1    1  8.47637E+12 0.00764 
   30   30    1    1    1    1    1    1    1    1  1.96754E+13 0.00758 
   31   31    1    1    1    1    1    1    1    1  5.17604E+13 0.00521 
   32   32    1    1    1    1    1    1    1    1  8.66498E+13 0.00384 
   33   33    1    1    1    1    1    1    1    1  1.92760E+14 0.00235 
   34   34    1    1    1    1    1    1    1    1  2.59377E+14 0.00217 
   35   35    1    1    1    1    1    1    1    1  2.94297E+14 0.00178 
   36   36    1    1    1    1    1    1    1    1  1.86343E+14 0.00149 
   37   37    1    1    1    1    1    1    1    1  5.52240E+13 0.00163 
   38   38    1    1    1    1    1    1    1    1  3.14937E+14 0.00177 
   39   39    1    1    1    1    1    1    1    1  4.21370E+14 0.00177 
   40   40    1    1    1    1    1    1    1    1  7.24158E+14 0.00126 
   41   41    1    1    1    1    1    1    1    1  7.07439E+14 0.00136 
   42   42    1    1    1    1    1    1    1    1  1.51997E+15 0.00102 
   43   43    1    1    1    1    1    1    1    1  1.82588E+15 0.00092 
   44   44    1    1    1    1    1    1    1    1  2.61236E+15 0.00071 
   45   45    1    1    1    1    1    1    1    1  5.17811E+15 0.00068 
   46   46    1    1    1    1    1    1    1    1  2.37104E+15 0.00081 
   47   47    1    1    1    1    1    1    1    1  3.76659E+15 0.00078 
   48   48    1    1    1    1    1    1    1    1  5.21204E+15 0.00067 
   49   49    1    1    1    1    1    1    1    1  5.08991E+15 0.00056 
   50   50    1    1    1    1    1    1    1    1  7.98413E+15 0.00061 
   51   51    1    1    1    1    1    1    1    1  6.22398E+15 0.00072 
   52   52    1    1    1    1    1    1    1    1  7.48729E+15 0.00072 
   53   53    1    1    1    1    1    1    1    1  5.15818E+15 0.00059 
   54   54    1    1    1    1    1    1    1    1  6.40036E+15 0.00057 
   55   55    1    1    1    1    1    1    1    1  4.38264E+15 0.00052 
   56   56    1    1    1    1    1    1    1    1  5.92926E+14 0.00085 
   57   57    1    1    1    1    1    1    1    1  8.66954E+15 0.00054 
   58   58    1    1    1    1    1    1    1    1  3.93417E+15 0.00070 
   59   59    1    1    1    1    1    1    1    1  4.15297E+15 0.00058 
   60   60    1    1    1    1    1    1    1    1  3.27662E+15 0.00063 
   61   61    1    1    1    1    1    1    1    1  3.26916E+15 0.00071 
   62   62    1    1    1    1    1    1    1    1  3.40485E+15 0.00058 
   63   63    1    1    1    1    1    1    1    1  2.87334E+15 0.00057 
   64   64    1    1    1    1    1    1    1    1  2.27958E+15 0.00044 
   65   65    1    1    1    1    1    1    1    1  2.25993E+15 0.00090 
   66   66    1    1    1    1    1    1    1    1  1.63271E+15 0.00066 
   67   67    1    1    1    1    1    1    1    1  1.32255E+15 0.00088 
   68   68    1    1    1    1    1    1    1    1  1.18214E+15 0.00103 
   69   69    1    1    1    1    1    1    1    1  1.41485E+15 0.00080 
   70   70    1    1    1    1    1    1    1    1  1.19927E+15 0.00104 
   71   71    1    1    1    1    1    1    1    1  2.15059E+15 0.00107 
   72   72    1    1    1    1    1    1    1    1  1.51392E+15 0.00124 
   73   73    1    1    1    1    1    1    1    1  1.14229E+15 0.00141 
   74   74    1    1    1    1    1    1    1    1  9.27007E+14 0.00124 
   75   75    1    1    1    1    1    1    1    1  7.77728E+14 0.00090 
   76   76    1    1    1    1    1    1    1    1  9.11967E+14 0.00114 
   77   77    1    1    1    1    1    1    1    1  7.27362E+14 0.00138 
   78   78    1    1    1    1    1    1    1    1  5.82790E+14 0.00136 
   79   79    1    1    1    1    1    1    1    1  6.04865E+14 0.00132 
   80   80    1    1    1    1    1    1    1    1  4.49935E+14 0.00161 
   81   81    1    1    1    1    1    1    1    1  3.48781E+14 0.00190 
   82   82    1    1    1    1    1    1    1    1  2.68260E+14 0.00128 
   83   83    1    1    1    1    1    1    1    1  2.50023E+14 0.00181 
   84   84    1    1    1    1    1    1    1    1  1.79907E+14 0.00216 
   85   85    1    1    1    1    1    1    1    1  1.29765E+14 0.00207 
   86   86    1    1    1    1    1    1    1    1  1.21513E+14 0.00342 
   87   87    1    1    1    1    1    1    1    1  7.42124E+13 0.00287 
   88   88    1    1    1    1    1    1    1    1  4.96180E+13 0.00279 
   89   89    1    1    1    1    1    1    1    1  2.85112E+13 0.00533 
   90   90    1    1    1    1    1    1    1    1  1.88866E+13 0.00571 
   91   91    1    1    1    1    1    1    1    1  9.32001E+12 0.00892 
   92   92    1    1    1    1    1    1    1    1  4.45879E+12 0.01525 
   93   93    1    1    1    1    1    1    1    1  2.14764E+12 0.01476 
   94   94    1    1    1    1    1    1    1    1  9.87843E+11 0.03408 
   95   95    1    1    1    1    1    1    1    1  5.23084E+11 0.03879 
   96   96    1    1    1    1    1    1    1    1  2.31452E+11 0.04724 
   97   97    1    1    1    1    1    1    1    1  1.04080E+11 0.10866 
   98   98    1    1    1    1    1    1    1    1  5.12825E+10 0.10671 
   99   99    1    1    1    1    1    1    1    1  2.64052E+10 0.19780 
  100  100    1    1    1    1    1    1    1    1  2.70105E+10 0.18120 
];


