
DETdpaspec = [
    1    1    1    1    1    1    1    1    1    1  0.00000E+00 0.00000 
    2    2    1    1    1    1    1    1    1    1  0.00000E+00 0.00000 
    3    3    1    1    1    1    1    1    1    1  0.00000E+00 0.00000 
    4    4    1    1    1    1    1    1    1    1  0.00000E+00 0.00000 
    5    5    1    1    1    1    1    1    1    1  0.00000E+00 0.00000 
    6    6    1    1    1    1    1    1    1    1  2.47699E+07 1.00000 
    7    7    1    1    1    1    1    1    1    1  0.00000E+00 0.00000 
    8    8    1    1    1    1    1    1    1    1  0.00000E+00 0.00000 
    9    9    1    1    1    1    1    1    1    1  0.00000E+00 0.00000 
   10   10    1    1    1    1    1    1    1    1  8.27147E+07 1.00000 
   11   11    1    1    1    1    1    1    1    1  2.88936E+08 0.73427 
   12   12    1    1    1    1    1    1    1    1  3.65906E+08 0.67698 
   13   13    1    1    1    1    1    1    1    1  5.00174E+09 0.47212 
   14   14    1    1    1    1    1    1    1    1  4.22393E+09 0.49116 
   15   15    1    1    1    1    1    1    1    1  4.69643E+09 0.54419 
   16   16    1    1    1    1    1    1    1    1  7.55359E+08 0.41789 
   17   17    1    1    1    1    1    1    1    1  6.37808E+09 0.41581 
   18   18    1    1    1    1    1    1    1    1  6.87394E+09 0.39372 
   19   19    1    1    1    1    1    1    1    1  7.01845E+09 0.23431 
   20   20    1    1    1    1    1    1    1    1  2.83698E+10 0.14316 
   21   21    1    1    1    1    1    1    1    1  2.72237E+10 0.14054 
   22   22    1    1    1    1    1    1    1    1  4.88888E+10 0.10176 
   23   23    1    1    1    1    1    1    1    1  9.46225E+10 0.08297 
   24   24    1    1    1    1    1    1    1    1  2.23959E+11 0.05218 
   25   25    1    1    1    1    1    1    1    1  3.17077E+11 0.04493 
   26   26    1    1    1    1    1    1    1    1  7.12500E+11 0.03421 
   27   27    1    1    1    1    1    1    1    1  1.67314E+12 0.02274 
   28   28    1    1    1    1    1    1    1    1  4.21773E+12 0.01484 
   29   29    1    1    1    1    1    1    1    1  7.82587E+12 0.01260 
   30   30    1    1    1    1    1    1    1    1  1.87324E+13 0.00793 
   31   31    1    1    1    1    1    1    1    1  4.97765E+13 0.00484 
   32   32    1    1    1    1    1    1    1    1  8.37548E+13 0.00331 
   33   33    1    1    1    1    1    1    1    1  1.87507E+14 0.00273 
   34   34    1    1    1    1    1    1    1    1  2.53875E+14 0.00225 
   35   35    1    1    1    1    1    1    1    1  2.89239E+14 0.00164 
   36   36    1    1    1    1    1    1    1    1  1.83788E+14 0.00175 
   37   37    1    1    1    1    1    1    1    1  5.45298E+13 0.00164 
   38   38    1    1    1    1    1    1    1    1  3.10875E+14 0.00144 
   39   39    1    1    1    1    1    1    1    1  4.16758E+14 0.00154 
   40   40    1    1    1    1    1    1    1    1  7.15431E+14 0.00138 
   41   41    1    1    1    1    1    1    1    1  6.99749E+14 0.00118 
   42   42    1    1    1    1    1    1    1    1  1.50336E+15 0.00128 
   43   43    1    1    1    1    1    1    1    1  1.80657E+15 0.00096 
   44   44    1    1    1    1    1    1    1    1  2.58667E+15 0.00071 
   45   45    1    1    1    1    1    1    1    1  5.13542E+15 0.00078 
   46   46    1    1    1    1    1    1    1    1  2.35685E+15 0.00067 
   47   47    1    1    1    1    1    1    1    1  3.74447E+15 0.00077 
   48   48    1    1    1    1    1    1    1    1  5.18900E+15 0.00080 
   49   49    1    1    1    1    1    1    1    1  5.07339E+15 0.00063 
   50   50    1    1    1    1    1    1    1    1  7.95305E+15 0.00056 
   51   51    1    1    1    1    1    1    1    1  6.20999E+15 0.00057 
   52   52    1    1    1    1    1    1    1    1  7.46716E+15 0.00056 
   53   53    1    1    1    1    1    1    1    1  5.14753E+15 0.00061 
   54   54    1    1    1    1    1    1    1    1  6.38774E+15 0.00055 
   55   55    1    1    1    1    1    1    1    1  4.37624E+15 0.00053 
   56   56    1    1    1    1    1    1    1    1  5.92139E+14 0.00072 
   57   57    1    1    1    1    1    1    1    1  8.65476E+15 0.00054 
   58   58    1    1    1    1    1    1    1    1  3.93097E+15 0.00074 
   59   59    1    1    1    1    1    1    1    1  4.15349E+15 0.00060 
   60   60    1    1    1    1    1    1    1    1  3.27621E+15 0.00037 
   61   61    1    1    1    1    1    1    1    1  3.26955E+15 0.00061 
   62   62    1    1    1    1    1    1    1    1  3.40959E+15 0.00057 
   63   63    1    1    1    1    1    1    1    1  2.87024E+15 0.00076 
   64   64    1    1    1    1    1    1    1    1  2.27893E+15 0.00081 
   65   65    1    1    1    1    1    1    1    1  2.26220E+15 0.00092 
   66   66    1    1    1    1    1    1    1    1  1.63532E+15 0.00076 
   67   67    1    1    1    1    1    1    1    1  1.32553E+15 0.00084 
   68   68    1    1    1    1    1    1    1    1  1.18445E+15 0.00093 
   69   69    1    1    1    1    1    1    1    1  1.41695E+15 0.00095 
   70   70    1    1    1    1    1    1    1    1  1.20393E+15 0.00078 
   71   71    1    1    1    1    1    1    1    1  2.15604E+15 0.00094 
   72   72    1    1    1    1    1    1    1    1  1.51842E+15 0.00104 
   73   73    1    1    1    1    1    1    1    1  1.14731E+15 0.00126 
   74   74    1    1    1    1    1    1    1    1  9.30659E+14 0.00126 
   75   75    1    1    1    1    1    1    1    1  7.79908E+14 0.00114 
   76   76    1    1    1    1    1    1    1    1  9.13119E+14 0.00111 
   77   77    1    1    1    1    1    1    1    1  7.29620E+14 0.00146 
   78   78    1    1    1    1    1    1    1    1  5.86006E+14 0.00119 
   79   79    1    1    1    1    1    1    1    1  6.06133E+14 0.00133 
   80   80    1    1    1    1    1    1    1    1  4.51967E+14 0.00158 
   81   81    1    1    1    1    1    1    1    1  3.48699E+14 0.00164 
   82   82    1    1    1    1    1    1    1    1  2.68007E+14 0.00206 
   83   83    1    1    1    1    1    1    1    1  2.50556E+14 0.00181 
   84   84    1    1    1    1    1    1    1    1  1.80249E+14 0.00198 
   85   85    1    1    1    1    1    1    1    1  1.29932E+14 0.00306 
   86   86    1    1    1    1    1    1    1    1  1.22069E+14 0.00308 
   87   87    1    1    1    1    1    1    1    1  7.45282E+13 0.00353 
   88   88    1    1    1    1    1    1    1    1  4.98772E+13 0.00385 
   89   89    1    1    1    1    1    1    1    1  2.85933E+13 0.00494 
   90   90    1    1    1    1    1    1    1    1  1.90259E+13 0.00646 
   91   91    1    1    1    1    1    1    1    1  9.39379E+12 0.01007 
   92   92    1    1    1    1    1    1    1    1  4.62097E+12 0.01435 
   93   93    1    1    1    1    1    1    1    1  2.22282E+12 0.01905 
   94   94    1    1    1    1    1    1    1    1  1.01181E+12 0.03048 
   95   95    1    1    1    1    1    1    1    1  5.30419E+11 0.03233 
   96   96    1    1    1    1    1    1    1    1  2.58070E+11 0.06762 
   97   97    1    1    1    1    1    1    1    1  1.15657E+11 0.06793 
   98   98    1    1    1    1    1    1    1    1  6.37913E+10 0.10879 
   99   99    1    1    1    1    1    1    1    1  2.90618E+10 0.14627 
  100  100    1    1    1    1    1    1    1    1  2.49562E+10 0.17066 
];


