
DETdpaspec = [
    1    1    1    1    1    1    1    1    1    1  0.00000E+00 0.00000 
    2    2    1    1    1    1    1    1    1    1  0.00000E+00 0.00000 
    3    3    1    1    1    1    1    1    1    1  0.00000E+00 0.00000 
    4    4    1    1    1    1    1    1    1    1  0.00000E+00 0.00000 
    5    5    1    1    1    1    1    1    1    1  0.00000E+00 0.00000 
    6    6    1    1    1    1    1    1    1    1  0.00000E+00 0.00000 
    7    7    1    1    1    1    1    1    1    1  4.80379E+07 0.68862 
    8    8    1    1    1    1    1    1    1    1  0.00000E+00 0.00000 
    9    9    1    1    1    1    1    1    1    1  0.00000E+00 0.00000 
   10   10    1    1    1    1    1    1    1    1  6.59157E+07 1.00000 
   11   11    1    1    1    1    1    1    1    1  6.49159E+07 1.00000 
   12   12    1    1    1    1    1    1    1    1  6.26740E+07 0.74542 
   13   13    1    1    1    1    1    1    1    1  3.78008E+09 0.42410 
   14   14    1    1    1    1    1    1    1    1  6.16973E+09 0.37193 
   15   15    1    1    1    1    1    1    1    1  5.75254E+09 0.34707 
   16   16    1    1    1    1    1    1    1    1  1.39525E+09 0.51018 
   17   17    1    1    1    1    1    1    1    1  3.87105E+09 0.29248 
   18   18    1    1    1    1    1    1    1    1  1.12053E+10 0.19655 
   19   19    1    1    1    1    1    1    1    1  8.01637E+09 0.19331 
   20   20    1    1    1    1    1    1    1    1  4.04828E+10 0.17082 
   21   21    1    1    1    1    1    1    1    1  2.93833E+10 0.14125 
   22   22    1    1    1    1    1    1    1    1  7.08889E+10 0.09284 
   23   23    1    1    1    1    1    1    1    1  1.14349E+11 0.07062 
   24   24    1    1    1    1    1    1    1    1  1.89142E+11 0.05796 
   25   25    1    1    1    1    1    1    1    1  2.43150E+11 0.05881 
   26   26    1    1    1    1    1    1    1    1  3.62785E+11 0.03322 
   27   27    1    1    1    1    1    1    1    1  7.18836E+11 0.03361 
   28   28    1    1    1    1    1    1    1    1  1.62141E+12 0.02103 
   29   29    1    1    1    1    1    1    1    1  2.74536E+12 0.01276 
   30   30    1    1    1    1    1    1    1    1  7.70346E+12 0.01388 
   31   31    1    1    1    1    1    1    1    1  2.40778E+13 0.00769 
   32   32    1    1    1    1    1    1    1    1  4.46170E+13 0.00525 
   33   33    1    1    1    1    1    1    1    1  1.06535E+14 0.00327 
   34   34    1    1    1    1    1    1    1    1  1.48857E+14 0.00317 
   35   35    1    1    1    1    1    1    1    1  1.93835E+14 0.00233 
   36   36    1    1    1    1    1    1    1    1  1.32034E+14 0.00234 
   37   37    1    1    1    1    1    1    1    1  4.02740E+13 0.00210 
   38   38    1    1    1    1    1    1    1    1  2.25912E+14 0.00228 
   39   39    1    1    1    1    1    1    1    1  3.04777E+14 0.00136 
   40   40    1    1    1    1    1    1    1    1  5.25219E+14 0.00150 
   41   41    1    1    1    1    1    1    1    1  5.30013E+14 0.00129 
   42   42    1    1    1    1    1    1    1    1  1.13366E+15 0.00121 
   43   43    1    1    1    1    1    1    1    1  1.37412E+15 0.00122 
   44   44    1    1    1    1    1    1    1    1  1.98941E+15 0.00099 
   45   45    1    1    1    1    1    1    1    1  3.98098E+15 0.00082 
   46   46    1    1    1    1    1    1    1    1  1.87256E+15 0.00083 
   47   47    1    1    1    1    1    1    1    1  3.01681E+15 0.00074 
   48   48    1    1    1    1    1    1    1    1  4.22617E+15 0.00082 
   49   49    1    1    1    1    1    1    1    1  4.17901E+15 0.00088 
   50   50    1    1    1    1    1    1    1    1  6.54652E+15 0.00089 
   51   51    1    1    1    1    1    1    1    1  5.22552E+15 0.00087 
   52   52    1    1    1    1    1    1    1    1  6.22450E+15 0.00100 
   53   53    1    1    1    1    1    1    1    1  4.34023E+15 0.00083 
   54   54    1    1    1    1    1    1    1    1  5.32813E+15 0.00096 
   55   55    1    1    1    1    1    1    1    1  3.67360E+15 0.00103 
   56   56    1    1    1    1    1    1    1    1  4.99803E+14 0.00120 
   57   57    1    1    1    1    1    1    1    1  7.31639E+15 0.00093 
   58   58    1    1    1    1    1    1    1    1  3.27128E+15 0.00086 
   59   59    1    1    1    1    1    1    1    1  3.48466E+15 0.00090 
   60   60    1    1    1    1    1    1    1    1  2.71457E+15 0.00086 
   61   61    1    1    1    1    1    1    1    1  2.72535E+15 0.00094 
   62   62    1    1    1    1    1    1    1    1  2.83983E+15 0.00104 
   63   63    1    1    1    1    1    1    1    1  2.38860E+15 0.00075 
   64   64    1    1    1    1    1    1    1    1  1.90426E+15 0.00098 
   65   65    1    1    1    1    1    1    1    1  1.89180E+15 0.00097 
   66   66    1    1    1    1    1    1    1    1  1.37007E+15 0.00091 
   67   67    1    1    1    1    1    1    1    1  1.11674E+15 0.00123 
   68   68    1    1    1    1    1    1    1    1  1.00209E+15 0.00131 
   69   69    1    1    1    1    1    1    1    1  1.20582E+15 0.00111 
   70   70    1    1    1    1    1    1    1    1  1.02680E+15 0.00127 
   71   71    1    1    1    1    1    1    1    1  1.87025E+15 0.00097 
   72   72    1    1    1    1    1    1    1    1  1.32407E+15 0.00119 
   73   73    1    1    1    1    1    1    1    1  9.97746E+14 0.00150 
   74   74    1    1    1    1    1    1    1    1  8.02989E+14 0.00127 
   75   75    1    1    1    1    1    1    1    1  6.66656E+14 0.00117 
   76   76    1    1    1    1    1    1    1    1  7.72480E+14 0.00123 
   77   77    1    1    1    1    1    1    1    1  6.11643E+14 0.00125 
   78   78    1    1    1    1    1    1    1    1  4.87495E+14 0.00143 
   79   79    1    1    1    1    1    1    1    1  5.03460E+14 0.00193 
   80   80    1    1    1    1    1    1    1    1  3.72919E+14 0.00169 
   81   81    1    1    1    1    1    1    1    1  2.86951E+14 0.00180 
   82   82    1    1    1    1    1    1    1    1  2.20857E+14 0.00219 
   83   83    1    1    1    1    1    1    1    1  2.06454E+14 0.00241 
   84   84    1    1    1    1    1    1    1    1  1.48176E+14 0.00277 
   85   85    1    1    1    1    1    1    1    1  1.07155E+14 0.00222 
   86   86    1    1    1    1    1    1    1    1  1.00288E+14 0.00254 
   87   87    1    1    1    1    1    1    1    1  6.18242E+13 0.00367 
   88   88    1    1    1    1    1    1    1    1  4.17336E+13 0.00402 
   89   89    1    1    1    1    1    1    1    1  2.39563E+13 0.00698 
   90   90    1    1    1    1    1    1    1    1  1.58353E+13 0.01071 
   91   91    1    1    1    1    1    1    1    1  7.91682E+12 0.00912 
   92   92    1    1    1    1    1    1    1    1  3.84549E+12 0.01133 
   93   93    1    1    1    1    1    1    1    1  1.86149E+12 0.02068 
   94   94    1    1    1    1    1    1    1    1  9.38579E+11 0.02608 
   95   95    1    1    1    1    1    1    1    1  4.50908E+11 0.04796 
   96   96    1    1    1    1    1    1    1    1  2.14042E+11 0.04781 
   97   97    1    1    1    1    1    1    1    1  9.40966E+10 0.07692 
   98   98    1    1    1    1    1    1    1    1  4.65837E+10 0.11939 
   99   99    1    1    1    1    1    1    1    1  3.02276E+10 0.15171 
  100  100    1    1    1    1    1    1    1    1  1.57148E+10 0.15788 
];


