
DETdpaspec = [
    1    1    1    1    1    1    1    1    1    1  0.00000E+00 0.00000 
    2    2    1    1    1    1    1    1    1    1  0.00000E+00 0.00000 
    3    3    1    1    1    1    1    1    1    1  0.00000E+00 0.00000 
    4    4    1    1    1    1    1    1    1    1  0.00000E+00 0.00000 
    5    5    1    1    1    1    1    1    1    1  0.00000E+00 0.00000 
    6    6    1    1    1    1    1    1    1    1  0.00000E+00 0.00000 
    7    7    1    1    1    1    1    1    1    1  0.00000E+00 0.00000 
    8    8    1    1    1    1    1    1    1    1  0.00000E+00 0.00000 
    9    9    1    1    1    1    1    1    1    1  0.00000E+00 0.00000 
   10   10    1    1    1    1    1    1    1    1  0.00000E+00 0.00000 
   11   11    1    1    1    1    1    1    1    1  0.00000E+00 0.00000 
   12   12    1    1    1    1    1    1    1    1  5.03179E+06 1.00000 
   13   13    1    1    1    1    1    1    1    1  7.59245E+08 0.53505 
   14   14    1    1    1    1    1    1    1    1  2.34455E+09 0.40675 
   15   15    1    1    1    1    1    1    1    1  3.39268E+09 0.37661 
   16   16    1    1    1    1    1    1    1    1  4.30387E+08 0.41526 
   17   17    1    1    1    1    1    1    1    1  3.16722E+09 0.27159 
   18   18    1    1    1    1    1    1    1    1  7.04580E+09 0.26934 
   19   19    1    1    1    1    1    1    1    1  1.23482E+10 0.16682 
   20   20    1    1    1    1    1    1    1    1  2.90597E+10 0.15447 
   21   21    1    1    1    1    1    1    1    1  2.46762E+10 0.11738 
   22   22    1    1    1    1    1    1    1    1  6.01402E+10 0.09848 
   23   23    1    1    1    1    1    1    1    1  9.27657E+10 0.07365 
   24   24    1    1    1    1    1    1    1    1  1.47557E+11 0.06313 
   25   25    1    1    1    1    1    1    1    1  1.71812E+11 0.04379 
   26   26    1    1    1    1    1    1    1    1  2.77688E+11 0.04858 
   27   27    1    1    1    1    1    1    1    1  4.99579E+11 0.03601 
   28   28    1    1    1    1    1    1    1    1  8.92176E+11 0.02360 
   29   29    1    1    1    1    1    1    1    1  1.28340E+12 0.01681 
   30   30    1    1    1    1    1    1    1    1  3.92743E+12 0.01106 
   31   31    1    1    1    1    1    1    1    1  1.21893E+13 0.00977 
   32   32    1    1    1    1    1    1    1    1  2.27539E+13 0.00531 
   33   33    1    1    1    1    1    1    1    1  5.07471E+13 0.00544 
   34   34    1    1    1    1    1    1    1    1  6.76387E+13 0.00372 
   35   35    1    1    1    1    1    1    1    1  9.69205E+13 0.00307 
   36   36    1    1    1    1    1    1    1    1  6.80650E+13 0.00218 
   37   37    1    1    1    1    1    1    1    1  2.15399E+13 0.00281 
   38   38    1    1    1    1    1    1    1    1  1.16376E+14 0.00270 
   39   39    1    1    1    1    1    1    1    1  1.55379E+14 0.00262 
   40   40    1    1    1    1    1    1    1    1  2.61513E+14 0.00234 
   41   41    1    1    1    1    1    1    1    1  2.71380E+14 0.00212 
   42   42    1    1    1    1    1    1    1    1  5.58966E+14 0.00218 
   43   43    1    1    1    1    1    1    1    1  6.67032E+14 0.00241 
   44   44    1    1    1    1    1    1    1    1  9.52100E+14 0.00221 
   45   45    1    1    1    1    1    1    1    1  1.83466E+15 0.00203 
   46   46    1    1    1    1    1    1    1    1  8.67162E+14 0.00218 
   47   47    1    1    1    1    1    1    1    1  1.40229E+15 0.00202 
   48   48    1    1    1    1    1    1    1    1  1.94492E+15 0.00209 
   49   49    1    1    1    1    1    1    1    1  1.92140E+15 0.00188 
   50   50    1    1    1    1    1    1    1    1  2.92419E+15 0.00201 
   51   51    1    1    1    1    1    1    1    1  2.36308E+15 0.00214 
   52   52    1    1    1    1    1    1    1    1  2.72554E+15 0.00220 
   53   53    1    1    1    1    1    1    1    1  1.89974E+15 0.00204 
   54   54    1    1    1    1    1    1    1    1  2.26159E+15 0.00205 
   55   55    1    1    1    1    1    1    1    1  1.56361E+15 0.00213 
   56   56    1    1    1    1    1    1    1    1  2.14510E+14 0.00249 
   57   57    1    1    1    1    1    1    1    1  3.09987E+15 0.00196 
   58   58    1    1    1    1    1    1    1    1  1.33458E+15 0.00202 
   59   59    1    1    1    1    1    1    1    1  1.42773E+15 0.00230 
   60   60    1    1    1    1    1    1    1    1  1.08583E+15 0.00240 
   61   61    1    1    1    1    1    1    1    1  1.09196E+15 0.00218 
   62   62    1    1    1    1    1    1    1    1  1.13001E+15 0.00247 
   63   63    1    1    1    1    1    1    1    1  9.42089E+14 0.00284 
   64   64    1    1    1    1    1    1    1    1  7.47818E+14 0.00281 
   65   65    1    1    1    1    1    1    1    1  7.39462E+14 0.00240 
   66   66    1    1    1    1    1    1    1    1  5.33183E+14 0.00300 
   67   67    1    1    1    1    1    1    1    1  4.37285E+14 0.00300 
   68   68    1    1    1    1    1    1    1    1  3.93533E+14 0.00292 
   69   69    1    1    1    1    1    1    1    1  4.71356E+14 0.00318 
   70   70    1    1    1    1    1    1    1    1  4.01855E+14 0.00261 
   71   71    1    1    1    1    1    1    1    1  7.45761E+14 0.00284 
   72   72    1    1    1    1    1    1    1    1  5.30227E+14 0.00312 
   73   73    1    1    1    1    1    1    1    1  3.95354E+14 0.00316 
   74   74    1    1    1    1    1    1    1    1  3.13068E+14 0.00309 
   75   75    1    1    1    1    1    1    1    1  2.54127E+14 0.00248 
   76   76    1    1    1    1    1    1    1    1  2.89741E+14 0.00229 
   77   77    1    1    1    1    1    1    1    1  2.24782E+14 0.00270 
   78   78    1    1    1    1    1    1    1    1  1.75741E+14 0.00309 
   79   79    1    1    1    1    1    1    1    1  1.79560E+14 0.00487 
   80   80    1    1    1    1    1    1    1    1  1.32947E+14 0.00413 
   81   81    1    1    1    1    1    1    1    1  1.01966E+14 0.00385 
   82   82    1    1    1    1    1    1    1    1  7.73617E+13 0.00413 
   83   83    1    1    1    1    1    1    1    1  7.24995E+13 0.00466 
   84   84    1    1    1    1    1    1    1    1  5.21317E+13 0.00547 
   85   85    1    1    1    1    1    1    1    1  3.76554E+13 0.00590 
   86   86    1    1    1    1    1    1    1    1  3.50055E+13 0.00694 
   87   87    1    1    1    1    1    1    1    1  2.16006E+13 0.00613 
   88   88    1    1    1    1    1    1    1    1  1.46716E+13 0.00919 
   89   89    1    1    1    1    1    1    1    1  8.64125E+12 0.00787 
   90   90    1    1    1    1    1    1    1    1  5.66142E+12 0.01599 
   91   91    1    1    1    1    1    1    1    1  2.85489E+12 0.02343 
   92   92    1    1    1    1    1    1    1    1  1.33457E+12 0.01877 
   93   93    1    1    1    1    1    1    1    1  7.00536E+11 0.03104 
   94   94    1    1    1    1    1    1    1    1  3.52186E+11 0.03963 
   95   95    1    1    1    1    1    1    1    1  1.58641E+11 0.08275 
   96   96    1    1    1    1    1    1    1    1  6.55714E+10 0.11107 
   97   97    1    1    1    1    1    1    1    1  3.32203E+10 0.18057 
   98   98    1    1    1    1    1    1    1    1  1.71325E+10 0.24493 
   99   99    1    1    1    1    1    1    1    1  9.84665E+09 0.24585 
  100  100    1    1    1    1    1    1    1    1  8.21310E+09 0.37585 
];


