
DETdpaspec = [
    1    1    1    1    1    1    1    1    1    1  0.00000E+00 0.00000 
    2    2    1    1    1    1    1    1    1    1  0.00000E+00 0.00000 
    3    3    1    1    1    1    1    1    1    1  0.00000E+00 0.00000 
    4    4    1    1    1    1    1    1    1    1  0.00000E+00 0.00000 
    5    5    1    1    1    1    1    1    1    1  0.00000E+00 0.00000 
    6    6    1    1    1    1    1    1    1    1  9.23306E+06 1.00000 
    7    7    1    1    1    1    1    1    1    1  0.00000E+00 0.00000 
    8    8    1    1    1    1    1    1    1    1  1.52573E+07 1.00000 
    9    9    1    1    1    1    1    1    1    1  2.19179E+07 0.68833 
   10   10    1    1    1    1    1    1    1    1  0.00000E+00 0.00000 
   11   11    1    1    1    1    1    1    1    1  6.97979E+07 1.00000 
   12   12    1    1    1    1    1    1    1    1  2.56188E+06 1.00000 
   13   13    1    1    1    1    1    1    1    1  2.05288E+09 0.52607 
   14   14    1    1    1    1    1    1    1    1  1.96716E+09 0.44121 
   15   15    1    1    1    1    1    1    1    1  4.92784E+09 0.34864 
   16   16    1    1    1    1    1    1    1    1  6.47695E+08 0.49183 
   17   17    1    1    1    1    1    1    1    1  1.89732E+09 0.40705 
   18   18    1    1    1    1    1    1    1    1  8.45973E+09 0.22612 
   19   19    1    1    1    1    1    1    1    1  6.50126E+09 0.21153 
   20   20    1    1    1    1    1    1    1    1  2.55192E+10 0.12392 
   21   21    1    1    1    1    1    1    1    1  2.46830E+10 0.13584 
   22   22    1    1    1    1    1    1    1    1  5.82025E+10 0.13588 
   23   23    1    1    1    1    1    1    1    1  8.25329E+10 0.07361 
   24   24    1    1    1    1    1    1    1    1  1.20687E+11 0.06462 
   25   25    1    1    1    1    1    1    1    1  1.34267E+11 0.07254 
   26   26    1    1    1    1    1    1    1    1  2.35296E+11 0.04392 
   27   27    1    1    1    1    1    1    1    1  4.43922E+11 0.03977 
   28   28    1    1    1    1    1    1    1    1  7.87217E+11 0.02776 
   29   29    1    1    1    1    1    1    1    1  1.08480E+12 0.02133 
   30   30    1    1    1    1    1    1    1    1  3.44066E+12 0.01441 
   31   31    1    1    1    1    1    1    1    1  1.04981E+13 0.00832 
   32   32    1    1    1    1    1    1    1    1  1.94939E+13 0.00659 
   33   33    1    1    1    1    1    1    1    1  4.31230E+13 0.00575 
   34   34    1    1    1    1    1    1    1    1  5.71041E+13 0.00377 
   35   35    1    1    1    1    1    1    1    1  8.19746E+13 0.00264 
   36   36    1    1    1    1    1    1    1    1  5.77030E+13 0.00267 
   37   37    1    1    1    1    1    1    1    1  1.82443E+13 0.00337 
   38   38    1    1    1    1    1    1    1    1  9.83460E+13 0.00271 
   39   39    1    1    1    1    1    1    1    1  1.31062E+14 0.00259 
   40   40    1    1    1    1    1    1    1    1  2.19218E+14 0.00221 
   41   41    1    1    1    1    1    1    1    1  2.28115E+14 0.00212 
   42   42    1    1    1    1    1    1    1    1  4.66315E+14 0.00187 
   43   43    1    1    1    1    1    1    1    1  5.57159E+14 0.00196 
   44   44    1    1    1    1    1    1    1    1  7.92226E+14 0.00196 
   45   45    1    1    1    1    1    1    1    1  1.51627E+15 0.00152 
   46   46    1    1    1    1    1    1    1    1  7.15640E+14 0.00180 
   47   47    1    1    1    1    1    1    1    1  1.15708E+15 0.00139 
   48   48    1    1    1    1    1    1    1    1  1.60064E+15 0.00177 
   49   49    1    1    1    1    1    1    1    1  1.57808E+15 0.00190 
   50   50    1    1    1    1    1    1    1    1  2.39419E+15 0.00193 
   51   51    1    1    1    1    1    1    1    1  1.93632E+15 0.00203 
   52   52    1    1    1    1    1    1    1    1  2.22464E+15 0.00216 
   53   53    1    1    1    1    1    1    1    1  1.55111E+15 0.00221 
   54   54    1    1    1    1    1    1    1    1  1.83867E+15 0.00209 
   55   55    1    1    1    1    1    1    1    1  1.27019E+15 0.00191 
   56   56    1    1    1    1    1    1    1    1  1.73992E+14 0.00279 
   57   57    1    1    1    1    1    1    1    1  2.51802E+15 0.00206 
   58   58    1    1    1    1    1    1    1    1  1.08061E+15 0.00237 
   59   59    1    1    1    1    1    1    1    1  1.15599E+15 0.00236 
   60   60    1    1    1    1    1    1    1    1  8.75237E+14 0.00255 
   61   61    1    1    1    1    1    1    1    1  8.79116E+14 0.00251 
   62   62    1    1    1    1    1    1    1    1  9.08121E+14 0.00300 
   63   63    1    1    1    1    1    1    1    1  7.57737E+14 0.00286 
   64   64    1    1    1    1    1    1    1    1  6.00420E+14 0.00268 
   65   65    1    1    1    1    1    1    1    1  5.92759E+14 0.00260 
   66   66    1    1    1    1    1    1    1    1  4.28188E+14 0.00281 
   67   67    1    1    1    1    1    1    1    1  3.50862E+14 0.00289 
   68   68    1    1    1    1    1    1    1    1  3.15604E+14 0.00287 
   69   69    1    1    1    1    1    1    1    1  3.79327E+14 0.00254 
   70   70    1    1    1    1    1    1    1    1  3.23737E+14 0.00283 
   71   71    1    1    1    1    1    1    1    1  5.97681E+14 0.00312 
   72   72    1    1    1    1    1    1    1    1  4.23872E+14 0.00310 
   73   73    1    1    1    1    1    1    1    1  3.17284E+14 0.00309 
   74   74    1    1    1    1    1    1    1    1  2.49738E+14 0.00367 
   75   75    1    1    1    1    1    1    1    1  2.03595E+14 0.00410 
   76   76    1    1    1    1    1    1    1    1  2.30138E+14 0.00369 
   77   77    1    1    1    1    1    1    1    1  1.77760E+14 0.00272 
   78   78    1    1    1    1    1    1    1    1  1.39506E+14 0.00270 
   79   79    1    1    1    1    1    1    1    1  1.42580E+14 0.00283 
   80   80    1    1    1    1    1    1    1    1  1.04384E+14 0.00366 
   81   81    1    1    1    1    1    1    1    1  8.01881E+13 0.00355 
   82   82    1    1    1    1    1    1    1    1  6.13903E+13 0.00449 
   83   83    1    1    1    1    1    1    1    1  5.76079E+13 0.00494 
   84   84    1    1    1    1    1    1    1    1  4.11170E+13 0.00553 
   85   85    1    1    1    1    1    1    1    1  2.95025E+13 0.00500 
   86   86    1    1    1    1    1    1    1    1  2.78395E+13 0.00548 
   87   87    1    1    1    1    1    1    1    1  1.72550E+13 0.00682 
   88   88    1    1    1    1    1    1    1    1  1.17709E+13 0.01060 
   89   89    1    1    1    1    1    1    1    1  6.54376E+12 0.01417 
   90   90    1    1    1    1    1    1    1    1  4.45506E+12 0.01611 
   91   91    1    1    1    1    1    1    1    1  2.30442E+12 0.01754 
   92   92    1    1    1    1    1    1    1    1  1.11489E+12 0.02534 
   93   93    1    1    1    1    1    1    1    1  4.97716E+11 0.03686 
   94   94    1    1    1    1    1    1    1    1  2.27580E+11 0.06655 
   95   95    1    1    1    1    1    1    1    1  1.02841E+11 0.08456 
   96   96    1    1    1    1    1    1    1    1  6.06529E+10 0.11574 
   97   97    1    1    1    1    1    1    1    1  2.76717E+10 0.16478 
   98   98    1    1    1    1    1    1    1    1  1.47135E+10 0.26947 
   99   99    1    1    1    1    1    1    1    1  6.28848E+09 0.32276 
  100  100    1    1    1    1    1    1    1    1  5.60540E+09 0.43146 
];


