
DETdpaspec = [
    1    1    1    1    1    1    1    1    1    1  0.00000E+00 0.00000 
    2    2    1    1    1    1    1    1    1    1  0.00000E+00 0.00000 
    3    3    1    1    1    1    1    1    1    1  0.00000E+00 0.00000 
    4    4    1    1    1    1    1    1    1    1  0.00000E+00 0.00000 
    5    5    1    1    1    1    1    1    1    1  1.29088E+07 1.00000 
    6    6    1    1    1    1    1    1    1    1  0.00000E+00 0.00000 
    7    7    1    1    1    1    1    1    1    1  2.29466E+07 1.00000 
    8    8    1    1    1    1    1    1    1    1  0.00000E+00 0.00000 
    9    9    1    1    1    1    1    1    1    1  9.92370E+06 1.00000 
   10   10    1    1    1    1    1    1    1    1  2.56618E+08 0.68944 
   11   11    1    1    1    1    1    1    1    1  0.00000E+00 0.00000 
   12   12    1    1    1    1    1    1    1    1  1.16828E+07 1.00000 
   13   13    1    1    1    1    1    1    1    1  3.08606E+09 0.42249 
   14   14    1    1    1    1    1    1    1    1  6.81357E+09 0.30358 
   15   15    1    1    1    1    1    1    1    1  3.63214E+09 0.43170 
   16   16    1    1    1    1    1    1    1    1  2.60827E+09 0.41131 
   17   17    1    1    1    1    1    1    1    1  4.23881E+09 0.25988 
   18   18    1    1    1    1    1    1    1    1  7.75886E+09 0.24574 
   19   19    1    1    1    1    1    1    1    1  9.81338E+09 0.19639 
   20   20    1    1    1    1    1    1    1    1  3.96703E+10 0.11836 
   21   21    1    1    1    1    1    1    1    1  3.12559E+10 0.09508 
   22   22    1    1    1    1    1    1    1    1  8.50737E+10 0.08943 
   23   23    1    1    1    1    1    1    1    1  1.17429E+11 0.07091 
   24   24    1    1    1    1    1    1    1    1  1.85017E+11 0.07222 
   25   25    1    1    1    1    1    1    1    1  2.13023E+11 0.06044 
   26   26    1    1    1    1    1    1    1    1  3.44013E+11 0.06371 
   27   27    1    1    1    1    1    1    1    1  6.10671E+11 0.04244 
   28   28    1    1    1    1    1    1    1    1  1.27888E+12 0.02796 
   29   29    1    1    1    1    1    1    1    1  1.97963E+12 0.02141 
   30   30    1    1    1    1    1    1    1    1  5.99851E+12 0.00936 
   31   31    1    1    1    1    1    1    1    1  1.86352E+13 0.00617 
   32   32    1    1    1    1    1    1    1    1  3.49778E+13 0.00478 
   33   33    1    1    1    1    1    1    1    1  8.23870E+13 0.00406 
   34   34    1    1    1    1    1    1    1    1  1.13594E+14 0.00266 
   35   35    1    1    1    1    1    1    1    1  1.56690E+14 0.00206 
   36   36    1    1    1    1    1    1    1    1  1.08811E+14 0.00223 
   37   37    1    1    1    1    1    1    1    1  3.38359E+13 0.00298 
   38   38    1    1    1    1    1    1    1    1  1.86804E+14 0.00214 
   39   39    1    1    1    1    1    1    1    1  2.51327E+14 0.00221 
   40   40    1    1    1    1    1    1    1    1  4.29010E+14 0.00179 
   41   41    1    1    1    1    1    1    1    1  4.39553E+14 0.00137 
   42   42    1    1    1    1    1    1    1    1  9.26460E+14 0.00141 
   43   43    1    1    1    1    1    1    1    1  1.12042E+15 0.00133 
   44   44    1    1    1    1    1    1    1    1  1.61561E+15 0.00083 
   45   45    1    1    1    1    1    1    1    1  3.18871E+15 0.00077 
   46   46    1    1    1    1    1    1    1    1  1.50843E+15 0.00087 
   47   47    1    1    1    1    1    1    1    1  2.43794E+15 0.00096 
   48   48    1    1    1    1    1    1    1    1  3.40955E+15 0.00116 
   49   49    1    1    1    1    1    1    1    1  3.37902E+15 0.00114 
   50   50    1    1    1    1    1    1    1    1  5.23825E+15 0.00083 
   51   51    1    1    1    1    1    1    1    1  4.21287E+15 0.00108 
   52   52    1    1    1    1    1    1    1    1  4.96063E+15 0.00084 
   53   53    1    1    1    1    1    1    1    1  3.46264E+15 0.00092 
   54   54    1    1    1    1    1    1    1    1  4.19756E+15 0.00084 
   55   55    1    1    1    1    1    1    1    1  2.89936E+15 0.00094 
   56   56    1    1    1    1    1    1    1    1  3.95596E+14 0.00109 
   57   57    1    1    1    1    1    1    1    1  5.77026E+15 0.00088 
   58   58    1    1    1    1    1    1    1    1  2.53686E+15 0.00092 
   59   59    1    1    1    1    1    1    1    1  2.71609E+15 0.00066 
   60   60    1    1    1    1    1    1    1    1  2.09311E+15 0.00103 
   61   61    1    1    1    1    1    1    1    1  2.10174E+15 0.00103 
   62   62    1    1    1    1    1    1    1    1  2.18603E+15 0.00109 
   63   63    1    1    1    1    1    1    1    1  1.83485E+15 0.00081 
   64   64    1    1    1    1    1    1    1    1  1.45817E+15 0.00109 
   65   65    1    1    1    1    1    1    1    1  1.44886E+15 0.00101 
   66   66    1    1    1    1    1    1    1    1  1.04793E+15 0.00134 
   67   67    1    1    1    1    1    1    1    1  8.56013E+14 0.00130 
   68   68    1    1    1    1    1    1    1    1  7.70013E+14 0.00119 
   69   69    1    1    1    1    1    1    1    1  9.25237E+14 0.00140 
   70   70    1    1    1    1    1    1    1    1  7.89002E+14 0.00158 
   71   71    1    1    1    1    1    1    1    1  1.44863E+15 0.00122 
   72   72    1    1    1    1    1    1    1    1  1.02615E+15 0.00121 
   73   73    1    1    1    1    1    1    1    1  7.74315E+14 0.00151 
   74   74    1    1    1    1    1    1    1    1  6.17300E+14 0.00171 
   75   75    1    1    1    1    1    1    1    1  5.07319E+14 0.00169 
   76   76    1    1    1    1    1    1    1    1  5.85362E+14 0.00185 
   77   77    1    1    1    1    1    1    1    1  4.57431E+14 0.00128 
   78   78    1    1    1    1    1    1    1    1  3.61637E+14 0.00163 
   79   79    1    1    1    1    1    1    1    1  3.71349E+14 0.00198 
   80   80    1    1    1    1    1    1    1    1  2.74510E+14 0.00214 
   81   81    1    1    1    1    1    1    1    1  2.11079E+14 0.00264 
   82   82    1    1    1    1    1    1    1    1  1.62251E+14 0.00252 
   83   83    1    1    1    1    1    1    1    1  1.51619E+14 0.00317 
   84   84    1    1    1    1    1    1    1    1  1.09149E+14 0.00358 
   85   85    1    1    1    1    1    1    1    1  7.91520E+13 0.00290 
   86   86    1    1    1    1    1    1    1    1  7.37022E+13 0.00374 
   87   87    1    1    1    1    1    1    1    1  4.51959E+13 0.00401 
   88   88    1    1    1    1    1    1    1    1  3.08461E+13 0.00585 
   89   89    1    1    1    1    1    1    1    1  1.76710E+13 0.00729 
   90   90    1    1    1    1    1    1    1    1  1.16110E+13 0.00724 
   91   91    1    1    1    1    1    1    1    1  5.89479E+12 0.00942 
   92   92    1    1    1    1    1    1    1    1  2.81082E+12 0.02127 
   93   93    1    1    1    1    1    1    1    1  1.40299E+12 0.01681 
   94   94    1    1    1    1    1    1    1    1  6.85554E+11 0.04995 
   95   95    1    1    1    1    1    1    1    1  3.21267E+11 0.04650 
   96   96    1    1    1    1    1    1    1    1  1.48471E+11 0.06926 
   97   97    1    1    1    1    1    1    1    1  8.34182E+10 0.11279 
   98   98    1    1    1    1    1    1    1    1  2.50038E+10 0.15244 
   99   99    1    1    1    1    1    1    1    1  1.73107E+10 0.34188 
  100  100    1    1    1    1    1    1    1    1  1.96159E+10 0.20694 
];


