
DETdpaspec = [
    1    1    1    1    1    1    1    1    1    1  0.00000E+00 0.00000 
    2    2    1    1    1    1    1    1    1    1  0.00000E+00 0.00000 
    3    3    1    1    1    1    1    1    1    1  0.00000E+00 0.00000 
    4    4    1    1    1    1    1    1    1    1  0.00000E+00 0.00000 
    5    5    1    1    1    1    1    1    1    1  0.00000E+00 0.00000 
    6    6    1    1    1    1    1    1    1    1  0.00000E+00 0.00000 
    7    7    1    1    1    1    1    1    1    1  0.00000E+00 0.00000 
    8    8    1    1    1    1    1    1    1    1  0.00000E+00 0.00000 
    9    9    1    1    1    1    1    1    1    1  3.60844E+07 1.00000 
   10   10    1    1    1    1    1    1    1    1  0.00000E+00 0.00000 
   11   11    1    1    1    1    1    1    1    1  1.86293E+08 0.70201 
   12   12    1    1    1    1    1    1    1    1  2.78962E+07 0.86104 
   13   13    1    1    1    1    1    1    1    1  4.59224E+08 0.59621 
   14   14    1    1    1    1    1    1    1    1  1.69943E+09 0.51488 
   15   15    1    1    1    1    1    1    1    1  3.13550E+09 0.46294 
   16   16    1    1    1    1    1    1    1    1  8.39331E+08 0.57429 
   17   17    1    1    1    1    1    1    1    1  2.54599E+09 0.21015 
   18   18    1    1    1    1    1    1    1    1  6.96868E+09 0.23132 
   19   19    1    1    1    1    1    1    1    1  4.74755E+09 0.33525 
   20   20    1    1    1    1    1    1    1    1  2.14677E+10 0.18404 
   21   21    1    1    1    1    1    1    1    1  1.29628E+10 0.19341 
   22   22    1    1    1    1    1    1    1    1  3.78333E+10 0.14135 
   23   23    1    1    1    1    1    1    1    1  6.00312E+10 0.12159 
   24   24    1    1    1    1    1    1    1    1  8.92692E+10 0.08822 
   25   25    1    1    1    1    1    1    1    1  1.15563E+11 0.05869 
   26   26    1    1    1    1    1    1    1    1  1.99261E+11 0.06249 
   27   27    1    1    1    1    1    1    1    1  3.54875E+11 0.05708 
   28   28    1    1    1    1    1    1    1    1  5.86995E+11 0.03556 
   29   29    1    1    1    1    1    1    1    1  7.93303E+11 0.02931 
   30   30    1    1    1    1    1    1    1    1  2.58854E+12 0.01915 
   31   31    1    1    1    1    1    1    1    1  7.68412E+12 0.01667 
   32   32    1    1    1    1    1    1    1    1  1.40134E+13 0.01071 
   33   33    1    1    1    1    1    1    1    1  3.00029E+13 0.00656 
   34   34    1    1    1    1    1    1    1    1  3.86758E+13 0.00729 
   35   35    1    1    1    1    1    1    1    1  5.64101E+13 0.00555 
   36   36    1    1    1    1    1    1    1    1  3.97239E+13 0.00498 
   37   37    1    1    1    1    1    1    1    1  1.26621E+13 0.00577 
   38   38    1    1    1    1    1    1    1    1  6.76522E+13 0.00463 
   39   39    1    1    1    1    1    1    1    1  8.96661E+13 0.00374 
   40   40    1    1    1    1    1    1    1    1  1.48832E+14 0.00397 
   41   41    1    1    1    1    1    1    1    1  1.55515E+14 0.00423 
   42   42    1    1    1    1    1    1    1    1  3.14497E+14 0.00427 
   43   43    1    1    1    1    1    1    1    1  3.72227E+14 0.00386 
   44   44    1    1    1    1    1    1    1    1  5.24123E+14 0.00422 
   45   45    1    1    1    1    1    1    1    1  9.87330E+14 0.00343 
   46   46    1    1    1    1    1    1    1    1  4.65632E+14 0.00362 
   47   47    1    1    1    1    1    1    1    1  7.52291E+14 0.00342 
   48   48    1    1    1    1    1    1    1    1  1.03543E+15 0.00350 
   49   49    1    1    1    1    1    1    1    1  1.02156E+15 0.00354 
   50   50    1    1    1    1    1    1    1    1  1.53808E+15 0.00387 
   51   51    1    1    1    1    1    1    1    1  1.24519E+15 0.00405 
   52   52    1    1    1    1    1    1    1    1  1.41752E+15 0.00421 
   53   53    1    1    1    1    1    1    1    1  9.86868E+14 0.00405 
   54   54    1    1    1    1    1    1    1    1  1.16393E+15 0.00396 
   55   55    1    1    1    1    1    1    1    1  8.05533E+14 0.00362 
   56   56    1    1    1    1    1    1    1    1  1.10652E+14 0.00398 
   57   57    1    1    1    1    1    1    1    1  1.59775E+15 0.00395 
   58   58    1    1    1    1    1    1    1    1  6.78336E+14 0.00413 
   59   59    1    1    1    1    1    1    1    1  7.27393E+14 0.00408 
   60   60    1    1    1    1    1    1    1    1  5.46965E+14 0.00445 
   61   61    1    1    1    1    1    1    1    1  5.50882E+14 0.00460 
   62   62    1    1    1    1    1    1    1    1  5.66283E+14 0.00456 
   63   63    1    1    1    1    1    1    1    1  4.71205E+14 0.00413 
   64   64    1    1    1    1    1    1    1    1  3.74244E+14 0.00491 
   65   65    1    1    1    1    1    1    1    1  3.69033E+14 0.00505 
   66   66    1    1    1    1    1    1    1    1  2.64968E+14 0.00533 
   67   67    1    1    1    1    1    1    1    1  2.17899E+14 0.00569 
   68   68    1    1    1    1    1    1    1    1  1.96213E+14 0.00501 
   69   69    1    1    1    1    1    1    1    1  2.35661E+14 0.00531 
   70   70    1    1    1    1    1    1    1    1  2.00977E+14 0.00602 
   71   71    1    1    1    1    1    1    1    1  3.75063E+14 0.00548 
   72   72    1    1    1    1    1    1    1    1  2.65988E+14 0.00523 
   73   73    1    1    1    1    1    1    1    1  1.98252E+14 0.00503 
   74   74    1    1    1    1    1    1    1    1  1.56021E+14 0.00618 
   75   75    1    1    1    1    1    1    1    1  1.26183E+14 0.00566 
   76   76    1    1    1    1    1    1    1    1  1.42131E+14 0.00540 
   77   77    1    1    1    1    1    1    1    1  1.09350E+14 0.00533 
   78   78    1    1    1    1    1    1    1    1  8.51770E+13 0.00522 
   79   79    1    1    1    1    1    1    1    1  8.63983E+13 0.00652 
   80   80    1    1    1    1    1    1    1    1  6.40521E+13 0.00558 
   81   81    1    1    1    1    1    1    1    1  4.82330E+13 0.00557 
   82   82    1    1    1    1    1    1    1    1  3.69089E+13 0.00633 
   83   83    1    1    1    1    1    1    1    1  3.48651E+13 0.00575 
   84   84    1    1    1    1    1    1    1    1  2.51986E+13 0.00795 
   85   85    1    1    1    1    1    1    1    1  1.81308E+13 0.00731 
   86   86    1    1    1    1    1    1    1    1  1.69397E+13 0.00899 
   87   87    1    1    1    1    1    1    1    1  1.03835E+13 0.01092 
   88   88    1    1    1    1    1    1    1    1  6.95688E+12 0.01331 
   89   89    1    1    1    1    1    1    1    1  4.13136E+12 0.01228 
   90   90    1    1    1    1    1    1    1    1  2.73418E+12 0.01935 
   91   91    1    1    1    1    1    1    1    1  1.42367E+12 0.02938 
   92   92    1    1    1    1    1    1    1    1  7.06962E+11 0.02922 
   93   93    1    1    1    1    1    1    1    1  3.58605E+11 0.04592 
   94   94    1    1    1    1    1    1    1    1  1.66278E+11 0.05311 
   95   95    1    1    1    1    1    1    1    1  6.55756E+10 0.12228 
   96   96    1    1    1    1    1    1    1    1  4.37692E+10 0.09911 
   97   97    1    1    1    1    1    1    1    1  1.66137E+10 0.21507 
   98   98    1    1    1    1    1    1    1    1  4.89812E+09 0.34022 
   99   99    1    1    1    1    1    1    1    1  5.22776E+09 0.47540 
  100  100    1    1    1    1    1    1    1    1  8.85742E+09 0.33162 
];


