
DETdpaspec = [
    1    1    1    1    1    1    1    1    1    1  0.00000E+00 0.00000 
    2    2    1    1    1    1    1    1    1    1  0.00000E+00 0.00000 
    3    3    1    1    1    1    1    1    1    1  0.00000E+00 0.00000 
    4    4    1    1    1    1    1    1    1    1  0.00000E+00 0.00000 
    5    5    1    1    1    1    1    1    1    1  0.00000E+00 0.00000 
    6    6    1    1    1    1    1    1    1    1  0.00000E+00 0.00000 
    7    7    1    1    1    1    1    1    1    1  0.00000E+00 0.00000 
    8    8    1    1    1    1    1    1    1    1  0.00000E+00 0.00000 
    9    9    1    1    1    1    1    1    1    1  5.56608E+07 0.71587 
   10   10    1    1    1    1    1    1    1    1  0.00000E+00 0.00000 
   11   11    1    1    1    1    1    1    1    1  6.87831E+07 1.00000 
   12   12    1    1    1    1    1    1    1    1  3.69447E+07 0.72771 
   13   13    1    1    1    1    1    1    1    1  3.98074E+08 0.81728 
   14   14    1    1    1    1    1    1    1    1  8.12974E+08 0.72492 
   15   15    1    1    1    1    1    1    1    1  4.75385E+09 0.33623 
   16   16    1    1    1    1    1    1    1    1  1.45666E+09 0.31201 
   17   17    1    1    1    1    1    1    1    1  1.97158E+09 0.24152 
   18   18    1    1    1    1    1    1    1    1  7.43209E+09 0.23537 
   19   19    1    1    1    1    1    1    1    1  7.13610E+09 0.17774 
   20   20    1    1    1    1    1    1    1    1  2.65401E+10 0.12861 
   21   21    1    1    1    1    1    1    1    1  2.47141E+10 0.10766 
   22   22    1    1    1    1    1    1    1    1  5.98445E+10 0.08434 
   23   23    1    1    1    1    1    1    1    1  7.50197E+10 0.11312 
   24   24    1    1    1    1    1    1    1    1  1.31678E+11 0.04588 
   25   25    1    1    1    1    1    1    1    1  1.52869E+11 0.06293 
   26   26    1    1    1    1    1    1    1    1  2.37316E+11 0.04199 
   27   27    1    1    1    1    1    1    1    1  4.19184E+11 0.04265 
   28   28    1    1    1    1    1    1    1    1  7.44432E+11 0.02907 
   29   29    1    1    1    1    1    1    1    1  1.05443E+12 0.02456 
   30   30    1    1    1    1    1    1    1    1  3.34776E+12 0.01605 
   31   31    1    1    1    1    1    1    1    1  9.82860E+12 0.01048 
   32   32    1    1    1    1    1    1    1    1  1.82364E+13 0.00724 
   33   33    1    1    1    1    1    1    1    1  4.04057E+13 0.00367 
   34   34    1    1    1    1    1    1    1    1  5.36130E+13 0.00353 
   35   35    1    1    1    1    1    1    1    1  7.74325E+13 0.00373 
   36   36    1    1    1    1    1    1    1    1  5.45800E+13 0.00274 
   37   37    1    1    1    1    1    1    1    1  1.73862E+13 0.00272 
   38   38    1    1    1    1    1    1    1    1  9.32953E+13 0.00319 
   39   39    1    1    1    1    1    1    1    1  1.24102E+14 0.00263 
   40   40    1    1    1    1    1    1    1    1  2.07939E+14 0.00226 
   41   41    1    1    1    1    1    1    1    1  2.15714E+14 0.00201 
   42   42    1    1    1    1    1    1    1    1  4.42344E+14 0.00179 
   43   43    1    1    1    1    1    1    1    1  5.25489E+14 0.00205 
   44   44    1    1    1    1    1    1    1    1  7.45343E+14 0.00186 
   45   45    1    1    1    1    1    1    1    1  1.42266E+15 0.00191 
   46   46    1    1    1    1    1    1    1    1  6.71929E+14 0.00173 
   47   47    1    1    1    1    1    1    1    1  1.08689E+15 0.00155 
   48   48    1    1    1    1    1    1    1    1  1.50318E+15 0.00159 
   49   49    1    1    1    1    1    1    1    1  1.48289E+15 0.00148 
   50   50    1    1    1    1    1    1    1    1  2.24435E+15 0.00147 
   51   51    1    1    1    1    1    1    1    1  1.81493E+15 0.00175 
   52   52    1    1    1    1    1    1    1    1  2.07909E+15 0.00134 
   53   53    1    1    1    1    1    1    1    1  1.44867E+15 0.00181 
   54   54    1    1    1    1    1    1    1    1  1.71566E+15 0.00179 
   55   55    1    1    1    1    1    1    1    1  1.18603E+15 0.00157 
   56   56    1    1    1    1    1    1    1    1  1.62521E+14 0.00233 
   57   57    1    1    1    1    1    1    1    1  2.35094E+15 0.00167 
   58   58    1    1    1    1    1    1    1    1  1.00531E+15 0.00176 
   59   59    1    1    1    1    1    1    1    1  1.07538E+15 0.00175 
   60   60    1    1    1    1    1    1    1    1  8.14723E+14 0.00192 
   61   61    1    1    1    1    1    1    1    1  8.21425E+14 0.00207 
   62   62    1    1    1    1    1    1    1    1  8.47399E+14 0.00190 
   63   63    1    1    1    1    1    1    1    1  7.04761E+14 0.00179 
   64   64    1    1    1    1    1    1    1    1  5.58092E+14 0.00164 
   65   65    1    1    1    1    1    1    1    1  5.51396E+14 0.00231 
   66   66    1    1    1    1    1    1    1    1  3.97976E+14 0.00206 
   67   67    1    1    1    1    1    1    1    1  3.26600E+14 0.00224 
   68   68    1    1    1    1    1    1    1    1  2.94047E+14 0.00217 
   69   69    1    1    1    1    1    1    1    1  3.51907E+14 0.00249 
   70   70    1    1    1    1    1    1    1    1  3.00038E+14 0.00229 
   71   71    1    1    1    1    1    1    1    1  5.56217E+14 0.00181 
   72   72    1    1    1    1    1    1    1    1  3.94760E+14 0.00243 
   73   73    1    1    1    1    1    1    1    1  2.95249E+14 0.00264 
   74   74    1    1    1    1    1    1    1    1  2.31953E+14 0.00180 
   75   75    1    1    1    1    1    1    1    1  1.88781E+14 0.00297 
   76   76    1    1    1    1    1    1    1    1  2.14010E+14 0.00241 
   77   77    1    1    1    1    1    1    1    1  1.64912E+14 0.00248 
   78   78    1    1    1    1    1    1    1    1  1.29670E+14 0.00280 
   79   79    1    1    1    1    1    1    1    1  1.32116E+14 0.00312 
   80   80    1    1    1    1    1    1    1    1  9.66963E+13 0.00271 
   81   81    1    1    1    1    1    1    1    1  7.43827E+13 0.00350 
   82   82    1    1    1    1    1    1    1    1  5.66332E+13 0.00325 
   83   83    1    1    1    1    1    1    1    1  5.31184E+13 0.00532 
   84   84    1    1    1    1    1    1    1    1  3.79821E+13 0.00484 
   85   85    1    1    1    1    1    1    1    1  2.73967E+13 0.00523 
   86   86    1    1    1    1    1    1    1    1  2.57909E+13 0.00462 
   87   87    1    1    1    1    1    1    1    1  1.60720E+13 0.00811 
   88   88    1    1    1    1    1    1    1    1  1.06579E+13 0.00807 
   89   89    1    1    1    1    1    1    1    1  6.26959E+12 0.01011 
   90   90    1    1    1    1    1    1    1    1  4.18248E+12 0.01735 
   91   91    1    1    1    1    1    1    1    1  2.18611E+12 0.01616 
   92   92    1    1    1    1    1    1    1    1  1.01174E+12 0.02997 
   93   93    1    1    1    1    1    1    1    1  4.94945E+11 0.04536 
   94   94    1    1    1    1    1    1    1    1  2.17640E+11 0.05720 
   95   95    1    1    1    1    1    1    1    1  1.14850E+11 0.08315 
   96   96    1    1    1    1    1    1    1    1  5.91393E+10 0.12637 
   97   97    1    1    1    1    1    1    1    1  3.02102E+10 0.16262 
   98   98    1    1    1    1    1    1    1    1  1.44144E+10 0.19813 
   99   99    1    1    1    1    1    1    1    1  8.18608E+09 0.26923 
  100  100    1    1    1    1    1    1    1    1  7.85039E+09 0.31226 
];


