
DETdpaspec = [
    1    1    1    1    1    1    1    1    1    1  0.00000E+00 0.00000 
    2    2    1    1    1    1    1    1    1    1  0.00000E+00 0.00000 
    3    3    1    1    1    1    1    1    1    1  0.00000E+00 0.00000 
    4    4    1    1    1    1    1    1    1    1  0.00000E+00 0.00000 
    5    5    1    1    1    1    1    1    1    1  0.00000E+00 0.00000 
    6    6    1    1    1    1    1    1    1    1  0.00000E+00 0.00000 
    7    7    1    1    1    1    1    1    1    1  0.00000E+00 0.00000 
    8    8    1    1    1    1    1    1    1    1  0.00000E+00 0.00000 
    9    9    1    1    1    1    1    1    1    1  0.00000E+00 0.00000 
   10   10    1    1    1    1    1    1    1    1  6.96455E+07 1.00000 
   11   11    1    1    1    1    1    1    1    1  5.88852E+07 1.00000 
   12   12    1    1    1    1    1    1    1    1  1.41306E+08 0.63715 
   13   13    1    1    1    1    1    1    1    1  2.31239E+08 0.73530 
   14   14    1    1    1    1    1    1    1    1  1.15410E+09 0.62199 
   15   15    1    1    1    1    1    1    1    1  1.70288E+09 0.40595 
   16   16    1    1    1    1    1    1    1    1  6.14070E+08 0.45077 
   17   17    1    1    1    1    1    1    1    1  2.30815E+09 0.30607 
   18   18    1    1    1    1    1    1    1    1  7.79578E+09 0.24248 
   19   19    1    1    1    1    1    1    1    1  6.23539E+09 0.21289 
   20   20    1    1    1    1    1    1    1    1  2.48699E+10 0.13129 
   21   21    1    1    1    1    1    1    1    1  1.85284E+10 0.15523 
   22   22    1    1    1    1    1    1    1    1  5.42915E+10 0.11783 
   23   23    1    1    1    1    1    1    1    1  5.76358E+10 0.07624 
   24   24    1    1    1    1    1    1    1    1  8.94471E+10 0.11862 
   25   25    1    1    1    1    1    1    1    1  1.23857E+11 0.05599 
   26   26    1    1    1    1    1    1    1    1  2.09180E+11 0.04526 
   27   27    1    1    1    1    1    1    1    1  3.85877E+11 0.02855 
   28   28    1    1    1    1    1    1    1    1  6.57276E+11 0.02597 
   29   29    1    1    1    1    1    1    1    1  9.13766E+11 0.02769 
   30   30    1    1    1    1    1    1    1    1  2.89081E+12 0.01397 
   31   31    1    1    1    1    1    1    1    1  8.57533E+12 0.00989 
   32   32    1    1    1    1    1    1    1    1  1.58220E+13 0.00809 
   33   33    1    1    1    1    1    1    1    1  3.44521E+13 0.00540 
   34   34    1    1    1    1    1    1    1    1  4.51909E+13 0.00517 
   35   35    1    1    1    1    1    1    1    1  6.56505E+13 0.00400 
   36   36    1    1    1    1    1    1    1    1  4.63522E+13 0.00415 
   37   37    1    1    1    1    1    1    1    1  1.47481E+13 0.00397 
   38   38    1    1    1    1    1    1    1    1  7.89867E+13 0.00368 
   39   39    1    1    1    1    1    1    1    1  1.05332E+14 0.00338 
   40   40    1    1    1    1    1    1    1    1  1.75478E+14 0.00329 
   41   41    1    1    1    1    1    1    1    1  1.82211E+14 0.00286 
   42   42    1    1    1    1    1    1    1    1  3.71104E+14 0.00336 
   43   43    1    1    1    1    1    1    1    1  4.42208E+14 0.00322 
   44   44    1    1    1    1    1    1    1    1  6.24720E+14 0.00304 
   45   45    1    1    1    1    1    1    1    1  1.18670E+15 0.00306 
   46   46    1    1    1    1    1    1    1    1  5.58509E+14 0.00324 
   47   47    1    1    1    1    1    1    1    1  9.03632E+14 0.00326 
   48   48    1    1    1    1    1    1    1    1  1.24666E+15 0.00287 
   49   49    1    1    1    1    1    1    1    1  1.22941E+15 0.00304 
   50   50    1    1    1    1    1    1    1    1  1.85867E+15 0.00312 
   51   51    1    1    1    1    1    1    1    1  1.50235E+15 0.00292 
   52   52    1    1    1    1    1    1    1    1  1.71263E+15 0.00258 
   53   53    1    1    1    1    1    1    1    1  1.19205E+15 0.00255 
   54   54    1    1    1    1    1    1    1    1  1.40815E+15 0.00276 
   55   55    1    1    1    1    1    1    1    1  9.75304E+14 0.00267 
   56   56    1    1    1    1    1    1    1    1  1.33454E+14 0.00316 
   57   57    1    1    1    1    1    1    1    1  1.92749E+15 0.00290 
   58   58    1    1    1    1    1    1    1    1  8.20722E+14 0.00333 
   59   59    1    1    1    1    1    1    1    1  8.80088E+14 0.00325 
   60   60    1    1    1    1    1    1    1    1  6.64828E+14 0.00290 
   61   61    1    1    1    1    1    1    1    1  6.69599E+14 0.00309 
   62   62    1    1    1    1    1    1    1    1  6.90549E+14 0.00335 
   63   63    1    1    1    1    1    1    1    1  5.73104E+14 0.00303 
   64   64    1    1    1    1    1    1    1    1  4.54568E+14 0.00344 
   65   65    1    1    1    1    1    1    1    1  4.48221E+14 0.00342 
   66   66    1    1    1    1    1    1    1    1  3.22990E+14 0.00338 
   67   67    1    1    1    1    1    1    1    1  2.65870E+14 0.00353 
   68   68    1    1    1    1    1    1    1    1  2.39444E+14 0.00397 
   69   69    1    1    1    1    1    1    1    1  2.87340E+14 0.00382 
   70   70    1    1    1    1    1    1    1    1  2.44125E+14 0.00418 
   71   71    1    1    1    1    1    1    1    1  4.53525E+14 0.00379 
   72   72    1    1    1    1    1    1    1    1  3.21345E+14 0.00383 
   73   73    1    1    1    1    1    1    1    1  2.40312E+14 0.00457 
   74   74    1    1    1    1    1    1    1    1  1.88902E+14 0.00472 
   75   75    1    1    1    1    1    1    1    1  1.52221E+14 0.00382 
   76   76    1    1    1    1    1    1    1    1  1.72563E+14 0.00343 
   77   77    1    1    1    1    1    1    1    1  1.33526E+14 0.00421 
   78   78    1    1    1    1    1    1    1    1  1.04717E+14 0.00400 
   79   79    1    1    1    1    1    1    1    1  1.06108E+14 0.00376 
   80   80    1    1    1    1    1    1    1    1  7.82355E+13 0.00445 
   81   81    1    1    1    1    1    1    1    1  5.99819E+13 0.00562 
   82   82    1    1    1    1    1    1    1    1  4.57323E+13 0.00531 
   83   83    1    1    1    1    1    1    1    1  4.24803E+13 0.00632 
   84   84    1    1    1    1    1    1    1    1  3.07948E+13 0.00639 
   85   85    1    1    1    1    1    1    1    1  2.20450E+13 0.00697 
   86   86    1    1    1    1    1    1    1    1  2.06484E+13 0.00706 
   87   87    1    1    1    1    1    1    1    1  1.29496E+13 0.00948 
   88   88    1    1    1    1    1    1    1    1  8.71725E+12 0.01192 
   89   89    1    1    1    1    1    1    1    1  5.04725E+12 0.01543 
   90   90    1    1    1    1    1    1    1    1  3.35512E+12 0.01876 
   91   91    1    1    1    1    1    1    1    1  1.76518E+12 0.02132 
   92   92    1    1    1    1    1    1    1    1  8.04437E+11 0.03544 
   93   93    1    1    1    1    1    1    1    1  3.75445E+11 0.04292 
   94   94    1    1    1    1    1    1    1    1  2.00280E+11 0.06065 
   95   95    1    1    1    1    1    1    1    1  1.11811E+11 0.05535 
   96   96    1    1    1    1    1    1    1    1  3.89993E+10 0.13835 
   97   97    1    1    1    1    1    1    1    1  2.76399E+10 0.19705 
   98   98    1    1    1    1    1    1    1    1  1.36852E+10 0.31762 
   99   99    1    1    1    1    1    1    1    1  4.08839E+09 0.38261 
  100  100    1    1    1    1    1    1    1    1  3.78229E+09 0.40078 
];


