
DETdpaspec = [
    1    1    1    1    1    1    1    1    1    1  0.00000E+00 0.00000 
    2    2    1    1    1    1    1    1    1    1  0.00000E+00 0.00000 
    3    3    1    1    1    1    1    1    1    1  0.00000E+00 0.00000 
    4    4    1    1    1    1    1    1    1    1  0.00000E+00 0.00000 
    5    5    1    1    1    1    1    1    1    1  0.00000E+00 0.00000 
    6    6    1    1    1    1    1    1    1    1  0.00000E+00 0.00000 
    7    7    1    1    1    1    1    1    1    1  0.00000E+00 0.00000 
    8    8    1    1    1    1    1    1    1    1  0.00000E+00 0.00000 
    9    9    1    1    1    1    1    1    1    1  0.00000E+00 0.00000 
   10   10    1    1    1    1    1    1    1    1  0.00000E+00 0.00000 
   11   11    1    1    1    1    1    1    1    1  0.00000E+00 0.00000 
   12   12    1    1    1    1    1    1    1    1  0.00000E+00 0.00000 
   13   13    1    1    1    1    1    1    1    1  0.00000E+00 0.00000 
   14   14    1    1    1    1    1    1    1    1  0.00000E+00 0.00000 
   15   15    1    1    1    1    1    1    1    1  6.23431E+08 0.82446 
   16   16    1    1    1    1    1    1    1    1  1.22617E+09 1.00000 
   17   17    1    1    1    1    1    1    1    1  1.67535E+09 0.67020 
   18   18    1    1    1    1    1    1    1    1  4.45738E+09 0.63799 
   19   19    1    1    1    1    1    1    1    1  3.28472E+09 0.51909 
   20   20    1    1    1    1    1    1    1    1  3.25390E+10 0.20961 
   21   21    1    1    1    1    1    1    1    1  1.80311E+11 0.05983 
   22   22    1    1    1    1    1    1    1    1  6.65933E+11 0.04131 
   23   23    1    1    1    1    1    1    1    1  2.18637E+12 0.02392 
   24   24    1    1    1    1    1    1    1    1  4.95492E+12 0.01515 
   25   25    1    1    1    1    1    1    1    1  6.83900E+12 0.01084 
   26   26    1    1    1    1    1    1    1    1  1.24406E+13 0.00675 
   27   27    1    1    1    1    1    1    1    1  2.04448E+13 0.00556 
   28   28    1    1    1    1    1    1    1    1  3.19139E+13 0.00621 
   29   29    1    1    1    1    1    1    1    1  4.45165E+13 0.00510 
   30   30    1    1    1    1    1    1    1    1  7.68443E+13 0.00397 
   31   31    1    1    1    1    1    1    1    1  1.33897E+14 0.00339 
   32   32    1    1    1    1    1    1    1    1  1.79220E+14 0.00339 
   33   33    1    1    1    1    1    1    1    1  3.23373E+14 0.00278 
   34   34    1    1    1    1    1    1    1    1  3.69896E+14 0.00311 
   35   35    1    1    1    1    1    1    1    1  3.57079E+14 0.00259 
   36   36    1    1    1    1    1    1    1    1  2.05413E+14 0.00305 
   37   37    1    1    1    1    1    1    1    1  5.91498E+13 0.00318 
   38   38    1    1    1    1    1    1    1    1  3.37053E+14 0.00293 
   39   39    1    1    1    1    1    1    1    1  4.37146E+14 0.00291 
   40   40    1    1    1    1    1    1    1    1  7.25535E+14 0.00302 
   41   41    1    1    1    1    1    1    1    1  6.78998E+14 0.00314 
   42   42    1    1    1    1    1    1    1    1  1.42919E+15 0.00294 
   43   43    1    1    1    1    1    1    1    1  1.65407E+15 0.00304 
   44   44    1    1    1    1    1    1    1    1  2.27625E+15 0.00300 
   45   45    1    1    1    1    1    1    1    1  4.26352E+15 0.00315 
   46   46    1    1    1    1    1    1    1    1  1.84788E+15 0.00322 
   47   47    1    1    1    1    1    1    1    1  2.86956E+15 0.00322 
   48   48    1    1    1    1    1    1    1    1  3.83201E+15 0.00333 
   49   49    1    1    1    1    1    1    1    1  3.63751E+15 0.00325 
   50   50    1    1    1    1    1    1    1    1  5.52327E+15 0.00336 
   51   51    1    1    1    1    1    1    1    1  4.13522E+15 0.00323 
   52   52    1    1    1    1    1    1    1    1  4.88122E+15 0.00337 
   53   53    1    1    1    1    1    1    1    1  3.26434E+15 0.00332 
   54   54    1    1    1    1    1    1    1    1  3.99417E+15 0.00346 
   55   55    1    1    1    1    1    1    1    1  2.68278E+15 0.00333 
   56   56    1    1    1    1    1    1    1    1  3.59032E+14 0.00317 
   57   57    1    1    1    1    1    1    1    1  5.19690E+15 0.00325 
   58   58    1    1    1    1    1    1    1    1  2.33224E+15 0.00337 
   59   59    1    1    1    1    1    1    1    1  2.41826E+15 0.00363 
   60   60    1    1    1    1    1    1    1    1  1.89075E+15 0.00357 
   61   61    1    1    1    1    1    1    1    1  1.86877E+15 0.00348 
   62   62    1    1    1    1    1    1    1    1  1.92594E+15 0.00360 
   63   63    1    1    1    1    1    1    1    1  1.60084E+15 0.00337 
   64   64    1    1    1    1    1    1    1    1  1.25439E+15 0.00387 
   65   65    1    1    1    1    1    1    1    1  1.22791E+15 0.00397 
   66   66    1    1    1    1    1    1    1    1  8.73211E+14 0.00395 
   67   67    1    1    1    1    1    1    1    1  7.00302E+14 0.00394 
   68   68    1    1    1    1    1    1    1    1  6.21646E+14 0.00436 
   69   69    1    1    1    1    1    1    1    1  7.38842E+14 0.00417 
   70   70    1    1    1    1    1    1    1    1  6.17477E+14 0.00415 
   71   71    1    1    1    1    1    1    1    1  1.08028E+15 0.00393 
   72   72    1    1    1    1    1    1    1    1  7.47058E+14 0.00436 
   73   73    1    1    1    1    1    1    1    1  5.55352E+14 0.00361 
   74   74    1    1    1    1    1    1    1    1  4.48954E+14 0.00399 
   75   75    1    1    1    1    1    1    1    1  3.75169E+14 0.00438 
   76   76    1    1    1    1    1    1    1    1  4.37631E+14 0.00386 
   77   77    1    1    1    1    1    1    1    1  3.47428E+14 0.00470 
   78   78    1    1    1    1    1    1    1    1  2.77108E+14 0.00431 
   79   79    1    1    1    1    1    1    1    1  2.85984E+14 0.00410 
   80   80    1    1    1    1    1    1    1    1  2.09203E+14 0.00457 
   81   81    1    1    1    1    1    1    1    1  1.60280E+14 0.00442 
   82   82    1    1    1    1    1    1    1    1  1.22066E+14 0.00461 
   83   83    1    1    1    1    1    1    1    1  1.12832E+14 0.00504 
   84   84    1    1    1    1    1    1    1    1  8.04888E+13 0.00541 
   85   85    1    1    1    1    1    1    1    1  5.71762E+13 0.00579 
   86   86    1    1    1    1    1    1    1    1  5.28455E+13 0.00588 
   87   87    1    1    1    1    1    1    1    1  3.15177E+13 0.00465 
   88   88    1    1    1    1    1    1    1    1  2.06984E+13 0.00601 
   89   89    1    1    1    1    1    1    1    1  1.15486E+13 0.01016 
   90   90    1    1    1    1    1    1    1    1  7.38146E+12 0.00946 
   91   91    1    1    1    1    1    1    1    1  3.50177E+12 0.01070 
   92   92    1    1    1    1    1    1    1    1  1.66729E+12 0.01663 
   93   93    1    1    1    1    1    1    1    1  7.70219E+11 0.02995 
   94   94    1    1    1    1    1    1    1    1  3.29788E+11 0.04211 
   95   95    1    1    1    1    1    1    1    1  1.79458E+11 0.05909 
   96   96    1    1    1    1    1    1    1    1  7.45255E+10 0.08900 
   97   97    1    1    1    1    1    1    1    1  2.84065E+10 0.17831 
   98   98    1    1    1    1    1    1    1    1  2.37639E+10 0.19665 
   99   99    1    1    1    1    1    1    1    1  9.30198E+09 0.27602 
  100  100    1    1    1    1    1    1    1    1  4.37951E+09 0.47495 
];


