
DETdpaspec = [
    1    1    1    1    1    1    1    1    1    1  0.00000E+00 0.00000 
    2    2    1    1    1    1    1    1    1    1  0.00000E+00 0.00000 
    3    3    1    1    1    1    1    1    1    1  0.00000E+00 0.00000 
    4    4    1    1    1    1    1    1    1    1  0.00000E+00 0.00000 
    5    5    1    1    1    1    1    1    1    1  0.00000E+00 0.00000 
    6    6    1    1    1    1    1    1    1    1  0.00000E+00 0.00000 
    7    7    1    1    1    1    1    1    1    1  1.56410E+07 1.00000 
    8    8    1    1    1    1    1    1    1    1  0.00000E+00 0.00000 
    9    9    1    1    1    1    1    1    1    1  0.00000E+00 0.00000 
   10   10    1    1    1    1    1    1    1    1  4.74192E+08 0.41801 
   11   11    1    1    1    1    1    1    1    1  4.71223E+08 0.54236 
   12   12    1    1    1    1    1    1    1    1  9.76455E+07 0.76211 
   13   13    1    1    1    1    1    1    1    1  1.50545E+09 0.38841 
   14   14    1    1    1    1    1    1    1    1  3.02819E+09 0.30430 
   15   15    1    1    1    1    1    1    1    1  6.47742E+09 0.32264 
   16   16    1    1    1    1    1    1    1    1  1.70397E+09 0.29261 
   17   17    1    1    1    1    1    1    1    1  3.69055E+09 0.27268 
   18   18    1    1    1    1    1    1    1    1  1.43257E+10 0.19031 
   19   19    1    1    1    1    1    1    1    1  1.05895E+10 0.19821 
   20   20    1    1    1    1    1    1    1    1  4.65846E+10 0.13544 
   21   21    1    1    1    1    1    1    1    1  2.62230E+10 0.09389 
   22   22    1    1    1    1    1    1    1    1  7.10329E+10 0.09732 
   23   23    1    1    1    1    1    1    1    1  1.04166E+11 0.06061 
   24   24    1    1    1    1    1    1    1    1  1.68521E+11 0.06689 
   25   25    1    1    1    1    1    1    1    1  2.17872E+11 0.05467 
   26   26    1    1    1    1    1    1    1    1  3.34453E+11 0.03501 
   27   27    1    1    1    1    1    1    1    1  6.10897E+11 0.03865 
   28   28    1    1    1    1    1    1    1    1  1.20538E+12 0.02195 
   29   29    1    1    1    1    1    1    1    1  1.84007E+12 0.01501 
   30   30    1    1    1    1    1    1    1    1  5.49876E+12 0.01211 
   31   31    1    1    1    1    1    1    1    1  1.70892E+13 0.00858 
   32   32    1    1    1    1    1    1    1    1  3.16997E+13 0.00659 
   33   33    1    1    1    1    1    1    1    1  7.36221E+13 0.00377 
   34   34    1    1    1    1    1    1    1    1  1.00418E+14 0.00233 
   35   35    1    1    1    1    1    1    1    1  1.40416E+14 0.00216 
   36   36    1    1    1    1    1    1    1    1  9.82401E+13 0.00188 
   37   37    1    1    1    1    1    1    1    1  3.06178E+13 0.00224 
   38   38    1    1    1    1    1    1    1    1  1.68122E+14 0.00165 
   39   39    1    1    1    1    1    1    1    1  2.25884E+14 0.00144 
   40   40    1    1    1    1    1    1    1    1  3.84406E+14 0.00126 
   41   41    1    1    1    1    1    1    1    1  3.95861E+14 0.00129 
   42   42    1    1    1    1    1    1    1    1  8.27277E+14 0.00120 
   43   43    1    1    1    1    1    1    1    1  9.97090E+14 0.00116 
   44   44    1    1    1    1    1    1    1    1  1.43365E+15 0.00139 
   45   45    1    1    1    1    1    1    1    1  2.81514E+15 0.00112 
   46   46    1    1    1    1    1    1    1    1  1.33564E+15 0.00115 
   47   47    1    1    1    1    1    1    1    1  2.16040E+15 0.00130 
   48   48    1    1    1    1    1    1    1    1  3.01124E+15 0.00120 
   49   49    1    1    1    1    1    1    1    1  2.98150E+15 0.00111 
   50   50    1    1    1    1    1    1    1    1  4.59441E+15 0.00107 
   51   51    1    1    1    1    1    1    1    1  3.69827E+15 0.00100 
   52   52    1    1    1    1    1    1    1    1  4.33167E+15 0.00098 
   53   53    1    1    1    1    1    1    1    1  3.02562E+15 0.00113 
   54   54    1    1    1    1    1    1    1    1  3.65052E+15 0.00109 
   55   55    1    1    1    1    1    1    1    1  2.52312E+15 0.00098 
   56   56    1    1    1    1    1    1    1    1  3.44784E+14 0.00148 
   57   57    1    1    1    1    1    1    1    1  5.01514E+15 0.00100 
   58   58    1    1    1    1    1    1    1    1  2.19243E+15 0.00110 
   59   59    1    1    1    1    1    1    1    1  2.34561E+15 0.00095 
   60   60    1    1    1    1    1    1    1    1  1.80067E+15 0.00106 
   61   61    1    1    1    1    1    1    1    1  1.80971E+15 0.00086 
   62   62    1    1    1    1    1    1    1    1  1.87556E+15 0.00096 
   63   63    1    1    1    1    1    1    1    1  1.57216E+15 0.00088 
   64   64    1    1    1    1    1    1    1    1  1.24967E+15 0.00105 
   65   65    1    1    1    1    1    1    1    1  1.24236E+15 0.00127 
   66   66    1    1    1    1    1    1    1    1  8.97529E+14 0.00079 
   67   67    1    1    1    1    1    1    1    1  7.34932E+14 0.00118 
   68   68    1    1    1    1    1    1    1    1  6.61239E+14 0.00087 
   69   69    1    1    1    1    1    1    1    1  7.93403E+14 0.00117 
   70   70    1    1    1    1    1    1    1    1  6.75498E+14 0.00179 
   71   71    1    1    1    1    1    1    1    1  1.24646E+15 0.00102 
   72   72    1    1    1    1    1    1    1    1  8.84120E+14 0.00147 
   73   73    1    1    1    1    1    1    1    1  6.64185E+14 0.00166 
   74   74    1    1    1    1    1    1    1    1  5.27445E+14 0.00143 
   75   75    1    1    1    1    1    1    1    1  4.33114E+14 0.00163 
   76   76    1    1    1    1    1    1    1    1  4.95249E+14 0.00168 
   77   77    1    1    1    1    1    1    1    1  3.88387E+14 0.00168 
   78   78    1    1    1    1    1    1    1    1  3.05729E+14 0.00208 
   79   79    1    1    1    1    1    1    1    1  3.12880E+14 0.00178 
   80   80    1    1    1    1    1    1    1    1  2.31512E+14 0.00247 
   81   81    1    1    1    1    1    1    1    1  1.77741E+14 0.00181 
   82   82    1    1    1    1    1    1    1    1  1.36348E+14 0.00276 
   83   83    1    1    1    1    1    1    1    1  1.27535E+14 0.00260 
   84   84    1    1    1    1    1    1    1    1  9.18077E+13 0.00310 
   85   85    1    1    1    1    1    1    1    1  6.61463E+13 0.00348 
   86   86    1    1    1    1    1    1    1    1  6.19654E+13 0.00416 
   87   87    1    1    1    1    1    1    1    1  3.81908E+13 0.00457 
   88   88    1    1    1    1    1    1    1    1  2.58099E+13 0.00441 
   89   89    1    1    1    1    1    1    1    1  1.49755E+13 0.01093 
   90   90    1    1    1    1    1    1    1    1  9.89907E+12 0.00984 
   91   91    1    1    1    1    1    1    1    1  5.13919E+12 0.01337 
   92   92    1    1    1    1    1    1    1    1  2.41227E+12 0.01515 
   93   93    1    1    1    1    1    1    1    1  1.14352E+12 0.02716 
   94   94    1    1    1    1    1    1    1    1  5.75879E+11 0.04319 
   95   95    1    1    1    1    1    1    1    1  2.84141E+11 0.05468 
   96   96    1    1    1    1    1    1    1    1  1.25972E+11 0.08909 
   97   97    1    1    1    1    1    1    1    1  6.04409E+10 0.09602 
   98   98    1    1    1    1    1    1    1    1  2.07977E+10 0.15966 
   99   99    1    1    1    1    1    1    1    1  1.64733E+10 0.23806 
  100  100    1    1    1    1    1    1    1    1  1.35298E+10 0.23013 
];


