
DETdpaspec = [
    1    1    1    1    1    1    1    1    1    1  0.00000E+00 0.00000 
    2    2    1    1    1    1    1    1    1    1  0.00000E+00 0.00000 
    3    3    1    1    1    1    1    1    1    1  0.00000E+00 0.00000 
    4    4    1    1    1    1    1    1    1    1  0.00000E+00 0.00000 
    5    5    1    1    1    1    1    1    1    1  1.31381E+07 1.00000 
    6    6    1    1    1    1    1    1    1    1  0.00000E+00 0.00000 
    7    7    1    1    1    1    1    1    1    1  0.00000E+00 0.00000 
    8    8    1    1    1    1    1    1    1    1  0.00000E+00 0.00000 
    9    9    1    1    1    1    1    1    1    1  1.00803E+07 1.00000 
   10   10    1    1    1    1    1    1    1    1  5.68266E+07 1.00000 
   11   11    1    1    1    1    1    1    1    1  2.53520E+08 0.46637 
   12   12    1    1    1    1    1    1    1    1  1.46801E+08 0.44703 
   13   13    1    1    1    1    1    1    1    1  2.14171E+09 0.45827 
   14   14    1    1    1    1    1    1    1    1  9.28933E+09 0.40853 
   15   15    1    1    1    1    1    1    1    1  6.47165E+09 0.35122 
   16   16    1    1    1    1    1    1    1    1  2.01205E+09 0.30400 
   17   17    1    1    1    1    1    1    1    1  4.31183E+09 0.26799 
   18   18    1    1    1    1    1    1    1    1  1.40564E+10 0.18452 
   19   19    1    1    1    1    1    1    1    1  1.36571E+10 0.18209 
   20   20    1    1    1    1    1    1    1    1  3.41001E+10 0.17818 
   21   21    1    1    1    1    1    1    1    1  3.38851E+10 0.12166 
   22   22    1    1    1    1    1    1    1    1  7.63409E+10 0.08749 
   23   23    1    1    1    1    1    1    1    1  1.20087E+11 0.07122 
   24   24    1    1    1    1    1    1    1    1  1.86043E+11 0.05323 
   25   25    1    1    1    1    1    1    1    1  2.27556E+11 0.05290 
   26   26    1    1    1    1    1    1    1    1  3.93727E+11 0.03505 
   27   27    1    1    1    1    1    1    1    1  6.88769E+11 0.02823 
   28   28    1    1    1    1    1    1    1    1  1.43281E+12 0.01725 
   29   29    1    1    1    1    1    1    1    1  2.30510E+12 0.01837 
   30   30    1    1    1    1    1    1    1    1  6.64727E+12 0.01087 
   31   31    1    1    1    1    1    1    1    1  2.06834E+13 0.00745 
   32   32    1    1    1    1    1    1    1    1  3.86444E+13 0.00658 
   33   33    1    1    1    1    1    1    1    1  9.12686E+13 0.00388 
   34   34    1    1    1    1    1    1    1    1  1.26455E+14 0.00302 
   35   35    1    1    1    1    1    1    1    1  1.70669E+14 0.00230 
   36   36    1    1    1    1    1    1    1    1  1.18158E+14 0.00225 
   37   37    1    1    1    1    1    1    1    1  3.64709E+13 0.00229 
   38   38    1    1    1    1    1    1    1    1  2.02699E+14 0.00218 
   39   39    1    1    1    1    1    1    1    1  2.72791E+14 0.00218 
   40   40    1    1    1    1    1    1    1    1  4.69257E+14 0.00194 
   41   41    1    1    1    1    1    1    1    1  4.78713E+14 0.00143 
   42   42    1    1    1    1    1    1    1    1  1.01492E+15 0.00092 
   43   43    1    1    1    1    1    1    1    1  1.22856E+15 0.00120 
   44   44    1    1    1    1    1    1    1    1  1.77779E+15 0.00102 
   45   45    1    1    1    1    1    1    1    1  3.53157E+15 0.00089 
   46   46    1    1    1    1    1    1    1    1  1.67031E+15 0.00083 
   47   47    1    1    1    1    1    1    1    1  2.69639E+15 0.00098 
   48   48    1    1    1    1    1    1    1    1  3.77580E+15 0.00106 
   49   49    1    1    1    1    1    1    1    1  3.74331E+15 0.00091 
   50   50    1    1    1    1    1    1    1    1  5.82428E+15 0.00088 
   51   51    1    1    1    1    1    1    1    1  4.67492E+15 0.00107 
   52   52    1    1    1    1    1    1    1    1  5.53874E+15 0.00117 
   53   53    1    1    1    1    1    1    1    1  3.86651E+15 0.00117 
   54   54    1    1    1    1    1    1    1    1  4.71266E+15 0.00097 
   55   55    1    1    1    1    1    1    1    1  3.25178E+15 0.00094 
   56   56    1    1    1    1    1    1    1    1  4.43053E+14 0.00132 
   57   57    1    1    1    1    1    1    1    1  6.47691E+15 0.00109 
   58   58    1    1    1    1    1    1    1    1  2.86797E+15 0.00119 
   59   59    1    1    1    1    1    1    1    1  3.06229E+15 0.00112 
   60   60    1    1    1    1    1    1    1    1  2.37208E+15 0.00100 
   61   61    1    1    1    1    1    1    1    1  2.38351E+15 0.00112 
   62   62    1    1    1    1    1    1    1    1  2.48104E+15 0.00114 
   63   63    1    1    1    1    1    1    1    1  2.08750E+15 0.00113 
   64   64    1    1    1    1    1    1    1    1  1.66135E+15 0.00116 
   65   65    1    1    1    1    1    1    1    1  1.65137E+15 0.00119 
   66   66    1    1    1    1    1    1    1    1  1.19515E+15 0.00143 
   67   67    1    1    1    1    1    1    1    1  9.75306E+14 0.00137 
   68   68    1    1    1    1    1    1    1    1  8.75820E+14 0.00163 
   69   69    1    1    1    1    1    1    1    1  1.04941E+15 0.00155 
   70   70    1    1    1    1    1    1    1    1  8.95391E+14 0.00138 
   71   71    1    1    1    1    1    1    1    1  1.63902E+15 0.00118 
   72   72    1    1    1    1    1    1    1    1  1.16429E+15 0.00163 
   73   73    1    1    1    1    1    1    1    1  8.77292E+14 0.00176 
   74   74    1    1    1    1    1    1    1    1  7.03231E+14 0.00186 
   75   75    1    1    1    1    1    1    1    1  5.81172E+14 0.00200 
   76   76    1    1    1    1    1    1    1    1  6.68563E+14 0.00173 
   77   77    1    1    1    1    1    1    1    1  5.26327E+14 0.00164 
   78   78    1    1    1    1    1    1    1    1  4.18028E+14 0.00170 
   79   79    1    1    1    1    1    1    1    1  4.30074E+14 0.00191 
   80   80    1    1    1    1    1    1    1    1  3.18733E+14 0.00178 
   81   81    1    1    1    1    1    1    1    1  2.44177E+14 0.00193 
   82   82    1    1    1    1    1    1    1    1  1.87882E+14 0.00242 
   83   83    1    1    1    1    1    1    1    1  1.75702E+14 0.00226 
   84   84    1    1    1    1    1    1    1    1  1.26459E+14 0.00275 
   85   85    1    1    1    1    1    1    1    1  9.09250E+13 0.00321 
   86   86    1    1    1    1    1    1    1    1  8.50661E+13 0.00269 
   87   87    1    1    1    1    1    1    1    1  5.23372E+13 0.00394 
   88   88    1    1    1    1    1    1    1    1  3.57080E+13 0.00474 
   89   89    1    1    1    1    1    1    1    1  2.04342E+13 0.00661 
   90   90    1    1    1    1    1    1    1    1  1.36005E+13 0.00916 
   91   91    1    1    1    1    1    1    1    1  6.81730E+12 0.00992 
   92   92    1    1    1    1    1    1    1    1  3.36640E+12 0.01758 
   93   93    1    1    1    1    1    1    1    1  1.58297E+12 0.02188 
   94   94    1    1    1    1    1    1    1    1  7.75876E+11 0.04103 
   95   95    1    1    1    1    1    1    1    1  3.82181E+11 0.05535 
   96   96    1    1    1    1    1    1    1    1  1.68812E+11 0.05859 
   97   97    1    1    1    1    1    1    1    1  9.97174E+10 0.07265 
   98   98    1    1    1    1    1    1    1    1  3.78358E+10 0.14734 
   99   99    1    1    1    1    1    1    1    1  1.52420E+10 0.28520 
  100  100    1    1    1    1    1    1    1    1  1.49606E+10 0.18024 
];


