
DETdpaspec = [
    1    1    1    1    1    1    1    1    1    1  0.00000E+00 0.00000 
    2    2    1    1    1    1    1    1    1    1  0.00000E+00 0.00000 
    3    3    1    1    1    1    1    1    1    1  0.00000E+00 0.00000 
    4    4    1    1    1    1    1    1    1    1  0.00000E+00 0.00000 
    5    5    1    1    1    1    1    1    1    1  0.00000E+00 0.00000 
    6    6    1    1    1    1    1    1    1    1  0.00000E+00 0.00000 
    7    7    1    1    1    1    1    1    1    1  0.00000E+00 0.00000 
    8    8    1    1    1    1    1    1    1    1  0.00000E+00 0.00000 
    9    9    1    1    1    1    1    1    1    1  0.00000E+00 0.00000 
   10   10    1    1    1    1    1    1    1    1  0.00000E+00 0.00000 
   11   11    1    1    1    1    1    1    1    1  0.00000E+00 0.00000 
   12   12    1    1    1    1    1    1    1    1  0.00000E+00 0.00000 
   13   13    1    1    1    1    1    1    1    1  0.00000E+00 0.00000 
   14   14    1    1    1    1    1    1    1    1  0.00000E+00 0.00000 
   15   15    1    1    1    1    1    1    1    1  0.00000E+00 0.00000 
   16   16    1    1    1    1    1    1    1    1  0.00000E+00 0.00000 
   17   17    1    1    1    1    1    1    1    1  0.00000E+00 0.00000 
   18   18    1    1    1    1    1    1    1    1  0.00000E+00 0.00000 
   19   19    1    1    1    1    1    1    1    1  5.23434E+09 0.03133 
   20   20    1    1    1    1    1    1    1    1  9.77829E+08 0.03530 
   21   21    1    1    1    1    1    1    1    1  2.58604E+09 0.02919 
   22   22    1    1    1    1    1    1    1    1  2.52259E+09 0.02294 
   23   23    1    1    1    1    1    1    1    1  7.14288E+09 0.02004 
   24   24    1    1    1    1    1    1    1    1  1.61600E+10 0.01110 
   25   25    1    1    1    1    1    1    1    1  3.68488E+10 0.00823 
   26   26    1    1    1    1    1    1    1    1  6.24155E+10 0.00741 
   27   27    1    1    1    1    1    1    1    1  1.34781E+11 0.00463 
   28   28    1    1    1    1    1    1    1    1  2.63942E+11 0.00296 
   29   29    1    1    1    1    1    1    1    1  5.58929E+11 0.00243 
   30   30    1    1    1    1    1    1    1    1  7.50167E+11 0.00162 
   31   31    1    1    1    1    1    1    1    1  1.57968E+12 0.00150 
   32   32    1    1    1    1    1    1    1    1  3.28466E+12 0.00115 
   33   33    1    1    1    1    1    1    1    1  4.35740E+12 0.00081 
   34   34    1    1    1    1    1    1    1    1  7.94811E+12 0.00054 
   35   35    1    1    1    1    1    1    1    1  8.54140E+12 0.00065 
   36   36    1    1    1    1    1    1    1    1  1.14310E+13 0.00054 
   37   37    1    1    1    1    1    1    1    1  9.71699E+12 0.00041 
   38   38    1    1    1    1    1    1    1    1  3.03188E+12 0.00046 
   39   39    1    1    1    1    1    1    1    1  1.35710E+13 0.00042 
   40   40    1    1    1    1    1    1    1    1  1.55942E+13 0.00041 
   41   41    1    1    1    1    1    1    1    1  2.55778E+13 0.00030 
   42   42    1    1    1    1    1    1    1    1  2.37334E+13 0.00035 
   43   43    1    1    1    1    1    1    1    1  3.98473E+13 0.00024 
   44   44    1    1    1    1    1    1    1    1  4.14377E+13 0.00026 
   45   45    1    1    1    1    1    1    1    1  5.16900E+13 0.00020 
   46   46    1    1    1    1    1    1    1    1  8.57277E+13 0.00017 
   47   47    1    1    1    1    1    1    1    1  4.86269E+13 0.00019 
   48   48    1    1    1    1    1    1    1    1  6.48363E+13 0.00014 
   49   49    1    1    1    1    1    1    1    1  9.04748E+13 0.00017 
   50   50    1    1    1    1    1    1    1    1  7.85021E+13 0.00018 
   51   51    1    1    1    1    1    1    1    1  1.19922E+14 0.00014 
   52   52    1    1    1    1    1    1    1    1  9.36447E+13 0.00016 
   53   53    1    1    1    1    1    1    1    1  1.03981E+14 0.00018 
   54   54    1    1    1    1    1    1    1    1  7.54394E+13 0.00018 
   55   55    1    1    1    1    1    1    1    1  9.13392E+13 0.00020 
   56   56    1    1    1    1    1    1    1    1  6.62531E+13 0.00017 
   57   57    1    1    1    1    1    1    1    1  9.22517E+12 0.00033 
   58   58    1    1    1    1    1    1    1    1  1.26743E+14 0.00011 
   59   59    1    1    1    1    1    1    1    1  5.54837E+13 0.00021 
   60   60    1    1    1    1    1    1    1    1  6.10216E+13 0.00020 
   61   61    1    1    1    1    1    1    1    1  4.94836E+13 0.00021 
   62   62    1    1    1    1    1    1    1    1  4.95837E+13 0.00024 
   63   63    1    1    1    1    1    1    1    1  4.88041E+13 0.00024 
   64   64    1    1    1    1    1    1    1    1  4.06865E+13 0.00026 
   65   65    1    1    1    1    1    1    1    1  3.18543E+13 0.00029 
   66   66    1    1    1    1    1    1    1    1  3.07357E+13 0.00028 
   67   67    1    1    1    1    1    1    1    1  2.62072E+13 0.00032 
   68   68    1    1    1    1    1    1    1    1  2.16976E+13 0.00029 
   69   69    1    1    1    1    1    1    1    1  1.89314E+13 0.00039 
   70   70    1    1    1    1    1    1    1    1  2.32227E+13 0.00043 
   71   71    1    1    1    1    1    1    1    1  2.00376E+13 0.00040 
   72   72    1    1    1    1    1    1    1    1  3.78951E+13 0.00029 
   73   73    1    1    1    1    1    1    1    1  2.81126E+13 0.00035 
   74   74    1    1    1    1    1    1    1    1  2.20988E+13 0.00036 
   75   75    1    1    1    1    1    1    1    1  1.80347E+13 0.00039 
   76   76    1    1    1    1    1    1    1    1  1.47324E+13 0.00049 
   77   77    1    1    1    1    1    1    1    1  1.68006E+13 0.00050 
   78   78    1    1    1    1    1    1    1    1  1.30598E+13 0.00055 
   79   79    1    1    1    1    1    1    1    1  9.90156E+12 0.00063 
   80   80    1    1    1    1    1    1    1    1  1.02671E+13 0.00057 
   81   81    1    1    1    1    1    1    1    1  7.71096E+12 0.00062 
   82   82    1    1    1    1    1    1    1    1  5.98276E+12 0.00073 
   83   83    1    1    1    1    1    1    1    1  4.63659E+12 0.00070 
   84   84    1    1    1    1    1    1    1    1  4.31559E+12 0.00093 
   85   85    1    1    1    1    1    1    1    1  3.10917E+12 0.00115 
   86   86    1    1    1    1    1    1    1    1  2.24296E+12 0.00117 
   87   87    1    1    1    1    1    1    1    1  2.10109E+12 0.00124 
   88   88    1    1    1    1    1    1    1    1  1.30539E+12 0.00192 
   89   89    1    1    1    1    1    1    1    1  8.81642E+11 0.00172 
   90   90    1    1    1    1    1    1    1    1  5.11765E+11 0.00271 
   91   91    1    1    1    1    1    1    1    1  6.50438E+11 0.00231 
   92   92    1    1    1    1    1    1    1    1  0.00000E+00 0.00000 
   93   93    1    1    1    1    1    1    1    1  0.00000E+00 0.00000 
   94   94    1    1    1    1    1    1    1    1  0.00000E+00 0.00000 
   95   95    1    1    1    1    1    1    1    1  0.00000E+00 0.00000 
   96   96    1    1    1    1    1    1    1    1  0.00000E+00 0.00000 
   97   97    1    1    1    1    1    1    1    1  0.00000E+00 0.00000 
   98   98    1    1    1    1    1    1    1    1  0.00000E+00 0.00000 
   99   99    1    1    1    1    1    1    1    1  0.00000E+00 0.00000 
  100  100    1    1    1    1    1    1    1    1  0.00000E+00 0.00000 
];


