
DETdpaspec = [
    1    1    1    1    1    1    1    1    1    1  0.00000E+00 0.00000 
    2    2    1    1    1    1    1    1    1    1  0.00000E+00 0.00000 
    3    3    1    1    1    1    1    1    1    1  0.00000E+00 0.00000 
    4    4    1    1    1    1    1    1    1    1  0.00000E+00 0.00000 
    5    5    1    1    1    1    1    1    1    1  0.00000E+00 0.00000 
    6    6    1    1    1    1    1    1    1    1  0.00000E+00 0.00000 
    7    7    1    1    1    1    1    1    1    1  0.00000E+00 0.00000 
    8    8    1    1    1    1    1    1    1    1  0.00000E+00 0.00000 
    9    9    1    1    1    1    1    1    1    1  0.00000E+00 0.00000 
   10   10    1    1    1    1    1    1    1    1  0.00000E+00 0.00000 
   11   11    1    1    1    1    1    1    1    1  0.00000E+00 0.00000 
   12   12    1    1    1    1    1    1    1    1  0.00000E+00 0.00000 
   13   13    1    1    1    1    1    1    1    1  0.00000E+00 0.00000 
   14   14    1    1    1    1    1    1    1    1  0.00000E+00 0.00000 
   15   15    1    1    1    1    1    1    1    1  0.00000E+00 0.00000 
   16   16    1    1    1    1    1    1    1    1  0.00000E+00 0.00000 
   17   17    1    1    1    1    1    1    1    1  0.00000E+00 0.00000 
   18   18    1    1    1    1    1    1    1    1  0.00000E+00 0.00000 
   19   19    1    1    1    1    1    1    1    1  3.78104E+09 0.03318 
   20   20    1    1    1    1    1    1    1    1  6.69892E+08 0.04943 
   21   21    1    1    1    1    1    1    1    1  1.88188E+09 0.04020 
   22   22    1    1    1    1    1    1    1    1  1.90488E+09 0.02546 
   23   23    1    1    1    1    1    1    1    1  6.52246E+09 0.01904 
   24   24    1    1    1    1    1    1    1    1  1.92770E+10 0.01040 
   25   25    1    1    1    1    1    1    1    1  4.89066E+10 0.00622 
   26   26    1    1    1    1    1    1    1    1  8.44113E+10 0.00500 
   27   27    1    1    1    1    1    1    1    1  1.76815E+11 0.00395 
   28   28    1    1    1    1    1    1    1    1  3.34113E+11 0.00307 
   29   29    1    1    1    1    1    1    1    1  6.94727E+11 0.00195 
   30   30    1    1    1    1    1    1    1    1  9.53807E+11 0.00157 
   31   31    1    1    1    1    1    1    1    1  1.84146E+12 0.00113 
   32   32    1    1    1    1    1    1    1    1  3.70373E+12 0.00094 
   33   33    1    1    1    1    1    1    1    1  4.80966E+12 0.00090 
   34   34    1    1    1    1    1    1    1    1  8.57041E+12 0.00059 
   35   35    1    1    1    1    1    1    1    1  9.35221E+12 0.00059 
   36   36    1    1    1    1    1    1    1    1  1.19346E+13 0.00037 
   37   37    1    1    1    1    1    1    1    1  9.97722E+12 0.00043 
   38   38    1    1    1    1    1    1    1    1  3.06841E+12 0.00041 
   39   39    1    1    1    1    1    1    1    1  1.38739E+13 0.00037 
   40   40    1    1    1    1    1    1    1    1  1.58669E+13 0.00034 
   41   41    1    1    1    1    1    1    1    1  2.61427E+13 0.00030 
   42   42    1    1    1    1    1    1    1    1  2.39147E+13 0.00029 
   43   43    1    1    1    1    1    1    1    1  4.03163E+13 0.00021 
   44   44    1    1    1    1    1    1    1    1  4.18175E+13 0.00022 
   45   45    1    1    1    1    1    1    1    1  5.21066E+13 0.00028 
   46   46    1    1    1    1    1    1    1    1  8.62785E+13 0.00020 
   47   47    1    1    1    1    1    1    1    1  4.88992E+13 0.00019 
   48   48    1    1    1    1    1    1    1    1  6.47638E+13 0.00016 
   49   49    1    1    1    1    1    1    1    1  9.03447E+13 0.00019 
   50   50    1    1    1    1    1    1    1    1  7.78752E+13 0.00021 
   51   51    1    1    1    1    1    1    1    1  1.19517E+14 0.00013 
   52   52    1    1    1    1    1    1    1    1  9.27067E+13 0.00018 
   53   53    1    1    1    1    1    1    1    1  1.03363E+14 0.00017 
   54   54    1    1    1    1    1    1    1    1  7.47800E+13 0.00017 
   55   55    1    1    1    1    1    1    1    1  9.09692E+13 0.00018 
   56   56    1    1    1    1    1    1    1    1  6.58693E+13 0.00017 
   57   57    1    1    1    1    1    1    1    1  9.15213E+12 0.00035 
   58   58    1    1    1    1    1    1    1    1  1.25819E+14 0.00017 
   59   59    1    1    1    1    1    1    1    1  5.54795E+13 0.00021 
   60   60    1    1    1    1    1    1    1    1  6.07218E+13 0.00023 
   61   61    1    1    1    1    1    1    1    1  4.95092E+13 0.00021 
   62   62    1    1    1    1    1    1    1    1  4.95585E+13 0.00024 
   63   63    1    1    1    1    1    1    1    1  4.88110E+13 0.00024 
   64   64    1    1    1    1    1    1    1    1  4.07548E+13 0.00028 
   65   65    1    1    1    1    1    1    1    1  3.18641E+13 0.00032 
   66   66    1    1    1    1    1    1    1    1  3.06827E+13 0.00034 
   67   67    1    1    1    1    1    1    1    1  2.61696E+13 0.00034 
   68   68    1    1    1    1    1    1    1    1  2.16376E+13 0.00031 
   69   69    1    1    1    1    1    1    1    1  1.88392E+13 0.00048 
   70   70    1    1    1    1    1    1    1    1  2.31185E+13 0.00048 
   71   71    1    1    1    1    1    1    1    1  1.99213E+13 0.00051 
   72   72    1    1    1    1    1    1    1    1  3.73147E+13 0.00030 
   73   73    1    1    1    1    1    1    1    1  2.75577E+13 0.00042 
   74   74    1    1    1    1    1    1    1    1  2.16655E+13 0.00042 
   75   75    1    1    1    1    1    1    1    1  1.77697E+13 0.00048 
   76   76    1    1    1    1    1    1    1    1  1.46056E+13 0.00054 
   77   77    1    1    1    1    1    1    1    1  1.67127E+13 0.00049 
   78   78    1    1    1    1    1    1    1    1  1.30834E+13 0.00048 
   79   79    1    1    1    1    1    1    1    1  9.96777E+12 0.00065 
   80   80    1    1    1    1    1    1    1    1  1.03683E+13 0.00057 
   81   81    1    1    1    1    1    1    1    1  7.80073E+12 0.00071 
   82   82    1    1    1    1    1    1    1    1  6.06366E+12 0.00076 
   83   83    1    1    1    1    1    1    1    1  4.69883E+12 0.00094 
   84   84    1    1    1    1    1    1    1    1  4.39947E+12 0.00094 
   85   85    1    1    1    1    1    1    1    1  3.15995E+12 0.00096 
   86   86    1    1    1    1    1    1    1    1  2.27635E+12 0.00129 
   87   87    1    1    1    1    1    1    1    1  2.14157E+12 0.00150 
   88   88    1    1    1    1    1    1    1    1  1.32073E+12 0.00178 
   89   89    1    1    1    1    1    1    1    1  8.91760E+11 0.00209 
   90   90    1    1    1    1    1    1    1    1  5.17948E+11 0.00244 
   91   91    1    1    1    1    1    1    1    1  6.55265E+11 0.00282 
   92   92    1    1    1    1    1    1    1    1  0.00000E+00 0.00000 
   93   93    1    1    1    1    1    1    1    1  0.00000E+00 0.00000 
   94   94    1    1    1    1    1    1    1    1  0.00000E+00 0.00000 
   95   95    1    1    1    1    1    1    1    1  0.00000E+00 0.00000 
   96   96    1    1    1    1    1    1    1    1  0.00000E+00 0.00000 
   97   97    1    1    1    1    1    1    1    1  0.00000E+00 0.00000 
   98   98    1    1    1    1    1    1    1    1  0.00000E+00 0.00000 
   99   99    1    1    1    1    1    1    1    1  0.00000E+00 0.00000 
  100  100    1    1    1    1    1    1    1    1  0.00000E+00 0.00000 
];


