
DETdpaspec = [
    1    1    1    1    1    1    1    1    1    1  0.00000E+00 0.00000 
    2    2    1    1    1    1    1    1    1    1  0.00000E+00 0.00000 
    3    3    1    1    1    1    1    1    1    1  0.00000E+00 0.00000 
    4    4    1    1    1    1    1    1    1    1  0.00000E+00 0.00000 
    5    5    1    1    1    1    1    1    1    1  0.00000E+00 0.00000 
    6    6    1    1    1    1    1    1    1    1  0.00000E+00 0.00000 
    7    7    1    1    1    1    1    1    1    1  0.00000E+00 0.00000 
    8    8    1    1    1    1    1    1    1    1  0.00000E+00 0.00000 
    9    9    1    1    1    1    1    1    1    1  0.00000E+00 0.00000 
   10   10    1    1    1    1    1    1    1    1  0.00000E+00 0.00000 
   11   11    1    1    1    1    1    1    1    1  0.00000E+00 0.00000 
   12   12    1    1    1    1    1    1    1    1  0.00000E+00 0.00000 
   13   13    1    1    1    1    1    1    1    1  0.00000E+00 0.00000 
   14   14    1    1    1    1    1    1    1    1  0.00000E+00 0.00000 
   15   15    1    1    1    1    1    1    1    1  0.00000E+00 0.00000 
   16   16    1    1    1    1    1    1    1    1  0.00000E+00 0.00000 
   17   17    1    1    1    1    1    1    1    1  0.00000E+00 0.00000 
   18   18    1    1    1    1    1    1    1    1  0.00000E+00 0.00000 
   19   19    1    1    1    1    1    1    1    1  7.25130E+09 0.04781 
   20   20    1    1    1    1    1    1    1    1  5.27010E+09 0.02052 
   21   21    1    1    1    1    1    1    1    1  2.60431E+10 0.00975 
   22   22    1    1    1    1    1    1    1    1  5.68140E+10 0.00610 
   23   23    1    1    1    1    1    1    1    1  1.95564E+11 0.00352 
   24   24    1    1    1    1    1    1    1    1  4.84812E+11 0.00268 
   25   25    1    1    1    1    1    1    1    1  8.52716E+11 0.00151 
   26   26    1    1    1    1    1    1    1    1  1.06581E+12 0.00126 
   27   27    1    1    1    1    1    1    1    1  1.66115E+12 0.00129 
   28   28    1    1    1    1    1    1    1    1  2.33551E+12 0.00105 
   29   29    1    1    1    1    1    1    1    1  3.52451E+12 0.00086 
   30   30    1    1    1    1    1    1    1    1  4.22208E+12 0.00084 
   31   31    1    1    1    1    1    1    1    1  6.17527E+12 0.00060 
   32   32    1    1    1    1    1    1    1    1  9.53876E+12 0.00055 
   33   33    1    1    1    1    1    1    1    1  1.07409E+13 0.00047 
   34   34    1    1    1    1    1    1    1    1  1.64357E+13 0.00039 
   35   35    1    1    1    1    1    1    1    1  1.69911E+13 0.00039 
   36   36    1    1    1    1    1    1    1    1  1.84140E+13 0.00029 
   37   37    1    1    1    1    1    1    1    1  1.40379E+13 0.00027 
   38   38    1    1    1    1    1    1    1    1  4.11434E+12 0.00029 
   39   39    1    1    1    1    1    1    1    1  1.86649E+13 0.00026 
   40   40    1    1    1    1    1    1    1    1  2.06991E+13 0.00025 
   41   41    1    1    1    1    1    1    1    1  3.34424E+13 0.00024 
   42   42    1    1    1    1    1    1    1    1  2.90572E+13 0.00019 
   43   43    1    1    1    1    1    1    1    1  4.82454E+13 0.00022 
   44   44    1    1    1    1    1    1    1    1  4.87149E+13 0.00023 
   45   45    1    1    1    1    1    1    1    1  5.92239E+13 0.00020 
   46   46    1    1    1    1    1    1    1    1  9.53145E+13 0.00016 
   47   47    1    1    1    1    1    1    1    1  5.25195E+13 0.00015 
   48   48    1    1    1    1    1    1    1    1  6.80213E+13 0.00017 
   49   49    1    1    1    1    1    1    1    1  9.30822E+13 0.00013 
   50   50    1    1    1    1    1    1    1    1  7.81370E+13 0.00014 
   51   51    1    1    1    1    1    1    1    1  1.18811E+14 0.00014 
   52   52    1    1    1    1    1    1    1    1  8.96228E+13 0.00017 
   53   53    1    1    1    1    1    1    1    1  9.93676E+13 0.00015 
   54   54    1    1    1    1    1    1    1    1  7.07246E+13 0.00016 
   55   55    1    1    1    1    1    1    1    1  8.58752E+13 0.00017 
   56   56    1    1    1    1    1    1    1    1  6.14102E+13 0.00017 
   57   57    1    1    1    1    1    1    1    1  8.47564E+12 0.00036 
   58   58    1    1    1    1    1    1    1    1  1.15838E+14 0.00011 
   59   59    1    1    1    1    1    1    1    1  5.12210E+13 0.00022 
   60   60    1    1    1    1    1    1    1    1  5.51811E+13 0.00019 
   61   61    1    1    1    1    1    1    1    1  4.50890E+13 0.00024 
   62   62    1    1    1    1    1    1    1    1  4.48291E+13 0.00020 
   63   63    1    1    1    1    1    1    1    1  4.39647E+13 0.00027 
   64   64    1    1    1    1    1    1    1    1  3.64829E+13 0.00029 
   65   65    1    1    1    1    1    1    1    1  2.83388E+13 0.00026 
   66   66    1    1    1    1    1    1    1    1  2.69959E+13 0.00025 
   67   67    1    1    1    1    1    1    1    1  2.29461E+13 0.00032 
   68   68    1    1    1    1    1    1    1    1  1.87824E+13 0.00034 
   69   69    1    1    1    1    1    1    1    1  1.62533E+13 0.00040 
   70   70    1    1    1    1    1    1    1    1  1.98482E+13 0.00041 
   71   71    1    1    1    1    1    1    1    1  1.69409E+13 0.00045 
   72   72    1    1    1    1    1    1    1    1  3.09648E+13 0.00035 
   73   73    1    1    1    1    1    1    1    1  2.24890E+13 0.00046 
   74   74    1    1    1    1    1    1    1    1  1.75319E+13 0.00051 
   75   75    1    1    1    1    1    1    1    1  1.44434E+13 0.00030 
   76   76    1    1    1    1    1    1    1    1  1.19427E+13 0.00054 
   77   77    1    1    1    1    1    1    1    1  1.37397E+13 0.00050 
   78   78    1    1    1    1    1    1    1    1  1.08392E+13 0.00057 
   79   79    1    1    1    1    1    1    1    1  8.28703E+12 0.00053 
   80   80    1    1    1    1    1    1    1    1  8.64286E+12 0.00066 
   81   81    1    1    1    1    1    1    1    1  6.50565E+12 0.00060 
   82   82    1    1    1    1    1    1    1    1  5.05832E+12 0.00084 
   83   83    1    1    1    1    1    1    1    1  3.90649E+12 0.00077 
   84   84    1    1    1    1    1    1    1    1  3.64390E+12 0.00086 
   85   85    1    1    1    1    1    1    1    1  2.62158E+12 0.00112 
   86   86    1    1    1    1    1    1    1    1  1.89221E+12 0.00111 
   87   87    1    1    1    1    1    1    1    1  1.76721E+12 0.00153 
   88   88    1    1    1    1    1    1    1    1  1.07674E+12 0.00197 
   89   89    1    1    1    1    1    1    1    1  7.20649E+11 0.00232 
   90   90    1    1    1    1    1    1    1    1  4.11754E+11 0.00285 
   91   91    1    1    1    1    1    1    1    1  5.09455E+11 0.00215 
   92   92    1    1    1    1    1    1    1    1  0.00000E+00 0.00000 
   93   93    1    1    1    1    1    1    1    1  0.00000E+00 0.00000 
   94   94    1    1    1    1    1    1    1    1  0.00000E+00 0.00000 
   95   95    1    1    1    1    1    1    1    1  0.00000E+00 0.00000 
   96   96    1    1    1    1    1    1    1    1  0.00000E+00 0.00000 
   97   97    1    1    1    1    1    1    1    1  0.00000E+00 0.00000 
   98   98    1    1    1    1    1    1    1    1  0.00000E+00 0.00000 
   99   99    1    1    1    1    1    1    1    1  0.00000E+00 0.00000 
  100  100    1    1    1    1    1    1    1    1  0.00000E+00 0.00000 
];


