
DETdpaspec = [
    1    1    1    1    1    1    1    1    1    1  0.00000E+00 0.00000 
    2    2    1    1    1    1    1    1    1    1  0.00000E+00 0.00000 
    3    3    1    1    1    1    1    1    1    1  0.00000E+00 0.00000 
    4    4    1    1    1    1    1    1    1    1  0.00000E+00 0.00000 
    5    5    1    1    1    1    1    1    1    1  0.00000E+00 0.00000 
    6    6    1    1    1    1    1    1    1    1  0.00000E+00 0.00000 
    7    7    1    1    1    1    1    1    1    1  0.00000E+00 0.00000 
    8    8    1    1    1    1    1    1    1    1  0.00000E+00 0.00000 
    9    9    1    1    1    1    1    1    1    1  0.00000E+00 0.00000 
   10   10    1    1    1    1    1    1    1    1  0.00000E+00 0.00000 
   11   11    1    1    1    1    1    1    1    1  0.00000E+00 0.00000 
   12   12    1    1    1    1    1    1    1    1  0.00000E+00 0.00000 
   13   13    1    1    1    1    1    1    1    1  0.00000E+00 0.00000 
   14   14    1    1    1    1    1    1    1    1  0.00000E+00 0.00000 
   15   15    1    1    1    1    1    1    1    1  0.00000E+00 0.00000 
   16   16    1    1    1    1    1    1    1    1  0.00000E+00 0.00000 
   17   17    1    1    1    1    1    1    1    1  0.00000E+00 0.00000 
   18   18    1    1    1    1    1    1    1    1  0.00000E+00 0.00000 
   19   19    1    1    1    1    1    1    1    1  3.70970E+09 0.04489 
   20   20    1    1    1    1    1    1    1    1  6.89115E+08 0.05460 
   21   21    1    1    1    1    1    1    1    1  1.82211E+09 0.04566 
   22   22    1    1    1    1    1    1    1    1  1.91435E+09 0.03326 
   23   23    1    1    1    1    1    1    1    1  7.16399E+09 0.02038 
   24   24    1    1    1    1    1    1    1    1  2.26277E+10 0.00909 
   25   25    1    1    1    1    1    1    1    1  5.84458E+10 0.00614 
   26   26    1    1    1    1    1    1    1    1  9.94655E+10 0.00587 
   27   27    1    1    1    1    1    1    1    1  2.04537E+11 0.00331 
   28   28    1    1    1    1    1    1    1    1  3.80165E+11 0.00265 
   29   29    1    1    1    1    1    1    1    1  7.74805E+11 0.00183 
   30   30    1    1    1    1    1    1    1    1  1.06691E+12 0.00141 
   31   31    1    1    1    1    1    1    1    1  1.99250E+12 0.00117 
   32   32    1    1    1    1    1    1    1    1  3.94945E+12 0.00082 
   33   33    1    1    1    1    1    1    1    1  5.08052E+12 0.00076 
   34   34    1    1    1    1    1    1    1    1  8.95154E+12 0.00068 
   35   35    1    1    1    1    1    1    1    1  9.77595E+12 0.00060 
   36   36    1    1    1    1    1    1    1    1  1.22575E+13 0.00050 
   37   37    1    1    1    1    1    1    1    1  1.01803E+13 0.00043 
   38   38    1    1    1    1    1    1    1    1  3.11605E+12 0.00050 
   39   39    1    1    1    1    1    1    1    1  1.41067E+13 0.00047 
   40   40    1    1    1    1    1    1    1    1  1.61086E+13 0.00035 
   41   41    1    1    1    1    1    1    1    1  2.65201E+13 0.00032 
   42   42    1    1    1    1    1    1    1    1  2.41417E+13 0.00030 
   43   43    1    1    1    1    1    1    1    1  4.06975E+13 0.00029 
   44   44    1    1    1    1    1    1    1    1  4.21439E+13 0.00027 
   45   45    1    1    1    1    1    1    1    1  5.24851E+13 0.00027 
   46   46    1    1    1    1    1    1    1    1  8.67431E+13 0.00018 
   47   47    1    1    1    1    1    1    1    1  4.91148E+13 0.00019 
   48   48    1    1    1    1    1    1    1    1  6.48920E+13 0.00020 
   49   49    1    1    1    1    1    1    1    1  9.04860E+13 0.00014 
   50   50    1    1    1    1    1    1    1    1  7.77699E+13 0.00020 
   51   51    1    1    1    1    1    1    1    1  1.19447E+14 0.00016 
   52   52    1    1    1    1    1    1    1    1  9.24420E+13 0.00017 
   53   53    1    1    1    1    1    1    1    1  1.03092E+14 0.00016 
   54   54    1    1    1    1    1    1    1    1  7.45265E+13 0.00018 
   55   55    1    1    1    1    1    1    1    1  9.07324E+13 0.00017 
   56   56    1    1    1    1    1    1    1    1  6.56480E+13 0.00019 
   57   57    1    1    1    1    1    1    1    1  9.11527E+12 0.00030 
   58   58    1    1    1    1    1    1    1    1  1.25330E+14 0.00015 
   59   59    1    1    1    1    1    1    1    1  5.53694E+13 0.00024 
   60   60    1    1    1    1    1    1    1    1  6.04638E+13 0.00022 
   61   61    1    1    1    1    1    1    1    1  4.93402E+13 0.00026 
   62   62    1    1    1    1    1    1    1    1  4.93762E+13 0.00022 
   63   63    1    1    1    1    1    1    1    1  4.86725E+13 0.00026 
   64   64    1    1    1    1    1    1    1    1  4.06102E+13 0.00026 
   65   65    1    1    1    1    1    1    1    1  3.17765E+13 0.00036 
   66   66    1    1    1    1    1    1    1    1  3.05243E+13 0.00035 
   67   67    1    1    1    1    1    1    1    1  2.60639E+13 0.00036 
   68   68    1    1    1    1    1    1    1    1  2.15063E+13 0.00030 
   69   69    1    1    1    1    1    1    1    1  1.87298E+13 0.00038 
   70   70    1    1    1    1    1    1    1    1  2.29788E+13 0.00050 
   71   71    1    1    1    1    1    1    1    1  1.97682E+13 0.00044 
   72   72    1    1    1    1    1    1    1    1  3.69706E+13 0.00027 
   73   73    1    1    1    1    1    1    1    1  2.72525E+13 0.00035 
   74   74    1    1    1    1    1    1    1    1  2.14085E+13 0.00043 
   75   75    1    1    1    1    1    1    1    1  1.75750E+13 0.00039 
   76   76    1    1    1    1    1    1    1    1  1.44628E+13 0.00037 
   77   77    1    1    1    1    1    1    1    1  1.65882E+13 0.00049 
   78   78    1    1    1    1    1    1    1    1  1.29990E+13 0.00048 
   79   79    1    1    1    1    1    1    1    1  9.91011E+12 0.00069 
   80   80    1    1    1    1    1    1    1    1  1.03197E+13 0.00056 
   81   81    1    1    1    1    1    1    1    1  7.78898E+12 0.00064 
   82   82    1    1    1    1    1    1    1    1  6.04299E+12 0.00082 
   83   83    1    1    1    1    1    1    1    1  4.68448E+12 0.00083 
   84   84    1    1    1    1    1    1    1    1  4.38469E+12 0.00087 
   85   85    1    1    1    1    1    1    1    1  3.16285E+12 0.00122 
   86   86    1    1    1    1    1    1    1    1  2.28202E+12 0.00143 
   87   87    1    1    1    1    1    1    1    1  2.14165E+12 0.00137 
   88   88    1    1    1    1    1    1    1    1  1.31894E+12 0.00165 
   89   89    1    1    1    1    1    1    1    1  8.90913E+11 0.00198 
   90   90    1    1    1    1    1    1    1    1  5.14999E+11 0.00250 
   91   91    1    1    1    1    1    1    1    1  6.52085E+11 0.00234 
   92   92    1    1    1    1    1    1    1    1  0.00000E+00 0.00000 
   93   93    1    1    1    1    1    1    1    1  0.00000E+00 0.00000 
   94   94    1    1    1    1    1    1    1    1  0.00000E+00 0.00000 
   95   95    1    1    1    1    1    1    1    1  0.00000E+00 0.00000 
   96   96    1    1    1    1    1    1    1    1  0.00000E+00 0.00000 
   97   97    1    1    1    1    1    1    1    1  0.00000E+00 0.00000 
   98   98    1    1    1    1    1    1    1    1  0.00000E+00 0.00000 
   99   99    1    1    1    1    1    1    1    1  0.00000E+00 0.00000 
  100  100    1    1    1    1    1    1    1    1  0.00000E+00 0.00000 
];


