
DETdpaspec = [
    1    1    1    1    1    1    1    1    1    1  0.00000E+00 0.00000 
    2    2    1    1    1    1    1    1    1    1  0.00000E+00 0.00000 
    3    3    1    1    1    1    1    1    1    1  0.00000E+00 0.00000 
    4    4    1    1    1    1    1    1    1    1  0.00000E+00 0.00000 
    5    5    1    1    1    1    1    1    1    1  0.00000E+00 0.00000 
    6    6    1    1    1    1    1    1    1    1  0.00000E+00 0.00000 
    7    7    1    1    1    1    1    1    1    1  0.00000E+00 0.00000 
    8    8    1    1    1    1    1    1    1    1  0.00000E+00 0.00000 
    9    9    1    1    1    1    1    1    1    1  0.00000E+00 0.00000 
   10   10    1    1    1    1    1    1    1    1  0.00000E+00 0.00000 
   11   11    1    1    1    1    1    1    1    1  0.00000E+00 0.00000 
   12   12    1    1    1    1    1    1    1    1  0.00000E+00 0.00000 
   13   13    1    1    1    1    1    1    1    1  0.00000E+00 0.00000 
   14   14    1    1    1    1    1    1    1    1  0.00000E+00 0.00000 
   15   15    1    1    1    1    1    1    1    1  0.00000E+00 0.00000 
   16   16    1    1    1    1    1    1    1    1  0.00000E+00 0.00000 
   17   17    1    1    1    1    1    1    1    1  0.00000E+00 0.00000 
   18   18    1    1    1    1    1    1    1    1  0.00000E+00 0.00000 
   19   19    1    1    1    1    1    1    1    1  3.84304E+09 0.05671 
   20   20    1    1    1    1    1    1    1    1  6.40550E+08 0.05716 
   21   21    1    1    1    1    1    1    1    1  1.86117E+09 0.04709 
   22   22    1    1    1    1    1    1    1    1  1.96900E+09 0.03107 
   23   23    1    1    1    1    1    1    1    1  6.93532E+09 0.01918 
   24   24    1    1    1    1    1    1    1    1  2.24349E+10 0.01247 
   25   25    1    1    1    1    1    1    1    1  5.63488E+10 0.00700 
   26   26    1    1    1    1    1    1    1    1  9.59778E+10 0.00643 
   27   27    1    1    1    1    1    1    1    1  1.99478E+11 0.00414 
   28   28    1    1    1    1    1    1    1    1  3.71523E+11 0.00311 
   29   29    1    1    1    1    1    1    1    1  7.60847E+11 0.00179 
   30   30    1    1    1    1    1    1    1    1  1.04563E+12 0.00178 
   31   31    1    1    1    1    1    1    1    1  1.96572E+12 0.00126 
   32   32    1    1    1    1    1    1    1    1  3.90357E+12 0.00090 
   33   33    1    1    1    1    1    1    1    1  5.03281E+12 0.00079 
   34   34    1    1    1    1    1    1    1    1  8.88298E+12 0.00052 
   35   35    1    1    1    1    1    1    1    1  9.70081E+12 0.00056 
   36   36    1    1    1    1    1    1    1    1  1.21949E+13 0.00048 
   37   37    1    1    1    1    1    1    1    1  1.01431E+13 0.00043 
   38   38    1    1    1    1    1    1    1    1  3.10525E+12 0.00046 
   39   39    1    1    1    1    1    1    1    1  1.40665E+13 0.00042 
   40   40    1    1    1    1    1    1    1    1  1.60620E+13 0.00040 
   41   41    1    1    1    1    1    1    1    1  2.64690E+13 0.00030 
   42   42    1    1    1    1    1    1    1    1  2.41056E+13 0.00030 
   43   43    1    1    1    1    1    1    1    1  4.06460E+13 0.00031 
   44   44    1    1    1    1    1    1    1    1  4.20848E+13 0.00025 
   45   45    1    1    1    1    1    1    1    1  5.24079E+13 0.00030 
   46   46    1    1    1    1    1    1    1    1  8.66560E+13 0.00021 
   47   47    1    1    1    1    1    1    1    1  4.90563E+13 0.00018 
   48   48    1    1    1    1    1    1    1    1  6.48636E+13 0.00016 
   49   49    1    1    1    1    1    1    1    1  9.04169E+13 0.00017 
   50   50    1    1    1    1    1    1    1    1  7.77680E+13 0.00013 
   51   51    1    1    1    1    1    1    1    1  1.19439E+14 0.00019 
   52   52    1    1    1    1    1    1    1    1  9.25117E+13 0.00015 
   53   53    1    1    1    1    1    1    1    1  1.03165E+14 0.00018 
   54   54    1    1    1    1    1    1    1    1  7.45866E+13 0.00016 
   55   55    1    1    1    1    1    1    1    1  9.07883E+13 0.00018 
   56   56    1    1    1    1    1    1    1    1  6.56714E+13 0.00020 
   57   57    1    1    1    1    1    1    1    1  9.11884E+12 0.00042 
   58   58    1    1    1    1    1    1    1    1  1.25393E+14 0.00016 
   59   59    1    1    1    1    1    1    1    1  5.53958E+13 0.00022 
   60   60    1    1    1    1    1    1    1    1  6.05145E+13 0.00023 
   61   61    1    1    1    1    1    1    1    1  4.94067E+13 0.00023 
   62   62    1    1    1    1    1    1    1    1  4.94220E+13 0.00021 
   63   63    1    1    1    1    1    1    1    1  4.86992E+13 0.00023 
   64   64    1    1    1    1    1    1    1    1  4.06337E+13 0.00025 
   65   65    1    1    1    1    1    1    1    1  3.17744E+13 0.00029 
   66   66    1    1    1    1    1    1    1    1  3.05628E+13 0.00030 
   67   67    1    1    1    1    1    1    1    1  2.60830E+13 0.00036 
   68   68    1    1    1    1    1    1    1    1  2.15330E+13 0.00036 
   69   69    1    1    1    1    1    1    1    1  1.87417E+13 0.00043 
   70   70    1    1    1    1    1    1    1    1  2.30104E+13 0.00034 
   71   71    1    1    1    1    1    1    1    1  1.98053E+13 0.00031 
   72   72    1    1    1    1    1    1    1    1  3.70269E+13 0.00033 
   73   73    1    1    1    1    1    1    1    1  2.72949E+13 0.00035 
   74   74    1    1    1    1    1    1    1    1  2.14458E+13 0.00049 
   75   75    1    1    1    1    1    1    1    1  1.76131E+13 0.00052 
   76   76    1    1    1    1    1    1    1    1  1.44885E+13 0.00039 
   77   77    1    1    1    1    1    1    1    1  1.66048E+13 0.00044 
   78   78    1    1    1    1    1    1    1    1  1.30180E+13 0.00058 
   79   79    1    1    1    1    1    1    1    1  9.91981E+12 0.00053 
   80   80    1    1    1    1    1    1    1    1  1.03436E+13 0.00057 
   81   81    1    1    1    1    1    1    1    1  7.78245E+12 0.00066 
   82   82    1    1    1    1    1    1    1    1  6.05322E+12 0.00073 
   83   83    1    1    1    1    1    1    1    1  4.69590E+12 0.00105 
   84   84    1    1    1    1    1    1    1    1  4.39447E+12 0.00092 
   85   85    1    1    1    1    1    1    1    1  3.16186E+12 0.00105 
   86   86    1    1    1    1    1    1    1    1  2.28117E+12 0.00130 
   87   87    1    1    1    1    1    1    1    1  2.13902E+12 0.00132 
   88   88    1    1    1    1    1    1    1    1  1.32279E+12 0.00183 
   89   89    1    1    1    1    1    1    1    1  8.90660E+11 0.00191 
   90   90    1    1    1    1    1    1    1    1  5.16560E+11 0.00303 
   91   91    1    1    1    1    1    1    1    1  6.50903E+11 0.00266 
   92   92    1    1    1    1    1    1    1    1  0.00000E+00 0.00000 
   93   93    1    1    1    1    1    1    1    1  0.00000E+00 0.00000 
   94   94    1    1    1    1    1    1    1    1  0.00000E+00 0.00000 
   95   95    1    1    1    1    1    1    1    1  0.00000E+00 0.00000 
   96   96    1    1    1    1    1    1    1    1  0.00000E+00 0.00000 
   97   97    1    1    1    1    1    1    1    1  0.00000E+00 0.00000 
   98   98    1    1    1    1    1    1    1    1  0.00000E+00 0.00000 
   99   99    1    1    1    1    1    1    1    1  0.00000E+00 0.00000 
  100  100    1    1    1    1    1    1    1    1  0.00000E+00 0.00000 
];


