
DETdpaspec = [
    1    1    1    1    1    1    1    1    1    1  0.00000E+00 0.00000 
    2    2    1    1    1    1    1    1    1    1  0.00000E+00 0.00000 
    3    3    1    1    1    1    1    1    1    1  0.00000E+00 0.00000 
    4    4    1    1    1    1    1    1    1    1  0.00000E+00 0.00000 
    5    5    1    1    1    1    1    1    1    1  0.00000E+00 0.00000 
    6    6    1    1    1    1    1    1    1    1  0.00000E+00 0.00000 
    7    7    1    1    1    1    1    1    1    1  0.00000E+00 0.00000 
    8    8    1    1    1    1    1    1    1    1  0.00000E+00 0.00000 
    9    9    1    1    1    1    1    1    1    1  0.00000E+00 0.00000 
   10   10    1    1    1    1    1    1    1    1  0.00000E+00 0.00000 
   11   11    1    1    1    1    1    1    1    1  0.00000E+00 0.00000 
   12   12    1    1    1    1    1    1    1    1  0.00000E+00 0.00000 
   13   13    1    1    1    1    1    1    1    1  0.00000E+00 0.00000 
   14   14    1    1    1    1    1    1    1    1  0.00000E+00 0.00000 
   15   15    1    1    1    1    1    1    1    1  0.00000E+00 0.00000 
   16   16    1    1    1    1    1    1    1    1  0.00000E+00 0.00000 
   17   17    1    1    1    1    1    1    1    1  0.00000E+00 0.00000 
   18   18    1    1    1    1    1    1    1    1  0.00000E+00 0.00000 
   19   19    1    1    1    1    1    1    1    1  6.04488E+09 0.02699 
   20   20    1    1    1    1    1    1    1    1  1.17264E+09 0.03527 
   21   21    1    1    1    1    1    1    1    1  3.64506E+09 0.02814 
   22   22    1    1    1    1    1    1    1    1  3.17989E+09 0.02273 
   23   23    1    1    1    1    1    1    1    1  8.64009E+09 0.01764 
   24   24    1    1    1    1    1    1    1    1  1.75293E+10 0.01258 
   25   25    1    1    1    1    1    1    1    1  3.68060E+10 0.00862 
   26   26    1    1    1    1    1    1    1    1  6.11414E+10 0.00630 
   27   27    1    1    1    1    1    1    1    1  1.30321E+11 0.00374 
   28   28    1    1    1    1    1    1    1    1  2.58474E+11 0.00308 
   29   29    1    1    1    1    1    1    1    1  5.41484E+11 0.00178 
   30   30    1    1    1    1    1    1    1    1  7.08731E+11 0.00158 
   31   31    1    1    1    1    1    1    1    1  1.55248E+12 0.00139 
   32   32    1    1    1    1    1    1    1    1  3.24233E+12 0.00085 
   33   33    1    1    1    1    1    1    1    1  4.32035E+12 0.00074 
   34   34    1    1    1    1    1    1    1    1  7.89520E+12 0.00060 
   35   35    1    1    1    1    1    1    1    1  8.39204E+12 0.00059 
   36   36    1    1    1    1    1    1    1    1  1.14599E+13 0.00040 
   37   37    1    1    1    1    1    1    1    1  9.78331E+12 0.00040 
   38   38    1    1    1    1    1    1    1    1  3.07335E+12 0.00039 
   39   39    1    1    1    1    1    1    1    1  1.36663E+13 0.00031 
   40   40    1    1    1    1    1    1    1    1  1.57147E+13 0.00036 
   41   41    1    1    1    1    1    1    1    1  2.56380E+13 0.00035 
   42   42    1    1    1    1    1    1    1    1  2.39210E+13 0.00032 
   43   43    1    1    1    1    1    1    1    1  4.00124E+13 0.00028 
   44   44    1    1    1    1    1    1    1    1  4.15823E+13 0.00028 
   45   45    1    1    1    1    1    1    1    1  5.18355E+13 0.00024 
   46   46    1    1    1    1    1    1    1    1  8.58642E+13 0.00016 
   47   47    1    1    1    1    1    1    1    1  4.86617E+13 0.00018 
   48   48    1    1    1    1    1    1    1    1  6.51034E+13 0.00015 
   49   49    1    1    1    1    1    1    1    1  9.06758E+13 0.00013 
   50   50    1    1    1    1    1    1    1    1  7.88817E+13 0.00017 
   51   51    1    1    1    1    1    1    1    1  1.20155E+14 0.00016 
   52   52    1    1    1    1    1    1    1    1  9.41015E+13 0.00020 
   53   53    1    1    1    1    1    1    1    1  1.04206E+14 0.00016 
   54   54    1    1    1    1    1    1    1    1  7.56583E+13 0.00019 
   55   55    1    1    1    1    1    1    1    1  9.12966E+13 0.00019 
   56   56    1    1    1    1    1    1    1    1  6.63082E+13 0.00021 
   57   57    1    1    1    1    1    1    1    1  9.24476E+12 0.00037 
   58   58    1    1    1    1    1    1    1    1  1.26848E+14 0.00018 
   59   59    1    1    1    1    1    1    1    1  5.53188E+13 0.00024 
   60   60    1    1    1    1    1    1    1    1  6.09756E+13 0.00022 
   61   61    1    1    1    1    1    1    1    1  4.92650E+13 0.00024 
   62   62    1    1    1    1    1    1    1    1  4.93921E+13 0.00020 
   63   63    1    1    1    1    1    1    1    1  4.85628E+13 0.00020 
   64   64    1    1    1    1    1    1    1    1  4.04686E+13 0.00029 
   65   65    1    1    1    1    1    1    1    1  3.16781E+13 0.00024 
   66   66    1    1    1    1    1    1    1    1  3.06060E+13 0.00027 
   67   67    1    1    1    1    1    1    1    1  2.60336E+13 0.00030 
   68   68    1    1    1    1    1    1    1    1  2.15923E+13 0.00033 
   69   69    1    1    1    1    1    1    1    1  1.88573E+13 0.00038 
   70   70    1    1    1    1    1    1    1    1  2.31228E+13 0.00040 
   71   71    1    1    1    1    1    1    1    1  1.99607E+13 0.00037 
   72   72    1    1    1    1    1    1    1    1  3.79409E+13 0.00033 
   73   73    1    1    1    1    1    1    1    1  2.81970E+13 0.00034 
   74   74    1    1    1    1    1    1    1    1  2.21748E+13 0.00048 
   75   75    1    1    1    1    1    1    1    1  1.80313E+13 0.00045 
   76   76    1    1    1    1    1    1    1    1  1.46843E+13 0.00049 
   77   77    1    1    1    1    1    1    1    1  1.66689E+13 0.00047 
   78   78    1    1    1    1    1    1    1    1  1.29233E+13 0.00053 
   79   79    1    1    1    1    1    1    1    1  9.77009E+12 0.00050 
   80   80    1    1    1    1    1    1    1    1  1.01109E+13 0.00052 
   81   81    1    1    1    1    1    1    1    1  7.57693E+12 0.00069 
   82   82    1    1    1    1    1    1    1    1  5.85866E+12 0.00081 
   83   83    1    1    1    1    1    1    1    1  4.54049E+12 0.00098 
   84   84    1    1    1    1    1    1    1    1  4.23609E+12 0.00098 
   85   85    1    1    1    1    1    1    1    1  3.04480E+12 0.00108 
   86   86    1    1    1    1    1    1    1    1  2.20000E+12 0.00122 
   87   87    1    1    1    1    1    1    1    1  2.05550E+12 0.00139 
   88   88    1    1    1    1    1    1    1    1  1.27455E+12 0.00174 
   89   89    1    1    1    1    1    1    1    1  8.65497E+11 0.00209 
   90   90    1    1    1    1    1    1    1    1  4.99447E+11 0.00293 
   91   91    1    1    1    1    1    1    1    1  6.41659E+11 0.00270 
   92   92    1    1    1    1    1    1    1    1  0.00000E+00 0.00000 
   93   93    1    1    1    1    1    1    1    1  0.00000E+00 0.00000 
   94   94    1    1    1    1    1    1    1    1  0.00000E+00 0.00000 
   95   95    1    1    1    1    1    1    1    1  0.00000E+00 0.00000 
   96   96    1    1    1    1    1    1    1    1  0.00000E+00 0.00000 
   97   97    1    1    1    1    1    1    1    1  0.00000E+00 0.00000 
   98   98    1    1    1    1    1    1    1    1  0.00000E+00 0.00000 
   99   99    1    1    1    1    1    1    1    1  0.00000E+00 0.00000 
  100  100    1    1    1    1    1    1    1    1  0.00000E+00 0.00000 
];


