
DETdpaspec = [
    1    1    1    1    1    1    1    1    1    1  0.00000E+00 0.00000 
    2    2    1    1    1    1    1    1    1    1  0.00000E+00 0.00000 
    3    3    1    1    1    1    1    1    1    1  0.00000E+00 0.00000 
    4    4    1    1    1    1    1    1    1    1  0.00000E+00 0.00000 
    5    5    1    1    1    1    1    1    1    1  0.00000E+00 0.00000 
    6    6    1    1    1    1    1    1    1    1  0.00000E+00 0.00000 
    7    7    1    1    1    1    1    1    1    1  0.00000E+00 0.00000 
    8    8    1    1    1    1    1    1    1    1  0.00000E+00 0.00000 
    9    9    1    1    1    1    1    1    1    1  0.00000E+00 0.00000 
   10   10    1    1    1    1    1    1    1    1  0.00000E+00 0.00000 
   11   11    1    1    1    1    1    1    1    1  0.00000E+00 0.00000 
   12   12    1    1    1    1    1    1    1    1  0.00000E+00 0.00000 
   13   13    1    1    1    1    1    1    1    1  0.00000E+00 0.00000 
   14   14    1    1    1    1    1    1    1    1  0.00000E+00 0.00000 
   15   15    1    1    1    1    1    1    1    1  0.00000E+00 0.00000 
   16   16    1    1    1    1    1    1    1    1  0.00000E+00 0.00000 
   17   17    1    1    1    1    1    1    1    1  0.00000E+00 0.00000 
   18   18    1    1    1    1    1    1    1    1  0.00000E+00 0.00000 
   19   19    1    1    1    1    1    1    1    1  4.18064E+09 0.03826 
   20   20    1    1    1    1    1    1    1    1  7.68933E+08 0.04848 
   21   21    1    1    1    1    1    1    1    1  2.19507E+09 0.03414 
   22   22    1    1    1    1    1    1    1    1  1.99061E+09 0.03022 
   23   23    1    1    1    1    1    1    1    1  6.36312E+09 0.01886 
   24   24    1    1    1    1    1    1    1    1  1.73791E+10 0.01051 
   25   25    1    1    1    1    1    1    1    1  4.29401E+10 0.00806 
   26   26    1    1    1    1    1    1    1    1  7.39533E+10 0.00561 
   27   27    1    1    1    1    1    1    1    1  1.58055E+11 0.00386 
   28   28    1    1    1    1    1    1    1    1  3.03669E+11 0.00315 
   29   29    1    1    1    1    1    1    1    1  6.37080E+11 0.00201 
   30   30    1    1    1    1    1    1    1    1  8.70237E+11 0.00190 
   31   31    1    1    1    1    1    1    1    1  1.73410E+12 0.00126 
   32   32    1    1    1    1    1    1    1    1  3.53570E+12 0.00100 
   33   33    1    1    1    1    1    1    1    1  4.62759E+12 0.00071 
   34   34    1    1    1    1    1    1    1    1  8.30996E+12 0.00055 
   35   35    1    1    1    1    1    1    1    1  9.03469E+12 0.00046 
   36   36    1    1    1    1    1    1    1    1  1.17020E+13 0.00053 
   37   37    1    1    1    1    1    1    1    1  9.84905E+12 0.00032 
   38   38    1    1    1    1    1    1    1    1  3.04403E+12 0.00029 
   39   39    1    1    1    1    1    1    1    1  1.37226E+13 0.00035 
   40   40    1    1    1    1    1    1    1    1  1.57153E+13 0.00026 
   41   41    1    1    1    1    1    1    1    1  2.58896E+13 0.00027 
   42   42    1    1    1    1    1    1    1    1  2.37667E+13 0.00026 
   43   43    1    1    1    1    1    1    1    1  4.00547E+13 0.00023 
   44   44    1    1    1    1    1    1    1    1  4.15844E+13 0.00022 
   45   45    1    1    1    1    1    1    1    1  5.18758E+13 0.00025 
   46   46    1    1    1    1    1    1    1    1  8.59604E+13 0.00020 
   47   47    1    1    1    1    1    1    1    1  4.87694E+13 0.00018 
   48   48    1    1    1    1    1    1    1    1  6.47486E+13 0.00020 
   49   49    1    1    1    1    1    1    1    1  9.03393E+13 0.00018 
   50   50    1    1    1    1    1    1    1    1  7.80114E+13 0.00016 
   51   51    1    1    1    1    1    1    1    1  1.19633E+14 0.00015 
   52   52    1    1    1    1    1    1    1    1  9.29963E+13 0.00015 
   53   53    1    1    1    1    1    1    1    1  1.03567E+14 0.00016 
   54   54    1    1    1    1    1    1    1    1  7.49783E+13 0.00019 
   55   55    1    1    1    1    1    1    1    1  9.11334E+13 0.00019 
   56   56    1    1    1    1    1    1    1    1  6.60361E+13 0.00020 
   57   57    1    1    1    1    1    1    1    1  9.17940E+12 0.00033 
   58   58    1    1    1    1    1    1    1    1  1.26219E+14 0.00015 
   59   59    1    1    1    1    1    1    1    1  5.55546E+13 0.00023 
   60   60    1    1    1    1    1    1    1    1  6.08857E+13 0.00019 
   61   61    1    1    1    1    1    1    1    1  4.95600E+13 0.00023 
   62   62    1    1    1    1    1    1    1    1  4.96541E+13 0.00023 
   63   63    1    1    1    1    1    1    1    1  4.88875E+13 0.00021 
   64   64    1    1    1    1    1    1    1    1  4.07798E+13 0.00030 
   65   65    1    1    1    1    1    1    1    1  3.19212E+13 0.00026 
   66   66    1    1    1    1    1    1    1    1  3.07418E+13 0.00033 
   67   67    1    1    1    1    1    1    1    1  2.62221E+13 0.00034 
   68   68    1    1    1    1    1    1    1    1  2.17039E+13 0.00038 
   69   69    1    1    1    1    1    1    1    1  1.89058E+13 0.00031 
   70   70    1    1    1    1    1    1    1    1  2.31912E+13 0.00041 
   71   71    1    1    1    1    1    1    1    1  1.99811E+13 0.00046 
   72   72    1    1    1    1    1    1    1    1  3.75735E+13 0.00032 
   73   73    1    1    1    1    1    1    1    1  2.77813E+13 0.00038 
   74   74    1    1    1    1    1    1    1    1  2.18584E+13 0.00036 
   75   75    1    1    1    1    1    1    1    1  1.78815E+13 0.00043 
   76   76    1    1    1    1    1    1    1    1  1.46714E+13 0.00045 
   77   77    1    1    1    1    1    1    1    1  1.67646E+13 0.00039 
   78   78    1    1    1    1    1    1    1    1  1.31040E+13 0.00048 
   79   79    1    1    1    1    1    1    1    1  9.97106E+12 0.00064 
   80   80    1    1    1    1    1    1    1    1  1.03607E+13 0.00052 
   81   81    1    1    1    1    1    1    1    1  7.80053E+12 0.00073 
   82   82    1    1    1    1    1    1    1    1  6.05483E+12 0.00070 
   83   83    1    1    1    1    1    1    1    1  4.69483E+12 0.00081 
   84   84    1    1    1    1    1    1    1    1  4.39355E+12 0.00096 
   85   85    1    1    1    1    1    1    1    1  3.15333E+12 0.00091 
   86   86    1    1    1    1    1    1    1    1  2.28183E+12 0.00099 
   87   87    1    1    1    1    1    1    1    1  2.13911E+12 0.00135 
   88   88    1    1    1    1    1    1    1    1  1.32099E+12 0.00180 
   89   89    1    1    1    1    1    1    1    1  8.93850E+11 0.00197 
   90   90    1    1    1    1    1    1    1    1  5.16657E+11 0.00248 
   91   91    1    1    1    1    1    1    1    1  6.58613E+11 0.00263 
   92   92    1    1    1    1    1    1    1    1  0.00000E+00 0.00000 
   93   93    1    1    1    1    1    1    1    1  0.00000E+00 0.00000 
   94   94    1    1    1    1    1    1    1    1  0.00000E+00 0.00000 
   95   95    1    1    1    1    1    1    1    1  0.00000E+00 0.00000 
   96   96    1    1    1    1    1    1    1    1  0.00000E+00 0.00000 
   97   97    1    1    1    1    1    1    1    1  0.00000E+00 0.00000 
   98   98    1    1    1    1    1    1    1    1  0.00000E+00 0.00000 
   99   99    1    1    1    1    1    1    1    1  0.00000E+00 0.00000 
  100  100    1    1    1    1    1    1    1    1  0.00000E+00 0.00000 
];


