
DETdpaspec = [
    1    1    1    1    1    1    1    1    1    1  0.00000E+00 0.00000 
    2    2    1    1    1    1    1    1    1    1  0.00000E+00 0.00000 
    3    3    1    1    1    1    1    1    1    1  0.00000E+00 0.00000 
    4    4    1    1    1    1    1    1    1    1  0.00000E+00 0.00000 
    5    5    1    1    1    1    1    1    1    1  0.00000E+00 0.00000 
    6    6    1    1    1    1    1    1    1    1  0.00000E+00 0.00000 
    7    7    1    1    1    1    1    1    1    1  0.00000E+00 0.00000 
    8    8    1    1    1    1    1    1    1    1  0.00000E+00 0.00000 
    9    9    1    1    1    1    1    1    1    1  0.00000E+00 0.00000 
   10   10    1    1    1    1    1    1    1    1  0.00000E+00 0.00000 
   11   11    1    1    1    1    1    1    1    1  0.00000E+00 0.00000 
   12   12    1    1    1    1    1    1    1    1  0.00000E+00 0.00000 
   13   13    1    1    1    1    1    1    1    1  0.00000E+00 0.00000 
   14   14    1    1    1    1    1    1    1    1  0.00000E+00 0.00000 
   15   15    1    1    1    1    1    1    1    1  0.00000E+00 0.00000 
   16   16    1    1    1    1    1    1    1    1  0.00000E+00 0.00000 
   17   17    1    1    1    1    1    1    1    1  0.00000E+00 0.00000 
   18   18    1    1    1    1    1    1    1    1  0.00000E+00 0.00000 
   19   19    1    1    1    1    1    1    1    1  6.20457E+09 0.02916 
   20   20    1    1    1    1    1    1    1    1  1.27667E+09 0.03211 
   21   21    1    1    1    1    1    1    1    1  3.58116E+09 0.02545 
   22   22    1    1    1    1    1    1    1    1  3.24370E+09 0.02576 
   23   23    1    1    1    1    1    1    1    1  8.88073E+09 0.01383 
   24   24    1    1    1    1    1    1    1    1  1.75394E+10 0.01013 
   25   25    1    1    1    1    1    1    1    1  3.67148E+10 0.00667 
   26   26    1    1    1    1    1    1    1    1  6.18621E+10 0.00561 
   27   27    1    1    1    1    1    1    1    1  1.30179E+11 0.00426 
   28   28    1    1    1    1    1    1    1    1  2.57561E+11 0.00359 
   29   29    1    1    1    1    1    1    1    1  5.40177E+11 0.00252 
   30   30    1    1    1    1    1    1    1    1  7.04489E+11 0.00245 
   31   31    1    1    1    1    1    1    1    1  1.54637E+12 0.00158 
   32   32    1    1    1    1    1    1    1    1  3.23532E+12 0.00117 
   33   33    1    1    1    1    1    1    1    1  4.30827E+12 0.00069 
   34   34    1    1    1    1    1    1    1    1  7.88224E+12 0.00066 
   35   35    1    1    1    1    1    1    1    1  8.36538E+12 0.00063 
   36   36    1    1    1    1    1    1    1    1  1.14486E+13 0.00048 
   37   37    1    1    1    1    1    1    1    1  9.79065E+12 0.00039 
   38   38    1    1    1    1    1    1    1    1  3.07668E+12 0.00042 
   39   39    1    1    1    1    1    1    1    1  1.36725E+13 0.00034 
   40   40    1    1    1    1    1    1    1    1  1.57246E+13 0.00044 
   41   41    1    1    1    1    1    1    1    1  2.56442E+13 0.00028 
   42   42    1    1    1    1    1    1    1    1  2.39429E+13 0.00031 
   43   43    1    1    1    1    1    1    1    1  4.00176E+13 0.00024 
   44   44    1    1    1    1    1    1    1    1  4.16041E+13 0.00026 
   45   45    1    1    1    1    1    1    1    1  5.18504E+13 0.00024 
   46   46    1    1    1    1    1    1    1    1  8.58954E+13 0.00018 
   47   47    1    1    1    1    1    1    1    1  4.86709E+13 0.00014 
   48   48    1    1    1    1    1    1    1    1  6.51279E+13 0.00020 
   49   49    1    1    1    1    1    1    1    1  9.06784E+13 0.00018 
   50   50    1    1    1    1    1    1    1    1  7.89458E+13 0.00018 
   51   51    1    1    1    1    1    1    1    1  1.20164E+14 0.00013 
   52   52    1    1    1    1    1    1    1    1  9.41344E+13 0.00017 
   53   53    1    1    1    1    1    1    1    1  1.04192E+14 0.00018 
   54   54    1    1    1    1    1    1    1    1  7.56671E+13 0.00015 
   55   55    1    1    1    1    1    1    1    1  9.12862E+13 0.00019 
   56   56    1    1    1    1    1    1    1    1  6.62887E+13 0.00014 
   57   57    1    1    1    1    1    1    1    1  9.23639E+12 0.00031 
   58   58    1    1    1    1    1    1    1    1  1.26867E+14 0.00015 
   59   59    1    1    1    1    1    1    1    1  5.52993E+13 0.00024 
   60   60    1    1    1    1    1    1    1    1  6.09485E+13 0.00021 
   61   61    1    1    1    1    1    1    1    1  4.92182E+13 0.00021 
   62   62    1    1    1    1    1    1    1    1  4.93830E+13 0.00017 
   63   63    1    1    1    1    1    1    1    1  4.85823E+13 0.00019 
   64   64    1    1    1    1    1    1    1    1  4.04672E+13 0.00029 
   65   65    1    1    1    1    1    1    1    1  3.16604E+13 0.00029 
   66   66    1    1    1    1    1    1    1    1  3.06041E+13 0.00028 
   67   67    1    1    1    1    1    1    1    1  2.60321E+13 0.00026 
   68   68    1    1    1    1    1    1    1    1  2.15973E+13 0.00037 
   69   69    1    1    1    1    1    1    1    1  1.88574E+13 0.00039 
   70   70    1    1    1    1    1    1    1    1  2.31365E+13 0.00036 
   71   71    1    1    1    1    1    1    1    1  1.99563E+13 0.00043 
   72   72    1    1    1    1    1    1    1    1  3.79401E+13 0.00028 
   73   73    1    1    1    1    1    1    1    1  2.82048E+13 0.00040 
   74   74    1    1    1    1    1    1    1    1  2.21753E+13 0.00046 
   75   75    1    1    1    1    1    1    1    1  1.80336E+13 0.00044 
   76   76    1    1    1    1    1    1    1    1  1.46790E+13 0.00056 
   77   77    1    1    1    1    1    1    1    1  1.66665E+13 0.00034 
   78   78    1    1    1    1    1    1    1    1  1.29121E+13 0.00042 
   79   79    1    1    1    1    1    1    1    1  9.75418E+12 0.00059 
   80   80    1    1    1    1    1    1    1    1  1.00937E+13 0.00060 
   81   81    1    1    1    1    1    1    1    1  7.56867E+12 0.00065 
   82   82    1    1    1    1    1    1    1    1  5.85937E+12 0.00081 
   83   83    1    1    1    1    1    1    1    1  4.52976E+12 0.00081 
   84   84    1    1    1    1    1    1    1    1  4.23701E+12 0.00099 
   85   85    1    1    1    1    1    1    1    1  3.03839E+12 0.00121 
   86   86    1    1    1    1    1    1    1    1  2.19616E+12 0.00126 
   87   87    1    1    1    1    1    1    1    1  2.05249E+12 0.00133 
   88   88    1    1    1    1    1    1    1    1  1.27834E+12 0.00170 
   89   89    1    1    1    1    1    1    1    1  8.64315E+11 0.00198 
   90   90    1    1    1    1    1    1    1    1  5.00363E+11 0.00253 
   91   91    1    1    1    1    1    1    1    1  6.38171E+11 0.00248 
   92   92    1    1    1    1    1    1    1    1  0.00000E+00 0.00000 
   93   93    1    1    1    1    1    1    1    1  0.00000E+00 0.00000 
   94   94    1    1    1    1    1    1    1    1  0.00000E+00 0.00000 
   95   95    1    1    1    1    1    1    1    1  0.00000E+00 0.00000 
   96   96    1    1    1    1    1    1    1    1  0.00000E+00 0.00000 
   97   97    1    1    1    1    1    1    1    1  0.00000E+00 0.00000 
   98   98    1    1    1    1    1    1    1    1  0.00000E+00 0.00000 
   99   99    1    1    1    1    1    1    1    1  0.00000E+00 0.00000 
  100  100    1    1    1    1    1    1    1    1  0.00000E+00 0.00000 
];


