
DETdpaspec = [
    1    1    1    1    1    1    1    1    1    1  0.00000E+00 0.00000 
    2    2    1    1    1    1    1    1    1    1  0.00000E+00 0.00000 
    3    3    1    1    1    1    1    1    1    1  0.00000E+00 0.00000 
    4    4    1    1    1    1    1    1    1    1  0.00000E+00 0.00000 
    5    5    1    1    1    1    1    1    1    1  0.00000E+00 0.00000 
    6    6    1    1    1    1    1    1    1    1  0.00000E+00 0.00000 
    7    7    1    1    1    1    1    1    1    1  0.00000E+00 0.00000 
    8    8    1    1    1    1    1    1    1    1  0.00000E+00 0.00000 
    9    9    1    1    1    1    1    1    1    1  0.00000E+00 0.00000 
   10   10    1    1    1    1    1    1    1    1  0.00000E+00 0.00000 
   11   11    1    1    1    1    1    1    1    1  0.00000E+00 0.00000 
   12   12    1    1    1    1    1    1    1    1  0.00000E+00 0.00000 
   13   13    1    1    1    1    1    1    1    1  0.00000E+00 0.00000 
   14   14    1    1    1    1    1    1    1    1  0.00000E+00 0.00000 
   15   15    1    1    1    1    1    1    1    1  0.00000E+00 0.00000 
   16   16    1    1    1    1    1    1    1    1  0.00000E+00 0.00000 
   17   17    1    1    1    1    1    1    1    1  0.00000E+00 0.00000 
   18   18    1    1    1    1    1    1    1    1  0.00000E+00 0.00000 
   19   19    1    1    1    1    1    1    1    1  5.41032E+09 0.02841 
   20   20    1    1    1    1    1    1    1    1  1.08410E+09 0.03852 
   21   21    1    1    1    1    1    1    1    1  3.09431E+09 0.02972 
   22   22    1    1    1    1    1    1    1    1  2.93984E+09 0.02457 
   23   23    1    1    1    1    1    1    1    1  7.90205E+09 0.01275 
   24   24    1    1    1    1    1    1    1    1  1.67806E+10 0.01207 
   25   25    1    1    1    1    1    1    1    1  3.66444E+10 0.00673 
   26   26    1    1    1    1    1    1    1    1  6.10976E+10 0.00501 
   27   27    1    1    1    1    1    1    1    1  1.30798E+11 0.00396 
   28   28    1    1    1    1    1    1    1    1  2.58203E+11 0.00338 
   29   29    1    1    1    1    1    1    1    1  5.41888E+11 0.00224 
   30   30    1    1    1    1    1    1    1    1  7.18737E+11 0.00184 
   31   31    1    1    1    1    1    1    1    1  1.55490E+12 0.00132 
   32   32    1    1    1    1    1    1    1    1  3.24437E+12 0.00110 
   33   33    1    1    1    1    1    1    1    1  4.31331E+12 0.00093 
   34   34    1    1    1    1    1    1    1    1  7.88934E+12 0.00058 
   35   35    1    1    1    1    1    1    1    1  8.41783E+12 0.00052 
   36   36    1    1    1    1    1    1    1    1  1.14106E+13 0.00049 
   37   37    1    1    1    1    1    1    1    1  9.73546E+12 0.00046 
   38   38    1    1    1    1    1    1    1    1  3.05196E+12 0.00038 
   39   39    1    1    1    1    1    1    1    1  1.36044E+13 0.00032 
   40   40    1    1    1    1    1    1    1    1  1.56366E+13 0.00044 
   41   41    1    1    1    1    1    1    1    1  2.55829E+13 0.00032 
   42   42    1    1    1    1    1    1    1    1  2.38239E+13 0.00028 
   43   43    1    1    1    1    1    1    1    1  3.99136E+13 0.00029 
   44   44    1    1    1    1    1    1    1    1  4.14867E+13 0.00028 
   45   45    1    1    1    1    1    1    1    1  5.17521E+13 0.00023 
   46   46    1    1    1    1    1    1    1    1  8.57806E+13 0.00023 
   47   47    1    1    1    1    1    1    1    1  4.86463E+13 0.00022 
   48   48    1    1    1    1    1    1    1    1  6.49843E+13 0.00019 
   49   49    1    1    1    1    1    1    1    1  9.05945E+13 0.00019 
   50   50    1    1    1    1    1    1    1    1  7.87173E+13 0.00015 
   51   51    1    1    1    1    1    1    1    1  1.20035E+14 0.00016 
   52   52    1    1    1    1    1    1    1    1  9.39358E+13 0.00017 
   53   53    1    1    1    1    1    1    1    1  1.04137E+14 0.00015 
   54   54    1    1    1    1    1    1    1    1  7.55527E+13 0.00019 
   55   55    1    1    1    1    1    1    1    1  9.13172E+13 0.00023 
   56   56    1    1    1    1    1    1    1    1  6.62836E+13 0.00018 
   57   57    1    1    1    1    1    1    1    1  9.24199E+12 0.00043 
   58   58    1    1    1    1    1    1    1    1  1.26817E+14 0.00016 
   59   59    1    1    1    1    1    1    1    1  5.53922E+13 0.00018 
   60   60    1    1    1    1    1    1    1    1  6.10235E+13 0.00022 
   61   61    1    1    1    1    1    1    1    1  4.93645E+13 0.00021 
   62   62    1    1    1    1    1    1    1    1  4.94784E+13 0.00023 
   63   63    1    1    1    1    1    1    1    1  4.86682E+13 0.00025 
   64   64    1    1    1    1    1    1    1    1  4.05825E+13 0.00027 
   65   65    1    1    1    1    1    1    1    1  3.17683E+13 0.00032 
   66   66    1    1    1    1    1    1    1    1  3.06826E+13 0.00030 
   67   67    1    1    1    1    1    1    1    1  2.61158E+13 0.00031 
   68   68    1    1    1    1    1    1    1    1  2.16499E+13 0.00034 
   69   69    1    1    1    1    1    1    1    1  1.89023E+13 0.00040 
   70   70    1    1    1    1    1    1    1    1  2.31843E+13 0.00040 
   71   71    1    1    1    1    1    1    1    1  2.00026E+13 0.00047 
   72   72    1    1    1    1    1    1    1    1  3.79623E+13 0.00036 
   73   73    1    1    1    1    1    1    1    1  2.82161E+13 0.00031 
   74   74    1    1    1    1    1    1    1    1  2.21765E+13 0.00048 
   75   75    1    1    1    1    1    1    1    1  1.80401E+13 0.00046 
   76   76    1    1    1    1    1    1    1    1  1.47165E+13 0.00051 
   77   77    1    1    1    1    1    1    1    1  1.67329E+13 0.00052 
   78   78    1    1    1    1    1    1    1    1  1.29960E+13 0.00046 
   79   79    1    1    1    1    1    1    1    1  9.83935E+12 0.00053 
   80   80    1    1    1    1    1    1    1    1  1.01758E+13 0.00048 
   81   81    1    1    1    1    1    1    1    1  7.63453E+12 0.00067 
   82   82    1    1    1    1    1    1    1    1  5.91403E+12 0.00086 
   83   83    1    1    1    1    1    1    1    1  4.57720E+12 0.00083 
   84   84    1    1    1    1    1    1    1    1  4.27129E+12 0.00106 
   85   85    1    1    1    1    1    1    1    1  3.07942E+12 0.00095 
   86   86    1    1    1    1    1    1    1    1  2.21349E+12 0.00144 
   87   87    1    1    1    1    1    1    1    1  2.07788E+12 0.00134 
   88   88    1    1    1    1    1    1    1    1  1.28980E+12 0.00146 
   89   89    1    1    1    1    1    1    1    1  8.74832E+11 0.00207 
   90   90    1    1    1    1    1    1    1    1  5.06600E+11 0.00275 
   91   91    1    1    1    1    1    1    1    1  6.44009E+11 0.00262 
   92   92    1    1    1    1    1    1    1    1  0.00000E+00 0.00000 
   93   93    1    1    1    1    1    1    1    1  0.00000E+00 0.00000 
   94   94    1    1    1    1    1    1    1    1  0.00000E+00 0.00000 
   95   95    1    1    1    1    1    1    1    1  0.00000E+00 0.00000 
   96   96    1    1    1    1    1    1    1    1  0.00000E+00 0.00000 
   97   97    1    1    1    1    1    1    1    1  0.00000E+00 0.00000 
   98   98    1    1    1    1    1    1    1    1  0.00000E+00 0.00000 
   99   99    1    1    1    1    1    1    1    1  0.00000E+00 0.00000 
  100  100    1    1    1    1    1    1    1    1  0.00000E+00 0.00000 
];


