
DETdpaspec = [
    1    1    1    1    1    1    1    1    1    1  0.00000E+00 0.00000 
    2    2    1    1    1    1    1    1    1    1  0.00000E+00 0.00000 
    3    3    1    1    1    1    1    1    1    1  0.00000E+00 0.00000 
    4    4    1    1    1    1    1    1    1    1  0.00000E+00 0.00000 
    5    5    1    1    1    1    1    1    1    1  0.00000E+00 0.00000 
    6    6    1    1    1    1    1    1    1    1  0.00000E+00 0.00000 
    7    7    1    1    1    1    1    1    1    1  0.00000E+00 0.00000 
    8    8    1    1    1    1    1    1    1    1  0.00000E+00 0.00000 
    9    9    1    1    1    1    1    1    1    1  0.00000E+00 0.00000 
   10   10    1    1    1    1    1    1    1    1  0.00000E+00 0.00000 
   11   11    1    1    1    1    1    1    1    1  0.00000E+00 0.00000 
   12   12    1    1    1    1    1    1    1    1  0.00000E+00 0.00000 
   13   13    1    1    1    1    1    1    1    1  0.00000E+00 0.00000 
   14   14    1    1    1    1    1    1    1    1  0.00000E+00 0.00000 
   15   15    1    1    1    1    1    1    1    1  0.00000E+00 0.00000 
   16   16    1    1    1    1    1    1    1    1  0.00000E+00 0.00000 
   17   17    1    1    1    1    1    1    1    1  0.00000E+00 0.00000 
   18   18    1    1    1    1    1    1    1    1  0.00000E+00 0.00000 
   19   19    1    1    1    1    1    1    1    1  3.16606E+09 0.06763 
   20   20    1    1    1    1    1    1    1    1  5.39215E+08 0.06428 
   21   21    1    1    1    1    1    1    1    1  2.00841E+09 0.04161 
   22   22    1    1    1    1    1    1    1    1  3.80093E+09 0.02467 
   23   23    1    1    1    1    1    1    1    1  1.76813E+10 0.01152 
   24   24    1    1    1    1    1    1    1    1  6.28286E+10 0.00735 
   25   25    1    1    1    1    1    1    1    1  1.48809E+11 0.00390 
   26   26    1    1    1    1    1    1    1    1  2.32773E+11 0.00399 
   27   27    1    1    1    1    1    1    1    1  4.33186E+11 0.00242 
   28   28    1    1    1    1    1    1    1    1  7.22631E+11 0.00172 
   29   29    1    1    1    1    1    1    1    1  1.34074E+12 0.00169 
   30   30    1    1    1    1    1    1    1    1  1.79042E+12 0.00129 
   31   31    1    1    1    1    1    1    1    1  2.97915E+12 0.00095 
   32   32    1    1    1    1    1    1    1    1  5.43557E+12 0.00098 
   33   33    1    1    1    1    1    1    1    1  6.65807E+12 0.00077 
   34   34    1    1    1    1    1    1    1    1  1.11166E+13 0.00063 
   35   35    1    1    1    1    1    1    1    1  1.20405E+13 0.00049 
   36   36    1    1    1    1    1    1    1    1  1.41582E+13 0.00044 
   37   37    1    1    1    1    1    1    1    1  1.13789E+13 0.00038 
   38   38    1    1    1    1    1    1    1    1  3.41590E+12 0.00047 
   39   39    1    1    1    1    1    1    1    1  1.55379E+13 0.00038 
   40   40    1    1    1    1    1    1    1    1  1.75414E+13 0.00041 
   41   41    1    1    1    1    1    1    1    1  2.87708E+13 0.00033 
   42   42    1    1    1    1    1    1    1    1  2.56782E+13 0.00031 
   43   43    1    1    1    1    1    1    1    1  4.31502E+13 0.00025 
   44   44    1    1    1    1    1    1    1    1  4.42927E+13 0.00031 
   45   45    1    1    1    1    1    1    1    1  5.47087E+13 0.00019 
   46   46    1    1    1    1    1    1    1    1  8.96300E+13 0.00019 
   47   47    1    1    1    1    1    1    1    1  5.03200E+13 0.00015 
   48   48    1    1    1    1    1    1    1    1  6.59064E+13 0.00018 
   49   49    1    1    1    1    1    1    1    1  9.13816E+13 0.00013 
   50   50    1    1    1    1    1    1    1    1  7.78033E+13 0.00016 
   51   51    1    1    1    1    1    1    1    1  1.19357E+14 0.00013 
   52   52    1    1    1    1    1    1    1    1  9.14543E+13 0.00017 
   53   53    1    1    1    1    1    1    1    1  1.01973E+14 0.00014 
   54   54    1    1    1    1    1    1    1    1  7.33079E+13 0.00013 
   55   55    1    1    1    1    1    1    1    1  8.93567E+13 0.00017 
   56   56    1    1    1    1    1    1    1    1  6.43897E+13 0.00019 
   57   57    1    1    1    1    1    1    1    1  8.91338E+12 0.00042 
   58   58    1    1    1    1    1    1    1    1  1.22442E+14 0.00014 
   59   59    1    1    1    1    1    1    1    1  5.42598E+13 0.00021 
   60   60    1    1    1    1    1    1    1    1  5.89235E+13 0.00018 
   61   61    1    1    1    1    1    1    1    1  4.82115E+13 0.00023 
   62   62    1    1    1    1    1    1    1    1  4.81125E+13 0.00026 
   63   63    1    1    1    1    1    1    1    1  4.73563E+13 0.00023 
   64   64    1    1    1    1    1    1    1    1  3.94738E+13 0.00031 
   65   65    1    1    1    1    1    1    1    1  3.08108E+13 0.00035 
   66   66    1    1    1    1    1    1    1    1  2.95208E+13 0.00028 
   67   67    1    1    1    1    1    1    1    1  2.51661E+13 0.00034 
   68   68    1    1    1    1    1    1    1    1  2.06899E+13 0.00037 
   69   69    1    1    1    1    1    1    1    1  1.79745E+13 0.00042 
   70   70    1    1    1    1    1    1    1    1  2.20317E+13 0.00040 
   71   71    1    1    1    1    1    1    1    1  1.88816E+13 0.00041 
   72   72    1    1    1    1    1    1    1    1  3.49649E+13 0.00038 
   73   73    1    1    1    1    1    1    1    1  2.56187E+13 0.00042 
   74   74    1    1    1    1    1    1    1    1  2.00920E+13 0.00053 
   75   75    1    1    1    1    1    1    1    1  1.65516E+13 0.00046 
   76   76    1    1    1    1    1    1    1    1  1.36593E+13 0.00054 
   77   77    1    1    1    1    1    1    1    1  1.57061E+13 0.00043 
   78   78    1    1    1    1    1    1    1    1  1.23723E+13 0.00055 
   79   79    1    1    1    1    1    1    1    1  9.45710E+12 0.00054 
   80   80    1    1    1    1    1    1    1    1  9.88490E+12 0.00057 
   81   81    1    1    1    1    1    1    1    1  7.44731E+12 0.00058 
   82   82    1    1    1    1    1    1    1    1  5.79103E+12 0.00077 
   83   83    1    1    1    1    1    1    1    1  4.49976E+12 0.00097 
   84   84    1    1    1    1    1    1    1    1  4.20492E+12 0.00097 
   85   85    1    1    1    1    1    1    1    1  3.02831E+12 0.00092 
   86   86    1    1    1    1    1    1    1    1  2.18731E+12 0.00114 
   87   87    1    1    1    1    1    1    1    1  2.04954E+12 0.00151 
   88   88    1    1    1    1    1    1    1    1  1.25940E+12 0.00157 
   89   89    1    1    1    1    1    1    1    1  8.48457E+11 0.00222 
   90   90    1    1    1    1    1    1    1    1  4.90071E+11 0.00255 
   91   91    1    1    1    1    1    1    1    1  6.17299E+11 0.00298 
   92   92    1    1    1    1    1    1    1    1  0.00000E+00 0.00000 
   93   93    1    1    1    1    1    1    1    1  0.00000E+00 0.00000 
   94   94    1    1    1    1    1    1    1    1  0.00000E+00 0.00000 
   95   95    1    1    1    1    1    1    1    1  0.00000E+00 0.00000 
   96   96    1    1    1    1    1    1    1    1  0.00000E+00 0.00000 
   97   97    1    1    1    1    1    1    1    1  0.00000E+00 0.00000 
   98   98    1    1    1    1    1    1    1    1  0.00000E+00 0.00000 
   99   99    1    1    1    1    1    1    1    1  0.00000E+00 0.00000 
  100  100    1    1    1    1    1    1    1    1  0.00000E+00 0.00000 
];


