
DETdpaspec = [
    1    1    1    1    1    1    1    1    1    1  0.00000E+00 0.00000 
    2    2    1    1    1    1    1    1    1    1  0.00000E+00 0.00000 
    3    3    1    1    1    1    1    1    1    1  0.00000E+00 0.00000 
    4    4    1    1    1    1    1    1    1    1  0.00000E+00 0.00000 
    5    5    1    1    1    1    1    1    1    1  0.00000E+00 0.00000 
    6    6    1    1    1    1    1    1    1    1  0.00000E+00 0.00000 
    7    7    1    1    1    1    1    1    1    1  0.00000E+00 0.00000 
    8    8    1    1    1    1    1    1    1    1  0.00000E+00 0.00000 
    9    9    1    1    1    1    1    1    1    1  0.00000E+00 0.00000 
   10   10    1    1    1    1    1    1    1    1  0.00000E+00 0.00000 
   11   11    1    1    1    1    1    1    1    1  0.00000E+00 0.00000 
   12   12    1    1    1    1    1    1    1    1  0.00000E+00 0.00000 
   13   13    1    1    1    1    1    1    1    1  0.00000E+00 0.00000 
   14   14    1    1    1    1    1    1    1    1  0.00000E+00 0.00000 
   15   15    1    1    1    1    1    1    1    1  0.00000E+00 0.00000 
   16   16    1    1    1    1    1    1    1    1  0.00000E+00 0.00000 
   17   17    1    1    1    1    1    1    1    1  0.00000E+00 0.00000 
   18   18    1    1    1    1    1    1    1    1  0.00000E+00 0.00000 
   19   19    1    1    1    1    1    1    1    1  6.83170E+08 0.15231 
   20   20    1    1    1    1    1    1    1    1  1.07048E+08 0.11190 
   21   21    1    1    1    1    1    1    1    1  3.22353E+08 0.11276 
   22   22    1    1    1    1    1    1    1    1  6.92610E+08 0.05541 
   23   23    1    1    1    1    1    1    1    1  2.69822E+09 0.02779 
   24   24    1    1    1    1    1    1    1    1  1.33861E+10 0.01825 
   25   25    1    1    1    1    1    1    1    1  4.20310E+10 0.00929 
   26   26    1    1    1    1    1    1    1    1  6.64585E+10 0.00541 
   27   27    1    1    1    1    1    1    1    1  1.35831E+11 0.00400 
   28   28    1    1    1    1    1    1    1    1  2.56483E+11 0.00369 
   29   29    1    1    1    1    1    1    1    1  4.73226E+11 0.00264 
   30   30    1    1    1    1    1    1    1    1  7.13743E+11 0.00223 
   31   31    1    1    1    1    1    1    1    1  1.31670E+12 0.00160 
   32   32    1    1    1    1    1    1    1    1  2.57581E+12 0.00120 
   33   33    1    1    1    1    1    1    1    1  3.62855E+12 0.00121 
   34   34    1    1    1    1    1    1    1    1  6.88742E+12 0.00095 
   35   35    1    1    1    1    1    1    1    1  8.21886E+12 0.00071 
   36   36    1    1    1    1    1    1    1    1  8.24221E+12 0.00058 
   37   37    1    1    1    1    1    1    1    1  4.88235E+12 0.00061 
   38   38    1    1    1    1    1    1    1    1  1.41634E+12 0.00064 
   39   39    1    1    1    1    1    1    1    1  8.02618E+12 0.00058 
   40   40    1    1    1    1    1    1    1    1  1.04484E+13 0.00046 
   41   41    1    1    1    1    1    1    1    1  1.74837E+13 0.00043 
   42   42    1    1    1    1    1    1    1    1  1.64741E+13 0.00044 
   43   43    1    1    1    1    1    1    1    1  3.45502E+13 0.00023 
   44   44    1    1    1    1    1    1    1    1  4.01375E+13 0.00034 
   45   45    1    1    1    1    1    1    1    1  5.54085E+13 0.00020 
   46   46    1    1    1    1    1    1    1    1  1.04888E+14 0.00019 
   47   47    1    1    1    1    1    1    1    1  4.61052E+13 0.00012 
   48   48    1    1    1    1    1    1    1    1  7.15271E+13 0.00022 
   49   49    1    1    1    1    1    1    1    1  9.62094E+13 0.00017 
   50   50    1    1    1    1    1    1    1    1  9.11858E+13 0.00021 
   51   51    1    1    1    1    1    1    1    1  1.39044E+14 0.00012 
   52   52    1    1    1    1    1    1    1    1  1.04564E+14 0.00019 
   53   53    1    1    1    1    1    1    1    1  1.23440E+14 0.00018 
   54   54    1    1    1    1    1    1    1    1  8.29444E+13 0.00019 
   55   55    1    1    1    1    1    1    1    1  1.01564E+14 0.00016 
   56   56    1    1    1    1    1    1    1    1  6.84655E+13 0.00015 
   57   57    1    1    1    1    1    1    1    1  9.18208E+12 0.00032 
   58   58    1    1    1    1    1    1    1    1  1.32759E+14 0.00014 
   59   59    1    1    1    1    1    1    1    1  5.96520E+13 0.00017 
   60   60    1    1    1    1    1    1    1    1  6.18862E+13 0.00018 
   61   61    1    1    1    1    1    1    1    1  4.84135E+13 0.00027 
   62   62    1    1    1    1    1    1    1    1  4.78927E+13 0.00023 
   63   63    1    1    1    1    1    1    1    1  4.93543E+13 0.00022 
   64   64    1    1    1    1    1    1    1    1  4.10454E+13 0.00032 
   65   65    1    1    1    1    1    1    1    1  3.21131E+13 0.00027 
   66   66    1    1    1    1    1    1    1    1  3.14191E+13 0.00030 
   67   67    1    1    1    1    1    1    1    1  2.24694E+13 0.00042 
   68   68    1    1    1    1    1    1    1    1  1.80574E+13 0.00047 
   69   69    1    1    1    1    1    1    1    1  1.60373E+13 0.00040 
   70   70    1    1    1    1    1    1    1    1  1.90873E+13 0.00035 
   71   71    1    1    1    1    1    1    1    1  1.60057E+13 0.00048 
   72   72    1    1    1    1    1    1    1    1  2.80795E+13 0.00030 
   73   73    1    1    1    1    1    1    1    1  1.94454E+13 0.00035 
   74   74    1    1    1    1    1    1    1    1  1.45340E+13 0.00048 
   75   75    1    1    1    1    1    1    1    1  1.17605E+13 0.00055 
   76   76    1    1    1    1    1    1    1    1  9.84375E+12 0.00048 
   77   77    1    1    1    1    1    1    1    1  1.14857E+13 0.00051 
   78   78    1    1    1    1    1    1    1    1  9.17653E+12 0.00058 
   79   79    1    1    1    1    1    1    1    1  7.34620E+12 0.00071 
   80   80    1    1    1    1    1    1    1    1  7.60327E+12 0.00053 
   81   81    1    1    1    1    1    1    1    1  5.63652E+12 0.00068 
   82   82    1    1    1    1    1    1    1    1  4.33931E+12 0.00086 
   83   83    1    1    1    1    1    1    1    1  3.32347E+12 0.00081 
   84   84    1    1    1    1    1    1    1    1  3.10595E+12 0.00103 
   85   85    1    1    1    1    1    1    1    1  2.22180E+12 0.00118 
   86   86    1    1    1    1    1    1    1    1  1.60816E+12 0.00142 
   87   87    1    1    1    1    1    1    1    1  1.49146E+12 0.00139 
   88   88    1    1    1    1    1    1    1    1  9.08075E+11 0.00151 
   89   89    1    1    1    1    1    1    1    1  6.05385E+11 0.00198 
   90   90    1    1    1    1    1    1    1    1  3.45638E+11 0.00240 
   91   91    1    1    1    1    1    1    1    1  4.25627E+11 0.00342 
   92   92    1    1    1    1    1    1    1    1  0.00000E+00 0.00000 
   93   93    1    1    1    1    1    1    1    1  0.00000E+00 0.00000 
   94   94    1    1    1    1    1    1    1    1  0.00000E+00 0.00000 
   95   95    1    1    1    1    1    1    1    1  0.00000E+00 0.00000 
   96   96    1    1    1    1    1    1    1    1  0.00000E+00 0.00000 
   97   97    1    1    1    1    1    1    1    1  0.00000E+00 0.00000 
   98   98    1    1    1    1    1    1    1    1  0.00000E+00 0.00000 
   99   99    1    1    1    1    1    1    1    1  0.00000E+00 0.00000 
  100  100    1    1    1    1    1    1    1    1  0.00000E+00 0.00000 
];


