
DETdpaspec = [
    1    1    1    1    1    1    1    1    1    1  0.00000E+00 0.00000 
    2    2    1    1    1    1    1    1    1    1  0.00000E+00 0.00000 
    3    3    1    1    1    1    1    1    1    1  0.00000E+00 0.00000 
    4    4    1    1    1    1    1    1    1    1  0.00000E+00 0.00000 
    5    5    1    1    1    1    1    1    1    1  0.00000E+00 0.00000 
    6    6    1    1    1    1    1    1    1    1  0.00000E+00 0.00000 
    7    7    1    1    1    1    1    1    1    1  0.00000E+00 0.00000 
    8    8    1    1    1    1    1    1    1    1  0.00000E+00 0.00000 
    9    9    1    1    1    1    1    1    1    1  0.00000E+00 0.00000 
   10   10    1    1    1    1    1    1    1    1  0.00000E+00 0.00000 
   11   11    1    1    1    1    1    1    1    1  0.00000E+00 0.00000 
   12   12    1    1    1    1    1    1    1    1  0.00000E+00 0.00000 
   13   13    1    1    1    1    1    1    1    1  0.00000E+00 0.00000 
   14   14    1    1    1    1    1    1    1    1  0.00000E+00 0.00000 
   15   15    1    1    1    1    1    1    1    1  0.00000E+00 0.00000 
   16   16    1    1    1    1    1    1    1    1  0.00000E+00 0.00000 
   17   17    1    1    1    1    1    1    1    1  0.00000E+00 0.00000 
   18   18    1    1    1    1    1    1    1    1  0.00000E+00 0.00000 
   19   19    1    1    1    1    1    1    1    1  1.58152E+09 0.06230 
   20   20    1    1    1    1    1    1    1    1  2.45026E+08 0.07718 
   21   21    1    1    1    1    1    1    1    1  8.37989E+08 0.04902 
   22   22    1    1    1    1    1    1    1    1  6.08034E+08 0.05404 
   23   23    1    1    1    1    1    1    1    1  1.52898E+09 0.02685 
   24   24    1    1    1    1    1    1    1    1  2.19205E+09 0.03146 
   25   25    1    1    1    1    1    1    1    1  3.83388E+09 0.03011 
   26   26    1    1    1    1    1    1    1    1  4.85894E+09 0.02361 
   27   27    1    1    1    1    1    1    1    1  7.77077E+09 0.01613 
   28   28    1    1    1    1    1    1    1    1  1.49994E+10 0.01365 
   29   29    1    1    1    1    1    1    1    1  3.49677E+10 0.00819 
   30   30    1    1    1    1    1    1    1    1  5.87463E+10 0.00539 
   31   31    1    1    1    1    1    1    1    1  1.68293E+11 0.00435 
   32   32    1    1    1    1    1    1    1    1  5.19561E+11 0.00293 
   33   33    1    1    1    1    1    1    1    1  9.59618E+11 0.00251 
   34   34    1    1    1    1    1    1    1    1  2.25765E+12 0.00163 
   35   35    1    1    1    1    1    1    1    1  3.13428E+12 0.00126 
   36   36    1    1    1    1    1    1    1    1  4.13997E+12 0.00087 
   37   37    1    1    1    1    1    1    1    1  2.84521E+12 0.00085 
   38   38    1    1    1    1    1    1    1    1  8.74484E+11 0.00080 
   39   39    1    1    1    1    1    1    1    1  4.86348E+12 0.00069 
   40   40    1    1    1    1    1    1    1    1  6.53740E+12 0.00061 
   41   41    1    1    1    1    1    1    1    1  1.12354E+13 0.00055 
   42   42    1    1    1    1    1    1    1    1  1.13620E+13 0.00045 
   43   43    1    1    1    1    1    1    1    1  2.40092E+13 0.00048 
   44   44    1    1    1    1    1    1    1    1  2.89371E+13 0.00040 
   45   45    1    1    1    1    1    1    1    1  4.15794E+13 0.00032 
   46   46    1    1    1    1    1    1    1    1  8.24297E+13 0.00024 
   47   47    1    1    1    1    1    1    1    1  3.89081E+13 0.00025 
   48   48    1    1    1    1    1    1    1    1  6.23063E+13 0.00024 
   49   49    1    1    1    1    1    1    1    1  8.69992E+13 0.00021 
   50   50    1    1    1    1    1    1    1    1  8.54499E+13 0.00017 
   51   51    1    1    1    1    1    1    1    1  1.32979E+14 0.00013 
   52   52    1    1    1    1    1    1    1    1  1.05831E+14 0.00017 
   53   53    1    1    1    1    1    1    1    1  1.25198E+14 0.00014 
   54   54    1    1    1    1    1    1    1    1  8.71879E+13 0.00013 
   55   55    1    1    1    1    1    1    1    1  1.06422E+14 0.00014 
   56   56    1    1    1    1    1    1    1    1  7.33753E+13 0.00017 
   57   57    1    1    1    1    1    1    1    1  9.98709E+12 0.00034 
   58   58    1    1    1    1    1    1    1    1  1.45460E+14 0.00011 
   59   59    1    1    1    1    1    1    1    1  6.46279E+13 0.00017 
   60   60    1    1    1    1    1    1    1    1  6.87200E+13 0.00026 
   61   61    1    1    1    1    1    1    1    1  5.34130E+13 0.00027 
   62   62    1    1    1    1    1    1    1    1  5.35530E+13 0.00024 
   63   63    1    1    1    1    1    1    1    1  5.56096E+13 0.00022 
   64   64    1    1    1    1    1    1    1    1  4.67067E+13 0.00026 
   65   65    1    1    1    1    1    1    1    1  3.70985E+13 0.00030 
   66   66    1    1    1    1    1    1    1    1  3.67372E+13 0.00030 
   67   67    1    1    1    1    1    1    1    1  2.66465E+13 0.00035 
   68   68    1    1    1    1    1    1    1    1  2.17289E+13 0.00034 
   69   69    1    1    1    1    1    1    1    1  1.94695E+13 0.00043 
   70   70    1    1    1    1    1    1    1    1  2.34173E+13 0.00036 
   71   71    1    1    1    1    1    1    1    1  1.99436E+13 0.00062 
   72   72    1    1    1    1    1    1    1    1  3.63304E+13 0.00057 
   73   73    1    1    1    1    1    1    1    1  2.57507E+13 0.00047 
   74   74    1    1    1    1    1    1    1    1  1.94019E+13 0.00040 
   75   75    1    1    1    1    1    1    1    1  1.55796E+13 0.00036 
   76   76    1    1    1    1    1    1    1    1  1.28812E+13 0.00051 
   77   77    1    1    1    1    1    1    1    1  1.49025E+13 0.00062 
   78   78    1    1    1    1    1    1    1    1  1.17542E+13 0.00044 
   79   79    1    1    1    1    1    1    1    1  9.33857E+12 0.00058 
   80   80    1    1    1    1    1    1    1    1  9.62476E+12 0.00062 
   81   81    1    1    1    1    1    1    1    1  7.14562E+12 0.00058 
   82   82    1    1    1    1    1    1    1    1  5.50103E+12 0.00065 
   83   83    1    1    1    1    1    1    1    1  4.22413E+12 0.00079 
   84   84    1    1    1    1    1    1    1    1  3.94714E+12 0.00091 
   85   85    1    1    1    1    1    1    1    1  2.84597E+12 0.00128 
   86   86    1    1    1    1    1    1    1    1  2.05367E+12 0.00127 
   87   87    1    1    1    1    1    1    1    1  1.91890E+12 0.00142 
   88   88    1    1    1    1    1    1    1    1  1.18242E+12 0.00180 
   89   89    1    1    1    1    1    1    1    1  7.99703E+11 0.00188 
   90   90    1    1    1    1    1    1    1    1  4.64702E+11 0.00311 
   91   91    1    1    1    1    1    1    1    1  5.92430E+11 0.00300 
   92   92    1    1    1    1    1    1    1    1  0.00000E+00 0.00000 
   93   93    1    1    1    1    1    1    1    1  0.00000E+00 0.00000 
   94   94    1    1    1    1    1    1    1    1  0.00000E+00 0.00000 
   95   95    1    1    1    1    1    1    1    1  0.00000E+00 0.00000 
   96   96    1    1    1    1    1    1    1    1  0.00000E+00 0.00000 
   97   97    1    1    1    1    1    1    1    1  0.00000E+00 0.00000 
   98   98    1    1    1    1    1    1    1    1  0.00000E+00 0.00000 
   99   99    1    1    1    1    1    1    1    1  0.00000E+00 0.00000 
  100  100    1    1    1    1    1    1    1    1  0.00000E+00 0.00000 
];


