
DETdpaspec = [
    1    1    1    1    1    1    1    1    1    1  0.00000E+00 0.00000 
    2    2    1    1    1    1    1    1    1    1  0.00000E+00 0.00000 
    3    3    1    1    1    1    1    1    1    1  0.00000E+00 0.00000 
    4    4    1    1    1    1    1    1    1    1  0.00000E+00 0.00000 
    5    5    1    1    1    1    1    1    1    1  0.00000E+00 0.00000 
    6    6    1    1    1    1    1    1    1    1  0.00000E+00 0.00000 
    7    7    1    1    1    1    1    1    1    1  0.00000E+00 0.00000 
    8    8    1    1    1    1    1    1    1    1  0.00000E+00 0.00000 
    9    9    1    1    1    1    1    1    1    1  0.00000E+00 0.00000 
   10   10    1    1    1    1    1    1    1    1  0.00000E+00 0.00000 
   11   11    1    1    1    1    1    1    1    1  0.00000E+00 0.00000 
   12   12    1    1    1    1    1    1    1    1  0.00000E+00 0.00000 
   13   13    1    1    1    1    1    1    1    1  0.00000E+00 0.00000 
   14   14    1    1    1    1    1    1    1    1  0.00000E+00 0.00000 
   15   15    1    1    1    1    1    1    1    1  0.00000E+00 0.00000 
   16   16    1    1    1    1    1    1    1    1  0.00000E+00 0.00000 
   17   17    1    1    1    1    1    1    1    1  0.00000E+00 0.00000 
   18   18    1    1    1    1    1    1    1    1  0.00000E+00 0.00000 
   19   19    1    1    1    1    1    1    1    1  1.67420E+09 0.08094 
   20   20    1    1    1    1    1    1    1    1  2.55155E+08 0.04423 
   21   21    1    1    1    1    1    1    1    1  9.13869E+08 0.04667 
   22   22    1    1    1    1    1    1    1    1  7.34075E+08 0.04603 
   23   23    1    1    1    1    1    1    1    1  1.60143E+09 0.04248 
   24   24    1    1    1    1    1    1    1    1  2.45036E+09 0.03046 
   25   25    1    1    1    1    1    1    1    1  3.93601E+09 0.02580 
   26   26    1    1    1    1    1    1    1    1  5.04525E+09 0.01419 
   27   27    1    1    1    1    1    1    1    1  8.19467E+09 0.01796 
   28   28    1    1    1    1    1    1    1    1  1.56315E+10 0.01291 
   29   29    1    1    1    1    1    1    1    1  3.47713E+10 0.00756 
   30   30    1    1    1    1    1    1    1    1  5.74015E+10 0.00752 
   31   31    1    1    1    1    1    1    1    1  1.65734E+11 0.00391 
   32   32    1    1    1    1    1    1    1    1  5.11813E+11 0.00256 
   33   33    1    1    1    1    1    1    1    1  9.47554E+11 0.00212 
   34   34    1    1    1    1    1    1    1    1  2.23311E+12 0.00161 
   35   35    1    1    1    1    1    1    1    1  3.09426E+12 0.00137 
   36   36    1    1    1    1    1    1    1    1  4.12084E+12 0.00086 
   37   37    1    1    1    1    1    1    1    1  2.83826E+12 0.00069 
   38   38    1    1    1    1    1    1    1    1  8.74127E+11 0.00059 
   39   39    1    1    1    1    1    1    1    1  4.85800E+12 0.00070 
   40   40    1    1    1    1    1    1    1    1  6.53029E+12 0.00061 
   41   41    1    1    1    1    1    1    1    1  1.12137E+13 0.00058 
   42   42    1    1    1    1    1    1    1    1  1.13575E+13 0.00053 
   43   43    1    1    1    1    1    1    1    1  2.39854E+13 0.00039 
   44   44    1    1    1    1    1    1    1    1  2.89222E+13 0.00043 
   45   45    1    1    1    1    1    1    1    1  4.15601E+13 0.00038 
   46   46    1    1    1    1    1    1    1    1  8.22973E+13 0.00023 
   47   47    1    1    1    1    1    1    1    1  3.88809E+13 0.00021 
   48   48    1    1    1    1    1    1    1    1  6.22951E+13 0.00017 
   49   49    1    1    1    1    1    1    1    1  8.70248E+13 0.00019 
   50   50    1    1    1    1    1    1    1    1  8.55339E+13 0.00018 
   51   51    1    1    1    1    1    1    1    1  1.33010E+14 0.00013 
   52   52    1    1    1    1    1    1    1    1  1.05991E+14 0.00019 
   53   53    1    1    1    1    1    1    1    1  1.25277E+14 0.00017 
   54   54    1    1    1    1    1    1    1    1  8.72739E+13 0.00014 
   55   55    1    1    1    1    1    1    1    1  1.06411E+14 0.00017 
   56   56    1    1    1    1    1    1    1    1  7.33779E+13 0.00015 
   57   57    1    1    1    1    1    1    1    1  9.99556E+12 0.00029 
   58   58    1    1    1    1    1    1    1    1  1.45551E+14 0.00015 
   59   59    1    1    1    1    1    1    1    1  6.45556E+13 0.00020 
   60   60    1    1    1    1    1    1    1    1  6.87091E+13 0.00021 
   61   61    1    1    1    1    1    1    1    1  5.33557E+13 0.00018 
   62   62    1    1    1    1    1    1    1    1  5.35302E+13 0.00022 
   63   63    1    1    1    1    1    1    1    1  5.55560E+13 0.00026 
   64   64    1    1    1    1    1    1    1    1  4.66555E+13 0.00029 
   65   65    1    1    1    1    1    1    1    1  3.70434E+13 0.00020 
   66   66    1    1    1    1    1    1    1    1  3.67243E+13 0.00027 
   67   67    1    1    1    1    1    1    1    1  2.66524E+13 0.00032 
   68   68    1    1    1    1    1    1    1    1  2.17377E+13 0.00037 
   69   69    1    1    1    1    1    1    1    1  1.94925E+13 0.00035 
   70   70    1    1    1    1    1    1    1    1  2.34418E+13 0.00043 
   71   71    1    1    1    1    1    1    1    1  1.99570E+13 0.00046 
   72   72    1    1    1    1    1    1    1    1  3.64181E+13 0.00033 
   73   73    1    1    1    1    1    1    1    1  2.58049E+13 0.00044 
   74   74    1    1    1    1    1    1    1    1  1.94492E+13 0.00045 
   75   75    1    1    1    1    1    1    1    1  1.55844E+13 0.00052 
   76   76    1    1    1    1    1    1    1    1  1.28996E+13 0.00059 
   77   77    1    1    1    1    1    1    1    1  1.49154E+13 0.00040 
   78   78    1    1    1    1    1    1    1    1  1.17445E+13 0.00040 
   79   79    1    1    1    1    1    1    1    1  9.32193E+12 0.00047 
   80   80    1    1    1    1    1    1    1    1  9.61313E+12 0.00051 
   81   81    1    1    1    1    1    1    1    1  7.12193E+12 0.00072 
   82   82    1    1    1    1    1    1    1    1  5.47746E+12 0.00086 
   83   83    1    1    1    1    1    1    1    1  4.20706E+12 0.00091 
   84   84    1    1    1    1    1    1    1    1  3.94191E+12 0.00125 
   85   85    1    1    1    1    1    1    1    1  2.83727E+12 0.00110 
   86   86    1    1    1    1    1    1    1    1  2.04526E+12 0.00125 
   87   87    1    1    1    1    1    1    1    1  1.91074E+12 0.00140 
   88   88    1    1    1    1    1    1    1    1  1.17960E+12 0.00138 
   89   89    1    1    1    1    1    1    1    1  7.99461E+11 0.00228 
   90   90    1    1    1    1    1    1    1    1  4.61734E+11 0.00291 
   91   91    1    1    1    1    1    1    1    1  5.90862E+11 0.00330 
   92   92    1    1    1    1    1    1    1    1  0.00000E+00 0.00000 
   93   93    1    1    1    1    1    1    1    1  0.00000E+00 0.00000 
   94   94    1    1    1    1    1    1    1    1  0.00000E+00 0.00000 
   95   95    1    1    1    1    1    1    1    1  0.00000E+00 0.00000 
   96   96    1    1    1    1    1    1    1    1  0.00000E+00 0.00000 
   97   97    1    1    1    1    1    1    1    1  0.00000E+00 0.00000 
   98   98    1    1    1    1    1    1    1    1  0.00000E+00 0.00000 
   99   99    1    1    1    1    1    1    1    1  0.00000E+00 0.00000 
  100  100    1    1    1    1    1    1    1    1  0.00000E+00 0.00000 
];


