
DETdpaspec = [
    1    1    1    1    1    1    1    1    1    1  0.00000E+00 0.00000 
    2    2    1    1    1    1    1    1    1    1  0.00000E+00 0.00000 
    3    3    1    1    1    1    1    1    1    1  0.00000E+00 0.00000 
    4    4    1    1    1    1    1    1    1    1  0.00000E+00 0.00000 
    5    5    1    1    1    1    1    1    1    1  0.00000E+00 0.00000 
    6    6    1    1    1    1    1    1    1    1  0.00000E+00 0.00000 
    7    7    1    1    1    1    1    1    1    1  0.00000E+00 0.00000 
    8    8    1    1    1    1    1    1    1    1  0.00000E+00 0.00000 
    9    9    1    1    1    1    1    1    1    1  0.00000E+00 0.00000 
   10   10    1    1    1    1    1    1    1    1  0.00000E+00 0.00000 
   11   11    1    1    1    1    1    1    1    1  0.00000E+00 0.00000 
   12   12    1    1    1    1    1    1    1    1  0.00000E+00 0.00000 
   13   13    1    1    1    1    1    1    1    1  0.00000E+00 0.00000 
   14   14    1    1    1    1    1    1    1    1  0.00000E+00 0.00000 
   15   15    1    1    1    1    1    1    1    1  0.00000E+00 0.00000 
   16   16    1    1    1    1    1    1    1    1  0.00000E+00 0.00000 
   17   17    1    1    1    1    1    1    1    1  0.00000E+00 0.00000 
   18   18    1    1    1    1    1    1    1    1  0.00000E+00 0.00000 
   19   19    1    1    1    1    1    1    1    1  2.18662E+09 0.03276 
   20   20    1    1    1    1    1    1    1    1  3.75991E+08 0.04002 
   21   21    1    1    1    1    1    1    1    1  1.18733E+09 0.05449 
   22   22    1    1    1    1    1    1    1    1  9.33919E+08 0.03654 
   23   23    1    1    1    1    1    1    1    1  2.47813E+09 0.02223 
   24   24    1    1    1    1    1    1    1    1  3.53790E+09 0.01705 
   25   25    1    1    1    1    1    1    1    1  5.53882E+09 0.01963 
   26   26    1    1    1    1    1    1    1    1  6.87173E+09 0.01480 
   27   27    1    1    1    1    1    1    1    1  1.09246E+10 0.01150 
   28   28    1    1    1    1    1    1    1    1  1.97787E+10 0.00928 
   29   29    1    1    1    1    1    1    1    1  3.89469E+10 0.00688 
   30   30    1    1    1    1    1    1    1    1  5.75635E+10 0.00594 
   31   31    1    1    1    1    1    1    1    1  1.76319E+11 0.00348 
   32   32    1    1    1    1    1    1    1    1  5.35201E+11 0.00227 
   33   33    1    1    1    1    1    1    1    1  9.91664E+11 0.00176 
   34   34    1    1    1    1    1    1    1    1  2.24943E+12 0.00088 
   35   35    1    1    1    1    1    1    1    1  3.02755E+12 0.00067 
   36   36    1    1    1    1    1    1    1    1  4.28691E+12 0.00071 
   37   37    1    1    1    1    1    1    1    1  3.02423E+12 0.00061 
   38   38    1    1    1    1    1    1    1    1  9.51773E+11 0.00061 
   39   39    1    1    1    1    1    1    1    1  5.16140E+12 0.00057 
   40   40    1    1    1    1    1    1    1    1  6.90092E+12 0.00064 
   41   41    1    1    1    1    1    1    1    1  1.16575E+13 0.00055 
   42   42    1    1    1    1    1    1    1    1  1.19992E+13 0.00044 
   43   43    1    1    1    1    1    1    1    1  2.47716E+13 0.00040 
   44   44    1    1    1    1    1    1    1    1  2.96850E+13 0.00034 
   45   45    1    1    1    1    1    1    1    1  4.23434E+13 0.00032 
   46   46    1    1    1    1    1    1    1    1  8.24282E+13 0.00023 
   47   47    1    1    1    1    1    1    1    1  3.93117E+13 0.00021 
   48   48    1    1    1    1    1    1    1    1  6.32975E+13 0.00026 
   49   49    1    1    1    1    1    1    1    1  8.81760E+13 0.00018 
   50   50    1    1    1    1    1    1    1    1  8.70143E+13 0.00011 
   51   51    1    1    1    1    1    1    1    1  1.33796E+14 0.00017 
   52   52    1    1    1    1    1    1    1    1  1.08057E+14 0.00018 
   53   53    1    1    1    1    1    1    1    1  1.25700E+14 0.00014 
   54   54    1    1    1    1    1    1    1    1  8.80878E+13 0.00013 
   55   55    1    1    1    1    1    1    1    1  1.05809E+14 0.00015 
   56   56    1    1    1    1    1    1    1    1  7.33456E+13 0.00019 
   57   57    1    1    1    1    1    1    1    1  1.00468E+13 0.00036 
   58   58    1    1    1    1    1    1    1    1  1.45716E+14 0.00015 
   59   59    1    1    1    1    1    1    1    1  6.34261E+13 0.00025 
   60   60    1    1    1    1    1    1    1    1  6.80002E+13 0.00018 
   61   61    1    1    1    1    1    1    1    1  5.21596E+13 0.00018 
   62   62    1    1    1    1    1    1    1    1  5.25249E+13 0.00018 
   63   63    1    1    1    1    1    1    1    1  5.43622E+13 0.00020 
   64   64    1    1    1    1    1    1    1    1  4.55295E+13 0.00022 
   65   65    1    1    1    1    1    1    1    1  3.62407E+13 0.00026 
   66   66    1    1    1    1    1    1    1    1  3.59072E+13 0.00023 
   67   67    1    1    1    1    1    1    1    1  2.61202E+13 0.00028 
   68   68    1    1    1    1    1    1    1    1  2.14226E+13 0.00038 
   69   69    1    1    1    1    1    1    1    1  1.92490E+13 0.00033 
   70   70    1    1    1    1    1    1    1    1  2.31682E+13 0.00028 
   71   71    1    1    1    1    1    1    1    1  1.97918E+13 0.00040 
   72   72    1    1    1    1    1    1    1    1  3.66372E+13 0.00038 
   73   73    1    1    1    1    1    1    1    1  2.60882E+13 0.00034 
   74   74    1    1    1    1    1    1    1    1  1.96057E+13 0.00036 
   75   75    1    1    1    1    1    1    1    1  1.55682E+13 0.00041 
   76   76    1    1    1    1    1    1    1    1  1.27351E+13 0.00053 
   77   77    1    1    1    1    1    1    1    1  1.45661E+13 0.00044 
   78   78    1    1    1    1    1    1    1    1  1.13442E+13 0.00042 
   79   79    1    1    1    1    1    1    1    1  8.92089E+12 0.00053 
   80   80    1    1    1    1    1    1    1    1  9.13328E+12 0.00036 
   81   81    1    1    1    1    1    1    1    1  6.73321E+12 0.00068 
   82   82    1    1    1    1    1    1    1    1  5.17510E+12 0.00056 
   83   83    1    1    1    1    1    1    1    1  3.96469E+12 0.00074 
   84   84    1    1    1    1    1    1    1    1  3.70689E+12 0.00084 
   85   85    1    1    1    1    1    1    1    1  2.66062E+12 0.00122 
   86   86    1    1    1    1    1    1    1    1  1.91429E+12 0.00120 
   87   87    1    1    1    1    1    1    1    1  1.79253E+12 0.00113 
   88   88    1    1    1    1    1    1    1    1  1.10697E+12 0.00147 
   89   89    1    1    1    1    1    1    1    1  7.49346E+11 0.00248 
   90   90    1    1    1    1    1    1    1    1  4.37520E+11 0.00258 
   91   91    1    1    1    1    1    1    1    1  5.59479E+11 0.00257 
   92   92    1    1    1    1    1    1    1    1  0.00000E+00 0.00000 
   93   93    1    1    1    1    1    1    1    1  0.00000E+00 0.00000 
   94   94    1    1    1    1    1    1    1    1  0.00000E+00 0.00000 
   95   95    1    1    1    1    1    1    1    1  0.00000E+00 0.00000 
   96   96    1    1    1    1    1    1    1    1  0.00000E+00 0.00000 
   97   97    1    1    1    1    1    1    1    1  0.00000E+00 0.00000 
   98   98    1    1    1    1    1    1    1    1  0.00000E+00 0.00000 
   99   99    1    1    1    1    1    1    1    1  0.00000E+00 0.00000 
  100  100    1    1    1    1    1    1    1    1  0.00000E+00 0.00000 
];


