
DETdpaspec = [
    1    1    1    1    1    1    1    1    1    1  0.00000E+00 0.00000 
    2    2    1    1    1    1    1    1    1    1  0.00000E+00 0.00000 
    3    3    1    1    1    1    1    1    1    1  0.00000E+00 0.00000 
    4    4    1    1    1    1    1    1    1    1  0.00000E+00 0.00000 
    5    5    1    1    1    1    1    1    1    1  0.00000E+00 0.00000 
    6    6    1    1    1    1    1    1    1    1  0.00000E+00 0.00000 
    7    7    1    1    1    1    1    1    1    1  0.00000E+00 0.00000 
    8    8    1    1    1    1    1    1    1    1  0.00000E+00 0.00000 
    9    9    1    1    1    1    1    1    1    1  0.00000E+00 0.00000 
   10   10    1    1    1    1    1    1    1    1  0.00000E+00 0.00000 
   11   11    1    1    1    1    1    1    1    1  0.00000E+00 0.00000 
   12   12    1    1    1    1    1    1    1    1  0.00000E+00 0.00000 
   13   13    1    1    1    1    1    1    1    1  0.00000E+00 0.00000 
   14   14    1    1    1    1    1    1    1    1  0.00000E+00 0.00000 
   15   15    1    1    1    1    1    1    1    1  0.00000E+00 0.00000 
   16   16    1    1    1    1    1    1    1    1  0.00000E+00 0.00000 
   17   17    1    1    1    1    1    1    1    1  0.00000E+00 0.00000 
   18   18    1    1    1    1    1    1    1    1  0.00000E+00 0.00000 
   19   19    1    1    1    1    1    1    1    1  1.74527E+09 0.05867 
   20   20    1    1    1    1    1    1    1    1  2.45853E+08 0.07846 
   21   21    1    1    1    1    1    1    1    1  8.12991E+08 0.04733 
   22   22    1    1    1    1    1    1    1    1  5.87488E+08 0.04504 
   23   23    1    1    1    1    1    1    1    1  1.58371E+09 0.04031 
   24   24    1    1    1    1    1    1    1    1  2.31815E+09 0.03570 
   25   25    1    1    1    1    1    1    1    1  3.89301E+09 0.02461 
   26   26    1    1    1    1    1    1    1    1  4.90020E+09 0.01989 
   27   27    1    1    1    1    1    1    1    1  8.23841E+09 0.01445 
   28   28    1    1    1    1    1    1    1    1  1.53512E+10 0.01208 
   29   29    1    1    1    1    1    1    1    1  3.45843E+10 0.00780 
   30   30    1    1    1    1    1    1    1    1  5.77509E+10 0.00565 
   31   31    1    1    1    1    1    1    1    1  1.66250E+11 0.00499 
   32   32    1    1    1    1    1    1    1    1  5.14824E+11 0.00352 
   33   33    1    1    1    1    1    1    1    1  9.52960E+11 0.00234 
   34   34    1    1    1    1    1    1    1    1  2.23910E+12 0.00144 
   35   35    1    1    1    1    1    1    1    1  3.10936E+12 0.00098 
   36   36    1    1    1    1    1    1    1    1  4.12741E+12 0.00080 
   37   37    1    1    1    1    1    1    1    1  2.83996E+12 0.00059 
   38   38    1    1    1    1    1    1    1    1  8.74973E+11 0.00061 
   39   39    1    1    1    1    1    1    1    1  4.86067E+12 0.00053 
   40   40    1    1    1    1    1    1    1    1  6.53297E+12 0.00059 
   41   41    1    1    1    1    1    1    1    1  1.12262E+13 0.00050 
   42   42    1    1    1    1    1    1    1    1  1.13569E+13 0.00041 
   43   43    1    1    1    1    1    1    1    1  2.39847E+13 0.00034 
   44   44    1    1    1    1    1    1    1    1  2.89071E+13 0.00031 
   45   45    1    1    1    1    1    1    1    1  4.15234E+13 0.00023 
   46   46    1    1    1    1    1    1    1    1  8.22968E+13 0.00022 
   47   47    1    1    1    1    1    1    1    1  3.88711E+13 0.00018 
   48   48    1    1    1    1    1    1    1    1  6.22867E+13 0.00017 
   49   49    1    1    1    1    1    1    1    1  8.69529E+13 0.00016 
   50   50    1    1    1    1    1    1    1    1  8.55127E+13 0.00019 
   51   51    1    1    1    1    1    1    1    1  1.33020E+14 0.00016 
   52   52    1    1    1    1    1    1    1    1  1.05906E+14 0.00019 
   53   53    1    1    1    1    1    1    1    1  1.25239E+14 0.00013 
   54   54    1    1    1    1    1    1    1    1  8.72416E+13 0.00021 
   55   55    1    1    1    1    1    1    1    1  1.06442E+14 0.00016 
   56   56    1    1    1    1    1    1    1    1  7.34129E+13 0.00020 
   57   57    1    1    1    1    1    1    1    1  9.99159E+12 0.00037 
   58   58    1    1    1    1    1    1    1    1  1.45539E+14 0.00017 
   59   59    1    1    1    1    1    1    1    1  6.45662E+13 0.00017 
   60   60    1    1    1    1    1    1    1    1  6.87122E+13 0.00022 
   61   61    1    1    1    1    1    1    1    1  5.33737E+13 0.00023 
   62   62    1    1    1    1    1    1    1    1  5.35621E+13 0.00018 
   63   63    1    1    1    1    1    1    1    1  5.56067E+13 0.00024 
   64   64    1    1    1    1    1    1    1    1  4.66923E+13 0.00038 
   65   65    1    1    1    1    1    1    1    1  3.70806E+13 0.00028 
   66   66    1    1    1    1    1    1    1    1  3.67301E+13 0.00020 
   67   67    1    1    1    1    1    1    1    1  2.66610E+13 0.00027 
   68   68    1    1    1    1    1    1    1    1  2.17574E+13 0.00035 
   69   69    1    1    1    1    1    1    1    1  1.94898E+13 0.00040 
   70   70    1    1    1    1    1    1    1    1  2.34425E+13 0.00044 
   71   71    1    1    1    1    1    1    1    1  1.99542E+13 0.00061 
   72   72    1    1    1    1    1    1    1    1  3.63947E+13 0.00039 
   73   73    1    1    1    1    1    1    1    1  2.57793E+13 0.00034 
   74   74    1    1    1    1    1    1    1    1  1.94432E+13 0.00044 
   75   75    1    1    1    1    1    1    1    1  1.55865E+13 0.00042 
   76   76    1    1    1    1    1    1    1    1  1.28918E+13 0.00055 
   77   77    1    1    1    1    1    1    1    1  1.49117E+13 0.00034 
   78   78    1    1    1    1    1    1    1    1  1.17598E+13 0.00041 
   79   79    1    1    1    1    1    1    1    1  9.32598E+12 0.00051 
   80   80    1    1    1    1    1    1    1    1  9.61570E+12 0.00055 
   81   81    1    1    1    1    1    1    1    1  7.12491E+12 0.00067 
   82   82    1    1    1    1    1    1    1    1  5.48680E+12 0.00070 
   83   83    1    1    1    1    1    1    1    1  4.21003E+12 0.00096 
   84   84    1    1    1    1    1    1    1    1  3.93946E+12 0.00054 
   85   85    1    1    1    1    1    1    1    1  2.83818E+12 0.00115 
   86   86    1    1    1    1    1    1    1    1  2.04986E+12 0.00126 
   87   87    1    1    1    1    1    1    1    1  1.91843E+12 0.00100 
   88   88    1    1    1    1    1    1    1    1  1.18202E+12 0.00140 
   89   89    1    1    1    1    1    1    1    1  8.00727E+11 0.00193 
   90   90    1    1    1    1    1    1    1    1  4.61355E+11 0.00242 
   91   91    1    1    1    1    1    1    1    1  5.88976E+11 0.00262 
   92   92    1    1    1    1    1    1    1    1  0.00000E+00 0.00000 
   93   93    1    1    1    1    1    1    1    1  0.00000E+00 0.00000 
   94   94    1    1    1    1    1    1    1    1  0.00000E+00 0.00000 
   95   95    1    1    1    1    1    1    1    1  0.00000E+00 0.00000 
   96   96    1    1    1    1    1    1    1    1  0.00000E+00 0.00000 
   97   97    1    1    1    1    1    1    1    1  0.00000E+00 0.00000 
   98   98    1    1    1    1    1    1    1    1  0.00000E+00 0.00000 
   99   99    1    1    1    1    1    1    1    1  0.00000E+00 0.00000 
  100  100    1    1    1    1    1    1    1    1  0.00000E+00 0.00000 
];


