
DETdpaspec = [
    1    1    1    1    1    1    1    1    1    1  0.00000E+00 0.00000 
    2    2    1    1    1    1    1    1    1    1  0.00000E+00 0.00000 
    3    3    1    1    1    1    1    1    1    1  0.00000E+00 0.00000 
    4    4    1    1    1    1    1    1    1    1  0.00000E+00 0.00000 
    5    5    1    1    1    1    1    1    1    1  0.00000E+00 0.00000 
    6    6    1    1    1    1    1    1    1    1  0.00000E+00 0.00000 
    7    7    1    1    1    1    1    1    1    1  0.00000E+00 0.00000 
    8    8    1    1    1    1    1    1    1    1  0.00000E+00 0.00000 
    9    9    1    1    1    1    1    1    1    1  0.00000E+00 0.00000 
   10   10    1    1    1    1    1    1    1    1  0.00000E+00 0.00000 
   11   11    1    1    1    1    1    1    1    1  0.00000E+00 0.00000 
   12   12    1    1    1    1    1    1    1    1  0.00000E+00 0.00000 
   13   13    1    1    1    1    1    1    1    1  0.00000E+00 0.00000 
   14   14    1    1    1    1    1    1    1    1  0.00000E+00 0.00000 
   15   15    1    1    1    1    1    1    1    1  0.00000E+00 0.00000 
   16   16    1    1    1    1    1    1    1    1  0.00000E+00 0.00000 
   17   17    1    1    1    1    1    1    1    1  0.00000E+00 0.00000 
   18   18    1    1    1    1    1    1    1    1  0.00000E+00 0.00000 
   19   19    1    1    1    1    1    1    1    1  1.35266E+09 0.06130 
   20   20    1    1    1    1    1    1    1    1  2.48966E+08 0.08029 
   21   21    1    1    1    1    1    1    1    1  7.48956E+08 0.06733 
   22   22    1    1    1    1    1    1    1    1  5.55011E+08 0.07035 
   23   23    1    1    1    1    1    1    1    1  1.36848E+09 0.04606 
   24   24    1    1    1    1    1    1    1    1  2.28448E+09 0.03644 
   25   25    1    1    1    1    1    1    1    1  3.77649E+09 0.02583 
   26   26    1    1    1    1    1    1    1    1  4.82665E+09 0.01917 
   27   27    1    1    1    1    1    1    1    1  7.96313E+09 0.01904 
   28   28    1    1    1    1    1    1    1    1  1.55385E+10 0.01253 
   29   29    1    1    1    1    1    1    1    1  3.65851E+10 0.01048 
   30   30    1    1    1    1    1    1    1    1  6.32883E+10 0.00786 
   31   31    1    1    1    1    1    1    1    1  1.78094E+11 0.00464 
   32   32    1    1    1    1    1    1    1    1  5.42815E+11 0.00263 
   33   33    1    1    1    1    1    1    1    1  9.93680E+11 0.00184 
   34   34    1    1    1    1    1    1    1    1  2.33853E+12 0.00174 
   35   35    1    1    1    1    1    1    1    1  3.25414E+12 0.00119 
   36   36    1    1    1    1    1    1    1    1  4.21018E+12 0.00090 
   37   37    1    1    1    1    1    1    1    1  2.86074E+12 0.00085 
   38   38    1    1    1    1    1    1    1    1  8.75261E+11 0.00086 
   39   39    1    1    1    1    1    1    1    1  4.89380E+12 0.00077 
   40   40    1    1    1    1    1    1    1    1  6.58161E+12 0.00077 
   41   41    1    1    1    1    1    1    1    1  1.13260E+13 0.00068 
   42   42    1    1    1    1    1    1    1    1  1.13732E+13 0.00053 
   43   43    1    1    1    1    1    1    1    1  2.41409E+13 0.00045 
   44   44    1    1    1    1    1    1    1    1  2.91090E+13 0.00038 
   45   45    1    1    1    1    1    1    1    1  4.18179E+13 0.00038 
   46   46    1    1    1    1    1    1    1    1  8.30121E+13 0.00026 
   47   47    1    1    1    1    1    1    1    1  3.90329E+13 0.00026 
   48   48    1    1    1    1    1    1    1    1  6.23625E+13 0.00021 
   49   49    1    1    1    1    1    1    1    1  8.70103E+13 0.00021 
   50   50    1    1    1    1    1    1    1    1  8.53296E+13 0.00016 
   51   51    1    1    1    1    1    1    1    1  1.33034E+14 0.00012 
   52   52    1    1    1    1    1    1    1    1  1.05432E+14 0.00017 
   53   53    1    1    1    1    1    1    1    1  1.25142E+14 0.00016 
   54   54    1    1    1    1    1    1    1    1  8.69490E+13 0.00019 
   55   55    1    1    1    1    1    1    1    1  1.06448E+14 0.00021 
   56   56    1    1    1    1    1    1    1    1  7.32740E+13 0.00017 
   57   57    1    1    1    1    1    1    1    1  9.95840E+12 0.00042 
   58   58    1    1    1    1    1    1    1    1  1.45166E+14 0.00015 
   59   59    1    1    1    1    1    1    1    1  6.47245E+13 0.00023 
   60   60    1    1    1    1    1    1    1    1  6.86817E+13 0.00018 
   61   61    1    1    1    1    1    1    1    1  5.35177E+13 0.00021 
   62   62    1    1    1    1    1    1    1    1  5.35869E+13 0.00021 
   63   63    1    1    1    1    1    1    1    1  5.56748E+13 0.00025 
   64   64    1    1    1    1    1    1    1    1  4.67631E+13 0.00021 
   65   65    1    1    1    1    1    1    1    1  3.71235E+13 0.00023 
   66   66    1    1    1    1    1    1    1    1  3.67394E+13 0.00029 
   67   67    1    1    1    1    1    1    1    1  2.66369E+13 0.00038 
   68   68    1    1    1    1    1    1    1    1  2.16899E+13 0.00031 
   69   69    1    1    1    1    1    1    1    1  1.94282E+13 0.00051 
   70   70    1    1    1    1    1    1    1    1  2.33602E+13 0.00034 
   71   71    1    1    1    1    1    1    1    1  1.98544E+13 0.00034 
   72   72    1    1    1    1    1    1    1    1  3.60316E+13 0.00033 
   73   73    1    1    1    1    1    1    1    1  2.54771E+13 0.00048 
   74   74    1    1    1    1    1    1    1    1  1.91970E+13 0.00038 
   75   75    1    1    1    1    1    1    1    1  1.54503E+13 0.00062 
   76   76    1    1    1    1    1    1    1    1  1.28240E+13 0.00054 
   77   77    1    1    1    1    1    1    1    1  1.48631E+13 0.00042 
   78   78    1    1    1    1    1    1    1    1  1.17403E+13 0.00061 
   79   79    1    1    1    1    1    1    1    1  9.36093E+12 0.00046 
   80   80    1    1    1    1    1    1    1    1  9.66210E+12 0.00056 
   81   81    1    1    1    1    1    1    1    1  7.17154E+12 0.00074 
   82   82    1    1    1    1    1    1    1    1  5.52394E+12 0.00074 
   83   83    1    1    1    1    1    1    1    1  4.24548E+12 0.00093 
   84   84    1    1    1    1    1    1    1    1  3.97465E+12 0.00101 
   85   85    1    1    1    1    1    1    1    1  2.85929E+12 0.00121 
   86   86    1    1    1    1    1    1    1    1  2.06820E+12 0.00108 
   87   87    1    1    1    1    1    1    1    1  1.93509E+12 0.00198 
   88   88    1    1    1    1    1    1    1    1  1.18747E+12 0.00193 
   89   89    1    1    1    1    1    1    1    1  8.06300E+11 0.00167 
   90   90    1    1    1    1    1    1    1    1  4.64882E+11 0.00266 
   91   91    1    1    1    1    1    1    1    1  5.90941E+11 0.00274 
   92   92    1    1    1    1    1    1    1    1  0.00000E+00 0.00000 
   93   93    1    1    1    1    1    1    1    1  0.00000E+00 0.00000 
   94   94    1    1    1    1    1    1    1    1  0.00000E+00 0.00000 
   95   95    1    1    1    1    1    1    1    1  0.00000E+00 0.00000 
   96   96    1    1    1    1    1    1    1    1  0.00000E+00 0.00000 
   97   97    1    1    1    1    1    1    1    1  0.00000E+00 0.00000 
   98   98    1    1    1    1    1    1    1    1  0.00000E+00 0.00000 
   99   99    1    1    1    1    1    1    1    1  0.00000E+00 0.00000 
  100  100    1    1    1    1    1    1    1    1  0.00000E+00 0.00000 
];


