
DETdpaspec = [
    1    1    1    1    1    1    1    1    1    1  0.00000E+00 0.00000 
    2    2    1    1    1    1    1    1    1    1  0.00000E+00 0.00000 
    3    3    1    1    1    1    1    1    1    1  0.00000E+00 0.00000 
    4    4    1    1    1    1    1    1    1    1  0.00000E+00 0.00000 
    5    5    1    1    1    1    1    1    1    1  0.00000E+00 0.00000 
    6    6    1    1    1    1    1    1    1    1  0.00000E+00 0.00000 
    7    7    1    1    1    1    1    1    1    1  0.00000E+00 0.00000 
    8    8    1    1    1    1    1    1    1    1  0.00000E+00 0.00000 
    9    9    1    1    1    1    1    1    1    1  0.00000E+00 0.00000 
   10   10    1    1    1    1    1    1    1    1  0.00000E+00 0.00000 
   11   11    1    1    1    1    1    1    1    1  0.00000E+00 0.00000 
   12   12    1    1    1    1    1    1    1    1  0.00000E+00 0.00000 
   13   13    1    1    1    1    1    1    1    1  0.00000E+00 0.00000 
   14   14    1    1    1    1    1    1    1    1  0.00000E+00 0.00000 
   15   15    1    1    1    1    1    1    1    1  0.00000E+00 0.00000 
   16   16    1    1    1    1    1    1    1    1  0.00000E+00 0.00000 
   17   17    1    1    1    1    1    1    1    1  0.00000E+00 0.00000 
   18   18    1    1    1    1    1    1    1    1  0.00000E+00 0.00000 
   19   19    1    1    1    1    1    1    1    1  9.89951E+08 0.10472 
   20   20    1    1    1    1    1    1    1    1  1.34903E+08 0.12052 
   21   21    1    1    1    1    1    1    1    1  4.02076E+08 0.10089 
   22   22    1    1    1    1    1    1    1    1  4.24616E+08 0.06043 
   23   23    1    1    1    1    1    1    1    1  1.02950E+09 0.05039 
   24   24    1    1    1    1    1    1    1    1  2.83125E+09 0.04203 
   25   25    1    1    1    1    1    1    1    1  9.00929E+09 0.02041 
   26   26    1    1    1    1    1    1    1    1  1.61280E+10 0.01444 
   27   27    1    1    1    1    1    1    1    1  3.70643E+10 0.01340 
   28   28    1    1    1    1    1    1    1    1  8.33454E+10 0.00860 
   29   29    1    1    1    1    1    1    1    1  1.88795E+11 0.00420 
   30   30    1    1    1    1    1    1    1    1  3.19120E+11 0.00307 
   31   31    1    1    1    1    1    1    1    1  6.67170E+11 0.00282 
   32   32    1    1    1    1    1    1    1    1  1.54036E+12 0.00166 
   33   33    1    1    1    1    1    1    1    1  2.35422E+12 0.00101 
   34   34    1    1    1    1    1    1    1    1  4.85980E+12 0.00099 
   35   35    1    1    1    1    1    1    1    1  6.18479E+12 0.00112 
   36   36    1    1    1    1    1    1    1    1  6.59658E+12 0.00062 
   37   37    1    1    1    1    1    1    1    1  4.05069E+12 0.00071 
   38   38    1    1    1    1    1    1    1    1  1.18800E+12 0.00047 
   39   39    1    1    1    1    1    1    1    1  6.74938E+12 0.00053 
   40   40    1    1    1    1    1    1    1    1  8.89714E+12 0.00056 
   41   41    1    1    1    1    1    1    1    1  1.50747E+13 0.00043 
   42   42    1    1    1    1    1    1    1    1  1.44297E+13 0.00043 
   43   43    1    1    1    1    1    1    1    1  3.05560E+13 0.00028 
   44   44    1    1    1    1    1    1    1    1  3.60077E+13 0.00030 
   45   45    1    1    1    1    1    1    1    1  5.04175E+13 0.00030 
   46   46    1    1    1    1    1    1    1    1  9.73772E+13 0.00024 
   47   47    1    1    1    1    1    1    1    1  4.36495E+13 0.00023 
   48   48    1    1    1    1    1    1    1    1  6.82671E+13 0.00023 
   49   49    1    1    1    1    1    1    1    1  9.29867E+13 0.00015 
   50   50    1    1    1    1    1    1    1    1  8.90627E+13 0.00017 
   51   51    1    1    1    1    1    1    1    1  1.37235E+14 0.00015 
   52   52    1    1    1    1    1    1    1    1  1.04626E+14 0.00014 
   53   53    1    1    1    1    1    1    1    1  1.24321E+14 0.00019 
   54   54    1    1    1    1    1    1    1    1  8.43768E+13 0.00015 
   55   55    1    1    1    1    1    1    1    1  1.03776E+14 0.00018 
   56   56    1    1    1    1    1    1    1    1  7.03590E+13 0.00022 
   57   57    1    1    1    1    1    1    1    1  9.46611E+12 0.00037 
   58   58    1    1    1    1    1    1    1    1  1.37402E+14 0.00016 
   59   59    1    1    1    1    1    1    1    1  6.19191E+13 0.00016 
   60   60    1    1    1    1    1    1    1    1  6.45873E+13 0.00016 
   61   61    1    1    1    1    1    1    1    1  5.06307E+13 0.00021 
   62   62    1    1    1    1    1    1    1    1  5.02783E+13 0.00026 
   63   63    1    1    1    1    1    1    1    1  5.19773E+13 0.00027 
   64   64    1    1    1    1    1    1    1    1  4.33966E+13 0.00027 
   65   65    1    1    1    1    1    1    1    1  3.40853E+13 0.00022 
   66   66    1    1    1    1    1    1    1    1  3.34634E+13 0.00030 
   67   67    1    1    1    1    1    1    1    1  2.40369E+13 0.00030 
   68   68    1    1    1    1    1    1    1    1  1.93731E+13 0.00027 
   69   69    1    1    1    1    1    1    1    1  1.72438E+13 0.00036 
   70   70    1    1    1    1    1    1    1    1  2.05745E+13 0.00037 
   71   71    1    1    1    1    1    1    1    1  1.73235E+13 0.00047 
   72   72    1    1    1    1    1    1    1    1  3.06190E+13 0.00048 
   73   73    1    1    1    1    1    1    1    1  2.13152E+13 0.00042 
   74   74    1    1    1    1    1    1    1    1  1.60005E+13 0.00036 
   75   75    1    1    1    1    1    1    1    1  1.29555E+13 0.00049 
   76   76    1    1    1    1    1    1    1    1  1.08541E+13 0.00050 
   77   77    1    1    1    1    1    1    1    1  1.26685E+13 0.00045 
   78   78    1    1    1    1    1    1    1    1  1.01119E+13 0.00045 
   79   79    1    1    1    1    1    1    1    1  8.11141E+12 0.00062 
   80   80    1    1    1    1    1    1    1    1  8.42504E+12 0.00060 
   81   81    1    1    1    1    1    1    1    1  6.26495E+12 0.00069 
   82   82    1    1    1    1    1    1    1    1  4.83848E+12 0.00106 
   83   83    1    1    1    1    1    1    1    1  3.71570E+12 0.00133 
   84   84    1    1    1    1    1    1    1    1  3.47740E+12 0.00108 
   85   85    1    1    1    1    1    1    1    1  2.49683E+12 0.00117 
   86   86    1    1    1    1    1    1    1    1  1.81119E+12 0.00146 
   87   87    1    1    1    1    1    1    1    1  1.68999E+12 0.00136 
   88   88    1    1    1    1    1    1    1    1  1.03068E+12 0.00244 
   89   89    1    1    1    1    1    1    1    1  6.92120E+11 0.00159 
   90   90    1    1    1    1    1    1    1    1  3.97581E+11 0.00234 
   91   91    1    1    1    1    1    1    1    1  4.97310E+11 0.00236 
   92   92    1    1    1    1    1    1    1    1  0.00000E+00 0.00000 
   93   93    1    1    1    1    1    1    1    1  0.00000E+00 0.00000 
   94   94    1    1    1    1    1    1    1    1  0.00000E+00 0.00000 
   95   95    1    1    1    1    1    1    1    1  0.00000E+00 0.00000 
   96   96    1    1    1    1    1    1    1    1  0.00000E+00 0.00000 
   97   97    1    1    1    1    1    1    1    1  0.00000E+00 0.00000 
   98   98    1    1    1    1    1    1    1    1  0.00000E+00 0.00000 
   99   99    1    1    1    1    1    1    1    1  0.00000E+00 0.00000 
  100  100    1    1    1    1    1    1    1    1  0.00000E+00 0.00000 
];


