
DETdpaspec = [
    1    1    1    1    1    1    1    1    1    1  0.00000E+00 0.00000 
    2    2    1    1    1    1    1    1    1    1  0.00000E+00 0.00000 
    3    3    1    1    1    1    1    1    1    1  0.00000E+00 0.00000 
    4    4    1    1    1    1    1    1    1    1  0.00000E+00 0.00000 
    5    5    1    1    1    1    1    1    1    1  0.00000E+00 0.00000 
    6    6    1    1    1    1    1    1    1    1  0.00000E+00 0.00000 
    7    7    1    1    1    1    1    1    1    1  0.00000E+00 0.00000 
    8    8    1    1    1    1    1    1    1    1  0.00000E+00 0.00000 
    9    9    1    1    1    1    1    1    1    1  0.00000E+00 0.00000 
   10   10    1    1    1    1    1    1    1    1  0.00000E+00 0.00000 
   11   11    1    1    1    1    1    1    1    1  0.00000E+00 0.00000 
   12   12    1    1    1    1    1    1    1    1  0.00000E+00 0.00000 
   13   13    1    1    1    1    1    1    1    1  0.00000E+00 0.00000 
   14   14    1    1    1    1    1    1    1    1  0.00000E+00 0.00000 
   15   15    1    1    1    1    1    1    1    1  0.00000E+00 0.00000 
   16   16    1    1    1    1    1    1    1    1  0.00000E+00 0.00000 
   17   17    1    1    1    1    1    1    1    1  0.00000E+00 0.00000 
   18   18    1    1    1    1    1    1    1    1  0.00000E+00 0.00000 
   19   19    1    1    1    1    1    1    1    1  2.91565E+09 0.03292 
   20   20    1    1    1    1    1    1    1    1  6.49024E+08 0.03551 
   21   21    1    1    1    1    1    1    1    1  2.04217E+09 0.03543 
   22   22    1    1    1    1    1    1    1    1  1.58689E+09 0.02769 
   23   23    1    1    1    1    1    1    1    1  4.54105E+09 0.01700 
   24   24    1    1    1    1    1    1    1    1  5.73933E+09 0.01580 
   25   25    1    1    1    1    1    1    1    1  9.12899E+09 0.01031 
   26   26    1    1    1    1    1    1    1    1  1.14583E+10 0.01097 
   27   27    1    1    1    1    1    1    1    1  1.83255E+10 0.00877 
   28   28    1    1    1    1    1    1    1    1  3.36550E+10 0.00705 
   29   29    1    1    1    1    1    1    1    1  5.64120E+10 0.00674 
   30   30    1    1    1    1    1    1    1    1  7.69429E+10 0.00499 
   31   31    1    1    1    1    1    1    1    1  2.47239E+11 0.00422 
   32   32    1    1    1    1    1    1    1    1  7.13756E+11 0.00196 
   33   33    1    1    1    1    1    1    1    1  1.27692E+12 0.00133 
   34   34    1    1    1    1    1    1    1    1  2.69636E+12 0.00105 
   35   35    1    1    1    1    1    1    1    1  3.43665E+12 0.00087 
   36   36    1    1    1    1    1    1    1    1  5.07402E+12 0.00061 
   37   37    1    1    1    1    1    1    1    1  3.60079E+12 0.00053 
   38   38    1    1    1    1    1    1    1    1  1.15361E+12 0.00034 
   39   39    1    1    1    1    1    1    1    1  6.04484E+12 0.00047 
   40   40    1    1    1    1    1    1    1    1  7.98097E+12 0.00051 
   41   41    1    1    1    1    1    1    1    1  1.31006E+13 0.00039 
   42   42    1    1    1    1    1    1    1    1  1.36570E+13 0.00040 
   43   43    1    1    1    1    1    1    1    1  2.72080E+13 0.00031 
   44   44    1    1    1    1    1    1    1    1  3.20900E+13 0.00037 
   45   45    1    1    1    1    1    1    1    1  4.50200E+13 0.00027 
   46   46    1    1    1    1    1    1    1    1  8.48441E+13 0.00023 
   47   47    1    1    1    1    1    1    1    1  4.06018E+13 0.00021 
   48   48    1    1    1    1    1    1    1    1  6.54297E+13 0.00022 
   49   49    1    1    1    1    1    1    1    1  9.04056E+13 0.00022 
   50   50    1    1    1    1    1    1    1    1  8.92662E+13 0.00019 
   51   51    1    1    1    1    1    1    1    1  1.35000E+14 0.00014 
   52   52    1    1    1    1    1    1    1    1  1.10272E+14 0.00017 
   53   53    1    1    1    1    1    1    1    1  1.25639E+14 0.00015 
   54   54    1    1    1    1    1    1    1    1  8.85784E+13 0.00014 
   55   55    1    1    1    1    1    1    1    1  1.04371E+14 0.00010 
   56   56    1    1    1    1    1    1    1    1  7.28627E+13 0.00015 
   57   57    1    1    1    1    1    1    1    1  1.00514E+13 0.00033 
   58   58    1    1    1    1    1    1    1    1  1.44742E+14 0.00014 
   59   59    1    1    1    1    1    1    1    1  6.16341E+13 0.00014 
   60   60    1    1    1    1    1    1    1    1  6.64327E+13 0.00025 
   61   61    1    1    1    1    1    1    1    1  5.02028E+13 0.00017 
   62   62    1    1    1    1    1    1    1    1  5.07805E+13 0.00025 
   63   63    1    1    1    1    1    1    1    1  5.23235E+13 0.00029 
   64   64    1    1    1    1    1    1    1    1  4.35820E+13 0.00029 
   65   65    1    1    1    1    1    1    1    1  3.47247E+13 0.00028 
   66   66    1    1    1    1    1    1    1    1  3.43667E+13 0.00025 
   67   67    1    1    1    1    1    1    1    1  2.50207E+13 0.00028 
   68   68    1    1    1    1    1    1    1    1  2.06263E+13 0.00035 
   69   69    1    1    1    1    1    1    1    1  1.85750E+13 0.00029 
   70   70    1    1    1    1    1    1    1    1  2.23370E+13 0.00037 
   71   71    1    1    1    1    1    1    1    1  1.91155E+13 0.00043 
   72   72    1    1    1    1    1    1    1    1  3.59214E+13 0.00045 
   73   73    1    1    1    1    1    1    1    1  2.56590E+13 0.00044 
   74   74    1    1    1    1    1    1    1    1  1.92355E+13 0.00040 
   75   75    1    1    1    1    1    1    1    1  1.50772E+13 0.00068 
   76   76    1    1    1    1    1    1    1    1  1.21461E+13 0.00060 
   77   77    1    1    1    1    1    1    1    1  1.37186E+13 0.00042 
   78   78    1    1    1    1    1    1    1    1  1.05267E+13 0.00055 
   79   79    1    1    1    1    1    1    1    1  8.18751E+12 0.00056 
   80   80    1    1    1    1    1    1    1    1  8.30972E+12 0.00080 
   81   81    1    1    1    1    1    1    1    1  6.10627E+12 0.00093 
   82   82    1    1    1    1    1    1    1    1  4.65634E+12 0.00066 
   83   83    1    1    1    1    1    1    1    1  3.55993E+12 0.00061 
   84   84    1    1    1    1    1    1    1    1  3.32102E+12 0.00091 
   85   85    1    1    1    1    1    1    1    1  2.38187E+12 0.00081 
   86   86    1    1    1    1    1    1    1    1  1.71552E+12 0.00111 
   87   87    1    1    1    1    1    1    1    1  1.60303E+12 0.00124 
   88   88    1    1    1    1    1    1    1    1  9.93563E+11 0.00160 
   89   89    1    1    1    1    1    1    1    1  6.76849E+11 0.00211 
   90   90    1    1    1    1    1    1    1    1  3.92117E+11 0.00255 
   91   91    1    1    1    1    1    1    1    1  5.02081E+11 0.00245 
   92   92    1    1    1    1    1    1    1    1  0.00000E+00 0.00000 
   93   93    1    1    1    1    1    1    1    1  0.00000E+00 0.00000 
   94   94    1    1    1    1    1    1    1    1  0.00000E+00 0.00000 
   95   95    1    1    1    1    1    1    1    1  0.00000E+00 0.00000 
   96   96    1    1    1    1    1    1    1    1  0.00000E+00 0.00000 
   97   97    1    1    1    1    1    1    1    1  0.00000E+00 0.00000 
   98   98    1    1    1    1    1    1    1    1  0.00000E+00 0.00000 
   99   99    1    1    1    1    1    1    1    1  0.00000E+00 0.00000 
  100  100    1    1    1    1    1    1    1    1  0.00000E+00 0.00000 
];


