
DETdpaspec = [
    1    1    1    1    1    1    1    1    1    1  0.00000E+00 0.00000 
    2    2    1    1    1    1    1    1    1    1  0.00000E+00 0.00000 
    3    3    1    1    1    1    1    1    1    1  0.00000E+00 0.00000 
    4    4    1    1    1    1    1    1    1    1  0.00000E+00 0.00000 
    5    5    1    1    1    1    1    1    1    1  0.00000E+00 0.00000 
    6    6    1    1    1    1    1    1    1    1  0.00000E+00 0.00000 
    7    7    1    1    1    1    1    1    1    1  0.00000E+00 0.00000 
    8    8    1    1    1    1    1    1    1    1  0.00000E+00 0.00000 
    9    9    1    1    1    1    1    1    1    1  0.00000E+00 0.00000 
   10   10    1    1    1    1    1    1    1    1  0.00000E+00 0.00000 
   11   11    1    1    1    1    1    1    1    1  0.00000E+00 0.00000 
   12   12    1    1    1    1    1    1    1    1  0.00000E+00 0.00000 
   13   13    1    1    1    1    1    1    1    1  0.00000E+00 0.00000 
   14   14    1    1    1    1    1    1    1    1  0.00000E+00 0.00000 
   15   15    1    1    1    1    1    1    1    1  0.00000E+00 0.00000 
   16   16    1    1    1    1    1    1    1    1  0.00000E+00 0.00000 
   17   17    1    1    1    1    1    1    1    1  0.00000E+00 0.00000 
   18   18    1    1    1    1    1    1    1    1  0.00000E+00 0.00000 
   19   19    1    1    1    1    1    1    1    1  1.34871E+09 0.06136 
   20   20    1    1    1    1    1    1    1    1  2.11607E+08 0.10150 
   21   21    1    1    1    1    1    1    1    1  7.86648E+08 0.04833 
   22   22    1    1    1    1    1    1    1    1  5.74481E+08 0.04971 
   23   23    1    1    1    1    1    1    1    1  1.22857E+09 0.03652 
   24   24    1    1    1    1    1    1    1    1  2.11783E+09 0.03958 
   25   25    1    1    1    1    1    1    1    1  3.59328E+09 0.02378 
   26   26    1    1    1    1    1    1    1    1  4.60561E+09 0.02391 
   27   27    1    1    1    1    1    1    1    1  7.94506E+09 0.01765 
   28   28    1    1    1    1    1    1    1    1  1.62805E+10 0.01442 
   29   29    1    1    1    1    1    1    1    1  3.89984E+10 0.00799 
   30   30    1    1    1    1    1    1    1    1  6.81574E+10 0.00694 
   31   31    1    1    1    1    1    1    1    1  1.88444E+11 0.00515 
   32   32    1    1    1    1    1    1    1    1  5.70260E+11 0.00342 
   33   33    1    1    1    1    1    1    1    1  1.03254E+12 0.00214 
   34   34    1    1    1    1    1    1    1    1  2.43302E+12 0.00102 
   35   35    1    1    1    1    1    1    1    1  3.38129E+12 0.00098 
   36   36    1    1    1    1    1    1    1    1  4.29616E+12 0.00084 
   37   37    1    1    1    1    1    1    1    1  2.89401E+12 0.00041 
   38   38    1    1    1    1    1    1    1    1  8.81663E+11 0.00046 
   39   39    1    1    1    1    1    1    1    1  4.94288E+12 0.00046 
   40   40    1    1    1    1    1    1    1    1  6.64580E+12 0.00048 
   41   41    1    1    1    1    1    1    1    1  1.14519E+13 0.00040 
   42   42    1    1    1    1    1    1    1    1  1.14501E+13 0.00034 
   43   43    1    1    1    1    1    1    1    1  2.43432E+13 0.00029 
   44   44    1    1    1    1    1    1    1    1  2.93537E+13 0.00042 
   45   45    1    1    1    1    1    1    1    1  4.21057E+13 0.00033 
   46   46    1    1    1    1    1    1    1    1  8.36580E+13 0.00027 
   47   47    1    1    1    1    1    1    1    1  3.91972E+13 0.00020 
   48   48    1    1    1    1    1    1    1    1  6.25259E+13 0.00025 
   49   49    1    1    1    1    1    1    1    1  8.71797E+13 0.00023 
   50   50    1    1    1    1    1    1    1    1  8.53301E+13 0.00016 
   51   51    1    1    1    1    1    1    1    1  1.33200E+14 0.00016 
   52   52    1    1    1    1    1    1    1    1  1.05142E+14 0.00016 
   53   53    1    1    1    1    1    1    1    1  1.24988E+14 0.00016 
   54   54    1    1    1    1    1    1    1    1  8.67156E+13 0.00015 
   55   55    1    1    1    1    1    1    1    1  1.06388E+14 0.00016 
   56   56    1    1    1    1    1    1    1    1  7.31470E+13 0.00023 
   57   57    1    1    1    1    1    1    1    1  9.93443E+12 0.00030 
   58   58    1    1    1    1    1    1    1    1  1.44765E+14 0.00015 
   59   59    1    1    1    1    1    1    1    1  6.47367E+13 0.00030 
   60   60    1    1    1    1    1    1    1    1  6.85987E+13 0.00022 
   61   61    1    1    1    1    1    1    1    1  5.35241E+13 0.00022 
   62   62    1    1    1    1    1    1    1    1  5.35915E+13 0.00022 
   63   63    1    1    1    1    1    1    1    1  5.57047E+13 0.00021 
   64   64    1    1    1    1    1    1    1    1  4.67792E+13 0.00021 
   65   65    1    1    1    1    1    1    1    1  3.70945E+13 0.00030 
   66   66    1    1    1    1    1    1    1    1  3.66801E+13 0.00034 
   67   67    1    1    1    1    1    1    1    1  2.65951E+13 0.00030 
   68   68    1    1    1    1    1    1    1    1  2.16215E+13 0.00031 
   69   69    1    1    1    1    1    1    1    1  1.93577E+13 0.00037 
   70   70    1    1    1    1    1    1    1    1  2.32392E+13 0.00032 
   71   71    1    1    1    1    1    1    1    1  1.97606E+13 0.00044 
   72   72    1    1    1    1    1    1    1    1  3.57592E+13 0.00032 
   73   73    1    1    1    1    1    1    1    1  2.52444E+13 0.00040 
   74   74    1    1    1    1    1    1    1    1  1.90305E+13 0.00041 
   75   75    1    1    1    1    1    1    1    1  1.53147E+13 0.00042 
   76   76    1    1    1    1    1    1    1    1  1.27407E+13 0.00047 
   77   77    1    1    1    1    1    1    1    1  1.47934E+13 0.00041 
   78   78    1    1    1    1    1    1    1    1  1.17175E+13 0.00057 
   79   79    1    1    1    1    1    1    1    1  9.33180E+12 0.00057 
   80   80    1    1    1    1    1    1    1    1  9.65545E+12 0.00073 
   81   81    1    1    1    1    1    1    1    1  7.16611E+12 0.00071 
   82   82    1    1    1    1    1    1    1    1  5.52517E+12 0.00050 
   83   83    1    1    1    1    1    1    1    1  4.25054E+12 0.00095 
   84   84    1    1    1    1    1    1    1    1  3.97646E+12 0.00079 
   85   85    1    1    1    1    1    1    1    1  2.86430E+12 0.00100 
   86   86    1    1    1    1    1    1    1    1  2.06766E+12 0.00131 
   87   87    1    1    1    1    1    1    1    1  1.93771E+12 0.00115 
   88   88    1    1    1    1    1    1    1    1  1.19198E+12 0.00168 
   89   89    1    1    1    1    1    1    1    1  8.04248E+11 0.00154 
   90   90    1    1    1    1    1    1    1    1  4.67939E+11 0.00285 
   91   91    1    1    1    1    1    1    1    1  5.88985E+11 0.00221 
   92   92    1    1    1    1    1    1    1    1  0.00000E+00 0.00000 
   93   93    1    1    1    1    1    1    1    1  0.00000E+00 0.00000 
   94   94    1    1    1    1    1    1    1    1  0.00000E+00 0.00000 
   95   95    1    1    1    1    1    1    1    1  0.00000E+00 0.00000 
   96   96    1    1    1    1    1    1    1    1  0.00000E+00 0.00000 
   97   97    1    1    1    1    1    1    1    1  0.00000E+00 0.00000 
   98   98    1    1    1    1    1    1    1    1  0.00000E+00 0.00000 
   99   99    1    1    1    1    1    1    1    1  0.00000E+00 0.00000 
  100  100    1    1    1    1    1    1    1    1  0.00000E+00 0.00000 
];


