
DETdpaspec = [
    1    1    1    1    1    1    1    1    1    1  0.00000E+00 0.00000 
    2    2    1    1    1    1    1    1    1    1  0.00000E+00 0.00000 
    3    3    1    1    1    1    1    1    1    1  0.00000E+00 0.00000 
    4    4    1    1    1    1    1    1    1    1  0.00000E+00 0.00000 
    5    5    1    1    1    1    1    1    1    1  0.00000E+00 0.00000 
    6    6    1    1    1    1    1    1    1    1  0.00000E+00 0.00000 
    7    7    1    1    1    1    1    1    1    1  0.00000E+00 0.00000 
    8    8    1    1    1    1    1    1    1    1  0.00000E+00 0.00000 
    9    9    1    1    1    1    1    1    1    1  0.00000E+00 0.00000 
   10   10    1    1    1    1    1    1    1    1  0.00000E+00 0.00000 
   11   11    1    1    1    1    1    1    1    1  0.00000E+00 0.00000 
   12   12    1    1    1    1    1    1    1    1  0.00000E+00 0.00000 
   13   13    1    1    1    1    1    1    1    1  0.00000E+00 0.00000 
   14   14    1    1    1    1    1    1    1    1  0.00000E+00 0.00000 
   15   15    1    1    1    1    1    1    1    1  0.00000E+00 0.00000 
   16   16    1    1    1    1    1    1    1    1  0.00000E+00 0.00000 
   17   17    1    1    1    1    1    1    1    1  0.00000E+00 0.00000 
   18   18    1    1    1    1    1    1    1    1  0.00000E+00 0.00000 
   19   19    1    1    1    1    1    1    1    1  1.31803E+09 0.09560 
   20   20    1    1    1    1    1    1    1    1  1.85985E+08 0.07616 
   21   21    1    1    1    1    1    1    1    1  6.36169E+08 0.08024 
   22   22    1    1    1    1    1    1    1    1  4.60993E+08 0.06295 
   23   23    1    1    1    1    1    1    1    1  1.14518E+09 0.05429 
   24   24    1    1    1    1    1    1    1    1  1.75654E+09 0.03460 
   25   25    1    1    1    1    1    1    1    1  3.18084E+09 0.02886 
   26   26    1    1    1    1    1    1    1    1  4.63500E+09 0.02307 
   27   27    1    1    1    1    1    1    1    1  8.99193E+09 0.01930 
   28   28    1    1    1    1    1    1    1    1  2.00748E+10 0.01416 
   29   29    1    1    1    1    1    1    1    1  5.07915E+10 0.00903 
   30   30    1    1    1    1    1    1    1    1  9.36050E+10 0.00496 
   31   31    1    1    1    1    1    1    1    1  2.40106E+11 0.00350 
   32   32    1    1    1    1    1    1    1    1  6.96954E+11 0.00256 
   33   33    1    1    1    1    1    1    1    1  1.21352E+12 0.00181 
   34   34    1    1    1    1    1    1    1    1  2.80485E+12 0.00113 
   35   35    1    1    1    1    1    1    1    1  3.86317E+12 0.00090 
   36   36    1    1    1    1    1    1    1    1  4.67460E+12 0.00084 
   37   37    1    1    1    1    1    1    1    1  3.07457E+12 0.00048 
   38   38    1    1    1    1    1    1    1    1  9.24447E+11 0.00080 
   39   39    1    1    1    1    1    1    1    1  5.22144E+12 0.00061 
   40   40    1    1    1    1    1    1    1    1  6.99738E+12 0.00066 
   41   41    1    1    1    1    1    1    1    1  1.20456E+13 0.00058 
   42   42    1    1    1    1    1    1    1    1  1.18978E+13 0.00057 
   43   43    1    1    1    1    1    1    1    1  2.53796E+13 0.00049 
   44   44    1    1    1    1    1    1    1    1  3.04727E+13 0.00041 
   45   45    1    1    1    1    1    1    1    1  4.35379E+13 0.00036 
   46   46    1    1    1    1    1    1    1    1  8.62829E+13 0.00026 
   47   47    1    1    1    1    1    1    1    1  3.99859E+13 0.00023 
   48   48    1    1    1    1    1    1    1    1  6.34964E+13 0.00021 
   49   49    1    1    1    1    1    1    1    1  8.81229E+13 0.00020 
   50   50    1    1    1    1    1    1    1    1  8.58404E+13 0.00023 
   51   51    1    1    1    1    1    1    1    1  1.33856E+14 0.00015 
   52   52    1    1    1    1    1    1    1    1  1.04699E+14 0.00020 
   53   53    1    1    1    1    1    1    1    1  1.24850E+14 0.00013 
   54   54    1    1    1    1    1    1    1    1  8.61375E+13 0.00019 
   55   55    1    1    1    1    1    1    1    1  1.06067E+14 0.00019 
   56   56    1    1    1    1    1    1    1    1  7.26641E+13 0.00020 
   57   57    1    1    1    1    1    1    1    1  9.83738E+12 0.00048 
   58   58    1    1    1    1    1    1    1    1  1.43415E+14 0.00016 
   59   59    1    1    1    1    1    1    1    1  6.44469E+13 0.00020 
   60   60    1    1    1    1    1    1    1    1  6.79941E+13 0.00025 
   61   61    1    1    1    1    1    1    1    1  5.32436E+13 0.00029 
   62   62    1    1    1    1    1    1    1    1  5.32021E+13 0.00022 
   63   63    1    1    1    1    1    1    1    1  5.52265E+13 0.00027 
   64   64    1    1    1    1    1    1    1    1  4.63384E+13 0.00028 
   65   65    1    1    1    1    1    1    1    1  3.66684E+13 0.00028 
   66   66    1    1    1    1    1    1    1    1  3.62304E+13 0.00031 
   67   67    1    1    1    1    1    1    1    1  2.61989E+13 0.00030 
   68   68    1    1    1    1    1    1    1    1  2.12404E+13 0.00030 
   69   69    1    1    1    1    1    1    1    1  1.90003E+13 0.00037 
   70   70    1    1    1    1    1    1    1    1  2.27777E+13 0.00041 
   71   71    1    1    1    1    1    1    1    1  1.93111E+13 0.00044 
   72   72    1    1    1    1    1    1    1    1  3.46812E+13 0.00032 
   73   73    1    1    1    1    1    1    1    1  2.44011E+13 0.00030 
   74   74    1    1    1    1    1    1    1    1  1.83896E+13 0.00040 
   75   75    1    1    1    1    1    1    1    1  1.48438E+13 0.00052 
   76   76    1    1    1    1    1    1    1    1  1.23809E+13 0.00027 
   77   77    1    1    1    1    1    1    1    1  1.44164E+13 0.00053 
   78   78    1    1    1    1    1    1    1    1  1.14698E+13 0.00040 
   79   79    1    1    1    1    1    1    1    1  9.16893E+12 0.00046 
   80   80    1    1    1    1    1    1    1    1  9.48628E+12 0.00062 
   81   81    1    1    1    1    1    1    1    1  7.06007E+12 0.00064 
   82   82    1    1    1    1    1    1    1    1  5.44893E+12 0.00092 
   83   83    1    1    1    1    1    1    1    1  4.19424E+12 0.00089 
   84   84    1    1    1    1    1    1    1    1  3.91933E+12 0.00078 
   85   85    1    1    1    1    1    1    1    1  2.82708E+12 0.00105 
   86   86    1    1    1    1    1    1    1    1  2.04080E+12 0.00137 
   87   87    1    1    1    1    1    1    1    1  1.91381E+12 0.00146 
   88   88    1    1    1    1    1    1    1    1  1.16914E+12 0.00242 
   89   89    1    1    1    1    1    1    1    1  7.88809E+11 0.00217 
   90   90    1    1    1    1    1    1    1    1  4.58434E+11 0.00320 
   91   91    1    1    1    1    1    1    1    1  5.77253E+11 0.00244 
   92   92    1    1    1    1    1    1    1    1  0.00000E+00 0.00000 
   93   93    1    1    1    1    1    1    1    1  0.00000E+00 0.00000 
   94   94    1    1    1    1    1    1    1    1  0.00000E+00 0.00000 
   95   95    1    1    1    1    1    1    1    1  0.00000E+00 0.00000 
   96   96    1    1    1    1    1    1    1    1  0.00000E+00 0.00000 
   97   97    1    1    1    1    1    1    1    1  0.00000E+00 0.00000 
   98   98    1    1    1    1    1    1    1    1  0.00000E+00 0.00000 
   99   99    1    1    1    1    1    1    1    1  0.00000E+00 0.00000 
  100  100    1    1    1    1    1    1    1    1  0.00000E+00 0.00000 
];


