
DETdpaspec = [
    1    1    1    1    1    1    1    1    1    1  0.00000E+00 0.00000 
    2    2    1    1    1    1    1    1    1    1  0.00000E+00 0.00000 
    3    3    1    1    1    1    1    1    1    1  0.00000E+00 0.00000 
    4    4    1    1    1    1    1    1    1    1  0.00000E+00 0.00000 
    5    5    1    1    1    1    1    1    1    1  0.00000E+00 0.00000 
    6    6    1    1    1    1    1    1    1    1  0.00000E+00 0.00000 
    7    7    1    1    1    1    1    1    1    1  0.00000E+00 0.00000 
    8    8    1    1    1    1    1    1    1    1  0.00000E+00 0.00000 
    9    9    1    1    1    1    1    1    1    1  0.00000E+00 0.00000 
   10   10    1    1    1    1    1    1    1    1  0.00000E+00 0.00000 
   11   11    1    1    1    1    1    1    1    1  0.00000E+00 0.00000 
   12   12    1    1    1    1    1    1    1    1  0.00000E+00 0.00000 
   13   13    1    1    1    1    1    1    1    1  0.00000E+00 0.00000 
   14   14    1    1    1    1    1    1    1    1  0.00000E+00 0.00000 
   15   15    1    1    1    1    1    1    1    1  0.00000E+00 0.00000 
   16   16    1    1    1    1    1    1    1    1  0.00000E+00 0.00000 
   17   17    1    1    1    1    1    1    1    1  0.00000E+00 0.00000 
   18   18    1    1    1    1    1    1    1    1  0.00000E+00 0.00000 
   19   19    1    1    1    1    1    1    1    1  1.46407E+09 0.07644 
   20   20    1    1    1    1    1    1    1    1  1.84033E+08 0.11259 
   21   21    1    1    1    1    1    1    1    1  6.76729E+08 0.07366 
   22   22    1    1    1    1    1    1    1    1  5.89627E+08 0.06933 
   23   23    1    1    1    1    1    1    1    1  1.19154E+09 0.03697 
   24   24    1    1    1    1    1    1    1    1  1.97115E+09 0.04318 
   25   25    1    1    1    1    1    1    1    1  3.44042E+09 0.02366 
   26   26    1    1    1    1    1    1    1    1  4.70543E+09 0.02423 
   27   27    1    1    1    1    1    1    1    1  8.20456E+09 0.01963 
   28   28    1    1    1    1    1    1    1    1  1.60654E+10 0.01467 
   29   29    1    1    1    1    1    1    1    1  4.02850E+10 0.00897 
   30   30    1    1    1    1    1    1    1    1  7.17278E+10 0.00742 
   31   31    1    1    1    1    1    1    1    1  1.93964E+11 0.00485 
   32   32    1    1    1    1    1    1    1    1  5.81965E+11 0.00257 
   33   33    1    1    1    1    1    1    1    1  1.05227E+12 0.00168 
   34   34    1    1    1    1    1    1    1    1  2.47550E+12 0.00149 
   35   35    1    1    1    1    1    1    1    1  3.43881E+12 0.00105 
   36   36    1    1    1    1    1    1    1    1  4.34074E+12 0.00071 
   37   37    1    1    1    1    1    1    1    1  2.91684E+12 0.00072 
   38   38    1    1    1    1    1    1    1    1  8.86412E+11 0.00078 
   39   39    1    1    1    1    1    1    1    1  4.98048E+12 0.00064 
   40   40    1    1    1    1    1    1    1    1  6.68461E+12 0.00057 
   41   41    1    1    1    1    1    1    1    1  1.15171E+13 0.00049 
   42   42    1    1    1    1    1    1    1    1  1.14980E+13 0.00046 
   43   43    1    1    1    1    1    1    1    1  2.44663E+13 0.00040 
   44   44    1    1    1    1    1    1    1    1  2.94786E+13 0.00035 
   45   45    1    1    1    1    1    1    1    1  4.22764E+13 0.00036 
   46   46    1    1    1    1    1    1    1    1  8.39889E+13 0.00028 
   47   47    1    1    1    1    1    1    1    1  3.92893E+13 0.00025 
   48   48    1    1    1    1    1    1    1    1  6.26359E+13 0.00021 
   49   49    1    1    1    1    1    1    1    1  8.72691E+13 0.00018 
   50   50    1    1    1    1    1    1    1    1  8.53798E+13 0.00021 
   51   51    1    1    1    1    1    1    1    1  1.33239E+14 0.00017 
   52   52    1    1    1    1    1    1    1    1  1.05066E+14 0.00017 
   53   53    1    1    1    1    1    1    1    1  1.24975E+14 0.00015 
   54   54    1    1    1    1    1    1    1    1  8.66364E+13 0.00017 
   55   55    1    1    1    1    1    1    1    1  1.06339E+14 0.00019 
   56   56    1    1    1    1    1    1    1    1  7.30964E+13 0.00017 
   57   57    1    1    1    1    1    1    1    1  9.91222E+12 0.00029 
   58   58    1    1    1    1    1    1    1    1  1.44575E+14 0.00017 
   59   59    1    1    1    1    1    1    1    1  6.47386E+13 0.00020 
   60   60    1    1    1    1    1    1    1    1  6.85202E+13 0.00021 
   61   61    1    1    1    1    1    1    1    1  5.35396E+13 0.00023 
   62   62    1    1    1    1    1    1    1    1  5.35551E+13 0.00025 
   63   63    1    1    1    1    1    1    1    1  5.56581E+13 0.00026 
   64   64    1    1    1    1    1    1    1    1  4.67483E+13 0.00022 
   65   65    1    1    1    1    1    1    1    1  3.70472E+13 0.00028 
   66   66    1    1    1    1    1    1    1    1  3.66697E+13 0.00024 
   67   67    1    1    1    1    1    1    1    1  2.65468E+13 0.00037 
   68   68    1    1    1    1    1    1    1    1  2.15761E+13 0.00045 
   69   69    1    1    1    1    1    1    1    1  1.93217E+13 0.00040 
   70   70    1    1    1    1    1    1    1    1  2.31811E+13 0.00032 
   71   71    1    1    1    1    1    1    1    1  1.96961E+13 0.00048 
   72   72    1    1    1    1    1    1    1    1  3.56086E+13 0.00036 
   73   73    1    1    1    1    1    1    1    1  2.51323E+13 0.00037 
   74   74    1    1    1    1    1    1    1    1  1.89459E+13 0.00037 
   75   75    1    1    1    1    1    1    1    1  1.52638E+13 0.00055 
   76   76    1    1    1    1    1    1    1    1  1.26992E+13 0.00047 
   77   77    1    1    1    1    1    1    1    1  1.47366E+13 0.00052 
   78   78    1    1    1    1    1    1    1    1  1.16896E+13 0.00060 
   79   79    1    1    1    1    1    1    1    1  9.31516E+12 0.00067 
   80   80    1    1    1    1    1    1    1    1  9.65110E+12 0.00057 
   81   81    1    1    1    1    1    1    1    1  7.16007E+12 0.00063 
   82   82    1    1    1    1    1    1    1    1  5.52869E+12 0.00041 
   83   83    1    1    1    1    1    1    1    1  4.25038E+12 0.00086 
   84   84    1    1    1    1    1    1    1    1  3.97109E+12 0.00118 
   85   85    1    1    1    1    1    1    1    1  2.86160E+12 0.00093 
   86   86    1    1    1    1    1    1    1    1  2.06498E+12 0.00123 
   87   87    1    1    1    1    1    1    1    1  1.93538E+12 0.00101 
   88   88    1    1    1    1    1    1    1    1  1.18704E+12 0.00178 
   89   89    1    1    1    1    1    1    1    1  8.03928E+11 0.00188 
   90   90    1    1    1    1    1    1    1    1  4.64227E+11 0.00246 
   91   91    1    1    1    1    1    1    1    1  5.90726E+11 0.00255 
   92   92    1    1    1    1    1    1    1    1  0.00000E+00 0.00000 
   93   93    1    1    1    1    1    1    1    1  0.00000E+00 0.00000 
   94   94    1    1    1    1    1    1    1    1  0.00000E+00 0.00000 
   95   95    1    1    1    1    1    1    1    1  0.00000E+00 0.00000 
   96   96    1    1    1    1    1    1    1    1  0.00000E+00 0.00000 
   97   97    1    1    1    1    1    1    1    1  0.00000E+00 0.00000 
   98   98    1    1    1    1    1    1    1    1  0.00000E+00 0.00000 
   99   99    1    1    1    1    1    1    1    1  0.00000E+00 0.00000 
  100  100    1    1    1    1    1    1    1    1  0.00000E+00 0.00000 
];


