
DETdpaspec = [
    1    1    1    1    1    1    1    1    1    1  0.00000E+00 0.00000 
    2    2    1    1    1    1    1    1    1    1  0.00000E+00 0.00000 
    3    3    1    1    1    1    1    1    1    1  0.00000E+00 0.00000 
    4    4    1    1    1    1    1    1    1    1  0.00000E+00 0.00000 
    5    5    1    1    1    1    1    1    1    1  0.00000E+00 0.00000 
    6    6    1    1    1    1    1    1    1    1  0.00000E+00 0.00000 
    7    7    1    1    1    1    1    1    1    1  0.00000E+00 0.00000 
    8    8    1    1    1    1    1    1    1    1  0.00000E+00 0.00000 
    9    9    1    1    1    1    1    1    1    1  0.00000E+00 0.00000 
   10   10    1    1    1    1    1    1    1    1  0.00000E+00 0.00000 
   11   11    1    1    1    1    1    1    1    1  0.00000E+00 0.00000 
   12   12    1    1    1    1    1    1    1    1  0.00000E+00 0.00000 
   13   13    1    1    1    1    1    1    1    1  0.00000E+00 0.00000 
   14   14    1    1    1    1    1    1    1    1  0.00000E+00 0.00000 
   15   15    1    1    1    1    1    1    1    1  0.00000E+00 0.00000 
   16   16    1    1    1    1    1    1    1    1  0.00000E+00 0.00000 
   17   17    1    1    1    1    1    1    1    1  0.00000E+00 0.00000 
   18   18    1    1    1    1    1    1    1    1  0.00000E+00 0.00000 
   19   19    1    1    1    1    1    1    1    1  1.72542E+09 0.05130 
   20   20    1    1    1    1    1    1    1    1  2.75647E+08 0.07797 
   21   21    1    1    1    1    1    1    1    1  9.35653E+08 0.05405 
   22   22    1    1    1    1    1    1    1    1  6.60861E+08 0.05333 
   23   23    1    1    1    1    1    1    1    1  1.68033E+09 0.02825 
   24   24    1    1    1    1    1    1    1    1  2.55432E+09 0.03075 
   25   25    1    1    1    1    1    1    1    1  3.95936E+09 0.02679 
   26   26    1    1    1    1    1    1    1    1  5.38969E+09 0.01854 
   27   27    1    1    1    1    1    1    1    1  8.79709E+09 0.01510 
   28   28    1    1    1    1    1    1    1    1  1.59607E+10 0.00858 
   29   29    1    1    1    1    1    1    1    1  3.44607E+10 0.01007 
   30   30    1    1    1    1    1    1    1    1  5.59196E+10 0.00528 
   31   31    1    1    1    1    1    1    1    1  1.62505E+11 0.00356 
   32   32    1    1    1    1    1    1    1    1  5.04013E+11 0.00266 
   33   33    1    1    1    1    1    1    1    1  9.40131E+11 0.00178 
   34   34    1    1    1    1    1    1    1    1  2.20903E+12 0.00123 
   35   35    1    1    1    1    1    1    1    1  3.04778E+12 0.00110 
   36   36    1    1    1    1    1    1    1    1  4.10949E+12 0.00083 
   37   37    1    1    1    1    1    1    1    1  2.84972E+12 0.00077 
   38   38    1    1    1    1    1    1    1    1  8.80797E+11 0.00086 
   39   39    1    1    1    1    1    1    1    1  4.87518E+12 0.00067 
   40   40    1    1    1    1    1    1    1    1  6.55359E+12 0.00074 
   41   41    1    1    1    1    1    1    1    1  1.12253E+13 0.00056 
   42   42    1    1    1    1    1    1    1    1  1.14068E+13 0.00047 
   43   43    1    1    1    1    1    1    1    1  2.39847E+13 0.00033 
   44   44    1    1    1    1    1    1    1    1  2.89119E+13 0.00036 
   45   45    1    1    1    1    1    1    1    1  4.15190E+13 0.00028 
   46   46    1    1    1    1    1    1    1    1  8.20732E+13 0.00024 
   47   47    1    1    1    1    1    1    1    1  3.88821E+13 0.00025 
   48   48    1    1    1    1    1    1    1    1  6.23591E+13 0.00026 
   49   49    1    1    1    1    1    1    1    1  8.71029E+13 0.00022 
   50   50    1    1    1    1    1    1    1    1  8.57109E+13 0.00020 
   51   51    1    1    1    1    1    1    1    1  1.33092E+14 0.00017 
   52   52    1    1    1    1    1    1    1    1  1.06375E+14 0.00015 
   53   53    1    1    1    1    1    1    1    1  1.25398E+14 0.00012 
   54   54    1    1    1    1    1    1    1    1  8.74552E+13 0.00016 
   55   55    1    1    1    1    1    1    1    1  1.06390E+14 0.00017 
   56   56    1    1    1    1    1    1    1    1  7.34543E+13 0.00013 
   57   57    1    1    1    1    1    1    1    1  1.00125E+13 0.00030 
   58   58    1    1    1    1    1    1    1    1  1.45688E+14 0.00015 
   59   59    1    1    1    1    1    1    1    1  6.44132E+13 0.00021 
   60   60    1    1    1    1    1    1    1    1  6.86286E+13 0.00018 
   61   61    1    1    1    1    1    1    1    1  5.31938E+13 0.00026 
   62   62    1    1    1    1    1    1    1    1  5.33898E+13 0.00018 
   63   63    1    1    1    1    1    1    1    1  5.54108E+13 0.00019 
   64   64    1    1    1    1    1    1    1    1  4.65076E+13 0.00021 
   65   65    1    1    1    1    1    1    1    1  3.69520E+13 0.00022 
   66   66    1    1    1    1    1    1    1    1  3.66234E+13 0.00029 
   67   67    1    1    1    1    1    1    1    1  2.65901E+13 0.00030 
   68   68    1    1    1    1    1    1    1    1  2.17187E+13 0.00039 
   69   69    1    1    1    1    1    1    1    1  1.94885E+13 0.00035 
   70   70    1    1    1    1    1    1    1    1  2.34403E+13 0.00037 
   71   71    1    1    1    1    1    1    1    1  1.99765E+13 0.00043 
   72   72    1    1    1    1    1    1    1    1  3.65528E+13 0.00046 
   73   73    1    1    1    1    1    1    1    1  2.59301E+13 0.00028 
   74   74    1    1    1    1    1    1    1    1  1.95552E+13 0.00045 
   75   75    1    1    1    1    1    1    1    1  1.56620E+13 0.00047 
   76   76    1    1    1    1    1    1    1    1  1.29166E+13 0.00051 
   77   77    1    1    1    1    1    1    1    1  1.48836E+13 0.00038 
   78   78    1    1    1    1    1    1    1    1  1.17036E+13 0.00040 
   79   79    1    1    1    1    1    1    1    1  9.27190E+12 0.00063 
   80   80    1    1    1    1    1    1    1    1  9.54066E+12 0.00064 
   81   81    1    1    1    1    1    1    1    1  7.07177E+12 0.00057 
   82   82    1    1    1    1    1    1    1    1  5.44432E+12 0.00069 
   83   83    1    1    1    1    1    1    1    1  4.17361E+12 0.00098 
   84   84    1    1    1    1    1    1    1    1  3.90884E+12 0.00106 
   85   85    1    1    1    1    1    1    1    1  2.81547E+12 0.00113 
   86   86    1    1    1    1    1    1    1    1  2.02679E+12 0.00113 
   87   87    1    1    1    1    1    1    1    1  1.89384E+12 0.00133 
   88   88    1    1    1    1    1    1    1    1  1.17399E+12 0.00142 
   89   89    1    1    1    1    1    1    1    1  7.91868E+11 0.00246 
   90   90    1    1    1    1    1    1    1    1  4.59902E+11 0.00302 
   91   91    1    1    1    1    1    1    1    1  5.84382E+11 0.00261 
   92   92    1    1    1    1    1    1    1    1  0.00000E+00 0.00000 
   93   93    1    1    1    1    1    1    1    1  0.00000E+00 0.00000 
   94   94    1    1    1    1    1    1    1    1  0.00000E+00 0.00000 
   95   95    1    1    1    1    1    1    1    1  0.00000E+00 0.00000 
   96   96    1    1    1    1    1    1    1    1  0.00000E+00 0.00000 
   97   97    1    1    1    1    1    1    1    1  0.00000E+00 0.00000 
   98   98    1    1    1    1    1    1    1    1  0.00000E+00 0.00000 
   99   99    1    1    1    1    1    1    1    1  0.00000E+00 0.00000 
  100  100    1    1    1    1    1    1    1    1  0.00000E+00 0.00000 
];


