
DETdpaspec = [
    1    1    1    1    1    1    1    1    1    1  0.00000E+00 0.00000 
    2    2    1    1    1    1    1    1    1    1  0.00000E+00 0.00000 
    3    3    1    1    1    1    1    1    1    1  0.00000E+00 0.00000 
    4    4    1    1    1    1    1    1    1    1  0.00000E+00 0.00000 
    5    5    1    1    1    1    1    1    1    1  0.00000E+00 0.00000 
    6    6    1    1    1    1    1    1    1    1  0.00000E+00 0.00000 
    7    7    1    1    1    1    1    1    1    1  0.00000E+00 0.00000 
    8    8    1    1    1    1    1    1    1    1  0.00000E+00 0.00000 
    9    9    1    1    1    1    1    1    1    1  0.00000E+00 0.00000 
   10   10    1    1    1    1    1    1    1    1  0.00000E+00 0.00000 
   11   11    1    1    1    1    1    1    1    1  0.00000E+00 0.00000 
   12   12    1    1    1    1    1    1    1    1  0.00000E+00 0.00000 
   13   13    1    1    1    1    1    1    1    1  0.00000E+00 0.00000 
   14   14    1    1    1    1    1    1    1    1  0.00000E+00 0.00000 
   15   15    1    1    1    1    1    1    1    1  0.00000E+00 0.00000 
   16   16    1    1    1    1    1    1    1    1  0.00000E+00 0.00000 
   17   17    1    1    1    1    1    1    1    1  0.00000E+00 0.00000 
   18   18    1    1    1    1    1    1    1    1  0.00000E+00 0.00000 
   19   19    1    1    1    1    1    1    1    1  1.82591E+09 0.04588 
   20   20    1    1    1    1    1    1    1    1  2.92289E+08 0.06541 
   21   21    1    1    1    1    1    1    1    1  1.12991E+09 0.05660 
   22   22    1    1    1    1    1    1    1    1  7.67281E+08 0.03721 
   23   23    1    1    1    1    1    1    1    1  1.92922E+09 0.04138 
   24   24    1    1    1    1    1    1    1    1  2.86967E+09 0.02123 
   25   25    1    1    1    1    1    1    1    1  4.43382E+09 0.02563 
   26   26    1    1    1    1    1    1    1    1  5.61342E+09 0.02700 
   27   27    1    1    1    1    1    1    1    1  9.05886E+09 0.01274 
   28   28    1    1    1    1    1    1    1    1  1.67179E+10 0.01397 
   29   29    1    1    1    1    1    1    1    1  3.46014E+10 0.01037 
   30   30    1    1    1    1    1    1    1    1  5.43706E+10 0.00726 
   31   31    1    1    1    1    1    1    1    1  1.61683E+11 0.00492 
   32   32    1    1    1    1    1    1    1    1  5.05184E+11 0.00244 
   33   33    1    1    1    1    1    1    1    1  9.42314E+11 0.00265 
   34   34    1    1    1    1    1    1    1    1  2.18963E+12 0.00123 
   35   35    1    1    1    1    1    1    1    1  3.00418E+12 0.00089 
   36   36    1    1    1    1    1    1    1    1  4.12839E+12 0.00089 
   37   37    1    1    1    1    1    1    1    1  2.88454E+12 0.00071 
   38   38    1    1    1    1    1    1    1    1  8.97422E+11 0.00087 
   39   39    1    1    1    1    1    1    1    1  4.93360E+12 0.00073 
   40   40    1    1    1    1    1    1    1    1  6.62193E+12 0.00059 
   41   41    1    1    1    1    1    1    1    1  1.13111E+13 0.00051 
   42   42    1    1    1    1    1    1    1    1  1.15518E+13 0.00034 
   43   43    1    1    1    1    1    1    1    1  2.41681E+13 0.00038 
   44   44    1    1    1    1    1    1    1    1  2.90704E+13 0.00036 
   45   45    1    1    1    1    1    1    1    1  4.17064E+13 0.00034 
   46   46    1    1    1    1    1    1    1    1  8.20473E+13 0.00020 
   47   47    1    1    1    1    1    1    1    1  3.89731E+13 0.00018 
   48   48    1    1    1    1    1    1    1    1  6.26113E+13 0.00017 
   49   49    1    1    1    1    1    1    1    1  8.74142E+13 0.00021 
   50   50    1    1    1    1    1    1    1    1  8.60956E+13 0.00017 
   51   51    1    1    1    1    1    1    1    1  1.33247E+14 0.00016 
   52   52    1    1    1    1    1    1    1    1  1.06924E+14 0.00015 
   53   53    1    1    1    1    1    1    1    1  1.25500E+14 0.00017 
   54   54    1    1    1    1    1    1    1    1  8.76787E+13 0.00014 
   55   55    1    1    1    1    1    1    1    1  1.06198E+14 0.00016 
   56   56    1    1    1    1    1    1    1    1  7.34419E+13 0.00013 
   57   57    1    1    1    1    1    1    1    1  1.00281E+13 0.00040 
   58   58    1    1    1    1    1    1    1    1  1.45742E+14 0.00012 
   59   59    1    1    1    1    1    1    1    1  6.41279E+13 0.00015 
   60   60    1    1    1    1    1    1    1    1  6.84667E+13 0.00021 
   61   61    1    1    1    1    1    1    1    1  5.28753E+13 0.00017 
   62   62    1    1    1    1    1    1    1    1  5.31646E+13 0.00023 
   63   63    1    1    1    1    1    1    1    1  5.51103E+13 0.00020 
   64   64    1    1    1    1    1    1    1    1  4.62364E+13 0.00019 
   65   65    1    1    1    1    1    1    1    1  3.67699E+13 0.00024 
   66   66    1    1    1    1    1    1    1    1  3.64205E+13 0.00033 
   67   67    1    1    1    1    1    1    1    1  2.64787E+13 0.00029 
   68   68    1    1    1    1    1    1    1    1  2.16495E+13 0.00033 
   69   69    1    1    1    1    1    1    1    1  1.94287E+13 0.00034 
   70   70    1    1    1    1    1    1    1    1  2.33838E+13 0.00047 
   71   71    1    1    1    1    1    1    1    1  1.99528E+13 0.00055 
   72   72    1    1    1    1    1    1    1    1  3.66580E+13 0.00034 
   73   73    1    1    1    1    1    1    1    1  2.60646E+13 0.00031 
   74   74    1    1    1    1    1    1    1    1  1.96098E+13 0.00046 
   75   75    1    1    1    1    1    1    1    1  1.56482E+13 0.00045 
   76   76    1    1    1    1    1    1    1    1  1.28990E+13 0.00051 
   77   77    1    1    1    1    1    1    1    1  1.48180E+13 0.00065 
   78   78    1    1    1    1    1    1    1    1  1.16061E+13 0.00055 
   79   79    1    1    1    1    1    1    1    1  9.18123E+12 0.00070 
   80   80    1    1    1    1    1    1    1    1  9.43402E+12 0.00045 
   81   81    1    1    1    1    1    1    1    1  6.97808E+12 0.00052 
   82   82    1    1    1    1    1    1    1    1  5.36076E+12 0.00091 
   83   83    1    1    1    1    1    1    1    1  4.11759E+12 0.00092 
   84   84    1    1    1    1    1    1    1    1  3.85501E+12 0.00118 
   85   85    1    1    1    1    1    1    1    1  2.76925E+12 0.00102 
   86   86    1    1    1    1    1    1    1    1  1.99674E+12 0.00124 
   87   87    1    1    1    1    1    1    1    1  1.86621E+12 0.00145 
   88   88    1    1    1    1    1    1    1    1  1.15225E+12 0.00165 
   89   89    1    1    1    1    1    1    1    1  7.78067E+11 0.00204 
   90   90    1    1    1    1    1    1    1    1  4.53027E+11 0.00248 
   91   91    1    1    1    1    1    1    1    1  5.77903E+11 0.00263 
   92   92    1    1    1    1    1    1    1    1  0.00000E+00 0.00000 
   93   93    1    1    1    1    1    1    1    1  0.00000E+00 0.00000 
   94   94    1    1    1    1    1    1    1    1  0.00000E+00 0.00000 
   95   95    1    1    1    1    1    1    1    1  0.00000E+00 0.00000 
   96   96    1    1    1    1    1    1    1    1  0.00000E+00 0.00000 
   97   97    1    1    1    1    1    1    1    1  0.00000E+00 0.00000 
   98   98    1    1    1    1    1    1    1    1  0.00000E+00 0.00000 
   99   99    1    1    1    1    1    1    1    1  0.00000E+00 0.00000 
  100  100    1    1    1    1    1    1    1    1  0.00000E+00 0.00000 
];


