
DETdpaspec = [
    1    1    1    1    1    1    1    1    1    1  0.00000E+00 0.00000 
    2    2    1    1    1    1    1    1    1    1  0.00000E+00 0.00000 
    3    3    1    1    1    1    1    1    1    1  0.00000E+00 0.00000 
    4    4    1    1    1    1    1    1    1    1  0.00000E+00 0.00000 
    5    5    1    1    1    1    1    1    1    1  0.00000E+00 0.00000 
    6    6    1    1    1    1    1    1    1    1  0.00000E+00 0.00000 
    7    7    1    1    1    1    1    1    1    1  0.00000E+00 0.00000 
    8    8    1    1    1    1    1    1    1    1  0.00000E+00 0.00000 
    9    9    1    1    1    1    1    1    1    1  0.00000E+00 0.00000 
   10   10    1    1    1    1    1    1    1    1  0.00000E+00 0.00000 
   11   11    1    1    1    1    1    1    1    1  0.00000E+00 0.00000 
   12   12    1    1    1    1    1    1    1    1  0.00000E+00 0.00000 
   13   13    1    1    1    1    1    1    1    1  0.00000E+00 0.00000 
   14   14    1    1    1    1    1    1    1    1  0.00000E+00 0.00000 
   15   15    1    1    1    1    1    1    1    1  0.00000E+00 0.00000 
   16   16    1    1    1    1    1    1    1    1  0.00000E+00 0.00000 
   17   17    1    1    1    1    1    1    1    1  0.00000E+00 0.00000 
   18   18    1    1    1    1    1    1    1    1  0.00000E+00 0.00000 
   19   19    1    1    1    1    1    1    1    1  2.37742E+09 0.03528 
   20   20    1    1    1    1    1    1    1    1  4.89308E+08 0.04763 
   21   21    1    1    1    1    1    1    1    1  1.72931E+09 0.04215 
   22   22    1    1    1    1    1    1    1    1  1.29236E+09 0.02967 
   23   23    1    1    1    1    1    1    1    1  3.63487E+09 0.01938 
   24   24    1    1    1    1    1    1    1    1  4.66720E+09 0.01964 
   25   25    1    1    1    1    1    1    1    1  7.45520E+09 0.01969 
   26   26    1    1    1    1    1    1    1    1  9.29017E+09 0.01346 
   27   27    1    1    1    1    1    1    1    1  1.49175E+10 0.01002 
   28   28    1    1    1    1    1    1    1    1  2.68058E+10 0.00887 
   29   29    1    1    1    1    1    1    1    1  4.82286E+10 0.00767 
   30   30    1    1    1    1    1    1    1    1  6.72712E+10 0.00677 
   31   31    1    1    1    1    1    1    1    1  2.11945E+11 0.00437 
   32   32    1    1    1    1    1    1    1    1  6.27550E+11 0.00253 
   33   33    1    1    1    1    1    1    1    1  1.14075E+12 0.00183 
   34   34    1    1    1    1    1    1    1    1  2.47864E+12 0.00120 
   35   35    1    1    1    1    1    1    1    1  3.22486E+12 0.00085 
   36   36    1    1    1    1    1    1    1    1  4.71030E+12 0.00058 
   37   37    1    1    1    1    1    1    1    1  3.34338E+12 0.00058 
   38   38    1    1    1    1    1    1    1    1  1.06540E+12 0.00046 
   39   39    1    1    1    1    1    1    1    1  5.66015E+12 0.00046 
   40   40    1    1    1    1    1    1    1    1  7.50858E+12 0.00046 
   41   41    1    1    1    1    1    1    1    1  1.24735E+13 0.00049 
   42   42    1    1    1    1    1    1    1    1  1.29566E+13 0.00039 
   43   43    1    1    1    1    1    1    1    1  2.61678E+13 0.00038 
   44   44    1    1    1    1    1    1    1    1  3.10615E+13 0.00038 
   45   45    1    1    1    1    1    1    1    1  4.38877E+13 0.00027 
   46   46    1    1    1    1    1    1    1    1  8.37877E+13 0.00023 
   47   47    1    1    1    1    1    1    1    1  4.00718E+13 0.00018 
   48   48    1    1    1    1    1    1    1    1  6.45645E+13 0.00015 
   49   49    1    1    1    1    1    1    1    1  8.95574E+13 0.00018 
   50   50    1    1    1    1    1    1    1    1  8.84173E+13 0.00014 
   51   51    1    1    1    1    1    1    1    1  1.34613E+14 0.00014 
   52   52    1    1    1    1    1    1    1    1  1.09515E+14 0.00017 
   53   53    1    1    1    1    1    1    1    1  1.25744E+14 0.00015 
   54   54    1    1    1    1    1    1    1    1  8.84850E+13 0.00012 
   55   55    1    1    1    1    1    1    1    1  1.04977E+14 0.00015 
   56   56    1    1    1    1    1    1    1    1  7.31097E+13 0.00016 
   57   57    1    1    1    1    1    1    1    1  1.00582E+13 0.00034 
   58   58    1    1    1    1    1    1    1    1  1.45226E+14 0.00013 
   59   59    1    1    1    1    1    1    1    1  6.23238E+13 0.00018 
   60   60    1    1    1    1    1    1    1    1  6.70750E+13 0.00017 
   61   61    1    1    1    1    1    1    1    1  5.09606E+13 0.00021 
   62   62    1    1    1    1    1    1    1    1  5.14653E+13 0.00016 
   63   63    1    1    1    1    1    1    1    1  5.31187E+13 0.00019 
   64   64    1    1    1    1    1    1    1    1  4.43106E+13 0.00026 
   65   65    1    1    1    1    1    1    1    1  3.53030E+13 0.00030 
   66   66    1    1    1    1    1    1    1    1  3.49830E+13 0.00028 
   67   67    1    1    1    1    1    1    1    1  2.54531E+13 0.00027 
   68   68    1    1    1    1    1    1    1    1  2.09468E+13 0.00030 
   69   69    1    1    1    1    1    1    1    1  1.88476E+13 0.00042 
   70   70    1    1    1    1    1    1    1    1  2.26768E+13 0.00034 
   71   71    1    1    1    1    1    1    1    1  1.93936E+13 0.00039 
   72   72    1    1    1    1    1    1    1    1  3.62550E+13 0.00026 
   73   73    1    1    1    1    1    1    1    1  2.58865E+13 0.00047 
   74   74    1    1    1    1    1    1    1    1  1.94282E+13 0.00049 
   75   75    1    1    1    1    1    1    1    1  1.52944E+13 0.00047 
   76   76    1    1    1    1    1    1    1    1  1.24009E+13 0.00052 
   77   77    1    1    1    1    1    1    1    1  1.40672E+13 0.00047 
   78   78    1    1    1    1    1    1    1    1  1.08591E+13 0.00047 
   79   79    1    1    1    1    1    1    1    1  8.46727E+12 0.00070 
   80   80    1    1    1    1    1    1    1    1  8.62930E+12 0.00053 
   81   81    1    1    1    1    1    1    1    1  6.34824E+12 0.00089 
   82   82    1    1    1    1    1    1    1    1  4.85166E+12 0.00079 
   83   83    1    1    1    1    1    1    1    1  3.71320E+12 0.00131 
   84   84    1    1    1    1    1    1    1    1  3.47190E+12 0.00102 
   85   85    1    1    1    1    1    1    1    1  2.49352E+12 0.00099 
   86   86    1    1    1    1    1    1    1    1  1.79316E+12 0.00100 
   87   87    1    1    1    1    1    1    1    1  1.67269E+12 0.00121 
   88   88    1    1    1    1    1    1    1    1  1.03910E+12 0.00169 
   89   89    1    1    1    1    1    1    1    1  7.03637E+11 0.00191 
   90   90    1    1    1    1    1    1    1    1  4.08625E+11 0.00187 
   91   91    1    1    1    1    1    1    1    1  5.24960E+11 0.00267 
   92   92    1    1    1    1    1    1    1    1  0.00000E+00 0.00000 
   93   93    1    1    1    1    1    1    1    1  0.00000E+00 0.00000 
   94   94    1    1    1    1    1    1    1    1  0.00000E+00 0.00000 
   95   95    1    1    1    1    1    1    1    1  0.00000E+00 0.00000 
   96   96    1    1    1    1    1    1    1    1  0.00000E+00 0.00000 
   97   97    1    1    1    1    1    1    1    1  0.00000E+00 0.00000 
   98   98    1    1    1    1    1    1    1    1  0.00000E+00 0.00000 
   99   99    1    1    1    1    1    1    1    1  0.00000E+00 0.00000 
  100  100    1    1    1    1    1    1    1    1  0.00000E+00 0.00000 
];


