
DETdpaspec = [
    1    1    1    1    1    1    1    1    1    1  0.00000E+00 0.00000 
    2    2    1    1    1    1    1    1    1    1  0.00000E+00 0.00000 
    3    3    1    1    1    1    1    1    1    1  0.00000E+00 0.00000 
    4    4    1    1    1    1    1    1    1    1  0.00000E+00 0.00000 
    5    5    1    1    1    1    1    1    1    1  0.00000E+00 0.00000 
    6    6    1    1    1    1    1    1    1    1  0.00000E+00 0.00000 
    7    7    1    1    1    1    1    1    1    1  0.00000E+00 0.00000 
    8    8    1    1    1    1    1    1    1    1  0.00000E+00 0.00000 
    9    9    1    1    1    1    1    1    1    1  0.00000E+00 0.00000 
   10   10    1    1    1    1    1    1    1    1  0.00000E+00 0.00000 
   11   11    1    1    1    1    1    1    1    1  0.00000E+00 0.00000 
   12   12    1    1    1    1    1    1    1    1  0.00000E+00 0.00000 
   13   13    1    1    1    1    1    1    1    1  0.00000E+00 0.00000 
   14   14    1    1    1    1    1    1    1    1  0.00000E+00 0.00000 
   15   15    1    1    1    1    1    1    1    1  0.00000E+00 0.00000 
   16   16    1    1    1    1    1    1    1    1  0.00000E+00 0.00000 
   17   17    1    1    1    1    1    1    1    1  0.00000E+00 0.00000 
   18   18    1    1    1    1    1    1    1    1  0.00000E+00 0.00000 
   19   19    1    1    1    1    1    1    1    1  1.24618E+09 0.07210 
   20   20    1    1    1    1    1    1    1    1  1.71290E+08 0.10944 
   21   21    1    1    1    1    1    1    1    1  5.76399E+08 0.07999 
   22   22    1    1    1    1    1    1    1    1  5.36366E+08 0.06977 
   23   23    1    1    1    1    1    1    1    1  1.03216E+09 0.04096 
   24   24    1    1    1    1    1    1    1    1  1.92617E+09 0.04552 
   25   25    1    1    1    1    1    1    1    1  4.18237E+09 0.02673 
   26   26    1    1    1    1    1    1    1    1  6.53707E+09 0.01669 
   27   27    1    1    1    1    1    1    1    1  1.36061E+10 0.01480 
   28   28    1    1    1    1    1    1    1    1  3.23220E+10 0.01143 
   29   29    1    1    1    1    1    1    1    1  8.24690E+10 0.00800 
   30   30    1    1    1    1    1    1    1    1  1.48490E+11 0.00669 
   31   31    1    1    1    1    1    1    1    1  3.52894E+11 0.00312 
   32   32    1    1    1    1    1    1    1    1  9.36125E+11 0.00208 
   33   33    1    1    1    1    1    1    1    1  1.56050E+12 0.00134 
   34   34    1    1    1    1    1    1    1    1  3.46994E+12 0.00104 
   35   35    1    1    1    1    1    1    1    1  4.65699E+12 0.00091 
   36   36    1    1    1    1    1    1    1    1  5.32592E+12 0.00083 
   37   37    1    1    1    1    1    1    1    1  3.40572E+12 0.00072 
   38   38    1    1    1    1    1    1    1    1  1.01249E+12 0.00060 
   39   39    1    1    1    1    1    1    1    1  5.74296E+12 0.00056 
   40   40    1    1    1    1    1    1    1    1  7.65248E+12 0.00067 
   41   41    1    1    1    1    1    1    1    1  1.31000E+13 0.00040 
   42   42    1    1    1    1    1    1    1    1  1.27625E+13 0.00032 
   43   43    1    1    1    1    1    1    1    1  2.72127E+13 0.00025 
   44   44    1    1    1    1    1    1    1    1  3.24547E+13 0.00032 
   45   45    1    1    1    1    1    1    1    1  4.60278E+13 0.00029 
   46   46    1    1    1    1    1    1    1    1  9.04211E+13 0.00022 
   47   47    1    1    1    1    1    1    1    1  4.13331E+13 0.00019 
   48   48    1    1    1    1    1    1    1    1  6.52021E+13 0.00026 
   49   49    1    1    1    1    1    1    1    1  8.98741E+13 0.00019 
   50   50    1    1    1    1    1    1    1    1  8.69514E+13 0.00021 
   51   51    1    1    1    1    1    1    1    1  1.35128E+14 0.00015 
   52   52    1    1    1    1    1    1    1    1  1.04590E+14 0.00018 
   53   53    1    1    1    1    1    1    1    1  1.24721E+14 0.00014 
   54   54    1    1    1    1    1    1    1    1  8.54732E+13 0.00013 
   55   55    1    1    1    1    1    1    1    1  1.05308E+14 0.00016 
   56   56    1    1    1    1    1    1    1    1  7.18464E+13 0.00012 
   57   57    1    1    1    1    1    1    1    1  9.69749E+12 0.00026 
   58   58    1    1    1    1    1    1    1    1  1.41261E+14 0.00018 
   59   59    1    1    1    1    1    1    1    1  6.36912E+13 0.00018 
   60   60    1    1    1    1    1    1    1    1  6.68595E+13 0.00019 
   61   61    1    1    1    1    1    1    1    1  5.24395E+13 0.00020 
   62   62    1    1    1    1    1    1    1    1  5.22209E+13 0.00019 
   63   63    1    1    1    1    1    1    1    1  5.41825E+13 0.00032 
   64   64    1    1    1    1    1    1    1    1  4.53667E+13 0.00030 
   65   65    1    1    1    1    1    1    1    1  3.57732E+13 0.00034 
   66   66    1    1    1    1    1    1    1    1  3.52698E+13 0.00036 
   67   67    1    1    1    1    1    1    1    1  2.54191E+13 0.00031 
   68   68    1    1    1    1    1    1    1    1  2.05697E+13 0.00043 
   69   69    1    1    1    1    1    1    1    1  1.83368E+13 0.00049 
   70   70    1    1    1    1    1    1    1    1  2.19617E+13 0.00028 
   71   71    1    1    1    1    1    1    1    1  1.85550E+13 0.00050 
   72   72    1    1    1    1    1    1    1    1  3.31080E+13 0.00034 
   73   73    1    1    1    1    1    1    1    1  2.31956E+13 0.00032 
   74   74    1    1    1    1    1    1    1    1  1.74366E+13 0.00053 
   75   75    1    1    1    1    1    1    1    1  1.41068E+13 0.00041 
   76   76    1    1    1    1    1    1    1    1  1.18086E+13 0.00049 
   77   77    1    1    1    1    1    1    1    1  1.37781E+13 0.00056 
   78   78    1    1    1    1    1    1    1    1  1.09715E+13 0.00062 
   79   79    1    1    1    1    1    1    1    1  8.80146E+12 0.00061 
   80   80    1    1    1    1    1    1    1    1  9.12630E+12 0.00059 
   81   81    1    1    1    1    1    1    1    1  6.78441E+12 0.00056 
   82   82    1    1    1    1    1    1    1    1  5.24210E+12 0.00063 
   83   83    1    1    1    1    1    1    1    1  4.04224E+12 0.00108 
   84   84    1    1    1    1    1    1    1    1  3.77533E+12 0.00093 
   85   85    1    1    1    1    1    1    1    1  2.72087E+12 0.00105 
   86   86    1    1    1    1    1    1    1    1  1.96517E+12 0.00127 
   87   87    1    1    1    1    1    1    1    1  1.83934E+12 0.00091 
   88   88    1    1    1    1    1    1    1    1  1.12792E+12 0.00212 
   89   89    1    1    1    1    1    1    1    1  7.59913E+11 0.00173 
   90   90    1    1    1    1    1    1    1    1  4.38740E+11 0.00293 
   91   91    1    1    1    1    1    1    1    1  5.52172E+11 0.00239 
   92   92    1    1    1    1    1    1    1    1  0.00000E+00 0.00000 
   93   93    1    1    1    1    1    1    1    1  0.00000E+00 0.00000 
   94   94    1    1    1    1    1    1    1    1  0.00000E+00 0.00000 
   95   95    1    1    1    1    1    1    1    1  0.00000E+00 0.00000 
   96   96    1    1    1    1    1    1    1    1  0.00000E+00 0.00000 
   97   97    1    1    1    1    1    1    1    1  0.00000E+00 0.00000 
   98   98    1    1    1    1    1    1    1    1  0.00000E+00 0.00000 
   99   99    1    1    1    1    1    1    1    1  0.00000E+00 0.00000 
  100  100    1    1    1    1    1    1    1    1  0.00000E+00 0.00000 
];


