
DETdpaspec = [
    1    1    1    1    1    1    1    1    1    1  0.00000E+00 0.00000 
    2    2    1    1    1    1    1    1    1    1  0.00000E+00 0.00000 
    3    3    1    1    1    1    1    1    1    1  0.00000E+00 0.00000 
    4    4    1    1    1    1    1    1    1    1  0.00000E+00 0.00000 
    5    5    1    1    1    1    1    1    1    1  0.00000E+00 0.00000 
    6    6    1    1    1    1    1    1    1    1  0.00000E+00 0.00000 
    7    7    1    1    1    1    1    1    1    1  0.00000E+00 0.00000 
    8    8    1    1    1    1    1    1    1    1  0.00000E+00 0.00000 
    9    9    1    1    1    1    1    1    1    1  0.00000E+00 0.00000 
   10   10    1    1    1    1    1    1    1    1  0.00000E+00 0.00000 
   11   11    1    1    1    1    1    1    1    1  0.00000E+00 0.00000 
   12   12    1    1    1    1    1    1    1    1  0.00000E+00 0.00000 
   13   13    1    1    1    1    1    1    1    1  0.00000E+00 0.00000 
   14   14    1    1    1    1    1    1    1    1  0.00000E+00 0.00000 
   15   15    1    1    1    1    1    1    1    1  0.00000E+00 0.00000 
   16   16    1    1    1    1    1    1    1    1  0.00000E+00 0.00000 
   17   17    1    1    1    1    1    1    1    1  0.00000E+00 0.00000 
   18   18    1    1    1    1    1    1    1    1  0.00000E+00 0.00000 
   19   19    1    1    1    1    1    1    1    1  1.99801E+09 0.06090 
   20   20    1    1    1    1    1    1    1    1  2.75198E+08 0.06604 
   21   21    1    1    1    1    1    1    1    1  1.02269E+09 0.06219 
   22   22    1    1    1    1    1    1    1    1  8.03424E+08 0.04106 
   23   23    1    1    1    1    1    1    1    1  2.11292E+09 0.02825 
   24   24    1    1    1    1    1    1    1    1  2.78104E+09 0.03643 
   25   25    1    1    1    1    1    1    1    1  4.56945E+09 0.02651 
   26   26    1    1    1    1    1    1    1    1  5.57652E+09 0.02372 
   27   27    1    1    1    1    1    1    1    1  9.11646E+09 0.01395 
   28   28    1    1    1    1    1    1    1    1  1.64287E+10 0.01268 
   29   29    1    1    1    1    1    1    1    1  3.51998E+10 0.00913 
   30   30    1    1    1    1    1    1    1    1  5.50244E+10 0.00556 
   31   31    1    1    1    1    1    1    1    1  1.63688E+11 0.00310 
   32   32    1    1    1    1    1    1    1    1  5.05286E+11 0.00266 
   33   33    1    1    1    1    1    1    1    1  9.44485E+11 0.00158 
   34   34    1    1    1    1    1    1    1    1  2.19404E+12 0.00145 
   35   35    1    1    1    1    1    1    1    1  3.00339E+12 0.00098 
   36   36    1    1    1    1    1    1    1    1  4.13341E+12 0.00064 
   37   37    1    1    1    1    1    1    1    1  2.88706E+12 0.00063 
   38   38    1    1    1    1    1    1    1    1  8.98425E+11 0.00051 
   39   39    1    1    1    1    1    1    1    1  4.94130E+12 0.00056 
   40   40    1    1    1    1    1    1    1    1  6.62798E+12 0.00049 
   41   41    1    1    1    1    1    1    1    1  1.13110E+13 0.00040 
   42   42    1    1    1    1    1    1    1    1  1.15483E+13 0.00036 
   43   43    1    1    1    1    1    1    1    1  2.41430E+13 0.00037 
   44   44    1    1    1    1    1    1    1    1  2.90572E+13 0.00032 
   45   45    1    1    1    1    1    1    1    1  4.16668E+13 0.00024 
   46   46    1    1    1    1    1    1    1    1  8.20020E+13 0.00022 
   47   47    1    1    1    1    1    1    1    1  3.89581E+13 0.00023 
   48   48    1    1    1    1    1    1    1    1  6.26079E+13 0.00024 
   49   49    1    1    1    1    1    1    1    1  8.73916E+13 0.00019 
   50   50    1    1    1    1    1    1    1    1  8.60964E+13 0.00013 
   51   51    1    1    1    1    1    1    1    1  1.33272E+14 0.00014 
   52   52    1    1    1    1    1    1    1    1  1.06943E+14 0.00013 
   53   53    1    1    1    1    1    1    1    1  1.25509E+14 0.00021 
   54   54    1    1    1    1    1    1    1    1  8.77117E+13 0.00019 
   55   55    1    1    1    1    1    1    1    1  1.06245E+14 0.00020 
   56   56    1    1    1    1    1    1    1    1  7.34675E+13 0.00016 
   57   57    1    1    1    1    1    1    1    1  1.00330E+13 0.00020 
   58   58    1    1    1    1    1    1    1    1  1.45811E+14 0.00013 
   59   59    1    1    1    1    1    1    1    1  6.41074E+13 0.00020 
   60   60    1    1    1    1    1    1    1    1  6.84629E+13 0.00020 
   61   61    1    1    1    1    1    1    1    1  5.28673E+13 0.00022 
   62   62    1    1    1    1    1    1    1    1  5.31482E+13 0.00024 
   63   63    1    1    1    1    1    1    1    1  5.50973E+13 0.00029 
   64   64    1    1    1    1    1    1    1    1  4.62139E+13 0.00025 
   65   65    1    1    1    1    1    1    1    1  3.67554E+13 0.00028 
   66   66    1    1    1    1    1    1    1    1  3.64234E+13 0.00030 
   67   67    1    1    1    1    1    1    1    1  2.64720E+13 0.00038 
   68   68    1    1    1    1    1    1    1    1  2.16575E+13 0.00043 
   69   69    1    1    1    1    1    1    1    1  1.94578E+13 0.00042 
   70   70    1    1    1    1    1    1    1    1  2.34006E+13 0.00036 
   71   71    1    1    1    1    1    1    1    1  1.99685E+13 0.00042 
   72   72    1    1    1    1    1    1    1    1  3.66700E+13 0.00037 
   73   73    1    1    1    1    1    1    1    1  2.60409E+13 0.00042 
   74   74    1    1    1    1    1    1    1    1  1.96116E+13 0.00053 
   75   75    1    1    1    1    1    1    1    1  1.56474E+13 0.00045 
   76   76    1    1    1    1    1    1    1    1  1.28824E+13 0.00049 
   77   77    1    1    1    1    1    1    1    1  1.48171E+13 0.00053 
   78   78    1    1    1    1    1    1    1    1  1.16103E+13 0.00057 
   79   79    1    1    1    1    1    1    1    1  9.17579E+12 0.00037 
   80   80    1    1    1    1    1    1    1    1  9.42217E+12 0.00056 
   81   81    1    1    1    1    1    1    1    1  6.97386E+12 0.00064 
   82   82    1    1    1    1    1    1    1    1  5.35616E+12 0.00056 
   83   83    1    1    1    1    1    1    1    1  4.11339E+12 0.00098 
   84   84    1    1    1    1    1    1    1    1  3.84393E+12 0.00101 
   85   85    1    1    1    1    1    1    1    1  2.76525E+12 0.00137 
   86   86    1    1    1    1    1    1    1    1  1.99539E+12 0.00149 
   87   87    1    1    1    1    1    1    1    1  1.86790E+12 0.00121 
   88   88    1    1    1    1    1    1    1    1  1.15708E+12 0.00205 
   89   89    1    1    1    1    1    1    1    1  7.79954E+11 0.00220 
   90   90    1    1    1    1    1    1    1    1  4.51267E+11 0.00266 
   91   91    1    1    1    1    1    1    1    1  5.77220E+11 0.00312 
   92   92    1    1    1    1    1    1    1    1  0.00000E+00 0.00000 
   93   93    1    1    1    1    1    1    1    1  0.00000E+00 0.00000 
   94   94    1    1    1    1    1    1    1    1  0.00000E+00 0.00000 
   95   95    1    1    1    1    1    1    1    1  0.00000E+00 0.00000 
   96   96    1    1    1    1    1    1    1    1  0.00000E+00 0.00000 
   97   97    1    1    1    1    1    1    1    1  0.00000E+00 0.00000 
   98   98    1    1    1    1    1    1    1    1  0.00000E+00 0.00000 
   99   99    1    1    1    1    1    1    1    1  0.00000E+00 0.00000 
  100  100    1    1    1    1    1    1    1    1  0.00000E+00 0.00000 
];


