
DETdpaspec = [
    1    1    1    1    1    1    1    1    1    1  0.00000E+00 0.00000 
    2    2    1    1    1    1    1    1    1    1  0.00000E+00 0.00000 
    3    3    1    1    1    1    1    1    1    1  0.00000E+00 0.00000 
    4    4    1    1    1    1    1    1    1    1  0.00000E+00 0.00000 
    5    5    1    1    1    1    1    1    1    1  0.00000E+00 0.00000 
    6    6    1    1    1    1    1    1    1    1  0.00000E+00 0.00000 
    7    7    1    1    1    1    1    1    1    1  0.00000E+00 0.00000 
    8    8    1    1    1    1    1    1    1    1  0.00000E+00 0.00000 
    9    9    1    1    1    1    1    1    1    1  0.00000E+00 0.00000 
   10   10    1    1    1    1    1    1    1    1  0.00000E+00 0.00000 
   11   11    1    1    1    1    1    1    1    1  0.00000E+00 0.00000 
   12   12    1    1    1    1    1    1    1    1  0.00000E+00 0.00000 
   13   13    1    1    1    1    1    1    1    1  0.00000E+00 0.00000 
   14   14    1    1    1    1    1    1    1    1  0.00000E+00 0.00000 
   15   15    1    1    1    1    1    1    1    1  0.00000E+00 0.00000 
   16   16    1    1    1    1    1    1    1    1  0.00000E+00 0.00000 
   17   17    1    1    1    1    1    1    1    1  0.00000E+00 0.00000 
   18   18    1    1    1    1    1    1    1    1  0.00000E+00 0.00000 
   19   19    1    1    1    1    1    1    1    1  1.53881E+09 0.07385 
   20   20    1    1    1    1    1    1    1    1  2.54109E+08 0.06603 
   21   21    1    1    1    1    1    1    1    1  9.10790E+08 0.04965 
   22   22    1    1    1    1    1    1    1    1  7.45217E+08 0.04729 
   23   23    1    1    1    1    1    1    1    1  1.60814E+09 0.04161 
   24   24    1    1    1    1    1    1    1    1  2.35013E+09 0.02291 
   25   25    1    1    1    1    1    1    1    1  3.90053E+09 0.02695 
   26   26    1    1    1    1    1    1    1    1  4.95125E+09 0.02525 
   27   27    1    1    1    1    1    1    1    1  8.35741E+09 0.02116 
   28   28    1    1    1    1    1    1    1    1  1.51430E+10 0.01246 
   29   29    1    1    1    1    1    1    1    1  3.43622E+10 0.00990 
   30   30    1    1    1    1    1    1    1    1  5.75648E+10 0.00653 
   31   31    1    1    1    1    1    1    1    1  1.65557E+11 0.00354 
   32   32    1    1    1    1    1    1    1    1  5.12796E+11 0.00336 
   33   33    1    1    1    1    1    1    1    1  9.49828E+11 0.00199 
   34   34    1    1    1    1    1    1    1    1  2.23570E+12 0.00139 
   35   35    1    1    1    1    1    1    1    1  3.10052E+12 0.00099 
   36   36    1    1    1    1    1    1    1    1  4.11935E+12 0.00078 
   37   37    1    1    1    1    1    1    1    1  2.83520E+12 0.00069 
   38   38    1    1    1    1    1    1    1    1  8.73614E+11 0.00085 
   39   39    1    1    1    1    1    1    1    1  4.85441E+12 0.00069 
   40   40    1    1    1    1    1    1    1    1  6.52709E+12 0.00057 
   41   41    1    1    1    1    1    1    1    1  1.12140E+13 0.00033 
   42   42    1    1    1    1    1    1    1    1  1.13533E+13 0.00052 
   43   43    1    1    1    1    1    1    1    1  2.39782E+13 0.00045 
   44   44    1    1    1    1    1    1    1    1  2.89067E+13 0.00031 
   45   45    1    1    1    1    1    1    1    1  4.15521E+13 0.00039 
   46   46    1    1    1    1    1    1    1    1  8.22937E+13 0.00023 
   47   47    1    1    1    1    1    1    1    1  3.88715E+13 0.00020 
   48   48    1    1    1    1    1    1    1    1  6.22934E+13 0.00014 
   49   49    1    1    1    1    1    1    1    1  8.70058E+13 0.00016 
   50   50    1    1    1    1    1    1    1    1  8.55156E+13 0.00015 
   51   51    1    1    1    1    1    1    1    1  1.33013E+14 0.00015 
   52   52    1    1    1    1    1    1    1    1  1.05974E+14 0.00019 
   53   53    1    1    1    1    1    1    1    1  1.25258E+14 0.00015 
   54   54    1    1    1    1    1    1    1    1  8.72576E+13 0.00015 
   55   55    1    1    1    1    1    1    1    1  1.06415E+14 0.00015 
   56   56    1    1    1    1    1    1    1    1  7.33884E+13 0.00012 
   57   57    1    1    1    1    1    1    1    1  9.99203E+12 0.00028 
   58   58    1    1    1    1    1    1    1    1  1.45565E+14 0.00010 
   59   59    1    1    1    1    1    1    1    1  6.45870E+13 0.00023 
   60   60    1    1    1    1    1    1    1    1  6.87195E+13 0.00021 
   61   61    1    1    1    1    1    1    1    1  5.33550E+13 0.00023 
   62   62    1    1    1    1    1    1    1    1  5.35249E+13 0.00024 
   63   63    1    1    1    1    1    1    1    1  5.56070E+13 0.00035 
   64   64    1    1    1    1    1    1    1    1  4.66728E+13 0.00034 
   65   65    1    1    1    1    1    1    1    1  3.70718E+13 0.00031 
   66   66    1    1    1    1    1    1    1    1  3.67178E+13 0.00026 
   67   67    1    1    1    1    1    1    1    1  2.66338E+13 0.00025 
   68   68    1    1    1    1    1    1    1    1  2.17397E+13 0.00038 
   69   69    1    1    1    1    1    1    1    1  1.94881E+13 0.00042 
   70   70    1    1    1    1    1    1    1    1  2.34466E+13 0.00045 
   71   71    1    1    1    1    1    1    1    1  1.99627E+13 0.00037 
   72   72    1    1    1    1    1    1    1    1  3.64096E+13 0.00027 
   73   73    1    1    1    1    1    1    1    1  2.57965E+13 0.00040 
   74   74    1    1    1    1    1    1    1    1  1.94374E+13 0.00035 
   75   75    1    1    1    1    1    1    1    1  1.55824E+13 0.00038 
   76   76    1    1    1    1    1    1    1    1  1.29074E+13 0.00050 
   77   77    1    1    1    1    1    1    1    1  1.48909E+13 0.00063 
   78   78    1    1    1    1    1    1    1    1  1.17452E+13 0.00049 
   79   79    1    1    1    1    1    1    1    1  9.32730E+12 0.00069 
   80   80    1    1    1    1    1    1    1    1  9.61820E+12 0.00050 
   81   81    1    1    1    1    1    1    1    1  7.11751E+12 0.00067 
   82   82    1    1    1    1    1    1    1    1  5.48996E+12 0.00094 
   83   83    1    1    1    1    1    1    1    1  4.21799E+12 0.00074 
   84   84    1    1    1    1    1    1    1    1  3.94366E+12 0.00092 
   85   85    1    1    1    1    1    1    1    1  2.83787E+12 0.00096 
   86   86    1    1    1    1    1    1    1    1  2.05046E+12 0.00136 
   87   87    1    1    1    1    1    1    1    1  1.91640E+12 0.00141 
   88   88    1    1    1    1    1    1    1    1  1.18063E+12 0.00175 
   89   89    1    1    1    1    1    1    1    1  7.96527E+11 0.00271 
   90   90    1    1    1    1    1    1    1    1  4.62248E+11 0.00284 
   91   91    1    1    1    1    1    1    1    1  5.91624E+11 0.00243 
   92   92    1    1    1    1    1    1    1    1  0.00000E+00 0.00000 
   93   93    1    1    1    1    1    1    1    1  0.00000E+00 0.00000 
   94   94    1    1    1    1    1    1    1    1  0.00000E+00 0.00000 
   95   95    1    1    1    1    1    1    1    1  0.00000E+00 0.00000 
   96   96    1    1    1    1    1    1    1    1  0.00000E+00 0.00000 
   97   97    1    1    1    1    1    1    1    1  0.00000E+00 0.00000 
   98   98    1    1    1    1    1    1    1    1  0.00000E+00 0.00000 
   99   99    1    1    1    1    1    1    1    1  0.00000E+00 0.00000 
  100  100    1    1    1    1    1    1    1    1  0.00000E+00 0.00000 
];


