
DETdpaspec = [
    1    1    1    1    1    1    1    1    1    1  0.00000E+00 0.00000 
    2    2    1    1    1    1    1    1    1    1  0.00000E+00 0.00000 
    3    3    1    1    1    1    1    1    1    1  0.00000E+00 0.00000 
    4    4    1    1    1    1    1    1    1    1  0.00000E+00 0.00000 
    5    5    1    1    1    1    1    1    1    1  0.00000E+00 0.00000 
    6    6    1    1    1    1    1    1    1    1  0.00000E+00 0.00000 
    7    7    1    1    1    1    1    1    1    1  0.00000E+00 0.00000 
    8    8    1    1    1    1    1    1    1    1  0.00000E+00 0.00000 
    9    9    1    1    1    1    1    1    1    1  0.00000E+00 0.00000 
   10   10    1    1    1    1    1    1    1    1  0.00000E+00 0.00000 
   11   11    1    1    1    1    1    1    1    1  0.00000E+00 0.00000 
   12   12    1    1    1    1    1    1    1    1  0.00000E+00 0.00000 
   13   13    1    1    1    1    1    1    1    1  0.00000E+00 0.00000 
   14   14    1    1    1    1    1    1    1    1  0.00000E+00 0.00000 
   15   15    1    1    1    1    1    1    1    1  0.00000E+00 0.00000 
   16   16    1    1    1    1    1    1    1    1  0.00000E+00 0.00000 
   17   17    1    1    1    1    1    1    1    1  0.00000E+00 0.00000 
   18   18    1    1    1    1    1    1    1    1  0.00000E+00 0.00000 
   19   19    1    1    1    1    1    1    1    1  1.35002E+09 0.10154 
   20   20    1    1    1    1    1    1    1    1  1.66450E+08 0.10062 
   21   21    1    1    1    1    1    1    1    1  6.23619E+08 0.06589 
   22   22    1    1    1    1    1    1    1    1  4.87824E+08 0.07303 
   23   23    1    1    1    1    1    1    1    1  1.15722E+09 0.03855 
   24   24    1    1    1    1    1    1    1    1  1.67172E+09 0.03157 
   25   25    1    1    1    1    1    1    1    1  3.36465E+09 0.02302 
   26   26    1    1    1    1    1    1    1    1  4.89370E+09 0.02271 
   27   27    1    1    1    1    1    1    1    1  9.67583E+09 0.01561 
   28   28    1    1    1    1    1    1    1    1  2.16386E+10 0.01342 
   29   29    1    1    1    1    1    1    1    1  5.54984E+10 0.00909 
   30   30    1    1    1    1    1    1    1    1  1.01997E+11 0.00745 
   31   31    1    1    1    1    1    1    1    1  2.59032E+11 0.00318 
   32   32    1    1    1    1    1    1    1    1  7.34988E+11 0.00211 
   33   33    1    1    1    1    1    1    1    1  1.27322E+12 0.00141 
   34   34    1    1    1    1    1    1    1    1  2.92378E+12 0.00117 
   35   35    1    1    1    1    1    1    1    1  4.01118E+12 0.00097 
   36   36    1    1    1    1    1    1    1    1  4.79292E+12 0.00091 
   37   37    1    1    1    1    1    1    1    1  3.13097E+12 0.00077 
   38   38    1    1    1    1    1    1    1    1  9.40609E+11 0.00092 
   39   39    1    1    1    1    1    1    1    1  5.32143E+12 0.00090 
   40   40    1    1    1    1    1    1    1    1  7.12572E+12 0.00057 
   41   41    1    1    1    1    1    1    1    1  1.22440E+13 0.00056 
   42   42    1    1    1    1    1    1    1    1  1.20595E+13 0.00046 
   43   43    1    1    1    1    1    1    1    1  2.57013E+13 0.00038 
   44   44    1    1    1    1    1    1    1    1  3.08292E+13 0.00035 
   45   45    1    1    1    1    1    1    1    1  4.39995E+13 0.00023 
   46   46    1    1    1    1    1    1    1    1  8.70686E+13 0.00018 
   47   47    1    1    1    1    1    1    1    1  4.02298E+13 0.00020 
   48   48    1    1    1    1    1    1    1    1  6.37857E+13 0.00018 
   49   49    1    1    1    1    1    1    1    1  8.84178E+13 0.00019 
   50   50    1    1    1    1    1    1    1    1  8.59889E+13 0.00017 
   51   51    1    1    1    1    1    1    1    1  1.34064E+14 0.00015 
   52   52    1    1    1    1    1    1    1    1  1.04611E+14 0.00017 
   53   53    1    1    1    1    1    1    1    1  1.24805E+14 0.00016 
   54   54    1    1    1    1    1    1    1    1  8.60074E+13 0.00012 
   55   55    1    1    1    1    1    1    1    1  1.05978E+14 0.00016 
   56   56    1    1    1    1    1    1    1    1  7.25481E+13 0.00018 
   57   57    1    1    1    1    1    1    1    1  9.81465E+12 0.00030 
   58   58    1    1    1    1    1    1    1    1  1.43021E+14 0.00015 
   59   59    1    1    1    1    1    1    1    1  6.43365E+13 0.00022 
   60   60    1    1    1    1    1    1    1    1  6.78078E+13 0.00020 
   61   61    1    1    1    1    1    1    1    1  5.31063E+13 0.00021 
   62   62    1    1    1    1    1    1    1    1  5.30172E+13 0.00020 
   63   63    1    1    1    1    1    1    1    1  5.50555E+13 0.00026 
   64   64    1    1    1    1    1    1    1    1  4.62130E+13 0.00024 
   65   65    1    1    1    1    1    1    1    1  3.65055E+13 0.00027 
   66   66    1    1    1    1    1    1    1    1  3.60681E+13 0.00026 
   67   67    1    1    1    1    1    1    1    1  2.60617E+13 0.00031 
   68   68    1    1    1    1    1    1    1    1  2.11208E+13 0.00034 
   69   69    1    1    1    1    1    1    1    1  1.88765E+13 0.00039 
   70   70    1    1    1    1    1    1    1    1  2.26299E+13 0.00040 
   71   71    1    1    1    1    1    1    1    1  1.91839E+13 0.00039 
   72   72    1    1    1    1    1    1    1    1  3.43781E+13 0.00032 
   73   73    1    1    1    1    1    1    1    1  2.41553E+13 0.00045 
   74   74    1    1    1    1    1    1    1    1  1.81915E+13 0.00042 
   75   75    1    1    1    1    1    1    1    1  1.47047E+13 0.00037 
   76   76    1    1    1    1    1    1    1    1  1.22775E+13 0.00050 
   77   77    1    1    1    1    1    1    1    1  1.42976E+13 0.00051 
   78   78    1    1    1    1    1    1    1    1  1.13762E+13 0.00049 
   79   79    1    1    1    1    1    1    1    1  9.10025E+12 0.00057 
   80   80    1    1    1    1    1    1    1    1  9.42034E+12 0.00059 
   81   81    1    1    1    1    1    1    1    1  7.02144E+12 0.00069 
   82   82    1    1    1    1    1    1    1    1  5.41709E+12 0.00069 
   83   83    1    1    1    1    1    1    1    1  4.16399E+12 0.00055 
   84   84    1    1    1    1    1    1    1    1  3.89792E+12 0.00079 
   85   85    1    1    1    1    1    1    1    1  2.81223E+12 0.00098 
   86   86    1    1    1    1    1    1    1    1  2.03303E+12 0.00148 
   87   87    1    1    1    1    1    1    1    1  1.89993E+12 0.00109 
   88   88    1    1    1    1    1    1    1    1  1.16506E+12 0.00197 
   89   89    1    1    1    1    1    1    1    1  7.88331E+11 0.00164 
   90   90    1    1    1    1    1    1    1    1  4.53761E+11 0.00305 
   91   91    1    1    1    1    1    1    1    1  5.72853E+11 0.00292 
   92   92    1    1    1    1    1    1    1    1  0.00000E+00 0.00000 
   93   93    1    1    1    1    1    1    1    1  0.00000E+00 0.00000 
   94   94    1    1    1    1    1    1    1    1  0.00000E+00 0.00000 
   95   95    1    1    1    1    1    1    1    1  0.00000E+00 0.00000 
   96   96    1    1    1    1    1    1    1    1  0.00000E+00 0.00000 
   97   97    1    1    1    1    1    1    1    1  0.00000E+00 0.00000 
   98   98    1    1    1    1    1    1    1    1  0.00000E+00 0.00000 
   99   99    1    1    1    1    1    1    1    1  0.00000E+00 0.00000 
  100  100    1    1    1    1    1    1    1    1  0.00000E+00 0.00000 
];


