
DETdpaspec = [
    1    1    1    1    1    1    1    1    1    1  0.00000E+00 0.00000 
    2    2    1    1    1    1    1    1    1    1  0.00000E+00 0.00000 
    3    3    1    1    1    1    1    1    1    1  0.00000E+00 0.00000 
    4    4    1    1    1    1    1    1    1    1  0.00000E+00 0.00000 
    5    5    1    1    1    1    1    1    1    1  0.00000E+00 0.00000 
    6    6    1    1    1    1    1    1    1    1  0.00000E+00 0.00000 
    7    7    1    1    1    1    1    1    1    1  0.00000E+00 0.00000 
    8    8    1    1    1    1    1    1    1    1  0.00000E+00 0.00000 
    9    9    1    1    1    1    1    1    1    1  0.00000E+00 0.00000 
   10   10    1    1    1    1    1    1    1    1  0.00000E+00 0.00000 
   11   11    1    1    1    1    1    1    1    1  0.00000E+00 0.00000 
   12   12    1    1    1    1    1    1    1    1  0.00000E+00 0.00000 
   13   13    1    1    1    1    1    1    1    1  0.00000E+00 0.00000 
   14   14    1    1    1    1    1    1    1    1  0.00000E+00 0.00000 
   15   15    1    1    1    1    1    1    1    1  0.00000E+00 0.00000 
   16   16    1    1    1    1    1    1    1    1  0.00000E+00 0.00000 
   17   17    1    1    1    1    1    1    1    1  0.00000E+00 0.00000 
   18   18    1    1    1    1    1    1    1    1  0.00000E+00 0.00000 
   19   19    1    1    1    1    1    1    1    1  7.59414E+08 0.18977 
   20   20    1    1    1    1    1    1    1    1  8.23878E+07 0.18530 
   21   21    1    1    1    1    1    1    1    1  4.40206E+08 0.11619 
   22   22    1    1    1    1    1    1    1    1  1.18383E+09 0.05042 
   23   23    1    1    1    1    1    1    1    1  6.16461E+09 0.02492 
   24   24    1    1    1    1    1    1    1    1  2.52694E+10 0.01071 
   25   25    1    1    1    1    1    1    1    1  6.87685E+10 0.00829 
   26   26    1    1    1    1    1    1    1    1  1.02795E+11 0.00464 
   27   27    1    1    1    1    1    1    1    1  2.00550E+11 0.00328 
   28   28    1    1    1    1    1    1    1    1  3.58388E+11 0.00277 
   29   29    1    1    1    1    1    1    1    1  6.17512E+11 0.00246 
   30   30    1    1    1    1    1    1    1    1  8.96332E+11 0.00187 
   31   31    1    1    1    1    1    1    1    1  1.60473E+12 0.00178 
   32   32    1    1    1    1    1    1    1    1  2.98082E+12 0.00096 
   33   33    1    1    1    1    1    1    1    1  4.09202E+12 0.00074 
   34   34    1    1    1    1    1    1    1    1  7.57348E+12 0.00051 
   35   35    1    1    1    1    1    1    1    1  8.87138E+12 0.00054 
   36   36    1    1    1    1    1    1    1    1  8.76678E+12 0.00044 
   37   37    1    1    1    1    1    1    1    1  5.14529E+12 0.00052 
   38   38    1    1    1    1    1    1    1    1  1.48861E+12 0.00052 
   39   39    1    1    1    1    1    1    1    1  8.43023E+12 0.00038 
   40   40    1    1    1    1    1    1    1    1  1.09273E+13 0.00039 
   41   41    1    1    1    1    1    1    1    1  1.82270E+13 0.00033 
   42   42    1    1    1    1    1    1    1    1  1.70908E+13 0.00031 
   43   43    1    1    1    1    1    1    1    1  3.57623E+13 0.00024 
   44   44    1    1    1    1    1    1    1    1  4.13879E+13 0.00024 
   45   45    1    1    1    1    1    1    1    1  5.68793E+13 0.00025 
   46   46    1    1    1    1    1    1    1    1  1.07038E+14 0.00017 
   47   47    1    1    1    1    1    1    1    1  4.68093E+13 0.00011 
   48   48    1    1    1    1    1    1    1    1  7.24427E+13 0.00013 
   49   49    1    1    1    1    1    1    1    1  9.70685E+13 0.00015 
   50   50    1    1    1    1    1    1    1    1  9.17538E+13 0.00016 
   51   51    1    1    1    1    1    1    1    1  1.39401E+14 0.00012 
   52   52    1    1    1    1    1    1    1    1  1.04482E+14 0.00014 
   53   53    1    1    1    1    1    1    1    1  1.23112E+14 0.00019 
   54   54    1    1    1    1    1    1    1    1  8.24988E+13 0.00012 
   55   55    1    1    1    1    1    1    1    1  1.00888E+14 0.00014 
   56   56    1    1    1    1    1    1    1    1  6.78480E+13 0.00017 
   57   57    1    1    1    1    1    1    1    1  9.09060E+12 0.00035 
   58   58    1    1    1    1    1    1    1    1  1.31376E+14 0.00013 
   59   59    1    1    1    1    1    1    1    1  5.89160E+13 0.00020 
   60   60    1    1    1    1    1    1    1    1  6.10713E+13 0.00022 
   61   61    1    1    1    1    1    1    1    1  4.77276E+13 0.00013 
   62   62    1    1    1    1    1    1    1    1  4.71800E+13 0.00023 
   63   63    1    1    1    1    1    1    1    1  4.85466E+13 0.00023 
   64   64    1    1    1    1    1    1    1    1  4.03264E+13 0.00026 
   65   65    1    1    1    1    1    1    1    1  3.15144E+13 0.00019 
   66   66    1    1    1    1    1    1    1    1  3.08031E+13 0.00034 
   67   67    1    1    1    1    1    1    1    1  2.20092E+13 0.00030 
   68   68    1    1    1    1    1    1    1    1  1.76679E+13 0.00031 
   69   69    1    1    1    1    1    1    1    1  1.56900E+13 0.00039 
   70   70    1    1    1    1    1    1    1    1  1.86559E+13 0.00029 
   71   71    1    1    1    1    1    1    1    1  1.56324E+13 0.00045 
   72   72    1    1    1    1    1    1    1    1  2.73632E+13 0.00041 
   73   73    1    1    1    1    1    1    1    1  1.89370E+13 0.00036 
   74   74    1    1    1    1    1    1    1    1  1.41307E+13 0.00038 
   75   75    1    1    1    1    1    1    1    1  1.14237E+13 0.00057 
   76   76    1    1    1    1    1    1    1    1  9.55340E+12 0.00059 
   77   77    1    1    1    1    1    1    1    1  1.11317E+13 0.00051 
   78   78    1    1    1    1    1    1    1    1  8.88287E+12 0.00044 
   79   79    1    1    1    1    1    1    1    1  7.11163E+12 0.00071 
   80   80    1    1    1    1    1    1    1    1  7.35116E+12 0.00043 
   81   81    1    1    1    1    1    1    1    1  5.43836E+12 0.00077 
   82   82    1    1    1    1    1    1    1    1  4.17869E+12 0.00074 
   83   83    1    1    1    1    1    1    1    1  3.20378E+12 0.00113 
   84   84    1    1    1    1    1    1    1    1  2.97956E+12 0.00084 
   85   85    1    1    1    1    1    1    1    1  2.13854E+12 0.00100 
   86   86    1    1    1    1    1    1    1    1  1.53272E+12 0.00149 
   87   87    1    1    1    1    1    1    1    1  1.42547E+12 0.00125 
   88   88    1    1    1    1    1    1    1    1  8.62439E+11 0.00146 
   89   89    1    1    1    1    1    1    1    1  5.72950E+11 0.00193 
   90   90    1    1    1    1    1    1    1    1  3.26976E+11 0.00270 
   91   91    1    1    1    1    1    1    1    1  3.99724E+11 0.00279 
   92   92    1    1    1    1    1    1    1    1  0.00000E+00 0.00000 
   93   93    1    1    1    1    1    1    1    1  0.00000E+00 0.00000 
   94   94    1    1    1    1    1    1    1    1  0.00000E+00 0.00000 
   95   95    1    1    1    1    1    1    1    1  0.00000E+00 0.00000 
   96   96    1    1    1    1    1    1    1    1  0.00000E+00 0.00000 
   97   97    1    1    1    1    1    1    1    1  0.00000E+00 0.00000 
   98   98    1    1    1    1    1    1    1    1  0.00000E+00 0.00000 
   99   99    1    1    1    1    1    1    1    1  0.00000E+00 0.00000 
  100  100    1    1    1    1    1    1    1    1  0.00000E+00 0.00000 
];


