
DETdpaspec = [
    1    1    1    1    1    1    1    1    1    1  0.00000E+00 0.00000 
    2    2    1    1    1    1    1    1    1    1  0.00000E+00 0.00000 
    3    3    1    1    1    1    1    1    1    1  0.00000E+00 0.00000 
    4    4    1    1    1    1    1    1    1    1  0.00000E+00 0.00000 
    5    5    1    1    1    1    1    1    1    1  0.00000E+00 0.00000 
    6    6    1    1    1    1    1    1    1    1  0.00000E+00 0.00000 
    7    7    1    1    1    1    1    1    1    1  0.00000E+00 0.00000 
    8    8    1    1    1    1    1    1    1    1  0.00000E+00 0.00000 
    9    9    1    1    1    1    1    1    1    1  0.00000E+00 0.00000 
   10   10    1    1    1    1    1    1    1    1  0.00000E+00 0.00000 
   11   11    1    1    1    1    1    1    1    1  0.00000E+00 0.00000 
   12   12    1    1    1    1    1    1    1    1  0.00000E+00 0.00000 
   13   13    1    1    1    1    1    1    1    1  0.00000E+00 0.00000 
   14   14    1    1    1    1    1    1    1    1  0.00000E+00 0.00000 
   15   15    1    1    1    1    1    1    1    1  0.00000E+00 0.00000 
   16   16    1    1    1    1    1    1    1    1  0.00000E+00 0.00000 
   17   17    1    1    1    1    1    1    1    1  0.00000E+00 0.00000 
   18   18    1    1    1    1    1    1    1    1  0.00000E+00 0.00000 
   19   19    1    1    1    1    1    1    1    1  9.69190E+08 0.10900 
   20   20    1    1    1    1    1    1    1    1  1.22145E+08 0.15731 
   21   21    1    1    1    1    1    1    1    1  4.39405E+08 0.07366 
   22   22    1    1    1    1    1    1    1    1  4.12921E+08 0.06304 
   23   23    1    1    1    1    1    1    1    1  9.25146E+08 0.06556 
   24   24    1    1    1    1    1    1    1    1  2.63506E+09 0.03426 
   25   25    1    1    1    1    1    1    1    1  7.75570E+09 0.01830 
   26   26    1    1    1    1    1    1    1    1  1.38172E+10 0.01906 
   27   27    1    1    1    1    1    1    1    1  3.22252E+10 0.01134 
   28   28    1    1    1    1    1    1    1    1  7.28908E+10 0.00664 
   29   29    1    1    1    1    1    1    1    1  1.67769E+11 0.00578 
   30   30    1    1    1    1    1    1    1    1  2.87704E+11 0.00347 
   31   31    1    1    1    1    1    1    1    1  6.11976E+11 0.00293 
   32   32    1    1    1    1    1    1    1    1  1.43874E+12 0.00149 
   33   33    1    1    1    1    1    1    1    1  2.22732E+12 0.00152 
   34   34    1    1    1    1    1    1    1    1  4.63599E+12 0.00098 
   35   35    1    1    1    1    1    1    1    1  5.94815E+12 0.00080 
   36   36    1    1    1    1    1    1    1    1  6.40045E+12 0.00079 
   37   37    1    1    1    1    1    1    1    1  3.95471E+12 0.00069 
   38   38    1    1    1    1    1    1    1    1  1.16156E+12 0.00070 
   39   39    1    1    1    1    1    1    1    1  6.59614E+12 0.00065 
   40   40    1    1    1    1    1    1    1    1  8.70785E+12 0.00062 
   41   41    1    1    1    1    1    1    1    1  1.47819E+13 0.00052 
   42   42    1    1    1    1    1    1    1    1  1.41869E+13 0.00036 
   43   43    1    1    1    1    1    1    1    1  3.00639E+13 0.00029 
   44   44    1    1    1    1    1    1    1    1  3.54836E+13 0.00032 
   45   45    1    1    1    1    1    1    1    1  4.97745E+13 0.00019 
   46   46    1    1    1    1    1    1    1    1  9.63838E+13 0.00019 
   47   47    1    1    1    1    1    1    1    1  4.33169E+13 0.00022 
   48   48    1    1    1    1    1    1    1    1  6.78185E+13 0.00016 
   49   49    1    1    1    1    1    1    1    1  9.25185E+13 0.00020 
   50   50    1    1    1    1    1    1    1    1  8.87424E+13 0.00013 
   51   51    1    1    1    1    1    1    1    1  1.36953E+14 0.00011 
   52   52    1    1    1    1    1    1    1    1  1.04580E+14 0.00015 
   53   53    1    1    1    1    1    1    1    1  1.24343E+14 0.00017 
   54   54    1    1    1    1    1    1    1    1  8.45343E+13 0.00018 
   55   55    1    1    1    1    1    1    1    1  1.03989E+14 0.00017 
   56   56    1    1    1    1    1    1    1    1  7.05679E+13 0.00016 
   57   57    1    1    1    1    1    1    1    1  9.49330E+12 0.00048 
   58   58    1    1    1    1    1    1    1    1  1.37942E+14 0.00017 
   59   59    1    1    1    1    1    1    1    1  6.21950E+13 0.00018 
   60   60    1    1    1    1    1    1    1    1  6.49399E+13 0.00016 
   61   61    1    1    1    1    1    1    1    1  5.09359E+13 0.00025 
   62   62    1    1    1    1    1    1    1    1  5.05768E+13 0.00028 
   63   63    1    1    1    1    1    1    1    1  5.23113E+13 0.00028 
   64   64    1    1    1    1    1    1    1    1  4.37044E+13 0.00029 
   65   65    1    1    1    1    1    1    1    1  3.43617E+13 0.00032 
   66   66    1    1    1    1    1    1    1    1  3.37450E+13 0.00029 
   67   67    1    1    1    1    1    1    1    1  2.42551E+13 0.00036 
   68   68    1    1    1    1    1    1    1    1  1.95611E+13 0.00042 
   69   69    1    1    1    1    1    1    1    1  1.74114E+13 0.00047 
   70   70    1    1    1    1    1    1    1    1  2.07926E+13 0.00044 
   71   71    1    1    1    1    1    1    1    1  1.75298E+13 0.00040 
   72   72    1    1    1    1    1    1    1    1  3.09926E+13 0.00045 
   73   73    1    1    1    1    1    1    1    1  2.15910E+13 0.00046 
   74   74    1    1    1    1    1    1    1    1  1.61950E+13 0.00046 
   75   75    1    1    1    1    1    1    1    1  1.31212E+13 0.00055 
   76   76    1    1    1    1    1    1    1    1  1.09859E+13 0.00057 
   77   77    1    1    1    1    1    1    1    1  1.28313E+13 0.00062 
   78   78    1    1    1    1    1    1    1    1  1.02507E+13 0.00038 
   79   79    1    1    1    1    1    1    1    1  8.22136E+12 0.00061 
   80   80    1    1    1    1    1    1    1    1  8.52197E+12 0.00046 
   81   81    1    1    1    1    1    1    1    1  6.34020E+12 0.00058 
   82   82    1    1    1    1    1    1    1    1  4.89621E+12 0.00078 
   83   83    1    1    1    1    1    1    1    1  3.75679E+12 0.00113 
   84   84    1    1    1    1    1    1    1    1  3.51536E+12 0.00098 
   85   85    1    1    1    1    1    1    1    1  2.53039E+12 0.00080 
   86   86    1    1    1    1    1    1    1    1  1.82380E+12 0.00136 
   87   87    1    1    1    1    1    1    1    1  1.70669E+12 0.00125 
   88   88    1    1    1    1    1    1    1    1  1.04443E+12 0.00158 
   89   89    1    1    1    1    1    1    1    1  7.00345E+11 0.00257 
   90   90    1    1    1    1    1    1    1    1  4.04066E+11 0.00277 
   91   91    1    1    1    1    1    1    1    1  5.06849E+11 0.00230 
   92   92    1    1    1    1    1    1    1    1  0.00000E+00 0.00000 
   93   93    1    1    1    1    1    1    1    1  0.00000E+00 0.00000 
   94   94    1    1    1    1    1    1    1    1  0.00000E+00 0.00000 
   95   95    1    1    1    1    1    1    1    1  0.00000E+00 0.00000 
   96   96    1    1    1    1    1    1    1    1  0.00000E+00 0.00000 
   97   97    1    1    1    1    1    1    1    1  0.00000E+00 0.00000 
   98   98    1    1    1    1    1    1    1    1  0.00000E+00 0.00000 
   99   99    1    1    1    1    1    1    1    1  0.00000E+00 0.00000 
  100  100    1    1    1    1    1    1    1    1  0.00000E+00 0.00000 
];


