
DETdpaspec = [
    1    1    1    1    1    1    1    1    1    1  0.00000E+00 0.00000 
    2    2    1    1    1    1    1    1    1    1  0.00000E+00 0.00000 
    3    3    1    1    1    1    1    1    1    1  0.00000E+00 0.00000 
    4    4    1    1    1    1    1    1    1    1  0.00000E+00 0.00000 
    5    5    1    1    1    1    1    1    1    1  0.00000E+00 0.00000 
    6    6    1    1    1    1    1    1    1    1  0.00000E+00 0.00000 
    7    7    1    1    1    1    1    1    1    1  0.00000E+00 0.00000 
    8    8    1    1    1    1    1    1    1    1  0.00000E+00 0.00000 
    9    9    1    1    1    1    1    1    1    1  0.00000E+00 0.00000 
   10   10    1    1    1    1    1    1    1    1  0.00000E+00 0.00000 
   11   11    1    1    1    1    1    1    1    1  0.00000E+00 0.00000 
   12   12    1    1    1    1    1    1    1    1  0.00000E+00 0.00000 
   13   13    1    1    1    1    1    1    1    1  0.00000E+00 0.00000 
   14   14    1    1    1    1    1    1    1    1  0.00000E+00 0.00000 
   15   15    1    1    1    1    1    1    1    1  0.00000E+00 0.00000 
   16   16    1    1    1    1    1    1    1    1  0.00000E+00 0.00000 
   17   17    1    1    1    1    1    1    1    1  0.00000E+00 0.00000 
   18   18    1    1    1    1    1    1    1    1  0.00000E+00 0.00000 
   19   19    1    1    1    1    1    1    1    1  1.13707E+09 0.07520 
   20   20    1    1    1    1    1    1    1    1  1.93651E+08 0.12547 
   21   21    1    1    1    1    1    1    1    1  6.01624E+08 0.06263 
   22   22    1    1    1    1    1    1    1    1  4.86260E+08 0.06665 
   23   23    1    1    1    1    1    1    1    1  9.96069E+08 0.03534 
   24   24    1    1    1    1    1    1    1    1  1.79258E+09 0.03363 
   25   25    1    1    1    1    1    1    1    1  3.63702E+09 0.02681 
   26   26    1    1    1    1    1    1    1    1  5.49059E+09 0.01436 
   27   27    1    1    1    1    1    1    1    1  1.09657E+10 0.01017 
   28   28    1    1    1    1    1    1    1    1  2.47738E+10 0.01216 
   29   29    1    1    1    1    1    1    1    1  6.37526E+10 0.00666 
   30   30    1    1    1    1    1    1    1    1  1.18807E+11 0.00594 
   31   31    1    1    1    1    1    1    1    1  2.93067E+11 0.00446 
   32   32    1    1    1    1    1    1    1    1  8.11055E+11 0.00234 
   33   33    1    1    1    1    1    1    1    1  1.38449E+12 0.00173 
   34   34    1    1    1    1    1    1    1    1  3.13536E+12 0.00156 
   35   35    1    1    1    1    1    1    1    1  4.25806E+12 0.00096 
   36   36    1    1    1    1    1    1    1    1  4.99967E+12 0.00093 
   37   37    1    1    1    1    1    1    1    1  3.23869E+12 0.00079 
   38   38    1    1    1    1    1    1    1    1  9.67737E+11 0.00080 
   39   39    1    1    1    1    1    1    1    1  5.48080E+12 0.00057 
   40   40    1    1    1    1    1    1    1    1  7.32150E+12 0.00068 
   41   41    1    1    1    1    1    1    1    1  1.25653E+13 0.00064 
   42   42    1    1    1    1    1    1    1    1  1.23378E+13 0.00055 
   43   43    1    1    1    1    1    1    1    1  2.62912E+13 0.00041 
   44   44    1    1    1    1    1    1    1    1  3.14526E+13 0.00037 
   45   45    1    1    1    1    1    1    1    1  4.47898E+13 0.00040 
   46   46    1    1    1    1    1    1    1    1  8.83964E+13 0.00022 
   47   47    1    1    1    1    1    1    1    1  4.06658E+13 0.00024 
   48   48    1    1    1    1    1    1    1    1  6.43389E+13 0.00016 
   49   49    1    1    1    1    1    1    1    1  8.89960E+13 0.00017 
   50   50    1    1    1    1    1    1    1    1  8.63723E+13 0.00020 
   51   51    1    1    1    1    1    1    1    1  1.34537E+14 0.00012 
   52   52    1    1    1    1    1    1    1    1  1.04619E+14 0.00018 
   53   53    1    1    1    1    1    1    1    1  1.24753E+14 0.00018 
   54   54    1    1    1    1    1    1    1    1  8.57948E+13 0.00019 
   55   55    1    1    1    1    1    1    1    1  1.05728E+14 0.00012 
   56   56    1    1    1    1    1    1    1    1  7.22618E+13 0.00014 
   57   57    1    1    1    1    1    1    1    1  9.76883E+12 0.00038 
   58   58    1    1    1    1    1    1    1    1  1.42313E+14 0.00014 
   59   59    1    1    1    1    1    1    1    1  6.40964E+13 0.00024 
   60   60    1    1    1    1    1    1    1    1  6.74205E+13 0.00018 
   61   61    1    1    1    1    1    1    1    1  5.28555E+13 0.00017 
   62   62    1    1    1    1    1    1    1    1  5.27072E+13 0.00019 
   63   63    1    1    1    1    1    1    1    1  5.47146E+13 0.00023 
   64   64    1    1    1    1    1    1    1    1  4.58705E+13 0.00026 
   65   65    1    1    1    1    1    1    1    1  3.62510E+13 0.00027 
   66   66    1    1    1    1    1    1    1    1  3.57606E+13 0.00036 
   67   67    1    1    1    1    1    1    1    1  2.58188E+13 0.00027 
   68   68    1    1    1    1    1    1    1    1  2.09079E+13 0.00032 
   69   69    1    1    1    1    1    1    1    1  1.86640E+13 0.00035 
   70   70    1    1    1    1    1    1    1    1  2.23754E+13 0.00041 
   71   71    1    1    1    1    1    1    1    1  1.89303E+13 0.00032 
   72   72    1    1    1    1    1    1    1    1  3.38847E+13 0.00033 
   73   73    1    1    1    1    1    1    1    1  2.37680E+13 0.00039 
   74   74    1    1    1    1    1    1    1    1  1.78820E+13 0.00044 
   75   75    1    1    1    1    1    1    1    1  1.44556E+13 0.00058 
   76   76    1    1    1    1    1    1    1    1  1.20843E+13 0.00045 
   77   77    1    1    1    1    1    1    1    1  1.40824E+13 0.00035 
   78   78    1    1    1    1    1    1    1    1  1.12248E+13 0.00059 
   79   79    1    1    1    1    1    1    1    1  8.98154E+12 0.00061 
   80   80    1    1    1    1    1    1    1    1  9.31584E+12 0.00070 
   81   81    1    1    1    1    1    1    1    1  6.92575E+12 0.00063 
   82   82    1    1    1    1    1    1    1    1  5.35185E+12 0.00091 
   83   83    1    1    1    1    1    1    1    1  4.11986E+12 0.00088 
   84   84    1    1    1    1    1    1    1    1  3.85046E+12 0.00094 
   85   85    1    1    1    1    1    1    1    1  2.77337E+12 0.00118 
   86   86    1    1    1    1    1    1    1    1  2.00289E+12 0.00137 
   87   87    1    1    1    1    1    1    1    1  1.87537E+12 0.00144 
   88   88    1    1    1    1    1    1    1    1  1.15243E+12 0.00184 
   89   89    1    1    1    1    1    1    1    1  7.76572E+11 0.00159 
   90   90    1    1    1    1    1    1    1    1  4.48668E+11 0.00225 
   91   91    1    1    1    1    1    1    1    1  5.65642E+11 0.00296 
   92   92    1    1    1    1    1    1    1    1  0.00000E+00 0.00000 
   93   93    1    1    1    1    1    1    1    1  0.00000E+00 0.00000 
   94   94    1    1    1    1    1    1    1    1  0.00000E+00 0.00000 
   95   95    1    1    1    1    1    1    1    1  0.00000E+00 0.00000 
   96   96    1    1    1    1    1    1    1    1  0.00000E+00 0.00000 
   97   97    1    1    1    1    1    1    1    1  0.00000E+00 0.00000 
   98   98    1    1    1    1    1    1    1    1  0.00000E+00 0.00000 
   99   99    1    1    1    1    1    1    1    1  0.00000E+00 0.00000 
  100  100    1    1    1    1    1    1    1    1  0.00000E+00 0.00000 
];


