
DETdpaspec = [
    1    1    1    1    1    1    1    1    1    1  0.00000E+00 0.00000 
    2    2    1    1    1    1    1    1    1    1  0.00000E+00 0.00000 
    3    3    1    1    1    1    1    1    1    1  0.00000E+00 0.00000 
    4    4    1    1    1    1    1    1    1    1  0.00000E+00 0.00000 
    5    5    1    1    1    1    1    1    1    1  0.00000E+00 0.00000 
    6    6    1    1    1    1    1    1    1    1  0.00000E+00 0.00000 
    7    7    1    1    1    1    1    1    1    1  0.00000E+00 0.00000 
    8    8    1    1    1    1    1    1    1    1  0.00000E+00 0.00000 
    9    9    1    1    1    1    1    1    1    1  0.00000E+00 0.00000 
   10   10    1    1    1    1    1    1    1    1  0.00000E+00 0.00000 
   11   11    1    1    1    1    1    1    1    1  0.00000E+00 0.00000 
   12   12    1    1    1    1    1    1    1    1  0.00000E+00 0.00000 
   13   13    1    1    1    1    1    1    1    1  0.00000E+00 0.00000 
   14   14    1    1    1    1    1    1    1    1  0.00000E+00 0.00000 
   15   15    1    1    1    1    1    1    1    1  0.00000E+00 0.00000 
   16   16    1    1    1    1    1    1    1    1  0.00000E+00 0.00000 
   17   17    1    1    1    1    1    1    1    1  0.00000E+00 0.00000 
   18   18    1    1    1    1    1    1    1    1  0.00000E+00 0.00000 
   19   19    1    1    1    1    1    1    1    1  8.55708E+08 0.13892 
   20   20    1    1    1    1    1    1    1    1  9.32091E+07 0.15625 
   21   21    1    1    1    1    1    1    1    1  3.56875E+08 0.10124 
   22   22    1    1    1    1    1    1    1    1  3.63457E+08 0.07614 
   23   23    1    1    1    1    1    1    1    1  1.15077E+09 0.05632 
   24   24    1    1    1    1    1    1    1    1  4.04124E+09 0.02959 
   25   25    1    1    1    1    1    1    1    1  1.32980E+10 0.01729 
   26   26    1    1    1    1    1    1    1    1  2.37624E+10 0.01030 
   27   27    1    1    1    1    1    1    1    1  5.35612E+10 0.00964 
   28   28    1    1    1    1    1    1    1    1  1.15797E+11 0.00532 
   29   29    1    1    1    1    1    1    1    1  2.45947E+11 0.00418 
   30   30    1    1    1    1    1    1    1    1  4.03720E+11 0.00293 
   31   31    1    1    1    1    1    1    1    1  8.11590E+11 0.00243 
   32   32    1    1    1    1    1    1    1    1  1.78760E+12 0.00124 
   33   33    1    1    1    1    1    1    1    1  2.67271E+12 0.00087 
   34   34    1    1    1    1    1    1    1    1  5.38368E+12 0.00053 
   35   35    1    1    1    1    1    1    1    1  6.72965E+12 0.00054 
   36   36    1    1    1    1    1    1    1    1  7.03997E+12 0.00050 
   37   37    1    1    1    1    1    1    1    1  4.27833E+12 0.00049 
   38   38    1    1    1    1    1    1    1    1  1.25183E+12 0.00054 
   39   39    1    1    1    1    1    1    1    1  7.10153E+12 0.00040 
   40   40    1    1    1    1    1    1    1    1  9.32618E+12 0.00050 
   41   41    1    1    1    1    1    1    1    1  1.57486E+13 0.00028 
   42   42    1    1    1    1    1    1    1    1  1.50032E+13 0.00039 
   43   43    1    1    1    1    1    1    1    1  3.16883E+13 0.00031 
   44   44    1    1    1    1    1    1    1    1  3.71920E+13 0.00031 
   45   45    1    1    1    1    1    1    1    1  5.18456E+13 0.00035 
   46   46    1    1    1    1    1    1    1    1  9.95154E+13 0.00024 
   47   47    1    1    1    1    1    1    1    1  4.43461E+13 0.00021 
   48   48    1    1    1    1    1    1    1    1  6.91946E+13 0.00022 
   49   49    1    1    1    1    1    1    1    1  9.38952E+13 0.00017 
   50   50    1    1    1    1    1    1    1    1  8.96892E+13 0.00013 
   51   51    1    1    1    1    1    1    1    1  1.37800E+14 0.00013 
   52   52    1    1    1    1    1    1    1    1  1.04647E+14 0.00019 
   53   53    1    1    1    1    1    1    1    1  1.24101E+14 0.00018 
   54   54    1    1    1    1    1    1    1    1  8.39923E+13 0.00019 
   55   55    1    1    1    1    1    1    1    1  1.03177E+14 0.00014 
   56   56    1    1    1    1    1    1    1    1  6.98086E+13 0.00019 
   57   57    1    1    1    1    1    1    1    1  9.38324E+12 0.00029 
   58   58    1    1    1    1    1    1    1    1  1.36138E+14 0.00015 
   59   59    1    1    1    1    1    1    1    1  6.12756E+13 0.00023 
   60   60    1    1    1    1    1    1    1    1  6.38507E+13 0.00021 
   61   61    1    1    1    1    1    1    1    1  5.00469E+13 0.00021 
   62   62    1    1    1    1    1    1    1    1  4.96081E+13 0.00028 
   63   63    1    1    1    1    1    1    1    1  5.12627E+13 0.00021 
   64   64    1    1    1    1    1    1    1    1  4.27378E+13 0.00023 
   65   65    1    1    1    1    1    1    1    1  3.35313E+13 0.00022 
   66   66    1    1    1    1    1    1    1    1  3.28924E+13 0.00028 
   67   67    1    1    1    1    1    1    1    1  2.35992E+13 0.00031 
   68   68    1    1    1    1    1    1    1    1  1.90115E+13 0.00039 
   69   69    1    1    1    1    1    1    1    1  1.68968E+13 0.00034 
   70   70    1    1    1    1    1    1    1    1  2.01558E+13 0.00041 
   71   71    1    1    1    1    1    1    1    1  1.69569E+13 0.00032 
   72   72    1    1    1    1    1    1    1    1  2.98783E+13 0.00039 
   73   73    1    1    1    1    1    1    1    1  2.07786E+13 0.00042 
   74   74    1    1    1    1    1    1    1    1  1.55673E+13 0.00040 
   75   75    1    1    1    1    1    1    1    1  1.25926E+13 0.00058 
   76   76    1    1    1    1    1    1    1    1  1.05535E+13 0.00051 
   77   77    1    1    1    1    1    1    1    1  1.23288E+13 0.00043 
   78   78    1    1    1    1    1    1    1    1  9.84359E+12 0.00045 
   79   79    1    1    1    1    1    1    1    1  7.90009E+12 0.00040 
   80   80    1    1    1    1    1    1    1    1  8.19854E+12 0.00054 
   81   81    1    1    1    1    1    1    1    1  6.07984E+12 0.00079 
   82   82    1    1    1    1    1    1    1    1  4.69713E+12 0.00088 
   83   83    1    1    1    1    1    1    1    1  3.61449E+12 0.00097 
   84   84    1    1    1    1    1    1    1    1  3.37753E+12 0.00095 
   85   85    1    1    1    1    1    1    1    1  2.43285E+12 0.00131 
   86   86    1    1    1    1    1    1    1    1  1.75358E+12 0.00105 
   87   87    1    1    1    1    1    1    1    1  1.63699E+12 0.00137 
   88   88    1    1    1    1    1    1    1    1  9.97002E+11 0.00151 
   89   89    1    1    1    1    1    1    1    1  6.69691E+11 0.00178 
   90   90    1    1    1    1    1    1    1    1  3.84906E+11 0.00339 
   91   91    1    1    1    1    1    1    1    1  4.77812E+11 0.00256 
   92   92    1    1    1    1    1    1    1    1  0.00000E+00 0.00000 
   93   93    1    1    1    1    1    1    1    1  0.00000E+00 0.00000 
   94   94    1    1    1    1    1    1    1    1  0.00000E+00 0.00000 
   95   95    1    1    1    1    1    1    1    1  0.00000E+00 0.00000 
   96   96    1    1    1    1    1    1    1    1  0.00000E+00 0.00000 
   97   97    1    1    1    1    1    1    1    1  0.00000E+00 0.00000 
   98   98    1    1    1    1    1    1    1    1  0.00000E+00 0.00000 
   99   99    1    1    1    1    1    1    1    1  0.00000E+00 0.00000 
  100  100    1    1    1    1    1    1    1    1  0.00000E+00 0.00000 
];


