
DETdpaspec = [
    1    1    1    1    1    1    1    1    1    1  0.00000E+00 0.00000 
    2    2    1    1    1    1    1    1    1    1  0.00000E+00 0.00000 
    3    3    1    1    1    1    1    1    1    1  0.00000E+00 0.00000 
    4    4    1    1    1    1    1    1    1    1  0.00000E+00 0.00000 
    5    5    1    1    1    1    1    1    1    1  0.00000E+00 0.00000 
    6    6    1    1    1    1    1    1    1    1  0.00000E+00 0.00000 
    7    7    1    1    1    1    1    1    1    1  0.00000E+00 0.00000 
    8    8    1    1    1    1    1    1    1    1  0.00000E+00 0.00000 
    9    9    1    1    1    1    1    1    1    1  0.00000E+00 0.00000 
   10   10    1    1    1    1    1    1    1    1  0.00000E+00 0.00000 
   11   11    1    1    1    1    1    1    1    1  0.00000E+00 0.00000 
   12   12    1    1    1    1    1    1    1    1  0.00000E+00 0.00000 
   13   13    1    1    1    1    1    1    1    1  0.00000E+00 0.00000 
   14   14    1    1    1    1    1    1    1    1  0.00000E+00 0.00000 
   15   15    1    1    1    1    1    1    1    1  0.00000E+00 0.00000 
   16   16    1    1    1    1    1    1    1    1  0.00000E+00 0.00000 
   17   17    1    1    1    1    1    1    1    1  0.00000E+00 0.00000 
   18   18    1    1    1    1    1    1    1    1  0.00000E+00 0.00000 
   19   19    1    1    1    1    1    1    1    1  3.18820E+09 0.01948 
   20   20    1    1    1    1    1    1    1    1  7.01590E+08 0.03155 
   21   21    1    1    1    1    1    1    1    1  2.40285E+09 0.02509 
   22   22    1    1    1    1    1    1    1    1  1.80092E+09 0.02626 
   23   23    1    1    1    1    1    1    1    1  4.98478E+09 0.01732 
   24   24    1    1    1    1    1    1    1    1  6.53122E+09 0.01818 
   25   25    1    1    1    1    1    1    1    1  9.92101E+09 0.01330 
   26   26    1    1    1    1    1    1    1    1  1.26594E+10 0.01117 
   27   27    1    1    1    1    1    1    1    1  2.04053E+10 0.00960 
   28   28    1    1    1    1    1    1    1    1  3.79431E+10 0.00785 
   29   29    1    1    1    1    1    1    1    1  6.39694E+10 0.00522 
   30   30    1    1    1    1    1    1    1    1  8.40635E+10 0.00569 
   31   31    1    1    1    1    1    1    1    1  2.72518E+11 0.00307 
   32   32    1    1    1    1    1    1    1    1  7.75578E+11 0.00212 
   33   33    1    1    1    1    1    1    1    1  1.37342E+12 0.00179 
   34   34    1    1    1    1    1    1    1    1  2.83898E+12 0.00113 
   35   35    1    1    1    1    1    1    1    1  3.57551E+12 0.00074 
   36   36    1    1    1    1    1    1    1    1  5.30113E+12 0.00047 
   37   37    1    1    1    1    1    1    1    1  3.75710E+12 0.00050 
   38   38    1    1    1    1    1    1    1    1  1.20659E+12 0.00054 
   39   39    1    1    1    1    1    1    1    1  6.28056E+12 0.00051 
   40   40    1    1    1    1    1    1    1    1  8.27386E+12 0.00051 
   41   41    1    1    1    1    1    1    1    1  1.34876E+13 0.00052 
   42   42    1    1    1    1    1    1    1    1  1.40780E+13 0.00052 
   43   43    1    1    1    1    1    1    1    1  2.78144E+13 0.00044 
   44   44    1    1    1    1    1    1    1    1  3.26598E+13 0.00037 
   45   45    1    1    1    1    1    1    1    1  4.56428E+13 0.00028 
   46   46    1    1    1    1    1    1    1    1  8.54061E+13 0.00015 
   47   47    1    1    1    1    1    1    1    1  4.08726E+13 0.00019 
   48   48    1    1    1    1    1    1    1    1  6.58503E+13 0.00015 
   49   49    1    1    1    1    1    1    1    1  9.08312E+13 0.00016 
   50   50    1    1    1    1    1    1    1    1  8.96205E+13 0.00017 
   51   51    1    1    1    1    1    1    1    1  1.35159E+14 0.00017 
   52   52    1    1    1    1    1    1    1    1  1.10627E+14 0.00011 
   53   53    1    1    1    1    1    1    1    1  1.25491E+14 0.00017 
   54   54    1    1    1    1    1    1    1    1  8.85979E+13 0.00015 
   55   55    1    1    1    1    1    1    1    1  1.04034E+14 0.00012 
   56   56    1    1    1    1    1    1    1    1  7.27343E+13 0.00017 
   57   57    1    1    1    1    1    1    1    1  1.00503E+13 0.00037 
   58   58    1    1    1    1    1    1    1    1  1.44468E+14 0.00014 
   59   59    1    1    1    1    1    1    1    1  6.12509E+13 0.00021 
   60   60    1    1    1    1    1    1    1    1  6.61081E+13 0.00019 
   61   61    1    1    1    1    1    1    1    1  4.98366E+13 0.00023 
   62   62    1    1    1    1    1    1    1    1  5.04567E+13 0.00024 
   63   63    1    1    1    1    1    1    1    1  5.19107E+13 0.00023 
   64   64    1    1    1    1    1    1    1    1  4.31813E+13 0.00021 
   65   65    1    1    1    1    1    1    1    1  3.44136E+13 0.00031 
   66   66    1    1    1    1    1    1    1    1  3.40440E+13 0.00021 
   67   67    1    1    1    1    1    1    1    1  2.47986E+13 0.00028 
   68   68    1    1    1    1    1    1    1    1  2.04556E+13 0.00035 
   69   69    1    1    1    1    1    1    1    1  1.84260E+13 0.00024 
   70   70    1    1    1    1    1    1    1    1  2.21590E+13 0.00045 
   71   71    1    1    1    1    1    1    1    1  1.89640E+13 0.00038 
   72   72    1    1    1    1    1    1    1    1  3.57169E+13 0.00045 
   73   73    1    1    1    1    1    1    1    1  2.55365E+13 0.00044 
   74   74    1    1    1    1    1    1    1    1  1.91075E+13 0.00052 
   75   75    1    1    1    1    1    1    1    1  1.49280E+13 0.00039 
   76   76    1    1    1    1    1    1    1    1  1.19896E+13 0.00039 
   77   77    1    1    1    1    1    1    1    1  1.35134E+13 0.00044 
   78   78    1    1    1    1    1    1    1    1  1.03574E+13 0.00032 
   79   79    1    1    1    1    1    1    1    1  8.03449E+12 0.00057 
   80   80    1    1    1    1    1    1    1    1  8.14842E+12 0.00050 
   81   81    1    1    1    1    1    1    1    1  5.96482E+12 0.00054 
   82   82    1    1    1    1    1    1    1    1  4.55532E+12 0.00085 
   83   83    1    1    1    1    1    1    1    1  3.48384E+12 0.00098 
   84   84    1    1    1    1    1    1    1    1  3.24756E+12 0.00081 
   85   85    1    1    1    1    1    1    1    1  2.32987E+12 0.00123 
   86   86    1    1    1    1    1    1    1    1  1.67568E+12 0.00107 
   87   87    1    1    1    1    1    1    1    1  1.56428E+12 0.00138 
   88   88    1    1    1    1    1    1    1    1  9.72608E+11 0.00136 
   89   89    1    1    1    1    1    1    1    1  6.61116E+11 0.00250 
   90   90    1    1    1    1    1    1    1    1  3.84938E+11 0.00229 
   91   91    1    1    1    1    1    1    1    1  4.93299E+11 0.00177 
   92   92    1    1    1    1    1    1    1    1  0.00000E+00 0.00000 
   93   93    1    1    1    1    1    1    1    1  0.00000E+00 0.00000 
   94   94    1    1    1    1    1    1    1    1  0.00000E+00 0.00000 
   95   95    1    1    1    1    1    1    1    1  0.00000E+00 0.00000 
   96   96    1    1    1    1    1    1    1    1  0.00000E+00 0.00000 
   97   97    1    1    1    1    1    1    1    1  0.00000E+00 0.00000 
   98   98    1    1    1    1    1    1    1    1  0.00000E+00 0.00000 
   99   99    1    1    1    1    1    1    1    1  0.00000E+00 0.00000 
  100  100    1    1    1    1    1    1    1    1  0.00000E+00 0.00000 
];


