
DETdpaspec = [
    1    1    1    1    1    1    1    1    1    1  0.00000E+00 0.00000 
    2    2    1    1    1    1    1    1    1    1  0.00000E+00 0.00000 
    3    3    1    1    1    1    1    1    1    1  0.00000E+00 0.00000 
    4    4    1    1    1    1    1    1    1    1  0.00000E+00 0.00000 
    5    5    1    1    1    1    1    1    1    1  0.00000E+00 0.00000 
    6    6    1    1    1    1    1    1    1    1  0.00000E+00 0.00000 
    7    7    1    1    1    1    1    1    1    1  0.00000E+00 0.00000 
    8    8    1    1    1    1    1    1    1    1  0.00000E+00 0.00000 
    9    9    1    1    1    1    1    1    1    1  0.00000E+00 0.00000 
   10   10    1    1    1    1    1    1    1    1  0.00000E+00 0.00000 
   11   11    1    1    1    1    1    1    1    1  0.00000E+00 0.00000 
   12   12    1    1    1    1    1    1    1    1  0.00000E+00 0.00000 
   13   13    1    1    1    1    1    1    1    1  0.00000E+00 0.00000 
   14   14    1    1    1    1    1    1    1    1  0.00000E+00 0.00000 
   15   15    1    1    1    1    1    1    1    1  0.00000E+00 0.00000 
   16   16    1    1    1    1    1    1    1    1  0.00000E+00 0.00000 
   17   17    1    1    1    1    1    1    1    1  0.00000E+00 0.00000 
   18   18    1    1    1    1    1    1    1    1  0.00000E+00 0.00000 
   19   19    1    1    1    1    1    1    1    1  7.77256E+08 0.14425 
   20   20    1    1    1    1    1    1    1    1  9.63416E+07 0.15822 
   21   21    1    1    1    1    1    1    1    1  4.67551E+08 0.08044 
   22   22    1    1    1    1    1    1    1    1  4.21119E+08 0.07980 
   23   23    1    1    1    1    1    1    1    1  1.12789E+09 0.05138 
   24   24    1    1    1    1    1    1    1    1  4.44014E+09 0.03208 
   25   25    1    1    1    1    1    1    1    1  1.53582E+10 0.01564 
   26   26    1    1    1    1    1    1    1    1  2.69802E+10 0.01066 
   27   27    1    1    1    1    1    1    1    1  6.04296E+10 0.00833 
   28   28    1    1    1    1    1    1    1    1  1.29218E+11 0.00538 
   29   29    1    1    1    1    1    1    1    1  2.70430E+11 0.00400 
   30   30    1    1    1    1    1    1    1    1  4.37705E+11 0.00291 
   31   31    1    1    1    1    1    1    1    1  8.72122E+11 0.00140 
   32   32    1    1    1    1    1    1    1    1  1.88945E+12 0.00126 
   33   33    1    1    1    1    1    1    1    1  2.79598E+12 0.00114 
   34   34    1    1    1    1    1    1    1    1  5.58204E+12 0.00103 
   35   35    1    1    1    1    1    1    1    1  6.93152E+12 0.00079 
   36   36    1    1    1    1    1    1    1    1  7.21256E+12 0.00066 
   37   37    1    1    1    1    1    1    1    1  4.36481E+12 0.00059 
   38   38    1    1    1    1    1    1    1    1  1.27494E+12 0.00060 
   39   39    1    1    1    1    1    1    1    1  7.22867E+12 0.00049 
   40   40    1    1    1    1    1    1    1    1  9.48272E+12 0.00046 
   41   41    1    1    1    1    1    1    1    1  1.59960E+13 0.00043 
   42   42    1    1    1    1    1    1    1    1  1.52054E+13 0.00041 
   43   43    1    1    1    1    1    1    1    1  3.20951E+13 0.00030 
   44   44    1    1    1    1    1    1    1    1  3.76247E+13 0.00029 
   45   45    1    1    1    1    1    1    1    1  5.23762E+13 0.00022 
   46   46    1    1    1    1    1    1    1    1  1.00369E+14 0.00022 
   47   47    1    1    1    1    1    1    1    1  4.46236E+13 0.00016 
   48   48    1    1    1    1    1    1    1    1  6.95603E+13 0.00014 
   49   49    1    1    1    1    1    1    1    1  9.42563E+13 0.00016 
   50   50    1    1    1    1    1    1    1    1  8.98971E+13 0.00016 
   51   51    1    1    1    1    1    1    1    1  1.38029E+14 0.00016 
   52   52    1    1    1    1    1    1    1    1  1.04631E+14 0.00016 
   53   53    1    1    1    1    1    1    1    1  1.24014E+14 0.00018 
   54   54    1    1    1    1    1    1    1    1  8.38268E+13 0.00014 
   55   55    1    1    1    1    1    1    1    1  1.02948E+14 0.00013 
   56   56    1    1    1    1    1    1    1    1  6.96421E+13 0.00017 
   57   57    1    1    1    1    1    1    1    1  9.35889E+12 0.00029 
   58   58    1    1    1    1    1    1    1    1  1.35637E+14 0.00014 
   59   59    1    1    1    1    1    1    1    1  6.10391E+13 0.00020 
   60   60    1    1    1    1    1    1    1    1  6.35521E+13 0.00020 
   61   61    1    1    1    1    1    1    1    1  4.97871E+13 0.00014 
   62   62    1    1    1    1    1    1    1    1  4.93458E+13 0.00018 
   63   63    1    1    1    1    1    1    1    1  5.09727E+13 0.00026 
   64   64    1    1    1    1    1    1    1    1  4.24897E+13 0.00027 
   65   65    1    1    1    1    1    1    1    1  3.33322E+13 0.00030 
   66   66    1    1    1    1    1    1    1    1  3.26673E+13 0.00029 
   67   67    1    1    1    1    1    1    1    1  2.34399E+13 0.00030 
   68   68    1    1    1    1    1    1    1    1  1.88682E+13 0.00034 
   69   69    1    1    1    1    1    1    1    1  1.67802E+13 0.00044 
   70   70    1    1    1    1    1    1    1    1  2.00007E+13 0.00036 
   71   71    1    1    1    1    1    1    1    1  1.68188E+13 0.00039 
   72   72    1    1    1    1    1    1    1    1  2.96173E+13 0.00034 
   73   73    1    1    1    1    1    1    1    1  2.05771E+13 0.00049 
   74   74    1    1    1    1    1    1    1    1  1.54145E+13 0.00038 
   75   75    1    1    1    1    1    1    1    1  1.24770E+13 0.00030 
   76   76    1    1    1    1    1    1    1    1  1.04488E+13 0.00035 
   77   77    1    1    1    1    1    1    1    1  1.21989E+13 0.00053 
   78   78    1    1    1    1    1    1    1    1  9.74564E+12 0.00047 
   79   79    1    1    1    1    1    1    1    1  7.82477E+12 0.00076 
   80   80    1    1    1    1    1    1    1    1  8.10901E+12 0.00043 
   81   81    1    1    1    1    1    1    1    1  6.02248E+12 0.00053 
   82   82    1    1    1    1    1    1    1    1  4.64690E+12 0.00069 
   83   83    1    1    1    1    1    1    1    1  3.56988E+12 0.00098 
   84   84    1    1    1    1    1    1    1    1  3.33937E+12 0.00087 
   85   85    1    1    1    1    1    1    1    1  2.39754E+12 0.00128 
   86   86    1    1    1    1    1    1    1    1  1.73242E+12 0.00169 
   87   87    1    1    1    1    1    1    1    1  1.61369E+12 0.00146 
   88   88    1    1    1    1    1    1    1    1  9.86161E+11 0.00187 
   89   89    1    1    1    1    1    1    1    1  6.59565E+11 0.00171 
   90   90    1    1    1    1    1    1    1    1  3.78162E+11 0.00355 
   91   91    1    1    1    1    1    1    1    1  4.73953E+11 0.00240 
   92   92    1    1    1    1    1    1    1    1  0.00000E+00 0.00000 
   93   93    1    1    1    1    1    1    1    1  0.00000E+00 0.00000 
   94   94    1    1    1    1    1    1    1    1  0.00000E+00 0.00000 
   95   95    1    1    1    1    1    1    1    1  0.00000E+00 0.00000 
   96   96    1    1    1    1    1    1    1    1  0.00000E+00 0.00000 
   97   97    1    1    1    1    1    1    1    1  0.00000E+00 0.00000 
   98   98    1    1    1    1    1    1    1    1  0.00000E+00 0.00000 
   99   99    1    1    1    1    1    1    1    1  0.00000E+00 0.00000 
  100  100    1    1    1    1    1    1    1    1  0.00000E+00 0.00000 
];


