
DETdpaspec = [
    1    1    1    1    1    1    1    1    1    1  0.00000E+00 0.00000 
    2    2    1    1    1    1    1    1    1    1  0.00000E+00 0.00000 
    3    3    1    1    1    1    1    1    1    1  0.00000E+00 0.00000 
    4    4    1    1    1    1    1    1    1    1  0.00000E+00 0.00000 
    5    5    1    1    1    1    1    1    1    1  0.00000E+00 0.00000 
    6    6    1    1    1    1    1    1    1    1  0.00000E+00 0.00000 
    7    7    1    1    1    1    1    1    1    1  0.00000E+00 0.00000 
    8    8    1    1    1    1    1    1    1    1  0.00000E+00 0.00000 
    9    9    1    1    1    1    1    1    1    1  0.00000E+00 0.00000 
   10   10    1    1    1    1    1    1    1    1  0.00000E+00 0.00000 
   11   11    1    1    1    1    1    1    1    1  0.00000E+00 0.00000 
   12   12    1    1    1    1    1    1    1    1  0.00000E+00 0.00000 
   13   13    1    1    1    1    1    1    1    1  0.00000E+00 0.00000 
   14   14    1    1    1    1    1    1    1    1  0.00000E+00 0.00000 
   15   15    1    1    1    1    1    1    1    1  0.00000E+00 0.00000 
   16   16    1    1    1    1    1    1    1    1  0.00000E+00 0.00000 
   17   17    1    1    1    1    1    1    1    1  0.00000E+00 0.00000 
   18   18    1    1    1    1    1    1    1    1  0.00000E+00 0.00000 
   19   19    1    1    1    1    1    1    1    1  1.80086E+09 0.05147 
   20   20    1    1    1    1    1    1    1    1  2.97287E+08 0.07262 
   21   21    1    1    1    1    1    1    1    1  1.18551E+09 0.03555 
   22   22    1    1    1    1    1    1    1    1  8.86606E+08 0.03084 
   23   23    1    1    1    1    1    1    1    1  2.25821E+09 0.03294 
   24   24    1    1    1    1    1    1    1    1  3.26142E+09 0.02128 
   25   25    1    1    1    1    1    1    1    1  5.15929E+09 0.01798 
   26   26    1    1    1    1    1    1    1    1  6.46730E+09 0.01746 
   27   27    1    1    1    1    1    1    1    1  1.03888E+10 0.01316 
   28   28    1    1    1    1    1    1    1    1  1.86257E+10 0.01039 
   29   29    1    1    1    1    1    1    1    1  3.70394E+10 0.00734 
   30   30    1    1    1    1    1    1    1    1  5.50675E+10 0.00711 
   31   31    1    1    1    1    1    1    1    1  1.68644E+11 0.00250 
   32   32    1    1    1    1    1    1    1    1  5.19554E+11 0.00285 
   33   33    1    1    1    1    1    1    1    1  9.64928E+11 0.00209 
   34   34    1    1    1    1    1    1    1    1  2.21054E+12 0.00140 
   35   35    1    1    1    1    1    1    1    1  3.00263E+12 0.00111 
   36   36    1    1    1    1    1    1    1    1  4.20447E+12 0.00083 
   37   37    1    1    1    1    1    1    1    1  2.95416E+12 0.00077 
   38   38    1    1    1    1    1    1    1    1  9.25436E+11 0.00072 
   39   39    1    1    1    1    1    1    1    1  5.04856E+12 0.00076 
   40   40    1    1    1    1    1    1    1    1  6.75735E+12 0.00058 
   41   41    1    1    1    1    1    1    1    1  1.14736E+13 0.00047 
   42   42    1    1    1    1    1    1    1    1  1.17805E+13 0.00054 
   43   43    1    1    1    1    1    1    1    1  2.44471E+13 0.00046 
   44   44    1    1    1    1    1    1    1    1  2.93420E+13 0.00029 
   45   45    1    1    1    1    1    1    1    1  4.19853E+13 0.00028 
   46   46    1    1    1    1    1    1    1    1  8.21706E+13 0.00027 
   47   47    1    1    1    1    1    1    1    1  3.91196E+13 0.00019 
   48   48    1    1    1    1    1    1    1    1  6.29460E+13 0.00018 
   49   49    1    1    1    1    1    1    1    1  8.77940E+13 0.00019 
   50   50    1    1    1    1    1    1    1    1  8.66025E+13 0.00020 
   51   51    1    1    1    1    1    1    1    1  1.33596E+14 0.00016 
   52   52    1    1    1    1    1    1    1    1  1.07595E+14 0.00020 
   53   53    1    1    1    1    1    1    1    1  1.25660E+14 0.00011 
   54   54    1    1    1    1    1    1    1    1  8.79620E+13 0.00015 
   55   55    1    1    1    1    1    1    1    1  1.06016E+14 0.00014 
   56   56    1    1    1    1    1    1    1    1  7.34302E+13 0.00015 
   57   57    1    1    1    1    1    1    1    1  1.00504E+13 0.00037 
   58   58    1    1    1    1    1    1    1    1  1.45801E+14 0.00014 
   59   59    1    1    1    1    1    1    1    1  6.37598E+13 0.00025 
   60   60    1    1    1    1    1    1    1    1  6.82559E+13 0.00022 
   61   61    1    1    1    1    1    1    1    1  5.24809E+13 0.00023 
   62   62    1    1    1    1    1    1    1    1  5.28002E+13 0.00018 
   63   63    1    1    1    1    1    1    1    1  5.47003E+13 0.00024 
   64   64    1    1    1    1    1    1    1    1  4.58436E+13 0.00028 
   65   65    1    1    1    1    1    1    1    1  3.64793E+13 0.00030 
   66   66    1    1    1    1    1    1    1    1  3.61525E+13 0.00025 
   67   67    1    1    1    1    1    1    1    1  2.62917E+13 0.00025 
   68   68    1    1    1    1    1    1    1    1  2.15315E+13 0.00025 
   69   69    1    1    1    1    1    1    1    1  1.93284E+13 0.00035 
   70   70    1    1    1    1    1    1    1    1  2.32680E+13 0.00037 
   71   71    1    1    1    1    1    1    1    1  1.98636E+13 0.00025 
   72   72    1    1    1    1    1    1    1    1  3.66709E+13 0.00029 
   73   73    1    1    1    1    1    1    1    1  2.60816E+13 0.00041 
   74   74    1    1    1    1    1    1    1    1  1.96295E+13 0.00045 
   75   75    1    1    1    1    1    1    1    1  1.56169E+13 0.00056 
   76   76    1    1    1    1    1    1    1    1  1.28149E+13 0.00049 
   77   77    1    1    1    1    1    1    1    1  1.46846E+13 0.00052 
   78   78    1    1    1    1    1    1    1    1  1.14681E+13 0.00058 
   79   79    1    1    1    1    1    1    1    1  9.04371E+12 0.00081 
   80   80    1    1    1    1    1    1    1    1  9.27110E+12 0.00051 
   81   81    1    1    1    1    1    1    1    1  6.84425E+12 0.00069 
   82   82    1    1    1    1    1    1    1    1  5.25759E+12 0.00072 
   83   83    1    1    1    1    1    1    1    1  4.02832E+12 0.00097 
   84   84    1    1    1    1    1    1    1    1  3.76933E+12 0.00079 
   85   85    1    1    1    1    1    1    1    1  2.71387E+12 0.00132 
   86   86    1    1    1    1    1    1    1    1  1.95178E+12 0.00102 
   87   87    1    1    1    1    1    1    1    1  1.82845E+12 0.00116 
   88   88    1    1    1    1    1    1    1    1  1.12761E+12 0.00195 
   89   89    1    1    1    1    1    1    1    1  7.61775E+11 0.00230 
   90   90    1    1    1    1    1    1    1    1  4.42782E+11 0.00300 
   91   91    1    1    1    1    1    1    1    1  5.67372E+11 0.00231 
   92   92    1    1    1    1    1    1    1    1  0.00000E+00 0.00000 
   93   93    1    1    1    1    1    1    1    1  0.00000E+00 0.00000 
   94   94    1    1    1    1    1    1    1    1  0.00000E+00 0.00000 
   95   95    1    1    1    1    1    1    1    1  0.00000E+00 0.00000 
   96   96    1    1    1    1    1    1    1    1  0.00000E+00 0.00000 
   97   97    1    1    1    1    1    1    1    1  0.00000E+00 0.00000 
   98   98    1    1    1    1    1    1    1    1  0.00000E+00 0.00000 
   99   99    1    1    1    1    1    1    1    1  0.00000E+00 0.00000 
  100  100    1    1    1    1    1    1    1    1  0.00000E+00 0.00000 
];


