
DETdpaspec = [
    1    1    1    1    1    1    1    1    1    1  0.00000E+00 0.00000 
    2    2    1    1    1    1    1    1    1    1  0.00000E+00 0.00000 
    3    3    1    1    1    1    1    1    1    1  0.00000E+00 0.00000 
    4    4    1    1    1    1    1    1    1    1  0.00000E+00 0.00000 
    5    5    1    1    1    1    1    1    1    1  0.00000E+00 0.00000 
    6    6    1    1    1    1    1    1    1    1  0.00000E+00 0.00000 
    7    7    1    1    1    1    1    1    1    1  0.00000E+00 0.00000 
    8    8    1    1    1    1    1    1    1    1  0.00000E+00 0.00000 
    9    9    1    1    1    1    1    1    1    1  0.00000E+00 0.00000 
   10   10    1    1    1    1    1    1    1    1  0.00000E+00 0.00000 
   11   11    1    1    1    1    1    1    1    1  0.00000E+00 0.00000 
   12   12    1    1    1    1    1    1    1    1  0.00000E+00 0.00000 
   13   13    1    1    1    1    1    1    1    1  0.00000E+00 0.00000 
   14   14    1    1    1    1    1    1    1    1  0.00000E+00 0.00000 
   15   15    1    1    1    1    1    1    1    1  0.00000E+00 0.00000 
   16   16    1    1    1    1    1    1    1    1  0.00000E+00 0.00000 
   17   17    1    1    1    1    1    1    1    1  0.00000E+00 0.00000 
   18   18    1    1    1    1    1    1    1    1  0.00000E+00 0.00000 
   19   19    1    1    1    1    1    1    1    1  1.40981E+09 0.11891 
   20   20    1    1    1    1    1    1    1    1  1.51215E+08 0.11209 
   21   21    1    1    1    1    1    1    1    1  5.57684E+08 0.07954 
   22   22    1    1    1    1    1    1    1    1  4.45509E+08 0.06138 
   23   23    1    1    1    1    1    1    1    1  9.26135E+08 0.06225 
   24   24    1    1    1    1    1    1    1    1  1.98994E+09 0.03651 
   25   25    1    1    1    1    1    1    1    1  4.97421E+09 0.02044 
   26   26    1    1    1    1    1    1    1    1  8.01239E+09 0.02202 
   27   27    1    1    1    1    1    1    1    1  1.81081E+10 0.01712 
   28   28    1    1    1    1    1    1    1    1  4.24013E+10 0.00878 
   29   29    1    1    1    1    1    1    1    1  1.05287E+11 0.00466 
   30   30    1    1    1    1    1    1    1    1  1.88347E+11 0.00373 
   31   31    1    1    1    1    1    1    1    1  4.28514E+11 0.00363 
   32   32    1    1    1    1    1    1    1    1  1.09197E+12 0.00214 
   33   33    1    1    1    1    1    1    1    1  1.77190E+12 0.00141 
   34   34    1    1    1    1    1    1    1    1  3.85357E+12 0.00088 
   35   35    1    1    1    1    1    1    1    1  5.09512E+12 0.00066 
   36   36    1    1    1    1    1    1    1    1  5.69422E+12 0.00061 
   37   37    1    1    1    1    1    1    1    1  3.59066E+12 0.00050 
   38   38    1    1    1    1    1    1    1    1  1.06379E+12 0.00063 
   39   39    1    1    1    1    1    1    1    1  6.03083E+12 0.00057 
   40   40    1    1    1    1    1    1    1    1  8.00798E+12 0.00050 
   41   41    1    1    1    1    1    1    1    1  1.36751E+13 0.00046 
   42   42    1    1    1    1    1    1    1    1  1.32462E+13 0.00040 
   43   43    1    1    1    1    1    1    1    1  2.81923E+13 0.00039 
   44   44    1    1    1    1    1    1    1    1  3.34889E+13 0.00044 
   45   45    1    1    1    1    1    1    1    1  4.73465E+13 0.00028 
   46   46    1    1    1    1    1    1    1    1  9.25444E+13 0.00027 
   47   47    1    1    1    1    1    1    1    1  4.20423E+13 0.00025 
   48   48    1    1    1    1    1    1    1    1  6.61127E+13 0.00019 
   49   49    1    1    1    1    1    1    1    1  9.08302E+13 0.00019 
   50   50    1    1    1    1    1    1    1    1  8.76085E+13 0.00020 
   51   51    1    1    1    1    1    1    1    1  1.35832E+14 0.00017 
   52   52    1    1    1    1    1    1    1    1  1.04604E+14 0.00017 
   53   53    1    1    1    1    1    1    1    1  1.24605E+14 0.00017 
   54   54    1    1    1    1    1    1    1    1  8.51420E+13 0.00018 
   55   55    1    1    1    1    1    1    1    1  1.04899E+14 0.00016 
   56   56    1    1    1    1    1    1    1    1  7.14288E+13 0.00014 
   57   57    1    1    1    1    1    1    1    1  9.62673E+12 0.00028 
   58   58    1    1    1    1    1    1    1    1  1.40099E+14 0.00012 
   59   59    1    1    1    1    1    1    1    1  6.31861E+13 0.00019 
   60   60    1    1    1    1    1    1    1    1  6.61805E+13 0.00020 
   61   61    1    1    1    1    1    1    1    1  5.19239E+13 0.00017 
   62   62    1    1    1    1    1    1    1    1  5.16565E+13 0.00016 
   63   63    1    1    1    1    1    1    1    1  5.35442E+13 0.00020 
   64   64    1    1    1    1    1    1    1    1  4.47859E+13 0.00027 
   65   65    1    1    1    1    1    1    1    1  3.52730E+13 0.00038 
   66   66    1    1    1    1    1    1    1    1  3.47278E+13 0.00033 
   67   67    1    1    1    1    1    1    1    1  2.50177E+13 0.00034 
   68   68    1    1    1    1    1    1    1    1  2.02123E+13 0.00037 
   69   69    1    1    1    1    1    1    1    1  1.80145E+13 0.00032 
   70   70    1    1    1    1    1    1    1    1  2.15525E+13 0.00021 
   71   71    1    1    1    1    1    1    1    1  1.81879E+13 0.00045 
   72   72    1    1    1    1    1    1    1    1  3.23384E+13 0.00037 
   73   73    1    1    1    1    1    1    1    1  2.26034E+13 0.00043 
   74   74    1    1    1    1    1    1    1    1  1.69889E+13 0.00042 
   75   75    1    1    1    1    1    1    1    1  1.37576E+13 0.00040 
   76   76    1    1    1    1    1    1    1    1  1.15083E+13 0.00050 
   77   77    1    1    1    1    1    1    1    1  1.34379E+13 0.00055 
   78   78    1    1    1    1    1    1    1    1  1.07110E+13 0.00051 
   79   79    1    1    1    1    1    1    1    1  8.59224E+12 0.00050 
   80   80    1    1    1    1    1    1    1    1  8.92664E+12 0.00045 
   81   81    1    1    1    1    1    1    1    1  6.62993E+12 0.00057 
   82   82    1    1    1    1    1    1    1    1  5.12542E+12 0.00079 
   83   83    1    1    1    1    1    1    1    1  3.94266E+12 0.00069 
   84   84    1    1    1    1    1    1    1    1  3.68769E+12 0.00089 
   85   85    1    1    1    1    1    1    1    1  2.65083E+12 0.00104 
   86   86    1    1    1    1    1    1    1    1  1.91784E+12 0.00167 
   87   87    1    1    1    1    1    1    1    1  1.79161E+12 0.00145 
   88   88    1    1    1    1    1    1    1    1  1.09817E+12 0.00178 
   89   89    1    1    1    1    1    1    1    1  7.39514E+11 0.00190 
   90   90    1    1    1    1    1    1    1    1  4.25335E+11 0.00243 
   91   91    1    1    1    1    1    1    1    1  5.38787E+11 0.00181 
   92   92    1    1    1    1    1    1    1    1  0.00000E+00 0.00000 
   93   93    1    1    1    1    1    1    1    1  0.00000E+00 0.00000 
   94   94    1    1    1    1    1    1    1    1  0.00000E+00 0.00000 
   95   95    1    1    1    1    1    1    1    1  0.00000E+00 0.00000 
   96   96    1    1    1    1    1    1    1    1  0.00000E+00 0.00000 
   97   97    1    1    1    1    1    1    1    1  0.00000E+00 0.00000 
   98   98    1    1    1    1    1    1    1    1  0.00000E+00 0.00000 
   99   99    1    1    1    1    1    1    1    1  0.00000E+00 0.00000 
  100  100    1    1    1    1    1    1    1    1  0.00000E+00 0.00000 
];


