
DETdpaspec = [
    1    1    1    1    1    1    1    1    1    1  0.00000E+00 0.00000 
    2    2    1    1    1    1    1    1    1    1  0.00000E+00 0.00000 
    3    3    1    1    1    1    1    1    1    1  0.00000E+00 0.00000 
    4    4    1    1    1    1    1    1    1    1  0.00000E+00 0.00000 
    5    5    1    1    1    1    1    1    1    1  0.00000E+00 0.00000 
    6    6    1    1    1    1    1    1    1    1  0.00000E+00 0.00000 
    7    7    1    1    1    1    1    1    1    1  0.00000E+00 0.00000 
    8    8    1    1    1    1    1    1    1    1  0.00000E+00 0.00000 
    9    9    1    1    1    1    1    1    1    1  0.00000E+00 0.00000 
   10   10    1    1    1    1    1    1    1    1  0.00000E+00 0.00000 
   11   11    1    1    1    1    1    1    1    1  0.00000E+00 0.00000 
   12   12    1    1    1    1    1    1    1    1  0.00000E+00 0.00000 
   13   13    1    1    1    1    1    1    1    1  0.00000E+00 0.00000 
   14   14    1    1    1    1    1    1    1    1  0.00000E+00 0.00000 
   15   15    1    1    1    1    1    1    1    1  0.00000E+00 0.00000 
   16   16    1    1    1    1    1    1    1    1  0.00000E+00 0.00000 
   17   17    1    1    1    1    1    1    1    1  0.00000E+00 0.00000 
   18   18    1    1    1    1    1    1    1    1  0.00000E+00 0.00000 
   19   19    1    1    1    1    1    1    1    1  1.35090E+09 0.05347 
   20   20    1    1    1    1    1    1    1    1  2.25782E+08 0.08258 
   21   21    1    1    1    1    1    1    1    1  7.57137E+08 0.07853 
   22   22    1    1    1    1    1    1    1    1  6.57961E+08 0.05125 
   23   23    1    1    1    1    1    1    1    1  1.44119E+09 0.04162 
   24   24    1    1    1    1    1    1    1    1  2.24419E+09 0.02360 
   25   25    1    1    1    1    1    1    1    1  3.72305E+09 0.03054 
   26   26    1    1    1    1    1    1    1    1  4.99842E+09 0.02505 
   27   27    1    1    1    1    1    1    1    1  8.09900E+09 0.02196 
   28   28    1    1    1    1    1    1    1    1  1.51637E+10 0.01543 
   29   29    1    1    1    1    1    1    1    1  3.51657E+10 0.00906 
   30   30    1    1    1    1    1    1    1    1  5.99838E+10 0.00705 
   31   31    1    1    1    1    1    1    1    1  1.69775E+11 0.00482 
   32   32    1    1    1    1    1    1    1    1  5.24061E+11 0.00245 
   33   33    1    1    1    1    1    1    1    1  9.63435E+11 0.00137 
   34   34    1    1    1    1    1    1    1    1  2.27013E+12 0.00092 
   35   35    1    1    1    1    1    1    1    1  3.16028E+12 0.00084 
   36   36    1    1    1    1    1    1    1    1  4.15156E+12 0.00072 
   37   37    1    1    1    1    1    1    1    1  2.84128E+12 0.00064 
   38   38    1    1    1    1    1    1    1    1  8.72186E+11 0.00075 
   39   39    1    1    1    1    1    1    1    1  4.86583E+12 0.00053 
   40   40    1    1    1    1    1    1    1    1  6.53954E+12 0.00047 
   41   41    1    1    1    1    1    1    1    1  1.12417E+13 0.00033 
   42   42    1    1    1    1    1    1    1    1  1.13407E+13 0.00038 
   43   43    1    1    1    1    1    1    1    1  2.40213E+13 0.00038 
   44   44    1    1    1    1    1    1    1    1  2.89608E+13 0.00043 
   45   45    1    1    1    1    1    1    1    1  4.16134E+13 0.00029 
   46   46    1    1    1    1    1    1    1    1  8.25968E+13 0.00024 
   47   47    1    1    1    1    1    1    1    1  3.89282E+13 0.00026 
   48   48    1    1    1    1    1    1    1    1  6.22894E+13 0.00024 
   49   49    1    1    1    1    1    1    1    1  8.70141E+13 0.00027 
   50   50    1    1    1    1    1    1    1    1  8.54218E+13 0.00014 
   51   51    1    1    1    1    1    1    1    1  1.33024E+14 0.00018 
   52   52    1    1    1    1    1    1    1    1  1.05709E+14 0.00018 
   53   53    1    1    1    1    1    1    1    1  1.25187E+14 0.00017 
   54   54    1    1    1    1    1    1    1    1  8.71146E+13 0.00021 
   55   55    1    1    1    1    1    1    1    1  1.06441E+14 0.00013 
   56   56    1    1    1    1    1    1    1    1  7.33344E+13 0.00017 
   57   57    1    1    1    1    1    1    1    1  9.97439E+12 0.00045 
   58   58    1    1    1    1    1    1    1    1  1.45382E+14 0.00016 
   59   59    1    1    1    1    1    1    1    1  6.46529E+13 0.00015 
   60   60    1    1    1    1    1    1    1    1  6.87233E+13 0.00018 
   61   61    1    1    1    1    1    1    1    1  5.34608E+13 0.00019 
   62   62    1    1    1    1    1    1    1    1  5.35918E+13 0.00020 
   63   63    1    1    1    1    1    1    1    1  5.56743E+13 0.00017 
   64   64    1    1    1    1    1    1    1    1  4.67414E+13 0.00030 
   65   65    1    1    1    1    1    1    1    1  3.71147E+13 0.00029 
   66   66    1    1    1    1    1    1    1    1  3.67447E+13 0.00020 
   67   67    1    1    1    1    1    1    1    1  2.66578E+13 0.00036 
   68   68    1    1    1    1    1    1    1    1  2.17321E+13 0.00038 
   69   69    1    1    1    1    1    1    1    1  1.94702E+13 0.00033 
   70   70    1    1    1    1    1    1    1    1  2.33990E+13 0.00040 
   71   71    1    1    1    1    1    1    1    1  1.99287E+13 0.00064 
   72   72    1    1    1    1    1    1    1    1  3.62480E+13 0.00034 
   73   73    1    1    1    1    1    1    1    1  2.56648E+13 0.00034 
   74   74    1    1    1    1    1    1    1    1  1.93364E+13 0.00048 
   75   75    1    1    1    1    1    1    1    1  1.55396E+13 0.00036 
   76   76    1    1    1    1    1    1    1    1  1.28653E+13 0.00039 
   77   77    1    1    1    1    1    1    1    1  1.48901E+13 0.00041 
   78   78    1    1    1    1    1    1    1    1  1.17743E+13 0.00057 
   79   79    1    1    1    1    1    1    1    1  9.35714E+12 0.00048 
   80   80    1    1    1    1    1    1    1    1  9.63984E+12 0.00058 
   81   81    1    1    1    1    1    1    1    1  7.14391E+12 0.00067 
   82   82    1    1    1    1    1    1    1    1  5.50504E+12 0.00068 
   83   83    1    1    1    1    1    1    1    1  4.22866E+12 0.00120 
   84   84    1    1    1    1    1    1    1    1  3.95588E+12 0.00091 
   85   85    1    1    1    1    1    1    1    1  2.84761E+12 0.00111 
   86   86    1    1    1    1    1    1    1    1  2.05774E+12 0.00112 
   87   87    1    1    1    1    1    1    1    1  1.92444E+12 0.00161 
   88   88    1    1    1    1    1    1    1    1  1.18816E+12 0.00190 
   89   89    1    1    1    1    1    1    1    1  8.00856E+11 0.00173 
   90   90    1    1    1    1    1    1    1    1  4.63280E+11 0.00271 
   91   91    1    1    1    1    1    1    1    1  5.90734E+11 0.00334 
   92   92    1    1    1    1    1    1    1    1  0.00000E+00 0.00000 
   93   93    1    1    1    1    1    1    1    1  0.00000E+00 0.00000 
   94   94    1    1    1    1    1    1    1    1  0.00000E+00 0.00000 
   95   95    1    1    1    1    1    1    1    1  0.00000E+00 0.00000 
   96   96    1    1    1    1    1    1    1    1  0.00000E+00 0.00000 
   97   97    1    1    1    1    1    1    1    1  0.00000E+00 0.00000 
   98   98    1    1    1    1    1    1    1    1  0.00000E+00 0.00000 
   99   99    1    1    1    1    1    1    1    1  0.00000E+00 0.00000 
  100  100    1    1    1    1    1    1    1    1  0.00000E+00 0.00000 
];


