
DETdpaspec = [
    1    1    1    1    1    1    1    1    1    1  0.00000E+00 0.00000 
    2    2    1    1    1    1    1    1    1    1  0.00000E+00 0.00000 
    3    3    1    1    1    1    1    1    1    1  0.00000E+00 0.00000 
    4    4    1    1    1    1    1    1    1    1  0.00000E+00 0.00000 
    5    5    1    1    1    1    1    1    1    1  0.00000E+00 0.00000 
    6    6    1    1    1    1    1    1    1    1  0.00000E+00 0.00000 
    7    7    1    1    1    1    1    1    1    1  0.00000E+00 0.00000 
    8    8    1    1    1    1    1    1    1    1  0.00000E+00 0.00000 
    9    9    1    1    1    1    1    1    1    1  0.00000E+00 0.00000 
   10   10    1    1    1    1    1    1    1    1  0.00000E+00 0.00000 
   11   11    1    1    1    1    1    1    1    1  0.00000E+00 0.00000 
   12   12    1    1    1    1    1    1    1    1  0.00000E+00 0.00000 
   13   13    1    1    1    1    1    1    1    1  0.00000E+00 0.00000 
   14   14    1    1    1    1    1    1    1    1  0.00000E+00 0.00000 
   15   15    1    1    1    1    1    1    1    1  0.00000E+00 0.00000 
   16   16    1    1    1    1    1    1    1    1  0.00000E+00 0.00000 
   17   17    1    1    1    1    1    1    1    1  0.00000E+00 0.00000 
   18   18    1    1    1    1    1    1    1    1  0.00000E+00 0.00000 
   19   19    1    1    1    1    1    1    1    1  1.07886E+09 0.10717 
   20   20    1    1    1    1    1    1    1    1  1.63508E+08 0.08818 
   21   21    1    1    1    1    1    1    1    1  5.83983E+08 0.08656 
   22   22    1    1    1    1    1    1    1    1  4.79772E+08 0.07363 
   23   23    1    1    1    1    1    1    1    1  9.91614E+08 0.07013 
   24   24    1    1    1    1    1    1    1    1  1.83492E+09 0.03329 
   25   25    1    1    1    1    1    1    1    1  4.36458E+09 0.02275 
   26   26    1    1    1    1    1    1    1    1  7.23322E+09 0.02135 
   27   27    1    1    1    1    1    1    1    1  1.60161E+10 0.01073 
   28   28    1    1    1    1    1    1    1    1  3.83159E+10 0.01110 
   29   29    1    1    1    1    1    1    1    1  9.53624E+10 0.00612 
   30   30    1    1    1    1    1    1    1    1  1.71041E+11 0.00677 
   31   31    1    1    1    1    1    1    1    1  3.96988E+11 0.00432 
   32   32    1    1    1    1    1    1    1    1  1.02896E+12 0.00255 
   33   33    1    1    1    1    1    1    1    1  1.68375E+12 0.00192 
   34   34    1    1    1    1    1    1    1    1  3.68831E+12 0.00130 
   35   35    1    1    1    1    1    1    1    1  4.90751E+12 0.00109 
   36   36    1    1    1    1    1    1    1    1  5.53910E+12 0.00074 
   37   37    1    1    1    1    1    1    1    1  3.51359E+12 0.00068 
   38   38    1    1    1    1    1    1    1    1  1.04142E+12 0.00078 
   39   39    1    1    1    1    1    1    1    1  5.90952E+12 0.00058 
   40   40    1    1    1    1    1    1    1    1  7.85729E+12 0.00048 
   41   41    1    1    1    1    1    1    1    1  1.34301E+13 0.00045 
   42   42    1    1    1    1    1    1    1    1  1.30444E+13 0.00038 
   43   43    1    1    1    1    1    1    1    1  2.77546E+13 0.00038 
   44   44    1    1    1    1    1    1    1    1  3.30303E+13 0.00040 
   45   45    1    1    1    1    1    1    1    1  4.67547E+13 0.00030 
   46   46    1    1    1    1    1    1    1    1  9.16005E+13 0.00023 
   47   47    1    1    1    1    1    1    1    1  4.17306E+13 0.00022 
   48   48    1    1    1    1    1    1    1    1  6.57239E+13 0.00025 
   49   49    1    1    1    1    1    1    1    1  9.03970E+13 0.00021 
   50   50    1    1    1    1    1    1    1    1  8.72786E+13 0.00023 
   51   51    1    1    1    1    1    1    1    1  1.35556E+14 0.00017 
   52   52    1    1    1    1    1    1    1    1  1.04611E+14 0.00015 
   53   53    1    1    1    1    1    1    1    1  1.24657E+14 0.00021 
   54   54    1    1    1    1    1    1    1    1  8.52769E+13 0.00020 
   55   55    1    1    1    1    1    1    1    1  1.05102E+14 0.00019 
   56   56    1    1    1    1    1    1    1    1  7.16133E+13 0.00019 
   57   57    1    1    1    1    1    1    1    1  9.66394E+12 0.00032 
   58   58    1    1    1    1    1    1    1    1  1.40634E+14 0.00013 
   59   59    1    1    1    1    1    1    1    1  6.33906E+13 0.00020 
   60   60    1    1    1    1    1    1    1    1  6.64811E+13 0.00021 
   61   61    1    1    1    1    1    1    1    1  5.21553E+13 0.00025 
   62   62    1    1    1    1    1    1    1    1  5.19308E+13 0.00024 
   63   63    1    1    1    1    1    1    1    1  5.38085E+13 0.00023 
   64   64    1    1    1    1    1    1    1    1  4.50313E+13 0.00020 
   65   65    1    1    1    1    1    1    1    1  3.54820E+13 0.00029 
   66   66    1    1    1    1    1    1    1    1  3.49624E+13 0.00029 
   67   67    1    1    1    1    1    1    1    1  2.52014E+13 0.00034 
   68   68    1    1    1    1    1    1    1    1  2.03673E+13 0.00030 
   69   69    1    1    1    1    1    1    1    1  1.81531E+13 0.00039 
   70   70    1    1    1    1    1    1    1    1  2.17328E+13 0.00038 
   71   71    1    1    1    1    1    1    1    1  1.83572E+13 0.00053 
   72   72    1    1    1    1    1    1    1    1  3.26627E+13 0.00038 
   73   73    1    1    1    1    1    1    1    1  2.28460E+13 0.00040 
   74   74    1    1    1    1    1    1    1    1  1.71744E+13 0.00044 
   75   75    1    1    1    1    1    1    1    1  1.39014E+13 0.00046 
   76   76    1    1    1    1    1    1    1    1  1.16362E+13 0.00043 
   77   77    1    1    1    1    1    1    1    1  1.35802E+13 0.00065 
   78   78    1    1    1    1    1    1    1    1  1.08243E+13 0.00045 
   79   79    1    1    1    1    1    1    1    1  8.67869E+12 0.00050 
   80   80    1    1    1    1    1    1    1    1  9.00991E+12 0.00066 
   81   81    1    1    1    1    1    1    1    1  6.70099E+12 0.00062 
   82   82    1    1    1    1    1    1    1    1  5.18122E+12 0.00077 
   83   83    1    1    1    1    1    1    1    1  3.98231E+12 0.00091 
   84   84    1    1    1    1    1    1    1    1  3.73258E+12 0.00106 
   85   85    1    1    1    1    1    1    1    1  2.67832E+12 0.00097 
   86   86    1    1    1    1    1    1    1    1  1.94070E+12 0.00123 
   87   87    1    1    1    1    1    1    1    1  1.81479E+12 0.00123 
   88   88    1    1    1    1    1    1    1    1  1.11477E+12 0.00176 
   89   89    1    1    1    1    1    1    1    1  7.48010E+11 0.00223 
   90   90    1    1    1    1    1    1    1    1  4.32350E+11 0.00276 
   91   91    1    1    1    1    1    1    1    1  5.44699E+11 0.00261 
   92   92    1    1    1    1    1    1    1    1  0.00000E+00 0.00000 
   93   93    1    1    1    1    1    1    1    1  0.00000E+00 0.00000 
   94   94    1    1    1    1    1    1    1    1  0.00000E+00 0.00000 
   95   95    1    1    1    1    1    1    1    1  0.00000E+00 0.00000 
   96   96    1    1    1    1    1    1    1    1  0.00000E+00 0.00000 
   97   97    1    1    1    1    1    1    1    1  0.00000E+00 0.00000 
   98   98    1    1    1    1    1    1    1    1  0.00000E+00 0.00000 
   99   99    1    1    1    1    1    1    1    1  0.00000E+00 0.00000 
  100  100    1    1    1    1    1    1    1    1  0.00000E+00 0.00000 
];


