
DETdpaspec = [
    1    1    1    1    1    1    1    1    1    1  0.00000E+00 0.00000 
    2    2    1    1    1    1    1    1    1    1  0.00000E+00 0.00000 
    3    3    1    1    1    1    1    1    1    1  0.00000E+00 0.00000 
    4    4    1    1    1    1    1    1    1    1  0.00000E+00 0.00000 
    5    5    1    1    1    1    1    1    1    1  0.00000E+00 0.00000 
    6    6    1    1    1    1    1    1    1    1  0.00000E+00 0.00000 
    7    7    1    1    1    1    1    1    1    1  0.00000E+00 0.00000 
    8    8    1    1    1    1    1    1    1    1  0.00000E+00 0.00000 
    9    9    1    1    1    1    1    1    1    1  0.00000E+00 0.00000 
   10   10    1    1    1    1    1    1    1    1  0.00000E+00 0.00000 
   11   11    1    1    1    1    1    1    1    1  0.00000E+00 0.00000 
   12   12    1    1    1    1    1    1    1    1  0.00000E+00 0.00000 
   13   13    1    1    1    1    1    1    1    1  0.00000E+00 0.00000 
   14   14    1    1    1    1    1    1    1    1  0.00000E+00 0.00000 
   15   15    1    1    1    1    1    1    1    1  0.00000E+00 0.00000 
   16   16    1    1    1    1    1    1    1    1  0.00000E+00 0.00000 
   17   17    1    1    1    1    1    1    1    1  0.00000E+00 0.00000 
   18   18    1    1    1    1    1    1    1    1  0.00000E+00 0.00000 
   19   19    1    1    1    1    1    1    1    1  1.86909E+09 0.05266 
   20   20    1    1    1    1    1    1    1    1  2.73268E+08 0.05214 
   21   21    1    1    1    1    1    1    1    1  8.78747E+08 0.05524 
   22   22    1    1    1    1    1    1    1    1  7.63793E+08 0.04034 
   23   23    1    1    1    1    1    1    1    1  1.68438E+09 0.03451 
   24   24    1    1    1    1    1    1    1    1  2.61645E+09 0.03028 
   25   25    1    1    1    1    1    1    1    1  4.22381E+09 0.01967 
   26   26    1    1    1    1    1    1    1    1  5.42126E+09 0.01680 
   27   27    1    1    1    1    1    1    1    1  8.74880E+09 0.01772 
   28   28    1    1    1    1    1    1    1    1  1.58823E+10 0.01849 
   29   29    1    1    1    1    1    1    1    1  3.44696E+10 0.00958 
   30   30    1    1    1    1    1    1    1    1  5.55572E+10 0.00810 
   31   31    1    1    1    1    1    1    1    1  1.62907E+11 0.00427 
   32   32    1    1    1    1    1    1    1    1  5.04114E+11 0.00182 
   33   33    1    1    1    1    1    1    1    1  9.37242E+11 0.00143 
   34   34    1    1    1    1    1    1    1    1  2.19515E+12 0.00110 
   35   35    1    1    1    1    1    1    1    1  3.02989E+12 0.00080 
   36   36    1    1    1    1    1    1    1    1  4.10143E+12 0.00091 
   37   37    1    1    1    1    1    1    1    1  2.84978E+12 0.00086 
   38   38    1    1    1    1    1    1    1    1  8.82360E+11 0.00074 
   39   39    1    1    1    1    1    1    1    1  4.87857E+12 0.00067 
   40   40    1    1    1    1    1    1    1    1  6.55370E+12 0.00057 
   41   41    1    1    1    1    1    1    1    1  1.12266E+13 0.00054 
   42   42    1    1    1    1    1    1    1    1  1.14178E+13 0.00053 
   43   43    1    1    1    1    1    1    1    1  2.40164E+13 0.00034 
   44   44    1    1    1    1    1    1    1    1  2.89282E+13 0.00032 
   45   45    1    1    1    1    1    1    1    1  4.15269E+13 0.00032 
   46   46    1    1    1    1    1    1    1    1  8.20313E+13 0.00028 
   47   47    1    1    1    1    1    1    1    1  3.88850E+13 0.00020 
   48   48    1    1    1    1    1    1    1    1  6.24132E+13 0.00022 
   49   49    1    1    1    1    1    1    1    1  8.71445E+13 0.00020 
   50   50    1    1    1    1    1    1    1    1  8.57817E+13 0.00020 
   51   51    1    1    1    1    1    1    1    1  1.33135E+14 0.00019 
   52   52    1    1    1    1    1    1    1    1  1.06440E+14 0.00016 
   53   53    1    1    1    1    1    1    1    1  1.25384E+14 0.00013 
   54   54    1    1    1    1    1    1    1    1  8.75059E+13 0.00015 
   55   55    1    1    1    1    1    1    1    1  1.06334E+14 0.00016 
   56   56    1    1    1    1    1    1    1    1  7.34514E+13 0.00022 
   57   57    1    1    1    1    1    1    1    1  1.00104E+13 0.00031 
   58   58    1    1    1    1    1    1    1    1  1.45692E+14 0.00016 
   59   59    1    1    1    1    1    1    1    1  6.43775E+13 0.00017 
   60   60    1    1    1    1    1    1    1    1  6.86220E+13 0.00016 
   61   61    1    1    1    1    1    1    1    1  5.31454E+13 0.00024 
   62   62    1    1    1    1    1    1    1    1  5.33485E+13 0.00018 
   63   63    1    1    1    1    1    1    1    1  5.53615E+13 0.00020 
   64   64    1    1    1    1    1    1    1    1  4.64766E+13 0.00020 
   65   65    1    1    1    1    1    1    1    1  3.69506E+13 0.00028 
   66   66    1    1    1    1    1    1    1    1  3.66105E+13 0.00033 
   67   67    1    1    1    1    1    1    1    1  2.65809E+13 0.00039 
   68   68    1    1    1    1    1    1    1    1  2.17168E+13 0.00026 
   69   69    1    1    1    1    1    1    1    1  1.94839E+13 0.00032 
   70   70    1    1    1    1    1    1    1    1  2.34384E+13 0.00032 
   71   71    1    1    1    1    1    1    1    1  1.99802E+13 0.00048 
   72   72    1    1    1    1    1    1    1    1  3.65974E+13 0.00033 
   73   73    1    1    1    1    1    1    1    1  2.59563E+13 0.00030 
   74   74    1    1    1    1    1    1    1    1  1.95603E+13 0.00041 
   75   75    1    1    1    1    1    1    1    1  1.56406E+13 0.00055 
   76   76    1    1    1    1    1    1    1    1  1.29168E+13 0.00050 
   77   77    1    1    1    1    1    1    1    1  1.48911E+13 0.00058 
   78   78    1    1    1    1    1    1    1    1  1.16975E+13 0.00050 
   79   79    1    1    1    1    1    1    1    1  9.26206E+12 0.00040 
   80   80    1    1    1    1    1    1    1    1  9.52694E+12 0.00061 
   81   81    1    1    1    1    1    1    1    1  7.05538E+12 0.00070 
   82   82    1    1    1    1    1    1    1    1  5.42717E+12 0.00092 
   83   83    1    1    1    1    1    1    1    1  4.18085E+12 0.00073 
   84   84    1    1    1    1    1    1    1    1  3.90727E+12 0.00104 
   85   85    1    1    1    1    1    1    1    1  2.80673E+12 0.00132 
   86   86    1    1    1    1    1    1    1    1  2.02733E+12 0.00154 
   87   87    1    1    1    1    1    1    1    1  1.89304E+12 0.00108 
   88   88    1    1    1    1    1    1    1    1  1.17312E+12 0.00166 
   89   89    1    1    1    1    1    1    1    1  7.90562E+11 0.00219 
   90   90    1    1    1    1    1    1    1    1  4.60936E+11 0.00351 
   91   91    1    1    1    1    1    1    1    1  5.83117E+11 0.00239 
   92   92    1    1    1    1    1    1    1    1  0.00000E+00 0.00000 
   93   93    1    1    1    1    1    1    1    1  0.00000E+00 0.00000 
   94   94    1    1    1    1    1    1    1    1  0.00000E+00 0.00000 
   95   95    1    1    1    1    1    1    1    1  0.00000E+00 0.00000 
   96   96    1    1    1    1    1    1    1    1  0.00000E+00 0.00000 
   97   97    1    1    1    1    1    1    1    1  0.00000E+00 0.00000 
   98   98    1    1    1    1    1    1    1    1  0.00000E+00 0.00000 
   99   99    1    1    1    1    1    1    1    1  0.00000E+00 0.00000 
  100  100    1    1    1    1    1    1    1    1  0.00000E+00 0.00000 
];


