
DETdpaspec = [
    1    1    1    1    1    1    1    1    1    1  0.00000E+00 0.00000 
    2    2    1    1    1    1    1    1    1    1  0.00000E+00 0.00000 
    3    3    1    1    1    1    1    1    1    1  0.00000E+00 0.00000 
    4    4    1    1    1    1    1    1    1    1  0.00000E+00 0.00000 
    5    5    1    1    1    1    1    1    1    1  0.00000E+00 0.00000 
    6    6    1    1    1    1    1    1    1    1  0.00000E+00 0.00000 
    7    7    1    1    1    1    1    1    1    1  0.00000E+00 0.00000 
    8    8    1    1    1    1    1    1    1    1  0.00000E+00 0.00000 
    9    9    1    1    1    1    1    1    1    1  0.00000E+00 0.00000 
   10   10    1    1    1    1    1    1    1    1  0.00000E+00 0.00000 
   11   11    1    1    1    1    1    1    1    1  0.00000E+00 0.00000 
   12   12    1    1    1    1    1    1    1    1  0.00000E+00 0.00000 
   13   13    1    1    1    1    1    1    1    1  0.00000E+00 0.00000 
   14   14    1    1    1    1    1    1    1    1  0.00000E+00 0.00000 
   15   15    1    1    1    1    1    1    1    1  0.00000E+00 0.00000 
   16   16    1    1    1    1    1    1    1    1  0.00000E+00 0.00000 
   17   17    1    1    1    1    1    1    1    1  0.00000E+00 0.00000 
   18   18    1    1    1    1    1    1    1    1  0.00000E+00 0.00000 
   19   19    1    1    1    1    1    1    1    1  1.75950E+09 0.04655 
   20   20    1    1    1    1    1    1    1    1  3.16930E+08 0.06175 
   21   21    1    1    1    1    1    1    1    1  1.08517E+09 0.04768 
   22   22    1    1    1    1    1    1    1    1  8.30853E+08 0.03376 
   23   23    1    1    1    1    1    1    1    1  2.07301E+09 0.03447 
   24   24    1    1    1    1    1    1    1    1  3.03292E+09 0.02123 
   25   25    1    1    1    1    1    1    1    1  4.71488E+09 0.02262 
   26   26    1    1    1    1    1    1    1    1  5.97167E+09 0.01992 
   27   27    1    1    1    1    1    1    1    1  9.73001E+09 0.01836 
   28   28    1    1    1    1    1    1    1    1  1.77447E+10 0.01186 
   29   29    1    1    1    1    1    1    1    1  3.64326E+10 0.00740 
   30   30    1    1    1    1    1    1    1    1  5.55410E+10 0.00706 
   31   31    1    1    1    1    1    1    1    1  1.66199E+11 0.00529 
   32   32    1    1    1    1    1    1    1    1  5.11298E+11 0.00335 
   33   33    1    1    1    1    1    1    1    1  9.53059E+11 0.00240 
   34   34    1    1    1    1    1    1    1    1  2.20159E+12 0.00120 
   35   35    1    1    1    1    1    1    1    1  2.99714E+12 0.00096 
   36   36    1    1    1    1    1    1    1    1  4.16716E+12 0.00084 
   37   37    1    1    1    1    1    1    1    1  2.92280E+12 0.00078 
   38   38    1    1    1    1    1    1    1    1  9.13668E+11 0.00053 
   39   39    1    1    1    1    1    1    1    1  4.99808E+12 0.00052 
   40   40    1    1    1    1    1    1    1    1  6.69793E+12 0.00048 
   41   41    1    1    1    1    1    1    1    1  1.14031E+13 0.00048 
   42   42    1    1    1    1    1    1    1    1  1.16804E+13 0.00040 
   43   43    1    1    1    1    1    1    1    1  2.43166E+13 0.00043 
   44   44    1    1    1    1    1    1    1    1  2.92358E+13 0.00032 
   45   45    1    1    1    1    1    1    1    1  4.18551E+13 0.00022 
   46   46    1    1    1    1    1    1    1    1  8.20878E+13 0.00023 
   47   47    1    1    1    1    1    1    1    1  3.90534E+13 0.00023 
   48   48    1    1    1    1    1    1    1    1  6.28180E+13 0.00019 
   49   49    1    1    1    1    1    1    1    1  8.76392E+13 0.00013 
   50   50    1    1    1    1    1    1    1    1  8.63664E+13 0.00021 
   51   51    1    1    1    1    1    1    1    1  1.33438E+14 0.00015 
   52   52    1    1    1    1    1    1    1    1  1.07338E+14 0.00015 
   53   53    1    1    1    1    1    1    1    1  1.25600E+14 0.00019 
   54   54    1    1    1    1    1    1    1    1  8.78506E+13 0.00016 
   55   55    1    1    1    1    1    1    1    1  1.06083E+14 0.00017 
   56   56    1    1    1    1    1    1    1    1  7.34340E+13 0.00017 
   57   57    1    1    1    1    1    1    1    1  1.00315E+13 0.00028 
   58   58    1    1    1    1    1    1    1    1  1.45788E+14 0.00016 
   59   59    1    1    1    1    1    1    1    1  6.39128E+13 0.00016 
   60   60    1    1    1    1    1    1    1    1  6.83548E+13 0.00017 
   61   61    1    1    1    1    1    1    1    1  5.26454E+13 0.00022 
   62   62    1    1    1    1    1    1    1    1  5.29573E+13 0.00018 
   63   63    1    1    1    1    1    1    1    1  5.48729E+13 0.00020 
   64   64    1    1    1    1    1    1    1    1  4.60279E+13 0.00022 
   65   65    1    1    1    1    1    1    1    1  3.66011E+13 0.00023 
   66   66    1    1    1    1    1    1    1    1  3.62670E+13 0.00027 
   67   67    1    1    1    1    1    1    1    1  2.63608E+13 0.00031 
   68   68    1    1    1    1    1    1    1    1  2.15947E+13 0.00035 
   69   69    1    1    1    1    1    1    1    1  1.93750E+13 0.00033 
   70   70    1    1    1    1    1    1    1    1  2.33073E+13 0.00038 
   71   71    1    1    1    1    1    1    1    1  1.98912E+13 0.00046 
   72   72    1    1    1    1    1    1    1    1  3.66862E+13 0.00036 
   73   73    1    1    1    1    1    1    1    1  2.60470E+13 0.00046 
   74   74    1    1    1    1    1    1    1    1  1.96427E+13 0.00023 
   75   75    1    1    1    1    1    1    1    1  1.56468E+13 0.00041 
   76   76    1    1    1    1    1    1    1    1  1.28400E+13 0.00039 
   77   77    1    1    1    1    1    1    1    1  1.47464E+13 0.00042 
   78   78    1    1    1    1    1    1    1    1  1.15396E+13 0.00052 
   79   79    1    1    1    1    1    1    1    1  9.09366E+12 0.00063 
   80   80    1    1    1    1    1    1    1    1  9.34600E+12 0.00074 
   81   81    1    1    1    1    1    1    1    1  6.90444E+12 0.00079 
   82   82    1    1    1    1    1    1    1    1  5.30145E+12 0.00065 
   83   83    1    1    1    1    1    1    1    1  4.06846E+12 0.00072 
   84   84    1    1    1    1    1    1    1    1  3.80436E+12 0.00086 
   85   85    1    1    1    1    1    1    1    1  2.72979E+12 0.00116 
   86   86    1    1    1    1    1    1    1    1  1.97394E+12 0.00102 
   87   87    1    1    1    1    1    1    1    1  1.84422E+12 0.00130 
   88   88    1    1    1    1    1    1    1    1  1.14010E+12 0.00227 
   89   89    1    1    1    1    1    1    1    1  7.71493E+11 0.00189 
   90   90    1    1    1    1    1    1    1    1  4.48316E+11 0.00257 
   91   91    1    1    1    1    1    1    1    1  5.69563E+11 0.00216 
   92   92    1    1    1    1    1    1    1    1  0.00000E+00 0.00000 
   93   93    1    1    1    1    1    1    1    1  0.00000E+00 0.00000 
   94   94    1    1    1    1    1    1    1    1  0.00000E+00 0.00000 
   95   95    1    1    1    1    1    1    1    1  0.00000E+00 0.00000 
   96   96    1    1    1    1    1    1    1    1  0.00000E+00 0.00000 
   97   97    1    1    1    1    1    1    1    1  0.00000E+00 0.00000 
   98   98    1    1    1    1    1    1    1    1  0.00000E+00 0.00000 
   99   99    1    1    1    1    1    1    1    1  0.00000E+00 0.00000 
  100  100    1    1    1    1    1    1    1    1  0.00000E+00 0.00000 
];


