
DETdpaspec = [
    1    1    1    1    1    1    1    1    1    1  0.00000E+00 0.00000 
    2    2    1    1    1    1    1    1    1    1  0.00000E+00 0.00000 
    3    3    1    1    1    1    1    1    1    1  0.00000E+00 0.00000 
    4    4    1    1    1    1    1    1    1    1  0.00000E+00 0.00000 
    5    5    1    1    1    1    1    1    1    1  0.00000E+00 0.00000 
    6    6    1    1    1    1    1    1    1    1  0.00000E+00 0.00000 
    7    7    1    1    1    1    1    1    1    1  0.00000E+00 0.00000 
    8    8    1    1    1    1    1    1    1    1  0.00000E+00 0.00000 
    9    9    1    1    1    1    1    1    1    1  0.00000E+00 0.00000 
   10   10    1    1    1    1    1    1    1    1  0.00000E+00 0.00000 
   11   11    1    1    1    1    1    1    1    1  0.00000E+00 0.00000 
   12   12    1    1    1    1    1    1    1    1  0.00000E+00 0.00000 
   13   13    1    1    1    1    1    1    1    1  0.00000E+00 0.00000 
   14   14    1    1    1    1    1    1    1    1  0.00000E+00 0.00000 
   15   15    1    1    1    1    1    1    1    1  0.00000E+00 0.00000 
   16   16    1    1    1    1    1    1    1    1  0.00000E+00 0.00000 
   17   17    1    1    1    1    1    1    1    1  0.00000E+00 0.00000 
   18   18    1    1    1    1    1    1    1    1  0.00000E+00 0.00000 
   19   19    1    1    1    1    1    1    1    1  2.48880E+09 0.03174 
   20   20    1    1    1    1    1    1    1    1  4.76134E+08 0.06069 
   21   21    1    1    1    1    1    1    1    1  1.60558E+09 0.03548 
   22   22    1    1    1    1    1    1    1    1  1.22887E+09 0.02302 
   23   23    1    1    1    1    1    1    1    1  3.32680E+09 0.01987 
   24   24    1    1    1    1    1    1    1    1  4.43834E+09 0.01608 
   25   25    1    1    1    1    1    1    1    1  7.06984E+09 0.01870 
   26   26    1    1    1    1    1    1    1    1  8.73281E+09 0.01918 
   27   27    1    1    1    1    1    1    1    1  1.41178E+10 0.01616 
   28   28    1    1    1    1    1    1    1    1  2.57328E+10 0.00949 
   29   29    1    1    1    1    1    1    1    1  4.62116E+10 0.00543 
   30   30    1    1    1    1    1    1    1    1  6.43452E+10 0.00429 
   31   31    1    1    1    1    1    1    1    1  2.02817E+11 0.00257 
   32   32    1    1    1    1    1    1    1    1  6.04438E+11 0.00226 
   33   33    1    1    1    1    1    1    1    1  1.10399E+12 0.00173 
   34   34    1    1    1    1    1    1    1    1  2.42307E+12 0.00105 
   35   35    1    1    1    1    1    1    1    1  3.17249E+12 0.00116 
   36   36    1    1    1    1    1    1    1    1  4.61212E+12 0.00075 
   37   37    1    1    1    1    1    1    1    1  3.27221E+12 0.00077 
   38   38    1    1    1    1    1    1    1    1  1.04008E+12 0.00078 
   39   39    1    1    1    1    1    1    1    1  5.54770E+12 0.00052 
   40   40    1    1    1    1    1    1    1    1  7.37685E+12 0.00051 
   41   41    1    1    1    1    1    1    1    1  1.22976E+13 0.00035 
   42   42    1    1    1    1    1    1    1    1  1.27546E+13 0.00037 
   43   43    1    1    1    1    1    1    1    1  2.58668E+13 0.00032 
   44   44    1    1    1    1    1    1    1    1  3.07504E+13 0.00032 
   45   45    1    1    1    1    1    1    1    1  4.35515E+13 0.00025 
   46   46    1    1    1    1    1    1    1    1  8.34450E+13 0.00017 
   47   47    1    1    1    1    1    1    1    1  3.99072E+13 0.00018 
   48   48    1    1    1    1    1    1    1    1  6.43444E+13 0.00015 
   49   49    1    1    1    1    1    1    1    1  8.92860E+13 0.00011 
   50   50    1    1    1    1    1    1    1    1  8.81843E+13 0.00017 
   51   51    1    1    1    1    1    1    1    1  1.34462E+14 0.00012 
   52   52    1    1    1    1    1    1    1    1  1.09280E+14 0.00017 
   53   53    1    1    1    1    1    1    1    1  1.25766E+14 0.00015 
   54   54    1    1    1    1    1    1    1    1  8.84314E+13 0.00013 
   55   55    1    1    1    1    1    1    1    1  1.05136E+14 0.00013 
   56   56    1    1    1    1    1    1    1    1  7.31619E+13 0.00017 
   57   57    1    1    1    1    1    1    1    1  1.00561E+13 0.00024 
   58   58    1    1    1    1    1    1    1    1  1.45340E+14 0.00013 
   59   59    1    1    1    1    1    1    1    1  6.25604E+13 0.00014 
   60   60    1    1    1    1    1    1    1    1  6.72824E+13 0.00019 
   61   61    1    1    1    1    1    1    1    1  5.11959E+13 0.00025 
   62   62    1    1    1    1    1    1    1    1  5.16523E+13 0.00019 
   63   63    1    1    1    1    1    1    1    1  5.33433E+13 0.00020 
   64   64    1    1    1    1    1    1    1    1  4.45584E+13 0.00028 
   65   65    1    1    1    1    1    1    1    1  3.55012E+13 0.00021 
   66   66    1    1    1    1    1    1    1    1  3.51623E+13 0.00027 
   67   67    1    1    1    1    1    1    1    1  2.55821E+13 0.00028 
   68   68    1    1    1    1    1    1    1    1  2.10419E+13 0.00035 
   69   69    1    1    1    1    1    1    1    1  1.89423E+13 0.00035 
   70   70    1    1    1    1    1    1    1    1  2.27865E+13 0.00030 
   71   71    1    1    1    1    1    1    1    1  1.94657E+13 0.00037 
   72   72    1    1    1    1    1    1    1    1  3.63378E+13 0.00038 
   73   73    1    1    1    1    1    1    1    1  2.59620E+13 0.00042 
   74   74    1    1    1    1    1    1    1    1  1.94956E+13 0.00045 
   75   75    1    1    1    1    1    1    1    1  1.53618E+13 0.00053 
   76   76    1    1    1    1    1    1    1    1  1.24777E+13 0.00053 
   77   77    1    1    1    1    1    1    1    1  1.41657E+13 0.00042 
   78   78    1    1    1    1    1    1    1    1  1.09442E+13 0.00060 
   79   79    1    1    1    1    1    1    1    1  8.55652E+12 0.00054 
   80   80    1    1    1    1    1    1    1    1  8.71951E+12 0.00075 
   81   81    1    1    1    1    1    1    1    1  6.42204E+12 0.00061 
   82   82    1    1    1    1    1    1    1    1  4.91098E+12 0.00058 
   83   83    1    1    1    1    1    1    1    1  3.76037E+12 0.00082 
   84   84    1    1    1    1    1    1    1    1  3.51388E+12 0.00082 
   85   85    1    1    1    1    1    1    1    1  2.52648E+12 0.00133 
   86   86    1    1    1    1    1    1    1    1  1.81135E+12 0.00111 
   87   87    1    1    1    1    1    1    1    1  1.69775E+12 0.00161 
   88   88    1    1    1    1    1    1    1    1  1.05012E+12 0.00161 
   89   89    1    1    1    1    1    1    1    1  7.11751E+11 0.00156 
   90   90    1    1    1    1    1    1    1    1  4.11454E+11 0.00264 
   91   91    1    1    1    1    1    1    1    1  5.31899E+11 0.00237 
   92   92    1    1    1    1    1    1    1    1  0.00000E+00 0.00000 
   93   93    1    1    1    1    1    1    1    1  0.00000E+00 0.00000 
   94   94    1    1    1    1    1    1    1    1  0.00000E+00 0.00000 
   95   95    1    1    1    1    1    1    1    1  0.00000E+00 0.00000 
   96   96    1    1    1    1    1    1    1    1  0.00000E+00 0.00000 
   97   97    1    1    1    1    1    1    1    1  0.00000E+00 0.00000 
   98   98    1    1    1    1    1    1    1    1  0.00000E+00 0.00000 
   99   99    1    1    1    1    1    1    1    1  0.00000E+00 0.00000 
  100  100    1    1    1    1    1    1    1    1  0.00000E+00 0.00000 
];


