
DETdpaspec = [
    1    1    1    1    1    1    1    1    1    1  0.00000E+00 0.00000 
    2    2    1    1    1    1    1    1    1    1  0.00000E+00 0.00000 
    3    3    1    1    1    1    1    1    1    1  0.00000E+00 0.00000 
    4    4    1    1    1    1    1    1    1    1  0.00000E+00 0.00000 
    5    5    1    1    1    1    1    1    1    1  0.00000E+00 0.00000 
    6    6    1    1    1    1    1    1    1    1  0.00000E+00 0.00000 
    7    7    1    1    1    1    1    1    1    1  0.00000E+00 0.00000 
    8    8    1    1    1    1    1    1    1    1  0.00000E+00 0.00000 
    9    9    1    1    1    1    1    1    1    1  0.00000E+00 0.00000 
   10   10    1    1    1    1    1    1    1    1  0.00000E+00 0.00000 
   11   11    1    1    1    1    1    1    1    1  0.00000E+00 0.00000 
   12   12    1    1    1    1    1    1    1    1  0.00000E+00 0.00000 
   13   13    1    1    1    1    1    1    1    1  0.00000E+00 0.00000 
   14   14    1    1    1    1    1    1    1    1  0.00000E+00 0.00000 
   15   15    1    1    1    1    1    1    1    1  0.00000E+00 0.00000 
   16   16    1    1    1    1    1    1    1    1  0.00000E+00 0.00000 
   17   17    1    1    1    1    1    1    1    1  0.00000E+00 0.00000 
   18   18    1    1    1    1    1    1    1    1  0.00000E+00 0.00000 
   19   19    1    1    1    1    1    1    1    1  1.79372E+09 0.04584 
   20   20    1    1    1    1    1    1    1    1  2.82360E+08 0.07635 
   21   21    1    1    1    1    1    1    1    1  1.06966E+09 0.05985 
   22   22    1    1    1    1    1    1    1    1  7.55647E+08 0.04666 
   23   23    1    1    1    1    1    1    1    1  2.04368E+09 0.03248 
   24   24    1    1    1    1    1    1    1    1  2.65348E+09 0.02418 
   25   25    1    1    1    1    1    1    1    1  4.44490E+09 0.02504 
   26   26    1    1    1    1    1    1    1    1  5.53779E+09 0.02343 
   27   27    1    1    1    1    1    1    1    1  9.02592E+09 0.02254 
   28   28    1    1    1    1    1    1    1    1  1.64657E+10 0.01561 
   29   29    1    1    1    1    1    1    1    1  3.46482E+10 0.00742 
   30   30    1    1    1    1    1    1    1    1  5.48175E+10 0.00623 
   31   31    1    1    1    1    1    1    1    1  1.63215E+11 0.00535 
   32   32    1    1    1    1    1    1    1    1  5.04767E+11 0.00337 
   33   33    1    1    1    1    1    1    1    1  9.42261E+11 0.00210 
   34   34    1    1    1    1    1    1    1    1  2.18979E+12 0.00145 
   35   35    1    1    1    1    1    1    1    1  3.00753E+12 0.00112 
   36   36    1    1    1    1    1    1    1    1  4.12027E+12 0.00101 
   37   37    1    1    1    1    1    1    1    1  2.87534E+12 0.00090 
   38   38    1    1    1    1    1    1    1    1  8.93735E+11 0.00106 
   39   39    1    1    1    1    1    1    1    1  4.92065E+12 0.00061 
   40   40    1    1    1    1    1    1    1    1  6.60706E+12 0.00055 
   41   41    1    1    1    1    1    1    1    1  1.12845E+13 0.00051 
   42   42    1    1    1    1    1    1    1    1  1.15175E+13 0.00043 
   43   43    1    1    1    1    1    1    1    1  2.41167E+13 0.00044 
   44   44    1    1    1    1    1    1    1    1  2.90106E+13 0.00038 
   45   45    1    1    1    1    1    1    1    1  4.16168E+13 0.00033 
   46   46    1    1    1    1    1    1    1    1  8.19620E+13 0.00023 
   47   47    1    1    1    1    1    1    1    1  3.89312E+13 0.00027 
   48   48    1    1    1    1    1    1    1    1  6.25420E+13 0.00017 
   49   49    1    1    1    1    1    1    1    1  8.73095E+13 0.00019 
   50   50    1    1    1    1    1    1    1    1  8.60130E+13 0.00018 
   51   51    1    1    1    1    1    1    1    1  1.33213E+14 0.00017 
   52   52    1    1    1    1    1    1    1    1  1.06819E+14 0.00014 
   53   53    1    1    1    1    1    1    1    1  1.25503E+14 0.00013 
   54   54    1    1    1    1    1    1    1    1  8.76807E+13 0.00014 
   55   55    1    1    1    1    1    1    1    1  1.06269E+14 0.00017 
   56   56    1    1    1    1    1    1    1    1  7.34767E+13 0.00018 
   57   57    1    1    1    1    1    1    1    1  1.00258E+13 0.00036 
   58   58    1    1    1    1    1    1    1    1  1.45791E+14 0.00020 
   59   59    1    1    1    1    1    1    1    1  6.41684E+13 0.00015 
   60   60    1    1    1    1    1    1    1    1  6.85285E+13 0.00020 
   61   61    1    1    1    1    1    1    1    1  5.29422E+13 0.00021 
   62   62    1    1    1    1    1    1    1    1  5.31981E+13 0.00027 
   63   63    1    1    1    1    1    1    1    1  5.51850E+13 0.00027 
   64   64    1    1    1    1    1    1    1    1  4.63011E+13 0.00036 
   65   65    1    1    1    1    1    1    1    1  3.68195E+13 0.00032 
   66   66    1    1    1    1    1    1    1    1  3.64837E+13 0.00026 
   67   67    1    1    1    1    1    1    1    1  2.65228E+13 0.00030 
   68   68    1    1    1    1    1    1    1    1  2.16794E+13 0.00033 
   69   69    1    1    1    1    1    1    1    1  1.94538E+13 0.00032 
   70   70    1    1    1    1    1    1    1    1  2.34021E+13 0.00035 
   71   71    1    1    1    1    1    1    1    1  1.99513E+13 0.00035 
   72   72    1    1    1    1    1    1    1    1  3.66485E+13 0.00033 
   73   73    1    1    1    1    1    1    1    1  2.60247E+13 0.00045 
   74   74    1    1    1    1    1    1    1    1  1.96084E+13 0.00048 
   75   75    1    1    1    1    1    1    1    1  1.56459E+13 0.00059 
   76   76    1    1    1    1    1    1    1    1  1.28980E+13 0.00045 
   77   77    1    1    1    1    1    1    1    1  1.48329E+13 0.00047 
   78   78    1    1    1    1    1    1    1    1  1.16340E+13 0.00071 
   79   79    1    1    1    1    1    1    1    1  9.19389E+12 0.00062 
   80   80    1    1    1    1    1    1    1    1  9.45248E+12 0.00067 
   81   81    1    1    1    1    1    1    1    1  6.99795E+12 0.00075 
   82   82    1    1    1    1    1    1    1    1  5.37871E+12 0.00091 
   83   83    1    1    1    1    1    1    1    1  4.12840E+12 0.00065 
   84   84    1    1    1    1    1    1    1    1  3.86531E+12 0.00110 
   85   85    1    1    1    1    1    1    1    1  2.77163E+12 0.00080 
   86   86    1    1    1    1    1    1    1    1  2.00295E+12 0.00140 
   87   87    1    1    1    1    1    1    1    1  1.87330E+12 0.00110 
   88   88    1    1    1    1    1    1    1    1  1.15236E+12 0.00212 
   89   89    1    1    1    1    1    1    1    1  7.80480E+11 0.00185 
   90   90    1    1    1    1    1    1    1    1  4.54389E+11 0.00340 
   91   91    1    1    1    1    1    1    1    1  5.78307E+11 0.00247 
   92   92    1    1    1    1    1    1    1    1  0.00000E+00 0.00000 
   93   93    1    1    1    1    1    1    1    1  0.00000E+00 0.00000 
   94   94    1    1    1    1    1    1    1    1  0.00000E+00 0.00000 
   95   95    1    1    1    1    1    1    1    1  0.00000E+00 0.00000 
   96   96    1    1    1    1    1    1    1    1  0.00000E+00 0.00000 
   97   97    1    1    1    1    1    1    1    1  0.00000E+00 0.00000 
   98   98    1    1    1    1    1    1    1    1  0.00000E+00 0.00000 
   99   99    1    1    1    1    1    1    1    1  0.00000E+00 0.00000 
  100  100    1    1    1    1    1    1    1    1  0.00000E+00 0.00000 
];


