
DETdpaspec = [
    1    1    1    1    1    1    1    1    1    1  0.00000E+00 0.00000 
    2    2    1    1    1    1    1    1    1    1  0.00000E+00 0.00000 
    3    3    1    1    1    1    1    1    1    1  0.00000E+00 0.00000 
    4    4    1    1    1    1    1    1    1    1  0.00000E+00 0.00000 
    5    5    1    1    1    1    1    1    1    1  0.00000E+00 0.00000 
    6    6    1    1    1    1    1    1    1    1  0.00000E+00 0.00000 
    7    7    1    1    1    1    1    1    1    1  0.00000E+00 0.00000 
    8    8    1    1    1    1    1    1    1    1  0.00000E+00 0.00000 
    9    9    1    1    1    1    1    1    1    1  0.00000E+00 0.00000 
   10   10    1    1    1    1    1    1    1    1  0.00000E+00 0.00000 
   11   11    1    1    1    1    1    1    1    1  0.00000E+00 0.00000 
   12   12    1    1    1    1    1    1    1    1  0.00000E+00 0.00000 
   13   13    1    1    1    1    1    1    1    1  0.00000E+00 0.00000 
   14   14    1    1    1    1    1    1    1    1  0.00000E+00 0.00000 
   15   15    1    1    1    1    1    1    1    1  0.00000E+00 0.00000 
   16   16    1    1    1    1    1    1    1    1  0.00000E+00 0.00000 
   17   17    1    1    1    1    1    1    1    1  0.00000E+00 0.00000 
   18   18    1    1    1    1    1    1    1    1  0.00000E+00 0.00000 
   19   19    1    1    1    1    1    1    1    1  1.02310E+09 0.08415 
   20   20    1    1    1    1    1    1    1    1  1.10755E+08 0.14355 
   21   21    1    1    1    1    1    1    1    1  3.98505E+08 0.10803 
   22   22    1    1    1    1    1    1    1    1  3.81398E+08 0.06714 
   23   23    1    1    1    1    1    1    1    1  9.49369E+08 0.04473 
   24   24    1    1    1    1    1    1    1    1  2.35883E+09 0.03264 
   25   25    1    1    1    1    1    1    1    1  7.12791E+09 0.02082 
   26   26    1    1    1    1    1    1    1    1  1.30557E+10 0.01901 
   27   27    1    1    1    1    1    1    1    1  3.02122E+10 0.01204 
   28   28    1    1    1    1    1    1    1    1  6.94289E+10 0.00628 
   29   29    1    1    1    1    1    1    1    1  1.59834E+11 0.00453 
   30   30    1    1    1    1    1    1    1    1  2.76718E+11 0.00358 
   31   31    1    1    1    1    1    1    1    1  5.93795E+11 0.00266 
   32   32    1    1    1    1    1    1    1    1  1.40682E+12 0.00240 
   33   33    1    1    1    1    1    1    1    1  2.18606E+12 0.00127 
   34   34    1    1    1    1    1    1    1    1  4.57044E+12 0.00074 
   35   35    1    1    1    1    1    1    1    1  5.87640E+12 0.00082 
   36   36    1    1    1    1    1    1    1    1  6.34613E+12 0.00053 
   37   37    1    1    1    1    1    1    1    1  3.92570E+12 0.00059 
   38   38    1    1    1    1    1    1    1    1  1.15371E+12 0.00070 
   39   39    1    1    1    1    1    1    1    1  6.55026E+12 0.00065 
   40   40    1    1    1    1    1    1    1    1  8.65661E+12 0.00050 
   41   41    1    1    1    1    1    1    1    1  1.46904E+13 0.00048 
   42   42    1    1    1    1    1    1    1    1  1.41114E+13 0.00049 
   43   43    1    1    1    1    1    1    1    1  2.99249E+13 0.00041 
   44   44    1    1    1    1    1    1    1    1  3.53277E+13 0.00038 
   45   45    1    1    1    1    1    1    1    1  4.95864E+13 0.00030 
   46   46    1    1    1    1    1    1    1    1  9.61309E+13 0.00018 
   47   47    1    1    1    1    1    1    1    1  4.32182E+13 0.00020 
   48   48    1    1    1    1    1    1    1    1  6.77106E+13 0.00021 
   49   49    1    1    1    1    1    1    1    1  9.24018E+13 0.00017 
   50   50    1    1    1    1    1    1    1    1  8.86366E+13 0.00013 
   51   51    1    1    1    1    1    1    1    1  1.36825E+14 0.00011 
   52   52    1    1    1    1    1    1    1    1  1.04599E+14 0.00015 
   53   53    1    1    1    1    1    1    1    1  1.24338E+14 0.00014 
   54   54    1    1    1    1    1    1    1    1  8.45453E+13 0.00013 
   55   55    1    1    1    1    1    1    1    1  1.04022E+14 0.00016 
   56   56    1    1    1    1    1    1    1    1  7.06441E+13 0.00018 
   57   57    1    1    1    1    1    1    1    1  9.51363E+12 0.00036 
   58   58    1    1    1    1    1    1    1    1  1.38163E+14 0.00018 
   59   59    1    1    1    1    1    1    1    1  6.22628E+13 0.00025 
   60   60    1    1    1    1    1    1    1    1  6.50437E+13 0.00015 
   61   61    1    1    1    1    1    1    1    1  5.10031E+13 0.00023 
   62   62    1    1    1    1    1    1    1    1  5.06650E+13 0.00020 
   63   63    1    1    1    1    1    1    1    1  5.24278E+13 0.00025 
   64   64    1    1    1    1    1    1    1    1  4.37887E+13 0.00024 
   65   65    1    1    1    1    1    1    1    1  3.44140E+13 0.00027 
   66   66    1    1    1    1    1    1    1    1  3.38252E+13 0.00023 
   67   67    1    1    1    1    1    1    1    1  2.43130E+13 0.00032 
   68   68    1    1    1    1    1    1    1    1  1.96061E+13 0.00031 
   69   69    1    1    1    1    1    1    1    1  1.74565E+13 0.00039 
   70   70    1    1    1    1    1    1    1    1  2.08577E+13 0.00041 
   71   71    1    1    1    1    1    1    1    1  1.75589E+13 0.00025 
   72   72    1    1    1    1    1    1    1    1  3.10764E+13 0.00029 
   73   73    1    1    1    1    1    1    1    1  2.16544E+13 0.00039 
   74   74    1    1    1    1    1    1    1    1  1.62628E+13 0.00048 
   75   75    1    1    1    1    1    1    1    1  1.31710E+13 0.00058 
   76   76    1    1    1    1    1    1    1    1  1.10428E+13 0.00056 
   77   77    1    1    1    1    1    1    1    1  1.28887E+13 0.00045 
   78   78    1    1    1    1    1    1    1    1  1.02954E+13 0.00059 
   79   79    1    1    1    1    1    1    1    1  8.25203E+12 0.00052 
   80   80    1    1    1    1    1    1    1    1  8.55444E+12 0.00058 
   81   81    1    1    1    1    1    1    1    1  6.36155E+12 0.00076 
   82   82    1    1    1    1    1    1    1    1  4.91814E+12 0.00089 
   83   83    1    1    1    1    1    1    1    1  3.77679E+12 0.00070 
   84   84    1    1    1    1    1    1    1    1  3.53165E+12 0.00082 
   85   85    1    1    1    1    1    1    1    1  2.54304E+12 0.00107 
   86   86    1    1    1    1    1    1    1    1  1.83889E+12 0.00125 
   87   87    1    1    1    1    1    1    1    1  1.71796E+12 0.00127 
   88   88    1    1    1    1    1    1    1    1  1.05243E+12 0.00179 
   89   89    1    1    1    1    1    1    1    1  7.07307E+11 0.00165 
   90   90    1    1    1    1    1    1    1    1  4.07753E+11 0.00250 
   91   91    1    1    1    1    1    1    1    1  5.09592E+11 0.00250 
   92   92    1    1    1    1    1    1    1    1  0.00000E+00 0.00000 
   93   93    1    1    1    1    1    1    1    1  0.00000E+00 0.00000 
   94   94    1    1    1    1    1    1    1    1  0.00000E+00 0.00000 
   95   95    1    1    1    1    1    1    1    1  0.00000E+00 0.00000 
   96   96    1    1    1    1    1    1    1    1  0.00000E+00 0.00000 
   97   97    1    1    1    1    1    1    1    1  0.00000E+00 0.00000 
   98   98    1    1    1    1    1    1    1    1  0.00000E+00 0.00000 
   99   99    1    1    1    1    1    1    1    1  0.00000E+00 0.00000 
  100  100    1    1    1    1    1    1    1    1  0.00000E+00 0.00000 
];


