
DETdpaspec = [
    1    1    1    1    1    1    1    1    1    1  0.00000E+00 0.00000 
    2    2    1    1    1    1    1    1    1    1  0.00000E+00 0.00000 
    3    3    1    1    1    1    1    1    1    1  0.00000E+00 0.00000 
    4    4    1    1    1    1    1    1    1    1  0.00000E+00 0.00000 
    5    5    1    1    1    1    1    1    1    1  0.00000E+00 0.00000 
    6    6    1    1    1    1    1    1    1    1  0.00000E+00 0.00000 
    7    7    1    1    1    1    1    1    1    1  0.00000E+00 0.00000 
    8    8    1    1    1    1    1    1    1    1  0.00000E+00 0.00000 
    9    9    1    1    1    1    1    1    1    1  0.00000E+00 0.00000 
   10   10    1    1    1    1    1    1    1    1  0.00000E+00 0.00000 
   11   11    1    1    1    1    1    1    1    1  0.00000E+00 0.00000 
   12   12    1    1    1    1    1    1    1    1  0.00000E+00 0.00000 
   13   13    1    1    1    1    1    1    1    1  0.00000E+00 0.00000 
   14   14    1    1    1    1    1    1    1    1  0.00000E+00 0.00000 
   15   15    1    1    1    1    1    1    1    1  0.00000E+00 0.00000 
   16   16    1    1    1    1    1    1    1    1  0.00000E+00 0.00000 
   17   17    1    1    1    1    1    1    1    1  0.00000E+00 0.00000 
   18   18    1    1    1    1    1    1    1    1  0.00000E+00 0.00000 
   19   19    1    1    1    1    1    1    1    1  1.75223E+09 0.03966 
   20   20    1    1    1    1    1    1    1    1  2.47047E+08 0.07456 
   21   21    1    1    1    1    1    1    1    1  1.00182E+09 0.04621 
   22   22    1    1    1    1    1    1    1    1  7.08433E+08 0.04329 
   23   23    1    1    1    1    1    1    1    1  1.67332E+09 0.03953 
   24   24    1    1    1    1    1    1    1    1  2.48883E+09 0.03033 
   25   25    1    1    1    1    1    1    1    1  4.07066E+09 0.02208 
   26   26    1    1    1    1    1    1    1    1  5.00590E+09 0.02958 
   27   27    1    1    1    1    1    1    1    1  8.03107E+09 0.01813 
   28   28    1    1    1    1    1    1    1    1  1.53573E+10 0.01297 
   29   29    1    1    1    1    1    1    1    1  3.45478E+10 0.00996 
   30   30    1    1    1    1    1    1    1    1  5.61274E+10 0.00623 
   31   31    1    1    1    1    1    1    1    1  1.63634E+11 0.00532 
   32   32    1    1    1    1    1    1    1    1  5.04740E+11 0.00308 
   33   33    1    1    1    1    1    1    1    1  9.38633E+11 0.00161 
   34   34    1    1    1    1    1    1    1    1  2.21051E+12 0.00100 
   35   35    1    1    1    1    1    1    1    1  3.05754E+12 0.00061 
   36   36    1    1    1    1    1    1    1    1  4.10908E+12 0.00075 
   37   37    1    1    1    1    1    1    1    1  2.84113E+12 0.00070 
   38   38    1    1    1    1    1    1    1    1  8.77669E+11 0.00067 
   39   39    1    1    1    1    1    1    1    1  4.86557E+12 0.00052 
   40   40    1    1    1    1    1    1    1    1  6.53409E+12 0.00048 
   41   41    1    1    1    1    1    1    1    1  1.12064E+13 0.00049 
   42   42    1    1    1    1    1    1    1    1  1.13734E+13 0.00044 
   43   43    1    1    1    1    1    1    1    1  2.39661E+13 0.00041 
   44   44    1    1    1    1    1    1    1    1  2.88840E+13 0.00042 
   45   45    1    1    1    1    1    1    1    1  4.15069E+13 0.00037 
   46   46    1    1    1    1    1    1    1    1  8.21246E+13 0.00030 
   47   47    1    1    1    1    1    1    1    1  3.88622E+13 0.00023 
   48   48    1    1    1    1    1    1    1    1  6.23359E+13 0.00018 
   49   49    1    1    1    1    1    1    1    1  8.70878E+13 0.00017 
   50   50    1    1    1    1    1    1    1    1  8.56599E+13 0.00017 
   51   51    1    1    1    1    1    1    1    1  1.33035E+14 0.00014 
   52   52    1    1    1    1    1    1    1    1  1.06246E+14 0.00016 
   53   53    1    1    1    1    1    1    1    1  1.25338E+14 0.00014 
   54   54    1    1    1    1    1    1    1    1  8.74252E+13 0.00014 
   55   55    1    1    1    1    1    1    1    1  1.06380E+14 0.00019 
   56   56    1    1    1    1    1    1    1    1  7.34342E+13 0.00021 
   57   57    1    1    1    1    1    1    1    1  1.00054E+13 0.00032 
   58   58    1    1    1    1    1    1    1    1  1.45681E+14 0.00015 
   59   59    1    1    1    1    1    1    1    1  6.44713E+13 0.00021 
   60   60    1    1    1    1    1    1    1    1  6.86861E+13 0.00024 
   61   61    1    1    1    1    1    1    1    1  5.32413E+13 0.00024 
   62   62    1    1    1    1    1    1    1    1  5.34306E+13 0.00016 
   63   63    1    1    1    1    1    1    1    1  5.54735E+13 0.00018 
   64   64    1    1    1    1    1    1    1    1  4.65644E+13 0.00016 
   65   65    1    1    1    1    1    1    1    1  3.70061E+13 0.00032 
   66   66    1    1    1    1    1    1    1    1  3.66536E+13 0.00032 
   67   67    1    1    1    1    1    1    1    1  2.66073E+13 0.00035 
   68   68    1    1    1    1    1    1    1    1  2.17261E+13 0.00031 
   69   69    1    1    1    1    1    1    1    1  1.94930E+13 0.00035 
   70   70    1    1    1    1    1    1    1    1  2.34473E+13 0.00038 
   71   71    1    1    1    1    1    1    1    1  1.99815E+13 0.00036 
   72   72    1    1    1    1    1    1    1    1  3.65201E+13 0.00029 
   73   73    1    1    1    1    1    1    1    1  2.59012E+13 0.00035 
   74   74    1    1    1    1    1    1    1    1  1.95268E+13 0.00054 
   75   75    1    1    1    1    1    1    1    1  1.56295E+13 0.00036 
   76   76    1    1    1    1    1    1    1    1  1.29105E+13 0.00063 
   77   77    1    1    1    1    1    1    1    1  1.48977E+13 0.00051 
   78   78    1    1    1    1    1    1    1    1  1.17254E+13 0.00042 
   79   79    1    1    1    1    1    1    1    1  9.29902E+12 0.00066 
   80   80    1    1    1    1    1    1    1    1  9.57409E+12 0.00074 
   81   81    1    1    1    1    1    1    1    1  7.09139E+12 0.00067 
   82   82    1    1    1    1    1    1    1    1  5.45678E+12 0.00081 
   83   83    1    1    1    1    1    1    1    1  4.19813E+12 0.00132 
   84   84    1    1    1    1    1    1    1    1  3.92030E+12 0.00097 
   85   85    1    1    1    1    1    1    1    1  2.82118E+12 0.00108 
   86   86    1    1    1    1    1    1    1    1  2.03772E+12 0.00121 
   87   87    1    1    1    1    1    1    1    1  1.90667E+12 0.00137 
   88   88    1    1    1    1    1    1    1    1  1.17367E+12 0.00143 
   89   89    1    1    1    1    1    1    1    1  7.94274E+11 0.00201 
   90   90    1    1    1    1    1    1    1    1  4.60947E+11 0.00324 
   91   91    1    1    1    1    1    1    1    1  5.87384E+11 0.00237 
   92   92    1    1    1    1    1    1    1    1  0.00000E+00 0.00000 
   93   93    1    1    1    1    1    1    1    1  0.00000E+00 0.00000 
   94   94    1    1    1    1    1    1    1    1  0.00000E+00 0.00000 
   95   95    1    1    1    1    1    1    1    1  0.00000E+00 0.00000 
   96   96    1    1    1    1    1    1    1    1  0.00000E+00 0.00000 
   97   97    1    1    1    1    1    1    1    1  0.00000E+00 0.00000 
   98   98    1    1    1    1    1    1    1    1  0.00000E+00 0.00000 
   99   99    1    1    1    1    1    1    1    1  0.00000E+00 0.00000 
  100  100    1    1    1    1    1    1    1    1  0.00000E+00 0.00000 
];


