
DETdpaspec = [
    1    1    1    1    1    1    1    1    1    1  0.00000E+00 0.00000 
    2    2    1    1    1    1    1    1    1    1  0.00000E+00 0.00000 
    3    3    1    1    1    1    1    1    1    1  0.00000E+00 0.00000 
    4    4    1    1    1    1    1    1    1    1  0.00000E+00 0.00000 
    5    5    1    1    1    1    1    1    1    1  0.00000E+00 0.00000 
    6    6    1    1    1    1    1    1    1    1  0.00000E+00 0.00000 
    7    7    1    1    1    1    1    1    1    1  0.00000E+00 0.00000 
    8    8    1    1    1    1    1    1    1    1  0.00000E+00 0.00000 
    9    9    1    1    1    1    1    1    1    1  0.00000E+00 0.00000 
   10   10    1    1    1    1    1    1    1    1  0.00000E+00 0.00000 
   11   11    1    1    1    1    1    1    1    1  0.00000E+00 0.00000 
   12   12    1    1    1    1    1    1    1    1  0.00000E+00 0.00000 
   13   13    1    1    1    1    1    1    1    1  0.00000E+00 0.00000 
   14   14    1    1    1    1    1    1    1    1  0.00000E+00 0.00000 
   15   15    1    1    1    1    1    1    1    1  0.00000E+00 0.00000 
   16   16    1    1    1    1    1    1    1    1  0.00000E+00 0.00000 
   17   17    1    1    1    1    1    1    1    1  0.00000E+00 0.00000 
   18   18    1    1    1    1    1    1    1    1  0.00000E+00 0.00000 
   19   19    1    1    1    1    1    1    1    1  1.88648E+09 0.06448 
   20   20    1    1    1    1    1    1    1    1  2.54011E+08 0.08259 
   21   21    1    1    1    1    1    1    1    1  9.70383E+08 0.06466 
   22   22    1    1    1    1    1    1    1    1  6.84049E+08 0.05460 
   23   23    1    1    1    1    1    1    1    1  1.75948E+09 0.03491 
   24   24    1    1    1    1    1    1    1    1  2.47966E+09 0.03474 
   25   25    1    1    1    1    1    1    1    1  3.79019E+09 0.03395 
   26   26    1    1    1    1    1    1    1    1  5.10002E+09 0.03027 
   27   27    1    1    1    1    1    1    1    1  8.25320E+09 0.01572 
   28   28    1    1    1    1    1    1    1    1  1.56711E+10 0.01098 
   29   29    1    1    1    1    1    1    1    1  3.45496E+10 0.00741 
   30   30    1    1    1    1    1    1    1    1  5.65077E+10 0.00701 
   31   31    1    1    1    1    1    1    1    1  1.63543E+11 0.00405 
   32   32    1    1    1    1    1    1    1    1  5.09082E+11 0.00246 
   33   33    1    1    1    1    1    1    1    1  9.43570E+11 0.00250 
   34   34    1    1    1    1    1    1    1    1  2.21847E+12 0.00125 
   35   35    1    1    1    1    1    1    1    1  3.07059E+12 0.00104 
   36   36    1    1    1    1    1    1    1    1  4.11002E+12 0.00113 
   37   37    1    1    1    1    1    1    1    1  2.83895E+12 0.00088 
   38   38    1    1    1    1    1    1    1    1  8.75993E+11 0.00084 
   39   39    1    1    1    1    1    1    1    1  4.86114E+12 0.00072 
   40   40    1    1    1    1    1    1    1    1  6.53600E+12 0.00073 
   41   41    1    1    1    1    1    1    1    1  1.12095E+13 0.00062 
   42   42    1    1    1    1    1    1    1    1  1.13715E+13 0.00059 
   43   43    1    1    1    1    1    1    1    1  2.39686E+13 0.00038 
   44   44    1    1    1    1    1    1    1    1  2.88920E+13 0.00035 
   45   45    1    1    1    1    1    1    1    1  4.15330E+13 0.00032 
   46   46    1    1    1    1    1    1    1    1  8.22166E+13 0.00017 
   47   47    1    1    1    1    1    1    1    1  3.88622E+13 0.00020 
   48   48    1    1    1    1    1    1    1    1  6.22929E+13 0.00018 
   49   49    1    1    1    1    1    1    1    1  8.70424E+13 0.00019 
   50   50    1    1    1    1    1    1    1    1  8.55799E+13 0.00014 
   51   51    1    1    1    1    1    1    1    1  1.33006E+14 0.00017 
   52   52    1    1    1    1    1    1    1    1  1.06128E+14 0.00014 
   53   53    1    1    1    1    1    1    1    1  1.25298E+14 0.00016 
   54   54    1    1    1    1    1    1    1    1  8.73516E+13 0.00018 
   55   55    1    1    1    1    1    1    1    1  1.06446E+14 0.00016 
   56   56    1    1    1    1    1    1    1    1  7.34221E+13 0.00022 
   57   57    1    1    1    1    1    1    1    1  1.00036E+13 0.00032 
   58   58    1    1    1    1    1    1    1    1  1.45621E+14 0.00013 
   59   59    1    1    1    1    1    1    1    1  6.45086E+13 0.00021 
   60   60    1    1    1    1    1    1    1    1  6.87280E+13 0.00025 
   61   61    1    1    1    1    1    1    1    1  5.33090E+13 0.00029 
   62   62    1    1    1    1    1    1    1    1  5.35006E+13 0.00025 
   63   63    1    1    1    1    1    1    1    1  5.55358E+13 0.00025 
   64   64    1    1    1    1    1    1    1    1  4.66167E+13 0.00031 
   65   65    1    1    1    1    1    1    1    1  3.70159E+13 0.00030 
   66   66    1    1    1    1    1    1    1    1  3.66762E+13 0.00030 
   67   67    1    1    1    1    1    1    1    1  2.66360E+13 0.00030 
   68   68    1    1    1    1    1    1    1    1  2.17353E+13 0.00029 
   69   69    1    1    1    1    1    1    1    1  1.94771E+13 0.00037 
   70   70    1    1    1    1    1    1    1    1  2.34253E+13 0.00043 
   71   71    1    1    1    1    1    1    1    1  1.99641E+13 0.00045 
   72   72    1    1    1    1    1    1    1    1  3.64572E+13 0.00030 
   73   73    1    1    1    1    1    1    1    1  2.58561E+13 0.00036 
   74   74    1    1    1    1    1    1    1    1  1.94798E+13 0.00045 
   75   75    1    1    1    1    1    1    1    1  1.56197E+13 0.00030 
   76   76    1    1    1    1    1    1    1    1  1.29044E+13 0.00043 
   77   77    1    1    1    1    1    1    1    1  1.48999E+13 0.00043 
   78   78    1    1    1    1    1    1    1    1  1.17321E+13 0.00064 
   79   79    1    1    1    1    1    1    1    1  9.30832E+12 0.00050 
   80   80    1    1    1    1    1    1    1    1  9.59044E+12 0.00044 
   81   81    1    1    1    1    1    1    1    1  7.10016E+12 0.00070 
   82   82    1    1    1    1    1    1    1    1  5.46919E+12 0.00067 
   83   83    1    1    1    1    1    1    1    1  4.20383E+12 0.00089 
   84   84    1    1    1    1    1    1    1    1  3.93610E+12 0.00086 
   85   85    1    1    1    1    1    1    1    1  2.83023E+12 0.00087 
   86   86    1    1    1    1    1    1    1    1  2.04145E+12 0.00152 
   87   87    1    1    1    1    1    1    1    1  1.91189E+12 0.00126 
   88   88    1    1    1    1    1    1    1    1  1.18157E+12 0.00159 
   89   89    1    1    1    1    1    1    1    1  7.97107E+11 0.00131 
   90   90    1    1    1    1    1    1    1    1  4.61784E+11 0.00258 
   91   91    1    1    1    1    1    1    1    1  5.85904E+11 0.00223 
   92   92    1    1    1    1    1    1    1    1  0.00000E+00 0.00000 
   93   93    1    1    1    1    1    1    1    1  0.00000E+00 0.00000 
   94   94    1    1    1    1    1    1    1    1  0.00000E+00 0.00000 
   95   95    1    1    1    1    1    1    1    1  0.00000E+00 0.00000 
   96   96    1    1    1    1    1    1    1    1  0.00000E+00 0.00000 
   97   97    1    1    1    1    1    1    1    1  0.00000E+00 0.00000 
   98   98    1    1    1    1    1    1    1    1  0.00000E+00 0.00000 
   99   99    1    1    1    1    1    1    1    1  0.00000E+00 0.00000 
  100  100    1    1    1    1    1    1    1    1  0.00000E+00 0.00000 
];


