
DETdpaspec = [
    1    1    1    1    1    1    1    1    1    1  0.00000E+00 0.00000 
    2    2    1    1    1    1    1    1    1    1  0.00000E+00 0.00000 
    3    3    1    1    1    1    1    1    1    1  0.00000E+00 0.00000 
    4    4    1    1    1    1    1    1    1    1  0.00000E+00 0.00000 
    5    5    1    1    1    1    1    1    1    1  0.00000E+00 0.00000 
    6    6    1    1    1    1    1    1    1    1  0.00000E+00 0.00000 
    7    7    1    1    1    1    1    1    1    1  0.00000E+00 0.00000 
    8    8    1    1    1    1    1    1    1    1  0.00000E+00 0.00000 
    9    9    1    1    1    1    1    1    1    1  0.00000E+00 0.00000 
   10   10    1    1    1    1    1    1    1    1  0.00000E+00 0.00000 
   11   11    1    1    1    1    1    1    1    1  0.00000E+00 0.00000 
   12   12    1    1    1    1    1    1    1    1  0.00000E+00 0.00000 
   13   13    1    1    1    1    1    1    1    1  0.00000E+00 0.00000 
   14   14    1    1    1    1    1    1    1    1  0.00000E+00 0.00000 
   15   15    1    1    1    1    1    1    1    1  0.00000E+00 0.00000 
   16   16    1    1    1    1    1    1    1    1  0.00000E+00 0.00000 
   17   17    1    1    1    1    1    1    1    1  0.00000E+00 0.00000 
   18   18    1    1    1    1    1    1    1    1  0.00000E+00 0.00000 
   19   19    1    1    1    1    1    1    1    1  8.73931E+08 0.12265 
   20   20    1    1    1    1    1    1    1    1  1.22405E+08 0.12004 
   21   21    1    1    1    1    1    1    1    1  4.47961E+08 0.07904 
   22   22    1    1    1    1    1    1    1    1  4.64293E+08 0.06602 
   23   23    1    1    1    1    1    1    1    1  1.04691E+09 0.05541 
   24   24    1    1    1    1    1    1    1    1  2.76206E+09 0.04263 
   25   25    1    1    1    1    1    1    1    1  7.88567E+09 0.01552 
   26   26    1    1    1    1    1    1    1    1  1.45026E+10 0.01524 
   27   27    1    1    1    1    1    1    1    1  3.27810E+10 0.00893 
   28   28    1    1    1    1    1    1    1    1  7.54101E+10 0.00656 
   29   29    1    1    1    1    1    1    1    1  1.73481E+11 0.00403 
   30   30    1    1    1    1    1    1    1    1  2.95813E+11 0.00311 
   31   31    1    1    1    1    1    1    1    1  6.26937E+11 0.00278 
   32   32    1    1    1    1    1    1    1    1  1.46603E+12 0.00182 
   33   33    1    1    1    1    1    1    1    1  2.26198E+12 0.00103 
   34   34    1    1    1    1    1    1    1    1  4.70524E+12 0.00086 
   35   35    1    1    1    1    1    1    1    1  6.02630E+12 0.00082 
   36   36    1    1    1    1    1    1    1    1  6.46531E+12 0.00057 
   37   37    1    1    1    1    1    1    1    1  3.98796E+12 0.00050 
   38   38    1    1    1    1    1    1    1    1  1.17101E+12 0.00047 
   39   39    1    1    1    1    1    1    1    1  6.65085E+12 0.00044 
   40   40    1    1    1    1    1    1    1    1  8.77152E+12 0.00042 
   41   41    1    1    1    1    1    1    1    1  1.48791E+13 0.00035 
   42   42    1    1    1    1    1    1    1    1  1.42701E+13 0.00034 
   43   43    1    1    1    1    1    1    1    1  3.02248E+13 0.00036 
   44   44    1    1    1    1    1    1    1    1  3.56627E+13 0.00026 
   45   45    1    1    1    1    1    1    1    1  4.99800E+13 0.00026 
   46   46    1    1    1    1    1    1    1    1  9.67037E+13 0.00017 
   47   47    1    1    1    1    1    1    1    1  4.34219E+13 0.00020 
   48   48    1    1    1    1    1    1    1    1  6.79607E+13 0.00023 
   49   49    1    1    1    1    1    1    1    1  9.26929E+13 0.00018 
   50   50    1    1    1    1    1    1    1    1  8.88438E+13 0.00018 
   51   51    1    1    1    1    1    1    1    1  1.37071E+14 0.00017 
   52   52    1    1    1    1    1    1    1    1  1.04639E+14 0.00019 
   53   53    1    1    1    1    1    1    1    1  1.24330E+14 0.00013 
   54   54    1    1    1    1    1    1    1    1  8.44480E+13 0.00018 
   55   55    1    1    1    1    1    1    1    1  1.03940E+14 0.00020 
   56   56    1    1    1    1    1    1    1    1  7.05174E+13 0.00020 
   57   57    1    1    1    1    1    1    1    1  9.48943E+12 0.00042 
   58   58    1    1    1    1    1    1    1    1  1.37752E+14 0.00012 
   59   59    1    1    1    1    1    1    1    1  6.20900E+13 0.00016 
   60   60    1    1    1    1    1    1    1    1  6.48231E+13 0.00019 
   61   61    1    1    1    1    1    1    1    1  5.08450E+13 0.00023 
   62   62    1    1    1    1    1    1    1    1  5.04814E+13 0.00019 
   63   63    1    1    1    1    1    1    1    1  5.22066E+13 0.00022 
   64   64    1    1    1    1    1    1    1    1  4.35896E+13 0.00017 
   65   65    1    1    1    1    1    1    1    1  3.42618E+13 0.00030 
   66   66    1    1    1    1    1    1    1    1  3.36605E+13 0.00034 
   67   67    1    1    1    1    1    1    1    1  2.41882E+13 0.00031 
   68   68    1    1    1    1    1    1    1    1  1.94945E+13 0.00026 
   69   69    1    1    1    1    1    1    1    1  1.73487E+13 0.00037 
   70   70    1    1    1    1    1    1    1    1  2.07269E+13 0.00032 
   71   71    1    1    1    1    1    1    1    1  1.74511E+13 0.00049 
   72   72    1    1    1    1    1    1    1    1  3.08532E+13 0.00052 
   73   73    1    1    1    1    1    1    1    1  2.14964E+13 0.00049 
   74   74    1    1    1    1    1    1    1    1  1.61293E+13 0.00057 
   75   75    1    1    1    1    1    1    1    1  1.30582E+13 0.00058 
   76   76    1    1    1    1    1    1    1    1  1.09404E+13 0.00049 
   77   77    1    1    1    1    1    1    1    1  1.27738E+13 0.00046 
   78   78    1    1    1    1    1    1    1    1  1.02021E+13 0.00064 
   79   79    1    1    1    1    1    1    1    1  8.18042E+12 0.00067 
   80   80    1    1    1    1    1    1    1    1  8.49682E+12 0.00051 
   81   81    1    1    1    1    1    1    1    1  6.30156E+12 0.00071 
   82   82    1    1    1    1    1    1    1    1  4.87911E+12 0.00088 
   83   83    1    1    1    1    1    1    1    1  3.74776E+12 0.00067 
   84   84    1    1    1    1    1    1    1    1  3.51005E+12 0.00093 
   85   85    1    1    1    1    1    1    1    1  2.52041E+12 0.00103 
   86   86    1    1    1    1    1    1    1    1  1.82677E+12 0.00121 
   87   87    1    1    1    1    1    1    1    1  1.70417E+12 0.00139 
   88   88    1    1    1    1    1    1    1    1  1.04402E+12 0.00171 
   89   89    1    1    1    1    1    1    1    1  6.98331E+11 0.00205 
   90   90    1    1    1    1    1    1    1    1  4.02471E+11 0.00249 
   91   91    1    1    1    1    1    1    1    1  5.02624E+11 0.00318 
   92   92    1    1    1    1    1    1    1    1  0.00000E+00 0.00000 
   93   93    1    1    1    1    1    1    1    1  0.00000E+00 0.00000 
   94   94    1    1    1    1    1    1    1    1  0.00000E+00 0.00000 
   95   95    1    1    1    1    1    1    1    1  0.00000E+00 0.00000 
   96   96    1    1    1    1    1    1    1    1  0.00000E+00 0.00000 
   97   97    1    1    1    1    1    1    1    1  0.00000E+00 0.00000 
   98   98    1    1    1    1    1    1    1    1  0.00000E+00 0.00000 
   99   99    1    1    1    1    1    1    1    1  0.00000E+00 0.00000 
  100  100    1    1    1    1    1    1    1    1  0.00000E+00 0.00000 
];


