
DETdpaspec = [
    1    1    1    1    1    1    1    1    1    1  0.00000E+00 0.00000 
    2    2    1    1    1    1    1    1    1    1  0.00000E+00 0.00000 
    3    3    1    1    1    1    1    1    1    1  0.00000E+00 0.00000 
    4    4    1    1    1    1    1    1    1    1  0.00000E+00 0.00000 
    5    5    1    1    1    1    1    1    1    1  0.00000E+00 0.00000 
    6    6    1    1    1    1    1    1    1    1  0.00000E+00 0.00000 
    7    7    1    1    1    1    1    1    1    1  0.00000E+00 0.00000 
    8    8    1    1    1    1    1    1    1    1  0.00000E+00 0.00000 
    9    9    1    1    1    1    1    1    1    1  0.00000E+00 0.00000 
   10   10    1    1    1    1    1    1    1    1  0.00000E+00 0.00000 
   11   11    1    1    1    1    1    1    1    1  0.00000E+00 0.00000 
   12   12    1    1    1    1    1    1    1    1  0.00000E+00 0.00000 
   13   13    1    1    1    1    1    1    1    1  0.00000E+00 0.00000 
   14   14    1    1    1    1    1    1    1    1  0.00000E+00 0.00000 
   15   15    1    1    1    1    1    1    1    1  0.00000E+00 0.00000 
   16   16    1    1    1    1    1    1    1    1  0.00000E+00 0.00000 
   17   17    1    1    1    1    1    1    1    1  0.00000E+00 0.00000 
   18   18    1    1    1    1    1    1    1    1  0.00000E+00 0.00000 
   19   19    1    1    1    1    1    1    1    1  1.25919E+09 0.09769 
   20   20    1    1    1    1    1    1    1    1  2.05793E+08 0.09188 
   21   21    1    1    1    1    1    1    1    1  7.19541E+08 0.09138 
   22   22    1    1    1    1    1    1    1    1  5.83254E+08 0.07071 
   23   23    1    1    1    1    1    1    1    1  1.26298E+09 0.02194 
   24   24    1    1    1    1    1    1    1    1  2.01096E+09 0.04702 
   25   25    1    1    1    1    1    1    1    1  3.50516E+09 0.03713 
   26   26    1    1    1    1    1    1    1    1  4.51108E+09 0.02695 
   27   27    1    1    1    1    1    1    1    1  7.87866E+09 0.01226 
   28   28    1    1    1    1    1    1    1    1  1.65631E+10 0.00818 
   29   29    1    1    1    1    1    1    1    1  4.12961E+10 0.00566 
   30   30    1    1    1    1    1    1    1    1  7.42335E+10 0.00555 
   31   31    1    1    1    1    1    1    1    1  2.01633E+11 0.00340 
   32   32    1    1    1    1    1    1    1    1  6.01978E+11 0.00326 
   33   33    1    1    1    1    1    1    1    1  1.07817E+12 0.00224 
   34   34    1    1    1    1    1    1    1    1  2.52425E+12 0.00139 
   35   35    1    1    1    1    1    1    1    1  3.50684E+12 0.00096 
   36   36    1    1    1    1    1    1    1    1  4.38757E+12 0.00075 
   37   37    1    1    1    1    1    1    1    1  2.93524E+12 0.00074 
   38   38    1    1    1    1    1    1    1    1  8.90975E+11 0.00085 
   39   39    1    1    1    1    1    1    1    1  5.01318E+12 0.00072 
   40   40    1    1    1    1    1    1    1    1  6.73586E+12 0.00069 
   41   41    1    1    1    1    1    1    1    1  1.15966E+13 0.00057 
   42   42    1    1    1    1    1    1    1    1  1.15604E+13 0.00051 
   43   43    1    1    1    1    1    1    1    1  2.46160E+13 0.00038 
   44   44    1    1    1    1    1    1    1    1  2.96194E+13 0.00030 
   45   45    1    1    1    1    1    1    1    1  4.24924E+13 0.00032 
   46   46    1    1    1    1    1    1    1    1  8.43855E+13 0.00021 
   47   47    1    1    1    1    1    1    1    1  3.93905E+13 0.00015 
   48   48    1    1    1    1    1    1    1    1  6.27573E+13 0.00021 
   49   49    1    1    1    1    1    1    1    1  8.74039E+13 0.00017 
   50   50    1    1    1    1    1    1    1    1  8.54118E+13 0.00018 
   51   51    1    1    1    1    1    1    1    1  1.33350E+14 0.00013 
   52   52    1    1    1    1    1    1    1    1  1.04982E+14 0.00014 
   53   53    1    1    1    1    1    1    1    1  1.24962E+14 0.00015 
   54   54    1    1    1    1    1    1    1    1  8.65554E+13 0.00018 
   55   55    1    1    1    1    1    1    1    1  1.06383E+14 0.00015 
   56   56    1    1    1    1    1    1    1    1  7.30361E+13 0.00016 
   57   57    1    1    1    1    1    1    1    1  9.90275E+12 0.00028 
   58   58    1    1    1    1    1    1    1    1  1.44464E+14 0.00015 
   59   59    1    1    1    1    1    1    1    1  6.47078E+13 0.00021 
   60   60    1    1    1    1    1    1    1    1  6.84595E+13 0.00019 
   61   61    1    1    1    1    1    1    1    1  5.34967E+13 0.00017 
   62   62    1    1    1    1    1    1    1    1  5.35051E+13 0.00023 
   63   63    1    1    1    1    1    1    1    1  5.55859E+13 0.00026 
   64   64    1    1    1    1    1    1    1    1  4.66749E+13 0.00030 
   65   65    1    1    1    1    1    1    1    1  3.69611E+13 0.00024 
   66   66    1    1    1    1    1    1    1    1  3.65576E+13 0.00029 
   67   67    1    1    1    1    1    1    1    1  2.64695E+13 0.00026 
   68   68    1    1    1    1    1    1    1    1  2.15174E+13 0.00036 
   69   69    1    1    1    1    1    1    1    1  1.92524E+13 0.00033 
   70   70    1    1    1    1    1    1    1    1  2.31244E+13 0.00033 
   71   71    1    1    1    1    1    1    1    1  1.96343E+13 0.00039 
   72   72    1    1    1    1    1    1    1    1  3.54479E+13 0.00034 
   73   73    1    1    1    1    1    1    1    1  2.49995E+13 0.00035 
   74   74    1    1    1    1    1    1    1    1  1.88437E+13 0.00035 
   75   75    1    1    1    1    1    1    1    1  1.52008E+13 0.00046 
   76   76    1    1    1    1    1    1    1    1  1.26361E+13 0.00047 
   77   77    1    1    1    1    1    1    1    1  1.46696E+13 0.00053 
   78   78    1    1    1    1    1    1    1    1  1.16525E+13 0.00057 
   79   79    1    1    1    1    1    1    1    1  9.30802E+12 0.00062 
   80   80    1    1    1    1    1    1    1    1  9.62327E+12 0.00061 
   81   81    1    1    1    1    1    1    1    1  7.14825E+12 0.00068 
   82   82    1    1    1    1    1    1    1    1  5.51338E+12 0.00091 
   83   83    1    1    1    1    1    1    1    1  4.23728E+12 0.00086 
   84   84    1    1    1    1    1    1    1    1  3.97077E+12 0.00074 
   85   85    1    1    1    1    1    1    1    1  2.86578E+12 0.00103 
   86   86    1    1    1    1    1    1    1    1  2.06559E+12 0.00111 
   87   87    1    1    1    1    1    1    1    1  1.92895E+12 0.00119 
   88   88    1    1    1    1    1    1    1    1  1.18742E+12 0.00193 
   89   89    1    1    1    1    1    1    1    1  8.03155E+11 0.00195 
   90   90    1    1    1    1    1    1    1    1  4.62936E+11 0.00235 
   91   91    1    1    1    1    1    1    1    1  5.89927E+11 0.00203 
   92   92    1    1    1    1    1    1    1    1  0.00000E+00 0.00000 
   93   93    1    1    1    1    1    1    1    1  0.00000E+00 0.00000 
   94   94    1    1    1    1    1    1    1    1  0.00000E+00 0.00000 
   95   95    1    1    1    1    1    1    1    1  0.00000E+00 0.00000 
   96   96    1    1    1    1    1    1    1    1  0.00000E+00 0.00000 
   97   97    1    1    1    1    1    1    1    1  0.00000E+00 0.00000 
   98   98    1    1    1    1    1    1    1    1  0.00000E+00 0.00000 
   99   99    1    1    1    1    1    1    1    1  0.00000E+00 0.00000 
  100  100    1    1    1    1    1    1    1    1  0.00000E+00 0.00000 
];


