
DETdpaspec = [
    1    1    1    1    1    1    1    1    1    1  0.00000E+00 0.00000 
    2    2    1    1    1    1    1    1    1    1  0.00000E+00 0.00000 
    3    3    1    1    1    1    1    1    1    1  0.00000E+00 0.00000 
    4    4    1    1    1    1    1    1    1    1  0.00000E+00 0.00000 
    5    5    1    1    1    1    1    1    1    1  0.00000E+00 0.00000 
    6    6    1    1    1    1    1    1    1    1  0.00000E+00 0.00000 
    7    7    1    1    1    1    1    1    1    1  0.00000E+00 0.00000 
    8    8    1    1    1    1    1    1    1    1  0.00000E+00 0.00000 
    9    9    1    1    1    1    1    1    1    1  0.00000E+00 0.00000 
   10   10    1    1    1    1    1    1    1    1  0.00000E+00 0.00000 
   11   11    1    1    1    1    1    1    1    1  0.00000E+00 0.00000 
   12   12    1    1    1    1    1    1    1    1  0.00000E+00 0.00000 
   13   13    1    1    1    1    1    1    1    1  0.00000E+00 0.00000 
   14   14    1    1    1    1    1    1    1    1  0.00000E+00 0.00000 
   15   15    1    1    1    1    1    1    1    1  0.00000E+00 0.00000 
   16   16    1    1    1    1    1    1    1    1  0.00000E+00 0.00000 
   17   17    1    1    1    1    1    1    1    1  0.00000E+00 0.00000 
   18   18    1    1    1    1    1    1    1    1  0.00000E+00 0.00000 
   19   19    1    1    1    1    1    1    1    1  2.15751E+09 0.03935 
   20   20    1    1    1    1    1    1    1    1  4.02546E+08 0.04548 
   21   21    1    1    1    1    1    1    1    1  1.49159E+09 0.04071 
   22   22    1    1    1    1    1    1    1    1  1.04087E+09 0.03141 
   23   23    1    1    1    1    1    1    1    1  2.66938E+09 0.02211 
   24   24    1    1    1    1    1    1    1    1  3.93460E+09 0.02182 
   25   25    1    1    1    1    1    1    1    1  5.95274E+09 0.01938 
   26   26    1    1    1    1    1    1    1    1  7.41729E+09 0.01688 
   27   27    1    1    1    1    1    1    1    1  1.19387E+10 0.01661 
   28   28    1    1    1    1    1    1    1    1  2.14693E+10 0.01348 
   29   29    1    1    1    1    1    1    1    1  4.06115E+10 0.00859 
   30   30    1    1    1    1    1    1    1    1  5.93344E+10 0.00664 
   31   31    1    1    1    1    1    1    1    1  1.83268E+11 0.00555 
   32   32    1    1    1    1    1    1    1    1  5.56340E+11 0.00231 
   33   33    1    1    1    1    1    1    1    1  1.03230E+12 0.00161 
   34   34    1    1    1    1    1    1    1    1  2.30487E+12 0.00087 
   35   35    1    1    1    1    1    1    1    1  3.06906E+12 0.00099 
   36   36    1    1    1    1    1    1    1    1  4.40231E+12 0.00072 
   37   37    1    1    1    1    1    1    1    1  3.11399E+12 0.00061 
   38   38    1    1    1    1    1    1    1    1  9.84430E+11 0.00063 
   39   39    1    1    1    1    1    1    1    1  5.30059E+12 0.00045 
   40   40    1    1    1    1    1    1    1    1  7.07129E+12 0.00037 
   41   41    1    1    1    1    1    1    1    1  1.18889E+13 0.00041 
   42   42    1    1    1    1    1    1    1    1  1.22772E+13 0.00046 
   43   43    1    1    1    1    1    1    1    1  2.51614E+13 0.00033 
   44   44    1    1    1    1    1    1    1    1  3.00638E+13 0.00033 
   45   45    1    1    1    1    1    1    1    1  4.27841E+13 0.00027 
   46   46    1    1    1    1    1    1    1    1  8.28083E+13 0.00022 
   47   47    1    1    1    1    1    1    1    1  3.95538E+13 0.00023 
   48   48    1    1    1    1    1    1    1    1  6.37110E+13 0.00021 
   49   49    1    1    1    1    1    1    1    1  8.86494E+13 0.00016 
   50   50    1    1    1    1    1    1    1    1  8.74896E+13 0.00021 
   51   51    1    1    1    1    1    1    1    1  1.34082E+14 0.00017 
   52   52    1    1    1    1    1    1    1    1  1.08573E+14 0.00020 
   53   53    1    1    1    1    1    1    1    1  1.25764E+14 0.00019 
   54   54    1    1    1    1    1    1    1    1  8.82626E+13 0.00012 
   55   55    1    1    1    1    1    1    1    1  1.05564E+14 0.00015 
   56   56    1    1    1    1    1    1    1    1  7.32875E+13 0.00015 
   57   57    1    1    1    1    1    1    1    1  1.00550E+13 0.00021 
   58   58    1    1    1    1    1    1    1    1  1.45570E+14 0.00013 
   59   59    1    1    1    1    1    1    1    1  6.30987E+13 0.00019 
   60   60    1    1    1    1    1    1    1    1  6.77204E+13 0.00017 
   61   61    1    1    1    1    1    1    1    1  5.17799E+13 0.00023 
   62   62    1    1    1    1    1    1    1    1  5.21806E+13 0.00022 
   63   63    1    1    1    1    1    1    1    1  5.39625E+13 0.00026 
   64   64    1    1    1    1    1    1    1    1  4.51398E+13 0.00020 
   65   65    1    1    1    1    1    1    1    1  3.59406E+13 0.00028 
   66   66    1    1    1    1    1    1    1    1  3.56198E+13 0.00031 
   67   67    1    1    1    1    1    1    1    1  2.59152E+13 0.00035 
   68   68    1    1    1    1    1    1    1    1  2.12765E+13 0.00030 
   69   69    1    1    1    1    1    1    1    1  1.91303E+13 0.00034 
   70   70    1    1    1    1    1    1    1    1  2.30092E+13 0.00033 
   71   71    1    1    1    1    1    1    1    1  1.96683E+13 0.00035 
   72   72    1    1    1    1    1    1    1    1  3.65162E+13 0.00033 
   73   73    1    1    1    1    1    1    1    1  2.60388E+13 0.00035 
   74   74    1    1    1    1    1    1    1    1  1.95806E+13 0.00039 
   75   75    1    1    1    1    1    1    1    1  1.54936E+13 0.00043 
   76   76    1    1    1    1    1    1    1    1  1.26423E+13 0.00045 
   77   77    1    1    1    1    1    1    1    1  1.44091E+13 0.00057 
   78   78    1    1    1    1    1    1    1    1  1.11771E+13 0.00046 
   79   79    1    1    1    1    1    1    1    1  8.78172E+12 0.00082 
   80   80    1    1    1    1    1    1    1    1  8.97094E+12 0.00058 
   81   81    1    1    1    1    1    1    1    1  6.61254E+12 0.00043 
   82   82    1    1    1    1    1    1    1    1  5.06682E+12 0.00078 
   83   83    1    1    1    1    1    1    1    1  3.88747E+12 0.00094 
   84   84    1    1    1    1    1    1    1    1  3.62352E+12 0.00088 
   85   85    1    1    1    1    1    1    1    1  2.60856E+12 0.00089 
   86   86    1    1    1    1    1    1    1    1  1.87910E+12 0.00098 
   87   87    1    1    1    1    1    1    1    1  1.75314E+12 0.00095 
   88   88    1    1    1    1    1    1    1    1  1.08675E+12 0.00169 
   89   89    1    1    1    1    1    1    1    1  7.35975E+11 0.00273 
   90   90    1    1    1    1    1    1    1    1  4.25012E+11 0.00348 
   91   91    1    1    1    1    1    1    1    1  5.47375E+11 0.00222 
   92   92    1    1    1    1    1    1    1    1  0.00000E+00 0.00000 
   93   93    1    1    1    1    1    1    1    1  0.00000E+00 0.00000 
   94   94    1    1    1    1    1    1    1    1  0.00000E+00 0.00000 
   95   95    1    1    1    1    1    1    1    1  0.00000E+00 0.00000 
   96   96    1    1    1    1    1    1    1    1  0.00000E+00 0.00000 
   97   97    1    1    1    1    1    1    1    1  0.00000E+00 0.00000 
   98   98    1    1    1    1    1    1    1    1  0.00000E+00 0.00000 
   99   99    1    1    1    1    1    1    1    1  0.00000E+00 0.00000 
  100  100    1    1    1    1    1    1    1    1  0.00000E+00 0.00000 
];


