
DETdpaspec = [
    1    1    1    1    1    1    1    1    1    1  0.00000E+00 0.00000 
    2    2    1    1    1    1    1    1    1    1  0.00000E+00 0.00000 
    3    3    1    1    1    1    1    1    1    1  0.00000E+00 0.00000 
    4    4    1    1    1    1    1    1    1    1  0.00000E+00 0.00000 
    5    5    1    1    1    1    1    1    1    1  0.00000E+00 0.00000 
    6    6    1    1    1    1    1    1    1    1  0.00000E+00 0.00000 
    7    7    1    1    1    1    1    1    1    1  0.00000E+00 0.00000 
    8    8    1    1    1    1    1    1    1    1  0.00000E+00 0.00000 
    9    9    1    1    1    1    1    1    1    1  0.00000E+00 0.00000 
   10   10    1    1    1    1    1    1    1    1  0.00000E+00 0.00000 
   11   11    1    1    1    1    1    1    1    1  0.00000E+00 0.00000 
   12   12    1    1    1    1    1    1    1    1  0.00000E+00 0.00000 
   13   13    1    1    1    1    1    1    1    1  0.00000E+00 0.00000 
   14   14    1    1    1    1    1    1    1    1  0.00000E+00 0.00000 
   15   15    1    1    1    1    1    1    1    1  0.00000E+00 0.00000 
   16   16    1    1    1    1    1    1    1    1  0.00000E+00 0.00000 
   17   17    1    1    1    1    1    1    1    1  0.00000E+00 0.00000 
   18   18    1    1    1    1    1    1    1    1  0.00000E+00 0.00000 
   19   19    1    1    1    1    1    1    1    1  8.98894E+08 0.14642 
   20   20    1    1    1    1    1    1    1    1  8.78984E+07 0.18450 
   21   21    1    1    1    1    1    1    1    1  3.06331E+08 0.13571 
   22   22    1    1    1    1    1    1    1    1  5.70400E+08 0.07163 
   23   23    1    1    1    1    1    1    1    1  2.39122E+09 0.03494 
   24   24    1    1    1    1    1    1    1    1  1.13352E+10 0.01945 
   25   25    1    1    1    1    1    1    1    1  3.67329E+10 0.01101 
   26   26    1    1    1    1    1    1    1    1  5.97058E+10 0.00918 
   27   27    1    1    1    1    1    1    1    1  1.22806E+11 0.00651 
   28   28    1    1    1    1    1    1    1    1  2.36452E+11 0.00440 
   29   29    1    1    1    1    1    1    1    1  4.44174E+11 0.00302 
   30   30    1    1    1    1    1    1    1    1  6.74636E+11 0.00196 
   31   31    1    1    1    1    1    1    1    1  1.25969E+12 0.00216 
   32   32    1    1    1    1    1    1    1    1  2.49031E+12 0.00150 
   33   33    1    1    1    1    1    1    1    1  3.52200E+12 0.00114 
   34   34    1    1    1    1    1    1    1    1  6.72850E+12 0.00090 
   35   35    1    1    1    1    1    1    1    1  8.06157E+12 0.00080 
   36   36    1    1    1    1    1    1    1    1  8.11960E+12 0.00067 
   37   37    1    1    1    1    1    1    1    1  4.82199E+12 0.00053 
   38   38    1    1    1    1    1    1    1    1  1.39972E+12 0.00054 
   39   39    1    1    1    1    1    1    1    1  7.93238E+12 0.00046 
   40   40    1    1    1    1    1    1    1    1  1.03364E+13 0.00053 
   41   41    1    1    1    1    1    1    1    1  1.73060E+13 0.00040 
   42   42    1    1    1    1    1    1    1    1  1.63237E+13 0.00035 
   43   43    1    1    1    1    1    1    1    1  3.42843E+13 0.00039 
   44   44    1    1    1    1    1    1    1    1  3.98704E+13 0.00030 
   45   45    1    1    1    1    1    1    1    1  5.50728E+13 0.00024 
   46   46    1    1    1    1    1    1    1    1  1.04370E+14 0.00018 
   47   47    1    1    1    1    1    1    1    1  4.59311E+13 0.00015 
   48   48    1    1    1    1    1    1    1    1  7.13016E+13 0.00019 
   49   49    1    1    1    1    1    1    1    1  9.60087E+13 0.00019 
   50   50    1    1    1    1    1    1    1    1  9.10760E+13 0.00013 
   51   51    1    1    1    1    1    1    1    1  1.38930E+14 0.00013 
   52   52    1    1    1    1    1    1    1    1  1.04565E+14 0.00014 
   53   53    1    1    1    1    1    1    1    1  1.23484E+14 0.00014 
   54   54    1    1    1    1    1    1    1    1  8.30422E+13 0.00016 
   55   55    1    1    1    1    1    1    1    1  1.01751E+14 0.00016 
   56   56    1    1    1    1    1    1    1    1  6.85884E+13 0.00023 
   57   57    1    1    1    1    1    1    1    1  9.20432E+12 0.00024 
   58   58    1    1    1    1    1    1    1    1  1.33082E+14 0.00013 
   59   59    1    1    1    1    1    1    1    1  5.97878E+13 0.00028 
   60   60    1    1    1    1    1    1    1    1  6.20969E+13 0.00025 
   61   61    1    1    1    1    1    1    1    1  4.85782E+13 0.00025 
   62   62    1    1    1    1    1    1    1    1  4.80609E+13 0.00016 
   63   63    1    1    1    1    1    1    1    1  4.95588E+13 0.00017 
   64   64    1    1    1    1    1    1    1    1  4.12189E+13 0.00028 
   65   65    1    1    1    1    1    1    1    1  3.22558E+13 0.00021 
   66   66    1    1    1    1    1    1    1    1  3.15597E+13 0.00037 
   67   67    1    1    1    1    1    1    1    1  2.25868E+13 0.00033 
   68   68    1    1    1    1    1    1    1    1  1.81537E+13 0.00026 
   69   69    1    1    1    1    1    1    1    1  1.61143E+13 0.00030 
   70   70    1    1    1    1    1    1    1    1  1.91944E+13 0.00042 
   71   71    1    1    1    1    1    1    1    1  1.60900E+13 0.00046 
   72   72    1    1    1    1    1    1    1    1  2.82537E+13 0.00039 
   73   73    1    1    1    1    1    1    1    1  1.95668E+13 0.00037 
   74   74    1    1    1    1    1    1    1    1  1.46276E+13 0.00042 
   75   75    1    1    1    1    1    1    1    1  1.18330E+13 0.00055 
   76   76    1    1    1    1    1    1    1    1  9.90285E+12 0.00057 
   77   77    1    1    1    1    1    1    1    1  1.15738E+13 0.00053 
   78   78    1    1    1    1    1    1    1    1  9.23204E+12 0.00056 
   79   79    1    1    1    1    1    1    1    1  7.39185E+12 0.00065 
   80   80    1    1    1    1    1    1    1    1  7.66872E+12 0.00060 
   81   81    1    1    1    1    1    1    1    1  5.69209E+12 0.00083 
   82   82    1    1    1    1    1    1    1    1  4.38150E+12 0.00077 
   83   83    1    1    1    1    1    1    1    1  3.35603E+12 0.00089 
   84   84    1    1    1    1    1    1    1    1  3.12982E+12 0.00119 
   85   85    1    1    1    1    1    1    1    1  2.24399E+12 0.00101 
   86   86    1    1    1    1    1    1    1    1  1.62010E+12 0.00135 
   87   87    1    1    1    1    1    1    1    1  1.51075E+12 0.00109 
   88   88    1    1    1    1    1    1    1    1  9.14557E+11 0.00199 
   89   89    1    1    1    1    1    1    1    1  6.09729E+11 0.00251 
   90   90    1    1    1    1    1    1    1    1  3.50474E+11 0.00369 
   91   91    1    1    1    1    1    1    1    1  4.30683E+11 0.00239 
   92   92    1    1    1    1    1    1    1    1  0.00000E+00 0.00000 
   93   93    1    1    1    1    1    1    1    1  0.00000E+00 0.00000 
   94   94    1    1    1    1    1    1    1    1  0.00000E+00 0.00000 
   95   95    1    1    1    1    1    1    1    1  0.00000E+00 0.00000 
   96   96    1    1    1    1    1    1    1    1  0.00000E+00 0.00000 
   97   97    1    1    1    1    1    1    1    1  0.00000E+00 0.00000 
   98   98    1    1    1    1    1    1    1    1  0.00000E+00 0.00000 
   99   99    1    1    1    1    1    1    1    1  0.00000E+00 0.00000 
  100  100    1    1    1    1    1    1    1    1  0.00000E+00 0.00000 
];


