
DETdpaspec = [
    1    1    1    1    1    1    1    1    1    1  0.00000E+00 0.00000 
    2    2    1    1    1    1    1    1    1    1  0.00000E+00 0.00000 
    3    3    1    1    1    1    1    1    1    1  0.00000E+00 0.00000 
    4    4    1    1    1    1    1    1    1    1  0.00000E+00 0.00000 
    5    5    1    1    1    1    1    1    1    1  0.00000E+00 0.00000 
    6    6    1    1    1    1    1    1    1    1  0.00000E+00 0.00000 
    7    7    1    1    1    1    1    1    1    1  0.00000E+00 0.00000 
    8    8    1    1    1    1    1    1    1    1  0.00000E+00 0.00000 
    9    9    1    1    1    1    1    1    1    1  0.00000E+00 0.00000 
   10   10    1    1    1    1    1    1    1    1  0.00000E+00 0.00000 
   11   11    1    1    1    1    1    1    1    1  0.00000E+00 0.00000 
   12   12    1    1    1    1    1    1    1    1  0.00000E+00 0.00000 
   13   13    1    1    1    1    1    1    1    1  0.00000E+00 0.00000 
   14   14    1    1    1    1    1    1    1    1  0.00000E+00 0.00000 
   15   15    1    1    1    1    1    1    1    1  0.00000E+00 0.00000 
   16   16    1    1    1    1    1    1    1    1  0.00000E+00 0.00000 
   17   17    1    1    1    1    1    1    1    1  0.00000E+00 0.00000 
   18   18    1    1    1    1    1    1    1    1  0.00000E+00 0.00000 
   19   19    1    1    1    1    1    1    1    1  1.67731E+09 0.05408 
   20   20    1    1    1    1    1    1    1    1  2.93234E+08 0.07943 
   21   21    1    1    1    1    1    1    1    1  1.12195E+09 0.06231 
   22   22    1    1    1    1    1    1    1    1  7.76747E+08 0.05063 
   23   23    1    1    1    1    1    1    1    1  1.93615E+09 0.03279 
   24   24    1    1    1    1    1    1    1    1  2.66078E+09 0.02917 
   25   25    1    1    1    1    1    1    1    1  4.21731E+09 0.02332 
   26   26    1    1    1    1    1    1    1    1  5.49989E+09 0.02062 
   27   27    1    1    1    1    1    1    1    1  9.13487E+09 0.01622 
   28   28    1    1    1    1    1    1    1    1  1.59420E+10 0.01200 
   29   29    1    1    1    1    1    1    1    1  3.45261E+10 0.00846 
   30   30    1    1    1    1    1    1    1    1  5.47903E+10 0.00732 
   31   31    1    1    1    1    1    1    1    1  1.61347E+11 0.00335 
   32   32    1    1    1    1    1    1    1    1  5.04690E+11 0.00189 
   33   33    1    1    1    1    1    1    1    1  9.36873E+11 0.00190 
   34   34    1    1    1    1    1    1    1    1  2.18514E+12 0.00113 
   35   35    1    1    1    1    1    1    1    1  3.01062E+12 0.00111 
   36   36    1    1    1    1    1    1    1    1  4.11193E+12 0.00087 
   37   37    1    1    1    1    1    1    1    1  2.86239E+12 0.00085 
   38   38    1    1    1    1    1    1    1    1  8.88991E+11 0.00084 
   39   39    1    1    1    1    1    1    1    1  4.90465E+12 0.00068 
   40   40    1    1    1    1    1    1    1    1  6.58579E+12 0.00051 
   41   41    1    1    1    1    1    1    1    1  1.12637E+13 0.00043 
   42   42    1    1    1    1    1    1    1    1  1.14808E+13 0.00048 
   43   43    1    1    1    1    1    1    1    1  2.40642E+13 0.00045 
   44   44    1    1    1    1    1    1    1    1  2.89903E+13 0.00042 
   45   45    1    1    1    1    1    1    1    1  4.15773E+13 0.00036 
   46   46    1    1    1    1    1    1    1    1  8.20095E+13 0.00031 
   47   47    1    1    1    1    1    1    1    1  3.89153E+13 0.00020 
   48   48    1    1    1    1    1    1    1    1  6.25071E+13 0.00023 
   49   49    1    1    1    1    1    1    1    1  8.72751E+13 0.00016 
   50   50    1    1    1    1    1    1    1    1  8.59520E+13 0.00021 
   51   51    1    1    1    1    1    1    1    1  1.33216E+14 0.00016 
   52   52    1    1    1    1    1    1    1    1  1.06713E+14 0.00013 
   53   53    1    1    1    1    1    1    1    1  1.25460E+14 0.00016 
   54   54    1    1    1    1    1    1    1    1  8.76326E+13 0.00013 
   55   55    1    1    1    1    1    1    1    1  1.06311E+14 0.00016 
   56   56    1    1    1    1    1    1    1    1  7.34425E+13 0.00018 
   57   57    1    1    1    1    1    1    1    1  1.00241E+13 0.00045 
   58   58    1    1    1    1    1    1    1    1  1.45760E+14 0.00009 
   59   59    1    1    1    1    1    1    1    1  6.42564E+13 0.00019 
   60   60    1    1    1    1    1    1    1    1  6.85619E+13 0.00018 
   61   61    1    1    1    1    1    1    1    1  5.30159E+13 0.00023 
   62   62    1    1    1    1    1    1    1    1  5.32411E+13 0.00025 
   63   63    1    1    1    1    1    1    1    1  5.52448E+13 0.00016 
   64   64    1    1    1    1    1    1    1    1  4.63455E+13 0.00026 
   65   65    1    1    1    1    1    1    1    1  3.68537E+13 0.00022 
   66   66    1    1    1    1    1    1    1    1  3.65232E+13 0.00022 
   67   67    1    1    1    1    1    1    1    1  2.65401E+13 0.00025 
   68   68    1    1    1    1    1    1    1    1  2.16818E+13 0.00034 
   69   69    1    1    1    1    1    1    1    1  1.94542E+13 0.00038 
   70   70    1    1    1    1    1    1    1    1  2.33954E+13 0.00026 
   71   71    1    1    1    1    1    1    1    1  1.99527E+13 0.00049 
   72   72    1    1    1    1    1    1    1    1  3.66271E+13 0.00033 
   73   73    1    1    1    1    1    1    1    1  2.59891E+13 0.00047 
   74   74    1    1    1    1    1    1    1    1  1.95756E+13 0.00041 
   75   75    1    1    1    1    1    1    1    1  1.56526E+13 0.00052 
   76   76    1    1    1    1    1    1    1    1  1.28988E+13 0.00039 
   77   77    1    1    1    1    1    1    1    1  1.48461E+13 0.00066 
   78   78    1    1    1    1    1    1    1    1  1.16626E+13 0.00049 
   79   79    1    1    1    1    1    1    1    1  9.22554E+12 0.00059 
   80   80    1    1    1    1    1    1    1    1  9.48575E+12 0.00047 
   81   81    1    1    1    1    1    1    1    1  7.02073E+12 0.00054 
   82   82    1    1    1    1    1    1    1    1  5.39206E+12 0.00054 
   83   83    1    1    1    1    1    1    1    1  4.14180E+12 0.00061 
   84   84    1    1    1    1    1    1    1    1  3.87958E+12 0.00084 
   85   85    1    1    1    1    1    1    1    1  2.78799E+12 0.00102 
   86   86    1    1    1    1    1    1    1    1  2.00994E+12 0.00127 
   87   87    1    1    1    1    1    1    1    1  1.87662E+12 0.00153 
   88   88    1    1    1    1    1    1    1    1  1.16185E+12 0.00187 
   89   89    1    1    1    1    1    1    1    1  7.85222E+11 0.00253 
   90   90    1    1    1    1    1    1    1    1  4.53732E+11 0.00293 
   91   91    1    1    1    1    1    1    1    1  5.81323E+11 0.00260 
   92   92    1    1    1    1    1    1    1    1  0.00000E+00 0.00000 
   93   93    1    1    1    1    1    1    1    1  0.00000E+00 0.00000 
   94   94    1    1    1    1    1    1    1    1  0.00000E+00 0.00000 
   95   95    1    1    1    1    1    1    1    1  0.00000E+00 0.00000 
   96   96    1    1    1    1    1    1    1    1  0.00000E+00 0.00000 
   97   97    1    1    1    1    1    1    1    1  0.00000E+00 0.00000 
   98   98    1    1    1    1    1    1    1    1  0.00000E+00 0.00000 
   99   99    1    1    1    1    1    1    1    1  0.00000E+00 0.00000 
  100  100    1    1    1    1    1    1    1    1  0.00000E+00 0.00000 
];


