
DETdpaspec = [
    1    1    1    1    1    1    1    1    1    1  0.00000E+00 0.00000 
    2    2    1    1    1    1    1    1    1    1  0.00000E+00 0.00000 
    3    3    1    1    1    1    1    1    1    1  0.00000E+00 0.00000 
    4    4    1    1    1    1    1    1    1    1  0.00000E+00 0.00000 
    5    5    1    1    1    1    1    1    1    1  0.00000E+00 0.00000 
    6    6    1    1    1    1    1    1    1    1  0.00000E+00 0.00000 
    7    7    1    1    1    1    1    1    1    1  0.00000E+00 0.00000 
    8    8    1    1    1    1    1    1    1    1  0.00000E+00 0.00000 
    9    9    1    1    1    1    1    1    1    1  0.00000E+00 0.00000 
   10   10    1    1    1    1    1    1    1    1  0.00000E+00 0.00000 
   11   11    1    1    1    1    1    1    1    1  0.00000E+00 0.00000 
   12   12    1    1    1    1    1    1    1    1  0.00000E+00 0.00000 
   13   13    1    1    1    1    1    1    1    1  0.00000E+00 0.00000 
   14   14    1    1    1    1    1    1    1    1  0.00000E+00 0.00000 
   15   15    1    1    1    1    1    1    1    1  0.00000E+00 0.00000 
   16   16    1    1    1    1    1    1    1    1  0.00000E+00 0.00000 
   17   17    1    1    1    1    1    1    1    1  0.00000E+00 0.00000 
   18   18    1    1    1    1    1    1    1    1  0.00000E+00 0.00000 
   19   19    1    1    1    1    1    1    1    1  1.13891E+09 0.14586 
   20   20    1    1    1    1    1    1    1    1  1.36257E+08 0.11192 
   21   21    1    1    1    1    1    1    1    1  5.15053E+08 0.06112 
   22   22    1    1    1    1    1    1    1    1  4.40385E+08 0.05541 
   23   23    1    1    1    1    1    1    1    1  9.71435E+08 0.06799 
   24   24    1    1    1    1    1    1    1    1  2.34420E+09 0.03001 
   25   25    1    1    1    1    1    1    1    1  6.05511E+09 0.02453 
   26   26    1    1    1    1    1    1    1    1  1.06052E+10 0.02287 
   27   27    1    1    1    1    1    1    1    1  2.40501E+10 0.01249 
   28   28    1    1    1    1    1    1    1    1  5.61188E+10 0.00744 
   29   29    1    1    1    1    1    1    1    1  1.33496E+11 0.00444 
   30   30    1    1    1    1    1    1    1    1  2.35118E+11 0.00300 
   31   31    1    1    1    1    1    1    1    1  5.18301E+11 0.00224 
   32   32    1    1    1    1    1    1    1    1  1.26407E+12 0.00186 
   33   33    1    1    1    1    1    1    1    1  1.99696E+12 0.00151 
   34   34    1    1    1    1    1    1    1    1  4.25212E+12 0.00092 
   35   35    1    1    1    1    1    1    1    1  5.53225E+12 0.00082 
   36   36    1    1    1    1    1    1    1    1  6.06284E+12 0.00067 
   37   37    1    1    1    1    1    1    1    1  3.77796E+12 0.00043 
   38   38    1    1    1    1    1    1    1    1  1.11373E+12 0.00059 
   39   39    1    1    1    1    1    1    1    1  6.32577E+12 0.00045 
   40   40    1    1    1    1    1    1    1    1  8.37931E+12 0.00038 
   41   41    1    1    1    1    1    1    1    1  1.42541E+13 0.00046 
   42   42    1    1    1    1    1    1    1    1  1.37415E+13 0.00035 
   43   43    1    1    1    1    1    1    1    1  2.91766E+13 0.00038 
   44   44    1    1    1    1    1    1    1    1  3.45534E+13 0.00022 
   45   45    1    1    1    1    1    1    1    1  4.86365E+13 0.00018 
   46   46    1    1    1    1    1    1    1    1  9.45873E+13 0.00022 
   47   47    1    1    1    1    1    1    1    1  4.27197E+13 0.00015 
   48   48    1    1    1    1    1    1    1    1  6.70389E+13 0.00017 
   49   49    1    1    1    1    1    1    1    1  9.17264E+13 0.00016 
   50   50    1    1    1    1    1    1    1    1  8.81875E+13 0.00018 
   51   51    1    1    1    1    1    1    1    1  1.36427E+14 0.00014 
   52   52    1    1    1    1    1    1    1    1  1.04621E+14 0.00017 
   53   53    1    1    1    1    1    1    1    1  1.24504E+14 0.00019 
   54   54    1    1    1    1    1    1    1    1  8.48252E+13 0.00015 
   55   55    1    1    1    1    1    1    1    1  1.04448E+14 0.00016 
   56   56    1    1    1    1    1    1    1    1  7.09911E+13 0.00014 
   57   57    1    1    1    1    1    1    1    1  9.55916E+12 0.00035 
   58   58    1    1    1    1    1    1    1    1  1.38950E+14 0.00015 
   59   59    1    1    1    1    1    1    1    1  6.26882E+13 0.00023 
   60   60    1    1    1    1    1    1    1    1  6.55194E+13 0.00020 
   61   61    1    1    1    1    1    1    1    1  5.14085E+13 0.00023 
   62   62    1    1    1    1    1    1    1    1  5.10883E+13 0.00027 
   63   63    1    1    1    1    1    1    1    1  5.28939E+13 0.00022 
   64   64    1    1    1    1    1    1    1    1  4.42067E+13 0.00026 
   65   65    1    1    1    1    1    1    1    1  3.47811E+13 0.00020 
   66   66    1    1    1    1    1    1    1    1  3.42074E+13 0.00029 
   67   67    1    1    1    1    1    1    1    1  2.46171E+13 0.00022 
   68   68    1    1    1    1    1    1    1    1  1.98583E+13 0.00036 
   69   69    1    1    1    1    1    1    1    1  1.76840E+13 0.00048 
   70   70    1    1    1    1    1    1    1    1  2.11478E+13 0.00039 
   71   71    1    1    1    1    1    1    1    1  1.78327E+13 0.00050 
   72   72    1    1    1    1    1    1    1    1  3.15920E+13 0.00035 
   73   73    1    1    1    1    1    1    1    1  2.20664E+13 0.00041 
   74   74    1    1    1    1    1    1    1    1  1.65537E+13 0.00040 
   75   75    1    1    1    1    1    1    1    1  1.34159E+13 0.00054 
   76   76    1    1    1    1    1    1    1    1  1.12183E+13 0.00051 
   77   77    1    1    1    1    1    1    1    1  1.31064E+13 0.00041 
   78   78    1    1    1    1    1    1    1    1  1.04701E+13 0.00057 
   79   79    1    1    1    1    1    1    1    1  8.39305E+12 0.00062 
   80   80    1    1    1    1    1    1    1    1  8.71894E+12 0.00046 
   81   81    1    1    1    1    1    1    1    1  6.48177E+12 0.00072 
   82   82    1    1    1    1    1    1    1    1  5.00561E+12 0.00052 
   83   83    1    1    1    1    1    1    1    1  3.84786E+12 0.00098 
   84   84    1    1    1    1    1    1    1    1  3.60417E+12 0.00081 
   85   85    1    1    1    1    1    1    1    1  2.59431E+12 0.00086 
   86   86    1    1    1    1    1    1    1    1  1.87047E+12 0.00118 
   87   87    1    1    1    1    1    1    1    1  1.75244E+12 0.00134 
   88   88    1    1    1    1    1    1    1    1  1.07389E+12 0.00181 
   89   89    1    1    1    1    1    1    1    1  7.21314E+11 0.00212 
   90   90    1    1    1    1    1    1    1    1  4.16145E+11 0.00249 
   91   91    1    1    1    1    1    1    1    1  5.22308E+11 0.00207 
   92   92    1    1    1    1    1    1    1    1  0.00000E+00 0.00000 
   93   93    1    1    1    1    1    1    1    1  0.00000E+00 0.00000 
   94   94    1    1    1    1    1    1    1    1  0.00000E+00 0.00000 
   95   95    1    1    1    1    1    1    1    1  0.00000E+00 0.00000 
   96   96    1    1    1    1    1    1    1    1  0.00000E+00 0.00000 
   97   97    1    1    1    1    1    1    1    1  0.00000E+00 0.00000 
   98   98    1    1    1    1    1    1    1    1  0.00000E+00 0.00000 
   99   99    1    1    1    1    1    1    1    1  0.00000E+00 0.00000 
  100  100    1    1    1    1    1    1    1    1  0.00000E+00 0.00000 
];


