
DETdpaspec = [
    1    1    1    1    1    1    1    1    1    1  0.00000E+00 0.00000 
    2    2    1    1    1    1    1    1    1    1  0.00000E+00 0.00000 
    3    3    1    1    1    1    1    1    1    1  0.00000E+00 0.00000 
    4    4    1    1    1    1    1    1    1    1  0.00000E+00 0.00000 
    5    5    1    1    1    1    1    1    1    1  0.00000E+00 0.00000 
    6    6    1    1    1    1    1    1    1    1  0.00000E+00 0.00000 
    7    7    1    1    1    1    1    1    1    1  0.00000E+00 0.00000 
    8    8    1    1    1    1    1    1    1    1  0.00000E+00 0.00000 
    9    9    1    1    1    1    1    1    1    1  0.00000E+00 0.00000 
   10   10    1    1    1    1    1    1    1    1  0.00000E+00 0.00000 
   11   11    1    1    1    1    1    1    1    1  0.00000E+00 0.00000 
   12   12    1    1    1    1    1    1    1    1  0.00000E+00 0.00000 
   13   13    1    1    1    1    1    1    1    1  0.00000E+00 0.00000 
   14   14    1    1    1    1    1    1    1    1  0.00000E+00 0.00000 
   15   15    1    1    1    1    1    1    1    1  0.00000E+00 0.00000 
   16   16    1    1    1    1    1    1    1    1  0.00000E+00 0.00000 
   17   17    1    1    1    1    1    1    1    1  0.00000E+00 0.00000 
   18   18    1    1    1    1    1    1    1    1  0.00000E+00 0.00000 
   19   19    1    1    1    1    1    1    1    1  1.91790E+09 0.04396 
   20   20    1    1    1    1    1    1    1    1  3.19119E+08 0.07014 
   21   21    1    1    1    1    1    1    1    1  1.10262E+09 0.04848 
   22   22    1    1    1    1    1    1    1    1  7.74840E+08 0.03298 
   23   23    1    1    1    1    1    1    1    1  1.98449E+09 0.03447 
   24   24    1    1    1    1    1    1    1    1  2.93271E+09 0.02564 
   25   25    1    1    1    1    1    1    1    1  4.57525E+09 0.01929 
   26   26    1    1    1    1    1    1    1    1  5.87655E+09 0.01640 
   27   27    1    1    1    1    1    1    1    1  9.45064E+09 0.01023 
   28   28    1    1    1    1    1    1    1    1  1.72295E+10 0.01384 
   29   29    1    1    1    1    1    1    1    1  3.54264E+10 0.00866 
   30   30    1    1    1    1    1    1    1    1  5.50356E+10 0.00536 
   31   31    1    1    1    1    1    1    1    1  1.64551E+11 0.00535 
   32   32    1    1    1    1    1    1    1    1  5.08334E+11 0.00326 
   33   33    1    1    1    1    1    1    1    1  9.46046E+11 0.00237 
   34   34    1    1    1    1    1    1    1    1  2.18901E+12 0.00171 
   35   35    1    1    1    1    1    1    1    1  2.99687E+12 0.00117 
   36   36    1    1    1    1    1    1    1    1  4.13937E+12 0.00097 
   37   37    1    1    1    1    1    1    1    1  2.89321E+12 0.00102 
   38   38    1    1    1    1    1    1    1    1  9.02069E+11 0.00076 
   39   39    1    1    1    1    1    1    1    1  4.95585E+12 0.00088 
   40   40    1    1    1    1    1    1    1    1  6.64341E+12 0.00077 
   41   41    1    1    1    1    1    1    1    1  1.13347E+13 0.00069 
   42   42    1    1    1    1    1    1    1    1  1.15921E+13 0.00046 
   43   43    1    1    1    1    1    1    1    1  2.42131E+13 0.00042 
   44   44    1    1    1    1    1    1    1    1  2.91095E+13 0.00048 
   45   45    1    1    1    1    1    1    1    1  4.17177E+13 0.00031 
   46   46    1    1    1    1    1    1    1    1  8.20335E+13 0.00024 
   47   47    1    1    1    1    1    1    1    1  3.89943E+13 0.00028 
   48   48    1    1    1    1    1    1    1    1  6.26415E+13 0.00023 
   49   49    1    1    1    1    1    1    1    1  8.74656E+13 0.00020 
   50   50    1    1    1    1    1    1    1    1  8.61700E+13 0.00020 
   51   51    1    1    1    1    1    1    1    1  1.33287E+14 0.00017 
   52   52    1    1    1    1    1    1    1    1  1.07001E+14 0.00014 
   53   53    1    1    1    1    1    1    1    1  1.25516E+14 0.00015 
   54   54    1    1    1    1    1    1    1    1  8.77587E+13 0.00026 
   55   55    1    1    1    1    1    1    1    1  1.06184E+14 0.00014 
   56   56    1    1    1    1    1    1    1    1  7.34319E+13 0.00018 
   57   57    1    1    1    1    1    1    1    1  1.00342E+13 0.00035 
   58   58    1    1    1    1    1    1    1    1  1.45799E+14 0.00014 
   59   59    1    1    1    1    1    1    1    1  6.40660E+13 0.00026 
   60   60    1    1    1    1    1    1    1    1  6.84509E+13 0.00025 
   61   61    1    1    1    1    1    1    1    1  5.28237E+13 0.00024 
   62   62    1    1    1    1    1    1    1    1  5.31070E+13 0.00021 
   63   63    1    1    1    1    1    1    1    1  5.50558E+13 0.00034 
   64   64    1    1    1    1    1    1    1    1  4.61770E+13 0.00022 
   65   65    1    1    1    1    1    1    1    1  3.67306E+13 0.00029 
   66   66    1    1    1    1    1    1    1    1  3.64046E+13 0.00035 
   67   67    1    1    1    1    1    1    1    1  2.64502E+13 0.00030 
   68   68    1    1    1    1    1    1    1    1  2.16361E+13 0.00030 
   69   69    1    1    1    1    1    1    1    1  1.94251E+13 0.00032 
   70   70    1    1    1    1    1    1    1    1  2.33661E+13 0.00039 
   71   71    1    1    1    1    1    1    1    1  1.99276E+13 0.00032 
   72   72    1    1    1    1    1    1    1    1  3.66546E+13 0.00025 
   73   73    1    1    1    1    1    1    1    1  2.60424E+13 0.00032 
   74   74    1    1    1    1    1    1    1    1  1.96269E+13 0.00039 
   75   75    1    1    1    1    1    1    1    1  1.56555E+13 0.00040 
   76   76    1    1    1    1    1    1    1    1  1.28738E+13 0.00055 
   77   77    1    1    1    1    1    1    1    1  1.47987E+13 0.00059 
   78   78    1    1    1    1    1    1    1    1  1.15912E+13 0.00052 
   79   79    1    1    1    1    1    1    1    1  9.16491E+12 0.00048 
   80   80    1    1    1    1    1    1    1    1  9.41772E+12 0.00058 
   81   81    1    1    1    1    1    1    1    1  6.96028E+12 0.00061 
   82   82    1    1    1    1    1    1    1    1  5.33958E+12 0.00083 
   83   83    1    1    1    1    1    1    1    1  4.09882E+12 0.00088 
   84   84    1    1    1    1    1    1    1    1  3.83635E+12 0.00106 
   85   85    1    1    1    1    1    1    1    1  2.75699E+12 0.00110 
   86   86    1    1    1    1    1    1    1    1  1.98633E+12 0.00137 
   87   87    1    1    1    1    1    1    1    1  1.86335E+12 0.00100 
   88   88    1    1    1    1    1    1    1    1  1.15021E+12 0.00156 
   89   89    1    1    1    1    1    1    1    1  7.79761E+11 0.00208 
   90   90    1    1    1    1    1    1    1    1  4.48874E+11 0.00349 
   91   91    1    1    1    1    1    1    1    1  5.73228E+11 0.00239 
   92   92    1    1    1    1    1    1    1    1  0.00000E+00 0.00000 
   93   93    1    1    1    1    1    1    1    1  0.00000E+00 0.00000 
   94   94    1    1    1    1    1    1    1    1  0.00000E+00 0.00000 
   95   95    1    1    1    1    1    1    1    1  0.00000E+00 0.00000 
   96   96    1    1    1    1    1    1    1    1  0.00000E+00 0.00000 
   97   97    1    1    1    1    1    1    1    1  0.00000E+00 0.00000 
   98   98    1    1    1    1    1    1    1    1  0.00000E+00 0.00000 
   99   99    1    1    1    1    1    1    1    1  0.00000E+00 0.00000 
  100  100    1    1    1    1    1    1    1    1  0.00000E+00 0.00000 
];


