
DETdpaspec = [
    1    1    1    1    1    1    1    1    1    1  0.00000E+00 0.00000 
    2    2    1    1    1    1    1    1    1    1  0.00000E+00 0.00000 
    3    3    1    1    1    1    1    1    1    1  0.00000E+00 0.00000 
    4    4    1    1    1    1    1    1    1    1  0.00000E+00 0.00000 
    5    5    1    1    1    1    1    1    1    1  0.00000E+00 0.00000 
    6    6    1    1    1    1    1    1    1    1  0.00000E+00 0.00000 
    7    7    1    1    1    1    1    1    1    1  0.00000E+00 0.00000 
    8    8    1    1    1    1    1    1    1    1  0.00000E+00 0.00000 
    9    9    1    1    1    1    1    1    1    1  0.00000E+00 0.00000 
   10   10    1    1    1    1    1    1    1    1  0.00000E+00 0.00000 
   11   11    1    1    1    1    1    1    1    1  0.00000E+00 0.00000 
   12   12    1    1    1    1    1    1    1    1  0.00000E+00 0.00000 
   13   13    1    1    1    1    1    1    1    1  0.00000E+00 0.00000 
   14   14    1    1    1    1    1    1    1    1  0.00000E+00 0.00000 
   15   15    1    1    1    1    1    1    1    1  0.00000E+00 0.00000 
   16   16    1    1    1    1    1    1    1    1  0.00000E+00 0.00000 
   17   17    1    1    1    1    1    1    1    1  0.00000E+00 0.00000 
   18   18    1    1    1    1    1    1    1    1  0.00000E+00 0.00000 
   19   19    1    1    1    1    1    1    1    1  1.92759E+09 0.05478 
   20   20    1    1    1    1    1    1    1    1  3.10770E+08 0.05550 
   21   21    1    1    1    1    1    1    1    1  1.09818E+09 0.06329 
   22   22    1    1    1    1    1    1    1    1  8.06777E+08 0.04550 
   23   23    1    1    1    1    1    1    1    1  2.02877E+09 0.02911 
   24   24    1    1    1    1    1    1    1    1  3.10296E+09 0.02444 
   25   25    1    1    1    1    1    1    1    1  4.85176E+09 0.02261 
   26   26    1    1    1    1    1    1    1    1  5.93354E+09 0.01792 
   27   27    1    1    1    1    1    1    1    1  9.95361E+09 0.01798 
   28   28    1    1    1    1    1    1    1    1  1.73146E+10 0.01022 
   29   29    1    1    1    1    1    1    1    1  3.53761E+10 0.00680 
   30   30    1    1    1    1    1    1    1    1  5.47447E+10 0.00511 
   31   31    1    1    1    1    1    1    1    1  1.64913E+11 0.00441 
   32   32    1    1    1    1    1    1    1    1  5.10145E+11 0.00312 
   33   33    1    1    1    1    1    1    1    1  9.47829E+11 0.00205 
   34   34    1    1    1    1    1    1    1    1  2.19293E+12 0.00130 
   35   35    1    1    1    1    1    1    1    1  2.99219E+12 0.00105 
   36   36    1    1    1    1    1    1    1    1  4.15555E+12 0.00098 
   37   37    1    1    1    1    1    1    1    1  2.91254E+12 0.00061 
   38   38    1    1    1    1    1    1    1    1  9.09937E+11 0.00086 
   39   39    1    1    1    1    1    1    1    1  4.98389E+12 0.00074 
   40   40    1    1    1    1    1    1    1    1  6.68460E+12 0.00056 
   41   41    1    1    1    1    1    1    1    1  1.13841E+13 0.00047 
   42   42    1    1    1    1    1    1    1    1  1.16545E+13 0.00043 
   43   43    1    1    1    1    1    1    1    1  2.42950E+13 0.00031 
   44   44    1    1    1    1    1    1    1    1  2.92023E+13 0.00039 
   45   45    1    1    1    1    1    1    1    1  4.18168E+13 0.00028 
   46   46    1    1    1    1    1    1    1    1  8.20311E+13 0.00020 
   47   47    1    1    1    1    1    1    1    1  3.90326E+13 0.00017 
   48   48    1    1    1    1    1    1    1    1  6.27622E+13 0.00024 
   49   49    1    1    1    1    1    1    1    1  8.75921E+13 0.00018 
   50   50    1    1    1    1    1    1    1    1  8.63410E+13 0.00020 
   51   51    1    1    1    1    1    1    1    1  1.33415E+14 0.00016 
   52   52    1    1    1    1    1    1    1    1  1.07240E+14 0.00016 
   53   53    1    1    1    1    1    1    1    1  1.25580E+14 0.00015 
   54   54    1    1    1    1    1    1    1    1  8.78361E+13 0.00019 
   55   55    1    1    1    1    1    1    1    1  1.06124E+14 0.00015 
   56   56    1    1    1    1    1    1    1    1  7.34389E+13 0.00020 
   57   57    1    1    1    1    1    1    1    1  1.00343E+13 0.00032 
   58   58    1    1    1    1    1    1    1    1  1.45843E+14 0.00016 
   59   59    1    1    1    1    1    1    1    1  6.39477E+13 0.00016 
   60   60    1    1    1    1    1    1    1    1  6.83546E+13 0.00018 
   61   61    1    1    1    1    1    1    1    1  5.26893E+13 0.00021 
   62   62    1    1    1    1    1    1    1    1  5.29977E+13 0.00022 
   63   63    1    1    1    1    1    1    1    1  5.49411E+13 0.00027 
   64   64    1    1    1    1    1    1    1    1  4.60362E+13 0.00026 
   65   65    1    1    1    1    1    1    1    1  3.66257E+13 0.00034 
   66   66    1    1    1    1    1    1    1    1  3.63062E+13 0.00030 
   67   67    1    1    1    1    1    1    1    1  2.63906E+13 0.00034 
   68   68    1    1    1    1    1    1    1    1  2.16032E+13 0.00022 
   69   69    1    1    1    1    1    1    1    1  1.93949E+13 0.00034 
   70   70    1    1    1    1    1    1    1    1  2.33313E+13 0.00032 
   71   71    1    1    1    1    1    1    1    1  1.99099E+13 0.00035 
   72   72    1    1    1    1    1    1    1    1  3.66864E+13 0.00031 
   73   73    1    1    1    1    1    1    1    1  2.60769E+13 0.00043 
   74   74    1    1    1    1    1    1    1    1  1.96311E+13 0.00058 
   75   75    1    1    1    1    1    1    1    1  1.56502E+13 0.00043 
   76   76    1    1    1    1    1    1    1    1  1.28503E+13 0.00049 
   77   77    1    1    1    1    1    1    1    1  1.47463E+13 0.00034 
   78   78    1    1    1    1    1    1    1    1  1.15405E+13 0.00038 
   79   79    1    1    1    1    1    1    1    1  9.11668E+12 0.00076 
   80   80    1    1    1    1    1    1    1    1  9.35249E+12 0.00047 
   81   81    1    1    1    1    1    1    1    1  6.91201E+12 0.00074 
   82   82    1    1    1    1    1    1    1    1  5.31245E+12 0.00077 
   83   83    1    1    1    1    1    1    1    1  4.07720E+12 0.00079 
   84   84    1    1    1    1    1    1    1    1  3.80869E+12 0.00097 
   85   85    1    1    1    1    1    1    1    1  2.73659E+12 0.00145 
   86   86    1    1    1    1    1    1    1    1  1.97526E+12 0.00133 
   87   87    1    1    1    1    1    1    1    1  1.84609E+12 0.00127 
   88   88    1    1    1    1    1    1    1    1  1.13870E+12 0.00159 
   89   89    1    1    1    1    1    1    1    1  7.77230E+11 0.00223 
   90   90    1    1    1    1    1    1    1    1  4.49281E+11 0.00268 
   91   91    1    1    1    1    1    1    1    1  5.71184E+11 0.00229 
   92   92    1    1    1    1    1    1    1    1  0.00000E+00 0.00000 
   93   93    1    1    1    1    1    1    1    1  0.00000E+00 0.00000 
   94   94    1    1    1    1    1    1    1    1  0.00000E+00 0.00000 
   95   95    1    1    1    1    1    1    1    1  0.00000E+00 0.00000 
   96   96    1    1    1    1    1    1    1    1  0.00000E+00 0.00000 
   97   97    1    1    1    1    1    1    1    1  0.00000E+00 0.00000 
   98   98    1    1    1    1    1    1    1    1  0.00000E+00 0.00000 
   99   99    1    1    1    1    1    1    1    1  0.00000E+00 0.00000 
  100  100    1    1    1    1    1    1    1    1  0.00000E+00 0.00000 
];


