
DETdpaspec = [
    1    1    1    1    1    1    1    1    1    1  0.00000E+00 0.00000 
    2    2    1    1    1    1    1    1    1    1  0.00000E+00 0.00000 
    3    3    1    1    1    1    1    1    1    1  0.00000E+00 0.00000 
    4    4    1    1    1    1    1    1    1    1  0.00000E+00 0.00000 
    5    5    1    1    1    1    1    1    1    1  0.00000E+00 0.00000 
    6    6    1    1    1    1    1    1    1    1  0.00000E+00 0.00000 
    7    7    1    1    1    1    1    1    1    1  0.00000E+00 0.00000 
    8    8    1    1    1    1    1    1    1    1  0.00000E+00 0.00000 
    9    9    1    1    1    1    1    1    1    1  0.00000E+00 0.00000 
   10   10    1    1    1    1    1    1    1    1  0.00000E+00 0.00000 
   11   11    1    1    1    1    1    1    1    1  0.00000E+00 0.00000 
   12   12    1    1    1    1    1    1    1    1  0.00000E+00 0.00000 
   13   13    1    1    1    1    1    1    1    1  0.00000E+00 0.00000 
   14   14    1    1    1    1    1    1    1    1  0.00000E+00 0.00000 
   15   15    1    1    1    1    1    1    1    1  0.00000E+00 0.00000 
   16   16    1    1    1    1    1    1    1    1  0.00000E+00 0.00000 
   17   17    1    1    1    1    1    1    1    1  0.00000E+00 0.00000 
   18   18    1    1    1    1    1    1    1    1  0.00000E+00 0.00000 
   19   19    1    1    1    1    1    1    1    1  1.09845E+09 0.12719 
   20   20    1    1    1    1    1    1    1    1  1.58459E+08 0.12167 
   21   21    1    1    1    1    1    1    1    1  5.16193E+08 0.07654 
   22   22    1    1    1    1    1    1    1    1  4.50884E+08 0.06157 
   23   23    1    1    1    1    1    1    1    1  1.07121E+09 0.05137 
   24   24    1    1    1    1    1    1    1    1  1.89970E+09 0.04075 
   25   25    1    1    1    1    1    1    1    1  4.09477E+09 0.02395 
   26   26    1    1    1    1    1    1    1    1  6.26601E+09 0.02306 
   27   27    1    1    1    1    1    1    1    1  1.30275E+10 0.01633 
   28   28    1    1    1    1    1    1    1    1  3.08629E+10 0.01097 
   29   29    1    1    1    1    1    1    1    1  7.75002E+10 0.00608 
   30   30    1    1    1    1    1    1    1    1  1.40704E+11 0.00495 
   31   31    1    1    1    1    1    1    1    1  3.38352E+11 0.00338 
   32   32    1    1    1    1    1    1    1    1  9.07992E+11 0.00233 
   33   33    1    1    1    1    1    1    1    1  1.51825E+12 0.00202 
   34   34    1    1    1    1    1    1    1    1  3.38097E+12 0.00143 
   35   35    1    1    1    1    1    1    1    1  4.54810E+12 0.00093 
   36   36    1    1    1    1    1    1    1    1  5.23893E+12 0.00088 
   37   37    1    1    1    1    1    1    1    1  3.35777E+12 0.00067 
   38   38    1    1    1    1    1    1    1    1  1.00099E+12 0.00072 
   39   39    1    1    1    1    1    1    1    1  5.66697E+12 0.00061 
   40   40    1    1    1    1    1    1    1    1  7.55692E+12 0.00054 
   41   41    1    1    1    1    1    1    1    1  1.29564E+13 0.00042 
   42   42    1    1    1    1    1    1    1    1  1.26411E+13 0.00042 
   43   43    1    1    1    1    1    1    1    1  2.69350E+13 0.00041 
   44   44    1    1    1    1    1    1    1    1  3.21605E+13 0.00035 
   45   45    1    1    1    1    1    1    1    1  4.56733E+13 0.00026 
   46   46    1    1    1    1    1    1    1    1  8.99112E+13 0.00025 
   47   47    1    1    1    1    1    1    1    1  4.11551E+13 0.00019 
   48   48    1    1    1    1    1    1    1    1  6.49534E+13 0.00021 
   49   49    1    1    1    1    1    1    1    1  8.96298E+13 0.00019 
   50   50    1    1    1    1    1    1    1    1  8.67862E+13 0.00012 
   51   51    1    1    1    1    1    1    1    1  1.35005E+14 0.00019 
   52   52    1    1    1    1    1    1    1    1  1.04548E+14 0.00014 
   53   53    1    1    1    1    1    1    1    1  1.24703E+14 0.00020 
   54   54    1    1    1    1    1    1    1    1  8.55479E+13 0.00016 
   55   55    1    1    1    1    1    1    1    1  1.05432E+14 0.00018 
   56   56    1    1    1    1    1    1    1    1  7.19602E+13 0.00018 
   57   57    1    1    1    1    1    1    1    1  9.72329E+12 0.00023 
   58   58    1    1    1    1    1    1    1    1  1.41551E+14 0.00015 
   59   59    1    1    1    1    1    1    1    1  6.37926E+13 0.00019 
   60   60    1    1    1    1    1    1    1    1  6.70197E+13 0.00016 
   61   61    1    1    1    1    1    1    1    1  5.25648E+13 0.00021 
   62   62    1    1    1    1    1    1    1    1  5.23926E+13 0.00018 
   63   63    1    1    1    1    1    1    1    1  5.43374E+13 0.00029 
   64   64    1    1    1    1    1    1    1    1  4.55344E+13 0.00030 
   65   65    1    1    1    1    1    1    1    1  3.59201E+13 0.00035 
   66   66    1    1    1    1    1    1    1    1  3.54055E+13 0.00025 
   67   67    1    1    1    1    1    1    1    1  2.55255E+13 0.00037 
   68   68    1    1    1    1    1    1    1    1  2.06584E+13 0.00041 
   69   69    1    1    1    1    1    1    1    1  1.84421E+13 0.00035 
   70   70    1    1    1    1    1    1    1    1  2.20612E+13 0.00045 
   71   71    1    1    1    1    1    1    1    1  1.86684E+13 0.00035 
   72   72    1    1    1    1    1    1    1    1  3.32985E+13 0.00041 
   73   73    1    1    1    1    1    1    1    1  2.33434E+13 0.00044 
   74   74    1    1    1    1    1    1    1    1  1.75473E+13 0.00051 
   75   75    1    1    1    1    1    1    1    1  1.42151E+13 0.00042 
   76   76    1    1    1    1    1    1    1    1  1.18856E+13 0.00049 
   77   77    1    1    1    1    1    1    1    1  1.38572E+13 0.00043 
   78   78    1    1    1    1    1    1    1    1  1.10491E+13 0.00057 
   79   79    1    1    1    1    1    1    1    1  8.84552E+12 0.00050 
   80   80    1    1    1    1    1    1    1    1  9.17773E+12 0.00063 
   81   81    1    1    1    1    1    1    1    1  6.82016E+12 0.00063 
   82   82    1    1    1    1    1    1    1    1  5.26770E+12 0.00067 
   83   83    1    1    1    1    1    1    1    1  4.05971E+12 0.00080 
   84   84    1    1    1    1    1    1    1    1  3.79420E+12 0.00101 
   85   85    1    1    1    1    1    1    1    1  2.73220E+12 0.00128 
   86   86    1    1    1    1    1    1    1    1  1.97509E+12 0.00113 
   87   87    1    1    1    1    1    1    1    1  1.84862E+12 0.00131 
   88   88    1    1    1    1    1    1    1    1  1.13436E+12 0.00198 
   89   89    1    1    1    1    1    1    1    1  7.63712E+11 0.00204 
   90   90    1    1    1    1    1    1    1    1  4.40715E+11 0.00389 
   91   91    1    1    1    1    1    1    1    1  5.56122E+11 0.00318 
   92   92    1    1    1    1    1    1    1    1  0.00000E+00 0.00000 
   93   93    1    1    1    1    1    1    1    1  0.00000E+00 0.00000 
   94   94    1    1    1    1    1    1    1    1  0.00000E+00 0.00000 
   95   95    1    1    1    1    1    1    1    1  0.00000E+00 0.00000 
   96   96    1    1    1    1    1    1    1    1  0.00000E+00 0.00000 
   97   97    1    1    1    1    1    1    1    1  0.00000E+00 0.00000 
   98   98    1    1    1    1    1    1    1    1  0.00000E+00 0.00000 
   99   99    1    1    1    1    1    1    1    1  0.00000E+00 0.00000 
  100  100    1    1    1    1    1    1    1    1  0.00000E+00 0.00000 
];


