
DETdpaspec = [
    1    1    1    1    1    1    1    1    1    1  0.00000E+00 0.00000 
    2    2    1    1    1    1    1    1    1    1  0.00000E+00 0.00000 
    3    3    1    1    1    1    1    1    1    1  0.00000E+00 0.00000 
    4    4    1    1    1    1    1    1    1    1  0.00000E+00 0.00000 
    5    5    1    1    1    1    1    1    1    1  0.00000E+00 0.00000 
    6    6    1    1    1    1    1    1    1    1  0.00000E+00 0.00000 
    7    7    1    1    1    1    1    1    1    1  0.00000E+00 0.00000 
    8    8    1    1    1    1    1    1    1    1  0.00000E+00 0.00000 
    9    9    1    1    1    1    1    1    1    1  0.00000E+00 0.00000 
   10   10    1    1    1    1    1    1    1    1  0.00000E+00 0.00000 
   11   11    1    1    1    1    1    1    1    1  0.00000E+00 0.00000 
   12   12    1    1    1    1    1    1    1    1  0.00000E+00 0.00000 
   13   13    1    1    1    1    1    1    1    1  0.00000E+00 0.00000 
   14   14    1    1    1    1    1    1    1    1  0.00000E+00 0.00000 
   15   15    1    1    1    1    1    1    1    1  0.00000E+00 0.00000 
   16   16    1    1    1    1    1    1    1    1  0.00000E+00 0.00000 
   17   17    1    1    1    1    1    1    1    1  0.00000E+00 0.00000 
   18   18    1    1    1    1    1    1    1    1  0.00000E+00 0.00000 
   19   19    1    1    1    1    1    1    1    1  2.63319E+09 0.03727 
   20   20    1    1    1    1    1    1    1    1  5.21239E+08 0.04631 
   21   21    1    1    1    1    1    1    1    1  1.79122E+09 0.04143 
   22   22    1    1    1    1    1    1    1    1  1.31837E+09 0.02615 
   23   23    1    1    1    1    1    1    1    1  3.81471E+09 0.02704 
   24   24    1    1    1    1    1    1    1    1  4.93272E+09 0.02031 
   25   25    1    1    1    1    1    1    1    1  7.41118E+09 0.01395 
   26   26    1    1    1    1    1    1    1    1  9.30462E+09 0.01119 
   27   27    1    1    1    1    1    1    1    1  1.51724E+10 0.00737 
   28   28    1    1    1    1    1    1    1    1  2.74724E+10 0.00773 
   29   29    1    1    1    1    1    1    1    1  4.94177E+10 0.00410 
   30   30    1    1    1    1    1    1    1    1  6.85618E+10 0.00454 
   31   31    1    1    1    1    1    1    1    1  2.18008E+11 0.00375 
   32   32    1    1    1    1    1    1    1    1  6.40419E+11 0.00210 
   33   33    1    1    1    1    1    1    1    1  1.16128E+12 0.00164 
   34   34    1    1    1    1    1    1    1    1  2.50973E+12 0.00117 
   35   35    1    1    1    1    1    1    1    1  3.25599E+12 0.00120 
   36   36    1    1    1    1    1    1    1    1  4.76379E+12 0.00086 
   37   37    1    1    1    1    1    1    1    1  3.38084E+12 0.00059 
   38   38    1    1    1    1    1    1    1    1  1.07798E+12 0.00090 
   39   39    1    1    1    1    1    1    1    1  5.71166E+12 0.00063 
   40   40    1    1    1    1    1    1    1    1  7.57231E+12 0.00057 
   41   41    1    1    1    1    1    1    1    1  1.25576E+13 0.00057 
   42   42    1    1    1    1    1    1    1    1  1.30598E+13 0.00061 
   43   43    1    1    1    1    1    1    1    1  2.63159E+13 0.00054 
   44   44    1    1    1    1    1    1    1    1  3.11997E+13 0.00034 
   45   45    1    1    1    1    1    1    1    1  4.40273E+13 0.00021 
   46   46    1    1    1    1    1    1    1    1  8.39044E+13 0.00021 
   47   47    1    1    1    1    1    1    1    1  4.01419E+13 0.00018 
   48   48    1    1    1    1    1    1    1    1  6.47010E+13 0.00019 
   49   49    1    1    1    1    1    1    1    1  8.96764E+13 0.00014 
   50   50    1    1    1    1    1    1    1    1  8.85472E+13 0.00012 
   51   51    1    1    1    1    1    1    1    1  1.34635E+14 0.00011 
   52   52    1    1    1    1    1    1    1    1  1.09643E+14 0.00011 
   53   53    1    1    1    1    1    1    1    1  1.25777E+14 0.00013 
   54   54    1    1    1    1    1    1    1    1  8.85151E+13 0.00017 
   55   55    1    1    1    1    1    1    1    1  1.04887E+14 0.00013 
   56   56    1    1    1    1    1    1    1    1  7.30693E+13 0.00015 
   57   57    1    1    1    1    1    1    1    1  1.00569E+13 0.00037 
   58   58    1    1    1    1    1    1    1    1  1.45148E+14 0.00014 
   59   59    1    1    1    1    1    1    1    1  6.22220E+13 0.00021 
   60   60    1    1    1    1    1    1    1    1  6.69784E+13 0.00017 
   61   61    1    1    1    1    1    1    1    1  5.08710E+13 0.00016 
   62   62    1    1    1    1    1    1    1    1  5.13576E+13 0.00023 
   63   63    1    1    1    1    1    1    1    1  5.29740E+13 0.00021 
   64   64    1    1    1    1    1    1    1    1  4.42253E+13 0.00023 
   65   65    1    1    1    1    1    1    1    1  3.52298E+13 0.00029 
   66   66    1    1    1    1    1    1    1    1  3.48910E+13 0.00026 
   67   67    1    1    1    1    1    1    1    1  2.54068E+13 0.00028 
   68   68    1    1    1    1    1    1    1    1  2.09036E+13 0.00041 
   69   69    1    1    1    1    1    1    1    1  1.88184E+13 0.00023 
   70   70    1    1    1    1    1    1    1    1  2.26320E+13 0.00032 
   71   71    1    1    1    1    1    1    1    1  1.93606E+13 0.00048 
   72   72    1    1    1    1    1    1    1    1  3.62174E+13 0.00029 
   73   73    1    1    1    1    1    1    1    1  2.58802E+13 0.00040 
   74   74    1    1    1    1    1    1    1    1  1.93893E+13 0.00050 
   75   75    1    1    1    1    1    1    1    1  1.52639E+13 0.00047 
   76   76    1    1    1    1    1    1    1    1  1.23634E+13 0.00040 
   77   77    1    1    1    1    1    1    1    1  1.40152E+13 0.00053 
   78   78    1    1    1    1    1    1    1    1  1.07950E+13 0.00048 
   79   79    1    1    1    1    1    1    1    1  8.42105E+12 0.00063 
   80   80    1    1    1    1    1    1    1    1  8.58200E+12 0.00052 
   81   81    1    1    1    1    1    1    1    1  6.30915E+12 0.00088 
   82   82    1    1    1    1    1    1    1    1  4.81960E+12 0.00056 
   83   83    1    1    1    1    1    1    1    1  3.69537E+12 0.00082 
   84   84    1    1    1    1    1    1    1    1  3.44963E+12 0.00087 
   85   85    1    1    1    1    1    1    1    1  2.47553E+12 0.00086 
   86   86    1    1    1    1    1    1    1    1  1.77926E+12 0.00167 
   87   87    1    1    1    1    1    1    1    1  1.66274E+12 0.00134 
   88   88    1    1    1    1    1    1    1    1  1.03161E+12 0.00123 
   89   89    1    1    1    1    1    1    1    1  7.01311E+11 0.00174 
   90   90    1    1    1    1    1    1    1    1  4.07275E+11 0.00358 
   91   91    1    1    1    1    1    1    1    1  5.25054E+11 0.00267 
   92   92    1    1    1    1    1    1    1    1  0.00000E+00 0.00000 
   93   93    1    1    1    1    1    1    1    1  0.00000E+00 0.00000 
   94   94    1    1    1    1    1    1    1    1  0.00000E+00 0.00000 
   95   95    1    1    1    1    1    1    1    1  0.00000E+00 0.00000 
   96   96    1    1    1    1    1    1    1    1  0.00000E+00 0.00000 
   97   97    1    1    1    1    1    1    1    1  0.00000E+00 0.00000 
   98   98    1    1    1    1    1    1    1    1  0.00000E+00 0.00000 
   99   99    1    1    1    1    1    1    1    1  0.00000E+00 0.00000 
  100  100    1    1    1    1    1    1    1    1  0.00000E+00 0.00000 
];


