
DETdpaspec = [
    1    1    1    1    1    1    1    1    1    1  0.00000E+00 0.00000 
    2    2    1    1    1    1    1    1    1    1  0.00000E+00 0.00000 
    3    3    1    1    1    1    1    1    1    1  0.00000E+00 0.00000 
    4    4    1    1    1    1    1    1    1    1  0.00000E+00 0.00000 
    5    5    1    1    1    1    1    1    1    1  0.00000E+00 0.00000 
    6    6    1    1    1    1    1    1    1    1  0.00000E+00 0.00000 
    7    7    1    1    1    1    1    1    1    1  0.00000E+00 0.00000 
    8    8    1    1    1    1    1    1    1    1  0.00000E+00 0.00000 
    9    9    1    1    1    1    1    1    1    1  0.00000E+00 0.00000 
   10   10    1    1    1    1    1    1    1    1  0.00000E+00 0.00000 
   11   11    1    1    1    1    1    1    1    1  0.00000E+00 0.00000 
   12   12    1    1    1    1    1    1    1    1  0.00000E+00 0.00000 
   13   13    1    1    1    1    1    1    1    1  0.00000E+00 0.00000 
   14   14    1    1    1    1    1    1    1    1  0.00000E+00 0.00000 
   15   15    1    1    1    1    1    1    1    1  0.00000E+00 0.00000 
   16   16    1    1    1    1    1    1    1    1  0.00000E+00 0.00000 
   17   17    1    1    1    1    1    1    1    1  0.00000E+00 0.00000 
   18   18    1    1    1    1    1    1    1    1  0.00000E+00 0.00000 
   19   19    1    1    1    1    1    1    1    1  1.48881E+09 0.08578 
   20   20    1    1    1    1    1    1    1    1  2.01683E+08 0.09070 
   21   21    1    1    1    1    1    1    1    1  6.95135E+08 0.08052 
   22   22    1    1    1    1    1    1    1    1  5.23451E+08 0.06554 
   23   23    1    1    1    1    1    1    1    1  1.25650E+09 0.03917 
   24   24    1    1    1    1    1    1    1    1  1.93033E+09 0.03685 
   25   25    1    1    1    1    1    1    1    1  3.26622E+09 0.02953 
   26   26    1    1    1    1    1    1    1    1  4.62400E+09 0.02468 
   27   27    1    1    1    1    1    1    1    1  8.29511E+09 0.02112 
   28   28    1    1    1    1    1    1    1    1  1.71150E+10 0.01099 
   29   29    1    1    1    1    1    1    1    1  4.28419E+10 0.00789 
   30   30    1    1    1    1    1    1    1    1  7.66626E+10 0.00752 
   31   31    1    1    1    1    1    1    1    1  2.04887E+11 0.00483 
   32   32    1    1    1    1    1    1    1    1  6.11335E+11 0.00223 
   33   33    1    1    1    1    1    1    1    1  1.09451E+12 0.00195 
   34   34    1    1    1    1    1    1    1    1  2.55564E+12 0.00139 
   35   35    1    1    1    1    1    1    1    1  3.54570E+12 0.00080 
   36   36    1    1    1    1    1    1    1    1  4.41746E+12 0.00086 
   37   37    1    1    1    1    1    1    1    1  2.94894E+12 0.00071 
   38   38    1    1    1    1    1    1    1    1  8.94094E+11 0.00083 
   39   39    1    1    1    1    1    1    1    1  5.02998E+12 0.00065 
   40   40    1    1    1    1    1    1    1    1  6.75662E+12 0.00070 
   41   41    1    1    1    1    1    1    1    1  1.16363E+13 0.00059 
   42   42    1    1    1    1    1    1    1    1  1.15914E+13 0.00046 
   43   43    1    1    1    1    1    1    1    1  2.46875E+13 0.00034 
   44   44    1    1    1    1    1    1    1    1  2.97216E+13 0.00045 
   45   45    1    1    1    1    1    1    1    1  4.25914E+13 0.00027 
   46   46    1    1    1    1    1    1    1    1  8.45512E+13 0.00026 
   47   47    1    1    1    1    1    1    1    1  3.94524E+13 0.00027 
   48   48    1    1    1    1    1    1    1    1  6.28234E+13 0.00027 
   49   49    1    1    1    1    1    1    1    1  8.74426E+13 0.00021 
   50   50    1    1    1    1    1    1    1    1  8.54521E+13 0.00022 
   51   51    1    1    1    1    1    1    1    1  1.33344E+14 0.00017 
   52   52    1    1    1    1    1    1    1    1  1.04934E+14 0.00012 
   53   53    1    1    1    1    1    1    1    1  1.24924E+14 0.00017 
   54   54    1    1    1    1    1    1    1    1  8.64996E+13 0.00024 
   55   55    1    1    1    1    1    1    1    1  1.06301E+14 0.00019 
   56   56    1    1    1    1    1    1    1    1  7.29808E+13 0.00014 
   57   57    1    1    1    1    1    1    1    1  9.89511E+12 0.00032 
   58   58    1    1    1    1    1    1    1    1  1.44346E+14 0.00018 
   59   59    1    1    1    1    1    1    1    1  6.46961E+13 0.00019 
   60   60    1    1    1    1    1    1    1    1  6.84352E+13 0.00015 
   61   61    1    1    1    1    1    1    1    1  5.34953E+13 0.00019 
   62   62    1    1    1    1    1    1    1    1  5.34947E+13 0.00030 
   63   63    1    1    1    1    1    1    1    1  5.55507E+13 0.00019 
   64   64    1    1    1    1    1    1    1    1  4.66548E+13 0.00036 
   65   65    1    1    1    1    1    1    1    1  3.69431E+13 0.00035 
   66   66    1    1    1    1    1    1    1    1  3.65471E+13 0.00036 
   67   67    1    1    1    1    1    1    1    1  2.64657E+13 0.00029 
   68   68    1    1    1    1    1    1    1    1  2.15026E+13 0.00040 
   69   69    1    1    1    1    1    1    1    1  1.92396E+13 0.00037 
   70   70    1    1    1    1    1    1    1    1  2.31101E+13 0.00040 
   71   71    1    1    1    1    1    1    1    1  1.96195E+13 0.00037 
   72   72    1    1    1    1    1    1    1    1  3.53866E+13 0.00026 
   73   73    1    1    1    1    1    1    1    1  2.49463E+13 0.00047 
   74   74    1    1    1    1    1    1    1    1  1.87984E+13 0.00034 
   75   75    1    1    1    1    1    1    1    1  1.51632E+13 0.00051 
   76   76    1    1    1    1    1    1    1    1  1.26142E+13 0.00051 
   77   77    1    1    1    1    1    1    1    1  1.46709E+13 0.00036 
   78   78    1    1    1    1    1    1    1    1  1.16387E+13 0.00054 
   79   79    1    1    1    1    1    1    1    1  9.29237E+12 0.00050 
   80   80    1    1    1    1    1    1    1    1  9.61379E+12 0.00060 
   81   81    1    1    1    1    1    1    1    1  7.13874E+12 0.00056 
   82   82    1    1    1    1    1    1    1    1  5.50495E+12 0.00057 
   83   83    1    1    1    1    1    1    1    1  4.23654E+12 0.00102 
   84   84    1    1    1    1    1    1    1    1  3.95961E+12 0.00111 
   85   85    1    1    1    1    1    1    1    1  2.85646E+12 0.00122 
   86   86    1    1    1    1    1    1    1    1  2.06147E+12 0.00112 
   87   87    1    1    1    1    1    1    1    1  1.92970E+12 0.00173 
   88   88    1    1    1    1    1    1    1    1  1.19053E+12 0.00150 
   89   89    1    1    1    1    1    1    1    1  7.99472E+11 0.00225 
   90   90    1    1    1    1    1    1    1    1  4.63882E+11 0.00299 
   91   91    1    1    1    1    1    1    1    1  5.86779E+11 0.00305 
   92   92    1    1    1    1    1    1    1    1  0.00000E+00 0.00000 
   93   93    1    1    1    1    1    1    1    1  0.00000E+00 0.00000 
   94   94    1    1    1    1    1    1    1    1  0.00000E+00 0.00000 
   95   95    1    1    1    1    1    1    1    1  0.00000E+00 0.00000 
   96   96    1    1    1    1    1    1    1    1  0.00000E+00 0.00000 
   97   97    1    1    1    1    1    1    1    1  0.00000E+00 0.00000 
   98   98    1    1    1    1    1    1    1    1  0.00000E+00 0.00000 
   99   99    1    1    1    1    1    1    1    1  0.00000E+00 0.00000 
  100  100    1    1    1    1    1    1    1    1  0.00000E+00 0.00000 
];


