
DETdpaspec = [
    1    1    1    1    1    1    1    1    1    1  0.00000E+00 0.00000 
    2    2    1    1    1    1    1    1    1    1  0.00000E+00 0.00000 
    3    3    1    1    1    1    1    1    1    1  0.00000E+00 0.00000 
    4    4    1    1    1    1    1    1    1    1  0.00000E+00 0.00000 
    5    5    1    1    1    1    1    1    1    1  0.00000E+00 0.00000 
    6    6    1    1    1    1    1    1    1    1  0.00000E+00 0.00000 
    7    7    1    1    1    1    1    1    1    1  0.00000E+00 0.00000 
    8    8    1    1    1    1    1    1    1    1  0.00000E+00 0.00000 
    9    9    1    1    1    1    1    1    1    1  0.00000E+00 0.00000 
   10   10    1    1    1    1    1    1    1    1  0.00000E+00 0.00000 
   11   11    1    1    1    1    1    1    1    1  0.00000E+00 0.00000 
   12   12    1    1    1    1    1    1    1    1  0.00000E+00 0.00000 
   13   13    1    1    1    1    1    1    1    1  0.00000E+00 0.00000 
   14   14    1    1    1    1    1    1    1    1  0.00000E+00 0.00000 
   15   15    1    1    1    1    1    1    1    1  0.00000E+00 0.00000 
   16   16    1    1    1    1    1    1    1    1  0.00000E+00 0.00000 
   17   17    1    1    1    1    1    1    1    1  0.00000E+00 0.00000 
   18   18    1    1    1    1    1    1    1    1  0.00000E+00 0.00000 
   19   19    1    1    1    1    1    1    1    1  1.96788E+09 0.05067 
   20   20    1    1    1    1    1    1    1    1  3.40547E+08 0.07260 
   21   21    1    1    1    1    1    1    1    1  1.08903E+09 0.04356 
   22   22    1    1    1    1    1    1    1    1  8.14390E+08 0.04320 
   23   23    1    1    1    1    1    1    1    1  2.07635E+09 0.03833 
   24   24    1    1    1    1    1    1    1    1  2.81686E+09 0.03686 
   25   25    1    1    1    1    1    1    1    1  4.55669E+09 0.02037 
   26   26    1    1    1    1    1    1    1    1  5.73858E+09 0.02159 
   27   27    1    1    1    1    1    1    1    1  9.17026E+09 0.01425 
   28   28    1    1    1    1    1    1    1    1  1.69993E+10 0.00993 
   29   29    1    1    1    1    1    1    1    1  3.51791E+10 0.00567 
   30   30    1    1    1    1    1    1    1    1  5.50931E+10 0.00413 
   31   31    1    1    1    1    1    1    1    1  1.64725E+11 0.00388 
   32   32    1    1    1    1    1    1    1    1  5.06663E+11 0.00251 
   33   33    1    1    1    1    1    1    1    1  9.46035E+11 0.00214 
   34   34    1    1    1    1    1    1    1    1  2.19362E+12 0.00130 
   35   35    1    1    1    1    1    1    1    1  3.00399E+12 0.00111 
   36   36    1    1    1    1    1    1    1    1  4.13912E+12 0.00068 
   37   37    1    1    1    1    1    1    1    1  2.89249E+12 0.00078 
   38   38    1    1    1    1    1    1    1    1  8.99941E+11 0.00074 
   39   39    1    1    1    1    1    1    1    1  4.94735E+12 0.00059 
   40   40    1    1    1    1    1    1    1    1  6.63611E+12 0.00050 
   41   41    1    1    1    1    1    1    1    1  1.13189E+13 0.00040 
   42   42    1    1    1    1    1    1    1    1  1.15613E+13 0.00031 
   43   43    1    1    1    1    1    1    1    1  2.41616E+13 0.00028 
   44   44    1    1    1    1    1    1    1    1  2.90741E+13 0.00025 
   45   45    1    1    1    1    1    1    1    1  4.16849E+13 0.00023 
   46   46    1    1    1    1    1    1    1    1  8.20166E+13 0.00025 
   47   47    1    1    1    1    1    1    1    1  3.89732E+13 0.00017 
   48   48    1    1    1    1    1    1    1    1  6.26171E+13 0.00016 
   49   49    1    1    1    1    1    1    1    1  8.73916E+13 0.00020 
   50   50    1    1    1    1    1    1    1    1  8.61238E+13 0.00017 
   51   51    1    1    1    1    1    1    1    1  1.33270E+14 0.00018 
   52   52    1    1    1    1    1    1    1    1  1.06932E+14 0.00018 
   53   53    1    1    1    1    1    1    1    1  1.25487E+14 0.00017 
   54   54    1    1    1    1    1    1    1    1  8.77311E+13 0.00015 
   55   55    1    1    1    1    1    1    1    1  1.06202E+14 0.00013 
   56   56    1    1    1    1    1    1    1    1  7.34385E+13 0.00016 
   57   57    1    1    1    1    1    1    1    1  1.00259E+13 0.00036 
   58   58    1    1    1    1    1    1    1    1  1.45765E+14 0.00016 
   59   59    1    1    1    1    1    1    1    1  6.41075E+13 0.00016 
   60   60    1    1    1    1    1    1    1    1  6.84909E+13 0.00018 
   61   61    1    1    1    1    1    1    1    1  5.28646E+13 0.00021 
   62   62    1    1    1    1    1    1    1    1  5.31471E+13 0.00024 
   63   63    1    1    1    1    1    1    1    1  5.50943E+13 0.00021 
   64   64    1    1    1    1    1    1    1    1  4.62253E+13 0.00033 
   65   65    1    1    1    1    1    1    1    1  3.67649E+13 0.00028 
   66   66    1    1    1    1    1    1    1    1  3.64475E+13 0.00035 
   67   67    1    1    1    1    1    1    1    1  2.64764E+13 0.00040 
   68   68    1    1    1    1    1    1    1    1  2.16605E+13 0.00040 
   69   69    1    1    1    1    1    1    1    1  1.94365E+13 0.00048 
   70   70    1    1    1    1    1    1    1    1  2.33849E+13 0.00035 
   71   71    1    1    1    1    1    1    1    1  1.99425E+13 0.00032 
   72   72    1    1    1    1    1    1    1    1  3.66356E+13 0.00033 
   73   73    1    1    1    1    1    1    1    1  2.60277E+13 0.00031 
   74   74    1    1    1    1    1    1    1    1  1.95913E+13 0.00053 
   75   75    1    1    1    1    1    1    1    1  1.56565E+13 0.00056 
   76   76    1    1    1    1    1    1    1    1  1.28891E+13 0.00053 
   77   77    1    1    1    1    1    1    1    1  1.48082E+13 0.00036 
   78   78    1    1    1    1    1    1    1    1  1.16112E+13 0.00046 
   79   79    1    1    1    1    1    1    1    1  9.17131E+12 0.00070 
   80   80    1    1    1    1    1    1    1    1  9.43594E+12 0.00053 
   81   81    1    1    1    1    1    1    1    1  6.97580E+12 0.00065 
   82   82    1    1    1    1    1    1    1    1  5.36188E+12 0.00071 
   83   83    1    1    1    1    1    1    1    1  4.11158E+12 0.00083 
   84   84    1    1    1    1    1    1    1    1  3.85269E+12 0.00092 
   85   85    1    1    1    1    1    1    1    1  2.76676E+12 0.00056 
   86   86    1    1    1    1    1    1    1    1  1.99509E+12 0.00126 
   87   87    1    1    1    1    1    1    1    1  1.86549E+12 0.00136 
   88   88    1    1    1    1    1    1    1    1  1.14962E+12 0.00200 
   89   89    1    1    1    1    1    1    1    1  7.80605E+11 0.00248 
   90   90    1    1    1    1    1    1    1    1  4.51113E+11 0.00320 
   91   91    1    1    1    1    1    1    1    1  5.77318E+11 0.00368 
   92   92    1    1    1    1    1    1    1    1  0.00000E+00 0.00000 
   93   93    1    1    1    1    1    1    1    1  0.00000E+00 0.00000 
   94   94    1    1    1    1    1    1    1    1  0.00000E+00 0.00000 
   95   95    1    1    1    1    1    1    1    1  0.00000E+00 0.00000 
   96   96    1    1    1    1    1    1    1    1  0.00000E+00 0.00000 
   97   97    1    1    1    1    1    1    1    1  0.00000E+00 0.00000 
   98   98    1    1    1    1    1    1    1    1  0.00000E+00 0.00000 
   99   99    1    1    1    1    1    1    1    1  0.00000E+00 0.00000 
  100  100    1    1    1    1    1    1    1    1  0.00000E+00 0.00000 
];


