
DETdpaspec = [
    1    1    1    1    1    1    1    1    1    1  0.00000E+00 0.00000 
    2    2    1    1    1    1    1    1    1    1  0.00000E+00 0.00000 
    3    3    1    1    1    1    1    1    1    1  0.00000E+00 0.00000 
    4    4    1    1    1    1    1    1    1    1  0.00000E+00 0.00000 
    5    5    1    1    1    1    1    1    1    1  0.00000E+00 0.00000 
    6    6    1    1    1    1    1    1    1    1  0.00000E+00 0.00000 
    7    7    1    1    1    1    1    1    1    1  0.00000E+00 0.00000 
    8    8    1    1    1    1    1    1    1    1  0.00000E+00 0.00000 
    9    9    1    1    1    1    1    1    1    1  0.00000E+00 0.00000 
   10   10    1    1    1    1    1    1    1    1  0.00000E+00 0.00000 
   11   11    1    1    1    1    1    1    1    1  0.00000E+00 0.00000 
   12   12    1    1    1    1    1    1    1    1  0.00000E+00 0.00000 
   13   13    1    1    1    1    1    1    1    1  0.00000E+00 0.00000 
   14   14    1    1    1    1    1    1    1    1  0.00000E+00 0.00000 
   15   15    1    1    1    1    1    1    1    1  0.00000E+00 0.00000 
   16   16    1    1    1    1    1    1    1    1  0.00000E+00 0.00000 
   17   17    1    1    1    1    1    1    1    1  0.00000E+00 0.00000 
   18   18    1    1    1    1    1    1    1    1  0.00000E+00 0.00000 
   19   19    1    1    1    1    1    1    1    1  1.51475E+09 0.06742 
   20   20    1    1    1    1    1    1    1    1  2.24000E+08 0.06096 
   21   21    1    1    1    1    1    1    1    1  7.75433E+08 0.05101 
   22   22    1    1    1    1    1    1    1    1  5.62281E+08 0.06202 
   23   23    1    1    1    1    1    1    1    1  1.38841E+09 0.02912 
   24   24    1    1    1    1    1    1    1    1  2.09718E+09 0.02987 
   25   25    1    1    1    1    1    1    1    1  3.57011E+09 0.02141 
   26   26    1    1    1    1    1    1    1    1  4.58650E+09 0.02884 
   27   27    1    1    1    1    1    1    1    1  8.06365E+09 0.01949 
   28   28    1    1    1    1    1    1    1    1  1.57456E+10 0.01396 
   29   29    1    1    1    1    1    1    1    1  3.69306E+10 0.00821 
   30   30    1    1    1    1    1    1    1    1  6.37303E+10 0.00673 
   31   31    1    1    1    1    1    1    1    1  1.79337E+11 0.00429 
   32   32    1    1    1    1    1    1    1    1  5.46282E+11 0.00269 
   33   33    1    1    1    1    1    1    1    1  9.97428E+11 0.00195 
   34   34    1    1    1    1    1    1    1    1  2.34836E+12 0.00120 
   35   35    1    1    1    1    1    1    1    1  3.27324E+12 0.00083 
   36   36    1    1    1    1    1    1    1    1  4.22070E+12 0.00075 
   37   37    1    1    1    1    1    1    1    1  2.86600E+12 0.00078 
   38   38    1    1    1    1    1    1    1    1  8.76656E+11 0.00068 
   39   39    1    1    1    1    1    1    1    1  4.89957E+12 0.00068 
   40   40    1    1    1    1    1    1    1    1  6.58598E+12 0.00057 
   41   41    1    1    1    1    1    1    1    1  1.13442E+13 0.00054 
   42   42    1    1    1    1    1    1    1    1  1.13805E+13 0.00033 
   43   43    1    1    1    1    1    1    1    1  2.41501E+13 0.00034 
   44   44    1    1    1    1    1    1    1    1  2.91181E+13 0.00043 
   45   45    1    1    1    1    1    1    1    1  4.18531E+13 0.00029 
   46   46    1    1    1    1    1    1    1    1  8.31214E+13 0.00026 
   47   47    1    1    1    1    1    1    1    1  3.90585E+13 0.00020 
   48   48    1    1    1    1    1    1    1    1  6.23908E+13 0.00018 
   49   49    1    1    1    1    1    1    1    1  8.70562E+13 0.00023 
   50   50    1    1    1    1    1    1    1    1  8.53546E+13 0.00021 
   51   51    1    1    1    1    1    1    1    1  1.33053E+14 0.00013 
   52   52    1    1    1    1    1    1    1    1  1.05391E+14 0.00017 
   53   53    1    1    1    1    1    1    1    1  1.25066E+14 0.00018 
   54   54    1    1    1    1    1    1    1    1  8.68908E+13 0.00018 
   55   55    1    1    1    1    1    1    1    1  1.06431E+14 0.00012 
   56   56    1    1    1    1    1    1    1    1  7.32581E+13 0.00020 
   57   57    1    1    1    1    1    1    1    1  9.95853E+12 0.00028 
   58   58    1    1    1    1    1    1    1    1  1.45083E+14 0.00014 
   59   59    1    1    1    1    1    1    1    1  6.47408E+13 0.00022 
   60   60    1    1    1    1    1    1    1    1  6.86870E+13 0.00025 
   61   61    1    1    1    1    1    1    1    1  5.35108E+13 0.00017 
   62   62    1    1    1    1    1    1    1    1  5.36053E+13 0.00018 
   63   63    1    1    1    1    1    1    1    1  5.56808E+13 0.00022 
   64   64    1    1    1    1    1    1    1    1  4.67754E+13 0.00028 
   65   65    1    1    1    1    1    1    1    1  3.71129E+13 0.00036 
   66   66    1    1    1    1    1    1    1    1  3.67162E+13 0.00035 
   67   67    1    1    1    1    1    1    1    1  2.66243E+13 0.00039 
   68   68    1    1    1    1    1    1    1    1  2.16880E+13 0.00037 
   69   69    1    1    1    1    1    1    1    1  1.94146E+13 0.00036 
   70   70    1    1    1    1    1    1    1    1  2.33351E+13 0.00043 
   71   71    1    1    1    1    1    1    1    1  1.98433E+13 0.00039 
   72   72    1    1    1    1    1    1    1    1  3.60036E+13 0.00023 
   73   73    1    1    1    1    1    1    1    1  2.54538E+13 0.00034 
   74   74    1    1    1    1    1    1    1    1  1.91943E+13 0.00058 
   75   75    1    1    1    1    1    1    1    1  1.54353E+13 0.00048 
   76   76    1    1    1    1    1    1    1    1  1.28179E+13 0.00056 
   77   77    1    1    1    1    1    1    1    1  1.48603E+13 0.00046 
   78   78    1    1    1    1    1    1    1    1  1.17426E+13 0.00041 
   79   79    1    1    1    1    1    1    1    1  9.35183E+12 0.00062 
   80   80    1    1    1    1    1    1    1    1  9.66329E+12 0.00059 
   81   81    1    1    1    1    1    1    1    1  7.17470E+12 0.00056 
   82   82    1    1    1    1    1    1    1    1  5.53486E+12 0.00081 
   83   83    1    1    1    1    1    1    1    1  4.24759E+12 0.00076 
   84   84    1    1    1    1    1    1    1    1  3.97719E+12 0.00079 
   85   85    1    1    1    1    1    1    1    1  2.86593E+12 0.00115 
   86   86    1    1    1    1    1    1    1    1  2.06426E+12 0.00125 
   87   87    1    1    1    1    1    1    1    1  1.93216E+12 0.00114 
   88   88    1    1    1    1    1    1    1    1  1.19225E+12 0.00148 
   89   89    1    1    1    1    1    1    1    1  8.02774E+11 0.00201 
   90   90    1    1    1    1    1    1    1    1  4.66808E+11 0.00232 
   91   91    1    1    1    1    1    1    1    1  5.91452E+11 0.00231 
   92   92    1    1    1    1    1    1    1    1  0.00000E+00 0.00000 
   93   93    1    1    1    1    1    1    1    1  0.00000E+00 0.00000 
   94   94    1    1    1    1    1    1    1    1  0.00000E+00 0.00000 
   95   95    1    1    1    1    1    1    1    1  0.00000E+00 0.00000 
   96   96    1    1    1    1    1    1    1    1  0.00000E+00 0.00000 
   97   97    1    1    1    1    1    1    1    1  0.00000E+00 0.00000 
   98   98    1    1    1    1    1    1    1    1  0.00000E+00 0.00000 
   99   99    1    1    1    1    1    1    1    1  0.00000E+00 0.00000 
  100  100    1    1    1    1    1    1    1    1  0.00000E+00 0.00000 
];


