
DETdpaspec = [
    1    1    1    1    1    1    1    1    1    1  0.00000E+00 0.00000 
    2    2    1    1    1    1    1    1    1    1  0.00000E+00 0.00000 
    3    3    1    1    1    1    1    1    1    1  0.00000E+00 0.00000 
    4    4    1    1    1    1    1    1    1    1  0.00000E+00 0.00000 
    5    5    1    1    1    1    1    1    1    1  0.00000E+00 0.00000 
    6    6    1    1    1    1    1    1    1    1  0.00000E+00 0.00000 
    7    7    1    1    1    1    1    1    1    1  0.00000E+00 0.00000 
    8    8    1    1    1    1    1    1    1    1  0.00000E+00 0.00000 
    9    9    1    1    1    1    1    1    1    1  0.00000E+00 0.00000 
   10   10    1    1    1    1    1    1    1    1  0.00000E+00 0.00000 
   11   11    1    1    1    1    1    1    1    1  0.00000E+00 0.00000 
   12   12    1    1    1    1    1    1    1    1  0.00000E+00 0.00000 
   13   13    1    1    1    1    1    1    1    1  0.00000E+00 0.00000 
   14   14    1    1    1    1    1    1    1    1  0.00000E+00 0.00000 
   15   15    1    1    1    1    1    1    1    1  0.00000E+00 0.00000 
   16   16    1    1    1    1    1    1    1    1  0.00000E+00 0.00000 
   17   17    1    1    1    1    1    1    1    1  0.00000E+00 0.00000 
   18   18    1    1    1    1    1    1    1    1  0.00000E+00 0.00000 
   19   19    1    1    1    1    1    1    1    1  1.67687E+09 0.06387 
   20   20    1    1    1    1    1    1    1    1  2.25101E+08 0.08947 
   21   21    1    1    1    1    1    1    1    1  7.39340E+08 0.06950 
   22   22    1    1    1    1    1    1    1    1  5.79485E+08 0.06045 
   23   23    1    1    1    1    1    1    1    1  1.29111E+09 0.04568 
   24   24    1    1    1    1    1    1    1    1  2.11871E+09 0.03564 
   25   25    1    1    1    1    1    1    1    1  3.66555E+09 0.02061 
   26   26    1    1    1    1    1    1    1    1  4.80873E+09 0.02222 
   27   27    1    1    1    1    1    1    1    1  8.05145E+09 0.01663 
   28   28    1    1    1    1    1    1    1    1  1.55528E+10 0.01652 
   29   29    1    1    1    1    1    1    1    1  3.71238E+10 0.00853 
   30   30    1    1    1    1    1    1    1    1  6.49184E+10 0.00674 
   31   31    1    1    1    1    1    1    1    1  1.80187E+11 0.00526 
   32   32    1    1    1    1    1    1    1    1  5.51595E+11 0.00334 
   33   33    1    1    1    1    1    1    1    1  1.00603E+12 0.00273 
   34   34    1    1    1    1    1    1    1    1  2.37430E+12 0.00154 
   35   35    1    1    1    1    1    1    1    1  3.30080E+12 0.00115 
   36   36    1    1    1    1    1    1    1    1  4.24181E+12 0.00094 
   37   37    1    1    1    1    1    1    1    1  2.87475E+12 0.00087 
   38   38    1    1    1    1    1    1    1    1  8.77428E+11 0.00073 
   39   39    1    1    1    1    1    1    1    1  4.91276E+12 0.00076 
   40   40    1    1    1    1    1    1    1    1  6.60301E+12 0.00069 
   41   41    1    1    1    1    1    1    1    1  1.13691E+13 0.00050 
   42   42    1    1    1    1    1    1    1    1  1.14072E+13 0.00041 
   43   43    1    1    1    1    1    1    1    1  2.42056E+13 0.00049 
   44   44    1    1    1    1    1    1    1    1  2.91700E+13 0.00032 
   45   45    1    1    1    1    1    1    1    1  4.18971E+13 0.00033 
   46   46    1    1    1    1    1    1    1    1  8.32470E+13 0.00018 
   47   47    1    1    1    1    1    1    1    1  3.90737E+13 0.00021 
   48   48    1    1    1    1    1    1    1    1  6.23984E+13 0.00015 
   49   49    1    1    1    1    1    1    1    1  8.70506E+13 0.00019 
   50   50    1    1    1    1    1    1    1    1  8.53426E+13 0.00017 
   51   51    1    1    1    1    1    1    1    1  1.33079E+14 0.00017 
   52   52    1    1    1    1    1    1    1    1  1.05299E+14 0.00018 
   53   53    1    1    1    1    1    1    1    1  1.25074E+14 0.00016 
   54   54    1    1    1    1    1    1    1    1  8.68751E+13 0.00020 
   55   55    1    1    1    1    1    1    1    1  1.06442E+14 0.00014 
   56   56    1    1    1    1    1    1    1    1  7.32151E+13 0.00016 
   57   57    1    1    1    1    1    1    1    1  9.94775E+12 0.00033 
   58   58    1    1    1    1    1    1    1    1  1.45000E+14 0.00013 
   59   59    1    1    1    1    1    1    1    1  6.47423E+13 0.00026 
   60   60    1    1    1    1    1    1    1    1  6.86420E+13 0.00022 
   61   61    1    1    1    1    1    1    1    1  5.35339E+13 0.00020 
   62   62    1    1    1    1    1    1    1    1  5.36241E+13 0.00023 
   63   63    1    1    1    1    1    1    1    1  5.56815E+13 0.00024 
   64   64    1    1    1    1    1    1    1    1  4.67753E+13 0.00030 
   65   65    1    1    1    1    1    1    1    1  3.70931E+13 0.00026 
   66   66    1    1    1    1    1    1    1    1  3.67168E+13 0.00025 
   67   67    1    1    1    1    1    1    1    1  2.66273E+13 0.00033 
   68   68    1    1    1    1    1    1    1    1  2.16622E+13 0.00027 
   69   69    1    1    1    1    1    1    1    1  1.94140E+13 0.00041 
   70   70    1    1    1    1    1    1    1    1  2.33265E+13 0.00042 
   71   71    1    1    1    1    1    1    1    1  1.98481E+13 0.00042 
   72   72    1    1    1    1    1    1    1    1  3.59737E+13 0.00037 
   73   73    1    1    1    1    1    1    1    1  2.54051E+13 0.00043 
   74   74    1    1    1    1    1    1    1    1  1.91428E+13 0.00048 
   75   75    1    1    1    1    1    1    1    1  1.54000E+13 0.00056 
   76   76    1    1    1    1    1    1    1    1  1.27955E+13 0.00048 
   77   77    1    1    1    1    1    1    1    1  1.48342E+13 0.00042 
   78   78    1    1    1    1    1    1    1    1  1.17488E+13 0.00051 
   79   79    1    1    1    1    1    1    1    1  9.35420E+12 0.00063 
   80   80    1    1    1    1    1    1    1    1  9.66296E+12 0.00063 
   81   81    1    1    1    1    1    1    1    1  7.17299E+12 0.00073 
   82   82    1    1    1    1    1    1    1    1  5.52464E+12 0.00077 
   83   83    1    1    1    1    1    1    1    1  4.24898E+12 0.00080 
   84   84    1    1    1    1    1    1    1    1  3.97735E+12 0.00081 
   85   85    1    1    1    1    1    1    1    1  2.86470E+12 0.00109 
   86   86    1    1    1    1    1    1    1    1  2.05962E+12 0.00130 
   87   87    1    1    1    1    1    1    1    1  1.93218E+12 0.00134 
   88   88    1    1    1    1    1    1    1    1  1.19310E+12 0.00180 
   89   89    1    1    1    1    1    1    1    1  8.06046E+11 0.00204 
   90   90    1    1    1    1    1    1    1    1  4.66422E+11 0.00387 
   91   91    1    1    1    1    1    1    1    1  5.93705E+11 0.00169 
   92   92    1    1    1    1    1    1    1    1  0.00000E+00 0.00000 
   93   93    1    1    1    1    1    1    1    1  0.00000E+00 0.00000 
   94   94    1    1    1    1    1    1    1    1  0.00000E+00 0.00000 
   95   95    1    1    1    1    1    1    1    1  0.00000E+00 0.00000 
   96   96    1    1    1    1    1    1    1    1  0.00000E+00 0.00000 
   97   97    1    1    1    1    1    1    1    1  0.00000E+00 0.00000 
   98   98    1    1    1    1    1    1    1    1  0.00000E+00 0.00000 
   99   99    1    1    1    1    1    1    1    1  0.00000E+00 0.00000 
  100  100    1    1    1    1    1    1    1    1  0.00000E+00 0.00000 
];


