
DETdpaspec = [
    1    1    1    1    1    1    1    1    1    1  0.00000E+00 0.00000 
    2    2    1    1    1    1    1    1    1    1  0.00000E+00 0.00000 
    3    3    1    1    1    1    1    1    1    1  0.00000E+00 0.00000 
    4    4    1    1    1    1    1    1    1    1  0.00000E+00 0.00000 
    5    5    1    1    1    1    1    1    1    1  0.00000E+00 0.00000 
    6    6    1    1    1    1    1    1    1    1  0.00000E+00 0.00000 
    7    7    1    1    1    1    1    1    1    1  0.00000E+00 0.00000 
    8    8    1    1    1    1    1    1    1    1  7.47648E+06 1.00000 
    9    9    1    1    1    1    1    1    1    1  1.31140E+07 0.73663 
   10   10    1    1    1    1    1    1    1    1  1.61374E+07 1.00000 
   11   11    1    1    1    1    1    1    1    1  0.00000E+00 0.00000 
   12   12    1    1    1    1    1    1    1    1  2.10386E+07 0.79421 
   13   13    1    1    1    1    1    1    1    1  6.63269E+08 0.51413 
   14   14    1    1    1    1    1    1    1    1  1.30954E+09 0.37313 
   15   15    1    1    1    1    1    1    1    1  1.35648E+09 0.44037 
   16   16    1    1    1    1    1    1    1    1  9.37419E+08 0.28697 
   17   17    1    1    1    1    1    1    1    1  1.76725E+09 0.19387 
   18   18    1    1    1    1    1    1    1    1  4.33755E+09 0.25673 
   19   19    1    1    1    1    1    1    1    1  3.77372E+09 0.11633 
   20   20    1    1    1    1    1    1    1    1  1.28752E+10 0.15868 
   21   21    1    1    1    1    1    1    1    1  1.19158E+10 0.13576 
   22   22    1    1    1    1    1    1    1    1  3.48509E+10 0.06903 
   23   23    1    1    1    1    1    1    1    1  6.13843E+10 0.06699 
   24   24    1    1    1    1    1    1    1    1  1.27293E+11 0.03581 
   25   25    1    1    1    1    1    1    1    1  2.01911E+11 0.03470 
   26   26    1    1    1    1    1    1    1    1  4.52279E+11 0.02004 
   27   27    1    1    1    1    1    1    1    1  9.66878E+11 0.01729 
   28   28    1    1    1    1    1    1    1    1  2.21140E+12 0.00992 
   29   29    1    1    1    1    1    1    1    1  3.31819E+12 0.00645 
   30   30    1    1    1    1    1    1    1    1  7.25347E+12 0.00537 
   31   31    1    1    1    1    1    1    1    1  1.69377E+13 0.00314 
   32   32    1    1    1    1    1    1    1    1  2.47819E+13 0.00208 
   33   33    1    1    1    1    1    1    1    1  4.85931E+13 0.00195 
   34   34    1    1    1    1    1    1    1    1  5.82690E+13 0.00240 
   35   35    1    1    1    1    1    1    1    1  7.53514E+13 0.00194 
   36   36    1    1    1    1    1    1    1    1  5.73172E+13 0.00142 
   37   37    1    1    1    1    1    1    1    1  1.75264E+13 0.00165 
   38   38    1    1    1    1    1    1    1    1  8.72607E+13 0.00115 
   39   39    1    1    1    1    1    1    1    1  1.07586E+14 0.00102 
   40   40    1    1    1    1    1    1    1    1  1.81604E+14 0.00083 
   41   41    1    1    1    1    1    1    1    1  1.71085E+14 0.00102 
   42   42    1    1    1    1    1    1    1    1  3.16871E+14 0.00097 
   43   43    1    1    1    1    1    1    1    1  3.49221E+14 0.00106 
   44   44    1    1    1    1    1    1    1    1  4.57327E+14 0.00082 
   45   45    1    1    1    1    1    1    1    1  8.27839E+14 0.00069 
   46   46    1    1    1    1    1    1    1    1  4.36874E+14 0.00059 
   47   47    1    1    1    1    1    1    1    1  6.27961E+14 0.00065 
   48   48    1    1    1    1    1    1    1    1  8.83653E+14 0.00060 
   49   49    1    1    1    1    1    1    1    1  8.02352E+14 0.00067 
   50   50    1    1    1    1    1    1    1    1  1.26020E+15 0.00056 
   51   51    1    1    1    1    1    1    1    1  9.89137E+14 0.00053 
   52   52    1    1    1    1    1    1    1    1  1.14697E+15 0.00057 
   53   53    1    1    1    1    1    1    1    1  8.20266E+14 0.00063 
   54   54    1    1    1    1    1    1    1    1  1.01180E+15 0.00048 
   55   55    1    1    1    1    1    1    1    1  7.19703E+14 0.00041 
   56   56    1    1    1    1    1    1    1    1  9.93758E+13 0.00103 
   57   57    1    1    1    1    1    1    1    1  1.40476E+15 0.00064 
   58   58    1    1    1    1    1    1    1    1  6.30185E+14 0.00052 
   59   59    1    1    1    1    1    1    1    1  6.85402E+14 0.00075 
   60   60    1    1    1    1    1    1    1    1  5.51725E+14 0.00070 
   61   61    1    1    1    1    1    1    1    1  5.52563E+14 0.00068 
   62   62    1    1    1    1    1    1    1    1  5.58422E+14 0.00070 
   63   63    1    1    1    1    1    1    1    1  4.69705E+14 0.00089 
   64   64    1    1    1    1    1    1    1    1  3.72707E+14 0.00109 
   65   65    1    1    1    1    1    1    1    1  3.67082E+14 0.00103 
   66   66    1    1    1    1    1    1    1    1  2.92361E+14 0.00079 
   67   67    1    1    1    1    1    1    1    1  2.40188E+14 0.00086 
   68   68    1    1    1    1    1    1    1    1  2.11802E+14 0.00106 
   69   69    1    1    1    1    1    1    1    1  2.58256E+14 0.00094 
   70   70    1    1    1    1    1    1    1    1  2.21732E+14 0.00101 
   71   71    1    1    1    1    1    1    1    1  4.11872E+14 0.00064 
   72   72    1    1    1    1    1    1    1    1  2.99357E+14 0.00082 
   73   73    1    1    1    1    1    1    1    1  2.32440E+14 0.00099 
   74   74    1    1    1    1    1    1    1    1  1.89309E+14 0.00142 
   75   75    1    1    1    1    1    1    1    1  1.56869E+14 0.00136 
   76   76    1    1    1    1    1    1    1    1  1.81647E+14 0.00120 
   77   77    1    1    1    1    1    1    1    1  1.43197E+14 0.00149 
   78   78    1    1    1    1    1    1    1    1  1.11580E+14 0.00152 
   79   79    1    1    1    1    1    1    1    1  1.16128E+14 0.00183 
   80   80    1    1    1    1    1    1    1    1  8.65732E+13 0.00208 
   81   81    1    1    1    1    1    1    1    1  6.70330E+13 0.00214 
   82   82    1    1    1    1    1    1    1    1  5.17418E+13 0.00237 
   83   83    1    1    1    1    1    1    1    1  4.84268E+13 0.00263 
   84   84    1    1    1    1    1    1    1    1  3.48024E+13 0.00253 
   85   85    1    1    1    1    1    1    1    1  2.49890E+13 0.00339 
   86   86    1    1    1    1    1    1    1    1  2.35220E+13 0.00310 
   87   87    1    1    1    1    1    1    1    1  1.43411E+13 0.00579 
   88   88    1    1    1    1    1    1    1    1  9.71045E+12 0.00476 
   89   89    1    1    1    1    1    1    1    1  5.54773E+12 0.00947 
   90   90    1    1    1    1    1    1    1    1  3.72007E+12 0.00874 
   91   91    1    1    1    1    1    1    1    1  1.86395E+12 0.01413 
   92   92    1    1    1    1    1    1    1    1  8.84484E+11 0.01523 
   93   93    1    1    1    1    1    1    1    1  4.24262E+11 0.02371 
   94   94    1    1    1    1    1    1    1    1  2.16945E+11 0.02956 
   95   95    1    1    1    1    1    1    1    1  1.05255E+11 0.03842 
   96   96    1    1    1    1    1    1    1    1  4.62015E+10 0.07786 
   97   97    1    1    1    1    1    1    1    1  2.10647E+10 0.09644 
   98   98    1    1    1    1    1    1    1    1  9.49155E+09 0.19420 
   99   99    1    1    1    1    1    1    1    1  6.57503E+09 0.25911 
  100  100    1    1    1    1    1    1    1    1  6.17895E+09 0.19460 
];


