
DETdpaspec = [
    1    1    1    1    1    1    1    1    1    1  0.00000E+00 0.00000 
    2    2    1    1    1    1    1    1    1    1  0.00000E+00 0.00000 
    3    3    1    1    1    1    1    1    1    1  0.00000E+00 0.00000 
    4    4    1    1    1    1    1    1    1    1  0.00000E+00 0.00000 
    5    5    1    1    1    1    1    1    1    1  0.00000E+00 0.00000 
    6    6    1    1    1    1    1    1    1    1  0.00000E+00 0.00000 
    7    7    1    1    1    1    1    1    1    1  0.00000E+00 0.00000 
    8    8    1    1    1    1    1    1    1    1  0.00000E+00 0.00000 
    9    9    1    1    1    1    1    1    1    1  0.00000E+00 0.00000 
   10   10    1    1    1    1    1    1    1    1  0.00000E+00 0.00000 
   11   11    1    1    1    1    1    1    1    1  1.06333E+08 0.71329 
   12   12    1    1    1    1    1    1    1    1  9.26395E+07 0.66163 
   13   13    1    1    1    1    1    1    1    1  9.40294E+08 0.52182 
   14   14    1    1    1    1    1    1    1    1  1.81594E+09 0.42713 
   15   15    1    1    1    1    1    1    1    1  1.31815E+09 0.43403 
   16   16    1    1    1    1    1    1    1    1  1.36803E+09 0.35715 
   17   17    1    1    1    1    1    1    1    1  1.85485E+09 0.27305 
   18   18    1    1    1    1    1    1    1    1  2.35450E+09 0.25222 
   19   19    1    1    1    1    1    1    1    1  3.58267E+09 0.18201 
   20   20    1    1    1    1    1    1    1    1  9.88114E+09 0.18297 
   21   21    1    1    1    1    1    1    1    1  1.11176E+10 0.15399 
   22   22    1    1    1    1    1    1    1    1  3.22693E+10 0.09827 
   23   23    1    1    1    1    1    1    1    1  1.02818E+11 0.05875 
   24   24    1    1    1    1    1    1    1    1  2.99324E+11 0.03495 
   25   25    1    1    1    1    1    1    1    1  5.05427E+11 0.02509 
   26   26    1    1    1    1    1    1    1    1  1.07035E+12 0.01293 
   27   27    1    1    1    1    1    1    1    1  2.08954E+12 0.01073 
   28   28    1    1    1    1    1    1    1    1  4.42441E+12 0.00695 
   29   29    1    1    1    1    1    1    1    1  6.50495E+12 0.00689 
   30   30    1    1    1    1    1    1    1    1  1.24099E+13 0.00372 
   31   31    1    1    1    1    1    1    1    1  2.57291E+13 0.00318 
   32   32    1    1    1    1    1    1    1    1  3.54233E+13 0.00364 
   33   33    1    1    1    1    1    1    1    1  6.53331E+13 0.00239 
   34   34    1    1    1    1    1    1    1    1  7.75674E+13 0.00151 
   35   35    1    1    1    1    1    1    1    1  9.22065E+13 0.00125 
   36   36    1    1    1    1    1    1    1    1  6.72331E+13 0.00115 
   37   37    1    1    1    1    1    1    1    1  2.00502E+13 0.00140 
   38   38    1    1    1    1    1    1    1    1  1.00748E+14 0.00136 
   39   39    1    1    1    1    1    1    1    1  1.22734E+14 0.00113 
   40   40    1    1    1    1    1    1    1    1  2.06314E+14 0.00119 
   41   41    1    1    1    1    1    1    1    1  1.89395E+14 0.00116 
   42   42    1    1    1    1    1    1    1    1  3.51419E+14 0.00091 
   43   43    1    1    1    1    1    1    1    1  3.84180E+14 0.00083 
   44   44    1    1    1    1    1    1    1    1  4.99222E+14 0.00089 
   45   45    1    1    1    1    1    1    1    1  8.96764E+14 0.00079 
   46   46    1    1    1    1    1    1    1    1  4.67620E+14 0.00086 
   47   47    1    1    1    1    1    1    1    1  6.63814E+14 0.00066 
   48   48    1    1    1    1    1    1    1    1  9.29554E+14 0.00062 
   49   49    1    1    1    1    1    1    1    1  8.34047E+14 0.00072 
   50   50    1    1    1    1    1    1    1    1  1.31298E+15 0.00049 
   51   51    1    1    1    1    1    1    1    1  1.01769E+15 0.00077 
   52   52    1    1    1    1    1    1    1    1  1.18230E+15 0.00060 
   53   53    1    1    1    1    1    1    1    1  8.41222E+14 0.00067 
   54   54    1    1    1    1    1    1    1    1  1.04403E+15 0.00046 
   55   55    1    1    1    1    1    1    1    1  7.40305E+14 0.00064 
   56   56    1    1    1    1    1    1    1    1  1.01683E+14 0.00099 
   57   57    1    1    1    1    1    1    1    1  1.43675E+15 0.00070 
   58   58    1    1    1    1    1    1    1    1  6.49538E+14 0.00084 
   59   59    1    1    1    1    1    1    1    1  7.01842E+14 0.00078 
   60   60    1    1    1    1    1    1    1    1  5.69609E+14 0.00059 
   61   61    1    1    1    1    1    1    1    1  5.68850E+14 0.00060 
   62   62    1    1    1    1    1    1    1    1  5.74647E+14 0.00077 
   63   63    1    1    1    1    1    1    1    1  4.83252E+14 0.00073 
   64   64    1    1    1    1    1    1    1    1  3.83358E+14 0.00100 
   65   65    1    1    1    1    1    1    1    1  3.76247E+14 0.00094 
   66   66    1    1    1    1    1    1    1    1  3.00075E+14 0.00096 
   67   67    1    1    1    1    1    1    1    1  2.45382E+14 0.00106 
   68   68    1    1    1    1    1    1    1    1  2.15907E+14 0.00104 
   69   69    1    1    1    1    1    1    1    1  2.62664E+14 0.00104 
   70   70    1    1    1    1    1    1    1    1  2.24694E+14 0.00089 
   71   71    1    1    1    1    1    1    1    1  4.14123E+14 0.00069 
   72   72    1    1    1    1    1    1    1    1  2.99884E+14 0.00098 
   73   73    1    1    1    1    1    1    1    1  2.32146E+14 0.00122 
   74   74    1    1    1    1    1    1    1    1  1.90376E+14 0.00143 
   75   75    1    1    1    1    1    1    1    1  1.58576E+14 0.00156 
   76   76    1    1    1    1    1    1    1    1  1.84753E+14 0.00120 
   77   77    1    1    1    1    1    1    1    1  1.47151E+14 0.00148 
   78   78    1    1    1    1    1    1    1    1  1.15008E+14 0.00178 
   79   79    1    1    1    1    1    1    1    1  1.19587E+14 0.00216 
   80   80    1    1    1    1    1    1    1    1  8.95114E+13 0.00167 
   81   81    1    1    1    1    1    1    1    1  6.93392E+13 0.00162 
   82   82    1    1    1    1    1    1    1    1  5.37950E+13 0.00201 
   83   83    1    1    1    1    1    1    1    1  5.00829E+13 0.00220 
   84   84    1    1    1    1    1    1    1    1  3.59631E+13 0.00267 
   85   85    1    1    1    1    1    1    1    1  2.59006E+13 0.00329 
   86   86    1    1    1    1    1    1    1    1  2.44493E+13 0.00186 
   87   87    1    1    1    1    1    1    1    1  1.48986E+13 0.00320 
   88   88    1    1    1    1    1    1    1    1  9.99679E+12 0.00548 
   89   89    1    1    1    1    1    1    1    1  5.77286E+12 0.00683 
   90   90    1    1    1    1    1    1    1    1  3.76032E+12 0.00558 
   91   91    1    1    1    1    1    1    1    1  1.89274E+12 0.01410 
   92   92    1    1    1    1    1    1    1    1  9.25450E+11 0.01967 
   93   93    1    1    1    1    1    1    1    1  4.45244E+11 0.02386 
   94   94    1    1    1    1    1    1    1    1  2.21241E+11 0.03745 
   95   95    1    1    1    1    1    1    1    1  1.13541E+11 0.05441 
   96   96    1    1    1    1    1    1    1    1  4.77238E+10 0.06551 
   97   97    1    1    1    1    1    1    1    1  2.22021E+10 0.12595 
   98   98    1    1    1    1    1    1    1    1  1.09439E+10 0.11347 
   99   99    1    1    1    1    1    1    1    1  2.75735E+09 0.31049 
  100  100    1    1    1    1    1    1    1    1  4.05978E+09 0.21761 
];


