
DETdpaspec = [
    1    1    1    1    1    1    1    1    1    1  0.00000E+00 0.00000 
    2    2    1    1    1    1    1    1    1    1  0.00000E+00 0.00000 
    3    3    1    1    1    1    1    1    1    1  0.00000E+00 0.00000 
    4    4    1    1    1    1    1    1    1    1  0.00000E+00 0.00000 
    5    5    1    1    1    1    1    1    1    1  0.00000E+00 0.00000 
    6    6    1    1    1    1    1    1    1    1  0.00000E+00 0.00000 
    7    7    1    1    1    1    1    1    1    1  0.00000E+00 0.00000 
    8    8    1    1    1    1    1    1    1    1  0.00000E+00 0.00000 
    9    9    1    1    1    1    1    1    1    1  0.00000E+00 0.00000 
   10   10    1    1    1    1    1    1    1    1  0.00000E+00 0.00000 
   11   11    1    1    1    1    1    1    1    1  0.00000E+00 0.00000 
   12   12    1    1    1    1    1    1    1    1  9.95248E+07 0.77800 
   13   13    1    1    1    1    1    1    1    1  7.55955E+08 0.60448 
   14   14    1    1    1    1    1    1    1    1  1.49931E+09 0.42027 
   15   15    1    1    1    1    1    1    1    1  6.86224E+08 0.67597 
   16   16    1    1    1    1    1    1    1    1  5.81037E+08 0.33059 
   17   17    1    1    1    1    1    1    1    1  1.77870E+09 0.27709 
   18   18    1    1    1    1    1    1    1    1  2.40978E+09 0.24928 
   19   19    1    1    1    1    1    1    1    1  3.62798E+09 0.31432 
   20   20    1    1    1    1    1    1    1    1  1.00339E+10 0.19413 
   21   21    1    1    1    1    1    1    1    1  1.14205E+10 0.12349 
   22   22    1    1    1    1    1    1    1    1  4.52750E+10 0.06572 
   23   23    1    1    1    1    1    1    1    1  1.67575E+11 0.03783 
   24   24    1    1    1    1    1    1    1    1  4.48092E+11 0.02403 
   25   25    1    1    1    1    1    1    1    1  7.45626E+11 0.01706 
   26   26    1    1    1    1    1    1    1    1  1.51406E+12 0.01153 
   27   27    1    1    1    1    1    1    1    1  2.79133E+12 0.00874 
   28   28    1    1    1    1    1    1    1    1  5.64098E+12 0.00621 
   29   29    1    1    1    1    1    1    1    1  8.16461E+12 0.00515 
   30   30    1    1    1    1    1    1    1    1  1.50179E+13 0.00478 
   31   31    1    1    1    1    1    1    1    1  2.99975E+13 0.00353 
   32   32    1    1    1    1    1    1    1    1  4.00187E+13 0.00285 
   33   33    1    1    1    1    1    1    1    1  7.26083E+13 0.00146 
   34   34    1    1    1    1    1    1    1    1  8.48630E+13 0.00120 
   35   35    1    1    1    1    1    1    1    1  9.89187E+13 0.00112 
   36   36    1    1    1    1    1    1    1    1  7.09656E+13 0.00130 
   37   37    1    1    1    1    1    1    1    1  2.10376E+13 0.00120 
   38   38    1    1    1    1    1    1    1    1  1.05817E+14 0.00128 
   39   39    1    1    1    1    1    1    1    1  1.28379E+14 0.00126 
   40   40    1    1    1    1    1    1    1    1  2.15499E+14 0.00075 
   41   41    1    1    1    1    1    1    1    1  1.97065E+14 0.00100 
   42   42    1    1    1    1    1    1    1    1  3.64260E+14 0.00078 
   43   43    1    1    1    1    1    1    1    1  3.96560E+14 0.00084 
   44   44    1    1    1    1    1    1    1    1  5.13553E+14 0.00083 
   45   45    1    1    1    1    1    1    1    1  9.19066E+14 0.00065 
   46   46    1    1    1    1    1    1    1    1  4.76699E+14 0.00070 
   47   47    1    1    1    1    1    1    1    1  6.76626E+14 0.00071 
   48   48    1    1    1    1    1    1    1    1  9.43877E+14 0.00056 
   49   49    1    1    1    1    1    1    1    1  8.44758E+14 0.00050 
   50   50    1    1    1    1    1    1    1    1  1.32809E+15 0.00044 
   51   51    1    1    1    1    1    1    1    1  1.02523E+15 0.00048 
   52   52    1    1    1    1    1    1    1    1  1.19002E+15 0.00062 
   53   53    1    1    1    1    1    1    1    1  8.44017E+14 0.00096 
   54   54    1    1    1    1    1    1    1    1  1.04703E+15 0.00059 
   55   55    1    1    1    1    1    1    1    1  7.41011E+14 0.00045 
   56   56    1    1    1    1    1    1    1    1  1.01897E+14 0.00100 
   57   57    1    1    1    1    1    1    1    1  1.43858E+15 0.00050 
   58   58    1    1    1    1    1    1    1    1  6.50883E+14 0.00054 
   59   59    1    1    1    1    1    1    1    1  7.01975E+14 0.00060 
   60   60    1    1    1    1    1    1    1    1  5.69933E+14 0.00059 
   61   61    1    1    1    1    1    1    1    1  5.69055E+14 0.00059 
   62   62    1    1    1    1    1    1    1    1  5.73810E+14 0.00070 
   63   63    1    1    1    1    1    1    1    1  4.83423E+14 0.00067 
   64   64    1    1    1    1    1    1    1    1  3.81831E+14 0.00070 
   65   65    1    1    1    1    1    1    1    1  3.75320E+14 0.00089 
   66   66    1    1    1    1    1    1    1    1  2.99204E+14 0.00082 
   67   67    1    1    1    1    1    1    1    1  2.44624E+14 0.00117 
   68   68    1    1    1    1    1    1    1    1  2.15308E+14 0.00098 
   69   69    1    1    1    1    1    1    1    1  2.61079E+14 0.00148 
   70   70    1    1    1    1    1    1    1    1  2.23351E+14 0.00109 
   71   71    1    1    1    1    1    1    1    1  4.10020E+14 0.00089 
   72   72    1    1    1    1    1    1    1    1  2.96753E+14 0.00129 
   73   73    1    1    1    1    1    1    1    1  2.29909E+14 0.00103 
   74   74    1    1    1    1    1    1    1    1  1.88233E+14 0.00134 
   75   75    1    1    1    1    1    1    1    1  1.56992E+14 0.00132 
   76   76    1    1    1    1    1    1    1    1  1.82855E+14 0.00121 
   77   77    1    1    1    1    1    1    1    1  1.45560E+14 0.00106 
   78   78    1    1    1    1    1    1    1    1  1.14272E+14 0.00144 
   79   79    1    1    1    1    1    1    1    1  1.18876E+14 0.00161 
   80   80    1    1    1    1    1    1    1    1  8.90714E+13 0.00212 
   81   81    1    1    1    1    1    1    1    1  6.88415E+13 0.00180 
   82   82    1    1    1    1    1    1    1    1  5.31899E+13 0.00193 
   83   83    1    1    1    1    1    1    1    1  4.98186E+13 0.00234 
   84   84    1    1    1    1    1    1    1    1  3.56660E+13 0.00167 
   85   85    1    1    1    1    1    1    1    1  2.59444E+13 0.00300 
   86   86    1    1    1    1    1    1    1    1  2.40193E+13 0.00265 
   87   87    1    1    1    1    1    1    1    1  1.47363E+13 0.00394 
   88   88    1    1    1    1    1    1    1    1  9.85708E+12 0.00469 
   89   89    1    1    1    1    1    1    1    1  5.63067E+12 0.00784 
   90   90    1    1    1    1    1    1    1    1  3.72196E+12 0.00936 
   91   91    1    1    1    1    1    1    1    1  1.83536E+12 0.01154 
   92   92    1    1    1    1    1    1    1    1  8.82083E+11 0.01882 
   93   93    1    1    1    1    1    1    1    1  4.29580E+11 0.02335 
   94   94    1    1    1    1    1    1    1    1  2.02410E+11 0.03097 
   95   95    1    1    1    1    1    1    1    1  1.01206E+11 0.04760 
   96   96    1    1    1    1    1    1    1    1  4.88727E+10 0.04995 
   97   97    1    1    1    1    1    1    1    1  2.23791E+10 0.08730 
   98   98    1    1    1    1    1    1    1    1  1.00469E+10 0.14232 
   99   99    1    1    1    1    1    1    1    1  3.59918E+09 0.32797 
  100  100    1    1    1    1    1    1    1    1  3.86103E+09 0.30754 
];


