
DETdpaspec = [
    1    1    1    1    1    1    1    1    1    1  0.00000E+00 0.00000 
    2    2    1    1    1    1    1    1    1    1  0.00000E+00 0.00000 
    3    3    1    1    1    1    1    1    1    1  0.00000E+00 0.00000 
    4    4    1    1    1    1    1    1    1    1  0.00000E+00 0.00000 
    5    5    1    1    1    1    1    1    1    1  0.00000E+00 0.00000 
    6    6    1    1    1    1    1    1    1    1  0.00000E+00 0.00000 
    7    7    1    1    1    1    1    1    1    1  0.00000E+00 0.00000 
    8    8    1    1    1    1    1    1    1    1  0.00000E+00 0.00000 
    9    9    1    1    1    1    1    1    1    1  0.00000E+00 0.00000 
   10   10    1    1    1    1    1    1    1    1  6.39323E+08 0.92131 
   11   11    1    1    1    1    1    1    1    1  6.53909E+08 0.74251 
   12   12    1    1    1    1    1    1    1    1  2.47816E+09 0.47868 
   13   13    1    1    1    1    1    1    1    1  6.33812E+08 0.63061 
   14   14    1    1    1    1    1    1    1    1  8.32518E+08 0.59412 
   15   15    1    1    1    1    1    1    1    1  1.93045E+09 0.53308 
   16   16    1    1    1    1    1    1    1    1  2.71692E+09 0.36799 
   17   17    1    1    1    1    1    1    1    1  2.55836E+10 0.09188 
   18   18    1    1    1    1    1    1    1    1  5.85350E+10 0.07223 
   19   19    1    1    1    1    1    1    1    1  7.94936E+10 0.06780 
   20   20    1    1    1    1    1    1    1    1  4.28965E+11 0.02844 
   21   21    1    1    1    1    1    1    1    1  1.10914E+12 0.01895 
   22   22    1    1    1    1    1    1    1    1  2.92474E+12 0.01033 
   23   23    1    1    1    1    1    1    1    1  5.67801E+12 0.00622 
   24   24    1    1    1    1    1    1    1    1  8.71077E+12 0.00610 
   25   25    1    1    1    1    1    1    1    1  1.00817E+13 0.00550 
   26   26    1    1    1    1    1    1    1    1  1.50407E+13 0.00457 
   27   27    1    1    1    1    1    1    1    1  2.06557E+13 0.00271 
   28   28    1    1    1    1    1    1    1    1  2.81638E+13 0.00203 
   29   29    1    1    1    1    1    1    1    1  3.31804E+13 0.00377 
   30   30    1    1    1    1    1    1    1    1  4.99489E+13 0.00282 
   31   31    1    1    1    1    1    1    1    1  7.38614E+13 0.00182 
   32   32    1    1    1    1    1    1    1    1  8.53492E+13 0.00207 
   33   33    1    1    1    1    1    1    1    1  1.33960E+14 0.00188 
   34   34    1    1    1    1    1    1    1    1  1.42112E+14 0.00132 
   35   35    1    1    1    1    1    1    1    1  1.45950E+14 0.00128 
   36   36    1    1    1    1    1    1    1    1  9.67003E+13 0.00117 
   37   37    1    1    1    1    1    1    1    1  2.77570E+13 0.00082 
   38   38    1    1    1    1    1    1    1    1  1.38726E+14 0.00116 
   39   39    1    1    1    1    1    1    1    1  1.64101E+14 0.00116 
   40   40    1    1    1    1    1    1    1    1  2.67529E+14 0.00060 
   41   41    1    1    1    1    1    1    1    1  2.35691E+14 0.00105 
   42   42    1    1    1    1    1    1    1    1  4.26974E+14 0.00066 
   43   43    1    1    1    1    1    1    1    1  4.52270E+14 0.00101 
   44   44    1    1    1    1    1    1    1    1  5.70263E+14 0.00070 
   45   45    1    1    1    1    1    1    1    1  9.85297E+14 0.00065 
   46   46    1    1    1    1    1    1    1    1  4.93195E+14 0.00076 
   47   47    1    1    1    1    1    1    1    1  6.87297E+14 0.00066 
   48   48    1    1    1    1    1    1    1    1  9.34545E+14 0.00051 
   49   49    1    1    1    1    1    1    1    1  8.17152E+14 0.00048 
   50   50    1    1    1    1    1    1    1    1  1.25797E+15 0.00069 
   51   51    1    1    1    1    1    1    1    1  9.43602E+14 0.00064 
   52   52    1    1    1    1    1    1    1    1  1.08185E+15 0.00058 
   53   53    1    1    1    1    1    1    1    1  7.51365E+14 0.00083 
   54   54    1    1    1    1    1    1    1    1  9.23886E+14 0.00059 
   55   55    1    1    1    1    1    1    1    1  6.44832E+14 0.00097 
   56   56    1    1    1    1    1    1    1    1  8.79210E+13 0.00122 
   57   57    1    1    1    1    1    1    1    1  1.23126E+15 0.00053 
   58   58    1    1    1    1    1    1    1    1  5.52611E+14 0.00077 
   59   59    1    1    1    1    1    1    1    1  5.87817E+14 0.00090 
   60   60    1    1    1    1    1    1    1    1  4.73172E+14 0.00084 
   61   61    1    1    1    1    1    1    1    1  4.67970E+14 0.00088 
   62   62    1    1    1    1    1    1    1    1  4.69226E+14 0.00098 
   63   63    1    1    1    1    1    1    1    1  3.90797E+14 0.00091 
   64   64    1    1    1    1    1    1    1    1  3.05989E+14 0.00109 
   65   65    1    1    1    1    1    1    1    1  2.97273E+14 0.00086 
   66   66    1    1    1    1    1    1    1    1  2.34322E+14 0.00081 
   67   67    1    1    1    1    1    1    1    1  1.89782E+14 0.00117 
   68   68    1    1    1    1    1    1    1    1  1.66151E+14 0.00126 
   69   69    1    1    1    1    1    1    1    1  2.00346E+14 0.00126 
   70   70    1    1    1    1    1    1    1    1  1.70033E+14 0.00150 
   71   71    1    1    1    1    1    1    1    1  3.05274E+14 0.00114 
   72   72    1    1    1    1    1    1    1    1  2.17157E+14 0.00121 
   73   73    1    1    1    1    1    1    1    1  1.65931E+14 0.00192 
   74   74    1    1    1    1    1    1    1    1  1.35470E+14 0.00150 
   75   75    1    1    1    1    1    1    1    1  1.12336E+14 0.00153 
   76   76    1    1    1    1    1    1    1    1  1.30298E+14 0.00138 
   77   77    1    1    1    1    1    1    1    1  1.02849E+14 0.00212 
   78   78    1    1    1    1    1    1    1    1  8.00205E+13 0.00181 
   79   79    1    1    1    1    1    1    1    1  8.24142E+13 0.00131 
   80   80    1    1    1    1    1    1    1    1  6.10563E+13 0.00175 
   81   81    1    1    1    1    1    1    1    1  4.68263E+13 0.00232 
   82   82    1    1    1    1    1    1    1    1  3.55833E+13 0.00317 
   83   83    1    1    1    1    1    1    1    1  3.28178E+13 0.00173 
   84   84    1    1    1    1    1    1    1    1  2.31685E+13 0.00426 
   85   85    1    1    1    1    1    1    1    1  1.65315E+13 0.00348 
   86   86    1    1    1    1    1    1    1    1  1.50909E+13 0.00344 
   87   87    1    1    1    1    1    1    1    1  9.05630E+12 0.00524 
   88   88    1    1    1    1    1    1    1    1  5.88387E+12 0.00578 
   89   89    1    1    1    1    1    1    1    1  3.24366E+12 0.00699 
   90   90    1    1    1    1    1    1    1    1  2.08387E+12 0.01014 
   91   91    1    1    1    1    1    1    1    1  9.98772E+11 0.01842 
   92   92    1    1    1    1    1    1    1    1  4.69308E+11 0.02238 
   93   93    1    1    1    1    1    1    1    1  2.11489E+11 0.02223 
   94   94    1    1    1    1    1    1    1    1  8.99668E+10 0.05207 
   95   95    1    1    1    1    1    1    1    1  4.60464E+10 0.07628 
   96   96    1    1    1    1    1    1    1    1  1.60045E+10 0.06059 
   97   97    1    1    1    1    1    1    1    1  9.57624E+09 0.14429 
   98   98    1    1    1    1    1    1    1    1  3.61351E+09 0.20128 
   99   99    1    1    1    1    1    1    1    1  1.08114E+09 0.49677 
  100  100    1    1    1    1    1    1    1    1  1.35908E+09 0.39417 
];


