
DETdpaspec = [
    1    1    1    1    1    1    1    1    1    1  0.00000E+00 0.00000 
    2    2    1    1    1    1    1    1    1    1  0.00000E+00 0.00000 
    3    3    1    1    1    1    1    1    1    1  0.00000E+00 0.00000 
    4    4    1    1    1    1    1    1    1    1  0.00000E+00 0.00000 
    5    5    1    1    1    1    1    1    1    1  0.00000E+00 0.00000 
    6    6    1    1    1    1    1    1    1    1  6.32041E+06 1.00000 
    7    7    1    1    1    1    1    1    1    1  0.00000E+00 0.00000 
    8    8    1    1    1    1    1    1    1    1  0.00000E+00 0.00000 
    9    9    1    1    1    1    1    1    1    1  0.00000E+00 0.00000 
   10   10    1    1    1    1    1    1    1    1  0.00000E+00 0.00000 
   11   11    1    1    1    1    1    1    1    1  0.00000E+00 0.00000 
   12   12    1    1    1    1    1    1    1    1  1.38070E+07 0.59974 
   13   13    1    1    1    1    1    1    1    1  9.40872E+08 0.41153 
   14   14    1    1    1    1    1    1    1    1  7.53354E+08 0.35770 
   15   15    1    1    1    1    1    1    1    1  7.65487E+08 0.52945 
   16   16    1    1    1    1    1    1    1    1  6.49274E+08 0.27291 
   17   17    1    1    1    1    1    1    1    1  8.51537E+08 0.29304 
   18   18    1    1    1    1    1    1    1    1  4.41621E+09 0.37294 
   19   19    1    1    1    1    1    1    1    1  4.85795E+09 0.16529 
   20   20    1    1    1    1    1    1    1    1  1.47807E+10 0.07416 
   21   21    1    1    1    1    1    1    1    1  1.08486E+10 0.12174 
   22   22    1    1    1    1    1    1    1    1  2.78645E+10 0.06194 
   23   23    1    1    1    1    1    1    1    1  5.46511E+10 0.05573 
   24   24    1    1    1    1    1    1    1    1  1.22495E+11 0.05348 
   25   25    1    1    1    1    1    1    1    1  1.97361E+11 0.03493 
   26   26    1    1    1    1    1    1    1    1  4.24647E+11 0.02538 
   27   27    1    1    1    1    1    1    1    1  8.82728E+11 0.01628 
   28   28    1    1    1    1    1    1    1    1  2.00480E+12 0.01100 
   29   29    1    1    1    1    1    1    1    1  3.07260E+12 0.00735 
   30   30    1    1    1    1    1    1    1    1  6.98979E+12 0.00532 
   31   31    1    1    1    1    1    1    1    1  1.63000E+13 0.00361 
   32   32    1    1    1    1    1    1    1    1  2.39619E+13 0.00321 
   33   33    1    1    1    1    1    1    1    1  4.70180E+13 0.00348 
   34   34    1    1    1    1    1    1    1    1  5.65824E+13 0.00289 
   35   35    1    1    1    1    1    1    1    1  7.40180E+13 0.00197 
   36   36    1    1    1    1    1    1    1    1  5.64921E+13 0.00135 
   37   37    1    1    1    1    1    1    1    1  1.72583E+13 0.00167 
   38   38    1    1    1    1    1    1    1    1  8.59716E+13 0.00146 
   39   39    1    1    1    1    1    1    1    1  1.05870E+14 0.00164 
   40   40    1    1    1    1    1    1    1    1  1.78610E+14 0.00153 
   41   41    1    1    1    1    1    1    1    1  1.68767E+14 0.00148 
   42   42    1    1    1    1    1    1    1    1  3.12699E+14 0.00076 
   43   43    1    1    1    1    1    1    1    1  3.45568E+14 0.00089 
   44   44    1    1    1    1    1    1    1    1  4.52589E+14 0.00127 
   45   45    1    1    1    1    1    1    1    1  8.20703E+14 0.00076 
   46   46    1    1    1    1    1    1    1    1  4.33452E+14 0.00063 
   47   47    1    1    1    1    1    1    1    1  6.23337E+14 0.00061 
   48   48    1    1    1    1    1    1    1    1  8.78093E+14 0.00067 
   49   49    1    1    1    1    1    1    1    1  7.98514E+14 0.00047 
   50   50    1    1    1    1    1    1    1    1  1.25170E+15 0.00049 
   51   51    1    1    1    1    1    1    1    1  9.84852E+14 0.00056 
   52   52    1    1    1    1    1    1    1    1  1.13787E+15 0.00073 
   53   53    1    1    1    1    1    1    1    1  8.14695E+14 0.00052 
   54   54    1    1    1    1    1    1    1    1  1.00436E+15 0.00050 
   55   55    1    1    1    1    1    1    1    1  7.15103E+14 0.00057 
   56   56    1    1    1    1    1    1    1    1  9.87007E+13 0.00110 
   57   57    1    1    1    1    1    1    1    1  1.39717E+15 0.00058 
   58   58    1    1    1    1    1    1    1    1  6.24698E+14 0.00072 
   59   59    1    1    1    1    1    1    1    1  6.80914E+14 0.00077 
   60   60    1    1    1    1    1    1    1    1  5.47836E+14 0.00070 
   61   61    1    1    1    1    1    1    1    1  5.48191E+14 0.00069 
   62   62    1    1    1    1    1    1    1    1  5.54037E+14 0.00078 
   63   63    1    1    1    1    1    1    1    1  4.65609E+14 0.00077 
   64   64    1    1    1    1    1    1    1    1  3.69150E+14 0.00091 
   65   65    1    1    1    1    1    1    1    1  3.63934E+14 0.00073 
   66   66    1    1    1    1    1    1    1    1  2.89918E+14 0.00123 
   67   67    1    1    1    1    1    1    1    1  2.38276E+14 0.00081 
   68   68    1    1    1    1    1    1    1    1  2.10069E+14 0.00084 
   69   69    1    1    1    1    1    1    1    1  2.56508E+14 0.00103 
   70   70    1    1    1    1    1    1    1    1  2.19851E+14 0.00106 
   71   71    1    1    1    1    1    1    1    1  4.09051E+14 0.00098 
   72   72    1    1    1    1    1    1    1    1  2.97765E+14 0.00111 
   73   73    1    1    1    1    1    1    1    1  2.30247E+14 0.00126 
   74   74    1    1    1    1    1    1    1    1  1.87838E+14 0.00118 
   75   75    1    1    1    1    1    1    1    1  1.55460E+14 0.00106 
   76   76    1    1    1    1    1    1    1    1  1.79669E+14 0.00164 
   77   77    1    1    1    1    1    1    1    1  1.41787E+14 0.00143 
   78   78    1    1    1    1    1    1    1    1  1.10112E+14 0.00145 
   79   79    1    1    1    1    1    1    1    1  1.14377E+14 0.00139 
   80   80    1    1    1    1    1    1    1    1  8.55094E+13 0.00197 
   81   81    1    1    1    1    1    1    1    1  6.60431E+13 0.00200 
   82   82    1    1    1    1    1    1    1    1  5.10167E+13 0.00218 
   83   83    1    1    1    1    1    1    1    1  4.76571E+13 0.00216 
   84   84    1    1    1    1    1    1    1    1  3.42767E+13 0.00314 
   85   85    1    1    1    1    1    1    1    1  2.46606E+13 0.00316 
   86   86    1    1    1    1    1    1    1    1  2.31723E+13 0.00314 
   87   87    1    1    1    1    1    1    1    1  1.40989E+13 0.00337 
   88   88    1    1    1    1    1    1    1    1  9.57371E+12 0.00552 
   89   89    1    1    1    1    1    1    1    1  5.47270E+12 0.00777 
   90   90    1    1    1    1    1    1    1    1  3.60295E+12 0.00869 
   91   91    1    1    1    1    1    1    1    1  1.81166E+12 0.01542 
   92   92    1    1    1    1    1    1    1    1  8.94514E+11 0.01365 
   93   93    1    1    1    1    1    1    1    1  4.54739E+11 0.02170 
   94   94    1    1    1    1    1    1    1    1  2.05252E+11 0.03629 
   95   95    1    1    1    1    1    1    1    1  1.00822E+11 0.06007 
   96   96    1    1    1    1    1    1    1    1  5.19009E+10 0.08090 
   97   97    1    1    1    1    1    1    1    1  2.23128E+10 0.09203 
   98   98    1    1    1    1    1    1    1    1  1.27193E+10 0.14526 
   99   99    1    1    1    1    1    1    1    1  6.16767E+09 0.21786 
  100  100    1    1    1    1    1    1    1    1  4.72736E+09 0.23961 
];


