
DETdpaspec = [
    1    1    1    1    1    1    1    1    1    1  0.00000E+00 0.00000 
    2    2    1    1    1    1    1    1    1    1  0.00000E+00 0.00000 
    3    3    1    1    1    1    1    1    1    1  0.00000E+00 0.00000 
    4    4    1    1    1    1    1    1    1    1  0.00000E+00 0.00000 
    5    5    1    1    1    1    1    1    1    1  0.00000E+00 0.00000 
    6    6    1    1    1    1    1    1    1    1  0.00000E+00 0.00000 
    7    7    1    1    1    1    1    1    1    1  0.00000E+00 0.00000 
    8    8    1    1    1    1    1    1    1    1  0.00000E+00 0.00000 
    9    9    1    1    1    1    1    1    1    1  0.00000E+00 0.00000 
   10   10    1    1    1    1    1    1    1    1  0.00000E+00 0.00000 
   11   11    1    1    1    1    1    1    1    1  0.00000E+00 0.00000 
   12   12    1    1    1    1    1    1    1    1  4.30361E+07 1.00000 
   13   13    1    1    1    1    1    1    1    1  3.64646E+08 0.56239 
   14   14    1    1    1    1    1    1    1    1  1.70320E+08 0.72970 
   15   15    1    1    1    1    1    1    1    1  3.44451E+08 0.68826 
   16   16    1    1    1    1    1    1    1    1  9.32123E+07 1.00000 
   17   17    1    1    1    1    1    1    1    1  1.16099E+09 0.38221 
   18   18    1    1    1    1    1    1    1    1  2.51238E+09 0.24394 
   19   19    1    1    1    1    1    1    1    1  4.19861E+09 0.21387 
   20   20    1    1    1    1    1    1    1    1  1.91161E+10 0.11612 
   21   21    1    1    1    1    1    1    1    1  4.64088E+10 0.06936 
   22   22    1    1    1    1    1    1    1    1  1.93192E+11 0.03224 
   23   23    1    1    1    1    1    1    1    1  6.82509E+11 0.01629 
   24   24    1    1    1    1    1    1    1    1  1.65414E+12 0.01270 
   25   25    1    1    1    1    1    1    1    1  2.37676E+12 0.01020 
   26   26    1    1    1    1    1    1    1    1  4.18034E+12 0.00805 
   27   27    1    1    1    1    1    1    1    1  6.85319E+12 0.00663 
   28   28    1    1    1    1    1    1    1    1  1.18092E+13 0.00576 
   29   29    1    1    1    1    1    1    1    1  1.58697E+13 0.00358 
   30   30    1    1    1    1    1    1    1    1  2.61799E+13 0.00329 
   31   31    1    1    1    1    1    1    1    1  4.61386E+13 0.00346 
   32   32    1    1    1    1    1    1    1    1  5.78522E+13 0.00201 
   33   33    1    1    1    1    1    1    1    1  9.84010E+13 0.00140 
   34   34    1    1    1    1    1    1    1    1  1.10994E+14 0.00112 
   35   35    1    1    1    1    1    1    1    1  1.21186E+14 0.00139 
   36   36    1    1    1    1    1    1    1    1  8.39319E+13 0.00154 
   37   37    1    1    1    1    1    1    1    1  2.45352E+13 0.00129 
   38   38    1    1    1    1    1    1    1    1  1.23005E+14 0.00136 
   39   39    1    1    1    1    1    1    1    1  1.47463E+14 0.00102 
   40   40    1    1    1    1    1    1    1    1  2.45188E+14 0.00118 
   41   41    1    1    1    1    1    1    1    1  2.19943E+14 0.00082 
   42   42    1    1    1    1    1    1    1    1  4.03511E+14 0.00085 
   43   43    1    1    1    1    1    1    1    1  4.34484E+14 0.00076 
   44   44    1    1    1    1    1    1    1    1  5.56188E+14 0.00077 
   45   45    1    1    1    1    1    1    1    1  9.83219E+14 0.00050 
   46   46    1    1    1    1    1    1    1    1  5.02938E+14 0.00084 
   47   47    1    1    1    1    1    1    1    1  7.07705E+14 0.00077 
   48   48    1    1    1    1    1    1    1    1  9.78168E+14 0.00051 
   49   49    1    1    1    1    1    1    1    1  8.66870E+14 0.00059 
   50   50    1    1    1    1    1    1    1    1  1.35423E+15 0.00047 
   51   51    1    1    1    1    1    1    1    1  1.03374E+15 0.00042 
   52   52    1    1    1    1    1    1    1    1  1.19627E+15 0.00048 
   53   53    1    1    1    1    1    1    1    1  8.44001E+14 0.00077 
   54   54    1    1    1    1    1    1    1    1  1.04425E+15 0.00049 
   55   55    1    1    1    1    1    1    1    1  7.35928E+14 0.00063 
   56   56    1    1    1    1    1    1    1    1  1.00771E+14 0.00124 
   57   57    1    1    1    1    1    1    1    1  1.42056E+15 0.00040 
   58   58    1    1    1    1    1    1    1    1  6.41792E+14 0.00059 
   59   59    1    1    1    1    1    1    1    1  6.89166E+14 0.00063 
   60   60    1    1    1    1    1    1    1    1  5.59928E+14 0.00064 
   61   61    1    1    1    1    1    1    1    1  5.57271E+14 0.00054 
   62   62    1    1    1    1    1    1    1    1  5.61055E+14 0.00064 
   63   63    1    1    1    1    1    1    1    1  4.70890E+14 0.00055 
   64   64    1    1    1    1    1    1    1    1  3.71994E+14 0.00091 
   65   65    1    1    1    1    1    1    1    1  3.64409E+14 0.00092 
   66   66    1    1    1    1    1    1    1    1  2.89870E+14 0.00084 
   67   67    1    1    1    1    1    1    1    1  2.35784E+14 0.00082 
   68   68    1    1    1    1    1    1    1    1  2.07160E+14 0.00106 
   69   69    1    1    1    1    1    1    1    1  2.50786E+14 0.00085 
   70   70    1    1    1    1    1    1    1    1  2.14135E+14 0.00115 
   71   71    1    1    1    1    1    1    1    1  3.90559E+14 0.00087 
   72   72    1    1    1    1    1    1    1    1  2.81272E+14 0.00106 
   73   73    1    1    1    1    1    1    1    1  2.16963E+14 0.00118 
   74   74    1    1    1    1    1    1    1    1  1.78245E+14 0.00125 
   75   75    1    1    1    1    1    1    1    1  1.48436E+14 0.00134 
   76   76    1    1    1    1    1    1    1    1  1.73242E+14 0.00154 
   77   77    1    1    1    1    1    1    1    1  1.38246E+14 0.00146 
   78   78    1    1    1    1    1    1    1    1  1.08317E+14 0.00143 
   79   79    1    1    1    1    1    1    1    1  1.12500E+14 0.00148 
   80   80    1    1    1    1    1    1    1    1  8.41963E+13 0.00168 
   81   81    1    1    1    1    1    1    1    1  6.51707E+13 0.00189 
   82   82    1    1    1    1    1    1    1    1  5.02362E+13 0.00222 
   83   83    1    1    1    1    1    1    1    1  4.68383E+13 0.00261 
   84   84    1    1    1    1    1    1    1    1  3.34122E+13 0.00186 
   85   85    1    1    1    1    1    1    1    1  2.41426E+13 0.00301 
   86   86    1    1    1    1    1    1    1    1  2.25294E+13 0.00384 
   87   87    1    1    1    1    1    1    1    1  1.37965E+13 0.00464 
   88   88    1    1    1    1    1    1    1    1  9.25392E+12 0.00530 
   89   89    1    1    1    1    1    1    1    1  5.23362E+12 0.00588 
   90   90    1    1    1    1    1    1    1    1  3.43147E+12 0.00929 
   91   91    1    1    1    1    1    1    1    1  1.72930E+12 0.01262 
   92   92    1    1    1    1    1    1    1    1  7.98991E+11 0.01421 
   93   93    1    1    1    1    1    1    1    1  3.73836E+11 0.02994 
   94   94    1    1    1    1    1    1    1    1  1.83569E+11 0.02657 
   95   95    1    1    1    1    1    1    1    1  8.85349E+10 0.05414 
   96   96    1    1    1    1    1    1    1    1  4.05045E+10 0.07898 
   97   97    1    1    1    1    1    1    1    1  1.64836E+10 0.14600 
   98   98    1    1    1    1    1    1    1    1  8.34120E+09 0.12545 
   99   99    1    1    1    1    1    1    1    1  3.41113E+09 0.18366 
  100  100    1    1    1    1    1    1    1    1  3.08243E+09 0.24824 
];


