
DETdpaspec = [
    1    1    1    1    1    1    1    1    1    1  0.00000E+00 0.00000 
    2    2    1    1    1    1    1    1    1    1  0.00000E+00 0.00000 
    3    3    1    1    1    1    1    1    1    1  0.00000E+00 0.00000 
    4    4    1    1    1    1    1    1    1    1  0.00000E+00 0.00000 
    5    5    1    1    1    1    1    1    1    1  0.00000E+00 0.00000 
    6    6    1    1    1    1    1    1    1    1  0.00000E+00 0.00000 
    7    7    1    1    1    1    1    1    1    1  0.00000E+00 0.00000 
    8    8    1    1    1    1    1    1    1    1  0.00000E+00 0.00000 
    9    9    1    1    1    1    1    1    1    1  0.00000E+00 0.00000 
   10   10    1    1    1    1    1    1    1    1  2.94897E+07 1.00000 
   11   11    1    1    1    1    1    1    1    1  2.07068E+08 0.73205 
   12   12    1    1    1    1    1    1    1    1  6.55606E+07 0.54750 
   13   13    1    1    1    1    1    1    1    1  8.51740E+08 0.35443 
   14   14    1    1    1    1    1    1    1    1  2.08439E+09 0.45225 
   15   15    1    1    1    1    1    1    1    1  1.77599E+09 0.43762 
   16   16    1    1    1    1    1    1    1    1  7.98820E+08 0.29163 
   17   17    1    1    1    1    1    1    1    1  1.02118E+09 0.27203 
   18   18    1    1    1    1    1    1    1    1  4.36208E+09 0.20990 
   19   19    1    1    1    1    1    1    1    1  4.19735E+09 0.17378 
   20   20    1    1    1    1    1    1    1    1  1.61577E+10 0.12723 
   21   21    1    1    1    1    1    1    1    1  1.23441E+10 0.13136 
   22   22    1    1    1    1    1    1    1    1  2.56450E+10 0.07815 
   23   23    1    1    1    1    1    1    1    1  5.66937E+10 0.06705 
   24   24    1    1    1    1    1    1    1    1  1.31296E+11 0.03490 
   25   25    1    1    1    1    1    1    1    1  2.46286E+11 0.03008 
   26   26    1    1    1    1    1    1    1    1  5.23364E+11 0.01628 
   27   27    1    1    1    1    1    1    1    1  1.07695E+12 0.01643 
   28   28    1    1    1    1    1    1    1    1  2.43676E+12 0.01216 
   29   29    1    1    1    1    1    1    1    1  3.69813E+12 0.00831 
   30   30    1    1    1    1    1    1    1    1  8.07749E+12 0.00621 
   31   31    1    1    1    1    1    1    1    1  1.83582E+13 0.00394 
   32   32    1    1    1    1    1    1    1    1  2.63565E+13 0.00391 
   33   33    1    1    1    1    1    1    1    1  5.14117E+13 0.00172 
   34   34    1    1    1    1    1    1    1    1  6.14679E+13 0.00182 
   35   35    1    1    1    1    1    1    1    1  7.83303E+13 0.00169 
   36   36    1    1    1    1    1    1    1    1  5.89235E+13 0.00154 
   37   37    1    1    1    1    1    1    1    1  1.78368E+13 0.00191 
   38   38    1    1    1    1    1    1    1    1  8.92187E+13 0.00178 
   39   39    1    1    1    1    1    1    1    1  1.09787E+14 0.00117 
   40   40    1    1    1    1    1    1    1    1  1.85473E+14 0.00087 
   41   41    1    1    1    1    1    1    1    1  1.73561E+14 0.00089 
   42   42    1    1    1    1    1    1    1    1  3.22040E+14 0.00104 
   43   43    1    1    1    1    1    1    1    1  3.55282E+14 0.00074 
   44   44    1    1    1    1    1    1    1    1  4.65324E+14 0.00070 
   45   45    1    1    1    1    1    1    1    1  8.40616E+14 0.00065 
   46   46    1    1    1    1    1    1    1    1  4.42541E+14 0.00069 
   47   47    1    1    1    1    1    1    1    1  6.35219E+14 0.00044 
   48   48    1    1    1    1    1    1    1    1  8.93695E+14 0.00055 
   49   49    1    1    1    1    1    1    1    1  8.08871E+14 0.00048 
   50   50    1    1    1    1    1    1    1    1  1.27188E+15 0.00038 
   51   51    1    1    1    1    1    1    1    1  9.96781E+14 0.00059 
   52   52    1    1    1    1    1    1    1    1  1.15570E+15 0.00047 
   53   53    1    1    1    1    1    1    1    1  8.25786E+14 0.00066 
   54   54    1    1    1    1    1    1    1    1  1.02235E+15 0.00061 
   55   55    1    1    1    1    1    1    1    1  7.27452E+14 0.00067 
   56   56    1    1    1    1    1    1    1    1  1.00091E+14 0.00125 
   57   57    1    1    1    1    1    1    1    1  1.41802E+15 0.00055 
   58   58    1    1    1    1    1    1    1    1  6.37442E+14 0.00054 
   59   59    1    1    1    1    1    1    1    1  6.91409E+14 0.00065 
   60   60    1    1    1    1    1    1    1    1  5.58658E+14 0.00070 
   61   61    1    1    1    1    1    1    1    1  5.58771E+14 0.00087 
   62   62    1    1    1    1    1    1    1    1  5.64168E+14 0.00073 
   63   63    1    1    1    1    1    1    1    1  4.75292E+14 0.00091 
   64   64    1    1    1    1    1    1    1    1  3.76767E+14 0.00095 
   65   65    1    1    1    1    1    1    1    1  3.71197E+14 0.00113 
   66   66    1    1    1    1    1    1    1    1  2.95751E+14 0.00103 
   67   67    1    1    1    1    1    1    1    1  2.42891E+14 0.00107 
   68   68    1    1    1    1    1    1    1    1  2.13860E+14 0.00110 
   69   69    1    1    1    1    1    1    1    1  2.60034E+14 0.00116 
   70   70    1    1    1    1    1    1    1    1  2.23688E+14 0.00122 
   71   71    1    1    1    1    1    1    1    1  4.14284E+14 0.00063 
   72   72    1    1    1    1    1    1    1    1  3.01707E+14 0.00084 
   73   73    1    1    1    1    1    1    1    1  2.33353E+14 0.00135 
   74   74    1    1    1    1    1    1    1    1  1.90619E+14 0.00116 
   75   75    1    1    1    1    1    1    1    1  1.58522E+14 0.00095 
   76   76    1    1    1    1    1    1    1    1  1.83650E+14 0.00092 
   77   77    1    1    1    1    1    1    1    1  1.45079E+14 0.00109 
   78   78    1    1    1    1    1    1    1    1  1.13910E+14 0.00167 
   79   79    1    1    1    1    1    1    1    1  1.17808E+14 0.00174 
   80   80    1    1    1    1    1    1    1    1  8.81909E+13 0.00194 
   81   81    1    1    1    1    1    1    1    1  6.80763E+13 0.00199 
   82   82    1    1    1    1    1    1    1    1  5.27103E+13 0.00264 
   83   83    1    1    1    1    1    1    1    1  4.92858E+13 0.00212 
   84   84    1    1    1    1    1    1    1    1  3.54372E+13 0.00266 
   85   85    1    1    1    1    1    1    1    1  2.55418E+13 0.00307 
   86   86    1    1    1    1    1    1    1    1  2.38979E+13 0.00386 
   87   87    1    1    1    1    1    1    1    1  1.47795E+13 0.00431 
   88   88    1    1    1    1    1    1    1    1  9.77993E+12 0.00565 
   89   89    1    1    1    1    1    1    1    1  5.62877E+12 0.00478 
   90   90    1    1    1    1    1    1    1    1  3.78069E+12 0.01022 
   91   91    1    1    1    1    1    1    1    1  1.90691E+12 0.00919 
   92   92    1    1    1    1    1    1    1    1  9.20178E+11 0.01642 
   93   93    1    1    1    1    1    1    1    1  4.41103E+11 0.02552 
   94   94    1    1    1    1    1    1    1    1  1.98687E+11 0.03212 
   95   95    1    1    1    1    1    1    1    1  1.05074E+11 0.02864 
   96   96    1    1    1    1    1    1    1    1  5.05821E+10 0.06265 
   97   97    1    1    1    1    1    1    1    1  2.13579E+10 0.12770 
   98   98    1    1    1    1    1    1    1    1  1.24027E+10 0.14824 
   99   99    1    1    1    1    1    1    1    1  3.95323E+09 0.25607 
  100  100    1    1    1    1    1    1    1    1  3.51967E+09 0.24457 
];


