
DETdpaspec = [
    1    1    1    1    1    1    1    1    1    1  0.00000E+00 0.00000 
    2    2    1    1    1    1    1    1    1    1  0.00000E+00 0.00000 
    3    3    1    1    1    1    1    1    1    1  0.00000E+00 0.00000 
    4    4    1    1    1    1    1    1    1    1  0.00000E+00 0.00000 
    5    5    1    1    1    1    1    1    1    1  0.00000E+00 0.00000 
    6    6    1    1    1    1    1    1    1    1  0.00000E+00 0.00000 
    7    7    1    1    1    1    1    1    1    1  0.00000E+00 0.00000 
    8    8    1    1    1    1    1    1    1    1  0.00000E+00 0.00000 
    9    9    1    1    1    1    1    1    1    1  6.65983E+06 1.00000 
   10   10    1    1    1    1    1    1    1    1  6.81815E+07 0.70267 
   11   11    1    1    1    1    1    1    1    1  9.32372E+07 1.00000 
   12   12    1    1    1    1    1    1    1    1  2.04217E+07 0.92224 
   13   13    1    1    1    1    1    1    1    1  1.91454E+09 0.36519 
   14   14    1    1    1    1    1    1    1    1  1.93738E+09 0.32090 
   15   15    1    1    1    1    1    1    1    1  2.71185E+09 0.33303 
   16   16    1    1    1    1    1    1    1    1  1.20457E+09 0.32107 
   17   17    1    1    1    1    1    1    1    1  9.98216E+08 0.33133 
   18   18    1    1    1    1    1    1    1    1  2.43624E+09 0.28148 
   19   19    1    1    1    1    1    1    1    1  4.10362E+09 0.15626 
   20   20    1    1    1    1    1    1    1    1  1.28988E+10 0.11239 
   21   21    1    1    1    1    1    1    1    1  8.85584E+09 0.13545 
   22   22    1    1    1    1    1    1    1    1  2.33134E+10 0.09442 
   23   23    1    1    1    1    1    1    1    1  5.59973E+10 0.07539 
   24   24    1    1    1    1    1    1    1    1  1.41982E+11 0.04353 
   25   25    1    1    1    1    1    1    1    1  2.55781E+11 0.01961 
   26   26    1    1    1    1    1    1    1    1  5.33534E+11 0.01678 
   27   27    1    1    1    1    1    1    1    1  1.13249E+12 0.01615 
   28   28    1    1    1    1    1    1    1    1  2.49853E+12 0.00720 
   29   29    1    1    1    1    1    1    1    1  3.81305E+12 0.00687 
   30   30    1    1    1    1    1    1    1    1  8.12673E+12 0.00612 
   31   31    1    1    1    1    1    1    1    1  1.83065E+13 0.00416 
   32   32    1    1    1    1    1    1    1    1  2.65826E+13 0.00341 
   33   33    1    1    1    1    1    1    1    1  5.15680E+13 0.00230 
   34   34    1    1    1    1    1    1    1    1  6.18637E+13 0.00184 
   35   35    1    1    1    1    1    1    1    1  7.84192E+13 0.00164 
   36   36    1    1    1    1    1    1    1    1  5.91149E+13 0.00119 
   37   37    1    1    1    1    1    1    1    1  1.79463E+13 0.00144 
   38   38    1    1    1    1    1    1    1    1  8.95740E+13 0.00169 
   39   39    1    1    1    1    1    1    1    1  1.10079E+14 0.00127 
   40   40    1    1    1    1    1    1    1    1  1.85978E+14 0.00103 
   41   41    1    1    1    1    1    1    1    1  1.74345E+14 0.00123 
   42   42    1    1    1    1    1    1    1    1  3.23248E+14 0.00110 
   43   43    1    1    1    1    1    1    1    1  3.56435E+14 0.00089 
   44   44    1    1    1    1    1    1    1    1  4.66072E+14 0.00088 
   45   45    1    1    1    1    1    1    1    1  8.41316E+14 0.00064 
   46   46    1    1    1    1    1    1    1    1  4.43512E+14 0.00093 
   47   47    1    1    1    1    1    1    1    1  6.35817E+14 0.00084 
   48   48    1    1    1    1    1    1    1    1  8.94036E+14 0.00061 
   49   49    1    1    1    1    1    1    1    1  8.10561E+14 0.00040 
   50   50    1    1    1    1    1    1    1    1  1.27275E+15 0.00059 
   51   51    1    1    1    1    1    1    1    1  9.97209E+14 0.00061 
   52   52    1    1    1    1    1    1    1    1  1.15552E+15 0.00055 
   53   53    1    1    1    1    1    1    1    1  8.26332E+14 0.00067 
   54   54    1    1    1    1    1    1    1    1  1.02159E+15 0.00044 
   55   55    1    1    1    1    1    1    1    1  7.27708E+14 0.00087 
   56   56    1    1    1    1    1    1    1    1  1.00099E+14 0.00141 
   57   57    1    1    1    1    1    1    1    1  1.41704E+15 0.00063 
   58   58    1    1    1    1    1    1    1    1  6.37193E+14 0.00084 
   59   59    1    1    1    1    1    1    1    1  6.91876E+14 0.00062 
   60   60    1    1    1    1    1    1    1    1  5.58453E+14 0.00070 
   61   61    1    1    1    1    1    1    1    1  5.59087E+14 0.00086 
   62   62    1    1    1    1    1    1    1    1  5.64719E+14 0.00078 
   63   63    1    1    1    1    1    1    1    1  4.76233E+14 0.00091 
   64   64    1    1    1    1    1    1    1    1  3.77670E+14 0.00089 
   65   65    1    1    1    1    1    1    1    1  3.71443E+14 0.00089 
   66   66    1    1    1    1    1    1    1    1  2.96065E+14 0.00084 
   67   67    1    1    1    1    1    1    1    1  2.42636E+14 0.00112 
   68   68    1    1    1    1    1    1    1    1  2.13999E+14 0.00102 
   69   69    1    1    1    1    1    1    1    1  2.60952E+14 0.00091 
   70   70    1    1    1    1    1    1    1    1  2.24203E+14 0.00093 
   71   71    1    1    1    1    1    1    1    1  4.14477E+14 0.00088 
   72   72    1    1    1    1    1    1    1    1  3.01485E+14 0.00115 
   73   73    1    1    1    1    1    1    1    1  2.33976E+14 0.00113 
   74   74    1    1    1    1    1    1    1    1  1.90752E+14 0.00141 
   75   75    1    1    1    1    1    1    1    1  1.58476E+14 0.00124 
   76   76    1    1    1    1    1    1    1    1  1.83866E+14 0.00110 
   77   77    1    1    1    1    1    1    1    1  1.45341E+14 0.00155 
   78   78    1    1    1    1    1    1    1    1  1.13535E+14 0.00127 
   79   79    1    1    1    1    1    1    1    1  1.17796E+14 0.00157 
   80   80    1    1    1    1    1    1    1    1  8.82817E+13 0.00184 
   81   81    1    1    1    1    1    1    1    1  6.80074E+13 0.00185 
   82   82    1    1    1    1    1    1    1    1  5.26783E+13 0.00176 
   83   83    1    1    1    1    1    1    1    1  4.92254E+13 0.00246 
   84   84    1    1    1    1    1    1    1    1  3.53411E+13 0.00295 
   85   85    1    1    1    1    1    1    1    1  2.56020E+13 0.00359 
   86   86    1    1    1    1    1    1    1    1  2.38406E+13 0.00339 
   87   87    1    1    1    1    1    1    1    1  1.47432E+13 0.00386 
   88   88    1    1    1    1    1    1    1    1  9.93939E+12 0.00495 
   89   89    1    1    1    1    1    1    1    1  5.69520E+12 0.00755 
   90   90    1    1    1    1    1    1    1    1  3.84258E+12 0.00791 
   91   91    1    1    1    1    1    1    1    1  1.88098E+12 0.01004 
   92   92    1    1    1    1    1    1    1    1  9.16775E+11 0.01818 
   93   93    1    1    1    1    1    1    1    1  4.27509E+11 0.03006 
   94   94    1    1    1    1    1    1    1    1  2.20171E+11 0.02900 
   95   95    1    1    1    1    1    1    1    1  9.70619E+10 0.06582 
   96   96    1    1    1    1    1    1    1    1  5.86599E+10 0.07412 
   97   97    1    1    1    1    1    1    1    1  2.60128E+10 0.09572 
   98   98    1    1    1    1    1    1    1    1  1.17748E+10 0.20942 
   99   99    1    1    1    1    1    1    1    1  5.02224E+09 0.26792 
  100  100    1    1    1    1    1    1    1    1  4.74054E+09 0.27900 
];


