
DETdpaspec = [
    1    1    1    1    1    1    1    1    1    1  0.00000E+00 0.00000 
    2    2    1    1    1    1    1    1    1    1  0.00000E+00 0.00000 
    3    3    1    1    1    1    1    1    1    1  0.00000E+00 0.00000 
    4    4    1    1    1    1    1    1    1    1  0.00000E+00 0.00000 
    5    5    1    1    1    1    1    1    1    1  0.00000E+00 0.00000 
    6    6    1    1    1    1    1    1    1    1  0.00000E+00 0.00000 
    7    7    1    1    1    1    1    1    1    1  0.00000E+00 0.00000 
    8    8    1    1    1    1    1    1    1    1  0.00000E+00 0.00000 
    9    9    1    1    1    1    1    1    1    1  1.21058E+07 0.72802 
   10   10    1    1    1    1    1    1    1    1  9.27818E+07 0.69821 
   11   11    1    1    1    1    1    1    1    1  0.00000E+00 0.00000 
   12   12    1    1    1    1    1    1    1    1  7.09113E+07 0.64796 
   13   13    1    1    1    1    1    1    1    1  6.17961E+08 0.43062 
   14   14    1    1    1    1    1    1    1    1  9.02848E+08 0.40856 
   15   15    1    1    1    1    1    1    1    1  1.09039E+09 0.40389 
   16   16    1    1    1    1    1    1    1    1  2.18139E+08 0.41522 
   17   17    1    1    1    1    1    1    1    1  1.15364E+09 0.30967 
   18   18    1    1    1    1    1    1    1    1  3.44590E+09 0.24659 
   19   19    1    1    1    1    1    1    1    1  3.10981E+09 0.25097 
   20   20    1    1    1    1    1    1    1    1  1.29574E+10 0.16304 
   21   21    1    1    1    1    1    1    1    1  1.27489E+10 0.14035 
   22   22    1    1    1    1    1    1    1    1  3.99479E+10 0.05772 
   23   23    1    1    1    1    1    1    1    1  1.39864E+11 0.04602 
   24   24    1    1    1    1    1    1    1    1  3.97608E+11 0.02661 
   25   25    1    1    1    1    1    1    1    1  6.88490E+11 0.01732 
   26   26    1    1    1    1    1    1    1    1  1.38687E+12 0.01572 
   27   27    1    1    1    1    1    1    1    1  2.65082E+12 0.00997 
   28   28    1    1    1    1    1    1    1    1  5.36020E+12 0.00658 
   29   29    1    1    1    1    1    1    1    1  7.78761E+12 0.00368 
   30   30    1    1    1    1    1    1    1    1  1.43398E+13 0.00419 
   31   31    1    1    1    1    1    1    1    1  2.89610E+13 0.00337 
   32   32    1    1    1    1    1    1    1    1  3.89919E+13 0.00221 
   33   33    1    1    1    1    1    1    1    1  7.12225E+13 0.00203 
   34   34    1    1    1    1    1    1    1    1  8.35929E+13 0.00183 
   35   35    1    1    1    1    1    1    1    1  9.75023E+13 0.00164 
   36   36    1    1    1    1    1    1    1    1  7.02421E+13 0.00131 
   37   37    1    1    1    1    1    1    1    1  2.08383E+13 0.00180 
   38   38    1    1    1    1    1    1    1    1  1.04911E+14 0.00167 
   39   39    1    1    1    1    1    1    1    1  1.27364E+14 0.00146 
   40   40    1    1    1    1    1    1    1    1  2.13805E+14 0.00123 
   41   41    1    1    1    1    1    1    1    1  1.95574E+14 0.00101 
   42   42    1    1    1    1    1    1    1    1  3.62153E+14 0.00099 
   43   43    1    1    1    1    1    1    1    1  3.94299E+14 0.00092 
   44   44    1    1    1    1    1    1    1    1  5.11327E+14 0.00092 
   45   45    1    1    1    1    1    1    1    1  9.14559E+14 0.00085 
   46   46    1    1    1    1    1    1    1    1  4.75454E+14 0.00069 
   47   47    1    1    1    1    1    1    1    1  6.73917E+14 0.00070 
   48   48    1    1    1    1    1    1    1    1  9.40827E+14 0.00064 
   49   49    1    1    1    1    1    1    1    1  8.43462E+14 0.00061 
   50   50    1    1    1    1    1    1    1    1  1.32449E+15 0.00069 
   51   51    1    1    1    1    1    1    1    1  1.02360E+15 0.00067 
   52   52    1    1    1    1    1    1    1    1  1.18878E+15 0.00051 
   53   53    1    1    1    1    1    1    1    1  8.44218E+14 0.00051 
   54   54    1    1    1    1    1    1    1    1  1.04735E+15 0.00063 
   55   55    1    1    1    1    1    1    1    1  7.42268E+14 0.00049 
   56   56    1    1    1    1    1    1    1    1  1.02081E+14 0.00126 
   57   57    1    1    1    1    1    1    1    1  1.43849E+15 0.00039 
   58   58    1    1    1    1    1    1    1    1  6.50302E+14 0.00073 
   59   59    1    1    1    1    1    1    1    1  7.02494E+14 0.00054 
   60   60    1    1    1    1    1    1    1    1  5.70650E+14 0.00071 
   61   61    1    1    1    1    1    1    1    1  5.69275E+14 0.00081 
   62   62    1    1    1    1    1    1    1    1  5.74887E+14 0.00054 
   63   63    1    1    1    1    1    1    1    1  4.83174E+14 0.00083 
   64   64    1    1    1    1    1    1    1    1  3.82752E+14 0.00090 
   65   65    1    1    1    1    1    1    1    1  3.76191E+14 0.00106 
   66   66    1    1    1    1    1    1    1    1  2.99347E+14 0.00105 
   67   67    1    1    1    1    1    1    1    1  2.44623E+14 0.00111 
   68   68    1    1    1    1    1    1    1    1  2.14878E+14 0.00129 
   69   69    1    1    1    1    1    1    1    1  2.61736E+14 0.00120 
   70   70    1    1    1    1    1    1    1    1  2.23958E+14 0.00120 
   71   71    1    1    1    1    1    1    1    1  4.11242E+14 0.00100 
   72   72    1    1    1    1    1    1    1    1  2.97383E+14 0.00103 
   73   73    1    1    1    1    1    1    1    1  2.30283E+14 0.00101 
   74   74    1    1    1    1    1    1    1    1  1.89081E+14 0.00121 
   75   75    1    1    1    1    1    1    1    1  1.57845E+14 0.00121 
   76   76    1    1    1    1    1    1    1    1  1.83709E+14 0.00105 
   77   77    1    1    1    1    1    1    1    1  1.46321E+14 0.00152 
   78   78    1    1    1    1    1    1    1    1  1.14763E+14 0.00127 
   79   79    1    1    1    1    1    1    1    1  1.19179E+14 0.00163 
   80   80    1    1    1    1    1    1    1    1  8.91761E+13 0.00201 
   81   81    1    1    1    1    1    1    1    1  6.90338E+13 0.00201 
   82   82    1    1    1    1    1    1    1    1  5.35002E+13 0.00190 
   83   83    1    1    1    1    1    1    1    1  4.99337E+13 0.00233 
   84   84    1    1    1    1    1    1    1    1  3.57612E+13 0.00343 
   85   85    1    1    1    1    1    1    1    1  2.59827E+13 0.00313 
   86   86    1    1    1    1    1    1    1    1  2.42061E+13 0.00285 
   87   87    1    1    1    1    1    1    1    1  1.48875E+13 0.00503 
   88   88    1    1    1    1    1    1    1    1  1.00296E+13 0.00553 
   89   89    1    1    1    1    1    1    1    1  5.61310E+12 0.00692 
   90   90    1    1    1    1    1    1    1    1  3.73309E+12 0.00733 
   91   91    1    1    1    1    1    1    1    1  1.86362E+12 0.01445 
   92   92    1    1    1    1    1    1    1    1  8.95253E+11 0.01389 
   93   93    1    1    1    1    1    1    1    1  4.33427E+11 0.02786 
   94   94    1    1    1    1    1    1    1    1  2.01836E+11 0.03350 
   95   95    1    1    1    1    1    1    1    1  1.02924E+11 0.05287 
   96   96    1    1    1    1    1    1    1    1  4.93792E+10 0.08381 
   97   97    1    1    1    1    1    1    1    1  2.04961E+10 0.14789 
   98   98    1    1    1    1    1    1    1    1  7.73937E+09 0.14913 
   99   99    1    1    1    1    1    1    1    1  4.24076E+09 0.37422 
  100  100    1    1    1    1    1    1    1    1  4.32678E+09 0.29304 
];


