
DETdpaspec = [
    1    1    1    1    1    1    1    1    1    1  0.00000E+00 0.00000 
    2    2    1    1    1    1    1    1    1    1  0.00000E+00 0.00000 
    3    3    1    1    1    1    1    1    1    1  0.00000E+00 0.00000 
    4    4    1    1    1    1    1    1    1    1  0.00000E+00 0.00000 
    5    5    1    1    1    1    1    1    1    1  0.00000E+00 0.00000 
    6    6    1    1    1    1    1    1    1    1  0.00000E+00 0.00000 
    7    7    1    1    1    1    1    1    1    1  0.00000E+00 0.00000 
    8    8    1    1    1    1    1    1    1    1  0.00000E+00 0.00000 
    9    9    1    1    1    1    1    1    1    1  3.87030E+06 1.00000 
   10   10    1    1    1    1    1    1    1    1  5.91879E+07 1.00000 
   11   11    1    1    1    1    1    1    1    1  1.44589E+08 1.00000 
   12   12    1    1    1    1    1    1    1    1  6.72832E+07 0.72674 
   13   13    1    1    1    1    1    1    1    1  8.33026E+08 0.53736 
   14   14    1    1    1    1    1    1    1    1  1.31103E+09 0.36545 
   15   15    1    1    1    1    1    1    1    1  1.53138E+09 0.36223 
   16   16    1    1    1    1    1    1    1    1  5.87317E+08 0.45532 
   17   17    1    1    1    1    1    1    1    1  7.06156E+08 0.47392 
   18   18    1    1    1    1    1    1    1    1  2.92219E+09 0.31199 
   19   19    1    1    1    1    1    1    1    1  3.70355E+09 0.17643 
   20   20    1    1    1    1    1    1    1    1  1.20301E+10 0.12108 
   21   21    1    1    1    1    1    1    1    1  1.11618E+10 0.12360 
   22   22    1    1    1    1    1    1    1    1  2.56109E+10 0.07923 
   23   23    1    1    1    1    1    1    1    1  7.31735E+10 0.05454 
   24   24    1    1    1    1    1    1    1    1  1.85370E+11 0.03168 
   25   25    1    1    1    1    1    1    1    1  3.28668E+11 0.02553 
   26   26    1    1    1    1    1    1    1    1  6.90840E+11 0.01575 
   27   27    1    1    1    1    1    1    1    1  1.41936E+12 0.01373 
   28   28    1    1    1    1    1    1    1    1  3.11377E+12 0.01062 
   29   29    1    1    1    1    1    1    1    1  4.78261E+12 0.00599 
   30   30    1    1    1    1    1    1    1    1  9.65746E+12 0.00531 
   31   31    1    1    1    1    1    1    1    1  2.11252E+13 0.00361 
   32   32    1    1    1    1    1    1    1    1  2.98498E+13 0.00232 
   33   33    1    1    1    1    1    1    1    1  5.67730E+13 0.00286 
   34   34    1    1    1    1    1    1    1    1  6.80134E+13 0.00210 
   35   35    1    1    1    1    1    1    1    1  8.39412E+13 0.00124 
   36   36    1    1    1    1    1    1    1    1  6.22558E+13 0.00173 
   37   37    1    1    1    1    1    1    1    1  1.87596E+13 0.00151 
   38   38    1    1    1    1    1    1    1    1  9.37788E+13 0.00126 
   39   39    1    1    1    1    1    1    1    1  1.14846E+14 0.00134 
   40   40    1    1    1    1    1    1    1    1  1.93967E+14 0.00091 
   41   41    1    1    1    1    1    1    1    1  1.80136E+14 0.00141 
   42   42    1    1    1    1    1    1    1    1  3.34453E+14 0.00145 
   43   43    1    1    1    1    1    1    1    1  3.67207E+14 0.00090 
   44   44    1    1    1    1    1    1    1    1  4.79005E+14 0.00111 
   45   45    1    1    1    1    1    1    1    1  8.63885E+14 0.00076 
   46   46    1    1    1    1    1    1    1    1  4.53739E+14 0.00065 
   47   47    1    1    1    1    1    1    1    1  6.48294E+14 0.00051 
   48   48    1    1    1    1    1    1    1    1  9.09571E+14 0.00074 
   49   49    1    1    1    1    1    1    1    1  8.20799E+14 0.00076 
   50   50    1    1    1    1    1    1    1    1  1.29233E+15 0.00063 
   51   51    1    1    1    1    1    1    1    1  1.00675E+15 0.00067 
   52   52    1    1    1    1    1    1    1    1  1.16961E+15 0.00062 
   53   53    1    1    1    1    1    1    1    1  8.34656E+14 0.00052 
   54   54    1    1    1    1    1    1    1    1  1.03378E+15 0.00066 
   55   55    1    1    1    1    1    1    1    1  7.34513E+14 0.00063 
   56   56    1    1    1    1    1    1    1    1  1.00907E+14 0.00123 
   57   57    1    1    1    1    1    1    1    1  1.42887E+15 0.00043 
   58   58    1    1    1    1    1    1    1    1  6.45173E+14 0.00052 
   59   59    1    1    1    1    1    1    1    1  6.99171E+14 0.00066 
   60   60    1    1    1    1    1    1    1    1  5.65731E+14 0.00075 
   61   61    1    1    1    1    1    1    1    1  5.64843E+14 0.00079 
   62   62    1    1    1    1    1    1    1    1  5.70787E+14 0.00071 
   63   63    1    1    1    1    1    1    1    1  4.81127E+14 0.00083 
   64   64    1    1    1    1    1    1    1    1  3.81194E+14 0.00089 
   65   65    1    1    1    1    1    1    1    1  3.74785E+14 0.00105 
   66   66    1    1    1    1    1    1    1    1  2.98754E+14 0.00083 
   67   67    1    1    1    1    1    1    1    1  2.44972E+14 0.00084 
   68   68    1    1    1    1    1    1    1    1  2.15805E+14 0.00095 
   69   69    1    1    1    1    1    1    1    1  2.62623E+14 0.00124 
   70   70    1    1    1    1    1    1    1    1  2.25007E+14 0.00124 
   71   71    1    1    1    1    1    1    1    1  4.15490E+14 0.00116 
   72   72    1    1    1    1    1    1    1    1  3.02236E+14 0.00133 
   73   73    1    1    1    1    1    1    1    1  2.33077E+14 0.00116 
   74   74    1    1    1    1    1    1    1    1  1.91746E+14 0.00142 
   75   75    1    1    1    1    1    1    1    1  1.59391E+14 0.00186 
   76   76    1    1    1    1    1    1    1    1  1.85120E+14 0.00131 
   77   77    1    1    1    1    1    1    1    1  1.46587E+14 0.00141 
   78   78    1    1    1    1    1    1    1    1  1.14556E+14 0.00174 
   79   79    1    1    1    1    1    1    1    1  1.19586E+14 0.00160 
   80   80    1    1    1    1    1    1    1    1  8.96658E+13 0.00150 
   81   81    1    1    1    1    1    1    1    1  6.91854E+13 0.00193 
   82   82    1    1    1    1    1    1    1    1  5.34319E+13 0.00155 
   83   83    1    1    1    1    1    1    1    1  4.99050E+13 0.00318 
   84   84    1    1    1    1    1    1    1    1  3.57793E+13 0.00351 
   85   85    1    1    1    1    1    1    1    1  2.58572E+13 0.00262 
   86   86    1    1    1    1    1    1    1    1  2.41841E+13 0.00342 
   87   87    1    1    1    1    1    1    1    1  1.48477E+13 0.00341 
   88   88    1    1    1    1    1    1    1    1  9.99778E+12 0.00429 
   89   89    1    1    1    1    1    1    1    1  5.77392E+12 0.00536 
   90   90    1    1    1    1    1    1    1    1  3.75128E+12 0.00735 
   91   91    1    1    1    1    1    1    1    1  1.89297E+12 0.01057 
   92   92    1    1    1    1    1    1    1    1  9.09503E+11 0.01791 
   93   93    1    1    1    1    1    1    1    1  4.39055E+11 0.02952 
   94   94    1    1    1    1    1    1    1    1  2.07357E+11 0.03409 
   95   95    1    1    1    1    1    1    1    1  9.53587E+10 0.04759 
   96   96    1    1    1    1    1    1    1    1  4.61443E+10 0.07289 
   97   97    1    1    1    1    1    1    1    1  2.09959E+10 0.15015 
   98   98    1    1    1    1    1    1    1    1  1.38128E+10 0.15355 
   99   99    1    1    1    1    1    1    1    1  6.21818E+09 0.21497 
  100  100    1    1    1    1    1    1    1    1  3.73612E+09 0.23862 
];


