
DETdpaspec = [
    1    1    1    1    1    1    1    1    1    1  0.00000E+00 0.00000 
    2    2    1    1    1    1    1    1    1    1  0.00000E+00 0.00000 
    3    3    1    1    1    1    1    1    1    1  0.00000E+00 0.00000 
    4    4    1    1    1    1    1    1    1    1  0.00000E+00 0.00000 
    5    5    1    1    1    1    1    1    1    1  0.00000E+00 0.00000 
    6    6    1    1    1    1    1    1    1    1  0.00000E+00 0.00000 
    7    7    1    1    1    1    1    1    1    1  0.00000E+00 0.00000 
    8    8    1    1    1    1    1    1    1    1  0.00000E+00 0.00000 
    9    9    1    1    1    1    1    1    1    1  0.00000E+00 0.00000 
   10   10    1    1    1    1    1    1    1    1  0.00000E+00 0.00000 
   11   11    1    1    1    1    1    1    1    1  1.57705E+08 0.78541 
   12   12    1    1    1    1    1    1    1    1  4.02825E+07 1.00000 
   13   13    1    1    1    1    1    1    1    1  1.88323E+09 0.44654 
   14   14    1    1    1    1    1    1    1    1  1.57120E+09 0.41869 
   15   15    1    1    1    1    1    1    1    1  1.15389E+09 0.44881 
   16   16    1    1    1    1    1    1    1    1  6.54102E+08 0.54940 
   17   17    1    1    1    1    1    1    1    1  1.61112E+09 0.27852 
   18   18    1    1    1    1    1    1    1    1  2.74299E+09 0.28033 
   19   19    1    1    1    1    1    1    1    1  3.07571E+09 0.26103 
   20   20    1    1    1    1    1    1    1    1  1.06442E+10 0.22354 
   21   21    1    1    1    1    1    1    1    1  1.15834E+10 0.12868 
   22   22    1    1    1    1    1    1    1    1  4.29308E+10 0.06069 
   23   23    1    1    1    1    1    1    1    1  1.38654E+11 0.04108 
   24   24    1    1    1    1    1    1    1    1  3.88729E+11 0.02913 
   25   25    1    1    1    1    1    1    1    1  6.36129E+11 0.02020 
   26   26    1    1    1    1    1    1    1    1  1.32281E+12 0.01121 
   27   27    1    1    1    1    1    1    1    1  2.57047E+12 0.00888 
   28   28    1    1    1    1    1    1    1    1  5.14413E+12 0.00829 
   29   29    1    1    1    1    1    1    1    1  7.57182E+12 0.00603 
   30   30    1    1    1    1    1    1    1    1  1.40965E+13 0.00472 
   31   31    1    1    1    1    1    1    1    1  2.84512E+13 0.00389 
   32   32    1    1    1    1    1    1    1    1  3.84545E+13 0.00285 
   33   33    1    1    1    1    1    1    1    1  7.00806E+13 0.00228 
   34   34    1    1    1    1    1    1    1    1  8.22846E+13 0.00149 
   35   35    1    1    1    1    1    1    1    1  9.65715E+13 0.00135 
   36   36    1    1    1    1    1    1    1    1  6.96695E+13 0.00113 
   37   37    1    1    1    1    1    1    1    1  2.07311E+13 0.00161 
   38   38    1    1    1    1    1    1    1    1  1.04012E+14 0.00118 
   39   39    1    1    1    1    1    1    1    1  1.26498E+14 0.00095 
   40   40    1    1    1    1    1    1    1    1  2.12418E+14 0.00098 
   41   41    1    1    1    1    1    1    1    1  1.94500E+14 0.00119 
   42   42    1    1    1    1    1    1    1    1  3.59887E+14 0.00113 
   43   43    1    1    1    1    1    1    1    1  3.92826E+14 0.00100 
   44   44    1    1    1    1    1    1    1    1  5.07996E+14 0.00088 
   45   45    1    1    1    1    1    1    1    1  9.09572E+14 0.00080 
   46   46    1    1    1    1    1    1    1    1  4.73102E+14 0.00084 
   47   47    1    1    1    1    1    1    1    1  6.71249E+14 0.00079 
   48   48    1    1    1    1    1    1    1    1  9.39479E+14 0.00080 
   49   49    1    1    1    1    1    1    1    1  8.41290E+14 0.00071 
   50   50    1    1    1    1    1    1    1    1  1.32303E+15 0.00073 
   51   51    1    1    1    1    1    1    1    1  1.02218E+15 0.00073 
   52   52    1    1    1    1    1    1    1    1  1.18684E+15 0.00062 
   53   53    1    1    1    1    1    1    1    1  8.43256E+14 0.00059 
   54   54    1    1    1    1    1    1    1    1  1.04633E+15 0.00068 
   55   55    1    1    1    1    1    1    1    1  7.40886E+14 0.00076 
   56   56    1    1    1    1    1    1    1    1  1.01755E+14 0.00126 
   57   57    1    1    1    1    1    1    1    1  1.43858E+15 0.00071 
   58   58    1    1    1    1    1    1    1    1  6.50143E+14 0.00079 
   59   59    1    1    1    1    1    1    1    1  7.03247E+14 0.00072 
   60   60    1    1    1    1    1    1    1    1  5.70249E+14 0.00079 
   61   61    1    1    1    1    1    1    1    1  5.68834E+14 0.00068 
   62   62    1    1    1    1    1    1    1    1  5.75016E+14 0.00082 
   63   63    1    1    1    1    1    1    1    1  4.84213E+14 0.00092 
   64   64    1    1    1    1    1    1    1    1  3.83149E+14 0.00078 
   65   65    1    1    1    1    1    1    1    1  3.75816E+14 0.00058 
   66   66    1    1    1    1    1    1    1    1  2.99851E+14 0.00094 
   67   67    1    1    1    1    1    1    1    1  2.45180E+14 0.00130 
   68   68    1    1    1    1    1    1    1    1  2.15447E+14 0.00104 
   69   69    1    1    1    1    1    1    1    1  2.62012E+14 0.00101 
   70   70    1    1    1    1    1    1    1    1  2.24209E+14 0.00102 
   71   71    1    1    1    1    1    1    1    1  4.11368E+14 0.00086 
   72   72    1    1    1    1    1    1    1    1  2.98598E+14 0.00124 
   73   73    1    1    1    1    1    1    1    1  2.31262E+14 0.00161 
   74   74    1    1    1    1    1    1    1    1  1.89817E+14 0.00137 
   75   75    1    1    1    1    1    1    1    1  1.57825E+14 0.00096 
   76   76    1    1    1    1    1    1    1    1  1.84298E+14 0.00105 
   77   77    1    1    1    1    1    1    1    1  1.46575E+14 0.00158 
   78   78    1    1    1    1    1    1    1    1  1.14615E+14 0.00174 
   79   79    1    1    1    1    1    1    1    1  1.19560E+14 0.00146 
   80   80    1    1    1    1    1    1    1    1  8.94058E+13 0.00166 
   81   81    1    1    1    1    1    1    1    1  6.91808E+13 0.00208 
   82   82    1    1    1    1    1    1    1    1  5.35391E+13 0.00191 
   83   83    1    1    1    1    1    1    1    1  5.00092E+13 0.00248 
   84   84    1    1    1    1    1    1    1    1  3.58870E+13 0.00257 
   85   85    1    1    1    1    1    1    1    1  2.59129E+13 0.00266 
   86   86    1    1    1    1    1    1    1    1  2.43216E+13 0.00361 
   87   87    1    1    1    1    1    1    1    1  1.48526E+13 0.00409 
   88   88    1    1    1    1    1    1    1    1  9.90889E+12 0.00582 
   89   89    1    1    1    1    1    1    1    1  5.76826E+12 0.00763 
   90   90    1    1    1    1    1    1    1    1  3.71692E+12 0.00795 
   91   91    1    1    1    1    1    1    1    1  1.90433E+12 0.01144 
   92   92    1    1    1    1    1    1    1    1  9.02177E+11 0.01193 
   93   93    1    1    1    1    1    1    1    1  4.42657E+11 0.02689 
   94   94    1    1    1    1    1    1    1    1  2.05335E+11 0.04291 
   95   95    1    1    1    1    1    1    1    1  9.61053E+10 0.05711 
   96   96    1    1    1    1    1    1    1    1  4.53111E+10 0.07617 
   97   97    1    1    1    1    1    1    1    1  2.70984E+10 0.08309 
   98   98    1    1    1    1    1    1    1    1  1.16345E+10 0.14812 
   99   99    1    1    1    1    1    1    1    1  4.97842E+09 0.30756 
  100  100    1    1    1    1    1    1    1    1  3.41973E+09 0.28676 
];


