
DETdpaspec = [
    1    1    1    1    1    1    1    1    1    1  0.00000E+00 0.00000 
    2    2    1    1    1    1    1    1    1    1  0.00000E+00 0.00000 
    3    3    1    1    1    1    1    1    1    1  0.00000E+00 0.00000 
    4    4    1    1    1    1    1    1    1    1  0.00000E+00 0.00000 
    5    5    1    1    1    1    1    1    1    1  0.00000E+00 0.00000 
    6    6    1    1    1    1    1    1    1    1  0.00000E+00 0.00000 
    7    7    1    1    1    1    1    1    1    1  0.00000E+00 0.00000 
    8    8    1    1    1    1    1    1    1    1  0.00000E+00 0.00000 
    9    9    1    1    1    1    1    1    1    1  0.00000E+00 0.00000 
   10   10    1    1    1    1    1    1    1    1  0.00000E+00 0.00000 
   11   11    1    1    1    1    1    1    1    1  6.31997E+07 1.00000 
   12   12    1    1    1    1    1    1    1    1  1.52708E+08 0.50486 
   13   13    1    1    1    1    1    1    1    1  5.08085E+08 0.59435 
   14   14    1    1    1    1    1    1    1    1  9.36548E+08 0.33307 
   15   15    1    1    1    1    1    1    1    1  1.88381E+09 0.34629 
   16   16    1    1    1    1    1    1    1    1  6.35122E+08 0.51784 
   17   17    1    1    1    1    1    1    1    1  2.26653E+09 0.23819 
   18   18    1    1    1    1    1    1    1    1  2.60430E+09 0.21058 
   19   19    1    1    1    1    1    1    1    1  4.17436E+09 0.18949 
   20   20    1    1    1    1    1    1    1    1  1.28676E+10 0.12054 
   21   21    1    1    1    1    1    1    1    1  1.04378E+10 0.14692 
   22   22    1    1    1    1    1    1    1    1  2.90298E+10 0.07749 
   23   23    1    1    1    1    1    1    1    1  5.87784E+10 0.05519 
   24   24    1    1    1    1    1    1    1    1  1.46996E+11 0.04022 
   25   25    1    1    1    1    1    1    1    1  2.34608E+11 0.03407 
   26   26    1    1    1    1    1    1    1    1  5.09138E+11 0.02148 
   27   27    1    1    1    1    1    1    1    1  1.06480E+12 0.01598 
   28   28    1    1    1    1    1    1    1    1  2.39494E+12 0.01363 
   29   29    1    1    1    1    1    1    1    1  3.68580E+12 0.00952 
   30   30    1    1    1    1    1    1    1    1  7.84352E+12 0.00635 
   31   31    1    1    1    1    1    1    1    1  1.79264E+13 0.00448 
   32   32    1    1    1    1    1    1    1    1  2.61206E+13 0.00283 
   33   33    1    1    1    1    1    1    1    1  5.09114E+13 0.00206 
   34   34    1    1    1    1    1    1    1    1  6.11754E+13 0.00222 
   35   35    1    1    1    1    1    1    1    1  7.79020E+13 0.00185 
   36   36    1    1    1    1    1    1    1    1  5.87031E+13 0.00142 
   37   37    1    1    1    1    1    1    1    1  1.78608E+13 0.00167 
   38   38    1    1    1    1    1    1    1    1  8.89329E+13 0.00146 
   39   39    1    1    1    1    1    1    1    1  1.09337E+14 0.00172 
   40   40    1    1    1    1    1    1    1    1  1.84720E+14 0.00129 
   41   41    1    1    1    1    1    1    1    1  1.73130E+14 0.00140 
   42   42    1    1    1    1    1    1    1    1  3.21679E+14 0.00082 
   43   43    1    1    1    1    1    1    1    1  3.54623E+14 0.00092 
   44   44    1    1    1    1    1    1    1    1  4.63601E+14 0.00079 
   45   45    1    1    1    1    1    1    1    1  8.39611E+14 0.00062 
   46   46    1    1    1    1    1    1    1    1  4.42009E+14 0.00072 
   47   47    1    1    1    1    1    1    1    1  6.33473E+14 0.00099 
   48   48    1    1    1    1    1    1    1    1  8.90541E+14 0.00081 
   49   49    1    1    1    1    1    1    1    1  8.07515E+14 0.00070 
   50   50    1    1    1    1    1    1    1    1  1.26956E+15 0.00073 
   51   51    1    1    1    1    1    1    1    1  9.95268E+14 0.00075 
   52   52    1    1    1    1    1    1    1    1  1.15285E+15 0.00051 
   53   53    1    1    1    1    1    1    1    1  8.24746E+14 0.00057 
   54   54    1    1    1    1    1    1    1    1  1.02097E+15 0.00067 
   55   55    1    1    1    1    1    1    1    1  7.25918E+14 0.00058 
   56   56    1    1    1    1    1    1    1    1  1.00048E+14 0.00132 
   57   57    1    1    1    1    1    1    1    1  1.41546E+15 0.00056 
   58   58    1    1    1    1    1    1    1    1  6.35767E+14 0.00066 
   59   59    1    1    1    1    1    1    1    1  6.91261E+14 0.00074 
   60   60    1    1    1    1    1    1    1    1  5.57578E+14 0.00064 
   61   61    1    1    1    1    1    1    1    1  5.57668E+14 0.00077 
   62   62    1    1    1    1    1    1    1    1  5.63178E+14 0.00076 
   63   63    1    1    1    1    1    1    1    1  4.74429E+14 0.00050 
   64   64    1    1    1    1    1    1    1    1  3.75714E+14 0.00081 
   65   65    1    1    1    1    1    1    1    1  3.69962E+14 0.00096 
   66   66    1    1    1    1    1    1    1    1  2.94776E+14 0.00097 
   67   67    1    1    1    1    1    1    1    1  2.42189E+14 0.00082 
   68   68    1    1    1    1    1    1    1    1  2.13339E+14 0.00117 
   69   69    1    1    1    1    1    1    1    1  2.59873E+14 0.00122 
   70   70    1    1    1    1    1    1    1    1  2.22727E+14 0.00152 
   71   71    1    1    1    1    1    1    1    1  4.13645E+14 0.00084 
   72   72    1    1    1    1    1    1    1    1  3.01763E+14 0.00106 
   73   73    1    1    1    1    1    1    1    1  2.33139E+14 0.00115 
   74   74    1    1    1    1    1    1    1    1  1.90412E+14 0.00138 
   75   75    1    1    1    1    1    1    1    1  1.58391E+14 0.00119 
   76   76    1    1    1    1    1    1    1    1  1.83171E+14 0.00125 
   77   77    1    1    1    1    1    1    1    1  1.44521E+14 0.00128 
   78   78    1    1    1    1    1    1    1    1  1.12878E+14 0.00182 
   79   79    1    1    1    1    1    1    1    1  1.17459E+14 0.00206 
   80   80    1    1    1    1    1    1    1    1  8.77264E+13 0.00213 
   81   81    1    1    1    1    1    1    1    1  6.80513E+13 0.00167 
   82   82    1    1    1    1    1    1    1    1  5.23251E+13 0.00252 
   83   83    1    1    1    1    1    1    1    1  4.90275E+13 0.00244 
   84   84    1    1    1    1    1    1    1    1  3.52389E+13 0.00358 
   85   85    1    1    1    1    1    1    1    1  2.53839E+13 0.00315 
   86   86    1    1    1    1    1    1    1    1  2.38068E+13 0.00417 
   87   87    1    1    1    1    1    1    1    1  1.45146E+13 0.00376 
   88   88    1    1    1    1    1    1    1    1  9.88348E+12 0.00551 
   89   89    1    1    1    1    1    1    1    1  5.74681E+12 0.00683 
   90   90    1    1    1    1    1    1    1    1  3.77989E+12 0.00740 
   91   91    1    1    1    1    1    1    1    1  1.92659E+12 0.01414 
   92   92    1    1    1    1    1    1    1    1  9.21286E+11 0.01825 
   93   93    1    1    1    1    1    1    1    1  4.33683E+11 0.02242 
   94   94    1    1    1    1    1    1    1    1  2.22757E+11 0.03618 
   95   95    1    1    1    1    1    1    1    1  1.00998E+11 0.04922 
   96   96    1    1    1    1    1    1    1    1  5.02398E+10 0.04562 
   97   97    1    1    1    1    1    1    1    1  2.16756E+10 0.11459 
   98   98    1    1    1    1    1    1    1    1  1.19487E+10 0.16894 
   99   99    1    1    1    1    1    1    1    1  7.08781E+09 0.22758 
  100  100    1    1    1    1    1    1    1    1  6.01287E+09 0.21794 
];


