
DETdpaspec = [
    1    1    1    1    1    1    1    1    1    1  0.00000E+00 0.00000 
    2    2    1    1    1    1    1    1    1    1  0.00000E+00 0.00000 
    3    3    1    1    1    1    1    1    1    1  0.00000E+00 0.00000 
    4    4    1    1    1    1    1    1    1    1  0.00000E+00 0.00000 
    5    5    1    1    1    1    1    1    1    1  0.00000E+00 0.00000 
    6    6    1    1    1    1    1    1    1    1  0.00000E+00 0.00000 
    7    7    1    1    1    1    1    1    1    1  0.00000E+00 0.00000 
    8    8    1    1    1    1    1    1    1    1  0.00000E+00 0.00000 
    9    9    1    1    1    1    1    1    1    1  0.00000E+00 0.00000 
   10   10    1    1    1    1    1    1    1    1  0.00000E+00 0.00000 
   11   11    1    1    1    1    1    1    1    1  8.70426E+07 0.74373 
   12   12    1    1    1    1    1    1    1    1  1.44779E+08 0.49638 
   13   13    1    1    1    1    1    1    1    1  9.33268E+08 0.50052 
   14   14    1    1    1    1    1    1    1    1  1.70727E+09 0.37341 
   15   15    1    1    1    1    1    1    1    1  2.00446E+09 0.36542 
   16   16    1    1    1    1    1    1    1    1  8.20027E+08 0.29688 
   17   17    1    1    1    1    1    1    1    1  9.59662E+08 0.47617 
   18   18    1    1    1    1    1    1    1    1  2.72023E+09 0.19953 
   19   19    1    1    1    1    1    1    1    1  4.12306E+09 0.19601 
   20   20    1    1    1    1    1    1    1    1  1.28302E+10 0.14770 
   21   21    1    1    1    1    1    1    1    1  1.22500E+10 0.09379 
   22   22    1    1    1    1    1    1    1    1  2.63495E+10 0.08382 
   23   23    1    1    1    1    1    1    1    1  6.15909E+10 0.05627 
   24   24    1    1    1    1    1    1    1    1  1.33312E+11 0.04843 
   25   25    1    1    1    1    1    1    1    1  2.37948E+11 0.02957 
   26   26    1    1    1    1    1    1    1    1  5.05449E+11 0.01967 
   27   27    1    1    1    1    1    1    1    1  1.06725E+12 0.01222 
   28   28    1    1    1    1    1    1    1    1  2.40549E+12 0.01105 
   29   29    1    1    1    1    1    1    1    1  3.59924E+12 0.00817 
   30   30    1    1    1    1    1    1    1    1  7.82570E+12 0.00561 
   31   31    1    1    1    1    1    1    1    1  1.79614E+13 0.00411 
   32   32    1    1    1    1    1    1    1    1  2.60118E+13 0.00465 
   33   33    1    1    1    1    1    1    1    1  5.07263E+13 0.00198 
   34   34    1    1    1    1    1    1    1    1  6.07874E+13 0.00200 
   35   35    1    1    1    1    1    1    1    1  7.75008E+13 0.00126 
   36   36    1    1    1    1    1    1    1    1  5.84844E+13 0.00131 
   37   37    1    1    1    1    1    1    1    1  1.77776E+13 0.00152 
   38   38    1    1    1    1    1    1    1    1  8.87264E+13 0.00115 
   39   39    1    1    1    1    1    1    1    1  1.09286E+14 0.00154 
   40   40    1    1    1    1    1    1    1    1  1.84576E+14 0.00098 
   41   41    1    1    1    1    1    1    1    1  1.73172E+14 0.00139 
   42   42    1    1    1    1    1    1    1    1  3.21187E+14 0.00104 
   43   43    1    1    1    1    1    1    1    1  3.53646E+14 0.00092 
   44   44    1    1    1    1    1    1    1    1  4.62839E+14 0.00100 
   45   45    1    1    1    1    1    1    1    1  8.37600E+14 0.00062 
   46   46    1    1    1    1    1    1    1    1  4.41631E+14 0.00088 
   47   47    1    1    1    1    1    1    1    1  6.33555E+14 0.00070 
   48   48    1    1    1    1    1    1    1    1  8.90973E+14 0.00067 
   49   49    1    1    1    1    1    1    1    1  8.07368E+14 0.00075 
   50   50    1    1    1    1    1    1    1    1  1.26888E+15 0.00047 
   51   51    1    1    1    1    1    1    1    1  9.95035E+14 0.00065 
   52   52    1    1    1    1    1    1    1    1  1.15252E+15 0.00047 
   53   53    1    1    1    1    1    1    1    1  8.24187E+14 0.00050 
   54   54    1    1    1    1    1    1    1    1  1.02068E+15 0.00052 
   55   55    1    1    1    1    1    1    1    1  7.24785E+14 0.00059 
   56   56    1    1    1    1    1    1    1    1  9.95419E+13 0.00108 
   57   57    1    1    1    1    1    1    1    1  1.41307E+15 0.00053 
   58   58    1    1    1    1    1    1    1    1  6.34740E+14 0.00071 
   59   59    1    1    1    1    1    1    1    1  6.89320E+14 0.00056 
   60   60    1    1    1    1    1    1    1    1  5.56671E+14 0.00079 
   61   61    1    1    1    1    1    1    1    1  5.56771E+14 0.00073 
   62   62    1    1    1    1    1    1    1    1  5.61973E+14 0.00073 
   63   63    1    1    1    1    1    1    1    1  4.73709E+14 0.00112 
   64   64    1    1    1    1    1    1    1    1  3.75346E+14 0.00123 
   65   65    1    1    1    1    1    1    1    1  3.69953E+14 0.00099 
   66   66    1    1    1    1    1    1    1    1  2.94780E+14 0.00083 
   67   67    1    1    1    1    1    1    1    1  2.41727E+14 0.00122 
   68   68    1    1    1    1    1    1    1    1  2.13095E+14 0.00113 
   69   69    1    1    1    1    1    1    1    1  2.59669E+14 0.00082 
   70   70    1    1    1    1    1    1    1    1  2.23202E+14 0.00119 
   71   71    1    1    1    1    1    1    1    1  4.13885E+14 0.00096 
   72   72    1    1    1    1    1    1    1    1  3.00971E+14 0.00115 
   73   73    1    1    1    1    1    1    1    1  2.32914E+14 0.00123 
   74   74    1    1    1    1    1    1    1    1  1.90392E+14 0.00106 
   75   75    1    1    1    1    1    1    1    1  1.58373E+14 0.00162 
   76   76    1    1    1    1    1    1    1    1  1.83246E+14 0.00169 
   77   77    1    1    1    1    1    1    1    1  1.44414E+14 0.00146 
   78   78    1    1    1    1    1    1    1    1  1.12736E+14 0.00179 
   79   79    1    1    1    1    1    1    1    1  1.17223E+14 0.00177 
   80   80    1    1    1    1    1    1    1    1  8.76543E+13 0.00179 
   81   81    1    1    1    1    1    1    1    1  6.79291E+13 0.00165 
   82   82    1    1    1    1    1    1    1    1  5.23439E+13 0.00240 
   83   83    1    1    1    1    1    1    1    1  4.89133E+13 0.00207 
   84   84    1    1    1    1    1    1    1    1  3.52135E+13 0.00214 
   85   85    1    1    1    1    1    1    1    1  2.54259E+13 0.00298 
   86   86    1    1    1    1    1    1    1    1  2.36644E+13 0.00335 
   87   87    1    1    1    1    1    1    1    1  1.46223E+13 0.00319 
   88   88    1    1    1    1    1    1    1    1  9.86168E+12 0.00617 
   89   89    1    1    1    1    1    1    1    1  5.67968E+12 0.00765 
   90   90    1    1    1    1    1    1    1    1  3.75055E+12 0.00987 
   91   91    1    1    1    1    1    1    1    1  1.95789E+12 0.01205 
   92   92    1    1    1    1    1    1    1    1  9.05474E+11 0.01640 
   93   93    1    1    1    1    1    1    1    1  4.29296E+11 0.02530 
   94   94    1    1    1    1    1    1    1    1  2.16155E+11 0.04788 
   95   95    1    1    1    1    1    1    1    1  1.11658E+11 0.06056 
   96   96    1    1    1    1    1    1    1    1  4.82538E+10 0.09156 
   97   97    1    1    1    1    1    1    1    1  2.11920E+10 0.11933 
   98   98    1    1    1    1    1    1    1    1  9.40189E+09 0.15904 
   99   99    1    1    1    1    1    1    1    1  6.87811E+09 0.25070 
  100  100    1    1    1    1    1    1    1    1  2.75000E+09 0.28812 
];


