
DETdpaspec = [
    1    1    1    1    1    1    1    1    1    1  0.00000E+00 0.00000 
    2    2    1    1    1    1    1    1    1    1  0.00000E+00 0.00000 
    3    3    1    1    1    1    1    1    1    1  0.00000E+00 0.00000 
    4    4    1    1    1    1    1    1    1    1  0.00000E+00 0.00000 
    5    5    1    1    1    1    1    1    1    1  0.00000E+00 0.00000 
    6    6    1    1    1    1    1    1    1    1  0.00000E+00 0.00000 
    7    7    1    1    1    1    1    1    1    1  8.40822E+07 1.00000 
    8    8    1    1    1    1    1    1    1    1  0.00000E+00 0.00000 
    9    9    1    1    1    1    1    1    1    1  0.00000E+00 0.00000 
   10   10    1    1    1    1    1    1    1    1  0.00000E+00 0.00000 
   11   11    1    1    1    1    1    1    1    1  0.00000E+00 0.00000 
   12   12    1    1    1    1    1    1    1    1  2.34953E+08 1.00000 
   13   13    1    1    1    1    1    1    1    1  6.20463E+08 0.68049 
   14   14    1    1    1    1    1    1    1    1  1.47131E+09 0.51868 
   15   15    1    1    1    1    1    1    1    1  1.96473E+09 0.53125 
   16   16    1    1    1    1    1    1    1    1  1.04792E+09 0.39752 
   17   17    1    1    1    1    1    1    1    1  1.68266E+09 0.26456 
   18   18    1    1    1    1    1    1    1    1  3.51861E+09 0.30404 
   19   19    1    1    1    1    1    1    1    1  9.07900E+09 0.17445 
   20   20    1    1    1    1    1    1    1    1  4.98929E+10 0.06431 
   21   21    1    1    1    1    1    1    1    1  1.37405E+11 0.04405 
   22   22    1    1    1    1    1    1    1    1  5.54600E+11 0.02110 
   23   23    1    1    1    1    1    1    1    1  1.63278E+12 0.01544 
   24   24    1    1    1    1    1    1    1    1  3.30229E+12 0.00901 
   25   25    1    1    1    1    1    1    1    1  4.37936E+12 0.00793 
   26   26    1    1    1    1    1    1    1    1  7.21736E+12 0.00592 
   27   27    1    1    1    1    1    1    1    1  1.09921E+13 0.00515 
   28   28    1    1    1    1    1    1    1    1  1.74408E+13 0.00245 
   29   29    1    1    1    1    1    1    1    1  2.22722E+13 0.00312 
   30   30    1    1    1    1    1    1    1    1  3.50568E+13 0.00356 
   31   31    1    1    1    1    1    1    1    1  5.77140E+13 0.00255 
   32   32    1    1    1    1    1    1    1    1  6.97825E+13 0.00200 
   33   33    1    1    1    1    1    1    1    1  1.14767E+14 0.00188 
   34   34    1    1    1    1    1    1    1    1  1.26260E+14 0.00157 
   35   35    1    1    1    1    1    1    1    1  1.34104E+14 0.00150 
   36   36    1    1    1    1    1    1    1    1  9.12557E+13 0.00114 
   37   37    1    1    1    1    1    1    1    1  2.64634E+13 0.00128 
   38   38    1    1    1    1    1    1    1    1  1.32484E+14 0.00116 
   39   39    1    1    1    1    1    1    1    1  1.58009E+14 0.00102 
   40   40    1    1    1    1    1    1    1    1  2.60833E+14 0.00098 
   41   41    1    1    1    1    1    1    1    1  2.31917E+14 0.00094 
   42   42    1    1    1    1    1    1    1    1  4.23315E+14 0.00094 
   43   43    1    1    1    1    1    1    1    1  4.52985E+14 0.00105 
   44   44    1    1    1    1    1    1    1    1  5.76354E+14 0.00075 
   45   45    1    1    1    1    1    1    1    1  1.00852E+15 0.00068 
   46   46    1    1    1    1    1    1    1    1  5.12126E+14 0.00075 
   47   47    1    1    1    1    1    1    1    1  7.17890E+14 0.00069 
   48   48    1    1    1    1    1    1    1    1  9.86749E+14 0.00068 
   49   49    1    1    1    1    1    1    1    1  8.70410E+14 0.00060 
   50   50    1    1    1    1    1    1    1    1  1.35343E+15 0.00044 
   51   51    1    1    1    1    1    1    1    1  1.02665E+15 0.00060 
   52   52    1    1    1    1    1    1    1    1  1.18502E+15 0.00059 
   53   53    1    1    1    1    1    1    1    1  8.31057E+14 0.00058 
   54   54    1    1    1    1    1    1    1    1  1.02720E+15 0.00058 
   55   55    1    1    1    1    1    1    1    1  7.22251E+14 0.00067 
   56   56    1    1    1    1    1    1    1    1  9.87112E+13 0.00138 
   57   57    1    1    1    1    1    1    1    1  1.38727E+15 0.00052 
   58   58    1    1    1    1    1    1    1    1  6.25915E+14 0.00072 
   59   59    1    1    1    1    1    1    1    1  6.70967E+14 0.00071 
   60   60    1    1    1    1    1    1    1    1  5.43245E+14 0.00098 
   61   61    1    1    1    1    1    1    1    1  5.40288E+14 0.00087 
   62   62    1    1    1    1    1    1    1    1  5.42949E+14 0.00068 
   63   63    1    1    1    1    1    1    1    1  4.55101E+14 0.00058 
   64   64    1    1    1    1    1    1    1    1  3.58488E+14 0.00093 
   65   65    1    1    1    1    1    1    1    1  3.50182E+14 0.00079 
   66   66    1    1    1    1    1    1    1    1  2.77695E+14 0.00108 
   67   67    1    1    1    1    1    1    1    1  2.26438E+14 0.00094 
   68   68    1    1    1    1    1    1    1    1  1.98424E+14 0.00091 
   69   69    1    1    1    1    1    1    1    1  2.39791E+14 0.00102 
   70   70    1    1    1    1    1    1    1    1  2.04196E+14 0.00106 
   71   71    1    1    1    1    1    1    1    1  3.70837E+14 0.00107 
   72   72    1    1    1    1    1    1    1    1  2.66022E+14 0.00121 
   73   73    1    1    1    1    1    1    1    1  2.04781E+14 0.00145 
   74   74    1    1    1    1    1    1    1    1  1.68145E+14 0.00129 
   75   75    1    1    1    1    1    1    1    1  1.40404E+14 0.00173 
   76   76    1    1    1    1    1    1    1    1  1.63442E+14 0.00109 
   77   77    1    1    1    1    1    1    1    1  1.29946E+14 0.00136 
   78   78    1    1    1    1    1    1    1    1  1.01597E+14 0.00170 
   79   79    1    1    1    1    1    1    1    1  1.05892E+14 0.00172 
   80   80    1    1    1    1    1    1    1    1  7.89348E+13 0.00164 
   81   81    1    1    1    1    1    1    1    1  6.09611E+13 0.00230 
   82   82    1    1    1    1    1    1    1    1  4.68918E+13 0.00161 
   83   83    1    1    1    1    1    1    1    1  4.35034E+13 0.00214 
   84   84    1    1    1    1    1    1    1    1  3.12204E+13 0.00299 
   85   85    1    1    1    1    1    1    1    1  2.24790E+13 0.00295 
   86   86    1    1    1    1    1    1    1    1  2.07981E+13 0.00408 
   87   87    1    1    1    1    1    1    1    1  1.26495E+13 0.00353 
   88   88    1    1    1    1    1    1    1    1  8.34920E+12 0.00400 
   89   89    1    1    1    1    1    1    1    1  4.76840E+12 0.00635 
   90   90    1    1    1    1    1    1    1    1  3.10855E+12 0.01084 
   91   91    1    1    1    1    1    1    1    1  1.52319E+12 0.01377 
   92   92    1    1    1    1    1    1    1    1  7.42614E+11 0.01508 
   93   93    1    1    1    1    1    1    1    1  3.61918E+11 0.02216 
   94   94    1    1    1    1    1    1    1    1  1.59170E+11 0.05131 
   95   95    1    1    1    1    1    1    1    1  7.70387E+10 0.06982 
   96   96    1    1    1    1    1    1    1    1  3.69728E+10 0.07489 
   97   97    1    1    1    1    1    1    1    1  1.97350E+10 0.11559 
   98   98    1    1    1    1    1    1    1    1  8.74376E+09 0.25833 
   99   99    1    1    1    1    1    1    1    1  3.69898E+09 0.25141 
  100  100    1    1    1    1    1    1    1    1  3.50214E+09 0.42025 
];


