
DETdpaspec = [
    1    1    1    1    1    1    1    1    1    1  0.00000E+00 0.00000 
    2    2    1    1    1    1    1    1    1    1  0.00000E+00 0.00000 
    3    3    1    1    1    1    1    1    1    1  0.00000E+00 0.00000 
    4    4    1    1    1    1    1    1    1    1  7.40645E+06 1.00000 
    5    5    1    1    1    1    1    1    1    1  0.00000E+00 0.00000 
    6    6    1    1    1    1    1    1    1    1  0.00000E+00 0.00000 
    7    7    1    1    1    1    1    1    1    1  9.90946E+06 1.00000 
    8    8    1    1    1    1    1    1    1    1  8.52163E+06 1.00000 
    9    9    1    1    1    1    1    1    1    1  0.00000E+00 0.00000 
   10   10    1    1    1    1    1    1    1    1  1.33768E+07 1.00000 
   11   11    1    1    1    1    1    1    1    1  5.72962E+07 1.00000 
   12   12    1    1    1    1    1    1    1    1  6.56425E+07 0.71383 
   13   13    1    1    1    1    1    1    1    1  1.31428E+09 0.41583 
   14   14    1    1    1    1    1    1    1    1  2.36412E+09 0.39878 
   15   15    1    1    1    1    1    1    1    1  1.74871E+09 0.45371 
   16   16    1    1    1    1    1    1    1    1  3.91208E+08 0.35614 
   17   17    1    1    1    1    1    1    1    1  1.67620E+09 0.28723 
   18   18    1    1    1    1    1    1    1    1  3.93327E+09 0.23853 
   19   19    1    1    1    1    1    1    1    1  3.49390E+09 0.22124 
   20   20    1    1    1    1    1    1    1    1  1.32228E+10 0.10435 
   21   21    1    1    1    1    1    1    1    1  1.04208E+10 0.11782 
   22   22    1    1    1    1    1    1    1    1  2.63762E+10 0.06855 
   23   23    1    1    1    1    1    1    1    1  5.46078E+10 0.06430 
   24   24    1    1    1    1    1    1    1    1  1.29990E+11 0.03316 
   25   25    1    1    1    1    1    1    1    1  2.23622E+11 0.03596 
   26   26    1    1    1    1    1    1    1    1  4.59534E+11 0.01950 
   27   27    1    1    1    1    1    1    1    1  9.62860E+11 0.01534 
   28   28    1    1    1    1    1    1    1    1  2.20683E+12 0.01160 
   29   29    1    1    1    1    1    1    1    1  3.31004E+12 0.00842 
   30   30    1    1    1    1    1    1    1    1  7.31539E+12 0.00580 
   31   31    1    1    1    1    1    1    1    1  1.70053E+13 0.00480 
   32   32    1    1    1    1    1    1    1    1  2.49004E+13 0.00349 
   33   33    1    1    1    1    1    1    1    1  4.86188E+13 0.00229 
   34   34    1    1    1    1    1    1    1    1  5.83578E+13 0.00134 
   35   35    1    1    1    1    1    1    1    1  7.56682E+13 0.00158 
   36   36    1    1    1    1    1    1    1    1  5.74488E+13 0.00151 
   37   37    1    1    1    1    1    1    1    1  1.75635E+13 0.00153 
   38   38    1    1    1    1    1    1    1    1  8.72396E+13 0.00142 
   39   39    1    1    1    1    1    1    1    1  1.07115E+14 0.00154 
   40   40    1    1    1    1    1    1    1    1  1.81087E+14 0.00099 
   41   41    1    1    1    1    1    1    1    1  1.70899E+14 0.00129 
   42   42    1    1    1    1    1    1    1    1  3.16630E+14 0.00108 
   43   43    1    1    1    1    1    1    1    1  3.49239E+14 0.00094 
   44   44    1    1    1    1    1    1    1    1  4.57745E+14 0.00093 
   45   45    1    1    1    1    1    1    1    1  8.28669E+14 0.00047 
   46   46    1    1    1    1    1    1    1    1  4.37137E+14 0.00078 
   47   47    1    1    1    1    1    1    1    1  6.27915E+14 0.00052 
   48   48    1    1    1    1    1    1    1    1  8.83442E+14 0.00068 
   49   49    1    1    1    1    1    1    1    1  8.02736E+14 0.00067 
   50   50    1    1    1    1    1    1    1    1  1.26023E+15 0.00058 
   51   51    1    1    1    1    1    1    1    1  9.88806E+14 0.00059 
   52   52    1    1    1    1    1    1    1    1  1.14658E+15 0.00093 
   53   53    1    1    1    1    1    1    1    1  8.19679E+14 0.00083 
   54   54    1    1    1    1    1    1    1    1  1.01289E+15 0.00066 
   55   55    1    1    1    1    1    1    1    1  7.19967E+14 0.00081 
   56   56    1    1    1    1    1    1    1    1  9.92168E+13 0.00093 
   57   57    1    1    1    1    1    1    1    1  1.40549E+15 0.00068 
   58   58    1    1    1    1    1    1    1    1  6.30530E+14 0.00079 
   59   59    1    1    1    1    1    1    1    1  6.85998E+14 0.00073 
   60   60    1    1    1    1    1    1    1    1  5.52262E+14 0.00080 
   61   61    1    1    1    1    1    1    1    1  5.52462E+14 0.00070 
   62   62    1    1    1    1    1    1    1    1  5.58486E+14 0.00079 
   63   63    1    1    1    1    1    1    1    1  4.70617E+14 0.00093 
   64   64    1    1    1    1    1    1    1    1  3.72753E+14 0.00076 
   65   65    1    1    1    1    1    1    1    1  3.67459E+14 0.00088 
   66   66    1    1    1    1    1    1    1    1  2.92566E+14 0.00086 
   67   67    1    1    1    1    1    1    1    1  2.40248E+14 0.00151 
   68   68    1    1    1    1    1    1    1    1  2.11943E+14 0.00113 
   69   69    1    1    1    1    1    1    1    1  2.58463E+14 0.00121 
   70   70    1    1    1    1    1    1    1    1  2.21859E+14 0.00096 
   71   71    1    1    1    1    1    1    1    1  4.11901E+14 0.00106 
   72   72    1    1    1    1    1    1    1    1  2.99502E+14 0.00128 
   73   73    1    1    1    1    1    1    1    1  2.32160E+14 0.00118 
   74   74    1    1    1    1    1    1    1    1  1.89495E+14 0.00152 
   75   75    1    1    1    1    1    1    1    1  1.57093E+14 0.00129 
   76   76    1    1    1    1    1    1    1    1  1.81166E+14 0.00151 
   77   77    1    1    1    1    1    1    1    1  1.42882E+14 0.00162 
   78   78    1    1    1    1    1    1    1    1  1.11648E+14 0.00143 
   79   79    1    1    1    1    1    1    1    1  1.16114E+14 0.00153 
   80   80    1    1    1    1    1    1    1    1  8.68248E+13 0.00163 
   81   81    1    1    1    1    1    1    1    1  6.71534E+13 0.00235 
   82   82    1    1    1    1    1    1    1    1  5.15241E+13 0.00310 
   83   83    1    1    1    1    1    1    1    1  4.83973E+13 0.00261 
   84   84    1    1    1    1    1    1    1    1  3.46360E+13 0.00325 
   85   85    1    1    1    1    1    1    1    1  2.51320E+13 0.00321 
   86   86    1    1    1    1    1    1    1    1  2.34546E+13 0.00271 
   87   87    1    1    1    1    1    1    1    1  1.45410E+13 0.00542 
   88   88    1    1    1    1    1    1    1    1  9.70170E+12 0.00627 
   89   89    1    1    1    1    1    1    1    1  5.59356E+12 0.00846 
   90   90    1    1    1    1    1    1    1    1  3.69369E+12 0.00831 
   91   91    1    1    1    1    1    1    1    1  1.83914E+12 0.01161 
   92   92    1    1    1    1    1    1    1    1  9.24671E+11 0.01698 
   93   93    1    1    1    1    1    1    1    1  4.53904E+11 0.03162 
   94   94    1    1    1    1    1    1    1    1  2.08722E+11 0.02397 
   95   95    1    1    1    1    1    1    1    1  1.02040E+11 0.04212 
   96   96    1    1    1    1    1    1    1    1  5.40255E+10 0.09463 
   97   97    1    1    1    1    1    1    1    1  2.45199E+10 0.11563 
   98   98    1    1    1    1    1    1    1    1  1.39086E+10 0.13849 
   99   99    1    1    1    1    1    1    1    1  7.59312E+09 0.15947 
  100  100    1    1    1    1    1    1    1    1  3.40852E+09 0.24651 
];


