
DETdpaspec = [
    1    1    1    1    1    1    1    1    1    1  0.00000E+00 0.00000 
    2    2    1    1    1    1    1    1    1    1  0.00000E+00 0.00000 
    3    3    1    1    1    1    1    1    1    1  0.00000E+00 0.00000 
    4    4    1    1    1    1    1    1    1    1  5.51832E+06 1.00000 
    5    5    1    1    1    1    1    1    1    1  5.43911E+06 1.00000 
    6    6    1    1    1    1    1    1    1    1  5.19906E+06 1.00000 
    7    7    1    1    1    1    1    1    1    1  2.35953E+07 0.71558 
    8    8    1    1    1    1    1    1    1    1  9.03874E+06 1.00000 
    9    9    1    1    1    1    1    1    1    1  2.89534E+07 0.79012 
   10   10    1    1    1    1    1    1    1    1  9.46497E+07 0.76315 
   11   11    1    1    1    1    1    1    1    1  9.12740E+07 1.00000 
   12   12    1    1    1    1    1    1    1    1  8.65829E+07 0.72500 
   13   13    1    1    1    1    1    1    1    1  1.76728E+09 0.26220 
   14   14    1    1    1    1    1    1    1    1  2.10342E+09 0.30232 
   15   15    1    1    1    1    1    1    1    1  2.43551E+09 0.25856 
   16   16    1    1    1    1    1    1    1    1  1.58470E+09 0.25658 
   17   17    1    1    1    1    1    1    1    1  2.53636E+09 0.22966 
   18   18    1    1    1    1    1    1    1    1  6.18693E+09 0.18863 
   19   19    1    1    1    1    1    1    1    1  8.44195E+09 0.16337 
   20   20    1    1    1    1    1    1    1    1  2.40454E+10 0.10404 
   21   21    1    1    1    1    1    1    1    1  1.59666E+10 0.08897 
   22   22    1    1    1    1    1    1    1    1  4.20099E+10 0.04833 
   23   23    1    1    1    1    1    1    1    1  7.40769E+10 0.04975 
   24   24    1    1    1    1    1    1    1    1  1.27982E+11 0.03554 
   25   25    1    1    1    1    1    1    1    1  1.90165E+11 0.04213 
   26   26    1    1    1    1    1    1    1    1  3.85459E+11 0.03084 
   27   27    1    1    1    1    1    1    1    1  7.76563E+11 0.02146 
   28   28    1    1    1    1    1    1    1    1  1.71699E+12 0.01145 
   29   29    1    1    1    1    1    1    1    1  2.49386E+12 0.01073 
   30   30    1    1    1    1    1    1    1    1  5.96899E+12 0.00582 
   31   31    1    1    1    1    1    1    1    1  1.43591E+13 0.00437 
   32   32    1    1    1    1    1    1    1    1  2.16946E+13 0.00405 
   33   33    1    1    1    1    1    1    1    1  4.30360E+13 0.00234 
   34   34    1    1    1    1    1    1    1    1  5.09459E+13 0.00227 
   35   35    1    1    1    1    1    1    1    1  7.00999E+13 0.00186 
   36   36    1    1    1    1    1    1    1    1  5.45741E+13 0.00174 
   37   37    1    1    1    1    1    1    1    1  1.69432E+13 0.00218 
   38   38    1    1    1    1    1    1    1    1  8.31528E+13 0.00170 
   39   39    1    1    1    1    1    1    1    1  1.02636E+14 0.00179 
   40   40    1    1    1    1    1    1    1    1  1.72199E+14 0.00136 
   41   41    1    1    1    1    1    1    1    1  1.64984E+14 0.00112 
   42   42    1    1    1    1    1    1    1    1  3.02787E+14 0.00113 
   43   43    1    1    1    1    1    1    1    1  3.34072E+14 0.00097 
   44   44    1    1    1    1    1    1    1    1  4.38038E+14 0.00074 
   45   45    1    1    1    1    1    1    1    1  7.90913E+14 0.00075 
   46   46    1    1    1    1    1    1    1    1  4.19028E+14 0.00106 
   47   47    1    1    1    1    1    1    1    1  6.05896E+14 0.00096 
   48   48    1    1    1    1    1    1    1    1  8.50498E+14 0.00078 
   49   49    1    1    1    1    1    1    1    1  7.78374E+14 0.00068 
   50   50    1    1    1    1    1    1    1    1  1.21180E+15 0.00068 
   51   51    1    1    1    1    1    1    1    1  9.61016E+14 0.00084 
   52   52    1    1    1    1    1    1    1    1  1.10313E+15 0.00083 
   53   53    1    1    1    1    1    1    1    1  7.91486E+14 0.00082 
   54   54    1    1    1    1    1    1    1    1  9.66706E+14 0.00066 
   55   55    1    1    1    1    1    1    1    1  6.89498E+14 0.00085 
   56   56    1    1    1    1    1    1    1    1  9.53956E+13 0.00126 
   57   57    1    1    1    1    1    1    1    1  1.34707E+15 0.00070 
   58   58    1    1    1    1    1    1    1    1  5.95549E+14 0.00079 
   59   59    1    1    1    1    1    1    1    1  6.51152E+14 0.00082 
   60   60    1    1    1    1    1    1    1    1  5.19193E+14 0.00117 
   61   61    1    1    1    1    1    1    1    1  5.20199E+14 0.00090 
   62   62    1    1    1    1    1    1    1    1  5.24560E+14 0.00090 
   63   63    1    1    1    1    1    1    1    1  4.40874E+14 0.00092 
   64   64    1    1    1    1    1    1    1    1  3.49006E+14 0.00130 
   65   65    1    1    1    1    1    1    1    1  3.43768E+14 0.00060 
   66   66    1    1    1    1    1    1    1    1  2.72615E+14 0.00106 
   67   67    1    1    1    1    1    1    1    1  2.24943E+14 0.00057 
   68   68    1    1    1    1    1    1    1    1  1.98867E+14 0.00145 
   69   69    1    1    1    1    1    1    1    1  2.41650E+14 0.00084 
   70   70    1    1    1    1    1    1    1    1  2.08122E+14 0.00132 
   71   71    1    1    1    1    1    1    1    1  3.90793E+14 0.00088 
   72   72    1    1    1    1    1    1    1    1  2.85066E+14 0.00107 
   73   73    1    1    1    1    1    1    1    1  2.20637E+14 0.00101 
   74   74    1    1    1    1    1    1    1    1  1.78004E+14 0.00146 
   75   75    1    1    1    1    1    1    1    1  1.46159E+14 0.00133 
   76   76    1    1    1    1    1    1    1    1  1.67858E+14 0.00129 
   77   77    1    1    1    1    1    1    1    1  1.31937E+14 0.00165 
   78   78    1    1    1    1    1    1    1    1  1.01715E+14 0.00127 
   79   79    1    1    1    1    1    1    1    1  1.05256E+14 0.00163 
   80   80    1    1    1    1    1    1    1    1  7.83495E+13 0.00161 
   81   81    1    1    1    1    1    1    1    1  6.03365E+13 0.00224 
   82   82    1    1    1    1    1    1    1    1  4.63819E+13 0.00275 
   83   83    1    1    1    1    1    1    1    1  4.37046E+13 0.00317 
   84   84    1    1    1    1    1    1    1    1  3.12898E+13 0.00297 
   85   85    1    1    1    1    1    1    1    1  2.25289E+13 0.00274 
   86   86    1    1    1    1    1    1    1    1  2.10424E+13 0.00273 
   87   87    1    1    1    1    1    1    1    1  1.30411E+13 0.00595 
   88   88    1    1    1    1    1    1    1    1  8.83296E+12 0.00627 
   89   89    1    1    1    1    1    1    1    1  5.09669E+12 0.00628 
   90   90    1    1    1    1    1    1    1    1  3.31402E+12 0.00935 
   91   91    1    1    1    1    1    1    1    1  1.71503E+12 0.01026 
   92   92    1    1    1    1    1    1    1    1  8.07810E+11 0.01752 
   93   93    1    1    1    1    1    1    1    1  4.07325E+11 0.02775 
   94   94    1    1    1    1    1    1    1    1  2.04165E+11 0.03985 
   95   95    1    1    1    1    1    1    1    1  8.49949E+10 0.05005 
   96   96    1    1    1    1    1    1    1    1  4.86625E+10 0.07704 
   97   97    1    1    1    1    1    1    1    1  2.44292E+10 0.11807 
   98   98    1    1    1    1    1    1    1    1  9.51153E+09 0.12584 
   99   99    1    1    1    1    1    1    1    1  3.72355E+09 0.36015 
  100  100    1    1    1    1    1    1    1    1  3.89838E+09 0.33808 
];


