
DETdpaspec = [
    1    1    1    1    1    1    1    1    1    1  0.00000E+00 0.00000 
    2    2    1    1    1    1    1    1    1    1  0.00000E+00 0.00000 
    3    3    1    1    1    1    1    1    1    1  0.00000E+00 0.00000 
    4    4    1    1    1    1    1    1    1    1  0.00000E+00 0.00000 
    5    5    1    1    1    1    1    1    1    1  0.00000E+00 0.00000 
    6    6    1    1    1    1    1    1    1    1  0.00000E+00 0.00000 
    7    7    1    1    1    1    1    1    1    1  0.00000E+00 0.00000 
    8    8    1    1    1    1    1    1    1    1  0.00000E+00 0.00000 
    9    9    1    1    1    1    1    1    1    1  0.00000E+00 0.00000 
   10   10    1    1    1    1    1    1    1    1  0.00000E+00 0.00000 
   11   11    1    1    1    1    1    1    1    1  0.00000E+00 0.00000 
   12   12    1    1    1    1    1    1    1    1  1.49294E+08 0.79423 
   13   13    1    1    1    1    1    1    1    1  1.31406E+09 0.39167 
   14   14    1    1    1    1    1    1    1    1  9.79928E+08 0.43516 
   15   15    1    1    1    1    1    1    1    1  2.35156E+08 0.68833 
   16   16    1    1    1    1    1    1    1    1  2.28352E+08 0.50401 
   17   17    1    1    1    1    1    1    1    1  6.54338E+08 0.41875 
   18   18    1    1    1    1    1    1    1    1  1.62852E+09 0.35697 
   19   19    1    1    1    1    1    1    1    1  4.09618E+09 0.19042 
   20   20    1    1    1    1    1    1    1    1  7.46307E+09 0.18191 
   21   21    1    1    1    1    1    1    1    1  1.14012E+10 0.09311 
   22   22    1    1    1    1    1    1    1    1  6.31004E+10 0.04999 
   23   23    1    1    1    1    1    1    1    1  2.70355E+11 0.03545 
   24   24    1    1    1    1    1    1    1    1  6.94272E+11 0.01512 
   25   25    1    1    1    1    1    1    1    1  1.13687E+12 0.01205 
   26   26    1    1    1    1    1    1    1    1  2.15952E+12 0.00851 
   27   27    1    1    1    1    1    1    1    1  3.87208E+12 0.00556 
   28   28    1    1    1    1    1    1    1    1  7.40337E+12 0.00593 
   29   29    1    1    1    1    1    1    1    1  1.04927E+13 0.00475 
   30   30    1    1    1    1    1    1    1    1  1.84129E+13 0.00284 
   31   31    1    1    1    1    1    1    1    1  3.53482E+13 0.00297 
   32   32    1    1    1    1    1    1    1    1  4.60108E+13 0.00220 
   33   33    1    1    1    1    1    1    1    1  8.13614E+13 0.00162 
   34   34    1    1    1    1    1    1    1    1  9.41570E+13 0.00174 
   35   35    1    1    1    1    1    1    1    1  1.07042E+14 0.00154 
   36   36    1    1    1    1    1    1    1    1  7.56927E+13 0.00157 
   37   37    1    1    1    1    1    1    1    1  2.23377E+13 0.00126 
   38   38    1    1    1    1    1    1    1    1  1.12090E+14 0.00102 
   39   39    1    1    1    1    1    1    1    1  1.35614E+14 0.00095 
   40   40    1    1    1    1    1    1    1    1  2.26708E+14 0.00085 
   41   41    1    1    1    1    1    1    1    1  2.05638E+14 0.00111 
   42   42    1    1    1    1    1    1    1    1  3.79765E+14 0.00098 
   43   43    1    1    1    1    1    1    1    1  4.11559E+14 0.00090 
   44   44    1    1    1    1    1    1    1    1  5.29747E+14 0.00083 
   45   45    1    1    1    1    1    1    1    1  9.43665E+14 0.00071 
   46   46    1    1    1    1    1    1    1    1  4.87210E+14 0.00070 
   47   47    1    1    1    1    1    1    1    1  6.89353E+14 0.00061 
   48   48    1    1    1    1    1    1    1    1  9.57420E+14 0.00051 
   49   49    1    1    1    1    1    1    1    1  8.53905E+14 0.00072 
   50   50    1    1    1    1    1    1    1    1  1.33990E+15 0.00050 
   51   51    1    1    1    1    1    1    1    1  1.02980E+15 0.00055 
   52   52    1    1    1    1    1    1    1    1  1.19433E+15 0.00054 
   53   53    1    1    1    1    1    1    1    1  8.45276E+14 0.00064 
   54   54    1    1    1    1    1    1    1    1  1.04844E+15 0.00058 
   55   55    1    1    1    1    1    1    1    1  7.40756E+14 0.00059 
   56   56    1    1    1    1    1    1    1    1  1.01797E+14 0.00098 
   57   57    1    1    1    1    1    1    1    1  1.43480E+15 0.00057 
   58   58    1    1    1    1    1    1    1    1  6.49440E+14 0.00061 
   59   59    1    1    1    1    1    1    1    1  6.99585E+14 0.00032 
   60   60    1    1    1    1    1    1    1    1  5.68149E+14 0.00077 
   61   61    1    1    1    1    1    1    1    1  5.66395E+14 0.00064 
   62   62    1    1    1    1    1    1    1    1  5.70704E+14 0.00094 
   63   63    1    1    1    1    1    1    1    1  4.80231E+14 0.00054 
   64   64    1    1    1    1    1    1    1    1  3.79569E+14 0.00055 
   65   65    1    1    1    1    1    1    1    1  3.71975E+14 0.00064 
   66   66    1    1    1    1    1    1    1    1  2.96231E+14 0.00100 
   67   67    1    1    1    1    1    1    1    1  2.41771E+14 0.00111 
   68   68    1    1    1    1    1    1    1    1  2.12848E+14 0.00125 
   69   69    1    1    1    1    1    1    1    1  2.58040E+14 0.00099 
   70   70    1    1    1    1    1    1    1    1  2.20717E+14 0.00147 
   71   71    1    1    1    1    1    1    1    1  4.04290E+14 0.00096 
   72   72    1    1    1    1    1    1    1    1  2.91518E+14 0.00080 
   73   73    1    1    1    1    1    1    1    1  2.25587E+14 0.00123 
   74   74    1    1    1    1    1    1    1    1  1.85226E+14 0.00095 
   75   75    1    1    1    1    1    1    1    1  1.55056E+14 0.00116 
   76   76    1    1    1    1    1    1    1    1  1.80423E+14 0.00147 
   77   77    1    1    1    1    1    1    1    1  1.43614E+14 0.00180 
   78   78    1    1    1    1    1    1    1    1  1.12528E+14 0.00198 
   79   79    1    1    1    1    1    1    1    1  1.17259E+14 0.00133 
   80   80    1    1    1    1    1    1    1    1  8.75721E+13 0.00131 
   81   81    1    1    1    1    1    1    1    1  6.78784E+13 0.00201 
   82   82    1    1    1    1    1    1    1    1  5.23252E+13 0.00180 
   83   83    1    1    1    1    1    1    1    1  4.88981E+13 0.00251 
   84   84    1    1    1    1    1    1    1    1  3.50584E+13 0.00303 
   85   85    1    1    1    1    1    1    1    1  2.53968E+13 0.00314 
   86   86    1    1    1    1    1    1    1    1  2.35912E+13 0.00262 
   87   87    1    1    1    1    1    1    1    1  1.45124E+13 0.00390 
   88   88    1    1    1    1    1    1    1    1  9.64472E+12 0.00512 
   89   89    1    1    1    1    1    1    1    1  5.54857E+12 0.00618 
   90   90    1    1    1    1    1    1    1    1  3.60004E+12 0.01101 
   91   91    1    1    1    1    1    1    1    1  1.80346E+12 0.01258 
   92   92    1    1    1    1    1    1    1    1  8.72117E+11 0.01795 
   93   93    1    1    1    1    1    1    1    1  4.24700E+11 0.02751 
   94   94    1    1    1    1    1    1    1    1  1.92655E+11 0.03190 
   95   95    1    1    1    1    1    1    1    1  9.38842E+10 0.05289 
   96   96    1    1    1    1    1    1    1    1  4.90309E+10 0.06103 
   97   97    1    1    1    1    1    1    1    1  2.26239E+10 0.09166 
   98   98    1    1    1    1    1    1    1    1  7.99470E+09 0.18075 
   99   99    1    1    1    1    1    1    1    1  4.17779E+09 0.22793 
  100  100    1    1    1    1    1    1    1    1  4.43479E+09 0.24960 
];


