
DETdpaspec = [
    1    1    1    1    1    1    1    1    1    1  0.00000E+00 0.00000 
    2    2    1    1    1    1    1    1    1    1  0.00000E+00 0.00000 
    3    3    1    1    1    1    1    1    1    1  0.00000E+00 0.00000 
    4    4    1    1    1    1    1    1    1    1  7.48821E+06 1.00000 
    5    5    1    1    1    1    1    1    1    1  0.00000E+00 0.00000 
    6    6    1    1    1    1    1    1    1    1  0.00000E+00 0.00000 
    7    7    1    1    1    1    1    1    1    1  0.00000E+00 0.00000 
    8    8    1    1    1    1    1    1    1    1  0.00000E+00 0.00000 
    9    9    1    1    1    1    1    1    1    1  3.58106E+06 1.00000 
   10   10    1    1    1    1    1    1    1    1  9.13110E+07 0.68945 
   11   11    1    1    1    1    1    1    1    1  9.71893E+07 1.00000 
   12   12    1    1    1    1    1    1    1    1  2.73035E+07 0.68055 
   13   13    1    1    1    1    1    1    1    1  1.13264E+09 0.49003 
   14   14    1    1    1    1    1    1    1    1  2.13894E+09 0.39059 
   15   15    1    1    1    1    1    1    1    1  2.68385E+09 0.34806 
   16   16    1    1    1    1    1    1    1    1  8.16709E+08 0.31397 
   17   17    1    1    1    1    1    1    1    1  1.73680E+09 0.23758 
   18   18    1    1    1    1    1    1    1    1  3.61409E+09 0.18314 
   19   19    1    1    1    1    1    1    1    1  5.68745E+09 0.24285 
   20   20    1    1    1    1    1    1    1    1  1.24045E+10 0.10399 
   21   21    1    1    1    1    1    1    1    1  1.17098E+10 0.07170 
   22   22    1    1    1    1    1    1    1    1  3.10033E+10 0.11717 
   23   23    1    1    1    1    1    1    1    1  5.52680E+10 0.05197 
   24   24    1    1    1    1    1    1    1    1  1.28429E+11 0.03829 
   25   25    1    1    1    1    1    1    1    1  2.04920E+11 0.02759 
   26   26    1    1    1    1    1    1    1    1  4.28969E+11 0.02491 
   27   27    1    1    1    1    1    1    1    1  8.98212E+11 0.02169 
   28   28    1    1    1    1    1    1    1    1  2.06777E+12 0.01253 
   29   29    1    1    1    1    1    1    1    1  3.10570E+12 0.00874 
   30   30    1    1    1    1    1    1    1    1  7.01393E+12 0.00611 
   31   31    1    1    1    1    1    1    1    1  1.62875E+13 0.00431 
   32   32    1    1    1    1    1    1    1    1  2.39692E+13 0.00391 
   33   33    1    1    1    1    1    1    1    1  4.71515E+13 0.00327 
   34   34    1    1    1    1    1    1    1    1  5.65889E+13 0.00259 
   35   35    1    1    1    1    1    1    1    1  7.39837E+13 0.00246 
   36   36    1    1    1    1    1    1    1    1  5.64488E+13 0.00211 
   37   37    1    1    1    1    1    1    1    1  1.73040E+13 0.00215 
   38   38    1    1    1    1    1    1    1    1  8.59891E+13 0.00150 
   39   39    1    1    1    1    1    1    1    1  1.05956E+14 0.00113 
   40   40    1    1    1    1    1    1    1    1  1.78671E+14 0.00118 
   41   41    1    1    1    1    1    1    1    1  1.68720E+14 0.00123 
   42   42    1    1    1    1    1    1    1    1  3.13376E+14 0.00083 
   43   43    1    1    1    1    1    1    1    1  3.45533E+14 0.00108 
   44   44    1    1    1    1    1    1    1    1  4.53624E+14 0.00112 
   45   45    1    1    1    1    1    1    1    1  8.21897E+14 0.00071 
   46   46    1    1    1    1    1    1    1    1  4.34797E+14 0.00069 
   47   47    1    1    1    1    1    1    1    1  6.24908E+14 0.00063 
   48   48    1    1    1    1    1    1    1    1  8.79151E+14 0.00079 
   49   49    1    1    1    1    1    1    1    1  7.99707E+14 0.00060 
   50   50    1    1    1    1    1    1    1    1  1.25457E+15 0.00065 
   51   51    1    1    1    1    1    1    1    1  9.86809E+14 0.00074 
   52   52    1    1    1    1    1    1    1    1  1.14019E+15 0.00071 
   53   53    1    1    1    1    1    1    1    1  8.17330E+14 0.00065 
   54   54    1    1    1    1    1    1    1    1  1.00729E+15 0.00086 
   55   55    1    1    1    1    1    1    1    1  7.17003E+14 0.00072 
   56   56    1    1    1    1    1    1    1    1  9.89550E+13 0.00102 
   57   57    1    1    1    1    1    1    1    1  1.39987E+15 0.00062 
   58   58    1    1    1    1    1    1    1    1  6.26632E+14 0.00088 
   59   59    1    1    1    1    1    1    1    1  6.82440E+14 0.00061 
   60   60    1    1    1    1    1    1    1    1  5.48986E+14 0.00091 
   61   61    1    1    1    1    1    1    1    1  5.49368E+14 0.00056 
   62   62    1    1    1    1    1    1    1    1  5.55043E+14 0.00085 
   63   63    1    1    1    1    1    1    1    1  4.67348E+14 0.00099 
   64   64    1    1    1    1    1    1    1    1  3.70037E+14 0.00089 
   65   65    1    1    1    1    1    1    1    1  3.65167E+14 0.00086 
   66   66    1    1    1    1    1    1    1    1  2.90527E+14 0.00122 
   67   67    1    1    1    1    1    1    1    1  2.38712E+14 0.00131 
   68   68    1    1    1    1    1    1    1    1  2.10910E+14 0.00125 
   69   69    1    1    1    1    1    1    1    1  2.56310E+14 0.00112 
   70   70    1    1    1    1    1    1    1    1  2.20730E+14 0.00131 
   71   71    1    1    1    1    1    1    1    1  4.09803E+14 0.00080 
   72   72    1    1    1    1    1    1    1    1  2.98284E+14 0.00108 
   73   73    1    1    1    1    1    1    1    1  2.30814E+14 0.00093 
   74   74    1    1    1    1    1    1    1    1  1.88517E+14 0.00131 
   75   75    1    1    1    1    1    1    1    1  1.56307E+14 0.00090 
   76   76    1    1    1    1    1    1    1    1  1.80043E+14 0.00117 
   77   77    1    1    1    1    1    1    1    1  1.42255E+14 0.00156 
   78   78    1    1    1    1    1    1    1    1  1.10916E+14 0.00170 
   79   79    1    1    1    1    1    1    1    1  1.14610E+14 0.00167 
   80   80    1    1    1    1    1    1    1    1  8.57418E+13 0.00171 
   81   81    1    1    1    1    1    1    1    1  6.63558E+13 0.00281 
   82   82    1    1    1    1    1    1    1    1  5.11519E+13 0.00252 
   83   83    1    1    1    1    1    1    1    1  4.77229E+13 0.00209 
   84   84    1    1    1    1    1    1    1    1  3.42788E+13 0.00251 
   85   85    1    1    1    1    1    1    1    1  2.47319E+13 0.00325 
   86   86    1    1    1    1    1    1    1    1  2.30361E+13 0.00431 
   87   87    1    1    1    1    1    1    1    1  1.43707E+13 0.00410 
   88   88    1    1    1    1    1    1    1    1  9.70934E+12 0.00412 
   89   89    1    1    1    1    1    1    1    1  5.51305E+12 0.00674 
   90   90    1    1    1    1    1    1    1    1  3.66967E+12 0.00864 
   91   91    1    1    1    1    1    1    1    1  1.82555E+12 0.01267 
   92   92    1    1    1    1    1    1    1    1  9.02901E+11 0.01359 
   93   93    1    1    1    1    1    1    1    1  4.24134E+11 0.03226 
   94   94    1    1    1    1    1    1    1    1  2.20716E+11 0.02869 
   95   95    1    1    1    1    1    1    1    1  1.06558E+11 0.04871 
   96   96    1    1    1    1    1    1    1    1  4.63760E+10 0.09283 
   97   97    1    1    1    1    1    1    1    1  2.25345E+10 0.11284 
   98   98    1    1    1    1    1    1    1    1  1.08315E+10 0.12658 
   99   99    1    1    1    1    1    1    1    1  5.53429E+09 0.22172 
  100  100    1    1    1    1    1    1    1    1  4.63252E+09 0.22415 
];


