
DETdpaspec = [
    1    1    1    1    1    1    1    1    1    1  0.00000E+00 0.00000 
    2    2    1    1    1    1    1    1    1    1  0.00000E+00 0.00000 
    3    3    1    1    1    1    1    1    1    1  0.00000E+00 0.00000 
    4    4    1    1    1    1    1    1    1    1  0.00000E+00 0.00000 
    5    5    1    1    1    1    1    1    1    1  0.00000E+00 0.00000 
    6    6    1    1    1    1    1    1    1    1  0.00000E+00 0.00000 
    7    7    1    1    1    1    1    1    1    1  1.01626E+07 1.00000 
    8    8    1    1    1    1    1    1    1    1  1.00107E+07 1.00000 
    9    9    1    1    1    1    1    1    1    1  8.74004E+06 1.00000 
   10   10    1    1    1    1    1    1    1    1  3.49577E+07 0.71469 
   11   11    1    1    1    1    1    1    1    1  0.00000E+00 0.00000 
   12   12    1    1    1    1    1    1    1    1  4.83950E+07 0.53742 
   13   13    1    1    1    1    1    1    1    1  8.56916E+08 0.41396 
   14   14    1    1    1    1    1    1    1    1  1.43529E+09 0.44499 
   15   15    1    1    1    1    1    1    1    1  1.49396E+09 0.46792 
   16   16    1    1    1    1    1    1    1    1  8.94083E+08 0.30631 
   17   17    1    1    1    1    1    1    1    1  1.56015E+09 0.24559 
   18   18    1    1    1    1    1    1    1    1  4.76826E+09 0.21334 
   19   19    1    1    1    1    1    1    1    1  3.90283E+09 0.25165 
   20   20    1    1    1    1    1    1    1    1  1.35021E+10 0.13219 
   21   21    1    1    1    1    1    1    1    1  1.40704E+10 0.10579 
   22   22    1    1    1    1    1    1    1    1  2.87019E+10 0.07310 
   23   23    1    1    1    1    1    1    1    1  5.66238E+10 0.06778 
   24   24    1    1    1    1    1    1    1    1  1.22116E+11 0.03298 
   25   25    1    1    1    1    1    1    1    1  1.97804E+11 0.03551 
   26   26    1    1    1    1    1    1    1    1  4.38621E+11 0.01631 
   27   27    1    1    1    1    1    1    1    1  9.32113E+11 0.01536 
   28   28    1    1    1    1    1    1    1    1  2.17945E+12 0.01055 
   29   29    1    1    1    1    1    1    1    1  3.31535E+12 0.00762 
   30   30    1    1    1    1    1    1    1    1  7.28881E+12 0.00505 
   31   31    1    1    1    1    1    1    1    1  1.68372E+13 0.00485 
   32   32    1    1    1    1    1    1    1    1  2.46623E+13 0.00350 
   33   33    1    1    1    1    1    1    1    1  4.83511E+13 0.00247 
   34   34    1    1    1    1    1    1    1    1  5.79973E+13 0.00200 
   35   35    1    1    1    1    1    1    1    1  7.51105E+13 0.00199 
   36   36    1    1    1    1    1    1    1    1  5.71803E+13 0.00140 
   37   37    1    1    1    1    1    1    1    1  1.74787E+13 0.00168 
   38   38    1    1    1    1    1    1    1    1  8.68385E+13 0.00171 
   39   39    1    1    1    1    1    1    1    1  1.07060E+14 0.00130 
   40   40    1    1    1    1    1    1    1    1  1.80618E+14 0.00109 
   41   41    1    1    1    1    1    1    1    1  1.70404E+14 0.00114 
   42   42    1    1    1    1    1    1    1    1  3.15953E+14 0.00096 
   43   43    1    1    1    1    1    1    1    1  3.47803E+14 0.00055 
   44   44    1    1    1    1    1    1    1    1  4.55899E+14 0.00078 
   45   45    1    1    1    1    1    1    1    1  8.26606E+14 0.00063 
   46   46    1    1    1    1    1    1    1    1  4.36236E+14 0.00070 
   47   47    1    1    1    1    1    1    1    1  6.26931E+14 0.00083 
   48   48    1    1    1    1    1    1    1    1  8.83353E+14 0.00082 
   49   49    1    1    1    1    1    1    1    1  8.01765E+14 0.00060 
   50   50    1    1    1    1    1    1    1    1  1.25886E+15 0.00059 
   51   51    1    1    1    1    1    1    1    1  9.89094E+14 0.00055 
   52   52    1    1    1    1    1    1    1    1  1.14547E+15 0.00070 
   53   53    1    1    1    1    1    1    1    1  8.19792E+14 0.00060 
   54   54    1    1    1    1    1    1    1    1  1.01090E+15 0.00053 
   55   55    1    1    1    1    1    1    1    1  7.19794E+14 0.00077 
   56   56    1    1    1    1    1    1    1    1  9.92895E+13 0.00122 
   57   57    1    1    1    1    1    1    1    1  1.40420E+15 0.00063 
   58   58    1    1    1    1    1    1    1    1  6.29435E+14 0.00092 
   59   59    1    1    1    1    1    1    1    1  6.84800E+14 0.00076 
   60   60    1    1    1    1    1    1    1    1  5.51109E+14 0.00079 
   61   61    1    1    1    1    1    1    1    1  5.51661E+14 0.00083 
   62   62    1    1    1    1    1    1    1    1  5.57714E+14 0.00082 
   63   63    1    1    1    1    1    1    1    1  4.69511E+14 0.00092 
   64   64    1    1    1    1    1    1    1    1  3.71985E+14 0.00101 
   65   65    1    1    1    1    1    1    1    1  3.66341E+14 0.00071 
   66   66    1    1    1    1    1    1    1    1  2.92122E+14 0.00141 
   67   67    1    1    1    1    1    1    1    1  2.40006E+14 0.00109 
   68   68    1    1    1    1    1    1    1    1  2.11965E+14 0.00117 
   69   69    1    1    1    1    1    1    1    1  2.57615E+14 0.00111 
   70   70    1    1    1    1    1    1    1    1  2.21520E+14 0.00147 
   71   71    1    1    1    1    1    1    1    1  4.10973E+14 0.00092 
   72   72    1    1    1    1    1    1    1    1  2.98904E+14 0.00077 
   73   73    1    1    1    1    1    1    1    1  2.31832E+14 0.00091 
   74   74    1    1    1    1    1    1    1    1  1.89388E+14 0.00163 
   75   75    1    1    1    1    1    1    1    1  1.56517E+14 0.00132 
   76   76    1    1    1    1    1    1    1    1  1.81093E+14 0.00130 
   77   77    1    1    1    1    1    1    1    1  1.43010E+14 0.00101 
   78   78    1    1    1    1    1    1    1    1  1.11449E+14 0.00140 
   79   79    1    1    1    1    1    1    1    1  1.15577E+14 0.00162 
   80   80    1    1    1    1    1    1    1    1  8.63863E+13 0.00212 
   81   81    1    1    1    1    1    1    1    1  6.68568E+13 0.00169 
   82   82    1    1    1    1    1    1    1    1  5.16648E+13 0.00230 
   83   83    1    1    1    1    1    1    1    1  4.82077E+13 0.00235 
   84   84    1    1    1    1    1    1    1    1  3.45709E+13 0.00285 
   85   85    1    1    1    1    1    1    1    1  2.51190E+13 0.00403 
   86   86    1    1    1    1    1    1    1    1  2.34074E+13 0.00283 
   87   87    1    1    1    1    1    1    1    1  1.44090E+13 0.00455 
   88   88    1    1    1    1    1    1    1    1  9.76393E+12 0.00508 
   89   89    1    1    1    1    1    1    1    1  5.59005E+12 0.00709 
   90   90    1    1    1    1    1    1    1    1  3.69198E+12 0.00747 
   91   91    1    1    1    1    1    1    1    1  1.86077E+12 0.01171 
   92   92    1    1    1    1    1    1    1    1  9.00756E+11 0.01714 
   93   93    1    1    1    1    1    1    1    1  4.51420E+11 0.02690 
   94   94    1    1    1    1    1    1    1    1  2.04149E+11 0.03805 
   95   95    1    1    1    1    1    1    1    1  9.95801E+10 0.04241 
   96   96    1    1    1    1    1    1    1    1  4.55059E+10 0.06213 
   97   97    1    1    1    1    1    1    1    1  1.86307E+10 0.14837 
   98   98    1    1    1    1    1    1    1    1  1.02413E+10 0.19175 
   99   99    1    1    1    1    1    1    1    1  4.08139E+09 0.22329 
  100  100    1    1    1    1    1    1    1    1  4.31610E+09 0.19885 
];


