
DETdpaspec = [
    1    1    1    1    1    1    1    1    1    1  0.00000E+00 0.00000 
    2    2    1    1    1    1    1    1    1    1  0.00000E+00 0.00000 
    3    3    1    1    1    1    1    1    1    1  0.00000E+00 0.00000 
    4    4    1    1    1    1    1    1    1    1  0.00000E+00 0.00000 
    5    5    1    1    1    1    1    1    1    1  1.81421E+07 1.00000 
    6    6    1    1    1    1    1    1    1    1  0.00000E+00 0.00000 
    7    7    1    1    1    1    1    1    1    1  0.00000E+00 0.00000 
    8    8    1    1    1    1    1    1    1    1  0.00000E+00 0.00000 
    9    9    1    1    1    1    1    1    1    1  0.00000E+00 0.00000 
   10   10    1    1    1    1    1    1    1    1  5.58428E+07 0.73176 
   11   11    1    1    1    1    1    1    1    1  4.74014E+07 1.00000 
   12   12    1    1    1    1    1    1    1    1  1.25936E+08 1.00000 
   13   13    1    1    1    1    1    1    1    1  5.32822E+08 0.69871 
   14   14    1    1    1    1    1    1    1    1  1.32193E+09 0.54671 
   15   15    1    1    1    1    1    1    1    1  1.11129E+09 0.45896 
   16   16    1    1    1    1    1    1    1    1  8.28173E+08 0.42889 
   17   17    1    1    1    1    1    1    1    1  7.39132E+08 0.45446 
   18   18    1    1    1    1    1    1    1    1  1.94753E+09 0.29059 
   19   19    1    1    1    1    1    1    1    1  3.02742E+09 0.20194 
   20   20    1    1    1    1    1    1    1    1  1.21010E+10 0.14271 
   21   21    1    1    1    1    1    1    1    1  2.98491E+10 0.06657 
   22   22    1    1    1    1    1    1    1    1  1.45801E+11 0.04409 
   23   23    1    1    1    1    1    1    1    1  5.51437E+11 0.02271 
   24   24    1    1    1    1    1    1    1    1  1.34813E+12 0.01770 
   25   25    1    1    1    1    1    1    1    1  1.99014E+12 0.01212 
   26   26    1    1    1    1    1    1    1    1  3.58853E+12 0.00786 
   27   27    1    1    1    1    1    1    1    1  6.07440E+12 0.00643 
   28   28    1    1    1    1    1    1    1    1  1.07585E+13 0.00428 
   29   29    1    1    1    1    1    1    1    1  1.45590E+13 0.00446 
   30   30    1    1    1    1    1    1    1    1  2.42724E+13 0.00353 
   31   31    1    1    1    1    1    1    1    1  4.35174E+13 0.00258 
   32   32    1    1    1    1    1    1    1    1  5.52103E+13 0.00171 
   33   33    1    1    1    1    1    1    1    1  9.44853E+13 0.00144 
   34   34    1    1    1    1    1    1    1    1  1.07366E+14 0.00133 
   35   35    1    1    1    1    1    1    1    1  1.18357E+14 0.00119 
   36   36    1    1    1    1    1    1    1    1  8.24419E+13 0.00108 
   37   37    1    1    1    1    1    1    1    1  2.41091E+13 0.00142 
   38   38    1    1    1    1    1    1    1    1  1.20821E+14 0.00104 
   39   39    1    1    1    1    1    1    1    1  1.45229E+14 0.00131 
   40   40    1    1    1    1    1    1    1    1  2.41621E+14 0.00103 
   41   41    1    1    1    1    1    1    1    1  2.17176E+14 0.00094 
   42   42    1    1    1    1    1    1    1    1  3.98886E+14 0.00069 
   43   43    1    1    1    1    1    1    1    1  4.30428E+14 0.00063 
   44   44    1    1    1    1    1    1    1    1  5.51187E+14 0.00081 
   45   45    1    1    1    1    1    1    1    1  9.74800E+14 0.00084 
   46   46    1    1    1    1    1    1    1    1  5.00039E+14 0.00073 
   47   47    1    1    1    1    1    1    1    1  7.04127E+14 0.00067 
   48   48    1    1    1    1    1    1    1    1  9.74205E+14 0.00068 
   49   49    1    1    1    1    1    1    1    1  8.64059E+14 0.00073 
   50   50    1    1    1    1    1    1    1    1  1.35223E+15 0.00049 
   51   51    1    1    1    1    1    1    1    1  1.03405E+15 0.00053 
   52   52    1    1    1    1    1    1    1    1  1.19733E+15 0.00069 
   53   53    1    1    1    1    1    1    1    1  8.44606E+14 0.00073 
   54   54    1    1    1    1    1    1    1    1  1.04587E+15 0.00054 
   55   55    1    1    1    1    1    1    1    1  7.37251E+14 0.00070 
   56   56    1    1    1    1    1    1    1    1  1.01120E+14 0.00129 
   57   57    1    1    1    1    1    1    1    1  1.42388E+15 0.00061 
   58   58    1    1    1    1    1    1    1    1  6.43924E+14 0.00064 
   59   59    1    1    1    1    1    1    1    1  6.92201E+14 0.00060 
   60   60    1    1    1    1    1    1    1    1  5.61077E+14 0.00053 
   61   61    1    1    1    1    1    1    1    1  5.59428E+14 0.00055 
   62   62    1    1    1    1    1    1    1    1  5.62975E+14 0.00101 
   63   63    1    1    1    1    1    1    1    1  4.72771E+14 0.00065 
   64   64    1    1    1    1    1    1    1    1  3.73903E+14 0.00072 
   65   65    1    1    1    1    1    1    1    1  3.65945E+14 0.00079 
   66   66    1    1    1    1    1    1    1    1  2.91296E+14 0.00099 
   67   67    1    1    1    1    1    1    1    1  2.37363E+14 0.00097 
   68   68    1    1    1    1    1    1    1    1  2.08190E+14 0.00103 
   69   69    1    1    1    1    1    1    1    1  2.53160E+14 0.00100 
   70   70    1    1    1    1    1    1    1    1  2.15689E+14 0.00103 
   71   71    1    1    1    1    1    1    1    1  3.93168E+14 0.00082 
   72   72    1    1    1    1    1    1    1    1  2.83840E+14 0.00107 
   73   73    1    1    1    1    1    1    1    1  2.18691E+14 0.00099 
   74   74    1    1    1    1    1    1    1    1  1.79720E+14 0.00098 
   75   75    1    1    1    1    1    1    1    1  1.49814E+14 0.00128 
   76   76    1    1    1    1    1    1    1    1  1.75207E+14 0.00093 
   77   77    1    1    1    1    1    1    1    1  1.39597E+14 0.00155 
   78   78    1    1    1    1    1    1    1    1  1.09164E+14 0.00135 
   79   79    1    1    1    1    1    1    1    1  1.13645E+14 0.00166 
   80   80    1    1    1    1    1    1    1    1  8.51137E+13 0.00120 
   81   81    1    1    1    1    1    1    1    1  6.58967E+13 0.00175 
   82   82    1    1    1    1    1    1    1    1  5.08008E+13 0.00248 
   83   83    1    1    1    1    1    1    1    1  4.72711E+13 0.00192 
   84   84    1    1    1    1    1    1    1    1  3.37858E+13 0.00280 
   85   85    1    1    1    1    1    1    1    1  2.43562E+13 0.00355 
   86   86    1    1    1    1    1    1    1    1  2.28028E+13 0.00332 
   87   87    1    1    1    1    1    1    1    1  1.38787E+13 0.00488 
   88   88    1    1    1    1    1    1    1    1  9.31718E+12 0.00696 
   89   89    1    1    1    1    1    1    1    1  5.30708E+12 0.00656 
   90   90    1    1    1    1    1    1    1    1  3.43397E+12 0.01055 
   91   91    1    1    1    1    1    1    1    1  1.72385E+12 0.01216 
   92   92    1    1    1    1    1    1    1    1  8.29848E+11 0.02054 
   93   93    1    1    1    1    1    1    1    1  4.00318E+11 0.03216 
   94   94    1    1    1    1    1    1    1    1  1.93226E+11 0.03246 
   95   95    1    1    1    1    1    1    1    1  9.07504E+10 0.05255 
   96   96    1    1    1    1    1    1    1    1  4.15895E+10 0.07688 
   97   97    1    1    1    1    1    1    1    1  1.76618E+10 0.17216 
   98   98    1    1    1    1    1    1    1    1  7.43797E+09 0.13060 
   99   99    1    1    1    1    1    1    1    1  3.98864E+09 0.22313 
  100  100    1    1    1    1    1    1    1    1  3.59908E+09 0.29690 
];


