
DETdpaspec = [
    1    1    1    1    1    1    1    1    1    1  0.00000E+00 0.00000 
    2    2    1    1    1    1    1    1    1    1  0.00000E+00 0.00000 
    3    3    1    1    1    1    1    1    1    1  0.00000E+00 0.00000 
    4    4    1    1    1    1    1    1    1    1  0.00000E+00 0.00000 
    5    5    1    1    1    1    1    1    1    1  0.00000E+00 0.00000 
    6    6    1    1    1    1    1    1    1    1  0.00000E+00 0.00000 
    7    7    1    1    1    1    1    1    1    1  0.00000E+00 0.00000 
    8    8    1    1    1    1    1    1    1    1  0.00000E+00 0.00000 
    9    9    1    1    1    1    1    1    1    1  0.00000E+00 0.00000 
   10   10    1    1    1    1    1    1    1    1  8.79894E+07 0.73188 
   11   11    1    1    1    1    1    1    1    1  0.00000E+00 0.00000 
   12   12    1    1    1    1    1    1    1    1  6.94601E+07 0.74816 
   13   13    1    1    1    1    1    1    1    1  9.00058E+08 0.41304 
   14   14    1    1    1    1    1    1    1    1  2.54043E+09 0.28873 
   15   15    1    1    1    1    1    1    1    1  3.99170E+09 0.28655 
   16   16    1    1    1    1    1    1    1    1  7.13570E+08 0.39257 
   17   17    1    1    1    1    1    1    1    1  1.42793E+09 0.24788 
   18   18    1    1    1    1    1    1    1    1  3.73572E+09 0.19359 
   19   19    1    1    1    1    1    1    1    1  3.05597E+09 0.16738 
   20   20    1    1    1    1    1    1    1    1  1.52828E+10 0.13310 
   21   21    1    1    1    1    1    1    1    1  1.21180E+10 0.10440 
   22   22    1    1    1    1    1    1    1    1  3.04425E+10 0.09669 
   23   23    1    1    1    1    1    1    1    1  6.06463E+10 0.06973 
   24   24    1    1    1    1    1    1    1    1  1.41087E+11 0.03966 
   25   25    1    1    1    1    1    1    1    1  2.31779E+11 0.03905 
   26   26    1    1    1    1    1    1    1    1  5.11326E+11 0.02363 
   27   27    1    1    1    1    1    1    1    1  1.07596E+12 0.01426 
   28   28    1    1    1    1    1    1    1    1  2.49158E+12 0.01083 
   29   29    1    1    1    1    1    1    1    1  3.80258E+12 0.00704 
   30   30    1    1    1    1    1    1    1    1  8.11002E+12 0.00710 
   31   31    1    1    1    1    1    1    1    1  1.82356E+13 0.00339 
   32   32    1    1    1    1    1    1    1    1  2.64296E+13 0.00448 
   33   33    1    1    1    1    1    1    1    1  5.12606E+13 0.00276 
   34   34    1    1    1    1    1    1    1    1  6.15402E+13 0.00192 
   35   35    1    1    1    1    1    1    1    1  7.79606E+13 0.00154 
   36   36    1    1    1    1    1    1    1    1  5.88001E+13 0.00180 
   37   37    1    1    1    1    1    1    1    1  1.78848E+13 0.00199 
   38   38    1    1    1    1    1    1    1    1  8.92452E+13 0.00150 
   39   39    1    1    1    1    1    1    1    1  1.09756E+14 0.00113 
   40   40    1    1    1    1    1    1    1    1  1.85474E+14 0.00094 
   41   41    1    1    1    1    1    1    1    1  1.74102E+14 0.00126 
   42   42    1    1    1    1    1    1    1    1  3.23063E+14 0.00083 
   43   43    1    1    1    1    1    1    1    1  3.55287E+14 0.00091 
   44   44    1    1    1    1    1    1    1    1  4.65484E+14 0.00090 
   45   45    1    1    1    1    1    1    1    1  8.42437E+14 0.00070 
   46   46    1    1    1    1    1    1    1    1  4.43167E+14 0.00039 
   47   47    1    1    1    1    1    1    1    1  6.35385E+14 0.00075 
   48   48    1    1    1    1    1    1    1    1  8.93745E+14 0.00063 
   49   49    1    1    1    1    1    1    1    1  8.10715E+14 0.00067 
   50   50    1    1    1    1    1    1    1    1  1.27258E+15 0.00064 
   51   51    1    1    1    1    1    1    1    1  9.96864E+14 0.00054 
   52   52    1    1    1    1    1    1    1    1  1.15544E+15 0.00058 
   53   53    1    1    1    1    1    1    1    1  8.26159E+14 0.00071 
   54   54    1    1    1    1    1    1    1    1  1.02235E+15 0.00047 
   55   55    1    1    1    1    1    1    1    1  7.26659E+14 0.00080 
   56   56    1    1    1    1    1    1    1    1  1.00257E+14 0.00136 
   57   57    1    1    1    1    1    1    1    1  1.41787E+15 0.00060 
   58   58    1    1    1    1    1    1    1    1  6.37012E+14 0.00072 
   59   59    1    1    1    1    1    1    1    1  6.92814E+14 0.00094 
   60   60    1    1    1    1    1    1    1    1  5.58396E+14 0.00069 
   61   61    1    1    1    1    1    1    1    1  5.58554E+14 0.00073 
   62   62    1    1    1    1    1    1    1    1  5.65046E+14 0.00091 
   63   63    1    1    1    1    1    1    1    1  4.75704E+14 0.00096 
   64   64    1    1    1    1    1    1    1    1  3.77074E+14 0.00107 
   65   65    1    1    1    1    1    1    1    1  3.70596E+14 0.00105 
   66   66    1    1    1    1    1    1    1    1  2.95857E+14 0.00101 
   67   67    1    1    1    1    1    1    1    1  2.42100E+14 0.00107 
   68   68    1    1    1    1    1    1    1    1  2.13871E+14 0.00121 
   69   69    1    1    1    1    1    1    1    1  2.60518E+14 0.00097 
   70   70    1    1    1    1    1    1    1    1  2.23720E+14 0.00110 
   71   71    1    1    1    1    1    1    1    1  4.14985E+14 0.00089 
   72   72    1    1    1    1    1    1    1    1  3.01174E+14 0.00106 
   73   73    1    1    1    1    1    1    1    1  2.33385E+14 0.00143 
   74   74    1    1    1    1    1    1    1    1  1.91142E+14 0.00092 
   75   75    1    1    1    1    1    1    1    1  1.58573E+14 0.00162 
   76   76    1    1    1    1    1    1    1    1  1.83760E+14 0.00142 
   77   77    1    1    1    1    1    1    1    1  1.45463E+14 0.00169 
   78   78    1    1    1    1    1    1    1    1  1.13315E+14 0.00108 
   79   79    1    1    1    1    1    1    1    1  1.17928E+14 0.00162 
   80   80    1    1    1    1    1    1    1    1  8.82213E+13 0.00188 
   81   81    1    1    1    1    1    1    1    1  6.82181E+13 0.00227 
   82   82    1    1    1    1    1    1    1    1  5.27207E+13 0.00191 
   83   83    1    1    1    1    1    1    1    1  4.90381E+13 0.00181 
   84   84    1    1    1    1    1    1    1    1  3.52094E+13 0.00293 
   85   85    1    1    1    1    1    1    1    1  2.56633E+13 0.00269 
   86   86    1    1    1    1    1    1    1    1  2.37794E+13 0.00339 
   87   87    1    1    1    1    1    1    1    1  1.46678E+13 0.00373 
   88   88    1    1    1    1    1    1    1    1  9.86740E+12 0.00397 
   89   89    1    1    1    1    1    1    1    1  5.59391E+12 0.00631 
   90   90    1    1    1    1    1    1    1    1  3.72337E+12 0.00900 
   91   91    1    1    1    1    1    1    1    1  1.90865E+12 0.01068 
   92   92    1    1    1    1    1    1    1    1  9.17352E+11 0.02210 
   93   93    1    1    1    1    1    1    1    1  4.39941E+11 0.03028 
   94   94    1    1    1    1    1    1    1    1  2.15875E+11 0.01918 
   95   95    1    1    1    1    1    1    1    1  9.70709E+10 0.04284 
   96   96    1    1    1    1    1    1    1    1  4.62464E+10 0.06141 
   97   97    1    1    1    1    1    1    1    1  2.12154E+10 0.10091 
   98   98    1    1    1    1    1    1    1    1  1.41485E+10 0.14632 
   99   99    1    1    1    1    1    1    1    1  3.21306E+09 0.21026 
  100  100    1    1    1    1    1    1    1    1  2.45891E+09 0.29563 
];


