
DETdpaspec = [
    1    1    1    1    1    1    1    1    1    1  0.00000E+00 0.00000 
    2    2    1    1    1    1    1    1    1    1  0.00000E+00 0.00000 
    3    3    1    1    1    1    1    1    1    1  0.00000E+00 0.00000 
    4    4    1    1    1    1    1    1    1    1  0.00000E+00 0.00000 
    5    5    1    1    1    1    1    1    1    1  0.00000E+00 0.00000 
    6    6    1    1    1    1    1    1    1    1  0.00000E+00 0.00000 
    7    7    1    1    1    1    1    1    1    1  1.44559E+07 1.00000 
    8    8    1    1    1    1    1    1    1    1  0.00000E+00 0.00000 
    9    9    1    1    1    1    1    1    1    1  0.00000E+00 0.00000 
   10   10    1    1    1    1    1    1    1    1  0.00000E+00 0.00000 
   11   11    1    1    1    1    1    1    1    1  0.00000E+00 0.00000 
   12   12    1    1    1    1    1    1    1    1  0.00000E+00 0.00000 
   13   13    1    1    1    1    1    1    1    1  1.63405E+08 0.73264 
   14   14    1    1    1    1    1    1    1    1  9.80249E+08 0.53891 
   15   15    1    1    1    1    1    1    1    1  5.68578E+08 0.49269 
   16   16    1    1    1    1    1    1    1    1  3.83670E+08 0.53914 
   17   17    1    1    1    1    1    1    1    1  1.39452E+09 0.35228 
   18   18    1    1    1    1    1    1    1    1  2.24294E+09 0.24161 
   19   19    1    1    1    1    1    1    1    1  2.79743E+09 0.23869 
   20   20    1    1    1    1    1    1    1    1  1.27325E+10 0.12844 
   21   21    1    1    1    1    1    1    1    1  1.19539E+10 0.15544 
   22   22    1    1    1    1    1    1    1    1  3.79466E+10 0.06876 
   23   23    1    1    1    1    1    1    1    1  1.42334E+11 0.04004 
   24   24    1    1    1    1    1    1    1    1  3.78320E+11 0.02346 
   25   25    1    1    1    1    1    1    1    1  6.66054E+11 0.01822 
   26   26    1    1    1    1    1    1    1    1  1.34670E+12 0.01685 
   27   27    1    1    1    1    1    1    1    1  2.56120E+12 0.01007 
   28   28    1    1    1    1    1    1    1    1  5.18844E+12 0.00650 
   29   29    1    1    1    1    1    1    1    1  7.59326E+12 0.00543 
   30   30    1    1    1    1    1    1    1    1  1.40026E+13 0.00421 
   31   31    1    1    1    1    1    1    1    1  2.84508E+13 0.00375 
   32   32    1    1    1    1    1    1    1    1  3.82706E+13 0.00217 
   33   33    1    1    1    1    1    1    1    1  7.00306E+13 0.00262 
   34   34    1    1    1    1    1    1    1    1  8.27739E+13 0.00208 
   35   35    1    1    1    1    1    1    1    1  9.68144E+13 0.00182 
   36   36    1    1    1    1    1    1    1    1  6.98559E+13 0.00151 
   37   37    1    1    1    1    1    1    1    1  2.07849E+13 0.00128 
   38   38    1    1    1    1    1    1    1    1  1.04264E+14 0.00129 
   39   39    1    1    1    1    1    1    1    1  1.27003E+14 0.00100 
   40   40    1    1    1    1    1    1    1    1  2.12716E+14 0.00117 
   41   41    1    1    1    1    1    1    1    1  1.94635E+14 0.00116 
   42   42    1    1    1    1    1    1    1    1  3.60882E+14 0.00110 
   43   43    1    1    1    1    1    1    1    1  3.93211E+14 0.00087 
   44   44    1    1    1    1    1    1    1    1  5.08227E+14 0.00065 
   45   45    1    1    1    1    1    1    1    1  9.12016E+14 0.00089 
   46   46    1    1    1    1    1    1    1    1  4.73755E+14 0.00091 
   47   47    1    1    1    1    1    1    1    1  6.73234E+14 0.00063 
   48   48    1    1    1    1    1    1    1    1  9.39473E+14 0.00059 
   49   49    1    1    1    1    1    1    1    1  8.40647E+14 0.00076 
   50   50    1    1    1    1    1    1    1    1  1.32325E+15 0.00049 
   51   51    1    1    1    1    1    1    1    1  1.02221E+15 0.00051 
   52   52    1    1    1    1    1    1    1    1  1.18753E+15 0.00077 
   53   53    1    1    1    1    1    1    1    1  8.43574E+14 0.00086 
   54   54    1    1    1    1    1    1    1    1  1.04643E+15 0.00065 
   55   55    1    1    1    1    1    1    1    1  7.40985E+14 0.00061 
   56   56    1    1    1    1    1    1    1    1  1.02005E+14 0.00117 
   57   57    1    1    1    1    1    1    1    1  1.43863E+15 0.00064 
   58   58    1    1    1    1    1    1    1    1  6.49845E+14 0.00070 
   59   59    1    1    1    1    1    1    1    1  7.02097E+14 0.00059 
   60   60    1    1    1    1    1    1    1    1  5.69817E+14 0.00059 
   61   61    1    1    1    1    1    1    1    1  5.68689E+14 0.00048 
   62   62    1    1    1    1    1    1    1    1  5.73944E+14 0.00058 
   63   63    1    1    1    1    1    1    1    1  4.83945E+14 0.00081 
   64   64    1    1    1    1    1    1    1    1  3.82688E+14 0.00072 
   65   65    1    1    1    1    1    1    1    1  3.75580E+14 0.00076 
   66   66    1    1    1    1    1    1    1    1  2.99501E+14 0.00080 
   67   67    1    1    1    1    1    1    1    1  2.44665E+14 0.00119 
   68   68    1    1    1    1    1    1    1    1  2.15386E+14 0.00137 
   69   69    1    1    1    1    1    1    1    1  2.61836E+14 0.00103 
   70   70    1    1    1    1    1    1    1    1  2.24022E+14 0.00103 
   71   71    1    1    1    1    1    1    1    1  4.11510E+14 0.00098 
   72   72    1    1    1    1    1    1    1    1  2.98160E+14 0.00118 
   73   73    1    1    1    1    1    1    1    1  2.30957E+14 0.00117 
   74   74    1    1    1    1    1    1    1    1  1.89237E+14 0.00169 
   75   75    1    1    1    1    1    1    1    1  1.57546E+14 0.00149 
   76   76    1    1    1    1    1    1    1    1  1.84250E+14 0.00115 
   77   77    1    1    1    1    1    1    1    1  1.46197E+14 0.00139 
   78   78    1    1    1    1    1    1    1    1  1.14374E+14 0.00155 
   79   79    1    1    1    1    1    1    1    1  1.19486E+14 0.00175 
   80   80    1    1    1    1    1    1    1    1  8.93910E+13 0.00151 
   81   81    1    1    1    1    1    1    1    1  6.92657E+13 0.00170 
   82   82    1    1    1    1    1    1    1    1  5.33971E+13 0.00205 
   83   83    1    1    1    1    1    1    1    1  4.98580E+13 0.00181 
   84   84    1    1    1    1    1    1    1    1  3.59110E+13 0.00250 
   85   85    1    1    1    1    1    1    1    1  2.58010E+13 0.00326 
   86   86    1    1    1    1    1    1    1    1  2.42651E+13 0.00253 
   87   87    1    1    1    1    1    1    1    1  1.48640E+13 0.00256 
   88   88    1    1    1    1    1    1    1    1  9.96006E+12 0.00486 
   89   89    1    1    1    1    1    1    1    1  5.72063E+12 0.00456 
   90   90    1    1    1    1    1    1    1    1  3.78008E+12 0.00688 
   91   91    1    1    1    1    1    1    1    1  1.88005E+12 0.01158 
   92   92    1    1    1    1    1    1    1    1  9.02280E+11 0.02004 
   93   93    1    1    1    1    1    1    1    1  4.47772E+11 0.02379 
   94   94    1    1    1    1    1    1    1    1  2.23040E+11 0.02519 
   95   95    1    1    1    1    1    1    1    1  9.87875E+10 0.05509 
   96   96    1    1    1    1    1    1    1    1  4.19821E+10 0.07605 
   97   97    1    1    1    1    1    1    1    1  2.57790E+10 0.10892 
   98   98    1    1    1    1    1    1    1    1  7.28208E+09 0.18047 
   99   99    1    1    1    1    1    1    1    1  4.29119E+09 0.27559 
  100  100    1    1    1    1    1    1    1    1  4.28046E+09 0.24607 
];


