
DETdpaspec = [
    1    1    1    1    1    1    1    1    1    1  0.00000E+00 0.00000 
    2    2    1    1    1    1    1    1    1    1  0.00000E+00 0.00000 
    3    3    1    1    1    1    1    1    1    1  0.00000E+00 0.00000 
    4    4    1    1    1    1    1    1    1    1  0.00000E+00 0.00000 
    5    5    1    1    1    1    1    1    1    1  0.00000E+00 0.00000 
    6    6    1    1    1    1    1    1    1    1  5.11993E+07 1.00000 
    7    7    1    1    1    1    1    1    1    1  0.00000E+00 0.00000 
    8    8    1    1    1    1    1    1    1    1  0.00000E+00 0.00000 
    9    9    1    1    1    1    1    1    1    1  0.00000E+00 0.00000 
   10   10    1    1    1    1    1    1    1    1  2.37979E+07 1.00000 
   11   11    1    1    1    1    1    1    1    1  0.00000E+00 0.00000 
   12   12    1    1    1    1    1    1    1    1  4.68343E+08 0.59481 
   13   13    1    1    1    1    1    1    1    1  1.39295E+09 0.48815 
   14   14    1    1    1    1    1    1    1    1  7.96840E+08 0.72322 
   15   15    1    1    1    1    1    1    1    1  9.81118E+08 0.34251 
   16   16    1    1    1    1    1    1    1    1  8.84622E+08 0.43678 
   17   17    1    1    1    1    1    1    1    1  1.14299E+09 0.24372 
   18   18    1    1    1    1    1    1    1    1  2.89940E+09 0.24796 
   19   19    1    1    1    1    1    1    1    1  7.10300E+09 0.17176 
   20   20    1    1    1    1    1    1    1    1  4.29684E+10 0.08241 
   21   21    1    1    1    1    1    1    1    1  1.02445E+11 0.04223 
   22   22    1    1    1    1    1    1    1    1  4.33136E+11 0.02305 
   23   23    1    1    1    1    1    1    1    1  1.31622E+12 0.01939 
   24   24    1    1    1    1    1    1    1    1  2.74849E+12 0.00774 
   25   25    1    1    1    1    1    1    1    1  3.73296E+12 0.01047 
   26   26    1    1    1    1    1    1    1    1  6.31757E+12 0.00709 
   27   27    1    1    1    1    1    1    1    1  9.78881E+12 0.00578 
   28   28    1    1    1    1    1    1    1    1  1.59321E+13 0.00419 
   29   29    1    1    1    1    1    1    1    1  2.05265E+13 0.00407 
   30   30    1    1    1    1    1    1    1    1  3.25980E+13 0.00357 
   31   31    1    1    1    1    1    1    1    1  5.48282E+13 0.00252 
   32   32    1    1    1    1    1    1    1    1  6.71873E+13 0.00195 
   33   33    1    1    1    1    1    1    1    1  1.10863E+14 0.00173 
   34   34    1    1    1    1    1    1    1    1  1.22744E+14 0.00187 
   35   35    1    1    1    1    1    1    1    1  1.30952E+14 0.00127 
   36   36    1    1    1    1    1    1    1    1  8.94610E+13 0.00095 
   37   37    1    1    1    1    1    1    1    1  2.60001E+13 0.00117 
   38   38    1    1    1    1    1    1    1    1  1.30177E+14 0.00082 
   39   39    1    1    1    1    1    1    1    1  1.55598E+14 0.00094 
   40   40    1    1    1    1    1    1    1    1  2.56562E+14 0.00095 
   41   41    1    1    1    1    1    1    1    1  2.29056E+14 0.00085 
   42   42    1    1    1    1    1    1    1    1  4.19416E+14 0.00093 
   43   43    1    1    1    1    1    1    1    1  4.49818E+14 0.00069 
   44   44    1    1    1    1    1    1    1    1  5.72827E+14 0.00047 
   45   45    1    1    1    1    1    1    1    1  1.00458E+15 0.00076 
   46   46    1    1    1    1    1    1    1    1  5.10515E+14 0.00074 
   47   47    1    1    1    1    1    1    1    1  7.16691E+14 0.00058 
   48   48    1    1    1    1    1    1    1    1  9.86170E+14 0.00044 
   49   49    1    1    1    1    1    1    1    1  8.71718E+14 0.00061 
   50   50    1    1    1    1    1    1    1    1  1.35697E+15 0.00052 
   51   51    1    1    1    1    1    1    1    1  1.03150E+15 0.00062 
   52   52    1    1    1    1    1    1    1    1  1.19041E+15 0.00060 
   53   53    1    1    1    1    1    1    1    1  8.35773E+14 0.00055 
   54   54    1    1    1    1    1    1    1    1  1.03335E+15 0.00049 
   55   55    1    1    1    1    1    1    1    1  7.26851E+14 0.00062 
   56   56    1    1    1    1    1    1    1    1  9.94094E+13 0.00089 
   57   57    1    1    1    1    1    1    1    1  1.39764E+15 0.00051 
   58   58    1    1    1    1    1    1    1    1  6.31626E+14 0.00088 
   59   59    1    1    1    1    1    1    1    1  6.77497E+14 0.00075 
   60   60    1    1    1    1    1    1    1    1  5.48883E+14 0.00071 
   61   61    1    1    1    1    1    1    1    1  5.46337E+14 0.00070 
   62   62    1    1    1    1    1    1    1    1  5.49043E+14 0.00066 
   63   63    1    1    1    1    1    1    1    1  4.61097E+14 0.00105 
   64   64    1    1    1    1    1    1    1    1  3.63457E+14 0.00074 
   65   65    1    1    1    1    1    1    1    1  3.55007E+14 0.00092 
   66   66    1    1    1    1    1    1    1    1  2.81394E+14 0.00099 
   67   67    1    1    1    1    1    1    1    1  2.29017E+14 0.00125 
   68   68    1    1    1    1    1    1    1    1  2.01320E+14 0.00113 
   69   69    1    1    1    1    1    1    1    1  2.43737E+14 0.00126 
   70   70    1    1    1    1    1    1    1    1  2.07542E+14 0.00095 
   71   71    1    1    1    1    1    1    1    1  3.77361E+14 0.00087 
   72   72    1    1    1    1    1    1    1    1  2.70859E+14 0.00153 
   73   73    1    1    1    1    1    1    1    1  2.08465E+14 0.00161 
   74   74    1    1    1    1    1    1    1    1  1.71098E+14 0.00135 
   75   75    1    1    1    1    1    1    1    1  1.43126E+14 0.00131 
   76   76    1    1    1    1    1    1    1    1  1.66693E+14 0.00117 
   77   77    1    1    1    1    1    1    1    1  1.32332E+14 0.00139 
   78   78    1    1    1    1    1    1    1    1  1.03983E+14 0.00163 
   79   79    1    1    1    1    1    1    1    1  1.08014E+14 0.00258 
   80   80    1    1    1    1    1    1    1    1  8.03459E+13 0.00229 
   81   81    1    1    1    1    1    1    1    1  6.20740E+13 0.00180 
   82   82    1    1    1    1    1    1    1    1  4.78763E+13 0.00226 
   83   83    1    1    1    1    1    1    1    1  4.46597E+13 0.00265 
   84   84    1    1    1    1    1    1    1    1  3.18083E+13 0.00301 
   85   85    1    1    1    1    1    1    1    1  2.29514E+13 0.00367 
   86   86    1    1    1    1    1    1    1    1  2.11992E+13 0.00385 
   87   87    1    1    1    1    1    1    1    1  1.29699E+13 0.00351 
   88   88    1    1    1    1    1    1    1    1  8.66290E+12 0.00580 
   89   89    1    1    1    1    1    1    1    1  4.88470E+12 0.00574 
   90   90    1    1    1    1    1    1    1    1  3.18828E+12 0.01100 
   91   91    1    1    1    1    1    1    1    1  1.59150E+12 0.01234 
   92   92    1    1    1    1    1    1    1    1  7.83107E+11 0.01772 
   93   93    1    1    1    1    1    1    1    1  3.52995E+11 0.02324 
   94   94    1    1    1    1    1    1    1    1  1.69171E+11 0.03481 
   95   95    1    1    1    1    1    1    1    1  8.16250E+10 0.03843 
   96   96    1    1    1    1    1    1    1    1  3.49613E+10 0.07367 
   97   97    1    1    1    1    1    1    1    1  1.84360E+10 0.12169 
   98   98    1    1    1    1    1    1    1    1  8.92791E+09 0.19236 
   99   99    1    1    1    1    1    1    1    1  2.86218E+09 0.30445 
  100  100    1    1    1    1    1    1    1    1  3.74130E+09 0.30335 
];


