
DETdpaspec = [
    1    1    1    1    1    1    1    1    1    1  0.00000E+00 0.00000 
    2    2    1    1    1    1    1    1    1    1  0.00000E+00 0.00000 
    3    3    1    1    1    1    1    1    1    1  4.44564E+06 1.00000 
    4    4    1    1    1    1    1    1    1    1  0.00000E+00 0.00000 
    5    5    1    1    1    1    1    1    1    1  0.00000E+00 0.00000 
    6    6    1    1    1    1    1    1    1    1  0.00000E+00 0.00000 
    7    7    1    1    1    1    1    1    1    1  7.05669E+06 1.00000 
    8    8    1    1    1    1    1    1    1    1  1.53951E+07 0.70613 
    9    9    1    1    1    1    1    1    1    1  7.85473E+06 0.68828 
   10   10    1    1    1    1    1    1    1    1  6.74465E+07 0.70252 
   11   11    1    1    1    1    1    1    1    1  2.59202E+08 0.50894 
   12   12    1    1    1    1    1    1    1    1  6.46504E+07 0.65655 
   13   13    1    1    1    1    1    1    1    1  1.59108E+09 0.38557 
   14   14    1    1    1    1    1    1    1    1  2.64797E+09 0.26938 
   15   15    1    1    1    1    1    1    1    1  4.76325E+09 0.34205 
   16   16    1    1    1    1    1    1    1    1  1.67174E+09 0.22043 
   17   17    1    1    1    1    1    1    1    1  2.76033E+09 0.18622 
   18   18    1    1    1    1    1    1    1    1  5.80920E+09 0.18150 
   19   19    1    1    1    1    1    1    1    1  6.59977E+09 0.17133 
   20   20    1    1    1    1    1    1    1    1  1.78611E+10 0.10379 
   21   21    1    1    1    1    1    1    1    1  1.84585E+10 0.08812 
   22   22    1    1    1    1    1    1    1    1  4.43030E+10 0.06890 
   23   23    1    1    1    1    1    1    1    1  6.28359E+10 0.04530 
   24   24    1    1    1    1    1    1    1    1  1.19606E+11 0.04858 
   25   25    1    1    1    1    1    1    1    1  1.84095E+11 0.03038 
   26   26    1    1    1    1    1    1    1    1  3.76314E+11 0.01951 
   27   27    1    1    1    1    1    1    1    1  7.46882E+11 0.01635 
   28   28    1    1    1    1    1    1    1    1  1.73150E+12 0.01307 
   29   29    1    1    1    1    1    1    1    1  2.49882E+12 0.00759 
   30   30    1    1    1    1    1    1    1    1  6.00789E+12 0.00617 
   31   31    1    1    1    1    1    1    1    1  1.44614E+13 0.00541 
   32   32    1    1    1    1    1    1    1    1  2.18396E+13 0.00292 
   33   33    1    1    1    1    1    1    1    1  4.35641E+13 0.00271 
   34   34    1    1    1    1    1    1    1    1  5.17781E+13 0.00234 
   35   35    1    1    1    1    1    1    1    1  7.05606E+13 0.00167 
   36   36    1    1    1    1    1    1    1    1  5.45555E+13 0.00199 
   37   37    1    1    1    1    1    1    1    1  1.69191E+13 0.00226 
   38   38    1    1    1    1    1    1    1    1  8.32434E+13 0.00140 
   39   39    1    1    1    1    1    1    1    1  1.02821E+14 0.00137 
   40   40    1    1    1    1    1    1    1    1  1.72764E+14 0.00140 
   41   41    1    1    1    1    1    1    1    1  1.65684E+14 0.00129 
   42   42    1    1    1    1    1    1    1    1  3.04400E+14 0.00118 
   43   43    1    1    1    1    1    1    1    1  3.36599E+14 0.00129 
   44   44    1    1    1    1    1    1    1    1  4.40913E+14 0.00062 
   45   45    1    1    1    1    1    1    1    1  7.97783E+14 0.00071 
   46   46    1    1    1    1    1    1    1    1  4.22160E+14 0.00085 
   47   47    1    1    1    1    1    1    1    1  6.10189E+14 0.00083 
   48   48    1    1    1    1    1    1    1    1  8.58305E+14 0.00049 
   49   49    1    1    1    1    1    1    1    1  7.83289E+14 0.00068 
   50   50    1    1    1    1    1    1    1    1  1.22222E+15 0.00054 
   51   51    1    1    1    1    1    1    1    1  9.67796E+14 0.00067 
   52   52    1    1    1    1    1    1    1    1  1.11333E+15 0.00081 
   53   53    1    1    1    1    1    1    1    1  7.98483E+14 0.00083 
   54   54    1    1    1    1    1    1    1    1  9.78497E+14 0.00081 
   55   55    1    1    1    1    1    1    1    1  6.96982E+14 0.00058 
   56   56    1    1    1    1    1    1    1    1  9.62044E+13 0.00094 
   57   57    1    1    1    1    1    1    1    1  1.35910E+15 0.00051 
   58   58    1    1    1    1    1    1    1    1  6.04443E+14 0.00058 
   59   59    1    1    1    1    1    1    1    1  6.60225E+14 0.00071 
   60   60    1    1    1    1    1    1    1    1  5.27587E+14 0.00081 
   61   61    1    1    1    1    1    1    1    1  5.28353E+14 0.00066 
   62   62    1    1    1    1    1    1    1    1  5.33082E+14 0.00071 
   63   63    1    1    1    1    1    1    1    1  4.48242E+14 0.00087 
   64   64    1    1    1    1    1    1    1    1  3.54794E+14 0.00101 
   65   65    1    1    1    1    1    1    1    1  3.49387E+14 0.00118 
   66   66    1    1    1    1    1    1    1    1  2.78218E+14 0.00104 
   67   67    1    1    1    1    1    1    1    1  2.29148E+14 0.00100 
   68   68    1    1    1    1    1    1    1    1  2.02792E+14 0.00098 
   69   69    1    1    1    1    1    1    1    1  2.46673E+14 0.00091 
   70   70    1    1    1    1    1    1    1    1  2.11694E+14 0.00083 
   71   71    1    1    1    1    1    1    1    1  3.96152E+14 0.00086 
   72   72    1    1    1    1    1    1    1    1  2.88848E+14 0.00103 
   73   73    1    1    1    1    1    1    1    1  2.22965E+14 0.00129 
   74   74    1    1    1    1    1    1    1    1  1.81383E+14 0.00127 
   75   75    1    1    1    1    1    1    1    1  1.49418E+14 0.00160 
   76   76    1    1    1    1    1    1    1    1  1.71913E+14 0.00139 
   77   77    1    1    1    1    1    1    1    1  1.34341E+14 0.00177 
   78   78    1    1    1    1    1    1    1    1  1.04321E+14 0.00175 
   79   79    1    1    1    1    1    1    1    1  1.07820E+14 0.00141 
   80   80    1    1    1    1    1    1    1    1  8.02845E+13 0.00237 
   81   81    1    1    1    1    1    1    1    1  6.20952E+13 0.00206 
   82   82    1    1    1    1    1    1    1    1  4.77182E+13 0.00168 
   83   83    1    1    1    1    1    1    1    1  4.47757E+13 0.00212 
   84   84    1    1    1    1    1    1    1    1  3.21929E+13 0.00289 
   85   85    1    1    1    1    1    1    1    1  2.30566E+13 0.00357 
   86   86    1    1    1    1    1    1    1    1  2.16621E+13 0.00420 
   87   87    1    1    1    1    1    1    1    1  1.34827E+13 0.00384 
   88   88    1    1    1    1    1    1    1    1  9.00228E+12 0.00523 
   89   89    1    1    1    1    1    1    1    1  5.20544E+12 0.00474 
   90   90    1    1    1    1    1    1    1    1  3.46373E+12 0.00844 
   91   91    1    1    1    1    1    1    1    1  1.74954E+12 0.01197 
   92   92    1    1    1    1    1    1    1    1  8.72692E+11 0.01817 
   93   93    1    1    1    1    1    1    1    1  4.02071E+11 0.02277 
   94   94    1    1    1    1    1    1    1    1  2.00587E+11 0.03125 
   95   95    1    1    1    1    1    1    1    1  9.90166E+10 0.04420 
   96   96    1    1    1    1    1    1    1    1  4.25895E+10 0.06537 
   97   97    1    1    1    1    1    1    1    1  2.31956E+10 0.12853 
   98   98    1    1    1    1    1    1    1    1  1.18839E+10 0.16973 
   99   99    1    1    1    1    1    1    1    1  2.03790E+09 0.35777 
  100  100    1    1    1    1    1    1    1    1  4.08333E+09 0.26806 
];


