
DETdpaspec = [
    1    1    1    1    1    1    1    1    1    1  0.00000E+00 0.00000 
    2    2    1    1    1    1    1    1    1    1  0.00000E+00 0.00000 
    3    3    1    1    1    1    1    1    1    1  0.00000E+00 0.00000 
    4    4    1    1    1    1    1    1    1    1  0.00000E+00 0.00000 
    5    5    1    1    1    1    1    1    1    1  0.00000E+00 0.00000 
    6    6    1    1    1    1    1    1    1    1  0.00000E+00 0.00000 
    7    7    1    1    1    1    1    1    1    1  0.00000E+00 0.00000 
    8    8    1    1    1    1    1    1    1    1  0.00000E+00 0.00000 
    9    9    1    1    1    1    1    1    1    1  0.00000E+00 0.00000 
   10   10    1    1    1    1    1    1    1    1  0.00000E+00 0.00000 
   11   11    1    1    1    1    1    1    1    1  3.00446E+08 1.00000 
   12   12    1    1    1    1    1    1    1    1  2.56877E+08 0.68893 
   13   13    1    1    1    1    1    1    1    1  9.79321E+08 0.53739 
   14   14    1    1    1    1    1    1    1    1  1.32068E+09 0.46831 
   15   15    1    1    1    1    1    1    1    1  1.41307E+09 0.52673 
   16   16    1    1    1    1    1    1    1    1  6.08863E+08 0.52979 
   17   17    1    1    1    1    1    1    1    1  1.38100E+09 0.33544 
   18   18    1    1    1    1    1    1    1    1  1.93258E+09 0.24156 
   19   19    1    1    1    1    1    1    1    1  2.23378E+09 0.27471 
   20   20    1    1    1    1    1    1    1    1  1.04653E+10 0.14406 
   21   21    1    1    1    1    1    1    1    1  1.43603E+10 0.11927 
   22   22    1    1    1    1    1    1    1    1  5.84009E+10 0.05497 
   23   23    1    1    1    1    1    1    1    1  2.28356E+11 0.02968 
   24   24    1    1    1    1    1    1    1    1  6.19249E+11 0.02235 
   25   25    1    1    1    1    1    1    1    1  1.01915E+12 0.01939 
   26   26    1    1    1    1    1    1    1    1  1.96886E+12 0.01196 
   27   27    1    1    1    1    1    1    1    1  3.56672E+12 0.00911 
   28   28    1    1    1    1    1    1    1    1  6.96624E+12 0.00533 
   29   29    1    1    1    1    1    1    1    1  9.91448E+12 0.00579 
   30   30    1    1    1    1    1    1    1    1  1.74708E+13 0.00468 
   31   31    1    1    1    1    1    1    1    1  3.37947E+13 0.00291 
   32   32    1    1    1    1    1    1    1    1  4.45403E+13 0.00218 
   33   33    1    1    1    1    1    1    1    1  7.91223E+13 0.00186 
   34   34    1    1    1    1    1    1    1    1  9.19366E+13 0.00157 
   35   35    1    1    1    1    1    1    1    1  1.04784E+14 0.00167 
   36   36    1    1    1    1    1    1    1    1  7.45217E+13 0.00189 
   37   37    1    1    1    1    1    1    1    1  2.19913E+13 0.00181 
   38   38    1    1    1    1    1    1    1    1  1.10426E+14 0.00181 
   39   39    1    1    1    1    1    1    1    1  1.33865E+14 0.00126 
   40   40    1    1    1    1    1    1    1    1  2.23720E+14 0.00119 
   41   41    1    1    1    1    1    1    1    1  2.03187E+14 0.00119 
   42   42    1    1    1    1    1    1    1    1  3.75347E+14 0.00095 
   43   43    1    1    1    1    1    1    1    1  4.07464E+14 0.00074 
   44   44    1    1    1    1    1    1    1    1  5.25893E+14 0.00059 
   45   45    1    1    1    1    1    1    1    1  9.37198E+14 0.00079 
   46   46    1    1    1    1    1    1    1    1  4.84832E+14 0.00059 
   47   47    1    1    1    1    1    1    1    1  6.86648E+14 0.00063 
   48   48    1    1    1    1    1    1    1    1  9.54878E+14 0.00066 
   49   49    1    1    1    1    1    1    1    1  8.52148E+14 0.00070 
   50   50    1    1    1    1    1    1    1    1  1.33799E+15 0.00055 
   51   51    1    1    1    1    1    1    1    1  1.02872E+15 0.00055 
   52   52    1    1    1    1    1    1    1    1  1.19327E+15 0.00062 
   53   53    1    1    1    1    1    1    1    1  8.45492E+14 0.00059 
   54   54    1    1    1    1    1    1    1    1  1.04876E+15 0.00053 
   55   55    1    1    1    1    1    1    1    1  7.41215E+14 0.00078 
   56   56    1    1    1    1    1    1    1    1  1.01607E+14 0.00090 
   57   57    1    1    1    1    1    1    1    1  1.43646E+15 0.00054 
   58   58    1    1    1    1    1    1    1    1  6.49618E+14 0.00072 
   59   59    1    1    1    1    1    1    1    1  7.00422E+14 0.00074 
   60   60    1    1    1    1    1    1    1    1  5.68692E+14 0.00076 
   61   61    1    1    1    1    1    1    1    1  5.66593E+14 0.00072 
   62   62    1    1    1    1    1    1    1    1  5.72055E+14 0.00075 
   63   63    1    1    1    1    1    1    1    1  4.80135E+14 0.00072 
   64   64    1    1    1    1    1    1    1    1  3.79922E+14 0.00065 
   65   65    1    1    1    1    1    1    1    1  3.73126E+14 0.00068 
   66   66    1    1    1    1    1    1    1    1  2.97420E+14 0.00091 
   67   67    1    1    1    1    1    1    1    1  2.42761E+14 0.00094 
   68   68    1    1    1    1    1    1    1    1  2.13517E+14 0.00097 
   69   69    1    1    1    1    1    1    1    1  2.59287E+14 0.00116 
   70   70    1    1    1    1    1    1    1    1  2.21607E+14 0.00119 
   71   71    1    1    1    1    1    1    1    1  4.05446E+14 0.00088 
   72   72    1    1    1    1    1    1    1    1  2.93178E+14 0.00084 
   73   73    1    1    1    1    1    1    1    1  2.26381E+14 0.00117 
   74   74    1    1    1    1    1    1    1    1  1.86173E+14 0.00122 
   75   75    1    1    1    1    1    1    1    1  1.55597E+14 0.00143 
   76   76    1    1    1    1    1    1    1    1  1.80758E+14 0.00125 
   77   77    1    1    1    1    1    1    1    1  1.43986E+14 0.00133 
   78   78    1    1    1    1    1    1    1    1  1.12861E+14 0.00156 
   79   79    1    1    1    1    1    1    1    1  1.17536E+14 0.00097 
   80   80    1    1    1    1    1    1    1    1  8.82589E+13 0.00147 
   81   81    1    1    1    1    1    1    1    1  6.82788E+13 0.00119 
   82   82    1    1    1    1    1    1    1    1  5.27381E+13 0.00218 
   83   83    1    1    1    1    1    1    1    1  4.91834E+13 0.00246 
   84   84    1    1    1    1    1    1    1    1  3.53023E+13 0.00313 
   85   85    1    1    1    1    1    1    1    1  2.54495E+13 0.00298 
   86   86    1    1    1    1    1    1    1    1  2.37080E+13 0.00336 
   87   87    1    1    1    1    1    1    1    1  1.45522E+13 0.00449 
   88   88    1    1    1    1    1    1    1    1  9.76227E+12 0.00384 
   89   89    1    1    1    1    1    1    1    1  5.63533E+12 0.00675 
   90   90    1    1    1    1    1    1    1    1  3.65126E+12 0.00712 
   91   91    1    1    1    1    1    1    1    1  1.84640E+12 0.01033 
   92   92    1    1    1    1    1    1    1    1  8.96175E+11 0.01890 
   93   93    1    1    1    1    1    1    1    1  4.27523E+11 0.02049 
   94   94    1    1    1    1    1    1    1    1  2.04406E+11 0.04388 
   95   95    1    1    1    1    1    1    1    1  9.60504E+10 0.05953 
   96   96    1    1    1    1    1    1    1    1  4.52267E+10 0.06056 
   97   97    1    1    1    1    1    1    1    1  2.25252E+10 0.12824 
   98   98    1    1    1    1    1    1    1    1  8.34958E+09 0.25015 
   99   99    1    1    1    1    1    1    1    1  4.01647E+09 0.24265 
  100  100    1    1    1    1    1    1    1    1  3.71087E+09 0.32504 
];


