
DETdpaspec = [
    1    1    1    1    1    1    1    1    1    1  0.00000E+00 0.00000 
    2    2    1    1    1    1    1    1    1    1  0.00000E+00 0.00000 
    3    3    1    1    1    1    1    1    1    1  0.00000E+00 0.00000 
    4    4    1    1    1    1    1    1    1    1  0.00000E+00 0.00000 
    5    5    1    1    1    1    1    1    1    1  0.00000E+00 0.00000 
    6    6    1    1    1    1    1    1    1    1  0.00000E+00 0.00000 
    7    7    1    1    1    1    1    1    1    1  0.00000E+00 0.00000 
    8    8    1    1    1    1    1    1    1    1  1.46057E+07 0.70038 
    9    9    1    1    1    1    1    1    1    1  0.00000E+00 0.00000 
   10   10    1    1    1    1    1    1    1    1  5.56869E+07 0.60175 
   11   11    1    1    1    1    1    1    1    1  2.98333E+07 1.00000 
   12   12    1    1    1    1    1    1    1    1  8.27887E+07 0.55438 
   13   13    1    1    1    1    1    1    1    1  7.97403E+08 0.53012 
   14   14    1    1    1    1    1    1    1    1  1.95963E+09 0.29665 
   15   15    1    1    1    1    1    1    1    1  3.66613E+09 0.33523 
   16   16    1    1    1    1    1    1    1    1  7.72656E+08 0.35552 
   17   17    1    1    1    1    1    1    1    1  1.52614E+09 0.21824 
   18   18    1    1    1    1    1    1    1    1  4.48339E+09 0.17139 
   19   19    1    1    1    1    1    1    1    1  5.52395E+09 0.16154 
   20   20    1    1    1    1    1    1    1    1  1.51106E+10 0.11515 
   21   21    1    1    1    1    1    1    1    1  1.29139E+10 0.09773 
   22   22    1    1    1    1    1    1    1    1  3.40290E+10 0.07851 
   23   23    1    1    1    1    1    1    1    1  5.63667E+10 0.06520 
   24   24    1    1    1    1    1    1    1    1  1.31596E+11 0.05008 
   25   25    1    1    1    1    1    1    1    1  1.89615E+11 0.02704 
   26   26    1    1    1    1    1    1    1    1  3.94922E+11 0.01477 
   27   27    1    1    1    1    1    1    1    1  8.20292E+11 0.01533 
   28   28    1    1    1    1    1    1    1    1  1.94657E+12 0.01211 
   29   29    1    1    1    1    1    1    1    1  2.86297E+12 0.00930 
   30   30    1    1    1    1    1    1    1    1  6.60089E+12 0.00484 
   31   31    1    1    1    1    1    1    1    1  1.55749E+13 0.00425 
   32   32    1    1    1    1    1    1    1    1  2.31089E+13 0.00271 
   33   33    1    1    1    1    1    1    1    1  4.59338E+13 0.00182 
   34   34    1    1    1    1    1    1    1    1  5.48939E+13 0.00216 
   35   35    1    1    1    1    1    1    1    1  7.28881E+13 0.00140 
   36   36    1    1    1    1    1    1    1    1  5.60087E+13 0.00147 
   37   37    1    1    1    1    1    1    1    1  1.71594E+13 0.00142 
   38   38    1    1    1    1    1    1    1    1  8.51772E+13 0.00142 
   39   39    1    1    1    1    1    1    1    1  1.04969E+14 0.00181 
   40   40    1    1    1    1    1    1    1    1  1.76556E+14 0.00152 
   41   41    1    1    1    1    1    1    1    1  1.67493E+14 0.00106 
   42   42    1    1    1    1    1    1    1    1  3.09602E+14 0.00101 
   43   43    1    1    1    1    1    1    1    1  3.42436E+14 0.00102 
   44   44    1    1    1    1    1    1    1    1  4.48780E+14 0.00089 
   45   45    1    1    1    1    1    1    1    1  8.13180E+14 0.00055 
   46   46    1    1    1    1    1    1    1    1  4.29183E+14 0.00067 
   47   47    1    1    1    1    1    1    1    1  6.18315E+14 0.00075 
   48   48    1    1    1    1    1    1    1    1  8.71510E+14 0.00058 
   49   49    1    1    1    1    1    1    1    1  7.93337E+14 0.00077 
   50   50    1    1    1    1    1    1    1    1  1.24461E+15 0.00070 
   51   51    1    1    1    1    1    1    1    1  9.79882E+14 0.00063 
   52   52    1    1    1    1    1    1    1    1  1.13187E+15 0.00050 
   53   53    1    1    1    1    1    1    1    1  8.10331E+14 0.00050 
   54   54    1    1    1    1    1    1    1    1  9.97992E+14 0.00060 
   55   55    1    1    1    1    1    1    1    1  7.10413E+14 0.00057 
   56   56    1    1    1    1    1    1    1    1  9.80503E+13 0.00115 
   57   57    1    1    1    1    1    1    1    1  1.38710E+15 0.00052 
   58   58    1    1    1    1    1    1    1    1  6.18500E+14 0.00077 
   59   59    1    1    1    1    1    1    1    1  6.75309E+14 0.00070 
   60   60    1    1    1    1    1    1    1    1  5.41784E+14 0.00084 
   61   61    1    1    1    1    1    1    1    1  5.42270E+14 0.00092 
   62   62    1    1    1    1    1    1    1    1  5.47185E+14 0.00100 
   63   63    1    1    1    1    1    1    1    1  4.60522E+14 0.00091 
   64   64    1    1    1    1    1    1    1    1  3.64818E+14 0.00093 
   65   65    1    1    1    1    1    1    1    1  3.58968E+14 0.00108 
   66   66    1    1    1    1    1    1    1    1  2.85941E+14 0.00106 
   67   67    1    1    1    1    1    1    1    1  2.35350E+14 0.00137 
   68   68    1    1    1    1    1    1    1    1  2.08156E+14 0.00096 
   69   69    1    1    1    1    1    1    1    1  2.53220E+14 0.00091 
   70   70    1    1    1    1    1    1    1    1  2.17539E+14 0.00104 
   71   71    1    1    1    1    1    1    1    1  4.05738E+14 0.00131 
   72   72    1    1    1    1    1    1    1    1  2.95256E+14 0.00154 
   73   73    1    1    1    1    1    1    1    1  2.28778E+14 0.00170 
   74   74    1    1    1    1    1    1    1    1  1.86509E+14 0.00148 
   75   75    1    1    1    1    1    1    1    1  1.53594E+14 0.00178 
   76   76    1    1    1    1    1    1    1    1  1.77827E+14 0.00159 
   77   77    1    1    1    1    1    1    1    1  1.39635E+14 0.00183 
   78   78    1    1    1    1    1    1    1    1  1.08723E+14 0.00114 
   79   79    1    1    1    1    1    1    1    1  1.12604E+14 0.00116 
   80   80    1    1    1    1    1    1    1    1  8.43430E+13 0.00129 
   81   81    1    1    1    1    1    1    1    1  6.50933E+13 0.00220 
   82   82    1    1    1    1    1    1    1    1  5.01039E+13 0.00139 
   83   83    1    1    1    1    1    1    1    1  4.68161E+13 0.00232 
   84   84    1    1    1    1    1    1    1    1  3.35212E+13 0.00334 
   85   85    1    1    1    1    1    1    1    1  2.41748E+13 0.00283 
   86   86    1    1    1    1    1    1    1    1  2.27643E+13 0.00316 
   87   87    1    1    1    1    1    1    1    1  1.38996E+13 0.00430 
   88   88    1    1    1    1    1    1    1    1  9.39268E+12 0.00528 
   89   89    1    1    1    1    1    1    1    1  5.52318E+12 0.00511 
   90   90    1    1    1    1    1    1    1    1  3.71127E+12 0.00786 
   91   91    1    1    1    1    1    1    1    1  1.83063E+12 0.01415 
   92   92    1    1    1    1    1    1    1    1  9.13768E+11 0.02064 
   93   93    1    1    1    1    1    1    1    1  4.22214E+11 0.03187 
   94   94    1    1    1    1    1    1    1    1  2.21432E+11 0.03214 
   95   95    1    1    1    1    1    1    1    1  1.03973E+11 0.05873 
   96   96    1    1    1    1    1    1    1    1  5.00249E+10 0.09082 
   97   97    1    1    1    1    1    1    1    1  2.20747E+10 0.12520 
   98   98    1    1    1    1    1    1    1    1  1.25732E+10 0.14901 
   99   99    1    1    1    1    1    1    1    1  4.95840E+09 0.24589 
  100  100    1    1    1    1    1    1    1    1  3.87890E+09 0.25273 
];


