
DETdpaspec = [
    1    1    1    1    1    1    1    1    1    1  0.00000E+00 0.00000 
    2    2    1    1    1    1    1    1    1    1  0.00000E+00 0.00000 
    3    3    1    1    1    1    1    1    1    1  0.00000E+00 0.00000 
    4    4    1    1    1    1    1    1    1    1  0.00000E+00 0.00000 
    5    5    1    1    1    1    1    1    1    1  0.00000E+00 0.00000 
    6    6    1    1    1    1    1    1    1    1  0.00000E+00 0.00000 
    7    7    1    1    1    1    1    1    1    1  0.00000E+00 0.00000 
    8    8    1    1    1    1    1    1    1    1  0.00000E+00 0.00000 
    9    9    1    1    1    1    1    1    1    1  0.00000E+00 0.00000 
   10   10    1    1    1    1    1    1    1    1  0.00000E+00 0.00000 
   11   11    1    1    1    1    1    1    1    1  0.00000E+00 0.00000 
   12   12    1    1    1    1    1    1    1    1  9.05382E+07 0.45028 
   13   13    1    1    1    1    1    1    1    1  8.75265E+08 0.41749 
   14   14    1    1    1    1    1    1    1    1  1.05373E+09 0.51251 
   15   15    1    1    1    1    1    1    1    1  9.78351E+08 0.48900 
   16   16    1    1    1    1    1    1    1    1  8.23261E+08 0.59277 
   17   17    1    1    1    1    1    1    1    1  2.62866E+09 0.25355 
   18   18    1    1    1    1    1    1    1    1  4.10535E+09 0.19333 
   19   19    1    1    1    1    1    1    1    1  4.16986E+09 0.19813 
   20   20    1    1    1    1    1    1    1    1  1.49062E+10 0.09730 
   21   21    1    1    1    1    1    1    1    1  1.14271E+10 0.13938 
   22   22    1    1    1    1    1    1    1    1  2.45980E+10 0.10168 
   23   23    1    1    1    1    1    1    1    1  6.37192E+10 0.04723 
   24   24    1    1    1    1    1    1    1    1  1.47416E+11 0.03344 
   25   25    1    1    1    1    1    1    1    1  2.56568E+11 0.03627 
   26   26    1    1    1    1    1    1    1    1  5.94212E+11 0.01922 
   27   27    1    1    1    1    1    1    1    1  1.22658E+12 0.01782 
   28   28    1    1    1    1    1    1    1    1  2.68276E+12 0.00750 
   29   29    1    1    1    1    1    1    1    1  4.06791E+12 0.00911 
   30   30    1    1    1    1    1    1    1    1  8.56052E+12 0.00544 
   31   31    1    1    1    1    1    1    1    1  1.93697E+13 0.00495 
   32   32    1    1    1    1    1    1    1    1  2.75474E+13 0.00421 
   33   33    1    1    1    1    1    1    1    1  5.32664E+13 0.00209 
   34   34    1    1    1    1    1    1    1    1  6.40676E+13 0.00193 
   35   35    1    1    1    1    1    1    1    1  8.04588E+13 0.00158 
   36   36    1    1    1    1    1    1    1    1  6.01159E+13 0.00142 
   37   37    1    1    1    1    1    1    1    1  1.81906E+13 0.00190 
   38   38    1    1    1    1    1    1    1    1  9.09540E+13 0.00140 
   39   39    1    1    1    1    1    1    1    1  1.11479E+14 0.00152 
   40   40    1    1    1    1    1    1    1    1  1.88508E+14 0.00081 
   41   41    1    1    1    1    1    1    1    1  1.75977E+14 0.00107 
   42   42    1    1    1    1    1    1    1    1  3.27030E+14 0.00089 
   43   43    1    1    1    1    1    1    1    1  3.59673E+14 0.00092 
   44   44    1    1    1    1    1    1    1    1  4.69683E+14 0.00100 
   45   45    1    1    1    1    1    1    1    1  8.49351E+14 0.00085 
   46   46    1    1    1    1    1    1    1    1  4.46794E+14 0.00085 
   47   47    1    1    1    1    1    1    1    1  6.39829E+14 0.00076 
   48   48    1    1    1    1    1    1    1    1  8.99482E+14 0.00070 
   49   49    1    1    1    1    1    1    1    1  8.13549E+14 0.00071 
   50   50    1    1    1    1    1    1    1    1  1.27994E+15 0.00061 
   51   51    1    1    1    1    1    1    1    1  9.99833E+14 0.00064 
   52   52    1    1    1    1    1    1    1    1  1.15970E+15 0.00073 
   53   53    1    1    1    1    1    1    1    1  8.29430E+14 0.00033 
   54   54    1    1    1    1    1    1    1    1  1.02599E+15 0.00070 
   55   55    1    1    1    1    1    1    1    1  7.29064E+14 0.00060 
   56   56    1    1    1    1    1    1    1    1  1.00462E+14 0.00116 
   57   57    1    1    1    1    1    1    1    1  1.42077E+15 0.00059 
   58   58    1    1    1    1    1    1    1    1  6.40094E+14 0.00083 
   59   59    1    1    1    1    1    1    1    1  6.94472E+14 0.00065 
   60   60    1    1    1    1    1    1    1    1  5.60560E+14 0.00078 
   61   61    1    1    1    1    1    1    1    1  5.61654E+14 0.00075 
   62   62    1    1    1    1    1    1    1    1  5.67569E+14 0.00087 
   63   63    1    1    1    1    1    1    1    1  4.77558E+14 0.00073 
   64   64    1    1    1    1    1    1    1    1  3.78726E+14 0.00093 
   65   65    1    1    1    1    1    1    1    1  3.72512E+14 0.00103 
   66   66    1    1    1    1    1    1    1    1  2.96888E+14 0.00116 
   67   67    1    1    1    1    1    1    1    1  2.43241E+14 0.00129 
   68   68    1    1    1    1    1    1    1    1  2.14504E+14 0.00113 
   69   69    1    1    1    1    1    1    1    1  2.61324E+14 0.00104 
   70   70    1    1    1    1    1    1    1    1  2.24687E+14 0.00104 
   71   71    1    1    1    1    1    1    1    1  4.15746E+14 0.00093 
   72   72    1    1    1    1    1    1    1    1  3.01925E+14 0.00135 
   73   73    1    1    1    1    1    1    1    1  2.33570E+14 0.00160 
   74   74    1    1    1    1    1    1    1    1  1.91013E+14 0.00111 
   75   75    1    1    1    1    1    1    1    1  1.58670E+14 0.00088 
   76   76    1    1    1    1    1    1    1    1  1.84576E+14 0.00097 
   77   77    1    1    1    1    1    1    1    1  1.45930E+14 0.00127 
   78   78    1    1    1    1    1    1    1    1  1.13910E+14 0.00146 
   79   79    1    1    1    1    1    1    1    1  1.18219E+14 0.00145 
   80   80    1    1    1    1    1    1    1    1  8.86798E+13 0.00164 
   81   81    1    1    1    1    1    1    1    1  6.85199E+13 0.00183 
   82   82    1    1    1    1    1    1    1    1  5.29061E+13 0.00215 
   83   83    1    1    1    1    1    1    1    1  4.94379E+13 0.00213 
   84   84    1    1    1    1    1    1    1    1  3.54523E+13 0.00287 
   85   85    1    1    1    1    1    1    1    1  2.56438E+13 0.00256 
   86   86    1    1    1    1    1    1    1    1  2.39669E+13 0.00353 
   87   87    1    1    1    1    1    1    1    1  1.47712E+13 0.00417 
   88   88    1    1    1    1    1    1    1    1  1.00631E+13 0.00518 
   89   89    1    1    1    1    1    1    1    1  5.67771E+12 0.00688 
   90   90    1    1    1    1    1    1    1    1  3.80323E+12 0.00798 
   91   91    1    1    1    1    1    1    1    1  1.95512E+12 0.00977 
   92   92    1    1    1    1    1    1    1    1  9.39985E+11 0.01732 
   93   93    1    1    1    1    1    1    1    1  4.39291E+11 0.02694 
   94   94    1    1    1    1    1    1    1    1  2.02334E+11 0.03752 
   95   95    1    1    1    1    1    1    1    1  1.08236E+11 0.05759 
   96   96    1    1    1    1    1    1    1    1  5.23345E+10 0.06442 
   97   97    1    1    1    1    1    1    1    1  2.54422E+10 0.11293 
   98   98    1    1    1    1    1    1    1    1  1.05718E+10 0.16236 
   99   99    1    1    1    1    1    1    1    1  7.22970E+09 0.25241 
  100  100    1    1    1    1    1    1    1    1  2.57936E+09 0.29837 
];


