
DETdpaspec = [
    1    1    1    1    1    1    1    1    1    1  0.00000E+00 0.00000 
    2    2    1    1    1    1    1    1    1    1  4.83227E+06 1.00000 
    3    3    1    1    1    1    1    1    1    1  0.00000E+00 0.00000 
    4    4    1    1    1    1    1    1    1    1  0.00000E+00 0.00000 
    5    5    1    1    1    1    1    1    1    1  0.00000E+00 0.00000 
    6    6    1    1    1    1    1    1    1    1  0.00000E+00 0.00000 
    7    7    1    1    1    1    1    1    1    1  0.00000E+00 0.00000 
    8    8    1    1    1    1    1    1    1    1  8.13795E+06 1.00000 
    9    9    1    1    1    1    1    1    1    1  0.00000E+00 0.00000 
   10   10    1    1    1    1    1    1    1    1  0.00000E+00 0.00000 
   11   11    1    1    1    1    1    1    1    1  0.00000E+00 0.00000 
   12   12    1    1    1    1    1    1    1    1  3.65918E+07 0.70867 
   13   13    1    1    1    1    1    1    1    1  8.98497E+08 0.41007 
   14   14    1    1    1    1    1    1    1    1  9.52379E+08 0.45677 
   15   15    1    1    1    1    1    1    1    1  1.48774E+09 0.42561 
   16   16    1    1    1    1    1    1    1    1  6.17219E+08 0.39712 
   17   17    1    1    1    1    1    1    1    1  1.32268E+09 0.24529 
   18   18    1    1    1    1    1    1    1    1  3.60902E+09 0.20941 
   19   19    1    1    1    1    1    1    1    1  3.83005E+09 0.18092 
   20   20    1    1    1    1    1    1    1    1  1.51143E+10 0.13913 
   21   21    1    1    1    1    1    1    1    1  1.26775E+10 0.12781 
   22   22    1    1    1    1    1    1    1    1  2.62777E+10 0.07416 
   23   23    1    1    1    1    1    1    1    1  5.48889E+10 0.04728 
   24   24    1    1    1    1    1    1    1    1  1.23775E+11 0.03833 
   25   25    1    1    1    1    1    1    1    1  2.15670E+11 0.02609 
   26   26    1    1    1    1    1    1    1    1  4.96635E+11 0.02484 
   27   27    1    1    1    1    1    1    1    1  1.00631E+12 0.01355 
   28   28    1    1    1    1    1    1    1    1  2.31389E+12 0.00997 
   29   29    1    1    1    1    1    1    1    1  3.50023E+12 0.00808 
   30   30    1    1    1    1    1    1    1    1  7.66122E+12 0.00639 
   31   31    1    1    1    1    1    1    1    1  1.76271E+13 0.00366 
   32   32    1    1    1    1    1    1    1    1  2.56550E+13 0.00263 
   33   33    1    1    1    1    1    1    1    1  4.98060E+13 0.00209 
   34   34    1    1    1    1    1    1    1    1  5.98496E+13 0.00238 
   35   35    1    1    1    1    1    1    1    1  7.67050E+13 0.00134 
   36   36    1    1    1    1    1    1    1    1  5.81864E+13 0.00109 
   37   37    1    1    1    1    1    1    1    1  1.76980E+13 0.00151 
   38   38    1    1    1    1    1    1    1    1  8.83661E+13 0.00123 
   39   39    1    1    1    1    1    1    1    1  1.08728E+14 0.00160 
   40   40    1    1    1    1    1    1    1    1  1.83358E+14 0.00131 
   41   41    1    1    1    1    1    1    1    1  1.72534E+14 0.00120 
   42   42    1    1    1    1    1    1    1    1  3.19660E+14 0.00092 
   43   43    1    1    1    1    1    1    1    1  3.52437E+14 0.00112 
   44   44    1    1    1    1    1    1    1    1  4.61733E+14 0.00108 
   45   45    1    1    1    1    1    1    1    1  8.34522E+14 0.00073 
   46   46    1    1    1    1    1    1    1    1  4.40100E+14 0.00073 
   47   47    1    1    1    1    1    1    1    1  6.31664E+14 0.00066 
   48   48    1    1    1    1    1    1    1    1  8.88988E+14 0.00078 
   49   49    1    1    1    1    1    1    1    1  8.05800E+14 0.00062 
   50   50    1    1    1    1    1    1    1    1  1.26780E+15 0.00063 
   51   51    1    1    1    1    1    1    1    1  9.93340E+14 0.00059 
   52   52    1    1    1    1    1    1    1    1  1.15165E+15 0.00068 
   53   53    1    1    1    1    1    1    1    1  8.23818E+14 0.00049 
   54   54    1    1    1    1    1    1    1    1  1.01742E+15 0.00053 
   55   55    1    1    1    1    1    1    1    1  7.23312E+14 0.00054 
   56   56    1    1    1    1    1    1    1    1  9.96911E+13 0.00130 
   57   57    1    1    1    1    1    1    1    1  1.41053E+15 0.00061 
   58   58    1    1    1    1    1    1    1    1  6.33529E+14 0.00077 
   59   59    1    1    1    1    1    1    1    1  6.88955E+14 0.00061 
   60   60    1    1    1    1    1    1    1    1  5.54940E+14 0.00073 
   61   61    1    1    1    1    1    1    1    1  5.55525E+14 0.00069 
   62   62    1    1    1    1    1    1    1    1  5.62258E+14 0.00101 
   63   63    1    1    1    1    1    1    1    1  4.73492E+14 0.00070 
   64   64    1    1    1    1    1    1    1    1  3.74759E+14 0.00101 
   65   65    1    1    1    1    1    1    1    1  3.69547E+14 0.00106 
   66   66    1    1    1    1    1    1    1    1  2.94641E+14 0.00107 
   67   67    1    1    1    1    1    1    1    1  2.41559E+14 0.00098 
   68   68    1    1    1    1    1    1    1    1  2.13142E+14 0.00077 
   69   69    1    1    1    1    1    1    1    1  2.59513E+14 0.00125 
   70   70    1    1    1    1    1    1    1    1  2.23176E+14 0.00128 
   71   71    1    1    1    1    1    1    1    1  4.13467E+14 0.00092 
   72   72    1    1    1    1    1    1    1    1  3.01097E+14 0.00100 
   73   73    1    1    1    1    1    1    1    1  2.33109E+14 0.00134 
   74   74    1    1    1    1    1    1    1    1  1.90061E+14 0.00127 
   75   75    1    1    1    1    1    1    1    1  1.57935E+14 0.00136 
   76   76    1    1    1    1    1    1    1    1  1.83087E+14 0.00136 
   77   77    1    1    1    1    1    1    1    1  1.44466E+14 0.00176 
   78   78    1    1    1    1    1    1    1    1  1.12418E+14 0.00157 
   79   79    1    1    1    1    1    1    1    1  1.16821E+14 0.00140 
   80   80    1    1    1    1    1    1    1    1  8.71773E+13 0.00161 
   81   81    1    1    1    1    1    1    1    1  6.74707E+13 0.00195 
   82   82    1    1    1    1    1    1    1    1  5.20113E+13 0.00233 
   83   83    1    1    1    1    1    1    1    1  4.86420E+13 0.00247 
   84   84    1    1    1    1    1    1    1    1  3.50337E+13 0.00178 
   85   85    1    1    1    1    1    1    1    1  2.52011E+13 0.00320 
   86   86    1    1    1    1    1    1    1    1  2.36529E+13 0.00343 
   87   87    1    1    1    1    1    1    1    1  1.46829E+13 0.00528 
   88   88    1    1    1    1    1    1    1    1  9.85128E+12 0.00533 
   89   89    1    1    1    1    1    1    1    1  5.58982E+12 0.00708 
   90   90    1    1    1    1    1    1    1    1  3.66475E+12 0.00775 
   91   91    1    1    1    1    1    1    1    1  1.90337E+12 0.01414 
   92   92    1    1    1    1    1    1    1    1  9.19758E+11 0.01993 
   93   93    1    1    1    1    1    1    1    1  4.41789E+11 0.02712 
   94   94    1    1    1    1    1    1    1    1  2.07880E+11 0.02981 
   95   95    1    1    1    1    1    1    1    1  1.00556E+11 0.06658 
   96   96    1    1    1    1    1    1    1    1  4.38391E+10 0.06989 
   97   97    1    1    1    1    1    1    1    1  2.14100E+10 0.13174 
   98   98    1    1    1    1    1    1    1    1  1.02175E+10 0.14429 
   99   99    1    1    1    1    1    1    1    1  4.73563E+09 0.24637 
  100  100    1    1    1    1    1    1    1    1  4.92140E+09 0.21745 
];


