
DETdpaspec = [
    1    1    1    1    1    1    1    1    1    1  0.00000E+00 0.00000 
    2    2    1    1    1    1    1    1    1    1  0.00000E+00 0.00000 
    3    3    1    1    1    1    1    1    1    1  0.00000E+00 0.00000 
    4    4    1    1    1    1    1    1    1    1  0.00000E+00 0.00000 
    5    5    1    1    1    1    1    1    1    1  0.00000E+00 0.00000 
    6    6    1    1    1    1    1    1    1    1  0.00000E+00 0.00000 
    7    7    1    1    1    1    1    1    1    1  0.00000E+00 0.00000 
    8    8    1    1    1    1    1    1    1    1  0.00000E+00 0.00000 
    9    9    1    1    1    1    1    1    1    1  0.00000E+00 0.00000 
   10   10    1    1    1    1    1    1    1    1  0.00000E+00 0.00000 
   11   11    1    1    1    1    1    1    1    1  0.00000E+00 0.00000 
   12   12    1    1    1    1    1    1    1    1  1.79258E+08 0.58668 
   13   13    1    1    1    1    1    1    1    1  7.82446E+08 0.61204 
   14   14    1    1    1    1    1    1    1    1  1.16810E+09 0.61180 
   15   15    1    1    1    1    1    1    1    1  1.38047E+09 0.40937 
   16   16    1    1    1    1    1    1    1    1  8.54068E+08 0.57365 
   17   17    1    1    1    1    1    1    1    1  4.08208E+09 0.23224 
   18   18    1    1    1    1    1    1    1    1  1.24659E+10 0.15607 
   19   19    1    1    1    1    1    1    1    1  2.56946E+10 0.08707 
   20   20    1    1    1    1    1    1    1    1  1.55001E+11 0.04847 
   21   21    1    1    1    1    1    1    1    1  4.10691E+11 0.02049 
   22   22    1    1    1    1    1    1    1    1  1.33359E+12 0.01742 
   23   23    1    1    1    1    1    1    1    1  3.21229E+12 0.01072 
   24   24    1    1    1    1    1    1    1    1  5.70252E+12 0.01034 
   25   25    1    1    1    1    1    1    1    1  6.94133E+12 0.00610 
   26   26    1    1    1    1    1    1    1    1  1.09966E+13 0.00486 
   27   27    1    1    1    1    1    1    1    1  1.58351E+13 0.00421 
   28   28    1    1    1    1    1    1    1    1  2.30831E+13 0.00363 
   29   29    1    1    1    1    1    1    1    1  2.82122E+13 0.00397 
   30   30    1    1    1    1    1    1    1    1  4.32413E+13 0.00279 
   31   31    1    1    1    1    1    1    1    1  6.68333E+13 0.00213 
   32   32    1    1    1    1    1    1    1    1  7.92345E+13 0.00202 
   33   33    1    1    1    1    1    1    1    1  1.26644E+14 0.00152 
   34   34    1    1    1    1    1    1    1    1  1.36742E+14 0.00135 
   35   35    1    1    1    1    1    1    1    1  1.42633E+14 0.00123 
   36   36    1    1    1    1    1    1    1    1  9.56898E+13 0.00153 
   37   37    1    1    1    1    1    1    1    1  2.76157E+13 0.00172 
   38   38    1    1    1    1    1    1    1    1  1.37981E+14 0.00143 
   39   39    1    1    1    1    1    1    1    1  1.63595E+14 0.00118 
   40   40    1    1    1    1    1    1    1    1  2.68642E+14 0.00121 
   41   41    1    1    1    1    1    1    1    1  2.37994E+14 0.00131 
   42   42    1    1    1    1    1    1    1    1  4.32853E+14 0.00102 
   43   43    1    1    1    1    1    1    1    1  4.61382E+14 0.00079 
   44   44    1    1    1    1    1    1    1    1  5.83280E+14 0.00069 
   45   45    1    1    1    1    1    1    1    1  1.01562E+15 0.00069 
   46   46    1    1    1    1    1    1    1    1  5.12369E+14 0.00061 
   47   47    1    1    1    1    1    1    1    1  7.16449E+14 0.00079 
   48   48    1    1    1    1    1    1    1    1  9.80025E+14 0.00071 
   49   49    1    1    1    1    1    1    1    1  8.60856E+14 0.00072 
   50   50    1    1    1    1    1    1    1    1  1.33208E+15 0.00058 
   51   51    1    1    1    1    1    1    1    1  1.00656E+15 0.00068 
   52   52    1    1    1    1    1    1    1    1  1.15889E+15 0.00060 
   53   53    1    1    1    1    1    1    1    1  8.09750E+14 0.00072 
   54   54    1    1    1    1    1    1    1    1  9.98152E+14 0.00069 
   55   55    1    1    1    1    1    1    1    1  6.98979E+14 0.00066 
   56   56    1    1    1    1    1    1    1    1  9.53638E+13 0.00097 
   57   57    1    1    1    1    1    1    1    1  1.33991E+15 0.00075 
   58   58    1    1    1    1    1    1    1    1  6.03541E+14 0.00093 
   59   59    1    1    1    1    1    1    1    1  6.44430E+14 0.00100 
   60   60    1    1    1    1    1    1    1    1  5.21443E+14 0.00087 
   61   61    1    1    1    1    1    1    1    1  5.17489E+14 0.00103 
   62   62    1    1    1    1    1    1    1    1  5.19267E+14 0.00096 
   63   63    1    1    1    1    1    1    1    1  4.33977E+14 0.00108 
   64   64    1    1    1    1    1    1    1    1  3.41349E+14 0.00126 
   65   65    1    1    1    1    1    1    1    1  3.32676E+14 0.00113 
   66   66    1    1    1    1    1    1    1    1  2.63402E+14 0.00137 
   67   67    1    1    1    1    1    1    1    1  2.14047E+14 0.00098 
   68   68    1    1    1    1    1    1    1    1  1.87822E+14 0.00127 
   69   69    1    1    1    1    1    1    1    1  2.26742E+14 0.00121 
   70   70    1    1    1    1    1    1    1    1  1.92939E+14 0.00156 
   71   71    1    1    1    1    1    1    1    1  3.48481E+14 0.00169 
   72   72    1    1    1    1    1    1    1    1  2.48892E+14 0.00181 
   73   73    1    1    1    1    1    1    1    1  1.91458E+14 0.00130 
   74   74    1    1    1    1    1    1    1    1  1.56436E+14 0.00208 
   75   75    1    1    1    1    1    1    1    1  1.30895E+14 0.00202 
   76   76    1    1    1    1    1    1    1    1  1.51934E+14 0.00174 
   77   77    1    1    1    1    1    1    1    1  1.20151E+14 0.00182 
   78   78    1    1    1    1    1    1    1    1  9.42245E+13 0.00259 
   79   79    1    1    1    1    1    1    1    1  9.78781E+13 0.00211 
   80   80    1    1    1    1    1    1    1    1  7.25079E+13 0.00204 
   81   81    1    1    1    1    1    1    1    1  5.59379E+13 0.00299 
   82   82    1    1    1    1    1    1    1    1  4.27896E+13 0.00248 
   83   83    1    1    1    1    1    1    1    1  3.97632E+13 0.00336 
   84   84    1    1    1    1    1    1    1    1  2.82547E+13 0.00295 
   85   85    1    1    1    1    1    1    1    1  2.02175E+13 0.00355 
   86   86    1    1    1    1    1    1    1    1  1.87308E+13 0.00451 
   87   87    1    1    1    1    1    1    1    1  1.12682E+13 0.00474 
   88   88    1    1    1    1    1    1    1    1  7.45279E+12 0.00467 
   89   89    1    1    1    1    1    1    1    1  4.15752E+12 0.00527 
   90   90    1    1    1    1    1    1    1    1  2.72847E+12 0.01026 
   91   91    1    1    1    1    1    1    1    1  1.31489E+12 0.01015 
   92   92    1    1    1    1    1    1    1    1  6.25840E+11 0.01883 
   93   93    1    1    1    1    1    1    1    1  2.90462E+11 0.03102 
   94   94    1    1    1    1    1    1    1    1  1.42072E+11 0.03067 
   95   95    1    1    1    1    1    1    1    1  6.41031E+10 0.06757 
   96   96    1    1    1    1    1    1    1    1  3.48868E+10 0.07230 
   97   97    1    1    1    1    1    1    1    1  1.76657E+10 0.15328 
   98   98    1    1    1    1    1    1    1    1  6.23695E+09 0.15200 
   99   99    1    1    1    1    1    1    1    1  2.97240E+09 0.24638 
  100  100    1    1    1    1    1    1    1    1  3.77673E+09 0.27412 
];


