
DETdpaspec = [
    1    1    1    1    1    1    1    1    1    1  0.00000E+00 0.00000 
    2    2    1    1    1    1    1    1    1    1  0.00000E+00 0.00000 
    3    3    1    1    1    1    1    1    1    1  0.00000E+00 0.00000 
    4    4    1    1    1    1    1    1    1    1  0.00000E+00 0.00000 
    5    5    1    1    1    1    1    1    1    1  0.00000E+00 0.00000 
    6    6    1    1    1    1    1    1    1    1  7.10394E+06 1.00000 
    7    7    1    1    1    1    1    1    1    1  0.00000E+00 0.00000 
    8    8    1    1    1    1    1    1    1    1  0.00000E+00 0.00000 
    9    9    1    1    1    1    1    1    1    1  0.00000E+00 0.00000 
   10   10    1    1    1    1    1    1    1    1  0.00000E+00 0.00000 
   11   11    1    1    1    1    1    1    1    1  1.61379E+08 0.82509 
   12   12    1    1    1    1    1    1    1    1  7.15362E+07 0.58061 
   13   13    1    1    1    1    1    1    1    1  7.83159E+08 0.40269 
   14   14    1    1    1    1    1    1    1    1  1.68310E+09 0.36647 
   15   15    1    1    1    1    1    1    1    1  1.48512E+09 0.47706 
   16   16    1    1    1    1    1    1    1    1  7.72940E+08 0.26341 
   17   17    1    1    1    1    1    1    1    1  1.23917E+09 0.27370 
   18   18    1    1    1    1    1    1    1    1  3.47519E+09 0.26097 
   19   19    1    1    1    1    1    1    1    1  3.96353E+09 0.16771 
   20   20    1    1    1    1    1    1    1    1  1.35172E+10 0.13918 
   21   21    1    1    1    1    1    1    1    1  9.56059E+09 0.12190 
   22   22    1    1    1    1    1    1    1    1  2.80294E+10 0.07703 
   23   23    1    1    1    1    1    1    1    1  5.83394E+10 0.04575 
   24   24    1    1    1    1    1    1    1    1  1.49945E+11 0.03250 
   25   25    1    1    1    1    1    1    1    1  2.47768E+11 0.03502 
   26   26    1    1    1    1    1    1    1    1  5.32384E+11 0.02035 
   27   27    1    1    1    1    1    1    1    1  1.10768E+12 0.01522 
   28   28    1    1    1    1    1    1    1    1  2.57960E+12 0.00813 
   29   29    1    1    1    1    1    1    1    1  3.88425E+12 0.00770 
   30   30    1    1    1    1    1    1    1    1  8.26654E+12 0.00537 
   31   31    1    1    1    1    1    1    1    1  1.85817E+13 0.00361 
   32   32    1    1    1    1    1    1    1    1  2.68775E+13 0.00363 
   33   33    1    1    1    1    1    1    1    1  5.19470E+13 0.00207 
   34   34    1    1    1    1    1    1    1    1  6.24481E+13 0.00195 
   35   35    1    1    1    1    1    1    1    1  7.91759E+13 0.00156 
   36   36    1    1    1    1    1    1    1    1  5.94780E+13 0.00143 
   37   37    1    1    1    1    1    1    1    1  1.80593E+13 0.00161 
   38   38    1    1    1    1    1    1    1    1  9.00771E+13 0.00120 
   39   39    1    1    1    1    1    1    1    1  1.10865E+14 0.00142 
   40   40    1    1    1    1    1    1    1    1  1.87061E+14 0.00105 
   41   41    1    1    1    1    1    1    1    1  1.75157E+14 0.00115 
   42   42    1    1    1    1    1    1    1    1  3.25116E+14 0.00084 
   43   43    1    1    1    1    1    1    1    1  3.57872E+14 0.00086 
   44   44    1    1    1    1    1    1    1    1  4.68721E+14 0.00089 
   45   45    1    1    1    1    1    1    1    1  8.46272E+14 0.00078 
   46   46    1    1    1    1    1    1    1    1  4.45441E+14 0.00075 
   47   47    1    1    1    1    1    1    1    1  6.37828E+14 0.00078 
   48   48    1    1    1    1    1    1    1    1  8.96825E+14 0.00081 
   49   49    1    1    1    1    1    1    1    1  8.10583E+14 0.00067 
   50   50    1    1    1    1    1    1    1    1  1.27658E+15 0.00062 
   51   51    1    1    1    1    1    1    1    1  9.98836E+14 0.00068 
   52   52    1    1    1    1    1    1    1    1  1.15801E+15 0.00074 
   53   53    1    1    1    1    1    1    1    1  8.27480E+14 0.00057 
   54   54    1    1    1    1    1    1    1    1  1.02466E+15 0.00062 
   55   55    1    1    1    1    1    1    1    1  7.28204E+14 0.00046 
   56   56    1    1    1    1    1    1    1    1  1.00073E+14 0.00109 
   57   57    1    1    1    1    1    1    1    1  1.41955E+15 0.00053 
   58   58    1    1    1    1    1    1    1    1  6.38735E+14 0.00070 
   59   59    1    1    1    1    1    1    1    1  6.93118E+14 0.00060 
   60   60    1    1    1    1    1    1    1    1  5.60190E+14 0.00059 
   61   61    1    1    1    1    1    1    1    1  5.60548E+14 0.00056 
   62   62    1    1    1    1    1    1    1    1  5.65902E+14 0.00093 
   63   63    1    1    1    1    1    1    1    1  4.76887E+14 0.00091 
   64   64    1    1    1    1    1    1    1    1  3.77845E+14 0.00054 
   65   65    1    1    1    1    1    1    1    1  3.71433E+14 0.00087 
   66   66    1    1    1    1    1    1    1    1  2.96697E+14 0.00084 
   67   67    1    1    1    1    1    1    1    1  2.43190E+14 0.00109 
   68   68    1    1    1    1    1    1    1    1  2.14687E+14 0.00098 
   69   69    1    1    1    1    1    1    1    1  2.61292E+14 0.00117 
   70   70    1    1    1    1    1    1    1    1  2.23915E+14 0.00136 
   71   71    1    1    1    1    1    1    1    1  4.14975E+14 0.00100 
   72   72    1    1    1    1    1    1    1    1  3.01637E+14 0.00108 
   73   73    1    1    1    1    1    1    1    1  2.33461E+14 0.00111 
   74   74    1    1    1    1    1    1    1    1  1.91218E+14 0.00115 
   75   75    1    1    1    1    1    1    1    1  1.58453E+14 0.00108 
   76   76    1    1    1    1    1    1    1    1  1.84359E+14 0.00138 
   77   77    1    1    1    1    1    1    1    1  1.45763E+14 0.00133 
   78   78    1    1    1    1    1    1    1    1  1.13702E+14 0.00179 
   79   79    1    1    1    1    1    1    1    1  1.18046E+14 0.00131 
   80   80    1    1    1    1    1    1    1    1  8.83931E+13 0.00163 
   81   81    1    1    1    1    1    1    1    1  6.82508E+13 0.00219 
   82   82    1    1    1    1    1    1    1    1  5.25381E+13 0.00234 
   83   83    1    1    1    1    1    1    1    1  4.94019E+13 0.00182 
   84   84    1    1    1    1    1    1    1    1  3.54285E+13 0.00264 
   85   85    1    1    1    1    1    1    1    1  2.56591E+13 0.00338 
   86   86    1    1    1    1    1    1    1    1  2.39509E+13 0.00415 
   87   87    1    1    1    1    1    1    1    1  1.46396E+13 0.00506 
   88   88    1    1    1    1    1    1    1    1  9.79339E+12 0.00574 
   89   89    1    1    1    1    1    1    1    1  5.64226E+12 0.00723 
   90   90    1    1    1    1    1    1    1    1  3.74584E+12 0.00820 
   91   91    1    1    1    1    1    1    1    1  1.88697E+12 0.00901 
   92   92    1    1    1    1    1    1    1    1  9.31686E+11 0.01656 
   93   93    1    1    1    1    1    1    1    1  4.46588E+11 0.01947 
   94   94    1    1    1    1    1    1    1    1  1.94925E+11 0.04000 
   95   95    1    1    1    1    1    1    1    1  9.63054E+10 0.06079 
   96   96    1    1    1    1    1    1    1    1  4.40700E+10 0.06657 
   97   97    1    1    1    1    1    1    1    1  2.34751E+10 0.10933 
   98   98    1    1    1    1    1    1    1    1  7.86249E+09 0.18708 
   99   99    1    1    1    1    1    1    1    1  4.85465E+09 0.19952 
  100  100    1    1    1    1    1    1    1    1  3.79207E+09 0.24455 
];


