
DETdpaspec = [
    1    1    1    1    1    1    1    1    1    1  0.00000E+00 0.00000 
    2    2    1    1    1    1    1    1    1    1  5.95798E+06 1.00000 
    3    3    1    1    1    1    1    1    1    1  0.00000E+00 0.00000 
    4    4    1    1    1    1    1    1    1    1  0.00000E+00 0.00000 
    5    5    1    1    1    1    1    1    1    1  0.00000E+00 0.00000 
    6    6    1    1    1    1    1    1    1    1  0.00000E+00 0.00000 
    7    7    1    1    1    1    1    1    1    1  0.00000E+00 0.00000 
    8    8    1    1    1    1    1    1    1    1  1.29735E+07 1.00000 
    9    9    1    1    1    1    1    1    1    1  0.00000E+00 0.00000 
   10   10    1    1    1    1    1    1    1    1  8.70434E+07 0.77850 
   11   11    1    1    1    1    1    1    1    1  1.17862E+08 0.74946 
   12   12    1    1    1    1    1    1    1    1  1.08187E+07 1.00000 
   13   13    1    1    1    1    1    1    1    1  1.64224E+09 0.51280 
   14   14    1    1    1    1    1    1    1    1  1.07935E+09 0.41540 
   15   15    1    1    1    1    1    1    1    1  1.40294E+09 0.52049 
   16   16    1    1    1    1    1    1    1    1  9.71044E+08 0.36670 
   17   17    1    1    1    1    1    1    1    1  1.16294E+09 0.46830 
   18   18    1    1    1    1    1    1    1    1  2.35640E+09 0.28138 
   19   19    1    1    1    1    1    1    1    1  2.19781E+09 0.24873 
   20   20    1    1    1    1    1    1    1    1  1.05589E+10 0.11854 
   21   21    1    1    1    1    1    1    1    1  1.34735E+10 0.13131 
   22   22    1    1    1    1    1    1    1    1  4.32001E+10 0.06037 
   23   23    1    1    1    1    1    1    1    1  1.41575E+11 0.03257 
   24   24    1    1    1    1    1    1    1    1  3.85037E+11 0.02671 
   25   25    1    1    1    1    1    1    1    1  6.61511E+11 0.01952 
   26   26    1    1    1    1    1    1    1    1  1.35496E+12 0.01632 
   27   27    1    1    1    1    1    1    1    1  2.55958E+12 0.01009 
   28   28    1    1    1    1    1    1    1    1  5.24291E+12 0.00588 
   29   29    1    1    1    1    1    1    1    1  7.66987E+12 0.00658 
   30   30    1    1    1    1    1    1    1    1  1.42061E+13 0.00372 
   31   31    1    1    1    1    1    1    1    1  2.88623E+13 0.00383 
   32   32    1    1    1    1    1    1    1    1  3.87265E+13 0.00195 
   33   33    1    1    1    1    1    1    1    1  7.06337E+13 0.00180 
   34   34    1    1    1    1    1    1    1    1  8.30282E+13 0.00134 
   35   35    1    1    1    1    1    1    1    1  9.69548E+13 0.00162 
   36   36    1    1    1    1    1    1    1    1  6.99533E+13 0.00153 
   37   37    1    1    1    1    1    1    1    1  2.07526E+13 0.00154 
   38   38    1    1    1    1    1    1    1    1  1.04066E+14 0.00122 
   39   39    1    1    1    1    1    1    1    1  1.26572E+14 0.00143 
   40   40    1    1    1    1    1    1    1    1  2.12496E+14 0.00092 
   41   41    1    1    1    1    1    1    1    1  1.94787E+14 0.00096 
   42   42    1    1    1    1    1    1    1    1  3.60357E+14 0.00103 
   43   43    1    1    1    1    1    1    1    1  3.93220E+14 0.00071 
   44   44    1    1    1    1    1    1    1    1  5.09506E+14 0.00084 
   45   45    1    1    1    1    1    1    1    1  9.12180E+14 0.00064 
   46   46    1    1    1    1    1    1    1    1  4.74538E+14 0.00063 
   47   47    1    1    1    1    1    1    1    1  6.73576E+14 0.00071 
   48   48    1    1    1    1    1    1    1    1  9.40060E+14 0.00049 
   49   49    1    1    1    1    1    1    1    1  8.42181E+14 0.00053 
   50   50    1    1    1    1    1    1    1    1  1.32412E+15 0.00056 
   51   51    1    1    1    1    1    1    1    1  1.02358E+15 0.00054 
   52   52    1    1    1    1    1    1    1    1  1.18817E+15 0.00054 
   53   53    1    1    1    1    1    1    1    1  8.43745E+14 0.00058 
   54   54    1    1    1    1    1    1    1    1  1.04654E+15 0.00053 
   55   55    1    1    1    1    1    1    1    1  7.41531E+14 0.00059 
   56   56    1    1    1    1    1    1    1    1  1.01943E+14 0.00129 
   57   57    1    1    1    1    1    1    1    1  1.43796E+15 0.00050 
   58   58    1    1    1    1    1    1    1    1  6.50544E+14 0.00065 
   59   59    1    1    1    1    1    1    1    1  7.02331E+14 0.00063 
   60   60    1    1    1    1    1    1    1    1  5.69469E+14 0.00081 
   61   61    1    1    1    1    1    1    1    1  5.69020E+14 0.00067 
   62   62    1    1    1    1    1    1    1    1  5.74589E+14 0.00081 
   63   63    1    1    1    1    1    1    1    1  4.83364E+14 0.00074 
   64   64    1    1    1    1    1    1    1    1  3.82604E+14 0.00080 
   65   65    1    1    1    1    1    1    1    1  3.75774E+14 0.00093 
   66   66    1    1    1    1    1    1    1    1  2.99226E+14 0.00093 
   67   67    1    1    1    1    1    1    1    1  2.44525E+14 0.00084 
   68   68    1    1    1    1    1    1    1    1  2.15159E+14 0.00097 
   69   69    1    1    1    1    1    1    1    1  2.61641E+14 0.00077 
   70   70    1    1    1    1    1    1    1    1  2.24306E+14 0.00099 
   71   71    1    1    1    1    1    1    1    1  4.11134E+14 0.00093 
   72   72    1    1    1    1    1    1    1    1  2.97518E+14 0.00101 
   73   73    1    1    1    1    1    1    1    1  2.30439E+14 0.00107 
   74   74    1    1    1    1    1    1    1    1  1.89338E+14 0.00099 
   75   75    1    1    1    1    1    1    1    1  1.57649E+14 0.00130 
   76   76    1    1    1    1    1    1    1    1  1.83549E+14 0.00098 
   77   77    1    1    1    1    1    1    1    1  1.46212E+14 0.00117 
   78   78    1    1    1    1    1    1    1    1  1.14597E+14 0.00125 
   79   79    1    1    1    1    1    1    1    1  1.19081E+14 0.00131 
   80   80    1    1    1    1    1    1    1    1  8.91525E+13 0.00156 
   81   81    1    1    1    1    1    1    1    1  6.92299E+13 0.00227 
   82   82    1    1    1    1    1    1    1    1  5.32849E+13 0.00270 
   83   83    1    1    1    1    1    1    1    1  4.99435E+13 0.00173 
   84   84    1    1    1    1    1    1    1    1  3.57064E+13 0.00272 
   85   85    1    1    1    1    1    1    1    1  2.56789E+13 0.00302 
   86   86    1    1    1    1    1    1    1    1  2.42194E+13 0.00316 
   87   87    1    1    1    1    1    1    1    1  1.48607E+13 0.00526 
   88   88    1    1    1    1    1    1    1    1  9.99713E+12 0.00350 
   89   89    1    1    1    1    1    1    1    1  5.69653E+12 0.00629 
   90   90    1    1    1    1    1    1    1    1  3.76918E+12 0.00715 
   91   91    1    1    1    1    1    1    1    1  1.89460E+12 0.01143 
   92   92    1    1    1    1    1    1    1    1  8.97084E+11 0.01386 
   93   93    1    1    1    1    1    1    1    1  4.29860E+11 0.02710 
   94   94    1    1    1    1    1    1    1    1  2.18142E+11 0.03165 
   95   95    1    1    1    1    1    1    1    1  9.93554E+10 0.04656 
   96   96    1    1    1    1    1    1    1    1  4.56215E+10 0.06838 
   97   97    1    1    1    1    1    1    1    1  2.35503E+10 0.08998 
   98   98    1    1    1    1    1    1    1    1  1.19004E+10 0.10840 
   99   99    1    1    1    1    1    1    1    1  2.85286E+09 0.26064 
  100  100    1    1    1    1    1    1    1    1  3.72507E+09 0.25833 
];


