
DETdpaspec = [
    1    1    1    1    1    1    1    1    1    1  0.00000E+00 0.00000 
    2    2    1    1    1    1    1    1    1    1  0.00000E+00 0.00000 
    3    3    1    1    1    1    1    1    1    1  0.00000E+00 0.00000 
    4    4    1    1    1    1    1    1    1    1  0.00000E+00 0.00000 
    5    5    1    1    1    1    1    1    1    1  0.00000E+00 0.00000 
    6    6    1    1    1    1    1    1    1    1  0.00000E+00 0.00000 
    7    7    1    1    1    1    1    1    1    1  0.00000E+00 0.00000 
    8    8    1    1    1    1    1    1    1    1  0.00000E+00 0.00000 
    9    9    1    1    1    1    1    1    1    1  0.00000E+00 0.00000 
   10   10    1    1    1    1    1    1    1    1  0.00000E+00 0.00000 
   11   11    1    1    1    1    1    1    1    1  3.47591E+07 1.00000 
   12   12    1    1    1    1    1    1    1    1  0.00000E+00 0.00000 
   13   13    1    1    1    1    1    1    1    1  2.00603E+09 0.43903 
   14   14    1    1    1    1    1    1    1    1  2.18613E+09 0.37837 
   15   15    1    1    1    1    1    1    1    1  1.76253E+09 0.31223 
   16   16    1    1    1    1    1    1    1    1  1.35091E+09 0.32473 
   17   17    1    1    1    1    1    1    1    1  1.31397E+09 0.25104 
   18   18    1    1    1    1    1    1    1    1  2.47047E+09 0.16684 
   19   19    1    1    1    1    1    1    1    1  3.21696E+09 0.20484 
   20   20    1    1    1    1    1    1    1    1  8.88035E+09 0.19981 
   21   21    1    1    1    1    1    1    1    1  1.02287E+10 0.15363 
   22   22    1    1    1    1    1    1    1    1  3.58694E+10 0.07331 
   23   23    1    1    1    1    1    1    1    1  1.05495E+11 0.03568 
   24   24    1    1    1    1    1    1    1    1  2.78755E+11 0.03432 
   25   25    1    1    1    1    1    1    1    1  4.94246E+11 0.01482 
   26   26    1    1    1    1    1    1    1    1  1.01836E+12 0.01354 
   27   27    1    1    1    1    1    1    1    1  2.02218E+12 0.00681 
   28   28    1    1    1    1    1    1    1    1  4.30333E+12 0.00785 
   29   29    1    1    1    1    1    1    1    1  6.33105E+12 0.00696 
   30   30    1    1    1    1    1    1    1    1  1.21502E+13 0.00411 
   31   31    1    1    1    1    1    1    1    1  2.55235E+13 0.00265 
   32   32    1    1    1    1    1    1    1    1  3.48297E+13 0.00264 
   33   33    1    1    1    1    1    1    1    1  6.48776E+13 0.00195 
   34   34    1    1    1    1    1    1    1    1  7.67427E+13 0.00207 
   35   35    1    1    1    1    1    1    1    1  9.16020E+13 0.00169 
   36   36    1    1    1    1    1    1    1    1  6.68093E+13 0.00169 
   37   37    1    1    1    1    1    1    1    1  1.99902E+13 0.00220 
   38   38    1    1    1    1    1    1    1    1  1.00244E+14 0.00192 
   39   39    1    1    1    1    1    1    1    1  1.21909E+14 0.00161 
   40   40    1    1    1    1    1    1    1    1  2.05777E+14 0.00085 
   41   41    1    1    1    1    1    1    1    1  1.89390E+14 0.00094 
   42   42    1    1    1    1    1    1    1    1  3.50508E+14 0.00111 
   43   43    1    1    1    1    1    1    1    1  3.83270E+14 0.00109 
   44   44    1    1    1    1    1    1    1    1  4.97304E+14 0.00071 
   45   45    1    1    1    1    1    1    1    1  8.93473E+14 0.00068 
   46   46    1    1    1    1    1    1    1    1  4.67111E+14 0.00072 
   47   47    1    1    1    1    1    1    1    1  6.64108E+14 0.00053 
   48   48    1    1    1    1    1    1    1    1  9.29817E+14 0.00054 
   49   49    1    1    1    1    1    1    1    1  8.34620E+14 0.00062 
   50   50    1    1    1    1    1    1    1    1  1.31489E+15 0.00049 
   51   51    1    1    1    1    1    1    1    1  1.01832E+15 0.00045 
   52   52    1    1    1    1    1    1    1    1  1.18297E+15 0.00061 
   53   53    1    1    1    1    1    1    1    1  8.41256E+14 0.00069 
   54   54    1    1    1    1    1    1    1    1  1.04359E+15 0.00056 
   55   55    1    1    1    1    1    1    1    1  7.39232E+14 0.00066 
   56   56    1    1    1    1    1    1    1    1  1.01570E+14 0.00138 
   57   57    1    1    1    1    1    1    1    1  1.43801E+15 0.00073 
   58   58    1    1    1    1    1    1    1    1  6.49723E+14 0.00080 
   59   59    1    1    1    1    1    1    1    1  7.01681E+14 0.00058 
   60   60    1    1    1    1    1    1    1    1  5.69638E+14 0.00076 
   61   61    1    1    1    1    1    1    1    1  5.68870E+14 0.00071 
   62   62    1    1    1    1    1    1    1    1  5.74312E+14 0.00060 
   63   63    1    1    1    1    1    1    1    1  4.83425E+14 0.00070 
   64   64    1    1    1    1    1    1    1    1  3.82468E+14 0.00080 
   65   65    1    1    1    1    1    1    1    1  3.75930E+14 0.00119 
   66   66    1    1    1    1    1    1    1    1  2.99728E+14 0.00099 
   67   67    1    1    1    1    1    1    1    1  2.45315E+14 0.00088 
   68   68    1    1    1    1    1    1    1    1  2.16140E+14 0.00103 
   69   69    1    1    1    1    1    1    1    1  2.63172E+14 0.00115 
   70   70    1    1    1    1    1    1    1    1  2.25119E+14 0.00094 
   71   71    1    1    1    1    1    1    1    1  4.13536E+14 0.00096 
   72   72    1    1    1    1    1    1    1    1  3.00236E+14 0.00097 
   73   73    1    1    1    1    1    1    1    1  2.32324E+14 0.00113 
   74   74    1    1    1    1    1    1    1    1  1.90489E+14 0.00149 
   75   75    1    1    1    1    1    1    1    1  1.59015E+14 0.00103 
   76   76    1    1    1    1    1    1    1    1  1.84761E+14 0.00119 
   77   77    1    1    1    1    1    1    1    1  1.46692E+14 0.00132 
   78   78    1    1    1    1    1    1    1    1  1.15028E+14 0.00166 
   79   79    1    1    1    1    1    1    1    1  1.19604E+14 0.00174 
   80   80    1    1    1    1    1    1    1    1  8.95638E+13 0.00178 
   81   81    1    1    1    1    1    1    1    1  6.93671E+13 0.00229 
   82   82    1    1    1    1    1    1    1    1  5.36134E+13 0.00201 
   83   83    1    1    1    1    1    1    1    1  5.01446E+13 0.00271 
   84   84    1    1    1    1    1    1    1    1  3.59459E+13 0.00126 
   85   85    1    1    1    1    1    1    1    1  2.59934E+13 0.00322 
   86   86    1    1    1    1    1    1    1    1  2.42385E+13 0.00252 
   87   87    1    1    1    1    1    1    1    1  1.49093E+13 0.00430 
   88   88    1    1    1    1    1    1    1    1  9.95234E+12 0.00500 
   89   89    1    1    1    1    1    1    1    1  5.77357E+12 0.00745 
   90   90    1    1    1    1    1    1    1    1  3.78632E+12 0.00806 
   91   91    1    1    1    1    1    1    1    1  1.89479E+12 0.01319 
   92   92    1    1    1    1    1    1    1    1  9.44035E+11 0.02041 
   93   93    1    1    1    1    1    1    1    1  4.51530E+11 0.02648 
   94   94    1    1    1    1    1    1    1    1  2.17315E+11 0.03512 
   95   95    1    1    1    1    1    1    1    1  1.04570E+11 0.04043 
   96   96    1    1    1    1    1    1    1    1  4.46187E+10 0.06979 
   97   97    1    1    1    1    1    1    1    1  2.21768E+10 0.10897 
   98   98    1    1    1    1    1    1    1    1  1.15921E+10 0.12919 
   99   99    1    1    1    1    1    1    1    1  5.23652E+09 0.22718 
  100  100    1    1    1    1    1    1    1    1  4.82506E+09 0.22968 
];


