
DETdpaspec = [
    1    1    1    1    1    1    1    1    1    1  0.00000E+00 0.00000 
    2    2    1    1    1    1    1    1    1    1  0.00000E+00 0.00000 
    3    3    1    1    1    1    1    1    1    1  0.00000E+00 0.00000 
    4    4    1    1    1    1    1    1    1    1  0.00000E+00 0.00000 
    5    5    1    1    1    1    1    1    1    1  0.00000E+00 0.00000 
    6    6    1    1    1    1    1    1    1    1  0.00000E+00 0.00000 
    7    7    1    1    1    1    1    1    1    1  0.00000E+00 0.00000 
    8    8    1    1    1    1    1    1    1    1  0.00000E+00 0.00000 
    9    9    1    1    1    1    1    1    1    1  0.00000E+00 0.00000 
   10   10    1    1    1    1    1    1    1    1  0.00000E+00 0.00000 
   11   11    1    1    1    1    1    1    1    1  0.00000E+00 0.00000 
   12   12    1    1    1    1    1    1    1    1  1.27003E+07 1.00000 
   13   13    1    1    1    1    1    1    1    1  6.53898E+08 0.54751 
   14   14    1    1    1    1    1    1    1    1  1.46054E+09 0.39844 
   15   15    1    1    1    1    1    1    1    1  9.13972E+08 0.49091 
   16   16    1    1    1    1    1    1    1    1  4.24705E+08 0.56713 
   17   17    1    1    1    1    1    1    1    1  9.47828E+08 0.40323 
   18   18    1    1    1    1    1    1    1    1  3.11385E+09 0.29883 
   19   19    1    1    1    1    1    1    1    1  4.70623E+09 0.25138 
   20   20    1    1    1    1    1    1    1    1  3.88223E+10 0.11486 
   21   21    1    1    1    1    1    1    1    1  7.82151E+10 0.04948 
   22   22    1    1    1    1    1    1    1    1  3.27950E+11 0.03351 
   23   23    1    1    1    1    1    1    1    1  1.04766E+12 0.01439 
   24   24    1    1    1    1    1    1    1    1  2.35416E+12 0.00925 
   25   25    1    1    1    1    1    1    1    1  3.24521E+12 0.01041 
   26   26    1    1    1    1    1    1    1    1  5.62702E+12 0.00915 
   27   27    1    1    1    1    1    1    1    1  8.83006E+12 0.00601 
   28   28    1    1    1    1    1    1    1    1  1.44969E+13 0.00414 
   29   29    1    1    1    1    1    1    1    1  1.90136E+13 0.00354 
   30   30    1    1    1    1    1    1    1    1  3.07223E+13 0.00392 
   31   31    1    1    1    1    1    1    1    1  5.20860E+13 0.00280 
   32   32    1    1    1    1    1    1    1    1  6.41058E+13 0.00213 
   33   33    1    1    1    1    1    1    1    1  1.06945E+14 0.00184 
   34   34    1    1    1    1    1    1    1    1  1.18939E+14 0.00154 
   35   35    1    1    1    1    1    1    1    1  1.28032E+14 0.00161 
   36   36    1    1    1    1    1    1    1    1  8.79426E+13 0.00152 
   37   37    1    1    1    1    1    1    1    1  2.55769E+13 0.00147 
   38   38    1    1    1    1    1    1    1    1  1.28183E+14 0.00135 
   39   39    1    1    1    1    1    1    1    1  1.53097E+14 0.00122 
   40   40    1    1    1    1    1    1    1    1  2.53545E+14 0.00087 
   41   41    1    1    1    1    1    1    1    1  2.26449E+14 0.00084 
   42   42    1    1    1    1    1    1    1    1  4.14682E+14 0.00049 
   43   43    1    1    1    1    1    1    1    1  4.44707E+14 0.00070 
   44   44    1    1    1    1    1    1    1    1  5.67606E+14 0.00077 
   45   45    1    1    1    1    1    1    1    1  9.97923E+14 0.00053 
   46   46    1    1    1    1    1    1    1    1  5.08617E+14 0.00052 
   47   47    1    1    1    1    1    1    1    1  7.13340E+14 0.00054 
   48   48    1    1    1    1    1    1    1    1  9.83654E+14 0.00065 
   49   49    1    1    1    1    1    1    1    1  8.70571E+14 0.00065 
   50   50    1    1    1    1    1    1    1    1  1.35744E+15 0.00056 
   51   51    1    1    1    1    1    1    1    1  1.03268E+15 0.00061 
   52   52    1    1    1    1    1    1    1    1  1.19236E+15 0.00050 
   53   53    1    1    1    1    1    1    1    1  8.38248E+14 0.00074 
   54   54    1    1    1    1    1    1    1    1  1.03752E+15 0.00045 
   55   55    1    1    1    1    1    1    1    1  7.30365E+14 0.00050 
   56   56    1    1    1    1    1    1    1    1  9.97408E+13 0.00128 
   57   57    1    1    1    1    1    1    1    1  1.40605E+15 0.00062 
   58   58    1    1    1    1    1    1    1    1  6.35788E+14 0.00065 
   59   59    1    1    1    1    1    1    1    1  6.81402E+14 0.00068 
   60   60    1    1    1    1    1    1    1    1  5.52488E+14 0.00085 
   61   61    1    1    1    1    1    1    1    1  5.49741E+14 0.00078 
   62   62    1    1    1    1    1    1    1    1  5.53096E+14 0.00075 
   63   63    1    1    1    1    1    1    1    1  4.64581E+14 0.00075 
   64   64    1    1    1    1    1    1    1    1  3.65486E+14 0.00065 
   65   65    1    1    1    1    1    1    1    1  3.58051E+14 0.00073 
   66   66    1    1    1    1    1    1    1    1  2.84525E+14 0.00098 
   67   67    1    1    1    1    1    1    1    1  2.31463E+14 0.00106 
   68   68    1    1    1    1    1    1    1    1  2.03014E+14 0.00120 
   69   69    1    1    1    1    1    1    1    1  2.45894E+14 0.00138 
   70   70    1    1    1    1    1    1    1    1  2.09390E+14 0.00135 
   71   71    1    1    1    1    1    1    1    1  3.81091E+14 0.00125 
   72   72    1    1    1    1    1    1    1    1  2.74009E+14 0.00110 
   73   73    1    1    1    1    1    1    1    1  2.11489E+14 0.00120 
   74   74    1    1    1    1    1    1    1    1  1.73284E+14 0.00155 
   75   75    1    1    1    1    1    1    1    1  1.44713E+14 0.00106 
   76   76    1    1    1    1    1    1    1    1  1.68663E+14 0.00107 
   77   77    1    1    1    1    1    1    1    1  1.33945E+14 0.00176 
   78   78    1    1    1    1    1    1    1    1  1.05210E+14 0.00183 
   79   79    1    1    1    1    1    1    1    1  1.09246E+14 0.00138 
   80   80    1    1    1    1    1    1    1    1  8.19692E+13 0.00225 
   81   81    1    1    1    1    1    1    1    1  6.30660E+13 0.00214 
   82   82    1    1    1    1    1    1    1    1  4.85939E+13 0.00266 
   83   83    1    1    1    1    1    1    1    1  4.52587E+13 0.00186 
   84   84    1    1    1    1    1    1    1    1  3.23393E+13 0.00325 
   85   85    1    1    1    1    1    1    1    1  2.32605E+13 0.00316 
   86   86    1    1    1    1    1    1    1    1  2.17376E+13 0.00374 
   87   87    1    1    1    1    1    1    1    1  1.32875E+13 0.00384 
   88   88    1    1    1    1    1    1    1    1  8.82700E+12 0.00511 
   89   89    1    1    1    1    1    1    1    1  4.99893E+12 0.00734 
   90   90    1    1    1    1    1    1    1    1  3.24264E+12 0.00752 
   91   91    1    1    1    1    1    1    1    1  1.64107E+12 0.01275 
   92   92    1    1    1    1    1    1    1    1  7.69830E+11 0.01657 
   93   93    1    1    1    1    1    1    1    1  3.65389E+11 0.02573 
   94   94    1    1    1    1    1    1    1    1  1.75106E+11 0.03860 
   95   95    1    1    1    1    1    1    1    1  8.19638E+10 0.05465 
   96   96    1    1    1    1    1    1    1    1  3.63796E+10 0.07838 
   97   97    1    1    1    1    1    1    1    1  1.78982E+10 0.13149 
   98   98    1    1    1    1    1    1    1    1  1.03740E+10 0.16095 
   99   99    1    1    1    1    1    1    1    1  4.57341E+09 0.28652 
  100  100    1    1    1    1    1    1    1    1  1.41214E+09 0.24671 
];


