
DETdpaspec = [
    1    1    1    1    1    1    1    1    1    1  0.00000E+00 0.00000 
    2    2    1    1    1    1    1    1    1    1  0.00000E+00 0.00000 
    3    3    1    1    1    1    1    1    1    1  0.00000E+00 0.00000 
    4    4    1    1    1    1    1    1    1    1  0.00000E+00 0.00000 
    5    5    1    1    1    1    1    1    1    1  0.00000E+00 0.00000 
    6    6    1    1    1    1    1    1    1    1  0.00000E+00 0.00000 
    7    7    1    1    1    1    1    1    1    1  0.00000E+00 0.00000 
    8    8    1    1    1    1    1    1    1    1  1.16872E+07 1.00000 
    9    9    1    1    1    1    1    1    1    1  3.73445E+06 1.00000 
   10   10    1    1    1    1    1    1    1    1  0.00000E+00 0.00000 
   11   11    1    1    1    1    1    1    1    1  7.41623E+07 0.68896 
   12   12    1    1    1    1    1    1    1    1  9.73921E+07 0.55329 
   13   13    1    1    1    1    1    1    1    1  2.53490E+08 0.83745 
   14   14    1    1    1    1    1    1    1    1  1.27236E+09 0.40765 
   15   15    1    1    1    1    1    1    1    1  1.11547E+09 0.58600 
   16   16    1    1    1    1    1    1    1    1  6.84008E+08 0.41175 
   17   17    1    1    1    1    1    1    1    1  8.69570E+08 0.43901 
   18   18    1    1    1    1    1    1    1    1  2.64238E+09 0.23323 
   19   19    1    1    1    1    1    1    1    1  4.05403E+09 0.16103 
   20   20    1    1    1    1    1    1    1    1  1.20779E+10 0.13395 
   21   21    1    1    1    1    1    1    1    1  1.07692E+10 0.13672 
   22   22    1    1    1    1    1    1    1    1  3.00808E+10 0.08981 
   23   23    1    1    1    1    1    1    1    1  7.84953E+10 0.04738 
   24   24    1    1    1    1    1    1    1    1  2.23838E+11 0.03352 
   25   25    1    1    1    1    1    1    1    1  3.78938E+11 0.02914 
   26   26    1    1    1    1    1    1    1    1  8.48224E+11 0.01739 
   27   27    1    1    1    1    1    1    1    1  1.61644E+12 0.01125 
   28   28    1    1    1    1    1    1    1    1  3.50947E+12 0.00870 
   29   29    1    1    1    1    1    1    1    1  5.25236E+12 0.00551 
   30   30    1    1    1    1    1    1    1    1  1.04973E+13 0.00398 
   31   31    1    1    1    1    1    1    1    1  2.27214E+13 0.00349 
   32   32    1    1    1    1    1    1    1    1  3.16543E+13 0.00194 
   33   33    1    1    1    1    1    1    1    1  5.96538E+13 0.00247 
   34   34    1    1    1    1    1    1    1    1  7.13190E+13 0.00235 
   35   35    1    1    1    1    1    1    1    1  8.67470E+13 0.00229 
   36   36    1    1    1    1    1    1    1    1  6.39595E+13 0.00173 
   37   37    1    1    1    1    1    1    1    1  1.91907E+13 0.00187 
   38   38    1    1    1    1    1    1    1    1  9.61865E+13 0.00130 
   39   39    1    1    1    1    1    1    1    1  1.17547E+14 0.00159 
   40   40    1    1    1    1    1    1    1    1  1.98450E+14 0.00121 
   41   41    1    1    1    1    1    1    1    1  1.83665E+14 0.00139 
   42   42    1    1    1    1    1    1    1    1  3.40683E+14 0.00108 
   43   43    1    1    1    1    1    1    1    1  3.73623E+14 0.00101 
   44   44    1    1    1    1    1    1    1    1  4.86709E+14 0.00089 
   45   45    1    1    1    1    1    1    1    1  8.76635E+14 0.00080 
   46   46    1    1    1    1    1    1    1    1  4.58244E+14 0.00082 
   47   47    1    1    1    1    1    1    1    1  6.53421E+14 0.00066 
   48   48    1    1    1    1    1    1    1    1  9.16388E+14 0.00054 
   49   49    1    1    1    1    1    1    1    1  8.25960E+14 0.00038 
   50   50    1    1    1    1    1    1    1    1  1.30031E+15 0.00047 
   51   51    1    1    1    1    1    1    1    1  1.01155E+15 0.00062 
   52   52    1    1    1    1    1    1    1    1  1.17419E+15 0.00056 
   53   53    1    1    1    1    1    1    1    1  8.36013E+14 0.00080 
   54   54    1    1    1    1    1    1    1    1  1.03829E+15 0.00055 
   55   55    1    1    1    1    1    1    1    1  7.35937E+14 0.00062 
   56   56    1    1    1    1    1    1    1    1  1.01292E+14 0.00094 
   57   57    1    1    1    1    1    1    1    1  1.43229E+15 0.00052 
   58   58    1    1    1    1    1    1    1    1  6.46710E+14 0.00061 
   59   59    1    1    1    1    1    1    1    1  7.00582E+14 0.00060 
   60   60    1    1    1    1    1    1    1    1  5.67341E+14 0.00050 
   61   61    1    1    1    1    1    1    1    1  5.66829E+14 0.00056 
   62   62    1    1    1    1    1    1    1    1  5.72529E+14 0.00067 
   63   63    1    1    1    1    1    1    1    1  4.82315E+14 0.00074 
   64   64    1    1    1    1    1    1    1    1  3.82474E+14 0.00076 
   65   65    1    1    1    1    1    1    1    1  3.76237E+14 0.00066 
   66   66    1    1    1    1    1    1    1    1  2.99302E+14 0.00073 
   67   67    1    1    1    1    1    1    1    1  2.44998E+14 0.00093 
   68   68    1    1    1    1    1    1    1    1  2.15975E+14 0.00098 
   69   69    1    1    1    1    1    1    1    1  2.62908E+14 0.00105 
   70   70    1    1    1    1    1    1    1    1  2.25534E+14 0.00093 
   71   71    1    1    1    1    1    1    1    1  4.15919E+14 0.00119 
   72   72    1    1    1    1    1    1    1    1  3.01471E+14 0.00097 
   73   73    1    1    1    1    1    1    1    1  2.32777E+14 0.00113 
   74   74    1    1    1    1    1    1    1    1  1.91814E+14 0.00119 
   75   75    1    1    1    1    1    1    1    1  1.59375E+14 0.00145 
   76   76    1    1    1    1    1    1    1    1  1.85674E+14 0.00139 
   77   77    1    1    1    1    1    1    1    1  1.47229E+14 0.00153 
   78   78    1    1    1    1    1    1    1    1  1.14940E+14 0.00162 
   79   79    1    1    1    1    1    1    1    1  1.19575E+14 0.00152 
   80   80    1    1    1    1    1    1    1    1  8.97909E+13 0.00131 
   81   81    1    1    1    1    1    1    1    1  6.93271E+13 0.00211 
   82   82    1    1    1    1    1    1    1    1  5.36031E+13 0.00234 
   83   83    1    1    1    1    1    1    1    1  4.99285E+13 0.00216 
   84   84    1    1    1    1    1    1    1    1  3.62113E+13 0.00261 
   85   85    1    1    1    1    1    1    1    1  2.59392E+13 0.00349 
   86   86    1    1    1    1    1    1    1    1  2.42757E+13 0.00337 
   87   87    1    1    1    1    1    1    1    1  1.50585E+13 0.00506 
   88   88    1    1    1    1    1    1    1    1  1.00437E+13 0.00467 
   89   89    1    1    1    1    1    1    1    1  5.67872E+12 0.00689 
   90   90    1    1    1    1    1    1    1    1  3.73779E+12 0.00796 
   91   91    1    1    1    1    1    1    1    1  1.90692E+12 0.01290 
   92   92    1    1    1    1    1    1    1    1  9.12527E+11 0.02119 
   93   93    1    1    1    1    1    1    1    1  4.48002E+11 0.02770 
   94   94    1    1    1    1    1    1    1    1  2.15473E+11 0.03993 
   95   95    1    1    1    1    1    1    1    1  9.80656E+10 0.05400 
   96   96    1    1    1    1    1    1    1    1  4.73829E+10 0.05941 
   97   97    1    1    1    1    1    1    1    1  2.56921E+10 0.12143 
   98   98    1    1    1    1    1    1    1    1  1.19752E+10 0.12928 
   99   99    1    1    1    1    1    1    1    1  7.87678E+09 0.20674 
  100  100    1    1    1    1    1    1    1    1  6.80616E+09 0.23453 
];


