
DETdpaspec = [
    1    1    1    1    1    1    1    1    1    1  0.00000E+00 0.00000 
    2    2    1    1    1    1    1    1    1    1  0.00000E+00 0.00000 
    3    3    1    1    1    1    1    1    1    1  0.00000E+00 0.00000 
    4    4    1    1    1    1    1    1    1    1  0.00000E+00 0.00000 
    5    5    1    1    1    1    1    1    1    1  0.00000E+00 0.00000 
    6    6    1    1    1    1    1    1    1    1  0.00000E+00 0.00000 
    7    7    1    1    1    1    1    1    1    1  1.02754E+07 1.00000 
    8    8    1    1    1    1    1    1    1    1  0.00000E+00 0.00000 
    9    9    1    1    1    1    1    1    1    1  6.94364E+06 1.00000 
   10   10    1    1    1    1    1    1    1    1  8.35869E+07 0.63292 
   11   11    1    1    1    1    1    1    1    1  6.54086E+07 0.69007 
   12   12    1    1    1    1    1    1    1    1  2.52317E+07 1.00000 
   13   13    1    1    1    1    1    1    1    1  1.02008E+09 0.41029 
   14   14    1    1    1    1    1    1    1    1  1.18728E+09 0.48264 
   15   15    1    1    1    1    1    1    1    1  2.12719E+09 0.35417 
   16   16    1    1    1    1    1    1    1    1  1.03310E+09 0.37003 
   17   17    1    1    1    1    1    1    1    1  1.35697E+09 0.28695 
   18   18    1    1    1    1    1    1    1    1  4.78436E+09 0.17877 
   19   19    1    1    1    1    1    1    1    1  4.18540E+09 0.21176 
   20   20    1    1    1    1    1    1    1    1  1.06516E+10 0.12101 
   21   21    1    1    1    1    1    1    1    1  9.00406E+09 0.12832 
   22   22    1    1    1    1    1    1    1    1  2.81747E+10 0.08876 
   23   23    1    1    1    1    1    1    1    1  6.27173E+10 0.06145 
   24   24    1    1    1    1    1    1    1    1  1.65360E+11 0.03430 
   25   25    1    1    1    1    1    1    1    1  3.02634E+11 0.02580 
   26   26    1    1    1    1    1    1    1    1  6.45665E+11 0.02449 
   27   27    1    1    1    1    1    1    1    1  1.34046E+12 0.01357 
   28   28    1    1    1    1    1    1    1    1  2.97396E+12 0.00692 
   29   29    1    1    1    1    1    1    1    1  4.52195E+12 0.00654 
   30   30    1    1    1    1    1    1    1    1  9.26011E+12 0.00397 
   31   31    1    1    1    1    1    1    1    1  2.04906E+13 0.00425 
   32   32    1    1    1    1    1    1    1    1  2.92012E+13 0.00340 
   33   33    1    1    1    1    1    1    1    1  5.55900E+13 0.00151 
   34   34    1    1    1    1    1    1    1    1  6.64894E+13 0.00248 
   35   35    1    1    1    1    1    1    1    1  8.22221E+13 0.00151 
   36   36    1    1    1    1    1    1    1    1  6.12304E+13 0.00193 
   37   37    1    1    1    1    1    1    1    1  1.84610E+13 0.00165 
   38   38    1    1    1    1    1    1    1    1  9.27243E+13 0.00165 
   39   39    1    1    1    1    1    1    1    1  1.13707E+14 0.00148 
   40   40    1    1    1    1    1    1    1    1  1.92077E+14 0.00097 
   41   41    1    1    1    1    1    1    1    1  1.78693E+14 0.00108 
   42   42    1    1    1    1    1    1    1    1  3.31610E+14 0.00126 
   43   43    1    1    1    1    1    1    1    1  3.64951E+14 0.00103 
   44   44    1    1    1    1    1    1    1    1  4.76249E+14 0.00053 
   45   45    1    1    1    1    1    1    1    1  8.59586E+14 0.00066 
   46   46    1    1    1    1    1    1    1    1  4.51085E+14 0.00060 
   47   47    1    1    1    1    1    1    1    1  6.45760E+14 0.00062 
   48   48    1    1    1    1    1    1    1    1  9.06843E+14 0.00046 
   49   49    1    1    1    1    1    1    1    1  8.18853E+14 0.00086 
   50   50    1    1    1    1    1    1    1    1  1.28774E+15 0.00047 
   51   51    1    1    1    1    1    1    1    1  1.00477E+15 0.00050 
   52   52    1    1    1    1    1    1    1    1  1.16611E+15 0.00054 
   53   53    1    1    1    1    1    1    1    1  8.32431E+14 0.00052 
   54   54    1    1    1    1    1    1    1    1  1.03064E+15 0.00050 
   55   55    1    1    1    1    1    1    1    1  7.33208E+14 0.00047 
   56   56    1    1    1    1    1    1    1    1  1.00898E+14 0.00128 
   57   57    1    1    1    1    1    1    1    1  1.42746E+15 0.00060 
   58   58    1    1    1    1    1    1    1    1  6.42994E+14 0.00066 
   59   59    1    1    1    1    1    1    1    1  6.97192E+14 0.00090 
   60   60    1    1    1    1    1    1    1    1  5.64023E+14 0.00080 
   61   61    1    1    1    1    1    1    1    1  5.63490E+14 0.00067 
   62   62    1    1    1    1    1    1    1    1  5.69979E+14 0.00087 
   63   63    1    1    1    1    1    1    1    1  4.79335E+14 0.00107 
   64   64    1    1    1    1    1    1    1    1  3.80120E+14 0.00079 
   65   65    1    1    1    1    1    1    1    1  3.73885E+14 0.00069 
   66   66    1    1    1    1    1    1    1    1  2.98308E+14 0.00089 
   67   67    1    1    1    1    1    1    1    1  2.44606E+14 0.00116 
   68   68    1    1    1    1    1    1    1    1  2.15375E+14 0.00106 
   69   69    1    1    1    1    1    1    1    1  2.62534E+14 0.00098 
   70   70    1    1    1    1    1    1    1    1  2.24684E+14 0.00136 
   71   71    1    1    1    1    1    1    1    1  4.15713E+14 0.00081 
   72   72    1    1    1    1    1    1    1    1  3.02270E+14 0.00127 
   73   73    1    1    1    1    1    1    1    1  2.34019E+14 0.00111 
   74   74    1    1    1    1    1    1    1    1  1.91744E+14 0.00130 
   75   75    1    1    1    1    1    1    1    1  1.59315E+14 0.00120 
   76   76    1    1    1    1    1    1    1    1  1.84893E+14 0.00130 
   77   77    1    1    1    1    1    1    1    1  1.46597E+14 0.00110 
   78   78    1    1    1    1    1    1    1    1  1.14611E+14 0.00162 
   79   79    1    1    1    1    1    1    1    1  1.19059E+14 0.00123 
   80   80    1    1    1    1    1    1    1    1  8.91193E+13 0.00188 
   81   81    1    1    1    1    1    1    1    1  6.90138E+13 0.00153 
   82   82    1    1    1    1    1    1    1    1  5.31016E+13 0.00223 
   83   83    1    1    1    1    1    1    1    1  4.97181E+13 0.00251 
   84   84    1    1    1    1    1    1    1    1  3.59464E+13 0.00245 
   85   85    1    1    1    1    1    1    1    1  2.57994E+13 0.00303 
   86   86    1    1    1    1    1    1    1    1  2.40608E+13 0.00358 
   87   87    1    1    1    1    1    1    1    1  1.48715E+13 0.00507 
   88   88    1    1    1    1    1    1    1    1  9.99706E+12 0.00482 
   89   89    1    1    1    1    1    1    1    1  5.73017E+12 0.00782 
   90   90    1    1    1    1    1    1    1    1  3.80550E+12 0.00730 
   91   91    1    1    1    1    1    1    1    1  1.90279E+12 0.01437 
   92   92    1    1    1    1    1    1    1    1  9.01414E+11 0.01429 
   93   93    1    1    1    1    1    1    1    1  4.30443E+11 0.02548 
   94   94    1    1    1    1    1    1    1    1  1.98918E+11 0.03657 
   95   95    1    1    1    1    1    1    1    1  1.05403E+11 0.04575 
   96   96    1    1    1    1    1    1    1    1  4.24086E+10 0.08604 
   97   97    1    1    1    1    1    1    1    1  2.02013E+10 0.11055 
   98   98    1    1    1    1    1    1    1    1  8.30084E+09 0.21184 
   99   99    1    1    1    1    1    1    1    1  6.75367E+09 0.23856 
  100  100    1    1    1    1    1    1    1    1  3.75763E+09 0.26313 
];


