
DETdpaspec = [
    1    1    1    1    1    1    1    1    1    1  0.00000E+00 0.00000 
    2    2    1    1    1    1    1    1    1    1  0.00000E+00 0.00000 
    3    3    1    1    1    1    1    1    1    1  0.00000E+00 0.00000 
    4    4    1    1    1    1    1    1    1    1  0.00000E+00 0.00000 
    5    5    1    1    1    1    1    1    1    1  0.00000E+00 0.00000 
    6    6    1    1    1    1    1    1    1    1  0.00000E+00 0.00000 
    7    7    1    1    1    1    1    1    1    1  0.00000E+00 0.00000 
    8    8    1    1    1    1    1    1    1    1  0.00000E+00 0.00000 
    9    9    1    1    1    1    1    1    1    1  1.69486E+07 1.00000 
   10   10    1    1    1    1    1    1    1    1  0.00000E+00 0.00000 
   11   11    1    1    1    1    1    1    1    1  9.02330E+07 1.00000 
   12   12    1    1    1    1    1    1    1    1  4.16730E+07 1.00000 
   13   13    1    1    1    1    1    1    1    1  6.69672E+08 0.58053 
   14   14    1    1    1    1    1    1    1    1  1.10707E+09 0.45895 
   15   15    1    1    1    1    1    1    1    1  9.52539E+08 0.55808 
   16   16    1    1    1    1    1    1    1    1  6.28243E+08 0.57248 
   17   17    1    1    1    1    1    1    1    1  1.50483E+09 0.50439 
   18   18    1    1    1    1    1    1    1    1  1.99393E+09 0.28987 
   19   19    1    1    1    1    1    1    1    1  3.60749E+09 0.23627 
   20   20    1    1    1    1    1    1    1    1  1.66168E+10 0.14155 
   21   21    1    1    1    1    1    1    1    1  5.04673E+10 0.06170 
   22   22    1    1    1    1    1    1    1    1  2.22329E+11 0.03294 
   23   23    1    1    1    1    1    1    1    1  7.54753E+11 0.01335 
   24   24    1    1    1    1    1    1    1    1  1.74290E+12 0.01134 
   25   25    1    1    1    1    1    1    1    1  2.57797E+12 0.00959 
   26   26    1    1    1    1    1    1    1    1  4.53375E+12 0.00660 
   27   27    1    1    1    1    1    1    1    1  7.33125E+12 0.00622 
   28   28    1    1    1    1    1    1    1    1  1.25423E+13 0.00437 
   29   29    1    1    1    1    1    1    1    1  1.66400E+13 0.00404 
   30   30    1    1    1    1    1    1    1    1  2.73040E+13 0.00299 
   31   31    1    1    1    1    1    1    1    1  4.77415E+13 0.00227 
   32   32    1    1    1    1    1    1    1    1  5.97090E+13 0.00213 
   33   33    1    1    1    1    1    1    1    1  1.00538E+14 0.00142 
   34   34    1    1    1    1    1    1    1    1  1.13380E+14 0.00131 
   35   35    1    1    1    1    1    1    1    1  1.23254E+14 0.00152 
   36   36    1    1    1    1    1    1    1    1  8.50006E+13 0.00138 
   37   37    1    1    1    1    1    1    1    1  2.48068E+13 0.00166 
   38   38    1    1    1    1    1    1    1    1  1.24332E+14 0.00139 
   39   39    1    1    1    1    1    1    1    1  1.49407E+14 0.00116 
   40   40    1    1    1    1    1    1    1    1  2.47394E+14 0.00078 
   41   41    1    1    1    1    1    1    1    1  2.21985E+14 0.00088 
   42   42    1    1    1    1    1    1    1    1  4.06387E+14 0.00116 
   43   43    1    1    1    1    1    1    1    1  4.37081E+14 0.00073 
   44   44    1    1    1    1    1    1    1    1  5.59365E+14 0.00085 
   45   45    1    1    1    1    1    1    1    1  9.85929E+14 0.00062 
   46   46    1    1    1    1    1    1    1    1  5.04453E+14 0.00068 
   47   47    1    1    1    1    1    1    1    1  7.09471E+14 0.00050 
   48   48    1    1    1    1    1    1    1    1  9.79441E+14 0.00043 
   49   49    1    1    1    1    1    1    1    1  8.68407E+14 0.00050 
   50   50    1    1    1    1    1    1    1    1  1.35590E+15 0.00031 
   51   51    1    1    1    1    1    1    1    1  1.03425E+15 0.00048 
   52   52    1    1    1    1    1    1    1    1  1.19735E+15 0.00060 
   53   53    1    1    1    1    1    1    1    1  8.42471E+14 0.00057 
   54   54    1    1    1    1    1    1    1    1  1.04337E+15 0.00054 
   55   55    1    1    1    1    1    1    1    1  7.35241E+14 0.00076 
   56   56    1    1    1    1    1    1    1    1  1.00665E+14 0.00109 
   57   57    1    1    1    1    1    1    1    1  1.41663E+15 0.00073 
   58   58    1    1    1    1    1    1    1    1  6.40996E+14 0.00071 
   59   59    1    1    1    1    1    1    1    1  6.87518E+14 0.00073 
   60   60    1    1    1    1    1    1    1    1  5.58230E+14 0.00076 
   61   61    1    1    1    1    1    1    1    1  5.56223E+14 0.00063 
   62   62    1    1    1    1    1    1    1    1  5.59053E+14 0.00078 
   63   63    1    1    1    1    1    1    1    1  4.69458E+14 0.00069 
   64   64    1    1    1    1    1    1    1    1  3.70196E+14 0.00083 
   65   65    1    1    1    1    1    1    1    1  3.62315E+14 0.00082 
   66   66    1    1    1    1    1    1    1    1  2.88152E+14 0.00086 
   67   67    1    1    1    1    1    1    1    1  2.34641E+14 0.00077 
   68   68    1    1    1    1    1    1    1    1  2.05884E+14 0.00108 
   69   69    1    1    1    1    1    1    1    1  2.49387E+14 0.00147 
   70   70    1    1    1    1    1    1    1    1  2.13175E+14 0.00130 
   71   71    1    1    1    1    1    1    1    1  3.88263E+14 0.00118 
   72   72    1    1    1    1    1    1    1    1  2.78787E+14 0.00101 
   73   73    1    1    1    1    1    1    1    1  2.15011E+14 0.00113 
   74   74    1    1    1    1    1    1    1    1  1.76767E+14 0.00093 
   75   75    1    1    1    1    1    1    1    1  1.47818E+14 0.00110 
   76   76    1    1    1    1    1    1    1    1  1.71804E+14 0.00114 
   77   77    1    1    1    1    1    1    1    1  1.37153E+14 0.00141 
   78   78    1    1    1    1    1    1    1    1  1.07208E+14 0.00128 
   79   79    1    1    1    1    1    1    1    1  1.11882E+14 0.00117 
   80   80    1    1    1    1    1    1    1    1  8.36901E+13 0.00145 
   81   81    1    1    1    1    1    1    1    1  6.45659E+13 0.00189 
   82   82    1    1    1    1    1    1    1    1  4.96858E+13 0.00250 
   83   83    1    1    1    1    1    1    1    1  4.63991E+13 0.00267 
   84   84    1    1    1    1    1    1    1    1  3.32315E+13 0.00269 
   85   85    1    1    1    1    1    1    1    1  2.39411E+13 0.00312 
   86   86    1    1    1    1    1    1    1    1  2.23657E+13 0.00389 
   87   87    1    1    1    1    1    1    1    1  1.35940E+13 0.00371 
   88   88    1    1    1    1    1    1    1    1  9.02210E+12 0.00624 
   89   89    1    1    1    1    1    1    1    1  5.15618E+12 0.00868 
   90   90    1    1    1    1    1    1    1    1  3.38807E+12 0.00793 
   91   91    1    1    1    1    1    1    1    1  1.68665E+12 0.01197 
   92   92    1    1    1    1    1    1    1    1  8.07295E+11 0.01660 
   93   93    1    1    1    1    1    1    1    1  3.89277E+11 0.02970 
   94   94    1    1    1    1    1    1    1    1  1.76148E+11 0.02833 
   95   95    1    1    1    1    1    1    1    1  7.95915E+10 0.04939 
   96   96    1    1    1    1    1    1    1    1  3.86779E+10 0.06714 
   97   97    1    1    1    1    1    1    1    1  2.20195E+10 0.10364 
   98   98    1    1    1    1    1    1    1    1  8.07293E+09 0.20620 
   99   99    1    1    1    1    1    1    1    1  4.16204E+09 0.26199 
  100  100    1    1    1    1    1    1    1    1  3.86977E+09 0.22136 
];


