
DETdpaspec = [
    1    1    1    1    1    1    1    1    1    1  0.00000E+00 0.00000 
    2    2    1    1    1    1    1    1    1    1  0.00000E+00 0.00000 
    3    3    1    1    1    1    1    1    1    1  0.00000E+00 0.00000 
    4    4    1    1    1    1    1    1    1    1  0.00000E+00 0.00000 
    5    5    1    1    1    1    1    1    1    1  0.00000E+00 0.00000 
    6    6    1    1    1    1    1    1    1    1  0.00000E+00 0.00000 
    7    7    1    1    1    1    1    1    1    1  0.00000E+00 0.00000 
    8    8    1    1    1    1    1    1    1    1  0.00000E+00 0.00000 
    9    9    1    1    1    1    1    1    1    1  6.20013E+06 1.00000 
   10   10    1    1    1    1    1    1    1    1  7.51860E+07 0.71606 
   11   11    1    1    1    1    1    1    1    1  0.00000E+00 0.00000 
   12   12    1    1    1    1    1    1    1    1  2.05923E+08 0.70690 
   13   13    1    1    1    1    1    1    1    1  8.00455E+08 0.74934 
   14   14    1    1    1    1    1    1    1    1  1.27248E+09 0.48393 
   15   15    1    1    1    1    1    1    1    1  1.21184E+09 0.43217 
   16   16    1    1    1    1    1    1    1    1  5.32153E+08 0.42490 
   17   17    1    1    1    1    1    1    1    1  1.23126E+09 0.44842 
   18   18    1    1    1    1    1    1    1    1  1.37302E+09 0.44458 
   19   19    1    1    1    1    1    1    1    1  3.96785E+09 0.24874 
   20   20    1    1    1    1    1    1    1    1  1.59402E+10 0.13923 
   21   21    1    1    1    1    1    1    1    1  3.15069E+10 0.09208 
   22   22    1    1    1    1    1    1    1    1  1.33471E+11 0.04625 
   23   23    1    1    1    1    1    1    1    1  5.32397E+11 0.02230 
   24   24    1    1    1    1    1    1    1    1  1.30515E+12 0.01738 
   25   25    1    1    1    1    1    1    1    1  1.93071E+12 0.00952 
   26   26    1    1    1    1    1    1    1    1  3.50589E+12 0.00527 
   27   27    1    1    1    1    1    1    1    1  5.90491E+12 0.00618 
   28   28    1    1    1    1    1    1    1    1  1.04903E+13 0.00502 
   29   29    1    1    1    1    1    1    1    1  1.43289E+13 0.00421 
   30   30    1    1    1    1    1    1    1    1  2.39230E+13 0.00229 
   31   31    1    1    1    1    1    1    1    1  4.31735E+13 0.00226 
   32   32    1    1    1    1    1    1    1    1  5.47198E+13 0.00167 
   33   33    1    1    1    1    1    1    1    1  9.37248E+13 0.00161 
   34   34    1    1    1    1    1    1    1    1  1.06742E+14 0.00180 
   35   35    1    1    1    1    1    1    1    1  1.17621E+14 0.00163 
   36   36    1    1    1    1    1    1    1    1  8.19059E+13 0.00108 
   37   37    1    1    1    1    1    1    1    1  2.39933E+13 0.00171 
   38   38    1    1    1    1    1    1    1    1  1.20290E+14 0.00108 
   39   39    1    1    1    1    1    1    1    1  1.44615E+14 0.00132 
   40   40    1    1    1    1    1    1    1    1  2.40954E+14 0.00109 
   41   41    1    1    1    1    1    1    1    1  2.16291E+14 0.00095 
   42   42    1    1    1    1    1    1    1    1  3.97943E+14 0.00077 
   43   43    1    1    1    1    1    1    1    1  4.28979E+14 0.00067 
   44   44    1    1    1    1    1    1    1    1  5.49902E+14 0.00067 
   45   45    1    1    1    1    1    1    1    1  9.72608E+14 0.00067 
   46   46    1    1    1    1    1    1    1    1  4.99042E+14 0.00060 
   47   47    1    1    1    1    1    1    1    1  7.03480E+14 0.00067 
   48   48    1    1    1    1    1    1    1    1  9.74473E+14 0.00053 
   49   49    1    1    1    1    1    1    1    1  8.65386E+14 0.00066 
   50   50    1    1    1    1    1    1    1    1  1.35099E+15 0.00052 
   51   51    1    1    1    1    1    1    1    1  1.03374E+15 0.00062 
   52   52    1    1    1    1    1    1    1    1  1.19585E+15 0.00056 
   53   53    1    1    1    1    1    1    1    1  8.44722E+14 0.00060 
   54   54    1    1    1    1    1    1    1    1  1.04613E+15 0.00051 
   55   55    1    1    1    1    1    1    1    1  7.37432E+14 0.00061 
   56   56    1    1    1    1    1    1    1    1  1.01065E+14 0.00094 
   57   57    1    1    1    1    1    1    1    1  1.42530E+15 0.00057 
   58   58    1    1    1    1    1    1    1    1  6.44594E+14 0.00065 
   59   59    1    1    1    1    1    1    1    1  6.92235E+14 0.00052 
   60   60    1    1    1    1    1    1    1    1  5.61959E+14 0.00068 
   61   61    1    1    1    1    1    1    1    1  5.59739E+14 0.00056 
   62   62    1    1    1    1    1    1    1    1  5.64563E+14 0.00054 
   63   63    1    1    1    1    1    1    1    1  4.73688E+14 0.00067 
   64   64    1    1    1    1    1    1    1    1  3.73925E+14 0.00072 
   65   65    1    1    1    1    1    1    1    1  3.66268E+14 0.00077 
   66   66    1    1    1    1    1    1    1    1  2.91323E+14 0.00103 
   67   67    1    1    1    1    1    1    1    1  2.37921E+14 0.00086 
   68   68    1    1    1    1    1    1    1    1  2.08858E+14 0.00138 
   69   69    1    1    1    1    1    1    1    1  2.52696E+14 0.00103 
   70   70    1    1    1    1    1    1    1    1  2.16146E+14 0.00144 
   71   71    1    1    1    1    1    1    1    1  3.93416E+14 0.00095 
   72   72    1    1    1    1    1    1    1    1  2.83617E+14 0.00084 
   73   73    1    1    1    1    1    1    1    1  2.19236E+14 0.00106 
   74   74    1    1    1    1    1    1    1    1  1.79883E+14 0.00133 
   75   75    1    1    1    1    1    1    1    1  1.50237E+14 0.00137 
   76   76    1    1    1    1    1    1    1    1  1.75512E+14 0.00114 
   77   77    1    1    1    1    1    1    1    1  1.39416E+14 0.00140 
   78   78    1    1    1    1    1    1    1    1  1.09369E+14 0.00149 
   79   79    1    1    1    1    1    1    1    1  1.13618E+14 0.00196 
   80   80    1    1    1    1    1    1    1    1  8.50871E+13 0.00181 
   81   81    1    1    1    1    1    1    1    1  6.58288E+13 0.00199 
   82   82    1    1    1    1    1    1    1    1  5.09097E+13 0.00218 
   83   83    1    1    1    1    1    1    1    1  4.76124E+13 0.00244 
   84   84    1    1    1    1    1    1    1    1  3.39438E+13 0.00318 
   85   85    1    1    1    1    1    1    1    1  2.45140E+13 0.00310 
   86   86    1    1    1    1    1    1    1    1  2.27995E+13 0.00284 
   87   87    1    1    1    1    1    1    1    1  1.40044E+13 0.00522 
   88   88    1    1    1    1    1    1    1    1  9.31151E+12 0.00415 
   89   89    1    1    1    1    1    1    1    1  5.25183E+12 0.00604 
   90   90    1    1    1    1    1    1    1    1  3.49489E+12 0.00863 
   91   91    1    1    1    1    1    1    1    1  1.74737E+12 0.01475 
   92   92    1    1    1    1    1    1    1    1  8.56052E+11 0.01574 
   93   93    1    1    1    1    1    1    1    1  3.89940E+11 0.02257 
   94   94    1    1    1    1    1    1    1    1  1.97291E+11 0.03561 
   95   95    1    1    1    1    1    1    1    1  9.48968E+10 0.05323 
   96   96    1    1    1    1    1    1    1    1  4.47614E+10 0.07973 
   97   97    1    1    1    1    1    1    1    1  1.55985E+10 0.08125 
   98   98    1    1    1    1    1    1    1    1  9.38896E+09 0.17672 
   99   99    1    1    1    1    1    1    1    1  5.22828E+09 0.27665 
  100  100    1    1    1    1    1    1    1    1  3.49626E+09 0.28574 
];


