
DETdpaspec = [
    1    1    1    1    1    1    1    1    1    1  0.00000E+00 0.00000 
    2    2    1    1    1    1    1    1    1    1  0.00000E+00 0.00000 
    3    3    1    1    1    1    1    1    1    1  0.00000E+00 0.00000 
    4    4    1    1    1    1    1    1    1    1  0.00000E+00 0.00000 
    5    5    1    1    1    1    1    1    1    1  0.00000E+00 0.00000 
    6    6    1    1    1    1    1    1    1    1  0.00000E+00 0.00000 
    7    7    1    1    1    1    1    1    1    1  0.00000E+00 0.00000 
    8    8    1    1    1    1    1    1    1    1  0.00000E+00 0.00000 
    9    9    1    1    1    1    1    1    1    1  0.00000E+00 0.00000 
   10   10    1    1    1    1    1    1    1    1  0.00000E+00 0.00000 
   11   11    1    1    1    1    1    1    1    1  0.00000E+00 0.00000 
   12   12    1    1    1    1    1    1    1    1  1.36827E+08 0.73710 
   13   13    1    1    1    1    1    1    1    1  4.20198E+08 0.55856 
   14   14    1    1    1    1    1    1    1    1  1.03820E+09 0.46887 
   15   15    1    1    1    1    1    1    1    1  1.00497E+09 0.48939 
   16   16    1    1    1    1    1    1    1    1  4.84824E+08 0.58091 
   17   17    1    1    1    1    1    1    1    1  2.74178E+08 0.52886 
   18   18    1    1    1    1    1    1    1    1  1.90678E+09 0.32929 
   19   19    1    1    1    1    1    1    1    1  4.36240E+09 0.24901 
   20   20    1    1    1    1    1    1    1    1  1.46272E+10 0.12102 
   21   21    1    1    1    1    1    1    1    1  3.23439E+10 0.07916 
   22   22    1    1    1    1    1    1    1    1  1.61280E+11 0.03066 
   23   23    1    1    1    1    1    1    1    1  6.14200E+11 0.01449 
   24   24    1    1    1    1    1    1    1    1  1.47665E+12 0.00913 
   25   25    1    1    1    1    1    1    1    1  2.21114E+12 0.01030 
   26   26    1    1    1    1    1    1    1    1  3.95862E+12 0.00786 
   27   27    1    1    1    1    1    1    1    1  6.51881E+12 0.00545 
   28   28    1    1    1    1    1    1    1    1  1.12796E+13 0.00363 
   29   29    1    1    1    1    1    1    1    1  1.53488E+13 0.00451 
   30   30    1    1    1    1    1    1    1    1  2.53936E+13 0.00312 
   31   31    1    1    1    1    1    1    1    1  4.51313E+13 0.00233 
   32   32    1    1    1    1    1    1    1    1  5.70739E+13 0.00213 
   33   33    1    1    1    1    1    1    1    1  9.68757E+13 0.00202 
   34   34    1    1    1    1    1    1    1    1  1.09711E+14 0.00169 
   35   35    1    1    1    1    1    1    1    1  1.20276E+14 0.00102 
   36   36    1    1    1    1    1    1    1    1  8.31865E+13 0.00149 
   37   37    1    1    1    1    1    1    1    1  2.43355E+13 0.00188 
   38   38    1    1    1    1    1    1    1    1  1.21851E+14 0.00091 
   39   39    1    1    1    1    1    1    1    1  1.46279E+14 0.00093 
   40   40    1    1    1    1    1    1    1    1  2.43658E+14 0.00071 
   41   41    1    1    1    1    1    1    1    1  2.18604E+14 0.00098 
   42   42    1    1    1    1    1    1    1    1  4.01505E+14 0.00097 
   43   43    1    1    1    1    1    1    1    1  4.33463E+14 0.00085 
   44   44    1    1    1    1    1    1    1    1  5.55057E+14 0.00071 
   45   45    1    1    1    1    1    1    1    1  9.79651E+14 0.00071 
   46   46    1    1    1    1    1    1    1    1  5.01660E+14 0.00075 
   47   47    1    1    1    1    1    1    1    1  7.06985E+14 0.00063 
   48   48    1    1    1    1    1    1    1    1  9.76897E+14 0.00063 
   49   49    1    1    1    1    1    1    1    1  8.66802E+14 0.00064 
   50   50    1    1    1    1    1    1    1    1  1.35483E+15 0.00046 
   51   51    1    1    1    1    1    1    1    1  1.03537E+15 0.00056 
   52   52    1    1    1    1    1    1    1    1  1.19792E+15 0.00058 
   53   53    1    1    1    1    1    1    1    1  8.44227E+14 0.00067 
   54   54    1    1    1    1    1    1    1    1  1.04536E+15 0.00064 
   55   55    1    1    1    1    1    1    1    1  7.36476E+14 0.00062 
   56   56    1    1    1    1    1    1    1    1  1.00807E+14 0.00091 
   57   57    1    1    1    1    1    1    1    1  1.42213E+15 0.00060 
   58   58    1    1    1    1    1    1    1    1  6.42286E+14 0.00082 
   59   59    1    1    1    1    1    1    1    1  6.90538E+14 0.00082 
   60   60    1    1    1    1    1    1    1    1  5.60272E+14 0.00080 
   61   61    1    1    1    1    1    1    1    1  5.58130E+14 0.00081 
   62   62    1    1    1    1    1    1    1    1  5.61760E+14 0.00083 
   63   63    1    1    1    1    1    1    1    1  4.72002E+14 0.00105 
   64   64    1    1    1    1    1    1    1    1  3.72453E+14 0.00111 
   65   65    1    1    1    1    1    1    1    1  3.64737E+14 0.00100 
   66   66    1    1    1    1    1    1    1    1  2.90028E+14 0.00087 
   67   67    1    1    1    1    1    1    1    1  2.36207E+14 0.00068 
   68   68    1    1    1    1    1    1    1    1  2.07398E+14 0.00113 
   69   69    1    1    1    1    1    1    1    1  2.51283E+14 0.00091 
   70   70    1    1    1    1    1    1    1    1  2.14618E+14 0.00108 
   71   71    1    1    1    1    1    1    1    1  3.91199E+14 0.00083 
   72   72    1    1    1    1    1    1    1    1  2.81415E+14 0.00102 
   73   73    1    1    1    1    1    1    1    1  2.17364E+14 0.00116 
   74   74    1    1    1    1    1    1    1    1  1.78632E+14 0.00131 
   75   75    1    1    1    1    1    1    1    1  1.49263E+14 0.00155 
   76   76    1    1    1    1    1    1    1    1  1.73773E+14 0.00109 
   77   77    1    1    1    1    1    1    1    1  1.38249E+14 0.00143 
   78   78    1    1    1    1    1    1    1    1  1.08742E+14 0.00149 
   79   79    1    1    1    1    1    1    1    1  1.13085E+14 0.00147 
   80   80    1    1    1    1    1    1    1    1  8.45335E+13 0.00163 
   81   81    1    1    1    1    1    1    1    1  6.51732E+13 0.00219 
   82   82    1    1    1    1    1    1    1    1  5.02882E+13 0.00221 
   83   83    1    1    1    1    1    1    1    1  4.70662E+13 0.00191 
   84   84    1    1    1    1    1    1    1    1  3.36747E+13 0.00291 
   85   85    1    1    1    1    1    1    1    1  2.43388E+13 0.00285 
   86   86    1    1    1    1    1    1    1    1  2.27364E+13 0.00412 
   87   87    1    1    1    1    1    1    1    1  1.37930E+13 0.00412 
   88   88    1    1    1    1    1    1    1    1  9.20990E+12 0.00579 
   89   89    1    1    1    1    1    1    1    1  5.24288E+12 0.00879 
   90   90    1    1    1    1    1    1    1    1  3.47221E+12 0.00841 
   91   91    1    1    1    1    1    1    1    1  1.77550E+12 0.00825 
   92   92    1    1    1    1    1    1    1    1  8.44784E+11 0.01726 
   93   93    1    1    1    1    1    1    1    1  3.93595E+11 0.01839 
   94   94    1    1    1    1    1    1    1    1  1.92304E+11 0.03754 
   95   95    1    1    1    1    1    1    1    1  9.17606E+10 0.04838 
   96   96    1    1    1    1    1    1    1    1  3.66349E+10 0.07065 
   97   97    1    1    1    1    1    1    1    1  1.58343E+10 0.13306 
   98   98    1    1    1    1    1    1    1    1  9.37970E+09 0.14100 
   99   99    1    1    1    1    1    1    1    1  4.53818E+09 0.15363 
  100  100    1    1    1    1    1    1    1    1  4.41533E+09 0.19867 
];


