
DETdpaspec = [
    1    1    1    1    1    1    1    1    1    1  0.00000E+00 0.00000 
    2    2    1    1    1    1    1    1    1    1  0.00000E+00 0.00000 
    3    3    1    1    1    1    1    1    1    1  0.00000E+00 0.00000 
    4    4    1    1    1    1    1    1    1    1  0.00000E+00 0.00000 
    5    5    1    1    1    1    1    1    1    1  0.00000E+00 0.00000 
    6    6    1    1    1    1    1    1    1    1  0.00000E+00 0.00000 
    7    7    1    1    1    1    1    1    1    1  0.00000E+00 0.00000 
    8    8    1    1    1    1    1    1    1    1  0.00000E+00 0.00000 
    9    9    1    1    1    1    1    1    1    1  3.52720E+06 1.00000 
   10   10    1    1    1    1    1    1    1    1  0.00000E+00 0.00000 
   11   11    1    1    1    1    1    1    1    1  0.00000E+00 0.00000 
   12   12    1    1    1    1    1    1    1    1  2.02038E+07 1.00000 
   13   13    1    1    1    1    1    1    1    1  9.81518E+08 0.60823 
   14   14    1    1    1    1    1    1    1    1  2.15521E+09 0.33818 
   15   15    1    1    1    1    1    1    1    1  1.39452E+09 0.46455 
   16   16    1    1    1    1    1    1    1    1  5.97496E+08 0.35655 
   17   17    1    1    1    1    1    1    1    1  1.99310E+09 0.26849 
   18   18    1    1    1    1    1    1    1    1  3.80239E+09 0.18881 
   19   19    1    1    1    1    1    1    1    1  4.58790E+09 0.20014 
   20   20    1    1    1    1    1    1    1    1  1.24171E+10 0.11125 
   21   21    1    1    1    1    1    1    1    1  7.99344E+09 0.17661 
   22   22    1    1    1    1    1    1    1    1  2.89260E+10 0.10018 
   23   23    1    1    1    1    1    1    1    1  6.45029E+10 0.07677 
   24   24    1    1    1    1    1    1    1    1  1.75862E+11 0.03474 
   25   25    1    1    1    1    1    1    1    1  2.92242E+11 0.02676 
   26   26    1    1    1    1    1    1    1    1  6.31470E+11 0.01827 
   27   27    1    1    1    1    1    1    1    1  1.30944E+12 0.01360 
   28   28    1    1    1    1    1    1    1    1  2.89270E+12 0.01113 
   29   29    1    1    1    1    1    1    1    1  4.37922E+12 0.00782 
   30   30    1    1    1    1    1    1    1    1  8.99337E+12 0.00620 
   31   31    1    1    1    1    1    1    1    1  1.99970E+13 0.00417 
   32   32    1    1    1    1    1    1    1    1  2.86708E+13 0.00333 
   33   33    1    1    1    1    1    1    1    1  5.46523E+13 0.00252 
   34   34    1    1    1    1    1    1    1    1  6.56805E+13 0.00202 
   35   35    1    1    1    1    1    1    1    1  8.19154E+13 0.00211 
   36   36    1    1    1    1    1    1    1    1  6.10953E+13 0.00201 
   37   37    1    1    1    1    1    1    1    1  1.84547E+13 0.00138 
   38   38    1    1    1    1    1    1    1    1  9.23918E+13 0.00200 
   39   39    1    1    1    1    1    1    1    1  1.12794E+14 0.00186 
   40   40    1    1    1    1    1    1    1    1  1.90945E+14 0.00118 
   41   41    1    1    1    1    1    1    1    1  1.78023E+14 0.00134 
   42   42    1    1    1    1    1    1    1    1  3.30432E+14 0.00089 
   43   43    1    1    1    1    1    1    1    1  3.63454E+14 0.00109 
   44   44    1    1    1    1    1    1    1    1  4.74617E+14 0.00078 
   45   45    1    1    1    1    1    1    1    1  8.57168E+14 0.00053 
   46   46    1    1    1    1    1    1    1    1  4.50491E+14 0.00065 
   47   47    1    1    1    1    1    1    1    1  6.43733E+14 0.00077 
   48   48    1    1    1    1    1    1    1    1  9.04381E+14 0.00065 
   49   49    1    1    1    1    1    1    1    1  8.17702E+14 0.00076 
   50   50    1    1    1    1    1    1    1    1  1.28508E+15 0.00058 
   51   51    1    1    1    1    1    1    1    1  1.00389E+15 0.00055 
   52   52    1    1    1    1    1    1    1    1  1.16466E+15 0.00053 
   53   53    1    1    1    1    1    1    1    1  8.31711E+14 0.00057 
   54   54    1    1    1    1    1    1    1    1  1.02944E+15 0.00071 
   55   55    1    1    1    1    1    1    1    1  7.30713E+14 0.00068 
   56   56    1    1    1    1    1    1    1    1  1.00513E+14 0.00123 
   57   57    1    1    1    1    1    1    1    1  1.42417E+15 0.00058 
   58   58    1    1    1    1    1    1    1    1  6.41496E+14 0.00066 
   59   59    1    1    1    1    1    1    1    1  6.96534E+14 0.00064 
   60   60    1    1    1    1    1    1    1    1  5.63082E+14 0.00059 
   61   61    1    1    1    1    1    1    1    1  5.63636E+14 0.00087 
   62   62    1    1    1    1    1    1    1    1  5.69197E+14 0.00077 
   63   63    1    1    1    1    1    1    1    1  4.79235E+14 0.00071 
   64   64    1    1    1    1    1    1    1    1  3.79967E+14 0.00090 
   65   65    1    1    1    1    1    1    1    1  3.73683E+14 0.00074 
   66   66    1    1    1    1    1    1    1    1  2.98402E+14 0.00088 
   67   67    1    1    1    1    1    1    1    1  2.44418E+14 0.00096 
   68   68    1    1    1    1    1    1    1    1  2.15489E+14 0.00078 
   69   69    1    1    1    1    1    1    1    1  2.62137E+14 0.00110 
   70   70    1    1    1    1    1    1    1    1  2.24841E+14 0.00107 
   71   71    1    1    1    1    1    1    1    1  4.15888E+14 0.00090 
   72   72    1    1    1    1    1    1    1    1  3.02121E+14 0.00087 
   73   73    1    1    1    1    1    1    1    1  2.33967E+14 0.00137 
   74   74    1    1    1    1    1    1    1    1  1.91318E+14 0.00128 
   75   75    1    1    1    1    1    1    1    1  1.59673E+14 0.00136 
   76   76    1    1    1    1    1    1    1    1  1.84609E+14 0.00142 
   77   77    1    1    1    1    1    1    1    1  1.46799E+14 0.00109 
   78   78    1    1    1    1    1    1    1    1  1.14445E+14 0.00174 
   79   79    1    1    1    1    1    1    1    1  1.18925E+14 0.00154 
   80   80    1    1    1    1    1    1    1    1  8.92650E+13 0.00185 
   81   81    1    1    1    1    1    1    1    1  6.90845E+13 0.00239 
   82   82    1    1    1    1    1    1    1    1  5.33170E+13 0.00202 
   83   83    1    1    1    1    1    1    1    1  4.97702E+13 0.00217 
   84   84    1    1    1    1    1    1    1    1  3.57110E+13 0.00265 
   85   85    1    1    1    1    1    1    1    1  2.57889E+13 0.00318 
   86   86    1    1    1    1    1    1    1    1  2.42099E+13 0.00293 
   87   87    1    1    1    1    1    1    1    1  1.49387E+13 0.00583 
   88   88    1    1    1    1    1    1    1    1  9.97312E+12 0.00481 
   89   89    1    1    1    1    1    1    1    1  5.70384E+12 0.00486 
   90   90    1    1    1    1    1    1    1    1  3.74327E+12 0.00746 
   91   91    1    1    1    1    1    1    1    1  1.88574E+12 0.00989 
   92   92    1    1    1    1    1    1    1    1  9.27062E+11 0.01517 
   93   93    1    1    1    1    1    1    1    1  4.31527E+11 0.02992 
   94   94    1    1    1    1    1    1    1    1  2.15786E+11 0.04202 
   95   95    1    1    1    1    1    1    1    1  1.05309E+11 0.04632 
   96   96    1    1    1    1    1    1    1    1  4.60488E+10 0.06762 
   97   97    1    1    1    1    1    1    1    1  2.55022E+10 0.10859 
   98   98    1    1    1    1    1    1    1    1  1.16006E+10 0.17481 
   99   99    1    1    1    1    1    1    1    1  5.53325E+09 0.18566 
  100  100    1    1    1    1    1    1    1    1  7.81644E+09 0.16424 
];


