
DETdpaspec = [
    1    1    1    1    1    1    1    1    1    1  0.00000E+00 0.00000 
    2    2    1    1    1    1    1    1    1    1  0.00000E+00 0.00000 
    3    3    1    1    1    1    1    1    1    1  0.00000E+00 0.00000 
    4    4    1    1    1    1    1    1    1    1  0.00000E+00 0.00000 
    5    5    1    1    1    1    1    1    1    1  0.00000E+00 0.00000 
    6    6    1    1    1    1    1    1    1    1  0.00000E+00 0.00000 
    7    7    1    1    1    1    1    1    1    1  0.00000E+00 0.00000 
    8    8    1    1    1    1    1    1    1    1  1.98043E+07 1.00000 
    9    9    1    1    1    1    1    1    1    1  0.00000E+00 0.00000 
   10   10    1    1    1    1    1    1    1    1  0.00000E+00 0.00000 
   11   11    1    1    1    1    1    1    1    1  1.04659E+08 1.00000 
   12   12    1    1    1    1    1    1    1    1  0.00000E+00 0.00000 
   13   13    1    1    1    1    1    1    1    1  8.26751E+08 0.47872 
   14   14    1    1    1    1    1    1    1    1  2.02786E+09 0.27290 
   15   15    1    1    1    1    1    1    1    1  1.27954E+09 0.53352 
   16   16    1    1    1    1    1    1    1    1  9.47534E+08 0.33991 
   17   17    1    1    1    1    1    1    1    1  1.38657E+09 0.29136 
   18   18    1    1    1    1    1    1    1    1  2.68585E+09 0.23371 
   19   19    1    1    1    1    1    1    1    1  4.55823E+09 0.16391 
   20   20    1    1    1    1    1    1    1    1  9.60053E+09 0.17308 
   21   21    1    1    1    1    1    1    1    1  9.46462E+09 0.18408 
   22   22    1    1    1    1    1    1    1    1  2.62244E+10 0.10104 
   23   23    1    1    1    1    1    1    1    1  7.02087E+10 0.06240 
   24   24    1    1    1    1    1    1    1    1  2.03400E+11 0.03827 
   25   25    1    1    1    1    1    1    1    1  3.62611E+11 0.03324 
   26   26    1    1    1    1    1    1    1    1  7.73761E+11 0.01352 
   27   27    1    1    1    1    1    1    1    1  1.53609E+12 0.01293 
   28   28    1    1    1    1    1    1    1    1  3.38621E+12 0.00749 
   29   29    1    1    1    1    1    1    1    1  5.09336E+12 0.00486 
   30   30    1    1    1    1    1    1    1    1  1.00924E+13 0.00437 
   31   31    1    1    1    1    1    1    1    1  2.21752E+13 0.00421 
   32   32    1    1    1    1    1    1    1    1  3.10306E+13 0.00365 
   33   33    1    1    1    1    1    1    1    1  5.88762E+13 0.00270 
   34   34    1    1    1    1    1    1    1    1  6.99924E+13 0.00214 
   35   35    1    1    1    1    1    1    1    1  8.57404E+13 0.00147 
   36   36    1    1    1    1    1    1    1    1  6.34187E+13 0.00172 
   37   37    1    1    1    1    1    1    1    1  1.90480E+13 0.00217 
   38   38    1    1    1    1    1    1    1    1  9.55187E+13 0.00145 
   39   39    1    1    1    1    1    1    1    1  1.16757E+14 0.00137 
   40   40    1    1    1    1    1    1    1    1  1.96952E+14 0.00136 
   41   41    1    1    1    1    1    1    1    1  1.82342E+14 0.00108 
   42   42    1    1    1    1    1    1    1    1  3.38291E+14 0.00102 
   43   43    1    1    1    1    1    1    1    1  3.71588E+14 0.00102 
   44   44    1    1    1    1    1    1    1    1  4.83531E+14 0.00086 
   45   45    1    1    1    1    1    1    1    1  8.71379E+14 0.00075 
   46   46    1    1    1    1    1    1    1    1  4.57286E+14 0.00070 
   47   47    1    1    1    1    1    1    1    1  6.52075E+14 0.00068 
   48   48    1    1    1    1    1    1    1    1  9.14962E+14 0.00050 
   49   49    1    1    1    1    1    1    1    1  8.23590E+14 0.00049 
   50   50    1    1    1    1    1    1    1    1  1.29715E+15 0.00042 
   51   51    1    1    1    1    1    1    1    1  1.00957E+15 0.00068 
   52   52    1    1    1    1    1    1    1    1  1.17226E+15 0.00060 
   53   53    1    1    1    1    1    1    1    1  8.36821E+14 0.00050 
   54   54    1    1    1    1    1    1    1    1  1.03700E+15 0.00051 
   55   55    1    1    1    1    1    1    1    1  7.35760E+14 0.00063 
   56   56    1    1    1    1    1    1    1    1  1.01209E+14 0.00132 
   57   57    1    1    1    1    1    1    1    1  1.43177E+15 0.00059 
   58   58    1    1    1    1    1    1    1    1  6.45819E+14 0.00071 
   59   59    1    1    1    1    1    1    1    1  6.99344E+14 0.00078 
   60   60    1    1    1    1    1    1    1    1  5.66907E+14 0.00072 
   61   61    1    1    1    1    1    1    1    1  5.67053E+14 0.00053 
   62   62    1    1    1    1    1    1    1    1  5.72649E+14 0.00067 
   63   63    1    1    1    1    1    1    1    1  4.82201E+14 0.00083 
   64   64    1    1    1    1    1    1    1    1  3.81714E+14 0.00082 
   65   65    1    1    1    1    1    1    1    1  3.75324E+14 0.00084 
   66   66    1    1    1    1    1    1    1    1  2.99061E+14 0.00088 
   67   67    1    1    1    1    1    1    1    1  2.45312E+14 0.00140 
   68   68    1    1    1    1    1    1    1    1  2.16308E+14 0.00126 
   69   69    1    1    1    1    1    1    1    1  2.63248E+14 0.00087 
   70   70    1    1    1    1    1    1    1    1  2.25708E+14 0.00095 
   71   71    1    1    1    1    1    1    1    1  4.16017E+14 0.00090 
   72   72    1    1    1    1    1    1    1    1  3.01927E+14 0.00102 
   73   73    1    1    1    1    1    1    1    1  2.33313E+14 0.00118 
   74   74    1    1    1    1    1    1    1    1  1.91909E+14 0.00146 
   75   75    1    1    1    1    1    1    1    1  1.59457E+14 0.00150 
   76   76    1    1    1    1    1    1    1    1  1.85050E+14 0.00130 
   77   77    1    1    1    1    1    1    1    1  1.46836E+14 0.00162 
   78   78    1    1    1    1    1    1    1    1  1.14869E+14 0.00156 
   79   79    1    1    1    1    1    1    1    1  1.19463E+14 0.00142 
   80   80    1    1    1    1    1    1    1    1  8.96673E+13 0.00166 
   81   81    1    1    1    1    1    1    1    1  6.95760E+13 0.00169 
   82   82    1    1    1    1    1    1    1    1  5.37843E+13 0.00253 
   83   83    1    1    1    1    1    1    1    1  4.99714E+13 0.00247 
   84   84    1    1    1    1    1    1    1    1  3.61498E+13 0.00244 
   85   85    1    1    1    1    1    1    1    1  2.58996E+13 0.00278 
   86   86    1    1    1    1    1    1    1    1  2.43274E+13 0.00377 
   87   87    1    1    1    1    1    1    1    1  1.48525E+13 0.00502 
   88   88    1    1    1    1    1    1    1    1  9.98873E+12 0.00514 
   89   89    1    1    1    1    1    1    1    1  5.71632E+12 0.00575 
   90   90    1    1    1    1    1    1    1    1  3.84163E+12 0.00672 
   91   91    1    1    1    1    1    1    1    1  1.93785E+12 0.01080 
   92   92    1    1    1    1    1    1    1    1  9.25084E+11 0.01985 
   93   93    1    1    1    1    1    1    1    1  4.33808E+11 0.02453 
   94   94    1    1    1    1    1    1    1    1  2.07647E+11 0.03973 
   95   95    1    1    1    1    1    1    1    1  9.87188E+10 0.06397 
   96   96    1    1    1    1    1    1    1    1  4.54455E+10 0.06674 
   97   97    1    1    1    1    1    1    1    1  1.92505E+10 0.10980 
   98   98    1    1    1    1    1    1    1    1  1.08770E+10 0.15210 
   99   99    1    1    1    1    1    1    1    1  5.21995E+09 0.17622 
  100  100    1    1    1    1    1    1    1    1  4.34545E+09 0.35022 
];


