
DETdpaspec = [
    1    1    1    1    1    1    1    1    1    1  0.00000E+00 0.00000 
    2    2    1    1    1    1    1    1    1    1  0.00000E+00 0.00000 
    3    3    1    1    1    1    1    1    1    1  0.00000E+00 0.00000 
    4    4    1    1    1    1    1    1    1    1  0.00000E+00 0.00000 
    5    5    1    1    1    1    1    1    1    1  0.00000E+00 0.00000 
    6    6    1    1    1    1    1    1    1    1  0.00000E+00 0.00000 
    7    7    1    1    1    1    1    1    1    1  0.00000E+00 0.00000 
    8    8    1    1    1    1    1    1    1    1  0.00000E+00 0.00000 
    9    9    1    1    1    1    1    1    1    1  7.31648E+06 1.00000 
   10   10    1    1    1    1    1    1    1    1  0.00000E+00 0.00000 
   11   11    1    1    1    1    1    1    1    1  1.33533E+08 0.73711 
   12   12    1    1    1    1    1    1    1    1  7.97491E+07 1.00000 
   13   13    1    1    1    1    1    1    1    1  6.07980E+08 0.53311 
   14   14    1    1    1    1    1    1    1    1  8.68737E+08 0.49468 
   15   15    1    1    1    1    1    1    1    1  1.10257E+09 0.33570 
   16   16    1    1    1    1    1    1    1    1  1.04643E+09 0.40585 
   17   17    1    1    1    1    1    1    1    1  1.72968E+09 0.29404 
   18   18    1    1    1    1    1    1    1    1  1.61534E+09 0.29169 
   19   19    1    1    1    1    1    1    1    1  5.60621E+09 0.25221 
   20   20    1    1    1    1    1    1    1    1  2.15850E+10 0.15677 
   21   21    1    1    1    1    1    1    1    1  5.54746E+10 0.07554 
   22   22    1    1    1    1    1    1    1    1  2.42462E+11 0.04433 
   23   23    1    1    1    1    1    1    1    1  8.64400E+11 0.01708 
   24   24    1    1    1    1    1    1    1    1  1.92766E+12 0.01275 
   25   25    1    1    1    1    1    1    1    1  2.75877E+12 0.00899 
   26   26    1    1    1    1    1    1    1    1  4.74056E+12 0.00740 
   27   27    1    1    1    1    1    1    1    1  7.69108E+12 0.00554 
   28   28    1    1    1    1    1    1    1    1  1.30133E+13 0.00462 
   29   29    1    1    1    1    1    1    1    1  1.72779E+13 0.00340 
   30   30    1    1    1    1    1    1    1    1  2.81643E+13 0.00253 
   31   31    1    1    1    1    1    1    1    1  4.89232E+13 0.00282 
   32   32    1    1    1    1    1    1    1    1  6.10481E+13 0.00219 
   33   33    1    1    1    1    1    1    1    1  1.02317E+14 0.00187 
   34   34    1    1    1    1    1    1    1    1  1.15045E+14 0.00197 
   35   35    1    1    1    1    1    1    1    1  1.24694E+14 0.00130 
   36   36    1    1    1    1    1    1    1    1  8.58733E+13 0.00135 
   37   37    1    1    1    1    1    1    1    1  2.50219E+13 0.00132 
   38   38    1    1    1    1    1    1    1    1  1.25620E+14 0.00076 
   39   39    1    1    1    1    1    1    1    1  1.50299E+14 0.00107 
   40   40    1    1    1    1    1    1    1    1  2.49559E+14 0.00126 
   41   41    1    1    1    1    1    1    1    1  2.23251E+14 0.00116 
   42   42    1    1    1    1    1    1    1    1  4.09304E+14 0.00084 
   43   43    1    1    1    1    1    1    1    1  4.40390E+14 0.00098 
   44   44    1    1    1    1    1    1    1    1  5.61917E+14 0.00079 
   45   45    1    1    1    1    1    1    1    1  9.90471E+14 0.00043 
   46   46    1    1    1    1    1    1    1    1  5.05964E+14 0.00057 
   47   47    1    1    1    1    1    1    1    1  7.11264E+14 0.00066 
   48   48    1    1    1    1    1    1    1    1  9.81729E+14 0.00071 
   49   49    1    1    1    1    1    1    1    1  8.68479E+14 0.00076 
   50   50    1    1    1    1    1    1    1    1  1.35621E+15 0.00047 
   51   51    1    1    1    1    1    1    1    1  1.03360E+15 0.00041 
   52   52    1    1    1    1    1    1    1    1  1.19623E+15 0.00044 
   53   53    1    1    1    1    1    1    1    1  8.41658E+14 0.00042 
   54   54    1    1    1    1    1    1    1    1  1.04174E+15 0.00054 
   55   55    1    1    1    1    1    1    1    1  7.33675E+14 0.00067 
   56   56    1    1    1    1    1    1    1    1  1.00321E+14 0.00106 
   57   57    1    1    1    1    1    1    1    1  1.41594E+15 0.00045 
   58   58    1    1    1    1    1    1    1    1  6.39564E+14 0.00065 
   59   59    1    1    1    1    1    1    1    1  6.85455E+14 0.00075 
   60   60    1    1    1    1    1    1    1    1  5.56793E+14 0.00080 
   61   61    1    1    1    1    1    1    1    1  5.54006E+14 0.00066 
   62   62    1    1    1    1    1    1    1    1  5.57561E+14 0.00055 
   63   63    1    1    1    1    1    1    1    1  4.67777E+14 0.00078 
   64   64    1    1    1    1    1    1    1    1  3.69040E+14 0.00086 
   65   65    1    1    1    1    1    1    1    1  3.61257E+14 0.00090 
   66   66    1    1    1    1    1    1    1    1  2.86852E+14 0.00108 
   67   67    1    1    1    1    1    1    1    1  2.33898E+14 0.00098 
   68   68    1    1    1    1    1    1    1    1  2.05228E+14 0.00081 
   69   69    1    1    1    1    1    1    1    1  2.49048E+14 0.00107 
   70   70    1    1    1    1    1    1    1    1  2.12118E+14 0.00094 
   71   71    1    1    1    1    1    1    1    1  3.86384E+14 0.00080 
   72   72    1    1    1    1    1    1    1    1  2.77951E+14 0.00088 
   73   73    1    1    1    1    1    1    1    1  2.13827E+14 0.00111 
   74   74    1    1    1    1    1    1    1    1  1.76214E+14 0.00105 
   75   75    1    1    1    1    1    1    1    1  1.47152E+14 0.00101 
   76   76    1    1    1    1    1    1    1    1  1.71057E+14 0.00146 
   77   77    1    1    1    1    1    1    1    1  1.36152E+14 0.00140 
   78   78    1    1    1    1    1    1    1    1  1.06681E+14 0.00108 
   79   79    1    1    1    1    1    1    1    1  1.11210E+14 0.00159 
   80   80    1    1    1    1    1    1    1    1  8.30974E+13 0.00170 
   81   81    1    1    1    1    1    1    1    1  6.41202E+13 0.00215 
   82   82    1    1    1    1    1    1    1    1  4.93968E+13 0.00241 
   83   83    1    1    1    1    1    1    1    1  4.61184E+13 0.00192 
   84   84    1    1    1    1    1    1    1    1  3.32444E+13 0.00278 
   85   85    1    1    1    1    1    1    1    1  2.37104E+13 0.00390 
   86   86    1    1    1    1    1    1    1    1  2.20346E+13 0.00281 
   87   87    1    1    1    1    1    1    1    1  1.35052E+13 0.00384 
   88   88    1    1    1    1    1    1    1    1  9.05813E+12 0.00593 
   89   89    1    1    1    1    1    1    1    1  5.10457E+12 0.00710 
   90   90    1    1    1    1    1    1    1    1  3.34593E+12 0.00994 
   91   91    1    1    1    1    1    1    1    1  1.65678E+12 0.01461 
   92   92    1    1    1    1    1    1    1    1  8.07211E+11 0.01419 
   93   93    1    1    1    1    1    1    1    1  3.85397E+11 0.02314 
   94   94    1    1    1    1    1    1    1    1  1.88275E+11 0.03920 
   95   95    1    1    1    1    1    1    1    1  8.23230E+10 0.04756 
   96   96    1    1    1    1    1    1    1    1  4.42842E+10 0.07779 
   97   97    1    1    1    1    1    1    1    1  1.89183E+10 0.14336 
   98   98    1    1    1    1    1    1    1    1  9.60286E+09 0.15965 
   99   99    1    1    1    1    1    1    1    1  5.95369E+09 0.20337 
  100  100    1    1    1    1    1    1    1    1  3.17157E+09 0.23832 
];


