
DETdpaspec = [
    1    1    1    1    1    1    1    1    1    1  0.00000E+00 0.00000 
    2    2    1    1    1    1    1    1    1    1  0.00000E+00 0.00000 
    3    3    1    1    1    1    1    1    1    1  0.00000E+00 0.00000 
    4    4    1    1    1    1    1    1    1    1  0.00000E+00 0.00000 
    5    5    1    1    1    1    1    1    1    1  1.34886E+07 1.00000 
    6    6    1    1    1    1    1    1    1    1  0.00000E+00 0.00000 
    7    7    1    1    1    1    1    1    1    1  0.00000E+00 0.00000 
    8    8    1    1    1    1    1    1    1    1  0.00000E+00 0.00000 
    9    9    1    1    1    1    1    1    1    1  0.00000E+00 0.00000 
   10   10    1    1    1    1    1    1    1    1  0.00000E+00 0.00000 
   11   11    1    1    1    1    1    1    1    1  0.00000E+00 0.00000 
   12   12    1    1    1    1    1    1    1    1  2.12376E+08 0.58590 
   13   13    1    1    1    1    1    1    1    1  9.22590E+08 0.47908 
   14   14    1    1    1    1    1    1    1    1  1.70780E+09 0.28997 
   15   15    1    1    1    1    1    1    1    1  2.58343E+09 0.34192 
   16   16    1    1    1    1    1    1    1    1  1.10324E+09 0.38291 
   17   17    1    1    1    1    1    1    1    1  9.29704E+08 0.28657 
   18   18    1    1    1    1    1    1    1    1  2.16830E+09 0.21980 
   19   19    1    1    1    1    1    1    1    1  3.26717E+09 0.22516 
   20   20    1    1    1    1    1    1    1    1  1.04270E+10 0.14713 
   21   21    1    1    1    1    1    1    1    1  1.31078E+10 0.11490 
   22   22    1    1    1    1    1    1    1    1  5.05405E+10 0.06040 
   23   23    1    1    1    1    1    1    1    1  2.11252E+11 0.03304 
   24   24    1    1    1    1    1    1    1    1  5.64785E+11 0.02096 
   25   25    1    1    1    1    1    1    1    1  9.34426E+11 0.01340 
   26   26    1    1    1    1    1    1    1    1  1.81693E+12 0.01188 
   27   27    1    1    1    1    1    1    1    1  3.35837E+12 0.00729 
   28   28    1    1    1    1    1    1    1    1  6.59119E+12 0.00560 
   29   29    1    1    1    1    1    1    1    1  9.31604E+12 0.00439 
   30   30    1    1    1    1    1    1    1    1  1.67918E+13 0.00480 
   31   31    1    1    1    1    1    1    1    1  3.29557E+13 0.00234 
   32   32    1    1    1    1    1    1    1    1  4.32671E+13 0.00240 
   33   33    1    1    1    1    1    1    1    1  7.72952E+13 0.00202 
   34   34    1    1    1    1    1    1    1    1  9.01430E+13 0.00145 
   35   35    1    1    1    1    1    1    1    1  1.03394E+14 0.00168 
   36   36    1    1    1    1    1    1    1    1  7.33977E+13 0.00142 
   37   37    1    1    1    1    1    1    1    1  2.17082E+13 0.00136 
   38   38    1    1    1    1    1    1    1    1  1.09045E+14 0.00137 
   39   39    1    1    1    1    1    1    1    1  1.32047E+14 0.00166 
   40   40    1    1    1    1    1    1    1    1  2.21170E+14 0.00092 
   41   41    1    1    1    1    1    1    1    1  2.01710E+14 0.00103 
   42   42    1    1    1    1    1    1    1    1  3.73010E+14 0.00114 
   43   43    1    1    1    1    1    1    1    1  4.04783E+14 0.00101 
   44   44    1    1    1    1    1    1    1    1  5.22116E+14 0.00075 
   45   45    1    1    1    1    1    1    1    1  9.31889E+14 0.00049 
   46   46    1    1    1    1    1    1    1    1  4.82598E+14 0.00054 
   47   47    1    1    1    1    1    1    1    1  6.83292E+14 0.00066 
   48   48    1    1    1    1    1    1    1    1  9.52589E+14 0.00058 
   49   49    1    1    1    1    1    1    1    1  8.50363E+14 0.00051 
   50   50    1    1    1    1    1    1    1    1  1.33477E+15 0.00049 
   51   51    1    1    1    1    1    1    1    1  1.02797E+15 0.00053 
   52   52    1    1    1    1    1    1    1    1  1.19312E+15 0.00071 
   53   53    1    1    1    1    1    1    1    1  8.45371E+14 0.00055 
   54   54    1    1    1    1    1    1    1    1  1.04812E+15 0.00061 
   55   55    1    1    1    1    1    1    1    1  7.41329E+14 0.00049 
   56   56    1    1    1    1    1    1    1    1  1.01573E+14 0.00102 
   57   57    1    1    1    1    1    1    1    1  1.43779E+15 0.00036 
   58   58    1    1    1    1    1    1    1    1  6.50564E+14 0.00073 
   59   59    1    1    1    1    1    1    1    1  7.00575E+14 0.00072 
   60   60    1    1    1    1    1    1    1    1  5.68594E+14 0.00055 
   61   61    1    1    1    1    1    1    1    1  5.67342E+14 0.00090 
   62   62    1    1    1    1    1    1    1    1  5.73096E+14 0.00090 
   63   63    1    1    1    1    1    1    1    1  4.81552E+14 0.00085 
   64   64    1    1    1    1    1    1    1    1  3.80955E+14 0.00064 
   65   65    1    1    1    1    1    1    1    1  3.73763E+14 0.00079 
   66   66    1    1    1    1    1    1    1    1  2.97948E+14 0.00112 
   67   67    1    1    1    1    1    1    1    1  2.43536E+14 0.00116 
   68   68    1    1    1    1    1    1    1    1  2.14265E+14 0.00106 
   69   69    1    1    1    1    1    1    1    1  2.60082E+14 0.00085 
   70   70    1    1    1    1    1    1    1    1  2.22244E+14 0.00095 
   71   71    1    1    1    1    1    1    1    1  4.07081E+14 0.00095 
   72   72    1    1    1    1    1    1    1    1  2.94320E+14 0.00091 
   73   73    1    1    1    1    1    1    1    1  2.27494E+14 0.00110 
   74   74    1    1    1    1    1    1    1    1  1.86656E+14 0.00104 
   75   75    1    1    1    1    1    1    1    1  1.56222E+14 0.00132 
   76   76    1    1    1    1    1    1    1    1  1.81649E+14 0.00102 
   77   77    1    1    1    1    1    1    1    1  1.44877E+14 0.00129 
   78   78    1    1    1    1    1    1    1    1  1.13335E+14 0.00164 
   79   79    1    1    1    1    1    1    1    1  1.18071E+14 0.00111 
   80   80    1    1    1    1    1    1    1    1  8.86399E+13 0.00172 
   81   81    1    1    1    1    1    1    1    1  6.82844E+13 0.00204 
   82   82    1    1    1    1    1    1    1    1  5.28649E+13 0.00169 
   83   83    1    1    1    1    1    1    1    1  4.94029E+13 0.00230 
   84   84    1    1    1    1    1    1    1    1  3.53679E+13 0.00175 
   85   85    1    1    1    1    1    1    1    1  2.56039E+13 0.00308 
   86   86    1    1    1    1    1    1    1    1  2.39192E+13 0.00352 
   87   87    1    1    1    1    1    1    1    1  1.45856E+13 0.00305 
   88   88    1    1    1    1    1    1    1    1  9.84161E+12 0.00500 
   89   89    1    1    1    1    1    1    1    1  5.59663E+12 0.00499 
   90   90    1    1    1    1    1    1    1    1  3.60548E+12 0.00778 
   91   91    1    1    1    1    1    1    1    1  1.80824E+12 0.00955 
   92   92    1    1    1    1    1    1    1    1  9.01629E+11 0.01987 
   93   93    1    1    1    1    1    1    1    1  4.30398E+11 0.02490 
   94   94    1    1    1    1    1    1    1    1  1.95532E+11 0.02419 
   95   95    1    1    1    1    1    1    1    1  9.81006E+10 0.06733 
   96   96    1    1    1    1    1    1    1    1  5.33502E+10 0.06325 
   97   97    1    1    1    1    1    1    1    1  2.05866E+10 0.13082 
   98   98    1    1    1    1    1    1    1    1  1.06086E+10 0.15750 
   99   99    1    1    1    1    1    1    1    1  4.33061E+09 0.19002 
  100  100    1    1    1    1    1    1    1    1  5.88422E+09 0.22601 
];


