
DETdpaspec = [
    1    1    1    1    1    1    1    1    1    1  0.00000E+00 0.00000 
    2    2    1    1    1    1    1    1    1    1  0.00000E+00 0.00000 
    3    3    1    1    1    1    1    1    1    1  0.00000E+00 0.00000 
    4    4    1    1    1    1    1    1    1    1  0.00000E+00 0.00000 
    5    5    1    1    1    1    1    1    1    1  0.00000E+00 0.00000 
    6    6    1    1    1    1    1    1    1    1  0.00000E+00 0.00000 
    7    7    1    1    1    1    1    1    1    1  0.00000E+00 0.00000 
    8    8    1    1    1    1    1    1    1    1  0.00000E+00 0.00000 
    9    9    1    1    1    1    1    1    1    1  0.00000E+00 0.00000 
   10   10    1    1    1    1    1    1    1    1  1.41393E+07 1.00000 
   11   11    1    1    1    1    1    1    1    1  1.53679E+08 0.76895 
   12   12    1    1    1    1    1    1    1    1  0.00000E+00 0.00000 
   13   13    1    1    1    1    1    1    1    1  5.69051E+08 0.58917 
   14   14    1    1    1    1    1    1    1    1  1.87343E+09 0.44921 
   15   15    1    1    1    1    1    1    1    1  1.57382E+09 0.48897 
   16   16    1    1    1    1    1    1    1    1  8.39826E+08 0.47496 
   17   17    1    1    1    1    1    1    1    1  1.60532E+09 0.26331 
   18   18    1    1    1    1    1    1    1    1  1.76605E+09 0.30485 
   19   19    1    1    1    1    1    1    1    1  5.06500E+09 0.14520 
   20   20    1    1    1    1    1    1    1    1  1.18378E+10 0.14547 
   21   21    1    1    1    1    1    1    1    1  1.05363E+10 0.11031 
   22   22    1    1    1    1    1    1    1    1  2.79175E+10 0.08688 
   23   23    1    1    1    1    1    1    1    1  9.22540E+10 0.05136 
   24   24    1    1    1    1    1    1    1    1  2.47050E+11 0.03051 
   25   25    1    1    1    1    1    1    1    1  4.22523E+11 0.02783 
   26   26    1    1    1    1    1    1    1    1  8.93292E+11 0.01540 
   27   27    1    1    1    1    1    1    1    1  1.74967E+12 0.01085 
   28   28    1    1    1    1    1    1    1    1  3.78883E+12 0.00737 
   29   29    1    1    1    1    1    1    1    1  5.64707E+12 0.00790 
   30   30    1    1    1    1    1    1    1    1  1.10124E+13 0.00473 
   31   31    1    1    1    1    1    1    1    1  2.35337E+13 0.00368 
   32   32    1    1    1    1    1    1    1    1  3.27458E+13 0.00330 
   33   33    1    1    1    1    1    1    1    1  6.13130E+13 0.00220 
   34   34    1    1    1    1    1    1    1    1  7.29306E+13 0.00159 
   35   35    1    1    1    1    1    1    1    1  8.83894E+13 0.00150 
   36   36    1    1    1    1    1    1    1    1  6.47663E+13 0.00164 
   37   37    1    1    1    1    1    1    1    1  1.94269E+13 0.00184 
   38   38    1    1    1    1    1    1    1    1  9.74584E+13 0.00161 
   39   39    1    1    1    1    1    1    1    1  1.18955E+14 0.00165 
   40   40    1    1    1    1    1    1    1    1  2.00615E+14 0.00128 
   41   41    1    1    1    1    1    1    1    1  1.85162E+14 0.00110 
   42   42    1    1    1    1    1    1    1    1  3.43902E+14 0.00084 
   43   43    1    1    1    1    1    1    1    1  3.76083E+14 0.00094 
   44   44    1    1    1    1    1    1    1    1  4.90453E+14 0.00077 
   45   45    1    1    1    1    1    1    1    1  8.81057E+14 0.00071 
   46   46    1    1    1    1    1    1    1    1  4.60912E+14 0.00070 
   47   47    1    1    1    1    1    1    1    1  6.57388E+14 0.00099 
   48   48    1    1    1    1    1    1    1    1  9.21048E+14 0.00086 
   49   49    1    1    1    1    1    1    1    1  8.29429E+14 0.00088 
   50   50    1    1    1    1    1    1    1    1  1.30462E+15 0.00080 
   51   51    1    1    1    1    1    1    1    1  1.01381E+15 0.00087 
   52   52    1    1    1    1    1    1    1    1  1.17635E+15 0.00064 
   53   53    1    1    1    1    1    1    1    1  8.38506E+14 0.00077 
   54   54    1    1    1    1    1    1    1    1  1.04061E+15 0.00078 
   55   55    1    1    1    1    1    1    1    1  7.37418E+14 0.00078 
   56   56    1    1    1    1    1    1    1    1  1.01296E+14 0.00118 
   57   57    1    1    1    1    1    1    1    1  1.43385E+15 0.00052 
   58   58    1    1    1    1    1    1    1    1  6.48143E+14 0.00084 
   59   59    1    1    1    1    1    1    1    1  7.01316E+14 0.00066 
   60   60    1    1    1    1    1    1    1    1  5.68547E+14 0.00070 
   61   61    1    1    1    1    1    1    1    1  5.67322E+14 0.00077 
   62   62    1    1    1    1    1    1    1    1  5.74039E+14 0.00074 
   63   63    1    1    1    1    1    1    1    1  4.83452E+14 0.00074 
   64   64    1    1    1    1    1    1    1    1  3.82195E+14 0.00078 
   65   65    1    1    1    1    1    1    1    1  3.76447E+14 0.00080 
   66   66    1    1    1    1    1    1    1    1  3.00139E+14 0.00087 
   67   67    1    1    1    1    1    1    1    1  2.45357E+14 0.00099 
   68   68    1    1    1    1    1    1    1    1  2.16055E+14 0.00091 
   69   69    1    1    1    1    1    1    1    1  2.62550E+14 0.00102 
   70   70    1    1    1    1    1    1    1    1  2.25267E+14 0.00125 
   71   71    1    1    1    1    1    1    1    1  4.15467E+14 0.00077 
   72   72    1    1    1    1    1    1    1    1  3.01483E+14 0.00105 
   73   73    1    1    1    1    1    1    1    1  2.33117E+14 0.00078 
   74   74    1    1    1    1    1    1    1    1  1.91017E+14 0.00115 
   75   75    1    1    1    1    1    1    1    1  1.59232E+14 0.00167 
   76   76    1    1    1    1    1    1    1    1  1.85450E+14 0.00115 
   77   77    1    1    1    1    1    1    1    1  1.47327E+14 0.00159 
   78   78    1    1    1    1    1    1    1    1  1.15155E+14 0.00130 
   79   79    1    1    1    1    1    1    1    1  1.19952E+14 0.00181 
   80   80    1    1    1    1    1    1    1    1  8.98325E+13 0.00206 
   81   81    1    1    1    1    1    1    1    1  6.97397E+13 0.00244 
   82   82    1    1    1    1    1    1    1    1  5.36261E+13 0.00222 
   83   83    1    1    1    1    1    1    1    1  5.00809E+13 0.00175 
   84   84    1    1    1    1    1    1    1    1  3.59886E+13 0.00235 
   85   85    1    1    1    1    1    1    1    1  2.60356E+13 0.00319 
   86   86    1    1    1    1    1    1    1    1  2.43538E+13 0.00288 
   87   87    1    1    1    1    1    1    1    1  1.49772E+13 0.00559 
   88   88    1    1    1    1    1    1    1    1  1.01085E+13 0.00280 
   89   89    1    1    1    1    1    1    1    1  5.75382E+12 0.00578 
   90   90    1    1    1    1    1    1    1    1  3.84128E+12 0.00878 
   91   91    1    1    1    1    1    1    1    1  1.90777E+12 0.01692 
   92   92    1    1    1    1    1    1    1    1  9.09149E+11 0.02022 
   93   93    1    1    1    1    1    1    1    1  4.57186E+11 0.03360 
   94   94    1    1    1    1    1    1    1    1  2.31755E+11 0.02706 
   95   95    1    1    1    1    1    1    1    1  9.45356E+10 0.05873 
   96   96    1    1    1    1    1    1    1    1  5.35319E+10 0.06048 
   97   97    1    1    1    1    1    1    1    1  2.01364E+10 0.09276 
   98   98    1    1    1    1    1    1    1    1  1.33652E+10 0.11543 
   99   99    1    1    1    1    1    1    1    1  5.60377E+09 0.20180 
  100  100    1    1    1    1    1    1    1    1  5.27828E+09 0.24562 
];


