
DETdpaspec = [
    1    1    1    1    1    1    1    1    1    1  0.00000E+00 0.00000 
    2    2    1    1    1    1    1    1    1    1  0.00000E+00 0.00000 
    3    3    1    1    1    1    1    1    1    1  0.00000E+00 0.00000 
    4    4    1    1    1    1    1    1    1    1  0.00000E+00 0.00000 
    5    5    1    1    1    1    1    1    1    1  0.00000E+00 0.00000 
    6    6    1    1    1    1    1    1    1    1  0.00000E+00 0.00000 
    7    7    1    1    1    1    1    1    1    1  0.00000E+00 0.00000 
    8    8    1    1    1    1    1    1    1    1  1.26480E+07 1.00000 
    9    9    1    1    1    1    1    1    1    1  0.00000E+00 0.00000 
   10   10    1    1    1    1    1    1    1    1  3.00010E+07 1.00000 
   11   11    1    1    1    1    1    1    1    1  0.00000E+00 0.00000 
   12   12    1    1    1    1    1    1    1    1  5.26471E+07 1.00000 
   13   13    1    1    1    1    1    1    1    1  1.47519E+09 0.57267 
   14   14    1    1    1    1    1    1    1    1  1.31106E+09 0.36074 
   15   15    1    1    1    1    1    1    1    1  1.74451E+09 0.39220 
   16   16    1    1    1    1    1    1    1    1  1.70612E+08 0.63533 
   17   17    1    1    1    1    1    1    1    1  1.07877E+09 0.38206 
   18   18    1    1    1    1    1    1    1    1  4.49856E+09 0.19096 
   19   19    1    1    1    1    1    1    1    1  5.68226E+09 0.14994 
   20   20    1    1    1    1    1    1    1    1  1.05651E+10 0.14385 
   21   21    1    1    1    1    1    1    1    1  9.11562E+09 0.14076 
   22   22    1    1    1    1    1    1    1    1  3.22167E+10 0.06448 
   23   23    1    1    1    1    1    1    1    1  1.03547E+11 0.03989 
   24   24    1    1    1    1    1    1    1    1  2.54803E+11 0.02620 
   25   25    1    1    1    1    1    1    1    1  4.40620E+11 0.02092 
   26   26    1    1    1    1    1    1    1    1  9.24055E+11 0.02491 
   27   27    1    1    1    1    1    1    1    1  1.84193E+12 0.01292 
   28   28    1    1    1    1    1    1    1    1  3.97234E+12 0.00723 
   29   29    1    1    1    1    1    1    1    1  5.86436E+12 0.00691 
   30   30    1    1    1    1    1    1    1    1  1.14636E+13 0.00671 
   31   31    1    1    1    1    1    1    1    1  2.43226E+13 0.00461 
   32   32    1    1    1    1    1    1    1    1  3.35550E+13 0.00287 
   33   33    1    1    1    1    1    1    1    1  6.26781E+13 0.00278 
   34   34    1    1    1    1    1    1    1    1  7.44864E+13 0.00206 
   35   35    1    1    1    1    1    1    1    1  8.96447E+13 0.00143 
   36   36    1    1    1    1    1    1    1    1  6.58649E+13 0.00169 
   37   37    1    1    1    1    1    1    1    1  1.96880E+13 0.00150 
   38   38    1    1    1    1    1    1    1    1  9.85476E+13 0.00149 
   39   39    1    1    1    1    1    1    1    1  1.20181E+14 0.00156 
   40   40    1    1    1    1    1    1    1    1  2.02520E+14 0.00122 
   41   41    1    1    1    1    1    1    1    1  1.86735E+14 0.00080 
   42   42    1    1    1    1    1    1    1    1  3.46307E+14 0.00101 
   43   43    1    1    1    1    1    1    1    1  3.79422E+14 0.00101 
   44   44    1    1    1    1    1    1    1    1  4.93351E+14 0.00085 
   45   45    1    1    1    1    1    1    1    1  8.86218E+14 0.00092 
   46   46    1    1    1    1    1    1    1    1  4.63579E+14 0.00079 
   47   47    1    1    1    1    1    1    1    1  6.60045E+14 0.00067 
   48   48    1    1    1    1    1    1    1    1  9.24455E+14 0.00067 
   49   49    1    1    1    1    1    1    1    1  8.30915E+14 0.00070 
   50   50    1    1    1    1    1    1    1    1  1.30656E+15 0.00049 
   51   51    1    1    1    1    1    1    1    1  1.01583E+15 0.00050 
   52   52    1    1    1    1    1    1    1    1  1.18007E+15 0.00057 
   53   53    1    1    1    1    1    1    1    1  8.40110E+14 0.00082 
   54   54    1    1    1    1    1    1    1    1  1.04086E+15 0.00070 
   55   55    1    1    1    1    1    1    1    1  7.38647E+14 0.00070 
   56   56    1    1    1    1    1    1    1    1  1.01596E+14 0.00066 
   57   57    1    1    1    1    1    1    1    1  1.43712E+15 0.00054 
   58   58    1    1    1    1    1    1    1    1  6.48806E+14 0.00065 
   59   59    1    1    1    1    1    1    1    1  7.02107E+14 0.00060 
   60   60    1    1    1    1    1    1    1    1  5.68971E+14 0.00072 
   61   61    1    1    1    1    1    1    1    1  5.68087E+14 0.00086 
   62   62    1    1    1    1    1    1    1    1  5.74429E+14 0.00076 
   63   63    1    1    1    1    1    1    1    1  4.83357E+14 0.00095 
   64   64    1    1    1    1    1    1    1    1  3.82499E+14 0.00099 
   65   65    1    1    1    1    1    1    1    1  3.76560E+14 0.00132 
   66   66    1    1    1    1    1    1    1    1  3.00074E+14 0.00117 
   67   67    1    1    1    1    1    1    1    1  2.45685E+14 0.00077 
   68   68    1    1    1    1    1    1    1    1  2.16254E+14 0.00098 
   69   69    1    1    1    1    1    1    1    1  2.63342E+14 0.00066 
   70   70    1    1    1    1    1    1    1    1  2.25442E+14 0.00075 
   71   71    1    1    1    1    1    1    1    1  4.15527E+14 0.00091 
   72   72    1    1    1    1    1    1    1    1  3.01198E+14 0.00110 
   73   73    1    1    1    1    1    1    1    1  2.33162E+14 0.00128 
   74   74    1    1    1    1    1    1    1    1  1.90794E+14 0.00119 
   75   75    1    1    1    1    1    1    1    1  1.59427E+14 0.00094 
   76   76    1    1    1    1    1    1    1    1  1.85292E+14 0.00115 
   77   77    1    1    1    1    1    1    1    1  1.47251E+14 0.00121 
   78   78    1    1    1    1    1    1    1    1  1.15093E+14 0.00155 
   79   79    1    1    1    1    1    1    1    1  1.19684E+14 0.00124 
   80   80    1    1    1    1    1    1    1    1  8.96661E+13 0.00137 
   81   81    1    1    1    1    1    1    1    1  6.98270E+13 0.00211 
   82   82    1    1    1    1    1    1    1    1  5.36246E+13 0.00252 
   83   83    1    1    1    1    1    1    1    1  5.00563E+13 0.00212 
   84   84    1    1    1    1    1    1    1    1  3.60553E+13 0.00233 
   85   85    1    1    1    1    1    1    1    1  2.60800E+13 0.00307 
   86   86    1    1    1    1    1    1    1    1  2.44880E+13 0.00372 
   87   87    1    1    1    1    1    1    1    1  1.49419E+13 0.00559 
   88   88    1    1    1    1    1    1    1    1  1.01076E+13 0.00624 
   89   89    1    1    1    1    1    1    1    1  5.74769E+12 0.00715 
   90   90    1    1    1    1    1    1    1    1  3.79935E+12 0.00744 
   91   91    1    1    1    1    1    1    1    1  1.91992E+12 0.00902 
   92   92    1    1    1    1    1    1    1    1  9.06046E+11 0.01457 
   93   93    1    1    1    1    1    1    1    1  4.52563E+11 0.02887 
   94   94    1    1    1    1    1    1    1    1  2.19294E+11 0.02995 
   95   95    1    1    1    1    1    1    1    1  9.87669E+10 0.05644 
   96   96    1    1    1    1    1    1    1    1  4.53264E+10 0.09214 
   97   97    1    1    1    1    1    1    1    1  2.00634E+10 0.13501 
   98   98    1    1    1    1    1    1    1    1  8.52103E+09 0.16640 
   99   99    1    1    1    1    1    1    1    1  4.83960E+09 0.20961 
  100  100    1    1    1    1    1    1    1    1  3.66754E+09 0.30013 
];


