
DETdpaspec = [
    1    1    1    1    1    1    1    1    1    1  0.00000E+00 0.00000 
    2    2    1    1    1    1    1    1    1    1  0.00000E+00 0.00000 
    3    3    1    1    1    1    1    1    1    1  0.00000E+00 0.00000 
    4    4    1    1    1    1    1    1    1    1  0.00000E+00 0.00000 
    5    5    1    1    1    1    1    1    1    1  0.00000E+00 0.00000 
    6    6    1    1    1    1    1    1    1    1  0.00000E+00 0.00000 
    7    7    1    1    1    1    1    1    1    1  0.00000E+00 0.00000 
    8    8    1    1    1    1    1    1    1    1  0.00000E+00 0.00000 
    9    9    1    1    1    1    1    1    1    1  0.00000E+00 0.00000 
   10   10    1    1    1    1    1    1    1    1  0.00000E+00 0.00000 
   11   11    1    1    1    1    1    1    1    1  3.50088E+07 1.00000 
   12   12    1    1    1    1    1    1    1    1  2.89690E+06 1.00000 
   13   13    1    1    1    1    1    1    1    1  2.90732E+08 0.68841 
   14   14    1    1    1    1    1    1    1    1  1.55195E+09 0.62493 
   15   15    1    1    1    1    1    1    1    1  2.48242E+09 0.37516 
   16   16    1    1    1    1    1    1    1    1  2.80666E+08 0.37374 
   17   17    1    1    1    1    1    1    1    1  1.33335E+09 0.33227 
   18   18    1    1    1    1    1    1    1    1  2.67080E+09 0.35459 
   19   19    1    1    1    1    1    1    1    1  2.56285E+09 0.26364 
   20   20    1    1    1    1    1    1    1    1  1.21843E+10 0.14809 
   21   21    1    1    1    1    1    1    1    1  1.20728E+10 0.09863 
   22   22    1    1    1    1    1    1    1    1  3.75386E+10 0.03366 
   23   23    1    1    1    1    1    1    1    1  1.32150E+11 0.04083 
   24   24    1    1    1    1    1    1    1    1  3.77628E+11 0.02422 
   25   25    1    1    1    1    1    1    1    1  6.33911E+11 0.01948 
   26   26    1    1    1    1    1    1    1    1  1.26876E+12 0.01308 
   27   27    1    1    1    1    1    1    1    1  2.46070E+12 0.01074 
   28   28    1    1    1    1    1    1    1    1  5.04496E+12 0.00663 
   29   29    1    1    1    1    1    1    1    1  7.33458E+12 0.00421 
   30   30    1    1    1    1    1    1    1    1  1.37725E+13 0.00412 
   31   31    1    1    1    1    1    1    1    1  2.80260E+13 0.00309 
   32   32    1    1    1    1    1    1    1    1  3.81277E+13 0.00232 
   33   33    1    1    1    1    1    1    1    1  6.95900E+13 0.00228 
   34   34    1    1    1    1    1    1    1    1  8.19273E+13 0.00231 
   35   35    1    1    1    1    1    1    1    1  9.62198E+13 0.00182 
   36   36    1    1    1    1    1    1    1    1  6.94103E+13 0.00159 
   37   37    1    1    1    1    1    1    1    1  2.06419E+13 0.00178 
   38   38    1    1    1    1    1    1    1    1  1.03773E+14 0.00119 
   39   39    1    1    1    1    1    1    1    1  1.26125E+14 0.00120 
   40   40    1    1    1    1    1    1    1    1  2.11565E+14 0.00103 
   41   41    1    1    1    1    1    1    1    1  1.94136E+14 0.00105 
   42   42    1    1    1    1    1    1    1    1  3.59220E+14 0.00108 
   43   43    1    1    1    1    1    1    1    1  3.92123E+14 0.00085 
   44   44    1    1    1    1    1    1    1    1  5.08070E+14 0.00086 
   45   45    1    1    1    1    1    1    1    1  9.09231E+14 0.00065 
   46   46    1    1    1    1    1    1    1    1  4.73578E+14 0.00076 
   47   47    1    1    1    1    1    1    1    1  6.72673E+14 0.00049 
   48   48    1    1    1    1    1    1    1    1  9.39193E+14 0.00062 
   49   49    1    1    1    1    1    1    1    1  8.41513E+14 0.00067 
   50   50    1    1    1    1    1    1    1    1  1.32332E+15 0.00044 
   51   51    1    1    1    1    1    1    1    1  1.02336E+15 0.00063 
   52   52    1    1    1    1    1    1    1    1  1.18790E+15 0.00034 
   53   53    1    1    1    1    1    1    1    1  8.44513E+14 0.00075 
   54   54    1    1    1    1    1    1    1    1  1.04703E+15 0.00062 
   55   55    1    1    1    1    1    1    1    1  7.41142E+14 0.00071 
   56   56    1    1    1    1    1    1    1    1  1.01765E+14 0.00076 
   57   57    1    1    1    1    1    1    1    1  1.43931E+15 0.00062 
   58   58    1    1    1    1    1    1    1    1  6.50757E+14 0.00078 
   59   59    1    1    1    1    1    1    1    1  7.02525E+14 0.00054 
   60   60    1    1    1    1    1    1    1    1  5.69730E+14 0.00057 
   61   61    1    1    1    1    1    1    1    1  5.68880E+14 0.00078 
   62   62    1    1    1    1    1    1    1    1  5.75164E+14 0.00060 
   63   63    1    1    1    1    1    1    1    1  4.84406E+14 0.00080 
   64   64    1    1    1    1    1    1    1    1  3.83695E+14 0.00101 
   65   65    1    1    1    1    1    1    1    1  3.76499E+14 0.00082 
   66   66    1    1    1    1    1    1    1    1  2.99969E+14 0.00090 
   67   67    1    1    1    1    1    1    1    1  2.45127E+14 0.00103 
   68   68    1    1    1    1    1    1    1    1  2.15626E+14 0.00111 
   69   69    1    1    1    1    1    1    1    1  2.62249E+14 0.00117 
   70   70    1    1    1    1    1    1    1    1  2.24339E+14 0.00134 
   71   71    1    1    1    1    1    1    1    1  4.13037E+14 0.00113 
   72   72    1    1    1    1    1    1    1    1  2.97772E+14 0.00094 
   73   73    1    1    1    1    1    1    1    1  2.30880E+14 0.00128 
   74   74    1    1    1    1    1    1    1    1  1.89464E+14 0.00111 
   75   75    1    1    1    1    1    1    1    1  1.58085E+14 0.00158 
   76   76    1    1    1    1    1    1    1    1  1.84363E+14 0.00123 
   77   77    1    1    1    1    1    1    1    1  1.46276E+14 0.00164 
   78   78    1    1    1    1    1    1    1    1  1.14529E+14 0.00151 
   79   79    1    1    1    1    1    1    1    1  1.19311E+14 0.00164 
   80   80    1    1    1    1    1    1    1    1  8.94791E+13 0.00166 
   81   81    1    1    1    1    1    1    1    1  6.92628E+13 0.00189 
   82   82    1    1    1    1    1    1    1    1  5.35412E+13 0.00177 
   83   83    1    1    1    1    1    1    1    1  5.01452E+13 0.00218 
   84   84    1    1    1    1    1    1    1    1  3.59365E+13 0.00317 
   85   85    1    1    1    1    1    1    1    1  2.59024E+13 0.00484 
   86   86    1    1    1    1    1    1    1    1  2.43161E+13 0.00366 
   87   87    1    1    1    1    1    1    1    1  1.48678E+13 0.00499 
   88   88    1    1    1    1    1    1    1    1  1.00227E+13 0.00500 
   89   89    1    1    1    1    1    1    1    1  5.68978E+12 0.00650 
   90   90    1    1    1    1    1    1    1    1  3.73934E+12 0.00779 
   91   91    1    1    1    1    1    1    1    1  1.88305E+12 0.01055 
   92   92    1    1    1    1    1    1    1    1  9.14795E+11 0.01577 
   93   93    1    1    1    1    1    1    1    1  4.30062E+11 0.02156 
   94   94    1    1    1    1    1    1    1    1  2.10004E+11 0.02284 
   95   95    1    1    1    1    1    1    1    1  9.64077E+10 0.06398 
   96   96    1    1    1    1    1    1    1    1  5.11245E+10 0.08702 
   97   97    1    1    1    1    1    1    1    1  2.51072E+10 0.11304 
   98   98    1    1    1    1    1    1    1    1  1.01565E+10 0.19897 
   99   99    1    1    1    1    1    1    1    1  6.19715E+09 0.25388 
  100  100    1    1    1    1    1    1    1    1  5.25807E+09 0.25127 
];


