
DETdpaspec = [
    1    1    1    1    1    1    1    1    1    1  0.00000E+00 0.00000 
    2    2    1    1    1    1    1    1    1    1  0.00000E+00 0.00000 
    3    3    1    1    1    1    1    1    1    1  0.00000E+00 0.00000 
    4    4    1    1    1    1    1    1    1    1  0.00000E+00 0.00000 
    5    5    1    1    1    1    1    1    1    1  0.00000E+00 0.00000 
    6    6    1    1    1    1    1    1    1    1  0.00000E+00 0.00000 
    7    7    1    1    1    1    1    1    1    1  0.00000E+00 0.00000 
    8    8    1    1    1    1    1    1    1    1  0.00000E+00 0.00000 
    9    9    1    1    1    1    1    1    1    1  0.00000E+00 0.00000 
   10   10    1    1    1    1    1    1    1    1  0.00000E+00 0.00000 
   11   11    1    1    1    1    1    1    1    1  1.41426E+08 0.78795 
   12   12    1    1    1    1    1    1    1    1  9.47069E+07 0.60430 
   13   13    1    1    1    1    1    1    1    1  1.43698E+09 0.41836 
   14   14    1    1    1    1    1    1    1    1  3.54650E+09 0.39467 
   15   15    1    1    1    1    1    1    1    1  1.80321E+09 0.25635 
   16   16    1    1    1    1    1    1    1    1  1.05737E+09 0.35506 
   17   17    1    1    1    1    1    1    1    1  1.45166E+09 0.36263 
   18   18    1    1    1    1    1    1    1    1  2.61258E+09 0.19459 
   19   19    1    1    1    1    1    1    1    1  2.40491E+09 0.19742 
   20   20    1    1    1    1    1    1    1    1  1.18760E+10 0.19376 
   21   21    1    1    1    1    1    1    1    1  8.87708E+09 0.12789 
   22   22    1    1    1    1    1    1    1    1  3.12341E+10 0.11148 
   23   23    1    1    1    1    1    1    1    1  8.47901E+10 0.04047 
   24   24    1    1    1    1    1    1    1    1  2.40190E+11 0.03209 
   25   25    1    1    1    1    1    1    1    1  4.22993E+11 0.03099 
   26   26    1    1    1    1    1    1    1    1  9.14775E+11 0.02070 
   27   27    1    1    1    1    1    1    1    1  1.81561E+12 0.01382 
   28   28    1    1    1    1    1    1    1    1  3.92450E+12 0.00664 
   29   29    1    1    1    1    1    1    1    1  5.83327E+12 0.00681 
   30   30    1    1    1    1    1    1    1    1  1.13670E+13 0.00468 
   31   31    1    1    1    1    1    1    1    1  2.39914E+13 0.00326 
   32   32    1    1    1    1    1    1    1    1  3.31216E+13 0.00351 
   33   33    1    1    1    1    1    1    1    1  6.18979E+13 0.00215 
   34   34    1    1    1    1    1    1    1    1  7.38738E+13 0.00240 
   35   35    1    1    1    1    1    1    1    1  8.90565E+13 0.00181 
   36   36    1    1    1    1    1    1    1    1  6.53464E+13 0.00158 
   37   37    1    1    1    1    1    1    1    1  1.95769E+13 0.00147 
   38   38    1    1    1    1    1    1    1    1  9.80137E+13 0.00154 
   39   39    1    1    1    1    1    1    1    1  1.19711E+14 0.00143 
   40   40    1    1    1    1    1    1    1    1  2.01459E+14 0.00135 
   41   41    1    1    1    1    1    1    1    1  1.86050E+14 0.00098 
   42   42    1    1    1    1    1    1    1    1  3.45024E+14 0.00109 
   43   43    1    1    1    1    1    1    1    1  3.77791E+14 0.00099 
   44   44    1    1    1    1    1    1    1    1  4.91557E+14 0.00069 
   45   45    1    1    1    1    1    1    1    1  8.83939E+14 0.00063 
   46   46    1    1    1    1    1    1    1    1  4.62099E+14 0.00067 
   47   47    1    1    1    1    1    1    1    1  6.57304E+14 0.00065 
   48   48    1    1    1    1    1    1    1    1  9.21797E+14 0.00081 
   49   49    1    1    1    1    1    1    1    1  8.28632E+14 0.00059 
   50   50    1    1    1    1    1    1    1    1  1.30566E+15 0.00059 
   51   51    1    1    1    1    1    1    1    1  1.01415E+15 0.00069 
   52   52    1    1    1    1    1    1    1    1  1.17796E+15 0.00057 
   53   53    1    1    1    1    1    1    1    1  8.38859E+14 0.00064 
   54   54    1    1    1    1    1    1    1    1  1.04041E+15 0.00061 
   55   55    1    1    1    1    1    1    1    1  7.38104E+14 0.00061 
   56   56    1    1    1    1    1    1    1    1  1.01370E+14 0.00105 
   57   57    1    1    1    1    1    1    1    1  1.43483E+15 0.00062 
   58   58    1    1    1    1    1    1    1    1  6.48003E+14 0.00072 
   59   59    1    1    1    1    1    1    1    1  7.01159E+14 0.00072 
   60   60    1    1    1    1    1    1    1    1  5.68451E+14 0.00051 
   61   61    1    1    1    1    1    1    1    1  5.68498E+14 0.00069 
   62   62    1    1    1    1    1    1    1    1  5.73525E+14 0.00084 
   63   63    1    1    1    1    1    1    1    1  4.83477E+14 0.00076 
   64   64    1    1    1    1    1    1    1    1  3.82960E+14 0.00114 
   65   65    1    1    1    1    1    1    1    1  3.76099E+14 0.00087 
   66   66    1    1    1    1    1    1    1    1  3.00292E+14 0.00083 
   67   67    1    1    1    1    1    1    1    1  2.45579E+14 0.00083 
   68   68    1    1    1    1    1    1    1    1  2.16412E+14 0.00095 
   69   69    1    1    1    1    1    1    1    1  2.63093E+14 0.00103 
   70   70    1    1    1    1    1    1    1    1  2.25361E+14 0.00134 
   71   71    1    1    1    1    1    1    1    1  4.14812E+14 0.00103 
   72   72    1    1    1    1    1    1    1    1  3.01024E+14 0.00125 
   73   73    1    1    1    1    1    1    1    1  2.32963E+14 0.00149 
   74   74    1    1    1    1    1    1    1    1  1.90922E+14 0.00119 
   75   75    1    1    1    1    1    1    1    1  1.59130E+14 0.00097 
   76   76    1    1    1    1    1    1    1    1  1.85401E+14 0.00132 
   77   77    1    1    1    1    1    1    1    1  1.46898E+14 0.00114 
   78   78    1    1    1    1    1    1    1    1  1.15090E+14 0.00139 
   79   79    1    1    1    1    1    1    1    1  1.20100E+14 0.00154 
   80   80    1    1    1    1    1    1    1    1  8.97002E+13 0.00187 
   81   81    1    1    1    1    1    1    1    1  6.93726E+13 0.00189 
   82   82    1    1    1    1    1    1    1    1  5.37503E+13 0.00158 
   83   83    1    1    1    1    1    1    1    1  5.01347E+13 0.00224 
   84   84    1    1    1    1    1    1    1    1  3.59967E+13 0.00315 
   85   85    1    1    1    1    1    1    1    1  2.60042E+13 0.00371 
   86   86    1    1    1    1    1    1    1    1  2.42607E+13 0.00282 
   87   87    1    1    1    1    1    1    1    1  1.49560E+13 0.00391 
   88   88    1    1    1    1    1    1    1    1  1.01145E+13 0.00435 
   89   89    1    1    1    1    1    1    1    1  5.67827E+12 0.00711 
   90   90    1    1    1    1    1    1    1    1  3.71265E+12 0.00768 
   91   91    1    1    1    1    1    1    1    1  1.90919E+12 0.01217 
   92   92    1    1    1    1    1    1    1    1  9.42135E+11 0.01425 
   93   93    1    1    1    1    1    1    1    1  4.46906E+11 0.02463 
   94   94    1    1    1    1    1    1    1    1  2.19152E+11 0.03620 
   95   95    1    1    1    1    1    1    1    1  9.30792E+10 0.03908 
   96   96    1    1    1    1    1    1    1    1  4.87561E+10 0.07533 
   97   97    1    1    1    1    1    1    1    1  2.71577E+10 0.09095 
   98   98    1    1    1    1    1    1    1    1  1.14029E+10 0.12428 
   99   99    1    1    1    1    1    1    1    1  5.44815E+09 0.14973 
  100  100    1    1    1    1    1    1    1    1  5.97502E+09 0.28034 
];


