
DETdpaspec = [
    1    1    1    1    1    1    1    1    1    1  0.00000E+00 0.00000 
    2    2    1    1    1    1    1    1    1    1  0.00000E+00 0.00000 
    3    3    1    1    1    1    1    1    1    1  0.00000E+00 0.00000 
    4    4    1    1    1    1    1    1    1    1  0.00000E+00 0.00000 
    5    5    1    1    1    1    1    1    1    1  0.00000E+00 0.00000 
    6    6    1    1    1    1    1    1    1    1  0.00000E+00 0.00000 
    7    7    1    1    1    1    1    1    1    1  0.00000E+00 0.00000 
    8    8    1    1    1    1    1    1    1    1  1.81248E+07 1.00000 
    9    9    1    1    1    1    1    1    1    1  0.00000E+00 0.00000 
   10   10    1    1    1    1    1    1    1    1  2.01890E+08 0.53056 
   11   11    1    1    1    1    1    1    1    1  2.06921E+08 0.48689 
   12   12    1    1    1    1    1    1    1    1  8.33479E+07 0.47363 
   13   13    1    1    1    1    1    1    1    1  9.57710E+08 0.32516 
   14   14    1    1    1    1    1    1    1    1  2.14145E+09 0.30340 
   15   15    1    1    1    1    1    1    1    1  4.58520E+09 0.22568 
   16   16    1    1    1    1    1    1    1    1  9.07773E+08 0.27502 
   17   17    1    1    1    1    1    1    1    1  1.86994E+09 0.23610 
   18   18    1    1    1    1    1    1    1    1  4.73643E+09 0.14564 
   19   19    1    1    1    1    1    1    1    1  5.26429E+09 0.17570 
   20   20    1    1    1    1    1    1    1    1  1.75095E+10 0.12081 
   21   21    1    1    1    1    1    1    1    1  1.79103E+10 0.09915 
   22   22    1    1    1    1    1    1    1    1  3.38789E+10 0.08653 
   23   23    1    1    1    1    1    1    1    1  5.88679E+10 0.04901 
   24   24    1    1    1    1    1    1    1    1  1.23882E+11 0.05636 
   25   25    1    1    1    1    1    1    1    1  1.88791E+11 0.03809 
   26   26    1    1    1    1    1    1    1    1  3.76513E+11 0.02127 
   27   27    1    1    1    1    1    1    1    1  7.82086E+11 0.02064 
   28   28    1    1    1    1    1    1    1    1  1.84263E+12 0.01542 
   29   29    1    1    1    1    1    1    1    1  2.65653E+12 0.00598 
   30   30    1    1    1    1    1    1    1    1  6.27340E+12 0.00617 
   31   31    1    1    1    1    1    1    1    1  1.48716E+13 0.00381 
   32   32    1    1    1    1    1    1    1    1  2.23512E+13 0.00302 
   33   33    1    1    1    1    1    1    1    1  4.43115E+13 0.00243 
   34   34    1    1    1    1    1    1    1    1  5.27779E+13 0.00254 
   35   35    1    1    1    1    1    1    1    1  7.12380E+13 0.00180 
   36   36    1    1    1    1    1    1    1    1  5.48113E+13 0.00166 
   37   37    1    1    1    1    1    1    1    1  1.69567E+13 0.00189 
   38   38    1    1    1    1    1    1    1    1  8.35927E+13 0.00165 
   39   39    1    1    1    1    1    1    1    1  1.03368E+14 0.00151 
   40   40    1    1    1    1    1    1    1    1  1.73897E+14 0.00153 
   41   41    1    1    1    1    1    1    1    1  1.65811E+14 0.00144 
   42   42    1    1    1    1    1    1    1    1  3.06432E+14 0.00106 
   43   43    1    1    1    1    1    1    1    1  3.38336E+14 0.00092 
   44   44    1    1    1    1    1    1    1    1  4.43815E+14 0.00077 
   45   45    1    1    1    1    1    1    1    1  8.04254E+14 0.00054 
   46   46    1    1    1    1    1    1    1    1  4.25079E+14 0.00082 
   47   47    1    1    1    1    1    1    1    1  6.13412E+14 0.00076 
   48   48    1    1    1    1    1    1    1    1  8.63418E+14 0.00068 
   49   49    1    1    1    1    1    1    1    1  7.87634E+14 0.00075 
   50   50    1    1    1    1    1    1    1    1  1.23191E+15 0.00073 
   51   51    1    1    1    1    1    1    1    1  9.72846E+14 0.00078 
   52   52    1    1    1    1    1    1    1    1  1.12103E+15 0.00050 
   53   53    1    1    1    1    1    1    1    1  8.03081E+14 0.00069 
   54   54    1    1    1    1    1    1    1    1  9.86406E+14 0.00055 
   55   55    1    1    1    1    1    1    1    1  7.03202E+14 0.00053 
   56   56    1    1    1    1    1    1    1    1  9.71323E+13 0.00111 
   57   57    1    1    1    1    1    1    1    1  1.37350E+15 0.00055 
   58   58    1    1    1    1    1    1    1    1  6.10573E+14 0.00070 
   59   59    1    1    1    1    1    1    1    1  6.65844E+14 0.00072 
   60   60    1    1    1    1    1    1    1    1  5.33157E+14 0.00086 
   61   61    1    1    1    1    1    1    1    1  5.34539E+14 0.00057 
   62   62    1    1    1    1    1    1    1    1  5.38891E+14 0.00070 
   63   63    1    1    1    1    1    1    1    1  4.54023E+14 0.00084 
   64   64    1    1    1    1    1    1    1    1  3.59011E+14 0.00076 
   65   65    1    1    1    1    1    1    1    1  3.53645E+14 0.00091 
   66   66    1    1    1    1    1    1    1    1  2.81754E+14 0.00078 
   67   67    1    1    1    1    1    1    1    1  2.31362E+14 0.00074 
   68   68    1    1    1    1    1    1    1    1  2.04946E+14 0.00120 
   69   69    1    1    1    1    1    1    1    1  2.49110E+14 0.00098 
   70   70    1    1    1    1    1    1    1    1  2.14260E+14 0.00139 
   71   71    1    1    1    1    1    1    1    1  4.01069E+14 0.00086 
   72   72    1    1    1    1    1    1    1    1  2.91432E+14 0.00090 
   73   73    1    1    1    1    1    1    1    1  2.26085E+14 0.00152 
   74   74    1    1    1    1    1    1    1    1  1.83157E+14 0.00166 
   75   75    1    1    1    1    1    1    1    1  1.51347E+14 0.00149 
   76   76    1    1    1    1    1    1    1    1  1.74590E+14 0.00117 
   77   77    1    1    1    1    1    1    1    1  1.36314E+14 0.00138 
   78   78    1    1    1    1    1    1    1    1  1.06203E+14 0.00177 
   79   79    1    1    1    1    1    1    1    1  1.09949E+14 0.00129 
   80   80    1    1    1    1    1    1    1    1  8.16786E+13 0.00193 
   81   81    1    1    1    1    1    1    1    1  6.32704E+13 0.00213 
   82   82    1    1    1    1    1    1    1    1  4.87796E+13 0.00259 
   83   83    1    1    1    1    1    1    1    1  4.56343E+13 0.00283 
   84   84    1    1    1    1    1    1    1    1  3.26461E+13 0.00271 
   85   85    1    1    1    1    1    1    1    1  2.35909E+13 0.00356 
   86   86    1    1    1    1    1    1    1    1  2.21099E+13 0.00410 
   87   87    1    1    1    1    1    1    1    1  1.36303E+13 0.00496 
   88   88    1    1    1    1    1    1    1    1  9.22896E+12 0.00525 
   89   89    1    1    1    1    1    1    1    1  5.27613E+12 0.00675 
   90   90    1    1    1    1    1    1    1    1  3.52716E+12 0.00812 
   91   91    1    1    1    1    1    1    1    1  1.74198E+12 0.01193 
   92   92    1    1    1    1    1    1    1    1  8.39039E+11 0.01605 
   93   93    1    1    1    1    1    1    1    1  4.12084E+11 0.01874 
   94   94    1    1    1    1    1    1    1    1  1.99012E+11 0.02972 
   95   95    1    1    1    1    1    1    1    1  9.87410E+10 0.05245 
   96   96    1    1    1    1    1    1    1    1  4.77888E+10 0.07470 
   97   97    1    1    1    1    1    1    1    1  1.86365E+10 0.09632 
   98   98    1    1    1    1    1    1    1    1  1.15582E+10 0.17534 
   99   99    1    1    1    1    1    1    1    1  4.00063E+09 0.28568 
  100  100    1    1    1    1    1    1    1    1  5.12763E+09 0.25666 
];


