
DETdpaspec = [
    1    1    1    1    1    1    1    1    1    1  0.00000E+00 0.00000 
    2    2    1    1    1    1    1    1    1    1  0.00000E+00 0.00000 
    3    3    1    1    1    1    1    1    1    1  0.00000E+00 0.00000 
    4    4    1    1    1    1    1    1    1    1  0.00000E+00 0.00000 
    5    5    1    1    1    1    1    1    1    1  0.00000E+00 0.00000 
    6    6    1    1    1    1    1    1    1    1  0.00000E+00 0.00000 
    7    7    1    1    1    1    1    1    1    1  1.03129E+07 1.00000 
    8    8    1    1    1    1    1    1    1    1  0.00000E+00 0.00000 
    9    9    1    1    1    1    1    1    1    1  1.78117E+07 0.58924 
   10   10    1    1    1    1    1    1    1    1  0.00000E+00 0.00000 
   11   11    1    1    1    1    1    1    1    1  0.00000E+00 0.00000 
   12   12    1    1    1    1    1    1    1    1  3.23455E+07 0.70932 
   13   13    1    1    1    1    1    1    1    1  3.88462E+08 0.50652 
   14   14    1    1    1    1    1    1    1    1  1.15265E+09 0.51667 
   15   15    1    1    1    1    1    1    1    1  1.42283E+09 0.38630 
   16   16    1    1    1    1    1    1    1    1  8.77320E+08 0.36731 
   17   17    1    1    1    1    1    1    1    1  1.03486E+09 0.27357 
   18   18    1    1    1    1    1    1    1    1  2.58179E+09 0.27042 
   19   19    1    1    1    1    1    1    1    1  3.77977E+09 0.20731 
   20   20    1    1    1    1    1    1    1    1  1.42670E+10 0.17544 
   21   21    1    1    1    1    1    1    1    1  1.01717E+10 0.08791 
   22   22    1    1    1    1    1    1    1    1  2.62397E+10 0.07078 
   23   23    1    1    1    1    1    1    1    1  6.97431E+10 0.04659 
   24   24    1    1    1    1    1    1    1    1  1.61273E+11 0.03951 
   25   25    1    1    1    1    1    1    1    1  2.74030E+11 0.02258 
   26   26    1    1    1    1    1    1    1    1  6.21552E+11 0.01396 
   27   27    1    1    1    1    1    1    1    1  1.29900E+12 0.01571 
   28   28    1    1    1    1    1    1    1    1  2.86395E+12 0.00783 
   29   29    1    1    1    1    1    1    1    1  4.36345E+12 0.00895 
   30   30    1    1    1    1    1    1    1    1  9.06916E+12 0.00559 
   31   31    1    1    1    1    1    1    1    1  2.00172E+13 0.00383 
   32   32    1    1    1    1    1    1    1    1  2.85897E+13 0.00305 
   33   33    1    1    1    1    1    1    1    1  5.48148E+13 0.00268 
   34   34    1    1    1    1    1    1    1    1  6.57576E+13 0.00269 
   35   35    1    1    1    1    1    1    1    1  8.19159E+13 0.00145 
   36   36    1    1    1    1    1    1    1    1  6.10621E+13 0.00133 
   37   37    1    1    1    1    1    1    1    1  1.84230E+13 0.00138 
   38   38    1    1    1    1    1    1    1    1  9.22340E+13 0.00171 
   39   39    1    1    1    1    1    1    1    1  1.13093E+14 0.00136 
   40   40    1    1    1    1    1    1    1    1  1.91061E+14 0.00098 
   41   41    1    1    1    1    1    1    1    1  1.78047E+14 0.00097 
   42   42    1    1    1    1    1    1    1    1  3.30324E+14 0.00107 
   43   43    1    1    1    1    1    1    1    1  3.63274E+14 0.00097 
   44   44    1    1    1    1    1    1    1    1  4.74246E+14 0.00084 
   45   45    1    1    1    1    1    1    1    1  8.56321E+14 0.00071 
   46   46    1    1    1    1    1    1    1    1  4.49752E+14 0.00055 
   47   47    1    1    1    1    1    1    1    1  6.43987E+14 0.00078 
   48   48    1    1    1    1    1    1    1    1  9.04555E+14 0.00068 
   49   49    1    1    1    1    1    1    1    1  8.16619E+14 0.00054 
   50   50    1    1    1    1    1    1    1    1  1.28479E+15 0.00048 
   51   51    1    1    1    1    1    1    1    1  1.00275E+15 0.00070 
   52   52    1    1    1    1    1    1    1    1  1.16499E+15 0.00063 
   53   53    1    1    1    1    1    1    1    1  8.31798E+14 0.00063 
   54   54    1    1    1    1    1    1    1    1  1.02959E+15 0.00052 
   55   55    1    1    1    1    1    1    1    1  7.31067E+14 0.00067 
   56   56    1    1    1    1    1    1    1    1  1.00730E+14 0.00139 
   57   57    1    1    1    1    1    1    1    1  1.42631E+15 0.00058 
   58   58    1    1    1    1    1    1    1    1  6.41574E+14 0.00061 
   59   59    1    1    1    1    1    1    1    1  6.96367E+14 0.00039 
   60   60    1    1    1    1    1    1    1    1  5.63379E+14 0.00064 
   61   61    1    1    1    1    1    1    1    1  5.63471E+14 0.00066 
   62   62    1    1    1    1    1    1    1    1  5.70093E+14 0.00074 
   63   63    1    1    1    1    1    1    1    1  4.80612E+14 0.00073 
   64   64    1    1    1    1    1    1    1    1  3.79887E+14 0.00115 
   65   65    1    1    1    1    1    1    1    1  3.73841E+14 0.00088 
   66   66    1    1    1    1    1    1    1    1  2.98294E+14 0.00103 
   67   67    1    1    1    1    1    1    1    1  2.44472E+14 0.00130 
   68   68    1    1    1    1    1    1    1    1  2.15205E+14 0.00095 
   69   69    1    1    1    1    1    1    1    1  2.61696E+14 0.00114 
   70   70    1    1    1    1    1    1    1    1  2.24969E+14 0.00106 
   71   71    1    1    1    1    1    1    1    1  4.16229E+14 0.00097 
   72   72    1    1    1    1    1    1    1    1  3.02289E+14 0.00084 
   73   73    1    1    1    1    1    1    1    1  2.34212E+14 0.00110 
   74   74    1    1    1    1    1    1    1    1  1.91340E+14 0.00133 
   75   75    1    1    1    1    1    1    1    1  1.59526E+14 0.00147 
   76   76    1    1    1    1    1    1    1    1  1.84879E+14 0.00150 
   77   77    1    1    1    1    1    1    1    1  1.46569E+14 0.00156 
   78   78    1    1    1    1    1    1    1    1  1.14493E+14 0.00163 
   79   79    1    1    1    1    1    1    1    1  1.18670E+14 0.00168 
   80   80    1    1    1    1    1    1    1    1  8.88621E+13 0.00202 
   81   81    1    1    1    1    1    1    1    1  6.86937E+13 0.00213 
   82   82    1    1    1    1    1    1    1    1  5.30423E+13 0.00294 
   83   83    1    1    1    1    1    1    1    1  4.99123E+13 0.00195 
   84   84    1    1    1    1    1    1    1    1  3.57898E+13 0.00273 
   85   85    1    1    1    1    1    1    1    1  2.59589E+13 0.00416 
   86   86    1    1    1    1    1    1    1    1  2.41308E+13 0.00308 
   87   87    1    1    1    1    1    1    1    1  1.47788E+13 0.00379 
   88   88    1    1    1    1    1    1    1    1  9.97115E+12 0.00457 
   89   89    1    1    1    1    1    1    1    1  5.68706E+12 0.00757 
   90   90    1    1    1    1    1    1    1    1  3.82210E+12 0.00947 
   91   91    1    1    1    1    1    1    1    1  1.89816E+12 0.01213 
   92   92    1    1    1    1    1    1    1    1  9.44526E+11 0.01764 
   93   93    1    1    1    1    1    1    1    1  4.36056E+11 0.02577 
   94   94    1    1    1    1    1    1    1    1  2.09184E+11 0.03920 
   95   95    1    1    1    1    1    1    1    1  1.04983E+11 0.05064 
   96   96    1    1    1    1    1    1    1    1  4.52321E+10 0.08761 
   97   97    1    1    1    1    1    1    1    1  2.24640E+10 0.08865 
   98   98    1    1    1    1    1    1    1    1  1.30798E+10 0.16861 
   99   99    1    1    1    1    1    1    1    1  5.85667E+09 0.24981 
  100  100    1    1    1    1    1    1    1    1  6.39140E+09 0.21084 
];


