
DETdpaspec = [
    1    1    1    1    1    1    1    1    1    1  0.00000E+00 0.00000 
    2    2    1    1    1    1    1    1    1    1  0.00000E+00 0.00000 
    3    3    1    1    1    1    1    1    1    1  0.00000E+00 0.00000 
    4    4    1    1    1    1    1    1    1    1  0.00000E+00 0.00000 
    5    5    1    1    1    1    1    1    1    1  0.00000E+00 0.00000 
    6    6    1    1    1    1    1    1    1    1  0.00000E+00 0.00000 
    7    7    1    1    1    1    1    1    1    1  0.00000E+00 0.00000 
    8    8    1    1    1    1    1    1    1    1  0.00000E+00 0.00000 
    9    9    1    1    1    1    1    1    1    1  0.00000E+00 0.00000 
   10   10    1    1    1    1    1    1    1    1  4.56900E+07 0.70680 
   11   11    1    1    1    1    1    1    1    1  2.85604E+07 1.00000 
   12   12    1    1    1    1    1    1    1    1  7.19342E+07 0.55512 
   13   13    1    1    1    1    1    1    1    1  5.91236E+08 0.60658 
   14   14    1    1    1    1    1    1    1    1  1.03620E+09 0.50483 
   15   15    1    1    1    1    1    1    1    1  2.58167E+09 0.31040 
   16   16    1    1    1    1    1    1    1    1  1.20454E+09 0.30871 
   17   17    1    1    1    1    1    1    1    1  1.55247E+09 0.31309 
   18   18    1    1    1    1    1    1    1    1  4.19694E+09 0.15741 
   19   19    1    1    1    1    1    1    1    1  6.44199E+09 0.20622 
   20   20    1    1    1    1    1    1    1    1  1.49673E+10 0.10641 
   21   21    1    1    1    1    1    1    1    1  1.18153E+10 0.08786 
   22   22    1    1    1    1    1    1    1    1  3.16593E+10 0.07775 
   23   23    1    1    1    1    1    1    1    1  5.90978E+10 0.05346 
   24   24    1    1    1    1    1    1    1    1  1.10237E+11 0.04087 
   25   25    1    1    1    1    1    1    1    1  2.08082E+11 0.02708 
   26   26    1    1    1    1    1    1    1    1  4.29693E+11 0.02194 
   27   27    1    1    1    1    1    1    1    1  8.91949E+11 0.01635 
   28   28    1    1    1    1    1    1    1    1  2.06589E+12 0.01274 
   29   29    1    1    1    1    1    1    1    1  3.07535E+12 0.01135 
   30   30    1    1    1    1    1    1    1    1  6.95058E+12 0.00619 
   31   31    1    1    1    1    1    1    1    1  1.61605E+13 0.00323 
   32   32    1    1    1    1    1    1    1    1  2.39748E+13 0.00299 
   33   33    1    1    1    1    1    1    1    1  4.69411E+13 0.00357 
   34   34    1    1    1    1    1    1    1    1  5.64041E+13 0.00236 
   35   35    1    1    1    1    1    1    1    1  7.40948E+13 0.00268 
   36   36    1    1    1    1    1    1    1    1  5.65788E+13 0.00170 
   37   37    1    1    1    1    1    1    1    1  1.73051E+13 0.00176 
   38   38    1    1    1    1    1    1    1    1  8.58985E+13 0.00117 
   39   39    1    1    1    1    1    1    1    1  1.05777E+14 0.00187 
   40   40    1    1    1    1    1    1    1    1  1.78485E+14 0.00106 
   41   41    1    1    1    1    1    1    1    1  1.69132E+14 0.00127 
   42   42    1    1    1    1    1    1    1    1  3.12964E+14 0.00113 
   43   43    1    1    1    1    1    1    1    1  3.45748E+14 0.00102 
   44   44    1    1    1    1    1    1    1    1  4.53220E+14 0.00083 
   45   45    1    1    1    1    1    1    1    1  8.20592E+14 0.00079 
   46   46    1    1    1    1    1    1    1    1  4.33388E+14 0.00072 
   47   47    1    1    1    1    1    1    1    1  6.23562E+14 0.00057 
   48   48    1    1    1    1    1    1    1    1  8.78434E+14 0.00070 
   49   49    1    1    1    1    1    1    1    1  7.97784E+14 0.00075 
   50   50    1    1    1    1    1    1    1    1  1.25185E+15 0.00042 
   51   51    1    1    1    1    1    1    1    1  9.85448E+14 0.00058 
   52   52    1    1    1    1    1    1    1    1  1.13934E+15 0.00058 
   53   53    1    1    1    1    1    1    1    1  8.15370E+14 0.00047 
   54   54    1    1    1    1    1    1    1    1  1.00624E+15 0.00046 
   55   55    1    1    1    1    1    1    1    1  7.16560E+14 0.00065 
   56   56    1    1    1    1    1    1    1    1  9.87952E+13 0.00114 
   57   57    1    1    1    1    1    1    1    1  1.39750E+15 0.00062 
   58   58    1    1    1    1    1    1    1    1  6.25306E+14 0.00078 
   59   59    1    1    1    1    1    1    1    1  6.80854E+14 0.00076 
   60   60    1    1    1    1    1    1    1    1  5.47559E+14 0.00075 
   61   61    1    1    1    1    1    1    1    1  5.48370E+14 0.00081 
   62   62    1    1    1    1    1    1    1    1  5.53498E+14 0.00065 
   63   63    1    1    1    1    1    1    1    1  4.65907E+14 0.00069 
   64   64    1    1    1    1    1    1    1    1  3.69731E+14 0.00099 
   65   65    1    1    1    1    1    1    1    1  3.63632E+14 0.00101 
   66   66    1    1    1    1    1    1    1    1  2.89617E+14 0.00076 
   67   67    1    1    1    1    1    1    1    1  2.37784E+14 0.00108 
   68   68    1    1    1    1    1    1    1    1  2.10312E+14 0.00078 
   69   69    1    1    1    1    1    1    1    1  2.55554E+14 0.00088 
   70   70    1    1    1    1    1    1    1    1  2.19830E+14 0.00069 
   71   71    1    1    1    1    1    1    1    1  4.09260E+14 0.00091 
   72   72    1    1    1    1    1    1    1    1  2.98435E+14 0.00110 
   73   73    1    1    1    1    1    1    1    1  2.30799E+14 0.00143 
   74   74    1    1    1    1    1    1    1    1  1.87902E+14 0.00164 
   75   75    1    1    1    1    1    1    1    1  1.56036E+14 0.00171 
   76   76    1    1    1    1    1    1    1    1  1.79805E+14 0.00112 
   77   77    1    1    1    1    1    1    1    1  1.41780E+14 0.00145 
   78   78    1    1    1    1    1    1    1    1  1.10250E+14 0.00165 
   79   79    1    1    1    1    1    1    1    1  1.14873E+14 0.00111 
   80   80    1    1    1    1    1    1    1    1  8.56744E+13 0.00211 
   81   81    1    1    1    1    1    1    1    1  6.61109E+13 0.00207 
   82   82    1    1    1    1    1    1    1    1  5.10867E+13 0.00221 
   83   83    1    1    1    1    1    1    1    1  4.76988E+13 0.00186 
   84   84    1    1    1    1    1    1    1    1  3.43331E+13 0.00198 
   85   85    1    1    1    1    1    1    1    1  2.47848E+13 0.00254 
   86   86    1    1    1    1    1    1    1    1  2.30029E+13 0.00314 
   87   87    1    1    1    1    1    1    1    1  1.43788E+13 0.00555 
   88   88    1    1    1    1    1    1    1    1  9.60209E+12 0.00592 
   89   89    1    1    1    1    1    1    1    1  5.44193E+12 0.00716 
   90   90    1    1    1    1    1    1    1    1  3.69584E+12 0.00601 
   91   91    1    1    1    1    1    1    1    1  1.86705E+12 0.01371 
   92   92    1    1    1    1    1    1    1    1  8.89106E+11 0.01637 
   93   93    1    1    1    1    1    1    1    1  4.23594E+11 0.02881 
   94   94    1    1    1    1    1    1    1    1  1.91315E+11 0.04400 
   95   95    1    1    1    1    1    1    1    1  9.76742E+10 0.03798 
   96   96    1    1    1    1    1    1    1    1  4.73170E+10 0.04680 
   97   97    1    1    1    1    1    1    1    1  2.41236E+10 0.11304 
   98   98    1    1    1    1    1    1    1    1  1.12542E+10 0.15565 
   99   99    1    1    1    1    1    1    1    1  5.29302E+09 0.28013 
  100  100    1    1    1    1    1    1    1    1  4.93717E+09 0.33029 
];


