
DETdpaspec = [
    1    1    1    1    1    1    1    1    1    1  0.00000E+00 0.00000 
    2    2    1    1    1    1    1    1    1    1  0.00000E+00 0.00000 
    3    3    1    1    1    1    1    1    1    1  0.00000E+00 0.00000 
    4    4    1    1    1    1    1    1    1    1  0.00000E+00 0.00000 
    5    5    1    1    1    1    1    1    1    1  0.00000E+00 0.00000 
    6    6    1    1    1    1    1    1    1    1  0.00000E+00 0.00000 
    7    7    1    1    1    1    1    1    1    1  0.00000E+00 0.00000 
    8    8    1    1    1    1    1    1    1    1  8.43018E+07 1.00000 
    9    9    1    1    1    1    1    1    1    1  1.45457E+08 1.00000 
   10   10    1    1    1    1    1    1    1    1  0.00000E+00 0.00000 
   11   11    1    1    1    1    1    1    1    1  0.00000E+00 0.00000 
   12   12    1    1    1    1    1    1    1    1  5.16633E+08 0.68826 
   13   13    1    1    1    1    1    1    1    1  7.43154E+08 0.92994 
   14   14    1    1    1    1    1    1    1    1  1.92939E+09 0.49689 
   15   15    1    1    1    1    1    1    1    1  1.12861E+09 0.49834 
   16   16    1    1    1    1    1    1    1    1  1.51324E+09 0.52546 
   17   17    1    1    1    1    1    1    1    1  1.72979E+10 0.11138 
   18   18    1    1    1    1    1    1    1    1  4.23280E+10 0.06739 
   19   19    1    1    1    1    1    1    1    1  7.57750E+10 0.04725 
   20   20    1    1    1    1    1    1    1    1  3.73588E+11 0.03088 
   21   21    1    1    1    1    1    1    1    1  9.64389E+11 0.01684 
   22   22    1    1    1    1    1    1    1    1  2.64098E+12 0.00968 
   23   23    1    1    1    1    1    1    1    1  5.26199E+12 0.00771 
   24   24    1    1    1    1    1    1    1    1  8.15201E+12 0.00627 
   25   25    1    1    1    1    1    1    1    1  9.51533E+12 0.00459 
   26   26    1    1    1    1    1    1    1    1  1.44376E+13 0.00370 
   27   27    1    1    1    1    1    1    1    1  1.98558E+13 0.00220 
   28   28    1    1    1    1    1    1    1    1  2.76086E+13 0.00374 
   29   29    1    1    1    1    1    1    1    1  3.28190E+13 0.00350 
   30   30    1    1    1    1    1    1    1    1  4.90348E+13 0.00279 
   31   31    1    1    1    1    1    1    1    1  7.30553E+13 0.00184 
   32   32    1    1    1    1    1    1    1    1  8.49627E+13 0.00148 
   33   33    1    1    1    1    1    1    1    1  1.33506E+14 0.00182 
   34   34    1    1    1    1    1    1    1    1  1.41799E+14 0.00143 
   35   35    1    1    1    1    1    1    1    1  1.46130E+14 0.00122 
   36   36    1    1    1    1    1    1    1    1  9.71922E+13 0.00128 
   37   37    1    1    1    1    1    1    1    1  2.79199E+13 0.00137 
   38   38    1    1    1    1    1    1    1    1  1.39509E+14 0.00117 
   39   39    1    1    1    1    1    1    1    1  1.64643E+14 0.00090 
   40   40    1    1    1    1    1    1    1    1  2.69457E+14 0.00088 
   41   41    1    1    1    1    1    1    1    1  2.37551E+14 0.00082 
   42   42    1    1    1    1    1    1    1    1  4.30876E+14 0.00082 
   43   43    1    1    1    1    1    1    1    1  4.56549E+14 0.00083 
   44   44    1    1    1    1    1    1    1    1  5.74710E+14 0.00067 
   45   45    1    1    1    1    1    1    1    1  9.94531E+14 0.00067 
   46   46    1    1    1    1    1    1    1    1  4.98491E+14 0.00067 
   47   47    1    1    1    1    1    1    1    1  6.94929E+14 0.00069 
   48   48    1    1    1    1    1    1    1    1  9.46921E+14 0.00076 
   49   49    1    1    1    1    1    1    1    1  8.28891E+14 0.00090 
   50   50    1    1    1    1    1    1    1    1  1.27724E+15 0.00072 
   51   51    1    1    1    1    1    1    1    1  9.59023E+14 0.00088 
   52   52    1    1    1    1    1    1    1    1  1.09996E+15 0.00098 
   53   53    1    1    1    1    1    1    1    1  7.65120E+14 0.00078 
   54   54    1    1    1    1    1    1    1    1  9.39778E+14 0.00102 
   55   55    1    1    1    1    1    1    1    1  6.57135E+14 0.00092 
   56   56    1    1    1    1    1    1    1    1  8.96008E+13 0.00154 
   57   57    1    1    1    1    1    1    1    1  1.25695E+15 0.00107 
   58   58    1    1    1    1    1    1    1    1  5.64348E+14 0.00103 
   59   59    1    1    1    1    1    1    1    1  6.00021E+14 0.00111 
   60   60    1    1    1    1    1    1    1    1  4.84023E+14 0.00109 
   61   61    1    1    1    1    1    1    1    1  4.79228E+14 0.00108 
   62   62    1    1    1    1    1    1    1    1  4.80236E+14 0.00127 
   63   63    1    1    1    1    1    1    1    1  3.99800E+14 0.00131 
   64   64    1    1    1    1    1    1    1    1  3.13510E+14 0.00146 
   65   65    1    1    1    1    1    1    1    1  3.04806E+14 0.00153 
   66   66    1    1    1    1    1    1    1    1  2.40904E+14 0.00138 
   67   67    1    1    1    1    1    1    1    1  1.95352E+14 0.00171 
   68   68    1    1    1    1    1    1    1    1  1.70923E+14 0.00155 
   69   69    1    1    1    1    1    1    1    1  2.06072E+14 0.00165 
   70   70    1    1    1    1    1    1    1    1  1.74467E+14 0.00127 
   71   71    1    1    1    1    1    1    1    1  3.14478E+14 0.00135 
   72   72    1    1    1    1    1    1    1    1  2.24152E+14 0.00164 
   73   73    1    1    1    1    1    1    1    1  1.71818E+14 0.00199 
   74   74    1    1    1    1    1    1    1    1  1.40169E+14 0.00176 
   75   75    1    1    1    1    1    1    1    1  1.16722E+14 0.00182 
   76   76    1    1    1    1    1    1    1    1  1.35046E+14 0.00160 
   77   77    1    1    1    1    1    1    1    1  1.06615E+14 0.00218 
   78   78    1    1    1    1    1    1    1    1  8.30289E+13 0.00217 
   79   79    1    1    1    1    1    1    1    1  8.56595E+13 0.00260 
   80   80    1    1    1    1    1    1    1    1  6.34808E+13 0.00288 
   81   81    1    1    1    1    1    1    1    1  4.85600E+13 0.00273 
   82   82    1    1    1    1    1    1    1    1  3.72027E+13 0.00323 
   83   83    1    1    1    1    1    1    1    1  3.42771E+13 0.00290 
   84   84    1    1    1    1    1    1    1    1  2.42521E+13 0.00347 
   85   85    1    1    1    1    1    1    1    1  1.73381E+13 0.00415 
   86   86    1    1    1    1    1    1    1    1  1.59326E+13 0.00396 
   87   87    1    1    1    1    1    1    1    1  9.56126E+12 0.00633 
   88   88    1    1    1    1    1    1    1    1  6.13432E+12 0.00650 
   89   89    1    1    1    1    1    1    1    1  3.45714E+12 0.00627 
   90   90    1    1    1    1    1    1    1    1  2.22519E+12 0.00980 
   91   91    1    1    1    1    1    1    1    1  1.01173E+12 0.01495 
   92   92    1    1    1    1    1    1    1    1  4.88812E+11 0.02501 
   93   93    1    1    1    1    1    1    1    1  2.30948E+11 0.02730 
   94   94    1    1    1    1    1    1    1    1  1.13621E+11 0.04465 
   95   95    1    1    1    1    1    1    1    1  5.14329E+10 0.05122 
   96   96    1    1    1    1    1    1    1    1  2.14649E+10 0.08758 
   97   97    1    1    1    1    1    1    1    1  1.01048E+10 0.20548 
   98   98    1    1    1    1    1    1    1    1  4.15647E+09 0.25378 
   99   99    1    1    1    1    1    1    1    1  2.39040E+09 0.39833 
  100  100    1    1    1    1    1    1    1    1  8.89324E+08 0.37895 
];


