
DETdpaspec = [
    1    1    1    1    1    1    1    1    1    1  0.00000E+00 0.00000 
    2    2    1    1    1    1    1    1    1    1  0.00000E+00 0.00000 
    3    3    1    1    1    1    1    1    1    1  0.00000E+00 0.00000 
    4    4    1    1    1    1    1    1    1    1  0.00000E+00 0.00000 
    5    5    1    1    1    1    1    1    1    1  0.00000E+00 0.00000 
    6    6    1    1    1    1    1    1    1    1  0.00000E+00 0.00000 
    7    7    1    1    1    1    1    1    1    1  0.00000E+00 0.00000 
    8    8    1    1    1    1    1    1    1    1  0.00000E+00 0.00000 
    9    9    1    1    1    1    1    1    1    1  0.00000E+00 0.00000 
   10   10    1    1    1    1    1    1    1    1  0.00000E+00 0.00000 
   11   11    1    1    1    1    1    1    1    1  0.00000E+00 0.00000 
   12   12    1    1    1    1    1    1    1    1  0.00000E+00 0.00000 
   13   13    1    1    1    1    1    1    1    1  9.84539E+08 0.55677 
   14   14    1    1    1    1    1    1    1    1  1.22768E+09 0.48192 
   15   15    1    1    1    1    1    1    1    1  3.77309E+08 0.52098 
   16   16    1    1    1    1    1    1    1    1  2.45030E+08 0.57483 
   17   17    1    1    1    1    1    1    1    1  3.73327E+09 0.29848 
   18   18    1    1    1    1    1    1    1    1  8.09065E+09 0.29521 
   19   19    1    1    1    1    1    1    1    1  1.65639E+10 0.13509 
   20   20    1    1    1    1    1    1    1    1  8.81126E+10 0.06313 
   21   21    1    1    1    1    1    1    1    1  2.67082E+11 0.03812 
   22   22    1    1    1    1    1    1    1    1  9.46082E+11 0.02022 
   23   23    1    1    1    1    1    1    1    1  2.45360E+12 0.01214 
   24   24    1    1    1    1    1    1    1    1  4.61700E+12 0.00647 
   25   25    1    1    1    1    1    1    1    1  5.79634E+12 0.00684 
   26   26    1    1    1    1    1    1    1    1  9.44752E+12 0.00560 
   27   27    1    1    1    1    1    1    1    1  1.37431E+13 0.00440 
   28   28    1    1    1    1    1    1    1    1  2.06878E+13 0.00389 
   29   29    1    1    1    1    1    1    1    1  2.58552E+13 0.00270 
   30   30    1    1    1    1    1    1    1    1  3.98349E+13 0.00243 
   31   31    1    1    1    1    1    1    1    1  6.33315E+13 0.00195 
   32   32    1    1    1    1    1    1    1    1  7.55473E+13 0.00186 
   33   33    1    1    1    1    1    1    1    1  1.22395E+14 0.00145 
   34   34    1    1    1    1    1    1    1    1  1.33185E+14 0.00146 
   35   35    1    1    1    1    1    1    1    1  1.39625E+14 0.00092 
   36   36    1    1    1    1    1    1    1    1  9.39772E+13 0.00078 
   37   37    1    1    1    1    1    1    1    1  2.71780E+13 0.00111 
   38   38    1    1    1    1    1    1    1    1  1.36178E+14 0.00131 
   39   39    1    1    1    1    1    1    1    1  1.61722E+14 0.00099 
   40   40    1    1    1    1    1    1    1    1  2.66178E+14 0.00067 
   41   41    1    1    1    1    1    1    1    1  2.36036E+14 0.00053 
   42   42    1    1    1    1    1    1    1    1  4.30776E+14 0.00083 
   43   43    1    1    1    1    1    1    1    1  4.59059E+14 0.00084 
   44   44    1    1    1    1    1    1    1    1  5.82228E+14 0.00074 
   45   45    1    1    1    1    1    1    1    1  1.01620E+15 0.00062 
   46   46    1    1    1    1    1    1    1    1  5.13519E+14 0.00096 
   47   47    1    1    1    1    1    1    1    1  7.18818E+14 0.00067 
   48   48    1    1    1    1    1    1    1    1  9.85687E+14 0.00052 
   49   49    1    1    1    1    1    1    1    1  8.67357E+14 0.00055 
   50   50    1    1    1    1    1    1    1    1  1.34475E+15 0.00046 
   51   51    1    1    1    1    1    1    1    1  1.01824E+15 0.00047 
   52   52    1    1    1    1    1    1    1    1  1.17262E+15 0.00046 
   53   53    1    1    1    1    1    1    1    1  8.20936E+14 0.00077 
   54   54    1    1    1    1    1    1    1    1  1.01339E+15 0.00052 
   55   55    1    1    1    1    1    1    1    1  7.10725E+14 0.00048 
   56   56    1    1    1    1    1    1    1    1  9.70669E+13 0.00103 
   57   57    1    1    1    1    1    1    1    1  1.36386E+15 0.00053 
   58   58    1    1    1    1    1    1    1    1  6.15429E+14 0.00063 
   59   59    1    1    1    1    1    1    1    1  6.56699E+14 0.00054 
   60   60    1    1    1    1    1    1    1    1  5.31880E+14 0.00072 
   61   61    1    1    1    1    1    1    1    1  5.28245E+14 0.00082 
   62   62    1    1    1    1    1    1    1    1  5.30746E+14 0.00097 
   63   63    1    1    1    1    1    1    1    1  4.44797E+14 0.00083 
   64   64    1    1    1    1    1    1    1    1  3.50170E+14 0.00105 
   65   65    1    1    1    1    1    1    1    1  3.41004E+14 0.00112 
   66   66    1    1    1    1    1    1    1    1  2.70407E+14 0.00083 
   67   67    1    1    1    1    1    1    1    1  2.19819E+14 0.00108 
   68   68    1    1    1    1    1    1    1    1  1.92716E+14 0.00089 
   69   69    1    1    1    1    1    1    1    1  2.32859E+14 0.00099 
   70   70    1    1    1    1    1    1    1    1  1.98200E+14 0.00152 
   71   71    1    1    1    1    1    1    1    1  3.59291E+14 0.00105 
   72   72    1    1    1    1    1    1    1    1  2.57075E+14 0.00122 
   73   73    1    1    1    1    1    1    1    1  1.98009E+14 0.00123 
   74   74    1    1    1    1    1    1    1    1  1.62428E+14 0.00111 
   75   75    1    1    1    1    1    1    1    1  1.35351E+14 0.00178 
   76   76    1    1    1    1    1    1    1    1  1.57364E+14 0.00147 
   77   77    1    1    1    1    1    1    1    1  1.25126E+14 0.00144 
   78   78    1    1    1    1    1    1    1    1  9.76631E+13 0.00138 
   79   79    1    1    1    1    1    1    1    1  1.01342E+14 0.00189 
   80   80    1    1    1    1    1    1    1    1  7.55088E+13 0.00201 
   81   81    1    1    1    1    1    1    1    1  5.81275E+13 0.00230 
   82   82    1    1    1    1    1    1    1    1  4.45663E+13 0.00219 
   83   83    1    1    1    1    1    1    1    1  4.14479E+13 0.00234 
   84   84    1    1    1    1    1    1    1    1  2.97454E+13 0.00290 
   85   85    1    1    1    1    1    1    1    1  2.11835E+13 0.00372 
   86   86    1    1    1    1    1    1    1    1  1.96684E+13 0.00344 
   87   87    1    1    1    1    1    1    1    1  1.18962E+13 0.00394 
   88   88    1    1    1    1    1    1    1    1  7.89087E+12 0.00471 
   89   89    1    1    1    1    1    1    1    1  4.39632E+12 0.00711 
   90   90    1    1    1    1    1    1    1    1  2.89101E+12 0.00687 
   91   91    1    1    1    1    1    1    1    1  1.40264E+12 0.01543 
   92   92    1    1    1    1    1    1    1    1  6.85551E+11 0.01859 
   93   93    1    1    1    1    1    1    1    1  3.01211E+11 0.02307 
   94   94    1    1    1    1    1    1    1    1  1.41621E+11 0.03221 
   95   95    1    1    1    1    1    1    1    1  6.64932E+10 0.04602 
   96   96    1    1    1    1    1    1    1    1  3.47246E+10 0.07389 
   97   97    1    1    1    1    1    1    1    1  1.85891E+10 0.12587 
   98   98    1    1    1    1    1    1    1    1  5.35359E+09 0.14839 
   99   99    1    1    1    1    1    1    1    1  3.49748E+09 0.26425 
  100  100    1    1    1    1    1    1    1    1  2.39961E+09 0.27982 
];


