
DETdpaspec = [
    1    1    1    1    1    1    1    1    1    1  0.00000E+00 0.00000 
    2    2    1    1    1    1    1    1    1    1  4.11398E+06 1.00000 
    3    3    1    1    1    1    1    1    1    1  0.00000E+00 0.00000 
    4    4    1    1    1    1    1    1    1    1  0.00000E+00 0.00000 
    5    5    1    1    1    1    1    1    1    1  6.42190E+06 1.00000 
    6    6    1    1    1    1    1    1    1    1  5.62469E+06 1.00000 
    7    7    1    1    1    1    1    1    1    1  1.54727E+07 0.69254 
    8    8    1    1    1    1    1    1    1    1  7.41699E+06 1.00000 
    9    9    1    1    1    1    1    1    1    1  0.00000E+00 0.00000 
   10   10    1    1    1    1    1    1    1    1  4.69444E+07 0.69825 
   11   11    1    1    1    1    1    1    1    1  9.33551E+07 1.00000 
   12   12    1    1    1    1    1    1    1    1  2.51990E+07 1.00000 
   13   13    1    1    1    1    1    1    1    1  6.37252E+08 0.51394 
   14   14    1    1    1    1    1    1    1    1  2.49436E+09 0.27618 
   15   15    1    1    1    1    1    1    1    1  3.24592E+09 0.25934 
   16   16    1    1    1    1    1    1    1    1  1.42387E+09 0.26063 
   17   17    1    1    1    1    1    1    1    1  1.70369E+09 0.25954 
   18   18    1    1    1    1    1    1    1    1  3.91626E+09 0.16955 
   19   19    1    1    1    1    1    1    1    1  5.16489E+09 0.14623 
   20   20    1    1    1    1    1    1    1    1  1.79713E+10 0.09878 
   21   21    1    1    1    1    1    1    1    1  1.38612E+10 0.10654 
   22   22    1    1    1    1    1    1    1    1  3.70623E+10 0.05773 
   23   23    1    1    1    1    1    1    1    1  5.90923E+10 0.06752 
   24   24    1    1    1    1    1    1    1    1  1.25422E+11 0.04406 
   25   25    1    1    1    1    1    1    1    1  1.91748E+11 0.03364 
   26   26    1    1    1    1    1    1    1    1  3.83976E+11 0.02040 
   27   27    1    1    1    1    1    1    1    1  8.18452E+11 0.01626 
   28   28    1    1    1    1    1    1    1    1  1.90908E+12 0.01342 
   29   29    1    1    1    1    1    1    1    1  2.85548E+12 0.01053 
   30   30    1    1    1    1    1    1    1    1  6.49718E+12 0.00646 
   31   31    1    1    1    1    1    1    1    1  1.52780E+13 0.00436 
   32   32    1    1    1    1    1    1    1    1  2.26349E+13 0.00388 
   33   33    1    1    1    1    1    1    1    1  4.50659E+13 0.00216 
   34   34    1    1    1    1    1    1    1    1  5.39804E+13 0.00193 
   35   35    1    1    1    1    1    1    1    1  7.19641E+13 0.00154 
   36   36    1    1    1    1    1    1    1    1  5.53918E+13 0.00175 
   37   37    1    1    1    1    1    1    1    1  1.71177E+13 0.00188 
   38   38    1    1    1    1    1    1    1    1  8.45237E+13 0.00170 
   39   39    1    1    1    1    1    1    1    1  1.04149E+14 0.00139 
   40   40    1    1    1    1    1    1    1    1  1.75350E+14 0.00110 
   41   41    1    1    1    1    1    1    1    1  1.66921E+14 0.00120 
   42   42    1    1    1    1    1    1    1    1  3.08632E+14 0.00103 
   43   43    1    1    1    1    1    1    1    1  3.41219E+14 0.00101 
   44   44    1    1    1    1    1    1    1    1  4.46755E+14 0.00075 
   45   45    1    1    1    1    1    1    1    1  8.07970E+14 0.00060 
   46   46    1    1    1    1    1    1    1    1  4.27446E+14 0.00084 
   47   47    1    1    1    1    1    1    1    1  6.16562E+14 0.00080 
   48   48    1    1    1    1    1    1    1    1  8.67687E+14 0.00069 
   49   49    1    1    1    1    1    1    1    1  7.90092E+14 0.00059 
   50   50    1    1    1    1    1    1    1    1  1.23797E+15 0.00066 
   51   51    1    1    1    1    1    1    1    1  9.76192E+14 0.00058 
   52   52    1    1    1    1    1    1    1    1  1.12722E+15 0.00053 
   53   53    1    1    1    1    1    1    1    1  8.08825E+14 0.00058 
   54   54    1    1    1    1    1    1    1    1  9.93728E+14 0.00069 
   55   55    1    1    1    1    1    1    1    1  7.07278E+14 0.00069 
   56   56    1    1    1    1    1    1    1    1  9.75471E+13 0.00096 
   57   57    1    1    1    1    1    1    1    1  1.38126E+15 0.00057 
   58   58    1    1    1    1    1    1    1    1  6.16788E+14 0.00069 
   59   59    1    1    1    1    1    1    1    1  6.72140E+14 0.00069 
   60   60    1    1    1    1    1    1    1    1  5.38508E+14 0.00076 
   61   61    1    1    1    1    1    1    1    1  5.39603E+14 0.00088 
   62   62    1    1    1    1    1    1    1    1  5.45490E+14 0.00073 
   63   63    1    1    1    1    1    1    1    1  4.58152E+14 0.00081 
   64   64    1    1    1    1    1    1    1    1  3.63224E+14 0.00090 
   65   65    1    1    1    1    1    1    1    1  3.57733E+14 0.00120 
   66   66    1    1    1    1    1    1    1    1  2.85008E+14 0.00106 
   67   67    1    1    1    1    1    1    1    1  2.33947E+14 0.00130 
   68   68    1    1    1    1    1    1    1    1  2.06712E+14 0.00118 
   69   69    1    1    1    1    1    1    1    1  2.51649E+14 0.00108 
   70   70    1    1    1    1    1    1    1    1  2.16584E+14 0.00115 
   71   71    1    1    1    1    1    1    1    1  4.03762E+14 0.00096 
   72   72    1    1    1    1    1    1    1    1  2.94764E+14 0.00102 
   73   73    1    1    1    1    1    1    1    1  2.28416E+14 0.00132 
   74   74    1    1    1    1    1    1    1    1  1.85581E+14 0.00094 
   75   75    1    1    1    1    1    1    1    1  1.53379E+14 0.00142 
   76   76    1    1    1    1    1    1    1    1  1.76587E+14 0.00167 
   77   77    1    1    1    1    1    1    1    1  1.38676E+14 0.00168 
   78   78    1    1    1    1    1    1    1    1  1.07802E+14 0.00185 
   79   79    1    1    1    1    1    1    1    1  1.11442E+14 0.00131 
   80   80    1    1    1    1    1    1    1    1  8.33622E+13 0.00187 
   81   81    1    1    1    1    1    1    1    1  6.44100E+13 0.00225 
   82   82    1    1    1    1    1    1    1    1  4.96135E+13 0.00194 
   83   83    1    1    1    1    1    1    1    1  4.62772E+13 0.00233 
   84   84    1    1    1    1    1    1    1    1  3.34511E+13 0.00261 
   85   85    1    1    1    1    1    1    1    1  2.40332E+13 0.00250 
   86   86    1    1    1    1    1    1    1    1  2.25037E+13 0.00439 
   87   87    1    1    1    1    1    1    1    1  1.40253E+13 0.00408 
   88   88    1    1    1    1    1    1    1    1  9.30537E+12 0.00504 
   89   89    1    1    1    1    1    1    1    1  5.35643E+12 0.00673 
   90   90    1    1    1    1    1    1    1    1  3.58667E+12 0.00796 
   91   91    1    1    1    1    1    1    1    1  1.84380E+12 0.01046 
   92   92    1    1    1    1    1    1    1    1  8.72108E+11 0.01805 
   93   93    1    1    1    1    1    1    1    1  4.01280E+11 0.02557 
   94   94    1    1    1    1    1    1    1    1  1.97994E+11 0.02689 
   95   95    1    1    1    1    1    1    1    1  9.99774E+10 0.03971 
   96   96    1    1    1    1    1    1    1    1  4.70490E+10 0.09010 
   97   97    1    1    1    1    1    1    1    1  2.30855E+10 0.12476 
   98   98    1    1    1    1    1    1    1    1  8.94145E+09 0.18147 
   99   99    1    1    1    1    1    1    1    1  4.64584E+09 0.20696 
  100  100    1    1    1    1    1    1    1    1  3.44977E+09 0.32937 
];


