
DETdpaspec = [
    1    1    1    1    1    1    1    1    1    1  0.00000E+00 0.00000 
    2    2    1    1    1    1    1    1    1    1  5.71940E+06 1.00000 
    3    3    1    1    1    1    1    1    1    1  0.00000E+00 0.00000 
    4    4    1    1    1    1    1    1    1    1  0.00000E+00 0.00000 
    5    5    1    1    1    1    1    1    1    1  0.00000E+00 0.00000 
    6    6    1    1    1    1    1    1    1    1  0.00000E+00 0.00000 
    7    7    1    1    1    1    1    1    1    1  0.00000E+00 0.00000 
    8    8    1    1    1    1    1    1    1    1  0.00000E+00 0.00000 
    9    9    1    1    1    1    1    1    1    1  0.00000E+00 0.00000 
   10   10    1    1    1    1    1    1    1    1  2.93372E+07 1.00000 
   11   11    1    1    1    1    1    1    1    1  0.00000E+00 0.00000 
   12   12    1    1    1    1    1    1    1    1  1.77991E+08 0.80087 
   13   13    1    1    1    1    1    1    1    1  4.66876E+08 0.50992 
   14   14    1    1    1    1    1    1    1    1  1.52263E+09 0.52278 
   15   15    1    1    1    1    1    1    1    1  2.39718E+09 0.35492 
   16   16    1    1    1    1    1    1    1    1  1.00057E+09 0.37890 
   17   17    1    1    1    1    1    1    1    1  1.71411E+09 0.46997 
   18   18    1    1    1    1    1    1    1    1  3.92624E+09 0.19013 
   19   19    1    1    1    1    1    1    1    1  3.66119E+09 0.26836 
   20   20    1    1    1    1    1    1    1    1  9.43922E+09 0.16047 
   21   21    1    1    1    1    1    1    1    1  1.05033E+10 0.13766 
   22   22    1    1    1    1    1    1    1    1  3.26112E+10 0.07079 
   23   23    1    1    1    1    1    1    1    1  1.33903E+11 0.04269 
   24   24    1    1    1    1    1    1    1    1  3.32545E+11 0.03451 
   25   25    1    1    1    1    1    1    1    1  6.06504E+11 0.01753 
   26   26    1    1    1    1    1    1    1    1  1.22849E+12 0.01291 
   27   27    1    1    1    1    1    1    1    1  2.34327E+12 0.01127 
   28   28    1    1    1    1    1    1    1    1  4.86367E+12 0.00804 
   29   29    1    1    1    1    1    1    1    1  7.14472E+12 0.00813 
   30   30    1    1    1    1    1    1    1    1  1.33165E+13 0.00527 
   31   31    1    1    1    1    1    1    1    1  2.75868E+13 0.00303 
   32   32    1    1    1    1    1    1    1    1  3.71989E+13 0.00335 
   33   33    1    1    1    1    1    1    1    1  6.83609E+13 0.00235 
   34   34    1    1    1    1    1    1    1    1  8.06635E+13 0.00200 
   35   35    1    1    1    1    1    1    1    1  9.48417E+13 0.00156 
   36   36    1    1    1    1    1    1    1    1  6.86467E+13 0.00125 
   37   37    1    1    1    1    1    1    1    1  2.04480E+13 0.00150 
   38   38    1    1    1    1    1    1    1    1  1.02679E+14 0.00131 
   39   39    1    1    1    1    1    1    1    1  1.25212E+14 0.00118 
   40   40    1    1    1    1    1    1    1    1  2.10508E+14 0.00105 
   41   41    1    1    1    1    1    1    1    1  1.93042E+14 0.00123 
   42   42    1    1    1    1    1    1    1    1  3.57326E+14 0.00089 
   43   43    1    1    1    1    1    1    1    1  3.90083E+14 0.00111 
   44   44    1    1    1    1    1    1    1    1  5.05245E+14 0.00080 
   45   45    1    1    1    1    1    1    1    1  9.04539E+14 0.00068 
   46   46    1    1    1    1    1    1    1    1  4.71143E+14 0.00079 
   47   47    1    1    1    1    1    1    1    1  6.69780E+14 0.00078 
   48   48    1    1    1    1    1    1    1    1  9.36714E+14 0.00059 
   49   49    1    1    1    1    1    1    1    1  8.39588E+14 0.00064 
   50   50    1    1    1    1    1    1    1    1  1.32075E+15 0.00046 
   51   51    1    1    1    1    1    1    1    1  1.02141E+15 0.00056 
   52   52    1    1    1    1    1    1    1    1  1.18676E+15 0.00046 
   53   53    1    1    1    1    1    1    1    1  8.42807E+14 0.00054 
   54   54    1    1    1    1    1    1    1    1  1.04641E+15 0.00044 
   55   55    1    1    1    1    1    1    1    1  7.40912E+14 0.00046 
   56   56    1    1    1    1    1    1    1    1  1.01834E+14 0.00123 
   57   57    1    1    1    1    1    1    1    1  1.43865E+15 0.00044 
   58   58    1    1    1    1    1    1    1    1  6.50382E+14 0.00056 
   59   59    1    1    1    1    1    1    1    1  7.02829E+14 0.00061 
   60   60    1    1    1    1    1    1    1    1  5.69921E+14 0.00075 
   61   61    1    1    1    1    1    1    1    1  5.68909E+14 0.00055 
   62   62    1    1    1    1    1    1    1    1  5.75107E+14 0.00055 
   63   63    1    1    1    1    1    1    1    1  4.84116E+14 0.00063 
   64   64    1    1    1    1    1    1    1    1  3.83222E+14 0.00099 
   65   65    1    1    1    1    1    1    1    1  3.75818E+14 0.00103 
   66   66    1    1    1    1    1    1    1    1  2.99873E+14 0.00079 
   67   67    1    1    1    1    1    1    1    1  2.45306E+14 0.00083 
   68   68    1    1    1    1    1    1    1    1  2.15968E+14 0.00108 
   69   69    1    1    1    1    1    1    1    1  2.62347E+14 0.00091 
   70   70    1    1    1    1    1    1    1    1  2.24840E+14 0.00132 
   71   71    1    1    1    1    1    1    1    1  4.12632E+14 0.00082 
   72   72    1    1    1    1    1    1    1    1  2.98932E+14 0.00116 
   73   73    1    1    1    1    1    1    1    1  2.30882E+14 0.00100 
   74   74    1    1    1    1    1    1    1    1  1.90064E+14 0.00108 
   75   75    1    1    1    1    1    1    1    1  1.58482E+14 0.00130 
   76   76    1    1    1    1    1    1    1    1  1.84327E+14 0.00119 
   77   77    1    1    1    1    1    1    1    1  1.46431E+14 0.00161 
   78   78    1    1    1    1    1    1    1    1  1.14813E+14 0.00173 
   79   79    1    1    1    1    1    1    1    1  1.19521E+14 0.00147 
   80   80    1    1    1    1    1    1    1    1  8.94086E+13 0.00190 
   81   81    1    1    1    1    1    1    1    1  6.92431E+13 0.00180 
   82   82    1    1    1    1    1    1    1    1  5.35864E+13 0.00205 
   83   83    1    1    1    1    1    1    1    1  4.99563E+13 0.00303 
   84   84    1    1    1    1    1    1    1    1  3.58770E+13 0.00264 
   85   85    1    1    1    1    1    1    1    1  2.59539E+13 0.00267 
   86   86    1    1    1    1    1    1    1    1  2.43593E+13 0.00242 
   87   87    1    1    1    1    1    1    1    1  1.48738E+13 0.00332 
   88   88    1    1    1    1    1    1    1    1  1.00181E+13 0.00486 
   89   89    1    1    1    1    1    1    1    1  5.67932E+12 0.00656 
   90   90    1    1    1    1    1    1    1    1  3.75260E+12 0.00864 
   91   91    1    1    1    1    1    1    1    1  1.87861E+12 0.01273 
   92   92    1    1    1    1    1    1    1    1  8.99573E+11 0.01131 
   93   93    1    1    1    1    1    1    1    1  4.42047E+11 0.01852 
   94   94    1    1    1    1    1    1    1    1  2.06786E+11 0.02639 
   95   95    1    1    1    1    1    1    1    1  9.48494E+10 0.05678 
   96   96    1    1    1    1    1    1    1    1  4.82439E+10 0.07029 
   97   97    1    1    1    1    1    1    1    1  1.84750E+10 0.12111 
   98   98    1    1    1    1    1    1    1    1  8.93149E+09 0.14736 
   99   99    1    1    1    1    1    1    1    1  5.57768E+09 0.19515 
  100  100    1    1    1    1    1    1    1    1  4.25937E+09 0.24081 
];


