
DETdpaspec = [
    1    1    1    1    1    1    1    1    1    1  0.00000E+00 0.00000 
    2    2    1    1    1    1    1    1    1    1  0.00000E+00 0.00000 
    3    3    1    1    1    1    1    1    1    1  0.00000E+00 0.00000 
    4    4    1    1    1    1    1    1    1    1  0.00000E+00 0.00000 
    5    5    1    1    1    1    1    1    1    1  0.00000E+00 0.00000 
    6    6    1    1    1    1    1    1    1    1  0.00000E+00 0.00000 
    7    7    1    1    1    1    1    1    1    1  0.00000E+00 0.00000 
    8    8    1    1    1    1    1    1    1    1  0.00000E+00 0.00000 
    9    9    1    1    1    1    1    1    1    1  0.00000E+00 0.00000 
   10   10    1    1    1    1    1    1    1    1  0.00000E+00 0.00000 
   11   11    1    1    1    1    1    1    1    1  1.26966E+08 1.00000 
   12   12    1    1    1    1    1    1    1    1  1.85274E+07 1.00000 
   13   13    1    1    1    1    1    1    1    1  6.85914E+08 0.60006 
   14   14    1    1    1    1    1    1    1    1  4.78216E+08 0.61162 
   15   15    1    1    1    1    1    1    1    1  3.74133E+08 1.00000 
   16   16    1    1    1    1    1    1    1    1  3.22986E+08 0.77427 
   17   17    1    1    1    1    1    1    1    1  1.75215E+09 0.37809 
   18   18    1    1    1    1    1    1    1    1  2.60655E+09 0.43730 
   19   19    1    1    1    1    1    1    1    1  3.45167E+09 0.22619 
   20   20    1    1    1    1    1    1    1    1  2.83857E+10 0.09598 
   21   21    1    1    1    1    1    1    1    1  6.88337E+10 0.05624 
   22   22    1    1    1    1    1    1    1    1  2.99425E+11 0.02946 
   23   23    1    1    1    1    1    1    1    1  9.67129E+11 0.01352 
   24   24    1    1    1    1    1    1    1    1  2.17505E+12 0.00820 
   25   25    1    1    1    1    1    1    1    1  3.01971E+12 0.00896 
   26   26    1    1    1    1    1    1    1    1  5.26769E+12 0.00593 
   27   27    1    1    1    1    1    1    1    1  8.37230E+12 0.00732 
   28   28    1    1    1    1    1    1    1    1  1.38631E+13 0.00391 
   29   29    1    1    1    1    1    1    1    1  1.83691E+13 0.00332 
   30   30    1    1    1    1    1    1    1    1  2.95970E+13 0.00339 
   31   31    1    1    1    1    1    1    1    1  5.05747E+13 0.00234 
   32   32    1    1    1    1    1    1    1    1  6.27829E+13 0.00193 
   33   33    1    1    1    1    1    1    1    1  1.05099E+14 0.00158 
   34   34    1    1    1    1    1    1    1    1  1.17326E+14 0.00138 
   35   35    1    1    1    1    1    1    1    1  1.26739E+14 0.00117 
   36   36    1    1    1    1    1    1    1    1  8.71504E+13 0.00100 
   37   37    1    1    1    1    1    1    1    1  2.53220E+13 0.00143 
   38   38    1    1    1    1    1    1    1    1  1.27115E+14 0.00101 
   39   39    1    1    1    1    1    1    1    1  1.52220E+14 0.00109 
   40   40    1    1    1    1    1    1    1    1  2.51870E+14 0.00111 
   41   41    1    1    1    1    1    1    1    1  2.25158E+14 0.00101 
   42   42    1    1    1    1    1    1    1    1  4.12773E+14 0.00082 
   43   43    1    1    1    1    1    1    1    1  4.43000E+14 0.00088 
   44   44    1    1    1    1    1    1    1    1  5.65296E+14 0.00066 
   45   45    1    1    1    1    1    1    1    1  9.94621E+14 0.00037 
   46   46    1    1    1    1    1    1    1    1  5.07861E+14 0.00070 
   47   47    1    1    1    1    1    1    1    1  7.13424E+14 0.00076 
   48   48    1    1    1    1    1    1    1    1  9.83252E+14 0.00072 
   49   49    1    1    1    1    1    1    1    1  8.69397E+14 0.00056 
   50   50    1    1    1    1    1    1    1    1  1.35636E+15 0.00040 
   51   51    1    1    1    1    1    1    1    1  1.03267E+15 0.00045 
   52   52    1    1    1    1    1    1    1    1  1.19405E+15 0.00047 
   53   53    1    1    1    1    1    1    1    1  8.40056E+14 0.00065 
   54   54    1    1    1    1    1    1    1    1  1.03932E+15 0.00035 
   55   55    1    1    1    1    1    1    1    1  7.31339E+14 0.00054 
   56   56    1    1    1    1    1    1    1    1  1.00003E+14 0.00070 
   57   57    1    1    1    1    1    1    1    1  1.40862E+15 0.00051 
   58   58    1    1    1    1    1    1    1    1  6.36507E+14 0.00067 
   59   59    1    1    1    1    1    1    1    1  6.83742E+14 0.00058 
   60   60    1    1    1    1    1    1    1    1  5.54308E+14 0.00072 
   61   61    1    1    1    1    1    1    1    1  5.51764E+14 0.00078 
   62   62    1    1    1    1    1    1    1    1  5.54582E+14 0.00072 
   63   63    1    1    1    1    1    1    1    1  4.65501E+14 0.00084 
   64   64    1    1    1    1    1    1    1    1  3.67065E+14 0.00064 
   65   65    1    1    1    1    1    1    1    1  3.59648E+14 0.00085 
   66   66    1    1    1    1    1    1    1    1  2.85214E+14 0.00076 
   67   67    1    1    1    1    1    1    1    1  2.31643E+14 0.00085 
   68   68    1    1    1    1    1    1    1    1  2.03417E+14 0.00090 
   69   69    1    1    1    1    1    1    1    1  2.46709E+14 0.00097 
   70   70    1    1    1    1    1    1    1    1  2.10649E+14 0.00095 
   71   71    1    1    1    1    1    1    1    1  3.82879E+14 0.00102 
   72   72    1    1    1    1    1    1    1    1  2.75327E+14 0.00085 
   73   73    1    1    1    1    1    1    1    1  2.12587E+14 0.00124 
   74   74    1    1    1    1    1    1    1    1  1.74318E+14 0.00132 
   75   75    1    1    1    1    1    1    1    1  1.45513E+14 0.00131 
   76   76    1    1    1    1    1    1    1    1  1.69915E+14 0.00104 
   77   77    1    1    1    1    1    1    1    1  1.34990E+14 0.00135 
   78   78    1    1    1    1    1    1    1    1  1.05591E+14 0.00161 
   79   79    1    1    1    1    1    1    1    1  1.10055E+14 0.00144 
   80   80    1    1    1    1    1    1    1    1  8.24650E+13 0.00131 
   81   81    1    1    1    1    1    1    1    1  6.36405E+13 0.00264 
   82   82    1    1    1    1    1    1    1    1  4.88985E+13 0.00190 
   83   83    1    1    1    1    1    1    1    1  4.55965E+13 0.00173 
   84   84    1    1    1    1    1    1    1    1  3.26653E+13 0.00299 
   85   85    1    1    1    1    1    1    1    1  2.35315E+13 0.00340 
   86   86    1    1    1    1    1    1    1    1  2.19115E+13 0.00263 
   87   87    1    1    1    1    1    1    1    1  1.33852E+13 0.00441 
   88   88    1    1    1    1    1    1    1    1  8.87357E+12 0.00459 
   89   89    1    1    1    1    1    1    1    1  5.06779E+12 0.00693 
   90   90    1    1    1    1    1    1    1    1  3.30869E+12 0.00672 
   91   91    1    1    1    1    1    1    1    1  1.58105E+12 0.01275 
   92   92    1    1    1    1    1    1    1    1  7.98616E+11 0.01593 
   93   93    1    1    1    1    1    1    1    1  3.75186E+11 0.01810 
   94   94    1    1    1    1    1    1    1    1  1.73805E+11 0.04545 
   95   95    1    1    1    1    1    1    1    1  8.62447E+10 0.04673 
   96   96    1    1    1    1    1    1    1    1  3.81584E+10 0.07087 
   97   97    1    1    1    1    1    1    1    1  1.87856E+10 0.12937 
   98   98    1    1    1    1    1    1    1    1  7.69165E+09 0.23658 
   99   99    1    1    1    1    1    1    1    1  5.24997E+09 0.20956 
  100  100    1    1    1    1    1    1    1    1  3.04333E+09 0.35347 
];


