
DETdpaspec = [
    1    1    1    1    1    1    1    1    1    1  0.00000E+00 0.00000 
    2    2    1    1    1    1    1    1    1    1  0.00000E+00 0.00000 
    3    3    1    1    1    1    1    1    1    1  0.00000E+00 0.00000 
    4    4    1    1    1    1    1    1    1    1  0.00000E+00 0.00000 
    5    5    1    1    1    1    1    1    1    1  0.00000E+00 0.00000 
    6    6    1    1    1    1    1    1    1    1  1.79985E+07 1.00000 
    7    7    1    1    1    1    1    1    1    1  3.80702E+07 1.00000 
    8    8    1    1    1    1    1    1    1    1  0.00000E+00 0.00000 
    9    9    1    1    1    1    1    1    1    1  0.00000E+00 0.00000 
   10   10    1    1    1    1    1    1    1    1  0.00000E+00 0.00000 
   11   11    1    1    1    1    1    1    1    1  0.00000E+00 0.00000 
   12   12    1    1    1    1    1    1    1    1  8.64306E+07 1.00000 
   13   13    1    1    1    1    1    1    1    1  9.92028E+08 0.58134 
   14   14    1    1    1    1    1    1    1    1  1.19955E+09 0.42637 
   15   15    1    1    1    1    1    1    1    1  1.52930E+09 0.31134 
   16   16    1    1    1    1    1    1    1    1  5.60945E+08 0.47054 
   17   17    1    1    1    1    1    1    1    1  1.15278E+09 0.36113 
   18   18    1    1    1    1    1    1    1    1  1.72018E+09 0.26668 
   19   19    1    1    1    1    1    1    1    1  4.35489E+09 0.25242 
   20   20    1    1    1    1    1    1    1    1  1.70433E+10 0.14431 
   21   21    1    1    1    1    1    1    1    1  2.94172E+10 0.07957 
   22   22    1    1    1    1    1    1    1    1  1.42906E+11 0.02512 
   23   23    1    1    1    1    1    1    1    1  5.35651E+11 0.01894 
   24   24    1    1    1    1    1    1    1    1  1.27187E+12 0.01515 
   25   25    1    1    1    1    1    1    1    1  1.94408E+12 0.01113 
   26   26    1    1    1    1    1    1    1    1  3.43245E+12 0.00782 
   27   27    1    1    1    1    1    1    1    1  5.78967E+12 0.00562 
   28   28    1    1    1    1    1    1    1    1  1.03469E+13 0.00405 
   29   29    1    1    1    1    1    1    1    1  1.41113E+13 0.00515 
   30   30    1    1    1    1    1    1    1    1  2.37226E+13 0.00312 
   31   31    1    1    1    1    1    1    1    1  4.29065E+13 0.00260 
   32   32    1    1    1    1    1    1    1    1  5.44448E+13 0.00227 
   33   33    1    1    1    1    1    1    1    1  9.36077E+13 0.00183 
   34   34    1    1    1    1    1    1    1    1  1.05927E+14 0.00155 
   35   35    1    1    1    1    1    1    1    1  1.17292E+14 0.00165 
   36   36    1    1    1    1    1    1    1    1  8.17221E+13 0.00122 
   37   37    1    1    1    1    1    1    1    1  2.39498E+13 0.00129 
   38   38    1    1    1    1    1    1    1    1  1.19824E+14 0.00139 
   39   39    1    1    1    1    1    1    1    1  1.44194E+14 0.00095 
   40   40    1    1    1    1    1    1    1    1  2.40085E+14 0.00080 
   41   41    1    1    1    1    1    1    1    1  2.16068E+14 0.00065 
   42   42    1    1    1    1    1    1    1    1  3.97844E+14 0.00073 
   43   43    1    1    1    1    1    1    1    1  4.28669E+14 0.00069 
   44   44    1    1    1    1    1    1    1    1  5.49674E+14 0.00087 
   45   45    1    1    1    1    1    1    1    1  9.72273E+14 0.00059 
   46   46    1    1    1    1    1    1    1    1  4.98581E+14 0.00061 
   47   47    1    1    1    1    1    1    1    1  7.03138E+14 0.00082 
   48   48    1    1    1    1    1    1    1    1  9.74018E+14 0.00085 
   49   49    1    1    1    1    1    1    1    1  8.64945E+14 0.00083 
   50   50    1    1    1    1    1    1    1    1  1.35277E+15 0.00056 
   51   51    1    1    1    1    1    1    1    1  1.03517E+15 0.00062 
   52   52    1    1    1    1    1    1    1    1  1.19848E+15 0.00056 
   53   53    1    1    1    1    1    1    1    1  8.45303E+14 0.00074 
   54   54    1    1    1    1    1    1    1    1  1.04829E+15 0.00057 
   55   55    1    1    1    1    1    1    1    1  7.38576E+14 0.00061 
   56   56    1    1    1    1    1    1    1    1  1.01258E+14 0.00119 
   57   57    1    1    1    1    1    1    1    1  1.42758E+15 0.00052 
   58   58    1    1    1    1    1    1    1    1  6.45261E+14 0.00060 
   59   59    1    1    1    1    1    1    1    1  6.93242E+14 0.00057 
   60   60    1    1    1    1    1    1    1    1  5.63258E+14 0.00081 
   61   61    1    1    1    1    1    1    1    1  5.60597E+14 0.00082 
   62   62    1    1    1    1    1    1    1    1  5.64503E+14 0.00070 
   63   63    1    1    1    1    1    1    1    1  4.74522E+14 0.00064 
   64   64    1    1    1    1    1    1    1    1  3.73980E+14 0.00080 
   65   65    1    1    1    1    1    1    1    1  3.67124E+14 0.00094 
   66   66    1    1    1    1    1    1    1    1  2.91922E+14 0.00090 
   67   67    1    1    1    1    1    1    1    1  2.38078E+14 0.00092 
   68   68    1    1    1    1    1    1    1    1  2.08884E+14 0.00084 
   69   69    1    1    1    1    1    1    1    1  2.53567E+14 0.00113 
   70   70    1    1    1    1    1    1    1    1  2.16565E+14 0.00127 
   71   71    1    1    1    1    1    1    1    1  3.95257E+14 0.00077 
   72   72    1    1    1    1    1    1    1    1  2.84496E+14 0.00110 
   73   73    1    1    1    1    1    1    1    1  2.19813E+14 0.00094 
   74   74    1    1    1    1    1    1    1    1  1.80531E+14 0.00114 
   75   75    1    1    1    1    1    1    1    1  1.50569E+14 0.00104 
   76   76    1    1    1    1    1    1    1    1  1.75913E+14 0.00101 
   77   77    1    1    1    1    1    1    1    1  1.39965E+14 0.00141 
   78   78    1    1    1    1    1    1    1    1  1.09595E+14 0.00135 
   79   79    1    1    1    1    1    1    1    1  1.14357E+14 0.00123 
   80   80    1    1    1    1    1    1    1    1  8.53794E+13 0.00167 
   81   81    1    1    1    1    1    1    1    1  6.60457E+13 0.00179 
   82   82    1    1    1    1    1    1    1    1  5.07514E+13 0.00258 
   83   83    1    1    1    1    1    1    1    1  4.75513E+13 0.00195 
   84   84    1    1    1    1    1    1    1    1  3.40731E+13 0.00318 
   85   85    1    1    1    1    1    1    1    1  2.45502E+13 0.00225 
   86   86    1    1    1    1    1    1    1    1  2.29611E+13 0.00357 
   87   87    1    1    1    1    1    1    1    1  1.39577E+13 0.00325 
   88   88    1    1    1    1    1    1    1    1  9.39263E+12 0.00489 
   89   89    1    1    1    1    1    1    1    1  5.36964E+12 0.00504 
   90   90    1    1    1    1    1    1    1    1  3.50332E+12 0.00951 
   91   91    1    1    1    1    1    1    1    1  1.76132E+12 0.01495 
   92   92    1    1    1    1    1    1    1    1  8.23322E+11 0.01579 
   93   93    1    1    1    1    1    1    1    1  3.86014E+11 0.02574 
   94   94    1    1    1    1    1    1    1    1  1.94430E+11 0.03875 
   95   95    1    1    1    1    1    1    1    1  9.04409E+10 0.06166 
   96   96    1    1    1    1    1    1    1    1  4.04171E+10 0.07072 
   97   97    1    1    1    1    1    1    1    1  2.02605E+10 0.09809 
   98   98    1    1    1    1    1    1    1    1  1.00274E+10 0.16369 
   99   99    1    1    1    1    1    1    1    1  4.71360E+09 0.29510 
  100  100    1    1    1    1    1    1    1    1  4.99183E+09 0.22579 
];


