
DETdpaspec = [
    1    1    1    1    1    1    1    1    1    1  0.00000E+00 0.00000 
    2    2    1    1    1    1    1    1    1    1  0.00000E+00 0.00000 
    3    3    1    1    1    1    1    1    1    1  0.00000E+00 0.00000 
    4    4    1    1    1    1    1    1    1    1  0.00000E+00 0.00000 
    5    5    1    1    1    1    1    1    1    1  0.00000E+00 0.00000 
    6    6    1    1    1    1    1    1    1    1  6.02680E+06 1.00000 
    7    7    1    1    1    1    1    1    1    1  0.00000E+00 0.00000 
    8    8    1    1    1    1    1    1    1    1  8.87154E+06 1.00000 
    9    9    1    1    1    1    1    1    1    1  8.32979E+06 0.68969 
   10   10    1    1    1    1    1    1    1    1  1.83693E+07 1.00000 
   11   11    1    1    1    1    1    1    1    1  4.92321E+07 0.69852 
   12   12    1    1    1    1    1    1    1    1  4.27908E+07 0.65552 
   13   13    1    1    1    1    1    1    1    1  1.17714E+09 0.39838 
   14   14    1    1    1    1    1    1    1    1  1.58212E+09 0.28122 
   15   15    1    1    1    1    1    1    1    1  1.76473E+09 0.34618 
   16   16    1    1    1    1    1    1    1    1  1.58916E+09 0.32973 
   17   17    1    1    1    1    1    1    1    1  1.46811E+09 0.26814 
   18   18    1    1    1    1    1    1    1    1  5.00917E+09 0.15700 
   19   19    1    1    1    1    1    1    1    1  4.25992E+09 0.17492 
   20   20    1    1    1    1    1    1    1    1  1.79482E+10 0.09100 
   21   21    1    1    1    1    1    1    1    1  1.54910E+10 0.10160 
   22   22    1    1    1    1    1    1    1    1  3.58709E+10 0.06287 
   23   23    1    1    1    1    1    1    1    1  6.51047E+10 0.04437 
   24   24    1    1    1    1    1    1    1    1  1.16294E+11 0.04806 
   25   25    1    1    1    1    1    1    1    1  1.77896E+11 0.03662 
   26   26    1    1    1    1    1    1    1    1  3.92270E+11 0.03014 
   27   27    1    1    1    1    1    1    1    1  7.81992E+11 0.01507 
   28   28    1    1    1    1    1    1    1    1  1.77883E+12 0.01178 
   29   29    1    1    1    1    1    1    1    1  2.59787E+12 0.00880 
   30   30    1    1    1    1    1    1    1    1  6.16368E+12 0.00800 
   31   31    1    1    1    1    1    1    1    1  1.46786E+13 0.00384 
   32   32    1    1    1    1    1    1    1    1  2.20050E+13 0.00371 
   33   33    1    1    1    1    1    1    1    1  4.38475E+13 0.00265 
   34   34    1    1    1    1    1    1    1    1  5.23190E+13 0.00246 
   35   35    1    1    1    1    1    1    1    1  7.07405E+13 0.00213 
   36   36    1    1    1    1    1    1    1    1  5.47846E+13 0.00236 
   37   37    1    1    1    1    1    1    1    1  1.69687E+13 0.00153 
   38   38    1    1    1    1    1    1    1    1  8.36521E+13 0.00177 
   39   39    1    1    1    1    1    1    1    1  1.03025E+14 0.00195 
   40   40    1    1    1    1    1    1    1    1  1.73471E+14 0.00108 
   41   41    1    1    1    1    1    1    1    1  1.65602E+14 0.00109 
   42   42    1    1    1    1    1    1    1    1  3.05412E+14 0.00122 
   43   43    1    1    1    1    1    1    1    1  3.37141E+14 0.00083 
   44   44    1    1    1    1    1    1    1    1  4.41709E+14 0.00094 
   45   45    1    1    1    1    1    1    1    1  7.98899E+14 0.00073 
   46   46    1    1    1    1    1    1    1    1  4.22486E+14 0.00079 
   47   47    1    1    1    1    1    1    1    1  6.10985E+14 0.00063 
   48   48    1    1    1    1    1    1    1    1  8.59553E+14 0.00065 
   49   49    1    1    1    1    1    1    1    1  7.84427E+14 0.00080 
   50   50    1    1    1    1    1    1    1    1  1.22343E+15 0.00054 
   51   51    1    1    1    1    1    1    1    1  9.69076E+14 0.00058 
   52   52    1    1    1    1    1    1    1    1  1.11470E+15 0.00078 
   53   53    1    1    1    1    1    1    1    1  7.99605E+14 0.00077 
   54   54    1    1    1    1    1    1    1    1  9.80374E+14 0.00072 
   55   55    1    1    1    1    1    1    1    1  6.97961E+14 0.00087 
   56   56    1    1    1    1    1    1    1    1  9.62580E+13 0.00124 
   57   57    1    1    1    1    1    1    1    1  1.36359E+15 0.00066 
   58   58    1    1    1    1    1    1    1    1  6.06483E+14 0.00078 
   59   59    1    1    1    1    1    1    1    1  6.60876E+14 0.00076 
   60   60    1    1    1    1    1    1    1    1  5.28996E+14 0.00093 
   61   61    1    1    1    1    1    1    1    1  5.30486E+14 0.00087 
   62   62    1    1    1    1    1    1    1    1  5.35006E+14 0.00071 
   63   63    1    1    1    1    1    1    1    1  4.49593E+14 0.00071 
   64   64    1    1    1    1    1    1    1    1  3.56327E+14 0.00077 
   65   65    1    1    1    1    1    1    1    1  3.50697E+14 0.00106 
   66   66    1    1    1    1    1    1    1    1  2.78988E+14 0.00108 
   67   67    1    1    1    1    1    1    1    1  2.29720E+14 0.00111 
   68   68    1    1    1    1    1    1    1    1  2.03548E+14 0.00096 
   69   69    1    1    1    1    1    1    1    1  2.47360E+14 0.00145 
   70   70    1    1    1    1    1    1    1    1  2.12375E+14 0.00122 
   71   71    1    1    1    1    1    1    1    1  3.97308E+14 0.00073 
   72   72    1    1    1    1    1    1    1    1  2.90343E+14 0.00095 
   73   73    1    1    1    1    1    1    1    1  2.24490E+14 0.00121 
   74   74    1    1    1    1    1    1    1    1  1.82060E+14 0.00123 
   75   75    1    1    1    1    1    1    1    1  1.50215E+14 0.00123 
   76   76    1    1    1    1    1    1    1    1  1.72353E+14 0.00133 
   77   77    1    1    1    1    1    1    1    1  1.35086E+14 0.00154 
   78   78    1    1    1    1    1    1    1    1  1.04907E+14 0.00177 
   79   79    1    1    1    1    1    1    1    1  1.08482E+14 0.00167 
   80   80    1    1    1    1    1    1    1    1  8.09862E+13 0.00163 
   81   81    1    1    1    1    1    1    1    1  6.24402E+13 0.00313 
   82   82    1    1    1    1    1    1    1    1  4.82506E+13 0.00219 
   83   83    1    1    1    1    1    1    1    1  4.49909E+13 0.00215 
   84   84    1    1    1    1    1    1    1    1  3.22586E+13 0.00226 
   85   85    1    1    1    1    1    1    1    1  2.32558E+13 0.00349 
   86   86    1    1    1    1    1    1    1    1  2.19528E+13 0.00408 
   87   87    1    1    1    1    1    1    1    1  1.35066E+13 0.00485 
   88   88    1    1    1    1    1    1    1    1  9.11420E+12 0.00650 
   89   89    1    1    1    1    1    1    1    1  5.22372E+12 0.00782 
   90   90    1    1    1    1    1    1    1    1  3.49522E+12 0.00921 
   91   91    1    1    1    1    1    1    1    1  1.75104E+12 0.01563 
   92   92    1    1    1    1    1    1    1    1  8.30695E+11 0.01387 
   93   93    1    1    1    1    1    1    1    1  4.09148E+11 0.02676 
   94   94    1    1    1    1    1    1    1    1  2.01544E+11 0.04521 
   95   95    1    1    1    1    1    1    1    1  9.55741E+10 0.05376 
   96   96    1    1    1    1    1    1    1    1  4.99099E+10 0.06357 
   97   97    1    1    1    1    1    1    1    1  2.24541E+10 0.13227 
   98   98    1    1    1    1    1    1    1    1  8.81859E+09 0.15968 
   99   99    1    1    1    1    1    1    1    1  7.83055E+09 0.17743 
  100  100    1    1    1    1    1    1    1    1  4.03989E+09 0.34180 
];


