
DETdpaspec = [
    1    1    1    1    1    1    1    1    1    1  0.00000E+00 0.00000 
    2    2    1    1    1    1    1    1    1    1  0.00000E+00 0.00000 
    3    3    1    1    1    1    1    1    1    1  0.00000E+00 0.00000 
    4    4    1    1    1    1    1    1    1    1  0.00000E+00 0.00000 
    5    5    1    1    1    1    1    1    1    1  0.00000E+00 0.00000 
    6    6    1    1    1    1    1    1    1    1  0.00000E+00 0.00000 
    7    7    1    1    1    1    1    1    1    1  0.00000E+00 0.00000 
    8    8    1    1    1    1    1    1    1    1  0.00000E+00 0.00000 
    9    9    1    1    1    1    1    1    1    1  0.00000E+00 0.00000 
   10   10    1    1    1    1    1    1    1    1  0.00000E+00 0.00000 
   11   11    1    1    1    1    1    1    1    1  0.00000E+00 0.00000 
   12   12    1    1    1    1    1    1    1    1  0.00000E+00 0.00000 
   13   13    1    1    1    1    1    1    1    1  5.62973E+08 0.65979 
   14   14    1    1    1    1    1    1    1    1  8.05314E+08 0.86488 
   15   15    1    1    1    1    1    1    1    1  2.13415E+08 0.58431 
   16   16    1    1    1    1    1    1    1    1  3.87765E+08 0.86048 
   17   17    1    1    1    1    1    1    1    1  2.44900E+09 0.31480 
   18   18    1    1    1    1    1    1    1    1  7.95319E+09 0.19307 
   19   19    1    1    1    1    1    1    1    1  1.25322E+10 0.11883 
   20   20    1    1    1    1    1    1    1    1  8.95614E+10 0.06553 
   21   21    1    1    1    1    1    1    1    1  2.30381E+11 0.03016 
   22   22    1    1    1    1    1    1    1    1  8.22204E+11 0.02291 
   23   23    1    1    1    1    1    1    1    1  2.16672E+12 0.00954 
   24   24    1    1    1    1    1    1    1    1  4.13981E+12 0.00791 
   25   25    1    1    1    1    1    1    1    1  5.39725E+12 0.00723 
   26   26    1    1    1    1    1    1    1    1  8.70379E+12 0.00512 
   27   27    1    1    1    1    1    1    1    1  1.30121E+13 0.00515 
   28   28    1    1    1    1    1    1    1    1  1.97730E+13 0.00336 
   29   29    1    1    1    1    1    1    1    1  2.46045E+13 0.00239 
   30   30    1    1    1    1    1    1    1    1  3.84210E+13 0.00309 
   31   31    1    1    1    1    1    1    1    1  6.16265E+13 0.00214 
   32   32    1    1    1    1    1    1    1    1  7.42458E+13 0.00199 
   33   33    1    1    1    1    1    1    1    1  1.20118E+14 0.00177 
   34   34    1    1    1    1    1    1    1    1  1.31269E+14 0.00151 
   35   35    1    1    1    1    1    1    1    1  1.37964E+14 0.00146 
   36   36    1    1    1    1    1    1    1    1  9.32658E+13 0.00098 
   37   37    1    1    1    1    1    1    1    1  2.69831E+13 0.00115 
   38   38    1    1    1    1    1    1    1    1  1.35115E+14 0.00082 
   39   39    1    1    1    1    1    1    1    1  1.60859E+14 0.00070 
   40   40    1    1    1    1    1    1    1    1  2.64724E+14 0.00089 
   41   41    1    1    1    1    1    1    1    1  2.34472E+14 0.00115 
   42   42    1    1    1    1    1    1    1    1  4.28541E+14 0.00102 
   43   43    1    1    1    1    1    1    1    1  4.57049E+14 0.00071 
   44   44    1    1    1    1    1    1    1    1  5.79859E+14 0.00056 
   45   45    1    1    1    1    1    1    1    1  1.01413E+15 0.00044 
   46   46    1    1    1    1    1    1    1    1  5.13027E+14 0.00054 
   47   47    1    1    1    1    1    1    1    1  7.18966E+14 0.00049 
   48   48    1    1    1    1    1    1    1    1  9.85592E+14 0.00053 
   49   49    1    1    1    1    1    1    1    1  8.68509E+14 0.00059 
   50   50    1    1    1    1    1    1    1    1  1.34862E+15 0.00047 
   51   51    1    1    1    1    1    1    1    1  1.02101E+15 0.00056 
   52   52    1    1    1    1    1    1    1    1  1.17646E+15 0.00045 
   53   53    1    1    1    1    1    1    1    1  8.23629E+14 0.00077 
   54   54    1    1    1    1    1    1    1    1  1.01691E+15 0.00062 
   55   55    1    1    1    1    1    1    1    1  7.14365E+14 0.00053 
   56   56    1    1    1    1    1    1    1    1  9.78063E+13 0.00094 
   57   57    1    1    1    1    1    1    1    1  1.37344E+15 0.00057 
   58   58    1    1    1    1    1    1    1    1  6.18903E+14 0.00057 
   59   59    1    1    1    1    1    1    1    1  6.62509E+14 0.00064 
   60   60    1    1    1    1    1    1    1    1  5.36950E+14 0.00053 
   61   61    1    1    1    1    1    1    1    1  5.32980E+14 0.00072 
   62   62    1    1    1    1    1    1    1    1  5.35261E+14 0.00078 
   63   63    1    1    1    1    1    1    1    1  4.48318E+14 0.00087 
   64   64    1    1    1    1    1    1    1    1  3.52302E+14 0.00088 
   65   65    1    1    1    1    1    1    1    1  3.43956E+14 0.00097 
   66   66    1    1    1    1    1    1    1    1  2.72762E+14 0.00075 
   67   67    1    1    1    1    1    1    1    1  2.22184E+14 0.00092 
   68   68    1    1    1    1    1    1    1    1  1.94713E+14 0.00103 
   69   69    1    1    1    1    1    1    1    1  2.35488E+14 0.00096 
   70   70    1    1    1    1    1    1    1    1  2.00857E+14 0.00099 
   71   71    1    1    1    1    1    1    1    1  3.62820E+14 0.00079 
   72   72    1    1    1    1    1    1    1    1  2.60071E+14 0.00089 
   73   73    1    1    1    1    1    1    1    1  2.00242E+14 0.00091 
   74   74    1    1    1    1    1    1    1    1  1.63900E+14 0.00165 
   75   75    1    1    1    1    1    1    1    1  1.36713E+14 0.00140 
   76   76    1    1    1    1    1    1    1    1  1.59178E+14 0.00130 
   77   77    1    1    1    1    1    1    1    1  1.26764E+14 0.00131 
   78   78    1    1    1    1    1    1    1    1  9.91700E+13 0.00176 
   79   79    1    1    1    1    1    1    1    1  1.02759E+14 0.00179 
   80   80    1    1    1    1    1    1    1    1  7.67775E+13 0.00196 
   81   81    1    1    1    1    1    1    1    1  5.91157E+13 0.00155 
   82   82    1    1    1    1    1    1    1    1  4.55447E+13 0.00221 
   83   83    1    1    1    1    1    1    1    1  4.21273E+13 0.00218 
   84   84    1    1    1    1    1    1    1    1  3.00610E+13 0.00269 
   85   85    1    1    1    1    1    1    1    1  2.16317E+13 0.00323 
   86   86    1    1    1    1    1    1    1    1  2.00370E+13 0.00281 
   87   87    1    1    1    1    1    1    1    1  1.20592E+13 0.00515 
   88   88    1    1    1    1    1    1    1    1  8.06659E+12 0.00411 
   89   89    1    1    1    1    1    1    1    1  4.53020E+12 0.00834 
   90   90    1    1    1    1    1    1    1    1  2.93429E+12 0.01069 
   91   91    1    1    1    1    1    1    1    1  1.45880E+12 0.01109 
   92   92    1    1    1    1    1    1    1    1  6.97747E+11 0.02235 
   93   93    1    1    1    1    1    1    1    1  3.23938E+11 0.02617 
   94   94    1    1    1    1    1    1    1    1  1.57069E+11 0.04799 
   95   95    1    1    1    1    1    1    1    1  7.52211E+10 0.04350 
   96   96    1    1    1    1    1    1    1    1  3.51212E+10 0.06840 
   97   97    1    1    1    1    1    1    1    1  1.67710E+10 0.12011 
   98   98    1    1    1    1    1    1    1    1  6.71583E+09 0.17735 
   99   99    1    1    1    1    1    1    1    1  3.40763E+09 0.24346 
  100  100    1    1    1    1    1    1    1    1  3.69715E+09 0.25842 
];


