
DETdpaspec = [
    1    1    1    1    1    1    1    1    1    1  0.00000E+00 0.00000 
    2    2    1    1    1    1    1    1    1    1  0.00000E+00 0.00000 
    3    3    1    1    1    1    1    1    1    1  0.00000E+00 0.00000 
    4    4    1    1    1    1    1    1    1    1  0.00000E+00 0.00000 
    5    5    1    1    1    1    1    1    1    1  0.00000E+00 0.00000 
    6    6    1    1    1    1    1    1    1    1  0.00000E+00 0.00000 
    7    7    1    1    1    1    1    1    1    1  0.00000E+00 0.00000 
    8    8    1    1    1    1    1    1    1    1  1.83534E+07 1.00000 
    9    9    1    1    1    1    1    1    1    1  0.00000E+00 0.00000 
   10   10    1    1    1    1    1    1    1    1  0.00000E+00 0.00000 
   11   11    1    1    1    1    1    1    1    1  4.75149E+07 1.00000 
   12   12    1    1    1    1    1    1    1    1  5.94712E+07 1.00000 
   13   13    1    1    1    1    1    1    1    1  4.22825E+08 0.89048 
   14   14    1    1    1    1    1    1    1    1  4.80826E+08 0.61175 
   15   15    1    1    1    1    1    1    1    1  1.12701E+09 0.41356 
   16   16    1    1    1    1    1    1    1    1  9.05583E+08 0.46089 
   17   17    1    1    1    1    1    1    1    1  1.99848E+09 0.45768 
   18   18    1    1    1    1    1    1    1    1  2.35491E+09 0.21032 
   19   19    1    1    1    1    1    1    1    1  6.31334E+09 0.19462 
   20   20    1    1    1    1    1    1    1    1  2.87713E+10 0.12750 
   21   21    1    1    1    1    1    1    1    1  6.63825E+10 0.06404 
   22   22    1    1    1    1    1    1    1    1  3.26950E+11 0.03518 
   23   23    1    1    1    1    1    1    1    1  1.06346E+12 0.01143 
   24   24    1    1    1    1    1    1    1    1  2.29511E+12 0.01118 
   25   25    1    1    1    1    1    1    1    1  3.21387E+12 0.00910 
   26   26    1    1    1    1    1    1    1    1  5.46592E+12 0.00631 
   27   27    1    1    1    1    1    1    1    1  8.60867E+12 0.00453 
   28   28    1    1    1    1    1    1    1    1  1.43218E+13 0.00388 
   29   29    1    1    1    1    1    1    1    1  1.87631E+13 0.00310 
   30   30    1    1    1    1    1    1    1    1  3.00415E+13 0.00358 
   31   31    1    1    1    1    1    1    1    1  5.13348E+13 0.00243 
   32   32    1    1    1    1    1    1    1    1  6.33859E+13 0.00192 
   33   33    1    1    1    1    1    1    1    1  1.05930E+14 0.00162 
   34   34    1    1    1    1    1    1    1    1  1.18258E+14 0.00169 
   35   35    1    1    1    1    1    1    1    1  1.27371E+14 0.00154 
   36   36    1    1    1    1    1    1    1    1  8.74055E+13 0.00131 
   37   37    1    1    1    1    1    1    1    1  2.54032E+13 0.00173 
   38   38    1    1    1    1    1    1    1    1  1.27400E+14 0.00140 
   39   39    1    1    1    1    1    1    1    1  1.52447E+14 0.00137 
   40   40    1    1    1    1    1    1    1    1  2.52659E+14 0.00114 
   41   41    1    1    1    1    1    1    1    1  2.25966E+14 0.00094 
   42   42    1    1    1    1    1    1    1    1  4.13554E+14 0.00075 
   43   43    1    1    1    1    1    1    1    1  4.43131E+14 0.00085 
   44   44    1    1    1    1    1    1    1    1  5.65851E+14 0.00062 
   45   45    1    1    1    1    1    1    1    1  9.95128E+14 0.00047 
   46   46    1    1    1    1    1    1    1    1  5.07540E+14 0.00074 
   47   47    1    1    1    1    1    1    1    1  7.12585E+14 0.00082 
   48   48    1    1    1    1    1    1    1    1  9.82771E+14 0.00042 
   49   49    1    1    1    1    1    1    1    1  8.70012E+14 0.00055 
   50   50    1    1    1    1    1    1    1    1  1.35614E+15 0.00050 
   51   51    1    1    1    1    1    1    1    1  1.03336E+15 0.00052 
   52   52    1    1    1    1    1    1    1    1  1.19347E+15 0.00070 
   53   53    1    1    1    1    1    1    1    1  8.39224E+14 0.00053 
   54   54    1    1    1    1    1    1    1    1  1.03833E+15 0.00065 
   55   55    1    1    1    1    1    1    1    1  7.30880E+14 0.00080 
   56   56    1    1    1    1    1    1    1    1  9.99258E+13 0.00139 
   57   57    1    1    1    1    1    1    1    1  1.40726E+15 0.00049 
   58   58    1    1    1    1    1    1    1    1  6.35487E+14 0.00073 
   59   59    1    1    1    1    1    1    1    1  6.81685E+14 0.00078 
   60   60    1    1    1    1    1    1    1    1  5.52981E+14 0.00061 
   61   61    1    1    1    1    1    1    1    1  5.49846E+14 0.00068 
   62   62    1    1    1    1    1    1    1    1  5.53861E+14 0.00058 
   63   63    1    1    1    1    1    1    1    1  4.64125E+14 0.00074 
   64   64    1    1    1    1    1    1    1    1  3.66684E+14 0.00075 
   65   65    1    1    1    1    1    1    1    1  3.57868E+14 0.00089 
   66   66    1    1    1    1    1    1    1    1  2.84653E+14 0.00080 
   67   67    1    1    1    1    1    1    1    1  2.31552E+14 0.00116 
   68   68    1    1    1    1    1    1    1    1  2.03076E+14 0.00112 
   69   69    1    1    1    1    1    1    1    1  2.46123E+14 0.00119 
   70   70    1    1    1    1    1    1    1    1  2.09850E+14 0.00121 
   71   71    1    1    1    1    1    1    1    1  3.81739E+14 0.00093 
   72   72    1    1    1    1    1    1    1    1  2.74298E+14 0.00109 
   73   73    1    1    1    1    1    1    1    1  2.11613E+14 0.00127 
   74   74    1    1    1    1    1    1    1    1  1.73932E+14 0.00103 
   75   75    1    1    1    1    1    1    1    1  1.45155E+14 0.00133 
   76   76    1    1    1    1    1    1    1    1  1.69128E+14 0.00124 
   77   77    1    1    1    1    1    1    1    1  1.34277E+14 0.00116 
   78   78    1    1    1    1    1    1    1    1  1.05580E+14 0.00131 
   79   79    1    1    1    1    1    1    1    1  1.09802E+14 0.00158 
   80   80    1    1    1    1    1    1    1    1  8.22177E+13 0.00183 
   81   81    1    1    1    1    1    1    1    1  6.34364E+13 0.00174 
   82   82    1    1    1    1    1    1    1    1  4.88217E+13 0.00268 
   83   83    1    1    1    1    1    1    1    1  4.56022E+13 0.00226 
   84   84    1    1    1    1    1    1    1    1  3.27320E+13 0.00255 
   85   85    1    1    1    1    1    1    1    1  2.34500E+13 0.00300 
   86   86    1    1    1    1    1    1    1    1  2.19641E+13 0.00286 
   87   87    1    1    1    1    1    1    1    1  1.32616E+13 0.00456 
   88   88    1    1    1    1    1    1    1    1  8.85548E+12 0.00605 
   89   89    1    1    1    1    1    1    1    1  4.99651E+12 0.00596 
   90   90    1    1    1    1    1    1    1    1  3.27689E+12 0.00859 
   91   91    1    1    1    1    1    1    1    1  1.63503E+12 0.01060 
   92   92    1    1    1    1    1    1    1    1  7.84947E+11 0.02211 
   93   93    1    1    1    1    1    1    1    1  3.62001E+11 0.01762 
   94   94    1    1    1    1    1    1    1    1  1.75491E+11 0.03402 
   95   95    1    1    1    1    1    1    1    1  9.00303E+10 0.04932 
   96   96    1    1    1    1    1    1    1    1  4.30373E+10 0.07141 
   97   97    1    1    1    1    1    1    1    1  1.74784E+10 0.11199 
   98   98    1    1    1    1    1    1    1    1  9.01041E+09 0.08469 
   99   99    1    1    1    1    1    1    1    1  2.76071E+09 0.20434 
  100  100    1    1    1    1    1    1    1    1  5.18453E+09 0.21288 
];


