
DETdpaspec = [
    1    1    1    1    1    1    1    1    1    1  0.00000E+00 0.00000 
    2    2    1    1    1    1    1    1    1    1  0.00000E+00 0.00000 
    3    3    1    1    1    1    1    1    1    1  0.00000E+00 0.00000 
    4    4    1    1    1    1    1    1    1    1  0.00000E+00 0.00000 
    5    5    1    1    1    1    1    1    1    1  5.42160E+06 1.00000 
    6    6    1    1    1    1    1    1    1    1  9.82817E+06 0.68903 
    7    7    1    1    1    1    1    1    1    1  0.00000E+00 0.00000 
    8    8    1    1    1    1    1    1    1    1  9.47614E+06 1.00000 
    9    9    1    1    1    1    1    1    1    1  1.77993E+07 0.68984 
   10   10    1    1    1    1    1    1    1    1  2.58083E+07 1.00000 
   11   11    1    1    1    1    1    1    1    1  2.37714E+08 0.42453 
   12   12    1    1    1    1    1    1    1    1  1.76188E+07 0.80690 
   13   13    1    1    1    1    1    1    1    1  1.25923E+09 0.25087 
   14   14    1    1    1    1    1    1    1    1  3.56196E+09 0.21024 
   15   15    1    1    1    1    1    1    1    1  2.33875E+09 0.24156 
   16   16    1    1    1    1    1    1    1    1  1.41209E+09 0.26869 
   17   17    1    1    1    1    1    1    1    1  3.27727E+09 0.15121 
   18   18    1    1    1    1    1    1    1    1  5.15368E+09 0.20069 
   19   19    1    1    1    1    1    1    1    1  8.23694E+09 0.10411 
   20   20    1    1    1    1    1    1    1    1  2.55190E+10 0.08079 
   21   21    1    1    1    1    1    1    1    1  2.24366E+10 0.07468 
   22   22    1    1    1    1    1    1    1    1  5.73311E+10 0.05553 
   23   23    1    1    1    1    1    1    1    1  9.17849E+10 0.05011 
   24   24    1    1    1    1    1    1    1    1  1.45787E+11 0.03269 
   25   25    1    1    1    1    1    1    1    1  2.01357E+11 0.02653 
   26   26    1    1    1    1    1    1    1    1  4.04854E+11 0.01707 
   27   27    1    1    1    1    1    1    1    1  8.07340E+11 0.01941 
   28   28    1    1    1    1    1    1    1    1  1.72833E+12 0.01266 
   29   29    1    1    1    1    1    1    1    1  2.40320E+12 0.01124 
   30   30    1    1    1    1    1    1    1    1  6.00598E+12 0.00521 
   31   31    1    1    1    1    1    1    1    1  1.43348E+13 0.00467 
   32   32    1    1    1    1    1    1    1    1  2.15395E+13 0.00386 
   33   33    1    1    1    1    1    1    1    1  4.27413E+13 0.00341 
   34   34    1    1    1    1    1    1    1    1  4.98858E+13 0.00245 
   35   35    1    1    1    1    1    1    1    1  6.98842E+13 0.00174 
   36   36    1    1    1    1    1    1    1    1  5.48742E+13 0.00171 
   37   37    1    1    1    1    1    1    1    1  1.71694E+13 0.00221 
   38   38    1    1    1    1    1    1    1    1  8.33998E+13 0.00140 
   39   39    1    1    1    1    1    1    1    1  1.02634E+14 0.00178 
   40   40    1    1    1    1    1    1    1    1  1.71144E+14 0.00113 
   41   41    1    1    1    1    1    1    1    1  1.64631E+14 0.00131 
   42   42    1    1    1    1    1    1    1    1  3.01168E+14 0.00068 
   43   43    1    1    1    1    1    1    1    1  3.31797E+14 0.00092 
   44   44    1    1    1    1    1    1    1    1  4.34084E+14 0.00105 
   45   45    1    1    1    1    1    1    1    1  7.81889E+14 0.00078 
   46   46    1    1    1    1    1    1    1    1  4.13458E+14 0.00072 
   47   47    1    1    1    1    1    1    1    1  6.00007E+14 0.00083 
   48   48    1    1    1    1    1    1    1    1  8.41340E+14 0.00047 
   49   49    1    1    1    1    1    1    1    1  7.70945E+14 0.00054 
   50   50    1    1    1    1    1    1    1    1  1.19496E+15 0.00073 
   51   51    1    1    1    1    1    1    1    1  9.49146E+14 0.00059 
   52   52    1    1    1    1    1    1    1    1  1.08533E+15 0.00052 
   53   53    1    1    1    1    1    1    1    1  7.78813E+14 0.00083 
   54   54    1    1    1    1    1    1    1    1  9.48513E+14 0.00060 
   55   55    1    1    1    1    1    1    1    1  6.76227E+14 0.00076 
   56   56    1    1    1    1    1    1    1    1  9.33895E+13 0.00129 
   57   57    1    1    1    1    1    1    1    1  1.32144E+15 0.00066 
   58   58    1    1    1    1    1    1    1    1  5.81430E+14 0.00082 
   59   59    1    1    1    1    1    1    1    1  6.36739E+14 0.00058 
   60   60    1    1    1    1    1    1    1    1  5.05632E+14 0.00074 
   61   61    1    1    1    1    1    1    1    1  5.06823E+14 0.00074 
   62   62    1    1    1    1    1    1    1    1  5.10600E+14 0.00072 
   63   63    1    1    1    1    1    1    1    1  4.27507E+14 0.00115 
   64   64    1    1    1    1    1    1    1    1  3.38774E+14 0.00086 
   65   65    1    1    1    1    1    1    1    1  3.34222E+14 0.00093 
   66   66    1    1    1    1    1    1    1    1  2.65059E+14 0.00117 
   67   67    1    1    1    1    1    1    1    1  2.18455E+14 0.00101 
   68   68    1    1    1    1    1    1    1    1  1.93116E+14 0.00113 
   69   69    1    1    1    1    1    1    1    1  2.35020E+14 0.00112 
   70   70    1    1    1    1    1    1    1    1  2.02282E+14 0.00144 
   71   71    1    1    1    1    1    1    1    1  3.80546E+14 0.00124 
   72   72    1    1    1    1    1    1    1    1  2.78551E+14 0.00113 
   73   73    1    1    1    1    1    1    1    1  2.15194E+14 0.00122 
   74   74    1    1    1    1    1    1    1    1  1.73227E+14 0.00158 
   75   75    1    1    1    1    1    1    1    1  1.41820E+14 0.00133 
   76   76    1    1    1    1    1    1    1    1  1.62151E+14 0.00150 
   77   77    1    1    1    1    1    1    1    1  1.26755E+14 0.00129 
   78   78    1    1    1    1    1    1    1    1  9.79276E+13 0.00152 
   79   79    1    1    1    1    1    1    1    1  1.00479E+14 0.00166 
   80   80    1    1    1    1    1    1    1    1  7.49078E+13 0.00193 
   81   81    1    1    1    1    1    1    1    1  5.77898E+13 0.00240 
   82   82    1    1    1    1    1    1    1    1  4.44477E+13 0.00177 
   83   83    1    1    1    1    1    1    1    1  4.14382E+13 0.00198 
   84   84    1    1    1    1    1    1    1    1  2.97959E+13 0.00277 
   85   85    1    1    1    1    1    1    1    1  2.14315E+13 0.00358 
   86   86    1    1    1    1    1    1    1    1  2.00408E+13 0.00372 
   87   87    1    1    1    1    1    1    1    1  1.23872E+13 0.00615 
   88   88    1    1    1    1    1    1    1    1  8.46951E+12 0.00527 
   89   89    1    1    1    1    1    1    1    1  4.83334E+12 0.00796 
   90   90    1    1    1    1    1    1    1    1  3.15707E+12 0.00942 
   91   91    1    1    1    1    1    1    1    1  1.63503E+12 0.01470 
   92   92    1    1    1    1    1    1    1    1  7.70835E+11 0.01909 
   93   93    1    1    1    1    1    1    1    1  3.63359E+11 0.03072 
   94   94    1    1    1    1    1    1    1    1  1.81083E+11 0.04331 
   95   95    1    1    1    1    1    1    1    1  9.41545E+10 0.04491 
   96   96    1    1    1    1    1    1    1    1  4.00575E+10 0.08120 
   97   97    1    1    1    1    1    1    1    1  1.61176E+10 0.14037 
   98   98    1    1    1    1    1    1    1    1  1.22603E+10 0.14675 
   99   99    1    1    1    1    1    1    1    1  5.36492E+09 0.23236 
  100  100    1    1    1    1    1    1    1    1  4.85237E+09 0.24070 
];


