
DETdpaspec = [
    1    1    1    1    1    1    1    1    1    1  0.00000E+00 0.00000 
    2    2    1    1    1    1    1    1    1    1  0.00000E+00 0.00000 
    3    3    1    1    1    1    1    1    1    1  0.00000E+00 0.00000 
    4    4    1    1    1    1    1    1    1    1  0.00000E+00 0.00000 
    5    5    1    1    1    1    1    1    1    1  0.00000E+00 0.00000 
    6    6    1    1    1    1    1    1    1    1  0.00000E+00 0.00000 
    7    7    1    1    1    1    1    1    1    1  0.00000E+00 0.00000 
    8    8    1    1    1    1    1    1    1    1  0.00000E+00 0.00000 
    9    9    1    1    1    1    1    1    1    1  0.00000E+00 0.00000 
   10   10    1    1    1    1    1    1    1    1  0.00000E+00 0.00000 
   11   11    1    1    1    1    1    1    1    1  4.98731E+07 1.00000 
   12   12    1    1    1    1    1    1    1    1  3.30862E+08 0.71776 
   13   13    1    1    1    1    1    1    1    1  8.27028E+08 0.57581 
   14   14    1    1    1    1    1    1    1    1  2.64683E+09 0.42798 
   15   15    1    1    1    1    1    1    1    1  1.65551E+09 0.40295 
   16   16    1    1    1    1    1    1    1    1  5.57869E+08 0.51776 
   17   17    1    1    1    1    1    1    1    1  1.42721E+09 0.38851 
   18   18    1    1    1    1    1    1    1    1  3.82194E+09 0.28853 
   19   19    1    1    1    1    1    1    1    1  7.14036E+09 0.17272 
   20   20    1    1    1    1    1    1    1    1  5.15673E+10 0.08174 
   21   21    1    1    1    1    1    1    1    1  1.18618E+11 0.03482 
   22   22    1    1    1    1    1    1    1    1  5.00359E+11 0.02147 
   23   23    1    1    1    1    1    1    1    1  1.43725E+12 0.01339 
   24   24    1    1    1    1    1    1    1    1  2.99386E+12 0.01179 
   25   25    1    1    1    1    1    1    1    1  4.00752E+12 0.00823 
   26   26    1    1    1    1    1    1    1    1  6.78892E+12 0.00791 
   27   27    1    1    1    1    1    1    1    1  1.04781E+13 0.00630 
   28   28    1    1    1    1    1    1    1    1  1.65793E+13 0.00414 
   29   29    1    1    1    1    1    1    1    1  2.13997E+13 0.00281 
   30   30    1    1    1    1    1    1    1    1  3.38744E+13 0.00319 
   31   31    1    1    1    1    1    1    1    1  5.59765E+13 0.00204 
   32   32    1    1    1    1    1    1    1    1  6.84084E+13 0.00182 
   33   33    1    1    1    1    1    1    1    1  1.12850E+14 0.00145 
   34   34    1    1    1    1    1    1    1    1  1.24326E+14 0.00137 
   35   35    1    1    1    1    1    1    1    1  1.32498E+14 0.00105 
   36   36    1    1    1    1    1    1    1    1  9.03525E+13 0.00103 
   37   37    1    1    1    1    1    1    1    1  2.62580E+13 0.00109 
   38   38    1    1    1    1    1    1    1    1  1.31259E+14 0.00111 
   39   39    1    1    1    1    1    1    1    1  1.56814E+14 0.00120 
   40   40    1    1    1    1    1    1    1    1  2.58606E+14 0.00068 
   41   41    1    1    1    1    1    1    1    1  2.30032E+14 0.00091 
   42   42    1    1    1    1    1    1    1    1  4.21252E+14 0.00068 
   43   43    1    1    1    1    1    1    1    1  4.51125E+14 0.00068 
   44   44    1    1    1    1    1    1    1    1  5.74232E+14 0.00070 
   45   45    1    1    1    1    1    1    1    1  1.00683E+15 0.00075 
   46   46    1    1    1    1    1    1    1    1  5.11564E+14 0.00083 
   47   47    1    1    1    1    1    1    1    1  7.17680E+14 0.00054 
   48   48    1    1    1    1    1    1    1    1  9.86254E+14 0.00064 
   49   49    1    1    1    1    1    1    1    1  8.70612E+14 0.00055 
   50   50    1    1    1    1    1    1    1    1  1.35535E+15 0.00052 
   51   51    1    1    1    1    1    1    1    1  1.02855E+15 0.00054 
   52   52    1    1    1    1    1    1    1    1  1.18729E+15 0.00048 
   53   53    1    1    1    1    1    1    1    1  8.33024E+14 0.00047 
   54   54    1    1    1    1    1    1    1    1  1.03090E+15 0.00045 
   55   55    1    1    1    1    1    1    1    1  7.24394E+14 0.00059 
   56   56    1    1    1    1    1    1    1    1  9.90357E+13 0.00071 
   57   57    1    1    1    1    1    1    1    1  1.39483E+15 0.00046 
   58   58    1    1    1    1    1    1    1    1  6.28345E+14 0.00091 
   59   59    1    1    1    1    1    1    1    1  6.73274E+14 0.00070 
   60   60    1    1    1    1    1    1    1    1  5.46021E+14 0.00083 
   61   61    1    1    1    1    1    1    1    1  5.43537E+14 0.00058 
   62   62    1    1    1    1    1    1    1    1  5.46043E+14 0.00063 
   63   63    1    1    1    1    1    1    1    1  4.57530E+14 0.00073 
   64   64    1    1    1    1    1    1    1    1  3.60319E+14 0.00067 
   65   65    1    1    1    1    1    1    1    1  3.52612E+14 0.00078 
   66   66    1    1    1    1    1    1    1    1  2.79901E+14 0.00092 
   67   67    1    1    1    1    1    1    1    1  2.27914E+14 0.00108 
   68   68    1    1    1    1    1    1    1    1  1.99986E+14 0.00098 
   69   69    1    1    1    1    1    1    1    1  2.41998E+14 0.00111 
   70   70    1    1    1    1    1    1    1    1  2.06172E+14 0.00109 
   71   71    1    1    1    1    1    1    1    1  3.73966E+14 0.00135 
   72   72    1    1    1    1    1    1    1    1  2.68446E+14 0.00106 
   73   73    1    1    1    1    1    1    1    1  2.06564E+14 0.00104 
   74   74    1    1    1    1    1    1    1    1  1.69556E+14 0.00094 
   75   75    1    1    1    1    1    1    1    1  1.41482E+14 0.00122 
   76   76    1    1    1    1    1    1    1    1  1.64919E+14 0.00146 
   77   77    1    1    1    1    1    1    1    1  1.30852E+14 0.00139 
   78   78    1    1    1    1    1    1    1    1  1.02736E+14 0.00109 
   79   79    1    1    1    1    1    1    1    1  1.06587E+14 0.00194 
   80   80    1    1    1    1    1    1    1    1  7.93957E+13 0.00166 
   81   81    1    1    1    1    1    1    1    1  6.17571E+13 0.00189 
   82   82    1    1    1    1    1    1    1    1  4.73277E+13 0.00240 
   83   83    1    1    1    1    1    1    1    1  4.43414E+13 0.00257 
   84   84    1    1    1    1    1    1    1    1  3.15644E+13 0.00339 
   85   85    1    1    1    1    1    1    1    1  2.27653E+13 0.00337 
   86   86    1    1    1    1    1    1    1    1  2.11320E+13 0.00287 
   87   87    1    1    1    1    1    1    1    1  1.28728E+13 0.00407 
   88   88    1    1    1    1    1    1    1    1  8.52182E+12 0.00599 
   89   89    1    1    1    1    1    1    1    1  4.80944E+12 0.00809 
   90   90    1    1    1    1    1    1    1    1  3.14287E+12 0.00776 
   91   91    1    1    1    1    1    1    1    1  1.53355E+12 0.01135 
   92   92    1    1    1    1    1    1    1    1  7.49727E+11 0.01687 
   93   93    1    1    1    1    1    1    1    1  3.55984E+11 0.02290 
   94   94    1    1    1    1    1    1    1    1  1.66299E+11 0.03038 
   95   95    1    1    1    1    1    1    1    1  8.44146E+10 0.04788 
   96   96    1    1    1    1    1    1    1    1  4.00152E+10 0.09844 
   97   97    1    1    1    1    1    1    1    1  1.78041E+10 0.09969 
   98   98    1    1    1    1    1    1    1    1  7.27886E+09 0.13301 
   99   99    1    1    1    1    1    1    1    1  4.32340E+09 0.18848 
  100  100    1    1    1    1    1    1    1    1  2.46682E+09 0.30394 
];


