
DETdpaspec = [
    1    1    1    1    1    1    1    1    1    1  0.00000E+00 0.00000 
    2    2    1    1    1    1    1    1    1    1  0.00000E+00 0.00000 
    3    3    1    1    1    1    1    1    1    1  0.00000E+00 0.00000 
    4    4    1    1    1    1    1    1    1    1  0.00000E+00 0.00000 
    5    5    1    1    1    1    1    1    1    1  0.00000E+00 0.00000 
    6    6    1    1    1    1    1    1    1    1  0.00000E+00 0.00000 
    7    7    1    1    1    1    1    1    1    1  0.00000E+00 0.00000 
    8    8    1    1    1    1    1    1    1    1  0.00000E+00 0.00000 
    9    9    1    1    1    1    1    1    1    1  0.00000E+00 0.00000 
   10   10    1    1    1    1    1    1    1    1  0.00000E+00 0.00000 
   11   11    1    1    1    1    1    1    1    1  4.31266E+07 1.00000 
   12   12    1    1    1    1    1    1    1    1  7.86140E+07 0.69350 
   13   13    1    1    1    1    1    1    1    1  7.56661E+08 0.42557 
   14   14    1    1    1    1    1    1    1    1  1.59503E+09 0.51176 
   15   15    1    1    1    1    1    1    1    1  1.80597E+09 0.45059 
   16   16    1    1    1    1    1    1    1    1  5.91038E+08 0.35536 
   17   17    1    1    1    1    1    1    1    1  3.01802E+08 0.58397 
   18   18    1    1    1    1    1    1    1    1  2.39049E+09 0.33187 
   19   19    1    1    1    1    1    1    1    1  3.94052E+09 0.23276 
   20   20    1    1    1    1    1    1    1    1  8.19084E+09 0.21071 
   21   21    1    1    1    1    1    1    1    1  1.34539E+10 0.10949 
   22   22    1    1    1    1    1    1    1    1  5.69969E+10 0.07080 
   23   23    1    1    1    1    1    1    1    1  2.01446E+11 0.02989 
   24   24    1    1    1    1    1    1    1    1  5.65882E+11 0.01504 
   25   25    1    1    1    1    1    1    1    1  9.27402E+11 0.01654 
   26   26    1    1    1    1    1    1    1    1  1.85102E+12 0.01064 
   27   27    1    1    1    1    1    1    1    1  3.39241E+12 0.00955 
   28   28    1    1    1    1    1    1    1    1  6.55009E+12 0.00685 
   29   29    1    1    1    1    1    1    1    1  9.42983E+12 0.00729 
   30   30    1    1    1    1    1    1    1    1  1.68571E+13 0.00335 
   31   31    1    1    1    1    1    1    1    1  3.31272E+13 0.00356 
   32   32    1    1    1    1    1    1    1    1  4.36055E+13 0.00267 
   33   33    1    1    1    1    1    1    1    1  7.79784E+13 0.00194 
   34   34    1    1    1    1    1    1    1    1  9.07164E+13 0.00196 
   35   35    1    1    1    1    1    1    1    1  1.03613E+14 0.00157 
   36   36    1    1    1    1    1    1    1    1  7.37867E+13 0.00155 
   37   37    1    1    1    1    1    1    1    1  2.17683E+13 0.00147 
   38   38    1    1    1    1    1    1    1    1  1.09436E+14 0.00119 
   39   39    1    1    1    1    1    1    1    1  1.32697E+14 0.00117 
   40   40    1    1    1    1    1    1    1    1  2.22330E+14 0.00105 
   41   41    1    1    1    1    1    1    1    1  2.02091E+14 0.00078 
   42   42    1    1    1    1    1    1    1    1  3.73040E+14 0.00099 
   43   43    1    1    1    1    1    1    1    1  4.05741E+14 0.00094 
   44   44    1    1    1    1    1    1    1    1  5.23392E+14 0.00072 
   45   45    1    1    1    1    1    1    1    1  9.34615E+14 0.00072 
   46   46    1    1    1    1    1    1    1    1  4.83427E+14 0.00052 
   47   47    1    1    1    1    1    1    1    1  6.84995E+14 0.00045 
   48   48    1    1    1    1    1    1    1    1  9.53535E+14 0.00058 
   49   49    1    1    1    1    1    1    1    1  8.50809E+14 0.00076 
   50   50    1    1    1    1    1    1    1    1  1.33558E+15 0.00064 
   51   51    1    1    1    1    1    1    1    1  1.02819E+15 0.00052 
   52   52    1    1    1    1    1    1    1    1  1.19249E+15 0.00069 
   53   53    1    1    1    1    1    1    1    1  8.45734E+14 0.00050 
   54   54    1    1    1    1    1    1    1    1  1.04974E+15 0.00041 
   55   55    1    1    1    1    1    1    1    1  7.42331E+14 0.00062 
   56   56    1    1    1    1    1    1    1    1  1.01922E+14 0.00110 
   57   57    1    1    1    1    1    1    1    1  1.43835E+15 0.00053 
   58   58    1    1    1    1    1    1    1    1  6.50609E+14 0.00057 
   59   59    1    1    1    1    1    1    1    1  7.01208E+14 0.00078 
   60   60    1    1    1    1    1    1    1    1  5.70162E+14 0.00074 
   61   61    1    1    1    1    1    1    1    1  5.68459E+14 0.00081 
   62   62    1    1    1    1    1    1    1    1  5.73186E+14 0.00080 
   63   63    1    1    1    1    1    1    1    1  4.81667E+14 0.00069 
   64   64    1    1    1    1    1    1    1    1  3.81273E+14 0.00090 
   65   65    1    1    1    1    1    1    1    1  3.74138E+14 0.00099 
   66   66    1    1    1    1    1    1    1    1  2.98019E+14 0.00105 
   67   67    1    1    1    1    1    1    1    1  2.43194E+14 0.00114 
   68   68    1    1    1    1    1    1    1    1  2.14050E+14 0.00081 
   69   69    1    1    1    1    1    1    1    1  2.59473E+14 0.00090 
   70   70    1    1    1    1    1    1    1    1  2.22340E+14 0.00112 
   71   71    1    1    1    1    1    1    1    1  4.07326E+14 0.00112 
   72   72    1    1    1    1    1    1    1    1  2.94381E+14 0.00133 
   73   73    1    1    1    1    1    1    1    1  2.27549E+14 0.00131 
   74   74    1    1    1    1    1    1    1    1  1.86947E+14 0.00123 
   75   75    1    1    1    1    1    1    1    1  1.56405E+14 0.00119 
   76   76    1    1    1    1    1    1    1    1  1.81791E+14 0.00095 
   77   77    1    1    1    1    1    1    1    1  1.44721E+14 0.00109 
   78   78    1    1    1    1    1    1    1    1  1.13311E+14 0.00182 
   79   79    1    1    1    1    1    1    1    1  1.18116E+14 0.00183 
   80   80    1    1    1    1    1    1    1    1  8.85085E+13 0.00137 
   81   81    1    1    1    1    1    1    1    1  6.83670E+13 0.00228 
   82   82    1    1    1    1    1    1    1    1  5.28248E+13 0.00244 
   83   83    1    1    1    1    1    1    1    1  4.93312E+13 0.00196 
   84   84    1    1    1    1    1    1    1    1  3.53662E+13 0.00278 
   85   85    1    1    1    1    1    1    1    1  2.55196E+13 0.00262 
   86   86    1    1    1    1    1    1    1    1  2.38836E+13 0.00294 
   87   87    1    1    1    1    1    1    1    1  1.47044E+13 0.00335 
   88   88    1    1    1    1    1    1    1    1  9.81890E+12 0.00397 
   89   89    1    1    1    1    1    1    1    1  5.59209E+12 0.00588 
   90   90    1    1    1    1    1    1    1    1  3.69012E+12 0.00916 
   91   91    1    1    1    1    1    1    1    1  1.85736E+12 0.01085 
   92   92    1    1    1    1    1    1    1    1  8.98406E+11 0.01663 
   93   93    1    1    1    1    1    1    1    1  4.43046E+11 0.01866 
   94   94    1    1    1    1    1    1    1    1  2.11135E+11 0.02559 
   95   95    1    1    1    1    1    1    1    1  9.39980E+10 0.04753 
   96   96    1    1    1    1    1    1    1    1  5.00872E+10 0.06672 
   97   97    1    1    1    1    1    1    1    1  2.11912E+10 0.11078 
   98   98    1    1    1    1    1    1    1    1  1.09525E+10 0.12155 
   99   99    1    1    1    1    1    1    1    1  6.77437E+09 0.16056 
  100  100    1    1    1    1    1    1    1    1  3.54926E+09 0.30654 
];


