
DETdpaspec = [
    1    1    1    1    1    1    1    1    1    1  0.00000E+00 0.00000 
    2    2    1    1    1    1    1    1    1    1  0.00000E+00 0.00000 
    3    3    1    1    1    1    1    1    1    1  0.00000E+00 0.00000 
    4    4    1    1    1    1    1    1    1    1  0.00000E+00 0.00000 
    5    5    1    1    1    1    1    1    1    1  0.00000E+00 0.00000 
    6    6    1    1    1    1    1    1    1    1  6.84314E+06 1.00000 
    7    7    1    1    1    1    1    1    1    1  0.00000E+00 0.00000 
    8    8    1    1    1    1    1    1    1    1  1.06118E+07 1.00000 
    9    9    1    1    1    1    1    1    1    1  2.32504E+07 0.72322 
   10   10    1    1    1    1    1    1    1    1  4.86388E+07 0.68996 
   11   11    1    1    1    1    1    1    1    1  3.06786E+07 1.00000 
   12   12    1    1    1    1    1    1    1    1  9.55966E+07 0.46071 
   13   13    1    1    1    1    1    1    1    1  6.68571E+08 0.42007 
   14   14    1    1    1    1    1    1    1    1  1.15249E+09 0.46309 
   15   15    1    1    1    1    1    1    1    1  1.32737E+09 0.48319 
   16   16    1    1    1    1    1    1    1    1  8.07225E+08 0.32836 
   17   17    1    1    1    1    1    1    1    1  1.12273E+09 0.24950 
   18   18    1    1    1    1    1    1    1    1  3.51672E+09 0.20101 
   19   19    1    1    1    1    1    1    1    1  5.03054E+09 0.16534 
   20   20    1    1    1    1    1    1    1    1  1.61314E+10 0.13464 
   21   21    1    1    1    1    1    1    1    1  1.25456E+10 0.13382 
   22   22    1    1    1    1    1    1    1    1  2.80934E+10 0.07960 
   23   23    1    1    1    1    1    1    1    1  5.69902E+10 0.05457 
   24   24    1    1    1    1    1    1    1    1  1.30297E+11 0.04540 
   25   25    1    1    1    1    1    1    1    1  2.19370E+11 0.03606 
   26   26    1    1    1    1    1    1    1    1  4.73405E+11 0.01635 
   27   27    1    1    1    1    1    1    1    1  1.01016E+12 0.02034 
   28   28    1    1    1    1    1    1    1    1  2.33441E+12 0.00955 
   29   29    1    1    1    1    1    1    1    1  3.49346E+12 0.00858 
   30   30    1    1    1    1    1    1    1    1  7.64734E+12 0.00591 
   31   31    1    1    1    1    1    1    1    1  1.73399E+13 0.00418 
   32   32    1    1    1    1    1    1    1    1  2.54123E+13 0.00339 
   33   33    1    1    1    1    1    1    1    1  4.94322E+13 0.00266 
   34   34    1    1    1    1    1    1    1    1  5.95448E+13 0.00230 
   35   35    1    1    1    1    1    1    1    1  7.62165E+13 0.00194 
   36   36    1    1    1    1    1    1    1    1  5.76913E+13 0.00171 
   37   37    1    1    1    1    1    1    1    1  1.76109E+13 0.00220 
   38   38    1    1    1    1    1    1    1    1  8.78954E+13 0.00161 
   39   39    1    1    1    1    1    1    1    1  1.08071E+14 0.00178 
   40   40    1    1    1    1    1    1    1    1  1.82448E+14 0.00137 
   41   41    1    1    1    1    1    1    1    1  1.71723E+14 0.00158 
   42   42    1    1    1    1    1    1    1    1  3.18699E+14 0.00126 
   43   43    1    1    1    1    1    1    1    1  3.51114E+14 0.00096 
   44   44    1    1    1    1    1    1    1    1  4.60150E+14 0.00102 
   45   45    1    1    1    1    1    1    1    1  8.32705E+14 0.00072 
   46   46    1    1    1    1    1    1    1    1  4.39443E+14 0.00078 
   47   47    1    1    1    1    1    1    1    1  6.31512E+14 0.00064 
   48   48    1    1    1    1    1    1    1    1  8.87306E+14 0.00071 
   49   49    1    1    1    1    1    1    1    1  8.05152E+14 0.00071 
   50   50    1    1    1    1    1    1    1    1  1.26527E+15 0.00054 
   51   51    1    1    1    1    1    1    1    1  9.91603E+14 0.00050 
   52   52    1    1    1    1    1    1    1    1  1.14956E+15 0.00061 
   53   53    1    1    1    1    1    1    1    1  8.22973E+14 0.00066 
   54   54    1    1    1    1    1    1    1    1  1.01598E+15 0.00056 
   55   55    1    1    1    1    1    1    1    1  7.22493E+14 0.00062 
   56   56    1    1    1    1    1    1    1    1  9.95280E+13 0.00126 
   57   57    1    1    1    1    1    1    1    1  1.40905E+15 0.00048 
   58   58    1    1    1    1    1    1    1    1  6.32133E+14 0.00077 
   59   59    1    1    1    1    1    1    1    1  6.86823E+14 0.00052 
   60   60    1    1    1    1    1    1    1    1  5.54273E+14 0.00064 
   61   61    1    1    1    1    1    1    1    1  5.55147E+14 0.00067 
   62   62    1    1    1    1    1    1    1    1  5.61248E+14 0.00073 
   63   63    1    1    1    1    1    1    1    1  4.72514E+14 0.00102 
   64   64    1    1    1    1    1    1    1    1  3.74232E+14 0.00089 
   65   65    1    1    1    1    1    1    1    1  3.68522E+14 0.00083 
   66   66    1    1    1    1    1    1    1    1  2.93750E+14 0.00097 
   67   67    1    1    1    1    1    1    1    1  2.40959E+14 0.00108 
   68   68    1    1    1    1    1    1    1    1  2.12644E+14 0.00108 
   69   69    1    1    1    1    1    1    1    1  2.59343E+14 0.00114 
   70   70    1    1    1    1    1    1    1    1  2.22609E+14 0.00142 
   71   71    1    1    1    1    1    1    1    1  4.12310E+14 0.00070 
   72   72    1    1    1    1    1    1    1    1  2.99916E+14 0.00111 
   73   73    1    1    1    1    1    1    1    1  2.32334E+14 0.00119 
   74   74    1    1    1    1    1    1    1    1  1.89990E+14 0.00112 
   75   75    1    1    1    1    1    1    1    1  1.57352E+14 0.00151 
   76   76    1    1    1    1    1    1    1    1  1.81809E+14 0.00146 
   77   77    1    1    1    1    1    1    1    1  1.43959E+14 0.00151 
   78   78    1    1    1    1    1    1    1    1  1.12325E+14 0.00143 
   79   79    1    1    1    1    1    1    1    1  1.16523E+14 0.00180 
   80   80    1    1    1    1    1    1    1    1  8.73981E+13 0.00146 
   81   81    1    1    1    1    1    1    1    1  6.73233E+13 0.00227 
   82   82    1    1    1    1    1    1    1    1  5.19853E+13 0.00267 
   83   83    1    1    1    1    1    1    1    1  4.86706E+13 0.00221 
   84   84    1    1    1    1    1    1    1    1  3.50154E+13 0.00315 
   85   85    1    1    1    1    1    1    1    1  2.52459E+13 0.00356 
   86   86    1    1    1    1    1    1    1    1  2.36745E+13 0.00267 
   87   87    1    1    1    1    1    1    1    1  1.44905E+13 0.00409 
   88   88    1    1    1    1    1    1    1    1  9.84624E+12 0.00535 
   89   89    1    1    1    1    1    1    1    1  5.64473E+12 0.00595 
   90   90    1    1    1    1    1    1    1    1  3.72599E+12 0.00762 
   91   91    1    1    1    1    1    1    1    1  1.86372E+12 0.01489 
   92   92    1    1    1    1    1    1    1    1  8.94783E+11 0.01580 
   93   93    1    1    1    1    1    1    1    1  4.42970E+11 0.01786 
   94   94    1    1    1    1    1    1    1    1  2.00135E+11 0.03645 
   95   95    1    1    1    1    1    1    1    1  1.06343E+11 0.06639 
   96   96    1    1    1    1    1    1    1    1  4.60449E+10 0.08972 
   97   97    1    1    1    1    1    1    1    1  2.13788E+10 0.11429 
   98   98    1    1    1    1    1    1    1    1  8.72347E+09 0.15881 
   99   99    1    1    1    1    1    1    1    1  5.00318E+09 0.21843 
  100  100    1    1    1    1    1    1    1    1  5.07373E+09 0.21209 
];


