
DETdpaspec = [
    1    1    1    1    1    1    1    1    1    1  0.00000E+00 0.00000 
    2    2    1    1    1    1    1    1    1    1  0.00000E+00 0.00000 
    3    3    1    1    1    1    1    1    1    1  0.00000E+00 0.00000 
    4    4    1    1    1    1    1    1    1    1  0.00000E+00 0.00000 
    5    5    1    1    1    1    1    1    1    1  0.00000E+00 0.00000 
    6    6    1    1    1    1    1    1    1    1  0.00000E+00 0.00000 
    7    7    1    1    1    1    1    1    1    1  1.91810E+07 0.69435 
    8    8    1    1    1    1    1    1    1    1  7.95326E+06 1.00000 
    9    9    1    1    1    1    1    1    1    1  0.00000E+00 0.00000 
   10   10    1    1    1    1    1    1    1    1  1.40536E+07 1.00000 
   11   11    1    1    1    1    1    1    1    1  0.00000E+00 0.00000 
   12   12    1    1    1    1    1    1    1    1  2.04903E+07 1.00000 
   13   13    1    1    1    1    1    1    1    1  7.56123E+08 0.42053 
   14   14    1    1    1    1    1    1    1    1  2.26595E+09 0.40043 
   15   15    1    1    1    1    1    1    1    1  1.32638E+09 0.33870 
   16   16    1    1    1    1    1    1    1    1  4.02154E+08 0.33291 
   17   17    1    1    1    1    1    1    1    1  1.32226E+09 0.30338 
   18   18    1    1    1    1    1    1    1    1  4.15835E+09 0.16092 
   19   19    1    1    1    1    1    1    1    1  4.37581E+09 0.16482 
   20   20    1    1    1    1    1    1    1    1  1.23273E+10 0.13673 
   21   21    1    1    1    1    1    1    1    1  1.35299E+10 0.13242 
   22   22    1    1    1    1    1    1    1    1  2.69736E+10 0.08418 
   23   23    1    1    1    1    1    1    1    1  6.27635E+10 0.06602 
   24   24    1    1    1    1    1    1    1    1  1.44141E+11 0.02514 
   25   25    1    1    1    1    1    1    1    1  2.34353E+11 0.03159 
   26   26    1    1    1    1    1    1    1    1  5.17154E+11 0.01729 
   27   27    1    1    1    1    1    1    1    1  1.08049E+12 0.01814 
   28   28    1    1    1    1    1    1    1    1  2.41791E+12 0.01170 
   29   29    1    1    1    1    1    1    1    1  3.59587E+12 0.00668 
   30   30    1    1    1    1    1    1    1    1  7.80408E+12 0.00595 
   31   31    1    1    1    1    1    1    1    1  1.79515E+13 0.00366 
   32   32    1    1    1    1    1    1    1    1  2.60663E+13 0.00305 
   33   33    1    1    1    1    1    1    1    1  5.06538E+13 0.00271 
   34   34    1    1    1    1    1    1    1    1  6.07248E+13 0.00312 
   35   35    1    1    1    1    1    1    1    1  7.74791E+13 0.00200 
   36   36    1    1    1    1    1    1    1    1  5.84208E+13 0.00201 
   37   37    1    1    1    1    1    1    1    1  1.77546E+13 0.00213 
   38   38    1    1    1    1    1    1    1    1  8.85043E+13 0.00195 
   39   39    1    1    1    1    1    1    1    1  1.08768E+14 0.00162 
   40   40    1    1    1    1    1    1    1    1  1.84041E+14 0.00134 
   41   41    1    1    1    1    1    1    1    1  1.72706E+14 0.00128 
   42   42    1    1    1    1    1    1    1    1  3.20924E+14 0.00116 
   43   43    1    1    1    1    1    1    1    1  3.53638E+14 0.00076 
   44   44    1    1    1    1    1    1    1    1  4.62108E+14 0.00090 
   45   45    1    1    1    1    1    1    1    1  8.36868E+14 0.00058 
   46   46    1    1    1    1    1    1    1    1  4.41370E+14 0.00090 
   47   47    1    1    1    1    1    1    1    1  6.32713E+14 0.00096 
   48   48    1    1    1    1    1    1    1    1  8.90953E+14 0.00079 
   49   49    1    1    1    1    1    1    1    1  8.06883E+14 0.00076 
   50   50    1    1    1    1    1    1    1    1  1.26787E+15 0.00048 
   51   51    1    1    1    1    1    1    1    1  9.94416E+14 0.00068 
   52   52    1    1    1    1    1    1    1    1  1.15226E+15 0.00063 
   53   53    1    1    1    1    1    1    1    1  8.23610E+14 0.00079 
   54   54    1    1    1    1    1    1    1    1  1.01808E+15 0.00057 
   55   55    1    1    1    1    1    1    1    1  7.23787E+14 0.00052 
   56   56    1    1    1    1    1    1    1    1  9.95489E+13 0.00115 
   57   57    1    1    1    1    1    1    1    1  1.41162E+15 0.00059 
   58   58    1    1    1    1    1    1    1    1  6.34300E+14 0.00047 
   59   59    1    1    1    1    1    1    1    1  6.88954E+14 0.00066 
   60   60    1    1    1    1    1    1    1    1  5.56460E+14 0.00073 
   61   61    1    1    1    1    1    1    1    1  5.56244E+14 0.00091 
   62   62    1    1    1    1    1    1    1    1  5.63172E+14 0.00052 
   63   63    1    1    1    1    1    1    1    1  4.74527E+14 0.00078 
   64   64    1    1    1    1    1    1    1    1  3.75812E+14 0.00067 
   65   65    1    1    1    1    1    1    1    1  3.70144E+14 0.00108 
   66   66    1    1    1    1    1    1    1    1  2.94787E+14 0.00102 
   67   67    1    1    1    1    1    1    1    1  2.42190E+14 0.00089 
   68   68    1    1    1    1    1    1    1    1  2.13134E+14 0.00117 
   69   69    1    1    1    1    1    1    1    1  2.59855E+14 0.00100 
   70   70    1    1    1    1    1    1    1    1  2.22967E+14 0.00091 
   71   71    1    1    1    1    1    1    1    1  4.13743E+14 0.00069 
   72   72    1    1    1    1    1    1    1    1  3.01125E+14 0.00089 
   73   73    1    1    1    1    1    1    1    1  2.33690E+14 0.00094 
   74   74    1    1    1    1    1    1    1    1  1.90302E+14 0.00082 
   75   75    1    1    1    1    1    1    1    1  1.57845E+14 0.00131 
   76   76    1    1    1    1    1    1    1    1  1.83384E+14 0.00103 
   77   77    1    1    1    1    1    1    1    1  1.44685E+14 0.00113 
   78   78    1    1    1    1    1    1    1    1  1.12674E+14 0.00148 
   79   79    1    1    1    1    1    1    1    1  1.16591E+14 0.00155 
   80   80    1    1    1    1    1    1    1    1  8.77884E+13 0.00142 
   81   81    1    1    1    1    1    1    1    1  6.76929E+13 0.00230 
   82   82    1    1    1    1    1    1    1    1  5.24273E+13 0.00200 
   83   83    1    1    1    1    1    1    1    1  4.90248E+13 0.00171 
   84   84    1    1    1    1    1    1    1    1  3.51058E+13 0.00296 
   85   85    1    1    1    1    1    1    1    1  2.54498E+13 0.00265 
   86   86    1    1    1    1    1    1    1    1  2.37589E+13 0.00282 
   87   87    1    1    1    1    1    1    1    1  1.46421E+13 0.00449 
   88   88    1    1    1    1    1    1    1    1  9.83106E+12 0.00424 
   89   89    1    1    1    1    1    1    1    1  5.62545E+12 0.00664 
   90   90    1    1    1    1    1    1    1    1  3.71469E+12 0.00828 
   91   91    1    1    1    1    1    1    1    1  1.86833E+12 0.00776 
   92   92    1    1    1    1    1    1    1    1  9.16541E+11 0.02237 
   93   93    1    1    1    1    1    1    1    1  4.31555E+11 0.02426 
   94   94    1    1    1    1    1    1    1    1  2.09630E+11 0.03208 
   95   95    1    1    1    1    1    1    1    1  9.22216E+10 0.06642 
   96   96    1    1    1    1    1    1    1    1  4.71442E+10 0.07446 
   97   97    1    1    1    1    1    1    1    1  1.72755E+10 0.09196 
   98   98    1    1    1    1    1    1    1    1  8.83345E+09 0.20152 
   99   99    1    1    1    1    1    1    1    1  4.24801E+09 0.21034 
  100  100    1    1    1    1    1    1    1    1  3.22705E+09 0.36324 
];


