
DETdpaspec = [
    1    1    1    1    1    1    1    1    1    1  0.00000E+00 0.00000 
    2    2    1    1    1    1    1    1    1    1  0.00000E+00 0.00000 
    3    3    1    1    1    1    1    1    1    1  0.00000E+00 0.00000 
    4    4    1    1    1    1    1    1    1    1  0.00000E+00 0.00000 
    5    5    1    1    1    1    1    1    1    1  0.00000E+00 0.00000 
    6    6    1    1    1    1    1    1    1    1  0.00000E+00 0.00000 
    7    7    1    1    1    1    1    1    1    1  0.00000E+00 0.00000 
    8    8    1    1    1    1    1    1    1    1  0.00000E+00 0.00000 
    9    9    1    1    1    1    1    1    1    1  0.00000E+00 0.00000 
   10   10    1    1    1    1    1    1    1    1  9.40962E+07 1.00000 
   11   11    1    1    1    1    1    1    1    1  2.40066E+08 0.56969 
   12   12    1    1    1    1    1    1    1    1  9.67725E+07 0.68854 
   13   13    1    1    1    1    1    1    1    1  1.08832E+09 0.68095 
   14   14    1    1    1    1    1    1    1    1  3.72005E+08 0.69831 
   15   15    1    1    1    1    1    1    1    1  4.13230E+08 0.61453 
   16   16    1    1    1    1    1    1    1    1  6.45995E+08 0.60379 
   17   17    1    1    1    1    1    1    1    1  4.57574E+09 0.18251 
   18   18    1    1    1    1    1    1    1    1  1.86260E+10 0.14772 
   19   19    1    1    1    1    1    1    1    1  3.12728E+10 0.09534 
   20   20    1    1    1    1    1    1    1    1  1.84238E+11 0.03475 
   21   21    1    1    1    1    1    1    1    1  4.65300E+11 0.01777 
   22   22    1    1    1    1    1    1    1    1  1.48301E+12 0.01311 
   23   23    1    1    1    1    1    1    1    1  3.43180E+12 0.01006 
   24   24    1    1    1    1    1    1    1    1  5.96613E+12 0.00757 
   25   25    1    1    1    1    1    1    1    1  7.27464E+12 0.00592 
   26   26    1    1    1    1    1    1    1    1  1.14638E+13 0.00493 
   27   27    1    1    1    1    1    1    1    1  1.64306E+13 0.00420 
   28   28    1    1    1    1    1    1    1    1  2.37224E+13 0.00288 
   29   29    1    1    1    1    1    1    1    1  2.88564E+13 0.00332 
   30   30    1    1    1    1    1    1    1    1  4.40673E+13 0.00233 
   31   31    1    1    1    1    1    1    1    1  6.77592E+13 0.00176 
   32   32    1    1    1    1    1    1    1    1  8.00945E+13 0.00204 
   33   33    1    1    1    1    1    1    1    1  1.27989E+14 0.00129 
   34   34    1    1    1    1    1    1    1    1  1.37686E+14 0.00118 
   35   35    1    1    1    1    1    1    1    1  1.43126E+14 0.00101 
   36   36    1    1    1    1    1    1    1    1  9.59724E+13 0.00098 
   37   37    1    1    1    1    1    1    1    1  2.77174E+13 0.00104 
   38   38    1    1    1    1    1    1    1    1  1.38533E+14 0.00116 
   39   39    1    1    1    1    1    1    1    1  1.64425E+14 0.00117 
   40   40    1    1    1    1    1    1    1    1  2.69735E+14 0.00078 
   41   41    1    1    1    1    1    1    1    1  2.38479E+14 0.00074 
   42   42    1    1    1    1    1    1    1    1  4.33384E+14 0.00097 
   43   43    1    1    1    1    1    1    1    1  4.61549E+14 0.00072 
   44   44    1    1    1    1    1    1    1    1  5.84661E+14 0.00084 
   45   45    1    1    1    1    1    1    1    1  1.01545E+15 0.00065 
   46   46    1    1    1    1    1    1    1    1  5.11912E+14 0.00067 
   47   47    1    1    1    1    1    1    1    1  7.15059E+14 0.00072 
   48   48    1    1    1    1    1    1    1    1  9.77177E+14 0.00073 
   49   49    1    1    1    1    1    1    1    1  8.58041E+14 0.00065 
   50   50    1    1    1    1    1    1    1    1  1.32879E+15 0.00067 
   51   51    1    1    1    1    1    1    1    1  1.00345E+15 0.00065 
   52   52    1    1    1    1    1    1    1    1  1.15474E+15 0.00075 
   53   53    1    1    1    1    1    1    1    1  8.05313E+14 0.00062 
   54   54    1    1    1    1    1    1    1    1  9.93644E+14 0.00066 
   55   55    1    1    1    1    1    1    1    1  6.96035E+14 0.00081 
   56   56    1    1    1    1    1    1    1    1  9.48896E+13 0.00126 
   57   57    1    1    1    1    1    1    1    1  1.33400E+15 0.00060 
   58   58    1    1    1    1    1    1    1    1  6.00670E+14 0.00070 
   59   59    1    1    1    1    1    1    1    1  6.41626E+14 0.00101 
   60   60    1    1    1    1    1    1    1    1  5.18627E+14 0.00066 
   61   61    1    1    1    1    1    1    1    1  5.14951E+14 0.00109 
   62   62    1    1    1    1    1    1    1    1  5.16030E+14 0.00087 
   63   63    1    1    1    1    1    1    1    1  4.31597E+14 0.00104 
   64   64    1    1    1    1    1    1    1    1  3.39075E+14 0.00123 
   65   65    1    1    1    1    1    1    1    1  3.30961E+14 0.00136 
   66   66    1    1    1    1    1    1    1    1  2.61606E+14 0.00104 
   67   67    1    1    1    1    1    1    1    1  2.12529E+14 0.00111 
   68   68    1    1    1    1    1    1    1    1  1.86329E+14 0.00119 
   69   69    1    1    1    1    1    1    1    1  2.24896E+14 0.00109 
   70   70    1    1    1    1    1    1    1    1  1.91057E+14 0.00167 
   71   71    1    1    1    1    1    1    1    1  3.45484E+14 0.00134 
   72   72    1    1    1    1    1    1    1    1  2.46880E+14 0.00153 
   73   73    1    1    1    1    1    1    1    1  1.89325E+14 0.00134 
   74   74    1    1    1    1    1    1    1    1  1.55482E+14 0.00171 
   75   75    1    1    1    1    1    1    1    1  1.29371E+14 0.00182 
   76   76    1    1    1    1    1    1    1    1  1.50433E+14 0.00153 
   77   77    1    1    1    1    1    1    1    1  1.19350E+14 0.00232 
   78   78    1    1    1    1    1    1    1    1  9.31709E+13 0.00222 
   79   79    1    1    1    1    1    1    1    1  9.62925E+13 0.00177 
   80   80    1    1    1    1    1    1    1    1  7.17256E+13 0.00226 
   81   81    1    1    1    1    1    1    1    1  5.52908E+13 0.00211 
   82   82    1    1    1    1    1    1    1    1  4.21914E+13 0.00284 
   83   83    1    1    1    1    1    1    1    1  3.91366E+13 0.00196 
   84   84    1    1    1    1    1    1    1    1  2.79678E+13 0.00316 
   85   85    1    1    1    1    1    1    1    1  1.98570E+13 0.00387 
   86   86    1    1    1    1    1    1    1    1  1.85034E+13 0.00257 
   87   87    1    1    1    1    1    1    1    1  1.12412E+13 0.00462 
   88   88    1    1    1    1    1    1    1    1  7.29060E+12 0.00627 
   89   89    1    1    1    1    1    1    1    1  4.13745E+12 0.00749 
   90   90    1    1    1    1    1    1    1    1  2.70337E+12 0.01011 
   91   91    1    1    1    1    1    1    1    1  1.30574E+12 0.01006 
   92   92    1    1    1    1    1    1    1    1  5.87454E+11 0.00933 
   93   93    1    1    1    1    1    1    1    1  2.89076E+11 0.02543 
   94   94    1    1    1    1    1    1    1    1  1.35236E+11 0.04250 
   95   95    1    1    1    1    1    1    1    1  6.79246E+10 0.04859 
   96   96    1    1    1    1    1    1    1    1  3.20649E+10 0.08130 
   97   97    1    1    1    1    1    1    1    1  1.42726E+10 0.11537 
   98   98    1    1    1    1    1    1    1    1  7.38433E+09 0.15223 
   99   99    1    1    1    1    1    1    1    1  3.24916E+09 0.32168 
  100  100    1    1    1    1    1    1    1    1  2.43858E+09 0.29742 
];


