
DETdpaspec = [
    1    1    1    1    1    1    1    1    1    1  0.00000E+00 0.00000 
    2    2    1    1    1    1    1    1    1    1  0.00000E+00 0.00000 
    3    3    1    1    1    1    1    1    1    1  0.00000E+00 0.00000 
    4    4    1    1    1    1    1    1    1    1  0.00000E+00 0.00000 
    5    5    1    1    1    1    1    1    1    1  0.00000E+00 0.00000 
    6    6    1    1    1    1    1    1    1    1  0.00000E+00 0.00000 
    7    7    1    1    1    1    1    1    1    1  0.00000E+00 0.00000 
    8    8    1    1    1    1    1    1    1    1  0.00000E+00 0.00000 
    9    9    1    1    1    1    1    1    1    1  0.00000E+00 0.00000 
   10   10    1    1    1    1    1    1    1    1  0.00000E+00 0.00000 
   11   11    1    1    1    1    1    1    1    1  3.86454E+08 1.00000 
   12   12    1    1    1    1    1    1    1    1  1.48532E+08 1.00000 
   13   13    1    1    1    1    1    1    1    1  9.50605E+08 0.60987 
   14   14    1    1    1    1    1    1    1    1  9.07009E+08 0.60407 
   15   15    1    1    1    1    1    1    1    1  4.29191E+08 0.78730 
   16   16    1    1    1    1    1    1    1    1  9.96254E+08 0.56827 
   17   17    1    1    1    1    1    1    1    1  2.55402E+09 0.30555 
   18   18    1    1    1    1    1    1    1    1  5.43316E+09 0.19472 
   19   19    1    1    1    1    1    1    1    1  1.09096E+10 0.15634 
   20   20    1    1    1    1    1    1    1    1  7.39224E+10 0.06167 
   21   21    1    1    1    1    1    1    1    1  2.19489E+11 0.03823 
   22   22    1    1    1    1    1    1    1    1  7.79309E+11 0.02048 
   23   23    1    1    1    1    1    1    1    1  2.13052E+12 0.01130 
   24   24    1    1    1    1    1    1    1    1  4.05245E+12 0.00840 
   25   25    1    1    1    1    1    1    1    1  5.18032E+12 0.00699 
   26   26    1    1    1    1    1    1    1    1  8.39140E+12 0.00600 
   27   27    1    1    1    1    1    1    1    1  1.25705E+13 0.00467 
   28   28    1    1    1    1    1    1    1    1  1.92944E+13 0.00372 
   29   29    1    1    1    1    1    1    1    1  2.41918E+13 0.00277 
   30   30    1    1    1    1    1    1    1    1  3.79466E+13 0.00318 
   31   31    1    1    1    1    1    1    1    1  6.11206E+13 0.00214 
   32   32    1    1    1    1    1    1    1    1  7.33654E+13 0.00174 
   33   33    1    1    1    1    1    1    1    1  1.19114E+14 0.00135 
   34   34    1    1    1    1    1    1    1    1  1.30373E+14 0.00120 
   35   35    1    1    1    1    1    1    1    1  1.37429E+14 0.00151 
   36   36    1    1    1    1    1    1    1    1  9.30227E+13 0.00120 
   37   37    1    1    1    1    1    1    1    1  2.68996E+13 0.00157 
   38   38    1    1    1    1    1    1    1    1  1.34725E+14 0.00140 
   39   39    1    1    1    1    1    1    1    1  1.60057E+14 0.00120 
   40   40    1    1    1    1    1    1    1    1  2.64285E+14 0.00117 
   41   41    1    1    1    1    1    1    1    1  2.34501E+14 0.00079 
   42   42    1    1    1    1    1    1    1    1  4.27607E+14 0.00092 
   43   43    1    1    1    1    1    1    1    1  4.56896E+14 0.00054 
   44   44    1    1    1    1    1    1    1    1  5.80070E+14 0.00067 
   45   45    1    1    1    1    1    1    1    1  1.01451E+15 0.00070 
   46   46    1    1    1    1    1    1    1    1  5.14084E+14 0.00065 
   47   47    1    1    1    1    1    1    1    1  7.19963E+14 0.00077 
   48   48    1    1    1    1    1    1    1    1  9.88003E+14 0.00055 
   49   49    1    1    1    1    1    1    1    1  8.69979E+14 0.00076 
   50   50    1    1    1    1    1    1    1    1  1.35080E+15 0.00053 
   51   51    1    1    1    1    1    1    1    1  1.02338E+15 0.00062 
   52   52    1    1    1    1    1    1    1    1  1.17909E+15 0.00046 
   53   53    1    1    1    1    1    1    1    1  8.26643E+14 0.00066 
   54   54    1    1    1    1    1    1    1    1  1.02083E+15 0.00047 
   55   55    1    1    1    1    1    1    1    1  7.16407E+14 0.00055 
   56   56    1    1    1    1    1    1    1    1  9.79108E+13 0.00106 
   57   57    1    1    1    1    1    1    1    1  1.37768E+15 0.00064 
   58   58    1    1    1    1    1    1    1    1  6.21283E+14 0.00078 
   59   59    1    1    1    1    1    1    1    1  6.65076E+14 0.00070 
   60   60    1    1    1    1    1    1    1    1  5.38348E+14 0.00073 
   61   61    1    1    1    1    1    1    1    1  5.34546E+14 0.00077 
   62   62    1    1    1    1    1    1    1    1  5.37140E+14 0.00084 
   63   63    1    1    1    1    1    1    1    1  4.49373E+14 0.00068 
   64   64    1    1    1    1    1    1    1    1  3.54275E+14 0.00076 
   65   65    1    1    1    1    1    1    1    1  3.46050E+14 0.00077 
   66   66    1    1    1    1    1    1    1    1  2.74009E+14 0.00095 
   67   67    1    1    1    1    1    1    1    1  2.23175E+14 0.00093 
   68   68    1    1    1    1    1    1    1    1  1.95758E+14 0.00104 
   69   69    1    1    1    1    1    1    1    1  2.36745E+14 0.00108 
   70   70    1    1    1    1    1    1    1    1  2.01449E+14 0.00091 
   71   71    1    1    1    1    1    1    1    1  3.64984E+14 0.00092 
   72   72    1    1    1    1    1    1    1    1  2.62021E+14 0.00092 
   73   73    1    1    1    1    1    1    1    1  2.01295E+14 0.00122 
   74   74    1    1    1    1    1    1    1    1  1.65219E+14 0.00137 
   75   75    1    1    1    1    1    1    1    1  1.37852E+14 0.00138 
   76   76    1    1    1    1    1    1    1    1  1.60735E+14 0.00145 
   77   77    1    1    1    1    1    1    1    1  1.27567E+14 0.00112 
   78   78    1    1    1    1    1    1    1    1  9.98187E+13 0.00131 
   79   79    1    1    1    1    1    1    1    1  1.03620E+14 0.00188 
   80   80    1    1    1    1    1    1    1    1  7.72175E+13 0.00195 
   81   81    1    1    1    1    1    1    1    1  5.93389E+13 0.00144 
   82   82    1    1    1    1    1    1    1    1  4.57873E+13 0.00253 
   83   83    1    1    1    1    1    1    1    1  4.22564E+13 0.00184 
   84   84    1    1    1    1    1    1    1    1  3.03074E+13 0.00302 
   85   85    1    1    1    1    1    1    1    1  2.17475E+13 0.00374 
   86   86    1    1    1    1    1    1    1    1  2.03450E+13 0.00338 
   87   87    1    1    1    1    1    1    1    1  1.22563E+13 0.00464 
   88   88    1    1    1    1    1    1    1    1  8.18369E+12 0.00583 
   89   89    1    1    1    1    1    1    1    1  4.56531E+12 0.00585 
   90   90    1    1    1    1    1    1    1    1  3.04270E+12 0.01227 
   91   91    1    1    1    1    1    1    1    1  1.45606E+12 0.01287 
   92   92    1    1    1    1    1    1    1    1  6.88781E+11 0.01774 
   93   93    1    1    1    1    1    1    1    1  3.24500E+11 0.03127 
   94   94    1    1    1    1    1    1    1    1  1.57894E+11 0.03540 
   95   95    1    1    1    1    1    1    1    1  7.08935E+10 0.05598 
   96   96    1    1    1    1    1    1    1    1  3.37981E+10 0.08903 
   97   97    1    1    1    1    1    1    1    1  1.60545E+10 0.12201 
   98   98    1    1    1    1    1    1    1    1  1.14669E+10 0.14540 
   99   99    1    1    1    1    1    1    1    1  4.86910E+09 0.21465 
  100  100    1    1    1    1    1    1    1    1  2.79890E+09 0.20902 
];


