
DETdpaspec = [
    1    1    1    1    1    1    1    1    1    1  0.00000E+00 0.00000 
    2    2    1    1    1    1    1    1    1    1  0.00000E+00 0.00000 
    3    3    1    1    1    1    1    1    1    1  0.00000E+00 0.00000 
    4    4    1    1    1    1    1    1    1    1  9.29407E+06 1.00000 
    5    5    1    1    1    1    1    1    1    1  0.00000E+00 0.00000 
    6    6    1    1    1    1    1    1    1    1  0.00000E+00 0.00000 
    7    7    1    1    1    1    1    1    1    1  0.00000E+00 0.00000 
    8    8    1    1    1    1    1    1    1    1  0.00000E+00 0.00000 
    9    9    1    1    1    1    1    1    1    1  0.00000E+00 0.00000 
   10   10    1    1    1    1    1    1    1    1  5.74219E+07 0.68912 
   11   11    1    1    1    1    1    1    1    1  9.47535E+07 0.73438 
   12   12    1    1    1    1    1    1    1    1  0.00000E+00 0.00000 
   13   13    1    1    1    1    1    1    1    1  6.00163E+08 0.36408 
   14   14    1    1    1    1    1    1    1    1  2.22722E+09 0.35985 
   15   15    1    1    1    1    1    1    1    1  1.39253E+09 0.38525 
   16   16    1    1    1    1    1    1    1    1  8.28270E+08 0.47214 
   17   17    1    1    1    1    1    1    1    1  1.22493E+09 0.24805 
   18   18    1    1    1    1    1    1    1    1  2.11112E+09 0.28788 
   19   19    1    1    1    1    1    1    1    1  4.51493E+09 0.19587 
   20   20    1    1    1    1    1    1    1    1  9.85362E+09 0.12837 
   21   21    1    1    1    1    1    1    1    1  7.39996E+09 0.13715 
   22   22    1    1    1    1    1    1    1    1  2.32668E+10 0.11399 
   23   23    1    1    1    1    1    1    1    1  6.35757E+10 0.05197 
   24   24    1    1    1    1    1    1    1    1  1.54354E+11 0.03522 
   25   25    1    1    1    1    1    1    1    1  2.72407E+11 0.02692 
   26   26    1    1    1    1    1    1    1    1  5.93849E+11 0.01516 
   27   27    1    1    1    1    1    1    1    1  1.26737E+12 0.01310 
   28   28    1    1    1    1    1    1    1    1  2.81582E+12 0.00807 
   29   29    1    1    1    1    1    1    1    1  4.28996E+12 0.00799 
   30   30    1    1    1    1    1    1    1    1  8.87943E+12 0.00545 
   31   31    1    1    1    1    1    1    1    1  1.97622E+13 0.00542 
   32   32    1    1    1    1    1    1    1    1  2.82993E+13 0.00380 
   33   33    1    1    1    1    1    1    1    1  5.43956E+13 0.00233 
   34   34    1    1    1    1    1    1    1    1  6.51811E+13 0.00213 
   35   35    1    1    1    1    1    1    1    1  8.11831E+13 0.00243 
   36   36    1    1    1    1    1    1    1    1  6.04528E+13 0.00150 
   37   37    1    1    1    1    1    1    1    1  1.83065E+13 0.00213 
   38   38    1    1    1    1    1    1    1    1  9.17302E+13 0.00140 
   39   39    1    1    1    1    1    1    1    1  1.12431E+14 0.00130 
   40   40    1    1    1    1    1    1    1    1  1.90156E+14 0.00105 
   41   41    1    1    1    1    1    1    1    1  1.77517E+14 0.00105 
   42   42    1    1    1    1    1    1    1    1  3.29367E+14 0.00084 
   43   43    1    1    1    1    1    1    1    1  3.61854E+14 0.00110 
   44   44    1    1    1    1    1    1    1    1  4.72445E+14 0.00094 
   45   45    1    1    1    1    1    1    1    1  8.54575E+14 0.00071 
   46   46    1    1    1    1    1    1    1    1  4.49006E+14 0.00076 
   47   47    1    1    1    1    1    1    1    1  6.41983E+14 0.00078 
   48   48    1    1    1    1    1    1    1    1  9.02846E+14 0.00062 
   49   49    1    1    1    1    1    1    1    1  8.15497E+14 0.00053 
   50   50    1    1    1    1    1    1    1    1  1.28455E+15 0.00075 
   51   51    1    1    1    1    1    1    1    1  1.00261E+15 0.00063 
   52   52    1    1    1    1    1    1    1    1  1.16318E+15 0.00062 
   53   53    1    1    1    1    1    1    1    1  8.31355E+14 0.00059 
   54   54    1    1    1    1    1    1    1    1  1.02926E+15 0.00052 
   55   55    1    1    1    1    1    1    1    1  7.31555E+14 0.00055 
   56   56    1    1    1    1    1    1    1    1  1.00653E+14 0.00106 
   57   57    1    1    1    1    1    1    1    1  1.42370E+15 0.00056 
   58   58    1    1    1    1    1    1    1    1  6.41768E+14 0.00073 
   59   59    1    1    1    1    1    1    1    1  6.96280E+14 0.00070 
   60   60    1    1    1    1    1    1    1    1  5.63243E+14 0.00080 
   61   61    1    1    1    1    1    1    1    1  5.63104E+14 0.00060 
   62   62    1    1    1    1    1    1    1    1  5.68996E+14 0.00064 
   63   63    1    1    1    1    1    1    1    1  4.79758E+14 0.00056 
   64   64    1    1    1    1    1    1    1    1  3.79740E+14 0.00064 
   65   65    1    1    1    1    1    1    1    1  3.73350E+14 0.00083 
   66   66    1    1    1    1    1    1    1    1  2.97677E+14 0.00111 
   67   67    1    1    1    1    1    1    1    1  2.44206E+14 0.00093 
   68   68    1    1    1    1    1    1    1    1  2.15198E+14 0.00082 
   69   69    1    1    1    1    1    1    1    1  2.62354E+14 0.00122 
   70   70    1    1    1    1    1    1    1    1  2.24822E+14 0.00123 
   71   71    1    1    1    1    1    1    1    1  4.15889E+14 0.00086 
   72   72    1    1    1    1    1    1    1    1  3.01930E+14 0.00100 
   73   73    1    1    1    1    1    1    1    1  2.33839E+14 0.00115 
   74   74    1    1    1    1    1    1    1    1  1.91330E+14 0.00114 
   75   75    1    1    1    1    1    1    1    1  1.58555E+14 0.00145 
   76   76    1    1    1    1    1    1    1    1  1.84284E+14 0.00130 
   77   77    1    1    1    1    1    1    1    1  1.46602E+14 0.00116 
   78   78    1    1    1    1    1    1    1    1  1.14310E+14 0.00115 
   79   79    1    1    1    1    1    1    1    1  1.18701E+14 0.00103 
   80   80    1    1    1    1    1    1    1    1  8.88933E+13 0.00236 
   81   81    1    1    1    1    1    1    1    1  6.86583E+13 0.00159 
   82   82    1    1    1    1    1    1    1    1  5.33459E+13 0.00205 
   83   83    1    1    1    1    1    1    1    1  4.97404E+13 0.00233 
   84   84    1    1    1    1    1    1    1    1  3.57481E+13 0.00229 
   85   85    1    1    1    1    1    1    1    1  2.58900E+13 0.00369 
   86   86    1    1    1    1    1    1    1    1  2.39325E+13 0.00388 
   87   87    1    1    1    1    1    1    1    1  1.47297E+13 0.00447 
   88   88    1    1    1    1    1    1    1    1  9.95599E+12 0.00566 
   89   89    1    1    1    1    1    1    1    1  5.70304E+12 0.00952 
   90   90    1    1    1    1    1    1    1    1  3.78694E+12 0.00958 
   91   91    1    1    1    1    1    1    1    1  1.90548E+12 0.00918 
   92   92    1    1    1    1    1    1    1    1  9.27808E+11 0.01733 
   93   93    1    1    1    1    1    1    1    1  4.30818E+11 0.02300 
   94   94    1    1    1    1    1    1    1    1  2.11514E+11 0.03514 
   95   95    1    1    1    1    1    1    1    1  9.63925E+10 0.03740 
   96   96    1    1    1    1    1    1    1    1  5.22639E+10 0.04747 
   97   97    1    1    1    1    1    1    1    1  2.17859E+10 0.13368 
   98   98    1    1    1    1    1    1    1    1  1.59849E+10 0.10837 
   99   99    1    1    1    1    1    1    1    1  8.29655E+09 0.21175 
  100  100    1    1    1    1    1    1    1    1  3.64625E+09 0.30625 
];


