
DETdpaspec = [
    1    1    1    1    1    1    1    1    1    1  0.00000E+00 0.00000 
    2    2    1    1    1    1    1    1    1    1  0.00000E+00 0.00000 
    3    3    1    1    1    1    1    1    1    1  0.00000E+00 0.00000 
    4    4    1    1    1    1    1    1    1    1  0.00000E+00 0.00000 
    5    5    1    1    1    1    1    1    1    1  0.00000E+00 0.00000 
    6    6    1    1    1    1    1    1    1    1  0.00000E+00 0.00000 
    7    7    1    1    1    1    1    1    1    1  0.00000E+00 0.00000 
    8    8    1    1    1    1    1    1    1    1  0.00000E+00 0.00000 
    9    9    1    1    1    1    1    1    1    1  0.00000E+00 0.00000 
   10   10    1    1    1    1    1    1    1    1  2.43191E+07 1.00000 
   11   11    1    1    1    1    1    1    1    1  0.00000E+00 0.00000 
   12   12    1    1    1    1    1    1    1    1  6.92804E+07 0.57116 
   13   13    1    1    1    1    1    1    1    1  5.80614E+08 0.55989 
   14   14    1    1    1    1    1    1    1    1  1.23464E+09 0.41735 
   15   15    1    1    1    1    1    1    1    1  1.14006E+09 0.45686 
   16   16    1    1    1    1    1    1    1    1  5.34674E+08 0.44594 
   17   17    1    1    1    1    1    1    1    1  1.05604E+09 0.48762 
   18   18    1    1    1    1    1    1    1    1  2.95997E+09 0.40249 
   19   19    1    1    1    1    1    1    1    1  3.21009E+09 0.27599 
   20   20    1    1    1    1    1    1    1    1  1.14653E+10 0.13675 
   21   21    1    1    1    1    1    1    1    1  1.20172E+10 0.08827 
   22   22    1    1    1    1    1    1    1    1  4.58908E+10 0.06829 
   23   23    1    1    1    1    1    1    1    1  1.73657E+11 0.03589 
   24   24    1    1    1    1    1    1    1    1  4.69518E+11 0.02266 
   25   25    1    1    1    1    1    1    1    1  7.93728E+11 0.01483 
   26   26    1    1    1    1    1    1    1    1  1.55634E+12 0.01493 
   27   27    1    1    1    1    1    1    1    1  2.88098E+12 0.01015 
   28   28    1    1    1    1    1    1    1    1  5.81431E+12 0.00721 
   29   29    1    1    1    1    1    1    1    1  8.39576E+12 0.00495 
   30   30    1    1    1    1    1    1    1    1  1.51881E+13 0.00345 
   31   31    1    1    1    1    1    1    1    1  3.05355E+13 0.00325 
   32   32    1    1    1    1    1    1    1    1  4.09219E+13 0.00319 
   33   33    1    1    1    1    1    1    1    1  7.36107E+13 0.00148 
   34   34    1    1    1    1    1    1    1    1  8.65087E+13 0.00183 
   35   35    1    1    1    1    1    1    1    1  9.99291E+13 0.00148 
   36   36    1    1    1    1    1    1    1    1  7.17255E+13 0.00138 
   37   37    1    1    1    1    1    1    1    1  2.12499E+13 0.00145 
   38   38    1    1    1    1    1    1    1    1  1.06600E+14 0.00106 
   39   39    1    1    1    1    1    1    1    1  1.29471E+14 0.00122 
   40   40    1    1    1    1    1    1    1    1  2.17177E+14 0.00067 
   41   41    1    1    1    1    1    1    1    1  1.98136E+14 0.00094 
   42   42    1    1    1    1    1    1    1    1  3.66462E+14 0.00077 
   43   43    1    1    1    1    1    1    1    1  3.99068E+14 0.00100 
   44   44    1    1    1    1    1    1    1    1  5.15522E+14 0.00065 
   45   45    1    1    1    1    1    1    1    1  9.21605E+14 0.00072 
   46   46    1    1    1    1    1    1    1    1  4.78488E+14 0.00075 
   47   47    1    1    1    1    1    1    1    1  6.77707E+14 0.00071 
   48   48    1    1    1    1    1    1    1    1  9.45818E+14 0.00056 
   49   49    1    1    1    1    1    1    1    1  8.45202E+14 0.00060 
   50   50    1    1    1    1    1    1    1    1  1.32897E+15 0.00068 
   51   51    1    1    1    1    1    1    1    1  1.02621E+15 0.00062 
   52   52    1    1    1    1    1    1    1    1  1.19009E+15 0.00064 
   53   53    1    1    1    1    1    1    1    1  8.44706E+14 0.00071 
   54   54    1    1    1    1    1    1    1    1  1.04810E+15 0.00055 
   55   55    1    1    1    1    1    1    1    1  7.41260E+14 0.00068 
   56   56    1    1    1    1    1    1    1    1  1.01965E+14 0.00111 
   57   57    1    1    1    1    1    1    1    1  1.43901E+15 0.00057 
   58   58    1    1    1    1    1    1    1    1  6.50714E+14 0.00055 
   59   59    1    1    1    1    1    1    1    1  7.01500E+14 0.00053 
   60   60    1    1    1    1    1    1    1    1  5.69479E+14 0.00072 
   61   61    1    1    1    1    1    1    1    1  5.68295E+14 0.00062 
   62   62    1    1    1    1    1    1    1    1  5.73517E+14 0.00056 
   63   63    1    1    1    1    1    1    1    1  4.82628E+14 0.00094 
   64   64    1    1    1    1    1    1    1    1  3.81757E+14 0.00097 
   65   65    1    1    1    1    1    1    1    1  3.74994E+14 0.00077 
   66   66    1    1    1    1    1    1    1    1  2.98579E+14 0.00088 
   67   67    1    1    1    1    1    1    1    1  2.44119E+14 0.00090 
   68   68    1    1    1    1    1    1    1    1  2.14758E+14 0.00113 
   69   69    1    1    1    1    1    1    1    1  2.60931E+14 0.00107 
   70   70    1    1    1    1    1    1    1    1  2.23187E+14 0.00099 
   71   71    1    1    1    1    1    1    1    1  4.09357E+14 0.00109 
   72   72    1    1    1    1    1    1    1    1  2.95876E+14 0.00113 
   73   73    1    1    1    1    1    1    1    1  2.29423E+14 0.00121 
   74   74    1    1    1    1    1    1    1    1  1.88209E+14 0.00082 
   75   75    1    1    1    1    1    1    1    1  1.57119E+14 0.00123 
   76   76    1    1    1    1    1    1    1    1  1.82620E+14 0.00115 
   77   77    1    1    1    1    1    1    1    1  1.45402E+14 0.00138 
   78   78    1    1    1    1    1    1    1    1  1.14179E+14 0.00136 
   79   79    1    1    1    1    1    1    1    1  1.18898E+14 0.00188 
   80   80    1    1    1    1    1    1    1    1  8.88543E+13 0.00170 
   81   81    1    1    1    1    1    1    1    1  6.90222E+13 0.00166 
   82   82    1    1    1    1    1    1    1    1  5.33292E+13 0.00187 
   83   83    1    1    1    1    1    1    1    1  4.97905E+13 0.00179 
   84   84    1    1    1    1    1    1    1    1  3.56663E+13 0.00248 
   85   85    1    1    1    1    1    1    1    1  2.58218E+13 0.00276 
   86   86    1    1    1    1    1    1    1    1  2.38709E+13 0.00364 
   87   87    1    1    1    1    1    1    1    1  1.47119E+13 0.00401 
   88   88    1    1    1    1    1    1    1    1  9.86218E+12 0.00410 
   89   89    1    1    1    1    1    1    1    1  5.65764E+12 0.00691 
   90   90    1    1    1    1    1    1    1    1  3.69141E+12 0.00639 
   91   91    1    1    1    1    1    1    1    1  1.87039E+12 0.01289 
   92   92    1    1    1    1    1    1    1    1  8.97087E+11 0.01758 
   93   93    1    1    1    1    1    1    1    1  4.29190E+11 0.03232 
   94   94    1    1    1    1    1    1    1    1  2.06106E+11 0.04011 
   95   95    1    1    1    1    1    1    1    1  9.57689E+10 0.04103 
   96   96    1    1    1    1    1    1    1    1  4.45439E+10 0.06201 
   97   97    1    1    1    1    1    1    1    1  2.17124E+10 0.09576 
   98   98    1    1    1    1    1    1    1    1  1.28731E+10 0.15087 
   99   99    1    1    1    1    1    1    1    1  5.50681E+09 0.22402 
  100  100    1    1    1    1    1    1    1    1  5.11277E+09 0.17198 
];


