
DETdpaspec = [
    1    1    1    1    1    1    1    1    1    1  0.00000E+00 0.00000 
    2    2    1    1    1    1    1    1    1    1  0.00000E+00 0.00000 
    3    3    1    1    1    1    1    1    1    1  0.00000E+00 0.00000 
    4    4    1    1    1    1    1    1    1    1  0.00000E+00 0.00000 
    5    5    1    1    1    1    1    1    1    1  0.00000E+00 0.00000 
    6    6    1    1    1    1    1    1    1    1  0.00000E+00 0.00000 
    7    7    1    1    1    1    1    1    1    1  0.00000E+00 0.00000 
    8    8    1    1    1    1    1    1    1    1  0.00000E+00 0.00000 
    9    9    1    1    1    1    1    1    1    1  0.00000E+00 0.00000 
   10   10    1    1    1    1    1    1    1    1  0.00000E+00 0.00000 
   11   11    1    1    1    1    1    1    1    1  0.00000E+00 0.00000 
   12   12    1    1    1    1    1    1    1    1  4.35405E+06 1.00000 
   13   13    1    1    1    1    1    1    1    1  9.85166E+08 0.62072 
   14   14    1    1    1    1    1    1    1    1  3.10146E+09 0.42160 
   15   15    1    1    1    1    1    1    1    1  1.77028E+09 0.41843 
   16   16    1    1    1    1    1    1    1    1  7.75401E+08 0.39454 
   17   17    1    1    1    1    1    1    1    1  1.22023E+09 0.37480 
   18   18    1    1    1    1    1    1    1    1  2.16569E+09 0.34197 
   19   19    1    1    1    1    1    1    1    1  2.08582E+09 0.27717 
   20   20    1    1    1    1    1    1    1    1  1.16437E+10 0.15429 
   21   21    1    1    1    1    1    1    1    1  1.56067E+10 0.13667 
   22   22    1    1    1    1    1    1    1    1  5.89232E+10 0.05060 
   23   23    1    1    1    1    1    1    1    1  2.40707E+11 0.02540 
   24   24    1    1    1    1    1    1    1    1  6.42424E+11 0.01965 
   25   25    1    1    1    1    1    1    1    1  1.06954E+12 0.01640 
   26   26    1    1    1    1    1    1    1    1  2.08404E+12 0.01474 
   27   27    1    1    1    1    1    1    1    1  3.72735E+12 0.00988 
   28   28    1    1    1    1    1    1    1    1  7.13056E+12 0.00705 
   29   29    1    1    1    1    1    1    1    1  1.01568E+13 0.00575 
   30   30    1    1    1    1    1    1    1    1  1.79088E+13 0.00312 
   31   31    1    1    1    1    1    1    1    1  3.44225E+13 0.00198 
   32   32    1    1    1    1    1    1    1    1  4.53578E+13 0.00308 
   33   33    1    1    1    1    1    1    1    1  8.01814E+13 0.00209 
   34   34    1    1    1    1    1    1    1    1  9.32958E+13 0.00222 
   35   35    1    1    1    1    1    1    1    1  1.05844E+14 0.00215 
   36   36    1    1    1    1    1    1    1    1  7.50680E+13 0.00149 
   37   37    1    1    1    1    1    1    1    1  2.22223E+13 0.00182 
   38   38    1    1    1    1    1    1    1    1  1.11272E+14 0.00188 
   39   39    1    1    1    1    1    1    1    1  1.34540E+14 0.00101 
   40   40    1    1    1    1    1    1    1    1  2.24995E+14 0.00129 
   41   41    1    1    1    1    1    1    1    1  2.04300E+14 0.00146 
   42   42    1    1    1    1    1    1    1    1  3.76664E+14 0.00091 
   43   43    1    1    1    1    1    1    1    1  4.09382E+14 0.00107 
   44   44    1    1    1    1    1    1    1    1  5.28180E+14 0.00129 
   45   45    1    1    1    1    1    1    1    1  9.40347E+14 0.00074 
   46   46    1    1    1    1    1    1    1    1  4.85728E+14 0.00070 
   47   47    1    1    1    1    1    1    1    1  6.87037E+14 0.00081 
   48   48    1    1    1    1    1    1    1    1  9.56376E+14 0.00068 
   49   49    1    1    1    1    1    1    1    1  8.53063E+14 0.00062 
   50   50    1    1    1    1    1    1    1    1  1.33809E+15 0.00054 
   51   51    1    1    1    1    1    1    1    1  1.02915E+15 0.00059 
   52   52    1    1    1    1    1    1    1    1  1.19409E+15 0.00055 
   53   53    1    1    1    1    1    1    1    1  8.44857E+14 0.00049 
   54   54    1    1    1    1    1    1    1    1  1.04832E+15 0.00067 
   55   55    1    1    1    1    1    1    1    1  7.40307E+14 0.00052 
   56   56    1    1    1    1    1    1    1    1  1.01630E+14 0.00118 
   57   57    1    1    1    1    1    1    1    1  1.43585E+15 0.00053 
   58   58    1    1    1    1    1    1    1    1  6.49342E+14 0.00081 
   59   59    1    1    1    1    1    1    1    1  6.99006E+14 0.00089 
   60   60    1    1    1    1    1    1    1    1  5.67453E+14 0.00044 
   61   61    1    1    1    1    1    1    1    1  5.66001E+14 0.00063 
   62   62    1    1    1    1    1    1    1    1  5.70787E+14 0.00075 
   63   63    1    1    1    1    1    1    1    1  4.80178E+14 0.00067 
   64   64    1    1    1    1    1    1    1    1  3.80104E+14 0.00091 
   65   65    1    1    1    1    1    1    1    1  3.72825E+14 0.00071 
   66   66    1    1    1    1    1    1    1    1  2.96796E+14 0.00080 
   67   67    1    1    1    1    1    1    1    1  2.42275E+14 0.00116 
   68   68    1    1    1    1    1    1    1    1  2.12830E+14 0.00123 
   69   69    1    1    1    1    1    1    1    1  2.58418E+14 0.00118 
   70   70    1    1    1    1    1    1    1    1  2.21458E+14 0.00109 
   71   71    1    1    1    1    1    1    1    1  4.05122E+14 0.00086 
   72   72    1    1    1    1    1    1    1    1  2.92542E+14 0.00114 
   73   73    1    1    1    1    1    1    1    1  2.25960E+14 0.00142 
   74   74    1    1    1    1    1    1    1    1  1.85558E+14 0.00148 
   75   75    1    1    1    1    1    1    1    1  1.54720E+14 0.00100 
   76   76    1    1    1    1    1    1    1    1  1.80919E+14 0.00157 
   77   77    1    1    1    1    1    1    1    1  1.43802E+14 0.00141 
   78   78    1    1    1    1    1    1    1    1  1.12827E+14 0.00158 
   79   79    1    1    1    1    1    1    1    1  1.17383E+14 0.00166 
   80   80    1    1    1    1    1    1    1    1  8.80587E+13 0.00138 
   81   81    1    1    1    1    1    1    1    1  6.82780E+13 0.00214 
   82   82    1    1    1    1    1    1    1    1  5.26294E+13 0.00163 
   83   83    1    1    1    1    1    1    1    1  4.90019E+13 0.00181 
   84   84    1    1    1    1    1    1    1    1  3.52483E+13 0.00247 
   85   85    1    1    1    1    1    1    1    1  2.54254E+13 0.00313 
   86   86    1    1    1    1    1    1    1    1  2.38896E+13 0.00253 
   87   87    1    1    1    1    1    1    1    1  1.44709E+13 0.00329 
   88   88    1    1    1    1    1    1    1    1  9.68119E+12 0.00581 
   89   89    1    1    1    1    1    1    1    1  5.54791E+12 0.00710 
   90   90    1    1    1    1    1    1    1    1  3.65741E+12 0.00854 
   91   91    1    1    1    1    1    1    1    1  1.78511E+12 0.01256 
   92   92    1    1    1    1    1    1    1    1  8.90066E+11 0.01599 
   93   93    1    1    1    1    1    1    1    1  4.32622E+11 0.01792 
   94   94    1    1    1    1    1    1    1    1  2.03781E+11 0.02932 
   95   95    1    1    1    1    1    1    1    1  9.60062E+10 0.04189 
   96   96    1    1    1    1    1    1    1    1  4.61421E+10 0.07713 
   97   97    1    1    1    1    1    1    1    1  2.38679E+10 0.12760 
   98   98    1    1    1    1    1    1    1    1  1.30478E+10 0.13807 
   99   99    1    1    1    1    1    1    1    1  4.60662E+09 0.23826 
  100  100    1    1    1    1    1    1    1    1  4.74672E+09 0.27491 
];


