
DETdpaspec = [
    1    1    1    1    1    1    1    1    1    1  0.00000E+00 0.00000 
    2    2    1    1    1    1    1    1    1    1  0.00000E+00 0.00000 
    3    3    1    1    1    1    1    1    1    1  0.00000E+00 0.00000 
    4    4    1    1    1    1    1    1    1    1  0.00000E+00 0.00000 
    5    5    1    1    1    1    1    1    1    1  0.00000E+00 0.00000 
    6    6    1    1    1    1    1    1    1    1  0.00000E+00 0.00000 
    7    7    1    1    1    1    1    1    1    1  0.00000E+00 0.00000 
    8    8    1    1    1    1    1    1    1    1  0.00000E+00 0.00000 
    9    9    1    1    1    1    1    1    1    1  0.00000E+00 0.00000 
   10   10    1    1    1    1    1    1    1    1  0.00000E+00 0.00000 
   11   11    1    1    1    1    1    1    1    1  1.12646E+08 1.00000 
   12   12    1    1    1    1    1    1    1    1  0.00000E+00 0.00000 
   13   13    1    1    1    1    1    1    1    1  2.04786E+08 1.00000 
   14   14    1    1    1    1    1    1    1    1  5.31678E+07 1.00000 
   15   15    1    1    1    1    1    1    1    1  1.03307E+08 0.68833 
   16   16    1    1    1    1    1    1    1    1  2.01523E+09 0.36402 
   17   17    1    1    1    1    1    1    1    1  5.56567E+09 0.21023 
   18   18    1    1    1    1    1    1    1    1  1.88958E+10 0.15426 
   19   19    1    1    1    1    1    1    1    1  3.89033E+10 0.05437 
   20   20    1    1    1    1    1    1    1    1  2.01635E+11 0.03887 
   21   21    1    1    1    1    1    1    1    1  5.31463E+11 0.02133 
   22   22    1    1    1    1    1    1    1    1  1.62468E+12 0.01262 
   23   23    1    1    1    1    1    1    1    1  3.69047E+12 0.00888 
   24   24    1    1    1    1    1    1    1    1  6.32097E+12 0.00645 
   25   25    1    1    1    1    1    1    1    1  7.61630E+12 0.00591 
   26   26    1    1    1    1    1    1    1    1  1.19642E+13 0.00383 
   27   27    1    1    1    1    1    1    1    1  1.68099E+13 0.00374 
   28   28    1    1    1    1    1    1    1    1  2.43311E+13 0.00303 
   29   29    1    1    1    1    1    1    1    1  2.95293E+13 0.00315 
   30   30    1    1    1    1    1    1    1    1  4.49623E+13 0.00190 
   31   31    1    1    1    1    1    1    1    1  6.90442E+13 0.00197 
   32   32    1    1    1    1    1    1    1    1  8.13019E+13 0.00178 
   33   33    1    1    1    1    1    1    1    1  1.28977E+14 0.00136 
   34   34    1    1    1    1    1    1    1    1  1.38843E+14 0.00149 
   35   35    1    1    1    1    1    1    1    1  1.44402E+14 0.00114 
   36   36    1    1    1    1    1    1    1    1  9.66361E+13 0.00102 
   37   37    1    1    1    1    1    1    1    1  2.78702E+13 0.00138 
   38   38    1    1    1    1    1    1    1    1  1.39216E+14 0.00128 
   39   39    1    1    1    1    1    1    1    1  1.64941E+14 0.00108 
   40   40    1    1    1    1    1    1    1    1  2.70434E+14 0.00085 
   41   41    1    1    1    1    1    1    1    1  2.38765E+14 0.00084 
   42   42    1    1    1    1    1    1    1    1  4.34286E+14 0.00063 
   43   43    1    1    1    1    1    1    1    1  4.61940E+14 0.00076 
   44   44    1    1    1    1    1    1    1    1  5.84083E+14 0.00065 
   45   45    1    1    1    1    1    1    1    1  1.01432E+15 0.00080 
   46   46    1    1    1    1    1    1    1    1  5.10526E+14 0.00083 
   47   47    1    1    1    1    1    1    1    1  7.13416E+14 0.00065 
   48   48    1    1    1    1    1    1    1    1  9.74789E+14 0.00064 
   49   49    1    1    1    1    1    1    1    1  8.55394E+14 0.00064 
   50   50    1    1    1    1    1    1    1    1  1.32373E+15 0.00066 
   51   51    1    1    1    1    1    1    1    1  9.98371E+14 0.00052 
   52   52    1    1    1    1    1    1    1    1  1.14800E+15 0.00059 
   53   53    1    1    1    1    1    1    1    1  8.01712E+14 0.00067 
   54   54    1    1    1    1    1    1    1    1  9.87442E+14 0.00062 
   55   55    1    1    1    1    1    1    1    1  6.90274E+14 0.00074 
   56   56    1    1    1    1    1    1    1    1  9.40064E+13 0.00092 
   57   57    1    1    1    1    1    1    1    1  1.32454E+15 0.00085 
   58   58    1    1    1    1    1    1    1    1  5.96002E+14 0.00078 
   59   59    1    1    1    1    1    1    1    1  6.36733E+14 0.00079 
   60   60    1    1    1    1    1    1    1    1  5.15238E+14 0.00092 
   61   61    1    1    1    1    1    1    1    1  5.10243E+14 0.00085 
   62   62    1    1    1    1    1    1    1    1  5.11232E+14 0.00083 
   63   63    1    1    1    1    1    1    1    1  4.28286E+14 0.00084 
   64   64    1    1    1    1    1    1    1    1  3.36239E+14 0.00110 
   65   65    1    1    1    1    1    1    1    1  3.27459E+14 0.00081 
   66   66    1    1    1    1    1    1    1    1  2.59542E+14 0.00078 
   67   67    1    1    1    1    1    1    1    1  2.10626E+14 0.00100 
   68   68    1    1    1    1    1    1    1    1  1.84415E+14 0.00079 
   69   69    1    1    1    1    1    1    1    1  2.22721E+14 0.00110 
   70   70    1    1    1    1    1    1    1    1  1.89329E+14 0.00113 
   71   71    1    1    1    1    1    1    1    1  3.42267E+14 0.00095 
   72   72    1    1    1    1    1    1    1    1  2.43921E+14 0.00116 
   73   73    1    1    1    1    1    1    1    1  1.87313E+14 0.00127 
   74   74    1    1    1    1    1    1    1    1  1.53694E+14 0.00150 
   75   75    1    1    1    1    1    1    1    1  1.27946E+14 0.00165 
   76   76    1    1    1    1    1    1    1    1  1.48584E+14 0.00195 
   77   77    1    1    1    1    1    1    1    1  1.17784E+14 0.00160 
   78   78    1    1    1    1    1    1    1    1  9.18787E+13 0.00189 
   79   79    1    1    1    1    1    1    1    1  9.51124E+13 0.00160 
   80   80    1    1    1    1    1    1    1    1  7.06939E+13 0.00155 
   81   81    1    1    1    1    1    1    1    1  5.41460E+13 0.00262 
   82   82    1    1    1    1    1    1    1    1  4.16257E+13 0.00180 
   83   83    1    1    1    1    1    1    1    1  3.85250E+13 0.00248 
   84   84    1    1    1    1    1    1    1    1  2.74925E+13 0.00246 
   85   85    1    1    1    1    1    1    1    1  1.96323E+13 0.00264 
   86   86    1    1    1    1    1    1    1    1  1.82289E+13 0.00375 
   87   87    1    1    1    1    1    1    1    1  1.09159E+13 0.00404 
   88   88    1    1    1    1    1    1    1    1  7.20871E+12 0.00483 
   89   89    1    1    1    1    1    1    1    1  4.05805E+12 0.00791 
   90   90    1    1    1    1    1    1    1    1  2.60333E+12 0.00857 
   91   91    1    1    1    1    1    1    1    1  1.27105E+12 0.01087 
   92   92    1    1    1    1    1    1    1    1  5.87428E+11 0.01582 
   93   93    1    1    1    1    1    1    1    1  2.65421E+11 0.02639 
   94   94    1    1    1    1    1    1    1    1  1.20933E+11 0.04638 
   95   95    1    1    1    1    1    1    1    1  6.01664E+10 0.06732 
   96   96    1    1    1    1    1    1    1    1  2.99179E+10 0.08733 
   97   97    1    1    1    1    1    1    1    1  1.46050E+10 0.10170 
   98   98    1    1    1    1    1    1    1    1  5.54392E+09 0.17383 
   99   99    1    1    1    1    1    1    1    1  2.87809E+09 0.31175 
  100  100    1    1    1    1    1    1    1    1  3.35490E+09 0.21642 
];


