
DETdpaspec = [
    1    1    1    1    1    1    1    1    1    1  0.00000E+00 0.00000 
    2    2    1    1    1    1    1    1    1    1  0.00000E+00 0.00000 
    3    3    1    1    1    1    1    1    1    1  0.00000E+00 0.00000 
    4    4    1    1    1    1    1    1    1    1  0.00000E+00 0.00000 
    5    5    1    1    1    1    1    1    1    1  0.00000E+00 0.00000 
    6    6    1    1    1    1    1    1    1    1  0.00000E+00 0.00000 
    7    7    1    1    1    1    1    1    1    1  0.00000E+00 0.00000 
    8    8    1    1    1    1    1    1    1    1  0.00000E+00 0.00000 
    9    9    1    1    1    1    1    1    1    1  0.00000E+00 0.00000 
   10   10    1    1    1    1    1    1    1    1  2.81169E+07 1.00000 
   11   11    1    1    1    1    1    1    1    1  4.36920E+07 1.00000 
   12   12    1    1    1    1    1    1    1    1  3.70928E+07 1.00000 
   13   13    1    1    1    1    1    1    1    1  2.63735E+08 1.00000 
   14   14    1    1    1    1    1    1    1    1  8.98200E+08 0.49134 
   15   15    1    1    1    1    1    1    1    1  1.20950E+09 0.49050 
   16   16    1    1    1    1    1    1    1    1  9.24294E+08 0.56423 
   17   17    1    1    1    1    1    1    1    1  1.09175E+09 0.36891 
   18   18    1    1    1    1    1    1    1    1  1.55019E+09 0.29756 
   19   19    1    1    1    1    1    1    1    1  2.47318E+09 0.24948 
   20   20    1    1    1    1    1    1    1    1  1.48730E+10 0.15363 
   21   21    1    1    1    1    1    1    1    1  2.17914E+10 0.08301 
   22   22    1    1    1    1    1    1    1    1  9.39585E+10 0.04076 
   23   23    1    1    1    1    1    1    1    1  3.42519E+11 0.03750 
   24   24    1    1    1    1    1    1    1    1  9.04369E+11 0.01504 
   25   25    1    1    1    1    1    1    1    1  1.42358E+12 0.01253 
   26   26    1    1    1    1    1    1    1    1  2.65882E+12 0.00940 
   27   27    1    1    1    1    1    1    1    1  4.69241E+12 0.00644 
   28   28    1    1    1    1    1    1    1    1  8.61945E+12 0.00553 
   29   29    1    1    1    1    1    1    1    1  1.19199E+13 0.00414 
   30   30    1    1    1    1    1    1    1    1  2.04642E+13 0.00282 
   31   31    1    1    1    1    1    1    1    1  3.82206E+13 0.00195 
   32   32    1    1    1    1    1    1    1    1  4.95471E+13 0.00225 
   33   33    1    1    1    1    1    1    1    1  8.62104E+13 0.00191 
   34   34    1    1    1    1    1    1    1    1  9.94205E+13 0.00168 
   35   35    1    1    1    1    1    1    1    1  1.11167E+14 0.00125 
   36   36    1    1    1    1    1    1    1    1  7.82385E+13 0.00127 
   37   37    1    1    1    1    1    1    1    1  2.30235E+13 0.00164 
   38   38    1    1    1    1    1    1    1    1  1.15378E+14 0.00136 
   39   39    1    1    1    1    1    1    1    1  1.39269E+14 0.00093 
   40   40    1    1    1    1    1    1    1    1  2.32402E+14 0.00092 
   41   41    1    1    1    1    1    1    1    1  2.10103E+14 0.00092 
   42   42    1    1    1    1    1    1    1    1  3.87042E+14 0.00092 
   43   43    1    1    1    1    1    1    1    1  4.18003E+14 0.00059 
   44   44    1    1    1    1    1    1    1    1  5.38399E+14 0.00068 
   45   45    1    1    1    1    1    1    1    1  9.55625E+14 0.00060 
   46   46    1    1    1    1    1    1    1    1  4.91966E+14 0.00066 
   47   47    1    1    1    1    1    1    1    1  6.94059E+14 0.00078 
   48   48    1    1    1    1    1    1    1    1  9.65071E+14 0.00063 
   49   49    1    1    1    1    1    1    1    1  8.59028E+14 0.00053 
   50   50    1    1    1    1    1    1    1    1  1.34442E+15 0.00043 
   51   51    1    1    1    1    1    1    1    1  1.03213E+15 0.00050 
   52   52    1    1    1    1    1    1    1    1  1.19651E+15 0.00050 
   53   53    1    1    1    1    1    1    1    1  8.47295E+14 0.00055 
   54   54    1    1    1    1    1    1    1    1  1.04892E+15 0.00054 
   55   55    1    1    1    1    1    1    1    1  7.41341E+14 0.00050 
   56   56    1    1    1    1    1    1    1    1  1.01469E+14 0.00095 
   57   57    1    1    1    1    1    1    1    1  1.43270E+15 0.00060 
   58   58    1    1    1    1    1    1    1    1  6.47902E+14 0.00054 
   59   59    1    1    1    1    1    1    1    1  6.97387E+14 0.00067 
   60   60    1    1    1    1    1    1    1    1  5.66270E+14 0.00054 
   61   61    1    1    1    1    1    1    1    1  5.63817E+14 0.00066 
   62   62    1    1    1    1    1    1    1    1  5.68724E+14 0.00057 
   63   63    1    1    1    1    1    1    1    1  4.78063E+14 0.00100 
   64   64    1    1    1    1    1    1    1    1  3.77958E+14 0.00083 
   65   65    1    1    1    1    1    1    1    1  3.70504E+14 0.00074 
   66   66    1    1    1    1    1    1    1    1  2.95257E+14 0.00103 
   67   67    1    1    1    1    1    1    1    1  2.40577E+14 0.00122 
   68   68    1    1    1    1    1    1    1    1  2.11665E+14 0.00082 
   69   69    1    1    1    1    1    1    1    1  2.56391E+14 0.00095 
   70   70    1    1    1    1    1    1    1    1  2.19193E+14 0.00110 
   71   71    1    1    1    1    1    1    1    1  4.00558E+14 0.00083 
   72   72    1    1    1    1    1    1    1    1  2.88774E+14 0.00083 
   73   73    1    1    1    1    1    1    1    1  2.22964E+14 0.00138 
   74   74    1    1    1    1    1    1    1    1  1.83321E+14 0.00132 
   75   75    1    1    1    1    1    1    1    1  1.53115E+14 0.00098 
   76   76    1    1    1    1    1    1    1    1  1.78853E+14 0.00114 
   77   77    1    1    1    1    1    1    1    1  1.42115E+14 0.00140 
   78   78    1    1    1    1    1    1    1    1  1.11421E+14 0.00098 
   79   79    1    1    1    1    1    1    1    1  1.16156E+14 0.00166 
   80   80    1    1    1    1    1    1    1    1  8.67636E+13 0.00143 
   81   81    1    1    1    1    1    1    1    1  6.69372E+13 0.00210 
   82   82    1    1    1    1    1    1    1    1  5.19571E+13 0.00219 
   83   83    1    1    1    1    1    1    1    1  4.84607E+13 0.00191 
   84   84    1    1    1    1    1    1    1    1  3.46994E+13 0.00287 
   85   85    1    1    1    1    1    1    1    1  2.51721E+13 0.00296 
   86   86    1    1    1    1    1    1    1    1  2.33379E+13 0.00310 
   87   87    1    1    1    1    1    1    1    1  1.43166E+13 0.00338 
   88   88    1    1    1    1    1    1    1    1  9.54751E+12 0.00573 
   89   89    1    1    1    1    1    1    1    1  5.44047E+12 0.00576 
   90   90    1    1    1    1    1    1    1    1  3.59856E+12 0.00690 
   91   91    1    1    1    1    1    1    1    1  1.74430E+12 0.01049 
   92   92    1    1    1    1    1    1    1    1  8.33876E+11 0.01561 
   93   93    1    1    1    1    1    1    1    1  4.11998E+11 0.02230 
   94   94    1    1    1    1    1    1    1    1  1.95240E+11 0.03120 
   95   95    1    1    1    1    1    1    1    1  9.45040E+10 0.05796 
   96   96    1    1    1    1    1    1    1    1  4.51282E+10 0.07906 
   97   97    1    1    1    1    1    1    1    1  2.30500E+10 0.10807 
   98   98    1    1    1    1    1    1    1    1  1.24479E+10 0.10474 
   99   99    1    1    1    1    1    1    1    1  5.67139E+09 0.17823 
  100  100    1    1    1    1    1    1    1    1  4.50635E+09 0.19163 
];


