
DETdpaspec = [
    1    1    1    1    1    1    1    1    1    1  0.00000E+00 0.00000 
    2    2    1    1    1    1    1    1    1    1  0.00000E+00 0.00000 
    3    3    1    1    1    1    1    1    1    1  0.00000E+00 0.00000 
    4    4    1    1    1    1    1    1    1    1  0.00000E+00 0.00000 
    5    5    1    1    1    1    1    1    1    1  0.00000E+00 0.00000 
    6    6    1    1    1    1    1    1    1    1  5.53795E+06 1.00000 
    7    7    1    1    1    1    1    1    1    1  0.00000E+00 0.00000 
    8    8    1    1    1    1    1    1    1    1  0.00000E+00 0.00000 
    9    9    1    1    1    1    1    1    1    1  0.00000E+00 0.00000 
   10   10    1    1    1    1    1    1    1    1  0.00000E+00 0.00000 
   11   11    1    1    1    1    1    1    1    1  9.11735E+07 0.54663 
   12   12    1    1    1    1    1    1    1    1  5.27570E+07 0.54017 
   13   13    1    1    1    1    1    1    1    1  1.68856E+09 0.30155 
   14   14    1    1    1    1    1    1    1    1  1.72316E+09 0.31624 
   15   15    1    1    1    1    1    1    1    1  1.97163E+09 0.30487 
   16   16    1    1    1    1    1    1    1    1  8.46018E+08 0.31951 
   17   17    1    1    1    1    1    1    1    1  1.95378E+09 0.25608 
   18   18    1    1    1    1    1    1    1    1  4.33191E+09 0.24089 
   19   19    1    1    1    1    1    1    1    1  5.45887E+09 0.15554 
   20   20    1    1    1    1    1    1    1    1  2.06272E+10 0.12539 
   21   21    1    1    1    1    1    1    1    1  1.39547E+10 0.10211 
   22   22    1    1    1    1    1    1    1    1  3.76932E+10 0.09539 
   23   23    1    1    1    1    1    1    1    1  6.00350E+10 0.04086 
   24   24    1    1    1    1    1    1    1    1  1.19801E+11 0.03008 
   25   25    1    1    1    1    1    1    1    1  1.83800E+11 0.04041 
   26   26    1    1    1    1    1    1    1    1  3.81285E+11 0.02578 
   27   27    1    1    1    1    1    1    1    1  8.02487E+11 0.02074 
   28   28    1    1    1    1    1    1    1    1  1.89995E+12 0.01409 
   29   29    1    1    1    1    1    1    1    1  2.73858E+12 0.01144 
   30   30    1    1    1    1    1    1    1    1  6.39529E+12 0.00605 
   31   31    1    1    1    1    1    1    1    1  1.52418E+13 0.00403 
   32   32    1    1    1    1    1    1    1    1  2.25964E+13 0.00314 
   33   33    1    1    1    1    1    1    1    1  4.48078E+13 0.00235 
   34   34    1    1    1    1    1    1    1    1  5.37390E+13 0.00218 
   35   35    1    1    1    1    1    1    1    1  7.17199E+13 0.00170 
   36   36    1    1    1    1    1    1    1    1  5.53013E+13 0.00184 
   37   37    1    1    1    1    1    1    1    1  1.70269E+13 0.00179 
   38   38    1    1    1    1    1    1    1    1  8.41369E+13 0.00140 
   39   39    1    1    1    1    1    1    1    1  1.03714E+14 0.00157 
   40   40    1    1    1    1    1    1    1    1  1.75070E+14 0.00104 
   41   41    1    1    1    1    1    1    1    1  1.66602E+14 0.00108 
   42   42    1    1    1    1    1    1    1    1  3.08065E+14 0.00085 
   43   43    1    1    1    1    1    1    1    1  3.40359E+14 0.00095 
   44   44    1    1    1    1    1    1    1    1  4.46326E+14 0.00104 
   45   45    1    1    1    1    1    1    1    1  8.07197E+14 0.00071 
   46   46    1    1    1    1    1    1    1    1  4.26745E+14 0.00063 
   47   47    1    1    1    1    1    1    1    1  6.15471E+14 0.00078 
   48   48    1    1    1    1    1    1    1    1  8.67333E+14 0.00083 
   49   49    1    1    1    1    1    1    1    1  7.90117E+14 0.00091 
   50   50    1    1    1    1    1    1    1    1  1.23687E+15 0.00074 
   51   51    1    1    1    1    1    1    1    1  9.76672E+14 0.00076 
   52   52    1    1    1    1    1    1    1    1  1.12666E+15 0.00072 
   53   53    1    1    1    1    1    1    1    1  8.06466E+14 0.00075 
   54   54    1    1    1    1    1    1    1    1  9.91583E+14 0.00063 
   55   55    1    1    1    1    1    1    1    1  7.06012E+14 0.00040 
   56   56    1    1    1    1    1    1    1    1  9.72841E+13 0.00139 
   57   57    1    1    1    1    1    1    1    1  1.37900E+15 0.00066 
   58   58    1    1    1    1    1    1    1    1  6.14774E+14 0.00073 
   59   59    1    1    1    1    1    1    1    1  6.70431E+14 0.00086 
   60   60    1    1    1    1    1    1    1    1  5.37777E+14 0.00069 
   61   61    1    1    1    1    1    1    1    1  5.38296E+14 0.00075 
   62   62    1    1    1    1    1    1    1    1  5.44118E+14 0.00062 
   63   63    1    1    1    1    1    1    1    1  4.57673E+14 0.00106 
   64   64    1    1    1    1    1    1    1    1  3.62588E+14 0.00129 
   65   65    1    1    1    1    1    1    1    1  3.57002E+14 0.00117 
   66   66    1    1    1    1    1    1    1    1  2.84051E+14 0.00135 
   67   67    1    1    1    1    1    1    1    1  2.33662E+14 0.00096 
   68   68    1    1    1    1    1    1    1    1  2.06557E+14 0.00134 
   69   69    1    1    1    1    1    1    1    1  2.51224E+14 0.00113 
   70   70    1    1    1    1    1    1    1    1  2.16000E+14 0.00140 
   71   71    1    1    1    1    1    1    1    1  4.02477E+14 0.00108 
   72   72    1    1    1    1    1    1    1    1  2.93341E+14 0.00081 
   73   73    1    1    1    1    1    1    1    1  2.26962E+14 0.00099 
   74   74    1    1    1    1    1    1    1    1  1.85006E+14 0.00122 
   75   75    1    1    1    1    1    1    1    1  1.52760E+14 0.00160 
   76   76    1    1    1    1    1    1    1    1  1.75331E+14 0.00098 
   77   77    1    1    1    1    1    1    1    1  1.38388E+14 0.00142 
   78   78    1    1    1    1    1    1    1    1  1.07465E+14 0.00217 
   79   79    1    1    1    1    1    1    1    1  1.11208E+14 0.00158 
   80   80    1    1    1    1    1    1    1    1  8.29285E+13 0.00176 
   81   81    1    1    1    1    1    1    1    1  6.40862E+13 0.00221 
   82   82    1    1    1    1    1    1    1    1  4.95619E+13 0.00220 
   83   83    1    1    1    1    1    1    1    1  4.62071E+13 0.00220 
   84   84    1    1    1    1    1    1    1    1  3.34496E+13 0.00258 
   85   85    1    1    1    1    1    1    1    1  2.40547E+13 0.00373 
   86   86    1    1    1    1    1    1    1    1  2.24223E+13 0.00331 
   87   87    1    1    1    1    1    1    1    1  1.38428E+13 0.00523 
   88   88    1    1    1    1    1    1    1    1  9.22802E+12 0.00591 
   89   89    1    1    1    1    1    1    1    1  5.43071E+12 0.00657 
   90   90    1    1    1    1    1    1    1    1  3.52801E+12 0.00868 
   91   91    1    1    1    1    1    1    1    1  1.79080E+12 0.01099 
   92   92    1    1    1    1    1    1    1    1  8.69116E+11 0.01916 
   93   93    1    1    1    1    1    1    1    1  4.13374E+11 0.02157 
   94   94    1    1    1    1    1    1    1    1  1.98978E+11 0.03934 
   95   95    1    1    1    1    1    1    1    1  9.92659E+10 0.04116 
   96   96    1    1    1    1    1    1    1    1  4.91887E+10 0.07883 
   97   97    1    1    1    1    1    1    1    1  1.86537E+10 0.13285 
   98   98    1    1    1    1    1    1    1    1  1.04881E+10 0.16913 
   99   99    1    1    1    1    1    1    1    1  4.17239E+09 0.27485 
  100  100    1    1    1    1    1    1    1    1  5.58264E+09 0.26299 
];


