
DETdpaspec = [
    1    1    1    1    1    1    1    1    1    1  0.00000E+00 0.00000 
    2    2    1    1    1    1    1    1    1    1  0.00000E+00 0.00000 
    3    3    1    1    1    1    1    1    1    1  0.00000E+00 0.00000 
    4    4    1    1    1    1    1    1    1    1  0.00000E+00 0.00000 
    5    5    1    1    1    1    1    1    1    1  0.00000E+00 0.00000 
    6    6    1    1    1    1    1    1    1    1  2.50637E+07 1.00000 
    7    7    1    1    1    1    1    1    1    1  1.47048E+07 1.00000 
    8    8    1    1    1    1    1    1    1    1  0.00000E+00 0.00000 
    9    9    1    1    1    1    1    1    1    1  0.00000E+00 0.00000 
   10   10    1    1    1    1    1    1    1    1  6.11643E+07 1.00000 
   11   11    1    1    1    1    1    1    1    1  0.00000E+00 0.00000 
   12   12    1    1    1    1    1    1    1    1  3.40159E+06 1.00000 
   13   13    1    1    1    1    1    1    1    1  6.19512E+08 0.54583 
   14   14    1    1    1    1    1    1    1    1  6.15318E+08 0.73344 
   15   15    1    1    1    1    1    1    1    1  1.22156E+09 0.44704 
   16   16    1    1    1    1    1    1    1    1  1.47576E+08 0.70492 
   17   17    1    1    1    1    1    1    1    1  1.70770E+09 0.35496 
   18   18    1    1    1    1    1    1    1    1  2.14051E+09 0.28505 
   19   19    1    1    1    1    1    1    1    1  3.04566E+09 0.24030 
   20   20    1    1    1    1    1    1    1    1  1.03073E+10 0.15512 
   21   21    1    1    1    1    1    1    1    1  1.29985E+10 0.09359 
   22   22    1    1    1    1    1    1    1    1  5.26679E+10 0.05301 
   23   23    1    1    1    1    1    1    1    1  2.10194E+11 0.03521 
   24   24    1    1    1    1    1    1    1    1  5.64241E+11 0.02252 
   25   25    1    1    1    1    1    1    1    1  8.81115E+11 0.01462 
   26   26    1    1    1    1    1    1    1    1  1.78587E+12 0.01060 
   27   27    1    1    1    1    1    1    1    1  3.33597E+12 0.01145 
   28   28    1    1    1    1    1    1    1    1  6.48730E+12 0.00745 
   29   29    1    1    1    1    1    1    1    1  9.24670E+12 0.00670 
   30   30    1    1    1    1    1    1    1    1  1.65882E+13 0.00412 
   31   31    1    1    1    1    1    1    1    1  3.25268E+13 0.00310 
   32   32    1    1    1    1    1    1    1    1  4.30919E+13 0.00229 
   33   33    1    1    1    1    1    1    1    1  7.69579E+13 0.00179 
   34   34    1    1    1    1    1    1    1    1  8.96129E+13 0.00181 
   35   35    1    1    1    1    1    1    1    1  1.02781E+14 0.00158 
   36   36    1    1    1    1    1    1    1    1  7.32096E+13 0.00114 
   37   37    1    1    1    1    1    1    1    1  2.16509E+13 0.00145 
   38   38    1    1    1    1    1    1    1    1  1.08910E+14 0.00106 
   39   39    1    1    1    1    1    1    1    1  1.31766E+14 0.00068 
   40   40    1    1    1    1    1    1    1    1  2.20892E+14 0.00080 
   41   41    1    1    1    1    1    1    1    1  2.01254E+14 0.00106 
   42   42    1    1    1    1    1    1    1    1  3.71598E+14 0.00103 
   43   43    1    1    1    1    1    1    1    1  4.04324E+14 0.00103 
   44   44    1    1    1    1    1    1    1    1  5.21871E+14 0.00099 
   45   45    1    1    1    1    1    1    1    1  9.31150E+14 0.00054 
   46   46    1    1    1    1    1    1    1    1  4.81765E+14 0.00074 
   47   47    1    1    1    1    1    1    1    1  6.81933E+14 0.00083 
   48   48    1    1    1    1    1    1    1    1  9.50503E+14 0.00061 
   49   49    1    1    1    1    1    1    1    1  8.49064E+14 0.00076 
   50   50    1    1    1    1    1    1    1    1  1.33315E+15 0.00056 
   51   51    1    1    1    1    1    1    1    1  1.02728E+15 0.00049 
   52   52    1    1    1    1    1    1    1    1  1.19220E+15 0.00062 
   53   53    1    1    1    1    1    1    1    1  8.45598E+14 0.00058 
   54   54    1    1    1    1    1    1    1    1  1.04810E+15 0.00046 
   55   55    1    1    1    1    1    1    1    1  7.40685E+14 0.00058 
   56   56    1    1    1    1    1    1    1    1  1.01616E+14 0.00108 
   57   57    1    1    1    1    1    1    1    1  1.43648E+15 0.00055 
   58   58    1    1    1    1    1    1    1    1  6.49536E+14 0.00066 
   59   59    1    1    1    1    1    1    1    1  7.00581E+14 0.00064 
   60   60    1    1    1    1    1    1    1    1  5.68434E+14 0.00085 
   61   61    1    1    1    1    1    1    1    1  5.67767E+14 0.00060 
   62   62    1    1    1    1    1    1    1    1  5.72173E+14 0.00090 
   63   63    1    1    1    1    1    1    1    1  4.81640E+14 0.00077 
   64   64    1    1    1    1    1    1    1    1  3.81084E+14 0.00081 
   65   65    1    1    1    1    1    1    1    1  3.73467E+14 0.00067 
   66   66    1    1    1    1    1    1    1    1  2.97985E+14 0.00109 
   67   67    1    1    1    1    1    1    1    1  2.43017E+14 0.00085 
   68   68    1    1    1    1    1    1    1    1  2.14095E+14 0.00121 
   69   69    1    1    1    1    1    1    1    1  2.59448E+14 0.00096 
   70   70    1    1    1    1    1    1    1    1  2.21826E+14 0.00083 
   71   71    1    1    1    1    1    1    1    1  4.06999E+14 0.00095 
   72   72    1    1    1    1    1    1    1    1  2.94144E+14 0.00088 
   73   73    1    1    1    1    1    1    1    1  2.27373E+14 0.00109 
   74   74    1    1    1    1    1    1    1    1  1.86767E+14 0.00107 
   75   75    1    1    1    1    1    1    1    1  1.55983E+14 0.00126 
   76   76    1    1    1    1    1    1    1    1  1.82099E+14 0.00153 
   77   77    1    1    1    1    1    1    1    1  1.44857E+14 0.00104 
   78   78    1    1    1    1    1    1    1    1  1.13306E+14 0.00161 
   79   79    1    1    1    1    1    1    1    1  1.18084E+14 0.00128 
   80   80    1    1    1    1    1    1    1    1  8.85298E+13 0.00129 
   81   81    1    1    1    1    1    1    1    1  6.84234E+13 0.00158 
   82   82    1    1    1    1    1    1    1    1  5.29109E+13 0.00162 
   83   83    1    1    1    1    1    1    1    1  4.95129E+13 0.00261 
   84   84    1    1    1    1    1    1    1    1  3.54681E+13 0.00275 
   85   85    1    1    1    1    1    1    1    1  2.56172E+13 0.00277 
   86   86    1    1    1    1    1    1    1    1  2.39712E+13 0.00266 
   87   87    1    1    1    1    1    1    1    1  1.45995E+13 0.00405 
   88   88    1    1    1    1    1    1    1    1  9.93225E+12 0.00476 
   89   89    1    1    1    1    1    1    1    1  5.60432E+12 0.00468 
   90   90    1    1    1    1    1    1    1    1  3.66380E+12 0.01136 
   91   91    1    1    1    1    1    1    1    1  1.84814E+12 0.01113 
   92   92    1    1    1    1    1    1    1    1  9.17352E+11 0.02232 
   93   93    1    1    1    1    1    1    1    1  4.39703E+11 0.01834 
   94   94    1    1    1    1    1    1    1    1  1.98130E+11 0.03203 
   95   95    1    1    1    1    1    1    1    1  9.94820E+10 0.05648 
   96   96    1    1    1    1    1    1    1    1  4.27003E+10 0.09324 
   97   97    1    1    1    1    1    1    1    1  2.19435E+10 0.12586 
   98   98    1    1    1    1    1    1    1    1  1.18446E+10 0.11972 
   99   99    1    1    1    1    1    1    1    1  6.01478E+09 0.21816 
  100  100    1    1    1    1    1    1    1    1  3.92340E+09 0.23406 
];


