
DETdpaspec = [
    1    1    1    1    1    1    1    1    1    1  0.00000E+00 0.00000 
    2    2    1    1    1    1    1    1    1    1  0.00000E+00 0.00000 
    3    3    1    1    1    1    1    1    1    1  0.00000E+00 0.00000 
    4    4    1    1    1    1    1    1    1    1  0.00000E+00 0.00000 
    5    5    1    1    1    1    1    1    1    1  0.00000E+00 0.00000 
    6    6    1    1    1    1    1    1    1    1  0.00000E+00 0.00000 
    7    7    1    1    1    1    1    1    1    1  0.00000E+00 0.00000 
    8    8    1    1    1    1    1    1    1    1  1.40342E+07 0.69436 
    9    9    1    1    1    1    1    1    1    1  1.51345E+07 0.68942 
   10   10    1    1    1    1    1    1    1    1  4.96961E+07 0.68876 
   11   11    1    1    1    1    1    1    1    1  2.22568E+08 0.38668 
   12   12    1    1    1    1    1    1    1    1  1.04405E+07 1.00000 
   13   13    1    1    1    1    1    1    1    1  1.94857E+09 0.28077 
   14   14    1    1    1    1    1    1    1    1  2.06895E+09 0.25201 
   15   15    1    1    1    1    1    1    1    1  4.59286E+09 0.31204 
   16   16    1    1    1    1    1    1    1    1  1.61246E+09 0.28532 
   17   17    1    1    1    1    1    1    1    1  2.99216E+09 0.18753 
   18   18    1    1    1    1    1    1    1    1  8.45109E+09 0.16076 
   19   19    1    1    1    1    1    1    1    1  9.76268E+09 0.12564 
   20   20    1    1    1    1    1    1    1    1  3.16550E+10 0.07895 
   21   21    1    1    1    1    1    1    1    1  2.32154E+10 0.08467 
   22   22    1    1    1    1    1    1    1    1  6.58723E+10 0.05960 
   23   23    1    1    1    1    1    1    1    1  9.21380E+10 0.04366 
   24   24    1    1    1    1    1    1    1    1  1.62075E+11 0.02790 
   25   25    1    1    1    1    1    1    1    1  2.30609E+11 0.02769 
   26   26    1    1    1    1    1    1    1    1  4.47689E+11 0.01595 
   27   27    1    1    1    1    1    1    1    1  8.47634E+11 0.01659 
   28   28    1    1    1    1    1    1    1    1  1.79124E+12 0.01187 
   29   29    1    1    1    1    1    1    1    1  2.40086E+12 0.01109 
   30   30    1    1    1    1    1    1    1    1  6.15124E+12 0.00651 
   31   31    1    1    1    1    1    1    1    1  1.46422E+13 0.00512 
   32   32    1    1    1    1    1    1    1    1  2.17529E+13 0.00339 
   33   33    1    1    1    1    1    1    1    1  4.31587E+13 0.00230 
   34   34    1    1    1    1    1    1    1    1  5.00298E+13 0.00246 
   35   35    1    1    1    1    1    1    1    1  7.04912E+13 0.00222 
   36   36    1    1    1    1    1    1    1    1  5.53271E+13 0.00181 
   37   37    1    1    1    1    1    1    1    1  1.73508E+13 0.00237 
   38   38    1    1    1    1    1    1    1    1  8.38851E+13 0.00141 
   39   39    1    1    1    1    1    1    1    1  1.03302E+14 0.00145 
   40   40    1    1    1    1    1    1    1    1  1.71101E+14 0.00097 
   41   41    1    1    1    1    1    1    1    1  1.65231E+14 0.00114 
   42   42    1    1    1    1    1    1    1    1  3.01160E+14 0.00083 
   43   43    1    1    1    1    1    1    1    1  3.31526E+14 0.00096 
   44   44    1    1    1    1    1    1    1    1  4.32876E+14 0.00099 
   45   45    1    1    1    1    1    1    1    1  7.77272E+14 0.00083 
   46   46    1    1    1    1    1    1    1    1  4.10786E+14 0.00094 
   47   47    1    1    1    1    1    1    1    1  5.95365E+14 0.00092 
   48   48    1    1    1    1    1    1    1    1  8.33686E+14 0.00052 
   49   49    1    1    1    1    1    1    1    1  7.65898E+14 0.00077 
   50   50    1    1    1    1    1    1    1    1  1.18297E+15 0.00077 
   51   51    1    1    1    1    1    1    1    1  9.41623E+14 0.00083 
   52   52    1    1    1    1    1    1    1    1  1.07294E+15 0.00078 
   53   53    1    1    1    1    1    1    1    1  7.72387E+14 0.00079 
   54   54    1    1    1    1    1    1    1    1  9.38701E+14 0.00080 
   55   55    1    1    1    1    1    1    1    1  6.69413E+14 0.00086 
   56   56    1    1    1    1    1    1    1    1  9.26769E+13 0.00120 
   57   57    1    1    1    1    1    1    1    1  1.30606E+15 0.00070 
   58   58    1    1    1    1    1    1    1    1  5.72267E+14 0.00079 
   59   59    1    1    1    1    1    1    1    1  6.28165E+14 0.00090 
   60   60    1    1    1    1    1    1    1    1  4.96940E+14 0.00081 
   61   61    1    1    1    1    1    1    1    1  4.98564E+14 0.00100 
   62   62    1    1    1    1    1    1    1    1  5.01752E+14 0.00091 
   63   63    1    1    1    1    1    1    1    1  4.20696E+14 0.00095 
   64   64    1    1    1    1    1    1    1    1  3.32141E+14 0.00094 
   65   65    1    1    1    1    1    1    1    1  3.27874E+14 0.00100 
   66   66    1    1    1    1    1    1    1    1  2.59923E+14 0.00131 
   67   67    1    1    1    1    1    1    1    1  2.14008E+14 0.00104 
   68   68    1    1    1    1    1    1    1    1  1.89730E+14 0.00087 
   69   69    1    1    1    1    1    1    1    1  2.30835E+14 0.00131 
   70   70    1    1    1    1    1    1    1    1  1.98400E+14 0.00139 
   71   71    1    1    1    1    1    1    1    1  3.73514E+14 0.00097 
   72   72    1    1    1    1    1    1    1    1  2.74018E+14 0.00112 
   73   73    1    1    1    1    1    1    1    1  2.11443E+14 0.00154 
   74   74    1    1    1    1    1    1    1    1  1.69607E+14 0.00127 
   75   75    1    1    1    1    1    1    1    1  1.38935E+14 0.00139 
   76   76    1    1    1    1    1    1    1    1  1.58255E+14 0.00169 
   77   77    1    1    1    1    1    1    1    1  1.22764E+14 0.00198 
   78   78    1    1    1    1    1    1    1    1  9.51270E+13 0.00147 
   79   79    1    1    1    1    1    1    1    1  9.76430E+13 0.00178 
   80   80    1    1    1    1    1    1    1    1  7.26853E+13 0.00208 
   81   81    1    1    1    1    1    1    1    1  5.60408E+13 0.00224 
   82   82    1    1    1    1    1    1    1    1  4.30931E+13 0.00253 
   83   83    1    1    1    1    1    1    1    1  4.01705E+13 0.00218 
   84   84    1    1    1    1    1    1    1    1  2.88049E+13 0.00323 
   85   85    1    1    1    1    1    1    1    1  2.08465E+13 0.00362 
   86   86    1    1    1    1    1    1    1    1  1.94962E+13 0.00408 
   87   87    1    1    1    1    1    1    1    1  1.21659E+13 0.00359 
   88   88    1    1    1    1    1    1    1    1  8.13077E+12 0.00745 
   89   89    1    1    1    1    1    1    1    1  4.69491E+12 0.00609 
   90   90    1    1    1    1    1    1    1    1  3.14276E+12 0.01001 
   91   91    1    1    1    1    1    1    1    1  1.54835E+12 0.01117 
   92   92    1    1    1    1    1    1    1    1  7.62355E+11 0.01911 
   93   93    1    1    1    1    1    1    1    1  3.77044E+11 0.02253 
   94   94    1    1    1    1    1    1    1    1  1.74589E+11 0.05512 
   95   95    1    1    1    1    1    1    1    1  8.07280E+10 0.06949 
   96   96    1    1    1    1    1    1    1    1  3.98447E+10 0.07864 
   97   97    1    1    1    1    1    1    1    1  1.69165E+10 0.11648 
   98   98    1    1    1    1    1    1    1    1  7.92403E+09 0.21023 
   99   99    1    1    1    1    1    1    1    1  4.01586E+09 0.29634 
  100  100    1    1    1    1    1    1    1    1  5.54359E+09 0.19239 
];


