
DETdpaspec = [
    1    1    1    1    1    1    1    1    1    1  0.00000E+00 0.00000 
    2    2    1    1    1    1    1    1    1    1  0.00000E+00 0.00000 
    3    3    1    1    1    1    1    1    1    1  0.00000E+00 0.00000 
    4    4    1    1    1    1    1    1    1    1  0.00000E+00 0.00000 
    5    5    1    1    1    1    1    1    1    1  0.00000E+00 0.00000 
    6    6    1    1    1    1    1    1    1    1  0.00000E+00 0.00000 
    7    7    1    1    1    1    1    1    1    1  0.00000E+00 0.00000 
    8    8    1    1    1    1    1    1    1    1  0.00000E+00 0.00000 
    9    9    1    1    1    1    1    1    1    1  9.52081E+06 1.00000 
   10   10    1    1    1    1    1    1    1    1  6.36619E+07 0.77012 
   11   11    1    1    1    1    1    1    1    1  7.57418E+07 1.00000 
   12   12    1    1    1    1    1    1    1    1  9.59701E+06 0.72192 
   13   13    1    1    1    1    1    1    1    1  1.03411E+09 0.55278 
   14   14    1    1    1    1    1    1    1    1  5.54954E+08 0.44388 
   15   15    1    1    1    1    1    1    1    1  1.35652E+09 0.48492 
   16   16    1    1    1    1    1    1    1    1  9.08887E+07 1.00000 
   17   17    1    1    1    1    1    1    1    1  1.42604E+09 0.31349 
   18   18    1    1    1    1    1    1    1    1  1.21347E+09 0.36489 
   19   19    1    1    1    1    1    1    1    1  3.74902E+09 0.19970 
   20   20    1    1    1    1    1    1    1    1  1.24128E+10 0.15435 
   21   21    1    1    1    1    1    1    1    1  1.18780E+10 0.13308 
   22   22    1    1    1    1    1    1    1    1  2.80856E+10 0.10851 
   23   23    1    1    1    1    1    1    1    1  8.43520E+10 0.05340 
   24   24    1    1    1    1    1    1    1    1  2.28906E+11 0.02819 
   25   25    1    1    1    1    1    1    1    1  3.87373E+11 0.02167 
   26   26    1    1    1    1    1    1    1    1  8.31850E+11 0.01578 
   27   27    1    1    1    1    1    1    1    1  1.71645E+12 0.00991 
   28   28    1    1    1    1    1    1    1    1  3.73414E+12 0.00686 
   29   29    1    1    1    1    1    1    1    1  5.55733E+12 0.00789 
   30   30    1    1    1    1    1    1    1    1  1.09261E+13 0.00476 
   31   31    1    1    1    1    1    1    1    1  2.34072E+13 0.00400 
   32   32    1    1    1    1    1    1    1    1  3.24213E+13 0.00463 
   33   33    1    1    1    1    1    1    1    1  6.05255E+13 0.00338 
   34   34    1    1    1    1    1    1    1    1  7.24396E+13 0.00275 
   35   35    1    1    1    1    1    1    1    1  8.77981E+13 0.00205 
   36   36    1    1    1    1    1    1    1    1  6.44627E+13 0.00211 
   37   37    1    1    1    1    1    1    1    1  1.93031E+13 0.00198 
   38   38    1    1    1    1    1    1    1    1  9.72142E+13 0.00186 
   39   39    1    1    1    1    1    1    1    1  1.18670E+14 0.00146 
   40   40    1    1    1    1    1    1    1    1  2.00071E+14 0.00098 
   41   41    1    1    1    1    1    1    1    1  1.84944E+14 0.00127 
   42   42    1    1    1    1    1    1    1    1  3.43358E+14 0.00071 
   43   43    1    1    1    1    1    1    1    1  3.75971E+14 0.00093 
   44   44    1    1    1    1    1    1    1    1  4.88980E+14 0.00100 
   45   45    1    1    1    1    1    1    1    1  8.79305E+14 0.00088 
   46   46    1    1    1    1    1    1    1    1  4.60299E+14 0.00079 
   47   47    1    1    1    1    1    1    1    1  6.56383E+14 0.00049 
   48   48    1    1    1    1    1    1    1    1  9.19077E+14 0.00057 
   49   49    1    1    1    1    1    1    1    1  8.26764E+14 0.00069 
   50   50    1    1    1    1    1    1    1    1  1.30234E+15 0.00056 
   51   51    1    1    1    1    1    1    1    1  1.01247E+15 0.00068 
   52   52    1    1    1    1    1    1    1    1  1.17696E+15 0.00054 
   53   53    1    1    1    1    1    1    1    1  8.37436E+14 0.00060 
   54   54    1    1    1    1    1    1    1    1  1.03938E+15 0.00068 
   55   55    1    1    1    1    1    1    1    1  7.37232E+14 0.00070 
   56   56    1    1    1    1    1    1    1    1  1.01304E+14 0.00117 
   57   57    1    1    1    1    1    1    1    1  1.43422E+15 0.00053 
   58   58    1    1    1    1    1    1    1    1  6.47423E+14 0.00078 
   59   59    1    1    1    1    1    1    1    1  7.01231E+14 0.00065 
   60   60    1    1    1    1    1    1    1    1  5.67991E+14 0.00086 
   61   61    1    1    1    1    1    1    1    1  5.67505E+14 0.00069 
   62   62    1    1    1    1    1    1    1    1  5.73104E+14 0.00058 
   63   63    1    1    1    1    1    1    1    1  4.83440E+14 0.00078 
   64   64    1    1    1    1    1    1    1    1  3.83219E+14 0.00095 
   65   65    1    1    1    1    1    1    1    1  3.76243E+14 0.00079 
   66   66    1    1    1    1    1    1    1    1  3.00023E+14 0.00059 
   67   67    1    1    1    1    1    1    1    1  2.45410E+14 0.00071 
   68   68    1    1    1    1    1    1    1    1  2.16552E+14 0.00094 
   69   69    1    1    1    1    1    1    1    1  2.63305E+14 0.00100 
   70   70    1    1    1    1    1    1    1    1  2.25366E+14 0.00088 
   71   71    1    1    1    1    1    1    1    1  4.15933E+14 0.00066 
   72   72    1    1    1    1    1    1    1    1  3.01746E+14 0.00132 
   73   73    1    1    1    1    1    1    1    1  2.33312E+14 0.00112 
   74   74    1    1    1    1    1    1    1    1  1.90931E+14 0.00091 
   75   75    1    1    1    1    1    1    1    1  1.59397E+14 0.00180 
   76   76    1    1    1    1    1    1    1    1  1.85430E+14 0.00107 
   77   77    1    1    1    1    1    1    1    1  1.47388E+14 0.00117 
   78   78    1    1    1    1    1    1    1    1  1.15076E+14 0.00172 
   79   79    1    1    1    1    1    1    1    1  1.19617E+14 0.00129 
   80   80    1    1    1    1    1    1    1    1  8.96014E+13 0.00185 
   81   81    1    1    1    1    1    1    1    1  6.92802E+13 0.00181 
   82   82    1    1    1    1    1    1    1    1  5.37683E+13 0.00224 
   83   83    1    1    1    1    1    1    1    1  5.00059E+13 0.00209 
   84   84    1    1    1    1    1    1    1    1  3.58622E+13 0.00314 
   85   85    1    1    1    1    1    1    1    1  2.59847E+13 0.00342 
   86   86    1    1    1    1    1    1    1    1  2.43426E+13 0.00256 
   87   87    1    1    1    1    1    1    1    1  1.49131E+13 0.00499 
   88   88    1    1    1    1    1    1    1    1  1.00495E+13 0.00591 
   89   89    1    1    1    1    1    1    1    1  5.69346E+12 0.00611 
   90   90    1    1    1    1    1    1    1    1  3.82590E+12 0.00920 
   91   91    1    1    1    1    1    1    1    1  1.85588E+12 0.01337 
   92   92    1    1    1    1    1    1    1    1  9.04535E+11 0.01327 
   93   93    1    1    1    1    1    1    1    1  4.42886E+11 0.02429 
   94   94    1    1    1    1    1    1    1    1  2.27282E+11 0.03298 
   95   95    1    1    1    1    1    1    1    1  9.68187E+10 0.05454 
   96   96    1    1    1    1    1    1    1    1  4.75069E+10 0.07348 
   97   97    1    1    1    1    1    1    1    1  2.35732E+10 0.11046 
   98   98    1    1    1    1    1    1    1    1  1.41925E+10 0.15545 
   99   99    1    1    1    1    1    1    1    1  3.52372E+09 0.22300 
  100  100    1    1    1    1    1    1    1    1  4.12497E+09 0.18237 
];


