
DETdpaspec = [
    1    1    1    1    1    1    1    1    1    1  0.00000E+00 0.00000 
    2    2    1    1    1    1    1    1    1    1  0.00000E+00 0.00000 
    3    3    1    1    1    1    1    1    1    1  0.00000E+00 0.00000 
    4    4    1    1    1    1    1    1    1    1  0.00000E+00 0.00000 
    5    5    1    1    1    1    1    1    1    1  0.00000E+00 0.00000 
    6    6    1    1    1    1    1    1    1    1  1.61075E+07 1.00000 
    7    7    1    1    1    1    1    1    1    1  2.26714E+07 1.00000 
    8    8    1    1    1    1    1    1    1    1  1.02199E+07 1.00000 
    9    9    1    1    1    1    1    1    1    1  3.55408E+06 1.00000 
   10   10    1    1    1    1    1    1    1    1  1.37828E+07 1.00000 
   11   11    1    1    1    1    1    1    1    1  3.60061E+07 1.00000 
   12   12    1    1    1    1    1    1    1    1  3.16821E+07 0.78869 
   13   13    1    1    1    1    1    1    1    1  4.62159E+08 0.62719 
   14   14    1    1    1    1    1    1    1    1  1.64328E+09 0.41053 
   15   15    1    1    1    1    1    1    1    1  1.84577E+09 0.39577 
   16   16    1    1    1    1    1    1    1    1  9.10043E+08 0.27741 
   17   17    1    1    1    1    1    1    1    1  1.72195E+09 0.31339 
   18   18    1    1    1    1    1    1    1    1  3.93300E+09 0.23482 
   19   19    1    1    1    1    1    1    1    1  4.08287E+09 0.16163 
   20   20    1    1    1    1    1    1    1    1  1.45878E+10 0.12812 
   21   21    1    1    1    1    1    1    1    1  1.09871E+10 0.13917 
   22   22    1    1    1    1    1    1    1    1  2.45762E+10 0.09708 
   23   23    1    1    1    1    1    1    1    1  5.13394E+10 0.06461 
   24   24    1    1    1    1    1    1    1    1  1.36541E+11 0.04031 
   25   25    1    1    1    1    1    1    1    1  2.35077E+11 0.03422 
   26   26    1    1    1    1    1    1    1    1  5.18938E+11 0.01993 
   27   27    1    1    1    1    1    1    1    1  1.10063E+12 0.01617 
   28   28    1    1    1    1    1    1    1    1  2.47347E+12 0.01413 
   29   29    1    1    1    1    1    1    1    1  3.75930E+12 0.00888 
   30   30    1    1    1    1    1    1    1    1  8.07585E+12 0.00662 
   31   31    1    1    1    1    1    1    1    1  1.83429E+13 0.00468 
   32   32    1    1    1    1    1    1    1    1  2.64515E+13 0.00373 
   33   33    1    1    1    1    1    1    1    1  5.13773E+13 0.00206 
   34   34    1    1    1    1    1    1    1    1  6.15876E+13 0.00221 
   35   35    1    1    1    1    1    1    1    1  7.83474E+13 0.00180 
   36   36    1    1    1    1    1    1    1    1  5.90117E+13 0.00124 
   37   37    1    1    1    1    1    1    1    1  1.79426E+13 0.00161 
   38   38    1    1    1    1    1    1    1    1  8.94188E+13 0.00108 
   39   39    1    1    1    1    1    1    1    1  1.10099E+14 0.00117 
   40   40    1    1    1    1    1    1    1    1  1.85782E+14 0.00119 
   41   41    1    1    1    1    1    1    1    1  1.74328E+14 0.00120 
   42   42    1    1    1    1    1    1    1    1  3.23076E+14 0.00114 
   43   43    1    1    1    1    1    1    1    1  3.55503E+14 0.00100 
   44   44    1    1    1    1    1    1    1    1  4.65275E+14 0.00092 
   45   45    1    1    1    1    1    1    1    1  8.41225E+14 0.00086 
   46   46    1    1    1    1    1    1    1    1  4.43218E+14 0.00070 
   47   47    1    1    1    1    1    1    1    1  6.34970E+14 0.00074 
   48   48    1    1    1    1    1    1    1    1  8.93578E+14 0.00066 
   49   49    1    1    1    1    1    1    1    1  8.08971E+14 0.00059 
   50   50    1    1    1    1    1    1    1    1  1.27391E+15 0.00065 
   51   51    1    1    1    1    1    1    1    1  9.96584E+14 0.00074 
   52   52    1    1    1    1    1    1    1    1  1.15573E+15 0.00068 
   53   53    1    1    1    1    1    1    1    1  8.25357E+14 0.00075 
   54   54    1    1    1    1    1    1    1    1  1.02233E+15 0.00080 
   55   55    1    1    1    1    1    1    1    1  7.25957E+14 0.00063 
   56   56    1    1    1    1    1    1    1    1  1.00088E+14 0.00116 
   57   57    1    1    1    1    1    1    1    1  1.41683E+15 0.00062 
   58   58    1    1    1    1    1    1    1    1  6.37483E+14 0.00092 
   59   59    1    1    1    1    1    1    1    1  6.92430E+14 0.00058 
   60   60    1    1    1    1    1    1    1    1  5.59217E+14 0.00049 
   61   61    1    1    1    1    1    1    1    1  5.59288E+14 0.00061 
   62   62    1    1    1    1    1    1    1    1  5.64766E+14 0.00067 
   63   63    1    1    1    1    1    1    1    1  4.75372E+14 0.00095 
   64   64    1    1    1    1    1    1    1    1  3.76959E+14 0.00090 
   65   65    1    1    1    1    1    1    1    1  3.70675E+14 0.00100 
   66   66    1    1    1    1    1    1    1    1  2.95930E+14 0.00121 
   67   67    1    1    1    1    1    1    1    1  2.42610E+14 0.00087 
   68   68    1    1    1    1    1    1    1    1  2.14121E+14 0.00097 
   69   69    1    1    1    1    1    1    1    1  2.60797E+14 0.00097 
   70   70    1    1    1    1    1    1    1    1  2.23460E+14 0.00157 
   71   71    1    1    1    1    1    1    1    1  4.13837E+14 0.00091 
   72   72    1    1    1    1    1    1    1    1  3.01036E+14 0.00105 
   73   73    1    1    1    1    1    1    1    1  2.33612E+14 0.00110 
   74   74    1    1    1    1    1    1    1    1  1.90416E+14 0.00141 
   75   75    1    1    1    1    1    1    1    1  1.58316E+14 0.00196 
   76   76    1    1    1    1    1    1    1    1  1.83696E+14 0.00110 
   77   77    1    1    1    1    1    1    1    1  1.45385E+14 0.00143 
   78   78    1    1    1    1    1    1    1    1  1.13482E+14 0.00155 
   79   79    1    1    1    1    1    1    1    1  1.17765E+14 0.00149 
   80   80    1    1    1    1    1    1    1    1  8.82545E+13 0.00187 
   81   81    1    1    1    1    1    1    1    1  6.81084E+13 0.00195 
   82   82    1    1    1    1    1    1    1    1  5.24556E+13 0.00185 
   83   83    1    1    1    1    1    1    1    1  4.90869E+13 0.00238 
   84   84    1    1    1    1    1    1    1    1  3.52767E+13 0.00254 
   85   85    1    1    1    1    1    1    1    1  2.54496E+13 0.00355 
   86   86    1    1    1    1    1    1    1    1  2.37724E+13 0.00387 
   87   87    1    1    1    1    1    1    1    1  1.46304E+13 0.00469 
   88   88    1    1    1    1    1    1    1    1  9.87934E+12 0.00506 
   89   89    1    1    1    1    1    1    1    1  5.66354E+12 0.00674 
   90   90    1    1    1    1    1    1    1    1  3.77504E+12 0.00685 
   91   91    1    1    1    1    1    1    1    1  1.87938E+12 0.01688 
   92   92    1    1    1    1    1    1    1    1  9.10763E+11 0.01207 
   93   93    1    1    1    1    1    1    1    1  4.40850E+11 0.02800 
   94   94    1    1    1    1    1    1    1    1  2.20611E+11 0.03893 
   95   95    1    1    1    1    1    1    1    1  1.07755E+11 0.04751 
   96   96    1    1    1    1    1    1    1    1  4.05172E+10 0.07511 
   97   97    1    1    1    1    1    1    1    1  2.31117E+10 0.11987 
   98   98    1    1    1    1    1    1    1    1  1.03074E+10 0.11951 
   99   99    1    1    1    1    1    1    1    1  6.70458E+09 0.23234 
  100  100    1    1    1    1    1    1    1    1  4.56771E+09 0.33793 
];


