
DETdpaspec = [
    1    1    1    1    1    1    1    1    1    1  0.00000E+00 0.00000 
    2    2    1    1    1    1    1    1    1    1  0.00000E+00 0.00000 
    3    3    1    1    1    1    1    1    1    1  0.00000E+00 0.00000 
    4    4    1    1    1    1    1    1    1    1  0.00000E+00 0.00000 
    5    5    1    1    1    1    1    1    1    1  7.80983E+06 1.00000 
    6    6    1    1    1    1    1    1    1    1  0.00000E+00 0.00000 
    7    7    1    1    1    1    1    1    1    1  1.01967E+07 1.00000 
    8    8    1    1    1    1    1    1    1    1  0.00000E+00 0.00000 
    9    9    1    1    1    1    1    1    1    1  7.96542E+06 1.00000 
   10   10    1    1    1    1    1    1    1    1  5.09210E+07 1.00000 
   11   11    1    1    1    1    1    1    1    1  1.29921E+08 1.00000 
   12   12    1    1    1    1    1    1    1    1  2.32173E+07 0.95228 
   13   13    1    1    1    1    1    1    1    1  4.52203E+08 0.52072 
   14   14    1    1    1    1    1    1    1    1  2.50585E+09 0.49598 
   15   15    1    1    1    1    1    1    1    1  2.13434E+09 0.39507 
   16   16    1    1    1    1    1    1    1    1  4.26229E+08 0.40313 
   17   17    1    1    1    1    1    1    1    1  1.44749E+09 0.35754 
   18   18    1    1    1    1    1    1    1    1  3.60482E+09 0.23161 
   19   19    1    1    1    1    1    1    1    1  3.35379E+09 0.19608 
   20   20    1    1    1    1    1    1    1    1  1.66416E+10 0.13303 
   21   21    1    1    1    1    1    1    1    1  1.16931E+10 0.09190 
   22   22    1    1    1    1    1    1    1    1  3.03583E+10 0.07723 
   23   23    1    1    1    1    1    1    1    1  6.07983E+10 0.05842 
   24   24    1    1    1    1    1    1    1    1  1.36361E+11 0.04263 
   25   25    1    1    1    1    1    1    1    1  2.34750E+11 0.03542 
   26   26    1    1    1    1    1    1    1    1  4.91792E+11 0.01819 
   27   27    1    1    1    1    1    1    1    1  1.04036E+12 0.01477 
   28   28    1    1    1    1    1    1    1    1  2.39051E+12 0.00929 
   29   29    1    1    1    1    1    1    1    1  3.64689E+12 0.00835 
   30   30    1    1    1    1    1    1    1    1  7.83468E+12 0.00613 
   31   31    1    1    1    1    1    1    1    1  1.79504E+13 0.00422 
   32   32    1    1    1    1    1    1    1    1  2.58236E+13 0.00225 
   33   33    1    1    1    1    1    1    1    1  5.02885E+13 0.00316 
   34   34    1    1    1    1    1    1    1    1  6.01140E+13 0.00232 
   35   35    1    1    1    1    1    1    1    1  7.71066E+13 0.00178 
   36   36    1    1    1    1    1    1    1    1  5.83480E+13 0.00152 
   37   37    1    1    1    1    1    1    1    1  1.77802E+13 0.00157 
   38   38    1    1    1    1    1    1    1    1  8.85417E+13 0.00143 
   39   39    1    1    1    1    1    1    1    1  1.08969E+14 0.00140 
   40   40    1    1    1    1    1    1    1    1  1.83736E+14 0.00112 
   41   41    1    1    1    1    1    1    1    1  1.72384E+14 0.00132 
   42   42    1    1    1    1    1    1    1    1  3.19898E+14 0.00096 
   43   43    1    1    1    1    1    1    1    1  3.53270E+14 0.00115 
   44   44    1    1    1    1    1    1    1    1  4.61809E+14 0.00091 
   45   45    1    1    1    1    1    1    1    1  8.35582E+14 0.00061 
   46   46    1    1    1    1    1    1    1    1  4.40974E+14 0.00084 
   47   47    1    1    1    1    1    1    1    1  6.32564E+14 0.00084 
   48   48    1    1    1    1    1    1    1    1  8.88942E+14 0.00055 
   49   49    1    1    1    1    1    1    1    1  8.06406E+14 0.00060 
   50   50    1    1    1    1    1    1    1    1  1.26766E+15 0.00045 
   51   51    1    1    1    1    1    1    1    1  9.92949E+14 0.00058 
   52   52    1    1    1    1    1    1    1    1  1.15159E+15 0.00070 
   53   53    1    1    1    1    1    1    1    1  8.23195E+14 0.00049 
   54   54    1    1    1    1    1    1    1    1  1.01801E+15 0.00045 
   55   55    1    1    1    1    1    1    1    1  7.23404E+14 0.00070 
   56   56    1    1    1    1    1    1    1    1  9.97116E+13 0.00135 
   57   57    1    1    1    1    1    1    1    1  1.41252E+15 0.00043 
   58   58    1    1    1    1    1    1    1    1  6.34280E+14 0.00076 
   59   59    1    1    1    1    1    1    1    1  6.89046E+14 0.00057 
   60   60    1    1    1    1    1    1    1    1  5.55902E+14 0.00076 
   61   61    1    1    1    1    1    1    1    1  5.56633E+14 0.00065 
   62   62    1    1    1    1    1    1    1    1  5.62883E+14 0.00072 
   63   63    1    1    1    1    1    1    1    1  4.74045E+14 0.00068 
   64   64    1    1    1    1    1    1    1    1  3.75952E+14 0.00073 
   65   65    1    1    1    1    1    1    1    1  3.69744E+14 0.00074 
   66   66    1    1    1    1    1    1    1    1  2.94930E+14 0.00099 
   67   67    1    1    1    1    1    1    1    1  2.41915E+14 0.00101 
   68   68    1    1    1    1    1    1    1    1  2.13314E+14 0.00127 
   69   69    1    1    1    1    1    1    1    1  2.60049E+14 0.00096 
   70   70    1    1    1    1    1    1    1    1  2.23236E+14 0.00128 
   71   71    1    1    1    1    1    1    1    1  4.13682E+14 0.00116 
   72   72    1    1    1    1    1    1    1    1  3.00844E+14 0.00147 
   73   73    1    1    1    1    1    1    1    1  2.32241E+14 0.00094 
   74   74    1    1    1    1    1    1    1    1  1.90277E+14 0.00130 
   75   75    1    1    1    1    1    1    1    1  1.57847E+14 0.00121 
   76   76    1    1    1    1    1    1    1    1  1.83032E+14 0.00135 
   77   77    1    1    1    1    1    1    1    1  1.45072E+14 0.00148 
   78   78    1    1    1    1    1    1    1    1  1.13008E+14 0.00112 
   79   79    1    1    1    1    1    1    1    1  1.16830E+14 0.00183 
   80   80    1    1    1    1    1    1    1    1  8.73917E+13 0.00221 
   81   81    1    1    1    1    1    1    1    1  6.79645E+13 0.00200 
   82   82    1    1    1    1    1    1    1    1  5.22371E+13 0.00165 
   83   83    1    1    1    1    1    1    1    1  4.89398E+13 0.00209 
   84   84    1    1    1    1    1    1    1    1  3.52851E+13 0.00306 
   85   85    1    1    1    1    1    1    1    1  2.54271E+13 0.00290 
   86   86    1    1    1    1    1    1    1    1  2.37932E+13 0.00398 
   87   87    1    1    1    1    1    1    1    1  1.46841E+13 0.00477 
   88   88    1    1    1    1    1    1    1    1  9.93830E+12 0.00571 
   89   89    1    1    1    1    1    1    1    1  5.60688E+12 0.00978 
   90   90    1    1    1    1    1    1    1    1  3.78045E+12 0.00901 
   91   91    1    1    1    1    1    1    1    1  1.88214E+12 0.01240 
   92   92    1    1    1    1    1    1    1    1  9.10590E+11 0.01860 
   93   93    1    1    1    1    1    1    1    1  4.22763E+11 0.02345 
   94   94    1    1    1    1    1    1    1    1  2.06183E+11 0.03567 
   95   95    1    1    1    1    1    1    1    1  1.01434E+11 0.02578 
   96   96    1    1    1    1    1    1    1    1  5.55702E+10 0.06559 
   97   97    1    1    1    1    1    1    1    1  2.43541E+10 0.13077 
   98   98    1    1    1    1    1    1    1    1  9.14407E+09 0.17633 
   99   99    1    1    1    1    1    1    1    1  5.15209E+09 0.24375 
  100  100    1    1    1    1    1    1    1    1  4.58547E+09 0.22561 
];


