
DETdpaspec = [
    1    1    1    1    1    1    1    1    1    1  0.00000E+00 0.00000 
    2    2    1    1    1    1    1    1    1    1  0.00000E+00 0.00000 
    3    3    1    1    1    1    1    1    1    1  0.00000E+00 0.00000 
    4    4    1    1    1    1    1    1    1    1  0.00000E+00 0.00000 
    5    5    1    1    1    1    1    1    1    1  0.00000E+00 0.00000 
    6    6    1    1    1    1    1    1    1    1  0.00000E+00 0.00000 
    7    7    1    1    1    1    1    1    1    1  0.00000E+00 0.00000 
    8    8    1    1    1    1    1    1    1    1  0.00000E+00 0.00000 
    9    9    1    1    1    1    1    1    1    1  0.00000E+00 0.00000 
   10   10    1    1    1    1    1    1    1    1  0.00000E+00 0.00000 
   11   11    1    1    1    1    1    1    1    1  0.00000E+00 0.00000 
   12   12    1    1    1    1    1    1    1    1  8.37518E+07 0.93267 
   13   13    1    1    1    1    1    1    1    1  1.52562E+09 0.45535 
   14   14    1    1    1    1    1    1    1    1  1.56584E+09 0.45470 
   15   15    1    1    1    1    1    1    1    1  9.26085E+08 0.60166 
   16   16    1    1    1    1    1    1    1    1  5.25345E+08 0.44010 
   17   17    1    1    1    1    1    1    1    1  8.25495E+08 0.39449 
   18   18    1    1    1    1    1    1    1    1  2.67213E+09 0.21693 
   19   19    1    1    1    1    1    1    1    1  2.87013E+09 0.20897 
   20   20    1    1    1    1    1    1    1    1  9.27300E+09 0.17886 
   21   21    1    1    1    1    1    1    1    1  1.09450E+10 0.11603 
   22   22    1    1    1    1    1    1    1    1  4.42527E+10 0.06616 
   23   23    1    1    1    1    1    1    1    1  1.40379E+11 0.03503 
   24   24    1    1    1    1    1    1    1    1  4.00970E+11 0.02175 
   25   25    1    1    1    1    1    1    1    1  6.72519E+11 0.01801 
   26   26    1    1    1    1    1    1    1    1  1.35277E+12 0.01218 
   27   27    1    1    1    1    1    1    1    1  2.58302E+12 0.00921 
   28   28    1    1    1    1    1    1    1    1  5.31603E+12 0.00705 
   29   29    1    1    1    1    1    1    1    1  7.73552E+12 0.00775 
   30   30    1    1    1    1    1    1    1    1  1.43310E+13 0.00377 
   31   31    1    1    1    1    1    1    1    1  2.88847E+13 0.00304 
   32   32    1    1    1    1    1    1    1    1  3.88799E+13 0.00239 
   33   33    1    1    1    1    1    1    1    1  7.06588E+13 0.00215 
   34   34    1    1    1    1    1    1    1    1  8.30383E+13 0.00181 
   35   35    1    1    1    1    1    1    1    1  9.74030E+13 0.00190 
   36   36    1    1    1    1    1    1    1    1  7.00062E+13 0.00142 
   37   37    1    1    1    1    1    1    1    1  2.08373E+13 0.00195 
   38   38    1    1    1    1    1    1    1    1  1.04627E+14 0.00141 
   39   39    1    1    1    1    1    1    1    1  1.27064E+14 0.00121 
   40   40    1    1    1    1    1    1    1    1  2.13270E+14 0.00119 
   41   41    1    1    1    1    1    1    1    1  1.95095E+14 0.00106 
   42   42    1    1    1    1    1    1    1    1  3.61139E+14 0.00076 
   43   43    1    1    1    1    1    1    1    1  3.94307E+14 0.00097 
   44   44    1    1    1    1    1    1    1    1  5.10243E+14 0.00078 
   45   45    1    1    1    1    1    1    1    1  9.13681E+14 0.00076 
   46   46    1    1    1    1    1    1    1    1  4.74497E+14 0.00090 
   47   47    1    1    1    1    1    1    1    1  6.73869E+14 0.00079 
   48   48    1    1    1    1    1    1    1    1  9.41098E+14 0.00040 
   49   49    1    1    1    1    1    1    1    1  8.42488E+14 0.00057 
   50   50    1    1    1    1    1    1    1    1  1.32437E+15 0.00063 
   51   51    1    1    1    1    1    1    1    1  1.02385E+15 0.00053 
   52   52    1    1    1    1    1    1    1    1  1.18781E+15 0.00052 
   53   53    1    1    1    1    1    1    1    1  8.44935E+14 0.00047 
   54   54    1    1    1    1    1    1    1    1  1.04677E+15 0.00057 
   55   55    1    1    1    1    1    1    1    1  7.42005E+14 0.00060 
   56   56    1    1    1    1    1    1    1    1  1.01996E+14 0.00095 
   57   57    1    1    1    1    1    1    1    1  1.43974E+15 0.00057 
   58   58    1    1    1    1    1    1    1    1  6.50459E+14 0.00068 
   59   59    1    1    1    1    1    1    1    1  7.02936E+14 0.00070 
   60   60    1    1    1    1    1    1    1    1  5.70478E+14 0.00049 
   61   61    1    1    1    1    1    1    1    1  5.69273E+14 0.00086 
   62   62    1    1    1    1    1    1    1    1  5.74331E+14 0.00082 
   63   63    1    1    1    1    1    1    1    1  4.83699E+14 0.00088 
   64   64    1    1    1    1    1    1    1    1  3.82706E+14 0.00113 
   65   65    1    1    1    1    1    1    1    1  3.76173E+14 0.00087 
   66   66    1    1    1    1    1    1    1    1  2.99486E+14 0.00109 
   67   67    1    1    1    1    1    1    1    1  2.44505E+14 0.00097 
   68   68    1    1    1    1    1    1    1    1  2.14856E+14 0.00131 
   69   69    1    1    1    1    1    1    1    1  2.61735E+14 0.00128 
   70   70    1    1    1    1    1    1    1    1  2.24041E+14 0.00109 
   71   71    1    1    1    1    1    1    1    1  4.11868E+14 0.00073 
   72   72    1    1    1    1    1    1    1    1  2.98036E+14 0.00152 
   73   73    1    1    1    1    1    1    1    1  2.30013E+14 0.00114 
   74   74    1    1    1    1    1    1    1    1  1.89138E+14 0.00132 
   75   75    1    1    1    1    1    1    1    1  1.57649E+14 0.00139 
   76   76    1    1    1    1    1    1    1    1  1.83901E+14 0.00110 
   77   77    1    1    1    1    1    1    1    1  1.45804E+14 0.00133 
   78   78    1    1    1    1    1    1    1    1  1.14694E+14 0.00118 
   79   79    1    1    1    1    1    1    1    1  1.19135E+14 0.00137 
   80   80    1    1    1    1    1    1    1    1  8.92489E+13 0.00203 
   81   81    1    1    1    1    1    1    1    1  6.91191E+13 0.00180 
   82   82    1    1    1    1    1    1    1    1  5.33757E+13 0.00250 
   83   83    1    1    1    1    1    1    1    1  4.98934E+13 0.00144 
   84   84    1    1    1    1    1    1    1    1  3.58758E+13 0.00227 
   85   85    1    1    1    1    1    1    1    1  2.57806E+13 0.00289 
   86   86    1    1    1    1    1    1    1    1  2.41726E+13 0.00340 
   87   87    1    1    1    1    1    1    1    1  1.47405E+13 0.00450 
   88   88    1    1    1    1    1    1    1    1  9.91604E+12 0.00498 
   89   89    1    1    1    1    1    1    1    1  5.68876E+12 0.00567 
   90   90    1    1    1    1    1    1    1    1  3.70937E+12 0.01171 
   91   91    1    1    1    1    1    1    1    1  1.90858E+12 0.01391 
   92   92    1    1    1    1    1    1    1    1  9.15951E+11 0.01707 
   93   93    1    1    1    1    1    1    1    1  4.25173E+11 0.02340 
   94   94    1    1    1    1    1    1    1    1  2.08522E+11 0.03323 
   95   95    1    1    1    1    1    1    1    1  1.02090E+11 0.03204 
   96   96    1    1    1    1    1    1    1    1  4.34929E+10 0.07553 
   97   97    1    1    1    1    1    1    1    1  2.67055E+10 0.12067 
   98   98    1    1    1    1    1    1    1    1  8.52866E+09 0.18528 
   99   99    1    1    1    1    1    1    1    1  4.28437E+09 0.20703 
  100  100    1    1    1    1    1    1    1    1  3.58619E+09 0.20871 
];


