
DETdpaspec = [
    1    1    1    1    1    1    1    1    1    1  0.00000E+00 0.00000 
    2    2    1    1    1    1    1    1    1    1  0.00000E+00 0.00000 
    3    3    1    1    1    1    1    1    1    1  0.00000E+00 0.00000 
    4    4    1    1    1    1    1    1    1    1  0.00000E+00 0.00000 
    5    5    1    1    1    1    1    1    1    1  0.00000E+00 0.00000 
    6    6    1    1    1    1    1    1    1    1  0.00000E+00 0.00000 
    7    7    1    1    1    1    1    1    1    1  1.08090E+07 1.00000 
    8    8    1    1    1    1    1    1    1    1  0.00000E+00 0.00000 
    9    9    1    1    1    1    1    1    1    1  0.00000E+00 0.00000 
   10   10    1    1    1    1    1    1    1    1  0.00000E+00 0.00000 
   11   11    1    1    1    1    1    1    1    1  1.34078E+08 0.76552 
   12   12    1    1    1    1    1    1    1    1  0.00000E+00 0.00000 
   13   13    1    1    1    1    1    1    1    1  1.16903E+09 0.36704 
   14   14    1    1    1    1    1    1    1    1  2.58757E+09 0.31735 
   15   15    1    1    1    1    1    1    1    1  1.19614E+09 0.29323 
   16   16    1    1    1    1    1    1    1    1  7.39454E+08 0.39963 
   17   17    1    1    1    1    1    1    1    1  1.08883E+09 0.33781 
   18   18    1    1    1    1    1    1    1    1  2.03629E+09 0.24024 
   19   19    1    1    1    1    1    1    1    1  3.30272E+09 0.16226 
   20   20    1    1    1    1    1    1    1    1  1.32709E+10 0.14151 
   21   21    1    1    1    1    1    1    1    1  1.28657E+10 0.15540 
   22   22    1    1    1    1    1    1    1    1  2.28460E+10 0.07951 
   23   23    1    1    1    1    1    1    1    1  6.22582E+10 0.04235 
   24   24    1    1    1    1    1    1    1    1  1.75127E+11 0.03820 
   25   25    1    1    1    1    1    1    1    1  2.82855E+11 0.03283 
   26   26    1    1    1    1    1    1    1    1  6.21433E+11 0.01403 
   27   27    1    1    1    1    1    1    1    1  1.27310E+12 0.01294 
   28   28    1    1    1    1    1    1    1    1  2.85438E+12 0.00991 
   29   29    1    1    1    1    1    1    1    1  4.33510E+12 0.00958 
   30   30    1    1    1    1    1    1    1    1  8.94871E+12 0.00653 
   31   31    1    1    1    1    1    1    1    1  1.98973E+13 0.00407 
   32   32    1    1    1    1    1    1    1    1  2.82289E+13 0.00338 
   33   33    1    1    1    1    1    1    1    1  5.42461E+13 0.00248 
   34   34    1    1    1    1    1    1    1    1  6.53863E+13 0.00177 
   35   35    1    1    1    1    1    1    1    1  8.13268E+13 0.00153 
   36   36    1    1    1    1    1    1    1    1  6.07121E+13 0.00105 
   37   37    1    1    1    1    1    1    1    1  1.83536E+13 0.00117 
   38   38    1    1    1    1    1    1    1    1  9.19273E+13 0.00114 
   39   39    1    1    1    1    1    1    1    1  1.12818E+14 0.00112 
   40   40    1    1    1    1    1    1    1    1  1.90417E+14 0.00087 
   41   41    1    1    1    1    1    1    1    1  1.77661E+14 0.00082 
   42   42    1    1    1    1    1    1    1    1  3.29712E+14 0.00073 
   43   43    1    1    1    1    1    1    1    1  3.62366E+14 0.00094 
   44   44    1    1    1    1    1    1    1    1  4.73173E+14 0.00063 
   45   45    1    1    1    1    1    1    1    1  8.55543E+14 0.00063 
   46   46    1    1    1    1    1    1    1    1  4.49340E+14 0.00080 
   47   47    1    1    1    1    1    1    1    1  6.42408E+14 0.00073 
   48   48    1    1    1    1    1    1    1    1  9.03893E+14 0.00058 
   49   49    1    1    1    1    1    1    1    1  8.17484E+14 0.00067 
   50   50    1    1    1    1    1    1    1    1  1.28464E+15 0.00057 
   51   51    1    1    1    1    1    1    1    1  1.00403E+15 0.00048 
   52   52    1    1    1    1    1    1    1    1  1.16464E+15 0.00058 
   53   53    1    1    1    1    1    1    1    1  8.31834E+14 0.00061 
   54   54    1    1    1    1    1    1    1    1  1.02927E+15 0.00062 
   55   55    1    1    1    1    1    1    1    1  7.31512E+14 0.00063 
   56   56    1    1    1    1    1    1    1    1  1.00963E+14 0.00091 
   57   57    1    1    1    1    1    1    1    1  1.42491E+15 0.00060 
   58   58    1    1    1    1    1    1    1    1  6.41634E+14 0.00067 
   59   59    1    1    1    1    1    1    1    1  6.95860E+14 0.00063 
   60   60    1    1    1    1    1    1    1    1  5.62881E+14 0.00080 
   61   61    1    1    1    1    1    1    1    1  5.62324E+14 0.00072 
   62   62    1    1    1    1    1    1    1    1  5.69335E+14 0.00097 
   63   63    1    1    1    1    1    1    1    1  4.79101E+14 0.00091 
   64   64    1    1    1    1    1    1    1    1  3.80034E+14 0.00093 
   65   65    1    1    1    1    1    1    1    1  3.73635E+14 0.00096 
   66   66    1    1    1    1    1    1    1    1  2.97773E+14 0.00109 
   67   67    1    1    1    1    1    1    1    1  2.44019E+14 0.00134 
   68   68    1    1    1    1    1    1    1    1  2.15312E+14 0.00122 
   69   69    1    1    1    1    1    1    1    1  2.62296E+14 0.00107 
   70   70    1    1    1    1    1    1    1    1  2.24621E+14 0.00102 
   71   71    1    1    1    1    1    1    1    1  4.15445E+14 0.00091 
   72   72    1    1    1    1    1    1    1    1  3.02647E+14 0.00102 
   73   73    1    1    1    1    1    1    1    1  2.33973E+14 0.00135 
   74   74    1    1    1    1    1    1    1    1  1.91295E+14 0.00129 
   75   75    1    1    1    1    1    1    1    1  1.59305E+14 0.00140 
   76   76    1    1    1    1    1    1    1    1  1.85041E+14 0.00099 
   77   77    1    1    1    1    1    1    1    1  1.46562E+14 0.00160 
   78   78    1    1    1    1    1    1    1    1  1.14578E+14 0.00155 
   79   79    1    1    1    1    1    1    1    1  1.18940E+14 0.00169 
   80   80    1    1    1    1    1    1    1    1  8.90614E+13 0.00148 
   81   81    1    1    1    1    1    1    1    1  6.89301E+13 0.00238 
   82   82    1    1    1    1    1    1    1    1  5.32578E+13 0.00211 
   83   83    1    1    1    1    1    1    1    1  4.95626E+13 0.00181 
   84   84    1    1    1    1    1    1    1    1  3.55550E+13 0.00221 
   85   85    1    1    1    1    1    1    1    1  2.57662E+13 0.00296 
   86   86    1    1    1    1    1    1    1    1  2.42253E+13 0.00252 
   87   87    1    1    1    1    1    1    1    1  1.48370E+13 0.00406 
   88   88    1    1    1    1    1    1    1    1  9.92789E+12 0.00586 
   89   89    1    1    1    1    1    1    1    1  5.72036E+12 0.00705 
   90   90    1    1    1    1    1    1    1    1  3.84797E+12 0.00558 
   91   91    1    1    1    1    1    1    1    1  1.92024E+12 0.00997 
   92   92    1    1    1    1    1    1    1    1  9.16854E+11 0.01699 
   93   93    1    1    1    1    1    1    1    1  4.41943E+11 0.02754 
   94   94    1    1    1    1    1    1    1    1  2.02756E+11 0.03783 
   95   95    1    1    1    1    1    1    1    1  9.84054E+10 0.05002 
   96   96    1    1    1    1    1    1    1    1  5.48853E+10 0.06364 
   97   97    1    1    1    1    1    1    1    1  2.72275E+10 0.09856 
   98   98    1    1    1    1    1    1    1    1  1.03860E+10 0.15225 
   99   99    1    1    1    1    1    1    1    1  6.05257E+09 0.22109 
  100  100    1    1    1    1    1    1    1    1  4.35751E+09 0.28784 
];


