
DETdpaspec = [
    1    1    1    1    1    1    1    1    1    1  0.00000E+00 0.00000 
    2    2    1    1    1    1    1    1    1    1  0.00000E+00 0.00000 
    3    3    1    1    1    1    1    1    1    1  0.00000E+00 0.00000 
    4    4    1    1    1    1    1    1    1    1  0.00000E+00 0.00000 
    5    5    1    1    1    1    1    1    1    1  0.00000E+00 0.00000 
    6    6    1    1    1    1    1    1    1    1  6.08489E+06 1.00000 
    7    7    1    1    1    1    1    1    1    1  0.00000E+00 0.00000 
    8    8    1    1    1    1    1    1    1    1  0.00000E+00 0.00000 
    9    9    1    1    1    1    1    1    1    1  3.47595E+06 1.00000 
   10   10    1    1    1    1    1    1    1    1  5.35112E+07 1.00000 
   11   11    1    1    1    1    1    1    1    1  5.57971E+07 1.00000 
   12   12    1    1    1    1    1    1    1    1  6.57337E+07 0.54941 
   13   13    1    1    1    1    1    1    1    1  1.11696E+09 0.64788 
   14   14    1    1    1    1    1    1    1    1  3.19398E+09 0.23380 
   15   15    1    1    1    1    1    1    1    1  2.66865E+09 0.45343 
   16   16    1    1    1    1    1    1    1    1  1.37711E+09 0.22058 
   17   17    1    1    1    1    1    1    1    1  2.66478E+09 0.26640 
   18   18    1    1    1    1    1    1    1    1  4.28853E+09 0.23283 
   19   19    1    1    1    1    1    1    1    1  4.86965E+09 0.15437 
   20   20    1    1    1    1    1    1    1    1  1.34510E+10 0.11388 
   21   21    1    1    1    1    1    1    1    1  1.25858E+10 0.09886 
   22   22    1    1    1    1    1    1    1    1  3.33987E+10 0.09035 
   23   23    1    1    1    1    1    1    1    1  6.11877E+10 0.04664 
   24   24    1    1    1    1    1    1    1    1  1.25006E+11 0.04517 
   25   25    1    1    1    1    1    1    1    1  1.97972E+11 0.04013 
   26   26    1    1    1    1    1    1    1    1  4.19252E+11 0.02910 
   27   27    1    1    1    1    1    1    1    1  8.77576E+11 0.01918 
   28   28    1    1    1    1    1    1    1    1  2.04401E+12 0.00975 
   29   29    1    1    1    1    1    1    1    1  3.11393E+12 0.00851 
   30   30    1    1    1    1    1    1    1    1  6.97244E+12 0.00543 
   31   31    1    1    1    1    1    1    1    1  1.62510E+13 0.00285 
   32   32    1    1    1    1    1    1    1    1  2.40303E+13 0.00285 
   33   33    1    1    1    1    1    1    1    1  4.71050E+13 0.00370 
   34   34    1    1    1    1    1    1    1    1  5.66463E+13 0.00237 
   35   35    1    1    1    1    1    1    1    1  7.42658E+13 0.00191 
   36   36    1    1    1    1    1    1    1    1  5.65838E+13 0.00160 
   37   37    1    1    1    1    1    1    1    1  1.72851E+13 0.00214 
   38   38    1    1    1    1    1    1    1    1  8.61979E+13 0.00166 
   39   39    1    1    1    1    1    1    1    1  1.05986E+14 0.00129 
   40   40    1    1    1    1    1    1    1    1  1.79396E+14 0.00127 
   41   41    1    1    1    1    1    1    1    1  1.69327E+14 0.00163 
   42   42    1    1    1    1    1    1    1    1  3.13972E+14 0.00128 
   43   43    1    1    1    1    1    1    1    1  3.46642E+14 0.00109 
   44   44    1    1    1    1    1    1    1    1  4.53843E+14 0.00098 
   45   45    1    1    1    1    1    1    1    1  8.21683E+14 0.00072 
   46   46    1    1    1    1    1    1    1    1  4.34511E+14 0.00076 
   47   47    1    1    1    1    1    1    1    1  6.24518E+14 0.00067 
   48   48    1    1    1    1    1    1    1    1  8.79505E+14 0.00063 
   49   49    1    1    1    1    1    1    1    1  7.98451E+14 0.00076 
   50   50    1    1    1    1    1    1    1    1  1.25291E+15 0.00045 
   51   51    1    1    1    1    1    1    1    1  9.85898E+14 0.00061 
   52   52    1    1    1    1    1    1    1    1  1.14029E+15 0.00041 
   53   53    1    1    1    1    1    1    1    1  8.17827E+14 0.00060 
   54   54    1    1    1    1    1    1    1    1  1.00833E+15 0.00066 
   55   55    1    1    1    1    1    1    1    1  7.16894E+14 0.00047 
   56   56    1    1    1    1    1    1    1    1  9.90500E+13 0.00112 
   57   57    1    1    1    1    1    1    1    1  1.39775E+15 0.00060 
   58   58    1    1    1    1    1    1    1    1  6.25333E+14 0.00064 
   59   59    1    1    1    1    1    1    1    1  6.81447E+14 0.00055 
   60   60    1    1    1    1    1    1    1    1  5.49035E+14 0.00065 
   61   61    1    1    1    1    1    1    1    1  5.49401E+14 0.00072 
   62   62    1    1    1    1    1    1    1    1  5.54975E+14 0.00071 
   63   63    1    1    1    1    1    1    1    1  4.66858E+14 0.00059 
   64   64    1    1    1    1    1    1    1    1  3.70218E+14 0.00080 
   65   65    1    1    1    1    1    1    1    1  3.64279E+14 0.00078 
   66   66    1    1    1    1    1    1    1    1  2.90195E+14 0.00076 
   67   67    1    1    1    1    1    1    1    1  2.38504E+14 0.00128 
   68   68    1    1    1    1    1    1    1    1  2.10405E+14 0.00101 
   69   69    1    1    1    1    1    1    1    1  2.56452E+14 0.00099 
   70   70    1    1    1    1    1    1    1    1  2.20252E+14 0.00092 
   71   71    1    1    1    1    1    1    1    1  4.09293E+14 0.00075 
   72   72    1    1    1    1    1    1    1    1  2.98784E+14 0.00142 
   73   73    1    1    1    1    1    1    1    1  2.31258E+14 0.00125 
   74   74    1    1    1    1    1    1    1    1  1.88550E+14 0.00098 
   75   75    1    1    1    1    1    1    1    1  1.56041E+14 0.00105 
   76   76    1    1    1    1    1    1    1    1  1.80043E+14 0.00118 
   77   77    1    1    1    1    1    1    1    1  1.42355E+14 0.00149 
   78   78    1    1    1    1    1    1    1    1  1.10541E+14 0.00127 
   79   79    1    1    1    1    1    1    1    1  1.14718E+14 0.00130 
   80   80    1    1    1    1    1    1    1    1  8.56350E+13 0.00194 
   81   81    1    1    1    1    1    1    1    1  6.62467E+13 0.00174 
   82   82    1    1    1    1    1    1    1    1  5.10711E+13 0.00235 
   83   83    1    1    1    1    1    1    1    1  4.78432E+13 0.00209 
   84   84    1    1    1    1    1    1    1    1  3.43972E+13 0.00213 
   85   85    1    1    1    1    1    1    1    1  2.48173E+13 0.00307 
   86   86    1    1    1    1    1    1    1    1  2.33427E+13 0.00282 
   87   87    1    1    1    1    1    1    1    1  1.43514E+13 0.00423 
   88   88    1    1    1    1    1    1    1    1  9.56658E+12 0.00427 
   89   89    1    1    1    1    1    1    1    1  5.48601E+12 0.00724 
   90   90    1    1    1    1    1    1    1    1  3.65714E+12 0.00696 
   91   91    1    1    1    1    1    1    1    1  1.85791E+12 0.01002 
   92   92    1    1    1    1    1    1    1    1  9.02459E+11 0.01664 
   93   93    1    1    1    1    1    1    1    1  4.32799E+11 0.01919 
   94   94    1    1    1    1    1    1    1    1  2.03095E+11 0.03958 
   95   95    1    1    1    1    1    1    1    1  1.03166E+11 0.04727 
   96   96    1    1    1    1    1    1    1    1  4.79604E+10 0.06921 
   97   97    1    1    1    1    1    1    1    1  2.05910E+10 0.07891 
   98   98    1    1    1    1    1    1    1    1  9.15215E+09 0.21771 
   99   99    1    1    1    1    1    1    1    1  6.65178E+09 0.16656 
  100  100    1    1    1    1    1    1    1    1  3.86254E+09 0.29437 
];


