
DETdpaspec = [
    1    1    1    1    1    1    1    1    1    1  0.00000E+00 0.00000 
    2    2    1    1    1    1    1    1    1    1  0.00000E+00 0.00000 
    3    3    1    1    1    1    1    1    1    1  0.00000E+00 0.00000 
    4    4    1    1    1    1    1    1    1    1  0.00000E+00 0.00000 
    5    5    1    1    1    1    1    1    1    1  0.00000E+00 0.00000 
    6    6    1    1    1    1    1    1    1    1  0.00000E+00 0.00000 
    7    7    1    1    1    1    1    1    1    1  0.00000E+00 0.00000 
    8    8    1    1    1    1    1    1    1    1  7.47404E+06 1.00000 
    9    9    1    1    1    1    1    1    1    1  1.84503E+07 1.00000 
   10   10    1    1    1    1    1    1    1    1  9.43655E+07 0.69516 
   11   11    1    1    1    1    1    1    1    1  6.30719E+07 0.69133 
   12   12    1    1    1    1    1    1    1    1  2.64724E+07 0.62147 
   13   13    1    1    1    1    1    1    1    1  3.21061E+08 0.71597 
   14   14    1    1    1    1    1    1    1    1  1.92383E+09 0.39769 
   15   15    1    1    1    1    1    1    1    1  1.14724E+09 0.49096 
   16   16    1    1    1    1    1    1    1    1  8.67019E+08 0.37603 
   17   17    1    1    1    1    1    1    1    1  1.86347E+09 0.26776 
   18   18    1    1    1    1    1    1    1    1  2.43261E+09 0.24165 
   19   19    1    1    1    1    1    1    1    1  4.29550E+09 0.17665 
   20   20    1    1    1    1    1    1    1    1  1.18085E+10 0.11710 
   21   21    1    1    1    1    1    1    1    1  1.04482E+10 0.14928 
   22   22    1    1    1    1    1    1    1    1  2.44899E+10 0.08935 
   23   23    1    1    1    1    1    1    1    1  5.96285E+10 0.05267 
   24   24    1    1    1    1    1    1    1    1  1.43590E+11 0.04003 
   25   25    1    1    1    1    1    1    1    1  2.44047E+11 0.02009 
   26   26    1    1    1    1    1    1    1    1  5.24010E+11 0.01799 
   27   27    1    1    1    1    1    1    1    1  1.11555E+12 0.01117 
   28   28    1    1    1    1    1    1    1    1  2.56531E+12 0.01037 
   29   29    1    1    1    1    1    1    1    1  3.85925E+12 0.00698 
   30   30    1    1    1    1    1    1    1    1  8.25600E+12 0.00542 
   31   31    1    1    1    1    1    1    1    1  1.85971E+13 0.00335 
   32   32    1    1    1    1    1    1    1    1  2.66791E+13 0.00275 
   33   33    1    1    1    1    1    1    1    1  5.17940E+13 0.00283 
   34   34    1    1    1    1    1    1    1    1  6.22754E+13 0.00170 
   35   35    1    1    1    1    1    1    1    1  7.87827E+13 0.00125 
   36   36    1    1    1    1    1    1    1    1  5.91431E+13 0.00142 
   37   37    1    1    1    1    1    1    1    1  1.79665E+13 0.00183 
   38   38    1    1    1    1    1    1    1    1  8.96766E+13 0.00194 
   39   39    1    1    1    1    1    1    1    1  1.10374E+14 0.00148 
   40   40    1    1    1    1    1    1    1    1  1.86289E+14 0.00142 
   41   41    1    1    1    1    1    1    1    1  1.74484E+14 0.00166 
   42   42    1    1    1    1    1    1    1    1  3.23858E+14 0.00129 
   43   43    1    1    1    1    1    1    1    1  3.56484E+14 0.00111 
   44   44    1    1    1    1    1    1    1    1  4.65736E+14 0.00065 
   45   45    1    1    1    1    1    1    1    1  8.42592E+14 0.00074 
   46   46    1    1    1    1    1    1    1    1  4.43759E+14 0.00073 
   47   47    1    1    1    1    1    1    1    1  6.36497E+14 0.00069 
   48   48    1    1    1    1    1    1    1    1  8.94785E+14 0.00054 
   49   49    1    1    1    1    1    1    1    1  8.10475E+14 0.00047 
   50   50    1    1    1    1    1    1    1    1  1.27392E+15 0.00049 
   51   51    1    1    1    1    1    1    1    1  9.96949E+14 0.00052 
   52   52    1    1    1    1    1    1    1    1  1.15718E+15 0.00061 
   53   53    1    1    1    1    1    1    1    1  8.26108E+14 0.00056 
   54   54    1    1    1    1    1    1    1    1  1.02325E+15 0.00069 
   55   55    1    1    1    1    1    1    1    1  7.27440E+14 0.00082 
   56   56    1    1    1    1    1    1    1    1  1.00198E+14 0.00123 
   57   57    1    1    1    1    1    1    1    1  1.41712E+15 0.00058 
   58   58    1    1    1    1    1    1    1    1  6.36905E+14 0.00069 
   59   59    1    1    1    1    1    1    1    1  6.92440E+14 0.00058 
   60   60    1    1    1    1    1    1    1    1  5.58870E+14 0.00096 
   61   61    1    1    1    1    1    1    1    1  5.59450E+14 0.00070 
   62   62    1    1    1    1    1    1    1    1  5.65415E+14 0.00080 
   63   63    1    1    1    1    1    1    1    1  4.76437E+14 0.00106 
   64   64    1    1    1    1    1    1    1    1  3.77260E+14 0.00079 
   65   65    1    1    1    1    1    1    1    1  3.71406E+14 0.00100 
   66   66    1    1    1    1    1    1    1    1  2.96058E+14 0.00093 
   67   67    1    1    1    1    1    1    1    1  2.42966E+14 0.00083 
   68   68    1    1    1    1    1    1    1    1  2.14296E+14 0.00120 
   69   69    1    1    1    1    1    1    1    1  2.60650E+14 0.00119 
   70   70    1    1    1    1    1    1    1    1  2.23793E+14 0.00111 
   71   71    1    1    1    1    1    1    1    1  4.14603E+14 0.00084 
   72   72    1    1    1    1    1    1    1    1  3.01522E+14 0.00099 
   73   73    1    1    1    1    1    1    1    1  2.33523E+14 0.00102 
   74   74    1    1    1    1    1    1    1    1  1.91051E+14 0.00173 
   75   75    1    1    1    1    1    1    1    1  1.58577E+14 0.00140 
   76   76    1    1    1    1    1    1    1    1  1.83834E+14 0.00158 
   77   77    1    1    1    1    1    1    1    1  1.45387E+14 0.00151 
   78   78    1    1    1    1    1    1    1    1  1.13320E+14 0.00147 
   79   79    1    1    1    1    1    1    1    1  1.18233E+14 0.00152 
   80   80    1    1    1    1    1    1    1    1  8.85655E+13 0.00149 
   81   81    1    1    1    1    1    1    1    1  6.81709E+13 0.00203 
   82   82    1    1    1    1    1    1    1    1  5.26735E+13 0.00197 
   83   83    1    1    1    1    1    1    1    1  4.91431E+13 0.00242 
   84   84    1    1    1    1    1    1    1    1  3.53380E+13 0.00275 
   85   85    1    1    1    1    1    1    1    1  2.54940E+13 0.00289 
   86   86    1    1    1    1    1    1    1    1  2.38525E+13 0.00321 
   87   87    1    1    1    1    1    1    1    1  1.46231E+13 0.00577 
   88   88    1    1    1    1    1    1    1    1  1.00093E+13 0.00396 
   89   89    1    1    1    1    1    1    1    1  5.66648E+12 0.00861 
   90   90    1    1    1    1    1    1    1    1  3.71552E+12 0.00966 
   91   91    1    1    1    1    1    1    1    1  1.88939E+12 0.01249 
   92   92    1    1    1    1    1    1    1    1  9.21073E+11 0.01460 
   93   93    1    1    1    1    1    1    1    1  4.34440E+11 0.02651 
   94   94    1    1    1    1    1    1    1    1  1.87175E+11 0.02838 
   95   95    1    1    1    1    1    1    1    1  1.02442E+11 0.04936 
   96   96    1    1    1    1    1    1    1    1  4.27375E+10 0.07655 
   97   97    1    1    1    1    1    1    1    1  2.16052E+10 0.10708 
   98   98    1    1    1    1    1    1    1    1  9.73547E+09 0.15182 
   99   99    1    1    1    1    1    1    1    1  4.98801E+09 0.22057 
  100  100    1    1    1    1    1    1    1    1  4.85775E+09 0.29063 
];


