
DETdpaspec = [
    1    1    1    1    1    1    1    1    1    1  0.00000E+00 0.00000 
    2    2    1    1    1    1    1    1    1    1  0.00000E+00 0.00000 
    3    3    1    1    1    1    1    1    1    1  0.00000E+00 0.00000 
    4    4    1    1    1    1    1    1    1    1  0.00000E+00 0.00000 
    5    5    1    1    1    1    1    1    1    1  0.00000E+00 0.00000 
    6    6    1    1    1    1    1    1    1    1  0.00000E+00 0.00000 
    7    7    1    1    1    1    1    1    1    1  0.00000E+00 0.00000 
    8    8    1    1    1    1    1    1    1    1  0.00000E+00 0.00000 
    9    9    1    1    1    1    1    1    1    1  0.00000E+00 0.00000 
   10   10    1    1    1    1    1    1    1    1  4.28034E+07 1.00000 
   11   11    1    1    1    1    1    1    1    1  3.81797E+08 0.72252 
   12   12    1    1    1    1    1    1    1    1  3.80570E+08 0.61967 
   13   13    1    1    1    1    1    1    1    1  7.99447E+08 0.64569 
   14   14    1    1    1    1    1    1    1    1  5.76573E+08 0.81629 
   15   15    1    1    1    1    1    1    1    1  1.00302E+08 1.00000 
   16   16    1    1    1    1    1    1    1    1  2.71533E+08 0.58172 
   17   17    1    1    1    1    1    1    1    1  1.65486E+09 0.39078 
   18   18    1    1    1    1    1    1    1    1  3.42362E+09 0.31212 
   19   19    1    1    1    1    1    1    1    1  1.12537E+10 0.14225 
   20   20    1    1    1    1    1    1    1    1  5.65780E+10 0.08466 
   21   21    1    1    1    1    1    1    1    1  1.63361E+11 0.02991 
   22   22    1    1    1    1    1    1    1    1  6.24856E+11 0.01493 
   23   23    1    1    1    1    1    1    1    1  1.74217E+12 0.01197 
   24   24    1    1    1    1    1    1    1    1  3.51957E+12 0.00699 
   25   25    1    1    1    1    1    1    1    1  4.57221E+12 0.00977 
   26   26    1    1    1    1    1    1    1    1  7.56278E+12 0.00518 
   27   27    1    1    1    1    1    1    1    1  1.14362E+13 0.00398 
   28   28    1    1    1    1    1    1    1    1  1.79900E+13 0.00450 
   29   29    1    1    1    1    1    1    1    1  2.27114E+13 0.00373 
   30   30    1    1    1    1    1    1    1    1  3.55824E+13 0.00350 
   31   31    1    1    1    1    1    1    1    1  5.84077E+13 0.00264 
   32   32    1    1    1    1    1    1    1    1  7.06351E+13 0.00183 
   33   33    1    1    1    1    1    1    1    1  1.15945E+14 0.00109 
   34   34    1    1    1    1    1    1    1    1  1.27277E+14 0.00168 
   35   35    1    1    1    1    1    1    1    1  1.34845E+14 0.00107 
   36   36    1    1    1    1    1    1    1    1  9.15544E+13 0.00106 
   37   37    1    1    1    1    1    1    1    1  2.65365E+13 0.00138 
   38   38    1    1    1    1    1    1    1    1  1.32895E+14 0.00128 
   39   39    1    1    1    1    1    1    1    1  1.58437E+14 0.00101 
   40   40    1    1    1    1    1    1    1    1  2.61184E+14 0.00124 
   41   41    1    1    1    1    1    1    1    1  2.32158E+14 0.00070 
   42   42    1    1    1    1    1    1    1    1  4.24351E+14 0.00084 
   43   43    1    1    1    1    1    1    1    1  4.53768E+14 0.00086 
   44   44    1    1    1    1    1    1    1    1  5.77524E+14 0.00087 
   45   45    1    1    1    1    1    1    1    1  1.00964E+15 0.00070 
   46   46    1    1    1    1    1    1    1    1  5.12355E+14 0.00074 
   47   47    1    1    1    1    1    1    1    1  7.18692E+14 0.00060 
   48   48    1    1    1    1    1    1    1    1  9.87181E+14 0.00064 
   49   49    1    1    1    1    1    1    1    1  8.70620E+14 0.00051 
   50   50    1    1    1    1    1    1    1    1  1.35375E+15 0.00055 
   51   51    1    1    1    1    1    1    1    1  1.02603E+15 0.00053 
   52   52    1    1    1    1    1    1    1    1  1.18456E+15 0.00051 
   53   53    1    1    1    1    1    1    1    1  8.29815E+14 0.00061 
   54   54    1    1    1    1    1    1    1    1  1.02686E+15 0.00066 
   55   55    1    1    1    1    1    1    1    1  7.21302E+14 0.00056 
   56   56    1    1    1    1    1    1    1    1  9.86756E+13 0.00107 
   57   57    1    1    1    1    1    1    1    1  1.38536E+15 0.00058 
   58   58    1    1    1    1    1    1    1    1  6.25677E+14 0.00081 
   59   59    1    1    1    1    1    1    1    1  6.70460E+14 0.00088 
   60   60    1    1    1    1    1    1    1    1  5.43091E+14 0.00060 
   61   61    1    1    1    1    1    1    1    1  5.39761E+14 0.00075 
   62   62    1    1    1    1    1    1    1    1  5.42334E+14 0.00061 
   63   63    1    1    1    1    1    1    1    1  4.54812E+14 0.00079 
   64   64    1    1    1    1    1    1    1    1  3.58146E+14 0.00103 
   65   65    1    1    1    1    1    1    1    1  3.49755E+14 0.00076 
   66   66    1    1    1    1    1    1    1    1  2.77458E+14 0.00102 
   67   67    1    1    1    1    1    1    1    1  2.25774E+14 0.00094 
   68   68    1    1    1    1    1    1    1    1  1.97929E+14 0.00085 
   69   69    1    1    1    1    1    1    1    1  2.39676E+14 0.00090 
   70   70    1    1    1    1    1    1    1    1  2.03963E+14 0.00094 
   71   71    1    1    1    1    1    1    1    1  3.70369E+14 0.00083 
   72   72    1    1    1    1    1    1    1    1  2.65425E+14 0.00069 
   73   73    1    1    1    1    1    1    1    1  2.04245E+14 0.00129 
   74   74    1    1    1    1    1    1    1    1  1.67715E+14 0.00103 
   75   75    1    1    1    1    1    1    1    1  1.39628E+14 0.00151 
   76   76    1    1    1    1    1    1    1    1  1.62541E+14 0.00144 
   77   77    1    1    1    1    1    1    1    1  1.29596E+14 0.00167 
   78   78    1    1    1    1    1    1    1    1  1.01375E+14 0.00159 
   79   79    1    1    1    1    1    1    1    1  1.05214E+14 0.00167 
   80   80    1    1    1    1    1    1    1    1  7.86489E+13 0.00141 
   81   81    1    1    1    1    1    1    1    1  6.06408E+13 0.00206 
   82   82    1    1    1    1    1    1    1    1  4.64899E+13 0.00257 
   83   83    1    1    1    1    1    1    1    1  4.33873E+13 0.00202 
   84   84    1    1    1    1    1    1    1    1  3.10326E+13 0.00328 
   85   85    1    1    1    1    1    1    1    1  2.22265E+13 0.00277 
   86   86    1    1    1    1    1    1    1    1  2.07127E+13 0.00329 
   87   87    1    1    1    1    1    1    1    1  1.25618E+13 0.00348 
   88   88    1    1    1    1    1    1    1    1  8.39086E+12 0.00450 
   89   89    1    1    1    1    1    1    1    1  4.77516E+12 0.00874 
   90   90    1    1    1    1    1    1    1    1  3.03586E+12 0.00840 
   91   91    1    1    1    1    1    1    1    1  1.53420E+12 0.01101 
   92   92    1    1    1    1    1    1    1    1  7.32257E+11 0.01928 
   93   93    1    1    1    1    1    1    1    1  3.40478E+11 0.01728 
   94   94    1    1    1    1    1    1    1    1  1.60506E+11 0.03841 
   95   95    1    1    1    1    1    1    1    1  8.10565E+10 0.05003 
   96   96    1    1    1    1    1    1    1    1  4.35571E+10 0.09820 
   97   97    1    1    1    1    1    1    1    1  1.65654E+10 0.13325 
   98   98    1    1    1    1    1    1    1    1  1.05617E+10 0.16447 
   99   99    1    1    1    1    1    1    1    1  3.98279E+09 0.22521 
  100  100    1    1    1    1    1    1    1    1  3.65982E+09 0.33121 
];


