
DETdpaspec = [
    1    1    1    1    1    1    1    1    1    1  0.00000E+00 0.00000 
    2    2    1    1    1    1    1    1    1    1  0.00000E+00 0.00000 
    3    3    1    1    1    1    1    1    1    1  0.00000E+00 0.00000 
    4    4    1    1    1    1    1    1    1    1  0.00000E+00 0.00000 
    5    5    1    1    1    1    1    1    1    1  0.00000E+00 0.00000 
    6    6    1    1    1    1    1    1    1    1  0.00000E+00 0.00000 
    7    7    1    1    1    1    1    1    1    1  0.00000E+00 0.00000 
    8    8    1    1    1    1    1    1    1    1  0.00000E+00 0.00000 
    9    9    1    1    1    1    1    1    1    1  0.00000E+00 0.00000 
   10   10    1    1    1    1    1    1    1    1  0.00000E+00 0.00000 
   11   11    1    1    1    1    1    1    1    1  0.00000E+00 0.00000 
   12   12    1    1    1    1    1    1    1    1  1.64158E+08 0.54335 
   13   13    1    1    1    1    1    1    1    1  1.12586E+09 0.48458 
   14   14    1    1    1    1    1    1    1    1  7.79283E+08 0.55235 
   15   15    1    1    1    1    1    1    1    1  7.67994E+08 0.50742 
   16   16    1    1    1    1    1    1    1    1  1.84332E+08 0.68882 
   17   17    1    1    1    1    1    1    1    1  1.77383E+09 0.24649 
   18   18    1    1    1    1    1    1    1    1  2.62179E+09 0.23778 
   19   19    1    1    1    1    1    1    1    1  3.12864E+09 0.32380 
   20   20    1    1    1    1    1    1    1    1  1.16663E+10 0.17456 
   21   21    1    1    1    1    1    1    1    1  2.27251E+10 0.11203 
   22   22    1    1    1    1    1    1    1    1  1.00435E+11 0.04372 
   23   23    1    1    1    1    1    1    1    1  3.68501E+11 0.02398 
   24   24    1    1    1    1    1    1    1    1  9.26030E+11 0.01811 
   25   25    1    1    1    1    1    1    1    1  1.47145E+12 0.01486 
   26   26    1    1    1    1    1    1    1    1  2.77755E+12 0.00812 
   27   27    1    1    1    1    1    1    1    1  4.77387E+12 0.00530 
   28   28    1    1    1    1    1    1    1    1  8.81187E+12 0.00581 
   29   29    1    1    1    1    1    1    1    1  1.23710E+13 0.00577 
   30   30    1    1    1    1    1    1    1    1  2.10411E+13 0.00396 
   31   31    1    1    1    1    1    1    1    1  3.91750E+13 0.00326 
   32   32    1    1    1    1    1    1    1    1  5.03827E+13 0.00194 
   33   33    1    1    1    1    1    1    1    1  8.76822E+13 0.00211 
   34   34    1    1    1    1    1    1    1    1  1.00628E+14 0.00172 
   35   35    1    1    1    1    1    1    1    1  1.12289E+14 0.00177 
   36   36    1    1    1    1    1    1    1    1  7.87462E+13 0.00144 
   37   37    1    1    1    1    1    1    1    1  2.31355E+13 0.00156 
   38   38    1    1    1    1    1    1    1    1  1.16209E+14 0.00138 
   39   39    1    1    1    1    1    1    1    1  1.39936E+14 0.00101 
   40   40    1    1    1    1    1    1    1    1  2.33496E+14 0.00106 
   41   41    1    1    1    1    1    1    1    1  2.11117E+14 0.00105 
   42   42    1    1    1    1    1    1    1    1  3.88280E+14 0.00064 
   43   43    1    1    1    1    1    1    1    1  4.19870E+14 0.00097 
   44   44    1    1    1    1    1    1    1    1  5.40243E+14 0.00071 
   45   45    1    1    1    1    1    1    1    1  9.57598E+14 0.00055 
   46   46    1    1    1    1    1    1    1    1  4.92964E+14 0.00075 
   47   47    1    1    1    1    1    1    1    1  6.96448E+14 0.00069 
   48   48    1    1    1    1    1    1    1    1  9.66001E+14 0.00066 
   49   49    1    1    1    1    1    1    1    1  8.60060E+14 0.00064 
   50   50    1    1    1    1    1    1    1    1  1.34681E+15 0.00068 
   51   51    1    1    1    1    1    1    1    1  1.03331E+15 0.00051 
   52   52    1    1    1    1    1    1    1    1  1.19677E+15 0.00069 
   53   53    1    1    1    1    1    1    1    1  8.45055E+14 0.00058 
   54   54    1    1    1    1    1    1    1    1  1.04823E+15 0.00061 
   55   55    1    1    1    1    1    1    1    1  7.39899E+14 0.00056 
   56   56    1    1    1    1    1    1    1    1  1.01367E+14 0.00117 
   57   57    1    1    1    1    1    1    1    1  1.43158E+15 0.00059 
   58   58    1    1    1    1    1    1    1    1  6.46761E+14 0.00056 
   59   59    1    1    1    1    1    1    1    1  6.96778E+14 0.00067 
   60   60    1    1    1    1    1    1    1    1  5.65591E+14 0.00064 
   61   61    1    1    1    1    1    1    1    1  5.63218E+14 0.00052 
   62   62    1    1    1    1    1    1    1    1  5.67534E+14 0.00067 
   63   63    1    1    1    1    1    1    1    1  4.77021E+14 0.00070 
   64   64    1    1    1    1    1    1    1    1  3.76896E+14 0.00056 
   65   65    1    1    1    1    1    1    1    1  3.69877E+14 0.00077 
   66   66    1    1    1    1    1    1    1    1  2.94077E+14 0.00089 
   67   67    1    1    1    1    1    1    1    1  2.39783E+14 0.00122 
   68   68    1    1    1    1    1    1    1    1  2.10772E+14 0.00126 
   69   69    1    1    1    1    1    1    1    1  2.55740E+14 0.00118 
   70   70    1    1    1    1    1    1    1    1  2.18709E+14 0.00114 
   71   71    1    1    1    1    1    1    1    1  3.99101E+14 0.00087 
   72   72    1    1    1    1    1    1    1    1  2.88488E+14 0.00081 
   73   73    1    1    1    1    1    1    1    1  2.22881E+14 0.00103 
   74   74    1    1    1    1    1    1    1    1  1.82845E+14 0.00105 
   75   75    1    1    1    1    1    1    1    1  1.52707E+14 0.00119 
   76   76    1    1    1    1    1    1    1    1  1.78107E+14 0.00117 
   77   77    1    1    1    1    1    1    1    1  1.41413E+14 0.00132 
   78   78    1    1    1    1    1    1    1    1  1.11083E+14 0.00164 
   79   79    1    1    1    1    1    1    1    1  1.15913E+14 0.00165 
   80   80    1    1    1    1    1    1    1    1  8.67361E+13 0.00161 
   81   81    1    1    1    1    1    1    1    1  6.66880E+13 0.00172 
   82   82    1    1    1    1    1    1    1    1  5.15916E+13 0.00169 
   83   83    1    1    1    1    1    1    1    1  4.84665E+13 0.00193 
   84   84    1    1    1    1    1    1    1    1  3.45145E+13 0.00278 
   85   85    1    1    1    1    1    1    1    1  2.48696E+13 0.00341 
   86   86    1    1    1    1    1    1    1    1  2.33831E+13 0.00297 
   87   87    1    1    1    1    1    1    1    1  1.42991E+13 0.00506 
   88   88    1    1    1    1    1    1    1    1  9.46027E+12 0.00394 
   89   89    1    1    1    1    1    1    1    1  5.41503E+12 0.00464 
   90   90    1    1    1    1    1    1    1    1  3.64116E+12 0.00810 
   91   91    1    1    1    1    1    1    1    1  1.79601E+12 0.01071 
   92   92    1    1    1    1    1    1    1    1  8.68087E+11 0.01596 
   93   93    1    1    1    1    1    1    1    1  3.90406E+11 0.02180 
   94   94    1    1    1    1    1    1    1    1  1.94305E+11 0.04236 
   95   95    1    1    1    1    1    1    1    1  8.85256E+10 0.04732 
   96   96    1    1    1    1    1    1    1    1  4.45594E+10 0.08141 
   97   97    1    1    1    1    1    1    1    1  1.95851E+10 0.10950 
   98   98    1    1    1    1    1    1    1    1  9.07735E+09 0.10697 
   99   99    1    1    1    1    1    1    1    1  4.67344E+09 0.15557 
  100  100    1    1    1    1    1    1    1    1  3.26374E+09 0.22615 
];


