
DETdpaspec = [
    1    1    1    1    1    1    1    1    1    1  0.00000E+00 0.00000 
    2    2    1    1    1    1    1    1    1    1  0.00000E+00 0.00000 
    3    3    1    1    1    1    1    1    1    1  0.00000E+00 0.00000 
    4    4    1    1    1    1    1    1    1    1  0.00000E+00 0.00000 
    5    5    1    1    1    1    1    1    1    1  0.00000E+00 0.00000 
    6    6    1    1    1    1    1    1    1    1  0.00000E+00 0.00000 
    7    7    1    1    1    1    1    1    1    1  0.00000E+00 0.00000 
    8    8    1    1    1    1    1    1    1    1  5.36819E+06 1.00000 
    9    9    1    1    1    1    1    1    1    1  7.50178E+06 0.68897 
   10   10    1    1    1    1    1    1    1    1  4.41952E+07 0.70468 
   11   11    1    1    1    1    1    1    1    1  3.21055E+07 1.00000 
   12   12    1    1    1    1    1    1    1    1  8.80387E+07 0.43754 
   13   13    1    1    1    1    1    1    1    1  7.74016E+08 0.45748 
   14   14    1    1    1    1    1    1    1    1  3.12024E+09 0.33464 
   15   15    1    1    1    1    1    1    1    1  3.42962E+09 0.21332 
   16   16    1    1    1    1    1    1    1    1  1.05244E+09 0.37013 
   17   17    1    1    1    1    1    1    1    1  1.92839E+09 0.19479 
   18   18    1    1    1    1    1    1    1    1  5.01086E+09 0.18704 
   19   19    1    1    1    1    1    1    1    1  6.74412E+09 0.14904 
   20   20    1    1    1    1    1    1    1    1  2.65808E+10 0.08583 
   21   21    1    1    1    1    1    1    1    1  2.09523E+10 0.08092 
   22   22    1    1    1    1    1    1    1    1  4.31745E+10 0.07729 
   23   23    1    1    1    1    1    1    1    1  6.67726E+10 0.05889 
   24   24    1    1    1    1    1    1    1    1  1.31730E+11 0.03766 
   25   25    1    1    1    1    1    1    1    1  1.89591E+11 0.02080 
   26   26    1    1    1    1    1    1    1    1  3.83363E+11 0.02527 
   27   27    1    1    1    1    1    1    1    1  7.57356E+11 0.01882 
   28   28    1    1    1    1    1    1    1    1  1.70937E+12 0.01180 
   29   29    1    1    1    1    1    1    1    1  2.50669E+12 0.01204 
   30   30    1    1    1    1    1    1    1    1  6.00141E+12 0.00684 
   31   31    1    1    1    1    1    1    1    1  1.43294E+13 0.00421 
   32   32    1    1    1    1    1    1    1    1  2.15693E+13 0.00365 
   33   33    1    1    1    1    1    1    1    1  4.32426E+13 0.00211 
   34   34    1    1    1    1    1    1    1    1  5.11765E+13 0.00253 
   35   35    1    1    1    1    1    1    1    1  7.02901E+13 0.00240 
   36   36    1    1    1    1    1    1    1    1  5.46234E+13 0.00208 
   37   37    1    1    1    1    1    1    1    1  1.69437E+13 0.00242 
   38   38    1    1    1    1    1    1    1    1  8.31157E+13 0.00169 
   39   39    1    1    1    1    1    1    1    1  1.02543E+14 0.00131 
   40   40    1    1    1    1    1    1    1    1  1.71967E+14 0.00127 
   41   41    1    1    1    1    1    1    1    1  1.64901E+14 0.00111 
   42   42    1    1    1    1    1    1    1    1  3.02970E+14 0.00070 
   43   43    1    1    1    1    1    1    1    1  3.34770E+14 0.00098 
   44   44    1    1    1    1    1    1    1    1  4.38700E+14 0.00099 
   45   45    1    1    1    1    1    1    1    1  7.91644E+14 0.00079 
   46   46    1    1    1    1    1    1    1    1  4.19480E+14 0.00075 
   47   47    1    1    1    1    1    1    1    1  6.06416E+14 0.00099 
   48   48    1    1    1    1    1    1    1    1  8.52205E+14 0.00071 
   49   49    1    1    1    1    1    1    1    1  7.79779E+14 0.00064 
   50   50    1    1    1    1    1    1    1    1  1.21431E+15 0.00067 
   51   51    1    1    1    1    1    1    1    1  9.62565E+14 0.00052 
   52   52    1    1    1    1    1    1    1    1  1.10462E+15 0.00070 
   53   53    1    1    1    1    1    1    1    1  7.91623E+14 0.00065 
   54   54    1    1    1    1    1    1    1    1  9.69726E+14 0.00054 
   55   55    1    1    1    1    1    1    1    1  6.91296E+14 0.00073 
   56   56    1    1    1    1    1    1    1    1  9.54849E+13 0.00124 
   57   57    1    1    1    1    1    1    1    1  1.35010E+15 0.00059 
   58   58    1    1    1    1    1    1    1    1  5.97763E+14 0.00071 
   59   59    1    1    1    1    1    1    1    1  6.53147E+14 0.00067 
   60   60    1    1    1    1    1    1    1    1  5.20768E+14 0.00075 
   61   61    1    1    1    1    1    1    1    1  5.22087E+14 0.00075 
   62   62    1    1    1    1    1    1    1    1  5.26082E+14 0.00069 
   63   63    1    1    1    1    1    1    1    1  4.41367E+14 0.00099 
   64   64    1    1    1    1    1    1    1    1  3.50077E+14 0.00089 
   65   65    1    1    1    1    1    1    1    1  3.45210E+14 0.00101 
   66   66    1    1    1    1    1    1    1    1  2.74566E+14 0.00117 
   67   67    1    1    1    1    1    1    1    1  2.25628E+14 0.00112 
   68   68    1    1    1    1    1    1    1    1  1.99553E+14 0.00091 
   69   69    1    1    1    1    1    1    1    1  2.42879E+14 0.00076 
   70   70    1    1    1    1    1    1    1    1  2.09110E+14 0.00112 
   71   71    1    1    1    1    1    1    1    1  3.91537E+14 0.00076 
   72   72    1    1    1    1    1    1    1    1  2.86671E+14 0.00099 
   73   73    1    1    1    1    1    1    1    1  2.20859E+14 0.00149 
   74   74    1    1    1    1    1    1    1    1  1.78666E+14 0.00144 
   75   75    1    1    1    1    1    1    1    1  1.47099E+14 0.00171 
   76   76    1    1    1    1    1    1    1    1  1.68649E+14 0.00113 
   77   77    1    1    1    1    1    1    1    1  1.32087E+14 0.00156 
   78   78    1    1    1    1    1    1    1    1  1.02290E+14 0.00231 
   79   79    1    1    1    1    1    1    1    1  1.05630E+14 0.00163 
   80   80    1    1    1    1    1    1    1    1  7.85010E+13 0.00205 
   81   81    1    1    1    1    1    1    1    1  6.07605E+13 0.00178 
   82   82    1    1    1    1    1    1    1    1  4.69085E+13 0.00226 
   83   83    1    1    1    1    1    1    1    1  4.39026E+13 0.00230 
   84   84    1    1    1    1    1    1    1    1  3.14539E+13 0.00242 
   85   85    1    1    1    1    1    1    1    1  2.26859E+13 0.00292 
   86   86    1    1    1    1    1    1    1    1  2.11373E+13 0.00325 
   87   87    1    1    1    1    1    1    1    1  1.31704E+13 0.00393 
   88   88    1    1    1    1    1    1    1    1  8.77625E+12 0.00501 
   89   89    1    1    1    1    1    1    1    1  5.01233E+12 0.00879 
   90   90    1    1    1    1    1    1    1    1  3.34688E+12 0.00776 
   91   91    1    1    1    1    1    1    1    1  1.70054E+12 0.01664 
   92   92    1    1    1    1    1    1    1    1  8.48023E+11 0.02366 
   93   93    1    1    1    1    1    1    1    1  3.98628E+11 0.02330 
   94   94    1    1    1    1    1    1    1    1  1.88348E+11 0.04292 
   95   95    1    1    1    1    1    1    1    1  9.89125E+10 0.05374 
   96   96    1    1    1    1    1    1    1    1  4.51928E+10 0.05757 
   97   97    1    1    1    1    1    1    1    1  2.32996E+10 0.09554 
   98   98    1    1    1    1    1    1    1    1  1.27549E+10 0.15324 
   99   99    1    1    1    1    1    1    1    1  3.07475E+09 0.23906 
  100  100    1    1    1    1    1    1    1    1  4.99050E+09 0.31523 
];


