
DETdpaspec = [
    1    1    1    1    1    1    1    1    1    1  0.00000E+00 0.00000 
    2    2    1    1    1    1    1    1    1    1  0.00000E+00 0.00000 
    3    3    1    1    1    1    1    1    1    1  2.99089E+07 1.00000 
    4    4    1    1    1    1    1    1    1    1  1.63014E+07 1.00000 
    5    5    1    1    1    1    1    1    1    1  0.00000E+00 0.00000 
    6    6    1    1    1    1    1    1    1    1  0.00000E+00 0.00000 
    7    7    1    1    1    1    1    1    1    1  0.00000E+00 0.00000 
    8    8    1    1    1    1    1    1    1    1  0.00000E+00 0.00000 
    9    9    1    1    1    1    1    1    1    1  0.00000E+00 0.00000 
   10   10    1    1    1    1    1    1    1    1  0.00000E+00 0.00000 
   11   11    1    1    1    1    1    1    1    1  4.18062E+07 1.00000 
   12   12    1    1    1    1    1    1    1    1  3.57836E+08 0.62931 
   13   13    1    1    1    1    1    1    1    1  4.20810E+08 0.54163 
   14   14    1    1    1    1    1    1    1    1  3.31319E+08 0.59352 
   15   15    1    1    1    1    1    1    1    1  5.59868E+08 0.63040 
   16   16    1    1    1    1    1    1    1    1  5.87522E+08 0.48699 
   17   17    1    1    1    1    1    1    1    1  1.76165E+09 0.24576 
   18   18    1    1    1    1    1    1    1    1  3.05384E+09 0.23998 
   19   19    1    1    1    1    1    1    1    1  4.87276E+09 0.20940 
   20   20    1    1    1    1    1    1    1    1  2.02699E+10 0.09757 
   21   21    1    1    1    1    1    1    1    1  4.57339E+10 0.07455 
   22   22    1    1    1    1    1    1    1    1  2.01260E+11 0.03239 
   23   23    1    1    1    1    1    1    1    1  7.00180E+11 0.01857 
   24   24    1    1    1    1    1    1    1    1  1.63435E+12 0.01345 
   25   25    1    1    1    1    1    1    1    1  2.40231E+12 0.01271 
   26   26    1    1    1    1    1    1    1    1  4.21103E+12 0.00765 
   27   27    1    1    1    1    1    1    1    1  6.97946E+12 0.00884 
   28   28    1    1    1    1    1    1    1    1  1.20940E+13 0.00453 
   29   29    1    1    1    1    1    1    1    1  1.62139E+13 0.00430 
   30   30    1    1    1    1    1    1    1    1  2.64168E+13 0.00357 
   31   31    1    1    1    1    1    1    1    1  4.66873E+13 0.00216 
   32   32    1    1    1    1    1    1    1    1  5.86044E+13 0.00212 
   33   33    1    1    1    1    1    1    1    1  9.92440E+13 0.00132 
   34   34    1    1    1    1    1    1    1    1  1.11670E+14 0.00155 
   35   35    1    1    1    1    1    1    1    1  1.22054E+14 0.00119 
   36   36    1    1    1    1    1    1    1    1  8.44547E+13 0.00104 
   37   37    1    1    1    1    1    1    1    1  2.46603E+13 0.00107 
   38   38    1    1    1    1    1    1    1    1  1.23691E+14 0.00091 
   39   39    1    1    1    1    1    1    1    1  1.48306E+14 0.00119 
   40   40    1    1    1    1    1    1    1    1  2.46038E+14 0.00092 
   41   41    1    1    1    1    1    1    1    1  2.20872E+14 0.00103 
   42   42    1    1    1    1    1    1    1    1  4.05164E+14 0.00107 
   43   43    1    1    1    1    1    1    1    1  4.35869E+14 0.00095 
   44   44    1    1    1    1    1    1    1    1  5.57309E+14 0.00084 
   45   45    1    1    1    1    1    1    1    1  9.83753E+14 0.00077 
   46   46    1    1    1    1    1    1    1    1  5.02900E+14 0.00067 
   47   47    1    1    1    1    1    1    1    1  7.08545E+14 0.00046 
   48   48    1    1    1    1    1    1    1    1  9.78750E+14 0.00043 
   49   49    1    1    1    1    1    1    1    1  8.67811E+14 0.00047 
   50   50    1    1    1    1    1    1    1    1  1.35449E+15 0.00052 
   51   51    1    1    1    1    1    1    1    1  1.03354E+15 0.00056 
   52   52    1    1    1    1    1    1    1    1  1.19697E+15 0.00062 
   53   53    1    1    1    1    1    1    1    1  8.42807E+14 0.00066 
   54   54    1    1    1    1    1    1    1    1  1.04409E+15 0.00051 
   55   55    1    1    1    1    1    1    1    1  7.34862E+14 0.00052 
   56   56    1    1    1    1    1    1    1    1  1.00497E+14 0.00106 
   57   57    1    1    1    1    1    1    1    1  1.41864E+15 0.00053 
   58   58    1    1    1    1    1    1    1    1  6.41388E+14 0.00057 
   59   59    1    1    1    1    1    1    1    1  6.89097E+14 0.00081 
   60   60    1    1    1    1    1    1    1    1  5.59229E+14 0.00070 
   61   61    1    1    1    1    1    1    1    1  5.55730E+14 0.00068 
   62   62    1    1    1    1    1    1    1    1  5.59780E+14 0.00088 
   63   63    1    1    1    1    1    1    1    1  4.69836E+14 0.00092 
   64   64    1    1    1    1    1    1    1    1  3.70788E+14 0.00080 
   65   65    1    1    1    1    1    1    1    1  3.62842E+14 0.00100 
   66   66    1    1    1    1    1    1    1    1  2.88846E+14 0.00091 
   67   67    1    1    1    1    1    1    1    1  2.34899E+14 0.00100 
   68   68    1    1    1    1    1    1    1    1  2.06537E+14 0.00108 
   69   69    1    1    1    1    1    1    1    1  2.50234E+14 0.00092 
   70   70    1    1    1    1    1    1    1    1  2.13585E+14 0.00092 
   71   71    1    1    1    1    1    1    1    1  3.89192E+14 0.00095 
   72   72    1    1    1    1    1    1    1    1  2.80213E+14 0.00124 
   73   73    1    1    1    1    1    1    1    1  2.16015E+14 0.00109 
   74   74    1    1    1    1    1    1    1    1  1.77536E+14 0.00115 
   75   75    1    1    1    1    1    1    1    1  1.47909E+14 0.00124 
   76   76    1    1    1    1    1    1    1    1  1.72393E+14 0.00086 
   77   77    1    1    1    1    1    1    1    1  1.37446E+14 0.00147 
   78   78    1    1    1    1    1    1    1    1  1.07772E+14 0.00163 
   79   79    1    1    1    1    1    1    1    1  1.11924E+14 0.00128 
   80   80    1    1    1    1    1    1    1    1  8.38476E+13 0.00136 
   81   81    1    1    1    1    1    1    1    1  6.48111E+13 0.00247 
   82   82    1    1    1    1    1    1    1    1  5.00653E+13 0.00200 
   83   83    1    1    1    1    1    1    1    1  4.65474E+13 0.00175 
   84   84    1    1    1    1    1    1    1    1  3.34323E+13 0.00229 
   85   85    1    1    1    1    1    1    1    1  2.40067E+13 0.00288 
   86   86    1    1    1    1    1    1    1    1  2.23609E+13 0.00423 
   87   87    1    1    1    1    1    1    1    1  1.36577E+13 0.00415 
   88   88    1    1    1    1    1    1    1    1  9.24183E+12 0.00493 
   89   89    1    1    1    1    1    1    1    1  5.25340E+12 0.00763 
   90   90    1    1    1    1    1    1    1    1  3.43903E+12 0.01053 
   91   91    1    1    1    1    1    1    1    1  1.70155E+12 0.01103 
   92   92    1    1    1    1    1    1    1    1  8.19310E+11 0.01645 
   93   93    1    1    1    1    1    1    1    1  3.78117E+11 0.02056 
   94   94    1    1    1    1    1    1    1    1  1.87591E+11 0.02720 
   95   95    1    1    1    1    1    1    1    1  8.39509E+10 0.05348 
   96   96    1    1    1    1    1    1    1    1  4.16990E+10 0.09701 
   97   97    1    1    1    1    1    1    1    1  2.07191E+10 0.13132 
   98   98    1    1    1    1    1    1    1    1  1.05955E+10 0.11605 
   99   99    1    1    1    1    1    1    1    1  6.47636E+09 0.26700 
  100  100    1    1    1    1    1    1    1    1  4.19487E+09 0.21650 
];


