
DETdpaspec = [
    1    1    1    1    1    1    1    1    1    1  0.00000E+00 0.00000 
    2    2    1    1    1    1    1    1    1    1  0.00000E+00 0.00000 
    3    3    1    1    1    1    1    1    1    1  0.00000E+00 0.00000 
    4    4    1    1    1    1    1    1    1    1  0.00000E+00 0.00000 
    5    5    1    1    1    1    1    1    1    1  0.00000E+00 0.00000 
    6    6    1    1    1    1    1    1    1    1  6.37488E+06 1.00000 
    7    7    1    1    1    1    1    1    1    1  0.00000E+00 0.00000 
    8    8    1    1    1    1    1    1    1    1  0.00000E+00 0.00000 
    9    9    1    1    1    1    1    1    1    1  0.00000E+00 0.00000 
   10   10    1    1    1    1    1    1    1    1  0.00000E+00 0.00000 
   11   11    1    1    1    1    1    1    1    1  6.64986E+07 0.68864 
   12   12    1    1    1    1    1    1    1    1  3.63153E+07 0.66171 
   13   13    1    1    1    1    1    1    1    1  8.40276E+08 0.33840 
   14   14    1    1    1    1    1    1    1    1  2.48281E+09 0.38170 
   15   15    1    1    1    1    1    1    1    1  2.82990E+09 0.29251 
   16   16    1    1    1    1    1    1    1    1  8.36910E+08 0.42807 
   17   17    1    1    1    1    1    1    1    1  1.12122E+09 0.37494 
   18   18    1    1    1    1    1    1    1    1  3.20331E+09 0.17737 
   19   19    1    1    1    1    1    1    1    1  3.92110E+09 0.17483 
   20   20    1    1    1    1    1    1    1    1  1.37334E+10 0.14238 
   21   21    1    1    1    1    1    1    1    1  1.16050E+10 0.07673 
   22   22    1    1    1    1    1    1    1    1  2.77371E+10 0.09115 
   23   23    1    1    1    1    1    1    1    1  5.82213E+10 0.05911 
   24   24    1    1    1    1    1    1    1    1  1.26444E+11 0.03717 
   25   25    1    1    1    1    1    1    1    1  2.03877E+11 0.02451 
   26   26    1    1    1    1    1    1    1    1  4.33871E+11 0.02351 
   27   27    1    1    1    1    1    1    1    1  9.29404E+11 0.01686 
   28   28    1    1    1    1    1    1    1    1  2.12334E+12 0.01657 
   29   29    1    1    1    1    1    1    1    1  3.19199E+12 0.00817 
   30   30    1    1    1    1    1    1    1    1  7.13794E+12 0.00820 
   31   31    1    1    1    1    1    1    1    1  1.65998E+13 0.00443 
   32   32    1    1    1    1    1    1    1    1  2.42965E+13 0.00352 
   33   33    1    1    1    1    1    1    1    1  4.76751E+13 0.00309 
   34   34    1    1    1    1    1    1    1    1  5.71060E+13 0.00186 
   35   35    1    1    1    1    1    1    1    1  7.44165E+13 0.00186 
   36   36    1    1    1    1    1    1    1    1  5.67008E+13 0.00172 
   37   37    1    1    1    1    1    1    1    1  1.73495E+13 0.00178 
   38   38    1    1    1    1    1    1    1    1  8.61731E+13 0.00195 
   39   39    1    1    1    1    1    1    1    1  1.06337E+14 0.00156 
   40   40    1    1    1    1    1    1    1    1  1.79851E+14 0.00115 
   41   41    1    1    1    1    1    1    1    1  1.69912E+14 0.00116 
   42   42    1    1    1    1    1    1    1    1  3.14305E+14 0.00118 
   43   43    1    1    1    1    1    1    1    1  3.46665E+14 0.00106 
   44   44    1    1    1    1    1    1    1    1  4.53876E+14 0.00072 
   45   45    1    1    1    1    1    1    1    1  8.22905E+14 0.00063 
   46   46    1    1    1    1    1    1    1    1  4.34426E+14 0.00092 
   47   47    1    1    1    1    1    1    1    1  6.25558E+14 0.00076 
   48   48    1    1    1    1    1    1    1    1  8.80229E+14 0.00056 
   49   49    1    1    1    1    1    1    1    1  8.00014E+14 0.00051 
   50   50    1    1    1    1    1    1    1    1  1.25455E+15 0.00054 
   51   51    1    1    1    1    1    1    1    1  9.85692E+14 0.00085 
   52   52    1    1    1    1    1    1    1    1  1.14220E+15 0.00069 
   53   53    1    1    1    1    1    1    1    1  8.16579E+14 0.00076 
   54   54    1    1    1    1    1    1    1    1  1.00791E+15 0.00058 
   55   55    1    1    1    1    1    1    1    1  7.17832E+14 0.00091 
   56   56    1    1    1    1    1    1    1    1  9.88944E+13 0.00130 
   57   57    1    1    1    1    1    1    1    1  1.40053E+15 0.00060 
   58   58    1    1    1    1    1    1    1    1  6.26859E+14 0.00069 
   59   59    1    1    1    1    1    1    1    1  6.82561E+14 0.00079 
   60   60    1    1    1    1    1    1    1    1  5.49028E+14 0.00072 
   61   61    1    1    1    1    1    1    1    1  5.49556E+14 0.00088 
   62   62    1    1    1    1    1    1    1    1  5.55164E+14 0.00066 
   63   63    1    1    1    1    1    1    1    1  4.67334E+14 0.00099 
   64   64    1    1    1    1    1    1    1    1  3.70175E+14 0.00091 
   65   65    1    1    1    1    1    1    1    1  3.64772E+14 0.00106 
   66   66    1    1    1    1    1    1    1    1  2.91000E+14 0.00116 
   67   67    1    1    1    1    1    1    1    1  2.38913E+14 0.00115 
   68   68    1    1    1    1    1    1    1    1  2.10789E+14 0.00126 
   69   69    1    1    1    1    1    1    1    1  2.56249E+14 0.00109 
   70   70    1    1    1    1    1    1    1    1  2.20322E+14 0.00105 
   71   71    1    1    1    1    1    1    1    1  4.10365E+14 0.00075 
   72   72    1    1    1    1    1    1    1    1  2.98688E+14 0.00115 
   73   73    1    1    1    1    1    1    1    1  2.31342E+14 0.00106 
   74   74    1    1    1    1    1    1    1    1  1.88379E+14 0.00147 
   75   75    1    1    1    1    1    1    1    1  1.55860E+14 0.00150 
   76   76    1    1    1    1    1    1    1    1  1.80658E+14 0.00134 
   77   77    1    1    1    1    1    1    1    1  1.42469E+14 0.00170 
   78   78    1    1    1    1    1    1    1    1  1.10858E+14 0.00213 
   79   79    1    1    1    1    1    1    1    1  1.15036E+14 0.00150 
   80   80    1    1    1    1    1    1    1    1  8.61742E+13 0.00192 
   81   81    1    1    1    1    1    1    1    1  6.62464E+13 0.00175 
   82   82    1    1    1    1    1    1    1    1  5.09463E+13 0.00236 
   83   83    1    1    1    1    1    1    1    1  4.79425E+13 0.00269 
   84   84    1    1    1    1    1    1    1    1  3.43641E+13 0.00216 
   85   85    1    1    1    1    1    1    1    1  2.48472E+13 0.00362 
   86   86    1    1    1    1    1    1    1    1  2.33038E+13 0.00372 
   87   87    1    1    1    1    1    1    1    1  1.42998E+13 0.00385 
   88   88    1    1    1    1    1    1    1    1  9.62313E+12 0.00559 
   89   89    1    1    1    1    1    1    1    1  5.50703E+12 0.00739 
   90   90    1    1    1    1    1    1    1    1  3.69790E+12 0.00976 
   91   91    1    1    1    1    1    1    1    1  1.84268E+12 0.01505 
   92   92    1    1    1    1    1    1    1    1  8.89714E+11 0.01416 
   93   93    1    1    1    1    1    1    1    1  4.43780E+11 0.02572 
   94   94    1    1    1    1    1    1    1    1  2.08465E+11 0.04161 
   95   95    1    1    1    1    1    1    1    1  1.04133E+11 0.04255 
   96   96    1    1    1    1    1    1    1    1  5.00138E+10 0.07787 
   97   97    1    1    1    1    1    1    1    1  2.49757E+10 0.11139 
   98   98    1    1    1    1    1    1    1    1  1.14700E+10 0.17234 
   99   99    1    1    1    1    1    1    1    1  4.02908E+09 0.20955 
  100  100    1    1    1    1    1    1    1    1  3.52153E+09 0.18152 
];


