
DETdpaspec = [
    1    1    1    1    1    1    1    1    1    1  0.00000E+00 0.00000 
    2    2    1    1    1    1    1    1    1    1  0.00000E+00 0.00000 
    3    3    1    1    1    1    1    1    1    1  0.00000E+00 0.00000 
    4    4    1    1    1    1    1    1    1    1  0.00000E+00 0.00000 
    5    5    1    1    1    1    1    1    1    1  0.00000E+00 0.00000 
    6    6    1    1    1    1    1    1    1    1  3.26350E+07 0.57983 
    7    7    1    1    1    1    1    1    1    1  2.00037E+07 0.69348 
    8    8    1    1    1    1    1    1    1    1  0.00000E+00 0.00000 
    9    9    1    1    1    1    1    1    1    1  0.00000E+00 0.00000 
   10   10    1    1    1    1    1    1    1    1  0.00000E+00 0.00000 
   11   11    1    1    1    1    1    1    1    1  1.46577E+08 0.45977 
   12   12    1    1    1    1    1    1    1    1  2.69131E+07 0.85710 
   13   13    1    1    1    1    1    1    1    1  1.56360E+09 0.37327 
   14   14    1    1    1    1    1    1    1    1  2.36411E+09 0.40973 
   15   15    1    1    1    1    1    1    1    1  1.55138E+09 0.42388 
   16   16    1    1    1    1    1    1    1    1  4.50589E+08 0.45941 
   17   17    1    1    1    1    1    1    1    1  1.66731E+09 0.29052 
   18   18    1    1    1    1    1    1    1    1  2.57222E+09 0.33335 
   19   19    1    1    1    1    1    1    1    1  3.85216E+09 0.16604 
   20   20    1    1    1    1    1    1    1    1  9.53114E+09 0.16852 
   21   21    1    1    1    1    1    1    1    1  8.06671E+09 0.09627 
   22   22    1    1    1    1    1    1    1    1  2.27775E+10 0.12301 
   23   23    1    1    1    1    1    1    1    1  6.24751E+10 0.06532 
   24   24    1    1    1    1    1    1    1    1  1.61970E+11 0.03672 
   25   25    1    1    1    1    1    1    1    1  2.88401E+11 0.02267 
   26   26    1    1    1    1    1    1    1    1  6.31500E+11 0.01694 
   27   27    1    1    1    1    1    1    1    1  1.29580E+12 0.01294 
   28   28    1    1    1    1    1    1    1    1  2.91990E+12 0.01001 
   29   29    1    1    1    1    1    1    1    1  4.36529E+12 0.00763 
   30   30    1    1    1    1    1    1    1    1  9.09559E+12 0.00570 
   31   31    1    1    1    1    1    1    1    1  2.02280E+13 0.00431 
   32   32    1    1    1    1    1    1    1    1  2.87823E+13 0.00270 
   33   33    1    1    1    1    1    1    1    1  5.50417E+13 0.00254 
   34   34    1    1    1    1    1    1    1    1  6.59510E+13 0.00233 
   35   35    1    1    1    1    1    1    1    1  8.20251E+13 0.00192 
   36   36    1    1    1    1    1    1    1    1  6.11733E+13 0.00138 
   37   37    1    1    1    1    1    1    1    1  1.84633E+13 0.00183 
   38   38    1    1    1    1    1    1    1    1  9.23731E+13 0.00156 
   39   39    1    1    1    1    1    1    1    1  1.13456E+14 0.00121 
   40   40    1    1    1    1    1    1    1    1  1.91380E+14 0.00099 
   41   41    1    1    1    1    1    1    1    1  1.78342E+14 0.00128 
   42   42    1    1    1    1    1    1    1    1  3.30762E+14 0.00097 
   43   43    1    1    1    1    1    1    1    1  3.63453E+14 0.00082 
   44   44    1    1    1    1    1    1    1    1  4.74471E+14 0.00102 
   45   45    1    1    1    1    1    1    1    1  8.57249E+14 0.00065 
   46   46    1    1    1    1    1    1    1    1  4.50524E+14 0.00052 
   47   47    1    1    1    1    1    1    1    1  6.44409E+14 0.00066 
   48   48    1    1    1    1    1    1    1    1  9.04572E+14 0.00058 
   49   49    1    1    1    1    1    1    1    1  8.16526E+14 0.00048 
   50   50    1    1    1    1    1    1    1    1  1.28572E+15 0.00055 
   51   51    1    1    1    1    1    1    1    1  1.00434E+15 0.00058 
   52   52    1    1    1    1    1    1    1    1  1.16506E+15 0.00048 
   53   53    1    1    1    1    1    1    1    1  8.32367E+14 0.00066 
   54   54    1    1    1    1    1    1    1    1  1.03058E+15 0.00052 
   55   55    1    1    1    1    1    1    1    1  7.32287E+14 0.00073 
   56   56    1    1    1    1    1    1    1    1  1.00755E+14 0.00101 
   57   57    1    1    1    1    1    1    1    1  1.42497E+15 0.00068 
   58   58    1    1    1    1    1    1    1    1  6.42887E+14 0.00088 
   59   59    1    1    1    1    1    1    1    1  6.97432E+14 0.00090 
   60   60    1    1    1    1    1    1    1    1  5.63039E+14 0.00085 
   61   61    1    1    1    1    1    1    1    1  5.63509E+14 0.00082 
   62   62    1    1    1    1    1    1    1    1  5.69155E+14 0.00072 
   63   63    1    1    1    1    1    1    1    1  4.79605E+14 0.00070 
   64   64    1    1    1    1    1    1    1    1  3.80479E+14 0.00082 
   65   65    1    1    1    1    1    1    1    1  3.73859E+14 0.00087 
   66   66    1    1    1    1    1    1    1    1  2.97513E+14 0.00086 
   67   67    1    1    1    1    1    1    1    1  2.43972E+14 0.00088 
   68   68    1    1    1    1    1    1    1    1  2.15358E+14 0.00106 
   69   69    1    1    1    1    1    1    1    1  2.62214E+14 0.00088 
   70   70    1    1    1    1    1    1    1    1  2.24706E+14 0.00091 
   71   71    1    1    1    1    1    1    1    1  4.16426E+14 0.00081 
   72   72    1    1    1    1    1    1    1    1  3.02047E+14 0.00101 
   73   73    1    1    1    1    1    1    1    1  2.34262E+14 0.00106 
   74   74    1    1    1    1    1    1    1    1  1.91383E+14 0.00137 
   75   75    1    1    1    1    1    1    1    1  1.59417E+14 0.00122 
   76   76    1    1    1    1    1    1    1    1  1.85175E+14 0.00156 
   77   77    1    1    1    1    1    1    1    1  1.46155E+14 0.00107 
   78   78    1    1    1    1    1    1    1    1  1.14426E+14 0.00179 
   79   79    1    1    1    1    1    1    1    1  1.19106E+14 0.00178 
   80   80    1    1    1    1    1    1    1    1  8.91288E+13 0.00170 
   81   81    1    1    1    1    1    1    1    1  6.88060E+13 0.00177 
   82   82    1    1    1    1    1    1    1    1  5.30248E+13 0.00190 
   83   83    1    1    1    1    1    1    1    1  4.96610E+13 0.00206 
   84   84    1    1    1    1    1    1    1    1  3.58291E+13 0.00250 
   85   85    1    1    1    1    1    1    1    1  2.59511E+13 0.00341 
   86   86    1    1    1    1    1    1    1    1  2.41755E+13 0.00314 
   87   87    1    1    1    1    1    1    1    1  1.48443E+13 0.00385 
   88   88    1    1    1    1    1    1    1    1  1.01103E+13 0.00494 
   89   89    1    1    1    1    1    1    1    1  5.73699E+12 0.00481 
   90   90    1    1    1    1    1    1    1    1  3.78791E+12 0.00858 
   91   91    1    1    1    1    1    1    1    1  1.90856E+12 0.01058 
   92   92    1    1    1    1    1    1    1    1  8.78448E+11 0.02019 
   93   93    1    1    1    1    1    1    1    1  4.57218E+11 0.02223 
   94   94    1    1    1    1    1    1    1    1  2.11978E+11 0.02899 
   95   95    1    1    1    1    1    1    1    1  1.00910E+11 0.05108 
   96   96    1    1    1    1    1    1    1    1  4.88501E+10 0.06525 
   97   97    1    1    1    1    1    1    1    1  2.33393E+10 0.09754 
   98   98    1    1    1    1    1    1    1    1  1.34832E+10 0.17806 
   99   99    1    1    1    1    1    1    1    1  4.97767E+09 0.28119 
  100  100    1    1    1    1    1    1    1    1  3.92194E+09 0.22351 
];


