
DETdpaspec = [
    1    1    1    1    1    1    1    1    1    1  0.00000E+00 0.00000 
    2    2    1    1    1    1    1    1    1    1  0.00000E+00 0.00000 
    3    3    1    1    1    1    1    1    1    1  0.00000E+00 0.00000 
    4    4    1    1    1    1    1    1    1    1  0.00000E+00 0.00000 
    5    5    1    1    1    1    1    1    1    1  0.00000E+00 0.00000 
    6    6    1    1    1    1    1    1    1    1  0.00000E+00 0.00000 
    7    7    1    1    1    1    1    1    1    1  0.00000E+00 0.00000 
    8    8    1    1    1    1    1    1    1    1  0.00000E+00 0.00000 
    9    9    1    1    1    1    1    1    1    1  7.39974E+06 1.00000 
   10   10    1    1    1    1    1    1    1    1  6.33026E+07 1.00000 
   11   11    1    1    1    1    1    1    1    1  4.38451E+07 1.00000 
   12   12    1    1    1    1    1    1    1    1  1.16925E+08 0.72039 
   13   13    1    1    1    1    1    1    1    1  4.12809E+08 0.87013 
   14   14    1    1    1    1    1    1    1    1  1.23191E+09 0.47190 
   15   15    1    1    1    1    1    1    1    1  1.33134E+09 0.56213 
   16   16    1    1    1    1    1    1    1    1  6.05506E+08 0.53614 
   17   17    1    1    1    1    1    1    1    1  6.73146E+08 0.36997 
   18   18    1    1    1    1    1    1    1    1  1.55560E+09 0.33190 
   19   19    1    1    1    1    1    1    1    1  2.29053E+09 0.38313 
   20   20    1    1    1    1    1    1    1    1  1.18767E+10 0.13288 
   21   21    1    1    1    1    1    1    1    1  2.15456E+10 0.08497 
   22   22    1    1    1    1    1    1    1    1  8.91973E+10 0.06027 
   23   23    1    1    1    1    1    1    1    1  3.30613E+11 0.01999 
   24   24    1    1    1    1    1    1    1    1  8.65786E+11 0.01907 
   25   25    1    1    1    1    1    1    1    1  1.35183E+12 0.01312 
   26   26    1    1    1    1    1    1    1    1  2.57213E+12 0.00997 
   27   27    1    1    1    1    1    1    1    1  4.55739E+12 0.00485 
   28   28    1    1    1    1    1    1    1    1  8.46848E+12 0.00437 
   29   29    1    1    1    1    1    1    1    1  1.17522E+13 0.00402 
   30   30    1    1    1    1    1    1    1    1  2.03093E+13 0.00297 
   31   31    1    1    1    1    1    1    1    1  3.79495E+13 0.00242 
   32   32    1    1    1    1    1    1    1    1  4.89021E+13 0.00162 
   33   33    1    1    1    1    1    1    1    1  8.57659E+13 0.00205 
   34   34    1    1    1    1    1    1    1    1  9.88918E+13 0.00174 
   35   35    1    1    1    1    1    1    1    1  1.10982E+14 0.00161 
   36   36    1    1    1    1    1    1    1    1  7.81863E+13 0.00114 
   37   37    1    1    1    1    1    1    1    1  2.29344E+13 0.00170 
   38   38    1    1    1    1    1    1    1    1  1.15256E+14 0.00142 
   39   39    1    1    1    1    1    1    1    1  1.39068E+14 0.00112 
   40   40    1    1    1    1    1    1    1    1  2.31673E+14 0.00102 
   41   41    1    1    1    1    1    1    1    1  2.09735E+14 0.00091 
   42   42    1    1    1    1    1    1    1    1  3.86103E+14 0.00106 
   43   43    1    1    1    1    1    1    1    1  4.17706E+14 0.00054 
   44   44    1    1    1    1    1    1    1    1  5.37340E+14 0.00092 
   45   45    1    1    1    1    1    1    1    1  9.54755E+14 0.00066 
   46   46    1    1    1    1    1    1    1    1  4.91967E+14 0.00077 
   47   47    1    1    1    1    1    1    1    1  6.95227E+14 0.00068 
   48   48    1    1    1    1    1    1    1    1  9.64189E+14 0.00045 
   49   49    1    1    1    1    1    1    1    1  8.58523E+14 0.00039 
   50   50    1    1    1    1    1    1    1    1  1.34552E+15 0.00047 
   51   51    1    1    1    1    1    1    1    1  1.03306E+15 0.00059 
   52   52    1    1    1    1    1    1    1    1  1.19712E+15 0.00058 
   53   53    1    1    1    1    1    1    1    1  8.46449E+14 0.00055 
   54   54    1    1    1    1    1    1    1    1  1.04942E+15 0.00060 
   55   55    1    1    1    1    1    1    1    1  7.41486E+14 0.00057 
   56   56    1    1    1    1    1    1    1    1  1.01832E+14 0.00130 
   57   57    1    1    1    1    1    1    1    1  1.43427E+15 0.00053 
   58   58    1    1    1    1    1    1    1    1  6.48339E+14 0.00039 
   59   59    1    1    1    1    1    1    1    1  6.98349E+14 0.00071 
   60   60    1    1    1    1    1    1    1    1  5.66984E+14 0.00095 
   61   61    1    1    1    1    1    1    1    1  5.65246E+14 0.00066 
   62   62    1    1    1    1    1    1    1    1  5.69433E+14 0.00058 
   63   63    1    1    1    1    1    1    1    1  4.78878E+14 0.00077 
   64   64    1    1    1    1    1    1    1    1  3.78912E+14 0.00044 
   65   65    1    1    1    1    1    1    1    1  3.71367E+14 0.00105 
   66   66    1    1    1    1    1    1    1    1  2.95311E+14 0.00095 
   67   67    1    1    1    1    1    1    1    1  2.40840E+14 0.00097 
   68   68    1    1    1    1    1    1    1    1  2.11852E+14 0.00120 
   69   69    1    1    1    1    1    1    1    1  2.56897E+14 0.00100 
   70   70    1    1    1    1    1    1    1    1  2.19354E+14 0.00077 
   71   71    1    1    1    1    1    1    1    1  4.01549E+14 0.00110 
   72   72    1    1    1    1    1    1    1    1  2.89268E+14 0.00138 
   73   73    1    1    1    1    1    1    1    1  2.23772E+14 0.00095 
   74   74    1    1    1    1    1    1    1    1  1.83980E+14 0.00177 
   75   75    1    1    1    1    1    1    1    1  1.53503E+14 0.00137 
   76   76    1    1    1    1    1    1    1    1  1.78675E+14 0.00079 
   77   77    1    1    1    1    1    1    1    1  1.42435E+14 0.00138 
   78   78    1    1    1    1    1    1    1    1  1.11720E+14 0.00145 
   79   79    1    1    1    1    1    1    1    1  1.16273E+14 0.00122 
   80   80    1    1    1    1    1    1    1    1  8.69310E+13 0.00174 
   81   81    1    1    1    1    1    1    1    1  6.75969E+13 0.00154 
   82   82    1    1    1    1    1    1    1    1  5.20694E+13 0.00150 
   83   83    1    1    1    1    1    1    1    1  4.84039E+13 0.00249 
   84   84    1    1    1    1    1    1    1    1  3.48438E+13 0.00290 
   85   85    1    1    1    1    1    1    1    1  2.51703E+13 0.00320 
   86   86    1    1    1    1    1    1    1    1  2.34100E+13 0.00354 
   87   87    1    1    1    1    1    1    1    1  1.42675E+13 0.00417 
   88   88    1    1    1    1    1    1    1    1  9.64080E+12 0.00450 
   89   89    1    1    1    1    1    1    1    1  5.57239E+12 0.00563 
   90   90    1    1    1    1    1    1    1    1  3.62179E+12 0.00688 
   91   91    1    1    1    1    1    1    1    1  1.80002E+12 0.01167 
   92   92    1    1    1    1    1    1    1    1  8.62165E+11 0.01339 
   93   93    1    1    1    1    1    1    1    1  4.21347E+11 0.02425 
   94   94    1    1    1    1    1    1    1    1  2.08459E+11 0.03445 
   95   95    1    1    1    1    1    1    1    1  9.18547E+10 0.04567 
   96   96    1    1    1    1    1    1    1    1  4.34922E+10 0.06359 
   97   97    1    1    1    1    1    1    1    1  2.41538E+10 0.10199 
   98   98    1    1    1    1    1    1    1    1  7.89185E+09 0.16749 
   99   99    1    1    1    1    1    1    1    1  5.21882E+09 0.14156 
  100  100    1    1    1    1    1    1    1    1  4.63807E+09 0.17170 
];


