
DETdpaspec = [
    1    1    1    1    1    1    1    1    1    1  0.00000E+00 0.00000 
    2    2    1    1    1    1    1    1    1    1  0.00000E+00 0.00000 
    3    3    1    1    1    1    1    1    1    1  0.00000E+00 0.00000 
    4    4    1    1    1    1    1    1    1    1  0.00000E+00 0.00000 
    5    5    1    1    1    1    1    1    1    1  0.00000E+00 0.00000 
    6    6    1    1    1    1    1    1    1    1  0.00000E+00 0.00000 
    7    7    1    1    1    1    1    1    1    1  0.00000E+00 0.00000 
    8    8    1    1    1    1    1    1    1    1  0.00000E+00 0.00000 
    9    9    1    1    1    1    1    1    1    1  9.39700E+06 1.00000 
   10   10    1    1    1    1    1    1    1    1  0.00000E+00 0.00000 
   11   11    1    1    1    1    1    1    1    1  3.73593E+07 1.00000 
   12   12    1    1    1    1    1    1    1    1  6.99530E+07 0.78774 
   13   13    1    1    1    1    1    1    1    1  7.31309E+08 0.51969 
   14   14    1    1    1    1    1    1    1    1  8.08296E+08 0.58581 
   15   15    1    1    1    1    1    1    1    1  1.52828E+09 0.32451 
   16   16    1    1    1    1    1    1    1    1  1.14001E+09 0.34536 
   17   17    1    1    1    1    1    1    1    1  1.38899E+09 0.43080 
   18   18    1    1    1    1    1    1    1    1  3.04852E+09 0.22937 
   19   19    1    1    1    1    1    1    1    1  7.07351E+09 0.14060 
   20   20    1    1    1    1    1    1    1    1  1.23586E+10 0.13895 
   21   21    1    1    1    1    1    1    1    1  1.25219E+10 0.10073 
   22   22    1    1    1    1    1    1    1    1  2.77552E+10 0.08254 
   23   23    1    1    1    1    1    1    1    1  6.37087E+10 0.04385 
   24   24    1    1    1    1    1    1    1    1  1.68199E+11 0.03770 
   25   25    1    1    1    1    1    1    1    1  2.77276E+11 0.02957 
   26   26    1    1    1    1    1    1    1    1  6.18604E+11 0.01580 
   27   27    1    1    1    1    1    1    1    1  1.29719E+12 0.01316 
   28   28    1    1    1    1    1    1    1    1  2.86582E+12 0.00895 
   29   29    1    1    1    1    1    1    1    1  4.37109E+12 0.00710 
   30   30    1    1    1    1    1    1    1    1  8.96092E+12 0.00596 
   31   31    1    1    1    1    1    1    1    1  1.98640E+13 0.00318 
   32   32    1    1    1    1    1    1    1    1  2.85126E+13 0.00239 
   33   33    1    1    1    1    1    1    1    1  5.45684E+13 0.00266 
   34   34    1    1    1    1    1    1    1    1  6.56212E+13 0.00149 
   35   35    1    1    1    1    1    1    1    1  8.15658E+13 0.00158 
   36   36    1    1    1    1    1    1    1    1  6.08286E+13 0.00179 
   37   37    1    1    1    1    1    1    1    1  1.83801E+13 0.00152 
   38   38    1    1    1    1    1    1    1    1  9.20728E+13 0.00153 
   39   39    1    1    1    1    1    1    1    1  1.12794E+14 0.00157 
   40   40    1    1    1    1    1    1    1    1  1.90581E+14 0.00135 
   41   41    1    1    1    1    1    1    1    1  1.77695E+14 0.00103 
   42   42    1    1    1    1    1    1    1    1  3.30335E+14 0.00078 
   43   43    1    1    1    1    1    1    1    1  3.63066E+14 0.00098 
   44   44    1    1    1    1    1    1    1    1  4.73804E+14 0.00104 
   45   45    1    1    1    1    1    1    1    1  8.55785E+14 0.00103 
   46   46    1    1    1    1    1    1    1    1  4.49930E+14 0.00098 
   47   47    1    1    1    1    1    1    1    1  6.43502E+14 0.00074 
   48   48    1    1    1    1    1    1    1    1  9.02772E+14 0.00058 
   49   49    1    1    1    1    1    1    1    1  8.16298E+14 0.00066 
   50   50    1    1    1    1    1    1    1    1  1.28546E+15 0.00052 
   51   51    1    1    1    1    1    1    1    1  1.00289E+15 0.00049 
   52   52    1    1    1    1    1    1    1    1  1.16461E+15 0.00072 
   53   53    1    1    1    1    1    1    1    1  8.31064E+14 0.00054 
   54   54    1    1    1    1    1    1    1    1  1.02849E+15 0.00052 
   55   55    1    1    1    1    1    1    1    1  7.31980E+14 0.00064 
   56   56    1    1    1    1    1    1    1    1  1.00756E+14 0.00138 
   57   57    1    1    1    1    1    1    1    1  1.42424E+15 0.00070 
   58   58    1    1    1    1    1    1    1    1  6.41097E+14 0.00074 
   59   59    1    1    1    1    1    1    1    1  6.96716E+14 0.00060 
   60   60    1    1    1    1    1    1    1    1  5.63323E+14 0.00081 
   61   61    1    1    1    1    1    1    1    1  5.63563E+14 0.00049 
   62   62    1    1    1    1    1    1    1    1  5.69699E+14 0.00059 
   63   63    1    1    1    1    1    1    1    1  4.79187E+14 0.00085 
   64   64    1    1    1    1    1    1    1    1  3.79861E+14 0.00078 
   65   65    1    1    1    1    1    1    1    1  3.73573E+14 0.00077 
   66   66    1    1    1    1    1    1    1    1  2.98006E+14 0.00069 
   67   67    1    1    1    1    1    1    1    1  2.44087E+14 0.00083 
   68   68    1    1    1    1    1    1    1    1  2.15343E+14 0.00107 
   69   69    1    1    1    1    1    1    1    1  2.61757E+14 0.00127 
   70   70    1    1    1    1    1    1    1    1  2.25225E+14 0.00118 
   71   71    1    1    1    1    1    1    1    1  4.16111E+14 0.00113 
   72   72    1    1    1    1    1    1    1    1  3.02444E+14 0.00086 
   73   73    1    1    1    1    1    1    1    1  2.33916E+14 0.00128 
   74   74    1    1    1    1    1    1    1    1  1.91454E+14 0.00096 
   75   75    1    1    1    1    1    1    1    1  1.59449E+14 0.00104 
   76   76    1    1    1    1    1    1    1    1  1.84440E+14 0.00103 
   77   77    1    1    1    1    1    1    1    1  1.46105E+14 0.00103 
   78   78    1    1    1    1    1    1    1    1  1.14472E+14 0.00166 
   79   79    1    1    1    1    1    1    1    1  1.18915E+14 0.00142 
   80   80    1    1    1    1    1    1    1    1  8.88243E+13 0.00175 
   81   81    1    1    1    1    1    1    1    1  6.88978E+13 0.00215 
   82   82    1    1    1    1    1    1    1    1  5.31677E+13 0.00252 
   83   83    1    1    1    1    1    1    1    1  4.96503E+13 0.00189 
   84   84    1    1    1    1    1    1    1    1  3.55006E+13 0.00314 
   85   85    1    1    1    1    1    1    1    1  2.58282E+13 0.00360 
   86   86    1    1    1    1    1    1    1    1  2.41516E+13 0.00357 
   87   87    1    1    1    1    1    1    1    1  1.48568E+13 0.00455 
   88   88    1    1    1    1    1    1    1    1  1.00149E+13 0.00366 
   89   89    1    1    1    1    1    1    1    1  5.68501E+12 0.00676 
   90   90    1    1    1    1    1    1    1    1  3.78917E+12 0.00781 
   91   91    1    1    1    1    1    1    1    1  1.91074E+12 0.01487 
   92   92    1    1    1    1    1    1    1    1  9.08842E+11 0.01740 
   93   93    1    1    1    1    1    1    1    1  4.47471E+11 0.03177 
   94   94    1    1    1    1    1    1    1    1  2.13684E+11 0.02745 
   95   95    1    1    1    1    1    1    1    1  1.04694E+11 0.03111 
   96   96    1    1    1    1    1    1    1    1  4.50646E+10 0.07616 
   97   97    1    1    1    1    1    1    1    1  2.20634E+10 0.10305 
   98   98    1    1    1    1    1    1    1    1  1.17221E+10 0.14358 
   99   99    1    1    1    1    1    1    1    1  6.59632E+09 0.25180 
  100  100    1    1    1    1    1    1    1    1  5.12502E+09 0.27719 
];


