
DETdpaspec = [
    1    1    1    1    1    1    1    1    1    1  0.00000E+00 0.00000 
    2    2    1    1    1    1    1    1    1    1  0.00000E+00 0.00000 
    3    3    1    1    1    1    1    1    1    1  0.00000E+00 0.00000 
    4    4    1    1    1    1    1    1    1    1  0.00000E+00 0.00000 
    5    5    1    1    1    1    1    1    1    1  0.00000E+00 0.00000 
    6    6    1    1    1    1    1    1    1    1  0.00000E+00 0.00000 
    7    7    1    1    1    1    1    1    1    1  0.00000E+00 0.00000 
    8    8    1    1    1    1    1    1    1    1  0.00000E+00 0.00000 
    9    9    1    1    1    1    1    1    1    1  4.53514E+06 1.00000 
   10   10    1    1    1    1    1    1    1    1  6.24798E+07 1.00000 
   11   11    1    1    1    1    1    1    1    1  1.53082E+08 0.68848 
   12   12    1    1    1    1    1    1    1    1  2.38985E+07 1.00000 
   13   13    1    1    1    1    1    1    1    1  4.16953E+08 0.55825 
   14   14    1    1    1    1    1    1    1    1  1.90080E+09 0.32806 
   15   15    1    1    1    1    1    1    1    1  2.56228E+09 0.28843 
   16   16    1    1    1    1    1    1    1    1  5.60503E+08 0.39050 
   17   17    1    1    1    1    1    1    1    1  1.21486E+09 0.33573 
   18   18    1    1    1    1    1    1    1    1  3.06435E+09 0.25799 
   19   19    1    1    1    1    1    1    1    1  3.66280E+09 0.21254 
   20   20    1    1    1    1    1    1    1    1  9.68149E+09 0.18642 
   21   21    1    1    1    1    1    1    1    1  1.02021E+10 0.15070 
   22   22    1    1    1    1    1    1    1    1  3.37750E+10 0.09456 
   23   23    1    1    1    1    1    1    1    1  9.21950E+10 0.04914 
   24   24    1    1    1    1    1    1    1    1  2.45396E+11 0.02271 
   25   25    1    1    1    1    1    1    1    1  4.17943E+11 0.02183 
   26   26    1    1    1    1    1    1    1    1  8.73058E+11 0.01147 
   27   27    1    1    1    1    1    1    1    1  1.73483E+12 0.01059 
   28   28    1    1    1    1    1    1    1    1  3.79820E+12 0.00827 
   29   29    1    1    1    1    1    1    1    1  5.69444E+12 0.00690 
   30   30    1    1    1    1    1    1    1    1  1.10751E+13 0.00440 
   31   31    1    1    1    1    1    1    1    1  2.35568E+13 0.00232 
   32   32    1    1    1    1    1    1    1    1  3.26451E+13 0.00261 
   33   33    1    1    1    1    1    1    1    1  6.11892E+13 0.00220 
   34   34    1    1    1    1    1    1    1    1  7.29909E+13 0.00159 
   35   35    1    1    1    1    1    1    1    1  8.83336E+13 0.00148 
   36   36    1    1    1    1    1    1    1    1  6.49913E+13 0.00199 
   37   37    1    1    1    1    1    1    1    1  1.94508E+13 0.00202 
   38   38    1    1    1    1    1    1    1    1  9.74747E+13 0.00191 
   39   39    1    1    1    1    1    1    1    1  1.18983E+14 0.00169 
   40   40    1    1    1    1    1    1    1    1  2.00909E+14 0.00154 
   41   41    1    1    1    1    1    1    1    1  1.85537E+14 0.00138 
   42   42    1    1    1    1    1    1    1    1  3.43849E+14 0.00112 
   43   43    1    1    1    1    1    1    1    1  3.76658E+14 0.00075 
   44   44    1    1    1    1    1    1    1    1  4.90183E+14 0.00092 
   45   45    1    1    1    1    1    1    1    1  8.81887E+14 0.00068 
   46   46    1    1    1    1    1    1    1    1  4.61374E+14 0.00069 
   47   47    1    1    1    1    1    1    1    1  6.57580E+14 0.00079 
   48   48    1    1    1    1    1    1    1    1  9.21075E+14 0.00054 
   49   49    1    1    1    1    1    1    1    1  8.28481E+14 0.00073 
   50   50    1    1    1    1    1    1    1    1  1.30435E+15 0.00051 
   51   51    1    1    1    1    1    1    1    1  1.01248E+15 0.00054 
   52   52    1    1    1    1    1    1    1    1  1.17496E+15 0.00057 
   53   53    1    1    1    1    1    1    1    1  8.37780E+14 0.00055 
   54   54    1    1    1    1    1    1    1    1  1.03904E+15 0.00053 
   55   55    1    1    1    1    1    1    1    1  7.37952E+14 0.00060 
   56   56    1    1    1    1    1    1    1    1  1.01413E+14 0.00131 
   57   57    1    1    1    1    1    1    1    1  1.43515E+15 0.00058 
   58   58    1    1    1    1    1    1    1    1  6.48569E+14 0.00073 
   59   59    1    1    1    1    1    1    1    1  7.01673E+14 0.00063 
   60   60    1    1    1    1    1    1    1    1  5.68603E+14 0.00059 
   61   61    1    1    1    1    1    1    1    1  5.68090E+14 0.00057 
   62   62    1    1    1    1    1    1    1    1  5.74424E+14 0.00089 
   63   63    1    1    1    1    1    1    1    1  4.83378E+14 0.00061 
   64   64    1    1    1    1    1    1    1    1  3.82481E+14 0.00085 
   65   65    1    1    1    1    1    1    1    1  3.76216E+14 0.00117 
   66   66    1    1    1    1    1    1    1    1  2.99856E+14 0.00114 
   67   67    1    1    1    1    1    1    1    1  2.45617E+14 0.00103 
   68   68    1    1    1    1    1    1    1    1  2.16286E+14 0.00118 
   69   69    1    1    1    1    1    1    1    1  2.62671E+14 0.00108 
   70   70    1    1    1    1    1    1    1    1  2.25617E+14 0.00098 
   71   71    1    1    1    1    1    1    1    1  4.15333E+14 0.00093 
   72   72    1    1    1    1    1    1    1    1  3.01108E+14 0.00100 
   73   73    1    1    1    1    1    1    1    1  2.33363E+14 0.00099 
   74   74    1    1    1    1    1    1    1    1  1.91333E+14 0.00125 
   75   75    1    1    1    1    1    1    1    1  1.59335E+14 0.00110 
   76   76    1    1    1    1    1    1    1    1  1.86100E+14 0.00151 
   77   77    1    1    1    1    1    1    1    1  1.47402E+14 0.00079 
   78   78    1    1    1    1    1    1    1    1  1.15322E+14 0.00114 
   79   79    1    1    1    1    1    1    1    1  1.20024E+14 0.00184 
   80   80    1    1    1    1    1    1    1    1  8.98359E+13 0.00171 
   81   81    1    1    1    1    1    1    1    1  6.97859E+13 0.00164 
   82   82    1    1    1    1    1    1    1    1  5.36460E+13 0.00153 
   83   83    1    1    1    1    1    1    1    1  5.00456E+13 0.00296 
   84   84    1    1    1    1    1    1    1    1  3.61942E+13 0.00276 
   85   85    1    1    1    1    1    1    1    1  2.60374E+13 0.00295 
   86   86    1    1    1    1    1    1    1    1  2.42906E+13 0.00329 
   87   87    1    1    1    1    1    1    1    1  1.50086E+13 0.00266 
   88   88    1    1    1    1    1    1    1    1  1.00424E+13 0.00335 
   89   89    1    1    1    1    1    1    1    1  5.69539E+12 0.00771 
   90   90    1    1    1    1    1    1    1    1  3.79882E+12 0.00649 
   91   91    1    1    1    1    1    1    1    1  1.91619E+12 0.01561 
   92   92    1    1    1    1    1    1    1    1  9.23311E+11 0.01502 
   93   93    1    1    1    1    1    1    1    1  4.27232E+11 0.02279 
   94   94    1    1    1    1    1    1    1    1  2.15568E+11 0.03877 
   95   95    1    1    1    1    1    1    1    1  1.08645E+11 0.06167 
   96   96    1    1    1    1    1    1    1    1  4.91440E+10 0.06716 
   97   97    1    1    1    1    1    1    1    1  2.06959E+10 0.12330 
   98   98    1    1    1    1    1    1    1    1  9.09475E+09 0.15796 
   99   99    1    1    1    1    1    1    1    1  4.74042E+09 0.21692 
  100  100    1    1    1    1    1    1    1    1  3.07982E+09 0.30761 
];


