
DETdpaspec = [
    1    1    1    1    1    1    1    1    1    1  0.00000E+00 0.00000 
    2    2    1    1    1    1    1    1    1    1  0.00000E+00 0.00000 
    3    3    1    1    1    1    1    1    1    1  0.00000E+00 0.00000 
    4    4    1    1    1    1    1    1    1    1  0.00000E+00 0.00000 
    5    5    1    1    1    1    1    1    1    1  5.46354E+06 1.00000 
    6    6    1    1    1    1    1    1    1    1  4.35708E+06 1.00000 
    7    7    1    1    1    1    1    1    1    1  1.88629E+07 0.68826 
    8    8    1    1    1    1    1    1    1    1  1.90051E+07 0.68833 
    9    9    1    1    1    1    1    1    1    1  4.43998E+06 1.00000 
   10   10    1    1    1    1    1    1    1    1  8.84100E+07 0.47529 
   11   11    1    1    1    1    1    1    1    1  2.19061E+08 0.34766 
   12   12    1    1    1    1    1    1    1    1  8.12974E+07 0.31962 
   13   13    1    1    1    1    1    1    1    1  1.94234E+09 0.26872 
   14   14    1    1    1    1    1    1    1    1  4.08940E+09 0.32993 
   15   15    1    1    1    1    1    1    1    1  4.55140E+09 0.22008 
   16   16    1    1    1    1    1    1    1    1  1.48300E+09 0.21758 
   17   17    1    1    1    1    1    1    1    1  3.53263E+09 0.16744 
   18   18    1    1    1    1    1    1    1    1  8.16928E+09 0.12821 
   19   19    1    1    1    1    1    1    1    1  1.02013E+10 0.08638 
   20   20    1    1    1    1    1    1    1    1  3.27932E+10 0.12335 
   21   21    1    1    1    1    1    1    1    1  2.27419E+10 0.07665 
   22   22    1    1    1    1    1    1    1    1  5.90901E+10 0.06269 
   23   23    1    1    1    1    1    1    1    1  8.41816E+10 0.04788 
   24   24    1    1    1    1    1    1    1    1  1.41158E+11 0.03248 
   25   25    1    1    1    1    1    1    1    1  2.09995E+11 0.03297 
   26   26    1    1    1    1    1    1    1    1  4.03119E+11 0.02096 
   27   27    1    1    1    1    1    1    1    1  8.14633E+11 0.01358 
   28   28    1    1    1    1    1    1    1    1  1.73607E+12 0.01026 
   29   29    1    1    1    1    1    1    1    1  2.37573E+12 0.00768 
   30   30    1    1    1    1    1    1    1    1  5.98597E+12 0.00672 
   31   31    1    1    1    1    1    1    1    1  1.43782E+13 0.00594 
   32   32    1    1    1    1    1    1    1    1  2.14424E+13 0.00345 
   33   33    1    1    1    1    1    1    1    1  4.28103E+13 0.00294 
   34   34    1    1    1    1    1    1    1    1  4.99023E+13 0.00210 
   35   35    1    1    1    1    1    1    1    1  7.04295E+13 0.00184 
   36   36    1    1    1    1    1    1    1    1  5.51310E+13 0.00188 
   37   37    1    1    1    1    1    1    1    1  1.72718E+13 0.00177 
   38   38    1    1    1    1    1    1    1    1  8.36814E+13 0.00127 
   39   39    1    1    1    1    1    1    1    1  1.03030E+14 0.00137 
   40   40    1    1    1    1    1    1    1    1  1.71049E+14 0.00142 
   41   41    1    1    1    1    1    1    1    1  1.64714E+14 0.00094 
   42   42    1    1    1    1    1    1    1    1  3.00649E+14 0.00101 
   43   43    1    1    1    1    1    1    1    1  3.31529E+14 0.00094 
   44   44    1    1    1    1    1    1    1    1  4.32922E+14 0.00096 
   45   45    1    1    1    1    1    1    1    1  7.78666E+14 0.00088 
   46   46    1    1    1    1    1    1    1    1  4.11922E+14 0.00068 
   47   47    1    1    1    1    1    1    1    1  5.96831E+14 0.00068 
   48   48    1    1    1    1    1    1    1    1  8.37535E+14 0.00079 
   49   49    1    1    1    1    1    1    1    1  7.66940E+14 0.00082 
   50   50    1    1    1    1    1    1    1    1  1.18786E+15 0.00052 
   51   51    1    1    1    1    1    1    1    1  9.45059E+14 0.00076 
   52   52    1    1    1    1    1    1    1    1  1.07774E+15 0.00077 
   53   53    1    1    1    1    1    1    1    1  7.75067E+14 0.00072 
   54   54    1    1    1    1    1    1    1    1  9.41533E+14 0.00065 
   55   55    1    1    1    1    1    1    1    1  6.70835E+14 0.00079 
   56   56    1    1    1    1    1    1    1    1  9.30006E+13 0.00096 
   57   57    1    1    1    1    1    1    1    1  1.31127E+15 0.00051 
   58   58    1    1    1    1    1    1    1    1  5.76245E+14 0.00080 
   59   59    1    1    1    1    1    1    1    1  6.31088E+14 0.00071 
   60   60    1    1    1    1    1    1    1    1  5.00048E+14 0.00091 
   61   61    1    1    1    1    1    1    1    1  5.01561E+14 0.00126 
   62   62    1    1    1    1    1    1    1    1  5.05024E+14 0.00096 
   63   63    1    1    1    1    1    1    1    1  4.23456E+14 0.00131 
   64   64    1    1    1    1    1    1    1    1  3.34766E+14 0.00076 
   65   65    1    1    1    1    1    1    1    1  3.30306E+14 0.00118 
   66   66    1    1    1    1    1    1    1    1  2.61885E+14 0.00096 
   67   67    1    1    1    1    1    1    1    1  2.16131E+14 0.00112 
   68   68    1    1    1    1    1    1    1    1  1.91544E+14 0.00113 
   69   69    1    1    1    1    1    1    1    1  2.32297E+14 0.00124 
   70   70    1    1    1    1    1    1    1    1  2.00223E+14 0.00127 
   71   71    1    1    1    1    1    1    1    1  3.76362E+14 0.00128 
   72   72    1    1    1    1    1    1    1    1  2.74777E+14 0.00123 
   73   73    1    1    1    1    1    1    1    1  2.12298E+14 0.00155 
   74   74    1    1    1    1    1    1    1    1  1.70948E+14 0.00135 
   75   75    1    1    1    1    1    1    1    1  1.39962E+14 0.00122 
   76   76    1    1    1    1    1    1    1    1  1.59832E+14 0.00150 
   77   77    1    1    1    1    1    1    1    1  1.24135E+14 0.00201 
   78   78    1    1    1    1    1    1    1    1  9.57654E+13 0.00215 
   79   79    1    1    1    1    1    1    1    1  9.84242E+13 0.00200 
   80   80    1    1    1    1    1    1    1    1  7.35728E+13 0.00157 
   81   81    1    1    1    1    1    1    1    1  5.63818E+13 0.00139 
   82   82    1    1    1    1    1    1    1    1  4.35939E+13 0.00211 
   83   83    1    1    1    1    1    1    1    1  4.06073E+13 0.00223 
   84   84    1    1    1    1    1    1    1    1  2.93082E+13 0.00297 
   85   85    1    1    1    1    1    1    1    1  2.10763E+13 0.00322 
   86   86    1    1    1    1    1    1    1    1  1.97218E+13 0.00329 
   87   87    1    1    1    1    1    1    1    1  1.21617E+13 0.00374 
   88   88    1    1    1    1    1    1    1    1  8.31881E+12 0.00503 
   89   89    1    1    1    1    1    1    1    1  4.76484E+12 0.00799 
   90   90    1    1    1    1    1    1    1    1  3.14855E+12 0.00794 
   91   91    1    1    1    1    1    1    1    1  1.57572E+12 0.01943 
   92   92    1    1    1    1    1    1    1    1  7.87008E+11 0.01847 
   93   93    1    1    1    1    1    1    1    1  3.70685E+11 0.02325 
   94   94    1    1    1    1    1    1    1    1  1.89652E+11 0.04279 
   95   95    1    1    1    1    1    1    1    1  8.93506E+10 0.05310 
   96   96    1    1    1    1    1    1    1    1  3.99027E+10 0.09164 
   97   97    1    1    1    1    1    1    1    1  1.80014E+10 0.10575 
   98   98    1    1    1    1    1    1    1    1  9.75704E+09 0.15937 
   99   99    1    1    1    1    1    1    1    1  3.08325E+09 0.22995 
  100  100    1    1    1    1    1    1    1    1  3.21669E+09 0.34337 
];


