
DETdpaspec = [
    1    1    1    1    1    1    1    1    1    1  0.00000E+00 0.00000 
    2    2    1    1    1    1    1    1    1    1  0.00000E+00 0.00000 
    3    3    1    1    1    1    1    1    1    1  0.00000E+00 0.00000 
    4    4    1    1    1    1    1    1    1    1  0.00000E+00 0.00000 
    5    5    1    1    1    1    1    1    1    1  0.00000E+00 0.00000 
    6    6    1    1    1    1    1    1    1    1  0.00000E+00 0.00000 
    7    7    1    1    1    1    1    1    1    1  0.00000E+00 0.00000 
    8    8    1    1    1    1    1    1    1    1  7.30331E+06 1.00000 
    9    9    1    1    1    1    1    1    1    1  0.00000E+00 0.00000 
   10   10    1    1    1    1    1    1    1    1  2.38835E+07 1.00000 
   11   11    1    1    1    1    1    1    1    1  1.06086E+08 0.73027 
   12   12    1    1    1    1    1    1    1    1  5.35969E+07 0.72578 
   13   13    1    1    1    1    1    1    1    1  8.57592E+08 0.50000 
   14   14    1    1    1    1    1    1    1    1  1.16541E+09 0.33893 
   15   15    1    1    1    1    1    1    1    1  2.48827E+09 0.56761 
   16   16    1    1    1    1    1    1    1    1  7.57870E+08 0.33532 
   17   17    1    1    1    1    1    1    1    1  1.44192E+09 0.22654 
   18   18    1    1    1    1    1    1    1    1  3.63479E+09 0.22560 
   19   19    1    1    1    1    1    1    1    1  2.92794E+09 0.18851 
   20   20    1    1    1    1    1    1    1    1  1.40144E+10 0.14469 
   21   21    1    1    1    1    1    1    1    1  1.07983E+10 0.12330 
   22   22    1    1    1    1    1    1    1    1  2.91886E+10 0.10111 
   23   23    1    1    1    1    1    1    1    1  5.52118E+10 0.07527 
   24   24    1    1    1    1    1    1    1    1  1.33070E+11 0.04918 
   25   25    1    1    1    1    1    1    1    1  2.09845E+11 0.04004 
   26   26    1    1    1    1    1    1    1    1  4.87318E+11 0.02163 
   27   27    1    1    1    1    1    1    1    1  1.03014E+12 0.01508 
   28   28    1    1    1    1    1    1    1    1  2.34487E+12 0.01179 
   29   29    1    1    1    1    1    1    1    1  3.51909E+12 0.01049 
   30   30    1    1    1    1    1    1    1    1  7.62388E+12 0.00692 
   31   31    1    1    1    1    1    1    1    1  1.76445E+13 0.00451 
   32   32    1    1    1    1    1    1    1    1  2.56719E+13 0.00210 
   33   33    1    1    1    1    1    1    1    1  5.02625E+13 0.00292 
   34   34    1    1    1    1    1    1    1    1  6.01943E+13 0.00217 
   35   35    1    1    1    1    1    1    1    1  7.70942E+13 0.00219 
   36   36    1    1    1    1    1    1    1    1  5.82839E+13 0.00168 
   37   37    1    1    1    1    1    1    1    1  1.77351E+13 0.00174 
   38   38    1    1    1    1    1    1    1    1  8.85591E+13 0.00138 
   39   39    1    1    1    1    1    1    1    1  1.08774E+14 0.00169 
   40   40    1    1    1    1    1    1    1    1  1.83836E+14 0.00115 
   41   41    1    1    1    1    1    1    1    1  1.72517E+14 0.00119 
   42   42    1    1    1    1    1    1    1    1  3.19299E+14 0.00119 
   43   43    1    1    1    1    1    1    1    1  3.52539E+14 0.00104 
   44   44    1    1    1    1    1    1    1    1  4.61310E+14 0.00104 
   45   45    1    1    1    1    1    1    1    1  8.34042E+14 0.00069 
   46   46    1    1    1    1    1    1    1    1  4.39662E+14 0.00074 
   47   47    1    1    1    1    1    1    1    1  6.31833E+14 0.00072 
   48   48    1    1    1    1    1    1    1    1  8.88913E+14 0.00052 
   49   49    1    1    1    1    1    1    1    1  8.05451E+14 0.00064 
   50   50    1    1    1    1    1    1    1    1  1.26652E+15 0.00038 
   51   51    1    1    1    1    1    1    1    1  9.94564E+14 0.00066 
   52   52    1    1    1    1    1    1    1    1  1.15086E+15 0.00047 
   53   53    1    1    1    1    1    1    1    1  8.23690E+14 0.00073 
   54   54    1    1    1    1    1    1    1    1  1.01651E+15 0.00069 
   55   55    1    1    1    1    1    1    1    1  7.22968E+14 0.00063 
   56   56    1    1    1    1    1    1    1    1  9.96521E+13 0.00108 
   57   57    1    1    1    1    1    1    1    1  1.41023E+15 0.00043 
   58   58    1    1    1    1    1    1    1    1  6.33672E+14 0.00085 
   59   59    1    1    1    1    1    1    1    1  6.89181E+14 0.00083 
   60   60    1    1    1    1    1    1    1    1  5.56020E+14 0.00051 
   61   61    1    1    1    1    1    1    1    1  5.56062E+14 0.00080 
   62   62    1    1    1    1    1    1    1    1  5.61697E+14 0.00062 
   63   63    1    1    1    1    1    1    1    1  4.72847E+14 0.00073 
   64   64    1    1    1    1    1    1    1    1  3.74605E+14 0.00134 
   65   65    1    1    1    1    1    1    1    1  3.69316E+14 0.00071 
   66   66    1    1    1    1    1    1    1    1  2.94306E+14 0.00109 
   67   67    1    1    1    1    1    1    1    1  2.41480E+14 0.00108 
   68   68    1    1    1    1    1    1    1    1  2.13247E+14 0.00130 
   69   69    1    1    1    1    1    1    1    1  2.59278E+14 0.00096 
   70   70    1    1    1    1    1    1    1    1  2.22479E+14 0.00127 
   71   71    1    1    1    1    1    1    1    1  4.13853E+14 0.00102 
   72   72    1    1    1    1    1    1    1    1  3.01076E+14 0.00120 
   73   73    1    1    1    1    1    1    1    1  2.33073E+14 0.00117 
   74   74    1    1    1    1    1    1    1    1  1.90235E+14 0.00104 
   75   75    1    1    1    1    1    1    1    1  1.57665E+14 0.00135 
   76   76    1    1    1    1    1    1    1    1  1.82582E+14 0.00119 
   77   77    1    1    1    1    1    1    1    1  1.44523E+14 0.00129 
   78   78    1    1    1    1    1    1    1    1  1.12299E+14 0.00169 
   79   79    1    1    1    1    1    1    1    1  1.16882E+14 0.00168 
   80   80    1    1    1    1    1    1    1    1  8.73788E+13 0.00186 
   81   81    1    1    1    1    1    1    1    1  6.77486E+13 0.00186 
   82   82    1    1    1    1    1    1    1    1  5.23446E+13 0.00227 
   83   83    1    1    1    1    1    1    1    1  4.87472E+13 0.00229 
   84   84    1    1    1    1    1    1    1    1  3.50091E+13 0.00273 
   85   85    1    1    1    1    1    1    1    1  2.52509E+13 0.00286 
   86   86    1    1    1    1    1    1    1    1  2.39530E+13 0.00363 
   87   87    1    1    1    1    1    1    1    1  1.46630E+13 0.00343 
   88   88    1    1    1    1    1    1    1    1  9.80321E+12 0.00516 
   89   89    1    1    1    1    1    1    1    1  5.60172E+12 0.00627 
   90   90    1    1    1    1    1    1    1    1  3.72159E+12 0.00858 
   91   91    1    1    1    1    1    1    1    1  1.87479E+12 0.01493 
   92   92    1    1    1    1    1    1    1    1  9.39936E+11 0.01892 
   93   93    1    1    1    1    1    1    1    1  4.63691E+11 0.02687 
   94   94    1    1    1    1    1    1    1    1  2.21435E+11 0.03299 
   95   95    1    1    1    1    1    1    1    1  9.78395E+10 0.04482 
   96   96    1    1    1    1    1    1    1    1  5.44416E+10 0.06545 
   97   97    1    1    1    1    1    1    1    1  2.79826E+10 0.11139 
   98   98    1    1    1    1    1    1    1    1  7.63471E+09 0.17274 
   99   99    1    1    1    1    1    1    1    1  5.52317E+09 0.22048 
  100  100    1    1    1    1    1    1    1    1  5.37198E+09 0.21572 
];


