
DETdpaspec = [
    1    1    1    1    1    1    1    1    1    1  0.00000E+00 0.00000 
    2    2    1    1    1    1    1    1    1    1  0.00000E+00 0.00000 
    3    3    1    1    1    1    1    1    1    1  0.00000E+00 0.00000 
    4    4    1    1    1    1    1    1    1    1  0.00000E+00 0.00000 
    5    5    1    1    1    1    1    1    1    1  5.64932E+06 1.00000 
    6    6    1    1    1    1    1    1    1    1  0.00000E+00 0.00000 
    7    7    1    1    1    1    1    1    1    1  6.56542E+06 1.00000 
    8    8    1    1    1    1    1    1    1    1  7.83769E+06 1.00000 
    9    9    1    1    1    1    1    1    1    1  2.12851E+07 0.64788 
   10   10    1    1    1    1    1    1    1    1  8.01855E+07 1.00000 
   11   11    1    1    1    1    1    1    1    1  3.02318E+07 1.00000 
   12   12    1    1    1    1    1    1    1    1  3.83199E+07 0.54924 
   13   13    1    1    1    1    1    1    1    1  1.30740E+09 0.30509 
   14   14    1    1    1    1    1    1    1    1  9.28446E+08 0.42403 
   15   15    1    1    1    1    1    1    1    1  1.66178E+09 0.38938 
   16   16    1    1    1    1    1    1    1    1  9.47198E+08 0.69442 
   17   17    1    1    1    1    1    1    1    1  3.26696E+09 0.17846 
   18   18    1    1    1    1    1    1    1    1  6.27640E+09 0.14450 
   19   19    1    1    1    1    1    1    1    1  5.44066E+09 0.11528 
   20   20    1    1    1    1    1    1    1    1  1.69701E+10 0.17635 
   21   21    1    1    1    1    1    1    1    1  1.74594E+10 0.07764 
   22   22    1    1    1    1    1    1    1    1  3.69750E+10 0.08304 
   23   23    1    1    1    1    1    1    1    1  6.18969E+10 0.06008 
   24   24    1    1    1    1    1    1    1    1  1.08790E+11 0.05715 
   25   25    1    1    1    1    1    1    1    1  1.76328E+11 0.02445 
   26   26    1    1    1    1    1    1    1    1  3.87855E+11 0.01733 
   27   27    1    1    1    1    1    1    1    1  8.01284E+11 0.01703 
   28   28    1    1    1    1    1    1    1    1  1.83408E+12 0.01019 
   29   29    1    1    1    1    1    1    1    1  2.73146E+12 0.00919 
   30   30    1    1    1    1    1    1    1    1  6.31140E+12 0.00611 
   31   31    1    1    1    1    1    1    1    1  1.50382E+13 0.00363 
   32   32    1    1    1    1    1    1    1    1  2.24530E+13 0.00271 
   33   33    1    1    1    1    1    1    1    1  4.45299E+13 0.00230 
   34   34    1    1    1    1    1    1    1    1  5.32705E+13 0.00242 
   35   35    1    1    1    1    1    1    1    1  7.15967E+13 0.00189 
   36   36    1    1    1    1    1    1    1    1  5.51575E+13 0.00163 
   37   37    1    1    1    1    1    1    1    1  1.70078E+13 0.00170 
   38   38    1    1    1    1    1    1    1    1  8.41210E+13 0.00156 
   39   39    1    1    1    1    1    1    1    1  1.03894E+14 0.00155 
   40   40    1    1    1    1    1    1    1    1  1.74389E+14 0.00151 
   41   41    1    1    1    1    1    1    1    1  1.66010E+14 0.00129 
   42   42    1    1    1    1    1    1    1    1  3.06662E+14 0.00111 
   43   43    1    1    1    1    1    1    1    1  3.38762E+14 0.00113 
   44   44    1    1    1    1    1    1    1    1  4.44391E+14 0.00088 
   45   45    1    1    1    1    1    1    1    1  8.05169E+14 0.00063 
   46   46    1    1    1    1    1    1    1    1  4.26345E+14 0.00090 
   47   47    1    1    1    1    1    1    1    1  6.14835E+14 0.00073 
   48   48    1    1    1    1    1    1    1    1  8.65253E+14 0.00082 
   49   49    1    1    1    1    1    1    1    1  7.89104E+14 0.00074 
   50   50    1    1    1    1    1    1    1    1  1.23379E+15 0.00050 
   51   51    1    1    1    1    1    1    1    1  9.74166E+14 0.00059 
   52   52    1    1    1    1    1    1    1    1  1.12297E+15 0.00062 
   53   53    1    1    1    1    1    1    1    1  8.04844E+14 0.00071 
   54   54    1    1    1    1    1    1    1    1  9.90033E+14 0.00061 
   55   55    1    1    1    1    1    1    1    1  7.04360E+14 0.00067 
   56   56    1    1    1    1    1    1    1    1  9.72317E+13 0.00097 
   57   57    1    1    1    1    1    1    1    1  1.37509E+15 0.00072 
   58   58    1    1    1    1    1    1    1    1  6.12447E+14 0.00110 
   59   59    1    1    1    1    1    1    1    1  6.68512E+14 0.00084 
   60   60    1    1    1    1    1    1    1    1  5.35847E+14 0.00113 
   61   61    1    1    1    1    1    1    1    1  5.37057E+14 0.00075 
   62   62    1    1    1    1    1    1    1    1  5.42075E+14 0.00099 
   63   63    1    1    1    1    1    1    1    1  4.55810E+14 0.00105 
   64   64    1    1    1    1    1    1    1    1  3.60919E+14 0.00099 
   65   65    1    1    1    1    1    1    1    1  3.55199E+14 0.00110 
   66   66    1    1    1    1    1    1    1    1  2.82916E+14 0.00099 
   67   67    1    1    1    1    1    1    1    1  2.33020E+14 0.00097 
   68   68    1    1    1    1    1    1    1    1  2.05843E+14 0.00115 
   69   69    1    1    1    1    1    1    1    1  2.50263E+14 0.00115 
   70   70    1    1    1    1    1    1    1    1  2.14929E+14 0.00140 
   71   71    1    1    1    1    1    1    1    1  4.01853E+14 0.00118 
   72   72    1    1    1    1    1    1    1    1  2.92761E+14 0.00120 
   73   73    1    1    1    1    1    1    1    1  2.26504E+14 0.00161 
   74   74    1    1    1    1    1    1    1    1  1.84279E+14 0.00106 
   75   75    1    1    1    1    1    1    1    1  1.52066E+14 0.00186 
   76   76    1    1    1    1    1    1    1    1  1.74936E+14 0.00150 
   77   77    1    1    1    1    1    1    1    1  1.37582E+14 0.00141 
   78   78    1    1    1    1    1    1    1    1  1.06961E+14 0.00176 
   79   79    1    1    1    1    1    1    1    1  1.10453E+14 0.00165 
   80   80    1    1    1    1    1    1    1    1  8.24974E+13 0.00163 
   81   81    1    1    1    1    1    1    1    1  6.36258E+13 0.00228 
   82   82    1    1    1    1    1    1    1    1  4.92193E+13 0.00219 
   83   83    1    1    1    1    1    1    1    1  4.60819E+13 0.00252 
   84   84    1    1    1    1    1    1    1    1  3.31438E+13 0.00276 
   85   85    1    1    1    1    1    1    1    1  2.38672E+13 0.00265 
   86   86    1    1    1    1    1    1    1    1  2.21876E+13 0.00332 
   87   87    1    1    1    1    1    1    1    1  1.38788E+13 0.00423 
   88   88    1    1    1    1    1    1    1    1  9.33765E+12 0.00707 
   89   89    1    1    1    1    1    1    1    1  5.23423E+12 0.00625 
   90   90    1    1    1    1    1    1    1    1  3.52672E+12 0.01076 
   91   91    1    1    1    1    1    1    1    1  1.77651E+12 0.01298 
   92   92    1    1    1    1    1    1    1    1  8.72807E+11 0.01566 
   93   93    1    1    1    1    1    1    1    1  4.33617E+11 0.02049 
   94   94    1    1    1    1    1    1    1    1  2.01776E+11 0.04433 
   95   95    1    1    1    1    1    1    1    1  1.03714E+11 0.05103 
   96   96    1    1    1    1    1    1    1    1  4.43877E+10 0.10001 
   97   97    1    1    1    1    1    1    1    1  2.63572E+10 0.11248 
   98   98    1    1    1    1    1    1    1    1  1.31663E+10 0.14465 
   99   99    1    1    1    1    1    1    1    1  5.69513E+09 0.25296 
  100  100    1    1    1    1    1    1    1    1  4.49220E+09 0.33017 
];


