
DETdpaspec = [
    1    1    1    1    1    1    1    1    1    1  0.00000E+00 0.00000 
    2    2    1    1    1    1    1    1    1    1  0.00000E+00 0.00000 
    3    3    1    1    1    1    1    1    1    1  0.00000E+00 0.00000 
    4    4    1    1    1    1    1    1    1    1  0.00000E+00 0.00000 
    5    5    1    1    1    1    1    1    1    1  0.00000E+00 0.00000 
    6    6    1    1    1    1    1    1    1    1  0.00000E+00 0.00000 
    7    7    1    1    1    1    1    1    1    1  0.00000E+00 0.00000 
    8    8    1    1    1    1    1    1    1    1  0.00000E+00 0.00000 
    9    9    1    1    1    1    1    1    1    1  9.50428E+06 1.00000 
   10   10    1    1    1    1    1    1    1    1  3.09300E+07 1.00000 
   11   11    1    1    1    1    1    1    1    1  1.28648E+08 1.00000 
   12   12    1    1    1    1    1    1    1    1  7.74927E+07 0.71574 
   13   13    1    1    1    1    1    1    1    1  9.89115E+08 0.61117 
   14   14    1    1    1    1    1    1    1    1  1.62616E+09 0.45222 
   15   15    1    1    1    1    1    1    1    1  2.51491E+09 0.43209 
   16   16    1    1    1    1    1    1    1    1  8.00745E+08 0.33256 
   17   17    1    1    1    1    1    1    1    1  1.99556E+09 0.26664 
   18   18    1    1    1    1    1    1    1    1  2.80617E+09 0.34120 
   19   19    1    1    1    1    1    1    1    1  3.59189E+09 0.15222 
   20   20    1    1    1    1    1    1    1    1  9.97007E+09 0.21039 
   21   21    1    1    1    1    1    1    1    1  1.38302E+10 0.09303 
   22   22    1    1    1    1    1    1    1    1  6.71996E+10 0.03543 
   23   23    1    1    1    1    1    1    1    1  2.59686E+11 0.02275 
   24   24    1    1    1    1    1    1    1    1  7.19533E+11 0.01348 
   25   25    1    1    1    1    1    1    1    1  1.12348E+12 0.01178 
   26   26    1    1    1    1    1    1    1    1  2.12466E+12 0.01007 
   27   27    1    1    1    1    1    1    1    1  3.81574E+12 0.00804 
   28   28    1    1    1    1    1    1    1    1  7.44126E+12 0.00476 
   29   29    1    1    1    1    1    1    1    1  1.04851E+13 0.00488 
   30   30    1    1    1    1    1    1    1    1  1.83744E+13 0.00417 
   31   31    1    1    1    1    1    1    1    1  3.50823E+13 0.00356 
   32   32    1    1    1    1    1    1    1    1  4.59253E+13 0.00184 
   33   33    1    1    1    1    1    1    1    1  8.10415E+13 0.00133 
   34   34    1    1    1    1    1    1    1    1  9.36963E+13 0.00139 
   35   35    1    1    1    1    1    1    1    1  1.06314E+14 0.00149 
   36   36    1    1    1    1    1    1    1    1  7.53848E+13 0.00161 
   37   37    1    1    1    1    1    1    1    1  2.22245E+13 0.00152 
   38   38    1    1    1    1    1    1    1    1  1.11406E+14 0.00117 
   39   39    1    1    1    1    1    1    1    1  1.34898E+14 0.00150 
   40   40    1    1    1    1    1    1    1    1  2.25746E+14 0.00084 
   41   41    1    1    1    1    1    1    1    1  2.05215E+14 0.00089 
   42   42    1    1    1    1    1    1    1    1  3.77963E+14 0.00103 
   43   43    1    1    1    1    1    1    1    1  4.10394E+14 0.00053 
   44   44    1    1    1    1    1    1    1    1  5.28660E+14 0.00091 
   45   45    1    1    1    1    1    1    1    1  9.41604E+14 0.00094 
   46   46    1    1    1    1    1    1    1    1  4.86617E+14 0.00076 
   47   47    1    1    1    1    1    1    1    1  6.88450E+14 0.00072 
   48   48    1    1    1    1    1    1    1    1  9.56636E+14 0.00059 
   49   49    1    1    1    1    1    1    1    1  8.54664E+14 0.00058 
   50   50    1    1    1    1    1    1    1    1  1.33955E+15 0.00063 
   51   51    1    1    1    1    1    1    1    1  1.03089E+15 0.00063 
   52   52    1    1    1    1    1    1    1    1  1.19475E+15 0.00054 
   53   53    1    1    1    1    1    1    1    1  8.45221E+14 0.00055 
   54   54    1    1    1    1    1    1    1    1  1.04875E+15 0.00053 
   55   55    1    1    1    1    1    1    1    1  7.41433E+14 0.00052 
   56   56    1    1    1    1    1    1    1    1  1.01763E+14 0.00115 
   57   57    1    1    1    1    1    1    1    1  1.43475E+15 0.00047 
   58   58    1    1    1    1    1    1    1    1  6.50022E+14 0.00062 
   59   59    1    1    1    1    1    1    1    1  6.99098E+14 0.00076 
   60   60    1    1    1    1    1    1    1    1  5.68056E+14 0.00057 
   61   61    1    1    1    1    1    1    1    1  5.66128E+14 0.00074 
   62   62    1    1    1    1    1    1    1    1  5.70969E+14 0.00066 
   63   63    1    1    1    1    1    1    1    1  4.80303E+14 0.00079 
   64   64    1    1    1    1    1    1    1    1  3.80058E+14 0.00107 
   65   65    1    1    1    1    1    1    1    1  3.72214E+14 0.00098 
   66   66    1    1    1    1    1    1    1    1  2.96686E+14 0.00061 
   67   67    1    1    1    1    1    1    1    1  2.41940E+14 0.00097 
   68   68    1    1    1    1    1    1    1    1  2.12802E+14 0.00118 
   69   69    1    1    1    1    1    1    1    1  2.58550E+14 0.00117 
   70   70    1    1    1    1    1    1    1    1  2.20972E+14 0.00113 
   71   71    1    1    1    1    1    1    1    1  4.03684E+14 0.00061 
   72   72    1    1    1    1    1    1    1    1  2.92398E+14 0.00126 
   73   73    1    1    1    1    1    1    1    1  2.25672E+14 0.00108 
   74   74    1    1    1    1    1    1    1    1  1.85529E+14 0.00160 
   75   75    1    1    1    1    1    1    1    1  1.54922E+14 0.00146 
   76   76    1    1    1    1    1    1    1    1  1.80336E+14 0.00182 
   77   77    1    1    1    1    1    1    1    1  1.43372E+14 0.00188 
   78   78    1    1    1    1    1    1    1    1  1.12502E+14 0.00168 
   79   79    1    1    1    1    1    1    1    1  1.16813E+14 0.00135 
   80   80    1    1    1    1    1    1    1    1  8.77597E+13 0.00149 
   81   81    1    1    1    1    1    1    1    1  6.81702E+13 0.00143 
   82   82    1    1    1    1    1    1    1    1  5.25288E+13 0.00241 
   83   83    1    1    1    1    1    1    1    1  4.90946E+13 0.00181 
   84   84    1    1    1    1    1    1    1    1  3.52223E+13 0.00211 
   85   85    1    1    1    1    1    1    1    1  2.53430E+13 0.00219 
   86   86    1    1    1    1    1    1    1    1  2.35852E+13 0.00391 
   87   87    1    1    1    1    1    1    1    1  1.45060E+13 0.00414 
   88   88    1    1    1    1    1    1    1    1  9.78649E+12 0.00640 
   89   89    1    1    1    1    1    1    1    1  5.54598E+12 0.00753 
   90   90    1    1    1    1    1    1    1    1  3.65569E+12 0.00960 
   91   91    1    1    1    1    1    1    1    1  1.82841E+12 0.01433 
   92   92    1    1    1    1    1    1    1    1  8.67267E+11 0.01659 
   93   93    1    1    1    1    1    1    1    1  3.99426E+11 0.03027 
   94   94    1    1    1    1    1    1    1    1  1.96899E+11 0.03496 
   95   95    1    1    1    1    1    1    1    1  1.03652E+11 0.05686 
   96   96    1    1    1    1    1    1    1    1  5.21866E+10 0.08903 
   97   97    1    1    1    1    1    1    1    1  2.25895E+10 0.13965 
   98   98    1    1    1    1    1    1    1    1  1.03798E+10 0.12816 
   99   99    1    1    1    1    1    1    1    1  5.90661E+09 0.21169 
  100  100    1    1    1    1    1    1    1    1  6.04683E+09 0.16380 
];


