
DETdpaspec = [
    1    1    1    1    1    1    1    1    1    1  0.00000E+00 0.00000 
    2    2    1    1    1    1    1    1    1    1  0.00000E+00 0.00000 
    3    3    1    1    1    1    1    1    1    1  0.00000E+00 0.00000 
    4    4    1    1    1    1    1    1    1    1  0.00000E+00 0.00000 
    5    5    1    1    1    1    1    1    1    1  0.00000E+00 0.00000 
    6    6    1    1    1    1    1    1    1    1  6.87453E+06 1.00000 
    7    7    1    1    1    1    1    1    1    1  7.57519E+06 1.00000 
    8    8    1    1    1    1    1    1    1    1  0.00000E+00 0.00000 
    9    9    1    1    1    1    1    1    1    1  8.19752E+06 1.00000 
   10   10    1    1    1    1    1    1    1    1  0.00000E+00 0.00000 
   11   11    1    1    1    1    1    1    1    1  1.45459E+08 0.60897 
   12   12    1    1    1    1    1    1    1    1  1.85982E+07 1.00000 
   13   13    1    1    1    1    1    1    1    1  9.87740E+07 0.68836 
   14   14    1    1    1    1    1    1    1    1  2.60741E+09 0.33121 
   15   15    1    1    1    1    1    1    1    1  3.19038E+09 0.26470 
   16   16    1    1    1    1    1    1    1    1  5.30877E+08 0.31360 
   17   17    1    1    1    1    1    1    1    1  9.34793E+08 0.38616 
   18   18    1    1    1    1    1    1    1    1  4.31834E+09 0.22175 
   19   19    1    1    1    1    1    1    1    1  3.29002E+09 0.19249 
   20   20    1    1    1    1    1    1    1    1  1.39254E+10 0.13800 
   21   21    1    1    1    1    1    1    1    1  1.12958E+10 0.11042 
   22   22    1    1    1    1    1    1    1    1  2.78676E+10 0.07554 
   23   23    1    1    1    1    1    1    1    1  6.02966E+10 0.06007 
   24   24    1    1    1    1    1    1    1    1  1.34207E+11 0.03945 
   25   25    1    1    1    1    1    1    1    1  2.23690E+11 0.02860 
   26   26    1    1    1    1    1    1    1    1  4.61975E+11 0.01727 
   27   27    1    1    1    1    1    1    1    1  9.90513E+11 0.01345 
   28   28    1    1    1    1    1    1    1    1  2.25516E+12 0.00770 
   29   29    1    1    1    1    1    1    1    1  3.42921E+12 0.00910 
   30   30    1    1    1    1    1    1    1    1  7.47446E+12 0.00514 
   31   31    1    1    1    1    1    1    1    1  1.72485E+13 0.00368 
   32   32    1    1    1    1    1    1    1    1  2.50634E+13 0.00312 
   33   33    1    1    1    1    1    1    1    1  4.90999E+13 0.00215 
   34   34    1    1    1    1    1    1    1    1  5.90063E+13 0.00166 
   35   35    1    1    1    1    1    1    1    1  7.59163E+13 0.00168 
   36   36    1    1    1    1    1    1    1    1  5.75609E+13 0.00165 
   37   37    1    1    1    1    1    1    1    1  1.75984E+13 0.00149 
   38   38    1    1    1    1    1    1    1    1  8.77287E+13 0.00137 
   39   39    1    1    1    1    1    1    1    1  1.08025E+14 0.00147 
   40   40    1    1    1    1    1    1    1    1  1.82366E+14 0.00078 
   41   41    1    1    1    1    1    1    1    1  1.71648E+14 0.00076 
   42   42    1    1    1    1    1    1    1    1  3.18358E+14 0.00068 
   43   43    1    1    1    1    1    1    1    1  3.50647E+14 0.00094 
   44   44    1    1    1    1    1    1    1    1  4.59045E+14 0.00090 
   45   45    1    1    1    1    1    1    1    1  8.31163E+14 0.00088 
   46   46    1    1    1    1    1    1    1    1  4.38707E+14 0.00088 
   47   47    1    1    1    1    1    1    1    1  6.28574E+14 0.00067 
   48   48    1    1    1    1    1    1    1    1  8.85659E+14 0.00072 
   49   49    1    1    1    1    1    1    1    1  8.04319E+14 0.00071 
   50   50    1    1    1    1    1    1    1    1  1.26379E+15 0.00064 
   51   51    1    1    1    1    1    1    1    1  9.91241E+14 0.00048 
   52   52    1    1    1    1    1    1    1    1  1.14890E+15 0.00067 
   53   53    1    1    1    1    1    1    1    1  8.20725E+14 0.00072 
   54   54    1    1    1    1    1    1    1    1  1.01399E+15 0.00051 
   55   55    1    1    1    1    1    1    1    1  7.21893E+14 0.00063 
   56   56    1    1    1    1    1    1    1    1  9.95321E+13 0.00124 
   57   57    1    1    1    1    1    1    1    1  1.40758E+15 0.00064 
   58   58    1    1    1    1    1    1    1    1  6.32108E+14 0.00064 
   59   59    1    1    1    1    1    1    1    1  6.87287E+14 0.00073 
   60   60    1    1    1    1    1    1    1    1  5.53092E+14 0.00062 
   61   61    1    1    1    1    1    1    1    1  5.54579E+14 0.00075 
   62   62    1    1    1    1    1    1    1    1  5.60241E+14 0.00068 
   63   63    1    1    1    1    1    1    1    1  4.71755E+14 0.00107 
   64   64    1    1    1    1    1    1    1    1  3.73722E+14 0.00069 
   65   65    1    1    1    1    1    1    1    1  3.68187E+14 0.00103 
   66   66    1    1    1    1    1    1    1    1  2.93353E+14 0.00113 
   67   67    1    1    1    1    1    1    1    1  2.40991E+14 0.00128 
   68   68    1    1    1    1    1    1    1    1  2.12708E+14 0.00149 
   69   69    1    1    1    1    1    1    1    1  2.58988E+14 0.00130 
   70   70    1    1    1    1    1    1    1    1  2.22889E+14 0.00100 
   71   71    1    1    1    1    1    1    1    1  4.12852E+14 0.00094 
   72   72    1    1    1    1    1    1    1    1  3.00063E+14 0.00095 
   73   73    1    1    1    1    1    1    1    1  2.32273E+14 0.00133 
   74   74    1    1    1    1    1    1    1    1  1.89476E+14 0.00108 
   75   75    1    1    1    1    1    1    1    1  1.57517E+14 0.00119 
   76   76    1    1    1    1    1    1    1    1  1.82193E+14 0.00132 
   77   77    1    1    1    1    1    1    1    1  1.43663E+14 0.00138 
   78   78    1    1    1    1    1    1    1    1  1.11956E+14 0.00129 
   79   79    1    1    1    1    1    1    1    1  1.16006E+14 0.00125 
   80   80    1    1    1    1    1    1    1    1  8.71271E+13 0.00191 
   81   81    1    1    1    1    1    1    1    1  6.71840E+13 0.00215 
   82   82    1    1    1    1    1    1    1    1  5.18006E+13 0.00170 
   83   83    1    1    1    1    1    1    1    1  4.84921E+13 0.00163 
   84   84    1    1    1    1    1    1    1    1  3.48811E+13 0.00284 
   85   85    1    1    1    1    1    1    1    1  2.52341E+13 0.00327 
   86   86    1    1    1    1    1    1    1    1  2.35738E+13 0.00382 
   87   87    1    1    1    1    1    1    1    1  1.45417E+13 0.00461 
   88   88    1    1    1    1    1    1    1    1  9.79844E+12 0.00567 
   89   89    1    1    1    1    1    1    1    1  5.55433E+12 0.00602 
   90   90    1    1    1    1    1    1    1    1  3.71054E+12 0.01108 
   91   91    1    1    1    1    1    1    1    1  1.87881E+12 0.01065 
   92   92    1    1    1    1    1    1    1    1  8.83535E+11 0.01525 
   93   93    1    1    1    1    1    1    1    1  4.38733E+11 0.02538 
   94   94    1    1    1    1    1    1    1    1  2.03833E+11 0.03187 
   95   95    1    1    1    1    1    1    1    1  9.97178E+10 0.05456 
   96   96    1    1    1    1    1    1    1    1  5.46050E+10 0.08886 
   97   97    1    1    1    1    1    1    1    1  2.10581E+10 0.09260 
   98   98    1    1    1    1    1    1    1    1  9.31032E+09 0.13368 
   99   99    1    1    1    1    1    1    1    1  4.60666E+09 0.25721 
  100  100    1    1    1    1    1    1    1    1  3.13296E+09 0.43995 
];


