
DETdpaspec = [
    1    1    1    1    1    1    1    1    1    1  0.00000E+00 0.00000 
    2    2    1    1    1    1    1    1    1    1  0.00000E+00 0.00000 
    3    3    1    1    1    1    1    1    1    1  0.00000E+00 0.00000 
    4    4    1    1    1    1    1    1    1    1  0.00000E+00 0.00000 
    5    5    1    1    1    1    1    1    1    1  0.00000E+00 0.00000 
    6    6    1    1    1    1    1    1    1    1  0.00000E+00 0.00000 
    7    7    1    1    1    1    1    1    1    1  0.00000E+00 0.00000 
    8    8    1    1    1    1    1    1    1    1  0.00000E+00 0.00000 
    9    9    1    1    1    1    1    1    1    1  0.00000E+00 0.00000 
   10   10    1    1    1    1    1    1    1    1  0.00000E+00 0.00000 
   11   11    1    1    1    1    1    1    1    1  0.00000E+00 0.00000 
   12   12    1    1    1    1    1    1    1    1  0.00000E+00 0.00000 
   13   13    1    1    1    1    1    1    1    1  0.00000E+00 0.00000 
   14   14    1    1    1    1    1    1    1    1  0.00000E+00 0.00000 
   15   15    1    1    1    1    1    1    1    1  0.00000E+00 0.00000 
   16   16    1    1    1    1    1    1    1    1  0.00000E+00 0.00000 
   17   17    1    1    1    1    1    1    1    1  0.00000E+00 0.00000 
   18   18    1    1    1    1    1    1    1    1  0.00000E+00 0.00000 
   19   19    1    1    1    1    1    1    1    1  2.27250E+09 0.03808 
   20   20    1    1    1    1    1    1    1    1  4.51135E+08 0.04117 
   21   21    1    1    1    1    1    1    1    1  1.41676E+09 0.04747 
   22   22    1    1    1    1    1    1    1    1  1.08499E+09 0.03683 
   23   23    1    1    1    1    1    1    1    1  2.97230E+09 0.02078 
   24   24    1    1    1    1    1    1    1    1  4.27543E+09 0.01948 
   25   25    1    1    1    1    1    1    1    1  6.30312E+09 0.02057 
   26   26    1    1    1    1    1    1    1    1  8.15849E+09 0.01551 
   27   27    1    1    1    1    1    1    1    1  1.29971E+10 0.01086 
   28   28    1    1    1    1    1    1    1    1  2.27719E+10 0.00957 
   29   29    1    1    1    1    1    1    1    1  4.22228E+10 0.00725 
   30   30    1    1    1    1    1    1    1    1  6.01452E+10 0.00575 
   31   31    1    1    1    1    1    1    1    1  1.86520E+11 0.00407 
   32   32    1    1    1    1    1    1    1    1  5.64363E+11 0.00281 
   33   33    1    1    1    1    1    1    1    1  1.04275E+12 0.00199 
   34   34    1    1    1    1    1    1    1    1  2.32006E+12 0.00118 
   35   35    1    1    1    1    1    1    1    1  3.07740E+12 0.00079 
   36   36    1    1    1    1    1    1    1    1  4.43677E+12 0.00086 
   37   37    1    1    1    1    1    1    1    1  3.14056E+12 0.00080 
   38   38    1    1    1    1    1    1    1    1  9.94519E+11 0.00079 
   39   39    1    1    1    1    1    1    1    1  5.34659E+12 0.00065 
   40   40    1    1    1    1    1    1    1    1  7.12790E+12 0.00062 
   41   41    1    1    1    1    1    1    1    1  1.19415E+13 0.00044 
   42   42    1    1    1    1    1    1    1    1  1.23753E+13 0.00041 
   43   43    1    1    1    1    1    1    1    1  2.53088E+13 0.00033 
   44   44    1    1    1    1    1    1    1    1  3.02295E+13 0.00033 
   45   45    1    1    1    1    1    1    1    1  4.30073E+13 0.00031 
   46   46    1    1    1    1    1    1    1    1  8.29784E+13 0.00022 
   47   47    1    1    1    1    1    1    1    1  3.96091E+13 0.00024 
   48   48    1    1    1    1    1    1    1    1  6.39065E+13 0.00022 
   49   49    1    1    1    1    1    1    1    1  8.88311E+13 0.00018 
   50   50    1    1    1    1    1    1    1    1  8.77993E+13 0.00016 
   51   51    1    1    1    1    1    1    1    1  1.34318E+14 0.00015 
   52   52    1    1    1    1    1    1    1    1  1.08946E+14 0.00016 
   53   53    1    1    1    1    1    1    1    1  1.25916E+14 0.00015 
   54   54    1    1    1    1    1    1    1    1  8.84523E+13 0.00015 
   55   55    1    1    1    1    1    1    1    1  1.05516E+14 0.00015 
   56   56    1    1    1    1    1    1    1    1  7.33218E+13 0.00025 
   57   57    1    1    1    1    1    1    1    1  1.00698E+13 0.00035 
   58   58    1    1    1    1    1    1    1    1  1.45650E+14 0.00015 
   59   59    1    1    1    1    1    1    1    1  6.29214E+13 0.00019 
   60   60    1    1    1    1    1    1    1    1  6.75776E+13 0.00024 
   61   61    1    1    1    1    1    1    1    1  5.15766E+13 0.00022 
   62   62    1    1    1    1    1    1    1    1  5.20082E+13 0.00024 
   63   63    1    1    1    1    1    1    1    1  5.37695E+13 0.00027 
   64   64    1    1    1    1    1    1    1    1  4.49568E+13 0.00030 
   65   65    1    1    1    1    1    1    1    1  3.58069E+13 0.00018 
   66   66    1    1    1    1    1    1    1    1  3.54887E+13 0.00031 
   67   67    1    1    1    1    1    1    1    1  2.57942E+13 0.00028 
   68   68    1    1    1    1    1    1    1    1  2.11824E+13 0.00031 
   69   69    1    1    1    1    1    1    1    1  1.90608E+13 0.00027 
   70   70    1    1    1    1    1    1    1    1  2.29169E+13 0.00039 
   71   71    1    1    1    1    1    1    1    1  1.95965E+13 0.00039 
   72   72    1    1    1    1    1    1    1    1  3.64436E+13 0.00037 
   73   73    1    1    1    1    1    1    1    1  2.59874E+13 0.00043 
   74   74    1    1    1    1    1    1    1    1  1.95095E+13 0.00042 
   75   75    1    1    1    1    1    1    1    1  1.54301E+13 0.00047 
   76   76    1    1    1    1    1    1    1    1  1.25674E+13 0.00042 
   77   77    1    1    1    1    1    1    1    1  1.43131E+13 0.00047 
   78   78    1    1    1    1    1    1    1    1  1.10902E+13 0.00059 
   79   79    1    1    1    1    1    1    1    1  8.69183E+12 0.00071 
   80   80    1    1    1    1    1    1    1    1  8.87284E+12 0.00051 
   81   81    1    1    1    1    1    1    1    1  6.52918E+12 0.00049 
   82   82    1    1    1    1    1    1    1    1  5.00327E+12 0.00071 
   83   83    1    1    1    1    1    1    1    1  3.82948E+12 0.00066 
   84   84    1    1    1    1    1    1    1    1  3.57929E+12 0.00110 
   85   85    1    1    1    1    1    1    1    1  2.57213E+12 0.00116 
   86   86    1    1    1    1    1    1    1    1  1.85023E+12 0.00118 
   87   87    1    1    1    1    1    1    1    1  1.73063E+12 0.00167 
   88   88    1    1    1    1    1    1    1    1  1.07255E+12 0.00146 
   89   89    1    1    1    1    1    1    1    1  7.26646E+11 0.00306 
   90   90    1    1    1    1    1    1    1    1  4.22191E+11 0.00314 
   91   91    1    1    1    1    1    1    1    1  5.42513E+11 0.00197 
   92   92    1    1    1    1    1    1    1    1  0.00000E+00 0.00000 
   93   93    1    1    1    1    1    1    1    1  0.00000E+00 0.00000 
   94   94    1    1    1    1    1    1    1    1  0.00000E+00 0.00000 
   95   95    1    1    1    1    1    1    1    1  0.00000E+00 0.00000 
   96   96    1    1    1    1    1    1    1    1  0.00000E+00 0.00000 
   97   97    1    1    1    1    1    1    1    1  0.00000E+00 0.00000 
   98   98    1    1    1    1    1    1    1    1  0.00000E+00 0.00000 
   99   99    1    1    1    1    1    1    1    1  0.00000E+00 0.00000 
  100  100    1    1    1    1    1    1    1    1  0.00000E+00 0.00000 
];


