
DETdpaspec = [
    1    1    1    1    1    1    1    1    1    1  0.00000E+00 0.00000 
    2    2    1    1    1    1    1    1    1    1  0.00000E+00 0.00000 
    3    3    1    1    1    1    1    1    1    1  0.00000E+00 0.00000 
    4    4    1    1    1    1    1    1    1    1  0.00000E+00 0.00000 
    5    5    1    1    1    1    1    1    1    1  0.00000E+00 0.00000 
    6    6    1    1    1    1    1    1    1    1  0.00000E+00 0.00000 
    7    7    1    1    1    1    1    1    1    1  0.00000E+00 0.00000 
    8    8    1    1    1    1    1    1    1    1  0.00000E+00 0.00000 
    9    9    1    1    1    1    1    1    1    1  0.00000E+00 0.00000 
   10   10    1    1    1    1    1    1    1    1  0.00000E+00 0.00000 
   11   11    1    1    1    1    1    1    1    1  0.00000E+00 0.00000 
   12   12    1    1    1    1    1    1    1    1  0.00000E+00 0.00000 
   13   13    1    1    1    1    1    1    1    1  0.00000E+00 0.00000 
   14   14    1    1    1    1    1    1    1    1  0.00000E+00 0.00000 
   15   15    1    1    1    1    1    1    1    1  0.00000E+00 0.00000 
   16   16    1    1    1    1    1    1    1    1  0.00000E+00 0.00000 
   17   17    1    1    1    1    1    1    1    1  0.00000E+00 0.00000 
   18   18    1    1    1    1    1    1    1    1  0.00000E+00 0.00000 
   19   19    1    1    1    1    1    1    1    1  1.00688E+09 0.08231 
   20   20    1    1    1    1    1    1    1    1  1.26981E+08 0.12822 
   21   21    1    1    1    1    1    1    1    1  4.02955E+08 0.11022 
   22   22    1    1    1    1    1    1    1    1  3.97181E+08 0.06890 
   23   23    1    1    1    1    1    1    1    1  8.98055E+08 0.06963 
   24   24    1    1    1    1    1    1    1    1  2.06009E+09 0.03525 
   25   25    1    1    1    1    1    1    1    1  5.71231E+09 0.02849 
   26   26    1    1    1    1    1    1    1    1  1.00148E+10 0.01682 
   27   27    1    1    1    1    1    1    1    1  2.33729E+10 0.01181 
   28   28    1    1    1    1    1    1    1    1  5.43114E+10 0.00702 
   29   29    1    1    1    1    1    1    1    1  1.30902E+11 0.00417 
   30   30    1    1    1    1    1    1    1    1  2.29675E+11 0.00395 
   31   31    1    1    1    1    1    1    1    1  5.06762E+11 0.00247 
   32   32    1    1    1    1    1    1    1    1  1.25030E+12 0.00211 
   33   33    1    1    1    1    1    1    1    1  1.98152E+12 0.00171 
   34   34    1    1    1    1    1    1    1    1  4.22448E+12 0.00095 
   35   35    1    1    1    1    1    1    1    1  5.50094E+12 0.00073 
   36   36    1    1    1    1    1    1    1    1  6.01547E+12 0.00073 
   37   37    1    1    1    1    1    1    1    1  3.74126E+12 0.00051 
   38   38    1    1    1    1    1    1    1    1  1.10334E+12 0.00054 
   39   39    1    1    1    1    1    1    1    1  6.27308E+12 0.00040 
   40   40    1    1    1    1    1    1    1    1  8.30881E+12 0.00054 
   41   41    1    1    1    1    1    1    1    1  1.41501E+13 0.00037 
   42   42    1    1    1    1    1    1    1    1  1.36521E+13 0.00041 
   43   43    1    1    1    1    1    1    1    1  2.90601E+13 0.00045 
   44   44    1    1    1    1    1    1    1    1  3.44596E+13 0.00041 
   45   45    1    1    1    1    1    1    1    1  4.85673E+13 0.00038 
   46   46    1    1    1    1    1    1    1    1  9.45835E+13 0.00024 
   47   47    1    1    1    1    1    1    1    1  4.26542E+13 0.00019 
   48   48    1    1    1    1    1    1    1    1  6.70110E+13 0.00021 
   49   49    1    1    1    1    1    1    1    1  9.17228E+13 0.00019 
   50   50    1    1    1    1    1    1    1    1  8.82635E+13 0.00019 
   51   51    1    1    1    1    1    1    1    1  1.36501E+14 0.00017 
   52   52    1    1    1    1    1    1    1    1  1.04686E+14 0.00014 
   53   53    1    1    1    1    1    1    1    1  1.24643E+14 0.00013 
   54   54    1    1    1    1    1    1    1    1  8.49237E+13 0.00018 
   55   55    1    1    1    1    1    1    1    1  1.04573E+14 0.00020 
   56   56    1    1    1    1    1    1    1    1  7.10421E+13 0.00019 
   57   57    1    1    1    1    1    1    1    1  9.56956E+12 0.00031 
   58   58    1    1    1    1    1    1    1    1  1.39107E+14 0.00014 
   59   59    1    1    1    1    1    1    1    1  6.27214E+13 0.00019 
   60   60    1    1    1    1    1    1    1    1  6.55818E+13 0.00026 
   61   61    1    1    1    1    1    1    1    1  5.14193E+13 0.00018 
   62   62    1    1    1    1    1    1    1    1  5.11024E+13 0.00020 
   63   63    1    1    1    1    1    1    1    1  5.29410E+13 0.00025 
   64   64    1    1    1    1    1    1    1    1  4.42526E+13 0.00021 
   65   65    1    1    1    1    1    1    1    1  3.48166E+13 0.00027 
   66   66    1    1    1    1    1    1    1    1  3.42450E+13 0.00028 
   67   67    1    1    1    1    1    1    1    1  2.46135E+13 0.00025 
   68   68    1    1    1    1    1    1    1    1  1.98655E+13 0.00033 
   69   69    1    1    1    1    1    1    1    1  1.76887E+13 0.00032 
   70   70    1    1    1    1    1    1    1    1  2.11305E+13 0.00043 
   71   71    1    1    1    1    1    1    1    1  1.78302E+13 0.00049 
   72   72    1    1    1    1    1    1    1    1  3.16010E+13 0.00036 
   73   73    1    1    1    1    1    1    1    1  2.20375E+13 0.00033 
   74   74    1    1    1    1    1    1    1    1  1.65382E+13 0.00050 
   75   75    1    1    1    1    1    1    1    1  1.33931E+13 0.00039 
   76   76    1    1    1    1    1    1    1    1  1.12163E+13 0.00040 
   77   77    1    1    1    1    1    1    1    1  1.30821E+13 0.00050 
   78   78    1    1    1    1    1    1    1    1  1.04526E+13 0.00053 
   79   79    1    1    1    1    1    1    1    1  8.37710E+12 0.00068 
   80   80    1    1    1    1    1    1    1    1  8.70696E+12 0.00065 
   81   81    1    1    1    1    1    1    1    1  6.47596E+12 0.00067 
   82   82    1    1    1    1    1    1    1    1  5.00097E+12 0.00063 
   83   83    1    1    1    1    1    1    1    1  3.84210E+12 0.00087 
   84   84    1    1    1    1    1    1    1    1  3.59759E+12 0.00093 
   85   85    1    1    1    1    1    1    1    1  2.59267E+12 0.00092 
   86   86    1    1    1    1    1    1    1    1  1.86891E+12 0.00134 
   87   87    1    1    1    1    1    1    1    1  1.75531E+12 0.00161 
   88   88    1    1    1    1    1    1    1    1  1.06586E+12 0.00163 
   89   89    1    1    1    1    1    1    1    1  7.19420E+11 0.00219 
   90   90    1    1    1    1    1    1    1    1  4.12918E+11 0.00251 
   91   91    1    1    1    1    1    1    1    1  5.19750E+11 0.00346 
   92   92    1    1    1    1    1    1    1    1  0.00000E+00 0.00000 
   93   93    1    1    1    1    1    1    1    1  0.00000E+00 0.00000 
   94   94    1    1    1    1    1    1    1    1  0.00000E+00 0.00000 
   95   95    1    1    1    1    1    1    1    1  0.00000E+00 0.00000 
   96   96    1    1    1    1    1    1    1    1  0.00000E+00 0.00000 
   97   97    1    1    1    1    1    1    1    1  0.00000E+00 0.00000 
   98   98    1    1    1    1    1    1    1    1  0.00000E+00 0.00000 
   99   99    1    1    1    1    1    1    1    1  0.00000E+00 0.00000 
  100  100    1    1    1    1    1    1    1    1  0.00000E+00 0.00000 
];


