
DETdpaspec = [
    1    1    1    1    1    1    1    1    1    1  0.00000E+00 0.00000 
    2    2    1    1    1    1    1    1    1    1  0.00000E+00 0.00000 
    3    3    1    1    1    1    1    1    1    1  0.00000E+00 0.00000 
    4    4    1    1    1    1    1    1    1    1  0.00000E+00 0.00000 
    5    5    1    1    1    1    1    1    1    1  0.00000E+00 0.00000 
    6    6    1    1    1    1    1    1    1    1  0.00000E+00 0.00000 
    7    7    1    1    1    1    1    1    1    1  0.00000E+00 0.00000 
    8    8    1    1    1    1    1    1    1    1  0.00000E+00 0.00000 
    9    9    1    1    1    1    1    1    1    1  0.00000E+00 0.00000 
   10   10    1    1    1    1    1    1    1    1  0.00000E+00 0.00000 
   11   11    1    1    1    1    1    1    1    1  0.00000E+00 0.00000 
   12   12    1    1    1    1    1    1    1    1  0.00000E+00 0.00000 
   13   13    1    1    1    1    1    1    1    1  0.00000E+00 0.00000 
   14   14    1    1    1    1    1    1    1    1  0.00000E+00 0.00000 
   15   15    1    1    1    1    1    1    1    1  0.00000E+00 0.00000 
   16   16    1    1    1    1    1    1    1    1  0.00000E+00 0.00000 
   17   17    1    1    1    1    1    1    1    1  0.00000E+00 0.00000 
   18   18    1    1    1    1    1    1    1    1  0.00000E+00 0.00000 
   19   19    1    1    1    1    1    1    1    1  1.65088E+09 0.06110 
   20   20    1    1    1    1    1    1    1    1  2.52298E+08 0.06740 
   21   21    1    1    1    1    1    1    1    1  9.85820E+08 0.04680 
   22   22    1    1    1    1    1    1    1    1  7.11584E+08 0.04022 
   23   23    1    1    1    1    1    1    1    1  1.79777E+09 0.03792 
   24   24    1    1    1    1    1    1    1    1  2.74001E+09 0.03342 
   25   25    1    1    1    1    1    1    1    1  4.41333E+09 0.02484 
   26   26    1    1    1    1    1    1    1    1  5.45913E+09 0.01683 
   27   27    1    1    1    1    1    1    1    1  8.88860E+09 0.01551 
   28   28    1    1    1    1    1    1    1    1  1.60294E+10 0.01333 
   29   29    1    1    1    1    1    1    1    1  3.40422E+10 0.00831 
   30   30    1    1    1    1    1    1    1    1  5.40575E+10 0.00901 
   31   31    1    1    1    1    1    1    1    1  1.60033E+11 0.00501 
   32   32    1    1    1    1    1    1    1    1  4.94443E+11 0.00299 
   33   33    1    1    1    1    1    1    1    1  9.28621E+11 0.00209 
   34   34    1    1    1    1    1    1    1    1  2.17130E+12 0.00126 
   35   35    1    1    1    1    1    1    1    1  2.99134E+12 0.00117 
   36   36    1    1    1    1    1    1    1    1  4.08009E+12 0.00079 
   37   37    1    1    1    1    1    1    1    1  2.83365E+12 0.00070 
   38   38    1    1    1    1    1    1    1    1  8.80139E+11 0.00064 
   39   39    1    1    1    1    1    1    1    1  4.86125E+12 0.00048 
   40   40    1    1    1    1    1    1    1    1  6.53040E+12 0.00049 
   41   41    1    1    1    1    1    1    1    1  1.11660E+13 0.00047 
   42   42    1    1    1    1    1    1    1    1  1.13932E+13 0.00034 
   43   43    1    1    1    1    1    1    1    1  2.39460E+13 0.00028 
   44   44    1    1    1    1    1    1    1    1  2.88721E+13 0.00034 
   45   45    1    1    1    1    1    1    1    1  4.14898E+13 0.00032 
   46   46    1    1    1    1    1    1    1    1  8.19253E+13 0.00028 
   47   47    1    1    1    1    1    1    1    1  3.88297E+13 0.00017 
   48   48    1    1    1    1    1    1    1    1  6.24422E+13 0.00020 
   49   49    1    1    1    1    1    1    1    1  8.71941E+13 0.00024 
   50   50    1    1    1    1    1    1    1    1  8.60022E+13 0.00022 
   51   51    1    1    1    1    1    1    1    1  1.33288E+14 0.00014 
   52   52    1    1    1    1    1    1    1    1  1.06762E+14 0.00016 
   53   53    1    1    1    1    1    1    1    1  1.25619E+14 0.00015 
   54   54    1    1    1    1    1    1    1    1  8.77062E+13 0.00020 
   55   55    1    1    1    1    1    1    1    1  1.06415E+14 0.00015 
   56   56    1    1    1    1    1    1    1    1  7.35108E+13 0.00020 
   57   57    1    1    1    1    1    1    1    1  1.00318E+13 0.00034 
   58   58    1    1    1    1    1    1    1    1  1.45889E+14 0.00013 
   59   59    1    1    1    1    1    1    1    1  6.43205E+13 0.00023 
   60   60    1    1    1    1    1    1    1    1  6.86120E+13 0.00023 
   61   61    1    1    1    1    1    1    1    1  5.30404E+13 0.00018 
   62   62    1    1    1    1    1    1    1    1  5.33021E+13 0.00024 
   63   63    1    1    1    1    1    1    1    1  5.52864E+13 0.00025 
   64   64    1    1    1    1    1    1    1    1  4.64173E+13 0.00037 
   65   65    1    1    1    1    1    1    1    1  3.69081E+13 0.00024 
   66   66    1    1    1    1    1    1    1    1  3.65677E+13 0.00021 
   67   67    1    1    1    1    1    1    1    1  2.65429E+13 0.00022 
   68   68    1    1    1    1    1    1    1    1  2.16871E+13 0.00031 
   69   69    1    1    1    1    1    1    1    1  1.94708E+13 0.00042 
   70   70    1    1    1    1    1    1    1    1  2.34103E+13 0.00038 
   71   71    1    1    1    1    1    1    1    1  1.99581E+13 0.00038 
   72   72    1    1    1    1    1    1    1    1  3.65982E+13 0.00043 
   73   73    1    1    1    1    1    1    1    1  2.59952E+13 0.00051 
   74   74    1    1    1    1    1    1    1    1  1.95703E+13 0.00042 
   75   75    1    1    1    1    1    1    1    1  1.56304E+13 0.00051 
   76   76    1    1    1    1    1    1    1    1  1.28862E+13 0.00049 
   77   77    1    1    1    1    1    1    1    1  1.48229E+13 0.00033 
   78   78    1    1    1    1    1    1    1    1  1.16426E+13 0.00060 
   79   79    1    1    1    1    1    1    1    1  9.21795E+12 0.00068 
   80   80    1    1    1    1    1    1    1    1  9.49038E+12 0.00054 
   81   81    1    1    1    1    1    1    1    1  7.01425E+12 0.00072 
   82   82    1    1    1    1    1    1    1    1  5.39207E+12 0.00064 
   83   83    1    1    1    1    1    1    1    1  4.14446E+12 0.00087 
   84   84    1    1    1    1    1    1    1    1  3.87493E+12 0.00073 
   85   85    1    1    1    1    1    1    1    1  2.78127E+12 0.00111 
   86   86    1    1    1    1    1    1    1    1  2.00915E+12 0.00132 
   87   87    1    1    1    1    1    1    1    1  1.87894E+12 0.00161 
   88   88    1    1    1    1    1    1    1    1  1.15950E+12 0.00140 
   89   89    1    1    1    1    1    1    1    1  7.86733E+11 0.00176 
   90   90    1    1    1    1    1    1    1    1  4.54113E+11 0.00293 
   91   91    1    1    1    1    1    1    1    1  5.81808E+11 0.00256 
   92   92    1    1    1    1    1    1    1    1  0.00000E+00 0.00000 
   93   93    1    1    1    1    1    1    1    1  0.00000E+00 0.00000 
   94   94    1    1    1    1    1    1    1    1  0.00000E+00 0.00000 
   95   95    1    1    1    1    1    1    1    1  0.00000E+00 0.00000 
   96   96    1    1    1    1    1    1    1    1  0.00000E+00 0.00000 
   97   97    1    1    1    1    1    1    1    1  0.00000E+00 0.00000 
   98   98    1    1    1    1    1    1    1    1  0.00000E+00 0.00000 
   99   99    1    1    1    1    1    1    1    1  0.00000E+00 0.00000 
  100  100    1    1    1    1    1    1    1    1  0.00000E+00 0.00000 
];


