
DETdpaspec = [
    1    1    1    1    1    1    1    1    1    1  0.00000E+00 0.00000 
    2    2    1    1    1    1    1    1    1    1  0.00000E+00 0.00000 
    3    3    1    1    1    1    1    1    1    1  0.00000E+00 0.00000 
    4    4    1    1    1    1    1    1    1    1  0.00000E+00 0.00000 
    5    5    1    1    1    1    1    1    1    1  0.00000E+00 0.00000 
    6    6    1    1    1    1    1    1    1    1  0.00000E+00 0.00000 
    7    7    1    1    1    1    1    1    1    1  0.00000E+00 0.00000 
    8    8    1    1    1    1    1    1    1    1  0.00000E+00 0.00000 
    9    9    1    1    1    1    1    1    1    1  0.00000E+00 0.00000 
   10   10    1    1    1    1    1    1    1    1  0.00000E+00 0.00000 
   11   11    1    1    1    1    1    1    1    1  0.00000E+00 0.00000 
   12   12    1    1    1    1    1    1    1    1  0.00000E+00 0.00000 
   13   13    1    1    1    1    1    1    1    1  0.00000E+00 0.00000 
   14   14    1    1    1    1    1    1    1    1  0.00000E+00 0.00000 
   15   15    1    1    1    1    1    1    1    1  0.00000E+00 0.00000 
   16   16    1    1    1    1    1    1    1    1  0.00000E+00 0.00000 
   17   17    1    1    1    1    1    1    1    1  0.00000E+00 0.00000 
   18   18    1    1    1    1    1    1    1    1  0.00000E+00 0.00000 
   19   19    1    1    1    1    1    1    1    1  1.37578E+09 0.06357 
   20   20    1    1    1    1    1    1    1    1  1.93984E+08 0.12387 
   21   21    1    1    1    1    1    1    1    1  7.25537E+08 0.04058 
   22   22    1    1    1    1    1    1    1    1  6.14729E+08 0.04920 
   23   23    1    1    1    1    1    1    1    1  1.36038E+09 0.04288 
   24   24    1    1    1    1    1    1    1    1  2.09611E+09 0.04395 
   25   25    1    1    1    1    1    1    1    1  3.54047E+09 0.02510 
   26   26    1    1    1    1    1    1    1    1  4.61662E+09 0.02247 
   27   27    1    1    1    1    1    1    1    1  7.75001E+09 0.02297 
   28   28    1    1    1    1    1    1    1    1  1.58757E+10 0.01127 
   29   29    1    1    1    1    1    1    1    1  3.67746E+10 0.00937 
   30   30    1    1    1    1    1    1    1    1  6.33354E+10 0.00565 
   31   31    1    1    1    1    1    1    1    1  1.77118E+11 0.00415 
   32   32    1    1    1    1    1    1    1    1  5.41594E+11 0.00320 
   33   33    1    1    1    1    1    1    1    1  9.90720E+11 0.00172 
   34   34    1    1    1    1    1    1    1    1  2.34737E+12 0.00100 
   35   35    1    1    1    1    1    1    1    1  3.27473E+12 0.00076 
   36   36    1    1    1    1    1    1    1    1  4.19963E+12 0.00067 
   37   37    1    1    1    1    1    1    1    1  2.84195E+12 0.00062 
   38   38    1    1    1    1    1    1    1    1  8.67873E+11 0.00057 
   39   39    1    1    1    1    1    1    1    1  4.86622E+12 0.00059 
   40   40    1    1    1    1    1    1    1    1  6.54775E+12 0.00052 
   41   41    1    1    1    1    1    1    1    1  1.12753E+13 0.00046 
   42   42    1    1    1    1    1    1    1    1  1.13188E+13 0.00029 
   43   43    1    1    1    1    1    1    1    1  2.40803E+13 0.00046 
   44   44    1    1    1    1    1    1    1    1  2.90803E+13 0.00033 
   45   45    1    1    1    1    1    1    1    1  4.18392E+13 0.00033 
   46   46    1    1    1    1    1    1    1    1  8.32298E+13 0.00019 
   47   47    1    1    1    1    1    1    1    1  3.90042E+13 0.00025 
   48   48    1    1    1    1    1    1    1    1  6.23781E+13 0.00020 
   49   49    1    1    1    1    1    1    1    1  8.70072E+13 0.00022 
   50   50    1    1    1    1    1    1    1    1  8.53852E+13 0.00023 
   51   51    1    1    1    1    1    1    1    1  1.33167E+14 0.00015 
   52   52    1    1    1    1    1    1    1    1  1.05396E+14 0.00019 
   53   53    1    1    1    1    1    1    1    1  1.25213E+14 0.00016 
   54   54    1    1    1    1    1    1    1    1  8.69329E+13 0.00014 
   55   55    1    1    1    1    1    1    1    1  1.06527E+14 0.00014 
   56   56    1    1    1    1    1    1    1    1  7.32615E+13 0.00013 
   57   57    1    1    1    1    1    1    1    1  9.95131E+12 0.00030 
   58   58    1    1    1    1    1    1    1    1  1.45146E+14 0.00020 
   59   59    1    1    1    1    1    1    1    1  6.48325E+13 0.00022 
   60   60    1    1    1    1    1    1    1    1  6.87119E+13 0.00024 
   61   61    1    1    1    1    1    1    1    1  5.35618E+13 0.00023 
   62   62    1    1    1    1    1    1    1    1  5.36479E+13 0.00023 
   63   63    1    1    1    1    1    1    1    1  5.57418E+13 0.00023 
   64   64    1    1    1    1    1    1    1    1  4.68350E+13 0.00024 
   65   65    1    1    1    1    1    1    1    1  3.71409E+13 0.00031 
   66   66    1    1    1    1    1    1    1    1  3.67613E+13 0.00030 
   67   67    1    1    1    1    1    1    1    1  2.66140E+13 0.00033 
   68   68    1    1    1    1    1    1    1    1  2.16647E+13 0.00029 
   69   69    1    1    1    1    1    1    1    1  1.94006E+13 0.00030 
   70   70    1    1    1    1    1    1    1    1  2.33124E+13 0.00045 
   71   71    1    1    1    1    1    1    1    1  1.98289E+13 0.00048 
   72   72    1    1    1    1    1    1    1    1  3.59225E+13 0.00032 
   73   73    1    1    1    1    1    1    1    1  2.53842E+13 0.00039 
   74   74    1    1    1    1    1    1    1    1  1.91195E+13 0.00048 
   75   75    1    1    1    1    1    1    1    1  1.53795E+13 0.00039 
   76   76    1    1    1    1    1    1    1    1  1.27692E+13 0.00038 
   77   77    1    1    1    1    1    1    1    1  1.48248E+13 0.00055 
   78   78    1    1    1    1    1    1    1    1  1.17285E+13 0.00041 
   79   79    1    1    1    1    1    1    1    1  9.33834E+12 0.00042 
   80   80    1    1    1    1    1    1    1    1  9.66726E+12 0.00046 
   81   81    1    1    1    1    1    1    1    1  7.17120E+12 0.00071 
   82   82    1    1    1    1    1    1    1    1  5.52286E+12 0.00057 
   83   83    1    1    1    1    1    1    1    1  4.25181E+12 0.00095 
   84   84    1    1    1    1    1    1    1    1  3.97213E+12 0.00081 
   85   85    1    1    1    1    1    1    1    1  2.86148E+12 0.00116 
   86   86    1    1    1    1    1    1    1    1  2.06073E+12 0.00139 
   87   87    1    1    1    1    1    1    1    1  1.93002E+12 0.00125 
   88   88    1    1    1    1    1    1    1    1  1.19319E+12 0.00145 
   89   89    1    1    1    1    1    1    1    1  8.04136E+11 0.00231 
   90   90    1    1    1    1    1    1    1    1  4.63989E+11 0.00300 
   91   91    1    1    1    1    1    1    1    1  5.94133E+11 0.00262 
   92   92    1    1    1    1    1    1    1    1  0.00000E+00 0.00000 
   93   93    1    1    1    1    1    1    1    1  0.00000E+00 0.00000 
   94   94    1    1    1    1    1    1    1    1  0.00000E+00 0.00000 
   95   95    1    1    1    1    1    1    1    1  0.00000E+00 0.00000 
   96   96    1    1    1    1    1    1    1    1  0.00000E+00 0.00000 
   97   97    1    1    1    1    1    1    1    1  0.00000E+00 0.00000 
   98   98    1    1    1    1    1    1    1    1  0.00000E+00 0.00000 
   99   99    1    1    1    1    1    1    1    1  0.00000E+00 0.00000 
  100  100    1    1    1    1    1    1    1    1  0.00000E+00 0.00000 
];


