
DETdpaspec = [
    1    1    1    1    1    1    1    1    1    1  0.00000E+00 0.00000 
    2    2    1    1    1    1    1    1    1    1  0.00000E+00 0.00000 
    3    3    1    1    1    1    1    1    1    1  0.00000E+00 0.00000 
    4    4    1    1    1    1    1    1    1    1  0.00000E+00 0.00000 
    5    5    1    1    1    1    1    1    1    1  0.00000E+00 0.00000 
    6    6    1    1    1    1    1    1    1    1  0.00000E+00 0.00000 
    7    7    1    1    1    1    1    1    1    1  0.00000E+00 0.00000 
    8    8    1    1    1    1    1    1    1    1  0.00000E+00 0.00000 
    9    9    1    1    1    1    1    1    1    1  0.00000E+00 0.00000 
   10   10    1    1    1    1    1    1    1    1  0.00000E+00 0.00000 
   11   11    1    1    1    1    1    1    1    1  0.00000E+00 0.00000 
   12   12    1    1    1    1    1    1    1    1  0.00000E+00 0.00000 
   13   13    1    1    1    1    1    1    1    1  0.00000E+00 0.00000 
   14   14    1    1    1    1    1    1    1    1  0.00000E+00 0.00000 
   15   15    1    1    1    1    1    1    1    1  0.00000E+00 0.00000 
   16   16    1    1    1    1    1    1    1    1  0.00000E+00 0.00000 
   17   17    1    1    1    1    1    1    1    1  0.00000E+00 0.00000 
   18   18    1    1    1    1    1    1    1    1  0.00000E+00 0.00000 
   19   19    1    1    1    1    1    1    1    1  1.67308E+09 0.05427 
   20   20    1    1    1    1    1    1    1    1  2.63296E+08 0.08390 
   21   21    1    1    1    1    1    1    1    1  9.01003E+08 0.05998 
   22   22    1    1    1    1    1    1    1    1  7.18393E+08 0.05937 
   23   23    1    1    1    1    1    1    1    1  1.57512E+09 0.04692 
   24   24    1    1    1    1    1    1    1    1  2.45364E+09 0.02534 
   25   25    1    1    1    1    1    1    1    1  3.92994E+09 0.01557 
   26   26    1    1    1    1    1    1    1    1  4.95753E+09 0.01739 
   27   27    1    1    1    1    1    1    1    1  7.89736E+09 0.02018 
   28   28    1    1    1    1    1    1    1    1  1.49741E+10 0.01521 
   29   29    1    1    1    1    1    1    1    1  3.35827E+10 0.01210 
   30   30    1    1    1    1    1    1    1    1  5.58337E+10 0.00844 
   31   31    1    1    1    1    1    1    1    1  1.60933E+11 0.00510 
   32   32    1    1    1    1    1    1    1    1  5.01159E+11 0.00304 
   33   33    1    1    1    1    1    1    1    1  9.30288E+11 0.00180 
   34   34    1    1    1    1    1    1    1    1  2.20402E+12 0.00099 
   35   35    1    1    1    1    1    1    1    1  3.06086E+12 0.00085 
   36   36    1    1    1    1    1    1    1    1  4.08468E+12 0.00073 
   37   37    1    1    1    1    1    1    1    1  2.80993E+12 0.00070 
   38   38    1    1    1    1    1    1    1    1  8.66569E+11 0.00090 
   39   39    1    1    1    1    1    1    1    1  4.82250E+12 0.00062 
   40   40    1    1    1    1    1    1    1    1  6.48779E+12 0.00051 
   41   41    1    1    1    1    1    1    1    1  1.11366E+13 0.00048 
   42   42    1    1    1    1    1    1    1    1  1.12788E+13 0.00038 
   43   43    1    1    1    1    1    1    1    1  2.38437E+13 0.00045 
   44   44    1    1    1    1    1    1    1    1  2.87847E+13 0.00039 
   45   45    1    1    1    1    1    1    1    1  4.14250E+13 0.00026 
   46   46    1    1    1    1    1    1    1    1  8.21831E+13 0.00020 
   47   47    1    1    1    1    1    1    1    1  3.87958E+13 0.00023 
   48   48    1    1    1    1    1    1    1    1  6.22617E+13 0.00017 
   49   49    1    1    1    1    1    1    1    1  8.69533E+13 0.00015 
   50   50    1    1    1    1    1    1    1    1  8.55749E+13 0.00020 
   51   51    1    1    1    1    1    1    1    1  1.33097E+14 0.00025 
   52   52    1    1    1    1    1    1    1    1  1.06114E+14 0.00018 
   53   53    1    1    1    1    1    1    1    1  1.25457E+14 0.00013 
   54   54    1    1    1    1    1    1    1    1  8.74028E+13 0.00019 
   55   55    1    1    1    1    1    1    1    1  1.06533E+14 0.00020 
   56   56    1    1    1    1    1    1    1    1  7.34459E+13 0.00017 
   57   57    1    1    1    1    1    1    1    1  1.00012E+13 0.00024 
   58   58    1    1    1    1    1    1    1    1  1.45705E+14 0.00019 
   59   59    1    1    1    1    1    1    1    1  6.46112E+13 0.00018 
   60   60    1    1    1    1    1    1    1    1  6.87415E+13 0.00026 
   61   61    1    1    1    1    1    1    1    1  5.33445E+13 0.00018 
   62   62    1    1    1    1    1    1    1    1  5.35405E+13 0.00024 
   63   63    1    1    1    1    1    1    1    1  5.55988E+13 0.00026 
   64   64    1    1    1    1    1    1    1    1  4.67082E+13 0.00025 
   65   65    1    1    1    1    1    1    1    1  3.70976E+13 0.00023 
   66   66    1    1    1    1    1    1    1    1  3.67592E+13 0.00023 
   67   67    1    1    1    1    1    1    1    1  2.66453E+13 0.00026 
   68   68    1    1    1    1    1    1    1    1  2.17395E+13 0.00033 
   69   69    1    1    1    1    1    1    1    1  1.94977E+13 0.00053 
   70   70    1    1    1    1    1    1    1    1  2.34547E+13 0.00030 
   71   71    1    1    1    1    1    1    1    1  1.99645E+13 0.00044 
   72   72    1    1    1    1    1    1    1    1  3.64307E+13 0.00030 
   73   73    1    1    1    1    1    1    1    1  2.58165E+13 0.00047 
   74   74    1    1    1    1    1    1    1    1  1.94470E+13 0.00037 
   75   75    1    1    1    1    1    1    1    1  1.55886E+13 0.00039 
   76   76    1    1    1    1    1    1    1    1  1.29012E+13 0.00059 
   77   77    1    1    1    1    1    1    1    1  1.48937E+13 0.00048 
   78   78    1    1    1    1    1    1    1    1  1.17280E+13 0.00054 
   79   79    1    1    1    1    1    1    1    1  9.31443E+12 0.00059 
   80   80    1    1    1    1    1    1    1    1  9.59814E+12 0.00063 
   81   81    1    1    1    1    1    1    1    1  7.11273E+12 0.00069 
   82   82    1    1    1    1    1    1    1    1  5.47309E+12 0.00084 
   83   83    1    1    1    1    1    1    1    1  4.20539E+12 0.00099 
   84   84    1    1    1    1    1    1    1    1  3.93505E+12 0.00109 
   85   85    1    1    1    1    1    1    1    1  2.82886E+12 0.00128 
   86   86    1    1    1    1    1    1    1    1  2.03917E+12 0.00165 
   87   87    1    1    1    1    1    1    1    1  1.90755E+12 0.00138 
   88   88    1    1    1    1    1    1    1    1  1.17867E+12 0.00158 
   89   89    1    1    1    1    1    1    1    1  7.97353E+11 0.00251 
   90   90    1    1    1    1    1    1    1    1  4.61941E+11 0.00305 
   91   91    1    1    1    1    1    1    1    1  5.87177E+11 0.00230 
   92   92    1    1    1    1    1    1    1    1  0.00000E+00 0.00000 
   93   93    1    1    1    1    1    1    1    1  0.00000E+00 0.00000 
   94   94    1    1    1    1    1    1    1    1  0.00000E+00 0.00000 
   95   95    1    1    1    1    1    1    1    1  0.00000E+00 0.00000 
   96   96    1    1    1    1    1    1    1    1  0.00000E+00 0.00000 
   97   97    1    1    1    1    1    1    1    1  0.00000E+00 0.00000 
   98   98    1    1    1    1    1    1    1    1  0.00000E+00 0.00000 
   99   99    1    1    1    1    1    1    1    1  0.00000E+00 0.00000 
  100  100    1    1    1    1    1    1    1    1  0.00000E+00 0.00000 
];


