
DETdpaspec = [
    1    1    1    1    1    1    1    1    1    1  0.00000E+00 0.00000 
    2    2    1    1    1    1    1    1    1    1  0.00000E+00 0.00000 
    3    3    1    1    1    1    1    1    1    1  0.00000E+00 0.00000 
    4    4    1    1    1    1    1    1    1    1  0.00000E+00 0.00000 
    5    5    1    1    1    1    1    1    1    1  0.00000E+00 0.00000 
    6    6    1    1    1    1    1    1    1    1  0.00000E+00 0.00000 
    7    7    1    1    1    1    1    1    1    1  0.00000E+00 0.00000 
    8    8    1    1    1    1    1    1    1    1  0.00000E+00 0.00000 
    9    9    1    1    1    1    1    1    1    1  0.00000E+00 0.00000 
   10   10    1    1    1    1    1    1    1    1  0.00000E+00 0.00000 
   11   11    1    1    1    1    1    1    1    1  0.00000E+00 0.00000 
   12   12    1    1    1    1    1    1    1    1  0.00000E+00 0.00000 
   13   13    1    1    1    1    1    1    1    1  0.00000E+00 0.00000 
   14   14    1    1    1    1    1    1    1    1  0.00000E+00 0.00000 
   15   15    1    1    1    1    1    1    1    1  0.00000E+00 0.00000 
   16   16    1    1    1    1    1    1    1    1  0.00000E+00 0.00000 
   17   17    1    1    1    1    1    1    1    1  0.00000E+00 0.00000 
   18   18    1    1    1    1    1    1    1    1  0.00000E+00 0.00000 
   19   19    1    1    1    1    1    1    1    1  1.43603E+09 0.08977 
   20   20    1    1    1    1    1    1    1    1  1.90566E+08 0.08253 
   21   21    1    1    1    1    1    1    1    1  6.66943E+08 0.05013 
   22   22    1    1    1    1    1    1    1    1  5.38464E+08 0.05888 
   23   23    1    1    1    1    1    1    1    1  1.06308E+09 0.05451 
   24   24    1    1    1    1    1    1    1    1  1.97651E+09 0.02493 
   25   25    1    1    1    1    1    1    1    1  3.27723E+09 0.03664 
   26   26    1    1    1    1    1    1    1    1  4.50698E+09 0.02949 
   27   27    1    1    1    1    1    1    1    1  8.32626E+09 0.01867 
   28   28    1    1    1    1    1    1    1    1  1.78785E+10 0.01134 
   29   29    1    1    1    1    1    1    1    1  4.51736E+10 0.00967 
   30   30    1    1    1    1    1    1    1    1  8.08773E+10 0.00601 
   31   31    1    1    1    1    1    1    1    1  2.13791E+11 0.00383 
   32   32    1    1    1    1    1    1    1    1  6.32730E+11 0.00269 
   33   33    1    1    1    1    1    1    1    1  1.12545E+12 0.00257 
   34   34    1    1    1    1    1    1    1    1  2.63254E+12 0.00141 
   35   35    1    1    1    1    1    1    1    1  3.64518E+12 0.00100 
   36   36    1    1    1    1    1    1    1    1  4.47811E+12 0.00068 
   37   37    1    1    1    1    1    1    1    1  2.96649E+12 0.00060 
   38   38    1    1    1    1    1    1    1    1  8.96239E+11 0.00083 
   39   39    1    1    1    1    1    1    1    1  5.05728E+12 0.00072 
   40   40    1    1    1    1    1    1    1    1  6.79643E+12 0.00051 
   41   41    1    1    1    1    1    1    1    1  1.17023E+13 0.00053 
   42   42    1    1    1    1    1    1    1    1  1.16193E+13 0.00048 
   43   43    1    1    1    1    1    1    1    1  2.48247E+13 0.00056 
   44   44    1    1    1    1    1    1    1    1  2.99042E+13 0.00049 
   45   45    1    1    1    1    1    1    1    1  4.28821E+13 0.00033 
   46   46    1    1    1    1    1    1    1    1  8.52228E+13 0.00029 
   47   47    1    1    1    1    1    1    1    1  3.95884E+13 0.00023 
   48   48    1    1    1    1    1    1    1    1  6.30466E+13 0.00023 
   49   49    1    1    1    1    1    1    1    1  8.76590E+13 0.00018 
   50   50    1    1    1    1    1    1    1    1  8.56399E+13 0.00023 
   51   51    1    1    1    1    1    1    1    1  1.33637E+14 0.00015 
   52   52    1    1    1    1    1    1    1    1  1.04897E+14 0.00017 
   53   53    1    1    1    1    1    1    1    1  1.25062E+14 0.00018 
   54   54    1    1    1    1    1    1    1    1  8.64500E+13 0.00019 
   55   55    1    1    1    1    1    1    1    1  1.06287E+14 0.00019 
   56   56    1    1    1    1    1    1    1    1  7.29289E+13 0.00014 
   57   57    1    1    1    1    1    1    1    1  9.87926E+12 0.00031 
   58   58    1    1    1    1    1    1    1    1  1.44124E+14 0.00018 
   59   59    1    1    1    1    1    1    1    1  6.47055E+13 0.00020 
   60   60    1    1    1    1    1    1    1    1  6.83160E+13 0.00020 
   61   61    1    1    1    1    1    1    1    1  5.34405E+13 0.00023 
   62   62    1    1    1    1    1    1    1    1  5.34079E+13 0.00026 
   63   63    1    1    1    1    1    1    1    1  5.54899E+13 0.00027 
   64   64    1    1    1    1    1    1    1    1  4.65833E+13 0.00029 
   65   65    1    1    1    1    1    1    1    1  3.68781E+13 0.00035 
   66   66    1    1    1    1    1    1    1    1  3.64549E+13 0.00026 
   67   67    1    1    1    1    1    1    1    1  2.63598E+13 0.00038 
   68   68    1    1    1    1    1    1    1    1  2.13986E+13 0.00036 
   69   69    1    1    1    1    1    1    1    1  1.91427E+13 0.00042 
   70   70    1    1    1    1    1    1    1    1  2.29712E+13 0.00046 
   71   71    1    1    1    1    1    1    1    1  1.94945E+13 0.00060 
   72   72    1    1    1    1    1    1    1    1  3.50557E+13 0.00039 
   73   73    1    1    1    1    1    1    1    1  2.46917E+13 0.00048 
   74   74    1    1    1    1    1    1    1    1  1.85950E+13 0.00030 
   75   75    1    1    1    1    1    1    1    1  1.50166E+13 0.00038 
   76   76    1    1    1    1    1    1    1    1  1.25150E+13 0.00047 
   77   77    1    1    1    1    1    1    1    1  1.45576E+13 0.00048 
   78   78    1    1    1    1    1    1    1    1  1.15572E+13 0.00072 
   79   79    1    1    1    1    1    1    1    1  9.23959E+12 0.00060 
   80   80    1    1    1    1    1    1    1    1  9.56805E+12 0.00053 
   81   81    1    1    1    1    1    1    1    1  7.10078E+12 0.00074 
   82   82    1    1    1    1    1    1    1    1  5.48246E+12 0.00072 
   83   83    1    1    1    1    1    1    1    1  4.21509E+12 0.00060 
   84   84    1    1    1    1    1    1    1    1  3.94579E+12 0.00087 
   85   85    1    1    1    1    1    1    1    1  2.84148E+12 0.00111 
   86   86    1    1    1    1    1    1    1    1  2.05878E+12 0.00126 
   87   87    1    1    1    1    1    1    1    1  1.92144E+12 0.00158 
   88   88    1    1    1    1    1    1    1    1  1.18436E+12 0.00199 
   89   89    1    1    1    1    1    1    1    1  8.01854E+11 0.00198 
   90   90    1    1    1    1    1    1    1    1  4.59880E+11 0.00239 
   91   91    1    1    1    1    1    1    1    1  5.84274E+11 0.00267 
   92   92    1    1    1    1    1    1    1    1  0.00000E+00 0.00000 
   93   93    1    1    1    1    1    1    1    1  0.00000E+00 0.00000 
   94   94    1    1    1    1    1    1    1    1  0.00000E+00 0.00000 
   95   95    1    1    1    1    1    1    1    1  0.00000E+00 0.00000 
   96   96    1    1    1    1    1    1    1    1  0.00000E+00 0.00000 
   97   97    1    1    1    1    1    1    1    1  0.00000E+00 0.00000 
   98   98    1    1    1    1    1    1    1    1  0.00000E+00 0.00000 
   99   99    1    1    1    1    1    1    1    1  0.00000E+00 0.00000 
  100  100    1    1    1    1    1    1    1    1  0.00000E+00 0.00000 
];


