
DETdpaspec = [
    1    1    1    1    1    1    1    1    1    1  0.00000E+00 0.00000 
    2    2    1    1    1    1    1    1    1    1  0.00000E+00 0.00000 
    3    3    1    1    1    1    1    1    1    1  0.00000E+00 0.00000 
    4    4    1    1    1    1    1    1    1    1  0.00000E+00 0.00000 
    5    5    1    1    1    1    1    1    1    1  0.00000E+00 0.00000 
    6    6    1    1    1    1    1    1    1    1  0.00000E+00 0.00000 
    7    7    1    1    1    1    1    1    1    1  0.00000E+00 0.00000 
    8    8    1    1    1    1    1    1    1    1  0.00000E+00 0.00000 
    9    9    1    1    1    1    1    1    1    1  0.00000E+00 0.00000 
   10   10    1    1    1    1    1    1    1    1  0.00000E+00 0.00000 
   11   11    1    1    1    1    1    1    1    1  0.00000E+00 0.00000 
   12   12    1    1    1    1    1    1    1    1  0.00000E+00 0.00000 
   13   13    1    1    1    1    1    1    1    1  0.00000E+00 0.00000 
   14   14    1    1    1    1    1    1    1    1  0.00000E+00 0.00000 
   15   15    1    1    1    1    1    1    1    1  0.00000E+00 0.00000 
   16   16    1    1    1    1    1    1    1    1  0.00000E+00 0.00000 
   17   17    1    1    1    1    1    1    1    1  0.00000E+00 0.00000 
   18   18    1    1    1    1    1    1    1    1  0.00000E+00 0.00000 
   19   19    1    1    1    1    1    1    1    1  1.85085E+09 0.04650 
   20   20    1    1    1    1    1    1    1    1  3.28423E+08 0.06608 
   21   21    1    1    1    1    1    1    1    1  1.24984E+09 0.05105 
   22   22    1    1    1    1    1    1    1    1  9.41873E+08 0.02767 
   23   23    1    1    1    1    1    1    1    1  2.31027E+09 0.03390 
   24   24    1    1    1    1    1    1    1    1  3.16323E+09 0.01855 
   25   25    1    1    1    1    1    1    1    1  5.32216E+09 0.01741 
   26   26    1    1    1    1    1    1    1    1  6.36521E+09 0.01503 
   27   27    1    1    1    1    1    1    1    1  1.01329E+10 0.01337 
   28   28    1    1    1    1    1    1    1    1  1.81944E+10 0.01374 
   29   29    1    1    1    1    1    1    1    1  3.64117E+10 0.00938 
   30   30    1    1    1    1    1    1    1    1  5.45348E+10 0.00746 
   31   31    1    1    1    1    1    1    1    1  1.66038E+11 0.00550 
   32   32    1    1    1    1    1    1    1    1  5.11842E+11 0.00314 
   33   33    1    1    1    1    1    1    1    1  9.57617E+11 0.00214 
   34   34    1    1    1    1    1    1    1    1  2.19516E+12 0.00107 
   35   35    1    1    1    1    1    1    1    1  2.97813E+12 0.00135 
   36   36    1    1    1    1    1    1    1    1  4.18101E+12 0.00091 
   37   37    1    1    1    1    1    1    1    1  2.93875E+12 0.00079 
   38   38    1    1    1    1    1    1    1    1  9.21399E+11 0.00080 
   39   39    1    1    1    1    1    1    1    1  5.02609E+12 0.00070 
   40   40    1    1    1    1    1    1    1    1  6.73375E+12 0.00058 
   41   41    1    1    1    1    1    1    1    1  1.14245E+13 0.00040 
   42   42    1    1    1    1    1    1    1    1  1.17505E+13 0.00050 
   43   43    1    1    1    1    1    1    1    1  2.44065E+13 0.00032 
   44   44    1    1    1    1    1    1    1    1  2.93404E+13 0.00035 
   45   45    1    1    1    1    1    1    1    1  4.19933E+13 0.00031 
   46   46    1    1    1    1    1    1    1    1  8.21657E+13 0.00025 
   47   47    1    1    1    1    1    1    1    1  3.91002E+13 0.00018 
   48   48    1    1    1    1    1    1    1    1  6.30023E+13 0.00022 
   49   49    1    1    1    1    1    1    1    1  8.78693E+13 0.00021 
   50   50    1    1    1    1    1    1    1    1  8.67704E+13 0.00017 
   51   51    1    1    1    1    1    1    1    1  1.33719E+14 0.00018 
   52   52    1    1    1    1    1    1    1    1  1.07818E+14 0.00018 
   53   53    1    1    1    1    1    1    1    1  1.25837E+14 0.00014 
   54   54    1    1    1    1    1    1    1    1  8.80852E+13 0.00013 
   55   55    1    1    1    1    1    1    1    1  1.06065E+14 0.00015 
   56   56    1    1    1    1    1    1    1    1  7.34652E+13 0.00012 
   57   57    1    1    1    1    1    1    1    1  1.00565E+13 0.00032 
   58   58    1    1    1    1    1    1    1    1  1.45928E+14 0.00013 
   59   59    1    1    1    1    1    1    1    1  6.36946E+13 0.00018 
   60   60    1    1    1    1    1    1    1    1  6.82020E+13 0.00023 
   61   61    1    1    1    1    1    1    1    1  5.23890E+13 0.00016 
   62   62    1    1    1    1    1    1    1    1  5.27378E+13 0.00026 
   63   63    1    1    1    1    1    1    1    1  5.46419E+13 0.00021 
   64   64    1    1    1    1    1    1    1    1  4.58034E+13 0.00025 
   65   65    1    1    1    1    1    1    1    1  3.64626E+13 0.00032 
   66   66    1    1    1    1    1    1    1    1  3.61465E+13 0.00029 
   67   67    1    1    1    1    1    1    1    1  2.62552E+13 0.00035 
   68   68    1    1    1    1    1    1    1    1  2.15126E+13 0.00038 
   69   69    1    1    1    1    1    1    1    1  1.93294E+13 0.00043 
   70   70    1    1    1    1    1    1    1    1  2.32559E+13 0.00043 
   71   71    1    1    1    1    1    1    1    1  1.98459E+13 0.00051 
   72   72    1    1    1    1    1    1    1    1  3.66495E+13 0.00041 
   73   73    1    1    1    1    1    1    1    1  2.60759E+13 0.00033 
   74   74    1    1    1    1    1    1    1    1  1.96228E+13 0.00040 
   75   75    1    1    1    1    1    1    1    1  1.56027E+13 0.00042 
   76   76    1    1    1    1    1    1    1    1  1.27897E+13 0.00034 
   77   77    1    1    1    1    1    1    1    1  1.46371E+13 0.00045 
   78   78    1    1    1    1    1    1    1    1  1.14247E+13 0.00077 
   79   79    1    1    1    1    1    1    1    1  9.00659E+12 0.00050 
   80   80    1    1    1    1    1    1    1    1  9.22595E+12 0.00074 
   81   81    1    1    1    1    1    1    1    1  6.80346E+12 0.00076 
   82   82    1    1    1    1    1    1    1    1  5.22474E+12 0.00061 
   83   83    1    1    1    1    1    1    1    1  4.00891E+12 0.00090 
   84   84    1    1    1    1    1    1    1    1  3.74882E+12 0.00121 
   85   85    1    1    1    1    1    1    1    1  2.69735E+12 0.00113 
   86   86    1    1    1    1    1    1    1    1  1.94522E+12 0.00121 
   87   87    1    1    1    1    1    1    1    1  1.81853E+12 0.00150 
   88   88    1    1    1    1    1    1    1    1  1.12564E+12 0.00138 
   89   89    1    1    1    1    1    1    1    1  7.61682E+11 0.00232 
   90   90    1    1    1    1    1    1    1    1  4.40590E+11 0.00361 
   91   91    1    1    1    1    1    1    1    1  5.65686E+11 0.00241 
   92   92    1    1    1    1    1    1    1    1  0.00000E+00 0.00000 
   93   93    1    1    1    1    1    1    1    1  0.00000E+00 0.00000 
   94   94    1    1    1    1    1    1    1    1  0.00000E+00 0.00000 
   95   95    1    1    1    1    1    1    1    1  0.00000E+00 0.00000 
   96   96    1    1    1    1    1    1    1    1  0.00000E+00 0.00000 
   97   97    1    1    1    1    1    1    1    1  0.00000E+00 0.00000 
   98   98    1    1    1    1    1    1    1    1  0.00000E+00 0.00000 
   99   99    1    1    1    1    1    1    1    1  0.00000E+00 0.00000 
  100  100    1    1    1    1    1    1    1    1  0.00000E+00 0.00000 
];


