
DETdpaspec = [
    1    1    1    1    1    1    1    1    1    1  0.00000E+00 0.00000 
    2    2    1    1    1    1    1    1    1    1  0.00000E+00 0.00000 
    3    3    1    1    1    1    1    1    1    1  0.00000E+00 0.00000 
    4    4    1    1    1    1    1    1    1    1  0.00000E+00 0.00000 
    5    5    1    1    1    1    1    1    1    1  0.00000E+00 0.00000 
    6    6    1    1    1    1    1    1    1    1  0.00000E+00 0.00000 
    7    7    1    1    1    1    1    1    1    1  0.00000E+00 0.00000 
    8    8    1    1    1    1    1    1    1    1  0.00000E+00 0.00000 
    9    9    1    1    1    1    1    1    1    1  0.00000E+00 0.00000 
   10   10    1    1    1    1    1    1    1    1  0.00000E+00 0.00000 
   11   11    1    1    1    1    1    1    1    1  0.00000E+00 0.00000 
   12   12    1    1    1    1    1    1    1    1  0.00000E+00 0.00000 
   13   13    1    1    1    1    1    1    1    1  0.00000E+00 0.00000 
   14   14    1    1    1    1    1    1    1    1  0.00000E+00 0.00000 
   15   15    1    1    1    1    1    1    1    1  0.00000E+00 0.00000 
   16   16    1    1    1    1    1    1    1    1  0.00000E+00 0.00000 
   17   17    1    1    1    1    1    1    1    1  0.00000E+00 0.00000 
   18   18    1    1    1    1    1    1    1    1  0.00000E+00 0.00000 
   19   19    1    1    1    1    1    1    1    1  1.52566E+09 0.08557 
   20   20    1    1    1    1    1    1    1    1  1.95069E+08 0.07771 
   21   21    1    1    1    1    1    1    1    1  6.80735E+08 0.07013 
   22   22    1    1    1    1    1    1    1    1  5.39354E+08 0.05939 
   23   23    1    1    1    1    1    1    1    1  1.18303E+09 0.05259 
   24   24    1    1    1    1    1    1    1    1  1.85713E+09 0.03514 
   25   25    1    1    1    1    1    1    1    1  3.26002E+09 0.02645 
   26   26    1    1    1    1    1    1    1    1  4.74343E+09 0.02508 
   27   27    1    1    1    1    1    1    1    1  8.74606E+09 0.01598 
   28   28    1    1    1    1    1    1    1    1  1.79511E+10 0.01166 
   29   29    1    1    1    1    1    1    1    1  4.49129E+10 0.00970 
   30   30    1    1    1    1    1    1    1    1  8.19098E+10 0.00682 
   31   31    1    1    1    1    1    1    1    1  2.17417E+11 0.00376 
   32   32    1    1    1    1    1    1    1    1  6.42463E+11 0.00293 
   33   33    1    1    1    1    1    1    1    1  1.14298E+12 0.00211 
   34   34    1    1    1    1    1    1    1    1  2.65971E+12 0.00135 
   35   35    1    1    1    1    1    1    1    1  3.68255E+12 0.00122 
   36   36    1    1    1    1    1    1    1    1  4.51391E+12 0.00099 
   37   37    1    1    1    1    1    1    1    1  2.98250E+12 0.00106 
   38   38    1    1    1    1    1    1    1    1  8.99869E+11 0.00081 
   39   39    1    1    1    1    1    1    1    1  5.08403E+12 0.00082 
   40   40    1    1    1    1    1    1    1    1  6.82466E+12 0.00068 
   41   41    1    1    1    1    1    1    1    1  1.17575E+13 0.00057 
   42   42    1    1    1    1    1    1    1    1  1.16708E+13 0.00061 
   43   43    1    1    1    1    1    1    1    1  2.49328E+13 0.00035 
   44   44    1    1    1    1    1    1    1    1  3.00007E+13 0.00028 
   45   45    1    1    1    1    1    1    1    1  4.30139E+13 0.00034 
   46   46    1    1    1    1    1    1    1    1  8.54410E+13 0.00031 
   47   47    1    1    1    1    1    1    1    1  3.96504E+13 0.00024 
   48   48    1    1    1    1    1    1    1    1  6.31334E+13 0.00019 
   49   49    1    1    1    1    1    1    1    1  8.77617E+13 0.00017 
   50   50    1    1    1    1    1    1    1    1  8.56874E+13 0.00017 
   51   51    1    1    1    1    1    1    1    1  1.33707E+14 0.00013 
   52   52    1    1    1    1    1    1    1    1  1.04878E+14 0.00024 
   53   53    1    1    1    1    1    1    1    1  1.25063E+14 0.00020 
   54   54    1    1    1    1    1    1    1    1  8.63785E+13 0.00017 
   55   55    1    1    1    1    1    1    1    1  1.06293E+14 0.00023 
   56   56    1    1    1    1    1    1    1    1  7.28813E+13 0.00018 
   57   57    1    1    1    1    1    1    1    1  9.86964E+12 0.00028 
   58   58    1    1    1    1    1    1    1    1  1.43971E+14 0.00016 
   59   59    1    1    1    1    1    1    1    1  6.46536E+13 0.00019 
   60   60    1    1    1    1    1    1    1    1  6.82449E+13 0.00022 
   61   61    1    1    1    1    1    1    1    1  5.33941E+13 0.00027 
   62   62    1    1    1    1    1    1    1    1  5.33826E+13 0.00021 
   63   63    1    1    1    1    1    1    1    1  5.54759E+13 0.00028 
   64   64    1    1    1    1    1    1    1    1  4.65627E+13 0.00030 
   65   65    1    1    1    1    1    1    1    1  3.68387E+13 0.00027 
   66   66    1    1    1    1    1    1    1    1  3.64114E+13 0.00030 
   67   67    1    1    1    1    1    1    1    1  2.63295E+13 0.00027 
   68   68    1    1    1    1    1    1    1    1  2.13729E+13 0.00034 
   69   69    1    1    1    1    1    1    1    1  1.91074E+13 0.00040 
   70   70    1    1    1    1    1    1    1    1  2.29410E+13 0.00033 
   71   71    1    1    1    1    1    1    1    1  1.94370E+13 0.00038 
   72   72    1    1    1    1    1    1    1    1  3.49756E+13 0.00033 
   73   73    1    1    1    1    1    1    1    1  2.46205E+13 0.00032 
   74   74    1    1    1    1    1    1    1    1  1.85441E+13 0.00045 
   75   75    1    1    1    1    1    1    1    1  1.49669E+13 0.00058 
   76   76    1    1    1    1    1    1    1    1  1.24846E+13 0.00045 
   77   77    1    1    1    1    1    1    1    1  1.45086E+13 0.00056 
   78   78    1    1    1    1    1    1    1    1  1.15385E+13 0.00053 
   79   79    1    1    1    1    1    1    1    1  9.21587E+12 0.00055 
   80   80    1    1    1    1    1    1    1    1  9.53940E+12 0.00069 
   81   81    1    1    1    1    1    1    1    1  7.09215E+12 0.00057 
   82   82    1    1    1    1    1    1    1    1  5.47283E+12 0.00065 
   83   83    1    1    1    1    1    1    1    1  4.21422E+12 0.00065 
   84   84    1    1    1    1    1    1    1    1  3.94650E+12 0.00119 
   85   85    1    1    1    1    1    1    1    1  2.83577E+12 0.00101 
   86   86    1    1    1    1    1    1    1    1  2.05220E+12 0.00140 
   87   87    1    1    1    1    1    1    1    1  1.91639E+12 0.00133 
   88   88    1    1    1    1    1    1    1    1  1.17985E+12 0.00164 
   89   89    1    1    1    1    1    1    1    1  7.91710E+11 0.00237 
   90   90    1    1    1    1    1    1    1    1  4.60979E+11 0.00361 
   91   91    1    1    1    1    1    1    1    1  5.83871E+11 0.00294 
   92   92    1    1    1    1    1    1    1    1  0.00000E+00 0.00000 
   93   93    1    1    1    1    1    1    1    1  0.00000E+00 0.00000 
   94   94    1    1    1    1    1    1    1    1  0.00000E+00 0.00000 
   95   95    1    1    1    1    1    1    1    1  0.00000E+00 0.00000 
   96   96    1    1    1    1    1    1    1    1  0.00000E+00 0.00000 
   97   97    1    1    1    1    1    1    1    1  0.00000E+00 0.00000 
   98   98    1    1    1    1    1    1    1    1  0.00000E+00 0.00000 
   99   99    1    1    1    1    1    1    1    1  0.00000E+00 0.00000 
  100  100    1    1    1    1    1    1    1    1  0.00000E+00 0.00000 
];


