
DETdpaspec = [
    1    1    1    1    1    1    1    1    1    1  0.00000E+00 0.00000 
    2    2    1    1    1    1    1    1    1    1  0.00000E+00 0.00000 
    3    3    1    1    1    1    1    1    1    1  0.00000E+00 0.00000 
    4    4    1    1    1    1    1    1    1    1  0.00000E+00 0.00000 
    5    5    1    1    1    1    1    1    1    1  0.00000E+00 0.00000 
    6    6    1    1    1    1    1    1    1    1  0.00000E+00 0.00000 
    7    7    1    1    1    1    1    1    1    1  0.00000E+00 0.00000 
    8    8    1    1    1    1    1    1    1    1  0.00000E+00 0.00000 
    9    9    1    1    1    1    1    1    1    1  0.00000E+00 0.00000 
   10   10    1    1    1    1    1    1    1    1  0.00000E+00 0.00000 
   11   11    1    1    1    1    1    1    1    1  0.00000E+00 0.00000 
   12   12    1    1    1    1    1    1    1    1  0.00000E+00 0.00000 
   13   13    1    1    1    1    1    1    1    1  0.00000E+00 0.00000 
   14   14    1    1    1    1    1    1    1    1  0.00000E+00 0.00000 
   15   15    1    1    1    1    1    1    1    1  0.00000E+00 0.00000 
   16   16    1    1    1    1    1    1    1    1  0.00000E+00 0.00000 
   17   17    1    1    1    1    1    1    1    1  0.00000E+00 0.00000 
   18   18    1    1    1    1    1    1    1    1  0.00000E+00 0.00000 
   19   19    1    1    1    1    1    1    1    1  1.18720E+09 0.07668 
   20   20    1    1    1    1    1    1    1    1  1.72226E+08 0.11232 
   21   21    1    1    1    1    1    1    1    1  6.63892E+08 0.08054 
   22   22    1    1    1    1    1    1    1    1  4.83294E+08 0.03904 
   23   23    1    1    1    1    1    1    1    1  1.18633E+09 0.04649 
   24   24    1    1    1    1    1    1    1    1  1.89282E+09 0.05002 
   25   25    1    1    1    1    1    1    1    1  3.34041E+09 0.03412 
   26   26    1    1    1    1    1    1    1    1  4.88775E+09 0.01901 
   27   27    1    1    1    1    1    1    1    1  9.35923E+09 0.01874 
   28   28    1    1    1    1    1    1    1    1  2.05617E+10 0.01423 
   29   29    1    1    1    1    1    1    1    1  5.41077E+10 0.00731 
   30   30    1    1    1    1    1    1    1    1  9.93822E+10 0.00635 
   31   31    1    1    1    1    1    1    1    1  2.53405E+11 0.00464 
   32   32    1    1    1    1    1    1    1    1  7.22773E+11 0.00221 
   33   33    1    1    1    1    1    1    1    1  1.25713E+12 0.00177 
   34   34    1    1    1    1    1    1    1    1  2.89379E+12 0.00082 
   35   35    1    1    1    1    1    1    1    1  3.97013E+12 0.00110 
   36   36    1    1    1    1    1    1    1    1  4.74028E+12 0.00076 
   37   37    1    1    1    1    1    1    1    1  3.09797E+12 0.00058 
   38   38    1    1    1    1    1    1    1    1  9.29486E+11 0.00054 
   39   39    1    1    1    1    1    1    1    1  5.26491E+12 0.00048 
   40   40    1    1    1    1    1    1    1    1  7.05347E+12 0.00066 
   41   41    1    1    1    1    1    1    1    1  1.21272E+13 0.00057 
   42   42    1    1    1    1    1    1    1    1  1.19638E+13 0.00049 
   43   43    1    1    1    1    1    1    1    1  2.55686E+13 0.00039 
   44   44    1    1    1    1    1    1    1    1  3.07165E+13 0.00039 
   45   45    1    1    1    1    1    1    1    1  4.39198E+13 0.00033 
   46   46    1    1    1    1    1    1    1    1  8.70266E+13 0.00027 
   47   47    1    1    1    1    1    1    1    1  4.01530E+13 0.00021 
   48   48    1    1    1    1    1    1    1    1  6.37547E+13 0.00018 
   49   49    1    1    1    1    1    1    1    1  8.83776E+13 0.00016 
   50   50    1    1    1    1    1    1    1    1  8.60717E+13 0.00019 
   51   51    1    1    1    1    1    1    1    1  1.34240E+14 0.00016 
   52   52    1    1    1    1    1    1    1    1  1.04761E+14 0.00015 
   53   53    1    1    1    1    1    1    1    1  1.24966E+14 0.00013 
   54   54    1    1    1    1    1    1    1    1  8.61065E+13 0.00019 
   55   55    1    1    1    1    1    1    1    1  1.06066E+14 0.00018 
   56   56    1    1    1    1    1    1    1    1  7.25773E+13 0.00019 
   57   57    1    1    1    1    1    1    1    1  9.82092E+12 0.00034 
   58   58    1    1    1    1    1    1    1    1  1.43168E+14 0.00011 
   59   59    1    1    1    1    1    1    1    1  6.44119E+13 0.00016 
   60   60    1    1    1    1    1    1    1    1  6.78484E+13 0.00024 
   61   61    1    1    1    1    1    1    1    1  5.31445E+13 0.00016 
   62   62    1    1    1    1    1    1    1    1  5.30674E+13 0.00017 
   63   63    1    1    1    1    1    1    1    1  5.51060E+13 0.00023 
   64   64    1    1    1    1    1    1    1    1  4.62103E+13 0.00026 
   65   65    1    1    1    1    1    1    1    1  3.65426E+13 0.00026 
   66   66    1    1    1    1    1    1    1    1  3.60896E+13 0.00024 
   67   67    1    1    1    1    1    1    1    1  2.60591E+13 0.00033 
   68   68    1    1    1    1    1    1    1    1  2.11121E+13 0.00040 
   69   69    1    1    1    1    1    1    1    1  1.88599E+13 0.00049 
   70   70    1    1    1    1    1    1    1    1  2.26303E+13 0.00032 
   71   71    1    1    1    1    1    1    1    1  1.91741E+13 0.00035 
   72   72    1    1    1    1    1    1    1    1  3.43806E+13 0.00039 
   73   73    1    1    1    1    1    1    1    1  2.41476E+13 0.00036 
   74   74    1    1    1    1    1    1    1    1  1.81587E+13 0.00047 
   75   75    1    1    1    1    1    1    1    1  1.46820E+13 0.00045 
   76   76    1    1    1    1    1    1    1    1  1.22595E+13 0.00054 
   77   77    1    1    1    1    1    1    1    1  1.42931E+13 0.00053 
   78   78    1    1    1    1    1    1    1    1  1.13725E+13 0.00055 
   79   79    1    1    1    1    1    1    1    1  9.09708E+12 0.00062 
   80   80    1    1    1    1    1    1    1    1  9.41800E+12 0.00063 
   81   81    1    1    1    1    1    1    1    1  6.99900E+12 0.00072 
   82   82    1    1    1    1    1    1    1    1  5.41028E+12 0.00067 
   83   83    1    1    1    1    1    1    1    1  4.15900E+12 0.00106 
   84   84    1    1    1    1    1    1    1    1  3.89541E+12 0.00098 
   85   85    1    1    1    1    1    1    1    1  2.80270E+12 0.00131 
   86   86    1    1    1    1    1    1    1    1  2.02532E+12 0.00162 
   87   87    1    1    1    1    1    1    1    1  1.89874E+12 0.00125 
   88   88    1    1    1    1    1    1    1    1  1.16698E+12 0.00138 
   89   89    1    1    1    1    1    1    1    1  7.85599E+11 0.00182 
   90   90    1    1    1    1    1    1    1    1  4.52700E+11 0.00263 
   91   91    1    1    1    1    1    1    1    1  5.73101E+11 0.00359 
   92   92    1    1    1    1    1    1    1    1  0.00000E+00 0.00000 
   93   93    1    1    1    1    1    1    1    1  0.00000E+00 0.00000 
   94   94    1    1    1    1    1    1    1    1  0.00000E+00 0.00000 
   95   95    1    1    1    1    1    1    1    1  0.00000E+00 0.00000 
   96   96    1    1    1    1    1    1    1    1  0.00000E+00 0.00000 
   97   97    1    1    1    1    1    1    1    1  0.00000E+00 0.00000 
   98   98    1    1    1    1    1    1    1    1  0.00000E+00 0.00000 
   99   99    1    1    1    1    1    1    1    1  0.00000E+00 0.00000 
  100  100    1    1    1    1    1    1    1    1  0.00000E+00 0.00000 
];


