
DETdpaspec = [
    1    1    1    1    1    1    1    1    1    1  0.00000E+00 0.00000 
    2    2    1    1    1    1    1    1    1    1  0.00000E+00 0.00000 
    3    3    1    1    1    1    1    1    1    1  0.00000E+00 0.00000 
    4    4    1    1    1    1    1    1    1    1  0.00000E+00 0.00000 
    5    5    1    1    1    1    1    1    1    1  0.00000E+00 0.00000 
    6    6    1    1    1    1    1    1    1    1  0.00000E+00 0.00000 
    7    7    1    1    1    1    1    1    1    1  0.00000E+00 0.00000 
    8    8    1    1    1    1    1    1    1    1  0.00000E+00 0.00000 
    9    9    1    1    1    1    1    1    1    1  0.00000E+00 0.00000 
   10   10    1    1    1    1    1    1    1    1  0.00000E+00 0.00000 
   11   11    1    1    1    1    1    1    1    1  0.00000E+00 0.00000 
   12   12    1    1    1    1    1    1    1    1  0.00000E+00 0.00000 
   13   13    1    1    1    1    1    1    1    1  0.00000E+00 0.00000 
   14   14    1    1    1    1    1    1    1    1  0.00000E+00 0.00000 
   15   15    1    1    1    1    1    1    1    1  0.00000E+00 0.00000 
   16   16    1    1    1    1    1    1    1    1  0.00000E+00 0.00000 
   17   17    1    1    1    1    1    1    1    1  0.00000E+00 0.00000 
   18   18    1    1    1    1    1    1    1    1  0.00000E+00 0.00000 
   19   19    1    1    1    1    1    1    1    1  1.19925E+09 0.06789 
   20   20    1    1    1    1    1    1    1    1  1.70295E+08 0.12761 
   21   21    1    1    1    1    1    1    1    1  6.14429E+08 0.09975 
   22   22    1    1    1    1    1    1    1    1  5.13327E+08 0.06202 
   23   23    1    1    1    1    1    1    1    1  1.08596E+09 0.04620 
   24   24    1    1    1    1    1    1    1    1  1.75164E+09 0.03078 
   25   25    1    1    1    1    1    1    1    1  3.24040E+09 0.03187 
   26   26    1    1    1    1    1    1    1    1  4.96268E+09 0.03549 
   27   27    1    1    1    1    1    1    1    1  9.63617E+09 0.01998 
   28   28    1    1    1    1    1    1    1    1  2.16624E+10 0.01073 
   29   29    1    1    1    1    1    1    1    1  5.47979E+10 0.00858 
   30   30    1    1    1    1    1    1    1    1  1.00571E+11 0.00553 
   31   31    1    1    1    1    1    1    1    1  2.55945E+11 0.00366 
   32   32    1    1    1    1    1    1    1    1  7.28628E+11 0.00191 
   33   33    1    1    1    1    1    1    1    1  1.26301E+12 0.00221 
   34   34    1    1    1    1    1    1    1    1  2.90814E+12 0.00126 
   35   35    1    1    1    1    1    1    1    1  3.99005E+12 0.00100 
   36   36    1    1    1    1    1    1    1    1  4.75834E+12 0.00082 
   37   37    1    1    1    1    1    1    1    1  3.10766E+12 0.00069 
   38   38    1    1    1    1    1    1    1    1  9.31558E+11 0.00067 
   39   39    1    1    1    1    1    1    1    1  5.28152E+12 0.00063 
   40   40    1    1    1    1    1    1    1    1  7.07744E+12 0.00068 
   41   41    1    1    1    1    1    1    1    1  1.21640E+13 0.00058 
   42   42    1    1    1    1    1    1    1    1  1.19842E+13 0.00048 
   43   43    1    1    1    1    1    1    1    1  2.56142E+13 0.00042 
   44   44    1    1    1    1    1    1    1    1  3.07474E+13 0.00031 
   45   45    1    1    1    1    1    1    1    1  4.39816E+13 0.00026 
   46   46    1    1    1    1    1    1    1    1  8.71404E+13 0.00022 
   47   47    1    1    1    1    1    1    1    1  4.01896E+13 0.00021 
   48   48    1    1    1    1    1    1    1    1  6.37954E+13 0.00019 
   49   49    1    1    1    1    1    1    1    1  8.84071E+13 0.00017 
   50   50    1    1    1    1    1    1    1    1  8.60442E+13 0.00021 
   51   51    1    1    1    1    1    1    1    1  1.34185E+14 0.00019 
   52   52    1    1    1    1    1    1    1    1  1.04734E+14 0.00016 
   53   53    1    1    1    1    1    1    1    1  1.24969E+14 0.00014 
   54   54    1    1    1    1    1    1    1    1  8.61074E+13 0.00017 
   55   55    1    1    1    1    1    1    1    1  1.06058E+14 0.00021 
   56   56    1    1    1    1    1    1    1    1  7.25575E+13 0.00019 
   57   57    1    1    1    1    1    1    1    1  9.81776E+12 0.00037 
   58   58    1    1    1    1    1    1    1    1  1.43097E+14 0.00016 
   59   59    1    1    1    1    1    1    1    1  6.44061E+13 0.00025 
   60   60    1    1    1    1    1    1    1    1  6.78559E+13 0.00018 
   61   61    1    1    1    1    1    1    1    1  5.31500E+13 0.00025 
   62   62    1    1    1    1    1    1    1    1  5.30453E+13 0.00029 
   63   63    1    1    1    1    1    1    1    1  5.50932E+13 0.00032 
   64   64    1    1    1    1    1    1    1    1  4.62099E+13 0.00019 
   65   65    1    1    1    1    1    1    1    1  3.65360E+13 0.00028 
   66   66    1    1    1    1    1    1    1    1  3.60815E+13 0.00023 
   67   67    1    1    1    1    1    1    1    1  2.60366E+13 0.00032 
   68   68    1    1    1    1    1    1    1    1  2.11094E+13 0.00044 
   69   69    1    1    1    1    1    1    1    1  1.88642E+13 0.00044 
   70   70    1    1    1    1    1    1    1    1  2.26130E+13 0.00043 
   71   71    1    1    1    1    1    1    1    1  1.91529E+13 0.00034 
   72   72    1    1    1    1    1    1    1    1  3.43209E+13 0.00034 
   73   73    1    1    1    1    1    1    1    1  2.40905E+13 0.00032 
   74   74    1    1    1    1    1    1    1    1  1.81252E+13 0.00061 
   75   75    1    1    1    1    1    1    1    1  1.46621E+13 0.00053 
   76   76    1    1    1    1    1    1    1    1  1.22420E+13 0.00064 
   77   77    1    1    1    1    1    1    1    1  1.42550E+13 0.00061 
   78   78    1    1    1    1    1    1    1    1  1.13566E+13 0.00043 
   79   79    1    1    1    1    1    1    1    1  9.09851E+12 0.00044 
   80   80    1    1    1    1    1    1    1    1  9.42311E+12 0.00037 
   81   81    1    1    1    1    1    1    1    1  7.00974E+12 0.00064 
   82   82    1    1    1    1    1    1    1    1  5.40860E+12 0.00058 
   83   83    1    1    1    1    1    1    1    1  4.15640E+12 0.00107 
   84   84    1    1    1    1    1    1    1    1  3.89467E+12 0.00081 
   85   85    1    1    1    1    1    1    1    1  2.80302E+12 0.00093 
   86   86    1    1    1    1    1    1    1    1  2.02592E+12 0.00147 
   87   87    1    1    1    1    1    1    1    1  1.89600E+12 0.00135 
   88   88    1    1    1    1    1    1    1    1  1.16603E+12 0.00174 
   89   89    1    1    1    1    1    1    1    1  7.88472E+11 0.00206 
   90   90    1    1    1    1    1    1    1    1  4.53057E+11 0.00169 
   91   91    1    1    1    1    1    1    1    1  5.72679E+11 0.00297 
   92   92    1    1    1    1    1    1    1    1  0.00000E+00 0.00000 
   93   93    1    1    1    1    1    1    1    1  0.00000E+00 0.00000 
   94   94    1    1    1    1    1    1    1    1  0.00000E+00 0.00000 
   95   95    1    1    1    1    1    1    1    1  0.00000E+00 0.00000 
   96   96    1    1    1    1    1    1    1    1  0.00000E+00 0.00000 
   97   97    1    1    1    1    1    1    1    1  0.00000E+00 0.00000 
   98   98    1    1    1    1    1    1    1    1  0.00000E+00 0.00000 
   99   99    1    1    1    1    1    1    1    1  0.00000E+00 0.00000 
  100  100    1    1    1    1    1    1    1    1  0.00000E+00 0.00000 
];


