
DETdpaspec = [
    1    1    1    1    1    1    1    1    1    1  0.00000E+00 0.00000 
    2    2    1    1    1    1    1    1    1    1  0.00000E+00 0.00000 
    3    3    1    1    1    1    1    1    1    1  0.00000E+00 0.00000 
    4    4    1    1    1    1    1    1    1    1  0.00000E+00 0.00000 
    5    5    1    1    1    1    1    1    1    1  0.00000E+00 0.00000 
    6    6    1    1    1    1    1    1    1    1  0.00000E+00 0.00000 
    7    7    1    1    1    1    1    1    1    1  0.00000E+00 0.00000 
    8    8    1    1    1    1    1    1    1    1  0.00000E+00 0.00000 
    9    9    1    1    1    1    1    1    1    1  0.00000E+00 0.00000 
   10   10    1    1    1    1    1    1    1    1  0.00000E+00 0.00000 
   11   11    1    1    1    1    1    1    1    1  0.00000E+00 0.00000 
   12   12    1    1    1    1    1    1    1    1  0.00000E+00 0.00000 
   13   13    1    1    1    1    1    1    1    1  0.00000E+00 0.00000 
   14   14    1    1    1    1    1    1    1    1  0.00000E+00 0.00000 
   15   15    1    1    1    1    1    1    1    1  0.00000E+00 0.00000 
   16   16    1    1    1    1    1    1    1    1  0.00000E+00 0.00000 
   17   17    1    1    1    1    1    1    1    1  0.00000E+00 0.00000 
   18   18    1    1    1    1    1    1    1    1  0.00000E+00 0.00000 
   19   19    1    1    1    1    1    1    1    1  1.69699E+09 0.04944 
   20   20    1    1    1    1    1    1    1    1  2.61413E+08 0.06121 
   21   21    1    1    1    1    1    1    1    1  1.05788E+09 0.06435 
   22   22    1    1    1    1    1    1    1    1  7.42127E+08 0.06008 
   23   23    1    1    1    1    1    1    1    1  1.80799E+09 0.03532 
   24   24    1    1    1    1    1    1    1    1  2.58710E+09 0.02644 
   25   25    1    1    1    1    1    1    1    1  4.10022E+09 0.02119 
   26   26    1    1    1    1    1    1    1    1  5.17329E+09 0.01801 
   27   27    1    1    1    1    1    1    1    1  8.71815E+09 0.01570 
   28   28    1    1    1    1    1    1    1    1  1.56936E+10 0.01312 
   29   29    1    1    1    1    1    1    1    1  3.38300E+10 0.00811 
   30   30    1    1    1    1    1    1    1    1  5.40532E+10 0.00732 
   31   31    1    1    1    1    1    1    1    1  1.58569E+11 0.00376 
   32   32    1    1    1    1    1    1    1    1  4.96436E+11 0.00336 
   33   33    1    1    1    1    1    1    1    1  9.25814E+11 0.00243 
   34   34    1    1    1    1    1    1    1    1  2.17416E+12 0.00124 
   35   35    1    1    1    1    1    1    1    1  3.01387E+12 0.00091 
   36   36    1    1    1    1    1    1    1    1  4.06891E+12 0.00076 
   37   37    1    1    1    1    1    1    1    1  2.81695E+12 0.00085 
   38   38    1    1    1    1    1    1    1    1  8.72916E+11 0.00089 
   39   39    1    1    1    1    1    1    1    1  4.83627E+12 0.00067 
   40   40    1    1    1    1    1    1    1    1  6.50277E+12 0.00064 
   41   41    1    1    1    1    1    1    1    1  1.11477E+13 0.00050 
   42   42    1    1    1    1    1    1    1    1  1.13365E+13 0.00048 
   43   43    1    1    1    1    1    1    1    1  2.38803E+13 0.00031 
   44   44    1    1    1    1    1    1    1    1  2.88176E+13 0.00025 
   45   45    1    1    1    1    1    1    1    1  4.14592E+13 0.00029 
   46   46    1    1    1    1    1    1    1    1  8.19970E+13 0.00027 
   47   47    1    1    1    1    1    1    1    1  3.87694E+13 0.00025 
   48   48    1    1    1    1    1    1    1    1  6.23106E+13 0.00024 
   49   49    1    1    1    1    1    1    1    1  8.70410E+13 0.00021 
   50   50    1    1    1    1    1    1    1    1  8.57724E+13 0.00022 
   51   51    1    1    1    1    1    1    1    1  1.33163E+14 0.00015 
   52   52    1    1    1    1    1    1    1    1  1.06459E+14 0.00013 
   53   53    1    1    1    1    1    1    1    1  1.25557E+14 0.00016 
   54   54    1    1    1    1    1    1    1    1  8.75828E+13 0.00018 
   55   55    1    1    1    1    1    1    1    1  1.06484E+14 0.00017 
   56   56    1    1    1    1    1    1    1    1  7.35057E+13 0.00021 
   57   57    1    1    1    1    1    1    1    1  1.00209E+13 0.00041 
   58   58    1    1    1    1    1    1    1    1  1.45839E+14 0.00017 
   59   59    1    1    1    1    1    1    1    1  6.44357E+13 0.00018 
   60   60    1    1    1    1    1    1    1    1  6.87006E+13 0.00018 
   61   61    1    1    1    1    1    1    1    1  5.31884E+13 0.00023 
   62   62    1    1    1    1    1    1    1    1  5.34346E+13 0.00025 
   63   63    1    1    1    1    1    1    1    1  5.54532E+13 0.00029 
   64   64    1    1    1    1    1    1    1    1  4.65684E+13 0.00027 
   65   65    1    1    1    1    1    1    1    1  3.70112E+13 0.00031 
   66   66    1    1    1    1    1    1    1    1  3.66663E+13 0.00028 
   67   67    1    1    1    1    1    1    1    1  2.65897E+13 0.00032 
   68   68    1    1    1    1    1    1    1    1  2.17140E+13 0.00029 
   69   69    1    1    1    1    1    1    1    1  1.94950E+13 0.00034 
   70   70    1    1    1    1    1    1    1    1  2.34374E+13 0.00030 
   71   71    1    1    1    1    1    1    1    1  1.99696E+13 0.00049 
   72   72    1    1    1    1    1    1    1    1  3.65192E+13 0.00033 
   73   73    1    1    1    1    1    1    1    1  2.59068E+13 0.00045 
   74   74    1    1    1    1    1    1    1    1  1.95281E+13 0.00054 
   75   75    1    1    1    1    1    1    1    1  1.56364E+13 0.00060 
   76   76    1    1    1    1    1    1    1    1  1.29052E+13 0.00035 
   77   77    1    1    1    1    1    1    1    1  1.48781E+13 0.00049 
   78   78    1    1    1    1    1    1    1    1  1.16984E+13 0.00050 
   79   79    1    1    1    1    1    1    1    1  9.27443E+12 0.00050 
   80   80    1    1    1    1    1    1    1    1  9.54681E+12 0.00055 
   81   81    1    1    1    1    1    1    1    1  7.06793E+12 0.00087 
   82   82    1    1    1    1    1    1    1    1  5.43980E+12 0.00069 
   83   83    1    1    1    1    1    1    1    1  4.17087E+12 0.00061 
   84   84    1    1    1    1    1    1    1    1  3.90120E+12 0.00075 
   85   85    1    1    1    1    1    1    1    1  2.80459E+12 0.00108 
   86   86    1    1    1    1    1    1    1    1  2.02191E+12 0.00128 
   87   87    1    1    1    1    1    1    1    1  1.89094E+12 0.00142 
   88   88    1    1    1    1    1    1    1    1  1.16949E+12 0.00169 
   89   89    1    1    1    1    1    1    1    1  7.92263E+11 0.00248 
   90   90    1    1    1    1    1    1    1    1  4.59362E+11 0.00305 
   91   91    1    1    1    1    1    1    1    1  5.84254E+11 0.00284 
   92   92    1    1    1    1    1    1    1    1  0.00000E+00 0.00000 
   93   93    1    1    1    1    1    1    1    1  0.00000E+00 0.00000 
   94   94    1    1    1    1    1    1    1    1  0.00000E+00 0.00000 
   95   95    1    1    1    1    1    1    1    1  0.00000E+00 0.00000 
   96   96    1    1    1    1    1    1    1    1  0.00000E+00 0.00000 
   97   97    1    1    1    1    1    1    1    1  0.00000E+00 0.00000 
   98   98    1    1    1    1    1    1    1    1  0.00000E+00 0.00000 
   99   99    1    1    1    1    1    1    1    1  0.00000E+00 0.00000 
  100  100    1    1    1    1    1    1    1    1  0.00000E+00 0.00000 
];


