
DETdpaspec = [
    1    1    1    1    1    1    1    1    1    1  0.00000E+00 0.00000 
    2    2    1    1    1    1    1    1    1    1  0.00000E+00 0.00000 
    3    3    1    1    1    1    1    1    1    1  0.00000E+00 0.00000 
    4    4    1    1    1    1    1    1    1    1  0.00000E+00 0.00000 
    5    5    1    1    1    1    1    1    1    1  0.00000E+00 0.00000 
    6    6    1    1    1    1    1    1    1    1  0.00000E+00 0.00000 
    7    7    1    1    1    1    1    1    1    1  0.00000E+00 0.00000 
    8    8    1    1    1    1    1    1    1    1  0.00000E+00 0.00000 
    9    9    1    1    1    1    1    1    1    1  0.00000E+00 0.00000 
   10   10    1    1    1    1    1    1    1    1  0.00000E+00 0.00000 
   11   11    1    1    1    1    1    1    1    1  0.00000E+00 0.00000 
   12   12    1    1    1    1    1    1    1    1  0.00000E+00 0.00000 
   13   13    1    1    1    1    1    1    1    1  0.00000E+00 0.00000 
   14   14    1    1    1    1    1    1    1    1  0.00000E+00 0.00000 
   15   15    1    1    1    1    1    1    1    1  0.00000E+00 0.00000 
   16   16    1    1    1    1    1    1    1    1  0.00000E+00 0.00000 
   17   17    1    1    1    1    1    1    1    1  0.00000E+00 0.00000 
   18   18    1    1    1    1    1    1    1    1  0.00000E+00 0.00000 
   19   19    1    1    1    1    1    1    1    1  3.02735E+09 0.03502 
   20   20    1    1    1    1    1    1    1    1  7.40269E+08 0.03741 
   21   21    1    1    1    1    1    1    1    1  2.33732E+09 0.02547 
   22   22    1    1    1    1    1    1    1    1  1.76665E+09 0.01962 
   23   23    1    1    1    1    1    1    1    1  5.17516E+09 0.01930 
   24   24    1    1    1    1    1    1    1    1  6.43844E+09 0.01935 
   25   25    1    1    1    1    1    1    1    1  9.98974E+09 0.01130 
   26   26    1    1    1    1    1    1    1    1  1.26432E+10 0.01274 
   27   27    1    1    1    1    1    1    1    1  2.04939E+10 0.01584 
   28   28    1    1    1    1    1    1    1    1  3.86810E+10 0.01047 
   29   29    1    1    1    1    1    1    1    1  6.36541E+10 0.00514 
   30   30    1    1    1    1    1    1    1    1  8.36528E+10 0.00577 
   31   31    1    1    1    1    1    1    1    1  2.72621E+11 0.00318 
   32   32    1    1    1    1    1    1    1    1  7.73991E+11 0.00226 
   33   33    1    1    1    1    1    1    1    1  1.37053E+12 0.00125 
   34   34    1    1    1    1    1    1    1    1  2.83874E+12 0.00108 
   35   35    1    1    1    1    1    1    1    1  3.57241E+12 0.00083 
   36   36    1    1    1    1    1    1    1    1  5.30599E+12 0.00064 
   37   37    1    1    1    1    1    1    1    1  3.75666E+12 0.00050 
   38   38    1    1    1    1    1    1    1    1  1.20694E+12 0.00054 
   39   39    1    1    1    1    1    1    1    1  6.28403E+12 0.00045 
   40   40    1    1    1    1    1    1    1    1  8.27952E+12 0.00053 
   41   41    1    1    1    1    1    1    1    1  1.34726E+13 0.00043 
   42   42    1    1    1    1    1    1    1    1  1.40837E+13 0.00036 
   43   43    1    1    1    1    1    1    1    1  2.78423E+13 0.00025 
   44   44    1    1    1    1    1    1    1    1  3.27217E+13 0.00024 
   45   45    1    1    1    1    1    1    1    1  4.57373E+13 0.00019 
   46   46    1    1    1    1    1    1    1    1  8.55272E+13 0.00020 
   47   47    1    1    1    1    1    1    1    1  4.08957E+13 0.00021 
   48   48    1    1    1    1    1    1    1    1  6.59546E+13 0.00027 
   49   49    1    1    1    1    1    1    1    1  9.09091E+13 0.00024 
   50   50    1    1    1    1    1    1    1    1  8.98202E+13 0.00018 
   51   51    1    1    1    1    1    1    1    1  1.35294E+14 0.00011 
   52   52    1    1    1    1    1    1    1    1  1.10817E+14 0.00013 
   53   53    1    1    1    1    1    1    1    1  1.25646E+14 0.00020 
   54   54    1    1    1    1    1    1    1    1  8.86820E+13 0.00017 
   55   55    1    1    1    1    1    1    1    1  1.04037E+14 0.00017 
   56   56    1    1    1    1    1    1    1    1  7.27658E+13 0.00016 
   57   57    1    1    1    1    1    1    1    1  1.00490E+13 0.00032 
   58   58    1    1    1    1    1    1    1    1  1.44539E+14 0.00014 
   59   59    1    1    1    1    1    1    1    1  6.12283E+13 0.00021 
   60   60    1    1    1    1    1    1    1    1  6.60785E+13 0.00022 
   61   61    1    1    1    1    1    1    1    1  4.97741E+13 0.00015 
   62   62    1    1    1    1    1    1    1    1  5.03927E+13 0.00031 
   63   63    1    1    1    1    1    1    1    1  5.18310E+13 0.00025 
   64   64    1    1    1    1    1    1    1    1  4.31193E+13 0.00024 
   65   65    1    1    1    1    1    1    1    1  3.43466E+13 0.00029 
   66   66    1    1    1    1    1    1    1    1  3.39743E+13 0.00034 
   67   67    1    1    1    1    1    1    1    1  2.47115E+13 0.00032 
   68   68    1    1    1    1    1    1    1    1  2.03867E+13 0.00043 
   69   69    1    1    1    1    1    1    1    1  1.83677E+13 0.00037 
   70   70    1    1    1    1    1    1    1    1  2.20862E+13 0.00035 
   71   71    1    1    1    1    1    1    1    1  1.89138E+13 0.00041 
   72   72    1    1    1    1    1    1    1    1  3.56509E+13 0.00032 
   73   73    1    1    1    1    1    1    1    1  2.54999E+13 0.00036 
   74   74    1    1    1    1    1    1    1    1  1.90621E+13 0.00037 
   75   75    1    1    1    1    1    1    1    1  1.48716E+13 0.00044 
   76   76    1    1    1    1    1    1    1    1  1.19525E+13 0.00050 
   77   77    1    1    1    1    1    1    1    1  1.34778E+13 0.00062 
   78   78    1    1    1    1    1    1    1    1  1.02972E+13 0.00064 
   79   79    1    1    1    1    1    1    1    1  7.99762E+12 0.00063 
   80   80    1    1    1    1    1    1    1    1  8.09974E+12 0.00050 
   81   81    1    1    1    1    1    1    1    1  5.92985E+12 0.00051 
   82   82    1    1    1    1    1    1    1    1  4.52138E+12 0.00092 
   83   83    1    1    1    1    1    1    1    1  3.45828E+12 0.00084 
   84   84    1    1    1    1    1    1    1    1  3.23030E+12 0.00073 
   85   85    1    1    1    1    1    1    1    1  2.32061E+12 0.00096 
   86   86    1    1    1    1    1    1    1    1  1.66884E+12 0.00100 
   87   87    1    1    1    1    1    1    1    1  1.55793E+12 0.00162 
   88   88    1    1    1    1    1    1    1    1  9.64380E+11 0.00140 
   89   89    1    1    1    1    1    1    1    1  6.52928E+11 0.00216 
   90   90    1    1    1    1    1    1    1    1  3.78908E+11 0.00219 
   91   91    1    1    1    1    1    1    1    1  4.91461E+11 0.00237 
   92   92    1    1    1    1    1    1    1    1  0.00000E+00 0.00000 
   93   93    1    1    1    1    1    1    1    1  0.00000E+00 0.00000 
   94   94    1    1    1    1    1    1    1    1  0.00000E+00 0.00000 
   95   95    1    1    1    1    1    1    1    1  0.00000E+00 0.00000 
   96   96    1    1    1    1    1    1    1    1  0.00000E+00 0.00000 
   97   97    1    1    1    1    1    1    1    1  0.00000E+00 0.00000 
   98   98    1    1    1    1    1    1    1    1  0.00000E+00 0.00000 
   99   99    1    1    1    1    1    1    1    1  0.00000E+00 0.00000 
  100  100    1    1    1    1    1    1    1    1  0.00000E+00 0.00000 
];


