
DETdpaspec = [
    1    1    1    1    1    1    1    1    1    1  0.00000E+00 0.00000 
    2    2    1    1    1    1    1    1    1    1  0.00000E+00 0.00000 
    3    3    1    1    1    1    1    1    1    1  0.00000E+00 0.00000 
    4    4    1    1    1    1    1    1    1    1  0.00000E+00 0.00000 
    5    5    1    1    1    1    1    1    1    1  0.00000E+00 0.00000 
    6    6    1    1    1    1    1    1    1    1  0.00000E+00 0.00000 
    7    7    1    1    1    1    1    1    1    1  0.00000E+00 0.00000 
    8    8    1    1    1    1    1    1    1    1  0.00000E+00 0.00000 
    9    9    1    1    1    1    1    1    1    1  0.00000E+00 0.00000 
   10   10    1    1    1    1    1    1    1    1  0.00000E+00 0.00000 
   11   11    1    1    1    1    1    1    1    1  0.00000E+00 0.00000 
   12   12    1    1    1    1    1    1    1    1  0.00000E+00 0.00000 
   13   13    1    1    1    1    1    1    1    1  0.00000E+00 0.00000 
   14   14    1    1    1    1    1    1    1    1  0.00000E+00 0.00000 
   15   15    1    1    1    1    1    1    1    1  0.00000E+00 0.00000 
   16   16    1    1    1    1    1    1    1    1  0.00000E+00 0.00000 
   17   17    1    1    1    1    1    1    1    1  0.00000E+00 0.00000 
   18   18    1    1    1    1    1    1    1    1  0.00000E+00 0.00000 
   19   19    1    1    1    1    1    1    1    1  2.46996E+09 0.03150 
   20   20    1    1    1    1    1    1    1    1  4.98799E+08 0.05141 
   21   21    1    1    1    1    1    1    1    1  1.71649E+09 0.03313 
   22   22    1    1    1    1    1    1    1    1  1.15269E+09 0.03763 
   23   23    1    1    1    1    1    1    1    1  3.27727E+09 0.02624 
   24   24    1    1    1    1    1    1    1    1  4.64791E+09 0.02542 
   25   25    1    1    1    1    1    1    1    1  7.17691E+09 0.01330 
   26   26    1    1    1    1    1    1    1    1  8.98817E+09 0.01992 
   27   27    1    1    1    1    1    1    1    1  1.43188E+10 0.01496 
   28   28    1    1    1    1    1    1    1    1  2.58339E+10 0.01169 
   29   29    1    1    1    1    1    1    1    1  4.65948E+10 0.00636 
   30   30    1    1    1    1    1    1    1    1  6.49348E+10 0.00607 
   31   31    1    1    1    1    1    1    1    1  2.04098E+11 0.00223 
   32   32    1    1    1    1    1    1    1    1  6.05988E+11 0.00208 
   33   33    1    1    1    1    1    1    1    1  1.10918E+12 0.00138 
   34   34    1    1    1    1    1    1    1    1  2.42345E+12 0.00095 
   35   35    1    1    1    1    1    1    1    1  3.17220E+12 0.00083 
   36   36    1    1    1    1    1    1    1    1  4.61586E+12 0.00082 
   37   37    1    1    1    1    1    1    1    1  3.27358E+12 0.00072 
   38   38    1    1    1    1    1    1    1    1  1.04122E+12 0.00050 
   39   39    1    1    1    1    1    1    1    1  5.54850E+12 0.00058 
   40   40    1    1    1    1    1    1    1    1  7.37923E+12 0.00056 
   41   41    1    1    1    1    1    1    1    1  1.22844E+13 0.00039 
   42   42    1    1    1    1    1    1    1    1  1.27650E+13 0.00033 
   43   43    1    1    1    1    1    1    1    1  2.58844E+13 0.00030 
   44   44    1    1    1    1    1    1    1    1  3.07918E+13 0.00028 
   45   45    1    1    1    1    1    1    1    1  4.36141E+13 0.00026 
   46   46    1    1    1    1    1    1    1    1  8.35263E+13 0.00029 
   47   47    1    1    1    1    1    1    1    1  3.99143E+13 0.00019 
   48   48    1    1    1    1    1    1    1    1  6.44142E+13 0.00015 
   49   49    1    1    1    1    1    1    1    1  8.93744E+13 0.00014 
   50   50    1    1    1    1    1    1    1    1  8.83674E+13 0.00017 
   51   51    1    1    1    1    1    1    1    1  1.34612E+14 0.00014 
   52   52    1    1    1    1    1    1    1    1  1.09513E+14 0.00019 
   53   53    1    1    1    1    1    1    1    1  1.25940E+14 0.00014 
   54   54    1    1    1    1    1    1    1    1  8.85384E+13 0.00010 
   55   55    1    1    1    1    1    1    1    1  1.05161E+14 0.00013 
   56   56    1    1    1    1    1    1    1    1  7.31671E+13 0.00015 
   57   57    1    1    1    1    1    1    1    1  1.00633E+13 0.00036 
   58   58    1    1    1    1    1    1    1    1  1.45416E+14 0.00017 
   59   59    1    1    1    1    1    1    1    1  6.24854E+13 0.00023 
   60   60    1    1    1    1    1    1    1    1  6.72194E+13 0.00025 
   61   61    1    1    1    1    1    1    1    1  5.11060E+13 0.00020 
   62   62    1    1    1    1    1    1    1    1  5.16135E+13 0.00024 
   63   63    1    1    1    1    1    1    1    1  5.32820E+13 0.00024 
   64   64    1    1    1    1    1    1    1    1  4.45108E+13 0.00035 
   65   65    1    1    1    1    1    1    1    1  3.54450E+13 0.00037 
   66   66    1    1    1    1    1    1    1    1  3.51125E+13 0.00030 
   67   67    1    1    1    1    1    1    1    1  2.55318E+13 0.00029 
   68   68    1    1    1    1    1    1    1    1  2.09943E+13 0.00038 
   69   69    1    1    1    1    1    1    1    1  1.88929E+13 0.00042 
   70   70    1    1    1    1    1    1    1    1  2.27320E+13 0.00038 
   71   71    1    1    1    1    1    1    1    1  1.94311E+13 0.00042 
   72   72    1    1    1    1    1    1    1    1  3.63100E+13 0.00023 
   73   73    1    1    1    1    1    1    1    1  2.58984E+13 0.00031 
   74   74    1    1    1    1    1    1    1    1  1.94477E+13 0.00030 
   75   75    1    1    1    1    1    1    1    1  1.53219E+13 0.00045 
   76   76    1    1    1    1    1    1    1    1  1.24203E+13 0.00045 
   77   77    1    1    1    1    1    1    1    1  1.40911E+13 0.00042 
   78   78    1    1    1    1    1    1    1    1  1.08966E+13 0.00058 
   79   79    1    1    1    1    1    1    1    1  8.51440E+12 0.00065 
   80   80    1    1    1    1    1    1    1    1  8.67598E+12 0.00057 
   81   81    1    1    1    1    1    1    1    1  6.37714E+12 0.00059 
   82   82    1    1    1    1    1    1    1    1  4.87835E+12 0.00058 
   83   83    1    1    1    1    1    1    1    1  3.73885E+12 0.00100 
   84   84    1    1    1    1    1    1    1    1  3.48427E+12 0.00103 
   85   85    1    1    1    1    1    1    1    1  2.50689E+12 0.00099 
   86   86    1    1    1    1    1    1    1    1  1.80299E+12 0.00121 
   87   87    1    1    1    1    1    1    1    1  1.68372E+12 0.00118 
   88   88    1    1    1    1    1    1    1    1  1.04443E+12 0.00159 
   89   89    1    1    1    1    1    1    1    1  7.08285E+11 0.00176 
   90   90    1    1    1    1    1    1    1    1  4.11673E+11 0.00251 
   91   91    1    1    1    1    1    1    1    1  5.27694E+11 0.00198 
   92   92    1    1    1    1    1    1    1    1  0.00000E+00 0.00000 
   93   93    1    1    1    1    1    1    1    1  0.00000E+00 0.00000 
   94   94    1    1    1    1    1    1    1    1  0.00000E+00 0.00000 
   95   95    1    1    1    1    1    1    1    1  0.00000E+00 0.00000 
   96   96    1    1    1    1    1    1    1    1  0.00000E+00 0.00000 
   97   97    1    1    1    1    1    1    1    1  0.00000E+00 0.00000 
   98   98    1    1    1    1    1    1    1    1  0.00000E+00 0.00000 
   99   99    1    1    1    1    1    1    1    1  0.00000E+00 0.00000 
  100  100    1    1    1    1    1    1    1    1  0.00000E+00 0.00000 
];


