
DETdpaspec = [
    1    1    1    1    1    1    1    1    1    1  0.00000E+00 0.00000 
    2    2    1    1    1    1    1    1    1    1  0.00000E+00 0.00000 
    3    3    1    1    1    1    1    1    1    1  0.00000E+00 0.00000 
    4    4    1    1    1    1    1    1    1    1  0.00000E+00 0.00000 
    5    5    1    1    1    1    1    1    1    1  0.00000E+00 0.00000 
    6    6    1    1    1    1    1    1    1    1  0.00000E+00 0.00000 
    7    7    1    1    1    1    1    1    1    1  0.00000E+00 0.00000 
    8    8    1    1    1    1    1    1    1    1  0.00000E+00 0.00000 
    9    9    1    1    1    1    1    1    1    1  0.00000E+00 0.00000 
   10   10    1    1    1    1    1    1    1    1  0.00000E+00 0.00000 
   11   11    1    1    1    1    1    1    1    1  0.00000E+00 0.00000 
   12   12    1    1    1    1    1    1    1    1  0.00000E+00 0.00000 
   13   13    1    1    1    1    1    1    1    1  0.00000E+00 0.00000 
   14   14    1    1    1    1    1    1    1    1  0.00000E+00 0.00000 
   15   15    1    1    1    1    1    1    1    1  0.00000E+00 0.00000 
   16   16    1    1    1    1    1    1    1    1  0.00000E+00 0.00000 
   17   17    1    1    1    1    1    1    1    1  0.00000E+00 0.00000 
   18   18    1    1    1    1    1    1    1    1  0.00000E+00 0.00000 
   19   19    1    1    1    1    1    1    1    1  9.18368E+08 0.12841 
   20   20    1    1    1    1    1    1    1    1  1.59504E+08 0.11651 
   21   21    1    1    1    1    1    1    1    1  5.29814E+08 0.08800 
   22   22    1    1    1    1    1    1    1    1  4.61897E+08 0.08879 
   23   23    1    1    1    1    1    1    1    1  9.96498E+08 0.08294 
   24   24    1    1    1    1    1    1    1    1  1.81584E+09 0.02784 
   25   25    1    1    1    1    1    1    1    1  3.59005E+09 0.02156 
   26   26    1    1    1    1    1    1    1    1  5.62484E+09 0.02217 
   27   27    1    1    1    1    1    1    1    1  1.18053E+10 0.01568 
   28   28    1    1    1    1    1    1    1    1  2.78641E+10 0.00927 
   29   29    1    1    1    1    1    1    1    1  7.14874E+10 0.00789 
   30   30    1    1    1    1    1    1    1    1  1.31832E+11 0.00620 
   31   31    1    1    1    1    1    1    1    1  3.18275E+11 0.00404 
   32   32    1    1    1    1    1    1    1    1  8.65654E+11 0.00284 
   33   33    1    1    1    1    1    1    1    1  1.45989E+12 0.00212 
   34   34    1    1    1    1    1    1    1    1  3.28259E+12 0.00136 
   35   35    1    1    1    1    1    1    1    1  4.43625E+12 0.00087 
   36   36    1    1    1    1    1    1    1    1  5.13147E+12 0.00080 
   37   37    1    1    1    1    1    1    1    1  3.29386E+12 0.00058 
   38   38    1    1    1    1    1    1    1    1  9.81253E+11 0.00062 
   39   39    1    1    1    1    1    1    1    1  5.56790E+12 0.00051 
   40   40    1    1    1    1    1    1    1    1  7.44066E+12 0.00051 
   41   41    1    1    1    1    1    1    1    1  1.27621E+13 0.00036 
   42   42    1    1    1    1    1    1    1    1  1.24806E+13 0.00034 
   43   43    1    1    1    1    1    1    1    1  2.66597E+13 0.00035 
   44   44    1    1    1    1    1    1    1    1  3.18851E+13 0.00030 
   45   45    1    1    1    1    1    1    1    1  4.53860E+13 0.00029 
   46   46    1    1    1    1    1    1    1    1  8.94952E+13 0.00022 
   47   47    1    1    1    1    1    1    1    1  4.09533E+13 0.00020 
   48   48    1    1    1    1    1    1    1    1  6.47819E+13 0.00018 
   49   49    1    1    1    1    1    1    1    1  8.94292E+13 0.00013 
   50   50    1    1    1    1    1    1    1    1  8.67320E+13 0.00015 
   51   51    1    1    1    1    1    1    1    1  1.34955E+14 0.00014 
   52   52    1    1    1    1    1    1    1    1  1.04645E+14 0.00010 
   53   53    1    1    1    1    1    1    1    1  1.24896E+14 0.00016 
   54   54    1    1    1    1    1    1    1    1  8.57117E+13 0.00019 
   55   55    1    1    1    1    1    1    1    1  1.05633E+14 0.00016 
   56   56    1    1    1    1    1    1    1    1  7.20942E+13 0.00016 
   57   57    1    1    1    1    1    1    1    1  9.73695E+12 0.00041 
   58   58    1    1    1    1    1    1    1    1  1.41894E+14 0.00017 
   59   59    1    1    1    1    1    1    1    1  6.39558E+13 0.00025 
   60   60    1    1    1    1    1    1    1    1  6.71852E+13 0.00019 
   61   61    1    1    1    1    1    1    1    1  5.26553E+13 0.00024 
   62   62    1    1    1    1    1    1    1    1  5.24771E+13 0.00021 
   63   63    1    1    1    1    1    1    1    1  5.44858E+13 0.00019 
   64   64    1    1    1    1    1    1    1    1  4.56530E+13 0.00020 
   65   65    1    1    1    1    1    1    1    1  3.60415E+13 0.00031 
   66   66    1    1    1    1    1    1    1    1  3.55345E+13 0.00041 
   67   67    1    1    1    1    1    1    1    1  2.55901E+13 0.00035 
   68   68    1    1    1    1    1    1    1    1  2.07255E+13 0.00028 
   69   69    1    1    1    1    1    1    1    1  1.84972E+13 0.00038 
   70   70    1    1    1    1    1    1    1    1  2.21487E+13 0.00043 
   71   71    1    1    1    1    1    1    1    1  1.87348E+13 0.00044 
   72   72    1    1    1    1    1    1    1    1  3.34293E+13 0.00039 
   73   73    1    1    1    1    1    1    1    1  2.34189E+13 0.00039 
   74   74    1    1    1    1    1    1    1    1  1.76155E+13 0.00039 
   75   75    1    1    1    1    1    1    1    1  1.42398E+13 0.00046 
   76   76    1    1    1    1    1    1    1    1  1.19160E+13 0.00044 
   77   77    1    1    1    1    1    1    1    1  1.38997E+13 0.00042 
   78   78    1    1    1    1    1    1    1    1  1.10758E+13 0.00063 
   79   79    1    1    1    1    1    1    1    1  8.87530E+12 0.00066 
   80   80    1    1    1    1    1    1    1    1  9.21790E+12 0.00061 
   81   81    1    1    1    1    1    1    1    1  6.83397E+12 0.00048 
   82   82    1    1    1    1    1    1    1    1  5.27946E+12 0.00078 
   83   83    1    1    1    1    1    1    1    1  4.06831E+12 0.00087 
   84   84    1    1    1    1    1    1    1    1  3.79968E+12 0.00076 
   85   85    1    1    1    1    1    1    1    1  2.74420E+12 0.00111 
   86   86    1    1    1    1    1    1    1    1  1.98155E+12 0.00127 
   87   87    1    1    1    1    1    1    1    1  1.85803E+12 0.00125 
   88   88    1    1    1    1    1    1    1    1  1.13432E+12 0.00237 
   89   89    1    1    1    1    1    1    1    1  7.65643E+11 0.00239 
   90   90    1    1    1    1    1    1    1    1  4.42178E+11 0.00351 
   91   91    1    1    1    1    1    1    1    1  5.54669E+11 0.00252 
   92   92    1    1    1    1    1    1    1    1  0.00000E+00 0.00000 
   93   93    1    1    1    1    1    1    1    1  0.00000E+00 0.00000 
   94   94    1    1    1    1    1    1    1    1  0.00000E+00 0.00000 
   95   95    1    1    1    1    1    1    1    1  0.00000E+00 0.00000 
   96   96    1    1    1    1    1    1    1    1  0.00000E+00 0.00000 
   97   97    1    1    1    1    1    1    1    1  0.00000E+00 0.00000 
   98   98    1    1    1    1    1    1    1    1  0.00000E+00 0.00000 
   99   99    1    1    1    1    1    1    1    1  0.00000E+00 0.00000 
  100  100    1    1    1    1    1    1    1    1  0.00000E+00 0.00000 
];


