
DETdpaspec = [
    1    1    1    1    1    1    1    1    1    1  0.00000E+00 0.00000 
    2    2    1    1    1    1    1    1    1    1  0.00000E+00 0.00000 
    3    3    1    1    1    1    1    1    1    1  0.00000E+00 0.00000 
    4    4    1    1    1    1    1    1    1    1  0.00000E+00 0.00000 
    5    5    1    1    1    1    1    1    1    1  0.00000E+00 0.00000 
    6    6    1    1    1    1    1    1    1    1  0.00000E+00 0.00000 
    7    7    1    1    1    1    1    1    1    1  0.00000E+00 0.00000 
    8    8    1    1    1    1    1    1    1    1  0.00000E+00 0.00000 
    9    9    1    1    1    1    1    1    1    1  0.00000E+00 0.00000 
   10   10    1    1    1    1    1    1    1    1  0.00000E+00 0.00000 
   11   11    1    1    1    1    1    1    1    1  0.00000E+00 0.00000 
   12   12    1    1    1    1    1    1    1    1  0.00000E+00 0.00000 
   13   13    1    1    1    1    1    1    1    1  0.00000E+00 0.00000 
   14   14    1    1    1    1    1    1    1    1  0.00000E+00 0.00000 
   15   15    1    1    1    1    1    1    1    1  0.00000E+00 0.00000 
   16   16    1    1    1    1    1    1    1    1  0.00000E+00 0.00000 
   17   17    1    1    1    1    1    1    1    1  0.00000E+00 0.00000 
   18   18    1    1    1    1    1    1    1    1  0.00000E+00 0.00000 
   19   19    1    1    1    1    1    1    1    1  1.40765E+09 0.07264 
   20   20    1    1    1    1    1    1    1    1  2.14992E+08 0.10579 
   21   21    1    1    1    1    1    1    1    1  5.71969E+08 0.07222 
   22   22    1    1    1    1    1    1    1    1  4.90229E+08 0.05332 
   23   23    1    1    1    1    1    1    1    1  1.01093E+09 0.05054 
   24   24    1    1    1    1    1    1    1    1  1.90559E+09 0.03922 
   25   25    1    1    1    1    1    1    1    1  3.39972E+09 0.02644 
   26   26    1    1    1    1    1    1    1    1  4.99156E+09 0.01610 
   27   27    1    1    1    1    1    1    1    1  9.93713E+09 0.01631 
   28   28    1    1    1    1    1    1    1    1  2.25935E+10 0.00982 
   29   29    1    1    1    1    1    1    1    1  5.78775E+10 0.00879 
   30   30    1    1    1    1    1    1    1    1  1.06553E+11 0.00623 
   31   31    1    1    1    1    1    1    1    1  2.67696E+11 0.00445 
   32   32    1    1    1    1    1    1    1    1  7.57598E+11 0.00296 
   33   33    1    1    1    1    1    1    1    1  1.31129E+12 0.00196 
   34   34    1    1    1    1    1    1    1    1  2.99319E+12 0.00122 
   35   35    1    1    1    1    1    1    1    1  4.09104E+12 0.00130 
   36   36    1    1    1    1    1    1    1    1  4.83898E+12 0.00097 
   37   37    1    1    1    1    1    1    1    1  3.14590E+12 0.00082 
   38   38    1    1    1    1    1    1    1    1  9.42226E+11 0.00085 
   39   39    1    1    1    1    1    1    1    1  5.34227E+12 0.00072 
   40   40    1    1    1    1    1    1    1    1  7.15140E+12 0.00073 
   41   41    1    1    1    1    1    1    1    1  1.22955E+13 0.00052 
   42   42    1    1    1    1    1    1    1    1  1.20997E+13 0.00045 
   43   43    1    1    1    1    1    1    1    1  2.58548E+13 0.00040 
   44   44    1    1    1    1    1    1    1    1  3.10255E+13 0.00036 
   45   45    1    1    1    1    1    1    1    1  4.43139E+13 0.00034 
   46   46    1    1    1    1    1    1    1    1  8.76753E+13 0.00024 
   47   47    1    1    1    1    1    1    1    1  4.03536E+13 0.00016 
   48   48    1    1    1    1    1    1    1    1  6.40031E+13 0.00021 
   49   49    1    1    1    1    1    1    1    1  8.86565E+13 0.00020 
   50   50    1    1    1    1    1    1    1    1  8.62356E+13 0.00021 
   51   51    1    1    1    1    1    1    1    1  1.34386E+14 0.00015 
   52   52    1    1    1    1    1    1    1    1  1.04690E+14 0.00014 
   53   53    1    1    1    1    1    1    1    1  1.24943E+14 0.00015 
   54   54    1    1    1    1    1    1    1    1  8.59868E+13 0.00018 
   55   55    1    1    1    1    1    1    1    1  1.05929E+14 0.00017 
   56   56    1    1    1    1    1    1    1    1  7.24705E+13 0.00017 
   57   57    1    1    1    1    1    1    1    1  9.79497E+12 0.00037 
   58   58    1    1    1    1    1    1    1    1  1.42844E+14 0.00017 
   59   59    1    1    1    1    1    1    1    1  6.42944E+13 0.00016 
   60   60    1    1    1    1    1    1    1    1  6.76973E+13 0.00018 
   61   61    1    1    1    1    1    1    1    1  5.30413E+13 0.00022 
   62   62    1    1    1    1    1    1    1    1  5.29125E+13 0.00024 
   63   63    1    1    1    1    1    1    1    1  5.49708E+13 0.00029 
   64   64    1    1    1    1    1    1    1    1  4.60876E+13 0.00031 
   65   65    1    1    1    1    1    1    1    1  3.64298E+13 0.00030 
   66   66    1    1    1    1    1    1    1    1  3.59468E+13 0.00030 
   67   67    1    1    1    1    1    1    1    1  2.59444E+13 0.00025 
   68   68    1    1    1    1    1    1    1    1  2.10119E+13 0.00031 
   69   69    1    1    1    1    1    1    1    1  1.87621E+13 0.00034 
   70   70    1    1    1    1    1    1    1    1  2.25103E+13 0.00047 
   71   71    1    1    1    1    1    1    1    1  1.90570E+13 0.00043 
   72   72    1    1    1    1    1    1    1    1  3.41071E+13 0.00029 
   73   73    1    1    1    1    1    1    1    1  2.39542E+13 0.00042 
   74   74    1    1    1    1    1    1    1    1  1.80095E+13 0.00040 
   75   75    1    1    1    1    1    1    1    1  1.45674E+13 0.00056 
   76   76    1    1    1    1    1    1    1    1  1.21675E+13 0.00043 
   77   77    1    1    1    1    1    1    1    1  1.41842E+13 0.00047 
   78   78    1    1    1    1    1    1    1    1  1.12971E+13 0.00044 
   79   79    1    1    1    1    1    1    1    1  9.04190E+12 0.00060 
   80   80    1    1    1    1    1    1    1    1  9.37201E+12 0.00060 
   81   81    1    1    1    1    1    1    1    1  6.96913E+12 0.00044 
   82   82    1    1    1    1    1    1    1    1  5.38519E+12 0.00098 
   83   83    1    1    1    1    1    1    1    1  4.13528E+12 0.00094 
   84   84    1    1    1    1    1    1    1    1  3.87161E+12 0.00106 
   85   85    1    1    1    1    1    1    1    1  2.79476E+12 0.00136 
   86   86    1    1    1    1    1    1    1    1  2.01666E+12 0.00128 
   87   87    1    1    1    1    1    1    1    1  1.88784E+12 0.00122 
   88   88    1    1    1    1    1    1    1    1  1.16179E+12 0.00150 
   89   89    1    1    1    1    1    1    1    1  7.77918E+11 0.00211 
   90   90    1    1    1    1    1    1    1    1  4.50562E+11 0.00222 
   91   91    1    1    1    1    1    1    1    1  5.72513E+11 0.00285 
   92   92    1    1    1    1    1    1    1    1  0.00000E+00 0.00000 
   93   93    1    1    1    1    1    1    1    1  0.00000E+00 0.00000 
   94   94    1    1    1    1    1    1    1    1  0.00000E+00 0.00000 
   95   95    1    1    1    1    1    1    1    1  0.00000E+00 0.00000 
   96   96    1    1    1    1    1    1    1    1  0.00000E+00 0.00000 
   97   97    1    1    1    1    1    1    1    1  0.00000E+00 0.00000 
   98   98    1    1    1    1    1    1    1    1  0.00000E+00 0.00000 
   99   99    1    1    1    1    1    1    1    1  0.00000E+00 0.00000 
  100  100    1    1    1    1    1    1    1    1  0.00000E+00 0.00000 
];


