
DETdpaspec = [
    1    1    1    1    1    1    1    1    1    1  0.00000E+00 0.00000 
    2    2    1    1    1    1    1    1    1    1  0.00000E+00 0.00000 
    3    3    1    1    1    1    1    1    1    1  0.00000E+00 0.00000 
    4    4    1    1    1    1    1    1    1    1  0.00000E+00 0.00000 
    5    5    1    1    1    1    1    1    1    1  0.00000E+00 0.00000 
    6    6    1    1    1    1    1    1    1    1  0.00000E+00 0.00000 
    7    7    1    1    1    1    1    1    1    1  0.00000E+00 0.00000 
    8    8    1    1    1    1    1    1    1    1  0.00000E+00 0.00000 
    9    9    1    1    1    1    1    1    1    1  0.00000E+00 0.00000 
   10   10    1    1    1    1    1    1    1    1  0.00000E+00 0.00000 
   11   11    1    1    1    1    1    1    1    1  0.00000E+00 0.00000 
   12   12    1    1    1    1    1    1    1    1  0.00000E+00 0.00000 
   13   13    1    1    1    1    1    1    1    1  0.00000E+00 0.00000 
   14   14    1    1    1    1    1    1    1    1  0.00000E+00 0.00000 
   15   15    1    1    1    1    1    1    1    1  0.00000E+00 0.00000 
   16   16    1    1    1    1    1    1    1    1  0.00000E+00 0.00000 
   17   17    1    1    1    1    1    1    1    1  0.00000E+00 0.00000 
   18   18    1    1    1    1    1    1    1    1  0.00000E+00 0.00000 
   19   19    1    1    1    1    1    1    1    1  1.30421E+09 0.13670 
   20   20    1    1    1    1    1    1    1    1  1.42904E+08 0.12281 
   21   21    1    1    1    1    1    1    1    1  5.38918E+08 0.07520 
   22   22    1    1    1    1    1    1    1    1  4.24385E+08 0.09256 
   23   23    1    1    1    1    1    1    1    1  8.72217E+08 0.07328 
   24   24    1    1    1    1    1    1    1    1  2.20899E+09 0.04348 
   25   25    1    1    1    1    1    1    1    1  5.74608E+09 0.02385 
   26   26    1    1    1    1    1    1    1    1  1.02425E+10 0.01613 
   27   27    1    1    1    1    1    1    1    1  2.43921E+10 0.01105 
   28   28    1    1    1    1    1    1    1    1  5.74980E+10 0.00786 
   29   29    1    1    1    1    1    1    1    1  1.35937E+11 0.00443 
   30   30    1    1    1    1    1    1    1    1  2.37959E+11 0.00289 
   31   31    1    1    1    1    1    1    1    1  5.22449E+11 0.00213 
   32   32    1    1    1    1    1    1    1    1  1.27371E+12 0.00173 
   33   33    1    1    1    1    1    1    1    1  2.01512E+12 0.00131 
   34   34    1    1    1    1    1    1    1    1  4.27598E+12 0.00115 
   35   35    1    1    1    1    1    1    1    1  5.55424E+12 0.00067 
   36   36    1    1    1    1    1    1    1    1  6.06521E+12 0.00060 
   37   37    1    1    1    1    1    1    1    1  3.77012E+12 0.00080 
   38   38    1    1    1    1    1    1    1    1  1.11030E+12 0.00062 
   39   39    1    1    1    1    1    1    1    1  6.31593E+12 0.00061 
   40   40    1    1    1    1    1    1    1    1  8.36691E+12 0.00049 
   41   41    1    1    1    1    1    1    1    1  1.42332E+13 0.00045 
   42   42    1    1    1    1    1    1    1    1  1.37181E+13 0.00041 
   43   43    1    1    1    1    1    1    1    1  2.91880E+13 0.00035 
   44   44    1    1    1    1    1    1    1    1  3.45874E+13 0.00027 
   45   45    1    1    1    1    1    1    1    1  4.87411E+13 0.00026 
   46   46    1    1    1    1    1    1    1    1  9.48647E+13 0.00024 
   47   47    1    1    1    1    1    1    1    1  4.27401E+13 0.00025 
   48   48    1    1    1    1    1    1    1    1  6.71377E+13 0.00021 
   49   49    1    1    1    1    1    1    1    1  9.18571E+13 0.00017 
   50   50    1    1    1    1    1    1    1    1  8.83908E+13 0.00016 
   51   51    1    1    1    1    1    1    1    1  1.36645E+14 0.00020 
   52   52    1    1    1    1    1    1    1    1  1.04716E+14 0.00015 
   53   53    1    1    1    1    1    1    1    1  1.24651E+14 0.00018 
   54   54    1    1    1    1    1    1    1    1  8.48674E+13 0.00012 
   55   55    1    1    1    1    1    1    1    1  1.04464E+14 0.00016 
   56   56    1    1    1    1    1    1    1    1  7.09555E+13 0.00021 
   57   57    1    1    1    1    1    1    1    1  9.55449E+12 0.00030 
   58   58    1    1    1    1    1    1    1    1  1.38973E+14 0.00015 
   59   59    1    1    1    1    1    1    1    1  6.26372E+13 0.00019 
   60   60    1    1    1    1    1    1    1    1  6.54645E+13 0.00018 
   61   61    1    1    1    1    1    1    1    1  5.13243E+13 0.00016 
   62   62    1    1    1    1    1    1    1    1  5.10320E+13 0.00024 
   63   63    1    1    1    1    1    1    1    1  5.28324E+13 0.00026 
   64   64    1    1    1    1    1    1    1    1  4.41711E+13 0.00026 
   65   65    1    1    1    1    1    1    1    1  3.47622E+13 0.00029 
   66   66    1    1    1    1    1    1    1    1  3.41781E+13 0.00035 
   67   67    1    1    1    1    1    1    1    1  2.45426E+13 0.00029 
   68   68    1    1    1    1    1    1    1    1  1.97987E+13 0.00042 
   69   69    1    1    1    1    1    1    1    1  1.76401E+13 0.00036 
   70   70    1    1    1    1    1    1    1    1  2.10891E+13 0.00032 
   71   71    1    1    1    1    1    1    1    1  1.77802E+13 0.00039 
   72   72    1    1    1    1    1    1    1    1  3.14954E+13 0.00036 
   73   73    1    1    1    1    1    1    1    1  2.19756E+13 0.00039 
   74   74    1    1    1    1    1    1    1    1  1.64751E+13 0.00041 
   75   75    1    1    1    1    1    1    1    1  1.33463E+13 0.00054 
   76   76    1    1    1    1    1    1    1    1  1.11721E+13 0.00056 
   77   77    1    1    1    1    1    1    1    1  1.30372E+13 0.00034 
   78   78    1    1    1    1    1    1    1    1  1.04182E+13 0.00038 
   79   79    1    1    1    1    1    1    1    1  8.35921E+12 0.00060 
   80   80    1    1    1    1    1    1    1    1  8.67771E+12 0.00058 
   81   81    1    1    1    1    1    1    1    1  6.45800E+12 0.00074 
   82   82    1    1    1    1    1    1    1    1  4.97963E+12 0.00082 
   83   83    1    1    1    1    1    1    1    1  3.82790E+12 0.00101 
   84   84    1    1    1    1    1    1    1    1  3.58862E+12 0.00105 
   85   85    1    1    1    1    1    1    1    1  2.58060E+12 0.00101 
   86   86    1    1    1    1    1    1    1    1  1.86196E+12 0.00146 
   87   87    1    1    1    1    1    1    1    1  1.74478E+12 0.00142 
   88   88    1    1    1    1    1    1    1    1  1.06890E+12 0.00186 
   89   89    1    1    1    1    1    1    1    1  7.17154E+11 0.00188 
   90   90    1    1    1    1    1    1    1    1  4.12270E+11 0.00397 
   91   91    1    1    1    1    1    1    1    1  5.18888E+11 0.00296 
   92   92    1    1    1    1    1    1    1    1  0.00000E+00 0.00000 
   93   93    1    1    1    1    1    1    1    1  0.00000E+00 0.00000 
   94   94    1    1    1    1    1    1    1    1  0.00000E+00 0.00000 
   95   95    1    1    1    1    1    1    1    1  0.00000E+00 0.00000 
   96   96    1    1    1    1    1    1    1    1  0.00000E+00 0.00000 
   97   97    1    1    1    1    1    1    1    1  0.00000E+00 0.00000 
   98   98    1    1    1    1    1    1    1    1  0.00000E+00 0.00000 
   99   99    1    1    1    1    1    1    1    1  0.00000E+00 0.00000 
  100  100    1    1    1    1    1    1    1    1  0.00000E+00 0.00000 
];


