
DETdpaspec = [
    1    1    1    1    1    1    1    1    1    1  0.00000E+00 0.00000 
    2    2    1    1    1    1    1    1    1    1  0.00000E+00 0.00000 
    3    3    1    1    1    1    1    1    1    1  0.00000E+00 0.00000 
    4    4    1    1    1    1    1    1    1    1  0.00000E+00 0.00000 
    5    5    1    1    1    1    1    1    1    1  0.00000E+00 0.00000 
    6    6    1    1    1    1    1    1    1    1  0.00000E+00 0.00000 
    7    7    1    1    1    1    1    1    1    1  0.00000E+00 0.00000 
    8    8    1    1    1    1    1    1    1    1  0.00000E+00 0.00000 
    9    9    1    1    1    1    1    1    1    1  0.00000E+00 0.00000 
   10   10    1    1    1    1    1    1    1    1  0.00000E+00 0.00000 
   11   11    1    1    1    1    1    1    1    1  0.00000E+00 0.00000 
   12   12    1    1    1    1    1    1    1    1  0.00000E+00 0.00000 
   13   13    1    1    1    1    1    1    1    1  0.00000E+00 0.00000 
   14   14    1    1    1    1    1    1    1    1  0.00000E+00 0.00000 
   15   15    1    1    1    1    1    1    1    1  0.00000E+00 0.00000 
   16   16    1    1    1    1    1    1    1    1  0.00000E+00 0.00000 
   17   17    1    1    1    1    1    1    1    1  0.00000E+00 0.00000 
   18   18    1    1    1    1    1    1    1    1  0.00000E+00 0.00000 
   19   19    1    1    1    1    1    1    1    1  1.58949E+09 0.07006 
   20   20    1    1    1    1    1    1    1    1  2.67785E+08 0.09395 
   21   21    1    1    1    1    1    1    1    1  8.57959E+08 0.06705 
   22   22    1    1    1    1    1    1    1    1  7.07849E+08 0.05237 
   23   23    1    1    1    1    1    1    1    1  1.66085E+09 0.03159 
   24   24    1    1    1    1    1    1    1    1  2.50737E+09 0.03106 
   25   25    1    1    1    1    1    1    1    1  3.99545E+09 0.03440 
   26   26    1    1    1    1    1    1    1    1  4.93429E+09 0.02528 
   27   27    1    1    1    1    1    1    1    1  8.31982E+09 0.01897 
   28   28    1    1    1    1    1    1    1    1  1.52918E+10 0.01285 
   29   29    1    1    1    1    1    1    1    1  3.40662E+10 0.00864 
   30   30    1    1    1    1    1    1    1    1  5.60390E+10 0.00746 
   31   31    1    1    1    1    1    1    1    1  1.61574E+11 0.00545 
   32   32    1    1    1    1    1    1    1    1  5.01693E+11 0.00296 
   33   33    1    1    1    1    1    1    1    1  9.36780E+11 0.00187 
   34   34    1    1    1    1    1    1    1    1  2.21007E+12 0.00134 
   35   35    1    1    1    1    1    1    1    1  3.06470E+12 0.00103 
   36   36    1    1    1    1    1    1    1    1  4.08004E+12 0.00089 
   37   37    1    1    1    1    1    1    1    1  2.80891E+12 0.00067 
   38   38    1    1    1    1    1    1    1    1  8.66505E+11 0.00103 
   39   39    1    1    1    1    1    1    1    1  4.81629E+12 0.00064 
   40   40    1    1    1    1    1    1    1    1  6.48592E+12 0.00065 
   41   41    1    1    1    1    1    1    1    1  1.11281E+13 0.00052 
   42   42    1    1    1    1    1    1    1    1  1.12844E+13 0.00043 
   43   43    1    1    1    1    1    1    1    1  2.38543E+13 0.00058 
   44   44    1    1    1    1    1    1    1    1  2.88017E+13 0.00029 
   45   45    1    1    1    1    1    1    1    1  4.14392E+13 0.00027 
   46   46    1    1    1    1    1    1    1    1  8.21645E+13 0.00023 
   47   47    1    1    1    1    1    1    1    1  3.87861E+13 0.00017 
   48   48    1    1    1    1    1    1    1    1  6.22459E+13 0.00022 
   49   49    1    1    1    1    1    1    1    1  8.69717E+13 0.00016 
   50   50    1    1    1    1    1    1    1    1  8.55972E+13 0.00017 
   51   51    1    1    1    1    1    1    1    1  1.33105E+14 0.00023 
   52   52    1    1    1    1    1    1    1    1  1.06116E+14 0.00020 
   53   53    1    1    1    1    1    1    1    1  1.25433E+14 0.00015 
   54   54    1    1    1    1    1    1    1    1  8.74021E+13 0.00020 
   55   55    1    1    1    1    1    1    1    1  1.06552E+14 0.00017 
   56   56    1    1    1    1    1    1    1    1  7.34910E+13 0.00014 
   57   57    1    1    1    1    1    1    1    1  1.00053E+13 0.00027 
   58   58    1    1    1    1    1    1    1    1  1.45721E+14 0.00018 
   59   59    1    1    1    1    1    1    1    1  6.45988E+13 0.00022 
   60   60    1    1    1    1    1    1    1    1  6.87356E+13 0.00021 
   61   61    1    1    1    1    1    1    1    1  5.33449E+13 0.00022 
   62   62    1    1    1    1    1    1    1    1  5.35373E+13 0.00022 
   63   63    1    1    1    1    1    1    1    1  5.55833E+13 0.00025 
   64   64    1    1    1    1    1    1    1    1  4.67045E+13 0.00026 
   65   65    1    1    1    1    1    1    1    1  3.70846E+13 0.00023 
   66   66    1    1    1    1    1    1    1    1  3.67349E+13 0.00021 
   67   67    1    1    1    1    1    1    1    1  2.66368E+13 0.00034 
   68   68    1    1    1    1    1    1    1    1  2.17378E+13 0.00036 
   69   69    1    1    1    1    1    1    1    1  1.94858E+13 0.00051 
   70   70    1    1    1    1    1    1    1    1  2.34413E+13 0.00059 
   71   71    1    1    1    1    1    1    1    1  1.99508E+13 0.00055 
   72   72    1    1    1    1    1    1    1    1  3.64394E+13 0.00046 
   73   73    1    1    1    1    1    1    1    1  2.58169E+13 0.00034 
   74   74    1    1    1    1    1    1    1    1  1.94377E+13 0.00036 
   75   75    1    1    1    1    1    1    1    1  1.55996E+13 0.00051 
   76   76    1    1    1    1    1    1    1    1  1.28981E+13 0.00049 
   77   77    1    1    1    1    1    1    1    1  1.48873E+13 0.00040 
   78   78    1    1    1    1    1    1    1    1  1.17352E+13 0.00042 
   79   79    1    1    1    1    1    1    1    1  9.31498E+12 0.00054 
   80   80    1    1    1    1    1    1    1    1  9.59721E+12 0.00052 
   81   81    1    1    1    1    1    1    1    1  7.10893E+12 0.00054 
   82   82    1    1    1    1    1    1    1    1  5.47721E+12 0.00080 
   83   83    1    1    1    1    1    1    1    1  4.20684E+12 0.00076 
   84   84    1    1    1    1    1    1    1    1  3.93289E+12 0.00096 
   85   85    1    1    1    1    1    1    1    1  2.82914E+12 0.00140 
   86   86    1    1    1    1    1    1    1    1  2.03964E+12 0.00160 
   87   87    1    1    1    1    1    1    1    1  1.91146E+12 0.00132 
   88   88    1    1    1    1    1    1    1    1  1.18108E+12 0.00132 
   89   89    1    1    1    1    1    1    1    1  7.96770E+11 0.00257 
   90   90    1    1    1    1    1    1    1    1  4.63731E+11 0.00247 
   91   91    1    1    1    1    1    1    1    1  5.86968E+11 0.00238 
   92   92    1    1    1    1    1    1    1    1  0.00000E+00 0.00000 
   93   93    1    1    1    1    1    1    1    1  0.00000E+00 0.00000 
   94   94    1    1    1    1    1    1    1    1  0.00000E+00 0.00000 
   95   95    1    1    1    1    1    1    1    1  0.00000E+00 0.00000 
   96   96    1    1    1    1    1    1    1    1  0.00000E+00 0.00000 
   97   97    1    1    1    1    1    1    1    1  0.00000E+00 0.00000 
   98   98    1    1    1    1    1    1    1    1  0.00000E+00 0.00000 
   99   99    1    1    1    1    1    1    1    1  0.00000E+00 0.00000 
  100  100    1    1    1    1    1    1    1    1  0.00000E+00 0.00000 
];


