
DETdpaspec = [
    1    1    1    1    1    1    1    1    1    1  0.00000E+00 0.00000 
    2    2    1    1    1    1    1    1    1    1  0.00000E+00 0.00000 
    3    3    1    1    1    1    1    1    1    1  0.00000E+00 0.00000 
    4    4    1    1    1    1    1    1    1    1  0.00000E+00 0.00000 
    5    5    1    1    1    1    1    1    1    1  0.00000E+00 0.00000 
    6    6    1    1    1    1    1    1    1    1  0.00000E+00 0.00000 
    7    7    1    1    1    1    1    1    1    1  0.00000E+00 0.00000 
    8    8    1    1    1    1    1    1    1    1  0.00000E+00 0.00000 
    9    9    1    1    1    1    1    1    1    1  0.00000E+00 0.00000 
   10   10    1    1    1    1    1    1    1    1  0.00000E+00 0.00000 
   11   11    1    1    1    1    1    1    1    1  0.00000E+00 0.00000 
   12   12    1    1    1    1    1    1    1    1  0.00000E+00 0.00000 
   13   13    1    1    1    1    1    1    1    1  0.00000E+00 0.00000 
   14   14    1    1    1    1    1    1    1    1  0.00000E+00 0.00000 
   15   15    1    1    1    1    1    1    1    1  0.00000E+00 0.00000 
   16   16    1    1    1    1    1    1    1    1  0.00000E+00 0.00000 
   17   17    1    1    1    1    1    1    1    1  0.00000E+00 0.00000 
   18   18    1    1    1    1    1    1    1    1  0.00000E+00 0.00000 
   19   19    1    1    1    1    1    1    1    1  1.58186E+09 0.05608 
   20   20    1    1    1    1    1    1    1    1  2.52994E+08 0.09377 
   21   21    1    1    1    1    1    1    1    1  8.94049E+08 0.06982 
   22   22    1    1    1    1    1    1    1    1  6.89506E+08 0.05894 
   23   23    1    1    1    1    1    1    1    1  1.50645E+09 0.04346 
   24   24    1    1    1    1    1    1    1    1  2.34697E+09 0.03950 
   25   25    1    1    1    1    1    1    1    1  3.68065E+09 0.02718 
   26   26    1    1    1    1    1    1    1    1  4.64404E+09 0.02453 
   27   27    1    1    1    1    1    1    1    1  8.06144E+09 0.01890 
   28   28    1    1    1    1    1    1    1    1  1.51600E+10 0.01389 
   29   29    1    1    1    1    1    1    1    1  3.42883E+10 0.01089 
   30   30    1    1    1    1    1    1    1    1  5.80539E+10 0.00448 
   31   31    1    1    1    1    1    1    1    1  1.65948E+11 0.00349 
   32   32    1    1    1    1    1    1    1    1  5.16209E+11 0.00220 
   33   33    1    1    1    1    1    1    1    1  9.50962E+11 0.00201 
   34   34    1    1    1    1    1    1    1    1  2.25254E+12 0.00130 
   35   35    1    1    1    1    1    1    1    1  3.13943E+12 0.00109 
   36   36    1    1    1    1    1    1    1    1  4.11721E+12 0.00085 
   37   37    1    1    1    1    1    1    1    1  2.81274E+12 0.00077 
   38   38    1    1    1    1    1    1    1    1  8.63166E+11 0.00090 
   39   39    1    1    1    1    1    1    1    1  4.82035E+12 0.00082 
   40   40    1    1    1    1    1    1    1    1  6.48554E+12 0.00078 
   41   41    1    1    1    1    1    1    1    1  1.11599E+13 0.00052 
   42   42    1    1    1    1    1    1    1    1  1.12717E+13 0.00043 
   43   43    1    1    1    1    1    1    1    1  2.39022E+13 0.00045 
   44   44    1    1    1    1    1    1    1    1  2.88708E+13 0.00044 
   45   45    1    1    1    1    1    1    1    1  4.15454E+13 0.00031 
   46   46    1    1    1    1    1    1    1    1  8.25117E+13 0.00024 
   47   47    1    1    1    1    1    1    1    1  3.88466E+13 0.00027 
   48   48    1    1    1    1    1    1    1    1  6.22452E+13 0.00029 
   49   49    1    1    1    1    1    1    1    1  8.69078E+13 0.00020 
   50   50    1    1    1    1    1    1    1    1  8.54581E+13 0.00024 
   51   51    1    1    1    1    1    1    1    1  1.33098E+14 0.00017 
   52   52    1    1    1    1    1    1    1    1  1.05780E+14 0.00017 
   53   53    1    1    1    1    1    1    1    1  1.25356E+14 0.00018 
   54   54    1    1    1    1    1    1    1    1  8.71906E+13 0.00021 
   55   55    1    1    1    1    1    1    1    1  1.06560E+14 0.00014 
   56   56    1    1    1    1    1    1    1    1  7.33829E+13 0.00019 
   57   57    1    1    1    1    1    1    1    1  9.98692E+12 0.00029 
   58   58    1    1    1    1    1    1    1    1  1.45527E+14 0.00014 
   59   59    1    1    1    1    1    1    1    1  6.47443E+13 0.00016 
   60   60    1    1    1    1    1    1    1    1  6.87848E+13 0.00021 
   61   61    1    1    1    1    1    1    1    1  5.34801E+13 0.00023 
   62   62    1    1    1    1    1    1    1    1  5.36180E+13 0.00029 
   63   63    1    1    1    1    1    1    1    1  5.56945E+13 0.00026 
   64   64    1    1    1    1    1    1    1    1  4.67974E+13 0.00027 
   65   65    1    1    1    1    1    1    1    1  3.71332E+13 0.00023 
   66   66    1    1    1    1    1    1    1    1  3.67647E+13 0.00031 
   67   67    1    1    1    1    1    1    1    1  2.66493E+13 0.00030 
   68   68    1    1    1    1    1    1    1    1  2.17250E+13 0.00029 
   69   69    1    1    1    1    1    1    1    1  1.94775E+13 0.00028 
   70   70    1    1    1    1    1    1    1    1  2.34190E+13 0.00033 
   71   71    1    1    1    1    1    1    1    1  1.99128E+13 0.00048 
   72   72    1    1    1    1    1    1    1    1  3.62468E+13 0.00036 
   73   73    1    1    1    1    1    1    1    1  2.56472E+13 0.00048 
   74   74    1    1    1    1    1    1    1    1  1.93426E+13 0.00049 
   75   75    1    1    1    1    1    1    1    1  1.55006E+13 0.00045 
   76   76    1    1    1    1    1    1    1    1  1.28611E+13 0.00038 
   77   77    1    1    1    1    1    1    1    1  1.48845E+13 0.00072 
   78   78    1    1    1    1    1    1    1    1  1.17527E+13 0.00049 
   79   79    1    1    1    1    1    1    1    1  9.34845E+12 0.00064 
   80   80    1    1    1    1    1    1    1    1  9.64283E+12 0.00074 
   81   81    1    1    1    1    1    1    1    1  7.14589E+12 0.00069 
   82   82    1    1    1    1    1    1    1    1  5.50204E+12 0.00066 
   83   83    1    1    1    1    1    1    1    1  4.22547E+12 0.00104 
   84   84    1    1    1    1    1    1    1    1  3.96546E+12 0.00076 
   85   85    1    1    1    1    1    1    1    1  2.84877E+12 0.00088 
   86   86    1    1    1    1    1    1    1    1  2.05600E+12 0.00109 
   87   87    1    1    1    1    1    1    1    1  1.92681E+12 0.00112 
   88   88    1    1    1    1    1    1    1    1  1.18763E+12 0.00146 
   89   89    1    1    1    1    1    1    1    1  8.00175E+11 0.00186 
   90   90    1    1    1    1    1    1    1    1  4.65496E+11 0.00267 
   91   91    1    1    1    1    1    1    1    1  5.91906E+11 0.00209 
   92   92    1    1    1    1    1    1    1    1  0.00000E+00 0.00000 
   93   93    1    1    1    1    1    1    1    1  0.00000E+00 0.00000 
   94   94    1    1    1    1    1    1    1    1  0.00000E+00 0.00000 
   95   95    1    1    1    1    1    1    1    1  0.00000E+00 0.00000 
   96   96    1    1    1    1    1    1    1    1  0.00000E+00 0.00000 
   97   97    1    1    1    1    1    1    1    1  0.00000E+00 0.00000 
   98   98    1    1    1    1    1    1    1    1  0.00000E+00 0.00000 
   99   99    1    1    1    1    1    1    1    1  0.00000E+00 0.00000 
  100  100    1    1    1    1    1    1    1    1  0.00000E+00 0.00000 
];


