
DETdpaspec = [
    1    1    1    1    1    1    1    1    1    1  0.00000E+00 0.00000 
    2    2    1    1    1    1    1    1    1    1  0.00000E+00 0.00000 
    3    3    1    1    1    1    1    1    1    1  0.00000E+00 0.00000 
    4    4    1    1    1    1    1    1    1    1  0.00000E+00 0.00000 
    5    5    1    1    1    1    1    1    1    1  0.00000E+00 0.00000 
    6    6    1    1    1    1    1    1    1    1  0.00000E+00 0.00000 
    7    7    1    1    1    1    1    1    1    1  0.00000E+00 0.00000 
    8    8    1    1    1    1    1    1    1    1  0.00000E+00 0.00000 
    9    9    1    1    1    1    1    1    1    1  0.00000E+00 0.00000 
   10   10    1    1    1    1    1    1    1    1  0.00000E+00 0.00000 
   11   11    1    1    1    1    1    1    1    1  0.00000E+00 0.00000 
   12   12    1    1    1    1    1    1    1    1  0.00000E+00 0.00000 
   13   13    1    1    1    1    1    1    1    1  0.00000E+00 0.00000 
   14   14    1    1    1    1    1    1    1    1  0.00000E+00 0.00000 
   15   15    1    1    1    1    1    1    1    1  0.00000E+00 0.00000 
   16   16    1    1    1    1    1    1    1    1  0.00000E+00 0.00000 
   17   17    1    1    1    1    1    1    1    1  0.00000E+00 0.00000 
   18   18    1    1    1    1    1    1    1    1  0.00000E+00 0.00000 
   19   19    1    1    1    1    1    1    1    1  1.13231E+09 0.11513 
   20   20    1    1    1    1    1    1    1    1  1.50686E+08 0.12923 
   21   21    1    1    1    1    1    1    1    1  7.08661E+08 0.07244 
   22   22    1    1    1    1    1    1    1    1  5.28784E+08 0.04449 
   23   23    1    1    1    1    1    1    1    1  9.83687E+08 0.06235 
   24   24    1    1    1    1    1    1    1    1  1.82760E+09 0.05022 
   25   25    1    1    1    1    1    1    1    1  3.54146E+09 0.04338 
   26   26    1    1    1    1    1    1    1    1  5.43596E+09 0.02394 
   27   27    1    1    1    1    1    1    1    1  1.13244E+10 0.01346 
   28   28    1    1    1    1    1    1    1    1  2.62063E+10 0.01097 
   29   29    1    1    1    1    1    1    1    1  6.62271E+10 0.00620 
   30   30    1    1    1    1    1    1    1    1  1.21092E+11 0.00471 
   31   31    1    1    1    1    1    1    1    1  2.97873E+11 0.00434 
   32   32    1    1    1    1    1    1    1    1  8.25014E+11 0.00243 
   33   33    1    1    1    1    1    1    1    1  1.40188E+12 0.00139 
   34   34    1    1    1    1    1    1    1    1  3.17553E+12 0.00087 
   35   35    1    1    1    1    1    1    1    1  4.31548E+12 0.00076 
   36   36    1    1    1    1    1    1    1    1  5.02972E+12 0.00069 
   37   37    1    1    1    1    1    1    1    1  3.23927E+12 0.00074 
   38   38    1    1    1    1    1    1    1    1  9.67471E+11 0.00062 
   39   39    1    1    1    1    1    1    1    1  5.48811E+12 0.00061 
   40   40    1    1    1    1    1    1    1    1  7.33576E+12 0.00037 
   41   41    1    1    1    1    1    1    1    1  1.25868E+13 0.00034 
   42   42    1    1    1    1    1    1    1    1  1.23405E+13 0.00043 
   43   43    1    1    1    1    1    1    1    1  2.63680E+13 0.00043 
   44   44    1    1    1    1    1    1    1    1  3.15800E+13 0.00034 
   45   45    1    1    1    1    1    1    1    1  4.49972E+13 0.00030 
   46   46    1    1    1    1    1    1    1    1  8.88158E+13 0.00033 
   47   47    1    1    1    1    1    1    1    1  4.07414E+13 0.00022 
   48   48    1    1    1    1    1    1    1    1  6.44989E+13 0.00019 
   49   49    1    1    1    1    1    1    1    1  8.91551E+13 0.00020 
   50   50    1    1    1    1    1    1    1    1  8.65482E+13 0.00013 
   51   51    1    1    1    1    1    1    1    1  1.34761E+14 0.00013 
   52   52    1    1    1    1    1    1    1    1  1.04688E+14 0.00021 
   53   53    1    1    1    1    1    1    1    1  1.24925E+14 0.00015 
   54   54    1    1    1    1    1    1    1    1  8.58009E+13 0.00015 
   55   55    1    1    1    1    1    1    1    1  1.05765E+14 0.00013 
   56   56    1    1    1    1    1    1    1    1  7.22354E+13 0.00018 
   57   57    1    1    1    1    1    1    1    1  9.76231E+12 0.00030 
   58   58    1    1    1    1    1    1    1    1  1.42254E+14 0.00017 
   59   59    1    1    1    1    1    1    1    1  6.40759E+13 0.00027 
   60   60    1    1    1    1    1    1    1    1  6.73795E+13 0.00019 
   61   61    1    1    1    1    1    1    1    1  5.27953E+13 0.00013 
   62   62    1    1    1    1    1    1    1    1  5.26275E+13 0.00015 
   63   63    1    1    1    1    1    1    1    1  5.46541E+13 0.00024 
   64   64    1    1    1    1    1    1    1    1  4.58155E+13 0.00028 
   65   65    1    1    1    1    1    1    1    1  3.61694E+13 0.00033 
   66   66    1    1    1    1    1    1    1    1  3.56770E+13 0.00028 
   67   67    1    1    1    1    1    1    1    1  2.57355E+13 0.00023 
   68   68    1    1    1    1    1    1    1    1  2.08229E+13 0.00040 
   69   69    1    1    1    1    1    1    1    1  1.86052E+13 0.00033 
   70   70    1    1    1    1    1    1    1    1  2.22624E+13 0.00039 
   71   71    1    1    1    1    1    1    1    1  1.88369E+13 0.00058 
   72   72    1    1    1    1    1    1    1    1  3.36603E+13 0.00043 
   73   73    1    1    1    1    1    1    1    1  2.35987E+13 0.00044 
   74   74    1    1    1    1    1    1    1    1  1.77439E+13 0.00057 
   75   75    1    1    1    1    1    1    1    1  1.43633E+13 0.00063 
   76   76    1    1    1    1    1    1    1    1  1.20049E+13 0.00052 
   77   77    1    1    1    1    1    1    1    1  1.39933E+13 0.00060 
   78   78    1    1    1    1    1    1    1    1  1.11500E+13 0.00040 
   79   79    1    1    1    1    1    1    1    1  8.93556E+12 0.00045 
   80   80    1    1    1    1    1    1    1    1  9.27040E+12 0.00075 
   81   81    1    1    1    1    1    1    1    1  6.90112E+12 0.00046 
   82   82    1    1    1    1    1    1    1    1  5.32116E+12 0.00069 
   83   83    1    1    1    1    1    1    1    1  4.08347E+12 0.00073 
   84   84    1    1    1    1    1    1    1    1  3.82829E+12 0.00120 
   85   85    1    1    1    1    1    1    1    1  2.75632E+12 0.00142 
   86   86    1    1    1    1    1    1    1    1  1.99686E+12 0.00138 
   87   87    1    1    1    1    1    1    1    1  1.86597E+12 0.00111 
   88   88    1    1    1    1    1    1    1    1  1.14788E+12 0.00188 
   89   89    1    1    1    1    1    1    1    1  7.73170E+11 0.00195 
   90   90    1    1    1    1    1    1    1    1  4.45784E+11 0.00296 
   91   91    1    1    1    1    1    1    1    1  5.63015E+11 0.00266 
   92   92    1    1    1    1    1    1    1    1  0.00000E+00 0.00000 
   93   93    1    1    1    1    1    1    1    1  0.00000E+00 0.00000 
   94   94    1    1    1    1    1    1    1    1  0.00000E+00 0.00000 
   95   95    1    1    1    1    1    1    1    1  0.00000E+00 0.00000 
   96   96    1    1    1    1    1    1    1    1  0.00000E+00 0.00000 
   97   97    1    1    1    1    1    1    1    1  0.00000E+00 0.00000 
   98   98    1    1    1    1    1    1    1    1  0.00000E+00 0.00000 
   99   99    1    1    1    1    1    1    1    1  0.00000E+00 0.00000 
  100  100    1    1    1    1    1    1    1    1  0.00000E+00 0.00000 
];


