
DETdpaspec = [
    1    1    1    1    1    1    1    1    1    1  0.00000E+00 0.00000 
    2    2    1    1    1    1    1    1    1    1  0.00000E+00 0.00000 
    3    3    1    1    1    1    1    1    1    1  0.00000E+00 0.00000 
    4    4    1    1    1    1    1    1    1    1  0.00000E+00 0.00000 
    5    5    1    1    1    1    1    1    1    1  0.00000E+00 0.00000 
    6    6    1    1    1    1    1    1    1    1  0.00000E+00 0.00000 
    7    7    1    1    1    1    1    1    1    1  0.00000E+00 0.00000 
    8    8    1    1    1    1    1    1    1    1  0.00000E+00 0.00000 
    9    9    1    1    1    1    1    1    1    1  0.00000E+00 0.00000 
   10   10    1    1    1    1    1    1    1    1  0.00000E+00 0.00000 
   11   11    1    1    1    1    1    1    1    1  0.00000E+00 0.00000 
   12   12    1    1    1    1    1    1    1    1  0.00000E+00 0.00000 
   13   13    1    1    1    1    1    1    1    1  0.00000E+00 0.00000 
   14   14    1    1    1    1    1    1    1    1  0.00000E+00 0.00000 
   15   15    1    1    1    1    1    1    1    1  0.00000E+00 0.00000 
   16   16    1    1    1    1    1    1    1    1  0.00000E+00 0.00000 
   17   17    1    1    1    1    1    1    1    1  0.00000E+00 0.00000 
   18   18    1    1    1    1    1    1    1    1  0.00000E+00 0.00000 
   19   19    1    1    1    1    1    1    1    1  5.22691E+08 0.16492 
   20   20    1    1    1    1    1    1    1    1  8.96935E+07 0.13683 
   21   21    1    1    1    1    1    1    1    1  3.51559E+08 0.08389 
   22   22    1    1    1    1    1    1    1    1  9.38583E+08 0.05618 
   23   23    1    1    1    1    1    1    1    1  4.37455E+09 0.02904 
   24   24    1    1    1    1    1    1    1    1  1.97270E+10 0.01730 
   25   25    1    1    1    1    1    1    1    1  5.74231E+10 0.00855 
   26   26    1    1    1    1    1    1    1    1  8.84441E+10 0.00771 
   27   27    1    1    1    1    1    1    1    1  1.74692E+11 0.00540 
   28   28    1    1    1    1    1    1    1    1  3.18926E+11 0.00328 
   29   29    1    1    1    1    1    1    1    1  5.61352E+11 0.00218 
   30   30    1    1    1    1    1    1    1    1  8.27246E+11 0.00216 
   31   31    1    1    1    1    1    1    1    1  1.49921E+12 0.00206 
   32   32    1    1    1    1    1    1    1    1  2.83022E+12 0.00109 
   33   33    1    1    1    1    1    1    1    1  3.92009E+12 0.00100 
   34   34    1    1    1    1    1    1    1    1  7.33055E+12 0.00096 
   35   35    1    1    1    1    1    1    1    1  8.63835E+12 0.00080 
   36   36    1    1    1    1    1    1    1    1  8.55532E+12 0.00086 
   37   37    1    1    1    1    1    1    1    1  5.02513E+12 0.00066 
   38   38    1    1    1    1    1    1    1    1  1.45490E+12 0.00055 
   39   39    1    1    1    1    1    1    1    1  8.24843E+12 0.00061 
   40   40    1    1    1    1    1    1    1    1  1.07254E+13 0.00058 
   41   41    1    1    1    1    1    1    1    1  1.79014E+13 0.00049 
   42   42    1    1    1    1    1    1    1    1  1.68296E+13 0.00040 
   43   43    1    1    1    1    1    1    1    1  3.53252E+13 0.00027 
   44   44    1    1    1    1    1    1    1    1  4.09909E+13 0.00031 
   45   45    1    1    1    1    1    1    1    1  5.64706E+13 0.00019 
   46   46    1    1    1    1    1    1    1    1  1.06551E+14 0.00015 
   47   47    1    1    1    1    1    1    1    1  4.65721E+13 0.00017 
   48   48    1    1    1    1    1    1    1    1  7.22452E+13 0.00019 
   49   49    1    1    1    1    1    1    1    1  9.68462E+13 0.00020 
   50   50    1    1    1    1    1    1    1    1  9.17242E+13 0.00015 
   51   51    1    1    1    1    1    1    1    1  1.39438E+14 0.00015 
   52   52    1    1    1    1    1    1    1    1  1.04613E+14 0.00016 
   53   53    1    1    1    1    1    1    1    1  1.23342E+14 0.00012 
   54   54    1    1    1    1    1    1    1    1  8.26942E+13 0.00016 
   55   55    1    1    1    1    1    1    1    1  1.01170E+14 0.00012 
   56   56    1    1    1    1    1    1    1    1  6.80571E+13 0.00014 
   57   57    1    1    1    1    1    1    1    1  9.11771E+12 0.00032 
   58   58    1    1    1    1    1    1    1    1  1.31850E+14 0.00012 
   59   59    1    1    1    1    1    1    1    1  5.91803E+13 0.00022 
   60   60    1    1    1    1    1    1    1    1  6.13324E+13 0.00020 
   61   61    1    1    1    1    1    1    1    1  4.79349E+13 0.00020 
   62   62    1    1    1    1    1    1    1    1  4.73865E+13 0.00023 
   63   63    1    1    1    1    1    1    1    1  4.88049E+13 0.00018 
   64   64    1    1    1    1    1    1    1    1  4.05545E+13 0.00025 
   65   65    1    1    1    1    1    1    1    1  3.17109E+13 0.00028 
   66   66    1    1    1    1    1    1    1    1  3.09810E+13 0.00030 
   67   67    1    1    1    1    1    1    1    1  2.21339E+13 0.00032 
   68   68    1    1    1    1    1    1    1    1  1.77694E+13 0.00041 
   69   69    1    1    1    1    1    1    1    1  1.57678E+13 0.00047 
   70   70    1    1    1    1    1    1    1    1  1.87610E+13 0.00029 
   71   71    1    1    1    1    1    1    1    1  1.57196E+13 0.00047 
   72   72    1    1    1    1    1    1    1    1  2.75357E+13 0.00042 
   73   73    1    1    1    1    1    1    1    1  1.90416E+13 0.00040 
   74   74    1    1    1    1    1    1    1    1  1.42164E+13 0.00041 
   75   75    1    1    1    1    1    1    1    1  1.14917E+13 0.00053 
   76   76    1    1    1    1    1    1    1    1  9.62030E+12 0.00054 
   77   77    1    1    1    1    1    1    1    1  1.12204E+13 0.00056 
   78   78    1    1    1    1    1    1    1    1  8.93785E+12 0.00050 
   79   79    1    1    1    1    1    1    1    1  7.16315E+12 0.00054 
   80   80    1    1    1    1    1    1    1    1  7.41026E+12 0.00064 
   81   81    1    1    1    1    1    1    1    1  5.48843E+12 0.00071 
   82   82    1    1    1    1    1    1    1    1  4.22100E+12 0.00062 
   83   83    1    1    1    1    1    1    1    1  3.23411E+12 0.00085 
   84   84    1    1    1    1    1    1    1    1  3.01219E+12 0.00071 
   85   85    1    1    1    1    1    1    1    1  2.15901E+12 0.00134 
   86   86    1    1    1    1    1    1    1    1  1.55374E+12 0.00196 
   87   87    1    1    1    1    1    1    1    1  1.44111E+12 0.00151 
   88   88    1    1    1    1    1    1    1    1  8.74483E+11 0.00141 
   89   89    1    1    1    1    1    1    1    1  5.82162E+11 0.00193 
   90   90    1    1    1    1    1    1    1    1  3.32582E+11 0.00365 
   91   91    1    1    1    1    1    1    1    1  4.05067E+11 0.00240 
   92   92    1    1    1    1    1    1    1    1  0.00000E+00 0.00000 
   93   93    1    1    1    1    1    1    1    1  0.00000E+00 0.00000 
   94   94    1    1    1    1    1    1    1    1  0.00000E+00 0.00000 
   95   95    1    1    1    1    1    1    1    1  0.00000E+00 0.00000 
   96   96    1    1    1    1    1    1    1    1  0.00000E+00 0.00000 
   97   97    1    1    1    1    1    1    1    1  0.00000E+00 0.00000 
   98   98    1    1    1    1    1    1    1    1  0.00000E+00 0.00000 
   99   99    1    1    1    1    1    1    1    1  0.00000E+00 0.00000 
  100  100    1    1    1    1    1    1    1    1  0.00000E+00 0.00000 
];


