
DETdpaspec = [
    1    1    1    1    1    1    1    1    1    1  0.00000E+00 0.00000 
    2    2    1    1    1    1    1    1    1    1  0.00000E+00 0.00000 
    3    3    1    1    1    1    1    1    1    1  0.00000E+00 0.00000 
    4    4    1    1    1    1    1    1    1    1  0.00000E+00 0.00000 
    5    5    1    1    1    1    1    1    1    1  0.00000E+00 0.00000 
    6    6    1    1    1    1    1    1    1    1  0.00000E+00 0.00000 
    7    7    1    1    1    1    1    1    1    1  0.00000E+00 0.00000 
    8    8    1    1    1    1    1    1    1    1  0.00000E+00 0.00000 
    9    9    1    1    1    1    1    1    1    1  0.00000E+00 0.00000 
   10   10    1    1    1    1    1    1    1    1  0.00000E+00 0.00000 
   11   11    1    1    1    1    1    1    1    1  0.00000E+00 0.00000 
   12   12    1    1    1    1    1    1    1    1  0.00000E+00 0.00000 
   13   13    1    1    1    1    1    1    1    1  0.00000E+00 0.00000 
   14   14    1    1    1    1    1    1    1    1  0.00000E+00 0.00000 
   15   15    1    1    1    1    1    1    1    1  0.00000E+00 0.00000 
   16   16    1    1    1    1    1    1    1    1  0.00000E+00 0.00000 
   17   17    1    1    1    1    1    1    1    1  0.00000E+00 0.00000 
   18   18    1    1    1    1    1    1    1    1  0.00000E+00 0.00000 
   19   19    1    1    1    1    1    1    1    1  1.27907E+09 0.06939 
   20   20    1    1    1    1    1    1    1    1  1.75496E+08 0.09751 
   21   21    1    1    1    1    1    1    1    1  7.34233E+08 0.07213 
   22   22    1    1    1    1    1    1    1    1  5.76639E+08 0.06414 
   23   23    1    1    1    1    1    1    1    1  1.11411E+09 0.05887 
   24   24    1    1    1    1    1    1    1    1  1.75817E+09 0.03277 
   25   25    1    1    1    1    1    1    1    1  3.27146E+09 0.03774 
   26   26    1    1    1    1    1    1    1    1  4.70140E+09 0.02251 
   27   27    1    1    1    1    1    1    1    1  8.30485E+09 0.02070 
   28   28    1    1    1    1    1    1    1    1  1.73568E+10 0.01391 
   29   29    1    1    1    1    1    1    1    1  4.30546E+10 0.00894 
   30   30    1    1    1    1    1    1    1    1  7.83043E+10 0.00692 
   31   31    1    1    1    1    1    1    1    1  2.08734E+11 0.00427 
   32   32    1    1    1    1    1    1    1    1  6.20534E+11 0.00262 
   33   33    1    1    1    1    1    1    1    1  1.10829E+12 0.00166 
   34   34    1    1    1    1    1    1    1    1  2.58833E+12 0.00114 
   35   35    1    1    1    1    1    1    1    1  3.59653E+12 0.00114 
   36   36    1    1    1    1    1    1    1    1  4.44086E+12 0.00110 
   37   37    1    1    1    1    1    1    1    1  2.95046E+12 0.00083 
   38   38    1    1    1    1    1    1    1    1  8.91422E+11 0.00077 
   39   39    1    1    1    1    1    1    1    1  5.03342E+12 0.00066 
   40   40    1    1    1    1    1    1    1    1  6.76126E+12 0.00051 
   41   41    1    1    1    1    1    1    1    1  1.16446E+13 0.00045 
   42   42    1    1    1    1    1    1    1    1  1.15811E+13 0.00047 
   43   43    1    1    1    1    1    1    1    1  2.47293E+13 0.00044 
   44   44    1    1    1    1    1    1    1    1  2.98037E+13 0.00035 
   45   45    1    1    1    1    1    1    1    1  4.27634E+13 0.00028 
   46   46    1    1    1    1    1    1    1    1  8.49461E+13 0.00026 
   47   47    1    1    1    1    1    1    1    1  3.94891E+13 0.00017 
   48   48    1    1    1    1    1    1    1    1  6.29309E+13 0.00023 
   49   49    1    1    1    1    1    1    1    1  8.75713E+13 0.00027 
   50   50    1    1    1    1    1    1    1    1  8.56076E+13 0.00022 
   51   51    1    1    1    1    1    1    1    1  1.33578E+14 0.00018 
   52   52    1    1    1    1    1    1    1    1  1.04918E+14 0.00016 
   53   53    1    1    1    1    1    1    1    1  1.25047E+14 0.00015 
   54   54    1    1    1    1    1    1    1    1  8.65038E+13 0.00014 
   55   55    1    1    1    1    1    1    1    1  1.06368E+14 0.00020 
   56   56    1    1    1    1    1    1    1    1  7.29537E+13 0.00015 
   57   57    1    1    1    1    1    1    1    1  9.88416E+12 0.00035 
   58   58    1    1    1    1    1    1    1    1  1.44205E+14 0.00013 
   59   59    1    1    1    1    1    1    1    1  6.47071E+13 0.00022 
   60   60    1    1    1    1    1    1    1    1  6.83753E+13 0.00022 
   61   61    1    1    1    1    1    1    1    1  5.34657E+13 0.00019 
   62   62    1    1    1    1    1    1    1    1  5.34625E+13 0.00022 
   63   63    1    1    1    1    1    1    1    1  5.55639E+13 0.00025 
   64   64    1    1    1    1    1    1    1    1  4.66463E+13 0.00027 
   65   65    1    1    1    1    1    1    1    1  3.69335E+13 0.00025 
   66   66    1    1    1    1    1    1    1    1  3.65136E+13 0.00025 
   67   67    1    1    1    1    1    1    1    1  2.63998E+13 0.00032 
   68   68    1    1    1    1    1    1    1    1  2.14415E+13 0.00031 
   69   69    1    1    1    1    1    1    1    1  1.91816E+13 0.00045 
   70   70    1    1    1    1    1    1    1    1  2.30212E+13 0.00034 
   71   71    1    1    1    1    1    1    1    1  1.95158E+13 0.00042 
   72   72    1    1    1    1    1    1    1    1  3.51649E+13 0.00031 
   73   73    1    1    1    1    1    1    1    1  2.47755E+13 0.00041 
   74   74    1    1    1    1    1    1    1    1  1.86649E+13 0.00050 
   75   75    1    1    1    1    1    1    1    1  1.50521E+13 0.00041 
   76   76    1    1    1    1    1    1    1    1  1.25443E+13 0.00040 
   77   77    1    1    1    1    1    1    1    1  1.46048E+13 0.00045 
   78   78    1    1    1    1    1    1    1    1  1.15929E+13 0.00053 
   79   79    1    1    1    1    1    1    1    1  9.25566E+12 0.00081 
   80   80    1    1    1    1    1    1    1    1  9.59115E+12 0.00065 
   81   81    1    1    1    1    1    1    1    1  7.11868E+12 0.00066 
   82   82    1    1    1    1    1    1    1    1  5.49222E+12 0.00078 
   83   83    1    1    1    1    1    1    1    1  4.22087E+12 0.00104 
   84   84    1    1    1    1    1    1    1    1  3.95442E+12 0.00100 
   85   85    1    1    1    1    1    1    1    1  2.84604E+12 0.00117 
   86   86    1    1    1    1    1    1    1    1  2.05874E+12 0.00087 
   87   87    1    1    1    1    1    1    1    1  1.92446E+12 0.00147 
   88   88    1    1    1    1    1    1    1    1  1.18266E+12 0.00140 
   89   89    1    1    1    1    1    1    1    1  7.99100E+11 0.00177 
   90   90    1    1    1    1    1    1    1    1  4.59706E+11 0.00295 
   91   91    1    1    1    1    1    1    1    1  5.83866E+11 0.00221 
   92   92    1    1    1    1    1    1    1    1  0.00000E+00 0.00000 
   93   93    1    1    1    1    1    1    1    1  0.00000E+00 0.00000 
   94   94    1    1    1    1    1    1    1    1  0.00000E+00 0.00000 
   95   95    1    1    1    1    1    1    1    1  0.00000E+00 0.00000 
   96   96    1    1    1    1    1    1    1    1  0.00000E+00 0.00000 
   97   97    1    1    1    1    1    1    1    1  0.00000E+00 0.00000 
   98   98    1    1    1    1    1    1    1    1  0.00000E+00 0.00000 
   99   99    1    1    1    1    1    1    1    1  0.00000E+00 0.00000 
  100  100    1    1    1    1    1    1    1    1  0.00000E+00 0.00000 
];


