
DETdpaspec = [
    1    1    1    1    1    1    1    1    1    1  0.00000E+00 0.00000 
    2    2    1    1    1    1    1    1    1    1  0.00000E+00 0.00000 
    3    3    1    1    1    1    1    1    1    1  0.00000E+00 0.00000 
    4    4    1    1    1    1    1    1    1    1  0.00000E+00 0.00000 
    5    5    1    1    1    1    1    1    1    1  0.00000E+00 0.00000 
    6    6    1    1    1    1    1    1    1    1  0.00000E+00 0.00000 
    7    7    1    1    1    1    1    1    1    1  0.00000E+00 0.00000 
    8    8    1    1    1    1    1    1    1    1  0.00000E+00 0.00000 
    9    9    1    1    1    1    1    1    1    1  0.00000E+00 0.00000 
   10   10    1    1    1    1    1    1    1    1  0.00000E+00 0.00000 
   11   11    1    1    1    1    1    1    1    1  0.00000E+00 0.00000 
   12   12    1    1    1    1    1    1    1    1  0.00000E+00 0.00000 
   13   13    1    1    1    1    1    1    1    1  0.00000E+00 0.00000 
   14   14    1    1    1    1    1    1    1    1  0.00000E+00 0.00000 
   15   15    1    1    1    1    1    1    1    1  0.00000E+00 0.00000 
   16   16    1    1    1    1    1    1    1    1  0.00000E+00 0.00000 
   17   17    1    1    1    1    1    1    1    1  0.00000E+00 0.00000 
   18   18    1    1    1    1    1    1    1    1  0.00000E+00 0.00000 
   19   19    1    1    1    1    1    1    1    1  1.72811E+09 0.05439 
   20   20    1    1    1    1    1    1    1    1  2.89700E+08 0.09964 
   21   21    1    1    1    1    1    1    1    1  9.37512E+08 0.05137 
   22   22    1    1    1    1    1    1    1    1  7.13447E+08 0.03943 
   23   23    1    1    1    1    1    1    1    1  1.61498E+09 0.04329 
   24   24    1    1    1    1    1    1    1    1  2.34549E+09 0.03171 
   25   25    1    1    1    1    1    1    1    1  4.17182E+09 0.02575 
   26   26    1    1    1    1    1    1    1    1  5.09991E+09 0.01952 
   27   27    1    1    1    1    1    1    1    1  8.34465E+09 0.01683 
   28   28    1    1    1    1    1    1    1    1  1.57848E+10 0.01716 
   29   29    1    1    1    1    1    1    1    1  3.40692E+10 0.01082 
   30   30    1    1    1    1    1    1    1    1  5.44946E+10 0.00653 
   31   31    1    1    1    1    1    1    1    1  1.59234E+11 0.00458 
   32   32    1    1    1    1    1    1    1    1  4.97596E+11 0.00271 
   33   33    1    1    1    1    1    1    1    1  9.29760E+11 0.00155 
   34   34    1    1    1    1    1    1    1    1  2.18679E+12 0.00112 
   35   35    1    1    1    1    1    1    1    1  3.03504E+12 0.00080 
   36   36    1    1    1    1    1    1    1    1  4.07176E+12 0.00076 
   37   37    1    1    1    1    1    1    1    1  2.81399E+12 0.00077 
   38   38    1    1    1    1    1    1    1    1  8.68582E+11 0.00089 
   39   39    1    1    1    1    1    1    1    1  4.82218E+12 0.00059 
   40   40    1    1    1    1    1    1    1    1  6.48958E+12 0.00066 
   41   41    1    1    1    1    1    1    1    1  1.11313E+13 0.00052 
   42   42    1    1    1    1    1    1    1    1  1.13049E+13 0.00042 
   43   43    1    1    1    1    1    1    1    1  2.38372E+13 0.00040 
   44   44    1    1    1    1    1    1    1    1  2.87754E+13 0.00036 
   45   45    1    1    1    1    1    1    1    1  4.14046E+13 0.00034 
   46   46    1    1    1    1    1    1    1    1  8.20840E+13 0.00024 
   47   47    1    1    1    1    1    1    1    1  3.87965E+13 0.00023 
   48   48    1    1    1    1    1    1    1    1  6.23012E+13 0.00027 
   49   49    1    1    1    1    1    1    1    1  8.70259E+13 0.00019 
   50   50    1    1    1    1    1    1    1    1  8.56857E+13 0.00020 
   51   51    1    1    1    1    1    1    1    1  1.33145E+14 0.00017 
   52   52    1    1    1    1    1    1    1    1  1.06297E+14 0.00016 
   53   53    1    1    1    1    1    1    1    1  1.25501E+14 0.00014 
   54   54    1    1    1    1    1    1    1    1  8.74712E+13 0.00015 
   55   55    1    1    1    1    1    1    1    1  1.06507E+14 0.00015 
   56   56    1    1    1    1    1    1    1    1  7.34876E+13 0.00020 
   57   57    1    1    1    1    1    1    1    1  1.00157E+13 0.00035 
   58   58    1    1    1    1    1    1    1    1  1.45814E+14 0.00013 
   59   59    1    1    1    1    1    1    1    1  6.45631E+13 0.00022 
   60   60    1    1    1    1    1    1    1    1  6.87388E+13 0.00020 
   61   61    1    1    1    1    1    1    1    1  5.32788E+13 0.00020 
   62   62    1    1    1    1    1    1    1    1  5.34682E+13 0.00018 
   63   63    1    1    1    1    1    1    1    1  5.55393E+13 0.00025 
   64   64    1    1    1    1    1    1    1    1  4.66223E+13 0.00025 
   65   65    1    1    1    1    1    1    1    1  3.70447E+13 0.00029 
   66   66    1    1    1    1    1    1    1    1  3.67057E+13 0.00028 
   67   67    1    1    1    1    1    1    1    1  2.66254E+13 0.00037 
   68   68    1    1    1    1    1    1    1    1  2.17339E+13 0.00035 
   69   69    1    1    1    1    1    1    1    1  1.94942E+13 0.00035 
   70   70    1    1    1    1    1    1    1    1  2.34318E+13 0.00032 
   71   71    1    1    1    1    1    1    1    1  1.99645E+13 0.00032 
   72   72    1    1    1    1    1    1    1    1  3.65014E+13 0.00044 
   73   73    1    1    1    1    1    1    1    1  2.58621E+13 0.00035 
   74   74    1    1    1    1    1    1    1    1  1.94899E+13 0.00047 
   75   75    1    1    1    1    1    1    1    1  1.56004E+13 0.00059 
   76   76    1    1    1    1    1    1    1    1  1.28895E+13 0.00054 
   77   77    1    1    1    1    1    1    1    1  1.48714E+13 0.00049 
   78   78    1    1    1    1    1    1    1    1  1.17143E+13 0.00052 
   79   79    1    1    1    1    1    1    1    1  9.28129E+12 0.00066 
   80   80    1    1    1    1    1    1    1    1  9.56883E+12 0.00063 
   81   81    1    1    1    1    1    1    1    1  7.08278E+12 0.00068 
   82   82    1    1    1    1    1    1    1    1  5.44485E+12 0.00079 
   83   83    1    1    1    1    1    1    1    1  4.19101E+12 0.00102 
   84   84    1    1    1    1    1    1    1    1  3.92327E+12 0.00085 
   85   85    1    1    1    1    1    1    1    1  2.82648E+12 0.00101 
   86   86    1    1    1    1    1    1    1    1  2.03117E+12 0.00113 
   87   87    1    1    1    1    1    1    1    1  1.90299E+12 0.00144 
   88   88    1    1    1    1    1    1    1    1  1.17302E+12 0.00169 
   89   89    1    1    1    1    1    1    1    1  7.96237E+11 0.00164 
   90   90    1    1    1    1    1    1    1    1  4.62196E+11 0.00312 
   91   91    1    1    1    1    1    1    1    1  5.87552E+11 0.00243 
   92   92    1    1    1    1    1    1    1    1  0.00000E+00 0.00000 
   93   93    1    1    1    1    1    1    1    1  0.00000E+00 0.00000 
   94   94    1    1    1    1    1    1    1    1  0.00000E+00 0.00000 
   95   95    1    1    1    1    1    1    1    1  0.00000E+00 0.00000 
   96   96    1    1    1    1    1    1    1    1  0.00000E+00 0.00000 
   97   97    1    1    1    1    1    1    1    1  0.00000E+00 0.00000 
   98   98    1    1    1    1    1    1    1    1  0.00000E+00 0.00000 
   99   99    1    1    1    1    1    1    1    1  0.00000E+00 0.00000 
  100  100    1    1    1    1    1    1    1    1  0.00000E+00 0.00000 
];


