
DETdpaspec = [
    1    1    1    1    1    1    1    1    1    1  0.00000E+00 0.00000 
    2    2    1    1    1    1    1    1    1    1  0.00000E+00 0.00000 
    3    3    1    1    1    1    1    1    1    1  0.00000E+00 0.00000 
    4    4    1    1    1    1    1    1    1    1  0.00000E+00 0.00000 
    5    5    1    1    1    1    1    1    1    1  0.00000E+00 0.00000 
    6    6    1    1    1    1    1    1    1    1  0.00000E+00 0.00000 
    7    7    1    1    1    1    1    1    1    1  0.00000E+00 0.00000 
    8    8    1    1    1    1    1    1    1    1  0.00000E+00 0.00000 
    9    9    1    1    1    1    1    1    1    1  0.00000E+00 0.00000 
   10   10    1    1    1    1    1    1    1    1  0.00000E+00 0.00000 
   11   11    1    1    1    1    1    1    1    1  0.00000E+00 0.00000 
   12   12    1    1    1    1    1    1    1    1  0.00000E+00 0.00000 
   13   13    1    1    1    1    1    1    1    1  0.00000E+00 0.00000 
   14   14    1    1    1    1    1    1    1    1  0.00000E+00 0.00000 
   15   15    1    1    1    1    1    1    1    1  0.00000E+00 0.00000 
   16   16    1    1    1    1    1    1    1    1  0.00000E+00 0.00000 
   17   17    1    1    1    1    1    1    1    1  0.00000E+00 0.00000 
   18   18    1    1    1    1    1    1    1    1  0.00000E+00 0.00000 
   19   19    1    1    1    1    1    1    1    1  6.50280E+08 0.17543 
   20   20    1    1    1    1    1    1    1    1  9.75379E+07 0.13755 
   21   21    1    1    1    1    1    1    1    1  4.37878E+08 0.10936 
   22   22    1    1    1    1    1    1    1    1  1.25391E+09 0.05439 
   23   23    1    1    1    1    1    1    1    1  5.71695E+09 0.02961 
   24   24    1    1    1    1    1    1    1    1  2.39066E+10 0.01026 
   25   25    1    1    1    1    1    1    1    1  6.62450E+10 0.00582 
   26   26    1    1    1    1    1    1    1    1  9.99137E+10 0.00593 
   27   27    1    1    1    1    1    1    1    1  1.95100E+11 0.00338 
   28   28    1    1    1    1    1    1    1    1  3.48463E+11 0.00359 
   29   29    1    1    1    1    1    1    1    1  6.03301E+11 0.00250 
   30   30    1    1    1    1    1    1    1    1  8.78905E+11 0.00164 
   31   31    1    1    1    1    1    1    1    1  1.57806E+12 0.00169 
   32   32    1    1    1    1    1    1    1    1  2.93983E+12 0.00126 
   33   33    1    1    1    1    1    1    1    1  4.04281E+12 0.00110 
   34   34    1    1    1    1    1    1    1    1  7.51079E+12 0.00086 
   35   35    1    1    1    1    1    1    1    1  8.80935E+12 0.00061 
   36   36    1    1    1    1    1    1    1    1  8.69770E+12 0.00042 
   37   37    1    1    1    1    1    1    1    1  5.09295E+12 0.00055 
   38   38    1    1    1    1    1    1    1    1  1.47382E+12 0.00051 
   39   39    1    1    1    1    1    1    1    1  8.35469E+12 0.00044 
   40   40    1    1    1    1    1    1    1    1  1.08527E+13 0.00038 
   41   41    1    1    1    1    1    1    1    1  1.80958E+13 0.00044 
   42   42    1    1    1    1    1    1    1    1  1.69947E+13 0.00040 
   43   43    1    1    1    1    1    1    1    1  3.56287E+13 0.00032 
   44   44    1    1    1    1    1    1    1    1  4.13017E+13 0.00028 
   45   45    1    1    1    1    1    1    1    1  5.68487E+13 0.00031 
   46   46    1    1    1    1    1    1    1    1  1.07043E+14 0.00014 
   47   47    1    1    1    1    1    1    1    1  4.67213E+13 0.00020 
   48   48    1    1    1    1    1    1    1    1  7.24358E+13 0.00021 
   49   49    1    1    1    1    1    1    1    1  9.70454E+13 0.00015 
   50   50    1    1    1    1    1    1    1    1  9.18361E+13 0.00016 
   51   51    1    1    1    1    1    1    1    1  1.39555E+14 0.00016 
   52   52    1    1    1    1    1    1    1    1  1.04575E+14 0.00015 
   53   53    1    1    1    1    1    1    1    1  1.23283E+14 0.00012 
   54   54    1    1    1    1    1    1    1    1  8.26027E+13 0.00017 
   55   55    1    1    1    1    1    1    1    1  1.01006E+14 0.00017 
   56   56    1    1    1    1    1    1    1    1  6.79297E+13 0.00018 
   57   57    1    1    1    1    1    1    1    1  9.09852E+12 0.00034 
   58   58    1    1    1    1    1    1    1    1  1.31507E+14 0.00014 
   59   59    1    1    1    1    1    1    1    1  5.89806E+13 0.00019 
   60   60    1    1    1    1    1    1    1    1  6.11235E+13 0.00019 
   61   61    1    1    1    1    1    1    1    1  4.77708E+13 0.00019 
   62   62    1    1    1    1    1    1    1    1  4.72141E+13 0.00021 
   63   63    1    1    1    1    1    1    1    1  4.86250E+13 0.00025 
   64   64    1    1    1    1    1    1    1    1  4.03822E+13 0.00028 
   65   65    1    1    1    1    1    1    1    1  3.15600E+13 0.00020 
   66   66    1    1    1    1    1    1    1    1  3.08490E+13 0.00025 
   67   67    1    1    1    1    1    1    1    1  2.20175E+13 0.00033 
   68   68    1    1    1    1    1    1    1    1  1.76773E+13 0.00027 
   69   69    1    1    1    1    1    1    1    1  1.56886E+13 0.00040 
   70   70    1    1    1    1    1    1    1    1  1.86397E+13 0.00038 
   71   71    1    1    1    1    1    1    1    1  1.56140E+13 0.00043 
   72   72    1    1    1    1    1    1    1    1  2.73302E+13 0.00041 
   73   73    1    1    1    1    1    1    1    1  1.88902E+13 0.00029 
   74   74    1    1    1    1    1    1    1    1  1.41093E+13 0.00038 
   75   75    1    1    1    1    1    1    1    1  1.14082E+13 0.00041 
   76   76    1    1    1    1    1    1    1    1  9.54871E+12 0.00056 
   77   77    1    1    1    1    1    1    1    1  1.11328E+13 0.00041 
   78   78    1    1    1    1    1    1    1    1  8.87340E+12 0.00059 
   79   79    1    1    1    1    1    1    1    1  7.10255E+12 0.00066 
   80   80    1    1    1    1    1    1    1    1  7.34783E+12 0.00064 
   81   81    1    1    1    1    1    1    1    1  5.42942E+12 0.00050 
   82   82    1    1    1    1    1    1    1    1  4.18048E+12 0.00087 
   83   83    1    1    1    1    1    1    1    1  3.19955E+12 0.00075 
   84   84    1    1    1    1    1    1    1    1  2.97702E+12 0.00113 
   85   85    1    1    1    1    1    1    1    1  2.12812E+12 0.00123 
   86   86    1    1    1    1    1    1    1    1  1.53143E+12 0.00115 
   87   87    1    1    1    1    1    1    1    1  1.42193E+12 0.00131 
   88   88    1    1    1    1    1    1    1    1  8.61397E+11 0.00153 
   89   89    1    1    1    1    1    1    1    1  5.74844E+11 0.00234 
   90   90    1    1    1    1    1    1    1    1  3.26876E+11 0.00251 
   91   91    1    1    1    1    1    1    1    1  3.98093E+11 0.00243 
   92   92    1    1    1    1    1    1    1    1  0.00000E+00 0.00000 
   93   93    1    1    1    1    1    1    1    1  0.00000E+00 0.00000 
   94   94    1    1    1    1    1    1    1    1  0.00000E+00 0.00000 
   95   95    1    1    1    1    1    1    1    1  0.00000E+00 0.00000 
   96   96    1    1    1    1    1    1    1    1  0.00000E+00 0.00000 
   97   97    1    1    1    1    1    1    1    1  0.00000E+00 0.00000 
   98   98    1    1    1    1    1    1    1    1  0.00000E+00 0.00000 
   99   99    1    1    1    1    1    1    1    1  0.00000E+00 0.00000 
  100  100    1    1    1    1    1    1    1    1  0.00000E+00 0.00000 
];


