
DETdpaspec = [
    1    1    1    1    1    1    1    1    1    1  0.00000E+00 0.00000 
    2    2    1    1    1    1    1    1    1    1  0.00000E+00 0.00000 
    3    3    1    1    1    1    1    1    1    1  0.00000E+00 0.00000 
    4    4    1    1    1    1    1    1    1    1  0.00000E+00 0.00000 
    5    5    1    1    1    1    1    1    1    1  0.00000E+00 0.00000 
    6    6    1    1    1    1    1    1    1    1  0.00000E+00 0.00000 
    7    7    1    1    1    1    1    1    1    1  0.00000E+00 0.00000 
    8    8    1    1    1    1    1    1    1    1  0.00000E+00 0.00000 
    9    9    1    1    1    1    1    1    1    1  0.00000E+00 0.00000 
   10   10    1    1    1    1    1    1    1    1  0.00000E+00 0.00000 
   11   11    1    1    1    1    1    1    1    1  0.00000E+00 0.00000 
   12   12    1    1    1    1    1    1    1    1  0.00000E+00 0.00000 
   13   13    1    1    1    1    1    1    1    1  0.00000E+00 0.00000 
   14   14    1    1    1    1    1    1    1    1  0.00000E+00 0.00000 
   15   15    1    1    1    1    1    1    1    1  0.00000E+00 0.00000 
   16   16    1    1    1    1    1    1    1    1  0.00000E+00 0.00000 
   17   17    1    1    1    1    1    1    1    1  0.00000E+00 0.00000 
   18   18    1    1    1    1    1    1    1    1  0.00000E+00 0.00000 
   19   19    1    1    1    1    1    1    1    1  5.29581E+08 0.25966 
   20   20    1    1    1    1    1    1    1    1  8.39455E+07 0.16774 
   21   21    1    1    1    1    1    1    1    1  9.06376E+08 0.06136 
   22   22    1    1    1    1    1    1    1    1  4.72103E+09 0.02381 
   23   23    1    1    1    1    1    1    1    1  1.86520E+10 0.01296 
   24   24    1    1    1    1    1    1    1    1  6.11625E+10 0.00949 
   25   25    1    1    1    1    1    1    1    1  1.41523E+11 0.00423 
   26   26    1    1    1    1    1    1    1    1  1.91346E+11 0.00421 
   27   27    1    1    1    1    1    1    1    1  3.46056E+11 0.00238 
   28   28    1    1    1    1    1    1    1    1  5.65671E+11 0.00253 
   29   29    1    1    1    1    1    1    1    1  8.83148E+11 0.00213 
   30   30    1    1    1    1    1    1    1    1  1.21817E+12 0.00198 
   31   31    1    1    1    1    1    1    1    1  2.08440E+12 0.00158 
   32   32    1    1    1    1    1    1    1    1  3.60887E+12 0.00120 
   33   33    1    1    1    1    1    1    1    1  4.79597E+12 0.00079 
   34   34    1    1    1    1    1    1    1    1  8.59509E+12 0.00048 
   35   35    1    1    1    1    1    1    1    1  9.81671E+12 0.00049 
   36   36    1    1    1    1    1    1    1    1  9.47848E+12 0.00045 
   37   37    1    1    1    1    1    1    1    1  5.47943E+12 0.00033 
   38   38    1    1    1    1    1    1    1    1  1.57910E+12 0.00047 
   39   39    1    1    1    1    1    1    1    1  8.93884E+12 0.00032 
   40   40    1    1    1    1    1    1    1    1  1.15608E+13 0.00035 
   41   41    1    1    1    1    1    1    1    1  1.91701E+13 0.00035 
   42   42    1    1    1    1    1    1    1    1  1.78932E+13 0.00026 
   43   43    1    1    1    1    1    1    1    1  3.73633E+13 0.00030 
   44   44    1    1    1    1    1    1    1    1  4.30713E+13 0.00026 
   45   45    1    1    1    1    1    1    1    1  5.89342E+13 0.00018 
   46   46    1    1    1    1    1    1    1    1  1.10116E+14 0.00020 
   47   47    1    1    1    1    1    1    1    1  4.77087E+13 0.00019 
   48   48    1    1    1    1    1    1    1    1  7.37160E+13 0.00018 
   49   49    1    1    1    1    1    1    1    1  9.82416E+13 0.00018 
   50   50    1    1    1    1    1    1    1    1  9.26536E+13 0.00015 
   51   51    1    1    1    1    1    1    1    1  1.40084E+14 0.00015 
   52   52    1    1    1    1    1    1    1    1  1.04423E+14 0.00012 
   53   53    1    1    1    1    1    1    1    1  1.22732E+14 0.00012 
   54   54    1    1    1    1    1    1    1    1  8.19135E+13 0.00016 
   55   55    1    1    1    1    1    1    1    1  9.99310E+13 0.00011 
   56   56    1    1    1    1    1    1    1    1  6.70378E+13 0.00016 
   57   57    1    1    1    1    1    1    1    1  8.97244E+12 0.00030 
   58   58    1    1    1    1    1    1    1    1  1.29426E+14 0.00015 
   59   59    1    1    1    1    1    1    1    1  5.79707E+13 0.00020 
   60   60    1    1    1    1    1    1    1    1  5.99351E+13 0.00017 
   61   61    1    1    1    1    1    1    1    1  4.67614E+13 0.00016 
   62   62    1    1    1    1    1    1    1    1  4.61809E+13 0.00019 
   63   63    1    1    1    1    1    1    1    1  4.74754E+13 0.00023 
   64   64    1    1    1    1    1    1    1    1  3.93535E+13 0.00032 
   65   65    1    1    1    1    1    1    1    1  3.07220E+13 0.00023 
   66   66    1    1    1    1    1    1    1    1  2.99734E+13 0.00034 
   67   67    1    1    1    1    1    1    1    1  2.13775E+13 0.00019 
   68   68    1    1    1    1    1    1    1    1  1.71325E+13 0.00029 
   69   69    1    1    1    1    1    1    1    1  1.51929E+13 0.00033 
   70   70    1    1    1    1    1    1    1    1  1.80433E+13 0.00031 
   71   71    1    1    1    1    1    1    1    1  1.50912E+13 0.00043 
   72   72    1    1    1    1    1    1    1    1  2.63426E+13 0.00031 
   73   73    1    1    1    1    1    1    1    1  1.81412E+13 0.00036 
   74   74    1    1    1    1    1    1    1    1  1.35103E+13 0.00038 
   75   75    1    1    1    1    1    1    1    1  1.09150E+13 0.00042 
   76   76    1    1    1    1    1    1    1    1  9.11794E+12 0.00042 
   77   77    1    1    1    1    1    1    1    1  1.06019E+13 0.00040 
   78   78    1    1    1    1    1    1    1    1  8.43169E+12 0.00063 
   79   79    1    1    1    1    1    1    1    1  6.72619E+12 0.00054 
   80   80    1    1    1    1    1    1    1    1  6.92933E+12 0.00052 
   81   81    1    1    1    1    1    1    1    1  5.10678E+12 0.00073 
   82   82    1    1    1    1    1    1    1    1  3.89641E+12 0.00077 
   83   83    1    1    1    1    1    1    1    1  2.97582E+12 0.00081 
   84   84    1    1    1    1    1    1    1    1  2.75833E+12 0.00104 
   85   85    1    1    1    1    1    1    1    1  1.96528E+12 0.00133 
   86   86    1    1    1    1    1    1    1    1  1.40126E+12 0.00140 
   87   87    1    1    1    1    1    1    1    1  1.29711E+12 0.00140 
   88   88    1    1    1    1    1    1    1    1  7.74412E+11 0.00183 
   89   89    1    1    1    1    1    1    1    1  5.11834E+11 0.00208 
   90   90    1    1    1    1    1    1    1    1  2.87109E+11 0.00316 
   91   91    1    1    1    1    1    1    1    1  3.41464E+11 0.00352 
   92   92    1    1    1    1    1    1    1    1  0.00000E+00 0.00000 
   93   93    1    1    1    1    1    1    1    1  0.00000E+00 0.00000 
   94   94    1    1    1    1    1    1    1    1  0.00000E+00 0.00000 
   95   95    1    1    1    1    1    1    1    1  0.00000E+00 0.00000 
   96   96    1    1    1    1    1    1    1    1  0.00000E+00 0.00000 
   97   97    1    1    1    1    1    1    1    1  0.00000E+00 0.00000 
   98   98    1    1    1    1    1    1    1    1  0.00000E+00 0.00000 
   99   99    1    1    1    1    1    1    1    1  0.00000E+00 0.00000 
  100  100    1    1    1    1    1    1    1    1  0.00000E+00 0.00000 
];


