
DETdpaspec = [
    1    1    1    1    1    1    1    1    1    1  0.00000E+00 0.00000 
    2    2    1    1    1    1    1    1    1    1  0.00000E+00 0.00000 
    3    3    1    1    1    1    1    1    1    1  0.00000E+00 0.00000 
    4    4    1    1    1    1    1    1    1    1  0.00000E+00 0.00000 
    5    5    1    1    1    1    1    1    1    1  0.00000E+00 0.00000 
    6    6    1    1    1    1    1    1    1    1  0.00000E+00 0.00000 
    7    7    1    1    1    1    1    1    1    1  0.00000E+00 0.00000 
    8    8    1    1    1    1    1    1    1    1  0.00000E+00 0.00000 
    9    9    1    1    1    1    1    1    1    1  0.00000E+00 0.00000 
   10   10    1    1    1    1    1    1    1    1  0.00000E+00 0.00000 
   11   11    1    1    1    1    1    1    1    1  0.00000E+00 0.00000 
   12   12    1    1    1    1    1    1    1    1  0.00000E+00 0.00000 
   13   13    1    1    1    1    1    1    1    1  0.00000E+00 0.00000 
   14   14    1    1    1    1    1    1    1    1  0.00000E+00 0.00000 
   15   15    1    1    1    1    1    1    1    1  0.00000E+00 0.00000 
   16   16    1    1    1    1    1    1    1    1  0.00000E+00 0.00000 
   17   17    1    1    1    1    1    1    1    1  0.00000E+00 0.00000 
   18   18    1    1    1    1    1    1    1    1  0.00000E+00 0.00000 
   19   19    1    1    1    1    1    1    1    1  1.29942E+09 0.10648 
   20   20    1    1    1    1    1    1    1    1  1.91978E+08 0.09518 
   21   21    1    1    1    1    1    1    1    1  6.80350E+08 0.08734 
   22   22    1    1    1    1    1    1    1    1  4.98553E+08 0.06359 
   23   23    1    1    1    1    1    1    1    1  1.14178E+09 0.04793 
   24   24    1    1    1    1    1    1    1    1  1.89856E+09 0.03323 
   25   25    1    1    1    1    1    1    1    1  3.34067E+09 0.02667 
   26   26    1    1    1    1    1    1    1    1  4.81553E+09 0.02704 
   27   27    1    1    1    1    1    1    1    1  9.26718E+09 0.02156 
   28   28    1    1    1    1    1    1    1    1  2.10994E+10 0.01444 
   29   29    1    1    1    1    1    1    1    1  5.32663E+10 0.00931 
   30   30    1    1    1    1    1    1    1    1  9.77205E+10 0.00745 
   31   31    1    1    1    1    1    1    1    1  2.49648E+11 0.00411 
   32   32    1    1    1    1    1    1    1    1  7.15314E+11 0.00219 
   33   33    1    1    1    1    1    1    1    1  1.24585E+12 0.00167 
   34   34    1    1    1    1    1    1    1    1  2.87476E+12 0.00096 
   35   35    1    1    1    1    1    1    1    1  3.95162E+12 0.00061 
   36   36    1    1    1    1    1    1    1    1  4.72410E+12 0.00062 
   37   37    1    1    1    1    1    1    1    1  3.08733E+12 0.00067 
   38   38    1    1    1    1    1    1    1    1  9.26966E+11 0.00070 
   39   39    1    1    1    1    1    1    1    1  5.24859E+12 0.00060 
   40   40    1    1    1    1    1    1    1    1  7.03927E+12 0.00059 
   41   41    1    1    1    1    1    1    1    1  1.21108E+13 0.00042 
   42   42    1    1    1    1    1    1    1    1  1.19461E+13 0.00054 
   43   43    1    1    1    1    1    1    1    1  2.55353E+13 0.00048 
   44   44    1    1    1    1    1    1    1    1  3.06614E+13 0.00035 
   45   45    1    1    1    1    1    1    1    1  4.38597E+13 0.00031 
   46   46    1    1    1    1    1    1    1    1  8.69002E+13 0.00022 
   47   47    1    1    1    1    1    1    1    1  4.01071E+13 0.00029 
   48   48    1    1    1    1    1    1    1    1  6.36857E+13 0.00024 
   49   49    1    1    1    1    1    1    1    1  8.82669E+13 0.00020 
   50   50    1    1    1    1    1    1    1    1  8.60135E+13 0.00022 
   51   51    1    1    1    1    1    1    1    1  1.34138E+14 0.00020 
   52   52    1    1    1    1    1    1    1    1  1.04736E+14 0.00016 
   53   53    1    1    1    1    1    1    1    1  1.24953E+14 0.00015 
   54   54    1    1    1    1    1    1    1    1  8.61251E+13 0.00018 
   55   55    1    1    1    1    1    1    1    1  1.06090E+14 0.00016 
   56   56    1    1    1    1    1    1    1    1  7.26129E+13 0.00014 
   57   57    1    1    1    1    1    1    1    1  9.81661E+12 0.00043 
   58   58    1    1    1    1    1    1    1    1  1.43257E+14 0.00014 
   59   59    1    1    1    1    1    1    1    1  6.44557E+13 0.00026 
   60   60    1    1    1    1    1    1    1    1  6.79025E+13 0.00025 
   61   61    1    1    1    1    1    1    1    1  5.31963E+13 0.00025 
   62   62    1    1    1    1    1    1    1    1  5.31010E+13 0.00025 
   63   63    1    1    1    1    1    1    1    1  5.51626E+13 0.00023 
   64   64    1    1    1    1    1    1    1    1  4.62774E+13 0.00024 
   65   65    1    1    1    1    1    1    1    1  3.65851E+13 0.00030 
   66   66    1    1    1    1    1    1    1    1  3.61290E+13 0.00029 
   67   67    1    1    1    1    1    1    1    1  2.60834E+13 0.00036 
   68   68    1    1    1    1    1    1    1    1  2.11432E+13 0.00036 
   69   69    1    1    1    1    1    1    1    1  1.89049E+13 0.00039 
   70   70    1    1    1    1    1    1    1    1  2.26569E+13 0.00041 
   71   71    1    1    1    1    1    1    1    1  1.91866E+13 0.00030 
   72   72    1    1    1    1    1    1    1    1  3.43936E+13 0.00029 
   73   73    1    1    1    1    1    1    1    1  2.41717E+13 0.00031 
   74   74    1    1    1    1    1    1    1    1  1.81841E+13 0.00042 
   75   75    1    1    1    1    1    1    1    1  1.47014E+13 0.00032 
   76   76    1    1    1    1    1    1    1    1  1.22705E+13 0.00038 
   77   77    1    1    1    1    1    1    1    1  1.42990E+13 0.00044 
   78   78    1    1    1    1    1    1    1    1  1.13838E+13 0.00055 
   79   79    1    1    1    1    1    1    1    1  9.09079E+12 0.00078 
   80   80    1    1    1    1    1    1    1    1  9.43941E+12 0.00052 
   81   81    1    1    1    1    1    1    1    1  7.01293E+12 0.00068 
   82   82    1    1    1    1    1    1    1    1  5.41733E+12 0.00066 
   83   83    1    1    1    1    1    1    1    1  4.16265E+12 0.00073 
   84   84    1    1    1    1    1    1    1    1  3.89850E+12 0.00092 
   85   85    1    1    1    1    1    1    1    1  2.80532E+12 0.00122 
   86   86    1    1    1    1    1    1    1    1  2.02911E+12 0.00118 
   87   87    1    1    1    1    1    1    1    1  1.89931E+12 0.00158 
   88   88    1    1    1    1    1    1    1    1  1.16736E+12 0.00186 
   89   89    1    1    1    1    1    1    1    1  7.85394E+11 0.00199 
   90   90    1    1    1    1    1    1    1    1  4.53810E+11 0.00251 
   91   91    1    1    1    1    1    1    1    1  5.74881E+11 0.00323 
   92   92    1    1    1    1    1    1    1    1  0.00000E+00 0.00000 
   93   93    1    1    1    1    1    1    1    1  0.00000E+00 0.00000 
   94   94    1    1    1    1    1    1    1    1  0.00000E+00 0.00000 
   95   95    1    1    1    1    1    1    1    1  0.00000E+00 0.00000 
   96   96    1    1    1    1    1    1    1    1  0.00000E+00 0.00000 
   97   97    1    1    1    1    1    1    1    1  0.00000E+00 0.00000 
   98   98    1    1    1    1    1    1    1    1  0.00000E+00 0.00000 
   99   99    1    1    1    1    1    1    1    1  0.00000E+00 0.00000 
  100  100    1    1    1    1    1    1    1    1  0.00000E+00 0.00000 
];


