
DETdpaspec = [
    1    1    1    1    1    1    1    1    1    1  0.00000E+00 0.00000 
    2    2    1    1    1    1    1    1    1    1  0.00000E+00 0.00000 
    3    3    1    1    1    1    1    1    1    1  0.00000E+00 0.00000 
    4    4    1    1    1    1    1    1    1    1  0.00000E+00 0.00000 
    5    5    1    1    1    1    1    1    1    1  0.00000E+00 0.00000 
    6    6    1    1    1    1    1    1    1    1  0.00000E+00 0.00000 
    7    7    1    1    1    1    1    1    1    1  0.00000E+00 0.00000 
    8    8    1    1    1    1    1    1    1    1  0.00000E+00 0.00000 
    9    9    1    1    1    1    1    1    1    1  0.00000E+00 0.00000 
   10   10    1    1    1    1    1    1    1    1  0.00000E+00 0.00000 
   11   11    1    1    1    1    1    1    1    1  0.00000E+00 0.00000 
   12   12    1    1    1    1    1    1    1    1  0.00000E+00 0.00000 
   13   13    1    1    1    1    1    1    1    1  0.00000E+00 0.00000 
   14   14    1    1    1    1    1    1    1    1  0.00000E+00 0.00000 
   15   15    1    1    1    1    1    1    1    1  0.00000E+00 0.00000 
   16   16    1    1    1    1    1    1    1    1  0.00000E+00 0.00000 
   17   17    1    1    1    1    1    1    1    1  0.00000E+00 0.00000 
   18   18    1    1    1    1    1    1    1    1  0.00000E+00 0.00000 
   19   19    1    1    1    1    1    1    1    1  1.36582E+09 0.07063 
   20   20    1    1    1    1    1    1    1    1  1.64077E+08 0.10351 
   21   21    1    1    1    1    1    1    1    1  6.97771E+08 0.06353 
   22   22    1    1    1    1    1    1    1    1  5.47342E+08 0.05617 
   23   23    1    1    1    1    1    1    1    1  1.29424E+09 0.05479 
   24   24    1    1    1    1    1    1    1    1  2.00000E+09 0.02456 
   25   25    1    1    1    1    1    1    1    1  3.34103E+09 0.02946 
   26   26    1    1    1    1    1    1    1    1  4.47297E+09 0.02405 
   27   27    1    1    1    1    1    1    1    1  7.81316E+09 0.02011 
   28   28    1    1    1    1    1    1    1    1  1.57868E+10 0.01294 
   29   29    1    1    1    1    1    1    1    1  3.88969E+10 0.00980 
   30   30    1    1    1    1    1    1    1    1  6.83152E+10 0.00700 
   31   31    1    1    1    1    1    1    1    1  1.85918E+11 0.00410 
   32   32    1    1    1    1    1    1    1    1  5.63793E+11 0.00308 
   33   33    1    1    1    1    1    1    1    1  1.02359E+12 0.00228 
   34   34    1    1    1    1    1    1    1    1  2.41591E+12 0.00140 
   35   35    1    1    1    1    1    1    1    1  3.37295E+12 0.00092 
   36   36    1    1    1    1    1    1    1    1  4.27061E+12 0.00070 
   37   37    1    1    1    1    1    1    1    1  2.87158E+12 0.00076 
   38   38    1    1    1    1    1    1    1    1  8.73065E+11 0.00082 
   39   39    1    1    1    1    1    1    1    1  4.90431E+12 0.00067 
   40   40    1    1    1    1    1    1    1    1  6.60075E+12 0.00076 
   41   41    1    1    1    1    1    1    1    1  1.13728E+13 0.00053 
   42   42    1    1    1    1    1    1    1    1  1.13782E+13 0.00053 
   43   43    1    1    1    1    1    1    1    1  2.42715E+13 0.00046 
   44   44    1    1    1    1    1    1    1    1  2.92858E+13 0.00044 
   45   45    1    1    1    1    1    1    1    1  4.20963E+13 0.00042 
   46   46    1    1    1    1    1    1    1    1  8.37391E+13 0.00026 
   47   47    1    1    1    1    1    1    1    1  3.91521E+13 0.00022 
   48   48    1    1    1    1    1    1    1    1  6.25358E+13 0.00022 
   49   49    1    1    1    1    1    1    1    1  8.71706E+13 0.00018 
   50   50    1    1    1    1    1    1    1    1  8.54167E+13 0.00019 
   51   51    1    1    1    1    1    1    1    1  1.33247E+14 0.00016 
   52   52    1    1    1    1    1    1    1    1  1.05214E+14 0.00020 
   53   53    1    1    1    1    1    1    1    1  1.25158E+14 0.00013 
   54   54    1    1    1    1    1    1    1    1  8.67507E+13 0.00015 
   55   55    1    1    1    1    1    1    1    1  1.06507E+14 0.00013 
   56   56    1    1    1    1    1    1    1    1  7.31792E+13 0.00019 
   57   57    1    1    1    1    1    1    1    1  9.93130E+12 0.00035 
   58   58    1    1    1    1    1    1    1    1  1.44879E+14 0.00018 
   59   59    1    1    1    1    1    1    1    1  6.48060E+13 0.00016 
   60   60    1    1    1    1    1    1    1    1  6.86313E+13 0.00022 
   61   61    1    1    1    1    1    1    1    1  5.35515E+13 0.00021 
   62   62    1    1    1    1    1    1    1    1  5.36027E+13 0.00019 
   63   63    1    1    1    1    1    1    1    1  5.57111E+13 0.00022 
   64   64    1    1    1    1    1    1    1    1  4.68060E+13 0.00026 
   65   65    1    1    1    1    1    1    1    1  3.71015E+13 0.00032 
   66   66    1    1    1    1    1    1    1    1  3.67055E+13 0.00032 
   67   67    1    1    1    1    1    1    1    1  2.65768E+13 0.00036 
   68   68    1    1    1    1    1    1    1    1  2.15989E+13 0.00027 
   69   69    1    1    1    1    1    1    1    1  1.93395E+13 0.00041 
   70   70    1    1    1    1    1    1    1    1  2.32181E+13 0.00050 
   71   71    1    1    1    1    1    1    1    1  1.97324E+13 0.00051 
   72   72    1    1    1    1    1    1    1    1  3.57009E+13 0.00041 
   73   73    1    1    1    1    1    1    1    1  2.51965E+13 0.00048 
   74   74    1    1    1    1    1    1    1    1  1.89783E+13 0.00053 
   75   75    1    1    1    1    1    1    1    1  1.52903E+13 0.00045 
   76   76    1    1    1    1    1    1    1    1  1.27106E+13 0.00051 
   77   77    1    1    1    1    1    1    1    1  1.47609E+13 0.00057 
   78   78    1    1    1    1    1    1    1    1  1.16968E+13 0.00056 
   79   79    1    1    1    1    1    1    1    1  9.33012E+12 0.00071 
   80   80    1    1    1    1    1    1    1    1  9.64400E+12 0.00063 
   81   81    1    1    1    1    1    1    1    1  7.15395E+12 0.00058 
   82   82    1    1    1    1    1    1    1    1  5.51963E+12 0.00044 
   83   83    1    1    1    1    1    1    1    1  4.24339E+12 0.00070 
   84   84    1    1    1    1    1    1    1    1  3.97279E+12 0.00104 
   85   85    1    1    1    1    1    1    1    1  2.86052E+12 0.00133 
   86   86    1    1    1    1    1    1    1    1  2.06748E+12 0.00115 
   87   87    1    1    1    1    1    1    1    1  1.93385E+12 0.00200 
   88   88    1    1    1    1    1    1    1    1  1.19060E+12 0.00141 
   89   89    1    1    1    1    1    1    1    1  8.02855E+11 0.00222 
   90   90    1    1    1    1    1    1    1    1  4.64420E+11 0.00308 
   91   91    1    1    1    1    1    1    1    1  5.89075E+11 0.00270 
   92   92    1    1    1    1    1    1    1    1  0.00000E+00 0.00000 
   93   93    1    1    1    1    1    1    1    1  0.00000E+00 0.00000 
   94   94    1    1    1    1    1    1    1    1  0.00000E+00 0.00000 
   95   95    1    1    1    1    1    1    1    1  0.00000E+00 0.00000 
   96   96    1    1    1    1    1    1    1    1  0.00000E+00 0.00000 
   97   97    1    1    1    1    1    1    1    1  0.00000E+00 0.00000 
   98   98    1    1    1    1    1    1    1    1  0.00000E+00 0.00000 
   99   99    1    1    1    1    1    1    1    1  0.00000E+00 0.00000 
  100  100    1    1    1    1    1    1    1    1  0.00000E+00 0.00000 
];


