
DETdpaspec = [
    1    1    1    1    1    1    1    1    1    1  0.00000E+00 0.00000 
    2    2    1    1    1    1    1    1    1    1  0.00000E+00 0.00000 
    3    3    1    1    1    1    1    1    1    1  0.00000E+00 0.00000 
    4    4    1    1    1    1    1    1    1    1  0.00000E+00 0.00000 
    5    5    1    1    1    1    1    1    1    1  0.00000E+00 0.00000 
    6    6    1    1    1    1    1    1    1    1  0.00000E+00 0.00000 
    7    7    1    1    1    1    1    1    1    1  0.00000E+00 0.00000 
    8    8    1    1    1    1    1    1    1    1  0.00000E+00 0.00000 
    9    9    1    1    1    1    1    1    1    1  0.00000E+00 0.00000 
   10   10    1    1    1    1    1    1    1    1  0.00000E+00 0.00000 
   11   11    1    1    1    1    1    1    1    1  0.00000E+00 0.00000 
   12   12    1    1    1    1    1    1    1    1  0.00000E+00 0.00000 
   13   13    1    1    1    1    1    1    1    1  0.00000E+00 0.00000 
   14   14    1    1    1    1    1    1    1    1  0.00000E+00 0.00000 
   15   15    1    1    1    1    1    1    1    1  0.00000E+00 0.00000 
   16   16    1    1    1    1    1    1    1    1  0.00000E+00 0.00000 
   17   17    1    1    1    1    1    1    1    1  0.00000E+00 0.00000 
   18   18    1    1    1    1    1    1    1    1  0.00000E+00 0.00000 
   19   19    1    1    1    1    1    1    1    1  1.83690E+09 0.04965 
   20   20    1    1    1    1    1    1    1    1  2.83794E+08 0.05839 
   21   21    1    1    1    1    1    1    1    1  1.12873E+09 0.06559 
   22   22    1    1    1    1    1    1    1    1  7.38380E+08 0.05270 
   23   23    1    1    1    1    1    1    1    1  1.81322E+09 0.03426 
   24   24    1    1    1    1    1    1    1    1  2.74514E+09 0.02861 
   25   25    1    1    1    1    1    1    1    1  4.50469E+09 0.02128 
   26   26    1    1    1    1    1    1    1    1  5.52631E+09 0.02614 
   27   27    1    1    1    1    1    1    1    1  8.93666E+09 0.02060 
   28   28    1    1    1    1    1    1    1    1  1.64198E+10 0.01086 
   29   29    1    1    1    1    1    1    1    1  3.45355E+10 0.00647 
   30   30    1    1    1    1    1    1    1    1  5.37201E+10 0.00549 
   31   31    1    1    1    1    1    1    1    1  1.59559E+11 0.00445 
   32   32    1    1    1    1    1    1    1    1  4.96485E+11 0.00274 
   33   33    1    1    1    1    1    1    1    1  9.25886E+11 0.00186 
   34   34    1    1    1    1    1    1    1    1  2.16428E+12 0.00123 
   35   35    1    1    1    1    1    1    1    1  2.97786E+12 0.00100 
   36   36    1    1    1    1    1    1    1    1  4.08332E+12 0.00076 
   37   37    1    1    1    1    1    1    1    1  2.84390E+12 0.00075 
   38   38    1    1    1    1    1    1    1    1  8.83857E+11 0.00085 
   39   39    1    1    1    1    1    1    1    1  4.87522E+12 0.00072 
   40   40    1    1    1    1    1    1    1    1  6.54974E+12 0.00061 
   41   41    1    1    1    1    1    1    1    1  1.11943E+13 0.00064 
   42   42    1    1    1    1    1    1    1    1  1.14386E+13 0.00049 
   43   43    1    1    1    1    1    1    1    1  2.39858E+13 0.00047 
   44   44    1    1    1    1    1    1    1    1  2.89201E+13 0.00031 
   45   45    1    1    1    1    1    1    1    1  4.15352E+13 0.00031 
   46   46    1    1    1    1    1    1    1    1  8.19351E+13 0.00027 
   47   47    1    1    1    1    1    1    1    1  3.88501E+13 0.00025 
   48   48    1    1    1    1    1    1    1    1  6.24876E+13 0.00017 
   49   49    1    1    1    1    1    1    1    1  8.72666E+13 0.00019 
   50   50    1    1    1    1    1    1    1    1  8.60821E+13 0.00020 
   51   51    1    1    1    1    1    1    1    1  1.33322E+14 0.00017 
   52   52    1    1    1    1    1    1    1    1  1.06915E+14 0.00017 
   53   53    1    1    1    1    1    1    1    1  1.25623E+14 0.00018 
   54   54    1    1    1    1    1    1    1    1  8.77439E+13 0.00018 
   55   55    1    1    1    1    1    1    1    1  1.06359E+14 0.00018 
   56   56    1    1    1    1    1    1    1    1  7.35045E+13 0.00021 
   57   57    1    1    1    1    1    1    1    1  1.00326E+13 0.00039 
   58   58    1    1    1    1    1    1    1    1  1.45921E+14 0.00016 
   59   59    1    1    1    1    1    1    1    1  6.42396E+13 0.00022 
   60   60    1    1    1    1    1    1    1    1  6.85633E+13 0.00021 
   61   61    1    1    1    1    1    1    1    1  5.29561E+13 0.00027 
   62   62    1    1    1    1    1    1    1    1  5.32417E+13 0.00025 
   63   63    1    1    1    1    1    1    1    1  5.52401E+13 0.00019 
   64   64    1    1    1    1    1    1    1    1  4.63417E+13 0.00028 
   65   65    1    1    1    1    1    1    1    1  3.68569E+13 0.00027 
   66   66    1    1    1    1    1    1    1    1  3.65198E+13 0.00032 
   67   67    1    1    1    1    1    1    1    1  2.65209E+13 0.00027 
   68   68    1    1    1    1    1    1    1    1  2.16758E+13 0.00047 
   69   69    1    1    1    1    1    1    1    1  1.94663E+13 0.00036 
   70   70    1    1    1    1    1    1    1    1  2.34018E+13 0.00036 
   71   71    1    1    1    1    1    1    1    1  1.99548E+13 0.00044 
   72   72    1    1    1    1    1    1    1    1  3.65985E+13 0.00045 
   73   73    1    1    1    1    1    1    1    1  2.60029E+13 0.00032 
   74   74    1    1    1    1    1    1    1    1  1.95796E+13 0.00052 
   75   75    1    1    1    1    1    1    1    1  1.56350E+13 0.00039 
   76   76    1    1    1    1    1    1    1    1  1.28775E+13 0.00042 
   77   77    1    1    1    1    1    1    1    1  1.48188E+13 0.00037 
   78   78    1    1    1    1    1    1    1    1  1.16376E+13 0.00053 
   79   79    1    1    1    1    1    1    1    1  9.19961E+12 0.00057 
   80   80    1    1    1    1    1    1    1    1  9.46256E+12 0.00048 
   81   81    1    1    1    1    1    1    1    1  6.99886E+12 0.00054 
   82   82    1    1    1    1    1    1    1    1  5.38009E+12 0.00056 
   83   83    1    1    1    1    1    1    1    1  4.12920E+12 0.00077 
   84   84    1    1    1    1    1    1    1    1  3.86492E+12 0.00090 
   85   85    1    1    1    1    1    1    1    1  2.77676E+12 0.00089 
   86   86    1    1    1    1    1    1    1    1  2.00215E+12 0.00150 
   87   87    1    1    1    1    1    1    1    1  1.87749E+12 0.00174 
   88   88    1    1    1    1    1    1    1    1  1.15777E+12 0.00178 
   89   89    1    1    1    1    1    1    1    1  7.80309E+11 0.00174 
   90   90    1    1    1    1    1    1    1    1  4.53682E+11 0.00262 
   91   91    1    1    1    1    1    1    1    1  5.78717E+11 0.00203 
   92   92    1    1    1    1    1    1    1    1  0.00000E+00 0.00000 
   93   93    1    1    1    1    1    1    1    1  0.00000E+00 0.00000 
   94   94    1    1    1    1    1    1    1    1  0.00000E+00 0.00000 
   95   95    1    1    1    1    1    1    1    1  0.00000E+00 0.00000 
   96   96    1    1    1    1    1    1    1    1  0.00000E+00 0.00000 
   97   97    1    1    1    1    1    1    1    1  0.00000E+00 0.00000 
   98   98    1    1    1    1    1    1    1    1  0.00000E+00 0.00000 
   99   99    1    1    1    1    1    1    1    1  0.00000E+00 0.00000 
  100  100    1    1    1    1    1    1    1    1  0.00000E+00 0.00000 
];


