
DETdpaspec = [
    1    1    1    1    1    1    1    1    1    1  0.00000E+00 0.00000 
    2    2    1    1    1    1    1    1    1    1  0.00000E+00 0.00000 
    3    3    1    1    1    1    1    1    1    1  0.00000E+00 0.00000 
    4    4    1    1    1    1    1    1    1    1  0.00000E+00 0.00000 
    5    5    1    1    1    1    1    1    1    1  0.00000E+00 0.00000 
    6    6    1    1    1    1    1    1    1    1  0.00000E+00 0.00000 
    7    7    1    1    1    1    1    1    1    1  0.00000E+00 0.00000 
    8    8    1    1    1    1    1    1    1    1  0.00000E+00 0.00000 
    9    9    1    1    1    1    1    1    1    1  0.00000E+00 0.00000 
   10   10    1    1    1    1    1    1    1    1  0.00000E+00 0.00000 
   11   11    1    1    1    1    1    1    1    1  0.00000E+00 0.00000 
   12   12    1    1    1    1    1    1    1    1  0.00000E+00 0.00000 
   13   13    1    1    1    1    1    1    1    1  0.00000E+00 0.00000 
   14   14    1    1    1    1    1    1    1    1  0.00000E+00 0.00000 
   15   15    1    1    1    1    1    1    1    1  0.00000E+00 0.00000 
   16   16    1    1    1    1    1    1    1    1  0.00000E+00 0.00000 
   17   17    1    1    1    1    1    1    1    1  0.00000E+00 0.00000 
   18   18    1    1    1    1    1    1    1    1  0.00000E+00 0.00000 
   19   19    1    1    1    1    1    1    1    1  1.50961E+09 0.06354 
   20   20    1    1    1    1    1    1    1    1  2.15986E+08 0.08046 
   21   21    1    1    1    1    1    1    1    1  8.57278E+08 0.07131 
   22   22    1    1    1    1    1    1    1    1  5.99108E+08 0.05613 
   23   23    1    1    1    1    1    1    1    1  1.45056E+09 0.04978 
   24   24    1    1    1    1    1    1    1    1  2.27326E+09 0.02851 
   25   25    1    1    1    1    1    1    1    1  3.61727E+09 0.02374 
   26   26    1    1    1    1    1    1    1    1  4.87491E+09 0.02861 
   27   27    1    1    1    1    1    1    1    1  7.92492E+09 0.02216 
   28   28    1    1    1    1    1    1    1    1  1.50753E+10 0.01465 
   29   29    1    1    1    1    1    1    1    1  3.45518E+10 0.00945 
   30   30    1    1    1    1    1    1    1    1  5.89837E+10 0.00605 
   31   31    1    1    1    1    1    1    1    1  1.67477E+11 0.00301 
   32   32    1    1    1    1    1    1    1    1  5.16353E+11 0.00220 
   33   33    1    1    1    1    1    1    1    1  9.56087E+11 0.00202 
   34   34    1    1    1    1    1    1    1    1  2.26033E+12 0.00163 
   35   35    1    1    1    1    1    1    1    1  3.14954E+12 0.00116 
   36   36    1    1    1    1    1    1    1    1  4.11745E+12 0.00085 
   37   37    1    1    1    1    1    1    1    1  2.81168E+12 0.00095 
   38   38    1    1    1    1    1    1    1    1  8.62745E+11 0.00098 
   39   39    1    1    1    1    1    1    1    1  4.82033E+12 0.00091 
   40   40    1    1    1    1    1    1    1    1  6.48746E+12 0.00080 
   41   41    1    1    1    1    1    1    1    1  1.11649E+13 0.00070 
   42   42    1    1    1    1    1    1    1    1  1.12623E+13 0.00061 
   43   43    1    1    1    1    1    1    1    1  2.39199E+13 0.00045 
   44   44    1    1    1    1    1    1    1    1  2.88855E+13 0.00039 
   45   45    1    1    1    1    1    1    1    1  4.15889E+13 0.00028 
   46   46    1    1    1    1    1    1    1    1  8.26177E+13 0.00019 
   47   47    1    1    1    1    1    1    1    1  3.88848E+13 0.00024 
   48   48    1    1    1    1    1    1    1    1  6.22845E+13 0.00020 
   49   49    1    1    1    1    1    1    1    1  8.69574E+13 0.00016 
   50   50    1    1    1    1    1    1    1    1  8.54639E+13 0.00016 
   51   51    1    1    1    1    1    1    1    1  1.33058E+14 0.00014 
   52   52    1    1    1    1    1    1    1    1  1.05730E+14 0.00015 
   53   53    1    1    1    1    1    1    1    1  1.25327E+14 0.00011 
   54   54    1    1    1    1    1    1    1    1  8.71657E+13 0.00017 
   55   55    1    1    1    1    1    1    1    1  1.06538E+14 0.00020 
   56   56    1    1    1    1    1    1    1    1  7.33803E+13 0.00018 
   57   57    1    1    1    1    1    1    1    1  9.97655E+12 0.00036 
   58   58    1    1    1    1    1    1    1    1  1.45429E+14 0.00013 
   59   59    1    1    1    1    1    1    1    1  6.47350E+13 0.00020 
   60   60    1    1    1    1    1    1    1    1  6.87607E+13 0.00018 
   61   61    1    1    1    1    1    1    1    1  5.34927E+13 0.00021 
   62   62    1    1    1    1    1    1    1    1  5.36235E+13 0.00018 
   63   63    1    1    1    1    1    1    1    1  5.57189E+13 0.00024 
   64   64    1    1    1    1    1    1    1    1  4.67891E+13 0.00016 
   65   65    1    1    1    1    1    1    1    1  3.71518E+13 0.00025 
   66   66    1    1    1    1    1    1    1    1  3.67918E+13 0.00029 
   67   67    1    1    1    1    1    1    1    1  2.66625E+13 0.00021 
   68   68    1    1    1    1    1    1    1    1  2.17330E+13 0.00033 
   69   69    1    1    1    1    1    1    1    1  1.94649E+13 0.00032 
   70   70    1    1    1    1    1    1    1    1  2.34049E+13 0.00046 
   71   71    1    1    1    1    1    1    1    1  1.99151E+13 0.00047 
   72   72    1    1    1    1    1    1    1    1  3.62043E+13 0.00030 
   73   73    1    1    1    1    1    1    1    1  2.56284E+13 0.00041 
   74   74    1    1    1    1    1    1    1    1  1.92925E+13 0.00044 
   75   75    1    1    1    1    1    1    1    1  1.55076E+13 0.00050 
   76   76    1    1    1    1    1    1    1    1  1.28413E+13 0.00042 
   77   77    1    1    1    1    1    1    1    1  1.48757E+13 0.00034 
   78   78    1    1    1    1    1    1    1    1  1.17611E+13 0.00052 
   79   79    1    1    1    1    1    1    1    1  9.34736E+12 0.00056 
   80   80    1    1    1    1    1    1    1    1  9.64970E+12 0.00062 
   81   81    1    1    1    1    1    1    1    1  7.14927E+12 0.00055 
   82   82    1    1    1    1    1    1    1    1  5.51593E+12 0.00060 
   83   83    1    1    1    1    1    1    1    1  4.23165E+12 0.00079 
   84   84    1    1    1    1    1    1    1    1  3.95656E+12 0.00070 
   85   85    1    1    1    1    1    1    1    1  2.85605E+12 0.00135 
   86   86    1    1    1    1    1    1    1    1  2.05842E+12 0.00100 
   87   87    1    1    1    1    1    1    1    1  1.92530E+12 0.00098 
   88   88    1    1    1    1    1    1    1    1  1.18766E+12 0.00172 
   89   89    1    1    1    1    1    1    1    1  7.98935E+11 0.00214 
   90   90    1    1    1    1    1    1    1    1  4.62218E+11 0.00235 
   91   91    1    1    1    1    1    1    1    1  5.91365E+11 0.00271 
   92   92    1    1    1    1    1    1    1    1  0.00000E+00 0.00000 
   93   93    1    1    1    1    1    1    1    1  0.00000E+00 0.00000 
   94   94    1    1    1    1    1    1    1    1  0.00000E+00 0.00000 
   95   95    1    1    1    1    1    1    1    1  0.00000E+00 0.00000 
   96   96    1    1    1    1    1    1    1    1  0.00000E+00 0.00000 
   97   97    1    1    1    1    1    1    1    1  0.00000E+00 0.00000 
   98   98    1    1    1    1    1    1    1    1  0.00000E+00 0.00000 
   99   99    1    1    1    1    1    1    1    1  0.00000E+00 0.00000 
  100  100    1    1    1    1    1    1    1    1  0.00000E+00 0.00000 
];


