
DETdpaspec = [
    1    1    1    1    1    1    1    1    1    1  0.00000E+00 0.00000 
    2    2    1    1    1    1    1    1    1    1  0.00000E+00 0.00000 
    3    3    1    1    1    1    1    1    1    1  0.00000E+00 0.00000 
    4    4    1    1    1    1    1    1    1    1  0.00000E+00 0.00000 
    5    5    1    1    1    1    1    1    1    1  0.00000E+00 0.00000 
    6    6    1    1    1    1    1    1    1    1  0.00000E+00 0.00000 
    7    7    1    1    1    1    1    1    1    1  0.00000E+00 0.00000 
    8    8    1    1    1    1    1    1    1    1  0.00000E+00 0.00000 
    9    9    1    1    1    1    1    1    1    1  0.00000E+00 0.00000 
   10   10    1    1    1    1    1    1    1    1  0.00000E+00 0.00000 
   11   11    1    1    1    1    1    1    1    1  0.00000E+00 0.00000 
   12   12    1    1    1    1    1    1    1    1  0.00000E+00 0.00000 
   13   13    1    1    1    1    1    1    1    1  0.00000E+00 0.00000 
   14   14    1    1    1    1    1    1    1    1  0.00000E+00 0.00000 
   15   15    1    1    1    1    1    1    1    1  0.00000E+00 0.00000 
   16   16    1    1    1    1    1    1    1    1  0.00000E+00 0.00000 
   17   17    1    1    1    1    1    1    1    1  0.00000E+00 0.00000 
   18   18    1    1    1    1    1    1    1    1  0.00000E+00 0.00000 
   19   19    1    1    1    1    1    1    1    1  1.09403E+09 0.07215 
   20   20    1    1    1    1    1    1    1    1  1.21534E+08 0.14497 
   21   21    1    1    1    1    1    1    1    1  4.53684E+08 0.07411 
   22   22    1    1    1    1    1    1    1    1  4.24498E+08 0.07916 
   23   23    1    1    1    1    1    1    1    1  9.77934E+08 0.05023 
   24   24    1    1    1    1    1    1    1    1  1.87014E+09 0.03585 
   25   25    1    1    1    1    1    1    1    1  4.58275E+09 0.02220 
   26   26    1    1    1    1    1    1    1    1  7.99874E+09 0.02144 
   27   27    1    1    1    1    1    1    1    1  1.79556E+10 0.01161 
   28   28    1    1    1    1    1    1    1    1  4.19606E+10 0.00738 
   29   29    1    1    1    1    1    1    1    1  1.05080E+11 0.00423 
   30   30    1    1    1    1    1    1    1    1  1.87670E+11 0.00400 
   31   31    1    1    1    1    1    1    1    1  4.30613E+11 0.00270 
   32   32    1    1    1    1    1    1    1    1  1.09499E+12 0.00171 
   33   33    1    1    1    1    1    1    1    1  1.77468E+12 0.00151 
   34   34    1    1    1    1    1    1    1    1  3.85783E+12 0.00108 
   35   35    1    1    1    1    1    1    1    1  5.10070E+12 0.00086 
   36   36    1    1    1    1    1    1    1    1  5.68291E+12 0.00061 
   37   37    1    1    1    1    1    1    1    1  3.57557E+12 0.00068 
   38   38    1    1    1    1    1    1    1    1  1.05804E+12 0.00082 
   39   39    1    1    1    1    1    1    1    1  6.01310E+12 0.00063 
   40   40    1    1    1    1    1    1    1    1  7.99631E+12 0.00051 
   41   41    1    1    1    1    1    1    1    1  1.36371E+13 0.00051 
   42   42    1    1    1    1    1    1    1    1  1.32216E+13 0.00055 
   43   43    1    1    1    1    1    1    1    1  2.81727E+13 0.00045 
   44   44    1    1    1    1    1    1    1    1  3.35120E+13 0.00039 
   45   45    1    1    1    1    1    1    1    1  4.74235E+13 0.00030 
   46   46    1    1    1    1    1    1    1    1  9.27569E+13 0.00019 
   47   47    1    1    1    1    1    1    1    1  4.20224E+13 0.00021 
   48   48    1    1    1    1    1    1    1    1  6.61972E+13 0.00024 
   49   49    1    1    1    1    1    1    1    1  9.08764E+13 0.00018 
   50   50    1    1    1    1    1    1    1    1  8.77110E+13 0.00018 
   51   51    1    1    1    1    1    1    1    1  1.35997E+14 0.00014 
   52   52    1    1    1    1    1    1    1    1  1.04682E+14 0.00012 
   53   53    1    1    1    1    1    1    1    1  1.24787E+14 0.00015 
   54   54    1    1    1    1    1    1    1    1  8.51948E+13 0.00020 
   55   55    1    1    1    1    1    1    1    1  1.04962E+14 0.00018 
   56   56    1    1    1    1    1    1    1    1  7.14488E+13 0.00016 
   57   57    1    1    1    1    1    1    1    1  9.63047E+12 0.00034 
   58   58    1    1    1    1    1    1    1    1  1.40170E+14 0.00011 
   59   59    1    1    1    1    1    1    1    1  6.32043E+13 0.00019 
   60   60    1    1    1    1    1    1    1    1  6.61614E+13 0.00022 
   61   61    1    1    1    1    1    1    1    1  5.18802E+13 0.00027 
   62   62    1    1    1    1    1    1    1    1  5.16377E+13 0.00023 
   63   63    1    1    1    1    1    1    1    1  5.34978E+13 0.00019 
   64   64    1    1    1    1    1    1    1    1  4.47531E+13 0.00025 
   65   65    1    1    1    1    1    1    1    1  3.52616E+13 0.00029 
   66   66    1    1    1    1    1    1    1    1  3.47104E+13 0.00028 
   67   67    1    1    1    1    1    1    1    1  2.49742E+13 0.00023 
   68   68    1    1    1    1    1    1    1    1  2.01757E+13 0.00022 
   69   69    1    1    1    1    1    1    1    1  1.79875E+13 0.00033 
   70   70    1    1    1    1    1    1    1    1  2.14900E+13 0.00036 
   71   71    1    1    1    1    1    1    1    1  1.81250E+13 0.00043 
   72   72    1    1    1    1    1    1    1    1  3.22140E+13 0.00039 
   73   73    1    1    1    1    1    1    1    1  2.25207E+13 0.00037 
   74   74    1    1    1    1    1    1    1    1  1.69197E+13 0.00037 
   75   75    1    1    1    1    1    1    1    1  1.36938E+13 0.00048 
   76   76    1    1    1    1    1    1    1    1  1.14666E+13 0.00049 
   77   77    1    1    1    1    1    1    1    1  1.33778E+13 0.00054 
   78   78    1    1    1    1    1    1    1    1  1.06821E+13 0.00035 
   79   79    1    1    1    1    1    1    1    1  8.57114E+12 0.00050 
   80   80    1    1    1    1    1    1    1    1  8.88562E+12 0.00053 
   81   81    1    1    1    1    1    1    1    1  6.61879E+12 0.00083 
   82   82    1    1    1    1    1    1    1    1  5.10858E+12 0.00076 
   83   83    1    1    1    1    1    1    1    1  3.91804E+12 0.00114 
   84   84    1    1    1    1    1    1    1    1  3.66772E+12 0.00116 
   85   85    1    1    1    1    1    1    1    1  2.64895E+12 0.00108 
   86   86    1    1    1    1    1    1    1    1  1.90984E+12 0.00107 
   87   87    1    1    1    1    1    1    1    1  1.78977E+12 0.00124 
   88   88    1    1    1    1    1    1    1    1  1.09450E+12 0.00200 
   89   89    1    1    1    1    1    1    1    1  7.34850E+11 0.00232 
   90   90    1    1    1    1    1    1    1    1  4.23670E+11 0.00280 
   91   91    1    1    1    1    1    1    1    1  5.36266E+11 0.00227 
   92   92    1    1    1    1    1    1    1    1  0.00000E+00 0.00000 
   93   93    1    1    1    1    1    1    1    1  0.00000E+00 0.00000 
   94   94    1    1    1    1    1    1    1    1  0.00000E+00 0.00000 
   95   95    1    1    1    1    1    1    1    1  0.00000E+00 0.00000 
   96   96    1    1    1    1    1    1    1    1  0.00000E+00 0.00000 
   97   97    1    1    1    1    1    1    1    1  0.00000E+00 0.00000 
   98   98    1    1    1    1    1    1    1    1  0.00000E+00 0.00000 
   99   99    1    1    1    1    1    1    1    1  0.00000E+00 0.00000 
  100  100    1    1    1    1    1    1    1    1  0.00000E+00 0.00000 
];


