
DETdpaspec = [
    1    1    1    1    1    1    1    1    1    1  0.00000E+00 0.00000 
    2    2    1    1    1    1    1    1    1    1  0.00000E+00 0.00000 
    3    3    1    1    1    1    1    1    1    1  0.00000E+00 0.00000 
    4    4    1    1    1    1    1    1    1    1  0.00000E+00 0.00000 
    5    5    1    1    1    1    1    1    1    1  0.00000E+00 0.00000 
    6    6    1    1    1    1    1    1    1    1  0.00000E+00 0.00000 
    7    7    1    1    1    1    1    1    1    1  0.00000E+00 0.00000 
    8    8    1    1    1    1    1    1    1    1  0.00000E+00 0.00000 
    9    9    1    1    1    1    1    1    1    1  0.00000E+00 0.00000 
   10   10    1    1    1    1    1    1    1    1  0.00000E+00 0.00000 
   11   11    1    1    1    1    1    1    1    1  0.00000E+00 0.00000 
   12   12    1    1    1    1    1    1    1    1  0.00000E+00 0.00000 
   13   13    1    1    1    1    1    1    1    1  0.00000E+00 0.00000 
   14   14    1    1    1    1    1    1    1    1  0.00000E+00 0.00000 
   15   15    1    1    1    1    1    1    1    1  0.00000E+00 0.00000 
   16   16    1    1    1    1    1    1    1    1  0.00000E+00 0.00000 
   17   17    1    1    1    1    1    1    1    1  0.00000E+00 0.00000 
   18   18    1    1    1    1    1    1    1    1  0.00000E+00 0.00000 
   19   19    1    1    1    1    1    1    1    1  1.38499E+09 0.07029 
   20   20    1    1    1    1    1    1    1    1  1.97159E+08 0.14192 
   21   21    1    1    1    1    1    1    1    1  7.67979E+08 0.07235 
   22   22    1    1    1    1    1    1    1    1  5.71213E+08 0.05652 
   23   23    1    1    1    1    1    1    1    1  1.16130E+09 0.04404 
   24   24    1    1    1    1    1    1    1    1  1.87119E+09 0.04453 
   25   25    1    1    1    1    1    1    1    1  3.39771E+09 0.03431 
   26   26    1    1    1    1    1    1    1    1  4.51342E+09 0.02427 
   27   27    1    1    1    1    1    1    1    1  7.86141E+09 0.01294 
   28   28    1    1    1    1    1    1    1    1  1.66416E+10 0.01120 
   29   29    1    1    1    1    1    1    1    1  4.15249E+10 0.00717 
   30   30    1    1    1    1    1    1    1    1  7.40957E+10 0.00365 
   31   31    1    1    1    1    1    1    1    1  1.98595E+11 0.00308 
   32   32    1    1    1    1    1    1    1    1  5.98546E+11 0.00278 
   33   33    1    1    1    1    1    1    1    1  1.07493E+12 0.00184 
   34   34    1    1    1    1    1    1    1    1  2.52222E+12 0.00114 
   35   35    1    1    1    1    1    1    1    1  3.50592E+12 0.00097 
   36   36    1    1    1    1    1    1    1    1  4.37374E+12 0.00066 
   37   37    1    1    1    1    1    1    1    1  2.91673E+12 0.00065 
   38   38    1    1    1    1    1    1    1    1  8.84576E+11 0.00102 
   39   39    1    1    1    1    1    1    1    1  4.98355E+12 0.00094 
   40   40    1    1    1    1    1    1    1    1  6.69870E+12 0.00084 
   41   41    1    1    1    1    1    1    1    1  1.15403E+13 0.00054 
   42   42    1    1    1    1    1    1    1    1  1.15055E+13 0.00052 
   43   43    1    1    1    1    1    1    1    1  2.45534E+13 0.00027 
   44   44    1    1    1    1    1    1    1    1  2.95953E+13 0.00037 
   45   45    1    1    1    1    1    1    1    1  4.24993E+13 0.00025 
   46   46    1    1    1    1    1    1    1    1  8.44591E+13 0.00030 
   47   47    1    1    1    1    1    1    1    1  3.93450E+13 0.00026 
   48   48    1    1    1    1    1    1    1    1  6.27517E+13 0.00018 
   49   49    1    1    1    1    1    1    1    1  8.73800E+13 0.00018 
   50   50    1    1    1    1    1    1    1    1  8.54790E+13 0.00018 
   51   51    1    1    1    1    1    1    1    1  1.33391E+14 0.00016 
   52   52    1    1    1    1    1    1    1    1  1.05020E+14 0.00014 
   53   53    1    1    1    1    1    1    1    1  1.25086E+14 0.00018 
   54   54    1    1    1    1    1    1    1    1  8.66001E+13 0.00017 
   55   55    1    1    1    1    1    1    1    1  1.06389E+14 0.00016 
   56   56    1    1    1    1    1    1    1    1  7.30350E+13 0.00018 
   57   57    1    1    1    1    1    1    1    1  9.90208E+12 0.00044 
   58   58    1    1    1    1    1    1    1    1  1.44464E+14 0.00012 
   59   59    1    1    1    1    1    1    1    1  6.47713E+13 0.00020 
   60   60    1    1    1    1    1    1    1    1  6.84932E+13 0.00021 
   61   61    1    1    1    1    1    1    1    1  5.35146E+13 0.00021 
   62   62    1    1    1    1    1    1    1    1  5.35435E+13 0.00019 
   63   63    1    1    1    1    1    1    1    1  5.56377E+13 0.00019 
   64   64    1    1    1    1    1    1    1    1  4.67193E+13 0.00035 
   65   65    1    1    1    1    1    1    1    1  3.69953E+13 0.00031 
   66   66    1    1    1    1    1    1    1    1  3.66091E+13 0.00032 
   67   67    1    1    1    1    1    1    1    1  2.64655E+13 0.00026 
   68   68    1    1    1    1    1    1    1    1  2.15144E+13 0.00035 
   69   69    1    1    1    1    1    1    1    1  1.92475E+13 0.00030 
   70   70    1    1    1    1    1    1    1    1  2.31175E+13 0.00038 
   71   71    1    1    1    1    1    1    1    1  1.96264E+13 0.00046 
   72   72    1    1    1    1    1    1    1    1  3.53983E+13 0.00048 
   73   73    1    1    1    1    1    1    1    1  2.49387E+13 0.00035 
   74   74    1    1    1    1    1    1    1    1  1.87881E+13 0.00044 
   75   75    1    1    1    1    1    1    1    1  1.51489E+13 0.00057 
   76   76    1    1    1    1    1    1    1    1  1.26218E+13 0.00060 
   77   77    1    1    1    1    1    1    1    1  1.46716E+13 0.00039 
   78   78    1    1    1    1    1    1    1    1  1.16387E+13 0.00047 
   79   79    1    1    1    1    1    1    1    1  9.28636E+12 0.00061 
   80   80    1    1    1    1    1    1    1    1  9.61338E+12 0.00042 
   81   81    1    1    1    1    1    1    1    1  7.14707E+12 0.00083 
   82   82    1    1    1    1    1    1    1    1  5.50129E+12 0.00082 
   83   83    1    1    1    1    1    1    1    1  4.23865E+12 0.00074 
   84   84    1    1    1    1    1    1    1    1  3.96640E+12 0.00088 
   85   85    1    1    1    1    1    1    1    1  2.85319E+12 0.00147 
   86   86    1    1    1    1    1    1    1    1  2.06195E+12 0.00195 
   87   87    1    1    1    1    1    1    1    1  1.92777E+12 0.00116 
   88   88    1    1    1    1    1    1    1    1  1.18458E+12 0.00169 
   89   89    1    1    1    1    1    1    1    1  7.99343E+11 0.00309 
   90   90    1    1    1    1    1    1    1    1  4.61802E+11 0.00189 
   91   91    1    1    1    1    1    1    1    1  5.89495E+11 0.00327 
   92   92    1    1    1    1    1    1    1    1  0.00000E+00 0.00000 
   93   93    1    1    1    1    1    1    1    1  0.00000E+00 0.00000 
   94   94    1    1    1    1    1    1    1    1  0.00000E+00 0.00000 
   95   95    1    1    1    1    1    1    1    1  0.00000E+00 0.00000 
   96   96    1    1    1    1    1    1    1    1  0.00000E+00 0.00000 
   97   97    1    1    1    1    1    1    1    1  0.00000E+00 0.00000 
   98   98    1    1    1    1    1    1    1    1  0.00000E+00 0.00000 
   99   99    1    1    1    1    1    1    1    1  0.00000E+00 0.00000 
  100  100    1    1    1    1    1    1    1    1  0.00000E+00 0.00000 
];


