
DETdpaspec = [
    1    1    1    1    1    1    1    1    1    1  0.00000E+00 0.00000 
    2    2    1    1    1    1    1    1    1    1  0.00000E+00 0.00000 
    3    3    1    1    1    1    1    1    1    1  0.00000E+00 0.00000 
    4    4    1    1    1    1    1    1    1    1  0.00000E+00 0.00000 
    5    5    1    1    1    1    1    1    1    1  0.00000E+00 0.00000 
    6    6    1    1    1    1    1    1    1    1  0.00000E+00 0.00000 
    7    7    1    1    1    1    1    1    1    1  0.00000E+00 0.00000 
    8    8    1    1    1    1    1    1    1    1  0.00000E+00 0.00000 
    9    9    1    1    1    1    1    1    1    1  0.00000E+00 0.00000 
   10   10    1    1    1    1    1    1    1    1  0.00000E+00 0.00000 
   11   11    1    1    1    1    1    1    1    1  0.00000E+00 0.00000 
   12   12    1    1    1    1    1    1    1    1  0.00000E+00 0.00000 
   13   13    1    1    1    1    1    1    1    1  0.00000E+00 0.00000 
   14   14    1    1    1    1    1    1    1    1  0.00000E+00 0.00000 
   15   15    1    1    1    1    1    1    1    1  0.00000E+00 0.00000 
   16   16    1    1    1    1    1    1    1    1  0.00000E+00 0.00000 
   17   17    1    1    1    1    1    1    1    1  0.00000E+00 0.00000 
   18   18    1    1    1    1    1    1    1    1  0.00000E+00 0.00000 
   19   19    1    1    1    1    1    1    1    1  1.50516E+09 0.05062 
   20   20    1    1    1    1    1    1    1    1  2.35812E+08 0.06593 
   21   21    1    1    1    1    1    1    1    1  7.38050E+08 0.04946 
   22   22    1    1    1    1    1    1    1    1  5.60707E+08 0.05190 
   23   23    1    1    1    1    1    1    1    1  1.30878E+09 0.05084 
   24   24    1    1    1    1    1    1    1    1  1.99139E+09 0.04897 
   25   25    1    1    1    1    1    1    1    1  3.55253E+09 0.02941 
   26   26    1    1    1    1    1    1    1    1  4.67282E+09 0.01992 
   27   27    1    1    1    1    1    1    1    1  7.84032E+09 0.01697 
   28   28    1    1    1    1    1    1    1    1  1.56415E+10 0.01813 
   29   29    1    1    1    1    1    1    1    1  3.71015E+10 0.00952 
   30   30    1    1    1    1    1    1    1    1  6.52237E+10 0.00628 
   31   31    1    1    1    1    1    1    1    1  1.80464E+11 0.00421 
   32   32    1    1    1    1    1    1    1    1  5.49081E+11 0.00327 
   33   33    1    1    1    1    1    1    1    1  1.00346E+12 0.00197 
   34   34    1    1    1    1    1    1    1    1  2.37058E+12 0.00179 
   35   35    1    1    1    1    1    1    1    1  3.30714E+12 0.00120 
   36   36    1    1    1    1    1    1    1    1  4.22790E+12 0.00067 
   37   37    1    1    1    1    1    1    1    1  2.85392E+12 0.00062 
   38   38    1    1    1    1    1    1    1    1  8.69042E+11 0.00076 
   39   39    1    1    1    1    1    1    1    1  4.88141E+12 0.00061 
   40   40    1    1    1    1    1    1    1    1  6.56687E+12 0.00054 
   41   41    1    1    1    1    1    1    1    1  1.13102E+13 0.00038 
   42   42    1    1    1    1    1    1    1    1  1.13456E+13 0.00049 
   43   43    1    1    1    1    1    1    1    1  2.41617E+13 0.00045 
   44   44    1    1    1    1    1    1    1    1  2.91576E+13 0.00044 
   45   45    1    1    1    1    1    1    1    1  4.19283E+13 0.00026 
   46   46    1    1    1    1    1    1    1    1  8.33840E+13 0.00015 
   47   47    1    1    1    1    1    1    1    1  3.90519E+13 0.00023 
   48   48    1    1    1    1    1    1    1    1  6.24212E+13 0.00022 
   49   49    1    1    1    1    1    1    1    1  8.70648E+13 0.00015 
   50   50    1    1    1    1    1    1    1    1  8.53893E+13 0.00018 
   51   51    1    1    1    1    1    1    1    1  1.33210E+14 0.00013 
   52   52    1    1    1    1    1    1    1    1  1.05336E+14 0.00021 
   53   53    1    1    1    1    1    1    1    1  1.25202E+14 0.00012 
   54   54    1    1    1    1    1    1    1    1  8.68735E+13 0.00017 
   55   55    1    1    1    1    1    1    1    1  1.06522E+14 0.00017 
   56   56    1    1    1    1    1    1    1    1  7.32059E+13 0.00013 
   57   57    1    1    1    1    1    1    1    1  9.93876E+12 0.00043 
   58   58    1    1    1    1    1    1    1    1  1.45043E+14 0.00014 
   59   59    1    1    1    1    1    1    1    1  6.48263E+13 0.00019 
   60   60    1    1    1    1    1    1    1    1  6.86935E+13 0.00020 
   61   61    1    1    1    1    1    1    1    1  5.35630E+13 0.00017 
   62   62    1    1    1    1    1    1    1    1  5.36228E+13 0.00024 
   63   63    1    1    1    1    1    1    1    1  5.57361E+13 0.00018 
   64   64    1    1    1    1    1    1    1    1  4.68145E+13 0.00020 
   65   65    1    1    1    1    1    1    1    1  3.71490E+13 0.00025 
   66   66    1    1    1    1    1    1    1    1  3.67480E+13 0.00026 
   67   67    1    1    1    1    1    1    1    1  2.65960E+13 0.00023 
   68   68    1    1    1    1    1    1    1    1  2.16443E+13 0.00034 
   69   69    1    1    1    1    1    1    1    1  1.93882E+13 0.00045 
   70   70    1    1    1    1    1    1    1    1  2.32758E+13 0.00033 
   71   71    1    1    1    1    1    1    1    1  1.97973E+13 0.00047 
   72   72    1    1    1    1    1    1    1    1  3.58451E+13 0.00030 
   73   73    1    1    1    1    1    1    1    1  2.53042E+13 0.00053 
   74   74    1    1    1    1    1    1    1    1  1.90710E+13 0.00033 
   75   75    1    1    1    1    1    1    1    1  1.53531E+13 0.00047 
   76   76    1    1    1    1    1    1    1    1  1.27502E+13 0.00051 
   77   77    1    1    1    1    1    1    1    1  1.47983E+13 0.00051 
   78   78    1    1    1    1    1    1    1    1  1.17120E+13 0.00056 
   79   79    1    1    1    1    1    1    1    1  9.33794E+12 0.00059 
   80   80    1    1    1    1    1    1    1    1  9.64807E+12 0.00062 
   81   81    1    1    1    1    1    1    1    1  7.16251E+12 0.00073 
   82   82    1    1    1    1    1    1    1    1  5.52103E+12 0.00082 
   83   83    1    1    1    1    1    1    1    1  4.25251E+12 0.00084 
   84   84    1    1    1    1    1    1    1    1  3.97749E+12 0.00088 
   85   85    1    1    1    1    1    1    1    1  2.85938E+12 0.00102 
   86   86    1    1    1    1    1    1    1    1  2.06855E+12 0.00143 
   87   87    1    1    1    1    1    1    1    1  1.93582E+12 0.00100 
   88   88    1    1    1    1    1    1    1    1  1.19035E+12 0.00170 
   89   89    1    1    1    1    1    1    1    1  8.06100E+11 0.00156 
   90   90    1    1    1    1    1    1    1    1  4.63252E+11 0.00329 
   91   91    1    1    1    1    1    1    1    1  5.92633E+11 0.00243 
   92   92    1    1    1    1    1    1    1    1  0.00000E+00 0.00000 
   93   93    1    1    1    1    1    1    1    1  0.00000E+00 0.00000 
   94   94    1    1    1    1    1    1    1    1  0.00000E+00 0.00000 
   95   95    1    1    1    1    1    1    1    1  0.00000E+00 0.00000 
   96   96    1    1    1    1    1    1    1    1  0.00000E+00 0.00000 
   97   97    1    1    1    1    1    1    1    1  0.00000E+00 0.00000 
   98   98    1    1    1    1    1    1    1    1  0.00000E+00 0.00000 
   99   99    1    1    1    1    1    1    1    1  0.00000E+00 0.00000 
  100  100    1    1    1    1    1    1    1    1  0.00000E+00 0.00000 
];


