
DETdpaspec = [
    1    1    1    1    1    1    1    1    1    1  0.00000E+00 0.00000 
    2    2    1    1    1    1    1    1    1    1  0.00000E+00 0.00000 
    3    3    1    1    1    1    1    1    1    1  0.00000E+00 0.00000 
    4    4    1    1    1    1    1    1    1    1  0.00000E+00 0.00000 
    5    5    1    1    1    1    1    1    1    1  0.00000E+00 0.00000 
    6    6    1    1    1    1    1    1    1    1  0.00000E+00 0.00000 
    7    7    1    1    1    1    1    1    1    1  0.00000E+00 0.00000 
    8    8    1    1    1    1    1    1    1    1  0.00000E+00 0.00000 
    9    9    1    1    1    1    1    1    1    1  0.00000E+00 0.00000 
   10   10    1    1    1    1    1    1    1    1  0.00000E+00 0.00000 
   11   11    1    1    1    1    1    1    1    1  0.00000E+00 0.00000 
   12   12    1    1    1    1    1    1    1    1  0.00000E+00 0.00000 
   13   13    1    1    1    1    1    1    1    1  0.00000E+00 0.00000 
   14   14    1    1    1    1    1    1    1    1  0.00000E+00 0.00000 
   15   15    1    1    1    1    1    1    1    1  0.00000E+00 0.00000 
   16   16    1    1    1    1    1    1    1    1  0.00000E+00 0.00000 
   17   17    1    1    1    1    1    1    1    1  0.00000E+00 0.00000 
   18   18    1    1    1    1    1    1    1    1  0.00000E+00 0.00000 
   19   19    1    1    1    1    1    1    1    1  2.78654E+09 0.03145 
   20   20    1    1    1    1    1    1    1    1  6.61114E+08 0.04925 
   21   21    1    1    1    1    1    1    1    1  2.13929E+09 0.03506 
   22   22    1    1    1    1    1    1    1    1  1.58056E+09 0.02890 
   23   23    1    1    1    1    1    1    1    1  4.58450E+09 0.01954 
   24   24    1    1    1    1    1    1    1    1  5.83530E+09 0.01948 
   25   25    1    1    1    1    1    1    1    1  9.01017E+09 0.01464 
   26   26    1    1    1    1    1    1    1    1  1.12043E+10 0.01445 
   27   27    1    1    1    1    1    1    1    1  1.82893E+10 0.00838 
   28   28    1    1    1    1    1    1    1    1  3.35619E+10 0.00983 
   29   29    1    1    1    1    1    1    1    1  5.57201E+10 0.00791 
   30   30    1    1    1    1    1    1    1    1  7.44902E+10 0.00629 
   31   31    1    1    1    1    1    1    1    1  2.44126E+11 0.00380 
   32   32    1    1    1    1    1    1    1    1  7.07627E+11 0.00246 
   33   33    1    1    1    1    1    1    1    1  1.27831E+12 0.00137 
   34   34    1    1    1    1    1    1    1    1  2.67551E+12 0.00078 
   35   35    1    1    1    1    1    1    1    1  3.40612E+12 0.00073 
   36   36    1    1    1    1    1    1    1    1  5.04981E+12 0.00066 
   37   37    1    1    1    1    1    1    1    1  3.56267E+12 0.00068 
   38   38    1    1    1    1    1    1    1    1  1.14487E+12 0.00065 
   39   39    1    1    1    1    1    1    1    1  6.00637E+12 0.00057 
   40   40    1    1    1    1    1    1    1    1  7.94976E+12 0.00051 
   41   41    1    1    1    1    1    1    1    1  1.29907E+13 0.00049 
   42   42    1    1    1    1    1    1    1    1  1.36166E+13 0.00042 
   43   43    1    1    1    1    1    1    1    1  2.71589E+13 0.00041 
   44   44    1    1    1    1    1    1    1    1  3.21195E+13 0.00033 
   45   45    1    1    1    1    1    1    1    1  4.51735E+13 0.00020 
   46   46    1    1    1    1    1    1    1    1  8.49747E+13 0.00017 
   47   47    1    1    1    1    1    1    1    1  4.05187E+13 0.00022 
   48   48    1    1    1    1    1    1    1    1  6.56199E+13 0.00025 
   49   49    1    1    1    1    1    1    1    1  9.05814E+13 0.00020 
   50   50    1    1    1    1    1    1    1    1  8.98009E+13 0.00017 
   51   51    1    1    1    1    1    1    1    1  1.35514E+14 0.00012 
   52   52    1    1    1    1    1    1    1    1  1.11023E+14 0.00014 
   53   53    1    1    1    1    1    1    1    1  1.26222E+14 0.00013 
   54   54    1    1    1    1    1    1    1    1  8.89622E+13 0.00014 
   55   55    1    1    1    1    1    1    1    1  1.04491E+14 0.00014 
   56   56    1    1    1    1    1    1    1    1  7.29803E+13 0.00013 
   57   57    1    1    1    1    1    1    1    1  1.00755E+13 0.00025 
   58   58    1    1    1    1    1    1    1    1  1.45121E+14 0.00010 
   59   59    1    1    1    1    1    1    1    1  6.15648E+13 0.00015 
   60   60    1    1    1    1    1    1    1    1  6.63746E+13 0.00026 
   61   61    1    1    1    1    1    1    1    1  5.00123E+13 0.00020 
   62   62    1    1    1    1    1    1    1    1  5.06338E+13 0.00023 
   63   63    1    1    1    1    1    1    1    1  5.21787E+13 0.00023 
   64   64    1    1    1    1    1    1    1    1  4.34381E+13 0.00028 
   65   65    1    1    1    1    1    1    1    1  3.46235E+13 0.00026 
   66   66    1    1    1    1    1    1    1    1  3.42677E+13 0.00030 
   67   67    1    1    1    1    1    1    1    1  2.48388E+13 0.00030 
   68   68    1    1    1    1    1    1    1    1  2.04895E+13 0.00026 
   69   69    1    1    1    1    1    1    1    1  1.84709E+13 0.00045 
   70   70    1    1    1    1    1    1    1    1  2.21797E+13 0.00029 
   71   71    1    1    1    1    1    1    1    1  1.89923E+13 0.00045 
   72   72    1    1    1    1    1    1    1    1  3.57243E+13 0.00034 
   73   73    1    1    1    1    1    1    1    1  2.55206E+13 0.00027 
   74   74    1    1    1    1    1    1    1    1  1.90964E+13 0.00044 
   75   75    1    1    1    1    1    1    1    1  1.49022E+13 0.00040 
   76   76    1    1    1    1    1    1    1    1  1.19902E+13 0.00056 
   77   77    1    1    1    1    1    1    1    1  1.35202E+13 0.00040 
   78   78    1    1    1    1    1    1    1    1  1.03593E+13 0.00051 
   79   79    1    1    1    1    1    1    1    1  8.05606E+12 0.00050 
   80   80    1    1    1    1    1    1    1    1  8.17028E+12 0.00058 
   81   81    1    1    1    1    1    1    1    1  5.98868E+12 0.00069 
   82   82    1    1    1    1    1    1    1    1  4.57237E+12 0.00082 
   83   83    1    1    1    1    1    1    1    1  3.49070E+12 0.00086 
   84   84    1    1    1    1    1    1    1    1  3.25826E+12 0.00121 
   85   85    1    1    1    1    1    1    1    1  2.33596E+12 0.00123 
   86   86    1    1    1    1    1    1    1    1  1.67913E+12 0.00152 
   87   87    1    1    1    1    1    1    1    1  1.56597E+12 0.00118 
   88   88    1    1    1    1    1    1    1    1  9.72595E+11 0.00154 
   89   89    1    1    1    1    1    1    1    1  6.62428E+11 0.00210 
   90   90    1    1    1    1    1    1    1    1  3.85767E+11 0.00271 
   91   91    1    1    1    1    1    1    1    1  4.95870E+11 0.00242 
   92   92    1    1    1    1    1    1    1    1  0.00000E+00 0.00000 
   93   93    1    1    1    1    1    1    1    1  0.00000E+00 0.00000 
   94   94    1    1    1    1    1    1    1    1  0.00000E+00 0.00000 
   95   95    1    1    1    1    1    1    1    1  0.00000E+00 0.00000 
   96   96    1    1    1    1    1    1    1    1  0.00000E+00 0.00000 
   97   97    1    1    1    1    1    1    1    1  0.00000E+00 0.00000 
   98   98    1    1    1    1    1    1    1    1  0.00000E+00 0.00000 
   99   99    1    1    1    1    1    1    1    1  0.00000E+00 0.00000 
  100  100    1    1    1    1    1    1    1    1  0.00000E+00 0.00000 
];


