
DETdpaspec = [
    1    1    1    1    1    1    1    1    1    1  0.00000E+00 0.00000 
    2    2    1    1    1    1    1    1    1    1  0.00000E+00 0.00000 
    3    3    1    1    1    1    1    1    1    1  0.00000E+00 0.00000 
    4    4    1    1    1    1    1    1    1    1  0.00000E+00 0.00000 
    5    5    1    1    1    1    1    1    1    1  0.00000E+00 0.00000 
    6    6    1    1    1    1    1    1    1    1  0.00000E+00 0.00000 
    7    7    1    1    1    1    1    1    1    1  0.00000E+00 0.00000 
    8    8    1    1    1    1    1    1    1    1  0.00000E+00 0.00000 
    9    9    1    1    1    1    1    1    1    1  0.00000E+00 0.00000 
   10   10    1    1    1    1    1    1    1    1  0.00000E+00 0.00000 
   11   11    1    1    1    1    1    1    1    1  0.00000E+00 0.00000 
   12   12    1    1    1    1    1    1    1    1  0.00000E+00 0.00000 
   13   13    1    1    1    1    1    1    1    1  0.00000E+00 0.00000 
   14   14    1    1    1    1    1    1    1    1  0.00000E+00 0.00000 
   15   15    1    1    1    1    1    1    1    1  0.00000E+00 0.00000 
   16   16    1    1    1    1    1    1    1    1  0.00000E+00 0.00000 
   17   17    1    1    1    1    1    1    1    1  0.00000E+00 0.00000 
   18   18    1    1    1    1    1    1    1    1  0.00000E+00 0.00000 
   19   19    1    1    1    1    1    1    1    1  1.87353E+09 0.05274 
   20   20    1    1    1    1    1    1    1    1  2.84290E+08 0.08795 
   21   21    1    1    1    1    1    1    1    1  1.07801E+09 0.04853 
   22   22    1    1    1    1    1    1    1    1  7.46237E+08 0.03477 
   23   23    1    1    1    1    1    1    1    1  1.94635E+09 0.03357 
   24   24    1    1    1    1    1    1    1    1  2.67946E+09 0.02679 
   25   25    1    1    1    1    1    1    1    1  4.31025E+09 0.02452 
   26   26    1    1    1    1    1    1    1    1  5.53739E+09 0.01783 
   27   27    1    1    1    1    1    1    1    1  8.79398E+09 0.02217 
   28   28    1    1    1    1    1    1    1    1  1.56109E+10 0.01234 
   29   29    1    1    1    1    1    1    1    1  3.20037E+10 0.00791 
   30   30    1    1    1    1    1    1    1    1  4.96036E+10 0.00776 
   31   31    1    1    1    1    1    1    1    1  1.49331E+11 0.00683 
   32   32    1    1    1    1    1    1    1    1  4.70543E+11 0.00327 
   33   33    1    1    1    1    1    1    1    1  8.92502E+11 0.00214 
   34   34    1    1    1    1    1    1    1    1  2.09752E+12 0.00129 
   35   35    1    1    1    1    1    1    1    1  2.89364E+12 0.00087 
   36   36    1    1    1    1    1    1    1    1  3.97701E+12 0.00066 
   37   37    1    1    1    1    1    1    1    1  2.76372E+12 0.00076 
   38   38    1    1    1    1    1    1    1    1  8.59788E+11 0.00080 
   39   39    1    1    1    1    1    1    1    1  4.75964E+12 0.00061 
   40   40    1    1    1    1    1    1    1    1  6.40194E+12 0.00072 
   41   41    1    1    1    1    1    1    1    1  1.09425E+13 0.00044 
   42   42    1    1    1    1    1    1    1    1  1.12248E+13 0.00054 
   43   43    1    1    1    1    1    1    1    1  2.36659E+13 0.00044 
   44   44    1    1    1    1    1    1    1    1  2.86416E+13 0.00038 
   45   45    1    1    1    1    1    1    1    1  4.13454E+13 0.00029 
   46   46    1    1    1    1    1    1    1    1  8.17008E+13 0.00021 
   47   47    1    1    1    1    1    1    1    1  3.86261E+13 0.00020 
   48   48    1    1    1    1    1    1    1    1  6.24300E+13 0.00024 
   49   49    1    1    1    1    1    1    1    1  8.71684E+13 0.00021 
   50   50    1    1    1    1    1    1    1    1  8.63060E+13 0.00015 
   51   51    1    1    1    1    1    1    1    1  1.33581E+14 0.00013 
   52   52    1    1    1    1    1    1    1    1  1.07352E+14 0.00016 
   53   53    1    1    1    1    1    1    1    1  1.26204E+14 0.00015 
   54   54    1    1    1    1    1    1    1    1  8.81096E+13 0.00016 
   55   55    1    1    1    1    1    1    1    1  1.06670E+14 0.00013 
   56   56    1    1    1    1    1    1    1    1  7.36421E+13 0.00016 
   57   57    1    1    1    1    1    1    1    1  1.00533E+13 0.00039 
   58   58    1    1    1    1    1    1    1    1  1.46366E+14 0.00012 
   59   59    1    1    1    1    1    1    1    1  6.43568E+13 0.00028 
   60   60    1    1    1    1    1    1    1    1  6.86690E+13 0.00019 
   61   61    1    1    1    1    1    1    1    1  5.29420E+13 0.00020 
   62   62    1    1    1    1    1    1    1    1  5.32461E+13 0.00027 
   63   63    1    1    1    1    1    1    1    1  5.52894E+13 0.00024 
   64   64    1    1    1    1    1    1    1    1  4.63775E+13 0.00020 
   65   65    1    1    1    1    1    1    1    1  3.69075E+13 0.00030 
   66   66    1    1    1    1    1    1    1    1  3.65874E+13 0.00030 
   67   67    1    1    1    1    1    1    1    1  2.64806E+13 0.00032 
   68   68    1    1    1    1    1    1    1    1  2.16515E+13 0.00031 
   69   69    1    1    1    1    1    1    1    1  1.94514E+13 0.00034 
   70   70    1    1    1    1    1    1    1    1  2.33874E+13 0.00032 
   71   71    1    1    1    1    1    1    1    1  1.99471E+13 0.00037 
   72   72    1    1    1    1    1    1    1    1  3.66119E+13 0.00034 
   73   73    1    1    1    1    1    1    1    1  2.59621E+13 0.00040 
   74   74    1    1    1    1    1    1    1    1  1.95440E+13 0.00042 
   75   75    1    1    1    1    1    1    1    1  1.55951E+13 0.00048 
   76   76    1    1    1    1    1    1    1    1  1.28503E+13 0.00046 
   77   77    1    1    1    1    1    1    1    1  1.47746E+13 0.00055 
   78   78    1    1    1    1    1    1    1    1  1.15715E+13 0.00048 
   79   79    1    1    1    1    1    1    1    1  9.15878E+12 0.00061 
   80   80    1    1    1    1    1    1    1    1  9.40777E+12 0.00058 
   81   81    1    1    1    1    1    1    1    1  6.95740E+12 0.00066 
   82   82    1    1    1    1    1    1    1    1  5.34497E+12 0.00057 
   83   83    1    1    1    1    1    1    1    1  4.10964E+12 0.00083 
   84   84    1    1    1    1    1    1    1    1  3.83078E+12 0.00076 
   85   85    1    1    1    1    1    1    1    1  2.76134E+12 0.00127 
   86   86    1    1    1    1    1    1    1    1  1.98896E+12 0.00104 
   87   87    1    1    1    1    1    1    1    1  1.86061E+12 0.00141 
   88   88    1    1    1    1    1    1    1    1  1.15142E+12 0.00187 
   89   89    1    1    1    1    1    1    1    1  7.76877E+11 0.00218 
   90   90    1    1    1    1    1    1    1    1  4.50410E+11 0.00221 
   91   91    1    1    1    1    1    1    1    1  5.78408E+11 0.00263 
   92   92    1    1    1    1    1    1    1    1  0.00000E+00 0.00000 
   93   93    1    1    1    1    1    1    1    1  0.00000E+00 0.00000 
   94   94    1    1    1    1    1    1    1    1  0.00000E+00 0.00000 
   95   95    1    1    1    1    1    1    1    1  0.00000E+00 0.00000 
   96   96    1    1    1    1    1    1    1    1  0.00000E+00 0.00000 
   97   97    1    1    1    1    1    1    1    1  0.00000E+00 0.00000 
   98   98    1    1    1    1    1    1    1    1  0.00000E+00 0.00000 
   99   99    1    1    1    1    1    1    1    1  0.00000E+00 0.00000 
  100  100    1    1    1    1    1    1    1    1  0.00000E+00 0.00000 
];


