
DETdpaspec = [
    1    1    1    1    1    1    1    1    1    1  0.00000E+00 0.00000 
    2    2    1    1    1    1    1    1    1    1  0.00000E+00 0.00000 
    3    3    1    1    1    1    1    1    1    1  0.00000E+00 0.00000 
    4    4    1    1    1    1    1    1    1    1  0.00000E+00 0.00000 
    5    5    1    1    1    1    1    1    1    1  0.00000E+00 0.00000 
    6    6    1    1    1    1    1    1    1    1  0.00000E+00 0.00000 
    7    7    1    1    1    1    1    1    1    1  0.00000E+00 0.00000 
    8    8    1    1    1    1    1    1    1    1  0.00000E+00 0.00000 
    9    9    1    1    1    1    1    1    1    1  0.00000E+00 0.00000 
   10   10    1    1    1    1    1    1    1    1  0.00000E+00 0.00000 
   11   11    1    1    1    1    1    1    1    1  0.00000E+00 0.00000 
   12   12    1    1    1    1    1    1    1    1  0.00000E+00 0.00000 
   13   13    1    1    1    1    1    1    1    1  0.00000E+00 0.00000 
   14   14    1    1    1    1    1    1    1    1  0.00000E+00 0.00000 
   15   15    1    1    1    1    1    1    1    1  0.00000E+00 0.00000 
   16   16    1    1    1    1    1    1    1    1  0.00000E+00 0.00000 
   17   17    1    1    1    1    1    1    1    1  0.00000E+00 0.00000 
   18   18    1    1    1    1    1    1    1    1  0.00000E+00 0.00000 
   19   19    1    1    1    1    1    1    1    1  1.89875E+09 0.06055 
   20   20    1    1    1    1    1    1    1    1  2.80066E+08 0.08551 
   21   21    1    1    1    1    1    1    1    1  1.02387E+09 0.04083 
   22   22    1    1    1    1    1    1    1    1  7.78543E+08 0.04050 
   23   23    1    1    1    1    1    1    1    1  2.13366E+09 0.03125 
   24   24    1    1    1    1    1    1    1    1  3.05577E+09 0.02785 
   25   25    1    1    1    1    1    1    1    1  4.69609E+09 0.02039 
   26   26    1    1    1    1    1    1    1    1  5.81478E+09 0.02165 
   27   27    1    1    1    1    1    1    1    1  9.30898E+09 0.01428 
   28   28    1    1    1    1    1    1    1    1  1.62602E+10 0.01030 
   29   29    1    1    1    1    1    1    1    1  3.28980E+10 0.00703 
   30   30    1    1    1    1    1    1    1    1  5.02902E+10 0.00651 
   31   31    1    1    1    1    1    1    1    1  1.52908E+11 0.00456 
   32   32    1    1    1    1    1    1    1    1  4.79336E+11 0.00312 
   33   33    1    1    1    1    1    1    1    1  9.02361E+11 0.00169 
   34   34    1    1    1    1    1    1    1    1  2.10288E+12 0.00152 
   35   35    1    1    1    1    1    1    1    1  2.88584E+12 0.00119 
   36   36    1    1    1    1    1    1    1    1  4.01474E+12 0.00119 
   37   37    1    1    1    1    1    1    1    1  2.80315E+12 0.00083 
   38   38    1    1    1    1    1    1    1    1  8.75303E+11 0.00100 
   39   39    1    1    1    1    1    1    1    1  4.81742E+12 0.00083 
   40   40    1    1    1    1    1    1    1    1  6.48634E+12 0.00070 
   41   41    1    1    1    1    1    1    1    1  1.10466E+13 0.00043 
   42   42    1    1    1    1    1    1    1    1  1.13628E+13 0.00039 
   43   43    1    1    1    1    1    1    1    1  2.38444E+13 0.00034 
   44   44    1    1    1    1    1    1    1    1  2.88046E+13 0.00034 
   45   45    1    1    1    1    1    1    1    1  4.15405E+13 0.00027 
   46   46    1    1    1    1    1    1    1    1  8.17946E+13 0.00024 
   47   47    1    1    1    1    1    1    1    1  3.87284E+13 0.00026 
   48   48    1    1    1    1    1    1    1    1  6.26504E+13 0.00023 
   49   49    1    1    1    1    1    1    1    1  8.74262E+13 0.00017 
   50   50    1    1    1    1    1    1    1    1  8.66289E+13 0.00017 
   51   51    1    1    1    1    1    1    1    1  1.33775E+14 0.00013 
   52   52    1    1    1    1    1    1    1    1  1.07744E+14 0.00020 
   53   53    1    1    1    1    1    1    1    1  1.26265E+14 0.00020 
   54   54    1    1    1    1    1    1    1    1  8.82561E+13 0.00012 
   55   55    1    1    1    1    1    1    1    1  1.06515E+14 0.00019 
   56   56    1    1    1    1    1    1    1    1  7.36521E+13 0.00019 
   57   57    1    1    1    1    1    1    1    1  1.00639E+13 0.00025 
   58   58    1    1    1    1    1    1    1    1  1.46360E+14 0.00011 
   59   59    1    1    1    1    1    1    1    1  6.41130E+13 0.00015 
   60   60    1    1    1    1    1    1    1    1  6.85156E+13 0.00018 
   61   61    1    1    1    1    1    1    1    1  5.27132E+13 0.00021 
   62   62    1    1    1    1    1    1    1    1  5.30266E+13 0.00023 
   63   63    1    1    1    1    1    1    1    1  5.50549E+13 0.00021 
   64   64    1    1    1    1    1    1    1    1  4.61563E+13 0.00026 
   65   65    1    1    1    1    1    1    1    1  3.67477E+13 0.00024 
   66   66    1    1    1    1    1    1    1    1  3.64227E+13 0.00021 
   67   67    1    1    1    1    1    1    1    1  2.63548E+13 0.00031 
   68   68    1    1    1    1    1    1    1    1  2.15780E+13 0.00040 
   69   69    1    1    1    1    1    1    1    1  1.93968E+13 0.00028 
   70   70    1    1    1    1    1    1    1    1  2.33318E+13 0.00031 
   71   71    1    1    1    1    1    1    1    1  1.99052E+13 0.00038 
   72   72    1    1    1    1    1    1    1    1  3.66196E+13 0.00030 
   73   73    1    1    1    1    1    1    1    1  2.60218E+13 0.00040 
   74   74    1    1    1    1    1    1    1    1  1.95672E+13 0.00043 
   75   75    1    1    1    1    1    1    1    1  1.55776E+13 0.00063 
   76   76    1    1    1    1    1    1    1    1  1.27984E+13 0.00041 
   77   77    1    1    1    1    1    1    1    1  1.46808E+13 0.00043 
   78   78    1    1    1    1    1    1    1    1  1.14903E+13 0.00053 
   79   79    1    1    1    1    1    1    1    1  9.07389E+12 0.00063 
   80   80    1    1    1    1    1    1    1    1  9.30363E+12 0.00054 
   81   81    1    1    1    1    1    1    1    1  6.87599E+12 0.00056 
   82   82    1    1    1    1    1    1    1    1  5.27656E+12 0.00073 
   83   83    1    1    1    1    1    1    1    1  4.05689E+12 0.00070 
   84   84    1    1    1    1    1    1    1    1  3.78515E+12 0.00101 
   85   85    1    1    1    1    1    1    1    1  2.72694E+12 0.00108 
   86   86    1    1    1    1    1    1    1    1  1.96213E+12 0.00089 
   87   87    1    1    1    1    1    1    1    1  1.83509E+12 0.00123 
   88   88    1    1    1    1    1    1    1    1  1.13723E+12 0.00131 
   89   89    1    1    1    1    1    1    1    1  7.70699E+11 0.00192 
   90   90    1    1    1    1    1    1    1    1  4.47425E+11 0.00208 
   91   91    1    1    1    1    1    1    1    1  5.69229E+11 0.00283 
   92   92    1    1    1    1    1    1    1    1  0.00000E+00 0.00000 
   93   93    1    1    1    1    1    1    1    1  0.00000E+00 0.00000 
   94   94    1    1    1    1    1    1    1    1  0.00000E+00 0.00000 
   95   95    1    1    1    1    1    1    1    1  0.00000E+00 0.00000 
   96   96    1    1    1    1    1    1    1    1  0.00000E+00 0.00000 
   97   97    1    1    1    1    1    1    1    1  0.00000E+00 0.00000 
   98   98    1    1    1    1    1    1    1    1  0.00000E+00 0.00000 
   99   99    1    1    1    1    1    1    1    1  0.00000E+00 0.00000 
  100  100    1    1    1    1    1    1    1    1  0.00000E+00 0.00000 
];


