
DETdpaspec = [
    1    1    1    1    1    1    1    1    1    1  0.00000E+00 0.00000 
    2    2    1    1    1    1    1    1    1    1  0.00000E+00 0.00000 
    3    3    1    1    1    1    1    1    1    1  0.00000E+00 0.00000 
    4    4    1    1    1    1    1    1    1    1  0.00000E+00 0.00000 
    5    5    1    1    1    1    1    1    1    1  0.00000E+00 0.00000 
    6    6    1    1    1    1    1    1    1    1  0.00000E+00 0.00000 
    7    7    1    1    1    1    1    1    1    1  0.00000E+00 0.00000 
    8    8    1    1    1    1    1    1    1    1  0.00000E+00 0.00000 
    9    9    1    1    1    1    1    1    1    1  0.00000E+00 0.00000 
   10   10    1    1    1    1    1    1    1    1  0.00000E+00 0.00000 
   11   11    1    1    1    1    1    1    1    1  0.00000E+00 0.00000 
   12   12    1    1    1    1    1    1    1    1  0.00000E+00 0.00000 
   13   13    1    1    1    1    1    1    1    1  0.00000E+00 0.00000 
   14   14    1    1    1    1    1    1    1    1  0.00000E+00 0.00000 
   15   15    1    1    1    1    1    1    1    1  0.00000E+00 0.00000 
   16   16    1    1    1    1    1    1    1    1  0.00000E+00 0.00000 
   17   17    1    1    1    1    1    1    1    1  0.00000E+00 0.00000 
   18   18    1    1    1    1    1    1    1    1  0.00000E+00 0.00000 
   19   19    1    1    1    1    1    1    1    1  1.65230E+09 0.08059 
   20   20    1    1    1    1    1    1    1    1  1.87803E+08 0.08496 
   21   21    1    1    1    1    1    1    1    1  7.81092E+08 0.06633 
   22   22    1    1    1    1    1    1    1    1  5.36543E+08 0.05087 
   23   23    1    1    1    1    1    1    1    1  1.23900E+09 0.03723 
   24   24    1    1    1    1    1    1    1    1  1.91293E+09 0.02595 
   25   25    1    1    1    1    1    1    1    1  3.30263E+09 0.01835 
   26   26    1    1    1    1    1    1    1    1  4.38492E+09 0.02686 
   27   27    1    1    1    1    1    1    1    1  7.64795E+09 0.02578 
   28   28    1    1    1    1    1    1    1    1  1.54542E+10 0.01557 
   29   29    1    1    1    1    1    1    1    1  3.93198E+10 0.01091 
   30   30    1    1    1    1    1    1    1    1  6.95398E+10 0.00790 
   31   31    1    1    1    1    1    1    1    1  1.88253E+11 0.00459 
   32   32    1    1    1    1    1    1    1    1  5.73198E+11 0.00360 
   33   33    1    1    1    1    1    1    1    1  1.03436E+12 0.00190 
   34   34    1    1    1    1    1    1    1    1  2.44662E+12 0.00121 
   35   35    1    1    1    1    1    1    1    1  3.42051E+12 0.00091 
   36   36    1    1    1    1    1    1    1    1  4.25505E+12 0.00074 
   37   37    1    1    1    1    1    1    1    1  2.82405E+12 0.00081 
   38   38    1    1    1    1    1    1    1    1  8.55367E+11 0.00067 
   39   39    1    1    1    1    1    1    1    1  4.84261E+12 0.00069 
   40   40    1    1    1    1    1    1    1    1  6.53018E+12 0.00069 
   41   41    1    1    1    1    1    1    1    1  1.12619E+13 0.00053 
   42   42    1    1    1    1    1    1    1    1  1.12603E+13 0.00050 
   43   43    1    1    1    1    1    1    1    1  2.41704E+13 0.00041 
   44   44    1    1    1    1    1    1    1    1  2.92660E+13 0.00044 
   45   45    1    1    1    1    1    1    1    1  4.22642E+13 0.00032 
   46   46    1    1    1    1    1    1    1    1  8.43206E+13 0.00021 
   47   47    1    1    1    1    1    1    1    1  3.91226E+13 0.00022 
   48   48    1    1    1    1    1    1    1    1  6.26553E+13 0.00025 
   49   49    1    1    1    1    1    1    1    1  8.72146E+13 0.00016 
   50   50    1    1    1    1    1    1    1    1  8.56432E+13 0.00019 
   51   51    1    1    1    1    1    1    1    1  1.33705E+14 0.00020 
   52   52    1    1    1    1    1    1    1    1  1.05284E+14 0.00016 
   53   53    1    1    1    1    1    1    1    1  1.25589E+14 0.00012 
   54   54    1    1    1    1    1    1    1    1  8.68757E+13 0.00027 
   55   55    1    1    1    1    1    1    1    1  1.06716E+14 0.00019 
   56   56    1    1    1    1    1    1    1    1  7.31660E+13 0.00021 
   57   57    1    1    1    1    1    1    1    1  9.92039E+12 0.00031 
   58   58    1    1    1    1    1    1    1    1  1.44896E+14 0.00013 
   59   59    1    1    1    1    1    1    1    1  6.49874E+13 0.00017 
   60   60    1    1    1    1    1    1    1    1  6.86372E+13 0.00023 
   61   61    1    1    1    1    1    1    1    1  5.36118E+13 0.00026 
   62   62    1    1    1    1    1    1    1    1  5.36092E+13 0.00025 
   63   63    1    1    1    1    1    1    1    1  5.57885E+13 0.00025 
   64   64    1    1    1    1    1    1    1    1  4.68668E+13 0.00031 
   65   65    1    1    1    1    1    1    1    1  3.71252E+13 0.00026 
   66   66    1    1    1    1    1    1    1    1  3.67266E+13 0.00032 
   67   67    1    1    1    1    1    1    1    1  2.64754E+13 0.00032 
   68   68    1    1    1    1    1    1    1    1  2.15062E+13 0.00030 
   69   69    1    1    1    1    1    1    1    1  1.92458E+13 0.00032 
   70   70    1    1    1    1    1    1    1    1  2.30884E+13 0.00035 
   71   71    1    1    1    1    1    1    1    1  1.95900E+13 0.00037 
   72   72    1    1    1    1    1    1    1    1  3.53147E+13 0.00041 
   73   73    1    1    1    1    1    1    1    1  2.48562E+13 0.00039 
   74   74    1    1    1    1    1    1    1    1  1.87212E+13 0.00048 
   75   75    1    1    1    1    1    1    1    1  1.51053E+13 0.00044 
   76   76    1    1    1    1    1    1    1    1  1.25752E+13 0.00047 
   77   77    1    1    1    1    1    1    1    1  1.46095E+13 0.00073 
   78   78    1    1    1    1    1    1    1    1  1.15902E+13 0.00057 
   79   79    1    1    1    1    1    1    1    1  9.26147E+12 0.00074 
   80   80    1    1    1    1    1    1    1    1  9.59699E+12 0.00065 
   81   81    1    1    1    1    1    1    1    1  7.12621E+12 0.00074 
   82   82    1    1    1    1    1    1    1    1  5.49739E+12 0.00072 
   83   83    1    1    1    1    1    1    1    1  4.22331E+12 0.00116 
   84   84    1    1    1    1    1    1    1    1  3.95188E+12 0.00097 
   85   85    1    1    1    1    1    1    1    1  2.84606E+12 0.00123 
   86   86    1    1    1    1    1    1    1    1  2.05753E+12 0.00128 
   87   87    1    1    1    1    1    1    1    1  1.92931E+12 0.00116 
   88   88    1    1    1    1    1    1    1    1  1.18782E+12 0.00157 
   89   89    1    1    1    1    1    1    1    1  7.97134E+11 0.00178 
   90   90    1    1    1    1    1    1    1    1  4.61968E+11 0.00188 
   91   91    1    1    1    1    1    1    1    1  5.85136E+11 0.00292 
   92   92    1    1    1    1    1    1    1    1  0.00000E+00 0.00000 
   93   93    1    1    1    1    1    1    1    1  0.00000E+00 0.00000 
   94   94    1    1    1    1    1    1    1    1  0.00000E+00 0.00000 
   95   95    1    1    1    1    1    1    1    1  0.00000E+00 0.00000 
   96   96    1    1    1    1    1    1    1    1  0.00000E+00 0.00000 
   97   97    1    1    1    1    1    1    1    1  0.00000E+00 0.00000 
   98   98    1    1    1    1    1    1    1    1  0.00000E+00 0.00000 
   99   99    1    1    1    1    1    1    1    1  0.00000E+00 0.00000 
  100  100    1    1    1    1    1    1    1    1  0.00000E+00 0.00000 
];


