
DETdpaspec = [
    1    1    1    1    1    1    1    1    1    1  0.00000E+00 0.00000 
    2    2    1    1    1    1    1    1    1    1  0.00000E+00 0.00000 
    3    3    1    1    1    1    1    1    1    1  0.00000E+00 0.00000 
    4    4    1    1    1    1    1    1    1    1  0.00000E+00 0.00000 
    5    5    1    1    1    1    1    1    1    1  0.00000E+00 0.00000 
    6    6    1    1    1    1    1    1    1    1  0.00000E+00 0.00000 
    7    7    1    1    1    1    1    1    1    1  0.00000E+00 0.00000 
    8    8    1    1    1    1    1    1    1    1  0.00000E+00 0.00000 
    9    9    1    1    1    1    1    1    1    1  0.00000E+00 0.00000 
   10   10    1    1    1    1    1    1    1    1  0.00000E+00 0.00000 
   11   11    1    1    1    1    1    1    1    1  0.00000E+00 0.00000 
   12   12    1    1    1    1    1    1    1    1  0.00000E+00 0.00000 
   13   13    1    1    1    1    1    1    1    1  0.00000E+00 0.00000 
   14   14    1    1    1    1    1    1    1    1  0.00000E+00 0.00000 
   15   15    1    1    1    1    1    1    1    1  0.00000E+00 0.00000 
   16   16    1    1    1    1    1    1    1    1  0.00000E+00 0.00000 
   17   17    1    1    1    1    1    1    1    1  0.00000E+00 0.00000 
   18   18    1    1    1    1    1    1    1    1  0.00000E+00 0.00000 
   19   19    1    1    1    1    1    1    1    1  1.26303E+09 0.06300 
   20   20    1    1    1    1    1    1    1    1  1.84675E+08 0.08654 
   21   21    1    1    1    1    1    1    1    1  7.83925E+08 0.07533 
   22   22    1    1    1    1    1    1    1    1  6.00244E+08 0.05274 
   23   23    1    1    1    1    1    1    1    1  1.39150E+09 0.05575 
   24   24    1    1    1    1    1    1    1    1  1.88290E+09 0.03240 
   25   25    1    1    1    1    1    1    1    1  3.30113E+09 0.03303 
   26   26    1    1    1    1    1    1    1    1  4.31924E+09 0.02359 
   27   27    1    1    1    1    1    1    1    1  7.48727E+09 0.02285 
   28   28    1    1    1    1    1    1    1    1  1.47400E+10 0.01777 
   29   29    1    1    1    1    1    1    1    1  3.53127E+10 0.00820 
   30   30    1    1    1    1    1    1    1    1  6.22878E+10 0.00571 
   31   31    1    1    1    1    1    1    1    1  1.73353E+11 0.00383 
   32   32    1    1    1    1    1    1    1    1  5.30891E+11 0.00260 
   33   33    1    1    1    1    1    1    1    1  9.76806E+11 0.00179 
   34   34    1    1    1    1    1    1    1    1  2.32852E+12 0.00113 
   35   35    1    1    1    1    1    1    1    1  3.25891E+12 0.00101 
   36   36    1    1    1    1    1    1    1    1  4.13112E+12 0.00089 
   37   37    1    1    1    1    1    1    1    1  2.77103E+12 0.00091 
   38   38    1    1    1    1    1    1    1    1  8.42820E+11 0.00077 
   39   39    1    1    1    1    1    1    1    1  4.75963E+12 0.00076 
   40   40    1    1    1    1    1    1    1    1  6.42927E+12 0.00064 
   41   41    1    1    1    1    1    1    1    1  1.10798E+13 0.00051 
   42   42    1    1    1    1    1    1    1    1  1.11294E+13 0.00048 
   43   43    1    1    1    1    1    1    1    1  2.38536E+13 0.00040 
   44   44    1    1    1    1    1    1    1    1  2.88995E+13 0.00030 
   45   45    1    1    1    1    1    1    1    1  4.17871E+13 0.00023 
   46   46    1    1    1    1    1    1    1    1  8.34246E+13 0.00023 
   47   47    1    1    1    1    1    1    1    1  3.88607E+13 0.00019 
   48   48    1    1    1    1    1    1    1    1  6.23527E+13 0.00022 
   49   49    1    1    1    1    1    1    1    1  8.69539E+13 0.00017 
   50   50    1    1    1    1    1    1    1    1  8.55735E+13 0.00017 
   51   51    1    1    1    1    1    1    1    1  1.33491E+14 0.00012 
   52   52    1    1    1    1    1    1    1    1  1.05517E+14 0.00017 
   53   53    1    1    1    1    1    1    1    1  1.25651E+14 0.00017 
   54   54    1    1    1    1    1    1    1    1  8.70667E+13 0.00014 
   55   55    1    1    1    1    1    1    1    1  1.06830E+14 0.00017 
   56   56    1    1    1    1    1    1    1    1  7.33372E+13 0.00015 
   57   57    1    1    1    1    1    1    1    1  9.95114E+12 0.00031 
   58   58    1    1    1    1    1    1    1    1  1.45369E+14 0.00015 
   59   59    1    1    1    1    1    1    1    1  6.50063E+13 0.00023 
   60   60    1    1    1    1    1    1    1    1  6.88113E+13 0.00020 
   61   61    1    1    1    1    1    1    1    1  5.36469E+13 0.00018 
   62   62    1    1    1    1    1    1    1    1  5.37126E+13 0.00021 
   63   63    1    1    1    1    1    1    1    1  5.58925E+13 0.00024 
   64   64    1    1    1    1    1    1    1    1  4.69603E+13 0.00028 
   65   65    1    1    1    1    1    1    1    1  3.72338E+13 0.00024 
   66   66    1    1    1    1    1    1    1    1  3.68500E+13 0.00036 
   67   67    1    1    1    1    1    1    1    1  2.65856E+13 0.00028 
   68   68    1    1    1    1    1    1    1    1  2.16106E+13 0.00038 
   69   69    1    1    1    1    1    1    1    1  1.93625E+13 0.00034 
   70   70    1    1    1    1    1    1    1    1  2.32465E+13 0.00038 
   71   71    1    1    1    1    1    1    1    1  1.97473E+13 0.00045 
   72   72    1    1    1    1    1    1    1    1  3.56963E+13 0.00031 
   73   73    1    1    1    1    1    1    1    1  2.51799E+13 0.00036 
   74   74    1    1    1    1    1    1    1    1  1.89478E+13 0.00049 
   75   75    1    1    1    1    1    1    1    1  1.52488E+13 0.00044 
   76   76    1    1    1    1    1    1    1    1  1.26884E+13 0.00044 
   77   77    1    1    1    1    1    1    1    1  1.47288E+13 0.00064 
   78   78    1    1    1    1    1    1    1    1  1.16730E+13 0.00038 
   79   79    1    1    1    1    1    1    1    1  9.32442E+12 0.00064 
   80   80    1    1    1    1    1    1    1    1  9.63880E+12 0.00060 
   81   81    1    1    1    1    1    1    1    1  7.14107E+12 0.00062 
   82   82    1    1    1    1    1    1    1    1  5.50865E+12 0.00080 
   83   83    1    1    1    1    1    1    1    1  4.23662E+12 0.00072 
   84   84    1    1    1    1    1    1    1    1  3.96694E+12 0.00061 
   85   85    1    1    1    1    1    1    1    1  2.85764E+12 0.00098 
   86   86    1    1    1    1    1    1    1    1  2.06241E+12 0.00152 
   87   87    1    1    1    1    1    1    1    1  1.93185E+12 0.00128 
   88   88    1    1    1    1    1    1    1    1  1.18746E+12 0.00142 
   89   89    1    1    1    1    1    1    1    1  8.02874E+11 0.00233 
   90   90    1    1    1    1    1    1    1    1  4.62050E+11 0.00339 
   91   91    1    1    1    1    1    1    1    1  5.87807E+11 0.00232 
   92   92    1    1    1    1    1    1    1    1  0.00000E+00 0.00000 
   93   93    1    1    1    1    1    1    1    1  0.00000E+00 0.00000 
   94   94    1    1    1    1    1    1    1    1  0.00000E+00 0.00000 
   95   95    1    1    1    1    1    1    1    1  0.00000E+00 0.00000 
   96   96    1    1    1    1    1    1    1    1  0.00000E+00 0.00000 
   97   97    1    1    1    1    1    1    1    1  0.00000E+00 0.00000 
   98   98    1    1    1    1    1    1    1    1  0.00000E+00 0.00000 
   99   99    1    1    1    1    1    1    1    1  0.00000E+00 0.00000 
  100  100    1    1    1    1    1    1    1    1  0.00000E+00 0.00000 
];


