
DETdpaspec = [
    1    1    1    1    1    1    1    1    1    1  0.00000E+00 0.00000 
    2    2    1    1    1    1    1    1    1    1  0.00000E+00 0.00000 
    3    3    1    1    1    1    1    1    1    1  0.00000E+00 0.00000 
    4    4    1    1    1    1    1    1    1    1  0.00000E+00 0.00000 
    5    5    1    1    1    1    1    1    1    1  0.00000E+00 0.00000 
    6    6    1    1    1    1    1    1    1    1  0.00000E+00 0.00000 
    7    7    1    1    1    1    1    1    1    1  0.00000E+00 0.00000 
    8    8    1    1    1    1    1    1    1    1  0.00000E+00 0.00000 
    9    9    1    1    1    1    1    1    1    1  0.00000E+00 0.00000 
   10   10    1    1    1    1    1    1    1    1  0.00000E+00 0.00000 
   11   11    1    1    1    1    1    1    1    1  0.00000E+00 0.00000 
   12   12    1    1    1    1    1    1    1    1  0.00000E+00 0.00000 
   13   13    1    1    1    1    1    1    1    1  0.00000E+00 0.00000 
   14   14    1    1    1    1    1    1    1    1  0.00000E+00 0.00000 
   15   15    1    1    1    1    1    1    1    1  0.00000E+00 0.00000 
   16   16    1    1    1    1    1    1    1    1  0.00000E+00 0.00000 
   17   17    1    1    1    1    1    1    1    1  0.00000E+00 0.00000 
   18   18    1    1    1    1    1    1    1    1  0.00000E+00 0.00000 
   19   19    1    1    1    1    1    1    1    1  1.71420E+09 0.04663 
   20   20    1    1    1    1    1    1    1    1  2.70702E+08 0.08245 
   21   21    1    1    1    1    1    1    1    1  9.61714E+08 0.04138 
   22   22    1    1    1    1    1    1    1    1  7.79739E+08 0.04556 
   23   23    1    1    1    1    1    1    1    1  2.02327E+09 0.04374 
   24   24    1    1    1    1    1    1    1    1  2.81276E+09 0.02218 
   25   25    1    1    1    1    1    1    1    1  4.35935E+09 0.02028 
   26   26    1    1    1    1    1    1    1    1  5.56006E+09 0.02275 
   27   27    1    1    1    1    1    1    1    1  8.80922E+09 0.01857 
   28   28    1    1    1    1    1    1    1    1  1.57076E+10 0.01409 
   29   29    1    1    1    1    1    1    1    1  3.23329E+10 0.00849 
   30   30    1    1    1    1    1    1    1    1  5.11276E+10 0.00837 
   31   31    1    1    1    1    1    1    1    1  1.51766E+11 0.00683 
   32   32    1    1    1    1    1    1    1    1  4.74017E+11 0.00213 
   33   33    1    1    1    1    1    1    1    1  8.94573E+11 0.00177 
   34   34    1    1    1    1    1    1    1    1  2.09097E+12 0.00145 
   35   35    1    1    1    1    1    1    1    1  2.88747E+12 0.00104 
   36   36    1    1    1    1    1    1    1    1  3.99045E+12 0.00109 
   37   37    1    1    1    1    1    1    1    1  2.77180E+12 0.00091 
   38   38    1    1    1    1    1    1    1    1  8.64268E+11 0.00065 
   39   39    1    1    1    1    1    1    1    1  4.77231E+12 0.00085 
   40   40    1    1    1    1    1    1    1    1  6.42466E+12 0.00069 
   41   41    1    1    1    1    1    1    1    1  1.09696E+13 0.00055 
   42   42    1    1    1    1    1    1    1    1  1.12586E+13 0.00054 
   43   43    1    1    1    1    1    1    1    1  2.37095E+13 0.00046 
   44   44    1    1    1    1    1    1    1    1  2.86823E+13 0.00038 
   45   45    1    1    1    1    1    1    1    1  4.13860E+13 0.00041 
   46   46    1    1    1    1    1    1    1    1  8.17486E+13 0.00030 
   47   47    1    1    1    1    1    1    1    1  3.86492E+13 0.00022 
   48   48    1    1    1    1    1    1    1    1  6.24987E+13 0.00022 
   49   49    1    1    1    1    1    1    1    1  8.72364E+13 0.00023 
   50   50    1    1    1    1    1    1    1    1  8.63745E+13 0.00015 
   51   51    1    1    1    1    1    1    1    1  1.33605E+14 0.00019 
   52   52    1    1    1    1    1    1    1    1  1.07424E+14 0.00016 
   53   53    1    1    1    1    1    1    1    1  1.26194E+14 0.00012 
   54   54    1    1    1    1    1    1    1    1  8.80876E+13 0.00018 
   55   55    1    1    1    1    1    1    1    1  1.06582E+14 0.00015 
   56   56    1    1    1    1    1    1    1    1  7.36393E+13 0.00015 
   57   57    1    1    1    1    1    1    1    1  1.00476E+13 0.00032 
   58   58    1    1    1    1    1    1    1    1  1.46385E+14 0.00020 
   59   59    1    1    1    1    1    1    1    1  6.42855E+13 0.00021 
   60   60    1    1    1    1    1    1    1    1  6.86423E+13 0.00023 
   61   61    1    1    1    1    1    1    1    1  5.28962E+13 0.00025 
   62   62    1    1    1    1    1    1    1    1  5.32023E+13 0.00022 
   63   63    1    1    1    1    1    1    1    1  5.52838E+13 0.00027 
   64   64    1    1    1    1    1    1    1    1  4.63534E+13 0.00029 
   65   65    1    1    1    1    1    1    1    1  3.68734E+13 0.00029 
   66   66    1    1    1    1    1    1    1    1  3.65797E+13 0.00029 
   67   67    1    1    1    1    1    1    1    1  2.64524E+13 0.00025 
   68   68    1    1    1    1    1    1    1    1  2.16308E+13 0.00042 
   69   69    1    1    1    1    1    1    1    1  1.94383E+13 0.00047 
   70   70    1    1    1    1    1    1    1    1  2.33671E+13 0.00035 
   71   71    1    1    1    1    1    1    1    1  1.99490E+13 0.00040 
   72   72    1    1    1    1    1    1    1    1  3.66224E+13 0.00025 
   73   73    1    1    1    1    1    1    1    1  2.59988E+13 0.00048 
   74   74    1    1    1    1    1    1    1    1  1.95566E+13 0.00052 
   75   75    1    1    1    1    1    1    1    1  1.56180E+13 0.00056 
   76   76    1    1    1    1    1    1    1    1  1.28269E+13 0.00043 
   77   77    1    1    1    1    1    1    1    1  1.47460E+13 0.00049 
   78   78    1    1    1    1    1    1    1    1  1.15439E+13 0.00054 
   79   79    1    1    1    1    1    1    1    1  9.12581E+12 0.00054 
   80   80    1    1    1    1    1    1    1    1  9.38830E+12 0.00076 
   81   81    1    1    1    1    1    1    1    1  6.93445E+12 0.00067 
   82   82    1    1    1    1    1    1    1    1  5.33162E+12 0.00089 
   83   83    1    1    1    1    1    1    1    1  4.07841E+12 0.00083 
   84   84    1    1    1    1    1    1    1    1  3.81199E+12 0.00113 
   85   85    1    1    1    1    1    1    1    1  2.75164E+12 0.00108 
   86   86    1    1    1    1    1    1    1    1  1.98300E+12 0.00134 
   87   87    1    1    1    1    1    1    1    1  1.85690E+12 0.00134 
   88   88    1    1    1    1    1    1    1    1  1.14358E+12 0.00131 
   89   89    1    1    1    1    1    1    1    1  7.76576E+11 0.00208 
   90   90    1    1    1    1    1    1    1    1  4.49652E+11 0.00311 
   91   91    1    1    1    1    1    1    1    1  5.74195E+11 0.00193 
   92   92    1    1    1    1    1    1    1    1  0.00000E+00 0.00000 
   93   93    1    1    1    1    1    1    1    1  0.00000E+00 0.00000 
   94   94    1    1    1    1    1    1    1    1  0.00000E+00 0.00000 
   95   95    1    1    1    1    1    1    1    1  0.00000E+00 0.00000 
   96   96    1    1    1    1    1    1    1    1  0.00000E+00 0.00000 
   97   97    1    1    1    1    1    1    1    1  0.00000E+00 0.00000 
   98   98    1    1    1    1    1    1    1    1  0.00000E+00 0.00000 
   99   99    1    1    1    1    1    1    1    1  0.00000E+00 0.00000 
  100  100    1    1    1    1    1    1    1    1  0.00000E+00 0.00000 
];


