
DETdpaspec = [
    1    1    1    1    1    1    1    1    1    1  0.00000E+00 0.00000 
    2    2    1    1    1    1    1    1    1    1  0.00000E+00 0.00000 
    3    3    1    1    1    1    1    1    1    1  0.00000E+00 0.00000 
    4    4    1    1    1    1    1    1    1    1  0.00000E+00 0.00000 
    5    5    1    1    1    1    1    1    1    1  0.00000E+00 0.00000 
    6    6    1    1    1    1    1    1    1    1  0.00000E+00 0.00000 
    7    7    1    1    1    1    1    1    1    1  0.00000E+00 0.00000 
    8    8    1    1    1    1    1    1    1    1  0.00000E+00 0.00000 
    9    9    1    1    1    1    1    1    1    1  0.00000E+00 0.00000 
   10   10    1    1    1    1    1    1    1    1  0.00000E+00 0.00000 
   11   11    1    1    1    1    1    1    1    1  0.00000E+00 0.00000 
   12   12    1    1    1    1    1    1    1    1  0.00000E+00 0.00000 
   13   13    1    1    1    1    1    1    1    1  0.00000E+00 0.00000 
   14   14    1    1    1    1    1    1    1    1  0.00000E+00 0.00000 
   15   15    1    1    1    1    1    1    1    1  0.00000E+00 0.00000 
   16   16    1    1    1    1    1    1    1    1  0.00000E+00 0.00000 
   17   17    1    1    1    1    1    1    1    1  0.00000E+00 0.00000 
   18   18    1    1    1    1    1    1    1    1  0.00000E+00 0.00000 
   19   19    1    1    1    1    1    1    1    1  1.25012E+09 0.11268 
   20   20    1    1    1    1    1    1    1    1  1.60426E+08 0.09101 
   21   21    1    1    1    1    1    1    1    1  5.36417E+08 0.09281 
   22   22    1    1    1    1    1    1    1    1  4.25158E+08 0.06072 
   23   23    1    1    1    1    1    1    1    1  9.33553E+08 0.04717 
   24   24    1    1    1    1    1    1    1    1  1.70956E+09 0.04461 
   25   25    1    1    1    1    1    1    1    1  4.15459E+09 0.02356 
   26   26    1    1    1    1    1    1    1    1  7.06332E+09 0.02239 
   27   27    1    1    1    1    1    1    1    1  1.52893E+10 0.01525 
   28   28    1    1    1    1    1    1    1    1  3.64318E+10 0.00952 
   29   29    1    1    1    1    1    1    1    1  9.15312E+10 0.00625 
   30   30    1    1    1    1    1    1    1    1  1.66881E+11 0.00534 
   31   31    1    1    1    1    1    1    1    1  3.87634E+11 0.00384 
   32   32    1    1    1    1    1    1    1    1  1.01101E+12 0.00193 
   33   33    1    1    1    1    1    1    1    1  1.66516E+12 0.00166 
   34   34    1    1    1    1    1    1    1    1  3.66288E+12 0.00102 
   35   35    1    1    1    1    1    1    1    1  4.87582E+12 0.00095 
   36   36    1    1    1    1    1    1    1    1  5.45035E+12 0.00083 
   37   37    1    1    1    1    1    1    1    1  3.42063E+12 0.00082 
   38   38    1    1    1    1    1    1    1    1  1.01177E+12 0.00072 
   39   39    1    1    1    1    1    1    1    1  5.77986E+12 0.00078 
   40   40    1    1    1    1    1    1    1    1  7.71092E+12 0.00069 
   41   41    1    1    1    1    1    1    1    1  1.31797E+13 0.00055 
   42   42    1    1    1    1    1    1    1    1  1.28329E+13 0.00050 
   43   43    1    1    1    1    1    1    1    1  2.75443E+13 0.00036 
   44   44    1    1    1    1    1    1    1    1  3.29477E+13 0.00039 
   45   45    1    1    1    1    1    1    1    1  4.69041E+13 0.00024 
   46   46    1    1    1    1    1    1    1    1  9.21590E+13 0.00020 
   47   47    1    1    1    1    1    1    1    1  4.16316E+13 0.00016 
   48   48    1    1    1    1    1    1    1    1  6.59102E+13 0.00020 
   49   49    1    1    1    1    1    1    1    1  9.05307E+13 0.00020 
   50   50    1    1    1    1    1    1    1    1  8.78006E+13 0.00018 
   51   51    1    1    1    1    1    1    1    1  1.36155E+14 0.00015 
   52   52    1    1    1    1    1    1    1    1  1.05004E+14 0.00010 
   53   53    1    1    1    1    1    1    1    1  1.25303E+14 0.00018 
   54   54    1    1    1    1    1    1    1    1  8.55453E+13 0.00015 
   55   55    1    1    1    1    1    1    1    1  1.05380E+14 0.00014 
   56   56    1    1    1    1    1    1    1    1  7.16655E+13 0.00017 
   57   57    1    1    1    1    1    1    1    1  9.66165E+12 0.00028 
   58   58    1    1    1    1    1    1    1    1  1.40811E+14 0.00016 
   59   59    1    1    1    1    1    1    1    1  6.34980E+13 0.00019 
   60   60    1    1    1    1    1    1    1    1  6.64784E+13 0.00014 
   61   61    1    1    1    1    1    1    1    1  5.20817E+13 0.00019 
   62   62    1    1    1    1    1    1    1    1  5.18550E+13 0.00017 
   63   63    1    1    1    1    1    1    1    1  5.38167E+13 0.00021 
   64   64    1    1    1    1    1    1    1    1  4.50567E+13 0.00028 
   65   65    1    1    1    1    1    1    1    1  3.54943E+13 0.00032 
   66   66    1    1    1    1    1    1    1    1  3.49764E+13 0.00030 
   67   67    1    1    1    1    1    1    1    1  2.50624E+13 0.00033 
   68   68    1    1    1    1    1    1    1    1  2.02416E+13 0.00040 
   69   69    1    1    1    1    1    1    1    1  1.80570E+13 0.00034 
   70   70    1    1    1    1    1    1    1    1  2.15833E+13 0.00039 
   71   71    1    1    1    1    1    1    1    1  1.82102E+13 0.00051 
   72   72    1    1    1    1    1    1    1    1  3.23512E+13 0.00053 
   73   73    1    1    1    1    1    1    1    1  2.26026E+13 0.00036 
   74   74    1    1    1    1    1    1    1    1  1.69646E+13 0.00035 
   75   75    1    1    1    1    1    1    1    1  1.37395E+13 0.00054 
   76   76    1    1    1    1    1    1    1    1  1.14914E+13 0.00047 
   77   77    1    1    1    1    1    1    1    1  1.34147E+13 0.00051 
   78   78    1    1    1    1    1    1    1    1  1.07077E+13 0.00062 
   79   79    1    1    1    1    1    1    1    1  8.60051E+12 0.00067 
   80   80    1    1    1    1    1    1    1    1  8.91433E+12 0.00056 
   81   81    1    1    1    1    1    1    1    1  6.62936E+12 0.00067 
   82   82    1    1    1    1    1    1    1    1  5.11584E+12 0.00071 
   83   83    1    1    1    1    1    1    1    1  3.93389E+12 0.00078 
   84   84    1    1    1    1    1    1    1    1  3.69071E+12 0.00115 
   85   85    1    1    1    1    1    1    1    1  2.64881E+12 0.00116 
   86   86    1    1    1    1    1    1    1    1  1.91896E+12 0.00139 
   87   87    1    1    1    1    1    1    1    1  1.79428E+12 0.00109 
   88   88    1    1    1    1    1    1    1    1  1.09703E+12 0.00163 
   89   89    1    1    1    1    1    1    1    1  7.39832E+11 0.00212 
   90   90    1    1    1    1    1    1    1    1  4.26191E+11 0.00288 
   91   91    1    1    1    1    1    1    1    1  5.38359E+11 0.00185 
   92   92    1    1    1    1    1    1    1    1  0.00000E+00 0.00000 
   93   93    1    1    1    1    1    1    1    1  0.00000E+00 0.00000 
   94   94    1    1    1    1    1    1    1    1  0.00000E+00 0.00000 
   95   95    1    1    1    1    1    1    1    1  0.00000E+00 0.00000 
   96   96    1    1    1    1    1    1    1    1  0.00000E+00 0.00000 
   97   97    1    1    1    1    1    1    1    1  0.00000E+00 0.00000 
   98   98    1    1    1    1    1    1    1    1  0.00000E+00 0.00000 
   99   99    1    1    1    1    1    1    1    1  0.00000E+00 0.00000 
  100  100    1    1    1    1    1    1    1    1  0.00000E+00 0.00000 
];


