
DETdpaspec = [
    1    1    1    1    1    1    1    1    1    1  0.00000E+00 0.00000 
    2    2    1    1    1    1    1    1    1    1  0.00000E+00 0.00000 
    3    3    1    1    1    1    1    1    1    1  0.00000E+00 0.00000 
    4    4    1    1    1    1    1    1    1    1  0.00000E+00 0.00000 
    5    5    1    1    1    1    1    1    1    1  0.00000E+00 0.00000 
    6    6    1    1    1    1    1    1    1    1  0.00000E+00 0.00000 
    7    7    1    1    1    1    1    1    1    1  0.00000E+00 0.00000 
    8    8    1    1    1    1    1    1    1    1  0.00000E+00 0.00000 
    9    9    1    1    1    1    1    1    1    1  0.00000E+00 0.00000 
   10   10    1    1    1    1    1    1    1    1  0.00000E+00 0.00000 
   11   11    1    1    1    1    1    1    1    1  0.00000E+00 0.00000 
   12   12    1    1    1    1    1    1    1    1  0.00000E+00 0.00000 
   13   13    1    1    1    1    1    1    1    1  0.00000E+00 0.00000 
   14   14    1    1    1    1    1    1    1    1  0.00000E+00 0.00000 
   15   15    1    1    1    1    1    1    1    1  0.00000E+00 0.00000 
   16   16    1    1    1    1    1    1    1    1  0.00000E+00 0.00000 
   17   17    1    1    1    1    1    1    1    1  0.00000E+00 0.00000 
   18   18    1    1    1    1    1    1    1    1  0.00000E+00 0.00000 
   19   19    1    1    1    1    1    1    1    1  2.42389E+09 0.02673 
   20   20    1    1    1    1    1    1    1    1  4.74040E+08 0.04189 
   21   21    1    1    1    1    1    1    1    1  1.83759E+09 0.04444 
   22   22    1    1    1    1    1    1    1    1  1.30652E+09 0.03501 
   23   23    1    1    1    1    1    1    1    1  3.53922E+09 0.02265 
   24   24    1    1    1    1    1    1    1    1  4.68775E+09 0.01916 
   25   25    1    1    1    1    1    1    1    1  7.02040E+09 0.01753 
   26   26    1    1    1    1    1    1    1    1  8.85427E+09 0.01526 
   27   27    1    1    1    1    1    1    1    1  1.44030E+10 0.01210 
   28   28    1    1    1    1    1    1    1    1  2.61576E+10 0.01265 
   29   29    1    1    1    1    1    1    1    1  4.59317E+10 0.00863 
   30   30    1    1    1    1    1    1    1    1  6.24417E+10 0.00607 
   31   31    1    1    1    1    1    1    1    1  1.99930E+11 0.00360 
   32   32    1    1    1    1    1    1    1    1  5.98430E+11 0.00230 
   33   33    1    1    1    1    1    1    1    1  1.10392E+12 0.00204 
   34   34    1    1    1    1    1    1    1    1  2.39488E+12 0.00131 
   35   35    1    1    1    1    1    1    1    1  3.13662E+12 0.00093 
   36   36    1    1    1    1    1    1    1    1  4.58207E+12 0.00090 
   37   37    1    1    1    1    1    1    1    1  3.23841E+12 0.00058 
   38   38    1    1    1    1    1    1    1    1  1.03228E+12 0.00072 
   39   39    1    1    1    1    1    1    1    1  5.50716E+12 0.00056 
   40   40    1    1    1    1    1    1    1    1  7.33539E+12 0.00037 
   41   41    1    1    1    1    1    1    1    1  1.21727E+13 0.00036 
   42   42    1    1    1    1    1    1    1    1  1.27118E+13 0.00044 
   43   43    1    1    1    1    1    1    1    1  2.58102E+13 0.00041 
   44   44    1    1    1    1    1    1    1    1  3.07631E+13 0.00030 
   45   45    1    1    1    1    1    1    1    1  4.37142E+13 0.00024 
   46   46    1    1    1    1    1    1    1    1  8.36080E+13 0.00020 
   47   47    1    1    1    1    1    1    1    1  3.98449E+13 0.00017 
   48   48    1    1    1    1    1    1    1    1  6.45607E+13 0.00020 
   49   49    1    1    1    1    1    1    1    1  8.95053E+13 0.00022 
   50   50    1    1    1    1    1    1    1    1  8.87819E+13 0.00015 
   51   51    1    1    1    1    1    1    1    1  1.35019E+14 0.00014 
   52   52    1    1    1    1    1    1    1    1  1.10107E+14 0.00015 
   53   53    1    1    1    1    1    1    1    1  1.26457E+14 0.00012 
   54   54    1    1    1    1    1    1    1    1  8.89010E+13 0.00013 
   55   55    1    1    1    1    1    1    1    1  1.05310E+14 0.00015 
   56   56    1    1    1    1    1    1    1    1  7.32701E+13 0.00019 
   57   57    1    1    1    1    1    1    1    1  1.00809E+13 0.00034 
   58   58    1    1    1    1    1    1    1    1  1.45735E+14 0.00011 
   59   59    1    1    1    1    1    1    1    1  6.24478E+13 0.00018 
   60   60    1    1    1    1    1    1    1    1  6.71662E+13 0.00021 
   61   61    1    1    1    1    1    1    1    1  5.09366E+13 0.00015 
   62   62    1    1    1    1    1    1    1    1  5.14706E+13 0.00021 
   63   63    1    1    1    1    1    1    1    1  5.31618E+13 0.00020 
   64   64    1    1    1    1    1    1    1    1  4.43616E+13 0.00022 
   65   65    1    1    1    1    1    1    1    1  3.53495E+13 0.00029 
   66   66    1    1    1    1    1    1    1    1  3.50321E+13 0.00027 
   67   67    1    1    1    1    1    1    1    1  2.53903E+13 0.00032 
   68   68    1    1    1    1    1    1    1    1  2.08979E+13 0.00031 
   69   69    1    1    1    1    1    1    1    1  1.88256E+13 0.00040 
   70   70    1    1    1    1    1    1    1    1  2.26339E+13 0.00037 
   71   71    1    1    1    1    1    1    1    1  1.93390E+13 0.00036 
   72   72    1    1    1    1    1    1    1    1  3.61755E+13 0.00042 
   73   73    1    1    1    1    1    1    1    1  2.58043E+13 0.00036 
   74   74    1    1    1    1    1    1    1    1  1.93397E+13 0.00041 
   75   75    1    1    1    1    1    1    1    1  1.52010E+13 0.00039 
   76   76    1    1    1    1    1    1    1    1  1.23163E+13 0.00049 
   77   77    1    1    1    1    1    1    1    1  1.39585E+13 0.00056 
   78   78    1    1    1    1    1    1    1    1  1.07675E+13 0.00035 
   79   79    1    1    1    1    1    1    1    1  8.41364E+12 0.00053 
   80   80    1    1    1    1    1    1    1    1  8.56018E+12 0.00052 
   81   81    1    1    1    1    1    1    1    1  6.29042E+12 0.00072 
   82   82    1    1    1    1    1    1    1    1  4.81399E+12 0.00078 
   83   83    1    1    1    1    1    1    1    1  3.68220E+12 0.00069 
   84   84    1    1    1    1    1    1    1    1  3.44400E+12 0.00082 
   85   85    1    1    1    1    1    1    1    1  2.47093E+12 0.00113 
   86   86    1    1    1    1    1    1    1    1  1.77640E+12 0.00114 
   87   87    1    1    1    1    1    1    1    1  1.65841E+12 0.00141 
   88   88    1    1    1    1    1    1    1    1  1.02913E+12 0.00180 
   89   89    1    1    1    1    1    1    1    1  6.96780E+11 0.00216 
   90   90    1    1    1    1    1    1    1    1  4.05557E+11 0.00292 
   91   91    1    1    1    1    1    1    1    1  5.21654E+11 0.00265 
   92   92    1    1    1    1    1    1    1    1  0.00000E+00 0.00000 
   93   93    1    1    1    1    1    1    1    1  0.00000E+00 0.00000 
   94   94    1    1    1    1    1    1    1    1  0.00000E+00 0.00000 
   95   95    1    1    1    1    1    1    1    1  0.00000E+00 0.00000 
   96   96    1    1    1    1    1    1    1    1  0.00000E+00 0.00000 
   97   97    1    1    1    1    1    1    1    1  0.00000E+00 0.00000 
   98   98    1    1    1    1    1    1    1    1  0.00000E+00 0.00000 
   99   99    1    1    1    1    1    1    1    1  0.00000E+00 0.00000 
  100  100    1    1    1    1    1    1    1    1  0.00000E+00 0.00000 
];


