
DETdpaspec = [
    1    1    1    1    1    1    1    1    1    1  0.00000E+00 0.00000 
    2    2    1    1    1    1    1    1    1    1  0.00000E+00 0.00000 
    3    3    1    1    1    1    1    1    1    1  0.00000E+00 0.00000 
    4    4    1    1    1    1    1    1    1    1  0.00000E+00 0.00000 
    5    5    1    1    1    1    1    1    1    1  0.00000E+00 0.00000 
    6    6    1    1    1    1    1    1    1    1  0.00000E+00 0.00000 
    7    7    1    1    1    1    1    1    1    1  0.00000E+00 0.00000 
    8    8    1    1    1    1    1    1    1    1  0.00000E+00 0.00000 
    9    9    1    1    1    1    1    1    1    1  0.00000E+00 0.00000 
   10   10    1    1    1    1    1    1    1    1  0.00000E+00 0.00000 
   11   11    1    1    1    1    1    1    1    1  0.00000E+00 0.00000 
   12   12    1    1    1    1    1    1    1    1  0.00000E+00 0.00000 
   13   13    1    1    1    1    1    1    1    1  0.00000E+00 0.00000 
   14   14    1    1    1    1    1    1    1    1  0.00000E+00 0.00000 
   15   15    1    1    1    1    1    1    1    1  0.00000E+00 0.00000 
   16   16    1    1    1    1    1    1    1    1  0.00000E+00 0.00000 
   17   17    1    1    1    1    1    1    1    1  0.00000E+00 0.00000 
   18   18    1    1    1    1    1    1    1    1  0.00000E+00 0.00000 
   19   19    1    1    1    1    1    1    1    1  2.10147E+09 0.04753 
   20   20    1    1    1    1    1    1    1    1  3.19729E+08 0.06735 
   21   21    1    1    1    1    1    1    1    1  1.18761E+09 0.03443 
   22   22    1    1    1    1    1    1    1    1  9.03531E+08 0.03911 
   23   23    1    1    1    1    1    1    1    1  2.30407E+09 0.02988 
   24   24    1    1    1    1    1    1    1    1  3.27181E+09 0.02298 
   25   25    1    1    1    1    1    1    1    1  5.23587E+09 0.01647 
   26   26    1    1    1    1    1    1    1    1  6.30630E+09 0.01746 
   27   27    1    1    1    1    1    1    1    1  1.00443E+10 0.01485 
   28   28    1    1    1    1    1    1    1    1  1.85011E+10 0.01370 
   29   29    1    1    1    1    1    1    1    1  3.54574E+10 0.00887 
   30   30    1    1    1    1    1    1    1    1  5.23618E+10 0.00714 
   31   31    1    1    1    1    1    1    1    1  1.59374E+11 0.00523 
   32   32    1    1    1    1    1    1    1    1  4.94558E+11 0.00299 
   33   33    1    1    1    1    1    1    1    1  9.31214E+11 0.00175 
   34   34    1    1    1    1    1    1    1    1  2.13806E+12 0.00134 
   35   35    1    1    1    1    1    1    1    1  2.90738E+12 0.00107 
   36   36    1    1    1    1    1    1    1    1  4.09915E+12 0.00090 
   37   37    1    1    1    1    1    1    1    1  2.87616E+12 0.00066 
   38   38    1    1    1    1    1    1    1    1  9.04260E+11 0.00081 
   39   39    1    1    1    1    1    1    1    1  4.93935E+12 0.00053 
   40   40    1    1    1    1    1    1    1    1  6.62939E+12 0.00052 
   41   41    1    1    1    1    1    1    1    1  1.12324E+13 0.00042 
   42   42    1    1    1    1    1    1    1    1  1.16021E+13 0.00037 
   43   43    1    1    1    1    1    1    1    1  2.41849E+13 0.00022 
   44   44    1    1    1    1    1    1    1    1  2.91362E+13 0.00023 
   45   45    1    1    1    1    1    1    1    1  4.19085E+13 0.00022 
   46   46    1    1    1    1    1    1    1    1  8.20378E+13 0.00025 
   47   47    1    1    1    1    1    1    1    1  3.89330E+13 0.00019 
   48   48    1    1    1    1    1    1    1    1  6.30223E+13 0.00018 
   49   49    1    1    1    1    1    1    1    1  8.78535E+13 0.00020 
   50   50    1    1    1    1    1    1    1    1  8.70737E+13 0.00017 
   51   51    1    1    1    1    1    1    1    1  1.34025E+14 0.00014 
   52   52    1    1    1    1    1    1    1    1  1.08320E+14 0.00017 
   53   53    1    1    1    1    1    1    1    1  1.26346E+14 0.00017 
   54   54    1    1    1    1    1    1    1    1  8.84718E+13 0.00018 
   55   55    1    1    1    1    1    1    1    1  1.06273E+14 0.00015 
   56   56    1    1    1    1    1    1    1    1  7.35783E+13 0.00016 
   57   57    1    1    1    1    1    1    1    1  1.00769E+13 0.00027 
   58   58    1    1    1    1    1    1    1    1  1.46302E+14 0.00012 
   59   59    1    1    1    1    1    1    1    1  6.37567E+13 0.00021 
   60   60    1    1    1    1    1    1    1    1  6.82465E+13 0.00020 
   61   61    1    1    1    1    1    1    1    1  5.23388E+13 0.00023 
   62   62    1    1    1    1    1    1    1    1  5.27193E+13 0.00021 
   63   63    1    1    1    1    1    1    1    1  5.46476E+13 0.00031 
   64   64    1    1    1    1    1    1    1    1  4.57921E+13 0.00026 
   65   65    1    1    1    1    1    1    1    1  3.64551E+13 0.00033 
   66   66    1    1    1    1    1    1    1    1  3.61423E+13 0.00032 
   67   67    1    1    1    1    1    1    1    1  2.61658E+13 0.00031 
   68   68    1    1    1    1    1    1    1    1  2.14601E+13 0.00041 
   69   69    1    1    1    1    1    1    1    1  1.92985E+13 0.00034 
   70   70    1    1    1    1    1    1    1    1  2.32105E+13 0.00037 
   71   71    1    1    1    1    1    1    1    1  1.98195E+13 0.00040 
   72   72    1    1    1    1    1    1    1    1  3.66176E+13 0.00026 
   73   73    1    1    1    1    1    1    1    1  2.60156E+13 0.00055 
   74   74    1    1    1    1    1    1    1    1  1.95562E+13 0.00049 
   75   75    1    1    1    1    1    1    1    1  1.55180E+13 0.00039 
   76   76    1    1    1    1    1    1    1    1  1.27253E+13 0.00052 
   77   77    1    1    1    1    1    1    1    1  1.45738E+13 0.00044 
   78   78    1    1    1    1    1    1    1    1  1.13457E+13 0.00046 
   79   79    1    1    1    1    1    1    1    1  8.94665E+12 0.00074 
   80   80    1    1    1    1    1    1    1    1  9.15827E+12 0.00051 
   81   81    1    1    1    1    1    1    1    1  6.76119E+12 0.00069 
   82   82    1    1    1    1    1    1    1    1  5.18640E+12 0.00079 
   83   83    1    1    1    1    1    1    1    1  3.97715E+12 0.00099 
   84   84    1    1    1    1    1    1    1    1  3.71442E+12 0.00101 
   85   85    1    1    1    1    1    1    1    1  2.67250E+12 0.00079 
   86   86    1    1    1    1    1    1    1    1  1.92471E+12 0.00119 
   87   87    1    1    1    1    1    1    1    1  1.79766E+12 0.00130 
   88   88    1    1    1    1    1    1    1    1  1.11269E+12 0.00195 
   89   89    1    1    1    1    1    1    1    1  7.52498E+11 0.00257 
   90   90    1    1    1    1    1    1    1    1  4.36905E+11 0.00301 
   91   91    1    1    1    1    1    1    1    1  5.58783E+11 0.00270 
   92   92    1    1    1    1    1    1    1    1  0.00000E+00 0.00000 
   93   93    1    1    1    1    1    1    1    1  0.00000E+00 0.00000 
   94   94    1    1    1    1    1    1    1    1  0.00000E+00 0.00000 
   95   95    1    1    1    1    1    1    1    1  0.00000E+00 0.00000 
   96   96    1    1    1    1    1    1    1    1  0.00000E+00 0.00000 
   97   97    1    1    1    1    1    1    1    1  0.00000E+00 0.00000 
   98   98    1    1    1    1    1    1    1    1  0.00000E+00 0.00000 
   99   99    1    1    1    1    1    1    1    1  0.00000E+00 0.00000 
  100  100    1    1    1    1    1    1    1    1  0.00000E+00 0.00000 
];


