
DETdpaspec = [
    1    1    1    1    1    1    1    1    1    1  0.00000E+00 0.00000 
    2    2    1    1    1    1    1    1    1    1  0.00000E+00 0.00000 
    3    3    1    1    1    1    1    1    1    1  0.00000E+00 0.00000 
    4    4    1    1    1    1    1    1    1    1  0.00000E+00 0.00000 
    5    5    1    1    1    1    1    1    1    1  0.00000E+00 0.00000 
    6    6    1    1    1    1    1    1    1    1  0.00000E+00 0.00000 
    7    7    1    1    1    1    1    1    1    1  0.00000E+00 0.00000 
    8    8    1    1    1    1    1    1    1    1  0.00000E+00 0.00000 
    9    9    1    1    1    1    1    1    1    1  0.00000E+00 0.00000 
   10   10    1    1    1    1    1    1    1    1  0.00000E+00 0.00000 
   11   11    1    1    1    1    1    1    1    1  0.00000E+00 0.00000 
   12   12    1    1    1    1    1    1    1    1  0.00000E+00 0.00000 
   13   13    1    1    1    1    1    1    1    1  0.00000E+00 0.00000 
   14   14    1    1    1    1    1    1    1    1  0.00000E+00 0.00000 
   15   15    1    1    1    1    1    1    1    1  0.00000E+00 0.00000 
   16   16    1    1    1    1    1    1    1    1  0.00000E+00 0.00000 
   17   17    1    1    1    1    1    1    1    1  0.00000E+00 0.00000 
   18   18    1    1    1    1    1    1    1    1  0.00000E+00 0.00000 
   19   19    1    1    1    1    1    1    1    1  1.53554E+09 0.06144 
   20   20    1    1    1    1    1    1    1    1  2.42162E+08 0.04482 
   21   21    1    1    1    1    1    1    1    1  8.28608E+08 0.06017 
   22   22    1    1    1    1    1    1    1    1  6.33779E+08 0.05709 
   23   23    1    1    1    1    1    1    1    1  1.60425E+09 0.03450 
   24   24    1    1    1    1    1    1    1    1  2.28787E+09 0.02878 
   25   25    1    1    1    1    1    1    1    1  3.76845E+09 0.02164 
   26   26    1    1    1    1    1    1    1    1  4.68140E+09 0.01813 
   27   27    1    1    1    1    1    1    1    1  7.75022E+09 0.01746 
   28   28    1    1    1    1    1    1    1    1  1.45442E+10 0.01346 
   29   29    1    1    1    1    1    1    1    1  3.15875E+10 0.00984 
   30   30    1    1    1    1    1    1    1    1  5.20494E+10 0.00586 
   31   31    1    1    1    1    1    1    1    1  1.50955E+11 0.00503 
   32   32    1    1    1    1    1    1    1    1  4.77016E+11 0.00344 
   33   33    1    1    1    1    1    1    1    1  8.98465E+11 0.00223 
   34   34    1    1    1    1    1    1    1    1  2.13545E+12 0.00145 
   35   35    1    1    1    1    1    1    1    1  2.98548E+12 0.00118 
   36   36    1    1    1    1    1    1    1    1  3.96665E+12 0.00103 
   37   37    1    1    1    1    1    1    1    1  2.71814E+12 0.00091 
   38   38    1    1    1    1    1    1    1    1  8.38374E+11 0.00106 
   39   39    1    1    1    1    1    1    1    1  4.68391E+12 0.00078 
   40   40    1    1    1    1    1    1    1    1  6.31977E+12 0.00070 
   41   41    1    1    1    1    1    1    1    1  1.08567E+13 0.00039 
   42   42    1    1    1    1    1    1    1    1  1.10372E+13 0.00036 
   43   43    1    1    1    1    1    1    1    1  2.34663E+13 0.00028 
   44   44    1    1    1    1    1    1    1    1  2.84673E+13 0.00024 
   45   45    1    1    1    1    1    1    1    1  4.11945E+13 0.00024 
   46   46    1    1    1    1    1    1    1    1  8.19703E+13 0.00025 
   47   47    1    1    1    1    1    1    1    1  3.85514E+13 0.00026 
   48   48    1    1    1    1    1    1    1    1  6.21277E+13 0.00026 
   49   49    1    1    1    1    1    1    1    1  8.67721E+13 0.00019 
   50   50    1    1    1    1    1    1    1    1  8.57432E+13 0.00022 
   51   51    1    1    1    1    1    1    1    1  1.33332E+14 0.00021 
   52   52    1    1    1    1    1    1    1    1  1.06386E+14 0.00017 
   53   53    1    1    1    1    1    1    1    1  1.25895E+14 0.00013 
   54   54    1    1    1    1    1    1    1    1  8.76451E+13 0.00017 
   55   55    1    1    1    1    1    1    1    1  1.06825E+14 0.00018 
   56   56    1    1    1    1    1    1    1    1  7.36158E+13 0.00015 
   57   57    1    1    1    1    1    1    1    1  1.00242E+13 0.00041 
   58   58    1    1    1    1    1    1    1    1  1.46110E+14 0.00017 
   59   59    1    1    1    1    1    1    1    1  6.47928E+13 0.00019 
   60   60    1    1    1    1    1    1    1    1  6.89053E+13 0.00020 
   61   61    1    1    1    1    1    1    1    1  5.34149E+13 0.00022 
   62   62    1    1    1    1    1    1    1    1  5.36251E+13 0.00028 
   63   63    1    1    1    1    1    1    1    1  5.57793E+13 0.00014 
   64   64    1    1    1    1    1    1    1    1  4.68367E+13 0.00030 
   65   65    1    1    1    1    1    1    1    1  3.72130E+13 0.00031 
   66   66    1    1    1    1    1    1    1    1  3.68840E+13 0.00034 
   67   67    1    1    1    1    1    1    1    1  2.66629E+13 0.00031 
   68   68    1    1    1    1    1    1    1    1  2.17459E+13 0.00031 
   69   69    1    1    1    1    1    1    1    1  1.95059E+13 0.00035 
   70   70    1    1    1    1    1    1    1    1  2.34548E+13 0.00039 
   71   71    1    1    1    1    1    1    1    1  1.99635E+13 0.00044 
   72   72    1    1    1    1    1    1    1    1  3.64035E+13 0.00034 
   73   73    1    1    1    1    1    1    1    1  2.57672E+13 0.00035 
   74   74    1    1    1    1    1    1    1    1  1.93951E+13 0.00039 
   75   75    1    1    1    1    1    1    1    1  1.55312E+13 0.00047 
   76   76    1    1    1    1    1    1    1    1  1.28636E+13 0.00053 
   77   77    1    1    1    1    1    1    1    1  1.48426E+13 0.00055 
   78   78    1    1    1    1    1    1    1    1  1.17103E+13 0.00049 
   79   79    1    1    1    1    1    1    1    1  9.31012E+12 0.00069 
   80   80    1    1    1    1    1    1    1    1  9.58955E+12 0.00051 
   81   81    1    1    1    1    1    1    1    1  7.10655E+12 0.00061 
   82   82    1    1    1    1    1    1    1    1  5.46552E+12 0.00072 
   83   83    1    1    1    1    1    1    1    1  4.20084E+12 0.00084 
   84   84    1    1    1    1    1    1    1    1  3.92611E+12 0.00113 
   85   85    1    1    1    1    1    1    1    1  2.82129E+12 0.00102 
   86   86    1    1    1    1    1    1    1    1  2.03921E+12 0.00152 
   87   87    1    1    1    1    1    1    1    1  1.90772E+12 0.00152 
   88   88    1    1    1    1    1    1    1    1  1.17633E+12 0.00131 
   89   89    1    1    1    1    1    1    1    1  7.94654E+11 0.00216 
   90   90    1    1    1    1    1    1    1    1  4.60679E+11 0.00200 
   91   91    1    1    1    1    1    1    1    1  5.87397E+11 0.00257 
   92   92    1    1    1    1    1    1    1    1  0.00000E+00 0.00000 
   93   93    1    1    1    1    1    1    1    1  0.00000E+00 0.00000 
   94   94    1    1    1    1    1    1    1    1  0.00000E+00 0.00000 
   95   95    1    1    1    1    1    1    1    1  0.00000E+00 0.00000 
   96   96    1    1    1    1    1    1    1    1  0.00000E+00 0.00000 
   97   97    1    1    1    1    1    1    1    1  0.00000E+00 0.00000 
   98   98    1    1    1    1    1    1    1    1  0.00000E+00 0.00000 
   99   99    1    1    1    1    1    1    1    1  0.00000E+00 0.00000 
  100  100    1    1    1    1    1    1    1    1  0.00000E+00 0.00000 
];


