
DETdpaspec = [
    1    1    1    1    1    1    1    1    1    1  0.00000E+00 0.00000 
    2    2    1    1    1    1    1    1    1    1  0.00000E+00 0.00000 
    3    3    1    1    1    1    1    1    1    1  0.00000E+00 0.00000 
    4    4    1    1    1    1    1    1    1    1  0.00000E+00 0.00000 
    5    5    1    1    1    1    1    1    1    1  0.00000E+00 0.00000 
    6    6    1    1    1    1    1    1    1    1  0.00000E+00 0.00000 
    7    7    1    1    1    1    1    1    1    1  0.00000E+00 0.00000 
    8    8    1    1    1    1    1    1    1    1  0.00000E+00 0.00000 
    9    9    1    1    1    1    1    1    1    1  0.00000E+00 0.00000 
   10   10    1    1    1    1    1    1    1    1  0.00000E+00 0.00000 
   11   11    1    1    1    1    1    1    1    1  0.00000E+00 0.00000 
   12   12    1    1    1    1    1    1    1    1  0.00000E+00 0.00000 
   13   13    1    1    1    1    1    1    1    1  0.00000E+00 0.00000 
   14   14    1    1    1    1    1    1    1    1  0.00000E+00 0.00000 
   15   15    1    1    1    1    1    1    1    1  0.00000E+00 0.00000 
   16   16    1    1    1    1    1    1    1    1  0.00000E+00 0.00000 
   17   17    1    1    1    1    1    1    1    1  0.00000E+00 0.00000 
   18   18    1    1    1    1    1    1    1    1  0.00000E+00 0.00000 
   19   19    1    1    1    1    1    1    1    1  1.38003E+09 0.12106 
   20   20    1    1    1    1    1    1    1    1  1.49462E+08 0.11926 
   21   21    1    1    1    1    1    1    1    1  5.18211E+08 0.09050 
   22   22    1    1    1    1    1    1    1    1  4.66772E+08 0.06710 
   23   23    1    1    1    1    1    1    1    1  9.29151E+08 0.05560 
   24   24    1    1    1    1    1    1    1    1  1.72187E+09 0.03509 
   25   25    1    1    1    1    1    1    1    1  3.56942E+09 0.02926 
   26   26    1    1    1    1    1    1    1    1  5.64838E+09 0.02102 
   27   27    1    1    1    1    1    1    1    1  1.21437E+10 0.01501 
   28   28    1    1    1    1    1    1    1    1  2.90764E+10 0.01092 
   29   29    1    1    1    1    1    1    1    1  7.37406E+10 0.00723 
   30   30    1    1    1    1    1    1    1    1  1.35374E+11 0.00489 
   31   31    1    1    1    1    1    1    1    1  3.24696E+11 0.00333 
   32   32    1    1    1    1    1    1    1    1  8.79622E+11 0.00273 
   33   33    1    1    1    1    1    1    1    1  1.48411E+12 0.00202 
   34   34    1    1    1    1    1    1    1    1  3.33562E+12 0.00159 
   35   35    1    1    1    1    1    1    1    1  4.50205E+12 0.00111 
   36   36    1    1    1    1    1    1    1    1  5.13513E+12 0.00090 
   37   37    1    1    1    1    1    1    1    1  3.26038E+12 0.00073 
   38   38    1    1    1    1    1    1    1    1  9.69620E+11 0.00075 
   39   39    1    1    1    1    1    1    1    1  5.53103E+12 0.00057 
   40   40    1    1    1    1    1    1    1    1  7.40244E+12 0.00052 
   41   41    1    1    1    1    1    1    1    1  1.26957E+13 0.00041 
   42   42    1    1    1    1    1    1    1    1  1.24248E+13 0.00051 
   43   43    1    1    1    1    1    1    1    1  2.66813E+13 0.00036 
   44   44    1    1    1    1    1    1    1    1  3.20129E+13 0.00036 
   45   45    1    1    1    1    1    1    1    1  4.57273E+13 0.00029 
   46   46    1    1    1    1    1    1    1    1  9.02576E+13 0.00016 
   47   47    1    1    1    1    1    1    1    1  4.10187E+13 0.00019 
   48   48    1    1    1    1    1    1    1    1  6.50810E+13 0.00018 
   49   49    1    1    1    1    1    1    1    1  8.96917E+13 0.00019 
   50   50    1    1    1    1    1    1    1    1  8.72236E+13 0.00023 
   51   51    1    1    1    1    1    1    1    1  1.35545E+14 0.00017 
   52   52    1    1    1    1    1    1    1    1  1.04951E+14 0.00018 
   53   53    1    1    1    1    1    1    1    1  1.25381E+14 0.00017 
   54   54    1    1    1    1    1    1    1    1  8.58256E+13 0.00016 
   55   55    1    1    1    1    1    1    1    1  1.05778E+14 0.00013 
   56   56    1    1    1    1    1    1    1    1  7.20561E+13 0.00018 
   57   57    1    1    1    1    1    1    1    1  9.72561E+12 0.00034 
   58   58    1    1    1    1    1    1    1    1  1.41842E+14 0.00012 
   59   59    1    1    1    1    1    1    1    1  6.39670E+13 0.00016 
   60   60    1    1    1    1    1    1    1    1  6.70397E+13 0.00020 
   61   61    1    1    1    1    1    1    1    1  5.25263E+13 0.00022 
   62   62    1    1    1    1    1    1    1    1  5.23178E+13 0.00022 
   63   63    1    1    1    1    1    1    1    1  5.43892E+13 0.00021 
   64   64    1    1    1    1    1    1    1    1  4.55555E+13 0.00026 
   65   65    1    1    1    1    1    1    1    1  3.59327E+13 0.00026 
   66   66    1    1    1    1    1    1    1    1  3.54236E+13 0.00032 
   67   67    1    1    1    1    1    1    1    1  2.54284E+13 0.00027 
   68   68    1    1    1    1    1    1    1    1  2.05521E+13 0.00034 
   69   69    1    1    1    1    1    1    1    1  1.83391E+13 0.00033 
   70   70    1    1    1    1    1    1    1    1  2.19675E+13 0.00031 
   71   71    1    1    1    1    1    1    1    1  1.85586E+13 0.00025 
   72   72    1    1    1    1    1    1    1    1  3.30337E+13 0.00029 
   73   73    1    1    1    1    1    1    1    1  2.31402E+13 0.00043 
   74   74    1    1    1    1    1    1    1    1  1.73571E+13 0.00049 
   75   75    1    1    1    1    1    1    1    1  1.40332E+13 0.00051 
   76   76    1    1    1    1    1    1    1    1  1.17670E+13 0.00057 
   77   77    1    1    1    1    1    1    1    1  1.37183E+13 0.00062 
   78   78    1    1    1    1    1    1    1    1  1.09351E+13 0.00047 
   79   79    1    1    1    1    1    1    1    1  8.76976E+12 0.00067 
   80   80    1    1    1    1    1    1    1    1  9.09144E+12 0.00077 
   81   81    1    1    1    1    1    1    1    1  6.77177E+12 0.00080 
   82   82    1    1    1    1    1    1    1    1  5.22757E+12 0.00064 
   83   83    1    1    1    1    1    1    1    1  4.01675E+12 0.00117 
   84   84    1    1    1    1    1    1    1    1  3.76829E+12 0.00091 
   85   85    1    1    1    1    1    1    1    1  2.71269E+12 0.00129 
   86   86    1    1    1    1    1    1    1    1  1.95902E+12 0.00084 
   87   87    1    1    1    1    1    1    1    1  1.82975E+12 0.00157 
   88   88    1    1    1    1    1    1    1    1  1.12438E+12 0.00171 
   89   89    1    1    1    1    1    1    1    1  7.55735E+11 0.00232 
   90   90    1    1    1    1    1    1    1    1  4.34934E+11 0.00307 
   91   91    1    1    1    1    1    1    1    1  5.47024E+11 0.00247 
   92   92    1    1    1    1    1    1    1    1  0.00000E+00 0.00000 
   93   93    1    1    1    1    1    1    1    1  0.00000E+00 0.00000 
   94   94    1    1    1    1    1    1    1    1  0.00000E+00 0.00000 
   95   95    1    1    1    1    1    1    1    1  0.00000E+00 0.00000 
   96   96    1    1    1    1    1    1    1    1  0.00000E+00 0.00000 
   97   97    1    1    1    1    1    1    1    1  0.00000E+00 0.00000 
   98   98    1    1    1    1    1    1    1    1  0.00000E+00 0.00000 
   99   99    1    1    1    1    1    1    1    1  0.00000E+00 0.00000 
  100  100    1    1    1    1    1    1    1    1  0.00000E+00 0.00000 
];


