
DETdpaspec = [
    1    1    1    1    1    1    1    1    1    1  0.00000E+00 0.00000 
    2    2    1    1    1    1    1    1    1    1  0.00000E+00 0.00000 
    3    3    1    1    1    1    1    1    1    1  0.00000E+00 0.00000 
    4    4    1    1    1    1    1    1    1    1  0.00000E+00 0.00000 
    5    5    1    1    1    1    1    1    1    1  0.00000E+00 0.00000 
    6    6    1    1    1    1    1    1    1    1  0.00000E+00 0.00000 
    7    7    1    1    1    1    1    1    1    1  0.00000E+00 0.00000 
    8    8    1    1    1    1    1    1    1    1  0.00000E+00 0.00000 
    9    9    1    1    1    1    1    1    1    1  0.00000E+00 0.00000 
   10   10    1    1    1    1    1    1    1    1  0.00000E+00 0.00000 
   11   11    1    1    1    1    1    1    1    1  0.00000E+00 0.00000 
   12   12    1    1    1    1    1    1    1    1  0.00000E+00 0.00000 
   13   13    1    1    1    1    1    1    1    1  0.00000E+00 0.00000 
   14   14    1    1    1    1    1    1    1    1  0.00000E+00 0.00000 
   15   15    1    1    1    1    1    1    1    1  0.00000E+00 0.00000 
   16   16    1    1    1    1    1    1    1    1  0.00000E+00 0.00000 
   17   17    1    1    1    1    1    1    1    1  0.00000E+00 0.00000 
   18   18    1    1    1    1    1    1    1    1  0.00000E+00 0.00000 
   19   19    1    1    1    1    1    1    1    1  1.71609E+09 0.05046 
   20   20    1    1    1    1    1    1    1    1  2.95991E+08 0.06487 
   21   21    1    1    1    1    1    1    1    1  8.94284E+08 0.06063 
   22   22    1    1    1    1    1    1    1    1  7.01405E+08 0.03685 
   23   23    1    1    1    1    1    1    1    1  1.67569E+09 0.03347 
   24   24    1    1    1    1    1    1    1    1  2.78334E+09 0.02656 
   25   25    1    1    1    1    1    1    1    1  4.38453E+09 0.02796 
   26   26    1    1    1    1    1    1    1    1  5.36279E+09 0.03050 
   27   27    1    1    1    1    1    1    1    1  8.79341E+09 0.01917 
   28   28    1    1    1    1    1    1    1    1  1.58234E+10 0.01163 
   29   29    1    1    1    1    1    1    1    1  3.21225E+10 0.00728 
   30   30    1    1    1    1    1    1    1    1  4.96958E+10 0.00505 
   31   31    1    1    1    1    1    1    1    1  1.48210E+11 0.00378 
   32   32    1    1    1    1    1    1    1    1  4.68886E+11 0.00228 
   33   33    1    1    1    1    1    1    1    1  8.87284E+11 0.00209 
   34   34    1    1    1    1    1    1    1    1  2.09268E+12 0.00108 
   35   35    1    1    1    1    1    1    1    1  2.90176E+12 0.00092 
   36   36    1    1    1    1    1    1    1    1  3.96264E+12 0.00080 
   37   37    1    1    1    1    1    1    1    1  2.74506E+12 0.00092 
   38   38    1    1    1    1    1    1    1    1  8.52647E+11 0.00077 
   39   39    1    1    1    1    1    1    1    1  4.72570E+12 0.00060 
   40   40    1    1    1    1    1    1    1    1  6.37854E+12 0.00070 
   41   41    1    1    1    1    1    1    1    1  1.09042E+13 0.00049 
   42   42    1    1    1    1    1    1    1    1  1.11554E+13 0.00034 
   43   43    1    1    1    1    1    1    1    1  2.35661E+13 0.00038 
   44   44    1    1    1    1    1    1    1    1  2.85549E+13 0.00036 
   45   45    1    1    1    1    1    1    1    1  4.12494E+13 0.00030 
   46   46    1    1    1    1    1    1    1    1  8.17157E+13 0.00031 
   47   47    1    1    1    1    1    1    1    1  3.85867E+13 0.00025 
   48   48    1    1    1    1    1    1    1    1  6.23174E+13 0.00030 
   49   49    1    1    1    1    1    1    1    1  8.70764E+13 0.00019 
   50   50    1    1    1    1    1    1    1    1  8.61349E+13 0.00015 
   51   51    1    1    1    1    1    1    1    1  1.33490E+14 0.00013 
   52   52    1    1    1    1    1    1    1    1  1.07091E+14 0.00020 
   53   53    1    1    1    1    1    1    1    1  1.26120E+14 0.00015 
   54   54    1    1    1    1    1    1    1    1  8.79821E+13 0.00018 
   55   55    1    1    1    1    1    1    1    1  1.06696E+14 0.00014 
   56   56    1    1    1    1    1    1    1    1  7.36275E+13 0.00018 
   57   57    1    1    1    1    1    1    1    1  1.00415E+13 0.00034 
   58   58    1    1    1    1    1    1    1    1  1.46342E+14 0.00016 
   59   59    1    1    1    1    1    1    1    1  6.44933E+13 0.00018 
   60   60    1    1    1    1    1    1    1    1  6.87615E+13 0.00021 
   61   61    1    1    1    1    1    1    1    1  5.31119E+13 0.00022 
   62   62    1    1    1    1    1    1    1    1  5.33620E+13 0.00026 
   63   63    1    1    1    1    1    1    1    1  5.54509E+13 0.00021 
   64   64    1    1    1    1    1    1    1    1  4.65274E+13 0.00022 
   65   65    1    1    1    1    1    1    1    1  3.70079E+13 0.00028 
   66   66    1    1    1    1    1    1    1    1  3.66946E+13 0.00023 
   67   67    1    1    1    1    1    1    1    1  2.65304E+13 0.00029 
   68   68    1    1    1    1    1    1    1    1  2.16914E+13 0.00044 
   69   69    1    1    1    1    1    1    1    1  1.94730E+13 0.00036 
   70   70    1    1    1    1    1    1    1    1  2.34161E+13 0.00032 
   71   71    1    1    1    1    1    1    1    1  1.99626E+13 0.00050 
   72   72    1    1    1    1    1    1    1    1  3.65991E+13 0.00048 
   73   73    1    1    1    1    1    1    1    1  2.59568E+13 0.00046 
   74   74    1    1    1    1    1    1    1    1  1.95156E+13 0.00051 
   75   75    1    1    1    1    1    1    1    1  1.55924E+13 0.00047 
   76   76    1    1    1    1    1    1    1    1  1.28476E+13 0.00052 
   77   77    1    1    1    1    1    1    1    1  1.47916E+13 0.00059 
   78   78    1    1    1    1    1    1    1    1  1.16088E+13 0.00054 
   79   79    1    1    1    1    1    1    1    1  9.19996E+12 0.00058 
   80   80    1    1    1    1    1    1    1    1  9.46171E+12 0.00073 
   81   81    1    1    1    1    1    1    1    1  7.00185E+12 0.00058 
   82   82    1    1    1    1    1    1    1    1  5.38175E+12 0.00062 
   83   83    1    1    1    1    1    1    1    1  4.13028E+12 0.00083 
   84   84    1    1    1    1    1    1    1    1  3.86804E+12 0.00087 
   85   85    1    1    1    1    1    1    1    1  2.77934E+12 0.00098 
   86   86    1    1    1    1    1    1    1    1  1.99975E+12 0.00118 
   87   87    1    1    1    1    1    1    1    1  1.87462E+12 0.00182 
   88   88    1    1    1    1    1    1    1    1  1.15275E+12 0.00167 
   89   89    1    1    1    1    1    1    1    1  7.85063E+11 0.00147 
   90   90    1    1    1    1    1    1    1    1  4.52937E+11 0.00225 
   91   91    1    1    1    1    1    1    1    1  5.78596E+11 0.00313 
   92   92    1    1    1    1    1    1    1    1  0.00000E+00 0.00000 
   93   93    1    1    1    1    1    1    1    1  0.00000E+00 0.00000 
   94   94    1    1    1    1    1    1    1    1  0.00000E+00 0.00000 
   95   95    1    1    1    1    1    1    1    1  0.00000E+00 0.00000 
   96   96    1    1    1    1    1    1    1    1  0.00000E+00 0.00000 
   97   97    1    1    1    1    1    1    1    1  0.00000E+00 0.00000 
   98   98    1    1    1    1    1    1    1    1  0.00000E+00 0.00000 
   99   99    1    1    1    1    1    1    1    1  0.00000E+00 0.00000 
  100  100    1    1    1    1    1    1    1    1  0.00000E+00 0.00000 
];


