
DETdpaspec = [
    1    1    1    1    1    1    1    1    1    1  0.00000E+00 0.00000 
    2    2    1    1    1    1    1    1    1    1  0.00000E+00 0.00000 
    3    3    1    1    1    1    1    1    1    1  0.00000E+00 0.00000 
    4    4    1    1    1    1    1    1    1    1  0.00000E+00 0.00000 
    5    5    1    1    1    1    1    1    1    1  0.00000E+00 0.00000 
    6    6    1    1    1    1    1    1    1    1  0.00000E+00 0.00000 
    7    7    1    1    1    1    1    1    1    1  0.00000E+00 0.00000 
    8    8    1    1    1    1    1    1    1    1  0.00000E+00 0.00000 
    9    9    1    1    1    1    1    1    1    1  0.00000E+00 0.00000 
   10   10    1    1    1    1    1    1    1    1  0.00000E+00 0.00000 
   11   11    1    1    1    1    1    1    1    1  0.00000E+00 0.00000 
   12   12    1    1    1    1    1    1    1    1  0.00000E+00 0.00000 
   13   13    1    1    1    1    1    1    1    1  0.00000E+00 0.00000 
   14   14    1    1    1    1    1    1    1    1  0.00000E+00 0.00000 
   15   15    1    1    1    1    1    1    1    1  0.00000E+00 0.00000 
   16   16    1    1    1    1    1    1    1    1  0.00000E+00 0.00000 
   17   17    1    1    1    1    1    1    1    1  0.00000E+00 0.00000 
   18   18    1    1    1    1    1    1    1    1  0.00000E+00 0.00000 
   19   19    1    1    1    1    1    1    1    1  1.30167E+09 0.07713 
   20   20    1    1    1    1    1    1    1    1  2.37982E+08 0.08221 
   21   21    1    1    1    1    1    1    1    1  7.24208E+08 0.06473 
   22   22    1    1    1    1    1    1    1    1  5.43406E+08 0.05291 
   23   23    1    1    1    1    1    1    1    1  1.24041E+09 0.04148 
   24   24    1    1    1    1    1    1    1    1  2.09617E+09 0.03632 
   25   25    1    1    1    1    1    1    1    1  3.32239E+09 0.02625 
   26   26    1    1    1    1    1    1    1    1  4.33764E+09 0.02911 
   27   27    1    1    1    1    1    1    1    1  7.47174E+09 0.02228 
   28   28    1    1    1    1    1    1    1    1  1.47854E+10 0.01203 
   29   29    1    1    1    1    1    1    1    1  3.47046E+10 0.00812 
   30   30    1    1    1    1    1    1    1    1  6.10536E+10 0.00486 
   31   31    1    1    1    1    1    1    1    1  1.71155E+11 0.00432 
   32   32    1    1    1    1    1    1    1    1  5.26214E+11 0.00278 
   33   33    1    1    1    1    1    1    1    1  9.67934E+11 0.00205 
   34   34    1    1    1    1    1    1    1    1  2.31002E+12 0.00106 
   35   35    1    1    1    1    1    1    1    1  3.23510E+12 0.00092 
   36   36    1    1    1    1    1    1    1    1  4.11829E+12 0.00097 
   37   37    1    1    1    1    1    1    1    1  2.76338E+12 0.00082 
   38   38    1    1    1    1    1    1    1    1  8.41631E+11 0.00075 
   39   39    1    1    1    1    1    1    1    1  4.74425E+12 0.00061 
   40   40    1    1    1    1    1    1    1    1  6.40910E+12 0.00067 
   41   41    1    1    1    1    1    1    1    1  1.10537E+13 0.00046 
   42   42    1    1    1    1    1    1    1    1  1.11021E+13 0.00028 
   43   43    1    1    1    1    1    1    1    1  2.37957E+13 0.00029 
   44   44    1    1    1    1    1    1    1    1  2.88294E+13 0.00031 
   45   45    1    1    1    1    1    1    1    1  4.17146E+13 0.00032 
   46   46    1    1    1    1    1    1    1    1  8.32636E+13 0.00026 
   47   47    1    1    1    1    1    1    1    1  3.88172E+13 0.00022 
   48   48    1    1    1    1    1    1    1    1  6.23083E+13 0.00021 
   49   49    1    1    1    1    1    1    1    1  8.69206E+13 0.00021 
   50   50    1    1    1    1    1    1    1    1  8.55293E+13 0.00020 
   51   51    1    1    1    1    1    1    1    1  1.33438E+14 0.00015 
   52   52    1    1    1    1    1    1    1    1  1.05591E+14 0.00019 
   53   53    1    1    1    1    1    1    1    1  1.25699E+14 0.00018 
   54   54    1    1    1    1    1    1    1    1  8.71070E+13 0.00014 
   55   55    1    1    1    1    1    1    1    1  1.06850E+14 0.00012 
   56   56    1    1    1    1    1    1    1    1  7.33793E+13 0.00014 
   57   57    1    1    1    1    1    1    1    1  9.96211E+12 0.00046 
   58   58    1    1    1    1    1    1    1    1  1.45426E+14 0.00016 
   59   59    1    1    1    1    1    1    1    1  6.50141E+13 0.00019 
   60   60    1    1    1    1    1    1    1    1  6.88353E+13 0.00023 
   61   61    1    1    1    1    1    1    1    1  5.36496E+13 0.00016 
   62   62    1    1    1    1    1    1    1    1  5.37214E+13 0.00022 
   63   63    1    1    1    1    1    1    1    1  5.59265E+13 0.00025 
   64   64    1    1    1    1    1    1    1    1  4.69607E+13 0.00027 
   65   65    1    1    1    1    1    1    1    1  3.72471E+13 0.00028 
   66   66    1    1    1    1    1    1    1    1  3.68924E+13 0.00033 
   67   67    1    1    1    1    1    1    1    1  2.66022E+13 0.00034 
   68   68    1    1    1    1    1    1    1    1  2.16379E+13 0.00033 
   69   69    1    1    1    1    1    1    1    1  1.93754E+13 0.00037 
   70   70    1    1    1    1    1    1    1    1  2.32828E+13 0.00041 
   71   71    1    1    1    1    1    1    1    1  1.97693E+13 0.00035 
   72   72    1    1    1    1    1    1    1    1  3.57473E+13 0.00045 
   73   73    1    1    1    1    1    1    1    1  2.52202E+13 0.00031 
   74   74    1    1    1    1    1    1    1    1  1.89806E+13 0.00047 
   75   75    1    1    1    1    1    1    1    1  1.52794E+13 0.00051 
   76   76    1    1    1    1    1    1    1    1  1.27051E+13 0.00043 
   77   77    1    1    1    1    1    1    1    1  1.47492E+13 0.00049 
   78   78    1    1    1    1    1    1    1    1  1.16898E+13 0.00056 
   79   79    1    1    1    1    1    1    1    1  9.32574E+12 0.00038 
   80   80    1    1    1    1    1    1    1    1  9.63468E+12 0.00052 
   81   81    1    1    1    1    1    1    1    1  7.14856E+12 0.00054 
   82   82    1    1    1    1    1    1    1    1  5.51821E+12 0.00065 
   83   83    1    1    1    1    1    1    1    1  4.23177E+12 0.00091 
   84   84    1    1    1    1    1    1    1    1  3.96466E+12 0.00104 
   85   85    1    1    1    1    1    1    1    1  2.85501E+12 0.00112 
   86   86    1    1    1    1    1    1    1    1  2.05727E+12 0.00132 
   87   87    1    1    1    1    1    1    1    1  1.92825E+12 0.00128 
   88   88    1    1    1    1    1    1    1    1  1.18527E+12 0.00179 
   89   89    1    1    1    1    1    1    1    1  8.04350E+11 0.00231 
   90   90    1    1    1    1    1    1    1    1  4.66306E+11 0.00284 
   91   91    1    1    1    1    1    1    1    1  5.88282E+11 0.00256 
   92   92    1    1    1    1    1    1    1    1  0.00000E+00 0.00000 
   93   93    1    1    1    1    1    1    1    1  0.00000E+00 0.00000 
   94   94    1    1    1    1    1    1    1    1  0.00000E+00 0.00000 
   95   95    1    1    1    1    1    1    1    1  0.00000E+00 0.00000 
   96   96    1    1    1    1    1    1    1    1  0.00000E+00 0.00000 
   97   97    1    1    1    1    1    1    1    1  0.00000E+00 0.00000 
   98   98    1    1    1    1    1    1    1    1  0.00000E+00 0.00000 
   99   99    1    1    1    1    1    1    1    1  0.00000E+00 0.00000 
  100  100    1    1    1    1    1    1    1    1  0.00000E+00 0.00000 
];


