
DETdpaspec = [
    1    1    1    1    1    1    1    1    1    1  0.00000E+00 0.00000 
    2    2    1    1    1    1    1    1    1    1  0.00000E+00 0.00000 
    3    3    1    1    1    1    1    1    1    1  0.00000E+00 0.00000 
    4    4    1    1    1    1    1    1    1    1  0.00000E+00 0.00000 
    5    5    1    1    1    1    1    1    1    1  0.00000E+00 0.00000 
    6    6    1    1    1    1    1    1    1    1  0.00000E+00 0.00000 
    7    7    1    1    1    1    1    1    1    1  0.00000E+00 0.00000 
    8    8    1    1    1    1    1    1    1    1  0.00000E+00 0.00000 
    9    9    1    1    1    1    1    1    1    1  0.00000E+00 0.00000 
   10   10    1    1    1    1    1    1    1    1  0.00000E+00 0.00000 
   11   11    1    1    1    1    1    1    1    1  0.00000E+00 0.00000 
   12   12    1    1    1    1    1    1    1    1  0.00000E+00 0.00000 
   13   13    1    1    1    1    1    1    1    1  0.00000E+00 0.00000 
   14   14    1    1    1    1    1    1    1    1  0.00000E+00 0.00000 
   15   15    1    1    1    1    1    1    1    1  0.00000E+00 0.00000 
   16   16    1    1    1    1    1    1    1    1  0.00000E+00 0.00000 
   17   17    1    1    1    1    1    1    1    1  0.00000E+00 0.00000 
   18   18    1    1    1    1    1    1    1    1  0.00000E+00 0.00000 
   19   19    1    1    1    1    1    1    1    1  1.82410E+09 0.06156 
   20   20    1    1    1    1    1    1    1    1  3.34983E+08 0.05784 
   21   21    1    1    1    1    1    1    1    1  1.00980E+09 0.05173 
   22   22    1    1    1    1    1    1    1    1  7.77460E+08 0.04625 
   23   23    1    1    1    1    1    1    1    1  2.03429E+09 0.02596 
   24   24    1    1    1    1    1    1    1    1  3.15133E+09 0.02309 
   25   25    1    1    1    1    1    1    1    1  4.67066E+09 0.02184 
   26   26    1    1    1    1    1    1    1    1  5.96160E+09 0.01744 
   27   27    1    1    1    1    1    1    1    1  9.07424E+09 0.01459 
   28   28    1    1    1    1    1    1    1    1  1.64058E+10 0.01341 
   29   29    1    1    1    1    1    1    1    1  3.28835E+10 0.00673 
   30   30    1    1    1    1    1    1    1    1  5.00569E+10 0.00547 
   31   31    1    1    1    1    1    1    1    1  1.51667E+11 0.00457 
   32   32    1    1    1    1    1    1    1    1  4.77309E+11 0.00295 
   33   33    1    1    1    1    1    1    1    1  9.02370E+11 0.00226 
   34   34    1    1    1    1    1    1    1    1  2.10019E+12 0.00124 
   35   35    1    1    1    1    1    1    1    1  2.88810E+12 0.00109 
   36   36    1    1    1    1    1    1    1    1  4.01702E+12 0.00062 
   37   37    1    1    1    1    1    1    1    1  2.80217E+12 0.00075 
   38   38    1    1    1    1    1    1    1    1  8.75687E+11 0.00079 
   39   39    1    1    1    1    1    1    1    1  4.81755E+12 0.00080 
   40   40    1    1    1    1    1    1    1    1  6.47645E+12 0.00076 
   41   41    1    1    1    1    1    1    1    1  1.10368E+13 0.00047 
   42   42    1    1    1    1    1    1    1    1  1.13584E+13 0.00041 
   43   43    1    1    1    1    1    1    1    1  2.38351E+13 0.00044 
   44   44    1    1    1    1    1    1    1    1  2.87994E+13 0.00034 
   45   45    1    1    1    1    1    1    1    1  4.15287E+13 0.00034 
   46   46    1    1    1    1    1    1    1    1  8.17899E+13 0.00028 
   47   47    1    1    1    1    1    1    1    1  3.87243E+13 0.00022 
   48   48    1    1    1    1    1    1    1    1  6.26217E+13 0.00018 
   49   49    1    1    1    1    1    1    1    1  8.74007E+13 0.00017 
   50   50    1    1    1    1    1    1    1    1  8.65971E+13 0.00014 
   51   51    1    1    1    1    1    1    1    1  1.33756E+14 0.00016 
   52   52    1    1    1    1    1    1    1    1  1.07739E+14 0.00020 
   53   53    1    1    1    1    1    1    1    1  1.26262E+14 0.00012 
   54   54    1    1    1    1    1    1    1    1  8.82421E+13 0.00018 
   55   55    1    1    1    1    1    1    1    1  1.06483E+14 0.00016 
   56   56    1    1    1    1    1    1    1    1  7.36259E+13 0.00019 
   57   57    1    1    1    1    1    1    1    1  1.00592E+13 0.00033 
   58   58    1    1    1    1    1    1    1    1  1.46362E+14 0.00018 
   59   59    1    1    1    1    1    1    1    1  6.41126E+13 0.00019 
   60   60    1    1    1    1    1    1    1    1  6.85275E+13 0.00026 
   61   61    1    1    1    1    1    1    1    1  5.27164E+13 0.00018 
   62   62    1    1    1    1    1    1    1    1  5.30609E+13 0.00018 
   63   63    1    1    1    1    1    1    1    1  5.50798E+13 0.00018 
   64   64    1    1    1    1    1    1    1    1  4.61966E+13 0.00024 
   65   65    1    1    1    1    1    1    1    1  3.67770E+13 0.00034 
   66   66    1    1    1    1    1    1    1    1  3.64365E+13 0.00032 
   67   67    1    1    1    1    1    1    1    1  2.63793E+13 0.00042 
   68   68    1    1    1    1    1    1    1    1  2.15892E+13 0.00035 
   69   69    1    1    1    1    1    1    1    1  1.94091E+13 0.00036 
   70   70    1    1    1    1    1    1    1    1  2.33226E+13 0.00042 
   71   71    1    1    1    1    1    1    1    1  1.99073E+13 0.00041 
   72   72    1    1    1    1    1    1    1    1  3.66249E+13 0.00034 
   73   73    1    1    1    1    1    1    1    1  2.60148E+13 0.00037 
   74   74    1    1    1    1    1    1    1    1  1.95575E+13 0.00054 
   75   75    1    1    1    1    1    1    1    1  1.55750E+13 0.00050 
   76   76    1    1    1    1    1    1    1    1  1.28007E+13 0.00051 
   77   77    1    1    1    1    1    1    1    1  1.46915E+13 0.00040 
   78   78    1    1    1    1    1    1    1    1  1.15020E+13 0.00048 
   79   79    1    1    1    1    1    1    1    1  9.07913E+12 0.00070 
   80   80    1    1    1    1    1    1    1    1  9.31407E+12 0.00067 
   81   81    1    1    1    1    1    1    1    1  6.88438E+12 0.00058 
   82   82    1    1    1    1    1    1    1    1  5.28637E+12 0.00065 
   83   83    1    1    1    1    1    1    1    1  4.05490E+12 0.00086 
   84   84    1    1    1    1    1    1    1    1  3.79034E+12 0.00078 
   85   85    1    1    1    1    1    1    1    1  2.72622E+12 0.00097 
   86   86    1    1    1    1    1    1    1    1  1.96640E+12 0.00151 
   87   87    1    1    1    1    1    1    1    1  1.83919E+12 0.00121 
   88   88    1    1    1    1    1    1    1    1  1.13763E+12 0.00174 
   89   89    1    1    1    1    1    1    1    1  7.67554E+11 0.00148 
   90   90    1    1    1    1    1    1    1    1  4.45581E+11 0.00329 
   91   91    1    1    1    1    1    1    1    1  5.68360E+11 0.00276 
   92   92    1    1    1    1    1    1    1    1  0.00000E+00 0.00000 
   93   93    1    1    1    1    1    1    1    1  0.00000E+00 0.00000 
   94   94    1    1    1    1    1    1    1    1  0.00000E+00 0.00000 
   95   95    1    1    1    1    1    1    1    1  0.00000E+00 0.00000 
   96   96    1    1    1    1    1    1    1    1  0.00000E+00 0.00000 
   97   97    1    1    1    1    1    1    1    1  0.00000E+00 0.00000 
   98   98    1    1    1    1    1    1    1    1  0.00000E+00 0.00000 
   99   99    1    1    1    1    1    1    1    1  0.00000E+00 0.00000 
  100  100    1    1    1    1    1    1    1    1  0.00000E+00 0.00000 
];


