
DETdpaspec = [
    1    1    1    1    1    1    1    1    1    1  0.00000E+00 0.00000 
    2    2    1    1    1    1    1    1    1    1  0.00000E+00 0.00000 
    3    3    1    1    1    1    1    1    1    1  0.00000E+00 0.00000 
    4    4    1    1    1    1    1    1    1    1  0.00000E+00 0.00000 
    5    5    1    1    1    1    1    1    1    1  0.00000E+00 0.00000 
    6    6    1    1    1    1    1    1    1    1  0.00000E+00 0.00000 
    7    7    1    1    1    1    1    1    1    1  0.00000E+00 0.00000 
    8    8    1    1    1    1    1    1    1    1  0.00000E+00 0.00000 
    9    9    1    1    1    1    1    1    1    1  0.00000E+00 0.00000 
   10   10    1    1    1    1    1    1    1    1  0.00000E+00 0.00000 
   11   11    1    1    1    1    1    1    1    1  0.00000E+00 0.00000 
   12   12    1    1    1    1    1    1    1    1  0.00000E+00 0.00000 
   13   13    1    1    1    1    1    1    1    1  0.00000E+00 0.00000 
   14   14    1    1    1    1    1    1    1    1  0.00000E+00 0.00000 
   15   15    1    1    1    1    1    1    1    1  0.00000E+00 0.00000 
   16   16    1    1    1    1    1    1    1    1  0.00000E+00 0.00000 
   17   17    1    1    1    1    1    1    1    1  0.00000E+00 0.00000 
   18   18    1    1    1    1    1    1    1    1  0.00000E+00 0.00000 
   19   19    1    1    1    1    1    1    1    1  1.75015E+09 0.04981 
   20   20    1    1    1    1    1    1    1    1  2.56947E+08 0.05284 
   21   21    1    1    1    1    1    1    1    1  8.04845E+08 0.07837 
   22   22    1    1    1    1    1    1    1    1  6.20160E+08 0.06357 
   23   23    1    1    1    1    1    1    1    1  1.35648E+09 0.04504 
   24   24    1    1    1    1    1    1    1    1  2.28093E+09 0.03022 
   25   25    1    1    1    1    1    1    1    1  3.64915E+09 0.02033 
   26   26    1    1    1    1    1    1    1    1  4.48557E+09 0.02269 
   27   27    1    1    1    1    1    1    1    1  7.31051E+09 0.01800 
   28   28    1    1    1    1    1    1    1    1  1.39892E+10 0.01041 
   29   29    1    1    1    1    1    1    1    1  3.17501E+10 0.01069 
   30   30    1    1    1    1    1    1    1    1  5.39219E+10 0.00784 
   31   31    1    1    1    1    1    1    1    1  1.56302E+11 0.00342 
   32   32    1    1    1    1    1    1    1    1  4.91333E+11 0.00320 
   33   33    1    1    1    1    1    1    1    1  9.14928E+11 0.00210 
   34   34    1    1    1    1    1    1    1    1  2.18281E+12 0.00160 
   35   35    1    1    1    1    1    1    1    1  3.05901E+12 0.00126 
   36   36    1    1    1    1    1    1    1    1  4.00540E+12 0.00110 
   37   37    1    1    1    1    1    1    1    1  2.72264E+12 0.00093 
   38   38    1    1    1    1    1    1    1    1  8.35266E+11 0.00080 
   39   39    1    1    1    1    1    1    1    1  4.68737E+12 0.00075 
   40   40    1    1    1    1    1    1    1    1  6.32564E+12 0.00080 
   41   41    1    1    1    1    1    1    1    1  1.08870E+13 0.00063 
   42   42    1    1    1    1    1    1    1    1  1.10234E+13 0.00064 
   43   43    1    1    1    1    1    1    1    1  2.35239E+13 0.00064 
   44   44    1    1    1    1    1    1    1    1  2.85316E+13 0.00051 
   45   45    1    1    1    1    1    1    1    1  4.12951E+13 0.00033 
   46   46    1    1    1    1    1    1    1    1  8.23262E+13 0.00021 
   47   47    1    1    1    1    1    1    1    1  3.85867E+13 0.00016 
   48   48    1    1    1    1    1    1    1    1  6.21187E+13 0.00020 
   49   49    1    1    1    1    1    1    1    1  8.67332E+13 0.00015 
   50   50    1    1    1    1    1    1    1    1  8.55934E+13 0.00017 
   51   51    1    1    1    1    1    1    1    1  1.33272E+14 0.00015 
   52   52    1    1    1    1    1    1    1    1  1.06057E+14 0.00017 
   53   53    1    1    1    1    1    1    1    1  1.25857E+14 0.00016 
   54   54    1    1    1    1    1    1    1    1  8.75072E+13 0.00018 
   55   55    1    1    1    1    1    1    1    1  1.06857E+14 0.00015 
   56   56    1    1    1    1    1    1    1    1  7.35311E+13 0.00016 
   57   57    1    1    1    1    1    1    1    1  9.99906E+12 0.00040 
   58   58    1    1    1    1    1    1    1    1  1.45913E+14 0.00018 
   59   59    1    1    1    1    1    1    1    1  6.49038E+13 0.00024 
   60   60    1    1    1    1    1    1    1    1  6.89196E+13 0.00019 
   61   61    1    1    1    1    1    1    1    1  5.35465E+13 0.00028 
   62   62    1    1    1    1    1    1    1    1  5.37056E+13 0.00023 
   63   63    1    1    1    1    1    1    1    1  5.58632E+13 0.00026 
   64   64    1    1    1    1    1    1    1    1  4.69319E+13 0.00025 
   65   65    1    1    1    1    1    1    1    1  3.72737E+13 0.00032 
   66   66    1    1    1    1    1    1    1    1  3.69366E+13 0.00030 
   67   67    1    1    1    1    1    1    1    1  2.66583E+13 0.00027 
   68   68    1    1    1    1    1    1    1    1  2.17382E+13 0.00043 
   69   69    1    1    1    1    1    1    1    1  1.94896E+13 0.00036 
   70   70    1    1    1    1    1    1    1    1  2.34083E+13 0.00037 
   71   71    1    1    1    1    1    1    1    1  1.99280E+13 0.00040 
   72   72    1    1    1    1    1    1    1    1  3.62314E+13 0.00039 
   73   73    1    1    1    1    1    1    1    1  2.56152E+13 0.00040 
   74   74    1    1    1    1    1    1    1    1  1.92644E+13 0.00039 
   75   75    1    1    1    1    1    1    1    1  1.54718E+13 0.00044 
   76   76    1    1    1    1    1    1    1    1  1.28270E+13 0.00056 
   77   77    1    1    1    1    1    1    1    1  1.48472E+13 0.00038 
   78   78    1    1    1    1    1    1    1    1  1.17215E+13 0.00055 
   79   79    1    1    1    1    1    1    1    1  9.32024E+12 0.00067 
   80   80    1    1    1    1    1    1    1    1  9.62732E+12 0.00055 
   81   81    1    1    1    1    1    1    1    1  7.13601E+12 0.00067 
   82   82    1    1    1    1    1    1    1    1  5.49203E+12 0.00064 
   83   83    1    1    1    1    1    1    1    1  4.22254E+12 0.00106 
   84   84    1    1    1    1    1    1    1    1  3.94546E+12 0.00113 
   85   85    1    1    1    1    1    1    1    1  2.83696E+12 0.00110 
   86   86    1    1    1    1    1    1    1    1  2.05745E+12 0.00148 
   87   87    1    1    1    1    1    1    1    1  1.92524E+12 0.00122 
   88   88    1    1    1    1    1    1    1    1  1.18688E+12 0.00199 
   89   89    1    1    1    1    1    1    1    1  7.98826E+11 0.00162 
   90   90    1    1    1    1    1    1    1    1  4.63456E+11 0.00331 
   91   91    1    1    1    1    1    1    1    1  5.89569E+11 0.00259 
   92   92    1    1    1    1    1    1    1    1  0.00000E+00 0.00000 
   93   93    1    1    1    1    1    1    1    1  0.00000E+00 0.00000 
   94   94    1    1    1    1    1    1    1    1  0.00000E+00 0.00000 
   95   95    1    1    1    1    1    1    1    1  0.00000E+00 0.00000 
   96   96    1    1    1    1    1    1    1    1  0.00000E+00 0.00000 
   97   97    1    1    1    1    1    1    1    1  0.00000E+00 0.00000 
   98   98    1    1    1    1    1    1    1    1  0.00000E+00 0.00000 
   99   99    1    1    1    1    1    1    1    1  0.00000E+00 0.00000 
  100  100    1    1    1    1    1    1    1    1  0.00000E+00 0.00000 
];


