
DETdpaspec = [
    1    1    1    1    1    1    1    1    1    1  0.00000E+00 0.00000 
    2    2    1    1    1    1    1    1    1    1  0.00000E+00 0.00000 
    3    3    1    1    1    1    1    1    1    1  0.00000E+00 0.00000 
    4    4    1    1    1    1    1    1    1    1  0.00000E+00 0.00000 
    5    5    1    1    1    1    1    1    1    1  0.00000E+00 0.00000 
    6    6    1    1    1    1    1    1    1    1  0.00000E+00 0.00000 
    7    7    1    1    1    1    1    1    1    1  0.00000E+00 0.00000 
    8    8    1    1    1    1    1    1    1    1  0.00000E+00 0.00000 
    9    9    1    1    1    1    1    1    1    1  0.00000E+00 0.00000 
   10   10    1    1    1    1    1    1    1    1  0.00000E+00 0.00000 
   11   11    1    1    1    1    1    1    1    1  0.00000E+00 0.00000 
   12   12    1    1    1    1    1    1    1    1  0.00000E+00 0.00000 
   13   13    1    1    1    1    1    1    1    1  0.00000E+00 0.00000 
   14   14    1    1    1    1    1    1    1    1  0.00000E+00 0.00000 
   15   15    1    1    1    1    1    1    1    1  0.00000E+00 0.00000 
   16   16    1    1    1    1    1    1    1    1  0.00000E+00 0.00000 
   17   17    1    1    1    1    1    1    1    1  0.00000E+00 0.00000 
   18   18    1    1    1    1    1    1    1    1  0.00000E+00 0.00000 
   19   19    1    1    1    1    1    1    1    1  2.23985E+09 0.02965 
   20   20    1    1    1    1    1    1    1    1  4.38543E+08 0.05075 
   21   21    1    1    1    1    1    1    1    1  1.43513E+09 0.03365 
   22   22    1    1    1    1    1    1    1    1  1.10850E+09 0.03266 
   23   23    1    1    1    1    1    1    1    1  3.19339E+09 0.02096 
   24   24    1    1    1    1    1    1    1    1  3.92890E+09 0.01717 
   25   25    1    1    1    1    1    1    1    1  6.24382E+09 0.01913 
   26   26    1    1    1    1    1    1    1    1  7.65389E+09 0.01659 
   27   27    1    1    1    1    1    1    1    1  1.22200E+10 0.01145 
   28   28    1    1    1    1    1    1    1    1  2.19352E+10 0.01055 
   29   29    1    1    1    1    1    1    1    1  3.97047E+10 0.00774 
   30   30    1    1    1    1    1    1    1    1  5.63121E+10 0.00566 
   31   31    1    1    1    1    1    1    1    1  1.77786E+11 0.00339 
   32   32    1    1    1    1    1    1    1    1  5.45762E+11 0.00277 
   33   33    1    1    1    1    1    1    1    1  1.01792E+12 0.00242 
   34   34    1    1    1    1    1    1    1    1  2.26847E+12 0.00151 
   35   35    1    1    1    1    1    1    1    1  3.01511E+12 0.00111 
   36   36    1    1    1    1    1    1    1    1  4.35722E+12 0.00098 
   37   37    1    1    1    1    1    1    1    1  3.07443E+12 0.00085 
   38   38    1    1    1    1    1    1    1    1  9.74682E+11 0.00073 
   39   39    1    1    1    1    1    1    1    1  5.25330E+12 0.00057 
   40   40    1    1    1    1    1    1    1    1  7.02098E+12 0.00055 
   41   41    1    1    1    1    1    1    1    1  1.17521E+13 0.00033 
   42   42    1    1    1    1    1    1    1    1  1.22238E+13 0.00041 
   43   43    1    1    1    1    1    1    1    1  2.50798E+13 0.00031 
   44   44    1    1    1    1    1    1    1    1  3.00494E+13 0.00025 
   45   45    1    1    1    1    1    1    1    1  4.29212E+13 0.00027 
   46   46    1    1    1    1    1    1    1    1  8.28698E+13 0.00025 
   47   47    1    1    1    1    1    1    1    1  3.94408E+13 0.00020 
   48   48    1    1    1    1    1    1    1    1  6.39111E+13 0.00016 
   49   49    1    1    1    1    1    1    1    1  8.87984E+13 0.00016 
   50   50    1    1    1    1    1    1    1    1  8.80858E+13 0.00014 
   51   51    1    1    1    1    1    1    1    1  1.34651E+14 0.00012 
   52   52    1    1    1    1    1    1    1    1  1.09441E+14 0.00017 
   53   53    1    1    1    1    1    1    1    1  1.26446E+14 0.00016 
   54   54    1    1    1    1    1    1    1    1  8.87387E+13 0.00014 
   55   55    1    1    1    1    1    1    1    1  1.05731E+14 0.00014 
   56   56    1    1    1    1    1    1    1    1  7.34228E+13 0.00018 
   57   57    1    1    1    1    1    1    1    1  1.00881E+13 0.00031 
   58   58    1    1    1    1    1    1    1    1  1.46035E+14 0.00014 
   59   59    1    1    1    1    1    1    1    1  6.30122E+13 0.00025 
   60   60    1    1    1    1    1    1    1    1  6.76304E+13 0.00018 
   61   61    1    1    1    1    1    1    1    1  5.14923E+13 0.00017 
   62   62    1    1    1    1    1    1    1    1  5.19542E+13 0.00028 
   63   63    1    1    1    1    1    1    1    1  5.37820E+13 0.00029 
   64   64    1    1    1    1    1    1    1    1  4.49542E+13 0.00028 
   65   65    1    1    1    1    1    1    1    1  3.58299E+13 0.00021 
   66   66    1    1    1    1    1    1    1    1  3.54959E+13 0.00040 
   67   67    1    1    1    1    1    1    1    1  2.57317E+13 0.00034 
   68   68    1    1    1    1    1    1    1    1  2.11499E+13 0.00036 
   69   69    1    1    1    1    1    1    1    1  1.90310E+13 0.00043 
   70   70    1    1    1    1    1    1    1    1  2.28865E+13 0.00045 
   71   71    1    1    1    1    1    1    1    1  1.95592E+13 0.00032 
   72   72    1    1    1    1    1    1    1    1  3.63859E+13 0.00041 
   73   73    1    1    1    1    1    1    1    1  2.59337E+13 0.00037 
   74   74    1    1    1    1    1    1    1    1  1.94658E+13 0.00024 
   75   75    1    1    1    1    1    1    1    1  1.53524E+13 0.00050 
   76   76    1    1    1    1    1    1    1    1  1.24943E+13 0.00060 
   77   77    1    1    1    1    1    1    1    1  1.42122E+13 0.00054 
   78   78    1    1    1    1    1    1    1    1  1.10138E+13 0.00074 
   79   79    1    1    1    1    1    1    1    1  8.64572E+12 0.00053 
   80   80    1    1    1    1    1    1    1    1  8.80350E+12 0.00051 
   81   81    1    1    1    1    1    1    1    1  6.48609E+12 0.00062 
   82   82    1    1    1    1    1    1    1    1  4.96296E+12 0.00080 
   83   83    1    1    1    1    1    1    1    1  3.80091E+12 0.00099 
   84   84    1    1    1    1    1    1    1    1  3.54953E+12 0.00073 
   85   85    1    1    1    1    1    1    1    1  2.55145E+12 0.00077 
   86   86    1    1    1    1    1    1    1    1  1.83399E+12 0.00177 
   87   87    1    1    1    1    1    1    1    1  1.71732E+12 0.00153 
   88   88    1    1    1    1    1    1    1    1  1.05939E+12 0.00191 
   89   89    1    1    1    1    1    1    1    1  7.20105E+11 0.00189 
   90   90    1    1    1    1    1    1    1    1  4.17970E+11 0.00244 
   91   91    1    1    1    1    1    1    1    1  5.37507E+11 0.00217 
   92   92    1    1    1    1    1    1    1    1  0.00000E+00 0.00000 
   93   93    1    1    1    1    1    1    1    1  0.00000E+00 0.00000 
   94   94    1    1    1    1    1    1    1    1  0.00000E+00 0.00000 
   95   95    1    1    1    1    1    1    1    1  0.00000E+00 0.00000 
   96   96    1    1    1    1    1    1    1    1  0.00000E+00 0.00000 
   97   97    1    1    1    1    1    1    1    1  0.00000E+00 0.00000 
   98   98    1    1    1    1    1    1    1    1  0.00000E+00 0.00000 
   99   99    1    1    1    1    1    1    1    1  0.00000E+00 0.00000 
  100  100    1    1    1    1    1    1    1    1  0.00000E+00 0.00000 
];


