
DETdpaspec = [
    1    1    1    1    1    1    1    1    1    1  0.00000E+00 0.00000 
    2    2    1    1    1    1    1    1    1    1  0.00000E+00 0.00000 
    3    3    1    1    1    1    1    1    1    1  0.00000E+00 0.00000 
    4    4    1    1    1    1    1    1    1    1  0.00000E+00 0.00000 
    5    5    1    1    1    1    1    1    1    1  0.00000E+00 0.00000 
    6    6    1    1    1    1    1    1    1    1  0.00000E+00 0.00000 
    7    7    1    1    1    1    1    1    1    1  0.00000E+00 0.00000 
    8    8    1    1    1    1    1    1    1    1  0.00000E+00 0.00000 
    9    9    1    1    1    1    1    1    1    1  0.00000E+00 0.00000 
   10   10    1    1    1    1    1    1    1    1  0.00000E+00 0.00000 
   11   11    1    1    1    1    1    1    1    1  0.00000E+00 0.00000 
   12   12    1    1    1    1    1    1    1    1  0.00000E+00 0.00000 
   13   13    1    1    1    1    1    1    1    1  0.00000E+00 0.00000 
   14   14    1    1    1    1    1    1    1    1  0.00000E+00 0.00000 
   15   15    1    1    1    1    1    1    1    1  0.00000E+00 0.00000 
   16   16    1    1    1    1    1    1    1    1  0.00000E+00 0.00000 
   17   17    1    1    1    1    1    1    1    1  0.00000E+00 0.00000 
   18   18    1    1    1    1    1    1    1    1  0.00000E+00 0.00000 
   19   19    1    1    1    1    1    1    1    1  1.84753E+09 0.03950 
   20   20    1    1    1    1    1    1    1    1  3.32642E+08 0.07084 
   21   21    1    1    1    1    1    1    1    1  1.18099E+09 0.04631 
   22   22    1    1    1    1    1    1    1    1  9.11404E+08 0.04633 
   23   23    1    1    1    1    1    1    1    1  2.30338E+09 0.02304 
   24   24    1    1    1    1    1    1    1    1  3.16909E+09 0.02625 
   25   25    1    1    1    1    1    1    1    1  5.01632E+09 0.02212 
   26   26    1    1    1    1    1    1    1    1  6.11788E+09 0.02221 
   27   27    1    1    1    1    1    1    1    1  9.68069E+09 0.01716 
   28   28    1    1    1    1    1    1    1    1  1.74351E+10 0.01077 
   29   29    1    1    1    1    1    1    1    1  3.35837E+10 0.00768 
   30   30    1    1    1    1    1    1    1    1  5.04487E+10 0.00516 
   31   31    1    1    1    1    1    1    1    1  1.55481E+11 0.00403 
   32   32    1    1    1    1    1    1    1    1  4.85870E+11 0.00284 
   33   33    1    1    1    1    1    1    1    1  9.16904E+11 0.00197 
   34   34    1    1    1    1    1    1    1    1  2.12300E+12 0.00145 
   35   35    1    1    1    1    1    1    1    1  2.90227E+12 0.00120 
   36   36    1    1    1    1    1    1    1    1  4.07075E+12 0.00101 
   37   37    1    1    1    1    1    1    1    1  2.84828E+12 0.00080 
   38   38    1    1    1    1    1    1    1    1  8.92163E+11 0.00084 
   39   39    1    1    1    1    1    1    1    1  4.88808E+12 0.00089 
   40   40    1    1    1    1    1    1    1    1  6.57223E+12 0.00069 
   41   41    1    1    1    1    1    1    1    1  1.11588E+13 0.00038 
   42   42    1    1    1    1    1    1    1    1  1.15125E+13 0.00041 
   43   43    1    1    1    1    1    1    1    1  2.40339E+13 0.00033 
   44   44    1    1    1    1    1    1    1    1  2.90041E+13 0.00037 
   45   45    1    1    1    1    1    1    1    1  4.17568E+13 0.00034 
   46   46    1    1    1    1    1    1    1    1  8.19295E+13 0.00023 
   47   47    1    1    1    1    1    1    1    1  3.88594E+13 0.00019 
   48   48    1    1    1    1    1    1    1    1  6.28814E+13 0.00019 
   49   49    1    1    1    1    1    1    1    1  8.76849E+13 0.00018 
   50   50    1    1    1    1    1    1    1    1  8.69126E+13 0.00016 
   51   51    1    1    1    1    1    1    1    1  1.33938E+14 0.00012 
   52   52    1    1    1    1    1    1    1    1  1.08099E+14 0.00017 
   53   53    1    1    1    1    1    1    1    1  1.26313E+14 0.00019 
   54   54    1    1    1    1    1    1    1    1  8.83488E+13 0.00018 
   55   55    1    1    1    1    1    1    1    1  1.06364E+14 0.00014 
   56   56    1    1    1    1    1    1    1    1  7.36145E+13 0.00018 
   57   57    1    1    1    1    1    1    1    1  1.00660E+13 0.00027 
   58   58    1    1    1    1    1    1    1    1  1.46347E+14 0.00015 
   59   59    1    1    1    1    1    1    1    1  6.39057E+13 0.00017 
   60   60    1    1    1    1    1    1    1    1  6.83480E+13 0.00022 
   61   61    1    1    1    1    1    1    1    1  5.24724E+13 0.00027 
   62   62    1    1    1    1    1    1    1    1  5.28276E+13 0.00023 
   63   63    1    1    1    1    1    1    1    1  5.48082E+13 0.00029 
   64   64    1    1    1    1    1    1    1    1  4.59524E+13 0.00023 
   65   65    1    1    1    1    1    1    1    1  3.65745E+13 0.00029 
   66   66    1    1    1    1    1    1    1    1  3.62689E+13 0.00022 
   67   67    1    1    1    1    1    1    1    1  2.62434E+13 0.00029 
   68   68    1    1    1    1    1    1    1    1  2.15053E+13 0.00036 
   69   69    1    1    1    1    1    1    1    1  1.93381E+13 0.00056 
   70   70    1    1    1    1    1    1    1    1  2.32430E+13 0.00032 
   71   71    1    1    1    1    1    1    1    1  1.98386E+13 0.00037 
   72   72    1    1    1    1    1    1    1    1  3.66349E+13 0.00039 
   73   73    1    1    1    1    1    1    1    1  2.60217E+13 0.00031 
   74   74    1    1    1    1    1    1    1    1  1.95770E+13 0.00046 
   75   75    1    1    1    1    1    1    1    1  1.55564E+13 0.00044 
   76   76    1    1    1    1    1    1    1    1  1.27508E+13 0.00042 
   77   77    1    1    1    1    1    1    1    1  1.46166E+13 0.00060 
   78   78    1    1    1    1    1    1    1    1  1.14019E+13 0.00042 
   79   79    1    1    1    1    1    1    1    1  8.99515E+12 0.00050 
   80   80    1    1    1    1    1    1    1    1  9.22035E+12 0.00057 
   81   81    1    1    1    1    1    1    1    1  6.80441E+12 0.00073 
   82   82    1    1    1    1    1    1    1    1  5.22199E+12 0.00079 
   83   83    1    1    1    1    1    1    1    1  4.00203E+12 0.00087 
   84   84    1    1    1    1    1    1    1    1  3.74181E+12 0.00135 
   85   85    1    1    1    1    1    1    1    1  2.68886E+12 0.00096 
   86   86    1    1    1    1    1    1    1    1  1.93689E+12 0.00129 
   87   87    1    1    1    1    1    1    1    1  1.80973E+12 0.00140 
   88   88    1    1    1    1    1    1    1    1  1.12155E+12 0.00211 
   89   89    1    1    1    1    1    1    1    1  7.58203E+11 0.00187 
   90   90    1    1    1    1    1    1    1    1  4.39935E+11 0.00241 
   91   91    1    1    1    1    1    1    1    1  5.62772E+11 0.00287 
   92   92    1    1    1    1    1    1    1    1  0.00000E+00 0.00000 
   93   93    1    1    1    1    1    1    1    1  0.00000E+00 0.00000 
   94   94    1    1    1    1    1    1    1    1  0.00000E+00 0.00000 
   95   95    1    1    1    1    1    1    1    1  0.00000E+00 0.00000 
   96   96    1    1    1    1    1    1    1    1  0.00000E+00 0.00000 
   97   97    1    1    1    1    1    1    1    1  0.00000E+00 0.00000 
   98   98    1    1    1    1    1    1    1    1  0.00000E+00 0.00000 
   99   99    1    1    1    1    1    1    1    1  0.00000E+00 0.00000 
  100  100    1    1    1    1    1    1    1    1  0.00000E+00 0.00000 
];


