
DETdpaspec = [
    1    1    1    1    1    1    1    1    1    1  0.00000E+00 0.00000 
    2    2    1    1    1    1    1    1    1    1  0.00000E+00 0.00000 
    3    3    1    1    1    1    1    1    1    1  0.00000E+00 0.00000 
    4    4    1    1    1    1    1    1    1    1  0.00000E+00 0.00000 
    5    5    1    1    1    1    1    1    1    1  0.00000E+00 0.00000 
    6    6    1    1    1    1    1    1    1    1  0.00000E+00 0.00000 
    7    7    1    1    1    1    1    1    1    1  0.00000E+00 0.00000 
    8    8    1    1    1    1    1    1    1    1  0.00000E+00 0.00000 
    9    9    1    1    1    1    1    1    1    1  0.00000E+00 0.00000 
   10   10    1    1    1    1    1    1    1    1  0.00000E+00 0.00000 
   11   11    1    1    1    1    1    1    1    1  0.00000E+00 0.00000 
   12   12    1    1    1    1    1    1    1    1  0.00000E+00 0.00000 
   13   13    1    1    1    1    1    1    1    1  0.00000E+00 0.00000 
   14   14    1    1    1    1    1    1    1    1  0.00000E+00 0.00000 
   15   15    1    1    1    1    1    1    1    1  0.00000E+00 0.00000 
   16   16    1    1    1    1    1    1    1    1  0.00000E+00 0.00000 
   17   17    1    1    1    1    1    1    1    1  0.00000E+00 0.00000 
   18   18    1    1    1    1    1    1    1    1  0.00000E+00 0.00000 
   19   19    1    1    1    1    1    1    1    1  1.38613E+09 0.05085 
   20   20    1    1    1    1    1    1    1    1  1.84060E+08 0.09415 
   21   21    1    1    1    1    1    1    1    1  6.85081E+08 0.07986 
   22   22    1    1    1    1    1    1    1    1  5.47477E+08 0.06010 
   23   23    1    1    1    1    1    1    1    1  1.30960E+09 0.03955 
   24   24    1    1    1    1    1    1    1    1  1.92117E+09 0.02609 
   25   25    1    1    1    1    1    1    1    1  3.17502E+09 0.02759 
   26   26    1    1    1    1    1    1    1    1  4.05462E+09 0.02546 
   27   27    1    1    1    1    1    1    1    1  7.28672E+09 0.02338 
   28   28    1    1    1    1    1    1    1    1  1.48379E+10 0.01756 
   29   29    1    1    1    1    1    1    1    1  3.66279E+10 0.01020 
   30   30    1    1    1    1    1    1    1    1  6.50543E+10 0.00753 
   31   31    1    1    1    1    1    1    1    1  1.78232E+11 0.00492 
   32   32    1    1    1    1    1    1    1    1  5.46635E+11 0.00327 
   33   33    1    1    1    1    1    1    1    1  1.00244E+12 0.00225 
   34   34    1    1    1    1    1    1    1    1  2.37825E+12 0.00142 
   35   35    1    1    1    1    1    1    1    1  3.33318E+12 0.00086 
   36   36    1    1    1    1    1    1    1    1  4.19031E+12 0.00086 
   37   37    1    1    1    1    1    1    1    1  2.79525E+12 0.00083 
   38   38    1    1    1    1    1    1    1    1  8.48738E+11 0.00077 
   39   39    1    1    1    1    1    1    1    1  4.79663E+12 0.00074 
   40   40    1    1    1    1    1    1    1    1  6.47308E+12 0.00061 
   41   41    1    1    1    1    1    1    1    1  1.11558E+13 0.00048 
   42   42    1    1    1    1    1    1    1    1  1.11764E+13 0.00045 
   43   43    1    1    1    1    1    1    1    1  2.39806E+13 0.00052 
   44   44    1    1    1    1    1    1    1    1  2.90657E+13 0.00036 
   45   45    1    1    1    1    1    1    1    1  4.19961E+13 0.00030 
   46   46    1    1    1    1    1    1    1    1  8.38177E+13 0.00026 
   47   47    1    1    1    1    1    1    1    1  3.89688E+13 0.00029 
   48   48    1    1    1    1    1    1    1    1  6.24806E+13 0.00026 
   49   49    1    1    1    1    1    1    1    1  8.70381E+13 0.00024 
   50   50    1    1    1    1    1    1    1    1  8.55773E+13 0.00019 
   51   51    1    1    1    1    1    1    1    1  1.33582E+14 0.00017 
   52   52    1    1    1    1    1    1    1    1  1.05410E+14 0.00016 
   53   53    1    1    1    1    1    1    1    1  1.25625E+14 0.00021 
   54   54    1    1    1    1    1    1    1    1  8.69727E+13 0.00015 
   55   55    1    1    1    1    1    1    1    1  1.06758E+14 0.00016 
   56   56    1    1    1    1    1    1    1    1  7.32697E+13 0.00018 
   57   57    1    1    1    1    1    1    1    1  9.93725E+12 0.00042 
   58   58    1    1    1    1    1    1    1    1  1.45165E+14 0.00020 
   59   59    1    1    1    1    1    1    1    1  6.49839E+13 0.00025 
   60   60    1    1    1    1    1    1    1    1  6.87140E+13 0.00024 
   61   61    1    1    1    1    1    1    1    1  5.36136E+13 0.00024 
   62   62    1    1    1    1    1    1    1    1  5.36786E+13 0.00027 
   63   63    1    1    1    1    1    1    1    1  5.58744E+13 0.00025 
   64   64    1    1    1    1    1    1    1    1  4.69288E+13 0.00036 
   65   65    1    1    1    1    1    1    1    1  3.72070E+13 0.00030 
   66   66    1    1    1    1    1    1    1    1  3.68118E+13 0.00036 
   67   67    1    1    1    1    1    1    1    1  2.65445E+13 0.00029 
   68   68    1    1    1    1    1    1    1    1  2.15720E+13 0.00042 
   69   69    1    1    1    1    1    1    1    1  1.93265E+13 0.00036 
   70   70    1    1    1    1    1    1    1    1  2.31837E+13 0.00043 
   71   71    1    1    1    1    1    1    1    1  1.96770E+13 0.00034 
   72   72    1    1    1    1    1    1    1    1  3.55220E+13 0.00027 
   73   73    1    1    1    1    1    1    1    1  2.50334E+13 0.00030 
   74   74    1    1    1    1    1    1    1    1  1.88367E+13 0.00050 
   75   75    1    1    1    1    1    1    1    1  1.51736E+13 0.00043 
   76   76    1    1    1    1    1    1    1    1  1.26515E+13 0.00057 
   77   77    1    1    1    1    1    1    1    1  1.46932E+13 0.00056 
   78   78    1    1    1    1    1    1    1    1  1.16456E+13 0.00067 
   79   79    1    1    1    1    1    1    1    1  9.29674E+12 0.00051 
   80   80    1    1    1    1    1    1    1    1  9.61546E+12 0.00042 
   81   81    1    1    1    1    1    1    1    1  7.14729E+12 0.00060 
   82   82    1    1    1    1    1    1    1    1  5.51586E+12 0.00074 
   83   83    1    1    1    1    1    1    1    1  4.23933E+12 0.00102 
   84   84    1    1    1    1    1    1    1    1  3.96299E+12 0.00083 
   85   85    1    1    1    1    1    1    1    1  2.85570E+12 0.00075 
   86   86    1    1    1    1    1    1    1    1  2.06384E+12 0.00108 
   87   87    1    1    1    1    1    1    1    1  1.93198E+12 0.00069 
   88   88    1    1    1    1    1    1    1    1  1.18583E+12 0.00148 
   89   89    1    1    1    1    1    1    1    1  8.03831E+11 0.00213 
   90   90    1    1    1    1    1    1    1    1  4.64465E+11 0.00258 
   91   91    1    1    1    1    1    1    1    1  5.88864E+11 0.00189 
   92   92    1    1    1    1    1    1    1    1  0.00000E+00 0.00000 
   93   93    1    1    1    1    1    1    1    1  0.00000E+00 0.00000 
   94   94    1    1    1    1    1    1    1    1  0.00000E+00 0.00000 
   95   95    1    1    1    1    1    1    1    1  0.00000E+00 0.00000 
   96   96    1    1    1    1    1    1    1    1  0.00000E+00 0.00000 
   97   97    1    1    1    1    1    1    1    1  0.00000E+00 0.00000 
   98   98    1    1    1    1    1    1    1    1  0.00000E+00 0.00000 
   99   99    1    1    1    1    1    1    1    1  0.00000E+00 0.00000 
  100  100    1    1    1    1    1    1    1    1  0.00000E+00 0.00000 
];


