
DETdpaspec = [
    1    1    1    1    1    1    1    1    1    1  0.00000E+00 0.00000 
    2    2    1    1    1    1    1    1    1    1  0.00000E+00 0.00000 
    3    3    1    1    1    1    1    1    1    1  0.00000E+00 0.00000 
    4    4    1    1    1    1    1    1    1    1  0.00000E+00 0.00000 
    5    5    1    1    1    1    1    1    1    1  0.00000E+00 0.00000 
    6    6    1    1    1    1    1    1    1    1  0.00000E+00 0.00000 
    7    7    1    1    1    1    1    1    1    1  0.00000E+00 0.00000 
    8    8    1    1    1    1    1    1    1    1  0.00000E+00 0.00000 
    9    9    1    1    1    1    1    1    1    1  0.00000E+00 0.00000 
   10   10    1    1    1    1    1    1    1    1  0.00000E+00 0.00000 
   11   11    1    1    1    1    1    1    1    1  0.00000E+00 0.00000 
   12   12    1    1    1    1    1    1    1    1  0.00000E+00 0.00000 
   13   13    1    1    1    1    1    1    1    1  0.00000E+00 0.00000 
   14   14    1    1    1    1    1    1    1    1  0.00000E+00 0.00000 
   15   15    1    1    1    1    1    1    1    1  0.00000E+00 0.00000 
   16   16    1    1    1    1    1    1    1    1  0.00000E+00 0.00000 
   17   17    1    1    1    1    1    1    1    1  0.00000E+00 0.00000 
   18   18    1    1    1    1    1    1    1    1  0.00000E+00 0.00000 
   19   19    1    1    1    1    1    1    1    1  1.04949E+09 0.10355 
   20   20    1    1    1    1    1    1    1    1  1.68206E+08 0.11059 
   21   21    1    1    1    1    1    1    1    1  4.74769E+08 0.10700 
   22   22    1    1    1    1    1    1    1    1  4.16375E+08 0.05893 
   23   23    1    1    1    1    1    1    1    1  9.16670E+08 0.04314 
   24   24    1    1    1    1    1    1    1    1  1.63938E+09 0.04340 
   25   25    1    1    1    1    1    1    1    1  3.72379E+09 0.03681 
   26   26    1    1    1    1    1    1    1    1  5.85525E+09 0.02443 
   27   27    1    1    1    1    1    1    1    1  1.27226E+10 0.01490 
   28   28    1    1    1    1    1    1    1    1  2.95763E+10 0.00897 
   29   29    1    1    1    1    1    1    1    1  7.63726E+10 0.00669 
   30   30    1    1    1    1    1    1    1    1  1.41192E+11 0.00384 
   31   31    1    1    1    1    1    1    1    1  3.35389E+11 0.00297 
   32   32    1    1    1    1    1    1    1    1  9.00934E+11 0.00201 
   33   33    1    1    1    1    1    1    1    1  1.51371E+12 0.00144 
   34   34    1    1    1    1    1    1    1    1  3.39320E+12 0.00080 
   35   35    1    1    1    1    1    1    1    1  4.57260E+12 0.00090 
   36   36    1    1    1    1    1    1    1    1  5.19891E+12 0.00081 
   37   37    1    1    1    1    1    1    1    1  3.29068E+12 0.00062 
   38   38    1    1    1    1    1    1    1    1  9.78232E+11 0.00058 
   39   39    1    1    1    1    1    1    1    1  5.58084E+12 0.00058 
   40   40    1    1    1    1    1    1    1    1  7.46430E+12 0.00046 
   41   41    1    1    1    1    1    1    1    1  1.27886E+13 0.00041 
   42   42    1    1    1    1    1    1    1    1  1.24992E+13 0.00049 
   43   43    1    1    1    1    1    1    1    1  2.68389E+13 0.00035 
   44   44    1    1    1    1    1    1    1    1  3.21970E+13 0.00034 
   45   45    1    1    1    1    1    1    1    1  4.59625E+13 0.00024 
   46   46    1    1    1    1    1    1    1    1  9.06731E+13 0.00020 
   47   47    1    1    1    1    1    1    1    1  4.11379E+13 0.00025 
   48   48    1    1    1    1    1    1    1    1  6.52448E+13 0.00024 
   49   49    1    1    1    1    1    1    1    1  8.98767E+13 0.00020 
   50   50    1    1    1    1    1    1    1    1  8.73558E+13 0.00022 
   51   51    1    1    1    1    1    1    1    1  1.35684E+14 0.00015 
   52   52    1    1    1    1    1    1    1    1  1.04983E+14 0.00018 
   53   53    1    1    1    1    1    1    1    1  1.25376E+14 0.00012 
   54   54    1    1    1    1    1    1    1    1  8.57774E+13 0.00016 
   55   55    1    1    1    1    1    1    1    1  1.05691E+14 0.00015 
   56   56    1    1    1    1    1    1    1    1  7.19680E+13 0.00015 
   57   57    1    1    1    1    1    1    1    1  9.70703E+12 0.00032 
   58   58    1    1    1    1    1    1    1    1  1.41611E+14 0.00016 
   59   59    1    1    1    1    1    1    1    1  6.38649E+13 0.00021 
   60   60    1    1    1    1    1    1    1    1  6.69258E+13 0.00017 
   61   61    1    1    1    1    1    1    1    1  5.24503E+13 0.00019 
   62   62    1    1    1    1    1    1    1    1  5.22391E+13 0.00019 
   63   63    1    1    1    1    1    1    1    1  5.42737E+13 0.00018 
   64   64    1    1    1    1    1    1    1    1  4.54583E+13 0.00032 
   65   65    1    1    1    1    1    1    1    1  3.58530E+13 0.00025 
   66   66    1    1    1    1    1    1    1    1  3.53372E+13 0.00029 
   67   67    1    1    1    1    1    1    1    1  2.53591E+13 0.00040 
   68   68    1    1    1    1    1    1    1    1  2.05000E+13 0.00041 
   69   69    1    1    1    1    1    1    1    1  1.82894E+13 0.00039 
   70   70    1    1    1    1    1    1    1    1  2.18788E+13 0.00046 
   71   71    1    1    1    1    1    1    1    1  1.84823E+13 0.00059 
   72   72    1    1    1    1    1    1    1    1  3.28962E+13 0.00034 
   73   73    1    1    1    1    1    1    1    1  2.30138E+13 0.00036 
   74   74    1    1    1    1    1    1    1    1  1.72831E+13 0.00054 
   75   75    1    1    1    1    1    1    1    1  1.39767E+13 0.00061 
   76   76    1    1    1    1    1    1    1    1  1.16914E+13 0.00054 
   77   77    1    1    1    1    1    1    1    1  1.36468E+13 0.00035 
   78   78    1    1    1    1    1    1    1    1  1.08927E+13 0.00041 
   79   79    1    1    1    1    1    1    1    1  8.74334E+12 0.00080 
   80   80    1    1    1    1    1    1    1    1  9.06746E+12 0.00077 
   81   81    1    1    1    1    1    1    1    1  6.74146E+12 0.00070 
   82   82    1    1    1    1    1    1    1    1  5.19969E+12 0.00074 
   83   83    1    1    1    1    1    1    1    1  4.00268E+12 0.00069 
   84   84    1    1    1    1    1    1    1    1  3.74048E+12 0.00126 
   85   85    1    1    1    1    1    1    1    1  2.69448E+12 0.00119 
   86   86    1    1    1    1    1    1    1    1  1.95163E+12 0.00143 
   87   87    1    1    1    1    1    1    1    1  1.82191E+12 0.00114 
   88   88    1    1    1    1    1    1    1    1  1.11844E+12 0.00231 
   89   89    1    1    1    1    1    1    1    1  7.51307E+11 0.00198 
   90   90    1    1    1    1    1    1    1    1  4.34852E+11 0.00301 
   91   91    1    1    1    1    1    1    1    1  5.45281E+11 0.00212 
   92   92    1    1    1    1    1    1    1    1  0.00000E+00 0.00000 
   93   93    1    1    1    1    1    1    1    1  0.00000E+00 0.00000 
   94   94    1    1    1    1    1    1    1    1  0.00000E+00 0.00000 
   95   95    1    1    1    1    1    1    1    1  0.00000E+00 0.00000 
   96   96    1    1    1    1    1    1    1    1  0.00000E+00 0.00000 
   97   97    1    1    1    1    1    1    1    1  0.00000E+00 0.00000 
   98   98    1    1    1    1    1    1    1    1  0.00000E+00 0.00000 
   99   99    1    1    1    1    1    1    1    1  0.00000E+00 0.00000 
  100  100    1    1    1    1    1    1    1    1  0.00000E+00 0.00000 
];


