
DETdpaspec = [
    1    1    1    1    1    1    1    1    1    1  0.00000E+00 0.00000 
    2    2    1    1    1    1    1    1    1    1  0.00000E+00 0.00000 
    3    3    1    1    1    1    1    1    1    1  0.00000E+00 0.00000 
    4    4    1    1    1    1    1    1    1    1  0.00000E+00 0.00000 
    5    5    1    1    1    1    1    1    1    1  0.00000E+00 0.00000 
    6    6    1    1    1    1    1    1    1    1  0.00000E+00 0.00000 
    7    7    1    1    1    1    1    1    1    1  0.00000E+00 0.00000 
    8    8    1    1    1    1    1    1    1    1  0.00000E+00 0.00000 
    9    9    1    1    1    1    1    1    1    1  0.00000E+00 0.00000 
   10   10    1    1    1    1    1    1    1    1  0.00000E+00 0.00000 
   11   11    1    1    1    1    1    1    1    1  0.00000E+00 0.00000 
   12   12    1    1    1    1    1    1    1    1  0.00000E+00 0.00000 
   13   13    1    1    1    1    1    1    1    1  0.00000E+00 0.00000 
   14   14    1    1    1    1    1    1    1    1  0.00000E+00 0.00000 
   15   15    1    1    1    1    1    1    1    1  0.00000E+00 0.00000 
   16   16    1    1    1    1    1    1    1    1  0.00000E+00 0.00000 
   17   17    1    1    1    1    1    1    1    1  0.00000E+00 0.00000 
   18   18    1    1    1    1    1    1    1    1  0.00000E+00 0.00000 
   19   19    1    1    1    1    1    1    1    1  1.09112E+09 0.13507 
   20   20    1    1    1    1    1    1    1    1  1.43561E+08 0.12791 
   21   21    1    1    1    1    1    1    1    1  4.74513E+08 0.07708 
   22   22    1    1    1    1    1    1    1    1  4.20569E+08 0.06149 
   23   23    1    1    1    1    1    1    1    1  9.36878E+08 0.06712 
   24   24    1    1    1    1    1    1    1    1  1.95189E+09 0.04267 
   25   25    1    1    1    1    1    1    1    1  4.61544E+09 0.02440 
   26   26    1    1    1    1    1    1    1    1  7.39700E+09 0.02064 
   27   27    1    1    1    1    1    1    1    1  1.75909E+10 0.01592 
   28   28    1    1    1    1    1    1    1    1  4.14526E+10 0.01174 
   29   29    1    1    1    1    1    1    1    1  1.02609E+11 0.00662 
   30   30    1    1    1    1    1    1    1    1  1.85634E+11 0.00505 
   31   31    1    1    1    1    1    1    1    1  4.23539E+11 0.00210 
   32   32    1    1    1    1    1    1    1    1  1.08040E+12 0.00178 
   33   33    1    1    1    1    1    1    1    1  1.75906E+12 0.00152 
   34   34    1    1    1    1    1    1    1    1  3.83680E+12 0.00086 
   35   35    1    1    1    1    1    1    1    1  5.07757E+12 0.00096 
   36   36    1    1    1    1    1    1    1    1  5.61434E+12 0.00070 
   37   37    1    1    1    1    1    1    1    1  3.50363E+12 0.00078 
   38   38    1    1    1    1    1    1    1    1  1.03662E+12 0.00064 
   39   39    1    1    1    1    1    1    1    1  5.91591E+12 0.00057 
   40   40    1    1    1    1    1    1    1    1  7.88394E+12 0.00051 
   41   41    1    1    1    1    1    1    1    1  1.34568E+13 0.00039 
   42   42    1    1    1    1    1    1    1    1  1.30712E+13 0.00035 
   43   43    1    1    1    1    1    1    1    1  2.80318E+13 0.00033 
   44   44    1    1    1    1    1    1    1    1  3.34589E+13 0.00029 
   45   45    1    1    1    1    1    1    1    1  4.75194E+13 0.00029 
   46   46    1    1    1    1    1    1    1    1  9.31652E+13 0.00027 
   47   47    1    1    1    1    1    1    1    1  4.19598E+13 0.00018 
   48   48    1    1    1    1    1    1    1    1  6.63313E+13 0.00016 
   49   49    1    1    1    1    1    1    1    1  9.09570E+13 0.00020 
   50   50    1    1    1    1    1    1    1    1  8.80823E+13 0.00020 
   51   51    1    1    1    1    1    1    1    1  1.36469E+14 0.00018 
   52   52    1    1    1    1    1    1    1    1  1.05026E+14 0.00013 
   53   53    1    1    1    1    1    1    1    1  1.25267E+14 0.00018 
   54   54    1    1    1    1    1    1    1    1  8.54173E+13 0.00018 
   55   55    1    1    1    1    1    1    1    1  1.05190E+14 0.00016 
   56   56    1    1    1    1    1    1    1    1  7.14585E+13 0.00017 
   57   57    1    1    1    1    1    1    1    1  9.62456E+12 0.00031 
   58   58    1    1    1    1    1    1    1    1  1.40257E+14 0.00013 
   59   59    1    1    1    1    1    1    1    1  6.32699E+13 0.00019 
   60   60    1    1    1    1    1    1    1    1  6.61606E+13 0.00019 
   61   61    1    1    1    1    1    1    1    1  5.18337E+13 0.00028 
   62   62    1    1    1    1    1    1    1    1  5.15480E+13 0.00018 
   63   63    1    1    1    1    1    1    1    1  5.35031E+13 0.00021 
   64   64    1    1    1    1    1    1    1    1  4.47906E+13 0.00025 
   65   65    1    1    1    1    1    1    1    1  3.52646E+13 0.00029 
   66   66    1    1    1    1    1    1    1    1  3.47284E+13 0.00018 
   67   67    1    1    1    1    1    1    1    1  2.48602E+13 0.00034 
   68   68    1    1    1    1    1    1    1    1  2.00873E+13 0.00032 
   69   69    1    1    1    1    1    1    1    1  1.79092E+13 0.00040 
   70   70    1    1    1    1    1    1    1    1  2.14034E+13 0.00043 
   71   71    1    1    1    1    1    1    1    1  1.80497E+13 0.00051 
   72   72    1    1    1    1    1    1    1    1  3.20083E+13 0.00042 
   73   73    1    1    1    1    1    1    1    1  2.23222E+13 0.00042 
   74   74    1    1    1    1    1    1    1    1  1.67470E+13 0.00039 
   75   75    1    1    1    1    1    1    1    1  1.35577E+13 0.00065 
   76   76    1    1    1    1    1    1    1    1  1.13567E+13 0.00055 
   77   77    1    1    1    1    1    1    1    1  1.32565E+13 0.00046 
   78   78    1    1    1    1    1    1    1    1  1.05829E+13 0.00051 
   79   79    1    1    1    1    1    1    1    1  8.49266E+12 0.00080 
   80   80    1    1    1    1    1    1    1    1  8.81516E+12 0.00066 
   81   81    1    1    1    1    1    1    1    1  6.55081E+12 0.00066 
   82   82    1    1    1    1    1    1    1    1  5.05969E+12 0.00073 
   83   83    1    1    1    1    1    1    1    1  3.89554E+12 0.00086 
   84   84    1    1    1    1    1    1    1    1  3.64238E+12 0.00090 
   85   85    1    1    1    1    1    1    1    1  2.62774E+12 0.00100 
   86   86    1    1    1    1    1    1    1    1  1.90096E+12 0.00111 
   87   87    1    1    1    1    1    1    1    1  1.77560E+12 0.00137 
   88   88    1    1    1    1    1    1    1    1  1.08311E+12 0.00164 
   89   89    1    1    1    1    1    1    1    1  7.28753E+11 0.00185 
   90   90    1    1    1    1    1    1    1    1  4.21439E+11 0.00333 
   91   91    1    1    1    1    1    1    1    1  5.28778E+11 0.00280 
   92   92    1    1    1    1    1    1    1    1  0.00000E+00 0.00000 
   93   93    1    1    1    1    1    1    1    1  0.00000E+00 0.00000 
   94   94    1    1    1    1    1    1    1    1  0.00000E+00 0.00000 
   95   95    1    1    1    1    1    1    1    1  0.00000E+00 0.00000 
   96   96    1    1    1    1    1    1    1    1  0.00000E+00 0.00000 
   97   97    1    1    1    1    1    1    1    1  0.00000E+00 0.00000 
   98   98    1    1    1    1    1    1    1    1  0.00000E+00 0.00000 
   99   99    1    1    1    1    1    1    1    1  0.00000E+00 0.00000 
  100  100    1    1    1    1    1    1    1    1  0.00000E+00 0.00000 
];


