
DETdpaspec = [
    1    1    1    1    1    1    1    1    1    1  0.00000E+00 0.00000 
    2    2    1    1    1    1    1    1    1    1  0.00000E+00 0.00000 
    3    3    1    1    1    1    1    1    1    1  0.00000E+00 0.00000 
    4    4    1    1    1    1    1    1    1    1  0.00000E+00 0.00000 
    5    5    1    1    1    1    1    1    1    1  0.00000E+00 0.00000 
    6    6    1    1    1    1    1    1    1    1  0.00000E+00 0.00000 
    7    7    1    1    1    1    1    1    1    1  0.00000E+00 0.00000 
    8    8    1    1    1    1    1    1    1    1  0.00000E+00 0.00000 
    9    9    1    1    1    1    1    1    1    1  0.00000E+00 0.00000 
   10   10    1    1    1    1    1    1    1    1  0.00000E+00 0.00000 
   11   11    1    1    1    1    1    1    1    1  0.00000E+00 0.00000 
   12   12    1    1    1    1    1    1    1    1  0.00000E+00 0.00000 
   13   13    1    1    1    1    1    1    1    1  0.00000E+00 0.00000 
   14   14    1    1    1    1    1    1    1    1  0.00000E+00 0.00000 
   15   15    1    1    1    1    1    1    1    1  0.00000E+00 0.00000 
   16   16    1    1    1    1    1    1    1    1  0.00000E+00 0.00000 
   17   17    1    1    1    1    1    1    1    1  0.00000E+00 0.00000 
   18   18    1    1    1    1    1    1    1    1  0.00000E+00 0.00000 
   19   19    1    1    1    1    1    1    1    1  1.29330E+09 0.07249 
   20   20    1    1    1    1    1    1    1    1  1.73897E+08 0.08789 
   21   21    1    1    1    1    1    1    1    1  7.33218E+08 0.06802 
   22   22    1    1    1    1    1    1    1    1  5.23229E+08 0.06659 
   23   23    1    1    1    1    1    1    1    1  1.05773E+09 0.03755 
   24   24    1    1    1    1    1    1    1    1  1.77915E+09 0.03484 
   25   25    1    1    1    1    1    1    1    1  3.51815E+09 0.02144 
   26   26    1    1    1    1    1    1    1    1  4.59456E+09 0.02115 
   27   27    1    1    1    1    1    1    1    1  7.99733E+09 0.02061 
   28   28    1    1    1    1    1    1    1    1  1.66916E+10 0.01146 
   29   29    1    1    1    1    1    1    1    1  4.23698E+10 0.00855 
   30   30    1    1    1    1    1    1    1    1  7.82444E+10 0.00653 
   31   31    1    1    1    1    1    1    1    1  2.06947E+11 0.00343 
   32   32    1    1    1    1    1    1    1    1  6.15281E+11 0.00241 
   33   33    1    1    1    1    1    1    1    1  1.10239E+12 0.00238 
   34   34    1    1    1    1    1    1    1    1  2.59128E+12 0.00108 
   35   35    1    1    1    1    1    1    1    1  3.60979E+12 0.00120 
   36   36    1    1    1    1    1    1    1    1  4.40370E+12 0.00089 
   37   37    1    1    1    1    1    1    1    1  2.89336E+12 0.00060 
   38   38    1    1    1    1    1    1    1    1  8.72370E+11 0.00062 
   39   39    1    1    1    1    1    1    1    1  4.95108E+12 0.00059 
   40   40    1    1    1    1    1    1    1    1  6.66935E+12 0.00058 
   41   41    1    1    1    1    1    1    1    1  1.15006E+13 0.00064 
   42   42    1    1    1    1    1    1    1    1  1.14401E+13 0.00052 
   43   43    1    1    1    1    1    1    1    1  2.45947E+13 0.00058 
   44   44    1    1    1    1    1    1    1    1  2.97457E+13 0.00050 
   45   45    1    1    1    1    1    1    1    1  4.28508E+13 0.00045 
   46   46    1    1    1    1    1    1    1    1  8.53920E+13 0.00021 
   47   47    1    1    1    1    1    1    1    1  3.94571E+13 0.00019 
   48   48    1    1    1    1    1    1    1    1  6.30622E+13 0.00030 
   49   49    1    1    1    1    1    1    1    1  8.76295E+13 0.00021 
   50   50    1    1    1    1    1    1    1    1  8.58892E+13 0.00023 
   51   51    1    1    1    1    1    1    1    1  1.33993E+14 0.00019 
   52   52    1    1    1    1    1    1    1    1  1.05145E+14 0.00015 
   53   53    1    1    1    1    1    1    1    1  1.25534E+14 0.00012 
   54   54    1    1    1    1    1    1    1    1  8.66362E+13 0.00020 
   55   55    1    1    1    1    1    1    1    1  1.06611E+14 0.00015 
   56   56    1    1    1    1    1    1    1    1  7.29969E+13 0.00017 
   57   57    1    1    1    1    1    1    1    1  9.88123E+12 0.00034 
   58   58    1    1    1    1    1    1    1    1  1.44312E+14 0.00010 
   59   59    1    1    1    1    1    1    1    1  6.48335E+13 0.00018 
   60   60    1    1    1    1    1    1    1    1  6.83529E+13 0.00018 
   61   61    1    1    1    1    1    1    1    1  5.34537E+13 0.00019 
   62   62    1    1    1    1    1    1    1    1  5.34174E+13 0.00018 
   63   63    1    1    1    1    1    1    1    1  5.55980E+13 0.00019 
   64   64    1    1    1    1    1    1    1    1  4.66561E+13 0.00028 
   65   65    1    1    1    1    1    1    1    1  3.69507E+13 0.00028 
   66   66    1    1    1    1    1    1    1    1  3.65224E+13 0.00029 
   67   67    1    1    1    1    1    1    1    1  2.63029E+13 0.00036 
   68   68    1    1    1    1    1    1    1    1  2.13473E+13 0.00045 
   69   69    1    1    1    1    1    1    1    1  1.90978E+13 0.00028 
   70   70    1    1    1    1    1    1    1    1  2.28998E+13 0.00032 
   71   71    1    1    1    1    1    1    1    1  1.94315E+13 0.00046 
   72   72    1    1    1    1    1    1    1    1  3.48957E+13 0.00029 
   73   73    1    1    1    1    1    1    1    1  2.45363E+13 0.00049 
   74   74    1    1    1    1    1    1    1    1  1.84501E+13 0.00041 
   75   75    1    1    1    1    1    1    1    1  1.48991E+13 0.00047 
   76   76    1    1    1    1    1    1    1    1  1.24262E+13 0.00048 
   77   77    1    1    1    1    1    1    1    1  1.44628E+13 0.00048 
   78   78    1    1    1    1    1    1    1    1  1.15050E+13 0.00063 
   79   79    1    1    1    1    1    1    1    1  9.19776E+12 0.00070 
   80   80    1    1    1    1    1    1    1    1  9.52670E+12 0.00044 
   81   81    1    1    1    1    1    1    1    1  7.07963E+12 0.00059 
   82   82    1    1    1    1    1    1    1    1  5.46311E+12 0.00066 
   83   83    1    1    1    1    1    1    1    1  4.20296E+12 0.00084 
   84   84    1    1    1    1    1    1    1    1  3.93426E+12 0.00089 
   85   85    1    1    1    1    1    1    1    1  2.83446E+12 0.00090 
   86   86    1    1    1    1    1    1    1    1  2.04569E+12 0.00128 
   87   87    1    1    1    1    1    1    1    1  1.91650E+12 0.00154 
   88   88    1    1    1    1    1    1    1    1  1.17679E+12 0.00187 
   89   89    1    1    1    1    1    1    1    1  7.94403E+11 0.00193 
   90   90    1    1    1    1    1    1    1    1  4.60887E+11 0.00227 
   91   91    1    1    1    1    1    1    1    1  5.80873E+11 0.00298 
   92   92    1    1    1    1    1    1    1    1  0.00000E+00 0.00000 
   93   93    1    1    1    1    1    1    1    1  0.00000E+00 0.00000 
   94   94    1    1    1    1    1    1    1    1  0.00000E+00 0.00000 
   95   95    1    1    1    1    1    1    1    1  0.00000E+00 0.00000 
   96   96    1    1    1    1    1    1    1    1  0.00000E+00 0.00000 
   97   97    1    1    1    1    1    1    1    1  0.00000E+00 0.00000 
   98   98    1    1    1    1    1    1    1    1  0.00000E+00 0.00000 
   99   99    1    1    1    1    1    1    1    1  0.00000E+00 0.00000 
  100  100    1    1    1    1    1    1    1    1  0.00000E+00 0.00000 
];


