
DETdpaspec = [
    1    1    1    1    1    1    1    1    1    1  0.00000E+00 0.00000 
    2    2    1    1    1    1    1    1    1    1  0.00000E+00 0.00000 
    3    3    1    1    1    1    1    1    1    1  0.00000E+00 0.00000 
    4    4    1    1    1    1    1    1    1    1  0.00000E+00 0.00000 
    5    5    1    1    1    1    1    1    1    1  0.00000E+00 0.00000 
    6    6    1    1    1    1    1    1    1    1  0.00000E+00 0.00000 
    7    7    1    1    1    1    1    1    1    1  0.00000E+00 0.00000 
    8    8    1    1    1    1    1    1    1    1  0.00000E+00 0.00000 
    9    9    1    1    1    1    1    1    1    1  0.00000E+00 0.00000 
   10   10    1    1    1    1    1    1    1    1  0.00000E+00 0.00000 
   11   11    1    1    1    1    1    1    1    1  0.00000E+00 0.00000 
   12   12    1    1    1    1    1    1    1    1  0.00000E+00 0.00000 
   13   13    1    1    1    1    1    1    1    1  0.00000E+00 0.00000 
   14   14    1    1    1    1    1    1    1    1  0.00000E+00 0.00000 
   15   15    1    1    1    1    1    1    1    1  0.00000E+00 0.00000 
   16   16    1    1    1    1    1    1    1    1  0.00000E+00 0.00000 
   17   17    1    1    1    1    1    1    1    1  0.00000E+00 0.00000 
   18   18    1    1    1    1    1    1    1    1  0.00000E+00 0.00000 
   19   19    1    1    1    1    1    1    1    1  1.39647E+09 0.07150 
   20   20    1    1    1    1    1    1    1    1  2.24306E+08 0.09348 
   21   21    1    1    1    1    1    1    1    1  8.05852E+08 0.06031 
   22   22    1    1    1    1    1    1    1    1  5.95406E+08 0.04967 
   23   23    1    1    1    1    1    1    1    1  1.24901E+09 0.04545 
   24   24    1    1    1    1    1    1    1    1  1.97392E+09 0.04239 
   25   25    1    1    1    1    1    1    1    1  3.33495E+09 0.03036 
   26   26    1    1    1    1    1    1    1    1  4.47371E+09 0.02099 
   27   27    1    1    1    1    1    1    1    1  7.30230E+09 0.02296 
   28   28    1    1    1    1    1    1    1    1  1.46631E+10 0.00988 
   29   29    1    1    1    1    1    1    1    1  3.59902E+10 0.00733 
   30   30    1    1    1    1    1    1    1    1  6.32766E+10 0.00574 
   31   31    1    1    1    1    1    1    1    1  1.75149E+11 0.00547 
   32   32    1    1    1    1    1    1    1    1  5.36623E+11 0.00261 
   33   33    1    1    1    1    1    1    1    1  9.82280E+11 0.00185 
   34   34    1    1    1    1    1    1    1    1  2.33737E+12 0.00118 
   35   35    1    1    1    1    1    1    1    1  3.28116E+12 0.00088 
   36   36    1    1    1    1    1    1    1    1  4.14639E+12 0.00069 
   37   37    1    1    1    1    1    1    1    1  2.77862E+12 0.00070 
   38   38    1    1    1    1    1    1    1    1  8.44809E+11 0.00063 
   39   39    1    1    1    1    1    1    1    1  4.76724E+12 0.00060 
   40   40    1    1    1    1    1    1    1    1  6.43591E+12 0.00057 
   41   41    1    1    1    1    1    1    1    1  1.11032E+13 0.00051 
   42   42    1    1    1    1    1    1    1    1  1.11403E+13 0.00038 
   43   43    1    1    1    1    1    1    1    1  2.39031E+13 0.00041 
   44   44    1    1    1    1    1    1    1    1  2.89663E+13 0.00028 
   45   45    1    1    1    1    1    1    1    1  4.18628E+13 0.00029 
   46   46    1    1    1    1    1    1    1    1  8.35510E+13 0.00028 
   47   47    1    1    1    1    1    1    1    1  3.88978E+13 0.00022 
   48   48    1    1    1    1    1    1    1    1  6.24082E+13 0.00020 
   49   49    1    1    1    1    1    1    1    1  8.69665E+13 0.00022 
   50   50    1    1    1    1    1    1    1    1  8.55600E+13 0.00021 
   51   51    1    1    1    1    1    1    1    1  1.33482E+14 0.00013 
   52   52    1    1    1    1    1    1    1    1  1.05478E+14 0.00015 
   53   53    1    1    1    1    1    1    1    1  1.25653E+14 0.00015 
   54   54    1    1    1    1    1    1    1    1  8.70477E+13 0.00016 
   55   55    1    1    1    1    1    1    1    1  1.06799E+14 0.00016 
   56   56    1    1    1    1    1    1    1    1  7.33103E+13 0.00020 
   57   57    1    1    1    1    1    1    1    1  9.94644E+12 0.00029 
   58   58    1    1    1    1    1    1    1    1  1.45260E+14 0.00015 
   59   59    1    1    1    1    1    1    1    1  6.49844E+13 0.00020 
   60   60    1    1    1    1    1    1    1    1  6.87895E+13 0.00021 
   61   61    1    1    1    1    1    1    1    1  5.36457E+13 0.00019 
   62   62    1    1    1    1    1    1    1    1  5.37036E+13 0.00018 
   63   63    1    1    1    1    1    1    1    1  5.58863E+13 0.00025 
   64   64    1    1    1    1    1    1    1    1  4.69328E+13 0.00034 
   65   65    1    1    1    1    1    1    1    1  3.72288E+13 0.00030 
   66   66    1    1    1    1    1    1    1    1  3.68425E+13 0.00026 
   67   67    1    1    1    1    1    1    1    1  2.65772E+13 0.00030 
   68   68    1    1    1    1    1    1    1    1  2.16054E+13 0.00035 
   69   69    1    1    1    1    1    1    1    1  1.93504E+13 0.00045 
   70   70    1    1    1    1    1    1    1    1  2.32365E+13 0.00045 
   71   71    1    1    1    1    1    1    1    1  1.97295E+13 0.00037 
   72   72    1    1    1    1    1    1    1    1  3.56567E+13 0.00031 
   73   73    1    1    1    1    1    1    1    1  2.51506E+13 0.00035 
   74   74    1    1    1    1    1    1    1    1  1.89277E+13 0.00032 
   75   75    1    1    1    1    1    1    1    1  1.52294E+13 0.00058 
   76   76    1    1    1    1    1    1    1    1  1.26725E+13 0.00047 
   77   77    1    1    1    1    1    1    1    1  1.47325E+13 0.00052 
   78   78    1    1    1    1    1    1    1    1  1.16743E+13 0.00044 
   79   79    1    1    1    1    1    1    1    1  9.31470E+12 0.00044 
   80   80    1    1    1    1    1    1    1    1  9.62228E+12 0.00047 
   81   81    1    1    1    1    1    1    1    1  7.14817E+12 0.00084 
   82   82    1    1    1    1    1    1    1    1  5.50881E+12 0.00083 
   83   83    1    1    1    1    1    1    1    1  4.23963E+12 0.00104 
   84   84    1    1    1    1    1    1    1    1  3.96443E+12 0.00098 
   85   85    1    1    1    1    1    1    1    1  2.85557E+12 0.00106 
   86   86    1    1    1    1    1    1    1    1  2.06389E+12 0.00100 
   87   87    1    1    1    1    1    1    1    1  1.92871E+12 0.00113 
   88   88    1    1    1    1    1    1    1    1  1.18934E+12 0.00133 
   89   89    1    1    1    1    1    1    1    1  7.99201E+11 0.00227 
   90   90    1    1    1    1    1    1    1    1  4.62323E+11 0.00246 
   91   91    1    1    1    1    1    1    1    1  5.90109E+11 0.00299 
   92   92    1    1    1    1    1    1    1    1  0.00000E+00 0.00000 
   93   93    1    1    1    1    1    1    1    1  0.00000E+00 0.00000 
   94   94    1    1    1    1    1    1    1    1  0.00000E+00 0.00000 
   95   95    1    1    1    1    1    1    1    1  0.00000E+00 0.00000 
   96   96    1    1    1    1    1    1    1    1  0.00000E+00 0.00000 
   97   97    1    1    1    1    1    1    1    1  0.00000E+00 0.00000 
   98   98    1    1    1    1    1    1    1    1  0.00000E+00 0.00000 
   99   99    1    1    1    1    1    1    1    1  0.00000E+00 0.00000 
  100  100    1    1    1    1    1    1    1    1  0.00000E+00 0.00000 
];


