
DETdpaspec = [
    1    1    1    1    1    1    1    1    1    1  0.00000E+00 0.00000 
    2    2    1    1    1    1    1    1    1    1  0.00000E+00 0.00000 
    3    3    1    1    1    1    1    1    1    1  0.00000E+00 0.00000 
    4    4    1    1    1    1    1    1    1    1  0.00000E+00 0.00000 
    5    5    1    1    1    1    1    1    1    1  0.00000E+00 0.00000 
    6    6    1    1    1    1    1    1    1    1  0.00000E+00 0.00000 
    7    7    1    1    1    1    1    1    1    1  0.00000E+00 0.00000 
    8    8    1    1    1    1    1    1    1    1  0.00000E+00 0.00000 
    9    9    1    1    1    1    1    1    1    1  0.00000E+00 0.00000 
   10   10    1    1    1    1    1    1    1    1  0.00000E+00 0.00000 
   11   11    1    1    1    1    1    1    1    1  0.00000E+00 0.00000 
   12   12    1    1    1    1    1    1    1    1  0.00000E+00 0.00000 
   13   13    1    1    1    1    1    1    1    1  0.00000E+00 0.00000 
   14   14    1    1    1    1    1    1    1    1  0.00000E+00 0.00000 
   15   15    1    1    1    1    1    1    1    1  0.00000E+00 0.00000 
   16   16    1    1    1    1    1    1    1    1  0.00000E+00 0.00000 
   17   17    1    1    1    1    1    1    1    1  0.00000E+00 0.00000 
   18   18    1    1    1    1    1    1    1    1  0.00000E+00 0.00000 
   19   19    1    1    1    1    1    1    1    1  1.34894E+09 0.07207 
   20   20    1    1    1    1    1    1    1    1  1.95940E+08 0.09239 
   21   21    1    1    1    1    1    1    1    1  6.04101E+08 0.08030 
   22   22    1    1    1    1    1    1    1    1  4.73297E+08 0.05506 
   23   23    1    1    1    1    1    1    1    1  1.18402E+09 0.05170 
   24   24    1    1    1    1    1    1    1    1  1.80372E+09 0.03382 
   25   25    1    1    1    1    1    1    1    1  3.12558E+09 0.02664 
   26   26    1    1    1    1    1    1    1    1  4.20032E+09 0.03378 
   27   27    1    1    1    1    1    1    1    1  7.57537E+09 0.02547 
   28   28    1    1    1    1    1    1    1    1  1.62594E+10 0.01330 
   29   29    1    1    1    1    1    1    1    1  4.02534E+10 0.00792 
   30   30    1    1    1    1    1    1    1    1  7.27339E+10 0.00578 
   31   31    1    1    1    1    1    1    1    1  1.96493E+11 0.00426 
   32   32    1    1    1    1    1    1    1    1  5.88103E+11 0.00250 
   33   33    1    1    1    1    1    1    1    1  1.06139E+12 0.00208 
   34   34    1    1    1    1    1    1    1    1  2.50990E+12 0.00124 
   35   35    1    1    1    1    1    1    1    1  3.50562E+12 0.00117 
   36   36    1    1    1    1    1    1    1    1  4.32150E+12 0.00097 
   37   37    1    1    1    1    1    1    1    1  2.85657E+12 0.00086 
   38   38    1    1    1    1    1    1    1    1  8.63271E+11 0.00082 
   39   39    1    1    1    1    1    1    1    1  4.88704E+12 0.00070 
   40   40    1    1    1    1    1    1    1    1  6.58404E+12 0.00059 
   41   41    1    1    1    1    1    1    1    1  1.13607E+13 0.00052 
   42   42    1    1    1    1    1    1    1    1  1.13308E+13 0.00043 
   43   43    1    1    1    1    1    1    1    1  2.43449E+13 0.00039 
   44   44    1    1    1    1    1    1    1    1  2.94798E+13 0.00038 
   45   45    1    1    1    1    1    1    1    1  4.24983E+13 0.00030 
   46   46    1    1    1    1    1    1    1    1  8.47643E+13 0.00026 
   47   47    1    1    1    1    1    1    1    1  3.92496E+13 0.00019 
   48   48    1    1    1    1    1    1    1    1  6.28056E+13 0.00024 
   49   49    1    1    1    1    1    1    1    1  8.73703E+13 0.00018 
   50   50    1    1    1    1    1    1    1    1  8.57577E+13 0.00019 
   51   51    1    1    1    1    1    1    1    1  1.33812E+14 0.00015 
   52   52    1    1    1    1    1    1    1    1  1.05210E+14 0.00019 
   53   53    1    1    1    1    1    1    1    1  1.25556E+14 0.00016 
   54   54    1    1    1    1    1    1    1    1  8.67636E+13 0.00021 
   55   55    1    1    1    1    1    1    1    1  1.06695E+14 0.00016 
   56   56    1    1    1    1    1    1    1    1  7.30957E+13 0.00017 
   57   57    1    1    1    1    1    1    1    1  9.89797E+12 0.00028 
   58   58    1    1    1    1    1    1    1    1  1.44624E+14 0.00014 
   59   59    1    1    1    1    1    1    1    1  6.49296E+13 0.00025 
   60   60    1    1    1    1    1    1    1    1  6.85412E+13 0.00021 
   61   61    1    1    1    1    1    1    1    1  5.35453E+13 0.00029 
   62   62    1    1    1    1    1    1    1    1  5.35573E+13 0.00025 
   63   63    1    1    1    1    1    1    1    1  5.57244E+13 0.00026 
   64   64    1    1    1    1    1    1    1    1  4.67979E+13 0.00026 
   65   65    1    1    1    1    1    1    1    1  3.70550E+13 0.00031 
   66   66    1    1    1    1    1    1    1    1  3.66480E+13 0.00027 
   67   67    1    1    1    1    1    1    1    1  2.63996E+13 0.00039 
   68   68    1    1    1    1    1    1    1    1  2.14171E+13 0.00034 
   69   69    1    1    1    1    1    1    1    1  1.91881E+13 0.00037 
   70   70    1    1    1    1    1    1    1    1  2.30087E+13 0.00042 
   71   71    1    1    1    1    1    1    1    1  1.95267E+13 0.00038 
   72   72    1    1    1    1    1    1    1    1  3.51169E+13 0.00028 
   73   73    1    1    1    1    1    1    1    1  2.47340E+13 0.00047 
   74   74    1    1    1    1    1    1    1    1  1.86210E+13 0.00051 
   75   75    1    1    1    1    1    1    1    1  1.50168E+13 0.00051 
   76   76    1    1    1    1    1    1    1    1  1.25175E+13 0.00029 
   77   77    1    1    1    1    1    1    1    1  1.45473E+13 0.00046 
   78   78    1    1    1    1    1    1    1    1  1.15427E+13 0.00057 
   79   79    1    1    1    1    1    1    1    1  9.24201E+12 0.00050 
   80   80    1    1    1    1    1    1    1    1  9.57597E+12 0.00061 
   81   81    1    1    1    1    1    1    1    1  7.11620E+12 0.00068 
   82   82    1    1    1    1    1    1    1    1  5.48116E+12 0.00097 
   83   83    1    1    1    1    1    1    1    1  4.21789E+12 0.00108 
   84   84    1    1    1    1    1    1    1    1  3.94732E+12 0.00095 
   85   85    1    1    1    1    1    1    1    1  2.84797E+12 0.00132 
   86   86    1    1    1    1    1    1    1    1  2.05060E+12 0.00129 
   87   87    1    1    1    1    1    1    1    1  1.92056E+12 0.00130 
   88   88    1    1    1    1    1    1    1    1  1.18244E+12 0.00205 
   89   89    1    1    1    1    1    1    1    1  7.96225E+11 0.00193 
   90   90    1    1    1    1    1    1    1    1  4.61655E+11 0.00225 
   91   91    1    1    1    1    1    1    1    1  5.84866E+11 0.00226 
   92   92    1    1    1    1    1    1    1    1  0.00000E+00 0.00000 
   93   93    1    1    1    1    1    1    1    1  0.00000E+00 0.00000 
   94   94    1    1    1    1    1    1    1    1  0.00000E+00 0.00000 
   95   95    1    1    1    1    1    1    1    1  0.00000E+00 0.00000 
   96   96    1    1    1    1    1    1    1    1  0.00000E+00 0.00000 
   97   97    1    1    1    1    1    1    1    1  0.00000E+00 0.00000 
   98   98    1    1    1    1    1    1    1    1  0.00000E+00 0.00000 
   99   99    1    1    1    1    1    1    1    1  0.00000E+00 0.00000 
  100  100    1    1    1    1    1    1    1    1  0.00000E+00 0.00000 
];


