
DETdpaspec = [
    1    1    1    1    1    1    1    1    1    1  0.00000E+00 0.00000 
    2    2    1    1    1    1    1    1    1    1  0.00000E+00 0.00000 
    3    3    1    1    1    1    1    1    1    1  0.00000E+00 0.00000 
    4    4    1    1    1    1    1    1    1    1  0.00000E+00 0.00000 
    5    5    1    1    1    1    1    1    1    1  0.00000E+00 0.00000 
    6    6    1    1    1    1    1    1    1    1  0.00000E+00 0.00000 
    7    7    1    1    1    1    1    1    1    1  0.00000E+00 0.00000 
    8    8    1    1    1    1    1    1    1    1  0.00000E+00 0.00000 
    9    9    1    1    1    1    1    1    1    1  0.00000E+00 0.00000 
   10   10    1    1    1    1    1    1    1    1  0.00000E+00 0.00000 
   11   11    1    1    1    1    1    1    1    1  0.00000E+00 0.00000 
   12   12    1    1    1    1    1    1    1    1  0.00000E+00 0.00000 
   13   13    1    1    1    1    1    1    1    1  0.00000E+00 0.00000 
   14   14    1    1    1    1    1    1    1    1  0.00000E+00 0.00000 
   15   15    1    1    1    1    1    1    1    1  0.00000E+00 0.00000 
   16   16    1    1    1    1    1    1    1    1  0.00000E+00 0.00000 
   17   17    1    1    1    1    1    1    1    1  0.00000E+00 0.00000 
   18   18    1    1    1    1    1    1    1    1  0.00000E+00 0.00000 
   19   19    1    1    1    1    1    1    1    1  1.84505E+09 0.04463 
   20   20    1    1    1    1    1    1    1    1  3.26566E+08 0.05747 
   21   21    1    1    1    1    1    1    1    1  1.02790E+09 0.05384 
   22   22    1    1    1    1    1    1    1    1  8.08925E+08 0.06057 
   23   23    1    1    1    1    1    1    1    1  2.18804E+09 0.03091 
   24   24    1    1    1    1    1    1    1    1  3.05492E+09 0.02319 
   25   25    1    1    1    1    1    1    1    1  4.86074E+09 0.01616 
   26   26    1    1    1    1    1    1    1    1  6.01950E+09 0.01585 
   27   27    1    1    1    1    1    1    1    1  9.84804E+09 0.01760 
   28   28    1    1    1    1    1    1    1    1  1.73748E+10 0.01399 
   29   29    1    1    1    1    1    1    1    1  3.44800E+10 0.00781 
   30   30    1    1    1    1    1    1    1    1  5.08665E+10 0.00545 
   31   31    1    1    1    1    1    1    1    1  1.53956E+11 0.00429 
   32   32    1    1    1    1    1    1    1    1  4.82361E+11 0.00297 
   33   33    1    1    1    1    1    1    1    1  9.10974E+11 0.00195 
   34   34    1    1    1    1    1    1    1    1  2.11186E+12 0.00123 
   35   35    1    1    1    1    1    1    1    1  2.89306E+12 0.00096 
   36   36    1    1    1    1    1    1    1    1  4.04859E+12 0.00079 
   37   37    1    1    1    1    1    1    1    1  2.82939E+12 0.00066 
   38   38    1    1    1    1    1    1    1    1  8.85135E+11 0.00047 
   39   39    1    1    1    1    1    1    1    1  4.86424E+12 0.00056 
   40   40    1    1    1    1    1    1    1    1  6.54155E+12 0.00052 
   41   41    1    1    1    1    1    1    1    1  1.11159E+13 0.00054 
   42   42    1    1    1    1    1    1    1    1  1.14528E+13 0.00039 
   43   43    1    1    1    1    1    1    1    1  2.39510E+13 0.00042 
   44   44    1    1    1    1    1    1    1    1  2.89277E+13 0.00031 
   45   45    1    1    1    1    1    1    1    1  4.16531E+13 0.00032 
   46   46    1    1    1    1    1    1    1    1  8.18965E+13 0.00019 
   47   47    1    1    1    1    1    1    1    1  3.88026E+13 0.00026 
   48   48    1    1    1    1    1    1    1    1  6.27764E+13 0.00025 
   49   49    1    1    1    1    1    1    1    1  8.75942E+13 0.00010 
   50   50    1    1    1    1    1    1    1    1  8.67688E+13 0.00011 
   51   51    1    1    1    1    1    1    1    1  1.33852E+14 0.00014 
   52   52    1    1    1    1    1    1    1    1  1.07954E+14 0.00015 
   53   53    1    1    1    1    1    1    1    1  1.26292E+14 0.00011 
   54   54    1    1    1    1    1    1    1    1  8.83153E+13 0.00015 
   55   55    1    1    1    1    1    1    1    1  1.06422E+14 0.00017 
   56   56    1    1    1    1    1    1    1    1  7.36107E+13 0.00019 
   57   57    1    1    1    1    1    1    1    1  1.00668E+13 0.00028 
   58   58    1    1    1    1    1    1    1    1  1.46390E+14 0.00017 
   59   59    1    1    1    1    1    1    1    1  6.39766E+13 0.00021 
   60   60    1    1    1    1    1    1    1    1  6.84188E+13 0.00019 
   61   61    1    1    1    1    1    1    1    1  5.25712E+13 0.00017 
   62   62    1    1    1    1    1    1    1    1  5.29195E+13 0.00023 
   63   63    1    1    1    1    1    1    1    1  5.49047E+13 0.00020 
   64   64    1    1    1    1    1    1    1    1  4.60280E+13 0.00028 
   65   65    1    1    1    1    1    1    1    1  3.66517E+13 0.00025 
   66   66    1    1    1    1    1    1    1    1  3.63288E+13 0.00030 
   67   67    1    1    1    1    1    1    1    1  2.62932E+13 0.00024 
   68   68    1    1    1    1    1    1    1    1  2.15256E+13 0.00030 
   69   69    1    1    1    1    1    1    1    1  1.93559E+13 0.00032 
   70   70    1    1    1    1    1    1    1    1  2.32753E+13 0.00032 
   71   71    1    1    1    1    1    1    1    1  1.98722E+13 0.00039 
   72   72    1    1    1    1    1    1    1    1  3.66282E+13 0.00027 
   73   73    1    1    1    1    1    1    1    1  2.60303E+13 0.00042 
   74   74    1    1    1    1    1    1    1    1  1.95685E+13 0.00044 
   75   75    1    1    1    1    1    1    1    1  1.55647E+13 0.00057 
   76   76    1    1    1    1    1    1    1    1  1.27758E+13 0.00041 
   77   77    1    1    1    1    1    1    1    1  1.46460E+13 0.00051 
   78   78    1    1    1    1    1    1    1    1  1.14358E+13 0.00040 
   79   79    1    1    1    1    1    1    1    1  9.02578E+12 0.00050 
   80   80    1    1    1    1    1    1    1    1  9.25432E+12 0.00050 
   81   81    1    1    1    1    1    1    1    1  6.83816E+12 0.00068 
   82   82    1    1    1    1    1    1    1    1  5.24699E+12 0.00105 
   83   83    1    1    1    1    1    1    1    1  4.02617E+12 0.00114 
   84   84    1    1    1    1    1    1    1    1  3.76095E+12 0.00087 
   85   85    1    1    1    1    1    1    1    1  2.70435E+12 0.00076 
   86   86    1    1    1    1    1    1    1    1  1.94920E+12 0.00124 
   87   87    1    1    1    1    1    1    1    1  1.82570E+12 0.00129 
   88   88    1    1    1    1    1    1    1    1  1.12837E+12 0.00163 
   89   89    1    1    1    1    1    1    1    1  7.62951E+11 0.00197 
   90   90    1    1    1    1    1    1    1    1  4.42026E+11 0.00270 
   91   91    1    1    1    1    1    1    1    1  5.67503E+11 0.00302 
   92   92    1    1    1    1    1    1    1    1  0.00000E+00 0.00000 
   93   93    1    1    1    1    1    1    1    1  0.00000E+00 0.00000 
   94   94    1    1    1    1    1    1    1    1  0.00000E+00 0.00000 
   95   95    1    1    1    1    1    1    1    1  0.00000E+00 0.00000 
   96   96    1    1    1    1    1    1    1    1  0.00000E+00 0.00000 
   97   97    1    1    1    1    1    1    1    1  0.00000E+00 0.00000 
   98   98    1    1    1    1    1    1    1    1  0.00000E+00 0.00000 
   99   99    1    1    1    1    1    1    1    1  0.00000E+00 0.00000 
  100  100    1    1    1    1    1    1    1    1  0.00000E+00 0.00000 
];


