
DETdpaspec = [
    1    1    1    1    1    1    1    1    1    1  0.00000E+00 0.00000 
    2    2    1    1    1    1    1    1    1    1  0.00000E+00 0.00000 
    3    3    1    1    1    1    1    1    1    1  0.00000E+00 0.00000 
    4    4    1    1    1    1    1    1    1    1  0.00000E+00 0.00000 
    5    5    1    1    1    1    1    1    1    1  0.00000E+00 0.00000 
    6    6    1    1    1    1    1    1    1    1  0.00000E+00 0.00000 
    7    7    1    1    1    1    1    1    1    1  0.00000E+00 0.00000 
    8    8    1    1    1    1    1    1    1    1  0.00000E+00 0.00000 
    9    9    1    1    1    1    1    1    1    1  0.00000E+00 0.00000 
   10   10    1    1    1    1    1    1    1    1  0.00000E+00 0.00000 
   11   11    1    1    1    1    1    1    1    1  0.00000E+00 0.00000 
   12   12    1    1    1    1    1    1    1    1  0.00000E+00 0.00000 
   13   13    1    1    1    1    1    1    1    1  0.00000E+00 0.00000 
   14   14    1    1    1    1    1    1    1    1  0.00000E+00 0.00000 
   15   15    1    1    1    1    1    1    1    1  0.00000E+00 0.00000 
   16   16    1    1    1    1    1    1    1    1  0.00000E+00 0.00000 
   17   17    1    1    1    1    1    1    1    1  0.00000E+00 0.00000 
   18   18    1    1    1    1    1    1    1    1  0.00000E+00 0.00000 
   19   19    1    1    1    1    1    1    1    1  1.43985E+09 0.05991 
   20   20    1    1    1    1    1    1    1    1  2.53776E+08 0.07113 
   21   21    1    1    1    1    1    1    1    1  9.24901E+08 0.05489 
   22   22    1    1    1    1    1    1    1    1  6.70299E+08 0.04877 
   23   23    1    1    1    1    1    1    1    1  1.65890E+09 0.03570 
   24   24    1    1    1    1    1    1    1    1  2.46458E+09 0.02910 
   25   25    1    1    1    1    1    1    1    1  3.95011E+09 0.02537 
   26   26    1    1    1    1    1    1    1    1  4.97423E+09 0.02601 
   27   27    1    1    1    1    1    1    1    1  8.06042E+09 0.01555 
   28   28    1    1    1    1    1    1    1    1  1.47510E+10 0.01196 
   29   29    1    1    1    1    1    1    1    1  3.19866E+10 0.00799 
   30   30    1    1    1    1    1    1    1    1  5.13197E+10 0.00836 
   31   31    1    1    1    1    1    1    1    1  1.50171E+11 0.00388 
   32   32    1    1    1    1    1    1    1    1  4.75752E+11 0.00318 
   33   33    1    1    1    1    1    1    1    1  8.93775E+11 0.00155 
   34   34    1    1    1    1    1    1    1    1  2.12428E+12 0.00129 
   35   35    1    1    1    1    1    1    1    1  2.96509E+12 0.00079 
   36   36    1    1    1    1    1    1    1    1  3.95628E+12 0.00087 
   37   37    1    1    1    1    1    1    1    1  2.71777E+12 0.00085 
   38   38    1    1    1    1    1    1    1    1  8.38984E+11 0.00080 
   39   39    1    1    1    1    1    1    1    1  4.67964E+12 0.00070 
   40   40    1    1    1    1    1    1    1    1  6.31812E+12 0.00067 
   41   41    1    1    1    1    1    1    1    1  1.08576E+13 0.00064 
   42   42    1    1    1    1    1    1    1    1  1.10460E+13 0.00054 
   43   43    1    1    1    1    1    1    1    1  2.34879E+13 0.00042 
   44   44    1    1    1    1    1    1    1    1  2.84799E+13 0.00031 
   45   45    1    1    1    1    1    1    1    1  4.11911E+13 0.00031 
   46   46    1    1    1    1    1    1    1    1  8.19570E+13 0.00030 
   47   47    1    1    1    1    1    1    1    1  3.85537E+13 0.00024 
   48   48    1    1    1    1    1    1    1    1  6.21566E+13 0.00021 
   49   49    1    1    1    1    1    1    1    1  8.68161E+13 0.00025 
   50   50    1    1    1    1    1    1    1    1  8.57824E+13 0.00020 
   51   51    1    1    1    1    1    1    1    1  1.33329E+14 0.00013 
   52   52    1    1    1    1    1    1    1    1  1.06496E+14 0.00013 
   53   53    1    1    1    1    1    1    1    1  1.25972E+14 0.00013 
   54   54    1    1    1    1    1    1    1    1  8.77121E+13 0.00018 
   55   55    1    1    1    1    1    1    1    1  1.06799E+14 0.00016 
   56   56    1    1    1    1    1    1    1    1  7.35965E+13 0.00016 
   57   57    1    1    1    1    1    1    1    1  1.00211E+13 0.00034 
   58   58    1    1    1    1    1    1    1    1  1.46144E+14 0.00015 
   59   59    1    1    1    1    1    1    1    1  6.47568E+13 0.00021 
   60   60    1    1    1    1    1    1    1    1  6.88812E+13 0.00023 
   61   61    1    1    1    1    1    1    1    1  5.33775E+13 0.00023 
   62   62    1    1    1    1    1    1    1    1  5.35794E+13 0.00030 
   63   63    1    1    1    1    1    1    1    1  5.57338E+13 0.00024 
   64   64    1    1    1    1    1    1    1    1  4.68016E+13 0.00030 
   65   65    1    1    1    1    1    1    1    1  3.71965E+13 0.00038 
   66   66    1    1    1    1    1    1    1    1  3.68641E+13 0.00035 
   67   67    1    1    1    1    1    1    1    1  2.66425E+13 0.00027 
   68   68    1    1    1    1    1    1    1    1  2.17369E+13 0.00040 
   69   69    1    1    1    1    1    1    1    1  1.95049E+13 0.00041 
   70   70    1    1    1    1    1    1    1    1  2.34443E+13 0.00025 
   71   71    1    1    1    1    1    1    1    1  1.99552E+13 0.00028 
   72   72    1    1    1    1    1    1    1    1  3.64277E+13 0.00034 
   73   73    1    1    1    1    1    1    1    1  2.57719E+13 0.00035 
   74   74    1    1    1    1    1    1    1    1  1.94056E+13 0.00049 
   75   75    1    1    1    1    1    1    1    1  1.55593E+13 0.00059 
   76   76    1    1    1    1    1    1    1    1  1.28699E+13 0.00048 
   77   77    1    1    1    1    1    1    1    1  1.48540E+13 0.00061 
   78   78    1    1    1    1    1    1    1    1  1.17039E+13 0.00047 
   79   79    1    1    1    1    1    1    1    1  9.29719E+12 0.00065 
   80   80    1    1    1    1    1    1    1    1  9.57862E+12 0.00072 
   81   81    1    1    1    1    1    1    1    1  7.08740E+12 0.00088 
   82   82    1    1    1    1    1    1    1    1  5.46159E+12 0.00071 
   83   83    1    1    1    1    1    1    1    1  4.18349E+12 0.00077 
   84   84    1    1    1    1    1    1    1    1  3.91672E+12 0.00096 
   85   85    1    1    1    1    1    1    1    1  2.82193E+12 0.00132 
   86   86    1    1    1    1    1    1    1    1  2.03382E+12 0.00139 
   87   87    1    1    1    1    1    1    1    1  1.90155E+12 0.00140 
   88   88    1    1    1    1    1    1    1    1  1.17318E+12 0.00156 
   89   89    1    1    1    1    1    1    1    1  7.93455E+11 0.00204 
   90   90    1    1    1    1    1    1    1    1  4.59275E+11 0.00251 
   91   91    1    1    1    1    1    1    1    1  5.85137E+11 0.00248 
   92   92    1    1    1    1    1    1    1    1  0.00000E+00 0.00000 
   93   93    1    1    1    1    1    1    1    1  0.00000E+00 0.00000 
   94   94    1    1    1    1    1    1    1    1  0.00000E+00 0.00000 
   95   95    1    1    1    1    1    1    1    1  0.00000E+00 0.00000 
   96   96    1    1    1    1    1    1    1    1  0.00000E+00 0.00000 
   97   97    1    1    1    1    1    1    1    1  0.00000E+00 0.00000 
   98   98    1    1    1    1    1    1    1    1  0.00000E+00 0.00000 
   99   99    1    1    1    1    1    1    1    1  0.00000E+00 0.00000 
  100  100    1    1    1    1    1    1    1    1  0.00000E+00 0.00000 
];


