
DETdpaspec = [
    1    1    1    1    1    1    1    1    1    1  0.00000E+00 0.00000 
    2    2    1    1    1    1    1    1    1    1  0.00000E+00 0.00000 
    3    3    1    1    1    1    1    1    1    1  0.00000E+00 0.00000 
    4    4    1    1    1    1    1    1    1    1  0.00000E+00 0.00000 
    5    5    1    1    1    1    1    1    1    1  0.00000E+00 0.00000 
    6    6    1    1    1    1    1    1    1    1  0.00000E+00 0.00000 
    7    7    1    1    1    1    1    1    1    1  0.00000E+00 0.00000 
    8    8    1    1    1    1    1    1    1    1  0.00000E+00 0.00000 
    9    9    1    1    1    1    1    1    1    1  0.00000E+00 0.00000 
   10   10    1    1    1    1    1    1    1    1  0.00000E+00 0.00000 
   11   11    1    1    1    1    1    1    1    1  0.00000E+00 0.00000 
   12   12    1    1    1    1    1    1    1    1  0.00000E+00 0.00000 
   13   13    1    1    1    1    1    1    1    1  0.00000E+00 0.00000 
   14   14    1    1    1    1    1    1    1    1  0.00000E+00 0.00000 
   15   15    1    1    1    1    1    1    1    1  0.00000E+00 0.00000 
   16   16    1    1    1    1    1    1    1    1  0.00000E+00 0.00000 
   17   17    1    1    1    1    1    1    1    1  0.00000E+00 0.00000 
   18   18    1    1    1    1    1    1    1    1  0.00000E+00 0.00000 
   19   19    1    1    1    1    1    1    1    1  1.25060E+09 0.09029 
   20   20    1    1    1    1    1    1    1    1  1.66006E+08 0.09233 
   21   21    1    1    1    1    1    1    1    1  4.66822E+08 0.07690 
   22   22    1    1    1    1    1    1    1    1  4.20181E+08 0.06654 
   23   23    1    1    1    1    1    1    1    1  9.86173E+08 0.04010 
   24   24    1    1    1    1    1    1    1    1  1.67078E+09 0.03373 
   25   25    1    1    1    1    1    1    1    1  3.36368E+09 0.02613 
   26   26    1    1    1    1    1    1    1    1  4.92458E+09 0.02379 
   27   27    1    1    1    1    1    1    1    1  9.36609E+09 0.01864 
   28   28    1    1    1    1    1    1    1    1  2.20024E+10 0.01562 
   29   29    1    1    1    1    1    1    1    1  5.72185E+10 0.01033 
   30   30    1    1    1    1    1    1    1    1  1.05248E+11 0.00626 
   31   31    1    1    1    1    1    1    1    1  2.65719E+11 0.00421 
   32   32    1    1    1    1    1    1    1    1  7.49624E+11 0.00263 
   33   33    1    1    1    1    1    1    1    1  1.29994E+12 0.00201 
   34   34    1    1    1    1    1    1    1    1  2.98845E+12 0.00146 
   35   35    1    1    1    1    1    1    1    1  4.09235E+12 0.00110 
   36   36    1    1    1    1    1    1    1    1  4.79690E+12 0.00083 
   37   37    1    1    1    1    1    1    1    1  3.08944E+12 0.00073 
   38   38    1    1    1    1    1    1    1    1  9.23524E+11 0.00073 
   39   39    1    1    1    1    1    1    1    1  5.26282E+12 0.00061 
   40   40    1    1    1    1    1    1    1    1  7.06682E+12 0.00061 
   41   41    1    1    1    1    1    1    1    1  1.21373E+13 0.00057 
   42   42    1    1    1    1    1    1    1    1  1.19508E+13 0.00045 
   43   43    1    1    1    1    1    1    1    1  2.57134E+13 0.00036 
   44   44    1    1    1    1    1    1    1    1  3.09701E+13 0.00034 
   45   45    1    1    1    1    1    1    1    1  4.44266E+13 0.00035 
   46   46    1    1    1    1    1    1    1    1  8.80884E+13 0.00025 
   47   47    1    1    1    1    1    1    1    1  4.02953E+13 0.00027 
   48   48    1    1    1    1    1    1    1    1  6.41138E+13 0.00018 
   49   49    1    1    1    1    1    1    1    1  8.87253E+13 0.00019 
   50   50    1    1    1    1    1    1    1    1  8.65679E+13 0.00016 
   51   51    1    1    1    1    1    1    1    1  1.34837E+14 0.00018 
   52   52    1    1    1    1    1    1    1    1  1.04965E+14 0.00015 
   53   53    1    1    1    1    1    1    1    1  1.25480E+14 0.00013 
   54   54    1    1    1    1    1    1    1    1  8.62014E+13 0.00016 
   55   55    1    1    1    1    1    1    1    1  1.06171E+14 0.00016 
   56   56    1    1    1    1    1    1    1    1  7.25019E+13 0.00016 
   57   57    1    1    1    1    1    1    1    1  9.79027E+12 0.00032 
   58   58    1    1    1    1    1    1    1    1  1.42939E+14 0.00017 
   59   59    1    1    1    1    1    1    1    1  6.43885E+13 0.00023 
   60   60    1    1    1    1    1    1    1    1  6.76639E+13 0.00021 
   61   61    1    1    1    1    1    1    1    1  5.30081E+13 0.00016 
   62   62    1    1    1    1    1    1    1    1  5.28848E+13 0.00020 
   63   63    1    1    1    1    1    1    1    1  5.49694E+13 0.00023 
   64   64    1    1    1    1    1    1    1    1  4.61139E+13 0.00031 
   65   65    1    1    1    1    1    1    1    1  3.64254E+13 0.00026 
   66   66    1    1    1    1    1    1    1    1  3.59602E+13 0.00025 
   67   67    1    1    1    1    1    1    1    1  2.58377E+13 0.00036 
   68   68    1    1    1    1    1    1    1    1  2.09044E+13 0.00036 
   69   69    1    1    1    1    1    1    1    1  1.86955E+13 0.00040 
   70   70    1    1    1    1    1    1    1    1  2.23821E+13 0.00038 
   71   71    1    1    1    1    1    1    1    1  1.89356E+13 0.00032 
   72   72    1    1    1    1    1    1    1    1  3.38598E+13 0.00040 
   73   73    1    1    1    1    1    1    1    1  2.37420E+13 0.00046 
   74   74    1    1    1    1    1    1    1    1  1.78342E+13 0.00047 
   75   75    1    1    1    1    1    1    1    1  1.44188E+13 0.00061 
   76   76    1    1    1    1    1    1    1    1  1.20595E+13 0.00049 
   77   77    1    1    1    1    1    1    1    1  1.40520E+13 0.00045 
   78   78    1    1    1    1    1    1    1    1  1.11913E+13 0.00045 
   79   79    1    1    1    1    1    1    1    1  8.98058E+12 0.00062 
   80   80    1    1    1    1    1    1    1    1  9.29801E+12 0.00059 
   81   81    1    1    1    1    1    1    1    1  6.91406E+12 0.00079 
   82   82    1    1    1    1    1    1    1    1  5.33744E+12 0.00042 
   83   83    1    1    1    1    1    1    1    1  4.10972E+12 0.00111 
   84   84    1    1    1    1    1    1    1    1  3.84036E+12 0.00072 
   85   85    1    1    1    1    1    1    1    1  2.76538E+12 0.00125 
   86   86    1    1    1    1    1    1    1    1  2.00352E+12 0.00152 
   87   87    1    1    1    1    1    1    1    1  1.87232E+12 0.00156 
   88   88    1    1    1    1    1    1    1    1  1.14849E+12 0.00210 
   89   89    1    1    1    1    1    1    1    1  7.72635E+11 0.00250 
   90   90    1    1    1    1    1    1    1    1  4.48634E+11 0.00318 
   91   91    1    1    1    1    1    1    1    1  5.63792E+11 0.00283 
   92   92    1    1    1    1    1    1    1    1  0.00000E+00 0.00000 
   93   93    1    1    1    1    1    1    1    1  0.00000E+00 0.00000 
   94   94    1    1    1    1    1    1    1    1  0.00000E+00 0.00000 
   95   95    1    1    1    1    1    1    1    1  0.00000E+00 0.00000 
   96   96    1    1    1    1    1    1    1    1  0.00000E+00 0.00000 
   97   97    1    1    1    1    1    1    1    1  0.00000E+00 0.00000 
   98   98    1    1    1    1    1    1    1    1  0.00000E+00 0.00000 
   99   99    1    1    1    1    1    1    1    1  0.00000E+00 0.00000 
  100  100    1    1    1    1    1    1    1    1  0.00000E+00 0.00000 
];


