
DETdpaspec = [
    1    1    1    1    1    1    1    1    1    1  0.00000E+00 0.00000 
    2    2    1    1    1    1    1    1    1    1  0.00000E+00 0.00000 
    3    3    1    1    1    1    1    1    1    1  0.00000E+00 0.00000 
    4    4    1    1    1    1    1    1    1    1  0.00000E+00 0.00000 
    5    5    1    1    1    1    1    1    1    1  0.00000E+00 0.00000 
    6    6    1    1    1    1    1    1    1    1  0.00000E+00 0.00000 
    7    7    1    1    1    1    1    1    1    1  0.00000E+00 0.00000 
    8    8    1    1    1    1    1    1    1    1  0.00000E+00 0.00000 
    9    9    1    1    1    1    1    1    1    1  0.00000E+00 0.00000 
   10   10    1    1    1    1    1    1    1    1  0.00000E+00 0.00000 
   11   11    1    1    1    1    1    1    1    1  0.00000E+00 0.00000 
   12   12    1    1    1    1    1    1    1    1  0.00000E+00 0.00000 
   13   13    1    1    1    1    1    1    1    1  0.00000E+00 0.00000 
   14   14    1    1    1    1    1    1    1    1  0.00000E+00 0.00000 
   15   15    1    1    1    1    1    1    1    1  0.00000E+00 0.00000 
   16   16    1    1    1    1    1    1    1    1  0.00000E+00 0.00000 
   17   17    1    1    1    1    1    1    1    1  0.00000E+00 0.00000 
   18   18    1    1    1    1    1    1    1    1  0.00000E+00 0.00000 
   19   19    1    1    1    1    1    1    1    1  3.06481E+09 0.03933 
   20   20    1    1    1    1    1    1    1    1  5.70430E+08 0.05624 
   21   21    1    1    1    1    1    1    1    1  1.54343E+09 0.03647 
   22   22    1    1    1    1    1    1    1    1  1.28491E+09 0.03741 
   23   23    1    1    1    1    1    1    1    1  3.18836E+09 0.02740 
   24   24    1    1    1    1    1    1    1    1  5.52854E+09 0.02193 
   25   25    1    1    1    1    1    1    1    1  1.08638E+10 0.01888 
   26   26    1    1    1    1    1    1    1    1  1.73210E+10 0.01303 
   27   27    1    1    1    1    1    1    1    1  3.65678E+10 0.00839 
   28   28    1    1    1    1    1    1    1    1  7.78964E+10 0.00553 
   29   29    1    1    1    1    1    1    1    1  1.81793E+11 0.00430 
   30   30    1    1    1    1    1    1    1    1  2.72522E+11 0.00321 
   31   31    1    1    1    1    1    1    1    1  6.55799E+11 0.00250 
   32   32    1    1    1    1    1    1    1    1  1.58898E+12 0.00160 
   33   33    1    1    1    1    1    1    1    1  2.38520E+12 0.00113 
   34   34    1    1    1    1    1    1    1    1  4.75981E+12 0.00068 
   35   35    1    1    1    1    1    1    1    1  5.67713E+12 0.00075 
   36   36    1    1    1    1    1    1    1    1  7.70438E+12 0.00055 
   37   37    1    1    1    1    1    1    1    1  5.96564E+12 0.00043 
   38   38    1    1    1    1    1    1    1    1  1.85053E+12 0.00048 
   39   39    1    1    1    1    1    1    1    1  9.12036E+12 0.00048 
   40   40    1    1    1    1    1    1    1    1  1.12580E+13 0.00044 
   41   41    1    1    1    1    1    1    1    1  1.88712E+13 0.00045 
   42   42    1    1    1    1    1    1    1    1  1.80361E+13 0.00038 
   43   43    1    1    1    1    1    1    1    1  3.31924E+13 0.00032 
   44   44    1    1    1    1    1    1    1    1  3.65229E+13 0.00028 
   45   45    1    1    1    1    1    1    1    1  4.76060E+13 0.00028 
   46   46    1    1    1    1    1    1    1    1  8.55393E+13 0.00025 
   47   47    1    1    1    1    1    1    1    1  4.47451E+13 0.00022 
   48   48    1    1    1    1    1    1    1    1  6.45179E+13 0.00021 
   49   49    1    1    1    1    1    1    1    1  9.00883E+13 0.00020 
   50   50    1    1    1    1    1    1    1    1  8.17723E+13 0.00018 
   51   51    1    1    1    1    1    1    1    1  1.26416E+14 0.00015 
   52   52    1    1    1    1    1    1    1    1  9.91445E+13 0.00016 
   53   53    1    1    1    1    1    1    1    1  1.13220E+14 0.00018 
   54   54    1    1    1    1    1    1    1    1  8.06082E+13 0.00018 
   55   55    1    1    1    1    1    1    1    1  9.81858E+13 0.00018 
   56   56    1    1    1    1    1    1    1    1  6.95523E+13 0.00017 
   57   57    1    1    1    1    1    1    1    1  9.58321E+12 0.00034 
   58   58    1    1    1    1    1    1    1    1  1.35080E+14 0.00017 
   59   59    1    1    1    1    1    1    1    1  5.95645E+13 0.00023 
   60   60    1    1    1    1    1    1    1    1  6.46068E+13 0.00021 
   61   61    1    1    1    1    1    1    1    1  5.12840E+13 0.00019 
   62   62    1    1    1    1    1    1    1    1  5.12907E+13 0.00023 
   63   63    1    1    1    1    1    1    1    1  5.16784E+13 0.00028 
   64   64    1    1    1    1    1    1    1    1  4.31924E+13 0.00029 
   65   65    1    1    1    1    1    1    1    1  3.40207E+13 0.00031 
   66   66    1    1    1    1    1    1    1    1  3.33503E+13 0.00030 
   67   67    1    1    1    1    1    1    1    1  2.64332E+13 0.00034 
   68   68    1    1    1    1    1    1    1    1  2.17210E+13 0.00035 
   69   69    1    1    1    1    1    1    1    1  1.92065E+13 0.00038 
   70   70    1    1    1    1    1    1    1    1  2.33646E+13 0.00037 
   71   71    1    1    1    1    1    1    1    1  2.00345E+13 0.00035 
   72   72    1    1    1    1    1    1    1    1  3.73093E+13 0.00036 
   73   73    1    1    1    1    1    1    1    1  2.71082E+13 0.00042 
   74   74    1    1    1    1    1    1    1    1  2.08827E+13 0.00044 
   75   75    1    1    1    1    1    1    1    1  1.69017E+13 0.00048 
   76   76    1    1    1    1    1    1    1    1  1.38805E+13 0.00055 
   77   77    1    1    1    1    1    1    1    1  1.58955E+13 0.00045 
   78   78    1    1    1    1    1    1    1    1  1.24360E+13 0.00050 
   79   79    1    1    1    1    1    1    1    1  9.62684E+12 0.00057 
   80   80    1    1    1    1    1    1    1    1  9.95362E+12 0.00065 
   81   81    1    1    1    1    1    1    1    1  7.41644E+12 0.00061 
   82   82    1    1    1    1    1    1    1    1  5.71854E+12 0.00069 
   83   83    1    1    1    1    1    1    1    1  4.41872E+12 0.00095 
   84   84    1    1    1    1    1    1    1    1  4.13130E+12 0.00084 
   85   85    1    1    1    1    1    1    1    1  2.96670E+12 0.00107 
   86   86    1    1    1    1    1    1    1    1  2.14590E+12 0.00112 
   87   87    1    1    1    1    1    1    1    1  2.00979E+12 0.00158 
   88   88    1    1    1    1    1    1    1    1  1.24231E+12 0.00161 
   89   89    1    1    1    1    1    1    1    1  8.40722E+11 0.00248 
   90   90    1    1    1    1    1    1    1    1  4.87113E+11 0.00279 
   91   91    1    1    1    1    1    1    1    1  6.21223E+11 0.00223 
   92   92    1    1    1    1    1    1    1    1  0.00000E+00 0.00000 
   93   93    1    1    1    1    1    1    1    1  0.00000E+00 0.00000 
   94   94    1    1    1    1    1    1    1    1  0.00000E+00 0.00000 
   95   95    1    1    1    1    1    1    1    1  0.00000E+00 0.00000 
   96   96    1    1    1    1    1    1    1    1  0.00000E+00 0.00000 
   97   97    1    1    1    1    1    1    1    1  0.00000E+00 0.00000 
   98   98    1    1    1    1    1    1    1    1  0.00000E+00 0.00000 
   99   99    1    1    1    1    1    1    1    1  0.00000E+00 0.00000 
  100  100    1    1    1    1    1    1    1    1  0.00000E+00 0.00000 
];


