
DETdpaspec = [
    1    1    1    1    1    1    1    1    1    1  0.00000E+00 0.00000 
    2    2    1    1    1    1    1    1    1    1  0.00000E+00 0.00000 
    3    3    1    1    1    1    1    1    1    1  0.00000E+00 0.00000 
    4    4    1    1    1    1    1    1    1    1  0.00000E+00 0.00000 
    5    5    1    1    1    1    1    1    1    1  0.00000E+00 0.00000 
    6    6    1    1    1    1    1    1    1    1  0.00000E+00 0.00000 
    7    7    1    1    1    1    1    1    1    1  0.00000E+00 0.00000 
    8    8    1    1    1    1    1    1    1    1  0.00000E+00 0.00000 
    9    9    1    1    1    1    1    1    1    1  0.00000E+00 0.00000 
   10   10    1    1    1    1    1    1    1    1  0.00000E+00 0.00000 
   11   11    1    1    1    1    1    1    1    1  0.00000E+00 0.00000 
   12   12    1    1    1    1    1    1    1    1  0.00000E+00 0.00000 
   13   13    1    1    1    1    1    1    1    1  0.00000E+00 0.00000 
   14   14    1    1    1    1    1    1    1    1  0.00000E+00 0.00000 
   15   15    1    1    1    1    1    1    1    1  0.00000E+00 0.00000 
   16   16    1    1    1    1    1    1    1    1  0.00000E+00 0.00000 
   17   17    1    1    1    1    1    1    1    1  0.00000E+00 0.00000 
   18   18    1    1    1    1    1    1    1    1  0.00000E+00 0.00000 
   19   19    1    1    1    1    1    1    1    1  2.26338E+09 0.06738 
   20   20    1    1    1    1    1    1    1    1  3.14865E+08 0.07716 
   21   21    1    1    1    1    1    1    1    1  9.30914E+08 0.06098 
   22   22    1    1    1    1    1    1    1    1  9.25553E+08 0.05563 
   23   23    1    1    1    1    1    1    1    1  2.68269E+09 0.03447 
   24   24    1    1    1    1    1    1    1    1  8.52658E+09 0.01719 
   25   25    1    1    1    1    1    1    1    1  2.37500E+10 0.01263 
   26   26    1    1    1    1    1    1    1    1  4.26237E+10 0.00961 
   27   27    1    1    1    1    1    1    1    1  9.08622E+10 0.00606 
   28   28    1    1    1    1    1    1    1    1  1.84420E+11 0.00360 
   29   29    1    1    1    1    1    1    1    1  4.02559E+11 0.00256 
   30   30    1    1    1    1    1    1    1    1  6.11630E+11 0.00215 
   31   31    1    1    1    1    1    1    1    1  1.18357E+12 0.00165 
   32   32    1    1    1    1    1    1    1    1  2.53256E+12 0.00098 
   33   33    1    1    1    1    1    1    1    1  3.51124E+12 0.00094 
   34   34    1    1    1    1    1    1    1    1  6.55117E+12 0.00072 
   35   35    1    1    1    1    1    1    1    1  7.81178E+12 0.00070 
   36   36    1    1    1    1    1    1    1    1  9.36725E+12 0.00058 
   37   37    1    1    1    1    1    1    1    1  6.84230E+12 0.00046 
   38   38    1    1    1    1    1    1    1    1  2.04763E+12 0.00065 
   39   39    1    1    1    1    1    1    1    1  1.02767E+13 0.00048 
   40   40    1    1    1    1    1    1    1    1  1.25405E+13 0.00049 
   41   41    1    1    1    1    1    1    1    1  2.10552E+13 0.00034 
   42   42    1    1    1    1    1    1    1    1  1.93963E+13 0.00034 
   43   43    1    1    1    1    1    1    1    1  3.58881E+13 0.00035 
   44   44    1    1    1    1    1    1    1    1  3.90855E+13 0.00031 
   45   45    1    1    1    1    1    1    1    1  5.04950E+13 0.00025 
   46   46    1    1    1    1    1    1    1    1  9.00681E+13 0.00023 
   47   47    1    1    1    1    1    1    1    1  4.63981E+13 0.00020 
   48   48    1    1    1    1    1    1    1    1  6.59044E+13 0.00021 
   49   49    1    1    1    1    1    1    1    1  9.14200E+13 0.00020 
   50   50    1    1    1    1    1    1    1    1  8.15899E+13 0.00021 
   51   51    1    1    1    1    1    1    1    1  1.26770E+14 0.00015 
   52   52    1    1    1    1    1    1    1    1  9.73062E+13 0.00020 
   53   53    1    1    1    1    1    1    1    1  1.11975E+14 0.00015 
   54   54    1    1    1    1    1    1    1    1  7.88908E+13 0.00017 
   55   55    1    1    1    1    1    1    1    1  9.70714E+13 0.00018 
   56   56    1    1    1    1    1    1    1    1  6.82171E+13 0.00015 
   57   57    1    1    1    1    1    1    1    1  9.33523E+12 0.00033 
   58   58    1    1    1    1    1    1    1    1  1.31659E+14 0.00019 
   59   59    1    1    1    1    1    1    1    1  5.88901E+13 0.00019 
   60   60    1    1    1    1    1    1    1    1  6.31299E+13 0.00024 
   61   61    1    1    1    1    1    1    1    1  5.06294E+13 0.00019 
   62   62    1    1    1    1    1    1    1    1  5.03720E+13 0.00026 
   63   63    1    1    1    1    1    1    1    1  5.07391E+13 0.00021 
   64   64    1    1    1    1    1    1    1    1  4.23801E+13 0.00031 
   65   65    1    1    1    1    1    1    1    1  3.32660E+13 0.00030 
   66   66    1    1    1    1    1    1    1    1  3.24423E+13 0.00030 
   67   67    1    1    1    1    1    1    1    1  2.56531E+13 0.00031 
   68   68    1    1    1    1    1    1    1    1  2.09359E+13 0.00036 
   69   69    1    1    1    1    1    1    1    1  1.84147E+13 0.00037 
   70   70    1    1    1    1    1    1    1    1  2.23549E+13 0.00035 
   71   71    1    1    1    1    1    1    1    1  1.90548E+13 0.00036 
   72   72    1    1    1    1    1    1    1    1  3.47516E+13 0.00031 
   73   73    1    1    1    1    1    1    1    1  2.49686E+13 0.00035 
   74   74    1    1    1    1    1    1    1    1  1.92107E+13 0.00045 
   75   75    1    1    1    1    1    1    1    1  1.56752E+13 0.00047 
   76   76    1    1    1    1    1    1    1    1  1.30161E+13 0.00046 
   77   77    1    1    1    1    1    1    1    1  1.50759E+13 0.00048 
   78   78    1    1    1    1    1    1    1    1  1.19396E+13 0.00059 
   79   79    1    1    1    1    1    1    1    1  9.33167E+12 0.00048 
   80   80    1    1    1    1    1    1    1    1  9.71392E+12 0.00050 
   81   81    1    1    1    1    1    1    1    1  7.26970E+12 0.00058 
   82   82    1    1    1    1    1    1    1    1  5.63742E+12 0.00068 
   83   83    1    1    1    1    1    1    1    1  4.34594E+12 0.00069 
   84   84    1    1    1    1    1    1    1    1  4.07394E+12 0.00101 
   85   85    1    1    1    1    1    1    1    1  2.93845E+12 0.00118 
   86   86    1    1    1    1    1    1    1    1  2.12156E+12 0.00127 
   87   87    1    1    1    1    1    1    1    1  1.98754E+12 0.00128 
   88   88    1    1    1    1    1    1    1    1  1.22107E+12 0.00181 
   89   89    1    1    1    1    1    1    1    1  8.24156E+11 0.00221 
   90   90    1    1    1    1    1    1    1    1  4.74922E+11 0.00300 
   91   91    1    1    1    1    1    1    1    1  5.98851E+11 0.00266 
   92   92    1    1    1    1    1    1    1    1  0.00000E+00 0.00000 
   93   93    1    1    1    1    1    1    1    1  0.00000E+00 0.00000 
   94   94    1    1    1    1    1    1    1    1  0.00000E+00 0.00000 
   95   95    1    1    1    1    1    1    1    1  0.00000E+00 0.00000 
   96   96    1    1    1    1    1    1    1    1  0.00000E+00 0.00000 
   97   97    1    1    1    1    1    1    1    1  0.00000E+00 0.00000 
   98   98    1    1    1    1    1    1    1    1  0.00000E+00 0.00000 
   99   99    1    1    1    1    1    1    1    1  0.00000E+00 0.00000 
  100  100    1    1    1    1    1    1    1    1  0.00000E+00 0.00000 
];


