
DETdpaspec = [
    1    1    1    1    1    1    1    1    1    1  0.00000E+00 0.00000 
    2    2    1    1    1    1    1    1    1    1  0.00000E+00 0.00000 
    3    3    1    1    1    1    1    1    1    1  0.00000E+00 0.00000 
    4    4    1    1    1    1    1    1    1    1  0.00000E+00 0.00000 
    5    5    1    1    1    1    1    1    1    1  0.00000E+00 0.00000 
    6    6    1    1    1    1    1    1    1    1  0.00000E+00 0.00000 
    7    7    1    1    1    1    1    1    1    1  0.00000E+00 0.00000 
    8    8    1    1    1    1    1    1    1    1  0.00000E+00 0.00000 
    9    9    1    1    1    1    1    1    1    1  0.00000E+00 0.00000 
   10   10    1    1    1    1    1    1    1    1  0.00000E+00 0.00000 
   11   11    1    1    1    1    1    1    1    1  0.00000E+00 0.00000 
   12   12    1    1    1    1    1    1    1    1  0.00000E+00 0.00000 
   13   13    1    1    1    1    1    1    1    1  0.00000E+00 0.00000 
   14   14    1    1    1    1    1    1    1    1  0.00000E+00 0.00000 
   15   15    1    1    1    1    1    1    1    1  0.00000E+00 0.00000 
   16   16    1    1    1    1    1    1    1    1  0.00000E+00 0.00000 
   17   17    1    1    1    1    1    1    1    1  0.00000E+00 0.00000 
   18   18    1    1    1    1    1    1    1    1  0.00000E+00 0.00000 
   19   19    1    1    1    1    1    1    1    1  3.55851E+09 0.03414 
   20   20    1    1    1    1    1    1    1    1  7.01025E+08 0.04917 
   21   21    1    1    1    1    1    1    1    1  2.06517E+09 0.04262 
   22   22    1    1    1    1    1    1    1    1  1.64605E+09 0.02334 
   23   23    1    1    1    1    1    1    1    1  4.42654E+09 0.02191 
   24   24    1    1    1    1    1    1    1    1  6.70513E+09 0.01548 
   25   25    1    1    1    1    1    1    1    1  1.24512E+10 0.01483 
   26   26    1    1    1    1    1    1    1    1  1.82796E+10 0.01117 
   27   27    1    1    1    1    1    1    1    1  3.77246E+10 0.00887 
   28   28    1    1    1    1    1    1    1    1  7.97563E+10 0.00630 
   29   29    1    1    1    1    1    1    1    1  1.78726E+11 0.00397 
   30   30    1    1    1    1    1    1    1    1  2.58151E+11 0.00255 
   31   31    1    1    1    1    1    1    1    1  6.47152E+11 0.00220 
   32   32    1    1    1    1    1    1    1    1  1.56877E+12 0.00157 
   33   33    1    1    1    1    1    1    1    1  2.37031E+12 0.00129 
   34   34    1    1    1    1    1    1    1    1  4.72563E+12 0.00097 
   35   35    1    1    1    1    1    1    1    1  5.55220E+12 0.00072 
   36   36    1    1    1    1    1    1    1    1  7.74402E+12 0.00057 
   37   37    1    1    1    1    1    1    1    1  6.04310E+12 0.00055 
   38   38    1    1    1    1    1    1    1    1  1.89060E+12 0.00050 
   39   39    1    1    1    1    1    1    1    1  9.23511E+12 0.00053 
   40   40    1    1    1    1    1    1    1    1  1.13962E+13 0.00045 
   41   41    1    1    1    1    1    1    1    1  1.89792E+13 0.00033 
   42   42    1    1    1    1    1    1    1    1  1.82984E+13 0.00033 
   43   43    1    1    1    1    1    1    1    1  3.34366E+13 0.00028 
   44   44    1    1    1    1    1    1    1    1  3.67510E+13 0.00029 
   45   45    1    1    1    1    1    1    1    1  4.78535E+13 0.00022 
   46   46    1    1    1    1    1    1    1    1  8.55926E+13 0.00023 
   47   47    1    1    1    1    1    1    1    1  4.48453E+13 0.00024 
   48   48    1    1    1    1    1    1    1    1  6.48775E+13 0.00022 
   49   49    1    1    1    1    1    1    1    1  9.04518E+13 0.00019 
   50   50    1    1    1    1    1    1    1    1  8.24329E+13 0.00020 
   51   51    1    1    1    1    1    1    1    1  1.26673E+14 0.00015 
   52   52    1    1    1    1    1    1    1    1  9.98872E+13 0.00014 
   53   53    1    1    1    1    1    1    1    1  1.13443E+14 0.00017 
   54   54    1    1    1    1    1    1    1    1  8.09763E+13 0.00013 
   55   55    1    1    1    1    1    1    1    1  9.80584E+13 0.00011 
   56   56    1    1    1    1    1    1    1    1  6.95966E+13 0.00017 
   57   57    1    1    1    1    1    1    1    1  9.60329E+12 0.00029 
   58   58    1    1    1    1    1    1    1    1  1.35232E+14 0.00016 
   59   59    1    1    1    1    1    1    1    1  5.92281E+13 0.00019 
   60   60    1    1    1    1    1    1    1    1  6.44283E+13 0.00024 
   61   61    1    1    1    1    1    1    1    1  5.08897E+13 0.00022 
   62   62    1    1    1    1    1    1    1    1  5.09630E+13 0.00022 
   63   63    1    1    1    1    1    1    1    1  5.12529E+13 0.00027 
   64   64    1    1    1    1    1    1    1    1  4.27826E+13 0.00021 
   65   65    1    1    1    1    1    1    1    1  3.37339E+13 0.00028 
   66   66    1    1    1    1    1    1    1    1  3.31162E+13 0.00030 
   67   67    1    1    1    1    1    1    1    1  2.62198E+13 0.00033 
   68   68    1    1    1    1    1    1    1    1  2.15959E+13 0.00034 
   69   69    1    1    1    1    1    1    1    1  1.91089E+13 0.00041 
   70   70    1    1    1    1    1    1    1    1  2.32393E+13 0.00038 
   71   71    1    1    1    1    1    1    1    1  1.99554E+13 0.00048 
   72   72    1    1    1    1    1    1    1    1  3.73927E+13 0.00038 
   73   73    1    1    1    1    1    1    1    1  2.72400E+13 0.00040 
   74   74    1    1    1    1    1    1    1    1  2.09742E+13 0.00044 
   75   75    1    1    1    1    1    1    1    1  1.68756E+13 0.00036 
   76   76    1    1    1    1    1    1    1    1  1.38019E+13 0.00049 
   77   77    1    1    1    1    1    1    1    1  1.57498E+13 0.00052 
   78   78    1    1    1    1    1    1    1    1  1.22630E+13 0.00046 
   79   79    1    1    1    1    1    1    1    1  9.45532E+12 0.00053 
   80   80    1    1    1    1    1    1    1    1  9.74728E+12 0.00065 
   81   81    1    1    1    1    1    1    1    1  7.25359E+12 0.00065 
   82   82    1    1    1    1    1    1    1    1  5.59335E+12 0.00079 
   83   83    1    1    1    1    1    1    1    1  4.31008E+12 0.00091 
   84   84    1    1    1    1    1    1    1    1  4.02652E+12 0.00102 
   85   85    1    1    1    1    1    1    1    1  2.89302E+12 0.00113 
   86   86    1    1    1    1    1    1    1    1  2.08617E+12 0.00128 
   87   87    1    1    1    1    1    1    1    1  1.95228E+12 0.00141 
   88   88    1    1    1    1    1    1    1    1  1.20482E+12 0.00132 
   89   89    1    1    1    1    1    1    1    1  8.19550E+11 0.00186 
   90   90    1    1    1    1    1    1    1    1  4.73899E+11 0.00299 
   91   91    1    1    1    1    1    1    1    1  6.06677E+11 0.00249 
   92   92    1    1    1    1    1    1    1    1  0.00000E+00 0.00000 
   93   93    1    1    1    1    1    1    1    1  0.00000E+00 0.00000 
   94   94    1    1    1    1    1    1    1    1  0.00000E+00 0.00000 
   95   95    1    1    1    1    1    1    1    1  0.00000E+00 0.00000 
   96   96    1    1    1    1    1    1    1    1  0.00000E+00 0.00000 
   97   97    1    1    1    1    1    1    1    1  0.00000E+00 0.00000 
   98   98    1    1    1    1    1    1    1    1  0.00000E+00 0.00000 
   99   99    1    1    1    1    1    1    1    1  0.00000E+00 0.00000 
  100  100    1    1    1    1    1    1    1    1  0.00000E+00 0.00000 
];


