
DETdpaspec = [
    1    1    1    1    1    1    1    1    1    1  0.00000E+00 0.00000 
    2    2    1    1    1    1    1    1    1    1  0.00000E+00 0.00000 
    3    3    1    1    1    1    1    1    1    1  0.00000E+00 0.00000 
    4    4    1    1    1    1    1    1    1    1  0.00000E+00 0.00000 
    5    5    1    1    1    1    1    1    1    1  0.00000E+00 0.00000 
    6    6    1    1    1    1    1    1    1    1  0.00000E+00 0.00000 
    7    7    1    1    1    1    1    1    1    1  0.00000E+00 0.00000 
    8    8    1    1    1    1    1    1    1    1  0.00000E+00 0.00000 
    9    9    1    1    1    1    1    1    1    1  0.00000E+00 0.00000 
   10   10    1    1    1    1    1    1    1    1  0.00000E+00 0.00000 
   11   11    1    1    1    1    1    1    1    1  0.00000E+00 0.00000 
   12   12    1    1    1    1    1    1    1    1  0.00000E+00 0.00000 
   13   13    1    1    1    1    1    1    1    1  0.00000E+00 0.00000 
   14   14    1    1    1    1    1    1    1    1  0.00000E+00 0.00000 
   15   15    1    1    1    1    1    1    1    1  0.00000E+00 0.00000 
   16   16    1    1    1    1    1    1    1    1  0.00000E+00 0.00000 
   17   17    1    1    1    1    1    1    1    1  0.00000E+00 0.00000 
   18   18    1    1    1    1    1    1    1    1  0.00000E+00 0.00000 
   19   19    1    1    1    1    1    1    1    1  1.86799E+09 0.08205 
   20   20    1    1    1    1    1    1    1    1  3.07249E+08 0.06482 
   21   21    1    1    1    1    1    1    1    1  9.42901E+08 0.05339 
   22   22    1    1    1    1    1    1    1    1  9.19693E+08 0.04223 
   23   23    1    1    1    1    1    1    1    1  2.63113E+09 0.03377 
   24   24    1    1    1    1    1    1    1    1  7.65510E+09 0.01784 
   25   25    1    1    1    1    1    1    1    1  2.15047E+10 0.01295 
   26   26    1    1    1    1    1    1    1    1  3.92031E+10 0.00895 
   27   27    1    1    1    1    1    1    1    1  8.42576E+10 0.00621 
   28   28    1    1    1    1    1    1    1    1  1.71215E+11 0.00351 
   29   29    1    1    1    1    1    1    1    1  3.79740E+11 0.00281 
   30   30    1    1    1    1    1    1    1    1  5.77978E+11 0.00217 
   31   31    1    1    1    1    1    1    1    1  1.13029E+12 0.00163 
   32   32    1    1    1    1    1    1    1    1  2.43736E+12 0.00132 
   33   33    1    1    1    1    1    1    1    1  3.40146E+12 0.00110 
   34   34    1    1    1    1    1    1    1    1  6.37753E+12 0.00070 
   35   35    1    1    1    1    1    1    1    1  7.62640E+12 0.00063 
   36   36    1    1    1    1    1    1    1    1  9.19788E+12 0.00060 
   37   37    1    1    1    1    1    1    1    1  6.74577E+12 0.00055 
   38   38    1    1    1    1    1    1    1    1  2.02304E+12 0.00048 
   39   39    1    1    1    1    1    1    1    1  1.01465E+13 0.00040 
   40   40    1    1    1    1    1    1    1    1  1.24009E+13 0.00043 
   41   41    1    1    1    1    1    1    1    1  2.08361E+13 0.00039 
   42   42    1    1    1    1    1    1    1    1  1.92267E+13 0.00035 
   43   43    1    1    1    1    1    1    1    1  3.56021E+13 0.00033 
   44   44    1    1    1    1    1    1    1    1  3.88184E+13 0.00031 
   45   45    1    1    1    1    1    1    1    1  5.01827E+13 0.00025 
   46   46    1    1    1    1    1    1    1    1  8.95969E+13 0.00025 
   47   47    1    1    1    1    1    1    1    1  4.62204E+13 0.00020 
   48   48    1    1    1    1    1    1    1    1  6.56957E+13 0.00019 
   49   49    1    1    1    1    1    1    1    1  9.12399E+13 0.00017 
   50   50    1    1    1    1    1    1    1    1  8.15116E+13 0.00020 
   51   51    1    1    1    1    1    1    1    1  1.26699E+14 0.00016 
   52   52    1    1    1    1    1    1    1    1  9.73993E+13 0.00015 
   53   53    1    1    1    1    1    1    1    1  1.12064E+14 0.00016 
   54   54    1    1    1    1    1    1    1    1  7.90324E+13 0.00017 
   55   55    1    1    1    1    1    1    1    1  9.71774E+13 0.00017 
   56   56    1    1    1    1    1    1    1    1  6.83395E+13 0.00017 
   57   57    1    1    1    1    1    1    1    1  9.35788E+12 0.00038 
   58   58    1    1    1    1    1    1    1    1  1.31950E+14 0.00016 
   59   59    1    1    1    1    1    1    1    1  5.90273E+13 0.00024 
   60   60    1    1    1    1    1    1    1    1  6.32935E+13 0.00021 
   61   61    1    1    1    1    1    1    1    1  5.07628E+13 0.00026 
   62   62    1    1    1    1    1    1    1    1  5.05350E+13 0.00022 
   63   63    1    1    1    1    1    1    1    1  5.09107E+13 0.00028 
   64   64    1    1    1    1    1    1    1    1  4.25270E+13 0.00028 
   65   65    1    1    1    1    1    1    1    1  3.33838E+13 0.00032 
   66   66    1    1    1    1    1    1    1    1  3.25497E+13 0.00030 
   67   67    1    1    1    1    1    1    1    1  2.57684E+13 0.00031 
   68   68    1    1    1    1    1    1    1    1  2.10184E+13 0.00033 
   69   69    1    1    1    1    1    1    1    1  1.84965E+13 0.00042 
   70   70    1    1    1    1    1    1    1    1  2.24637E+13 0.00039 
   71   71    1    1    1    1    1    1    1    1  1.91715E+13 0.00048 
   72   72    1    1    1    1    1    1    1    1  3.49780E+13 0.00034 
   73   73    1    1    1    1    1    1    1    1  2.51539E+13 0.00032 
   74   74    1    1    1    1    1    1    1    1  1.93464E+13 0.00039 
   75   75    1    1    1    1    1    1    1    1  1.57893E+13 0.00044 
   76   76    1    1    1    1    1    1    1    1  1.31162E+13 0.00055 
   77   77    1    1    1    1    1    1    1    1  1.51647E+13 0.00052 
   78   78    1    1    1    1    1    1    1    1  1.20151E+13 0.00049 
   79   79    1    1    1    1    1    1    1    1  9.38010E+12 0.00050 
   80   80    1    1    1    1    1    1    1    1  9.76436E+12 0.00064 
   81   81    1    1    1    1    1    1    1    1  7.30468E+12 0.00065 
   82   82    1    1    1    1    1    1    1    1  5.66698E+12 0.00082 
   83   83    1    1    1    1    1    1    1    1  4.37325E+12 0.00078 
   84   84    1    1    1    1    1    1    1    1  4.09581E+12 0.00088 
   85   85    1    1    1    1    1    1    1    1  2.95086E+12 0.00110 
   86   86    1    1    1    1    1    1    1    1  2.13619E+12 0.00137 
   87   87    1    1    1    1    1    1    1    1  1.99902E+12 0.00157 
   88   88    1    1    1    1    1    1    1    1  1.22512E+12 0.00175 
   89   89    1    1    1    1    1    1    1    1  8.27012E+11 0.00215 
   90   90    1    1    1    1    1    1    1    1  4.76366E+11 0.00262 
   91   91    1    1    1    1    1    1    1    1  6.02847E+11 0.00239 
   92   92    1    1    1    1    1    1    1    1  0.00000E+00 0.00000 
   93   93    1    1    1    1    1    1    1    1  0.00000E+00 0.00000 
   94   94    1    1    1    1    1    1    1    1  0.00000E+00 0.00000 
   95   95    1    1    1    1    1    1    1    1  0.00000E+00 0.00000 
   96   96    1    1    1    1    1    1    1    1  0.00000E+00 0.00000 
   97   97    1    1    1    1    1    1    1    1  0.00000E+00 0.00000 
   98   98    1    1    1    1    1    1    1    1  0.00000E+00 0.00000 
   99   99    1    1    1    1    1    1    1    1  0.00000E+00 0.00000 
  100  100    1    1    1    1    1    1    1    1  0.00000E+00 0.00000 
];


