
DETdpaspec = [
    1    1    1    1    1    1    1    1    1    1  0.00000E+00 0.00000 
    2    2    1    1    1    1    1    1    1    1  0.00000E+00 0.00000 
    3    3    1    1    1    1    1    1    1    1  0.00000E+00 0.00000 
    4    4    1    1    1    1    1    1    1    1  0.00000E+00 0.00000 
    5    5    1    1    1    1    1    1    1    1  0.00000E+00 0.00000 
    6    6    1    1    1    1    1    1    1    1  0.00000E+00 0.00000 
    7    7    1    1    1    1    1    1    1    1  0.00000E+00 0.00000 
    8    8    1    1    1    1    1    1    1    1  0.00000E+00 0.00000 
    9    9    1    1    1    1    1    1    1    1  0.00000E+00 0.00000 
   10   10    1    1    1    1    1    1    1    1  0.00000E+00 0.00000 
   11   11    1    1    1    1    1    1    1    1  0.00000E+00 0.00000 
   12   12    1    1    1    1    1    1    1    1  0.00000E+00 0.00000 
   13   13    1    1    1    1    1    1    1    1  0.00000E+00 0.00000 
   14   14    1    1    1    1    1    1    1    1  0.00000E+00 0.00000 
   15   15    1    1    1    1    1    1    1    1  0.00000E+00 0.00000 
   16   16    1    1    1    1    1    1    1    1  0.00000E+00 0.00000 
   17   17    1    1    1    1    1    1    1    1  0.00000E+00 0.00000 
   18   18    1    1    1    1    1    1    1    1  0.00000E+00 0.00000 
   19   19    1    1    1    1    1    1    1    1  3.28519E+09 0.04112 
   20   20    1    1    1    1    1    1    1    1  5.77212E+08 0.04956 
   21   21    1    1    1    1    1    1    1    1  1.69697E+09 0.03102 
   22   22    1    1    1    1    1    1    1    1  1.41159E+09 0.03692 
   23   23    1    1    1    1    1    1    1    1  3.40938E+09 0.02530 
   24   24    1    1    1    1    1    1    1    1  5.90740E+09 0.02090 
   25   25    1    1    1    1    1    1    1    1  1.08458E+10 0.01810 
   26   26    1    1    1    1    1    1    1    1  1.73472E+10 0.01062 
   27   27    1    1    1    1    1    1    1    1  3.62472E+10 0.00815 
   28   28    1    1    1    1    1    1    1    1  7.71486E+10 0.00419 
   29   29    1    1    1    1    1    1    1    1  1.79827E+11 0.00342 
   30   30    1    1    1    1    1    1    1    1  2.68766E+11 0.00282 
   31   31    1    1    1    1    1    1    1    1  6.51233E+11 0.00257 
   32   32    1    1    1    1    1    1    1    1  1.57566E+12 0.00165 
   33   33    1    1    1    1    1    1    1    1  2.37017E+12 0.00147 
   34   34    1    1    1    1    1    1    1    1  4.73537E+12 0.00085 
   35   35    1    1    1    1    1    1    1    1  5.63324E+12 0.00062 
   36   36    1    1    1    1    1    1    1    1  7.68823E+12 0.00052 
   37   37    1    1    1    1    1    1    1    1  5.96746E+12 0.00061 
   38   38    1    1    1    1    1    1    1    1  1.85393E+12 0.00059 
   39   39    1    1    1    1    1    1    1    1  9.12381E+12 0.00056 
   40   40    1    1    1    1    1    1    1    1  1.12587E+13 0.00049 
   41   41    1    1    1    1    1    1    1    1  1.88618E+13 0.00042 
   42   42    1    1    1    1    1    1    1    1  1.80584E+13 0.00042 
   43   43    1    1    1    1    1    1    1    1  3.31884E+13 0.00032 
   44   44    1    1    1    1    1    1    1    1  3.65198E+13 0.00030 
   45   45    1    1    1    1    1    1    1    1  4.76050E+13 0.00026 
   46   46    1    1    1    1    1    1    1    1  8.54936E+13 0.00020 
   47   47    1    1    1    1    1    1    1    1  4.47535E+13 0.00021 
   48   48    1    1    1    1    1    1    1    1  6.45807E+13 0.00023 
   49   49    1    1    1    1    1    1    1    1  9.01483E+13 0.00016 
   50   50    1    1    1    1    1    1    1    1  8.18820E+13 0.00020 
   51   51    1    1    1    1    1    1    1    1  1.26458E+14 0.00018 
   52   52    1    1    1    1    1    1    1    1  9.92705E+13 0.00021 
   53   53    1    1    1    1    1    1    1    1  1.13262E+14 0.00017 
   54   54    1    1    1    1    1    1    1    1  8.06883E+13 0.00017 
   55   55    1    1    1    1    1    1    1    1  9.81888E+13 0.00020 
   56   56    1    1    1    1    1    1    1    1  6.95766E+13 0.00021 
   57   57    1    1    1    1    1    1    1    1  9.58898E+12 0.00037 
   58   58    1    1    1    1    1    1    1    1  1.35145E+14 0.00014 
   59   59    1    1    1    1    1    1    1    1  5.95219E+13 0.00026 
   60   60    1    1    1    1    1    1    1    1  6.46169E+13 0.00024 
   61   61    1    1    1    1    1    1    1    1  5.12328E+13 0.00022 
   62   62    1    1    1    1    1    1    1    1  5.12634E+13 0.00020 
   63   63    1    1    1    1    1    1    1    1  5.16175E+13 0.00021 
   64   64    1    1    1    1    1    1    1    1  4.31429E+13 0.00023 
   65   65    1    1    1    1    1    1    1    1  3.39793E+13 0.00034 
   66   66    1    1    1    1    1    1    1    1  3.33191E+13 0.00030 
   67   67    1    1    1    1    1    1    1    1  2.64037E+13 0.00031 
   68   68    1    1    1    1    1    1    1    1  2.17235E+13 0.00033 
   69   69    1    1    1    1    1    1    1    1  1.92046E+13 0.00035 
   70   70    1    1    1    1    1    1    1    1  2.33554E+13 0.00037 
   71   71    1    1    1    1    1    1    1    1  2.00433E+13 0.00042 
   72   72    1    1    1    1    1    1    1    1  3.73151E+13 0.00033 
   73   73    1    1    1    1    1    1    1    1  2.71347E+13 0.00036 
   74   74    1    1    1    1    1    1    1    1  2.09081E+13 0.00035 
   75   75    1    1    1    1    1    1    1    1  1.68962E+13 0.00049 
   76   76    1    1    1    1    1    1    1    1  1.38677E+13 0.00050 
   77   77    1    1    1    1    1    1    1    1  1.58759E+13 0.00053 
   78   78    1    1    1    1    1    1    1    1  1.24055E+13 0.00056 
   79   79    1    1    1    1    1    1    1    1  9.60800E+12 0.00056 
   80   80    1    1    1    1    1    1    1    1  9.92491E+12 0.00060 
   81   81    1    1    1    1    1    1    1    1  7.40020E+12 0.00058 
   82   82    1    1    1    1    1    1    1    1  5.70803E+12 0.00079 
   83   83    1    1    1    1    1    1    1    1  4.40357E+12 0.00084 
   84   84    1    1    1    1    1    1    1    1  4.11900E+12 0.00092 
   85   85    1    1    1    1    1    1    1    1  2.95902E+12 0.00114 
   86   86    1    1    1    1    1    1    1    1  2.13668E+12 0.00104 
   87   87    1    1    1    1    1    1    1    1  2.00130E+12 0.00120 
   88   88    1    1    1    1    1    1    1    1  1.23953E+12 0.00155 
   89   89    1    1    1    1    1    1    1    1  8.36710E+11 0.00220 
   90   90    1    1    1    1    1    1    1    1  4.84065E+11 0.00298 
   91   91    1    1    1    1    1    1    1    1  6.17747E+11 0.00177 
   92   92    1    1    1    1    1    1    1    1  0.00000E+00 0.00000 
   93   93    1    1    1    1    1    1    1    1  0.00000E+00 0.00000 
   94   94    1    1    1    1    1    1    1    1  0.00000E+00 0.00000 
   95   95    1    1    1    1    1    1    1    1  0.00000E+00 0.00000 
   96   96    1    1    1    1    1    1    1    1  0.00000E+00 0.00000 
   97   97    1    1    1    1    1    1    1    1  0.00000E+00 0.00000 
   98   98    1    1    1    1    1    1    1    1  0.00000E+00 0.00000 
   99   99    1    1    1    1    1    1    1    1  0.00000E+00 0.00000 
  100  100    1    1    1    1    1    1    1    1  0.00000E+00 0.00000 
];


