
DETdpaspec = [
    1    1    1    1    1    1    1    1    1    1  0.00000E+00 0.00000 
    2    2    1    1    1    1    1    1    1    1  0.00000E+00 0.00000 
    3    3    1    1    1    1    1    1    1    1  0.00000E+00 0.00000 
    4    4    1    1    1    1    1    1    1    1  0.00000E+00 0.00000 
    5    5    1    1    1    1    1    1    1    1  0.00000E+00 0.00000 
    6    6    1    1    1    1    1    1    1    1  0.00000E+00 0.00000 
    7    7    1    1    1    1    1    1    1    1  0.00000E+00 0.00000 
    8    8    1    1    1    1    1    1    1    1  0.00000E+00 0.00000 
    9    9    1    1    1    1    1    1    1    1  0.00000E+00 0.00000 
   10   10    1    1    1    1    1    1    1    1  0.00000E+00 0.00000 
   11   11    1    1    1    1    1    1    1    1  0.00000E+00 0.00000 
   12   12    1    1    1    1    1    1    1    1  0.00000E+00 0.00000 
   13   13    1    1    1    1    1    1    1    1  0.00000E+00 0.00000 
   14   14    1    1    1    1    1    1    1    1  0.00000E+00 0.00000 
   15   15    1    1    1    1    1    1    1    1  0.00000E+00 0.00000 
   16   16    1    1    1    1    1    1    1    1  0.00000E+00 0.00000 
   17   17    1    1    1    1    1    1    1    1  0.00000E+00 0.00000 
   18   18    1    1    1    1    1    1    1    1  0.00000E+00 0.00000 
   19   19    1    1    1    1    1    1    1    1  2.45412E+09 0.04632 
   20   20    1    1    1    1    1    1    1    1  4.22708E+08 0.06592 
   21   21    1    1    1    1    1    1    1    1  1.35858E+09 0.04180 
   22   22    1    1    1    1    1    1    1    1  1.07097E+09 0.03981 
   23   23    1    1    1    1    1    1    1    1  2.57483E+09 0.02641 
   24   24    1    1    1    1    1    1    1    1  5.14354E+09 0.02241 
   25   25    1    1    1    1    1    1    1    1  1.14255E+10 0.01451 
   26   26    1    1    1    1    1    1    1    1  1.90532E+10 0.01008 
   27   27    1    1    1    1    1    1    1    1  4.18079E+10 0.00755 
   28   28    1    1    1    1    1    1    1    1  9.05938E+10 0.00674 
   29   29    1    1    1    1    1    1    1    1  2.15203E+11 0.00409 
   30   30    1    1    1    1    1    1    1    1  3.30612E+11 0.00272 
   31   31    1    1    1    1    1    1    1    1  7.41476E+11 0.00179 
   32   32    1    1    1    1    1    1    1    1  1.75253E+12 0.00163 
   33   33    1    1    1    1    1    1    1    1  2.57656E+12 0.00133 
   34   34    1    1    1    1    1    1    1    1  5.07461E+12 0.00086 
   35   35    1    1    1    1    1    1    1    1  6.11514E+12 0.00068 
   36   36    1    1    1    1    1    1    1    1  7.96310E+12 0.00055 
   37   37    1    1    1    1    1    1    1    1  6.05820E+12 0.00052 
   38   38    1    1    1    1    1    1    1    1  1.85620E+12 0.00049 
   39   39    1    1    1    1    1    1    1    1  9.23289E+12 0.00050 
   40   40    1    1    1    1    1    1    1    1  1.13706E+13 0.00041 
   41   41    1    1    1    1    1    1    1    1  1.91593E+13 0.00039 
   42   42    1    1    1    1    1    1    1    1  1.80971E+13 0.00035 
   43   43    1    1    1    1    1    1    1    1  3.34619E+13 0.00028 
   44   44    1    1    1    1    1    1    1    1  3.67707E+13 0.00030 
   45   45    1    1    1    1    1    1    1    1  4.79309E+13 0.00028 
   46   46    1    1    1    1    1    1    1    1  8.61546E+13 0.00025 
   47   47    1    1    1    1    1    1    1    1  4.49383E+13 0.00020 
   48   48    1    1    1    1    1    1    1    1  6.44734E+13 0.00021 
   49   49    1    1    1    1    1    1    1    1  9.00346E+13 0.00016 
   50   50    1    1    1    1    1    1    1    1  8.13419E+13 0.00019 
   51   51    1    1    1    1    1    1    1    1  1.26241E+14 0.00016 
   52   52    1    1    1    1    1    1    1    1  9.83149E+13 0.00015 
   53   53    1    1    1    1    1    1    1    1  1.12818E+14 0.00018 
   54   54    1    1    1    1    1    1    1    1  8.00980E+13 0.00016 
   55   55    1    1    1    1    1    1    1    1  9.80831E+13 0.00020 
   56   56    1    1    1    1    1    1    1    1  6.93432E+13 0.00022 
   57   57    1    1    1    1    1    1    1    1  9.53324E+12 0.00034 
   58   58    1    1    1    1    1    1    1    1  1.34446E+14 0.00016 
   59   59    1    1    1    1    1    1    1    1  5.97165E+13 0.00025 
   60   60    1    1    1    1    1    1    1    1  6.45019E+13 0.00025 
   61   61    1    1    1    1    1    1    1    1  5.14770E+13 0.00021 
   62   62    1    1    1    1    1    1    1    1  5.14172E+13 0.00023 
   63   63    1    1    1    1    1    1    1    1  5.18043E+13 0.00030 
   64   64    1    1    1    1    1    1    1    1  4.33349E+13 0.00030 
   65   65    1    1    1    1    1    1    1    1  3.41115E+13 0.00032 
   66   66    1    1    1    1    1    1    1    1  3.33843E+13 0.00034 
   67   67    1    1    1    1    1    1    1    1  2.64622E+13 0.00036 
   68   68    1    1    1    1    1    1    1    1  2.16924E+13 0.00028 
   69   69    1    1    1    1    1    1    1    1  1.91515E+13 0.00035 
   70   70    1    1    1    1    1    1    1    1  2.32822E+13 0.00040 
   71   71    1    1    1    1    1    1    1    1  1.99393E+13 0.00039 
   72   72    1    1    1    1    1    1    1    1  3.68160E+13 0.00041 
   73   73    1    1    1    1    1    1    1    1  2.66514E+13 0.00036 
   74   74    1    1    1    1    1    1    1    1  2.05308E+13 0.00035 
   75   75    1    1    1    1    1    1    1    1  1.66776E+13 0.00050 
   76   76    1    1    1    1    1    1    1    1  1.37610E+13 0.00057 
   77   77    1    1    1    1    1    1    1    1  1.58532E+13 0.00045 
   78   78    1    1    1    1    1    1    1    1  1.24750E+13 0.00049 
   79   79    1    1    1    1    1    1    1    1  9.70106E+12 0.00055 
   80   80    1    1    1    1    1    1    1    1  1.00579E+13 0.00059 
   81   81    1    1    1    1    1    1    1    1  7.51572E+12 0.00075 
   82   82    1    1    1    1    1    1    1    1  5.81412E+12 0.00074 
   83   83    1    1    1    1    1    1    1    1  4.48655E+12 0.00086 
   84   84    1    1    1    1    1    1    1    1  4.19393E+12 0.00076 
   85   85    1    1    1    1    1    1    1    1  3.02468E+12 0.00115 
   86   86    1    1    1    1    1    1    1    1  2.18461E+12 0.00143 
   87   87    1    1    1    1    1    1    1    1  2.04221E+12 0.00161 
   88   88    1    1    1    1    1    1    1    1  1.26084E+12 0.00140 
   89   89    1    1    1    1    1    1    1    1  8.56448E+11 0.00166 
   90   90    1    1    1    1    1    1    1    1  4.93467E+11 0.00328 
   91   91    1    1    1    1    1    1    1    1  6.24749E+11 0.00281 
   92   92    1    1    1    1    1    1    1    1  0.00000E+00 0.00000 
   93   93    1    1    1    1    1    1    1    1  0.00000E+00 0.00000 
   94   94    1    1    1    1    1    1    1    1  0.00000E+00 0.00000 
   95   95    1    1    1    1    1    1    1    1  0.00000E+00 0.00000 
   96   96    1    1    1    1    1    1    1    1  0.00000E+00 0.00000 
   97   97    1    1    1    1    1    1    1    1  0.00000E+00 0.00000 
   98   98    1    1    1    1    1    1    1    1  0.00000E+00 0.00000 
   99   99    1    1    1    1    1    1    1    1  0.00000E+00 0.00000 
  100  100    1    1    1    1    1    1    1    1  0.00000E+00 0.00000 
];


