
DETdpaspec = [
    1    1    1    1    1    1    1    1    1    1  0.00000E+00 0.00000 
    2    2    1    1    1    1    1    1    1    1  0.00000E+00 0.00000 
    3    3    1    1    1    1    1    1    1    1  0.00000E+00 0.00000 
    4    4    1    1    1    1    1    1    1    1  0.00000E+00 0.00000 
    5    5    1    1    1    1    1    1    1    1  0.00000E+00 0.00000 
    6    6    1    1    1    1    1    1    1    1  0.00000E+00 0.00000 
    7    7    1    1    1    1    1    1    1    1  0.00000E+00 0.00000 
    8    8    1    1    1    1    1    1    1    1  0.00000E+00 0.00000 
    9    9    1    1    1    1    1    1    1    1  0.00000E+00 0.00000 
   10   10    1    1    1    1    1    1    1    1  0.00000E+00 0.00000 
   11   11    1    1    1    1    1    1    1    1  0.00000E+00 0.00000 
   12   12    1    1    1    1    1    1    1    1  0.00000E+00 0.00000 
   13   13    1    1    1    1    1    1    1    1  0.00000E+00 0.00000 
   14   14    1    1    1    1    1    1    1    1  0.00000E+00 0.00000 
   15   15    1    1    1    1    1    1    1    1  0.00000E+00 0.00000 
   16   16    1    1    1    1    1    1    1    1  0.00000E+00 0.00000 
   17   17    1    1    1    1    1    1    1    1  0.00000E+00 0.00000 
   18   18    1    1    1    1    1    1    1    1  0.00000E+00 0.00000 
   19   19    1    1    1    1    1    1    1    1  2.97591E+09 0.05408 
   20   20    1    1    1    1    1    1    1    1  5.78339E+08 0.04698 
   21   21    1    1    1    1    1    1    1    1  1.80304E+09 0.03802 
   22   22    1    1    1    1    1    1    1    1  1.49109E+09 0.02967 
   23   23    1    1    1    1    1    1    1    1  3.61939E+09 0.02772 
   24   24    1    1    1    1    1    1    1    1  6.17206E+09 0.01896 
   25   25    1    1    1    1    1    1    1    1  1.13993E+10 0.01564 
   26   26    1    1    1    1    1    1    1    1  1.73961E+10 0.01226 
   27   27    1    1    1    1    1    1    1    1  3.66600E+10 0.00862 
   28   28    1    1    1    1    1    1    1    1  7.75960E+10 0.00585 
   29   29    1    1    1    1    1    1    1    1  1.78798E+11 0.00395 
   30   30    1    1    1    1    1    1    1    1  2.62662E+11 0.00353 
   31   31    1    1    1    1    1    1    1    1  6.46531E+11 0.00273 
   32   32    1    1    1    1    1    1    1    1  1.56586E+12 0.00162 
   33   33    1    1    1    1    1    1    1    1  2.36339E+12 0.00118 
   34   34    1    1    1    1    1    1    1    1  4.71558E+12 0.00103 
   35   35    1    1    1    1    1    1    1    1  5.58381E+12 0.00061 
   36   36    1    1    1    1    1    1    1    1  7.68556E+12 0.00058 
   37   37    1    1    1    1    1    1    1    1  5.98034E+12 0.00054 
   38   38    1    1    1    1    1    1    1    1  1.86453E+12 0.00046 
   39   39    1    1    1    1    1    1    1    1  9.14708E+12 0.00049 
   40   40    1    1    1    1    1    1    1    1  1.12932E+13 0.00043 
   41   41    1    1    1    1    1    1    1    1  1.88750E+13 0.00030 
   42   42    1    1    1    1    1    1    1    1  1.81157E+13 0.00032 
   43   43    1    1    1    1    1    1    1    1  3.32531E+13 0.00025 
   44   44    1    1    1    1    1    1    1    1  3.65639E+13 0.00026 
   45   45    1    1    1    1    1    1    1    1  4.76696E+13 0.00026 
   46   46    1    1    1    1    1    1    1    1  8.54874E+13 0.00024 
   47   47    1    1    1    1    1    1    1    1  4.47806E+13 0.00016 
   48   48    1    1    1    1    1    1    1    1  6.46810E+13 0.00022 
   49   49    1    1    1    1    1    1    1    1  9.02446E+13 0.00017 
   50   50    1    1    1    1    1    1    1    1  8.20859E+13 0.00019 
   51   51    1    1    1    1    1    1    1    1  1.26559E+14 0.00012 
   52   52    1    1    1    1    1    1    1    1  9.95431E+13 0.00014 
   53   53    1    1    1    1    1    1    1    1  1.13351E+14 0.00016 
   54   54    1    1    1    1    1    1    1    1  8.07981E+13 0.00019 
   55   55    1    1    1    1    1    1    1    1  9.81664E+13 0.00014 
   56   56    1    1    1    1    1    1    1    1  6.95862E+13 0.00016 
   57   57    1    1    1    1    1    1    1    1  9.60076E+12 0.00031 
   58   58    1    1    1    1    1    1    1    1  1.35153E+14 0.00018 
   59   59    1    1    1    1    1    1    1    1  5.94231E+13 0.00020 
   60   60    1    1    1    1    1    1    1    1  6.45781E+13 0.00019 
   61   61    1    1    1    1    1    1    1    1  5.11202E+13 0.00028 
   62   62    1    1    1    1    1    1    1    1  5.11779E+13 0.00021 
   63   63    1    1    1    1    1    1    1    1  5.14983E+13 0.00029 
   64   64    1    1    1    1    1    1    1    1  4.30075E+13 0.00027 
   65   65    1    1    1    1    1    1    1    1  3.38924E+13 0.00031 
   66   66    1    1    1    1    1    1    1    1  3.32510E+13 0.00035 
   67   67    1    1    1    1    1    1    1    1  2.63507E+13 0.00031 
   68   68    1    1    1    1    1    1    1    1  2.16813E+13 0.00031 
   69   69    1    1    1    1    1    1    1    1  1.91771E+13 0.00043 
   70   70    1    1    1    1    1    1    1    1  2.33189E+13 0.00040 
   71   71    1    1    1    1    1    1    1    1  2.00164E+13 0.00043 
   72   72    1    1    1    1    1    1    1    1  3.73951E+13 0.00034 
   73   73    1    1    1    1    1    1    1    1  2.71902E+13 0.00035 
   74   74    1    1    1    1    1    1    1    1  2.09464E+13 0.00051 
   75   75    1    1    1    1    1    1    1    1  1.68957E+13 0.00047 
   76   76    1    1    1    1    1    1    1    1  1.38361E+13 0.00043 
   77   77    1    1    1    1    1    1    1    1  1.58373E+13 0.00048 
   78   78    1    1    1    1    1    1    1    1  1.23694E+13 0.00052 
   79   79    1    1    1    1    1    1    1    1  9.55550E+12 0.00053 
   80   80    1    1    1    1    1    1    1    1  9.85454E+12 0.00061 
   81   81    1    1    1    1    1    1    1    1  7.35298E+12 0.00076 
   82   82    1    1    1    1    1    1    1    1  5.66549E+12 0.00067 
   83   83    1    1    1    1    1    1    1    1  4.36589E+12 0.00087 
   84   84    1    1    1    1    1    1    1    1  4.08357E+12 0.00084 
   85   85    1    1    1    1    1    1    1    1  2.93956E+12 0.00133 
   86   86    1    1    1    1    1    1    1    1  2.11907E+12 0.00134 
   87   87    1    1    1    1    1    1    1    1  1.98387E+12 0.00126 
   88   88    1    1    1    1    1    1    1    1  1.22723E+12 0.00173 
   89   89    1    1    1    1    1    1    1    1  8.29928E+11 0.00200 
   90   90    1    1    1    1    1    1    1    1  4.82232E+11 0.00235 
   91   91    1    1    1    1    1    1    1    1  6.15388E+11 0.00250 
   92   92    1    1    1    1    1    1    1    1  0.00000E+00 0.00000 
   93   93    1    1    1    1    1    1    1    1  0.00000E+00 0.00000 
   94   94    1    1    1    1    1    1    1    1  0.00000E+00 0.00000 
   95   95    1    1    1    1    1    1    1    1  0.00000E+00 0.00000 
   96   96    1    1    1    1    1    1    1    1  0.00000E+00 0.00000 
   97   97    1    1    1    1    1    1    1    1  0.00000E+00 0.00000 
   98   98    1    1    1    1    1    1    1    1  0.00000E+00 0.00000 
   99   99    1    1    1    1    1    1    1    1  0.00000E+00 0.00000 
  100  100    1    1    1    1    1    1    1    1  0.00000E+00 0.00000 
];


