
DETdpaspec = [
    1    1    1    1    1    1    1    1    1    1  0.00000E+00 0.00000 
    2    2    1    1    1    1    1    1    1    1  0.00000E+00 0.00000 
    3    3    1    1    1    1    1    1    1    1  0.00000E+00 0.00000 
    4    4    1    1    1    1    1    1    1    1  0.00000E+00 0.00000 
    5    5    1    1    1    1    1    1    1    1  0.00000E+00 0.00000 
    6    6    1    1    1    1    1    1    1    1  0.00000E+00 0.00000 
    7    7    1    1    1    1    1    1    1    1  0.00000E+00 0.00000 
    8    8    1    1    1    1    1    1    1    1  0.00000E+00 0.00000 
    9    9    1    1    1    1    1    1    1    1  0.00000E+00 0.00000 
   10   10    1    1    1    1    1    1    1    1  0.00000E+00 0.00000 
   11   11    1    1    1    1    1    1    1    1  0.00000E+00 0.00000 
   12   12    1    1    1    1    1    1    1    1  0.00000E+00 0.00000 
   13   13    1    1    1    1    1    1    1    1  0.00000E+00 0.00000 
   14   14    1    1    1    1    1    1    1    1  0.00000E+00 0.00000 
   15   15    1    1    1    1    1    1    1    1  0.00000E+00 0.00000 
   16   16    1    1    1    1    1    1    1    1  0.00000E+00 0.00000 
   17   17    1    1    1    1    1    1    1    1  0.00000E+00 0.00000 
   18   18    1    1    1    1    1    1    1    1  0.00000E+00 0.00000 
   19   19    1    1    1    1    1    1    1    1  2.45213E+09 0.05560 
   20   20    1    1    1    1    1    1    1    1  3.68299E+08 0.04715 
   21   21    1    1    1    1    1    1    1    1  1.09639E+09 0.05779 
   22   22    1    1    1    1    1    1    1    1  1.05741E+09 0.04413 
   23   23    1    1    1    1    1    1    1    1  2.70929E+09 0.03300 
   24   24    1    1    1    1    1    1    1    1  5.01968E+09 0.01970 
   25   25    1    1    1    1    1    1    1    1  1.12841E+10 0.01436 
   26   26    1    1    1    1    1    1    1    1  1.89078E+10 0.01108 
   27   27    1    1    1    1    1    1    1    1  4.26943E+10 0.00763 
   28   28    1    1    1    1    1    1    1    1  9.19018E+10 0.00590 
   29   29    1    1    1    1    1    1    1    1  2.17750E+11 0.00328 
   30   30    1    1    1    1    1    1    1    1  3.33388E+11 0.00289 
   31   31    1    1    1    1    1    1    1    1  7.47300E+11 0.00242 
   32   32    1    1    1    1    1    1    1    1  1.75441E+12 0.00161 
   33   33    1    1    1    1    1    1    1    1  2.58456E+12 0.00104 
   34   34    1    1    1    1    1    1    1    1  5.08737E+12 0.00084 
   35   35    1    1    1    1    1    1    1    1  6.12600E+12 0.00071 
   36   36    1    1    1    1    1    1    1    1  7.97011E+12 0.00055 
   37   37    1    1    1    1    1    1    1    1  6.06711E+12 0.00043 
   38   38    1    1    1    1    1    1    1    1  1.85828E+12 0.00059 
   39   39    1    1    1    1    1    1    1    1  9.24772E+12 0.00039 
   40   40    1    1    1    1    1    1    1    1  1.13924E+13 0.00036 
   41   41    1    1    1    1    1    1    1    1  1.91790E+13 0.00035 
   42   42    1    1    1    1    1    1    1    1  1.80994E+13 0.00036 
   43   43    1    1    1    1    1    1    1    1  3.34841E+13 0.00038 
   44   44    1    1    1    1    1    1    1    1  3.67841E+13 0.00034 
   45   45    1    1    1    1    1    1    1    1  4.79373E+13 0.00028 
   46   46    1    1    1    1    1    1    1    1  8.61896E+13 0.00021 
   47   47    1    1    1    1    1    1    1    1  4.49693E+13 0.00023 
   48   48    1    1    1    1    1    1    1    1  6.45016E+13 0.00019 
   49   49    1    1    1    1    1    1    1    1  9.00542E+13 0.00020 
   50   50    1    1    1    1    1    1    1    1  8.12980E+13 0.00017 
   51   51    1    1    1    1    1    1    1    1  1.26230E+14 0.00012 
   52   52    1    1    1    1    1    1    1    1  9.82958E+13 0.00017 
   53   53    1    1    1    1    1    1    1    1  1.12821E+14 0.00018 
   54   54    1    1    1    1    1    1    1    1  8.01040E+13 0.00017 
   55   55    1    1    1    1    1    1    1    1  9.81062E+13 0.00017 
   56   56    1    1    1    1    1    1    1    1  6.93406E+13 0.00021 
   57   57    1    1    1    1    1    1    1    1  9.52471E+12 0.00036 
   58   58    1    1    1    1    1    1    1    1  1.34422E+14 0.00014 
   59   59    1    1    1    1    1    1    1    1  5.97117E+13 0.00021 
   60   60    1    1    1    1    1    1    1    1  6.44939E+13 0.00020 
   61   61    1    1    1    1    1    1    1    1  5.14754E+13 0.00020 
   62   62    1    1    1    1    1    1    1    1  5.14018E+13 0.00019 
   63   63    1    1    1    1    1    1    1    1  5.18008E+13 0.00025 
   64   64    1    1    1    1    1    1    1    1  4.33180E+13 0.00022 
   65   65    1    1    1    1    1    1    1    1  3.40985E+13 0.00031 
   66   66    1    1    1    1    1    1    1    1  3.33782E+13 0.00035 
   67   67    1    1    1    1    1    1    1    1  2.64507E+13 0.00034 
   68   68    1    1    1    1    1    1    1    1  2.16857E+13 0.00037 
   69   69    1    1    1    1    1    1    1    1  1.91264E+13 0.00041 
   70   70    1    1    1    1    1    1    1    1  2.32691E+13 0.00038 
   71   71    1    1    1    1    1    1    1    1  1.99126E+13 0.00033 
   72   72    1    1    1    1    1    1    1    1  3.67829E+13 0.00043 
   73   73    1    1    1    1    1    1    1    1  2.66383E+13 0.00039 
   74   74    1    1    1    1    1    1    1    1  2.05225E+13 0.00036 
   75   75    1    1    1    1    1    1    1    1  1.66732E+13 0.00062 
   76   76    1    1    1    1    1    1    1    1  1.37717E+13 0.00051 
   77   77    1    1    1    1    1    1    1    1  1.58478E+13 0.00040 
   78   78    1    1    1    1    1    1    1    1  1.24727E+13 0.00057 
   79   79    1    1    1    1    1    1    1    1  9.71062E+12 0.00057 
   80   80    1    1    1    1    1    1    1    1  1.00518E+13 0.00058 
   81   81    1    1    1    1    1    1    1    1  7.51478E+12 0.00073 
   82   82    1    1    1    1    1    1    1    1  5.80864E+12 0.00081 
   83   83    1    1    1    1    1    1    1    1  4.48395E+12 0.00091 
   84   84    1    1    1    1    1    1    1    1  4.20182E+12 0.00091 
   85   85    1    1    1    1    1    1    1    1  3.02377E+12 0.00123 
   86   86    1    1    1    1    1    1    1    1  2.18452E+12 0.00122 
   87   87    1    1    1    1    1    1    1    1  2.04302E+12 0.00096 
   88   88    1    1    1    1    1    1    1    1  1.26487E+12 0.00195 
   89   89    1    1    1    1    1    1    1    1  8.53550E+11 0.00221 
   90   90    1    1    1    1    1    1    1    1  4.96307E+11 0.00268 
   91   91    1    1    1    1    1    1    1    1  6.25517E+11 0.00268 
   92   92    1    1    1    1    1    1    1    1  0.00000E+00 0.00000 
   93   93    1    1    1    1    1    1    1    1  0.00000E+00 0.00000 
   94   94    1    1    1    1    1    1    1    1  0.00000E+00 0.00000 
   95   95    1    1    1    1    1    1    1    1  0.00000E+00 0.00000 
   96   96    1    1    1    1    1    1    1    1  0.00000E+00 0.00000 
   97   97    1    1    1    1    1    1    1    1  0.00000E+00 0.00000 
   98   98    1    1    1    1    1    1    1    1  0.00000E+00 0.00000 
   99   99    1    1    1    1    1    1    1    1  0.00000E+00 0.00000 
  100  100    1    1    1    1    1    1    1    1  0.00000E+00 0.00000 
];


