
DETdpaspec = [
    1    1    1    1    1    1    1    1    1    1  0.00000E+00 0.00000 
    2    2    1    1    1    1    1    1    1    1  0.00000E+00 0.00000 
    3    3    1    1    1    1    1    1    1    1  0.00000E+00 0.00000 
    4    4    1    1    1    1    1    1    1    1  0.00000E+00 0.00000 
    5    5    1    1    1    1    1    1    1    1  0.00000E+00 0.00000 
    6    6    1    1    1    1    1    1    1    1  0.00000E+00 0.00000 
    7    7    1    1    1    1    1    1    1    1  0.00000E+00 0.00000 
    8    8    1    1    1    1    1    1    1    1  0.00000E+00 0.00000 
    9    9    1    1    1    1    1    1    1    1  0.00000E+00 0.00000 
   10   10    1    1    1    1    1    1    1    1  0.00000E+00 0.00000 
   11   11    1    1    1    1    1    1    1    1  0.00000E+00 0.00000 
   12   12    1    1    1    1    1    1    1    1  0.00000E+00 0.00000 
   13   13    1    1    1    1    1    1    1    1  0.00000E+00 0.00000 
   14   14    1    1    1    1    1    1    1    1  0.00000E+00 0.00000 
   15   15    1    1    1    1    1    1    1    1  0.00000E+00 0.00000 
   16   16    1    1    1    1    1    1    1    1  0.00000E+00 0.00000 
   17   17    1    1    1    1    1    1    1    1  0.00000E+00 0.00000 
   18   18    1    1    1    1    1    1    1    1  0.00000E+00 0.00000 
   19   19    1    1    1    1    1    1    1    1  3.94591E+09 0.04529 
   20   20    1    1    1    1    1    1    1    1  7.07207E+08 0.04902 
   21   21    1    1    1    1    1    1    1    1  2.28609E+09 0.03709 
   22   22    1    1    1    1    1    1    1    1  1.81251E+09 0.02498 
   23   23    1    1    1    1    1    1    1    1  4.24118E+09 0.02511 
   24   24    1    1    1    1    1    1    1    1  6.97594E+09 0.01436 
   25   25    1    1    1    1    1    1    1    1  1.21618E+10 0.01411 
   26   26    1    1    1    1    1    1    1    1  1.82266E+10 0.00941 
   27   27    1    1    1    1    1    1    1    1  3.74477E+10 0.00815 
   28   28    1    1    1    1    1    1    1    1  7.93544E+10 0.00570 
   29   29    1    1    1    1    1    1    1    1  1.79183E+11 0.00375 
   30   30    1    1    1    1    1    1    1    1  2.58370E+11 0.00308 
   31   31    1    1    1    1    1    1    1    1  6.50519E+11 0.00160 
   32   32    1    1    1    1    1    1    1    1  1.57299E+12 0.00154 
   33   33    1    1    1    1    1    1    1    1  2.37275E+12 0.00119 
   34   34    1    1    1    1    1    1    1    1  4.72465E+12 0.00084 
   35   35    1    1    1    1    1    1    1    1  5.54723E+12 0.00065 
   36   36    1    1    1    1    1    1    1    1  7.76123E+12 0.00064 
   37   37    1    1    1    1    1    1    1    1  6.06095E+12 0.00046 
   38   38    1    1    1    1    1    1    1    1  1.89870E+12 0.00055 
   39   39    1    1    1    1    1    1    1    1  9.26221E+12 0.00043 
   40   40    1    1    1    1    1    1    1    1  1.14157E+13 0.00045 
   41   41    1    1    1    1    1    1    1    1  1.90033E+13 0.00035 
   42   42    1    1    1    1    1    1    1    1  1.83262E+13 0.00028 
   43   43    1    1    1    1    1    1    1    1  3.34644E+13 0.00024 
   44   44    1    1    1    1    1    1    1    1  3.67550E+13 0.00028 
   45   45    1    1    1    1    1    1    1    1  4.78834E+13 0.00022 
   46   46    1    1    1    1    1    1    1    1  8.56407E+13 0.00025 
   47   47    1    1    1    1    1    1    1    1  4.48311E+13 0.00015 
   48   48    1    1    1    1    1    1    1    1  6.48823E+13 0.00021 
   49   49    1    1    1    1    1    1    1    1  9.04588E+13 0.00018 
   50   50    1    1    1    1    1    1    1    1  8.24106E+13 0.00018 
   51   51    1    1    1    1    1    1    1    1  1.26702E+14 0.00016 
   52   52    1    1    1    1    1    1    1    1  9.99411E+13 0.00015 
   53   53    1    1    1    1    1    1    1    1  1.13466E+14 0.00016 
   54   54    1    1    1    1    1    1    1    1  8.09977E+13 0.00017 
   55   55    1    1    1    1    1    1    1    1  9.80717E+13 0.00019 
   56   56    1    1    1    1    1    1    1    1  6.96016E+13 0.00021 
   57   57    1    1    1    1    1    1    1    1  9.61315E+12 0.00032 
   58   58    1    1    1    1    1    1    1    1  1.35259E+14 0.00015 
   59   59    1    1    1    1    1    1    1    1  5.91861E+13 0.00020 
   60   60    1    1    1    1    1    1    1    1  6.44368E+13 0.00022 
   61   61    1    1    1    1    1    1    1    1  5.08658E+13 0.00024 
   62   62    1    1    1    1    1    1    1    1  5.09467E+13 0.00025 
   63   63    1    1    1    1    1    1    1    1  5.12427E+13 0.00026 
   64   64    1    1    1    1    1    1    1    1  4.27541E+13 0.00027 
   65   65    1    1    1    1    1    1    1    1  3.36910E+13 0.00028 
   66   66    1    1    1    1    1    1    1    1  3.30705E+13 0.00024 
   67   67    1    1    1    1    1    1    1    1  2.62051E+13 0.00030 
   68   68    1    1    1    1    1    1    1    1  2.15834E+13 0.00037 
   69   69    1    1    1    1    1    1    1    1  1.90983E+13 0.00036 
   70   70    1    1    1    1    1    1    1    1  2.32163E+13 0.00034 
   71   71    1    1    1    1    1    1    1    1  1.99432E+13 0.00040 
   72   72    1    1    1    1    1    1    1    1  3.73959E+13 0.00032 
   73   73    1    1    1    1    1    1    1    1  2.72414E+13 0.00039 
   74   74    1    1    1    1    1    1    1    1  2.09729E+13 0.00041 
   75   75    1    1    1    1    1    1    1    1  1.68661E+13 0.00048 
   76   76    1    1    1    1    1    1    1    1  1.37961E+13 0.00050 
   77   77    1    1    1    1    1    1    1    1  1.57347E+13 0.00049 
   78   78    1    1    1    1    1    1    1    1  1.22474E+13 0.00053 
   79   79    1    1    1    1    1    1    1    1  9.44146E+12 0.00065 
   80   80    1    1    1    1    1    1    1    1  9.72398E+12 0.00048 
   81   81    1    1    1    1    1    1    1    1  7.23575E+12 0.00072 
   82   82    1    1    1    1    1    1    1    1  5.57804E+12 0.00069 
   83   83    1    1    1    1    1    1    1    1  4.29991E+12 0.00100 
   84   84    1    1    1    1    1    1    1    1  4.01581E+12 0.00091 
   85   85    1    1    1    1    1    1    1    1  2.88846E+12 0.00127 
   86   86    1    1    1    1    1    1    1    1  2.08522E+12 0.00133 
   87   87    1    1    1    1    1    1    1    1  1.95140E+12 0.00137 
   88   88    1    1    1    1    1    1    1    1  1.20763E+12 0.00171 
   89   89    1    1    1    1    1    1    1    1  8.20332E+11 0.00227 
   90   90    1    1    1    1    1    1    1    1  4.73912E+11 0.00248 
   91   91    1    1    1    1    1    1    1    1  6.04791E+11 0.00225 
   92   92    1    1    1    1    1    1    1    1  0.00000E+00 0.00000 
   93   93    1    1    1    1    1    1    1    1  0.00000E+00 0.00000 
   94   94    1    1    1    1    1    1    1    1  0.00000E+00 0.00000 
   95   95    1    1    1    1    1    1    1    1  0.00000E+00 0.00000 
   96   96    1    1    1    1    1    1    1    1  0.00000E+00 0.00000 
   97   97    1    1    1    1    1    1    1    1  0.00000E+00 0.00000 
   98   98    1    1    1    1    1    1    1    1  0.00000E+00 0.00000 
   99   99    1    1    1    1    1    1    1    1  0.00000E+00 0.00000 
  100  100    1    1    1    1    1    1    1    1  0.00000E+00 0.00000 
];


