
DETdpaspec = [
    1    1    1    1    1    1    1    1    1    1  0.00000E+00 0.00000 
    2    2    1    1    1    1    1    1    1    1  0.00000E+00 0.00000 
    3    3    1    1    1    1    1    1    1    1  0.00000E+00 0.00000 
    4    4    1    1    1    1    1    1    1    1  0.00000E+00 0.00000 
    5    5    1    1    1    1    1    1    1    1  0.00000E+00 0.00000 
    6    6    1    1    1    1    1    1    1    1  0.00000E+00 0.00000 
    7    7    1    1    1    1    1    1    1    1  0.00000E+00 0.00000 
    8    8    1    1    1    1    1    1    1    1  0.00000E+00 0.00000 
    9    9    1    1    1    1    1    1    1    1  0.00000E+00 0.00000 
   10   10    1    1    1    1    1    1    1    1  0.00000E+00 0.00000 
   11   11    1    1    1    1    1    1    1    1  0.00000E+00 0.00000 
   12   12    1    1    1    1    1    1    1    1  0.00000E+00 0.00000 
   13   13    1    1    1    1    1    1    1    1  0.00000E+00 0.00000 
   14   14    1    1    1    1    1    1    1    1  0.00000E+00 0.00000 
   15   15    1    1    1    1    1    1    1    1  0.00000E+00 0.00000 
   16   16    1    1    1    1    1    1    1    1  0.00000E+00 0.00000 
   17   17    1    1    1    1    1    1    1    1  0.00000E+00 0.00000 
   18   18    1    1    1    1    1    1    1    1  0.00000E+00 0.00000 
   19   19    1    1    1    1    1    1    1    1  3.28524E+09 0.03809 
   20   20    1    1    1    1    1    1    1    1  5.85993E+08 0.05005 
   21   21    1    1    1    1    1    1    1    1  1.85537E+09 0.04124 
   22   22    1    1    1    1    1    1    1    1  1.48443E+09 0.03178 
   23   23    1    1    1    1    1    1    1    1  3.69086E+09 0.02113 
   24   24    1    1    1    1    1    1    1    1  5.91493E+09 0.01760 
   25   25    1    1    1    1    1    1    1    1  1.09276E+10 0.01559 
   26   26    1    1    1    1    1    1    1    1  1.73523E+10 0.01072 
   27   27    1    1    1    1    1    1    1    1  3.65242E+10 0.00897 
   28   28    1    1    1    1    1    1    1    1  7.78538E+10 0.00696 
   29   29    1    1    1    1    1    1    1    1  1.78549E+11 0.00403 
   30   30    1    1    1    1    1    1    1    1  2.63935E+11 0.00373 
   31   31    1    1    1    1    1    1    1    1  6.48061E+11 0.00186 
   32   32    1    1    1    1    1    1    1    1  1.57020E+12 0.00153 
   33   33    1    1    1    1    1    1    1    1  2.36647E+12 0.00118 
   34   34    1    1    1    1    1    1    1    1  4.72241E+12 0.00080 
   35   35    1    1    1    1    1    1    1    1  5.59128E+12 0.00065 
   36   36    1    1    1    1    1    1    1    1  7.69245E+12 0.00058 
   37   37    1    1    1    1    1    1    1    1  5.98188E+12 0.00055 
   38   38    1    1    1    1    1    1    1    1  1.86329E+12 0.00051 
   39   39    1    1    1    1    1    1    1    1  9.14527E+12 0.00048 
   40   40    1    1    1    1    1    1    1    1  1.12940E+13 0.00046 
   41   41    1    1    1    1    1    1    1    1  1.88785E+13 0.00039 
   42   42    1    1    1    1    1    1    1    1  1.81245E+13 0.00041 
   43   43    1    1    1    1    1    1    1    1  3.32519E+13 0.00034 
   44   44    1    1    1    1    1    1    1    1  3.65721E+13 0.00024 
   45   45    1    1    1    1    1    1    1    1  4.76647E+13 0.00025 
   46   46    1    1    1    1    1    1    1    1  8.54810E+13 0.00022 
   47   47    1    1    1    1    1    1    1    1  4.47596E+13 0.00017 
   48   48    1    1    1    1    1    1    1    1  6.46370E+13 0.00019 
   49   49    1    1    1    1    1    1    1    1  9.02451E+13 0.00023 
   50   50    1    1    1    1    1    1    1    1  8.20891E+13 0.00022 
   51   51    1    1    1    1    1    1    1    1  1.26535E+14 0.00017 
   52   52    1    1    1    1    1    1    1    1  9.95226E+13 0.00017 
   53   53    1    1    1    1    1    1    1    1  1.13349E+14 0.00020 
   54   54    1    1    1    1    1    1    1    1  8.07926E+13 0.00020 
   55   55    1    1    1    1    1    1    1    1  9.81857E+13 0.00017 
   56   56    1    1    1    1    1    1    1    1  6.96039E+13 0.00018 
   57   57    1    1    1    1    1    1    1    1  9.59670E+12 0.00035 
   58   58    1    1    1    1    1    1    1    1  1.35167E+14 0.00017 
   59   59    1    1    1    1    1    1    1    1  5.94241E+13 0.00021 
   60   60    1    1    1    1    1    1    1    1  6.45662E+13 0.00022 
   61   61    1    1    1    1    1    1    1    1  5.11187E+13 0.00024 
   62   62    1    1    1    1    1    1    1    1  5.11598E+13 0.00025 
   63   63    1    1    1    1    1    1    1    1  5.14786E+13 0.00020 
   64   64    1    1    1    1    1    1    1    1  4.30122E+13 0.00032 
   65   65    1    1    1    1    1    1    1    1  3.39093E+13 0.00031 
   66   66    1    1    1    1    1    1    1    1  3.32609E+13 0.00036 
   67   67    1    1    1    1    1    1    1    1  2.63562E+13 0.00034 
   68   68    1    1    1    1    1    1    1    1  2.16897E+13 0.00037 
   69   69    1    1    1    1    1    1    1    1  1.91772E+13 0.00035 
   70   70    1    1    1    1    1    1    1    1  2.33268E+13 0.00041 
   71   71    1    1    1    1    1    1    1    1  2.00199E+13 0.00052 
   72   72    1    1    1    1    1    1    1    1  3.73960E+13 0.00035 
   73   73    1    1    1    1    1    1    1    1  2.71709E+13 0.00041 
   74   74    1    1    1    1    1    1    1    1  2.09424E+13 0.00042 
   75   75    1    1    1    1    1    1    1    1  1.69059E+13 0.00056 
   76   76    1    1    1    1    1    1    1    1  1.38511E+13 0.00048 
   77   77    1    1    1    1    1    1    1    1  1.58294E+13 0.00047 
   78   78    1    1    1    1    1    1    1    1  1.23632E+13 0.00052 
   79   79    1    1    1    1    1    1    1    1  9.57184E+12 0.00062 
   80   80    1    1    1    1    1    1    1    1  9.86452E+12 0.00063 
   81   81    1    1    1    1    1    1    1    1  7.34729E+12 0.00074 
   82   82    1    1    1    1    1    1    1    1  5.67133E+12 0.00078 
   83   83    1    1    1    1    1    1    1    1  4.37160E+12 0.00059 
   84   84    1    1    1    1    1    1    1    1  4.08888E+12 0.00084 
   85   85    1    1    1    1    1    1    1    1  2.93894E+12 0.00107 
   86   86    1    1    1    1    1    1    1    1  2.11797E+12 0.00135 
   87   87    1    1    1    1    1    1    1    1  1.98390E+12 0.00123 
   88   88    1    1    1    1    1    1    1    1  1.22479E+12 0.00156 
   89   89    1    1    1    1    1    1    1    1  8.31269E+11 0.00249 
   90   90    1    1    1    1    1    1    1    1  4.81586E+11 0.00284 
   91   91    1    1    1    1    1    1    1    1  6.14401E+11 0.00263 
   92   92    1    1    1    1    1    1    1    1  0.00000E+00 0.00000 
   93   93    1    1    1    1    1    1    1    1  0.00000E+00 0.00000 
   94   94    1    1    1    1    1    1    1    1  0.00000E+00 0.00000 
   95   95    1    1    1    1    1    1    1    1  0.00000E+00 0.00000 
   96   96    1    1    1    1    1    1    1    1  0.00000E+00 0.00000 
   97   97    1    1    1    1    1    1    1    1  0.00000E+00 0.00000 
   98   98    1    1    1    1    1    1    1    1  0.00000E+00 0.00000 
   99   99    1    1    1    1    1    1    1    1  0.00000E+00 0.00000 
  100  100    1    1    1    1    1    1    1    1  0.00000E+00 0.00000 
];


