
DETdpaspec = [
    1    1    1    1    1    1    1    1    1    1  0.00000E+00 0.00000 
    2    2    1    1    1    1    1    1    1    1  0.00000E+00 0.00000 
    3    3    1    1    1    1    1    1    1    1  0.00000E+00 0.00000 
    4    4    1    1    1    1    1    1    1    1  0.00000E+00 0.00000 
    5    5    1    1    1    1    1    1    1    1  0.00000E+00 0.00000 
    6    6    1    1    1    1    1    1    1    1  0.00000E+00 0.00000 
    7    7    1    1    1    1    1    1    1    1  0.00000E+00 0.00000 
    8    8    1    1    1    1    1    1    1    1  0.00000E+00 0.00000 
    9    9    1    1    1    1    1    1    1    1  0.00000E+00 0.00000 
   10   10    1    1    1    1    1    1    1    1  0.00000E+00 0.00000 
   11   11    1    1    1    1    1    1    1    1  0.00000E+00 0.00000 
   12   12    1    1    1    1    1    1    1    1  0.00000E+00 0.00000 
   13   13    1    1    1    1    1    1    1    1  0.00000E+00 0.00000 
   14   14    1    1    1    1    1    1    1    1  0.00000E+00 0.00000 
   15   15    1    1    1    1    1    1    1    1  0.00000E+00 0.00000 
   16   16    1    1    1    1    1    1    1    1  0.00000E+00 0.00000 
   17   17    1    1    1    1    1    1    1    1  0.00000E+00 0.00000 
   18   18    1    1    1    1    1    1    1    1  0.00000E+00 0.00000 
   19   19    1    1    1    1    1    1    1    1  3.73564E+09 0.03130 
   20   20    1    1    1    1    1    1    1    1  7.43179E+08 0.05045 
   21   21    1    1    1    1    1    1    1    1  2.10108E+09 0.03793 
   22   22    1    1    1    1    1    1    1    1  1.65473E+09 0.03083 
   23   23    1    1    1    1    1    1    1    1  4.47078E+09 0.02036 
   24   24    1    1    1    1    1    1    1    1  6.95952E+09 0.01697 
   25   25    1    1    1    1    1    1    1    1  1.21233E+10 0.01554 
   26   26    1    1    1    1    1    1    1    1  1.83728E+10 0.01237 
   27   27    1    1    1    1    1    1    1    1  3.75468E+10 0.00732 
   28   28    1    1    1    1    1    1    1    1  7.94218E+10 0.00679 
   29   29    1    1    1    1    1    1    1    1  1.77723E+11 0.00343 
   30   30    1    1    1    1    1    1    1    1  2.58567E+11 0.00315 
   31   31    1    1    1    1    1    1    1    1  6.48712E+11 0.00205 
   32   32    1    1    1    1    1    1    1    1  1.57279E+12 0.00134 
   33   33    1    1    1    1    1    1    1    1  2.37379E+12 0.00114 
   34   34    1    1    1    1    1    1    1    1  4.72600E+12 0.00091 
   35   35    1    1    1    1    1    1    1    1  5.55275E+12 0.00070 
   36   36    1    1    1    1    1    1    1    1  7.75053E+12 0.00056 
   37   37    1    1    1    1    1    1    1    1  6.05250E+12 0.00055 
   38   38    1    1    1    1    1    1    1    1  1.89344E+12 0.00057 
   39   39    1    1    1    1    1    1    1    1  9.24157E+12 0.00047 
   40   40    1    1    1    1    1    1    1    1  1.14009E+13 0.00036 
   41   41    1    1    1    1    1    1    1    1  1.89816E+13 0.00033 
   42   42    1    1    1    1    1    1    1    1  1.83156E+13 0.00032 
   43   43    1    1    1    1    1    1    1    1  3.34541E+13 0.00035 
   44   44    1    1    1    1    1    1    1    1  3.67611E+13 0.00033 
   45   45    1    1    1    1    1    1    1    1  4.78731E+13 0.00023 
   46   46    1    1    1    1    1    1    1    1  8.56699E+13 0.00022 
   47   47    1    1    1    1    1    1    1    1  4.48510E+13 0.00019 
   48   48    1    1    1    1    1    1    1    1  6.48936E+13 0.00021 
   49   49    1    1    1    1    1    1    1    1  9.04713E+13 0.00018 
   50   50    1    1    1    1    1    1    1    1  8.23998E+13 0.00020 
   51   51    1    1    1    1    1    1    1    1  1.26671E+14 0.00019 
   52   52    1    1    1    1    1    1    1    1  9.98749E+13 0.00018 
   53   53    1    1    1    1    1    1    1    1  1.13443E+14 0.00016 
   54   54    1    1    1    1    1    1    1    1  8.09830E+13 0.00020 
   55   55    1    1    1    1    1    1    1    1  9.80676E+13 0.00016 
   56   56    1    1    1    1    1    1    1    1  6.95862E+13 0.00015 
   57   57    1    1    1    1    1    1    1    1  9.59835E+12 0.00040 
   58   58    1    1    1    1    1    1    1    1  1.35207E+14 0.00016 
   59   59    1    1    1    1    1    1    1    1  5.91862E+13 0.00020 
   60   60    1    1    1    1    1    1    1    1  6.44412E+13 0.00019 
   61   61    1    1    1    1    1    1    1    1  5.08591E+13 0.00021 
   62   62    1    1    1    1    1    1    1    1  5.09438E+13 0.00022 
   63   63    1    1    1    1    1    1    1    1  5.12604E+13 0.00023 
   64   64    1    1    1    1    1    1    1    1  4.27735E+13 0.00030 
   65   65    1    1    1    1    1    1    1    1  3.37166E+13 0.00029 
   66   66    1    1    1    1    1    1    1    1  3.31224E+13 0.00031 
   67   67    1    1    1    1    1    1    1    1  2.62268E+13 0.00029 
   68   68    1    1    1    1    1    1    1    1  2.15911E+13 0.00033 
   69   69    1    1    1    1    1    1    1    1  1.91151E+13 0.00040 
   70   70    1    1    1    1    1    1    1    1  2.32386E+13 0.00037 
   71   71    1    1    1    1    1    1    1    1  1.99643E+13 0.00043 
   72   72    1    1    1    1    1    1    1    1  3.73885E+13 0.00031 
   73   73    1    1    1    1    1    1    1    1  2.72246E+13 0.00040 
   74   74    1    1    1    1    1    1    1    1  2.09797E+13 0.00044 
   75   75    1    1    1    1    1    1    1    1  1.68737E+13 0.00053 
   76   76    1    1    1    1    1    1    1    1  1.37813E+13 0.00067 
   77   77    1    1    1    1    1    1    1    1  1.57437E+13 0.00054 
   78   78    1    1    1    1    1    1    1    1  1.22535E+13 0.00054 
   79   79    1    1    1    1    1    1    1    1  9.45546E+12 0.00061 
   80   80    1    1    1    1    1    1    1    1  9.73813E+12 0.00065 
   81   81    1    1    1    1    1    1    1    1  7.23599E+12 0.00073 
   82   82    1    1    1    1    1    1    1    1  5.59385E+12 0.00080 
   83   83    1    1    1    1    1    1    1    1  4.31642E+12 0.00079 
   84   84    1    1    1    1    1    1    1    1  4.02583E+12 0.00076 
   85   85    1    1    1    1    1    1    1    1  2.89411E+12 0.00116 
   86   86    1    1    1    1    1    1    1    1  2.07872E+12 0.00148 
   87   87    1    1    1    1    1    1    1    1  1.95106E+12 0.00143 
   88   88    1    1    1    1    1    1    1    1  1.20782E+12 0.00186 
   89   89    1    1    1    1    1    1    1    1  8.18030E+11 0.00222 
   90   90    1    1    1    1    1    1    1    1  4.73866E+11 0.00219 
   91   91    1    1    1    1    1    1    1    1  6.07313E+11 0.00256 
   92   92    1    1    1    1    1    1    1    1  0.00000E+00 0.00000 
   93   93    1    1    1    1    1    1    1    1  0.00000E+00 0.00000 
   94   94    1    1    1    1    1    1    1    1  0.00000E+00 0.00000 
   95   95    1    1    1    1    1    1    1    1  0.00000E+00 0.00000 
   96   96    1    1    1    1    1    1    1    1  0.00000E+00 0.00000 
   97   97    1    1    1    1    1    1    1    1  0.00000E+00 0.00000 
   98   98    1    1    1    1    1    1    1    1  0.00000E+00 0.00000 
   99   99    1    1    1    1    1    1    1    1  0.00000E+00 0.00000 
  100  100    1    1    1    1    1    1    1    1  0.00000E+00 0.00000 
];


