
DETdpaspec = [
    1    1    1    1    1    1    1    1    1    1  0.00000E+00 0.00000 
    2    2    1    1    1    1    1    1    1    1  0.00000E+00 0.00000 
    3    3    1    1    1    1    1    1    1    1  0.00000E+00 0.00000 
    4    4    1    1    1    1    1    1    1    1  0.00000E+00 0.00000 
    5    5    1    1    1    1    1    1    1    1  0.00000E+00 0.00000 
    6    6    1    1    1    1    1    1    1    1  0.00000E+00 0.00000 
    7    7    1    1    1    1    1    1    1    1  0.00000E+00 0.00000 
    8    8    1    1    1    1    1    1    1    1  0.00000E+00 0.00000 
    9    9    1    1    1    1    1    1    1    1  0.00000E+00 0.00000 
   10   10    1    1    1    1    1    1    1    1  0.00000E+00 0.00000 
   11   11    1    1    1    1    1    1    1    1  0.00000E+00 0.00000 
   12   12    1    1    1    1    1    1    1    1  0.00000E+00 0.00000 
   13   13    1    1    1    1    1    1    1    1  0.00000E+00 0.00000 
   14   14    1    1    1    1    1    1    1    1  0.00000E+00 0.00000 
   15   15    1    1    1    1    1    1    1    1  0.00000E+00 0.00000 
   16   16    1    1    1    1    1    1    1    1  0.00000E+00 0.00000 
   17   17    1    1    1    1    1    1    1    1  0.00000E+00 0.00000 
   18   18    1    1    1    1    1    1    1    1  0.00000E+00 0.00000 
   19   19    1    1    1    1    1    1    1    1  2.33299E+09 0.06208 
   20   20    1    1    1    1    1    1    1    1  2.81335E+08 0.08861 
   21   21    1    1    1    1    1    1    1    1  9.97975E+08 0.04273 
   22   22    1    1    1    1    1    1    1    1  9.57351E+08 0.05034 
   23   23    1    1    1    1    1    1    1    1  2.36476E+09 0.03603 
   24   24    1    1    1    1    1    1    1    1  6.08114E+09 0.01676 
   25   25    1    1    1    1    1    1    1    1  1.51646E+10 0.01395 
   26   26    1    1    1    1    1    1    1    1  2.73110E+10 0.01119 
   27   27    1    1    1    1    1    1    1    1  6.12807E+10 0.00745 
   28   28    1    1    1    1    1    1    1    1  1.28652E+11 0.00450 
   29   29    1    1    1    1    1    1    1    1  2.94952E+11 0.00325 
   30   30    1    1    1    1    1    1    1    1  4.54522E+11 0.00299 
   31   31    1    1    1    1    1    1    1    1  9.38239E+11 0.00219 
   32   32    1    1    1    1    1    1    1    1  2.10565E+12 0.00120 
   33   33    1    1    1    1    1    1    1    1  3.00572E+12 0.00098 
   34   34    1    1    1    1    1    1    1    1  5.77409E+12 0.00074 
   35   35    1    1    1    1    1    1    1    1  6.93759E+12 0.00067 
   36   36    1    1    1    1    1    1    1    1  8.61435E+12 0.00065 
   37   37    1    1    1    1    1    1    1    1  6.41168E+12 0.00053 
   38   38    1    1    1    1    1    1    1    1  1.93889E+12 0.00055 
   39   39    1    1    1    1    1    1    1    1  9.70826E+12 0.00040 
   40   40    1    1    1    1    1    1    1    1  1.19069E+13 0.00041 
   41   41    1    1    1    1    1    1    1    1  2.00417E+13 0.00028 
   42   42    1    1    1    1    1    1    1    1  1.86557E+13 0.00028 
   43   43    1    1    1    1    1    1    1    1  3.45595E+13 0.00031 
   44   44    1    1    1    1    1    1    1    1  3.78355E+13 0.00028 
   45   45    1    1    1    1    1    1    1    1  4.90990E+13 0.00030 
   46   46    1    1    1    1    1    1    1    1  8.80053E+13 0.00024 
   47   47    1    1    1    1    1    1    1    1  4.56319E+13 0.00020 
   48   48    1    1    1    1    1    1    1    1  6.50687E+13 0.00019 
   49   49    1    1    1    1    1    1    1    1  9.06318E+13 0.00016 
   50   50    1    1    1    1    1    1    1    1  8.12783E+13 0.00017 
   51   51    1    1    1    1    1    1    1    1  1.26401E+14 0.00019 
   52   52    1    1    1    1    1    1    1    1  9.76834E+13 0.00018 
   53   53    1    1    1    1    1    1    1    1  1.12329E+14 0.00018 
   54   54    1    1    1    1    1    1    1    1  7.94722E+13 0.00017 
   55   55    1    1    1    1    1    1    1    1  9.76352E+13 0.00014 
   56   56    1    1    1    1    1    1    1    1  6.87899E+13 0.00017 
   57   57    1    1    1    1    1    1    1    1  9.43180E+12 0.00039 
   58   58    1    1    1    1    1    1    1    1  1.33112E+14 0.00015 
   59   59    1    1    1    1    1    1    1    1  5.94306E+13 0.00024 
   60   60    1    1    1    1    1    1    1    1  6.39006E+13 0.00019 
   61   61    1    1    1    1    1    1    1    1  5.11681E+13 0.00022 
   62   62    1    1    1    1    1    1    1    1  5.10099E+13 0.00024 
   63   63    1    1    1    1    1    1    1    1  5.14225E+13 0.00025 
   64   64    1    1    1    1    1    1    1    1  4.29806E+13 0.00025 
   65   65    1    1    1    1    1    1    1    1  3.37761E+13 0.00029 
   66   66    1    1    1    1    1    1    1    1  3.29908E+13 0.00030 
   67   67    1    1    1    1    1    1    1    1  2.61297E+13 0.00034 
   68   68    1    1    1    1    1    1    1    1  2.13636E+13 0.00031 
   69   69    1    1    1    1    1    1    1    1  1.88192E+13 0.00049 
   70   70    1    1    1    1    1    1    1    1  2.28666E+13 0.00043 
   71   71    1    1    1    1    1    1    1    1  1.95312E+13 0.00041 
   72   72    1    1    1    1    1    1    1    1  3.58233E+13 0.00032 
   73   73    1    1    1    1    1    1    1    1  2.58049E+13 0.00039 
   74   74    1    1    1    1    1    1    1    1  1.98762E+13 0.00052 
   75   75    1    1    1    1    1    1    1    1  1.62001E+13 0.00047 
   76   76    1    1    1    1    1    1    1    1  1.34127E+13 0.00048 
   77   77    1    1    1    1    1    1    1    1  1.55016E+13 0.00053 
   78   78    1    1    1    1    1    1    1    1  1.22626E+13 0.00054 
   79   79    1    1    1    1    1    1    1    1  9.57248E+12 0.00072 
   80   80    1    1    1    1    1    1    1    1  9.93507E+12 0.00062 
   81   81    1    1    1    1    1    1    1    1  7.44068E+12 0.00068 
   82   82    1    1    1    1    1    1    1    1  5.77321E+12 0.00070 
   83   83    1    1    1    1    1    1    1    1  4.45652E+12 0.00091 
   84   84    1    1    1    1    1    1    1    1  4.16647E+12 0.00072 
   85   85    1    1    1    1    1    1    1    1  3.00326E+12 0.00108 
   86   86    1    1    1    1    1    1    1    1  2.16502E+12 0.00133 
   87   87    1    1    1    1    1    1    1    1  2.02545E+12 0.00112 
   88   88    1    1    1    1    1    1    1    1  1.24819E+12 0.00138 
   89   89    1    1    1    1    1    1    1    1  8.42352E+11 0.00194 
   90   90    1    1    1    1    1    1    1    1  4.86739E+11 0.00317 
   91   91    1    1    1    1    1    1    1    1  6.14928E+11 0.00204 
   92   92    1    1    1    1    1    1    1    1  0.00000E+00 0.00000 
   93   93    1    1    1    1    1    1    1    1  0.00000E+00 0.00000 
   94   94    1    1    1    1    1    1    1    1  0.00000E+00 0.00000 
   95   95    1    1    1    1    1    1    1    1  0.00000E+00 0.00000 
   96   96    1    1    1    1    1    1    1    1  0.00000E+00 0.00000 
   97   97    1    1    1    1    1    1    1    1  0.00000E+00 0.00000 
   98   98    1    1    1    1    1    1    1    1  0.00000E+00 0.00000 
   99   99    1    1    1    1    1    1    1    1  0.00000E+00 0.00000 
  100  100    1    1    1    1    1    1    1    1  0.00000E+00 0.00000 
];


