
DETdpaspec = [
    1    1    1    1    1    1    1    1    1    1  0.00000E+00 0.00000 
    2    2    1    1    1    1    1    1    1    1  0.00000E+00 0.00000 
    3    3    1    1    1    1    1    1    1    1  0.00000E+00 0.00000 
    4    4    1    1    1    1    1    1    1    1  0.00000E+00 0.00000 
    5    5    1    1    1    1    1    1    1    1  0.00000E+00 0.00000 
    6    6    1    1    1    1    1    1    1    1  0.00000E+00 0.00000 
    7    7    1    1    1    1    1    1    1    1  0.00000E+00 0.00000 
    8    8    1    1    1    1    1    1    1    1  0.00000E+00 0.00000 
    9    9    1    1    1    1    1    1    1    1  0.00000E+00 0.00000 
   10   10    1    1    1    1    1    1    1    1  0.00000E+00 0.00000 
   11   11    1    1    1    1    1    1    1    1  0.00000E+00 0.00000 
   12   12    1    1    1    1    1    1    1    1  0.00000E+00 0.00000 
   13   13    1    1    1    1    1    1    1    1  0.00000E+00 0.00000 
   14   14    1    1    1    1    1    1    1    1  0.00000E+00 0.00000 
   15   15    1    1    1    1    1    1    1    1  0.00000E+00 0.00000 
   16   16    1    1    1    1    1    1    1    1  0.00000E+00 0.00000 
   17   17    1    1    1    1    1    1    1    1  0.00000E+00 0.00000 
   18   18    1    1    1    1    1    1    1    1  0.00000E+00 0.00000 
   19   19    1    1    1    1    1    1    1    1  1.45650E+09 0.08715 
   20   20    1    1    1    1    1    1    1    1  3.97699E+08 0.07799 
   21   21    1    1    1    1    1    1    1    1  2.25349E+09 0.04583 
   22   22    1    1    1    1    1    1    1    1  5.47766E+09 0.01806 
   23   23    1    1    1    1    1    1    1    1  2.54837E+10 0.01111 
   24   24    1    1    1    1    1    1    1    1  8.98219E+10 0.00604 
   25   25    1    1    1    1    1    1    1    1  2.07420E+11 0.00412 
   26   26    1    1    1    1    1    1    1    1  2.97230E+11 0.00324 
   27   27    1    1    1    1    1    1    1    1  5.20367E+11 0.00251 
   28   28    1    1    1    1    1    1    1    1  8.41765E+11 0.00174 
   29   29    1    1    1    1    1    1    1    1  1.42598E+12 0.00157 
   30   30    1    1    1    1    1    1    1    1  1.89595E+12 0.00120 
   31   31    1    1    1    1    1    1    1    1  3.07112E+12 0.00113 
   32   32    1    1    1    1    1    1    1    1  5.31196E+12 0.00075 
   33   33    1    1    1    1    1    1    1    1  6.56582E+12 0.00079 
   34   34    1    1    1    1    1    1    1    1  1.09687E+13 0.00047 
   35   35    1    1    1    1    1    1    1    1  1.22378E+13 0.00050 
   36   36    1    1    1    1    1    1    1    1  1.31568E+13 0.00040 
   37   37    1    1    1    1    1    1    1    1  9.00922E+12 0.00037 
   38   38    1    1    1    1    1    1    1    1  2.62300E+12 0.00039 
   39   39    1    1    1    1    1    1    1    1  1.31490E+13 0.00032 
   40   40    1    1    1    1    1    1    1    1  1.56953E+13 0.00030 
   41   41    1    1    1    1    1    1    1    1  2.58854E+13 0.00028 
   42   42    1    1    1    1    1    1    1    1  2.30776E+13 0.00026 
   43   43    1    1    1    1    1    1    1    1  4.21587E+13 0.00024 
   44   44    1    1    1    1    1    1    1    1  4.49869E+13 0.00024 
   45   45    1    1    1    1    1    1    1    1  5.69553E+13 0.00022 
   46   46    1    1    1    1    1    1    1    1  9.92231E+13 0.00017 
   47   47    1    1    1    1    1    1    1    1  4.97537E+13 0.00017 
   48   48    1    1    1    1    1    1    1    1  6.96520E+13 0.00019 
   49   49    1    1    1    1    1    1    1    1  9.50155E+13 0.00018 
   50   50    1    1    1    1    1    1    1    1  8.33460E+13 0.00018 
   51   51    1    1    1    1    1    1    1    1  1.27963E+14 0.00016 
   52   52    1    1    1    1    1    1    1    1  9.61917E+13 0.00016 
   53   53    1    1    1    1    1    1    1    1  1.09991E+14 0.00017 
   54   54    1    1    1    1    1    1    1    1  7.63983E+13 0.00016 
   55   55    1    1    1    1    1    1    1    1  9.36310E+13 0.00017 
   56   56    1    1    1    1    1    1    1    1  6.51884E+13 0.00017 
   57   57    1    1    1    1    1    1    1    1  8.88057E+12 0.00031 
   58   58    1    1    1    1    1    1    1    1  1.24527E+14 0.00016 
   59   59    1    1    1    1    1    1    1    1  5.56338E+13 0.00022 
   60   60    1    1    1    1    1    1    1    1  5.90477E+13 0.00022 
   61   61    1    1    1    1    1    1    1    1  4.73008E+13 0.00021 
   62   62    1    1    1    1    1    1    1    1  4.68599E+13 0.00023 
   63   63    1    1    1    1    1    1    1    1  4.69611E+13 0.00022 
   64   64    1    1    1    1    1    1    1    1  3.90131E+13 0.00023 
   65   65    1    1    1    1    1    1    1    1  3.04250E+13 0.00027 
   66   66    1    1    1    1    1    1    1    1  2.94757E+13 0.00032 
   67   67    1    1    1    1    1    1    1    1  2.32126E+13 0.00036 
   68   68    1    1    1    1    1    1    1    1  1.88331E+13 0.00036 
   69   69    1    1    1    1    1    1    1    1  1.64991E+13 0.00043 
   70   70    1    1    1    1    1    1    1    1  1.99339E+13 0.00043 
   71   71    1    1    1    1    1    1    1    1  1.68939E+13 0.00040 
   72   72    1    1    1    1    1    1    1    1  3.03507E+13 0.00045 
   73   73    1    1    1    1    1    1    1    1  2.15642E+13 0.00053 
   74   74    1    1    1    1    1    1    1    1  1.65049E+13 0.00040 
   75   75    1    1    1    1    1    1    1    1  1.34789E+13 0.00043 
   76   76    1    1    1    1    1    1    1    1  1.12175E+13 0.00049 
   77   77    1    1    1    1    1    1    1    1  1.29989E+13 0.00044 
   78   78    1    1    1    1    1    1    1    1  1.03259E+13 0.00056 
   79   79    1    1    1    1    1    1    1    1  8.08176E+12 0.00057 
   80   80    1    1    1    1    1    1    1    1  8.40000E+12 0.00068 
   81   81    1    1    1    1    1    1    1    1  6.29019E+12 0.00065 
   82   82    1    1    1    1    1    1    1    1  4.87049E+12 0.00084 
   83   83    1    1    1    1    1    1    1    1  3.74629E+12 0.00096 
   84   84    1    1    1    1    1    1    1    1  3.50328E+12 0.00101 
   85   85    1    1    1    1    1    1    1    1  2.51550E+12 0.00114 
   86   86    1    1    1    1    1    1    1    1  1.81622E+12 0.00133 
   87   87    1    1    1    1    1    1    1    1  1.69950E+12 0.00138 
   88   88    1    1    1    1    1    1    1    1  1.03397E+12 0.00155 
   89   89    1    1    1    1    1    1    1    1  6.94254E+11 0.00227 
   90   90    1    1    1    1    1    1    1    1  3.97095E+11 0.00288 
   91   91    1    1    1    1    1    1    1    1  4.92943E+11 0.00322 
   92   92    1    1    1    1    1    1    1    1  0.00000E+00 0.00000 
   93   93    1    1    1    1    1    1    1    1  0.00000E+00 0.00000 
   94   94    1    1    1    1    1    1    1    1  0.00000E+00 0.00000 
   95   95    1    1    1    1    1    1    1    1  0.00000E+00 0.00000 
   96   96    1    1    1    1    1    1    1    1  0.00000E+00 0.00000 
   97   97    1    1    1    1    1    1    1    1  0.00000E+00 0.00000 
   98   98    1    1    1    1    1    1    1    1  0.00000E+00 0.00000 
   99   99    1    1    1    1    1    1    1    1  0.00000E+00 0.00000 
  100  100    1    1    1    1    1    1    1    1  0.00000E+00 0.00000 
];


