
DETdpaspec = [
    1    1    1    1    1    1    1    1    1    1  0.00000E+00 0.00000 
    2    2    1    1    1    1    1    1    1    1  0.00000E+00 0.00000 
    3    3    1    1    1    1    1    1    1    1  0.00000E+00 0.00000 
    4    4    1    1    1    1    1    1    1    1  0.00000E+00 0.00000 
    5    5    1    1    1    1    1    1    1    1  0.00000E+00 0.00000 
    6    6    1    1    1    1    1    1    1    1  0.00000E+00 0.00000 
    7    7    1    1    1    1    1    1    1    1  0.00000E+00 0.00000 
    8    8    1    1    1    1    1    1    1    1  0.00000E+00 0.00000 
    9    9    1    1    1    1    1    1    1    1  0.00000E+00 0.00000 
   10   10    1    1    1    1    1    1    1    1  0.00000E+00 0.00000 
   11   11    1    1    1    1    1    1    1    1  0.00000E+00 0.00000 
   12   12    1    1    1    1    1    1    1    1  0.00000E+00 0.00000 
   13   13    1    1    1    1    1    1    1    1  0.00000E+00 0.00000 
   14   14    1    1    1    1    1    1    1    1  0.00000E+00 0.00000 
   15   15    1    1    1    1    1    1    1    1  0.00000E+00 0.00000 
   16   16    1    1    1    1    1    1    1    1  0.00000E+00 0.00000 
   17   17    1    1    1    1    1    1    1    1  0.00000E+00 0.00000 
   18   18    1    1    1    1    1    1    1    1  0.00000E+00 0.00000 
   19   19    1    1    1    1    1    1    1    1  2.48381E+09 0.06607 
   20   20    1    1    1    1    1    1    1    1  3.52531E+08 0.07757 
   21   21    1    1    1    1    1    1    1    1  1.18498E+09 0.06165 
   22   22    1    1    1    1    1    1    1    1  1.01904E+09 0.04199 
   23   23    1    1    1    1    1    1    1    1  2.64007E+09 0.03002 
   24   24    1    1    1    1    1    1    1    1  5.41651E+09 0.01670 
   25   25    1    1    1    1    1    1    1    1  1.20112E+10 0.01453 
   26   26    1    1    1    1    1    1    1    1  2.08917E+10 0.00928 
   27   27    1    1    1    1    1    1    1    1  4.72694E+10 0.00712 
   28   28    1    1    1    1    1    1    1    1  1.00585E+11 0.00473 
   29   29    1    1    1    1    1    1    1    1  2.35479E+11 0.00310 
   30   30    1    1    1    1    1    1    1    1  3.64193E+11 0.00257 
   31   31    1    1    1    1    1    1    1    1  7.95952E+11 0.00196 
   32   32    1    1    1    1    1    1    1    1  1.84610E+12 0.00156 
   33   33    1    1    1    1    1    1    1    1  2.69624E+12 0.00110 
   34   34    1    1    1    1    1    1    1    1  5.27001E+12 0.00067 
   35   35    1    1    1    1    1    1    1    1  6.35108E+12 0.00067 
   36   36    1    1    1    1    1    1    1    1  8.13459E+12 0.00054 
   37   37    1    1    1    1    1    1    1    1  6.15315E+12 0.00051 
   38   38    1    1    1    1    1    1    1    1  1.87612E+12 0.00049 
   39   39    1    1    1    1    1    1    1    1  9.36529E+12 0.00045 
   40   40    1    1    1    1    1    1    1    1  1.15133E+13 0.00043 
   41   41    1    1    1    1    1    1    1    1  1.94036E+13 0.00037 
   42   42    1    1    1    1    1    1    1    1  1.82355E+13 0.00040 
   43   43    1    1    1    1    1    1    1    1  3.37401E+13 0.00032 
   44   44    1    1    1    1    1    1    1    1  3.70488E+13 0.00028 
   45   45    1    1    1    1    1    1    1    1  4.82296E+13 0.00027 
   46   46    1    1    1    1    1    1    1    1  8.66712E+13 0.00022 
   47   47    1    1    1    1    1    1    1    1  4.51156E+13 0.00019 
   48   48    1    1    1    1    1    1    1    1  6.46202E+13 0.00019 
   49   49    1    1    1    1    1    1    1    1  9.01946E+13 0.00020 
   50   50    1    1    1    1    1    1    1    1  8.12462E+13 0.00020 
   51   51    1    1    1    1    1    1    1    1  1.26284E+14 0.00016 
   52   52    1    1    1    1    1    1    1    1  9.81027E+13 0.00018 
   53   53    1    1    1    1    1    1    1    1  1.12706E+14 0.00016 
   54   54    1    1    1    1    1    1    1    1  7.99030E+13 0.00024 
   55   55    1    1    1    1    1    1    1    1  9.80017E+13 0.00018 
   56   56    1    1    1    1    1    1    1    1  6.91724E+13 0.00018 
   57   57    1    1    1    1    1    1    1    1  9.49657E+12 0.00039 
   58   58    1    1    1    1    1    1    1    1  1.34039E+14 0.00016 
   59   59    1    1    1    1    1    1    1    1  5.96902E+13 0.00022 
   60   60    1    1    1    1    1    1    1    1  6.43422E+13 0.00020 
   61   61    1    1    1    1    1    1    1    1  5.14172E+13 0.00025 
   62   62    1    1    1    1    1    1    1    1  5.13383E+13 0.00022 
   63   63    1    1    1    1    1    1    1    1  5.17390E+13 0.00027 
   64   64    1    1    1    1    1    1    1    1  4.32684E+13 0.00026 
   65   65    1    1    1    1    1    1    1    1  3.40333E+13 0.00027 
   66   66    1    1    1    1    1    1    1    1  3.32904E+13 0.00028 
   67   67    1    1    1    1    1    1    1    1  2.63646E+13 0.00029 
   68   68    1    1    1    1    1    1    1    1  2.15954E+13 0.00030 
   69   69    1    1    1    1    1    1    1    1  1.90553E+13 0.00042 
   70   70    1    1    1    1    1    1    1    1  2.31603E+13 0.00039 
   71   71    1    1    1    1    1    1    1    1  1.98137E+13 0.00041 
   72   72    1    1    1    1    1    1    1    1  3.65306E+13 0.00036 
   73   73    1    1    1    1    1    1    1    1  2.63990E+13 0.00038 
   74   74    1    1    1    1    1    1    1    1  2.03240E+13 0.00048 
   75   75    1    1    1    1    1    1    1    1  1.65316E+13 0.00050 
   76   76    1    1    1    1    1    1    1    1  1.36800E+13 0.00054 
   77   77    1    1    1    1    1    1    1    1  1.57669E+13 0.00048 
   78   78    1    1    1    1    1    1    1    1  1.24247E+13 0.00059 
   79   79    1    1    1    1    1    1    1    1  9.67453E+12 0.00053 
   80   80    1    1    1    1    1    1    1    1  1.00459E+13 0.00058 
   81   81    1    1    1    1    1    1    1    1  7.50949E+12 0.00079 
   82   82    1    1    1    1    1    1    1    1  5.81727E+12 0.00075 
   83   83    1    1    1    1    1    1    1    1  4.49415E+12 0.00090 
   84   84    1    1    1    1    1    1    1    1  4.20570E+12 0.00111 
   85   85    1    1    1    1    1    1    1    1  3.02597E+12 0.00103 
   86   86    1    1    1    1    1    1    1    1  2.18804E+12 0.00124 
   87   87    1    1    1    1    1    1    1    1  2.04151E+12 0.00138 
   88   88    1    1    1    1    1    1    1    1  1.25826E+12 0.00240 
   89   89    1    1    1    1    1    1    1    1  8.50019E+11 0.00184 
   90   90    1    1    1    1    1    1    1    1  4.92553E+11 0.00317 
   91   91    1    1    1    1    1    1    1    1  6.25051E+11 0.00225 
   92   92    1    1    1    1    1    1    1    1  0.00000E+00 0.00000 
   93   93    1    1    1    1    1    1    1    1  0.00000E+00 0.00000 
   94   94    1    1    1    1    1    1    1    1  0.00000E+00 0.00000 
   95   95    1    1    1    1    1    1    1    1  0.00000E+00 0.00000 
   96   96    1    1    1    1    1    1    1    1  0.00000E+00 0.00000 
   97   97    1    1    1    1    1    1    1    1  0.00000E+00 0.00000 
   98   98    1    1    1    1    1    1    1    1  0.00000E+00 0.00000 
   99   99    1    1    1    1    1    1    1    1  0.00000E+00 0.00000 
  100  100    1    1    1    1    1    1    1    1  0.00000E+00 0.00000 
];


