
DETdpaspec = [
    1    1    1    1    1    1    1    1    1    1  0.00000E+00 0.00000 
    2    2    1    1    1    1    1    1    1    1  0.00000E+00 0.00000 
    3    3    1    1    1    1    1    1    1    1  0.00000E+00 0.00000 
    4    4    1    1    1    1    1    1    1    1  0.00000E+00 0.00000 
    5    5    1    1    1    1    1    1    1    1  0.00000E+00 0.00000 
    6    6    1    1    1    1    1    1    1    1  0.00000E+00 0.00000 
    7    7    1    1    1    1    1    1    1    1  0.00000E+00 0.00000 
    8    8    1    1    1    1    1    1    1    1  0.00000E+00 0.00000 
    9    9    1    1    1    1    1    1    1    1  0.00000E+00 0.00000 
   10   10    1    1    1    1    1    1    1    1  0.00000E+00 0.00000 
   11   11    1    1    1    1    1    1    1    1  0.00000E+00 0.00000 
   12   12    1    1    1    1    1    1    1    1  0.00000E+00 0.00000 
   13   13    1    1    1    1    1    1    1    1  0.00000E+00 0.00000 
   14   14    1    1    1    1    1    1    1    1  0.00000E+00 0.00000 
   15   15    1    1    1    1    1    1    1    1  0.00000E+00 0.00000 
   16   16    1    1    1    1    1    1    1    1  0.00000E+00 0.00000 
   17   17    1    1    1    1    1    1    1    1  0.00000E+00 0.00000 
   18   18    1    1    1    1    1    1    1    1  0.00000E+00 0.00000 
   19   19    1    1    1    1    1    1    1    1  3.81587E+09 0.04121 
   20   20    1    1    1    1    1    1    1    1  6.27373E+08 0.04728 
   21   21    1    1    1    1    1    1    1    1  2.09047E+09 0.03782 
   22   22    1    1    1    1    1    1    1    1  1.72231E+09 0.03081 
   23   23    1    1    1    1    1    1    1    1  4.44084E+09 0.02013 
   24   24    1    1    1    1    1    1    1    1  7.22496E+09 0.01765 
   25   25    1    1    1    1    1    1    1    1  1.25570E+10 0.01229 
   26   26    1    1    1    1    1    1    1    1  1.89568E+10 0.01080 
   27   27    1    1    1    1    1    1    1    1  3.82878E+10 0.00864 
   28   28    1    1    1    1    1    1    1    1  7.99576E+10 0.00639 
   29   29    1    1    1    1    1    1    1    1  1.78608E+11 0.00395 
   30   30    1    1    1    1    1    1    1    1  2.57130E+11 0.00298 
   31   31    1    1    1    1    1    1    1    1  6.47723E+11 0.00252 
   32   32    1    1    1    1    1    1    1    1  1.57066E+12 0.00178 
   33   33    1    1    1    1    1    1    1    1  2.37678E+12 0.00128 
   34   34    1    1    1    1    1    1    1    1  4.72855E+12 0.00081 
   35   35    1    1    1    1    1    1    1    1  5.54964E+12 0.00067 
   36   36    1    1    1    1    1    1    1    1  7.76478E+12 0.00057 
   37   37    1    1    1    1    1    1    1    1  6.06451E+12 0.00044 
   38   38    1    1    1    1    1    1    1    1  1.89865E+12 0.00059 
   39   39    1    1    1    1    1    1    1    1  9.26765E+12 0.00049 
   40   40    1    1    1    1    1    1    1    1  1.14297E+13 0.00043 
   41   41    1    1    1    1    1    1    1    1  1.90124E+13 0.00036 
   42   42    1    1    1    1    1    1    1    1  1.83410E+13 0.00030 
   43   43    1    1    1    1    1    1    1    1  3.34830E+13 0.00039 
   44   44    1    1    1    1    1    1    1    1  3.68091E+13 0.00027 
   45   45    1    1    1    1    1    1    1    1  4.79154E+13 0.00027 
   46   46    1    1    1    1    1    1    1    1  8.56838E+13 0.00023 
   47   47    1    1    1    1    1    1    1    1  4.48640E+13 0.00021 
   48   48    1    1    1    1    1    1    1    1  6.49210E+13 0.00023 
   49   49    1    1    1    1    1    1    1    1  9.04673E+13 0.00019 
   50   50    1    1    1    1    1    1    1    1  8.24386E+13 0.00018 
   51   51    1    1    1    1    1    1    1    1  1.26677E+14 0.00012 
   52   52    1    1    1    1    1    1    1    1  9.99849E+13 0.00015 
   53   53    1    1    1    1    1    1    1    1  1.13452E+14 0.00014 
   54   54    1    1    1    1    1    1    1    1  8.09876E+13 0.00018 
   55   55    1    1    1    1    1    1    1    1  9.80570E+13 0.00016 
   56   56    1    1    1    1    1    1    1    1  6.95852E+13 0.00019 
   57   57    1    1    1    1    1    1    1    1  9.60746E+12 0.00036 
   58   58    1    1    1    1    1    1    1    1  1.35216E+14 0.00017 
   59   59    1    1    1    1    1    1    1    1  5.91669E+13 0.00021 
   60   60    1    1    1    1    1    1    1    1  6.44242E+13 0.00021 
   61   61    1    1    1    1    1    1    1    1  5.08363E+13 0.00024 
   62   62    1    1    1    1    1    1    1    1  5.09259E+13 0.00022 
   63   63    1    1    1    1    1    1    1    1  5.12088E+13 0.00033 
   64   64    1    1    1    1    1    1    1    1  4.27483E+13 0.00026 
   65   65    1    1    1    1    1    1    1    1  3.36757E+13 0.00027 
   66   66    1    1    1    1    1    1    1    1  3.30684E+13 0.00029 
   67   67    1    1    1    1    1    1    1    1  2.61875E+13 0.00029 
   68   68    1    1    1    1    1    1    1    1  2.15802E+13 0.00031 
   69   69    1    1    1    1    1    1    1    1  1.90937E+13 0.00037 
   70   70    1    1    1    1    1    1    1    1  2.32152E+13 0.00041 
   71   71    1    1    1    1    1    1    1    1  1.99376E+13 0.00047 
   72   72    1    1    1    1    1    1    1    1  3.74004E+13 0.00030 
   73   73    1    1    1    1    1    1    1    1  2.72298E+13 0.00048 
   74   74    1    1    1    1    1    1    1    1  2.09749E+13 0.00040 
   75   75    1    1    1    1    1    1    1    1  1.68761E+13 0.00046 
   76   76    1    1    1    1    1    1    1    1  1.37808E+13 0.00044 
   77   77    1    1    1    1    1    1    1    1  1.57190E+13 0.00047 
   78   78    1    1    1    1    1    1    1    1  1.22274E+13 0.00049 
   79   79    1    1    1    1    1    1    1    1  9.44696E+12 0.00070 
   80   80    1    1    1    1    1    1    1    1  9.72956E+12 0.00062 
   81   81    1    1    1    1    1    1    1    1  7.23085E+12 0.00074 
   82   82    1    1    1    1    1    1    1    1  5.57390E+12 0.00085 
   83   83    1    1    1    1    1    1    1    1  4.30094E+12 0.00088 
   84   84    1    1    1    1    1    1    1    1  4.01704E+12 0.00075 
   85   85    1    1    1    1    1    1    1    1  2.88581E+12 0.00127 
   86   86    1    1    1    1    1    1    1    1  2.07943E+12 0.00140 
   87   87    1    1    1    1    1    1    1    1  1.94842E+12 0.00156 
   88   88    1    1    1    1    1    1    1    1  1.20888E+12 0.00127 
   89   89    1    1    1    1    1    1    1    1  8.15053E+11 0.00223 
   90   90    1    1    1    1    1    1    1    1  4.76344E+11 0.00340 
   91   91    1    1    1    1    1    1    1    1  6.03057E+11 0.00260 
   92   92    1    1    1    1    1    1    1    1  0.00000E+00 0.00000 
   93   93    1    1    1    1    1    1    1    1  0.00000E+00 0.00000 
   94   94    1    1    1    1    1    1    1    1  0.00000E+00 0.00000 
   95   95    1    1    1    1    1    1    1    1  0.00000E+00 0.00000 
   96   96    1    1    1    1    1    1    1    1  0.00000E+00 0.00000 
   97   97    1    1    1    1    1    1    1    1  0.00000E+00 0.00000 
   98   98    1    1    1    1    1    1    1    1  0.00000E+00 0.00000 
   99   99    1    1    1    1    1    1    1    1  0.00000E+00 0.00000 
  100  100    1    1    1    1    1    1    1    1  0.00000E+00 0.00000 
];


