
DETdpaspec = [
    1    1    1    1    1    1    1    1    1    1  0.00000E+00 0.00000 
    2    2    1    1    1    1    1    1    1    1  0.00000E+00 0.00000 
    3    3    1    1    1    1    1    1    1    1  0.00000E+00 0.00000 
    4    4    1    1    1    1    1    1    1    1  0.00000E+00 0.00000 
    5    5    1    1    1    1    1    1    1    1  0.00000E+00 0.00000 
    6    6    1    1    1    1    1    1    1    1  0.00000E+00 0.00000 
    7    7    1    1    1    1    1    1    1    1  0.00000E+00 0.00000 
    8    8    1    1    1    1    1    1    1    1  0.00000E+00 0.00000 
    9    9    1    1    1    1    1    1    1    1  0.00000E+00 0.00000 
   10   10    1    1    1    1    1    1    1    1  0.00000E+00 0.00000 
   11   11    1    1    1    1    1    1    1    1  0.00000E+00 0.00000 
   12   12    1    1    1    1    1    1    1    1  0.00000E+00 0.00000 
   13   13    1    1    1    1    1    1    1    1  0.00000E+00 0.00000 
   14   14    1    1    1    1    1    1    1    1  0.00000E+00 0.00000 
   15   15    1    1    1    1    1    1    1    1  0.00000E+00 0.00000 
   16   16    1    1    1    1    1    1    1    1  0.00000E+00 0.00000 
   17   17    1    1    1    1    1    1    1    1  0.00000E+00 0.00000 
   18   18    1    1    1    1    1    1    1    1  0.00000E+00 0.00000 
   19   19    1    1    1    1    1    1    1    1  1.57664E+09 0.07998 
   20   20    1    1    1    1    1    1    1    1  3.78022E+08 0.08517 
   21   21    1    1    1    1    1    1    1    1  1.85841E+09 0.04370 
   22   22    1    1    1    1    1    1    1    1  4.51266E+09 0.02437 
   23   23    1    1    1    1    1    1    1    1  2.05316E+10 0.01410 
   24   24    1    1    1    1    1    1    1    1  7.47367E+10 0.00753 
   25   25    1    1    1    1    1    1    1    1  1.75754E+11 0.00418 
   26   26    1    1    1    1    1    1    1    1  2.57192E+11 0.00362 
   27   27    1    1    1    1    1    1    1    1  4.60913E+11 0.00272 
   28   28    1    1    1    1    1    1    1    1  7.57942E+11 0.00175 
   29   29    1    1    1    1    1    1    1    1  1.30801E+12 0.00150 
   30   30    1    1    1    1    1    1    1    1  1.75885E+12 0.00126 
   31   31    1    1    1    1    1    1    1    1  2.87925E+12 0.00102 
   32   32    1    1    1    1    1    1    1    1  5.05441E+12 0.00091 
   33   33    1    1    1    1    1    1    1    1  6.30480E+12 0.00085 
   34   34    1    1    1    1    1    1    1    1  1.06052E+13 0.00057 
   35   35    1    1    1    1    1    1    1    1  1.18917E+13 0.00052 
   36   36    1    1    1    1    1    1    1    1  1.28530E+13 0.00043 
   37   37    1    1    1    1    1    1    1    1  8.84343E+12 0.00042 
   38   38    1    1    1    1    1    1    1    1  2.57929E+12 0.00040 
   39   39    1    1    1    1    1    1    1    1  1.29339E+13 0.00033 
   40   40    1    1    1    1    1    1    1    1  1.54711E+13 0.00028 
   41   41    1    1    1    1    1    1    1    1  2.55513E+13 0.00025 
   42   42    1    1    1    1    1    1    1    1  2.28256E+13 0.00026 
   43   43    1    1    1    1    1    1    1    1  4.17233E+13 0.00026 
   44   44    1    1    1    1    1    1    1    1  4.45862E+13 0.00024 
   45   45    1    1    1    1    1    1    1    1  5.65182E+13 0.00018 
   46   46    1    1    1    1    1    1    1    1  9.86005E+13 0.00018 
   47   47    1    1    1    1    1    1    1    1  4.95471E+13 0.00014 
   48   48    1    1    1    1    1    1    1    1  6.94246E+13 0.00017 
   49   49    1    1    1    1    1    1    1    1  9.48255E+13 0.00015 
   50   50    1    1    1    1    1    1    1    1  8.32272E+13 0.00018 
   51   51    1    1    1    1    1    1    1    1  1.27967E+14 0.00014 
   52   52    1    1    1    1    1    1    1    1  9.62674E+13 0.00015 
   53   53    1    1    1    1    1    1    1    1  1.10169E+14 0.00011 
   54   54    1    1    1    1    1    1    1    1  7.66046E+13 0.00018 
   55   55    1    1    1    1    1    1    1    1  9.38929E+13 0.00016 
   56   56    1    1    1    1    1    1    1    1  6.54321E+13 0.00015 
   57   57    1    1    1    1    1    1    1    1  8.92126E+12 0.00038 
   58   58    1    1    1    1    1    1    1    1  1.25102E+14 0.00018 
   59   59    1    1    1    1    1    1    1    1  5.59058E+13 0.00020 
   60   60    1    1    1    1    1    1    1    1  5.93402E+13 0.00021 
   61   61    1    1    1    1    1    1    1    1  4.75684E+13 0.00020 
   62   62    1    1    1    1    1    1    1    1  4.71173E+13 0.00018 
   63   63    1    1    1    1    1    1    1    1  4.72315E+13 0.00019 
   64   64    1    1    1    1    1    1    1    1  3.92445E+13 0.00024 
   65   65    1    1    1    1    1    1    1    1  3.06276E+13 0.00031 
   66   66    1    1    1    1    1    1    1    1  2.96859E+13 0.00026 
   67   67    1    1    1    1    1    1    1    1  2.33744E+13 0.00030 
   68   68    1    1    1    1    1    1    1    1  1.89862E+13 0.00033 
   69   69    1    1    1    1    1    1    1    1  1.66416E+13 0.00031 
   70   70    1    1    1    1    1    1    1    1  2.01023E+13 0.00031 
   71   71    1    1    1    1    1    1    1    1  1.70406E+13 0.00042 
   72   72    1    1    1    1    1    1    1    1  3.06351E+13 0.00031 
   73   73    1    1    1    1    1    1    1    1  2.17791E+13 0.00035 
   74   74    1    1    1    1    1    1    1    1  1.66654E+13 0.00049 
   75   75    1    1    1    1    1    1    1    1  1.36275E+13 0.00044 
   76   76    1    1    1    1    1    1    1    1  1.13532E+13 0.00050 
   77   77    1    1    1    1    1    1    1    1  1.31420E+13 0.00050 
   78   78    1    1    1    1    1    1    1    1  1.04418E+13 0.00059 
   79   79    1    1    1    1    1    1    1    1  8.17042E+12 0.00051 
   80   80    1    1    1    1    1    1    1    1  8.49364E+12 0.00072 
   81   81    1    1    1    1    1    1    1    1  6.35661E+12 0.00070 
   82   82    1    1    1    1    1    1    1    1  4.92706E+12 0.00070 
   83   83    1    1    1    1    1    1    1    1  3.79877E+12 0.00098 
   84   84    1    1    1    1    1    1    1    1  3.54572E+12 0.00108 
   85   85    1    1    1    1    1    1    1    1  2.55110E+12 0.00111 
   86   86    1    1    1    1    1    1    1    1  1.83996E+12 0.00133 
   87   87    1    1    1    1    1    1    1    1  1.72357E+12 0.00143 
   88   88    1    1    1    1    1    1    1    1  1.04901E+12 0.00217 
   89   89    1    1    1    1    1    1    1    1  7.02746E+11 0.00228 
   90   90    1    1    1    1    1    1    1    1  4.04686E+11 0.00274 
   91   91    1    1    1    1    1    1    1    1  5.02165E+11 0.00321 
   92   92    1    1    1    1    1    1    1    1  0.00000E+00 0.00000 
   93   93    1    1    1    1    1    1    1    1  0.00000E+00 0.00000 
   94   94    1    1    1    1    1    1    1    1  0.00000E+00 0.00000 
   95   95    1    1    1    1    1    1    1    1  0.00000E+00 0.00000 
   96   96    1    1    1    1    1    1    1    1  0.00000E+00 0.00000 
   97   97    1    1    1    1    1    1    1    1  0.00000E+00 0.00000 
   98   98    1    1    1    1    1    1    1    1  0.00000E+00 0.00000 
   99   99    1    1    1    1    1    1    1    1  0.00000E+00 0.00000 
  100  100    1    1    1    1    1    1    1    1  0.00000E+00 0.00000 
];


