
DETdpaspec = [
    1    1    1    1    1    1    1    1    1    1  0.00000E+00 0.00000 
    2    2    1    1    1    1    1    1    1    1  0.00000E+00 0.00000 
    3    3    1    1    1    1    1    1    1    1  0.00000E+00 0.00000 
    4    4    1    1    1    1    1    1    1    1  0.00000E+00 0.00000 
    5    5    1    1    1    1    1    1    1    1  0.00000E+00 0.00000 
    6    6    1    1    1    1    1    1    1    1  0.00000E+00 0.00000 
    7    7    1    1    1    1    1    1    1    1  0.00000E+00 0.00000 
    8    8    1    1    1    1    1    1    1    1  0.00000E+00 0.00000 
    9    9    1    1    1    1    1    1    1    1  0.00000E+00 0.00000 
   10   10    1    1    1    1    1    1    1    1  0.00000E+00 0.00000 
   11   11    1    1    1    1    1    1    1    1  0.00000E+00 0.00000 
   12   12    1    1    1    1    1    1    1    1  0.00000E+00 0.00000 
   13   13    1    1    1    1    1    1    1    1  0.00000E+00 0.00000 
   14   14    1    1    1    1    1    1    1    1  0.00000E+00 0.00000 
   15   15    1    1    1    1    1    1    1    1  0.00000E+00 0.00000 
   16   16    1    1    1    1    1    1    1    1  0.00000E+00 0.00000 
   17   17    1    1    1    1    1    1    1    1  0.00000E+00 0.00000 
   18   18    1    1    1    1    1    1    1    1  0.00000E+00 0.00000 
   19   19    1    1    1    1    1    1    1    1  3.40462E+09 0.03483 
   20   20    1    1    1    1    1    1    1    1  6.86984E+08 0.04109 
   21   21    1    1    1    1    1    1    1    1  2.19400E+09 0.02649 
   22   22    1    1    1    1    1    1    1    1  1.79581E+09 0.02982 
   23   23    1    1    1    1    1    1    1    1  4.38672E+09 0.02570 
   24   24    1    1    1    1    1    1    1    1  7.02636E+09 0.01513 
   25   25    1    1    1    1    1    1    1    1  1.24419E+10 0.01365 
   26   26    1    1    1    1    1    1    1    1  1.86688E+10 0.01093 
   27   27    1    1    1    1    1    1    1    1  3.75343E+10 0.00691 
   28   28    1    1    1    1    1    1    1    1  7.85322E+10 0.00612 
   29   29    1    1    1    1    1    1    1    1  1.78487E+11 0.00305 
   30   30    1    1    1    1    1    1    1    1  2.56927E+11 0.00300 
   31   31    1    1    1    1    1    1    1    1  6.48526E+11 0.00185 
   32   32    1    1    1    1    1    1    1    1  1.56892E+12 0.00154 
   33   33    1    1    1    1    1    1    1    1  2.37607E+12 0.00109 
   34   34    1    1    1    1    1    1    1    1  4.72476E+12 0.00086 
   35   35    1    1    1    1    1    1    1    1  5.55310E+12 0.00077 
   36   36    1    1    1    1    1    1    1    1  7.75494E+12 0.00061 
   37   37    1    1    1    1    1    1    1    1  6.05670E+12 0.00049 
   38   38    1    1    1    1    1    1    1    1  1.89723E+12 0.00052 
   39   39    1    1    1    1    1    1    1    1  9.26133E+12 0.00043 
   40   40    1    1    1    1    1    1    1    1  1.14176E+13 0.00043 
   41   41    1    1    1    1    1    1    1    1  1.90114E+13 0.00036 
   42   42    1    1    1    1    1    1    1    1  1.83300E+13 0.00037 
   43   43    1    1    1    1    1    1    1    1  3.34599E+13 0.00033 
   44   44    1    1    1    1    1    1    1    1  3.67831E+13 0.00032 
   45   45    1    1    1    1    1    1    1    1  4.78720E+13 0.00025 
   46   46    1    1    1    1    1    1    1    1  8.56526E+13 0.00023 
   47   47    1    1    1    1    1    1    1    1  4.48394E+13 0.00019 
   48   48    1    1    1    1    1    1    1    1  6.49006E+13 0.00021 
   49   49    1    1    1    1    1    1    1    1  9.04659E+13 0.00018 
   50   50    1    1    1    1    1    1    1    1  8.24633E+13 0.00018 
   51   51    1    1    1    1    1    1    1    1  1.26733E+14 0.00014 
   52   52    1    1    1    1    1    1    1    1  9.99406E+13 0.00014 
   53   53    1    1    1    1    1    1    1    1  1.13440E+14 0.00016 
   54   54    1    1    1    1    1    1    1    1  8.09864E+13 0.00018 
   55   55    1    1    1    1    1    1    1    1  9.80502E+13 0.00015 
   56   56    1    1    1    1    1    1    1    1  6.95721E+13 0.00017 
   57   57    1    1    1    1    1    1    1    1  9.60938E+12 0.00030 
   58   58    1    1    1    1    1    1    1    1  1.35210E+14 0.00014 
   59   59    1    1    1    1    1    1    1    1  5.91899E+13 0.00023 
   60   60    1    1    1    1    1    1    1    1  6.44058E+13 0.00021 
   61   61    1    1    1    1    1    1    1    1  5.08563E+13 0.00028 
   62   62    1    1    1    1    1    1    1    1  5.09190E+13 0.00025 
   63   63    1    1    1    1    1    1    1    1  5.12132E+13 0.00027 
   64   64    1    1    1    1    1    1    1    1  4.27660E+13 0.00027 
   65   65    1    1    1    1    1    1    1    1  3.37123E+13 0.00031 
   66   66    1    1    1    1    1    1    1    1  3.31001E+13 0.00032 
   67   67    1    1    1    1    1    1    1    1  2.62196E+13 0.00027 
   68   68    1    1    1    1    1    1    1    1  2.15926E+13 0.00034 
   69   69    1    1    1    1    1    1    1    1  1.91081E+13 0.00036 
   70   70    1    1    1    1    1    1    1    1  2.32229E+13 0.00039 
   71   71    1    1    1    1    1    1    1    1  1.99558E+13 0.00045 
   72   72    1    1    1    1    1    1    1    1  3.74078E+13 0.00031 
   73   73    1    1    1    1    1    1    1    1  2.72188E+13 0.00041 
   74   74    1    1    1    1    1    1    1    1  2.09587E+13 0.00052 
   75   75    1    1    1    1    1    1    1    1  1.68725E+13 0.00044 
   76   76    1    1    1    1    1    1    1    1  1.37962E+13 0.00055 
   77   77    1    1    1    1    1    1    1    1  1.57335E+13 0.00042 
   78   78    1    1    1    1    1    1    1    1  1.22424E+13 0.00048 
   79   79    1    1    1    1    1    1    1    1  9.44394E+12 0.00052 
   80   80    1    1    1    1    1    1    1    1  9.72949E+12 0.00059 
   81   81    1    1    1    1    1    1    1    1  7.23271E+12 0.00057 
   82   82    1    1    1    1    1    1    1    1  5.57617E+12 0.00075 
   83   83    1    1    1    1    1    1    1    1  4.30162E+12 0.00092 
   84   84    1    1    1    1    1    1    1    1  4.01776E+12 0.00085 
   85   85    1    1    1    1    1    1    1    1  2.89130E+12 0.00094 
   86   86    1    1    1    1    1    1    1    1  2.08546E+12 0.00106 
   87   87    1    1    1    1    1    1    1    1  1.94951E+12 0.00150 
   88   88    1    1    1    1    1    1    1    1  1.20499E+12 0.00168 
   89   89    1    1    1    1    1    1    1    1  8.15144E+11 0.00227 
   90   90    1    1    1    1    1    1    1    1  4.74602E+11 0.00270 
   91   91    1    1    1    1    1    1    1    1  6.04218E+11 0.00217 
   92   92    1    1    1    1    1    1    1    1  0.00000E+00 0.00000 
   93   93    1    1    1    1    1    1    1    1  0.00000E+00 0.00000 
   94   94    1    1    1    1    1    1    1    1  0.00000E+00 0.00000 
   95   95    1    1    1    1    1    1    1    1  0.00000E+00 0.00000 
   96   96    1    1    1    1    1    1    1    1  0.00000E+00 0.00000 
   97   97    1    1    1    1    1    1    1    1  0.00000E+00 0.00000 
   98   98    1    1    1    1    1    1    1    1  0.00000E+00 0.00000 
   99   99    1    1    1    1    1    1    1    1  0.00000E+00 0.00000 
  100  100    1    1    1    1    1    1    1    1  0.00000E+00 0.00000 
];


