
DETdpaspec = [
    1    1    1    1    1    1    1    1    1    1  0.00000E+00 0.00000 
    2    2    1    1    1    1    1    1    1    1  0.00000E+00 0.00000 
    3    3    1    1    1    1    1    1    1    1  0.00000E+00 0.00000 
    4    4    1    1    1    1    1    1    1    1  0.00000E+00 0.00000 
    5    5    1    1    1    1    1    1    1    1  0.00000E+00 0.00000 
    6    6    1    1    1    1    1    1    1    1  0.00000E+00 0.00000 
    7    7    1    1    1    1    1    1    1    1  0.00000E+00 0.00000 
    8    8    1    1    1    1    1    1    1    1  0.00000E+00 0.00000 
    9    9    1    1    1    1    1    1    1    1  0.00000E+00 0.00000 
   10   10    1    1    1    1    1    1    1    1  0.00000E+00 0.00000 
   11   11    1    1    1    1    1    1    1    1  0.00000E+00 0.00000 
   12   12    1    1    1    1    1    1    1    1  0.00000E+00 0.00000 
   13   13    1    1    1    1    1    1    1    1  0.00000E+00 0.00000 
   14   14    1    1    1    1    1    1    1    1  0.00000E+00 0.00000 
   15   15    1    1    1    1    1    1    1    1  0.00000E+00 0.00000 
   16   16    1    1    1    1    1    1    1    1  0.00000E+00 0.00000 
   17   17    1    1    1    1    1    1    1    1  0.00000E+00 0.00000 
   18   18    1    1    1    1    1    1    1    1  0.00000E+00 0.00000 
   19   19    1    1    1    1    1    1    1    1  2.09510E+09 0.06496 
   20   20    1    1    1    1    1    1    1    1  3.19276E+08 0.08889 
   21   21    1    1    1    1    1    1    1    1  1.02964E+09 0.06432 
   22   22    1    1    1    1    1    1    1    1  9.22631E+08 0.04899 
   23   23    1    1    1    1    1    1    1    1  2.33035E+09 0.03126 
   24   24    1    1    1    1    1    1    1    1  6.64527E+09 0.02024 
   25   25    1    1    1    1    1    1    1    1  1.78627E+10 0.01342 
   26   26    1    1    1    1    1    1    1    1  3.14015E+10 0.01087 
   27   27    1    1    1    1    1    1    1    1  7.04845E+10 0.00569 
   28   28    1    1    1    1    1    1    1    1  1.45903E+11 0.00444 
   29   29    1    1    1    1    1    1    1    1  3.29267E+11 0.00265 
   30   30    1    1    1    1    1    1    1    1  5.05673E+11 0.00200 
   31   31    1    1    1    1    1    1    1    1  1.01785E+12 0.00190 
   32   32    1    1    1    1    1    1    1    1  2.24096E+12 0.00093 
   33   33    1    1    1    1    1    1    1    1  3.16729E+12 0.00114 
   34   34    1    1    1    1    1    1    1    1  6.02437E+12 0.00068 
   35   35    1    1    1    1    1    1    1    1  7.22963E+12 0.00067 
   36   36    1    1    1    1    1    1    1    1  8.86946E+12 0.00057 
   37   37    1    1    1    1    1    1    1    1  6.55786E+12 0.00049 
   38   38    1    1    1    1    1    1    1    1  1.97505E+12 0.00050 
   39   39    1    1    1    1    1    1    1    1  9.89959E+12 0.00049 
   40   40    1    1    1    1    1    1    1    1  1.21160E+13 0.00047 
   41   41    1    1    1    1    1    1    1    1  2.03853E+13 0.00035 
   42   42    1    1    1    1    1    1    1    1  1.89061E+13 0.00038 
   43   43    1    1    1    1    1    1    1    1  3.50084E+13 0.00029 
   44   44    1    1    1    1    1    1    1    1  3.82397E+13 0.00027 
   45   45    1    1    1    1    1    1    1    1  4.95612E+13 0.00026 
   46   46    1    1    1    1    1    1    1    1  8.86552E+13 0.00018 
   47   47    1    1    1    1    1    1    1    1  4.58592E+13 0.00019 
   48   48    1    1    1    1    1    1    1    1  6.53350E+13 0.00020 
   49   49    1    1    1    1    1    1    1    1  9.08719E+13 0.00017 
   50   50    1    1    1    1    1    1    1    1  8.13872E+13 0.00019 
   51   51    1    1    1    1    1    1    1    1  1.26506E+14 0.00013 
   52   52    1    1    1    1    1    1    1    1  9.75237E+13 0.00017 
   53   53    1    1    1    1    1    1    1    1  1.12239E+14 0.00017 
   54   54    1    1    1    1    1    1    1    1  7.92776E+13 0.00015 
   55   55    1    1    1    1    1    1    1    1  9.74599E+13 0.00015 
   56   56    1    1    1    1    1    1    1    1  6.86062E+13 0.00017 
   57   57    1    1    1    1    1    1    1    1  9.40386E+12 0.00034 
   58   58    1    1    1    1    1    1    1    1  1.32614E+14 0.00015 
   59   59    1    1    1    1    1    1    1    1  5.92749E+13 0.00022 
   60   60    1    1    1    1    1    1    1    1  6.36263E+13 0.00019 
   61   61    1    1    1    1    1    1    1    1  5.10026E+13 0.00017 
   62   62    1    1    1    1    1    1    1    1  5.08281E+13 0.00025 
   63   63    1    1    1    1    1    1    1    1  5.12073E+13 0.00024 
   64   64    1    1    1    1    1    1    1    1  4.28011E+13 0.00031 
   65   65    1    1    1    1    1    1    1    1  3.36103E+13 0.00032 
   66   66    1    1    1    1    1    1    1    1  3.28054E+13 0.00031 
   67   67    1    1    1    1    1    1    1    1  2.59677E+13 0.00032 
   68   68    1    1    1    1    1    1    1    1  2.12276E+13 0.00043 
   69   69    1    1    1    1    1    1    1    1  1.86874E+13 0.00045 
   70   70    1    1    1    1    1    1    1    1  2.27072E+13 0.00043 
   71   71    1    1    1    1    1    1    1    1  1.93892E+13 0.00047 
   72   72    1    1    1    1    1    1    1    1  3.54437E+13 0.00028 
   73   73    1    1    1    1    1    1    1    1  2.55280E+13 0.00039 
   74   74    1    1    1    1    1    1    1    1  1.96368E+13 0.00042 
   75   75    1    1    1    1    1    1    1    1  1.60322E+13 0.00050 
   76   76    1    1    1    1    1    1    1    1  1.32831E+13 0.00053 
   77   77    1    1    1    1    1    1    1    1  1.53742E+13 0.00045 
   78   78    1    1    1    1    1    1    1    1  1.21612E+13 0.00052 
   79   79    1    1    1    1    1    1    1    1  9.49243E+12 0.00062 
   80   80    1    1    1    1    1    1    1    1  9.86611E+12 0.00063 
   81   81    1    1    1    1    1    1    1    1  7.39391E+12 0.00069 
   82   82    1    1    1    1    1    1    1    1  5.72204E+12 0.00065 
   83   83    1    1    1    1    1    1    1    1  4.42563E+12 0.00093 
   84   84    1    1    1    1    1    1    1    1  4.13523E+12 0.00115 
   85   85    1    1    1    1    1    1    1    1  2.97808E+12 0.00107 
   86   86    1    1    1    1    1    1    1    1  2.15279E+12 0.00116 
   87   87    1    1    1    1    1    1    1    1  2.01785E+12 0.00130 
   88   88    1    1    1    1    1    1    1    1  1.24215E+12 0.00212 
   89   89    1    1    1    1    1    1    1    1  8.34563E+11 0.00222 
   90   90    1    1    1    1    1    1    1    1  4.83886E+11 0.00248 
   91   91    1    1    1    1    1    1    1    1  6.09760E+11 0.00236 
   92   92    1    1    1    1    1    1    1    1  0.00000E+00 0.00000 
   93   93    1    1    1    1    1    1    1    1  0.00000E+00 0.00000 
   94   94    1    1    1    1    1    1    1    1  0.00000E+00 0.00000 
   95   95    1    1    1    1    1    1    1    1  0.00000E+00 0.00000 
   96   96    1    1    1    1    1    1    1    1  0.00000E+00 0.00000 
   97   97    1    1    1    1    1    1    1    1  0.00000E+00 0.00000 
   98   98    1    1    1    1    1    1    1    1  0.00000E+00 0.00000 
   99   99    1    1    1    1    1    1    1    1  0.00000E+00 0.00000 
  100  100    1    1    1    1    1    1    1    1  0.00000E+00 0.00000 
];


