
DETdpaspec = [
    1    1    1    1    1    1    1    1    1    1  0.00000E+00 0.00000 
    2    2    1    1    1    1    1    1    1    1  0.00000E+00 0.00000 
    3    3    1    1    1    1    1    1    1    1  0.00000E+00 0.00000 
    4    4    1    1    1    1    1    1    1    1  0.00000E+00 0.00000 
    5    5    1    1    1    1    1    1    1    1  0.00000E+00 0.00000 
    6    6    1    1    1    1    1    1    1    1  0.00000E+00 0.00000 
    7    7    1    1    1    1    1    1    1    1  0.00000E+00 0.00000 
    8    8    1    1    1    1    1    1    1    1  0.00000E+00 0.00000 
    9    9    1    1    1    1    1    1    1    1  0.00000E+00 0.00000 
   10   10    1    1    1    1    1    1    1    1  0.00000E+00 0.00000 
   11   11    1    1    1    1    1    1    1    1  0.00000E+00 0.00000 
   12   12    1    1    1    1    1    1    1    1  0.00000E+00 0.00000 
   13   13    1    1    1    1    1    1    1    1  0.00000E+00 0.00000 
   14   14    1    1    1    1    1    1    1    1  0.00000E+00 0.00000 
   15   15    1    1    1    1    1    1    1    1  0.00000E+00 0.00000 
   16   16    1    1    1    1    1    1    1    1  0.00000E+00 0.00000 
   17   17    1    1    1    1    1    1    1    1  0.00000E+00 0.00000 
   18   18    1    1    1    1    1    1    1    1  0.00000E+00 0.00000 
   19   19    1    1    1    1    1    1    1    1  1.68877E+09 0.10656 
   20   20    1    1    1    1    1    1    1    1  3.10530E+08 0.08701 
   21   21    1    1    1    1    1    1    1    1  1.18480E+09 0.06372 
   22   22    1    1    1    1    1    1    1    1  2.34737E+09 0.02977 
   23   23    1    1    1    1    1    1    1    1  1.21850E+10 0.01801 
   24   24    1    1    1    1    1    1    1    1  4.67159E+10 0.00813 
   25   25    1    1    1    1    1    1    1    1  1.17105E+11 0.00472 
   26   26    1    1    1    1    1    1    1    1  1.80491E+11 0.00438 
   27   27    1    1    1    1    1    1    1    1  3.36601E+11 0.00334 
   28   28    1    1    1    1    1    1    1    1  5.75237E+11 0.00250 
   29   29    1    1    1    1    1    1    1    1  1.04569E+12 0.00181 
   30   30    1    1    1    1    1    1    1    1  1.44763E+12 0.00149 
   31   31    1    1    1    1    1    1    1    1  2.43134E+12 0.00105 
   32   32    1    1    1    1    1    1    1    1  4.43838E+12 0.00071 
   33   33    1    1    1    1    1    1    1    1  5.64936E+12 0.00067 
   34   34    1    1    1    1    1    1    1    1  9.68666E+12 0.00059 
   35   35    1    1    1    1    1    1    1    1  1.10191E+13 0.00056 
   36   36    1    1    1    1    1    1    1    1  1.21163E+13 0.00041 
   37   37    1    1    1    1    1    1    1    1  8.42384E+12 0.00039 
   38   38    1    1    1    1    1    1    1    1  2.46695E+12 0.00039 
   39   39    1    1    1    1    1    1    1    1  1.23783E+13 0.00034 
   40   40    1    1    1    1    1    1    1    1  1.48652E+13 0.00038 
   41   41    1    1    1    1    1    1    1    1  2.46288E+13 0.00026 
   42   42    1    1    1    1    1    1    1    1  2.21184E+13 0.00032 
   43   43    1    1    1    1    1    1    1    1  4.05431E+13 0.00023 
   44   44    1    1    1    1    1    1    1    1  4.34937E+13 0.00031 
   45   45    1    1    1    1    1    1    1    1  5.53305E+13 0.00023 
   46   46    1    1    1    1    1    1    1    1  9.69619E+13 0.00017 
   47   47    1    1    1    1    1    1    1    1  4.89549E+13 0.00018 
   48   48    1    1    1    1    1    1    1    1  6.87428E+13 0.00018 
   49   49    1    1    1    1    1    1    1    1  9.41917E+13 0.00015 
   50   50    1    1    1    1    1    1    1    1  8.29400E+13 0.00015 
   51   51    1    1    1    1    1    1    1    1  1.27845E+14 0.00013 
   52   52    1    1    1    1    1    1    1    1  9.65436E+13 0.00015 
   53   53    1    1    1    1    1    1    1    1  1.10609E+14 0.00018 
   54   54    1    1    1    1    1    1    1    1  7.71030E+13 0.00019 
   55   55    1    1    1    1    1    1    1    1  9.45904E+13 0.00016 
   56   56    1    1    1    1    1    1    1    1  6.60472E+13 0.00015 
   57   57    1    1    1    1    1    1    1    1  9.00240E+12 0.00034 
   58   58    1    1    1    1    1    1    1    1  1.26445E+14 0.00014 
   59   59    1    1    1    1    1    1    1    1  5.65382E+13 0.00022 
   60   60    1    1    1    1    1    1    1    1  6.01319E+13 0.00020 
   61   61    1    1    1    1    1    1    1    1  4.82094E+13 0.00022 
   62   62    1    1    1    1    1    1    1    1  4.78053E+13 0.00021 
   63   63    1    1    1    1    1    1    1    1  4.79818E+13 0.00026 
   64   64    1    1    1    1    1    1    1    1  3.99233E+13 0.00025 
   65   65    1    1    1    1    1    1    1    1  3.11877E+13 0.00028 
   66   66    1    1    1    1    1    1    1    1  3.02503E+13 0.00025 
   67   67    1    1    1    1    1    1    1    1  2.38415E+13 0.00033 
   68   68    1    1    1    1    1    1    1    1  1.93701E+13 0.00037 
   69   69    1    1    1    1    1    1    1    1  1.69938E+13 0.00039 
   70   70    1    1    1    1    1    1    1    1  2.05677E+13 0.00039 
   71   71    1    1    1    1    1    1    1    1  1.74420E+13 0.00038 
   72   72    1    1    1    1    1    1    1    1  3.14328E+13 0.00041 
   73   73    1    1    1    1    1    1    1    1  2.23941E+13 0.00030 
   74   74    1    1    1    1    1    1    1    1  1.71599E+13 0.00038 
   75   75    1    1    1    1    1    1    1    1  1.40327E+13 0.00060 
   76   76    1    1    1    1    1    1    1    1  1.16794E+13 0.00053 
   77   77    1    1    1    1    1    1    1    1  1.35397E+13 0.00046 
   78   78    1    1    1    1    1    1    1    1  1.07370E+13 0.00055 
   79   79    1    1    1    1    1    1    1    1  8.40227E+12 0.00068 
   80   80    1    1    1    1    1    1    1    1  8.75621E+12 0.00064 
   81   81    1    1    1    1    1    1    1    1  6.56374E+12 0.00067 
   82   82    1    1    1    1    1    1    1    1  5.07955E+12 0.00070 
   83   83    1    1    1    1    1    1    1    1  3.91449E+12 0.00109 
   84   84    1    1    1    1    1    1    1    1  3.65842E+12 0.00093 
   85   85    1    1    1    1    1    1    1    1  2.63308E+12 0.00119 
   86   86    1    1    1    1    1    1    1    1  1.89932E+12 0.00111 
   87   87    1    1    1    1    1    1    1    1  1.77984E+12 0.00162 
   88   88    1    1    1    1    1    1    1    1  1.08715E+12 0.00152 
   89   89    1    1    1    1    1    1    1    1  7.29375E+11 0.00213 
   90   90    1    1    1    1    1    1    1    1  4.18705E+11 0.00247 
   91   91    1    1    1    1    1    1    1    1  5.25506E+11 0.00277 
   92   92    1    1    1    1    1    1    1    1  0.00000E+00 0.00000 
   93   93    1    1    1    1    1    1    1    1  0.00000E+00 0.00000 
   94   94    1    1    1    1    1    1    1    1  0.00000E+00 0.00000 
   95   95    1    1    1    1    1    1    1    1  0.00000E+00 0.00000 
   96   96    1    1    1    1    1    1    1    1  0.00000E+00 0.00000 
   97   97    1    1    1    1    1    1    1    1  0.00000E+00 0.00000 
   98   98    1    1    1    1    1    1    1    1  0.00000E+00 0.00000 
   99   99    1    1    1    1    1    1    1    1  0.00000E+00 0.00000 
  100  100    1    1    1    1    1    1    1    1  0.00000E+00 0.00000 
];


