
DETdpaspec = [
    1    1    1    1    1    1    1    1    1    1  0.00000E+00 0.00000 
    2    2    1    1    1    1    1    1    1    1  0.00000E+00 0.00000 
    3    3    1    1    1    1    1    1    1    1  0.00000E+00 0.00000 
    4    4    1    1    1    1    1    1    1    1  0.00000E+00 0.00000 
    5    5    1    1    1    1    1    1    1    1  0.00000E+00 0.00000 
    6    6    1    1    1    1    1    1    1    1  0.00000E+00 0.00000 
    7    7    1    1    1    1    1    1    1    1  0.00000E+00 0.00000 
    8    8    1    1    1    1    1    1    1    1  0.00000E+00 0.00000 
    9    9    1    1    1    1    1    1    1    1  0.00000E+00 0.00000 
   10   10    1    1    1    1    1    1    1    1  0.00000E+00 0.00000 
   11   11    1    1    1    1    1    1    1    1  0.00000E+00 0.00000 
   12   12    1    1    1    1    1    1    1    1  0.00000E+00 0.00000 
   13   13    1    1    1    1    1    1    1    1  0.00000E+00 0.00000 
   14   14    1    1    1    1    1    1    1    1  0.00000E+00 0.00000 
   15   15    1    1    1    1    1    1    1    1  0.00000E+00 0.00000 
   16   16    1    1    1    1    1    1    1    1  0.00000E+00 0.00000 
   17   17    1    1    1    1    1    1    1    1  0.00000E+00 0.00000 
   18   18    1    1    1    1    1    1    1    1  0.00000E+00 0.00000 
   19   19    1    1    1    1    1    1    1    1  2.36728E+09 0.05818 
   20   20    1    1    1    1    1    1    1    1  3.60163E+08 0.06534 
   21   21    1    1    1    1    1    1    1    1  1.17070E+09 0.05307 
   22   22    1    1    1    1    1    1    1    1  9.31319E+08 0.04651 
   23   23    1    1    1    1    1    1    1    1  2.29778E+09 0.03249 
   24   24    1    1    1    1    1    1    1    1  5.25200E+09 0.02421 
   25   25    1    1    1    1    1    1    1    1  1.25330E+10 0.01523 
   26   26    1    1    1    1    1    1    1    1  2.19524E+10 0.01032 
   27   27    1    1    1    1    1    1    1    1  4.93582E+10 0.00651 
   28   28    1    1    1    1    1    1    1    1  1.06222E+11 0.00445 
   29   29    1    1    1    1    1    1    1    1  2.47676E+11 0.00322 
   30   30    1    1    1    1    1    1    1    1  3.83728E+11 0.00278 
   31   31    1    1    1    1    1    1    1    1  8.24782E+11 0.00203 
   32   32    1    1    1    1    1    1    1    1  1.90423E+12 0.00148 
   33   33    1    1    1    1    1    1    1    1  2.76631E+12 0.00119 
   34   34    1    1    1    1    1    1    1    1  5.38064E+12 0.00073 
   35   35    1    1    1    1    1    1    1    1  6.48414E+12 0.00064 
   36   36    1    1    1    1    1    1    1    1  8.25047E+12 0.00052 
   37   37    1    1    1    1    1    1    1    1  6.21766E+12 0.00049 
   38   38    1    1    1    1    1    1    1    1  1.89066E+12 0.00047 
   39   39    1    1    1    1    1    1    1    1  9.44006E+12 0.00047 
   40   40    1    1    1    1    1    1    1    1  1.16023E+13 0.00049 
   41   41    1    1    1    1    1    1    1    1  1.95549E+13 0.00037 
   42   42    1    1    1    1    1    1    1    1  1.83272E+13 0.00029 
   43   43    1    1    1    1    1    1    1    1  3.39565E+13 0.00036 
   44   44    1    1    1    1    1    1    1    1  3.72303E+13 0.00027 
   45   45    1    1    1    1    1    1    1    1  4.84226E+13 0.00028 
   46   46    1    1    1    1    1    1    1    1  8.69630E+13 0.00025 
   47   47    1    1    1    1    1    1    1    1  4.52370E+13 0.00025 
   48   48    1    1    1    1    1    1    1    1  6.47122E+13 0.00021 
   49   49    1    1    1    1    1    1    1    1  9.02519E+13 0.00021 
   50   50    1    1    1    1    1    1    1    1  8.12401E+13 0.00020 
   51   51    1    1    1    1    1    1    1    1  1.26280E+14 0.00013 
   52   52    1    1    1    1    1    1    1    1  9.79552E+13 0.00019 
   53   53    1    1    1    1    1    1    1    1  1.12585E+14 0.00016 
   54   54    1    1    1    1    1    1    1    1  7.97869E+13 0.00016 
   55   55    1    1    1    1    1    1    1    1  9.79170E+13 0.00018 
   56   56    1    1    1    1    1    1    1    1  6.91017E+13 0.00018 
   57   57    1    1    1    1    1    1    1    1  9.48519E+12 0.00043 
   58   58    1    1    1    1    1    1    1    1  1.33827E+14 0.00017 
   59   59    1    1    1    1    1    1    1    1  5.96200E+13 0.00022 
   60   60    1    1    1    1    1    1    1    1  6.42575E+13 0.00018 
   61   61    1    1    1    1    1    1    1    1  5.13837E+13 0.00025 
   62   62    1    1    1    1    1    1    1    1  5.12726E+13 0.00025 
   63   63    1    1    1    1    1    1    1    1  5.16690E+13 0.00025 
   64   64    1    1    1    1    1    1    1    1  4.32269E+13 0.00026 
   65   65    1    1    1    1    1    1    1    1  3.40125E+13 0.00028 
   66   66    1    1    1    1    1    1    1    1  3.32260E+13 0.00029 
   67   67    1    1    1    1    1    1    1    1  2.63144E+13 0.00039 
   68   68    1    1    1    1    1    1    1    1  2.15375E+13 0.00041 
   69   69    1    1    1    1    1    1    1    1  1.89989E+13 0.00042 
   70   70    1    1    1    1    1    1    1    1  2.30976E+13 0.00047 
   71   71    1    1    1    1    1    1    1    1  1.97578E+13 0.00038 
   72   72    1    1    1    1    1    1    1    1  3.63643E+13 0.00034 
   73   73    1    1    1    1    1    1    1    1  2.62477E+13 0.00043 
   74   74    1    1    1    1    1    1    1    1  2.02219E+13 0.00037 
   75   75    1    1    1    1    1    1    1    1  1.64695E+13 0.00039 
   76   76    1    1    1    1    1    1    1    1  1.36298E+13 0.00050 
   77   77    1    1    1    1    1    1    1    1  1.57225E+13 0.00054 
   78   78    1    1    1    1    1    1    1    1  1.23873E+13 0.00047 
   79   79    1    1    1    1    1    1    1    1  9.65642E+12 0.00061 
   80   80    1    1    1    1    1    1    1    1  1.00240E+13 0.00049 
   81   81    1    1    1    1    1    1    1    1  7.50693E+12 0.00072 
   82   82    1    1    1    1    1    1    1    1  5.80950E+12 0.00066 
   83   83    1    1    1    1    1    1    1    1  4.48391E+12 0.00107 
   84   84    1    1    1    1    1    1    1    1  4.20143E+12 0.00070 
   85   85    1    1    1    1    1    1    1    1  3.01695E+12 0.00123 
   86   86    1    1    1    1    1    1    1    1  2.18471E+12 0.00118 
   87   87    1    1    1    1    1    1    1    1  2.04269E+12 0.00151 
   88   88    1    1    1    1    1    1    1    1  1.26231E+12 0.00193 
   89   89    1    1    1    1    1    1    1    1  8.52572E+11 0.00207 
   90   90    1    1    1    1    1    1    1    1  4.91182E+11 0.00258 
   91   91    1    1    1    1    1    1    1    1  6.21467E+11 0.00259 
   92   92    1    1    1    1    1    1    1    1  0.00000E+00 0.00000 
   93   93    1    1    1    1    1    1    1    1  0.00000E+00 0.00000 
   94   94    1    1    1    1    1    1    1    1  0.00000E+00 0.00000 
   95   95    1    1    1    1    1    1    1    1  0.00000E+00 0.00000 
   96   96    1    1    1    1    1    1    1    1  0.00000E+00 0.00000 
   97   97    1    1    1    1    1    1    1    1  0.00000E+00 0.00000 
   98   98    1    1    1    1    1    1    1    1  0.00000E+00 0.00000 
   99   99    1    1    1    1    1    1    1    1  0.00000E+00 0.00000 
  100  100    1    1    1    1    1    1    1    1  0.00000E+00 0.00000 
];


