
DETdpaspec = [
    1    1    1    1    1    1    1    1    1    1  0.00000E+00 0.00000 
    2    2    1    1    1    1    1    1    1    1  0.00000E+00 0.00000 
    3    3    1    1    1    1    1    1    1    1  0.00000E+00 0.00000 
    4    4    1    1    1    1    1    1    1    1  0.00000E+00 0.00000 
    5    5    1    1    1    1    1    1    1    1  0.00000E+00 0.00000 
    6    6    1    1    1    1    1    1    1    1  0.00000E+00 0.00000 
    7    7    1    1    1    1    1    1    1    1  0.00000E+00 0.00000 
    8    8    1    1    1    1    1    1    1    1  0.00000E+00 0.00000 
    9    9    1    1    1    1    1    1    1    1  0.00000E+00 0.00000 
   10   10    1    1    1    1    1    1    1    1  0.00000E+00 0.00000 
   11   11    1    1    1    1    1    1    1    1  0.00000E+00 0.00000 
   12   12    1    1    1    1    1    1    1    1  0.00000E+00 0.00000 
   13   13    1    1    1    1    1    1    1    1  0.00000E+00 0.00000 
   14   14    1    1    1    1    1    1    1    1  0.00000E+00 0.00000 
   15   15    1    1    1    1    1    1    1    1  0.00000E+00 0.00000 
   16   16    1    1    1    1    1    1    1    1  0.00000E+00 0.00000 
   17   17    1    1    1    1    1    1    1    1  0.00000E+00 0.00000 
   18   18    1    1    1    1    1    1    1    1  0.00000E+00 0.00000 
   19   19    1    1    1    1    1    1    1    1  6.21849E+09 0.03692 
   20   20    1    1    1    1    1    1    1    1  1.29396E+09 0.03181 
   21   21    1    1    1    1    1    1    1    1  3.58296E+09 0.02231 
   22   22    1    1    1    1    1    1    1    1  4.48428E+09 0.01614 
   23   23    1    1    1    1    1    1    1    1  1.71881E+10 0.01522 
   24   24    1    1    1    1    1    1    1    1  5.02136E+10 0.00684 
   25   25    1    1    1    1    1    1    1    1  1.17338E+11 0.00416 
   26   26    1    1    1    1    1    1    1    1  1.89517E+11 0.00315 
   27   27    1    1    1    1    1    1    1    1  3.76673E+11 0.00250 
   28   28    1    1    1    1    1    1    1    1  6.58759E+11 0.00146 
   29   29    1    1    1    1    1    1    1    1  1.26797E+12 0.00124 
   30   30    1    1    1    1    1    1    1    1  1.59770E+12 0.00126 
   31   31    1    1    1    1    1    1    1    1  2.95564E+12 0.00102 
   32   32    1    1    1    1    1    1    1    1  5.51960E+12 0.00081 
   33   33    1    1    1    1    1    1    1    1  6.71724E+12 0.00056 
   34   34    1    1    1    1    1    1    1    1  1.14366E+13 0.00041 
   35   35    1    1    1    1    1    1    1    1  1.16170E+13 0.00037 
   36   36    1    1    1    1    1    1    1    1  1.48431E+13 0.00032 
   37   37    1    1    1    1    1    1    1    1  1.35153E+13 0.00037 
   38   38    1    1    1    1    1    1    1    1  4.22956E+12 0.00035 
   39   39    1    1    1    1    1    1    1    1  1.76532E+13 0.00029 
   40   40    1    1    1    1    1    1    1    1  1.91602E+13 0.00031 
   41   41    1    1    1    1    1    1    1    1  3.09315E+13 0.00030 
   42   42    1    1    1    1    1    1    1    1  2.80852E+13 0.00030 
   43   43    1    1    1    1    1    1    1    1  4.44009E+13 0.00023 
   44   44    1    1    1    1    1    1    1    1  4.44771E+13 0.00026 
   45   45    1    1    1    1    1    1    1    1  5.41467E+13 0.00024 
   46   46    1    1    1    1    1    1    1    1  8.47893E+13 0.00019 
   47   47    1    1    1    1    1    1    1    1  5.10497E+13 0.00022 
   48   48    1    1    1    1    1    1    1    1  6.43003E+13 0.00018 
   49   49    1    1    1    1    1    1    1    1  8.93897E+13 0.00013 
   50   50    1    1    1    1    1    1    1    1  7.54756E+13 0.00016 
   51   51    1    1    1    1    1    1    1    1  1.14158E+14 0.00013 
   52   52    1    1    1    1    1    1    1    1  8.89639E+13 0.00013 
   53   53    1    1    1    1    1    1    1    1  9.68232E+13 0.00017 
   54   54    1    1    1    1    1    1    1    1  7.12737E+13 0.00017 
   55   55    1    1    1    1    1    1    1    1  8.57086E+13 0.00016 
   56   56    1    1    1    1    1    1    1    1  6.33505E+13 0.00016 
   57   57    1    1    1    1    1    1    1    1  8.89084E+12 0.00041 
   58   58    1    1    1    1    1    1    1    1  1.20055E+14 0.00014 
   59   59    1    1    1    1    1    1    1    1  5.23459E+13 0.00025 
   60   60    1    1    1    1    1    1    1    1  5.79555E+13 0.00021 
   61   61    1    1    1    1    1    1    1    1  4.79210E+13 0.00022 
   62   62    1    1    1    1    1    1    1    1  4.82098E+13 0.00026 
   63   63    1    1    1    1    1    1    1    1  4.67256E+13 0.00025 
   64   64    1    1    1    1    1    1    1    1  3.89788E+13 0.00030 
   65   65    1    1    1    1    1    1    1    1  3.03868E+13 0.00026 
   66   66    1    1    1    1    1    1    1    1  2.87770E+13 0.00027 
   67   67    1    1    1    1    1    1    1    1  2.59650E+13 0.00030 
   68   68    1    1    1    1    1    1    1    1  2.16690E+13 0.00033 
   69   69    1    1    1    1    1    1    1    1  1.87005E+13 0.00044 
   70   70    1    1    1    1    1    1    1    1  2.30975E+13 0.00035 
   71   71    1    1    1    1    1    1    1    1  1.99901E+13 0.00036 
   72   72    1    1    1    1    1    1    1    1  3.81364E+13 0.00042 
   73   73    1    1    1    1    1    1    1    1  2.87166E+13 0.00040 
   74   74    1    1    1    1    1    1    1    1  2.29426E+13 0.00041 
   75   75    1    1    1    1    1    1    1    1  1.89196E+13 0.00037 
   76   76    1    1    1    1    1    1    1    1  1.54306E+13 0.00037 
   77   77    1    1    1    1    1    1    1    1  1.75413E+13 0.00039 
   78   78    1    1    1    1    1    1    1    1  1.36185E+13 0.00052 
   79   79    1    1    1    1    1    1    1    1  1.01644E+13 0.00064 
   80   80    1    1    1    1    1    1    1    1  1.05997E+13 0.00054 
   81   81    1    1    1    1    1    1    1    1  8.01271E+12 0.00071 
   82   82    1    1    1    1    1    1    1    1  6.23932E+12 0.00073 
   83   83    1    1    1    1    1    1    1    1  4.85524E+12 0.00098 
   84   84    1    1    1    1    1    1    1    1  4.53537E+12 0.00077 
   85   85    1    1    1    1    1    1    1    1  3.26627E+12 0.00104 
   86   86    1    1    1    1    1    1    1    1  2.36178E+12 0.00153 
   87   87    1    1    1    1    1    1    1    1  2.21339E+12 0.00109 
   88   88    1    1    1    1    1    1    1    1  1.37474E+12 0.00232 
   89   89    1    1    1    1    1    1    1    1  9.24652E+11 0.00191 
   90   90    1    1    1    1    1    1    1    1  5.35604E+11 0.00281 
   91   91    1    1    1    1    1    1    1    1  6.80294E+11 0.00204 
   92   92    1    1    1    1    1    1    1    1  0.00000E+00 0.00000 
   93   93    1    1    1    1    1    1    1    1  0.00000E+00 0.00000 
   94   94    1    1    1    1    1    1    1    1  0.00000E+00 0.00000 
   95   95    1    1    1    1    1    1    1    1  0.00000E+00 0.00000 
   96   96    1    1    1    1    1    1    1    1  0.00000E+00 0.00000 
   97   97    1    1    1    1    1    1    1    1  0.00000E+00 0.00000 
   98   98    1    1    1    1    1    1    1    1  0.00000E+00 0.00000 
   99   99    1    1    1    1    1    1    1    1  0.00000E+00 0.00000 
  100  100    1    1    1    1    1    1    1    1  0.00000E+00 0.00000 
];


