
DETdpaspec = [
    1    1    1    1    1    1    1    1    1    1  0.00000E+00 0.00000 
    2    2    1    1    1    1    1    1    1    1  0.00000E+00 0.00000 
    3    3    1    1    1    1    1    1    1    1  0.00000E+00 0.00000 
    4    4    1    1    1    1    1    1    1    1  0.00000E+00 0.00000 
    5    5    1    1    1    1    1    1    1    1  0.00000E+00 0.00000 
    6    6    1    1    1    1    1    1    1    1  0.00000E+00 0.00000 
    7    7    1    1    1    1    1    1    1    1  0.00000E+00 0.00000 
    8    8    1    1    1    1    1    1    1    1  0.00000E+00 0.00000 
    9    9    1    1    1    1    1    1    1    1  0.00000E+00 0.00000 
   10   10    1    1    1    1    1    1    1    1  0.00000E+00 0.00000 
   11   11    1    1    1    1    1    1    1    1  0.00000E+00 0.00000 
   12   12    1    1    1    1    1    1    1    1  0.00000E+00 0.00000 
   13   13    1    1    1    1    1    1    1    1  0.00000E+00 0.00000 
   14   14    1    1    1    1    1    1    1    1  0.00000E+00 0.00000 
   15   15    1    1    1    1    1    1    1    1  0.00000E+00 0.00000 
   16   16    1    1    1    1    1    1    1    1  0.00000E+00 0.00000 
   17   17    1    1    1    1    1    1    1    1  0.00000E+00 0.00000 
   18   18    1    1    1    1    1    1    1    1  0.00000E+00 0.00000 
   19   19    1    1    1    1    1    1    1    1  5.99102E+09 0.03514 
   20   20    1    1    1    1    1    1    1    1  1.18803E+09 0.04323 
   21   21    1    1    1    1    1    1    1    1  3.41695E+09 0.03146 
   22   22    1    1    1    1    1    1    1    1  4.53163E+09 0.02048 
   23   23    1    1    1    1    1    1    1    1  1.85730E+10 0.01222 
   24   24    1    1    1    1    1    1    1    1  5.71329E+10 0.00705 
   25   25    1    1    1    1    1    1    1    1  1.32581E+11 0.00420 
   26   26    1    1    1    1    1    1    1    1  2.12856E+11 0.00337 
   27   27    1    1    1    1    1    1    1    1  4.17641E+11 0.00266 
   28   28    1    1    1    1    1    1    1    1  7.17621E+11 0.00245 
   29   29    1    1    1    1    1    1    1    1  1.36312E+12 0.00179 
   30   30    1    1    1    1    1    1    1    1  1.72670E+12 0.00152 
   31   31    1    1    1    1    1    1    1    1  3.10958E+12 0.00104 
   32   32    1    1    1    1    1    1    1    1  5.73935E+12 0.00080 
   33   33    1    1    1    1    1    1    1    1  6.93972E+12 0.00088 
   34   34    1    1    1    1    1    1    1    1  1.17270E+13 0.00041 
   35   35    1    1    1    1    1    1    1    1  1.19726E+13 0.00039 
   36   36    1    1    1    1    1    1    1    1  1.50678E+13 0.00038 
   37   37    1    1    1    1    1    1    1    1  1.36539E+13 0.00035 
   38   38    1    1    1    1    1    1    1    1  4.25423E+12 0.00038 
   39   39    1    1    1    1    1    1    1    1  1.78005E+13 0.00034 
   40   40    1    1    1    1    1    1    1    1  1.92877E+13 0.00039 
   41   41    1    1    1    1    1    1    1    1  3.11425E+13 0.00031 
   42   42    1    1    1    1    1    1    1    1  2.81793E+13 0.00018 
   43   43    1    1    1    1    1    1    1    1  4.46012E+13 0.00025 
   44   44    1    1    1    1    1    1    1    1  4.45919E+13 0.00019 
   45   45    1    1    1    1    1    1    1    1  5.42719E+13 0.00019 
   46   46    1    1    1    1    1    1    1    1  8.49346E+13 0.00019 
   47   47    1    1    1    1    1    1    1    1  5.11301E+13 0.00017 
   48   48    1    1    1    1    1    1    1    1  6.42752E+13 0.00018 
   49   49    1    1    1    1    1    1    1    1  8.93489E+13 0.00017 
   50   50    1    1    1    1    1    1    1    1  7.52846E+13 0.00020 
   51   51    1    1    1    1    1    1    1    1  1.13998E+14 0.00017 
   52   52    1    1    1    1    1    1    1    1  8.86880E+13 0.00018 
   53   53    1    1    1    1    1    1    1    1  9.65629E+13 0.00015 
   54   54    1    1    1    1    1    1    1    1  7.10590E+13 0.00018 
   55   55    1    1    1    1    1    1    1    1  8.55509E+13 0.00021 
   56   56    1    1    1    1    1    1    1    1  6.31979E+13 0.00017 
   57   57    1    1    1    1    1    1    1    1  8.87152E+12 0.00035 
   58   58    1    1    1    1    1    1    1    1  1.19659E+14 0.00016 
   59   59    1    1    1    1    1    1    1    1  5.22710E+13 0.00027 
   60   60    1    1    1    1    1    1    1    1  5.78304E+13 0.00021 
   61   61    1    1    1    1    1    1    1    1  4.78542E+13 0.00019 
   62   62    1    1    1    1    1    1    1    1  4.81604E+13 0.00022 
   63   63    1    1    1    1    1    1    1    1  4.66775E+13 0.00019 
   64   64    1    1    1    1    1    1    1    1  3.89446E+13 0.00026 
   65   65    1    1    1    1    1    1    1    1  3.03775E+13 0.00029 
   66   66    1    1    1    1    1    1    1    1  2.87362E+13 0.00029 
   67   67    1    1    1    1    1    1    1    1  2.59308E+13 0.00031 
   68   68    1    1    1    1    1    1    1    1  2.16245E+13 0.00036 
   69   69    1    1    1    1    1    1    1    1  1.86580E+13 0.00045 
   70   70    1    1    1    1    1    1    1    1  2.30735E+13 0.00035 
   71   71    1    1    1    1    1    1    1    1  1.99560E+13 0.00047 
   72   72    1    1    1    1    1    1    1    1  3.79582E+13 0.00037 
   73   73    1    1    1    1    1    1    1    1  2.85288E+13 0.00031 
   74   74    1    1    1    1    1    1    1    1  2.27974E+13 0.00031 
   75   75    1    1    1    1    1    1    1    1  1.88063E+13 0.00059 
   76   76    1    1    1    1    1    1    1    1  1.53709E+13 0.00050 
   77   77    1    1    1    1    1    1    1    1  1.74738E+13 0.00049 
   78   78    1    1    1    1    1    1    1    1  1.35920E+13 0.00035 
   79   79    1    1    1    1    1    1    1    1  1.01660E+13 0.00052 
   80   80    1    1    1    1    1    1    1    1  1.06066E+13 0.00054 
   81   81    1    1    1    1    1    1    1    1  8.02778E+12 0.00065 
   82   82    1    1    1    1    1    1    1    1  6.24214E+12 0.00077 
   83   83    1    1    1    1    1    1    1    1  4.86023E+12 0.00090 
   84   84    1    1    1    1    1    1    1    1  4.55141E+12 0.00066 
   85   85    1    1    1    1    1    1    1    1  3.27217E+12 0.00107 
   86   86    1    1    1    1    1    1    1    1  2.36207E+12 0.00141 
   87   87    1    1    1    1    1    1    1    1  2.21450E+12 0.00157 
   88   88    1    1    1    1    1    1    1    1  1.36885E+12 0.00143 
   89   89    1    1    1    1    1    1    1    1  9.28601E+11 0.00187 
   90   90    1    1    1    1    1    1    1    1  5.36982E+11 0.00246 
   91   91    1    1    1    1    1    1    1    1  6.79893E+11 0.00251 
   92   92    1    1    1    1    1    1    1    1  0.00000E+00 0.00000 
   93   93    1    1    1    1    1    1    1    1  0.00000E+00 0.00000 
   94   94    1    1    1    1    1    1    1    1  0.00000E+00 0.00000 
   95   95    1    1    1    1    1    1    1    1  0.00000E+00 0.00000 
   96   96    1    1    1    1    1    1    1    1  0.00000E+00 0.00000 
   97   97    1    1    1    1    1    1    1    1  0.00000E+00 0.00000 
   98   98    1    1    1    1    1    1    1    1  0.00000E+00 0.00000 
   99   99    1    1    1    1    1    1    1    1  0.00000E+00 0.00000 
  100  100    1    1    1    1    1    1    1    1  0.00000E+00 0.00000 
];


