
DETdpaspec = [
    1    1    1    1    1    1    1    1    1    1  0.00000E+00 0.00000 
    2    2    1    1    1    1    1    1    1    1  0.00000E+00 0.00000 
    3    3    1    1    1    1    1    1    1    1  0.00000E+00 0.00000 
    4    4    1    1    1    1    1    1    1    1  0.00000E+00 0.00000 
    5    5    1    1    1    1    1    1    1    1  0.00000E+00 0.00000 
    6    6    1    1    1    1    1    1    1    1  0.00000E+00 0.00000 
    7    7    1    1    1    1    1    1    1    1  0.00000E+00 0.00000 
    8    8    1    1    1    1    1    1    1    1  0.00000E+00 0.00000 
    9    9    1    1    1    1    1    1    1    1  0.00000E+00 0.00000 
   10   10    1    1    1    1    1    1    1    1  0.00000E+00 0.00000 
   11   11    1    1    1    1    1    1    1    1  0.00000E+00 0.00000 
   12   12    1    1    1    1    1    1    1    1  0.00000E+00 0.00000 
   13   13    1    1    1    1    1    1    1    1  0.00000E+00 0.00000 
   14   14    1    1    1    1    1    1    1    1  0.00000E+00 0.00000 
   15   15    1    1    1    1    1    1    1    1  0.00000E+00 0.00000 
   16   16    1    1    1    1    1    1    1    1  0.00000E+00 0.00000 
   17   17    1    1    1    1    1    1    1    1  0.00000E+00 0.00000 
   18   18    1    1    1    1    1    1    1    1  0.00000E+00 0.00000 
   19   19    1    1    1    1    1    1    1    1  1.08715E+10 0.01600 
   20   20    1    1    1    1    1    1    1    1  2.44353E+09 0.02054 
   21   21    1    1    1    1    1    1    1    1  6.42465E+09 0.01633 
   22   22    1    1    1    1    1    1    1    1  6.55591E+09 0.01375 
   23   23    1    1    1    1    1    1    1    1  2.09106E+10 0.01130 
   24   24    1    1    1    1    1    1    1    1  4.69733E+10 0.00655 
   25   25    1    1    1    1    1    1    1    1  9.83669E+10 0.00371 
   26   26    1    1    1    1    1    1    1    1  1.59134E+11 0.00422 
   27   27    1    1    1    1    1    1    1    1  3.20034E+11 0.00203 
   28   28    1    1    1    1    1    1    1    1  5.81191E+11 0.00149 
   29   29    1    1    1    1    1    1    1    1  1.11461E+12 0.00140 
   30   30    1    1    1    1    1    1    1    1  1.33689E+12 0.00169 
   31   31    1    1    1    1    1    1    1    1  2.73393E+12 0.00089 
   32   32    1    1    1    1    1    1    1    1  5.19109E+12 0.00067 
   33   33    1    1    1    1    1    1    1    1  6.39142E+12 0.00062 
   34   34    1    1    1    1    1    1    1    1  1.11008E+13 0.00043 
   35   35    1    1    1    1    1    1    1    1  1.09595E+13 0.00042 
   36   36    1    1    1    1    1    1    1    1  1.47316E+13 0.00029 
   37   37    1    1    1    1    1    1    1    1  1.35510E+13 0.00037 
   38   38    1    1    1    1    1    1    1    1  4.30413E+12 0.00040 
   39   39    1    1    1    1    1    1    1    1  1.76972E+13 0.00033 
   40   40    1    1    1    1    1    1    1    1  1.92810E+13 0.00028 
   41   41    1    1    1    1    1    1    1    1  3.08318E+13 0.00026 
   42   42    1    1    1    1    1    1    1    1  2.84010E+13 0.00027 
   43   43    1    1    1    1    1    1    1    1  4.45665E+13 0.00030 
   44   44    1    1    1    1    1    1    1    1  4.46285E+13 0.00024 
   45   45    1    1    1    1    1    1    1    1  5.43225E+13 0.00022 
   46   46    1    1    1    1    1    1    1    1  8.50639E+13 0.00015 
   47   47    1    1    1    1    1    1    1    1  5.10359E+13 0.00012 
   48   48    1    1    1    1    1    1    1    1  6.47458E+13 0.00016 
   49   49    1    1    1    1    1    1    1    1  8.98072E+13 0.00014 
   50   50    1    1    1    1    1    1    1    1  7.64189E+13 0.00017 
   51   51    1    1    1    1    1    1    1    1  1.14777E+14 0.00013 
   52   52    1    1    1    1    1    1    1    1  8.99588E+13 0.00020 
   53   53    1    1    1    1    1    1    1    1  9.74551E+13 0.00016 
   54   54    1    1    1    1    1    1    1    1  7.18610E+13 0.00017 
   55   55    1    1    1    1    1    1    1    1  8.59195E+13 0.00018 
   56   56    1    1    1    1    1    1    1    1  6.36255E+13 0.00014 
   57   57    1    1    1    1    1    1    1    1  8.95457E+12 0.00039 
   58   58    1    1    1    1    1    1    1    1  1.20605E+14 0.00013 
   59   59    1    1    1    1    1    1    1    1  5.21477E+13 0.00029 
   60   60    1    1    1    1    1    1    1    1  5.80873E+13 0.00021 
   61   61    1    1    1    1    1    1    1    1  4.76428E+13 0.00017 
   62   62    1    1    1    1    1    1    1    1  4.79675E+13 0.00022 
   63   63    1    1    1    1    1    1    1    1  4.63910E+13 0.00023 
   64   64    1    1    1    1    1    1    1    1  3.86472E+13 0.00021 
   65   65    1    1    1    1    1    1    1    1  3.00959E+13 0.00029 
   66   66    1    1    1    1    1    1    1    1  2.86210E+13 0.00031 
   67   67    1    1    1    1    1    1    1    1  2.57102E+13 0.00027 
   68   68    1    1    1    1    1    1    1    1  2.15030E+13 0.00038 
   69   69    1    1    1    1    1    1    1    1  1.85958E+13 0.00051 
   70   70    1    1    1    1    1    1    1    1  2.29411E+13 0.00031 
   71   71    1    1    1    1    1    1    1    1  1.98706E+13 0.00034 
   72   72    1    1    1    1    1    1    1    1  3.82818E+13 0.00031 
   73   73    1    1    1    1    1    1    1    1  2.89838E+13 0.00027 
   74   74    1    1    1    1    1    1    1    1  2.31614E+13 0.00042 
   75   75    1    1    1    1    1    1    1    1  1.89550E+13 0.00041 
   76   76    1    1    1    1    1    1    1    1  1.53364E+13 0.00047 
   77   77    1    1    1    1    1    1    1    1  1.73160E+13 0.00037 
   78   78    1    1    1    1    1    1    1    1  1.33217E+13 0.00055 
   79   79    1    1    1    1    1    1    1    1  9.90375E+12 0.00048 
   80   80    1    1    1    1    1    1    1    1  1.02627E+13 0.00059 
   81   81    1    1    1    1    1    1    1    1  7.73142E+12 0.00064 
   82   82    1    1    1    1    1    1    1    1  5.99894E+12 0.00105 
   83   83    1    1    1    1    1    1    1    1  4.65849E+12 0.00093 
   84   84    1    1    1    1    1    1    1    1  4.35583E+12 0.00092 
   85   85    1    1    1    1    1    1    1    1  3.13115E+12 0.00093 
   86   86    1    1    1    1    1    1    1    1  2.25557E+12 0.00142 
   87   87    1    1    1    1    1    1    1    1  2.11572E+12 0.00138 
   88   88    1    1    1    1    1    1    1    1  1.31438E+12 0.00213 
   89   89    1    1    1    1    1    1    1    1  8.94710E+11 0.00209 
   90   90    1    1    1    1    1    1    1    1  5.17895E+11 0.00273 
   91   91    1    1    1    1    1    1    1    1  6.58218E+11 0.00229 
   92   92    1    1    1    1    1    1    1    1  0.00000E+00 0.00000 
   93   93    1    1    1    1    1    1    1    1  0.00000E+00 0.00000 
   94   94    1    1    1    1    1    1    1    1  0.00000E+00 0.00000 
   95   95    1    1    1    1    1    1    1    1  0.00000E+00 0.00000 
   96   96    1    1    1    1    1    1    1    1  0.00000E+00 0.00000 
   97   97    1    1    1    1    1    1    1    1  0.00000E+00 0.00000 
   98   98    1    1    1    1    1    1    1    1  0.00000E+00 0.00000 
   99   99    1    1    1    1    1    1    1    1  0.00000E+00 0.00000 
  100  100    1    1    1    1    1    1    1    1  0.00000E+00 0.00000 
];


