
DETdpaspec = [
    1    1    1    1    1    1    1    1    1    1  0.00000E+00 0.00000 
    2    2    1    1    1    1    1    1    1    1  0.00000E+00 0.00000 
    3    3    1    1    1    1    1    1    1    1  0.00000E+00 0.00000 
    4    4    1    1    1    1    1    1    1    1  0.00000E+00 0.00000 
    5    5    1    1    1    1    1    1    1    1  0.00000E+00 0.00000 
    6    6    1    1    1    1    1    1    1    1  0.00000E+00 0.00000 
    7    7    1    1    1    1    1    1    1    1  0.00000E+00 0.00000 
    8    8    1    1    1    1    1    1    1    1  0.00000E+00 0.00000 
    9    9    1    1    1    1    1    1    1    1  0.00000E+00 0.00000 
   10   10    1    1    1    1    1    1    1    1  0.00000E+00 0.00000 
   11   11    1    1    1    1    1    1    1    1  0.00000E+00 0.00000 
   12   12    1    1    1    1    1    1    1    1  0.00000E+00 0.00000 
   13   13    1    1    1    1    1    1    1    1  0.00000E+00 0.00000 
   14   14    1    1    1    1    1    1    1    1  0.00000E+00 0.00000 
   15   15    1    1    1    1    1    1    1    1  0.00000E+00 0.00000 
   16   16    1    1    1    1    1    1    1    1  0.00000E+00 0.00000 
   17   17    1    1    1    1    1    1    1    1  0.00000E+00 0.00000 
   18   18    1    1    1    1    1    1    1    1  0.00000E+00 0.00000 
   19   19    1    1    1    1    1    1    1    1  7.73265E+09 0.03020 
   20   20    1    1    1    1    1    1    1    1  1.67650E+09 0.02727 
   21   21    1    1    1    1    1    1    1    1  4.43487E+09 0.02712 
   22   22    1    1    1    1    1    1    1    1  4.80244E+09 0.01831 
   23   23    1    1    1    1    1    1    1    1  1.66724E+10 0.01129 
   24   24    1    1    1    1    1    1    1    1  4.44959E+10 0.00673 
   25   25    1    1    1    1    1    1    1    1  1.01237E+11 0.00506 
   26   26    1    1    1    1    1    1    1    1  1.64821E+11 0.00442 
   27   27    1    1    1    1    1    1    1    1  3.33352E+11 0.00308 
   28   28    1    1    1    1    1    1    1    1  5.97001E+11 0.00175 
   29   29    1    1    1    1    1    1    1    1  1.15674E+12 0.00175 
   30   30    1    1    1    1    1    1    1    1  1.43636E+12 0.00108 
   31   31    1    1    1    1    1    1    1    1  2.78125E+12 0.00092 
   32   32    1    1    1    1    1    1    1    1  5.25855E+12 0.00060 
   33   33    1    1    1    1    1    1    1    1  6.45308E+12 0.00057 
   34   34    1    1    1    1    1    1    1    1  1.11278E+13 0.00051 
   35   35    1    1    1    1    1    1    1    1  1.11878E+13 0.00035 
   36   36    1    1    1    1    1    1    1    1  1.46337E+13 0.00037 
   37   37    1    1    1    1    1    1    1    1  1.34112E+13 0.00028 
   38   38    1    1    1    1    1    1    1    1  4.22748E+12 0.00032 
   39   39    1    1    1    1    1    1    1    1  1.75437E+13 0.00021 
   40   40    1    1    1    1    1    1    1    1  1.90828E+13 0.00034 
   41   41    1    1    1    1    1    1    1    1  3.07140E+13 0.00025 
   42   42    1    1    1    1    1    1    1    1  2.80925E+13 0.00029 
   43   43    1    1    1    1    1    1    1    1  4.43133E+13 0.00019 
   44   44    1    1    1    1    1    1    1    1  4.43974E+13 0.00024 
   45   45    1    1    1    1    1    1    1    1  5.41015E+13 0.00024 
   46   46    1    1    1    1    1    1    1    1  8.47479E+13 0.00019 
   47   47    1    1    1    1    1    1    1    1  5.10008E+13 0.00021 
   48   48    1    1    1    1    1    1    1    1  6.44581E+13 0.00020 
   49   49    1    1    1    1    1    1    1    1  8.95612E+13 0.00016 
   50   50    1    1    1    1    1    1    1    1  7.58805E+13 0.00019 
   51   51    1    1    1    1    1    1    1    1  1.14454E+14 0.00017 
   52   52    1    1    1    1    1    1    1    1  8.94277E+13 0.00018 
   53   53    1    1    1    1    1    1    1    1  9.71725E+13 0.00015 
   54   54    1    1    1    1    1    1    1    1  7.15838E+13 0.00016 
   55   55    1    1    1    1    1    1    1    1  8.58975E+13 0.00016 
   56   56    1    1    1    1    1    1    1    1  6.35533E+13 0.00016 
   57   57    1    1    1    1    1    1    1    1  8.93077E+12 0.00036 
   58   58    1    1    1    1    1    1    1    1  1.20433E+14 0.00017 
   59   59    1    1    1    1    1    1    1    1  5.23320E+13 0.00018 
   60   60    1    1    1    1    1    1    1    1  5.81064E+13 0.00024 
   61   61    1    1    1    1    1    1    1    1  4.78957E+13 0.00020 
   62   62    1    1    1    1    1    1    1    1  4.82006E+13 0.00028 
   63   63    1    1    1    1    1    1    1    1  4.66885E+13 0.00019 
   64   64    1    1    1    1    1    1    1    1  3.89181E+13 0.00025 
   65   65    1    1    1    1    1    1    1    1  3.03509E+13 0.00035 
   66   66    1    1    1    1    1    1    1    1  2.87953E+13 0.00028 
   67   67    1    1    1    1    1    1    1    1  2.59200E+13 0.00029 
   68   68    1    1    1    1    1    1    1    1  2.16544E+13 0.00031 
   69   69    1    1    1    1    1    1    1    1  1.86920E+13 0.00036 
   70   70    1    1    1    1    1    1    1    1  2.31033E+13 0.00028 
   71   71    1    1    1    1    1    1    1    1  1.99968E+13 0.00055 
   72   72    1    1    1    1    1    1    1    1  3.83284E+13 0.00035 
   73   73    1    1    1    1    1    1    1    1  2.89332E+13 0.00039 
   74   74    1    1    1    1    1    1    1    1  2.31267E+13 0.00030 
   75   75    1    1    1    1    1    1    1    1  1.90134E+13 0.00041 
   76   76    1    1    1    1    1    1    1    1  1.54544E+13 0.00040 
   77   77    1    1    1    1    1    1    1    1  1.74975E+13 0.00051 
   78   78    1    1    1    1    1    1    1    1  1.35614E+13 0.00063 
   79   79    1    1    1    1    1    1    1    1  1.00964E+13 0.00066 
   80   80    1    1    1    1    1    1    1    1  1.04968E+13 0.00057 
   81   81    1    1    1    1    1    1    1    1  7.93359E+12 0.00058 
   82   82    1    1    1    1    1    1    1    1  6.16293E+12 0.00080 
   83   83    1    1    1    1    1    1    1    1  4.78268E+12 0.00080 
   84   84    1    1    1    1    1    1    1    1  4.46856E+12 0.00095 
   85   85    1    1    1    1    1    1    1    1  3.22373E+12 0.00109 
   86   86    1    1    1    1    1    1    1    1  2.32145E+12 0.00119 
   87   87    1    1    1    1    1    1    1    1  2.18019E+12 0.00134 
   88   88    1    1    1    1    1    1    1    1  1.34888E+12 0.00165 
   89   89    1    1    1    1    1    1    1    1  9.15180E+11 0.00136 
   90   90    1    1    1    1    1    1    1    1  5.29140E+11 0.00219 
   91   91    1    1    1    1    1    1    1    1  6.75904E+11 0.00235 
   92   92    1    1    1    1    1    1    1    1  0.00000E+00 0.00000 
   93   93    1    1    1    1    1    1    1    1  0.00000E+00 0.00000 
   94   94    1    1    1    1    1    1    1    1  0.00000E+00 0.00000 
   95   95    1    1    1    1    1    1    1    1  0.00000E+00 0.00000 
   96   96    1    1    1    1    1    1    1    1  0.00000E+00 0.00000 
   97   97    1    1    1    1    1    1    1    1  0.00000E+00 0.00000 
   98   98    1    1    1    1    1    1    1    1  0.00000E+00 0.00000 
   99   99    1    1    1    1    1    1    1    1  0.00000E+00 0.00000 
  100  100    1    1    1    1    1    1    1    1  0.00000E+00 0.00000 
];


