
DETdpaspec = [
    1    1    1    1    1    1    1    1    1    1  0.00000E+00 0.00000 
    2    2    1    1    1    1    1    1    1    1  0.00000E+00 0.00000 
    3    3    1    1    1    1    1    1    1    1  0.00000E+00 0.00000 
    4    4    1    1    1    1    1    1    1    1  0.00000E+00 0.00000 
    5    5    1    1    1    1    1    1    1    1  0.00000E+00 0.00000 
    6    6    1    1    1    1    1    1    1    1  0.00000E+00 0.00000 
    7    7    1    1    1    1    1    1    1    1  0.00000E+00 0.00000 
    8    8    1    1    1    1    1    1    1    1  0.00000E+00 0.00000 
    9    9    1    1    1    1    1    1    1    1  0.00000E+00 0.00000 
   10   10    1    1    1    1    1    1    1    1  0.00000E+00 0.00000 
   11   11    1    1    1    1    1    1    1    1  0.00000E+00 0.00000 
   12   12    1    1    1    1    1    1    1    1  0.00000E+00 0.00000 
   13   13    1    1    1    1    1    1    1    1  0.00000E+00 0.00000 
   14   14    1    1    1    1    1    1    1    1  0.00000E+00 0.00000 
   15   15    1    1    1    1    1    1    1    1  0.00000E+00 0.00000 
   16   16    1    1    1    1    1    1    1    1  0.00000E+00 0.00000 
   17   17    1    1    1    1    1    1    1    1  0.00000E+00 0.00000 
   18   18    1    1    1    1    1    1    1    1  0.00000E+00 0.00000 
   19   19    1    1    1    1    1    1    1    1  4.57572E+09 0.05979 
   20   20    1    1    1    1    1    1    1    1  1.10093E+09 0.05196 
   21   21    1    1    1    1    1    1    1    1  4.15049E+09 0.03120 
   22   22    1    1    1    1    1    1    1    1  7.57916E+09 0.01582 
   23   23    1    1    1    1    1    1    1    1  3.59084E+10 0.00583 
   24   24    1    1    1    1    1    1    1    1  1.15087E+11 0.00465 
   25   25    1    1    1    1    1    1    1    1  2.51136E+11 0.00267 
   26   26    1    1    1    1    1    1    1    1  3.75680E+11 0.00238 
   27   27    1    1    1    1    1    1    1    1  6.83013E+11 0.00191 
   28   28    1    1    1    1    1    1    1    1  1.09162E+12 0.00168 
   29   29    1    1    1    1    1    1    1    1  1.94928E+12 0.00109 
   30   30    1    1    1    1    1    1    1    1  2.46339E+12 0.00093 
   31   31    1    1    1    1    1    1    1    1  4.02444E+12 0.00079 
   32   32    1    1    1    1    1    1    1    1  7.04676E+12 0.00059 
   33   33    1    1    1    1    1    1    1    1  8.26968E+12 0.00054 
   34   34    1    1    1    1    1    1    1    1  1.34224E+13 0.00051 
   35   35    1    1    1    1    1    1    1    1  1.37787E+13 0.00048 
   36   36    1    1    1    1    1    1    1    1  1.64728E+13 0.00043 
   37   37    1    1    1    1    1    1    1    1  1.46123E+13 0.00033 
   38   38    1    1    1    1    1    1    1    1  4.47620E+12 0.00032 
   39   39    1    1    1    1    1    1    1    1  1.88261E+13 0.00025 
   40   40    1    1    1    1    1    1    1    1  2.02253E+13 0.00026 
   41   41    1    1    1    1    1    1    1    1  3.26605E+13 0.00023 
   42   42    1    1    1    1    1    1    1    1  2.90966E+13 0.00018 
   43   43    1    1    1    1    1    1    1    1  4.59633E+13 0.00024 
   44   44    1    1    1    1    1    1    1    1  4.56905E+13 0.00017 
   45   45    1    1    1    1    1    1    1    1  5.53979E+13 0.00021 
   46   46    1    1    1    1    1    1    1    1  8.61753E+13 0.00010 
   47   47    1    1    1    1    1    1    1    1  5.17281E+13 0.00014 
   48   48    1    1    1    1    1    1    1    1  6.45701E+13 0.00020 
   49   49    1    1    1    1    1    1    1    1  8.95162E+13 0.00019 
   50   50    1    1    1    1    1    1    1    1  7.48634E+13 0.00016 
   51   51    1    1    1    1    1    1    1    1  1.13421E+14 0.00014 
   52   52    1    1    1    1    1    1    1    1  8.76543E+13 0.00012 
   53   53    1    1    1    1    1    1    1    1  9.55101E+13 0.00018 
   54   54    1    1    1    1    1    1    1    1  7.01220E+13 0.00022 
   55   55    1    1    1    1    1    1    1    1  8.45682E+13 0.00016 
   56   56    1    1    1    1    1    1    1    1  6.23012E+13 0.00024 
   57   57    1    1    1    1    1    1    1    1  8.73180E+12 0.00040 
   58   58    1    1    1    1    1    1    1    1  1.17767E+14 0.00018 
   59   59    1    1    1    1    1    1    1    1  5.16539E+13 0.00023 
   60   60    1    1    1    1    1    1    1    1  5.68269E+13 0.00022 
   61   61    1    1    1    1    1    1    1    1  4.71946E+13 0.00021 
   62   62    1    1    1    1    1    1    1    1  4.74200E+13 0.00019 
   63   63    1    1    1    1    1    1    1    1  4.59532E+13 0.00019 
   64   64    1    1    1    1    1    1    1    1  3.83229E+13 0.00024 
   65   65    1    1    1    1    1    1    1    1  2.98485E+13 0.00029 
   66   66    1    1    1    1    1    1    1    1  2.81498E+13 0.00028 
   67   67    1    1    1    1    1    1    1    1  2.54397E+13 0.00027 
   68   68    1    1    1    1    1    1    1    1  2.11472E+13 0.00033 
   69   69    1    1    1    1    1    1    1    1  1.82095E+13 0.00036 
   70   70    1    1    1    1    1    1    1    1  2.25119E+13 0.00038 
   71   71    1    1    1    1    1    1    1    1  1.94422E+13 0.00036 
   72   72    1    1    1    1    1    1    1    1  3.66574E+13 0.00032 
   73   73    1    1    1    1    1    1    1    1  2.74242E+13 0.00036 
   74   74    1    1    1    1    1    1    1    1  2.18819E+13 0.00036 
   75   75    1    1    1    1    1    1    1    1  1.81256E+13 0.00046 
   76   76    1    1    1    1    1    1    1    1  1.48549E+13 0.00042 
   77   77    1    1    1    1    1    1    1    1  1.69705E+13 0.00039 
   78   78    1    1    1    1    1    1    1    1  1.32633E+13 0.00054 
   79   79    1    1    1    1    1    1    1    1  9.93664E+12 0.00069 
   80   80    1    1    1    1    1    1    1    1  1.03925E+13 0.00055 
   81   81    1    1    1    1    1    1    1    1  7.88993E+12 0.00054 
   82   82    1    1    1    1    1    1    1    1  6.14524E+12 0.00066 
   83   83    1    1    1    1    1    1    1    1  4.79357E+12 0.00091 
   84   84    1    1    1    1    1    1    1    1  4.48250E+12 0.00088 
   85   85    1    1    1    1    1    1    1    1  3.22377E+12 0.00097 
   86   86    1    1    1    1    1    1    1    1  2.33607E+12 0.00120 
   87   87    1    1    1    1    1    1    1    1  2.18691E+12 0.00116 
   88   88    1    1    1    1    1    1    1    1  1.34378E+12 0.00182 
   89   89    1    1    1    1    1    1    1    1  9.10129E+11 0.00243 
   90   90    1    1    1    1    1    1    1    1  5.23825E+11 0.00250 
   91   91    1    1    1    1    1    1    1    1  6.62966E+11 0.00267 
   92   92    1    1    1    1    1    1    1    1  0.00000E+00 0.00000 
   93   93    1    1    1    1    1    1    1    1  0.00000E+00 0.00000 
   94   94    1    1    1    1    1    1    1    1  0.00000E+00 0.00000 
   95   95    1    1    1    1    1    1    1    1  0.00000E+00 0.00000 
   96   96    1    1    1    1    1    1    1    1  0.00000E+00 0.00000 
   97   97    1    1    1    1    1    1    1    1  0.00000E+00 0.00000 
   98   98    1    1    1    1    1    1    1    1  0.00000E+00 0.00000 
   99   99    1    1    1    1    1    1    1    1  0.00000E+00 0.00000 
  100  100    1    1    1    1    1    1    1    1  0.00000E+00 0.00000 
];


