
DETdpaspec = [
    1    1    1    1    1    1    1    1    1    1  0.00000E+00 0.00000 
    2    2    1    1    1    1    1    1    1    1  0.00000E+00 0.00000 
    3    3    1    1    1    1    1    1    1    1  0.00000E+00 0.00000 
    4    4    1    1    1    1    1    1    1    1  0.00000E+00 0.00000 
    5    5    1    1    1    1    1    1    1    1  0.00000E+00 0.00000 
    6    6    1    1    1    1    1    1    1    1  0.00000E+00 0.00000 
    7    7    1    1    1    1    1    1    1    1  0.00000E+00 0.00000 
    8    8    1    1    1    1    1    1    1    1  0.00000E+00 0.00000 
    9    9    1    1    1    1    1    1    1    1  0.00000E+00 0.00000 
   10   10    1    1    1    1    1    1    1    1  0.00000E+00 0.00000 
   11   11    1    1    1    1    1    1    1    1  0.00000E+00 0.00000 
   12   12    1    1    1    1    1    1    1    1  0.00000E+00 0.00000 
   13   13    1    1    1    1    1    1    1    1  0.00000E+00 0.00000 
   14   14    1    1    1    1    1    1    1    1  0.00000E+00 0.00000 
   15   15    1    1    1    1    1    1    1    1  0.00000E+00 0.00000 
   16   16    1    1    1    1    1    1    1    1  0.00000E+00 0.00000 
   17   17    1    1    1    1    1    1    1    1  0.00000E+00 0.00000 
   18   18    1    1    1    1    1    1    1    1  0.00000E+00 0.00000 
   19   19    1    1    1    1    1    1    1    1  7.82737E+09 0.02254 
   20   20    1    1    1    1    1    1    1    1  1.71506E+09 0.02594 
   21   21    1    1    1    1    1    1    1    1  4.65222E+09 0.02033 
   22   22    1    1    1    1    1    1    1    1  5.07171E+09 0.02450 
   23   23    1    1    1    1    1    1    1    1  1.72455E+10 0.01087 
   24   24    1    1    1    1    1    1    1    1  4.51903E+10 0.00520 
   25   25    1    1    1    1    1    1    1    1  9.99213E+10 0.00567 
   26   26    1    1    1    1    1    1    1    1  1.62794E+11 0.00317 
   27   27    1    1    1    1    1    1    1    1  3.30421E+11 0.00249 
   28   28    1    1    1    1    1    1    1    1  5.93357E+11 0.00230 
   29   29    1    1    1    1    1    1    1    1  1.14671E+12 0.00139 
   30   30    1    1    1    1    1    1    1    1  1.41201E+12 0.00102 
   31   31    1    1    1    1    1    1    1    1  2.76338E+12 0.00068 
   32   32    1    1    1    1    1    1    1    1  5.23876E+12 0.00071 
   33   33    1    1    1    1    1    1    1    1  6.42625E+12 0.00061 
   34   34    1    1    1    1    1    1    1    1  1.10881E+13 0.00054 
   35   35    1    1    1    1    1    1    1    1  1.11302E+13 0.00043 
   36   36    1    1    1    1    1    1    1    1  1.46178E+13 0.00039 
   37   37    1    1    1    1    1    1    1    1  1.34138E+13 0.00031 
   38   38    1    1    1    1    1    1    1    1  4.23322E+12 0.00030 
   39   39    1    1    1    1    1    1    1    1  1.75389E+13 0.00033 
   40   40    1    1    1    1    1    1    1    1  1.90884E+13 0.00029 
   41   41    1    1    1    1    1    1    1    1  3.06994E+13 0.00027 
   42   42    1    1    1    1    1    1    1    1  2.81029E+13 0.00023 
   43   43    1    1    1    1    1    1    1    1  4.43052E+13 0.00019 
   44   44    1    1    1    1    1    1    1    1  4.44012E+13 0.00023 
   45   45    1    1    1    1    1    1    1    1  5.41093E+13 0.00016 
   46   46    1    1    1    1    1    1    1    1  8.47631E+13 0.00019 
   47   47    1    1    1    1    1    1    1    1  5.09930E+13 0.00017 
   48   48    1    1    1    1    1    1    1    1  6.44995E+13 0.00019 
   49   49    1    1    1    1    1    1    1    1  8.95881E+13 0.00015 
   50   50    1    1    1    1    1    1    1    1  7.59481E+13 0.00020 
   51   51    1    1    1    1    1    1    1    1  1.14537E+14 0.00014 
   52   52    1    1    1    1    1    1    1    1  8.95116E+13 0.00016 
   53   53    1    1    1    1    1    1    1    1  9.72440E+13 0.00016 
   54   54    1    1    1    1    1    1    1    1  7.16349E+13 0.00021 
   55   55    1    1    1    1    1    1    1    1  8.59256E+13 0.00022 
   56   56    1    1    1    1    1    1    1    1  6.35751E+13 0.00021 
   57   57    1    1    1    1    1    1    1    1  8.94194E+12 0.00034 
   58   58    1    1    1    1    1    1    1    1  1.20487E+14 0.00015 
   59   59    1    1    1    1    1    1    1    1  5.23208E+13 0.00024 
   60   60    1    1    1    1    1    1    1    1  5.81250E+13 0.00021 
   61   61    1    1    1    1    1    1    1    1  4.78551E+13 0.00019 
   62   62    1    1    1    1    1    1    1    1  4.81820E+13 0.00023 
   63   63    1    1    1    1    1    1    1    1  4.66559E+13 0.00029 
   64   64    1    1    1    1    1    1    1    1  3.88878E+13 0.00029 
   65   65    1    1    1    1    1    1    1    1  3.03212E+13 0.00039 
   66   66    1    1    1    1    1    1    1    1  2.87646E+13 0.00027 
   67   67    1    1    1    1    1    1    1    1  2.59050E+13 0.00025 
   68   68    1    1    1    1    1    1    1    1  2.16335E+13 0.00034 
   69   69    1    1    1    1    1    1    1    1  1.86863E+13 0.00033 
   70   70    1    1    1    1    1    1    1    1  2.31045E+13 0.00040 
   71   71    1    1    1    1    1    1    1    1  2.00076E+13 0.00046 
   72   72    1    1    1    1    1    1    1    1  3.83579E+13 0.00034 
   73   73    1    1    1    1    1    1    1    1  2.89479E+13 0.00038 
   74   74    1    1    1    1    1    1    1    1  2.31663E+13 0.00045 
   75   75    1    1    1    1    1    1    1    1  1.90020E+13 0.00034 
   76   76    1    1    1    1    1    1    1    1  1.54510E+13 0.00054 
   77   77    1    1    1    1    1    1    1    1  1.75161E+13 0.00053 
   78   78    1    1    1    1    1    1    1    1  1.35278E+13 0.00040 
   79   79    1    1    1    1    1    1    1    1  1.00745E+13 0.00061 
   80   80    1    1    1    1    1    1    1    1  1.04625E+13 0.00044 
   81   81    1    1    1    1    1    1    1    1  7.89900E+12 0.00077 
   82   82    1    1    1    1    1    1    1    1  6.14393E+12 0.00082 
   83   83    1    1    1    1    1    1    1    1  4.77127E+12 0.00102 
   84   84    1    1    1    1    1    1    1    1  4.45918E+12 0.00093 
   85   85    1    1    1    1    1    1    1    1  3.19818E+12 0.00112 
   86   86    1    1    1    1    1    1    1    1  2.31617E+12 0.00135 
   87   87    1    1    1    1    1    1    1    1  2.16706E+12 0.00136 
   88   88    1    1    1    1    1    1    1    1  1.34876E+12 0.00224 
   89   89    1    1    1    1    1    1    1    1  9.10793E+11 0.00262 
   90   90    1    1    1    1    1    1    1    1  5.29749E+11 0.00308 
   91   91    1    1    1    1    1    1    1    1  6.68670E+11 0.00289 
   92   92    1    1    1    1    1    1    1    1  0.00000E+00 0.00000 
   93   93    1    1    1    1    1    1    1    1  0.00000E+00 0.00000 
   94   94    1    1    1    1    1    1    1    1  0.00000E+00 0.00000 
   95   95    1    1    1    1    1    1    1    1  0.00000E+00 0.00000 
   96   96    1    1    1    1    1    1    1    1  0.00000E+00 0.00000 
   97   97    1    1    1    1    1    1    1    1  0.00000E+00 0.00000 
   98   98    1    1    1    1    1    1    1    1  0.00000E+00 0.00000 
   99   99    1    1    1    1    1    1    1    1  0.00000E+00 0.00000 
  100  100    1    1    1    1    1    1    1    1  0.00000E+00 0.00000 
];


