
DETdpaspec = [
    1    1    1    1    1    1    1    1    1    1  0.00000E+00 0.00000 
    2    2    1    1    1    1    1    1    1    1  0.00000E+00 0.00000 
    3    3    1    1    1    1    1    1    1    1  0.00000E+00 0.00000 
    4    4    1    1    1    1    1    1    1    1  0.00000E+00 0.00000 
    5    5    1    1    1    1    1    1    1    1  0.00000E+00 0.00000 
    6    6    1    1    1    1    1    1    1    1  0.00000E+00 0.00000 
    7    7    1    1    1    1    1    1    1    1  0.00000E+00 0.00000 
    8    8    1    1    1    1    1    1    1    1  0.00000E+00 0.00000 
    9    9    1    1    1    1    1    1    1    1  0.00000E+00 0.00000 
   10   10    1    1    1    1    1    1    1    1  0.00000E+00 0.00000 
   11   11    1    1    1    1    1    1    1    1  0.00000E+00 0.00000 
   12   12    1    1    1    1    1    1    1    1  0.00000E+00 0.00000 
   13   13    1    1    1    1    1    1    1    1  0.00000E+00 0.00000 
   14   14    1    1    1    1    1    1    1    1  0.00000E+00 0.00000 
   15   15    1    1    1    1    1    1    1    1  0.00000E+00 0.00000 
   16   16    1    1    1    1    1    1    1    1  0.00000E+00 0.00000 
   17   17    1    1    1    1    1    1    1    1  0.00000E+00 0.00000 
   18   18    1    1    1    1    1    1    1    1  0.00000E+00 0.00000 
   19   19    1    1    1    1    1    1    1    1  6.76943E+09 0.03564 
   20   20    1    1    1    1    1    1    1    1  1.47247E+09 0.03689 
   21   21    1    1    1    1    1    1    1    1  3.83004E+09 0.03197 
   22   22    1    1    1    1    1    1    1    1  4.37143E+09 0.01724 
   23   23    1    1    1    1    1    1    1    1  1.61291E+10 0.00914 
   24   24    1    1    1    1    1    1    1    1  4.63251E+10 0.00484 
   25   25    1    1    1    1    1    1    1    1  1.07673E+11 0.00543 
   26   26    1    1    1    1    1    1    1    1  1.75576E+11 0.00337 
   27   27    1    1    1    1    1    1    1    1  3.52047E+11 0.00197 
   28   28    1    1    1    1    1    1    1    1  6.25279E+11 0.00192 
   29   29    1    1    1    1    1    1    1    1  1.20719E+12 0.00154 
   30   30    1    1    1    1    1    1    1    1  1.51146E+12 0.00120 
   31   31    1    1    1    1    1    1    1    1  2.85868E+12 0.00110 
   32   32    1    1    1    1    1    1    1    1  5.37243E+12 0.00073 
   33   33    1    1    1    1    1    1    1    1  6.56604E+12 0.00072 
   34   34    1    1    1    1    1    1    1    1  1.12543E+13 0.00058 
   35   35    1    1    1    1    1    1    1    1  1.13854E+13 0.00043 
   36   36    1    1    1    1    1    1    1    1  1.47124E+13 0.00040 
   37   37    1    1    1    1    1    1    1    1  1.34415E+13 0.00031 
   38   38    1    1    1    1    1    1    1    1  4.22068E+12 0.00036 
   39   39    1    1    1    1    1    1    1    1  1.75719E+13 0.00026 
   40   40    1    1    1    1    1    1    1    1  1.91054E+13 0.00032 
   41   41    1    1    1    1    1    1    1    1  3.08044E+13 0.00034 
   42   42    1    1    1    1    1    1    1    1  2.80733E+13 0.00021 
   43   43    1    1    1    1    1    1    1    1  4.43258E+13 0.00026 
   44   44    1    1    1    1    1    1    1    1  4.43954E+13 0.00020 
   45   45    1    1    1    1    1    1    1    1  5.40767E+13 0.00020 
   46   46    1    1    1    1    1    1    1    1  8.47500E+13 0.00024 
   47   47    1    1    1    1    1    1    1    1  5.10068E+13 0.00016 
   48   48    1    1    1    1    1    1    1    1  6.43329E+13 0.00017 
   49   49    1    1    1    1    1    1    1    1  8.94453E+13 0.00013 
   50   50    1    1    1    1    1    1    1    1  7.56674E+13 0.00017 
   51   51    1    1    1    1    1    1    1    1  1.14292E+14 0.00017 
   52   52    1    1    1    1    1    1    1    1  8.92251E+13 0.00014 
   53   53    1    1    1    1    1    1    1    1  9.70042E+13 0.00019 
   54   54    1    1    1    1    1    1    1    1  7.14336E+13 0.00014 
   55   55    1    1    1    1    1    1    1    1  8.58071E+13 0.00016 
   56   56    1    1    1    1    1    1    1    1  6.34760E+13 0.00021 
   57   57    1    1    1    1    1    1    1    1  8.91839E+12 0.00034 
   58   58    1    1    1    1    1    1    1    1  1.20264E+14 0.00015 
   59   59    1    1    1    1    1    1    1    1  5.23448E+13 0.00030 
   60   60    1    1    1    1    1    1    1    1  5.80706E+13 0.00032 
   61   61    1    1    1    1    1    1    1    1  4.79267E+13 0.00028 
   62   62    1    1    1    1    1    1    1    1  4.82509E+13 0.00020 
   63   63    1    1    1    1    1    1    1    1  4.67445E+13 0.00021 
   64   64    1    1    1    1    1    1    1    1  3.89673E+13 0.00032 
   65   65    1    1    1    1    1    1    1    1  3.03857E+13 0.00043 
   66   66    1    1    1    1    1    1    1    1  2.88141E+13 0.00027 
   67   67    1    1    1    1    1    1    1    1  2.59592E+13 0.00026 
   68   68    1    1    1    1    1    1    1    1  2.16677E+13 0.00024 
   69   69    1    1    1    1    1    1    1    1  1.87017E+13 0.00032 
   70   70    1    1    1    1    1    1    1    1  2.31151E+13 0.00038 
   71   71    1    1    1    1    1    1    1    1  2.00238E+13 0.00043 
   72   72    1    1    1    1    1    1    1    1  3.82600E+13 0.00029 
   73   73    1    1    1    1    1    1    1    1  2.88266E+13 0.00032 
   74   74    1    1    1    1    1    1    1    1  2.30355E+13 0.00050 
   75   75    1    1    1    1    1    1    1    1  1.89731E+13 0.00062 
   76   76    1    1    1    1    1    1    1    1  1.54569E+13 0.00039 
   77   77    1    1    1    1    1    1    1    1  1.75403E+13 0.00058 
   78   78    1    1    1    1    1    1    1    1  1.35965E+13 0.00054 
   79   79    1    1    1    1    1    1    1    1  1.01392E+13 0.00055 
   80   80    1    1    1    1    1    1    1    1  1.05495E+13 0.00065 
   81   81    1    1    1    1    1    1    1    1  7.98301E+12 0.00069 
   82   82    1    1    1    1    1    1    1    1  6.20051E+12 0.00103 
   83   83    1    1    1    1    1    1    1    1  4.82905E+12 0.00076 
   84   84    1    1    1    1    1    1    1    1  4.51272E+12 0.00090 
   85   85    1    1    1    1    1    1    1    1  3.24362E+12 0.00102 
   86   86    1    1    1    1    1    1    1    1  2.35058E+12 0.00102 
   87   87    1    1    1    1    1    1    1    1  2.19803E+12 0.00119 
   88   88    1    1    1    1    1    1    1    1  1.36223E+12 0.00210 
   89   89    1    1    1    1    1    1    1    1  9.20614E+11 0.00232 
   90   90    1    1    1    1    1    1    1    1  5.28649E+11 0.00245 
   91   91    1    1    1    1    1    1    1    1  6.76666E+11 0.00282 
   92   92    1    1    1    1    1    1    1    1  0.00000E+00 0.00000 
   93   93    1    1    1    1    1    1    1    1  0.00000E+00 0.00000 
   94   94    1    1    1    1    1    1    1    1  0.00000E+00 0.00000 
   95   95    1    1    1    1    1    1    1    1  0.00000E+00 0.00000 
   96   96    1    1    1    1    1    1    1    1  0.00000E+00 0.00000 
   97   97    1    1    1    1    1    1    1    1  0.00000E+00 0.00000 
   98   98    1    1    1    1    1    1    1    1  0.00000E+00 0.00000 
   99   99    1    1    1    1    1    1    1    1  0.00000E+00 0.00000 
  100  100    1    1    1    1    1    1    1    1  0.00000E+00 0.00000 
];


