
DETdpaspec = [
    1    1    1    1    1    1    1    1    1    1  0.00000E+00 0.00000 
    2    2    1    1    1    1    1    1    1    1  0.00000E+00 0.00000 
    3    3    1    1    1    1    1    1    1    1  0.00000E+00 0.00000 
    4    4    1    1    1    1    1    1    1    1  0.00000E+00 0.00000 
    5    5    1    1    1    1    1    1    1    1  0.00000E+00 0.00000 
    6    6    1    1    1    1    1    1    1    1  0.00000E+00 0.00000 
    7    7    1    1    1    1    1    1    1    1  0.00000E+00 0.00000 
    8    8    1    1    1    1    1    1    1    1  0.00000E+00 0.00000 
    9    9    1    1    1    1    1    1    1    1  0.00000E+00 0.00000 
   10   10    1    1    1    1    1    1    1    1  0.00000E+00 0.00000 
   11   11    1    1    1    1    1    1    1    1  0.00000E+00 0.00000 
   12   12    1    1    1    1    1    1    1    1  0.00000E+00 0.00000 
   13   13    1    1    1    1    1    1    1    1  0.00000E+00 0.00000 
   14   14    1    1    1    1    1    1    1    1  0.00000E+00 0.00000 
   15   15    1    1    1    1    1    1    1    1  0.00000E+00 0.00000 
   16   16    1    1    1    1    1    1    1    1  0.00000E+00 0.00000 
   17   17    1    1    1    1    1    1    1    1  0.00000E+00 0.00000 
   18   18    1    1    1    1    1    1    1    1  0.00000E+00 0.00000 
   19   19    1    1    1    1    1    1    1    1  5.28965E+09 0.03783 
   20   20    1    1    1    1    1    1    1    1  1.02519E+09 0.04468 
   21   21    1    1    1    1    1    1    1    1  3.55959E+09 0.03120 
   22   22    1    1    1    1    1    1    1    1  5.02681E+09 0.01497 
   23   23    1    1    1    1    1    1    1    1  2.28882E+10 0.01127 
   24   24    1    1    1    1    1    1    1    1  7.33832E+10 0.00434 
   25   25    1    1    1    1    1    1    1    1  1.68354E+11 0.00299 
   26   26    1    1    1    1    1    1    1    1  2.64119E+11 0.00275 
   27   27    1    1    1    1    1    1    1    1  5.03182E+11 0.00279 
   28   28    1    1    1    1    1    1    1    1  8.41067E+11 0.00154 
   29   29    1    1    1    1    1    1    1    1  1.56177E+12 0.00144 
   30   30    1    1    1    1    1    1    1    1  1.98580E+12 0.00112 
   31   31    1    1    1    1    1    1    1    1  3.42521E+12 0.00092 
   32   32    1    1    1    1    1    1    1    1  6.19288E+12 0.00071 
   33   33    1    1    1    1    1    1    1    1  7.41022E+12 0.00065 
   34   34    1    1    1    1    1    1    1    1  1.23237E+13 0.00052 
   35   35    1    1    1    1    1    1    1    1  1.26382E+13 0.00044 
   36   36    1    1    1    1    1    1    1    1  1.55616E+13 0.00031 
   37   37    1    1    1    1    1    1    1    1  1.39783E+13 0.00031 
   38   38    1    1    1    1    1    1    1    1  4.32511E+12 0.00025 
   39   39    1    1    1    1    1    1    1    1  1.81457E+13 0.00033 
   40   40    1    1    1    1    1    1    1    1  1.95957E+13 0.00027 
   41   41    1    1    1    1    1    1    1    1  3.16867E+13 0.00024 
   42   42    1    1    1    1    1    1    1    1  2.84716E+13 0.00020 
   43   43    1    1    1    1    1    1    1    1  4.50344E+13 0.00024 
   44   44    1    1    1    1    1    1    1    1  4.49563E+13 0.00016 
   45   45    1    1    1    1    1    1    1    1  5.46731E+13 0.00021 
   46   46    1    1    1    1    1    1    1    1  8.53063E+13 0.00020 
   47   47    1    1    1    1    1    1    1    1  5.13308E+13 0.00025 
   48   48    1    1    1    1    1    1    1    1  6.43598E+13 0.00016 
   49   49    1    1    1    1    1    1    1    1  8.93816E+13 0.00018 
   50   50    1    1    1    1    1    1    1    1  7.50354E+13 0.00018 
   51   51    1    1    1    1    1    1    1    1  1.13729E+14 0.00014 
   52   52    1    1    1    1    1    1    1    1  8.82382E+13 0.00016 
   53   53    1    1    1    1    1    1    1    1  9.61143E+13 0.00016 
   54   54    1    1    1    1    1    1    1    1  7.06889E+13 0.00013 
   55   55    1    1    1    1    1    1    1    1  8.51966E+13 0.00020 
   56   56    1    1    1    1    1    1    1    1  6.28770E+13 0.00014 
   57   57    1    1    1    1    1    1    1    1  8.81565E+12 0.00035 
   58   58    1    1    1    1    1    1    1    1  1.19015E+14 0.00015 
   59   59    1    1    1    1    1    1    1    1  5.20999E+13 0.00022 
   60   60    1    1    1    1    1    1    1    1  5.75095E+13 0.00024 
   61   61    1    1    1    1    1    1    1    1  4.76808E+13 0.00026 
   62   62    1    1    1    1    1    1    1    1  4.79455E+13 0.00016 
   63   63    1    1    1    1    1    1    1    1  4.64603E+13 0.00023 
   64   64    1    1    1    1    1    1    1    1  3.87763E+13 0.00029 
   65   65    1    1    1    1    1    1    1    1  3.02350E+13 0.00023 
   66   66    1    1    1    1    1    1    1    1  2.85670E+13 0.00028 
   67   67    1    1    1    1    1    1    1    1  2.57845E+13 0.00037 
   68   68    1    1    1    1    1    1    1    1  2.14648E+13 0.00026 
   69   69    1    1    1    1    1    1    1    1  1.85056E+13 0.00029 
   70   70    1    1    1    1    1    1    1    1  2.28932E+13 0.00036 
   71   71    1    1    1    1    1    1    1    1  1.97936E+13 0.00044 
   72   72    1    1    1    1    1    1    1    1  3.74800E+13 0.00030 
   73   73    1    1    1    1    1    1    1    1  2.81243E+13 0.00032 
   74   74    1    1    1    1    1    1    1    1  2.24761E+13 0.00037 
   75   75    1    1    1    1    1    1    1    1  1.85780E+13 0.00034 
   76   76    1    1    1    1    1    1    1    1  1.51952E+13 0.00037 
   77   77    1    1    1    1    1    1    1    1  1.73212E+13 0.00042 
   78   78    1    1    1    1    1    1    1    1  1.35140E+13 0.00048 
   79   79    1    1    1    1    1    1    1    1  1.01185E+13 0.00063 
   80   80    1    1    1    1    1    1    1    1  1.05599E+13 0.00065 
   81   81    1    1    1    1    1    1    1    1  7.99180E+12 0.00044 
   82   82    1    1    1    1    1    1    1    1  6.23525E+12 0.00071 
   83   83    1    1    1    1    1    1    1    1  4.85190E+12 0.00117 
   84   84    1    1    1    1    1    1    1    1  4.54225E+12 0.00113 
   85   85    1    1    1    1    1    1    1    1  3.26496E+12 0.00110 
   86   86    1    1    1    1    1    1    1    1  2.36138E+12 0.00129 
   87   87    1    1    1    1    1    1    1    1  2.21998E+12 0.00127 
   88   88    1    1    1    1    1    1    1    1  1.36996E+12 0.00191 
   89   89    1    1    1    1    1    1    1    1  9.26696E+11 0.00184 
   90   90    1    1    1    1    1    1    1    1  5.34971E+11 0.00279 
   91   91    1    1    1    1    1    1    1    1  6.75046E+11 0.00229 
   92   92    1    1    1    1    1    1    1    1  0.00000E+00 0.00000 
   93   93    1    1    1    1    1    1    1    1  0.00000E+00 0.00000 
   94   94    1    1    1    1    1    1    1    1  0.00000E+00 0.00000 
   95   95    1    1    1    1    1    1    1    1  0.00000E+00 0.00000 
   96   96    1    1    1    1    1    1    1    1  0.00000E+00 0.00000 
   97   97    1    1    1    1    1    1    1    1  0.00000E+00 0.00000 
   98   98    1    1    1    1    1    1    1    1  0.00000E+00 0.00000 
   99   99    1    1    1    1    1    1    1    1  0.00000E+00 0.00000 
  100  100    1    1    1    1    1    1    1    1  0.00000E+00 0.00000 
];


