
DETdpaspec = [
    1    1    1    1    1    1    1    1    1    1  0.00000E+00 0.00000 
    2    2    1    1    1    1    1    1    1    1  0.00000E+00 0.00000 
    3    3    1    1    1    1    1    1    1    1  0.00000E+00 0.00000 
    4    4    1    1    1    1    1    1    1    1  0.00000E+00 0.00000 
    5    5    1    1    1    1    1    1    1    1  0.00000E+00 0.00000 
    6    6    1    1    1    1    1    1    1    1  0.00000E+00 0.00000 
    7    7    1    1    1    1    1    1    1    1  0.00000E+00 0.00000 
    8    8    1    1    1    1    1    1    1    1  0.00000E+00 0.00000 
    9    9    1    1    1    1    1    1    1    1  0.00000E+00 0.00000 
   10   10    1    1    1    1    1    1    1    1  0.00000E+00 0.00000 
   11   11    1    1    1    1    1    1    1    1  0.00000E+00 0.00000 
   12   12    1    1    1    1    1    1    1    1  0.00000E+00 0.00000 
   13   13    1    1    1    1    1    1    1    1  0.00000E+00 0.00000 
   14   14    1    1    1    1    1    1    1    1  0.00000E+00 0.00000 
   15   15    1    1    1    1    1    1    1    1  0.00000E+00 0.00000 
   16   16    1    1    1    1    1    1    1    1  0.00000E+00 0.00000 
   17   17    1    1    1    1    1    1    1    1  0.00000E+00 0.00000 
   18   18    1    1    1    1    1    1    1    1  0.00000E+00 0.00000 
   19   19    1    1    1    1    1    1    1    1  5.00255E+09 0.05884 
   20   20    1    1    1    1    1    1    1    1  1.11004E+09 0.03391 
   21   21    1    1    1    1    1    1    1    1  3.82921E+09 0.02948 
   22   22    1    1    1    1    1    1    1    1  6.65197E+09 0.01613 
   23   23    1    1    1    1    1    1    1    1  3.06243E+10 0.00764 
   24   24    1    1    1    1    1    1    1    1  9.81412E+10 0.00450 
   25   25    1    1    1    1    1    1    1    1  2.18316E+11 0.00263 
   26   26    1    1    1    1    1    1    1    1  3.29390E+11 0.00289 
   27   27    1    1    1    1    1    1    1    1  6.08501E+11 0.00176 
   28   28    1    1    1    1    1    1    1    1  9.87292E+11 0.00187 
   29   29    1    1    1    1    1    1    1    1  1.79531E+12 0.00100 
   30   30    1    1    1    1    1    1    1    1  2.27394E+12 0.00089 
   31   31    1    1    1    1    1    1    1    1  3.79239E+12 0.00090 
   32   32    1    1    1    1    1    1    1    1  6.73319E+12 0.00045 
   33   33    1    1    1    1    1    1    1    1  7.94563E+12 0.00037 
   34   34    1    1    1    1    1    1    1    1  1.29971E+13 0.00032 
   35   35    1    1    1    1    1    1    1    1  1.33473E+13 0.00048 
   36   36    1    1    1    1    1    1    1    1  1.61277E+13 0.00038 
   37   37    1    1    1    1    1    1    1    1  1.43653E+13 0.00023 
   38   38    1    1    1    1    1    1    1    1  4.41844E+12 0.00035 
   39   39    1    1    1    1    1    1    1    1  1.85654E+13 0.00031 
   40   40    1    1    1    1    1    1    1    1  1.99912E+13 0.00024 
   41   41    1    1    1    1    1    1    1    1  3.22883E+13 0.00028 
   42   42    1    1    1    1    1    1    1    1  2.88467E+13 0.00025 
   43   43    1    1    1    1    1    1    1    1  4.56187E+13 0.00021 
   44   44    1    1    1    1    1    1    1    1  4.54096E+13 0.00019 
   45   45    1    1    1    1    1    1    1    1  5.51238E+13 0.00020 
   46   46    1    1    1    1    1    1    1    1  8.58079E+13 0.00016 
   47   47    1    1    1    1    1    1    1    1  5.15713E+13 0.00018 
   48   48    1    1    1    1    1    1    1    1  6.44537E+13 0.00017 
   49   49    1    1    1    1    1    1    1    1  8.94339E+13 0.00018 
   50   50    1    1    1    1    1    1    1    1  7.49385E+13 0.00015 
   51   51    1    1    1    1    1    1    1    1  1.13538E+14 0.00011 
   52   52    1    1    1    1    1    1    1    1  8.78877E+13 0.00013 
   53   53    1    1    1    1    1    1    1    1  9.57593E+13 0.00013 
   54   54    1    1    1    1    1    1    1    1  7.03172E+13 0.00017 
   55   55    1    1    1    1    1    1    1    1  8.47935E+13 0.00020 
   56   56    1    1    1    1    1    1    1    1  6.25135E+13 0.00020 
   57   57    1    1    1    1    1    1    1    1  8.76006E+12 0.00043 
   58   58    1    1    1    1    1    1    1    1  1.18230E+14 0.00015 
   59   59    1    1    1    1    1    1    1    1  5.18317E+13 0.00020 
   60   60    1    1    1    1    1    1    1    1  5.70749E+13 0.00017 
   61   61    1    1    1    1    1    1    1    1  4.74021E+13 0.00018 
   62   62    1    1    1    1    1    1    1    1  4.76190E+13 0.00018 
   63   63    1    1    1    1    1    1    1    1  4.61700E+13 0.00027 
   64   64    1    1    1    1    1    1    1    1  3.85036E+13 0.00027 
   65   65    1    1    1    1    1    1    1    1  2.99980E+13 0.00024 
   66   66    1    1    1    1    1    1    1    1  2.83118E+13 0.00034 
   67   67    1    1    1    1    1    1    1    1  2.55827E+13 0.00031 
   68   68    1    1    1    1    1    1    1    1  2.12950E+13 0.00036 
   69   69    1    1    1    1    1    1    1    1  1.83395E+13 0.00032 
   70   70    1    1    1    1    1    1    1    1  2.26701E+13 0.00040 
   71   71    1    1    1    1    1    1    1    1  1.95765E+13 0.00033 
   72   72    1    1    1    1    1    1    1    1  3.69700E+13 0.00045 
   73   73    1    1    1    1    1    1    1    1  2.76832E+13 0.00039 
   74   74    1    1    1    1    1    1    1    1  2.21005E+13 0.00049 
   75   75    1    1    1    1    1    1    1    1  1.82946E+13 0.00049 
   76   76    1    1    1    1    1    1    1    1  1.49907E+13 0.00040 
   77   77    1    1    1    1    1    1    1    1  1.71179E+13 0.00022 
   78   78    1    1    1    1    1    1    1    1  1.33623E+13 0.00065 
   79   79    1    1    1    1    1    1    1    1  1.00069E+13 0.00073 
   80   80    1    1    1    1    1    1    1    1  1.04607E+13 0.00045 
   81   81    1    1    1    1    1    1    1    1  7.93271E+12 0.00075 
   82   82    1    1    1    1    1    1    1    1  6.19284E+12 0.00079 
   83   83    1    1    1    1    1    1    1    1  4.80924E+12 0.00085 
   84   84    1    1    1    1    1    1    1    1  4.50875E+12 0.00097 
   85   85    1    1    1    1    1    1    1    1  3.24414E+12 0.00094 
   86   86    1    1    1    1    1    1    1    1  2.34975E+12 0.00121 
   87   87    1    1    1    1    1    1    1    1  2.19916E+12 0.00172 
   88   88    1    1    1    1    1    1    1    1  1.35717E+12 0.00141 
   89   89    1    1    1    1    1    1    1    1  9.16537E+11 0.00298 
   90   90    1    1    1    1    1    1    1    1  5.27377E+11 0.00273 
   91   91    1    1    1    1    1    1    1    1  6.67023E+11 0.00238 
   92   92    1    1    1    1    1    1    1    1  0.00000E+00 0.00000 
   93   93    1    1    1    1    1    1    1    1  0.00000E+00 0.00000 
   94   94    1    1    1    1    1    1    1    1  0.00000E+00 0.00000 
   95   95    1    1    1    1    1    1    1    1  0.00000E+00 0.00000 
   96   96    1    1    1    1    1    1    1    1  0.00000E+00 0.00000 
   97   97    1    1    1    1    1    1    1    1  0.00000E+00 0.00000 
   98   98    1    1    1    1    1    1    1    1  0.00000E+00 0.00000 
   99   99    1    1    1    1    1    1    1    1  0.00000E+00 0.00000 
  100  100    1    1    1    1    1    1    1    1  0.00000E+00 0.00000 
];


