
DETdpaspec = [
    1    1    1    1    1    1    1    1    1    1  0.00000E+00 0.00000 
    2    2    1    1    1    1    1    1    1    1  0.00000E+00 0.00000 
    3    3    1    1    1    1    1    1    1    1  0.00000E+00 0.00000 
    4    4    1    1    1    1    1    1    1    1  0.00000E+00 0.00000 
    5    5    1    1    1    1    1    1    1    1  0.00000E+00 0.00000 
    6    6    1    1    1    1    1    1    1    1  0.00000E+00 0.00000 
    7    7    1    1    1    1    1    1    1    1  0.00000E+00 0.00000 
    8    8    1    1    1    1    1    1    1    1  0.00000E+00 0.00000 
    9    9    1    1    1    1    1    1    1    1  0.00000E+00 0.00000 
   10   10    1    1    1    1    1    1    1    1  0.00000E+00 0.00000 
   11   11    1    1    1    1    1    1    1    1  0.00000E+00 0.00000 
   12   12    1    1    1    1    1    1    1    1  0.00000E+00 0.00000 
   13   13    1    1    1    1    1    1    1    1  0.00000E+00 0.00000 
   14   14    1    1    1    1    1    1    1    1  0.00000E+00 0.00000 
   15   15    1    1    1    1    1    1    1    1  0.00000E+00 0.00000 
   16   16    1    1    1    1    1    1    1    1  0.00000E+00 0.00000 
   17   17    1    1    1    1    1    1    1    1  0.00000E+00 0.00000 
   18   18    1    1    1    1    1    1    1    1  0.00000E+00 0.00000 
   19   19    1    1    1    1    1    1    1    1  4.49390E+09 0.05481 
   20   20    1    1    1    1    1    1    1    1  1.36740E+09 0.03731 
   21   21    1    1    1    1    1    1    1    1  5.28967E+09 0.02704 
   22   22    1    1    1    1    1    1    1    1  1.05124E+10 0.01336 
   23   23    1    1    1    1    1    1    1    1  4.81392E+10 0.00730 
   24   24    1    1    1    1    1    1    1    1  1.50728E+11 0.00376 
   25   25    1    1    1    1    1    1    1    1  3.18978E+11 0.00290 
   26   26    1    1    1    1    1    1    1    1  4.65094E+11 0.00218 
   27   27    1    1    1    1    1    1    1    1  8.19729E+11 0.00179 
   28   28    1    1    1    1    1    1    1    1  1.27493E+12 0.00133 
   29   29    1    1    1    1    1    1    1    1  2.22232E+12 0.00107 
   30   30    1    1    1    1    1    1    1    1  2.79193E+12 0.00067 
   31   31    1    1    1    1    1    1    1    1  4.43582E+12 0.00077 
   32   32    1    1    1    1    1    1    1    1  7.60619E+12 0.00058 
   33   33    1    1    1    1    1    1    1    1  8.82159E+12 0.00065 
   34   34    1    1    1    1    1    1    1    1  1.41259E+13 0.00042 
   35   35    1    1    1    1    1    1    1    1  1.44969E+13 0.00040 
   36   36    1    1    1    1    1    1    1    1  1.70478E+13 0.00031 
   37   37    1    1    1    1    1    1    1    1  1.49968E+13 0.00031 
   38   38    1    1    1    1    1    1    1    1  4.57502E+12 0.00033 
   39   39    1    1    1    1    1    1    1    1  1.92534E+13 0.00024 
   40   40    1    1    1    1    1    1    1    1  2.06310E+13 0.00033 
   41   41    1    1    1    1    1    1    1    1  3.32683E+13 0.00026 
   42   42    1    1    1    1    1    1    1    1  2.94943E+13 0.00027 
   43   43    1    1    1    1    1    1    1    1  4.65398E+13 0.00025 
   44   44    1    1    1    1    1    1    1    1  4.61837E+13 0.00019 
   45   45    1    1    1    1    1    1    1    1  5.58973E+13 0.00026 
   46   46    1    1    1    1    1    1    1    1  8.67123E+13 0.00012 
   47   47    1    1    1    1    1    1    1    1  5.19766E+13 0.00014 
   48   48    1    1    1    1    1    1    1    1  6.47343E+13 0.00019 
   49   49    1    1    1    1    1    1    1    1  8.96481E+13 0.00016 
   50   50    1    1    1    1    1    1    1    1  7.48009E+13 0.00013 
   51   51    1    1    1    1    1    1    1    1  1.13298E+14 0.00018 
   52   52    1    1    1    1    1    1    1    1  8.73803E+13 0.00014 
   53   53    1    1    1    1    1    1    1    1  9.51602E+13 0.00012 
   54   54    1    1    1    1    1    1    1    1  6.97644E+13 0.00018 
   55   55    1    1    1    1    1    1    1    1  8.41373E+13 0.00016 
   56   56    1    1    1    1    1    1    1    1  6.19526E+13 0.00020 
   57   57    1    1    1    1    1    1    1    1  8.66802E+12 0.00029 
   58   58    1    1    1    1    1    1    1    1  1.16967E+14 0.00016 
   59   59    1    1    1    1    1    1    1    1  5.13222E+13 0.00021 
   60   60    1    1    1    1    1    1    1    1  5.64179E+13 0.00024 
   61   61    1    1    1    1    1    1    1    1  4.68682E+13 0.00014 
   62   62    1    1    1    1    1    1    1    1  4.70579E+13 0.00030 
   63   63    1    1    1    1    1    1    1    1  4.55643E+13 0.00022 
   64   64    1    1    1    1    1    1    1    1  3.80021E+13 0.00029 
   65   65    1    1    1    1    1    1    1    1  2.95954E+13 0.00024 
   66   66    1    1    1    1    1    1    1    1  2.78901E+13 0.00023 
   67   67    1    1    1    1    1    1    1    1  2.52063E+13 0.00033 
   68   68    1    1    1    1    1    1    1    1  2.09234E+13 0.00025 
   69   69    1    1    1    1    1    1    1    1  1.79976E+13 0.00029 
   70   70    1    1    1    1    1    1    1    1  2.22500E+13 0.00033 
   71   71    1    1    1    1    1    1    1    1  1.92003E+13 0.00046 
   72   72    1    1    1    1    1    1    1    1  3.61364E+13 0.00024 
   73   73    1    1    1    1    1    1    1    1  2.69817E+13 0.00030 
   74   74    1    1    1    1    1    1    1    1  2.15092E+13 0.00045 
   75   75    1    1    1    1    1    1    1    1  1.78193E+13 0.00045 
   76   76    1    1    1    1    1    1    1    1  1.46319E+13 0.00041 
   77   77    1    1    1    1    1    1    1    1  1.67069E+13 0.00043 
   78   78    1    1    1    1    1    1    1    1  1.30735E+13 0.00042 
   79   79    1    1    1    1    1    1    1    1  9.80978E+12 0.00045 
   80   80    1    1    1    1    1    1    1    1  1.02723E+13 0.00055 
   81   81    1    1    1    1    1    1    1    1  7.79540E+12 0.00054 
   82   82    1    1    1    1    1    1    1    1  6.08074E+12 0.00075 
   83   83    1    1    1    1    1    1    1    1  4.73394E+12 0.00068 
   84   84    1    1    1    1    1    1    1    1  4.43052E+12 0.00101 
   85   85    1    1    1    1    1    1    1    1  3.18116E+12 0.00097 
   86   86    1    1    1    1    1    1    1    1  2.30287E+12 0.00152 
   87   87    1    1    1    1    1    1    1    1  2.15661E+12 0.00125 
   88   88    1    1    1    1    1    1    1    1  1.33045E+12 0.00154 
   89   89    1    1    1    1    1    1    1    1  8.98189E+11 0.00188 
   90   90    1    1    1    1    1    1    1    1  5.17545E+11 0.00321 
   91   91    1    1    1    1    1    1    1    1  6.48554E+11 0.00332 
   92   92    1    1    1    1    1    1    1    1  0.00000E+00 0.00000 
   93   93    1    1    1    1    1    1    1    1  0.00000E+00 0.00000 
   94   94    1    1    1    1    1    1    1    1  0.00000E+00 0.00000 
   95   95    1    1    1    1    1    1    1    1  0.00000E+00 0.00000 
   96   96    1    1    1    1    1    1    1    1  0.00000E+00 0.00000 
   97   97    1    1    1    1    1    1    1    1  0.00000E+00 0.00000 
   98   98    1    1    1    1    1    1    1    1  0.00000E+00 0.00000 
   99   99    1    1    1    1    1    1    1    1  0.00000E+00 0.00000 
  100  100    1    1    1    1    1    1    1    1  0.00000E+00 0.00000 
];


