
DETdpaspec = [
    1    1    1    1    1    1    1    1    1    1  0.00000E+00 0.00000 
    2    2    1    1    1    1    1    1    1    1  0.00000E+00 0.00000 
    3    3    1    1    1    1    1    1    1    1  0.00000E+00 0.00000 
    4    4    1    1    1    1    1    1    1    1  0.00000E+00 0.00000 
    5    5    1    1    1    1    1    1    1    1  0.00000E+00 0.00000 
    6    6    1    1    1    1    1    1    1    1  0.00000E+00 0.00000 
    7    7    1    1    1    1    1    1    1    1  0.00000E+00 0.00000 
    8    8    1    1    1    1    1    1    1    1  0.00000E+00 0.00000 
    9    9    1    1    1    1    1    1    1    1  0.00000E+00 0.00000 
   10   10    1    1    1    1    1    1    1    1  0.00000E+00 0.00000 
   11   11    1    1    1    1    1    1    1    1  0.00000E+00 0.00000 
   12   12    1    1    1    1    1    1    1    1  0.00000E+00 0.00000 
   13   13    1    1    1    1    1    1    1    1  0.00000E+00 0.00000 
   14   14    1    1    1    1    1    1    1    1  0.00000E+00 0.00000 
   15   15    1    1    1    1    1    1    1    1  0.00000E+00 0.00000 
   16   16    1    1    1    1    1    1    1    1  0.00000E+00 0.00000 
   17   17    1    1    1    1    1    1    1    1  0.00000E+00 0.00000 
   18   18    1    1    1    1    1    1    1    1  0.00000E+00 0.00000 
   19   19    1    1    1    1    1    1    1    1  5.12153E+09 0.04477 
   20   20    1    1    1    1    1    1    1    1  1.84497E+09 0.02738 
   21   21    1    1    1    1    1    1    1    1  7.45448E+09 0.02377 
   22   22    1    1    1    1    1    1    1    1  1.53503E+10 0.01055 
   23   23    1    1    1    1    1    1    1    1  6.76167E+10 0.00605 
   24   24    1    1    1    1    1    1    1    1  2.01408E+11 0.00391 
   25   25    1    1    1    1    1    1    1    1  4.12992E+11 0.00224 
   26   26    1    1    1    1    1    1    1    1  5.82567E+11 0.00220 
   27   27    1    1    1    1    1    1    1    1  9.99880E+11 0.00161 
   28   28    1    1    1    1    1    1    1    1  1.51424E+12 0.00119 
   29   29    1    1    1    1    1    1    1    1  2.56066E+12 0.00115 
   30   30    1    1    1    1    1    1    1    1  3.18713E+12 0.00084 
   31   31    1    1    1    1    1    1    1    1  4.93601E+12 0.00074 
   32   32    1    1    1    1    1    1    1    1  8.26193E+12 0.00062 
   33   33    1    1    1    1    1    1    1    1  9.47475E+12 0.00056 
   34   34    1    1    1    1    1    1    1    1  1.49411E+13 0.00043 
   35   35    1    1    1    1    1    1    1    1  1.52773E+13 0.00043 
   36   36    1    1    1    1    1    1    1    1  1.77272E+13 0.00037 
   37   37    1    1    1    1    1    1    1    1  1.54635E+13 0.00028 
   38   38    1    1    1    1    1    1    1    1  4.69224E+12 0.00031 
   39   39    1    1    1    1    1    1    1    1  1.97551E+13 0.00034 
   40   40    1    1    1    1    1    1    1    1  2.11015E+13 0.00030 
   41   41    1    1    1    1    1    1    1    1  3.39810E+13 0.00021 
   42   42    1    1    1    1    1    1    1    1  2.99818E+13 0.00025 
   43   43    1    1    1    1    1    1    1    1  4.72388E+13 0.00017 
   44   44    1    1    1    1    1    1    1    1  4.67443E+13 0.00020 
   45   45    1    1    1    1    1    1    1    1  5.64708E+13 0.00019 
   46   46    1    1    1    1    1    1    1    1  8.73678E+13 0.00015 
   47   47    1    1    1    1    1    1    1    1  5.22277E+13 0.00016 
   48   48    1    1    1    1    1    1    1    1  6.49263E+13 0.00022 
   49   49    1    1    1    1    1    1    1    1  8.97812E+13 0.00020 
   50   50    1    1    1    1    1    1    1    1  7.47377E+13 0.00017 
   51   51    1    1    1    1    1    1    1    1  1.13081E+14 0.00018 
   52   52    1    1    1    1    1    1    1    1  8.70168E+13 0.00015 
   53   53    1    1    1    1    1    1    1    1  9.47682E+13 0.00011 
   54   54    1    1    1    1    1    1    1    1  6.94008E+13 0.00012 
   55   55    1    1    1    1    1    1    1    1  8.36561E+13 0.00022 
   56   56    1    1    1    1    1    1    1    1  6.15401E+13 0.00020 
   57   57    1    1    1    1    1    1    1    1  8.61471E+12 0.00041 
   58   58    1    1    1    1    1    1    1    1  1.16059E+14 0.00014 
   59   59    1    1    1    1    1    1    1    1  5.09374E+13 0.00018 
   60   60    1    1    1    1    1    1    1    1  5.58853E+13 0.00023 
   61   61    1    1    1    1    1    1    1    1  4.64439E+13 0.00018 
   62   62    1    1    1    1    1    1    1    1  4.66303E+13 0.00018 
   63   63    1    1    1    1    1    1    1    1  4.51284E+13 0.00029 
   64   64    1    1    1    1    1    1    1    1  3.76353E+13 0.00025 
   65   65    1    1    1    1    1    1    1    1  2.92806E+13 0.00018 
   66   66    1    1    1    1    1    1    1    1  2.75650E+13 0.00031 
   67   67    1    1    1    1    1    1    1    1  2.49133E+13 0.00024 
   68   68    1    1    1    1    1    1    1    1  2.06635E+13 0.00032 
   69   69    1    1    1    1    1    1    1    1  1.77755E+13 0.00044 
   70   70    1    1    1    1    1    1    1    1  2.19483E+13 0.00035 
   71   71    1    1    1    1    1    1    1    1  1.89147E+13 0.00042 
   72   72    1    1    1    1    1    1    1    1  3.55161E+13 0.00031 
   73   73    1    1    1    1    1    1    1    1  2.64786E+13 0.00043 
   74   74    1    1    1    1    1    1    1    1  2.11079E+13 0.00034 
   75   75    1    1    1    1    1    1    1    1  1.74966E+13 0.00041 
   76   76    1    1    1    1    1    1    1    1  1.43567E+13 0.00053 
   77   77    1    1    1    1    1    1    1    1  1.64163E+13 0.00043 
   78   78    1    1    1    1    1    1    1    1  1.28660E+13 0.00045 
   79   79    1    1    1    1    1    1    1    1  9.64605E+12 0.00061 
   80   80    1    1    1    1    1    1    1    1  1.00900E+13 0.00061 
   81   81    1    1    1    1    1    1    1    1  7.66412E+12 0.00064 
   82   82    1    1    1    1    1    1    1    1  5.98025E+12 0.00064 
   83   83    1    1    1    1    1    1    1    1  4.65298E+12 0.00114 
   84   84    1    1    1    1    1    1    1    1  4.36181E+12 0.00077 
   85   85    1    1    1    1    1    1    1    1  3.13086E+12 0.00100 
   86   86    1    1    1    1    1    1    1    1  2.26688E+12 0.00121 
   87   87    1    1    1    1    1    1    1    1  2.13087E+12 0.00156 
   88   88    1    1    1    1    1    1    1    1  1.30993E+12 0.00177 
   89   89    1    1    1    1    1    1    1    1  8.80496E+11 0.00188 
   90   90    1    1    1    1    1    1    1    1  5.06484E+11 0.00227 
   91   91    1    1    1    1    1    1    1    1  6.37954E+11 0.00254 
   92   92    1    1    1    1    1    1    1    1  0.00000E+00 0.00000 
   93   93    1    1    1    1    1    1    1    1  0.00000E+00 0.00000 
   94   94    1    1    1    1    1    1    1    1  0.00000E+00 0.00000 
   95   95    1    1    1    1    1    1    1    1  0.00000E+00 0.00000 
   96   96    1    1    1    1    1    1    1    1  0.00000E+00 0.00000 
   97   97    1    1    1    1    1    1    1    1  0.00000E+00 0.00000 
   98   98    1    1    1    1    1    1    1    1  0.00000E+00 0.00000 
   99   99    1    1    1    1    1    1    1    1  0.00000E+00 0.00000 
  100  100    1    1    1    1    1    1    1    1  0.00000E+00 0.00000 
];


