
DETdpaspec = [
    1    1    1    1    1    1    1    1    1    1  0.00000E+00 0.00000 
    2    2    1    1    1    1    1    1    1    1  0.00000E+00 0.00000 
    3    3    1    1    1    1    1    1    1    1  0.00000E+00 0.00000 
    4    4    1    1    1    1    1    1    1    1  0.00000E+00 0.00000 
    5    5    1    1    1    1    1    1    1    1  0.00000E+00 0.00000 
    6    6    1    1    1    1    1    1    1    1  0.00000E+00 0.00000 
    7    7    1    1    1    1    1    1    1    1  0.00000E+00 0.00000 
    8    8    1    1    1    1    1    1    1    1  0.00000E+00 0.00000 
    9    9    1    1    1    1    1    1    1    1  0.00000E+00 0.00000 
   10   10    1    1    1    1    1    1    1    1  0.00000E+00 0.00000 
   11   11    1    1    1    1    1    1    1    1  0.00000E+00 0.00000 
   12   12    1    1    1    1    1    1    1    1  0.00000E+00 0.00000 
   13   13    1    1    1    1    1    1    1    1  0.00000E+00 0.00000 
   14   14    1    1    1    1    1    1    1    1  0.00000E+00 0.00000 
   15   15    1    1    1    1    1    1    1    1  0.00000E+00 0.00000 
   16   16    1    1    1    1    1    1    1    1  0.00000E+00 0.00000 
   17   17    1    1    1    1    1    1    1    1  0.00000E+00 0.00000 
   18   18    1    1    1    1    1    1    1    1  0.00000E+00 0.00000 
   19   19    1    1    1    1    1    1    1    1  4.95592E+09 0.03488 
   20   20    1    1    1    1    1    1    1    1  1.13312E+09 0.03438 
   21   21    1    1    1    1    1    1    1    1  3.51242E+09 0.02795 
   22   22    1    1    1    1    1    1    1    1  5.05523E+09 0.02149 
   23   23    1    1    1    1    1    1    1    1  2.26917E+10 0.01497 
   24   24    1    1    1    1    1    1    1    1  7.22679E+10 0.00525 
   25   25    1    1    1    1    1    1    1    1  1.66078E+11 0.00364 
   26   26    1    1    1    1    1    1    1    1  2.61149E+11 0.00362 
   27   27    1    1    1    1    1    1    1    1  4.98169E+11 0.00195 
   28   28    1    1    1    1    1    1    1    1  8.33710E+11 0.00157 
   29   29    1    1    1    1    1    1    1    1  1.55191E+12 0.00110 
   30   30    1    1    1    1    1    1    1    1  1.97403E+12 0.00109 
   31   31    1    1    1    1    1    1    1    1  3.41278E+12 0.00084 
   32   32    1    1    1    1    1    1    1    1  6.18286E+12 0.00082 
   33   33    1    1    1    1    1    1    1    1  7.39555E+12 0.00068 
   34   34    1    1    1    1    1    1    1    1  1.22972E+13 0.00048 
   35   35    1    1    1    1    1    1    1    1  1.26092E+13 0.00040 
   36   36    1    1    1    1    1    1    1    1  1.55311E+13 0.00039 
   37   37    1    1    1    1    1    1    1    1  1.39665E+13 0.00041 
   38   38    1    1    1    1    1    1    1    1  4.32068E+12 0.00035 
   39   39    1    1    1    1    1    1    1    1  1.81321E+13 0.00032 
   40   40    1    1    1    1    1    1    1    1  1.95793E+13 0.00029 
   41   41    1    1    1    1    1    1    1    1  3.16511E+13 0.00022 
   42   42    1    1    1    1    1    1    1    1  2.84711E+13 0.00022 
   43   43    1    1    1    1    1    1    1    1  4.50136E+13 0.00022 
   44   44    1    1    1    1    1    1    1    1  4.49369E+13 0.00032 
   45   45    1    1    1    1    1    1    1    1  5.46411E+13 0.00023 
   46   46    1    1    1    1    1    1    1    1  8.52907E+13 0.00020 
   47   47    1    1    1    1    1    1    1    1  5.13234E+13 0.00019 
   48   48    1    1    1    1    1    1    1    1  6.43427E+13 0.00019 
   49   49    1    1    1    1    1    1    1    1  8.93723E+13 0.00016 
   50   50    1    1    1    1    1    1    1    1  7.50719E+13 0.00021 
   51   51    1    1    1    1    1    1    1    1  1.13725E+14 0.00018 
   52   52    1    1    1    1    1    1    1    1  8.82786E+13 0.00015 
   53   53    1    1    1    1    1    1    1    1  9.61771E+13 0.00015 
   54   54    1    1    1    1    1    1    1    1  7.07257E+13 0.00016 
   55   55    1    1    1    1    1    1    1    1  8.51953E+13 0.00019 
   56   56    1    1    1    1    1    1    1    1  6.29155E+13 0.00019 
   57   57    1    1    1    1    1    1    1    1  8.82357E+12 0.00047 
   58   58    1    1    1    1    1    1    1    1  1.19063E+14 0.00015 
   59   59    1    1    1    1    1    1    1    1  5.20972E+13 0.00021 
   60   60    1    1    1    1    1    1    1    1  5.74890E+13 0.00017 
   61   61    1    1    1    1    1    1    1    1  4.76721E+13 0.00021 
   62   62    1    1    1    1    1    1    1    1  4.79437E+13 0.00026 
   63   63    1    1    1    1    1    1    1    1  4.64614E+13 0.00029 
   64   64    1    1    1    1    1    1    1    1  3.87695E+13 0.00023 
   65   65    1    1    1    1    1    1    1    1  3.02410E+13 0.00026 
   66   66    1    1    1    1    1    1    1    1  2.85721E+13 0.00026 
   67   67    1    1    1    1    1    1    1    1  2.57919E+13 0.00022 
   68   68    1    1    1    1    1    1    1    1  2.14756E+13 0.00025 
   69   69    1    1    1    1    1    1    1    1  1.85112E+13 0.00039 
   70   70    1    1    1    1    1    1    1    1  2.28920E+13 0.00033 
   71   71    1    1    1    1    1    1    1    1  1.98035E+13 0.00053 
   72   72    1    1    1    1    1    1    1    1  3.75288E+13 0.00035 
   73   73    1    1    1    1    1    1    1    1  2.81203E+13 0.00041 
   74   74    1    1    1    1    1    1    1    1  2.24757E+13 0.00029 
   75   75    1    1    1    1    1    1    1    1  1.85914E+13 0.00049 
   76   76    1    1    1    1    1    1    1    1  1.52084E+13 0.00035 
   77   77    1    1    1    1    1    1    1    1  1.73232E+13 0.00046 
   78   78    1    1    1    1    1    1    1    1  1.35087E+13 0.00062 
   79   79    1    1    1    1    1    1    1    1  1.01095E+13 0.00062 
   80   80    1    1    1    1    1    1    1    1  1.05647E+13 0.00063 
   81   81    1    1    1    1    1    1    1    1  8.00222E+12 0.00080 
   82   82    1    1    1    1    1    1    1    1  6.24775E+12 0.00075 
   83   83    1    1    1    1    1    1    1    1  4.85908E+12 0.00084 
   84   84    1    1    1    1    1    1    1    1  4.54413E+12 0.00105 
   85   85    1    1    1    1    1    1    1    1  3.27308E+12 0.00103 
   86   86    1    1    1    1    1    1    1    1  2.36640E+12 0.00140 
   87   87    1    1    1    1    1    1    1    1  2.21580E+12 0.00172 
   88   88    1    1    1    1    1    1    1    1  1.36826E+12 0.00196 
   89   89    1    1    1    1    1    1    1    1  9.25637E+11 0.00157 
   90   90    1    1    1    1    1    1    1    1  5.32505E+11 0.00253 
   91   91    1    1    1    1    1    1    1    1  6.74073E+11 0.00214 
   92   92    1    1    1    1    1    1    1    1  0.00000E+00 0.00000 
   93   93    1    1    1    1    1    1    1    1  0.00000E+00 0.00000 
   94   94    1    1    1    1    1    1    1    1  0.00000E+00 0.00000 
   95   95    1    1    1    1    1    1    1    1  0.00000E+00 0.00000 
   96   96    1    1    1    1    1    1    1    1  0.00000E+00 0.00000 
   97   97    1    1    1    1    1    1    1    1  0.00000E+00 0.00000 
   98   98    1    1    1    1    1    1    1    1  0.00000E+00 0.00000 
   99   99    1    1    1    1    1    1    1    1  0.00000E+00 0.00000 
  100  100    1    1    1    1    1    1    1    1  0.00000E+00 0.00000 
];


