
DETdpaspec = [
    1    1    1    1    1    1    1    1    1    1  0.00000E+00 0.00000 
    2    2    1    1    1    1    1    1    1    1  0.00000E+00 0.00000 
    3    3    1    1    1    1    1    1    1    1  0.00000E+00 0.00000 
    4    4    1    1    1    1    1    1    1    1  0.00000E+00 0.00000 
    5    5    1    1    1    1    1    1    1    1  0.00000E+00 0.00000 
    6    6    1    1    1    1    1    1    1    1  0.00000E+00 0.00000 
    7    7    1    1    1    1    1    1    1    1  0.00000E+00 0.00000 
    8    8    1    1    1    1    1    1    1    1  0.00000E+00 0.00000 
    9    9    1    1    1    1    1    1    1    1  0.00000E+00 0.00000 
   10   10    1    1    1    1    1    1    1    1  0.00000E+00 0.00000 
   11   11    1    1    1    1    1    1    1    1  0.00000E+00 0.00000 
   12   12    1    1    1    1    1    1    1    1  0.00000E+00 0.00000 
   13   13    1    1    1    1    1    1    1    1  0.00000E+00 0.00000 
   14   14    1    1    1    1    1    1    1    1  0.00000E+00 0.00000 
   15   15    1    1    1    1    1    1    1    1  0.00000E+00 0.00000 
   16   16    1    1    1    1    1    1    1    1  0.00000E+00 0.00000 
   17   17    1    1    1    1    1    1    1    1  0.00000E+00 0.00000 
   18   18    1    1    1    1    1    1    1    1  0.00000E+00 0.00000 
   19   19    1    1    1    1    1    1    1    1  7.36886E+09 0.03203 
   20   20    1    1    1    1    1    1    1    1  1.53692E+09 0.03496 
   21   21    1    1    1    1    1    1    1    1  4.11424E+09 0.02692 
   22   22    1    1    1    1    1    1    1    1  4.38576E+09 0.02289 
   23   23    1    1    1    1    1    1    1    1  1.62892E+10 0.01093 
   24   24    1    1    1    1    1    1    1    1  4.55514E+10 0.00658 
   25   25    1    1    1    1    1    1    1    1  1.04771E+11 0.00404 
   26   26    1    1    1    1    1    1    1    1  1.71199E+11 0.00307 
   27   27    1    1    1    1    1    1    1    1  3.44365E+11 0.00326 
   28   28    1    1    1    1    1    1    1    1  6.13696E+11 0.00231 
   29   29    1    1    1    1    1    1    1    1  1.18688E+12 0.00146 
   30   30    1    1    1    1    1    1    1    1  1.48500E+12 0.00132 
   31   31    1    1    1    1    1    1    1    1  2.83218E+12 0.00112 
   32   32    1    1    1    1    1    1    1    1  5.32874E+12 0.00073 
   33   33    1    1    1    1    1    1    1    1  6.52338E+12 0.00062 
   34   34    1    1    1    1    1    1    1    1  1.12059E+13 0.00043 
   35   35    1    1    1    1    1    1    1    1  1.13167E+13 0.00038 
   36   36    1    1    1    1    1    1    1    1  1.46833E+13 0.00049 
   37   37    1    1    1    1    1    1    1    1  1.34325E+13 0.00025 
   38   38    1    1    1    1    1    1    1    1  4.21993E+12 0.00037 
   39   39    1    1    1    1    1    1    1    1  1.75573E+13 0.00032 
   40   40    1    1    1    1    1    1    1    1  1.90922E+13 0.00023 
   41   41    1    1    1    1    1    1    1    1  3.07606E+13 0.00022 
   42   42    1    1    1    1    1    1    1    1  2.80657E+13 0.00019 
   43   43    1    1    1    1    1    1    1    1  4.43058E+13 0.00028 
   44   44    1    1    1    1    1    1    1    1  4.43770E+13 0.00018 
   45   45    1    1    1    1    1    1    1    1  5.40678E+13 0.00017 
   46   46    1    1    1    1    1    1    1    1  8.47692E+13 0.00021 
   47   47    1    1    1    1    1    1    1    1  5.09905E+13 0.00023 
   48   48    1    1    1    1    1    1    1    1  6.44176E+13 0.00022 
   49   49    1    1    1    1    1    1    1    1  8.94776E+13 0.00011 
   50   50    1    1    1    1    1    1    1    1  7.56991E+13 0.00017 
   51   51    1    1    1    1    1    1    1    1  1.14366E+14 0.00014 
   52   52    1    1    1    1    1    1    1    1  8.92720E+13 0.00013 
   53   53    1    1    1    1    1    1    1    1  9.70668E+13 0.00015 
   54   54    1    1    1    1    1    1    1    1  7.14857E+13 0.00016 
   55   55    1    1    1    1    1    1    1    1  8.58618E+13 0.00017 
   56   56    1    1    1    1    1    1    1    1  6.35203E+13 0.00017 
   57   57    1    1    1    1    1    1    1    1  8.91993E+12 0.00026 
   58   58    1    1    1    1    1    1    1    1  1.20349E+14 0.00013 
   59   59    1    1    1    1    1    1    1    1  5.23664E+13 0.00026 
   60   60    1    1    1    1    1    1    1    1  5.80885E+13 0.00019 
   61   61    1    1    1    1    1    1    1    1  4.79330E+13 0.00022 
   62   62    1    1    1    1    1    1    1    1  4.82316E+13 0.00025 
   63   63    1    1    1    1    1    1    1    1  4.67099E+13 0.00022 
   64   64    1    1    1    1    1    1    1    1  3.89632E+13 0.00032 
   65   65    1    1    1    1    1    1    1    1  3.03634E+13 0.00030 
   66   66    1    1    1    1    1    1    1    1  2.87960E+13 0.00032 
   67   67    1    1    1    1    1    1    1    1  2.59428E+13 0.00032 
   68   68    1    1    1    1    1    1    1    1  2.16636E+13 0.00035 
   69   69    1    1    1    1    1    1    1    1  1.86970E+13 0.00029 
   70   70    1    1    1    1    1    1    1    1  2.31204E+13 0.00040 
   71   71    1    1    1    1    1    1    1    1  2.00096E+13 0.00043 
   72   72    1    1    1    1    1    1    1    1  3.82744E+13 0.00027 
   73   73    1    1    1    1    1    1    1    1  2.88710E+13 0.00038 
   74   74    1    1    1    1    1    1    1    1  2.30796E+13 0.00030 
   75   75    1    1    1    1    1    1    1    1  1.89871E+13 0.00040 
   76   76    1    1    1    1    1    1    1    1  1.54668E+13 0.00046 
   77   77    1    1    1    1    1    1    1    1  1.75268E+13 0.00032 
   78   78    1    1    1    1    1    1    1    1  1.35794E+13 0.00068 
   79   79    1    1    1    1    1    1    1    1  1.01291E+13 0.00041 
   80   80    1    1    1    1    1    1    1    1  1.05467E+13 0.00058 
   81   81    1    1    1    1    1    1    1    1  7.95425E+12 0.00059 
   82   82    1    1    1    1    1    1    1    1  6.18888E+12 0.00080 
   83   83    1    1    1    1    1    1    1    1  4.81565E+12 0.00096 
   84   84    1    1    1    1    1    1    1    1  4.49564E+12 0.00106 
   85   85    1    1    1    1    1    1    1    1  3.23739E+12 0.00102 
   86   86    1    1    1    1    1    1    1    1  2.33882E+12 0.00125 
   87   87    1    1    1    1    1    1    1    1  2.19477E+12 0.00154 
   88   88    1    1    1    1    1    1    1    1  1.35435E+12 0.00141 
   89   89    1    1    1    1    1    1    1    1  9.19219E+11 0.00189 
   90   90    1    1    1    1    1    1    1    1  5.28895E+11 0.00224 
   91   91    1    1    1    1    1    1    1    1  6.76355E+11 0.00287 
   92   92    1    1    1    1    1    1    1    1  0.00000E+00 0.00000 
   93   93    1    1    1    1    1    1    1    1  0.00000E+00 0.00000 
   94   94    1    1    1    1    1    1    1    1  0.00000E+00 0.00000 
   95   95    1    1    1    1    1    1    1    1  0.00000E+00 0.00000 
   96   96    1    1    1    1    1    1    1    1  0.00000E+00 0.00000 
   97   97    1    1    1    1    1    1    1    1  0.00000E+00 0.00000 
   98   98    1    1    1    1    1    1    1    1  0.00000E+00 0.00000 
   99   99    1    1    1    1    1    1    1    1  0.00000E+00 0.00000 
  100  100    1    1    1    1    1    1    1    1  0.00000E+00 0.00000 
];


