
DETdpaspec = [
    1    1    1    1    1    1    1    1    1    1  0.00000E+00 0.00000 
    2    2    1    1    1    1    1    1    1    1  0.00000E+00 0.00000 
    3    3    1    1    1    1    1    1    1    1  0.00000E+00 0.00000 
    4    4    1    1    1    1    1    1    1    1  0.00000E+00 0.00000 
    5    5    1    1    1    1    1    1    1    1  0.00000E+00 0.00000 
    6    6    1    1    1    1    1    1    1    1  0.00000E+00 0.00000 
    7    7    1    1    1    1    1    1    1    1  0.00000E+00 0.00000 
    8    8    1    1    1    1    1    1    1    1  0.00000E+00 0.00000 
    9    9    1    1    1    1    1    1    1    1  0.00000E+00 0.00000 
   10   10    1    1    1    1    1    1    1    1  0.00000E+00 0.00000 
   11   11    1    1    1    1    1    1    1    1  0.00000E+00 0.00000 
   12   12    1    1    1    1    1    1    1    1  0.00000E+00 0.00000 
   13   13    1    1    1    1    1    1    1    1  0.00000E+00 0.00000 
   14   14    1    1    1    1    1    1    1    1  0.00000E+00 0.00000 
   15   15    1    1    1    1    1    1    1    1  0.00000E+00 0.00000 
   16   16    1    1    1    1    1    1    1    1  0.00000E+00 0.00000 
   17   17    1    1    1    1    1    1    1    1  0.00000E+00 0.00000 
   18   18    1    1    1    1    1    1    1    1  0.00000E+00 0.00000 
   19   19    1    1    1    1    1    1    1    1  6.63146E+09 0.02584 
   20   20    1    1    1    1    1    1    1    1  1.42161E+09 0.02594 
   21   21    1    1    1    1    1    1    1    1  3.88041E+09 0.02746 
   22   22    1    1    1    1    1    1    1    1  4.68712E+09 0.01868 
   23   23    1    1    1    1    1    1    1    1  1.66644E+10 0.01001 
   24   24    1    1    1    1    1    1    1    1  4.79963E+10 0.00528 
   25   25    1    1    1    1    1    1    1    1  1.10482E+11 0.00567 
   26   26    1    1    1    1    1    1    1    1  1.79257E+11 0.00418 
   27   27    1    1    1    1    1    1    1    1  3.57962E+11 0.00270 
   28   28    1    1    1    1    1    1    1    1  6.34449E+11 0.00184 
   29   29    1    1    1    1    1    1    1    1  1.22503E+12 0.00148 
   30   30    1    1    1    1    1    1    1    1  1.53549E+12 0.00107 
   31   31    1    1    1    1    1    1    1    1  2.88252E+12 0.00087 
   32   32    1    1    1    1    1    1    1    1  5.40635E+12 0.00062 
   33   33    1    1    1    1    1    1    1    1  6.60334E+12 0.00065 
   34   34    1    1    1    1    1    1    1    1  1.13038E+13 0.00050 
   35   35    1    1    1    1    1    1    1    1  1.14464E+13 0.00046 
   36   36    1    1    1    1    1    1    1    1  1.47430E+13 0.00040 
   37   37    1    1    1    1    1    1    1    1  1.34577E+13 0.00035 
   38   38    1    1    1    1    1    1    1    1  4.22123E+12 0.00034 
   39   39    1    1    1    1    1    1    1    1  1.75813E+13 0.00031 
   40   40    1    1    1    1    1    1    1    1  1.91027E+13 0.00027 
   41   41    1    1    1    1    1    1    1    1  3.08118E+13 0.00024 
   42   42    1    1    1    1    1    1    1    1  2.80682E+13 0.00026 
   43   43    1    1    1    1    1    1    1    1  4.43385E+13 0.00026 
   44   44    1    1    1    1    1    1    1    1  4.44087E+13 0.00019 
   45   45    1    1    1    1    1    1    1    1  5.41009E+13 0.00020 
   46   46    1    1    1    1    1    1    1    1  8.47567E+13 0.00017 
   47   47    1    1    1    1    1    1    1    1  5.10132E+13 0.00019 
   48   48    1    1    1    1    1    1    1    1  6.43513E+13 0.00014 
   49   49    1    1    1    1    1    1    1    1  8.94458E+13 0.00019 
   50   50    1    1    1    1    1    1    1    1  7.56092E+13 0.00022 
   51   51    1    1    1    1    1    1    1    1  1.14251E+14 0.00016 
   52   52    1    1    1    1    1    1    1    1  8.91121E+13 0.00014 
   53   53    1    1    1    1    1    1    1    1  9.69466E+13 0.00017 
   54   54    1    1    1    1    1    1    1    1  7.14025E+13 0.00018 
   55   55    1    1    1    1    1    1    1    1  8.57519E+13 0.00018 
   56   56    1    1    1    1    1    1    1    1  6.34573E+13 0.00018 
   57   57    1    1    1    1    1    1    1    1  8.90977E+12 0.00042 
   58   58    1    1    1    1    1    1    1    1  1.20204E+14 0.00015 
   59   59    1    1    1    1    1    1    1    1  5.23994E+13 0.00022 
   60   60    1    1    1    1    1    1    1    1  5.80653E+13 0.00016 
   61   61    1    1    1    1    1    1    1    1  4.79356E+13 0.00031 
   62   62    1    1    1    1    1    1    1    1  4.82392E+13 0.00028 
   63   63    1    1    1    1    1    1    1    1  4.67171E+13 0.00016 
   64   64    1    1    1    1    1    1    1    1  3.89985E+13 0.00032 
   65   65    1    1    1    1    1    1    1    1  3.03925E+13 0.00030 
   66   66    1    1    1    1    1    1    1    1  2.88065E+13 0.00025 
   67   67    1    1    1    1    1    1    1    1  2.59713E+13 0.00040 
   68   68    1    1    1    1    1    1    1    1  2.16806E+13 0.00043 
   69   69    1    1    1    1    1    1    1    1  1.87171E+13 0.00039 
   70   70    1    1    1    1    1    1    1    1  2.31277E+13 0.00043 
   71   71    1    1    1    1    1    1    1    1  2.00247E+13 0.00038 
   72   72    1    1    1    1    1    1    1    1  3.82163E+13 0.00030 
   73   73    1    1    1    1    1    1    1    1  2.87983E+13 0.00044 
   74   74    1    1    1    1    1    1    1    1  2.30141E+13 0.00042 
   75   75    1    1    1    1    1    1    1    1  1.89581E+13 0.00048 
   76   76    1    1    1    1    1    1    1    1  1.54413E+13 0.00042 
   77   77    1    1    1    1    1    1    1    1  1.75280E+13 0.00030 
   78   78    1    1    1    1    1    1    1    1  1.35973E+13 0.00053 
   79   79    1    1    1    1    1    1    1    1  1.01394E+13 0.00066 
   80   80    1    1    1    1    1    1    1    1  1.05609E+13 0.00064 
   81   81    1    1    1    1    1    1    1    1  7.98851E+12 0.00066 
   82   82    1    1    1    1    1    1    1    1  6.21427E+12 0.00058 
   83   83    1    1    1    1    1    1    1    1  4.83661E+12 0.00065 
   84   84    1    1    1    1    1    1    1    1  4.52053E+12 0.00091 
   85   85    1    1    1    1    1    1    1    1  3.25122E+12 0.00147 
   86   86    1    1    1    1    1    1    1    1  2.34664E+12 0.00125 
   87   87    1    1    1    1    1    1    1    1  2.20165E+12 0.00127 
   88   88    1    1    1    1    1    1    1    1  1.36481E+12 0.00154 
   89   89    1    1    1    1    1    1    1    1  9.23060E+11 0.00202 
   90   90    1    1    1    1    1    1    1    1  5.33091E+11 0.00351 
   91   91    1    1    1    1    1    1    1    1  6.78291E+11 0.00260 
   92   92    1    1    1    1    1    1    1    1  0.00000E+00 0.00000 
   93   93    1    1    1    1    1    1    1    1  0.00000E+00 0.00000 
   94   94    1    1    1    1    1    1    1    1  0.00000E+00 0.00000 
   95   95    1    1    1    1    1    1    1    1  0.00000E+00 0.00000 
   96   96    1    1    1    1    1    1    1    1  0.00000E+00 0.00000 
   97   97    1    1    1    1    1    1    1    1  0.00000E+00 0.00000 
   98   98    1    1    1    1    1    1    1    1  0.00000E+00 0.00000 
   99   99    1    1    1    1    1    1    1    1  0.00000E+00 0.00000 
  100  100    1    1    1    1    1    1    1    1  0.00000E+00 0.00000 
];


