
DETdpaspec = [
    1    1    1    1    1    1    1    1    1    1  0.00000E+00 0.00000 
    2    2    1    1    1    1    1    1    1    1  0.00000E+00 0.00000 
    3    3    1    1    1    1    1    1    1    1  0.00000E+00 0.00000 
    4    4    1    1    1    1    1    1    1    1  0.00000E+00 0.00000 
    5    5    1    1    1    1    1    1    1    1  0.00000E+00 0.00000 
    6    6    1    1    1    1    1    1    1    1  0.00000E+00 0.00000 
    7    7    1    1    1    1    1    1    1    1  0.00000E+00 0.00000 
    8    8    1    1    1    1    1    1    1    1  0.00000E+00 0.00000 
    9    9    1    1    1    1    1    1    1    1  0.00000E+00 0.00000 
   10   10    1    1    1    1    1    1    1    1  0.00000E+00 0.00000 
   11   11    1    1    1    1    1    1    1    1  0.00000E+00 0.00000 
   12   12    1    1    1    1    1    1    1    1  0.00000E+00 0.00000 
   13   13    1    1    1    1    1    1    1    1  0.00000E+00 0.00000 
   14   14    1    1    1    1    1    1    1    1  0.00000E+00 0.00000 
   15   15    1    1    1    1    1    1    1    1  0.00000E+00 0.00000 
   16   16    1    1    1    1    1    1    1    1  0.00000E+00 0.00000 
   17   17    1    1    1    1    1    1    1    1  0.00000E+00 0.00000 
   18   18    1    1    1    1    1    1    1    1  0.00000E+00 0.00000 
   19   19    1    1    1    1    1    1    1    1  5.50403E+09 0.03979 
   20   20    1    1    1    1    1    1    1    1  1.15862E+09 0.03695 
   21   21    1    1    1    1    1    1    1    1  3.41367E+09 0.02947 
   22   22    1    1    1    1    1    1    1    1  4.60483E+09 0.01773 
   23   23    1    1    1    1    1    1    1    1  2.00958E+10 0.00874 
   24   24    1    1    1    1    1    1    1    1  6.37778E+10 0.00462 
   25   25    1    1    1    1    1    1    1    1  1.46621E+11 0.00391 
   26   26    1    1    1    1    1    1    1    1  2.34463E+11 0.00326 
   27   27    1    1    1    1    1    1    1    1  4.51025E+11 0.00277 
   28   28    1    1    1    1    1    1    1    1  7.67376E+11 0.00207 
   29   29    1    1    1    1    1    1    1    1  1.44544E+12 0.00154 
   30   30    1    1    1    1    1    1    1    1  1.83379E+12 0.00118 
   31   31    1    1    1    1    1    1    1    1  3.24465E+12 0.00102 
   32   32    1    1    1    1    1    1    1    1  5.93584E+12 0.00080 
   33   33    1    1    1    1    1    1    1    1  7.14456E+12 0.00062 
   34   34    1    1    1    1    1    1    1    1  1.19792E+13 0.00048 
   35   35    1    1    1    1    1    1    1    1  1.22571E+13 0.00042 
   36   36    1    1    1    1    1    1    1    1  1.52843E+13 0.00047 
   37   37    1    1    1    1    1    1    1    1  1.37980E+13 0.00039 
   38   38    1    1    1    1    1    1    1    1  4.28150E+12 0.00038 
   39   39    1    1    1    1    1    1    1    1  1.79475E+13 0.00028 
   40   40    1    1    1    1    1    1    1    1  1.94136E+13 0.00033 
   41   41    1    1    1    1    1    1    1    1  3.13829E+13 0.00033 
   42   42    1    1    1    1    1    1    1    1  2.83022E+13 0.00030 
   43   43    1    1    1    1    1    1    1    1  4.47688E+13 0.00020 
   44   44    1    1    1    1    1    1    1    1  4.47120E+13 0.00026 
   45   45    1    1    1    1    1    1    1    1  5.44303E+13 0.00026 
   46   46    1    1    1    1    1    1    1    1  8.50549E+13 0.00016 
   47   47    1    1    1    1    1    1    1    1  5.11901E+13 0.00018 
   48   48    1    1    1    1    1    1    1    1  6.42892E+13 0.00017 
   49   49    1    1    1    1    1    1    1    1  8.93699E+13 0.00017 
   50   50    1    1    1    1    1    1    1    1  7.51824E+13 0.00018 
   51   51    1    1    1    1    1    1    1    1  1.13855E+14 0.00016 
   52   52    1    1    1    1    1    1    1    1  8.84633E+13 0.00015 
   53   53    1    1    1    1    1    1    1    1  9.63940E+13 0.00016 
   54   54    1    1    1    1    1    1    1    1  7.09077E+13 0.00026 
   55   55    1    1    1    1    1    1    1    1  8.54003E+13 0.00016 
   56   56    1    1    1    1    1    1    1    1  6.30701E+13 0.00016 
   57   57    1    1    1    1    1    1    1    1  8.84878E+12 0.00042 
   58   58    1    1    1    1    1    1    1    1  1.19408E+14 0.00017 
   59   59    1    1    1    1    1    1    1    1  5.22341E+13 0.00023 
   60   60    1    1    1    1    1    1    1    1  5.76748E+13 0.00022 
   61   61    1    1    1    1    1    1    1    1  4.77809E+13 0.00026 
   62   62    1    1    1    1    1    1    1    1  4.80779E+13 0.00021 
   63   63    1    1    1    1    1    1    1    1  4.66016E+13 0.00027 
   64   64    1    1    1    1    1    1    1    1  3.88902E+13 0.00028 
   65   65    1    1    1    1    1    1    1    1  3.03078E+13 0.00034 
   66   66    1    1    1    1    1    1    1    1  2.86620E+13 0.00027 
   67   67    1    1    1    1    1    1    1    1  2.58828E+13 0.00033 
   68   68    1    1    1    1    1    1    1    1  2.15522E+13 0.00034 
   69   69    1    1    1    1    1    1    1    1  1.85866E+13 0.00039 
   70   70    1    1    1    1    1    1    1    1  2.29874E+13 0.00030 
   71   71    1    1    1    1    1    1    1    1  1.98897E+13 0.00040 
   72   72    1    1    1    1    1    1    1    1  3.77619E+13 0.00034 
   73   73    1    1    1    1    1    1    1    1  2.83620E+13 0.00037 
   74   74    1    1    1    1    1    1    1    1  2.26590E+13 0.00047 
   75   75    1    1    1    1    1    1    1    1  1.87140E+13 0.00045 
   76   76    1    1    1    1    1    1    1    1  1.52960E+13 0.00049 
   77   77    1    1    1    1    1    1    1    1  1.74235E+13 0.00045 
   78   78    1    1    1    1    1    1    1    1  1.35668E+13 0.00045 
   79   79    1    1    1    1    1    1    1    1  1.01430E+13 0.00055 
   80   80    1    1    1    1    1    1    1    1  1.05977E+13 0.00063 
   81   81    1    1    1    1    1    1    1    1  8.02419E+12 0.00057 
   82   82    1    1    1    1    1    1    1    1  6.25665E+12 0.00101 
   83   83    1    1    1    1    1    1    1    1  4.86135E+12 0.00066 
   84   84    1    1    1    1    1    1    1    1  4.54335E+12 0.00072 
   85   85    1    1    1    1    1    1    1    1  3.27415E+12 0.00107 
   86   86    1    1    1    1    1    1    1    1  2.36775E+12 0.00128 
   87   87    1    1    1    1    1    1    1    1  2.21952E+12 0.00119 
   88   88    1    1    1    1    1    1    1    1  1.37052E+12 0.00194 
   89   89    1    1    1    1    1    1    1    1  9.26179E+11 0.00233 
   90   90    1    1    1    1    1    1    1    1  5.34600E+11 0.00291 
   91   91    1    1    1    1    1    1    1    1  6.76243E+11 0.00243 
   92   92    1    1    1    1    1    1    1    1  0.00000E+00 0.00000 
   93   93    1    1    1    1    1    1    1    1  0.00000E+00 0.00000 
   94   94    1    1    1    1    1    1    1    1  0.00000E+00 0.00000 
   95   95    1    1    1    1    1    1    1    1  0.00000E+00 0.00000 
   96   96    1    1    1    1    1    1    1    1  0.00000E+00 0.00000 
   97   97    1    1    1    1    1    1    1    1  0.00000E+00 0.00000 
   98   98    1    1    1    1    1    1    1    1  0.00000E+00 0.00000 
   99   99    1    1    1    1    1    1    1    1  0.00000E+00 0.00000 
  100  100    1    1    1    1    1    1    1    1  0.00000E+00 0.00000 
];


