
DETdpaspec = [
    1    1    1    1    1    1    1    1    1    1  0.00000E+00 0.00000 
    2    2    1    1    1    1    1    1    1    1  0.00000E+00 0.00000 
    3    3    1    1    1    1    1    1    1    1  0.00000E+00 0.00000 
    4    4    1    1    1    1    1    1    1    1  0.00000E+00 0.00000 
    5    5    1    1    1    1    1    1    1    1  0.00000E+00 0.00000 
    6    6    1    1    1    1    1    1    1    1  0.00000E+00 0.00000 
    7    7    1    1    1    1    1    1    1    1  0.00000E+00 0.00000 
    8    8    1    1    1    1    1    1    1    1  0.00000E+00 0.00000 
    9    9    1    1    1    1    1    1    1    1  0.00000E+00 0.00000 
   10   10    1    1    1    1    1    1    1    1  0.00000E+00 0.00000 
   11   11    1    1    1    1    1    1    1    1  0.00000E+00 0.00000 
   12   12    1    1    1    1    1    1    1    1  0.00000E+00 0.00000 
   13   13    1    1    1    1    1    1    1    1  0.00000E+00 0.00000 
   14   14    1    1    1    1    1    1    1    1  0.00000E+00 0.00000 
   15   15    1    1    1    1    1    1    1    1  0.00000E+00 0.00000 
   16   16    1    1    1    1    1    1    1    1  0.00000E+00 0.00000 
   17   17    1    1    1    1    1    1    1    1  0.00000E+00 0.00000 
   18   18    1    1    1    1    1    1    1    1  0.00000E+00 0.00000 
   19   19    1    1    1    1    1    1    1    1  5.21674E+11 0.00673 
   20   20    1    1    1    1    1    1    1    1  1.60805E+11 0.00507 
   21   21    1    1    1    1    1    1    1    1  4.60216E+11 0.00249 
   22   22    1    1    1    1    1    1    1    1  8.36996E+11 0.00181 
   23   23    1    1    1    1    1    1    1    1  1.87133E+12 0.00132 
   24   24    1    1    1    1    1    1    1    1  2.98471E+12 0.00116 
   25   25    1    1    1    1    1    1    1    1  3.75595E+12 0.00084 
   26   26    1    1    1    1    1    1    1    1  3.93946E+12 0.00076 
   27   27    1    1    1    1    1    1    1    1  5.38258E+12 0.00061 
   28   28    1    1    1    1    1    1    1    1  6.50780E+12 0.00051 
   29   29    1    1    1    1    1    1    1    1  8.39100E+12 0.00063 
   30   30    1    1    1    1    1    1    1    1  8.96402E+12 0.00067 
   31   31    1    1    1    1    1    1    1    1  1.20447E+13 0.00040 
   32   32    1    1    1    1    1    1    1    1  1.63028E+13 0.00041 
   33   33    1    1    1    1    1    1    1    1  1.68779E+13 0.00036 
   34   34    1    1    1    1    1    1    1    1  2.39148E+13 0.00020 
   35   35    1    1    1    1    1    1    1    1  2.30474E+13 0.00034 
   36   36    1    1    1    1    1    1    1    1  2.42777E+13 0.00016 
   37   37    1    1    1    1    1    1    1    1  1.98114E+13 0.00019 
   38   38    1    1    1    1    1    1    1    1  5.82424E+12 0.00024 
   39   39    1    1    1    1    1    1    1    1  2.44118E+13 0.00023 
   40   40    1    1    1    1    1    1    1    1  2.54329E+13 0.00026 
   41   41    1    1    1    1    1    1    1    1  4.01585E+13 0.00018 
   42   42    1    1    1    1    1    1    1    1  3.42811E+13 0.00021 
   43   43    1    1    1    1    1    1    1    1  5.31435E+13 0.00019 
   44   44    1    1    1    1    1    1    1    1  5.15270E+13 0.00018 
   45   45    1    1    1    1    1    1    1    1  6.09751E+13 0.00017 
   46   46    1    1    1    1    1    1    1    1  9.22950E+13 0.00015 
   47   47    1    1    1    1    1    1    1    1  5.39406E+13 0.00015 
   48   48    1    1    1    1    1    1    1    1  6.61012E+13 0.00018 
   49   49    1    1    1    1    1    1    1    1  8.99569E+13 0.00017 
   50   50    1    1    1    1    1    1    1    1  7.35503E+13 0.00013 
   51   51    1    1    1    1    1    1    1    1  1.10014E+14 0.00014 
   52   52    1    1    1    1    1    1    1    1  8.30742E+13 0.00016 
   53   53    1    1    1    1    1    1    1    1  8.97184E+13 0.00012 
   54   54    1    1    1    1    1    1    1    1  6.48920E+13 0.00015 
   55   55    1    1    1    1    1    1    1    1  7.77824E+13 0.00016 
   56   56    1    1    1    1    1    1    1    1  5.66786E+13 0.00013 
   57   57    1    1    1    1    1    1    1    1  7.89583E+12 0.00032 
   58   58    1    1    1    1    1    1    1    1  1.05749E+14 0.00012 
   59   59    1    1    1    1    1    1    1    1  4.62248E+13 0.00025 
   60   60    1    1    1    1    1    1    1    1  5.02188E+13 0.00020 
   61   61    1    1    1    1    1    1    1    1  4.15967E+13 0.00022 
   62   62    1    1    1    1    1    1    1    1  4.15432E+13 0.00017 
   63   63    1    1    1    1    1    1    1    1  4.00283E+13 0.00025 
   64   64    1    1    1    1    1    1    1    1  3.31678E+13 0.00023 
   65   65    1    1    1    1    1    1    1    1  2.56559E+13 0.00039 
   66   66    1    1    1    1    1    1    1    1  2.40085E+13 0.00033 
   67   67    1    1    1    1    1    1    1    1  2.15980E+13 0.00029 
   68   68    1    1    1    1    1    1    1    1  1.78009E+13 0.00037 
   69   69    1    1    1    1    1    1    1    1  1.52453E+13 0.00042 
   70   70    1    1    1    1    1    1    1    1  1.87495E+13 0.00036 
   71   71    1    1    1    1    1    1    1    1  1.60395E+13 0.00035 
   72   72    1    1    1    1    1    1    1    1  2.96385E+13 0.00038 
   73   73    1    1    1    1    1    1    1    1  2.18349E+13 0.00043 
   74   74    1    1    1    1    1    1    1    1  1.72684E+13 0.00035 
   75   75    1    1    1    1    1    1    1    1  1.42875E+13 0.00043 
   76   76    1    1    1    1    1    1    1    1  1.17220E+13 0.00037 
   77   77    1    1    1    1    1    1    1    1  1.33620E+13 0.00046 
   78   78    1    1    1    1    1    1    1    1  1.04233E+13 0.00064 
   79   79    1    1    1    1    1    1    1    1  7.79969E+12 0.00055 
   80   80    1    1    1    1    1    1    1    1  8.13840E+12 0.00060 
   81   81    1    1    1    1    1    1    1    1  6.12122E+12 0.00090 
   82   82    1    1    1    1    1    1    1    1  4.75441E+12 0.00101 
   83   83    1    1    1    1    1    1    1    1  3.67460E+12 0.00056 
   84   84    1    1    1    1    1    1    1    1  3.40785E+12 0.00071 
   85   85    1    1    1    1    1    1    1    1  2.43612E+12 0.00117 
   86   86    1    1    1    1    1    1    1    1  1.74559E+12 0.00164 
   87   87    1    1    1    1    1    1    1    1  1.61466E+12 0.00142 
   88   88    1    1    1    1    1    1    1    1  9.79531E+11 0.00152 
   89   89    1    1    1    1    1    1    1    1  6.50436E+11 0.00190 
   90   90    1    1    1    1    1    1    1    1  3.66189E+11 0.00330 
   91   91    1    1    1    1    1    1    1    1  4.41702E+11 0.00276 
   92   92    1    1    1    1    1    1    1    1  0.00000E+00 0.00000 
   93   93    1    1    1    1    1    1    1    1  0.00000E+00 0.00000 
   94   94    1    1    1    1    1    1    1    1  0.00000E+00 0.00000 
   95   95    1    1    1    1    1    1    1    1  0.00000E+00 0.00000 
   96   96    1    1    1    1    1    1    1    1  0.00000E+00 0.00000 
   97   97    1    1    1    1    1    1    1    1  0.00000E+00 0.00000 
   98   98    1    1    1    1    1    1    1    1  0.00000E+00 0.00000 
   99   99    1    1    1    1    1    1    1    1  0.00000E+00 0.00000 
  100  100    1    1    1    1    1    1    1    1  0.00000E+00 0.00000 
];


