
DETdpaspec = [
    1    1    1    1    1    1    1    1    1    1  0.00000E+00 0.00000 
    2    2    1    1    1    1    1    1    1    1  0.00000E+00 0.00000 
    3    3    1    1    1    1    1    1    1    1  0.00000E+00 0.00000 
    4    4    1    1    1    1    1    1    1    1  0.00000E+00 0.00000 
    5    5    1    1    1    1    1    1    1    1  0.00000E+00 0.00000 
    6    6    1    1    1    1    1    1    1    1  0.00000E+00 0.00000 
    7    7    1    1    1    1    1    1    1    1  0.00000E+00 0.00000 
    8    8    1    1    1    1    1    1    1    1  0.00000E+00 0.00000 
    9    9    1    1    1    1    1    1    1    1  0.00000E+00 0.00000 
   10   10    1    1    1    1    1    1    1    1  0.00000E+00 0.00000 
   11   11    1    1    1    1    1    1    1    1  0.00000E+00 0.00000 
   12   12    1    1    1    1    1    1    1    1  0.00000E+00 0.00000 
   13   13    1    1    1    1    1    1    1    1  0.00000E+00 0.00000 
   14   14    1    1    1    1    1    1    1    1  0.00000E+00 0.00000 
   15   15    1    1    1    1    1    1    1    1  0.00000E+00 0.00000 
   16   16    1    1    1    1    1    1    1    1  0.00000E+00 0.00000 
   17   17    1    1    1    1    1    1    1    1  0.00000E+00 0.00000 
   18   18    1    1    1    1    1    1    1    1  0.00000E+00 0.00000 
   19   19    1    1    1    1    1    1    1    1  5.45380E+09 0.03132 
   20   20    1    1    1    1    1    1    1    1  1.18990E+09 0.04177 
   21   21    1    1    1    1    1    1    1    1  3.26673E+09 0.02682 
   22   22    1    1    1    1    1    1    1    1  4.31103E+09 0.02030 
   23   23    1    1    1    1    1    1    1    1  1.80915E+10 0.00964 
   24   24    1    1    1    1    1    1    1    1  5.74394E+10 0.00609 
   25   25    1    1    1    1    1    1    1    1  1.32878E+11 0.00247 
   26   26    1    1    1    1    1    1    1    1  2.14131E+11 0.00295 
   27   27    1    1    1    1    1    1    1    1  4.17983E+11 0.00209 
   28   28    1    1    1    1    1    1    1    1  7.20914E+11 0.00158 
   29   29    1    1    1    1    1    1    1    1  1.36978E+12 0.00158 
   30   30    1    1    1    1    1    1    1    1  1.73386E+12 0.00123 
   31   31    1    1    1    1    1    1    1    1  3.11890E+12 0.00076 
   32   32    1    1    1    1    1    1    1    1  5.76453E+12 0.00063 
   33   33    1    1    1    1    1    1    1    1  6.96260E+12 0.00056 
   34   34    1    1    1    1    1    1    1    1  1.17536E+13 0.00069 
   35   35    1    1    1    1    1    1    1    1  1.19898E+13 0.00044 
   36   36    1    1    1    1    1    1    1    1  1.50888E+13 0.00039 
   37   37    1    1    1    1    1    1    1    1  1.36717E+13 0.00027 
   38   38    1    1    1    1    1    1    1    1  4.25775E+12 0.00029 
   39   39    1    1    1    1    1    1    1    1  1.78132E+13 0.00035 
   40   40    1    1    1    1    1    1    1    1  1.93024E+13 0.00036 
   41   41    1    1    1    1    1    1    1    1  3.11685E+13 0.00029 
   42   42    1    1    1    1    1    1    1    1  2.82029E+13 0.00032 
   43   43    1    1    1    1    1    1    1    1  4.45957E+13 0.00028 
   44   44    1    1    1    1    1    1    1    1  4.46002E+13 0.00028 
   45   45    1    1    1    1    1    1    1    1  5.43032E+13 0.00028 
   46   46    1    1    1    1    1    1    1    1  8.49171E+13 0.00015 
   47   47    1    1    1    1    1    1    1    1  5.11434E+13 0.00024 
   48   48    1    1    1    1    1    1    1    1  6.42842E+13 0.00025 
   49   49    1    1    1    1    1    1    1    1  8.93646E+13 0.00018 
   50   50    1    1    1    1    1    1    1    1  7.52886E+13 0.00017 
   51   51    1    1    1    1    1    1    1    1  1.13957E+14 0.00013 
   52   52    1    1    1    1    1    1    1    1  8.86525E+13 0.00021 
   53   53    1    1    1    1    1    1    1    1  9.65362E+13 0.00018 
   54   54    1    1    1    1    1    1    1    1  7.10402E+13 0.00018 
   55   55    1    1    1    1    1    1    1    1  8.55243E+13 0.00015 
   56   56    1    1    1    1    1    1    1    1  6.32004E+13 0.00024 
   57   57    1    1    1    1    1    1    1    1  8.86583E+12 0.00034 
   58   58    1    1    1    1    1    1    1    1  1.19661E+14 0.00013 
   59   59    1    1    1    1    1    1    1    1  5.22807E+13 0.00019 
   60   60    1    1    1    1    1    1    1    1  5.78428E+13 0.00022 
   61   61    1    1    1    1    1    1    1    1  4.78763E+13 0.00020 
   62   62    1    1    1    1    1    1    1    1  4.81530E+13 0.00020 
   63   63    1    1    1    1    1    1    1    1  4.66831E+13 0.00020 
   64   64    1    1    1    1    1    1    1    1  3.89292E+13 0.00019 
   65   65    1    1    1    1    1    1    1    1  3.03644E+13 0.00031 
   66   66    1    1    1    1    1    1    1    1  2.87199E+13 0.00031 
   67   67    1    1    1    1    1    1    1    1  2.59222E+13 0.00028 
   68   68    1    1    1    1    1    1    1    1  2.16038E+13 0.00037 
   69   69    1    1    1    1    1    1    1    1  1.86477E+13 0.00039 
   70   70    1    1    1    1    1    1    1    1  2.30517E+13 0.00034 
   71   71    1    1    1    1    1    1    1    1  1.99361E+13 0.00038 
   72   72    1    1    1    1    1    1    1    1  3.79094E+13 0.00033 
   73   73    1    1    1    1    1    1    1    1  2.85034E+13 0.00037 
   74   74    1    1    1    1    1    1    1    1  2.27934E+13 0.00051 
   75   75    1    1    1    1    1    1    1    1  1.88090E+13 0.00049 
   76   76    1    1    1    1    1    1    1    1  1.53681E+13 0.00052 
   77   77    1    1    1    1    1    1    1    1  1.74752E+13 0.00035 
   78   78    1    1    1    1    1    1    1    1  1.35929E+13 0.00051 
   79   79    1    1    1    1    1    1    1    1  1.01610E+13 0.00051 
   80   80    1    1    1    1    1    1    1    1  1.06073E+13 0.00058 
   81   81    1    1    1    1    1    1    1    1  8.02545E+12 0.00066 
   82   82    1    1    1    1    1    1    1    1  6.25692E+12 0.00058 
   83   83    1    1    1    1    1    1    1    1  4.86886E+12 0.00076 
   84   84    1    1    1    1    1    1    1    1  4.54643E+12 0.00088 
   85   85    1    1    1    1    1    1    1    1  3.26787E+12 0.00084 
   86   86    1    1    1    1    1    1    1    1  2.36314E+12 0.00119 
   87   87    1    1    1    1    1    1    1    1  2.21789E+12 0.00127 
   88   88    1    1    1    1    1    1    1    1  1.37060E+12 0.00220 
   89   89    1    1    1    1    1    1    1    1  9.26527E+11 0.00129 
   90   90    1    1    1    1    1    1    1    1  5.37925E+11 0.00250 
   91   91    1    1    1    1    1    1    1    1  6.79321E+11 0.00238 
   92   92    1    1    1    1    1    1    1    1  0.00000E+00 0.00000 
   93   93    1    1    1    1    1    1    1    1  0.00000E+00 0.00000 
   94   94    1    1    1    1    1    1    1    1  0.00000E+00 0.00000 
   95   95    1    1    1    1    1    1    1    1  0.00000E+00 0.00000 
   96   96    1    1    1    1    1    1    1    1  0.00000E+00 0.00000 
   97   97    1    1    1    1    1    1    1    1  0.00000E+00 0.00000 
   98   98    1    1    1    1    1    1    1    1  0.00000E+00 0.00000 
   99   99    1    1    1    1    1    1    1    1  0.00000E+00 0.00000 
  100  100    1    1    1    1    1    1    1    1  0.00000E+00 0.00000 
];


