
DETdpaspec = [
    1    1    1    1    1    1    1    1    1    1  0.00000E+00 0.00000 
    2    2    1    1    1    1    1    1    1    1  0.00000E+00 0.00000 
    3    3    1    1    1    1    1    1    1    1  0.00000E+00 0.00000 
    4    4    1    1    1    1    1    1    1    1  0.00000E+00 0.00000 
    5    5    1    1    1    1    1    1    1    1  0.00000E+00 0.00000 
    6    6    1    1    1    1    1    1    1    1  0.00000E+00 0.00000 
    7    7    1    1    1    1    1    1    1    1  0.00000E+00 0.00000 
    8    8    1    1    1    1    1    1    1    1  0.00000E+00 0.00000 
    9    9    1    1    1    1    1    1    1    1  0.00000E+00 0.00000 
   10   10    1    1    1    1    1    1    1    1  0.00000E+00 0.00000 
   11   11    1    1    1    1    1    1    1    1  0.00000E+00 0.00000 
   12   12    1    1    1    1    1    1    1    1  0.00000E+00 0.00000 
   13   13    1    1    1    1    1    1    1    1  0.00000E+00 0.00000 
   14   14    1    1    1    1    1    1    1    1  0.00000E+00 0.00000 
   15   15    1    1    1    1    1    1    1    1  0.00000E+00 0.00000 
   16   16    1    1    1    1    1    1    1    1  0.00000E+00 0.00000 
   17   17    1    1    1    1    1    1    1    1  0.00000E+00 0.00000 
   18   18    1    1    1    1    1    1    1    1  0.00000E+00 0.00000 
   19   19    1    1    1    1    1    1    1    1  8.53404E+09 0.04667 
   20   20    1    1    1    1    1    1    1    1  4.89720E+09 0.02466 
   21   21    1    1    1    1    1    1    1    1  2.13715E+10 0.01191 
   22   22    1    1    1    1    1    1    1    1  4.39195E+10 0.00719 
   23   23    1    1    1    1    1    1    1    1  1.63848E+11 0.00326 
   24   24    1    1    1    1    1    1    1    1  4.29990E+11 0.00145 
   25   25    1    1    1    1    1    1    1    1  7.83638E+11 0.00146 
   26   26    1    1    1    1    1    1    1    1  1.01867E+12 0.00162 
   27   27    1    1    1    1    1    1    1    1  1.63328E+12 0.00158 
   28   28    1    1    1    1    1    1    1    1  2.31600E+12 0.00130 
   29   29    1    1    1    1    1    1    1    1  3.64196E+12 0.00103 
   30   30    1    1    1    1    1    1    1    1  4.38111E+12 0.00087 
   31   31    1    1    1    1    1    1    1    1  6.42725E+12 0.00066 
   32   32    1    1    1    1    1    1    1    1  1.01523E+13 0.00069 
   33   33    1    1    1    1    1    1    1    1  1.12959E+13 0.00056 
   34   34    1    1    1    1    1    1    1    1  1.72406E+13 0.00045 
   35   35    1    1    1    1    1    1    1    1  1.74219E+13 0.00050 
   36   36    1    1    1    1    1    1    1    1  1.95291E+13 0.00038 
   37   37    1    1    1    1    1    1    1    1  1.66841E+13 0.00024 
   38   38    1    1    1    1    1    1    1    1  5.01008E+12 0.00025 
   39   39    1    1    1    1    1    1    1    1  2.10871E+13 0.00033 
   40   40    1    1    1    1    1    1    1    1  2.23574E+13 0.00033 
   41   41    1    1    1    1    1    1    1    1  3.58218E+13 0.00018 
   42   42    1    1    1    1    1    1    1    1  3.12623E+13 0.00017 
   43   43    1    1    1    1    1    1    1    1  4.90255E+13 0.00024 
   44   44    1    1    1    1    1    1    1    1  4.82283E+13 0.00017 
   45   45    1    1    1    1    1    1    1    1  5.79248E+13 0.00027 
   46   46    1    1    1    1    1    1    1    1  8.90445E+13 0.00016 
   47   47    1    1    1    1    1    1    1    1  5.29150E+13 0.00015 
   48   48    1    1    1    1    1    1    1    1  6.54616E+13 0.00017 
   49   49    1    1    1    1    1    1    1    1  9.01202E+13 0.00011 
   50   50    1    1    1    1    1    1    1    1  7.45977E+13 0.00017 
   51   51    1    1    1    1    1    1    1    1  1.12598E+14 0.00015 
   52   52    1    1    1    1    1    1    1    1  8.61464E+13 0.00016 
   53   53    1    1    1    1    1    1    1    1  9.36246E+13 0.00021 
   54   54    1    1    1    1    1    1    1    1  6.82951E+13 0.00022 
   55   55    1    1    1    1    1    1    1    1  8.22836E+13 0.00015 
   56   56    1    1    1    1    1    1    1    1  6.03578E+13 0.00017 
   57   57    1    1    1    1    1    1    1    1  8.43493E+12 0.00037 
   58   58    1    1    1    1    1    1    1    1  1.13476E+14 0.00013 
   59   59    1    1    1    1    1    1    1    1  4.97871E+13 0.00023 
   60   60    1    1    1    1    1    1    1    1  5.44705E+13 0.00018 
   61   61    1    1    1    1    1    1    1    1  4.52735E+13 0.00022 
   62   62    1    1    1    1    1    1    1    1  4.53710E+13 0.00022 
   63   63    1    1    1    1    1    1    1    1  4.38554E+13 0.00026 
   64   64    1    1    1    1    1    1    1    1  3.65301E+13 0.00028 
   65   65    1    1    1    1    1    1    1    1  2.83760E+13 0.00031 
   66   66    1    1    1    1    1    1    1    1  2.66818E+13 0.00040 
   67   67    1    1    1    1    1    1    1    1  2.40727E+13 0.00029 
   68   68    1    1    1    1    1    1    1    1  1.99210E+13 0.00026 
   69   69    1    1    1    1    1    1    1    1  1.71229E+13 0.00041 
   70   70    1    1    1    1    1    1    1    1  2.11135E+13 0.00039 
   71   71    1    1    1    1    1    1    1    1  1.81671E+13 0.00047 
   72   72    1    1    1    1    1    1    1    1  3.39097E+13 0.00035 
   73   73    1    1    1    1    1    1    1    1  2.51721E+13 0.00030 
   74   74    1    1    1    1    1    1    1    1  2.00336E+13 0.00050 
   75   75    1    1    1    1    1    1    1    1  1.66246E+13 0.00030 
   76   76    1    1    1    1    1    1    1    1  1.36675E+13 0.00048 
   77   77    1    1    1    1    1    1    1    1  1.56223E+13 0.00042 
   78   78    1    1    1    1    1    1    1    1  1.22563E+13 0.00038 
   79   79    1    1    1    1    1    1    1    1  9.18883E+12 0.00060 
   80   80    1    1    1    1    1    1    1    1  9.62290E+12 0.00046 
   81   81    1    1    1    1    1    1    1    1  7.29657E+12 0.00061 
   82   82    1    1    1    1    1    1    1    1  5.70568E+12 0.00071 
   83   83    1    1    1    1    1    1    1    1  4.43336E+12 0.00072 
   84   84    1    1    1    1    1    1    1    1  4.14665E+12 0.00061 
   85   85    1    1    1    1    1    1    1    1  2.97778E+12 0.00104 
   86   86    1    1    1    1    1    1    1    1  2.15682E+12 0.00120 
   87   87    1    1    1    1    1    1    1    1  2.01519E+12 0.00117 
   88   88    1    1    1    1    1    1    1    1  1.24146E+12 0.00185 
   89   89    1    1    1    1    1    1    1    1  8.37401E+11 0.00236 
   90   90    1    1    1    1    1    1    1    1  4.78404E+11 0.00234 
   91   91    1    1    1    1    1    1    1    1  5.98825E+11 0.00357 
   92   92    1    1    1    1    1    1    1    1  0.00000E+00 0.00000 
   93   93    1    1    1    1    1    1    1    1  0.00000E+00 0.00000 
   94   94    1    1    1    1    1    1    1    1  0.00000E+00 0.00000 
   95   95    1    1    1    1    1    1    1    1  0.00000E+00 0.00000 
   96   96    1    1    1    1    1    1    1    1  0.00000E+00 0.00000 
   97   97    1    1    1    1    1    1    1    1  0.00000E+00 0.00000 
   98   98    1    1    1    1    1    1    1    1  0.00000E+00 0.00000 
   99   99    1    1    1    1    1    1    1    1  0.00000E+00 0.00000 
  100  100    1    1    1    1    1    1    1    1  0.00000E+00 0.00000 
];


