
DETdpaspec = [
    1    1    1    1    1    1    1    1    1    1  0.00000E+00 0.00000 
    2    2    1    1    1    1    1    1    1    1  0.00000E+00 0.00000 
    3    3    1    1    1    1    1    1    1    1  0.00000E+00 0.00000 
    4    4    1    1    1    1    1    1    1    1  0.00000E+00 0.00000 
    5    5    1    1    1    1    1    1    1    1  0.00000E+00 0.00000 
    6    6    1    1    1    1    1    1    1    1  0.00000E+00 0.00000 
    7    7    1    1    1    1    1    1    1    1  0.00000E+00 0.00000 
    8    8    1    1    1    1    1    1    1    1  0.00000E+00 0.00000 
    9    9    1    1    1    1    1    1    1    1  0.00000E+00 0.00000 
   10   10    1    1    1    1    1    1    1    1  0.00000E+00 0.00000 
   11   11    1    1    1    1    1    1    1    1  0.00000E+00 0.00000 
   12   12    1    1    1    1    1    1    1    1  0.00000E+00 0.00000 
   13   13    1    1    1    1    1    1    1    1  0.00000E+00 0.00000 
   14   14    1    1    1    1    1    1    1    1  0.00000E+00 0.00000 
   15   15    1    1    1    1    1    1    1    1  0.00000E+00 0.00000 
   16   16    1    1    1    1    1    1    1    1  0.00000E+00 0.00000 
   17   17    1    1    1    1    1    1    1    1  0.00000E+00 0.00000 
   18   18    1    1    1    1    1    1    1    1  0.00000E+00 0.00000 
   19   19    1    1    1    1    1    1    1    1  2.40211E+10 0.02031 
   20   20    1    1    1    1    1    1    1    1  1.67260E+10 0.01248 
   21   21    1    1    1    1    1    1    1    1  6.52136E+10 0.00669 
   22   22    1    1    1    1    1    1    1    1  1.31272E+11 0.00512 
   23   23    1    1    1    1    1    1    1    1  4.05448E+11 0.00277 
   24   24    1    1    1    1    1    1    1    1  9.04581E+11 0.00162 
   25   25    1    1    1    1    1    1    1    1  1.44417E+12 0.00173 
   26   26    1    1    1    1    1    1    1    1  1.73602E+12 0.00116 
   27   27    1    1    1    1    1    1    1    1  2.60882E+12 0.00101 
   28   28    1    1    1    1    1    1    1    1  3.47658E+12 0.00081 
   29   29    1    1    1    1    1    1    1    1  5.08887E+12 0.00067 
   30   30    1    1    1    1    1    1    1    1  5.86790E+12 0.00048 
   31   31    1    1    1    1    1    1    1    1  8.26249E+12 0.00054 
   32   32    1    1    1    1    1    1    1    1  1.23113E+13 0.00031 
   33   33    1    1    1    1    1    1    1    1  1.33096E+13 0.00034 
   34   34    1    1    1    1    1    1    1    1  1.96981E+13 0.00039 
   35   35    1    1    1    1    1    1    1    1  1.95859E+13 0.00034 
   36   36    1    1    1    1    1    1    1    1  2.13608E+13 0.00026 
   37   37    1    1    1    1    1    1    1    1  1.79204E+13 0.00028 
   38   38    1    1    1    1    1    1    1    1  5.33377E+12 0.00029 
   39   39    1    1    1    1    1    1    1    1  2.24156E+13 0.00029 
   40   40    1    1    1    1    1    1    1    1  2.35902E+13 0.00022 
   41   41    1    1    1    1    1    1    1    1  3.76000E+13 0.00028 
   42   42    1    1    1    1    1    1    1    1  3.25055E+13 0.00021 
   43   43    1    1    1    1    1    1    1    1  5.07534E+13 0.00024 
   44   44    1    1    1    1    1    1    1    1  4.96417E+13 0.00018 
   45   45    1    1    1    1    1    1    1    1  5.92561E+13 0.00017 
   46   46    1    1    1    1    1    1    1    1  9.05609E+13 0.00017 
   47   47    1    1    1    1    1    1    1    1  5.34777E+13 0.00017 
   48   48    1    1    1    1    1    1    1    1  6.58845E+13 0.00015 
   49   49    1    1    1    1    1    1    1    1  9.02905E+13 0.00015 
   50   50    1    1    1    1    1    1    1    1  7.43709E+13 0.00013 
   51   51    1    1    1    1    1    1    1    1  1.11885E+14 0.00014 
   52   52    1    1    1    1    1    1    1    1  8.51668E+13 0.00014 
   53   53    1    1    1    1    1    1    1    1  9.23428E+13 0.00016 
   54   54    1    1    1    1    1    1    1    1  6.71388E+13 0.00021 
   55   55    1    1    1    1    1    1    1    1  8.07209E+13 0.00014 
   56   56    1    1    1    1    1    1    1    1  5.90950E+13 0.00018 
   57   57    1    1    1    1    1    1    1    1  8.25203E+12 0.00036 
   58   58    1    1    1    1    1    1    1    1  1.10788E+14 0.00016 
   59   59    1    1    1    1    1    1    1    1  4.85283E+13 0.00020 
   60   60    1    1    1    1    1    1    1    1  5.29405E+13 0.00019 
   61   61    1    1    1    1    1    1    1    1  4.39656E+13 0.00020 
   62   62    1    1    1    1    1    1    1    1  4.39876E+13 0.00016 
   63   63    1    1    1    1    1    1    1    1  4.24836E+13 0.00020 
   64   64    1    1    1    1    1    1    1    1  3.53201E+13 0.00027 
   65   65    1    1    1    1    1    1    1    1  2.73981E+13 0.00029 
   66   66    1    1    1    1    1    1    1    1  2.56911E+13 0.00030 
   67   67    1    1    1    1    1    1    1    1  2.31485E+13 0.00020 
   68   68    1    1    1    1    1    1    1    1  1.91410E+13 0.00034 
   69   69    1    1    1    1    1    1    1    1  1.64191E+13 0.00034 
   70   70    1    1    1    1    1    1    1    1  2.02281E+13 0.00028 
   71   71    1    1    1    1    1    1    1    1  1.73726E+13 0.00043 
   72   72    1    1    1    1    1    1    1    1  3.23156E+13 0.00040 
   73   73    1    1    1    1    1    1    1    1  2.39024E+13 0.00035 
   74   74    1    1    1    1    1    1    1    1  1.89623E+13 0.00037 
   75   75    1    1    1    1    1    1    1    1  1.57362E+13 0.00042 
   76   76    1    1    1    1    1    1    1    1  1.29430E+13 0.00049 
   77   77    1    1    1    1    1    1    1    1  1.47915E+13 0.00048 
   78   78    1    1    1    1    1    1    1    1  1.15886E+13 0.00049 
   79   79    1    1    1    1    1    1    1    1  8.69932E+12 0.00057 
   80   80    1    1    1    1    1    1    1    1  9.10851E+12 0.00061 
   81   81    1    1    1    1    1    1    1    1  6.91047E+12 0.00066 
   82   82    1    1    1    1    1    1    1    1  5.38135E+12 0.00090 
   83   83    1    1    1    1    1    1    1    1  4.19039E+12 0.00080 
   84   84    1    1    1    1    1    1    1    1  3.90994E+12 0.00107 
   85   85    1    1    1    1    1    1    1    1  2.80117E+12 0.00111 
   86   86    1    1    1    1    1    1    1    1  2.02581E+12 0.00151 
   87   87    1    1    1    1    1    1    1    1  1.89146E+12 0.00180 
   88   88    1    1    1    1    1    1    1    1  1.15662E+12 0.00181 
   89   89    1    1    1    1    1    1    1    1  7.77402E+11 0.00227 
   90   90    1    1    1    1    1    1    1    1  4.44302E+11 0.00315 
   91   91    1    1    1    1    1    1    1    1  5.51571E+11 0.00311 
   92   92    1    1    1    1    1    1    1    1  0.00000E+00 0.00000 
   93   93    1    1    1    1    1    1    1    1  0.00000E+00 0.00000 
   94   94    1    1    1    1    1    1    1    1  0.00000E+00 0.00000 
   95   95    1    1    1    1    1    1    1    1  0.00000E+00 0.00000 
   96   96    1    1    1    1    1    1    1    1  0.00000E+00 0.00000 
   97   97    1    1    1    1    1    1    1    1  0.00000E+00 0.00000 
   98   98    1    1    1    1    1    1    1    1  0.00000E+00 0.00000 
   99   99    1    1    1    1    1    1    1    1  0.00000E+00 0.00000 
  100  100    1    1    1    1    1    1    1    1  0.00000E+00 0.00000 
];


