
DETdpaspec = [
    1    1    1    1    1    1    1    1    1    1  0.00000E+00 0.00000 
    2    2    1    1    1    1    1    1    1    1  0.00000E+00 0.00000 
    3    3    1    1    1    1    1    1    1    1  0.00000E+00 0.00000 
    4    4    1    1    1    1    1    1    1    1  0.00000E+00 0.00000 
    5    5    1    1    1    1    1    1    1    1  0.00000E+00 0.00000 
    6    6    1    1    1    1    1    1    1    1  0.00000E+00 0.00000 
    7    7    1    1    1    1    1    1    1    1  0.00000E+00 0.00000 
    8    8    1    1    1    1    1    1    1    1  0.00000E+00 0.00000 
    9    9    1    1    1    1    1    1    1    1  0.00000E+00 0.00000 
   10   10    1    1    1    1    1    1    1    1  0.00000E+00 0.00000 
   11   11    1    1    1    1    1    1    1    1  0.00000E+00 0.00000 
   12   12    1    1    1    1    1    1    1    1  0.00000E+00 0.00000 
   13   13    1    1    1    1    1    1    1    1  0.00000E+00 0.00000 
   14   14    1    1    1    1    1    1    1    1  0.00000E+00 0.00000 
   15   15    1    1    1    1    1    1    1    1  0.00000E+00 0.00000 
   16   16    1    1    1    1    1    1    1    1  0.00000E+00 0.00000 
   17   17    1    1    1    1    1    1    1    1  0.00000E+00 0.00000 
   18   18    1    1    1    1    1    1    1    1  0.00000E+00 0.00000 
   19   19    1    1    1    1    1    1    1    1  7.17921E+09 0.03351 
   20   20    1    1    1    1    1    1    1    1  1.43024E+09 0.03560 
   21   21    1    1    1    1    1    1    1    1  3.96858E+09 0.03002 
   22   22    1    1    1    1    1    1    1    1  4.52215E+09 0.01755 
   23   23    1    1    1    1    1    1    1    1  1.64433E+10 0.01380 
   24   24    1    1    1    1    1    1    1    1  4.64965E+10 0.00513 
   25   25    1    1    1    1    1    1    1    1  1.06384E+11 0.00421 
   26   26    1    1    1    1    1    1    1    1  1.74233E+11 0.00380 
   27   27    1    1    1    1    1    1    1    1  3.50278E+11 0.00293 
   28   28    1    1    1    1    1    1    1    1  6.21859E+11 0.00197 
   29   29    1    1    1    1    1    1    1    1  1.19842E+12 0.00123 
   30   30    1    1    1    1    1    1    1    1  1.50076E+12 0.00125 
   31   31    1    1    1    1    1    1    1    1  2.84588E+12 0.00117 
   32   32    1    1    1    1    1    1    1    1  5.35493E+12 0.00069 
   33   33    1    1    1    1    1    1    1    1  6.55022E+12 0.00081 
   34   34    1    1    1    1    1    1    1    1  1.12383E+13 0.00046 
   35   35    1    1    1    1    1    1    1    1  1.13577E+13 0.00052 
   36   36    1    1    1    1    1    1    1    1  1.47011E+13 0.00036 
   37   37    1    1    1    1    1    1    1    1  1.34327E+13 0.00027 
   38   38    1    1    1    1    1    1    1    1  4.21975E+12 0.00025 
   39   39    1    1    1    1    1    1    1    1  1.75573E+13 0.00032 
   40   40    1    1    1    1    1    1    1    1  1.90912E+13 0.00034 
   41   41    1    1    1    1    1    1    1    1  3.07793E+13 0.00020 
   42   42    1    1    1    1    1    1    1    1  2.80550E+13 0.00023 
   43   43    1    1    1    1    1    1    1    1  4.43207E+13 0.00022 
   44   44    1    1    1    1    1    1    1    1  4.43850E+13 0.00018 
   45   45    1    1    1    1    1    1    1    1  5.41160E+13 0.00029 
   46   46    1    1    1    1    1    1    1    1  8.47248E+13 0.00022 
   47   47    1    1    1    1    1    1    1    1  5.09961E+13 0.00018 
   48   48    1    1    1    1    1    1    1    1  6.43649E+13 0.00017 
   49   49    1    1    1    1    1    1    1    1  8.94513E+13 0.00021 
   50   50    1    1    1    1    1    1    1    1  7.56826E+13 0.00016 
   51   51    1    1    1    1    1    1    1    1  1.14313E+14 0.00013 
   52   52    1    1    1    1    1    1    1    1  8.92227E+13 0.00015 
   53   53    1    1    1    1    1    1    1    1  9.70531E+13 0.00019 
   54   54    1    1    1    1    1    1    1    1  7.14813E+13 0.00016 
   55   55    1    1    1    1    1    1    1    1  8.58378E+13 0.00017 
   56   56    1    1    1    1    1    1    1    1  6.35059E+13 0.00017 
   57   57    1    1    1    1    1    1    1    1  8.92038E+12 0.00037 
   58   58    1    1    1    1    1    1    1    1  1.20335E+14 0.00015 
   59   59    1    1    1    1    1    1    1    1  5.23585E+13 0.00022 
   60   60    1    1    1    1    1    1    1    1  5.80692E+13 0.00023 
   61   61    1    1    1    1    1    1    1    1  4.79310E+13 0.00023 
   62   62    1    1    1    1    1    1    1    1  4.82242E+13 0.00025 
   63   63    1    1    1    1    1    1    1    1  4.67141E+13 0.00019 
   64   64    1    1    1    1    1    1    1    1  3.89703E+13 0.00021 
   65   65    1    1    1    1    1    1    1    1  3.03829E+13 0.00025 
   66   66    1    1    1    1    1    1    1    1  2.87971E+13 0.00029 
   67   67    1    1    1    1    1    1    1    1  2.59415E+13 0.00037 
   68   68    1    1    1    1    1    1    1    1  2.16547E+13 0.00034 
   69   69    1    1    1    1    1    1    1    1  1.87007E+13 0.00045 
   70   70    1    1    1    1    1    1    1    1  2.31186E+13 0.00037 
   71   71    1    1    1    1    1    1    1    1  2.00262E+13 0.00040 
   72   72    1    1    1    1    1    1    1    1  3.82657E+13 0.00031 
   73   73    1    1    1    1    1    1    1    1  2.88424E+13 0.00030 
   74   74    1    1    1    1    1    1    1    1  2.30755E+13 0.00033 
   75   75    1    1    1    1    1    1    1    1  1.89769E+13 0.00039 
   76   76    1    1    1    1    1    1    1    1  1.54392E+13 0.00039 
   77   77    1    1    1    1    1    1    1    1  1.75287E+13 0.00042 
   78   78    1    1    1    1    1    1    1    1  1.35927E+13 0.00058 
   79   79    1    1    1    1    1    1    1    1  1.01315E+13 0.00061 
   80   80    1    1    1    1    1    1    1    1  1.05432E+13 0.00070 
   81   81    1    1    1    1    1    1    1    1  7.96573E+12 0.00057 
   82   82    1    1    1    1    1    1    1    1  6.20204E+12 0.00064 
   83   83    1    1    1    1    1    1    1    1  4.82365E+12 0.00055 
   84   84    1    1    1    1    1    1    1    1  4.51470E+12 0.00080 
   85   85    1    1    1    1    1    1    1    1  3.24272E+12 0.00106 
   86   86    1    1    1    1    1    1    1    1  2.33958E+12 0.00140 
   87   87    1    1    1    1    1    1    1    1  2.20069E+12 0.00185 
   88   88    1    1    1    1    1    1    1    1  1.36343E+12 0.00220 
   89   89    1    1    1    1    1    1    1    1  9.23755E+11 0.00195 
   90   90    1    1    1    1    1    1    1    1  5.33349E+11 0.00232 
   91   91    1    1    1    1    1    1    1    1  6.79609E+11 0.00315 
   92   92    1    1    1    1    1    1    1    1  0.00000E+00 0.00000 
   93   93    1    1    1    1    1    1    1    1  0.00000E+00 0.00000 
   94   94    1    1    1    1    1    1    1    1  0.00000E+00 0.00000 
   95   95    1    1    1    1    1    1    1    1  0.00000E+00 0.00000 
   96   96    1    1    1    1    1    1    1    1  0.00000E+00 0.00000 
   97   97    1    1    1    1    1    1    1    1  0.00000E+00 0.00000 
   98   98    1    1    1    1    1    1    1    1  0.00000E+00 0.00000 
   99   99    1    1    1    1    1    1    1    1  0.00000E+00 0.00000 
  100  100    1    1    1    1    1    1    1    1  0.00000E+00 0.00000 
];


