
DETdpaspec = [
    1    1    1    1    1    1    1    1    1    1  0.00000E+00 0.00000 
    2    2    1    1    1    1    1    1    1    1  0.00000E+00 0.00000 
    3    3    1    1    1    1    1    1    1    1  0.00000E+00 0.00000 
    4    4    1    1    1    1    1    1    1    1  0.00000E+00 0.00000 
    5    5    1    1    1    1    1    1    1    1  0.00000E+00 0.00000 
    6    6    1    1    1    1    1    1    1    1  0.00000E+00 0.00000 
    7    7    1    1    1    1    1    1    1    1  0.00000E+00 0.00000 
    8    8    1    1    1    1    1    1    1    1  1.90133E+07 1.00000 
    9    9    1    1    1    1    1    1    1    1  0.00000E+00 0.00000 
   10   10    1    1    1    1    1    1    1    1  1.10017E+08 1.00000 
   11   11    1    1    1    1    1    1    1    1  0.00000E+00 0.00000 
   12   12    1    1    1    1    1    1    1    1  0.00000E+00 0.00000 
   13   13    1    1    1    1    1    1    1    1  9.50119E+08 0.75884 
   14   14    1    1    1    1    1    1    1    1  1.01814E+09 0.75962 
   15   15    1    1    1    1    1    1    1    1  1.68921E+09 0.52565 
   16   16    1    1    1    1    1    1    1    1  1.15599E+09 0.56541 
   17   17    1    1    1    1    1    1    1    1  9.53018E+08 0.70436 
   18   18    1    1    1    1    1    1    1    1  2.56513E+09 0.36049 
   19   19    1    1    1    1    1    1    1    1  2.72387E+09 0.29992 
   20   20    1    1    1    1    1    1    1    1  7.56700E+09 0.28684 
   21   21    1    1    1    1    1    1    1    1  1.15921E+10 0.21589 
   22   22    1    1    1    1    1    1    1    1  3.27242E+10 0.10832 
   23   23    1    1    1    1    1    1    1    1  1.21992E+11 0.08864 
   24   24    1    1    1    1    1    1    1    1  4.28824E+11 0.03503 
   25   25    1    1    1    1    1    1    1    1  7.20243E+11 0.03015 
   26   26    1    1    1    1    1    1    1    1  1.60751E+12 0.02117 
   27   27    1    1    1    1    1    1    1    1  3.40373E+12 0.01246 
   28   28    1    1    1    1    1    1    1    1  6.78247E+12 0.01183 
   29   29    1    1    1    1    1    1    1    1  1.10163E+13 0.00853 
   30   30    1    1    1    1    1    1    1    1  2.20397E+13 0.00602 
   31   31    1    1    1    1    1    1    1    1  4.74429E+13 0.00424 
   32   32    1    1    1    1    1    1    1    1  7.15996E+13 0.00352 
   33   33    1    1    1    1    1    1    1    1  1.44151E+14 0.00247 
   34   34    1    1    1    1    1    1    1    1  1.79574E+14 0.00218 
   35   35    1    1    1    1    1    1    1    1  1.83775E+14 0.00156 
   36   36    1    1    1    1    1    1    1    1  1.08926E+14 0.00149 
   37   37    1    1    1    1    1    1    1    1  3.17779E+13 0.00165 
   38   38    1    1    1    1    1    1    1    1  1.82722E+14 0.00163 
   39   39    1    1    1    1    1    1    1    1  2.41629E+14 0.00165 
   40   40    1    1    1    1    1    1    1    1  4.08848E+14 0.00143 
   41   41    1    1    1    1    1    1    1    1  3.92175E+14 0.00113 
   42   42    1    1    1    1    1    1    1    1  8.43543E+14 0.00096 
   43   43    1    1    1    1    1    1    1    1  1.00360E+15 0.00082 
   44   44    1    1    1    1    1    1    1    1  1.42467E+15 0.00082 
   45   45    1    1    1    1    1    1    1    1  2.76605E+15 0.00073 
   46   46    1    1    1    1    1    1    1    1  1.22379E+15 0.00062 
   47   47    1    1    1    1    1    1    1    1  1.93423E+15 0.00062 
   48   48    1    1    1    1    1    1    1    1  2.63341E+15 0.00075 
   49   49    1    1    1    1    1    1    1    1  2.55534E+15 0.00081 
   50   50    1    1    1    1    1    1    1    1  3.95863E+15 0.00068 
   51   51    1    1    1    1    1    1    1    1  3.02975E+15 0.00072 
   52   52    1    1    1    1    1    1    1    1  3.63375E+15 0.00068 
   53   53    1    1    1    1    1    1    1    1  2.46895E+15 0.00068 
   54   54    1    1    1    1    1    1    1    1  3.05281E+15 0.00068 
   55   55    1    1    1    1    1    1    1    1  2.07232E+15 0.00064 
   56   56    1    1    1    1    1    1    1    1  2.79034E+14 0.00124 
   57   57    1    1    1    1    1    1    1    1  4.07052E+15 0.00061 
   58   58    1    1    1    1    1    1    1    1  1.84988E+15 0.00074 
   59   59    1    1    1    1    1    1    1    1  1.93343E+15 0.00073 
   60   60    1    1    1    1    1    1    1    1  1.52559E+15 0.00070 
   61   61    1    1    1    1    1    1    1    1  1.51396E+15 0.00053 
   62   62    1    1    1    1    1    1    1    1  1.57376E+15 0.00069 
   63   63    1    1    1    1    1    1    1    1  1.32185E+15 0.00079 
   64   64    1    1    1    1    1    1    1    1  1.04601E+15 0.00077 
   65   65    1    1    1    1    1    1    1    1  1.03364E+15 0.00056 
   66   66    1    1    1    1    1    1    1    1  7.38202E+14 0.00081 
   67   67    1    1    1    1    1    1    1    1  5.95036E+14 0.00090 
   68   68    1    1    1    1    1    1    1    1  5.30113E+14 0.00104 
   69   69    1    1    1    1    1    1    1    1  6.32535E+14 0.00089 
   70   70    1    1    1    1    1    1    1    1  5.33526E+14 0.00107 
   71   71    1    1    1    1    1    1    1    1  9.46050E+14 0.00104 
   72   72    1    1    1    1    1    1    1    1  6.59825E+14 0.00098 
   73   73    1    1    1    1    1    1    1    1  4.95321E+14 0.00114 
   74   74    1    1    1    1    1    1    1    1  4.03205E+14 0.00107 
   75   75    1    1    1    1    1    1    1    1  3.38274E+14 0.00132 
   76   76    1    1    1    1    1    1    1    1  3.96000E+14 0.00140 
   77   77    1    1    1    1    1    1    1    1  3.17050E+14 0.00150 
   78   78    1    1    1    1    1    1    1    1  2.54690E+14 0.00157 
   79   79    1    1    1    1    1    1    1    1  2.64379E+14 0.00131 
   80   80    1    1    1    1    1    1    1    1  1.96740E+14 0.00178 
   81   81    1    1    1    1    1    1    1    1  1.51416E+14 0.00150 
   82   82    1    1    1    1    1    1    1    1  1.15771E+14 0.00222 
   83   83    1    1    1    1    1    1    1    1  1.07897E+14 0.00198 
   84   84    1    1    1    1    1    1    1    1  7.74080E+13 0.00168 
   85   85    1    1    1    1    1    1    1    1  5.60473E+13 0.00270 
   86   86    1    1    1    1    1    1    1    1  5.22711E+13 0.00391 
   87   87    1    1    1    1    1    1    1    1  3.16986E+13 0.00363 
   88   88    1    1    1    1    1    1    1    1  2.11849E+13 0.00452 
   89   89    1    1    1    1    1    1    1    1  1.19213E+13 0.00690 
   90   90    1    1    1    1    1    1    1    1  7.92512E+12 0.00812 
   91   91    1    1    1    1    1    1    1    1  3.86597E+12 0.00689 
   92   92    1    1    1    1    1    1    1    1  1.82438E+12 0.01814 
   93   93    1    1    1    1    1    1    1    1  8.89769E+11 0.03094 
   94   94    1    1    1    1    1    1    1    1  4.18347E+11 0.02654 
   95   95    1    1    1    1    1    1    1    1  1.78932E+11 0.05696 
   96   96    1    1    1    1    1    1    1    1  1.01525E+11 0.07858 
   97   97    1    1    1    1    1    1    1    1  4.83961E+10 0.12734 
   98   98    1    1    1    1    1    1    1    1  1.99828E+10 0.14952 
   99   99    1    1    1    1    1    1    1    1  1.05688E+10 0.26102 
  100  100    1    1    1    1    1    1    1    1  9.39169E+09 0.26579 
];


