
DETdpaspec = [
    1    1    1    1    1    1    1    1    1    1  0.00000E+00 0.00000 
    2    2    1    1    1    1    1    1    1    1  0.00000E+00 0.00000 
    3    3    1    1    1    1    1    1    1    1  0.00000E+00 0.00000 
    4    4    1    1    1    1    1    1    1    1  0.00000E+00 0.00000 
    5    5    1    1    1    1    1    1    1    1  0.00000E+00 0.00000 
    6    6    1    1    1    1    1    1    1    1  0.00000E+00 0.00000 
    7    7    1    1    1    1    1    1    1    1  0.00000E+00 0.00000 
    8    8    1    1    1    1    1    1    1    1  0.00000E+00 0.00000 
    9    9    1    1    1    1    1    1    1    1  0.00000E+00 0.00000 
   10   10    1    1    1    1    1    1    1    1  4.32126E+07 1.00000 
   11   11    1    1    1    1    1    1    1    1  5.27601E+07 1.00000 
   12   12    1    1    1    1    1    1    1    1  8.28566E+07 1.00000 
   13   13    1    1    1    1    1    1    1    1  1.05867E+09 0.56176 
   14   14    1    1    1    1    1    1    1    1  1.49164E+09 0.62378 
   15   15    1    1    1    1    1    1    1    1  6.28595E+09 0.31921 
   16   16    1    1    1    1    1    1    1    1  1.13550E+09 0.50279 
   17   17    1    1    1    1    1    1    1    1  2.13072E+09 0.29048 
   18   18    1    1    1    1    1    1    1    1  3.97326E+09 0.20332 
   19   19    1    1    1    1    1    1    1    1  2.29939E+09 0.26041 
   20   20    1    1    1    1    1    1    1    1  1.77742E+10 0.23877 
   21   21    1    1    1    1    1    1    1    1  1.55558E+10 0.14970 
   22   22    1    1    1    1    1    1    1    1  3.00236E+10 0.13937 
   23   23    1    1    1    1    1    1    1    1  4.94315E+10 0.08814 
   24   24    1    1    1    1    1    1    1    1  8.23948E+10 0.07526 
   25   25    1    1    1    1    1    1    1    1  1.15954E+11 0.05608 
   26   26    1    1    1    1    1    1    1    1  2.01389E+11 0.05575 
   27   27    1    1    1    1    1    1    1    1  3.61805E+11 0.03805 
   28   28    1    1    1    1    1    1    1    1  9.10820E+11 0.02535 
   29   29    1    1    1    1    1    1    1    1  1.66473E+12 0.01559 
   30   30    1    1    1    1    1    1    1    1  4.42707E+12 0.01327 
   31   31    1    1    1    1    1    1    1    1  1.35720E+13 0.00754 
   32   32    1    1    1    1    1    1    1    1  2.47643E+13 0.00494 
   33   33    1    1    1    1    1    1    1    1  5.91614E+13 0.00329 
   34   34    1    1    1    1    1    1    1    1  8.30816E+13 0.00352 
   35   35    1    1    1    1    1    1    1    1  1.02750E+14 0.00292 
   36   36    1    1    1    1    1    1    1    1  6.74690E+13 0.00223 
   37   37    1    1    1    1    1    1    1    1  2.03169E+13 0.00211 
   38   38    1    1    1    1    1    1    1    1  1.15920E+14 0.00154 
   39   39    1    1    1    1    1    1    1    1  1.57277E+14 0.00169 
   40   40    1    1    1    1    1    1    1    1  2.71335E+14 0.00184 
   41   41    1    1    1    1    1    1    1    1  2.71739E+14 0.00138 
   42   42    1    1    1    1    1    1    1    1  5.89959E+14 0.00118 
   43   43    1    1    1    1    1    1    1    1  7.21346E+14 0.00082 
   44   44    1    1    1    1    1    1    1    1  1.05169E+15 0.00066 
   45   45    1    1    1    1    1    1    1    1  2.11889E+15 0.00079 
   46   46    1    1    1    1    1    1    1    1  9.83249E+14 0.00088 
   47   47    1    1    1    1    1    1    1    1  1.58767E+15 0.00084 
   48   48    1    1    1    1    1    1    1    1  2.21951E+15 0.00078 
   49   49    1    1    1    1    1    1    1    1  2.20376E+15 0.00054 
   50   50    1    1    1    1    1    1    1    1  3.46527E+15 0.00066 
   51   51    1    1    1    1    1    1    1    1  2.74815E+15 0.00049 
   52   52    1    1    1    1    1    1    1    1  3.30869E+15 0.00059 
   53   53    1    1    1    1    1    1    1    1  2.29431E+15 0.00070 
   54   54    1    1    1    1    1    1    1    1  2.83822E+15 0.00068 
   55   55    1    1    1    1    1    1    1    1  1.94925E+15 0.00057 
   56   56    1    1    1    1    1    1    1    1  2.64798E+14 0.00112 
   57   57    1    1    1    1    1    1    1    1  3.88273E+15 0.00067 
   58   58    1    1    1    1    1    1    1    1  1.75430E+15 0.00072 
   59   59    1    1    1    1    1    1    1    1  1.86083E+15 0.00065 
   60   60    1    1    1    1    1    1    1    1  1.45846E+15 0.00071 
   61   61    1    1    1    1    1    1    1    1  1.46148E+15 0.00064 
   62   62    1    1    1    1    1    1    1    1  1.52658E+15 0.00082 
   63   63    1    1    1    1    1    1    1    1  1.28989E+15 0.00072 
   64   64    1    1    1    1    1    1    1    1  1.02797E+15 0.00085 
   65   65    1    1    1    1    1    1    1    1  1.02165E+15 0.00078 
   66   66    1    1    1    1    1    1    1    1  7.36655E+14 0.00118 
   67   67    1    1    1    1    1    1    1    1  5.98714E+14 0.00110 
   68   68    1    1    1    1    1    1    1    1  5.36075E+14 0.00110 
   69   69    1    1    1    1    1    1    1    1  6.43031E+14 0.00085 
   70   70    1    1    1    1    1    1    1    1  5.46992E+14 0.00127 
   71   71    1    1    1    1    1    1    1    1  9.89878E+14 0.00113 
   72   72    1    1    1    1    1    1    1    1  6.99506E+14 0.00115 
   73   73    1    1    1    1    1    1    1    1  5.27254E+14 0.00121 
   74   74    1    1    1    1    1    1    1    1  4.26096E+14 0.00139 
   75   75    1    1    1    1    1    1    1    1  3.55629E+14 0.00156 
   76   76    1    1    1    1    1    1    1    1  4.14946E+14 0.00139 
   77   77    1    1    1    1    1    1    1    1  3.30185E+14 0.00116 
   78   78    1    1    1    1    1    1    1    1  2.64281E+14 0.00184 
   79   79    1    1    1    1    1    1    1    1  2.73504E+14 0.00165 
   80   80    1    1    1    1    1    1    1    1  2.03111E+14 0.00146 
   81   81    1    1    1    1    1    1    1    1  1.56561E+14 0.00220 
   82   82    1    1    1    1    1    1    1    1  1.20536E+14 0.00258 
   83   83    1    1    1    1    1    1    1    1  1.12830E+14 0.00200 
   84   84    1    1    1    1    1    1    1    1  8.15023E+13 0.00232 
   85   85    1    1    1    1    1    1    1    1  5.83857E+13 0.00304 
   86   86    1    1    1    1    1    1    1    1  5.49105E+13 0.00366 
   87   87    1    1    1    1    1    1    1    1  3.37095E+13 0.00364 
   88   88    1    1    1    1    1    1    1    1  2.26708E+13 0.00389 
   89   89    1    1    1    1    1    1    1    1  1.29640E+13 0.00687 
   90   90    1    1    1    1    1    1    1    1  8.58642E+12 0.00783 
   91   91    1    1    1    1    1    1    1    1  4.30513E+12 0.01195 
   92   92    1    1    1    1    1    1    1    1  2.05226E+12 0.01433 
   93   93    1    1    1    1    1    1    1    1  1.05271E+12 0.02005 
   94   94    1    1    1    1    1    1    1    1  4.84403E+11 0.02519 
   95   95    1    1    1    1    1    1    1    1  2.06810E+11 0.04897 
   96   96    1    1    1    1    1    1    1    1  1.15558E+11 0.07488 
   97   97    1    1    1    1    1    1    1    1  5.37913E+10 0.09677 
   98   98    1    1    1    1    1    1    1    1  2.43221E+10 0.17392 
   99   99    1    1    1    1    1    1    1    1  1.75702E+10 0.15728 
  100  100    1    1    1    1    1    1    1    1  8.76040E+09 0.21377 
];


