
DETdpaspec = [
    1    1    1    1    1    1    1    1    1    1  0.00000E+00 0.00000 
    2    2    1    1    1    1    1    1    1    1  0.00000E+00 0.00000 
    3    3    1    1    1    1    1    1    1    1  0.00000E+00 0.00000 
    4    4    1    1    1    1    1    1    1    1  0.00000E+00 0.00000 
    5    5    1    1    1    1    1    1    1    1  0.00000E+00 0.00000 
    6    6    1    1    1    1    1    1    1    1  0.00000E+00 0.00000 
    7    7    1    1    1    1    1    1    1    1  0.00000E+00 0.00000 
    8    8    1    1    1    1    1    1    1    1  1.33410E+07 1.00000 
    9    9    1    1    1    1    1    1    1    1  0.00000E+00 0.00000 
   10   10    1    1    1    1    1    1    1    1  0.00000E+00 0.00000 
   11   11    1    1    1    1    1    1    1    1  1.18828E+08 0.55983 
   12   12    1    1    1    1    1    1    1    1  2.50360E+07 0.85928 
   13   13    1    1    1    1    1    1    1    1  1.18370E+09 0.78912 
   14   14    1    1    1    1    1    1    1    1  2.24504E+09 0.40913 
   15   15    1    1    1    1    1    1    1    1  3.78535E+09 0.34368 
   16   16    1    1    1    1    1    1    1    1  1.05714E+09 0.49224 
   17   17    1    1    1    1    1    1    1    1  1.45055E+09 0.26766 
   18   18    1    1    1    1    1    1    1    1  7.61914E+09 0.21707 
   19   19    1    1    1    1    1    1    1    1  5.52336E+09 0.18048 
   20   20    1    1    1    1    1    1    1    1  2.48680E+10 0.12439 
   21   21    1    1    1    1    1    1    1    1  1.89058E+10 0.11526 
   22   22    1    1    1    1    1    1    1    1  6.13231E+10 0.07571 
   23   23    1    1    1    1    1    1    1    1  6.25113E+10 0.07597 
   24   24    1    1    1    1    1    1    1    1  1.00734E+11 0.06112 
   25   25    1    1    1    1    1    1    1    1  1.36449E+11 0.03909 
   26   26    1    1    1    1    1    1    1    1  2.19153E+11 0.04812 
   27   27    1    1    1    1    1    1    1    1  3.57369E+11 0.03339 
   28   28    1    1    1    1    1    1    1    1  6.12610E+11 0.02825 
   29   29    1    1    1    1    1    1    1    1  8.38394E+11 0.01933 
   30   30    1    1    1    1    1    1    1    1  2.76437E+12 0.01021 
   31   31    1    1    1    1    1    1    1    1  8.35739E+12 0.00787 
   32   32    1    1    1    1    1    1    1    1  1.52542E+13 0.00622 
   33   33    1    1    1    1    1    1    1    1  3.31868E+13 0.00537 
   34   34    1    1    1    1    1    1    1    1  4.37395E+13 0.00375 
   35   35    1    1    1    1    1    1    1    1  6.40584E+13 0.00284 
   36   36    1    1    1    1    1    1    1    1  4.48393E+13 0.00297 
   37   37    1    1    1    1    1    1    1    1  1.43160E+13 0.00280 
   38   38    1    1    1    1    1    1    1    1  7.69058E+13 0.00242 
   39   39    1    1    1    1    1    1    1    1  1.02552E+14 0.00242 
   40   40    1    1    1    1    1    1    1    1  1.70262E+14 0.00238 
   41   41    1    1    1    1    1    1    1    1  1.78313E+14 0.00200 
   42   42    1    1    1    1    1    1    1    1  3.64602E+14 0.00170 
   43   43    1    1    1    1    1    1    1    1  4.36874E+14 0.00151 
   44   44    1    1    1    1    1    1    1    1  6.23870E+14 0.00126 
   45   45    1    1    1    1    1    1    1    1  1.18797E+15 0.00088 
   46   46    1    1    1    1    1    1    1    1  5.60969E+14 0.00095 
   47   47    1    1    1    1    1    1    1    1  9.12919E+14 0.00098 
   48   48    1    1    1    1    1    1    1    1  1.26450E+15 0.00097 
   49   49    1    1    1    1    1    1    1    1  1.25801E+15 0.00082 
   50   50    1    1    1    1    1    1    1    1  1.90482E+15 0.00093 
   51   51    1    1    1    1    1    1    1    1  1.54963E+15 0.00119 
   52   52    1    1    1    1    1    1    1    1  1.77470E+15 0.00126 
   53   53    1    1    1    1    1    1    1    1  1.23946E+15 0.00114 
   54   54    1    1    1    1    1    1    1    1  1.46331E+15 0.00130 
   55   55    1    1    1    1    1    1    1    1  1.01391E+15 0.00115 
   56   56    1    1    1    1    1    1    1    1  1.39744E+14 0.00175 
   57   57    1    1    1    1    1    1    1    1  2.01840E+15 0.00125 
   58   58    1    1    1    1    1    1    1    1  8.59481E+14 0.00141 
   59   59    1    1    1    1    1    1    1    1  9.22405E+14 0.00163 
   60   60    1    1    1    1    1    1    1    1  6.93963E+14 0.00124 
   61   61    1    1    1    1    1    1    1    1  7.00338E+14 0.00133 
   62   62    1    1    1    1    1    1    1    1  7.23187E+14 0.00144 
   63   63    1    1    1    1    1    1    1    1  6.01746E+14 0.00157 
   64   64    1    1    1    1    1    1    1    1  4.79314E+14 0.00158 
   65   65    1    1    1    1    1    1    1    1  4.74138E+14 0.00169 
   66   66    1    1    1    1    1    1    1    1  3.40541E+14 0.00217 
   67   67    1    1    1    1    1    1    1    1  2.79864E+14 0.00183 
   68   68    1    1    1    1    1    1    1    1  2.52402E+14 0.00158 
   69   69    1    1    1    1    1    1    1    1  3.02473E+14 0.00174 
   70   70    1    1    1    1    1    1    1    1  2.58013E+14 0.00188 
   71   71    1    1    1    1    1    1    1    1  4.82407E+14 0.00166 
   72   72    1    1    1    1    1    1    1    1  3.42309E+14 0.00149 
   73   73    1    1    1    1    1    1    1    1  2.55377E+14 0.00196 
   74   74    1    1    1    1    1    1    1    1  2.00233E+14 0.00334 
   75   75    1    1    1    1    1    1    1    1  1.61756E+14 0.00179 
   76   76    1    1    1    1    1    1    1    1  1.83842E+14 0.00263 
   77   77    1    1    1    1    1    1    1    1  1.41089E+14 0.00245 
   78   78    1    1    1    1    1    1    1    1  1.10348E+14 0.00284 
   79   79    1    1    1    1    1    1    1    1  1.11677E+14 0.00270 
   80   80    1    1    1    1    1    1    1    1  8.20560E+13 0.00316 
   81   81    1    1    1    1    1    1    1    1  6.30434E+13 0.00331 
   82   82    1    1    1    1    1    1    1    1  4.79613E+13 0.00319 
   83   83    1    1    1    1    1    1    1    1  4.48243E+13 0.00482 
   84   84    1    1    1    1    1    1    1    1  3.22840E+13 0.00469 
   85   85    1    1    1    1    1    1    1    1  2.30091E+13 0.00472 
   86   86    1    1    1    1    1    1    1    1  2.18065E+13 0.00494 
   87   87    1    1    1    1    1    1    1    1  1.35096E+13 0.00678 
   88   88    1    1    1    1    1    1    1    1  9.14319E+12 0.00791 
   89   89    1    1    1    1    1    1    1    1  5.19399E+12 0.01111 
   90   90    1    1    1    1    1    1    1    1  3.50817E+12 0.01236 
   91   91    1    1    1    1    1    1    1    1  1.74861E+12 0.01847 
   92   92    1    1    1    1    1    1    1    1  8.73817E+11 0.02501 
   93   93    1    1    1    1    1    1    1    1  4.29689E+11 0.02982 
   94   94    1    1    1    1    1    1    1    1  2.03905E+11 0.05592 
   95   95    1    1    1    1    1    1    1    1  9.89776E+10 0.07902 
   96   96    1    1    1    1    1    1    1    1  5.39709E+10 0.11371 
   97   97    1    1    1    1    1    1    1    1  2.19165E+10 0.16054 
   98   98    1    1    1    1    1    1    1    1  1.43781E+10 0.18806 
   99   99    1    1    1    1    1    1    1    1  3.10479E+09 0.35047 
  100  100    1    1    1    1    1    1    1    1  5.64605E+09 0.36746 
];


