
DETdpaspec = [
    1    1    1    1    1    1    1    1    1    1  0.00000E+00 0.00000 
    2    2    1    1    1    1    1    1    1    1  0.00000E+00 0.00000 
    3    3    1    1    1    1    1    1    1    1  0.00000E+00 0.00000 
    4    4    1    1    1    1    1    1    1    1  0.00000E+00 0.00000 
    5    5    1    1    1    1    1    1    1    1  0.00000E+00 0.00000 
    6    6    1    1    1    1    1    1    1    1  0.00000E+00 0.00000 
    7    7    1    1    1    1    1    1    1    1  0.00000E+00 0.00000 
    8    8    1    1    1    1    1    1    1    1  2.15745E+07 1.00000 
    9    9    1    1    1    1    1    1    1    1  7.24199E+06 1.00000 
   10   10    1    1    1    1    1    1    1    1  0.00000E+00 0.00000 
   11   11    1    1    1    1    1    1    1    1  0.00000E+00 0.00000 
   12   12    1    1    1    1    1    1    1    1  1.21285E+08 1.00000 
   13   13    1    1    1    1    1    1    1    1  1.65776E+09 0.83279 
   14   14    1    1    1    1    1    1    1    1  2.49033E+09 0.53400 
   15   15    1    1    1    1    1    1    1    1  2.41307E+09 0.52485 
   16   16    1    1    1    1    1    1    1    1  5.73571E+08 0.65533 
   17   17    1    1    1    1    1    1    1    1  2.67990E+09 0.43610 
   18   18    1    1    1    1    1    1    1    1  5.03473E+09 0.29453 
   19   19    1    1    1    1    1    1    1    1  4.72373E+09 0.24574 
   20   20    1    1    1    1    1    1    1    1  1.44090E+10 0.15390 
   21   21    1    1    1    1    1    1    1    1  1.33238E+10 0.12728 
   22   22    1    1    1    1    1    1    1    1  2.81822E+10 0.14425 
   23   23    1    1    1    1    1    1    1    1  5.86657E+10 0.08193 
   24   24    1    1    1    1    1    1    1    1  1.30243E+11 0.05981 
   25   25    1    1    1    1    1    1    1    1  2.06991E+11 0.06100 
   26   26    1    1    1    1    1    1    1    1  4.82874E+11 0.03538 
   27   27    1    1    1    1    1    1    1    1  1.06211E+12 0.02193 
   28   28    1    1    1    1    1    1    1    1  2.69168E+12 0.01423 
   29   29    1    1    1    1    1    1    1    1  4.76497E+12 0.01274 
   30   30    1    1    1    1    1    1    1    1  1.07311E+13 0.00843 
   31   31    1    1    1    1    1    1    1    1  2.72063E+13 0.00611 
   32   32    1    1    1    1    1    1    1    1  4.48687E+13 0.00421 
   33   33    1    1    1    1    1    1    1    1  9.87480E+13 0.00291 
   34   34    1    1    1    1    1    1    1    1  1.31302E+14 0.00267 
   35   35    1    1    1    1    1    1    1    1  1.44364E+14 0.00195 
   36   36    1    1    1    1    1    1    1    1  8.95895E+13 0.00167 
   37   37    1    1    1    1    1    1    1    1  2.64895E+13 0.00206 
   38   38    1    1    1    1    1    1    1    1  1.51798E+14 0.00178 
   39   39    1    1    1    1    1    1    1    1  2.03182E+14 0.00148 
   40   40    1    1    1    1    1    1    1    1  3.47758E+14 0.00122 
   41   41    1    1    1    1    1    1    1    1  3.39660E+14 0.00103 
   42   42    1    1    1    1    1    1    1    1  7.35586E+14 0.00102 
   43   43    1    1    1    1    1    1    1    1  8.88166E+14 0.00105 
   44   44    1    1    1    1    1    1    1    1  1.27586E+15 0.00109 
   45   45    1    1    1    1    1    1    1    1  2.53357E+15 0.00069 
   46   46    1    1    1    1    1    1    1    1  1.14484E+15 0.00074 
   47   47    1    1    1    1    1    1    1    1  1.82526E+15 0.00054 
   48   48    1    1    1    1    1    1    1    1  2.52036E+15 0.00045 
   49   49    1    1    1    1    1    1    1    1  2.46996E+15 0.00064 
   50   50    1    1    1    1    1    1    1    1  3.86894E+15 0.00061 
   51   51    1    1    1    1    1    1    1    1  3.00484E+15 0.00068 
   52   52    1    1    1    1    1    1    1    1  3.62467E+15 0.00065 
   53   53    1    1    1    1    1    1    1    1  2.48831E+15 0.00057 
   54   54    1    1    1    1    1    1    1    1  3.08763E+15 0.00044 
   55   55    1    1    1    1    1    1    1    1  2.10838E+15 0.00060 
   56   56    1    1    1    1    1    1    1    1  2.84244E+14 0.00098 
   57   57    1    1    1    1    1    1    1    1  4.16821E+15 0.00051 
   58   58    1    1    1    1    1    1    1    1  1.89545E+15 0.00067 
   59   59    1    1    1    1    1    1    1    1  1.99646E+15 0.00068 
   60   60    1    1    1    1    1    1    1    1  1.57575E+15 0.00068 
   61   61    1    1    1    1    1    1    1    1  1.57267E+15 0.00075 
   62   62    1    1    1    1    1    1    1    1  1.63819E+15 0.00076 
   63   63    1    1    1    1    1    1    1    1  1.38150E+15 0.00095 
   64   64    1    1    1    1    1    1    1    1  1.09577E+15 0.00104 
   65   65    1    1    1    1    1    1    1    1  1.08623E+15 0.00107 
   66   66    1    1    1    1    1    1    1    1  7.80150E+14 0.00093 
   67   67    1    1    1    1    1    1    1    1  6.31001E+14 0.00087 
   68   68    1    1    1    1    1    1    1    1  5.63824E+14 0.00117 
   69   69    1    1    1    1    1    1    1    1  6.74531E+14 0.00108 
   70   70    1    1    1    1    1    1    1    1  5.71749E+14 0.00081 
   71   71    1    1    1    1    1    1    1    1  1.02200E+15 0.00084 
   72   72    1    1    1    1    1    1    1    1  7.17544E+14 0.00107 
   73   73    1    1    1    1    1    1    1    1  5.40285E+14 0.00095 
   74   74    1    1    1    1    1    1    1    1  4.38247E+14 0.00136 
   75   75    1    1    1    1    1    1    1    1  3.68125E+14 0.00115 
   76   76    1    1    1    1    1    1    1    1  4.31499E+14 0.00114 
   77   77    1    1    1    1    1    1    1    1  3.45479E+14 0.00140 
   78   78    1    1    1    1    1    1    1    1  2.77437E+14 0.00134 
   79   79    1    1    1    1    1    1    1    1  2.87863E+14 0.00129 
   80   80    1    1    1    1    1    1    1    1  2.14526E+14 0.00176 
   81   81    1    1    1    1    1    1    1    1  1.65048E+14 0.00215 
   82   82    1    1    1    1    1    1    1    1  1.27083E+14 0.00223 
   83   83    1    1    1    1    1    1    1    1  1.18557E+14 0.00203 
   84   84    1    1    1    1    1    1    1    1  8.54662E+13 0.00249 
   85   85    1    1    1    1    1    1    1    1  6.15903E+13 0.00300 
   86   86    1    1    1    1    1    1    1    1  5.71659E+13 0.00310 
   87   87    1    1    1    1    1    1    1    1  3.52499E+13 0.00369 
   88   88    1    1    1    1    1    1    1    1  2.35987E+13 0.00488 
   89   89    1    1    1    1    1    1    1    1  1.35008E+13 0.00571 
   90   90    1    1    1    1    1    1    1    1  8.90177E+12 0.00423 
   91   91    1    1    1    1    1    1    1    1  4.40105E+12 0.00917 
   92   92    1    1    1    1    1    1    1    1  2.18568E+12 0.01436 
   93   93    1    1    1    1    1    1    1    1  1.03496E+12 0.01785 
   94   94    1    1    1    1    1    1    1    1  4.73068E+11 0.02774 
   95   95    1    1    1    1    1    1    1    1  2.29556E+11 0.04891 
   96   96    1    1    1    1    1    1    1    1  1.08618E+11 0.05500 
   97   97    1    1    1    1    1    1    1    1  5.94867E+10 0.09223 
   98   98    1    1    1    1    1    1    1    1  3.04683E+10 0.12054 
   99   99    1    1    1    1    1    1    1    1  1.39418E+10 0.16418 
  100  100    1    1    1    1    1    1    1    1  1.21750E+10 0.20790 
];


