
DETdpaspec = [
    1    1    1    1    1    1    1    1    1    1  0.00000E+00 0.00000 
    2    2    1    1    1    1    1    1    1    1  0.00000E+00 0.00000 
    3    3    1    1    1    1    1    1    1    1  0.00000E+00 0.00000 
    4    4    1    1    1    1    1    1    1    1  0.00000E+00 0.00000 
    5    5    1    1    1    1    1    1    1    1  0.00000E+00 0.00000 
    6    6    1    1    1    1    1    1    1    1  9.70653E+06 1.00000 
    7    7    1    1    1    1    1    1    1    1  0.00000E+00 0.00000 
    8    8    1    1    1    1    1    1    1    1  1.61390E+07 1.00000 
    9    9    1    1    1    1    1    1    1    1  0.00000E+00 0.00000 
   10   10    1    1    1    1    1    1    1    1  2.28180E+07 1.00000 
   11   11    1    1    1    1    1    1    1    1  0.00000E+00 0.00000 
   12   12    1    1    1    1    1    1    1    1  7.82983E+06 0.68862 
   13   13    1    1    1    1    1    1    1    1  3.20913E+08 0.61811 
   14   14    1    1    1    1    1    1    1    1  3.72148E+09 0.48983 
   15   15    1    1    1    1    1    1    1    1  4.22572E+09 0.49970 
   16   16    1    1    1    1    1    1    1    1  9.78826E+08 0.50392 
   17   17    1    1    1    1    1    1    1    1  1.55063E+09 0.44221 
   18   18    1    1    1    1    1    1    1    1  4.67885E+09 0.29797 
   19   19    1    1    1    1    1    1    1    1  4.69991E+09 0.20532 
   20   20    1    1    1    1    1    1    1    1  1.36959E+10 0.26374 
   21   21    1    1    1    1    1    1    1    1  1.25044E+10 0.14277 
   22   22    1    1    1    1    1    1    1    1  2.92497E+10 0.10716 
   23   23    1    1    1    1    1    1    1    1  4.78445E+10 0.08621 
   24   24    1    1    1    1    1    1    1    1  8.69845E+10 0.09507 
   25   25    1    1    1    1    1    1    1    1  1.18104E+11 0.07445 
   26   26    1    1    1    1    1    1    1    1  1.91529E+11 0.04231 
   27   27    1    1    1    1    1    1    1    1  3.21897E+11 0.04651 
   28   28    1    1    1    1    1    1    1    1  7.52170E+11 0.03183 
   29   29    1    1    1    1    1    1    1    1  1.25102E+12 0.02684 
   30   30    1    1    1    1    1    1    1    1  3.49832E+12 0.01657 
   31   31    1    1    1    1    1    1    1    1  1.07321E+13 0.00855 
   32   32    1    1    1    1    1    1    1    1  2.06910E+13 0.00706 
   33   33    1    1    1    1    1    1    1    1  4.95471E+13 0.00463 
   34   34    1    1    1    1    1    1    1    1  6.98925E+13 0.00327 
   35   35    1    1    1    1    1    1    1    1  8.99283E+13 0.00284 
   36   36    1    1    1    1    1    1    1    1  6.04102E+13 0.00224 
   37   37    1    1    1    1    1    1    1    1  1.84306E+13 0.00248 
   38   38    1    1    1    1    1    1    1    1  1.04574E+14 0.00239 
   39   39    1    1    1    1    1    1    1    1  1.42028E+14 0.00197 
   40   40    1    1    1    1    1    1    1    1  2.45456E+14 0.00148 
   41   41    1    1    1    1    1    1    1    1  2.48305E+14 0.00119 
   42   42    1    1    1    1    1    1    1    1  5.36542E+14 0.00114 
   43   43    1    1    1    1    1    1    1    1  6.56664E+14 0.00094 
   44   44    1    1    1    1    1    1    1    1  9.59124E+14 0.00116 
   45   45    1    1    1    1    1    1    1    1  1.93097E+15 0.00084 
   46   46    1    1    1    1    1    1    1    1  9.02457E+14 0.00090 
   47   47    1    1    1    1    1    1    1    1  1.46173E+15 0.00093 
   48   48    1    1    1    1    1    1    1    1  2.04971E+15 0.00092 
   49   49    1    1    1    1    1    1    1    1  2.03840E+15 0.00085 
   50   50    1    1    1    1    1    1    1    1  3.19782E+15 0.00089 
   51   51    1    1    1    1    1    1    1    1  2.55638E+15 0.00076 
   52   52    1    1    1    1    1    1    1    1  3.05983E+15 0.00065 
   53   53    1    1    1    1    1    1    1    1  2.13126E+15 0.00087 
   54   54    1    1    1    1    1    1    1    1  2.61804E+15 0.00087 
   55   55    1    1    1    1    1    1    1    1  1.80515E+15 0.00083 
   56   56    1    1    1    1    1    1    1    1  2.45655E+14 0.00137 
   57   57    1    1    1    1    1    1    1    1  3.59898E+15 0.00092 
   58   58    1    1    1    1    1    1    1    1  1.61311E+15 0.00083 
   59   59    1    1    1    1    1    1    1    1  1.71597E+15 0.00099 
   60   60    1    1    1    1    1    1    1    1  1.33854E+15 0.00094 
   61   61    1    1    1    1    1    1    1    1  1.34113E+15 0.00081 
   62   62    1    1    1    1    1    1    1    1  1.40148E+15 0.00107 
   63   63    1    1    1    1    1    1    1    1  1.18166E+15 0.00104 
   64   64    1    1    1    1    1    1    1    1  9.41475E+14 0.00109 
   65   65    1    1    1    1    1    1    1    1  9.37370E+14 0.00104 
   66   66    1    1    1    1    1    1    1    1  6.73613E+14 0.00137 
   67   67    1    1    1    1    1    1    1    1  5.48869E+14 0.00134 
   68   68    1    1    1    1    1    1    1    1  4.93105E+14 0.00125 
   69   69    1    1    1    1    1    1    1    1  5.92118E+14 0.00141 
   70   70    1    1    1    1    1    1    1    1  5.04491E+14 0.00142 
   71   71    1    1    1    1    1    1    1    1  9.16890E+14 0.00104 
   72   72    1    1    1    1    1    1    1    1  6.48327E+14 0.00124 
   73   73    1    1    1    1    1    1    1    1  4.88706E+14 0.00192 
   74   74    1    1    1    1    1    1    1    1  3.93038E+14 0.00145 
   75   75    1    1    1    1    1    1    1    1  3.26895E+14 0.00190 
   76   76    1    1    1    1    1    1    1    1  3.80013E+14 0.00149 
   77   77    1    1    1    1    1    1    1    1  2.99625E+14 0.00183 
   78   78    1    1    1    1    1    1    1    1  2.39806E+14 0.00186 
   79   79    1    1    1    1    1    1    1    1  2.48037E+14 0.00187 
   80   80    1    1    1    1    1    1    1    1  1.83138E+14 0.00241 
   81   81    1    1    1    1    1    1    1    1  1.40934E+14 0.00192 
   82   82    1    1    1    1    1    1    1    1  1.08655E+14 0.00226 
   83   83    1    1    1    1    1    1    1    1  1.01603E+14 0.00255 
   84   84    1    1    1    1    1    1    1    1  7.32371E+13 0.00344 
   85   85    1    1    1    1    1    1    1    1  5.27885E+13 0.00326 
   86   86    1    1    1    1    1    1    1    1  4.91190E+13 0.00312 
   87   87    1    1    1    1    1    1    1    1  3.02688E+13 0.00479 
   88   88    1    1    1    1    1    1    1    1  2.04858E+13 0.00447 
   89   89    1    1    1    1    1    1    1    1  1.16136E+13 0.00721 
   90   90    1    1    1    1    1    1    1    1  7.74594E+12 0.00935 
   91   91    1    1    1    1    1    1    1    1  3.89407E+12 0.00997 
   92   92    1    1    1    1    1    1    1    1  1.91483E+12 0.01642 
   93   93    1    1    1    1    1    1    1    1  9.40111E+11 0.02349 
   94   94    1    1    1    1    1    1    1    1  4.33657E+11 0.03240 
   95   95    1    1    1    1    1    1    1    1  2.09525E+11 0.04873 
   96   96    1    1    1    1    1    1    1    1  1.03445E+11 0.05987 
   97   97    1    1    1    1    1    1    1    1  5.41647E+10 0.09170 
   98   98    1    1    1    1    1    1    1    1  2.58350E+10 0.13183 
   99   99    1    1    1    1    1    1    1    1  1.16659E+10 0.18804 
  100  100    1    1    1    1    1    1    1    1  1.12192E+10 0.22148 
];


