
DETdpaspec = [
    1    1    1    1    1    1    1    1    1    1  0.00000E+00 0.00000 
    2    2    1    1    1    1    1    1    1    1  0.00000E+00 0.00000 
    3    3    1    1    1    1    1    1    1    1  0.00000E+00 0.00000 
    4    4    1    1    1    1    1    1    1    1  0.00000E+00 0.00000 
    5    5    1    1    1    1    1    1    1    1  0.00000E+00 0.00000 
    6    6    1    1    1    1    1    1    1    1  0.00000E+00 0.00000 
    7    7    1    1    1    1    1    1    1    1  1.37380E+07 1.00000 
    8    8    1    1    1    1    1    1    1    1  0.00000E+00 0.00000 
    9    9    1    1    1    1    1    1    1    1  0.00000E+00 0.00000 
   10   10    1    1    1    1    1    1    1    1  0.00000E+00 0.00000 
   11   11    1    1    1    1    1    1    1    1  1.28540E+08 1.00000 
   12   12    1    1    1    1    1    1    1    1  7.45566E+07 0.71643 
   13   13    1    1    1    1    1    1    1    1  8.09128E+08 0.63023 
   14   14    1    1    1    1    1    1    1    1  1.33920E+09 0.36822 
   15   15    1    1    1    1    1    1    1    1  4.44280E+09 0.29458 
   16   16    1    1    1    1    1    1    1    1  1.49809E+09 0.32190 
   17   17    1    1    1    1    1    1    1    1  1.70001E+09 0.39812 
   18   18    1    1    1    1    1    1    1    1  5.00314E+09 0.23817 
   19   19    1    1    1    1    1    1    1    1  7.26192E+09 0.18150 
   20   20    1    1    1    1    1    1    1    1  1.84132E+10 0.15539 
   21   21    1    1    1    1    1    1    1    1  1.88441E+10 0.13142 
   22   22    1    1    1    1    1    1    1    1  4.41723E+10 0.11016 
   23   23    1    1    1    1    1    1    1    1  5.74097E+10 0.10682 
   24   24    1    1    1    1    1    1    1    1  1.03830E+11 0.06848 
   25   25    1    1    1    1    1    1    1    1  1.27275E+11 0.05704 
   26   26    1    1    1    1    1    1    1    1  1.95670E+11 0.05121 
   27   27    1    1    1    1    1    1    1    1  3.26375E+11 0.04226 
   28   28    1    1    1    1    1    1    1    1  6.27675E+11 0.02406 
   29   29    1    1    1    1    1    1    1    1  9.38984E+11 0.02445 
   30   30    1    1    1    1    1    1    1    1  2.76685E+12 0.01472 
   31   31    1    1    1    1    1    1    1    1  8.88983E+12 0.00605 
   32   32    1    1    1    1    1    1    1    1  1.70970E+13 0.00530 
   33   33    1    1    1    1    1    1    1    1  4.07704E+13 0.00468 
   34   34    1    1    1    1    1    1    1    1  5.65805E+13 0.00367 
   35   35    1    1    1    1    1    1    1    1  7.75953E+13 0.00281 
   36   36    1    1    1    1    1    1    1    1  5.33761E+13 0.00218 
   37   37    1    1    1    1    1    1    1    1  1.65989E+13 0.00256 
   38   38    1    1    1    1    1    1    1    1  9.23319E+13 0.00245 
   39   39    1    1    1    1    1    1    1    1  1.24989E+14 0.00158 
   40   40    1    1    1    1    1    1    1    1  2.13825E+14 0.00106 
   41   41    1    1    1    1    1    1    1    1  2.19739E+14 0.00150 
   42   42    1    1    1    1    1    1    1    1  4.68168E+14 0.00133 
   43   43    1    1    1    1    1    1    1    1  5.70618E+14 0.00077 
   44   44    1    1    1    1    1    1    1    1  8.32727E+14 0.00081 
   45   45    1    1    1    1    1    1    1    1  1.65459E+15 0.00084 
   46   46    1    1    1    1    1    1    1    1  7.78828E+14 0.00081 
   47   47    1    1    1    1    1    1    1    1  1.26739E+15 0.00070 
   48   48    1    1    1    1    1    1    1    1  1.77637E+15 0.00063 
   49   49    1    1    1    1    1    1    1    1  1.77215E+15 0.00085 
   50   50    1    1    1    1    1    1    1    1  2.74895E+15 0.00083 
   51   51    1    1    1    1    1    1    1    1  2.21589E+15 0.00083 
   52   52    1    1    1    1    1    1    1    1  2.62188E+15 0.00074 
   53   53    1    1    1    1    1    1    1    1  1.82948E+15 0.00076 
   54   54    1    1    1    1    1    1    1    1  2.21708E+15 0.00082 
   55   55    1    1    1    1    1    1    1    1  1.53076E+15 0.00085 
   56   56    1    1    1    1    1    1    1    1  2.08690E+14 0.00127 
   57   57    1    1    1    1    1    1    1    1  3.05399E+15 0.00083 
   58   58    1    1    1    1    1    1    1    1  1.34600E+15 0.00097 
   59   59    1    1    1    1    1    1    1    1  1.43610E+15 0.00089 
   60   60    1    1    1    1    1    1    1    1  1.10848E+15 0.00088 
   61   61    1    1    1    1    1    1    1    1  1.11406E+15 0.00095 
   62   62    1    1    1    1    1    1    1    1  1.15976E+15 0.00103 
   63   63    1    1    1    1    1    1    1    1  9.74514E+14 0.00106 
   64   64    1    1    1    1    1    1    1    1  7.75559E+14 0.00130 
   65   65    1    1    1    1    1    1    1    1  7.71103E+14 0.00110 
   66   66    1    1    1    1    1    1    1    1  5.54353E+14 0.00111 
   67   67    1    1    1    1    1    1    1    1  4.53350E+14 0.00154 
   68   68    1    1    1    1    1    1    1    1  4.08067E+14 0.00157 
   69   69    1    1    1    1    1    1    1    1  4.89340E+14 0.00157 
   70   70    1    1    1    1    1    1    1    1  4.17413E+14 0.00139 
   71   71    1    1    1    1    1    1    1    1  7.66415E+14 0.00134 
   72   72    1    1    1    1    1    1    1    1  5.43997E+14 0.00092 
   73   73    1    1    1    1    1    1    1    1  4.07923E+14 0.00111 
   74   74    1    1    1    1    1    1    1    1  3.25555E+14 0.00150 
   75   75    1    1    1    1    1    1    1    1  2.67917E+14 0.00146 
   76   76    1    1    1    1    1    1    1    1  3.09167E+14 0.00141 
   77   77    1    1    1    1    1    1    1    1  2.41942E+14 0.00195 
   78   78    1    1    1    1    1    1    1    1  1.91990E+14 0.00214 
   79   79    1    1    1    1    1    1    1    1  1.97157E+14 0.00213 
   80   80    1    1    1    1    1    1    1    1  1.46469E+14 0.00280 
   81   81    1    1    1    1    1    1    1    1  1.12611E+14 0.00196 
   82   82    1    1    1    1    1    1    1    1  8.61287E+13 0.00193 
   83   83    1    1    1    1    1    1    1    1  8.02327E+13 0.00229 
   84   84    1    1    1    1    1    1    1    1  5.78853E+13 0.00316 
   85   85    1    1    1    1    1    1    1    1  4.18196E+13 0.00383 
   86   86    1    1    1    1    1    1    1    1  3.89691E+13 0.00422 
   87   87    1    1    1    1    1    1    1    1  2.40211E+13 0.00499 
   88   88    1    1    1    1    1    1    1    1  1.62773E+13 0.00480 
   89   89    1    1    1    1    1    1    1    1  9.39021E+12 0.00752 
   90   90    1    1    1    1    1    1    1    1  6.33700E+12 0.00969 
   91   91    1    1    1    1    1    1    1    1  3.16283E+12 0.01037 
   92   92    1    1    1    1    1    1    1    1  1.53594E+12 0.02255 
   93   93    1    1    1    1    1    1    1    1  7.56340E+11 0.02226 
   94   94    1    1    1    1    1    1    1    1  3.38947E+11 0.03790 
   95   95    1    1    1    1    1    1    1    1  1.81697E+11 0.03649 
   96   96    1    1    1    1    1    1    1    1  7.91858E+10 0.07993 
   97   97    1    1    1    1    1    1    1    1  4.62907E+10 0.13173 
   98   98    1    1    1    1    1    1    1    1  1.67196E+10 0.17900 
   99   99    1    1    1    1    1    1    1    1  5.69818E+09 0.38133 
  100  100    1    1    1    1    1    1    1    1  6.05231E+09 0.26988 
];


