
DETdpaspec = [
    1    1    1    1    1    1    1    1    1    1  0.00000E+00 0.00000 
    2    2    1    1    1    1    1    1    1    1  0.00000E+00 0.00000 
    3    3    1    1    1    1    1    1    1    1  0.00000E+00 0.00000 
    4    4    1    1    1    1    1    1    1    1  0.00000E+00 0.00000 
    5    5    1    1    1    1    1    1    1    1  0.00000E+00 0.00000 
    6    6    1    1    1    1    1    1    1    1  0.00000E+00 0.00000 
    7    7    1    1    1    1    1    1    1    1  0.00000E+00 0.00000 
    8    8    1    1    1    1    1    1    1    1  0.00000E+00 0.00000 
    9    9    1    1    1    1    1    1    1    1  9.62948E+06 1.00000 
   10   10    1    1    1    1    1    1    1    1  5.98930E+07 1.00000 
   11   11    1    1    1    1    1    1    1    1  0.00000E+00 0.00000 
   12   12    1    1    1    1    1    1    1    1  7.41145E+07 1.00000 
   13   13    1    1    1    1    1    1    1    1  1.06923E+09 0.77396 
   14   14    1    1    1    1    1    1    1    1  6.69921E+08 1.00000 
   15   15    1    1    1    1    1    1    1    1  6.93195E+08 0.72546 
   16   16    1    1    1    1    1    1    1    1  5.19612E+08 0.66859 
   17   17    1    1    1    1    1    1    1    1  6.40190E+08 0.49425 
   18   18    1    1    1    1    1    1    1    1  2.36735E+09 0.43641 
   19   19    1    1    1    1    1    1    1    1  4.40416E+09 0.30647 
   20   20    1    1    1    1    1    1    1    1  1.42007E+10 0.24264 
   21   21    1    1    1    1    1    1    1    1  1.22864E+10 0.15546 
   22   22    1    1    1    1    1    1    1    1  3.33312E+10 0.10616 
   23   23    1    1    1    1    1    1    1    1  8.60820E+10 0.08409 
   24   24    1    1    1    1    1    1    1    1  2.53435E+11 0.04737 
   25   25    1    1    1    1    1    1    1    1  4.59177E+11 0.03780 
   26   26    1    1    1    1    1    1    1    1  1.02820E+12 0.02038 
   27   27    1    1    1    1    1    1    1    1  2.23214E+12 0.01778 
   28   28    1    1    1    1    1    1    1    1  4.80318E+12 0.01084 
   29   29    1    1    1    1    1    1    1    1  8.16236E+12 0.00885 
   30   30    1    1    1    1    1    1    1    1  1.72651E+13 0.00439 
   31   31    1    1    1    1    1    1    1    1  3.95962E+13 0.00511 
   32   32    1    1    1    1    1    1    1    1  6.11749E+13 0.00396 
   33   33    1    1    1    1    1    1    1    1  1.27208E+14 0.00267 
   34   34    1    1    1    1    1    1    1    1  1.61741E+14 0.00167 
   35   35    1    1    1    1    1    1    1    1  1.69928E+14 0.00150 
   36   36    1    1    1    1    1    1    1    1  1.02253E+14 0.00172 
   37   37    1    1    1    1    1    1    1    1  2.99479E+13 0.00178 
   38   38    1    1    1    1    1    1    1    1  1.72474E+14 0.00157 
   39   39    1    1    1    1    1    1    1    1  2.29138E+14 0.00172 
   40   40    1    1    1    1    1    1    1    1  3.88780E+14 0.00118 
   41   41    1    1    1    1    1    1    1    1  3.75164E+14 0.00135 
   42   42    1    1    1    1    1    1    1    1  8.10516E+14 0.00101 
   43   43    1    1    1    1    1    1    1    1  9.69033E+14 0.00074 
   44   44    1    1    1    1    1    1    1    1  1.38032E+15 0.00050 
   45   45    1    1    1    1    1    1    1    1  2.70144E+15 0.00050 
   46   46    1    1    1    1    1    1    1    1  1.20392E+15 0.00071 
   47   47    1    1    1    1    1    1    1    1  1.90868E+15 0.00069 
   48   48    1    1    1    1    1    1    1    1  2.61257E+15 0.00061 
   49   49    1    1    1    1    1    1    1    1  2.54233E+15 0.00066 
   50   50    1    1    1    1    1    1    1    1  3.95669E+15 0.00060 
   51   51    1    1    1    1    1    1    1    1  3.04625E+15 0.00030 
   52   52    1    1    1    1    1    1    1    1  3.66413E+15 0.00060 
   53   53    1    1    1    1    1    1    1    1  2.49465E+15 0.00068 
   54   54    1    1    1    1    1    1    1    1  3.08957E+15 0.00048 
   55   55    1    1    1    1    1    1    1    1  2.10328E+15 0.00066 
   56   56    1    1    1    1    1    1    1    1  2.83161E+14 0.00102 
   57   57    1    1    1    1    1    1    1    1  4.14101E+15 0.00067 
   58   58    1    1    1    1    1    1    1    1  1.88190E+15 0.00074 
   59   59    1    1    1    1    1    1    1    1  1.97367E+15 0.00063 
   60   60    1    1    1    1    1    1    1    1  1.55790E+15 0.00071 
   61   61    1    1    1    1    1    1    1    1  1.54967E+15 0.00049 
   62   62    1    1    1    1    1    1    1    1  1.61238E+15 0.00079 
   63   63    1    1    1    1    1    1    1    1  1.35639E+15 0.00078 
   64   64    1    1    1    1    1    1    1    1  1.07398E+15 0.00061 
   65   65    1    1    1    1    1    1    1    1  1.06464E+15 0.00088 
   66   66    1    1    1    1    1    1    1    1  7.63130E+14 0.00087 
   67   67    1    1    1    1    1    1    1    1  6.14556E+14 0.00077 
   68   68    1    1    1    1    1    1    1    1  5.48317E+14 0.00087 
   69   69    1    1    1    1    1    1    1    1  6.54674E+14 0.00130 
   70   70    1    1    1    1    1    1    1    1  5.52571E+14 0.00166 
   71   71    1    1    1    1    1    1    1    1  9.83429E+14 0.00102 
   72   72    1    1    1    1    1    1    1    1  6.87369E+14 0.00091 
   73   73    1    1    1    1    1    1    1    1  5.17492E+14 0.00158 
   74   74    1    1    1    1    1    1    1    1  4.19258E+14 0.00130 
   75   75    1    1    1    1    1    1    1    1  3.52833E+14 0.00171 
   76   76    1    1    1    1    1    1    1    1  4.13908E+14 0.00100 
   77   77    1    1    1    1    1    1    1    1  3.31933E+14 0.00138 
   78   78    1    1    1    1    1    1    1    1  2.66484E+14 0.00121 
   79   79    1    1    1    1    1    1    1    1  2.76161E+14 0.00148 
   80   80    1    1    1    1    1    1    1    1  2.04987E+14 0.00191 
   81   81    1    1    1    1    1    1    1    1  1.58094E+14 0.00185 
   82   82    1    1    1    1    1    1    1    1  1.21120E+14 0.00168 
   83   83    1    1    1    1    1    1    1    1  1.13322E+14 0.00196 
   84   84    1    1    1    1    1    1    1    1  8.15976E+13 0.00181 
   85   85    1    1    1    1    1    1    1    1  5.85618E+13 0.00381 
   86   86    1    1    1    1    1    1    1    1  5.48157E+13 0.00372 
   87   87    1    1    1    1    1    1    1    1  3.32871E+13 0.00408 
   88   88    1    1    1    1    1    1    1    1  2.23430E+13 0.00507 
   89   89    1    1    1    1    1    1    1    1  1.27310E+13 0.00584 
   90   90    1    1    1    1    1    1    1    1  8.26021E+12 0.00635 
   91   91    1    1    1    1    1    1    1    1  4.16526E+12 0.00902 
   92   92    1    1    1    1    1    1    1    1  2.03598E+12 0.01133 
   93   93    1    1    1    1    1    1    1    1  9.43401E+11 0.01895 
   94   94    1    1    1    1    1    1    1    1  4.62363E+11 0.03415 
   95   95    1    1    1    1    1    1    1    1  2.26413E+11 0.05730 
   96   96    1    1    1    1    1    1    1    1  1.01999E+11 0.04598 
   97   97    1    1    1    1    1    1    1    1  4.39251E+10 0.10077 
   98   98    1    1    1    1    1    1    1    1  2.70732E+10 0.16112 
   99   99    1    1    1    1    1    1    1    1  9.79440E+09 0.24136 
  100  100    1    1    1    1    1    1    1    1  5.57210E+09 0.25302 
];


