
DETdpaspec = [
    1    1    1    1    1    1    1    1    1    1  0.00000E+00 0.00000 
    2    2    1    1    1    1    1    1    1    1  0.00000E+00 0.00000 
    3    3    1    1    1    1    1    1    1    1  0.00000E+00 0.00000 
    4    4    1    1    1    1    1    1    1    1  0.00000E+00 0.00000 
    5    5    1    1    1    1    1    1    1    1  8.84460E+06 1.00000 
    6    6    1    1    1    1    1    1    1    1  0.00000E+00 0.00000 
    7    7    1    1    1    1    1    1    1    1  0.00000E+00 0.00000 
    8    8    1    1    1    1    1    1    1    1  0.00000E+00 0.00000 
    9    9    1    1    1    1    1    1    1    1  0.00000E+00 0.00000 
   10   10    1    1    1    1    1    1    1    1  1.14552E+08 0.55640 
   11   11    1    1    1    1    1    1    1    1  3.00343E+08 0.73354 
   12   12    1    1    1    1    1    1    1    1  2.96456E+07 0.92800 
   13   13    1    1    1    1    1    1    1    1  1.72764E+09 0.43613 
   14   14    1    1    1    1    1    1    1    1  3.16012E+09 0.37883 
   15   15    1    1    1    1    1    1    1    1  4.18773E+09 0.39959 
   16   16    1    1    1    1    1    1    1    1  1.00493E+09 0.34718 
   17   17    1    1    1    1    1    1    1    1  3.10580E+09 0.22357 
   18   18    1    1    1    1    1    1    1    1  4.83046E+09 0.22628 
   19   19    1    1    1    1    1    1    1    1  7.25567E+09 0.19568 
   20   20    1    1    1    1    1    1    1    1  2.43527E+10 0.12664 
   21   21    1    1    1    1    1    1    1    1  1.75887E+10 0.12026 
   22   22    1    1    1    1    1    1    1    1  4.30123E+10 0.06461 
   23   23    1    1    1    1    1    1    1    1  6.63599E+10 0.06418 
   24   24    1    1    1    1    1    1    1    1  9.80539E+10 0.06782 
   25   25    1    1    1    1    1    1    1    1  1.18999E+11 0.06001 
   26   26    1    1    1    1    1    1    1    1  1.78351E+11 0.04641 
   27   27    1    1    1    1    1    1    1    1  3.18200E+11 0.03319 
   28   28    1    1    1    1    1    1    1    1  5.93135E+11 0.02624 
   29   29    1    1    1    1    1    1    1    1  8.77849E+11 0.01902 
   30   30    1    1    1    1    1    1    1    1  2.65310E+12 0.01078 
   31   31    1    1    1    1    1    1    1    1  8.34440E+12 0.00921 
   32   32    1    1    1    1    1    1    1    1  1.60024E+13 0.00726 
   33   33    1    1    1    1    1    1    1    1  3.72945E+13 0.00477 
   34   34    1    1    1    1    1    1    1    1  5.11671E+13 0.00453 
   35   35    1    1    1    1    1    1    1    1  7.17169E+13 0.00283 
   36   36    1    1    1    1    1    1    1    1  4.97783E+13 0.00257 
   37   37    1    1    1    1    1    1    1    1  1.56162E+13 0.00283 
   38   38    1    1    1    1    1    1    1    1  8.58363E+13 0.00250 
   39   39    1    1    1    1    1    1    1    1  1.15627E+14 0.00218 
   40   40    1    1    1    1    1    1    1    1  1.97203E+14 0.00222 
   41   41    1    1    1    1    1    1    1    1  2.04472E+14 0.00140 
   42   42    1    1    1    1    1    1    1    1  4.31009E+14 0.00158 
   43   43    1    1    1    1    1    1    1    1  5.22734E+14 0.00124 
   44   44    1    1    1    1    1    1    1    1  7.57281E+14 0.00143 
   45   45    1    1    1    1    1    1    1    1  1.48978E+15 0.00080 
   46   46    1    1    1    1    1    1    1    1  7.02436E+14 0.00089 
   47   47    1    1    1    1    1    1    1    1  1.14478E+15 0.00118 
   48   48    1    1    1    1    1    1    1    1  1.59696E+15 0.00092 
   49   49    1    1    1    1    1    1    1    1  1.59282E+15 0.00081 
   50   50    1    1    1    1    1    1    1    1  2.45674E+15 0.00076 
   51   51    1    1    1    1    1    1    1    1  1.98653E+15 0.00080 
   52   52    1    1    1    1    1    1    1    1  2.32692E+15 0.00100 
   53   53    1    1    1    1    1    1    1    1  1.62387E+15 0.00095 
   54   54    1    1    1    1    1    1    1    1  1.95546E+15 0.00121 
   55   55    1    1    1    1    1    1    1    1  1.35018E+15 0.00108 
   56   56    1    1    1    1    1    1    1    1  1.84942E+14 0.00142 
   57   57    1    1    1    1    1    1    1    1  2.69295E+15 0.00114 
   58   58    1    1    1    1    1    1    1    1  1.17413E+15 0.00113 
   59   59    1    1    1    1    1    1    1    1  1.25606E+15 0.00113 
   60   60    1    1    1    1    1    1    1    1  9.62056E+14 0.00091 
   61   61    1    1    1    1    1    1    1    1  9.67373E+14 0.00106 
   62   62    1    1    1    1    1    1    1    1  1.00514E+15 0.00105 
   63   63    1    1    1    1    1    1    1    1  8.42221E+14 0.00132 
   64   64    1    1    1    1    1    1    1    1  6.71625E+14 0.00138 
   65   65    1    1    1    1    1    1    1    1  6.65464E+14 0.00100 
   66   66    1    1    1    1    1    1    1    1  4.77966E+14 0.00115 
   67   67    1    1    1    1    1    1    1    1  3.91531E+14 0.00108 
   68   68    1    1    1    1    1    1    1    1  3.53046E+14 0.00133 
   69   69    1    1    1    1    1    1    1    1  4.22314E+14 0.00129 
   70   70    1    1    1    1    1    1    1    1  3.61184E+14 0.00103 
   71   71    1    1    1    1    1    1    1    1  6.64594E+14 0.00152 
   72   72    1    1    1    1    1    1    1    1  4.71797E+14 0.00157 
   73   73    1    1    1    1    1    1    1    1  3.53777E+14 0.00119 
   74   74    1    1    1    1    1    1    1    1  2.80946E+14 0.00198 
   75   75    1    1    1    1    1    1    1    1  2.30597E+14 0.00194 
   76   76    1    1    1    1    1    1    1    1  2.63885E+14 0.00190 
   77   77    1    1    1    1    1    1    1    1  2.05817E+14 0.00216 
   78   78    1    1    1    1    1    1    1    1  1.61703E+14 0.00217 
   79   79    1    1    1    1    1    1    1    1  1.66198E+14 0.00234 
   80   80    1    1    1    1    1    1    1    1  1.22447E+14 0.00248 
   81   81    1    1    1    1    1    1    1    1  9.42149E+13 0.00313 
   82   82    1    1    1    1    1    1    1    1  7.19977E+13 0.00340 
   83   83    1    1    1    1    1    1    1    1  6.71579E+13 0.00195 
   84   84    1    1    1    1    1    1    1    1  4.83910E+13 0.00341 
   85   85    1    1    1    1    1    1    1    1  3.46772E+13 0.00529 
   86   86    1    1    1    1    1    1    1    1  3.26247E+13 0.00537 
   87   87    1    1    1    1    1    1    1    1  2.01077E+13 0.00542 
   88   88    1    1    1    1    1    1    1    1  1.36087E+13 0.00633 
   89   89    1    1    1    1    1    1    1    1  7.90233E+12 0.00760 
   90   90    1    1    1    1    1    1    1    1  5.21118E+12 0.00881 
   91   91    1    1    1    1    1    1    1    1  2.65470E+12 0.01923 
   92   92    1    1    1    1    1    1    1    1  1.28350E+12 0.01718 
   93   93    1    1    1    1    1    1    1    1  6.33887E+11 0.02356 
   94   94    1    1    1    1    1    1    1    1  2.91512E+11 0.04145 
   95   95    1    1    1    1    1    1    1    1  1.46539E+11 0.06369 
   96   96    1    1    1    1    1    1    1    1  6.58291E+10 0.06876 
   97   97    1    1    1    1    1    1    1    1  3.76736E+10 0.09743 
   98   98    1    1    1    1    1    1    1    1  1.49801E+10 0.16014 
   99   99    1    1    1    1    1    1    1    1  9.14655E+09 0.21036 
  100  100    1    1    1    1    1    1    1    1  9.60743E+09 0.28317 
];


