
DETdpaspec = [
    1    1    1    1    1    1    1    1    1    1  0.00000E+00 0.00000 
    2    2    1    1    1    1    1    1    1    1  0.00000E+00 0.00000 
    3    3    1    1    1    1    1    1    1    1  0.00000E+00 0.00000 
    4    4    1    1    1    1    1    1    1    1  0.00000E+00 0.00000 
    5    5    1    1    1    1    1    1    1    1  0.00000E+00 0.00000 
    6    6    1    1    1    1    1    1    1    1  7.81484E+06 1.00000 
    7    7    1    1    1    1    1    1    1    1  1.59241E+07 1.00000 
    8    8    1    1    1    1    1    1    1    1  8.88172E+06 1.00000 
    9    9    1    1    1    1    1    1    1    1  7.39290E+06 1.00000 
   10   10    1    1    1    1    1    1    1    1  3.69259E+07 1.00000 
   11   11    1    1    1    1    1    1    1    1  5.44297E+07 1.00000 
   12   12    1    1    1    1    1    1    1    1  2.72996E+07 1.00000 
   13   13    1    1    1    1    1    1    1    1  3.02605E+08 0.49260 
   14   14    1    1    1    1    1    1    1    1  2.67512E+09 0.47785 
   15   15    1    1    1    1    1    1    1    1  2.61217E+09 0.44023 
   16   16    1    1    1    1    1    1    1    1  1.23652E+09 0.28006 
   17   17    1    1    1    1    1    1    1    1  1.87793E+09 0.31157 
   18   18    1    1    1    1    1    1    1    1  8.02156E+09 0.16899 
   19   19    1    1    1    1    1    1    1    1  6.03629E+09 0.19734 
   20   20    1    1    1    1    1    1    1    1  1.97181E+10 0.15224 
   21   21    1    1    1    1    1    1    1    1  1.94218E+10 0.12327 
   22   22    1    1    1    1    1    1    1    1  3.77995E+10 0.09652 
   23   23    1    1    1    1    1    1    1    1  5.76588E+10 0.08082 
   24   24    1    1    1    1    1    1    1    1  8.62278E+10 0.06421 
   25   25    1    1    1    1    1    1    1    1  1.04778E+11 0.07740 
   26   26    1    1    1    1    1    1    1    1  1.76377E+11 0.05946 
   27   27    1    1    1    1    1    1    1    1  3.09091E+11 0.03797 
   28   28    1    1    1    1    1    1    1    1  6.48769E+11 0.02490 
   29   29    1    1    1    1    1    1    1    1  9.33140E+11 0.02288 
   30   30    1    1    1    1    1    1    1    1  2.77922E+12 0.01177 
   31   31    1    1    1    1    1    1    1    1  8.94833E+12 0.00642 
   32   32    1    1    1    1    1    1    1    1  1.71905E+13 0.00506 
   33   33    1    1    1    1    1    1    1    1  4.06687E+13 0.00429 
   34   34    1    1    1    1    1    1    1    1  5.68596E+13 0.00423 
   35   35    1    1    1    1    1    1    1    1  7.75792E+13 0.00295 
   36   36    1    1    1    1    1    1    1    1  5.34213E+13 0.00281 
   37   37    1    1    1    1    1    1    1    1  1.66148E+13 0.00260 
   38   38    1    1    1    1    1    1    1    1  9.24576E+13 0.00262 
   39   39    1    1    1    1    1    1    1    1  1.25098E+14 0.00265 
   40   40    1    1    1    1    1    1    1    1  2.13964E+14 0.00232 
   41   41    1    1    1    1    1    1    1    1  2.20111E+14 0.00225 
   42   42    1    1    1    1    1    1    1    1  4.69160E+14 0.00172 
   43   43    1    1    1    1    1    1    1    1  5.72216E+14 0.00125 
   44   44    1    1    1    1    1    1    1    1  8.32834E+14 0.00105 
   45   45    1    1    1    1    1    1    1    1  1.65491E+15 0.00083 
   46   46    1    1    1    1    1    1    1    1  7.78934E+14 0.00111 
   47   47    1    1    1    1    1    1    1    1  1.26680E+15 0.00105 
   48   48    1    1    1    1    1    1    1    1  1.77507E+15 0.00110 
   49   49    1    1    1    1    1    1    1    1  1.77130E+15 0.00101 
   50   50    1    1    1    1    1    1    1    1  2.75235E+15 0.00089 
   51   51    1    1    1    1    1    1    1    1  2.21954E+15 0.00078 
   52   52    1    1    1    1    1    1    1    1  2.62223E+15 0.00084 
   53   53    1    1    1    1    1    1    1    1  1.83017E+15 0.00089 
   54   54    1    1    1    1    1    1    1    1  2.21912E+15 0.00108 
   55   55    1    1    1    1    1    1    1    1  1.53278E+15 0.00109 
   56   56    1    1    1    1    1    1    1    1  2.09025E+14 0.00115 
   57   57    1    1    1    1    1    1    1    1  3.05442E+15 0.00099 
   58   58    1    1    1    1    1    1    1    1  1.34513E+15 0.00127 
   59   59    1    1    1    1    1    1    1    1  1.43920E+15 0.00103 
   60   60    1    1    1    1    1    1    1    1  1.10874E+15 0.00085 
   61   61    1    1    1    1    1    1    1    1  1.11557E+15 0.00110 
   62   62    1    1    1    1    1    1    1    1  1.16248E+15 0.00126 
   63   63    1    1    1    1    1    1    1    1  9.76899E+14 0.00121 
   64   64    1    1    1    1    1    1    1    1  7.77511E+14 0.00112 
   65   65    1    1    1    1    1    1    1    1  7.72952E+14 0.00110 
   66   66    1    1    1    1    1    1    1    1  5.55874E+14 0.00101 
   67   67    1    1    1    1    1    1    1    1  4.54532E+14 0.00110 
   68   68    1    1    1    1    1    1    1    1  4.08622E+14 0.00137 
   69   69    1    1    1    1    1    1    1    1  4.90107E+14 0.00137 
   70   70    1    1    1    1    1    1    1    1  4.17900E+14 0.00143 
   71   71    1    1    1    1    1    1    1    1  7.66536E+14 0.00119 
   72   72    1    1    1    1    1    1    1    1  5.44884E+14 0.00153 
   73   73    1    1    1    1    1    1    1    1  4.08620E+14 0.00150 
   74   74    1    1    1    1    1    1    1    1  3.26299E+14 0.00153 
   75   75    1    1    1    1    1    1    1    1  2.68727E+14 0.00172 
   76   76    1    1    1    1    1    1    1    1  3.09383E+14 0.00152 
   77   77    1    1    1    1    1    1    1    1  2.42537E+14 0.00175 
   78   78    1    1    1    1    1    1    1    1  1.92322E+14 0.00178 
   79   79    1    1    1    1    1    1    1    1  1.97800E+14 0.00182 
   80   80    1    1    1    1    1    1    1    1  1.46445E+14 0.00173 
   81   81    1    1    1    1    1    1    1    1  1.12854E+14 0.00183 
   82   82    1    1    1    1    1    1    1    1  8.61454E+13 0.00299 
   83   83    1    1    1    1    1    1    1    1  8.03970E+13 0.00340 
   84   84    1    1    1    1    1    1    1    1  5.79663E+13 0.00330 
   85   85    1    1    1    1    1    1    1    1  4.17982E+13 0.00359 
   86   86    1    1    1    1    1    1    1    1  3.91392E+13 0.00248 
   87   87    1    1    1    1    1    1    1    1  2.40607E+13 0.00444 
   88   88    1    1    1    1    1    1    1    1  1.64698E+13 0.00652 
   89   89    1    1    1    1    1    1    1    1  9.34215E+12 0.00658 
   90   90    1    1    1    1    1    1    1    1  6.28265E+12 0.00858 
   91   91    1    1    1    1    1    1    1    1  3.15382E+12 0.01108 
   92   92    1    1    1    1    1    1    1    1  1.53920E+12 0.02072 
   93   93    1    1    1    1    1    1    1    1  7.37720E+11 0.02812 
   94   94    1    1    1    1    1    1    1    1  3.52476E+11 0.04158 
   95   95    1    1    1    1    1    1    1    1  1.84734E+11 0.06752 
   96   96    1    1    1    1    1    1    1    1  8.14840E+10 0.10152 
   97   97    1    1    1    1    1    1    1    1  3.85989E+10 0.11910 
   98   98    1    1    1    1    1    1    1    1  2.04966E+10 0.17574 
   99   99    1    1    1    1    1    1    1    1  1.00986E+10 0.20382 
  100  100    1    1    1    1    1    1    1    1  6.78254E+09 0.25764 
];


