
DETdpaspec = [
    1    1    1    1    1    1    1    1    1    1  0.00000E+00 0.00000 
    2    2    1    1    1    1    1    1    1    1  0.00000E+00 0.00000 
    3    3    1    1    1    1    1    1    1    1  0.00000E+00 0.00000 
    4    4    1    1    1    1    1    1    1    1  0.00000E+00 0.00000 
    5    5    1    1    1    1    1    1    1    1  0.00000E+00 0.00000 
    6    6    1    1    1    1    1    1    1    1  0.00000E+00 0.00000 
    7    7    1    1    1    1    1    1    1    1  0.00000E+00 0.00000 
    8    8    1    1    1    1    1    1    1    1  0.00000E+00 0.00000 
    9    9    1    1    1    1    1    1    1    1  0.00000E+00 0.00000 
   10   10    1    1    1    1    1    1    1    1  2.78287E+07 1.00000 
   11   11    1    1    1    1    1    1    1    1  9.44427E+07 0.69042 
   12   12    1    1    1    1    1    1    1    1  4.45852E+07 0.57200 
   13   13    1    1    1    1    1    1    1    1  8.67398E+08 0.66588 
   14   14    1    1    1    1    1    1    1    1  2.55236E+09 0.34999 
   15   15    1    1    1    1    1    1    1    1  1.79691E+09 0.31463 
   16   16    1    1    1    1    1    1    1    1  1.09152E+09 0.54742 
   17   17    1    1    1    1    1    1    1    1  1.65213E+09 0.26591 
   18   18    1    1    1    1    1    1    1    1  5.49046E+09 0.21257 
   19   19    1    1    1    1    1    1    1    1  6.09623E+09 0.23169 
   20   20    1    1    1    1    1    1    1    1  2.76029E+10 0.16715 
   21   21    1    1    1    1    1    1    1    1  1.94802E+10 0.08344 
   22   22    1    1    1    1    1    1    1    1  4.53881E+10 0.08642 
   23   23    1    1    1    1    1    1    1    1  6.18779E+10 0.05647 
   24   24    1    1    1    1    1    1    1    1  9.90308E+10 0.05600 
   25   25    1    1    1    1    1    1    1    1  1.18542E+11 0.04613 
   26   26    1    1    1    1    1    1    1    1  1.88222E+11 0.06509 
   27   27    1    1    1    1    1    1    1    1  2.98760E+11 0.04895 
   28   28    1    1    1    1    1    1    1    1  5.76817E+11 0.02681 
   29   29    1    1    1    1    1    1    1    1  8.21526E+11 0.02355 
   30   30    1    1    1    1    1    1    1    1  2.59671E+12 0.01525 
   31   31    1    1    1    1    1    1    1    1  8.04808E+12 0.01049 
   32   32    1    1    1    1    1    1    1    1  1.50391E+13 0.00668 
   33   33    1    1    1    1    1    1    1    1  3.38460E+13 0.00468 
   34   34    1    1    1    1    1    1    1    1  4.51758E+13 0.00295 
   35   35    1    1    1    1    1    1    1    1  6.55786E+13 0.00282 
   36   36    1    1    1    1    1    1    1    1  4.59106E+13 0.00178 
   37   37    1    1    1    1    1    1    1    1  1.45943E+13 0.00228 
   38   38    1    1    1    1    1    1    1    1  7.86004E+13 0.00174 
   39   39    1    1    1    1    1    1    1    1  1.05511E+14 0.00202 
   40   40    1    1    1    1    1    1    1    1  1.76965E+14 0.00172 
   41   41    1    1    1    1    1    1    1    1  1.84899E+14 0.00135 
   42   42    1    1    1    1    1    1    1    1  3.81897E+14 0.00145 
   43   43    1    1    1    1    1    1    1    1  4.59300E+14 0.00166 
   44   44    1    1    1    1    1    1    1    1  6.58981E+14 0.00124 
   45   45    1    1    1    1    1    1    1    1  1.27287E+15 0.00121 
   46   46    1    1    1    1    1    1    1    1  6.00759E+14 0.00147 
   47   47    1    1    1    1    1    1    1    1  9.79956E+14 0.00126 
   48   48    1    1    1    1    1    1    1    1  1.35973E+15 0.00115 
   49   49    1    1    1    1    1    1    1    1  1.35459E+15 0.00112 
   50   50    1    1    1    1    1    1    1    1  2.06190E+15 0.00102 
   51   51    1    1    1    1    1    1    1    1  1.67616E+15 0.00124 
   52   52    1    1    1    1    1    1    1    1  1.93226E+15 0.00126 
   53   53    1    1    1    1    1    1    1    1  1.34953E+15 0.00132 
   54   54    1    1    1    1    1    1    1    1  1.60378E+15 0.00130 
   55   55    1    1    1    1    1    1    1    1  1.11043E+15 0.00137 
   56   56    1    1    1    1    1    1    1    1  1.52393E+14 0.00150 
   57   57    1    1    1    1    1    1    1    1  2.20837E+15 0.00121 
   58   58    1    1    1    1    1    1    1    1  9.49380E+14 0.00137 
   59   59    1    1    1    1    1    1    1    1  1.01568E+15 0.00129 
   60   60    1    1    1    1    1    1    1    1  7.70714E+14 0.00120 
   61   61    1    1    1    1    1    1    1    1  7.76939E+14 0.00133 
   62   62    1    1    1    1    1    1    1    1  8.03715E+14 0.00130 
   63   63    1    1    1    1    1    1    1    1  6.70205E+14 0.00160 
   64   64    1    1    1    1    1    1    1    1  5.32912E+14 0.00149 
   65   65    1    1    1    1    1    1    1    1  5.27596E+14 0.00151 
   66   66    1    1    1    1    1    1    1    1  3.78503E+14 0.00122 
   67   67    1    1    1    1    1    1    1    1  3.10786E+14 0.00193 
   68   68    1    1    1    1    1    1    1    1  2.80347E+14 0.00175 
   69   69    1    1    1    1    1    1    1    1  3.36047E+14 0.00182 
   70   70    1    1    1    1    1    1    1    1  2.86854E+14 0.00180 
   71   71    1    1    1    1    1    1    1    1  5.32632E+14 0.00173 
   72   72    1    1    1    1    1    1    1    1  3.77679E+14 0.00198 
   73   73    1    1    1    1    1    1    1    1  2.83218E+14 0.00244 
   74   74    1    1    1    1    1    1    1    1  2.22511E+14 0.00253 
   75   75    1    1    1    1    1    1    1    1  1.80958E+14 0.00248 
   76   76    1    1    1    1    1    1    1    1  2.05432E+14 0.00208 
   77   77    1    1    1    1    1    1    1    1  1.59505E+14 0.00208 
   78   78    1    1    1    1    1    1    1    1  1.24499E+14 0.00230 
   79   79    1    1    1    1    1    1    1    1  1.27513E+14 0.00284 
   80   80    1    1    1    1    1    1    1    1  9.35896E+13 0.00258 
   81   81    1    1    1    1    1    1    1    1  7.11986E+13 0.00308 
   82   82    1    1    1    1    1    1    1    1  5.45003E+13 0.00341 
   83   83    1    1    1    1    1    1    1    1  5.11247E+13 0.00304 
   84   84    1    1    1    1    1    1    1    1  3.67181E+13 0.00403 
   85   85    1    1    1    1    1    1    1    1  2.62928E+13 0.00501 
   86   86    1    1    1    1    1    1    1    1  2.46097E+13 0.00511 
   87   87    1    1    1    1    1    1    1    1  1.51857E+13 0.00628 
   88   88    1    1    1    1    1    1    1    1  1.03039E+13 0.00619 
   89   89    1    1    1    1    1    1    1    1  6.15271E+12 0.01063 
   90   90    1    1    1    1    1    1    1    1  4.08317E+12 0.01226 
   91   91    1    1    1    1    1    1    1    1  1.95162E+12 0.01687 
   92   92    1    1    1    1    1    1    1    1  9.82242E+11 0.02228 
   93   93    1    1    1    1    1    1    1    1  4.85165E+11 0.03811 
   94   94    1    1    1    1    1    1    1    1  2.19898E+11 0.04972 
   95   95    1    1    1    1    1    1    1    1  1.26545E+11 0.05458 
   96   96    1    1    1    1    1    1    1    1  5.03307E+10 0.09900 
   97   97    1    1    1    1    1    1    1    1  1.96983E+10 0.19093 
   98   98    1    1    1    1    1    1    1    1  1.21934E+10 0.19643 
   99   99    1    1    1    1    1    1    1    1  9.27572E+09 0.24469 
  100  100    1    1    1    1    1    1    1    1  3.89070E+09 0.38650 
];


