
DETdpaspec = [
    1    1    1    1    1    1    1    1    1    1  0.00000E+00 0.00000 
    2    2    1    1    1    1    1    1    1    1  0.00000E+00 0.00000 
    3    3    1    1    1    1    1    1    1    1  0.00000E+00 0.00000 
    4    4    1    1    1    1    1    1    1    1  0.00000E+00 0.00000 
    5    5    1    1    1    1    1    1    1    1  0.00000E+00 0.00000 
    6    6    1    1    1    1    1    1    1    1  0.00000E+00 0.00000 
    7    7    1    1    1    1    1    1    1    1  0.00000E+00 0.00000 
    8    8    1    1    1    1    1    1    1    1  0.00000E+00 0.00000 
    9    9    1    1    1    1    1    1    1    1  7.01820E+06 1.00000 
   10   10    1    1    1    1    1    1    1    1  6.72808E+07 1.00000 
   11   11    1    1    1    1    1    1    1    1  2.18460E+08 0.77758 
   12   12    1    1    1    1    1    1    1    1  2.32212E+07 0.70986 
   13   13    1    1    1    1    1    1    1    1  1.25608E+09 0.47709 
   14   14    1    1    1    1    1    1    1    1  2.17335E+09 0.46670 
   15   15    1    1    1    1    1    1    1    1  4.09765E+09 0.49620 
   16   16    1    1    1    1    1    1    1    1  6.27551E+08 0.47122 
   17   17    1    1    1    1    1    1    1    1  3.04249E+09 0.21934 
   18   18    1    1    1    1    1    1    1    1  4.43171E+09 0.24886 
   19   19    1    1    1    1    1    1    1    1  6.44648E+09 0.20047 
   20   20    1    1    1    1    1    1    1    1  1.52488E+10 0.15576 
   21   21    1    1    1    1    1    1    1    1  1.34601E+10 0.17979 
   22   22    1    1    1    1    1    1    1    1  3.32682E+10 0.12897 
   23   23    1    1    1    1    1    1    1    1  5.44093E+10 0.08082 
   24   24    1    1    1    1    1    1    1    1  8.91008E+10 0.05274 
   25   25    1    1    1    1    1    1    1    1  1.08458E+11 0.07084 
   26   26    1    1    1    1    1    1    1    1  1.83474E+11 0.05831 
   27   27    1    1    1    1    1    1    1    1  3.16964E+11 0.03461 
   28   28    1    1    1    1    1    1    1    1  6.91027E+11 0.02896 
   29   29    1    1    1    1    1    1    1    1  1.09336E+12 0.02435 
   30   30    1    1    1    1    1    1    1    1  3.10253E+12 0.01769 
   31   31    1    1    1    1    1    1    1    1  9.89051E+12 0.00515 
   32   32    1    1    1    1    1    1    1    1  1.88397E+13 0.00509 
   33   33    1    1    1    1    1    1    1    1  4.52351E+13 0.00364 
   34   34    1    1    1    1    1    1    1    1  6.36546E+13 0.00387 
   35   35    1    1    1    1    1    1    1    1  8.41526E+13 0.00231 
   36   36    1    1    1    1    1    1    1    1  5.72354E+13 0.00204 
   37   37    1    1    1    1    1    1    1    1  1.76551E+13 0.00230 
   38   38    1    1    1    1    1    1    1    1  9.89709E+13 0.00209 
   39   39    1    1    1    1    1    1    1    1  1.34558E+14 0.00182 
   40   40    1    1    1    1    1    1    1    1  2.31945E+14 0.00138 
   41   41    1    1    1    1    1    1    1    1  2.36226E+14 0.00145 
   42   42    1    1    1    1    1    1    1    1  5.07845E+14 0.00122 
   43   43    1    1    1    1    1    1    1    1  6.21926E+14 0.00110 
   44   44    1    1    1    1    1    1    1    1  9.08470E+14 0.00092 
   45   45    1    1    1    1    1    1    1    1  1.81958E+15 0.00110 
   46   46    1    1    1    1    1    1    1    1  8.54777E+14 0.00094 
   47   47    1    1    1    1    1    1    1    1  1.38710E+15 0.00092 
   48   48    1    1    1    1    1    1    1    1  1.94598E+15 0.00085 
   49   49    1    1    1    1    1    1    1    1  1.93860E+15 0.00076 
   50   50    1    1    1    1    1    1    1    1  3.03177E+15 0.00083 
   51   51    1    1    1    1    1    1    1    1  2.43567E+15 0.00103 
   52   52    1    1    1    1    1    1    1    1  2.89994E+15 0.00091 
   53   53    1    1    1    1    1    1    1    1  2.02131E+15 0.00075 
   54   54    1    1    1    1    1    1    1    1  2.47135E+15 0.00069 
   55   55    1    1    1    1    1    1    1    1  1.70562E+15 0.00069 
   56   56    1    1    1    1    1    1    1    1  2.32070E+14 0.00120 
   57   57    1    1    1    1    1    1    1    1  3.40053E+15 0.00064 
   58   58    1    1    1    1    1    1    1    1  1.51379E+15 0.00088 
   59   59    1    1    1    1    1    1    1    1  1.61144E+15 0.00077 
   60   60    1    1    1    1    1    1    1    1  1.25280E+15 0.00108 
   61   61    1    1    1    1    1    1    1    1  1.25780E+15 0.00071 
   62   62    1    1    1    1    1    1    1    1  1.31203E+15 0.00097 
   63   63    1    1    1    1    1    1    1    1  1.10636E+15 0.00106 
   64   64    1    1    1    1    1    1    1    1  8.81333E+14 0.00118 
   65   65    1    1    1    1    1    1    1    1  8.76392E+14 0.00124 
   66   66    1    1    1    1    1    1    1    1  6.30530E+14 0.00118 
   67   67    1    1    1    1    1    1    1    1  5.13871E+14 0.00086 
   68   68    1    1    1    1    1    1    1    1  4.62093E+14 0.00090 
   69   69    1    1    1    1    1    1    1    1  5.55496E+14 0.00094 
   70   70    1    1    1    1    1    1    1    1  4.72987E+14 0.00124 
   71   71    1    1    1    1    1    1    1    1  8.62342E+14 0.00113 
   72   72    1    1    1    1    1    1    1    1  6.10760E+14 0.00117 
   73   73    1    1    1    1    1    1    1    1  4.58848E+14 0.00106 
   74   74    1    1    1    1    1    1    1    1  3.68477E+14 0.00141 
   75   75    1    1    1    1    1    1    1    1  3.05090E+14 0.00106 
   76   76    1    1    1    1    1    1    1    1  3.54023E+14 0.00154 
   77   77    1    1    1    1    1    1    1    1  2.79046E+14 0.00166 
   78   78    1    1    1    1    1    1    1    1  2.22234E+14 0.00177 
   79   79    1    1    1    1    1    1    1    1  2.28599E+14 0.00178 
   80   80    1    1    1    1    1    1    1    1  1.69532E+14 0.00162 
   81   81    1    1    1    1    1    1    1    1  1.30804E+14 0.00176 
   82   82    1    1    1    1    1    1    1    1  1.00698E+14 0.00250 
   83   83    1    1    1    1    1    1    1    1  9.37752E+13 0.00168 
   84   84    1    1    1    1    1    1    1    1  6.75084E+13 0.00322 
   85   85    1    1    1    1    1    1    1    1  4.88708E+13 0.00251 
   86   86    1    1    1    1    1    1    1    1  4.55243E+13 0.00340 
   87   87    1    1    1    1    1    1    1    1  2.79912E+13 0.00479 
   88   88    1    1    1    1    1    1    1    1  1.90188E+13 0.00582 
   89   89    1    1    1    1    1    1    1    1  1.09344E+13 0.00694 
   90   90    1    1    1    1    1    1    1    1  7.21451E+12 0.01034 
   91   91    1    1    1    1    1    1    1    1  3.74997E+12 0.01382 
   92   92    1    1    1    1    1    1    1    1  1.75901E+12 0.01791 
   93   93    1    1    1    1    1    1    1    1  8.44564E+11 0.02237 
   94   94    1    1    1    1    1    1    1    1  3.90385E+11 0.02859 
   95   95    1    1    1    1    1    1    1    1  1.87880E+11 0.05434 
   96   96    1    1    1    1    1    1    1    1  9.68624E+10 0.06491 
   97   97    1    1    1    1    1    1    1    1  3.98730E+10 0.13445 
   98   98    1    1    1    1    1    1    1    1  1.92592E+10 0.13907 
   99   99    1    1    1    1    1    1    1    1  1.37103E+10 0.22051 
  100  100    1    1    1    1    1    1    1    1  1.09984E+10 0.20992 
];


