
DETdpaspec = [
    1    1    1    1    1    1    1    1    1    1  0.00000E+00 0.00000 
    2    2    1    1    1    1    1    1    1    1  0.00000E+00 0.00000 
    3    3    1    1    1    1    1    1    1    1  0.00000E+00 0.00000 
    4    4    1    1    1    1    1    1    1    1  0.00000E+00 0.00000 
    5    5    1    1    1    1    1    1    1    1  0.00000E+00 0.00000 
    6    6    1    1    1    1    1    1    1    1  0.00000E+00 0.00000 
    7    7    1    1    1    1    1    1    1    1  0.00000E+00 0.00000 
    8    8    1    1    1    1    1    1    1    1  0.00000E+00 0.00000 
    9    9    1    1    1    1    1    1    1    1  1.45401E+07 0.68948 
   10   10    1    1    1    1    1    1    1    1  6.23184E+07 0.73136 
   11   11    1    1    1    1    1    1    1    1  0.00000E+00 0.00000 
   12   12    1    1    1    1    1    1    1    1  1.60696E+08 0.42482 
   13   13    1    1    1    1    1    1    1    1  1.08979E+09 0.57367 
   14   14    1    1    1    1    1    1    1    1  1.82023E+09 0.31754 
   15   15    1    1    1    1    1    1    1    1  3.41244E+09 0.27503 
   16   16    1    1    1    1    1    1    1    1  1.62331E+09 0.32486 
   17   17    1    1    1    1    1    1    1    1  2.34523E+09 0.23315 
   18   18    1    1    1    1    1    1    1    1  8.72645E+09 0.21484 
   19   19    1    1    1    1    1    1    1    1  8.02017E+09 0.20343 
   20   20    1    1    1    1    1    1    1    1  1.70405E+10 0.12866 
   21   21    1    1    1    1    1    1    1    1  1.28190E+10 0.12837 
   22   22    1    1    1    1    1    1    1    1  3.78808E+10 0.08693 
   23   23    1    1    1    1    1    1    1    1  6.33042E+10 0.07575 
   24   24    1    1    1    1    1    1    1    1  8.17921E+10 0.08120 
   25   25    1    1    1    1    1    1    1    1  1.21416E+11 0.06153 
   26   26    1    1    1    1    1    1    1    1  1.88190E+11 0.05032 
   27   27    1    1    1    1    1    1    1    1  3.21281E+11 0.03298 
   28   28    1    1    1    1    1    1    1    1  6.44456E+11 0.02013 
   29   29    1    1    1    1    1    1    1    1  9.50802E+11 0.01866 
   30   30    1    1    1    1    1    1    1    1  2.78245E+12 0.01658 
   31   31    1    1    1    1    1    1    1    1  8.69361E+12 0.01039 
   32   32    1    1    1    1    1    1    1    1  1.66102E+13 0.00624 
   33   33    1    1    1    1    1    1    1    1  3.91994E+13 0.00524 
   34   34    1    1    1    1    1    1    1    1  5.38597E+13 0.00285 
   35   35    1    1    1    1    1    1    1    1  7.48738E+13 0.00275 
   36   36    1    1    1    1    1    1    1    1  5.18689E+13 0.00229 
   37   37    1    1    1    1    1    1    1    1  1.61981E+13 0.00260 
   38   38    1    1    1    1    1    1    1    1  8.96667E+13 0.00243 
   39   39    1    1    1    1    1    1    1    1  1.20877E+14 0.00234 
   40   40    1    1    1    1    1    1    1    1  2.07185E+14 0.00208 
   41   41    1    1    1    1    1    1    1    1  2.13950E+14 0.00147 
   42   42    1    1    1    1    1    1    1    1  4.53061E+14 0.00123 
   43   43    1    1    1    1    1    1    1    1  5.51212E+14 0.00116 
   44   44    1    1    1    1    1    1    1    1  8.03336E+14 0.00136 
   45   45    1    1    1    1    1    1    1    1  1.59031E+15 0.00116 
   46   46    1    1    1    1    1    1    1    1  7.49800E+14 0.00110 
   47   47    1    1    1    1    1    1    1    1  1.22016E+15 0.00111 
   48   48    1    1    1    1    1    1    1    1  1.70563E+15 0.00110 
   49   49    1    1    1    1    1    1    1    1  1.70195E+15 0.00103 
   50   50    1    1    1    1    1    1    1    1  2.63640E+15 0.00097 
   51   51    1    1    1    1    1    1    1    1  2.13084E+15 0.00084 
   52   52    1    1    1    1    1    1    1    1  2.50681E+15 0.00097 
   53   53    1    1    1    1    1    1    1    1  1.74953E+15 0.00085 
   54   54    1    1    1    1    1    1    1    1  2.11529E+15 0.00088 
   55   55    1    1    1    1    1    1    1    1  1.46148E+15 0.00081 
   56   56    1    1    1    1    1    1    1    1  1.99145E+14 0.00120 
   57   57    1    1    1    1    1    1    1    1  2.91484E+15 0.00071 
   58   58    1    1    1    1    1    1    1    1  1.27745E+15 0.00093 
   59   59    1    1    1    1    1    1    1    1  1.36686E+15 0.00076 
   60   60    1    1    1    1    1    1    1    1  1.05165E+15 0.00100 
   61   61    1    1    1    1    1    1    1    1  1.05771E+15 0.00079 
   62   62    1    1    1    1    1    1    1    1  1.10169E+15 0.00077 
   63   63    1    1    1    1    1    1    1    1  9.24270E+14 0.00103 
   64   64    1    1    1    1    1    1    1    1  7.36245E+14 0.00105 
   65   65    1    1    1    1    1    1    1    1  7.30598E+14 0.00111 
   66   66    1    1    1    1    1    1    1    1  5.25688E+14 0.00121 
   67   67    1    1    1    1    1    1    1    1  4.29714E+14 0.00100 
   68   68    1    1    1    1    1    1    1    1  3.86727E+14 0.00144 
   69   69    1    1    1    1    1    1    1    1  4.63922E+14 0.00137 
   70   70    1    1    1    1    1    1    1    1  3.95311E+14 0.00130 
   71   71    1    1    1    1    1    1    1    1  7.26843E+14 0.00138 
   72   72    1    1    1    1    1    1    1    1  5.15143E+14 0.00138 
   73   73    1    1    1    1    1    1    1    1  3.86937E+14 0.00143 
   74   74    1    1    1    1    1    1    1    1  3.08660E+14 0.00173 
   75   75    1    1    1    1    1    1    1    1  2.53614E+14 0.00163 
   76   76    1    1    1    1    1    1    1    1  2.91495E+14 0.00184 
   77   77    1    1    1    1    1    1    1    1  2.27782E+14 0.00127 
   78   78    1    1    1    1    1    1    1    1  1.80859E+14 0.00177 
   79   79    1    1    1    1    1    1    1    1  1.85156E+14 0.00179 
   80   80    1    1    1    1    1    1    1    1  1.36346E+14 0.00191 
   81   81    1    1    1    1    1    1    1    1  1.04769E+14 0.00321 
   82   82    1    1    1    1    1    1    1    1  8.04731E+13 0.00265 
   83   83    1    1    1    1    1    1    1    1  7.52195E+13 0.00316 
   84   84    1    1    1    1    1    1    1    1  5.42475E+13 0.00365 
   85   85    1    1    1    1    1    1    1    1  3.89635E+13 0.00327 
   86   86    1    1    1    1    1    1    1    1  3.66739E+13 0.00401 
   87   87    1    1    1    1    1    1    1    1  2.25222E+13 0.00533 
   88   88    1    1    1    1    1    1    1    1  1.54205E+13 0.00500 
   89   89    1    1    1    1    1    1    1    1  8.69895E+12 0.00678 
   90   90    1    1    1    1    1    1    1    1  5.79679E+12 0.01082 
   91   91    1    1    1    1    1    1    1    1  3.00779E+12 0.01142 
   92   92    1    1    1    1    1    1    1    1  1.42520E+12 0.02035 
   93   93    1    1    1    1    1    1    1    1  6.68883E+11 0.02164 
   94   94    1    1    1    1    1    1    1    1  3.43557E+11 0.03655 
   95   95    1    1    1    1    1    1    1    1  1.50893E+11 0.05608 
   96   96    1    1    1    1    1    1    1    1  8.24839E+10 0.09434 
   97   97    1    1    1    1    1    1    1    1  4.27268E+10 0.11091 
   98   98    1    1    1    1    1    1    1    1  1.23565E+10 0.16890 
   99   99    1    1    1    1    1    1    1    1  1.09084E+10 0.21831 
  100  100    1    1    1    1    1    1    1    1  8.39616E+09 0.19977 
];


