
DETdpaspec = [
    1    1    1    1    1    1    1    1    1    1  0.00000E+00 0.00000 
    2    2    1    1    1    1    1    1    1    1  0.00000E+00 0.00000 
    3    3    1    1    1    1    1    1    1    1  0.00000E+00 0.00000 
    4    4    1    1    1    1    1    1    1    1  0.00000E+00 0.00000 
    5    5    1    1    1    1    1    1    1    1  0.00000E+00 0.00000 
    6    6    1    1    1    1    1    1    1    1  0.00000E+00 0.00000 
    7    7    1    1    1    1    1    1    1    1  0.00000E+00 0.00000 
    8    8    1    1    1    1    1    1    1    1  0.00000E+00 0.00000 
    9    9    1    1    1    1    1    1    1    1  1.63238E+07 1.00000 
   10   10    1    1    1    1    1    1    1    1  2.33320E+08 0.69092 
   11   11    1    1    1    1    1    1    1    1  1.04199E+08 0.68825 
   12   12    1    1    1    1    1    1    1    1  4.94420E+07 0.65072 
   13   13    1    1    1    1    1    1    1    1  8.72229E+08 0.53687 
   14   14    1    1    1    1    1    1    1    1  2.08845E+09 0.29185 
   15   15    1    1    1    1    1    1    1    1  3.17219E+09 0.31741 
   16   16    1    1    1    1    1    1    1    1  1.44786E+09 0.43239 
   17   17    1    1    1    1    1    1    1    1  1.63497E+09 0.29284 
   18   18    1    1    1    1    1    1    1    1  5.79948E+09 0.19754 
   19   19    1    1    1    1    1    1    1    1  7.84089E+09 0.17586 
   20   20    1    1    1    1    1    1    1    1  1.64065E+10 0.18603 
   21   21    1    1    1    1    1    1    1    1  1.34656E+10 0.11758 
   22   22    1    1    1    1    1    1    1    1  4.11949E+10 0.10307 
   23   23    1    1    1    1    1    1    1    1  5.34835E+10 0.07578 
   24   24    1    1    1    1    1    1    1    1  8.44468E+10 0.06369 
   25   25    1    1    1    1    1    1    1    1  1.13692E+11 0.04818 
   26   26    1    1    1    1    1    1    1    1  1.72653E+11 0.04442 
   27   27    1    1    1    1    1    1    1    1  3.23610E+11 0.03950 
   28   28    1    1    1    1    1    1    1    1  6.66495E+11 0.02020 
   29   29    1    1    1    1    1    1    1    1  9.67714E+11 0.02126 
   30   30    1    1    1    1    1    1    1    1  2.81846E+12 0.02022 
   31   31    1    1    1    1    1    1    1    1  9.24553E+12 0.00916 
   32   32    1    1    1    1    1    1    1    1  1.76684E+13 0.00804 
   33   33    1    1    1    1    1    1    1    1  4.24567E+13 0.00472 
   34   34    1    1    1    1    1    1    1    1  5.91370E+13 0.00241 
   35   35    1    1    1    1    1    1    1    1  8.01065E+13 0.00259 
   36   36    1    1    1    1    1    1    1    1  5.48601E+13 0.00273 
   37   37    1    1    1    1    1    1    1    1  1.69680E+13 0.00232 
   38   38    1    1    1    1    1    1    1    1  9.47009E+13 0.00208 
   39   39    1    1    1    1    1    1    1    1  1.28504E+14 0.00190 
   40   40    1    1    1    1    1    1    1    1  2.20397E+14 0.00177 
   41   41    1    1    1    1    1    1    1    1  2.26046E+14 0.00143 
   42   42    1    1    1    1    1    1    1    1  4.83213E+14 0.00119 
   43   43    1    1    1    1    1    1    1    1  5.90156E+14 0.00152 
   44   44    1    1    1    1    1    1    1    1  8.60300E+14 0.00158 
   45   45    1    1    1    1    1    1    1    1  1.71790E+15 0.00112 
   46   46    1    1    1    1    1    1    1    1  8.07711E+14 0.00115 
   47   47    1    1    1    1    1    1    1    1  1.31301E+15 0.00087 
   48   48    1    1    1    1    1    1    1    1  1.84038E+15 0.00067 
   49   49    1    1    1    1    1    1    1    1  1.83780E+15 0.00089 
   50   50    1    1    1    1    1    1    1    1  2.85997E+15 0.00070 
   51   51    1    1    1    1    1    1    1    1  2.30454E+15 0.00090 
   52   52    1    1    1    1    1    1    1    1  2.72889E+15 0.00069 
   53   53    1    1    1    1    1    1    1    1  1.90259E+15 0.00071 
   54   54    1    1    1    1    1    1    1    1  2.31661E+15 0.00093 
   55   55    1    1    1    1    1    1    1    1  1.59885E+15 0.00104 
   56   56    1    1    1    1    1    1    1    1  2.18161E+14 0.00132 
   57   57    1    1    1    1    1    1    1    1  3.18658E+15 0.00108 
   58   58    1    1    1    1    1    1    1    1  1.40972E+15 0.00131 
   59   59    1    1    1    1    1    1    1    1  1.50340E+15 0.00124 
   60   60    1    1    1    1    1    1    1    1  1.16429E+15 0.00132 
   61   61    1    1    1    1    1    1    1    1  1.17050E+15 0.00104 
   62   62    1    1    1    1    1    1    1    1  1.21982E+15 0.00110 
   63   63    1    1    1    1    1    1    1    1  1.02552E+15 0.00122 
   64   64    1    1    1    1    1    1    1    1  8.16581E+14 0.00113 
   65   65    1    1    1    1    1    1    1    1  8.12027E+14 0.00154 
   66   66    1    1    1    1    1    1    1    1  5.84389E+14 0.00127 
   67   67    1    1    1    1    1    1    1    1  4.77566E+14 0.00132 
   68   68    1    1    1    1    1    1    1    1  4.29391E+14 0.00168 
   69   69    1    1    1    1    1    1    1    1  5.14856E+14 0.00141 
   70   70    1    1    1    1    1    1    1    1  4.38423E+14 0.00109 
   71   71    1    1    1    1    1    1    1    1  8.03895E+14 0.00137 
   72   72    1    1    1    1    1    1    1    1  5.70277E+14 0.00158 
   73   73    1    1    1    1    1    1    1    1  4.28138E+14 0.00174 
   74   74    1    1    1    1    1    1    1    1  3.42559E+14 0.00157 
   75   75    1    1    1    1    1    1    1    1  2.82510E+14 0.00172 
   76   76    1    1    1    1    1    1    1    1  3.26453E+14 0.00118 
   77   77    1    1    1    1    1    1    1    1  2.56150E+14 0.00230 
   78   78    1    1    1    1    1    1    1    1  2.03837E+14 0.00182 
   79   79    1    1    1    1    1    1    1    1  2.09897E+14 0.00173 
   80   80    1    1    1    1    1    1    1    1  1.55163E+14 0.00168 
   81   81    1    1    1    1    1    1    1    1  1.19132E+14 0.00185 
   82   82    1    1    1    1    1    1    1    1  9.11655E+13 0.00298 
   83   83    1    1    1    1    1    1    1    1  8.55268E+13 0.00286 
   84   84    1    1    1    1    1    1    1    1  6.17033E+13 0.00239 
   85   85    1    1    1    1    1    1    1    1  4.42594E+13 0.00407 
   86   86    1    1    1    1    1    1    1    1  4.16049E+13 0.00357 
   87   87    1    1    1    1    1    1    1    1  2.56964E+13 0.00560 
   88   88    1    1    1    1    1    1    1    1  1.72153E+13 0.00516 
   89   89    1    1    1    1    1    1    1    1  9.87519E+12 0.00972 
   90   90    1    1    1    1    1    1    1    1  6.61986E+12 0.00943 
   91   91    1    1    1    1    1    1    1    1  3.26175E+12 0.01313 
   92   92    1    1    1    1    1    1    1    1  1.58247E+12 0.01495 
   93   93    1    1    1    1    1    1    1    1  7.78065E+11 0.03580 
   94   94    1    1    1    1    1    1    1    1  3.77690E+11 0.03741 
   95   95    1    1    1    1    1    1    1    1  1.87110E+11 0.06226 
   96   96    1    1    1    1    1    1    1    1  8.14875E+10 0.07184 
   97   97    1    1    1    1    1    1    1    1  4.93248E+10 0.09812 
   98   98    1    1    1    1    1    1    1    1  1.53794E+10 0.11687 
   99   99    1    1    1    1    1    1    1    1  1.03536E+10 0.20358 
  100  100    1    1    1    1    1    1    1    1  4.64073E+09 0.30759 
];


