
DETdpaspec = [
    1    1    1    1    1    1    1    1    1    1  0.00000E+00 0.00000 
    2    2    1    1    1    1    1    1    1    1  0.00000E+00 0.00000 
    3    3    1    1    1    1    1    1    1    1  0.00000E+00 0.00000 
    4    4    1    1    1    1    1    1    1    1  0.00000E+00 0.00000 
    5    5    1    1    1    1    1    1    1    1  7.39152E+06 1.00000 
    6    6    1    1    1    1    1    1    1    1  0.00000E+00 0.00000 
    7    7    1    1    1    1    1    1    1    1  0.00000E+00 0.00000 
    8    8    1    1    1    1    1    1    1    1  0.00000E+00 0.00000 
    9    9    1    1    1    1    1    1    1    1  0.00000E+00 0.00000 
   10   10    1    1    1    1    1    1    1    1  1.36374E+08 0.62389 
   11   11    1    1    1    1    1    1    1    1  0.00000E+00 0.00000 
   12   12    1    1    1    1    1    1    1    1  5.10992E+07 0.53681 
   13   13    1    1    1    1    1    1    1    1  5.35749E+08 1.00000 
   14   14    1    1    1    1    1    1    1    1  2.89706E+09 0.38169 
   15   15    1    1    1    1    1    1    1    1  4.24900E+09 0.31489 
   16   16    1    1    1    1    1    1    1    1  1.36260E+09 0.41129 
   17   17    1    1    1    1    1    1    1    1  1.33962E+09 0.30857 
   18   18    1    1    1    1    1    1    1    1  5.89386E+09 0.21167 
   19   19    1    1    1    1    1    1    1    1  5.45108E+09 0.19703 
   20   20    1    1    1    1    1    1    1    1  2.32399E+10 0.13215 
   21   21    1    1    1    1    1    1    1    1  1.91702E+10 0.09458 
   22   22    1    1    1    1    1    1    1    1  5.01996E+10 0.08583 
   23   23    1    1    1    1    1    1    1    1  6.32768E+10 0.09692 
   24   24    1    1    1    1    1    1    1    1  9.64362E+10 0.06845 
   25   25    1    1    1    1    1    1    1    1  1.29246E+11 0.06812 
   26   26    1    1    1    1    1    1    1    1  1.93887E+11 0.04285 
   27   27    1    1    1    1    1    1    1    1  3.47471E+11 0.04142 
   28   28    1    1    1    1    1    1    1    1  5.86168E+11 0.02855 
   29   29    1    1    1    1    1    1    1    1  8.13513E+11 0.02383 
   30   30    1    1    1    1    1    1    1    1  2.61744E+12 0.01631 
   31   31    1    1    1    1    1    1    1    1  8.12876E+12 0.00943 
   32   32    1    1    1    1    1    1    1    1  1.55348E+13 0.00575 
   33   33    1    1    1    1    1    1    1    1  3.48434E+13 0.00442 
   34   34    1    1    1    1    1    1    1    1  4.71295E+13 0.00382 
   35   35    1    1    1    1    1    1    1    1  6.74668E+13 0.00330 
   36   36    1    1    1    1    1    1    1    1  4.73401E+13 0.00307 
   37   37    1    1    1    1    1    1    1    1  1.49290E+13 0.00199 
   38   38    1    1    1    1    1    1    1    1  8.14390E+13 0.00227 
   39   39    1    1    1    1    1    1    1    1  1.09131E+14 0.00207 
   40   40    1    1    1    1    1    1    1    1  1.83622E+14 0.00143 
   41   41    1    1    1    1    1    1    1    1  1.91573E+14 0.00126 
   42   42    1    1    1    1    1    1    1    1  3.97893E+14 0.00135 
   43   43    1    1    1    1    1    1    1    1  4.78939E+14 0.00099 
   44   44    1    1    1    1    1    1    1    1  6.90406E+14 0.00105 
   45   45    1    1    1    1    1    1    1    1  1.33948E+15 0.00120 
   46   46    1    1    1    1    1    1    1    1  6.33039E+14 0.00119 
   47   47    1    1    1    1    1    1    1    1  1.03131E+15 0.00131 
   48   48    1    1    1    1    1    1    1    1  1.43306E+15 0.00121 
   49   49    1    1    1    1    1    1    1    1  1.42769E+15 0.00089 
   50   50    1    1    1    1    1    1    1    1  2.18281E+15 0.00095 
   51   51    1    1    1    1    1    1    1    1  1.77089E+15 0.00120 
   52   52    1    1    1    1    1    1    1    1  2.05365E+15 0.00114 
   53   53    1    1    1    1    1    1    1    1  1.43406E+15 0.00095 
   54   54    1    1    1    1    1    1    1    1  1.71081E+15 0.00091 
   55   55    1    1    1    1    1    1    1    1  1.18376E+15 0.00099 
   56   56    1    1    1    1    1    1    1    1  1.61926E+14 0.00132 
   57   57    1    1    1    1    1    1    1    1  2.35237E+15 0.00107 
   58   58    1    1    1    1    1    1    1    1  1.01392E+15 0.00116 
   59   59    1    1    1    1    1    1    1    1  1.08624E+15 0.00111 
   60   60    1    1    1    1    1    1    1    1  8.27247E+14 0.00102 
   61   61    1    1    1    1    1    1    1    1  8.33310E+14 0.00115 
   62   62    1    1    1    1    1    1    1    1  8.64555E+14 0.00157 
   63   63    1    1    1    1    1    1    1    1  7.21977E+14 0.00154 
   64   64    1    1    1    1    1    1    1    1  5.74757E+14 0.00147 
   65   65    1    1    1    1    1    1    1    1  5.68474E+14 0.00152 
   66   66    1    1    1    1    1    1    1    1  4.07985E+14 0.00150 
   67   67    1    1    1    1    1    1    1    1  3.34943E+14 0.00178 
   68   68    1    1    1    1    1    1    1    1  3.02324E+14 0.00172 
   69   69    1    1    1    1    1    1    1    1  3.61918E+14 0.00156 
   70   70    1    1    1    1    1    1    1    1  3.09329E+14 0.00210 
   71   71    1    1    1    1    1    1    1    1  5.71829E+14 0.00202 
   72   72    1    1    1    1    1    1    1    1  4.06401E+14 0.00147 
   73   73    1    1    1    1    1    1    1    1  3.03981E+14 0.00195 
   74   74    1    1    1    1    1    1    1    1  2.40015E+14 0.00201 
   75   75    1    1    1    1    1    1    1    1  1.95987E+14 0.00221 
   76   76    1    1    1    1    1    1    1    1  2.23229E+14 0.00178 
   77   77    1    1    1    1    1    1    1    1  1.72618E+14 0.00238 
   78   78    1    1    1    1    1    1    1    1  1.35417E+14 0.00249 
   79   79    1    1    1    1    1    1    1    1  1.38445E+14 0.00254 
   80   80    1    1    1    1    1    1    1    1  1.02081E+14 0.00236 
   81   81    1    1    1    1    1    1    1    1  7.82933E+13 0.00332 
   82   82    1    1    1    1    1    1    1    1  5.98415E+13 0.00304 
   83   83    1    1    1    1    1    1    1    1  5.58300E+13 0.00339 
   84   84    1    1    1    1    1    1    1    1  4.01638E+13 0.00444 
   85   85    1    1    1    1    1    1    1    1  2.88853E+13 0.00432 
   86   86    1    1    1    1    1    1    1    1  2.67649E+13 0.00440 
   87   87    1    1    1    1    1    1    1    1  1.66799E+13 0.00494 
   88   88    1    1    1    1    1    1    1    1  1.12435E+13 0.00597 
   89   89    1    1    1    1    1    1    1    1  6.53551E+12 0.00821 
   90   90    1    1    1    1    1    1    1    1  4.32841E+12 0.01270 
   91   91    1    1    1    1    1    1    1    1  2.23292E+12 0.01862 
   92   92    1    1    1    1    1    1    1    1  1.08174E+12 0.02679 
   93   93    1    1    1    1    1    1    1    1  5.32386E+11 0.02878 
   94   94    1    1    1    1    1    1    1    1  2.64685E+11 0.05282 
   95   95    1    1    1    1    1    1    1    1  1.22772E+11 0.05733 
   96   96    1    1    1    1    1    1    1    1  5.25710E+10 0.15354 
   97   97    1    1    1    1    1    1    1    1  2.97787E+10 0.13537 
   98   98    1    1    1    1    1    1    1    1  9.13777E+09 0.22137 
   99   99    1    1    1    1    1    1    1    1  6.99299E+09 0.33712 
  100  100    1    1    1    1    1    1    1    1  6.01450E+09 0.27824 
];


