
DETdpaspec = [
    1    1    1    1    1    1    1    1    1    1  0.00000E+00 0.00000 
    2    2    1    1    1    1    1    1    1    1  0.00000E+00 0.00000 
    3    3    1    1    1    1    1    1    1    1  0.00000E+00 0.00000 
    4    4    1    1    1    1    1    1    1    1  0.00000E+00 0.00000 
    5    5    1    1    1    1    1    1    1    1  0.00000E+00 0.00000 
    6    6    1    1    1    1    1    1    1    1  0.00000E+00 0.00000 
    7    7    1    1    1    1    1    1    1    1  0.00000E+00 0.00000 
    8    8    1    1    1    1    1    1    1    1  0.00000E+00 0.00000 
    9    9    1    1    1    1    1    1    1    1  2.87109E+07 0.68852 
   10   10    1    1    1    1    1    1    1    1  1.68082E+08 0.76324 
   11   11    1    1    1    1    1    1    1    1  0.00000E+00 0.00000 
   12   12    1    1    1    1    1    1    1    1  1.51263E+08 0.69521 
   13   13    1    1    1    1    1    1    1    1  2.48466E+09 0.47304 
   14   14    1    1    1    1    1    1    1    1  4.35879E+09 0.37669 
   15   15    1    1    1    1    1    1    1    1  4.82878E+09 0.42207 
   16   16    1    1    1    1    1    1    1    1  1.44945E+09 0.31913 
   17   17    1    1    1    1    1    1    1    1  1.92952E+09 0.30038 
   18   18    1    1    1    1    1    1    1    1  4.55389E+09 0.24060 
   19   19    1    1    1    1    1    1    1    1  4.36243E+09 0.27697 
   20   20    1    1    1    1    1    1    1    1  2.13206E+10 0.18231 
   21   21    1    1    1    1    1    1    1    1  1.29031E+10 0.12670 
   22   22    1    1    1    1    1    1    1    1  3.96135E+10 0.07806 
   23   23    1    1    1    1    1    1    1    1  6.58868E+10 0.08075 
   24   24    1    1    1    1    1    1    1    1  8.72302E+10 0.07790 
   25   25    1    1    1    1    1    1    1    1  1.17821E+11 0.08521 
   26   26    1    1    1    1    1    1    1    1  1.87495E+11 0.04175 
   27   27    1    1    1    1    1    1    1    1  3.36088E+11 0.04722 
   28   28    1    1    1    1    1    1    1    1  6.75528E+11 0.02832 
   29   29    1    1    1    1    1    1    1    1  1.10980E+12 0.02794 
   30   30    1    1    1    1    1    1    1    1  3.14113E+12 0.01615 
   31   31    1    1    1    1    1    1    1    1  9.93886E+12 0.00633 
   32   32    1    1    1    1    1    1    1    1  1.89521E+13 0.00529 
   33   33    1    1    1    1    1    1    1    1  4.60514E+13 0.00459 
   34   34    1    1    1    1    1    1    1    1  6.46071E+13 0.00356 
   35   35    1    1    1    1    1    1    1    1  8.56220E+13 0.00269 
   36   36    1    1    1    1    1    1    1    1  5.81041E+13 0.00183 
   37   37    1    1    1    1    1    1    1    1  1.78596E+13 0.00248 
   38   38    1    1    1    1    1    1    1    1  1.00379E+14 0.00177 
   39   39    1    1    1    1    1    1    1    1  1.35828E+14 0.00152 
   40   40    1    1    1    1    1    1    1    1  2.34256E+14 0.00111 
   41   41    1    1    1    1    1    1    1    1  2.38344E+14 0.00096 
   42   42    1    1    1    1    1    1    1    1  5.13335E+14 0.00118 
   43   43    1    1    1    1    1    1    1    1  6.26486E+14 0.00114 
   44   44    1    1    1    1    1    1    1    1  9.14699E+14 0.00092 
   45   45    1    1    1    1    1    1    1    1  1.84028E+15 0.00086 
   46   46    1    1    1    1    1    1    1    1  8.62679E+14 0.00101 
   47   47    1    1    1    1    1    1    1    1  1.40014E+15 0.00074 
   48   48    1    1    1    1    1    1    1    1  1.96479E+15 0.00065 
   49   49    1    1    1    1    1    1    1    1  1.95971E+15 0.00064 
   50   50    1    1    1    1    1    1    1    1  3.06602E+15 0.00044 
   51   51    1    1    1    1    1    1    1    1  2.45908E+15 0.00081 
   52   52    1    1    1    1    1    1    1    1  2.92830E+15 0.00094 
   53   53    1    1    1    1    1    1    1    1  2.04143E+15 0.00058 
   54   54    1    1    1    1    1    1    1    1  2.49874E+15 0.00070 
   55   55    1    1    1    1    1    1    1    1  1.72089E+15 0.00068 
   56   56    1    1    1    1    1    1    1    1  2.34541E+14 0.00114 
   57   57    1    1    1    1    1    1    1    1  3.43683E+15 0.00073 
   58   58    1    1    1    1    1    1    1    1  1.53113E+15 0.00061 
   59   59    1    1    1    1    1    1    1    1  1.63069E+15 0.00069 
   60   60    1    1    1    1    1    1    1    1  1.26726E+15 0.00088 
   61   61    1    1    1    1    1    1    1    1  1.27196E+15 0.00064 
   62   62    1    1    1    1    1    1    1    1  1.32671E+15 0.00073 
   63   63    1    1    1    1    1    1    1    1  1.11771E+15 0.00112 
   64   64    1    1    1    1    1    1    1    1  8.90983E+14 0.00089 
   65   65    1    1    1    1    1    1    1    1  8.85841E+14 0.00093 
   66   66    1    1    1    1    1    1    1    1  6.36219E+14 0.00115 
   67   67    1    1    1    1    1    1    1    1  5.20190E+14 0.00132 
   68   68    1    1    1    1    1    1    1    1  4.66794E+14 0.00135 
   69   69    1    1    1    1    1    1    1    1  5.62264E+14 0.00108 
   70   70    1    1    1    1    1    1    1    1  4.77953E+14 0.00179 
   71   71    1    1    1    1    1    1    1    1  8.72766E+14 0.00115 
   72   72    1    1    1    1    1    1    1    1  6.17348E+14 0.00130 
   73   73    1    1    1    1    1    1    1    1  4.66032E+14 0.00140 
   74   74    1    1    1    1    1    1    1    1  3.73178E+14 0.00125 
   75   75    1    1    1    1    1    1    1    1  3.08523E+14 0.00177 
   76   76    1    1    1    1    1    1    1    1  3.57784E+14 0.00158 
   77   77    1    1    1    1    1    1    1    1  2.82893E+14 0.00170 
   78   78    1    1    1    1    1    1    1    1  2.24877E+14 0.00188 
   79   79    1    1    1    1    1    1    1    1  2.32089E+14 0.00144 
   80   80    1    1    1    1    1    1    1    1  1.71875E+14 0.00176 
   81   81    1    1    1    1    1    1    1    1  1.32258E+14 0.00154 
   82   82    1    1    1    1    1    1    1    1  1.01703E+14 0.00220 
   83   83    1    1    1    1    1    1    1    1  9.49193E+13 0.00238 
   84   84    1    1    1    1    1    1    1    1  6.84962E+13 0.00295 
   85   85    1    1    1    1    1    1    1    1  4.92828E+13 0.00400 
   86   86    1    1    1    1    1    1    1    1  4.62345E+13 0.00363 
   87   87    1    1    1    1    1    1    1    1  2.86852E+13 0.00565 
   88   88    1    1    1    1    1    1    1    1  1.91839E+13 0.00516 
   89   89    1    1    1    1    1    1    1    1  1.09307E+13 0.00845 
   90   90    1    1    1    1    1    1    1    1  7.25812E+12 0.00890 
   91   91    1    1    1    1    1    1    1    1  3.61835E+12 0.01490 
   92   92    1    1    1    1    1    1    1    1  1.84823E+12 0.01900 
   93   93    1    1    1    1    1    1    1    1  8.61439E+11 0.02298 
   94   94    1    1    1    1    1    1    1    1  3.98895E+11 0.04325 
   95   95    1    1    1    1    1    1    1    1  1.97466E+11 0.05291 
   96   96    1    1    1    1    1    1    1    1  9.62275E+10 0.07813 
   97   97    1    1    1    1    1    1    1    1  3.23829E+10 0.10391 
   98   98    1    1    1    1    1    1    1    1  2.29930E+10 0.16207 
   99   99    1    1    1    1    1    1    1    1  8.02951E+09 0.22312 
  100  100    1    1    1    1    1    1    1    1  8.85090E+09 0.23361 
];


