
DETdpaspec = [
    1    1    1    1    1    1    1    1    1    1  0.00000E+00 0.00000 
    2    2    1    1    1    1    1    1    1    1  0.00000E+00 0.00000 
    3    3    1    1    1    1    1    1    1    1  0.00000E+00 0.00000 
    4    4    1    1    1    1    1    1    1    1  1.64448E+07 0.69004 
    5    5    1    1    1    1    1    1    1    1  0.00000E+00 0.00000 
    6    6    1    1    1    1    1    1    1    1  0.00000E+00 0.00000 
    7    7    1    1    1    1    1    1    1    1  0.00000E+00 0.00000 
    8    8    1    1    1    1    1    1    1    1  0.00000E+00 0.00000 
    9    9    1    1    1    1    1    1    1    1  0.00000E+00 0.00000 
   10   10    1    1    1    1    1    1    1    1  0.00000E+00 0.00000 
   11   11    1    1    1    1    1    1    1    1  2.33850E+08 0.50830 
   12   12    1    1    1    1    1    1    1    1  1.16396E+07 0.75904 
   13   13    1    1    1    1    1    1    1    1  5.56128E+08 0.67760 
   14   14    1    1    1    1    1    1    1    1  1.77147E+09 0.40362 
   15   15    1    1    1    1    1    1    1    1  3.10862E+09 0.40501 
   16   16    1    1    1    1    1    1    1    1  1.78494E+09 0.36102 
   17   17    1    1    1    1    1    1    1    1  1.53524E+09 0.24420 
   18   18    1    1    1    1    1    1    1    1  7.84119E+09 0.18562 
   19   19    1    1    1    1    1    1    1    1  6.64944E+09 0.21488 
   20   20    1    1    1    1    1    1    1    1  2.25163E+10 0.14874 
   21   21    1    1    1    1    1    1    1    1  1.65742E+10 0.09863 
   22   22    1    1    1    1    1    1    1    1  3.90524E+10 0.09421 
   23   23    1    1    1    1    1    1    1    1  5.64964E+10 0.06405 
   24   24    1    1    1    1    1    1    1    1  9.69847E+10 0.05469 
   25   25    1    1    1    1    1    1    1    1  1.20576E+11 0.07136 
   26   26    1    1    1    1    1    1    1    1  1.96650E+11 0.04904 
   27   27    1    1    1    1    1    1    1    1  3.01395E+11 0.03259 
   28   28    1    1    1    1    1    1    1    1  5.94762E+11 0.01753 
   29   29    1    1    1    1    1    1    1    1  8.75909E+11 0.02123 
   30   30    1    1    1    1    1    1    1    1  2.64757E+12 0.01349 
   31   31    1    1    1    1    1    1    1    1  8.56301E+12 0.00684 
   32   32    1    1    1    1    1    1    1    1  1.62468E+13 0.00574 
   33   33    1    1    1    1    1    1    1    1  3.74474E+13 0.00315 
   34   34    1    1    1    1    1    1    1    1  5.16411E+13 0.00297 
   35   35    1    1    1    1    1    1    1    1  7.23906E+13 0.00255 
   36   36    1    1    1    1    1    1    1    1  5.03679E+13 0.00263 
   37   37    1    1    1    1    1    1    1    1  1.57799E+13 0.00258 
   38   38    1    1    1    1    1    1    1    1  8.68764E+13 0.00257 
   39   39    1    1    1    1    1    1    1    1  1.17277E+14 0.00250 
   40   40    1    1    1    1    1    1    1    1  1.99446E+14 0.00200 
   41   41    1    1    1    1    1    1    1    1  2.06212E+14 0.00171 
   42   42    1    1    1    1    1    1    1    1  4.35076E+14 0.00173 
   43   43    1    1    1    1    1    1    1    1  5.28594E+14 0.00141 
   44   44    1    1    1    1    1    1    1    1  7.68090E+14 0.00097 
   45   45    1    1    1    1    1    1    1    1  1.51359E+15 0.00104 
   46   46    1    1    1    1    1    1    1    1  7.14654E+14 0.00125 
   47   47    1    1    1    1    1    1    1    1  1.16385E+15 0.00125 
   48   48    1    1    1    1    1    1    1    1  1.62341E+15 0.00101 
   49   49    1    1    1    1    1    1    1    1  1.61906E+15 0.00116 
   50   50    1    1    1    1    1    1    1    1  2.49933E+15 0.00105 
   51   51    1    1    1    1    1    1    1    1  2.02175E+15 0.00098 
   52   52    1    1    1    1    1    1    1    1  2.36807E+15 0.00120 
   53   53    1    1    1    1    1    1    1    1  1.65323E+15 0.00118 
   54   54    1    1    1    1    1    1    1    1  1.99093E+15 0.00124 
   55   55    1    1    1    1    1    1    1    1  1.37615E+15 0.00111 
   56   56    1    1    1    1    1    1    1    1  1.87843E+14 0.00150 
   57   57    1    1    1    1    1    1    1    1  2.74109E+15 0.00103 
   58   58    1    1    1    1    1    1    1    1  1.19791E+15 0.00100 
   59   59    1    1    1    1    1    1    1    1  1.28035E+15 0.00103 
   60   60    1    1    1    1    1    1    1    1  9.81374E+14 0.00105 
   61   61    1    1    1    1    1    1    1    1  9.87431E+14 0.00108 
   62   62    1    1    1    1    1    1    1    1  1.02678E+15 0.00134 
   63   63    1    1    1    1    1    1    1    1  8.60378E+14 0.00125 
   64   64    1    1    1    1    1    1    1    1  6.84294E+14 0.00113 
   65   65    1    1    1    1    1    1    1    1  6.79850E+14 0.00114 
   66   66    1    1    1    1    1    1    1    1  4.88088E+14 0.00173 
   67   67    1    1    1    1    1    1    1    1  3.99699E+14 0.00151 
   68   68    1    1    1    1    1    1    1    1  3.59251E+14 0.00153 
   69   69    1    1    1    1    1    1    1    1  4.32095E+14 0.00176 
   70   70    1    1    1    1    1    1    1    1  3.69124E+14 0.00164 
   71   71    1    1    1    1    1    1    1    1  6.78733E+14 0.00111 
   72   72    1    1    1    1    1    1    1    1  4.82172E+14 0.00175 
   73   73    1    1    1    1    1    1    1    1  3.61568E+14 0.00176 
   74   74    1    1    1    1    1    1    1    1  2.87068E+14 0.00233 
   75   75    1    1    1    1    1    1    1    1  2.35667E+14 0.00175 
   76   76    1    1    1    1    1    1    1    1  2.70296E+14 0.00176 
   77   77    1    1    1    1    1    1    1    1  2.10664E+14 0.00238 
   78   78    1    1    1    1    1    1    1    1  1.66450E+14 0.00155 
   79   79    1    1    1    1    1    1    1    1  1.70378E+14 0.00207 
   80   80    1    1    1    1    1    1    1    1  1.25793E+14 0.00226 
   81   81    1    1    1    1    1    1    1    1  9.65238E+13 0.00335 
   82   82    1    1    1    1    1    1    1    1  7.40090E+13 0.00304 
   83   83    1    1    1    1    1    1    1    1  6.89506E+13 0.00297 
   84   84    1    1    1    1    1    1    1    1  4.98460E+13 0.00364 
   85   85    1    1    1    1    1    1    1    1  3.57868E+13 0.00428 
   86   86    1    1    1    1    1    1    1    1  3.35146E+13 0.00504 
   87   87    1    1    1    1    1    1    1    1  2.07780E+13 0.00452 
   88   88    1    1    1    1    1    1    1    1  1.38789E+13 0.00440 
   89   89    1    1    1    1    1    1    1    1  8.03097E+12 0.00857 
   90   90    1    1    1    1    1    1    1    1  5.31977E+12 0.00760 
   91   91    1    1    1    1    1    1    1    1  2.76196E+12 0.01608 
   92   92    1    1    1    1    1    1    1    1  1.29535E+12 0.01964 
   93   93    1    1    1    1    1    1    1    1  6.52475E+11 0.02639 
   94   94    1    1    1    1    1    1    1    1  3.13064E+11 0.05096 
   95   95    1    1    1    1    1    1    1    1  1.45375E+11 0.05820 
   96   96    1    1    1    1    1    1    1    1  7.16319E+10 0.07658 
   97   97    1    1    1    1    1    1    1    1  3.08818E+10 0.13418 
   98   98    1    1    1    1    1    1    1    1  1.54894E+10 0.25661 
   99   99    1    1    1    1    1    1    1    1  5.43875E+09 0.31255 
  100  100    1    1    1    1    1    1    1    1  9.89649E+09 0.25230 
];


