
DETdpaspec = [
    1    1    1    1    1    1    1    1    1    1  0.00000E+00 0.00000 
    2    2    1    1    1    1    1    1    1    1  0.00000E+00 0.00000 
    3    3    1    1    1    1    1    1    1    1  6.73377E+06 1.00000 
    4    4    1    1    1    1    1    1    1    1  0.00000E+00 0.00000 
    5    5    1    1    1    1    1    1    1    1  0.00000E+00 0.00000 
    6    6    1    1    1    1    1    1    1    1  6.60843E+06 1.00000 
    7    7    1    1    1    1    1    1    1    1  0.00000E+00 0.00000 
    8    8    1    1    1    1    1    1    1    1  0.00000E+00 0.00000 
    9    9    1    1    1    1    1    1    1    1  8.74027E+06 1.00000 
   10   10    1    1    1    1    1    1    1    1  1.19410E+08 0.74201 
   11   11    1    1    1    1    1    1    1    1  0.00000E+00 0.00000 
   12   12    1    1    1    1    1    1    1    1  4.84589E+07 0.52697 
   13   13    1    1    1    1    1    1    1    1  2.19031E+09 0.36272 
   14   14    1    1    1    1    1    1    1    1  1.97319E+09 0.48766 
   15   15    1    1    1    1    1    1    1    1  2.21196E+09 0.44683 
   16   16    1    1    1    1    1    1    1    1  2.08619E+09 0.28906 
   17   17    1    1    1    1    1    1    1    1  2.17088E+09 0.31615 
   18   18    1    1    1    1    1    1    1    1  8.23375E+09 0.20039 
   19   19    1    1    1    1    1    1    1    1  6.34626E+09 0.14974 
   20   20    1    1    1    1    1    1    1    1  2.43789E+10 0.13633 
   21   21    1    1    1    1    1    1    1    1  1.74589E+10 0.16132 
   22   22    1    1    1    1    1    1    1    1  4.39979E+10 0.09765 
   23   23    1    1    1    1    1    1    1    1  5.84551E+10 0.08976 
   24   24    1    1    1    1    1    1    1    1  1.02719E+11 0.07796 
   25   25    1    1    1    1    1    1    1    1  1.26730E+11 0.06254 
   26   26    1    1    1    1    1    1    1    1  2.00389E+11 0.04833 
   27   27    1    1    1    1    1    1    1    1  3.04063E+11 0.03946 
   28   28    1    1    1    1    1    1    1    1  5.91873E+11 0.02572 
   29   29    1    1    1    1    1    1    1    1  8.74287E+11 0.02576 
   30   30    1    1    1    1    1    1    1    1  2.69184E+12 0.01094 
   31   31    1    1    1    1    1    1    1    1  8.29119E+12 0.00955 
   32   32    1    1    1    1    1    1    1    1  1.57365E+13 0.00663 
   33   33    1    1    1    1    1    1    1    1  3.54126E+13 0.00399 
   34   34    1    1    1    1    1    1    1    1  4.83240E+13 0.00302 
   35   35    1    1    1    1    1    1    1    1  6.86024E+13 0.00285 
   36   36    1    1    1    1    1    1    1    1  4.78806E+13 0.00238 
   37   37    1    1    1    1    1    1    1    1  1.50670E+13 0.00239 
   38   38    1    1    1    1    1    1    1    1  8.22395E+13 0.00253 
   39   39    1    1    1    1    1    1    1    1  1.10807E+14 0.00204 
   40   40    1    1    1    1    1    1    1    1  1.86753E+14 0.00151 
   41   41    1    1    1    1    1    1    1    1  1.94316E+14 0.00168 
   42   42    1    1    1    1    1    1    1    1  4.05828E+14 0.00166 
   43   43    1    1    1    1    1    1    1    1  4.90886E+14 0.00132 
   44   44    1    1    1    1    1    1    1    1  7.08091E+14 0.00131 
   45   45    1    1    1    1    1    1    1    1  1.37943E+15 0.00135 
   46   46    1    1    1    1    1    1    1    1  6.50208E+14 0.00107 
   47   47    1    1    1    1    1    1    1    1  1.06085E+15 0.00105 
   48   48    1    1    1    1    1    1    1    1  1.47849E+15 0.00094 
   49   49    1    1    1    1    1    1    1    1  1.47206E+15 0.00107 
   50   50    1    1    1    1    1    1    1    1  2.25648E+15 0.00120 
   51   51    1    1    1    1    1    1    1    1  1.83048E+15 0.00120 
   52   52    1    1    1    1    1    1    1    1  2.12654E+15 0.00109 
   53   53    1    1    1    1    1    1    1    1  1.48512E+15 0.00131 
   54   54    1    1    1    1    1    1    1    1  1.77574E+15 0.00123 
   55   55    1    1    1    1    1    1    1    1  1.22830E+15 0.00125 
   56   56    1    1    1    1    1    1    1    1  1.68260E+14 0.00175 
   57   57    1    1    1    1    1    1    1    1  2.44734E+15 0.00129 
   58   58    1    1    1    1    1    1    1    1  1.05867E+15 0.00148 
   59   59    1    1    1    1    1    1    1    1  1.13184E+15 0.00124 
   60   60    1    1    1    1    1    1    1    1  8.64154E+14 0.00151 
   61   61    1    1    1    1    1    1    1    1  8.68729E+14 0.00141 
   62   62    1    1    1    1    1    1    1    1  9.01532E+14 0.00161 
   63   63    1    1    1    1    1    1    1    1  7.54164E+14 0.00145 
   64   64    1    1    1    1    1    1    1    1  5.99766E+14 0.00168 
   65   65    1    1    1    1    1    1    1    1  5.95211E+14 0.00152 
   66   66    1    1    1    1    1    1    1    1  4.26851E+14 0.00184 
   67   67    1    1    1    1    1    1    1    1  3.50405E+14 0.00161 
   68   68    1    1    1    1    1    1    1    1  3.15843E+14 0.00176 
   69   69    1    1    1    1    1    1    1    1  3.78470E+14 0.00177 
   70   70    1    1    1    1    1    1    1    1  3.22833E+14 0.00226 
   71   71    1    1    1    1    1    1    1    1  5.97914E+14 0.00170 
   72   72    1    1    1    1    1    1    1    1  4.23719E+14 0.00153 
   73   73    1    1    1    1    1    1    1    1  3.17860E+14 0.00255 
   74   74    1    1    1    1    1    1    1    1  2.50775E+14 0.00227 
   75   75    1    1    1    1    1    1    1    1  2.04826E+14 0.00179 
   76   76    1    1    1    1    1    1    1    1  2.33764E+14 0.00168 
   77   77    1    1    1    1    1    1    1    1  1.81263E+14 0.00277 
   78   78    1    1    1    1    1    1    1    1  1.42686E+14 0.00285 
   79   79    1    1    1    1    1    1    1    1  1.45516E+14 0.00204 
   80   80    1    1    1    1    1    1    1    1  1.07495E+14 0.00238 
   81   81    1    1    1    1    1    1    1    1  8.23149E+13 0.00213 
   82   82    1    1    1    1    1    1    1    1  6.34339E+13 0.00360 
   83   83    1    1    1    1    1    1    1    1  5.90610E+13 0.00212 
   84   84    1    1    1    1    1    1    1    1  4.23587E+13 0.00408 
   85   85    1    1    1    1    1    1    1    1  3.05014E+13 0.00420 
   86   86    1    1    1    1    1    1    1    1  2.83922E+13 0.00347 
   87   87    1    1    1    1    1    1    1    1  1.75405E+13 0.00619 
   88   88    1    1    1    1    1    1    1    1  1.19409E+13 0.00708 
   89   89    1    1    1    1    1    1    1    1  6.77872E+12 0.00761 
   90   90    1    1    1    1    1    1    1    1  4.55024E+12 0.00967 
   91   91    1    1    1    1    1    1    1    1  2.32039E+12 0.01771 
   92   92    1    1    1    1    1    1    1    1  1.10147E+12 0.02334 
   93   93    1    1    1    1    1    1    1    1  5.29217E+11 0.02487 
   94   94    1    1    1    1    1    1    1    1  2.66991E+11 0.04759 
   95   95    1    1    1    1    1    1    1    1  1.30587E+11 0.06488 
   96   96    1    1    1    1    1    1    1    1  5.87822E+10 0.08510 
   97   97    1    1    1    1    1    1    1    1  3.16211E+10 0.09301 
   98   98    1    1    1    1    1    1    1    1  1.47164E+10 0.15778 
   99   99    1    1    1    1    1    1    1    1  8.44616E+09 0.24142 
  100  100    1    1    1    1    1    1    1    1  5.93525E+09 0.28925 
];


