
DETdpaspec = [
    1    1    1    1    1    1    1    1    1    1  0.00000E+00 0.00000 
    2    2    1    1    1    1    1    1    1    1  0.00000E+00 0.00000 
    3    3    1    1    1    1    1    1    1    1  0.00000E+00 0.00000 
    4    4    1    1    1    1    1    1    1    1  0.00000E+00 0.00000 
    5    5    1    1    1    1    1    1    1    1  0.00000E+00 0.00000 
    6    6    1    1    1    1    1    1    1    1  0.00000E+00 0.00000 
    7    7    1    1    1    1    1    1    1    1  0.00000E+00 0.00000 
    8    8    1    1    1    1    1    1    1    1  0.00000E+00 0.00000 
    9    9    1    1    1    1    1    1    1    1  0.00000E+00 0.00000 
   10   10    1    1    1    1    1    1    1    1  4.36933E+07 1.00000 
   11   11    1    1    1    1    1    1    1    1  3.91759E+07 1.00000 
   12   12    1    1    1    1    1    1    1    1  5.82000E+07 0.72971 
   13   13    1    1    1    1    1    1    1    1  8.80929E+08 0.49361 
   14   14    1    1    1    1    1    1    1    1  1.95811E+09 0.37727 
   15   15    1    1    1    1    1    1    1    1  2.77055E+09 0.38136 
   16   16    1    1    1    1    1    1    1    1  1.54086E+09 0.35847 
   17   17    1    1    1    1    1    1    1    1  2.57289E+09 0.23858 
   18   18    1    1    1    1    1    1    1    1  5.60852E+09 0.19686 
   19   19    1    1    1    1    1    1    1    1  4.41031E+09 0.15415 
   20   20    1    1    1    1    1    1    1    1  1.75094E+10 0.17928 
   21   21    1    1    1    1    1    1    1    1  1.53496E+10 0.10992 
   22   22    1    1    1    1    1    1    1    1  4.16858E+10 0.13285 
   23   23    1    1    1    1    1    1    1    1  6.63272E+10 0.07455 
   24   24    1    1    1    1    1    1    1    1  9.53492E+10 0.04722 
   25   25    1    1    1    1    1    1    1    1  1.09145E+11 0.06703 
   26   26    1    1    1    1    1    1    1    1  1.97704E+11 0.06082 
   27   27    1    1    1    1    1    1    1    1  3.49096E+11 0.04028 
   28   28    1    1    1    1    1    1    1    1  6.29261E+11 0.02235 
   29   29    1    1    1    1    1    1    1    1  8.92983E+11 0.02344 
   30   30    1    1    1    1    1    1    1    1  2.65104E+12 0.01790 
   31   31    1    1    1    1    1    1    1    1  8.45498E+12 0.00810 
   32   32    1    1    1    1    1    1    1    1  1.62743E+13 0.00743 
   33   33    1    1    1    1    1    1    1    1  3.78077E+13 0.00445 
   34   34    1    1    1    1    1    1    1    1  5.19494E+13 0.00351 
   35   35    1    1    1    1    1    1    1    1  7.26229E+13 0.00299 
   36   36    1    1    1    1    1    1    1    1  5.04929E+13 0.00278 
   37   37    1    1    1    1    1    1    1    1  1.57898E+13 0.00335 
   38   38    1    1    1    1    1    1    1    1  8.70899E+13 0.00225 
   39   39    1    1    1    1    1    1    1    1  1.17497E+14 0.00221 
   40   40    1    1    1    1    1    1    1    1  1.99926E+14 0.00177 
   41   41    1    1    1    1    1    1    1    1  2.06758E+14 0.00168 
   42   42    1    1    1    1    1    1    1    1  4.36608E+14 0.00184 
   43   43    1    1    1    1    1    1    1    1  5.30997E+14 0.00150 
   44   44    1    1    1    1    1    1    1    1  7.70852E+14 0.00114 
   45   45    1    1    1    1    1    1    1    1  1.51853E+15 0.00079 
   46   46    1    1    1    1    1    1    1    1  7.16388E+14 0.00050 
   47   47    1    1    1    1    1    1    1    1  1.16677E+15 0.00067 
   48   48    1    1    1    1    1    1    1    1  1.63032E+15 0.00088 
   49   49    1    1    1    1    1    1    1    1  1.62606E+15 0.00077 
   50   50    1    1    1    1    1    1    1    1  2.51038E+15 0.00083 
   51   51    1    1    1    1    1    1    1    1  2.03330E+15 0.00075 
   52   52    1    1    1    1    1    1    1    1  2.38049E+15 0.00073 
   53   53    1    1    1    1    1    1    1    1  1.66235E+15 0.00079 
   54   54    1    1    1    1    1    1    1    1  2.00310E+15 0.00074 
   55   55    1    1    1    1    1    1    1    1  1.38389E+15 0.00090 
   56   56    1    1    1    1    1    1    1    1  1.89417E+14 0.00138 
   57   57    1    1    1    1    1    1    1    1  2.75755E+15 0.00081 
   58   58    1    1    1    1    1    1    1    1  1.20552E+15 0.00080 
   59   59    1    1    1    1    1    1    1    1  1.28693E+15 0.00111 
   60   60    1    1    1    1    1    1    1    1  9.87473E+14 0.00096 
   61   61    1    1    1    1    1    1    1    1  9.93427E+14 0.00102 
   62   62    1    1    1    1    1    1    1    1  1.03251E+15 0.00094 
   63   63    1    1    1    1    1    1    1    1  8.66465E+14 0.00101 
   64   64    1    1    1    1    1    1    1    1  6.89673E+14 0.00111 
   65   65    1    1    1    1    1    1    1    1  6.84055E+14 0.00093 
   66   66    1    1    1    1    1    1    1    1  4.91963E+14 0.00129 
   67   67    1    1    1    1    1    1    1    1  4.03203E+14 0.00136 
   68   68    1    1    1    1    1    1    1    1  3.62216E+14 0.00163 
   69   69    1    1    1    1    1    1    1    1  4.35917E+14 0.00158 
   70   70    1    1    1    1    1    1    1    1  3.71057E+14 0.00142 
   71   71    1    1    1    1    1    1    1    1  6.82677E+14 0.00156 
   72   72    1    1    1    1    1    1    1    1  4.84516E+14 0.00109 
   73   73    1    1    1    1    1    1    1    1  3.63650E+14 0.00139 
   74   74    1    1    1    1    1    1    1    1  2.89017E+14 0.00141 
   75   75    1    1    1    1    1    1    1    1  2.36874E+14 0.00139 
   76   76    1    1    1    1    1    1    1    1  2.71819E+14 0.00126 
   77   77    1    1    1    1    1    1    1    1  2.11646E+14 0.00131 
   78   78    1    1    1    1    1    1    1    1  1.67672E+14 0.00194 
   79   79    1    1    1    1    1    1    1    1  1.71709E+14 0.00192 
   80   80    1    1    1    1    1    1    1    1  1.26495E+14 0.00212 
   81   81    1    1    1    1    1    1    1    1  9.75344E+13 0.00284 
   82   82    1    1    1    1    1    1    1    1  7.43999E+13 0.00302 
   83   83    1    1    1    1    1    1    1    1  6.95476E+13 0.00266 
   84   84    1    1    1    1    1    1    1    1  5.02663E+13 0.00301 
   85   85    1    1    1    1    1    1    1    1  3.63164E+13 0.00457 
   86   86    1    1    1    1    1    1    1    1  3.34628E+13 0.00331 
   87   87    1    1    1    1    1    1    1    1  2.09982E+13 0.00568 
   88   88    1    1    1    1    1    1    1    1  1.42372E+13 0.00662 
   89   89    1    1    1    1    1    1    1    1  8.11538E+12 0.00765 
   90   90    1    1    1    1    1    1    1    1  5.41087E+12 0.00981 
   91   91    1    1    1    1    1    1    1    1  2.74032E+12 0.01281 
   92   92    1    1    1    1    1    1    1    1  1.30745E+12 0.01846 
   93   93    1    1    1    1    1    1    1    1  6.74656E+11 0.03527 
   94   94    1    1    1    1    1    1    1    1  2.97544E+11 0.04276 
   95   95    1    1    1    1    1    1    1    1  1.44345E+11 0.06499 
   96   96    1    1    1    1    1    1    1    1  8.51697E+10 0.10755 
   97   97    1    1    1    1    1    1    1    1  4.00614E+10 0.12823 
   98   98    1    1    1    1    1    1    1    1  1.95540E+10 0.22432 
   99   99    1    1    1    1    1    1    1    1  4.65805E+09 0.34027 
  100  100    1    1    1    1    1    1    1    1  5.73666E+09 0.20667 
];


