
DETdpaspec = [
    1    1    1    1    1    1    1    1    1    1  0.00000E+00 0.00000 
    2    2    1    1    1    1    1    1    1    1  0.00000E+00 0.00000 
    3    3    1    1    1    1    1    1    1    1  0.00000E+00 0.00000 
    4    4    1    1    1    1    1    1    1    1  0.00000E+00 0.00000 
    5    5    1    1    1    1    1    1    1    1  0.00000E+00 0.00000 
    6    6    1    1    1    1    1    1    1    1  0.00000E+00 0.00000 
    7    7    1    1    1    1    1    1    1    1  0.00000E+00 0.00000 
    8    8    1    1    1    1    1    1    1    1  1.18195E+07 1.00000 
    9    9    1    1    1    1    1    1    1    1  1.65756E+07 1.00000 
   10   10    1    1    1    1    1    1    1    1  0.00000E+00 0.00000 
   11   11    1    1    1    1    1    1    1    1  3.55652E+08 0.55642 
   12   12    1    1    1    1    1    1    1    1  3.17881E+07 0.57333 
   13   13    1    1    1    1    1    1    1    1  1.29782E+09 0.36802 
   14   14    1    1    1    1    1    1    1    1  3.01711E+09 0.39208 
   15   15    1    1    1    1    1    1    1    1  5.46406E+09 0.31223 
   16   16    1    1    1    1    1    1    1    1  1.56957E+09 0.34353 
   17   17    1    1    1    1    1    1    1    1  2.41448E+09 0.34463 
   18   18    1    1    1    1    1    1    1    1  5.39139E+09 0.24119 
   19   19    1    1    1    1    1    1    1    1  7.05222E+09 0.19475 
   20   20    1    1    1    1    1    1    1    1  2.25196E+10 0.14525 
   21   21    1    1    1    1    1    1    1    1  2.00523E+10 0.09629 
   22   22    1    1    1    1    1    1    1    1  4.38842E+10 0.07150 
   23   23    1    1    1    1    1    1    1    1  6.08429E+10 0.08694 
   24   24    1    1    1    1    1    1    1    1  9.11498E+10 0.05882 
   25   25    1    1    1    1    1    1    1    1  1.14707E+11 0.04918 
   26   26    1    1    1    1    1    1    1    1  1.87801E+11 0.06425 
   27   27    1    1    1    1    1    1    1    1  3.31106E+11 0.04192 
   28   28    1    1    1    1    1    1    1    1  6.16966E+11 0.02468 
   29   29    1    1    1    1    1    1    1    1  8.94643E+11 0.02282 
   30   30    1    1    1    1    1    1    1    1  2.80950E+12 0.01785 
   31   31    1    1    1    1    1    1    1    1  8.88588E+12 0.00681 
   32   32    1    1    1    1    1    1    1    1  1.69643E+13 0.00736 
   33   33    1    1    1    1    1    1    1    1  4.00677E+13 0.00399 
   34   34    1    1    1    1    1    1    1    1  5.57215E+13 0.00366 
   35   35    1    1    1    1    1    1    1    1  7.65601E+13 0.00258 
   36   36    1    1    1    1    1    1    1    1  5.29400E+13 0.00199 
   37   37    1    1    1    1    1    1    1    1  1.64308E+13 0.00255 
   38   38    1    1    1    1    1    1    1    1  9.13604E+13 0.00220 
   39   39    1    1    1    1    1    1    1    1  1.23669E+14 0.00194 
   40   40    1    1    1    1    1    1    1    1  2.11277E+14 0.00179 
   41   41    1    1    1    1    1    1    1    1  2.17525E+14 0.00172 
   42   42    1    1    1    1    1    1    1    1  4.62108E+14 0.00132 
   43   43    1    1    1    1    1    1    1    1  5.62486E+14 0.00114 
   44   44    1    1    1    1    1    1    1    1  8.19899E+14 0.00094 
   45   45    1    1    1    1    1    1    1    1  1.62860E+15 0.00094 
   46   46    1    1    1    1    1    1    1    1  7.67215E+14 0.00100 
   47   47    1    1    1    1    1    1    1    1  1.24834E+15 0.00092 
   48   48    1    1    1    1    1    1    1    1  1.74830E+15 0.00088 
   49   49    1    1    1    1    1    1    1    1  1.74510E+15 0.00079 
   50   50    1    1    1    1    1    1    1    1  2.70652E+15 0.00075 
   51   51    1    1    1    1    1    1    1    1  2.18282E+15 0.00088 
   52   52    1    1    1    1    1    1    1    1  2.57174E+15 0.00062 
   53   53    1    1    1    1    1    1    1    1  1.79454E+15 0.00059 
   54   54    1    1    1    1    1    1    1    1  2.17332E+15 0.00074 
   55   55    1    1    1    1    1    1    1    1  1.50044E+15 0.00070 
   56   56    1    1    1    1    1    1    1    1  2.04622E+14 0.00123 
   57   57    1    1    1    1    1    1    1    1  2.99172E+15 0.00078 
   58   58    1    1    1    1    1    1    1    1  1.31706E+15 0.00093 
   59   59    1    1    1    1    1    1    1    1  1.40532E+15 0.00063 
   60   60    1    1    1    1    1    1    1    1  1.08431E+15 0.00089 
   61   61    1    1    1    1    1    1    1    1  1.09036E+15 0.00076 
   62   62    1    1    1    1    1    1    1    1  1.13301E+15 0.00083 
   63   63    1    1    1    1    1    1    1    1  9.51609E+14 0.00111 
   64   64    1    1    1    1    1    1    1    1  7.58358E+14 0.00085 
   65   65    1    1    1    1    1    1    1    1  7.53586E+14 0.00093 
   66   66    1    1    1    1    1    1    1    1  5.42137E+14 0.00124 
   67   67    1    1    1    1    1    1    1    1  4.43239E+14 0.00102 
   68   68    1    1    1    1    1    1    1    1  3.98659E+14 0.00149 
   69   69    1    1    1    1    1    1    1    1  4.78994E+14 0.00161 
   70   70    1    1    1    1    1    1    1    1  4.08498E+14 0.00137 
   71   71    1    1    1    1    1    1    1    1  7.49422E+14 0.00136 
   72   72    1    1    1    1    1    1    1    1  5.31766E+14 0.00105 
   73   73    1    1    1    1    1    1    1    1  3.99964E+14 0.00137 
   74   74    1    1    1    1    1    1    1    1  3.18412E+14 0.00143 
   75   75    1    1    1    1    1    1    1    1  2.61861E+14 0.00157 
   76   76    1    1    1    1    1    1    1    1  3.01497E+14 0.00173 
   77   77    1    1    1    1    1    1    1    1  2.36518E+14 0.00129 
   78   78    1    1    1    1    1    1    1    1  1.86880E+14 0.00171 
   79   79    1    1    1    1    1    1    1    1  1.92371E+14 0.00157 
   80   80    1    1    1    1    1    1    1    1  1.41917E+14 0.00229 
   81   81    1    1    1    1    1    1    1    1  1.09062E+14 0.00256 
   82   82    1    1    1    1    1    1    1    1  8.39878E+13 0.00167 
   83   83    1    1    1    1    1    1    1    1  7.83069E+13 0.00208 
   84   84    1    1    1    1    1    1    1    1  5.62943E+13 0.00362 
   85   85    1    1    1    1    1    1    1    1  4.07223E+13 0.00343 
   86   86    1    1    1    1    1    1    1    1  3.80170E+13 0.00466 
   87   87    1    1    1    1    1    1    1    1  2.32166E+13 0.00408 
   88   88    1    1    1    1    1    1    1    1  1.57236E+13 0.00533 
   89   89    1    1    1    1    1    1    1    1  8.98217E+12 0.00864 
   90   90    1    1    1    1    1    1    1    1  5.96916E+12 0.00837 
   91   91    1    1    1    1    1    1    1    1  3.01319E+12 0.01596 
   92   92    1    1    1    1    1    1    1    1  1.46281E+12 0.01996 
   93   93    1    1    1    1    1    1    1    1  7.36497E+11 0.02356 
   94   94    1    1    1    1    1    1    1    1  3.46952E+11 0.03697 
   95   95    1    1    1    1    1    1    1    1  1.67274E+11 0.07247 
   96   96    1    1    1    1    1    1    1    1  7.97785E+10 0.07201 
   97   97    1    1    1    1    1    1    1    1  3.94736E+10 0.10838 
   98   98    1    1    1    1    1    1    1    1  1.89272E+10 0.14909 
   99   99    1    1    1    1    1    1    1    1  1.21392E+10 0.26896 
  100  100    1    1    1    1    1    1    1    1  8.82690E+09 0.23280 
];


