
DETdpaspec = [
    1    1    1    1    1    1    1    1    1    1  0.00000E+00 0.00000 
    2    2    1    1    1    1    1    1    1    1  0.00000E+00 0.00000 
    3    3    1    1    1    1    1    1    1    1  0.00000E+00 0.00000 
    4    4    1    1    1    1    1    1    1    1  0.00000E+00 0.00000 
    5    5    1    1    1    1    1    1    1    1  0.00000E+00 0.00000 
    6    6    1    1    1    1    1    1    1    1  0.00000E+00 0.00000 
    7    7    1    1    1    1    1    1    1    1  0.00000E+00 0.00000 
    8    8    1    1    1    1    1    1    1    1  0.00000E+00 0.00000 
    9    9    1    1    1    1    1    1    1    1  1.70902E+07 1.00000 
   10   10    1    1    1    1    1    1    1    1  3.68210E+07 1.00000 
   11   11    1    1    1    1    1    1    1    1  0.00000E+00 0.00000 
   12   12    1    1    1    1    1    1    1    1  5.31336E+07 1.00000 
   13   13    1    1    1    1    1    1    1    1  9.48355E+08 0.53602 
   14   14    1    1    1    1    1    1    1    1  2.29297E+09 0.50454 
   15   15    1    1    1    1    1    1    1    1  1.00414E+09 0.64573 
   16   16    1    1    1    1    1    1    1    1  2.63061E+08 1.00000 
   17   17    1    1    1    1    1    1    1    1  2.43285E+09 0.38196 
   18   18    1    1    1    1    1    1    1    1  2.38102E+09 0.33635 
   19   19    1    1    1    1    1    1    1    1  4.02366E+09 0.31404 
   20   20    1    1    1    1    1    1    1    1  1.51697E+10 0.20279 
   21   21    1    1    1    1    1    1    1    1  1.28343E+10 0.18699 
   22   22    1    1    1    1    1    1    1    1  2.45303E+10 0.15064 
   23   23    1    1    1    1    1    1    1    1  7.34593E+10 0.07899 
   24   24    1    1    1    1    1    1    1    1  2.10778E+11 0.04010 
   25   25    1    1    1    1    1    1    1    1  3.57783E+11 0.04067 
   26   26    1    1    1    1    1    1    1    1  8.06538E+11 0.02676 
   27   27    1    1    1    1    1    1    1    1  1.82073E+12 0.01646 
   28   28    1    1    1    1    1    1    1    1  4.02697E+12 0.01002 
   29   29    1    1    1    1    1    1    1    1  7.02915E+12 0.00771 
   30   30    1    1    1    1    1    1    1    1  1.49972E+13 0.00530 
   31   31    1    1    1    1    1    1    1    1  3.54737E+13 0.00362 
   32   32    1    1    1    1    1    1    1    1  5.61464E+13 0.00344 
   33   33    1    1    1    1    1    1    1    1  1.18650E+14 0.00333 
   34   34    1    1    1    1    1    1    1    1  1.53201E+14 0.00192 
   35   35    1    1    1    1    1    1    1    1  1.62806E+14 0.00195 
   36   36    1    1    1    1    1    1    1    1  9.88497E+13 0.00168 
   37   37    1    1    1    1    1    1    1    1  2.89583E+13 0.00198 
   38   38    1    1    1    1    1    1    1    1  1.66621E+14 0.00129 
   39   39    1    1    1    1    1    1    1    1  2.21651E+14 0.00171 
   40   40    1    1    1    1    1    1    1    1  3.77235E+14 0.00146 
   41   41    1    1    1    1    1    1    1    1  3.65098E+14 0.00103 
   42   42    1    1    1    1    1    1    1    1  7.89879E+14 0.00070 
   43   43    1    1    1    1    1    1    1    1  9.47592E+14 0.00090 
   44   44    1    1    1    1    1    1    1    1  1.35455E+15 0.00059 
   45   45    1    1    1    1    1    1    1    1  2.65992E+15 0.00065 
   46   46    1    1    1    1    1    1    1    1  1.19056E+15 0.00065 
   47   47    1    1    1    1    1    1    1    1  1.88814E+15 0.00075 
   48   48    1    1    1    1    1    1    1    1  2.59202E+15 0.00072 
   49   49    1    1    1    1    1    1    1    1  2.52953E+15 0.00075 
   50   50    1    1    1    1    1    1    1    1  3.94422E+15 0.00078 
   51   51    1    1    1    1    1    1    1    1  3.04366E+15 0.00060 
   52   52    1    1    1    1    1    1    1    1  3.66080E+15 0.00075 
   53   53    1    1    1    1    1    1    1    1  2.50002E+15 0.00058 
   54   54    1    1    1    1    1    1    1    1  3.09849E+15 0.00066 
   55   55    1    1    1    1    1    1    1    1  2.11094E+15 0.00075 
   56   56    1    1    1    1    1    1    1    1  2.84881E+14 0.00095 
   57   57    1    1    1    1    1    1    1    1  4.16369E+15 0.00063 
   58   58    1    1    1    1    1    1    1    1  1.89392E+15 0.00073 
   59   59    1    1    1    1    1    1    1    1  1.98758E+15 0.00059 
   60   60    1    1    1    1    1    1    1    1  1.56843E+15 0.00066 
   61   61    1    1    1    1    1    1    1    1  1.56178E+15 0.00085 
   62   62    1    1    1    1    1    1    1    1  1.62598E+15 0.00059 
   63   63    1    1    1    1    1    1    1    1  1.36868E+15 0.00071 
   64   64    1    1    1    1    1    1    1    1  1.08511E+15 0.00102 
   65   65    1    1    1    1    1    1    1    1  1.07433E+15 0.00103 
   66   66    1    1    1    1    1    1    1    1  7.70201E+14 0.00108 
   67   67    1    1    1    1    1    1    1    1  6.22787E+14 0.00095 
   68   68    1    1    1    1    1    1    1    1  5.54789E+14 0.00109 
   69   69    1    1    1    1    1    1    1    1  6.62915E+14 0.00136 
   70   70    1    1    1    1    1    1    1    1  5.61179E+14 0.00107 
   71   71    1    1    1    1    1    1    1    1  1.00009E+15 0.00112 
   72   72    1    1    1    1    1    1    1    1  7.00327E+14 0.00122 
   73   73    1    1    1    1    1    1    1    1  5.26423E+14 0.00135 
   74   74    1    1    1    1    1    1    1    1  4.27937E+14 0.00148 
   75   75    1    1    1    1    1    1    1    1  3.58733E+14 0.00139 
   76   76    1    1    1    1    1    1    1    1  4.20466E+14 0.00135 
   77   77    1    1    1    1    1    1    1    1  3.36700E+14 0.00120 
   78   78    1    1    1    1    1    1    1    1  2.70873E+14 0.00161 
   79   79    1    1    1    1    1    1    1    1  2.81037E+14 0.00159 
   80   80    1    1    1    1    1    1    1    1  2.08772E+14 0.00188 
   81   81    1    1    1    1    1    1    1    1  1.60904E+14 0.00176 
   82   82    1    1    1    1    1    1    1    1  1.23305E+14 0.00202 
   83   83    1    1    1    1    1    1    1    1  1.15094E+14 0.00263 
   84   84    1    1    1    1    1    1    1    1  8.32322E+13 0.00230 
   85   85    1    1    1    1    1    1    1    1  5.97312E+13 0.00294 
   86   86    1    1    1    1    1    1    1    1  5.59124E+13 0.00297 
   87   87    1    1    1    1    1    1    1    1  3.41554E+13 0.00325 
   88   88    1    1    1    1    1    1    1    1  2.28698E+13 0.00558 
   89   89    1    1    1    1    1    1    1    1  1.30185E+13 0.00785 
   90   90    1    1    1    1    1    1    1    1  8.53794E+12 0.00778 
   91   91    1    1    1    1    1    1    1    1  4.19750E+12 0.01341 
   92   92    1    1    1    1    1    1    1    1  2.02088E+12 0.01339 
   93   93    1    1    1    1    1    1    1    1  9.62724E+11 0.01953 
   94   94    1    1    1    1    1    1    1    1  4.79559E+11 0.02911 
   95   95    1    1    1    1    1    1    1    1  2.07528E+11 0.03214 
   96   96    1    1    1    1    1    1    1    1  1.19258E+11 0.06657 
   97   97    1    1    1    1    1    1    1    1  5.01441E+10 0.08823 
   98   98    1    1    1    1    1    1    1    1  2.18794E+10 0.12985 
   99   99    1    1    1    1    1    1    1    1  1.27273E+10 0.25219 
  100  100    1    1    1    1    1    1    1    1  1.33907E+10 0.19206 
];


