
DETdpaspec = [
    1    1    1    1    1    1    1    1    1    1  0.00000E+00 0.00000 
    2    2    1    1    1    1    1    1    1    1  0.00000E+00 0.00000 
    3    3    1    1    1    1    1    1    1    1  0.00000E+00 0.00000 
    4    4    1    1    1    1    1    1    1    1  0.00000E+00 0.00000 
    5    5    1    1    1    1    1    1    1    1  0.00000E+00 0.00000 
    6    6    1    1    1    1    1    1    1    1  0.00000E+00 0.00000 
    7    7    1    1    1    1    1    1    1    1  0.00000E+00 0.00000 
    8    8    1    1    1    1    1    1    1    1  2.85262E+07 0.68933 
    9    9    1    1    1    1    1    1    1    1  0.00000E+00 0.00000 
   10   10    1    1    1    1    1    1    1    1  3.36316E+07 1.00000 
   11   11    1    1    1    1    1    1    1    1  8.09931E+07 0.68865 
   12   12    1    1    1    1    1    1    1    1  1.61118E+08 0.42203 
   13   13    1    1    1    1    1    1    1    1  2.57508E+08 0.62605 
   14   14    1    1    1    1    1    1    1    1  2.20419E+09 0.37932 
   15   15    1    1    1    1    1    1    1    1  6.71240E+09 0.24325 
   16   16    1    1    1    1    1    1    1    1  1.27822E+09 0.38247 
   17   17    1    1    1    1    1    1    1    1  2.54205E+09 0.26871 
   18   18    1    1    1    1    1    1    1    1  6.67093E+09 0.19380 
   19   19    1    1    1    1    1    1    1    1  6.19931E+09 0.22731 
   20   20    1    1    1    1    1    1    1    1  1.94969E+10 0.13629 
   21   21    1    1    1    1    1    1    1    1  1.62306E+10 0.12439 
   22   22    1    1    1    1    1    1    1    1  4.09865E+10 0.09290 
   23   23    1    1    1    1    1    1    1    1  6.13478E+10 0.07185 
   24   24    1    1    1    1    1    1    1    1  9.77079E+10 0.07053 
   25   25    1    1    1    1    1    1    1    1  1.07970E+11 0.06062 
   26   26    1    1    1    1    1    1    1    1  1.78302E+11 0.05812 
   27   27    1    1    1    1    1    1    1    1  3.31874E+11 0.04043 
   28   28    1    1    1    1    1    1    1    1  6.01628E+11 0.02689 
   29   29    1    1    1    1    1    1    1    1  9.21905E+11 0.02179 
   30   30    1    1    1    1    1    1    1    1  2.68570E+12 0.01707 
   31   31    1    1    1    1    1    1    1    1  8.62718E+12 0.00918 
   32   32    1    1    1    1    1    1    1    1  1.65274E+13 0.00701 
   33   33    1    1    1    1    1    1    1    1  3.91486E+13 0.00389 
   34   34    1    1    1    1    1    1    1    1  5.40309E+13 0.00421 
   35   35    1    1    1    1    1    1    1    1  7.48816E+13 0.00263 
   36   36    1    1    1    1    1    1    1    1  5.18641E+13 0.00223 
   37   37    1    1    1    1    1    1    1    1  1.62078E+13 0.00271 
   38   38    1    1    1    1    1    1    1    1  8.96761E+13 0.00195 
   39   39    1    1    1    1    1    1    1    1  1.21134E+14 0.00235 
   40   40    1    1    1    1    1    1    1    1  2.07030E+14 0.00177 
   41   41    1    1    1    1    1    1    1    1  2.13254E+14 0.00136 
   42   42    1    1    1    1    1    1    1    1  4.52586E+14 0.00107 
   43   43    1    1    1    1    1    1    1    1  5.51555E+14 0.00077 
   44   44    1    1    1    1    1    1    1    1  8.01378E+14 0.00115 
   45   45    1    1    1    1    1    1    1    1  1.58744E+15 0.00078 
   46   46    1    1    1    1    1    1    1    1  7.48558E+14 0.00103 
   47   47    1    1    1    1    1    1    1    1  1.21996E+15 0.00086 
   48   48    1    1    1    1    1    1    1    1  1.70500E+15 0.00102 
   49   49    1    1    1    1    1    1    1    1  1.69931E+15 0.00069 
   50   50    1    1    1    1    1    1    1    1  2.63003E+15 0.00080 
   51   51    1    1    1    1    1    1    1    1  2.12310E+15 0.00106 
   52   52    1    1    1    1    1    1    1    1  2.49872E+15 0.00099 
   53   53    1    1    1    1    1    1    1    1  1.74365E+15 0.00098 
   54   54    1    1    1    1    1    1    1    1  2.11054E+15 0.00086 
   55   55    1    1    1    1    1    1    1    1  1.45788E+15 0.00095 
   56   56    1    1    1    1    1    1    1    1  1.99100E+14 0.00125 
   57   57    1    1    1    1    1    1    1    1  2.90878E+15 0.00090 
   58   58    1    1    1    1    1    1    1    1  1.27422E+15 0.00108 
   59   59    1    1    1    1    1    1    1    1  1.36445E+15 0.00116 
   60   60    1    1    1    1    1    1    1    1  1.04915E+15 0.00086 
   61   61    1    1    1    1    1    1    1    1  1.05471E+15 0.00131 
   62   62    1    1    1    1    1    1    1    1  1.09690E+15 0.00131 
   63   63    1    1    1    1    1    1    1    1  9.19152E+14 0.00116 
   64   64    1    1    1    1    1    1    1    1  7.32972E+14 0.00095 
   65   65    1    1    1    1    1    1    1    1  7.27511E+14 0.00123 
   66   66    1    1    1    1    1    1    1    1  5.23435E+14 0.00119 
   67   67    1    1    1    1    1    1    1    1  4.28061E+14 0.00137 
   68   68    1    1    1    1    1    1    1    1  3.84562E+14 0.00127 
   69   69    1    1    1    1    1    1    1    1  4.62120E+14 0.00131 
   70   70    1    1    1    1    1    1    1    1  3.94257E+14 0.00151 
   71   71    1    1    1    1    1    1    1    1  7.25482E+14 0.00147 
   72   72    1    1    1    1    1    1    1    1  5.13179E+14 0.00148 
   73   73    1    1    1    1    1    1    1    1  3.86025E+14 0.00159 
   74   74    1    1    1    1    1    1    1    1  3.07680E+14 0.00169 
   75   75    1    1    1    1    1    1    1    1  2.52834E+14 0.00098 
   76   76    1    1    1    1    1    1    1    1  2.90655E+14 0.00153 
   77   77    1    1    1    1    1    1    1    1  2.27635E+14 0.00211 
   78   78    1    1    1    1    1    1    1    1  1.80035E+14 0.00196 
   79   79    1    1    1    1    1    1    1    1  1.85364E+14 0.00206 
   80   80    1    1    1    1    1    1    1    1  1.36180E+14 0.00246 
   81   81    1    1    1    1    1    1    1    1  1.04358E+14 0.00239 
   82   82    1    1    1    1    1    1    1    1  8.02478E+13 0.00237 
   83   83    1    1    1    1    1    1    1    1  7.50148E+13 0.00294 
   84   84    1    1    1    1    1    1    1    1  5.40531E+13 0.00274 
   85   85    1    1    1    1    1    1    1    1  3.88303E+13 0.00257 
   86   86    1    1    1    1    1    1    1    1  3.63899E+13 0.00347 
   87   87    1    1    1    1    1    1    1    1  2.25232E+13 0.00630 
   88   88    1    1    1    1    1    1    1    1  1.53202E+13 0.00585 
   89   89    1    1    1    1    1    1    1    1  8.70994E+12 0.00832 
   90   90    1    1    1    1    1    1    1    1  5.85262E+12 0.00857 
   91   91    1    1    1    1    1    1    1    1  2.94563E+12 0.01483 
   92   92    1    1    1    1    1    1    1    1  1.42644E+12 0.01658 
   93   93    1    1    1    1    1    1    1    1  6.74887E+11 0.02853 
   94   94    1    1    1    1    1    1    1    1  3.51470E+11 0.03975 
   95   95    1    1    1    1    1    1    1    1  1.82013E+11 0.04343 
   96   96    1    1    1    1    1    1    1    1  7.52097E+10 0.10220 
   97   97    1    1    1    1    1    1    1    1  4.44151E+10 0.11687 
   98   98    1    1    1    1    1    1    1    1  1.62110E+10 0.15535 
   99   99    1    1    1    1    1    1    1    1  1.06440E+10 0.21520 
  100  100    1    1    1    1    1    1    1    1  1.01142E+10 0.24855 
];


