
DETdpaspec = [
    1    1    1    1    1    1    1    1    1    1  0.00000E+00 0.00000 
    2    2    1    1    1    1    1    1    1    1  0.00000E+00 0.00000 
    3    3    1    1    1    1    1    1    1    1  0.00000E+00 0.00000 
    4    4    1    1    1    1    1    1    1    1  0.00000E+00 0.00000 
    5    5    1    1    1    1    1    1    1    1  0.00000E+00 0.00000 
    6    6    1    1    1    1    1    1    1    1  0.00000E+00 0.00000 
    7    7    1    1    1    1    1    1    1    1  1.16295E+07 1.00000 
    8    8    1    1    1    1    1    1    1    1  2.52498E+07 0.70244 
    9    9    1    1    1    1    1    1    1    1  0.00000E+00 0.00000 
   10   10    1    1    1    1    1    1    1    1  4.67715E+07 1.00000 
   11   11    1    1    1    1    1    1    1    1  5.82862E+07 1.00000 
   12   12    1    1    1    1    1    1    1    1  2.84263E+07 1.00000 
   13   13    1    1    1    1    1    1    1    1  2.66038E+09 0.58928 
   14   14    1    1    1    1    1    1    1    1  1.08294E+09 0.67125 
   15   15    1    1    1    1    1    1    1    1  2.83414E+09 0.59669 
   16   16    1    1    1    1    1    1    1    1  9.35018E+08 0.34604 
   17   17    1    1    1    1    1    1    1    1  2.32637E+09 0.27376 
   18   18    1    1    1    1    1    1    1    1  4.78722E+09 0.23065 
   19   19    1    1    1    1    1    1    1    1  5.07129E+09 0.17256 
   20   20    1    1    1    1    1    1    1    1  1.82207E+10 0.17543 
   21   21    1    1    1    1    1    1    1    1  1.54156E+10 0.14276 
   22   22    1    1    1    1    1    1    1    1  3.16582E+10 0.10501 
   23   23    1    1    1    1    1    1    1    1  5.32308E+10 0.09952 
   24   24    1    1    1    1    1    1    1    1  9.65532E+10 0.07722 
   25   25    1    1    1    1    1    1    1    1  1.11539E+11 0.06018 
   26   26    1    1    1    1    1    1    1    1  1.72978E+11 0.05718 
   27   27    1    1    1    1    1    1    1    1  3.40584E+11 0.03333 
   28   28    1    1    1    1    1    1    1    1  7.18734E+11 0.02911 
   29   29    1    1    1    1    1    1    1    1  1.16914E+12 0.02699 
   30   30    1    1    1    1    1    1    1    1  3.38628E+12 0.01451 
   31   31    1    1    1    1    1    1    1    1  1.06793E+13 0.00839 
   32   32    1    1    1    1    1    1    1    1  2.01902E+13 0.00545 
   33   33    1    1    1    1    1    1    1    1  4.83961E+13 0.00375 
   34   34    1    1    1    1    1    1    1    1  6.80786E+13 0.00199 
   35   35    1    1    1    1    1    1    1    1  8.87238E+13 0.00252 
   36   36    1    1    1    1    1    1    1    1  5.97528E+13 0.00228 
   37   37    1    1    1    1    1    1    1    1  1.82977E+13 0.00246 
   38   38    1    1    1    1    1    1    1    1  1.03543E+14 0.00220 
   39   39    1    1    1    1    1    1    1    1  1.40232E+14 0.00178 
   40   40    1    1    1    1    1    1    1    1  2.41264E+14 0.00154 
   41   41    1    1    1    1    1    1    1    1  2.45537E+14 0.00141 
   42   42    1    1    1    1    1    1    1    1  5.29479E+14 0.00127 
   43   43    1    1    1    1    1    1    1    1  6.48199E+14 0.00151 
   44   44    1    1    1    1    1    1    1    1  9.46504E+14 0.00110 
   45   45    1    1    1    1    1    1    1    1  1.90410E+15 0.00076 
   46   46    1    1    1    1    1    1    1    1  8.91127E+14 0.00080 
   47   47    1    1    1    1    1    1    1    1  1.44678E+15 0.00092 
   48   48    1    1    1    1    1    1    1    1  2.02546E+15 0.00075 
   49   49    1    1    1    1    1    1    1    1  2.01792E+15 0.00068 
   50   50    1    1    1    1    1    1    1    1  3.16333E+15 0.00063 
   51   51    1    1    1    1    1    1    1    1  2.53265E+15 0.00060 
   52   52    1    1    1    1    1    1    1    1  3.02583E+15 0.00071 
   53   53    1    1    1    1    1    1    1    1  2.10811E+15 0.00068 
   54   54    1    1    1    1    1    1    1    1  2.58660E+15 0.00061 
   55   55    1    1    1    1    1    1    1    1  1.78198E+15 0.00066 
   56   56    1    1    1    1    1    1    1    1  2.42220E+14 0.00114 
   57   57    1    1    1    1    1    1    1    1  3.55277E+15 0.00059 
   58   58    1    1    1    1    1    1    1    1  1.58839E+15 0.00054 
   59   59    1    1    1    1    1    1    1    1  1.69231E+15 0.00067 
   60   60    1    1    1    1    1    1    1    1  1.31757E+15 0.00054 
   61   61    1    1    1    1    1    1    1    1  1.32324E+15 0.00062 
   62   62    1    1    1    1    1    1    1    1  1.38134E+15 0.00074 
   63   63    1    1    1    1    1    1    1    1  1.16465E+15 0.00082 
   64   64    1    1    1    1    1    1    1    1  9.27626E+14 0.00107 
   65   65    1    1    1    1    1    1    1    1  9.22568E+14 0.00126 
   66   66    1    1    1    1    1    1    1    1  6.64436E+14 0.00107 
   67   67    1    1    1    1    1    1    1    1  5.41182E+14 0.00095 
   68   68    1    1    1    1    1    1    1    1  4.86459E+14 0.00123 
   69   69    1    1    1    1    1    1    1    1  5.84022E+14 0.00118 
   70   70    1    1    1    1    1    1    1    1  4.97056E+14 0.00121 
   71   71    1    1    1    1    1    1    1    1  9.05231E+14 0.00100 
   72   72    1    1    1    1    1    1    1    1  6.39970E+14 0.00152 
   73   73    1    1    1    1    1    1    1    1  4.82702E+14 0.00144 
   74   74    1    1    1    1    1    1    1    1  3.87869E+14 0.00125 
   75   75    1    1    1    1    1    1    1    1  3.22352E+14 0.00153 
   76   76    1    1    1    1    1    1    1    1  3.73803E+14 0.00153 
   77   77    1    1    1    1    1    1    1    1  2.95554E+14 0.00158 
   78   78    1    1    1    1    1    1    1    1  2.35678E+14 0.00134 
   79   79    1    1    1    1    1    1    1    1  2.43919E+14 0.00168 
   80   80    1    1    1    1    1    1    1    1  1.80631E+14 0.00206 
   81   81    1    1    1    1    1    1    1    1  1.38874E+14 0.00174 
   82   82    1    1    1    1    1    1    1    1  1.06692E+14 0.00247 
   83   83    1    1    1    1    1    1    1    1  1.00125E+14 0.00207 
   84   84    1    1    1    1    1    1    1    1  7.16958E+13 0.00294 
   85   85    1    1    1    1    1    1    1    1  5.18528E+13 0.00226 
   86   86    1    1    1    1    1    1    1    1  4.86640E+13 0.00326 
   87   87    1    1    1    1    1    1    1    1  2.98624E+13 0.00282 
   88   88    1    1    1    1    1    1    1    1  2.02437E+13 0.00560 
   89   89    1    1    1    1    1    1    1    1  1.14874E+13 0.00488 
   90   90    1    1    1    1    1    1    1    1  7.65516E+12 0.00616 
   91   91    1    1    1    1    1    1    1    1  3.84040E+12 0.01334 
   92   92    1    1    1    1    1    1    1    1  1.93458E+12 0.01500 
   93   93    1    1    1    1    1    1    1    1  8.83561E+11 0.02935 
   94   94    1    1    1    1    1    1    1    1  4.15110E+11 0.02739 
   95   95    1    1    1    1    1    1    1    1  2.08768E+11 0.04173 
   96   96    1    1    1    1    1    1    1    1  1.04696E+11 0.06546 
   97   97    1    1    1    1    1    1    1    1  4.83415E+10 0.08667 
   98   98    1    1    1    1    1    1    1    1  2.21521E+10 0.14857 
   99   99    1    1    1    1    1    1    1    1  1.21456E+10 0.21195 
  100  100    1    1    1    1    1    1    1    1  7.54423E+09 0.30106 
];


