
DETdpaspec = [
    1    1    1    1    1    1    1    1    1    1  0.00000E+00 0.00000 
    2    2    1    1    1    1    1    1    1    1  0.00000E+00 0.00000 
    3    3    1    1    1    1    1    1    1    1  0.00000E+00 0.00000 
    4    4    1    1    1    1    1    1    1    1  0.00000E+00 0.00000 
    5    5    1    1    1    1    1    1    1    1  0.00000E+00 0.00000 
    6    6    1    1    1    1    1    1    1    1  0.00000E+00 0.00000 
    7    7    1    1    1    1    1    1    1    1  0.00000E+00 0.00000 
    8    8    1    1    1    1    1    1    1    1  0.00000E+00 0.00000 
    9    9    1    1    1    1    1    1    1    1  0.00000E+00 0.00000 
   10   10    1    1    1    1    1    1    1    1  9.22685E+07 0.69316 
   11   11    1    1    1    1    1    1    1    1  5.90447E+07 1.00000 
   12   12    1    1    1    1    1    1    1    1  1.23674E+08 0.93865 
   13   13    1    1    1    1    1    1    1    1  7.97465E+07 1.00000 
   14   14    1    1    1    1    1    1    1    1  6.04269E+08 0.84044 
   15   15    1    1    1    1    1    1    1    1  2.55571E+09 0.58609 
   16   16    1    1    1    1    1    1    1    1  2.09652E+09 0.43801 
   17   17    1    1    1    1    1    1    1    1  1.50621E+09 0.42203 
   18   18    1    1    1    1    1    1    1    1  3.38613E+09 0.30922 
   19   19    1    1    1    1    1    1    1    1  5.43571E+09 0.22424 
   20   20    1    1    1    1    1    1    1    1  1.89007E+10 0.21523 
   21   21    1    1    1    1    1    1    1    1  1.49962E+10 0.16702 
   22   22    1    1    1    1    1    1    1    1  2.78855E+10 0.13266 
   23   23    1    1    1    1    1    1    1    1  4.60237E+10 0.11955 
   24   24    1    1    1    1    1    1    1    1  9.08064E+10 0.06915 
   25   25    1    1    1    1    1    1    1    1  1.23129E+11 0.06226 
   26   26    1    1    1    1    1    1    1    1  2.22185E+11 0.04882 
   27   27    1    1    1    1    1    1    1    1  4.59912E+11 0.03357 
   28   28    1    1    1    1    1    1    1    1  1.19754E+12 0.02155 
   29   29    1    1    1    1    1    1    1    1  2.13824E+12 0.01258 
   30   30    1    1    1    1    1    1    1    1  5.64375E+12 0.00808 
   31   31    1    1    1    1    1    1    1    1  1.64721E+13 0.00669 
   32   32    1    1    1    1    1    1    1    1  2.93460E+13 0.00575 
   33   33    1    1    1    1    1    1    1    1  6.87180E+13 0.00335 
   34   34    1    1    1    1    1    1    1    1  9.56439E+13 0.00290 
   35   35    1    1    1    1    1    1    1    1  1.13462E+14 0.00184 
   36   36    1    1    1    1    1    1    1    1  7.33385E+13 0.00208 
   37   37    1    1    1    1    1    1    1    1  2.19322E+13 0.00173 
   38   38    1    1    1    1    1    1    1    1  1.25875E+14 0.00175 
   39   39    1    1    1    1    1    1    1    1  1.70069E+14 0.00144 
   40   40    1    1    1    1    1    1    1    1  2.93192E+14 0.00132 
   41   41    1    1    1    1    1    1    1    1  2.91278E+14 0.00142 
   42   42    1    1    1    1    1    1    1    1  6.33597E+14 0.00106 
   43   43    1    1    1    1    1    1    1    1  7.70039E+14 0.00098 
   44   44    1    1    1    1    1    1    1    1  1.12049E+15 0.00087 
   45   45    1    1    1    1    1    1    1    1  2.25019E+15 0.00062 
   46   46    1    1    1    1    1    1    1    1  1.03525E+15 0.00083 
   47   47    1    1    1    1    1    1    1    1  1.66545E+15 0.00061 
   48   48    1    1    1    1    1    1    1    1  2.32214E+15 0.00060 
   49   49    1    1    1    1    1    1    1    1  2.29537E+15 0.00066 
   50   50    1    1    1    1    1    1    1    1  3.61239E+15 0.00071 
   51   51    1    1    1    1    1    1    1    1  2.84887E+15 0.00068 
   52   52    1    1    1    1    1    1    1    1  3.43643E+15 0.00059 
   53   53    1    1    1    1    1    1    1    1  2.37814E+15 0.00051 
   54   54    1    1    1    1    1    1    1    1  2.94661E+15 0.00055 
   55   55    1    1    1    1    1    1    1    1  2.02338E+15 0.00061 
   56   56    1    1    1    1    1    1    1    1  2.74149E+14 0.00098 
   57   57    1    1    1    1    1    1    1    1  4.01886E+15 0.00057 
   58   58    1    1    1    1    1    1    1    1  1.82233E+15 0.00063 
   59   59    1    1    1    1    1    1    1    1  1.92825E+15 0.00060 
   60   60    1    1    1    1    1    1    1    1  1.51853E+15 0.00080 
   61   61    1    1    1    1    1    1    1    1  1.51887E+15 0.00075 
   62   62    1    1    1    1    1    1    1    1  1.58801E+15 0.00075 
   63   63    1    1    1    1    1    1    1    1  1.33985E+15 0.00062 
   64   64    1    1    1    1    1    1    1    1  1.06530E+15 0.00083 
   65   65    1    1    1    1    1    1    1    1  1.06009E+15 0.00077 
   66   66    1    1    1    1    1    1    1    1  7.62523E+14 0.00109 
   67   67    1    1    1    1    1    1    1    1  6.19355E+14 0.00131 
   68   68    1    1    1    1    1    1    1    1  5.54159E+14 0.00106 
   69   69    1    1    1    1    1    1    1    1  6.64899E+14 0.00081 
   70   70    1    1    1    1    1    1    1    1  5.64085E+14 0.00109 
   71   71    1    1    1    1    1    1    1    1  1.01520E+15 0.00090 
   72   72    1    1    1    1    1    1    1    1  7.16332E+14 0.00109 
   73   73    1    1    1    1    1    1    1    1  5.41059E+14 0.00091 
   74   74    1    1    1    1    1    1    1    1  4.36912E+14 0.00119 
   75   75    1    1    1    1    1    1    1    1  3.65757E+14 0.00127 
   76   76    1    1    1    1    1    1    1    1  4.28536E+14 0.00097 
   77   77    1    1    1    1    1    1    1    1  3.41162E+14 0.00143 
   78   78    1    1    1    1    1    1    1    1  2.74022E+14 0.00199 
   79   79    1    1    1    1    1    1    1    1  2.83704E+14 0.00183 
   80   80    1    1    1    1    1    1    1    1  2.10745E+14 0.00203 
   81   81    1    1    1    1    1    1    1    1  1.62996E+14 0.00228 
   82   82    1    1    1    1    1    1    1    1  1.25326E+14 0.00250 
   83   83    1    1    1    1    1    1    1    1  1.16898E+14 0.00225 
   84   84    1    1    1    1    1    1    1    1  8.42297E+13 0.00333 
   85   85    1    1    1    1    1    1    1    1  6.09514E+13 0.00261 
   86   86    1    1    1    1    1    1    1    1  5.68208E+13 0.00321 
   87   87    1    1    1    1    1    1    1    1  3.44996E+13 0.00385 
   88   88    1    1    1    1    1    1    1    1  2.34579E+13 0.00537 
   89   89    1    1    1    1    1    1    1    1  1.33725E+13 0.00644 
   90   90    1    1    1    1    1    1    1    1  8.84370E+12 0.00830 
   91   91    1    1    1    1    1    1    1    1  4.49783E+12 0.01166 
   92   92    1    1    1    1    1    1    1    1  2.14609E+12 0.01584 
   93   93    1    1    1    1    1    1    1    1  1.05170E+12 0.02220 
   94   94    1    1    1    1    1    1    1    1  5.05091E+11 0.03411 
   95   95    1    1    1    1    1    1    1    1  2.41922E+11 0.05561 
   96   96    1    1    1    1    1    1    1    1  1.19068E+11 0.06374 
   97   97    1    1    1    1    1    1    1    1  6.50181E+10 0.09512 
   98   98    1    1    1    1    1    1    1    1  2.07795E+10 0.13360 
   99   99    1    1    1    1    1    1    1    1  1.49124E+10 0.19720 
  100  100    1    1    1    1    1    1    1    1  1.37098E+10 0.22630 
];


