
DETdpaspec = [
    1    1    1    1    1    1    1    1    1    1  0.00000E+00 0.00000 
    2    2    1    1    1    1    1    1    1    1  0.00000E+00 0.00000 
    3    3    1    1    1    1    1    1    1    1  0.00000E+00 0.00000 
    4    4    1    1    1    1    1    1    1    1  0.00000E+00 0.00000 
    5    5    1    1    1    1    1    1    1    1  0.00000E+00 0.00000 
    6    6    1    1    1    1    1    1    1    1  0.00000E+00 0.00000 
    7    7    1    1    1    1    1    1    1    1  0.00000E+00 0.00000 
    8    8    1    1    1    1    1    1    1    1  0.00000E+00 0.00000 
    9    9    1    1    1    1    1    1    1    1  0.00000E+00 0.00000 
   10   10    1    1    1    1    1    1    1    1  4.54655E+07 1.00000 
   11   11    1    1    1    1    1    1    1    1  2.38783E+08 0.83932 
   12   12    1    1    1    1    1    1    1    1  3.58580E+07 0.70088 
   13   13    1    1    1    1    1    1    1    1  1.12978E+09 0.59264 
   14   14    1    1    1    1    1    1    1    1  2.04572E+09 0.40589 
   15   15    1    1    1    1    1    1    1    1  2.76437E+09 0.63119 
   16   16    1    1    1    1    1    1    1    1  1.11580E+09 0.47496 
   17   17    1    1    1    1    1    1    1    1  1.47032E+09 0.25972 
   18   18    1    1    1    1    1    1    1    1  5.38880E+09 0.22503 
   19   19    1    1    1    1    1    1    1    1  6.38694E+09 0.18416 
   20   20    1    1    1    1    1    1    1    1  1.73600E+10 0.17059 
   21   21    1    1    1    1    1    1    1    1  1.58035E+10 0.12851 
   22   22    1    1    1    1    1    1    1    1  3.79669E+10 0.12427 
   23   23    1    1    1    1    1    1    1    1  5.56253E+10 0.09205 
   24   24    1    1    1    1    1    1    1    1  8.54296E+10 0.05799 
   25   25    1    1    1    1    1    1    1    1  1.14292E+11 0.04524 
   26   26    1    1    1    1    1    1    1    1  1.93105E+11 0.04126 
   27   27    1    1    1    1    1    1    1    1  3.28023E+11 0.03481 
   28   28    1    1    1    1    1    1    1    1  6.44089E+11 0.02138 
   29   29    1    1    1    1    1    1    1    1  9.66997E+11 0.01555 
   30   30    1    1    1    1    1    1    1    1  2.89192E+12 0.01493 
   31   31    1    1    1    1    1    1    1    1  9.12610E+12 0.00876 
   32   32    1    1    1    1    1    1    1    1  1.72847E+13 0.00619 
   33   33    1    1    1    1    1    1    1    1  4.13112E+13 0.00429 
   34   34    1    1    1    1    1    1    1    1  5.77301E+13 0.00286 
   35   35    1    1    1    1    1    1    1    1  7.87837E+13 0.00227 
   36   36    1    1    1    1    1    1    1    1  5.39644E+13 0.00231 
   37   37    1    1    1    1    1    1    1    1  1.67411E+13 0.00231 
   38   38    1    1    1    1    1    1    1    1  9.31924E+13 0.00185 
   39   39    1    1    1    1    1    1    1    1  1.26283E+14 0.00247 
   40   40    1    1    1    1    1    1    1    1  2.16337E+14 0.00165 
   41   41    1    1    1    1    1    1    1    1  2.22716E+14 0.00126 
   42   42    1    1    1    1    1    1    1    1  4.75081E+14 0.00143 
   43   43    1    1    1    1    1    1    1    1  5.78843E+14 0.00112 
   44   44    1    1    1    1    1    1    1    1  8.43778E+14 0.00114 
   45   45    1    1    1    1    1    1    1    1  1.68169E+15 0.00106 
   46   46    1    1    1    1    1    1    1    1  7.92084E+14 0.00098 
   47   47    1    1    1    1    1    1    1    1  1.28905E+15 0.00085 
   48   48    1    1    1    1    1    1    1    1  1.80434E+15 0.00069 
   49   49    1    1    1    1    1    1    1    1  1.79942E+15 0.00082 
   50   50    1    1    1    1    1    1    1    1  2.79784E+15 0.00082 
   51   51    1    1    1    1    1    1    1    1  2.25362E+15 0.00082 
   52   52    1    1    1    1    1    1    1    1  2.66749E+15 0.00055 
   53   53    1    1    1    1    1    1    1    1  1.86071E+15 0.00084 
   54   54    1    1    1    1    1    1    1    1  2.26191E+15 0.00091 
   55   55    1    1    1    1    1    1    1    1  1.56123E+15 0.00071 
   56   56    1    1    1    1    1    1    1    1  2.13038E+14 0.00119 
   57   57    1    1    1    1    1    1    1    1  3.11509E+15 0.00070 
   58   58    1    1    1    1    1    1    1    1  1.37409E+15 0.00074 
   59   59    1    1    1    1    1    1    1    1  1.46853E+15 0.00084 
   60   60    1    1    1    1    1    1    1    1  1.13169E+15 0.00093 
   61   61    1    1    1    1    1    1    1    1  1.13821E+15 0.00084 
   62   62    1    1    1    1    1    1    1    1  1.18811E+15 0.00097 
   63   63    1    1    1    1    1    1    1    1  9.98565E+14 0.00096 
   64   64    1    1    1    1    1    1    1    1  7.95452E+14 0.00110 
   65   65    1    1    1    1    1    1    1    1  7.89271E+14 0.00121 
   66   66    1    1    1    1    1    1    1    1  5.67852E+14 0.00102 
   67   67    1    1    1    1    1    1    1    1  4.63850E+14 0.00088 
   68   68    1    1    1    1    1    1    1    1  4.16780E+14 0.00118 
   69   69    1    1    1    1    1    1    1    1  5.00410E+14 0.00125 
   70   70    1    1    1    1    1    1    1    1  4.27132E+14 0.00170 
   71   71    1    1    1    1    1    1    1    1  7.82756E+14 0.00117 
   72   72    1    1    1    1    1    1    1    1  5.55700E+14 0.00130 
   73   73    1    1    1    1    1    1    1    1  4.16584E+14 0.00152 
   74   74    1    1    1    1    1    1    1    1  3.32951E+14 0.00125 
   75   75    1    1    1    1    1    1    1    1  2.74875E+14 0.00152 
   76   76    1    1    1    1    1    1    1    1  3.16657E+14 0.00144 
   77   77    1    1    1    1    1    1    1    1  2.48739E+14 0.00134 
   78   78    1    1    1    1    1    1    1    1  1.97612E+14 0.00177 
   79   79    1    1    1    1    1    1    1    1  2.02697E+14 0.00226 
   80   80    1    1    1    1    1    1    1    1  1.49829E+14 0.00161 
   81   81    1    1    1    1    1    1    1    1  1.15556E+14 0.00176 
   82   82    1    1    1    1    1    1    1    1  8.83550E+13 0.00177 
   83   83    1    1    1    1    1    1    1    1  8.25680E+13 0.00308 
   84   84    1    1    1    1    1    1    1    1  5.97777E+13 0.00206 
   85   85    1    1    1    1    1    1    1    1  4.27337E+13 0.00314 
   86   86    1    1    1    1    1    1    1    1  4.01243E+13 0.00352 
   87   87    1    1    1    1    1    1    1    1  2.48042E+13 0.00523 
   88   88    1    1    1    1    1    1    1    1  1.68001E+13 0.00619 
   89   89    1    1    1    1    1    1    1    1  9.57085E+12 0.00852 
   90   90    1    1    1    1    1    1    1    1  6.45543E+12 0.01122 
   91   91    1    1    1    1    1    1    1    1  3.15986E+12 0.01201 
   92   92    1    1    1    1    1    1    1    1  1.59700E+12 0.02408 
   93   93    1    1    1    1    1    1    1    1  7.54458E+11 0.02756 
   94   94    1    1    1    1    1    1    1    1  3.49351E+11 0.03387 
   95   95    1    1    1    1    1    1    1    1  1.63521E+11 0.05551 
   96   96    1    1    1    1    1    1    1    1  9.49836E+10 0.10225 
   97   97    1    1    1    1    1    1    1    1  4.75984E+10 0.10799 
   98   98    1    1    1    1    1    1    1    1  1.65541E+10 0.17376 
   99   99    1    1    1    1    1    1    1    1  9.13100E+09 0.29087 
  100  100    1    1    1    1    1    1    1    1  1.12217E+10 0.25538 
];


