
DETdpaspec = [
    1    1    1    1    1    1    1    1    1    1  0.00000E+00 0.00000 
    2    2    1    1    1    1    1    1    1    1  0.00000E+00 0.00000 
    3    3    1    1    1    1    1    1    1    1  0.00000E+00 0.00000 
    4    4    1    1    1    1    1    1    1    1  0.00000E+00 0.00000 
    5    5    1    1    1    1    1    1    1    1  0.00000E+00 0.00000 
    6    6    1    1    1    1    1    1    1    1  0.00000E+00 0.00000 
    7    7    1    1    1    1    1    1    1    1  0.00000E+00 0.00000 
    8    8    1    1    1    1    1    1    1    1  0.00000E+00 0.00000 
    9    9    1    1    1    1    1    1    1    1  2.82905E+07 0.71297 
   10   10    1    1    1    1    1    1    1    1  0.00000E+00 0.00000 
   11   11    1    1    1    1    1    1    1    1  4.98499E+07 1.00000 
   12   12    1    1    1    1    1    1    1    1  1.06282E+07 1.00000 
   13   13    1    1    1    1    1    1    1    1  1.14446E+09 0.66755 
   14   14    1    1    1    1    1    1    1    1  1.84270E+09 0.37608 
   15   15    1    1    1    1    1    1    1    1  4.82397E+09 0.34031 
   16   16    1    1    1    1    1    1    1    1  1.67687E+09 0.44213 
   17   17    1    1    1    1    1    1    1    1  2.32963E+09 0.23804 
   18   18    1    1    1    1    1    1    1    1  6.58802E+09 0.20865 
   19   19    1    1    1    1    1    1    1    1  4.94698E+09 0.20576 
   20   20    1    1    1    1    1    1    1    1  2.14625E+10 0.12954 
   21   21    1    1    1    1    1    1    1    1  1.46723E+10 0.12934 
   22   22    1    1    1    1    1    1    1    1  3.36304E+10 0.08602 
   23   23    1    1    1    1    1    1    1    1  6.57542E+10 0.08707 
   24   24    1    1    1    1    1    1    1    1  1.05824E+11 0.04672 
   25   25    1    1    1    1    1    1    1    1  1.16976E+11 0.05163 
   26   26    1    1    1    1    1    1    1    1  1.78254E+11 0.04524 
   27   27    1    1    1    1    1    1    1    1  3.10861E+11 0.04437 
   28   28    1    1    1    1    1    1    1    1  5.96442E+11 0.03377 
   29   29    1    1    1    1    1    1    1    1  8.79323E+11 0.02070 
   30   30    1    1    1    1    1    1    1    1  2.64573E+12 0.01871 
   31   31    1    1    1    1    1    1    1    1  8.51393E+12 0.01184 
   32   32    1    1    1    1    1    1    1    1  1.63213E+13 0.00660 
   33   33    1    1    1    1    1    1    1    1  3.79782E+13 0.00396 
   34   34    1    1    1    1    1    1    1    1  5.23055E+13 0.00269 
   35   35    1    1    1    1    1    1    1    1  7.32474E+13 0.00348 
   36   36    1    1    1    1    1    1    1    1  5.07813E+13 0.00280 
   37   37    1    1    1    1    1    1    1    1  1.58745E+13 0.00306 
   38   38    1    1    1    1    1    1    1    1  8.78653E+13 0.00181 
   39   39    1    1    1    1    1    1    1    1  1.18325E+14 0.00160 
   40   40    1    1    1    1    1    1    1    1  2.01578E+14 0.00097 
   41   41    1    1    1    1    1    1    1    1  2.08333E+14 0.00150 
   42   42    1    1    1    1    1    1    1    1  4.39472E+14 0.00128 
   43   43    1    1    1    1    1    1    1    1  5.34688E+14 0.00108 
   44   44    1    1    1    1    1    1    1    1  7.77680E+14 0.00112 
   45   45    1    1    1    1    1    1    1    1  1.52809E+15 0.00069 
   46   46    1    1    1    1    1    1    1    1  7.21805E+14 0.00105 
   47   47    1    1    1    1    1    1    1    1  1.17557E+15 0.00099 
   48   48    1    1    1    1    1    1    1    1  1.64237E+15 0.00102 
   49   49    1    1    1    1    1    1    1    1  1.63897E+15 0.00105 
   50   50    1    1    1    1    1    1    1    1  2.53088E+15 0.00098 
   51   51    1    1    1    1    1    1    1    1  2.04622E+15 0.00100 
   52   52    1    1    1    1    1    1    1    1  2.40029E+15 0.00094 
   53   53    1    1    1    1    1    1    1    1  1.67467E+15 0.00102 
   54   54    1    1    1    1    1    1    1    1  2.02217E+15 0.00098 
   55   55    1    1    1    1    1    1    1    1  1.39514E+15 0.00111 
   56   56    1    1    1    1    1    1    1    1  1.90319E+14 0.00145 
   57   57    1    1    1    1    1    1    1    1  2.78054E+15 0.00088 
   58   58    1    1    1    1    1    1    1    1  1.21498E+15 0.00106 
   59   59    1    1    1    1    1    1    1    1  1.29781E+15 0.00094 
   60   60    1    1    1    1    1    1    1    1  9.96695E+14 0.00121 
   61   61    1    1    1    1    1    1    1    1  1.00441E+15 0.00110 
   62   62    1    1    1    1    1    1    1    1  1.04373E+15 0.00101 
   63   63    1    1    1    1    1    1    1    1  8.75551E+14 0.00153 
   64   64    1    1    1    1    1    1    1    1  6.96591E+14 0.00146 
   65   65    1    1    1    1    1    1    1    1  6.92444E+14 0.00097 
   66   66    1    1    1    1    1    1    1    1  4.97966E+14 0.00135 
   67   67    1    1    1    1    1    1    1    1  4.07698E+14 0.00150 
   68   68    1    1    1    1    1    1    1    1  3.66880E+14 0.00131 
   69   69    1    1    1    1    1    1    1    1  4.40611E+14 0.00136 
   70   70    1    1    1    1    1    1    1    1  3.75653E+14 0.00173 
   71   71    1    1    1    1    1    1    1    1  6.88500E+14 0.00141 
   72   72    1    1    1    1    1    1    1    1  4.88856E+14 0.00099 
   73   73    1    1    1    1    1    1    1    1  3.67779E+14 0.00173 
   74   74    1    1    1    1    1    1    1    1  2.91455E+14 0.00186 
   75   75    1    1    1    1    1    1    1    1  2.39790E+14 0.00204 
   76   76    1    1    1    1    1    1    1    1  2.73800E+14 0.00186 
   77   77    1    1    1    1    1    1    1    1  2.14458E+14 0.00143 
   78   78    1    1    1    1    1    1    1    1  1.69216E+14 0.00201 
   79   79    1    1    1    1    1    1    1    1  1.73557E+14 0.00251 
   80   80    1    1    1    1    1    1    1    1  1.28383E+14 0.00184 
   81   81    1    1    1    1    1    1    1    1  9.82967E+13 0.00254 
   82   82    1    1    1    1    1    1    1    1  7.52741E+13 0.00282 
   83   83    1    1    1    1    1    1    1    1  7.08693E+13 0.00248 
   84   84    1    1    1    1    1    1    1    1  5.05056E+13 0.00306 
   85   85    1    1    1    1    1    1    1    1  3.66835E+13 0.00340 
   86   86    1    1    1    1    1    1    1    1  3.43751E+13 0.00493 
   87   87    1    1    1    1    1    1    1    1  2.11035E+13 0.00503 
   88   88    1    1    1    1    1    1    1    1  1.42060E+13 0.00749 
   89   89    1    1    1    1    1    1    1    1  8.27820E+12 0.00718 
   90   90    1    1    1    1    1    1    1    1  5.43370E+12 0.00792 
   91   91    1    1    1    1    1    1    1    1  2.74483E+12 0.01657 
   92   92    1    1    1    1    1    1    1    1  1.36217E+12 0.02121 
   93   93    1    1    1    1    1    1    1    1  6.56633E+11 0.04050 
   94   94    1    1    1    1    1    1    1    1  3.11623E+11 0.03597 
   95   95    1    1    1    1    1    1    1    1  1.47842E+11 0.05707 
   96   96    1    1    1    1    1    1    1    1  7.56398E+10 0.08221 
   97   97    1    1    1    1    1    1    1    1  4.34931E+10 0.14174 
   98   98    1    1    1    1    1    1    1    1  1.61440E+10 0.17833 
   99   99    1    1    1    1    1    1    1    1  6.75781E+09 0.26216 
  100  100    1    1    1    1    1    1    1    1  5.94079E+09 0.29785 
];


