
DETdpaspec = [
    1    1    1    1    1    1    1    1    1    1  0.00000E+00 0.00000 
    2    2    1    1    1    1    1    1    1    1  0.00000E+00 0.00000 
    3    3    1    1    1    1    1    1    1    1  0.00000E+00 0.00000 
    4    4    1    1    1    1    1    1    1    1  0.00000E+00 0.00000 
    5    5    1    1    1    1    1    1    1    1  0.00000E+00 0.00000 
    6    6    1    1    1    1    1    1    1    1  0.00000E+00 0.00000 
    7    7    1    1    1    1    1    1    1    1  3.79046E+07 1.00000 
    8    8    1    1    1    1    1    1    1    1  0.00000E+00 0.00000 
    9    9    1    1    1    1    1    1    1    1  0.00000E+00 0.00000 
   10   10    1    1    1    1    1    1    1    1  0.00000E+00 0.00000 
   11   11    1    1    1    1    1    1    1    1  5.20832E+07 1.00000 
   12   12    1    1    1    1    1    1    1    1  1.15045E+08 0.96695 
   13   13    1    1    1    1    1    1    1    1  8.83207E+08 0.46904 
   14   14    1    1    1    1    1    1    1    1  3.75841E+09 0.43335 
   15   15    1    1    1    1    1    1    1    1  3.84491E+09 0.45926 
   16   16    1    1    1    1    1    1    1    1  1.23925E+09 0.52643 
   17   17    1    1    1    1    1    1    1    1  2.04025E+09 0.43587 
   18   18    1    1    1    1    1    1    1    1  3.75801E+09 0.20293 
   19   19    1    1    1    1    1    1    1    1  9.32514E+09 0.19337 
   20   20    1    1    1    1    1    1    1    1  1.94094E+10 0.17113 
   21   21    1    1    1    1    1    1    1    1  1.47998E+10 0.14875 
   22   22    1    1    1    1    1    1    1    1  3.60546E+10 0.14714 
   23   23    1    1    1    1    1    1    1    1  4.37464E+10 0.11533 
   24   24    1    1    1    1    1    1    1    1  8.51762E+10 0.08510 
   25   25    1    1    1    1    1    1    1    1  1.29403E+11 0.05687 
   26   26    1    1    1    1    1    1    1    1  2.04730E+11 0.04857 
   27   27    1    1    1    1    1    1    1    1  3.93606E+11 0.02283 
   28   28    1    1    1    1    1    1    1    1  9.14842E+11 0.02445 
   29   29    1    1    1    1    1    1    1    1  1.67754E+12 0.02029 
   30   30    1    1    1    1    1    1    1    1  4.56338E+12 0.01209 
   31   31    1    1    1    1    1    1    1    1  1.37273E+13 0.00655 
   32   32    1    1    1    1    1    1    1    1  2.50592E+13 0.00505 
   33   33    1    1    1    1    1    1    1    1  5.98649E+13 0.00341 
   34   34    1    1    1    1    1    1    1    1  8.40115E+13 0.00260 
   35   35    1    1    1    1    1    1    1    1  1.03668E+14 0.00227 
   36   36    1    1    1    1    1    1    1    1  6.79745E+13 0.00291 
   37   37    1    1    1    1    1    1    1    1  2.04377E+13 0.00318 
   38   38    1    1    1    1    1    1    1    1  1.16662E+14 0.00217 
   39   39    1    1    1    1    1    1    1    1  1.58142E+14 0.00205 
   40   40    1    1    1    1    1    1    1    1  2.73726E+14 0.00181 
   41   41    1    1    1    1    1    1    1    1  2.73291E+14 0.00150 
   42   42    1    1    1    1    1    1    1    1  5.93943E+14 0.00138 
   43   43    1    1    1    1    1    1    1    1  7.25707E+14 0.00134 
   44   44    1    1    1    1    1    1    1    1  1.05722E+15 0.00094 
   45   45    1    1    1    1    1    1    1    1  2.12912E+15 0.00083 
   46   46    1    1    1    1    1    1    1    1  9.86338E+14 0.00073 
   47   47    1    1    1    1    1    1    1    1  1.59075E+15 0.00079 
   48   48    1    1    1    1    1    1    1    1  2.22561E+15 0.00057 
   49   49    1    1    1    1    1    1    1    1  2.20811E+15 0.00046 
   50   50    1    1    1    1    1    1    1    1  3.47542E+15 0.00049 
   51   51    1    1    1    1    1    1    1    1  2.75382E+15 0.00067 
   52   52    1    1    1    1    1    1    1    1  3.31740E+15 0.00066 
   53   53    1    1    1    1    1    1    1    1  2.29993E+15 0.00064 
   54   54    1    1    1    1    1    1    1    1  2.84561E+15 0.00056 
   55   55    1    1    1    1    1    1    1    1  1.95491E+15 0.00072 
   56   56    1    1    1    1    1    1    1    1  2.65257E+14 0.00118 
   57   57    1    1    1    1    1    1    1    1  3.89184E+15 0.00046 
   58   58    1    1    1    1    1    1    1    1  1.75900E+15 0.00070 
   59   59    1    1    1    1    1    1    1    1  1.86465E+15 0.00065 
   60   60    1    1    1    1    1    1    1    1  1.46427E+15 0.00047 
   61   61    1    1    1    1    1    1    1    1  1.46662E+15 0.00061 
   62   62    1    1    1    1    1    1    1    1  1.53394E+15 0.00076 
   63   63    1    1    1    1    1    1    1    1  1.29455E+15 0.00074 
   64   64    1    1    1    1    1    1    1    1  1.03113E+15 0.00074 
   65   65    1    1    1    1    1    1    1    1  1.02600E+15 0.00072 
   66   66    1    1    1    1    1    1    1    1  7.38442E+14 0.00091 
   67   67    1    1    1    1    1    1    1    1  6.00209E+14 0.00123 
   68   68    1    1    1    1    1    1    1    1  5.37893E+14 0.00123 
   69   69    1    1    1    1    1    1    1    1  6.45392E+14 0.00098 
   70   70    1    1    1    1    1    1    1    1  5.48449E+14 0.00118 
   71   71    1    1    1    1    1    1    1    1  9.92238E+14 0.00085 
   72   72    1    1    1    1    1    1    1    1  7.01474E+14 0.00096 
   73   73    1    1    1    1    1    1    1    1  5.27889E+14 0.00119 
   74   74    1    1    1    1    1    1    1    1  4.26625E+14 0.00136 
   75   75    1    1    1    1    1    1    1    1  3.56732E+14 0.00098 
   76   76    1    1    1    1    1    1    1    1  4.15466E+14 0.00101 
   77   77    1    1    1    1    1    1    1    1  3.31047E+14 0.00146 
   78   78    1    1    1    1    1    1    1    1  2.65263E+14 0.00153 
   79   79    1    1    1    1    1    1    1    1  2.74938E+14 0.00174 
   80   80    1    1    1    1    1    1    1    1  2.03140E+14 0.00194 
   81   81    1    1    1    1    1    1    1    1  1.57553E+14 0.00149 
   82   82    1    1    1    1    1    1    1    1  1.20334E+14 0.00106 
   83   83    1    1    1    1    1    1    1    1  1.12764E+14 0.00206 
   84   84    1    1    1    1    1    1    1    1  8.15783E+13 0.00257 
   85   85    1    1    1    1    1    1    1    1  5.84089E+13 0.00368 
   86   86    1    1    1    1    1    1    1    1  5.47693E+13 0.00272 
   87   87    1    1    1    1    1    1    1    1  3.36811E+13 0.00372 
   88   88    1    1    1    1    1    1    1    1  2.27259E+13 0.00505 
   89   89    1    1    1    1    1    1    1    1  1.29930E+13 0.00505 
   90   90    1    1    1    1    1    1    1    1  8.51292E+12 0.00986 
   91   91    1    1    1    1    1    1    1    1  4.37728E+12 0.00993 
   92   92    1    1    1    1    1    1    1    1  2.10357E+12 0.01335 
   93   93    1    1    1    1    1    1    1    1  1.03385E+12 0.02045 
   94   94    1    1    1    1    1    1    1    1  4.78858E+11 0.03826 
   95   95    1    1    1    1    1    1    1    1  2.45932E+11 0.05449 
   96   96    1    1    1    1    1    1    1    1  1.02225E+11 0.06522 
   97   97    1    1    1    1    1    1    1    1  4.51905E+10 0.11283 
   98   98    1    1    1    1    1    1    1    1  2.14859E+10 0.14566 
   99   99    1    1    1    1    1    1    1    1  1.05985E+10 0.23707 
  100  100    1    1    1    1    1    1    1    1  1.08971E+10 0.24567 
];


