
DETdpaspec = [
    1    1    1    1    1    1    1    1    1    1  0.00000E+00 0.00000 
    2    2    1    1    1    1    1    1    1    1  0.00000E+00 0.00000 
    3    3    1    1    1    1    1    1    1    1  0.00000E+00 0.00000 
    4    4    1    1    1    1    1    1    1    1  0.00000E+00 0.00000 
    5    5    1    1    1    1    1    1    1    1  1.86407E+07 1.00000 
    6    6    1    1    1    1    1    1    1    1  0.00000E+00 0.00000 
    7    7    1    1    1    1    1    1    1    1  0.00000E+00 0.00000 
    8    8    1    1    1    1    1    1    1    1  0.00000E+00 0.00000 
    9    9    1    1    1    1    1    1    1    1  1.68903E+07 0.69887 
   10   10    1    1    1    1    1    1    1    1  4.43751E+07 1.00000 
   11   11    1    1    1    1    1    1    1    1  0.00000E+00 0.00000 
   12   12    1    1    1    1    1    1    1    1  1.04186E+08 0.68829 
   13   13    1    1    1    1    1    1    1    1  2.34857E+09 0.60829 
   14   14    1    1    1    1    1    1    1    1  4.37067E+09 0.38051 
   15   15    1    1    1    1    1    1    1    1  2.48622E+09 0.40213 
   16   16    1    1    1    1    1    1    1    1  1.00373E+09 0.50091 
   17   17    1    1    1    1    1    1    1    1  1.57989E+09 0.44428 
   18   18    1    1    1    1    1    1    1    1  2.80747E+09 0.35140 
   19   19    1    1    1    1    1    1    1    1  4.14579E+09 0.30607 
   20   20    1    1    1    1    1    1    1    1  1.53762E+10 0.17942 
   21   21    1    1    1    1    1    1    1    1  1.34676E+10 0.16749 
   22   22    1    1    1    1    1    1    1    1  3.11262E+10 0.10693 
   23   23    1    1    1    1    1    1    1    1  4.77119E+10 0.08686 
   24   24    1    1    1    1    1    1    1    1  9.28616E+10 0.07094 
   25   25    1    1    1    1    1    1    1    1  1.40981E+11 0.05481 
   26   26    1    1    1    1    1    1    1    1  2.99129E+11 0.03715 
   27   27    1    1    1    1    1    1    1    1  6.90431E+11 0.03025 
   28   28    1    1    1    1    1    1    1    1  1.72346E+12 0.01717 
   29   29    1    1    1    1    1    1    1    1  3.21265E+12 0.01674 
   30   30    1    1    1    1    1    1    1    1  7.87192E+12 0.00698 
   31   31    1    1    1    1    1    1    1    1  2.14903E+13 0.00647 
   32   32    1    1    1    1    1    1    1    1  3.64863E+13 0.00628 
   33   33    1    1    1    1    1    1    1    1  8.35001E+13 0.00312 
   34   34    1    1    1    1    1    1    1    1  1.13171E+14 0.00254 
   35   35    1    1    1    1    1    1    1    1  1.28904E+14 0.00175 
   36   36    1    1    1    1    1    1    1    1  8.12892E+13 0.00155 
   37   37    1    1    1    1    1    1    1    1  2.41146E+13 0.00141 
   38   38    1    1    1    1    1    1    1    1  1.38673E+14 0.00130 
   39   39    1    1    1    1    1    1    1    1  1.86690E+14 0.00138 
   40   40    1    1    1    1    1    1    1    1  3.21446E+14 0.00109 
   41   41    1    1    1    1    1    1    1    1  3.16300E+14 0.00088 
   42   42    1    1    1    1    1    1    1    1  6.88271E+14 0.00104 
   43   43    1    1    1    1    1    1    1    1  8.34694E+14 0.00119 
   44   44    1    1    1    1    1    1    1    1  1.20607E+15 0.00091 
   45   45    1    1    1    1    1    1    1    1  2.40793E+15 0.00099 
   46   46    1    1    1    1    1    1    1    1  1.09713E+15 0.00054 
   47   47    1    1    1    1    1    1    1    1  1.75802E+15 0.00067 
   48   48    1    1    1    1    1    1    1    1  2.43794E+15 0.00069 
   49   49    1    1    1    1    1    1    1    1  2.40045E+15 0.00055 
   50   50    1    1    1    1    1    1    1    1  3.76788E+15 0.00057 
   51   51    1    1    1    1    1    1    1    1  2.94598E+15 0.00058 
   52   52    1    1    1    1    1    1    1    1  3.55382E+15 0.00053 
   53   53    1    1    1    1    1    1    1    1  2.45040E+15 0.00059 
   54   54    1    1    1    1    1    1    1    1  3.04100E+15 0.00061 
   55   55    1    1    1    1    1    1    1    1  2.08136E+15 0.00077 
   56   56    1    1    1    1    1    1    1    1  2.81219E+14 0.00097 
   57   57    1    1    1    1    1    1    1    1  4.12684E+15 0.00055 
   58   58    1    1    1    1    1    1    1    1  1.87510E+15 0.00064 
   59   59    1    1    1    1    1    1    1    1  1.97790E+15 0.00067 
   60   60    1    1    1    1    1    1    1    1  1.56113E+15 0.00058 
   61   61    1    1    1    1    1    1    1    1  1.56008E+15 0.00059 
   62   62    1    1    1    1    1    1    1    1  1.62979E+15 0.00084 
   63   63    1    1    1    1    1    1    1    1  1.37345E+15 0.00093 
   64   64    1    1    1    1    1    1    1    1  1.09193E+15 0.00085 
   65   65    1    1    1    1    1    1    1    1  1.08358E+15 0.00086 
   66   66    1    1    1    1    1    1    1    1  7.79731E+14 0.00079 
   67   67    1    1    1    1    1    1    1    1  6.31627E+14 0.00110 
   68   68    1    1    1    1    1    1    1    1  5.64023E+14 0.00087 
   69   69    1    1    1    1    1    1    1    1  6.76578E+14 0.00093 
   70   70    1    1    1    1    1    1    1    1  5.73334E+14 0.00117 
   71   71    1    1    1    1    1    1    1    1  1.02891E+15 0.00087 
   72   72    1    1    1    1    1    1    1    1  7.23366E+14 0.00077 
   73   73    1    1    1    1    1    1    1    1  5.45295E+14 0.00098 
   74   74    1    1    1    1    1    1    1    1  4.42733E+14 0.00083 
   75   75    1    1    1    1    1    1    1    1  3.71505E+14 0.00101 
   76   76    1    1    1    1    1    1    1    1  4.35207E+14 0.00090 
   77   77    1    1    1    1    1    1    1    1  3.47713E+14 0.00141 
   78   78    1    1    1    1    1    1    1    1  2.78780E+14 0.00136 
   79   79    1    1    1    1    1    1    1    1  2.89593E+14 0.00124 
   80   80    1    1    1    1    1    1    1    1  2.15120E+14 0.00147 
   81   81    1    1    1    1    1    1    1    1  1.66168E+14 0.00166 
   82   82    1    1    1    1    1    1    1    1  1.27838E+14 0.00224 
   83   83    1    1    1    1    1    1    1    1  1.19508E+14 0.00168 
   84   84    1    1    1    1    1    1    1    1  8.61049E+13 0.00233 
   85   85    1    1    1    1    1    1    1    1  6.16445E+13 0.00225 
   86   86    1    1    1    1    1    1    1    1  5.79075E+13 0.00250 
   87   87    1    1    1    1    1    1    1    1  3.53952E+13 0.00367 
   88   88    1    1    1    1    1    1    1    1  2.37434E+13 0.00487 
   89   89    1    1    1    1    1    1    1    1  1.36517E+13 0.00468 
   90   90    1    1    1    1    1    1    1    1  8.95140E+12 0.00789 
   91   91    1    1    1    1    1    1    1    1  4.49884E+12 0.00858 
   92   92    1    1    1    1    1    1    1    1  2.14757E+12 0.01867 
   93   93    1    1    1    1    1    1    1    1  1.02568E+12 0.02455 
   94   94    1    1    1    1    1    1    1    1  4.90199E+11 0.03625 
   95   95    1    1    1    1    1    1    1    1  2.37718E+11 0.05497 
   96   96    1    1    1    1    1    1    1    1  1.15272E+11 0.07148 
   97   97    1    1    1    1    1    1    1    1  5.73525E+10 0.07428 
   98   98    1    1    1    1    1    1    1    1  2.18442E+10 0.11286 
   99   99    1    1    1    1    1    1    1    1  1.05649E+10 0.21012 
  100  100    1    1    1    1    1    1    1    1  1.06570E+10 0.20404 
];


