
DETdpaspec = [
    1    1    1    1    1    1    1    1    1    1  0.00000E+00 0.00000 
    2    2    1    1    1    1    1    1    1    1  0.00000E+00 0.00000 
    3    3    1    1    1    1    1    1    1    1  0.00000E+00 0.00000 
    4    4    1    1    1    1    1    1    1    1  0.00000E+00 0.00000 
    5    5    1    1    1    1    1    1    1    1  0.00000E+00 0.00000 
    6    6    1    1    1    1    1    1    1    1  0.00000E+00 0.00000 
    7    7    1    1    1    1    1    1    1    1  1.38190E+07 1.00000 
    8    8    1    1    1    1    1    1    1    1  3.11423E+07 0.68831 
    9    9    1    1    1    1    1    1    1    1  8.16944E+06 1.00000 
   10   10    1    1    1    1    1    1    1    1  1.22507E+08 0.74380 
   11   11    1    1    1    1    1    1    1    1  8.63879E+07 1.00000 
   12   12    1    1    1    1    1    1    1    1  1.09213E+08 0.47131 
   13   13    1    1    1    1    1    1    1    1  1.19439E+08 0.69975 
   14   14    1    1    1    1    1    1    1    1  1.73275E+09 0.67740 
   15   15    1    1    1    1    1    1    1    1  5.16191E+09 0.38324 
   16   16    1    1    1    1    1    1    1    1  1.26585E+09 0.32575 
   17   17    1    1    1    1    1    1    1    1  1.72730E+09 0.24293 
   18   18    1    1    1    1    1    1    1    1  4.59544E+09 0.20496 
   19   19    1    1    1    1    1    1    1    1  8.71737E+09 0.17265 
   20   20    1    1    1    1    1    1    1    1  1.70755E+10 0.15797 
   21   21    1    1    1    1    1    1    1    1  1.76538E+10 0.11220 
   22   22    1    1    1    1    1    1    1    1  5.24997E+10 0.07126 
   23   23    1    1    1    1    1    1    1    1  5.86691E+10 0.07067 
   24   24    1    1    1    1    1    1    1    1  1.08384E+11 0.05731 
   25   25    1    1    1    1    1    1    1    1  1.34868E+11 0.03880 
   26   26    1    1    1    1    1    1    1    1  2.11202E+11 0.03657 
   27   27    1    1    1    1    1    1    1    1  3.63632E+11 0.03455 
   28   28    1    1    1    1    1    1    1    1  6.12045E+11 0.02583 
   29   29    1    1    1    1    1    1    1    1  8.15048E+11 0.01965 
   30   30    1    1    1    1    1    1    1    1  2.69527E+12 0.01401 
   31   31    1    1    1    1    1    1    1    1  8.11480E+12 0.00906 
   32   32    1    1    1    1    1    1    1    1  1.51701E+13 0.00591 
   33   33    1    1    1    1    1    1    1    1  3.35575E+13 0.00388 
   34   34    1    1    1    1    1    1    1    1  4.41569E+13 0.00306 
   35   35    1    1    1    1    1    1    1    1  6.45695E+13 0.00284 
   36   36    1    1    1    1    1    1    1    1  4.52151E+13 0.00194 
   37   37    1    1    1    1    1    1    1    1  1.43967E+13 0.00324 
   38   38    1    1    1    1    1    1    1    1  7.74064E+13 0.00169 
   39   39    1    1    1    1    1    1    1    1  1.03223E+14 0.00189 
   40   40    1    1    1    1    1    1    1    1  1.71515E+14 0.00182 
   41   41    1    1    1    1    1    1    1    1  1.79732E+14 0.00242 
   42   42    1    1    1    1    1    1    1    1  3.67865E+14 0.00144 
   43   43    1    1    1    1    1    1    1    1  4.40075E+14 0.00155 
   44   44    1    1    1    1    1    1    1    1  6.26790E+14 0.00108 
   45   45    1    1    1    1    1    1    1    1  1.20018E+15 0.00118 
   46   46    1    1    1    1    1    1    1    1  5.66742E+14 0.00115 
   47   47    1    1    1    1    1    1    1    1  9.23801E+14 0.00136 
   48   48    1    1    1    1    1    1    1    1  1.27708E+15 0.00102 
   49   49    1    1    1    1    1    1    1    1  1.27025E+15 0.00113 
   50   50    1    1    1    1    1    1    1    1  1.92271E+15 0.00119 
   51   51    1    1    1    1    1    1    1    1  1.56712E+15 0.00140 
   52   52    1    1    1    1    1    1    1    1  1.79539E+15 0.00122 
   53   53    1    1    1    1    1    1    1    1  1.25354E+15 0.00134 
   54   54    1    1    1    1    1    1    1    1  1.48172E+15 0.00137 
   55   55    1    1    1    1    1    1    1    1  1.02803E+15 0.00142 
   56   56    1    1    1    1    1    1    1    1  1.41054E+14 0.00144 
   57   57    1    1    1    1    1    1    1    1  2.04147E+15 0.00139 
   58   58    1    1    1    1    1    1    1    1  8.70986E+14 0.00151 
   59   59    1    1    1    1    1    1    1    1  9.34025E+14 0.00157 
   60   60    1    1    1    1    1    1    1    1  7.04446E+14 0.00145 
   61   61    1    1    1    1    1    1    1    1  7.09796E+14 0.00139 
   62   62    1    1    1    1    1    1    1    1  7.34334E+14 0.00162 
   63   63    1    1    1    1    1    1    1    1  6.11877E+14 0.00117 
   64   64    1    1    1    1    1    1    1    1  4.86719E+14 0.00181 
   65   65    1    1    1    1    1    1    1    1  4.81991E+14 0.00203 
   66   66    1    1    1    1    1    1    1    1  3.45175E+14 0.00144 
   67   67    1    1    1    1    1    1    1    1  2.83813E+14 0.00213 
   68   68    1    1    1    1    1    1    1    1  2.56402E+14 0.00202 
   69   69    1    1    1    1    1    1    1    1  3.06471E+14 0.00154 
   70   70    1    1    1    1    1    1    1    1  2.62019E+14 0.00167 
   71   71    1    1    1    1    1    1    1    1  4.87570E+14 0.00196 
   72   72    1    1    1    1    1    1    1    1  3.47101E+14 0.00207 
   73   73    1    1    1    1    1    1    1    1  2.58792E+14 0.00235 
   74   74    1    1    1    1    1    1    1    1  2.02596E+14 0.00239 
   75   75    1    1    1    1    1    1    1    1  1.64402E+14 0.00265 
   76   76    1    1    1    1    1    1    1    1  1.85581E+14 0.00227 
   77   77    1    1    1    1    1    1    1    1  1.43126E+14 0.00297 
   78   78    1    1    1    1    1    1    1    1  1.11762E+14 0.00287 
   79   79    1    1    1    1    1    1    1    1  1.13847E+14 0.00237 
   80   80    1    1    1    1    1    1    1    1  8.36746E+13 0.00327 
   81   81    1    1    1    1    1    1    1    1  6.42572E+13 0.00375 
   82   82    1    1    1    1    1    1    1    1  4.90134E+13 0.00305 
   83   83    1    1    1    1    1    1    1    1  4.56107E+13 0.00270 
   84   84    1    1    1    1    1    1    1    1  3.27333E+13 0.00407 
   85   85    1    1    1    1    1    1    1    1  2.35891E+13 0.00565 
   86   86    1    1    1    1    1    1    1    1  2.19764E+13 0.00603 
   87   87    1    1    1    1    1    1    1    1  1.36824E+13 0.00716 
   88   88    1    1    1    1    1    1    1    1  9.35241E+12 0.00806 
   89   89    1    1    1    1    1    1    1    1  5.42026E+12 0.01062 
   90   90    1    1    1    1    1    1    1    1  3.63335E+12 0.00980 
   91   91    1    1    1    1    1    1    1    1  1.77429E+12 0.01966 
   92   92    1    1    1    1    1    1    1    1  9.04280E+11 0.02938 
   93   93    1    1    1    1    1    1    1    1  4.12549E+11 0.03792 
   94   94    1    1    1    1    1    1    1    1  2.01215E+11 0.05942 
   95   95    1    1    1    1    1    1    1    1  1.05642E+11 0.06159 
   96   96    1    1    1    1    1    1    1    1  4.71163E+10 0.09066 
   97   97    1    1    1    1    1    1    1    1  2.83751E+10 0.18411 
   98   98    1    1    1    1    1    1    1    1  1.05986E+10 0.20061 
   99   99    1    1    1    1    1    1    1    1  6.08504E+09 0.24618 
  100  100    1    1    1    1    1    1    1    1  6.86724E+09 0.29881 
];


