
DETdpaspec = [
    1    1    1    1    1    1    1    1    1    1  0.00000E+00 0.00000 
    2    2    1    1    1    1    1    1    1    1  0.00000E+00 0.00000 
    3    3    1    1    1    1    1    1    1    1  0.00000E+00 0.00000 
    4    4    1    1    1    1    1    1    1    1  0.00000E+00 0.00000 
    5    5    1    1    1    1    1    1    1    1  0.00000E+00 0.00000 
    6    6    1    1    1    1    1    1    1    1  0.00000E+00 0.00000 
    7    7    1    1    1    1    1    1    1    1  1.45041E+07 1.00000 
    8    8    1    1    1    1    1    1    1    1  1.30088E+07 1.00000 
    9    9    1    1    1    1    1    1    1    1  1.44647E+07 1.00000 
   10   10    1    1    1    1    1    1    1    1  1.62720E+08 0.69073 
   11   11    1    1    1    1    1    1    1    1  9.71621E+07 0.68847 
   12   12    1    1    1    1    1    1    1    1  8.80454E+07 0.52755 
   13   13    1    1    1    1    1    1    1    1  4.93974E+08 0.64004 
   14   14    1    1    1    1    1    1    1    1  1.87691E+09 0.31801 
   15   15    1    1    1    1    1    1    1    1  2.84332E+09 0.36585 
   16   16    1    1    1    1    1    1    1    1  6.84109E+08 0.29281 
   17   17    1    1    1    1    1    1    1    1  1.83618E+09 0.30344 
   18   18    1    1    1    1    1    1    1    1  4.82987E+09 0.23288 
   19   19    1    1    1    1    1    1    1    1  7.83807E+09 0.18374 
   20   20    1    1    1    1    1    1    1    1  2.40220E+10 0.10453 
   21   21    1    1    1    1    1    1    1    1  1.66268E+10 0.11754 
   22   22    1    1    1    1    1    1    1    1  4.86973E+10 0.06544 
   23   23    1    1    1    1    1    1    1    1  5.92407E+10 0.06360 
   24   24    1    1    1    1    1    1    1    1  1.01152E+11 0.06330 
   25   25    1    1    1    1    1    1    1    1  1.24385E+11 0.04464 
   26   26    1    1    1    1    1    1    1    1  1.97789E+11 0.03771 
   27   27    1    1    1    1    1    1    1    1  3.30834E+11 0.03802 
   28   28    1    1    1    1    1    1    1    1  6.06045E+11 0.02535 
   29   29    1    1    1    1    1    1    1    1  8.56888E+11 0.01746 
   30   30    1    1    1    1    1    1    1    1  2.62268E+12 0.00934 
   31   31    1    1    1    1    1    1    1    1  8.28852E+12 0.00759 
   32   32    1    1    1    1    1    1    1    1  1.55865E+13 0.00702 
   33   33    1    1    1    1    1    1    1    1  3.52433E+13 0.00383 
   34   34    1    1    1    1    1    1    1    1  4.72716E+13 0.00291 
   35   35    1    1    1    1    1    1    1    1  6.78163E+13 0.00300 
   36   36    1    1    1    1    1    1    1    1  4.74635E+13 0.00318 
   37   37    1    1    1    1    1    1    1    1  1.49739E+13 0.00231 
   38   38    1    1    1    1    1    1    1    1  8.13876E+13 0.00261 
   39   39    1    1    1    1    1    1    1    1  1.09256E+14 0.00172 
   40   40    1    1    1    1    1    1    1    1  1.83727E+14 0.00156 
   41   41    1    1    1    1    1    1    1    1  1.91561E+14 0.00136 
   42   42    1    1    1    1    1    1    1    1  3.99019E+14 0.00136 
   43   43    1    1    1    1    1    1    1    1  4.81723E+14 0.00139 
   44   44    1    1    1    1    1    1    1    1  6.95252E+14 0.00110 
   45   45    1    1    1    1    1    1    1    1  1.34615E+15 0.00121 
   46   46    1    1    1    1    1    1    1    1  6.36121E+14 0.00098 
   47   47    1    1    1    1    1    1    1    1  1.03627E+15 0.00080 
   48   48    1    1    1    1    1    1    1    1  1.44090E+15 0.00087 
   49   49    1    1    1    1    1    1    1    1  1.43778E+15 0.00085 
   50   50    1    1    1    1    1    1    1    1  2.19866E+15 0.00080 
   51   51    1    1    1    1    1    1    1    1  1.78481E+15 0.00100 
   52   52    1    1    1    1    1    1    1    1  2.06889E+15 0.00107 
   53   53    1    1    1    1    1    1    1    1  1.44394E+15 0.00094 
   54   54    1    1    1    1    1    1    1    1  1.72363E+15 0.00108 
   55   55    1    1    1    1    1    1    1    1  1.19128E+15 0.00086 
   56   56    1    1    1    1    1    1    1    1  1.63424E+14 0.00144 
   57   57    1    1    1    1    1    1    1    1  2.36954E+15 0.00082 
   58   58    1    1    1    1    1    1    1    1  1.02295E+15 0.00078 
   59   59    1    1    1    1    1    1    1    1  1.09464E+15 0.00099 
   60   60    1    1    1    1    1    1    1    1  8.32740E+14 0.00098 
   61   61    1    1    1    1    1    1    1    1  8.40158E+14 0.00120 
   62   62    1    1    1    1    1    1    1    1  8.71111E+14 0.00139 
   63   63    1    1    1    1    1    1    1    1  7.27783E+14 0.00131 
   64   64    1    1    1    1    1    1    1    1  5.79794E+14 0.00167 
   65   65    1    1    1    1    1    1    1    1  5.74513E+14 0.00142 
   66   66    1    1    1    1    1    1    1    1  4.11510E+14 0.00144 
   67   67    1    1    1    1    1    1    1    1  3.38365E+14 0.00176 
   68   68    1    1    1    1    1    1    1    1  3.04200E+14 0.00160 
   69   69    1    1    1    1    1    1    1    1  3.65817E+14 0.00233 
   70   70    1    1    1    1    1    1    1    1  3.10860E+14 0.00197 
   71   71    1    1    1    1    1    1    1    1  5.77348E+14 0.00147 
   72   72    1    1    1    1    1    1    1    1  4.09933E+14 0.00099 
   73   73    1    1    1    1    1    1    1    1  3.06398E+14 0.00179 
   74   74    1    1    1    1    1    1    1    1  2.42793E+14 0.00212 
   75   75    1    1    1    1    1    1    1    1  1.97204E+14 0.00169 
   76   76    1    1    1    1    1    1    1    1  2.25196E+14 0.00202 
   77   77    1    1    1    1    1    1    1    1  1.74275E+14 0.00219 
   78   78    1    1    1    1    1    1    1    1  1.37483E+14 0.00252 
   79   79    1    1    1    1    1    1    1    1  1.40271E+14 0.00210 
   80   80    1    1    1    1    1    1    1    1  1.03019E+14 0.00255 
   81   81    1    1    1    1    1    1    1    1  7.87871E+13 0.00228 
   82   82    1    1    1    1    1    1    1    1  6.05184E+13 0.00270 
   83   83    1    1    1    1    1    1    1    1  5.65238E+13 0.00240 
   84   84    1    1    1    1    1    1    1    1  4.04030E+13 0.00328 
   85   85    1    1    1    1    1    1    1    1  2.92561E+13 0.00537 
   86   86    1    1    1    1    1    1    1    1  2.72444E+13 0.00491 
   87   87    1    1    1    1    1    1    1    1  1.68860E+13 0.00543 
   88   88    1    1    1    1    1    1    1    1  1.14730E+13 0.00707 
   89   89    1    1    1    1    1    1    1    1  6.61140E+12 0.00720 
   90   90    1    1    1    1    1    1    1    1  4.43472E+12 0.00935 
   91   91    1    1    1    1    1    1    1    1  2.26302E+12 0.01695 
   92   92    1    1    1    1    1    1    1    1  1.03814E+12 0.01813 
   93   93    1    1    1    1    1    1    1    1  4.95183E+11 0.02686 
   94   94    1    1    1    1    1    1    1    1  2.41784E+11 0.06479 
   95   95    1    1    1    1    1    1    1    1  1.23058E+11 0.06789 
   96   96    1    1    1    1    1    1    1    1  6.94243E+10 0.07634 
   97   97    1    1    1    1    1    1    1    1  2.54913E+10 0.16055 
   98   98    1    1    1    1    1    1    1    1  1.10980E+10 0.21235 
   99   99    1    1    1    1    1    1    1    1  5.63690E+09 0.22802 
  100  100    1    1    1    1    1    1    1    1  5.72936E+09 0.24525 
];


