
DETdpaspec = [
    1    1    1    1    1    1    1    1    1    1  0.00000E+00 0.00000 
    2    2    1    1    1    1    1    1    1    1  0.00000E+00 0.00000 
    3    3    1    1    1    1    1    1    1    1  0.00000E+00 0.00000 
    4    4    1    1    1    1    1    1    1    1  0.00000E+00 0.00000 
    5    5    1    1    1    1    1    1    1    1  0.00000E+00 0.00000 
    6    6    1    1    1    1    1    1    1    1  0.00000E+00 0.00000 
    7    7    1    1    1    1    1    1    1    1  1.82308E+07 1.00000 
    8    8    1    1    1    1    1    1    1    1  2.88798E+07 0.70797 
    9    9    1    1    1    1    1    1    1    1  1.10478E+07 1.00000 
   10   10    1    1    1    1    1    1    1    1  3.19614E+07 1.00000 
   11   11    1    1    1    1    1    1    1    1  2.65919E+08 0.56089 
   12   12    1    1    1    1    1    1    1    1  8.47237E+07 0.53603 
   13   13    1    1    1    1    1    1    1    1  1.55059E+09 0.42726 
   14   14    1    1    1    1    1    1    1    1  1.62511E+09 0.61654 
   15   15    1    1    1    1    1    1    1    1  3.39246E+09 0.45545 
   16   16    1    1    1    1    1    1    1    1  1.79932E+09 0.32608 
   17   17    1    1    1    1    1    1    1    1  1.60998E+09 0.32998 
   18   18    1    1    1    1    1    1    1    1  2.52172E+09 0.29914 
   19   19    1    1    1    1    1    1    1    1  5.05094E+09 0.25388 
   20   20    1    1    1    1    1    1    1    1  1.59089E+10 0.14591 
   21   21    1    1    1    1    1    1    1    1  1.67663E+10 0.11931 
   22   22    1    1    1    1    1    1    1    1  3.31968E+10 0.13442 
   23   23    1    1    1    1    1    1    1    1  5.24386E+10 0.08682 
   24   24    1    1    1    1    1    1    1    1  8.49100E+10 0.06394 
   25   25    1    1    1    1    1    1    1    1  1.24096E+11 0.07343 
   26   26    1    1    1    1    1    1    1    1  1.98896E+11 0.05925 
   27   27    1    1    1    1    1    1    1    1  3.79953E+11 0.03606 
   28   28    1    1    1    1    1    1    1    1  8.92815E+11 0.01802 
   29   29    1    1    1    1    1    1    1    1  1.50630E+12 0.01599 
   30   30    1    1    1    1    1    1    1    1  4.22479E+12 0.01350 
   31   31    1    1    1    1    1    1    1    1  1.29571E+13 0.00607 
   32   32    1    1    1    1    1    1    1    1  2.37066E+13 0.00411 
   33   33    1    1    1    1    1    1    1    1  5.69971E+13 0.00403 
   34   34    1    1    1    1    1    1    1    1  8.01885E+13 0.00283 
   35   35    1    1    1    1    1    1    1    1  1.00065E+14 0.00263 
   36   36    1    1    1    1    1    1    1    1  6.60772E+13 0.00164 
   37   37    1    1    1    1    1    1    1    1  1.99147E+13 0.00224 
   38   38    1    1    1    1    1    1    1    1  1.13557E+14 0.00181 
   39   39    1    1    1    1    1    1    1    1  1.53865E+14 0.00171 
   40   40    1    1    1    1    1    1    1    1  2.65575E+14 0.00136 
   41   41    1    1    1    1    1    1    1    1  2.67089E+14 0.00138 
   42   42    1    1    1    1    1    1    1    1  5.79772E+14 0.00106 
   43   43    1    1    1    1    1    1    1    1  7.08029E+14 0.00104 
   44   44    1    1    1    1    1    1    1    1  1.03574E+15 0.00083 
   45   45    1    1    1    1    1    1    1    1  2.08443E+15 0.00061 
   46   46    1    1    1    1    1    1    1    1  9.67038E+14 0.00058 
   47   47    1    1    1    1    1    1    1    1  1.56286E+15 0.00058 
   48   48    1    1    1    1    1    1    1    1  2.18825E+15 0.00073 
   49   49    1    1    1    1    1    1    1    1  2.17188E+15 0.00058 
   50   50    1    1    1    1    1    1    1    1  3.41410E+15 0.00064 
   51   51    1    1    1    1    1    1    1    1  2.71402E+15 0.00052 
   52   52    1    1    1    1    1    1    1    1  3.26120E+15 0.00057 
   53   53    1    1    1    1    1    1    1    1  2.26474E+15 0.00073 
   54   54    1    1    1    1    1    1    1    1  2.79730E+15 0.00081 
   55   55    1    1    1    1    1    1    1    1  1.92309E+15 0.00066 
   56   56    1    1    1    1    1    1    1    1  2.61535E+14 0.00099 
   57   57    1    1    1    1    1    1    1    1  3.83360E+15 0.00069 
   58   58    1    1    1    1    1    1    1    1  1.72920E+15 0.00075 
   59   59    1    1    1    1    1    1    1    1  1.83628E+15 0.00085 
   60   60    1    1    1    1    1    1    1    1  1.43916E+15 0.00087 
   61   61    1    1    1    1    1    1    1    1  1.44192E+15 0.00085 
   62   62    1    1    1    1    1    1    1    1  1.50577E+15 0.00084 
   63   63    1    1    1    1    1    1    1    1  1.27189E+15 0.00087 
   64   64    1    1    1    1    1    1    1    1  1.01273E+15 0.00094 
   65   65    1    1    1    1    1    1    1    1  1.00754E+15 0.00083 
   66   66    1    1    1    1    1    1    1    1  7.26287E+14 0.00087 
   67   67    1    1    1    1    1    1    1    1  5.90507E+14 0.00070 
   68   68    1    1    1    1    1    1    1    1  5.28361E+14 0.00121 
   69   69    1    1    1    1    1    1    1    1  6.34833E+14 0.00084 
   70   70    1    1    1    1    1    1    1    1  5.40301E+14 0.00091 
   71   71    1    1    1    1    1    1    1    1  9.77188E+14 0.00098 
   72   72    1    1    1    1    1    1    1    1  6.92096E+14 0.00103 
   73   73    1    1    1    1    1    1    1    1  5.20906E+14 0.00124 
   74   74    1    1    1    1    1    1    1    1  4.20451E+14 0.00105 
   75   75    1    1    1    1    1    1    1    1  3.51037E+14 0.00138 
   76   76    1    1    1    1    1    1    1    1  4.08947E+14 0.00131 
   77   77    1    1    1    1    1    1    1    1  3.24729E+14 0.00155 
   78   78    1    1    1    1    1    1    1    1  2.60112E+14 0.00147 
   79   79    1    1    1    1    1    1    1    1  2.68717E+14 0.00217 
   80   80    1    1    1    1    1    1    1    1  1.99988E+14 0.00190 
   81   81    1    1    1    1    1    1    1    1  1.53382E+14 0.00197 
   82   82    1    1    1    1    1    1    1    1  1.18487E+14 0.00220 
   83   83    1    1    1    1    1    1    1    1  1.10965E+14 0.00217 
   84   84    1    1    1    1    1    1    1    1  7.98821E+13 0.00291 
   85   85    1    1    1    1    1    1    1    1  5.77326E+13 0.00381 
   86   86    1    1    1    1    1    1    1    1  5.39929E+13 0.00255 
   87   87    1    1    1    1    1    1    1    1  3.27704E+13 0.00438 
   88   88    1    1    1    1    1    1    1    1  2.21256E+13 0.00617 
   89   89    1    1    1    1    1    1    1    1  1.27655E+13 0.00573 
   90   90    1    1    1    1    1    1    1    1  8.34981E+12 0.00815 
   91   91    1    1    1    1    1    1    1    1  4.20885E+12 0.00979 
   92   92    1    1    1    1    1    1    1    1  2.11936E+12 0.01084 
   93   93    1    1    1    1    1    1    1    1  9.90379E+11 0.02632 
   94   94    1    1    1    1    1    1    1    1  4.65390E+11 0.03850 
   95   95    1    1    1    1    1    1    1    1  2.15430E+11 0.04747 
   96   96    1    1    1    1    1    1    1    1  1.09676E+11 0.07138 
   97   97    1    1    1    1    1    1    1    1  5.38009E+10 0.06795 
   98   98    1    1    1    1    1    1    1    1  2.03558E+10 0.14557 
   99   99    1    1    1    1    1    1    1    1  9.09777E+09 0.19838 
  100  100    1    1    1    1    1    1    1    1  3.83572E+09 0.25407 
];


