
DETdpaspec = [
    1    1    1    1    1    1    1    1    1    1  0.00000E+00 0.00000 
    2    2    1    1    1    1    1    1    1    1  0.00000E+00 0.00000 
    3    3    1    1    1    1    1    1    1    1  0.00000E+00 0.00000 
    4    4    1    1    1    1    1    1    1    1  0.00000E+00 0.00000 
    5    5    1    1    1    1    1    1    1    1  0.00000E+00 0.00000 
    6    6    1    1    1    1    1    1    1    1  0.00000E+00 0.00000 
    7    7    1    1    1    1    1    1    1    1  0.00000E+00 0.00000 
    8    8    1    1    1    1    1    1    1    1  0.00000E+00 0.00000 
    9    9    1    1    1    1    1    1    1    1  0.00000E+00 0.00000 
   10   10    1    1    1    1    1    1    1    1  0.00000E+00 0.00000 
   11   11    1    1    1    1    1    1    1    1  0.00000E+00 0.00000 
   12   12    1    1    1    1    1    1    1    1  6.45877E+07 1.00000 
   13   13    1    1    1    1    1    1    1    1  3.49851E+08 1.00000 
   14   14    1    1    1    1    1    1    1    1  1.94206E+09 0.75344 
   15   15    1    1    1    1    1    1    1    1  3.68765E+09 0.44635 
   16   16    1    1    1    1    1    1    1    1  1.64294E+09 0.67030 
   17   17    1    1    1    1    1    1    1    1  2.51982E+09 0.32814 
   18   18    1    1    1    1    1    1    1    1  3.76367E+09 0.41525 
   19   19    1    1    1    1    1    1    1    1  5.39167E+09 0.26535 
   20   20    1    1    1    1    1    1    1    1  1.08571E+10 0.17827 
   21   21    1    1    1    1    1    1    1    1  1.08623E+10 0.16391 
   22   22    1    1    1    1    1    1    1    1  2.01502E+10 0.13328 
   23   23    1    1    1    1    1    1    1    1  4.96984E+10 0.12620 
   24   24    1    1    1    1    1    1    1    1  1.45772E+11 0.07482 
   25   25    1    1    1    1    1    1    1    1  2.61602E+11 0.04982 
   26   26    1    1    1    1    1    1    1    1  5.86660E+11 0.02188 
   27   27    1    1    1    1    1    1    1    1  1.29232E+12 0.01581 
   28   28    1    1    1    1    1    1    1    1  3.11329E+12 0.01423 
   29   29    1    1    1    1    1    1    1    1  5.49683E+12 0.01190 
   30   30    1    1    1    1    1    1    1    1  1.22264E+13 0.00937 
   31   31    1    1    1    1    1    1    1    1  3.02215E+13 0.00465 
   32   32    1    1    1    1    1    1    1    1  4.90920E+13 0.00441 
   33   33    1    1    1    1    1    1    1    1  1.07006E+14 0.00300 
   34   34    1    1    1    1    1    1    1    1  1.40022E+14 0.00174 
   35   35    1    1    1    1    1    1    1    1  1.51669E+14 0.00216 
   36   36    1    1    1    1    1    1    1    1  9.27129E+13 0.00167 
   37   37    1    1    1    1    1    1    1    1  2.73531E+13 0.00184 
   38   38    1    1    1    1    1    1    1    1  1.57417E+14 0.00149 
   39   39    1    1    1    1    1    1    1    1  2.10825E+14 0.00122 
   40   40    1    1    1    1    1    1    1    1  3.59709E+14 0.00125 
   41   41    1    1    1    1    1    1    1    1  3.49910E+14 0.00117 
   42   42    1    1    1    1    1    1    1    1  7.58837E+14 0.00097 
   43   43    1    1    1    1    1    1    1    1  9.11203E+14 0.00086 
   44   44    1    1    1    1    1    1    1    1  1.30863E+15 0.00089 
   45   45    1    1    1    1    1    1    1    1  2.58800E+15 0.00059 
   46   46    1    1    1    1    1    1    1    1  1.16502E+15 0.00069 
   47   47    1    1    1    1    1    1    1    1  1.85477E+15 0.00084 
   48   48    1    1    1    1    1    1    1    1  2.55255E+15 0.00063 
   49   49    1    1    1    1    1    1    1    1  2.49795E+15 0.00051 
   50   50    1    1    1    1    1    1    1    1  3.90270E+15 0.00080 
   51   51    1    1    1    1    1    1    1    1  3.02414E+15 0.00067 
   52   52    1    1    1    1    1    1    1    1  3.64694E+15 0.00072 
   53   53    1    1    1    1    1    1    1    1  2.49547E+15 0.00073 
   54   54    1    1    1    1    1    1    1    1  3.09561E+15 0.00045 
   55   55    1    1    1    1    1    1    1    1  2.11278E+15 0.00073 
   56   56    1    1    1    1    1    1    1    1  2.85035E+14 0.00094 
   57   57    1    1    1    1    1    1    1    1  4.17134E+15 0.00058 
   58   58    1    1    1    1    1    1    1    1  1.89788E+15 0.00072 
   59   59    1    1    1    1    1    1    1    1  1.99733E+15 0.00071 
   60   60    1    1    1    1    1    1    1    1  1.57820E+15 0.00070 
   61   61    1    1    1    1    1    1    1    1  1.57076E+15 0.00086 
   62   62    1    1    1    1    1    1    1    1  1.63738E+15 0.00062 
   63   63    1    1    1    1    1    1    1    1  1.38019E+15 0.00070 
   64   64    1    1    1    1    1    1    1    1  1.09443E+15 0.00086 
   65   65    1    1    1    1    1    1    1    1  1.08435E+15 0.00071 
   66   66    1    1    1    1    1    1    1    1  7.78561E+14 0.00098 
   67   67    1    1    1    1    1    1    1    1  6.28602E+14 0.00092 
   68   68    1    1    1    1    1    1    1    1  5.60401E+14 0.00106 
   69   69    1    1    1    1    1    1    1    1  6.70658E+14 0.00099 
   70   70    1    1    1    1    1    1    1    1  5.68694E+14 0.00104 
   71   71    1    1    1    1    1    1    1    1  1.01299E+15 0.00106 
   72   72    1    1    1    1    1    1    1    1  7.11329E+14 0.00111 
   73   73    1    1    1    1    1    1    1    1  5.35641E+14 0.00129 
   74   74    1    1    1    1    1    1    1    1  4.34480E+14 0.00140 
   75   75    1    1    1    1    1    1    1    1  3.64152E+14 0.00173 
   76   76    1    1    1    1    1    1    1    1  4.27570E+14 0.00093 
   77   77    1    1    1    1    1    1    1    1  3.42330E+14 0.00146 
   78   78    1    1    1    1    1    1    1    1  2.75609E+14 0.00158 
   79   79    1    1    1    1    1    1    1    1  2.85822E+14 0.00160 
   80   80    1    1    1    1    1    1    1    1  2.12631E+14 0.00165 
   81   81    1    1    1    1    1    1    1    1  1.64075E+14 0.00165 
   82   82    1    1    1    1    1    1    1    1  1.26071E+14 0.00195 
   83   83    1    1    1    1    1    1    1    1  1.17834E+14 0.00267 
   84   84    1    1    1    1    1    1    1    1  8.50196E+13 0.00161 
   85   85    1    1    1    1    1    1    1    1  6.13417E+13 0.00349 
   86   86    1    1    1    1    1    1    1    1  5.69930E+13 0.00264 
   87   87    1    1    1    1    1    1    1    1  3.47581E+13 0.00512 
   88   88    1    1    1    1    1    1    1    1  2.32845E+13 0.00529 
   89   89    1    1    1    1    1    1    1    1  1.33756E+13 0.00756 
   90   90    1    1    1    1    1    1    1    1  8.85970E+12 0.00746 
   91   91    1    1    1    1    1    1    1    1  4.42574E+12 0.00789 
   92   92    1    1    1    1    1    1    1    1  2.12587E+12 0.01465 
   93   93    1    1    1    1    1    1    1    1  1.00804E+12 0.02459 
   94   94    1    1    1    1    1    1    1    1  4.73328E+11 0.02956 
   95   95    1    1    1    1    1    1    1    1  2.40450E+11 0.04477 
   96   96    1    1    1    1    1    1    1    1  1.04213E+11 0.07366 
   97   97    1    1    1    1    1    1    1    1  4.38623E+10 0.07957 
   98   98    1    1    1    1    1    1    1    1  2.36624E+10 0.14678 
   99   99    1    1    1    1    1    1    1    1  9.27230E+09 0.20265 
  100  100    1    1    1    1    1    1    1    1  1.01485E+10 0.25057 
];


