
DETdpaspec = [
    1    1    1    1    1    1    1    1    1    1  0.00000E+00 0.00000 
    2    2    1    1    1    1    1    1    1    1  0.00000E+00 0.00000 
    3    3    1    1    1    1    1    1    1    1  0.00000E+00 0.00000 
    4    4    1    1    1    1    1    1    1    1  0.00000E+00 0.00000 
    5    5    1    1    1    1    1    1    1    1  0.00000E+00 0.00000 
    6    6    1    1    1    1    1    1    1    1  0.00000E+00 0.00000 
    7    7    1    1    1    1    1    1    1    1  0.00000E+00 0.00000 
    8    8    1    1    1    1    1    1    1    1  4.60608E+07 1.00000 
    9    9    1    1    1    1    1    1    1    1  0.00000E+00 0.00000 
   10   10    1    1    1    1    1    1    1    1  0.00000E+00 0.00000 
   11   11    1    1    1    1    1    1    1    1  0.00000E+00 0.00000 
   12   12    1    1    1    1    1    1    1    1  8.43000E+08 0.82325 
   13   13    1    1    1    1    1    1    1    1  2.81959E+09 0.48828 
   14   14    1    1    1    1    1    1    1    1  4.44055E+09 0.44325 
   15   15    1    1    1    1    1    1    1    1  6.02128E+08 1.00000 
   16   16    1    1    1    1    1    1    1    1  0.00000E+00 0.00000 
   17   17    1    1    1    1    1    1    1    1  1.87230E+09 0.52408 
   18   18    1    1    1    1    1    1    1    1  1.63375E+09 0.56935 
   19   19    1    1    1    1    1    1    1    1  5.54646E+08 0.44734 
   20   20    1    1    1    1    1    1    1    1  7.79448E+09 0.22609 
   21   21    1    1    1    1    1    1    1    1  1.84419E+10 0.12756 
   22   22    1    1    1    1    1    1    1    1  8.67967E+10 0.06503 
   23   23    1    1    1    1    1    1    1    1  3.92218E+11 0.03983 
   24   24    1    1    1    1    1    1    1    1  1.17294E+12 0.02354 
   25   25    1    1    1    1    1    1    1    1  1.77182E+12 0.02385 
   26   26    1    1    1    1    1    1    1    1  3.63784E+12 0.01430 
   27   27    1    1    1    1    1    1    1    1  6.72085E+12 0.00871 
   28   28    1    1    1    1    1    1    1    1  1.18554E+13 0.00536 
   29   29    1    1    1    1    1    1    1    1  1.77900E+13 0.00592 
   30   30    1    1    1    1    1    1    1    1  3.29531E+13 0.00400 
   31   31    1    1    1    1    1    1    1    1  6.33921E+13 0.00261 
   32   32    1    1    1    1    1    1    1    1  9.01064E+13 0.00254 
   33   33    1    1    1    1    1    1    1    1  1.71701E+14 0.00166 
   34   34    1    1    1    1    1    1    1    1  2.04916E+14 0.00192 
   35   35    1    1    1    1    1    1    1    1  2.02849E+14 0.00165 
   36   36    1    1    1    1    1    1    1    1  1.17364E+14 0.00138 
   37   37    1    1    1    1    1    1    1    1  3.40057E+13 0.00155 
   38   38    1    1    1    1    1    1    1    1  1.95121E+14 0.00135 
   39   39    1    1    1    1    1    1    1    1  2.56469E+14 0.00158 
   40   40    1    1    1    1    1    1    1    1  4.30104E+14 0.00155 
   41   41    1    1    1    1    1    1    1    1  4.08172E+14 0.00121 
   42   42    1    1    1    1    1    1    1    1  8.73341E+14 0.00140 
   43   43    1    1    1    1    1    1    1    1  1.02947E+15 0.00147 
   44   44    1    1    1    1    1    1    1    1  1.44643E+15 0.00122 
   45   45    1    1    1    1    1    1    1    1  2.77001E+15 0.00089 
   46   46    1    1    1    1    1    1    1    1  1.20926E+15 0.00088 
   47   47    1    1    1    1    1    1    1    1  1.90275E+15 0.00089 
   48   48    1    1    1    1    1    1    1    1  2.57128E+15 0.00088 
   49   49    1    1    1    1    1    1    1    1  2.47740E+15 0.00093 
   50   50    1    1    1    1    1    1    1    1  3.80517E+15 0.00107 
   51   51    1    1    1    1    1    1    1    1  2.88419E+15 0.00089 
   52   52    1    1    1    1    1    1    1    1  3.44439E+15 0.00091 
   53   53    1    1    1    1    1    1    1    1  2.32043E+15 0.00103 
   54   54    1    1    1    1    1    1    1    1  2.86141E+15 0.00093 
   55   55    1    1    1    1    1    1    1    1  1.93088E+15 0.00109 
   56   56    1    1    1    1    1    1    1    1  2.59058E+14 0.00137 
   57   57    1    1    1    1    1    1    1    1  3.77480E+15 0.00094 
   58   58    1    1    1    1    1    1    1    1  1.70848E+15 0.00094 
   59   59    1    1    1    1    1    1    1    1  1.78105E+15 0.00093 
   60   60    1    1    1    1    1    1    1    1  1.40113E+15 0.00110 
   61   61    1    1    1    1    1    1    1    1  1.38825E+15 0.00113 
   62   62    1    1    1    1    1    1    1    1  1.43784E+15 0.00117 
   63   63    1    1    1    1    1    1    1    1  1.20376E+15 0.00130 
   64   64    1    1    1    1    1    1    1    1  9.49670E+14 0.00108 
   65   65    1    1    1    1    1    1    1    1  9.36505E+14 0.00120 
   66   66    1    1    1    1    1    1    1    1  6.66556E+14 0.00121 
   67   67    1    1    1    1    1    1    1    1  5.36259E+14 0.00146 
   68   68    1    1    1    1    1    1    1    1  4.76810E+14 0.00117 
   69   69    1    1    1    1    1    1    1    1  5.66611E+14 0.00165 
   70   70    1    1    1    1    1    1    1    1  4.76125E+14 0.00155 
   71   71    1    1    1    1    1    1    1    1  8.40531E+14 0.00122 
   72   72    1    1    1    1    1    1    1    1  5.84028E+14 0.00137 
   73   73    1    1    1    1    1    1    1    1  4.37455E+14 0.00166 
   74   74    1    1    1    1    1    1    1    1  3.54219E+14 0.00110 
   75   75    1    1    1    1    1    1    1    1  2.97064E+14 0.00150 
   76   76    1    1    1    1    1    1    1    1  3.47166E+14 0.00176 
   77   77    1    1    1    1    1    1    1    1  2.77382E+14 0.00168 
   78   78    1    1    1    1    1    1    1    1  2.22932E+14 0.00182 
   79   79    1    1    1    1    1    1    1    1  2.30246E+14 0.00221 
   80   80    1    1    1    1    1    1    1    1  1.70473E+14 0.00208 
   81   81    1    1    1    1    1    1    1    1  1.30824E+14 0.00209 
   82   82    1    1    1    1    1    1    1    1  1.00179E+14 0.00252 
   83   83    1    1    1    1    1    1    1    1  9.32668E+13 0.00258 
   84   84    1    1    1    1    1    1    1    1  6.64707E+13 0.00247 
   85   85    1    1    1    1    1    1    1    1  4.77217E+13 0.00300 
   86   86    1    1    1    1    1    1    1    1  4.43862E+13 0.00277 
   87   87    1    1    1    1    1    1    1    1  2.68749E+13 0.00511 
   88   88    1    1    1    1    1    1    1    1  1.77706E+13 0.00499 
   89   89    1    1    1    1    1    1    1    1  1.01052E+13 0.00652 
   90   90    1    1    1    1    1    1    1    1  6.50153E+12 0.00944 
   91   91    1    1    1    1    1    1    1    1  3.15517E+12 0.01093 
   92   92    1    1    1    1    1    1    1    1  1.52417E+12 0.01638 
   93   93    1    1    1    1    1    1    1    1  7.72467E+11 0.02237 
   94   94    1    1    1    1    1    1    1    1  3.32507E+11 0.04104 
   95   95    1    1    1    1    1    1    1    1  1.54221E+11 0.04451 
   96   96    1    1    1    1    1    1    1    1  7.05610E+10 0.08240 
   97   97    1    1    1    1    1    1    1    1  3.51809E+10 0.09766 
   98   98    1    1    1    1    1    1    1    1  1.36223E+10 0.21437 
   99   99    1    1    1    1    1    1    1    1  8.84125E+09 0.22421 
  100  100    1    1    1    1    1    1    1    1  6.01403E+09 0.22885 
];


