
DETdpaspec = [
    1    1    1    1    1    1    1    1    1    1  0.00000E+00 0.00000 
    2    2    1    1    1    1    1    1    1    1  0.00000E+00 0.00000 
    3    3    1    1    1    1    1    1    1    1  0.00000E+00 0.00000 
    4    4    1    1    1    1    1    1    1    1  0.00000E+00 0.00000 
    5    5    1    1    1    1    1    1    1    1  0.00000E+00 0.00000 
    6    6    1    1    1    1    1    1    1    1  0.00000E+00 0.00000 
    7    7    1    1    1    1    1    1    1    1  0.00000E+00 0.00000 
    8    8    1    1    1    1    1    1    1    1  0.00000E+00 0.00000 
    9    9    1    1    1    1    1    1    1    1  0.00000E+00 0.00000 
   10   10    1    1    1    1    1    1    1    1  1.61887E+08 1.00000 
   11   11    1    1    1    1    1    1    1    1  1.45980E+08 0.75827 
   12   12    1    1    1    1    1    1    1    1  6.23763E+07 0.55415 
   13   13    1    1    1    1    1    1    1    1  6.63270E+08 0.48499 
   14   14    1    1    1    1    1    1    1    1  1.53834E+09 0.55018 
   15   15    1    1    1    1    1    1    1    1  2.76498E+09 0.30572 
   16   16    1    1    1    1    1    1    1    1  1.12821E+09 0.46165 
   17   17    1    1    1    1    1    1    1    1  2.29020E+09 0.29630 
   18   18    1    1    1    1    1    1    1    1  7.14769E+09 0.20049 
   19   19    1    1    1    1    1    1    1    1  8.92293E+09 0.15933 
   20   20    1    1    1    1    1    1    1    1  2.63752E+10 0.12843 
   21   21    1    1    1    1    1    1    1    1  1.68794E+10 0.12881 
   22   22    1    1    1    1    1    1    1    1  3.77103E+10 0.10479 
   23   23    1    1    1    1    1    1    1    1  4.89885E+10 0.08270 
   24   24    1    1    1    1    1    1    1    1  9.25084E+10 0.06245 
   25   25    1    1    1    1    1    1    1    1  1.13758E+11 0.05621 
   26   26    1    1    1    1    1    1    1    1  1.83837E+11 0.06324 
   27   27    1    1    1    1    1    1    1    1  3.18210E+11 0.04067 
   28   28    1    1    1    1    1    1    1    1  6.40331E+11 0.02097 
   29   29    1    1    1    1    1    1    1    1  9.50824E+11 0.01623 
   30   30    1    1    1    1    1    1    1    1  2.86065E+12 0.01317 
   31   31    1    1    1    1    1    1    1    1  8.92066E+12 0.00913 
   32   32    1    1    1    1    1    1    1    1  1.70718E+13 0.00656 
   33   33    1    1    1    1    1    1    1    1  4.06882E+13 0.00312 
   34   34    1    1    1    1    1    1    1    1  5.66253E+13 0.00399 
   35   35    1    1    1    1    1    1    1    1  7.71483E+13 0.00381 
   36   36    1    1    1    1    1    1    1    1  5.32969E+13 0.00275 
   37   37    1    1    1    1    1    1    1    1  1.65688E+13 0.00303 
   38   38    1    1    1    1    1    1    1    1  9.22258E+13 0.00189 
   39   39    1    1    1    1    1    1    1    1  1.24802E+14 0.00176 
   40   40    1    1    1    1    1    1    1    1  2.13509E+14 0.00117 
   41   41    1    1    1    1    1    1    1    1  2.19992E+14 0.00130 
   42   42    1    1    1    1    1    1    1    1  4.69382E+14 0.00116 
   43   43    1    1    1    1    1    1    1    1  5.72968E+14 0.00088 
   44   44    1    1    1    1    1    1    1    1  8.35340E+14 0.00132 
   45   45    1    1    1    1    1    1    1    1  1.65878E+15 0.00080 
   46   46    1    1    1    1    1    1    1    1  7.81344E+14 0.00096 
   47   47    1    1    1    1    1    1    1    1  1.27126E+15 0.00087 
   48   48    1    1    1    1    1    1    1    1  1.78212E+15 0.00075 
   49   49    1    1    1    1    1    1    1    1  1.77802E+15 0.00076 
   50   50    1    1    1    1    1    1    1    1  2.76193E+15 0.00068 
   51   51    1    1    1    1    1    1    1    1  2.22582E+15 0.00070 
   52   52    1    1    1    1    1    1    1    1  2.62947E+15 0.00070 
   53   53    1    1    1    1    1    1    1    1  1.83604E+15 0.00074 
   54   54    1    1    1    1    1    1    1    1  2.22931E+15 0.00059 
   55   55    1    1    1    1    1    1    1    1  1.53890E+15 0.00076 
   56   56    1    1    1    1    1    1    1    1  2.10076E+14 0.00088 
   57   57    1    1    1    1    1    1    1    1  3.06975E+15 0.00092 
   58   58    1    1    1    1    1    1    1    1  1.35162E+15 0.00093 
   59   59    1    1    1    1    1    1    1    1  1.44468E+15 0.00093 
   60   60    1    1    1    1    1    1    1    1  1.11369E+15 0.00067 
   61   61    1    1    1    1    1    1    1    1  1.12021E+15 0.00089 
   62   62    1    1    1    1    1    1    1    1  1.16624E+15 0.00090 
   63   63    1    1    1    1    1    1    1    1  9.79810E+14 0.00097 
   64   64    1    1    1    1    1    1    1    1  7.81769E+14 0.00137 
   65   65    1    1    1    1    1    1    1    1  7.75219E+14 0.00134 
   66   66    1    1    1    1    1    1    1    1  5.58065E+14 0.00138 
   67   67    1    1    1    1    1    1    1    1  4.55902E+14 0.00133 
   68   68    1    1    1    1    1    1    1    1  4.09900E+14 0.00123 
   69   69    1    1    1    1    1    1    1    1  4.92521E+14 0.00161 
   70   70    1    1    1    1    1    1    1    1  4.18967E+14 0.00146 
   71   71    1    1    1    1    1    1    1    1  7.69111E+14 0.00128 
   72   72    1    1    1    1    1    1    1    1  5.45057E+14 0.00215 
   73   73    1    1    1    1    1    1    1    1  4.09300E+14 0.00176 
   74   74    1    1    1    1    1    1    1    1  3.27236E+14 0.00173 
   75   75    1    1    1    1    1    1    1    1  2.69516E+14 0.00155 
   76   76    1    1    1    1    1    1    1    1  3.10657E+14 0.00127 
   77   77    1    1    1    1    1    1    1    1  2.43687E+14 0.00176 
   78   78    1    1    1    1    1    1    1    1  1.93768E+14 0.00206 
   79   79    1    1    1    1    1    1    1    1  1.99008E+14 0.00225 
   80   80    1    1    1    1    1    1    1    1  1.46912E+14 0.00186 
   81   81    1    1    1    1    1    1    1    1  1.12858E+14 0.00231 
   82   82    1    1    1    1    1    1    1    1  8.65766E+13 0.00288 
   83   83    1    1    1    1    1    1    1    1  8.08342E+13 0.00213 
   84   84    1    1    1    1    1    1    1    1  5.80640E+13 0.00292 
   85   85    1    1    1    1    1    1    1    1  4.19228E+13 0.00387 
   86   86    1    1    1    1    1    1    1    1  3.91232E+13 0.00300 
   87   87    1    1    1    1    1    1    1    1  2.44747E+13 0.00424 
   88   88    1    1    1    1    1    1    1    1  1.63765E+13 0.00792 
   89   89    1    1    1    1    1    1    1    1  9.47165E+12 0.00868 
   90   90    1    1    1    1    1    1    1    1  6.16258E+12 0.01144 
   91   91    1    1    1    1    1    1    1    1  3.08940E+12 0.01013 
   92   92    1    1    1    1    1    1    1    1  1.53559E+12 0.01775 
   93   93    1    1    1    1    1    1    1    1  7.15808E+11 0.02566 
   94   94    1    1    1    1    1    1    1    1  3.67390E+11 0.05592 
   95   95    1    1    1    1    1    1    1    1  1.71485E+11 0.05182 
   96   96    1    1    1    1    1    1    1    1  8.26137E+10 0.09514 
   97   97    1    1    1    1    1    1    1    1  3.63641E+10 0.13114 
   98   98    1    1    1    1    1    1    1    1  1.99568E+10 0.15239 
   99   99    1    1    1    1    1    1    1    1  9.88449E+09 0.18468 
  100  100    1    1    1    1    1    1    1    1  6.49183E+09 0.25904 
];


