
DETdpaspec = [
    1    1    1    1    1    1    1    1    1    1  0.00000E+00 0.00000 
    2    2    1    1    1    1    1    1    1    1  0.00000E+00 0.00000 
    3    3    1    1    1    1    1    1    1    1  0.00000E+00 0.00000 
    4    4    1    1    1    1    1    1    1    1  0.00000E+00 0.00000 
    5    5    1    1    1    1    1    1    1    1  0.00000E+00 0.00000 
    6    6    1    1    1    1    1    1    1    1  0.00000E+00 0.00000 
    7    7    1    1    1    1    1    1    1    1  0.00000E+00 0.00000 
    8    8    1    1    1    1    1    1    1    1  0.00000E+00 0.00000 
    9    9    1    1    1    1    1    1    1    1  1.59061E+07 1.00000 
   10   10    1    1    1    1    1    1    1    1  3.15751E+07 1.00000 
   11   11    1    1    1    1    1    1    1    1  2.60640E+08 0.71630 
   12   12    1    1    1    1    1    1    1    1  1.71491E+06 1.00000 
   13   13    1    1    1    1    1    1    1    1  4.38745E+08 0.66835 
   14   14    1    1    1    1    1    1    1    1  3.15726E+09 0.43207 
   15   15    1    1    1    1    1    1    1    1  2.64100E+09 0.41782 
   16   16    1    1    1    1    1    1    1    1  5.06442E+08 0.30658 
   17   17    1    1    1    1    1    1    1    1  3.31994E+09 0.24888 
   18   18    1    1    1    1    1    1    1    1  3.78794E+09 0.29572 
   19   19    1    1    1    1    1    1    1    1  6.46391E+09 0.19916 
   20   20    1    1    1    1    1    1    1    1  1.82980E+10 0.15580 
   21   21    1    1    1    1    1    1    1    1  1.38712E+10 0.09919 
   22   22    1    1    1    1    1    1    1    1  3.22293E+10 0.10053 
   23   23    1    1    1    1    1    1    1    1  5.14497E+10 0.09364 
   24   24    1    1    1    1    1    1    1    1  8.21540E+10 0.06607 
   25   25    1    1    1    1    1    1    1    1  1.09484E+11 0.06742 
   26   26    1    1    1    1    1    1    1    1  1.94774E+11 0.06076 
   27   27    1    1    1    1    1    1    1    1  3.15789E+11 0.04086 
   28   28    1    1    1    1    1    1    1    1  6.94819E+11 0.02294 
   29   29    1    1    1    1    1    1    1    1  1.20400E+12 0.01248 
   30   30    1    1    1    1    1    1    1    1  3.44199E+12 0.00764 
   31   31    1    1    1    1    1    1    1    1  1.12120E+13 0.00692 
   32   32    1    1    1    1    1    1    1    1  2.09108E+13 0.00687 
   33   33    1    1    1    1    1    1    1    1  5.02823E+13 0.00395 
   34   34    1    1    1    1    1    1    1    1  7.09005E+13 0.00265 
   35   35    1    1    1    1    1    1    1    1  9.11883E+13 0.00168 
   36   36    1    1    1    1    1    1    1    1  6.10417E+13 0.00130 
   37   37    1    1    1    1    1    1    1    1  1.86238E+13 0.00181 
   38   38    1    1    1    1    1    1    1    1  1.05336E+14 0.00184 
   39   39    1    1    1    1    1    1    1    1  1.43103E+14 0.00166 
   40   40    1    1    1    1    1    1    1    1  2.47074E+14 0.00143 
   41   41    1    1    1    1    1    1    1    1  2.50346E+14 0.00151 
   42   42    1    1    1    1    1    1    1    1  5.41230E+14 0.00127 
   43   43    1    1    1    1    1    1    1    1  6.62406E+14 0.00137 
   44   44    1    1    1    1    1    1    1    1  9.68480E+14 0.00116 
   45   45    1    1    1    1    1    1    1    1  1.94936E+15 0.00095 
   46   46    1    1    1    1    1    1    1    1  9.11318E+14 0.00108 
   47   47    1    1    1    1    1    1    1    1  1.47565E+15 0.00098 
   48   48    1    1    1    1    1    1    1    1  2.06818E+15 0.00079 
   49   49    1    1    1    1    1    1    1    1  2.06117E+15 0.00070 
   50   50    1    1    1    1    1    1    1    1  3.23209E+15 0.00056 
   51   51    1    1    1    1    1    1    1    1  2.58330E+15 0.00090 
   52   52    1    1    1    1    1    1    1    1  3.09254E+15 0.00083 
   53   53    1    1    1    1    1    1    1    1  2.15186E+15 0.00056 
   54   54    1    1    1    1    1    1    1    1  2.64644E+15 0.00057 
   55   55    1    1    1    1    1    1    1    1  1.82308E+15 0.00059 
   56   56    1    1    1    1    1    1    1    1  2.48117E+14 0.00087 
   57   57    1    1    1    1    1    1    1    1  3.63530E+15 0.00067 
   58   58    1    1    1    1    1    1    1    1  1.62809E+15 0.00087 
   59   59    1    1    1    1    1    1    1    1  1.73213E+15 0.00088 
   60   60    1    1    1    1    1    1    1    1  1.35425E+15 0.00082 
   61   61    1    1    1    1    1    1    1    1  1.35717E+15 0.00099 
   62   62    1    1    1    1    1    1    1    1  1.42058E+15 0.00097 
   63   63    1    1    1    1    1    1    1    1  1.19744E+15 0.00080 
   64   64    1    1    1    1    1    1    1    1  9.53752E+14 0.00098 
   65   65    1    1    1    1    1    1    1    1  9.48102E+14 0.00074 
   66   66    1    1    1    1    1    1    1    1  6.83251E+14 0.00087 
   67   67    1    1    1    1    1    1    1    1  5.56171E+14 0.00105 
   68   68    1    1    1    1    1    1    1    1  4.99649E+14 0.00081 
   69   69    1    1    1    1    1    1    1    1  5.99939E+14 0.00116 
   70   70    1    1    1    1    1    1    1    1  5.09358E+14 0.00131 
   71   71    1    1    1    1    1    1    1    1  9.27443E+14 0.00106 
   72   72    1    1    1    1    1    1    1    1  6.54389E+14 0.00102 
   73   73    1    1    1    1    1    1    1    1  4.94441E+14 0.00082 
   74   74    1    1    1    1    1    1    1    1  3.98501E+14 0.00114 
   75   75    1    1    1    1    1    1    1    1  3.30174E+14 0.00104 
   76   76    1    1    1    1    1    1    1    1  3.83576E+14 0.00131 
   77   77    1    1    1    1    1    1    1    1  3.04628E+14 0.00161 
   78   78    1    1    1    1    1    1    1    1  2.43367E+14 0.00152 
   79   79    1    1    1    1    1    1    1    1  2.51051E+14 0.00148 
   80   80    1    1    1    1    1    1    1    1  1.85756E+14 0.00201 
   81   81    1    1    1    1    1    1    1    1  1.43258E+14 0.00178 
   82   82    1    1    1    1    1    1    1    1  1.10025E+14 0.00155 
   83   83    1    1    1    1    1    1    1    1  1.03171E+14 0.00229 
   84   84    1    1    1    1    1    1    1    1  7.39978E+13 0.00268 
   85   85    1    1    1    1    1    1    1    1  5.34267E+13 0.00295 
   86   86    1    1    1    1    1    1    1    1  5.02596E+13 0.00296 
   87   87    1    1    1    1    1    1    1    1  3.09370E+13 0.00376 
   88   88    1    1    1    1    1    1    1    1  2.06896E+13 0.00509 
   89   89    1    1    1    1    1    1    1    1  1.18196E+13 0.00613 
   90   90    1    1    1    1    1    1    1    1  7.96564E+12 0.00710 
   91   91    1    1    1    1    1    1    1    1  3.95226E+12 0.01134 
   92   92    1    1    1    1    1    1    1    1  1.91178E+12 0.01184 
   93   93    1    1    1    1    1    1    1    1  9.36036E+11 0.03189 
   94   94    1    1    1    1    1    1    1    1  4.63183E+11 0.02938 
   95   95    1    1    1    1    1    1    1    1  2.26168E+11 0.04488 
   96   96    1    1    1    1    1    1    1    1  1.07811E+11 0.06661 
   97   97    1    1    1    1    1    1    1    1  5.13334E+10 0.08592 
   98   98    1    1    1    1    1    1    1    1  1.59685E+10 0.20207 
   99   99    1    1    1    1    1    1    1    1  1.00772E+10 0.20537 
  100  100    1    1    1    1    1    1    1    1  7.88708E+09 0.22750 
];


