
DETdpaspec = [
    1    1    1    1    1    1    1    1    1    1  0.00000E+00 0.00000 
    2    2    1    1    1    1    1    1    1    1  0.00000E+00 0.00000 
    3    3    1    1    1    1    1    1    1    1  0.00000E+00 0.00000 
    4    4    1    1    1    1    1    1    1    1  0.00000E+00 0.00000 
    5    5    1    1    1    1    1    1    1    1  0.00000E+00 0.00000 
    6    6    1    1    1    1    1    1    1    1  0.00000E+00 0.00000 
    7    7    1    1    1    1    1    1    1    1  0.00000E+00 0.00000 
    8    8    1    1    1    1    1    1    1    1  1.86878E+07 0.68871 
    9    9    1    1    1    1    1    1    1    1  8.75425E+06 1.00000 
   10   10    1    1    1    1    1    1    1    1  4.00938E+08 0.48635 
   11   11    1    1    1    1    1    1    1    1  4.25400E+08 0.44716 
   12   12    1    1    1    1    1    1    1    1  2.21063E+07 0.72657 
   13   13    1    1    1    1    1    1    1    1  1.81400E+09 0.36544 
   14   14    1    1    1    1    1    1    1    1  2.38697E+09 0.39806 
   15   15    1    1    1    1    1    1    1    1  2.54932E+09 0.45747 
   16   16    1    1    1    1    1    1    1    1  1.29561E+09 0.36763 
   17   17    1    1    1    1    1    1    1    1  1.28383E+09 0.32845 
   18   18    1    1    1    1    1    1    1    1  4.48868E+09 0.17996 
   19   19    1    1    1    1    1    1    1    1  5.37881E+09 0.15673 
   20   20    1    1    1    1    1    1    1    1  2.65504E+10 0.11611 
   21   21    1    1    1    1    1    1    1    1  1.33467E+10 0.11264 
   22   22    1    1    1    1    1    1    1    1  3.79192E+10 0.06602 
   23   23    1    1    1    1    1    1    1    1  6.18425E+10 0.09557 
   24   24    1    1    1    1    1    1    1    1  9.50433E+10 0.05483 
   25   25    1    1    1    1    1    1    1    1  1.19431E+11 0.06103 
   26   26    1    1    1    1    1    1    1    1  1.87739E+11 0.05435 
   27   27    1    1    1    1    1    1    1    1  3.13118E+11 0.03387 
   28   28    1    1    1    1    1    1    1    1  5.85457E+11 0.02346 
   29   29    1    1    1    1    1    1    1    1  8.84557E+11 0.02386 
   30   30    1    1    1    1    1    1    1    1  2.67832E+12 0.01150 
   31   31    1    1    1    1    1    1    1    1  8.36411E+12 0.01115 
   32   32    1    1    1    1    1    1    1    1  1.59053E+13 0.00763 
   33   33    1    1    1    1    1    1    1    1  3.70465E+13 0.00396 
   34   34    1    1    1    1    1    1    1    1  5.07384E+13 0.00365 
   35   35    1    1    1    1    1    1    1    1  7.15442E+13 0.00298 
   36   36    1    1    1    1    1    1    1    1  4.97100E+13 0.00235 
   37   37    1    1    1    1    1    1    1    1  1.55168E+13 0.00249 
   38   38    1    1    1    1    1    1    1    1  8.55752E+13 0.00222 
   39   39    1    1    1    1    1    1    1    1  1.15469E+14 0.00216 
   40   40    1    1    1    1    1    1    1    1  1.96125E+14 0.00204 
   41   41    1    1    1    1    1    1    1    1  2.03219E+14 0.00179 
   42   42    1    1    1    1    1    1    1    1  4.27311E+14 0.00146 
   43   43    1    1    1    1    1    1    1    1  5.19579E+14 0.00134 
   44   44    1    1    1    1    1    1    1    1  7.52803E+14 0.00144 
   45   45    1    1    1    1    1    1    1    1  1.47842E+15 0.00105 
   46   46    1    1    1    1    1    1    1    1  6.97893E+14 0.00121 
   47   47    1    1    1    1    1    1    1    1  1.13789E+15 0.00111 
   48   48    1    1    1    1    1    1    1    1  1.58806E+15 0.00112 
   49   49    1    1    1    1    1    1    1    1  1.58375E+15 0.00105 
   50   50    1    1    1    1    1    1    1    1  2.43829E+15 0.00102 
   51   51    1    1    1    1    1    1    1    1  1.97321E+15 0.00088 
   52   52    1    1    1    1    1    1    1    1  2.30626E+15 0.00104 
   53   53    1    1    1    1    1    1    1    1  1.61293E+15 0.00101 
   54   54    1    1    1    1    1    1    1    1  1.93602E+15 0.00087 
   55   55    1    1    1    1    1    1    1    1  1.33839E+15 0.00099 
   56   56    1    1    1    1    1    1    1    1  1.82909E+14 0.00141 
   57   57    1    1    1    1    1    1    1    1  2.66860E+15 0.00110 
   58   58    1    1    1    1    1    1    1    1  1.16232E+15 0.00103 
   59   59    1    1    1    1    1    1    1    1  1.24421E+15 0.00108 
   60   60    1    1    1    1    1    1    1    1  9.51280E+14 0.00119 
   61   61    1    1    1    1    1    1    1    1  9.57216E+14 0.00110 
   62   62    1    1    1    1    1    1    1    1  9.94911E+14 0.00124 
   63   63    1    1    1    1    1    1    1    1  8.32738E+14 0.00127 
   64   64    1    1    1    1    1    1    1    1  6.62796E+14 0.00150 
   65   65    1    1    1    1    1    1    1    1  6.58604E+14 0.00134 
   66   66    1    1    1    1    1    1    1    1  4.72668E+14 0.00154 
   67   67    1    1    1    1    1    1    1    1  3.87614E+14 0.00165 
   68   68    1    1    1    1    1    1    1    1  3.49022E+14 0.00165 
   69   69    1    1    1    1    1    1    1    1  4.18726E+14 0.00174 
   70   70    1    1    1    1    1    1    1    1  3.57230E+14 0.00184 
   71   71    1    1    1    1    1    1    1    1  6.56496E+14 0.00164 
   72   72    1    1    1    1    1    1    1    1  4.67269E+14 0.00164 
   73   73    1    1    1    1    1    1    1    1  3.50994E+14 0.00164 
   74   74    1    1    1    1    1    1    1    1  2.77757E+14 0.00206 
   75   75    1    1    1    1    1    1    1    1  2.27305E+14 0.00210 
   76   76    1    1    1    1    1    1    1    1  2.60412E+14 0.00161 
   77   77    1    1    1    1    1    1    1    1  2.02942E+14 0.00138 
   78   78    1    1    1    1    1    1    1    1  1.60531E+14 0.00258 
   79   79    1    1    1    1    1    1    1    1  1.64167E+14 0.00242 
   80   80    1    1    1    1    1    1    1    1  1.21052E+14 0.00194 
   81   81    1    1    1    1    1    1    1    1  9.28024E+13 0.00304 
   82   82    1    1    1    1    1    1    1    1  7.13011E+13 0.00326 
   83   83    1    1    1    1    1    1    1    1  6.66731E+13 0.00336 
   84   84    1    1    1    1    1    1    1    1  4.77795E+13 0.00465 
   85   85    1    1    1    1    1    1    1    1  3.43765E+13 0.00465 
   86   86    1    1    1    1    1    1    1    1  3.20915E+13 0.00360 
   87   87    1    1    1    1    1    1    1    1  1.99118E+13 0.00519 
   88   88    1    1    1    1    1    1    1    1  1.34911E+13 0.00660 
   89   89    1    1    1    1    1    1    1    1  7.78987E+12 0.00684 
   90   90    1    1    1    1    1    1    1    1  5.08977E+12 0.00885 
   91   91    1    1    1    1    1    1    1    1  2.59196E+12 0.01485 
   92   92    1    1    1    1    1    1    1    1  1.24548E+12 0.01925 
   93   93    1    1    1    1    1    1    1    1  6.21535E+11 0.02304 
   94   94    1    1    1    1    1    1    1    1  2.79099E+11 0.04685 
   95   95    1    1    1    1    1    1    1    1  1.40753E+11 0.05533 
   96   96    1    1    1    1    1    1    1    1  6.38790E+10 0.09854 
   97   97    1    1    1    1    1    1    1    1  2.97606E+10 0.14744 
   98   98    1    1    1    1    1    1    1    1  1.23501E+10 0.21105 
   99   99    1    1    1    1    1    1    1    1  7.25300E+09 0.22392 
  100  100    1    1    1    1    1    1    1    1  7.81626E+09 0.28742 
];


