
DETdpaspec = [
    1    1    1    1    1    1    1    1    1    1  0.00000E+00 0.00000 
    2    2    1    1    1    1    1    1    1    1  0.00000E+00 0.00000 
    3    3    1    1    1    1    1    1    1    1  0.00000E+00 0.00000 
    4    4    1    1    1    1    1    1    1    1  0.00000E+00 0.00000 
    5    5    1    1    1    1    1    1    1    1  0.00000E+00 0.00000 
    6    6    1    1    1    1    1    1    1    1  0.00000E+00 0.00000 
    7    7    1    1    1    1    1    1    1    1  0.00000E+00 0.00000 
    8    8    1    1    1    1    1    1    1    1  0.00000E+00 0.00000 
    9    9    1    1    1    1    1    1    1    1  4.17939E+07 0.82269 
   10   10    1    1    1    1    1    1    1    1  0.00000E+00 0.00000 
   11   11    1    1    1    1    1    1    1    1  0.00000E+00 0.00000 
   12   12    1    1    1    1    1    1    1    1  8.25739E+07 0.64927 
   13   13    1    1    1    1    1    1    1    1  5.06959E+08 0.59351 
   14   14    1    1    1    1    1    1    1    1  2.20279E+09 0.44215 
   15   15    1    1    1    1    1    1    1    1  3.83846E+09 0.28366 
   16   16    1    1    1    1    1    1    1    1  1.18072E+09 0.37800 
   17   17    1    1    1    1    1    1    1    1  2.87633E+09 0.25753 
   18   18    1    1    1    1    1    1    1    1  6.03076E+09 0.18255 
   19   19    1    1    1    1    1    1    1    1  6.76720E+09 0.19370 
   20   20    1    1    1    1    1    1    1    1  2.57324E+10 0.15290 
   21   21    1    1    1    1    1    1    1    1  1.54176E+10 0.11413 
   22   22    1    1    1    1    1    1    1    1  4.90746E+10 0.08738 
   23   23    1    1    1    1    1    1    1    1  6.98571E+10 0.05842 
   24   24    1    1    1    1    1    1    1    1  9.10918E+10 0.06901 
   25   25    1    1    1    1    1    1    1    1  1.24799E+11 0.06173 
   26   26    1    1    1    1    1    1    1    1  1.99532E+11 0.03520 
   27   27    1    1    1    1    1    1    1    1  3.64735E+11 0.03419 
   28   28    1    1    1    1    1    1    1    1  5.98683E+11 0.02245 
   29   29    1    1    1    1    1    1    1    1  8.09280E+11 0.01772 
   30   30    1    1    1    1    1    1    1    1  2.64108E+12 0.01177 
   31   31    1    1    1    1    1    1    1    1  8.22962E+12 0.01134 
   32   32    1    1    1    1    1    1    1    1  1.51596E+13 0.00735 
   33   33    1    1    1    1    1    1    1    1  3.32915E+13 0.00391 
   34   34    1    1    1    1    1    1    1    1  4.40159E+13 0.00361 
   35   35    1    1    1    1    1    1    1    1  6.44607E+13 0.00361 
   36   36    1    1    1    1    1    1    1    1  4.53587E+13 0.00309 
   37   37    1    1    1    1    1    1    1    1  1.44366E+13 0.00400 
   38   38    1    1    1    1    1    1    1    1  7.76549E+13 0.00317 
   39   39    1    1    1    1    1    1    1    1  1.03795E+14 0.00247 
   40   40    1    1    1    1    1    1    1    1  1.72423E+14 0.00244 
   41   41    1    1    1    1    1    1    1    1  1.80264E+14 0.00211 
   42   42    1    1    1    1    1    1    1    1  3.69035E+14 0.00184 
   43   43    1    1    1    1    1    1    1    1  4.43204E+14 0.00167 
   44   44    1    1    1    1    1    1    1    1  6.32870E+14 0.00119 
   45   45    1    1    1    1    1    1    1    1  1.20930E+15 0.00087 
   46   46    1    1    1    1    1    1    1    1  5.70937E+14 0.00098 
   47   47    1    1    1    1    1    1    1    1  9.30087E+14 0.00104 
   48   48    1    1    1    1    1    1    1    1  1.28713E+15 0.00122 
   49   49    1    1    1    1    1    1    1    1  1.28180E+15 0.00111 
   50   50    1    1    1    1    1    1    1    1  1.94268E+15 0.00098 
   51   51    1    1    1    1    1    1    1    1  1.58110E+15 0.00104 
   52   52    1    1    1    1    1    1    1    1  1.81256E+15 0.00094 
   53   53    1    1    1    1    1    1    1    1  1.26692E+15 0.00094 
   54   54    1    1    1    1    1    1    1    1  1.49690E+15 0.00123 
   55   55    1    1    1    1    1    1    1    1  1.03673E+15 0.00115 
   56   56    1    1    1    1    1    1    1    1  1.42485E+14 0.00153 
   57   57    1    1    1    1    1    1    1    1  2.06010E+15 0.00124 
   58   58    1    1    1    1    1    1    1    1  8.80034E+14 0.00115 
   59   59    1    1    1    1    1    1    1    1  9.43355E+14 0.00127 
   60   60    1    1    1    1    1    1    1    1  7.11937E+14 0.00115 
   61   61    1    1    1    1    1    1    1    1  7.17969E+14 0.00171 
   62   62    1    1    1    1    1    1    1    1  7.44340E+14 0.00150 
   63   63    1    1    1    1    1    1    1    1  6.18294E+14 0.00154 
   64   64    1    1    1    1    1    1    1    1  4.91556E+14 0.00179 
   65   65    1    1    1    1    1    1    1    1  4.86400E+14 0.00152 
   66   66    1    1    1    1    1    1    1    1  3.50309E+14 0.00128 
   67   67    1    1    1    1    1    1    1    1  2.87907E+14 0.00142 
   68   68    1    1    1    1    1    1    1    1  2.58991E+14 0.00116 
   69   69    1    1    1    1    1    1    1    1  3.10904E+14 0.00135 
   70   70    1    1    1    1    1    1    1    1  2.65241E+14 0.00141 
   71   71    1    1    1    1    1    1    1    1  4.93478E+14 0.00147 
   72   72    1    1    1    1    1    1    1    1  3.50947E+14 0.00168 
   73   73    1    1    1    1    1    1    1    1  2.61536E+14 0.00195 
   74   74    1    1    1    1    1    1    1    1  2.04848E+14 0.00211 
   75   75    1    1    1    1    1    1    1    1  1.66482E+14 0.00221 
   76   76    1    1    1    1    1    1    1    1  1.89079E+14 0.00225 
   77   77    1    1    1    1    1    1    1    1  1.45067E+14 0.00177 
   78   78    1    1    1    1    1    1    1    1  1.13724E+14 0.00266 
   79   79    1    1    1    1    1    1    1    1  1.15759E+14 0.00221 
   80   80    1    1    1    1    1    1    1    1  8.49927E+13 0.00248 
   81   81    1    1    1    1    1    1    1    1  6.52893E+13 0.00275 
   82   82    1    1    1    1    1    1    1    1  4.99772E+13 0.00322 
   83   83    1    1    1    1    1    1    1    1  4.64833E+13 0.00409 
   84   84    1    1    1    1    1    1    1    1  3.36478E+13 0.00414 
   85   85    1    1    1    1    1    1    1    1  2.41191E+13 0.00374 
   86   86    1    1    1    1    1    1    1    1  2.24786E+13 0.00517 
   87   87    1    1    1    1    1    1    1    1  1.39549E+13 0.00337 
   88   88    1    1    1    1    1    1    1    1  9.31555E+12 0.00648 
   89   89    1    1    1    1    1    1    1    1  5.42685E+12 0.01032 
   90   90    1    1    1    1    1    1    1    1  3.61252E+12 0.01413 
   91   91    1    1    1    1    1    1    1    1  1.90016E+12 0.01195 
   92   92    1    1    1    1    1    1    1    1  8.85074E+11 0.02106 
   93   93    1    1    1    1    1    1    1    1  4.45246E+11 0.04127 
   94   94    1    1    1    1    1    1    1    1  2.15337E+11 0.05335 
   95   95    1    1    1    1    1    1    1    1  1.06729E+11 0.07260 
   96   96    1    1    1    1    1    1    1    1  5.53199E+10 0.09684 
   97   97    1    1    1    1    1    1    1    1  2.05742E+10 0.12753 
   98   98    1    1    1    1    1    1    1    1  6.88245E+09 0.16448 
   99   99    1    1    1    1    1    1    1    1  4.61206E+09 0.30297 
  100  100    1    1    1    1    1    1    1    1  2.57786E+09 0.42280 
];


