
DETdpaspec = [
    1    1    1    1    1    1    1    1    1    1  0.00000E+00 0.00000 
    2    2    1    1    1    1    1    1    1    1  0.00000E+00 0.00000 
    3    3    1    1    1    1    1    1    1    1  0.00000E+00 0.00000 
    4    4    1    1    1    1    1    1    1    1  0.00000E+00 0.00000 
    5    5    1    1    1    1    1    1    1    1  0.00000E+00 0.00000 
    6    6    1    1    1    1    1    1    1    1  0.00000E+00 0.00000 
    7    7    1    1    1    1    1    1    1    1  0.00000E+00 0.00000 
    8    8    1    1    1    1    1    1    1    1  3.05057E+07 1.00000 
    9    9    1    1    1    1    1    1    1    1  6.99595E+06 1.00000 
   10   10    1    1    1    1    1    1    1    1  4.17181E+07 1.00000 
   11   11    1    1    1    1    1    1    1    1  2.49391E+08 0.59674 
   12   12    1    1    1    1    1    1    1    1  6.21494E+07 0.53631 
   13   13    1    1    1    1    1    1    1    1  1.21015E+09 0.48570 
   14   14    1    1    1    1    1    1    1    1  4.20032E+08 0.39796 
   15   15    1    1    1    1    1    1    1    1  3.37734E+09 0.39675 
   16   16    1    1    1    1    1    1    1    1  6.38889E+08 0.78201 
   17   17    1    1    1    1    1    1    1    1  1.83408E+09 0.26505 
   18   18    1    1    1    1    1    1    1    1  5.77921E+09 0.21035 
   19   19    1    1    1    1    1    1    1    1  5.57138E+09 0.20786 
   20   20    1    1    1    1    1    1    1    1  2.22957E+10 0.16566 
   21   21    1    1    1    1    1    1    1    1  1.28324E+10 0.14188 
   22   22    1    1    1    1    1    1    1    1  4.21357E+10 0.14376 
   23   23    1    1    1    1    1    1    1    1  5.94132E+10 0.08430 
   24   24    1    1    1    1    1    1    1    1  1.02450E+11 0.07315 
   25   25    1    1    1    1    1    1    1    1  1.18857E+11 0.05902 
   26   26    1    1    1    1    1    1    1    1  1.88144E+11 0.03817 
   27   27    1    1    1    1    1    1    1    1  3.33794E+11 0.04196 
   28   28    1    1    1    1    1    1    1    1  6.18713E+11 0.02628 
   29   29    1    1    1    1    1    1    1    1  8.71802E+11 0.02220 
   30   30    1    1    1    1    1    1    1    1  2.64341E+12 0.01259 
   31   31    1    1    1    1    1    1    1    1  8.28421E+12 0.00673 
   32   32    1    1    1    1    1    1    1    1  1.57930E+13 0.00623 
   33   33    1    1    1    1    1    1    1    1  3.66127E+13 0.00249 
   34   34    1    1    1    1    1    1    1    1  5.00734E+13 0.00337 
   35   35    1    1    1    1    1    1    1    1  7.06162E+13 0.00264 
   36   36    1    1    1    1    1    1    1    1  4.90088E+13 0.00294 
   37   37    1    1    1    1    1    1    1    1  1.54224E+13 0.00259 
   38   38    1    1    1    1    1    1    1    1  8.47969E+13 0.00192 
   39   39    1    1    1    1    1    1    1    1  1.14050E+14 0.00185 
   40   40    1    1    1    1    1    1    1    1  1.93450E+14 0.00223 
   41   41    1    1    1    1    1    1    1    1  2.00572E+14 0.00200 
   42   42    1    1    1    1    1    1    1    1  4.20649E+14 0.00168 
   43   43    1    1    1    1    1    1    1    1  5.11050E+14 0.00143 
   44   44    1    1    1    1    1    1    1    1  7.39871E+14 0.00140 
   45   45    1    1    1    1    1    1    1    1  1.44858E+15 0.00106 
   46   46    1    1    1    1    1    1    1    1  6.83981E+14 0.00099 
   47   47    1    1    1    1    1    1    1    1  1.11474E+15 0.00101 
   48   48    1    1    1    1    1    1    1    1  1.55568E+15 0.00084 
   49   49    1    1    1    1    1    1    1    1  1.55163E+15 0.00081 
   50   50    1    1    1    1    1    1    1    1  2.38469E+15 0.00074 
   51   51    1    1    1    1    1    1    1    1  1.93159E+15 0.00089 
   52   52    1    1    1    1    1    1    1    1  2.25328E+15 0.00091 
   53   53    1    1    1    1    1    1    1    1  1.57357E+15 0.00093 
   54   54    1    1    1    1    1    1    1    1  1.88846E+15 0.00079 
   55   55    1    1    1    1    1    1    1    1  1.30476E+15 0.00089 
   56   56    1    1    1    1    1    1    1    1  1.78262E+14 0.00126 
   57   57    1    1    1    1    1    1    1    1  2.59963E+15 0.00102 
   58   58    1    1    1    1    1    1    1    1  1.13086E+15 0.00098 
   59   59    1    1    1    1    1    1    1    1  1.20953E+15 0.00094 
   60   60    1    1    1    1    1    1    1    1  9.23989E+14 0.00118 
   61   61    1    1    1    1    1    1    1    1  9.31444E+14 0.00127 
   62   62    1    1    1    1    1    1    1    1  9.68143E+14 0.00121 
   63   63    1    1    1    1    1    1    1    1  8.10161E+14 0.00131 
   64   64    1    1    1    1    1    1    1    1  6.44267E+14 0.00150 
   65   65    1    1    1    1    1    1    1    1  6.37402E+14 0.00112 
   66   66    1    1    1    1    1    1    1    1  4.58611E+14 0.00117 
   67   67    1    1    1    1    1    1    1    1  3.76267E+14 0.00095 
   68   68    1    1    1    1    1    1    1    1  3.38582E+14 0.00096 
   69   69    1    1    1    1    1    1    1    1  4.06911E+14 0.00101 
   70   70    1    1    1    1    1    1    1    1  3.46753E+14 0.00119 
   71   71    1    1    1    1    1    1    1    1  6.38562E+14 0.00131 
   72   72    1    1    1    1    1    1    1    1  4.53511E+14 0.00123 
   73   73    1    1    1    1    1    1    1    1  3.39947E+14 0.00161 
   74   74    1    1    1    1    1    1    1    1  2.69743E+14 0.00145 
   75   75    1    1    1    1    1    1    1    1  2.20400E+14 0.00196 
   76   76    1    1    1    1    1    1    1    1  2.52016E+14 0.00165 
   77   77    1    1    1    1    1    1    1    1  1.96410E+14 0.00192 
   78   78    1    1    1    1    1    1    1    1  1.54637E+14 0.00217 
   79   79    1    1    1    1    1    1    1    1  1.58133E+14 0.00160 
   80   80    1    1    1    1    1    1    1    1  1.17112E+14 0.00179 
   81   81    1    1    1    1    1    1    1    1  8.95860E+13 0.00216 
   82   82    1    1    1    1    1    1    1    1  6.88521E+13 0.00335 
   83   83    1    1    1    1    1    1    1    1  6.38418E+13 0.00367 
   84   84    1    1    1    1    1    1    1    1  4.60765E+13 0.00301 
   85   85    1    1    1    1    1    1    1    1  3.32944E+13 0.00480 
   86   86    1    1    1    1    1    1    1    1  3.09678E+13 0.00467 
   87   87    1    1    1    1    1    1    1    1  1.92425E+13 0.00628 
   88   88    1    1    1    1    1    1    1    1  1.30416E+13 0.00635 
   89   89    1    1    1    1    1    1    1    1  7.53569E+12 0.00926 
   90   90    1    1    1    1    1    1    1    1  4.98484E+12 0.01010 
   91   91    1    1    1    1    1    1    1    1  2.44443E+12 0.01063 
   92   92    1    1    1    1    1    1    1    1  1.22985E+12 0.01281 
   93   93    1    1    1    1    1    1    1    1  5.82904E+11 0.02851 
   94   94    1    1    1    1    1    1    1    1  2.85345E+11 0.03978 
   95   95    1    1    1    1    1    1    1    1  1.45727E+11 0.06467 
   96   96    1    1    1    1    1    1    1    1  6.44650E+10 0.09371 
   97   97    1    1    1    1    1    1    1    1  3.47409E+10 0.11679 
   98   98    1    1    1    1    1    1    1    1  1.63618E+10 0.22338 
   99   99    1    1    1    1    1    1    1    1  8.74185E+09 0.23464 
  100  100    1    1    1    1    1    1    1    1  8.80913E+09 0.19963 
];


