
DETdpaspec = [
    1    1    1    1    1    1    1    1    1    1  0.00000E+00 0.00000 
    2    2    1    1    1    1    1    1    1    1  0.00000E+00 0.00000 
    3    3    1    1    1    1    1    1    1    1  0.00000E+00 0.00000 
    4    4    1    1    1    1    1    1    1    1  0.00000E+00 0.00000 
    5    5    1    1    1    1    1    1    1    1  0.00000E+00 0.00000 
    6    6    1    1    1    1    1    1    1    1  0.00000E+00 0.00000 
    7    7    1    1    1    1    1    1    1    1  0.00000E+00 0.00000 
    8    8    1    1    1    1    1    1    1    1  0.00000E+00 0.00000 
    9    9    1    1    1    1    1    1    1    1  7.61440E+06 1.00000 
   10   10    1    1    1    1    1    1    1    1  0.00000E+00 0.00000 
   11   11    1    1    1    1    1    1    1    1  0.00000E+00 0.00000 
   12   12    1    1    1    1    1    1    1    1  1.82038E+06 1.00000 
   13   13    1    1    1    1    1    1    1    1  8.84756E+08 0.51537 
   14   14    1    1    1    1    1    1    1    1  5.26417E+09 0.29614 
   15   15    1    1    1    1    1    1    1    1  2.16530E+09 0.37945 
   16   16    1    1    1    1    1    1    1    1  2.07594E+09 0.64415 
   17   17    1    1    1    1    1    1    1    1  1.25378E+09 0.33243 
   18   18    1    1    1    1    1    1    1    1  4.79504E+09 0.20522 
   19   19    1    1    1    1    1    1    1    1  6.22136E+09 0.20641 
   20   20    1    1    1    1    1    1    1    1  1.84461E+10 0.14062 
   21   21    1    1    1    1    1    1    1    1  1.37197E+10 0.18101 
   22   22    1    1    1    1    1    1    1    1  2.93494E+10 0.14369 
   23   23    1    1    1    1    1    1    1    1  5.24782E+10 0.08778 
   24   24    1    1    1    1    1    1    1    1  7.95733E+10 0.08098 
   25   25    1    1    1    1    1    1    1    1  9.56948E+10 0.05759 
   26   26    1    1    1    1    1    1    1    1  1.66764E+11 0.08403 
   27   27    1    1    1    1    1    1    1    1  3.39686E+11 0.03712 
   28   28    1    1    1    1    1    1    1    1  7.59846E+11 0.01998 
   29   29    1    1    1    1    1    1    1    1  1.37509E+12 0.02092 
   30   30    1    1    1    1    1    1    1    1  3.85448E+12 0.01335 
   31   31    1    1    1    1    1    1    1    1  1.19310E+13 0.00670 
   32   32    1    1    1    1    1    1    1    1  2.22652E+13 0.00609 
   33   33    1    1    1    1    1    1    1    1  5.36542E+13 0.00308 
   34   34    1    1    1    1    1    1    1    1  7.58704E+13 0.00285 
   35   35    1    1    1    1    1    1    1    1  9.58281E+13 0.00170 
   36   36    1    1    1    1    1    1    1    1  6.36756E+13 0.00255 
   37   37    1    1    1    1    1    1    1    1  1.93344E+13 0.00284 
   38   38    1    1    1    1    1    1    1    1  1.09619E+14 0.00224 
   39   39    1    1    1    1    1    1    1    1  1.48850E+14 0.00189 
   40   40    1    1    1    1    1    1    1    1  2.57142E+14 0.00136 
   41   41    1    1    1    1    1    1    1    1  2.59292E+14 0.00122 
   42   42    1    1    1    1    1    1    1    1  5.61469E+14 0.00118 
   43   43    1    1    1    1    1    1    1    1  6.86974E+14 0.00125 
   44   44    1    1    1    1    1    1    1    1  1.00490E+15 0.00123 
   45   45    1    1    1    1    1    1    1    1  2.02468E+15 0.00083 
   46   46    1    1    1    1    1    1    1    1  9.41750E+14 0.00100 
   47   47    1    1    1    1    1    1    1    1  1.52345E+15 0.00073 
   48   48    1    1    1    1    1    1    1    1  2.13451E+15 0.00075 
   49   49    1    1    1    1    1    1    1    1  2.12097E+15 0.00075 
   50   50    1    1    1    1    1    1    1    1  3.33179E+15 0.00069 
   51   51    1    1    1    1    1    1    1    1  2.65520E+15 0.00079 
   52   52    1    1    1    1    1    1    1    1  3.18909E+15 0.00083 
   53   53    1    1    1    1    1    1    1    1  2.21629E+15 0.00062 
   54   54    1    1    1    1    1    1    1    1  2.73358E+15 0.00062 
   55   55    1    1    1    1    1    1    1    1  1.88191E+15 0.00069 
   56   56    1    1    1    1    1    1    1    1  2.55871E+14 0.00120 
   57   57    1    1    1    1    1    1    1    1  3.74916E+15 0.00060 
   58   58    1    1    1    1    1    1    1    1  1.68736E+15 0.00070 
   59   59    1    1    1    1    1    1    1    1  1.79275E+15 0.00079 
   60   60    1    1    1    1    1    1    1    1  1.40310E+15 0.00065 
   61   61    1    1    1    1    1    1    1    1  1.40526E+15 0.00065 
   62   62    1    1    1    1    1    1    1    1  1.46801E+15 0.00085 
   63   63    1    1    1    1    1    1    1    1  1.23926E+15 0.00062 
   64   64    1    1    1    1    1    1    1    1  9.87792E+14 0.00083 
   65   65    1    1    1    1    1    1    1    1  9.84233E+14 0.00092 
   66   66    1    1    1    1    1    1    1    1  7.07545E+14 0.00104 
   67   67    1    1    1    1    1    1    1    1  5.76092E+14 0.00090 
   68   68    1    1    1    1    1    1    1    1  5.17043E+14 0.00108 
   69   69    1    1    1    1    1    1    1    1  6.19910E+14 0.00109 
   70   70    1    1    1    1    1    1    1    1  5.26569E+14 0.00112 
   71   71    1    1    1    1    1    1    1    1  9.57360E+14 0.00107 
   72   72    1    1    1    1    1    1    1    1  6.76432E+14 0.00095 
   73   73    1    1    1    1    1    1    1    1  5.10872E+14 0.00108 
   74   74    1    1    1    1    1    1    1    1  4.11201E+14 0.00088 
   75   75    1    1    1    1    1    1    1    1  3.43304E+14 0.00125 
   76   76    1    1    1    1    1    1    1    1  3.98605E+14 0.00153 
   77   77    1    1    1    1    1    1    1    1  3.15662E+14 0.00143 
   78   78    1    1    1    1    1    1    1    1  2.52665E+14 0.00148 
   79   79    1    1    1    1    1    1    1    1  2.61191E+14 0.00113 
   80   80    1    1    1    1    1    1    1    1  1.94226E+14 0.00163 
   81   81    1    1    1    1    1    1    1    1  1.49812E+14 0.00192 
   82   82    1    1    1    1    1    1    1    1  1.15205E+14 0.00212 
   83   83    1    1    1    1    1    1    1    1  1.07270E+14 0.00245 
   84   84    1    1    1    1    1    1    1    1  7.70440E+13 0.00233 
   85   85    1    1    1    1    1    1    1    1  5.62247E+13 0.00471 
   86   86    1    1    1    1    1    1    1    1  5.25003E+13 0.00259 
   87   87    1    1    1    1    1    1    1    1  3.20025E+13 0.00443 
   88   88    1    1    1    1    1    1    1    1  2.14827E+13 0.00538 
   89   89    1    1    1    1    1    1    1    1  1.22841E+13 0.00945 
   90   90    1    1    1    1    1    1    1    1  8.24563E+12 0.00839 
   91   91    1    1    1    1    1    1    1    1  4.02706E+12 0.01197 
   92   92    1    1    1    1    1    1    1    1  2.03683E+12 0.01691 
   93   93    1    1    1    1    1    1    1    1  9.79616E+11 0.02170 
   94   94    1    1    1    1    1    1    1    1  4.81162E+11 0.03272 
   95   95    1    1    1    1    1    1    1    1  2.32857E+11 0.05338 
   96   96    1    1    1    1    1    1    1    1  1.10279E+11 0.07104 
   97   97    1    1    1    1    1    1    1    1  4.58734E+10 0.09165 
   98   98    1    1    1    1    1    1    1    1  2.49333E+10 0.13089 
   99   99    1    1    1    1    1    1    1    1  9.99513E+09 0.17566 
  100  100    1    1    1    1    1    1    1    1  1.12742E+10 0.23491 
];


