
DETdpaspec = [
    1    1    1    1    1    1    1    1    1    1  0.00000E+00 0.00000 
    2    2    1    1    1    1    1    1    1    1  0.00000E+00 0.00000 
    3    3    1    1    1    1    1    1    1    1  0.00000E+00 0.00000 
    4    4    1    1    1    1    1    1    1    1  0.00000E+00 0.00000 
    5    5    1    1    1    1    1    1    1    1  0.00000E+00 0.00000 
    6    6    1    1    1    1    1    1    1    1  1.02200E+07 1.00000 
    7    7    1    1    1    1    1    1    1    1  0.00000E+00 0.00000 
    8    8    1    1    1    1    1    1    1    1  0.00000E+00 0.00000 
    9    9    1    1    1    1    1    1    1    1  0.00000E+00 0.00000 
   10   10    1    1    1    1    1    1    1    1  8.58358E+07 1.00000 
   11   11    1    1    1    1    1    1    1    1  2.09846E+08 0.69035 
   12   12    1    1    1    1    1    1    1    1  0.00000E+00 0.00000 
   13   13    1    1    1    1    1    1    1    1  1.31987E+09 0.60394 
   14   14    1    1    1    1    1    1    1    1  8.30845E+08 0.52074 
   15   15    1    1    1    1    1    1    1    1  3.67601E+09 0.41356 
   16   16    1    1    1    1    1    1    1    1  9.20204E+08 0.37849 
   17   17    1    1    1    1    1    1    1    1  1.29486E+09 0.32299 
   18   18    1    1    1    1    1    1    1    1  3.10625E+09 0.34569 
   19   19    1    1    1    1    1    1    1    1  5.97583E+09 0.19960 
   20   20    1    1    1    1    1    1    1    1  1.52832E+10 0.13792 
   21   21    1    1    1    1    1    1    1    1  1.58083E+10 0.13563 
   22   22    1    1    1    1    1    1    1    1  3.53160E+10 0.08283 
   23   23    1    1    1    1    1    1    1    1  5.26401E+10 0.10183 
   24   24    1    1    1    1    1    1    1    1  8.15875E+10 0.08422 
   25   25    1    1    1    1    1    1    1    1  1.07442E+11 0.07266 
   26   26    1    1    1    1    1    1    1    1  1.72646E+11 0.04629 
   27   27    1    1    1    1    1    1    1    1  3.06143E+11 0.04629 
   28   28    1    1    1    1    1    1    1    1  6.99325E+11 0.03035 
   29   29    1    1    1    1    1    1    1    1  1.10668E+12 0.02422 
   30   30    1    1    1    1    1    1    1    1  3.11214E+12 0.01279 
   31   31    1    1    1    1    1    1    1    1  1.00206E+13 0.00770 
   32   32    1    1    1    1    1    1    1    1  1.90456E+13 0.00469 
   33   33    1    1    1    1    1    1    1    1  4.58266E+13 0.00395 
   34   34    1    1    1    1    1    1    1    1  6.44215E+13 0.00316 
   35   35    1    1    1    1    1    1    1    1  8.54156E+13 0.00281 
   36   36    1    1    1    1    1    1    1    1  5.81504E+13 0.00218 
   37   37    1    1    1    1    1    1    1    1  1.78373E+13 0.00242 
   38   38    1    1    1    1    1    1    1    1  1.00231E+14 0.00256 
   39   39    1    1    1    1    1    1    1    1  1.36025E+14 0.00184 
   40   40    1    1    1    1    1    1    1    1  2.34689E+14 0.00176 
   41   41    1    1    1    1    1    1    1    1  2.38802E+14 0.00214 
   42   42    1    1    1    1    1    1    1    1  5.14013E+14 0.00118 
   43   43    1    1    1    1    1    1    1    1  6.28601E+14 0.00099 
   44   44    1    1    1    1    1    1    1    1  9.17968E+14 0.00113 
   45   45    1    1    1    1    1    1    1    1  1.84283E+15 0.00077 
   46   46    1    1    1    1    1    1    1    1  8.63599E+14 0.00095 
   47   47    1    1    1    1    1    1    1    1  1.40509E+15 0.00077 
   48   48    1    1    1    1    1    1    1    1  1.96795E+15 0.00069 
   49   49    1    1    1    1    1    1    1    1  1.96030E+15 0.00105 
   50   50    1    1    1    1    1    1    1    1  3.06265E+15 0.00081 
   51   51    1    1    1    1    1    1    1    1  2.45677E+15 0.00091 
   52   52    1    1    1    1    1    1    1    1  2.93102E+15 0.00063 
   53   53    1    1    1    1    1    1    1    1  2.04179E+15 0.00088 
   54   54    1    1    1    1    1    1    1    1  2.50278E+15 0.00081 
   55   55    1    1    1    1    1    1    1    1  1.72291E+15 0.00071 
   56   56    1    1    1    1    1    1    1    1  2.34850E+14 0.00100 
   57   57    1    1    1    1    1    1    1    1  3.43786E+15 0.00069 
   58   58    1    1    1    1    1    1    1    1  1.53152E+15 0.00106 
   59   59    1    1    1    1    1    1    1    1  1.63438E+15 0.00121 
   60   60    1    1    1    1    1    1    1    1  1.26798E+15 0.00106 
   61   61    1    1    1    1    1    1    1    1  1.27510E+15 0.00097 
   62   62    1    1    1    1    1    1    1    1  1.32919E+15 0.00103 
   63   63    1    1    1    1    1    1    1    1  1.12081E+15 0.00080 
   64   64    1    1    1    1    1    1    1    1  8.93375E+14 0.00110 
   65   65    1    1    1    1    1    1    1    1  8.87743E+14 0.00118 
   66   66    1    1    1    1    1    1    1    1  6.38971E+14 0.00103 
   67   67    1    1    1    1    1    1    1    1  5.20932E+14 0.00134 
   68   68    1    1    1    1    1    1    1    1  4.67151E+14 0.00134 
   69   69    1    1    1    1    1    1    1    1  5.61854E+14 0.00135 
   70   70    1    1    1    1    1    1    1    1  4.79355E+14 0.00125 
   71   71    1    1    1    1    1    1    1    1  8.73609E+14 0.00150 
   72   72    1    1    1    1    1    1    1    1  6.18523E+14 0.00128 
   73   73    1    1    1    1    1    1    1    1  4.64952E+14 0.00151 
   74   74    1    1    1    1    1    1    1    1  3.74524E+14 0.00194 
   75   75    1    1    1    1    1    1    1    1  3.09317E+14 0.00147 
   76   76    1    1    1    1    1    1    1    1  3.58039E+14 0.00174 
   77   77    1    1    1    1    1    1    1    1  2.82777E+14 0.00168 
   78   78    1    1    1    1    1    1    1    1  2.25633E+14 0.00180 
   79   79    1    1    1    1    1    1    1    1  2.32626E+14 0.00126 
   80   80    1    1    1    1    1    1    1    1  1.72518E+14 0.00191 
   81   81    1    1    1    1    1    1    1    1  1.33124E+14 0.00194 
   82   82    1    1    1    1    1    1    1    1  1.02046E+14 0.00254 
   83   83    1    1    1    1    1    1    1    1  9.52471E+13 0.00288 
   84   84    1    1    1    1    1    1    1    1  6.88796E+13 0.00275 
   85   85    1    1    1    1    1    1    1    1  4.91542E+13 0.00368 
   86   86    1    1    1    1    1    1    1    1  4.60361E+13 0.00402 
   87   87    1    1    1    1    1    1    1    1  2.85749E+13 0.00520 
   88   88    1    1    1    1    1    1    1    1  1.93369E+13 0.00581 
   89   89    1    1    1    1    1    1    1    1  1.11376E+13 0.00761 
   90   90    1    1    1    1    1    1    1    1  7.33881E+12 0.00954 
   91   91    1    1    1    1    1    1    1    1  3.64781E+12 0.01253 
   92   92    1    1    1    1    1    1    1    1  1.79418E+12 0.02003 
   93   93    1    1    1    1    1    1    1    1  8.90777E+11 0.01794 
   94   94    1    1    1    1    1    1    1    1  4.22433E+11 0.03559 
   95   95    1    1    1    1    1    1    1    1  1.97303E+11 0.05662 
   96   96    1    1    1    1    1    1    1    1  9.39754E+10 0.08576 
   97   97    1    1    1    1    1    1    1    1  4.78358E+10 0.11448 
   98   98    1    1    1    1    1    1    1    1  2.23937E+10 0.17726 
   99   99    1    1    1    1    1    1    1    1  1.21381E+10 0.34338 
  100  100    1    1    1    1    1    1    1    1  4.91445E+09 0.39546 
];


