
DETdpaspec = [
    1    1    1    1    1    1    1    1    1    1  0.00000E+00 0.00000 
    2    2    1    1    1    1    1    1    1    1  0.00000E+00 0.00000 
    3    3    1    1    1    1    1    1    1    1  0.00000E+00 0.00000 
    4    4    1    1    1    1    1    1    1    1  0.00000E+00 0.00000 
    5    5    1    1    1    1    1    1    1    1  8.70103E+06 1.00000 
    6    6    1    1    1    1    1    1    1    1  0.00000E+00 0.00000 
    7    7    1    1    1    1    1    1    1    1  0.00000E+00 0.00000 
    8    8    1    1    1    1    1    1    1    1  0.00000E+00 0.00000 
    9    9    1    1    1    1    1    1    1    1  0.00000E+00 0.00000 
   10   10    1    1    1    1    1    1    1    1  0.00000E+00 0.00000 
   11   11    1    1    1    1    1    1    1    1  2.53521E+08 0.83196 
   12   12    1    1    1    1    1    1    1    1  5.17322E+07 1.00000 
   13   13    1    1    1    1    1    1    1    1  8.60260E+08 0.61710 
   14   14    1    1    1    1    1    1    1    1  2.99221E+09 0.37708 
   15   15    1    1    1    1    1    1    1    1  2.53830E+09 0.45735 
   16   16    1    1    1    1    1    1    1    1  1.22667E+09 0.41847 
   17   17    1    1    1    1    1    1    1    1  2.25800E+09 0.37850 
   18   18    1    1    1    1    1    1    1    1  4.18306E+09 0.23613 
   19   19    1    1    1    1    1    1    1    1  7.53320E+09 0.13308 
   20   20    1    1    1    1    1    1    1    1  2.16797E+10 0.13766 
   21   21    1    1    1    1    1    1    1    1  1.37398E+10 0.12727 
   22   22    1    1    1    1    1    1    1    1  4.30360E+10 0.09623 
   23   23    1    1    1    1    1    1    1    1  6.13602E+10 0.07643 
   24   24    1    1    1    1    1    1    1    1  9.18863E+10 0.05845 
   25   25    1    1    1    1    1    1    1    1  1.26539E+11 0.06151 
   26   26    1    1    1    1    1    1    1    1  1.89406E+11 0.05022 
   27   27    1    1    1    1    1    1    1    1  3.14906E+11 0.05260 
   28   28    1    1    1    1    1    1    1    1  6.16627E+11 0.03101 
   29   29    1    1    1    1    1    1    1    1  9.08334E+11 0.01599 
   30   30    1    1    1    1    1    1    1    1  2.75643E+12 0.01125 
   31   31    1    1    1    1    1    1    1    1  8.62685E+12 0.00770 
   32   32    1    1    1    1    1    1    1    1  1.64370E+13 0.00673 
   33   33    1    1    1    1    1    1    1    1  3.83455E+13 0.00418 
   34   34    1    1    1    1    1    1    1    1  5.29443E+13 0.00382 
   35   35    1    1    1    1    1    1    1    1  7.36557E+13 0.00285 
   36   36    1    1    1    1    1    1    1    1  5.08583E+13 0.00263 
   37   37    1    1    1    1    1    1    1    1  1.59584E+13 0.00259 
   38   38    1    1    1    1    1    1    1    1  8.81168E+13 0.00240 
   39   39    1    1    1    1    1    1    1    1  1.19147E+14 0.00211 
   40   40    1    1    1    1    1    1    1    1  2.02859E+14 0.00154 
   41   41    1    1    1    1    1    1    1    1  2.09808E+14 0.00173 
   42   42    1    1    1    1    1    1    1    1  4.44014E+14 0.00127 
   43   43    1    1    1    1    1    1    1    1  5.40176E+14 0.00129 
   44   44    1    1    1    1    1    1    1    1  7.84590E+14 0.00108 
   45   45    1    1    1    1    1    1    1    1  1.54929E+15 0.00101 
   46   46    1    1    1    1    1    1    1    1  7.31963E+14 0.00107 
   47   47    1    1    1    1    1    1    1    1  1.19046E+15 0.00130 
   48   48    1    1    1    1    1    1    1    1  1.66424E+15 0.00136 
   49   49    1    1    1    1    1    1    1    1  1.66099E+15 0.00122 
   50   50    1    1    1    1    1    1    1    1  2.56793E+15 0.00113 
   51   51    1    1    1    1    1    1    1    1  2.07403E+15 0.00118 
   52   52    1    1    1    1    1    1    1    1  2.43528E+15 0.00106 
   53   53    1    1    1    1    1    1    1    1  1.69949E+15 0.00099 
   54   54    1    1    1    1    1    1    1    1  2.05073E+15 0.00105 
   55   55    1    1    1    1    1    1    1    1  1.41553E+15 0.00114 
   56   56    1    1    1    1    1    1    1    1  1.93275E+14 0.00159 
   57   57    1    1    1    1    1    1    1    1  2.82290E+15 0.00105 
   58   58    1    1    1    1    1    1    1    1  1.23663E+15 0.00115 
   59   59    1    1    1    1    1    1    1    1  1.32147E+15 0.00115 
   60   60    1    1    1    1    1    1    1    1  1.01564E+15 0.00094 
   61   61    1    1    1    1    1    1    1    1  1.02166E+15 0.00106 
   62   62    1    1    1    1    1    1    1    1  1.06278E+15 0.00114 
   63   63    1    1    1    1    1    1    1    1  8.90462E+14 0.00128 
   64   64    1    1    1    1    1    1    1    1  7.09531E+14 0.00120 
   65   65    1    1    1    1    1    1    1    1  7.05250E+14 0.00147 
   66   66    1    1    1    1    1    1    1    1  5.06212E+14 0.00143 
   67   67    1    1    1    1    1    1    1    1  4.14335E+14 0.00144 
   68   68    1    1    1    1    1    1    1    1  3.72749E+14 0.00130 
   69   69    1    1    1    1    1    1    1    1  4.47460E+14 0.00137 
   70   70    1    1    1    1    1    1    1    1  3.81430E+14 0.00158 
   71   71    1    1    1    1    1    1    1    1  7.01586E+14 0.00157 
   72   72    1    1    1    1    1    1    1    1  4.98195E+14 0.00113 
   73   73    1    1    1    1    1    1    1    1  3.74896E+14 0.00148 
   74   74    1    1    1    1    1    1    1    1  2.97465E+14 0.00167 
   75   75    1    1    1    1    1    1    1    1  2.44181E+14 0.00135 
   76   76    1    1    1    1    1    1    1    1  2.80152E+14 0.00179 
   77   77    1    1    1    1    1    1    1    1  2.19138E+14 0.00204 
   78   78    1    1    1    1    1    1    1    1  1.73400E+14 0.00239 
   79   79    1    1    1    1    1    1    1    1  1.77225E+14 0.00164 
   80   80    1    1    1    1    1    1    1    1  1.30897E+14 0.00266 
   81   81    1    1    1    1    1    1    1    1  1.01052E+14 0.00252 
   82   82    1    1    1    1    1    1    1    1  7.69545E+13 0.00234 
   83   83    1    1    1    1    1    1    1    1  7.20773E+13 0.00282 
   84   84    1    1    1    1    1    1    1    1  5.17413E+13 0.00421 
   85   85    1    1    1    1    1    1    1    1  3.74072E+13 0.00449 
   86   86    1    1    1    1    1    1    1    1  3.48864E+13 0.00495 
   87   87    1    1    1    1    1    1    1    1  2.16353E+13 0.00599 
   88   88    1    1    1    1    1    1    1    1  1.45468E+13 0.00658 
   89   89    1    1    1    1    1    1    1    1  8.45496E+12 0.00839 
   90   90    1    1    1    1    1    1    1    1  5.49820E+12 0.01051 
   91   91    1    1    1    1    1    1    1    1  2.86298E+12 0.01400 
   92   92    1    1    1    1    1    1    1    1  1.37305E+12 0.01776 
   93   93    1    1    1    1    1    1    1    1  6.48802E+11 0.02479 
   94   94    1    1    1    1    1    1    1    1  3.23367E+11 0.05562 
   95   95    1    1    1    1    1    1    1    1  1.53428E+11 0.07132 
   96   96    1    1    1    1    1    1    1    1  7.90138E+10 0.07348 
   97   97    1    1    1    1    1    1    1    1  3.27871E+10 0.10711 
   98   98    1    1    1    1    1    1    1    1  1.65239E+10 0.17783 
   99   99    1    1    1    1    1    1    1    1  4.66609E+09 0.31975 
  100  100    1    1    1    1    1    1    1    1  3.66246E+09 0.37162 
];


