
DETdpaspec = [
    1    1    1    1    1    1    1    1    1    1  0.00000E+00 0.00000 
    2    2    1    1    1    1    1    1    1    1  0.00000E+00 0.00000 
    3    3    1    1    1    1    1    1    1    1  0.00000E+00 0.00000 
    4    4    1    1    1    1    1    1    1    1  0.00000E+00 0.00000 
    5    5    1    1    1    1    1    1    1    1  0.00000E+00 0.00000 
    6    6    1    1    1    1    1    1    1    1  0.00000E+00 0.00000 
    7    7    1    1    1    1    1    1    1    1  0.00000E+00 0.00000 
    8    8    1    1    1    1    1    1    1    1  0.00000E+00 0.00000 
    9    9    1    1    1    1    1    1    1    1  6.51619E+06 1.00000 
   10   10    1    1    1    1    1    1    1    1  0.00000E+00 0.00000 
   11   11    1    1    1    1    1    1    1    1  9.27261E+07 0.68827 
   12   12    1    1    1    1    1    1    1    1  1.53827E+07 0.91564 
   13   13    1    1    1    1    1    1    1    1  4.24184E+08 0.63288 
   14   14    1    1    1    1    1    1    1    1  2.56177E+09 0.37265 
   15   15    1    1    1    1    1    1    1    1  1.71559E+09 0.41748 
   16   16    1    1    1    1    1    1    1    1  1.10068E+09 0.36127 
   17   17    1    1    1    1    1    1    1    1  1.83974E+09 0.27888 
   18   18    1    1    1    1    1    1    1    1  5.93173E+09 0.20735 
   19   19    1    1    1    1    1    1    1    1  5.36613E+09 0.20331 
   20   20    1    1    1    1    1    1    1    1  2.60859E+10 0.11434 
   21   21    1    1    1    1    1    1    1    1  2.02001E+10 0.10142 
   22   22    1    1    1    1    1    1    1    1  4.24682E+10 0.06957 
   23   23    1    1    1    1    1    1    1    1  5.82348E+10 0.07772 
   24   24    1    1    1    1    1    1    1    1  8.85785E+10 0.06347 
   25   25    1    1    1    1    1    1    1    1  1.06831E+11 0.05848 
   26   26    1    1    1    1    1    1    1    1  1.73256E+11 0.04968 
   27   27    1    1    1    1    1    1    1    1  3.15742E+11 0.04878 
   28   28    1    1    1    1    1    1    1    1  6.65693E+11 0.02792 
   29   29    1    1    1    1    1    1    1    1  1.08612E+12 0.01614 
   30   30    1    1    1    1    1    1    1    1  3.07178E+12 0.01451 
   31   31    1    1    1    1    1    1    1    1  9.61895E+12 0.01131 
   32   32    1    1    1    1    1    1    1    1  1.82895E+13 0.00591 
   33   33    1    1    1    1    1    1    1    1  4.37889E+13 0.00336 
   34   34    1    1    1    1    1    1    1    1  6.11936E+13 0.00366 
   35   35    1    1    1    1    1    1    1    1  8.21013E+13 0.00240 
   36   36    1    1    1    1    1    1    1    1  5.61043E+13 0.00236 
   37   37    1    1    1    1    1    1    1    1  1.73442E+13 0.00246 
   38   38    1    1    1    1    1    1    1    1  9.72114E+13 0.00167 
   39   39    1    1    1    1    1    1    1    1  1.31878E+14 0.00170 
   40   40    1    1    1    1    1    1    1    1  2.26388E+14 0.00141 
   41   41    1    1    1    1    1    1    1    1  2.31625E+14 0.00143 
   42   42    1    1    1    1    1    1    1    1  4.97199E+14 0.00158 
   43   43    1    1    1    1    1    1    1    1  6.07164E+14 0.00119 
   44   44    1    1    1    1    1    1    1    1  8.86844E+14 0.00113 
   45   45    1    1    1    1    1    1    1    1  1.77507E+15 0.00107 
   46   46    1    1    1    1    1    1    1    1  8.32511E+14 0.00113 
   47   47    1    1    1    1    1    1    1    1  1.35405E+15 0.00088 
   48   48    1    1    1    1    1    1    1    1  1.89662E+15 0.00096 
   49   49    1    1    1    1    1    1    1    1  1.89131E+15 0.00074 
   50   50    1    1    1    1    1    1    1    1  2.95086E+15 0.00098 
   51   51    1    1    1    1    1    1    1    1  2.37204E+15 0.00092 
   52   52    1    1    1    1    1    1    1    1  2.81657E+15 0.00091 
   53   53    1    1    1    1    1    1    1    1  1.96663E+15 0.00103 
   54   54    1    1    1    1    1    1    1    1  2.39838E+15 0.00103 
   55   55    1    1    1    1    1    1    1    1  1.65408E+15 0.00126 
   56   56    1    1    1    1    1    1    1    1  2.25206E+14 0.00114 
   57   57    1    1    1    1    1    1    1    1  3.29926E+15 0.00108 
   58   58    1    1    1    1    1    1    1    1  1.46589E+15 0.00116 
   59   59    1    1    1    1    1    1    1    1  1.56331E+15 0.00079 
   60   60    1    1    1    1    1    1    1    1  1.21227E+15 0.00102 
   61   61    1    1    1    1    1    1    1    1  1.21855E+15 0.00114 
   62   62    1    1    1    1    1    1    1    1  1.26768E+15 0.00111 
   63   63    1    1    1    1    1    1    1    1  1.06800E+15 0.00098 
   64   64    1    1    1    1    1    1    1    1  8.52069E+14 0.00081 
   65   65    1    1    1    1    1    1    1    1  8.45801E+14 0.00088 
   66   66    1    1    1    1    1    1    1    1  6.08561E+14 0.00105 
   67   67    1    1    1    1    1    1    1    1  4.97168E+14 0.00109 
   68   68    1    1    1    1    1    1    1    1  4.47559E+14 0.00093 
   69   69    1    1    1    1    1    1    1    1  5.36956E+14 0.00114 
   70   70    1    1    1    1    1    1    1    1  4.57424E+14 0.00140 
   71   71    1    1    1    1    1    1    1    1  8.36805E+14 0.00112 
   72   72    1    1    1    1    1    1    1    1  5.91091E+14 0.00145 
   73   73    1    1    1    1    1    1    1    1  4.45023E+14 0.00151 
   74   74    1    1    1    1    1    1    1    1  3.56817E+14 0.00145 
   75   75    1    1    1    1    1    1    1    1  2.95186E+14 0.00134 
   76   76    1    1    1    1    1    1    1    1  3.41048E+14 0.00173 
   77   77    1    1    1    1    1    1    1    1  2.68623E+14 0.00183 
   78   78    1    1    1    1    1    1    1    1  2.13322E+14 0.00153 
   79   79    1    1    1    1    1    1    1    1  2.20133E+14 0.00153 
   80   80    1    1    1    1    1    1    1    1  1.63148E+14 0.00224 
   81   81    1    1    1    1    1    1    1    1  1.24675E+14 0.00192 
   82   82    1    1    1    1    1    1    1    1  9.60513E+13 0.00229 
   83   83    1    1    1    1    1    1    1    1  8.98669E+13 0.00264 
   84   84    1    1    1    1    1    1    1    1  6.48624E+13 0.00273 
   85   85    1    1    1    1    1    1    1    1  4.67604E+13 0.00394 
   86   86    1    1    1    1    1    1    1    1  4.35477E+13 0.00408 
   87   87    1    1    1    1    1    1    1    1  2.69071E+13 0.00497 
   88   88    1    1    1    1    1    1    1    1  1.80700E+13 0.00704 
   89   89    1    1    1    1    1    1    1    1  1.04202E+13 0.00595 
   90   90    1    1    1    1    1    1    1    1  6.95561E+12 0.00870 
   91   91    1    1    1    1    1    1    1    1  3.45219E+12 0.01442 
   92   92    1    1    1    1    1    1    1    1  1.70141E+12 0.01236 
   93   93    1    1    1    1    1    1    1    1  8.38329E+11 0.02713 
   94   94    1    1    1    1    1    1    1    1  3.80928E+11 0.04011 
   95   95    1    1    1    1    1    1    1    1  1.69367E+11 0.04962 
   96   96    1    1    1    1    1    1    1    1  8.50577E+10 0.07256 
   97   97    1    1    1    1    1    1    1    1  4.75582E+10 0.10512 
   98   98    1    1    1    1    1    1    1    1  1.95969E+10 0.13964 
   99   99    1    1    1    1    1    1    1    1  1.63566E+10 0.17216 
  100  100    1    1    1    1    1    1    1    1  1.14519E+10 0.23978 
];


