
DETdpaspec = [
    1    1    1    1    1    1    1    1    1    1  0.00000E+00 0.00000 
    2    2    1    1    1    1    1    1    1    1  0.00000E+00 0.00000 
    3    3    1    1    1    1    1    1    1    1  0.00000E+00 0.00000 
    4    4    1    1    1    1    1    1    1    1  0.00000E+00 0.00000 
    5    5    1    1    1    1    1    1    1    1  0.00000E+00 0.00000 
    6    6    1    1    1    1    1    1    1    1  0.00000E+00 0.00000 
    7    7    1    1    1    1    1    1    1    1  0.00000E+00 0.00000 
    8    8    1    1    1    1    1    1    1    1  0.00000E+00 0.00000 
    9    9    1    1    1    1    1    1    1    1  0.00000E+00 0.00000 
   10   10    1    1    1    1    1    1    1    1  0.00000E+00 0.00000 
   11   11    1    1    1    1    1    1    1    1  1.50556E+08 1.00000 
   12   12    1    1    1    1    1    1    1    1  1.34763E+08 0.40539 
   13   13    1    1    1    1    1    1    1    1  7.19072E+08 0.62374 
   14   14    1    1    1    1    1    1    1    1  2.02057E+09 0.36413 
   15   15    1    1    1    1    1    1    1    1  4.26998E+09 0.28309 
   16   16    1    1    1    1    1    1    1    1  9.73088E+08 0.38090 
   17   17    1    1    1    1    1    1    1    1  2.16955E+09 0.26403 
   18   18    1    1    1    1    1    1    1    1  3.27649E+09 0.27047 
   19   19    1    1    1    1    1    1    1    1  6.52151E+09 0.21932 
   20   20    1    1    1    1    1    1    1    1  2.48202E+10 0.16728 
   21   21    1    1    1    1    1    1    1    1  1.71238E+10 0.11752 
   22   22    1    1    1    1    1    1    1    1  3.67131E+10 0.09922 
   23   23    1    1    1    1    1    1    1    1  5.79335E+10 0.08857 
   24   24    1    1    1    1    1    1    1    1  1.08579E+11 0.05084 
   25   25    1    1    1    1    1    1    1    1  1.19736E+11 0.03465 
   26   26    1    1    1    1    1    1    1    1  1.67764E+11 0.03783 
   27   27    1    1    1    1    1    1    1    1  2.95029E+11 0.04229 
   28   28    1    1    1    1    1    1    1    1  6.15971E+11 0.01823 
   29   29    1    1    1    1    1    1    1    1  9.27139E+11 0.01855 
   30   30    1    1    1    1    1    1    1    1  2.80059E+12 0.01502 
   31   31    1    1    1    1    1    1    1    1  8.72913E+12 0.00876 
   32   32    1    1    1    1    1    1    1    1  1.69649E+13 0.00565 
   33   33    1    1    1    1    1    1    1    1  4.03618E+13 0.00373 
   34   34    1    1    1    1    1    1    1    1  5.60491E+13 0.00251 
   35   35    1    1    1    1    1    1    1    1  7.69708E+13 0.00285 
   36   36    1    1    1    1    1    1    1    1  5.29820E+13 0.00251 
   37   37    1    1    1    1    1    1    1    1  1.64730E+13 0.00296 
   38   38    1    1    1    1    1    1    1    1  9.14101E+13 0.00239 
   39   39    1    1    1    1    1    1    1    1  1.23845E+14 0.00234 
   40   40    1    1    1    1    1    1    1    1  2.11949E+14 0.00247 
   41   41    1    1    1    1    1    1    1    1  2.18143E+14 0.00154 
   42   42    1    1    1    1    1    1    1    1  4.64678E+14 0.00161 
   43   43    1    1    1    1    1    1    1    1  5.66889E+14 0.00120 
   44   44    1    1    1    1    1    1    1    1  8.25139E+14 0.00137 
   45   45    1    1    1    1    1    1    1    1  1.63939E+15 0.00124 
   46   46    1    1    1    1    1    1    1    1  7.71554E+14 0.00091 
   47   47    1    1    1    1    1    1    1    1  1.25653E+15 0.00095 
   48   48    1    1    1    1    1    1    1    1  1.75744E+15 0.00111 
   49   49    1    1    1    1    1    1    1    1  1.75335E+15 0.00096 
   50   50    1    1    1    1    1    1    1    1  2.72067E+15 0.00092 
   51   51    1    1    1    1    1    1    1    1  2.19679E+15 0.00085 
   52   52    1    1    1    1    1    1    1    1  2.59240E+15 0.00099 
   53   53    1    1    1    1    1    1    1    1  1.81111E+15 0.00083 
   54   54    1    1    1    1    1    1    1    1  2.19604E+15 0.00095 
   55   55    1    1    1    1    1    1    1    1  1.51364E+15 0.00092 
   56   56    1    1    1    1    1    1    1    1  2.06598E+14 0.00121 
   57   57    1    1    1    1    1    1    1    1  3.01989E+15 0.00087 
   58   58    1    1    1    1    1    1    1    1  1.33024E+15 0.00111 
   59   59    1    1    1    1    1    1    1    1  1.42086E+15 0.00110 
   60   60    1    1    1    1    1    1    1    1  1.09549E+15 0.00122 
   61   61    1    1    1    1    1    1    1    1  1.10029E+15 0.00119 
   62   62    1    1    1    1    1    1    1    1  1.14702E+15 0.00101 
   63   63    1    1    1    1    1    1    1    1  9.64065E+14 0.00099 
   64   64    1    1    1    1    1    1    1    1  7.67144E+14 0.00160 
   65   65    1    1    1    1    1    1    1    1  7.61771E+14 0.00119 
   66   66    1    1    1    1    1    1    1    1  5.48141E+14 0.00169 
   67   67    1    1    1    1    1    1    1    1  4.48113E+14 0.00172 
   68   68    1    1    1    1    1    1    1    1  4.03039E+14 0.00179 
   69   69    1    1    1    1    1    1    1    1  4.82691E+14 0.00167 
   70   70    1    1    1    1    1    1    1    1  4.11278E+14 0.00181 
   71   71    1    1    1    1    1    1    1    1  7.56180E+14 0.00140 
   72   72    1    1    1    1    1    1    1    1  5.36265E+14 0.00139 
   73   73    1    1    1    1    1    1    1    1  4.03223E+14 0.00164 
   74   74    1    1    1    1    1    1    1    1  3.21322E+14 0.00181 
   75   75    1    1    1    1    1    1    1    1  2.64549E+14 0.00178 
   76   76    1    1    1    1    1    1    1    1  3.04823E+14 0.00185 
   77   77    1    1    1    1    1    1    1    1  2.38724E+14 0.00165 
   78   78    1    1    1    1    1    1    1    1  1.89369E+14 0.00237 
   79   79    1    1    1    1    1    1    1    1  1.94522E+14 0.00213 
   80   80    1    1    1    1    1    1    1    1  1.43813E+14 0.00250 
   81   81    1    1    1    1    1    1    1    1  1.10064E+14 0.00315 
   82   82    1    1    1    1    1    1    1    1  8.44874E+13 0.00285 
   83   83    1    1    1    1    1    1    1    1  7.91811E+13 0.00255 
   84   84    1    1    1    1    1    1    1    1  5.69590E+13 0.00254 
   85   85    1    1    1    1    1    1    1    1  4.10886E+13 0.00391 
   86   86    1    1    1    1    1    1    1    1  3.85196E+13 0.00325 
   87   87    1    1    1    1    1    1    1    1  2.38024E+13 0.00456 
   88   88    1    1    1    1    1    1    1    1  1.59424E+13 0.00541 
   89   89    1    1    1    1    1    1    1    1  9.13566E+12 0.00681 
   90   90    1    1    1    1    1    1    1    1  6.22818E+12 0.00836 
   91   91    1    1    1    1    1    1    1    1  3.01909E+12 0.01735 
   92   92    1    1    1    1    1    1    1    1  1.50694E+12 0.01209 
   93   93    1    1    1    1    1    1    1    1  7.46701E+11 0.02088 
   94   94    1    1    1    1    1    1    1    1  3.37874E+11 0.03747 
   95   95    1    1    1    1    1    1    1    1  1.81938E+11 0.06650 
   96   96    1    1    1    1    1    1    1    1  8.11230E+10 0.07990 
   97   97    1    1    1    1    1    1    1    1  4.66664E+10 0.11295 
   98   98    1    1    1    1    1    1    1    1  1.93454E+10 0.13778 
   99   99    1    1    1    1    1    1    1    1  8.05193E+09 0.18385 
  100  100    1    1    1    1    1    1    1    1  8.45437E+09 0.21442 
];


