
DETdpaspec = [
    1    1    1    1    1    1    1    1    1    1  0.00000E+00 0.00000 
    2    2    1    1    1    1    1    1    1    1  0.00000E+00 0.00000 
    3    3    1    1    1    1    1    1    1    1  0.00000E+00 0.00000 
    4    4    1    1    1    1    1    1    1    1  0.00000E+00 0.00000 
    5    5    1    1    1    1    1    1    1    1  0.00000E+00 0.00000 
    6    6    1    1    1    1    1    1    1    1  0.00000E+00 0.00000 
    7    7    1    1    1    1    1    1    1    1  0.00000E+00 0.00000 
    8    8    1    1    1    1    1    1    1    1  1.00234E+07 1.00000 
    9    9    1    1    1    1    1    1    1    1  0.00000E+00 0.00000 
   10   10    1    1    1    1    1    1    1    1  4.52174E+07 1.00000 
   11   11    1    1    1    1    1    1    1    1  4.22682E+07 1.00000 
   12   12    1    1    1    1    1    1    1    1  2.05815E+07 1.00000 
   13   13    1    1    1    1    1    1    1    1  1.73006E+09 0.32067 
   14   14    1    1    1    1    1    1    1    1  2.00489E+09 0.38143 
   15   15    1    1    1    1    1    1    1    1  5.25489E+09 0.29982 
   16   16    1    1    1    1    1    1    1    1  1.17998E+09 0.30816 
   17   17    1    1    1    1    1    1    1    1  1.31375E+09 0.29164 
   18   18    1    1    1    1    1    1    1    1  8.10744E+09 0.19661 
   19   19    1    1    1    1    1    1    1    1  6.69260E+09 0.22472 
   20   20    1    1    1    1    1    1    1    1  2.28392E+10 0.12127 
   21   21    1    1    1    1    1    1    1    1  1.74881E+10 0.13668 
   22   22    1    1    1    1    1    1    1    1  4.39839E+10 0.09591 
   23   23    1    1    1    1    1    1    1    1  5.94714E+10 0.07741 
   24   24    1    1    1    1    1    1    1    1  9.10758E+10 0.05876 
   25   25    1    1    1    1    1    1    1    1  1.10040E+11 0.04177 
   26   26    1    1    1    1    1    1    1    1  1.83383E+11 0.05462 
   27   27    1    1    1    1    1    1    1    1  3.08548E+11 0.04220 
   28   28    1    1    1    1    1    1    1    1  6.42856E+11 0.03009 
   29   29    1    1    1    1    1    1    1    1  8.95820E+11 0.01844 
   30   30    1    1    1    1    1    1    1    1  2.73861E+12 0.01636 
   31   31    1    1    1    1    1    1    1    1  8.84783E+12 0.01023 
   32   32    1    1    1    1    1    1    1    1  1.69629E+13 0.00590 
   33   33    1    1    1    1    1    1    1    1  4.04051E+13 0.00354 
   34   34    1    1    1    1    1    1    1    1  5.63791E+13 0.00242 
   35   35    1    1    1    1    1    1    1    1  7.74925E+13 0.00246 
   36   36    1    1    1    1    1    1    1    1  5.33618E+13 0.00199 
   37   37    1    1    1    1    1    1    1    1  1.65807E+13 0.00274 
   38   38    1    1    1    1    1    1    1    1  9.19596E+13 0.00186 
   39   39    1    1    1    1    1    1    1    1  1.24357E+14 0.00187 
   40   40    1    1    1    1    1    1    1    1  2.12672E+14 0.00177 
   41   41    1    1    1    1    1    1    1    1  2.19291E+14 0.00135 
   42   42    1    1    1    1    1    1    1    1  4.66376E+14 0.00154 
   43   43    1    1    1    1    1    1    1    1  5.68964E+14 0.00110 
   44   44    1    1    1    1    1    1    1    1  8.28328E+14 0.00109 
   45   45    1    1    1    1    1    1    1    1  1.64595E+15 0.00106 
   46   46    1    1    1    1    1    1    1    1  7.75809E+14 0.00105 
   47   47    1    1    1    1    1    1    1    1  1.26247E+15 0.00108 
   48   48    1    1    1    1    1    1    1    1  1.76929E+15 0.00089 
   49   49    1    1    1    1    1    1    1    1  1.76142E+15 0.00084 
   50   50    1    1    1    1    1    1    1    1  2.73486E+15 0.00081 
   51   51    1    1    1    1    1    1    1    1  2.20532E+15 0.00080 
   52   52    1    1    1    1    1    1    1    1  2.60445E+15 0.00068 
   53   53    1    1    1    1    1    1    1    1  1.81701E+15 0.00071 
   54   54    1    1    1    1    1    1    1    1  2.20275E+15 0.00070 
   55   55    1    1    1    1    1    1    1    1  1.52131E+15 0.00064 
   56   56    1    1    1    1    1    1    1    1  2.07441E+14 0.00128 
   57   57    1    1    1    1    1    1    1    1  3.03289E+15 0.00071 
   58   58    1    1    1    1    1    1    1    1  1.33695E+15 0.00092 
   59   59    1    1    1    1    1    1    1    1  1.42734E+15 0.00102 
   60   60    1    1    1    1    1    1    1    1  1.10168E+15 0.00088 
   61   61    1    1    1    1    1    1    1    1  1.10642E+15 0.00120 
   62   62    1    1    1    1    1    1    1    1  1.15387E+15 0.00128 
   63   63    1    1    1    1    1    1    1    1  9.69328E+14 0.00121 
   64   64    1    1    1    1    1    1    1    1  7.71136E+14 0.00128 
   65   65    1    1    1    1    1    1    1    1  7.66877E+14 0.00095 
   66   66    1    1    1    1    1    1    1    1  5.51204E+14 0.00087 
   67   67    1    1    1    1    1    1    1    1  4.50636E+14 0.00148 
   68   68    1    1    1    1    1    1    1    1  4.05153E+14 0.00152 
   69   69    1    1    1    1    1    1    1    1  4.86976E+14 0.00124 
   70   70    1    1    1    1    1    1    1    1  4.15151E+14 0.00154 
   71   71    1    1    1    1    1    1    1    1  7.59875E+14 0.00104 
   72   72    1    1    1    1    1    1    1    1  5.38942E+14 0.00094 
   73   73    1    1    1    1    1    1    1    1  4.04792E+14 0.00112 
   74   74    1    1    1    1    1    1    1    1  3.24025E+14 0.00105 
   75   75    1    1    1    1    1    1    1    1  2.66866E+14 0.00175 
   76   76    1    1    1    1    1    1    1    1  3.06975E+14 0.00128 
   77   77    1    1    1    1    1    1    1    1  2.40377E+14 0.00162 
   78   78    1    1    1    1    1    1    1    1  1.90444E+14 0.00176 
   79   79    1    1    1    1    1    1    1    1  1.96096E+14 0.00162 
   80   80    1    1    1    1    1    1    1    1  1.44929E+14 0.00153 
   81   81    1    1    1    1    1    1    1    1  1.11326E+14 0.00205 
   82   82    1    1    1    1    1    1    1    1  8.54528E+13 0.00261 
   83   83    1    1    1    1    1    1    1    1  8.00103E+13 0.00268 
   84   84    1    1    1    1    1    1    1    1  5.78865E+13 0.00378 
   85   85    1    1    1    1    1    1    1    1  4.16521E+13 0.00412 
   86   86    1    1    1    1    1    1    1    1  3.85729E+13 0.00444 
   87   87    1    1    1    1    1    1    1    1  2.37149E+13 0.00439 
   88   88    1    1    1    1    1    1    1    1  1.61956E+13 0.00696 
   89   89    1    1    1    1    1    1    1    1  9.28852E+12 0.00883 
   90   90    1    1    1    1    1    1    1    1  6.19940E+12 0.00797 
   91   91    1    1    1    1    1    1    1    1  3.18946E+12 0.01606 
   92   92    1    1    1    1    1    1    1    1  1.52941E+12 0.01939 
   93   93    1    1    1    1    1    1    1    1  7.32588E+11 0.02686 
   94   94    1    1    1    1    1    1    1    1  3.47740E+11 0.02824 
   95   95    1    1    1    1    1    1    1    1  1.64882E+11 0.03654 
   96   96    1    1    1    1    1    1    1    1  7.27981E+10 0.07648 
   97   97    1    1    1    1    1    1    1    1  4.00139E+10 0.12041 
   98   98    1    1    1    1    1    1    1    1  1.78419E+10 0.23775 
   99   99    1    1    1    1    1    1    1    1  9.13713E+09 0.21115 
  100  100    1    1    1    1    1    1    1    1  9.43993E+09 0.29394 
];


