
DETdpaspec = [
    1    1    1    1    1    1    1    1    1    1  0.00000E+00 0.00000 
    2    2    1    1    1    1    1    1    1    1  0.00000E+00 0.00000 
    3    3    1    1    1    1    1    1    1    1  0.00000E+00 0.00000 
    4    4    1    1    1    1    1    1    1    1  9.52377E+06 1.00000 
    5    5    1    1    1    1    1    1    1    1  0.00000E+00 0.00000 
    6    6    1    1    1    1    1    1    1    1  0.00000E+00 0.00000 
    7    7    1    1    1    1    1    1    1    1  0.00000E+00 0.00000 
    8    8    1    1    1    1    1    1    1    1  0.00000E+00 0.00000 
    9    9    1    1    1    1    1    1    1    1  0.00000E+00 0.00000 
   10   10    1    1    1    1    1    1    1    1  2.46893E+07 1.00000 
   11   11    1    1    1    1    1    1    1    1  0.00000E+00 0.00000 
   12   12    1    1    1    1    1    1    1    1  8.17156E+07 0.55126 
   13   13    1    1    1    1    1    1    1    1  5.61516E+08 0.57346 
   14   14    1    1    1    1    1    1    1    1  1.65901E+09 0.44843 
   15   15    1    1    1    1    1    1    1    1  4.77448E+08 0.72242 
   16   16    1    1    1    1    1    1    1    1  1.15889E+09 0.39057 
   17   17    1    1    1    1    1    1    1    1  3.21370E+09 0.26094 
   18   18    1    1    1    1    1    1    1    1  5.62360E+09 0.18370 
   19   19    1    1    1    1    1    1    1    1  5.31036E+09 0.19509 
   20   20    1    1    1    1    1    1    1    1  2.02393E+10 0.17308 
   21   21    1    1    1    1    1    1    1    1  1.50357E+10 0.12043 
   22   22    1    1    1    1    1    1    1    1  3.52721E+10 0.08942 
   23   23    1    1    1    1    1    1    1    1  5.75491E+10 0.07505 
   24   24    1    1    1    1    1    1    1    1  1.01106E+11 0.06278 
   25   25    1    1    1    1    1    1    1    1  1.15552E+11 0.07495 
   26   26    1    1    1    1    1    1    1    1  1.78249E+11 0.06461 
   27   27    1    1    1    1    1    1    1    1  3.17187E+11 0.03582 
   28   28    1    1    1    1    1    1    1    1  6.45483E+11 0.01859 
   29   29    1    1    1    1    1    1    1    1  9.65250E+11 0.02486 
   30   30    1    1    1    1    1    1    1    1  2.94179E+12 0.01322 
   31   31    1    1    1    1    1    1    1    1  9.65585E+12 0.00801 
   32   32    1    1    1    1    1    1    1    1  1.84696E+13 0.00482 
   33   33    1    1    1    1    1    1    1    1  4.40681E+13 0.00294 
   34   34    1    1    1    1    1    1    1    1  6.19646E+13 0.00241 
   35   35    1    1    1    1    1    1    1    1  8.24485E+13 0.00223 
   36   36    1    1    1    1    1    1    1    1  5.63078E+13 0.00249 
   37   37    1    1    1    1    1    1    1    1  1.73640E+13 0.00211 
   38   38    1    1    1    1    1    1    1    1  9.76471E+13 0.00227 
   39   39    1    1    1    1    1    1    1    1  1.32222E+14 0.00201 
   40   40    1    1    1    1    1    1    1    1  2.27147E+14 0.00146 
   41   41    1    1    1    1    1    1    1    1  2.32259E+14 0.00138 
   42   42    1    1    1    1    1    1    1    1  4.97775E+14 0.00128 
   43   43    1    1    1    1    1    1    1    1  6.08298E+14 0.00123 
   44   44    1    1    1    1    1    1    1    1  8.89546E+14 0.00110 
   45   45    1    1    1    1    1    1    1    1  1.77766E+15 0.00080 
   46   46    1    1    1    1    1    1    1    1  8.34714E+14 0.00090 
   47   47    1    1    1    1    1    1    1    1  1.35745E+15 0.00077 
   48   48    1    1    1    1    1    1    1    1  1.90219E+15 0.00083 
   49   49    1    1    1    1    1    1    1    1  1.89780E+15 0.00061 
   50   50    1    1    1    1    1    1    1    1  2.96054E+15 0.00064 
   51   51    1    1    1    1    1    1    1    1  2.37970E+15 0.00052 
   52   52    1    1    1    1    1    1    1    1  2.82548E+15 0.00072 
   53   53    1    1    1    1    1    1    1    1  1.97132E+15 0.00085 
   54   54    1    1    1    1    1    1    1    1  2.40646E+15 0.00060 
   55   55    1    1    1    1    1    1    1    1  1.66023E+15 0.00062 
   56   56    1    1    1    1    1    1    1    1  2.26101E+14 0.00147 
   57   57    1    1    1    1    1    1    1    1  3.31131E+15 0.00062 
   58   58    1    1    1    1    1    1    1    1  1.47090E+15 0.00077 
   59   59    1    1    1    1    1    1    1    1  1.56755E+15 0.00080 
   60   60    1    1    1    1    1    1    1    1  1.21595E+15 0.00091 
   61   61    1    1    1    1    1    1    1    1  1.22198E+15 0.00085 
   62   62    1    1    1    1    1    1    1    1  1.27613E+15 0.00083 
   63   63    1    1    1    1    1    1    1    1  1.07434E+15 0.00101 
   64   64    1    1    1    1    1    1    1    1  8.54842E+14 0.00097 
   65   65    1    1    1    1    1    1    1    1  8.49775E+14 0.00085 
   66   66    1    1    1    1    1    1    1    1  6.11774E+14 0.00094 
   67   67    1    1    1    1    1    1    1    1  5.00017E+14 0.00122 
   68   68    1    1    1    1    1    1    1    1  4.48472E+14 0.00135 
   69   69    1    1    1    1    1    1    1    1  5.38558E+14 0.00104 
   70   70    1    1    1    1    1    1    1    1  4.59378E+14 0.00128 
   71   71    1    1    1    1    1    1    1    1  8.38173E+14 0.00118 
   72   72    1    1    1    1    1    1    1    1  5.93602E+14 0.00128 
   73   73    1    1    1    1    1    1    1    1  4.46657E+14 0.00100 
   74   74    1    1    1    1    1    1    1    1  3.57505E+14 0.00129 
   75   75    1    1    1    1    1    1    1    1  2.96444E+14 0.00177 
   76   76    1    1    1    1    1    1    1    1  3.42831E+14 0.00156 
   77   77    1    1    1    1    1    1    1    1  2.68925E+14 0.00114 
   78   78    1    1    1    1    1    1    1    1  2.14377E+14 0.00190 
   79   79    1    1    1    1    1    1    1    1  2.21288E+14 0.00182 
   80   80    1    1    1    1    1    1    1    1  1.63602E+14 0.00148 
   81   81    1    1    1    1    1    1    1    1  1.26058E+14 0.00170 
   82   82    1    1    1    1    1    1    1    1  9.68747E+13 0.00243 
   83   83    1    1    1    1    1    1    1    1  9.02257E+13 0.00253 
   84   84    1    1    1    1    1    1    1    1  6.47540E+13 0.00217 
   85   85    1    1    1    1    1    1    1    1  4.68401E+13 0.00278 
   86   86    1    1    1    1    1    1    1    1  4.39365E+13 0.00424 
   87   87    1    1    1    1    1    1    1    1  2.71297E+13 0.00375 
   88   88    1    1    1    1    1    1    1    1  1.84169E+13 0.00640 
   89   89    1    1    1    1    1    1    1    1  1.06051E+13 0.00801 
   90   90    1    1    1    1    1    1    1    1  6.99560E+12 0.00797 
   91   91    1    1    1    1    1    1    1    1  3.57936E+12 0.00961 
   92   92    1    1    1    1    1    1    1    1  1.67389E+12 0.01268 
   93   93    1    1    1    1    1    1    1    1  8.46199E+11 0.02626 
   94   94    1    1    1    1    1    1    1    1  3.83138E+11 0.04541 
   95   95    1    1    1    1    1    1    1    1  2.11862E+11 0.04282 
   96   96    1    1    1    1    1    1    1    1  8.30110E+10 0.09073 
   97   97    1    1    1    1    1    1    1    1  4.64790E+10 0.10489 
   98   98    1    1    1    1    1    1    1    1  2.40599E+10 0.14884 
   99   99    1    1    1    1    1    1    1    1  9.77835E+09 0.20469 
  100  100    1    1    1    1    1    1    1    1  7.56384E+09 0.34534 
];


