
DETdpaspec = [
    1    1    1    1    1    1    1    1    1    1  0.00000E+00 0.00000 
    2    2    1    1    1    1    1    1    1    1  0.00000E+00 0.00000 
    3    3    1    1    1    1    1    1    1    1  0.00000E+00 0.00000 
    4    4    1    1    1    1    1    1    1    1  0.00000E+00 0.00000 
    5    5    1    1    1    1    1    1    1    1  0.00000E+00 0.00000 
    6    6    1    1    1    1    1    1    1    1  1.00174E+07 1.00000 
    7    7    1    1    1    1    1    1    1    1  0.00000E+00 0.00000 
    8    8    1    1    1    1    1    1    1    1  9.01133E+06 1.00000 
    9    9    1    1    1    1    1    1    1    1  0.00000E+00 0.00000 
   10   10    1    1    1    1    1    1    1    1  4.20323E+07 1.00000 
   11   11    1    1    1    1    1    1    1    1  1.41897E+08 0.72259 
   12   12    1    1    1    1    1    1    1    1  0.00000E+00 0.00000 
   13   13    1    1    1    1    1    1    1    1  1.87694E+09 0.63307 
   14   14    1    1    1    1    1    1    1    1  2.75924E+09 0.63140 
   15   15    1    1    1    1    1    1    1    1  2.04592E+09 0.46707 
   16   16    1    1    1    1    1    1    1    1  2.75304E+09 0.52633 
   17   17    1    1    1    1    1    1    1    1  1.52475E+09 0.30629 
   18   18    1    1    1    1    1    1    1    1  3.87994E+09 0.42628 
   19   19    1    1    1    1    1    1    1    1  5.07023E+09 0.20789 
   20   20    1    1    1    1    1    1    1    1  2.08783E+10 0.12368 
   21   21    1    1    1    1    1    1    1    1  1.15629E+10 0.15597 
   22   22    1    1    1    1    1    1    1    1  3.16730E+10 0.11762 
   23   23    1    1    1    1    1    1    1    1  5.74147E+10 0.05909 
   24   24    1    1    1    1    1    1    1    1  1.01223E+11 0.05177 
   25   25    1    1    1    1    1    1    1    1  1.28956E+11 0.06326 
   26   26    1    1    1    1    1    1    1    1  1.72351E+11 0.03609 
   27   27    1    1    1    1    1    1    1    1  3.06507E+11 0.04508 
   28   28    1    1    1    1    1    1    1    1  7.49093E+11 0.01856 
   29   29    1    1    1    1    1    1    1    1  1.29686E+12 0.01731 
   30   30    1    1    1    1    1    1    1    1  3.62788E+12 0.01291 
   31   31    1    1    1    1    1    1    1    1  1.13593E+13 0.00625 
   32   32    1    1    1    1    1    1    1    1  2.14353E+13 0.00451 
   33   33    1    1    1    1    1    1    1    1  5.15708E+13 0.00397 
   34   34    1    1    1    1    1    1    1    1  7.27378E+13 0.00358 
   35   35    1    1    1    1    1    1    1    1  9.29804E+13 0.00304 
   36   36    1    1    1    1    1    1    1    1  6.21836E+13 0.00277 
   37   37    1    1    1    1    1    1    1    1  1.89900E+13 0.00266 
   38   38    1    1    1    1    1    1    1    1  1.07527E+14 0.00207 
   39   39    1    1    1    1    1    1    1    1  1.45876E+14 0.00223 
   40   40    1    1    1    1    1    1    1    1  2.51458E+14 0.00187 
   41   41    1    1    1    1    1    1    1    1  2.53791E+14 0.00163 
   42   42    1    1    1    1    1    1    1    1  5.49186E+14 0.00160 
   43   43    1    1    1    1    1    1    1    1  6.71990E+14 0.00116 
   44   44    1    1    1    1    1    1    1    1  9.82681E+14 0.00099 
   45   45    1    1    1    1    1    1    1    1  1.98031E+15 0.00091 
   46   46    1    1    1    1    1    1    1    1  9.24709E+14 0.00081 
   47   47    1    1    1    1    1    1    1    1  1.49652E+15 0.00103 
   48   48    1    1    1    1    1    1    1    1  2.09689E+15 0.00093 
   49   49    1    1    1    1    1    1    1    1  2.08433E+15 0.00076 
   50   50    1    1    1    1    1    1    1    1  3.27494E+15 0.00084 
   51   51    1    1    1    1    1    1    1    1  2.61344E+15 0.00088 
   52   52    1    1    1    1    1    1    1    1  3.13152E+15 0.00087 
   53   53    1    1    1    1    1    1    1    1  2.17998E+15 0.00076 
   54   54    1    1    1    1    1    1    1    1  2.68395E+15 0.00079 
   55   55    1    1    1    1    1    1    1    1  1.84761E+15 0.00092 
   56   56    1    1    1    1    1    1    1    1  2.51148E+14 0.00157 
   57   57    1    1    1    1    1    1    1    1  3.68301E+15 0.00083 
   58   58    1    1    1    1    1    1    1    1  1.65423E+15 0.00077 
   59   59    1    1    1    1    1    1    1    1  1.75814E+15 0.00082 
   60   60    1    1    1    1    1    1    1    1  1.37439E+15 0.00091 
   61   61    1    1    1    1    1    1    1    1  1.37862E+15 0.00091 
   62   62    1    1    1    1    1    1    1    1  1.44046E+15 0.00070 
   63   63    1    1    1    1    1    1    1    1  1.21474E+15 0.00107 
   64   64    1    1    1    1    1    1    1    1  9.67820E+14 0.00112 
   65   65    1    1    1    1    1    1    1    1  9.62865E+14 0.00113 
   66   66    1    1    1    1    1    1    1    1  6.93339E+14 0.00109 
   67   67    1    1    1    1    1    1    1    1  5.64491E+14 0.00129 
   68   68    1    1    1    1    1    1    1    1  5.05997E+14 0.00119 
   69   69    1    1    1    1    1    1    1    1  6.07374E+14 0.00131 
   70   70    1    1    1    1    1    1    1    1  5.16837E+14 0.00137 
   71   71    1    1    1    1    1    1    1    1  9.39020E+14 0.00126 
   72   72    1    1    1    1    1    1    1    1  6.63601E+14 0.00108 
   73   73    1    1    1    1    1    1    1    1  5.00986E+14 0.00101 
   74   74    1    1    1    1    1    1    1    1  4.03746E+14 0.00112 
   75   75    1    1    1    1    1    1    1    1  3.35162E+14 0.00173 
   76   76    1    1    1    1    1    1    1    1  3.89762E+14 0.00205 
   77   77    1    1    1    1    1    1    1    1  3.09530E+14 0.00127 
   78   78    1    1    1    1    1    1    1    1  2.47393E+14 0.00153 
   79   79    1    1    1    1    1    1    1    1  2.55654E+14 0.00120 
   80   80    1    1    1    1    1    1    1    1  1.89344E+14 0.00163 
   81   81    1    1    1    1    1    1    1    1  1.46415E+14 0.00206 
   82   82    1    1    1    1    1    1    1    1  1.12294E+14 0.00214 
   83   83    1    1    1    1    1    1    1    1  1.05014E+14 0.00219 
   84   84    1    1    1    1    1    1    1    1  7.55956E+13 0.00302 
   85   85    1    1    1    1    1    1    1    1  5.45908E+13 0.00322 
   86   86    1    1    1    1    1    1    1    1  5.06230E+13 0.00362 
   87   87    1    1    1    1    1    1    1    1  3.14256E+13 0.00400 
   88   88    1    1    1    1    1    1    1    1  2.10608E+13 0.00447 
   89   89    1    1    1    1    1    1    1    1  1.22248E+13 0.00729 
   90   90    1    1    1    1    1    1    1    1  7.96973E+12 0.00769 
   91   91    1    1    1    1    1    1    1    1  4.12776E+12 0.01174 
   92   92    1    1    1    1    1    1    1    1  1.93485E+12 0.01215 
   93   93    1    1    1    1    1    1    1    1  9.16221E+11 0.02600 
   94   94    1    1    1    1    1    1    1    1  4.47840E+11 0.02577 
   95   95    1    1    1    1    1    1    1    1  2.06146E+11 0.04301 
   96   96    1    1    1    1    1    1    1    1  1.11289E+11 0.08039 
   97   97    1    1    1    1    1    1    1    1  6.14153E+10 0.09470 
   98   98    1    1    1    1    1    1    1    1  2.32632E+10 0.13098 
   99   99    1    1    1    1    1    1    1    1  1.31860E+10 0.23694 
  100  100    1    1    1    1    1    1    1    1  1.05614E+10 0.21332 
];


