
DETdpaspec = [
    1    1    1    1    1    1    1    1    1    1  0.00000E+00 0.00000 
    2    2    1    1    1    1    1    1    1    1  0.00000E+00 0.00000 
    3    3    1    1    1    1    1    1    1    1  0.00000E+00 0.00000 
    4    4    1    1    1    1    1    1    1    1  0.00000E+00 0.00000 
    5    5    1    1    1    1    1    1    1    1  0.00000E+00 0.00000 
    6    6    1    1    1    1    1    1    1    1  8.26520E+06 1.00000 
    7    7    1    1    1    1    1    1    1    1  0.00000E+00 0.00000 
    8    8    1    1    1    1    1    1    1    1  1.03701E+07 1.00000 
    9    9    1    1    1    1    1    1    1    1  0.00000E+00 0.00000 
   10   10    1    1    1    1    1    1    1    1  0.00000E+00 0.00000 
   11   11    1    1    1    1    1    1    1    1  0.00000E+00 0.00000 
   12   12    1    1    1    1    1    1    1    1  2.01320E+07 1.00000 
   13   13    1    1    1    1    1    1    1    1  4.94256E+08 0.45357 
   14   14    1    1    1    1    1    1    1    1  1.87653E+09 0.54296 
   15   15    1    1    1    1    1    1    1    1  4.23909E+09 0.39989 
   16   16    1    1    1    1    1    1    1    1  1.01630E+09 0.28167 
   17   17    1    1    1    1    1    1    1    1  1.44010E+09 0.35289 
   18   18    1    1    1    1    1    1    1    1  5.45232E+09 0.23213 
   19   19    1    1    1    1    1    1    1    1  8.27623E+09 0.17594 
   20   20    1    1    1    1    1    1    1    1  2.61939E+10 0.17038 
   21   21    1    1    1    1    1    1    1    1  1.53636E+10 0.13241 
   22   22    1    1    1    1    1    1    1    1  4.98664E+10 0.09378 
   23   23    1    1    1    1    1    1    1    1  5.50999E+10 0.07534 
   24   24    1    1    1    1    1    1    1    1  8.82217E+10 0.07464 
   25   25    1    1    1    1    1    1    1    1  1.14637E+11 0.06542 
   26   26    1    1    1    1    1    1    1    1  1.88952E+11 0.05484 
   27   27    1    1    1    1    1    1    1    1  3.31563E+11 0.03957 
   28   28    1    1    1    1    1    1    1    1  6.29279E+11 0.02220 
   29   29    1    1    1    1    1    1    1    1  9.78369E+11 0.01610 
   30   30    1    1    1    1    1    1    1    1  2.79583E+12 0.01279 
   31   31    1    1    1    1    1    1    1    1  8.95378E+12 0.00846 
   32   32    1    1    1    1    1    1    1    1  1.71551E+13 0.00578 
   33   33    1    1    1    1    1    1    1    1  4.09611E+13 0.00434 
   34   34    1    1    1    1    1    1    1    1  5.72321E+13 0.00325 
   35   35    1    1    1    1    1    1    1    1  7.82677E+13 0.00298 
   36   36    1    1    1    1    1    1    1    1  5.38007E+13 0.00220 
   37   37    1    1    1    1    1    1    1    1  1.67194E+13 0.00260 
   38   38    1    1    1    1    1    1    1    1  9.30898E+13 0.00203 
   39   39    1    1    1    1    1    1    1    1  1.25973E+14 0.00210 
   40   40    1    1    1    1    1    1    1    1  2.15951E+14 0.00152 
   41   41    1    1    1    1    1    1    1    1  2.21571E+14 0.00164 
   42   42    1    1    1    1    1    1    1    1  4.72793E+14 0.00153 
   43   43    1    1    1    1    1    1    1    1  5.76339E+14 0.00123 
   44   44    1    1    1    1    1    1    1    1  8.40606E+14 0.00127 
   45   45    1    1    1    1    1    1    1    1  1.67536E+15 0.00115 
   46   46    1    1    1    1    1    1    1    1  7.88073E+14 0.00106 
   47   47    1    1    1    1    1    1    1    1  1.28218E+15 0.00097 
   48   48    1    1    1    1    1    1    1    1  1.79700E+15 0.00077 
   49   49    1    1    1    1    1    1    1    1  1.79225E+15 0.00094 
   50   50    1    1    1    1    1    1    1    1  2.78593E+15 0.00075 
   51   51    1    1    1    1    1    1    1    1  2.24330E+15 0.00098 
   52   52    1    1    1    1    1    1    1    1  2.65391E+15 0.00103 
   53   53    1    1    1    1    1    1    1    1  1.85127E+15 0.00087 
   54   54    1    1    1    1    1    1    1    1  2.24986E+15 0.00081 
   55   55    1    1    1    1    1    1    1    1  1.55294E+15 0.00103 
   56   56    1    1    1    1    1    1    1    1  2.11867E+14 0.00123 
   57   57    1    1    1    1    1    1    1    1  3.09544E+15 0.00073 
   58   58    1    1    1    1    1    1    1    1  1.36654E+15 0.00102 
   59   59    1    1    1    1    1    1    1    1  1.45991E+15 0.00082 
   60   60    1    1    1    1    1    1    1    1  1.12653E+15 0.00103 
   61   61    1    1    1    1    1    1    1    1  1.13330E+15 0.00094 
   62   62    1    1    1    1    1    1    1    1  1.18006E+15 0.00097 
   63   63    1    1    1    1    1    1    1    1  9.92262E+14 0.00122 
   64   64    1    1    1    1    1    1    1    1  7.90200E+14 0.00133 
   65   65    1    1    1    1    1    1    1    1  7.84389E+14 0.00125 
   66   66    1    1    1    1    1    1    1    1  5.64452E+14 0.00114 
   67   67    1    1    1    1    1    1    1    1  4.61060E+14 0.00147 
   68   68    1    1    1    1    1    1    1    1  4.14550E+14 0.00153 
   69   69    1    1    1    1    1    1    1    1  4.97712E+14 0.00141 
   70   70    1    1    1    1    1    1    1    1  4.23984E+14 0.00158 
   71   71    1    1    1    1    1    1    1    1  7.77830E+14 0.00130 
   72   72    1    1    1    1    1    1    1    1  5.52027E+14 0.00121 
   73   73    1    1    1    1    1    1    1    1  4.14441E+14 0.00177 
   74   74    1    1    1    1    1    1    1    1  3.31171E+14 0.00166 
   75   75    1    1    1    1    1    1    1    1  2.73593E+14 0.00186 
   76   76    1    1    1    1    1    1    1    1  3.14605E+14 0.00146 
   77   77    1    1    1    1    1    1    1    1  2.47173E+14 0.00209 
   78   78    1    1    1    1    1    1    1    1  1.95878E+14 0.00171 
   79   79    1    1    1    1    1    1    1    1  2.01554E+14 0.00223 
   80   80    1    1    1    1    1    1    1    1  1.48787E+14 0.00232 
   81   81    1    1    1    1    1    1    1    1  1.15034E+14 0.00224 
   82   82    1    1    1    1    1    1    1    1  8.76131E+13 0.00203 
   83   83    1    1    1    1    1    1    1    1  8.24610E+13 0.00243 
   84   84    1    1    1    1    1    1    1    1  5.92391E+13 0.00368 
   85   85    1    1    1    1    1    1    1    1  4.23280E+13 0.00368 
   86   86    1    1    1    1    1    1    1    1  3.98961E+13 0.00264 
   87   87    1    1    1    1    1    1    1    1  2.45566E+13 0.00492 
   88   88    1    1    1    1    1    1    1    1  1.68019E+13 0.00443 
   89   89    1    1    1    1    1    1    1    1  9.59940E+12 0.00524 
   90   90    1    1    1    1    1    1    1    1  6.40917E+12 0.00845 
   91   91    1    1    1    1    1    1    1    1  3.15277E+12 0.01102 
   92   92    1    1    1    1    1    1    1    1  1.57640E+12 0.01813 
   93   93    1    1    1    1    1    1    1    1  7.37924E+11 0.03457 
   94   94    1    1    1    1    1    1    1    1  3.49488E+11 0.04277 
   95   95    1    1    1    1    1    1    1    1  1.66848E+11 0.04551 
   96   96    1    1    1    1    1    1    1    1  8.09801E+10 0.09356 
   97   97    1    1    1    1    1    1    1    1  3.51137E+10 0.13870 
   98   98    1    1    1    1    1    1    1    1  2.05076E+10 0.15074 
   99   99    1    1    1    1    1    1    1    1  1.27991E+10 0.22681 
  100  100    1    1    1    1    1    1    1    1  9.75937E+09 0.31367 
];


