
DETdpaspec = [
    1    1    1    1    1    1    1    1    1    1  0.00000E+00 0.00000 
    2    2    1    1    1    1    1    1    1    1  0.00000E+00 0.00000 
    3    3    1    1    1    1    1    1    1    1  0.00000E+00 0.00000 
    4    4    1    1    1    1    1    1    1    1  8.22969E+06 1.00000 
    5    5    1    1    1    1    1    1    1    1  0.00000E+00 0.00000 
    6    6    1    1    1    1    1    1    1    1  0.00000E+00 0.00000 
    7    7    1    1    1    1    1    1    1    1  0.00000E+00 0.00000 
    8    8    1    1    1    1    1    1    1    1  1.53442E+07 1.00000 
    9    9    1    1    1    1    1    1    1    1  1.66004E+07 0.68848 
   10   10    1    1    1    1    1    1    1    1  1.14393E+08 0.60549 
   11   11    1    1    1    1    1    1    1    1  9.36277E+07 1.00000 
   12   12    1    1    1    1    1    1    1    1  9.01315E+06 0.88656 
   13   13    1    1    1    1    1    1    1    1  1.02016E+09 0.46386 
   14   14    1    1    1    1    1    1    1    1  1.30840E+09 0.48873 
   15   15    1    1    1    1    1    1    1    1  3.52570E+09 0.31355 
   16   16    1    1    1    1    1    1    1    1  1.07211E+09 0.28760 
   17   17    1    1    1    1    1    1    1    1  2.61519E+09 0.23796 
   18   18    1    1    1    1    1    1    1    1  8.03850E+09 0.15949 
   19   19    1    1    1    1    1    1    1    1  8.87484E+09 0.24442 
   20   20    1    1    1    1    1    1    1    1  2.59680E+10 0.14584 
   21   21    1    1    1    1    1    1    1    1  1.64011E+10 0.14048 
   22   22    1    1    1    1    1    1    1    1  4.58064E+10 0.08314 
   23   23    1    1    1    1    1    1    1    1  6.78532E+10 0.06821 
   24   24    1    1    1    1    1    1    1    1  1.01390E+11 0.06963 
   25   25    1    1    1    1    1    1    1    1  1.13454E+11 0.06226 
   26   26    1    1    1    1    1    1    1    1  1.93073E+11 0.04075 
   27   27    1    1    1    1    1    1    1    1  3.18248E+11 0.03794 
   28   28    1    1    1    1    1    1    1    1  5.99183E+11 0.02438 
   29   29    1    1    1    1    1    1    1    1  8.48437E+11 0.02812 
   30   30    1    1    1    1    1    1    1    1  2.64475E+12 0.01445 
   31   31    1    1    1    1    1    1    1    1  8.20958E+12 0.00779 
   32   32    1    1    1    1    1    1    1    1  1.58199E+13 0.00496 
   33   33    1    1    1    1    1    1    1    1  3.60142E+13 0.00417 
   34   34    1    1    1    1    1    1    1    1  4.86886E+13 0.00312 
   35   35    1    1    1    1    1    1    1    1  6.94081E+13 0.00323 
   36   36    1    1    1    1    1    1    1    1  4.83984E+13 0.00264 
   37   37    1    1    1    1    1    1    1    1  1.52376E+13 0.00257 
   38   38    1    1    1    1    1    1    1    1  8.32640E+13 0.00277 
   39   39    1    1    1    1    1    1    1    1  1.12200E+14 0.00209 
   40   40    1    1    1    1    1    1    1    1  1.89406E+14 0.00210 
   41   41    1    1    1    1    1    1    1    1  1.96869E+14 0.00188 
   42   42    1    1    1    1    1    1    1    1  4.11842E+14 0.00168 
   43   43    1    1    1    1    1    1    1    1  4.99341E+14 0.00171 
   44   44    1    1    1    1    1    1    1    1  7.20815E+14 0.00142 
   45   45    1    1    1    1    1    1    1    1  1.40532E+15 0.00106 
   46   46    1    1    1    1    1    1    1    1  6.63588E+14 0.00120 
   47   47    1    1    1    1    1    1    1    1  1.08261E+15 0.00094 
   48   48    1    1    1    1    1    1    1    1  1.50653E+15 0.00069 
   49   49    1    1    1    1    1    1    1    1  1.50284E+15 0.00095 
   50   50    1    1    1    1    1    1    1    1  2.30766E+15 0.00090 
   51   51    1    1    1    1    1    1    1    1  1.87158E+15 0.00105 
   52   52    1    1    1    1    1    1    1    1  2.17773E+15 0.00108 
   53   53    1    1    1    1    1    1    1    1  1.52016E+15 0.00123 
   54   54    1    1    1    1    1    1    1    1  1.81990E+15 0.00153 
   55   55    1    1    1    1    1    1    1    1  1.25782E+15 0.00138 
   56   56    1    1    1    1    1    1    1    1  1.72153E+14 0.00135 
   57   57    1    1    1    1    1    1    1    1  2.50416E+15 0.00110 
   58   58    1    1    1    1    1    1    1    1  1.08586E+15 0.00124 
   59   59    1    1    1    1    1    1    1    1  1.16141E+15 0.00113 
   60   60    1    1    1    1    1    1    1    1  8.86130E+14 0.00119 
   61   61    1    1    1    1    1    1    1    1  8.91913E+14 0.00125 
   62   62    1    1    1    1    1    1    1    1  9.26332E+14 0.00112 
   63   63    1    1    1    1    1    1    1    1  7.75462E+14 0.00143 
   64   64    1    1    1    1    1    1    1    1  6.16295E+14 0.00137 
   65   65    1    1    1    1    1    1    1    1  6.10946E+14 0.00168 
   66   66    1    1    1    1    1    1    1    1  4.38985E+14 0.00140 
   67   67    1    1    1    1    1    1    1    1  3.60137E+14 0.00173 
   68   68    1    1    1    1    1    1    1    1  3.24457E+14 0.00166 
   69   69    1    1    1    1    1    1    1    1  3.88629E+14 0.00163 
   70   70    1    1    1    1    1    1    1    1  3.31286E+14 0.00165 
   71   71    1    1    1    1    1    1    1    1  6.12762E+14 0.00182 
   72   72    1    1    1    1    1    1    1    1  4.35261E+14 0.00140 
   73   73    1    1    1    1    1    1    1    1  3.26410E+14 0.00178 
   74   74    1    1    1    1    1    1    1    1  2.58575E+14 0.00234 
   75   75    1    1    1    1    1    1    1    1  2.11222E+14 0.00194 
   76   76    1    1    1    1    1    1    1    1  2.40338E+14 0.00170 
   77   77    1    1    1    1    1    1    1    1  1.86367E+14 0.00170 
   78   78    1    1    1    1    1    1    1    1  1.47230E+14 0.00240 
   79   79    1    1    1    1    1    1    1    1  1.50926E+14 0.00209 
   80   80    1    1    1    1    1    1    1    1  1.10990E+14 0.00190 
   81   81    1    1    1    1    1    1    1    1  8.50699E+13 0.00278 
   82   82    1    1    1    1    1    1    1    1  6.50455E+13 0.00271 
   83   83    1    1    1    1    1    1    1    1  6.08426E+13 0.00329 
   84   84    1    1    1    1    1    1    1    1  4.38121E+13 0.00398 
   85   85    1    1    1    1    1    1    1    1  3.12738E+13 0.00597 
   86   86    1    1    1    1    1    1    1    1  2.93597E+13 0.00434 
   87   87    1    1    1    1    1    1    1    1  1.83062E+13 0.00537 
   88   88    1    1    1    1    1    1    1    1  1.22480E+13 0.00565 
   89   89    1    1    1    1    1    1    1    1  7.17902E+12 0.01112 
   90   90    1    1    1    1    1    1    1    1  4.81633E+12 0.00964 
   91   91    1    1    1    1    1    1    1    1  2.37668E+12 0.01376 
   92   92    1    1    1    1    1    1    1    1  1.15697E+12 0.02400 
   93   93    1    1    1    1    1    1    1    1  5.65802E+11 0.03357 
   94   94    1    1    1    1    1    1    1    1  2.79267E+11 0.04843 
   95   95    1    1    1    1    1    1    1    1  1.32137E+11 0.06796 
   96   96    1    1    1    1    1    1    1    1  5.22969E+10 0.12007 
   97   97    1    1    1    1    1    1    1    1  3.21284E+10 0.11378 
   98   98    1    1    1    1    1    1    1    1  1.80597E+10 0.16764 
   99   99    1    1    1    1    1    1    1    1  8.02514E+09 0.28869 
  100  100    1    1    1    1    1    1    1    1  8.10026E+09 0.25990 
];


