
DETdpaspec = [
    1    1    1    1    1    1    1    1    1    1  0.00000E+00 0.00000 
    2    2    1    1    1    1    1    1    1    1  0.00000E+00 0.00000 
    3    3    1    1    1    1    1    1    1    1  0.00000E+00 0.00000 
    4    4    1    1    1    1    1    1    1    1  0.00000E+00 0.00000 
    5    5    1    1    1    1    1    1    1    1  0.00000E+00 0.00000 
    6    6    1    1    1    1    1    1    1    1  0.00000E+00 0.00000 
    7    7    1    1    1    1    1    1    1    1  0.00000E+00 0.00000 
    8    8    1    1    1    1    1    1    1    1  0.00000E+00 0.00000 
    9    9    1    1    1    1    1    1    1    1  0.00000E+00 0.00000 
   10   10    1    1    1    1    1    1    1    1  1.35407E+08 0.49339 
   11   11    1    1    1    1    1    1    1    1  1.76333E+08 1.00000 
   12   12    1    1    1    1    1    1    1    1  2.79486E+07 1.00000 
   13   13    1    1    1    1    1    1    1    1  2.11261E+09 0.45275 
   14   14    1    1    1    1    1    1    1    1  2.40796E+09 0.45711 
   15   15    1    1    1    1    1    1    1    1  3.07135E+09 0.26948 
   16   16    1    1    1    1    1    1    1    1  1.24509E+09 0.44899 
   17   17    1    1    1    1    1    1    1    1  1.92603E+09 0.31057 
   18   18    1    1    1    1    1    1    1    1  5.78401E+09 0.23783 
   19   19    1    1    1    1    1    1    1    1  3.52384E+09 0.25327 
   20   20    1    1    1    1    1    1    1    1  1.68868E+10 0.15549 
   21   21    1    1    1    1    1    1    1    1  1.24926E+10 0.11289 
   22   22    1    1    1    1    1    1    1    1  2.86406E+10 0.09327 
   23   23    1    1    1    1    1    1    1    1  5.37293E+10 0.09265 
   24   24    1    1    1    1    1    1    1    1  9.50134E+10 0.06234 
   25   25    1    1    1    1    1    1    1    1  1.19945E+11 0.07052 
   26   26    1    1    1    1    1    1    1    1  2.01095E+11 0.06629 
   27   27    1    1    1    1    1    1    1    1  3.50186E+11 0.03706 
   28   28    1    1    1    1    1    1    1    1  8.67133E+11 0.02179 
   29   29    1    1    1    1    1    1    1    1  1.49870E+12 0.02308 
   30   30    1    1    1    1    1    1    1    1  4.11844E+12 0.01818 
   31   31    1    1    1    1    1    1    1    1  1.27659E+13 0.00993 
   32   32    1    1    1    1    1    1    1    1  2.33267E+13 0.00560 
   33   33    1    1    1    1    1    1    1    1  5.60794E+13 0.00441 
   34   34    1    1    1    1    1    1    1    1  7.88887E+13 0.00334 
   35   35    1    1    1    1    1    1    1    1  9.84041E+13 0.00221 
   36   36    1    1    1    1    1    1    1    1  6.50961E+13 0.00236 
   37   37    1    1    1    1    1    1    1    1  1.96894E+13 0.00255 
   38   38    1    1    1    1    1    1    1    1  1.12258E+14 0.00217 
   39   39    1    1    1    1    1    1    1    1  1.52063E+14 0.00212 
   40   40    1    1    1    1    1    1    1    1  2.62670E+14 0.00180 
   41   41    1    1    1    1    1    1    1    1  2.64557E+14 0.00163 
   42   42    1    1    1    1    1    1    1    1  5.74962E+14 0.00146 
   43   43    1    1    1    1    1    1    1    1  7.01531E+14 0.00132 
   44   44    1    1    1    1    1    1    1    1  1.02462E+15 0.00083 
   45   45    1    1    1    1    1    1    1    1  2.06520E+15 0.00089 
   46   46    1    1    1    1    1    1    1    1  9.59290E+14 0.00072 
   47   47    1    1    1    1    1    1    1    1  1.54919E+15 0.00073 
   48   48    1    1    1    1    1    1    1    1  2.16935E+15 0.00069 
   49   49    1    1    1    1    1    1    1    1  2.15687E+15 0.00074 
   50   50    1    1    1    1    1    1    1    1  3.38913E+15 0.00069 
   51   51    1    1    1    1    1    1    1    1  2.69600E+15 0.00069 
   52   52    1    1    1    1    1    1    1    1  3.23888E+15 0.00052 
   53   53    1    1    1    1    1    1    1    1  2.25065E+15 0.00049 
   54   54    1    1    1    1    1    1    1    1  2.77998E+15 0.00074 
   55   55    1    1    1    1    1    1    1    1  1.91230E+15 0.00070 
   56   56    1    1    1    1    1    1    1    1  2.59784E+14 0.00127 
   57   57    1    1    1    1    1    1    1    1  3.80820E+15 0.00065 
   58   58    1    1    1    1    1    1    1    1  1.71638E+15 0.00064 
   59   59    1    1    1    1    1    1    1    1  1.82207E+15 0.00075 
   60   60    1    1    1    1    1    1    1    1  1.42692E+15 0.00054 
   61   61    1    1    1    1    1    1    1    1  1.43005E+15 0.00085 
   62   62    1    1    1    1    1    1    1    1  1.49521E+15 0.00096 
   63   63    1    1    1    1    1    1    1    1  1.26201E+15 0.00074 
   64   64    1    1    1    1    1    1    1    1  1.00486E+15 0.00095 
   65   65    1    1    1    1    1    1    1    1  9.99517E+14 0.00102 
   66   66    1    1    1    1    1    1    1    1  7.19363E+14 0.00100 
   67   67    1    1    1    1    1    1    1    1  5.85941E+14 0.00107 
   68   68    1    1    1    1    1    1    1    1  5.25389E+14 0.00105 
   69   69    1    1    1    1    1    1    1    1  6.30975E+14 0.00102 
   70   70    1    1    1    1    1    1    1    1  5.36044E+14 0.00094 
   71   71    1    1    1    1    1    1    1    1  9.70347E+14 0.00115 
   72   72    1    1    1    1    1    1    1    1  6.85827E+14 0.00085 
   73   73    1    1    1    1    1    1    1    1  5.17454E+14 0.00128 
   74   74    1    1    1    1    1    1    1    1  4.17073E+14 0.00159 
   75   75    1    1    1    1    1    1    1    1  3.48026E+14 0.00203 
   76   76    1    1    1    1    1    1    1    1  4.05485E+14 0.00151 
   77   77    1    1    1    1    1    1    1    1  3.23011E+14 0.00112 
   78   78    1    1    1    1    1    1    1    1  2.58061E+14 0.00178 
   79   79    1    1    1    1    1    1    1    1  2.66789E+14 0.00158 
   80   80    1    1    1    1    1    1    1    1  1.97607E+14 0.00102 
   81   81    1    1    1    1    1    1    1    1  1.52880E+14 0.00208 
   82   82    1    1    1    1    1    1    1    1  1.16854E+14 0.00181 
   83   83    1    1    1    1    1    1    1    1  1.09309E+14 0.00168 
   84   84    1    1    1    1    1    1    1    1  7.87993E+13 0.00245 
   85   85    1    1    1    1    1    1    1    1  5.68264E+13 0.00300 
   86   86    1    1    1    1    1    1    1    1  5.32755E+13 0.00412 
   87   87    1    1    1    1    1    1    1    1  3.27787E+13 0.00286 
   88   88    1    1    1    1    1    1    1    1  2.20518E+13 0.00612 
   89   89    1    1    1    1    1    1    1    1  1.27366E+13 0.00609 
   90   90    1    1    1    1    1    1    1    1  8.32879E+12 0.00957 
   91   91    1    1    1    1    1    1    1    1  4.25277E+12 0.01040 
   92   92    1    1    1    1    1    1    1    1  2.07772E+12 0.01506 
   93   93    1    1    1    1    1    1    1    1  9.82879E+11 0.02700 
   94   94    1    1    1    1    1    1    1    1  4.76827E+11 0.02121 
   95   95    1    1    1    1    1    1    1    1  2.56228E+11 0.03617 
   96   96    1    1    1    1    1    1    1    1  9.41621E+10 0.06990 
   97   97    1    1    1    1    1    1    1    1  5.32166E+10 0.07893 
   98   98    1    1    1    1    1    1    1    1  2.55064E+10 0.14635 
   99   99    1    1    1    1    1    1    1    1  2.03343E+10 0.25053 
  100  100    1    1    1    1    1    1    1    1  1.38031E+10 0.18449 
];


