
DETdpaspec = [
    1    1    1    1    1    1    1    1    1    1  0.00000E+00 0.00000 
    2    2    1    1    1    1    1    1    1    1  0.00000E+00 0.00000 
    3    3    1    1    1    1    1    1    1    1  0.00000E+00 0.00000 
    4    4    1    1    1    1    1    1    1    1  8.27141E+06 1.00000 
    5    5    1    1    1    1    1    1    1    1  0.00000E+00 0.00000 
    6    6    1    1    1    1    1    1    1    1  0.00000E+00 0.00000 
    7    7    1    1    1    1    1    1    1    1  0.00000E+00 0.00000 
    8    8    1    1    1    1    1    1    1    1  0.00000E+00 0.00000 
    9    9    1    1    1    1    1    1    1    1  2.64042E+07 0.76601 
   10   10    1    1    1    1    1    1    1    1  0.00000E+00 0.00000 
   11   11    1    1    1    1    1    1    1    1  8.89134E+07 1.00000 
   12   12    1    1    1    1    1    1    1    1  1.88353E+07 1.00000 
   13   13    1    1    1    1    1    1    1    1  4.47140E+08 0.55754 
   14   14    1    1    1    1    1    1    1    1  2.95238E+09 0.46843 
   15   15    1    1    1    1    1    1    1    1  1.79855E+09 0.43796 
   16   16    1    1    1    1    1    1    1    1  9.19392E+08 0.65635 
   17   17    1    1    1    1    1    1    1    1  1.71620E+09 0.32768 
   18   18    1    1    1    1    1    1    1    1  6.05480E+09 0.19268 
   19   19    1    1    1    1    1    1    1    1  5.55816E+09 0.19857 
   20   20    1    1    1    1    1    1    1    1  1.73708E+10 0.10939 
   21   21    1    1    1    1    1    1    1    1  1.66696E+10 0.16073 
   22   22    1    1    1    1    1    1    1    1  3.63283E+10 0.07715 
   23   23    1    1    1    1    1    1    1    1  5.82116E+10 0.08756 
   24   24    1    1    1    1    1    1    1    1  9.81285E+10 0.05512 
   25   25    1    1    1    1    1    1    1    1  1.17887E+11 0.06028 
   26   26    1    1    1    1    1    1    1    1  1.82225E+11 0.05680 
   27   27    1    1    1    1    1    1    1    1  3.04993E+11 0.04673 
   28   28    1    1    1    1    1    1    1    1  5.91847E+11 0.01783 
   29   29    1    1    1    1    1    1    1    1  8.67756E+11 0.01790 
   30   30    1    1    1    1    1    1    1    1  2.65267E+12 0.01518 
   31   31    1    1    1    1    1    1    1    1  8.33521E+12 0.01034 
   32   32    1    1    1    1    1    1    1    1  1.58032E+13 0.00462 
   33   33    1    1    1    1    1    1    1    1  3.65614E+13 0.00450 
   34   34    1    1    1    1    1    1    1    1  5.04579E+13 0.00285 
   35   35    1    1    1    1    1    1    1    1  7.07613E+13 0.00198 
   36   36    1    1    1    1    1    1    1    1  4.92418E+13 0.00261 
   37   37    1    1    1    1    1    1    1    1  1.54622E+13 0.00238 
   38   38    1    1    1    1    1    1    1    1  8.50644E+13 0.00291 
   39   39    1    1    1    1    1    1    1    1  1.14573E+14 0.00247 
   40   40    1    1    1    1    1    1    1    1  1.94399E+14 0.00178 
   41   41    1    1    1    1    1    1    1    1  2.01599E+14 0.00202 
   42   42    1    1    1    1    1    1    1    1  4.23951E+14 0.00164 
   43   43    1    1    1    1    1    1    1    1  5.13673E+14 0.00159 
   44   44    1    1    1    1    1    1    1    1  7.43345E+14 0.00125 
   45   45    1    1    1    1    1    1    1    1  1.45823E+15 0.00097 
   46   46    1    1    1    1    1    1    1    1  6.88626E+14 0.00096 
   47   47    1    1    1    1    1    1    1    1  1.12116E+15 0.00096 
   48   48    1    1    1    1    1    1    1    1  1.56516E+15 0.00109 
   49   49    1    1    1    1    1    1    1    1  1.56176E+15 0.00096 
   50   50    1    1    1    1    1    1    1    1  2.40284E+15 0.00085 
   51   51    1    1    1    1    1    1    1    1  1.94975E+15 0.00108 
   52   52    1    1    1    1    1    1    1    1  2.27422E+15 0.00102 
   53   53    1    1    1    1    1    1    1    1  1.58862E+15 0.00121 
   54   54    1    1    1    1    1    1    1    1  1.90797E+15 0.00099 
   55   55    1    1    1    1    1    1    1    1  1.31760E+15 0.00119 
   56   56    1    1    1    1    1    1    1    1  1.80119E+14 0.00164 
   57   57    1    1    1    1    1    1    1    1  2.62340E+15 0.00089 
   58   58    1    1    1    1    1    1    1    1  1.14250E+15 0.00112 
   59   59    1    1    1    1    1    1    1    1  1.22152E+15 0.00098 
   60   60    1    1    1    1    1    1    1    1  9.34833E+14 0.00104 
   61   61    1    1    1    1    1    1    1    1  9.40036E+14 0.00122 
   62   62    1    1    1    1    1    1    1    1  9.76997E+14 0.00129 
   63   63    1    1    1    1    1    1    1    1  8.18380E+14 0.00103 
   64   64    1    1    1    1    1    1    1    1  6.51308E+14 0.00154 
   65   65    1    1    1    1    1    1    1    1  6.45699E+14 0.00152 
   66   66    1    1    1    1    1    1    1    1  4.64682E+14 0.00158 
   67   67    1    1    1    1    1    1    1    1  3.80666E+14 0.00157 
   68   68    1    1    1    1    1    1    1    1  3.43240E+14 0.00196 
   69   69    1    1    1    1    1    1    1    1  4.11256E+14 0.00146 
   70   70    1    1    1    1    1    1    1    1  3.49500E+14 0.00187 
   71   71    1    1    1    1    1    1    1    1  6.45137E+14 0.00188 
   72   72    1    1    1    1    1    1    1    1  4.58883E+14 0.00168 
   73   73    1    1    1    1    1    1    1    1  3.44297E+14 0.00190 
   74   74    1    1    1    1    1    1    1    1  2.72343E+14 0.00252 
   75   75    1    1    1    1    1    1    1    1  2.23422E+14 0.00177 
   76   76    1    1    1    1    1    1    1    1  2.54500E+14 0.00184 
   77   77    1    1    1    1    1    1    1    1  1.98851E+14 0.00256 
   78   78    1    1    1    1    1    1    1    1  1.56766E+14 0.00199 
   79   79    1    1    1    1    1    1    1    1  1.60806E+14 0.00230 
   80   80    1    1    1    1    1    1    1    1  1.18528E+14 0.00251 
   81   81    1    1    1    1    1    1    1    1  9.09291E+13 0.00294 
   82   82    1    1    1    1    1    1    1    1  6.96407E+13 0.00285 
   83   83    1    1    1    1    1    1    1    1  6.51134E+13 0.00247 
   84   84    1    1    1    1    1    1    1    1  4.68277E+13 0.00399 
   85   85    1    1    1    1    1    1    1    1  3.36559E+13 0.00397 
   86   86    1    1    1    1    1    1    1    1  3.13109E+13 0.00310 
   87   87    1    1    1    1    1    1    1    1  1.95285E+13 0.00694 
   88   88    1    1    1    1    1    1    1    1  1.31883E+13 0.00560 
   89   89    1    1    1    1    1    1    1    1  7.63639E+12 0.00725 
   90   90    1    1    1    1    1    1    1    1  5.09342E+12 0.01095 
   91   91    1    1    1    1    1    1    1    1  2.52277E+12 0.01344 
   92   92    1    1    1    1    1    1    1    1  1.24240E+12 0.02108 
   93   93    1    1    1    1    1    1    1    1  5.84642E+11 0.03608 
   94   94    1    1    1    1    1    1    1    1  3.10222E+11 0.04596 
   95   95    1    1    1    1    1    1    1    1  1.42133E+11 0.05793 
   96   96    1    1    1    1    1    1    1    1  6.68003E+10 0.09428 
   97   97    1    1    1    1    1    1    1    1  2.91102E+10 0.10794 
   98   98    1    1    1    1    1    1    1    1  1.39170E+10 0.19557 
   99   99    1    1    1    1    1    1    1    1  7.26460E+09 0.28222 
  100  100    1    1    1    1    1    1    1    1  1.06181E+10 0.27312 
];


