
DETdpaspec = [
    1    1    1    1    1    1    1    1    1    1  0.00000E+00 0.00000 
    2    2    1    1    1    1    1    1    1    1  0.00000E+00 0.00000 
    3    3    1    1    1    1    1    1    1    1  0.00000E+00 0.00000 
    4    4    1    1    1    1    1    1    1    1  0.00000E+00 0.00000 
    5    5    1    1    1    1    1    1    1    1  0.00000E+00 0.00000 
    6    6    1    1    1    1    1    1    1    1  0.00000E+00 0.00000 
    7    7    1    1    1    1    1    1    1    1  0.00000E+00 0.00000 
    8    8    1    1    1    1    1    1    1    1  0.00000E+00 0.00000 
    9    9    1    1    1    1    1    1    1    1  0.00000E+00 0.00000 
   10   10    1    1    1    1    1    1    1    1  2.25643E+08 0.75976 
   11   11    1    1    1    1    1    1    1    1  5.01263E+07 1.00000 
   12   12    1    1    1    1    1    1    1    1  8.03629E+07 0.52300 
   13   13    1    1    1    1    1    1    1    1  4.39960E+08 0.56272 
   14   14    1    1    1    1    1    1    1    1  3.12643E+09 0.32772 
   15   15    1    1    1    1    1    1    1    1  2.14365E+09 0.39034 
   16   16    1    1    1    1    1    1    1    1  1.40292E+09 0.31179 
   17   17    1    1    1    1    1    1    1    1  2.85356E+09 0.32931 
   18   18    1    1    1    1    1    1    1    1  4.75563E+09 0.29513 
   19   19    1    1    1    1    1    1    1    1  6.76767E+09 0.19678 
   20   20    1    1    1    1    1    1    1    1  2.70098E+10 0.09889 
   21   21    1    1    1    1    1    1    1    1  1.44171E+10 0.12935 
   22   22    1    1    1    1    1    1    1    1  3.42749E+10 0.10195 
   23   23    1    1    1    1    1    1    1    1  5.74964E+10 0.08677 
   24   24    1    1    1    1    1    1    1    1  9.23316E+10 0.07522 
   25   25    1    1    1    1    1    1    1    1  1.18377E+11 0.06594 
   26   26    1    1    1    1    1    1    1    1  1.86983E+11 0.05366 
   27   27    1    1    1    1    1    1    1    1  2.97934E+11 0.04409 
   28   28    1    1    1    1    1    1    1    1  6.12496E+11 0.02839 
   29   29    1    1    1    1    1    1    1    1  9.42731E+11 0.02268 
   30   30    1    1    1    1    1    1    1    1  2.79491E+12 0.01590 
   31   31    1    1    1    1    1    1    1    1  8.79509E+12 0.00988 
   32   32    1    1    1    1    1    1    1    1  1.68641E+13 0.00818 
   33   33    1    1    1    1    1    1    1    1  3.93711E+13 0.00413 
   34   34    1    1    1    1    1    1    1    1  5.45829E+13 0.00334 
   35   35    1    1    1    1    1    1    1    1  7.54789E+13 0.00235 
   36   36    1    1    1    1    1    1    1    1  5.22151E+13 0.00207 
   37   37    1    1    1    1    1    1    1    1  1.62875E+13 0.00215 
   38   38    1    1    1    1    1    1    1    1  9.04598E+13 0.00274 
   39   39    1    1    1    1    1    1    1    1  1.22546E+14 0.00225 
   40   40    1    1    1    1    1    1    1    1  2.08753E+14 0.00148 
   41   41    1    1    1    1    1    1    1    1  2.15899E+14 0.00160 
   42   42    1    1    1    1    1    1    1    1  4.58098E+14 0.00142 
   43   43    1    1    1    1    1    1    1    1  5.58240E+14 0.00139 
   44   44    1    1    1    1    1    1    1    1  8.11918E+14 0.00107 
   45   45    1    1    1    1    1    1    1    1  1.61067E+15 0.00088 
   46   46    1    1    1    1    1    1    1    1  7.59360E+14 0.00100 
   47   47    1    1    1    1    1    1    1    1  1.23579E+15 0.00118 
   48   48    1    1    1    1    1    1    1    1  1.72875E+15 0.00090 
   49   49    1    1    1    1    1    1    1    1  1.72505E+15 0.00108 
   50   50    1    1    1    1    1    1    1    1  2.67442E+15 0.00095 
   51   51    1    1    1    1    1    1    1    1  2.15820E+15 0.00081 
   52   52    1    1    1    1    1    1    1    1  2.54043E+15 0.00096 
   53   53    1    1    1    1    1    1    1    1  1.77172E+15 0.00091 
   54   54    1    1    1    1    1    1    1    1  2.14753E+15 0.00089 
   55   55    1    1    1    1    1    1    1    1  1.48232E+15 0.00089 
   56   56    1    1    1    1    1    1    1    1  2.02563E+14 0.00126 
   57   57    1    1    1    1    1    1    1    1  2.95817E+15 0.00091 
   58   58    1    1    1    1    1    1    1    1  1.29918E+15 0.00088 
   59   59    1    1    1    1    1    1    1    1  1.38947E+15 0.00120 
   60   60    1    1    1    1    1    1    1    1  1.07011E+15 0.00130 
   61   61    1    1    1    1    1    1    1    1  1.07404E+15 0.00123 
   62   62    1    1    1    1    1    1    1    1  1.11870E+15 0.00102 
   63   63    1    1    1    1    1    1    1    1  9.39876E+14 0.00101 
   64   64    1    1    1    1    1    1    1    1  7.49123E+14 0.00111 
   65   65    1    1    1    1    1    1    1    1  7.42845E+14 0.00085 
   66   66    1    1    1    1    1    1    1    1  5.34678E+14 0.00113 
   67   67    1    1    1    1    1    1    1    1  4.36248E+14 0.00136 
   68   68    1    1    1    1    1    1    1    1  3.93175E+14 0.00133 
   69   69    1    1    1    1    1    1    1    1  4.72835E+14 0.00136 
   70   70    1    1    1    1    1    1    1    1  4.03007E+14 0.00080 
   71   71    1    1    1    1    1    1    1    1  7.40610E+14 0.00172 
   72   72    1    1    1    1    1    1    1    1  5.23889E+14 0.00120 
   73   73    1    1    1    1    1    1    1    1  3.93682E+14 0.00102 
   74   74    1    1    1    1    1    1    1    1  3.14145E+14 0.00200 
   75   75    1    1    1    1    1    1    1    1  2.57835E+14 0.00182 
   76   76    1    1    1    1    1    1    1    1  2.96127E+14 0.00147 
   77   77    1    1    1    1    1    1    1    1  2.32117E+14 0.00174 
   78   78    1    1    1    1    1    1    1    1  1.84359E+14 0.00170 
   79   79    1    1    1    1    1    1    1    1  1.89408E+14 0.00201 
   80   80    1    1    1    1    1    1    1    1  1.39372E+14 0.00190 
   81   81    1    1    1    1    1    1    1    1  1.07115E+14 0.00170 
   82   82    1    1    1    1    1    1    1    1  8.20929E+13 0.00180 
   83   83    1    1    1    1    1    1    1    1  7.72004E+13 0.00266 
   84   84    1    1    1    1    1    1    1    1  5.51219E+13 0.00296 
   85   85    1    1    1    1    1    1    1    1  3.96614E+13 0.00334 
   86   86    1    1    1    1    1    1    1    1  3.73080E+13 0.00369 
   87   87    1    1    1    1    1    1    1    1  2.30823E+13 0.00385 
   88   88    1    1    1    1    1    1    1    1  1.57155E+13 0.00796 
   89   89    1    1    1    1    1    1    1    1  8.82764E+12 0.00902 
   90   90    1    1    1    1    1    1    1    1  6.02152E+12 0.00905 
   91   91    1    1    1    1    1    1    1    1  3.00558E+12 0.01368 
   92   92    1    1    1    1    1    1    1    1  1.44929E+12 0.01308 
   93   93    1    1    1    1    1    1    1    1  7.03937E+11 0.02574 
   94   94    1    1    1    1    1    1    1    1  3.62929E+11 0.03895 
   95   95    1    1    1    1    1    1    1    1  1.58921E+11 0.07299 
   96   96    1    1    1    1    1    1    1    1  8.11743E+10 0.08883 
   97   97    1    1    1    1    1    1    1    1  4.16808E+10 0.10857 
   98   98    1    1    1    1    1    1    1    1  1.68196E+10 0.23740 
   99   99    1    1    1    1    1    1    1    1  1.21053E+10 0.20967 
  100  100    1    1    1    1    1    1    1    1  8.40579E+09 0.26028 
];


