
DETdpaspec = [
    1    1    1    1    1    1    1    1    1    1  0.00000E+00 0.00000 
    2    2    1    1    1    1    1    1    1    1  0.00000E+00 0.00000 
    3    3    1    1    1    1    1    1    1    1  0.00000E+00 0.00000 
    4    4    1    1    1    1    1    1    1    1  0.00000E+00 0.00000 
    5    5    1    1    1    1    1    1    1    1  0.00000E+00 0.00000 
    6    6    1    1    1    1    1    1    1    1  0.00000E+00 0.00000 
    7    7    1    1    1    1    1    1    1    1  0.00000E+00 0.00000 
    8    8    1    1    1    1    1    1    1    1  1.39916E+07 1.00000 
    9    9    1    1    1    1    1    1    1    1  4.45917E+07 0.48929 
   10   10    1    1    1    1    1    1    1    1  4.38937E+07 1.00000 
   11   11    1    1    1    1    1    1    1    1  8.02467E+07 1.00000 
   12   12    1    1    1    1    1    1    1    1  2.31695E+07 0.68831 
   13   13    1    1    1    1    1    1    1    1  8.21638E+08 0.49342 
   14   14    1    1    1    1    1    1    1    1  3.81528E+09 0.34627 
   15   15    1    1    1    1    1    1    1    1  4.30044E+09 0.40472 
   16   16    1    1    1    1    1    1    1    1  1.08521E+09 0.54773 
   17   17    1    1    1    1    1    1    1    1  1.42008E+09 0.35769 
   18   18    1    1    1    1    1    1    1    1  6.23212E+09 0.22493 
   19   19    1    1    1    1    1    1    1    1  4.62908E+09 0.18703 
   20   20    1    1    1    1    1    1    1    1  1.89783E+10 0.16609 
   21   21    1    1    1    1    1    1    1    1  1.65856E+10 0.10139 
   22   22    1    1    1    1    1    1    1    1  4.46569E+10 0.11483 
   23   23    1    1    1    1    1    1    1    1  5.74585E+10 0.09007 
   24   24    1    1    1    1    1    1    1    1  8.75596E+10 0.05764 
   25   25    1    1    1    1    1    1    1    1  1.12851E+11 0.06144 
   26   26    1    1    1    1    1    1    1    1  1.74890E+11 0.04560 
   27   27    1    1    1    1    1    1    1    1  2.95683E+11 0.04768 
   28   28    1    1    1    1    1    1    1    1  6.07803E+11 0.03046 
   29   29    1    1    1    1    1    1    1    1  9.37731E+11 0.02020 
   30   30    1    1    1    1    1    1    1    1  2.81738E+12 0.01298 
   31   31    1    1    1    1    1    1    1    1  8.76837E+12 0.00857 
   32   32    1    1    1    1    1    1    1    1  1.67890E+13 0.00568 
   33   33    1    1    1    1    1    1    1    1  3.96236E+13 0.00322 
   34   34    1    1    1    1    1    1    1    1  5.50294E+13 0.00363 
   35   35    1    1    1    1    1    1    1    1  7.56789E+13 0.00274 
   36   36    1    1    1    1    1    1    1    1  5.25112E+13 0.00296 
   37   37    1    1    1    1    1    1    1    1  1.63293E+13 0.00264 
   38   38    1    1    1    1    1    1    1    1  9.08306E+13 0.00264 
   39   39    1    1    1    1    1    1    1    1  1.22609E+14 0.00275 
   40   40    1    1    1    1    1    1    1    1  2.09607E+14 0.00229 
   41   41    1    1    1    1    1    1    1    1  2.16242E+14 0.00224 
   42   42    1    1    1    1    1    1    1    1  4.58885E+14 0.00152 
   43   43    1    1    1    1    1    1    1    1  5.58939E+14 0.00123 
   44   44    1    1    1    1    1    1    1    1  8.13729E+14 0.00127 
   45   45    1    1    1    1    1    1    1    1  1.61509E+15 0.00106 
   46   46    1    1    1    1    1    1    1    1  7.60243E+14 0.00115 
   47   47    1    1    1    1    1    1    1    1  1.23819E+15 0.00082 
   48   48    1    1    1    1    1    1    1    1  1.73074E+15 0.00090 
   49   49    1    1    1    1    1    1    1    1  1.72784E+15 0.00096 
   50   50    1    1    1    1    1    1    1    1  2.67941E+15 0.00085 
   51   51    1    1    1    1    1    1    1    1  2.16309E+15 0.00084 
   52   52    1    1    1    1    1    1    1    1  2.54702E+15 0.00088 
   53   53    1    1    1    1    1    1    1    1  1.77727E+15 0.00094 
   54   54    1    1    1    1    1    1    1    1  2.15511E+15 0.00101 
   55   55    1    1    1    1    1    1    1    1  1.48609E+15 0.00117 
   56   56    1    1    1    1    1    1    1    1  2.02718E+14 0.00144 
   57   57    1    1    1    1    1    1    1    1  2.96561E+15 0.00084 
   58   58    1    1    1    1    1    1    1    1  1.30364E+15 0.00098 
   59   59    1    1    1    1    1    1    1    1  1.39442E+15 0.00088 
   60   60    1    1    1    1    1    1    1    1  1.07278E+15 0.00104 
   61   61    1    1    1    1    1    1    1    1  1.07798E+15 0.00122 
   62   62    1    1    1    1    1    1    1    1  1.12425E+15 0.00111 
   63   63    1    1    1    1    1    1    1    1  9.42605E+14 0.00122 
   64   64    1    1    1    1    1    1    1    1  7.51493E+14 0.00116 
   65   65    1    1    1    1    1    1    1    1  7.45346E+14 0.00112 
   66   66    1    1    1    1    1    1    1    1  5.35987E+14 0.00110 
   67   67    1    1    1    1    1    1    1    1  4.39124E+14 0.00103 
   68   68    1    1    1    1    1    1    1    1  3.94527E+14 0.00137 
   69   69    1    1    1    1    1    1    1    1  4.73211E+14 0.00147 
   70   70    1    1    1    1    1    1    1    1  4.03862E+14 0.00128 
   71   71    1    1    1    1    1    1    1    1  7.40963E+14 0.00103 
   72   72    1    1    1    1    1    1    1    1  5.25597E+14 0.00130 
   73   73    1    1    1    1    1    1    1    1  3.95120E+14 0.00153 
   74   74    1    1    1    1    1    1    1    1  3.14248E+14 0.00140 
   75   75    1    1    1    1    1    1    1    1  2.58900E+14 0.00181 
   76   76    1    1    1    1    1    1    1    1  2.98094E+14 0.00144 
   77   77    1    1    1    1    1    1    1    1  2.33361E+14 0.00220 
   78   78    1    1    1    1    1    1    1    1  1.84662E+14 0.00211 
   79   79    1    1    1    1    1    1    1    1  1.89831E+14 0.00123 
   80   80    1    1    1    1    1    1    1    1  1.40712E+14 0.00187 
   81   81    1    1    1    1    1    1    1    1  1.07758E+14 0.00247 
   82   82    1    1    1    1    1    1    1    1  8.24029E+13 0.00200 
   83   83    1    1    1    1    1    1    1    1  7.73168E+13 0.00290 
   84   84    1    1    1    1    1    1    1    1  5.55562E+13 0.00315 
   85   85    1    1    1    1    1    1    1    1  3.99119E+13 0.00321 
   86   86    1    1    1    1    1    1    1    1  3.77816E+13 0.00366 
   87   87    1    1    1    1    1    1    1    1  2.29798E+13 0.00370 
   88   88    1    1    1    1    1    1    1    1  1.57022E+13 0.00634 
   89   89    1    1    1    1    1    1    1    1  8.94720E+12 0.00700 
   90   90    1    1    1    1    1    1    1    1  5.93475E+12 0.01126 
   91   91    1    1    1    1    1    1    1    1  3.00307E+12 0.01212 
   92   92    1    1    1    1    1    1    1    1  1.48431E+12 0.02065 
   93   93    1    1    1    1    1    1    1    1  6.98390E+11 0.02202 
   94   94    1    1    1    1    1    1    1    1  3.42978E+11 0.03812 
   95   95    1    1    1    1    1    1    1    1  1.76391E+11 0.05791 
   96   96    1    1    1    1    1    1    1    1  7.39717E+10 0.06667 
   97   97    1    1    1    1    1    1    1    1  3.72286E+10 0.12825 
   98   98    1    1    1    1    1    1    1    1  1.56409E+10 0.15691 
   99   99    1    1    1    1    1    1    1    1  1.18349E+10 0.21501 
  100  100    1    1    1    1    1    1    1    1  9.54164E+09 0.32941 
];


