
DETdpaspec = [
    1    1    1    1    1    1    1    1    1    1  0.00000E+00 0.00000 
    2    2    1    1    1    1    1    1    1    1  0.00000E+00 0.00000 
    3    3    1    1    1    1    1    1    1    1  0.00000E+00 0.00000 
    4    4    1    1    1    1    1    1    1    1  0.00000E+00 0.00000 
    5    5    1    1    1    1    1    1    1    1  0.00000E+00 0.00000 
    6    6    1    1    1    1    1    1    1    1  0.00000E+00 0.00000 
    7    7    1    1    1    1    1    1    1    1  0.00000E+00 0.00000 
    8    8    1    1    1    1    1    1    1    1  0.00000E+00 0.00000 
    9    9    1    1    1    1    1    1    1    1  2.43498E+07 0.69133 
   10   10    1    1    1    1    1    1    1    1  1.31568E+08 0.71873 
   11   11    1    1    1    1    1    1    1    1  0.00000E+00 0.00000 
   12   12    1    1    1    1    1    1    1    1  9.97567E+07 0.61265 
   13   13    1    1    1    1    1    1    1    1  2.10111E+09 0.53063 
   14   14    1    1    1    1    1    1    1    1  1.87531E+09 0.36646 
   15   15    1    1    1    1    1    1    1    1  1.44999E+09 0.71722 
   16   16    1    1    1    1    1    1    1    1  1.29850E+09 0.46519 
   17   17    1    1    1    1    1    1    1    1  1.40592E+09 0.35487 
   18   18    1    1    1    1    1    1    1    1  4.67335E+09 0.28430 
   19   19    1    1    1    1    1    1    1    1  4.72857E+09 0.30754 
   20   20    1    1    1    1    1    1    1    1  1.91253E+10 0.15316 
   21   21    1    1    1    1    1    1    1    1  1.60177E+10 0.10616 
   22   22    1    1    1    1    1    1    1    1  3.54051E+10 0.16353 
   23   23    1    1    1    1    1    1    1    1  5.66060E+10 0.08592 
   24   24    1    1    1    1    1    1    1    1  8.71408E+10 0.06036 
   25   25    1    1    1    1    1    1    1    1  1.10922E+11 0.05830 
   26   26    1    1    1    1    1    1    1    1  1.86509E+11 0.04247 
   27   27    1    1    1    1    1    1    1    1  3.42789E+11 0.03467 
   28   28    1    1    1    1    1    1    1    1  7.38687E+11 0.03121 
   29   29    1    1    1    1    1    1    1    1  1.20977E+12 0.01890 
   30   30    1    1    1    1    1    1    1    1  3.40178E+12 0.01343 
   31   31    1    1    1    1    1    1    1    1  1.06752E+13 0.00926 
   32   32    1    1    1    1    1    1    1    1  2.01289E+13 0.00546 
   33   33    1    1    1    1    1    1    1    1  4.85035E+13 0.00373 
   34   34    1    1    1    1    1    1    1    1  6.86105E+13 0.00391 
   35   35    1    1    1    1    1    1    1    1  8.91167E+13 0.00309 
   36   36    1    1    1    1    1    1    1    1  6.00107E+13 0.00236 
   37   37    1    1    1    1    1    1    1    1  1.82969E+13 0.00239 
   38   38    1    1    1    1    1    1    1    1  1.03110E+14 0.00193 
   39   39    1    1    1    1    1    1    1    1  1.40039E+14 0.00222 
   40   40    1    1    1    1    1    1    1    1  2.41918E+14 0.00160 
   41   41    1    1    1    1    1    1    1    1  2.45389E+14 0.00113 
   42   42    1    1    1    1    1    1    1    1  5.29617E+14 0.00093 
   43   43    1    1    1    1    1    1    1    1  6.47238E+14 0.00099 
   44   44    1    1    1    1    1    1    1    1  9.49643E+14 0.00091 
   45   45    1    1    1    1    1    1    1    1  1.90907E+15 0.00079 
   46   46    1    1    1    1    1    1    1    1  8.93596E+14 0.00093 
   47   47    1    1    1    1    1    1    1    1  1.44850E+15 0.00094 
   48   48    1    1    1    1    1    1    1    1  2.02961E+15 0.00091 
   49   49    1    1    1    1    1    1    1    1  2.02173E+15 0.00083 
   50   50    1    1    1    1    1    1    1    1  3.16812E+15 0.00058 
   51   51    1    1    1    1    1    1    1    1  2.53450E+15 0.00062 
   52   52    1    1    1    1    1    1    1    1  3.02901E+15 0.00075 
   53   53    1    1    1    1    1    1    1    1  2.11107E+15 0.00053 
   54   54    1    1    1    1    1    1    1    1  2.59073E+15 0.00057 
   55   55    1    1    1    1    1    1    1    1  1.78632E+15 0.00070 
   56   56    1    1    1    1    1    1    1    1  2.43251E+14 0.00123 
   57   57    1    1    1    1    1    1    1    1  3.56248E+15 0.00051 
   58   58    1    1    1    1    1    1    1    1  1.59311E+15 0.00072 
   59   59    1    1    1    1    1    1    1    1  1.69485E+15 0.00061 
   60   60    1    1    1    1    1    1    1    1  1.32191E+15 0.00071 
   61   61    1    1    1    1    1    1    1    1  1.32573E+15 0.00069 
   62   62    1    1    1    1    1    1    1    1  1.38402E+15 0.00077 
   63   63    1    1    1    1    1    1    1    1  1.16676E+15 0.00081 
   64   64    1    1    1    1    1    1    1    1  9.30925E+14 0.00091 
   65   65    1    1    1    1    1    1    1    1  9.24226E+14 0.00123 
   66   66    1    1    1    1    1    1    1    1  6.66073E+14 0.00097 
   67   67    1    1    1    1    1    1    1    1  5.42430E+14 0.00083 
   68   68    1    1    1    1    1    1    1    1  4.87524E+14 0.00109 
   69   69    1    1    1    1    1    1    1    1  5.84562E+14 0.00111 
   70   70    1    1    1    1    1    1    1    1  4.98144E+14 0.00117 
   71   71    1    1    1    1    1    1    1    1  9.06579E+14 0.00108 
   72   72    1    1    1    1    1    1    1    1  6.43382E+14 0.00096 
   73   73    1    1    1    1    1    1    1    1  4.83755E+14 0.00129 
   74   74    1    1    1    1    1    1    1    1  3.88679E+14 0.00115 
   75   75    1    1    1    1    1    1    1    1  3.23199E+14 0.00130 
   76   76    1    1    1    1    1    1    1    1  3.74617E+14 0.00128 
   77   77    1    1    1    1    1    1    1    1  2.97384E+14 0.00139 
   78   78    1    1    1    1    1    1    1    1  2.36555E+14 0.00148 
   79   79    1    1    1    1    1    1    1    1  2.44386E+14 0.00149 
   80   80    1    1    1    1    1    1    1    1  1.80693E+14 0.00213 
   81   81    1    1    1    1    1    1    1    1  1.40032E+14 0.00220 
   82   82    1    1    1    1    1    1    1    1  1.07401E+14 0.00232 
   83   83    1    1    1    1    1    1    1    1  1.00371E+14 0.00230 
   84   84    1    1    1    1    1    1    1    1  7.19386E+13 0.00222 
   85   85    1    1    1    1    1    1    1    1  5.16794E+13 0.00305 
   86   86    1    1    1    1    1    1    1    1  4.83357E+13 0.00355 
   87   87    1    1    1    1    1    1    1    1  2.99994E+13 0.00360 
   88   88    1    1    1    1    1    1    1    1  2.02879E+13 0.00603 
   89   89    1    1    1    1    1    1    1    1  1.16494E+13 0.00561 
   90   90    1    1    1    1    1    1    1    1  7.68885E+12 0.00795 
   91   91    1    1    1    1    1    1    1    1  3.87219E+12 0.00964 
   92   92    1    1    1    1    1    1    1    1  1.89473E+12 0.01653 
   93   93    1    1    1    1    1    1    1    1  8.71817E+11 0.02427 
   94   94    1    1    1    1    1    1    1    1  4.24239E+11 0.03463 
   95   95    1    1    1    1    1    1    1    1  2.11014E+11 0.04312 
   96   96    1    1    1    1    1    1    1    1  9.63794E+10 0.07592 
   97   97    1    1    1    1    1    1    1    1  5.54816E+10 0.11350 
   98   98    1    1    1    1    1    1    1    1  2.71549E+10 0.11713 
   99   99    1    1    1    1    1    1    1    1  9.55592E+09 0.29029 
  100  100    1    1    1    1    1    1    1    1  1.19747E+10 0.20915 
];


