
DETdpaspec = [
    1    1    1    1    1    1    1    1    1    1  0.00000E+00 0.00000 
    2    2    1    1    1    1    1    1    1    1  0.00000E+00 0.00000 
    3    3    1    1    1    1    1    1    1    1  0.00000E+00 0.00000 
    4    4    1    1    1    1    1    1    1    1  0.00000E+00 0.00000 
    5    5    1    1    1    1    1    1    1    1  0.00000E+00 0.00000 
    6    6    1    1    1    1    1    1    1    1  0.00000E+00 0.00000 
    7    7    1    1    1    1    1    1    1    1  1.26446E+07 1.00000 
    8    8    1    1    1    1    1    1    1    1  0.00000E+00 0.00000 
    9    9    1    1    1    1    1    1    1    1  6.14536E+06 1.00000 
   10   10    1    1    1    1    1    1    1    1  5.52862E+07 1.00000 
   11   11    1    1    1    1    1    1    1    1  1.01799E+08 0.69333 
   12   12    1    1    1    1    1    1    1    1  5.16622E+07 1.00000 
   13   13    1    1    1    1    1    1    1    1  8.89165E+08 0.61022 
   14   14    1    1    1    1    1    1    1    1  2.49773E+09 0.52428 
   15   15    1    1    1    1    1    1    1    1  3.54734E+09 0.39199 
   16   16    1    1    1    1    1    1    1    1  4.07460E+08 0.44320 
   17   17    1    1    1    1    1    1    1    1  2.61839E+09 0.21676 
   18   18    1    1    1    1    1    1    1    1  3.40087E+09 0.22128 
   19   19    1    1    1    1    1    1    1    1  6.09687E+09 0.20886 
   20   20    1    1    1    1    1    1    1    1  2.13317E+10 0.12293 
   21   21    1    1    1    1    1    1    1    1  1.24302E+10 0.11263 
   22   22    1    1    1    1    1    1    1    1  3.13590E+10 0.09244 
   23   23    1    1    1    1    1    1    1    1  4.84991E+10 0.08127 
   24   24    1    1    1    1    1    1    1    1  8.44746E+10 0.08444 
   25   25    1    1    1    1    1    1    1    1  1.04727E+11 0.07476 
   26   26    1    1    1    1    1    1    1    1  1.82676E+11 0.05427 
   27   27    1    1    1    1    1    1    1    1  3.29826E+11 0.04632 
   28   28    1    1    1    1    1    1    1    1  7.03319E+11 0.02124 
   29   29    1    1    1    1    1    1    1    1  1.12128E+12 0.01876 
   30   30    1    1    1    1    1    1    1    1  3.20329E+12 0.01162 
   31   31    1    1    1    1    1    1    1    1  1.01832E+13 0.00827 
   32   32    1    1    1    1    1    1    1    1  1.92172E+13 0.00646 
   33   33    1    1    1    1    1    1    1    1  4.59727E+13 0.00309 
   34   34    1    1    1    1    1    1    1    1  6.50709E+13 0.00243 
   35   35    1    1    1    1    1    1    1    1  8.54782E+13 0.00199 
   36   36    1    1    1    1    1    1    1    1  5.81155E+13 0.00197 
   37   37    1    1    1    1    1    1    1    1  1.78655E+13 0.00253 
   38   38    1    1    1    1    1    1    1    1  1.00753E+14 0.00229 
   39   39    1    1    1    1    1    1    1    1  1.36605E+14 0.00216 
   40   40    1    1    1    1    1    1    1    1  2.35423E+14 0.00196 
   41   41    1    1    1    1    1    1    1    1  2.39802E+14 0.00162 
   42   42    1    1    1    1    1    1    1    1  5.15984E+14 0.00182 
   43   43    1    1    1    1    1    1    1    1  6.31168E+14 0.00139 
   44   44    1    1    1    1    1    1    1    1  9.23367E+14 0.00105 
   45   45    1    1    1    1    1    1    1    1  1.85274E+15 0.00073 
   46   46    1    1    1    1    1    1    1    1  8.68225E+14 0.00090 
   47   47    1    1    1    1    1    1    1    1  1.40990E+15 0.00082 
   48   48    1    1    1    1    1    1    1    1  1.97458E+15 0.00075 
   49   49    1    1    1    1    1    1    1    1  1.96955E+15 0.00074 
   50   50    1    1    1    1    1    1    1    1  3.08139E+15 0.00066 
   51   51    1    1    1    1    1    1    1    1  2.47097E+15 0.00060 
   52   52    1    1    1    1    1    1    1    1  2.94659E+15 0.00073 
   53   53    1    1    1    1    1    1    1    1  2.05419E+15 0.00081 
   54   54    1    1    1    1    1    1    1    1  2.51489E+15 0.00084 
   55   55    1    1    1    1    1    1    1    1  1.73295E+15 0.00083 
   56   56    1    1    1    1    1    1    1    1  2.35867E+14 0.00096 
   57   57    1    1    1    1    1    1    1    1  3.45361E+15 0.00069 
   58   58    1    1    1    1    1    1    1    1  1.54054E+15 0.00073 
   59   59    1    1    1    1    1    1    1    1  1.64099E+15 0.00078 
   60   60    1    1    1    1    1    1    1    1  1.27628E+15 0.00087 
   61   61    1    1    1    1    1    1    1    1  1.28213E+15 0.00081 
   62   62    1    1    1    1    1    1    1    1  1.33924E+15 0.00085 
   63   63    1    1    1    1    1    1    1    1  1.12700E+15 0.00099 
   64   64    1    1    1    1    1    1    1    1  8.97885E+14 0.00098 
   65   65    1    1    1    1    1    1    1    1  8.92669E+14 0.00111 
   66   66    1    1    1    1    1    1    1    1  6.43339E+14 0.00112 
   67   67    1    1    1    1    1    1    1    1  5.24677E+14 0.00115 
   68   68    1    1    1    1    1    1    1    1  4.71829E+14 0.00112 
   69   69    1    1    1    1    1    1    1    1  5.66226E+14 0.00146 
   70   70    1    1    1    1    1    1    1    1  4.81519E+14 0.00111 
   71   71    1    1    1    1    1    1    1    1  8.78062E+14 0.00119 
   72   72    1    1    1    1    1    1    1    1  6.22682E+14 0.00088 
   73   73    1    1    1    1    1    1    1    1  4.68351E+14 0.00115 
   74   74    1    1    1    1    1    1    1    1  3.76234E+14 0.00147 
   75   75    1    1    1    1    1    1    1    1  3.11929E+14 0.00130 
   76   76    1    1    1    1    1    1    1    1  3.61252E+14 0.00168 
   77   77    1    1    1    1    1    1    1    1  2.85403E+14 0.00170 
   78   78    1    1    1    1    1    1    1    1  2.27088E+14 0.00171 
   79   79    1    1    1    1    1    1    1    1  2.34726E+14 0.00157 
   80   80    1    1    1    1    1    1    1    1  1.73233E+14 0.00165 
   81   81    1    1    1    1    1    1    1    1  1.33949E+14 0.00218 
   82   82    1    1    1    1    1    1    1    1  1.02683E+14 0.00231 
   83   83    1    1    1    1    1    1    1    1  9.57066E+13 0.00224 
   84   84    1    1    1    1    1    1    1    1  6.90266E+13 0.00238 
   85   85    1    1    1    1    1    1    1    1  4.98139E+13 0.00267 
   86   86    1    1    1    1    1    1    1    1  4.67297E+13 0.00380 
   87   87    1    1    1    1    1    1    1    1  2.87061E+13 0.00498 
   88   88    1    1    1    1    1    1    1    1  1.95227E+13 0.00493 
   89   89    1    1    1    1    1    1    1    1  1.12050E+13 0.01005 
   90   90    1    1    1    1    1    1    1    1  7.47592E+12 0.00790 
   91   91    1    1    1    1    1    1    1    1  3.70634E+12 0.01049 
   92   92    1    1    1    1    1    1    1    1  1.77129E+12 0.01994 
   93   93    1    1    1    1    1    1    1    1  8.73374E+11 0.02450 
   94   94    1    1    1    1    1    1    1    1  4.21394E+11 0.04261 
   95   95    1    1    1    1    1    1    1    1  2.04963E+11 0.05359 
   96   96    1    1    1    1    1    1    1    1  9.67664E+10 0.08383 
   97   97    1    1    1    1    1    1    1    1  4.69493E+10 0.13331 
   98   98    1    1    1    1    1    1    1    1  2.00782E+10 0.14692 
   99   99    1    1    1    1    1    1    1    1  9.67533E+09 0.26617 
  100  100    1    1    1    1    1    1    1    1  4.17910E+09 0.31007 
];


