
DETdpaspec = [
    1    1    1    1    1    1    1    1    1    1  0.00000E+00 0.00000 
    2    2    1    1    1    1    1    1    1    1  0.00000E+00 0.00000 
    3    3    1    1    1    1    1    1    1    1  0.00000E+00 0.00000 
    4    4    1    1    1    1    1    1    1    1  0.00000E+00 0.00000 
    5    5    1    1    1    1    1    1    1    1  0.00000E+00 0.00000 
    6    6    1    1    1    1    1    1    1    1  0.00000E+00 0.00000 
    7    7    1    1    1    1    1    1    1    1  0.00000E+00 0.00000 
    8    8    1    1    1    1    1    1    1    1  0.00000E+00 0.00000 
    9    9    1    1    1    1    1    1    1    1  1.63938E+07 0.69995 
   10   10    1    1    1    1    1    1    1    1  0.00000E+00 0.00000 
   11   11    1    1    1    1    1    1    1    1  3.03240E+08 0.59770 
   12   12    1    1    1    1    1    1    1    1  8.87230E+07 0.46747 
   13   13    1    1    1    1    1    1    1    1  3.83641E+08 0.73866 
   14   14    1    1    1    1    1    1    1    1  3.24372E+09 0.51013 
   15   15    1    1    1    1    1    1    1    1  5.80608E+09 0.24940 
   16   16    1    1    1    1    1    1    1    1  9.42754E+08 0.34213 
   17   17    1    1    1    1    1    1    1    1  2.60383E+09 0.27220 
   18   18    1    1    1    1    1    1    1    1  5.84803E+09 0.18446 
   19   19    1    1    1    1    1    1    1    1  6.65869E+09 0.18261 
   20   20    1    1    1    1    1    1    1    1  2.38434E+10 0.12845 
   21   21    1    1    1    1    1    1    1    1  1.44507E+10 0.10704 
   22   22    1    1    1    1    1    1    1    1  4.43404E+10 0.11547 
   23   23    1    1    1    1    1    1    1    1  5.64231E+10 0.06883 
   24   24    1    1    1    1    1    1    1    1  8.12221E+10 0.07977 
   25   25    1    1    1    1    1    1    1    1  1.14627E+11 0.05577 
   26   26    1    1    1    1    1    1    1    1  1.77555E+11 0.04308 
   27   27    1    1    1    1    1    1    1    1  3.10263E+11 0.03407 
   28   28    1    1    1    1    1    1    1    1  5.94555E+11 0.02915 
   29   29    1    1    1    1    1    1    1    1  8.54535E+11 0.02425 
   30   30    1    1    1    1    1    1    1    1  2.68995E+12 0.01828 
   31   31    1    1    1    1    1    1    1    1  8.43296E+12 0.00914 
   32   32    1    1    1    1    1    1    1    1  1.63815E+13 0.00599 
   33   33    1    1    1    1    1    1    1    1  3.82193E+13 0.00336 
   34   34    1    1    1    1    1    1    1    1  5.22680E+13 0.00337 
   35   35    1    1    1    1    1    1    1    1  7.32477E+13 0.00290 
   36   36    1    1    1    1    1    1    1    1  5.07274E+13 0.00272 
   37   37    1    1    1    1    1    1    1    1  1.58770E+13 0.00285 
   38   38    1    1    1    1    1    1    1    1  8.79335E+13 0.00221 
   39   39    1    1    1    1    1    1    1    1  1.19039E+14 0.00267 
   40   40    1    1    1    1    1    1    1    1  2.01585E+14 0.00237 
   41   41    1    1    1    1    1    1    1    1  2.09040E+14 0.00172 
   42   42    1    1    1    1    1    1    1    1  4.41818E+14 0.00149 
   43   43    1    1    1    1    1    1    1    1  5.37266E+14 0.00148 
   44   44    1    1    1    1    1    1    1    1  7.79831E+14 0.00122 
   45   45    1    1    1    1    1    1    1    1  1.54046E+15 0.00124 
   46   46    1    1    1    1    1    1    1    1  7.27081E+14 0.00123 
   47   47    1    1    1    1    1    1    1    1  1.18388E+15 0.00107 
   48   48    1    1    1    1    1    1    1    1  1.65605E+15 0.00105 
   49   49    1    1    1    1    1    1    1    1  1.65122E+15 0.00098 
   50   50    1    1    1    1    1    1    1    1  2.55226E+15 0.00112 
   51   51    1    1    1    1    1    1    1    1  2.06446E+15 0.00108 
   52   52    1    1    1    1    1    1    1    1  2.42222E+15 0.00104 
   53   53    1    1    1    1    1    1    1    1  1.69040E+15 0.00120 
   54   54    1    1    1    1    1    1    1    1  2.04046E+15 0.00087 
   55   55    1    1    1    1    1    1    1    1  1.40879E+15 0.00108 
   56   56    1    1    1    1    1    1    1    1  1.92738E+14 0.00143 
   57   57    1    1    1    1    1    1    1    1  2.80944E+15 0.00108 
   58   58    1    1    1    1    1    1    1    1  1.22815E+15 0.00115 
   59   59    1    1    1    1    1    1    1    1  1.31283E+15 0.00091 
   60   60    1    1    1    1    1    1    1    1  1.00795E+15 0.00118 
   61   61    1    1    1    1    1    1    1    1  1.01297E+15 0.00112 
   62   62    1    1    1    1    1    1    1    1  1.05352E+15 0.00107 
   63   63    1    1    1    1    1    1    1    1  8.84916E+14 0.00109 
   64   64    1    1    1    1    1    1    1    1  7.04510E+14 0.00123 
   65   65    1    1    1    1    1    1    1    1  6.99759E+14 0.00143 
   66   66    1    1    1    1    1    1    1    1  5.03257E+14 0.00168 
   67   67    1    1    1    1    1    1    1    1  4.12042E+14 0.00109 
   68   68    1    1    1    1    1    1    1    1  3.70434E+14 0.00144 
   69   69    1    1    1    1    1    1    1    1  4.44497E+14 0.00186 
   70   70    1    1    1    1    1    1    1    1  3.78188E+14 0.00172 
   71   71    1    1    1    1    1    1    1    1  6.97914E+14 0.00144 
   72   72    1    1    1    1    1    1    1    1  4.94434E+14 0.00140 
   73   73    1    1    1    1    1    1    1    1  3.71292E+14 0.00153 
   74   74    1    1    1    1    1    1    1    1  2.95089E+14 0.00145 
   75   75    1    1    1    1    1    1    1    1  2.42590E+14 0.00174 
   76   76    1    1    1    1    1    1    1    1  2.77920E+14 0.00187 
   77   77    1    1    1    1    1    1    1    1  2.17604E+14 0.00162 
   78   78    1    1    1    1    1    1    1    1  1.71666E+14 0.00181 
   79   79    1    1    1    1    1    1    1    1  1.76077E+14 0.00177 
   80   80    1    1    1    1    1    1    1    1  1.29879E+14 0.00246 
   81   81    1    1    1    1    1    1    1    1  9.92360E+13 0.00277 
   82   82    1    1    1    1    1    1    1    1  7.65277E+13 0.00312 
   83   83    1    1    1    1    1    1    1    1  7.17840E+13 0.00135 
   84   84    1    1    1    1    1    1    1    1  5.11095E+13 0.00317 
   85   85    1    1    1    1    1    1    1    1  3.70204E+13 0.00407 
   86   86    1    1    1    1    1    1    1    1  3.43485E+13 0.00379 
   87   87    1    1    1    1    1    1    1    1  2.12724E+13 0.00539 
   88   88    1    1    1    1    1    1    1    1  1.44107E+13 0.00739 
   89   89    1    1    1    1    1    1    1    1  8.27776E+12 0.00589 
   90   90    1    1    1    1    1    1    1    1  5.51131E+12 0.01287 
   91   91    1    1    1    1    1    1    1    1  2.75697E+12 0.01644 
   92   92    1    1    1    1    1    1    1    1  1.32964E+12 0.01690 
   93   93    1    1    1    1    1    1    1    1  6.57620E+11 0.03338 
   94   94    1    1    1    1    1    1    1    1  3.06808E+11 0.04900 
   95   95    1    1    1    1    1    1    1    1  1.50795E+11 0.03966 
   96   96    1    1    1    1    1    1    1    1  7.34586E+10 0.07471 
   97   97    1    1    1    1    1    1    1    1  2.38374E+10 0.15951 
   98   98    1    1    1    1    1    1    1    1  1.35085E+10 0.19885 
   99   99    1    1    1    1    1    1    1    1  6.76355E+09 0.28647 
  100  100    1    1    1    1    1    1    1    1  6.29927E+09 0.29958 
];


