
DETdpaspec = [
    1    1    1    1    1    1    1    1    1    1  0.00000E+00 0.00000 
    2    2    1    1    1    1    1    1    1    1  0.00000E+00 0.00000 
    3    3    1    1    1    1    1    1    1    1  0.00000E+00 0.00000 
    4    4    1    1    1    1    1    1    1    1  0.00000E+00 0.00000 
    5    5    1    1    1    1    1    1    1    1  0.00000E+00 0.00000 
    6    6    1    1    1    1    1    1    1    1  0.00000E+00 0.00000 
    7    7    1    1    1    1    1    1    1    1  0.00000E+00 0.00000 
    8    8    1    1    1    1    1    1    1    1  0.00000E+00 0.00000 
    9    9    1    1    1    1    1    1    1    1  3.24329E+07 0.75764 
   10   10    1    1    1    1    1    1    1    1  4.54636E+07 1.00000 
   11   11    1    1    1    1    1    1    1    1  0.00000E+00 0.00000 
   12   12    1    1    1    1    1    1    1    1  3.42716E+07 0.74879 
   13   13    1    1    1    1    1    1    1    1  6.31491E+08 0.55732 
   14   14    1    1    1    1    1    1    1    1  1.19861E+09 0.44480 
   15   15    1    1    1    1    1    1    1    1  3.05043E+09 0.38219 
   16   16    1    1    1    1    1    1    1    1  1.03377E+09 0.28140 
   17   17    1    1    1    1    1    1    1    1  1.70900E+09 0.24478 
   18   18    1    1    1    1    1    1    1    1  7.73523E+09 0.24023 
   19   19    1    1    1    1    1    1    1    1  7.24511E+09 0.18359 
   20   20    1    1    1    1    1    1    1    1  2.44177E+10 0.15659 
   21   21    1    1    1    1    1    1    1    1  1.69072E+10 0.11338 
   22   22    1    1    1    1    1    1    1    1  5.07080E+10 0.09326 
   23   23    1    1    1    1    1    1    1    1  6.28116E+10 0.05891 
   24   24    1    1    1    1    1    1    1    1  1.02493E+11 0.05859 
   25   25    1    1    1    1    1    1    1    1  1.23768E+11 0.04948 
   26   26    1    1    1    1    1    1    1    1  1.96425E+11 0.04573 
   27   27    1    1    1    1    1    1    1    1  3.44207E+11 0.03310 
   28   28    1    1    1    1    1    1    1    1  6.25128E+11 0.03009 
   29   29    1    1    1    1    1    1    1    1  8.41111E+11 0.03181 
   30   30    1    1    1    1    1    1    1    1  2.69226E+12 0.01367 
   31   31    1    1    1    1    1    1    1    1  8.15751E+12 0.01024 
   32   32    1    1    1    1    1    1    1    1  1.52191E+13 0.00530 
   33   33    1    1    1    1    1    1    1    1  3.39089E+13 0.00602 
   34   34    1    1    1    1    1    1    1    1  4.50380E+13 0.00425 
   35   35    1    1    1    1    1    1    1    1  6.48247E+13 0.00382 
   36   36    1    1    1    1    1    1    1    1  4.55118E+13 0.00397 
   37   37    1    1    1    1    1    1    1    1  1.44715E+13 0.00359 
   38   38    1    1    1    1    1    1    1    1  7.80433E+13 0.00311 
   39   39    1    1    1    1    1    1    1    1  1.04522E+14 0.00236 
   40   40    1    1    1    1    1    1    1    1  1.74429E+14 0.00199 
   41   41    1    1    1    1    1    1    1    1  1.82560E+14 0.00199 
   42   42    1    1    1    1    1    1    1    1  3.75690E+14 0.00243 
   43   43    1    1    1    1    1    1    1    1  4.51532E+14 0.00220 
   44   44    1    1    1    1    1    1    1    1  6.46850E+14 0.00169 
   45   45    1    1    1    1    1    1    1    1  1.24259E+15 0.00130 
   46   46    1    1    1    1    1    1    1    1  5.86655E+14 0.00147 
   47   47    1    1    1    1    1    1    1    1  9.55959E+14 0.00116 
   48   48    1    1    1    1    1    1    1    1  1.32553E+15 0.00111 
   49   49    1    1    1    1    1    1    1    1  1.31809E+15 0.00133 
   50   50    1    1    1    1    1    1    1    1  2.00561E+15 0.00103 
   51   51    1    1    1    1    1    1    1    1  1.63312E+15 0.00119 
   52   52    1    1    1    1    1    1    1    1  1.87720E+15 0.00124 
   53   53    1    1    1    1    1    1    1    1  1.31138E+15 0.00141 
   54   54    1    1    1    1    1    1    1    1  1.55349E+15 0.00115 
   55   55    1    1    1    1    1    1    1    1  1.07359E+15 0.00099 
   56   56    1    1    1    1    1    1    1    1  1.47450E+14 0.00132 
   57   57    1    1    1    1    1    1    1    1  2.13724E+15 0.00107 
   58   58    1    1    1    1    1    1    1    1  9.15261E+14 0.00163 
   59   59    1    1    1    1    1    1    1    1  9.81138E+14 0.00134 
   60   60    1    1    1    1    1    1    1    1  7.42221E+14 0.00142 
   61   61    1    1    1    1    1    1    1    1  7.48418E+14 0.00147 
   62   62    1    1    1    1    1    1    1    1  7.74671E+14 0.00143 
   63   63    1    1    1    1    1    1    1    1  6.45691E+14 0.00167 
   64   64    1    1    1    1    1    1    1    1  5.13132E+14 0.00160 
   65   65    1    1    1    1    1    1    1    1  5.08494E+14 0.00157 
   66   66    1    1    1    1    1    1    1    1  3.65297E+14 0.00164 
   67   67    1    1    1    1    1    1    1    1  2.99342E+14 0.00178 
   68   68    1    1    1    1    1    1    1    1  2.70200E+14 0.00150 
   69   69    1    1    1    1    1    1    1    1  3.24499E+14 0.00172 
   70   70    1    1    1    1    1    1    1    1  2.76176E+14 0.00178 
   71   71    1    1    1    1    1    1    1    1  5.12717E+14 0.00167 
   72   72    1    1    1    1    1    1    1    1  3.64044E+14 0.00232 
   73   73    1    1    1    1    1    1    1    1  2.72828E+14 0.00202 
   74   74    1    1    1    1    1    1    1    1  2.14475E+14 0.00205 
   75   75    1    1    1    1    1    1    1    1  1.73887E+14 0.00222 
   76   76    1    1    1    1    1    1    1    1  1.97345E+14 0.00211 
   77   77    1    1    1    1    1    1    1    1  1.52611E+14 0.00205 
   78   78    1    1    1    1    1    1    1    1  1.19188E+14 0.00192 
   79   79    1    1    1    1    1    1    1    1  1.21260E+14 0.00181 
   80   80    1    1    1    1    1    1    1    1  8.91995E+13 0.00238 
   81   81    1    1    1    1    1    1    1    1  6.82461E+13 0.00236 
   82   82    1    1    1    1    1    1    1    1  5.24418E+13 0.00445 
   83   83    1    1    1    1    1    1    1    1  4.88326E+13 0.00360 
   84   84    1    1    1    1    1    1    1    1  3.49114E+13 0.00372 
   85   85    1    1    1    1    1    1    1    1  2.51875E+13 0.00430 
   86   86    1    1    1    1    1    1    1    1  2.36371E+13 0.00604 
   87   87    1    1    1    1    1    1    1    1  1.45088E+13 0.00573 
   88   88    1    1    1    1    1    1    1    1  9.84960E+12 0.00885 
   89   89    1    1    1    1    1    1    1    1  5.76219E+12 0.01034 
   90   90    1    1    1    1    1    1    1    1  3.76428E+12 0.01302 
   91   91    1    1    1    1    1    1    1    1  1.90846E+12 0.01724 
   92   92    1    1    1    1    1    1    1    1  9.40461E+11 0.02587 
   93   93    1    1    1    1    1    1    1    1  4.43368E+11 0.04200 
   94   94    1    1    1    1    1    1    1    1  2.17757E+11 0.03793 
   95   95    1    1    1    1    1    1    1    1  1.19536E+11 0.08151 
   96   96    1    1    1    1    1    1    1    1  4.76428E+10 0.12287 
   97   97    1    1    1    1    1    1    1    1  2.71399E+10 0.15837 
   98   98    1    1    1    1    1    1    1    1  1.18649E+10 0.14990 
   99   99    1    1    1    1    1    1    1    1  9.78345E+09 0.20365 
  100  100    1    1    1    1    1    1    1    1  4.96354E+09 0.43579 
];


