
DETdpaspec = [
    1    1    1    1    1    1    1    1    1    1  0.00000E+00 0.00000 
    2    2    1    1    1    1    1    1    1    1  0.00000E+00 0.00000 
    3    3    1    1    1    1    1    1    1    1  0.00000E+00 0.00000 
    4    4    1    1    1    1    1    1    1    1  0.00000E+00 0.00000 
    5    5    1    1    1    1    1    1    1    1  0.00000E+00 0.00000 
    6    6    1    1    1    1    1    1    1    1  0.00000E+00 0.00000 
    7    7    1    1    1    1    1    1    1    1  0.00000E+00 0.00000 
    8    8    1    1    1    1    1    1    1    1  0.00000E+00 0.00000 
    9    9    1    1    1    1    1    1    1    1  0.00000E+00 0.00000 
   10   10    1    1    1    1    1    1    1    1  4.03296E+07 1.00000 
   11   11    1    1    1    1    1    1    1    1  9.27700E+07 0.69492 
   12   12    1    1    1    1    1    1    1    1  3.55496E+07 0.75142 
   13   13    1    1    1    1    1    1    1    1  6.48277E+08 0.56978 
   14   14    1    1    1    1    1    1    1    1  1.99323E+09 0.39176 
   15   15    1    1    1    1    1    1    1    1  3.75435E+09 0.36263 
   16   16    1    1    1    1    1    1    1    1  2.94166E+08 0.65912 
   17   17    1    1    1    1    1    1    1    1  1.45130E+09 0.50249 
   18   18    1    1    1    1    1    1    1    1  3.73506E+09 0.35061 
   19   19    1    1    1    1    1    1    1    1  6.38659E+09 0.20469 
   20   20    1    1    1    1    1    1    1    1  2.39127E+10 0.17783 
   21   21    1    1    1    1    1    1    1    1  1.66125E+10 0.13646 
   22   22    1    1    1    1    1    1    1    1  3.62639E+10 0.10912 
   23   23    1    1    1    1    1    1    1    1  5.65136E+10 0.07142 
   24   24    1    1    1    1    1    1    1    1  8.94062E+10 0.06932 
   25   25    1    1    1    1    1    1    1    1  1.00090E+11 0.06328 
   26   26    1    1    1    1    1    1    1    1  1.71870E+11 0.04380 
   27   27    1    1    1    1    1    1    1    1  3.20805E+11 0.04344 
   28   28    1    1    1    1    1    1    1    1  6.96620E+11 0.03455 
   29   29    1    1    1    1    1    1    1    1  1.13164E+12 0.02239 
   30   30    1    1    1    1    1    1    1    1  3.25408E+12 0.01003 
   31   31    1    1    1    1    1    1    1    1  1.02287E+13 0.00673 
   32   32    1    1    1    1    1    1    1    1  1.93412E+13 0.00530 
   33   33    1    1    1    1    1    1    1    1  4.67608E+13 0.00322 
   34   34    1    1    1    1    1    1    1    1  6.62077E+13 0.00305 
   35   35    1    1    1    1    1    1    1    1  8.67434E+13 0.00279 
   36   36    1    1    1    1    1    1    1    1  5.86672E+13 0.00196 
   37   37    1    1    1    1    1    1    1    1  1.80251E+13 0.00222 
   38   38    1    1    1    1    1    1    1    1  1.01422E+14 0.00248 
   39   39    1    1    1    1    1    1    1    1  1.37627E+14 0.00220 
   40   40    1    1    1    1    1    1    1    1  2.37356E+14 0.00197 
   41   41    1    1    1    1    1    1    1    1  2.41868E+14 0.00187 
   42   42    1    1    1    1    1    1    1    1  5.21287E+14 0.00132 
   43   43    1    1    1    1    1    1    1    1  6.37627E+14 0.00119 
   44   44    1    1    1    1    1    1    1    1  9.34088E+14 0.00115 
   45   45    1    1    1    1    1    1    1    1  1.87465E+15 0.00073 
   46   46    1    1    1    1    1    1    1    1  8.78082E+14 0.00093 
   47   47    1    1    1    1    1    1    1    1  1.42492E+15 0.00071 
   48   48    1    1    1    1    1    1    1    1  1.99932E+15 0.00038 
   49   49    1    1    1    1    1    1    1    1  1.99040E+15 0.00071 
   50   50    1    1    1    1    1    1    1    1  3.11765E+15 0.00055 
   51   51    1    1    1    1    1    1    1    1  2.49738E+15 0.00061 
   52   52    1    1    1    1    1    1    1    1  2.98078E+15 0.00064 
   53   53    1    1    1    1    1    1    1    1  2.07635E+15 0.00062 
   54   54    1    1    1    1    1    1    1    1  2.54489E+15 0.00055 
   55   55    1    1    1    1    1    1    1    1  1.75416E+15 0.00067 
   56   56    1    1    1    1    1    1    1    1  2.38435E+14 0.00137 
   57   57    1    1    1    1    1    1    1    1  3.49890E+15 0.00067 
   58   58    1    1    1    1    1    1    1    1  1.56388E+15 0.00082 
   59   59    1    1    1    1    1    1    1    1  1.66447E+15 0.00069 
   60   60    1    1    1    1    1    1    1    1  1.29580E+15 0.00088 
   61   61    1    1    1    1    1    1    1    1  1.30103E+15 0.00097 
   62   62    1    1    1    1    1    1    1    1  1.35973E+15 0.00101 
   63   63    1    1    1    1    1    1    1    1  1.14409E+15 0.00078 
   64   64    1    1    1    1    1    1    1    1  9.11386E+14 0.00083 
   65   65    1    1    1    1    1    1    1    1  9.05442E+14 0.00102 
   66   66    1    1    1    1    1    1    1    1  6.53676E+14 0.00092 
   67   67    1    1    1    1    1    1    1    1  5.32927E+14 0.00106 
   68   68    1    1    1    1    1    1    1    1  4.78587E+14 0.00108 
   69   69    1    1    1    1    1    1    1    1  5.74737E+14 0.00110 
   70   70    1    1    1    1    1    1    1    1  4.88770E+14 0.00113 
   71   71    1    1    1    1    1    1    1    1  8.88360E+14 0.00105 
   72   72    1    1    1    1    1    1    1    1  6.29591E+14 0.00098 
   73   73    1    1    1    1    1    1    1    1  4.74167E+14 0.00129 
   74   74    1    1    1    1    1    1    1    1  3.81485E+14 0.00151 
   75   75    1    1    1    1    1    1    1    1  3.16514E+14 0.00147 
   76   76    1    1    1    1    1    1    1    1  3.67172E+14 0.00189 
   77   77    1    1    1    1    1    1    1    1  2.90590E+14 0.00176 
   78   78    1    1    1    1    1    1    1    1  2.30813E+14 0.00180 
   79   79    1    1    1    1    1    1    1    1  2.37893E+14 0.00172 
   80   80    1    1    1    1    1    1    1    1  1.76312E+14 0.00127 
   81   81    1    1    1    1    1    1    1    1  1.36187E+14 0.00270 
   82   82    1    1    1    1    1    1    1    1  1.04478E+14 0.00226 
   83   83    1    1    1    1    1    1    1    1  9.77827E+13 0.00310 
   84   84    1    1    1    1    1    1    1    1  7.05059E+13 0.00345 
   85   85    1    1    1    1    1    1    1    1  5.06523E+13 0.00309 
   86   86    1    1    1    1    1    1    1    1  4.74309E+13 0.00345 
   87   87    1    1    1    1    1    1    1    1  2.92574E+13 0.00325 
   88   88    1    1    1    1    1    1    1    1  1.98062E+13 0.00464 
   89   89    1    1    1    1    1    1    1    1  1.13161E+13 0.00816 
   90   90    1    1    1    1    1    1    1    1  7.57945E+12 0.01069 
   91   91    1    1    1    1    1    1    1    1  3.75096E+12 0.01064 
   92   92    1    1    1    1    1    1    1    1  1.85299E+12 0.01669 
   93   93    1    1    1    1    1    1    1    1  8.80673E+11 0.02017 
   94   94    1    1    1    1    1    1    1    1  4.32454E+11 0.03639 
   95   95    1    1    1    1    1    1    1    1  1.96655E+11 0.06060 
   96   96    1    1    1    1    1    1    1    1  8.59984E+10 0.11035 
   97   97    1    1    1    1    1    1    1    1  4.92323E+10 0.07418 
   98   98    1    1    1    1    1    1    1    1  2.12495E+10 0.15771 
   99   99    1    1    1    1    1    1    1    1  1.35108E+10 0.17552 
  100  100    1    1    1    1    1    1    1    1  8.67063E+09 0.18785 
];


