
DETdpaspec = [
    1    1    1    1    1    1    1    1    1    1  0.00000E+00 0.00000 
    2    2    1    1    1    1    1    1    1    1  0.00000E+00 0.00000 
    3    3    1    1    1    1    1    1    1    1  0.00000E+00 0.00000 
    4    4    1    1    1    1    1    1    1    1  1.06882E+07 1.00000 
    5    5    1    1    1    1    1    1    1    1  0.00000E+00 0.00000 
    6    6    1    1    1    1    1    1    1    1  0.00000E+00 0.00000 
    7    7    1    1    1    1    1    1    1    1  0.00000E+00 0.00000 
    8    8    1    1    1    1    1    1    1    1  0.00000E+00 0.00000 
    9    9    1    1    1    1    1    1    1    1  1.23989E+07 0.69058 
   10   10    1    1    1    1    1    1    1    1  8.33986E+07 1.00000 
   11   11    1    1    1    1    1    1    1    1  5.51253E+07 1.00000 
   12   12    1    1    1    1    1    1    1    1  2.16375E+07 1.00000 
   13   13    1    1    1    1    1    1    1    1  2.23918E+09 0.45024 
   14   14    1    1    1    1    1    1    1    1  2.69820E+09 0.41881 
   15   15    1    1    1    1    1    1    1    1  3.71347E+09 0.54659 
   16   16    1    1    1    1    1    1    1    1  4.18423E+08 0.61803 
   17   17    1    1    1    1    1    1    1    1  1.07800E+09 0.44761 
   18   18    1    1    1    1    1    1    1    1  8.01547E+09 0.22828 
   19   19    1    1    1    1    1    1    1    1  4.73047E+09 0.22377 
   20   20    1    1    1    1    1    1    1    1  2.32692E+10 0.15501 
   21   21    1    1    1    1    1    1    1    1  1.42679E+10 0.15010 
   22   22    1    1    1    1    1    1    1    1  4.92714E+10 0.08395 
   23   23    1    1    1    1    1    1    1    1  5.85192E+10 0.06755 
   24   24    1    1    1    1    1    1    1    1  8.52015E+10 0.06279 
   25   25    1    1    1    1    1    1    1    1  1.12061E+11 0.06853 
   26   26    1    1    1    1    1    1    1    1  1.73961E+11 0.05565 
   27   27    1    1    1    1    1    1    1    1  3.08870E+11 0.03139 
   28   28    1    1    1    1    1    1    1    1  6.91671E+11 0.03248 
   29   29    1    1    1    1    1    1    1    1  1.15996E+12 0.02140 
   30   30    1    1    1    1    1    1    1    1  3.30169E+12 0.01171 
   31   31    1    1    1    1    1    1    1    1  1.03021E+13 0.00758 
   32   32    1    1    1    1    1    1    1    1  1.94889E+13 0.00503 
   33   33    1    1    1    1    1    1    1    1  4.67729E+13 0.00381 
   34   34    1    1    1    1    1    1    1    1  6.61636E+13 0.00382 
   35   35    1    1    1    1    1    1    1    1  8.68695E+13 0.00344 
   36   36    1    1    1    1    1    1    1    1  5.87400E+13 0.00190 
   37   37    1    1    1    1    1    1    1    1  1.79828E+13 0.00224 
   38   38    1    1    1    1    1    1    1    1  1.01434E+14 0.00200 
   39   39    1    1    1    1    1    1    1    1  1.37788E+14 0.00214 
   40   40    1    1    1    1    1    1    1    1  2.37265E+14 0.00167 
   41   41    1    1    1    1    1    1    1    1  2.41719E+14 0.00157 
   42   42    1    1    1    1    1    1    1    1  5.21255E+14 0.00128 
   43   43    1    1    1    1    1    1    1    1  6.37323E+14 0.00111 
   44   44    1    1    1    1    1    1    1    1  9.31775E+14 0.00083 
   45   45    1    1    1    1    1    1    1    1  1.86973E+15 0.00081 
   46   46    1    1    1    1    1    1    1    1  8.76302E+14 0.00075 
   47   47    1    1    1    1    1    1    1    1  1.42238E+15 0.00080 
   48   48    1    1    1    1    1    1    1    1  1.99487E+15 0.00075 
   49   49    1    1    1    1    1    1    1    1  1.98807E+15 0.00076 
   50   50    1    1    1    1    1    1    1    1  3.11400E+15 0.00078 
   51   51    1    1    1    1    1    1    1    1  2.49088E+15 0.00084 
   52   52    1    1    1    1    1    1    1    1  2.97809E+15 0.00096 
   53   53    1    1    1    1    1    1    1    1  2.07279E+15 0.00107 
   54   54    1    1    1    1    1    1    1    1  2.54053E+15 0.00084 
   55   55    1    1    1    1    1    1    1    1  1.75049E+15 0.00086 
   56   56    1    1    1    1    1    1    1    1  2.38234E+14 0.00124 
   57   57    1    1    1    1    1    1    1    1  3.49160E+15 0.00077 
   58   58    1    1    1    1    1    1    1    1  1.55950E+15 0.00105 
   59   59    1    1    1    1    1    1    1    1  1.66021E+15 0.00116 
   60   60    1    1    1    1    1    1    1    1  1.29166E+15 0.00105 
   61   61    1    1    1    1    1    1    1    1  1.29615E+15 0.00073 
   62   62    1    1    1    1    1    1    1    1  1.35363E+15 0.00100 
   63   63    1    1    1    1    1    1    1    1  1.14098E+15 0.00108 
   64   64    1    1    1    1    1    1    1    1  9.08841E+14 0.00131 
   65   65    1    1    1    1    1    1    1    1  9.04182E+14 0.00127 
   66   66    1    1    1    1    1    1    1    1  6.50883E+14 0.00147 
   67   67    1    1    1    1    1    1    1    1  5.31239E+14 0.00097 
   68   68    1    1    1    1    1    1    1    1  4.77285E+14 0.00132 
   69   69    1    1    1    1    1    1    1    1  5.72265E+14 0.00166 
   70   70    1    1    1    1    1    1    1    1  4.87992E+14 0.00114 
   71   71    1    1    1    1    1    1    1    1  8.89188E+14 0.00126 
   72   72    1    1    1    1    1    1    1    1  6.28720E+14 0.00129 
   73   73    1    1    1    1    1    1    1    1  4.73643E+14 0.00165 
   74   74    1    1    1    1    1    1    1    1  3.80381E+14 0.00138 
   75   75    1    1    1    1    1    1    1    1  3.15305E+14 0.00151 
   76   76    1    1    1    1    1    1    1    1  3.66001E+14 0.00120 
   77   77    1    1    1    1    1    1    1    1  2.89728E+14 0.00189 
   78   78    1    1    1    1    1    1    1    1  2.30955E+14 0.00192 
   79   79    1    1    1    1    1    1    1    1  2.38102E+14 0.00185 
   80   80    1    1    1    1    1    1    1    1  1.76261E+14 0.00250 
   81   81    1    1    1    1    1    1    1    1  1.35820E+14 0.00195 
   82   82    1    1    1    1    1    1    1    1  1.04551E+14 0.00256 
   83   83    1    1    1    1    1    1    1    1  9.71012E+13 0.00304 
   84   84    1    1    1    1    1    1    1    1  7.00833E+13 0.00332 
   85   85    1    1    1    1    1    1    1    1  5.04303E+13 0.00257 
   86   86    1    1    1    1    1    1    1    1  4.71232E+13 0.00366 
   87   87    1    1    1    1    1    1    1    1  2.91174E+13 0.00540 
   88   88    1    1    1    1    1    1    1    1  1.96592E+13 0.00611 
   89   89    1    1    1    1    1    1    1    1  1.11270E+13 0.00687 
   90   90    1    1    1    1    1    1    1    1  7.45011E+12 0.00853 
   91   91    1    1    1    1    1    1    1    1  3.80958E+12 0.01496 
   92   92    1    1    1    1    1    1    1    1  1.88932E+12 0.01633 
   93   93    1    1    1    1    1    1    1    1  8.73799E+11 0.02381 
   94   94    1    1    1    1    1    1    1    1  4.23447E+11 0.02724 
   95   95    1    1    1    1    1    1    1    1  2.23629E+11 0.05816 
   96   96    1    1    1    1    1    1    1    1  1.09159E+11 0.06733 
   97   97    1    1    1    1    1    1    1    1  4.72948E+10 0.11725 
   98   98    1    1    1    1    1    1    1    1  2.54221E+10 0.18774 
   99   99    1    1    1    1    1    1    1    1  1.26535E+10 0.24023 
  100  100    1    1    1    1    1    1    1    1  1.06961E+10 0.17535 
];


