
DETdpaspec = [
    1    1    1    1    1    1    1    1    1    1  0.00000E+00 0.00000 
    2    2    1    1    1    1    1    1    1    1  0.00000E+00 0.00000 
    3    3    1    1    1    1    1    1    1    1  0.00000E+00 0.00000 
    4    4    1    1    1    1    1    1    1    1  8.78951E+06 1.00000 
    5    5    1    1    1    1    1    1    1    1  8.82392E+06 1.00000 
    6    6    1    1    1    1    1    1    1    1  0.00000E+00 0.00000 
    7    7    1    1    1    1    1    1    1    1  0.00000E+00 0.00000 
    8    8    1    1    1    1    1    1    1    1  1.06237E+07 1.00000 
    9    9    1    1    1    1    1    1    1    1  1.36266E+07 0.68985 
   10   10    1    1    1    1    1    1    1    1  1.09316E+08 0.70712 
   11   11    1    1    1    1    1    1    1    1  3.69424E+07 1.00000 
   12   12    1    1    1    1    1    1    1    1  3.79794E+07 0.65387 
   13   13    1    1    1    1    1    1    1    1  3.93968E+08 0.62374 
   14   14    1    1    1    1    1    1    1    1  2.02293E+09 0.47974 
   15   15    1    1    1    1    1    1    1    1  4.75041E+09 0.29473 
   16   16    1    1    1    1    1    1    1    1  1.69008E+09 0.28893 
   17   17    1    1    1    1    1    1    1    1  1.96655E+09 0.27040 
   18   18    1    1    1    1    1    1    1    1  5.74710E+09 0.22044 
   19   19    1    1    1    1    1    1    1    1  6.70903E+09 0.22377 
   20   20    1    1    1    1    1    1    1    1  2.29669E+10 0.16577 
   21   21    1    1    1    1    1    1    1    1  1.62873E+10 0.13029 
   22   22    1    1    1    1    1    1    1    1  4.29940E+10 0.09389 
   23   23    1    1    1    1    1    1    1    1  6.26931E+10 0.06742 
   24   24    1    1    1    1    1    1    1    1  1.04748E+11 0.05944 
   25   25    1    1    1    1    1    1    1    1  1.11314E+11 0.05844 
   26   26    1    1    1    1    1    1    1    1  1.82521E+11 0.03341 
   27   27    1    1    1    1    1    1    1    1  3.12461E+11 0.02898 
   28   28    1    1    1    1    1    1    1    1  6.21822E+11 0.02410 
   29   29    1    1    1    1    1    1    1    1  8.89552E+11 0.02254 
   30   30    1    1    1    1    1    1    1    1  2.70652E+12 0.01307 
   31   31    1    1    1    1    1    1    1    1  8.64094E+12 0.00789 
   32   32    1    1    1    1    1    1    1    1  1.64302E+13 0.00674 
   33   33    1    1    1    1    1    1    1    1  3.84931E+13 0.00445 
   34   34    1    1    1    1    1    1    1    1  5.28098E+13 0.00376 
   35   35    1    1    1    1    1    1    1    1  7.37154E+13 0.00292 
   36   36    1    1    1    1    1    1    1    1  5.11768E+13 0.00220 
   37   37    1    1    1    1    1    1    1    1  1.59569E+13 0.00203 
   38   38    1    1    1    1    1    1    1    1  8.84739E+13 0.00254 
   39   39    1    1    1    1    1    1    1    1  1.19479E+14 0.00254 
   40   40    1    1    1    1    1    1    1    1  2.03772E+14 0.00172 
   41   41    1    1    1    1    1    1    1    1  2.10815E+14 0.00192 
   42   42    1    1    1    1    1    1    1    1  4.45112E+14 0.00139 
   43   43    1    1    1    1    1    1    1    1  5.41282E+14 0.00137 
   44   44    1    1    1    1    1    1    1    1  7.85969E+14 0.00111 
   45   45    1    1    1    1    1    1    1    1  1.55161E+15 0.00109 
   46   46    1    1    1    1    1    1    1    1  7.31763E+14 0.00123 
   47   47    1    1    1    1    1    1    1    1  1.19084E+15 0.00072 
   48   48    1    1    1    1    1    1    1    1  1.66535E+15 0.00110 
   49   49    1    1    1    1    1    1    1    1  1.66308E+15 0.00091 
   50   50    1    1    1    1    1    1    1    1  2.56683E+15 0.00104 
   51   51    1    1    1    1    1    1    1    1  2.07615E+15 0.00105 
   52   52    1    1    1    1    1    1    1    1  2.43669E+15 0.00106 
   53   53    1    1    1    1    1    1    1    1  1.70022E+15 0.00111 
   54   54    1    1    1    1    1    1    1    1  2.05241E+15 0.00088 
   55   55    1    1    1    1    1    1    1    1  1.41643E+15 0.00090 
   56   56    1    1    1    1    1    1    1    1  1.93753E+14 0.00120 
   57   57    1    1    1    1    1    1    1    1  2.82513E+15 0.00100 
   58   58    1    1    1    1    1    1    1    1  1.23688E+15 0.00105 
   59   59    1    1    1    1    1    1    1    1  1.32152E+15 0.00106 
   60   60    1    1    1    1    1    1    1    1  1.01440E+15 0.00094 
   61   61    1    1    1    1    1    1    1    1  1.02077E+15 0.00093 
   62   62    1    1    1    1    1    1    1    1  1.06252E+15 0.00120 
   63   63    1    1    1    1    1    1    1    1  8.90250E+14 0.00119 
   64   64    1    1    1    1    1    1    1    1  7.09836E+14 0.00130 
   65   65    1    1    1    1    1    1    1    1  7.04470E+14 0.00163 
   66   66    1    1    1    1    1    1    1    1  5.06037E+14 0.00139 
   67   67    1    1    1    1    1    1    1    1  4.14520E+14 0.00127 
   68   68    1    1    1    1    1    1    1    1  3.73815E+14 0.00147 
   69   69    1    1    1    1    1    1    1    1  4.47162E+14 0.00157 
   70   70    1    1    1    1    1    1    1    1  3.81137E+14 0.00173 
   71   71    1    1    1    1    1    1    1    1  7.01997E+14 0.00159 
   72   72    1    1    1    1    1    1    1    1  4.97605E+14 0.00161 
   73   73    1    1    1    1    1    1    1    1  3.73632E+14 0.00168 
   74   74    1    1    1    1    1    1    1    1  2.97990E+14 0.00186 
   75   75    1    1    1    1    1    1    1    1  2.44288E+14 0.00180 
   76   76    1    1    1    1    1    1    1    1  2.79767E+14 0.00140 
   77   77    1    1    1    1    1    1    1    1  2.19539E+14 0.00212 
   78   78    1    1    1    1    1    1    1    1  1.73669E+14 0.00213 
   79   79    1    1    1    1    1    1    1    1  1.77582E+14 0.00234 
   80   80    1    1    1    1    1    1    1    1  1.30506E+14 0.00253 
   81   81    1    1    1    1    1    1    1    1  1.00859E+14 0.00289 
   82   82    1    1    1    1    1    1    1    1  7.74760E+13 0.00307 
   83   83    1    1    1    1    1    1    1    1  7.20464E+13 0.00191 
   84   84    1    1    1    1    1    1    1    1  5.14874E+13 0.00297 
   85   85    1    1    1    1    1    1    1    1  3.73891E+13 0.00409 
   86   86    1    1    1    1    1    1    1    1  3.49745E+13 0.00511 
   87   87    1    1    1    1    1    1    1    1  2.16533E+13 0.00558 
   88   88    1    1    1    1    1    1    1    1  1.44123E+13 0.00512 
   89   89    1    1    1    1    1    1    1    1  8.39941E+12 0.00760 
   90   90    1    1    1    1    1    1    1    1  5.63384E+12 0.00805 
   91   91    1    1    1    1    1    1    1    1  2.88464E+12 0.01425 
   92   92    1    1    1    1    1    1    1    1  1.39216E+12 0.01300 
   93   93    1    1    1    1    1    1    1    1  6.90033E+11 0.02767 
   94   94    1    1    1    1    1    1    1    1  2.98029E+11 0.04553 
   95   95    1    1    1    1    1    1    1    1  1.52252E+11 0.04206 
   96   96    1    1    1    1    1    1    1    1  7.60489E+10 0.08781 
   97   97    1    1    1    1    1    1    1    1  4.38706E+10 0.11486 
   98   98    1    1    1    1    1    1    1    1  1.80656E+10 0.23098 
   99   99    1    1    1    1    1    1    1    1  6.63805E+09 0.35832 
  100  100    1    1    1    1    1    1    1    1  7.78886E+09 0.25195 
];


