
DETdpaspec = [
    1    1    1    1    1    1    1    1    1    1  0.00000E+00 0.00000 
    2    2    1    1    1    1    1    1    1    1  0.00000E+00 0.00000 
    3    3    1    1    1    1    1    1    1    1  0.00000E+00 0.00000 
    4    4    1    1    1    1    1    1    1    1  0.00000E+00 0.00000 
    5    5    1    1    1    1    1    1    1    1  0.00000E+00 0.00000 
    6    6    1    1    1    1    1    1    1    1  0.00000E+00 0.00000 
    7    7    1    1    1    1    1    1    1    1  0.00000E+00 0.00000 
    8    8    1    1    1    1    1    1    1    1  0.00000E+00 0.00000 
    9    9    1    1    1    1    1    1    1    1  0.00000E+00 0.00000 
   10   10    1    1    1    1    1    1    1    1  2.76876E+07 1.00000 
   11   11    1    1    1    1    1    1    1    1  0.00000E+00 0.00000 
   12   12    1    1    1    1    1    1    1    1  2.61543E+07 1.00000 
   13   13    1    1    1    1    1    1    1    1  1.13828E+09 0.66970 
   14   14    1    1    1    1    1    1    1    1  1.97471E+09 0.45852 
   15   15    1    1    1    1    1    1    1    1  4.47169E+09 0.49226 
   16   16    1    1    1    1    1    1    1    1  1.12685E+09 0.30772 
   17   17    1    1    1    1    1    1    1    1  2.83554E+09 0.23469 
   18   18    1    1    1    1    1    1    1    1  3.65532E+09 0.15624 
   19   19    1    1    1    1    1    1    1    1  5.71644E+09 0.22055 
   20   20    1    1    1    1    1    1    1    1  2.72458E+10 0.13942 
   21   21    1    1    1    1    1    1    1    1  1.57202E+10 0.10411 
   22   22    1    1    1    1    1    1    1    1  3.38457E+10 0.10892 
   23   23    1    1    1    1    1    1    1    1  5.65813E+10 0.08549 
   24   24    1    1    1    1    1    1    1    1  9.38751E+10 0.05844 
   25   25    1    1    1    1    1    1    1    1  1.06058E+11 0.05751 
   26   26    1    1    1    1    1    1    1    1  1.82390E+11 0.03891 
   27   27    1    1    1    1    1    1    1    1  3.02293E+11 0.03950 
   28   28    1    1    1    1    1    1    1    1  6.20559E+11 0.02145 
   29   29    1    1    1    1    1    1    1    1  9.93061E+11 0.02077 
   30   30    1    1    1    1    1    1    1    1  2.91255E+12 0.01528 
   31   31    1    1    1    1    1    1    1    1  9.12115E+12 0.01001 
   32   32    1    1    1    1    1    1    1    1  1.76247E+13 0.00732 
   33   33    1    1    1    1    1    1    1    1  4.23704E+13 0.00246 
   34   34    1    1    1    1    1    1    1    1  5.92022E+13 0.00268 
   35   35    1    1    1    1    1    1    1    1  7.98787E+13 0.00239 
   36   36    1    1    1    1    1    1    1    1  5.49930E+13 0.00192 
   37   37    1    1    1    1    1    1    1    1  1.70076E+13 0.00200 
   38   38    1    1    1    1    1    1    1    1  9.51471E+13 0.00240 
   39   39    1    1    1    1    1    1    1    1  1.28800E+14 0.00208 
   40   40    1    1    1    1    1    1    1    1  2.20890E+14 0.00199 
   41   41    1    1    1    1    1    1    1    1  2.27084E+14 0.00178 
   42   42    1    1    1    1    1    1    1    1  4.85378E+14 0.00121 
   43   43    1    1    1    1    1    1    1    1  5.92210E+14 0.00123 
   44   44    1    1    1    1    1    1    1    1  8.64245E+14 0.00142 
   45   45    1    1    1    1    1    1    1    1  1.72556E+15 0.00092 
   46   46    1    1    1    1    1    1    1    1  8.11855E+14 0.00075 
   47   47    1    1    1    1    1    1    1    1  1.31929E+15 0.00069 
   48   48    1    1    1    1    1    1    1    1  1.84952E+15 0.00060 
   49   49    1    1    1    1    1    1    1    1  1.84547E+15 0.00060 
   50   50    1    1    1    1    1    1    1    1  2.87474E+15 0.00058 
   51   51    1    1    1    1    1    1    1    1  2.31286E+15 0.00082 
   52   52    1    1    1    1    1    1    1    1  2.74337E+15 0.00072 
   53   53    1    1    1    1    1    1    1    1  1.91259E+15 0.00088 
   54   54    1    1    1    1    1    1    1    1  2.32874E+15 0.00080 
   55   55    1    1    1    1    1    1    1    1  1.60783E+15 0.00081 
   56   56    1    1    1    1    1    1    1    1  2.19448E+14 0.00103 
   57   57    1    1    1    1    1    1    1    1  3.20739E+15 0.00089 
   58   58    1    1    1    1    1    1    1    1  1.41803E+15 0.00100 
   59   59    1    1    1    1    1    1    1    1  1.51570E+15 0.00100 
   60   60    1    1    1    1    1    1    1    1  1.17222E+15 0.00113 
   61   61    1    1    1    1    1    1    1    1  1.17682E+15 0.00091 
   62   62    1    1    1    1    1    1    1    1  1.22594E+15 0.00096 
   63   63    1    1    1    1    1    1    1    1  1.03161E+15 0.00084 
   64   64    1    1    1    1    1    1    1    1  8.21847E+14 0.00115 
   65   65    1    1    1    1    1    1    1    1  8.16607E+14 0.00065 
   66   66    1    1    1    1    1    1    1    1  5.87707E+14 0.00116 
   67   67    1    1    1    1    1    1    1    1  4.80439E+14 0.00150 
   68   68    1    1    1    1    1    1    1    1  4.31805E+14 0.00130 
   69   69    1    1    1    1    1    1    1    1  5.17921E+14 0.00127 
   70   70    1    1    1    1    1    1    1    1  4.41551E+14 0.00140 
   71   71    1    1    1    1    1    1    1    1  8.08996E+14 0.00101 
   72   72    1    1    1    1    1    1    1    1  5.73845E+14 0.00119 
   73   73    1    1    1    1    1    1    1    1  4.31315E+14 0.00108 
   74   74    1    1    1    1    1    1    1    1  3.45327E+14 0.00114 
   75   75    1    1    1    1    1    1    1    1  2.84836E+14 0.00145 
   76   76    1    1    1    1    1    1    1    1  3.28605E+14 0.00130 
   77   77    1    1    1    1    1    1    1    1  2.58605E+14 0.00150 
   78   78    1    1    1    1    1    1    1    1  2.05195E+14 0.00176 
   79   79    1    1    1    1    1    1    1    1  2.11068E+14 0.00183 
   80   80    1    1    1    1    1    1    1    1  1.56064E+14 0.00181 
   81   81    1    1    1    1    1    1    1    1  1.20109E+14 0.00214 
   82   82    1    1    1    1    1    1    1    1  9.25106E+13 0.00262 
   83   83    1    1    1    1    1    1    1    1  8.64126E+13 0.00230 
   84   84    1    1    1    1    1    1    1    1  6.21403E+13 0.00345 
   85   85    1    1    1    1    1    1    1    1  4.49184E+13 0.00421 
   86   86    1    1    1    1    1    1    1    1  4.17644E+13 0.00550 
   87   87    1    1    1    1    1    1    1    1  2.58692E+13 0.00442 
   88   88    1    1    1    1    1    1    1    1  1.73169E+13 0.00506 
   89   89    1    1    1    1    1    1    1    1  9.93148E+12 0.00878 
   90   90    1    1    1    1    1    1    1    1  6.79526E+12 0.01023 
   91   91    1    1    1    1    1    1    1    1  3.32592E+12 0.01439 
   92   92    1    1    1    1    1    1    1    1  1.64007E+12 0.01606 
   93   93    1    1    1    1    1    1    1    1  7.90325E+11 0.02322 
   94   94    1    1    1    1    1    1    1    1  3.61457E+11 0.02980 
   95   95    1    1    1    1    1    1    1    1  1.87804E+11 0.04003 
   96   96    1    1    1    1    1    1    1    1  8.20541E+10 0.08799 
   97   97    1    1    1    1    1    1    1    1  4.33368E+10 0.09993 
   98   98    1    1    1    1    1    1    1    1  2.12188E+10 0.17852 
   99   99    1    1    1    1    1    1    1    1  4.11002E+09 0.26588 
  100  100    1    1    1    1    1    1    1    1  1.07773E+10 0.18760 
];


