
DETdpaspec = [
    1    1    1    1    1    1    1    1    1    1  0.00000E+00 0.00000 
    2    2    1    1    1    1    1    1    1    1  0.00000E+00 0.00000 
    3    3    1    1    1    1    1    1    1    1  0.00000E+00 0.00000 
    4    4    1    1    1    1    1    1    1    1  0.00000E+00 0.00000 
    5    5    1    1    1    1    1    1    1    1  0.00000E+00 0.00000 
    6    6    1    1    1    1    1    1    1    1  0.00000E+00 0.00000 
    7    7    1    1    1    1    1    1    1    1  1.74281E+07 1.00000 
    8    8    1    1    1    1    1    1    1    1  0.00000E+00 0.00000 
    9    9    1    1    1    1    1    1    1    1  6.64280E+06 1.00000 
   10   10    1    1    1    1    1    1    1    1  9.43406E+07 1.00000 
   11   11    1    1    1    1    1    1    1    1  0.00000E+00 0.00000 
   12   12    1    1    1    1    1    1    1    1  8.77278E+07 0.55577 
   13   13    1    1    1    1    1    1    1    1  2.79762E+08 0.55013 
   14   14    1    1    1    1    1    1    1    1  3.24057E+09 0.38841 
   15   15    1    1    1    1    1    1    1    1  2.46498E+09 0.36471 
   16   16    1    1    1    1    1    1    1    1  6.02755E+08 0.56778 
   17   17    1    1    1    1    1    1    1    1  2.52569E+09 0.27626 
   18   18    1    1    1    1    1    1    1    1  3.86987E+09 0.27821 
   19   19    1    1    1    1    1    1    1    1  3.74210E+09 0.23927 
   20   20    1    1    1    1    1    1    1    1  1.77162E+10 0.19284 
   21   21    1    1    1    1    1    1    1    1  1.60413E+10 0.10716 
   22   22    1    1    1    1    1    1    1    1  3.21501E+10 0.13049 
   23   23    1    1    1    1    1    1    1    1  5.87022E+10 0.06032 
   24   24    1    1    1    1    1    1    1    1  8.64384E+10 0.09145 
   25   25    1    1    1    1    1    1    1    1  1.15399E+11 0.04909 
   26   26    1    1    1    1    1    1    1    1  1.93117E+11 0.04566 
   27   27    1    1    1    1    1    1    1    1  3.50884E+11 0.03035 
   28   28    1    1    1    1    1    1    1    1  7.94928E+11 0.03125 
   29   29    1    1    1    1    1    1    1    1  1.28527E+12 0.01830 
   30   30    1    1    1    1    1    1    1    1  3.64083E+12 0.01248 
   31   31    1    1    1    1    1    1    1    1  1.12313E+13 0.00671 
   32   32    1    1    1    1    1    1    1    1  2.10718E+13 0.00569 
   33   33    1    1    1    1    1    1    1    1  5.09052E+13 0.00326 
   34   34    1    1    1    1    1    1    1    1  7.21663E+13 0.00291 
   35   35    1    1    1    1    1    1    1    1  9.25042E+13 0.00232 
   36   36    1    1    1    1    1    1    1    1  6.19692E+13 0.00265 
   37   37    1    1    1    1    1    1    1    1  1.88721E+13 0.00264 
   38   38    1    1    1    1    1    1    1    1  1.07104E+14 0.00226 
   39   39    1    1    1    1    1    1    1    1  1.45063E+14 0.00196 
   40   40    1    1    1    1    1    1    1    1  2.50809E+14 0.00197 
   41   41    1    1    1    1    1    1    1    1  2.53841E+14 0.00169 
   42   42    1    1    1    1    1    1    1    1  5.48048E+14 0.00104 
   43   43    1    1    1    1    1    1    1    1  6.71835E+14 0.00129 
   44   44    1    1    1    1    1    1    1    1  9.82595E+14 0.00113 
   45   45    1    1    1    1    1    1    1    1  1.97533E+15 0.00095 
   46   46    1    1    1    1    1    1    1    1  9.21658E+14 0.00092 
   47   47    1    1    1    1    1    1    1    1  1.49245E+15 0.00083 
   48   48    1    1    1    1    1    1    1    1  2.09254E+15 0.00087 
   49   49    1    1    1    1    1    1    1    1  2.08121E+15 0.00080 
   50   50    1    1    1    1    1    1    1    1  3.27070E+15 0.00062 
   51   51    1    1    1    1    1    1    1    1  2.60928E+15 0.00072 
   52   52    1    1    1    1    1    1    1    1  3.12701E+15 0.00068 
   53   53    1    1    1    1    1    1    1    1  2.17744E+15 0.00081 
   54   54    1    1    1    1    1    1    1    1  2.68054E+15 0.00072 
   55   55    1    1    1    1    1    1    1    1  1.84527E+15 0.00065 
   56   56    1    1    1    1    1    1    1    1  2.50816E+14 0.00110 
   57   57    1    1    1    1    1    1    1    1  3.67820E+15 0.00061 
   58   58    1    1    1    1    1    1    1    1  1.65110E+15 0.00080 
   59   59    1    1    1    1    1    1    1    1  1.75604E+15 0.00085 
   60   60    1    1    1    1    1    1    1    1  1.37395E+15 0.00094 
   61   61    1    1    1    1    1    1    1    1  1.37776E+15 0.00094 
   62   62    1    1    1    1    1    1    1    1  1.43816E+15 0.00079 
   63   63    1    1    1    1    1    1    1    1  1.21357E+15 0.00085 
   64   64    1    1    1    1    1    1    1    1  9.68354E+14 0.00084 
   65   65    1    1    1    1    1    1    1    1  9.61832E+14 0.00110 
   66   66    1    1    1    1    1    1    1    1  6.92560E+14 0.00097 
   67   67    1    1    1    1    1    1    1    1  5.63823E+14 0.00074 
   68   68    1    1    1    1    1    1    1    1  5.06023E+14 0.00110 
   69   69    1    1    1    1    1    1    1    1  6.07589E+14 0.00089 
   70   70    1    1    1    1    1    1    1    1  5.17697E+14 0.00131 
   71   71    1    1    1    1    1    1    1    1  9.38989E+14 0.00109 
   72   72    1    1    1    1    1    1    1    1  6.64392E+14 0.00142 
   73   73    1    1    1    1    1    1    1    1  4.99651E+14 0.00120 
   74   74    1    1    1    1    1    1    1    1  4.02838E+14 0.00100 
   75   75    1    1    1    1    1    1    1    1  3.35457E+14 0.00119 
   76   76    1    1    1    1    1    1    1    1  3.89910E+14 0.00148 
   77   77    1    1    1    1    1    1    1    1  3.09707E+14 0.00142 
   78   78    1    1    1    1    1    1    1    1  2.47245E+14 0.00176 
   79   79    1    1    1    1    1    1    1    1  2.55205E+14 0.00128 
   80   80    1    1    1    1    1    1    1    1  1.89321E+14 0.00175 
   81   81    1    1    1    1    1    1    1    1  1.46061E+14 0.00225 
   82   82    1    1    1    1    1    1    1    1  1.12369E+14 0.00202 
   83   83    1    1    1    1    1    1    1    1  1.05242E+14 0.00211 
   84   84    1    1    1    1    1    1    1    1  7.52938E+13 0.00312 
   85   85    1    1    1    1    1    1    1    1  5.43247E+13 0.00278 
   86   86    1    1    1    1    1    1    1    1  5.10174E+13 0.00346 
   87   87    1    1    1    1    1    1    1    1  3.12952E+13 0.00350 
   88   88    1    1    1    1    1    1    1    1  2.11310E+13 0.00378 
   89   89    1    1    1    1    1    1    1    1  1.21272E+13 0.00721 
   90   90    1    1    1    1    1    1    1    1  7.94806E+12 0.01053 
   91   91    1    1    1    1    1    1    1    1  4.09910E+12 0.01499 
   92   92    1    1    1    1    1    1    1    1  1.96546E+12 0.01777 
   93   93    1    1    1    1    1    1    1    1  9.52129E+11 0.02704 
   94   94    1    1    1    1    1    1    1    1  4.62299E+11 0.03136 
   95   95    1    1    1    1    1    1    1    1  2.25775E+11 0.04747 
   96   96    1    1    1    1    1    1    1    1  1.16225E+11 0.09685 
   97   97    1    1    1    1    1    1    1    1  4.81667E+10 0.09328 
   98   98    1    1    1    1    1    1    1    1  2.30608E+10 0.15218 
   99   99    1    1    1    1    1    1    1    1  1.16471E+10 0.23463 
  100  100    1    1    1    1    1    1    1    1  1.21245E+10 0.25960 
];


