
DETdpaspec = [
    1    1    1    1    1    1    1    1    1    1  0.00000E+00 0.00000 
    2    2    1    1    1    1    1    1    1    1  0.00000E+00 0.00000 
    3    3    1    1    1    1    1    1    1    1  0.00000E+00 0.00000 
    4    4    1    1    1    1    1    1    1    1  0.00000E+00 0.00000 
    5    5    1    1    1    1    1    1    1    1  0.00000E+00 0.00000 
    6    6    1    1    1    1    1    1    1    1  0.00000E+00 0.00000 
    7    7    1    1    1    1    1    1    1    1  0.00000E+00 0.00000 
    8    8    1    1    1    1    1    1    1    1  0.00000E+00 0.00000 
    9    9    1    1    1    1    1    1    1    1  7.54179E+06 1.00000 
   10   10    1    1    1    1    1    1    1    1  0.00000E+00 0.00000 
   11   11    1    1    1    1    1    1    1    1  4.59065E+08 0.49964 
   12   12    1    1    1    1    1    1    1    1  8.88012E+07 0.56783 
   13   13    1    1    1    1    1    1    1    1  1.11292E+09 0.43309 
   14   14    1    1    1    1    1    1    1    1  3.16999E+09 0.44461 
   15   15    1    1    1    1    1    1    1    1  6.51708E+09 0.38443 
   16   16    1    1    1    1    1    1    1    1  1.33832E+09 0.31765 
   17   17    1    1    1    1    1    1    1    1  2.26729E+09 0.28448 
   18   18    1    1    1    1    1    1    1    1  4.92309E+09 0.25213 
   19   19    1    1    1    1    1    1    1    1  6.02865E+09 0.21033 
   20   20    1    1    1    1    1    1    1    1  2.29910E+10 0.11007 
   21   21    1    1    1    1    1    1    1    1  1.82008E+10 0.13913 
   22   22    1    1    1    1    1    1    1    1  3.91850E+10 0.07898 
   23   23    1    1    1    1    1    1    1    1  7.03898E+10 0.06847 
   24   24    1    1    1    1    1    1    1    1  1.00048E+11 0.06928 
   25   25    1    1    1    1    1    1    1    1  1.23396E+11 0.04263 
   26   26    1    1    1    1    1    1    1    1  1.79102E+11 0.04647 
   27   27    1    1    1    1    1    1    1    1  3.25221E+11 0.03127 
   28   28    1    1    1    1    1    1    1    1  6.22363E+11 0.02139 
   29   29    1    1    1    1    1    1    1    1  8.69661E+11 0.02105 
   30   30    1    1    1    1    1    1    1    1  2.66523E+12 0.01423 
   31   31    1    1    1    1    1    1    1    1  8.31942E+12 0.00807 
   32   32    1    1    1    1    1    1    1    1  1.59675E+13 0.00506 
   33   33    1    1    1    1    1    1    1    1  3.67146E+13 0.00576 
   34   34    1    1    1    1    1    1    1    1  5.01696E+13 0.00402 
   35   35    1    1    1    1    1    1    1    1  7.07813E+13 0.00327 
   36   36    1    1    1    1    1    1    1    1  4.90760E+13 0.00237 
   37   37    1    1    1    1    1    1    1    1  1.54494E+13 0.00241 
   38   38    1    1    1    1    1    1    1    1  8.46960E+13 0.00261 
   39   39    1    1    1    1    1    1    1    1  1.14487E+14 0.00221 
   40   40    1    1    1    1    1    1    1    1  1.94584E+14 0.00190 
   41   41    1    1    1    1    1    1    1    1  2.02209E+14 0.00180 
   42   42    1    1    1    1    1    1    1    1  4.23869E+14 0.00130 
   43   43    1    1    1    1    1    1    1    1  5.13277E+14 0.00122 
   44   44    1    1    1    1    1    1    1    1  7.42737E+14 0.00108 
   45   45    1    1    1    1    1    1    1    1  1.45781E+15 0.00107 
   46   46    1    1    1    1    1    1    1    1  6.88172E+14 0.00109 
   47   47    1    1    1    1    1    1    1    1  1.12156E+15 0.00103 
   48   48    1    1    1    1    1    1    1    1  1.56291E+15 0.00068 
   49   49    1    1    1    1    1    1    1    1  1.55872E+15 0.00082 
   50   50    1    1    1    1    1    1    1    1  2.39874E+15 0.00092 
   51   51    1    1    1    1    1    1    1    1  1.94400E+15 0.00097 
   52   52    1    1    1    1    1    1    1    1  2.27174E+15 0.00091 
   53   53    1    1    1    1    1    1    1    1  1.58457E+15 0.00106 
   54   54    1    1    1    1    1    1    1    1  1.90294E+15 0.00101 
   55   55    1    1    1    1    1    1    1    1  1.31515E+15 0.00109 
   56   56    1    1    1    1    1    1    1    1  1.79831E+14 0.00146 
   57   57    1    1    1    1    1    1    1    1  2.61693E+15 0.00113 
   58   58    1    1    1    1    1    1    1    1  1.13901E+15 0.00132 
   59   59    1    1    1    1    1    1    1    1  1.21802E+15 0.00122 
   60   60    1    1    1    1    1    1    1    1  9.32518E+14 0.00145 
   61   61    1    1    1    1    1    1    1    1  9.37919E+14 0.00161 
   62   62    1    1    1    1    1    1    1    1  9.75092E+14 0.00152 
   63   63    1    1    1    1    1    1    1    1  8.15783E+14 0.00138 
   64   64    1    1    1    1    1    1    1    1  6.49334E+14 0.00165 
   65   65    1    1    1    1    1    1    1    1  6.44179E+14 0.00145 
   66   66    1    1    1    1    1    1    1    1  4.62400E+14 0.00191 
   67   67    1    1    1    1    1    1    1    1  3.78787E+14 0.00176 
   68   68    1    1    1    1    1    1    1    1  3.41620E+14 0.00118 
   69   69    1    1    1    1    1    1    1    1  4.09996E+14 0.00175 
   70   70    1    1    1    1    1    1    1    1  3.49848E+14 0.00170 
   71   71    1    1    1    1    1    1    1    1  6.45408E+14 0.00136 
   72   72    1    1    1    1    1    1    1    1  4.58480E+14 0.00152 
   73   73    1    1    1    1    1    1    1    1  3.42856E+14 0.00152 
   74   74    1    1    1    1    1    1    1    1  2.72417E+14 0.00196 
   75   75    1    1    1    1    1    1    1    1  2.22630E+14 0.00244 
   76   76    1    1    1    1    1    1    1    1  2.54511E+14 0.00159 
   77   77    1    1    1    1    1    1    1    1  1.98330E+14 0.00211 
   78   78    1    1    1    1    1    1    1    1  1.56280E+14 0.00241 
   79   79    1    1    1    1    1    1    1    1  1.59692E+14 0.00227 
   80   80    1    1    1    1    1    1    1    1  1.18051E+14 0.00206 
   81   81    1    1    1    1    1    1    1    1  9.05184E+13 0.00227 
   82   82    1    1    1    1    1    1    1    1  6.92181E+13 0.00347 
   83   83    1    1    1    1    1    1    1    1  6.50005E+13 0.00286 
   84   84    1    1    1    1    1    1    1    1  4.66783E+13 0.00385 
   85   85    1    1    1    1    1    1    1    1  3.35393E+13 0.00392 
   86   86    1    1    1    1    1    1    1    1  3.13611E+13 0.00512 
   87   87    1    1    1    1    1    1    1    1  1.95179E+13 0.00600 
   88   88    1    1    1    1    1    1    1    1  1.31521E+13 0.00751 
   89   89    1    1    1    1    1    1    1    1  7.58852E+12 0.01046 
   90   90    1    1    1    1    1    1    1    1  5.01889E+12 0.01165 
   91   91    1    1    1    1    1    1    1    1  2.54652E+12 0.01503 
   92   92    1    1    1    1    1    1    1    1  1.20135E+12 0.02407 
   93   93    1    1    1    1    1    1    1    1  6.17967E+11 0.02767 
   94   94    1    1    1    1    1    1    1    1  3.03933E+11 0.04312 
   95   95    1    1    1    1    1    1    1    1  1.39265E+11 0.05496 
   96   96    1    1    1    1    1    1    1    1  7.54479E+10 0.10524 
   97   97    1    1    1    1    1    1    1    1  2.94824E+10 0.16152 
   98   98    1    1    1    1    1    1    1    1  2.68091E+10 0.13649 
   99   99    1    1    1    1    1    1    1    1  7.54170E+09 0.27597 
  100  100    1    1    1    1    1    1    1    1  5.48701E+09 0.40728 
];


