
DETdpaspec = [
    1    1    1    1    1    1    1    1    1    1  0.00000E+00 0.00000 
    2    2    1    1    1    1    1    1    1    1  0.00000E+00 0.00000 
    3    3    1    1    1    1    1    1    1    1  0.00000E+00 0.00000 
    4    4    1    1    1    1    1    1    1    1  0.00000E+00 0.00000 
    5    5    1    1    1    1    1    1    1    1  0.00000E+00 0.00000 
    6    6    1    1    1    1    1    1    1    1  0.00000E+00 0.00000 
    7    7    1    1    1    1    1    1    1    1  0.00000E+00 0.00000 
    8    8    1    1    1    1    1    1    1    1  1.20482E+07 1.00000 
    9    9    1    1    1    1    1    1    1    1  0.00000E+00 0.00000 
   10   10    1    1    1    1    1    1    1    1  3.28199E+07 1.00000 
   11   11    1    1    1    1    1    1    1    1  1.31998E+08 1.00000 
   12   12    1    1    1    1    1    1    1    1  5.12449E+07 0.63992 
   13   13    1    1    1    1    1    1    1    1  5.89085E+08 0.76112 
   14   14    1    1    1    1    1    1    1    1  9.90576E+07 1.00000 
   15   15    1    1    1    1    1    1    1    1  1.66856E+09 0.62445 
   16   16    1    1    1    1    1    1    1    1  1.20073E+09 0.52263 
   17   17    1    1    1    1    1    1    1    1  2.99822E+09 0.32302 
   18   18    1    1    1    1    1    1    1    1  6.49719E+09 0.19757 
   19   19    1    1    1    1    1    1    1    1  6.80857E+09 0.25306 
   20   20    1    1    1    1    1    1    1    1  1.76427E+10 0.19541 
   21   21    1    1    1    1    1    1    1    1  1.33125E+10 0.17627 
   22   22    1    1    1    1    1    1    1    1  2.67656E+10 0.12708 
   23   23    1    1    1    1    1    1    1    1  6.06693E+10 0.09045 
   24   24    1    1    1    1    1    1    1    1  1.02369E+11 0.07102 
   25   25    1    1    1    1    1    1    1    1  1.37882E+11 0.06846 
   26   26    1    1    1    1    1    1    1    1  2.55983E+11 0.04103 
   27   27    1    1    1    1    1    1    1    1  5.80785E+11 0.02623 
   28   28    1    1    1    1    1    1    1    1  1.45819E+12 0.02187 
   29   29    1    1    1    1    1    1    1    1  2.64556E+12 0.01718 
   30   30    1    1    1    1    1    1    1    1  6.67150E+12 0.00795 
   31   31    1    1    1    1    1    1    1    1  1.86191E+13 0.00659 
   32   32    1    1    1    1    1    1    1    1  3.23762E+13 0.00438 
   33   33    1    1    1    1    1    1    1    1  7.51975E+13 0.00345 
   34   34    1    1    1    1    1    1    1    1  1.03409E+14 0.00194 
   35   35    1    1    1    1    1    1    1    1  1.20498E+14 0.00180 
   36   36    1    1    1    1    1    1    1    1  7.68558E+13 0.00168 
   37   37    1    1    1    1    1    1    1    1  2.29647E+13 0.00149 
   38   38    1    1    1    1    1    1    1    1  1.31433E+14 0.00109 
   39   39    1    1    1    1    1    1    1    1  1.77861E+14 0.00130 
   40   40    1    1    1    1    1    1    1    1  3.05618E+14 0.00143 
   41   41    1    1    1    1    1    1    1    1  3.02397E+14 0.00159 
   42   42    1    1    1    1    1    1    1    1  6.57731E+14 0.00115 
   43   43    1    1    1    1    1    1    1    1  7.99628E+14 0.00097 
   44   44    1    1    1    1    1    1    1    1  1.16021E+15 0.00101 
   45   45    1    1    1    1    1    1    1    1  2.32330E+15 0.00085 
   46   46    1    1    1    1    1    1    1    1  1.06412E+15 0.00081 
   47   47    1    1    1    1    1    1    1    1  1.70863E+15 0.00084 
   48   48    1    1    1    1    1    1    1    1  2.37661E+15 0.00067 
   49   49    1    1    1    1    1    1    1    1  2.34603E+15 0.00050 
   50   50    1    1    1    1    1    1    1    1  3.69127E+15 0.00044 
   51   51    1    1    1    1    1    1    1    1  2.89753E+15 0.00044 
   52   52    1    1    1    1    1    1    1    1  3.49477E+15 0.00060 
   53   53    1    1    1    1    1    1    1    1  2.41343E+15 0.00054 
   54   54    1    1    1    1    1    1    1    1  2.99384E+15 0.00062 
   55   55    1    1    1    1    1    1    1    1  2.05208E+15 0.00048 
   56   56    1    1    1    1    1    1    1    1  2.77886E+14 0.00092 
   57   57    1    1    1    1    1    1    1    1  4.07525E+15 0.00046 
   58   58    1    1    1    1    1    1    1    1  1.85004E+15 0.00054 
   59   59    1    1    1    1    1    1    1    1  1.95613E+15 0.00050 
   60   60    1    1    1    1    1    1    1    1  1.54193E+15 0.00057 
   61   61    1    1    1    1    1    1    1    1  1.54078E+15 0.00082 
   62   62    1    1    1    1    1    1    1    1  1.60851E+15 0.00085 
   63   63    1    1    1    1    1    1    1    1  1.35840E+15 0.00072 
   64   64    1    1    1    1    1    1    1    1  1.08031E+15 0.00081 
   65   65    1    1    1    1    1    1    1    1  1.07522E+15 0.00085 
   66   66    1    1    1    1    1    1    1    1  7.73206E+14 0.00094 
   67   67    1    1    1    1    1    1    1    1  6.26475E+14 0.00091 
   68   68    1    1    1    1    1    1    1    1  5.60506E+14 0.00095 
   69   69    1    1    1    1    1    1    1    1  6.71701E+14 0.00113 
   70   70    1    1    1    1    1    1    1    1  5.69768E+14 0.00110 
   71   71    1    1    1    1    1    1    1    1  1.02399E+15 0.00093 
   72   72    1    1    1    1    1    1    1    1  7.22298E+14 0.00098 
   73   73    1    1    1    1    1    1    1    1  5.44222E+14 0.00096 
   74   74    1    1    1    1    1    1    1    1  4.41812E+14 0.00136 
   75   75    1    1    1    1    1    1    1    1  3.69669E+14 0.00106 
   76   76    1    1    1    1    1    1    1    1  4.33184E+14 0.00140 
   77   77    1    1    1    1    1    1    1    1  3.46124E+14 0.00132 
   78   78    1    1    1    1    1    1    1    1  2.77615E+14 0.00143 
   79   79    1    1    1    1    1    1    1    1  2.87198E+14 0.00150 
   80   80    1    1    1    1    1    1    1    1  2.13645E+14 0.00193 
   81   81    1    1    1    1    1    1    1    1  1.65313E+14 0.00161 
   82   82    1    1    1    1    1    1    1    1  1.26657E+14 0.00240 
   83   83    1    1    1    1    1    1    1    1  1.18933E+14 0.00202 
   84   84    1    1    1    1    1    1    1    1  8.52085E+13 0.00291 
   85   85    1    1    1    1    1    1    1    1  6.14456E+13 0.00264 
   86   86    1    1    1    1    1    1    1    1  5.79586E+13 0.00360 
   87   87    1    1    1    1    1    1    1    1  3.52285E+13 0.00383 
   88   88    1    1    1    1    1    1    1    1  2.39564E+13 0.00424 
   89   89    1    1    1    1    1    1    1    1  1.35066E+13 0.00580 
   90   90    1    1    1    1    1    1    1    1  8.90068E+12 0.00735 
   91   91    1    1    1    1    1    1    1    1  4.58945E+12 0.01112 
   92   92    1    1    1    1    1    1    1    1  2.16925E+12 0.01231 
   93   93    1    1    1    1    1    1    1    1  1.05365E+12 0.01687 
   94   94    1    1    1    1    1    1    1    1  5.05599E+11 0.03010 
   95   95    1    1    1    1    1    1    1    1  2.36256E+11 0.03210 
   96   96    1    1    1    1    1    1    1    1  1.18671E+11 0.03832 
   97   97    1    1    1    1    1    1    1    1  5.53899E+10 0.09079 
   98   98    1    1    1    1    1    1    1    1  3.76571E+10 0.11297 
   99   99    1    1    1    1    1    1    1    1  1.23372E+10 0.30384 
  100  100    1    1    1    1    1    1    1    1  1.50298E+10 0.16625 
];


