
DETdpaspec = [
    1    1    1    1    1    1    1    1    1    1  0.00000E+00 0.00000 
    2    2    1    1    1    1    1    1    1    1  0.00000E+00 0.00000 
    3    3    1    1    1    1    1    1    1    1  0.00000E+00 0.00000 
    4    4    1    1    1    1    1    1    1    1  0.00000E+00 0.00000 
    5    5    1    1    1    1    1    1    1    1  0.00000E+00 0.00000 
    6    6    1    1    1    1    1    1    1    1  0.00000E+00 0.00000 
    7    7    1    1    1    1    1    1    1    1  0.00000E+00 0.00000 
    8    8    1    1    1    1    1    1    1    1  0.00000E+00 0.00000 
    9    9    1    1    1    1    1    1    1    1  7.34229E+06 1.00000 
   10   10    1    1    1    1    1    1    1    1  7.64855E+07 1.00000 
   11   11    1    1    1    1    1    1    1    1  4.42019E+07 1.00000 
   12   12    1    1    1    1    1    1    1    1  0.00000E+00 0.00000 
   13   13    1    1    1    1    1    1    1    1  9.38764E+08 0.42234 
   14   14    1    1    1    1    1    1    1    1  1.79264E+09 0.58413 
   15   15    1    1    1    1    1    1    1    1  3.48430E+09 0.37207 
   16   16    1    1    1    1    1    1    1    1  1.69730E+09 0.37405 
   17   17    1    1    1    1    1    1    1    1  1.90066E+09 0.30611 
   18   18    1    1    1    1    1    1    1    1  5.29605E+09 0.25459 
   19   19    1    1    1    1    1    1    1    1  4.02214E+09 0.18826 
   20   20    1    1    1    1    1    1    1    1  2.21127E+10 0.13871 
   21   21    1    1    1    1    1    1    1    1  1.53538E+10 0.13153 
   22   22    1    1    1    1    1    1    1    1  3.12987E+10 0.11921 
   23   23    1    1    1    1    1    1    1    1  4.44027E+10 0.06754 
   24   24    1    1    1    1    1    1    1    1  8.29934E+10 0.05991 
   25   25    1    1    1    1    1    1    1    1  1.08880E+11 0.06767 
   26   26    1    1    1    1    1    1    1    1  1.85248E+11 0.05427 
   27   27    1    1    1    1    1    1    1    1  3.29710E+11 0.04375 
   28   28    1    1    1    1    1    1    1    1  7.69391E+11 0.01762 
   29   29    1    1    1    1    1    1    1    1  1.30230E+12 0.01954 
   30   30    1    1    1    1    1    1    1    1  3.65519E+12 0.01122 
   31   31    1    1    1    1    1    1    1    1  1.15378E+13 0.00849 
   32   32    1    1    1    1    1    1    1    1  2.12732E+13 0.00478 
   33   33    1    1    1    1    1    1    1    1  5.12497E+13 0.00446 
   34   34    1    1    1    1    1    1    1    1  7.23713E+13 0.00286 
   35   35    1    1    1    1    1    1    1    1  9.26185E+13 0.00216 
   36   36    1    1    1    1    1    1    1    1  6.17707E+13 0.00196 
   37   37    1    1    1    1    1    1    1    1  1.88397E+13 0.00234 
   38   38    1    1    1    1    1    1    1    1  1.06922E+14 0.00168 
   39   39    1    1    1    1    1    1    1    1  1.44948E+14 0.00178 
   40   40    1    1    1    1    1    1    1    1  2.49546E+14 0.00126 
   41   41    1    1    1    1    1    1    1    1  2.52394E+14 0.00092 
   42   42    1    1    1    1    1    1    1    1  5.46619E+14 0.00099 
   43   43    1    1    1    1    1    1    1    1  6.68928E+14 0.00107 
   44   44    1    1    1    1    1    1    1    1  9.77819E+14 0.00100 
   45   45    1    1    1    1    1    1    1    1  1.96966E+15 0.00102 
   46   46    1    1    1    1    1    1    1    1  9.20624E+14 0.00073 
   47   47    1    1    1    1    1    1    1    1  1.49017E+15 0.00051 
   48   48    1    1    1    1    1    1    1    1  2.08833E+15 0.00060 
   49   49    1    1    1    1    1    1    1    1  2.07957E+15 0.00056 
   50   50    1    1    1    1    1    1    1    1  3.26335E+15 0.00058 
   51   51    1    1    1    1    1    1    1    1  2.60441E+15 0.00054 
   52   52    1    1    1    1    1    1    1    1  3.12274E+15 0.00052 
   53   53    1    1    1    1    1    1    1    1  2.17321E+15 0.00075 
   54   54    1    1    1    1    1    1    1    1  2.67098E+15 0.00061 
   55   55    1    1    1    1    1    1    1    1  1.83962E+15 0.00056 
   56   56    1    1    1    1    1    1    1    1  2.49985E+14 0.00101 
   57   57    1    1    1    1    1    1    1    1  3.66903E+15 0.00046 
   58   58    1    1    1    1    1    1    1    1  1.64571E+15 0.00057 
   59   59    1    1    1    1    1    1    1    1  1.74895E+15 0.00055 
   60   60    1    1    1    1    1    1    1    1  1.36728E+15 0.00071 
   61   61    1    1    1    1    1    1    1    1  1.37240E+15 0.00052 
   62   62    1    1    1    1    1    1    1    1  1.43257E+15 0.00054 
   63   63    1    1    1    1    1    1    1    1  1.20815E+15 0.00083 
   64   64    1    1    1    1    1    1    1    1  9.63243E+14 0.00091 
   65   65    1    1    1    1    1    1    1    1  9.57843E+14 0.00085 
   66   66    1    1    1    1    1    1    1    1  6.89955E+14 0.00094 
   67   67    1    1    1    1    1    1    1    1  5.61618E+14 0.00109 
   68   68    1    1    1    1    1    1    1    1  5.04031E+14 0.00103 
   69   69    1    1    1    1    1    1    1    1  6.05461E+14 0.00133 
   70   70    1    1    1    1    1    1    1    1  5.14820E+14 0.00101 
   71   71    1    1    1    1    1    1    1    1  9.36074E+14 0.00124 
   72   72    1    1    1    1    1    1    1    1  6.61927E+14 0.00126 
   73   73    1    1    1    1    1    1    1    1  4.97896E+14 0.00108 
   74   74    1    1    1    1    1    1    1    1  4.02069E+14 0.00129 
   75   75    1    1    1    1    1    1    1    1  3.34945E+14 0.00120 
   76   76    1    1    1    1    1    1    1    1  3.89685E+14 0.00140 
   77   77    1    1    1    1    1    1    1    1  3.08024E+14 0.00162 
   78   78    1    1    1    1    1    1    1    1  2.45895E+14 0.00177 
   79   79    1    1    1    1    1    1    1    1  2.53832E+14 0.00136 
   80   80    1    1    1    1    1    1    1    1  1.88766E+14 0.00176 
   81   81    1    1    1    1    1    1    1    1  1.45447E+14 0.00235 
   82   82    1    1    1    1    1    1    1    1  1.11434E+14 0.00221 
   83   83    1    1    1    1    1    1    1    1  1.04933E+14 0.00226 
   84   84    1    1    1    1    1    1    1    1  7.52969E+13 0.00270 
   85   85    1    1    1    1    1    1    1    1  5.43877E+13 0.00277 
   86   86    1    1    1    1    1    1    1    1  5.09491E+13 0.00342 
   87   87    1    1    1    1    1    1    1    1  3.12084E+13 0.00318 
   88   88    1    1    1    1    1    1    1    1  2.10996E+13 0.00558 
   89   89    1    1    1    1    1    1    1    1  1.20887E+13 0.00618 
   90   90    1    1    1    1    1    1    1    1  7.82917E+12 0.00675 
   91   91    1    1    1    1    1    1    1    1  4.01509E+12 0.01336 
   92   92    1    1    1    1    1    1    1    1  1.97091E+12 0.01900 
   93   93    1    1    1    1    1    1    1    1  9.37869E+11 0.02723 
   94   94    1    1    1    1    1    1    1    1  4.64353E+11 0.02884 
   95   95    1    1    1    1    1    1    1    1  2.14771E+11 0.05984 
   96   96    1    1    1    1    1    1    1    1  9.99955E+10 0.07600 
   97   97    1    1    1    1    1    1    1    1  5.70470E+10 0.08094 
   98   98    1    1    1    1    1    1    1    1  3.22817E+10 0.13415 
   99   99    1    1    1    1    1    1    1    1  1.28306E+10 0.17086 
  100  100    1    1    1    1    1    1    1    1  1.17233E+10 0.21346 
];


