
DETdpaspec = [
    1    1    1    1    1    1    1    1    1    1  0.00000E+00 0.00000 
    2    2    1    1    1    1    1    1    1    1  0.00000E+00 0.00000 
    3    3    1    1    1    1    1    1    1    1  0.00000E+00 0.00000 
    4    4    1    1    1    1    1    1    1    1  0.00000E+00 0.00000 
    5    5    1    1    1    1    1    1    1    1  0.00000E+00 0.00000 
    6    6    1    1    1    1    1    1    1    1  8.96143E+06 1.00000 
    7    7    1    1    1    1    1    1    1    1  1.04210E+07 1.00000 
    8    8    1    1    1    1    1    1    1    1  0.00000E+00 0.00000 
    9    9    1    1    1    1    1    1    1    1  1.29633E+07 1.00000 
   10   10    1    1    1    1    1    1    1    1  1.58858E+08 0.49051 
   11   11    1    1    1    1    1    1    1    1  0.00000E+00 0.00000 
   12   12    1    1    1    1    1    1    1    1  6.29196E+07 0.53261 
   13   13    1    1    1    1    1    1    1    1  7.96522E+08 0.59406 
   14   14    1    1    1    1    1    1    1    1  1.55675E+09 0.53452 
   15   15    1    1    1    1    1    1    1    1  4.96846E+09 0.34706 
   16   16    1    1    1    1    1    1    1    1  1.89608E+09 0.40597 
   17   17    1    1    1    1    1    1    1    1  1.93205E+09 0.27290 
   18   18    1    1    1    1    1    1    1    1  4.24276E+09 0.28490 
   19   19    1    1    1    1    1    1    1    1  3.69140E+09 0.21966 
   20   20    1    1    1    1    1    1    1    1  1.75050E+10 0.12596 
   21   21    1    1    1    1    1    1    1    1  1.68632E+10 0.14285 
   22   22    1    1    1    1    1    1    1    1  4.53772E+10 0.09401 
   23   23    1    1    1    1    1    1    1    1  5.05525E+10 0.08897 
   24   24    1    1    1    1    1    1    1    1  1.00235E+11 0.06146 
   25   25    1    1    1    1    1    1    1    1  1.09720E+11 0.05605 
   26   26    1    1    1    1    1    1    1    1  1.76788E+11 0.05290 
   27   27    1    1    1    1    1    1    1    1  3.30806E+11 0.03938 
   28   28    1    1    1    1    1    1    1    1  6.47977E+11 0.02210 
   29   29    1    1    1    1    1    1    1    1  1.02246E+12 0.01457 
   30   30    1    1    1    1    1    1    1    1  2.92920E+12 0.01475 
   31   31    1    1    1    1    1    1    1    1  9.45265E+12 0.00880 
   32   32    1    1    1    1    1    1    1    1  1.79121E+13 0.00536 
   33   33    1    1    1    1    1    1    1    1  4.30869E+13 0.00298 
   34   34    1    1    1    1    1    1    1    1  6.05605E+13 0.00333 
   35   35    1    1    1    1    1    1    1    1  8.14926E+13 0.00235 
   36   36    1    1    1    1    1    1    1    1  5.58065E+13 0.00175 
   37   37    1    1    1    1    1    1    1    1  1.72693E+13 0.00200 
   38   38    1    1    1    1    1    1    1    1  9.65211E+13 0.00168 
   39   39    1    1    1    1    1    1    1    1  1.30967E+14 0.00189 
   40   40    1    1    1    1    1    1    1    1  2.25003E+14 0.00181 
   41   41    1    1    1    1    1    1    1    1  2.30788E+14 0.00143 
   42   42    1    1    1    1    1    1    1    1  4.93876E+14 0.00115 
   43   43    1    1    1    1    1    1    1    1  6.02210E+14 0.00082 
   44   44    1    1    1    1    1    1    1    1  8.78296E+14 0.00091 
   45   45    1    1    1    1    1    1    1    1  1.75697E+15 0.00082 
   46   46    1    1    1    1    1    1    1    1  8.25806E+14 0.00082 
   47   47    1    1    1    1    1    1    1    1  1.34108E+15 0.00075 
   48   48    1    1    1    1    1    1    1    1  1.88199E+15 0.00051 
   49   49    1    1    1    1    1    1    1    1  1.87659E+15 0.00076 
   50   50    1    1    1    1    1    1    1    1  2.92629E+15 0.00095 
   51   51    1    1    1    1    1    1    1    1  2.35405E+15 0.00095 
   52   52    1    1    1    1    1    1    1    1  2.79773E+15 0.00080 
   53   53    1    1    1    1    1    1    1    1  1.94986E+15 0.00075 
   54   54    1    1    1    1    1    1    1    1  2.37852E+15 0.00078 
   55   55    1    1    1    1    1    1    1    1  1.63943E+15 0.00090 
   56   56    1    1    1    1    1    1    1    1  2.23513E+14 0.00114 
   57   57    1    1    1    1    1    1    1    1  3.26919E+15 0.00087 
   58   58    1    1    1    1    1    1    1    1  1.44992E+15 0.00106 
   59   59    1    1    1    1    1    1    1    1  1.54917E+15 0.00097 
   60   60    1    1    1    1    1    1    1    1  1.20070E+15 0.00085 
   61   61    1    1    1    1    1    1    1    1  1.20580E+15 0.00094 
   62   62    1    1    1    1    1    1    1    1  1.25663E+15 0.00091 
   63   63    1    1    1    1    1    1    1    1  1.05767E+15 0.00093 
   64   64    1    1    1    1    1    1    1    1  8.42734E+14 0.00125 
   65   65    1    1    1    1    1    1    1    1  8.37706E+14 0.00132 
   66   66    1    1    1    1    1    1    1    1  6.02793E+14 0.00125 
   67   67    1    1    1    1    1    1    1    1  4.92384E+14 0.00146 
   68   68    1    1    1    1    1    1    1    1  4.42921E+14 0.00146 
   69   69    1    1    1    1    1    1    1    1  5.32007E+14 0.00154 
   70   70    1    1    1    1    1    1    1    1  4.52943E+14 0.00109 
   71   71    1    1    1    1    1    1    1    1  8.29091E+14 0.00123 
   72   72    1    1    1    1    1    1    1    1  5.85412E+14 0.00108 
   73   73    1    1    1    1    1    1    1    1  4.40912E+14 0.00107 
   74   74    1    1    1    1    1    1    1    1  3.53044E+14 0.00159 
   75   75    1    1    1    1    1    1    1    1  2.91906E+14 0.00174 
   76   76    1    1    1    1    1    1    1    1  3.36431E+14 0.00150 
   77   77    1    1    1    1    1    1    1    1  2.65185E+14 0.00121 
   78   78    1    1    1    1    1    1    1    1  2.10989E+14 0.00140 
   79   79    1    1    1    1    1    1    1    1  2.17546E+14 0.00187 
   80   80    1    1    1    1    1    1    1    1  1.60592E+14 0.00219 
   81   81    1    1    1    1    1    1    1    1  1.23348E+14 0.00269 
   82   82    1    1    1    1    1    1    1    1  9.49156E+13 0.00201 
   83   83    1    1    1    1    1    1    1    1  8.86652E+13 0.00222 
   84   84    1    1    1    1    1    1    1    1  6.38414E+13 0.00359 
   85   85    1    1    1    1    1    1    1    1  4.59980E+13 0.00424 
   86   86    1    1    1    1    1    1    1    1  4.30831E+13 0.00381 
   87   87    1    1    1    1    1    1    1    1  2.67667E+13 0.00344 
   88   88    1    1    1    1    1    1    1    1  1.80165E+13 0.00709 
   89   89    1    1    1    1    1    1    1    1  1.03329E+13 0.00685 
   90   90    1    1    1    1    1    1    1    1  6.86688E+12 0.00808 
   91   91    1    1    1    1    1    1    1    1  3.36904E+12 0.01254 
   92   92    1    1    1    1    1    1    1    1  1.67805E+12 0.01619 
   93   93    1    1    1    1    1    1    1    1  8.13535E+11 0.02366 
   94   94    1    1    1    1    1    1    1    1  4.22951E+11 0.03514 
   95   95    1    1    1    1    1    1    1    1  1.91034E+11 0.06244 
   96   96    1    1    1    1    1    1    1    1  9.48559E+10 0.09195 
   97   97    1    1    1    1    1    1    1    1  4.66484E+10 0.12206 
   98   98    1    1    1    1    1    1    1    1  2.22853E+10 0.15635 
   99   99    1    1    1    1    1    1    1    1  9.33308E+09 0.22019 
  100  100    1    1    1    1    1    1    1    1  5.23283E+09 0.34928 
];


