
DETdpaspec = [
    1    1    1    1    1    1    1    1    1    1  0.00000E+00 0.00000 
    2    2    1    1    1    1    1    1    1    1  0.00000E+00 0.00000 
    3    3    1    1    1    1    1    1    1    1  0.00000E+00 0.00000 
    4    4    1    1    1    1    1    1    1    1  0.00000E+00 0.00000 
    5    5    1    1    1    1    1    1    1    1  0.00000E+00 0.00000 
    6    6    1    1    1    1    1    1    1    1  0.00000E+00 0.00000 
    7    7    1    1    1    1    1    1    1    1  0.00000E+00 0.00000 
    8    8    1    1    1    1    1    1    1    1  0.00000E+00 0.00000 
    9    9    1    1    1    1    1    1    1    1  0.00000E+00 0.00000 
   10   10    1    1    1    1    1    1    1    1  0.00000E+00 0.00000 
   11   11    1    1    1    1    1    1    1    1  0.00000E+00 0.00000 
   12   12    1    1    1    1    1    1    1    1  0.00000E+00 0.00000 
   13   13    1    1    1    1    1    1    1    1  0.00000E+00 0.00000 
   14   14    1    1    1    1    1    1    1    1  0.00000E+00 0.00000 
   15   15    1    1    1    1    1    1    1    1  0.00000E+00 0.00000 
   16   16    1    1    1    1    1    1    1    1  1.06984E+09 0.77628 
   17   17    1    1    1    1    1    1    1    1  7.90152E+08 0.68877 
   18   18    1    1    1    1    1    1    1    1  1.23309E+09 0.80358 
   19   19    1    1    1    1    1    1    1    1  2.74528E+09 0.46680 
   20   20    1    1    1    1    1    1    1    1  1.51614E+10 0.25090 
   21   21    1    1    1    1    1    1    1    1  8.31578E+10 0.06835 
   22   22    1    1    1    1    1    1    1    1  3.32092E+11 0.04104 
   23   23    1    1    1    1    1    1    1    1  1.04861E+12 0.02730 
   24   24    1    1    1    1    1    1    1    1  2.55566E+12 0.01613 
   25   25    1    1    1    1    1    1    1    1  3.54270E+12 0.01306 
   26   26    1    1    1    1    1    1    1    1  6.47931E+12 0.01267 
   27   27    1    1    1    1    1    1    1    1  1.06288E+13 0.00874 
   28   28    1    1    1    1    1    1    1    1  1.65343E+13 0.00625 
   29   29    1    1    1    1    1    1    1    1  2.32953E+13 0.00473 
   30   30    1    1    1    1    1    1    1    1  4.02871E+13 0.00382 
   31   31    1    1    1    1    1    1    1    1  7.06806E+13 0.00242 
   32   32    1    1    1    1    1    1    1    1  9.55578E+13 0.00319 
   33   33    1    1    1    1    1    1    1    1  1.74246E+14 0.00274 
   34   34    1    1    1    1    1    1    1    1  1.99785E+14 0.00204 
   35   35    1    1    1    1    1    1    1    1  1.91662E+14 0.00185 
   36   36    1    1    1    1    1    1    1    1  1.09203E+14 0.00184 
   37   37    1    1    1    1    1    1    1    1  3.15321E+13 0.00175 
   38   38    1    1    1    1    1    1    1    1  1.80942E+14 0.00168 
   39   39    1    1    1    1    1    1    1    1  2.36122E+14 0.00145 
   40   40    1    1    1    1    1    1    1    1  3.92663E+14 0.00178 
   41   41    1    1    1    1    1    1    1    1  3.70104E+14 0.00176 
   42   42    1    1    1    1    1    1    1    1  7.88235E+14 0.00140 
   43   43    1    1    1    1    1    1    1    1  9.21830E+14 0.00130 
   44   44    1    1    1    1    1    1    1    1  1.27879E+15 0.00154 
   45   45    1    1    1    1    1    1    1    1  2.40980E+15 0.00152 
   46   46    1    1    1    1    1    1    1    1  1.03674E+15 0.00147 
   47   47    1    1    1    1    1    1    1    1  1.62192E+15 0.00151 
   48   48    1    1    1    1    1    1    1    1  2.16852E+15 0.00139 
   49   49    1    1    1    1    1    1    1    1  2.07454E+15 0.00124 
   50   50    1    1    1    1    1    1    1    1  3.15131E+15 0.00158 
   51   51    1    1    1    1    1    1    1    1  2.36276E+15 0.00154 
   52   52    1    1    1    1    1    1    1    1  2.80270E+15 0.00128 
   53   53    1    1    1    1    1    1    1    1  1.87194E+15 0.00155 
   54   54    1    1    1    1    1    1    1    1  2.29191E+15 0.00160 
   55   55    1    1    1    1    1    1    1    1  1.53827E+15 0.00157 
   56   56    1    1    1    1    1    1    1    1  2.05798E+14 0.00182 
   57   57    1    1    1    1    1    1    1    1  2.98890E+15 0.00165 
   58   58    1    1    1    1    1    1    1    1  1.34315E+15 0.00189 
   59   59    1    1    1    1    1    1    1    1  1.39119E+15 0.00197 
   60   60    1    1    1    1    1    1    1    1  1.08902E+15 0.00184 
   61   61    1    1    1    1    1    1    1    1  1.07667E+15 0.00200 
   62   62    1    1    1    1    1    1    1    1  1.11221E+15 0.00178 
   63   63    1    1    1    1    1    1    1    1  9.24479E+14 0.00174 
   64   64    1    1    1    1    1    1    1    1  7.24898E+14 0.00215 
   65   65    1    1    1    1    1    1    1    1  7.11102E+14 0.00195 
   66   66    1    1    1    1    1    1    1    1  5.03476E+14 0.00172 
   67   67    1    1    1    1    1    1    1    1  4.04353E+14 0.00222 
   68   68    1    1    1    1    1    1    1    1  3.59175E+14 0.00228 
   69   69    1    1    1    1    1    1    1    1  4.25866E+14 0.00227 
   70   70    1    1    1    1    1    1    1    1  3.57150E+14 0.00250 
   71   71    1    1    1    1    1    1    1    1  6.22948E+14 0.00288 
   72   72    1    1    1    1    1    1    1    1  4.30197E+14 0.00244 
   73   73    1    1    1    1    1    1    1    1  3.19897E+14 0.00279 
   74   74    1    1    1    1    1    1    1    1  2.58796E+14 0.00281 
   75   75    1    1    1    1    1    1    1    1  2.16222E+14 0.00255 
   76   76    1    1    1    1    1    1    1    1  2.51920E+14 0.00246 
   77   77    1    1    1    1    1    1    1    1  2.00561E+14 0.00278 
   78   78    1    1    1    1    1    1    1    1  1.59919E+14 0.00288 
   79   79    1    1    1    1    1    1    1    1  1.64728E+14 0.00245 
   80   80    1    1    1    1    1    1    1    1  1.21022E+14 0.00298 
   81   81    1    1    1    1    1    1    1    1  9.23924E+13 0.00368 
   82   82    1    1    1    1    1    1    1    1  7.02766E+13 0.00301 
   83   83    1    1    1    1    1    1    1    1  6.49241E+13 0.00321 
   84   84    1    1    1    1    1    1    1    1  4.60244E+13 0.00382 
   85   85    1    1    1    1    1    1    1    1  3.28672E+13 0.00422 
   86   86    1    1    1    1    1    1    1    1  2.98901E+13 0.00413 
   87   87    1    1    1    1    1    1    1    1  1.80498E+13 0.00551 
   88   88    1    1    1    1    1    1    1    1  1.17357E+13 0.00692 
   89   89    1    1    1    1    1    1    1    1  6.63448E+12 0.00922 
   90   90    1    1    1    1    1    1    1    1  4.16376E+12 0.01093 
   91   91    1    1    1    1    1    1    1    1  1.98417E+12 0.01216 
   92   92    1    1    1    1    1    1    1    1  9.26276E+11 0.02624 
   93   93    1    1    1    1    1    1    1    1  4.42579E+11 0.03122 
   94   94    1    1    1    1    1    1    1    1  2.11386E+11 0.03995 
   95   95    1    1    1    1    1    1    1    1  9.70029E+10 0.04522 
   96   96    1    1    1    1    1    1    1    1  4.80596E+10 0.11142 
   97   97    1    1    1    1    1    1    1    1  1.99254E+10 0.09400 
   98   98    1    1    1    1    1    1    1    1  1.02531E+10 0.18118 
   99   99    1    1    1    1    1    1    1    1  1.42655E+09 0.37502 
  100  100    1    1    1    1    1    1    1    1  3.02540E+09 0.37516 
];


