
DETdpaspec = [
    1    1    1    1    1    1    1    1    1    1  0.00000E+00 0.00000 
    2    2    1    1    1    1    1    1    1    1  0.00000E+00 0.00000 
    3    3    1    1    1    1    1    1    1    1  0.00000E+00 0.00000 
    4    4    1    1    1    1    1    1    1    1  0.00000E+00 0.00000 
    5    5    1    1    1    1    1    1    1    1  0.00000E+00 0.00000 
    6    6    1    1    1    1    1    1    1    1  0.00000E+00 0.00000 
    7    7    1    1    1    1    1    1    1    1  2.96761E+07 1.00000 
    8    8    1    1    1    1    1    1    1    1  0.00000E+00 0.00000 
    9    9    1    1    1    1    1    1    1    1  2.09657E+07 0.69092 
   10   10    1    1    1    1    1    1    1    1  0.00000E+00 0.00000 
   11   11    1    1    1    1    1    1    1    1  0.00000E+00 0.00000 
   12   12    1    1    1    1    1    1    1    1  1.09429E+06 1.00000 
   13   13    1    1    1    1    1    1    1    1  2.04403E+09 0.40990 
   14   14    1    1    1    1    1    1    1    1  1.04624E+09 0.69948 
   15   15    1    1    1    1    1    1    1    1  5.60426E+09 0.30331 
   16   16    1    1    1    1    1    1    1    1  1.11470E+09 0.40201 
   17   17    1    1    1    1    1    1    1    1  2.56254E+09 0.18024 
   18   18    1    1    1    1    1    1    1    1  5.89952E+09 0.26452 
   19   19    1    1    1    1    1    1    1    1  7.52081E+09 0.13671 
   20   20    1    1    1    1    1    1    1    1  2.06644E+10 0.15379 
   21   21    1    1    1    1    1    1    1    1  1.55630E+10 0.13816 
   22   22    1    1    1    1    1    1    1    1  4.54359E+10 0.08688 
   23   23    1    1    1    1    1    1    1    1  5.78321E+10 0.10335 
   24   24    1    1    1    1    1    1    1    1  8.96733E+10 0.06299 
   25   25    1    1    1    1    1    1    1    1  1.13514E+11 0.06072 
   26   26    1    1    1    1    1    1    1    1  1.86359E+11 0.06452 
   27   27    1    1    1    1    1    1    1    1  3.28752E+11 0.04648 
   28   28    1    1    1    1    1    1    1    1  6.19754E+11 0.02453 
   29   29    1    1    1    1    1    1    1    1  8.78410E+11 0.02683 
   30   30    1    1    1    1    1    1    1    1  2.65729E+12 0.01661 
   31   31    1    1    1    1    1    1    1    1  8.39869E+12 0.01246 
   32   32    1    1    1    1    1    1    1    1  1.58857E+13 0.00719 
   33   33    1    1    1    1    1    1    1    1  3.70117E+13 0.00344 
   34   34    1    1    1    1    1    1    1    1  5.08543E+13 0.00231 
   35   35    1    1    1    1    1    1    1    1  7.15838E+13 0.00267 
   36   36    1    1    1    1    1    1    1    1  4.95768E+13 0.00264 
   37   37    1    1    1    1    1    1    1    1  1.54836E+13 0.00289 
   38   38    1    1    1    1    1    1    1    1  8.53897E+13 0.00288 
   39   39    1    1    1    1    1    1    1    1  1.15284E+14 0.00198 
   40   40    1    1    1    1    1    1    1    1  1.95888E+14 0.00180 
   41   41    1    1    1    1    1    1    1    1  2.03081E+14 0.00168 
   42   42    1    1    1    1    1    1    1    1  4.27263E+14 0.00186 
   43   43    1    1    1    1    1    1    1    1  5.18077E+14 0.00115 
   44   44    1    1    1    1    1    1    1    1  7.51824E+14 0.00078 
   45   45    1    1    1    1    1    1    1    1  1.47276E+15 0.00094 
   46   46    1    1    1    1    1    1    1    1  6.96110E+14 0.00070 
   47   47    1    1    1    1    1    1    1    1  1.13342E+15 0.00080 
   48   48    1    1    1    1    1    1    1    1  1.58196E+15 0.00100 
   49   49    1    1    1    1    1    1    1    1  1.57887E+15 0.00093 
   50   50    1    1    1    1    1    1    1    1  2.43359E+15 0.00079 
   51   51    1    1    1    1    1    1    1    1  1.96844E+15 0.00112 
   52   52    1    1    1    1    1    1    1    1  2.29981E+15 0.00072 
   53   53    1    1    1    1    1    1    1    1  1.60603E+15 0.00080 
   54   54    1    1    1    1    1    1    1    1  1.93170E+15 0.00064 
   55   55    1    1    1    1    1    1    1    1  1.33436E+15 0.00103 
   56   56    1    1    1    1    1    1    1    1  1.82501E+14 0.00125 
   57   57    1    1    1    1    1    1    1    1  2.66165E+15 0.00083 
   58   58    1    1    1    1    1    1    1    1  1.15911E+15 0.00100 
   59   59    1    1    1    1    1    1    1    1  1.23806E+15 0.00119 
   60   60    1    1    1    1    1    1    1    1  9.48198E+14 0.00115 
   61   61    1    1    1    1    1    1    1    1  9.53681E+14 0.00095 
   62   62    1    1    1    1    1    1    1    1  9.90739E+14 0.00112 
   63   63    1    1    1    1    1    1    1    1  8.31333E+14 0.00147 
   64   64    1    1    1    1    1    1    1    1  6.61012E+14 0.00138 
   65   65    1    1    1    1    1    1    1    1  6.56528E+14 0.00159 
   66   66    1    1    1    1    1    1    1    1  4.71415E+14 0.00164 
   67   67    1    1    1    1    1    1    1    1  3.85848E+14 0.00179 
   68   68    1    1    1    1    1    1    1    1  3.48182E+14 0.00170 
   69   69    1    1    1    1    1    1    1    1  4.17733E+14 0.00153 
   70   70    1    1    1    1    1    1    1    1  3.55763E+14 0.00179 
   71   71    1    1    1    1    1    1    1    1  6.56009E+14 0.00144 
   72   72    1    1    1    1    1    1    1    1  4.64805E+14 0.00147 
   73   73    1    1    1    1    1    1    1    1  3.49194E+14 0.00159 
   74   74    1    1    1    1    1    1    1    1  2.76246E+14 0.00226 
   75   75    1    1    1    1    1    1    1    1  2.26305E+14 0.00211 
   76   76    1    1    1    1    1    1    1    1  2.58883E+14 0.00156 
   77   77    1    1    1    1    1    1    1    1  2.02378E+14 0.00169 
   78   78    1    1    1    1    1    1    1    1  1.59364E+14 0.00275 
   79   79    1    1    1    1    1    1    1    1  1.63566E+14 0.00164 
   80   80    1    1    1    1    1    1    1    1  1.20555E+14 0.00236 
   81   81    1    1    1    1    1    1    1    1  9.24090E+13 0.00267 
   82   82    1    1    1    1    1    1    1    1  7.09655E+13 0.00227 
   83   83    1    1    1    1    1    1    1    1  6.62874E+13 0.00399 
   84   84    1    1    1    1    1    1    1    1  4.76301E+13 0.00305 
   85   85    1    1    1    1    1    1    1    1  3.45722E+13 0.00412 
   86   86    1    1    1    1    1    1    1    1  3.21566E+13 0.00426 
   87   87    1    1    1    1    1    1    1    1  1.99695E+13 0.00442 
   88   88    1    1    1    1    1    1    1    1  1.35229E+13 0.00670 
   89   89    1    1    1    1    1    1    1    1  7.66377E+12 0.00909 
   90   90    1    1    1    1    1    1    1    1  5.18309E+12 0.01029 
   91   91    1    1    1    1    1    1    1    1  2.68227E+12 0.01185 
   92   92    1    1    1    1    1    1    1    1  1.29418E+12 0.02857 
   93   93    1    1    1    1    1    1    1    1  6.14735E+11 0.02807 
   94   94    1    1    1    1    1    1    1    1  2.97462E+11 0.04087 
   95   95    1    1    1    1    1    1    1    1  1.40154E+11 0.06847 
   96   96    1    1    1    1    1    1    1    1  6.59035E+10 0.10216 
   97   97    1    1    1    1    1    1    1    1  4.82092E+10 0.09619 
   98   98    1    1    1    1    1    1    1    1  1.66753E+10 0.20539 
   99   99    1    1    1    1    1    1    1    1  6.88019E+09 0.30150 
  100  100    1    1    1    1    1    1    1    1  7.55402E+09 0.23137 
];


