
DETdpaspec = [
    1    1    1    1    1    1    1    1    1    1  0.00000E+00 0.00000 
    2    2    1    1    1    1    1    1    1    1  0.00000E+00 0.00000 
    3    3    1    1    1    1    1    1    1    1  6.55860E+06 1.00000 
    4    4    1    1    1    1    1    1    1    1  0.00000E+00 0.00000 
    5    5    1    1    1    1    1    1    1    1  0.00000E+00 0.00000 
    6    6    1    1    1    1    1    1    1    1  0.00000E+00 0.00000 
    7    7    1    1    1    1    1    1    1    1  1.46536E+07 1.00000 
    8    8    1    1    1    1    1    1    1    1  0.00000E+00 0.00000 
    9    9    1    1    1    1    1    1    1    1  7.30972E+06 1.00000 
   10   10    1    1    1    1    1    1    1    1  0.00000E+00 0.00000 
   11   11    1    1    1    1    1    1    1    1  4.64107E+07 1.00000 
   12   12    1    1    1    1    1    1    1    1  6.07994E+07 0.69066 
   13   13    1    1    1    1    1    1    1    1  8.44914E+08 0.48938 
   14   14    1    1    1    1    1    1    1    1  3.08010E+09 0.35196 
   15   15    1    1    1    1    1    1    1    1  2.51328E+09 0.42740 
   16   16    1    1    1    1    1    1    1    1  7.66856E+08 0.31363 
   17   17    1    1    1    1    1    1    1    1  1.16822E+09 0.34849 
   18   18    1    1    1    1    1    1    1    1  6.77058E+09 0.23049 
   19   19    1    1    1    1    1    1    1    1  7.38071E+09 0.13113 
   20   20    1    1    1    1    1    1    1    1  2.27597E+10 0.18009 
   21   21    1    1    1    1    1    1    1    1  1.49855E+10 0.14172 
   22   22    1    1    1    1    1    1    1    1  4.82006E+10 0.08225 
   23   23    1    1    1    1    1    1    1    1  6.28470E+10 0.08835 
   24   24    1    1    1    1    1    1    1    1  9.29286E+10 0.06007 
   25   25    1    1    1    1    1    1    1    1  1.26428E+11 0.04511 
   26   26    1    1    1    1    1    1    1    1  1.89895E+11 0.03995 
   27   27    1    1    1    1    1    1    1    1  3.44888E+11 0.03746 
   28   28    1    1    1    1    1    1    1    1  6.06471E+11 0.02264 
   29   29    1    1    1    1    1    1    1    1  8.99354E+11 0.01844 
   30   30    1    1    1    1    1    1    1    1  2.72550E+12 0.01296 
   31   31    1    1    1    1    1    1    1    1  8.70033E+12 0.01016 
   32   32    1    1    1    1    1    1    1    1  1.63177E+13 0.00666 
   33   33    1    1    1    1    1    1    1    1  3.86505E+13 0.00479 
   34   34    1    1    1    1    1    1    1    1  5.34975E+13 0.00280 
   35   35    1    1    1    1    1    1    1    1  7.44831E+13 0.00236 
   36   36    1    1    1    1    1    1    1    1  5.14108E+13 0.00197 
   37   37    1    1    1    1    1    1    1    1  1.60961E+13 0.00199 
   38   38    1    1    1    1    1    1    1    1  8.92152E+13 0.00177 
   39   39    1    1    1    1    1    1    1    1  1.20421E+14 0.00176 
   40   40    1    1    1    1    1    1    1    1  2.05535E+14 0.00133 
   41   41    1    1    1    1    1    1    1    1  2.12184E+14 0.00102 
   42   42    1    1    1    1    1    1    1    1  4.49532E+14 0.00096 
   43   43    1    1    1    1    1    1    1    1  5.46979E+14 0.00138 
   44   44    1    1    1    1    1    1    1    1  7.95059E+14 0.00105 
   45   45    1    1    1    1    1    1    1    1  1.57445E+15 0.00098 
   46   46    1    1    1    1    1    1    1    1  7.42181E+14 0.00112 
   47   47    1    1    1    1    1    1    1    1  1.20847E+15 0.00131 
   48   48    1    1    1    1    1    1    1    1  1.68841E+15 0.00099 
   49   49    1    1    1    1    1    1    1    1  1.68376E+15 0.00110 
   50   50    1    1    1    1    1    1    1    1  2.60436E+15 0.00063 
   51   51    1    1    1    1    1    1    1    1  2.10616E+15 0.00076 
   52   52    1    1    1    1    1    1    1    1  2.47627E+15 0.00097 
   53   53    1    1    1    1    1    1    1    1  1.72867E+15 0.00097 
   54   54    1    1    1    1    1    1    1    1  2.09022E+15 0.00099 
   55   55    1    1    1    1    1    1    1    1  1.44322E+15 0.00092 
   56   56    1    1    1    1    1    1    1    1  1.97141E+14 0.00155 
   57   57    1    1    1    1    1    1    1    1  2.87873E+15 0.00094 
   58   58    1    1    1    1    1    1    1    1  1.26100E+15 0.00123 
   59   59    1    1    1    1    1    1    1    1  1.34835E+15 0.00132 
   60   60    1    1    1    1    1    1    1    1  1.03710E+15 0.00123 
   61   61    1    1    1    1    1    1    1    1  1.04146E+15 0.00126 
   62   62    1    1    1    1    1    1    1    1  1.08528E+15 0.00148 
   63   63    1    1    1    1    1    1    1    1  9.10905E+14 0.00126 
   64   64    1    1    1    1    1    1    1    1  7.24996E+14 0.00133 
   65   65    1    1    1    1    1    1    1    1  7.19302E+14 0.00159 
   66   66    1    1    1    1    1    1    1    1  5.17039E+14 0.00134 
   67   67    1    1    1    1    1    1    1    1  4.23109E+14 0.00188 
   68   68    1    1    1    1    1    1    1    1  3.80791E+14 0.00160 
   69   69    1    1    1    1    1    1    1    1  4.57830E+14 0.00135 
   70   70    1    1    1    1    1    1    1    1  3.90226E+14 0.00154 
   71   71    1    1    1    1    1    1    1    1  7.15399E+14 0.00154 
   72   72    1    1    1    1    1    1    1    1  5.08113E+14 0.00169 
   73   73    1    1    1    1    1    1    1    1  3.81111E+14 0.00164 
   74   74    1    1    1    1    1    1    1    1  3.03233E+14 0.00186 
   75   75    1    1    1    1    1    1    1    1  2.49642E+14 0.00191 
   76   76    1    1    1    1    1    1    1    1  2.86184E+14 0.00197 
   77   77    1    1    1    1    1    1    1    1  2.23673E+14 0.00224 
   78   78    1    1    1    1    1    1    1    1  1.76796E+14 0.00165 
   79   79    1    1    1    1    1    1    1    1  1.81674E+14 0.00156 
   80   80    1    1    1    1    1    1    1    1  1.34404E+14 0.00212 
   81   81    1    1    1    1    1    1    1    1  1.02984E+14 0.00321 
   82   82    1    1    1    1    1    1    1    1  7.91707E+13 0.00318 
   83   83    1    1    1    1    1    1    1    1  7.40414E+13 0.00362 
   84   84    1    1    1    1    1    1    1    1  5.32148E+13 0.00330 
   85   85    1    1    1    1    1    1    1    1  3.84266E+13 0.00416 
   86   86    1    1    1    1    1    1    1    1  3.58907E+13 0.00500 
   87   87    1    1    1    1    1    1    1    1  2.21170E+13 0.00414 
   88   88    1    1    1    1    1    1    1    1  1.50408E+13 0.00600 
   89   89    1    1    1    1    1    1    1    1  8.44681E+12 0.00934 
   90   90    1    1    1    1    1    1    1    1  5.77497E+12 0.00851 
   91   91    1    1    1    1    1    1    1    1  2.91587E+12 0.01348 
   92   92    1    1    1    1    1    1    1    1  1.38279E+12 0.01909 
   93   93    1    1    1    1    1    1    1    1  6.80035E+11 0.03515 
   94   94    1    1    1    1    1    1    1    1  3.24754E+11 0.02284 
   95   95    1    1    1    1    1    1    1    1  1.61175E+11 0.06016 
   96   96    1    1    1    1    1    1    1    1  7.02997E+10 0.10380 
   97   97    1    1    1    1    1    1    1    1  2.75354E+10 0.12010 
   98   98    1    1    1    1    1    1    1    1  1.58338E+10 0.17592 
   99   99    1    1    1    1    1    1    1    1  7.79616E+09 0.31680 
  100  100    1    1    1    1    1    1    1    1  4.93483E+09 0.31805 
];


