
DETdpaspec = [
    1    1    1    1    1    1    1    1    1    1  0.00000E+00 0.00000 
    2    2    1    1    1    1    1    1    1    1  0.00000E+00 0.00000 
    3    3    1    1    1    1    1    1    1    1  0.00000E+00 0.00000 
    4    4    1    1    1    1    1    1    1    1  0.00000E+00 0.00000 
    5    5    1    1    1    1    1    1    1    1  0.00000E+00 0.00000 
    6    6    1    1    1    1    1    1    1    1  0.00000E+00 0.00000 
    7    7    1    1    1    1    1    1    1    1  1.57462E+07 1.00000 
    8    8    1    1    1    1    1    1    1    1  0.00000E+00 0.00000 
    9    9    1    1    1    1    1    1    1    1  1.50690E+07 0.69190 
   10   10    1    1    1    1    1    1    1    1  2.53373E+07 1.00000 
   11   11    1    1    1    1    1    1    1    1  9.93607E+07 0.68827 
   12   12    1    1    1    1    1    1    1    1  7.27810E+07 0.75194 
   13   13    1    1    1    1    1    1    1    1  4.14007E+08 0.53874 
   14   14    1    1    1    1    1    1    1    1  1.95457E+09 0.44139 
   15   15    1    1    1    1    1    1    1    1  1.38317E+09 0.37418 
   16   16    1    1    1    1    1    1    1    1  7.01867E+08 0.28940 
   17   17    1    1    1    1    1    1    1    1  1.88208E+09 0.40689 
   18   18    1    1    1    1    1    1    1    1  4.88192E+09 0.28944 
   19   19    1    1    1    1    1    1    1    1  9.25286E+09 0.14617 
   20   20    1    1    1    1    1    1    1    1  2.12505E+10 0.14251 
   21   21    1    1    1    1    1    1    1    1  1.76689E+10 0.11546 
   22   22    1    1    1    1    1    1    1    1  4.38943E+10 0.10902 
   23   23    1    1    1    1    1    1    1    1  5.74190E+10 0.06088 
   24   24    1    1    1    1    1    1    1    1  9.82730E+10 0.06013 
   25   25    1    1    1    1    1    1    1    1  1.21693E+11 0.05574 
   26   26    1    1    1    1    1    1    1    1  1.84725E+11 0.05233 
   27   27    1    1    1    1    1    1    1    1  3.11700E+11 0.03127 
   28   28    1    1    1    1    1    1    1    1  5.72719E+11 0.02799 
   29   29    1    1    1    1    1    1    1    1  8.37594E+11 0.02235 
   30   30    1    1    1    1    1    1    1    1  2.61311E+12 0.01556 
   31   31    1    1    1    1    1    1    1    1  8.43068E+12 0.00956 
   32   32    1    1    1    1    1    1    1    1  1.59342E+13 0.00490 
   33   33    1    1    1    1    1    1    1    1  3.72217E+13 0.00412 
   34   34    1    1    1    1    1    1    1    1  5.11931E+13 0.00305 
   35   35    1    1    1    1    1    1    1    1  7.21246E+13 0.00304 
   36   36    1    1    1    1    1    1    1    1  5.02017E+13 0.00260 
   37   37    1    1    1    1    1    1    1    1  1.56744E+13 0.00287 
   38   38    1    1    1    1    1    1    1    1  8.66551E+13 0.00244 
   39   39    1    1    1    1    1    1    1    1  1.16761E+14 0.00214 
   40   40    1    1    1    1    1    1    1    1  1.98221E+14 0.00248 
   41   41    1    1    1    1    1    1    1    1  2.04739E+14 0.00169 
   42   42    1    1    1    1    1    1    1    1  4.32060E+14 0.00160 
   43   43    1    1    1    1    1    1    1    1  5.25254E+14 0.00129 
   44   44    1    1    1    1    1    1    1    1  7.60327E+14 0.00094 
   45   45    1    1    1    1    1    1    1    1  1.49730E+15 0.00077 
   46   46    1    1    1    1    1    1    1    1  7.06854E+14 0.00071 
   47   47    1    1    1    1    1    1    1    1  1.14980E+15 0.00101 
   48   48    1    1    1    1    1    1    1    1  1.60582E+15 0.00099 
   49   49    1    1    1    1    1    1    1    1  1.60130E+15 0.00097 
   50   50    1    1    1    1    1    1    1    1  2.46883E+15 0.00089 
   51   51    1    1    1    1    1    1    1    1  1.99878E+15 0.00097 
   52   52    1    1    1    1    1    1    1    1  2.33953E+15 0.00096 
   53   53    1    1    1    1    1    1    1    1  1.63203E+15 0.00105 
   54   54    1    1    1    1    1    1    1    1  1.96430E+15 0.00108 
   55   55    1    1    1    1    1    1    1    1  1.35832E+15 0.00108 
   56   56    1    1    1    1    1    1    1    1  1.85280E+14 0.00140 
   57   57    1    1    1    1    1    1    1    1  2.70682E+15 0.00114 
   58   58    1    1    1    1    1    1    1    1  1.18069E+15 0.00112 
   59   59    1    1    1    1    1    1    1    1  1.26260E+15 0.00141 
   60   60    1    1    1    1    1    1    1    1  9.66352E+14 0.00116 
   61   61    1    1    1    1    1    1    1    1  9.71156E+14 0.00111 
   62   62    1    1    1    1    1    1    1    1  1.01024E+15 0.00119 
   63   63    1    1    1    1    1    1    1    1  8.46225E+14 0.00142 
   64   64    1    1    1    1    1    1    1    1  6.73882E+14 0.00117 
   65   65    1    1    1    1    1    1    1    1  6.67765E+14 0.00110 
   66   66    1    1    1    1    1    1    1    1  4.80696E+14 0.00159 
   67   67    1    1    1    1    1    1    1    1  3.93036E+14 0.00182 
   68   68    1    1    1    1    1    1    1    1  3.54363E+14 0.00168 
   69   69    1    1    1    1    1    1    1    1  4.24736E+14 0.00169 
   70   70    1    1    1    1    1    1    1    1  3.62282E+14 0.00188 
   71   71    1    1    1    1    1    1    1    1  6.67695E+14 0.00126 
   72   72    1    1    1    1    1    1    1    1  4.73902E+14 0.00183 
   73   73    1    1    1    1    1    1    1    1  3.55077E+14 0.00164 
   74   74    1    1    1    1    1    1    1    1  2.82218E+14 0.00173 
   75   75    1    1    1    1    1    1    1    1  2.31215E+14 0.00176 
   76   76    1    1    1    1    1    1    1    1  2.65243E+14 0.00180 
   77   77    1    1    1    1    1    1    1    1  2.07242E+14 0.00205 
   78   78    1    1    1    1    1    1    1    1  1.63532E+14 0.00240 
   79   79    1    1    1    1    1    1    1    1  1.67489E+14 0.00295 
   80   80    1    1    1    1    1    1    1    1  1.23581E+14 0.00273 
   81   81    1    1    1    1    1    1    1    1  9.47939E+13 0.00285 
   82   82    1    1    1    1    1    1    1    1  7.26786E+13 0.00290 
   83   83    1    1    1    1    1    1    1    1  6.77272E+13 0.00358 
   84   84    1    1    1    1    1    1    1    1  4.90894E+13 0.00351 
   85   85    1    1    1    1    1    1    1    1  3.51061E+13 0.00291 
   86   86    1    1    1    1    1    1    1    1  3.25365E+13 0.00413 
   87   87    1    1    1    1    1    1    1    1  2.04374E+13 0.00632 
   88   88    1    1    1    1    1    1    1    1  1.37432E+13 0.00815 
   89   89    1    1    1    1    1    1    1    1  7.93606E+12 0.00883 
   90   90    1    1    1    1    1    1    1    1  5.32782E+12 0.01005 
   91   91    1    1    1    1    1    1    1    1  2.63418E+12 0.01332 
   92   92    1    1    1    1    1    1    1    1  1.26852E+12 0.02425 
   93   93    1    1    1    1    1    1    1    1  6.40451E+11 0.03322 
   94   94    1    1    1    1    1    1    1    1  2.96906E+11 0.02774 
   95   95    1    1    1    1    1    1    1    1  1.35760E+11 0.06187 
   96   96    1    1    1    1    1    1    1    1  7.71493E+10 0.08149 
   97   97    1    1    1    1    1    1    1    1  3.24233E+10 0.14687 
   98   98    1    1    1    1    1    1    1    1  1.62578E+10 0.21450 
   99   99    1    1    1    1    1    1    1    1  7.54471E+09 0.33354 
  100  100    1    1    1    1    1    1    1    1  5.74600E+09 0.39091 
];


