
DETdpaspec = [
    1    1    1    1    1    1    1    1    1    1  0.00000E+00 0.00000 
    2    2    1    1    1    1    1    1    1    1  0.00000E+00 0.00000 
    3    3    1    1    1    1    1    1    1    1  0.00000E+00 0.00000 
    4    4    1    1    1    1    1    1    1    1  1.02675E+07 1.00000 
    5    5    1    1    1    1    1    1    1    1  0.00000E+00 0.00000 
    6    6    1    1    1    1    1    1    1    1  0.00000E+00 0.00000 
    7    7    1    1    1    1    1    1    1    1  0.00000E+00 0.00000 
    8    8    1    1    1    1    1    1    1    1  1.65112E+07 1.00000 
    9    9    1    1    1    1    1    1    1    1  0.00000E+00 0.00000 
   10   10    1    1    1    1    1    1    1    1  1.40687E+08 0.81391 
   11   11    1    1    1    1    1    1    1    1  1.35418E+08 0.73048 
   12   12    1    1    1    1    1    1    1    1  2.32873E+07 1.00000 
   13   13    1    1    1    1    1    1    1    1  3.83493E+08 0.50783 
   14   14    1    1    1    1    1    1    1    1  5.11439E+09 0.51452 
   15   15    1    1    1    1    1    1    1    1  3.55446E+09 0.34521 
   16   16    1    1    1    1    1    1    1    1  8.33563E+08 0.31619 
   17   17    1    1    1    1    1    1    1    1  3.56994E+09 0.28874 
   18   18    1    1    1    1    1    1    1    1  6.35786E+09 0.23959 
   19   19    1    1    1    1    1    1    1    1  6.57218E+09 0.16679 
   20   20    1    1    1    1    1    1    1    1  2.70002E+10 0.15211 
   21   21    1    1    1    1    1    1    1    1  1.24836E+10 0.10706 
   22   22    1    1    1    1    1    1    1    1  4.02623E+10 0.10046 
   23   23    1    1    1    1    1    1    1    1  6.76996E+10 0.08081 
   24   24    1    1    1    1    1    1    1    1  9.62013E+10 0.06993 
   25   25    1    1    1    1    1    1    1    1  1.18833E+11 0.05010 
   26   26    1    1    1    1    1    1    1    1  1.70631E+11 0.03739 
   27   27    1    1    1    1    1    1    1    1  3.18438E+11 0.04124 
   28   28    1    1    1    1    1    1    1    1  6.36056E+11 0.02890 
   29   29    1    1    1    1    1    1    1    1  9.72127E+11 0.02059 
   30   30    1    1    1    1    1    1    1    1  2.91572E+12 0.01197 
   31   31    1    1    1    1    1    1    1    1  9.25783E+12 0.00744 
   32   32    1    1    1    1    1    1    1    1  1.77624E+13 0.00607 
   33   33    1    1    1    1    1    1    1    1  4.26607E+13 0.00275 
   34   34    1    1    1    1    1    1    1    1  5.96039E+13 0.00277 
   35   35    1    1    1    1    1    1    1    1  8.02966E+13 0.00271 
   36   36    1    1    1    1    1    1    1    1  5.50076E+13 0.00204 
   37   37    1    1    1    1    1    1    1    1  1.69686E+13 0.00213 
   38   38    1    1    1    1    1    1    1    1  9.50312E+13 0.00223 
   39   39    1    1    1    1    1    1    1    1  1.29075E+14 0.00180 
   40   40    1    1    1    1    1    1    1    1  2.21631E+14 0.00143 
   41   41    1    1    1    1    1    1    1    1  2.27124E+14 0.00142 
   42   42    1    1    1    1    1    1    1    1  4.86194E+14 0.00145 
   43   43    1    1    1    1    1    1    1    1  5.94262E+14 0.00161 
   44   44    1    1    1    1    1    1    1    1  8.66633E+14 0.00120 
   45   45    1    1    1    1    1    1    1    1  1.73002E+15 0.00078 
   46   46    1    1    1    1    1    1    1    1  8.15014E+14 0.00061 
   47   47    1    1    1    1    1    1    1    1  1.32539E+15 0.00082 
   48   48    1    1    1    1    1    1    1    1  1.85667E+15 0.00071 
   49   49    1    1    1    1    1    1    1    1  1.85245E+15 0.00082 
   50   50    1    1    1    1    1    1    1    1  2.88227E+15 0.00084 
   51   51    1    1    1    1    1    1    1    1  2.32096E+15 0.00087 
   52   52    1    1    1    1    1    1    1    1  2.75122E+15 0.00072 
   53   53    1    1    1    1    1    1    1    1  1.91924E+15 0.00064 
   54   54    1    1    1    1    1    1    1    1  2.33711E+15 0.00082 
   55   55    1    1    1    1    1    1    1    1  1.61123E+15 0.00066 
   56   56    1    1    1    1    1    1    1    1  2.20032E+14 0.00077 
   57   57    1    1    1    1    1    1    1    1  3.21672E+15 0.00062 
   58   58    1    1    1    1    1    1    1    1  1.42257E+15 0.00103 
   59   59    1    1    1    1    1    1    1    1  1.51928E+15 0.00098 
   60   60    1    1    1    1    1    1    1    1  1.17633E+15 0.00087 
   61   61    1    1    1    1    1    1    1    1  1.18089E+15 0.00076 
   62   62    1    1    1    1    1    1    1    1  1.23074E+15 0.00086 
   63   63    1    1    1    1    1    1    1    1  1.03607E+15 0.00083 
   64   64    1    1    1    1    1    1    1    1  8.25259E+14 0.00093 
   65   65    1    1    1    1    1    1    1    1  8.20104E+14 0.00121 
   66   66    1    1    1    1    1    1    1    1  5.89966E+14 0.00098 
   67   67    1    1    1    1    1    1    1    1  4.82446E+14 0.00130 
   68   68    1    1    1    1    1    1    1    1  4.33884E+14 0.00167 
   69   69    1    1    1    1    1    1    1    1  5.19975E+14 0.00122 
   70   70    1    1    1    1    1    1    1    1  4.43347E+14 0.00140 
   71   71    1    1    1    1    1    1    1    1  8.10173E+14 0.00127 
   72   72    1    1    1    1    1    1    1    1  5.73631E+14 0.00140 
   73   73    1    1    1    1    1    1    1    1  4.32510E+14 0.00156 
   74   74    1    1    1    1    1    1    1    1  3.46000E+14 0.00164 
   75   75    1    1    1    1    1    1    1    1  2.85969E+14 0.00197 
   76   76    1    1    1    1    1    1    1    1  3.30512E+14 0.00164 
   77   77    1    1    1    1    1    1    1    1  2.59389E+14 0.00194 
   78   78    1    1    1    1    1    1    1    1  2.05950E+14 0.00138 
   79   79    1    1    1    1    1    1    1    1  2.11988E+14 0.00163 
   80   80    1    1    1    1    1    1    1    1  1.57507E+14 0.00211 
   81   81    1    1    1    1    1    1    1    1  1.20933E+14 0.00217 
   82   82    1    1    1    1    1    1    1    1  9.25721E+13 0.00234 
   83   83    1    1    1    1    1    1    1    1  8.64644E+13 0.00311 
   84   84    1    1    1    1    1    1    1    1  6.21968E+13 0.00287 
   85   85    1    1    1    1    1    1    1    1  4.51094E+13 0.00420 
   86   86    1    1    1    1    1    1    1    1  4.18524E+13 0.00360 
   87   87    1    1    1    1    1    1    1    1  2.58651E+13 0.00405 
   88   88    1    1    1    1    1    1    1    1  1.74963E+13 0.00385 
   89   89    1    1    1    1    1    1    1    1  1.01507E+13 0.00635 
   90   90    1    1    1    1    1    1    1    1  6.64736E+12 0.01034 
   91   91    1    1    1    1    1    1    1    1  3.27748E+12 0.01280 
   92   92    1    1    1    1    1    1    1    1  1.65585E+12 0.01699 
   93   93    1    1    1    1    1    1    1    1  7.97898E+11 0.02235 
   94   94    1    1    1    1    1    1    1    1  3.67877E+11 0.03187 
   95   95    1    1    1    1    1    1    1    1  1.66284E+11 0.06427 
   96   96    1    1    1    1    1    1    1    1  8.45785E+10 0.07813 
   97   97    1    1    1    1    1    1    1    1  3.99558E+10 0.12636 
   98   98    1    1    1    1    1    1    1    1  2.47277E+10 0.14557 
   99   99    1    1    1    1    1    1    1    1  5.21063E+09 0.20564 
  100  100    1    1    1    1    1    1    1    1  1.69435E+10 0.24262 
];


