
DETdpaspec = [
    1    1    1    1    1    1    1    1    1    1  0.00000E+00 0.00000 
    2    2    1    1    1    1    1    1    1    1  0.00000E+00 0.00000 
    3    3    1    1    1    1    1    1    1    1  0.00000E+00 0.00000 
    4    4    1    1    1    1    1    1    1    1  0.00000E+00 0.00000 
    5    5    1    1    1    1    1    1    1    1  0.00000E+00 0.00000 
    6    6    1    1    1    1    1    1    1    1  0.00000E+00 0.00000 
    7    7    1    1    1    1    1    1    1    1  9.01189E+06 1.00000 
    8    8    1    1    1    1    1    1    1    1  0.00000E+00 0.00000 
    9    9    1    1    1    1    1    1    1    1  0.00000E+00 0.00000 
   10   10    1    1    1    1    1    1    1    1  7.63379E+07 1.00000 
   11   11    1    1    1    1    1    1    1    1  2.39436E+08 0.50249 
   12   12    1    1    1    1    1    1    1    1  6.09539E+07 0.69101 
   13   13    1    1    1    1    1    1    1    1  7.76887E+08 0.70062 
   14   14    1    1    1    1    1    1    1    1  3.81918E+09 0.32690 
   15   15    1    1    1    1    1    1    1    1  9.39505E+08 0.37725 
   16   16    1    1    1    1    1    1    1    1  7.97861E+08 0.37959 
   17   17    1    1    1    1    1    1    1    1  2.37723E+09 0.30285 
   18   18    1    1    1    1    1    1    1    1  5.15807E+09 0.27506 
   19   19    1    1    1    1    1    1    1    1  8.42103E+09 0.15213 
   20   20    1    1    1    1    1    1    1    1  2.75538E+10 0.12336 
   21   21    1    1    1    1    1    1    1    1  1.79180E+10 0.14536 
   22   22    1    1    1    1    1    1    1    1  4.20678E+10 0.06409 
   23   23    1    1    1    1    1    1    1    1  5.02459E+10 0.10015 
   24   24    1    1    1    1    1    1    1    1  9.03659E+10 0.05371 
   25   25    1    1    1    1    1    1    1    1  1.19053E+11 0.06049 
   26   26    1    1    1    1    1    1    1    1  1.75940E+11 0.05383 
   27   27    1    1    1    1    1    1    1    1  3.30244E+11 0.03899 
   28   28    1    1    1    1    1    1    1    1  6.37747E+11 0.02402 
   29   29    1    1    1    1    1    1    1    1  8.66570E+11 0.01603 
   30   30    1    1    1    1    1    1    1    1  2.67405E+12 0.01140 
   31   31    1    1    1    1    1    1    1    1  8.30063E+12 0.01000 
   32   32    1    1    1    1    1    1    1    1  1.58854E+13 0.00786 
   33   33    1    1    1    1    1    1    1    1  3.62120E+13 0.00441 
   34   34    1    1    1    1    1    1    1    1  4.97212E+13 0.00284 
   35   35    1    1    1    1    1    1    1    1  7.04629E+13 0.00320 
   36   36    1    1    1    1    1    1    1    1  4.92134E+13 0.00302 
   37   37    1    1    1    1    1    1    1    1  1.54558E+13 0.00307 
   38   38    1    1    1    1    1    1    1    1  8.47591E+13 0.00289 
   39   39    1    1    1    1    1    1    1    1  1.14122E+14 0.00224 
   40   40    1    1    1    1    1    1    1    1  1.93586E+14 0.00203 
   41   41    1    1    1    1    1    1    1    1  2.01180E+14 0.00219 
   42   42    1    1    1    1    1    1    1    1  4.21539E+14 0.00146 
   43   43    1    1    1    1    1    1    1    1  5.09970E+14 0.00146 
   44   44    1    1    1    1    1    1    1    1  7.38521E+14 0.00105 
   45   45    1    1    1    1    1    1    1    1  1.44499E+15 0.00124 
   46   46    1    1    1    1    1    1    1    1  6.83306E+14 0.00105 
   47   47    1    1    1    1    1    1    1    1  1.11239E+15 0.00075 
   48   48    1    1    1    1    1    1    1    1  1.54896E+15 0.00085 
   49   49    1    1    1    1    1    1    1    1  1.54272E+15 0.00091 
   50   50    1    1    1    1    1    1    1    1  2.37329E+15 0.00070 
   51   51    1    1    1    1    1    1    1    1  1.92498E+15 0.00080 
   52   52    1    1    1    1    1    1    1    1  2.24717E+15 0.00071 
   53   53    1    1    1    1    1    1    1    1  1.56922E+15 0.00086 
   54   54    1    1    1    1    1    1    1    1  1.88183E+15 0.00086 
   55   55    1    1    1    1    1    1    1    1  1.30144E+15 0.00107 
   56   56    1    1    1    1    1    1    1    1  1.78295E+14 0.00105 
   57   57    1    1    1    1    1    1    1    1  2.59055E+15 0.00084 
   58   58    1    1    1    1    1    1    1    1  1.12547E+15 0.00102 
   59   59    1    1    1    1    1    1    1    1  1.20362E+15 0.00109 
   60   60    1    1    1    1    1    1    1    1  9.20603E+14 0.00084 
   61   61    1    1    1    1    1    1    1    1  9.28247E+14 0.00095 
   62   62    1    1    1    1    1    1    1    1  9.64198E+14 0.00083 
   63   63    1    1    1    1    1    1    1    1  8.06358E+14 0.00123 
   64   64    1    1    1    1    1    1    1    1  6.41835E+14 0.00129 
   65   65    1    1    1    1    1    1    1    1  6.35578E+14 0.00134 
   66   66    1    1    1    1    1    1    1    1  4.57492E+14 0.00129 
   67   67    1    1    1    1    1    1    1    1  3.74375E+14 0.00129 
   68   68    1    1    1    1    1    1    1    1  3.36886E+14 0.00170 
   69   69    1    1    1    1    1    1    1    1  4.04985E+14 0.00114 
   70   70    1    1    1    1    1    1    1    1  3.45508E+14 0.00158 
   71   71    1    1    1    1    1    1    1    1  6.35946E+14 0.00103 
   72   72    1    1    1    1    1    1    1    1  4.52745E+14 0.00148 
   73   73    1    1    1    1    1    1    1    1  3.38768E+14 0.00146 
   74   74    1    1    1    1    1    1    1    1  2.68986E+14 0.00190 
   75   75    1    1    1    1    1    1    1    1  2.20754E+14 0.00238 
   76   76    1    1    1    1    1    1    1    1  2.52345E+14 0.00190 
   77   77    1    1    1    1    1    1    1    1  1.95411E+14 0.00244 
   78   78    1    1    1    1    1    1    1    1  1.54563E+14 0.00196 
   79   79    1    1    1    1    1    1    1    1  1.57719E+14 0.00194 
   80   80    1    1    1    1    1    1    1    1  1.16278E+14 0.00221 
   81   81    1    1    1    1    1    1    1    1  8.91882E+13 0.00218 
   82   82    1    1    1    1    1    1    1    1  6.84287E+13 0.00269 
   83   83    1    1    1    1    1    1    1    1  6.40547E+13 0.00319 
   84   84    1    1    1    1    1    1    1    1  4.58650E+13 0.00398 
   85   85    1    1    1    1    1    1    1    1  3.32485E+13 0.00460 
   86   86    1    1    1    1    1    1    1    1  3.08616E+13 0.00314 
   87   87    1    1    1    1    1    1    1    1  1.90751E+13 0.00429 
   88   88    1    1    1    1    1    1    1    1  1.28295E+13 0.00613 
   89   89    1    1    1    1    1    1    1    1  7.42876E+12 0.00891 
   90   90    1    1    1    1    1    1    1    1  4.90075E+12 0.01072 
   91   91    1    1    1    1    1    1    1    1  2.49989E+12 0.01388 
   92   92    1    1    1    1    1    1    1    1  1.21564E+12 0.02563 
   93   93    1    1    1    1    1    1    1    1  5.91577E+11 0.02822 
   94   94    1    1    1    1    1    1    1    1  2.99534E+11 0.04483 
   95   95    1    1    1    1    1    1    1    1  1.45485E+11 0.04702 
   96   96    1    1    1    1    1    1    1    1  6.53651E+10 0.08248 
   97   97    1    1    1    1    1    1    1    1  2.83255E+10 0.11853 
   98   98    1    1    1    1    1    1    1    1  1.15836E+10 0.22020 
   99   99    1    1    1    1    1    1    1    1  8.82114E+09 0.20156 
  100  100    1    1    1    1    1    1    1    1  6.02057E+09 0.33373 
];


