
DETdpaspec = [
    1    1    1    1    1    1    1    1    1    1  0.00000E+00 0.00000 
    2    2    1    1    1    1    1    1    1    1  0.00000E+00 0.00000 
    3    3    1    1    1    1    1    1    1    1  0.00000E+00 0.00000 
    4    4    1    1    1    1    1    1    1    1  0.00000E+00 0.00000 
    5    5    1    1    1    1    1    1    1    1  0.00000E+00 0.00000 
    6    6    1    1    1    1    1    1    1    1  0.00000E+00 0.00000 
    7    7    1    1    1    1    1    1    1    1  0.00000E+00 0.00000 
    8    8    1    1    1    1    1    1    1    1  0.00000E+00 0.00000 
    9    9    1    1    1    1    1    1    1    1  0.00000E+00 0.00000 
   10   10    1    1    1    1    1    1    1    1  0.00000E+00 0.00000 
   11   11    1    1    1    1    1    1    1    1  0.00000E+00 0.00000 
   12   12    1    1    1    1    1    1    1    1  3.46837E+08 0.80615 
   13   13    1    1    1    1    1    1    1    1  1.08346E+09 0.83649 
   14   14    1    1    1    1    1    1    1    1  1.88907E+08 1.00000 
   15   15    1    1    1    1    1    1    1    1  0.00000E+00 0.00000 
   16   16    1    1    1    1    1    1    1    1  5.48891E+08 0.61693 
   17   17    1    1    1    1    1    1    1    1  2.08061E+09 0.39688 
   18   18    1    1    1    1    1    1    1    1  2.65918E+09 0.32680 
   19   19    1    1    1    1    1    1    1    1  2.98961E+09 0.35189 
   20   20    1    1    1    1    1    1    1    1  8.61391E+09 0.25619 
   21   21    1    1    1    1    1    1    1    1  1.10780E+10 0.18307 
   22   22    1    1    1    1    1    1    1    1  2.88699E+10 0.08679 
   23   23    1    1    1    1    1    1    1    1  8.89161E+10 0.04887 
   24   24    1    1    1    1    1    1    1    1  2.74248E+11 0.04529 
   25   25    1    1    1    1    1    1    1    1  4.83570E+11 0.03719 
   26   26    1    1    1    1    1    1    1    1  1.11696E+12 0.02448 
   27   27    1    1    1    1    1    1    1    1  2.44252E+12 0.01260 
   28   28    1    1    1    1    1    1    1    1  5.08591E+12 0.01067 
   29   29    1    1    1    1    1    1    1    1  8.74462E+12 0.00824 
   30   30    1    1    1    1    1    1    1    1  1.81717E+13 0.00552 
   31   31    1    1    1    1    1    1    1    1  4.09860E+13 0.00435 
   32   32    1    1    1    1    1    1    1    1  6.32497E+13 0.00277 
   33   33    1    1    1    1    1    1    1    1  1.31085E+14 0.00197 
   34   34    1    1    1    1    1    1    1    1  1.66037E+14 0.00205 
   35   35    1    1    1    1    1    1    1    1  1.73025E+14 0.00167 
   36   36    1    1    1    1    1    1    1    1  1.03733E+14 0.00206 
   37   37    1    1    1    1    1    1    1    1  3.02634E+13 0.00198 
   38   38    1    1    1    1    1    1    1    1  1.74207E+14 0.00170 
   39   39    1    1    1    1    1    1    1    1  2.31592E+14 0.00162 
   40   40    1    1    1    1    1    1    1    1  3.92744E+14 0.00093 
   41   41    1    1    1    1    1    1    1    1  3.78601E+14 0.00125 
   42   42    1    1    1    1    1    1    1    1  8.16232E+14 0.00107 
   43   43    1    1    1    1    1    1    1    1  9.76926E+14 0.00103 
   44   44    1    1    1    1    1    1    1    1  1.38885E+15 0.00070 
   45   45    1    1    1    1    1    1    1    1  2.71418E+15 0.00077 
   46   46    1    1    1    1    1    1    1    1  1.20719E+15 0.00057 
   47   47    1    1    1    1    1    1    1    1  1.91408E+15 0.00044 
   48   48    1    1    1    1    1    1    1    1  2.62016E+15 0.00048 
   49   49    1    1    1    1    1    1    1    1  2.54809E+15 0.00065 
   50   50    1    1    1    1    1    1    1    1  3.96120E+15 0.00067 
   51   51    1    1    1    1    1    1    1    1  3.04287E+15 0.00063 
   52   52    1    1    1    1    1    1    1    1  3.65896E+15 0.00062 
   53   53    1    1    1    1    1    1    1    1  2.49298E+15 0.00069 
   54   54    1    1    1    1    1    1    1    1  3.08856E+15 0.00059 
   55   55    1    1    1    1    1    1    1    1  2.10121E+15 0.00051 
   56   56    1    1    1    1    1    1    1    1  2.82541E+14 0.00101 
   57   57    1    1    1    1    1    1    1    1  4.13351E+15 0.00070 
   58   58    1    1    1    1    1    1    1    1  1.87780E+15 0.00078 
   59   59    1    1    1    1    1    1    1    1  1.96865E+15 0.00086 
   60   60    1    1    1    1    1    1    1    1  1.55252E+15 0.00101 
   61   61    1    1    1    1    1    1    1    1  1.54477E+15 0.00091 
   62   62    1    1    1    1    1    1    1    1  1.60665E+15 0.00097 
   63   63    1    1    1    1    1    1    1    1  1.35102E+15 0.00096 
   64   64    1    1    1    1    1    1    1    1  1.07121E+15 0.00108 
   65   65    1    1    1    1    1    1    1    1  1.05869E+15 0.00079 
   66   66    1    1    1    1    1    1    1    1  7.58312E+14 0.00093 
   67   67    1    1    1    1    1    1    1    1  6.11627E+14 0.00120 
   68   68    1    1    1    1    1    1    1    1  5.45491E+14 0.00134 
   69   69    1    1    1    1    1    1    1    1  6.51269E+14 0.00122 
   70   70    1    1    1    1    1    1    1    1  5.50667E+14 0.00127 
   71   71    1    1    1    1    1    1    1    1  9.76882E+14 0.00119 
   72   72    1    1    1    1    1    1    1    1  6.83556E+14 0.00131 
   73   73    1    1    1    1    1    1    1    1  5.12992E+14 0.00114 
   74   74    1    1    1    1    1    1    1    1  4.17167E+14 0.00161 
   75   75    1    1    1    1    1    1    1    1  3.50994E+14 0.00165 
   76   76    1    1    1    1    1    1    1    1  4.10640E+14 0.00148 
   77   77    1    1    1    1    1    1    1    1  3.28597E+14 0.00129 
   78   78    1    1    1    1    1    1    1    1  2.64103E+14 0.00131 
   79   79    1    1    1    1    1    1    1    1  2.74475E+14 0.00141 
   80   80    1    1    1    1    1    1    1    1  2.03642E+14 0.00144 
   81   81    1    1    1    1    1    1    1    1  1.56784E+14 0.00172 
   82   82    1    1    1    1    1    1    1    1  1.20500E+14 0.00197 
   83   83    1    1    1    1    1    1    1    1  1.12806E+14 0.00181 
   84   84    1    1    1    1    1    1    1    1  8.08803E+13 0.00269 
   85   85    1    1    1    1    1    1    1    1  5.78359E+13 0.00231 
   86   86    1    1    1    1    1    1    1    1  5.41443E+13 0.00292 
   87   87    1    1    1    1    1    1    1    1  3.32809E+13 0.00349 
   88   88    1    1    1    1    1    1    1    1  2.21762E+13 0.00388 
   89   89    1    1    1    1    1    1    1    1  1.25229E+13 0.00550 
   90   90    1    1    1    1    1    1    1    1  8.18005E+12 0.00802 
   91   91    1    1    1    1    1    1    1    1  4.10281E+12 0.00801 
   92   92    1    1    1    1    1    1    1    1  1.91634E+12 0.01223 
   93   93    1    1    1    1    1    1    1    1  9.08708E+11 0.02492 
   94   94    1    1    1    1    1    1    1    1  4.56046E+11 0.02883 
   95   95    1    1    1    1    1    1    1    1  2.02966E+11 0.04528 
   96   96    1    1    1    1    1    1    1    1  9.92057E+10 0.05985 
   97   97    1    1    1    1    1    1    1    1  5.58377E+10 0.07311 
   98   98    1    1    1    1    1    1    1    1  2.23444E+10 0.11364 
   99   99    1    1    1    1    1    1    1    1  9.30634E+09 0.23741 
  100  100    1    1    1    1    1    1    1    1  8.34232E+09 0.27501 
];


