
DETdpaspec = [
    1    1    1    1    1    1    1    1    1    1  0.00000E+00 0.00000 
    2    2    1    1    1    1    1    1    1    1  0.00000E+00 0.00000 
    3    3    1    1    1    1    1    1    1    1  0.00000E+00 0.00000 
    4    4    1    1    1    1    1    1    1    1  0.00000E+00 0.00000 
    5    5    1    1    1    1    1    1    1    1  0.00000E+00 0.00000 
    6    6    1    1    1    1    1    1    1    1  0.00000E+00 0.00000 
    7    7    1    1    1    1    1    1    1    1  0.00000E+00 0.00000 
    8    8    1    1    1    1    1    1    1    1  4.95624E+07 1.00000 
    9    9    1    1    1    1    1    1    1    1  0.00000E+00 0.00000 
   10   10    1    1    1    1    1    1    1    1  0.00000E+00 0.00000 
   11   11    1    1    1    1    1    1    1    1  3.10080E+08 1.00000 
   12   12    1    1    1    1    1    1    1    1  2.88662E+08 0.91024 
   13   13    1    1    1    1    1    1    1    1  8.27477E+07 1.00000 
   14   14    1    1    1    1    1    1    1    1  5.01393E+08 1.00000 
   15   15    1    1    1    1    1    1    1    1  2.19605E+09 0.57447 
   16   16    1    1    1    1    1    1    1    1  1.07213E+09 0.56680 
   17   17    1    1    1    1    1    1    1    1  1.81655E+09 0.52386 
   18   18    1    1    1    1    1    1    1    1  4.01252E+09 0.31923 
   19   19    1    1    1    1    1    1    1    1  4.53117E+09 0.26490 
   20   20    1    1    1    1    1    1    1    1  9.16980E+09 0.29196 
   21   21    1    1    1    1    1    1    1    1  1.27314E+10 0.16756 
   22   22    1    1    1    1    1    1    1    1  2.30146E+10 0.13535 
   23   23    1    1    1    1    1    1    1    1  7.80899E+10 0.08415 
   24   24    1    1    1    1    1    1    1    1  2.04261E+11 0.06649 
   25   25    1    1    1    1    1    1    1    1  3.70086E+11 0.04826 
   26   26    1    1    1    1    1    1    1    1  8.37628E+11 0.02559 
   27   27    1    1    1    1    1    1    1    1  1.90211E+12 0.01928 
   28   28    1    1    1    1    1    1    1    1  4.28082E+12 0.00943 
   29   29    1    1    1    1    1    1    1    1  7.44096E+12 0.00758 
   30   30    1    1    1    1    1    1    1    1  1.58589E+13 0.00389 
   31   31    1    1    1    1    1    1    1    1  3.69015E+13 0.00389 
   32   32    1    1    1    1    1    1    1    1  5.76583E+13 0.00351 
   33   33    1    1    1    1    1    1    1    1  1.21378E+14 0.00235 
   34   34    1    1    1    1    1    1    1    1  1.55553E+14 0.00168 
   35   35    1    1    1    1    1    1    1    1  1.64906E+14 0.00152 
   36   36    1    1    1    1    1    1    1    1  9.98386E+13 0.00172 
   37   37    1    1    1    1    1    1    1    1  2.92333E+13 0.00227 
   38   38    1    1    1    1    1    1    1    1  1.68431E+14 0.00185 
   39   39    1    1    1    1    1    1    1    1  2.24011E+14 0.00099 
   40   40    1    1    1    1    1    1    1    1  3.81404E+14 0.00131 
   41   41    1    1    1    1    1    1    1    1  3.68150E+14 0.00096 
   42   42    1    1    1    1    1    1    1    1  7.96051E+14 0.00077 
   43   43    1    1    1    1    1    1    1    1  9.53893E+14 0.00077 
   44   44    1    1    1    1    1    1    1    1  1.36215E+15 0.00076 
   45   45    1    1    1    1    1    1    1    1  2.67369E+15 0.00058 
   46   46    1    1    1    1    1    1    1    1  1.19418E+15 0.00077 
   47   47    1    1    1    1    1    1    1    1  1.89566E+15 0.00064 
   48   48    1    1    1    1    1    1    1    1  2.60062E+15 0.00058 
   49   49    1    1    1    1    1    1    1    1  2.53423E+15 0.00075 
   50   50    1    1    1    1    1    1    1    1  3.94745E+15 0.00061 
   51   51    1    1    1    1    1    1    1    1  3.04217E+15 0.00072 
   52   52    1    1    1    1    1    1    1    1  3.66233E+15 0.00061 
   53   53    1    1    1    1    1    1    1    1  2.50121E+15 0.00068 
   54   54    1    1    1    1    1    1    1    1  3.09626E+15 0.00060 
   55   55    1    1    1    1    1    1    1    1  2.11014E+15 0.00061 
   56   56    1    1    1    1    1    1    1    1  2.84173E+14 0.00079 
   57   57    1    1    1    1    1    1    1    1  4.15406E+15 0.00065 
   58   58    1    1    1    1    1    1    1    1  1.89056E+15 0.00066 
   59   59    1    1    1    1    1    1    1    1  1.98532E+15 0.00062 
   60   60    1    1    1    1    1    1    1    1  1.56561E+15 0.00059 
   61   61    1    1    1    1    1    1    1    1  1.55888E+15 0.00058 
   62   62    1    1    1    1    1    1    1    1  1.62319E+15 0.00065 
   63   63    1    1    1    1    1    1    1    1  1.36380E+15 0.00089 
   64   64    1    1    1    1    1    1    1    1  1.08169E+15 0.00107 
   65   65    1    1    1    1    1    1    1    1  1.07144E+15 0.00091 
   66   66    1    1    1    1    1    1    1    1  7.68390E+14 0.00093 
   67   67    1    1    1    1    1    1    1    1  6.20343E+14 0.00106 
   68   68    1    1    1    1    1    1    1    1  5.53519E+14 0.00118 
   69   69    1    1    1    1    1    1    1    1  6.61433E+14 0.00108 
   70   70    1    1    1    1    1    1    1    1  5.58010E+14 0.00117 
   71   71    1    1    1    1    1    1    1    1  9.91781E+14 0.00078 
   72   72    1    1    1    1    1    1    1    1  6.95132E+14 0.00098 
   73   73    1    1    1    1    1    1    1    1  5.23538E+14 0.00122 
   74   74    1    1    1    1    1    1    1    1  4.25600E+14 0.00193 
   75   75    1    1    1    1    1    1    1    1  3.56735E+14 0.00103 
   76   76    1    1    1    1    1    1    1    1  4.18629E+14 0.00113 
   77   77    1    1    1    1    1    1    1    1  3.35576E+14 0.00142 
   78   78    1    1    1    1    1    1    1    1  2.69817E+14 0.00132 
   79   79    1    1    1    1    1    1    1    1  2.80357E+14 0.00164 
   80   80    1    1    1    1    1    1    1    1  2.08088E+14 0.00161 
   81   81    1    1    1    1    1    1    1    1  1.60572E+14 0.00246 
   82   82    1    1    1    1    1    1    1    1  1.22614E+14 0.00241 
   83   83    1    1    1    1    1    1    1    1  1.14849E+14 0.00247 
   84   84    1    1    1    1    1    1    1    1  8.25000E+13 0.00284 
   85   85    1    1    1    1    1    1    1    1  5.94666E+13 0.00280 
   86   86    1    1    1    1    1    1    1    1  5.53663E+13 0.00226 
   87   87    1    1    1    1    1    1    1    1  3.37418E+13 0.00341 
   88   88    1    1    1    1    1    1    1    1  2.26633E+13 0.00578 
   89   89    1    1    1    1    1    1    1    1  1.30900E+13 0.00490 
   90   90    1    1    1    1    1    1    1    1  8.52209E+12 0.00573 
   91   91    1    1    1    1    1    1    1    1  4.18750E+12 0.01654 
   92   92    1    1    1    1    1    1    1    1  2.04327E+12 0.01830 
   93   93    1    1    1    1    1    1    1    1  9.92429E+11 0.02474 
   94   94    1    1    1    1    1    1    1    1  4.59269E+11 0.02896 
   95   95    1    1    1    1    1    1    1    1  2.25452E+11 0.04758 
   96   96    1    1    1    1    1    1    1    1  9.76595E+10 0.06932 
   97   97    1    1    1    1    1    1    1    1  5.29094E+10 0.09481 
   98   98    1    1    1    1    1    1    1    1  3.12029E+10 0.15406 
   99   99    1    1    1    1    1    1    1    1  2.06429E+10 0.15718 
  100  100    1    1    1    1    1    1    1    1  8.92828E+09 0.21305 
];


