
DETdpaspec = [
    1    1    1    1    1    1    1    1    1    1  0.00000E+00 0.00000 
    2    2    1    1    1    1    1    1    1    1  0.00000E+00 0.00000 
    3    3    1    1    1    1    1    1    1    1  0.00000E+00 0.00000 
    4    4    1    1    1    1    1    1    1    1  0.00000E+00 0.00000 
    5    5    1    1    1    1    1    1    1    1  0.00000E+00 0.00000 
    6    6    1    1    1    1    1    1    1    1  0.00000E+00 0.00000 
    7    7    1    1    1    1    1    1    1    1  1.15150E+07 1.00000 
    8    8    1    1    1    1    1    1    1    1  2.70366E+07 0.68865 
    9    9    1    1    1    1    1    1    1    1  2.58442E+07 0.75999 
   10   10    1    1    1    1    1    1    1    1  6.57814E+07 1.00000 
   11   11    1    1    1    1    1    1    1    1  8.22365E+07 0.69233 
   12   12    1    1    1    1    1    1    1    1  3.53829E+07 0.63088 
   13   13    1    1    1    1    1    1    1    1  6.68405E+08 0.43004 
   14   14    1    1    1    1    1    1    1    1  3.56379E+09 0.26899 
   15   15    1    1    1    1    1    1    1    1  3.77549E+09 0.26474 
   16   16    1    1    1    1    1    1    1    1  9.12558E+08 0.40657 
   17   17    1    1    1    1    1    1    1    1  2.02804E+09 0.30241 
   18   18    1    1    1    1    1    1    1    1  8.67101E+09 0.21433 
   19   19    1    1    1    1    1    1    1    1  7.01597E+09 0.19973 
   20   20    1    1    1    1    1    1    1    1  2.05509E+10 0.17946 
   21   21    1    1    1    1    1    1    1    1  1.24310E+10 0.18957 
   22   22    1    1    1    1    1    1    1    1  4.79774E+10 0.07923 
   23   23    1    1    1    1    1    1    1    1  5.75744E+10 0.07659 
   24   24    1    1    1    1    1    1    1    1  9.38184E+10 0.05957 
   25   25    1    1    1    1    1    1    1    1  1.26248E+11 0.02877 
   26   26    1    1    1    1    1    1    1    1  1.74184E+11 0.06229 
   27   27    1    1    1    1    1    1    1    1  3.08426E+11 0.05087 
   28   28    1    1    1    1    1    1    1    1  5.98336E+11 0.03190 
   29   29    1    1    1    1    1    1    1    1  8.53719E+11 0.02901 
   30   30    1    1    1    1    1    1    1    1  2.64352E+12 0.01390 
   31   31    1    1    1    1    1    1    1    1  8.37247E+12 0.00884 
   32   32    1    1    1    1    1    1    1    1  1.59601E+13 0.00733 
   33   33    1    1    1    1    1    1    1    1  3.72338E+13 0.00430 
   34   34    1    1    1    1    1    1    1    1  5.05797E+13 0.00382 
   35   35    1    1    1    1    1    1    1    1  7.12989E+13 0.00316 
   36   36    1    1    1    1    1    1    1    1  4.96019E+13 0.00268 
   37   37    1    1    1    1    1    1    1    1  1.56009E+13 0.00282 
   38   38    1    1    1    1    1    1    1    1  8.60520E+13 0.00244 
   39   39    1    1    1    1    1    1    1    1  1.15676E+14 0.00247 
   40   40    1    1    1    1    1    1    1    1  1.96524E+14 0.00185 
   41   41    1    1    1    1    1    1    1    1  2.03324E+14 0.00142 
   42   42    1    1    1    1    1    1    1    1  4.29174E+14 0.00152 
   43   43    1    1    1    1    1    1    1    1  5.21078E+14 0.00157 
   44   44    1    1    1    1    1    1    1    1  7.55402E+14 0.00095 
   45   45    1    1    1    1    1    1    1    1  1.48761E+15 0.00116 
   46   46    1    1    1    1    1    1    1    1  7.01921E+14 0.00113 
   47   47    1    1    1    1    1    1    1    1  1.14429E+15 0.00109 
   48   48    1    1    1    1    1    1    1    1  1.59669E+15 0.00105 
   49   49    1    1    1    1    1    1    1    1  1.59409E+15 0.00116 
   50   50    1    1    1    1    1    1    1    1  2.45279E+15 0.00109 
   51   51    1    1    1    1    1    1    1    1  1.98562E+15 0.00100 
   52   52    1    1    1    1    1    1    1    1  2.32197E+15 0.00113 
   53   53    1    1    1    1    1    1    1    1  1.62150E+15 0.00126 
   54   54    1    1    1    1    1    1    1    1  1.95010E+15 0.00113 
   55   55    1    1    1    1    1    1    1    1  1.34577E+15 0.00125 
   56   56    1    1    1    1    1    1    1    1  1.84293E+14 0.00170 
   57   57    1    1    1    1    1    1    1    1  2.68614E+15 0.00118 
   58   58    1    1    1    1    1    1    1    1  1.17051E+15 0.00120 
   59   59    1    1    1    1    1    1    1    1  1.25105E+15 0.00125 
   60   60    1    1    1    1    1    1    1    1  9.59580E+14 0.00109 
   61   61    1    1    1    1    1    1    1    1  9.64081E+14 0.00115 
   62   62    1    1    1    1    1    1    1    1  1.00287E+15 0.00107 
   63   63    1    1    1    1    1    1    1    1  8.39325E+14 0.00108 
   64   64    1    1    1    1    1    1    1    1  6.68161E+14 0.00125 
   65   65    1    1    1    1    1    1    1    1  6.62994E+14 0.00141 
   66   66    1    1    1    1    1    1    1    1  4.76039E+14 0.00167 
   67   67    1    1    1    1    1    1    1    1  3.90530E+14 0.00138 
   68   68    1    1    1    1    1    1    1    1  3.51063E+14 0.00138 
   69   69    1    1    1    1    1    1    1    1  4.22007E+14 0.00085 
   70   70    1    1    1    1    1    1    1    1  3.60475E+14 0.00145 
   71   71    1    1    1    1    1    1    1    1  6.62703E+14 0.00125 
   72   72    1    1    1    1    1    1    1    1  4.70230E+14 0.00137 
   73   73    1    1    1    1    1    1    1    1  3.52420E+14 0.00164 
   74   74    1    1    1    1    1    1    1    1  2.79432E+14 0.00155 
   75   75    1    1    1    1    1    1    1    1  2.29920E+14 0.00171 
   76   76    1    1    1    1    1    1    1    1  2.63517E+14 0.00155 
   77   77    1    1    1    1    1    1    1    1  2.04813E+14 0.00131 
   78   78    1    1    1    1    1    1    1    1  1.61262E+14 0.00215 
   79   79    1    1    1    1    1    1    1    1  1.66266E+14 0.00217 
   80   80    1    1    1    1    1    1    1    1  1.22322E+14 0.00267 
   81   81    1    1    1    1    1    1    1    1  9.39356E+13 0.00263 
   82   82    1    1    1    1    1    1    1    1  7.18491E+13 0.00290 
   83   83    1    1    1    1    1    1    1    1  6.72319E+13 0.00324 
   84   84    1    1    1    1    1    1    1    1  4.84954E+13 0.00362 
   85   85    1    1    1    1    1    1    1    1  3.47342E+13 0.00472 
   86   86    1    1    1    1    1    1    1    1  3.24356E+13 0.00361 
   87   87    1    1    1    1    1    1    1    1  2.01929E+13 0.00634 
   88   88    1    1    1    1    1    1    1    1  1.35870E+13 0.00395 
   89   89    1    1    1    1    1    1    1    1  7.81654E+12 0.00847 
   90   90    1    1    1    1    1    1    1    1  5.26751E+12 0.00850 
   91   91    1    1    1    1    1    1    1    1  2.63674E+12 0.01194 
   92   92    1    1    1    1    1    1    1    1  1.28366E+12 0.02201 
   93   93    1    1    1    1    1    1    1    1  6.52777E+11 0.01819 
   94   94    1    1    1    1    1    1    1    1  2.93884E+11 0.03088 
   95   95    1    1    1    1    1    1    1    1  1.55376E+11 0.05013 
   96   96    1    1    1    1    1    1    1    1  6.10615E+10 0.06554 
   97   97    1    1    1    1    1    1    1    1  3.29788E+10 0.15225 
   98   98    1    1    1    1    1    1    1    1  1.61730E+10 0.17251 
   99   99    1    1    1    1    1    1    1    1  7.26090E+09 0.25319 
  100  100    1    1    1    1    1    1    1    1  3.90718E+09 0.31741 
];


