
DETdpaspec = [
    1    1    1    1    1    1    1    1    1    1  0.00000E+00 0.00000 
    2    2    1    1    1    1    1    1    1    1  0.00000E+00 0.00000 
    3    3    1    1    1    1    1    1    1    1  0.00000E+00 0.00000 
    4    4    1    1    1    1    1    1    1    1  0.00000E+00 0.00000 
    5    5    1    1    1    1    1    1    1    1  0.00000E+00 0.00000 
    6    6    1    1    1    1    1    1    1    1  0.00000E+00 0.00000 
    7    7    1    1    1    1    1    1    1    1  1.47252E+07 1.00000 
    8    8    1    1    1    1    1    1    1    1  1.41030E+07 1.00000 
    9    9    1    1    1    1    1    1    1    1  8.62322E+06 1.00000 
   10   10    1    1    1    1    1    1    1    1  8.90816E+07 0.68831 
   11   11    1    1    1    1    1    1    1    1  0.00000E+00 0.00000 
   12   12    1    1    1    1    1    1    1    1  2.27318E+07 1.00000 
   13   13    1    1    1    1    1    1    1    1  5.86977E+08 0.61200 
   14   14    1    1    1    1    1    1    1    1  1.22961E+09 0.68526 
   15   15    1    1    1    1    1    1    1    1  3.72743E+09 0.38656 
   16   16    1    1    1    1    1    1    1    1  1.05133E+09 0.42602 
   17   17    1    1    1    1    1    1    1    1  2.35500E+09 0.26953 
   18   18    1    1    1    1    1    1    1    1  5.88567E+09 0.20420 
   19   19    1    1    1    1    1    1    1    1  5.75761E+09 0.20899 
   20   20    1    1    1    1    1    1    1    1  2.59533E+10 0.12984 
   21   21    1    1    1    1    1    1    1    1  1.98629E+10 0.10734 
   22   22    1    1    1    1    1    1    1    1  4.46046E+10 0.08807 
   23   23    1    1    1    1    1    1    1    1  6.66676E+10 0.08375 
   24   24    1    1    1    1    1    1    1    1  1.08970E+11 0.05521 
   25   25    1    1    1    1    1    1    1    1  1.21032E+11 0.07422 
   26   26    1    1    1    1    1    1    1    1  1.93762E+11 0.03573 
   27   27    1    1    1    1    1    1    1    1  3.22939E+11 0.03885 
   28   28    1    1    1    1    1    1    1    1  6.18071E+11 0.02839 
   29   29    1    1    1    1    1    1    1    1  8.67211E+11 0.02664 
   30   30    1    1    1    1    1    1    1    1  2.64502E+12 0.01614 
   31   31    1    1    1    1    1    1    1    1  8.22514E+12 0.00748 
   32   32    1    1    1    1    1    1    1    1  1.57423E+13 0.00535 
   33   33    1    1    1    1    1    1    1    1  3.64721E+13 0.00322 
   34   34    1    1    1    1    1    1    1    1  4.96162E+13 0.00369 
   35   35    1    1    1    1    1    1    1    1  7.02290E+13 0.00279 
   36   36    1    1    1    1    1    1    1    1  4.90373E+13 0.00343 
   37   37    1    1    1    1    1    1    1    1  1.54834E+13 0.00356 
   38   38    1    1    1    1    1    1    1    1  8.45592E+13 0.00343 
   39   39    1    1    1    1    1    1    1    1  1.13687E+14 0.00327 
   40   40    1    1    1    1    1    1    1    1  1.92891E+14 0.00246 
   41   41    1    1    1    1    1    1    1    1  1.99802E+14 0.00188 
   42   42    1    1    1    1    1    1    1    1  4.18398E+14 0.00147 
   43   43    1    1    1    1    1    1    1    1  5.07884E+14 0.00141 
   44   44    1    1    1    1    1    1    1    1  7.34930E+14 0.00128 
   45   45    1    1    1    1    1    1    1    1  1.44039E+15 0.00113 
   46   46    1    1    1    1    1    1    1    1  6.79260E+14 0.00141 
   47   47    1    1    1    1    1    1    1    1  1.10709E+15 0.00139 
   48   48    1    1    1    1    1    1    1    1  1.54372E+15 0.00126 
   49   49    1    1    1    1    1    1    1    1  1.53892E+15 0.00114 
   50   50    1    1    1    1    1    1    1    1  2.36551E+15 0.00102 
   51   51    1    1    1    1    1    1    1    1  1.91926E+15 0.00091 
   52   52    1    1    1    1    1    1    1    1  2.23900E+15 0.00099 
   53   53    1    1    1    1    1    1    1    1  1.56202E+15 0.00107 
   54   54    1    1    1    1    1    1    1    1  1.87298E+15 0.00103 
   55   55    1    1    1    1    1    1    1    1  1.29474E+15 0.00084 
   56   56    1    1    1    1    1    1    1    1  1.77483E+14 0.00155 
   57   57    1    1    1    1    1    1    1    1  2.57814E+15 0.00100 
   58   58    1    1    1    1    1    1    1    1  1.12011E+15 0.00120 
   59   59    1    1    1    1    1    1    1    1  1.19848E+15 0.00108 
   60   60    1    1    1    1    1    1    1    1  9.16407E+14 0.00101 
   61   61    1    1    1    1    1    1    1    1  9.22103E+14 0.00128 
   62   62    1    1    1    1    1    1    1    1  9.57811E+14 0.00113 
   63   63    1    1    1    1    1    1    1    1  8.01351E+14 0.00138 
   64   64    1    1    1    1    1    1    1    1  6.37281E+14 0.00129 
   65   65    1    1    1    1    1    1    1    1  6.31359E+14 0.00115 
   66   66    1    1    1    1    1    1    1    1  4.54494E+14 0.00156 
   67   67    1    1    1    1    1    1    1    1  3.72442E+14 0.00148 
   68   68    1    1    1    1    1    1    1    1  3.35666E+14 0.00184 
   69   69    1    1    1    1    1    1    1    1  4.02472E+14 0.00166 
   70   70    1    1    1    1    1    1    1    1  3.42877E+14 0.00175 
   71   71    1    1    1    1    1    1    1    1  6.33012E+14 0.00140 
   72   72    1    1    1    1    1    1    1    1  4.49126E+14 0.00164 
   73   73    1    1    1    1    1    1    1    1  3.37518E+14 0.00178 
   74   74    1    1    1    1    1    1    1    1  2.67382E+14 0.00162 
   75   75    1    1    1    1    1    1    1    1  2.18006E+14 0.00173 
   76   76    1    1    1    1    1    1    1    1  2.49119E+14 0.00144 
   77   77    1    1    1    1    1    1    1    1  1.94579E+14 0.00199 
   78   78    1    1    1    1    1    1    1    1  1.53197E+14 0.00235 
   79   79    1    1    1    1    1    1    1    1  1.56909E+14 0.00197 
   80   80    1    1    1    1    1    1    1    1  1.15458E+14 0.00160 
   81   81    1    1    1    1    1    1    1    1  8.89519E+13 0.00289 
   82   82    1    1    1    1    1    1    1    1  6.78608E+13 0.00384 
   83   83    1    1    1    1    1    1    1    1  6.34230E+13 0.00248 
   84   84    1    1    1    1    1    1    1    1  4.55037E+13 0.00454 
   85   85    1    1    1    1    1    1    1    1  3.27417E+13 0.00377 
   86   86    1    1    1    1    1    1    1    1  3.05690E+13 0.00414 
   87   87    1    1    1    1    1    1    1    1  1.91143E+13 0.00504 
   88   88    1    1    1    1    1    1    1    1  1.28865E+13 0.00662 
   89   89    1    1    1    1    1    1    1    1  7.44541E+12 0.00894 
   90   90    1    1    1    1    1    1    1    1  4.86315E+12 0.01169 
   91   91    1    1    1    1    1    1    1    1  2.46856E+12 0.01237 
   92   92    1    1    1    1    1    1    1    1  1.20707E+12 0.02926 
   93   93    1    1    1    1    1    1    1    1  6.03804E+11 0.02978 
   94   94    1    1    1    1    1    1    1    1  3.09391E+11 0.04735 
   95   95    1    1    1    1    1    1    1    1  1.47742E+11 0.04573 
   96   96    1    1    1    1    1    1    1    1  6.72846E+10 0.11085 
   97   97    1    1    1    1    1    1    1    1  2.81760E+10 0.14194 
   98   98    1    1    1    1    1    1    1    1  1.97075E+10 0.15141 
   99   99    1    1    1    1    1    1    1    1  4.86765E+09 0.35090 
  100  100    1    1    1    1    1    1    1    1  6.79465E+09 0.31460 
];


