
DETdpaspec = [
    1    1    1    1    1    1    1    1    1    1  0.00000E+00 0.00000 
    2    2    1    1    1    1    1    1    1    1  0.00000E+00 0.00000 
    3    3    1    1    1    1    1    1    1    1  0.00000E+00 0.00000 
    4    4    1    1    1    1    1    1    1    1  0.00000E+00 0.00000 
    5    5    1    1    1    1    1    1    1    1  0.00000E+00 0.00000 
    6    6    1    1    1    1    1    1    1    1  0.00000E+00 0.00000 
    7    7    1    1    1    1    1    1    1    1  8.74874E+06 1.00000 
    8    8    1    1    1    1    1    1    1    1  1.44970E+07 1.00000 
    9    9    1    1    1    1    1    1    1    1  1.97866E+07 0.71756 
   10   10    1    1    1    1    1    1    1    1  1.49521E+08 0.78030 
   11   11    1    1    1    1    1    1    1    1  1.26688E+08 0.54937 
   12   12    1    1    1    1    1    1    1    1  1.27926E+08 0.47920 
   13   13    1    1    1    1    1    1    1    1  1.09169E+09 0.52399 
   14   14    1    1    1    1    1    1    1    1  2.18213E+09 0.34193 
   15   15    1    1    1    1    1    1    1    1  3.54675E+09 0.34420 
   16   16    1    1    1    1    1    1    1    1  1.54554E+09 0.35425 
   17   17    1    1    1    1    1    1    1    1  2.79834E+09 0.20900 
   18   18    1    1    1    1    1    1    1    1  6.99524E+09 0.21395 
   19   19    1    1    1    1    1    1    1    1  5.97710E+09 0.23194 
   20   20    1    1    1    1    1    1    1    1  2.59654E+10 0.14299 
   21   21    1    1    1    1    1    1    1    1  1.86546E+10 0.12616 
   22   22    1    1    1    1    1    1    1    1  4.85218E+10 0.07448 
   23   23    1    1    1    1    1    1    1    1  6.79158E+10 0.07716 
   24   24    1    1    1    1    1    1    1    1  9.98988E+10 0.05454 
   25   25    1    1    1    1    1    1    1    1  1.18106E+11 0.04256 
   26   26    1    1    1    1    1    1    1    1  1.92207E+11 0.03492 
   27   27    1    1    1    1    1    1    1    1  3.09824E+11 0.05090 
   28   28    1    1    1    1    1    1    1    1  5.83869E+11 0.02550 
   29   29    1    1    1    1    1    1    1    1  8.37757E+11 0.02934 
   30   30    1    1    1    1    1    1    1    1  2.60692E+12 0.01479 
   31   31    1    1    1    1    1    1    1    1  8.26155E+12 0.01033 
   32   32    1    1    1    1    1    1    1    1  1.55383E+13 0.00803 
   33   33    1    1    1    1    1    1    1    1  3.55804E+13 0.00486 
   34   34    1    1    1    1    1    1    1    1  4.84023E+13 0.00384 
   35   35    1    1    1    1    1    1    1    1  6.85222E+13 0.00310 
   36   36    1    1    1    1    1    1    1    1  4.78738E+13 0.00295 
   37   37    1    1    1    1    1    1    1    1  1.51319E+13 0.00321 
   38   38    1    1    1    1    1    1    1    1  8.26821E+13 0.00244 
   39   39    1    1    1    1    1    1    1    1  1.11316E+14 0.00265 
   40   40    1    1    1    1    1    1    1    1  1.88414E+14 0.00244 
   41   41    1    1    1    1    1    1    1    1  1.95609E+14 0.00208 
   42   42    1    1    1    1    1    1    1    1  4.09318E+14 0.00202 
   43   43    1    1    1    1    1    1    1    1  4.96012E+14 0.00189 
   44   44    1    1    1    1    1    1    1    1  7.15492E+14 0.00170 
   45   45    1    1    1    1    1    1    1    1  1.39591E+15 0.00162 
   46   46    1    1    1    1    1    1    1    1  6.59787E+14 0.00140 
   47   47    1    1    1    1    1    1    1    1  1.07496E+15 0.00147 
   48   48    1    1    1    1    1    1    1    1  1.49692E+15 0.00112 
   49   49    1    1    1    1    1    1    1    1  1.49261E+15 0.00121 
   50   50    1    1    1    1    1    1    1    1  2.29095E+15 0.00109 
   51   51    1    1    1    1    1    1    1    1  1.85740E+15 0.00124 
   52   52    1    1    1    1    1    1    1    1  2.15870E+15 0.00141 
   53   53    1    1    1    1    1    1    1    1  1.50775E+15 0.00154 
   54   54    1    1    1    1    1    1    1    1  1.80313E+15 0.00134 
   55   55    1    1    1    1    1    1    1    1  1.24872E+15 0.00128 
   56   56    1    1    1    1    1    1    1    1  1.71005E+14 0.00166 
   57   57    1    1    1    1    1    1    1    1  2.48450E+15 0.00133 
   58   58    1    1    1    1    1    1    1    1  1.07575E+15 0.00119 
   59   59    1    1    1    1    1    1    1    1  1.15239E+15 0.00156 
   60   60    1    1    1    1    1    1    1    1  8.78850E+14 0.00120 
   61   61    1    1    1    1    1    1    1    1  8.84849E+14 0.00116 
   62   62    1    1    1    1    1    1    1    1  9.18797E+14 0.00087 
   63   63    1    1    1    1    1    1    1    1  7.69077E+14 0.00112 
   64   64    1    1    1    1    1    1    1    1  6.11414E+14 0.00135 
   65   65    1    1    1    1    1    1    1    1  6.06288E+14 0.00161 
   66   66    1    1    1    1    1    1    1    1  4.35315E+14 0.00152 
   67   67    1    1    1    1    1    1    1    1  3.56769E+14 0.00163 
   68   68    1    1    1    1    1    1    1    1  3.21607E+14 0.00159 
   69   69    1    1    1    1    1    1    1    1  3.86112E+14 0.00159 
   70   70    1    1    1    1    1    1    1    1  3.28864E+14 0.00212 
   71   71    1    1    1    1    1    1    1    1  6.08484E+14 0.00188 
   72   72    1    1    1    1    1    1    1    1  4.32541E+14 0.00177 
   73   73    1    1    1    1    1    1    1    1  3.23285E+14 0.00159 
   74   74    1    1    1    1    1    1    1    1  2.56048E+14 0.00174 
   75   75    1    1    1    1    1    1    1    1  2.08949E+14 0.00221 
   76   76    1    1    1    1    1    1    1    1  2.38710E+14 0.00223 
   77   77    1    1    1    1    1    1    1    1  1.85639E+14 0.00187 
   78   78    1    1    1    1    1    1    1    1  1.45913E+14 0.00226 
   79   79    1    1    1    1    1    1    1    1  1.49278E+14 0.00219 
   80   80    1    1    1    1    1    1    1    1  1.09836E+14 0.00308 
   81   81    1    1    1    1    1    1    1    1  8.40563E+13 0.00253 
   82   82    1    1    1    1    1    1    1    1  6.47177E+13 0.00359 
   83   83    1    1    1    1    1    1    1    1  6.03395E+13 0.00467 
   84   84    1    1    1    1    1    1    1    1  4.35639E+13 0.00343 
   85   85    1    1    1    1    1    1    1    1  3.12603E+13 0.00380 
   86   86    1    1    1    1    1    1    1    1  2.89144E+13 0.00433 
   87   87    1    1    1    1    1    1    1    1  1.81050E+13 0.00538 
   88   88    1    1    1    1    1    1    1    1  1.23025E+13 0.00500 
   89   89    1    1    1    1    1    1    1    1  6.99697E+12 0.00775 
   90   90    1    1    1    1    1    1    1    1  4.64583E+12 0.01237 
   91   91    1    1    1    1    1    1    1    1  2.33676E+12 0.01825 
   92   92    1    1    1    1    1    1    1    1  1.15250E+12 0.02186 
   93   93    1    1    1    1    1    1    1    1  5.52168E+11 0.02632 
   94   94    1    1    1    1    1    1    1    1  2.71169E+11 0.03880 
   95   95    1    1    1    1    1    1    1    1  1.39696E+11 0.05968 
   96   96    1    1    1    1    1    1    1    1  5.98217E+10 0.06613 
   97   97    1    1    1    1    1    1    1    1  3.36626E+10 0.16308 
   98   98    1    1    1    1    1    1    1    1  1.61413E+10 0.18148 
   99   99    1    1    1    1    1    1    1    1  7.39202E+09 0.30848 
  100  100    1    1    1    1    1    1    1    1  5.67799E+09 0.25649 
];


