
DETdpaspec = [
    1    1    1    1    1    1    1    1    1    1  0.00000E+00 0.00000 
    2    2    1    1    1    1    1    1    1    1  0.00000E+00 0.00000 
    3    3    1    1    1    1    1    1    1    1  0.00000E+00 0.00000 
    4    4    1    1    1    1    1    1    1    1  0.00000E+00 0.00000 
    5    5    1    1    1    1    1    1    1    1  0.00000E+00 0.00000 
    6    6    1    1    1    1    1    1    1    1  0.00000E+00 0.00000 
    7    7    1    1    1    1    1    1    1    1  0.00000E+00 0.00000 
    8    8    1    1    1    1    1    1    1    1  0.00000E+00 0.00000 
    9    9    1    1    1    1    1    1    1    1  0.00000E+00 0.00000 
   10   10    1    1    1    1    1    1    1    1  0.00000E+00 0.00000 
   11   11    1    1    1    1    1    1    1    1  0.00000E+00 0.00000 
   12   12    1    1    1    1    1    1    1    1  3.84788E+08 1.00000 
   13   13    1    1    1    1    1    1    1    1  7.80031E+08 1.00000 
   14   14    1    1    1    1    1    1    1    1  0.00000E+00 0.00000 
   15   15    1    1    1    1    1    1    1    1  9.00034E+08 1.00000 
   16   16    1    1    1    1    1    1    1    1  9.25702E+07 1.00000 
   17   17    1    1    1    1    1    1    1    1  7.34721E+08 0.59395 
   18   18    1    1    1    1    1    1    1    1  3.10723E+09 0.41923 
   19   19    1    1    1    1    1    1    1    1  4.26276E+08 0.51347 
   20   20    1    1    1    1    1    1    1    1  6.08311E+09 0.32193 
   21   21    1    1    1    1    1    1    1    1  3.34029E+10 0.09342 
   22   22    1    1    1    1    1    1    1    1  1.34234E+11 0.07197 
   23   23    1    1    1    1    1    1    1    1  5.72372E+11 0.03339 
   24   24    1    1    1    1    1    1    1    1  1.59286E+12 0.02267 
   25   25    1    1    1    1    1    1    1    1  2.32523E+12 0.01445 
   26   26    1    1    1    1    1    1    1    1  4.57377E+12 0.00862 
   27   27    1    1    1    1    1    1    1    1  8.21122E+12 0.00752 
   28   28    1    1    1    1    1    1    1    1  1.39188E+13 0.00672 
   29   29    1    1    1    1    1    1    1    1  2.03969E+13 0.00466 
   30   30    1    1    1    1    1    1    1    1  3.66501E+13 0.00464 
   31   31    1    1    1    1    1    1    1    1  6.80139E+13 0.00360 
   32   32    1    1    1    1    1    1    1    1  9.47250E+13 0.00267 
   33   33    1    1    1    1    1    1    1    1  1.77615E+14 0.00164 
   34   34    1    1    1    1    1    1    1    1  2.08621E+14 0.00142 
   35   35    1    1    1    1    1    1    1    1  2.03730E+14 0.00124 
   36   36    1    1    1    1    1    1    1    1  1.17466E+14 0.00145 
   37   37    1    1    1    1    1    1    1    1  3.39889E+13 0.00196 
   38   38    1    1    1    1    1    1    1    1  1.95034E+14 0.00158 
   39   39    1    1    1    1    1    1    1    1  2.55482E+14 0.00124 
   40   40    1    1    1    1    1    1    1    1  4.26985E+14 0.00096 
   41   41    1    1    1    1    1    1    1    1  4.04355E+14 0.00086 
   42   42    1    1    1    1    1    1    1    1  8.64031E+14 0.00098 
   43   43    1    1    1    1    1    1    1    1  1.01591E+15 0.00075 
   44   44    1    1    1    1    1    1    1    1  1.42111E+15 0.00082 
   45   45    1    1    1    1    1    1    1    1  2.70806E+15 0.00054 
   46   46    1    1    1    1    1    1    1    1  1.17672E+15 0.00077 
   47   47    1    1    1    1    1    1    1    1  1.84562E+15 0.00066 
   48   48    1    1    1    1    1    1    1    1  2.48461E+15 0.00081 
   49   49    1    1    1    1    1    1    1    1  2.38751E+15 0.00078 
   50   50    1    1    1    1    1    1    1    1  3.65719E+15 0.00074 
   51   51    1    1    1    1    1    1    1    1  2.76704E+15 0.00091 
   52   52    1    1    1    1    1    1    1    1  3.29491E+15 0.00090 
   53   53    1    1    1    1    1    1    1    1  2.21416E+15 0.00098 
   54   54    1    1    1    1    1    1    1    1  2.72320E+15 0.00079 
   55   55    1    1    1    1    1    1    1    1  1.83569E+15 0.00091 
   56   56    1    1    1    1    1    1    1    1  2.46254E+14 0.00091 
   57   57    1    1    1    1    1    1    1    1  3.58000E+15 0.00066 
   58   58    1    1    1    1    1    1    1    1  1.61744E+15 0.00064 
   59   59    1    1    1    1    1    1    1    1  1.68116E+15 0.00083 
   60   60    1    1    1    1    1    1    1    1  1.32099E+15 0.00080 
   61   61    1    1    1    1    1    1    1    1  1.30808E+15 0.00104 
   62   62    1    1    1    1    1    1    1    1  1.35487E+15 0.00082 
   63   63    1    1    1    1    1    1    1    1  1.13154E+15 0.00086 
   64   64    1    1    1    1    1    1    1    1  8.90735E+14 0.00105 
   65   65    1    1    1    1    1    1    1    1  8.75451E+14 0.00090 
   66   66    1    1    1    1    1    1    1    1  6.23331E+14 0.00087 
   67   67    1    1    1    1    1    1    1    1  5.00379E+14 0.00122 
   68   68    1    1    1    1    1    1    1    1  4.45117E+14 0.00108 
   69   69    1    1    1    1    1    1    1    1  5.27886E+14 0.00099 
   70   70    1    1    1    1    1    1    1    1  4.44180E+14 0.00112 
   71   71    1    1    1    1    1    1    1    1  7.80591E+14 0.00091 
   72   72    1    1    1    1    1    1    1    1  5.41732E+14 0.00103 
   73   73    1    1    1    1    1    1    1    1  4.04741E+14 0.00170 
   74   74    1    1    1    1    1    1    1    1  3.28125E+14 0.00179 
   75   75    1    1    1    1    1    1    1    1  2.75183E+14 0.00142 
   76   76    1    1    1    1    1    1    1    1  3.21527E+14 0.00182 
   77   77    1    1    1    1    1    1    1    1  2.55791E+14 0.00169 
   78   78    1    1    1    1    1    1    1    1  2.05244E+14 0.00162 
   79   79    1    1    1    1    1    1    1    1  2.11477E+14 0.00165 
   80   80    1    1    1    1    1    1    1    1  1.56557E+14 0.00181 
   81   81    1    1    1    1    1    1    1    1  1.19984E+14 0.00193 
   82   82    1    1    1    1    1    1    1    1  9.15855E+13 0.00175 
   83   83    1    1    1    1    1    1    1    1  8.48986E+13 0.00237 
   84   84    1    1    1    1    1    1    1    1  6.06619E+13 0.00290 
   85   85    1    1    1    1    1    1    1    1  4.34137E+13 0.00245 
   86   86    1    1    1    1    1    1    1    1  4.01096E+13 0.00378 
   87   87    1    1    1    1    1    1    1    1  2.42165E+13 0.00436 
   88   88    1    1    1    1    1    1    1    1  1.59234E+13 0.00479 
   89   89    1    1    1    1    1    1    1    1  8.87779E+12 0.00489 
   90   90    1    1    1    1    1    1    1    1  5.79350E+12 0.01021 
   91   91    1    1    1    1    1    1    1    1  2.79339E+12 0.01252 
   92   92    1    1    1    1    1    1    1    1  1.36640E+12 0.01463 
   93   93    1    1    1    1    1    1    1    1  6.27053E+11 0.02673 
   94   94    1    1    1    1    1    1    1    1  3.02228E+11 0.04143 
   95   95    1    1    1    1    1    1    1    1  1.34233E+11 0.05837 
   96   96    1    1    1    1    1    1    1    1  6.78856E+10 0.06361 
   97   97    1    1    1    1    1    1    1    1  3.68975E+10 0.11810 
   98   98    1    1    1    1    1    1    1    1  1.26952E+10 0.19170 
   99   99    1    1    1    1    1    1    1    1  5.09508E+09 0.31497 
  100  100    1    1    1    1    1    1    1    1  4.70882E+09 0.26497 
];


