
DETdpaspec = [
    1    1    1    1    1    1    1    1    1    1  0.00000E+00 0.00000 
    2    2    1    1    1    1    1    1    1    1  0.00000E+00 0.00000 
    3    3    1    1    1    1    1    1    1    1  0.00000E+00 0.00000 
    4    4    1    1    1    1    1    1    1    1  0.00000E+00 0.00000 
    5    5    1    1    1    1    1    1    1    1  0.00000E+00 0.00000 
    6    6    1    1    1    1    1    1    1    1  0.00000E+00 0.00000 
    7    7    1    1    1    1    1    1    1    1  0.00000E+00 0.00000 
    8    8    1    1    1    1    1    1    1    1  0.00000E+00 0.00000 
    9    9    1    1    1    1    1    1    1    1  0.00000E+00 0.00000 
   10   10    1    1    1    1    1    1    1    1  1.04158E+08 0.76001 
   11   11    1    1    1    1    1    1    1    1  1.28581E+08 0.54733 
   12   12    1    1    1    1    1    1    1    1  8.46409E+07 0.49036 
   13   13    1    1    1    1    1    1    1    1  1.90627E+09 0.35562 
   14   14    1    1    1    1    1    1    1    1  2.27920E+09 0.36521 
   15   15    1    1    1    1    1    1    1    1  4.37291E+09 0.33645 
   16   16    1    1    1    1    1    1    1    1  1.43959E+09 0.35216 
   17   17    1    1    1    1    1    1    1    1  1.51721E+09 0.29125 
   18   18    1    1    1    1    1    1    1    1  5.64478E+09 0.20860 
   19   19    1    1    1    1    1    1    1    1  4.73357E+09 0.21580 
   20   20    1    1    1    1    1    1    1    1  2.08516E+10 0.15895 
   21   21    1    1    1    1    1    1    1    1  1.88148E+10 0.13206 
   22   22    1    1    1    1    1    1    1    1  4.36675E+10 0.11510 
   23   23    1    1    1    1    1    1    1    1  5.99183E+10 0.07565 
   24   24    1    1    1    1    1    1    1    1  8.54927E+10 0.06547 
   25   25    1    1    1    1    1    1    1    1  1.28810E+11 0.06353 
   26   26    1    1    1    1    1    1    1    1  1.81772E+11 0.04208 
   27   27    1    1    1    1    1    1    1    1  3.29774E+11 0.02775 
   28   28    1    1    1    1    1    1    1    1  5.69119E+11 0.03272 
   29   29    1    1    1    1    1    1    1    1  8.10216E+11 0.02298 
   30   30    1    1    1    1    1    1    1    1  2.61095E+12 0.01232 
   31   31    1    1    1    1    1    1    1    1  8.17933E+12 0.00762 
   32   32    1    1    1    1    1    1    1    1  1.55175E+13 0.00748 
   33   33    1    1    1    1    1    1    1    1  3.46191E+13 0.00565 
   34   34    1    1    1    1    1    1    1    1  4.63041E+13 0.00358 
   35   35    1    1    1    1    1    1    1    1  6.64028E+13 0.00255 
   36   36    1    1    1    1    1    1    1    1  4.66679E+13 0.00252 
   37   37    1    1    1    1    1    1    1    1  1.47631E+13 0.00265 
   38   38    1    1    1    1    1    1    1    1  8.03192E+13 0.00252 
   39   39    1    1    1    1    1    1    1    1  1.07765E+14 0.00237 
   40   40    1    1    1    1    1    1    1    1  1.80671E+14 0.00201 
   41   41    1    1    1    1    1    1    1    1  1.88408E+14 0.00178 
   42   42    1    1    1    1    1    1    1    1  3.90285E+14 0.00175 
   43   43    1    1    1    1    1    1    1    1  4.71055E+14 0.00150 
   44   44    1    1    1    1    1    1    1    1  6.77140E+14 0.00146 
   45   45    1    1    1    1    1    1    1    1  1.31049E+15 0.00134 
   46   46    1    1    1    1    1    1    1    1  6.18588E+14 0.00162 
   47   47    1    1    1    1    1    1    1    1  1.00861E+15 0.00142 
   48   48    1    1    1    1    1    1    1    1  1.40175E+15 0.00142 
   49   49    1    1    1    1    1    1    1    1  1.39684E+15 0.00116 
   50   50    1    1    1    1    1    1    1    1  2.13253E+15 0.00115 
   51   51    1    1    1    1    1    1    1    1  1.73500E+15 0.00133 
   52   52    1    1    1    1    1    1    1    1  2.00439E+15 0.00136 
   53   53    1    1    1    1    1    1    1    1  1.39773E+15 0.00130 
   54   54    1    1    1    1    1    1    1    1  1.66289E+15 0.00133 
   55   55    1    1    1    1    1    1    1    1  1.14914E+15 0.00118 
   56   56    1    1    1    1    1    1    1    1  1.57595E+14 0.00154 
   57   57    1    1    1    1    1    1    1    1  2.29079E+15 0.00142 
   58   58    1    1    1    1    1    1    1    1  9.85362E+14 0.00140 
   59   59    1    1    1    1    1    1    1    1  1.05672E+15 0.00155 
   60   60    1    1    1    1    1    1    1    1  8.03299E+14 0.00160 
   61   61    1    1    1    1    1    1    1    1  8.08055E+14 0.00151 
   62   62    1    1    1    1    1    1    1    1  8.39254E+14 0.00134 
   63   63    1    1    1    1    1    1    1    1  6.99780E+14 0.00139 
   64   64    1    1    1    1    1    1    1    1  5.55875E+14 0.00127 
   65   65    1    1    1    1    1    1    1    1  5.51841E+14 0.00134 
   66   66    1    1    1    1    1    1    1    1  3.96100E+14 0.00183 
   67   67    1    1    1    1    1    1    1    1  3.24438E+14 0.00166 
   68   68    1    1    1    1    1    1    1    1  2.92526E+14 0.00164 
   69   69    1    1    1    1    1    1    1    1  3.51503E+14 0.00194 
   70   70    1    1    1    1    1    1    1    1  2.99818E+14 0.00240 
   71   71    1    1    1    1    1    1    1    1  5.56171E+14 0.00176 
   72   72    1    1    1    1    1    1    1    1  3.94288E+14 0.00201 
   73   73    1    1    1    1    1    1    1    1  2.94731E+14 0.00167 
   74   74    1    1    1    1    1    1    1    1  2.32042E+14 0.00238 
   75   75    1    1    1    1    1    1    1    1  1.88768E+14 0.00178 
   76   76    1    1    1    1    1    1    1    1  2.15149E+14 0.00189 
   77   77    1    1    1    1    1    1    1    1  1.67206E+14 0.00223 
   78   78    1    1    1    1    1    1    1    1  1.31149E+14 0.00317 
   79   79    1    1    1    1    1    1    1    1  1.33420E+14 0.00336 
   80   80    1    1    1    1    1    1    1    1  9.81306E+13 0.00304 
   81   81    1    1    1    1    1    1    1    1  7.54070E+13 0.00274 
   82   82    1    1    1    1    1    1    1    1  5.73991E+13 0.00372 
   83   83    1    1    1    1    1    1    1    1  5.36240E+13 0.00270 
   84   84    1    1    1    1    1    1    1    1  3.87351E+13 0.00416 
   85   85    1    1    1    1    1    1    1    1  2.77297E+13 0.00428 
   86   86    1    1    1    1    1    1    1    1  2.59943E+13 0.00340 
   87   87    1    1    1    1    1    1    1    1  1.62119E+13 0.00650 
   88   88    1    1    1    1    1    1    1    1  1.08783E+13 0.00963 
   89   89    1    1    1    1    1    1    1    1  6.26121E+12 0.00839 
   90   90    1    1    1    1    1    1    1    1  4.27240E+12 0.01085 
   91   91    1    1    1    1    1    1    1    1  2.10695E+12 0.01817 
   92   92    1    1    1    1    1    1    1    1  1.03188E+12 0.03263 
   93   93    1    1    1    1    1    1    1    1  4.83539E+11 0.02958 
   94   94    1    1    1    1    1    1    1    1  2.45268E+11 0.04563 
   95   95    1    1    1    1    1    1    1    1  1.18554E+11 0.05638 
   96   96    1    1    1    1    1    1    1    1  5.17638E+10 0.11313 
   97   97    1    1    1    1    1    1    1    1  2.71592E+10 0.11398 
   98   98    1    1    1    1    1    1    1    1  1.08187E+10 0.19195 
   99   99    1    1    1    1    1    1    1    1  9.51262E+09 0.31346 
  100  100    1    1    1    1    1    1    1    1  5.74272E+09 0.29745 
];


