
DETdpaspec = [
    1    1    1    1    1    1    1    1    1    1  0.00000E+00 0.00000 
    2    2    1    1    1    1    1    1    1    1  0.00000E+00 0.00000 
    3    3    1    1    1    1    1    1    1    1  0.00000E+00 0.00000 
    4    4    1    1    1    1    1    1    1    1  0.00000E+00 0.00000 
    5    5    1    1    1    1    1    1    1    1  0.00000E+00 0.00000 
    6    6    1    1    1    1    1    1    1    1  0.00000E+00 0.00000 
    7    7    1    1    1    1    1    1    1    1  0.00000E+00 0.00000 
    8    8    1    1    1    1    1    1    1    1  0.00000E+00 0.00000 
    9    9    1    1    1    1    1    1    1    1  6.96349E+06 1.00000 
   10   10    1    1    1    1    1    1    1    1  0.00000E+00 0.00000 
   11   11    1    1    1    1    1    1    1    1  5.01646E+07 1.00000 
   12   12    1    1    1    1    1    1    1    1  2.60061E+07 0.74189 
   13   13    1    1    1    1    1    1    1    1  1.12175E+09 0.41821 
   14   14    1    1    1    1    1    1    1    1  2.12915E+09 0.47683 
   15   15    1    1    1    1    1    1    1    1  2.11985E+09 0.37236 
   16   16    1    1    1    1    1    1    1    1  1.31512E+09 0.36162 
   17   17    1    1    1    1    1    1    1    1  1.30431E+09 0.34515 
   18   18    1    1    1    1    1    1    1    1  2.91409E+09 0.27460 
   19   19    1    1    1    1    1    1    1    1  6.48319E+09 0.17006 
   20   20    1    1    1    1    1    1    1    1  1.97548E+10 0.11990 
   21   21    1    1    1    1    1    1    1    1  1.62521E+10 0.13822 
   22   22    1    1    1    1    1    1    1    1  4.98702E+10 0.10043 
   23   23    1    1    1    1    1    1    1    1  6.20140E+10 0.08851 
   24   24    1    1    1    1    1    1    1    1  9.58224E+10 0.05988 
   25   25    1    1    1    1    1    1    1    1  1.27758E+11 0.05249 
   26   26    1    1    1    1    1    1    1    1  1.80214E+11 0.04841 
   27   27    1    1    1    1    1    1    1    1  3.21965E+11 0.04015 
   28   28    1    1    1    1    1    1    1    1  5.98656E+11 0.02748 
   29   29    1    1    1    1    1    1    1    1  8.63313E+11 0.02276 
   30   30    1    1    1    1    1    1    1    1  2.68715E+12 0.01621 
   31   31    1    1    1    1    1    1    1    1  8.31060E+12 0.01003 
   32   32    1    1    1    1    1    1    1    1  1.57612E+13 0.00595 
   33   33    1    1    1    1    1    1    1    1  3.63995E+13 0.00405 
   34   34    1    1    1    1    1    1    1    1  4.98032E+13 0.00346 
   35   35    1    1    1    1    1    1    1    1  7.00191E+13 0.00233 
   36   36    1    1    1    1    1    1    1    1  4.86130E+13 0.00235 
   37   37    1    1    1    1    1    1    1    1  1.52927E+13 0.00238 
   38   38    1    1    1    1    1    1    1    1  8.41315E+13 0.00205 
   39   39    1    1    1    1    1    1    1    1  1.12905E+14 0.00191 
   40   40    1    1    1    1    1    1    1    1  1.92061E+14 0.00157 
   41   41    1    1    1    1    1    1    1    1  1.99538E+14 0.00169 
   42   42    1    1    1    1    1    1    1    1  4.18212E+14 0.00150 
   43   43    1    1    1    1    1    1    1    1  5.08235E+14 0.00139 
   44   44    1    1    1    1    1    1    1    1  7.33545E+14 0.00121 
   45   45    1    1    1    1    1    1    1    1  1.43744E+15 0.00099 
   46   46    1    1    1    1    1    1    1    1  6.78855E+14 0.00123 
   47   47    1    1    1    1    1    1    1    1  1.10552E+15 0.00125 
   48   48    1    1    1    1    1    1    1    1  1.54196E+15 0.00104 
   49   49    1    1    1    1    1    1    1    1  1.53743E+15 0.00113 
   50   50    1    1    1    1    1    1    1    1  2.36210E+15 0.00104 
   51   51    1    1    1    1    1    1    1    1  1.91399E+15 0.00104 
   52   52    1    1    1    1    1    1    1    1  2.23348E+15 0.00099 
   53   53    1    1    1    1    1    1    1    1  1.55950E+15 0.00107 
   54   54    1    1    1    1    1    1    1    1  1.86893E+15 0.00091 
   55   55    1    1    1    1    1    1    1    1  1.29212E+15 0.00104 
   56   56    1    1    1    1    1    1    1    1  1.77065E+14 0.00116 
   57   57    1    1    1    1    1    1    1    1  2.57579E+15 0.00112 
   58   58    1    1    1    1    1    1    1    1  1.11988E+15 0.00099 
   59   59    1    1    1    1    1    1    1    1  1.19678E+15 0.00114 
   60   60    1    1    1    1    1    1    1    1  9.14390E+14 0.00134 
   61   61    1    1    1    1    1    1    1    1  9.20002E+14 0.00153 
   62   62    1    1    1    1    1    1    1    1  9.55130E+14 0.00106 
   63   63    1    1    1    1    1    1    1    1  8.00717E+14 0.00103 
   64   64    1    1    1    1    1    1    1    1  6.37670E+14 0.00134 
   65   65    1    1    1    1    1    1    1    1  6.31937E+14 0.00145 
   66   66    1    1    1    1    1    1    1    1  4.53865E+14 0.00175 
   67   67    1    1    1    1    1    1    1    1  3.72007E+14 0.00153 
   68   68    1    1    1    1    1    1    1    1  3.35042E+14 0.00108 
   69   69    1    1    1    1    1    1    1    1  4.01831E+14 0.00156 
   70   70    1    1    1    1    1    1    1    1  3.43097E+14 0.00161 
   71   71    1    1    1    1    1    1    1    1  6.31912E+14 0.00181 
   72   72    1    1    1    1    1    1    1    1  4.48100E+14 0.00134 
   73   73    1    1    1    1    1    1    1    1  3.36258E+14 0.00129 
   74   74    1    1    1    1    1    1    1    1  2.66460E+14 0.00146 
   75   75    1    1    1    1    1    1    1    1  2.18256E+14 0.00173 
   76   76    1    1    1    1    1    1    1    1  2.49414E+14 0.00202 
   77   77    1    1    1    1    1    1    1    1  1.93897E+14 0.00239 
   78   78    1    1    1    1    1    1    1    1  1.53168E+14 0.00325 
   79   79    1    1    1    1    1    1    1    1  1.56732E+14 0.00200 
   80   80    1    1    1    1    1    1    1    1  1.15537E+14 0.00239 
   81   81    1    1    1    1    1    1    1    1  8.81155E+13 0.00244 
   82   82    1    1    1    1    1    1    1    1  6.77359E+13 0.00288 
   83   83    1    1    1    1    1    1    1    1  6.33371E+13 0.00444 
   84   84    1    1    1    1    1    1    1    1  4.54985E+13 0.00445 
   85   85    1    1    1    1    1    1    1    1  3.26795E+13 0.00436 
   86   86    1    1    1    1    1    1    1    1  3.06271E+13 0.00438 
   87   87    1    1    1    1    1    1    1    1  1.89733E+13 0.00542 
   88   88    1    1    1    1    1    1    1    1  1.29294E+13 0.00638 
   89   89    1    1    1    1    1    1    1    1  7.36973E+12 0.00712 
   90   90    1    1    1    1    1    1    1    1  4.92566E+12 0.01159 
   91   91    1    1    1    1    1    1    1    1  2.47961E+12 0.01324 
   92   92    1    1    1    1    1    1    1    1  1.22382E+12 0.02093 
   93   93    1    1    1    1    1    1    1    1  5.76142E+11 0.03283 
   94   94    1    1    1    1    1    1    1    1  2.68618E+11 0.04384 
   95   95    1    1    1    1    1    1    1    1  1.33405E+11 0.06407 
   96   96    1    1    1    1    1    1    1    1  6.71131E+10 0.11007 
   97   97    1    1    1    1    1    1    1    1  2.87699E+10 0.11878 
   98   98    1    1    1    1    1    1    1    1  1.56393E+10 0.14877 
   99   99    1    1    1    1    1    1    1    1  8.86752E+09 0.27699 
  100  100    1    1    1    1    1    1    1    1  7.27916E+09 0.28500 
];


