
DETdpaspec = [
    1    1    1    1    1    1    1    1    1    1  0.00000E+00 0.00000 
    2    2    1    1    1    1    1    1    1    1  0.00000E+00 0.00000 
    3    3    1    1    1    1    1    1    1    1  0.00000E+00 0.00000 
    4    4    1    1    1    1    1    1    1    1  0.00000E+00 0.00000 
    5    5    1    1    1    1    1    1    1    1  9.19730E+06 1.00000 
    6    6    1    1    1    1    1    1    1    1  7.63167E+06 1.00000 
    7    7    1    1    1    1    1    1    1    1  0.00000E+00 0.00000 
    8    8    1    1    1    1    1    1    1    1  0.00000E+00 0.00000 
    9    9    1    1    1    1    1    1    1    1  6.31649E+06 1.00000 
   10   10    1    1    1    1    1    1    1    1  0.00000E+00 0.00000 
   11   11    1    1    1    1    1    1    1    1  4.02224E+07 1.00000 
   12   12    1    1    1    1    1    1    1    1  0.00000E+00 0.00000 
   13   13    1    1    1    1    1    1    1    1  6.80059E+07 1.00000 
   14   14    1    1    1    1    1    1    1    1  2.24792E+09 0.34528 
   15   15    1    1    1    1    1    1    1    1  2.68794E+09 0.32600 
   16   16    1    1    1    1    1    1    1    1  8.16431E+08 0.19830 
   17   17    1    1    1    1    1    1    1    1  1.15017E+09 0.31687 
   18   18    1    1    1    1    1    1    1    1  6.99623E+09 0.24015 
   19   19    1    1    1    1    1    1    1    1  8.94156E+09 0.29480 
   20   20    1    1    1    1    1    1    1    1  2.38366E+10 0.15657 
   21   21    1    1    1    1    1    1    1    1  1.75155E+10 0.11656 
   22   22    1    1    1    1    1    1    1    1  4.12794E+10 0.10735 
   23   23    1    1    1    1    1    1    1    1  5.23864E+10 0.07846 
   24   24    1    1    1    1    1    1    1    1  9.24345E+10 0.06459 
   25   25    1    1    1    1    1    1    1    1  1.29327E+11 0.05194 
   26   26    1    1    1    1    1    1    1    1  1.75808E+11 0.04397 
   27   27    1    1    1    1    1    1    1    1  2.96360E+11 0.04311 
   28   28    1    1    1    1    1    1    1    1  5.73152E+11 0.02869 
   29   29    1    1    1    1    1    1    1    1  8.99119E+11 0.01824 
   30   30    1    1    1    1    1    1    1    1  2.75748E+12 0.01467 
   31   31    1    1    1    1    1    1    1    1  8.71868E+12 0.00840 
   32   32    1    1    1    1    1    1    1    1  1.66550E+13 0.00572 
   33   33    1    1    1    1    1    1    1    1  3.89758E+13 0.00483 
   34   34    1    1    1    1    1    1    1    1  5.37364E+13 0.00319 
   35   35    1    1    1    1    1    1    1    1  7.45157E+13 0.00238 
   36   36    1    1    1    1    1    1    1    1  5.14817E+13 0.00268 
   37   37    1    1    1    1    1    1    1    1  1.60539E+13 0.00231 
   38   38    1    1    1    1    1    1    1    1  8.89698E+13 0.00283 
   39   39    1    1    1    1    1    1    1    1  1.20114E+14 0.00209 
   40   40    1    1    1    1    1    1    1    1  2.04438E+14 0.00134 
   41   41    1    1    1    1    1    1    1    1  2.11109E+14 0.00115 
   42   42    1    1    1    1    1    1    1    1  4.48164E+14 0.00113 
   43   43    1    1    1    1    1    1    1    1  5.45867E+14 0.00113 
   44   44    1    1    1    1    1    1    1    1  7.93853E+14 0.00120 
   45   45    1    1    1    1    1    1    1    1  1.57240E+15 0.00119 
   46   46    1    1    1    1    1    1    1    1  7.42197E+14 0.00110 
   47   47    1    1    1    1    1    1    1    1  1.20796E+15 0.00088 
   48   48    1    1    1    1    1    1    1    1  1.68887E+15 0.00079 
   49   49    1    1    1    1    1    1    1    1  1.68458E+15 0.00086 
   50   50    1    1    1    1    1    1    1    1  2.60314E+15 0.00098 
   51   51    1    1    1    1    1    1    1    1  2.10348E+15 0.00089 
   52   52    1    1    1    1    1    1    1    1  2.47461E+15 0.00103 
   53   53    1    1    1    1    1    1    1    1  1.72503E+15 0.00086 
   54   54    1    1    1    1    1    1    1    1  2.08541E+15 0.00078 
   55   55    1    1    1    1    1    1    1    1  1.43963E+15 0.00088 
   56   56    1    1    1    1    1    1    1    1  1.96632E+14 0.00139 
   57   57    1    1    1    1    1    1    1    1  2.87311E+15 0.00105 
   58   58    1    1    1    1    1    1    1    1  1.25999E+15 0.00113 
   59   59    1    1    1    1    1    1    1    1  1.34477E+15 0.00121 
   60   60    1    1    1    1    1    1    1    1  1.03339E+15 0.00119 
   61   61    1    1    1    1    1    1    1    1  1.04029E+15 0.00113 
   62   62    1    1    1    1    1    1    1    1  1.08137E+15 0.00094 
   63   63    1    1    1    1    1    1    1    1  9.09052E+14 0.00092 
   64   64    1    1    1    1    1    1    1    1  7.24616E+14 0.00103 
   65   65    1    1    1    1    1    1    1    1  7.18547E+14 0.00099 
   66   66    1    1    1    1    1    1    1    1  5.16967E+14 0.00102 
   67   67    1    1    1    1    1    1    1    1  4.22207E+14 0.00106 
   68   68    1    1    1    1    1    1    1    1  3.80562E+14 0.00139 
   69   69    1    1    1    1    1    1    1    1  4.55547E+14 0.00134 
   70   70    1    1    1    1    1    1    1    1  3.88992E+14 0.00134 
   71   71    1    1    1    1    1    1    1    1  7.15530E+14 0.00101 
   72   72    1    1    1    1    1    1    1    1  5.07550E+14 0.00180 
   73   73    1    1    1    1    1    1    1    1  3.81327E+14 0.00125 
   74   74    1    1    1    1    1    1    1    1  3.03479E+14 0.00136 
   75   75    1    1    1    1    1    1    1    1  2.49349E+14 0.00164 
   76   76    1    1    1    1    1    1    1    1  2.86045E+14 0.00180 
   77   77    1    1    1    1    1    1    1    1  2.23888E+14 0.00173 
   78   78    1    1    1    1    1    1    1    1  1.77636E+14 0.00163 
   79   79    1    1    1    1    1    1    1    1  1.81706E+14 0.00201 
   80   80    1    1    1    1    1    1    1    1  1.34376E+14 0.00199 
   81   81    1    1    1    1    1    1    1    1  1.03190E+14 0.00223 
   82   82    1    1    1    1    1    1    1    1  7.89194E+13 0.00342 
   83   83    1    1    1    1    1    1    1    1  7.38336E+13 0.00285 
   84   84    1    1    1    1    1    1    1    1  5.29445E+13 0.00376 
   85   85    1    1    1    1    1    1    1    1  3.82441E+13 0.00324 
   86   86    1    1    1    1    1    1    1    1  3.59127E+13 0.00389 
   87   87    1    1    1    1    1    1    1    1  2.20325E+13 0.00586 
   88   88    1    1    1    1    1    1    1    1  1.49917E+13 0.00517 
   89   89    1    1    1    1    1    1    1    1  8.58232E+12 0.00726 
   90   90    1    1    1    1    1    1    1    1  5.72967E+12 0.00857 
   91   91    1    1    1    1    1    1    1    1  2.90204E+12 0.01158 
   92   92    1    1    1    1    1    1    1    1  1.42870E+12 0.01848 
   93   93    1    1    1    1    1    1    1    1  6.70919E+11 0.03176 
   94   94    1    1    1    1    1    1    1    1  3.22276E+11 0.04425 
   95   95    1    1    1    1    1    1    1    1  1.65133E+11 0.05302 
   96   96    1    1    1    1    1    1    1    1  7.26070E+10 0.08142 
   97   97    1    1    1    1    1    1    1    1  4.63072E+10 0.13699 
   98   98    1    1    1    1    1    1    1    1  2.21637E+10 0.15369 
   99   99    1    1    1    1    1    1    1    1  1.11713E+10 0.24984 
  100  100    1    1    1    1    1    1    1    1  9.87023E+09 0.33696 
];


