
DETdpaspec = [
    1    1    1    1    1    1    1    1    1    1  0.00000E+00 0.00000 
    2    2    1    1    1    1    1    1    1    1  0.00000E+00 0.00000 
    3    3    1    1    1    1    1    1    1    1  0.00000E+00 0.00000 
    4    4    1    1    1    1    1    1    1    1  0.00000E+00 0.00000 
    5    5    1    1    1    1    1    1    1    1  0.00000E+00 0.00000 
    6    6    1    1    1    1    1    1    1    1  0.00000E+00 0.00000 
    7    7    1    1    1    1    1    1    1    1  0.00000E+00 0.00000 
    8    8    1    1    1    1    1    1    1    1  1.45334E+07 1.00000 
    9    9    1    1    1    1    1    1    1    1  3.73305E+07 1.00000 
   10   10    1    1    1    1    1    1    1    1  1.51895E+08 0.63526 
   11   11    1    1    1    1    1    1    1    1  1.30909E+08 0.54825 
   12   12    1    1    1    1    1    1    1    1  8.17432E+07 0.62231 
   13   13    1    1    1    1    1    1    1    1  1.37409E+09 0.44635 
   14   14    1    1    1    1    1    1    1    1  3.05011E+09 0.35180 
   15   15    1    1    1    1    1    1    1    1  2.35723E+09 0.31910 
   16   16    1    1    1    1    1    1    1    1  1.25448E+09 0.43924 
   17   17    1    1    1    1    1    1    1    1  1.45976E+09 0.45482 
   18   18    1    1    1    1    1    1    1    1  7.43337E+09 0.23083 
   19   19    1    1    1    1    1    1    1    1  5.70767E+09 0.19551 
   20   20    1    1    1    1    1    1    1    1  2.04465E+10 0.14907 
   21   21    1    1    1    1    1    1    1    1  1.65506E+10 0.12621 
   22   22    1    1    1    1    1    1    1    1  3.24067E+10 0.13195 
   23   23    1    1    1    1    1    1    1    1  5.43063E+10 0.07612 
   24   24    1    1    1    1    1    1    1    1  9.47408E+10 0.07018 
   25   25    1    1    1    1    1    1    1    1  1.13083E+11 0.05115 
   26   26    1    1    1    1    1    1    1    1  1.76011E+11 0.06171 
   27   27    1    1    1    1    1    1    1    1  3.13429E+11 0.04045 
   28   28    1    1    1    1    1    1    1    1  6.35043E+11 0.02791 
   29   29    1    1    1    1    1    1    1    1  9.68058E+11 0.01697 
   30   30    1    1    1    1    1    1    1    1  2.83882E+12 0.01135 
   31   31    1    1    1    1    1    1    1    1  9.02949E+12 0.00957 
   32   32    1    1    1    1    1    1    1    1  1.72648E+13 0.00758 
   33   33    1    1    1    1    1    1    1    1  4.10642E+13 0.00490 
   34   34    1    1    1    1    1    1    1    1  5.71233E+13 0.00309 
   35   35    1    1    1    1    1    1    1    1  7.81581E+13 0.00253 
   36   36    1    1    1    1    1    1    1    1  5.35863E+13 0.00265 
   37   37    1    1    1    1    1    1    1    1  1.66529E+13 0.00226 
   38   38    1    1    1    1    1    1    1    1  9.30010E+13 0.00220 
   39   39    1    1    1    1    1    1    1    1  1.25077E+14 0.00205 
   40   40    1    1    1    1    1    1    1    1  2.14782E+14 0.00175 
   41   41    1    1    1    1    1    1    1    1  2.20835E+14 0.00122 
   42   42    1    1    1    1    1    1    1    1  4.70847E+14 0.00120 
   43   43    1    1    1    1    1    1    1    1  5.74721E+14 0.00114 
   44   44    1    1    1    1    1    1    1    1  8.39265E+14 0.00118 
   45   45    1    1    1    1    1    1    1    1  1.66981E+15 0.00116 
   46   46    1    1    1    1    1    1    1    1  7.86666E+14 0.00101 
   47   47    1    1    1    1    1    1    1    1  1.27914E+15 0.00094 
   48   48    1    1    1    1    1    1    1    1  1.79152E+15 0.00114 
   49   49    1    1    1    1    1    1    1    1  1.78783E+15 0.00103 
   50   50    1    1    1    1    1    1    1    1  2.77767E+15 0.00092 
   51   51    1    1    1    1    1    1    1    1  2.23677E+15 0.00083 
   52   52    1    1    1    1    1    1    1    1  2.64498E+15 0.00104 
   53   53    1    1    1    1    1    1    1    1  1.84566E+15 0.00072 
   54   54    1    1    1    1    1    1    1    1  2.24158E+15 0.00083 
   55   55    1    1    1    1    1    1    1    1  1.54689E+15 0.00083 
   56   56    1    1    1    1    1    1    1    1  2.10917E+14 0.00105 
   57   57    1    1    1    1    1    1    1    1  3.08512E+15 0.00078 
   58   58    1    1    1    1    1    1    1    1  1.36123E+15 0.00098 
   59   59    1    1    1    1    1    1    1    1  1.45305E+15 0.00092 
   60   60    1    1    1    1    1    1    1    1  1.12179E+15 0.00105 
   61   61    1    1    1    1    1    1    1    1  1.12666E+15 0.00123 
   62   62    1    1    1    1    1    1    1    1  1.17264E+15 0.00098 
   63   63    1    1    1    1    1    1    1    1  9.87188E+14 0.00098 
   64   64    1    1    1    1    1    1    1    1  7.86348E+14 0.00096 
   65   65    1    1    1    1    1    1    1    1  7.81242E+14 0.00120 
   66   66    1    1    1    1    1    1    1    1  5.62357E+14 0.00149 
   67   67    1    1    1    1    1    1    1    1  4.59549E+14 0.00160 
   68   68    1    1    1    1    1    1    1    1  4.13766E+14 0.00169 
   69   69    1    1    1    1    1    1    1    1  4.95423E+14 0.00132 
   70   70    1    1    1    1    1    1    1    1  4.21559E+14 0.00168 
   71   71    1    1    1    1    1    1    1    1  7.74334E+14 0.00153 
   72   72    1    1    1    1    1    1    1    1  5.48596E+14 0.00096 
   73   73    1    1    1    1    1    1    1    1  4.12786E+14 0.00134 
   74   74    1    1    1    1    1    1    1    1  3.30323E+14 0.00165 
   75   75    1    1    1    1    1    1    1    1  2.72512E+14 0.00202 
   76   76    1    1    1    1    1    1    1    1  3.13783E+14 0.00154 
   77   77    1    1    1    1    1    1    1    1  2.46261E+14 0.00172 
   78   78    1    1    1    1    1    1    1    1  1.94850E+14 0.00116 
   79   79    1    1    1    1    1    1    1    1  2.00317E+14 0.00188 
   80   80    1    1    1    1    1    1    1    1  1.48120E+14 0.00194 
   81   81    1    1    1    1    1    1    1    1  1.13652E+14 0.00223 
   82   82    1    1    1    1    1    1    1    1  8.70744E+13 0.00275 
   83   83    1    1    1    1    1    1    1    1  8.13973E+13 0.00258 
   84   84    1    1    1    1    1    1    1    1  5.85054E+13 0.00339 
   85   85    1    1    1    1    1    1    1    1  4.25947E+13 0.00401 
   86   86    1    1    1    1    1    1    1    1  3.98137E+13 0.00392 
   87   87    1    1    1    1    1    1    1    1  2.45263E+13 0.00454 
   88   88    1    1    1    1    1    1    1    1  1.66357E+13 0.00681 
   89   89    1    1    1    1    1    1    1    1  9.41897E+12 0.00694 
   90   90    1    1    1    1    1    1    1    1  6.30683E+12 0.00837 
   91   91    1    1    1    1    1    1    1    1  3.14204E+12 0.01484 
   92   92    1    1    1    1    1    1    1    1  1.49462E+12 0.02266 
   93   93    1    1    1    1    1    1    1    1  7.35685E+11 0.02610 
   94   94    1    1    1    1    1    1    1    1  3.69360E+11 0.05300 
   95   95    1    1    1    1    1    1    1    1  1.69224E+11 0.06822 
   96   96    1    1    1    1    1    1    1    1  9.66083E+10 0.07460 
   97   97    1    1    1    1    1    1    1    1  3.89262E+10 0.10711 
   98   98    1    1    1    1    1    1    1    1  1.67605E+10 0.14576 
   99   99    1    1    1    1    1    1    1    1  7.02267E+09 0.34089 
  100  100    1    1    1    1    1    1    1    1  8.13049E+09 0.29641 
];


