
DETdpaspec = [
    1    1    1    1    1    1    1    1    1    1  0.00000E+00 0.00000 
    2    2    1    1    1    1    1    1    1    1  0.00000E+00 0.00000 
    3    3    1    1    1    1    1    1    1    1  0.00000E+00 0.00000 
    4    4    1    1    1    1    1    1    1    1  0.00000E+00 0.00000 
    5    5    1    1    1    1    1    1    1    1  0.00000E+00 0.00000 
    6    6    1    1    1    1    1    1    1    1  0.00000E+00 0.00000 
    7    7    1    1    1    1    1    1    1    1  0.00000E+00 0.00000 
    8    8    1    1    1    1    1    1    1    1  0.00000E+00 0.00000 
    9    9    1    1    1    1    1    1    1    1  1.31886E+07 0.69080 
   10   10    1    1    1    1    1    1    1    1  2.50161E+07 1.00000 
   11   11    1    1    1    1    1    1    1    1  2.09307E+08 1.00000 
   12   12    1    1    1    1    1    1    1    1  4.01123E+07 0.93832 
   13   13    1    1    1    1    1    1    1    1  5.94737E+08 0.73834 
   14   14    1    1    1    1    1    1    1    1  2.79715E+09 0.71618 
   15   15    1    1    1    1    1    1    1    1  3.17796E+09 0.26078 
   16   16    1    1    1    1    1    1    1    1  7.62454E+08 0.36211 
   17   17    1    1    1    1    1    1    1    1  1.97841E+09 0.28915 
   18   18    1    1    1    1    1    1    1    1  4.00407E+09 0.38521 
   19   19    1    1    1    1    1    1    1    1  2.49370E+09 0.33880 
   20   20    1    1    1    1    1    1    1    1  1.91932E+10 0.13012 
   21   21    1    1    1    1    1    1    1    1  1.89143E+10 0.10107 
   22   22    1    1    1    1    1    1    1    1  3.59469E+10 0.13118 
   23   23    1    1    1    1    1    1    1    1  4.61369E+10 0.09366 
   24   24    1    1    1    1    1    1    1    1  9.65269E+10 0.06493 
   25   25    1    1    1    1    1    1    1    1  1.20733E+11 0.06284 
   26   26    1    1    1    1    1    1    1    1  1.96603E+11 0.05699 
   27   27    1    1    1    1    1    1    1    1  3.80347E+11 0.03105 
   28   28    1    1    1    1    1    1    1    1  8.75239E+11 0.01469 
   29   29    1    1    1    1    1    1    1    1  1.56465E+12 0.01922 
   30   30    1    1    1    1    1    1    1    1  4.16522E+12 0.00889 
   31   31    1    1    1    1    1    1    1    1  1.26962E+13 0.00788 
   32   32    1    1    1    1    1    1    1    1  2.33372E+13 0.00476 
   33   33    1    1    1    1    1    1    1    1  5.64693E+13 0.00441 
   34   34    1    1    1    1    1    1    1    1  8.00759E+13 0.00302 
   35   35    1    1    1    1    1    1    1    1  9.95719E+13 0.00152 
   36   36    1    1    1    1    1    1    1    1  6.58196E+13 0.00198 
   37   37    1    1    1    1    1    1    1    1  1.98874E+13 0.00185 
   38   38    1    1    1    1    1    1    1    1  1.13111E+14 0.00223 
   39   39    1    1    1    1    1    1    1    1  1.53528E+14 0.00233 
   40   40    1    1    1    1    1    1    1    1  2.65347E+14 0.00105 
   41   41    1    1    1    1    1    1    1    1  2.66465E+14 0.00137 
   42   42    1    1    1    1    1    1    1    1  5.78381E+14 0.00081 
   43   43    1    1    1    1    1    1    1    1  7.06399E+14 0.00089 
   44   44    1    1    1    1    1    1    1    1  1.03219E+15 0.00091 
   45   45    1    1    1    1    1    1    1    1  2.07818E+15 0.00061 
   46   46    1    1    1    1    1    1    1    1  9.64481E+14 0.00092 
   47   47    1    1    1    1    1    1    1    1  1.55877E+15 0.00085 
   48   48    1    1    1    1    1    1    1    1  2.18108E+15 0.00069 
   49   49    1    1    1    1    1    1    1    1  2.16922E+15 0.00079 
   50   50    1    1    1    1    1    1    1    1  3.41018E+15 0.00055 
   51   51    1    1    1    1    1    1    1    1  2.70880E+15 0.00076 
   52   52    1    1    1    1    1    1    1    1  3.25837E+15 0.00066 
   53   53    1    1    1    1    1    1    1    1  2.26016E+15 0.00065 
   54   54    1    1    1    1    1    1    1    1  2.79220E+15 0.00052 
   55   55    1    1    1    1    1    1    1    1  1.92054E+15 0.00060 
   56   56    1    1    1    1    1    1    1    1  2.60351E+14 0.00068 
   57   57    1    1    1    1    1    1    1    1  3.82731E+15 0.00051 
   58   58    1    1    1    1    1    1    1    1  1.72626E+15 0.00067 
   59   59    1    1    1    1    1    1    1    1  1.83155E+15 0.00077 
   60   60    1    1    1    1    1    1    1    1  1.43610E+15 0.00061 
   61   61    1    1    1    1    1    1    1    1  1.43954E+15 0.00078 
   62   62    1    1    1    1    1    1    1    1  1.50400E+15 0.00099 
   63   63    1    1    1    1    1    1    1    1  1.27028E+15 0.00080 
   64   64    1    1    1    1    1    1    1    1  1.01224E+15 0.00101 
   65   65    1    1    1    1    1    1    1    1  1.00656E+15 0.00134 
   66   66    1    1    1    1    1    1    1    1  7.24736E+14 0.00125 
   67   67    1    1    1    1    1    1    1    1  5.89304E+14 0.00134 
   68   68    1    1    1    1    1    1    1    1  5.28394E+14 0.00091 
   69   69    1    1    1    1    1    1    1    1  6.33858E+14 0.00099 
   70   70    1    1    1    1    1    1    1    1  5.38421E+14 0.00085 
   71   71    1    1    1    1    1    1    1    1  9.75155E+14 0.00091 
   72   72    1    1    1    1    1    1    1    1  6.89773E+14 0.00103 
   73   73    1    1    1    1    1    1    1    1  5.19378E+14 0.00140 
   74   74    1    1    1    1    1    1    1    1  4.19673E+14 0.00129 
   75   75    1    1    1    1    1    1    1    1  3.50347E+14 0.00115 
   76   76    1    1    1    1    1    1    1    1  4.08465E+14 0.00150 
   77   77    1    1    1    1    1    1    1    1  3.24449E+14 0.00134 
   78   78    1    1    1    1    1    1    1    1  2.59517E+14 0.00132 
   79   79    1    1    1    1    1    1    1    1  2.68769E+14 0.00136 
   80   80    1    1    1    1    1    1    1    1  1.99274E+14 0.00107 
   81   81    1    1    1    1    1    1    1    1  1.53773E+14 0.00185 
   82   82    1    1    1    1    1    1    1    1  1.18008E+14 0.00298 
   83   83    1    1    1    1    1    1    1    1  1.10460E+14 0.00232 
   84   84    1    1    1    1    1    1    1    1  7.96708E+13 0.00268 
   85   85    1    1    1    1    1    1    1    1  5.71388E+13 0.00413 
   86   86    1    1    1    1    1    1    1    1  5.35310E+13 0.00342 
   87   87    1    1    1    1    1    1    1    1  3.30234E+13 0.00297 
   88   88    1    1    1    1    1    1    1    1  2.22207E+13 0.00509 
   89   89    1    1    1    1    1    1    1    1  1.27090E+13 0.00654 
   90   90    1    1    1    1    1    1    1    1  8.58013E+12 0.00982 
   91   91    1    1    1    1    1    1    1    1  4.20641E+12 0.01216 
   92   92    1    1    1    1    1    1    1    1  2.00953E+12 0.01549 
   93   93    1    1    1    1    1    1    1    1  9.93624E+11 0.01273 
   94   94    1    1    1    1    1    1    1    1  4.68200E+11 0.03056 
   95   95    1    1    1    1    1    1    1    1  2.37636E+11 0.04377 
   96   96    1    1    1    1    1    1    1    1  9.96157E+10 0.06224 
   97   97    1    1    1    1    1    1    1    1  5.22925E+10 0.07932 
   98   98    1    1    1    1    1    1    1    1  2.65996E+10 0.15795 
   99   99    1    1    1    1    1    1    1    1  1.33270E+10 0.24736 
  100  100    1    1    1    1    1    1    1    1  5.07490E+09 0.29744 
];


