
DETdpaspec = [
    1    1    1    1    1    1    1    1    1    1  0.00000E+00 0.00000 
    2    2    1    1    1    1    1    1    1    1  0.00000E+00 0.00000 
    3    3    1    1    1    1    1    1    1    1  0.00000E+00 0.00000 
    4    4    1    1    1    1    1    1    1    1  0.00000E+00 0.00000 
    5    5    1    1    1    1    1    1    1    1  0.00000E+00 0.00000 
    6    6    1    1    1    1    1    1    1    1  0.00000E+00 0.00000 
    7    7    1    1    1    1    1    1    1    1  0.00000E+00 0.00000 
    8    8    1    1    1    1    1    1    1    1  0.00000E+00 0.00000 
    9    9    1    1    1    1    1    1    1    1  0.00000E+00 0.00000 
   10   10    1    1    1    1    1    1    1    1  4.28273E+07 1.00000 
   11   11    1    1    1    1    1    1    1    1  3.44800E+08 0.59771 
   12   12    1    1    1    1    1    1    1    1  3.01350E+07 1.00000 
   13   13    1    1    1    1    1    1    1    1  2.02799E+09 0.38010 
   14   14    1    1    1    1    1    1    1    1  3.52431E+09 0.40775 
   15   15    1    1    1    1    1    1    1    1  3.02084E+09 0.31993 
   16   16    1    1    1    1    1    1    1    1  2.44406E+08 0.43355 
   17   17    1    1    1    1    1    1    1    1  2.31098E+09 0.27505 
   18   18    1    1    1    1    1    1    1    1  5.21654E+09 0.23566 
   19   19    1    1    1    1    1    1    1    1  5.66750E+09 0.17519 
   20   20    1    1    1    1    1    1    1    1  1.99868E+10 0.12518 
   21   21    1    1    1    1    1    1    1    1  1.79144E+10 0.13209 
   22   22    1    1    1    1    1    1    1    1  4.06151E+10 0.10202 
   23   23    1    1    1    1    1    1    1    1  5.50389E+10 0.06540 
   24   24    1    1    1    1    1    1    1    1  8.26133E+10 0.07740 
   25   25    1    1    1    1    1    1    1    1  9.54159E+10 0.05840 
   26   26    1    1    1    1    1    1    1    1  1.77963E+11 0.05383 
   27   27    1    1    1    1    1    1    1    1  3.31432E+11 0.03438 
   28   28    1    1    1    1    1    1    1    1  6.48073E+11 0.02384 
   29   29    1    1    1    1    1    1    1    1  9.95069E+11 0.01918 
   30   30    1    1    1    1    1    1    1    1  2.85683E+12 0.01192 
   31   31    1    1    1    1    1    1    1    1  9.25957E+12 0.01126 
   32   32    1    1    1    1    1    1    1    1  1.75880E+13 0.00480 
   33   33    1    1    1    1    1    1    1    1  4.21347E+13 0.00367 
   34   34    1    1    1    1    1    1    1    1  5.86561E+13 0.00330 
   35   35    1    1    1    1    1    1    1    1  7.96621E+13 0.00302 
   36   36    1    1    1    1    1    1    1    1  5.47431E+13 0.00235 
   37   37    1    1    1    1    1    1    1    1  1.69139E+13 0.00230 
   38   38    1    1    1    1    1    1    1    1  9.46614E+13 0.00251 
   39   39    1    1    1    1    1    1    1    1  1.27711E+14 0.00219 
   40   40    1    1    1    1    1    1    1    1  2.19337E+14 0.00200 
   41   41    1    1    1    1    1    1    1    1  2.25256E+14 0.00149 
   42   42    1    1    1    1    1    1    1    1  4.81648E+14 0.00144 
   43   43    1    1    1    1    1    1    1    1  5.86822E+14 0.00125 
   44   44    1    1    1    1    1    1    1    1  8.55610E+14 0.00110 
   45   45    1    1    1    1    1    1    1    1  1.70820E+15 0.00114 
   46   46    1    1    1    1    1    1    1    1  8.02989E+14 0.00087 
   47   47    1    1    1    1    1    1    1    1  1.30616E+15 0.00107 
   48   48    1    1    1    1    1    1    1    1  1.82997E+15 0.00083 
   49   49    1    1    1    1    1    1    1    1  1.82703E+15 0.00104 
   50   50    1    1    1    1    1    1    1    1  2.84490E+15 0.00082 
   51   51    1    1    1    1    1    1    1    1  2.29083E+15 0.00082 
   52   52    1    1    1    1    1    1    1    1  2.71225E+15 0.00077 
   53   53    1    1    1    1    1    1    1    1  1.89209E+15 0.00086 
   54   54    1    1    1    1    1    1    1    1  2.30333E+15 0.00100 
   55   55    1    1    1    1    1    1    1    1  1.58935E+15 0.00087 
   56   56    1    1    1    1    1    1    1    1  2.16836E+14 0.00106 
   57   57    1    1    1    1    1    1    1    1  3.16858E+15 0.00092 
   58   58    1    1    1    1    1    1    1    1  1.40113E+15 0.00081 
   59   59    1    1    1    1    1    1    1    1  1.49456E+15 0.00109 
   60   60    1    1    1    1    1    1    1    1  1.15614E+15 0.00086 
   61   61    1    1    1    1    1    1    1    1  1.16416E+15 0.00112 
   62   62    1    1    1    1    1    1    1    1  1.21203E+15 0.00095 
   63   63    1    1    1    1    1    1    1    1  1.02006E+15 0.00115 
   64   64    1    1    1    1    1    1    1    1  8.10095E+14 0.00124 
   65   65    1    1    1    1    1    1    1    1  8.06548E+14 0.00086 
   66   66    1    1    1    1    1    1    1    1  5.80453E+14 0.00105 
   67   67    1    1    1    1    1    1    1    1  4.73538E+14 0.00125 
   68   68    1    1    1    1    1    1    1    1  4.26062E+14 0.00125 
   69   69    1    1    1    1    1    1    1    1  5.11638E+14 0.00161 
   70   70    1    1    1    1    1    1    1    1  4.35399E+14 0.00138 
   71   71    1    1    1    1    1    1    1    1  7.97500E+14 0.00107 
   72   72    1    1    1    1    1    1    1    1  5.65283E+14 0.00156 
   73   73    1    1    1    1    1    1    1    1  4.24672E+14 0.00128 
   74   74    1    1    1    1    1    1    1    1  3.39807E+14 0.00170 
   75   75    1    1    1    1    1    1    1    1  2.80438E+14 0.00145 
   76   76    1    1    1    1    1    1    1    1  3.24983E+14 0.00176 
   77   77    1    1    1    1    1    1    1    1  2.54208E+14 0.00211 
   78   78    1    1    1    1    1    1    1    1  2.01836E+14 0.00182 
   79   79    1    1    1    1    1    1    1    1  2.07324E+14 0.00236 
   80   80    1    1    1    1    1    1    1    1  1.53651E+14 0.00190 
   81   81    1    1    1    1    1    1    1    1  1.17880E+14 0.00289 
   82   82    1    1    1    1    1    1    1    1  9.12217E+13 0.00158 
   83   83    1    1    1    1    1    1    1    1  8.49545E+13 0.00277 
   84   84    1    1    1    1    1    1    1    1  6.07974E+13 0.00298 
   85   85    1    1    1    1    1    1    1    1  4.39641E+13 0.00392 
   86   86    1    1    1    1    1    1    1    1  4.12924E+13 0.00441 
   87   87    1    1    1    1    1    1    1    1  2.56098E+13 0.00426 
   88   88    1    1    1    1    1    1    1    1  1.71514E+13 0.00473 
   89   89    1    1    1    1    1    1    1    1  9.85048E+12 0.00665 
   90   90    1    1    1    1    1    1    1    1  6.64774E+12 0.00718 
   91   91    1    1    1    1    1    1    1    1  3.32581E+12 0.01498 
   92   92    1    1    1    1    1    1    1    1  1.56303E+12 0.02246 
   93   93    1    1    1    1    1    1    1    1  7.91056E+11 0.02699 
   94   94    1    1    1    1    1    1    1    1  3.65683E+11 0.03625 
   95   95    1    1    1    1    1    1    1    1  1.82526E+11 0.04796 
   96   96    1    1    1    1    1    1    1    1  8.97558E+10 0.08238 
   97   97    1    1    1    1    1    1    1    1  3.82765E+10 0.10008 
   98   98    1    1    1    1    1    1    1    1  1.99624E+10 0.14033 
   99   99    1    1    1    1    1    1    1    1  9.04168E+09 0.24081 
  100  100    1    1    1    1    1    1    1    1  9.16735E+09 0.22334 
];


