
DETdpaspec = [
    1    1    1    1    1    1    1    1    1    1  0.00000E+00 0.00000 
    2    2    1    1    1    1    1    1    1    1  0.00000E+00 0.00000 
    3    3    1    1    1    1    1    1    1    1  1.08952E+07 1.00000 
    4    4    1    1    1    1    1    1    1    1  0.00000E+00 0.00000 
    5    5    1    1    1    1    1    1    1    1  0.00000E+00 0.00000 
    6    6    1    1    1    1    1    1    1    1  0.00000E+00 0.00000 
    7    7    1    1    1    1    1    1    1    1  0.00000E+00 0.00000 
    8    8    1    1    1    1    1    1    1    1  0.00000E+00 0.00000 
    9    9    1    1    1    1    1    1    1    1  1.30155E+07 0.69317 
   10   10    1    1    1    1    1    1    1    1  0.00000E+00 0.00000 
   11   11    1    1    1    1    1    1    1    1  5.11968E+07 1.00000 
   12   12    1    1    1    1    1    1    1    1  9.78252E+07 0.54831 
   13   13    1    1    1    1    1    1    1    1  0.00000E+00 0.00000 
   14   14    1    1    1    1    1    1    1    1  3.15703E+09 0.47018 
   15   15    1    1    1    1    1    1    1    1  6.25163E+09 0.40766 
   16   16    1    1    1    1    1    1    1    1  9.04177E+08 0.49923 
   17   17    1    1    1    1    1    1    1    1  3.24757E+09 0.41116 
   18   18    1    1    1    1    1    1    1    1  5.94801E+09 0.29565 
   19   19    1    1    1    1    1    1    1    1  5.30023E+09 0.29224 
   20   20    1    1    1    1    1    1    1    1  1.77358E+10 0.18528 
   21   21    1    1    1    1    1    1    1    1  1.68615E+10 0.18614 
   22   22    1    1    1    1    1    1    1    1  3.48862E+10 0.11630 
   23   23    1    1    1    1    1    1    1    1  4.46723E+10 0.13116 
   24   24    1    1    1    1    1    1    1    1  8.05548E+10 0.08434 
   25   25    1    1    1    1    1    1    1    1  1.08924E+11 0.08020 
   26   26    1    1    1    1    1    1    1    1  1.95108E+11 0.05061 
   27   27    1    1    1    1    1    1    1    1  3.68739E+11 0.03151 
   28   28    1    1    1    1    1    1    1    1  8.36991E+11 0.02808 
   29   29    1    1    1    1    1    1    1    1  1.47023E+12 0.02216 
   30   30    1    1    1    1    1    1    1    1  4.11569E+12 0.00932 
   31   31    1    1    1    1    1    1    1    1  1.26252E+13 0.00592 
   32   32    1    1    1    1    1    1    1    1  2.33357E+13 0.00509 
   33   33    1    1    1    1    1    1    1    1  5.58611E+13 0.00264 
   34   34    1    1    1    1    1    1    1    1  7.89787E+13 0.00237 
   35   35    1    1    1    1    1    1    1    1  9.84266E+13 0.00218 
   36   36    1    1    1    1    1    1    1    1  6.51258E+13 0.00195 
   37   37    1    1    1    1    1    1    1    1  1.97469E+13 0.00227 
   38   38    1    1    1    1    1    1    1    1  1.12453E+14 0.00221 
   39   39    1    1    1    1    1    1    1    1  1.52483E+14 0.00241 
   40   40    1    1    1    1    1    1    1    1  2.63829E+14 0.00142 
   41   41    1    1    1    1    1    1    1    1  2.65214E+14 0.00161 
   42   42    1    1    1    1    1    1    1    1  5.75159E+14 0.00111 
   43   43    1    1    1    1    1    1    1    1  7.03387E+14 0.00070 
   44   44    1    1    1    1    1    1    1    1  1.02582E+15 0.00110 
   45   45    1    1    1    1    1    1    1    1  2.06991E+15 0.00095 
   46   46    1    1    1    1    1    1    1    1  9.61767E+14 0.00108 
   47   47    1    1    1    1    1    1    1    1  1.55524E+15 0.00085 
   48   48    1    1    1    1    1    1    1    1  2.17768E+15 0.00089 
   49   49    1    1    1    1    1    1    1    1  2.16364E+15 0.00071 
   50   50    1    1    1    1    1    1    1    1  3.40293E+15 0.00075 
   51   51    1    1    1    1    1    1    1    1  2.70262E+15 0.00063 
   52   52    1    1    1    1    1    1    1    1  3.25096E+15 0.00067 
   53   53    1    1    1    1    1    1    1    1  2.25960E+15 0.00065 
   54   54    1    1    1    1    1    1    1    1  2.78682E+15 0.00063 
   55   55    1    1    1    1    1    1    1    1  1.91759E+15 0.00050 
   56   56    1    1    1    1    1    1    1    1  2.60411E+14 0.00109 
   57   57    1    1    1    1    1    1    1    1  3.81840E+15 0.00068 
   58   58    1    1    1    1    1    1    1    1  1.72199E+15 0.00066 
   59   59    1    1    1    1    1    1    1    1  1.82622E+15 0.00084 
   60   60    1    1    1    1    1    1    1    1  1.43224E+15 0.00089 
   61   61    1    1    1    1    1    1    1    1  1.43531E+15 0.00087 
   62   62    1    1    1    1    1    1    1    1  1.50061E+15 0.00087 
   63   63    1    1    1    1    1    1    1    1  1.26709E+15 0.00080 
   64   64    1    1    1    1    1    1    1    1  1.00989E+15 0.00072 
   65   65    1    1    1    1    1    1    1    1  1.00298E+15 0.00078 
   66   66    1    1    1    1    1    1    1    1  7.22774E+14 0.00107 
   67   67    1    1    1    1    1    1    1    1  5.87193E+14 0.00086 
   68   68    1    1    1    1    1    1    1    1  5.26802E+14 0.00122 
   69   69    1    1    1    1    1    1    1    1  6.32085E+14 0.00140 
   70   70    1    1    1    1    1    1    1    1  5.37059E+14 0.00132 
   71   71    1    1    1    1    1    1    1    1  9.73798E+14 0.00105 
   72   72    1    1    1    1    1    1    1    1  6.87793E+14 0.00107 
   73   73    1    1    1    1    1    1    1    1  5.19645E+14 0.00119 
   74   74    1    1    1    1    1    1    1    1  4.18512E+14 0.00127 
   75   75    1    1    1    1    1    1    1    1  3.49096E+14 0.00143 
   76   76    1    1    1    1    1    1    1    1  4.07081E+14 0.00126 
   77   77    1    1    1    1    1    1    1    1  3.23270E+14 0.00147 
   78   78    1    1    1    1    1    1    1    1  2.58626E+14 0.00188 
   79   79    1    1    1    1    1    1    1    1  2.67216E+14 0.00188 
   80   80    1    1    1    1    1    1    1    1  1.98927E+14 0.00189 
   81   81    1    1    1    1    1    1    1    1  1.52944E+14 0.00224 
   82   82    1    1    1    1    1    1    1    1  1.17675E+14 0.00192 
   83   83    1    1    1    1    1    1    1    1  1.10282E+14 0.00270 
   84   84    1    1    1    1    1    1    1    1  7.94011E+13 0.00287 
   85   85    1    1    1    1    1    1    1    1  5.75311E+13 0.00327 
   86   86    1    1    1    1    1    1    1    1  5.34893E+13 0.00391 
   87   87    1    1    1    1    1    1    1    1  3.31330E+13 0.00507 
   88   88    1    1    1    1    1    1    1    1  2.21866E+13 0.00550 
   89   89    1    1    1    1    1    1    1    1  1.27775E+13 0.00635 
   90   90    1    1    1    1    1    1    1    1  8.34934E+12 0.00924 
   91   91    1    1    1    1    1    1    1    1  4.24059E+12 0.01141 
   92   92    1    1    1    1    1    1    1    1  2.06623E+12 0.01783 
   93   93    1    1    1    1    1    1    1    1  9.87483E+11 0.02006 
   94   94    1    1    1    1    1    1    1    1  4.88930E+11 0.03112 
   95   95    1    1    1    1    1    1    1    1  2.39562E+11 0.05695 
   96   96    1    1    1    1    1    1    1    1  9.33319E+10 0.09265 
   97   97    1    1    1    1    1    1    1    1  5.50745E+10 0.09354 
   98   98    1    1    1    1    1    1    1    1  2.95897E+10 0.16776 
   99   99    1    1    1    1    1    1    1    1  1.01809E+10 0.19138 
  100  100    1    1    1    1    1    1    1    1  1.14619E+10 0.25911 
];


