
DETdpaspec = [
    1    1    1    1    1    1    1    1    1    1  0.00000E+00 0.00000 
    2    2    1    1    1    1    1    1    1    1  0.00000E+00 0.00000 
    3    3    1    1    1    1    1    1    1    1  0.00000E+00 0.00000 
    4    4    1    1    1    1    1    1    1    1  0.00000E+00 0.00000 
    5    5    1    1    1    1    1    1    1    1  0.00000E+00 0.00000 
    6    6    1    1    1    1    1    1    1    1  0.00000E+00 0.00000 
    7    7    1    1    1    1    1    1    1    1  0.00000E+00 0.00000 
    8    8    1    1    1    1    1    1    1    1  0.00000E+00 0.00000 
    9    9    1    1    1    1    1    1    1    1  9.35028E+06 1.00000 
   10   10    1    1    1    1    1    1    1    1  9.59981E+07 0.69140 
   11   11    1    1    1    1    1    1    1    1  1.37320E+08 0.75136 
   12   12    1    1    1    1    1    1    1    1  3.27574E+07 0.68948 
   13   13    1    1    1    1    1    1    1    1  3.46620E+08 0.56774 
   14   14    1    1    1    1    1    1    1    1  1.78351E+09 0.37049 
   15   15    1    1    1    1    1    1    1    1  1.98291E+09 0.33969 
   16   16    1    1    1    1    1    1    1    1  1.45834E+09 0.29519 
   17   17    1    1    1    1    1    1    1    1  2.25460E+09 0.22920 
   18   18    1    1    1    1    1    1    1    1  7.44392E+09 0.16736 
   19   19    1    1    1    1    1    1    1    1  6.13519E+09 0.19376 
   20   20    1    1    1    1    1    1    1    1  2.68321E+10 0.14782 
   21   21    1    1    1    1    1    1    1    1  2.28183E+10 0.10968 
   22   22    1    1    1    1    1    1    1    1  5.03849E+10 0.07079 
   23   23    1    1    1    1    1    1    1    1  6.06480E+10 0.06041 
   24   24    1    1    1    1    1    1    1    1  1.00774E+11 0.04736 
   25   25    1    1    1    1    1    1    1    1  1.23769E+11 0.04449 
   26   26    1    1    1    1    1    1    1    1  1.95511E+11 0.05413 
   27   27    1    1    1    1    1    1    1    1  3.33736E+11 0.03343 
   28   28    1    1    1    1    1    1    1    1  6.04530E+11 0.02658 
   29   29    1    1    1    1    1    1    1    1  8.68925E+11 0.02984 
   30   30    1    1    1    1    1    1    1    1  2.65948E+12 0.01509 
   31   31    1    1    1    1    1    1    1    1  8.16002E+12 0.00755 
   32   32    1    1    1    1    1    1    1    1  1.55113E+13 0.00725 
   33   33    1    1    1    1    1    1    1    1  3.55662E+13 0.00305 
   34   34    1    1    1    1    1    1    1    1  4.83413E+13 0.00309 
   35   35    1    1    1    1    1    1    1    1  6.89257E+13 0.00328 
   36   36    1    1    1    1    1    1    1    1  4.81530E+13 0.00330 
   37   37    1    1    1    1    1    1    1    1  1.51277E+13 0.00248 
   38   38    1    1    1    1    1    1    1    1  8.29836E+13 0.00258 
   39   39    1    1    1    1    1    1    1    1  1.11369E+14 0.00214 
   40   40    1    1    1    1    1    1    1    1  1.87850E+14 0.00166 
   41   41    1    1    1    1    1    1    1    1  1.95019E+14 0.00150 
   42   42    1    1    1    1    1    1    1    1  4.08239E+14 0.00134 
   43   43    1    1    1    1    1    1    1    1  4.94048E+14 0.00160 
   44   44    1    1    1    1    1    1    1    1  7.12929E+14 0.00128 
   45   45    1    1    1    1    1    1    1    1  1.39146E+15 0.00098 
   46   46    1    1    1    1    1    1    1    1  6.55536E+14 0.00094 
   47   47    1    1    1    1    1    1    1    1  1.06837E+15 0.00091 
   48   48    1    1    1    1    1    1    1    1  1.48868E+15 0.00111 
   49   49    1    1    1    1    1    1    1    1  1.48297E+15 0.00130 
   50   50    1    1    1    1    1    1    1    1  2.27507E+15 0.00095 
   51   51    1    1    1    1    1    1    1    1  1.84496E+15 0.00077 
   52   52    1    1    1    1    1    1    1    1  2.14520E+15 0.00088 
   53   53    1    1    1    1    1    1    1    1  1.49894E+15 0.00092 
   54   54    1    1    1    1    1    1    1    1  1.79045E+15 0.00097 
   55   55    1    1    1    1    1    1    1    1  1.23741E+15 0.00101 
   56   56    1    1    1    1    1    1    1    1  1.69411E+14 0.00173 
   57   57    1    1    1    1    1    1    1    1  2.46543E+15 0.00116 
   58   58    1    1    1    1    1    1    1    1  1.06764E+15 0.00155 
   59   59    1    1    1    1    1    1    1    1  1.14364E+15 0.00152 
   60   60    1    1    1    1    1    1    1    1  8.71360E+14 0.00123 
   61   61    1    1    1    1    1    1    1    1  8.78144E+14 0.00124 
   62   62    1    1    1    1    1    1    1    1  9.11759E+14 0.00123 
   63   63    1    1    1    1    1    1    1    1  7.60916E+14 0.00129 
   64   64    1    1    1    1    1    1    1    1  6.06241E+14 0.00141 
   65   65    1    1    1    1    1    1    1    1  5.99959E+14 0.00155 
   66   66    1    1    1    1    1    1    1    1  4.30728E+14 0.00188 
   67   67    1    1    1    1    1    1    1    1  3.53480E+14 0.00151 
   68   68    1    1    1    1    1    1    1    1  3.18313E+14 0.00203 
   69   69    1    1    1    1    1    1    1    1  3.81795E+14 0.00166 
   70   70    1    1    1    1    1    1    1    1  3.25583E+14 0.00211 
   71   71    1    1    1    1    1    1    1    1  6.02360E+14 0.00117 
   72   72    1    1    1    1    1    1    1    1  4.28374E+14 0.00178 
   73   73    1    1    1    1    1    1    1    1  3.20279E+14 0.00169 
   74   74    1    1    1    1    1    1    1    1  2.53379E+14 0.00177 
   75   75    1    1    1    1    1    1    1    1  2.07286E+14 0.00232 
   76   76    1    1    1    1    1    1    1    1  2.35538E+14 0.00163 
   77   77    1    1    1    1    1    1    1    1  1.83211E+14 0.00194 
   78   78    1    1    1    1    1    1    1    1  1.44307E+14 0.00252 
   79   79    1    1    1    1    1    1    1    1  1.47333E+14 0.00191 
   80   80    1    1    1    1    1    1    1    1  1.08215E+14 0.00299 
   81   81    1    1    1    1    1    1    1    1  8.34337E+13 0.00303 
   82   82    1    1    1    1    1    1    1    1  6.35843E+13 0.00261 
   83   83    1    1    1    1    1    1    1    1  5.96677E+13 0.00313 
   84   84    1    1    1    1    1    1    1    1  4.28811E+13 0.00378 
   85   85    1    1    1    1    1    1    1    1  3.06363E+13 0.00560 
   86   86    1    1    1    1    1    1    1    1  2.87368E+13 0.00363 
   87   87    1    1    1    1    1    1    1    1  1.78063E+13 0.00484 
   88   88    1    1    1    1    1    1    1    1  1.20808E+13 0.00769 
   89   89    1    1    1    1    1    1    1    1  6.94738E+12 0.00878 
   90   90    1    1    1    1    1    1    1    1  4.74218E+12 0.01276 
   91   91    1    1    1    1    1    1    1    1  2.31623E+12 0.01707 
   92   92    1    1    1    1    1    1    1    1  1.20344E+12 0.02376 
   93   93    1    1    1    1    1    1    1    1  5.70615E+11 0.02087 
   94   94    1    1    1    1    1    1    1    1  2.69687E+11 0.04861 
   95   95    1    1    1    1    1    1    1    1  1.38364E+11 0.06565 
   96   96    1    1    1    1    1    1    1    1  7.11326E+10 0.06223 
   97   97    1    1    1    1    1    1    1    1  3.29975E+10 0.14570 
   98   98    1    1    1    1    1    1    1    1  1.37169E+10 0.17892 
   99   99    1    1    1    1    1    1    1    1  9.36179E+09 0.23433 
  100  100    1    1    1    1    1    1    1    1  3.87160E+09 0.41583 
];


