
DETdpaspec = [
    1    1    1    1    1    1    1    1    1    1  0.00000E+00 0.00000 
    2    2    1    1    1    1    1    1    1    1  0.00000E+00 0.00000 
    3    3    1    1    1    1    1    1    1    1  0.00000E+00 0.00000 
    4    4    1    1    1    1    1    1    1    1  1.24038E+07 1.00000 
    5    5    1    1    1    1    1    1    1    1  0.00000E+00 0.00000 
    6    6    1    1    1    1    1    1    1    1  2.04943E+07 1.00000 
    7    7    1    1    1    1    1    1    1    1  1.48397E+07 1.00000 
    8    8    1    1    1    1    1    1    1    1  3.46773E+07 1.00000 
    9    9    1    1    1    1    1    1    1    1  2.29256E+07 0.72761 
   10   10    1    1    1    1    1    1    1    1  8.98910E+07 0.68863 
   11   11    1    1    1    1    1    1    1    1  3.41030E+08 0.59122 
   12   12    1    1    1    1    1    1    1    1  9.96956E+07 0.63335 
   13   13    1    1    1    1    1    1    1    1  1.47000E+09 0.45529 
   14   14    1    1    1    1    1    1    1    1  1.01346E+09 0.61591 
   15   15    1    1    1    1    1    1    1    1  1.99650E+09 0.43611 
   16   16    1    1    1    1    1    1    1    1  1.52306E+09 0.52613 
   17   17    1    1    1    1    1    1    1    1  2.25765E+09 0.31600 
   18   18    1    1    1    1    1    1    1    1  5.95513E+09 0.21588 
   19   19    1    1    1    1    1    1    1    1  3.79432E+09 0.25346 
   20   20    1    1    1    1    1    1    1    1  1.94140E+10 0.23724 
   21   21    1    1    1    1    1    1    1    1  1.48829E+10 0.12857 
   22   22    1    1    1    1    1    1    1    1  3.44932E+10 0.07591 
   23   23    1    1    1    1    1    1    1    1  5.30446E+10 0.09994 
   24   24    1    1    1    1    1    1    1    1  7.96321E+10 0.07276 
   25   25    1    1    1    1    1    1    1    1  1.11018E+11 0.04041 
   26   26    1    1    1    1    1    1    1    1  2.07448E+11 0.06661 
   27   27    1    1    1    1    1    1    1    1  3.58462E+11 0.04402 
   28   28    1    1    1    1    1    1    1    1  8.26375E+11 0.02658 
   29   29    1    1    1    1    1    1    1    1  1.44984E+12 0.01688 
   30   30    1    1    1    1    1    1    1    1  3.92735E+12 0.01119 
   31   31    1    1    1    1    1    1    1    1  1.22158E+13 0.00597 
   32   32    1    1    1    1    1    1    1    1  2.27167E+13 0.00470 
   33   33    1    1    1    1    1    1    1    1  5.46375E+13 0.00306 
   34   34    1    1    1    1    1    1    1    1  7.65344E+13 0.00295 
   35   35    1    1    1    1    1    1    1    1  9.62810E+13 0.00212 
   36   36    1    1    1    1    1    1    1    1  6.39414E+13 0.00260 
   37   37    1    1    1    1    1    1    1    1  1.93750E+13 0.00175 
   38   38    1    1    1    1    1    1    1    1  1.10340E+14 0.00224 
   39   39    1    1    1    1    1    1    1    1  1.49540E+14 0.00147 
   40   40    1    1    1    1    1    1    1    1  2.58383E+14 0.00111 
   41   41    1    1    1    1    1    1    1    1  2.60414E+14 0.00140 
   42   42    1    1    1    1    1    1    1    1  5.64527E+14 0.00149 
   43   43    1    1    1    1    1    1    1    1  6.89602E+14 0.00113 
   44   44    1    1    1    1    1    1    1    1  1.00825E+15 0.00098 
   45   45    1    1    1    1    1    1    1    1  2.03289E+15 0.00081 
   46   46    1    1    1    1    1    1    1    1  9.46762E+14 0.00103 
   47   47    1    1    1    1    1    1    1    1  1.53067E+15 0.00075 
   48   48    1    1    1    1    1    1    1    1  2.14340E+15 0.00061 
   49   49    1    1    1    1    1    1    1    1  2.13096E+15 0.00046 
   50   50    1    1    1    1    1    1    1    1  3.34868E+15 0.00079 
   51   51    1    1    1    1    1    1    1    1  2.66164E+15 0.00091 
   52   52    1    1    1    1    1    1    1    1  3.20129E+15 0.00082 
   53   53    1    1    1    1    1    1    1    1  2.22430E+15 0.00071 
   54   54    1    1    1    1    1    1    1    1  2.74130E+15 0.00091 
   55   55    1    1    1    1    1    1    1    1  1.88896E+15 0.00080 
   56   56    1    1    1    1    1    1    1    1  2.56740E+14 0.00122 
   57   57    1    1    1    1    1    1    1    1  3.76180E+15 0.00071 
   58   58    1    1    1    1    1    1    1    1  1.69257E+15 0.00105 
   59   59    1    1    1    1    1    1    1    1  1.79833E+15 0.00070 
   60   60    1    1    1    1    1    1    1    1  1.40795E+15 0.00098 
   61   61    1    1    1    1    1    1    1    1  1.41022E+15 0.00072 
   62   62    1    1    1    1    1    1    1    1  1.47310E+15 0.00091 
   63   63    1    1    1    1    1    1    1    1  1.24331E+15 0.00090 
   64   64    1    1    1    1    1    1    1    1  9.91941E+14 0.00095 
   65   65    1    1    1    1    1    1    1    1  9.85817E+14 0.00112 
   66   66    1    1    1    1    1    1    1    1  7.09264E+14 0.00071 
   67   67    1    1    1    1    1    1    1    1  5.76890E+14 0.00100 
   68   68    1    1    1    1    1    1    1    1  5.18113E+14 0.00116 
   69   69    1    1    1    1    1    1    1    1  6.20823E+14 0.00109 
   70   70    1    1    1    1    1    1    1    1  5.29181E+14 0.00151 
   71   71    1    1    1    1    1    1    1    1  9.58640E+14 0.00112 
   72   72    1    1    1    1    1    1    1    1  6.77805E+14 0.00115 
   73   73    1    1    1    1    1    1    1    1  5.10702E+14 0.00106 
   74   74    1    1    1    1    1    1    1    1  4.13051E+14 0.00158 
   75   75    1    1    1    1    1    1    1    1  3.44499E+14 0.00125 
   76   76    1    1    1    1    1    1    1    1  4.00111E+14 0.00141 
   77   77    1    1    1    1    1    1    1    1  3.17130E+14 0.00153 
   78   78    1    1    1    1    1    1    1    1  2.54128E+14 0.00173 
   79   79    1    1    1    1    1    1    1    1  2.62509E+14 0.00118 
   80   80    1    1    1    1    1    1    1    1  1.94133E+14 0.00123 
   81   81    1    1    1    1    1    1    1    1  1.49984E+14 0.00181 
   82   82    1    1    1    1    1    1    1    1  1.15002E+14 0.00197 
   83   83    1    1    1    1    1    1    1    1  1.08128E+14 0.00222 
   84   84    1    1    1    1    1    1    1    1  7.79956E+13 0.00359 
   85   85    1    1    1    1    1    1    1    1  5.61899E+13 0.00267 
   86   86    1    1    1    1    1    1    1    1  5.24997E+13 0.00259 
   87   87    1    1    1    1    1    1    1    1  3.23475E+13 0.00365 
   88   88    1    1    1    1    1    1    1    1  2.19418E+13 0.00505 
   89   89    1    1    1    1    1    1    1    1  1.24679E+13 0.00782 
   90   90    1    1    1    1    1    1    1    1  8.25425E+12 0.00813 
   91   91    1    1    1    1    1    1    1    1  4.17005E+12 0.01010 
   92   92    1    1    1    1    1    1    1    1  2.03870E+12 0.01279 
   93   93    1    1    1    1    1    1    1    1  9.89634E+11 0.03204 
   94   94    1    1    1    1    1    1    1    1  4.95624E+11 0.02954 
   95   95    1    1    1    1    1    1    1    1  2.08277E+11 0.04439 
   96   96    1    1    1    1    1    1    1    1  1.21912E+11 0.07044 
   97   97    1    1    1    1    1    1    1    1  4.74530E+10 0.12592 
   98   98    1    1    1    1    1    1    1    1  1.94204E+10 0.15976 
   99   99    1    1    1    1    1    1    1    1  9.95633E+09 0.24017 
  100  100    1    1    1    1    1    1    1    1  9.01971E+09 0.25625 
];


