
DETdpaspec = [
    1    1    1    1    1    1    1    1    1    1  0.00000E+00 0.00000 
    2    2    1    1    1    1    1    1    1    1  0.00000E+00 0.00000 
    3    3    1    1    1    1    1    1    1    1  0.00000E+00 0.00000 
    4    4    1    1    1    1    1    1    1    1  8.95748E+06 1.00000 
    5    5    1    1    1    1    1    1    1    1  0.00000E+00 0.00000 
    6    6    1    1    1    1    1    1    1    1  9.01976E+06 1.00000 
    7    7    1    1    1    1    1    1    1    1  1.50612E+07 1.00000 
    8    8    1    1    1    1    1    1    1    1  0.00000E+00 0.00000 
    9    9    1    1    1    1    1    1    1    1  0.00000E+00 0.00000 
   10   10    1    1    1    1    1    1    1    1  0.00000E+00 0.00000 
   11   11    1    1    1    1    1    1    1    1  4.20189E+07 1.00000 
   12   12    1    1    1    1    1    1    1    1  4.47647E+07 0.74247 
   13   13    1    1    1    1    1    1    1    1  8.12448E+08 0.49615 
   14   14    1    1    1    1    1    1    1    1  2.94862E+09 0.51733 
   15   15    1    1    1    1    1    1    1    1  3.34095E+09 0.31003 
   16   16    1    1    1    1    1    1    1    1  8.98740E+08 0.38750 
   17   17    1    1    1    1    1    1    1    1  1.91419E+09 0.33514 
   18   18    1    1    1    1    1    1    1    1  5.60826E+09 0.28029 
   19   19    1    1    1    1    1    1    1    1  6.10698E+09 0.23277 
   20   20    1    1    1    1    1    1    1    1  1.57711E+10 0.17999 
   21   21    1    1    1    1    1    1    1    1  1.49684E+10 0.09675 
   22   22    1    1    1    1    1    1    1    1  3.96937E+10 0.11805 
   23   23    1    1    1    1    1    1    1    1  4.98510E+10 0.09794 
   24   24    1    1    1    1    1    1    1    1  8.08646E+10 0.05737 
   25   25    1    1    1    1    1    1    1    1  1.11893E+11 0.04310 
   26   26    1    1    1    1    1    1    1    1  1.86153E+11 0.05228 
   27   27    1    1    1    1    1    1    1    1  3.30904E+11 0.03716 
   28   28    1    1    1    1    1    1    1    1  6.08666E+11 0.01996 
   29   29    1    1    1    1    1    1    1    1  9.10634E+11 0.02274 
   30   30    1    1    1    1    1    1    1    1  2.74417E+12 0.01375 
   31   31    1    1    1    1    1    1    1    1  8.56169E+12 0.01043 
   32   32    1    1    1    1    1    1    1    1  1.63912E+13 0.00666 
   33   33    1    1    1    1    1    1    1    1  3.81904E+13 0.00373 
   34   34    1    1    1    1    1    1    1    1  5.25637E+13 0.00270 
   35   35    1    1    1    1    1    1    1    1  7.33728E+13 0.00213 
   36   36    1    1    1    1    1    1    1    1  5.07949E+13 0.00192 
   37   37    1    1    1    1    1    1    1    1  1.59145E+13 0.00192 
   38   38    1    1    1    1    1    1    1    1  8.78793E+13 0.00186 
   39   39    1    1    1    1    1    1    1    1  1.18473E+14 0.00184 
   40   40    1    1    1    1    1    1    1    1  2.02010E+14 0.00150 
   41   41    1    1    1    1    1    1    1    1  2.09067E+14 0.00151 
   42   42    1    1    1    1    1    1    1    1  4.41745E+14 0.00135 
   43   43    1    1    1    1    1    1    1    1  5.37013E+14 0.00099 
   44   44    1    1    1    1    1    1    1    1  7.79946E+14 0.00109 
   45   45    1    1    1    1    1    1    1    1  1.53565E+15 0.00110 
   46   46    1    1    1    1    1    1    1    1  7.25449E+14 0.00127 
   47   47    1    1    1    1    1    1    1    1  1.18067E+15 0.00105 
   48   48    1    1    1    1    1    1    1    1  1.65063E+15 0.00087 
   49   49    1    1    1    1    1    1    1    1  1.64734E+15 0.00090 
   50   50    1    1    1    1    1    1    1    1  2.54076E+15 0.00086 
   51   51    1    1    1    1    1    1    1    1  2.05817E+15 0.00084 
   52   52    1    1    1    1    1    1    1    1  2.41314E+15 0.00121 
   53   53    1    1    1    1    1    1    1    1  1.68479E+15 0.00134 
   54   54    1    1    1    1    1    1    1    1  2.03052E+15 0.00108 
   55   55    1    1    1    1    1    1    1    1  1.40314E+15 0.00124 
   56   56    1    1    1    1    1    1    1    1  1.91640E+14 0.00153 
   57   57    1    1    1    1    1    1    1    1  2.79961E+15 0.00129 
   58   58    1    1    1    1    1    1    1    1  1.22299E+15 0.00118 
   59   59    1    1    1    1    1    1    1    1  1.30765E+15 0.00115 
   60   60    1    1    1    1    1    1    1    1  1.00308E+15 0.00107 
   61   61    1    1    1    1    1    1    1    1  1.00997E+15 0.00147 
   62   62    1    1    1    1    1    1    1    1  1.04908E+15 0.00141 
   63   63    1    1    1    1    1    1    1    1  8.80798E+14 0.00134 
   64   64    1    1    1    1    1    1    1    1  7.01321E+14 0.00143 
   65   65    1    1    1    1    1    1    1    1  6.95571E+14 0.00139 
   66   66    1    1    1    1    1    1    1    1  4.99701E+14 0.00187 
   67   67    1    1    1    1    1    1    1    1  4.09332E+14 0.00180 
   68   68    1    1    1    1    1    1    1    1  3.68204E+14 0.00169 
   69   69    1    1    1    1    1    1    1    1  4.42665E+14 0.00203 
   70   70    1    1    1    1    1    1    1    1  3.77716E+14 0.00176 
   71   71    1    1    1    1    1    1    1    1  6.93110E+14 0.00167 
   72   72    1    1    1    1    1    1    1    1  4.91275E+14 0.00127 
   73   73    1    1    1    1    1    1    1    1  3.69381E+14 0.00164 
   74   74    1    1    1    1    1    1    1    1  2.93456E+14 0.00195 
   75   75    1    1    1    1    1    1    1    1  2.41514E+14 0.00179 
   76   76    1    1    1    1    1    1    1    1  2.76553E+14 0.00164 
   77   77    1    1    1    1    1    1    1    1  2.16449E+14 0.00147 
   78   78    1    1    1    1    1    1    1    1  1.70760E+14 0.00171 
   79   79    1    1    1    1    1    1    1    1  1.74729E+14 0.00175 
   80   80    1    1    1    1    1    1    1    1  1.29147E+14 0.00191 
   81   81    1    1    1    1    1    1    1    1  9.91822E+13 0.00224 
   82   82    1    1    1    1    1    1    1    1  7.58580E+13 0.00251 
   83   83    1    1    1    1    1    1    1    1  7.09001E+13 0.00298 
   84   84    1    1    1    1    1    1    1    1  5.10884E+13 0.00401 
   85   85    1    1    1    1    1    1    1    1  3.67173E+13 0.00331 
   86   86    1    1    1    1    1    1    1    1  3.44467E+13 0.00458 
   87   87    1    1    1    1    1    1    1    1  2.12906E+13 0.00463 
   88   88    1    1    1    1    1    1    1    1  1.43911E+13 0.00647 
   89   89    1    1    1    1    1    1    1    1  8.18727E+12 0.00856 
   90   90    1    1    1    1    1    1    1    1  5.45464E+12 0.00750 
   91   91    1    1    1    1    1    1    1    1  2.77503E+12 0.00904 
   92   92    1    1    1    1    1    1    1    1  1.37347E+12 0.02023 
   93   93    1    1    1    1    1    1    1    1  6.76022E+11 0.02622 
   94   94    1    1    1    1    1    1    1    1  3.19791E+11 0.03821 
   95   95    1    1    1    1    1    1    1    1  1.53886E+11 0.05732 
   96   96    1    1    1    1    1    1    1    1  8.41513E+10 0.08931 
   97   97    1    1    1    1    1    1    1    1  3.13631E+10 0.12210 
   98   98    1    1    1    1    1    1    1    1  2.22602E+10 0.15212 
   99   99    1    1    1    1    1    1    1    1  1.34958E+10 0.24312 
  100  100    1    1    1    1    1    1    1    1  5.51799E+09 0.27264 
];


