
DETdpaspec = [
    1    1    1    1    1    1    1    1    1    1  0.00000E+00 0.00000 
    2    2    1    1    1    1    1    1    1    1  0.00000E+00 0.00000 
    3    3    1    1    1    1    1    1    1    1  6.96540E+06 1.00000 
    4    4    1    1    1    1    1    1    1    1  0.00000E+00 0.00000 
    5    5    1    1    1    1    1    1    1    1  0.00000E+00 0.00000 
    6    6    1    1    1    1    1    1    1    1  0.00000E+00 0.00000 
    7    7    1    1    1    1    1    1    1    1  1.11001E+07 1.00000 
    8    8    1    1    1    1    1    1    1    1  0.00000E+00 0.00000 
    9    9    1    1    1    1    1    1    1    1  0.00000E+00 0.00000 
   10   10    1    1    1    1    1    1    1    1  1.48957E+08 0.85883 
   11   11    1    1    1    1    1    1    1    1  2.67290E+08 0.51338 
   12   12    1    1    1    1    1    1    1    1  4.47610E+07 0.69335 
   13   13    1    1    1    1    1    1    1    1  1.08959E+09 0.52151 
   14   14    1    1    1    1    1    1    1    1  3.10073E+09 0.34038 
   15   15    1    1    1    1    1    1    1    1  2.85229E+09 0.33126 
   16   16    1    1    1    1    1    1    1    1  1.59950E+09 0.38788 
   17   17    1    1    1    1    1    1    1    1  2.93226E+09 0.22490 
   18   18    1    1    1    1    1    1    1    1  9.50913E+09 0.18999 
   19   19    1    1    1    1    1    1    1    1  9.47307E+09 0.22199 
   20   20    1    1    1    1    1    1    1    1  1.81987E+10 0.14351 
   21   21    1    1    1    1    1    1    1    1  1.45245E+10 0.11131 
   22   22    1    1    1    1    1    1    1    1  4.65352E+10 0.09849 
   23   23    1    1    1    1    1    1    1    1  6.58077E+10 0.06629 
   24   24    1    1    1    1    1    1    1    1  9.45955E+10 0.07384 
   25   25    1    1    1    1    1    1    1    1  1.15639E+11 0.05337 
   26   26    1    1    1    1    1    1    1    1  1.95732E+11 0.05469 
   27   27    1    1    1    1    1    1    1    1  3.27451E+11 0.03909 
   28   28    1    1    1    1    1    1    1    1  6.12178E+11 0.02892 
   29   29    1    1    1    1    1    1    1    1  9.00961E+11 0.02156 
   30   30    1    1    1    1    1    1    1    1  2.65139E+12 0.01403 
   31   31    1    1    1    1    1    1    1    1  8.25844E+12 0.00754 
   32   32    1    1    1    1    1    1    1    1  1.57674E+13 0.00557 
   33   33    1    1    1    1    1    1    1    1  3.60644E+13 0.00372 
   34   34    1    1    1    1    1    1    1    1  4.91159E+13 0.00348 
   35   35    1    1    1    1    1    1    1    1  6.95667E+13 0.00307 
   36   36    1    1    1    1    1    1    1    1  4.87060E+13 0.00252 
   37   37    1    1    1    1    1    1    1    1  1.52551E+13 0.00279 
   38   38    1    1    1    1    1    1    1    1  8.41868E+13 0.00245 
   39   39    1    1    1    1    1    1    1    1  1.12978E+14 0.00200 
   40   40    1    1    1    1    1    1    1    1  1.91500E+14 0.00198 
   41   41    1    1    1    1    1    1    1    1  1.99157E+14 0.00153 
   42   42    1    1    1    1    1    1    1    1  4.16495E+14 0.00137 
   43   43    1    1    1    1    1    1    1    1  5.04227E+14 0.00158 
   44   44    1    1    1    1    1    1    1    1  7.30253E+14 0.00115 
   45   45    1    1    1    1    1    1    1    1  1.42900E+15 0.00116 
   46   46    1    1    1    1    1    1    1    1  6.74374E+14 0.00108 
   47   47    1    1    1    1    1    1    1    1  1.09987E+15 0.00124 
   48   48    1    1    1    1    1    1    1    1  1.53072E+15 0.00126 
   49   49    1    1    1    1    1    1    1    1  1.52574E+15 0.00103 
   50   50    1    1    1    1    1    1    1    1  2.34478E+15 0.00082 
   51   51    1    1    1    1    1    1    1    1  1.90002E+15 0.00096 
   52   52    1    1    1    1    1    1    1    1  2.21566E+15 0.00102 
   53   53    1    1    1    1    1    1    1    1  1.54680E+15 0.00108 
   54   54    1    1    1    1    1    1    1    1  1.85268E+15 0.00111 
   55   55    1    1    1    1    1    1    1    1  1.28167E+15 0.00103 
   56   56    1    1    1    1    1    1    1    1  1.75333E+14 0.00158 
   57   57    1    1    1    1    1    1    1    1  2.55213E+15 0.00098 
   58   58    1    1    1    1    1    1    1    1  1.10881E+15 0.00097 
   59   59    1    1    1    1    1    1    1    1  1.18689E+15 0.00138 
   60   60    1    1    1    1    1    1    1    1  9.04895E+14 0.00134 
   61   61    1    1    1    1    1    1    1    1  9.11950E+14 0.00105 
   62   62    1    1    1    1    1    1    1    1  9.47131E+14 0.00121 
   63   63    1    1    1    1    1    1    1    1  7.92925E+14 0.00160 
   64   64    1    1    1    1    1    1    1    1  6.30477E+14 0.00145 
   65   65    1    1    1    1    1    1    1    1  6.25178E+14 0.00150 
   66   66    1    1    1    1    1    1    1    1  4.49460E+14 0.00128 
   67   67    1    1    1    1    1    1    1    1  3.68221E+14 0.00115 
   68   68    1    1    1    1    1    1    1    1  3.31252E+14 0.00149 
   69   69    1    1    1    1    1    1    1    1  3.98083E+14 0.00134 
   70   70    1    1    1    1    1    1    1    1  3.39930E+14 0.00162 
   71   71    1    1    1    1    1    1    1    1  6.27744E+14 0.00152 
   72   72    1    1    1    1    1    1    1    1  4.45333E+14 0.00172 
   73   73    1    1    1    1    1    1    1    1  3.33281E+14 0.00179 
   74   74    1    1    1    1    1    1    1    1  2.64354E+14 0.00149 
   75   75    1    1    1    1    1    1    1    1  2.16244E+14 0.00197 
   76   76    1    1    1    1    1    1    1    1  2.46554E+14 0.00205 
   77   77    1    1    1    1    1    1    1    1  1.91625E+14 0.00177 
   78   78    1    1    1    1    1    1    1    1  1.50859E+14 0.00216 
   79   79    1    1    1    1    1    1    1    1  1.54552E+14 0.00203 
   80   80    1    1    1    1    1    1    1    1  1.14323E+14 0.00227 
   81   81    1    1    1    1    1    1    1    1  8.74555E+13 0.00306 
   82   82    1    1    1    1    1    1    1    1  6.71490E+13 0.00264 
   83   83    1    1    1    1    1    1    1    1  6.27177E+13 0.00300 
   84   84    1    1    1    1    1    1    1    1  4.51554E+13 0.00360 
   85   85    1    1    1    1    1    1    1    1  3.23208E+13 0.00468 
   86   86    1    1    1    1    1    1    1    1  3.03125E+13 0.00331 
   87   87    1    1    1    1    1    1    1    1  1.87612E+13 0.00493 
   88   88    1    1    1    1    1    1    1    1  1.26698E+13 0.00577 
   89   89    1    1    1    1    1    1    1    1  7.28206E+12 0.00685 
   90   90    1    1    1    1    1    1    1    1  4.94086E+12 0.01302 
   91   91    1    1    1    1    1    1    1    1  2.48913E+12 0.01558 
   92   92    1    1    1    1    1    1    1    1  1.23609E+12 0.02362 
   93   93    1    1    1    1    1    1    1    1  5.97939E+11 0.03358 
   94   94    1    1    1    1    1    1    1    1  3.14178E+11 0.04569 
   95   95    1    1    1    1    1    1    1    1  1.21422E+11 0.05573 
   96   96    1    1    1    1    1    1    1    1  5.30503E+10 0.09284 
   97   97    1    1    1    1    1    1    1    1  2.87874E+10 0.12477 
   98   98    1    1    1    1    1    1    1    1  1.15165E+10 0.15130 
   99   99    1    1    1    1    1    1    1    1  9.39000E+09 0.24434 
  100  100    1    1    1    1    1    1    1    1  9.87438E+09 0.29615 
];


