
DETdpaspec = [
    1    1    1    1    1    1    1    1    1    1  0.00000E+00 0.00000 
    2    2    1    1    1    1    1    1    1    1  0.00000E+00 0.00000 
    3    3    1    1    1    1    1    1    1    1  1.46396E+07 1.00000 
    4    4    1    1    1    1    1    1    1    1  0.00000E+00 0.00000 
    5    5    1    1    1    1    1    1    1    1  0.00000E+00 0.00000 
    6    6    1    1    1    1    1    1    1    1  2.88280E+07 0.68835 
    7    7    1    1    1    1    1    1    1    1  0.00000E+00 0.00000 
    8    8    1    1    1    1    1    1    1    1  0.00000E+00 0.00000 
    9    9    1    1    1    1    1    1    1    1  0.00000E+00 0.00000 
   10   10    1    1    1    1    1    1    1    1  5.18322E+07 1.00000 
   11   11    1    1    1    1    1    1    1    1  0.00000E+00 0.00000 
   12   12    1    1    1    1    1    1    1    1  0.00000E+00 0.00000 
   13   13    1    1    1    1    1    1    1    1  2.20030E+09 0.63296 
   14   14    1    1    1    1    1    1    1    1  4.51463E+09 0.33163 
   15   15    1    1    1    1    1    1    1    1  3.71710E+09 0.27775 
   16   16    1    1    1    1    1    1    1    1  9.17321E+08 0.40883 
   17   17    1    1    1    1    1    1    1    1  2.92989E+09 0.31272 
   18   18    1    1    1    1    1    1    1    1  5.50692E+09 0.36172 
   19   19    1    1    1    1    1    1    1    1  4.43636E+09 0.26652 
   20   20    1    1    1    1    1    1    1    1  1.33652E+10 0.18623 
   21   21    1    1    1    1    1    1    1    1  1.54756E+10 0.15413 
   22   22    1    1    1    1    1    1    1    1  3.22072E+10 0.13088 
   23   23    1    1    1    1    1    1    1    1  4.33751E+10 0.09944 
   24   24    1    1    1    1    1    1    1    1  8.25111E+10 0.06382 
   25   25    1    1    1    1    1    1    1    1  1.36564E+11 0.05422 
   26   26    1    1    1    1    1    1    1    1  2.51297E+11 0.03818 
   27   27    1    1    1    1    1    1    1    1  5.83272E+11 0.02917 
   28   28    1    1    1    1    1    1    1    1  1.50012E+12 0.01854 
   29   29    1    1    1    1    1    1    1    1  2.71374E+12 0.01572 
   30   30    1    1    1    1    1    1    1    1  6.79592E+12 0.00981 
   31   31    1    1    1    1    1    1    1    1  1.94295E+13 0.00560 
   32   32    1    1    1    1    1    1    1    1  3.36633E+13 0.00335 
   33   33    1    1    1    1    1    1    1    1  7.67156E+13 0.00358 
   34   34    1    1    1    1    1    1    1    1  1.05178E+14 0.00267 
   35   35    1    1    1    1    1    1    1    1  1.24007E+14 0.00214 
   36   36    1    1    1    1    1    1    1    1  8.02775E+13 0.00194 
   37   37    1    1    1    1    1    1    1    1  2.39599E+13 0.00203 
   38   38    1    1    1    1    1    1    1    1  1.36499E+14 0.00146 
   39   39    1    1    1    1    1    1    1    1  1.83171E+14 0.00184 
   40   40    1    1    1    1    1    1    1    1  3.14872E+14 0.00154 
   41   41    1    1    1    1    1    1    1    1  3.09999E+14 0.00115 
   42   42    1    1    1    1    1    1    1    1  6.66882E+14 0.00107 
   43   43    1    1    1    1    1    1    1    1  8.04596E+14 0.00128 
   44   44    1    1    1    1    1    1    1    1  1.15914E+15 0.00097 
   45   45    1    1    1    1    1    1    1    1  2.30851E+15 0.00069 
   46   46    1    1    1    1    1    1    1    1  1.06720E+15 0.00065 
   47   47    1    1    1    1    1    1    1    1  1.70160E+15 0.00075 
   48   48    1    1    1    1    1    1    1    1  2.36949E+15 0.00086 
   49   49    1    1    1    1    1    1    1    1  2.32506E+15 0.00069 
   50   50    1    1    1    1    1    1    1    1  3.65799E+15 0.00063 
   51   51    1    1    1    1    1    1    1    1  2.87553E+15 0.00081 
   52   52    1    1    1    1    1    1    1    1  3.46226E+15 0.00057 
   53   53    1    1    1    1    1    1    1    1  2.39547E+15 0.00068 
   54   54    1    1    1    1    1    1    1    1  2.96989E+15 0.00079 
   55   55    1    1    1    1    1    1    1    1  2.04118E+15 0.00089 
   56   56    1    1    1    1    1    1    1    1  2.76565E+14 0.00121 
   57   57    1    1    1    1    1    1    1    1  4.04601E+15 0.00065 
   58   58    1    1    1    1    1    1    1    1  1.83456E+15 0.00074 
   59   59    1    1    1    1    1    1    1    1  1.94358E+15 0.00078 
   60   60    1    1    1    1    1    1    1    1  1.53184E+15 0.00074 
   61   61    1    1    1    1    1    1    1    1  1.53078E+15 0.00066 
   62   62    1    1    1    1    1    1    1    1  1.59567E+15 0.00074 
   63   63    1    1    1    1    1    1    1    1  1.34713E+15 0.00084 
   64   64    1    1    1    1    1    1    1    1  1.07225E+15 0.00079 
   65   65    1    1    1    1    1    1    1    1  1.06554E+15 0.00059 
   66   66    1    1    1    1    1    1    1    1  7.70344E+14 0.00079 
   67   67    1    1    1    1    1    1    1    1  6.25067E+14 0.00093 
   68   68    1    1    1    1    1    1    1    1  5.59603E+14 0.00103 
   69   69    1    1    1    1    1    1    1    1  6.71575E+14 0.00064 
   70   70    1    1    1    1    1    1    1    1  5.69467E+14 0.00081 
   71   71    1    1    1    1    1    1    1    1  1.02597E+15 0.00101 
   72   72    1    1    1    1    1    1    1    1  7.25054E+14 0.00134 
   73   73    1    1    1    1    1    1    1    1  5.46895E+14 0.00119 
   74   74    1    1    1    1    1    1    1    1  4.43779E+14 0.00129 
   75   75    1    1    1    1    1    1    1    1  3.71182E+14 0.00150 
   76   76    1    1    1    1    1    1    1    1  4.33813E+14 0.00118 
   77   77    1    1    1    1    1    1    1    1  3.46902E+14 0.00165 
   78   78    1    1    1    1    1    1    1    1  2.77583E+14 0.00113 
   79   79    1    1    1    1    1    1    1    1  2.87525E+14 0.00141 
   80   80    1    1    1    1    1    1    1    1  2.14128E+14 0.00189 
   81   81    1    1    1    1    1    1    1    1  1.65094E+14 0.00195 
   82   82    1    1    1    1    1    1    1    1  1.26816E+14 0.00226 
   83   83    1    1    1    1    1    1    1    1  1.18564E+14 0.00152 
   84   84    1    1    1    1    1    1    1    1  8.57305E+13 0.00201 
   85   85    1    1    1    1    1    1    1    1  6.17564E+13 0.00296 
   86   86    1    1    1    1    1    1    1    1  5.75712E+13 0.00251 
   87   87    1    1    1    1    1    1    1    1  3.52359E+13 0.00445 
   88   88    1    1    1    1    1    1    1    1  2.35872E+13 0.00405 
   89   89    1    1    1    1    1    1    1    1  1.36989E+13 0.00627 
   90   90    1    1    1    1    1    1    1    1  9.06243E+12 0.00766 
   91   91    1    1    1    1    1    1    1    1  4.56973E+12 0.01060 
   92   92    1    1    1    1    1    1    1    1  2.17695E+12 0.01480 
   93   93    1    1    1    1    1    1    1    1  1.06158E+12 0.02406 
   94   94    1    1    1    1    1    1    1    1  5.13453E+11 0.02563 
   95   95    1    1    1    1    1    1    1    1  2.41234E+11 0.05338 
   96   96    1    1    1    1    1    1    1    1  1.23802E+11 0.06581 
   97   97    1    1    1    1    1    1    1    1  6.48218E+10 0.08661 
   98   98    1    1    1    1    1    1    1    1  2.57647E+10 0.16081 
   99   99    1    1    1    1    1    1    1    1  1.21720E+10 0.27344 
  100  100    1    1    1    1    1    1    1    1  7.20882E+09 0.24802 
];


