
DETdpaspec = [
    1    1    1    1    1    1    1    1    1    1  0.00000E+00 0.00000 
    2    2    1    1    1    1    1    1    1    1  0.00000E+00 0.00000 
    3    3    1    1    1    1    1    1    1    1  6.09139E+06 1.00000 
    4    4    1    1    1    1    1    1    1    1  0.00000E+00 0.00000 
    5    5    1    1    1    1    1    1    1    1  0.00000E+00 0.00000 
    6    6    1    1    1    1    1    1    1    1  0.00000E+00 0.00000 
    7    7    1    1    1    1    1    1    1    1  0.00000E+00 0.00000 
    8    8    1    1    1    1    1    1    1    1  1.55196E+07 1.00000 
    9    9    1    1    1    1    1    1    1    1  8.50597E+06 1.00000 
   10   10    1    1    1    1    1    1    1    1  7.61621E+07 0.69715 
   11   11    1    1    1    1    1    1    1    1  2.37875E+08 0.57026 
   12   12    1    1    1    1    1    1    1    1  4.76641E+07 0.49965 
   13   13    1    1    1    1    1    1    1    1  6.02904E+08 0.48467 
   14   14    1    1    1    1    1    1    1    1  1.15277E+09 0.39941 
   15   15    1    1    1    1    1    1    1    1  1.29403E+09 0.48976 
   16   16    1    1    1    1    1    1    1    1  1.05253E+09 0.30427 
   17   17    1    1    1    1    1    1    1    1  2.13316E+09 0.29340 
   18   18    1    1    1    1    1    1    1    1  4.19324E+09 0.20669 
   19   19    1    1    1    1    1    1    1    1  7.15406E+09 0.20623 
   20   20    1    1    1    1    1    1    1    1  2.45296E+10 0.12633 
   21   21    1    1    1    1    1    1    1    1  1.67099E+10 0.10116 
   22   22    1    1    1    1    1    1    1    1  3.94802E+10 0.06574 
   23   23    1    1    1    1    1    1    1    1  6.32902E+10 0.07030 
   24   24    1    1    1    1    1    1    1    1  9.10576E+10 0.05828 
   25   25    1    1    1    1    1    1    1    1  1.25014E+11 0.05069 
   26   26    1    1    1    1    1    1    1    1  1.96503E+11 0.04723 
   27   27    1    1    1    1    1    1    1    1  3.31858E+11 0.03905 
   28   28    1    1    1    1    1    1    1    1  6.73020E+11 0.02342 
   29   29    1    1    1    1    1    1    1    1  1.03477E+12 0.02014 
   30   30    1    1    1    1    1    1    1    1  2.99611E+12 0.01138 
   31   31    1    1    1    1    1    1    1    1  9.34410E+12 0.00863 
   32   32    1    1    1    1    1    1    1    1  1.77108E+13 0.00478 
   33   33    1    1    1    1    1    1    1    1  4.13915E+13 0.00504 
   34   34    1    1    1    1    1    1    1    1  5.66677E+13 0.00388 
   35   35    1    1    1    1    1    1    1    1  7.86838E+13 0.00283 
   36   36    1    1    1    1    1    1    1    1  5.47806E+13 0.00238 
   37   37    1    1    1    1    1    1    1    1  1.70681E+13 0.00243 
   38   38    1    1    1    1    1    1    1    1  9.40419E+13 0.00227 
   39   39    1    1    1    1    1    1    1    1  1.26167E+14 0.00213 
   40   40    1    1    1    1    1    1    1    1  2.15744E+14 0.00148 
   41   41    1    1    1    1    1    1    1    1  2.21329E+14 0.00146 
   42   42    1    1    1    1    1    1    1    1  4.65054E+14 0.00130 
   43   43    1    1    1    1    1    1    1    1  5.61931E+14 0.00154 
   44   44    1    1    1    1    1    1    1    1  8.11002E+14 0.00151 
   45   45    1    1    1    1    1    1    1    1  1.59376E+15 0.00127 
   46   46    1    1    1    1    1    1    1    1  7.56213E+14 0.00104 
   47   47    1    1    1    1    1    1    1    1  1.22234E+15 0.00085 
   48   48    1    1    1    1    1    1    1    1  1.70726E+15 0.00083 
   49   49    1    1    1    1    1    1    1    1  1.69240E+15 0.00081 
   50   50    1    1    1    1    1    1    1    1  2.61771E+15 0.00100 
   51   51    1    1    1    1    1    1    1    1  2.11318E+15 0.00066 
   52   52    1    1    1    1    1    1    1    1  2.47894E+15 0.00073 
   53   53    1    1    1    1    1    1    1    1  1.73242E+15 0.00075 
   54   54    1    1    1    1    1    1    1    1  2.09705E+15 0.00074 
   55   55    1    1    1    1    1    1    1    1  1.44971E+15 0.00108 
   56   56    1    1    1    1    1    1    1    1  1.98190E+14 0.00121 
   57   57    1    1    1    1    1    1    1    1  2.88850E+15 0.00093 
   58   58    1    1    1    1    1    1    1    1  1.26783E+15 0.00114 
   59   59    1    1    1    1    1    1    1    1  1.35566E+15 0.00104 
   60   60    1    1    1    1    1    1    1    1  1.04423E+15 0.00129 
   61   61    1    1    1    1    1    1    1    1  1.05007E+15 0.00120 
   62   62    1    1    1    1    1    1    1    1  1.09137E+15 0.00090 
   63   63    1    1    1    1    1    1    1    1  9.16907E+14 0.00088 
   64   64    1    1    1    1    1    1    1    1  7.28360E+14 0.00147 
   65   65    1    1    1    1    1    1    1    1  7.22029E+14 0.00111 
   66   66    1    1    1    1    1    1    1    1  5.22670E+14 0.00105 
   67   67    1    1    1    1    1    1    1    1  4.27553E+14 0.00111 
   68   68    1    1    1    1    1    1    1    1  3.83914E+14 0.00140 
   69   69    1    1    1    1    1    1    1    1  4.61417E+14 0.00148 
   70   70    1    1    1    1    1    1    1    1  3.93132E+14 0.00162 
   71   71    1    1    1    1    1    1    1    1  7.25003E+14 0.00132 
   72   72    1    1    1    1    1    1    1    1  5.15102E+14 0.00130 
   73   73    1    1    1    1    1    1    1    1  3.86754E+14 0.00181 
   74   74    1    1    1    1    1    1    1    1  3.08649E+14 0.00155 
   75   75    1    1    1    1    1    1    1    1  2.53055E+14 0.00166 
   76   76    1    1    1    1    1    1    1    1  2.90333E+14 0.00155 
   77   77    1    1    1    1    1    1    1    1  2.27615E+14 0.00191 
   78   78    1    1    1    1    1    1    1    1  1.79428E+14 0.00139 
   79   79    1    1    1    1    1    1    1    1  1.84279E+14 0.00241 
   80   80    1    1    1    1    1    1    1    1  1.36598E+14 0.00170 
   81   81    1    1    1    1    1    1    1    1  1.04542E+14 0.00243 
   82   82    1    1    1    1    1    1    1    1  8.03102E+13 0.00282 
   83   83    1    1    1    1    1    1    1    1  7.51379E+13 0.00239 
   84   84    1    1    1    1    1    1    1    1  5.40470E+13 0.00451 
   85   85    1    1    1    1    1    1    1    1  3.90252E+13 0.00338 
   86   86    1    1    1    1    1    1    1    1  3.62873E+13 0.00345 
   87   87    1    1    1    1    1    1    1    1  2.23468E+13 0.00359 
   88   88    1    1    1    1    1    1    1    1  1.53790E+13 0.00790 
   89   89    1    1    1    1    1    1    1    1  8.79744E+12 0.00690 
   90   90    1    1    1    1    1    1    1    1  5.75234E+12 0.01141 
   91   91    1    1    1    1    1    1    1    1  2.94841E+12 0.01234 
   92   92    1    1    1    1    1    1    1    1  1.39536E+12 0.01879 
   93   93    1    1    1    1    1    1    1    1  6.93485E+11 0.02745 
   94   94    1    1    1    1    1    1    1    1  3.04389E+11 0.04535 
   95   95    1    1    1    1    1    1    1    1  1.54316E+11 0.04902 
   96   96    1    1    1    1    1    1    1    1  7.02828E+10 0.09376 
   97   97    1    1    1    1    1    1    1    1  2.88083E+10 0.12780 
   98   98    1    1    1    1    1    1    1    1  1.63682E+10 0.18550 
   99   99    1    1    1    1    1    1    1    1  8.81229E+09 0.29448 
  100  100    1    1    1    1    1    1    1    1  6.52141E+09 0.31789 
];


