
DETdpaspec = [
    1    1    1    1    1    1    1    1    1    1  0.00000E+00 0.00000 
    2    2    1    1    1    1    1    1    1    1  0.00000E+00 0.00000 
    3    3    1    1    1    1    1    1    1    1  0.00000E+00 0.00000 
    4    4    1    1    1    1    1    1    1    1  0.00000E+00 0.00000 
    5    5    1    1    1    1    1    1    1    1  0.00000E+00 0.00000 
    6    6    1    1    1    1    1    1    1    1  0.00000E+00 0.00000 
    7    7    1    1    1    1    1    1    1    1  0.00000E+00 0.00000 
    8    8    1    1    1    1    1    1    1    1  2.63068E+07 0.69994 
    9    9    1    1    1    1    1    1    1    1  1.14504E+07 1.00000 
   10   10    1    1    1    1    1    1    1    1  0.00000E+00 0.00000 
   11   11    1    1    1    1    1    1    1    1  4.91522E+07 1.00000 
   12   12    1    1    1    1    1    1    1    1  3.26849E+07 0.80314 
   13   13    1    1    1    1    1    1    1    1  7.17245E+08 0.54458 
   14   14    1    1    1    1    1    1    1    1  1.98924E+09 0.44571 
   15   15    1    1    1    1    1    1    1    1  2.95876E+09 0.45510 
   16   16    1    1    1    1    1    1    1    1  1.38510E+09 0.34259 
   17   17    1    1    1    1    1    1    1    1  1.38508E+09 0.31864 
   18   18    1    1    1    1    1    1    1    1  5.64448E+09 0.25007 
   19   19    1    1    1    1    1    1    1    1  6.93635E+09 0.21603 
   20   20    1    1    1    1    1    1    1    1  1.64678E+10 0.15363 
   21   21    1    1    1    1    1    1    1    1  1.57942E+10 0.14176 
   22   22    1    1    1    1    1    1    1    1  5.09834E+10 0.08363 
   23   23    1    1    1    1    1    1    1    1  6.34843E+10 0.08917 
   24   24    1    1    1    1    1    1    1    1  9.97505E+10 0.05524 
   25   25    1    1    1    1    1    1    1    1  1.28860E+11 0.06767 
   26   26    1    1    1    1    1    1    1    1  2.14954E+11 0.04406 
   27   27    1    1    1    1    1    1    1    1  3.89710E+11 0.03320 
   28   28    1    1    1    1    1    1    1    1  6.93927E+11 0.02012 
   29   29    1    1    1    1    1    1    1    1  9.39915E+11 0.01530 
   30   30    1    1    1    1    1    1    1    1  2.94002E+12 0.01168 
   31   31    1    1    1    1    1    1    1    1  8.79264E+12 0.01058 
   32   32    1    1    1    1    1    1    1    1  1.62780E+13 0.00738 
   33   33    1    1    1    1    1    1    1    1  3.57592E+13 0.00387 
   34   34    1    1    1    1    1    1    1    1  4.69704E+13 0.00337 
   35   35    1    1    1    1    1    1    1    1  6.78290E+13 0.00368 
   36   36    1    1    1    1    1    1    1    1  4.78850E+13 0.00325 
   37   37    1    1    1    1    1    1    1    1  1.52097E+13 0.00274 
   38   38    1    1    1    1    1    1    1    1  8.10879E+13 0.00221 
   39   39    1    1    1    1    1    1    1    1  1.08482E+14 0.00243 
   40   40    1    1    1    1    1    1    1    1  1.80372E+14 0.00215 
   41   41    1    1    1    1    1    1    1    1  1.87856E+14 0.00211 
   42   42    1    1    1    1    1    1    1    1  3.82495E+14 0.00216 
   43   43    1    1    1    1    1    1    1    1  4.56511E+14 0.00165 
   44   44    1    1    1    1    1    1    1    1  6.48727E+14 0.00126 
   45   45    1    1    1    1    1    1    1    1  1.24245E+15 0.00151 
   46   46    1    1    1    1    1    1    1    1  5.89300E+14 0.00145 
   47   47    1    1    1    1    1    1    1    1  9.53974E+14 0.00130 
   48   48    1    1    1    1    1    1    1    1  1.32173E+15 0.00120 
   49   49    1    1    1    1    1    1    1    1  1.30686E+15 0.00115 
   50   50    1    1    1    1    1    1    1    1  1.98753E+15 0.00091 
   51   51    1    1    1    1    1    1    1    1  1.61399E+15 0.00087 
   52   52    1    1    1    1    1    1    1    1  1.85241E+15 0.00114 
   53   53    1    1    1    1    1    1    1    1  1.29619E+15 0.00113 
   54   54    1    1    1    1    1    1    1    1  1.53657E+15 0.00120 
   55   55    1    1    1    1    1    1    1    1  1.06554E+15 0.00150 
   56   56    1    1    1    1    1    1    1    1  1.46292E+14 0.00198 
   57   57    1    1    1    1    1    1    1    1  2.11623E+15 0.00109 
   58   58    1    1    1    1    1    1    1    1  9.06464E+14 0.00131 
   59   59    1    1    1    1    1    1    1    1  9.70676E+14 0.00122 
   60   60    1    1    1    1    1    1    1    1  7.36560E+14 0.00135 
   61   61    1    1    1    1    1    1    1    1  7.41882E+14 0.00154 
   62   62    1    1    1    1    1    1    1    1  7.67315E+14 0.00139 
   63   63    1    1    1    1    1    1    1    1  6.38499E+14 0.00185 
   64   64    1    1    1    1    1    1    1    1  5.07649E+14 0.00168 
   65   65    1    1    1    1    1    1    1    1  5.01983E+14 0.00158 
   66   66    1    1    1    1    1    1    1    1  3.63002E+14 0.00184 
   67   67    1    1    1    1    1    1    1    1  2.98605E+14 0.00189 
   68   68    1    1    1    1    1    1    1    1  2.68916E+14 0.00190 
   69   69    1    1    1    1    1    1    1    1  3.22382E+14 0.00184 
   70   70    1    1    1    1    1    1    1    1  2.75247E+14 0.00233 
   71   71    1    1    1    1    1    1    1    1  5.12239E+14 0.00147 
   72   72    1    1    1    1    1    1    1    1  3.63599E+14 0.00181 
   73   73    1    1    1    1    1    1    1    1  2.72285E+14 0.00218 
   74   74    1    1    1    1    1    1    1    1  2.14166E+14 0.00281 
   75   75    1    1    1    1    1    1    1    1  1.73688E+14 0.00295 
   76   76    1    1    1    1    1    1    1    1  1.97038E+14 0.00183 
   77   77    1    1    1    1    1    1    1    1  1.51910E+14 0.00211 
   78   78    1    1    1    1    1    1    1    1  1.18573E+14 0.00277 
   79   79    1    1    1    1    1    1    1    1  1.21133E+14 0.00203 
   80   80    1    1    1    1    1    1    1    1  8.87479E+13 0.00277 
   81   81    1    1    1    1    1    1    1    1  6.80975E+13 0.00325 
   82   82    1    1    1    1    1    1    1    1  5.23498E+13 0.00370 
   83   83    1    1    1    1    1    1    1    1  4.87794E+13 0.00337 
   84   84    1    1    1    1    1    1    1    1  3.50008E+13 0.00344 
   85   85    1    1    1    1    1    1    1    1  2.49476E+13 0.00474 
   86   86    1    1    1    1    1    1    1    1  2.32832E+13 0.00505 
   87   87    1    1    1    1    1    1    1    1  1.45806E+13 0.00538 
   88   88    1    1    1    1    1    1    1    1  9.85953E+12 0.00716 
   89   89    1    1    1    1    1    1    1    1  5.69020E+12 0.00854 
   90   90    1    1    1    1    1    1    1    1  3.83088E+12 0.01073 
   91   91    1    1    1    1    1    1    1    1  1.90205E+12 0.01745 
   92   92    1    1    1    1    1    1    1    1  8.84201E+11 0.02862 
   93   93    1    1    1    1    1    1    1    1  4.39920E+11 0.03941 
   94   94    1    1    1    1    1    1    1    1  2.24542E+11 0.06199 
   95   95    1    1    1    1    1    1    1    1  1.01036E+11 0.09547 
   96   96    1    1    1    1    1    1    1    1  5.34340E+10 0.16481 
   97   97    1    1    1    1    1    1    1    1  2.22146E+10 0.14495 
   98   98    1    1    1    1    1    1    1    1  1.61225E+10 0.19629 
   99   99    1    1    1    1    1    1    1    1  8.74071E+09 0.24261 
  100  100    1    1    1    1    1    1    1    1  3.62283E+09 0.34484 
];


