
DETdpaspec = [
    1    1    1    1    1    1    1    1    1    1  0.00000E+00 0.00000 
    2    2    1    1    1    1    1    1    1    1  0.00000E+00 0.00000 
    3    3    1    1    1    1    1    1    1    1  0.00000E+00 0.00000 
    4    4    1    1    1    1    1    1    1    1  9.27938E+06 1.00000 
    5    5    1    1    1    1    1    1    1    1  0.00000E+00 0.00000 
    6    6    1    1    1    1    1    1    1    1  7.45540E+06 1.00000 
    7    7    1    1    1    1    1    1    1    1  0.00000E+00 0.00000 
    8    8    1    1    1    1    1    1    1    1  0.00000E+00 0.00000 
    9    9    1    1    1    1    1    1    1    1  0.00000E+00 0.00000 
   10   10    1    1    1    1    1    1    1    1  3.24678E+07 1.00000 
   11   11    1    1    1    1    1    1    1    1  4.75515E+07 1.00000 
   12   12    1    1    1    1    1    1    1    1  5.88888E+07 0.56493 
   13   13    1    1    1    1    1    1    1    1  1.23050E+09 0.43454 
   14   14    1    1    1    1    1    1    1    1  3.87130E+09 0.33926 
   15   15    1    1    1    1    1    1    1    1  4.70154E+09 0.41486 
   16   16    1    1    1    1    1    1    1    1  7.17197E+08 0.22128 
   17   17    1    1    1    1    1    1    1    1  3.10888E+09 0.20977 
   18   18    1    1    1    1    1    1    1    1  8.38409E+09 0.16223 
   19   19    1    1    1    1    1    1    1    1  5.68869E+09 0.15416 
   20   20    1    1    1    1    1    1    1    1  2.64933E+10 0.12805 
   21   21    1    1    1    1    1    1    1    1  1.79489E+10 0.15649 
   22   22    1    1    1    1    1    1    1    1  4.17196E+10 0.07403 
   23   23    1    1    1    1    1    1    1    1  6.73863E+10 0.07709 
   24   24    1    1    1    1    1    1    1    1  9.91465E+10 0.05378 
   25   25    1    1    1    1    1    1    1    1  1.27074E+11 0.06218 
   26   26    1    1    1    1    1    1    1    1  1.88897E+11 0.04828 
   27   27    1    1    1    1    1    1    1    1  3.37255E+11 0.03747 
   28   28    1    1    1    1    1    1    1    1  6.62032E+11 0.02714 
   29   29    1    1    1    1    1    1    1    1  9.69953E+11 0.01815 
   30   30    1    1    1    1    1    1    1    1  2.96839E+12 0.01237 
   31   31    1    1    1    1    1    1    1    1  9.11945E+12 0.00895 
   32   32    1    1    1    1    1    1    1    1  1.71809E+13 0.00653 
   33   33    1    1    1    1    1    1    1    1  3.97548E+13 0.00443 
   34   34    1    1    1    1    1    1    1    1  5.39817E+13 0.00302 
   35   35    1    1    1    1    1    1    1    1  7.56188E+13 0.00285 
   36   36    1    1    1    1    1    1    1    1  5.30181E+13 0.00238 
   37   37    1    1    1    1    1    1    1    1  1.65981E+13 0.00221 
   38   38    1    1    1    1    1    1    1    1  9.10243E+13 0.00241 
   39   39    1    1    1    1    1    1    1    1  1.22076E+14 0.00230 
   40   40    1    1    1    1    1    1    1    1  2.07394E+14 0.00190 
   41   41    1    1    1    1    1    1    1    1  2.13451E+14 0.00136 
   42   42    1    1    1    1    1    1    1    1  4.46357E+14 0.00149 
   43   43    1    1    1    1    1    1    1    1  5.37635E+14 0.00131 
   44   44    1    1    1    1    1    1    1    1  7.73422E+14 0.00107 
   45   45    1    1    1    1    1    1    1    1  1.51501E+15 0.00108 
   46   46    1    1    1    1    1    1    1    1  7.19173E+14 0.00107 
   47   47    1    1    1    1    1    1    1    1  1.16320E+15 0.00117 
   48   48    1    1    1    1    1    1    1    1  1.62265E+15 0.00123 
   49   49    1    1    1    1    1    1    1    1  1.60931E+15 0.00089 
   50   50    1    1    1    1    1    1    1    1  2.48103E+15 0.00065 
   51   51    1    1    1    1    1    1    1    1  2.00361E+15 0.00098 
   52   52    1    1    1    1    1    1    1    1  2.34504E+15 0.00088 
   53   53    1    1    1    1    1    1    1    1  1.63917E+15 0.00078 
   54   54    1    1    1    1    1    1    1    1  1.97459E+15 0.00073 
   55   55    1    1    1    1    1    1    1    1  1.36600E+15 0.00089 
   56   56    1    1    1    1    1    1    1    1  1.86785E+14 0.00124 
   57   57    1    1    1    1    1    1    1    1  2.71917E+15 0.00069 
   58   58    1    1    1    1    1    1    1    1  1.18634E+15 0.00089 
   59   59    1    1    1    1    1    1    1    1  1.26954E+15 0.00116 
   60   60    1    1    1    1    1    1    1    1  9.74657E+14 0.00116 
   61   61    1    1    1    1    1    1    1    1  9.80101E+14 0.00142 
   62   62    1    1    1    1    1    1    1    1  1.01659E+15 0.00123 
   63   63    1    1    1    1    1    1    1    1  8.50232E+14 0.00138 
   64   64    1    1    1    1    1    1    1    1  6.77176E+14 0.00182 
   65   65    1    1    1    1    1    1    1    1  6.72360E+14 0.00142 
   66   66    1    1    1    1    1    1    1    1  4.85112E+14 0.00125 
   67   67    1    1    1    1    1    1    1    1  3.97176E+14 0.00164 
   68   68    1    1    1    1    1    1    1    1  3.57997E+14 0.00142 
   69   69    1    1    1    1    1    1    1    1  4.29762E+14 0.00167 
   70   70    1    1    1    1    1    1    1    1  3.67436E+14 0.00176 
   71   71    1    1    1    1    1    1    1    1  6.77262E+14 0.00143 
   72   72    1    1    1    1    1    1    1    1  4.81057E+14 0.00180 
   73   73    1    1    1    1    1    1    1    1  3.61747E+14 0.00154 
   74   74    1    1    1    1    1    1    1    1  2.86500E+14 0.00179 
   75   75    1    1    1    1    1    1    1    1  2.34090E+14 0.00150 
   76   76    1    1    1    1    1    1    1    1  2.69893E+14 0.00143 
   77   77    1    1    1    1    1    1    1    1  2.10237E+14 0.00149 
   78   78    1    1    1    1    1    1    1    1  1.65836E+14 0.00222 
   79   79    1    1    1    1    1    1    1    1  1.69484E+14 0.00239 
   80   80    1    1    1    1    1    1    1    1  1.25856E+14 0.00235 
   81   81    1    1    1    1    1    1    1    1  9.63920E+13 0.00238 
   82   82    1    1    1    1    1    1    1    1  7.40054E+13 0.00321 
   83   83    1    1    1    1    1    1    1    1  6.91220E+13 0.00258 
   84   84    1    1    1    1    1    1    1    1  4.94077E+13 0.00247 
   85   85    1    1    1    1    1    1    1    1  3.57986E+13 0.00388 
   86   86    1    1    1    1    1    1    1    1  3.35011E+13 0.00456 
   87   87    1    1    1    1    1    1    1    1  2.05769E+13 0.00654 
   88   88    1    1    1    1    1    1    1    1  1.39937E+13 0.00707 
   89   89    1    1    1    1    1    1    1    1  8.03941E+12 0.00990 
   90   90    1    1    1    1    1    1    1    1  5.31875E+12 0.00975 
   91   91    1    1    1    1    1    1    1    1  2.71925E+12 0.01632 
   92   92    1    1    1    1    1    1    1    1  1.30802E+12 0.01806 
   93   93    1    1    1    1    1    1    1    1  6.29016E+11 0.02823 
   94   94    1    1    1    1    1    1    1    1  3.32193E+11 0.04951 
   95   95    1    1    1    1    1    1    1    1  1.60578E+11 0.05224 
   96   96    1    1    1    1    1    1    1    1  7.17116E+10 0.08260 
   97   97    1    1    1    1    1    1    1    1  3.64667E+10 0.10563 
   98   98    1    1    1    1    1    1    1    1  1.52104E+10 0.20616 
   99   99    1    1    1    1    1    1    1    1  6.49142E+09 0.38329 
  100  100    1    1    1    1    1    1    1    1  4.43549E+09 0.27318 
];


