
DETdpaspec = [
    1    1    1    1    1    1    1    1    1    1  0.00000E+00 0.00000 
    2    2    1    1    1    1    1    1    1    1  0.00000E+00 0.00000 
    3    3    1    1    1    1    1    1    1    1  0.00000E+00 0.00000 
    4    4    1    1    1    1    1    1    1    1  0.00000E+00 0.00000 
    5    5    1    1    1    1    1    1    1    1  0.00000E+00 0.00000 
    6    6    1    1    1    1    1    1    1    1  0.00000E+00 0.00000 
    7    7    1    1    1    1    1    1    1    1  0.00000E+00 0.00000 
    8    8    1    1    1    1    1    1    1    1  0.00000E+00 0.00000 
    9    9    1    1    1    1    1    1    1    1  0.00000E+00 0.00000 
   10   10    1    1    1    1    1    1    1    1  0.00000E+00 0.00000 
   11   11    1    1    1    1    1    1    1    1  2.50341E+08 1.00000 
   12   12    1    1    1    1    1    1    1    1  7.79737E+08 1.00000 
   13   13    1    1    1    1    1    1    1    1  0.00000E+00 0.00000 
   14   14    1    1    1    1    1    1    1    1  1.95249E+08 1.00000 
   15   15    1    1    1    1    1    1    1    1  0.00000E+00 0.00000 
   16   16    1    1    1    1    1    1    1    1  0.00000E+00 0.00000 
   17   17    1    1    1    1    1    1    1    1  6.57944E+08 0.51283 
   18   18    1    1    1    1    1    1    1    1  2.11286E+09 0.44999 
   19   19    1    1    1    1    1    1    1    1  3.68095E+09 0.34100 
   20   20    1    1    1    1    1    1    1    1  1.28345E+10 0.19423 
   21   21    1    1    1    1    1    1    1    1  2.80034E+10 0.10063 
   22   22    1    1    1    1    1    1    1    1  1.49804E+11 0.05980 
   23   23    1    1    1    1    1    1    1    1  6.08256E+11 0.03927 
   24   24    1    1    1    1    1    1    1    1  1.68903E+12 0.01933 
   25   25    1    1    1    1    1    1    1    1  2.55855E+12 0.01478 
   26   26    1    1    1    1    1    1    1    1  4.89092E+12 0.01020 
   27   27    1    1    1    1    1    1    1    1  8.61616E+12 0.00893 
   28   28    1    1    1    1    1    1    1    1  1.45635E+13 0.00767 
   29   29    1    1    1    1    1    1    1    1  2.12437E+13 0.00522 
   30   30    1    1    1    1    1    1    1    1  3.84110E+13 0.00412 
   31   31    1    1    1    1    1    1    1    1  7.12615E+13 0.00310 
   32   32    1    1    1    1    1    1    1    1  9.84334E+13 0.00230 
   33   33    1    1    1    1    1    1    1    1  1.83652E+14 0.00161 
   34   34    1    1    1    1    1    1    1    1  2.16183E+14 0.00129 
   35   35    1    1    1    1    1    1    1    1  2.13473E+14 0.00112 
   36   36    1    1    1    1    1    1    1    1  1.24755E+14 0.00130 
   37   37    1    1    1    1    1    1    1    1  3.60835E+13 0.00143 
   38   38    1    1    1    1    1    1    1    1  2.05443E+14 0.00126 
   39   39    1    1    1    1    1    1    1    1  2.67768E+14 0.00084 
   40   40    1    1    1    1    1    1    1    1  4.47887E+14 0.00080 
   41   41    1    1    1    1    1    1    1    1  4.21877E+14 0.00099 
   42   42    1    1    1    1    1    1    1    1  8.92104E+14 0.00105 
   43   43    1    1    1    1    1    1    1    1  1.04239E+15 0.00094 
   44   44    1    1    1    1    1    1    1    1  1.44991E+15 0.00100 
   45   45    1    1    1    1    1    1    1    1  2.75450E+15 0.00074 
   46   46    1    1    1    1    1    1    1    1  1.20926E+15 0.00080 
   47   47    1    1    1    1    1    1    1    1  1.88651E+15 0.00078 
   48   48    1    1    1    1    1    1    1    1  2.54473E+15 0.00087 
   49   49    1    1    1    1    1    1    1    1  2.43253E+15 0.00098 
   50   50    1    1    1    1    1    1    1    1  3.73867E+15 0.00089 
   51   51    1    1    1    1    1    1    1    1  2.82472E+15 0.00078 
   52   52    1    1    1    1    1    1    1    1  3.36250E+15 0.00089 
   53   53    1    1    1    1    1    1    1    1  2.26827E+15 0.00110 
   54   54    1    1    1    1    1    1    1    1  2.79152E+15 0.00097 
   55   55    1    1    1    1    1    1    1    1  1.88793E+15 0.00096 
   56   56    1    1    1    1    1    1    1    1  2.53625E+14 0.00113 
   57   57    1    1    1    1    1    1    1    1  3.68072E+15 0.00086 
   58   58    1    1    1    1    1    1    1    1  1.66219E+15 0.00099 
   59   59    1    1    1    1    1    1    1    1  1.73392E+15 0.00098 
   60   60    1    1    1    1    1    1    1    1  1.36434E+15 0.00086 
   61   61    1    1    1    1    1    1    1    1  1.35320E+15 0.00112 
   62   62    1    1    1    1    1    1    1    1  1.39929E+15 0.00122 
   63   63    1    1    1    1    1    1    1    1  1.16965E+15 0.00115 
   64   64    1    1    1    1    1    1    1    1  9.19573E+14 0.00130 
   65   65    1    1    1    1    1    1    1    1  9.04865E+14 0.00125 
   66   66    1    1    1    1    1    1    1    1  6.48149E+14 0.00122 
   67   67    1    1    1    1    1    1    1    1  5.21621E+14 0.00125 
   68   68    1    1    1    1    1    1    1    1  4.63514E+14 0.00116 
   69   69    1    1    1    1    1    1    1    1  5.51750E+14 0.00116 
   70   70    1    1    1    1    1    1    1    1  4.63983E+14 0.00139 
   71   71    1    1    1    1    1    1    1    1  8.17251E+14 0.00144 
   72   72    1    1    1    1    1    1    1    1  5.67763E+14 0.00145 
   73   73    1    1    1    1    1    1    1    1  4.26903E+14 0.00172 
   74   74    1    1    1    1    1    1    1    1  3.45086E+14 0.00172 
   75   75    1    1    1    1    1    1    1    1  2.88865E+14 0.00176 
   76   76    1    1    1    1    1    1    1    1  3.38013E+14 0.00201 
   77   77    1    1    1    1    1    1    1    1  2.70215E+14 0.00211 
   78   78    1    1    1    1    1    1    1    1  2.16106E+14 0.00194 
   79   79    1    1    1    1    1    1    1    1  2.23736E+14 0.00136 
   80   80    1    1    1    1    1    1    1    1  1.64464E+14 0.00166 
   81   81    1    1    1    1    1    1    1    1  1.26532E+14 0.00224 
   82   82    1    1    1    1    1    1    1    1  9.63827E+13 0.00214 
   83   83    1    1    1    1    1    1    1    1  8.97923E+13 0.00306 
   84   84    1    1    1    1    1    1    1    1  6.47816E+13 0.00339 
   85   85    1    1    1    1    1    1    1    1  4.60636E+13 0.00316 
   86   86    1    1    1    1    1    1    1    1  4.25004E+13 0.00312 
   87   87    1    1    1    1    1    1    1    1  2.56330E+13 0.00457 
   88   88    1    1    1    1    1    1    1    1  1.70936E+13 0.00549 
   89   89    1    1    1    1    1    1    1    1  9.76052E+12 0.00676 
   90   90    1    1    1    1    1    1    1    1  6.23129E+12 0.00772 
   91   91    1    1    1    1    1    1    1    1  3.00391E+12 0.01223 
   92   92    1    1    1    1    1    1    1    1  1.39999E+12 0.01905 
   93   93    1    1    1    1    1    1    1    1  6.93410E+11 0.02234 
   94   94    1    1    1    1    1    1    1    1  3.35027E+11 0.03985 
   95   95    1    1    1    1    1    1    1    1  1.52150E+11 0.06147 
   96   96    1    1    1    1    1    1    1    1  6.48227E+10 0.07731 
   97   97    1    1    1    1    1    1    1    1  3.62992E+10 0.10173 
   98   98    1    1    1    1    1    1    1    1  1.54739E+10 0.19096 
   99   99    1    1    1    1    1    1    1    1  8.19114E+09 0.26721 
  100  100    1    1    1    1    1    1    1    1  4.99178E+09 0.22181 
];


