
DETdpaspec = [
    1    1    1    1    1    1    1    1    1    1  0.00000E+00 0.00000 
    2    2    1    1    1    1    1    1    1    1  0.00000E+00 0.00000 
    3    3    1    1    1    1    1    1    1    1  0.00000E+00 0.00000 
    4    4    1    1    1    1    1    1    1    1  0.00000E+00 0.00000 
    5    5    1    1    1    1    1    1    1    1  0.00000E+00 0.00000 
    6    6    1    1    1    1    1    1    1    1  0.00000E+00 0.00000 
    7    7    1    1    1    1    1    1    1    1  0.00000E+00 0.00000 
    8    8    1    1    1    1    1    1    1    1  1.38327E+07 1.00000 
    9    9    1    1    1    1    1    1    1    1  1.11178E+07 1.00000 
   10   10    1    1    1    1    1    1    1    1  3.09484E+08 0.41983 
   11   11    1    1    1    1    1    1    1    1  2.55506E+08 0.56824 
   12   12    1    1    1    1    1    1    1    1  4.11122E+07 0.86870 
   13   13    1    1    1    1    1    1    1    1  3.45852E+08 0.71660 
   14   14    1    1    1    1    1    1    1    1  1.53210E+09 0.39680 
   15   15    1    1    1    1    1    1    1    1  3.08252E+09 0.31270 
   16   16    1    1    1    1    1    1    1    1  1.54537E+09 0.28213 
   17   17    1    1    1    1    1    1    1    1  2.76893E+09 0.24587 
   18   18    1    1    1    1    1    1    1    1  8.56778E+09 0.21660 
   19   19    1    1    1    1    1    1    1    1  5.30735E+09 0.22477 
   20   20    1    1    1    1    1    1    1    1  2.40746E+10 0.11552 
   21   21    1    1    1    1    1    1    1    1  1.60713E+10 0.11722 
   22   22    1    1    1    1    1    1    1    1  4.60345E+10 0.08091 
   23   23    1    1    1    1    1    1    1    1  5.78559E+10 0.09416 
   24   24    1    1    1    1    1    1    1    1  9.84458E+10 0.05821 
   25   25    1    1    1    1    1    1    1    1  1.23121E+11 0.04668 
   26   26    1    1    1    1    1    1    1    1  1.88485E+11 0.04414 
   27   27    1    1    1    1    1    1    1    1  3.26263E+11 0.03927 
   28   28    1    1    1    1    1    1    1    1  6.67919E+11 0.02532 
   29   29    1    1    1    1    1    1    1    1  1.01001E+12 0.01585 
   30   30    1    1    1    1    1    1    1    1  3.04446E+12 0.01546 
   31   31    1    1    1    1    1    1    1    1  9.47976E+12 0.00674 
   32   32    1    1    1    1    1    1    1    1  1.79501E+13 0.00526 
   33   33    1    1    1    1    1    1    1    1  4.19045E+13 0.00483 
   34   34    1    1    1    1    1    1    1    1  5.72560E+13 0.00326 
   35   35    1    1    1    1    1    1    1    1  7.94387E+13 0.00318 
   36   36    1    1    1    1    1    1    1    1  5.52018E+13 0.00187 
   37   37    1    1    1    1    1    1    1    1  1.71636E+13 0.00254 
   38   38    1    1    1    1    1    1    1    1  9.46250E+13 0.00219 
   39   39    1    1    1    1    1    1    1    1  1.27414E+14 0.00174 
   40   40    1    1    1    1    1    1    1    1  2.17136E+14 0.00205 
   41   41    1    1    1    1    1    1    1    1  2.22774E+14 0.00168 
   42   42    1    1    1    1    1    1    1    1  4.67965E+14 0.00144 
   43   43    1    1    1    1    1    1    1    1  5.65449E+14 0.00150 
   44   44    1    1    1    1    1    1    1    1  8.16169E+14 0.00140 
   45   45    1    1    1    1    1    1    1    1  1.60927E+15 0.00094 
   46   46    1    1    1    1    1    1    1    1  7.63226E+14 0.00120 
   47   47    1    1    1    1    1    1    1    1  1.23411E+15 0.00099 
   48   48    1    1    1    1    1    1    1    1  1.72554E+15 0.00089 
   49   49    1    1    1    1    1    1    1    1  1.71272E+15 0.00096 
   50   50    1    1    1    1    1    1    1    1  2.64908E+15 0.00084 
   51   51    1    1    1    1    1    1    1    1  2.13432E+15 0.00100 
   52   52    1    1    1    1    1    1    1    1  2.50832E+15 0.00084 
   53   53    1    1    1    1    1    1    1    1  1.75343E+15 0.00078 
   54   54    1    1    1    1    1    1    1    1  2.12165E+15 0.00081 
   55   55    1    1    1    1    1    1    1    1  1.46802E+15 0.00096 
   56   56    1    1    1    1    1    1    1    1  2.00617E+14 0.00145 
   57   57    1    1    1    1    1    1    1    1  2.91980E+15 0.00095 
   58   58    1    1    1    1    1    1    1    1  1.28345E+15 0.00088 
   59   59    1    1    1    1    1    1    1    1  1.37408E+15 0.00090 
   60   60    1    1    1    1    1    1    1    1  1.05781E+15 0.00075 
   61   61    1    1    1    1    1    1    1    1  1.06373E+15 0.00109 
   62   62    1    1    1    1    1    1    1    1  1.10413E+15 0.00096 
   63   63    1    1    1    1    1    1    1    1  9.27211E+14 0.00078 
   64   64    1    1    1    1    1    1    1    1  7.38675E+14 0.00124 
   65   65    1    1    1    1    1    1    1    1  7.33177E+14 0.00117 
   66   66    1    1    1    1    1    1    1    1  5.30085E+14 0.00139 
   67   67    1    1    1    1    1    1    1    1  4.34566E+14 0.00126 
   68   68    1    1    1    1    1    1    1    1  3.89538E+14 0.00183 
   69   69    1    1    1    1    1    1    1    1  4.68468E+14 0.00149 
   70   70    1    1    1    1    1    1    1    1  3.99341E+14 0.00173 
   71   71    1    1    1    1    1    1    1    1  7.34215E+14 0.00131 
   72   72    1    1    1    1    1    1    1    1  5.22238E+14 0.00126 
   73   73    1    1    1    1    1    1    1    1  3.92142E+14 0.00151 
   74   74    1    1    1    1    1    1    1    1  3.12549E+14 0.00150 
   75   75    1    1    1    1    1    1    1    1  2.56793E+14 0.00167 
   76   76    1    1    1    1    1    1    1    1  2.95601E+14 0.00185 
   77   77    1    1    1    1    1    1    1    1  2.31113E+14 0.00148 
   78   78    1    1    1    1    1    1    1    1  1.82815E+14 0.00167 
   79   79    1    1    1    1    1    1    1    1  1.87610E+14 0.00179 
   80   80    1    1    1    1    1    1    1    1  1.39122E+14 0.00219 
   81   81    1    1    1    1    1    1    1    1  1.06571E+14 0.00175 
   82   82    1    1    1    1    1    1    1    1  8.14987E+13 0.00327 
   83   83    1    1    1    1    1    1    1    1  7.65857E+13 0.00272 
   84   84    1    1    1    1    1    1    1    1  5.48045E+13 0.00399 
   85   85    1    1    1    1    1    1    1    1  3.96588E+13 0.00379 
   86   86    1    1    1    1    1    1    1    1  3.70838E+13 0.00544 
   87   87    1    1    1    1    1    1    1    1  2.30221E+13 0.00441 
   88   88    1    1    1    1    1    1    1    1  1.53368E+13 0.00743 
   89   89    1    1    1    1    1    1    1    1  8.96811E+12 0.00883 
   90   90    1    1    1    1    1    1    1    1  6.00196E+12 0.01218 
   91   91    1    1    1    1    1    1    1    1  3.04663E+12 0.01503 
   92   92    1    1    1    1    1    1    1    1  1.44067E+12 0.01812 
   93   93    1    1    1    1    1    1    1    1  6.93831E+11 0.02689 
   94   94    1    1    1    1    1    1    1    1  3.46469E+11 0.02470 
   95   95    1    1    1    1    1    1    1    1  1.65686E+11 0.03926 
   96   96    1    1    1    1    1    1    1    1  7.46309E+10 0.07790 
   97   97    1    1    1    1    1    1    1    1  4.13747E+10 0.09802 
   98   98    1    1    1    1    1    1    1    1  1.37001E+10 0.19648 
   99   99    1    1    1    1    1    1    1    1  9.15046E+09 0.27300 
  100  100    1    1    1    1    1    1    1    1  7.31551E+09 0.29379 
];


