
DETdpaspec = [
    1    1    1    1    1    1    1    1    1    1  0.00000E+00 0.00000 
    2    2    1    1    1    1    1    1    1    1  0.00000E+00 0.00000 
    3    3    1    1    1    1    1    1    1    1  0.00000E+00 0.00000 
    4    4    1    1    1    1    1    1    1    1  0.00000E+00 0.00000 
    5    5    1    1    1    1    1    1    1    1  0.00000E+00 0.00000 
    6    6    1    1    1    1    1    1    1    1  0.00000E+00 0.00000 
    7    7    1    1    1    1    1    1    1    1  1.58431E+07 1.00000 
    8    8    1    1    1    1    1    1    1    1  0.00000E+00 0.00000 
    9    9    1    1    1    1    1    1    1    1  0.00000E+00 0.00000 
   10   10    1    1    1    1    1    1    1    1  1.10724E+08 1.00000 
   11   11    1    1    1    1    1    1    1    1  1.17953E+08 0.74310 
   12   12    1    1    1    1    1    1    1    1  7.55965E+07 0.55948 
   13   13    1    1    1    1    1    1    1    1  1.84981E+09 0.51812 
   14   14    1    1    1    1    1    1    1    1  3.64802E+09 0.43868 
   15   15    1    1    1    1    1    1    1    1  2.01506E+09 0.48777 
   16   16    1    1    1    1    1    1    1    1  9.55985E+08 0.33389 
   17   17    1    1    1    1    1    1    1    1  2.42743E+09 0.31048 
   18   18    1    1    1    1    1    1    1    1  5.71617E+09 0.25978 
   19   19    1    1    1    1    1    1    1    1  4.49102E+09 0.17347 
   20   20    1    1    1    1    1    1    1    1  2.47488E+10 0.10038 
   21   21    1    1    1    1    1    1    1    1  1.76288E+10 0.13223 
   22   22    1    1    1    1    1    1    1    1  3.36566E+10 0.10770 
   23   23    1    1    1    1    1    1    1    1  5.65304E+10 0.08553 
   24   24    1    1    1    1    1    1    1    1  9.04073E+10 0.07437 
   25   25    1    1    1    1    1    1    1    1  1.01794E+11 0.06260 
   26   26    1    1    1    1    1    1    1    1  1.74739E+11 0.05937 
   27   27    1    1    1    1    1    1    1    1  3.28124E+11 0.02979 
   28   28    1    1    1    1    1    1    1    1  7.45625E+11 0.02371 
   29   29    1    1    1    1    1    1    1    1  1.20625E+12 0.01538 
   30   30    1    1    1    1    1    1    1    1  3.51649E+12 0.01008 
   31   31    1    1    1    1    1    1    1    1  1.07603E+13 0.00676 
   32   32    1    1    1    1    1    1    1    1  2.00191E+13 0.00561 
   33   33    1    1    1    1    1    1    1    1  4.75630E+13 0.00349 
   34   34    1    1    1    1    1    1    1    1  6.60561E+13 0.00312 
   35   35    1    1    1    1    1    1    1    1  8.82199E+13 0.00270 
   36   36    1    1    1    1    1    1    1    1  6.05516E+13 0.00252 
   37   37    1    1    1    1    1    1    1    1  1.86240E+13 0.00313 
   38   38    1    1    1    1    1    1    1    1  1.03902E+14 0.00235 
   39   39    1    1    1    1    1    1    1    1  1.40014E+14 0.00210 
   40   40    1    1    1    1    1    1    1    1  2.40759E+14 0.00166 
   41   41    1    1    1    1    1    1    1    1  2.44063E+14 0.00153 
   42   42    1    1    1    1    1    1    1    1  5.19650E+14 0.00108 
   43   43    1    1    1    1    1    1    1    1  6.30952E+14 0.00092 
   44   44    1    1    1    1    1    1    1    1  9.13899E+14 0.00107 
   45   45    1    1    1    1    1    1    1    1  1.81807E+15 0.00086 
   46   46    1    1    1    1    1    1    1    1  8.59073E+14 0.00101 
   47   47    1    1    1    1    1    1    1    1  1.38567E+15 0.00101 
   48   48    1    1    1    1    1    1    1    1  1.94322E+15 0.00099 
   49   49    1    1    1    1    1    1    1    1  1.92338E+15 0.00081 
   50   50    1    1    1    1    1    1    1    1  3.00239E+15 0.00067 
   51   51    1    1    1    1    1    1    1    1  2.40486E+15 0.00071 
   52   52    1    1    1    1    1    1    1    1  2.85897E+15 0.00090 
   53   53    1    1    1    1    1    1    1    1  1.99495E+15 0.00085 
   54   54    1    1    1    1    1    1    1    1  2.43987E+15 0.00068 
   55   55    1    1    1    1    1    1    1    1  1.68560E+15 0.00056 
   56   56    1    1    1    1    1    1    1    1  2.29505E+14 0.00123 
   57   57    1    1    1    1    1    1    1    1  3.35429E+15 0.00067 
   58   58    1    1    1    1    1    1    1    1  1.49143E+15 0.00063 
   59   59    1    1    1    1    1    1    1    1  1.59160E+15 0.00087 
   60   60    1    1    1    1    1    1    1    1  1.23850E+15 0.00079 
   61   61    1    1    1    1    1    1    1    1  1.24304E+15 0.00085 
   62   62    1    1    1    1    1    1    1    1  1.29493E+15 0.00071 
   63   63    1    1    1    1    1    1    1    1  1.08918E+15 0.00091 
   64   64    1    1    1    1    1    1    1    1  8.67563E+14 0.00109 
   65   65    1    1    1    1    1    1    1    1  8.62259E+14 0.00129 
   66   66    1    1    1    1    1    1    1    1  6.25179E+14 0.00114 
   67   67    1    1    1    1    1    1    1    1  5.09589E+14 0.00155 
   68   68    1    1    1    1    1    1    1    1  4.58211E+14 0.00126 
   69   69    1    1    1    1    1    1    1    1  5.49505E+14 0.00101 
   70   70    1    1    1    1    1    1    1    1  4.68669E+14 0.00137 
   71   71    1    1    1    1    1    1    1    1  8.55823E+14 0.00103 
   72   72    1    1    1    1    1    1    1    1  6.06329E+14 0.00147 
   73   73    1    1    1    1    1    1    1    1  4.56976E+14 0.00134 
   74   74    1    1    1    1    1    1    1    1  3.66888E+14 0.00137 
   75   75    1    1    1    1    1    1    1    1  3.04326E+14 0.00160 
   76   76    1    1    1    1    1    1    1    1  3.51522E+14 0.00182 
   77   77    1    1    1    1    1    1    1    1  2.77280E+14 0.00138 
   78   78    1    1    1    1    1    1    1    1  2.20050E+14 0.00184 
   79   79    1    1    1    1    1    1    1    1  2.27073E+14 0.00149 
   80   80    1    1    1    1    1    1    1    1  1.68371E+14 0.00214 
   81   81    1    1    1    1    1    1    1    1  1.29262E+14 0.00241 
   82   82    1    1    1    1    1    1    1    1  9.92758E+13 0.00260 
   83   83    1    1    1    1    1    1    1    1  9.23795E+13 0.00248 
   84   84    1    1    1    1    1    1    1    1  6.71325E+13 0.00260 
   85   85    1    1    1    1    1    1    1    1  4.79862E+13 0.00352 
   86   86    1    1    1    1    1    1    1    1  4.50753E+13 0.00368 
   87   87    1    1    1    1    1    1    1    1  2.80925E+13 0.00442 
   88   88    1    1    1    1    1    1    1    1  1.87619E+13 0.00592 
   89   89    1    1    1    1    1    1    1    1  1.06737E+13 0.00718 
   90   90    1    1    1    1    1    1    1    1  7.25519E+12 0.00728 
   91   91    1    1    1    1    1    1    1    1  3.56314E+12 0.01306 
   92   92    1    1    1    1    1    1    1    1  1.75431E+12 0.01998 
   93   93    1    1    1    1    1    1    1    1  8.16679E+11 0.02206 
   94   94    1    1    1    1    1    1    1    1  3.89693E+11 0.04010 
   95   95    1    1    1    1    1    1    1    1  2.09324E+11 0.05952 
   96   96    1    1    1    1    1    1    1    1  9.39575E+10 0.09337 
   97   97    1    1    1    1    1    1    1    1  4.17625E+10 0.12095 
   98   98    1    1    1    1    1    1    1    1  3.04726E+10 0.12837 
   99   99    1    1    1    1    1    1    1    1  9.53501E+09 0.24802 
  100  100    1    1    1    1    1    1    1    1  7.69927E+09 0.31021 
];


