
DETdpaspec = [
    1    1    1    1    1    1    1    1    1    1  0.00000E+00 0.00000 
    2    2    1    1    1    1    1    1    1    1  0.00000E+00 0.00000 
    3    3    1    1    1    1    1    1    1    1  0.00000E+00 0.00000 
    4    4    1    1    1    1    1    1    1    1  5.70197E+06 1.00000 
    5    5    1    1    1    1    1    1    1    1  0.00000E+00 0.00000 
    6    6    1    1    1    1    1    1    1    1  0.00000E+00 0.00000 
    7    7    1    1    1    1    1    1    1    1  0.00000E+00 0.00000 
    8    8    1    1    1    1    1    1    1    1  0.00000E+00 0.00000 
    9    9    1    1    1    1    1    1    1    1  2.24163E+07 1.00000 
   10   10    1    1    1    1    1    1    1    1  3.88162E+07 1.00000 
   11   11    1    1    1    1    1    1    1    1  0.00000E+00 0.00000 
   12   12    1    1    1    1    1    1    1    1  4.35769E+07 0.66126 
   13   13    1    1    1    1    1    1    1    1  7.97513E+08 0.44614 
   14   14    1    1    1    1    1    1    1    1  7.11454E+08 0.47793 
   15   15    1    1    1    1    1    1    1    1  2.49940E+09 0.33119 
   16   16    1    1    1    1    1    1    1    1  1.05543E+09 0.35963 
   17   17    1    1    1    1    1    1    1    1  1.94998E+09 0.28467 
   18   18    1    1    1    1    1    1    1    1  7.13600E+09 0.18474 
   19   19    1    1    1    1    1    1    1    1  8.67417E+09 0.14642 
   20   20    1    1    1    1    1    1    1    1  2.61931E+10 0.13588 
   21   21    1    1    1    1    1    1    1    1  1.98252E+10 0.07792 
   22   22    1    1    1    1    1    1    1    1  5.31208E+10 0.07807 
   23   23    1    1    1    1    1    1    1    1  7.34922E+10 0.06720 
   24   24    1    1    1    1    1    1    1    1  1.19561E+11 0.04957 
   25   25    1    1    1    1    1    1    1    1  1.56652E+11 0.04792 
   26   26    1    1    1    1    1    1    1    1  2.50685E+11 0.04555 
   27   27    1    1    1    1    1    1    1    1  4.56743E+11 0.02915 
   28   28    1    1    1    1    1    1    1    1  7.76078E+11 0.02313 
   29   29    1    1    1    1    1    1    1    1  1.04275E+12 0.02121 
   30   30    1    1    1    1    1    1    1    1  3.26992E+12 0.01230 
   31   31    1    1    1    1    1    1    1    1  9.32750E+12 0.00718 
   32   32    1    1    1    1    1    1    1    1  1.69731E+13 0.00698 
   33   33    1    1    1    1    1    1    1    1  3.55116E+13 0.00432 
   34   34    1    1    1    1    1    1    1    1  4.53237E+13 0.00306 
   35   35    1    1    1    1    1    1    1    1  6.69528E+13 0.00284 
   36   36    1    1    1    1    1    1    1    1  4.71519E+13 0.00280 
   37   37    1    1    1    1    1    1    1    1  1.51383E+13 0.00269 
   38   38    1    1    1    1    1    1    1    1  7.96003E+13 0.00275 
   39   39    1    1    1    1    1    1    1    1  1.05246E+14 0.00248 
   40   40    1    1    1    1    1    1    1    1  1.72922E+14 0.00195 
   41   41    1    1    1    1    1    1    1    1  1.80625E+14 0.00190 
   42   42    1    1    1    1    1    1    1    1  3.62005E+14 0.00150 
   43   43    1    1    1    1    1    1    1    1  4.28028E+14 0.00149 
   44   44    1    1    1    1    1    1    1    1  6.01608E+14 0.00143 
   45   45    1    1    1    1    1    1    1    1  1.12927E+15 0.00130 
   46   46    1    1    1    1    1    1    1    1  5.36269E+14 0.00140 
   47   47    1    1    1    1    1    1    1    1  8.66001E+14 0.00121 
   48   48    1    1    1    1    1    1    1    1  1.19347E+15 0.00127 
   49   49    1    1    1    1    1    1    1    1  1.18018E+15 0.00094 
   50   50    1    1    1    1    1    1    1    1  1.77572E+15 0.00085 
   51   51    1    1    1    1    1    1    1    1  1.44878E+15 0.00115 
   52   52    1    1    1    1    1    1    1    1  1.64597E+15 0.00142 
   53   53    1    1    1    1    1    1    1    1  1.15156E+15 0.00105 
   54   54    1    1    1    1    1    1    1    1  1.35187E+15 0.00168 
   55   55    1    1    1    1    1    1    1    1  9.39048E+14 0.00156 
   56   56    1    1    1    1    1    1    1    1  1.29380E+14 0.00193 
   57   57    1    1    1    1    1    1    1    1  1.86157E+15 0.00148 
   58   58    1    1    1    1    1    1    1    1  7.88998E+14 0.00130 
   59   59    1    1    1    1    1    1    1    1  8.47470E+14 0.00141 
   60   60    1    1    1    1    1    1    1    1  6.38570E+14 0.00136 
   61   61    1    1    1    1    1    1    1    1  6.43772E+14 0.00167 
   62   62    1    1    1    1    1    1    1    1  6.62703E+14 0.00125 
   63   63    1    1    1    1    1    1    1    1  5.49606E+14 0.00178 
   64   64    1    1    1    1    1    1    1    1  4.37033E+14 0.00183 
   65   65    1    1    1    1    1    1    1    1  4.31669E+14 0.00182 
   66   66    1    1    1    1    1    1    1    1  3.12212E+14 0.00212 
   67   67    1    1    1    1    1    1    1    1  2.57657E+14 0.00234 
   68   68    1    1    1    1    1    1    1    1  2.31893E+14 0.00211 
   69   69    1    1    1    1    1    1    1    1  2.78111E+14 0.00286 
   70   70    1    1    1    1    1    1    1    1  2.37063E+14 0.00237 
   71   71    1    1    1    1    1    1    1    1  4.45185E+14 0.00172 
   72   72    1    1    1    1    1    1    1    1  3.16445E+14 0.00213 
   73   73    1    1    1    1    1    1    1    1  2.36143E+14 0.00225 
   74   74    1    1    1    1    1    1    1    1  1.84821E+14 0.00279 
   75   75    1    1    1    1    1    1    1    1  1.48651E+14 0.00265 
   76   76    1    1    1    1    1    1    1    1  1.67524E+14 0.00241 
   77   77    1    1    1    1    1    1    1    1  1.28549E+14 0.00256 
   78   78    1    1    1    1    1    1    1    1  9.99640E+13 0.00318 
   79   79    1    1    1    1    1    1    1    1  1.01580E+14 0.00297 
   80   80    1    1    1    1    1    1    1    1  7.43017E+13 0.00316 
   81   81    1    1    1    1    1    1    1    1  5.68118E+13 0.00242 
   82   82    1    1    1    1    1    1    1    1  4.33818E+13 0.00440 
   83   83    1    1    1    1    1    1    1    1  4.05967E+13 0.00414 
   84   84    1    1    1    1    1    1    1    1  2.90917E+13 0.00474 
   85   85    1    1    1    1    1    1    1    1  2.09470E+13 0.00393 
   86   86    1    1    1    1    1    1    1    1  1.96906E+13 0.00458 
   87   87    1    1    1    1    1    1    1    1  1.21715E+13 0.00623 
   88   88    1    1    1    1    1    1    1    1  8.21245E+12 0.00869 
   89   89    1    1    1    1    1    1    1    1  4.73728E+12 0.01307 
   90   90    1    1    1    1    1    1    1    1  3.19379E+12 0.01362 
   91   91    1    1    1    1    1    1    1    1  1.59575E+12 0.01829 
   92   92    1    1    1    1    1    1    1    1  7.63365E+11 0.02743 
   93   93    1    1    1    1    1    1    1    1  3.74512E+11 0.03822 
   94   94    1    1    1    1    1    1    1    1  1.84430E+11 0.04813 
   95   95    1    1    1    1    1    1    1    1  9.33959E+10 0.08374 
   96   96    1    1    1    1    1    1    1    1  4.32039E+10 0.09530 
   97   97    1    1    1    1    1    1    1    1  2.37780E+10 0.16043 
   98   98    1    1    1    1    1    1    1    1  8.78352E+09 0.20644 
   99   99    1    1    1    1    1    1    1    1  5.33619E+09 0.35750 
  100  100    1    1    1    1    1    1    1    1  3.85311E+09 0.21499 
];


