
DETdpaspec = [
    1    1    1    1    1    1    1    1    1    1  0.00000E+00 0.00000 
    2    2    1    1    1    1    1    1    1    1  0.00000E+00 0.00000 
    3    3    1    1    1    1    1    1    1    1  0.00000E+00 0.00000 
    4    4    1    1    1    1    1    1    1    1  0.00000E+00 0.00000 
    5    5    1    1    1    1    1    1    1    1  0.00000E+00 0.00000 
    6    6    1    1    1    1    1    1    1    1  0.00000E+00 0.00000 
    7    7    1    1    1    1    1    1    1    1  0.00000E+00 0.00000 
    8    8    1    1    1    1    1    1    1    1  0.00000E+00 0.00000 
    9    9    1    1    1    1    1    1    1    1  0.00000E+00 0.00000 
   10   10    1    1    1    1    1    1    1    1  0.00000E+00 0.00000 
   11   11    1    1    1    1    1    1    1    1  1.35763E+08 0.72071 
   12   12    1    1    1    1    1    1    1    1  2.13918E+07 1.00000 
   13   13    1    1    1    1    1    1    1    1  4.35293E+08 0.65663 
   14   14    1    1    1    1    1    1    1    1  2.24659E+09 0.51406 
   15   15    1    1    1    1    1    1    1    1  2.42509E+09 0.37737 
   16   16    1    1    1    1    1    1    1    1  1.53271E+09 0.30208 
   17   17    1    1    1    1    1    1    1    1  2.55910E+09 0.33412 
   18   18    1    1    1    1    1    1    1    1  5.24307E+09 0.23038 
   19   19    1    1    1    1    1    1    1    1  4.38191E+09 0.17368 
   20   20    1    1    1    1    1    1    1    1  2.23816E+10 0.24838 
   21   21    1    1    1    1    1    1    1    1  1.60764E+10 0.13482 
   22   22    1    1    1    1    1    1    1    1  4.18746E+10 0.12704 
   23   23    1    1    1    1    1    1    1    1  6.56974E+10 0.07264 
   24   24    1    1    1    1    1    1    1    1  9.67337E+10 0.06327 
   25   25    1    1    1    1    1    1    1    1  1.15118E+11 0.05700 
   26   26    1    1    1    1    1    1    1    1  1.71162E+11 0.05710 
   27   27    1    1    1    1    1    1    1    1  3.37719E+11 0.03241 
   28   28    1    1    1    1    1    1    1    1  7.97693E+11 0.02320 
   29   29    1    1    1    1    1    1    1    1  1.25246E+12 0.01427 
   30   30    1    1    1    1    1    1    1    1  3.56749E+12 0.00931 
   31   31    1    1    1    1    1    1    1    1  1.12027E+13 0.00704 
   32   32    1    1    1    1    1    1    1    1  2.08227E+13 0.00578 
   33   33    1    1    1    1    1    1    1    1  4.94862E+13 0.00457 
   34   34    1    1    1    1    1    1    1    1  6.90723E+13 0.00241 
   35   35    1    1    1    1    1    1    1    1  9.08828E+13 0.00251 
   36   36    1    1    1    1    1    1    1    1  6.20996E+13 0.00208 
   37   37    1    1    1    1    1    1    1    1  1.89939E+13 0.00184 
   38   38    1    1    1    1    1    1    1    1  1.06438E+14 0.00171 
   39   39    1    1    1    1    1    1    1    1  1.43692E+14 0.00145 
   40   40    1    1    1    1    1    1    1    1  2.47488E+14 0.00130 
   41   41    1    1    1    1    1    1    1    1  2.50533E+14 0.00151 
   42   42    1    1    1    1    1    1    1    1  5.33659E+14 0.00168 
   43   43    1    1    1    1    1    1    1    1  6.46969E+14 0.00118 
   44   44    1    1    1    1    1    1    1    1  9.36589E+14 0.00114 
   45   45    1    1    1    1    1    1    1    1  1.86990E+15 0.00101 
   46   46    1    1    1    1    1    1    1    1  8.82831E+14 0.00073 
   47   47    1    1    1    1    1    1    1    1  1.42228E+15 0.00083 
   48   48    1    1    1    1    1    1    1    1  1.99371E+15 0.00090 
   49   49    1    1    1    1    1    1    1    1  1.97266E+15 0.00089 
   50   50    1    1    1    1    1    1    1    1  3.08731E+15 0.00076 
   51   51    1    1    1    1    1    1    1    1  2.47263E+15 0.00093 
   52   52    1    1    1    1    1    1    1    1  2.94530E+15 0.00077 
   53   53    1    1    1    1    1    1    1    1  2.05432E+15 0.00087 
   54   54    1    1    1    1    1    1    1    1  2.51706E+15 0.00072 
   55   55    1    1    1    1    1    1    1    1  1.73823E+15 0.00072 
   56   56    1    1    1    1    1    1    1    1  2.36379E+14 0.00103 
   57   57    1    1    1    1    1    1    1    1  3.45905E+15 0.00077 
   58   58    1    1    1    1    1    1    1    1  1.54222E+15 0.00095 
   59   59    1    1    1    1    1    1    1    1  1.64614E+15 0.00095 
   60   60    1    1    1    1    1    1    1    1  1.28263E+15 0.00078 
   61   61    1    1    1    1    1    1    1    1  1.28703E+15 0.00090 
   62   62    1    1    1    1    1    1    1    1  1.34050E+15 0.00099 
   63   63    1    1    1    1    1    1    1    1  1.12790E+15 0.00138 
   64   64    1    1    1    1    1    1    1    1  8.99968E+14 0.00093 
   65   65    1    1    1    1    1    1    1    1  8.93032E+14 0.00096 
   66   66    1    1    1    1    1    1    1    1  6.46995E+14 0.00095 
   67   67    1    1    1    1    1    1    1    1  5.28079E+14 0.00109 
   68   68    1    1    1    1    1    1    1    1  4.73657E+14 0.00152 
   69   69    1    1    1    1    1    1    1    1  5.69164E+14 0.00125 
   70   70    1    1    1    1    1    1    1    1  4.85238E+14 0.00156 
   71   71    1    1    1    1    1    1    1    1  8.86431E+14 0.00138 
   72   72    1    1    1    1    1    1    1    1  6.27334E+14 0.00148 
   73   73    1    1    1    1    1    1    1    1  4.74143E+14 0.00093 
   74   74    1    1    1    1    1    1    1    1  3.79865E+14 0.00140 
   75   75    1    1    1    1    1    1    1    1  3.15047E+14 0.00177 
   76   76    1    1    1    1    1    1    1    1  3.65095E+14 0.00133 
   77   77    1    1    1    1    1    1    1    1  2.88665E+14 0.00170 
   78   78    1    1    1    1    1    1    1    1  2.29419E+14 0.00130 
   79   79    1    1    1    1    1    1    1    1  2.36698E+14 0.00157 
   80   80    1    1    1    1    1    1    1    1  1.76024E+14 0.00202 
   81   81    1    1    1    1    1    1    1    1  1.35158E+14 0.00244 
   82   82    1    1    1    1    1    1    1    1  1.03929E+14 0.00192 
   83   83    1    1    1    1    1    1    1    1  9.68887E+13 0.00253 
   84   84    1    1    1    1    1    1    1    1  6.96015E+13 0.00289 
   85   85    1    1    1    1    1    1    1    1  5.02279E+13 0.00281 
   86   86    1    1    1    1    1    1    1    1  4.70003E+13 0.00254 
   87   87    1    1    1    1    1    1    1    1  2.90139E+13 0.00422 
   88   88    1    1    1    1    1    1    1    1  1.97728E+13 0.00529 
   89   89    1    1    1    1    1    1    1    1  1.12356E+13 0.00702 
   90   90    1    1    1    1    1    1    1    1  7.32761E+12 0.00846 
   91   91    1    1    1    1    1    1    1    1  3.79910E+12 0.01045 
   92   92    1    1    1    1    1    1    1    1  1.82507E+12 0.01799 
   93   93    1    1    1    1    1    1    1    1  8.82983E+11 0.02798 
   94   94    1    1    1    1    1    1    1    1  4.11574E+11 0.02780 
   95   95    1    1    1    1    1    1    1    1  2.16244E+11 0.03790 
   96   96    1    1    1    1    1    1    1    1  1.00560E+11 0.07716 
   97   97    1    1    1    1    1    1    1    1  4.68348E+10 0.07820 
   98   98    1    1    1    1    1    1    1    1  2.12895E+10 0.12414 
   99   99    1    1    1    1    1    1    1    1  1.41151E+10 0.19174 
  100  100    1    1    1    1    1    1    1    1  7.10049E+09 0.35752 
];


