
DETdpaspec = [
    1    1    1    1    1    1    1    1    1    1  0.00000E+00 0.00000 
    2    2    1    1    1    1    1    1    1    1  0.00000E+00 0.00000 
    3    3    1    1    1    1    1    1    1    1  0.00000E+00 0.00000 
    4    4    1    1    1    1    1    1    1    1  0.00000E+00 0.00000 
    5    5    1    1    1    1    1    1    1    1  0.00000E+00 0.00000 
    6    6    1    1    1    1    1    1    1    1  0.00000E+00 0.00000 
    7    7    1    1    1    1    1    1    1    1  1.52901E+07 1.00000 
    8    8    1    1    1    1    1    1    1    1  1.33633E+07 1.00000 
    9    9    1    1    1    1    1    1    1    1  2.39982E+07 0.69125 
   10   10    1    1    1    1    1    1    1    1  2.15994E+07 1.00000 
   11   11    1    1    1    1    1    1    1    1  1.64740E+08 0.46218 
   12   12    1    1    1    1    1    1    1    1  2.08468E+07 0.80416 
   13   13    1    1    1    1    1    1    1    1  1.06595E+09 0.49338 
   14   14    1    1    1    1    1    1    1    1  1.63660E+09 0.34633 
   15   15    1    1    1    1    1    1    1    1  3.70764E+09 0.41889 
   16   16    1    1    1    1    1    1    1    1  9.28217E+08 0.29519 
   17   17    1    1    1    1    1    1    1    1  1.90878E+09 0.36050 
   18   18    1    1    1    1    1    1    1    1  5.03320E+09 0.23265 
   19   19    1    1    1    1    1    1    1    1  6.82770E+09 0.19826 
   20   20    1    1    1    1    1    1    1    1  2.33664E+10 0.15129 
   21   21    1    1    1    1    1    1    1    1  1.65428E+10 0.10392 
   22   22    1    1    1    1    1    1    1    1  4.87841E+10 0.11859 
   23   23    1    1    1    1    1    1    1    1  6.27572E+10 0.09283 
   24   24    1    1    1    1    1    1    1    1  1.04304E+11 0.04962 
   25   25    1    1    1    1    1    1    1    1  1.22923E+11 0.06973 
   26   26    1    1    1    1    1    1    1    1  2.06183E+11 0.03636 
   27   27    1    1    1    1    1    1    1    1  3.25539E+11 0.03730 
   28   28    1    1    1    1    1    1    1    1  6.64977E+11 0.02969 
   29   29    1    1    1    1    1    1    1    1  9.60538E+11 0.02263 
   30   30    1    1    1    1    1    1    1    1  2.92146E+12 0.01437 
   31   31    1    1    1    1    1    1    1    1  9.00782E+12 0.00904 
   32   32    1    1    1    1    1    1    1    1  1.67685E+13 0.00637 
   33   33    1    1    1    1    1    1    1    1  3.85429E+13 0.00390 
   34   34    1    1    1    1    1    1    1    1  5.22370E+13 0.00344 
   35   35    1    1    1    1    1    1    1    1  7.40533E+13 0.00307 
   36   36    1    1    1    1    1    1    1    1  5.18153E+13 0.00288 
   37   37    1    1    1    1    1    1    1    1  1.63113E+13 0.00311 
   38   38    1    1    1    1    1    1    1    1  8.89756E+13 0.00259 
   39   39    1    1    1    1    1    1    1    1  1.19143E+14 0.00263 
   40   40    1    1    1    1    1    1    1    1  2.02137E+14 0.00257 
   41   41    1    1    1    1    1    1    1    1  2.08679E+14 0.00264 
   42   42    1    1    1    1    1    1    1    1  4.33540E+14 0.00193 
   43   43    1    1    1    1    1    1    1    1  5.21195E+14 0.00135 
   44   44    1    1    1    1    1    1    1    1  7.48930E+14 0.00089 
   45   45    1    1    1    1    1    1    1    1  1.46100E+15 0.00132 
   46   46    1    1    1    1    1    1    1    1  6.93662E+14 0.00123 
   47   47    1    1    1    1    1    1    1    1  1.12245E+15 0.00115 
   48   48    1    1    1    1    1    1    1    1  1.56376E+15 0.00086 
   49   49    1    1    1    1    1    1    1    1  1.54990E+15 0.00114 
   50   50    1    1    1    1    1    1    1    1  2.38542E+15 0.00126 
   51   51    1    1    1    1    1    1    1    1  1.92898E+15 0.00097 
   52   52    1    1    1    1    1    1    1    1  2.24683E+15 0.00087 
   53   53    1    1    1    1    1    1    1    1  1.56868E+15 0.00077 
   54   54    1    1    1    1    1    1    1    1  1.88802E+15 0.00074 
   55   55    1    1    1    1    1    1    1    1  1.30525E+15 0.00088 
   56   56    1    1    1    1    1    1    1    1  1.78347E+14 0.00111 
   57   57    1    1    1    1    1    1    1    1  2.59849E+15 0.00099 
   58   58    1    1    1    1    1    1    1    1  1.12954E+15 0.00086 
   59   59    1    1    1    1    1    1    1    1  1.20971E+15 0.00091 
   60   60    1    1    1    1    1    1    1    1  9.26210E+14 0.00077 
   61   61    1    1    1    1    1    1    1    1  9.31326E+14 0.00077 
   62   62    1    1    1    1    1    1    1    1  9.67183E+14 0.00108 
   63   63    1    1    1    1    1    1    1    1  8.09679E+14 0.00122 
   64   64    1    1    1    1    1    1    1    1  6.43541E+14 0.00093 
   65   65    1    1    1    1    1    1    1    1  6.38190E+14 0.00101 
   66   66    1    1    1    1    1    1    1    1  4.61676E+14 0.00126 
   67   67    1    1    1    1    1    1    1    1  3.78408E+14 0.00116 
   68   68    1    1    1    1    1    1    1    1  3.40926E+14 0.00154 
   69   69    1    1    1    1    1    1    1    1  4.08290E+14 0.00122 
   70   70    1    1    1    1    1    1    1    1  3.49130E+14 0.00141 
   71   71    1    1    1    1    1    1    1    1  6.43112E+14 0.00133 
   72   72    1    1    1    1    1    1    1    1  4.56718E+14 0.00146 
   73   73    1    1    1    1    1    1    1    1  3.43312E+14 0.00181 
   74   74    1    1    1    1    1    1    1    1  2.72655E+14 0.00179 
   75   75    1    1    1    1    1    1    1    1  2.22835E+14 0.00202 
   76   76    1    1    1    1    1    1    1    1  2.54638E+14 0.00178 
   77   77    1    1    1    1    1    1    1    1  1.98481E+14 0.00230 
   78   78    1    1    1    1    1    1    1    1  1.56067E+14 0.00230 
   79   79    1    1    1    1    1    1    1    1  1.59492E+14 0.00197 
   80   80    1    1    1    1    1    1    1    1  1.17644E+14 0.00277 
   81   81    1    1    1    1    1    1    1    1  9.06363E+13 0.00332 
   82   82    1    1    1    1    1    1    1    1  6.91506E+13 0.00352 
   83   83    1    1    1    1    1    1    1    1  6.45263E+13 0.00296 
   84   84    1    1    1    1    1    1    1    1  4.68718E+13 0.00376 
   85   85    1    1    1    1    1    1    1    1  3.33273E+13 0.00431 
   86   86    1    1    1    1    1    1    1    1  3.14343E+13 0.00362 
   87   87    1    1    1    1    1    1    1    1  1.94727E+13 0.00715 
   88   88    1    1    1    1    1    1    1    1  1.31636E+13 0.00594 
   89   89    1    1    1    1    1    1    1    1  7.55771E+12 0.00764 
   90   90    1    1    1    1    1    1    1    1  5.11281E+12 0.01409 
   91   91    1    1    1    1    1    1    1    1  2.49600E+12 0.01300 
   92   92    1    1    1    1    1    1    1    1  1.27096E+12 0.02387 
   93   93    1    1    1    1    1    1    1    1  6.28753E+11 0.03010 
   94   94    1    1    1    1    1    1    1    1  2.94549E+11 0.04605 
   95   95    1    1    1    1    1    1    1    1  1.53605E+11 0.04822 
   96   96    1    1    1    1    1    1    1    1  6.40386E+10 0.08368 
   97   97    1    1    1    1    1    1    1    1  3.19253E+10 0.10494 
   98   98    1    1    1    1    1    1    1    1  1.36559E+10 0.19233 
   99   99    1    1    1    1    1    1    1    1  6.01005E+09 0.31371 
  100  100    1    1    1    1    1    1    1    1  7.87442E+09 0.35525 
];


