
DETdpaspec = [
    1    1    1    1    1    1    1    1    1    1  0.00000E+00 0.00000 
    2    2    1    1    1    1    1    1    1    1  0.00000E+00 0.00000 
    3    3    1    1    1    1    1    1    1    1  0.00000E+00 0.00000 
    4    4    1    1    1    1    1    1    1    1  4.76091E+07 1.00000 
    5    5    1    1    1    1    1    1    1    1  0.00000E+00 0.00000 
    6    6    1    1    1    1    1    1    1    1  0.00000E+00 0.00000 
    7    7    1    1    1    1    1    1    1    1  0.00000E+00 0.00000 
    8    8    1    1    1    1    1    1    1    1  0.00000E+00 0.00000 
    9    9    1    1    1    1    1    1    1    1  0.00000E+00 0.00000 
   10   10    1    1    1    1    1    1    1    1  0.00000E+00 0.00000 
   11   11    1    1    1    1    1    1    1    1  4.29237E+08 1.00000 
   12   12    1    1    1    1    1    1    1    1  3.93946E+08 1.00000 
   13   13    1    1    1    1    1    1    1    1  6.09716E+08 0.72000 
   14   14    1    1    1    1    1    1    1    1  4.50938E+08 1.00000 
   15   15    1    1    1    1    1    1    1    1  6.68940E+08 1.00000 
   16   16    1    1    1    1    1    1    1    1  8.44192E+07 1.00000 
   17   17    1    1    1    1    1    1    1    1  9.00623E+08 0.82600 
   18   18    1    1    1    1    1    1    1    1  1.52539E+09 0.46985 
   19   19    1    1    1    1    1    1    1    1  8.89956E+08 0.49245 
   20   20    1    1    1    1    1    1    1    1  8.02597E+09 0.22718 
   21   21    1    1    1    1    1    1    1    1  1.98500E+10 0.11584 
   22   22    1    1    1    1    1    1    1    1  1.02055E+11 0.07009 
   23   23    1    1    1    1    1    1    1    1  4.16948E+11 0.03833 
   24   24    1    1    1    1    1    1    1    1  1.22253E+12 0.02643 
   25   25    1    1    1    1    1    1    1    1  1.87780E+12 0.02127 
   26   26    1    1    1    1    1    1    1    1  3.82118E+12 0.01574 
   27   27    1    1    1    1    1    1    1    1  7.00516E+12 0.01280 
   28   28    1    1    1    1    1    1    1    1  1.24071E+13 0.00856 
   29   29    1    1    1    1    1    1    1    1  1.86218E+13 0.00592 
   30   30    1    1    1    1    1    1    1    1  3.39667E+13 0.00425 
   31   31    1    1    1    1    1    1    1    1  6.58708E+13 0.00340 
   32   32    1    1    1    1    1    1    1    1  9.31701E+13 0.00258 
   33   33    1    1    1    1    1    1    1    1  1.76706E+14 0.00196 
   34   34    1    1    1    1    1    1    1    1  2.10710E+14 0.00163 
   35   35    1    1    1    1    1    1    1    1  2.10166E+14 0.00133 
   36   36    1    1    1    1    1    1    1    1  1.23938E+14 0.00141 
   37   37    1    1    1    1    1    1    1    1  3.58068E+13 0.00135 
   38   38    1    1    1    1    1    1    1    1  2.04383E+14 0.00106 
   39   39    1    1    1    1    1    1    1    1  2.67343E+14 0.00101 
   40   40    1    1    1    1    1    1    1    1  4.48108E+14 0.00096 
   41   41    1    1    1    1    1    1    1    1  4.22253E+14 0.00080 
   42   42    1    1    1    1    1    1    1    1  8.94925E+14 0.00079 
   43   43    1    1    1    1    1    1    1    1  1.04936E+15 0.00079 
   44   44    1    1    1    1    1    1    1    1  1.46207E+15 0.00080 
   45   45    1    1    1    1    1    1    1    1  2.79436E+15 0.00087 
   46   46    1    1    1    1    1    1    1    1  1.23143E+15 0.00095 
   47   47    1    1    1    1    1    1    1    1  1.92497E+15 0.00093 
   48   48    1    1    1    1    1    1    1    1  2.60498E+15 0.00087 
   49   49    1    1    1    1    1    1    1    1  2.49680E+15 0.00082 
   50   50    1    1    1    1    1    1    1    1  3.84460E+15 0.00087 
   51   51    1    1    1    1    1    1    1    1  2.91710E+15 0.00082 
   52   52    1    1    1    1    1    1    1    1  3.47588E+15 0.00081 
   53   53    1    1    1    1    1    1    1    1  2.35104E+15 0.00068 
   54   54    1    1    1    1    1    1    1    1  2.89976E+15 0.00085 
   55   55    1    1    1    1    1    1    1    1  1.96531E+15 0.00088 
   56   56    1    1    1    1    1    1    1    1  2.64006E+14 0.00098 
   57   57    1    1    1    1    1    1    1    1  3.83610E+15 0.00092 
   58   58    1    1    1    1    1    1    1    1  1.73720E+15 0.00101 
   59   59    1    1    1    1    1    1    1    1  1.81354E+15 0.00097 
   60   60    1    1    1    1    1    1    1    1  1.42926E+15 0.00097 
   61   61    1    1    1    1    1    1    1    1  1.41670E+15 0.00101 
   62   62    1    1    1    1    1    1    1    1  1.46738E+15 0.00099 
   63   63    1    1    1    1    1    1    1    1  1.22767E+15 0.00126 
   64   64    1    1    1    1    1    1    1    1  9.66721E+14 0.00127 
   65   65    1    1    1    1    1    1    1    1  9.54601E+14 0.00126 
   66   66    1    1    1    1    1    1    1    1  6.83281E+14 0.00138 
   67   67    1    1    1    1    1    1    1    1  5.50517E+14 0.00127 
   68   68    1    1    1    1    1    1    1    1  4.89235E+14 0.00131 
   69   69    1    1    1    1    1    1    1    1  5.83320E+14 0.00128 
   70   70    1    1    1    1    1    1    1    1  4.90460E+14 0.00122 
   71   71    1    1    1    1    1    1    1    1  8.66385E+14 0.00129 
   72   72    1    1    1    1    1    1    1    1  6.03951E+14 0.00141 
   73   73    1    1    1    1    1    1    1    1  4.53457E+14 0.00146 
   74   74    1    1    1    1    1    1    1    1  3.67882E+14 0.00144 
   75   75    1    1    1    1    1    1    1    1  3.07970E+14 0.00134 
   76   76    1    1    1    1    1    1    1    1  3.60510E+14 0.00166 
   77   77    1    1    1    1    1    1    1    1  2.88226E+14 0.00181 
   78   78    1    1    1    1    1    1    1    1  2.31020E+14 0.00196 
   79   79    1    1    1    1    1    1    1    1  2.39330E+14 0.00176 
   80   80    1    1    1    1    1    1    1    1  1.76875E+14 0.00225 
   81   81    1    1    1    1    1    1    1    1  1.36420E+14 0.00198 
   82   82    1    1    1    1    1    1    1    1  1.04281E+14 0.00201 
   83   83    1    1    1    1    1    1    1    1  9.70572E+13 0.00210 
   84   84    1    1    1    1    1    1    1    1  6.92661E+13 0.00287 
   85   85    1    1    1    1    1    1    1    1  4.98722E+13 0.00353 
   86   86    1    1    1    1    1    1    1    1  4.65138E+13 0.00337 
   87   87    1    1    1    1    1    1    1    1  2.78965E+13 0.00442 
   88   88    1    1    1    1    1    1    1    1  1.85790E+13 0.00607 
   89   89    1    1    1    1    1    1    1    1  1.06445E+13 0.00677 
   90   90    1    1    1    1    1    1    1    1  6.83102E+12 0.00801 
   91   91    1    1    1    1    1    1    1    1  3.33900E+12 0.00838 
   92   92    1    1    1    1    1    1    1    1  1.59784E+12 0.01665 
   93   93    1    1    1    1    1    1    1    1  7.57752E+11 0.01899 
   94   94    1    1    1    1    1    1    1    1  3.53986E+11 0.02370 
   95   95    1    1    1    1    1    1    1    1  1.76761E+11 0.05774 
   96   96    1    1    1    1    1    1    1    1  7.77214E+10 0.06766 
   97   97    1    1    1    1    1    1    1    1  4.02119E+10 0.11500 
   98   98    1    1    1    1    1    1    1    1  1.85680E+10 0.14881 
   99   99    1    1    1    1    1    1    1    1  1.09133E+10 0.19398 
  100  100    1    1    1    1    1    1    1    1  6.91681E+09 0.28939 
];


