
DETdpaspec = [
    1    1    1    1    1    1    1    1    1    1  0.00000E+00 0.00000 
    2    2    1    1    1    1    1    1    1    1  0.00000E+00 0.00000 
    3    3    1    1    1    1    1    1    1    1  0.00000E+00 0.00000 
    4    4    1    1    1    1    1    1    1    1  9.16256E+06 1.00000 
    5    5    1    1    1    1    1    1    1    1  0.00000E+00 0.00000 
    6    6    1    1    1    1    1    1    1    1  0.00000E+00 0.00000 
    7    7    1    1    1    1    1    1    1    1  0.00000E+00 0.00000 
    8    8    1    1    1    1    1    1    1    1  2.60712E+07 0.68886 
    9    9    1    1    1    1    1    1    1    1  0.00000E+00 0.00000 
   10   10    1    1    1    1    1    1    1    1  6.84291E+07 0.69253 
   11   11    1    1    1    1    1    1    1    1  4.27301E+08 0.49967 
   12   12    1    1    1    1    1    1    1    1  3.55926E+07 0.59607 
   13   13    1    1    1    1    1    1    1    1  5.43816E+08 0.35240 
   14   14    1    1    1    1    1    1    1    1  2.02428E+09 0.51453 
   15   15    1    1    1    1    1    1    1    1  3.43989E+09 0.39314 
   16   16    1    1    1    1    1    1    1    1  6.23803E+08 0.37298 
   17   17    1    1    1    1    1    1    1    1  1.31581E+09 0.25117 
   18   18    1    1    1    1    1    1    1    1  5.28994E+09 0.18410 
   19   19    1    1    1    1    1    1    1    1  6.87180E+09 0.17371 
   20   20    1    1    1    1    1    1    1    1  2.47091E+10 0.14312 
   21   21    1    1    1    1    1    1    1    1  1.72672E+10 0.10924 
   22   22    1    1    1    1    1    1    1    1  4.79341E+10 0.10583 
   23   23    1    1    1    1    1    1    1    1  6.38025E+10 0.06329 
   24   24    1    1    1    1    1    1    1    1  1.05708E+11 0.06480 
   25   25    1    1    1    1    1    1    1    1  1.25767E+11 0.06607 
   26   26    1    1    1    1    1    1    1    1  1.87408E+11 0.04347 
   27   27    1    1    1    1    1    1    1    1  3.38600E+11 0.02940 
   28   28    1    1    1    1    1    1    1    1  6.78066E+11 0.02848 
   29   29    1    1    1    1    1    1    1    1  1.00731E+12 0.01715 
   30   30    1    1    1    1    1    1    1    1  3.01607E+12 0.01280 
   31   31    1    1    1    1    1    1    1    1  9.31898E+12 0.00791 
   32   32    1    1    1    1    1    1    1    1  1.76995E+13 0.00502 
   33   33    1    1    1    1    1    1    1    1  4.13185E+13 0.00535 
   34   34    1    1    1    1    1    1    1    1  5.63478E+13 0.00376 
   35   35    1    1    1    1    1    1    1    1  7.81374E+13 0.00326 
   36   36    1    1    1    1    1    1    1    1  5.44507E+13 0.00256 
   37   37    1    1    1    1    1    1    1    1  1.70212E+13 0.00324 
   38   38    1    1    1    1    1    1    1    1  9.38232E+13 0.00290 
   39   39    1    1    1    1    1    1    1    1  1.26036E+14 0.00206 
   40   40    1    1    1    1    1    1    1    1  2.15137E+14 0.00196 
   41   41    1    1    1    1    1    1    1    1  2.20739E+14 0.00187 
   42   42    1    1    1    1    1    1    1    1  4.62752E+14 0.00174 
   43   43    1    1    1    1    1    1    1    1  5.58907E+14 0.00121 
   44   44    1    1    1    1    1    1    1    1  8.03928E+14 0.00154 
   45   45    1    1    1    1    1    1    1    1  1.58418E+15 0.00109 
   46   46    1    1    1    1    1    1    1    1  7.51082E+14 0.00096 
   47   47    1    1    1    1    1    1    1    1  1.21402E+15 0.00096 
   48   48    1    1    1    1    1    1    1    1  1.69812E+15 0.00086 
   49   49    1    1    1    1    1    1    1    1  1.68196E+15 0.00086 
   50   50    1    1    1    1    1    1    1    1  2.60165E+15 0.00076 
   51   51    1    1    1    1    1    1    1    1  2.09907E+15 0.00075 
   52   52    1    1    1    1    1    1    1    1  2.46407E+15 0.00087 
   53   53    1    1    1    1    1    1    1    1  1.72084E+15 0.00097 
   54   54    1    1    1    1    1    1    1    1  2.08124E+15 0.00103 
   55   55    1    1    1    1    1    1    1    1  1.43932E+15 0.00093 
   56   56    1    1    1    1    1    1    1    1  1.96831E+14 0.00136 
   57   57    1    1    1    1    1    1    1    1  2.86410E+15 0.00089 
   58   58    1    1    1    1    1    1    1    1  1.25469E+15 0.00102 
   59   59    1    1    1    1    1    1    1    1  1.34334E+15 0.00077 
   60   60    1    1    1    1    1    1    1    1  1.03361E+15 0.00119 
   61   61    1    1    1    1    1    1    1    1  1.03897E+15 0.00100 
   62   62    1    1    1    1    1    1    1    1  1.08006E+15 0.00096 
   63   63    1    1    1    1    1    1    1    1  9.05395E+14 0.00133 
   64   64    1    1    1    1    1    1    1    1  7.20214E+14 0.00101 
   65   65    1    1    1    1    1    1    1    1  7.15447E+14 0.00108 
   66   66    1    1    1    1    1    1    1    1  5.16700E+14 0.00110 
   67   67    1    1    1    1    1    1    1    1  4.23217E+14 0.00117 
   68   68    1    1    1    1    1    1    1    1  3.81016E+14 0.00123 
   69   69    1    1    1    1    1    1    1    1  4.57867E+14 0.00148 
   70   70    1    1    1    1    1    1    1    1  3.90337E+14 0.00159 
   71   71    1    1    1    1    1    1    1    1  7.17816E+14 0.00139 
   72   72    1    1    1    1    1    1    1    1  5.10160E+14 0.00123 
   73   73    1    1    1    1    1    1    1    1  3.83694E+14 0.00163 
   74   74    1    1    1    1    1    1    1    1  3.05525E+14 0.00199 
   75   75    1    1    1    1    1    1    1    1  2.50947E+14 0.00172 
   76   76    1    1    1    1    1    1    1    1  2.88518E+14 0.00147 
   77   77    1    1    1    1    1    1    1    1  2.25557E+14 0.00198 
   78   78    1    1    1    1    1    1    1    1  1.77941E+14 0.00222 
   79   79    1    1    1    1    1    1    1    1  1.82961E+14 0.00190 
   80   80    1    1    1    1    1    1    1    1  1.34988E+14 0.00189 
   81   81    1    1    1    1    1    1    1    1  1.03560E+14 0.00275 
   82   82    1    1    1    1    1    1    1    1  7.95235E+13 0.00264 
   83   83    1    1    1    1    1    1    1    1  7.43327E+13 0.00334 
   84   84    1    1    1    1    1    1    1    1  5.34665E+13 0.00290 
   85   85    1    1    1    1    1    1    1    1  3.85667E+13 0.00336 
   86   86    1    1    1    1    1    1    1    1  3.58226E+13 0.00488 
   87   87    1    1    1    1    1    1    1    1  2.22234E+13 0.00469 
   88   88    1    1    1    1    1    1    1    1  1.50837E+13 0.00602 
   89   89    1    1    1    1    1    1    1    1  8.74669E+12 0.00978 
   90   90    1    1    1    1    1    1    1    1  5.82327E+12 0.00914 
   91   91    1    1    1    1    1    1    1    1  2.97263E+12 0.00958 
   92   92    1    1    1    1    1    1    1    1  1.40135E+12 0.02673 
   93   93    1    1    1    1    1    1    1    1  6.92515E+11 0.03090 
   94   94    1    1    1    1    1    1    1    1  3.35442E+11 0.03866 
   95   95    1    1    1    1    1    1    1    1  1.51846E+11 0.05782 
   96   96    1    1    1    1    1    1    1    1  6.92831E+10 0.08629 
   97   97    1    1    1    1    1    1    1    1  3.48236E+10 0.14339 
   98   98    1    1    1    1    1    1    1    1  1.44686E+10 0.11819 
   99   99    1    1    1    1    1    1    1    1  8.60634E+09 0.20624 
  100  100    1    1    1    1    1    1    1    1  6.55741E+09 0.28493 
];


