
DETdpaspec = [
    1    1    1    1    1    1    1    1    1    1  0.00000E+00 0.00000 
    2    2    1    1    1    1    1    1    1    1  0.00000E+00 0.00000 
    3    3    1    1    1    1    1    1    1    1  0.00000E+00 0.00000 
    4    4    1    1    1    1    1    1    1    1  0.00000E+00 0.00000 
    5    5    1    1    1    1    1    1    1    1  0.00000E+00 0.00000 
    6    6    1    1    1    1    1    1    1    1  0.00000E+00 0.00000 
    7    7    1    1    1    1    1    1    1    1  0.00000E+00 0.00000 
    8    8    1    1    1    1    1    1    1    1  0.00000E+00 0.00000 
    9    9    1    1    1    1    1    1    1    1  1.69453E+07 0.68861 
   10   10    1    1    1    1    1    1    1    1  1.12199E+08 0.56894 
   11   11    1    1    1    1    1    1    1    1  3.72280E+08 0.63870 
   12   12    1    1    1    1    1    1    1    1  1.11340E+08 0.45225 
   13   13    1    1    1    1    1    1    1    1  2.86497E+09 0.39337 
   14   14    1    1    1    1    1    1    1    1  1.15429E+09 0.33709 
   15   15    1    1    1    1    1    1    1    1  2.38224E+09 0.35226 
   16   16    1    1    1    1    1    1    1    1  1.81314E+09 0.31635 
   17   17    1    1    1    1    1    1    1    1  3.33862E+09 0.23288 
   18   18    1    1    1    1    1    1    1    1  6.25752E+09 0.22838 
   19   19    1    1    1    1    1    1    1    1  7.18351E+09 0.16924 
   20   20    1    1    1    1    1    1    1    1  2.04534E+10 0.18451 
   21   21    1    1    1    1    1    1    1    1  1.77519E+10 0.13127 
   22   22    1    1    1    1    1    1    1    1  4.71759E+10 0.08415 
   23   23    1    1    1    1    1    1    1    1  6.70994E+10 0.08131 
   24   24    1    1    1    1    1    1    1    1  1.01303E+11 0.05990 
   25   25    1    1    1    1    1    1    1    1  1.24800E+11 0.05685 
   26   26    1    1    1    1    1    1    1    1  1.99062E+11 0.05377 
   27   27    1    1    1    1    1    1    1    1  3.47387E+11 0.03452 
   28   28    1    1    1    1    1    1    1    1  7.19617E+11 0.01843 
   29   29    1    1    1    1    1    1    1    1  1.13363E+12 0.01354 
   30   30    1    1    1    1    1    1    1    1  3.20851E+12 0.01281 
   31   31    1    1    1    1    1    1    1    1  1.00522E+13 0.00837 
   32   32    1    1    1    1    1    1    1    1  1.86152E+13 0.00577 
   33   33    1    1    1    1    1    1    1    1  4.47302E+13 0.00406 
   34   34    1    1    1    1    1    1    1    1  6.17544E+13 0.00258 
   35   35    1    1    1    1    1    1    1    1  8.37321E+13 0.00260 
   36   36    1    1    1    1    1    1    1    1  5.80635E+13 0.00239 
   37   37    1    1    1    1    1    1    1    1  1.78954E+13 0.00259 
   38   38    1    1    1    1    1    1    1    1  9.94112E+13 0.00199 
   39   39    1    1    1    1    1    1    1    1  1.33922E+14 0.00182 
   40   40    1    1    1    1    1    1    1    1  2.29696E+14 0.00155 
   41   41    1    1    1    1    1    1    1    1  2.34547E+14 0.00142 
   42   42    1    1    1    1    1    1    1    1  4.96873E+14 0.00108 
   43   43    1    1    1    1    1    1    1    1  6.00444E+14 0.00122 
   44   44    1    1    1    1    1    1    1    1  8.69082E+14 0.00107 
   45   45    1    1    1    1    1    1    1    1  1.72423E+15 0.00105 
   46   46    1    1    1    1    1    1    1    1  8.17270E+14 0.00108 
   47   47    1    1    1    1    1    1    1    1  1.31879E+15 0.00096 
   48   48    1    1    1    1    1    1    1    1  1.84567E+15 0.00084 
   49   49    1    1    1    1    1    1    1    1  1.82940E+15 0.00064 
   50   50    1    1    1    1    1    1    1    1  2.84860E+15 0.00064 
   51   51    1    1    1    1    1    1    1    1  2.28799E+15 0.00078 
   52   52    1    1    1    1    1    1    1    1  2.70556E+15 0.00076 
   53   53    1    1    1    1    1    1    1    1  1.88977E+15 0.00063 
   54   54    1    1    1    1    1    1    1    1  2.30038E+15 0.00062 
   55   55    1    1    1    1    1    1    1    1  1.59058E+15 0.00069 
   56   56    1    1    1    1    1    1    1    1  2.16988E+14 0.00127 
   57   57    1    1    1    1    1    1    1    1  3.16898E+15 0.00069 
   58   58    1    1    1    1    1    1    1    1  1.40181E+15 0.00085 
   59   59    1    1    1    1    1    1    1    1  1.49743E+15 0.00102 
   60   60    1    1    1    1    1    1    1    1  1.15859E+15 0.00085 
   61   61    1    1    1    1    1    1    1    1  1.16483E+15 0.00107 
   62   62    1    1    1    1    1    1    1    1  1.21154E+15 0.00126 
   63   63    1    1    1    1    1    1    1    1  1.01944E+15 0.00136 
   64   64    1    1    1    1    1    1    1    1  8.10870E+14 0.00109 
   65   65    1    1    1    1    1    1    1    1  8.05831E+14 0.00112 
   66   66    1    1    1    1    1    1    1    1  5.82599E+14 0.00138 
   67   67    1    1    1    1    1    1    1    1  4.76017E+14 0.00156 
   68   68    1    1    1    1    1    1    1    1  4.27940E+14 0.00151 
   69   69    1    1    1    1    1    1    1    1  5.13077E+14 0.00126 
   70   70    1    1    1    1    1    1    1    1  4.38852E+14 0.00104 
   71   71    1    1    1    1    1    1    1    1  8.02624E+14 0.00111 
   72   72    1    1    1    1    1    1    1    1  5.70187E+14 0.00134 
   73   73    1    1    1    1    1    1    1    1  4.28472E+14 0.00171 
   74   74    1    1    1    1    1    1    1    1  3.43181E+14 0.00184 
   75   75    1    1    1    1    1    1    1    1  2.83354E+14 0.00190 
   76   76    1    1    1    1    1    1    1    1  3.26155E+14 0.00153 
   77   77    1    1    1    1    1    1    1    1  2.56752E+14 0.00185 
   78   78    1    1    1    1    1    1    1    1  2.03688E+14 0.00185 
   79   79    1    1    1    1    1    1    1    1  2.09538E+14 0.00182 
   80   80    1    1    1    1    1    1    1    1  1.55240E+14 0.00213 
   81   81    1    1    1    1    1    1    1    1  1.19115E+14 0.00221 
   82   82    1    1    1    1    1    1    1    1  9.17340E+13 0.00230 
   83   83    1    1    1    1    1    1    1    1  8.58244E+13 0.00336 
   84   84    1    1    1    1    1    1    1    1  6.15493E+13 0.00270 
   85   85    1    1    1    1    1    1    1    1  4.44772E+13 0.00319 
   86   86    1    1    1    1    1    1    1    1  4.16936E+13 0.00398 
   87   87    1    1    1    1    1    1    1    1  2.58675E+13 0.00491 
   88   88    1    1    1    1    1    1    1    1  1.74148E+13 0.00514 
   89   89    1    1    1    1    1    1    1    1  1.00662E+13 0.00798 
   90   90    1    1    1    1    1    1    1    1  6.53128E+12 0.00711 
   91   91    1    1    1    1    1    1    1    1  3.31423E+12 0.01289 
   92   92    1    1    1    1    1    1    1    1  1.62850E+12 0.01891 
   93   93    1    1    1    1    1    1    1    1  7.56009E+11 0.02622 
   94   94    1    1    1    1    1    1    1    1  3.78097E+11 0.03151 
   95   95    1    1    1    1    1    1    1    1  2.01125E+11 0.04648 
   96   96    1    1    1    1    1    1    1    1  8.80723E+10 0.06669 
   97   97    1    1    1    1    1    1    1    1  4.05247E+10 0.11538 
   98   98    1    1    1    1    1    1    1    1  1.74593E+10 0.18895 
   99   99    1    1    1    1    1    1    1    1  1.19295E+10 0.18448 
  100  100    1    1    1    1    1    1    1    1  1.04035E+10 0.27278 
];


