
DETdpaspec = [
    1    1    1    1    1    1    1    1    1    1  0.00000E+00 0.00000 
    2    2    1    1    1    1    1    1    1    1  0.00000E+00 0.00000 
    3    3    1    1    1    1    1    1    1    1  0.00000E+00 0.00000 
    4    4    1    1    1    1    1    1    1    1  0.00000E+00 0.00000 
    5    5    1    1    1    1    1    1    1    1  0.00000E+00 0.00000 
    6    6    1    1    1    1    1    1    1    1  0.00000E+00 0.00000 
    7    7    1    1    1    1    1    1    1    1  0.00000E+00 0.00000 
    8    8    1    1    1    1    1    1    1    1  1.10816E+07 1.00000 
    9    9    1    1    1    1    1    1    1    1  6.48197E+06 1.00000 
   10   10    1    1    1    1    1    1    1    1  0.00000E+00 0.00000 
   11   11    1    1    1    1    1    1    1    1  3.88297E+07 1.00000 
   12   12    1    1    1    1    1    1    1    1  3.60848E+07 0.69074 
   13   13    1    1    1    1    1    1    1    1  3.25325E+08 0.69481 
   14   14    1    1    1    1    1    1    1    1  2.56718E+09 0.38229 
   15   15    1    1    1    1    1    1    1    1  2.40314E+09 0.42481 
   16   16    1    1    1    1    1    1    1    1  1.45960E+09 0.37634 
   17   17    1    1    1    1    1    1    1    1  1.74409E+09 0.26503 
   18   18    1    1    1    1    1    1    1    1  6.75829E+09 0.16538 
   19   19    1    1    1    1    1    1    1    1  7.64204E+09 0.15906 
   20   20    1    1    1    1    1    1    1    1  2.44736E+10 0.18482 
   21   21    1    1    1    1    1    1    1    1  1.83134E+10 0.13731 
   22   22    1    1    1    1    1    1    1    1  4.27658E+10 0.08490 
   23   23    1    1    1    1    1    1    1    1  5.67414E+10 0.07417 
   24   24    1    1    1    1    1    1    1    1  1.01297E+11 0.07577 
   25   25    1    1    1    1    1    1    1    1  1.19963E+11 0.05654 
   26   26    1    1    1    1    1    1    1    1  1.87632E+11 0.04563 
   27   27    1    1    1    1    1    1    1    1  3.41395E+11 0.03910 
   28   28    1    1    1    1    1    1    1    1  6.56084E+11 0.03016 
   29   29    1    1    1    1    1    1    1    1  9.69346E+11 0.01884 
   30   30    1    1    1    1    1    1    1    1  2.97658E+12 0.01244 
   31   31    1    1    1    1    1    1    1    1  9.37096E+12 0.00586 
   32   32    1    1    1    1    1    1    1    1  1.74519E+13 0.00710 
   33   33    1    1    1    1    1    1    1    1  4.04703E+13 0.00423 
   34   34    1    1    1    1    1    1    1    1  5.52263E+13 0.00303 
   35   35    1    1    1    1    1    1    1    1  7.72092E+13 0.00314 
   36   36    1    1    1    1    1    1    1    1  5.38794E+13 0.00265 
   37   37    1    1    1    1    1    1    1    1  1.68473E+13 0.00216 
   38   38    1    1    1    1    1    1    1    1  9.24789E+13 0.00263 
   39   39    1    1    1    1    1    1    1    1  1.24369E+14 0.00203 
   40   40    1    1    1    1    1    1    1    1  2.11500E+14 0.00147 
   41   41    1    1    1    1    1    1    1    1  2.17656E+14 0.00151 
   42   42    1    1    1    1    1    1    1    1  4.56378E+14 0.00145 
   43   43    1    1    1    1    1    1    1    1  5.50347E+14 0.00145 
   44   44    1    1    1    1    1    1    1    1  7.92439E+14 0.00133 
   45   45    1    1    1    1    1    1    1    1  1.55659E+15 0.00092 
   46   46    1    1    1    1    1    1    1    1  7.38318E+14 0.00096 
   47   47    1    1    1    1    1    1    1    1  1.19574E+15 0.00104 
   48   48    1    1    1    1    1    1    1    1  1.66735E+15 0.00104 
   49   49    1    1    1    1    1    1    1    1  1.65352E+15 0.00092 
   50   50    1    1    1    1    1    1    1    1  2.55646E+15 0.00089 
   51   51    1    1    1    1    1    1    1    1  2.06251E+15 0.00101 
   52   52    1    1    1    1    1    1    1    1  2.41657E+15 0.00113 
   53   53    1    1    1    1    1    1    1    1  1.68834E+15 0.00097 
   54   54    1    1    1    1    1    1    1    1  2.03750E+15 0.00099 
   55   55    1    1    1    1    1    1    1    1  1.40947E+15 0.00105 
   56   56    1    1    1    1    1    1    1    1  1.92549E+14 0.00140 
   57   57    1    1    1    1    1    1    1    1  2.80486E+15 0.00099 
   58   58    1    1    1    1    1    1    1    1  1.22935E+15 0.00108 
   59   59    1    1    1    1    1    1    1    1  1.31494E+15 0.00105 
   60   60    1    1    1    1    1    1    1    1  1.01051E+15 0.00090 
   61   61    1    1    1    1    1    1    1    1  1.01638E+15 0.00124 
   62   62    1    1    1    1    1    1    1    1  1.05512E+15 0.00101 
   63   63    1    1    1    1    1    1    1    1  8.85461E+14 0.00127 
   64   64    1    1    1    1    1    1    1    1  7.04543E+14 0.00108 
   65   65    1    1    1    1    1    1    1    1  6.99062E+14 0.00118 
   66   66    1    1    1    1    1    1    1    1  5.05228E+14 0.00124 
   67   67    1    1    1    1    1    1    1    1  4.13884E+14 0.00118 
   68   68    1    1    1    1    1    1    1    1  3.72053E+14 0.00131 
   69   69    1    1    1    1    1    1    1    1  4.46481E+14 0.00137 
   70   70    1    1    1    1    1    1    1    1  3.80630E+14 0.00137 
   71   71    1    1    1    1    1    1    1    1  7.01586E+14 0.00137 
   72   72    1    1    1    1    1    1    1    1  4.97054E+14 0.00142 
   73   73    1    1    1    1    1    1    1    1  3.74151E+14 0.00152 
   74   74    1    1    1    1    1    1    1    1  2.97337E+14 0.00172 
   75   75    1    1    1    1    1    1    1    1  2.44616E+14 0.00186 
   76   76    1    1    1    1    1    1    1    1  2.80405E+14 0.00183 
   77   77    1    1    1    1    1    1    1    1  2.19974E+14 0.00217 
   78   78    1    1    1    1    1    1    1    1  1.73280E+14 0.00223 
   79   79    1    1    1    1    1    1    1    1  1.77510E+14 0.00152 
   80   80    1    1    1    1    1    1    1    1  1.31602E+14 0.00209 
   81   81    1    1    1    1    1    1    1    1  1.01075E+14 0.00244 
   82   82    1    1    1    1    1    1    1    1  7.75490E+13 0.00260 
   83   83    1    1    1    1    1    1    1    1  7.20219E+13 0.00321 
   84   84    1    1    1    1    1    1    1    1  5.17070E+13 0.00340 
   85   85    1    1    1    1    1    1    1    1  3.73414E+13 0.00454 
   86   86    1    1    1    1    1    1    1    1  3.46806E+13 0.00363 
   87   87    1    1    1    1    1    1    1    1  2.17170E+13 0.00477 
   88   88    1    1    1    1    1    1    1    1  1.45230E+13 0.00544 
   89   89    1    1    1    1    1    1    1    1  8.44816E+12 0.00736 
   90   90    1    1    1    1    1    1    1    1  5.55803E+12 0.01324 
   91   91    1    1    1    1    1    1    1    1  2.80720E+12 0.01422 
   92   92    1    1    1    1    1    1    1    1  1.37549E+12 0.02236 
   93   93    1    1    1    1    1    1    1    1  6.66684E+11 0.02629 
   94   94    1    1    1    1    1    1    1    1  3.09985E+11 0.03760 
   95   95    1    1    1    1    1    1    1    1  1.48043E+11 0.05736 
   96   96    1    1    1    1    1    1    1    1  6.40812E+10 0.08177 
   97   97    1    1    1    1    1    1    1    1  3.39243E+10 0.13406 
   98   98    1    1    1    1    1    1    1    1  1.71881E+10 0.15880 
   99   99    1    1    1    1    1    1    1    1  8.02960E+09 0.22152 
  100  100    1    1    1    1    1    1    1    1  8.20136E+09 0.28861 
];


