
DETdpaspec = [
    1    1    1    1    1    1    1    1    1    1  0.00000E+00 0.00000 
    2    2    1    1    1    1    1    1    1    1  0.00000E+00 0.00000 
    3    3    1    1    1    1    1    1    1    1  0.00000E+00 0.00000 
    4    4    1    1    1    1    1    1    1    1  0.00000E+00 0.00000 
    5    5    1    1    1    1    1    1    1    1  0.00000E+00 0.00000 
    6    6    1    1    1    1    1    1    1    1  0.00000E+00 0.00000 
    7    7    1    1    1    1    1    1    1    1  0.00000E+00 0.00000 
    8    8    1    1    1    1    1    1    1    1  0.00000E+00 0.00000 
    9    9    1    1    1    1    1    1    1    1  0.00000E+00 0.00000 
   10   10    1    1    1    1    1    1    1    1  0.00000E+00 0.00000 
   11   11    1    1    1    1    1    1    1    1  0.00000E+00 0.00000 
   12   12    1    1    1    1    1    1    1    1  7.62790E+07 1.00000 
   13   13    1    1    1    1    1    1    1    1  1.52367E+09 0.57366 
   14   14    1    1    1    1    1    1    1    1  5.70803E+08 0.72700 
   15   15    1    1    1    1    1    1    1    1  1.12465E+09 0.57426 
   16   16    1    1    1    1    1    1    1    1  1.42299E+08 1.00000 
   17   17    1    1    1    1    1    1    1    1  2.05319E+09 0.42678 
   18   18    1    1    1    1    1    1    1    1  3.94522E+09 0.30137 
   19   19    1    1    1    1    1    1    1    1  2.56649E+09 0.40785 
   20   20    1    1    1    1    1    1    1    1  1.07698E+10 0.22708 
   21   21    1    1    1    1    1    1    1    1  1.23202E+10 0.19642 
   22   22    1    1    1    1    1    1    1    1  2.47131E+10 0.12637 
   23   23    1    1    1    1    1    1    1    1  9.22806E+10 0.06591 
   24   24    1    1    1    1    1    1    1    1  3.23278E+11 0.03884 
   25   25    1    1    1    1    1    1    1    1  5.35716E+11 0.03061 
   26   26    1    1    1    1    1    1    1    1  1.30845E+12 0.02439 
   27   27    1    1    1    1    1    1    1    1  2.75026E+12 0.01328 
   28   28    1    1    1    1    1    1    1    1  5.93827E+12 0.00956 
   29   29    1    1    1    1    1    1    1    1  9.86950E+12 0.00809 
   30   30    1    1    1    1    1    1    1    1  2.01100E+13 0.00709 
   31   31    1    1    1    1    1    1    1    1  4.43480E+13 0.00300 
   32   32    1    1    1    1    1    1    1    1  6.72401E+13 0.00318 
   33   33    1    1    1    1    1    1    1    1  1.37450E+14 0.00251 
   34   34    1    1    1    1    1    1    1    1  1.73271E+14 0.00245 
   35   35    1    1    1    1    1    1    1    1  1.81517E+14 0.00190 
   36   36    1    1    1    1    1    1    1    1  1.09839E+14 0.00228 
   37   37    1    1    1    1    1    1    1    1  3.21336E+13 0.00202 
   38   38    1    1    1    1    1    1    1    1  1.83427E+14 0.00177 
   39   39    1    1    1    1    1    1    1    1  2.41808E+14 0.00156 
   40   40    1    1    1    1    1    1    1    1  4.10312E+14 0.00147 
   41   41    1    1    1    1    1    1    1    1  3.93249E+14 0.00142 
   42   42    1    1    1    1    1    1    1    1  8.39102E+14 0.00102 
   43   43    1    1    1    1    1    1    1    1  9.94232E+14 0.00076 
   44   44    1    1    1    1    1    1    1    1  1.40257E+15 0.00085 
   45   45    1    1    1    1    1    1    1    1  2.72729E+15 0.00067 
   46   46    1    1    1    1    1    1    1    1  1.22461E+15 0.00081 
   47   47    1    1    1    1    1    1    1    1  1.92535E+15 0.00080 
   48   48    1    1    1    1    1    1    1    1  2.63424E+15 0.00057 
   49   49    1    1    1    1    1    1    1    1  2.54636E+15 0.00057 
   50   50    1    1    1    1    1    1    1    1  3.95941E+15 0.00047 
   51   51    1    1    1    1    1    1    1    1  3.04041E+15 0.00060 
   52   52    1    1    1    1    1    1    1    1  3.64844E+15 0.00065 
   53   53    1    1    1    1    1    1    1    1  2.48745E+15 0.00070 
   54   54    1    1    1    1    1    1    1    1  3.08129E+15 0.00068 
   55   55    1    1    1    1    1    1    1    1  2.09907E+15 0.00069 
   56   56    1    1    1    1    1    1    1    1  2.82650E+14 0.00109 
   57   57    1    1    1    1    1    1    1    1  4.12112E+15 0.00064 
   58   58    1    1    1    1    1    1    1    1  1.87411E+15 0.00094 
   59   59    1    1    1    1    1    1    1    1  1.96583E+15 0.00067 
   60   60    1    1    1    1    1    1    1    1  1.55421E+15 0.00087 
   61   61    1    1    1    1    1    1    1    1  1.54713E+15 0.00071 
   62   62    1    1    1    1    1    1    1    1  1.60572E+15 0.00079 
   63   63    1    1    1    1    1    1    1    1  1.34929E+15 0.00088 
   64   64    1    1    1    1    1    1    1    1  1.06794E+15 0.00080 
   65   65    1    1    1    1    1    1    1    1  1.05682E+15 0.00079 
   66   66    1    1    1    1    1    1    1    1  7.62207E+14 0.00088 
   67   67    1    1    1    1    1    1    1    1  6.14662E+14 0.00110 
   68   68    1    1    1    1    1    1    1    1  5.47566E+14 0.00093 
   69   69    1    1    1    1    1    1    1    1  6.53589E+14 0.00099 
   70   70    1    1    1    1    1    1    1    1  5.51571E+14 0.00110 
   71   71    1    1    1    1    1    1    1    1  9.81355E+14 0.00100 
   72   72    1    1    1    1    1    1    1    1  6.88806E+14 0.00112 
   73   73    1    1    1    1    1    1    1    1  5.18020E+14 0.00119 
   74   74    1    1    1    1    1    1    1    1  4.21139E+14 0.00124 
   75   75    1    1    1    1    1    1    1    1  3.53264E+14 0.00107 
   76   76    1    1    1    1    1    1    1    1  4.14792E+14 0.00157 
   77   77    1    1    1    1    1    1    1    1  3.31370E+14 0.00144 
   78   78    1    1    1    1    1    1    1    1  2.66341E+14 0.00114 
   79   79    1    1    1    1    1    1    1    1  2.75773E+14 0.00124 
   80   80    1    1    1    1    1    1    1    1  2.04852E+14 0.00167 
   81   81    1    1    1    1    1    1    1    1  1.58260E+14 0.00222 
   82   82    1    1    1    1    1    1    1    1  1.21425E+14 0.00274 
   83   83    1    1    1    1    1    1    1    1  1.13345E+14 0.00196 
   84   84    1    1    1    1    1    1    1    1  8.14546E+13 0.00241 
   85   85    1    1    1    1    1    1    1    1  5.85840E+13 0.00189 
   86   86    1    1    1    1    1    1    1    1  5.44700E+13 0.00294 
   87   87    1    1    1    1    1    1    1    1  3.33890E+13 0.00404 
   88   88    1    1    1    1    1    1    1    1  2.23377E+13 0.00450 
   89   89    1    1    1    1    1    1    1    1  1.27062E+13 0.00548 
   90   90    1    1    1    1    1    1    1    1  8.41570E+12 0.00916 
   91   91    1    1    1    1    1    1    1    1  4.07251E+12 0.00937 
   92   92    1    1    1    1    1    1    1    1  1.97812E+12 0.01476 
   93   93    1    1    1    1    1    1    1    1  9.12467E+11 0.02247 
   94   94    1    1    1    1    1    1    1    1  4.54476E+11 0.03686 
   95   95    1    1    1    1    1    1    1    1  2.21150E+11 0.04286 
   96   96    1    1    1    1    1    1    1    1  1.02407E+11 0.07515 
   97   97    1    1    1    1    1    1    1    1  5.19577E+10 0.07963 
   98   98    1    1    1    1    1    1    1    1  2.08609E+10 0.15461 
   99   99    1    1    1    1    1    1    1    1  8.70963E+09 0.25941 
  100  100    1    1    1    1    1    1    1    1  1.09183E+10 0.26506 
];


