
DETdpaspec = [
    1    1    1    1    1    1    1    1    1    1  0.00000E+00 0.00000 
    2    2    1    1    1    1    1    1    1    1  0.00000E+00 0.00000 
    3    3    1    1    1    1    1    1    1    1  0.00000E+00 0.00000 
    4    4    1    1    1    1    1    1    1    1  0.00000E+00 0.00000 
    5    5    1    1    1    1    1    1    1    1  0.00000E+00 0.00000 
    6    6    1    1    1    1    1    1    1    1  6.84986E+06 1.00000 
    7    7    1    1    1    1    1    1    1    1  0.00000E+00 0.00000 
    8    8    1    1    1    1    1    1    1    1  0.00000E+00 0.00000 
    9    9    1    1    1    1    1    1    1    1  1.98313E+07 1.00000 
   10   10    1    1    1    1    1    1    1    1  1.61130E+08 0.46205 
   11   11    1    1    1    1    1    1    1    1  1.41980E+08 0.56794 
   12   12    1    1    1    1    1    1    1    1  1.26634E+08 0.44774 
   13   13    1    1    1    1    1    1    1    1  7.88510E+08 0.52628 
   14   14    1    1    1    1    1    1    1    1  1.72902E+09 0.29963 
   15   15    1    1    1    1    1    1    1    1  3.63768E+09 0.31832 
   16   16    1    1    1    1    1    1    1    1  2.75006E+09 0.26512 
   17   17    1    1    1    1    1    1    1    1  3.86496E+09 0.22011 
   18   18    1    1    1    1    1    1    1    1  5.94301E+09 0.16519 
   19   19    1    1    1    1    1    1    1    1  9.29959E+09 0.17162 
   20   20    1    1    1    1    1    1    1    1  2.95859E+10 0.11097 
   21   21    1    1    1    1    1    1    1    1  1.59671E+10 0.11491 
   22   22    1    1    1    1    1    1    1    1  6.98163E+10 0.07754 
   23   23    1    1    1    1    1    1    1    1  7.63472E+10 0.06606 
   24   24    1    1    1    1    1    1    1    1  1.22407E+11 0.07556 
   25   25    1    1    1    1    1    1    1    1  1.59411E+11 0.04818 
   26   26    1    1    1    1    1    1    1    1  2.29370E+11 0.04340 
   27   27    1    1    1    1    1    1    1    1  4.19707E+11 0.03226 
   28   28    1    1    1    1    1    1    1    1  7.46309E+11 0.02249 
   29   29    1    1    1    1    1    1    1    1  1.03234E+12 0.01415 
   30   30    1    1    1    1    1    1    1    1  3.17269E+12 0.01273 
   31   31    1    1    1    1    1    1    1    1  9.25902E+12 0.00904 
   32   32    1    1    1    1    1    1    1    1  1.67508E+13 0.00470 
   33   33    1    1    1    1    1    1    1    1  3.54931E+13 0.00449 
   34   34    1    1    1    1    1    1    1    1  4.53742E+13 0.00365 
   35   35    1    1    1    1    1    1    1    1  6.68658E+13 0.00354 
   36   36    1    1    1    1    1    1    1    1  4.71921E+13 0.00326 
   37   37    1    1    1    1    1    1    1    1  1.50819E+13 0.00353 
   38   38    1    1    1    1    1    1    1    1  7.96833E+13 0.00299 
   39   39    1    1    1    1    1    1    1    1  1.05560E+14 0.00299 
   40   40    1    1    1    1    1    1    1    1  1.73252E+14 0.00245 
   41   41    1    1    1    1    1    1    1    1  1.80908E+14 0.00229 
   42   42    1    1    1    1    1    1    1    1  3.62238E+14 0.00214 
   43   43    1    1    1    1    1    1    1    1  4.28836E+14 0.00254 
   44   44    1    1    1    1    1    1    1    1  6.03086E+14 0.00202 
   45   45    1    1    1    1    1    1    1    1  1.13424E+15 0.00193 
   46   46    1    1    1    1    1    1    1    1  5.39143E+14 0.00179 
   47   47    1    1    1    1    1    1    1    1  8.70152E+14 0.00164 
   48   48    1    1    1    1    1    1    1    1  1.19768E+15 0.00181 
   49   49    1    1    1    1    1    1    1    1  1.18374E+15 0.00163 
   50   50    1    1    1    1    1    1    1    1  1.78359E+15 0.00174 
   51   51    1    1    1    1    1    1    1    1  1.45373E+15 0.00200 
   52   52    1    1    1    1    1    1    1    1  1.65239E+15 0.00199 
   53   53    1    1    1    1    1    1    1    1  1.15614E+15 0.00195 
   54   54    1    1    1    1    1    1    1    1  1.35834E+15 0.00181 
   55   55    1    1    1    1    1    1    1    1  9.44422E+14 0.00164 
   56   56    1    1    1    1    1    1    1    1  1.30143E+14 0.00173 
   57   57    1    1    1    1    1    1    1    1  1.87233E+15 0.00174 
   58   58    1    1    1    1    1    1    1    1  7.92895E+14 0.00155 
   59   59    1    1    1    1    1    1    1    1  8.52727E+14 0.00180 
   60   60    1    1    1    1    1    1    1    1  6.42359E+14 0.00211 
   61   61    1    1    1    1    1    1    1    1  6.48201E+14 0.00202 
   62   62    1    1    1    1    1    1    1    1  6.67310E+14 0.00183 
   63   63    1    1    1    1    1    1    1    1  5.53715E+14 0.00169 
   64   64    1    1    1    1    1    1    1    1  4.41096E+14 0.00182 
   65   65    1    1    1    1    1    1    1    1  4.34370E+14 0.00188 
   66   66    1    1    1    1    1    1    1    1  3.13806E+14 0.00183 
   67   67    1    1    1    1    1    1    1    1  2.58581E+14 0.00161 
   68   68    1    1    1    1    1    1    1    1  2.32794E+14 0.00224 
   69   69    1    1    1    1    1    1    1    1  2.79262E+14 0.00211 
   70   70    1    1    1    1    1    1    1    1  2.38846E+14 0.00197 
   71   71    1    1    1    1    1    1    1    1  4.46203E+14 0.00195 
   72   72    1    1    1    1    1    1    1    1  3.18491E+14 0.00216 
   73   73    1    1    1    1    1    1    1    1  2.37267E+14 0.00226 
   74   74    1    1    1    1    1    1    1    1  1.85644E+14 0.00267 
   75   75    1    1    1    1    1    1    1    1  1.49929E+14 0.00276 
   76   76    1    1    1    1    1    1    1    1  1.68575E+14 0.00260 
   77   77    1    1    1    1    1    1    1    1  1.29040E+14 0.00219 
   78   78    1    1    1    1    1    1    1    1  1.00516E+14 0.00262 
   79   79    1    1    1    1    1    1    1    1  1.02170E+14 0.00224 
   80   80    1    1    1    1    1    1    1    1  7.46753E+13 0.00367 
   81   81    1    1    1    1    1    1    1    1  5.73142E+13 0.00435 
   82   82    1    1    1    1    1    1    1    1  4.36415E+13 0.00354 
   83   83    1    1    1    1    1    1    1    1  4.09594E+13 0.00474 
   84   84    1    1    1    1    1    1    1    1  2.94290E+13 0.00415 
   85   85    1    1    1    1    1    1    1    1  2.08870E+13 0.00581 
   86   86    1    1    1    1    1    1    1    1  1.97660E+13 0.00707 
   87   87    1    1    1    1    1    1    1    1  1.23109E+13 0.00659 
   88   88    1    1    1    1    1    1    1    1  8.25863E+12 0.00946 
   89   89    1    1    1    1    1    1    1    1  4.82938E+12 0.01079 
   90   90    1    1    1    1    1    1    1    1  3.22829E+12 0.01163 
   91   91    1    1    1    1    1    1    1    1  1.58302E+12 0.02590 
   92   92    1    1    1    1    1    1    1    1  8.01505E+11 0.02362 
   93   93    1    1    1    1    1    1    1    1  3.79510E+11 0.04229 
   94   94    1    1    1    1    1    1    1    1  1.83187E+11 0.05944 
   95   95    1    1    1    1    1    1    1    1  9.47573E+10 0.06304 
   96   96    1    1    1    1    1    1    1    1  3.92764E+10 0.11410 
   97   97    1    1    1    1    1    1    1    1  2.32133E+10 0.16714 
   98   98    1    1    1    1    1    1    1    1  1.01414E+10 0.29894 
   99   99    1    1    1    1    1    1    1    1  4.07968E+09 0.26595 
  100  100    1    1    1    1    1    1    1    1  5.12355E+09 0.39751 
];


