
DETdpaspec = [
    1    1    1    1    1    1    1    1    1    1  0.00000E+00 0.00000 
    2    2    1    1    1    1    1    1    1    1  0.00000E+00 0.00000 
    3    3    1    1    1    1    1    1    1    1  0.00000E+00 0.00000 
    4    4    1    1    1    1    1    1    1    1  0.00000E+00 0.00000 
    5    5    1    1    1    1    1    1    1    1  0.00000E+00 0.00000 
    6    6    1    1    1    1    1    1    1    1  0.00000E+00 0.00000 
    7    7    1    1    1    1    1    1    1    1  2.90687E+07 0.69273 
    8    8    1    1    1    1    1    1    1    1  0.00000E+00 0.00000 
    9    9    1    1    1    1    1    1    1    1  1.27057E+07 0.68837 
   10   10    1    1    1    1    1    1    1    1  0.00000E+00 0.00000 
   11   11    1    1    1    1    1    1    1    1  1.45245E+08 0.71677 
   12   12    1    1    1    1    1    1    1    1  3.99898E+07 0.66759 
   13   13    1    1    1    1    1    1    1    1  4.83824E+08 0.52543 
   14   14    1    1    1    1    1    1    1    1  9.22890E+08 0.57558 
   15   15    1    1    1    1    1    1    1    1  2.39159E+09 0.48295 
   16   16    1    1    1    1    1    1    1    1  8.39978E+08 0.26205 
   17   17    1    1    1    1    1    1    1    1  2.74468E+09 0.28371 
   18   18    1    1    1    1    1    1    1    1  5.44515E+09 0.22864 
   19   19    1    1    1    1    1    1    1    1  4.93310E+09 0.19142 
   20   20    1    1    1    1    1    1    1    1  2.54934E+10 0.12206 
   21   21    1    1    1    1    1    1    1    1  2.14786E+10 0.11119 
   22   22    1    1    1    1    1    1    1    1  4.62555E+10 0.09744 
   23   23    1    1    1    1    1    1    1    1  6.79817E+10 0.05959 
   24   24    1    1    1    1    1    1    1    1  9.47860E+10 0.07862 
   25   25    1    1    1    1    1    1    1    1  1.29014E+11 0.04587 
   26   26    1    1    1    1    1    1    1    1  1.83228E+11 0.04150 
   27   27    1    1    1    1    1    1    1    1  3.32535E+11 0.03253 
   28   28    1    1    1    1    1    1    1    1  6.84160E+11 0.02796 
   29   29    1    1    1    1    1    1    1    1  1.08451E+12 0.02042 
   30   30    1    1    1    1    1    1    1    1  3.16292E+12 0.01437 
   31   31    1    1    1    1    1    1    1    1  1.00574E+13 0.00675 
   32   32    1    1    1    1    1    1    1    1  1.86326E+13 0.00546 
   33   33    1    1    1    1    1    1    1    1  4.42119E+13 0.00379 
   34   34    1    1    1    1    1    1    1    1  6.18302E+13 0.00276 
   35   35    1    1    1    1    1    1    1    1  8.40552E+13 0.00239 
   36   36    1    1    1    1    1    1    1    1  5.80350E+13 0.00186 
   37   37    1    1    1    1    1    1    1    1  1.79243E+13 0.00178 
   38   38    1    1    1    1    1    1    1    1  9.93442E+13 0.00212 
   39   39    1    1    1    1    1    1    1    1  1.33839E+14 0.00192 
   40   40    1    1    1    1    1    1    1    1  2.29514E+14 0.00143 
   41   41    1    1    1    1    1    1    1    1  2.34183E+14 0.00192 
   42   42    1    1    1    1    1    1    1    1  4.95176E+14 0.00153 
   43   43    1    1    1    1    1    1    1    1  5.99264E+14 0.00145 
   44   44    1    1    1    1    1    1    1    1  8.66604E+14 0.00112 
   45   45    1    1    1    1    1    1    1    1  1.72056E+15 0.00106 
   46   46    1    1    1    1    1    1    1    1  8.13678E+14 0.00085 
   47   47    1    1    1    1    1    1    1    1  1.31390E+15 0.00099 
   48   48    1    1    1    1    1    1    1    1  1.83939E+15 0.00089 
   49   49    1    1    1    1    1    1    1    1  1.82403E+15 0.00088 
   50   50    1    1    1    1    1    1    1    1  2.83996E+15 0.00063 
   51   51    1    1    1    1    1    1    1    1  2.28143E+15 0.00060 
   52   52    1    1    1    1    1    1    1    1  2.69621E+15 0.00076 
   53   53    1    1    1    1    1    1    1    1  1.88399E+15 0.00092 
   54   54    1    1    1    1    1    1    1    1  2.29241E+15 0.00086 
   55   55    1    1    1    1    1    1    1    1  1.58553E+15 0.00073 
   56   56    1    1    1    1    1    1    1    1  2.16581E+14 0.00113 
   57   57    1    1    1    1    1    1    1    1  3.15554E+15 0.00092 
   58   58    1    1    1    1    1    1    1    1  1.39554E+15 0.00107 
   59   59    1    1    1    1    1    1    1    1  1.49089E+15 0.00090 
   60   60    1    1    1    1    1    1    1    1  1.15483E+15 0.00095 
   61   61    1    1    1    1    1    1    1    1  1.15935E+15 0.00090 
   62   62    1    1    1    1    1    1    1    1  1.20692E+15 0.00105 
   63   63    1    1    1    1    1    1    1    1  1.01432E+15 0.00105 
   64   64    1    1    1    1    1    1    1    1  8.07843E+14 0.00119 
   65   65    1    1    1    1    1    1    1    1  8.00831E+14 0.00107 
   66   66    1    1    1    1    1    1    1    1  5.80145E+14 0.00168 
   67   67    1    1    1    1    1    1    1    1  4.74152E+14 0.00156 
   68   68    1    1    1    1    1    1    1    1  4.25910E+14 0.00131 
   69   69    1    1    1    1    1    1    1    1  5.12339E+14 0.00144 
   70   70    1    1    1    1    1    1    1    1  4.36671E+14 0.00219 
   71   71    1    1    1    1    1    1    1    1  7.99638E+14 0.00113 
   72   72    1    1    1    1    1    1    1    1  5.66901E+14 0.00109 
   73   73    1    1    1    1    1    1    1    1  4.27540E+14 0.00162 
   74   74    1    1    1    1    1    1    1    1  3.41627E+14 0.00134 
   75   75    1    1    1    1    1    1    1    1  2.81885E+14 0.00184 
   76   76    1    1    1    1    1    1    1    1  3.25560E+14 0.00193 
   77   77    1    1    1    1    1    1    1    1  2.55480E+14 0.00150 
   78   78    1    1    1    1    1    1    1    1  2.02658E+14 0.00204 
   79   79    1    1    1    1    1    1    1    1  2.08785E+14 0.00231 
   80   80    1    1    1    1    1    1    1    1  1.54556E+14 0.00260 
   81   81    1    1    1    1    1    1    1    1  1.18559E+14 0.00253 
   82   82    1    1    1    1    1    1    1    1  9.11714E+13 0.00273 
   83   83    1    1    1    1    1    1    1    1  8.49764E+13 0.00258 
   84   84    1    1    1    1    1    1    1    1  6.13713E+13 0.00312 
   85   85    1    1    1    1    1    1    1    1  4.41717E+13 0.00282 
   86   86    1    1    1    1    1    1    1    1  4.14003E+13 0.00423 
   87   87    1    1    1    1    1    1    1    1  2.55822E+13 0.00525 
   88   88    1    1    1    1    1    1    1    1  1.73198E+13 0.00504 
   89   89    1    1    1    1    1    1    1    1  9.95360E+12 0.00587 
   90   90    1    1    1    1    1    1    1    1  6.50405E+12 0.00968 
   91   91    1    1    1    1    1    1    1    1  3.28087E+12 0.01324 
   92   92    1    1    1    1    1    1    1    1  1.60038E+12 0.02021 
   93   93    1    1    1    1    1    1    1    1  7.68377E+11 0.02660 
   94   94    1    1    1    1    1    1    1    1  3.55894E+11 0.03358 
   95   95    1    1    1    1    1    1    1    1  1.94046E+11 0.05512 
   96   96    1    1    1    1    1    1    1    1  8.96658E+10 0.08123 
   97   97    1    1    1    1    1    1    1    1  4.18799E+10 0.11257 
   98   98    1    1    1    1    1    1    1    1  2.02466E+10 0.12210 
   99   99    1    1    1    1    1    1    1    1  6.28266E+09 0.26666 
  100  100    1    1    1    1    1    1    1    1  9.77469E+09 0.34033 
];


