
DETdpaspec = [
    1    1    1    1    1    1    1    1    1    1  0.00000E+00 0.00000 
    2    2    1    1    1    1    1    1    1    1  0.00000E+00 0.00000 
    3    3    1    1    1    1    1    1    1    1  0.00000E+00 0.00000 
    4    4    1    1    1    1    1    1    1    1  0.00000E+00 0.00000 
    5    5    1    1    1    1    1    1    1    1  0.00000E+00 0.00000 
    6    6    1    1    1    1    1    1    1    1  0.00000E+00 0.00000 
    7    7    1    1    1    1    1    1    1    1  0.00000E+00 0.00000 
    8    8    1    1    1    1    1    1    1    1  1.53002E+07 1.00000 
    9    9    1    1    1    1    1    1    1    1  2.03013E+07 1.00000 
   10   10    1    1    1    1    1    1    1    1  8.15951E+07 0.69101 
   11   11    1    1    1    1    1    1    1    1  8.59092E+07 0.68973 
   12   12    1    1    1    1    1    1    1    1  1.19237E+08 0.51912 
   13   13    1    1    1    1    1    1    1    1  5.80172E+08 0.56666 
   14   14    1    1    1    1    1    1    1    1  9.62942E+08 0.46797 
   15   15    1    1    1    1    1    1    1    1  2.43342E+09 0.47725 
   16   16    1    1    1    1    1    1    1    1  1.74749E+09 0.27729 
   17   17    1    1    1    1    1    1    1    1  2.39185E+09 0.32179 
   18   18    1    1    1    1    1    1    1    1  4.40164E+09 0.24385 
   19   19    1    1    1    1    1    1    1    1  3.60397E+09 0.21679 
   20   20    1    1    1    1    1    1    1    1  2.37804E+10 0.13190 
   21   21    1    1    1    1    1    1    1    1  1.85429E+10 0.12243 
   22   22    1    1    1    1    1    1    1    1  4.29188E+10 0.09695 
   23   23    1    1    1    1    1    1    1    1  6.51466E+10 0.06156 
   24   24    1    1    1    1    1    1    1    1  1.04320E+11 0.06125 
   25   25    1    1    1    1    1    1    1    1  1.41064E+11 0.03934 
   26   26    1    1    1    1    1    1    1    1  2.10003E+11 0.03820 
   27   27    1    1    1    1    1    1    1    1  3.39649E+11 0.03629 
   28   28    1    1    1    1    1    1    1    1  6.62026E+11 0.02812 
   29   29    1    1    1    1    1    1    1    1  9.39962E+11 0.02053 
   30   30    1    1    1    1    1    1    1    1  2.85706E+12 0.01556 
   31   31    1    1    1    1    1    1    1    1  8.88217E+12 0.00725 
   32   32    1    1    1    1    1    1    1    1  1.65796E+13 0.00602 
   33   33    1    1    1    1    1    1    1    1  3.74053E+13 0.00536 
   34   34    1    1    1    1    1    1    1    1  5.02486E+13 0.00347 
   35   35    1    1    1    1    1    1    1    1  7.12889E+13 0.00361 
   36   36    1    1    1    1    1    1    1    1  5.01969E+13 0.00315 
   37   37    1    1    1    1    1    1    1    1  1.58352E+13 0.00324 
   38   38    1    1    1    1    1    1    1    1  8.60378E+13 0.00247 
   39   39    1    1    1    1    1    1    1    1  1.15102E+14 0.00244 
   40   40    1    1    1    1    1    1    1    1  1.94329E+14 0.00202 
   41   41    1    1    1    1    1    1    1    1  2.01082E+14 0.00178 
   42   42    1    1    1    1    1    1    1    1  4.16463E+14 0.00160 
   43   43    1    1    1    1    1    1    1    1  5.00067E+14 0.00150 
   44   44    1    1    1    1    1    1    1    1  7.15842E+14 0.00153 
   45   45    1    1    1    1    1    1    1    1  1.38907E+15 0.00112 
   46   46    1    1    1    1    1    1    1    1  6.60095E+14 0.00098 
   47   47    1    1    1    1    1    1    1    1  1.06763E+15 0.00117 
   48   48    1    1    1    1    1    1    1    1  1.48481E+15 0.00104 
   49   49    1    1    1    1    1    1    1    1  1.47140E+15 0.00110 
   50   50    1    1    1    1    1    1    1    1  2.25585E+15 0.00092 
   51   51    1    1    1    1    1    1    1    1  1.82629E+15 0.00111 
   52   52    1    1    1    1    1    1    1    1  2.11981E+15 0.00112 
   53   53    1    1    1    1    1    1    1    1  1.48099E+15 0.00113 
   54   54    1    1    1    1    1    1    1    1  1.77206E+15 0.00117 
   55   55    1    1    1    1    1    1    1    1  1.22496E+15 0.00152 
   56   56    1    1    1    1    1    1    1    1  1.67890E+14 0.00154 
   57   57    1    1    1    1    1    1    1    1  2.43794E+15 0.00133 
   58   58    1    1    1    1    1    1    1    1  1.05575E+15 0.00137 
   59   59    1    1    1    1    1    1    1    1  1.13152E+15 0.00116 
   60   60    1    1    1    1    1    1    1    1  8.64442E+14 0.00146 
   61   61    1    1    1    1    1    1    1    1  8.70643E+14 0.00130 
   62   62    1    1    1    1    1    1    1    1  8.99883E+14 0.00140 
   63   63    1    1    1    1    1    1    1    1  7.53032E+14 0.00152 
   64   64    1    1    1    1    1    1    1    1  5.97604E+14 0.00099 
   65   65    1    1    1    1    1    1    1    1  5.92536E+14 0.00139 
   66   66    1    1    1    1    1    1    1    1  4.27689E+14 0.00152 
   67   67    1    1    1    1    1    1    1    1  3.50875E+14 0.00181 
   68   68    1    1    1    1    1    1    1    1  3.15757E+14 0.00175 
   69   69    1    1    1    1    1    1    1    1  3.79521E+14 0.00143 
   70   70    1    1    1    1    1    1    1    1  3.23087E+14 0.00186 
   71   71    1    1    1    1    1    1    1    1  5.99819E+14 0.00141 
   72   72    1    1    1    1    1    1    1    1  4.25496E+14 0.00201 
   73   73    1    1    1    1    1    1    1    1  3.19513E+14 0.00163 
   74   74    1    1    1    1    1    1    1    1  2.52719E+14 0.00208 
   75   75    1    1    1    1    1    1    1    1  2.06312E+14 0.00194 
   76   76    1    1    1    1    1    1    1    1  2.35321E+14 0.00178 
   77   77    1    1    1    1    1    1    1    1  1.83265E+14 0.00247 
   78   78    1    1    1    1    1    1    1    1  1.44038E+14 0.00215 
   79   79    1    1    1    1    1    1    1    1  1.47147E+14 0.00189 
   80   80    1    1    1    1    1    1    1    1  1.08451E+14 0.00220 
   81   81    1    1    1    1    1    1    1    1  8.27175E+13 0.00255 
   82   82    1    1    1    1    1    1    1    1  6.34349E+13 0.00330 
   83   83    1    1    1    1    1    1    1    1  5.95827E+13 0.00292 
   84   84    1    1    1    1    1    1    1    1  4.26945E+13 0.00398 
   85   85    1    1    1    1    1    1    1    1  3.07038E+13 0.00411 
   86   86    1    1    1    1    1    1    1    1  2.87262E+13 0.00461 
   87   87    1    1    1    1    1    1    1    1  1.78913E+13 0.00583 
   88   88    1    1    1    1    1    1    1    1  1.19255E+13 0.00522 
   89   89    1    1    1    1    1    1    1    1  6.91102E+12 0.00779 
   90   90    1    1    1    1    1    1    1    1  4.63832E+12 0.00990 
   91   91    1    1    1    1    1    1    1    1  2.39052E+12 0.01228 
   92   92    1    1    1    1    1    1    1    1  1.12719E+12 0.02051 
   93   93    1    1    1    1    1    1    1    1  5.86287E+11 0.03238 
   94   94    1    1    1    1    1    1    1    1  2.56460E+11 0.04283 
   95   95    1    1    1    1    1    1    1    1  1.39866E+11 0.05149 
   96   96    1    1    1    1    1    1    1    1  6.62587E+10 0.07845 
   97   97    1    1    1    1    1    1    1    1  2.96109E+10 0.14161 
   98   98    1    1    1    1    1    1    1    1  1.08495E+10 0.21715 
   99   99    1    1    1    1    1    1    1    1  8.35935E+09 0.26493 
  100  100    1    1    1    1    1    1    1    1  4.99173E+09 0.59468 
];


