
DETdpaspec = [
    1    1    1    1    1    1    1    1    1    1  0.00000E+00 0.00000 
    2    2    1    1    1    1    1    1    1    1  0.00000E+00 0.00000 
    3    3    1    1    1    1    1    1    1    1  0.00000E+00 0.00000 
    4    4    1    1    1    1    1    1    1    1  0.00000E+00 0.00000 
    5    5    1    1    1    1    1    1    1    1  0.00000E+00 0.00000 
    6    6    1    1    1    1    1    1    1    1  0.00000E+00 0.00000 
    7    7    1    1    1    1    1    1    1    1  0.00000E+00 0.00000 
    8    8    1    1    1    1    1    1    1    1  0.00000E+00 0.00000 
    9    9    1    1    1    1    1    1    1    1  5.95944E+06 1.00000 
   10   10    1    1    1    1    1    1    1    1  0.00000E+00 0.00000 
   11   11    1    1    1    1    1    1    1    1  2.42002E+08 0.68194 
   12   12    1    1    1    1    1    1    1    1  5.95580E+07 0.69164 
   13   13    1    1    1    1    1    1    1    1  1.75215E+09 0.35601 
   14   14    1    1    1    1    1    1    1    1  3.21976E+09 0.46364 
   15   15    1    1    1    1    1    1    1    1  3.48242E+09 0.47042 
   16   16    1    1    1    1    1    1    1    1  4.75961E+08 0.31849 
   17   17    1    1    1    1    1    1    1    1  2.26637E+09 0.28132 
   18   18    1    1    1    1    1    1    1    1  7.69510E+09 0.21830 
   19   19    1    1    1    1    1    1    1    1  7.78009E+09 0.26329 
   20   20    1    1    1    1    1    1    1    1  2.18186E+10 0.15612 
   21   21    1    1    1    1    1    1    1    1  1.84461E+10 0.13109 
   22   22    1    1    1    1    1    1    1    1  3.55389E+10 0.08807 
   23   23    1    1    1    1    1    1    1    1  6.02106E+10 0.07542 
   24   24    1    1    1    1    1    1    1    1  9.20240E+10 0.07472 
   25   25    1    1    1    1    1    1    1    1  1.19286E+11 0.05574 
   26   26    1    1    1    1    1    1    1    1  1.93103E+11 0.05427 
   27   27    1    1    1    1    1    1    1    1  3.62002E+11 0.03282 
   28   28    1    1    1    1    1    1    1    1  7.74407E+11 0.02621 
   29   29    1    1    1    1    1    1    1    1  1.20471E+12 0.01780 
   30   30    1    1    1    1    1    1    1    1  3.44998E+12 0.01132 
   31   31    1    1    1    1    1    1    1    1  1.06925E+13 0.01034 
   32   32    1    1    1    1    1    1    1    1  2.01319E+13 0.00593 
   33   33    1    1    1    1    1    1    1    1  4.78743E+13 0.00313 
   34   34    1    1    1    1    1    1    1    1  6.64439E+13 0.00306 
   35   35    1    1    1    1    1    1    1    1  8.83283E+13 0.00302 
   36   36    1    1    1    1    1    1    1    1  6.06060E+13 0.00273 
   37   37    1    1    1    1    1    1    1    1  1.86187E+13 0.00269 
   38   38    1    1    1    1    1    1    1    1  1.03995E+14 0.00195 
   39   39    1    1    1    1    1    1    1    1  1.40149E+14 0.00209 
   40   40    1    1    1    1    1    1    1    1  2.41179E+14 0.00214 
   41   41    1    1    1    1    1    1    1    1  2.45722E+14 0.00195 
   42   42    1    1    1    1    1    1    1    1  5.22469E+14 0.00175 
   43   43    1    1    1    1    1    1    1    1  6.34098E+14 0.00107 
   44   44    1    1    1    1    1    1    1    1  9.19217E+14 0.00102 
   45   45    1    1    1    1    1    1    1    1  1.83300E+15 0.00090 
   46   46    1    1    1    1    1    1    1    1  8.66635E+14 0.00084 
   47   47    1    1    1    1    1    1    1    1  1.39592E+15 0.00092 
   48   48    1    1    1    1    1    1    1    1  1.95725E+15 0.00093 
   49   49    1    1    1    1    1    1    1    1  1.93550E+15 0.00098 
   50   50    1    1    1    1    1    1    1    1  3.02553E+15 0.00101 
   51   51    1    1    1    1    1    1    1    1  2.42497E+15 0.00089 
   52   52    1    1    1    1    1    1    1    1  2.88076E+15 0.00095 
   53   53    1    1    1    1    1    1    1    1  2.00947E+15 0.00087 
   54   54    1    1    1    1    1    1    1    1  2.45980E+15 0.00088 
   55   55    1    1    1    1    1    1    1    1  1.69923E+15 0.00089 
   56   56    1    1    1    1    1    1    1    1  2.31329E+14 0.00125 
   57   57    1    1    1    1    1    1    1    1  3.38335E+15 0.00081 
   58   58    1    1    1    1    1    1    1    1  1.50525E+15 0.00085 
   59   59    1    1    1    1    1    1    1    1  1.60478E+15 0.00083 
   60   60    1    1    1    1    1    1    1    1  1.24908E+15 0.00084 
   61   61    1    1    1    1    1    1    1    1  1.25304E+15 0.00078 
   62   62    1    1    1    1    1    1    1    1  1.30517E+15 0.00092 
   63   63    1    1    1    1    1    1    1    1  1.09912E+15 0.00083 
   64   64    1    1    1    1    1    1    1    1  8.74816E+14 0.00096 
   65   65    1    1    1    1    1    1    1    1  8.70317E+14 0.00088 
   66   66    1    1    1    1    1    1    1    1  6.29997E+14 0.00086 
   67   67    1    1    1    1    1    1    1    1  5.13301E+14 0.00122 
   68   68    1    1    1    1    1    1    1    1  4.61509E+14 0.00175 
   69   69    1    1    1    1    1    1    1    1  5.54688E+14 0.00138 
   70   70    1    1    1    1    1    1    1    1  4.72651E+14 0.00126 
   71   71    1    1    1    1    1    1    1    1  8.62679E+14 0.00108 
   72   72    1    1    1    1    1    1    1    1  6.13012E+14 0.00106 
   73   73    1    1    1    1    1    1    1    1  4.62631E+14 0.00119 
   74   74    1    1    1    1    1    1    1    1  3.71179E+14 0.00153 
   75   75    1    1    1    1    1    1    1    1  3.06326E+14 0.00145 
   76   76    1    1    1    1    1    1    1    1  3.55332E+14 0.00149 
   77   77    1    1    1    1    1    1    1    1  2.79704E+14 0.00134 
   78   78    1    1    1    1    1    1    1    1  2.22480E+14 0.00212 
   79   79    1    1    1    1    1    1    1    1  2.29410E+14 0.00164 
   80   80    1    1    1    1    1    1    1    1  1.69375E+14 0.00193 
   81   81    1    1    1    1    1    1    1    1  1.30466E+14 0.00238 
   82   82    1    1    1    1    1    1    1    1  1.00201E+14 0.00174 
   83   83    1    1    1    1    1    1    1    1  9.37137E+13 0.00272 
   84   84    1    1    1    1    1    1    1    1  6.74975E+13 0.00249 
   85   85    1    1    1    1    1    1    1    1  4.89620E+13 0.00335 
   86   86    1    1    1    1    1    1    1    1  4.55497E+13 0.00430 
   87   87    1    1    1    1    1    1    1    1  2.81939E+13 0.00342 
   88   88    1    1    1    1    1    1    1    1  1.89271E+13 0.00559 
   89   89    1    1    1    1    1    1    1    1  1.09047E+13 0.00649 
   90   90    1    1    1    1    1    1    1    1  7.16476E+12 0.00936 
   91   91    1    1    1    1    1    1    1    1  3.58623E+12 0.01333 
   92   92    1    1    1    1    1    1    1    1  1.72153E+12 0.02091 
   93   93    1    1    1    1    1    1    1    1  8.63240E+11 0.02894 
   94   94    1    1    1    1    1    1    1    1  4.02255E+11 0.03808 
   95   95    1    1    1    1    1    1    1    1  1.94643E+11 0.03946 
   96   96    1    1    1    1    1    1    1    1  8.91146E+10 0.06860 
   97   97    1    1    1    1    1    1    1    1  4.21725E+10 0.15315 
   98   98    1    1    1    1    1    1    1    1  2.76688E+10 0.13347 
   99   99    1    1    1    1    1    1    1    1  1.19622E+10 0.22136 
  100  100    1    1    1    1    1    1    1    1  9.36132E+09 0.30461 
];


