
DETdpaspec = [
    1    1    1    1    1    1    1    1    1    1  0.00000E+00 0.00000 
    2    2    1    1    1    1    1    1    1    1  0.00000E+00 0.00000 
    3    3    1    1    1    1    1    1    1    1  0.00000E+00 0.00000 
    4    4    1    1    1    1    1    1    1    1  0.00000E+00 0.00000 
    5    5    1    1    1    1    1    1    1    1  0.00000E+00 0.00000 
    6    6    1    1    1    1    1    1    1    1  0.00000E+00 0.00000 
    7    7    1    1    1    1    1    1    1    1  0.00000E+00 0.00000 
    8    8    1    1    1    1    1    1    1    1  1.00281E+07 1.00000 
    9    9    1    1    1    1    1    1    1    1  7.41528E+06 1.00000 
   10   10    1    1    1    1    1    1    1    1  0.00000E+00 0.00000 
   11   11    1    1    1    1    1    1    1    1  1.99228E+08 0.59747 
   12   12    1    1    1    1    1    1    1    1  9.52020E+07 0.47731 
   13   13    1    1    1    1    1    1    1    1  5.45576E+08 0.50574 
   14   14    1    1    1    1    1    1    1    1  1.97676E+09 0.31609 
   15   15    1    1    1    1    1    1    1    1  3.25581E+09 0.37513 
   16   16    1    1    1    1    1    1    1    1  9.10803E+08 0.22438 
   17   17    1    1    1    1    1    1    1    1  2.88977E+09 0.30408 
   18   18    1    1    1    1    1    1    1    1  2.62953E+09 0.29806 
   19   19    1    1    1    1    1    1    1    1  5.13039E+09 0.20131 
   20   20    1    1    1    1    1    1    1    1  2.06446E+10 0.16054 
   21   21    1    1    1    1    1    1    1    1  1.61925E+10 0.10066 
   22   22    1    1    1    1    1    1    1    1  3.83930E+10 0.10447 
   23   23    1    1    1    1    1    1    1    1  5.87644E+10 0.08206 
   24   24    1    1    1    1    1    1    1    1  9.37255E+10 0.07074 
   25   25    1    1    1    1    1    1    1    1  1.15838E+11 0.05351 
   26   26    1    1    1    1    1    1    1    1  1.91136E+11 0.05202 
   27   27    1    1    1    1    1    1    1    1  3.64229E+11 0.03159 
   28   28    1    1    1    1    1    1    1    1  7.21915E+11 0.01807 
   29   29    1    1    1    1    1    1    1    1  1.15533E+12 0.02128 
   30   30    1    1    1    1    1    1    1    1  3.33978E+12 0.00953 
   31   31    1    1    1    1    1    1    1    1  1.03424E+13 0.00773 
   32   32    1    1    1    1    1    1    1    1  1.96509E+13 0.00570 
   33   33    1    1    1    1    1    1    1    1  4.68300E+13 0.00332 
   34   34    1    1    1    1    1    1    1    1  6.52336E+13 0.00285 
   35   35    1    1    1    1    1    1    1    1  8.71778E+13 0.00294 
   36   36    1    1    1    1    1    1    1    1  5.98186E+13 0.00228 
   37   37    1    1    1    1    1    1    1    1  1.84299E+13 0.00242 
   38   38    1    1    1    1    1    1    1    1  1.02756E+14 0.00198 
   39   39    1    1    1    1    1    1    1    1  1.38405E+14 0.00153 
   40   40    1    1    1    1    1    1    1    1  2.37541E+14 0.00181 
   41   41    1    1    1    1    1    1    1    1  2.41214E+14 0.00146 
   42   42    1    1    1    1    1    1    1    1  5.12076E+14 0.00162 
   43   43    1    1    1    1    1    1    1    1  6.21593E+14 0.00160 
   44   44    1    1    1    1    1    1    1    1  8.98560E+14 0.00140 
   45   45    1    1    1    1    1    1    1    1  1.78706E+15 0.00090 
   46   46    1    1    1    1    1    1    1    1  8.46020E+14 0.00112 
   47   47    1    1    1    1    1    1    1    1  1.36485E+15 0.00102 
   48   48    1    1    1    1    1    1    1    1  1.91439E+15 0.00107 
   49   49    1    1    1    1    1    1    1    1  1.89713E+15 0.00097 
   50   50    1    1    1    1    1    1    1    1  2.95933E+15 0.00075 
   51   51    1    1    1    1    1    1    1    1  2.37242E+15 0.00093 
   52   52    1    1    1    1    1    1    1    1  2.81334E+15 0.00075 
   53   53    1    1    1    1    1    1    1    1  1.96325E+15 0.00105 
   54   54    1    1    1    1    1    1    1    1  2.39834E+15 0.00088 
   55   55    1    1    1    1    1    1    1    1  1.65695E+15 0.00080 
   56   56    1    1    1    1    1    1    1    1  2.25794E+14 0.00107 
   57   57    1    1    1    1    1    1    1    1  3.29919E+15 0.00082 
   58   58    1    1    1    1    1    1    1    1  1.46274E+15 0.00091 
   59   59    1    1    1    1    1    1    1    1  1.56177E+15 0.00086 
   60   60    1    1    1    1    1    1    1    1  1.21309E+15 0.00089 
   61   61    1    1    1    1    1    1    1    1  1.21834E+15 0.00108 
   62   62    1    1    1    1    1    1    1    1  1.26947E+15 0.00092 
   63   63    1    1    1    1    1    1    1    1  1.06839E+15 0.00103 
   64   64    1    1    1    1    1    1    1    1  8.50351E+14 0.00121 
   65   65    1    1    1    1    1    1    1    1  8.45187E+14 0.00099 
   66   66    1    1    1    1    1    1    1    1  6.11610E+14 0.00114 
   67   67    1    1    1    1    1    1    1    1  4.99388E+14 0.00141 
   68   68    1    1    1    1    1    1    1    1  4.47871E+14 0.00138 
   69   69    1    1    1    1    1    1    1    1  5.39476E+14 0.00118 
   70   70    1    1    1    1    1    1    1    1  4.59437E+14 0.00124 
   71   71    1    1    1    1    1    1    1    1  8.40016E+14 0.00128 
   72   72    1    1    1    1    1    1    1    1  5.95847E+14 0.00131 
   73   73    1    1    1    1    1    1    1    1  4.49663E+14 0.00101 
   74   74    1    1    1    1    1    1    1    1  3.59919E+14 0.00120 
   75   75    1    1    1    1    1    1    1    1  2.96612E+14 0.00142 
   76   76    1    1    1    1    1    1    1    1  3.44532E+14 0.00172 
   77   77    1    1    1    1    1    1    1    1  2.71049E+14 0.00152 
   78   78    1    1    1    1    1    1    1    1  2.15136E+14 0.00179 
   79   79    1    1    1    1    1    1    1    1  2.21341E+14 0.00153 
   80   80    1    1    1    1    1    1    1    1  1.64154E+14 0.00192 
   81   81    1    1    1    1    1    1    1    1  1.26282E+14 0.00202 
   82   82    1    1    1    1    1    1    1    1  9.75108E+13 0.00307 
   83   83    1    1    1    1    1    1    1    1  9.07190E+13 0.00350 
   84   84    1    1    1    1    1    1    1    1  6.51343E+13 0.00258 
   85   85    1    1    1    1    1    1    1    1  4.67647E+13 0.00549 
   86   86    1    1    1    1    1    1    1    1  4.40659E+13 0.00296 
   87   87    1    1    1    1    1    1    1    1  2.71776E+13 0.00445 
   88   88    1    1    1    1    1    1    1    1  1.82891E+13 0.00540 
   89   89    1    1    1    1    1    1    1    1  1.05280E+13 0.00567 
   90   90    1    1    1    1    1    1    1    1  7.06314E+12 0.00649 
   91   91    1    1    1    1    1    1    1    1  3.53040E+12 0.00937 
   92   92    1    1    1    1    1    1    1    1  1.66748E+12 0.01298 
   93   93    1    1    1    1    1    1    1    1  8.62175E+11 0.03101 
   94   94    1    1    1    1    1    1    1    1  3.98302E+11 0.04179 
   95   95    1    1    1    1    1    1    1    1  1.80371E+11 0.03997 
   96   96    1    1    1    1    1    1    1    1  8.70855E+10 0.07160 
   97   97    1    1    1    1    1    1    1    1  4.31206E+10 0.12704 
   98   98    1    1    1    1    1    1    1    1  3.16782E+10 0.13535 
   99   99    1    1    1    1    1    1    1    1  1.25232E+10 0.18534 
  100  100    1    1    1    1    1    1    1    1  9.59577E+09 0.16977 
];


