
DETdpaspec = [
    1    1    1    1    1    1    1    1    1    1  0.00000E+00 0.00000 
    2    2    1    1    1    1    1    1    1    1  0.00000E+00 0.00000 
    3    3    1    1    1    1    1    1    1    1  0.00000E+00 0.00000 
    4    4    1    1    1    1    1    1    1    1  0.00000E+00 0.00000 
    5    5    1    1    1    1    1    1    1    1  0.00000E+00 0.00000 
    6    6    1    1    1    1    1    1    1    1  0.00000E+00 0.00000 
    7    7    1    1    1    1    1    1    1    1  0.00000E+00 0.00000 
    8    8    1    1    1    1    1    1    1    1  0.00000E+00 0.00000 
    9    9    1    1    1    1    1    1    1    1  0.00000E+00 0.00000 
   10   10    1    1    1    1    1    1    1    1  2.71721E+08 1.00000 
   11   11    1    1    1    1    1    1    1    1  9.11513E+08 1.00000 
   12   12    1    1    1    1    1    1    1    1  5.00773E+08 0.61778 
   13   13    1    1    1    1    1    1    1    1  5.33179E+08 0.85906 
   14   14    1    1    1    1    1    1    1    1  2.01508E+09 0.49467 
   15   15    1    1    1    1    1    1    1    1  1.72181E+09 0.61237 
   16   16    1    1    1    1    1    1    1    1  4.85083E+08 0.68974 
   17   17    1    1    1    1    1    1    1    1  2.09477E+09 0.43392 
   18   18    1    1    1    1    1    1    1    1  4.13005E+09 0.40913 
   19   19    1    1    1    1    1    1    1    1  2.66015E+09 0.32701 
   20   20    1    1    1    1    1    1    1    1  1.65127E+10 0.21410 
   21   21    1    1    1    1    1    1    1    1  1.58263E+10 0.11607 
   22   22    1    1    1    1    1    1    1    1  3.37212E+10 0.11043 
   23   23    1    1    1    1    1    1    1    1  1.11537E+11 0.07743 
   24   24    1    1    1    1    1    1    1    1  3.81715E+11 0.03782 
   25   25    1    1    1    1    1    1    1    1  6.51944E+11 0.02317 
   26   26    1    1    1    1    1    1    1    1  1.43978E+12 0.01439 
   27   27    1    1    1    1    1    1    1    1  3.05839E+12 0.01018 
   28   28    1    1    1    1    1    1    1    1  6.29150E+12 0.00625 
   29   29    1    1    1    1    1    1    1    1  1.03407E+13 0.00686 
   30   30    1    1    1    1    1    1    1    1  2.09214E+13 0.00506 
   31   31    1    1    1    1    1    1    1    1  4.59597E+13 0.00375 
   32   32    1    1    1    1    1    1    1    1  6.93526E+13 0.00264 
   33   33    1    1    1    1    1    1    1    1  1.40669E+14 0.00291 
   34   34    1    1    1    1    1    1    1    1  1.76842E+14 0.00211 
   35   35    1    1    1    1    1    1    1    1  1.84472E+14 0.00195 
   36   36    1    1    1    1    1    1    1    1  1.11590E+14 0.00209 
   37   37    1    1    1    1    1    1    1    1  3.25884E+13 0.00180 
   38   38    1    1    1    1    1    1    1    1  1.85842E+14 0.00151 
   39   39    1    1    1    1    1    1    1    1  2.45207E+14 0.00133 
   40   40    1    1    1    1    1    1    1    1  4.15353E+14 0.00121 
   41   41    1    1    1    1    1    1    1    1  3.97431E+14 0.00115 
   42   42    1    1    1    1    1    1    1    1  8.46866E+14 0.00078 
   43   43    1    1    1    1    1    1    1    1  1.00176E+15 0.00104 
   44   44    1    1    1    1    1    1    1    1  1.41214E+15 0.00098 
   45   45    1    1    1    1    1    1    1    1  2.74149E+15 0.00055 
   46   46    1    1    1    1    1    1    1    1  1.22835E+15 0.00088 
   47   47    1    1    1    1    1    1    1    1  1.93082E+15 0.00058 
   48   48    1    1    1    1    1    1    1    1  2.63789E+15 0.00072 
   49   49    1    1    1    1    1    1    1    1  2.54782E+15 0.00063 
   50   50    1    1    1    1    1    1    1    1  3.95960E+15 0.00050 
   51   51    1    1    1    1    1    1    1    1  3.03773E+15 0.00050 
   52   52    1    1    1    1    1    1    1    1  3.63914E+15 0.00063 
   53   53    1    1    1    1    1    1    1    1  2.48283E+15 0.00079 
   54   54    1    1    1    1    1    1    1    1  3.07550E+15 0.00054 
   55   55    1    1    1    1    1    1    1    1  2.09332E+15 0.00071 
   56   56    1    1    1    1    1    1    1    1  2.82062E+14 0.00097 
   57   57    1    1    1    1    1    1    1    1  4.11377E+15 0.00075 
   58   58    1    1    1    1    1    1    1    1  1.86829E+15 0.00074 
   59   59    1    1    1    1    1    1    1    1  1.95911E+15 0.00073 
   60   60    1    1    1    1    1    1    1    1  1.54822E+15 0.00069 
   61   61    1    1    1    1    1    1    1    1  1.53908E+15 0.00069 
   62   62    1    1    1    1    1    1    1    1  1.59778E+15 0.00095 
   63   63    1    1    1    1    1    1    1    1  1.34354E+15 0.00085 
   64   64    1    1    1    1    1    1    1    1  1.06281E+15 0.00072 
   65   65    1    1    1    1    1    1    1    1  1.05125E+15 0.00090 
   66   66    1    1    1    1    1    1    1    1  7.57072E+14 0.00084 
   67   67    1    1    1    1    1    1    1    1  6.11217E+14 0.00086 
   68   68    1    1    1    1    1    1    1    1  5.44296E+14 0.00096 
   69   69    1    1    1    1    1    1    1    1  6.49718E+14 0.00118 
   70   70    1    1    1    1    1    1    1    1  5.48958E+14 0.00114 
   71   71    1    1    1    1    1    1    1    1  9.76417E+14 0.00094 
   72   72    1    1    1    1    1    1    1    1  6.84432E+14 0.00117 
   73   73    1    1    1    1    1    1    1    1  5.13609E+14 0.00122 
   74   74    1    1    1    1    1    1    1    1  4.17859E+14 0.00153 
   75   75    1    1    1    1    1    1    1    1  3.50734E+14 0.00117 
   76   76    1    1    1    1    1    1    1    1  4.10797E+14 0.00124 
   77   77    1    1    1    1    1    1    1    1  3.28893E+14 0.00127 
   78   78    1    1    1    1    1    1    1    1  2.63497E+14 0.00107 
   79   79    1    1    1    1    1    1    1    1  2.73988E+14 0.00104 
   80   80    1    1    1    1    1    1    1    1  2.03726E+14 0.00182 
   81   81    1    1    1    1    1    1    1    1  1.56824E+14 0.00173 
   82   82    1    1    1    1    1    1    1    1  1.20539E+14 0.00265 
   83   83    1    1    1    1    1    1    1    1  1.12682E+14 0.00232 
   84   84    1    1    1    1    1    1    1    1  8.08879E+13 0.00280 
   85   85    1    1    1    1    1    1    1    1  5.81183E+13 0.00314 
   86   86    1    1    1    1    1    1    1    1  5.41506E+13 0.00313 
   87   87    1    1    1    1    1    1    1    1  3.30757E+13 0.00446 
   88   88    1    1    1    1    1    1    1    1  2.20205E+13 0.00432 
   89   89    1    1    1    1    1    1    1    1  1.25457E+13 0.00798 
   90   90    1    1    1    1    1    1    1    1  8.17003E+12 0.00788 
   91   91    1    1    1    1    1    1    1    1  3.99592E+12 0.01233 
   92   92    1    1    1    1    1    1    1    1  1.96995E+12 0.01596 
   93   93    1    1    1    1    1    1    1    1  9.37538E+11 0.01802 
   94   94    1    1    1    1    1    1    1    1  4.40927E+11 0.02557 
   95   95    1    1    1    1    1    1    1    1  2.09365E+11 0.04241 
   96   96    1    1    1    1    1    1    1    1  1.05057E+11 0.05797 
   97   97    1    1    1    1    1    1    1    1  5.15446E+10 0.10696 
   98   98    1    1    1    1    1    1    1    1  2.37288E+10 0.21994 
   99   99    1    1    1    1    1    1    1    1  8.42041E+09 0.19403 
  100  100    1    1    1    1    1    1    1    1  8.21111E+09 0.25510 
];


