
DETdpaspec = [
    1    1    1    1    1    1    1    1    1    1  0.00000E+00 0.00000 
    2    2    1    1    1    1    1    1    1    1  0.00000E+00 0.00000 
    3    3    1    1    1    1    1    1    1    1  0.00000E+00 0.00000 
    4    4    1    1    1    1    1    1    1    1  0.00000E+00 0.00000 
    5    5    1    1    1    1    1    1    1    1  0.00000E+00 0.00000 
    6    6    1    1    1    1    1    1    1    1  0.00000E+00 0.00000 
    7    7    1    1    1    1    1    1    1    1  1.70854E+07 1.00000 
    8    8    1    1    1    1    1    1    1    1  2.92261E+07 0.74798 
    9    9    1    1    1    1    1    1    1    1  8.86346E+06 1.00000 
   10   10    1    1    1    1    1    1    1    1  1.06724E+08 0.72259 
   11   11    1    1    1    1    1    1    1    1  4.51686E+07 1.00000 
   12   12    1    1    1    1    1    1    1    1  2.14732E+06 1.00000 
   13   13    1    1    1    1    1    1    1    1  6.42706E+07 1.00000 
   14   14    1    1    1    1    1    1    1    1  1.10526E+09 0.58608 
   15   15    1    1    1    1    1    1    1    1  2.44614E+09 0.38224 
   16   16    1    1    1    1    1    1    1    1  7.84720E+08 0.41113 
   17   17    1    1    1    1    1    1    1    1  2.06169E+09 0.26384 
   18   18    1    1    1    1    1    1    1    1  5.95526E+09 0.26568 
   19   19    1    1    1    1    1    1    1    1  6.54823E+09 0.15272 
   20   20    1    1    1    1    1    1    1    1  2.11910E+10 0.11210 
   21   21    1    1    1    1    1    1    1    1  1.72060E+10 0.14132 
   22   22    1    1    1    1    1    1    1    1  3.84618E+10 0.08186 
   23   23    1    1    1    1    1    1    1    1  6.23052E+10 0.05823 
   24   24    1    1    1    1    1    1    1    1  9.56725E+10 0.06814 
   25   25    1    1    1    1    1    1    1    1  1.21586E+11 0.06694 
   26   26    1    1    1    1    1    1    1    1  1.79601E+11 0.04502 
   27   27    1    1    1    1    1    1    1    1  3.10679E+11 0.03350 
   28   28    1    1    1    1    1    1    1    1  7.04762E+11 0.02873 
   29   29    1    1    1    1    1    1    1    1  1.15202E+12 0.02186 
   30   30    1    1    1    1    1    1    1    1  3.33002E+12 0.01247 
   31   31    1    1    1    1    1    1    1    1  1.05353E+13 0.00891 
   32   32    1    1    1    1    1    1    1    1  1.97499E+13 0.00605 
   33   33    1    1    1    1    1    1    1    1  4.70477E+13 0.00371 
   34   34    1    1    1    1    1    1    1    1  6.54288E+13 0.00253 
   35   35    1    1    1    1    1    1    1    1  8.75732E+13 0.00245 
   36   36    1    1    1    1    1    1    1    1  6.02316E+13 0.00219 
   37   37    1    1    1    1    1    1    1    1  1.85525E+13 0.00209 
   38   38    1    1    1    1    1    1    1    1  1.03403E+14 0.00177 
   39   39    1    1    1    1    1    1    1    1  1.39507E+14 0.00174 
   40   40    1    1    1    1    1    1    1    1  2.39668E+14 0.00157 
   41   41    1    1    1    1    1    1    1    1  2.43593E+14 0.00170 
   42   42    1    1    1    1    1    1    1    1  5.17471E+14 0.00130 
   43   43    1    1    1    1    1    1    1    1  6.26728E+14 0.00113 
   44   44    1    1    1    1    1    1    1    1  9.07409E+14 0.00084 
   45   45    1    1    1    1    1    1    1    1  1.80719E+15 0.00092 
   46   46    1    1    1    1    1    1    1    1  8.54213E+14 0.00111 
   47   47    1    1    1    1    1    1    1    1  1.37651E+15 0.00097 
   48   48    1    1    1    1    1    1    1    1  1.92983E+15 0.00095 
   49   49    1    1    1    1    1    1    1    1  1.91238E+15 0.00079 
   50   50    1    1    1    1    1    1    1    1  2.98597E+15 0.00085 
   51   51    1    1    1    1    1    1    1    1  2.39462E+15 0.00084 
   52   52    1    1    1    1    1    1    1    1  2.83838E+15 0.00072 
   53   53    1    1    1    1    1    1    1    1  1.98203E+15 0.00065 
   54   54    1    1    1    1    1    1    1    1  2.42027E+15 0.00075 
   55   55    1    1    1    1    1    1    1    1  1.67233E+15 0.00073 
   56   56    1    1    1    1    1    1    1    1  2.27863E+14 0.00117 
   57   57    1    1    1    1    1    1    1    1  3.33210E+15 0.00083 
   58   58    1    1    1    1    1    1    1    1  1.47953E+15 0.00092 
   59   59    1    1    1    1    1    1    1    1  1.58079E+15 0.00092 
   60   60    1    1    1    1    1    1    1    1  1.22871E+15 0.00122 
   61   61    1    1    1    1    1    1    1    1  1.23381E+15 0.00127 
   62   62    1    1    1    1    1    1    1    1  1.28344E+15 0.00132 
   63   63    1    1    1    1    1    1    1    1  1.08046E+15 0.00123 
   64   64    1    1    1    1    1    1    1    1  8.60477E+14 0.00159 
   65   65    1    1    1    1    1    1    1    1  8.55379E+14 0.00152 
   66   66    1    1    1    1    1    1    1    1  6.18816E+14 0.00139 
   67   67    1    1    1    1    1    1    1    1  5.04585E+14 0.00130 
   68   68    1    1    1    1    1    1    1    1  4.53128E+14 0.00140 
   69   69    1    1    1    1    1    1    1    1  5.46514E+14 0.00176 
   70   70    1    1    1    1    1    1    1    1  4.65112E+14 0.00199 
   71   71    1    1    1    1    1    1    1    1  8.50123E+14 0.00160 
   72   72    1    1    1    1    1    1    1    1  6.03011E+14 0.00124 
   73   73    1    1    1    1    1    1    1    1  4.53769E+14 0.00178 
   74   74    1    1    1    1    1    1    1    1  3.63730E+14 0.00161 
   75   75    1    1    1    1    1    1    1    1  3.01634E+14 0.00172 
   76   76    1    1    1    1    1    1    1    1  3.48469E+14 0.00175 
   77   77    1    1    1    1    1    1    1    1  2.74747E+14 0.00144 
   78   78    1    1    1    1    1    1    1    1  2.18099E+14 0.00194 
   79   79    1    1    1    1    1    1    1    1  2.25205E+14 0.00184 
   80   80    1    1    1    1    1    1    1    1  1.66182E+14 0.00216 
   81   81    1    1    1    1    1    1    1    1  1.28361E+14 0.00234 
   82   82    1    1    1    1    1    1    1    1  9.84194E+13 0.00240 
   83   83    1    1    1    1    1    1    1    1  9.23747E+13 0.00291 
   84   84    1    1    1    1    1    1    1    1  6.64382E+13 0.00316 
   85   85    1    1    1    1    1    1    1    1  4.77891E+13 0.00412 
   86   86    1    1    1    1    1    1    1    1  4.49616E+13 0.00251 
   87   87    1    1    1    1    1    1    1    1  2.75961E+13 0.00459 
   88   88    1    1    1    1    1    1    1    1  1.84422E+13 0.00566 
   89   89    1    1    1    1    1    1    1    1  1.08196E+13 0.00646 
   90   90    1    1    1    1    1    1    1    1  7.08459E+12 0.00984 
   91   91    1    1    1    1    1    1    1    1  3.62359E+12 0.01142 
   92   92    1    1    1    1    1    1    1    1  1.74064E+12 0.02014 
   93   93    1    1    1    1    1    1    1    1  8.63676E+11 0.02815 
   94   94    1    1    1    1    1    1    1    1  4.13604E+11 0.02475 
   95   95    1    1    1    1    1    1    1    1  2.08068E+11 0.04737 
   96   96    1    1    1    1    1    1    1    1  7.72944E+10 0.07982 
   97   97    1    1    1    1    1    1    1    1  4.40596E+10 0.09110 
   98   98    1    1    1    1    1    1    1    1  2.73334E+10 0.13492 
   99   99    1    1    1    1    1    1    1    1  8.26522E+09 0.21967 
  100  100    1    1    1    1    1    1    1    1  7.25253E+09 0.34583 
];


