
DETdpaspec = [
    1    1    1    1    1    1    1    1    1    1  0.00000E+00 0.00000 
    2    2    1    1    1    1    1    1    1    1  0.00000E+00 0.00000 
    3    3    1    1    1    1    1    1    1    1  0.00000E+00 0.00000 
    4    4    1    1    1    1    1    1    1    1  0.00000E+00 0.00000 
    5    5    1    1    1    1    1    1    1    1  0.00000E+00 0.00000 
    6    6    1    1    1    1    1    1    1    1  0.00000E+00 0.00000 
    7    7    1    1    1    1    1    1    1    1  0.00000E+00 0.00000 
    8    8    1    1    1    1    1    1    1    1  0.00000E+00 0.00000 
    9    9    1    1    1    1    1    1    1    1  0.00000E+00 0.00000 
   10   10    1    1    1    1    1    1    1    1  0.00000E+00 0.00000 
   11   11    1    1    1    1    1    1    1    1  0.00000E+00 0.00000 
   12   12    1    1    1    1    1    1    1    1  1.19515E+08 0.68649 
   13   13    1    1    1    1    1    1    1    1  1.21371E+09 0.77953 
   14   14    1    1    1    1    1    1    1    1  3.61537E+09 0.42550 
   15   15    1    1    1    1    1    1    1    1  4.40257E+09 0.44827 
   16   16    1    1    1    1    1    1    1    1  1.32686E+09 0.48515 
   17   17    1    1    1    1    1    1    1    1  2.63713E+09 0.31811 
   18   18    1    1    1    1    1    1    1    1  4.26072E+09 0.37834 
   19   19    1    1    1    1    1    1    1    1  6.39073E+09 0.35993 
   20   20    1    1    1    1    1    1    1    1  1.63904E+10 0.14112 
   21   21    1    1    1    1    1    1    1    1  1.55430E+10 0.12881 
   22   22    1    1    1    1    1    1    1    1  3.56789E+10 0.11046 
   23   23    1    1    1    1    1    1    1    1  5.78610E+10 0.08396 
   24   24    1    1    1    1    1    1    1    1  9.67588E+10 0.06774 
   25   25    1    1    1    1    1    1    1    1  1.24603E+11 0.04673 
   26   26    1    1    1    1    1    1    1    1  2.39636E+11 0.04882 
   27   27    1    1    1    1    1    1    1    1  4.46257E+11 0.02844 
   28   28    1    1    1    1    1    1    1    1  1.04559E+12 0.02332 
   29   29    1    1    1    1    1    1    1    1  1.91476E+12 0.01894 
   30   30    1    1    1    1    1    1    1    1  5.06762E+12 0.01350 
   31   31    1    1    1    1    1    1    1    1  1.48744E+13 0.00706 
   32   32    1    1    1    1    1    1    1    1  2.69851E+13 0.00520 
   33   33    1    1    1    1    1    1    1    1  6.30851E+13 0.00291 
   34   34    1    1    1    1    1    1    1    1  8.75825E+13 0.00229 
   35   35    1    1    1    1    1    1    1    1  1.08385E+14 0.00184 
   36   36    1    1    1    1    1    1    1    1  7.18427E+13 0.00164 
   37   37    1    1    1    1    1    1    1    1  2.16589E+13 0.00168 
   38   38    1    1    1    1    1    1    1    1  1.22618E+14 0.00137 
   39   39    1    1    1    1    1    1    1    1  1.65122E+14 0.00156 
   40   40    1    1    1    1    1    1    1    1  2.84453E+14 0.00083 
   41   41    1    1    1    1    1    1    1    1  2.83956E+14 0.00136 
   42   42    1    1    1    1    1    1    1    1  6.09357E+14 0.00112 
   43   43    1    1    1    1    1    1    1    1  7.38672E+14 0.00099 
   44   44    1    1    1    1    1    1    1    1  1.06761E+15 0.00088 
   45   45    1    1    1    1    1    1    1    1  2.13553E+15 0.00092 
   46   46    1    1    1    1    1    1    1    1  9.96722E+14 0.00096 
   47   47    1    1    1    1    1    1    1    1  1.59706E+15 0.00090 
   48   48    1    1    1    1    1    1    1    1  2.23585E+15 0.00087 
   49   49    1    1    1    1    1    1    1    1  2.20200E+15 0.00087 
   50   50    1    1    1    1    1    1    1    1  3.46518E+15 0.00083 
   51   51    1    1    1    1    1    1    1    1  2.74529E+15 0.00096 
   52   52    1    1    1    1    1    1    1    1  3.29862E+15 0.00088 
   53   53    1    1    1    1    1    1    1    1  2.29108E+15 0.00062 
   54   54    1    1    1    1    1    1    1    1  2.83184E+15 0.00080 
   55   55    1    1    1    1    1    1    1    1  1.94961E+15 0.00077 
   56   56    1    1    1    1    1    1    1    1  2.64764E+14 0.00103 
   57   57    1    1    1    1    1    1    1    1  3.87702E+15 0.00071 
   58   58    1    1    1    1    1    1    1    1  1.75004E+15 0.00086 
   59   59    1    1    1    1    1    1    1    1  1.85935E+15 0.00075 
   60   60    1    1    1    1    1    1    1    1  1.46189E+15 0.00087 
   61   61    1    1    1    1    1    1    1    1  1.46342E+15 0.00078 
   62   62    1    1    1    1    1    1    1    1  1.52454E+15 0.00075 
   63   63    1    1    1    1    1    1    1    1  1.28596E+15 0.00082 
   64   64    1    1    1    1    1    1    1    1  1.02435E+15 0.00099 
   65   65    1    1    1    1    1    1    1    1  1.01705E+15 0.00102 
   66   66    1    1    1    1    1    1    1    1  7.37933E+14 0.00091 
   67   67    1    1    1    1    1    1    1    1  5.98818E+14 0.00117 
   68   68    1    1    1    1    1    1    1    1  5.36418E+14 0.00127 
   69   69    1    1    1    1    1    1    1    1  6.44587E+14 0.00115 
   70   70    1    1    1    1    1    1    1    1  5.48915E+14 0.00125 
   71   71    1    1    1    1    1    1    1    1  9.93258E+14 0.00115 
   72   72    1    1    1    1    1    1    1    1  7.03557E+14 0.00125 
   73   73    1    1    1    1    1    1    1    1  5.30690E+14 0.00123 
   74   74    1    1    1    1    1    1    1    1  4.28430E+14 0.00129 
   75   75    1    1    1    1    1    1    1    1  3.57066E+14 0.00145 
   76   76    1    1    1    1    1    1    1    1  4.18322E+14 0.00148 
   77   77    1    1    1    1    1    1    1    1  3.31889E+14 0.00106 
   78   78    1    1    1    1    1    1    1    1  2.65466E+14 0.00171 
   79   79    1    1    1    1    1    1    1    1  2.74941E+14 0.00167 
   80   80    1    1    1    1    1    1    1    1  2.04157E+14 0.00209 
   81   81    1    1    1    1    1    1    1    1  1.57574E+14 0.00213 
   82   82    1    1    1    1    1    1    1    1  1.20817E+14 0.00131 
   83   83    1    1    1    1    1    1    1    1  1.13224E+14 0.00260 
   84   84    1    1    1    1    1    1    1    1  8.16574E+13 0.00262 
   85   85    1    1    1    1    1    1    1    1  5.90840E+13 0.00374 
   86   86    1    1    1    1    1    1    1    1  5.49681E+13 0.00328 
   87   87    1    1    1    1    1    1    1    1  3.37005E+13 0.00426 
   88   88    1    1    1    1    1    1    1    1  2.27145E+13 0.00469 
   89   89    1    1    1    1    1    1    1    1  1.28795E+13 0.00651 
   90   90    1    1    1    1    1    1    1    1  8.67330E+12 0.00713 
   91   91    1    1    1    1    1    1    1    1  4.32641E+12 0.01408 
   92   92    1    1    1    1    1    1    1    1  2.13091E+12 0.01353 
   93   93    1    1    1    1    1    1    1    1  1.01930E+12 0.02083 
   94   94    1    1    1    1    1    1    1    1  4.88735E+11 0.03123 
   95   95    1    1    1    1    1    1    1    1  2.22365E+11 0.03146 
   96   96    1    1    1    1    1    1    1    1  1.11026E+11 0.05868 
   97   97    1    1    1    1    1    1    1    1  5.01061E+10 0.10197 
   98   98    1    1    1    1    1    1    1    1  2.38729E+10 0.11771 
   99   99    1    1    1    1    1    1    1    1  1.12133E+10 0.26275 
  100  100    1    1    1    1    1    1    1    1  6.35502E+09 0.25230 
];


