
DETdpaspec = [
    1    1    1    1    1    1    1    1    1    1  0.00000E+00 0.00000 
    2    2    1    1    1    1    1    1    1    1  0.00000E+00 0.00000 
    3    3    1    1    1    1    1    1    1    1  0.00000E+00 0.00000 
    4    4    1    1    1    1    1    1    1    1  0.00000E+00 0.00000 
    5    5    1    1    1    1    1    1    1    1  1.16366E+07 1.00000 
    6    6    1    1    1    1    1    1    1    1  0.00000E+00 0.00000 
    7    7    1    1    1    1    1    1    1    1  0.00000E+00 0.00000 
    8    8    1    1    1    1    1    1    1    1  2.61946E+07 1.00000 
    9    9    1    1    1    1    1    1    1    1  0.00000E+00 0.00000 
   10   10    1    1    1    1    1    1    1    1  1.01145E+08 0.77065 
   11   11    1    1    1    1    1    1    1    1  5.34808E+07 1.00000 
   12   12    1    1    1    1    1    1    1    1  0.00000E+00 0.00000 
   13   13    1    1    1    1    1    1    1    1  1.93141E+08 0.58650 
   14   14    1    1    1    1    1    1    1    1  1.28365E+09 0.51800 
   15   15    1    1    1    1    1    1    1    1  3.13501E+09 0.37338 
   16   16    1    1    1    1    1    1    1    1  5.45553E+08 0.44594 
   17   17    1    1    1    1    1    1    1    1  2.05167E+09 0.37409 
   18   18    1    1    1    1    1    1    1    1  4.66096E+09 0.24684 
   19   19    1    1    1    1    1    1    1    1  5.40259E+09 0.22055 
   20   20    1    1    1    1    1    1    1    1  2.21303E+10 0.16406 
   21   21    1    1    1    1    1    1    1    1  1.78404E+10 0.09469 
   22   22    1    1    1    1    1    1    1    1  3.14597E+10 0.11038 
   23   23    1    1    1    1    1    1    1    1  5.35119E+10 0.07223 
   24   24    1    1    1    1    1    1    1    1  9.72536E+10 0.05960 
   25   25    1    1    1    1    1    1    1    1  1.12720E+11 0.04765 
   26   26    1    1    1    1    1    1    1    1  1.94871E+11 0.03912 
   27   27    1    1    1    1    1    1    1    1  3.81708E+11 0.04335 
   28   28    1    1    1    1    1    1    1    1  8.23754E+11 0.01964 
   29   29    1    1    1    1    1    1    1    1  1.38600E+12 0.02564 
   30   30    1    1    1    1    1    1    1    1  3.94391E+12 0.01589 
   31   31    1    1    1    1    1    1    1    1  1.19338E+13 0.00788 
   32   32    1    1    1    1    1    1    1    1  2.21044E+13 0.00509 
   33   33    1    1    1    1    1    1    1    1  5.27211E+13 0.00310 
   34   34    1    1    1    1    1    1    1    1  7.38670E+13 0.00258 
   35   35    1    1    1    1    1    1    1    1  9.56000E+13 0.00274 
   36   36    1    1    1    1    1    1    1    1  6.47400E+13 0.00191 
   37   37    1    1    1    1    1    1    1    1  1.97541E+13 0.00172 
   38   38    1    1    1    1    1    1    1    1  1.10615E+14 0.00150 
   39   39    1    1    1    1    1    1    1    1  1.49027E+14 0.00141 
   40   40    1    1    1    1    1    1    1    1  2.57469E+14 0.00124 
   41   41    1    1    1    1    1    1    1    1  2.59676E+14 0.00117 
   42   42    1    1    1    1    1    1    1    1  5.55902E+14 0.00110 
   43   43    1    1    1    1    1    1    1    1  6.74653E+14 0.00107 
   44   44    1    1    1    1    1    1    1    1  9.77135E+14 0.00094 
   45   45    1    1    1    1    1    1    1    1  1.95556E+15 0.00087 
   46   46    1    1    1    1    1    1    1    1  9.20561E+14 0.00077 
   47   47    1    1    1    1    1    1    1    1  1.48165E+15 0.00087 
   48   48    1    1    1    1    1    1    1    1  2.07623E+15 0.00070 
   49   49    1    1    1    1    1    1    1    1  2.05224E+15 0.00083 
   50   50    1    1    1    1    1    1    1    1  3.21661E+15 0.00051 
   51   51    1    1    1    1    1    1    1    1  2.56242E+15 0.00065 
   52   52    1    1    1    1    1    1    1    1  3.06499E+15 0.00064 
   53   53    1    1    1    1    1    1    1    1  2.13811E+15 0.00047 
   54   54    1    1    1    1    1    1    1    1  2.62651E+15 0.00031 
   55   55    1    1    1    1    1    1    1    1  1.81087E+15 0.00054 
   56   56    1    1    1    1    1    1    1    1  2.46565E+14 0.00089 
   57   57    1    1    1    1    1    1    1    1  3.60747E+15 0.00041 
   58   58    1    1    1    1    1    1    1    1  1.61604E+15 0.00085 
   59   59    1    1    1    1    1    1    1    1  1.72145E+15 0.00068 
   60   60    1    1    1    1    1    1    1    1  1.34715E+15 0.00079 
   61   61    1    1    1    1    1    1    1    1  1.35126E+15 0.00115 
   62   62    1    1    1    1    1    1    1    1  1.40739E+15 0.00085 
   63   63    1    1    1    1    1    1    1    1  1.18628E+15 0.00086 
   64   64    1    1    1    1    1    1    1    1  9.44513E+14 0.00097 
   65   65    1    1    1    1    1    1    1    1  9.38486E+14 0.00092 
   66   66    1    1    1    1    1    1    1    1  6.80449E+14 0.00111 
   67   67    1    1    1    1    1    1    1    1  5.54319E+14 0.00128 
   68   68    1    1    1    1    1    1    1    1  4.96887E+14 0.00078 
   69   69    1    1    1    1    1    1    1    1  5.97320E+14 0.00130 
   70   70    1    1    1    1    1    1    1    1  5.08002E+14 0.00153 
   71   71    1    1    1    1    1    1    1    1  9.26037E+14 0.00094 
   72   72    1    1    1    1    1    1    1    1  6.56370E+14 0.00127 
   73   73    1    1    1    1    1    1    1    1  4.94141E+14 0.00115 
   74   74    1    1    1    1    1    1    1    1  3.98424E+14 0.00148 
   75   75    1    1    1    1    1    1    1    1  3.31320E+14 0.00116 
   76   76    1    1    1    1    1    1    1    1  3.83935E+14 0.00119 
   77   77    1    1    1    1    1    1    1    1  3.04639E+14 0.00147 
   78   78    1    1    1    1    1    1    1    1  2.42328E+14 0.00163 
   79   79    1    1    1    1    1    1    1    1  2.50521E+14 0.00180 
   80   80    1    1    1    1    1    1    1    1  1.85598E+14 0.00167 
   81   81    1    1    1    1    1    1    1    1  1.43077E+14 0.00220 
   82   82    1    1    1    1    1    1    1    1  1.09543E+14 0.00155 
   83   83    1    1    1    1    1    1    1    1  1.02667E+14 0.00275 
   84   84    1    1    1    1    1    1    1    1  7.39202E+13 0.00207 
   85   85    1    1    1    1    1    1    1    1  5.35832E+13 0.00320 
   86   86    1    1    1    1    1    1    1    1  5.00736E+13 0.00268 
   87   87    1    1    1    1    1    1    1    1  3.06076E+13 0.00462 
   88   88    1    1    1    1    1    1    1    1  2.07611E+13 0.00455 
   89   89    1    1    1    1    1    1    1    1  1.20076E+13 0.00664 
   90   90    1    1    1    1    1    1    1    1  7.92116E+12 0.00689 
   91   91    1    1    1    1    1    1    1    1  3.92505E+12 0.01059 
   92   92    1    1    1    1    1    1    1    1  1.94106E+12 0.01351 
   93   93    1    1    1    1    1    1    1    1  9.54676E+11 0.02851 
   94   94    1    1    1    1    1    1    1    1  4.63612E+11 0.04234 
   95   95    1    1    1    1    1    1    1    1  2.23042E+11 0.06239 
   96   96    1    1    1    1    1    1    1    1  1.00527E+11 0.08449 
   97   97    1    1    1    1    1    1    1    1  4.82171E+10 0.12653 
   98   98    1    1    1    1    1    1    1    1  2.23855E+10 0.15742 
   99   99    1    1    1    1    1    1    1    1  9.91470E+09 0.23290 
  100  100    1    1    1    1    1    1    1    1  8.70138E+09 0.27055 
];


