
DETdpaspec = [
    1    1    1    1    1    1    1    1    1    1  0.00000E+00 0.00000 
    2    2    1    1    1    1    1    1    1    1  0.00000E+00 0.00000 
    3    3    1    1    1    1    1    1    1    1  0.00000E+00 0.00000 
    4    4    1    1    1    1    1    1    1    1  0.00000E+00 0.00000 
    5    5    1    1    1    1    1    1    1    1  0.00000E+00 0.00000 
    6    6    1    1    1    1    1    1    1    1  0.00000E+00 0.00000 
    7    7    1    1    1    1    1    1    1    1  0.00000E+00 0.00000 
    8    8    1    1    1    1    1    1    1    1  0.00000E+00 0.00000 
    9    9    1    1    1    1    1    1    1    1  0.00000E+00 0.00000 
   10   10    1    1    1    1    1    1    1    1  1.33017E+08 0.73009 
   11   11    1    1    1    1    1    1    1    1  9.01521E+07 0.69163 
   12   12    1    1    1    1    1    1    1    1  2.93035E+07 0.91701 
   13   13    1    1    1    1    1    1    1    1  1.23146E+09 0.57908 
   14   14    1    1    1    1    1    1    1    1  2.00323E+09 0.41042 
   15   15    1    1    1    1    1    1    1    1  5.83035E+09 0.31981 
   16   16    1    1    1    1    1    1    1    1  1.19827E+09 0.32576 
   17   17    1    1    1    1    1    1    1    1  3.94677E+09 0.29146 
   18   18    1    1    1    1    1    1    1    1  6.97661E+09 0.26167 
   19   19    1    1    1    1    1    1    1    1  4.39806E+09 0.22471 
   20   20    1    1    1    1    1    1    1    1  1.91743E+10 0.14120 
   21   21    1    1    1    1    1    1    1    1  1.96380E+10 0.11971 
   22   22    1    1    1    1    1    1    1    1  4.81253E+10 0.10827 
   23   23    1    1    1    1    1    1    1    1  6.29559E+10 0.05842 
   24   24    1    1    1    1    1    1    1    1  1.00932E+11 0.08012 
   25   25    1    1    1    1    1    1    1    1  1.24878E+11 0.05450 
   26   26    1    1    1    1    1    1    1    1  1.96591E+11 0.03602 
   27   27    1    1    1    1    1    1    1    1  3.50509E+11 0.03323 
   28   28    1    1    1    1    1    1    1    1  7.21344E+11 0.02861 
   29   29    1    1    1    1    1    1    1    1  1.08410E+12 0.01734 
   30   30    1    1    1    1    1    1    1    1  3.16112E+12 0.01270 
   31   31    1    1    1    1    1    1    1    1  9.63566E+12 0.00867 
   32   32    1    1    1    1    1    1    1    1  1.82061E+13 0.00532 
   33   33    1    1    1    1    1    1    1    1  4.27983E+13 0.00342 
   34   34    1    1    1    1    1    1    1    1  5.90687E+13 0.00293 
   35   35    1    1    1    1    1    1    1    1  8.05538E+13 0.00264 
   36   36    1    1    1    1    1    1    1    1  5.60620E+13 0.00258 
   37   37    1    1    1    1    1    1    1    1  1.74091E+13 0.00303 
   38   38    1    1    1    1    1    1    1    1  9.62570E+13 0.00218 
   39   39    1    1    1    1    1    1    1    1  1.29640E+14 0.00211 
   40   40    1    1    1    1    1    1    1    1  2.21541E+14 0.00186 
   41   41    1    1    1    1    1    1    1    1  2.26834E+14 0.00142 
   42   42    1    1    1    1    1    1    1    1  4.77228E+14 0.00117 
   43   43    1    1    1    1    1    1    1    1  5.76067E+14 0.00114 
   44   44    1    1    1    1    1    1    1    1  8.32390E+14 0.00130 
   45   45    1    1    1    1    1    1    1    1  1.64616E+15 0.00089 
   46   46    1    1    1    1    1    1    1    1  7.81497E+14 0.00076 
   47   47    1    1    1    1    1    1    1    1  1.26362E+15 0.00098 
   48   48    1    1    1    1    1    1    1    1  1.76624E+15 0.00089 
   49   49    1    1    1    1    1    1    1    1  1.75153E+15 0.00098 
   50   50    1    1    1    1    1    1    1    1  2.71489E+15 0.00085 
   51   51    1    1    1    1    1    1    1    1  2.18428E+15 0.00069 
   52   52    1    1    1    1    1    1    1    1  2.57336E+15 0.00071 
   53   53    1    1    1    1    1    1    1    1  1.79782E+15 0.00077 
   54   54    1    1    1    1    1    1    1    1  2.18073E+15 0.00072 
   55   55    1    1    1    1    1    1    1    1  1.50800E+15 0.00065 
   56   56    1    1    1    1    1    1    1    1  2.05726E+14 0.00115 
   57   57    1    1    1    1    1    1    1    1  3.00239E+15 0.00075 
   58   58    1    1    1    1    1    1    1    1  1.32121E+15 0.00078 
   59   59    1    1    1    1    1    1    1    1  1.41092E+15 0.00065 
   60   60    1    1    1    1    1    1    1    1  1.08944E+15 0.00098 
   61   61    1    1    1    1    1    1    1    1  1.09456E+15 0.00105 
   62   62    1    1    1    1    1    1    1    1  1.13691E+15 0.00109 
   63   63    1    1    1    1    1    1    1    1  9.55672E+14 0.00096 
   64   64    1    1    1    1    1    1    1    1  7.61415E+14 0.00092 
   65   65    1    1    1    1    1    1    1    1  7.56843E+14 0.00102 
   66   66    1    1    1    1    1    1    1    1  5.47842E+14 0.00130 
   67   67    1    1    1    1    1    1    1    1  4.47481E+14 0.00128 
   68   68    1    1    1    1    1    1    1    1  4.02099E+14 0.00152 
   69   69    1    1    1    1    1    1    1    1  4.83071E+14 0.00131 
   70   70    1    1    1    1    1    1    1    1  4.11753E+14 0.00137 
   71   71    1    1    1    1    1    1    1    1  7.55294E+14 0.00154 
   72   72    1    1    1    1    1    1    1    1  5.35783E+14 0.00111 
   73   73    1    1    1    1    1    1    1    1  4.04110E+14 0.00116 
   74   74    1    1    1    1    1    1    1    1  3.22851E+14 0.00127 
   75   75    1    1    1    1    1    1    1    1  2.65347E+14 0.00210 
   76   76    1    1    1    1    1    1    1    1  3.05753E+14 0.00165 
   77   77    1    1    1    1    1    1    1    1  2.39598E+14 0.00170 
   78   78    1    1    1    1    1    1    1    1  1.89502E+14 0.00161 
   79   79    1    1    1    1    1    1    1    1  1.94424E+14 0.00139 
   80   80    1    1    1    1    1    1    1    1  1.43867E+14 0.00185 
   81   81    1    1    1    1    1    1    1    1  1.10316E+14 0.00239 
   82   82    1    1    1    1    1    1    1    1  8.42216E+13 0.00309 
   83   83    1    1    1    1    1    1    1    1  7.92470E+13 0.00208 
   84   84    1    1    1    1    1    1    1    1  5.69460E+13 0.00341 
   85   85    1    1    1    1    1    1    1    1  4.12284E+13 0.00307 
   86   86    1    1    1    1    1    1    1    1  3.84782E+13 0.00397 
   87   87    1    1    1    1    1    1    1    1  2.38015E+13 0.00350 
   88   88    1    1    1    1    1    1    1    1  1.59689E+13 0.00606 
   89   89    1    1    1    1    1    1    1    1  9.22662E+12 0.00920 
   90   90    1    1    1    1    1    1    1    1  6.07005E+12 0.01028 
   91   91    1    1    1    1    1    1    1    1  3.11921E+12 0.01767 
   92   92    1    1    1    1    1    1    1    1  1.54381E+12 0.01739 
   93   93    1    1    1    1    1    1    1    1  7.50292E+11 0.02321 
   94   94    1    1    1    1    1    1    1    1  3.57385E+11 0.03241 
   95   95    1    1    1    1    1    1    1    1  1.66662E+11 0.06345 
   96   96    1    1    1    1    1    1    1    1  8.92956E+10 0.08279 
   97   97    1    1    1    1    1    1    1    1  4.21630E+10 0.09641 
   98   98    1    1    1    1    1    1    1    1  2.20544E+10 0.11291 
   99   99    1    1    1    1    1    1    1    1  7.80048E+09 0.21914 
  100  100    1    1    1    1    1    1    1    1  1.15100E+10 0.19649 
];


