
DETdpaspec = [
    1    1    1    1    1    1    1    1    1    1  0.00000E+00 0.00000 
    2    2    1    1    1    1    1    1    1    1  0.00000E+00 0.00000 
    3    3    1    1    1    1    1    1    1    1  0.00000E+00 0.00000 
    4    4    1    1    1    1    1    1    1    1  0.00000E+00 0.00000 
    5    5    1    1    1    1    1    1    1    1  0.00000E+00 0.00000 
    6    6    1    1    1    1    1    1    1    1  0.00000E+00 0.00000 
    7    7    1    1    1    1    1    1    1    1  0.00000E+00 0.00000 
    8    8    1    1    1    1    1    1    1    1  1.51397E+07 1.00000 
    9    9    1    1    1    1    1    1    1    1  0.00000E+00 0.00000 
   10   10    1    1    1    1    1    1    1    1  8.18772E+07 1.00000 
   11   11    1    1    1    1    1    1    1    1  1.55176E+08 1.00000 
   12   12    1    1    1    1    1    1    1    1  9.30268E+07 0.54657 
   13   13    1    1    1    1    1    1    1    1  1.02155E+09 0.49149 
   14   14    1    1    1    1    1    1    1    1  3.05612E+09 0.52525 
   15   15    1    1    1    1    1    1    1    1  6.06657E+09 0.33185 
   16   16    1    1    1    1    1    1    1    1  5.77562E+08 0.27836 
   17   17    1    1    1    1    1    1    1    1  1.32270E+09 0.47032 
   18   18    1    1    1    1    1    1    1    1  4.62830E+09 0.22217 
   19   19    1    1    1    1    1    1    1    1  4.88130E+09 0.18057 
   20   20    1    1    1    1    1    1    1    1  2.10599E+10 0.13467 
   21   21    1    1    1    1    1    1    1    1  1.66957E+10 0.10207 
   22   22    1    1    1    1    1    1    1    1  4.31311E+10 0.07960 
   23   23    1    1    1    1    1    1    1    1  5.64383E+10 0.08252 
   24   24    1    1    1    1    1    1    1    1  9.03248E+10 0.07225 
   25   25    1    1    1    1    1    1    1    1  1.18712E+11 0.05875 
   26   26    1    1    1    1    1    1    1    1  2.09331E+11 0.03547 
   27   27    1    1    1    1    1    1    1    1  3.60416E+11 0.03526 
   28   28    1    1    1    1    1    1    1    1  6.62248E+11 0.04644 
   29   29    1    1    1    1    1    1    1    1  9.86628E+11 0.02798 
   30   30    1    1    1    1    1    1    1    1  2.93400E+12 0.01253 
   31   31    1    1    1    1    1    1    1    1  9.07548E+12 0.00855 
   32   32    1    1    1    1    1    1    1    1  1.70259E+13 0.00565 
   33   33    1    1    1    1    1    1    1    1  3.93773E+13 0.00384 
   34   34    1    1    1    1    1    1    1    1  5.35040E+13 0.00220 
   35   35    1    1    1    1    1    1    1    1  7.50293E+13 0.00211 
   36   36    1    1    1    1    1    1    1    1  5.26072E+13 0.00201 
   37   37    1    1    1    1    1    1    1    1  1.64035E+13 0.00229 
   38   38    1    1    1    1    1    1    1    1  9.00791E+13 0.00241 
   39   39    1    1    1    1    1    1    1    1  1.21148E+14 0.00242 
   40   40    1    1    1    1    1    1    1    1  2.05029E+14 0.00177 
   41   41    1    1    1    1    1    1    1    1  2.11340E+14 0.00134 
   42   42    1    1    1    1    1    1    1    1  4.40758E+14 0.00132 
   43   43    1    1    1    1    1    1    1    1  5.32012E+14 0.00148 
   44   44    1    1    1    1    1    1    1    1  7.63803E+14 0.00125 
   45   45    1    1    1    1    1    1    1    1  1.49530E+15 0.00120 
   46   46    1    1    1    1    1    1    1    1  7.10287E+14 0.00108 
   47   47    1    1    1    1    1    1    1    1  1.14815E+15 0.00120 
   48   48    1    1    1    1    1    1    1    1  1.60202E+15 0.00087 
   49   49    1    1    1    1    1    1    1    1  1.58662E+15 0.00100 
   50   50    1    1    1    1    1    1    1    1  2.44698E+15 0.00120 
   51   51    1    1    1    1    1    1    1    1  1.97825E+15 0.00091 
   52   52    1    1    1    1    1    1    1    1  2.30970E+15 0.00114 
   53   53    1    1    1    1    1    1    1    1  1.61328E+15 0.00103 
   54   54    1    1    1    1    1    1    1    1  1.94090E+15 0.00098 
   55   55    1    1    1    1    1    1    1    1  1.34270E+15 0.00114 
   56   56    1    1    1    1    1    1    1    1  1.83757E+14 0.00117 
   57   57    1    1    1    1    1    1    1    1  2.67146E+15 0.00091 
   58   58    1    1    1    1    1    1    1    1  1.16542E+15 0.00094 
   59   59    1    1    1    1    1    1    1    1  1.24859E+15 0.00088 
   60   60    1    1    1    1    1    1    1    1  9.57465E+14 0.00112 
   61   61    1    1    1    1    1    1    1    1  9.62410E+14 0.00100 
   62   62    1    1    1    1    1    1    1    1  9.97258E+14 0.00105 
   63   63    1    1    1    1    1    1    1    1  8.35245E+14 0.00093 
   64   64    1    1    1    1    1    1    1    1  6.64659E+14 0.00125 
   65   65    1    1    1    1    1    1    1    1  6.58946E+14 0.00138 
   66   66    1    1    1    1    1    1    1    1  4.77012E+14 0.00133 
   67   67    1    1    1    1    1    1    1    1  3.90141E+14 0.00147 
   68   68    1    1    1    1    1    1    1    1  3.51264E+14 0.00173 
   69   69    1    1    1    1    1    1    1    1  4.21574E+14 0.00133 
   70   70    1    1    1    1    1    1    1    1  3.59386E+14 0.00201 
   71   71    1    1    1    1    1    1    1    1  6.62464E+14 0.00150 
   72   72    1    1    1    1    1    1    1    1  4.71401E+14 0.00116 
   73   73    1    1    1    1    1    1    1    1  3.55229E+14 0.00182 
   74   74    1    1    1    1    1    1    1    1  2.81534E+14 0.00171 
   75   75    1    1    1    1    1    1    1    1  2.30882E+14 0.00191 
   76   76    1    1    1    1    1    1    1    1  2.63739E+14 0.00124 
   77   77    1    1    1    1    1    1    1    1  2.06003E+14 0.00181 
   78   78    1    1    1    1    1    1    1    1  1.62612E+14 0.00163 
   79   79    1    1    1    1    1    1    1    1  1.66347E+14 0.00177 
   80   80    1    1    1    1    1    1    1    1  1.22403E+14 0.00166 
   81   81    1    1    1    1    1    1    1    1  9.40796E+13 0.00192 
   82   82    1    1    1    1    1    1    1    1  7.22036E+13 0.00269 
   83   83    1    1    1    1    1    1    1    1  6.74506E+13 0.00314 
   84   84    1    1    1    1    1    1    1    1  4.84369E+13 0.00387 
   85   85    1    1    1    1    1    1    1    1  3.48668E+13 0.00468 
   86   86    1    1    1    1    1    1    1    1  3.26721E+13 0.00640 
   87   87    1    1    1    1    1    1    1    1  2.01146E+13 0.00533 
   88   88    1    1    1    1    1    1    1    1  1.36564E+13 0.00680 
   89   89    1    1    1    1    1    1    1    1  7.69591E+12 0.00946 
   90   90    1    1    1    1    1    1    1    1  5.18399E+12 0.01053 
   91   91    1    1    1    1    1    1    1    1  2.63644E+12 0.01718 
   92   92    1    1    1    1    1    1    1    1  1.27911E+12 0.02494 
   93   93    1    1    1    1    1    1    1    1  6.16003E+11 0.02737 
   94   94    1    1    1    1    1    1    1    1  3.02636E+11 0.04752 
   95   95    1    1    1    1    1    1    1    1  1.45689E+11 0.04946 
   96   96    1    1    1    1    1    1    1    1  7.31715E+10 0.08195 
   97   97    1    1    1    1    1    1    1    1  3.81420E+10 0.13047 
   98   98    1    1    1    1    1    1    1    1  1.25658E+10 0.18580 
   99   99    1    1    1    1    1    1    1    1  7.78563E+09 0.25042 
  100  100    1    1    1    1    1    1    1    1  9.25158E+09 0.26057 
];


