
DETdpaspec = [
    1    1    1    1    1    1    1    1    1    1  0.00000E+00 0.00000 
    2    2    1    1    1    1    1    1    1    1  0.00000E+00 0.00000 
    3    3    1    1    1    1    1    1    1    1  0.00000E+00 0.00000 
    4    4    1    1    1    1    1    1    1    1  0.00000E+00 0.00000 
    5    5    1    1    1    1    1    1    1    1  0.00000E+00 0.00000 
    6    6    1    1    1    1    1    1    1    1  0.00000E+00 0.00000 
    7    7    1    1    1    1    1    1    1    1  0.00000E+00 0.00000 
    8    8    1    1    1    1    1    1    1    1  0.00000E+00 0.00000 
    9    9    1    1    1    1    1    1    1    1  6.85360E+06 1.00000 
   10   10    1    1    1    1    1    1    1    1  6.03919E+07 1.00000 
   11   11    1    1    1    1    1    1    1    1  5.05734E+07 1.00000 
   12   12    1    1    1    1    1    1    1    1  2.04894E+07 0.72135 
   13   13    1    1    1    1    1    1    1    1  0.00000E+00 0.00000 
   14   14    1    1    1    1    1    1    1    1  1.59375E+09 0.47828 
   15   15    1    1    1    1    1    1    1    1  4.28003E+09 0.26892 
   16   16    1    1    1    1    1    1    1    1  7.14955E+08 0.40683 
   17   17    1    1    1    1    1    1    1    1  1.88263E+09 0.20538 
   18   18    1    1    1    1    1    1    1    1  3.76171E+09 0.24173 
   19   19    1    1    1    1    1    1    1    1  6.97706E+09 0.21154 
   20   20    1    1    1    1    1    1    1    1  2.67538E+10 0.14750 
   21   21    1    1    1    1    1    1    1    1  1.62745E+10 0.12591 
   22   22    1    1    1    1    1    1    1    1  3.60509E+10 0.08292 
   23   23    1    1    1    1    1    1    1    1  6.31990E+10 0.09071 
   24   24    1    1    1    1    1    1    1    1  9.99545E+10 0.06752 
   25   25    1    1    1    1    1    1    1    1  1.22366E+11 0.06264 
   26   26    1    1    1    1    1    1    1    1  1.99842E+11 0.04164 
   27   27    1    1    1    1    1    1    1    1  3.29163E+11 0.03686 
   28   28    1    1    1    1    1    1    1    1  7.01542E+11 0.03348 
   29   29    1    1    1    1    1    1    1    1  1.06352E+12 0.02467 
   30   30    1    1    1    1    1    1    1    1  3.22263E+12 0.01342 
   31   31    1    1    1    1    1    1    1    1  9.71563E+12 0.00829 
   32   32    1    1    1    1    1    1    1    1  1.80701E+13 0.00591 
   33   33    1    1    1    1    1    1    1    1  4.22665E+13 0.00337 
   34   34    1    1    1    1    1    1    1    1  5.78824E+13 0.00325 
   35   35    1    1    1    1    1    1    1    1  7.97760E+13 0.00296 
   36   36    1    1    1    1    1    1    1    1  5.56169E+13 0.00294 
   37   37    1    1    1    1    1    1    1    1  1.73064E+13 0.00255 
   38   38    1    1    1    1    1    1    1    1  9.53023E+13 0.00203 
   39   39    1    1    1    1    1    1    1    1  1.28519E+14 0.00215 
   40   40    1    1    1    1    1    1    1    1  2.19855E+14 0.00152 
   41   41    1    1    1    1    1    1    1    1  2.25207E+14 0.00137 
   42   42    1    1    1    1    1    1    1    1  4.74037E+14 0.00088 
   43   43    1    1    1    1    1    1    1    1  5.72573E+14 0.00098 
   44   44    1    1    1    1    1    1    1    1  8.25864E+14 0.00104 
   45   45    1    1    1    1    1    1    1    1  1.63289E+15 0.00086 
   46   46    1    1    1    1    1    1    1    1  7.74417E+14 0.00072 
   47   47    1    1    1    1    1    1    1    1  1.25200E+15 0.00066 
   48   48    1    1    1    1    1    1    1    1  1.75188E+15 0.00083 
   49   49    1    1    1    1    1    1    1    1  1.73828E+15 0.00070 
   50   50    1    1    1    1    1    1    1    1  2.69341E+15 0.00091 
   51   51    1    1    1    1    1    1    1    1  2.16869E+15 0.00074 
   52   52    1    1    1    1    1    1    1    1  2.55349E+15 0.00105 
   53   53    1    1    1    1    1    1    1    1  1.78426E+15 0.00104 
   54   54    1    1    1    1    1    1    1    1  2.16402E+15 0.00119 
   55   55    1    1    1    1    1    1    1    1  1.49545E+15 0.00116 
   56   56    1    1    1    1    1    1    1    1  2.04177E+14 0.00152 
   57   57    1    1    1    1    1    1    1    1  2.97744E+15 0.00105 
   58   58    1    1    1    1    1    1    1    1  1.30960E+15 0.00100 
   59   59    1    1    1    1    1    1    1    1  1.40179E+15 0.00107 
   60   60    1    1    1    1    1    1    1    1  1.08176E+15 0.00092 
   61   61    1    1    1    1    1    1    1    1  1.08696E+15 0.00098 
   62   62    1    1    1    1    1    1    1    1  1.12998E+15 0.00094 
   63   63    1    1    1    1    1    1    1    1  9.47813E+14 0.00084 
   64   64    1    1    1    1    1    1    1    1  7.54912E+14 0.00101 
   65   65    1    1    1    1    1    1    1    1  7.49870E+14 0.00160 
   66   66    1    1    1    1    1    1    1    1  5.42235E+14 0.00166 
   67   67    1    1    1    1    1    1    1    1  4.43860E+14 0.00134 
   68   68    1    1    1    1    1    1    1    1  3.98725E+14 0.00166 
   69   69    1    1    1    1    1    1    1    1  4.77424E+14 0.00194 
   70   70    1    1    1    1    1    1    1    1  4.08640E+14 0.00132 
   71   71    1    1    1    1    1    1    1    1  7.50284E+14 0.00110 
   72   72    1    1    1    1    1    1    1    1  5.33318E+14 0.00136 
   73   73    1    1    1    1    1    1    1    1  4.02082E+14 0.00118 
   74   74    1    1    1    1    1    1    1    1  3.19884E+14 0.00134 
   75   75    1    1    1    1    1    1    1    1  2.62749E+14 0.00155 
   76   76    1    1    1    1    1    1    1    1  3.02060E+14 0.00161 
   77   77    1    1    1    1    1    1    1    1  2.37454E+14 0.00166 
   78   78    1    1    1    1    1    1    1    1  1.88099E+14 0.00203 
   79   79    1    1    1    1    1    1    1    1  1.93048E+14 0.00186 
   80   80    1    1    1    1    1    1    1    1  1.42283E+14 0.00216 
   81   81    1    1    1    1    1    1    1    1  1.09908E+14 0.00250 
   82   82    1    1    1    1    1    1    1    1  8.37498E+13 0.00180 
   83   83    1    1    1    1    1    1    1    1  7.85313E+13 0.00305 
   84   84    1    1    1    1    1    1    1    1  5.65693E+13 0.00330 
   85   85    1    1    1    1    1    1    1    1  4.06414E+13 0.00390 
   86   86    1    1    1    1    1    1    1    1  3.81946E+13 0.00468 
   87   87    1    1    1    1    1    1    1    1  2.34236E+13 0.00467 
   88   88    1    1    1    1    1    1    1    1  1.58637E+13 0.00548 
   89   89    1    1    1    1    1    1    1    1  9.19767E+12 0.00665 
   90   90    1    1    1    1    1    1    1    1  6.14859E+12 0.00985 
   91   91    1    1    1    1    1    1    1    1  3.15041E+12 0.01194 
   92   92    1    1    1    1    1    1    1    1  1.45951E+12 0.01919 
   93   93    1    1    1    1    1    1    1    1  7.08129E+11 0.02585 
   94   94    1    1    1    1    1    1    1    1  3.50980E+11 0.04713 
   95   95    1    1    1    1    1    1    1    1  1.66261E+11 0.04752 
   96   96    1    1    1    1    1    1    1    1  8.45513E+10 0.09122 
   97   97    1    1    1    1    1    1    1    1  4.01308E+10 0.12069 
   98   98    1    1    1    1    1    1    1    1  1.84953E+10 0.19813 
   99   99    1    1    1    1    1    1    1    1  9.55439E+09 0.26388 
  100  100    1    1    1    1    1    1    1    1  7.37774E+09 0.26190 
];


