
DETdpaspec = [
    1    1    1    1    1    1    1    1    1    1  0.00000E+00 0.00000 
    2    2    1    1    1    1    1    1    1    1  0.00000E+00 0.00000 
    3    3    1    1    1    1    1    1    1    1  0.00000E+00 0.00000 
    4    4    1    1    1    1    1    1    1    1  0.00000E+00 0.00000 
    5    5    1    1    1    1    1    1    1    1  0.00000E+00 0.00000 
    6    6    1    1    1    1    1    1    1    1  0.00000E+00 0.00000 
    7    7    1    1    1    1    1    1    1    1  1.19653E+07 1.00000 
    8    8    1    1    1    1    1    1    1    1  1.55832E+07 1.00000 
    9    9    1    1    1    1    1    1    1    1  1.96200E+07 1.00000 
   10   10    1    1    1    1    1    1    1    1  0.00000E+00 0.00000 
   11   11    1    1    1    1    1    1    1    1  2.01716E+08 0.40354 
   12   12    1    1    1    1    1    1    1    1  4.74431E+07 0.61318 
   13   13    1    1    1    1    1    1    1    1  1.34728E+09 0.43198 
   14   14    1    1    1    1    1    1    1    1  2.04103E+09 0.39133 
   15   15    1    1    1    1    1    1    1    1  3.21457E+09 0.31737 
   16   16    1    1    1    1    1    1    1    1  1.01494E+09 0.30410 
   17   17    1    1    1    1    1    1    1    1  1.96977E+09 0.24483 
   18   18    1    1    1    1    1    1    1    1  7.57418E+09 0.21261 
   19   19    1    1    1    1    1    1    1    1  7.42158E+09 0.15820 
   20   20    1    1    1    1    1    1    1    1  2.48556E+10 0.12881 
   21   21    1    1    1    1    1    1    1    1  1.81827E+10 0.11513 
   22   22    1    1    1    1    1    1    1    1  4.94994E+10 0.08786 
   23   23    1    1    1    1    1    1    1    1  7.02647E+10 0.05729 
   24   24    1    1    1    1    1    1    1    1  1.00474E+11 0.05221 
   25   25    1    1    1    1    1    1    1    1  1.36167E+11 0.07093 
   26   26    1    1    1    1    1    1    1    1  2.29283E+11 0.04869 
   27   27    1    1    1    1    1    1    1    1  3.81995E+11 0.03528 
   28   28    1    1    1    1    1    1    1    1  6.70076E+11 0.02281 
   29   29    1    1    1    1    1    1    1    1  9.10746E+11 0.02300 
   30   30    1    1    1    1    1    1    1    1  2.92190E+12 0.01509 
   31   31    1    1    1    1    1    1    1    1  8.74958E+12 0.00854 
   32   32    1    1    1    1    1    1    1    1  1.62340E+13 0.00649 
   33   33    1    1    1    1    1    1    1    1  3.54136E+13 0.00399 
   34   34    1    1    1    1    1    1    1    1  4.64562E+13 0.00326 
   35   35    1    1    1    1    1    1    1    1  6.76701E+13 0.00236 
   36   36    1    1    1    1    1    1    1    1  4.75841E+13 0.00247 
   37   37    1    1    1    1    1    1    1    1  1.52048E+13 0.00302 
   38   38    1    1    1    1    1    1    1    1  8.10769E+13 0.00228 
   39   39    1    1    1    1    1    1    1    1  1.07644E+14 0.00211 
   40   40    1    1    1    1    1    1    1    1  1.79796E+14 0.00222 
   41   41    1    1    1    1    1    1    1    1  1.86631E+14 0.00220 
   42   42    1    1    1    1    1    1    1    1  3.80107E+14 0.00184 
   43   43    1    1    1    1    1    1    1    1  4.52520E+14 0.00186 
   44   44    1    1    1    1    1    1    1    1  6.43255E+14 0.00131 
   45   45    1    1    1    1    1    1    1    1  1.22819E+15 0.00105 
   46   46    1    1    1    1    1    1    1    1  5.83334E+14 0.00142 
   47   47    1    1    1    1    1    1    1    1  9.42380E+14 0.00147 
   48   48    1    1    1    1    1    1    1    1  1.30456E+15 0.00108 
   49   49    1    1    1    1    1    1    1    1  1.29197E+15 0.00116 
   50   50    1    1    1    1    1    1    1    1  1.96143E+15 0.00127 
   51   51    1    1    1    1    1    1    1    1  1.59326E+15 0.00114 
   52   52    1    1    1    1    1    1    1    1  1.82693E+15 0.00103 
   53   53    1    1    1    1    1    1    1    1  1.27675E+15 0.00117 
   54   54    1    1    1    1    1    1    1    1  1.51547E+15 0.00118 
   55   55    1    1    1    1    1    1    1    1  1.04940E+15 0.00148 
   56   56    1    1    1    1    1    1    1    1  1.44199E+14 0.00151 
   57   57    1    1    1    1    1    1    1    1  2.08613E+15 0.00142 
   58   58    1    1    1    1    1    1    1    1  8.91200E+14 0.00166 
   59   59    1    1    1    1    1    1    1    1  9.57762E+14 0.00163 
   60   60    1    1    1    1    1    1    1    1  7.24133E+14 0.00157 
   61   61    1    1    1    1    1    1    1    1  7.29880E+14 0.00159 
   62   62    1    1    1    1    1    1    1    1  7.53901E+14 0.00157 
   63   63    1    1    1    1    1    1    1    1  6.27720E+14 0.00187 
   64   64    1    1    1    1    1    1    1    1  4.98923E+14 0.00193 
   65   65    1    1    1    1    1    1    1    1  4.93437E+14 0.00207 
   66   66    1    1    1    1    1    1    1    1  3.55994E+14 0.00209 
   67   67    1    1    1    1    1    1    1    1  2.92910E+14 0.00170 
   68   68    1    1    1    1    1    1    1    1  2.63306E+14 0.00179 
   69   69    1    1    1    1    1    1    1    1  3.15906E+14 0.00210 
   70   70    1    1    1    1    1    1    1    1  2.70206E+14 0.00222 
   71   71    1    1    1    1    1    1    1    1  5.01461E+14 0.00208 
   72   72    1    1    1    1    1    1    1    1  3.56297E+14 0.00191 
   73   73    1    1    1    1    1    1    1    1  2.67220E+14 0.00212 
   74   74    1    1    1    1    1    1    1    1  2.10600E+14 0.00212 
   75   75    1    1    1    1    1    1    1    1  1.70122E+14 0.00231 
   76   76    1    1    1    1    1    1    1    1  1.93256E+14 0.00261 
   77   77    1    1    1    1    1    1    1    1  1.49126E+14 0.00252 
   78   78    1    1    1    1    1    1    1    1  1.16656E+14 0.00247 
   79   79    1    1    1    1    1    1    1    1  1.18259E+14 0.00329 
   80   80    1    1    1    1    1    1    1    1  8.70558E+13 0.00306 
   81   81    1    1    1    1    1    1    1    1  6.69379E+13 0.00431 
   82   82    1    1    1    1    1    1    1    1  5.08452E+13 0.00229 
   83   83    1    1    1    1    1    1    1    1  4.76476E+13 0.00326 
   84   84    1    1    1    1    1    1    1    1  3.43056E+13 0.00448 
   85   85    1    1    1    1    1    1    1    1  2.46707E+13 0.00533 
   86   86    1    1    1    1    1    1    1    1  2.32137E+13 0.00451 
   87   87    1    1    1    1    1    1    1    1  1.41206E+13 0.00677 
   88   88    1    1    1    1    1    1    1    1  9.63296E+12 0.00631 
   89   89    1    1    1    1    1    1    1    1  5.58830E+12 0.00799 
   90   90    1    1    1    1    1    1    1    1  3.70499E+12 0.01200 
   91   91    1    1    1    1    1    1    1    1  1.93726E+12 0.01449 
   92   92    1    1    1    1    1    1    1    1  8.91602E+11 0.02474 
   93   93    1    1    1    1    1    1    1    1  4.43149E+11 0.03685 
   94   94    1    1    1    1    1    1    1    1  2.26109E+11 0.04387 
   95   95    1    1    1    1    1    1    1    1  1.09651E+11 0.06849 
   96   96    1    1    1    1    1    1    1    1  4.96600E+10 0.10763 
   97   97    1    1    1    1    1    1    1    1  1.53594E+10 0.14891 
   98   98    1    1    1    1    1    1    1    1  1.24584E+10 0.19484 
   99   99    1    1    1    1    1    1    1    1  5.09812E+09 0.33149 
  100  100    1    1    1    1    1    1    1    1  1.78695E+09 0.42889 
];


