
DETdpaspec = [
    1    1    1    1    1    1    1    1    1    1  0.00000E+00 0.00000 
    2    2    1    1    1    1    1    1    1    1  0.00000E+00 0.00000 
    3    3    1    1    1    1    1    1    1    1  8.08379E+06 1.00000 
    4    4    1    1    1    1    1    1    1    1  0.00000E+00 0.00000 
    5    5    1    1    1    1    1    1    1    1  0.00000E+00 0.00000 
    6    6    1    1    1    1    1    1    1    1  0.00000E+00 0.00000 
    7    7    1    1    1    1    1    1    1    1  0.00000E+00 0.00000 
    8    8    1    1    1    1    1    1    1    1  1.52470E+07 1.00000 
    9    9    1    1    1    1    1    1    1    1  0.00000E+00 0.00000 
   10   10    1    1    1    1    1    1    1    1  5.97107E+07 0.71916 
   11   11    1    1    1    1    1    1    1    1  8.74955E+07 0.68863 
   12   12    1    1    1    1    1    1    1    1  4.34175E+07 0.68834 
   13   13    1    1    1    1    1    1    1    1  1.70047E+09 0.39431 
   14   14    1    1    1    1    1    1    1    1  2.98592E+09 0.62642 
   15   15    1    1    1    1    1    1    1    1  3.70748E+09 0.34359 
   16   16    1    1    1    1    1    1    1    1  1.06269E+09 0.36885 
   17   17    1    1    1    1    1    1    1    1  1.09759E+09 0.33307 
   18   18    1    1    1    1    1    1    1    1  5.63668E+09 0.26884 
   19   19    1    1    1    1    1    1    1    1  8.51418E+09 0.17258 
   20   20    1    1    1    1    1    1    1    1  1.73203E+10 0.13035 
   21   21    1    1    1    1    1    1    1    1  1.94756E+10 0.12949 
   22   22    1    1    1    1    1    1    1    1  3.93045E+10 0.07452 
   23   23    1    1    1    1    1    1    1    1  6.06869E+10 0.07653 
   24   24    1    1    1    1    1    1    1    1  9.57498E+10 0.08736 
   25   25    1    1    1    1    1    1    1    1  1.13070E+11 0.06761 
   26   26    1    1    1    1    1    1    1    1  1.83596E+11 0.05643 
   27   27    1    1    1    1    1    1    1    1  3.46255E+11 0.04554 
   28   28    1    1    1    1    1    1    1    1  6.67380E+11 0.02694 
   29   29    1    1    1    1    1    1    1    1  1.01396E+12 0.01972 
   30   30    1    1    1    1    1    1    1    1  3.13735E+12 0.01627 
   31   31    1    1    1    1    1    1    1    1  9.75750E+12 0.00860 
   32   32    1    1    1    1    1    1    1    1  1.83078E+13 0.00649 
   33   33    1    1    1    1    1    1    1    1  4.24744E+13 0.00427 
   34   34    1    1    1    1    1    1    1    1  5.81877E+13 0.00334 
   35   35    1    1    1    1    1    1    1    1  8.05078E+13 0.00317 
   36   36    1    1    1    1    1    1    1    1  5.59537E+13 0.00240 
   37   37    1    1    1    1    1    1    1    1  1.74381E+13 0.00238 
   38   38    1    1    1    1    1    1    1    1  9.62914E+13 0.00182 
   39   39    1    1    1    1    1    1    1    1  1.29657E+14 0.00206 
   40   40    1    1    1    1    1    1    1    1  2.21236E+14 0.00157 
   41   41    1    1    1    1    1    1    1    1  2.26669E+14 0.00155 
   42   42    1    1    1    1    1    1    1    1  4.77709E+14 0.00134 
   43   43    1    1    1    1    1    1    1    1  5.77723E+14 0.00123 
   44   44    1    1    1    1    1    1    1    1  8.31936E+14 0.00096 
   45   45    1    1    1    1    1    1    1    1  1.64329E+15 0.00082 
   46   46    1    1    1    1    1    1    1    1  7.79491E+14 0.00089 
   47   47    1    1    1    1    1    1    1    1  1.25824E+15 0.00088 
   48   48    1    1    1    1    1    1    1    1  1.76324E+15 0.00099 
   49   49    1    1    1    1    1    1    1    1  1.74513E+15 0.00101 
   50   50    1    1    1    1    1    1    1    1  2.70651E+15 0.00081 
   51   51    1    1    1    1    1    1    1    1  2.18027E+15 0.00059 
   52   52    1    1    1    1    1    1    1    1  2.56613E+15 0.00080 
   53   53    1    1    1    1    1    1    1    1  1.79260E+15 0.00083 
   54   54    1    1    1    1    1    1    1    1  2.17428E+15 0.00081 
   55   55    1    1    1    1    1    1    1    1  1.50358E+15 0.00097 
   56   56    1    1    1    1    1    1    1    1  2.05705E+14 0.00111 
   57   57    1    1    1    1    1    1    1    1  2.99308E+15 0.00082 
   58   58    1    1    1    1    1    1    1    1  1.31820E+15 0.00101 
   59   59    1    1    1    1    1    1    1    1  1.40936E+15 0.00092 
   60   60    1    1    1    1    1    1    1    1  1.08810E+15 0.00084 
   61   61    1    1    1    1    1    1    1    1  1.09363E+15 0.00089 
   62   62    1    1    1    1    1    1    1    1  1.13529E+15 0.00103 
   63   63    1    1    1    1    1    1    1    1  9.53812E+14 0.00107 
   64   64    1    1    1    1    1    1    1    1  7.58451E+14 0.00143 
   65   65    1    1    1    1    1    1    1    1  7.54406E+14 0.00141 
   66   66    1    1    1    1    1    1    1    1  5.45403E+14 0.00133 
   67   67    1    1    1    1    1    1    1    1  4.45876E+14 0.00138 
   68   68    1    1    1    1    1    1    1    1  4.01026E+14 0.00131 
   69   69    1    1    1    1    1    1    1    1  4.81069E+14 0.00147 
   70   70    1    1    1    1    1    1    1    1  4.10431E+14 0.00125 
   71   71    1    1    1    1    1    1    1    1  7.54420E+14 0.00145 
   72   72    1    1    1    1    1    1    1    1  5.35324E+14 0.00160 
   73   73    1    1    1    1    1    1    1    1  4.02822E+14 0.00145 
   74   74    1    1    1    1    1    1    1    1  3.21939E+14 0.00159 
   75   75    1    1    1    1    1    1    1    1  2.65049E+14 0.00197 
   76   76    1    1    1    1    1    1    1    1  3.05159E+14 0.00133 
   77   77    1    1    1    1    1    1    1    1  2.38718E+14 0.00118 
   78   78    1    1    1    1    1    1    1    1  1.89309E+14 0.00188 
   79   79    1    1    1    1    1    1    1    1  1.94306E+14 0.00217 
   80   80    1    1    1    1    1    1    1    1  1.43527E+14 0.00199 
   81   81    1    1    1    1    1    1    1    1  1.10271E+14 0.00190 
   82   82    1    1    1    1    1    1    1    1  8.47065E+13 0.00296 
   83   83    1    1    1    1    1    1    1    1  7.92549E+13 0.00254 
   84   84    1    1    1    1    1    1    1    1  5.69757E+13 0.00272 
   85   85    1    1    1    1    1    1    1    1  4.10265E+13 0.00344 
   86   86    1    1    1    1    1    1    1    1  3.81753E+13 0.00417 
   87   87    1    1    1    1    1    1    1    1  2.38193E+13 0.00536 
   88   88    1    1    1    1    1    1    1    1  1.60423E+13 0.00713 
   89   89    1    1    1    1    1    1    1    1  9.13876E+12 0.00894 
   90   90    1    1    1    1    1    1    1    1  6.08504E+12 0.00829 
   91   91    1    1    1    1    1    1    1    1  3.14777E+12 0.01529 
   92   92    1    1    1    1    1    1    1    1  1.50075E+12 0.01581 
   93   93    1    1    1    1    1    1    1    1  7.27316E+11 0.02753 
   94   94    1    1    1    1    1    1    1    1  3.64862E+11 0.05541 
   95   95    1    1    1    1    1    1    1    1  1.64445E+11 0.06299 
   96   96    1    1    1    1    1    1    1    1  8.69868E+10 0.07776 
   97   97    1    1    1    1    1    1    1    1  4.24675E+10 0.10699 
   98   98    1    1    1    1    1    1    1    1  2.13498E+10 0.17540 
   99   99    1    1    1    1    1    1    1    1  9.05978E+09 0.26005 
  100  100    1    1    1    1    1    1    1    1  4.41601E+09 0.24517 
];


