
DETdpaspec = [
    1    1    1    1    1    1    1    1    1    1  0.00000E+00 0.00000 
    2    2    1    1    1    1    1    1    1    1  0.00000E+00 0.00000 
    3    3    1    1    1    1    1    1    1    1  0.00000E+00 0.00000 
    4    4    1    1    1    1    1    1    1    1  0.00000E+00 0.00000 
    5    5    1    1    1    1    1    1    1    1  1.58674E+07 1.00000 
    6    6    1    1    1    1    1    1    1    1  1.27132E+07 1.00000 
    7    7    1    1    1    1    1    1    1    1  0.00000E+00 0.00000 
    8    8    1    1    1    1    1    1    1    1  0.00000E+00 0.00000 
    9    9    1    1    1    1    1    1    1    1  0.00000E+00 0.00000 
   10   10    1    1    1    1    1    1    1    1  0.00000E+00 0.00000 
   11   11    1    1    1    1    1    1    1    1  0.00000E+00 0.00000 
   12   12    1    1    1    1    1    1    1    1  1.60588E+07 1.00000 
   13   13    1    1    1    1    1    1    1    1  2.81594E+09 0.39646 
   14   14    1    1    1    1    1    1    1    1  2.89626E+09 0.44177 
   15   15    1    1    1    1    1    1    1    1  2.52457E+09 0.36044 
   16   16    1    1    1    1    1    1    1    1  9.47746E+08 0.34688 
   17   17    1    1    1    1    1    1    1    1  1.94344E+09 0.26913 
   18   18    1    1    1    1    1    1    1    1  4.33703E+09 0.27637 
   19   19    1    1    1    1    1    1    1    1  5.76000E+09 0.26838 
   20   20    1    1    1    1    1    1    1    1  1.76403E+10 0.16814 
   21   21    1    1    1    1    1    1    1    1  1.65370E+10 0.13187 
   22   22    1    1    1    1    1    1    1    1  3.17040E+10 0.07333 
   23   23    1    1    1    1    1    1    1    1  5.62294E+10 0.08157 
   24   24    1    1    1    1    1    1    1    1  9.38205E+10 0.08522 
   25   25    1    1    1    1    1    1    1    1  1.12727E+11 0.06346 
   26   26    1    1    1    1    1    1    1    1  2.37546E+11 0.05333 
   27   27    1    1    1    1    1    1    1    1  4.86878E+11 0.03347 
   28   28    1    1    1    1    1    1    1    1  1.24212E+12 0.02143 
   29   29    1    1    1    1    1    1    1    1  2.19595E+12 0.01614 
   30   30    1    1    1    1    1    1    1    1  5.67830E+12 0.01005 
   31   31    1    1    1    1    1    1    1    1  1.66298E+13 0.00523 
   32   32    1    1    1    1    1    1    1    1  2.94769E+13 0.00486 
   33   33    1    1    1    1    1    1    1    1  6.84898E+13 0.00319 
   34   34    1    1    1    1    1    1    1    1  9.45123E+13 0.00229 
   35   35    1    1    1    1    1    1    1    1  1.14526E+14 0.00230 
   36   36    1    1    1    1    1    1    1    1  7.50357E+13 0.00226 
   37   37    1    1    1    1    1    1    1    1  2.25207E+13 0.00224 
   38   38    1    1    1    1    1    1    1    1  1.28235E+14 0.00207 
   39   39    1    1    1    1    1    1    1    1  1.72368E+14 0.00182 
   40   40    1    1    1    1    1    1    1    1  2.96696E+14 0.00135 
   41   41    1    1    1    1    1    1    1    1  2.94288E+14 0.00155 
   42   42    1    1    1    1    1    1    1    1  6.33224E+14 0.00128 
   43   43    1    1    1    1    1    1    1    1  7.66775E+14 0.00114 
   44   44    1    1    1    1    1    1    1    1  1.10780E+15 0.00087 
   45   45    1    1    1    1    1    1    1    1  2.21488E+15 0.00085 
   46   46    1    1    1    1    1    1    1    1  1.02931E+15 0.00106 
   47   47    1    1    1    1    1    1    1    1  1.64428E+15 0.00072 
   48   48    1    1    1    1    1    1    1    1  2.29890E+15 0.00076 
   49   49    1    1    1    1    1    1    1    1  2.26099E+15 0.00100 
   50   50    1    1    1    1    1    1    1    1  3.55971E+15 0.00071 
   51   51    1    1    1    1    1    1    1    1  2.80830E+15 0.00076 
   52   52    1    1    1    1    1    1    1    1  3.37448E+15 0.00067 
   53   53    1    1    1    1    1    1    1    1  2.33989E+15 0.00084 
   54   54    1    1    1    1    1    1    1    1  2.90221E+15 0.00082 
   55   55    1    1    1    1    1    1    1    1  1.99646E+15 0.00086 
   56   56    1    1    1    1    1    1    1    1  2.70965E+14 0.00073 
   57   57    1    1    1    1    1    1    1    1  3.96276E+15 0.00062 
   58   58    1    1    1    1    1    1    1    1  1.79367E+15 0.00081 
   59   59    1    1    1    1    1    1    1    1  1.90153E+15 0.00064 
   60   60    1    1    1    1    1    1    1    1  1.49770E+15 0.00070 
   61   61    1    1    1    1    1    1    1    1  1.49788E+15 0.00084 
   62   62    1    1    1    1    1    1    1    1  1.56290E+15 0.00086 
   63   63    1    1    1    1    1    1    1    1  1.31825E+15 0.00083 
   64   64    1    1    1    1    1    1    1    1  1.04821E+15 0.00090 
   65   65    1    1    1    1    1    1    1    1  1.04215E+15 0.00078 
   66   66    1    1    1    1    1    1    1    1  7.53260E+14 0.00094 
   67   67    1    1    1    1    1    1    1    1  6.12233E+14 0.00095 
   68   68    1    1    1    1    1    1    1    1  5.48644E+14 0.00137 
   69   69    1    1    1    1    1    1    1    1  6.58321E+14 0.00127 
   70   70    1    1    1    1    1    1    1    1  5.60134E+14 0.00119 
   71   71    1    1    1    1    1    1    1    1  1.01158E+15 0.00128 
   72   72    1    1    1    1    1    1    1    1  7.15341E+14 0.00129 
   73   73    1    1    1    1    1    1    1    1  5.39969E+14 0.00112 
   74   74    1    1    1    1    1    1    1    1  4.36995E+14 0.00144 
   75   75    1    1    1    1    1    1    1    1  3.65345E+14 0.00146 
   76   76    1    1    1    1    1    1    1    1  4.26939E+14 0.00107 
   77   77    1    1    1    1    1    1    1    1  3.39292E+14 0.00151 
   78   78    1    1    1    1    1    1    1    1  2.71403E+14 0.00160 
   79   79    1    1    1    1    1    1    1    1  2.81461E+14 0.00207 
   80   80    1    1    1    1    1    1    1    1  2.09469E+14 0.00182 
   81   81    1    1    1    1    1    1    1    1  1.61598E+14 0.00202 
   82   82    1    1    1    1    1    1    1    1  1.24423E+14 0.00218 
   83   83    1    1    1    1    1    1    1    1  1.16401E+14 0.00241 
   84   84    1    1    1    1    1    1    1    1  8.38582E+13 0.00319 
   85   85    1    1    1    1    1    1    1    1  6.03636E+13 0.00209 
   86   86    1    1    1    1    1    1    1    1  5.64877E+13 0.00305 
   87   87    1    1    1    1    1    1    1    1  3.46295E+13 0.00520 
   88   88    1    1    1    1    1    1    1    1  2.32600E+13 0.00292 
   89   89    1    1    1    1    1    1    1    1  1.32697E+13 0.00729 
   90   90    1    1    1    1    1    1    1    1  8.75335E+12 0.00699 
   91   91    1    1    1    1    1    1    1    1  4.38063E+12 0.01041 
   92   92    1    1    1    1    1    1    1    1  2.15211E+12 0.01382 
   93   93    1    1    1    1    1    1    1    1  9.88963E+11 0.02637 
   94   94    1    1    1    1    1    1    1    1  5.27579E+11 0.03084 
   95   95    1    1    1    1    1    1    1    1  2.31964E+11 0.03468 
   96   96    1    1    1    1    1    1    1    1  1.25590E+11 0.06124 
   97   97    1    1    1    1    1    1    1    1  6.05903E+10 0.12301 
   98   98    1    1    1    1    1    1    1    1  2.69146E+10 0.13413 
   99   99    1    1    1    1    1    1    1    1  1.47960E+10 0.15486 
  100  100    1    1    1    1    1    1    1    1  9.36002E+09 0.21983 
];


