
DETdpaspec = [
    1    1    1    1    1    1    1    1    1    1  0.00000E+00 0.00000 
    2    2    1    1    1    1    1    1    1    1  0.00000E+00 0.00000 
    3    3    1    1    1    1    1    1    1    1  0.00000E+00 0.00000 
    4    4    1    1    1    1    1    1    1    1  0.00000E+00 0.00000 
    5    5    1    1    1    1    1    1    1    1  0.00000E+00 0.00000 
    6    6    1    1    1    1    1    1    1    1  8.17963E+06 1.00000 
    7    7    1    1    1    1    1    1    1    1  1.61618E+07 1.00000 
    8    8    1    1    1    1    1    1    1    1  0.00000E+00 0.00000 
    9    9    1    1    1    1    1    1    1    1  0.00000E+00 0.00000 
   10   10    1    1    1    1    1    1    1    1  0.00000E+00 0.00000 
   11   11    1    1    1    1    1    1    1    1  0.00000E+00 0.00000 
   12   12    1    1    1    1    1    1    1    1  3.47308E+07 0.81826 
   13   13    1    1    1    1    1    1    1    1  2.07849E+08 0.88352 
   14   14    1    1    1    1    1    1    1    1  3.68633E+08 0.46153 
   15   15    1    1    1    1    1    1    1    1  1.05317E+09 0.44354 
   16   16    1    1    1    1    1    1    1    1  1.41516E+09 0.28885 
   17   17    1    1    1    1    1    1    1    1  3.50958E+09 0.24578 
   18   18    1    1    1    1    1    1    1    1  6.20128E+09 0.28499 
   19   19    1    1    1    1    1    1    1    1  5.91305E+09 0.21469 
   20   20    1    1    1    1    1    1    1    1  1.45506E+10 0.21072 
   21   21    1    1    1    1    1    1    1    1  1.25427E+10 0.11570 
   22   22    1    1    1    1    1    1    1    1  3.67749E+10 0.09773 
   23   23    1    1    1    1    1    1    1    1  6.50248E+10 0.09465 
   24   24    1    1    1    1    1    1    1    1  8.01652E+10 0.07990 
   25   25    1    1    1    1    1    1    1    1  1.14871E+11 0.06527 
   26   26    1    1    1    1    1    1    1    1  1.82145E+11 0.04428 
   27   27    1    1    1    1    1    1    1    1  3.18948E+11 0.03222 
   28   28    1    1    1    1    1    1    1    1  7.00683E+11 0.02399 
   29   29    1    1    1    1    1    1    1    1  1.13001E+12 0.01738 
   30   30    1    1    1    1    1    1    1    1  3.26483E+12 0.01213 
   31   31    1    1    1    1    1    1    1    1  1.02583E+13 0.00711 
   32   32    1    1    1    1    1    1    1    1  1.91285E+13 0.00675 
   33   33    1    1    1    1    1    1    1    1  4.52219E+13 0.00376 
   34   34    1    1    1    1    1    1    1    1  6.29226E+13 0.00233 
   35   35    1    1    1    1    1    1    1    1  8.51214E+13 0.00208 
   36   36    1    1    1    1    1    1    1    1  5.87359E+13 0.00172 
   37   37    1    1    1    1    1    1    1    1  1.81212E+13 0.00237 
   38   38    1    1    1    1    1    1    1    1  1.00876E+14 0.00185 
   39   39    1    1    1    1    1    1    1    1  1.35884E+14 0.00175 
   40   40    1    1    1    1    1    1    1    1  2.32937E+14 0.00162 
   41   41    1    1    1    1    1    1    1    1  2.37016E+14 0.00145 
   42   42    1    1    1    1    1    1    1    1  5.03331E+14 0.00109 
   43   43    1    1    1    1    1    1    1    1  6.09527E+14 0.00104 
   44   44    1    1    1    1    1    1    1    1  8.82770E+14 0.00118 
   45   45    1    1    1    1    1    1    1    1  1.75276E+15 0.00085 
   46   46    1    1    1    1    1    1    1    1  8.28543E+14 0.00097 
   47   47    1    1    1    1    1    1    1    1  1.33723E+15 0.00081 
   48   48    1    1    1    1    1    1    1    1  1.87395E+15 0.00081 
   49   49    1    1    1    1    1    1    1    1  1.85773E+15 0.00077 
   50   50    1    1    1    1    1    1    1    1  2.89575E+15 0.00063 
   51   51    1    1    1    1    1    1    1    1  2.32445E+15 0.00056 
   52   52    1    1    1    1    1    1    1    1  2.75292E+15 0.00069 
   53   53    1    1    1    1    1    1    1    1  1.92165E+15 0.00086 
   54   54    1    1    1    1    1    1    1    1  2.34406E+15 0.00087 
   55   55    1    1    1    1    1    1    1    1  1.61859E+15 0.00090 
   56   56    1    1    1    1    1    1    1    1  2.20769E+14 0.00137 
   57   57    1    1    1    1    1    1    1    1  3.22760E+15 0.00077 
   58   58    1    1    1    1    1    1    1    1  1.42915E+15 0.00090 
   59   59    1    1    1    1    1    1    1    1  1.52746E+15 0.00093 
   60   60    1    1    1    1    1    1    1    1  1.18306E+15 0.00102 
   61   61    1    1    1    1    1    1    1    1  1.18685E+15 0.00101 
   62   62    1    1    1    1    1    1    1    1  1.23629E+15 0.00108 
   63   63    1    1    1    1    1    1    1    1  1.03986E+15 0.00097 
   64   64    1    1    1    1    1    1    1    1  8.27991E+14 0.00100 
   65   65    1    1    1    1    1    1    1    1  8.22311E+14 0.00106 
   66   66    1    1    1    1    1    1    1    1  5.95274E+14 0.00158 
   67   67    1    1    1    1    1    1    1    1  4.85812E+14 0.00165 
   68   68    1    1    1    1    1    1    1    1  4.36789E+14 0.00114 
   69   69    1    1    1    1    1    1    1    1  5.24796E+14 0.00146 
   70   70    1    1    1    1    1    1    1    1  4.47909E+14 0.00187 
   71   71    1    1    1    1    1    1    1    1  8.18652E+14 0.00115 
   72   72    1    1    1    1    1    1    1    1  5.80993E+14 0.00112 
   73   73    1    1    1    1    1    1    1    1  4.37640E+14 0.00121 
   74   74    1    1    1    1    1    1    1    1  3.50958E+14 0.00164 
   75   75    1    1    1    1    1    1    1    1  2.89666E+14 0.00186 
   76   76    1    1    1    1    1    1    1    1  3.35002E+14 0.00155 
   77   77    1    1    1    1    1    1    1    1  2.63442E+14 0.00168 
   78   78    1    1    1    1    1    1    1    1  2.08986E+14 0.00189 
   79   79    1    1    1    1    1    1    1    1  2.14606E+14 0.00206 
   80   80    1    1    1    1    1    1    1    1  1.58851E+14 0.00190 
   81   81    1    1    1    1    1    1    1    1  1.22689E+14 0.00206 
   82   82    1    1    1    1    1    1    1    1  9.39226E+13 0.00208 
   83   83    1    1    1    1    1    1    1    1  8.72714E+13 0.00266 
   84   84    1    1    1    1    1    1    1    1  6.30393E+13 0.00229 
   85   85    1    1    1    1    1    1    1    1  4.57452E+13 0.00361 
   86   86    1    1    1    1    1    1    1    1  4.24882E+13 0.00323 
   87   87    1    1    1    1    1    1    1    1  2.62927E+13 0.00598 
   88   88    1    1    1    1    1    1    1    1  1.78860E+13 0.00647 
   89   89    1    1    1    1    1    1    1    1  1.01973E+13 0.00899 
   90   90    1    1    1    1    1    1    1    1  6.81130E+12 0.00743 
   91   91    1    1    1    1    1    1    1    1  3.41146E+12 0.01157 
   92   92    1    1    1    1    1    1    1    1  1.65463E+12 0.01400 
   93   93    1    1    1    1    1    1    1    1  7.78637E+11 0.02565 
   94   94    1    1    1    1    1    1    1    1  3.74881E+11 0.03539 
   95   95    1    1    1    1    1    1    1    1  1.96132E+11 0.07391 
   96   96    1    1    1    1    1    1    1    1  9.89872E+10 0.09084 
   97   97    1    1    1    1    1    1    1    1  4.50077E+10 0.15275 
   98   98    1    1    1    1    1    1    1    1  2.33909E+10 0.12951 
   99   99    1    1    1    1    1    1    1    1  1.21413E+10 0.21567 
  100  100    1    1    1    1    1    1    1    1  1.04695E+10 0.19587 
];


