
DETdpaspec = [
    1    1    1    1    1    1    1    1    1    1  0.00000E+00 0.00000 
    2    2    1    1    1    1    1    1    1    1  0.00000E+00 0.00000 
    3    3    1    1    1    1    1    1    1    1  0.00000E+00 0.00000 
    4    4    1    1    1    1    1    1    1    1  0.00000E+00 0.00000 
    5    5    1    1    1    1    1    1    1    1  0.00000E+00 0.00000 
    6    6    1    1    1    1    1    1    1    1  0.00000E+00 0.00000 
    7    7    1    1    1    1    1    1    1    1  0.00000E+00 0.00000 
    8    8    1    1    1    1    1    1    1    1  0.00000E+00 0.00000 
    9    9    1    1    1    1    1    1    1    1  1.20751E+07 1.00000 
   10   10    1    1    1    1    1    1    1    1  4.08787E+07 1.00000 
   11   11    1    1    1    1    1    1    1    1  4.71377E+07 1.00000 
   12   12    1    1    1    1    1    1    1    1  1.34706E+08 0.64488 
   13   13    1    1    1    1    1    1    1    1  1.32135E+09 0.47224 
   14   14    1    1    1    1    1    1    1    1  1.87002E+09 0.40064 
   15   15    1    1    1    1    1    1    1    1  2.36107E+09 0.42846 
   16   16    1    1    1    1    1    1    1    1  8.36913E+08 0.41913 
   17   17    1    1    1    1    1    1    1    1  1.30520E+09 0.32822 
   18   18    1    1    1    1    1    1    1    1  5.04521E+09 0.23577 
   19   19    1    1    1    1    1    1    1    1  6.38997E+09 0.19311 
   20   20    1    1    1    1    1    1    1    1  2.01519E+10 0.12808 
   21   21    1    1    1    1    1    1    1    1  1.42567E+10 0.20004 
   22   22    1    1    1    1    1    1    1    1  2.74242E+10 0.08739 
   23   23    1    1    1    1    1    1    1    1  5.81694E+10 0.07162 
   24   24    1    1    1    1    1    1    1    1  8.30279E+10 0.06449 
   25   25    1    1    1    1    1    1    1    1  1.08514E+11 0.06167 
   26   26    1    1    1    1    1    1    1    1  1.97705E+11 0.04540 
   27   27    1    1    1    1    1    1    1    1  4.03920E+11 0.03156 
   28   28    1    1    1    1    1    1    1    1  9.10442E+11 0.02344 
   29   29    1    1    1    1    1    1    1    1  1.56566E+12 0.01826 
   30   30    1    1    1    1    1    1    1    1  4.30247E+12 0.01312 
   31   31    1    1    1    1    1    1    1    1  1.30021E+13 0.00786 
   32   32    1    1    1    1    1    1    1    1  2.36516E+13 0.00811 
   33   33    1    1    1    1    1    1    1    1  5.63929E+13 0.00300 
   34   34    1    1    1    1    1    1    1    1  7.89304E+13 0.00324 
   35   35    1    1    1    1    1    1    1    1  1.00252E+14 0.00173 
   36   36    1    1    1    1    1    1    1    1  6.74067E+13 0.00172 
   37   37    1    1    1    1    1    1    1    1  2.04592E+13 0.00209 
   38   38    1    1    1    1    1    1    1    1  1.15149E+14 0.00176 
   39   39    1    1    1    1    1    1    1    1  1.54882E+14 0.00141 
   40   40    1    1    1    1    1    1    1    1  2.67551E+14 0.00163 
   41   41    1    1    1    1    1    1    1    1  2.68572E+14 0.00128 
   42   42    1    1    1    1    1    1    1    1  5.75756E+14 0.00108 
   43   43    1    1    1    1    1    1    1    1  6.98878E+14 0.00083 
   44   44    1    1    1    1    1    1    1    1  1.01170E+15 0.00072 
   45   45    1    1    1    1    1    1    1    1  2.02622E+15 0.00076 
   46   46    1    1    1    1    1    1    1    1  9.51342E+14 0.00089 
   47   47    1    1    1    1    1    1    1    1  1.52782E+15 0.00072 
   48   48    1    1    1    1    1    1    1    1  2.14205E+15 0.00072 
   49   49    1    1    1    1    1    1    1    1  2.11411E+15 0.00046 
   50   50    1    1    1    1    1    1    1    1  3.32128E+15 0.00054 
   51   51    1    1    1    1    1    1    1    1  2.64252E+15 0.00055 
   52   52    1    1    1    1    1    1    1    1  3.16460E+15 0.00053 
   53   53    1    1    1    1    1    1    1    1  2.20387E+15 0.00072 
   54   54    1    1    1    1    1    1    1    1  2.71686E+15 0.00063 
   55   55    1    1    1    1    1    1    1    1  1.87242E+15 0.00070 
   56   56    1    1    1    1    1    1    1    1  2.54745E+14 0.00101 
   57   57    1    1    1    1    1    1    1    1  3.72395E+15 0.00059 
   58   58    1    1    1    1    1    1    1    1  1.67258E+15 0.00046 
   59   59    1    1    1    1    1    1    1    1  1.78268E+15 0.00065 
   60   60    1    1    1    1    1    1    1    1  1.39580E+15 0.00058 
   61   61    1    1    1    1    1    1    1    1  1.39848E+15 0.00073 
   62   62    1    1    1    1    1    1    1    1  1.45828E+15 0.00077 
   63   63    1    1    1    1    1    1    1    1  1.23139E+15 0.00106 
   64   64    1    1    1    1    1    1    1    1  9.79781E+14 0.00105 
   65   65    1    1    1    1    1    1    1    1  9.74049E+14 0.00091 
   66   66    1    1    1    1    1    1    1    1  7.05195E+14 0.00112 
   67   67    1    1    1    1    1    1    1    1  5.73763E+14 0.00092 
   68   68    1    1    1    1    1    1    1    1  5.14276E+14 0.00142 
   69   69    1    1    1    1    1    1    1    1  6.17883E+14 0.00117 
   70   70    1    1    1    1    1    1    1    1  5.26969E+14 0.00117 
   71   71    1    1    1    1    1    1    1    1  9.56906E+14 0.00110 
   72   72    1    1    1    1    1    1    1    1  6.77175E+14 0.00073 
   73   73    1    1    1    1    1    1    1    1  5.12267E+14 0.00111 
   74   74    1    1    1    1    1    1    1    1  4.11206E+14 0.00104 
   75   75    1    1    1    1    1    1    1    1  3.42921E+14 0.00122 
   76   76    1    1    1    1    1    1    1    1  3.99674E+14 0.00149 
   77   77    1    1    1    1    1    1    1    1  3.17110E+14 0.00122 
   78   78    1    1    1    1    1    1    1    1  2.52847E+14 0.00153 
   79   79    1    1    1    1    1    1    1    1  2.61356E+14 0.00145 
   80   80    1    1    1    1    1    1    1    1  1.94080E+14 0.00156 
   81   81    1    1    1    1    1    1    1    1  1.49321E+14 0.00224 
   82   82    1    1    1    1    1    1    1    1  1.14587E+14 0.00222 
   83   83    1    1    1    1    1    1    1    1  1.07468E+14 0.00237 
   84   84    1    1    1    1    1    1    1    1  7.72893E+13 0.00248 
   85   85    1    1    1    1    1    1    1    1  5.57650E+13 0.00255 
   86   86    1    1    1    1    1    1    1    1  5.25422E+13 0.00369 
   87   87    1    1    1    1    1    1    1    1  3.22303E+13 0.00428 
   88   88    1    1    1    1    1    1    1    1  2.16572E+13 0.00577 
   89   89    1    1    1    1    1    1    1    1  1.25587E+13 0.00622 
   90   90    1    1    1    1    1    1    1    1  8.17287E+12 0.00879 
   91   91    1    1    1    1    1    1    1    1  4.04848E+12 0.01017 
   92   92    1    1    1    1    1    1    1    1  1.95384E+12 0.01726 
   93   93    1    1    1    1    1    1    1    1  9.38060E+11 0.02548 
   94   94    1    1    1    1    1    1    1    1  4.64054E+11 0.03413 
   95   95    1    1    1    1    1    1    1    1  2.26650E+11 0.04651 
   96   96    1    1    1    1    1    1    1    1  1.02075E+11 0.06204 
   97   97    1    1    1    1    1    1    1    1  4.81334E+10 0.08988 
   98   98    1    1    1    1    1    1    1    1  2.36465E+10 0.17274 
   99   99    1    1    1    1    1    1    1    1  9.98456E+09 0.22362 
  100  100    1    1    1    1    1    1    1    1  6.24231E+09 0.27476 
];


