
DETdpaspec = [
    1    1    1    1    1    1    1    1    1    1  0.00000E+00 0.00000 
    2    2    1    1    1    1    1    1    1    1  0.00000E+00 0.00000 
    3    3    1    1    1    1    1    1    1    1  0.00000E+00 0.00000 
    4    4    1    1    1    1    1    1    1    1  0.00000E+00 0.00000 
    5    5    1    1    1    1    1    1    1    1  1.19073E+07 1.00000 
    6    6    1    1    1    1    1    1    1    1  1.00569E+07 1.00000 
    7    7    1    1    1    1    1    1    1    1  0.00000E+00 0.00000 
    8    8    1    1    1    1    1    1    1    1  0.00000E+00 0.00000 
    9    9    1    1    1    1    1    1    1    1  1.45308E+07 0.69145 
   10   10    1    1    1    1    1    1    1    1  0.00000E+00 0.00000 
   11   11    1    1    1    1    1    1    1    1  1.62130E+08 0.54684 
   12   12    1    1    1    1    1    1    1    1  6.50851E+07 0.69078 
   13   13    1    1    1    1    1    1    1    1  9.86819E+08 0.71792 
   14   14    1    1    1    1    1    1    1    1  2.24912E+09 0.39347 
   15   15    1    1    1    1    1    1    1    1  5.23337E+09 0.42804 
   16   16    1    1    1    1    1    1    1    1  8.02767E+08 0.45761 
   17   17    1    1    1    1    1    1    1    1  3.01913E+09 0.27946 
   18   18    1    1    1    1    1    1    1    1  5.75017E+09 0.29710 
   19   19    1    1    1    1    1    1    1    1  5.34702E+09 0.23500 
   20   20    1    1    1    1    1    1    1    1  2.93148E+10 0.16818 
   21   21    1    1    1    1    1    1    1    1  1.66509E+10 0.20132 
   22   22    1    1    1    1    1    1    1    1  2.99101E+10 0.10370 
   23   23    1    1    1    1    1    1    1    1  5.95481E+10 0.10843 
   24   24    1    1    1    1    1    1    1    1  9.06565E+10 0.05234 
   25   25    1    1    1    1    1    1    1    1  1.14409E+11 0.07875 
   26   26    1    1    1    1    1    1    1    1  1.97143E+11 0.04727 
   27   27    1    1    1    1    1    1    1    1  3.80316E+11 0.04237 
   28   28    1    1    1    1    1    1    1    1  8.61198E+11 0.02823 
   29   29    1    1    1    1    1    1    1    1  1.50152E+12 0.01523 
   30   30    1    1    1    1    1    1    1    1  4.14032E+12 0.00831 
   31   31    1    1    1    1    1    1    1    1  1.25396E+13 0.00717 
   32   32    1    1    1    1    1    1    1    1  2.32423E+13 0.00458 
   33   33    1    1    1    1    1    1    1    1  5.49844E+13 0.00433 
   34   34    1    1    1    1    1    1    1    1  7.66952E+13 0.00350 
   35   35    1    1    1    1    1    1    1    1  9.79555E+13 0.00239 
   36   36    1    1    1    1    1    1    1    1  6.60215E+13 0.00217 
   37   37    1    1    1    1    1    1    1    1  2.00398E+13 0.00189 
   38   38    1    1    1    1    1    1    1    1  1.13302E+14 0.00215 
   39   39    1    1    1    1    1    1    1    1  1.52525E+14 0.00207 
   40   40    1    1    1    1    1    1    1    1  2.63282E+14 0.00145 
   41   41    1    1    1    1    1    1    1    1  2.65016E+14 0.00140 
   42   42    1    1    1    1    1    1    1    1  5.66820E+14 0.00139 
   43   43    1    1    1    1    1    1    1    1  6.87227E+14 0.00114 
   44   44    1    1    1    1    1    1    1    1  9.95824E+14 0.00082 
   45   45    1    1    1    1    1    1    1    1  1.99578E+15 0.00084 
   46   46    1    1    1    1    1    1    1    1  9.38398E+14 0.00082 
   47   47    1    1    1    1    1    1    1    1  1.50730E+15 0.00071 
   48   48    1    1    1    1    1    1    1    1  2.11308E+15 0.00066 
   49   49    1    1    1    1    1    1    1    1  2.08989E+15 0.00077 
   50   50    1    1    1    1    1    1    1    1  3.27738E+15 0.00077 
   51   51    1    1    1    1    1    1    1    1  2.61000E+15 0.00068 
   52   52    1    1    1    1    1    1    1    1  3.12243E+15 0.00058 
   53   53    1    1    1    1    1    1    1    1  2.17355E+15 0.00079 
   54   54    1    1    1    1    1    1    1    1  2.67895E+15 0.00064 
   55   55    1    1    1    1    1    1    1    1  1.84863E+15 0.00070 
   56   56    1    1    1    1    1    1    1    1  2.51198E+14 0.00098 
   57   57    1    1    1    1    1    1    1    1  3.67519E+15 0.00058 
   58   58    1    1    1    1    1    1    1    1  1.65114E+15 0.00061 
   59   59    1    1    1    1    1    1    1    1  1.75728E+15 0.00075 
   60   60    1    1    1    1    1    1    1    1  1.37640E+15 0.00081 
   61   61    1    1    1    1    1    1    1    1  1.38077E+15 0.00086 
   62   62    1    1    1    1    1    1    1    1  1.43776E+15 0.00103 
   63   63    1    1    1    1    1    1    1    1  1.21146E+15 0.00116 
   64   64    1    1    1    1    1    1    1    1  9.66224E+14 0.00105 
   65   65    1    1    1    1    1    1    1    1  9.60660E+14 0.00083 
   66   66    1    1    1    1    1    1    1    1  6.95142E+14 0.00098 
   67   67    1    1    1    1    1    1    1    1  5.65926E+14 0.00082 
   68   68    1    1    1    1    1    1    1    1  5.08047E+14 0.00148 
   69   69    1    1    1    1    1    1    1    1  6.09857E+14 0.00134 
   70   70    1    1    1    1    1    1    1    1  5.19783E+14 0.00121 
   71   71    1    1    1    1    1    1    1    1  9.42411E+14 0.00112 
   72   72    1    1    1    1    1    1    1    1  6.69541E+14 0.00102 
   73   73    1    1    1    1    1    1    1    1  5.04366E+14 0.00119 
   74   74    1    1    1    1    1    1    1    1  4.07179E+14 0.00126 
   75   75    1    1    1    1    1    1    1    1  3.38879E+14 0.00216 
   76   76    1    1    1    1    1    1    1    1  3.93420E+14 0.00179 
   77   77    1    1    1    1    1    1    1    1  3.12006E+14 0.00105 
   78   78    1    1    1    1    1    1    1    1  2.48936E+14 0.00167 
   79   79    1    1    1    1    1    1    1    1  2.56800E+14 0.00135 
   80   80    1    1    1    1    1    1    1    1  1.90241E+14 0.00196 
   81   81    1    1    1    1    1    1    1    1  1.47023E+14 0.00208 
   82   82    1    1    1    1    1    1    1    1  1.12739E+14 0.00256 
   83   83    1    1    1    1    1    1    1    1  1.05873E+14 0.00271 
   84   84    1    1    1    1    1    1    1    1  7.57359E+13 0.00247 
   85   85    1    1    1    1    1    1    1    1  5.44784E+13 0.00280 
   86   86    1    1    1    1    1    1    1    1  5.12675E+13 0.00253 
   87   87    1    1    1    1    1    1    1    1  3.15655E+13 0.00416 
   88   88    1    1    1    1    1    1    1    1  2.12300E+13 0.00655 
   89   89    1    1    1    1    1    1    1    1  1.21484E+13 0.00810 
   90   90    1    1    1    1    1    1    1    1  7.99364E+12 0.00989 
   91   91    1    1    1    1    1    1    1    1  4.00700E+12 0.01273 
   92   92    1    1    1    1    1    1    1    1  1.96114E+12 0.01482 
   93   93    1    1    1    1    1    1    1    1  9.46922E+11 0.02621 
   94   94    1    1    1    1    1    1    1    1  4.80673E+11 0.02586 
   95   95    1    1    1    1    1    1    1    1  2.16278E+11 0.05619 
   96   96    1    1    1    1    1    1    1    1  1.10670E+11 0.07079 
   97   97    1    1    1    1    1    1    1    1  4.93215E+10 0.10505 
   98   98    1    1    1    1    1    1    1    1  2.29799E+10 0.11397 
   99   99    1    1    1    1    1    1    1    1  8.95229E+09 0.21615 
  100  100    1    1    1    1    1    1    1    1  7.54585E+09 0.28552 
];


