
DETdpaspec = [
    1    1    1    1    1    1    1    1    1    1  0.00000E+00 0.00000 
    2    2    1    1    1    1    1    1    1    1  0.00000E+00 0.00000 
    3    3    1    1    1    1    1    1    1    1  0.00000E+00 0.00000 
    4    4    1    1    1    1    1    1    1    1  0.00000E+00 0.00000 
    5    5    1    1    1    1    1    1    1    1  0.00000E+00 0.00000 
    6    6    1    1    1    1    1    1    1    1  0.00000E+00 0.00000 
    7    7    1    1    1    1    1    1    1    1  0.00000E+00 0.00000 
    8    8    1    1    1    1    1    1    1    1  0.00000E+00 0.00000 
    9    9    1    1    1    1    1    1    1    1  0.00000E+00 0.00000 
   10   10    1    1    1    1    1    1    1    1  8.68907E+07 0.68826 
   11   11    1    1    1    1    1    1    1    1  5.00282E+07 1.00000 
   12   12    1    1    1    1    1    1    1    1  1.28112E+08 0.51587 
   13   13    1    1    1    1    1    1    1    1  4.78196E+08 0.51386 
   14   14    1    1    1    1    1    1    1    1  1.11203E+09 0.40100 
   15   15    1    1    1    1    1    1    1    1  2.47592E+09 0.32064 
   16   16    1    1    1    1    1    1    1    1  7.62856E+08 0.49998 
   17   17    1    1    1    1    1    1    1    1  2.71791E+09 0.17180 
   18   18    1    1    1    1    1    1    1    1  4.71163E+09 0.24351 
   19   19    1    1    1    1    1    1    1    1  5.72559E+09 0.24605 
   20   20    1    1    1    1    1    1    1    1  2.18466E+10 0.12150 
   21   21    1    1    1    1    1    1    1    1  1.27090E+10 0.13128 
   22   22    1    1    1    1    1    1    1    1  4.00235E+10 0.08329 
   23   23    1    1    1    1    1    1    1    1  6.49680E+10 0.06786 
   24   24    1    1    1    1    1    1    1    1  9.66081E+10 0.06981 
   25   25    1    1    1    1    1    1    1    1  1.12134E+11 0.05159 
   26   26    1    1    1    1    1    1    1    1  1.88444E+11 0.04501 
   27   27    1    1    1    1    1    1    1    1  3.15254E+11 0.03370 
   28   28    1    1    1    1    1    1    1    1  6.86851E+11 0.02512 
   29   29    1    1    1    1    1    1    1    1  1.05869E+12 0.02382 
   30   30    1    1    1    1    1    1    1    1  3.18030E+12 0.01375 
   31   31    1    1    1    1    1    1    1    1  9.98026E+12 0.00622 
   32   32    1    1    1    1    1    1    1    1  1.85079E+13 0.00650 
   33   33    1    1    1    1    1    1    1    1  4.28929E+13 0.00361 
   34   34    1    1    1    1    1    1    1    1  5.90741E+13 0.00398 
   35   35    1    1    1    1    1    1    1    1  8.10785E+13 0.00259 
   36   36    1    1    1    1    1    1    1    1  5.62404E+13 0.00216 
   37   37    1    1    1    1    1    1    1    1  1.74826E+13 0.00241 
   38   38    1    1    1    1    1    1    1    1  9.66998E+13 0.00200 
   39   39    1    1    1    1    1    1    1    1  1.30329E+14 0.00165 
   40   40    1    1    1    1    1    1    1    1  2.23324E+14 0.00140 
   41   41    1    1    1    1    1    1    1    1  2.28897E+14 0.00179 
   42   42    1    1    1    1    1    1    1    1  4.82682E+14 0.00111 
   43   43    1    1    1    1    1    1    1    1  5.82976E+14 0.00082 
   44   44    1    1    1    1    1    1    1    1  8.42670E+14 0.00096 
   45   45    1    1    1    1    1    1    1    1  1.66659E+15 0.00084 
   46   46    1    1    1    1    1    1    1    1  7.90557E+14 0.00072 
   47   47    1    1    1    1    1    1    1    1  1.27523E+15 0.00059 
   48   48    1    1    1    1    1    1    1    1  1.78579E+15 0.00063 
   49   49    1    1    1    1    1    1    1    1  1.76900E+15 0.00063 
   50   50    1    1    1    1    1    1    1    1  2.74715E+15 0.00053 
   51   51    1    1    1    1    1    1    1    1  2.20994E+15 0.00076 
   52   52    1    1    1    1    1    1    1    1  2.60695E+15 0.00077 
   53   53    1    1    1    1    1    1    1    1  1.82042E+15 0.00091 
   54   54    1    1    1    1    1    1    1    1  2.21132E+15 0.00098 
   55   55    1    1    1    1    1    1    1    1  1.52883E+15 0.00083 
   56   56    1    1    1    1    1    1    1    1  2.08789E+14 0.00124 
   57   57    1    1    1    1    1    1    1    1  3.04171E+15 0.00084 
   58   58    1    1    1    1    1    1    1    1  1.34100E+15 0.00102 
   59   59    1    1    1    1    1    1    1    1  1.43513E+15 0.00088 
   60   60    1    1    1    1    1    1    1    1  1.10753E+15 0.00086 
   61   61    1    1    1    1    1    1    1    1  1.11291E+15 0.00067 
   62   62    1    1    1    1    1    1    1    1  1.15570E+15 0.00093 
   63   63    1    1    1    1    1    1    1    1  9.72037E+14 0.00102 
   64   64    1    1    1    1    1    1    1    1  7.74046E+14 0.00147 
   65   65    1    1    1    1    1    1    1    1  7.67667E+14 0.00121 
   66   66    1    1    1    1    1    1    1    1  5.55724E+14 0.00141 
   67   67    1    1    1    1    1    1    1    1  4.55251E+14 0.00167 
   68   68    1    1    1    1    1    1    1    1  4.08070E+14 0.00177 
   69   69    1    1    1    1    1    1    1    1  4.90506E+14 0.00141 
   70   70    1    1    1    1    1    1    1    1  4.18264E+14 0.00134 
   71   71    1    1    1    1    1    1    1    1  7.67854E+14 0.00127 
   72   72    1    1    1    1    1    1    1    1  5.44814E+14 0.00105 
   73   73    1    1    1    1    1    1    1    1  4.10488E+14 0.00121 
   74   74    1    1    1    1    1    1    1    1  3.27778E+14 0.00230 
   75   75    1    1    1    1    1    1    1    1  2.70848E+14 0.00163 
   76   76    1    1    1    1    1    1    1    1  3.11173E+14 0.00166 
   77   77    1    1    1    1    1    1    1    1  2.44079E+14 0.00157 
   78   78    1    1    1    1    1    1    1    1  1.93047E+14 0.00157 
   79   79    1    1    1    1    1    1    1    1  1.98037E+14 0.00156 
   80   80    1    1    1    1    1    1    1    1  1.46650E+14 0.00243 
   81   81    1    1    1    1    1    1    1    1  1.12886E+14 0.00278 
   82   82    1    1    1    1    1    1    1    1  8.66606E+13 0.00241 
   83   83    1    1    1    1    1    1    1    1  8.12538E+13 0.00292 
   84   84    1    1    1    1    1    1    1    1  5.80006E+13 0.00350 
   85   85    1    1    1    1    1    1    1    1  4.19816E+13 0.00345 
   86   86    1    1    1    1    1    1    1    1  3.93338E+13 0.00337 
   87   87    1    1    1    1    1    1    1    1  2.42760E+13 0.00460 
   88   88    1    1    1    1    1    1    1    1  1.62385E+13 0.00614 
   89   89    1    1    1    1    1    1    1    1  9.31922E+12 0.00844 
   90   90    1    1    1    1    1    1    1    1  6.33505E+12 0.01049 
   91   91    1    1    1    1    1    1    1    1  3.13261E+12 0.01658 
   92   92    1    1    1    1    1    1    1    1  1.57051E+12 0.02219 
   93   93    1    1    1    1    1    1    1    1  7.44567E+11 0.01929 
   94   94    1    1    1    1    1    1    1    1  3.60687E+11 0.04475 
   95   95    1    1    1    1    1    1    1    1  1.65896E+11 0.06023 
   96   96    1    1    1    1    1    1    1    1  7.77056E+10 0.09378 
   97   97    1    1    1    1    1    1    1    1  3.61052E+10 0.12407 
   98   98    1    1    1    1    1    1    1    1  1.68363E+10 0.19139 
   99   99    1    1    1    1    1    1    1    1  8.57807E+09 0.21136 
  100  100    1    1    1    1    1    1    1    1  9.59452E+09 0.25086 
];


