
DETdpaspec = [
    1    1    1    1    1    1    1    1    1    1  0.00000E+00 0.00000 
    2    2    1    1    1    1    1    1    1    1  0.00000E+00 0.00000 
    3    3    1    1    1    1    1    1    1    1  0.00000E+00 0.00000 
    4    4    1    1    1    1    1    1    1    1  0.00000E+00 0.00000 
    5    5    1    1    1    1    1    1    1    1  0.00000E+00 0.00000 
    6    6    1    1    1    1    1    1    1    1  0.00000E+00 0.00000 
    7    7    1    1    1    1    1    1    1    1  0.00000E+00 0.00000 
    8    8    1    1    1    1    1    1    1    1  0.00000E+00 0.00000 
    9    9    1    1    1    1    1    1    1    1  0.00000E+00 0.00000 
   10   10    1    1    1    1    1    1    1    1  0.00000E+00 0.00000 
   11   11    1    1    1    1    1    1    1    1  2.05197E+08 1.00000 
   12   12    1    1    1    1    1    1    1    1  0.00000E+00 0.00000 
   13   13    1    1    1    1    1    1    1    1  2.82069E+08 0.72157 
   14   14    1    1    1    1    1    1    1    1  4.14330E+09 0.57618 
   15   15    1    1    1    1    1    1    1    1  1.62679E+09 0.40048 
   16   16    1    1    1    1    1    1    1    1  7.16592E+08 0.55480 
   17   17    1    1    1    1    1    1    1    1  1.77870E+09 0.29846 
   18   18    1    1    1    1    1    1    1    1  4.13169E+09 0.39708 
   19   19    1    1    1    1    1    1    1    1  6.61804E+09 0.28410 
   20   20    1    1    1    1    1    1    1    1  1.34708E+10 0.25908 
   21   21    1    1    1    1    1    1    1    1  1.37680E+10 0.23066 
   22   22    1    1    1    1    1    1    1    1  2.29587E+10 0.10902 
   23   23    1    1    1    1    1    1    1    1  5.35234E+10 0.11606 
   24   24    1    1    1    1    1    1    1    1  1.05421E+11 0.09463 
   25   25    1    1    1    1    1    1    1    1  1.53416E+11 0.05996 
   26   26    1    1    1    1    1    1    1    1  3.07944E+11 0.03891 
   27   27    1    1    1    1    1    1    1    1  7.45098E+11 0.02160 
   28   28    1    1    1    1    1    1    1    1  1.91502E+12 0.01644 
   29   29    1    1    1    1    1    1    1    1  3.45398E+12 0.01093 
   30   30    1    1    1    1    1    1    1    1  8.32258E+12 0.00822 
   31   31    1    1    1    1    1    1    1    1  2.24535E+13 0.00774 
   32   32    1    1    1    1    1    1    1    1  3.77418E+13 0.00484 
   33   33    1    1    1    1    1    1    1    1  8.50616E+13 0.00246 
   34   34    1    1    1    1    1    1    1    1  1.14970E+14 0.00226 
   35   35    1    1    1    1    1    1    1    1  1.32567E+14 0.00188 
   36   36    1    1    1    1    1    1    1    1  8.46003E+13 0.00155 
   37   37    1    1    1    1    1    1    1    1  2.52069E+13 0.00198 
   38   38    1    1    1    1    1    1    1    1  1.43491E+14 0.00134 
   39   39    1    1    1    1    1    1    1    1  1.92166E+14 0.00144 
   40   40    1    1    1    1    1    1    1    1  3.30183E+14 0.00134 
   41   41    1    1    1    1    1    1    1    1  3.23337E+14 0.00134 
   42   42    1    1    1    1    1    1    1    1  6.94288E+14 0.00145 
   43   43    1    1    1    1    1    1    1    1  8.37421E+14 0.00087 
   44   44    1    1    1    1    1    1    1    1  1.19964E+15 0.00073 
   45   45    1    1    1    1    1    1    1    1  2.38951E+15 0.00072 
   46   46    1    1    1    1    1    1    1    1  1.09939E+15 0.00068 
   47   47    1    1    1    1    1    1    1    1  1.75006E+15 0.00056 
   48   48    1    1    1    1    1    1    1    1  2.42881E+15 0.00067 
   49   49    1    1    1    1    1    1    1    1  2.37763E+15 0.00049 
   50   50    1    1    1    1    1    1    1    1  3.74012E+15 0.00047 
   51   51    1    1    1    1    1    1    1    1  2.92337E+15 0.00056 
   52   52    1    1    1    1    1    1    1    1  3.51916E+15 0.00063 
   53   53    1    1    1    1    1    1    1    1  2.43132E+15 0.00062 
   54   54    1    1    1    1    1    1    1    1  3.01774E+15 0.00063 
   55   55    1    1    1    1    1    1    1    1  2.07139E+15 0.00054 
   56   56    1    1    1    1    1    1    1    1  2.80169E+14 0.00079 
   57   57    1    1    1    1    1    1    1    1  4.10252E+15 0.00054 
   58   58    1    1    1    1    1    1    1    1  1.86404E+15 0.00081 
   59   59    1    1    1    1    1    1    1    1  1.96874E+15 0.00059 
   60   60    1    1    1    1    1    1    1    1  1.55420E+15 0.00056 
   61   61    1    1    1    1    1    1    1    1  1.55326E+15 0.00073 
   62   62    1    1    1    1    1    1    1    1  1.61819E+15 0.00092 
   63   63    1    1    1    1    1    1    1    1  1.36532E+15 0.00073 
   64   64    1    1    1    1    1    1    1    1  1.08486E+15 0.00104 
   65   65    1    1    1    1    1    1    1    1  1.07791E+15 0.00086 
   66   66    1    1    1    1    1    1    1    1  7.79697E+14 0.00096 
   67   67    1    1    1    1    1    1    1    1  6.31353E+14 0.00101 
   68   68    1    1    1    1    1    1    1    1  5.64640E+14 0.00115 
   69   69    1    1    1    1    1    1    1    1  6.76763E+14 0.00106 
   70   70    1    1    1    1    1    1    1    1  5.74466E+14 0.00118 
   71   71    1    1    1    1    1    1    1    1  1.03215E+15 0.00093 
   72   72    1    1    1    1    1    1    1    1  7.27622E+14 0.00117 
   73   73    1    1    1    1    1    1    1    1  5.48047E+14 0.00107 
   74   74    1    1    1    1    1    1    1    1  4.45796E+14 0.00110 
   75   75    1    1    1    1    1    1    1    1  3.73704E+14 0.00138 
   76   76    1    1    1    1    1    1    1    1  4.36117E+14 0.00102 
   77   77    1    1    1    1    1    1    1    1  3.48477E+14 0.00113 
   78   78    1    1    1    1    1    1    1    1  2.79654E+14 0.00167 
   79   79    1    1    1    1    1    1    1    1  2.90736E+14 0.00149 
   80   80    1    1    1    1    1    1    1    1  2.16319E+14 0.00158 
   81   81    1    1    1    1    1    1    1    1  1.67030E+14 0.00169 
   82   82    1    1    1    1    1    1    1    1  1.28427E+14 0.00225 
   83   83    1    1    1    1    1    1    1    1  1.20055E+14 0.00206 
   84   84    1    1    1    1    1    1    1    1  8.65603E+13 0.00226 
   85   85    1    1    1    1    1    1    1    1  6.22028E+13 0.00271 
   86   86    1    1    1    1    1    1    1    1  5.83260E+13 0.00297 
   87   87    1    1    1    1    1    1    1    1  3.53967E+13 0.00267 
   88   88    1    1    1    1    1    1    1    1  2.40224E+13 0.00477 
   89   89    1    1    1    1    1    1    1    1  1.36782E+13 0.00586 
   90   90    1    1    1    1    1    1    1    1  9.14069E+12 0.00637 
   91   91    1    1    1    1    1    1    1    1  4.57237E+12 0.01080 
   92   92    1    1    1    1    1    1    1    1  2.20781E+12 0.01361 
   93   93    1    1    1    1    1    1    1    1  1.08233E+12 0.02490 
   94   94    1    1    1    1    1    1    1    1  5.07337E+11 0.02473 
   95   95    1    1    1    1    1    1    1    1  2.47553E+11 0.04910 
   96   96    1    1    1    1    1    1    1    1  1.27012E+11 0.07655 
   97   97    1    1    1    1    1    1    1    1  5.89187E+10 0.08179 
   98   98    1    1    1    1    1    1    1    1  3.01889E+10 0.12548 
   99   99    1    1    1    1    1    1    1    1  9.72391E+09 0.22256 
  100  100    1    1    1    1    1    1    1    1  1.23967E+10 0.16988 
];


