
DETdpaspec = [
    1    1    1    1    1    1    1    1    1    1  0.00000E+00 0.00000 
    2    2    1    1    1    1    1    1    1    1  0.00000E+00 0.00000 
    3    3    1    1    1    1    1    1    1    1  0.00000E+00 0.00000 
    4    4    1    1    1    1    1    1    1    1  0.00000E+00 0.00000 
    5    5    1    1    1    1    1    1    1    1  0.00000E+00 0.00000 
    6    6    1    1    1    1    1    1    1    1  0.00000E+00 0.00000 
    7    7    1    1    1    1    1    1    1    1  0.00000E+00 0.00000 
    8    8    1    1    1    1    1    1    1    1  2.65859E+07 0.69280 
    9    9    1    1    1    1    1    1    1    1  0.00000E+00 0.00000 
   10   10    1    1    1    1    1    1    1    1  2.38095E+08 0.80428 
   11   11    1    1    1    1    1    1    1    1  5.90424E+07 1.00000 
   12   12    1    1    1    1    1    1    1    1  8.24638E+07 0.67405 
   13   13    1    1    1    1    1    1    1    1  1.26110E+09 0.56513 
   14   14    1    1    1    1    1    1    1    1  1.28691E+09 0.46182 
   15   15    1    1    1    1    1    1    1    1  1.09981E+09 0.51732 
   16   16    1    1    1    1    1    1    1    1  2.85545E+08 0.66505 
   17   17    1    1    1    1    1    1    1    1  3.25771E+09 0.26934 
   18   18    1    1    1    1    1    1    1    1  5.41242E+09 0.24880 
   19   19    1    1    1    1    1    1    1    1  5.23875E+09 0.21548 
   20   20    1    1    1    1    1    1    1    1  1.86925E+10 0.19958 
   21   21    1    1    1    1    1    1    1    1  1.53970E+10 0.16940 
   22   22    1    1    1    1    1    1    1    1  2.69208E+10 0.09256 
   23   23    1    1    1    1    1    1    1    1  5.32872E+10 0.10323 
   24   24    1    1    1    1    1    1    1    1  8.97294E+10 0.06226 
   25   25    1    1    1    1    1    1    1    1  1.18073E+11 0.07138 
   26   26    1    1    1    1    1    1    1    1  2.20962E+11 0.05969 
   27   27    1    1    1    1    1    1    1    1  4.23617E+11 0.03681 
   28   28    1    1    1    1    1    1    1    1  1.02581E+12 0.02120 
   29   29    1    1    1    1    1    1    1    1  1.85199E+12 0.01869 
   30   30    1    1    1    1    1    1    1    1  4.95628E+12 0.01105 
   31   31    1    1    1    1    1    1    1    1  1.48145E+13 0.00549 
   32   32    1    1    1    1    1    1    1    1  2.66340E+13 0.00527 
   33   33    1    1    1    1    1    1    1    1  6.24996E+13 0.00340 
   34   34    1    1    1    1    1    1    1    1  8.67715E+13 0.00241 
   35   35    1    1    1    1    1    1    1    1  1.07584E+14 0.00242 
   36   36    1    1    1    1    1    1    1    1  7.15528E+13 0.00222 
   37   37    1    1    1    1    1    1    1    1  2.15901E+13 0.00181 
   38   38    1    1    1    1    1    1    1    1  1.22011E+14 0.00191 
   39   39    1    1    1    1    1    1    1    1  1.64096E+14 0.00188 
   40   40    1    1    1    1    1    1    1    1  2.83934E+14 0.00144 
   41   41    1    1    1    1    1    1    1    1  2.82696E+14 0.00148 
   42   42    1    1    1    1    1    1    1    1  6.07985E+14 0.00099 
   43   43    1    1    1    1    1    1    1    1  7.35941E+14 0.00105 
   44   44    1    1    1    1    1    1    1    1  1.06432E+15 0.00065 
   45   45    1    1    1    1    1    1    1    1  2.13017E+15 0.00062 
   46   46    1    1    1    1    1    1    1    1  9.93974E+14 0.00088 
   47   47    1    1    1    1    1    1    1    1  1.59220E+15 0.00068 
   48   48    1    1    1    1    1    1    1    1  2.22896E+15 0.00067 
   49   49    1    1    1    1    1    1    1    1  2.19739E+15 0.00066 
   50   50    1    1    1    1    1    1    1    1  3.45807E+15 0.00067 
   51   51    1    1    1    1    1    1    1    1  2.73993E+15 0.00047 
   52   52    1    1    1    1    1    1    1    1  3.28976E+15 0.00051 
   53   53    1    1    1    1    1    1    1    1  2.28568E+15 0.00077 
   54   54    1    1    1    1    1    1    1    1  2.82778E+15 0.00051 
   55   55    1    1    1    1    1    1    1    1  1.94573E+15 0.00052 
   56   56    1    1    1    1    1    1    1    1  2.64198E+14 0.00124 
   57   57    1    1    1    1    1    1    1    1  3.86710E+15 0.00061 
   58   58    1    1    1    1    1    1    1    1  1.74495E+15 0.00077 
   59   59    1    1    1    1    1    1    1    1  1.85356E+15 0.00082 
   60   60    1    1    1    1    1    1    1    1  1.45758E+15 0.00077 
   61   61    1    1    1    1    1    1    1    1  1.45941E+15 0.00092 
   62   62    1    1    1    1    1    1    1    1  1.52149E+15 0.00080 
   63   63    1    1    1    1    1    1    1    1  1.28423E+15 0.00078 
   64   64    1    1    1    1    1    1    1    1  1.02183E+15 0.00078 
   65   65    1    1    1    1    1    1    1    1  1.01633E+15 0.00086 
   66   66    1    1    1    1    1    1    1    1  7.36194E+14 0.00094 
   67   67    1    1    1    1    1    1    1    1  5.98353E+14 0.00101 
   68   68    1    1    1    1    1    1    1    1  5.36034E+14 0.00110 
   69   69    1    1    1    1    1    1    1    1  6.43843E+14 0.00107 
   70   70    1    1    1    1    1    1    1    1  5.48043E+14 0.00085 
   71   71    1    1    1    1    1    1    1    1  9.92658E+14 0.00114 
   72   72    1    1    1    1    1    1    1    1  7.01362E+14 0.00104 
   73   73    1    1    1    1    1    1    1    1  5.29316E+14 0.00120 
   74   74    1    1    1    1    1    1    1    1  4.28023E+14 0.00121 
   75   75    1    1    1    1    1    1    1    1  3.57395E+14 0.00144 
   76   76    1    1    1    1    1    1    1    1  4.16159E+14 0.00115 
   77   77    1    1    1    1    1    1    1    1  3.31451E+14 0.00125 
   78   78    1    1    1    1    1    1    1    1  2.64598E+14 0.00176 
   79   79    1    1    1    1    1    1    1    1  2.73605E+14 0.00137 
   80   80    1    1    1    1    1    1    1    1  2.03709E+14 0.00147 
   81   81    1    1    1    1    1    1    1    1  1.57584E+14 0.00213 
   82   82    1    1    1    1    1    1    1    1  1.20841E+14 0.00205 
   83   83    1    1    1    1    1    1    1    1  1.13057E+14 0.00251 
   84   84    1    1    1    1    1    1    1    1  8.07567E+13 0.00284 
   85   85    1    1    1    1    1    1    1    1  5.86404E+13 0.00335 
   86   86    1    1    1    1    1    1    1    1  5.49231E+13 0.00321 
   87   87    1    1    1    1    1    1    1    1  3.36001E+13 0.00375 
   88   88    1    1    1    1    1    1    1    1  2.26304E+13 0.00361 
   89   89    1    1    1    1    1    1    1    1  1.30204E+13 0.00648 
   90   90    1    1    1    1    1    1    1    1  8.46829E+12 0.00830 
   91   91    1    1    1    1    1    1    1    1  4.26717E+12 0.00824 
   92   92    1    1    1    1    1    1    1    1  2.09278E+12 0.02049 
   93   93    1    1    1    1    1    1    1    1  9.60526E+11 0.02441 
   94   94    1    1    1    1    1    1    1    1  4.88914E+11 0.02491 
   95   95    1    1    1    1    1    1    1    1  2.41283E+11 0.04365 
   96   96    1    1    1    1    1    1    1    1  1.17037E+11 0.07694 
   97   97    1    1    1    1    1    1    1    1  5.91372E+10 0.09172 
   98   98    1    1    1    1    1    1    1    1  3.44574E+10 0.10495 
   99   99    1    1    1    1    1    1    1    1  1.09523E+10 0.31771 
  100  100    1    1    1    1    1    1    1    1  1.06897E+10 0.19055 
];


