
DETdpaspec = [
    1    1    1    1    1    1    1    1    1    1  0.00000E+00 0.00000 
    2    2    1    1    1    1    1    1    1    1  0.00000E+00 0.00000 
    3    3    1    1    1    1    1    1    1    1  0.00000E+00 0.00000 
    4    4    1    1    1    1    1    1    1    1  0.00000E+00 0.00000 
    5    5    1    1    1    1    1    1    1    1  0.00000E+00 0.00000 
    6    6    1    1    1    1    1    1    1    1  0.00000E+00 0.00000 
    7    7    1    1    1    1    1    1    1    1  0.00000E+00 0.00000 
    8    8    1    1    1    1    1    1    1    1  0.00000E+00 0.00000 
    9    9    1    1    1    1    1    1    1    1  7.22747E+06 1.00000 
   10   10    1    1    1    1    1    1    1    1  0.00000E+00 0.00000 
   11   11    1    1    1    1    1    1    1    1  1.23680E+08 0.68827 
   12   12    1    1    1    1    1    1    1    1  7.43931E+07 0.57670 
   13   13    1    1    1    1    1    1    1    1  2.99407E+09 0.52007 
   14   14    1    1    1    1    1    1    1    1  3.59316E+09 0.52513 
   15   15    1    1    1    1    1    1    1    1  4.70775E+09 0.39697 
   16   16    1    1    1    1    1    1    1    1  2.15348E+09 0.39339 
   17   17    1    1    1    1    1    1    1    1  2.98606E+09 0.25976 
   18   18    1    1    1    1    1    1    1    1  5.50345E+09 0.29038 
   19   19    1    1    1    1    1    1    1    1  5.77348E+09 0.23643 
   20   20    1    1    1    1    1    1    1    1  1.97044E+10 0.11439 
   21   21    1    1    1    1    1    1    1    1  1.24983E+10 0.12122 
   22   22    1    1    1    1    1    1    1    1  3.54468E+10 0.11655 
   23   23    1    1    1    1    1    1    1    1  5.37103E+10 0.07306 
   24   24    1    1    1    1    1    1    1    1  9.59547E+10 0.05996 
   25   25    1    1    1    1    1    1    1    1  1.15071E+11 0.08535 
   26   26    1    1    1    1    1    1    1    1  1.96377E+11 0.05394 
   27   27    1    1    1    1    1    1    1    1  3.89138E+11 0.04387 
   28   28    1    1    1    1    1    1    1    1  9.42509E+11 0.01815 
   29   29    1    1    1    1    1    1    1    1  1.64763E+12 0.01294 
   30   30    1    1    1    1    1    1    1    1  4.41626E+12 0.00804 
   31   31    1    1    1    1    1    1    1    1  1.35347E+13 0.00998 
   32   32    1    1    1    1    1    1    1    1  2.47533E+13 0.00615 
   33   33    1    1    1    1    1    1    1    1  5.86420E+13 0.00255 
   34   34    1    1    1    1    1    1    1    1  8.22035E+13 0.00186 
   35   35    1    1    1    1    1    1    1    1  1.03075E+14 0.00176 
   36   36    1    1    1    1    1    1    1    1  6.87597E+13 0.00237 
   37   37    1    1    1    1    1    1    1    1  2.08687E+13 0.00162 
   38   38    1    1    1    1    1    1    1    1  1.17849E+14 0.00163 
   39   39    1    1    1    1    1    1    1    1  1.58711E+14 0.00205 
   40   40    1    1    1    1    1    1    1    1  2.73663E+14 0.00165 
   41   41    1    1    1    1    1    1    1    1  2.74386E+14 0.00144 
   42   42    1    1    1    1    1    1    1    1  5.87692E+14 0.00134 
   43   43    1    1    1    1    1    1    1    1  7.12131E+14 0.00145 
   44   44    1    1    1    1    1    1    1    1  1.03042E+15 0.00092 
   45   45    1    1    1    1    1    1    1    1  2.06677E+15 0.00072 
   46   46    1    1    1    1    1    1    1    1  9.69292E+14 0.00089 
   47   47    1    1    1    1    1    1    1    1  1.55375E+15 0.00088 
   48   48    1    1    1    1    1    1    1    1  2.17555E+15 0.00076 
   49   49    1    1    1    1    1    1    1    1  2.14616E+15 0.00070 
   50   50    1    1    1    1    1    1    1    1  3.37604E+15 0.00055 
   51   51    1    1    1    1    1    1    1    1  2.67909E+15 0.00060 
   52   52    1    1    1    1    1    1    1    1  3.21104E+15 0.00067 
   53   53    1    1    1    1    1    1    1    1  2.23523E+15 0.00082 
   54   54    1    1    1    1    1    1    1    1  2.75675E+15 0.00063 
   55   55    1    1    1    1    1    1    1    1  1.89971E+15 0.00082 
   56   56    1    1    1    1    1    1    1    1  2.58135E+14 0.00096 
   57   57    1    1    1    1    1    1    1    1  3.78046E+15 0.00075 
   58   58    1    1    1    1    1    1    1    1  1.70151E+15 0.00071 
   59   59    1    1    1    1    1    1    1    1  1.80956E+15 0.00073 
   60   60    1    1    1    1    1    1    1    1  1.41824E+15 0.00076 
   61   61    1    1    1    1    1    1    1    1  1.41984E+15 0.00086 
   62   62    1    1    1    1    1    1    1    1  1.48147E+15 0.00077 
   63   63    1    1    1    1    1    1    1    1  1.25000E+15 0.00089 
   64   64    1    1    1    1    1    1    1    1  9.96940E+14 0.00075 
   65   65    1    1    1    1    1    1    1    1  9.90470E+14 0.00112 
   66   66    1    1    1    1    1    1    1    1  7.17227E+14 0.00107 
   67   67    1    1    1    1    1    1    1    1  5.83884E+14 0.00095 
   68   68    1    1    1    1    1    1    1    1  5.23395E+14 0.00111 
   69   69    1    1    1    1    1    1    1    1  6.28360E+14 0.00088 
   70   70    1    1    1    1    1    1    1    1  5.34944E+14 0.00121 
   71   71    1    1    1    1    1    1    1    1  9.69458E+14 0.00112 
   72   72    1    1    1    1    1    1    1    1  6.86639E+14 0.00126 
   73   73    1    1    1    1    1    1    1    1  5.18281E+14 0.00094 
   74   74    1    1    1    1    1    1    1    1  4.17881E+14 0.00132 
   75   75    1    1    1    1    1    1    1    1  3.49691E+14 0.00143 
   76   76    1    1    1    1    1    1    1    1  4.06687E+14 0.00137 
   77   77    1    1    1    1    1    1    1    1  3.22401E+14 0.00103 
   78   78    1    1    1    1    1    1    1    1  2.57217E+14 0.00172 
   79   79    1    1    1    1    1    1    1    1  2.66346E+14 0.00172 
   80   80    1    1    1    1    1    1    1    1  1.97646E+14 0.00180 
   81   81    1    1    1    1    1    1    1    1  1.52418E+14 0.00211 
   82   82    1    1    1    1    1    1    1    1  1.17012E+14 0.00254 
   83   83    1    1    1    1    1    1    1    1  1.09919E+14 0.00215 
   84   84    1    1    1    1    1    1    1    1  7.88443E+13 0.00265 
   85   85    1    1    1    1    1    1    1    1  5.70732E+13 0.00339 
   86   86    1    1    1    1    1    1    1    1  5.32576E+13 0.00246 
   87   87    1    1    1    1    1    1    1    1  3.26381E+13 0.00420 
   88   88    1    1    1    1    1    1    1    1  2.20380E+13 0.00448 
   89   89    1    1    1    1    1    1    1    1  1.26204E+13 0.00676 
   90   90    1    1    1    1    1    1    1    1  8.36048E+12 0.00688 
   91   91    1    1    1    1    1    1    1    1  4.28644E+12 0.01043 
   92   92    1    1    1    1    1    1    1    1  2.03249E+12 0.01213 
   93   93    1    1    1    1    1    1    1    1  9.99084E+11 0.02397 
   94   94    1    1    1    1    1    1    1    1  4.55171E+11 0.04227 
   95   95    1    1    1    1    1    1    1    1  2.39119E+11 0.05118 
   96   96    1    1    1    1    1    1    1    1  1.06140E+11 0.07930 
   97   97    1    1    1    1    1    1    1    1  4.63119E+10 0.08876 
   98   98    1    1    1    1    1    1    1    1  2.70102E+10 0.12746 
   99   99    1    1    1    1    1    1    1    1  1.30581E+10 0.15710 
  100  100    1    1    1    1    1    1    1    1  1.26334E+10 0.24472 
];


