
DETdpaspec = [
    1    1    1    1    1    1    1    1    1    1  0.00000E+00 0.00000 
    2    2    1    1    1    1    1    1    1    1  0.00000E+00 0.00000 
    3    3    1    1    1    1    1    1    1    1  0.00000E+00 0.00000 
    4    4    1    1    1    1    1    1    1    1  0.00000E+00 0.00000 
    5    5    1    1    1    1    1    1    1    1  0.00000E+00 0.00000 
    6    6    1    1    1    1    1    1    1    1  0.00000E+00 0.00000 
    7    7    1    1    1    1    1    1    1    1  0.00000E+00 0.00000 
    8    8    1    1    1    1    1    1    1    1  0.00000E+00 0.00000 
    9    9    1    1    1    1    1    1    1    1  0.00000E+00 0.00000 
   10   10    1    1    1    1    1    1    1    1  1.24132E+08 0.72819 
   11   11    1    1    1    1    1    1    1    1  1.03616E+08 0.68865 
   12   12    1    1    1    1    1    1    1    1  5.76048E+07 0.69296 
   13   13    1    1    1    1    1    1    1    1  1.92803E+09 0.43261 
   14   14    1    1    1    1    1    1    1    1  5.68318E+09 0.27125 
   15   15    1    1    1    1    1    1    1    1  2.80673E+09 0.28503 
   16   16    1    1    1    1    1    1    1    1  1.38381E+09 0.30794 
   17   17    1    1    1    1    1    1    1    1  2.49597E+09 0.26798 
   18   18    1    1    1    1    1    1    1    1  7.06559E+09 0.26923 
   19   19    1    1    1    1    1    1    1    1  4.42170E+09 0.21406 
   20   20    1    1    1    1    1    1    1    1  2.23389E+10 0.16493 
   21   21    1    1    1    1    1    1    1    1  1.71245E+10 0.15990 
   22   22    1    1    1    1    1    1    1    1  4.09269E+10 0.10545 
   23   23    1    1    1    1    1    1    1    1  5.36234E+10 0.09491 
   24   24    1    1    1    1    1    1    1    1  9.54739E+10 0.08901 
   25   25    1    1    1    1    1    1    1    1  1.12615E+11 0.07124 
   26   26    1    1    1    1    1    1    1    1  1.90678E+11 0.04712 
   27   27    1    1    1    1    1    1    1    1  3.30163E+11 0.05299 
   28   28    1    1    1    1    1    1    1    1  6.73886E+11 0.03259 
   29   29    1    1    1    1    1    1    1    1  1.06646E+12 0.02358 
   30   30    1    1    1    1    1    1    1    1  3.16253E+12 0.01533 
   31   31    1    1    1    1    1    1    1    1  9.81492E+12 0.00999 
   32   32    1    1    1    1    1    1    1    1  1.81331E+13 0.00666 
   33   33    1    1    1    1    1    1    1    1  4.27509E+13 0.00413 
   34   34    1    1    1    1    1    1    1    1  5.91466E+13 0.00379 
   35   35    1    1    1    1    1    1    1    1  8.09910E+13 0.00343 
   36   36    1    1    1    1    1    1    1    1  5.63599E+13 0.00260 
   37   37    1    1    1    1    1    1    1    1  1.75547E+13 0.00244 
   38   38    1    1    1    1    1    1    1    1  9.66619E+13 0.00252 
   39   39    1    1    1    1    1    1    1    1  1.30030E+14 0.00216 
   40   40    1    1    1    1    1    1    1    1  2.22240E+14 0.00165 
   41   41    1    1    1    1    1    1    1    1  2.27665E+14 0.00138 
   42   42    1    1    1    1    1    1    1    1  4.80415E+14 0.00101 
   43   43    1    1    1    1    1    1    1    1  5.81427E+14 0.00141 
   44   44    1    1    1    1    1    1    1    1  8.39449E+14 0.00113 
   45   45    1    1    1    1    1    1    1    1  1.65717E+15 0.00098 
   46   46    1    1    1    1    1    1    1    1  7.85529E+14 0.00089 
   47   47    1    1    1    1    1    1    1    1  1.26832E+15 0.00081 
   48   48    1    1    1    1    1    1    1    1  1.77526E+15 0.00082 
   49   49    1    1    1    1    1    1    1    1  1.76220E+15 0.00086 
   50   50    1    1    1    1    1    1    1    1  2.73510E+15 0.00077 
   51   51    1    1    1    1    1    1    1    1  2.20085E+15 0.00084 
   52   52    1    1    1    1    1    1    1    1  2.59381E+15 0.00088 
   53   53    1    1    1    1    1    1    1    1  1.81155E+15 0.00081 
   54   54    1    1    1    1    1    1    1    1  2.19911E+15 0.00081 
   55   55    1    1    1    1    1    1    1    1  1.52010E+15 0.00100 
   56   56    1    1    1    1    1    1    1    1  2.07805E+14 0.00090 
   57   57    1    1    1    1    1    1    1    1  3.02602E+15 0.00090 
   58   58    1    1    1    1    1    1    1    1  1.33259E+15 0.00105 
   59   59    1    1    1    1    1    1    1    1  1.42553E+15 0.00106 
   60   60    1    1    1    1    1    1    1    1  1.10079E+15 0.00100 
   61   61    1    1    1    1    1    1    1    1  1.10540E+15 0.00082 
   62   62    1    1    1    1    1    1    1    1  1.15010E+15 0.00090 
   63   63    1    1    1    1    1    1    1    1  9.66470E+14 0.00088 
   64   64    1    1    1    1    1    1    1    1  7.70299E+14 0.00113 
   65   65    1    1    1    1    1    1    1    1  7.63629E+14 0.00108 
   66   66    1    1    1    1    1    1    1    1  5.52145E+14 0.00162 
   67   67    1    1    1    1    1    1    1    1  4.51468E+14 0.00123 
   68   68    1    1    1    1    1    1    1    1  4.06031E+14 0.00168 
   69   69    1    1    1    1    1    1    1    1  4.86745E+14 0.00164 
   70   70    1    1    1    1    1    1    1    1  4.15631E+14 0.00145 
   71   71    1    1    1    1    1    1    1    1  7.63169E+14 0.00117 
   72   72    1    1    1    1    1    1    1    1  5.41617E+14 0.00145 
   73   73    1    1    1    1    1    1    1    1  4.07189E+14 0.00138 
   74   74    1    1    1    1    1    1    1    1  3.25470E+14 0.00116 
   75   75    1    1    1    1    1    1    1    1  2.67906E+14 0.00202 
   76   76    1    1    1    1    1    1    1    1  3.08519E+14 0.00127 
   77   77    1    1    1    1    1    1    1    1  2.42067E+14 0.00169 
   78   78    1    1    1    1    1    1    1    1  1.91946E+14 0.00194 
   79   79    1    1    1    1    1    1    1    1  1.97008E+14 0.00159 
   80   80    1    1    1    1    1    1    1    1  1.45609E+14 0.00262 
   81   81    1    1    1    1    1    1    1    1  1.12094E+14 0.00301 
   82   82    1    1    1    1    1    1    1    1  8.60348E+13 0.00282 
   83   83    1    1    1    1    1    1    1    1  8.06377E+13 0.00210 
   84   84    1    1    1    1    1    1    1    1  5.75904E+13 0.00265 
   85   85    1    1    1    1    1    1    1    1  4.17504E+13 0.00523 
   86   86    1    1    1    1    1    1    1    1  3.89323E+13 0.00498 
   87   87    1    1    1    1    1    1    1    1  2.40379E+13 0.00545 
   88   88    1    1    1    1    1    1    1    1  1.62473E+13 0.00593 
   89   89    1    1    1    1    1    1    1    1  9.31823E+12 0.00814 
   90   90    1    1    1    1    1    1    1    1  6.20551E+12 0.00939 
   91   91    1    1    1    1    1    1    1    1  3.13422E+12 0.01069 
   92   92    1    1    1    1    1    1    1    1  1.52710E+12 0.02078 
   93   93    1    1    1    1    1    1    1    1  7.39948E+11 0.02477 
   94   94    1    1    1    1    1    1    1    1  3.78028E+11 0.03297 
   95   95    1    1    1    1    1    1    1    1  1.56750E+11 0.04062 
   96   96    1    1    1    1    1    1    1    1  7.97116E+10 0.07056 
   97   97    1    1    1    1    1    1    1    1  3.96206E+10 0.12280 
   98   98    1    1    1    1    1    1    1    1  1.40430E+10 0.16511 
   99   99    1    1    1    1    1    1    1    1  4.89121E+09 0.33061 
  100  100    1    1    1    1    1    1    1    1  1.01848E+10 0.19815 
];


