
DETdpaspec = [
    1    1    1    1    1    1    1    1    1    1  0.00000E+00 0.00000 
    2    2    1    1    1    1    1    1    1    1  0.00000E+00 0.00000 
    3    3    1    1    1    1    1    1    1    1  0.00000E+00 0.00000 
    4    4    1    1    1    1    1    1    1    1  0.00000E+00 0.00000 
    5    5    1    1    1    1    1    1    1    1  0.00000E+00 0.00000 
    6    6    1    1    1    1    1    1    1    1  0.00000E+00 0.00000 
    7    7    1    1    1    1    1    1    1    1  0.00000E+00 0.00000 
    8    8    1    1    1    1    1    1    1    1  1.31600E+07 1.00000 
    9    9    1    1    1    1    1    1    1    1  0.00000E+00 0.00000 
   10   10    1    1    1    1    1    1    1    1  0.00000E+00 0.00000 
   11   11    1    1    1    1    1    1    1    1  0.00000E+00 0.00000 
   12   12    1    1    1    1    1    1    1    1  5.07633E+07 0.79089 
   13   13    1    1    1    1    1    1    1    1  2.01068E+09 0.51250 
   14   14    1    1    1    1    1    1    1    1  4.18436E+09 0.32036 
   15   15    1    1    1    1    1    1    1    1  3.38242E+09 0.38918 
   16   16    1    1    1    1    1    1    1    1  1.56185E+09 0.48109 
   17   17    1    1    1    1    1    1    1    1  1.80324E+09 0.40367 
   18   18    1    1    1    1    1    1    1    1  4.86839E+09 0.26840 
   19   19    1    1    1    1    1    1    1    1  4.76964E+09 0.24484 
   20   20    1    1    1    1    1    1    1    1  2.65820E+10 0.15786 
   21   21    1    1    1    1    1    1    1    1  1.53560E+10 0.16323 
   22   22    1    1    1    1    1    1    1    1  3.52544E+10 0.12133 
   23   23    1    1    1    1    1    1    1    1  5.98969E+10 0.08741 
   24   24    1    1    1    1    1    1    1    1  1.00118E+11 0.07342 
   25   25    1    1    1    1    1    1    1    1  1.18951E+11 0.07100 
   26   26    1    1    1    1    1    1    1    1  1.91210E+11 0.04518 
   27   27    1    1    1    1    1    1    1    1  3.69111E+11 0.03118 
   28   28    1    1    1    1    1    1    1    1  8.66000E+11 0.02371 
   29   29    1    1    1    1    1    1    1    1  1.45643E+12 0.01215 
   30   30    1    1    1    1    1    1    1    1  4.04476E+12 0.01257 
   31   31    1    1    1    1    1    1    1    1  1.23542E+13 0.00720 
   32   32    1    1    1    1    1    1    1    1  2.27443E+13 0.00466 
   33   33    1    1    1    1    1    1    1    1  5.42046E+13 0.00344 
   34   34    1    1    1    1    1    1    1    1  7.54373E+13 0.00237 
   35   35    1    1    1    1    1    1    1    1  9.68474E+13 0.00170 
   36   36    1    1    1    1    1    1    1    1  6.53354E+13 0.00170 
   37   37    1    1    1    1    1    1    1    1  1.99237E+13 0.00235 
   38   38    1    1    1    1    1    1    1    1  1.12280E+14 0.00186 
   39   39    1    1    1    1    1    1    1    1  1.51423E+14 0.00200 
   40   40    1    1    1    1    1    1    1    1  2.60803E+14 0.00137 
   41   41    1    1    1    1    1    1    1    1  2.62136E+14 0.00132 
   42   42    1    1    1    1    1    1    1    1  5.61919E+14 0.00103 
   43   43    1    1    1    1    1    1    1    1  6.81870E+14 0.00088 
   44   44    1    1    1    1    1    1    1    1  9.88348E+14 0.00077 
   45   45    1    1    1    1    1    1    1    1  1.97744E+15 0.00072 
   46   46    1    1    1    1    1    1    1    1  9.29693E+14 0.00075 
   47   47    1    1    1    1    1    1    1    1  1.49578E+15 0.00051 
   48   48    1    1    1    1    1    1    1    1  2.09622E+15 0.00069 
   49   49    1    1    1    1    1    1    1    1  2.07062E+15 0.00064 
   50   50    1    1    1    1    1    1    1    1  3.25077E+15 0.00058 
   51   51    1    1    1    1    1    1    1    1  2.59041E+15 0.00045 
   52   52    1    1    1    1    1    1    1    1  3.09656E+15 0.00065 
   53   53    1    1    1    1    1    1    1    1  2.15632E+15 0.00074 
   54   54    1    1    1    1    1    1    1    1  2.65686E+15 0.00061 
   55   55    1    1    1    1    1    1    1    1  1.83333E+15 0.00071 
   56   56    1    1    1    1    1    1    1    1  2.49449E+14 0.00112 
   57   57    1    1    1    1    1    1    1    1  3.64624E+15 0.00069 
   58   58    1    1    1    1    1    1    1    1  1.63505E+15 0.00086 
   59   59    1    1    1    1    1    1    1    1  1.74272E+15 0.00056 
   60   60    1    1    1    1    1    1    1    1  1.36283E+15 0.00074 
   61   61    1    1    1    1    1    1    1    1  1.36543E+15 0.00064 
   62   62    1    1    1    1    1    1    1    1  1.42298E+15 0.00075 
   63   63    1    1    1    1    1    1    1    1  1.19981E+15 0.00078 
   64   64    1    1    1    1    1    1    1    1  9.55714E+14 0.00092 
   65   65    1    1    1    1    1    1    1    1  9.49759E+14 0.00112 
   66   66    1    1    1    1    1    1    1    1  6.87763E+14 0.00097 
   67   67    1    1    1    1    1    1    1    1  5.60477E+14 0.00088 
   68   68    1    1    1    1    1    1    1    1  5.02331E+14 0.00122 
   69   69    1    1    1    1    1    1    1    1  6.03888E+14 0.00108 
   70   70    1    1    1    1    1    1    1    1  5.14226E+14 0.00144 
   71   71    1    1    1    1    1    1    1    1  9.34776E+14 0.00100 
   72   72    1    1    1    1    1    1    1    1  6.62564E+14 0.00129 
   73   73    1    1    1    1    1    1    1    1  5.00343E+14 0.00134 
   74   74    1    1    1    1    1    1    1    1  4.03127E+14 0.00150 
   75   75    1    1    1    1    1    1    1    1  3.35456E+14 0.00100 
   76   76    1    1    1    1    1    1    1    1  3.89436E+14 0.00158 
   77   77    1    1    1    1    1    1    1    1  3.08889E+14 0.00131 
   78   78    1    1    1    1    1    1    1    1  2.46321E+14 0.00103 
   79   79    1    1    1    1    1    1    1    1  2.53718E+14 0.00182 
   80   80    1    1    1    1    1    1    1    1  1.89061E+14 0.00150 
   81   81    1    1    1    1    1    1    1    1  1.45429E+14 0.00221 
   82   82    1    1    1    1    1    1    1    1  1.11599E+14 0.00280 
   83   83    1    1    1    1    1    1    1    1  1.04240E+14 0.00241 
   84   84    1    1    1    1    1    1    1    1  7.50560E+13 0.00284 
   85   85    1    1    1    1    1    1    1    1  5.41249E+13 0.00427 
   86   86    1    1    1    1    1    1    1    1  5.05896E+13 0.00279 
   87   87    1    1    1    1    1    1    1    1  3.12987E+13 0.00474 
   88   88    1    1    1    1    1    1    1    1  2.09603E+13 0.00523 
   89   89    1    1    1    1    1    1    1    1  1.20181E+13 0.00819 
   90   90    1    1    1    1    1    1    1    1  8.16301E+12 0.00676 
   91   91    1    1    1    1    1    1    1    1  4.09862E+12 0.01079 
   92   92    1    1    1    1    1    1    1    1  1.99649E+12 0.01784 
   93   93    1    1    1    1    1    1    1    1  9.82927E+11 0.02163 
   94   94    1    1    1    1    1    1    1    1  4.43945E+11 0.03034 
   95   95    1    1    1    1    1    1    1    1  2.25170E+11 0.06201 
   96   96    1    1    1    1    1    1    1    1  1.09888E+11 0.06164 
   97   97    1    1    1    1    1    1    1    1  5.30543E+10 0.10588 
   98   98    1    1    1    1    1    1    1    1  3.12697E+10 0.12410 
   99   99    1    1    1    1    1    1    1    1  1.08858E+10 0.20213 
  100  100    1    1    1    1    1    1    1    1  1.08858E+10 0.20994 
];


