
DETdpaspec = [
    1    1    1    1    1    1    1    1    1    1  0.00000E+00 0.00000 
    2    2    1    1    1    1    1    1    1    1  0.00000E+00 0.00000 
    3    3    1    1    1    1    1    1    1    1  0.00000E+00 0.00000 
    4    4    1    1    1    1    1    1    1    1  0.00000E+00 0.00000 
    5    5    1    1    1    1    1    1    1    1  0.00000E+00 0.00000 
    6    6    1    1    1    1    1    1    1    1  0.00000E+00 0.00000 
    7    7    1    1    1    1    1    1    1    1  0.00000E+00 0.00000 
    8    8    1    1    1    1    1    1    1    1  1.41943E+07 1.00000 
    9    9    1    1    1    1    1    1    1    1  5.97076E+06 1.00000 
   10   10    1    1    1    1    1    1    1    1  1.58202E+08 0.75989 
   11   11    1    1    1    1    1    1    1    1  3.99911E+07 1.00000 
   12   12    1    1    1    1    1    1    1    1  6.98832E+07 0.94441 
   13   13    1    1    1    1    1    1    1    1  1.54861E+09 0.44133 
   14   14    1    1    1    1    1    1    1    1  1.95343E+09 0.78882 
   15   15    1    1    1    1    1    1    1    1  9.40741E+08 0.60367 
   16   16    1    1    1    1    1    1    1    1  1.17618E+09 0.35999 
   17   17    1    1    1    1    1    1    1    1  1.61090E+09 0.31691 
   18   18    1    1    1    1    1    1    1    1  4.89325E+09 0.20468 
   19   19    1    1    1    1    1    1    1    1  5.67054E+09 0.20125 
   20   20    1    1    1    1    1    1    1    1  2.32501E+10 0.13807 
   21   21    1    1    1    1    1    1    1    1  1.44898E+10 0.12905 
   22   22    1    1    1    1    1    1    1    1  4.34312E+10 0.09346 
   23   23    1    1    1    1    1    1    1    1  5.56671E+10 0.09217 
   24   24    1    1    1    1    1    1    1    1  8.61324E+10 0.09854 
   25   25    1    1    1    1    1    1    1    1  1.12112E+11 0.05770 
   26   26    1    1    1    1    1    1    1    1  1.89809E+11 0.05062 
   27   27    1    1    1    1    1    1    1    1  3.56087E+11 0.03347 
   28   28    1    1    1    1    1    1    1    1  7.19317E+11 0.02077 
   29   29    1    1    1    1    1    1    1    1  1.15214E+12 0.02172 
   30   30    1    1    1    1    1    1    1    1  3.29348E+12 0.01141 
   31   31    1    1    1    1    1    1    1    1  1.01414E+13 0.00934 
   32   32    1    1    1    1    1    1    1    1  1.90060E+13 0.00618 
   33   33    1    1    1    1    1    1    1    1  4.49103E+13 0.00446 
   34   34    1    1    1    1    1    1    1    1  6.21429E+13 0.00316 
   35   35    1    1    1    1    1    1    1    1  8.44295E+13 0.00315 
   36   36    1    1    1    1    1    1    1    1  5.80983E+13 0.00203 
   37   37    1    1    1    1    1    1    1    1  1.79884E+13 0.00253 
   38   38    1    1    1    1    1    1    1    1  1.00091E+14 0.00212 
   39   39    1    1    1    1    1    1    1    1  1.35103E+14 0.00251 
   40   40    1    1    1    1    1    1    1    1  2.31564E+14 0.00179 
   41   41    1    1    1    1    1    1    1    1  2.36304E+14 0.00140 
   42   42    1    1    1    1    1    1    1    1  5.00092E+14 0.00129 
   43   43    1    1    1    1    1    1    1    1  6.05775E+14 0.00111 
   44   44    1    1    1    1    1    1    1    1  8.76046E+14 0.00110 
   45   45    1    1    1    1    1    1    1    1  1.73770E+15 0.00081 
   46   46    1    1    1    1    1    1    1    1  8.21999E+14 0.00086 
   47   47    1    1    1    1    1    1    1    1  1.32596E+15 0.00110 
   48   48    1    1    1    1    1    1    1    1  1.85847E+15 0.00089 
   49   49    1    1    1    1    1    1    1    1  1.84309E+15 0.00076 
   50   50    1    1    1    1    1    1    1    1  2.86945E+15 0.00086 
   51   51    1    1    1    1    1    1    1    1  2.30454E+15 0.00099 
   52   52    1    1    1    1    1    1    1    1  2.72583E+15 0.00103 
   53   53    1    1    1    1    1    1    1    1  1.90576E+15 0.00093 
   54   54    1    1    1    1    1    1    1    1  2.32077E+15 0.00091 
   55   55    1    1    1    1    1    1    1    1  1.60399E+15 0.00086 
   56   56    1    1    1    1    1    1    1    1  2.18477E+14 0.00152 
   57   57    1    1    1    1    1    1    1    1  3.19310E+15 0.00069 
   58   58    1    1    1    1    1    1    1    1  1.41250E+15 0.00101 
   59   59    1    1    1    1    1    1    1    1  1.50859E+15 0.00103 
   60   60    1    1    1    1    1    1    1    1  1.16968E+15 0.00133 
   61   61    1    1    1    1    1    1    1    1  1.17313E+15 0.00111 
   62   62    1    1    1    1    1    1    1    1  1.22144E+15 0.00138 
   63   63    1    1    1    1    1    1    1    1  1.02626E+15 0.00139 
   64   64    1    1    1    1    1    1    1    1  8.17710E+14 0.00152 
   65   65    1    1    1    1    1    1    1    1  8.12660E+14 0.00126 
   66   66    1    1    1    1    1    1    1    1  5.88751E+14 0.00148 
   67   67    1    1    1    1    1    1    1    1  4.80970E+14 0.00140 
   68   68    1    1    1    1    1    1    1    1  4.32148E+14 0.00148 
   69   69    1    1    1    1    1    1    1    1  5.19832E+14 0.00159 
   70   70    1    1    1    1    1    1    1    1  4.42526E+14 0.00158 
   71   71    1    1    1    1    1    1    1    1  8.11101E+14 0.00089 
   72   72    1    1    1    1    1    1    1    1  5.75026E+14 0.00157 
   73   73    1    1    1    1    1    1    1    1  4.34060E+14 0.00155 
   74   74    1    1    1    1    1    1    1    1  3.47257E+14 0.00168 
   75   75    1    1    1    1    1    1    1    1  2.85875E+14 0.00202 
   76   76    1    1    1    1    1    1    1    1  3.31060E+14 0.00186 
   77   77    1    1    1    1    1    1    1    1  2.59897E+14 0.00189 
   78   78    1    1    1    1    1    1    1    1  2.06287E+14 0.00187 
   79   79    1    1    1    1    1    1    1    1  2.12160E+14 0.00217 
   80   80    1    1    1    1    1    1    1    1  1.56480E+14 0.00216 
   81   81    1    1    1    1    1    1    1    1  1.21209E+14 0.00249 
   82   82    1    1    1    1    1    1    1    1  9.25372E+13 0.00301 
   83   83    1    1    1    1    1    1    1    1  8.70351E+13 0.00278 
   84   84    1    1    1    1    1    1    1    1  6.22393E+13 0.00393 
   85   85    1    1    1    1    1    1    1    1  4.48728E+13 0.00381 
   86   86    1    1    1    1    1    1    1    1  4.20111E+13 0.00292 
   87   87    1    1    1    1    1    1    1    1  2.59986E+13 0.00363 
   88   88    1    1    1    1    1    1    1    1  1.75854E+13 0.00636 
   89   89    1    1    1    1    1    1    1    1  9.99618E+12 0.00872 
   90   90    1    1    1    1    1    1    1    1  6.64060E+12 0.00691 
   91   91    1    1    1    1    1    1    1    1  3.41457E+12 0.00977 
   92   92    1    1    1    1    1    1    1    1  1.70392E+12 0.02186 
   93   93    1    1    1    1    1    1    1    1  7.94262E+11 0.02864 
   94   94    1    1    1    1    1    1    1    1  3.88448E+11 0.02992 
   95   95    1    1    1    1    1    1    1    1  1.77701E+11 0.04891 
   96   96    1    1    1    1    1    1    1    1  9.43661E+10 0.07713 
   97   97    1    1    1    1    1    1    1    1  4.80343E+10 0.11760 
   98   98    1    1    1    1    1    1    1    1  1.97153E+10 0.13966 
   99   99    1    1    1    1    1    1    1    1  9.38672E+09 0.22269 
  100  100    1    1    1    1    1    1    1    1  7.88762E+09 0.27649 
];


