
DETdpaspec = [
    1    1    1    1    1    1    1    1    1    1  0.00000E+00 0.00000 
    2    2    1    1    1    1    1    1    1    1  0.00000E+00 0.00000 
    3    3    1    1    1    1    1    1    1    1  0.00000E+00 0.00000 
    4    4    1    1    1    1    1    1    1    1  0.00000E+00 0.00000 
    5    5    1    1    1    1    1    1    1    1  0.00000E+00 0.00000 
    6    6    1    1    1    1    1    1    1    1  0.00000E+00 0.00000 
    7    7    1    1    1    1    1    1    1    1  1.59334E+07 1.00000 
    8    8    1    1    1    1    1    1    1    1  0.00000E+00 0.00000 
    9    9    1    1    1    1    1    1    1    1  0.00000E+00 0.00000 
   10   10    1    1    1    1    1    1    1    1  1.18187E+08 1.00000 
   11   11    1    1    1    1    1    1    1    1  8.17946E+07 0.69205 
   12   12    1    1    1    1    1    1    1    1  4.83843E+07 0.68948 
   13   13    1    1    1    1    1    1    1    1  1.10995E+09 0.63094 
   14   14    1    1    1    1    1    1    1    1  2.55578E+09 0.49081 
   15   15    1    1    1    1    1    1    1    1  1.51014E+09 0.34868 
   16   16    1    1    1    1    1    1    1    1  2.07443E+09 0.46268 
   17   17    1    1    1    1    1    1    1    1  2.51350E+09 0.26256 
   18   18    1    1    1    1    1    1    1    1  5.04574E+09 0.19468 
   19   19    1    1    1    1    1    1    1    1  4.78886E+09 0.18518 
   20   20    1    1    1    1    1    1    1    1  2.61955E+10 0.13995 
   21   21    1    1    1    1    1    1    1    1  1.60385E+10 0.10131 
   22   22    1    1    1    1    1    1    1    1  3.94032E+10 0.09489 
   23   23    1    1    1    1    1    1    1    1  6.95739E+10 0.05778 
   24   24    1    1    1    1    1    1    1    1  9.31191E+10 0.07189 
   25   25    1    1    1    1    1    1    1    1  1.22452E+11 0.07310 
   26   26    1    1    1    1    1    1    1    1  1.88387E+11 0.06091 
   27   27    1    1    1    1    1    1    1    1  3.29764E+11 0.04258 
   28   28    1    1    1    1    1    1    1    1  7.35764E+11 0.02228 
   29   29    1    1    1    1    1    1    1    1  1.18031E+12 0.01648 
   30   30    1    1    1    1    1    1    1    1  3.29284E+12 0.01206 
   31   31    1    1    1    1    1    1    1    1  1.02737E+13 0.00827 
   32   32    1    1    1    1    1    1    1    1  1.93451E+13 0.00575 
   33   33    1    1    1    1    1    1    1    1  4.58878E+13 0.00304 
   34   34    1    1    1    1    1    1    1    1  6.40669E+13 0.00310 
   35   35    1    1    1    1    1    1    1    1  8.58367E+13 0.00267 
   36   36    1    1    1    1    1    1    1    1  5.90328E+13 0.00274 
   37   37    1    1    1    1    1    1    1    1  1.82463E+13 0.00287 
   38   38    1    1    1    1    1    1    1    1  1.01487E+14 0.00171 
   39   39    1    1    1    1    1    1    1    1  1.36799E+14 0.00190 
   40   40    1    1    1    1    1    1    1    1  2.34985E+14 0.00152 
   41   41    1    1    1    1    1    1    1    1  2.39504E+14 0.00155 
   42   42    1    1    1    1    1    1    1    1  5.07754E+14 0.00135 
   43   43    1    1    1    1    1    1    1    1  6.15545E+14 0.00126 
   44   44    1    1    1    1    1    1    1    1  8.91791E+14 0.00106 
   45   45    1    1    1    1    1    1    1    1  1.77429E+15 0.00089 
   46   46    1    1    1    1    1    1    1    1  8.39601E+14 0.00102 
   47   47    1    1    1    1    1    1    1    1  1.35252E+15 0.00099 
   48   48    1    1    1    1    1    1    1    1  1.89707E+15 0.00075 
   49   49    1    1    1    1    1    1    1    1  1.87893E+15 0.00083 
   50   50    1    1    1    1    1    1    1    1  2.92979E+15 0.00073 
   51   51    1    1    1    1    1    1    1    1  2.35181E+15 0.00085 
   52   52    1    1    1    1    1    1    1    1  2.78423E+15 0.00079 
   53   53    1    1    1    1    1    1    1    1  1.94408E+15 0.00074 
   54   54    1    1    1    1    1    1    1    1  2.37300E+15 0.00056 
   55   55    1    1    1    1    1    1    1    1  1.63971E+15 0.00058 
   56   56    1    1    1    1    1    1    1    1  2.23413E+14 0.00096 
   57   57    1    1    1    1    1    1    1    1  3.26432E+15 0.00060 
   58   58    1    1    1    1    1    1    1    1  1.44759E+15 0.00070 
   59   59    1    1    1    1    1    1    1    1  1.54575E+15 0.00075 
   60   60    1    1    1    1    1    1    1    1  1.19918E+15 0.00092 
   61   61    1    1    1    1    1    1    1    1  1.20399E+15 0.00077 
   62   62    1    1    1    1    1    1    1    1  1.25604E+15 0.00088 
   63   63    1    1    1    1    1    1    1    1  1.05521E+15 0.00115 
   64   64    1    1    1    1    1    1    1    1  8.40253E+14 0.00105 
   65   65    1    1    1    1    1    1    1    1  8.33852E+14 0.00097 
   66   66    1    1    1    1    1    1    1    1  6.03661E+14 0.00115 
   67   67    1    1    1    1    1    1    1    1  4.93405E+14 0.00148 
   68   68    1    1    1    1    1    1    1    1  4.43642E+14 0.00132 
   69   69    1    1    1    1    1    1    1    1  5.33181E+14 0.00114 
   70   70    1    1    1    1    1    1    1    1  4.53143E+14 0.00132 
   71   71    1    1    1    1    1    1    1    1  8.30886E+14 0.00111 
   72   72    1    1    1    1    1    1    1    1  5.89131E+14 0.00136 
   73   73    1    1    1    1    1    1    1    1  4.44142E+14 0.00108 
   74   74    1    1    1    1    1    1    1    1  3.56121E+14 0.00198 
   75   75    1    1    1    1    1    1    1    1  2.93906E+14 0.00125 
   76   76    1    1    1    1    1    1    1    1  3.39480E+14 0.00167 
   77   77    1    1    1    1    1    1    1    1  2.66952E+14 0.00181 
   78   78    1    1    1    1    1    1    1    1  2.12174E+14 0.00121 
   79   79    1    1    1    1    1    1    1    1  2.18783E+14 0.00188 
   80   80    1    1    1    1    1    1    1    1  1.61781E+14 0.00169 
   81   81    1    1    1    1    1    1    1    1  1.24424E+14 0.00198 
   82   82    1    1    1    1    1    1    1    1  9.54241E+13 0.00180 
   83   83    1    1    1    1    1    1    1    1  8.94128E+13 0.00218 
   84   84    1    1    1    1    1    1    1    1  6.42341E+13 0.00307 
   85   85    1    1    1    1    1    1    1    1  4.60671E+13 0.00442 
   86   86    1    1    1    1    1    1    1    1  4.33716E+13 0.00274 
   87   87    1    1    1    1    1    1    1    1  2.68789E+13 0.00384 
   88   88    1    1    1    1    1    1    1    1  1.79646E+13 0.00480 
   89   89    1    1    1    1    1    1    1    1  1.03274E+13 0.00960 
   90   90    1    1    1    1    1    1    1    1  6.94883E+12 0.00882 
   91   91    1    1    1    1    1    1    1    1  3.47506E+12 0.00907 
   92   92    1    1    1    1    1    1    1    1  1.69254E+12 0.01851 
   93   93    1    1    1    1    1    1    1    1  8.19791E+11 0.03003 
   94   94    1    1    1    1    1    1    1    1  4.13351E+11 0.03723 
   95   95    1    1    1    1    1    1    1    1  1.94054E+11 0.06231 
   96   96    1    1    1    1    1    1    1    1  8.85840E+10 0.07552 
   97   97    1    1    1    1    1    1    1    1  3.65626E+10 0.12282 
   98   98    1    1    1    1    1    1    1    1  1.71296E+10 0.14127 
   99   99    1    1    1    1    1    1    1    1  9.13417E+09 0.29315 
  100  100    1    1    1    1    1    1    1    1  8.90095E+09 0.29919 
];


