
DETdpaspec = [
    1    1    1    1    1    1    1    1    1    1  0.00000E+00 0.00000 
    2    2    1    1    1    1    1    1    1    1  0.00000E+00 0.00000 
    3    3    1    1    1    1    1    1    1    1  0.00000E+00 0.00000 
    4    4    1    1    1    1    1    1    1    1  0.00000E+00 0.00000 
    5    5    1    1    1    1    1    1    1    1  0.00000E+00 0.00000 
    6    6    1    1    1    1    1    1    1    1  0.00000E+00 0.00000 
    7    7    1    1    1    1    1    1    1    1  0.00000E+00 0.00000 
    8    8    1    1    1    1    1    1    1    1  2.80856E+07 0.69043 
    9    9    1    1    1    1    1    1    1    1  0.00000E+00 0.00000 
   10   10    1    1    1    1    1    1    1    1  7.46064E+07 0.70125 
   11   11    1    1    1    1    1    1    1    1  1.65578E+08 0.56813 
   12   12    1    1    1    1    1    1    1    1  1.00617E+08 0.45562 
   13   13    1    1    1    1    1    1    1    1  1.15566E+09 0.47494 
   14   14    1    1    1    1    1    1    1    1  2.67016E+09 0.24649 
   15   15    1    1    1    1    1    1    1    1  3.74953E+09 0.57661 
   16   16    1    1    1    1    1    1    1    1  1.50742E+09 0.31046 
   17   17    1    1    1    1    1    1    1    1  2.45461E+09 0.26104 
   18   18    1    1    1    1    1    1    1    1  9.10116E+09 0.22061 
   19   19    1    1    1    1    1    1    1    1  6.16867E+09 0.27400 
   20   20    1    1    1    1    1    1    1    1  2.13746E+10 0.13928 
   21   21    1    1    1    1    1    1    1    1  2.15287E+10 0.13036 
   22   22    1    1    1    1    1    1    1    1  5.13316E+10 0.08202 
   23   23    1    1    1    1    1    1    1    1  6.48209E+10 0.07071 
   24   24    1    1    1    1    1    1    1    1  1.06833E+11 0.05783 
   25   25    1    1    1    1    1    1    1    1  1.31660E+11 0.05830 
   26   26    1    1    1    1    1    1    1    1  2.08397E+11 0.04512 
   27   27    1    1    1    1    1    1    1    1  3.64900E+11 0.03321 
   28   28    1    1    1    1    1    1    1    1  6.90086E+11 0.04055 
   29   29    1    1    1    1    1    1    1    1  1.03219E+12 0.02753 
   30   30    1    1    1    1    1    1    1    1  3.04763E+12 0.01506 
   31   31    1    1    1    1    1    1    1    1  9.19661E+12 0.00828 
   32   32    1    1    1    1    1    1    1    1  1.72338E+13 0.00664 
   33   33    1    1    1    1    1    1    1    1  3.98105E+13 0.00433 
   34   34    1    1    1    1    1    1    1    1  5.41693E+13 0.00316 
   35   35    1    1    1    1    1    1    1    1  7.61822E+13 0.00244 
   36   36    1    1    1    1    1    1    1    1  5.32553E+13 0.00216 
   37   37    1    1    1    1    1    1    1    1  1.66735E+13 0.00241 
   38   38    1    1    1    1    1    1    1    1  9.10500E+13 0.00196 
   39   39    1    1    1    1    1    1    1    1  1.22419E+14 0.00181 
   40   40    1    1    1    1    1    1    1    1  2.07992E+14 0.00180 
   41   41    1    1    1    1    1    1    1    1  2.14363E+14 0.00181 
   42   42    1    1    1    1    1    1    1    1  4.47695E+14 0.00147 
   43   43    1    1    1    1    1    1    1    1  5.40406E+14 0.00144 
   44   44    1    1    1    1    1    1    1    1  7.77401E+14 0.00129 
   45   45    1    1    1    1    1    1    1    1  1.52420E+15 0.00109 
   46   46    1    1    1    1    1    1    1    1  7.23543E+14 0.00067 
   47   47    1    1    1    1    1    1    1    1  1.17049E+15 0.00068 
   48   48    1    1    1    1    1    1    1    1  1.63272E+15 0.00069 
   49   49    1    1    1    1    1    1    1    1  1.62023E+15 0.00077 
   50   50    1    1    1    1    1    1    1    1  2.50013E+15 0.00092 
   51   51    1    1    1    1    1    1    1    1  2.01921E+15 0.00111 
   52   52    1    1    1    1    1    1    1    1  2.36289E+15 0.00104 
   53   53    1    1    1    1    1    1    1    1  1.64810E+15 0.00106 
   54   54    1    1    1    1    1    1    1    1  1.98914E+15 0.00080 
   55   55    1    1    1    1    1    1    1    1  1.37388E+15 0.00096 
   56   56    1    1    1    1    1    1    1    1  1.87988E+14 0.00109 
   57   57    1    1    1    1    1    1    1    1  2.73623E+15 0.00084 
   58   58    1    1    1    1    1    1    1    1  1.19506E+15 0.00076 
   59   59    1    1    1    1    1    1    1    1  1.28010E+15 0.00116 
   60   60    1    1    1    1    1    1    1    1  9.83527E+14 0.00120 
   61   61    1    1    1    1    1    1    1    1  9.88262E+14 0.00094 
   62   62    1    1    1    1    1    1    1    1  1.02532E+15 0.00105 
   63   63    1    1    1    1    1    1    1    1  8.61087E+14 0.00109 
   64   64    1    1    1    1    1    1    1    1  6.83792E+14 0.00116 
   65   65    1    1    1    1    1    1    1    1  6.78699E+14 0.00108 
   66   66    1    1    1    1    1    1    1    1  4.89396E+14 0.00127 
   67   67    1    1    1    1    1    1    1    1  4.01161E+14 0.00138 
   68   68    1    1    1    1    1    1    1    1  3.60513E+14 0.00110 
   69   69    1    1    1    1    1    1    1    1  4.33915E+14 0.00159 
   70   70    1    1    1    1    1    1    1    1  3.69398E+14 0.00134 
   71   71    1    1    1    1    1    1    1    1  6.83433E+14 0.00123 
   72   72    1    1    1    1    1    1    1    1  4.85526E+14 0.00138 
   73   73    1    1    1    1    1    1    1    1  3.63960E+14 0.00155 
   74   74    1    1    1    1    1    1    1    1  2.89663E+14 0.00155 
   75   75    1    1    1    1    1    1    1    1  2.37314E+14 0.00177 
   76   76    1    1    1    1    1    1    1    1  2.71872E+14 0.00177 
   77   77    1    1    1    1    1    1    1    1  2.11937E+14 0.00179 
   78   78    1    1    1    1    1    1    1    1  1.67744E+14 0.00205 
   79   79    1    1    1    1    1    1    1    1  1.71628E+14 0.00214 
   80   80    1    1    1    1    1    1    1    1  1.26409E+14 0.00240 
   81   81    1    1    1    1    1    1    1    1  9.69439E+13 0.00228 
   82   82    1    1    1    1    1    1    1    1  7.42067E+13 0.00176 
   83   83    1    1    1    1    1    1    1    1  6.97541E+13 0.00294 
   84   84    1    1    1    1    1    1    1    1  4.99650E+13 0.00338 
   85   85    1    1    1    1    1    1    1    1  3.62930E+13 0.00382 
   86   86    1    1    1    1    1    1    1    1  3.39366E+13 0.00576 
   87   87    1    1    1    1    1    1    1    1  2.08756E+13 0.00391 
   88   88    1    1    1    1    1    1    1    1  1.41622E+13 0.00592 
   89   89    1    1    1    1    1    1    1    1  8.05924E+12 0.00763 
   90   90    1    1    1    1    1    1    1    1  5.42222E+12 0.00928 
   91   91    1    1    1    1    1    1    1    1  2.70585E+12 0.01226 
   92   92    1    1    1    1    1    1    1    1  1.31012E+12 0.01704 
   93   93    1    1    1    1    1    1    1    1  6.35659E+11 0.02996 
   94   94    1    1    1    1    1    1    1    1  2.90698E+11 0.02359 
   95   95    1    1    1    1    1    1    1    1  1.66613E+11 0.09348 
   96   96    1    1    1    1    1    1    1    1  6.83331E+10 0.09912 
   97   97    1    1    1    1    1    1    1    1  3.09349E+10 0.14252 
   98   98    1    1    1    1    1    1    1    1  2.03616E+10 0.19533 
   99   99    1    1    1    1    1    1    1    1  1.04784E+10 0.20400 
  100  100    1    1    1    1    1    1    1    1  8.82509E+09 0.25486 
];


