
DETdpaspec = [
    1    1    1    1    1    1    1    1    1    1  0.00000E+00 0.00000 
    2    2    1    1    1    1    1    1    1    1  0.00000E+00 0.00000 
    3    3    1    1    1    1    1    1    1    1  0.00000E+00 0.00000 
    4    4    1    1    1    1    1    1    1    1  0.00000E+00 0.00000 
    5    5    1    1    1    1    1    1    1    1  0.00000E+00 0.00000 
    6    6    1    1    1    1    1    1    1    1  0.00000E+00 0.00000 
    7    7    1    1    1    1    1    1    1    1  0.00000E+00 0.00000 
    8    8    1    1    1    1    1    1    1    1  0.00000E+00 0.00000 
    9    9    1    1    1    1    1    1    1    1  7.10084E+06 1.00000 
   10   10    1    1    1    1    1    1    1    1  2.14260E+07 1.00000 
   11   11    1    1    1    1    1    1    1    1  0.00000E+00 0.00000 
   12   12    1    1    1    1    1    1    1    1  4.92959E+07 0.59272 
   13   13    1    1    1    1    1    1    1    1  7.19365E+08 0.48732 
   14   14    1    1    1    1    1    1    1    1  2.05794E+09 0.36992 
   15   15    1    1    1    1    1    1    1    1  3.70353E+09 0.30631 
   16   16    1    1    1    1    1    1    1    1  1.56624E+09 0.62443 
   17   17    1    1    1    1    1    1    1    1  2.26576E+09 0.26475 
   18   18    1    1    1    1    1    1    1    1  7.53884E+09 0.17655 
   19   19    1    1    1    1    1    1    1    1  7.35408E+09 0.14305 
   20   20    1    1    1    1    1    1    1    1  2.01805E+10 0.14147 
   21   21    1    1    1    1    1    1    1    1  1.72095E+10 0.12109 
   22   22    1    1    1    1    1    1    1    1  4.82254E+10 0.07459 
   23   23    1    1    1    1    1    1    1    1  7.16558E+10 0.07762 
   24   24    1    1    1    1    1    1    1    1  1.07141E+11 0.06583 
   25   25    1    1    1    1    1    1    1    1  1.28198E+11 0.05580 
   26   26    1    1    1    1    1    1    1    1  2.03928E+11 0.03741 
   27   27    1    1    1    1    1    1    1    1  3.54399E+11 0.04431 
   28   28    1    1    1    1    1    1    1    1  6.41976E+11 0.01887 
   29   29    1    1    1    1    1    1    1    1  9.39183E+11 0.02124 
   30   30    1    1    1    1    1    1    1    1  2.93430E+12 0.01531 
   31   31    1    1    1    1    1    1    1    1  8.99689E+12 0.00806 
   32   32    1    1    1    1    1    1    1    1  1.68656E+13 0.00570 
   33   33    1    1    1    1    1    1    1    1  3.82429E+13 0.00411 
   34   34    1    1    1    1    1    1    1    1  5.18999E+13 0.00290 
   35   35    1    1    1    1    1    1    1    1  7.33712E+13 0.00333 
   36   36    1    1    1    1    1    1    1    1  5.14963E+13 0.00290 
   37   37    1    1    1    1    1    1    1    1  1.62086E+13 0.00251 
   38   38    1    1    1    1    1    1    1    1  8.82391E+13 0.00188 
   39   39    1    1    1    1    1    1    1    1  1.18435E+14 0.00222 
   40   40    1    1    1    1    1    1    1    1  1.99878E+14 0.00201 
   41   41    1    1    1    1    1    1    1    1  2.06163E+14 0.00209 
   42   42    1    1    1    1    1    1    1    1  4.28883E+14 0.00151 
   43   43    1    1    1    1    1    1    1    1  5.16310E+14 0.00158 
   44   44    1    1    1    1    1    1    1    1  7.40426E+14 0.00120 
   45   45    1    1    1    1    1    1    1    1  1.44315E+15 0.00106 
   46   46    1    1    1    1    1    1    1    1  6.84481E+14 0.00107 
   47   47    1    1    1    1    1    1    1    1  1.10785E+15 0.00112 
   48   48    1    1    1    1    1    1    1    1  1.54280E+15 0.00108 
   49   49    1    1    1    1    1    1    1    1  1.52939E+15 0.00093 
   50   50    1    1    1    1    1    1    1    1  2.35085E+15 0.00096 
   51   51    1    1    1    1    1    1    1    1  1.90128E+15 0.00090 
   52   52    1    1    1    1    1    1    1    1  2.21288E+15 0.00101 
   53   53    1    1    1    1    1    1    1    1  1.54802E+15 0.00099 
   54   54    1    1    1    1    1    1    1    1  1.85527E+15 0.00108 
   55   55    1    1    1    1    1    1    1    1  1.28421E+15 0.00100 
   56   56    1    1    1    1    1    1    1    1  1.75737E+14 0.00134 
   57   57    1    1    1    1    1    1    1    1  2.55366E+15 0.00098 
   58   58    1    1    1    1    1    1    1    1  1.10990E+15 0.00122 
   59   59    1    1    1    1    1    1    1    1  1.18820E+15 0.00113 
   60   60    1    1    1    1    1    1    1    1  9.10447E+14 0.00103 
   61   61    1    1    1    1    1    1    1    1  9.15894E+14 0.00084 
   62   62    1    1    1    1    1    1    1    1  9.49905E+14 0.00111 
   63   63    1    1    1    1    1    1    1    1  7.94879E+14 0.00110 
   64   64    1    1    1    1    1    1    1    1  6.32450E+14 0.00119 
   65   65    1    1    1    1    1    1    1    1  6.27488E+14 0.00164 
   66   66    1    1    1    1    1    1    1    1  4.52852E+14 0.00118 
   67   67    1    1    1    1    1    1    1    1  3.70968E+14 0.00131 
   68   68    1    1    1    1    1    1    1    1  3.34142E+14 0.00118 
   69   69    1    1    1    1    1    1    1    1  4.00885E+14 0.00141 
   70   70    1    1    1    1    1    1    1    1  3.42350E+14 0.00171 
   71   71    1    1    1    1    1    1    1    1  6.32350E+14 0.00157 
   72   72    1    1    1    1    1    1    1    1  4.49460E+14 0.00128 
   73   73    1    1    1    1    1    1    1    1  3.37573E+14 0.00159 
   74   74    1    1    1    1    1    1    1    1  2.67466E+14 0.00139 
   75   75    1    1    1    1    1    1    1    1  2.18440E+14 0.00211 
   76   76    1    1    1    1    1    1    1    1  2.49391E+14 0.00205 
   77   77    1    1    1    1    1    1    1    1  1.94510E+14 0.00233 
   78   78    1    1    1    1    1    1    1    1  1.52972E+14 0.00192 
   79   79    1    1    1    1    1    1    1    1  1.56413E+14 0.00231 
   80   80    1    1    1    1    1    1    1    1  1.15500E+14 0.00239 
   81   81    1    1    1    1    1    1    1    1  8.85279E+13 0.00303 
   82   82    1    1    1    1    1    1    1    1  6.81927E+13 0.00311 
   83   83    1    1    1    1    1    1    1    1  6.37749E+13 0.00293 
   84   84    1    1    1    1    1    1    1    1  4.54229E+13 0.00273 
   85   85    1    1    1    1    1    1    1    1  3.28623E+13 0.00546 
   86   86    1    1    1    1    1    1    1    1  3.06555E+13 0.00455 
   87   87    1    1    1    1    1    1    1    1  1.88537E+13 0.00622 
   88   88    1    1    1    1    1    1    1    1  1.29123E+13 0.00587 
   89   89    1    1    1    1    1    1    1    1  7.39421E+12 0.00964 
   90   90    1    1    1    1    1    1    1    1  4.91362E+12 0.01192 
   91   91    1    1    1    1    1    1    1    1  2.46235E+12 0.01239 
   92   92    1    1    1    1    1    1    1    1  1.16743E+12 0.02876 
   93   93    1    1    1    1    1    1    1    1  5.78441E+11 0.02658 
   94   94    1    1    1    1    1    1    1    1  2.84223E+11 0.04761 
   95   95    1    1    1    1    1    1    1    1  1.32140E+11 0.06381 
   96   96    1    1    1    1    1    1    1    1  5.28972E+10 0.13276 
   97   97    1    1    1    1    1    1    1    1  3.22993E+10 0.11722 
   98   98    1    1    1    1    1    1    1    1  1.81775E+10 0.25295 
   99   99    1    1    1    1    1    1    1    1  6.26414E+09 0.26925 
  100  100    1    1    1    1    1    1    1    1  5.99860E+09 0.24501 
];


