
DETdpaspec = [
    1    1    1    1    1    1    1    1    1    1  0.00000E+00 0.00000 
    2    2    1    1    1    1    1    1    1    1  0.00000E+00 0.00000 
    3    3    1    1    1    1    1    1    1    1  0.00000E+00 0.00000 
    4    4    1    1    1    1    1    1    1    1  0.00000E+00 0.00000 
    5    5    1    1    1    1    1    1    1    1  0.00000E+00 0.00000 
    6    6    1    1    1    1    1    1    1    1  0.00000E+00 0.00000 
    7    7    1    1    1    1    1    1    1    1  1.50952E+07 1.00000 
    8    8    1    1    1    1    1    1    1    1  0.00000E+00 0.00000 
    9    9    1    1    1    1    1    1    1    1  0.00000E+00 0.00000 
   10   10    1    1    1    1    1    1    1    1  1.04057E+08 0.80599 
   11   11    1    1    1    1    1    1    1    1  0.00000E+00 0.00000 
   12   12    1    1    1    1    1    1    1    1  6.40568E+07 0.54365 
   13   13    1    1    1    1    1    1    1    1  4.04560E+08 0.79947 
   14   14    1    1    1    1    1    1    1    1  2.72227E+09 0.39622 
   15   15    1    1    1    1    1    1    1    1  5.76948E+09 0.35914 
   16   16    1    1    1    1    1    1    1    1  1.78716E+09 0.32187 
   17   17    1    1    1    1    1    1    1    1  2.13419E+09 0.29452 
   18   18    1    1    1    1    1    1    1    1  4.62973E+09 0.21759 
   19   19    1    1    1    1    1    1    1    1  5.41777E+09 0.17290 
   20   20    1    1    1    1    1    1    1    1  2.22577E+10 0.12331 
   21   21    1    1    1    1    1    1    1    1  1.60020E+10 0.09010 
   22   22    1    1    1    1    1    1    1    1  4.39735E+10 0.11254 
   23   23    1    1    1    1    1    1    1    1  7.32674E+10 0.06811 
   24   24    1    1    1    1    1    1    1    1  1.08971E+11 0.06441 
   25   25    1    1    1    1    1    1    1    1  1.26634E+11 0.05107 
   26   26    1    1    1    1    1    1    1    1  1.92383E+11 0.03895 
   27   27    1    1    1    1    1    1    1    1  3.55125E+11 0.04174 
   28   28    1    1    1    1    1    1    1    1  6.64587E+11 0.03104 
   29   29    1    1    1    1    1    1    1    1  9.30550E+11 0.02008 
   30   30    1    1    1    1    1    1    1    1  2.85583E+12 0.01538 
   31   31    1    1    1    1    1    1    1    1  8.87343E+12 0.00764 
   32   32    1    1    1    1    1    1    1    1  1.66258E+13 0.00590 
   33   33    1    1    1    1    1    1    1    1  3.77963E+13 0.00414 
   34   34    1    1    1    1    1    1    1    1  5.07106E+13 0.00456 
   35   35    1    1    1    1    1    1    1    1  7.22970E+13 0.00317 
   36   36    1    1    1    1    1    1    1    1  5.09870E+13 0.00328 
   37   37    1    1    1    1    1    1    1    1  1.59836E+13 0.00280 
   38   38    1    1    1    1    1    1    1    1  8.69786E+13 0.00240 
   39   39    1    1    1    1    1    1    1    1  1.16240E+14 0.00209 
   40   40    1    1    1    1    1    1    1    1  1.96828E+14 0.00199 
   41   41    1    1    1    1    1    1    1    1  2.03265E+14 0.00148 
   42   42    1    1    1    1    1    1    1    1  4.21797E+14 0.00114 
   43   43    1    1    1    1    1    1    1    1  5.07187E+14 0.00105 
   44   44    1    1    1    1    1    1    1    1  7.25614E+14 0.00111 
   45   45    1    1    1    1    1    1    1    1  1.41032E+15 0.00115 
   46   46    1    1    1    1    1    1    1    1  6.68897E+14 0.00103 
   47   47    1    1    1    1    1    1    1    1  1.08175E+15 0.00105 
   48   48    1    1    1    1    1    1    1    1  1.50661E+15 0.00081 
   49   49    1    1    1    1    1    1    1    1  1.49112E+15 0.00064 
   50   50    1    1    1    1    1    1    1    1  2.28982E+15 0.00079 
   51   51    1    1    1    1    1    1    1    1  1.85250E+15 0.00072 
   52   52    1    1    1    1    1    1    1    1  2.15201E+15 0.00064 
   53   53    1    1    1    1    1    1    1    1  1.50321E+15 0.00073 
   54   54    1    1    1    1    1    1    1    1  1.80109E+15 0.00075 
   55   55    1    1    1    1    1    1    1    1  1.24820E+15 0.00075 
   56   56    1    1    1    1    1    1    1    1  1.70956E+14 0.00151 
   57   57    1    1    1    1    1    1    1    1  2.48188E+15 0.00074 
   58   58    1    1    1    1    1    1    1    1  1.07490E+15 0.00097 
   59   59    1    1    1    1    1    1    1    1  1.15309E+15 0.00081 
   60   60    1    1    1    1    1    1    1    1  8.80174E+14 0.00100 
   61   61    1    1    1    1    1    1    1    1  8.87005E+14 0.00105 
   62   62    1    1    1    1    1    1    1    1  9.18492E+14 0.00117 
   63   63    1    1    1    1    1    1    1    1  7.67725E+14 0.00107 
   64   64    1    1    1    1    1    1    1    1  6.09375E+14 0.00109 
   65   65    1    1    1    1    1    1    1    1  6.05063E+14 0.00110 
   66   66    1    1    1    1    1    1    1    1  4.36227E+14 0.00136 
   67   67    1    1    1    1    1    1    1    1  3.57893E+14 0.00113 
   68   68    1    1    1    1    1    1    1    1  3.22054E+14 0.00181 
   69   69    1    1    1    1    1    1    1    1  3.87037E+14 0.00184 
   70   70    1    1    1    1    1    1    1    1  3.29936E+14 0.00134 
   71   71    1    1    1    1    1    1    1    1  6.10667E+14 0.00103 
   72   72    1    1    1    1    1    1    1    1  4.34414E+14 0.00156 
   73   73    1    1    1    1    1    1    1    1  3.25301E+14 0.00190 
   74   74    1    1    1    1    1    1    1    1  2.57082E+14 0.00188 
   75   75    1    1    1    1    1    1    1    1  2.10553E+14 0.00246 
   76   76    1    1    1    1    1    1    1    1  2.40722E+14 0.00100 
   77   77    1    1    1    1    1    1    1    1  1.87187E+14 0.00151 
   78   78    1    1    1    1    1    1    1    1  1.47425E+14 0.00193 
   79   79    1    1    1    1    1    1    1    1  1.50606E+14 0.00179 
   80   80    1    1    1    1    1    1    1    1  1.10219E+14 0.00243 
   81   81    1    1    1    1    1    1    1    1  8.49322E+13 0.00231 
   82   82    1    1    1    1    1    1    1    1  6.52723E+13 0.00230 
   83   83    1    1    1    1    1    1    1    1  6.04523E+13 0.00342 
   84   84    1    1    1    1    1    1    1    1  4.35331E+13 0.00339 
   85   85    1    1    1    1    1    1    1    1  3.14581E+13 0.00397 
   86   86    1    1    1    1    1    1    1    1  2.95341E+13 0.00360 
   87   87    1    1    1    1    1    1    1    1  1.80535E+13 0.00522 
   88   88    1    1    1    1    1    1    1    1  1.22555E+13 0.00681 
   89   89    1    1    1    1    1    1    1    1  7.14297E+12 0.00745 
   90   90    1    1    1    1    1    1    1    1  4.70955E+12 0.01035 
   91   91    1    1    1    1    1    1    1    1  2.38390E+12 0.01382 
   92   92    1    1    1    1    1    1    1    1  1.20311E+12 0.01841 
   93   93    1    1    1    1    1    1    1    1  5.68662E+11 0.03463 
   94   94    1    1    1    1    1    1    1    1  2.79503E+11 0.04284 
   95   95    1    1    1    1    1    1    1    1  1.26577E+11 0.07647 
   96   96    1    1    1    1    1    1    1    1  6.03608E+10 0.09835 
   97   97    1    1    1    1    1    1    1    1  3.06177E+10 0.12485 
   98   98    1    1    1    1    1    1    1    1  1.57608E+10 0.14373 
   99   99    1    1    1    1    1    1    1    1  6.77580E+09 0.27326 
  100  100    1    1    1    1    1    1    1    1  5.48203E+09 0.25385 
];


