
DETdpaspec = [
    1    1    1    1    1    1    1    1    1    1  0.00000E+00 0.00000 
    2    2    1    1    1    1    1    1    1    1  0.00000E+00 0.00000 
    3    3    1    1    1    1    1    1    1    1  0.00000E+00 0.00000 
    4    4    1    1    1    1    1    1    1    1  0.00000E+00 0.00000 
    5    5    1    1    1    1    1    1    1    1  1.00468E+07 1.00000 
    6    6    1    1    1    1    1    1    1    1  0.00000E+00 0.00000 
    7    7    1    1    1    1    1    1    1    1  0.00000E+00 0.00000 
    8    8    1    1    1    1    1    1    1    1  1.21537E+07 1.00000 
    9    9    1    1    1    1    1    1    1    1  2.13098E+07 0.69886 
   10   10    1    1    1    1    1    1    1    1  3.00439E+07 1.00000 
   11   11    1    1    1    1    1    1    1    1  9.43070E+07 0.69560 
   12   12    1    1    1    1    1    1    1    1  6.11599E+07 0.64559 
   13   13    1    1    1    1    1    1    1    1  9.72230E+08 0.54235 
   14   14    1    1    1    1    1    1    1    1  1.88533E+09 0.56411 
   15   15    1    1    1    1    1    1    1    1  3.46443E+09 0.38412 
   16   16    1    1    1    1    1    1    1    1  8.10642E+08 0.54482 
   17   17    1    1    1    1    1    1    1    1  1.83746E+09 0.25764 
   18   18    1    1    1    1    1    1    1    1  4.40935E+09 0.23430 
   19   19    1    1    1    1    1    1    1    1  6.52596E+09 0.17468 
   20   20    1    1    1    1    1    1    1    1  1.70476E+10 0.18307 
   21   21    1    1    1    1    1    1    1    1  1.52724E+10 0.15259 
   22   22    1    1    1    1    1    1    1    1  3.98022E+10 0.10707 
   23   23    1    1    1    1    1    1    1    1  5.25874E+10 0.05220 
   24   24    1    1    1    1    1    1    1    1  7.99548E+10 0.07753 
   25   25    1    1    1    1    1    1    1    1  1.22987E+11 0.05606 
   26   26    1    1    1    1    1    1    1    1  2.04908E+11 0.04796 
   27   27    1    1    1    1    1    1    1    1  3.66091E+11 0.03366 
   28   28    1    1    1    1    1    1    1    1  7.61084E+11 0.01988 
   29   29    1    1    1    1    1    1    1    1  1.21255E+12 0.01743 
   30   30    1    1    1    1    1    1    1    1  3.43535E+12 0.01124 
   31   31    1    1    1    1    1    1    1    1  1.05113E+13 0.00688 
   32   32    1    1    1    1    1    1    1    1  1.96320E+13 0.00459 
   33   33    1    1    1    1    1    1    1    1  4.66637E+13 0.00400 
   34   34    1    1    1    1    1    1    1    1  6.50276E+13 0.00239 
   35   35    1    1    1    1    1    1    1    1  8.70690E+13 0.00178 
   36   36    1    1    1    1    1    1    1    1  5.98360E+13 0.00178 
   37   37    1    1    1    1    1    1    1    1  1.84781E+13 0.00254 
   38   38    1    1    1    1    1    1    1    1  1.02836E+14 0.00159 
   39   39    1    1    1    1    1    1    1    1  1.38640E+14 0.00164 
   40   40    1    1    1    1    1    1    1    1  2.38053E+14 0.00178 
   41   41    1    1    1    1    1    1    1    1  2.42265E+14 0.00144 
   42   42    1    1    1    1    1    1    1    1  5.14710E+14 0.00144 
   43   43    1    1    1    1    1    1    1    1  6.24098E+14 0.00107 
   44   44    1    1    1    1    1    1    1    1  9.03227E+14 0.00103 
   45   45    1    1    1    1    1    1    1    1  1.79725E+15 0.00085 
   46   46    1    1    1    1    1    1    1    1  8.48731E+14 0.00086 
   47   47    1    1    1    1    1    1    1    1  1.37018E+15 0.00073 
   48   48    1    1    1    1    1    1    1    1  1.92059E+15 0.00075 
   49   49    1    1    1    1    1    1    1    1  1.90201E+15 0.00067 
   50   50    1    1    1    1    1    1    1    1  2.96690E+15 0.00063 
   51   51    1    1    1    1    1    1    1    1  2.37876E+15 0.00087 
   52   52    1    1    1    1    1    1    1    1  2.82704E+15 0.00087 
   53   53    1    1    1    1    1    1    1    1  1.97252E+15 0.00067 
   54   54    1    1    1    1    1    1    1    1  2.40852E+15 0.00063 
   55   55    1    1    1    1    1    1    1    1  1.66441E+15 0.00082 
   56   56    1    1    1    1    1    1    1    1  2.26849E+14 0.00094 
   57   57    1    1    1    1    1    1    1    1  3.31265E+15 0.00061 
   58   58    1    1    1    1    1    1    1    1  1.47011E+15 0.00088 
   59   59    1    1    1    1    1    1    1    1  1.56992E+15 0.00093 
   60   60    1    1    1    1    1    1    1    1  1.22046E+15 0.00099 
   61   61    1    1    1    1    1    1    1    1  1.22368E+15 0.00092 
   62   62    1    1    1    1    1    1    1    1  1.27591E+15 0.00082 
   63   63    1    1    1    1    1    1    1    1  1.07430E+15 0.00122 
   64   64    1    1    1    1    1    1    1    1  8.54810E+14 0.00117 
   65   65    1    1    1    1    1    1    1    1  8.48805E+14 0.00090 
   66   66    1    1    1    1    1    1    1    1  6.14357E+14 0.00111 
   67   67    1    1    1    1    1    1    1    1  5.01967E+14 0.00108 
   68   68    1    1    1    1    1    1    1    1  4.49990E+14 0.00110 
   69   69    1    1    1    1    1    1    1    1  5.40785E+14 0.00116 
   70   70    1    1    1    1    1    1    1    1  4.61353E+14 0.00130 
   71   71    1    1    1    1    1    1    1    1  8.45303E+14 0.00118 
   72   72    1    1    1    1    1    1    1    1  5.98402E+14 0.00117 
   73   73    1    1    1    1    1    1    1    1  4.50570E+14 0.00143 
   74   74    1    1    1    1    1    1    1    1  3.62515E+14 0.00151 
   75   75    1    1    1    1    1    1    1    1  2.99502E+14 0.00131 
   76   76    1    1    1    1    1    1    1    1  3.45546E+14 0.00162 
   77   77    1    1    1    1    1    1    1    1  2.72508E+14 0.00191 
   78   78    1    1    1    1    1    1    1    1  2.16197E+14 0.00183 
   79   79    1    1    1    1    1    1    1    1  2.23052E+14 0.00158 
   80   80    1    1    1    1    1    1    1    1  1.64720E+14 0.00219 
   81   81    1    1    1    1    1    1    1    1  1.26599E+14 0.00218 
   82   82    1    1    1    1    1    1    1    1  9.74922E+13 0.00296 
   83   83    1    1    1    1    1    1    1    1  9.10496E+13 0.00207 
   84   84    1    1    1    1    1    1    1    1  6.57696E+13 0.00221 
   85   85    1    1    1    1    1    1    1    1  4.72944E+13 0.00372 
   86   86    1    1    1    1    1    1    1    1  4.44563E+13 0.00373 
   87   87    1    1    1    1    1    1    1    1  2.73114E+13 0.00465 
   88   88    1    1    1    1    1    1    1    1  1.82104E+13 0.00586 
   89   89    1    1    1    1    1    1    1    1  1.04883E+13 0.00665 
   90   90    1    1    1    1    1    1    1    1  6.93008E+12 0.00740 
   91   91    1    1    1    1    1    1    1    1  3.49829E+12 0.01693 
   92   92    1    1    1    1    1    1    1    1  1.72391E+12 0.02095 
   93   93    1    1    1    1    1    1    1    1  8.31331E+11 0.02767 
   94   94    1    1    1    1    1    1    1    1  3.94796E+11 0.04315 
   95   95    1    1    1    1    1    1    1    1  1.85902E+11 0.04910 
   96   96    1    1    1    1    1    1    1    1  7.57868E+10 0.06930 
   97   97    1    1    1    1    1    1    1    1  4.47320E+10 0.08588 
   98   98    1    1    1    1    1    1    1    1  2.13408E+10 0.14443 
   99   99    1    1    1    1    1    1    1    1  9.44140E+09 0.26244 
  100  100    1    1    1    1    1    1    1    1  6.82445E+09 0.24406 
];


