
DETdpaspec = [
    1    1    1    1    1    1    1    1    1    1  0.00000E+00 0.00000 
    2    2    1    1    1    1    1    1    1    1  0.00000E+00 0.00000 
    3    3    1    1    1    1    1    1    1    1  0.00000E+00 0.00000 
    4    4    1    1    1    1    1    1    1    1  0.00000E+00 0.00000 
    5    5    1    1    1    1    1    1    1    1  0.00000E+00 0.00000 
    6    6    1    1    1    1    1    1    1    1  0.00000E+00 0.00000 
    7    7    1    1    1    1    1    1    1    1  0.00000E+00 0.00000 
    8    8    1    1    1    1    1    1    1    1  0.00000E+00 0.00000 
    9    9    1    1    1    1    1    1    1    1  1.73629E+07 0.68828 
   10   10    1    1    1    1    1    1    1    1  0.00000E+00 0.00000 
   11   11    1    1    1    1    1    1    1    1  1.81098E+08 1.00000 
   12   12    1    1    1    1    1    1    1    1  1.46622E+07 0.68877 
   13   13    1    1    1    1    1    1    1    1  9.26474E+07 1.00000 
   14   14    1    1    1    1    1    1    1    1  4.25319E+09 0.29742 
   15   15    1    1    1    1    1    1    1    1  1.82359E+09 0.46788 
   16   16    1    1    1    1    1    1    1    1  9.75745E+08 0.37776 
   17   17    1    1    1    1    1    1    1    1  1.94335E+09 0.41911 
   18   18    1    1    1    1    1    1    1    1  3.85610E+09 0.33086 
   19   19    1    1    1    1    1    1    1    1  8.07714E+09 0.19695 
   20   20    1    1    1    1    1    1    1    1  1.72627E+10 0.13429 
   21   21    1    1    1    1    1    1    1    1  1.29842E+10 0.16202 
   22   22    1    1    1    1    1    1    1    1  3.10084E+10 0.11014 
   23   23    1    1    1    1    1    1    1    1  5.90605E+10 0.07099 
   24   24    1    1    1    1    1    1    1    1  9.87707E+10 0.06769 
   25   25    1    1    1    1    1    1    1    1  1.19415E+11 0.06059 
   26   26    1    1    1    1    1    1    1    1  1.86081E+11 0.06019 
   27   27    1    1    1    1    1    1    1    1  3.68577E+11 0.04304 
   28   28    1    1    1    1    1    1    1    1  8.68037E+11 0.02592 
   29   29    1    1    1    1    1    1    1    1  1.47175E+12 0.02199 
   30   30    1    1    1    1    1    1    1    1  4.06321E+12 0.01241 
   31   31    1    1    1    1    1    1    1    1  1.24159E+13 0.00798 
   32   32    1    1    1    1    1    1    1    1  2.27248E+13 0.00607 
   33   33    1    1    1    1    1    1    1    1  5.40644E+13 0.00433 
   34   34    1    1    1    1    1    1    1    1  7.55325E+13 0.00219 
   35   35    1    1    1    1    1    1    1    1  9.73995E+13 0.00185 
   36   36    1    1    1    1    1    1    1    1  6.56266E+13 0.00221 
   37   37    1    1    1    1    1    1    1    1  1.99656E+13 0.00241 
   38   38    1    1    1    1    1    1    1    1  1.12348E+14 0.00186 
   39   39    1    1    1    1    1    1    1    1  1.51599E+14 0.00166 
   40   40    1    1    1    1    1    1    1    1  2.61547E+14 0.00158 
   41   41    1    1    1    1    1    1    1    1  2.63393E+14 0.00136 
   42   42    1    1    1    1    1    1    1    1  5.63025E+14 0.00106 
   43   43    1    1    1    1    1    1    1    1  6.84038E+14 0.00097 
   44   44    1    1    1    1    1    1    1    1  9.91379E+14 0.00081 
   45   45    1    1    1    1    1    1    1    1  1.98287E+15 0.00081 
   46   46    1    1    1    1    1    1    1    1  9.32355E+14 0.00069 
   47   47    1    1    1    1    1    1    1    1  1.49757E+15 0.00081 
   48   48    1    1    1    1    1    1    1    1  2.09859E+15 0.00063 
   49   49    1    1    1    1    1    1    1    1  2.07709E+15 0.00078 
   50   50    1    1    1    1    1    1    1    1  3.25925E+15 0.00065 
   51   51    1    1    1    1    1    1    1    1  2.59412E+15 0.00070 
   52   52    1    1    1    1    1    1    1    1  3.10458E+15 0.00072 
   53   53    1    1    1    1    1    1    1    1  2.16095E+15 0.00074 
   54   54    1    1    1    1    1    1    1    1  2.66087E+15 0.00073 
   55   55    1    1    1    1    1    1    1    1  1.83604E+15 0.00064 
   56   56    1    1    1    1    1    1    1    1  2.49088E+14 0.00102 
   57   57    1    1    1    1    1    1    1    1  3.65364E+15 0.00087 
   58   58    1    1    1    1    1    1    1    1  1.63935E+15 0.00066 
   59   59    1    1    1    1    1    1    1    1  1.74460E+15 0.00084 
   60   60    1    1    1    1    1    1    1    1  1.36664E+15 0.00095 
   61   61    1    1    1    1    1    1    1    1  1.36843E+15 0.00088 
   62   62    1    1    1    1    1    1    1    1  1.42538E+15 0.00108 
   63   63    1    1    1    1    1    1    1    1  1.20316E+15 0.00069 
   64   64    1    1    1    1    1    1    1    1  9.58659E+14 0.00098 
   65   65    1    1    1    1    1    1    1    1  9.51248E+14 0.00118 
   66   66    1    1    1    1    1    1    1    1  6.89408E+14 0.00083 
   67   67    1    1    1    1    1    1    1    1  5.62300E+14 0.00082 
   68   68    1    1    1    1    1    1    1    1  5.04256E+14 0.00120 
   69   69    1    1    1    1    1    1    1    1  6.05707E+14 0.00097 
   70   70    1    1    1    1    1    1    1    1  5.15911E+14 0.00122 
   71   71    1    1    1    1    1    1    1    1  9.36790E+14 0.00115 
   72   72    1    1    1    1    1    1    1    1  6.64537E+14 0.00109 
   73   73    1    1    1    1    1    1    1    1  5.01227E+14 0.00110 
   74   74    1    1    1    1    1    1    1    1  4.04549E+14 0.00113 
   75   75    1    1    1    1    1    1    1    1  3.35854E+14 0.00140 
   76   76    1    1    1    1    1    1    1    1  3.89932E+14 0.00150 
   77   77    1    1    1    1    1    1    1    1  3.09398E+14 0.00101 
   78   78    1    1    1    1    1    1    1    1  2.46205E+14 0.00108 
   79   79    1    1    1    1    1    1    1    1  2.54041E+14 0.00175 
   80   80    1    1    1    1    1    1    1    1  1.88925E+14 0.00155 
   81   81    1    1    1    1    1    1    1    1  1.45871E+14 0.00193 
   82   82    1    1    1    1    1    1    1    1  1.11958E+14 0.00178 
   83   83    1    1    1    1    1    1    1    1  1.04781E+14 0.00266 
   84   84    1    1    1    1    1    1    1    1  7.54155E+13 0.00270 
   85   85    1    1    1    1    1    1    1    1  5.42182E+13 0.00329 
   86   86    1    1    1    1    1    1    1    1  5.08891E+13 0.00306 
   87   87    1    1    1    1    1    1    1    1  3.12459E+13 0.00385 
   88   88    1    1    1    1    1    1    1    1  2.09261E+13 0.00444 
   89   89    1    1    1    1    1    1    1    1  1.21214E+13 0.00818 
   90   90    1    1    1    1    1    1    1    1  8.13396E+12 0.00684 
   91   91    1    1    1    1    1    1    1    1  4.11751E+12 0.01186 
   92   92    1    1    1    1    1    1    1    1  2.00459E+12 0.01720 
   93   93    1    1    1    1    1    1    1    1  9.40408E+11 0.02264 
   94   94    1    1    1    1    1    1    1    1  4.45351E+11 0.04297 
   95   95    1    1    1    1    1    1    1    1  2.17493E+11 0.06410 
   96   96    1    1    1    1    1    1    1    1  1.08584E+11 0.06616 
   97   97    1    1    1    1    1    1    1    1  4.70958E+10 0.08176 
   98   98    1    1    1    1    1    1    1    1  2.36119E+10 0.13498 
   99   99    1    1    1    1    1    1    1    1  1.34413E+10 0.21146 
  100  100    1    1    1    1    1    1    1    1  9.82347E+09 0.24170 
];


