
DETdpaspec = [
    1    1    1    1    1    1    1    1    1    1  0.00000E+00 0.00000 
    2    2    1    1    1    1    1    1    1    1  0.00000E+00 0.00000 
    3    3    1    1    1    1    1    1    1    1  0.00000E+00 0.00000 
    4    4    1    1    1    1    1    1    1    1  0.00000E+00 0.00000 
    5    5    1    1    1    1    1    1    1    1  0.00000E+00 0.00000 
    6    6    1    1    1    1    1    1    1    1  0.00000E+00 0.00000 
    7    7    1    1    1    1    1    1    1    1  0.00000E+00 0.00000 
    8    8    1    1    1    1    1    1    1    1  0.00000E+00 0.00000 
    9    9    1    1    1    1    1    1    1    1  0.00000E+00 0.00000 
   10   10    1    1    1    1    1    1    1    1  0.00000E+00 0.00000 
   11   11    1    1    1    1    1    1    1    1  2.22449E+08 1.00000 
   12   12    1    1    1    1    1    1    1    1  4.07920E+07 1.00000 
   13   13    1    1    1    1    1    1    1    1  4.70338E+07 1.00000 
   14   14    1    1    1    1    1    1    1    1  2.19389E+09 0.58636 
   15   15    1    1    1    1    1    1    1    1  2.10381E+09 0.43353 
   16   16    1    1    1    1    1    1    1    1  1.64338E+09 0.50922 
   17   17    1    1    1    1    1    1    1    1  1.66706E+09 0.29345 
   18   18    1    1    1    1    1    1    1    1  3.99893E+09 0.34873 
   19   19    1    1    1    1    1    1    1    1  6.95892E+09 0.21400 
   20   20    1    1    1    1    1    1    1    1  1.63919E+10 0.23347 
   21   21    1    1    1    1    1    1    1    1  1.47884E+10 0.15237 
   22   22    1    1    1    1    1    1    1    1  3.00910E+10 0.07728 
   23   23    1    1    1    1    1    1    1    1  5.18029E+10 0.10460 
   24   24    1    1    1    1    1    1    1    1  1.01047E+11 0.06181 
   25   25    1    1    1    1    1    1    1    1  1.36875E+11 0.06401 
   26   26    1    1    1    1    1    1    1    1  2.39791E+11 0.05891 
   27   27    1    1    1    1    1    1    1    1  5.02714E+11 0.02863 
   28   28    1    1    1    1    1    1    1    1  1.32855E+12 0.02140 
   29   29    1    1    1    1    1    1    1    1  2.38773E+12 0.01412 
   30   30    1    1    1    1    1    1    1    1  6.09146E+12 0.00985 
   31   31    1    1    1    1    1    1    1    1  1.74029E+13 0.00707 
   32   32    1    1    1    1    1    1    1    1  3.06607E+13 0.00528 
   33   33    1    1    1    1    1    1    1    1  7.15672E+13 0.00343 
   34   34    1    1    1    1    1    1    1    1  9.85296E+13 0.00283 
   35   35    1    1    1    1    1    1    1    1  1.18124E+14 0.00166 
   36   36    1    1    1    1    1    1    1    1  7.66549E+13 0.00198 
   37   37    1    1    1    1    1    1    1    1  2.29701E+13 0.00229 
   38   38    1    1    1    1    1    1    1    1  1.30610E+14 0.00194 
   39   39    1    1    1    1    1    1    1    1  1.75797E+14 0.00183 
   40   40    1    1    1    1    1    1    1    1  3.02479E+14 0.00157 
   41   41    1    1    1    1    1    1    1    1  2.99886E+14 0.00133 
   42   42    1    1    1    1    1    1    1    1  6.45172E+14 0.00084 
   43   43    1    1    1    1    1    1    1    1  7.80240E+14 0.00101 
   44   44    1    1    1    1    1    1    1    1  1.12419E+15 0.00109 
   45   45    1    1    1    1    1    1    1    1  2.24524E+15 0.00078 
   46   46    1    1    1    1    1    1    1    1  1.04164E+15 0.00089 
   47   47    1    1    1    1    1    1    1    1  1.66400E+15 0.00077 
   48   48    1    1    1    1    1    1    1    1  2.32019E+15 0.00076 
   49   49    1    1    1    1    1    1    1    1  2.28069E+15 0.00076 
   50   50    1    1    1    1    1    1    1    1  3.58900E+15 0.00060 
   51   51    1    1    1    1    1    1    1    1  2.82726E+15 0.00082 
   52   52    1    1    1    1    1    1    1    1  3.40397E+15 0.00075 
   53   53    1    1    1    1    1    1    1    1  2.36051E+15 0.00075 
   54   54    1    1    1    1    1    1    1    1  2.92478E+15 0.00066 
   55   55    1    1    1    1    1    1    1    1  2.00961E+15 0.00088 
   56   56    1    1    1    1    1    1    1    1  2.72705E+14 0.00123 
   57   57    1    1    1    1    1    1    1    1  3.99167E+15 0.00068 
   58   58    1    1    1    1    1    1    1    1  1.80708E+15 0.00081 
   59   59    1    1    1    1    1    1    1    1  1.91686E+15 0.00073 
   60   60    1    1    1    1    1    1    1    1  1.51038E+15 0.00090 
   61   61    1    1    1    1    1    1    1    1  1.51049E+15 0.00099 
   62   62    1    1    1    1    1    1    1    1  1.57549E+15 0.00087 
   63   63    1    1    1    1    1    1    1    1  1.33024E+15 0.00068 
   64   64    1    1    1    1    1    1    1    1  1.05857E+15 0.00086 
   65   65    1    1    1    1    1    1    1    1  1.05161E+15 0.00095 
   66   66    1    1    1    1    1    1    1    1  7.61014E+14 0.00074 
   67   67    1    1    1    1    1    1    1    1  6.17612E+14 0.00101 
   68   68    1    1    1    1    1    1    1    1  5.53381E+14 0.00104 
   69   69    1    1    1    1    1    1    1    1  6.63053E+14 0.00123 
   70   70    1    1    1    1    1    1    1    1  5.63361E+14 0.00134 
   71   71    1    1    1    1    1    1    1    1  1.01760E+15 0.00115 
   72   72    1    1    1    1    1    1    1    1  7.19178E+14 0.00128 
   73   73    1    1    1    1    1    1    1    1  5.42131E+14 0.00108 
   74   74    1    1    1    1    1    1    1    1  4.38919E+14 0.00139 
   75   75    1    1    1    1    1    1    1    1  3.67809E+14 0.00133 
   76   76    1    1    1    1    1    1    1    1  4.28720E+14 0.00127 
   77   77    1    1    1    1    1    1    1    1  3.42500E+14 0.00154 
   78   78    1    1    1    1    1    1    1    1  2.74519E+14 0.00140 
   79   79    1    1    1    1    1    1    1    1  2.84453E+14 0.00151 
   80   80    1    1    1    1    1    1    1    1  2.10820E+14 0.00169 
   81   81    1    1    1    1    1    1    1    1  1.62959E+14 0.00143 
   82   82    1    1    1    1    1    1    1    1  1.25575E+14 0.00222 
   83   83    1    1    1    1    1    1    1    1  1.17068E+14 0.00275 
   84   84    1    1    1    1    1    1    1    1  8.41575E+13 0.00286 
   85   85    1    1    1    1    1    1    1    1  6.07730E+13 0.00263 
   86   86    1    1    1    1    1    1    1    1  5.68662E+13 0.00397 
   87   87    1    1    1    1    1    1    1    1  3.48154E+13 0.00245 
   88   88    1    1    1    1    1    1    1    1  2.35647E+13 0.00618 
   89   89    1    1    1    1    1    1    1    1  1.34203E+13 0.00612 
   90   90    1    1    1    1    1    1    1    1  8.97131E+12 0.00757 
   91   91    1    1    1    1    1    1    1    1  4.50110E+12 0.01101 
   92   92    1    1    1    1    1    1    1    1  2.14630E+12 0.01424 
   93   93    1    1    1    1    1    1    1    1  9.93936E+11 0.02004 
   94   94    1    1    1    1    1    1    1    1  5.17783E+11 0.02556 
   95   95    1    1    1    1    1    1    1    1  2.32222E+11 0.03290 
   96   96    1    1    1    1    1    1    1    1  1.23100E+11 0.07396 
   97   97    1    1    1    1    1    1    1    1  5.07950E+10 0.12706 
   98   98    1    1    1    1    1    1    1    1  2.70858E+10 0.13734 
   99   99    1    1    1    1    1    1    1    1  8.02014E+09 0.19484 
  100  100    1    1    1    1    1    1    1    1  1.53147E+10 0.21569 
];


