
DETdpaspec = [
    1    1    1    1    1    1    1    1    1    1  0.00000E+00 0.00000 
    2    2    1    1    1    1    1    1    1    1  0.00000E+00 0.00000 
    3    3    1    1    1    1    1    1    1    1  0.00000E+00 0.00000 
    4    4    1    1    1    1    1    1    1    1  0.00000E+00 0.00000 
    5    5    1    1    1    1    1    1    1    1  0.00000E+00 0.00000 
    6    6    1    1    1    1    1    1    1    1  0.00000E+00 0.00000 
    7    7    1    1    1    1    1    1    1    1  0.00000E+00 0.00000 
    8    8    1    1    1    1    1    1    1    1  1.09190E+07 1.00000 
    9    9    1    1    1    1    1    1    1    1  6.47143E+06 1.00000 
   10   10    1    1    1    1    1    1    1    1  3.86423E+07 1.00000 
   11   11    1    1    1    1    1    1    1    1  1.01972E+08 1.00000 
   12   12    1    1    1    1    1    1    1    1  0.00000E+00 0.00000 
   13   13    1    1    1    1    1    1    1    1  1.14737E+09 0.41053 
   14   14    1    1    1    1    1    1    1    1  3.34067E+09 0.33995 
   15   15    1    1    1    1    1    1    1    1  1.49922E+09 0.47625 
   16   16    1    1    1    1    1    1    1    1  1.03823E+09 0.41256 
   17   17    1    1    1    1    1    1    1    1  3.77928E+09 0.27066 
   18   18    1    1    1    1    1    1    1    1  6.52443E+09 0.27261 
   19   19    1    1    1    1    1    1    1    1  5.66937E+09 0.20446 
   20   20    1    1    1    1    1    1    1    1  1.55302E+10 0.20292 
   21   21    1    1    1    1    1    1    1    1  1.47159E+10 0.13692 
   22   22    1    1    1    1    1    1    1    1  3.92890E+10 0.09804 
   23   23    1    1    1    1    1    1    1    1  4.63321E+10 0.07434 
   24   24    1    1    1    1    1    1    1    1  1.09041E+11 0.08231 
   25   25    1    1    1    1    1    1    1    1  1.25066E+11 0.06022 
   26   26    1    1    1    1    1    1    1    1  1.98996E+11 0.04537 
   27   27    1    1    1    1    1    1    1    1  4.13083E+11 0.03618 
   28   28    1    1    1    1    1    1    1    1  9.71273E+11 0.02293 
   29   29    1    1    1    1    1    1    1    1  1.69880E+12 0.01750 
   30   30    1    1    1    1    1    1    1    1  4.57877E+12 0.01085 
   31   31    1    1    1    1    1    1    1    1  1.38920E+13 0.00730 
   32   32    1    1    1    1    1    1    1    1  2.54297E+13 0.00566 
   33   33    1    1    1    1    1    1    1    1  6.01901E+13 0.00289 
   34   34    1    1    1    1    1    1    1    1  8.36147E+13 0.00265 
   35   35    1    1    1    1    1    1    1    1  1.04581E+14 0.00233 
   36   36    1    1    1    1    1    1    1    1  6.97015E+13 0.00189 
   37   37    1    1    1    1    1    1    1    1  2.10896E+13 0.00232 
   38   38    1    1    1    1    1    1    1    1  1.19162E+14 0.00209 
   39   39    1    1    1    1    1    1    1    1  1.60526E+14 0.00195 
   40   40    1    1    1    1    1    1    1    1  2.76938E+14 0.00151 
   41   41    1    1    1    1    1    1    1    1  2.77370E+14 0.00146 
   42   42    1    1    1    1    1    1    1    1  5.95194E+14 0.00086 
   43   43    1    1    1    1    1    1    1    1  7.22156E+14 0.00072 
   44   44    1    1    1    1    1    1    1    1  1.04513E+15 0.00096 
   45   45    1    1    1    1    1    1    1    1  2.08971E+15 0.00085 
   46   46    1    1    1    1    1    1    1    1  9.77620E+14 0.00104 
   47   47    1    1    1    1    1    1    1    1  1.56704E+15 0.00084 
   48   48    1    1    1    1    1    1    1    1  2.19288E+15 0.00074 
   49   49    1    1    1    1    1    1    1    1  2.16580E+15 0.00088 
   50   50    1    1    1    1    1    1    1    1  3.40593E+15 0.00070 
   51   51    1    1    1    1    1    1    1    1  2.70370E+15 0.00067 
   52   52    1    1    1    1    1    1    1    1  3.24037E+15 0.00056 
   53   53    1    1    1    1    1    1    1    1  2.25424E+15 0.00064 
   54   54    1    1    1    1    1    1    1    1  2.78405E+15 0.00062 
   55   55    1    1    1    1    1    1    1    1  1.91857E+15 0.00068 
   56   56    1    1    1    1    1    1    1    1  2.60404E+14 0.00099 
   57   57    1    1    1    1    1    1    1    1  3.81429E+15 0.00059 
   58   58    1    1    1    1    1    1    1    1  1.71822E+15 0.00068 
   59   59    1    1    1    1    1    1    1    1  1.82847E+15 0.00064 
   60   60    1    1    1    1    1    1    1    1  1.43539E+15 0.00081 
   61   61    1    1    1    1    1    1    1    1  1.43732E+15 0.00096 
   62   62    1    1    1    1    1    1    1    1  1.49829E+15 0.00078 
   63   63    1    1    1    1    1    1    1    1  1.26492E+15 0.00098 
   64   64    1    1    1    1    1    1    1    1  1.00607E+15 0.00094 
   65   65    1    1    1    1    1    1    1    1  1.00027E+15 0.00096 
   66   66    1    1    1    1    1    1    1    1  7.24221E+14 0.00090 
   67   67    1    1    1    1    1    1    1    1  5.89372E+14 0.00073 
   68   68    1    1    1    1    1    1    1    1  5.28293E+14 0.00119 
   69   69    1    1    1    1    1    1    1    1  6.34638E+14 0.00089 
   70   70    1    1    1    1    1    1    1    1  5.39700E+14 0.00131 
   71   71    1    1    1    1    1    1    1    1  9.77348E+14 0.00124 
   72   72    1    1    1    1    1    1    1    1  6.92404E+14 0.00100 
   73   73    1    1    1    1    1    1    1    1  5.22507E+14 0.00122 
   74   74    1    1    1    1    1    1    1    1  4.22453E+14 0.00161 
   75   75    1    1    1    1    1    1    1    1  3.52519E+14 0.00167 
   76   76    1    1    1    1    1    1    1    1  4.09558E+14 0.00147 
   77   77    1    1    1    1    1    1    1    1  3.26556E+14 0.00180 
   78   78    1    1    1    1    1    1    1    1  2.60718E+14 0.00163 
   79   79    1    1    1    1    1    1    1    1  2.69110E+14 0.00110 
   80   80    1    1    1    1    1    1    1    1  2.00288E+14 0.00158 
   81   81    1    1    1    1    1    1    1    1  1.54130E+14 0.00187 
   82   82    1    1    1    1    1    1    1    1  1.18446E+14 0.00240 
   83   83    1    1    1    1    1    1    1    1  1.10925E+14 0.00268 
   84   84    1    1    1    1    1    1    1    1  7.99358E+13 0.00279 
   85   85    1    1    1    1    1    1    1    1  5.80239E+13 0.00381 
   86   86    1    1    1    1    1    1    1    1  5.36334E+13 0.00366 
   87   87    1    1    1    1    1    1    1    1  3.34077E+13 0.00417 
   88   88    1    1    1    1    1    1    1    1  2.21893E+13 0.00614 
   89   89    1    1    1    1    1    1    1    1  1.26961E+13 0.00520 
   90   90    1    1    1    1    1    1    1    1  8.33033E+12 0.00826 
   91   91    1    1    1    1    1    1    1    1  4.22246E+12 0.01153 
   92   92    1    1    1    1    1    1    1    1  2.04955E+12 0.01770 
   93   93    1    1    1    1    1    1    1    1  9.83536E+11 0.02323 
   94   94    1    1    1    1    1    1    1    1  4.79376E+11 0.03331 
   95   95    1    1    1    1    1    1    1    1  2.18736E+11 0.05246 
   96   96    1    1    1    1    1    1    1    1  1.15906E+11 0.06258 
   97   97    1    1    1    1    1    1    1    1  4.29725E+10 0.09205 
   98   98    1    1    1    1    1    1    1    1  3.45648E+10 0.13023 
   99   99    1    1    1    1    1    1    1    1  1.27748E+10 0.18684 
  100  100    1    1    1    1    1    1    1    1  1.17589E+10 0.20812 
];


