
DETdpaspec = [
    1    1    1    1    1    1    1    1    1    1  0.00000E+00 0.00000 
    2    2    1    1    1    1    1    1    1    1  0.00000E+00 0.00000 
    3    3    1    1    1    1    1    1    1    1  0.00000E+00 0.00000 
    4    4    1    1    1    1    1    1    1    1  0.00000E+00 0.00000 
    5    5    1    1    1    1    1    1    1    1  0.00000E+00 0.00000 
    6    6    1    1    1    1    1    1    1    1  1.00211E+07 1.00000 
    7    7    1    1    1    1    1    1    1    1  0.00000E+00 0.00000 
    8    8    1    1    1    1    1    1    1    1  0.00000E+00 0.00000 
    9    9    1    1    1    1    1    1    1    1  0.00000E+00 0.00000 
   10   10    1    1    1    1    1    1    1    1  8.06084E+07 1.00000 
   11   11    1    1    1    1    1    1    1    1  9.76243E+07 1.00000 
   12   12    1    1    1    1    1    1    1    1  2.65740E+07 1.00000 
   13   13    1    1    1    1    1    1    1    1  4.12456E+08 0.81321 
   14   14    1    1    1    1    1    1    1    1  1.65226E+09 0.54235 
   15   15    1    1    1    1    1    1    1    1  2.63175E+09 0.52290 
   16   16    1    1    1    1    1    1    1    1  6.61441E+08 0.60037 
   17   17    1    1    1    1    1    1    1    1  7.79311E+08 0.39865 
   18   18    1    1    1    1    1    1    1    1  5.57667E+09 0.25750 
   19   19    1    1    1    1    1    1    1    1  7.67848E+09 0.17697 
   20   20    1    1    1    1    1    1    1    1  2.49608E+10 0.15993 
   21   21    1    1    1    1    1    1    1    1  1.59508E+10 0.12247 
   22   22    1    1    1    1    1    1    1    1  3.73181E+10 0.10135 
   23   23    1    1    1    1    1    1    1    1  5.97338E+10 0.09611 
   24   24    1    1    1    1    1    1    1    1  9.69342E+10 0.08014 
   25   25    1    1    1    1    1    1    1    1  1.33373E+11 0.05577 
   26   26    1    1    1    1    1    1    1    1  1.97604E+11 0.04879 
   27   27    1    1    1    1    1    1    1    1  3.49904E+11 0.03430 
   28   28    1    1    1    1    1    1    1    1  8.27112E+11 0.02580 
   29   29    1    1    1    1    1    1    1    1  1.38640E+12 0.02073 
   30   30    1    1    1    1    1    1    1    1  3.82376E+12 0.01265 
   31   31    1    1    1    1    1    1    1    1  1.17607E+13 0.00807 
   32   32    1    1    1    1    1    1    1    1  2.18544E+13 0.00440 
   33   33    1    1    1    1    1    1    1    1  5.18203E+13 0.00340 
   34   34    1    1    1    1    1    1    1    1  7.22769E+13 0.00268 
   35   35    1    1    1    1    1    1    1    1  9.41705E+13 0.00222 
   36   36    1    1    1    1    1    1    1    1  6.37633E+13 0.00270 
   37   37    1    1    1    1    1    1    1    1  1.94950E+13 0.00261 
   38   38    1    1    1    1    1    1    1    1  1.09739E+14 0.00220 
   39   39    1    1    1    1    1    1    1    1  1.47879E+14 0.00186 
   40   40    1    1    1    1    1    1    1    1  2.54235E+14 0.00189 
   41   41    1    1    1    1    1    1    1    1  2.56475E+14 0.00157 
   42   42    1    1    1    1    1    1    1    1  5.47458E+14 0.00135 
   43   43    1    1    1    1    1    1    1    1  6.64651E+14 0.00125 
   44   44    1    1    1    1    1    1    1    1  9.64561E+14 0.00104 
   45   45    1    1    1    1    1    1    1    1  1.92509E+15 0.00082 
   46   46    1    1    1    1    1    1    1    1  9.07280E+14 0.00100 
   47   47    1    1    1    1    1    1    1    1  1.45958E+15 0.00086 
   48   48    1    1    1    1    1    1    1    1  2.04697E+15 0.00086 
   49   49    1    1    1    1    1    1    1    1  2.02515E+15 0.00073 
   50   50    1    1    1    1    1    1    1    1  3.17391E+15 0.00071 
   51   51    1    1    1    1    1    1    1    1  2.53391E+15 0.00058 
   52   52    1    1    1    1    1    1    1    1  3.02395E+15 0.00058 
   53   53    1    1    1    1    1    1    1    1  2.10955E+15 0.00078 
   54   54    1    1    1    1    1    1    1    1  2.59100E+15 0.00068 
   55   55    1    1    1    1    1    1    1    1  1.78762E+15 0.00071 
   56   56    1    1    1    1    1    1    1    1  2.43405E+14 0.00101 
   57   57    1    1    1    1    1    1    1    1  3.56101E+15 0.00070 
   58   58    1    1    1    1    1    1    1    1  1.59421E+15 0.00085 
   59   59    1    1    1    1    1    1    1    1  1.69756E+15 0.00063 
   60   60    1    1    1    1    1    1    1    1  1.32519E+15 0.00100 
   61   61    1    1    1    1    1    1    1    1  1.32827E+15 0.00059 
   62   62    1    1    1    1    1    1    1    1  1.38510E+15 0.00078 
   63   63    1    1    1    1    1    1    1    1  1.16847E+15 0.00090 
   64   64    1    1    1    1    1    1    1    1  9.30122E+14 0.00103 
   65   65    1    1    1    1    1    1    1    1  9.23606E+14 0.00087 
   66   66    1    1    1    1    1    1    1    1  6.69054E+14 0.00075 
   67   67    1    1    1    1    1    1    1    1  5.46181E+14 0.00098 
   68   68    1    1    1    1    1    1    1    1  4.89175E+14 0.00105 
   69   69    1    1    1    1    1    1    1    1  5.86386E+14 0.00125 
   70   70    1    1    1    1    1    1    1    1  4.99789E+14 0.00122 
   71   71    1    1    1    1    1    1    1    1  9.11992E+14 0.00107 
   72   72    1    1    1    1    1    1    1    1  6.46489E+14 0.00142 
   73   73    1    1    1    1    1    1    1    1  4.88258E+14 0.00113 
   74   74    1    1    1    1    1    1    1    1  3.92981E+14 0.00123 
   75   75    1    1    1    1    1    1    1    1  3.26968E+14 0.00153 
   76   76    1    1    1    1    1    1    1    1  3.78233E+14 0.00143 
   77   77    1    1    1    1    1    1    1    1  2.99767E+14 0.00143 
   78   78    1    1    1    1    1    1    1    1  2.38936E+14 0.00161 
   79   79    1    1    1    1    1    1    1    1  2.46069E+14 0.00178 
   80   80    1    1    1    1    1    1    1    1  1.82211E+14 0.00208 
   81   81    1    1    1    1    1    1    1    1  1.40444E+14 0.00240 
   82   82    1    1    1    1    1    1    1    1  1.07881E+14 0.00177 
   83   83    1    1    1    1    1    1    1    1  1.00877E+14 0.00240 
   84   84    1    1    1    1    1    1    1    1  7.28600E+13 0.00264 
   85   85    1    1    1    1    1    1    1    1  5.27577E+13 0.00302 
   86   86    1    1    1    1    1    1    1    1  4.88795E+13 0.00280 
   87   87    1    1    1    1    1    1    1    1  3.02999E+13 0.00390 
   88   88    1    1    1    1    1    1    1    1  2.01810E+13 0.00527 
   89   89    1    1    1    1    1    1    1    1  1.16982E+13 0.00551 
   90   90    1    1    1    1    1    1    1    1  7.82494E+12 0.00704 
   91   91    1    1    1    1    1    1    1    1  3.90320E+12 0.01313 
   92   92    1    1    1    1    1    1    1    1  1.92580E+12 0.02418 
   93   93    1    1    1    1    1    1    1    1  9.25612E+11 0.01893 
   94   94    1    1    1    1    1    1    1    1  4.38858E+11 0.04499 
   95   95    1    1    1    1    1    1    1    1  2.07090E+11 0.05514 
   96   96    1    1    1    1    1    1    1    1  1.11921E+11 0.07476 
   97   97    1    1    1    1    1    1    1    1  5.50202E+10 0.11251 
   98   98    1    1    1    1    1    1    1    1  2.26266E+10 0.11774 
   99   99    1    1    1    1    1    1    1    1  1.32060E+10 0.11761 
  100  100    1    1    1    1    1    1    1    1  7.29592E+09 0.18110 
];


