
DETdpaspec = [
    1    1    1    1    1    1    1    1    1    1  0.00000E+00 0.00000 
    2    2    1    1    1    1    1    1    1    1  0.00000E+00 0.00000 
    3    3    1    1    1    1    1    1    1    1  0.00000E+00 0.00000 
    4    4    1    1    1    1    1    1    1    1  0.00000E+00 0.00000 
    5    5    1    1    1    1    1    1    1    1  0.00000E+00 0.00000 
    6    6    1    1    1    1    1    1    1    1  0.00000E+00 0.00000 
    7    7    1    1    1    1    1    1    1    1  0.00000E+00 0.00000 
    8    8    1    1    1    1    1    1    1    1  0.00000E+00 0.00000 
    9    9    1    1    1    1    1    1    1    1  1.01066E+07 1.00000 
   10   10    1    1    1    1    1    1    1    1  0.00000E+00 0.00000 
   11   11    1    1    1    1    1    1    1    1  5.17896E+07 1.00000 
   12   12    1    1    1    1    1    1    1    1  0.00000E+00 0.00000 
   13   13    1    1    1    1    1    1    1    1  1.06097E+09 0.46021 
   14   14    1    1    1    1    1    1    1    1  2.89132E+09 0.36396 
   15   15    1    1    1    1    1    1    1    1  3.87421E+09 0.40410 
   16   16    1    1    1    1    1    1    1    1  1.26267E+09 0.31387 
   17   17    1    1    1    1    1    1    1    1  2.59193E+09 0.30300 
   18   18    1    1    1    1    1    1    1    1  5.62116E+09 0.39408 
   19   19    1    1    1    1    1    1    1    1  5.13453E+09 0.15597 
   20   20    1    1    1    1    1    1    1    1  2.55241E+10 0.13628 
   21   21    1    1    1    1    1    1    1    1  1.62511E+10 0.14585 
   22   22    1    1    1    1    1    1    1    1  4.71625E+10 0.07498 
   23   23    1    1    1    1    1    1    1    1  6.68656E+10 0.07294 
   24   24    1    1    1    1    1    1    1    1  9.16141E+10 0.06956 
   25   25    1    1    1    1    1    1    1    1  1.27346E+11 0.05824 
   26   26    1    1    1    1    1    1    1    1  1.82666E+11 0.05307 
   27   27    1    1    1    1    1    1    1    1  3.46692E+11 0.03394 
   28   28    1    1    1    1    1    1    1    1  6.95113E+11 0.03353 
   29   29    1    1    1    1    1    1    1    1  1.08641E+12 0.02624 
   30   30    1    1    1    1    1    1    1    1  3.17158E+12 0.00876 
   31   31    1    1    1    1    1    1    1    1  1.00114E+13 0.00763 
   32   32    1    1    1    1    1    1    1    1  1.86066E+13 0.00502 
   33   33    1    1    1    1    1    1    1    1  4.37960E+13 0.00303 
   34   34    1    1    1    1    1    1    1    1  6.04466E+13 0.00364 
   35   35    1    1    1    1    1    1    1    1  8.25057E+13 0.00345 
   36   36    1    1    1    1    1    1    1    1  5.73708E+13 0.00271 
   37   37    1    1    1    1    1    1    1    1  1.78277E+13 0.00268 
   38   38    1    1    1    1    1    1    1    1  9.81306E+13 0.00182 
   39   39    1    1    1    1    1    1    1    1  1.32529E+14 0.00168 
   40   40    1    1    1    1    1    1    1    1  2.27199E+14 0.00173 
   41   41    1    1    1    1    1    1    1    1  2.31871E+14 0.00167 
   42   42    1    1    1    1    1    1    1    1  4.89900E+14 0.00150 
   43   43    1    1    1    1    1    1    1    1  5.92260E+14 0.00126 
   44   44    1    1    1    1    1    1    1    1  8.56594E+14 0.00117 
   45   45    1    1    1    1    1    1    1    1  1.69712E+15 0.00089 
   46   46    1    1    1    1    1    1    1    1  8.03071E+14 0.00082 
   47   47    1    1    1    1    1    1    1    1  1.29922E+15 0.00103 
   48   48    1    1    1    1    1    1    1    1  1.81737E+15 0.00093 
   49   49    1    1    1    1    1    1    1    1  1.80029E+15 0.00081 
   50   50    1    1    1    1    1    1    1    1  2.80225E+15 0.00097 
   51   51    1    1    1    1    1    1    1    1  2.25155E+15 0.00104 
   52   52    1    1    1    1    1    1    1    1  2.65874E+15 0.00104 
   53   53    1    1    1    1    1    1    1    1  1.85675E+15 0.00085 
   54   54    1    1    1    1    1    1    1    1  2.25873E+15 0.00099 
   55   55    1    1    1    1    1    1    1    1  1.55907E+15 0.00101 
   56   56    1    1    1    1    1    1    1    1  2.13007E+14 0.00121 
   57   57    1    1    1    1    1    1    1    1  3.10432E+15 0.00098 
   58   58    1    1    1    1    1    1    1    1  1.37037E+15 0.00110 
   59   59    1    1    1    1    1    1    1    1  1.46501E+15 0.00098 
   60   60    1    1    1    1    1    1    1    1  1.13295E+15 0.00120 
   61   61    1    1    1    1    1    1    1    1  1.13844E+15 0.00129 
   62   62    1    1    1    1    1    1    1    1  1.18483E+15 0.00100 
   63   63    1    1    1    1    1    1    1    1  9.95820E+14 0.00121 
   64   64    1    1    1    1    1    1    1    1  7.92305E+14 0.00130 
   65   65    1    1    1    1    1    1    1    1  7.86603E+14 0.00092 
   66   66    1    1    1    1    1    1    1    1  5.70364E+14 0.00132 
   67   67    1    1    1    1    1    1    1    1  4.66296E+14 0.00108 
   68   68    1    1    1    1    1    1    1    1  4.18706E+14 0.00176 
   69   69    1    1    1    1    1    1    1    1  5.02465E+14 0.00166 
   70   70    1    1    1    1    1    1    1    1  4.27671E+14 0.00143 
   71   71    1    1    1    1    1    1    1    1  7.86062E+14 0.00158 
   72   72    1    1    1    1    1    1    1    1  5.57562E+14 0.00166 
   73   73    1    1    1    1    1    1    1    1  4.20571E+14 0.00136 
   74   74    1    1    1    1    1    1    1    1  3.35799E+14 0.00168 
   75   75    1    1    1    1    1    1    1    1  2.76644E+14 0.00144 
   76   76    1    1    1    1    1    1    1    1  3.19232E+14 0.00191 
   77   77    1    1    1    1    1    1    1    1  2.51246E+14 0.00205 
   78   78    1    1    1    1    1    1    1    1  1.98541E+14 0.00231 
   79   79    1    1    1    1    1    1    1    1  2.04055E+14 0.00156 
   80   80    1    1    1    1    1    1    1    1  1.51053E+14 0.00233 
   81   81    1    1    1    1    1    1    1    1  1.16160E+14 0.00182 
   82   82    1    1    1    1    1    1    1    1  8.93882E+13 0.00308 
   83   83    1    1    1    1    1    1    1    1  8.32560E+13 0.00275 
   84   84    1    1    1    1    1    1    1    1  6.00610E+13 0.00212 
   85   85    1    1    1    1    1    1    1    1  4.31162E+13 0.00382 
   86   86    1    1    1    1    1    1    1    1  4.03791E+13 0.00384 
   87   87    1    1    1    1    1    1    1    1  2.48724E+13 0.00386 
   88   88    1    1    1    1    1    1    1    1  1.68906E+13 0.00554 
   89   89    1    1    1    1    1    1    1    1  9.63524E+12 0.00647 
   90   90    1    1    1    1    1    1    1    1  6.47234E+12 0.01155 
   91   91    1    1    1    1    1    1    1    1  3.22703E+12 0.01060 
   92   92    1    1    1    1    1    1    1    1  1.58369E+12 0.01583 
   93   93    1    1    1    1    1    1    1    1  7.68143E+11 0.02241 
   94   94    1    1    1    1    1    1    1    1  3.56561E+11 0.03639 
   95   95    1    1    1    1    1    1    1    1  1.76366E+11 0.04164 
   96   96    1    1    1    1    1    1    1    1  8.48116E+10 0.04982 
   97   97    1    1    1    1    1    1    1    1  4.96050E+10 0.11492 
   98   98    1    1    1    1    1    1    1    1  1.84170E+10 0.16564 
   99   99    1    1    1    1    1    1    1    1  7.60000E+09 0.27325 
  100  100    1    1    1    1    1    1    1    1  8.68770E+09 0.25540 
];


