
DETdpaspec = [
    1    1    1    1    1    1    1    1    1    1  0.00000E+00 0.00000 
    2    2    1    1    1    1    1    1    1    1  0.00000E+00 0.00000 
    3    3    1    1    1    1    1    1    1    1  0.00000E+00 0.00000 
    4    4    1    1    1    1    1    1    1    1  0.00000E+00 0.00000 
    5    5    1    1    1    1    1    1    1    1  0.00000E+00 0.00000 
    6    6    1    1    1    1    1    1    1    1  0.00000E+00 0.00000 
    7    7    1    1    1    1    1    1    1    1  0.00000E+00 0.00000 
    8    8    1    1    1    1    1    1    1    1  0.00000E+00 0.00000 
    9    9    1    1    1    1    1    1    1    1  0.00000E+00 0.00000 
   10   10    1    1    1    1    1    1    1    1  0.00000E+00 0.00000 
   11   11    1    1    1    1    1    1    1    1  0.00000E+00 0.00000 
   12   12    1    1    1    1    1    1    1    1  4.92920E+07 0.86182 
   13   13    1    1    1    1    1    1    1    1  8.44097E+08 0.72532 
   14   14    1    1    1    1    1    1    1    1  3.94453E+09 0.42904 
   15   15    1    1    1    1    1    1    1    1  2.58495E+09 0.43866 
   16   16    1    1    1    1    1    1    1    1  1.61585E+09 0.37261 
   17   17    1    1    1    1    1    1    1    1  2.41622E+09 0.35519 
   18   18    1    1    1    1    1    1    1    1  4.56892E+09 0.27988 
   19   19    1    1    1    1    1    1    1    1  4.71661E+09 0.24825 
   20   20    1    1    1    1    1    1    1    1  1.90282E+10 0.22095 
   21   21    1    1    1    1    1    1    1    1  1.24208E+10 0.17130 
   22   22    1    1    1    1    1    1    1    1  2.98151E+10 0.10794 
   23   23    1    1    1    1    1    1    1    1  4.13636E+10 0.07631 
   24   24    1    1    1    1    1    1    1    1  9.18246E+10 0.06154 
   25   25    1    1    1    1    1    1    1    1  1.22493E+11 0.07690 
   26   26    1    1    1    1    1    1    1    1  2.39803E+11 0.03757 
   27   27    1    1    1    1    1    1    1    1  5.43816E+11 0.02719 
   28   28    1    1    1    1    1    1    1    1  1.39323E+12 0.01542 
   29   29    1    1    1    1    1    1    1    1  2.49581E+12 0.01009 
   30   30    1    1    1    1    1    1    1    1  6.46703E+12 0.00890 
   31   31    1    1    1    1    1    1    1    1  1.81552E+13 0.00708 
   32   32    1    1    1    1    1    1    1    1  3.17363E+13 0.00509 
   33   33    1    1    1    1    1    1    1    1  7.34864E+13 0.00318 
   34   34    1    1    1    1    1    1    1    1  1.01048E+14 0.00291 
   35   35    1    1    1    1    1    1    1    1  1.20080E+14 0.00265 
   36   36    1    1    1    1    1    1    1    1  7.81932E+13 0.00219 
   37   37    1    1    1    1    1    1    1    1  2.33763E+13 0.00231 
   38   38    1    1    1    1    1    1    1    1  1.33010E+14 0.00190 
   39   39    1    1    1    1    1    1    1    1  1.78254E+14 0.00160 
   40   40    1    1    1    1    1    1    1    1  3.06942E+14 0.00156 
   41   41    1    1    1    1    1    1    1    1  3.03534E+14 0.00132 
   42   42    1    1    1    1    1    1    1    1  6.52673E+14 0.00132 
   43   43    1    1    1    1    1    1    1    1  7.90230E+14 0.00138 
   44   44    1    1    1    1    1    1    1    1  1.13759E+15 0.00099 
   45   45    1    1    1    1    1    1    1    1  2.27186E+15 0.00083 
   46   46    1    1    1    1    1    1    1    1  1.05307E+15 0.00088 
   47   47    1    1    1    1    1    1    1    1  1.68030E+15 0.00073 
   48   48    1    1    1    1    1    1    1    1  2.34140E+15 0.00078 
   49   49    1    1    1    1    1    1    1    1  2.30030E+15 0.00070 
   50   50    1    1    1    1    1    1    1    1  3.61917E+15 0.00067 
   51   51    1    1    1    1    1    1    1    1  2.84398E+15 0.00063 
   52   52    1    1    1    1    1    1    1    1  3.42788E+15 0.00076 
   53   53    1    1    1    1    1    1    1    1  2.37512E+15 0.00081 
   54   54    1    1    1    1    1    1    1    1  2.94094E+15 0.00050 
   55   55    1    1    1    1    1    1    1    1  2.02066E+15 0.00067 
   56   56    1    1    1    1    1    1    1    1  2.74311E+14 0.00118 
   57   57    1    1    1    1    1    1    1    1  4.01177E+15 0.00057 
   58   58    1    1    1    1    1    1    1    1  1.81856E+15 0.00081 
   59   59    1    1    1    1    1    1    1    1  1.92863E+15 0.00051 
   60   60    1    1    1    1    1    1    1    1  1.51845E+15 0.00065 
   61   61    1    1    1    1    1    1    1    1  1.51960E+15 0.00064 
   62   62    1    1    1    1    1    1    1    1  1.58416E+15 0.00068 
   63   63    1    1    1    1    1    1    1    1  1.33644E+15 0.00072 
   64   64    1    1    1    1    1    1    1    1  1.06293E+15 0.00091 
   65   65    1    1    1    1    1    1    1    1  1.05714E+15 0.00114 
   66   66    1    1    1    1    1    1    1    1  7.64065E+14 0.00089 
   67   67    1    1    1    1    1    1    1    1  6.20459E+14 0.00102 
   68   68    1    1    1    1    1    1    1    1  5.55573E+14 0.00111 
   69   69    1    1    1    1    1    1    1    1  6.67292E+14 0.00074 
   70   70    1    1    1    1    1    1    1    1  5.67006E+14 0.00122 
   71   71    1    1    1    1    1    1    1    1  1.02129E+15 0.00089 
   72   72    1    1    1    1    1    1    1    1  7.22811E+14 0.00115 
   73   73    1    1    1    1    1    1    1    1  5.44084E+14 0.00120 
   74   74    1    1    1    1    1    1    1    1  4.41450E+14 0.00112 
   75   75    1    1    1    1    1    1    1    1  3.69535E+14 0.00135 
   76   76    1    1    1    1    1    1    1    1  4.30291E+14 0.00131 
   77   77    1    1    1    1    1    1    1    1  3.43959E+14 0.00161 
   78   78    1    1    1    1    1    1    1    1  2.74899E+14 0.00165 
   79   79    1    1    1    1    1    1    1    1  2.84628E+14 0.00161 
   80   80    1    1    1    1    1    1    1    1  2.12481E+14 0.00191 
   81   81    1    1    1    1    1    1    1    1  1.63532E+14 0.00199 
   82   82    1    1    1    1    1    1    1    1  1.25715E+14 0.00204 
   83   83    1    1    1    1    1    1    1    1  1.18176E+14 0.00184 
   84   84    1    1    1    1    1    1    1    1  8.48804E+13 0.00229 
   85   85    1    1    1    1    1    1    1    1  6.11111E+13 0.00307 
   86   86    1    1    1    1    1    1    1    1  5.68960E+13 0.00284 
   87   87    1    1    1    1    1    1    1    1  3.51139E+13 0.00387 
   88   88    1    1    1    1    1    1    1    1  2.35341E+13 0.00419 
   89   89    1    1    1    1    1    1    1    1  1.34061E+13 0.00721 
   90   90    1    1    1    1    1    1    1    1  8.87724E+12 0.00595 
   91   91    1    1    1    1    1    1    1    1  4.49987E+12 0.00832 
   92   92    1    1    1    1    1    1    1    1  2.18809E+12 0.01344 
   93   93    1    1    1    1    1    1    1    1  1.04657E+12 0.02092 
   94   94    1    1    1    1    1    1    1    1  4.94645E+11 0.04853 
   95   95    1    1    1    1    1    1    1    1  2.37314E+11 0.05679 
   96   96    1    1    1    1    1    1    1    1  1.14007E+11 0.07201 
   97   97    1    1    1    1    1    1    1    1  4.97221E+10 0.08776 
   98   98    1    1    1    1    1    1    1    1  2.69876E+10 0.11869 
   99   99    1    1    1    1    1    1    1    1  1.14821E+10 0.19009 
  100  100    1    1    1    1    1    1    1    1  1.26319E+10 0.19347 
];


