
DETdpaspec = [
    1    1    1    1    1    1    1    1    1    1  0.00000E+00 0.00000 
    2    2    1    1    1    1    1    1    1    1  0.00000E+00 0.00000 
    3    3    1    1    1    1    1    1    1    1  0.00000E+00 0.00000 
    4    4    1    1    1    1    1    1    1    1  0.00000E+00 0.00000 
    5    5    1    1    1    1    1    1    1    1  0.00000E+00 0.00000 
    6    6    1    1    1    1    1    1    1    1  0.00000E+00 0.00000 
    7    7    1    1    1    1    1    1    1    1  0.00000E+00 0.00000 
    8    8    1    1    1    1    1    1    1    1  3.11354E+07 1.00000 
    9    9    1    1    1    1    1    1    1    1  0.00000E+00 0.00000 
   10   10    1    1    1    1    1    1    1    1  0.00000E+00 0.00000 
   11   11    1    1    1    1    1    1    1    1  4.13802E+07 1.00000 
   12   12    1    1    1    1    1    1    1    1  7.55789E+07 0.61215 
   13   13    1    1    1    1    1    1    1    1  9.08828E+08 0.55736 
   14   14    1    1    1    1    1    1    1    1  1.57598E+09 0.33924 
   15   15    1    1    1    1    1    1    1    1  2.53839E+09 0.32512 
   16   16    1    1    1    1    1    1    1    1  9.77799E+08 0.45126 
   17   17    1    1    1    1    1    1    1    1  2.16676E+09 0.29821 
   18   18    1    1    1    1    1    1    1    1  5.95199E+09 0.15975 
   19   19    1    1    1    1    1    1    1    1  7.28801E+09 0.14513 
   20   20    1    1    1    1    1    1    1    1  2.56855E+10 0.13902 
   21   21    1    1    1    1    1    1    1    1  1.51383E+10 0.09741 
   22   22    1    1    1    1    1    1    1    1  5.36317E+10 0.08912 
   23   23    1    1    1    1    1    1    1    1  6.92711E+10 0.06762 
   24   24    1    1    1    1    1    1    1    1  9.86468E+10 0.07202 
   25   25    1    1    1    1    1    1    1    1  1.25919E+11 0.06189 
   26   26    1    1    1    1    1    1    1    1  2.06724E+11 0.04853 
   27   27    1    1    1    1    1    1    1    1  3.65448E+11 0.03546 
   28   28    1    1    1    1    1    1    1    1  6.94664E+11 0.02559 
   29   29    1    1    1    1    1    1    1    1  1.00880E+12 0.01918 
   30   30    1    1    1    1    1    1    1    1  3.06217E+12 0.01438 
   31   31    1    1    1    1    1    1    1    1  9.26923E+12 0.00841 
   32   32    1    1    1    1    1    1    1    1  1.71345E+13 0.00669 
   33   33    1    1    1    1    1    1    1    1  3.90401E+13 0.00457 
   34   34    1    1    1    1    1    1    1    1  5.33237E+13 0.00333 
   35   35    1    1    1    1    1    1    1    1  7.47732E+13 0.00260 
   36   36    1    1    1    1    1    1    1    1  5.23026E+13 0.00279 
   37   37    1    1    1    1    1    1    1    1  1.64321E+13 0.00298 
   38   38    1    1    1    1    1    1    1    1  8.98951E+13 0.00171 
   39   39    1    1    1    1    1    1    1    1  1.20390E+14 0.00149 
   40   40    1    1    1    1    1    1    1    1  2.04189E+14 0.00191 
   41   41    1    1    1    1    1    1    1    1  2.10601E+14 0.00224 
   42   42    1    1    1    1    1    1    1    1  4.38089E+14 0.00146 
   43   43    1    1    1    1    1    1    1    1  5.27792E+14 0.00133 
   44   44    1    1    1    1    1    1    1    1  7.60320E+14 0.00116 
   45   45    1    1    1    1    1    1    1    1  1.48502E+15 0.00110 
   46   46    1    1    1    1    1    1    1    1  7.05224E+14 0.00110 
   47   47    1    1    1    1    1    1    1    1  1.13900E+15 0.00115 
   48   48    1    1    1    1    1    1    1    1  1.58890E+15 0.00106 
   49   49    1    1    1    1    1    1    1    1  1.57467E+15 0.00081 
   50   50    1    1    1    1    1    1    1    1  2.42553E+15 0.00077 
   51   51    1    1    1    1    1    1    1    1  1.96254E+15 0.00070 
   52   52    1    1    1    1    1    1    1    1  2.28693E+15 0.00091 
   53   53    1    1    1    1    1    1    1    1  1.59792E+15 0.00110 
   54   54    1    1    1    1    1    1    1    1  1.92171E+15 0.00100 
   55   55    1    1    1    1    1    1    1    1  1.33078E+15 0.00121 
   56   56    1    1    1    1    1    1    1    1  1.82034E+14 0.00121 
   57   57    1    1    1    1    1    1    1    1  2.64343E+15 0.00110 
   58   58    1    1    1    1    1    1    1    1  1.15187E+15 0.00104 
   59   59    1    1    1    1    1    1    1    1  1.23338E+15 0.00104 
   60   60    1    1    1    1    1    1    1    1  9.45544E+14 0.00098 
   61   61    1    1    1    1    1    1    1    1  9.51373E+14 0.00104 
   62   62    1    1    1    1    1    1    1    1  9.87246E+14 0.00136 
   63   63    1    1    1    1    1    1    1    1  8.26885E+14 0.00134 
   64   64    1    1    1    1    1    1    1    1  6.57772E+14 0.00153 
   65   65    1    1    1    1    1    1    1    1  6.51994E+14 0.00131 
   66   66    1    1    1    1    1    1    1    1  4.71484E+14 0.00171 
   67   67    1    1    1    1    1    1    1    1  3.86342E+14 0.00170 
   68   68    1    1    1    1    1    1    1    1  3.47443E+14 0.00161 
   69   69    1    1    1    1    1    1    1    1  4.17451E+14 0.00168 
   70   70    1    1    1    1    1    1    1    1  3.56023E+14 0.00158 
   71   71    1    1    1    1    1    1    1    1  6.56370E+14 0.00136 
   72   72    1    1    1    1    1    1    1    1  4.65496E+14 0.00131 
   73   73    1    1    1    1    1    1    1    1  3.49292E+14 0.00140 
   74   74    1    1    1    1    1    1    1    1  2.78538E+14 0.00188 
   75   75    1    1    1    1    1    1    1    1  2.28436E+14 0.00212 
   76   76    1    1    1    1    1    1    1    1  2.60438E+14 0.00172 
   77   77    1    1    1    1    1    1    1    1  2.03650E+14 0.00214 
   78   78    1    1    1    1    1    1    1    1  1.60261E+14 0.00200 
   79   79    1    1    1    1    1    1    1    1  1.63952E+14 0.00171 
   80   80    1    1    1    1    1    1    1    1  1.20835E+14 0.00236 
   81   81    1    1    1    1    1    1    1    1  9.31214E+13 0.00289 
   82   82    1    1    1    1    1    1    1    1  7.10920E+13 0.00320 
   83   83    1    1    1    1    1    1    1    1  6.65546E+13 0.00289 
   84   84    1    1    1    1    1    1    1    1  4.79089E+13 0.00341 
   85   85    1    1    1    1    1    1    1    1  3.44303E+13 0.00416 
   86   86    1    1    1    1    1    1    1    1  3.22669E+13 0.00411 
   87   87    1    1    1    1    1    1    1    1  1.99772E+13 0.00474 
   88   88    1    1    1    1    1    1    1    1  1.32647E+13 0.00801 
   89   89    1    1    1    1    1    1    1    1  7.83288E+12 0.00757 
   90   90    1    1    1    1    1    1    1    1  5.16198E+12 0.01065 
   91   91    1    1    1    1    1    1    1    1  2.58357E+12 0.01220 
   92   92    1    1    1    1    1    1    1    1  1.29432E+12 0.02618 
   93   93    1    1    1    1    1    1    1    1  5.84901E+11 0.02703 
   94   94    1    1    1    1    1    1    1    1  2.97987E+11 0.02803 
   95   95    1    1    1    1    1    1    1    1  1.25531E+11 0.06453 
   96   96    1    1    1    1    1    1    1    1  7.27986E+10 0.09407 
   97   97    1    1    1    1    1    1    1    1  3.28120E+10 0.12344 
   98   98    1    1    1    1    1    1    1    1  1.47428E+10 0.17344 
   99   99    1    1    1    1    1    1    1    1  8.23236E+09 0.21376 
  100  100    1    1    1    1    1    1    1    1  6.28084E+09 0.41374 
];


