
DETdpaspec = [
    1    1    1    1    1    1    1    1    1    1  0.00000E+00 0.00000 
    2    2    1    1    1    1    1    1    1    1  0.00000E+00 0.00000 
    3    3    1    1    1    1    1    1    1    1  0.00000E+00 0.00000 
    4    4    1    1    1    1    1    1    1    1  0.00000E+00 0.00000 
    5    5    1    1    1    1    1    1    1    1  0.00000E+00 0.00000 
    6    6    1    1    1    1    1    1    1    1  0.00000E+00 0.00000 
    7    7    1    1    1    1    1    1    1    1  0.00000E+00 0.00000 
    8    8    1    1    1    1    1    1    1    1  0.00000E+00 0.00000 
    9    9    1    1    1    1    1    1    1    1  2.81146E+07 1.00000 
   10   10    1    1    1    1    1    1    1    1  5.12008E+07 1.00000 
   11   11    1    1    1    1    1    1    1    1  0.00000E+00 0.00000 
   12   12    1    1    1    1    1    1    1    1  0.00000E+00 0.00000 
   13   13    1    1    1    1    1    1    1    1  0.00000E+00 0.00000 
   14   14    1    1    1    1    1    1    1    1  5.53978E+08 0.68389 
   15   15    1    1    1    1    1    1    1    1  3.00166E+09 0.96770 
   16   16    1    1    1    1    1    1    1    1  7.94907E+08 0.69060 
   17   17    1    1    1    1    1    1    1    1  4.23842E+08 0.85790 
   18   18    1    1    1    1    1    1    1    1  2.75199E+09 0.45625 
   19   19    1    1    1    1    1    1    1    1  2.49269E+09 0.56837 
   20   20    1    1    1    1    1    1    1    1  1.09281E+10 0.24129 
   21   21    1    1    1    1    1    1    1    1  1.56514E+10 0.16430 
   22   22    1    1    1    1    1    1    1    1  6.15891E+10 0.10582 
   23   23    1    1    1    1    1    1    1    1  2.84324E+11 0.05914 
   24   24    1    1    1    1    1    1    1    1  9.01147E+11 0.02130 
   25   25    1    1    1    1    1    1    1    1  1.43921E+12 0.02010 
   26   26    1    1    1    1    1    1    1    1  2.97206E+12 0.01291 
   27   27    1    1    1    1    1    1    1    1  5.72206E+12 0.00706 
   28   28    1    1    1    1    1    1    1    1  1.06706E+13 0.00719 
   29   29    1    1    1    1    1    1    1    1  1.61764E+13 0.00519 
   30   30    1    1    1    1    1    1    1    1  3.04341E+13 0.00285 
   31   31    1    1    1    1    1    1    1    1  6.08159E+13 0.00275 
   32   32    1    1    1    1    1    1    1    1  8.73887E+13 0.00293 
   33   33    1    1    1    1    1    1    1    1  1.69094E+14 0.00173 
   34   34    1    1    1    1    1    1    1    1  2.03396E+14 0.00176 
   35   35    1    1    1    1    1    1    1    1  2.04987E+14 0.00173 
   36   36    1    1    1    1    1    1    1    1  1.21347E+14 0.00194 
   37   37    1    1    1    1    1    1    1    1  3.52630E+13 0.00170 
   38   38    1    1    1    1    1    1    1    1  2.01009E+14 0.00146 
   39   39    1    1    1    1    1    1    1    1  2.63613E+14 0.00145 
   40   40    1    1    1    1    1    1    1    1  4.42415E+14 0.00087 
   41   41    1    1    1    1    1    1    1    1  4.19363E+14 0.00073 
   42   42    1    1    1    1    1    1    1    1  8.89595E+14 0.00098 
   43   43    1    1    1    1    1    1    1    1  1.04504E+15 0.00098 
   44   44    1    1    1    1    1    1    1    1  1.46147E+15 0.00079 
   45   45    1    1    1    1    1    1    1    1  2.80153E+15 0.00064 
   46   46    1    1    1    1    1    1    1    1  1.24172E+15 0.00069 
   47   47    1    1    1    1    1    1    1    1  1.94211E+15 0.00075 
   48   48    1    1    1    1    1    1    1    1  2.63372E+15 0.00073 
   49   49    1    1    1    1    1    1    1    1  2.52821E+15 0.00061 
   50   50    1    1    1    1    1    1    1    1  3.90680E+15 0.00075 
   51   51    1    1    1    1    1    1    1    1  2.97227E+15 0.00066 
   52   52    1    1    1    1    1    1    1    1  3.54957E+15 0.00075 
   53   53    1    1    1    1    1    1    1    1  2.40584E+15 0.00068 
   54   54    1    1    1    1    1    1    1    1  2.97034E+15 0.00073 
   55   55    1    1    1    1    1    1    1    1  2.01500E+15 0.00072 
   56   56    1    1    1    1    1    1    1    1  2.71140E+14 0.00109 
   57   57    1    1    1    1    1    1    1    1  3.93924E+15 0.00067 
   58   58    1    1    1    1    1    1    1    1  1.78560E+15 0.00077 
   59   59    1    1    1    1    1    1    1    1  1.86904E+15 0.00062 
   60   60    1    1    1    1    1    1    1    1  1.47313E+15 0.00066 
   61   61    1    1    1    1    1    1    1    1  1.46183E+15 0.00060 
   62   62    1    1    1    1    1    1    1    1  1.51353E+15 0.00070 
   63   63    1    1    1    1    1    1    1    1  1.26861E+15 0.00083 
   64   64    1    1    1    1    1    1    1    1  1.00081E+15 0.00073 
   65   65    1    1    1    1    1    1    1    1  9.87100E+14 0.00077 
   66   66    1    1    1    1    1    1    1    1  7.09707E+14 0.00091 
   67   67    1    1    1    1    1    1    1    1  5.71311E+14 0.00112 
   68   68    1    1    1    1    1    1    1    1  5.08204E+14 0.00098 
   69   69    1    1    1    1    1    1    1    1  6.06050E+14 0.00104 
   70   70    1    1    1    1    1    1    1    1  5.10136E+14 0.00117 
   71   71    1    1    1    1    1    1    1    1  9.03423E+14 0.00126 
   72   72    1    1    1    1    1    1    1    1  6.30383E+14 0.00141 
   73   73    1    1    1    1    1    1    1    1  4.72913E+14 0.00147 
   74   74    1    1    1    1    1    1    1    1  3.84004E+14 0.00149 
   75   75    1    1    1    1    1    1    1    1  3.22775E+14 0.00137 
   76   76    1    1    1    1    1    1    1    1  3.77753E+14 0.00102 
   77   77    1    1    1    1    1    1    1    1  3.01248E+14 0.00126 
   78   78    1    1    1    1    1    1    1    1  2.42310E+14 0.00148 
   79   79    1    1    1    1    1    1    1    1  2.50653E+14 0.00152 
   80   80    1    1    1    1    1    1    1    1  1.86162E+14 0.00191 
   81   81    1    1    1    1    1    1    1    1  1.43060E+14 0.00170 
   82   82    1    1    1    1    1    1    1    1  1.09473E+14 0.00288 
   83   83    1    1    1    1    1    1    1    1  1.02245E+14 0.00248 
   84   84    1    1    1    1    1    1    1    1  7.27008E+13 0.00313 
   85   85    1    1    1    1    1    1    1    1  5.24601E+13 0.00325 
   86   86    1    1    1    1    1    1    1    1  4.85105E+13 0.00332 
   87   87    1    1    1    1    1    1    1    1  2.95740E+13 0.00454 
   88   88    1    1    1    1    1    1    1    1  1.96106E+13 0.00631 
   89   89    1    1    1    1    1    1    1    1  1.11946E+13 0.00580 
   90   90    1    1    1    1    1    1    1    1  7.31399E+12 0.00860 
   91   91    1    1    1    1    1    1    1    1  3.65027E+12 0.01085 
   92   92    1    1    1    1    1    1    1    1  1.71066E+12 0.01585 
   93   93    1    1    1    1    1    1    1    1  8.38364E+11 0.01770 
   94   94    1    1    1    1    1    1    1    1  3.93969E+11 0.03899 
   95   95    1    1    1    1    1    1    1    1  1.90424E+11 0.04618 
   96   96    1    1    1    1    1    1    1    1  9.39629E+10 0.06916 
   97   97    1    1    1    1    1    1    1    1  3.93683E+10 0.11695 
   98   98    1    1    1    1    1    1    1    1  1.97016E+10 0.12630 
   99   99    1    1    1    1    1    1    1    1  9.44821E+09 0.26433 
  100  100    1    1    1    1    1    1    1    1  9.56820E+09 0.24525 
];


