
DETdpaspec = [
    1    1    1    1    1    1    1    1    1    1  0.00000E+00 0.00000 
    2    2    1    1    1    1    1    1    1    1  0.00000E+00 0.00000 
    3    3    1    1    1    1    1    1    1    1  0.00000E+00 0.00000 
    4    4    1    1    1    1    1    1    1    1  0.00000E+00 0.00000 
    5    5    1    1    1    1    1    1    1    1  0.00000E+00 0.00000 
    6    6    1    1    1    1    1    1    1    1  0.00000E+00 0.00000 
    7    7    1    1    1    1    1    1    1    1  0.00000E+00 0.00000 
    8    8    1    1    1    1    1    1    1    1  0.00000E+00 0.00000 
    9    9    1    1    1    1    1    1    1    1  0.00000E+00 0.00000 
   10   10    1    1    1    1    1    1    1    1  0.00000E+00 0.00000 
   11   11    1    1    1    1    1    1    1    1  0.00000E+00 0.00000 
   12   12    1    1    1    1    1    1    1    1  4.58669E+06 1.00000 
   13   13    1    1    1    1    1    1    1    1  5.59414E+08 0.68670 
   14   14    1    1    1    1    1    1    1    1  2.84288E+09 0.44962 
   15   15    1    1    1    1    1    1    1    1  4.25842E+09 0.39186 
   16   16    1    1    1    1    1    1    1    1  4.20619E+08 0.52284 
   17   17    1    1    1    1    1    1    1    1  8.54451E+08 0.49549 
   18   18    1    1    1    1    1    1    1    1  2.66898E+09 0.38217 
   19   19    1    1    1    1    1    1    1    1  4.61617E+09 0.30677 
   20   20    1    1    1    1    1    1    1    1  2.07536E+10 0.19176 
   21   21    1    1    1    1    1    1    1    1  1.47091E+10 0.17193 
   22   22    1    1    1    1    1    1    1    1  3.60494E+10 0.11226 
   23   23    1    1    1    1    1    1    1    1  5.61716E+10 0.08920 
   24   24    1    1    1    1    1    1    1    1  1.27129E+11 0.08247 
   25   25    1    1    1    1    1    1    1    1  1.89329E+11 0.04161 
   26   26    1    1    1    1    1    1    1    1  4.02302E+11 0.02982 
   27   27    1    1    1    1    1    1    1    1  9.45973E+11 0.02186 
   28   28    1    1    1    1    1    1    1    1  2.24915E+12 0.01353 
   29   29    1    1    1    1    1    1    1    1  4.01525E+12 0.01290 
   30   30    1    1    1    1    1    1    1    1  9.50802E+12 0.00703 
   31   31    1    1    1    1    1    1    1    1  2.53401E+13 0.00431 
   32   32    1    1    1    1    1    1    1    1  4.16893E+13 0.00337 
   33   33    1    1    1    1    1    1    1    1  9.27785E+13 0.00285 
   34   34    1    1    1    1    1    1    1    1  1.24042E+14 0.00259 
   35   35    1    1    1    1    1    1    1    1  1.40194E+14 0.00145 
   36   36    1    1    1    1    1    1    1    1  8.88147E+13 0.00154 
   37   37    1    1    1    1    1    1    1    1  2.63385E+13 0.00200 
   38   38    1    1    1    1    1    1    1    1  1.50178E+14 0.00168 
   39   39    1    1    1    1    1    1    1    1  2.00838E+14 0.00169 
   40   40    1    1    1    1    1    1    1    1  3.44082E+14 0.00121 
   41   41    1    1    1    1    1    1    1    1  3.36043E+14 0.00134 
   42   42    1    1    1    1    1    1    1    1  7.23006E+14 0.00098 
   43   43    1    1    1    1    1    1    1    1  8.66806E+14 0.00117 
   44   44    1    1    1    1    1    1    1    1  1.24061E+15 0.00077 
   45   45    1    1    1    1    1    1    1    1  2.45731E+15 0.00072 
   46   46    1    1    1    1    1    1    1    1  1.12666E+15 0.00081 
   47   47    1    1    1    1    1    1    1    1  1.78749E+15 0.00083 
   48   48    1    1    1    1    1    1    1    1  2.47820E+15 0.00088 
   49   49    1    1    1    1    1    1    1    1  2.42068E+15 0.00079 
   50   50    1    1    1    1    1    1    1    1  3.79656E+15 0.00048 
   51   51    1    1    1    1    1    1    1    1  2.96037E+15 0.00077 
   52   52    1    1    1    1    1    1    1    1  3.56542E+15 0.00069 
   53   53    1    1    1    1    1    1    1    1  2.45856E+15 0.00062 
   54   54    1    1    1    1    1    1    1    1  3.05031E+15 0.00067 
   55   55    1    1    1    1    1    1    1    1  2.08936E+15 0.00066 
   56   56    1    1    1    1    1    1    1    1  2.82679E+14 0.00083 
   57   57    1    1    1    1    1    1    1    1  4.13361E+15 0.00060 
   58   58    1    1    1    1    1    1    1    1  1.87902E+15 0.00073 
   59   59    1    1    1    1    1    1    1    1  1.98511E+15 0.00063 
   60   60    1    1    1    1    1    1    1    1  1.56719E+15 0.00082 
   61   61    1    1    1    1    1    1    1    1  1.56520E+15 0.00090 
   62   62    1    1    1    1    1    1    1    1  1.62977E+15 0.00093 
   63   63    1    1    1    1    1    1    1    1  1.37456E+15 0.00084 
   64   64    1    1    1    1    1    1    1    1  1.09215E+15 0.00089 
   65   65    1    1    1    1    1    1    1    1  1.08288E+15 0.00080 
   66   66    1    1    1    1    1    1    1    1  7.82945E+14 0.00114 
   67   67    1    1    1    1    1    1    1    1  6.33401E+14 0.00099 
   68   68    1    1    1    1    1    1    1    1  5.65751E+14 0.00090 
   69   69    1    1    1    1    1    1    1    1  6.78677E+14 0.00105 
   70   70    1    1    1    1    1    1    1    1  5.75603E+14 0.00098 
   71   71    1    1    1    1    1    1    1    1  1.03238E+15 0.00081 
   72   72    1    1    1    1    1    1    1    1  7.26523E+14 0.00085 
   73   73    1    1    1    1    1    1    1    1  5.48696E+14 0.00101 
   74   74    1    1    1    1    1    1    1    1  4.45928E+14 0.00119 
   75   75    1    1    1    1    1    1    1    1  3.73740E+14 0.00103 
   76   76    1    1    1    1    1    1    1    1  4.37460E+14 0.00122 
   77   77    1    1    1    1    1    1    1    1  3.49343E+14 0.00138 
   78   78    1    1    1    1    1    1    1    1  2.80989E+14 0.00205 
   79   79    1    1    1    1    1    1    1    1  2.91199E+14 0.00163 
   80   80    1    1    1    1    1    1    1    1  2.17003E+14 0.00166 
   81   81    1    1    1    1    1    1    1    1  1.67214E+14 0.00177 
   82   82    1    1    1    1    1    1    1    1  1.28550E+14 0.00261 
   83   83    1    1    1    1    1    1    1    1  1.19830E+14 0.00192 
   84   84    1    1    1    1    1    1    1    1  8.67801E+13 0.00189 
   85   85    1    1    1    1    1    1    1    1  6.22457E+13 0.00289 
   86   86    1    1    1    1    1    1    1    1  5.84121E+13 0.00323 
   87   87    1    1    1    1    1    1    1    1  3.57271E+13 0.00332 
   88   88    1    1    1    1    1    1    1    1  2.39720E+13 0.00459 
   89   89    1    1    1    1    1    1    1    1  1.36606E+13 0.00450 
   90   90    1    1    1    1    1    1    1    1  9.05879E+12 0.00769 
   91   91    1    1    1    1    1    1    1    1  4.50655E+12 0.01041 
   92   92    1    1    1    1    1    1    1    1  2.14143E+12 0.01600 
   93   93    1    1    1    1    1    1    1    1  1.06492E+12 0.01877 
   94   94    1    1    1    1    1    1    1    1  4.98102E+11 0.03393 
   95   95    1    1    1    1    1    1    1    1  2.36728E+11 0.04164 
   96   96    1    1    1    1    1    1    1    1  1.10474E+11 0.06318 
   97   97    1    1    1    1    1    1    1    1  4.32244E+10 0.10816 
   98   98    1    1    1    1    1    1    1    1  3.14112E+10 0.12452 
   99   99    1    1    1    1    1    1    1    1  1.05910E+10 0.15992 
  100  100    1    1    1    1    1    1    1    1  5.80611E+09 0.26776 
];


