
DETdpaspec = [
    1    1    1    1    1    1    1    1    1    1  0.00000E+00 0.00000 
    2    2    1    1    1    1    1    1    1    1  0.00000E+00 0.00000 
    3    3    1    1    1    1    1    1    1    1  0.00000E+00 0.00000 
    4    4    1    1    1    1    1    1    1    1  0.00000E+00 0.00000 
    5    5    1    1    1    1    1    1    1    1  1.17771E+07 1.00000 
    6    6    1    1    1    1    1    1    1    1  0.00000E+00 0.00000 
    7    7    1    1    1    1    1    1    1    1  0.00000E+00 0.00000 
    8    8    1    1    1    1    1    1    1    1  0.00000E+00 0.00000 
    9    9    1    1    1    1    1    1    1    1  0.00000E+00 0.00000 
   10   10    1    1    1    1    1    1    1    1  0.00000E+00 0.00000 
   11   11    1    1    1    1    1    1    1    1  2.22028E+08 0.77809 
   12   12    1    1    1    1    1    1    1    1  1.59134E+08 0.73111 
   13   13    1    1    1    1    1    1    1    1  1.76873E+09 0.68908 
   14   14    1    1    1    1    1    1    1    1  2.25486E+09 0.56765 
   15   15    1    1    1    1    1    1    1    1  3.15038E+09 0.39604 
   16   16    1    1    1    1    1    1    1    1  1.13726E+09 0.50396 
   17   17    1    1    1    1    1    1    1    1  3.22264E+09 0.28226 
   18   18    1    1    1    1    1    1    1    1  4.05093E+09 0.26985 
   19   19    1    1    1    1    1    1    1    1  7.43854E+09 0.19327 
   20   20    1    1    1    1    1    1    1    1  1.94452E+10 0.16372 
   21   21    1    1    1    1    1    1    1    1  1.60682E+10 0.15450 
   22   22    1    1    1    1    1    1    1    1  3.45428E+10 0.11405 
   23   23    1    1    1    1    1    1    1    1  4.70796E+10 0.08117 
   24   24    1    1    1    1    1    1    1    1  9.48458E+10 0.07461 
   25   25    1    1    1    1    1    1    1    1  1.17365E+11 0.05914 
   26   26    1    1    1    1    1    1    1    1  1.90216E+11 0.04726 
   27   27    1    1    1    1    1    1    1    1  3.72788E+11 0.03900 
   28   28    1    1    1    1    1    1    1    1  8.53881E+11 0.02134 
   29   29    1    1    1    1    1    1    1    1  1.40564E+12 0.01913 
   30   30    1    1    1    1    1    1    1    1  3.89060E+12 0.01302 
   31   31    1    1    1    1    1    1    1    1  1.18301E+13 0.00739 
   32   32    1    1    1    1    1    1    1    1  2.20474E+13 0.00556 
   33   33    1    1    1    1    1    1    1    1  5.22538E+13 0.00258 
   34   34    1    1    1    1    1    1    1    1  7.26176E+13 0.00337 
   35   35    1    1    1    1    1    1    1    1  9.43719E+13 0.00205 
   36   36    1    1    1    1    1    1    1    1  6.40639E+13 0.00215 
   37   37    1    1    1    1    1    1    1    1  1.96101E+13 0.00232 
   38   38    1    1    1    1    1    1    1    1  1.09910E+14 0.00191 
   39   39    1    1    1    1    1    1    1    1  1.48136E+14 0.00156 
   40   40    1    1    1    1    1    1    1    1  2.55123E+14 0.00174 
   41   41    1    1    1    1    1    1    1    1  2.57005E+14 0.00129 
   42   42    1    1    1    1    1    1    1    1  5.49697E+14 0.00118 
   43   43    1    1    1    1    1    1    1    1  6.66418E+14 0.00111 
   44   44    1    1    1    1    1    1    1    1  9.67198E+14 0.00105 
   45   45    1    1    1    1    1    1    1    1  1.93331E+15 0.00095 
   46   46    1    1    1    1    1    1    1    1  9.10198E+14 0.00064 
   47   47    1    1    1    1    1    1    1    1  1.46573E+15 0.00089 
   48   48    1    1    1    1    1    1    1    1  2.05455E+15 0.00068 
   49   49    1    1    1    1    1    1    1    1  2.03360E+15 0.00069 
   50   50    1    1    1    1    1    1    1    1  3.18910E+15 0.00057 
   51   51    1    1    1    1    1    1    1    1  2.54353E+15 0.00064 
   52   52    1    1    1    1    1    1    1    1  3.03851E+15 0.00060 
   53   53    1    1    1    1    1    1    1    1  2.11723E+15 0.00069 
   54   54    1    1    1    1    1    1    1    1  2.60215E+15 0.00058 
   55   55    1    1    1    1    1    1    1    1  1.79591E+15 0.00078 
   56   56    1    1    1    1    1    1    1    1  2.44849E+14 0.00120 
   57   57    1    1    1    1    1    1    1    1  3.57483E+15 0.00065 
   58   58    1    1    1    1    1    1    1    1  1.59971E+15 0.00080 
   59   59    1    1    1    1    1    1    1    1  1.70477E+15 0.00083 
   60   60    1    1    1    1    1    1    1    1  1.33099E+15 0.00093 
   61   61    1    1    1    1    1    1    1    1  1.33605E+15 0.00084 
   62   62    1    1    1    1    1    1    1    1  1.39080E+15 0.00096 
   63   63    1    1    1    1    1    1    1    1  1.17186E+15 0.00074 
   64   64    1    1    1    1    1    1    1    1  9.33449E+14 0.00108 
   65   65    1    1    1    1    1    1    1    1  9.29597E+14 0.00089 
   66   66    1    1    1    1    1    1    1    1  6.72329E+14 0.00108 
   67   67    1    1    1    1    1    1    1    1  5.47537E+14 0.00113 
   68   68    1    1    1    1    1    1    1    1  4.91176E+14 0.00138 
   69   69    1    1    1    1    1    1    1    1  5.91047E+14 0.00153 
   70   70    1    1    1    1    1    1    1    1  5.03591E+14 0.00125 
   71   71    1    1    1    1    1    1    1    1  9.16915E+14 0.00122 
   72   72    1    1    1    1    1    1    1    1  6.49087E+14 0.00158 
   73   73    1    1    1    1    1    1    1    1  4.90846E+14 0.00160 
   74   74    1    1    1    1    1    1    1    1  3.94138E+14 0.00090 
   75   75    1    1    1    1    1    1    1    1  3.27708E+14 0.00123 
   76   76    1    1    1    1    1    1    1    1  3.80196E+14 0.00136 
   77   77    1    1    1    1    1    1    1    1  3.00531E+14 0.00125 
   78   78    1    1    1    1    1    1    1    1  2.39642E+14 0.00158 
   79   79    1    1    1    1    1    1    1    1  2.47450E+14 0.00168 
   80   80    1    1    1    1    1    1    1    1  1.83025E+14 0.00142 
   81   81    1    1    1    1    1    1    1    1  1.41638E+14 0.00203 
   82   82    1    1    1    1    1    1    1    1  1.08495E+14 0.00248 
   83   83    1    1    1    1    1    1    1    1  1.01593E+14 0.00313 
   84   84    1    1    1    1    1    1    1    1  7.33328E+13 0.00308 
   85   85    1    1    1    1    1    1    1    1  5.30533E+13 0.00403 
   86   86    1    1    1    1    1    1    1    1  4.93779E+13 0.00344 
   87   87    1    1    1    1    1    1    1    1  3.04896E+13 0.00416 
   88   88    1    1    1    1    1    1    1    1  2.05287E+13 0.00373 
   89   89    1    1    1    1    1    1    1    1  1.17900E+13 0.00514 
   90   90    1    1    1    1    1    1    1    1  7.79958E+12 0.00848 
   91   91    1    1    1    1    1    1    1    1  3.85668E+12 0.01207 
   92   92    1    1    1    1    1    1    1    1  1.90422E+12 0.01578 
   93   93    1    1    1    1    1    1    1    1  9.32442E+11 0.02127 
   94   94    1    1    1    1    1    1    1    1  4.39755E+11 0.03155 
   95   95    1    1    1    1    1    1    1    1  2.21104E+11 0.05880 
   96   96    1    1    1    1    1    1    1    1  1.04231E+11 0.06709 
   97   97    1    1    1    1    1    1    1    1  4.78476E+10 0.09006 
   98   98    1    1    1    1    1    1    1    1  1.72947E+10 0.14261 
   99   99    1    1    1    1    1    1    1    1  1.24657E+10 0.21377 
  100  100    1    1    1    1    1    1    1    1  5.97931E+09 0.28942 
];


