
DETdpaspec = [
    1    1    1    1    1    1    1    1    1    1  0.00000E+00 0.00000 
    2    2    1    1    1    1    1    1    1    1  0.00000E+00 0.00000 
    3    3    1    1    1    1    1    1    1    1  0.00000E+00 0.00000 
    4    4    1    1    1    1    1    1    1    1  0.00000E+00 0.00000 
    5    5    1    1    1    1    1    1    1    1  0.00000E+00 0.00000 
    6    6    1    1    1    1    1    1    1    1  0.00000E+00 0.00000 
    7    7    1    1    1    1    1    1    1    1  0.00000E+00 0.00000 
    8    8    1    1    1    1    1    1    1    1  1.48968E+07 1.00000 
    9    9    1    1    1    1    1    1    1    1  7.76276E+06 1.00000 
   10   10    1    1    1    1    1    1    1    1  3.96882E+07 1.00000 
   11   11    1    1    1    1    1    1    1    1  7.26494E+07 1.00000 
   12   12    1    1    1    1    1    1    1    1  0.00000E+00 0.00000 
   13   13    1    1    1    1    1    1    1    1  1.49929E+09 0.53491 
   14   14    1    1    1    1    1    1    1    1  3.11400E+09 0.40952 
   15   15    1    1    1    1    1    1    1    1  4.89590E+08 0.56621 
   16   16    1    1    1    1    1    1    1    1  1.06946E+09 0.60742 
   17   17    1    1    1    1    1    1    1    1  1.20975E+09 0.68138 
   18   18    1    1    1    1    1    1    1    1  9.45925E+08 0.39156 
   19   19    1    1    1    1    1    1    1    1  4.12696E+09 0.24821 
   20   20    1    1    1    1    1    1    1    1  1.09810E+10 0.18471 
   21   21    1    1    1    1    1    1    1    1  1.23925E+10 0.11489 
   22   22    1    1    1    1    1    1    1    1  2.62923E+10 0.13724 
   23   23    1    1    1    1    1    1    1    1  5.91270E+10 0.12395 
   24   24    1    1    1    1    1    1    1    1  1.22599E+11 0.05352 
   25   25    1    1    1    1    1    1    1    1  2.15712E+11 0.04070 
   26   26    1    1    1    1    1    1    1    1  4.54079E+11 0.04148 
   27   27    1    1    1    1    1    1    1    1  1.03859E+12 0.02056 
   28   28    1    1    1    1    1    1    1    1  2.58395E+12 0.01043 
   29   29    1    1    1    1    1    1    1    1  4.68865E+12 0.01224 
   30   30    1    1    1    1    1    1    1    1  1.07040E+13 0.00808 
   31   31    1    1    1    1    1    1    1    1  2.75008E+13 0.00411 
   32   32    1    1    1    1    1    1    1    1  4.48709E+13 0.00390 
   33   33    1    1    1    1    1    1    1    1  9.86403E+13 0.00269 
   34   34    1    1    1    1    1    1    1    1  1.31649E+14 0.00244 
   35   35    1    1    1    1    1    1    1    1  1.46811E+14 0.00227 
   36   36    1    1    1    1    1    1    1    1  9.22417E+13 0.00209 
   37   37    1    1    1    1    1    1    1    1  2.72372E+13 0.00245 
   38   38    1    1    1    1    1    1    1    1  1.55459E+14 0.00178 
   39   39    1    1    1    1    1    1    1    1  2.07733E+14 0.00191 
   40   40    1    1    1    1    1    1    1    1  3.55507E+14 0.00133 
   41   41    1    1    1    1    1    1    1    1  3.46432E+14 0.00139 
   42   42    1    1    1    1    1    1    1    1  7.42331E+14 0.00111 
   43   43    1    1    1    1    1    1    1    1  8.89511E+14 0.00101 
   44   44    1    1    1    1    1    1    1    1  1.26972E+15 0.00077 
   45   45    1    1    1    1    1    1    1    1  2.51089E+15 0.00077 
   46   46    1    1    1    1    1    1    1    1  1.14641E+15 0.00078 
   47   47    1    1    1    1    1    1    1    1  1.81668E+15 0.00092 
   48   48    1    1    1    1    1    1    1    1  2.51195E+15 0.00088 
   49   49    1    1    1    1    1    1    1    1  2.44789E+15 0.00065 
   50   50    1    1    1    1    1    1    1    1  3.83942E+15 0.00059 
   51   51    1    1    1    1    1    1    1    1  2.98447E+15 0.00064 
   52   52    1    1    1    1    1    1    1    1  3.59430E+15 0.00060 
   53   53    1    1    1    1    1    1    1    1  2.47182E+15 0.00074 
   54   54    1    1    1    1    1    1    1    1  3.06961E+15 0.00056 
   55   55    1    1    1    1    1    1    1    1  2.10052E+15 0.00057 
   56   56    1    1    1    1    1    1    1    1  2.83936E+14 0.00079 
   57   57    1    1    1    1    1    1    1    1  4.15126E+15 0.00053 
   58   58    1    1    1    1    1    1    1    1  1.88828E+15 0.00053 
   59   59    1    1    1    1    1    1    1    1  1.99310E+15 0.00064 
   60   60    1    1    1    1    1    1    1    1  1.57480E+15 0.00063 
   61   61    1    1    1    1    1    1    1    1  1.57043E+15 0.00057 
   62   62    1    1    1    1    1    1    1    1  1.63515E+15 0.00067 
   63   63    1    1    1    1    1    1    1    1  1.37737E+15 0.00081 
   64   64    1    1    1    1    1    1    1    1  1.09466E+15 0.00075 
   65   65    1    1    1    1    1    1    1    1  1.08555E+15 0.00090 
   66   66    1    1    1    1    1    1    1    1  7.84390E+14 0.00083 
   67   67    1    1    1    1    1    1    1    1  6.34084E+14 0.00083 
   68   68    1    1    1    1    1    1    1    1  5.66483E+14 0.00083 
   69   69    1    1    1    1    1    1    1    1  6.78460E+14 0.00080 
   70   70    1    1    1    1    1    1    1    1  5.75055E+14 0.00085 
   71   71    1    1    1    1    1    1    1    1  1.02947E+15 0.00089 
   72   72    1    1    1    1    1    1    1    1  7.25277E+14 0.00082 
   73   73    1    1    1    1    1    1    1    1  5.47024E+14 0.00087 
   74   74    1    1    1    1    1    1    1    1  4.44365E+14 0.00108 
   75   75    1    1    1    1    1    1    1    1  3.72614E+14 0.00107 
   76   76    1    1    1    1    1    1    1    1  4.37199E+14 0.00143 
   77   77    1    1    1    1    1    1    1    1  3.49410E+14 0.00115 
   78   78    1    1    1    1    1    1    1    1  2.79990E+14 0.00143 
   79   79    1    1    1    1    1    1    1    1  2.90945E+14 0.00134 
   80   80    1    1    1    1    1    1    1    1  2.16475E+14 0.00171 
   81   81    1    1    1    1    1    1    1    1  1.67300E+14 0.00176 
   82   82    1    1    1    1    1    1    1    1  1.28253E+14 0.00219 
   83   83    1    1    1    1    1    1    1    1  1.20332E+14 0.00213 
   84   84    1    1    1    1    1    1    1    1  8.65241E+13 0.00218 
   85   85    1    1    1    1    1    1    1    1  6.23679E+13 0.00325 
   86   86    1    1    1    1    1    1    1    1  5.81104E+13 0.00232 
   87   87    1    1    1    1    1    1    1    1  3.58630E+13 0.00367 
   88   88    1    1    1    1    1    1    1    1  2.39505E+13 0.00406 
   89   89    1    1    1    1    1    1    1    1  1.37246E+13 0.00588 
   90   90    1    1    1    1    1    1    1    1  9.06739E+12 0.00808 
   91   91    1    1    1    1    1    1    1    1  4.39481E+12 0.01027 
   92   92    1    1    1    1    1    1    1    1  2.21363E+12 0.01293 
   93   93    1    1    1    1    1    1    1    1  1.07719E+12 0.01581 
   94   94    1    1    1    1    1    1    1    1  5.08261E+11 0.03280 
   95   95    1    1    1    1    1    1    1    1  2.24626E+11 0.04680 
   96   96    1    1    1    1    1    1    1    1  1.12466E+11 0.05981 
   97   97    1    1    1    1    1    1    1    1  4.11098E+10 0.09907 
   98   98    1    1    1    1    1    1    1    1  2.64094E+10 0.16230 
   99   99    1    1    1    1    1    1    1    1  1.13395E+10 0.16802 
  100  100    1    1    1    1    1    1    1    1  8.81407E+09 0.33069 
];


