
DETdpaspec = [
    1    1    1    1    1    1    1    1    1    1  0.00000E+00 0.00000 
    2    2    1    1    1    1    1    1    1    1  0.00000E+00 0.00000 
    3    3    1    1    1    1    1    1    1    1  0.00000E+00 0.00000 
    4    4    1    1    1    1    1    1    1    1  0.00000E+00 0.00000 
    5    5    1    1    1    1    1    1    1    1  0.00000E+00 0.00000 
    6    6    1    1    1    1    1    1    1    1  0.00000E+00 0.00000 
    7    7    1    1    1    1    1    1    1    1  0.00000E+00 0.00000 
    8    8    1    1    1    1    1    1    1    1  0.00000E+00 0.00000 
    9    9    1    1    1    1    1    1    1    1  1.88904E+07 1.00000 
   10   10    1    1    1    1    1    1    1    1  4.84590E+07 1.00000 
   11   11    1    1    1    1    1    1    1    1  1.38307E+08 1.00000 
   12   12    1    1    1    1    1    1    1    1  1.39785E+08 1.00000 
   13   13    1    1    1    1    1    1    1    1  1.24074E+09 0.84856 
   14   14    1    1    1    1    1    1    1    1  3.04935E+09 0.62873 
   15   15    1    1    1    1    1    1    1    1  3.02026E+09 0.45411 
   16   16    1    1    1    1    1    1    1    1  1.79733E+09 0.50409 
   17   17    1    1    1    1    1    1    1    1  1.75634E+09 0.42231 
   18   18    1    1    1    1    1    1    1    1  9.51686E+08 0.43676 
   19   19    1    1    1    1    1    1    1    1  1.65021E+09 0.57870 
   20   20    1    1    1    1    1    1    1    1  1.23529E+10 0.18463 
   21   21    1    1    1    1    1    1    1    1  1.43188E+10 0.17346 
   22   22    1    1    1    1    1    1    1    1  2.61860E+10 0.15944 
   23   23    1    1    1    1    1    1    1    1  8.83217E+10 0.06988 
   24   24    1    1    1    1    1    1    1    1  2.39435E+11 0.04352 
   25   25    1    1    1    1    1    1    1    1  4.61081E+11 0.04131 
   26   26    1    1    1    1    1    1    1    1  1.00295E+12 0.02450 
   27   27    1    1    1    1    1    1    1    1  2.21756E+12 0.01588 
   28   28    1    1    1    1    1    1    1    1  5.01414E+12 0.01139 
   29   29    1    1    1    1    1    1    1    1  8.38112E+12 0.01082 
   30   30    1    1    1    1    1    1    1    1  1.73341E+13 0.00777 
   31   31    1    1    1    1    1    1    1    1  3.97966E+13 0.00405 
   32   32    1    1    1    1    1    1    1    1  6.15333E+13 0.00341 
   33   33    1    1    1    1    1    1    1    1  1.27714E+14 0.00244 
   34   34    1    1    1    1    1    1    1    1  1.62793E+14 0.00173 
   35   35    1    1    1    1    1    1    1    1  1.73569E+14 0.00145 
   36   36    1    1    1    1    1    1    1    1  1.06073E+14 0.00137 
   37   37    1    1    1    1    1    1    1    1  3.10476E+13 0.00177 
   38   38    1    1    1    1    1    1    1    1  1.77152E+14 0.00120 
   39   39    1    1    1    1    1    1    1    1  2.34463E+14 0.00167 
   40   40    1    1    1    1    1    1    1    1  3.98102E+14 0.00127 
   41   41    1    1    1    1    1    1    1    1  3.82426E+14 0.00090 
   42   42    1    1    1    1    1    1    1    1  8.18070E+14 0.00085 
   43   43    1    1    1    1    1    1    1    1  9.71273E+14 0.00078 
   44   44    1    1    1    1    1    1    1    1  1.37484E+15 0.00065 
   45   45    1    1    1    1    1    1    1    1  2.68203E+15 0.00066 
   46   46    1    1    1    1    1    1    1    1  1.20828E+15 0.00065 
   47   47    1    1    1    1    1    1    1    1  1.90317E+15 0.00083 
   48   48    1    1    1    1    1    1    1    1  2.60879E+15 0.00061 
   49   49    1    1    1    1    1    1    1    1  2.52810E+15 0.00054 
   50   50    1    1    1    1    1    1    1    1  3.94245E+15 0.00055 
   51   51    1    1    1    1    1    1    1    1  3.03463E+15 0.00062 
   52   52    1    1    1    1    1    1    1    1  3.64393E+15 0.00064 
   53   53    1    1    1    1    1    1    1    1  2.49247E+15 0.00083 
   54   54    1    1    1    1    1    1    1    1  3.08923E+15 0.00062 
   55   55    1    1    1    1    1    1    1    1  2.10514E+15 0.00090 
   56   56    1    1    1    1    1    1    1    1  2.84319E+14 0.00092 
   57   57    1    1    1    1    1    1    1    1  4.14257E+15 0.00061 
   58   58    1    1    1    1    1    1    1    1  1.88305E+15 0.00077 
   59   59    1    1    1    1    1    1    1    1  1.97901E+15 0.00071 
   60   60    1    1    1    1    1    1    1    1  1.56511E+15 0.00070 
   61   61    1    1    1    1    1    1    1    1  1.55711E+15 0.00074 
   62   62    1    1    1    1    1    1    1    1  1.61808E+15 0.00062 
   63   63    1    1    1    1    1    1    1    1  1.36005E+15 0.00079 
   64   64    1    1    1    1    1    1    1    1  1.07769E+15 0.00085 
   65   65    1    1    1    1    1    1    1    1  1.06772E+15 0.00105 
   66   66    1    1    1    1    1    1    1    1  7.69171E+14 0.00102 
   67   67    1    1    1    1    1    1    1    1  6.21210E+14 0.00118 
   68   68    1    1    1    1    1    1    1    1  5.53910E+14 0.00117 
   69   69    1    1    1    1    1    1    1    1  6.61197E+14 0.00109 
   70   70    1    1    1    1    1    1    1    1  5.59279E+14 0.00099 
   71   71    1    1    1    1    1    1    1    1  9.97020E+14 0.00106 
   72   72    1    1    1    1    1    1    1    1  6.99240E+14 0.00106 
   73   73    1    1    1    1    1    1    1    1  5.27019E+14 0.00110 
   74   74    1    1    1    1    1    1    1    1  4.27550E+14 0.00128 
   75   75    1    1    1    1    1    1    1    1  3.59038E+14 0.00131 
   76   76    1    1    1    1    1    1    1    1  4.20662E+14 0.00111 
   77   77    1    1    1    1    1    1    1    1  3.37417E+14 0.00118 
   78   78    1    1    1    1    1    1    1    1  2.70726E+14 0.00114 
   79   79    1    1    1    1    1    1    1    1  2.80230E+14 0.00123 
   80   80    1    1    1    1    1    1    1    1  2.08747E+14 0.00143 
   81   81    1    1    1    1    1    1    1    1  1.61383E+14 0.00181 
   82   82    1    1    1    1    1    1    1    1  1.23856E+14 0.00204 
   83   83    1    1    1    1    1    1    1    1  1.15583E+14 0.00200 
   84   84    1    1    1    1    1    1    1    1  8.27419E+13 0.00235 
   85   85    1    1    1    1    1    1    1    1  5.97047E+13 0.00291 
   86   86    1    1    1    1    1    1    1    1  5.57891E+13 0.00264 
   87   87    1    1    1    1    1    1    1    1  3.40665E+13 0.00437 
   88   88    1    1    1    1    1    1    1    1  2.27126E+13 0.00371 
   89   89    1    1    1    1    1    1    1    1  1.29285E+13 0.00564 
   90   90    1    1    1    1    1    1    1    1  8.55893E+12 0.00853 
   91   91    1    1    1    1    1    1    1    1  4.20408E+12 0.00763 
   92   92    1    1    1    1    1    1    1    1  2.09412E+12 0.01473 
   93   93    1    1    1    1    1    1    1    1  9.85699E+11 0.02647 
   94   94    1    1    1    1    1    1    1    1  4.65072E+11 0.03471 
   95   95    1    1    1    1    1    1    1    1  2.31552E+11 0.04679 
   96   96    1    1    1    1    1    1    1    1  1.10885E+11 0.06481 
   97   97    1    1    1    1    1    1    1    1  5.19055E+10 0.09381 
   98   98    1    1    1    1    1    1    1    1  2.48216E+10 0.11405 
   99   99    1    1    1    1    1    1    1    1  1.33240E+10 0.22606 
  100  100    1    1    1    1    1    1    1    1  8.81806E+09 0.19088 
];


