
DETdpaspec = [
    1    1    1    1    1    1    1    1    1    1  0.00000E+00 0.00000 
    2    2    1    1    1    1    1    1    1    1  0.00000E+00 0.00000 
    3    3    1    1    1    1    1    1    1    1  0.00000E+00 0.00000 
    4    4    1    1    1    1    1    1    1    1  0.00000E+00 0.00000 
    5    5    1    1    1    1    1    1    1    1  0.00000E+00 0.00000 
    6    6    1    1    1    1    1    1    1    1  0.00000E+00 0.00000 
    7    7    1    1    1    1    1    1    1    1  1.06405E+07 1.00000 
    8    8    1    1    1    1    1    1    1    1  0.00000E+00 0.00000 
    9    9    1    1    1    1    1    1    1    1  3.15653E+07 1.00000 
   10   10    1    1    1    1    1    1    1    1  6.87113E+07 0.69011 
   11   11    1    1    1    1    1    1    1    1  1.72488E+08 0.45979 
   12   12    1    1    1    1    1    1    1    1  1.81747E+07 1.00000 
   13   13    1    1    1    1    1    1    1    1  8.38457E+08 0.61142 
   14   14    1    1    1    1    1    1    1    1  1.01299E+09 0.65651 
   15   15    1    1    1    1    1    1    1    1  3.43329E+09 0.34494 
   16   16    1    1    1    1    1    1    1    1  1.98817E+09 0.26137 
   17   17    1    1    1    1    1    1    1    1  8.83203E+08 0.23151 
   18   18    1    1    1    1    1    1    1    1  5.96175E+09 0.21333 
   19   19    1    1    1    1    1    1    1    1  6.76278E+09 0.19993 
   20   20    1    1    1    1    1    1    1    1  2.65893E+10 0.12636 
   21   21    1    1    1    1    1    1    1    1  1.49429E+10 0.16617 
   22   22    1    1    1    1    1    1    1    1  4.09484E+10 0.09877 
   23   23    1    1    1    1    1    1    1    1  5.32540E+10 0.09066 
   24   24    1    1    1    1    1    1    1    1  8.75860E+10 0.08268 
   25   25    1    1    1    1    1    1    1    1  1.16815E+11 0.05548 
   26   26    1    1    1    1    1    1    1    1  1.83362E+11 0.02881 
   27   27    1    1    1    1    1    1    1    1  3.51096E+11 0.03805 
   28   28    1    1    1    1    1    1    1    1  6.73860E+11 0.02112 
   29   29    1    1    1    1    1    1    1    1  9.78673E+11 0.02295 
   30   30    1    1    1    1    1    1    1    1  3.04241E+12 0.01616 
   31   31    1    1    1    1    1    1    1    1  9.25820E+12 0.00577 
   32   32    1    1    1    1    1    1    1    1  1.73623E+13 0.00515 
   33   33    1    1    1    1    1    1    1    1  4.00370E+13 0.00319 
   34   34    1    1    1    1    1    1    1    1  5.44548E+13 0.00353 
   35   35    1    1    1    1    1    1    1    1  7.64081E+13 0.00284 
   36   36    1    1    1    1    1    1    1    1  5.37237E+13 0.00232 
   37   37    1    1    1    1    1    1    1    1  1.67064E+13 0.00271 
   38   38    1    1    1    1    1    1    1    1  9.17168E+13 0.00220 
   39   39    1    1    1    1    1    1    1    1  1.23014E+14 0.00204 
   40   40    1    1    1    1    1    1    1    1  2.09037E+14 0.00173 
   41   41    1    1    1    1    1    1    1    1  2.15223E+14 0.00153 
   42   42    1    1    1    1    1    1    1    1  4.50481E+14 0.00132 
   43   43    1    1    1    1    1    1    1    1  5.43277E+14 0.00135 
   44   44    1    1    1    1    1    1    1    1  7.82331E+14 0.00125 
   45   45    1    1    1    1    1    1    1    1  1.53351E+15 0.00101 
   46   46    1    1    1    1    1    1    1    1  7.27597E+14 0.00094 
   47   47    1    1    1    1    1    1    1    1  1.17661E+15 0.00097 
   48   48    1    1    1    1    1    1    1    1  1.64216E+15 0.00067 
   49   49    1    1    1    1    1    1    1    1  1.62897E+15 0.00067 
   50   50    1    1    1    1    1    1    1    1  2.51643E+15 0.00054 
   51   51    1    1    1    1    1    1    1    1  2.02869E+15 0.00064 
   52   52    1    1    1    1    1    1    1    1  2.37453E+15 0.00065 
   53   53    1    1    1    1    1    1    1    1  1.65943E+15 0.00085 
   54   54    1    1    1    1    1    1    1    1  2.00248E+15 0.00090 
   55   55    1    1    1    1    1    1    1    1  1.38511E+15 0.00084 
   56   56    1    1    1    1    1    1    1    1  1.89676E+14 0.00135 
   57   57    1    1    1    1    1    1    1    1  2.75596E+15 0.00094 
   58   58    1    1    1    1    1    1    1    1  1.20396E+15 0.00102 
   59   59    1    1    1    1    1    1    1    1  1.29070E+15 0.00084 
   60   60    1    1    1    1    1    1    1    1  9.89810E+14 0.00086 
   61   61    1    1    1    1    1    1    1    1  9.95936E+14 0.00095 
   62   62    1    1    1    1    1    1    1    1  1.03374E+15 0.00090 
   63   63    1    1    1    1    1    1    1    1  8.65685E+14 0.00119 
   64   64    1    1    1    1    1    1    1    1  6.89499E+14 0.00111 
   65   65    1    1    1    1    1    1    1    1  6.82966E+14 0.00083 
   66   66    1    1    1    1    1    1    1    1  4.93457E+14 0.00129 
   67   67    1    1    1    1    1    1    1    1  4.04936E+14 0.00128 
   68   68    1    1    1    1    1    1    1    1  3.64307E+14 0.00163 
   69   69    1    1    1    1    1    1    1    1  4.36850E+14 0.00132 
   70   70    1    1    1    1    1    1    1    1  3.72946E+14 0.00186 
   71   71    1    1    1    1    1    1    1    1  6.85893E+14 0.00148 
   72   72    1    1    1    1    1    1    1    1  4.86393E+14 0.00139 
   73   73    1    1    1    1    1    1    1    1  3.66304E+14 0.00137 
   74   74    1    1    1    1    1    1    1    1  2.92432E+14 0.00187 
   75   75    1    1    1    1    1    1    1    1  2.39264E+14 0.00170 
   76   76    1    1    1    1    1    1    1    1  2.74111E+14 0.00139 
   77   77    1    1    1    1    1    1    1    1  2.14438E+14 0.00180 
   78   78    1    1    1    1    1    1    1    1  1.69025E+14 0.00197 
   79   79    1    1    1    1    1    1    1    1  1.73230E+14 0.00120 
   80   80    1    1    1    1    1    1    1    1  1.27663E+14 0.00239 
   81   81    1    1    1    1    1    1    1    1  9.83772E+13 0.00296 
   82   82    1    1    1    1    1    1    1    1  7.51197E+13 0.00196 
   83   83    1    1    1    1    1    1    1    1  7.03680E+13 0.00306 
   84   84    1    1    1    1    1    1    1    1  5.08152E+13 0.00310 
   85   85    1    1    1    1    1    1    1    1  3.63921E+13 0.00411 
   86   86    1    1    1    1    1    1    1    1  3.40411E+13 0.00456 
   87   87    1    1    1    1    1    1    1    1  2.12818E+13 0.00580 
   88   88    1    1    1    1    1    1    1    1  1.42658E+13 0.00642 
   89   89    1    1    1    1    1    1    1    1  8.14686E+12 0.00805 
   90   90    1    1    1    1    1    1    1    1  5.37587E+12 0.01334 
   91   91    1    1    1    1    1    1    1    1  2.74163E+12 0.01257 
   92   92    1    1    1    1    1    1    1    1  1.31113E+12 0.01878 
   93   93    1    1    1    1    1    1    1    1  6.25185E+11 0.02975 
   94   94    1    1    1    1    1    1    1    1  3.09832E+11 0.03127 
   95   95    1    1    1    1    1    1    1    1  1.58165E+11 0.04965 
   96   96    1    1    1    1    1    1    1    1  7.69965E+10 0.08920 
   97   97    1    1    1    1    1    1    1    1  4.02226E+10 0.12812 
   98   98    1    1    1    1    1    1    1    1  2.30355E+10 0.14998 
   99   99    1    1    1    1    1    1    1    1  8.57665E+09 0.29760 
  100  100    1    1    1    1    1    1    1    1  5.79835E+09 0.28107 
];


