
DETdpaspec = [
    1    1    1    1    1    1    1    1    1    1  0.00000E+00 0.00000 
    2    2    1    1    1    1    1    1    1    1  0.00000E+00 0.00000 
    3    3    1    1    1    1    1    1    1    1  0.00000E+00 0.00000 
    4    4    1    1    1    1    1    1    1    1  0.00000E+00 0.00000 
    5    5    1    1    1    1    1    1    1    1  0.00000E+00 0.00000 
    6    6    1    1    1    1    1    1    1    1  0.00000E+00 0.00000 
    7    7    1    1    1    1    1    1    1    1  0.00000E+00 0.00000 
    8    8    1    1    1    1    1    1    1    1  0.00000E+00 0.00000 
    9    9    1    1    1    1    1    1    1    1  5.65897E+07 0.49907 
   10   10    1    1    1    1    1    1    1    1  4.13022E+07 1.00000 
   11   11    1    1    1    1    1    1    1    1  0.00000E+00 0.00000 
   12   12    1    1    1    1    1    1    1    1  6.45575E+07 0.48661 
   13   13    1    1    1    1    1    1    1    1  2.62095E+09 0.33787 
   14   14    1    1    1    1    1    1    1    1  2.98221E+09 0.32492 
   15   15    1    1    1    1    1    1    1    1  2.98057E+09 0.48514 
   16   16    1    1    1    1    1    1    1    1  1.08233E+09 0.34987 
   17   17    1    1    1    1    1    1    1    1  4.17495E+09 0.19399 
   18   18    1    1    1    1    1    1    1    1  9.54665E+09 0.20179 
   19   19    1    1    1    1    1    1    1    1  9.33666E+09 0.14776 
   20   20    1    1    1    1    1    1    1    1  2.65371E+10 0.11746 
   21   21    1    1    1    1    1    1    1    1  2.23975E+10 0.09984 
   22   22    1    1    1    1    1    1    1    1  6.03262E+10 0.08469 
   23   23    1    1    1    1    1    1    1    1  6.88394E+10 0.06772 
   24   24    1    1    1    1    1    1    1    1  1.12983E+11 0.04602 
   25   25    1    1    1    1    1    1    1    1  1.45205E+11 0.05142 
   26   26    1    1    1    1    1    1    1    1  2.42908E+11 0.03692 
   27   27    1    1    1    1    1    1    1    1  4.93228E+11 0.02699 
   28   28    1    1    1    1    1    1    1    1  7.63416E+11 0.02699 
   29   29    1    1    1    1    1    1    1    1  1.01572E+12 0.01591 
   30   30    1    1    1    1    1    1    1    1  3.20403E+12 0.01241 
   31   31    1    1    1    1    1    1    1    1  9.35611E+12 0.00891 
   32   32    1    1    1    1    1    1    1    1  1.69278E+13 0.00695 
   33   33    1    1    1    1    1    1    1    1  3.56740E+13 0.00484 
   34   34    1    1    1    1    1    1    1    1  4.53200E+13 0.00355 
   35   35    1    1    1    1    1    1    1    1  6.67740E+13 0.00317 
   36   36    1    1    1    1    1    1    1    1  4.72275E+13 0.00305 
   37   37    1    1    1    1    1    1    1    1  1.51982E+13 0.00365 
   38   38    1    1    1    1    1    1    1    1  7.94871E+13 0.00253 
   39   39    1    1    1    1    1    1    1    1  1.04902E+14 0.00219 
   40   40    1    1    1    1    1    1    1    1  1.71928E+14 0.00230 
   41   41    1    1    1    1    1    1    1    1  1.79953E+14 0.00175 
   42   42    1    1    1    1    1    1    1    1  3.60256E+14 0.00182 
   43   43    1    1    1    1    1    1    1    1  4.24976E+14 0.00197 
   44   44    1    1    1    1    1    1    1    1  5.95948E+14 0.00188 
   45   45    1    1    1    1    1    1    1    1  1.11702E+15 0.00189 
   46   46    1    1    1    1    1    1    1    1  5.29616E+14 0.00186 
   47   47    1    1    1    1    1    1    1    1  8.55947E+14 0.00177 
   48   48    1    1    1    1    1    1    1    1  1.17863E+15 0.00152 
   49   49    1    1    1    1    1    1    1    1  1.16467E+15 0.00155 
   50   50    1    1    1    1    1    1    1    1  1.75070E+15 0.00150 
   51   51    1    1    1    1    1    1    1    1  1.42796E+15 0.00187 
   52   52    1    1    1    1    1    1    1    1  1.61747E+15 0.00163 
   53   53    1    1    1    1    1    1    1    1  1.13309E+15 0.00146 
   54   54    1    1    1    1    1    1    1    1  1.32892E+15 0.00150 
   55   55    1    1    1    1    1    1    1    1  9.25153E+14 0.00164 
   56   56    1    1    1    1    1    1    1    1  1.27476E+14 0.00214 
   57   57    1    1    1    1    1    1    1    1  1.83396E+15 0.00179 
   58   58    1    1    1    1    1    1    1    1  7.74900E+14 0.00214 
   59   59    1    1    1    1    1    1    1    1  8.33288E+14 0.00236 
   60   60    1    1    1    1    1    1    1    1  6.25735E+14 0.00185 
   61   61    1    1    1    1    1    1    1    1  6.31998E+14 0.00162 
   62   62    1    1    1    1    1    1    1    1  6.50207E+14 0.00201 
   63   63    1    1    1    1    1    1    1    1  5.38964E+14 0.00193 
   64   64    1    1    1    1    1    1    1    1  4.28783E+14 0.00154 
   65   65    1    1    1    1    1    1    1    1  4.23297E+14 0.00184 
   66   66    1    1    1    1    1    1    1    1  3.05913E+14 0.00130 
   67   67    1    1    1    1    1    1    1    1  2.52023E+14 0.00190 
   68   68    1    1    1    1    1    1    1    1  2.27141E+14 0.00228 
   69   69    1    1    1    1    1    1    1    1  2.72035E+14 0.00206 
   70   70    1    1    1    1    1    1    1    1  2.32707E+14 0.00269 
   71   71    1    1    1    1    1    1    1    1  4.36120E+14 0.00205 
   72   72    1    1    1    1    1    1    1    1  3.10954E+14 0.00247 
   73   73    1    1    1    1    1    1    1    1  2.31832E+14 0.00233 
   74   74    1    1    1    1    1    1    1    1  1.80838E+14 0.00275 
   75   75    1    1    1    1    1    1    1    1  1.45797E+14 0.00299 
   76   76    1    1    1    1    1    1    1    1  1.64000E+14 0.00321 
   77   77    1    1    1    1    1    1    1    1  1.25592E+14 0.00276 
   78   78    1    1    1    1    1    1    1    1  9.72355E+13 0.00263 
   79   79    1    1    1    1    1    1    1    1  9.90466E+13 0.00450 
   80   80    1    1    1    1    1    1    1    1  7.25188E+13 0.00313 
   81   81    1    1    1    1    1    1    1    1  5.50831E+13 0.00441 
   82   82    1    1    1    1    1    1    1    1  4.22561E+13 0.00382 
   83   83    1    1    1    1    1    1    1    1  3.95869E+13 0.00416 
   84   84    1    1    1    1    1    1    1    1  2.85708E+13 0.00496 
   85   85    1    1    1    1    1    1    1    1  2.03606E+13 0.00528 
   86   86    1    1    1    1    1    1    1    1  1.90006E+13 0.00509 
   87   87    1    1    1    1    1    1    1    1  1.18604E+13 0.00611 
   88   88    1    1    1    1    1    1    1    1  7.97107E+12 0.00970 
   89   89    1    1    1    1    1    1    1    1  4.64418E+12 0.00936 
   90   90    1    1    1    1    1    1    1    1  3.08188E+12 0.01397 
   91   91    1    1    1    1    1    1    1    1  1.55092E+12 0.01773 
   92   92    1    1    1    1    1    1    1    1  7.63541E+11 0.02586 
   93   93    1    1    1    1    1    1    1    1  3.63751E+11 0.04744 
   94   94    1    1    1    1    1    1    1    1  1.78991E+11 0.06378 
   95   95    1    1    1    1    1    1    1    1  8.05850E+10 0.08172 
   96   96    1    1    1    1    1    1    1    1  3.82612E+10 0.11440 
   97   97    1    1    1    1    1    1    1    1  1.94705E+10 0.14450 
   98   98    1    1    1    1    1    1    1    1  6.14835E+09 0.30574 
   99   99    1    1    1    1    1    1    1    1  3.28713E+09 0.34851 
  100  100    1    1    1    1    1    1    1    1  5.40116E+09 0.36897 
];


