
DETdpaspec = [
    1    1    1    1    1    1    1    1    1    1  0.00000E+00 0.00000 
    2    2    1    1    1    1    1    1    1    1  0.00000E+00 0.00000 
    3    3    1    1    1    1    1    1    1    1  0.00000E+00 0.00000 
    4    4    1    1    1    1    1    1    1    1  0.00000E+00 0.00000 
    5    5    1    1    1    1    1    1    1    1  0.00000E+00 0.00000 
    6    6    1    1    1    1    1    1    1    1  0.00000E+00 0.00000 
    7    7    1    1    1    1    1    1    1    1  1.55809E+07 1.00000 
    8    8    1    1    1    1    1    1    1    1  0.00000E+00 0.00000 
    9    9    1    1    1    1    1    1    1    1  0.00000E+00 0.00000 
   10   10    1    1    1    1    1    1    1    1  2.29857E+07 1.00000 
   11   11    1    1    1    1    1    1    1    1  4.32325E+07 1.00000 
   12   12    1    1    1    1    1    1    1    1  6.51472E+06 0.57216 
   13   13    1    1    1    1    1    1    1    1  3.86401E+08 0.63327 
   14   14    1    1    1    1    1    1    1    1  2.17168E+09 0.35786 
   15   15    1    1    1    1    1    1    1    1  1.88295E+09 0.39465 
   16   16    1    1    1    1    1    1    1    1  1.36839E+09 0.22740 
   17   17    1    1    1    1    1    1    1    1  1.71634E+09 0.27194 
   18   18    1    1    1    1    1    1    1    1  7.01712E+09 0.21341 
   19   19    1    1    1    1    1    1    1    1  5.56404E+09 0.30848 
   20   20    1    1    1    1    1    1    1    1  2.92099E+10 0.14254 
   21   21    1    1    1    1    1    1    1    1  1.73230E+10 0.12001 
   22   22    1    1    1    1    1    1    1    1  3.84228E+10 0.10926 
   23   23    1    1    1    1    1    1    1    1  6.55179E+10 0.05890 
   24   24    1    1    1    1    1    1    1    1  1.01138E+11 0.06514 
   25   25    1    1    1    1    1    1    1    1  1.23442E+11 0.05259 
   26   26    1    1    1    1    1    1    1    1  1.79528E+11 0.06241 
   27   27    1    1    1    1    1    1    1    1  3.36466E+11 0.04140 
   28   28    1    1    1    1    1    1    1    1  6.97829E+11 0.02810 
   29   29    1    1    1    1    1    1    1    1  1.02464E+12 0.02088 
   30   30    1    1    1    1    1    1    1    1  3.06657E+12 0.01215 
   31   31    1    1    1    1    1    1    1    1  9.60554E+12 0.00727 
   32   32    1    1    1    1    1    1    1    1  1.81300E+13 0.00463 
   33   33    1    1    1    1    1    1    1    1  4.22140E+13 0.00459 
   34   34    1    1    1    1    1    1    1    1  5.82162E+13 0.00332 
   35   35    1    1    1    1    1    1    1    1  8.00106E+13 0.00245 
   36   36    1    1    1    1    1    1    1    1  5.56873E+13 0.00277 
   37   37    1    1    1    1    1    1    1    1  1.72739E+13 0.00229 
   38   38    1    1    1    1    1    1    1    1  9.56724E+13 0.00201 
   39   39    1    1    1    1    1    1    1    1  1.28413E+14 0.00231 
   40   40    1    1    1    1    1    1    1    1  2.20166E+14 0.00167 
   41   41    1    1    1    1    1    1    1    1  2.25300E+14 0.00146 
   42   42    1    1    1    1    1    1    1    1  4.74341E+14 0.00129 
   43   43    1    1    1    1    1    1    1    1  5.73781E+14 0.00095 
   44   44    1    1    1    1    1    1    1    1  8.28377E+14 0.00094 
   45   45    1    1    1    1    1    1    1    1  1.63684E+15 0.00117 
   46   46    1    1    1    1    1    1    1    1  7.76326E+14 0.00096 
   47   47    1    1    1    1    1    1    1    1  1.25347E+15 0.00093 
   48   48    1    1    1    1    1    1    1    1  1.75676E+15 0.00093 
   49   49    1    1    1    1    1    1    1    1  1.74152E+15 0.00075 
   50   50    1    1    1    1    1    1    1    1  2.70294E+15 0.00087 
   51   51    1    1    1    1    1    1    1    1  2.17477E+15 0.00090 
   52   52    1    1    1    1    1    1    1    1  2.56215E+15 0.00123 
   53   53    1    1    1    1    1    1    1    1  1.79049E+15 0.00114 
   54   54    1    1    1    1    1    1    1    1  2.16942E+15 0.00106 
   55   55    1    1    1    1    1    1    1    1  1.50064E+15 0.00090 
   56   56    1    1    1    1    1    1    1    1  2.05098E+14 0.00150 
   57   57    1    1    1    1    1    1    1    1  2.98624E+15 0.00101 
   58   58    1    1    1    1    1    1    1    1  1.31597E+15 0.00093 
   59   59    1    1    1    1    1    1    1    1  1.40640E+15 0.00101 
   60   60    1    1    1    1    1    1    1    1  1.08526E+15 0.00119 
   61   61    1    1    1    1    1    1    1    1  1.09021E+15 0.00098 
   62   62    1    1    1    1    1    1    1    1  1.13261E+15 0.00105 
   63   63    1    1    1    1    1    1    1    1  9.50794E+14 0.00115 
   64   64    1    1    1    1    1    1    1    1  7.57940E+14 0.00143 
   65   65    1    1    1    1    1    1    1    1  7.51553E+14 0.00132 
   66   66    1    1    1    1    1    1    1    1  5.43361E+14 0.00136 
   67   67    1    1    1    1    1    1    1    1  4.44709E+14 0.00125 
   68   68    1    1    1    1    1    1    1    1  3.99559E+14 0.00130 
   69   69    1    1    1    1    1    1    1    1  4.80656E+14 0.00136 
   70   70    1    1    1    1    1    1    1    1  4.09680E+14 0.00131 
   71   71    1    1    1    1    1    1    1    1  7.52403E+14 0.00153 
   72   72    1    1    1    1    1    1    1    1  5.33553E+14 0.00166 
   73   73    1    1    1    1    1    1    1    1  4.01154E+14 0.00174 
   74   74    1    1    1    1    1    1    1    1  3.20100E+14 0.00200 
   75   75    1    1    1    1    1    1    1    1  2.64000E+14 0.00178 
   76   76    1    1    1    1    1    1    1    1  3.04507E+14 0.00194 
   77   77    1    1    1    1    1    1    1    1  2.37973E+14 0.00217 
   78   78    1    1    1    1    1    1    1    1  1.88422E+14 0.00198 
   79   79    1    1    1    1    1    1    1    1  1.93302E+14 0.00197 
   80   80    1    1    1    1    1    1    1    1  1.42761E+14 0.00177 
   81   81    1    1    1    1    1    1    1    1  1.09796E+14 0.00223 
   82   82    1    1    1    1    1    1    1    1  8.45056E+13 0.00248 
   83   83    1    1    1    1    1    1    1    1  7.88535E+13 0.00354 
   84   84    1    1    1    1    1    1    1    1  5.64400E+13 0.00308 
   85   85    1    1    1    1    1    1    1    1  4.07802E+13 0.00395 
   86   86    1    1    1    1    1    1    1    1  3.83350E+13 0.00445 
   87   87    1    1    1    1    1    1    1    1  2.36260E+13 0.00494 
   88   88    1    1    1    1    1    1    1    1  1.59533E+13 0.00528 
   89   89    1    1    1    1    1    1    1    1  9.14307E+12 0.00831 
   90   90    1    1    1    1    1    1    1    1  6.05562E+12 0.00852 
   91   91    1    1    1    1    1    1    1    1  3.08421E+12 0.01652 
   92   92    1    1    1    1    1    1    1    1  1.49366E+12 0.01647 
   93   93    1    1    1    1    1    1    1    1  7.00791E+11 0.02698 
   94   94    1    1    1    1    1    1    1    1  3.42428E+11 0.03516 
   95   95    1    1    1    1    1    1    1    1  1.82898E+11 0.05844 
   96   96    1    1    1    1    1    1    1    1  8.07961E+10 0.05509 
   97   97    1    1    1    1    1    1    1    1  4.03676E+10 0.11688 
   98   98    1    1    1    1    1    1    1    1  1.88480E+10 0.17894 
   99   99    1    1    1    1    1    1    1    1  6.25396E+09 0.26704 
  100  100    1    1    1    1    1    1    1    1  1.06491E+10 0.23012 
];


