
DETdpaspec = [
    1    1    1    1    1    1    1    1    1    1  0.00000E+00 0.00000 
    2    2    1    1    1    1    1    1    1    1  0.00000E+00 0.00000 
    3    3    1    1    1    1    1    1    1    1  0.00000E+00 0.00000 
    4    4    1    1    1    1    1    1    1    1  0.00000E+00 0.00000 
    5    5    1    1    1    1    1    1    1    1  0.00000E+00 0.00000 
    6    6    1    1    1    1    1    1    1    1  0.00000E+00 0.00000 
    7    7    1    1    1    1    1    1    1    1  0.00000E+00 0.00000 
    8    8    1    1    1    1    1    1    1    1  1.59981E+07 1.00000 
    9    9    1    1    1    1    1    1    1    1  0.00000E+00 0.00000 
   10   10    1    1    1    1    1    1    1    1  8.56669E+07 0.68887 
   11   11    1    1    1    1    1    1    1    1  4.37392E+07 1.00000 
   12   12    1    1    1    1    1    1    1    1  6.14025E+07 0.67904 
   13   13    1    1    1    1    1    1    1    1  6.09863E+08 0.60121 
   14   14    1    1    1    1    1    1    1    1  9.88708E+08 0.58448 
   15   15    1    1    1    1    1    1    1    1  4.90124E+09 0.36865 
   16   16    1    1    1    1    1    1    1    1  9.09583E+08 0.34743 
   17   17    1    1    1    1    1    1    1    1  2.60053E+09 0.29153 
   18   18    1    1    1    1    1    1    1    1  4.57457E+09 0.20354 
   19   19    1    1    1    1    1    1    1    1  7.67513E+09 0.18809 
   20   20    1    1    1    1    1    1    1    1  2.05066E+10 0.11936 
   21   21    1    1    1    1    1    1    1    1  1.72765E+10 0.14881 
   22   22    1    1    1    1    1    1    1    1  4.24780E+10 0.06904 
   23   23    1    1    1    1    1    1    1    1  5.17143E+10 0.09206 
   24   24    1    1    1    1    1    1    1    1  9.81861E+10 0.06045 
   25   25    1    1    1    1    1    1    1    1  1.17785E+11 0.05138 
   26   26    1    1    1    1    1    1    1    1  2.01468E+11 0.04744 
   27   27    1    1    1    1    1    1    1    1  3.69402E+11 0.03638 
   28   28    1    1    1    1    1    1    1    1  7.11743E+11 0.03786 
   29   29    1    1    1    1    1    1    1    1  1.06056E+12 0.02632 
   30   30    1    1    1    1    1    1    1    1  3.21816E+12 0.01615 
   31   31    1    1    1    1    1    1    1    1  9.84592E+12 0.01024 
   32   32    1    1    1    1    1    1    1    1  1.83828E+13 0.00662 
   33   33    1    1    1    1    1    1    1    1  4.29381E+13 0.00289 
   34   34    1    1    1    1    1    1    1    1  5.91277E+13 0.00321 
   35   35    1    1    1    1    1    1    1    1  8.12460E+13 0.00182 
   36   36    1    1    1    1    1    1    1    1  5.61742E+13 0.00191 
   37   37    1    1    1    1    1    1    1    1  1.74970E+13 0.00283 
   38   38    1    1    1    1    1    1    1    1  9.66336E+13 0.00226 
   39   39    1    1    1    1    1    1    1    1  1.30058E+14 0.00181 
   40   40    1    1    1    1    1    1    1    1  2.22286E+14 0.00188 
   41   41    1    1    1    1    1    1    1    1  2.27679E+14 0.00187 
   42   42    1    1    1    1    1    1    1    1  4.80939E+14 0.00147 
   43   43    1    1    1    1    1    1    1    1  5.81396E+14 0.00143 
   44   44    1    1    1    1    1    1    1    1  8.39277E+14 0.00151 
   45   45    1    1    1    1    1    1    1    1  1.65951E+15 0.00103 
   46   46    1    1    1    1    1    1    1    1  7.87295E+14 0.00085 
   47   47    1    1    1    1    1    1    1    1  1.27288E+15 0.00087 
   48   48    1    1    1    1    1    1    1    1  1.78179E+15 0.00083 
   49   49    1    1    1    1    1    1    1    1  1.76175E+15 0.00102 
   50   50    1    1    1    1    1    1    1    1  2.73587E+15 0.00080 
   51   51    1    1    1    1    1    1    1    1  2.20109E+15 0.00073 
   52   52    1    1    1    1    1    1    1    1  2.59817E+15 0.00078 
   53   53    1    1    1    1    1    1    1    1  1.81586E+15 0.00089 
   54   54    1    1    1    1    1    1    1    1  2.20429E+15 0.00079 
   55   55    1    1    1    1    1    1    1    1  1.52182E+15 0.00092 
   56   56    1    1    1    1    1    1    1    1  2.07719E+14 0.00099 
   57   57    1    1    1    1    1    1    1    1  3.02933E+15 0.00090 
   58   58    1    1    1    1    1    1    1    1  1.33461E+15 0.00121 
   59   59    1    1    1    1    1    1    1    1  1.42849E+15 0.00109 
   60   60    1    1    1    1    1    1    1    1  1.10285E+15 0.00121 
   61   61    1    1    1    1    1    1    1    1  1.10769E+15 0.00113 
   62   62    1    1    1    1    1    1    1    1  1.15187E+15 0.00106 
   63   63    1    1    1    1    1    1    1    1  9.66809E+14 0.00091 
   64   64    1    1    1    1    1    1    1    1  7.70731E+14 0.00092 
   65   65    1    1    1    1    1    1    1    1  7.65079E+14 0.00136 
   66   66    1    1    1    1    1    1    1    1  5.53441E+14 0.00151 
   67   67    1    1    1    1    1    1    1    1  4.53176E+14 0.00157 
   68   68    1    1    1    1    1    1    1    1  4.06660E+14 0.00192 
   69   69    1    1    1    1    1    1    1    1  4.88249E+14 0.00181 
   70   70    1    1    1    1    1    1    1    1  4.16078E+14 0.00153 
   71   71    1    1    1    1    1    1    1    1  7.63566E+14 0.00153 
   72   72    1    1    1    1    1    1    1    1  5.42093E+14 0.00136 
   73   73    1    1    1    1    1    1    1    1  4.07719E+14 0.00153 
   74   74    1    1    1    1    1    1    1    1  3.26724E+14 0.00217 
   75   75    1    1    1    1    1    1    1    1  2.68643E+14 0.00205 
   76   76    1    1    1    1    1    1    1    1  3.08241E+14 0.00202 
   77   77    1    1    1    1    1    1    1    1  2.41922E+14 0.00173 
   78   78    1    1    1    1    1    1    1    1  1.91543E+14 0.00219 
   79   79    1    1    1    1    1    1    1    1  1.97372E+14 0.00249 
   80   80    1    1    1    1    1    1    1    1  1.45557E+14 0.00267 
   81   81    1    1    1    1    1    1    1    1  1.12178E+14 0.00226 
   82   82    1    1    1    1    1    1    1    1  8.56809E+13 0.00209 
   83   83    1    1    1    1    1    1    1    1  7.97811E+13 0.00259 
   84   84    1    1    1    1    1    1    1    1  5.77998E+13 0.00409 
   85   85    1    1    1    1    1    1    1    1  4.16648E+13 0.00326 
   86   86    1    1    1    1    1    1    1    1  3.88513E+13 0.00448 
   87   87    1    1    1    1    1    1    1    1  2.42073E+13 0.00475 
   88   88    1    1    1    1    1    1    1    1  1.60072E+13 0.00514 
   89   89    1    1    1    1    1    1    1    1  9.23449E+12 0.00700 
   90   90    1    1    1    1    1    1    1    1  6.16068E+12 0.00973 
   91   91    1    1    1    1    1    1    1    1  3.18826E+12 0.01436 
   92   92    1    1    1    1    1    1    1    1  1.50533E+12 0.02307 
   93   93    1    1    1    1    1    1    1    1  7.52271E+11 0.02924 
   94   94    1    1    1    1    1    1    1    1  3.51471E+11 0.03325 
   95   95    1    1    1    1    1    1    1    1  1.64322E+11 0.06343 
   96   96    1    1    1    1    1    1    1    1  7.93483E+10 0.09579 
   97   97    1    1    1    1    1    1    1    1  3.83225E+10 0.12509 
   98   98    1    1    1    1    1    1    1    1  1.61407E+10 0.19685 
   99   99    1    1    1    1    1    1    1    1  1.20304E+10 0.24296 
  100  100    1    1    1    1    1    1    1    1  1.04481E+10 0.32803 
];


