
DETdpaspec = [
    1    1    1    1    1    1    1    1    1    1  0.00000E+00 0.00000 
    2    2    1    1    1    1    1    1    1    1  0.00000E+00 0.00000 
    3    3    1    1    1    1    1    1    1    1  0.00000E+00 0.00000 
    4    4    1    1    1    1    1    1    1    1  0.00000E+00 0.00000 
    5    5    1    1    1    1    1    1    1    1  0.00000E+00 0.00000 
    6    6    1    1    1    1    1    1    1    1  0.00000E+00 0.00000 
    7    7    1    1    1    1    1    1    1    1  0.00000E+00 0.00000 
    8    8    1    1    1    1    1    1    1    1  1.80431E+07 1.00000 
    9    9    1    1    1    1    1    1    1    1  1.31408E+07 1.00000 
   10   10    1    1    1    1    1    1    1    1  0.00000E+00 0.00000 
   11   11    1    1    1    1    1    1    1    1  6.19852E+07 1.00000 
   12   12    1    1    1    1    1    1    1    1  9.66163E+07 1.00000 
   13   13    1    1    1    1    1    1    1    1  3.81490E+08 1.00000 
   14   14    1    1    1    1    1    1    1    1  6.03418E+09 0.32824 
   15   15    1    1    1    1    1    1    1    1  8.39919E+09 0.24210 
   16   16    1    1    1    1    1    1    1    1  1.41416E+09 0.41128 
   17   17    1    1    1    1    1    1    1    1  1.35993E+09 0.30269 
   18   18    1    1    1    1    1    1    1    1  5.63879E+09 0.27879 
   19   19    1    1    1    1    1    1    1    1  6.98885E+09 0.27956 
   20   20    1    1    1    1    1    1    1    1  2.78062E+10 0.12935 
   21   21    1    1    1    1    1    1    1    1  1.40775E+10 0.13653 
   22   22    1    1    1    1    1    1    1    1  3.15792E+10 0.10302 
   23   23    1    1    1    1    1    1    1    1  5.17909E+10 0.07798 
   24   24    1    1    1    1    1    1    1    1  8.89755E+10 0.05516 
   25   25    1    1    1    1    1    1    1    1  1.12670E+11 0.06207 
   26   26    1    1    1    1    1    1    1    1  2.04932E+11 0.05203 
   27   27    1    1    1    1    1    1    1    1  3.86593E+11 0.04380 
   28   28    1    1    1    1    1    1    1    1  9.44162E+11 0.02370 
   29   29    1    1    1    1    1    1    1    1  1.70973E+12 0.01737 
   30   30    1    1    1    1    1    1    1    1  4.53260E+12 0.01059 
   31   31    1    1    1    1    1    1    1    1  1.36358E+13 0.00678 
   32   32    1    1    1    1    1    1    1    1  2.48961E+13 0.00546 
   33   33    1    1    1    1    1    1    1    1  5.89222E+13 0.00434 
   34   34    1    1    1    1    1    1    1    1  8.21603E+13 0.00278 
   35   35    1    1    1    1    1    1    1    1  1.03195E+14 0.00191 
   36   36    1    1    1    1    1    1    1    1  6.88518E+13 0.00179 
   37   37    1    1    1    1    1    1    1    1  2.08844E+13 0.00144 
   38   38    1    1    1    1    1    1    1    1  1.17931E+14 0.00150 
   39   39    1    1    1    1    1    1    1    1  1.58939E+14 0.00148 
   40   40    1    1    1    1    1    1    1    1  2.74104E+14 0.00166 
   41   41    1    1    1    1    1    1    1    1  2.74258E+14 0.00137 
   42   42    1    1    1    1    1    1    1    1  5.90163E+14 0.00110 
   43   43    1    1    1    1    1    1    1    1  7.15351E+14 0.00097 
   44   44    1    1    1    1    1    1    1    1  1.03438E+15 0.00068 
   45   45    1    1    1    1    1    1    1    1  2.07132E+15 0.00076 
   46   46    1    1    1    1    1    1    1    1  9.68999E+14 0.00085 
   47   47    1    1    1    1    1    1    1    1  1.55646E+15 0.00080 
   48   48    1    1    1    1    1    1    1    1  2.17955E+15 0.00072 
   49   49    1    1    1    1    1    1    1    1  2.15092E+15 0.00080 
   50   50    1    1    1    1    1    1    1    1  3.37990E+15 0.00051 
   51   51    1    1    1    1    1    1    1    1  2.68438E+15 0.00068 
   52   52    1    1    1    1    1    1    1    1  3.21537E+15 0.00068 
   53   53    1    1    1    1    1    1    1    1  2.23917E+15 0.00075 
   54   54    1    1    1    1    1    1    1    1  2.76492E+15 0.00067 
   55   55    1    1    1    1    1    1    1    1  1.90388E+15 0.00063 
   56   56    1    1    1    1    1    1    1    1  2.58572E+14 0.00110 
   57   57    1    1    1    1    1    1    1    1  3.78920E+15 0.00073 
   58   58    1    1    1    1    1    1    1    1  1.70740E+15 0.00078 
   59   59    1    1    1    1    1    1    1    1  1.81451E+15 0.00077 
   60   60    1    1    1    1    1    1    1    1  1.42408E+15 0.00071 
   61   61    1    1    1    1    1    1    1    1  1.42592E+15 0.00087 
   62   62    1    1    1    1    1    1    1    1  1.48544E+15 0.00078 
   63   63    1    1    1    1    1    1    1    1  1.25411E+15 0.00074 
   64   64    1    1    1    1    1    1    1    1  9.98700E+14 0.00091 
   65   65    1    1    1    1    1    1    1    1  9.92920E+14 0.00100 
   66   66    1    1    1    1    1    1    1    1  7.18783E+14 0.00141 
   67   67    1    1    1    1    1    1    1    1  5.84630E+14 0.00136 
   68   68    1    1    1    1    1    1    1    1  5.24619E+14 0.00115 
   69   69    1    1    1    1    1    1    1    1  6.30500E+14 0.00106 
   70   70    1    1    1    1    1    1    1    1  5.35702E+14 0.00101 
   71   71    1    1    1    1    1    1    1    1  9.71291E+14 0.00100 
   72   72    1    1    1    1    1    1    1    1  6.88340E+14 0.00115 
   73   73    1    1    1    1    1    1    1    1  5.20136E+14 0.00140 
   74   74    1    1    1    1    1    1    1    1  4.20788E+14 0.00091 
   75   75    1    1    1    1    1    1    1    1  3.50422E+14 0.00129 
   76   76    1    1    1    1    1    1    1    1  4.06900E+14 0.00124 
   77   77    1    1    1    1    1    1    1    1  3.23328E+14 0.00139 
   78   78    1    1    1    1    1    1    1    1  2.58625E+14 0.00150 
   79   79    1    1    1    1    1    1    1    1  2.67329E+14 0.00152 
   80   80    1    1    1    1    1    1    1    1  1.98948E+14 0.00202 
   81   81    1    1    1    1    1    1    1    1  1.52878E+14 0.00182 
   82   82    1    1    1    1    1    1    1    1  1.17959E+14 0.00239 
   83   83    1    1    1    1    1    1    1    1  1.10228E+14 0.00227 
   84   84    1    1    1    1    1    1    1    1  7.93550E+13 0.00205 
   85   85    1    1    1    1    1    1    1    1  5.72245E+13 0.00334 
   86   86    1    1    1    1    1    1    1    1  5.33019E+13 0.00256 
   87   87    1    1    1    1    1    1    1    1  3.29298E+13 0.00318 
   88   88    1    1    1    1    1    1    1    1  2.22827E+13 0.00529 
   89   89    1    1    1    1    1    1    1    1  1.27342E+13 0.00623 
   90   90    1    1    1    1    1    1    1    1  8.53890E+12 0.00853 
   91   91    1    1    1    1    1    1    1    1  4.20026E+12 0.00616 
   92   92    1    1    1    1    1    1    1    1  2.08527E+12 0.01685 
   93   93    1    1    1    1    1    1    1    1  9.85535E+11 0.02925 
   94   94    1    1    1    1    1    1    1    1  4.48448E+11 0.02956 
   95   95    1    1    1    1    1    1    1    1  2.26319E+11 0.05756 
   96   96    1    1    1    1    1    1    1    1  1.19634E+11 0.07406 
   97   97    1    1    1    1    1    1    1    1  4.40333E+10 0.08888 
   98   98    1    1    1    1    1    1    1    1  2.59277E+10 0.08942 
   99   99    1    1    1    1    1    1    1    1  1.10479E+10 0.20949 
  100  100    1    1    1    1    1    1    1    1  1.13813E+10 0.20229 
];


