
DETdpaspec = [
    1    1    1    1    1    1    1    1    1    1  0.00000E+00 0.00000 
    2    2    1    1    1    1    1    1    1    1  0.00000E+00 0.00000 
    3    3    1    1    1    1    1    1    1    1  0.00000E+00 0.00000 
    4    4    1    1    1    1    1    1    1    1  0.00000E+00 0.00000 
    5    5    1    1    1    1    1    1    1    1  0.00000E+00 0.00000 
    6    6    1    1    1    1    1    1    1    1  0.00000E+00 0.00000 
    7    7    1    1    1    1    1    1    1    1  0.00000E+00 0.00000 
    8    8    1    1    1    1    1    1    1    1  0.00000E+00 0.00000 
    9    9    1    1    1    1    1    1    1    1  1.53149E+07 1.00000 
   10   10    1    1    1    1    1    1    1    1  6.74839E+07 0.72484 
   11   11    1    1    1    1    1    1    1    1  2.95825E+08 0.49971 
   12   12    1    1    1    1    1    1    1    1  8.98614E+07 0.54964 
   13   13    1    1    1    1    1    1    1    1  1.21673E+09 0.55361 
   14   14    1    1    1    1    1    1    1    1  3.03239E+09 0.50126 
   15   15    1    1    1    1    1    1    1    1  3.40906E+09 0.33586 
   16   16    1    1    1    1    1    1    1    1  8.36313E+08 0.50734 
   17   17    1    1    1    1    1    1    1    1  3.82104E+09 0.26546 
   18   18    1    1    1    1    1    1    1    1  7.93864E+09 0.24634 
   19   19    1    1    1    1    1    1    1    1  8.39188E+09 0.24657 
   20   20    1    1    1    1    1    1    1    1  2.77327E+10 0.12045 
   21   21    1    1    1    1    1    1    1    1  2.05103E+10 0.13125 
   22   22    1    1    1    1    1    1    1    1  4.41717E+10 0.06703 
   23   23    1    1    1    1    1    1    1    1  6.63594E+10 0.05754 
   24   24    1    1    1    1    1    1    1    1  9.31931E+10 0.05305 
   25   25    1    1    1    1    1    1    1    1  1.14290E+11 0.06917 
   26   26    1    1    1    1    1    1    1    1  1.82338E+11 0.04759 
   27   27    1    1    1    1    1    1    1    1  3.50053E+11 0.04688 
   28   28    1    1    1    1    1    1    1    1  6.77192E+11 0.02632 
   29   29    1    1    1    1    1    1    1    1  9.92298E+11 0.02108 
   30   30    1    1    1    1    1    1    1    1  2.96219E+12 0.00885 
   31   31    1    1    1    1    1    1    1    1  9.06068E+12 0.00588 
   32   32    1    1    1    1    1    1    1    1  1.70462E+13 0.00499 
   33   33    1    1    1    1    1    1    1    1  3.93571E+13 0.00407 
   34   34    1    1    1    1    1    1    1    1  5.33856E+13 0.00334 
   35   35    1    1    1    1    1    1    1    1  7.55397E+13 0.00293 
   36   36    1    1    1    1    1    1    1    1  5.27581E+13 0.00293 
   37   37    1    1    1    1    1    1    1    1  1.65708E+13 0.00267 
   38   38    1    1    1    1    1    1    1    1  9.02667E+13 0.00205 
   39   39    1    1    1    1    1    1    1    1  1.21276E+14 0.00234 
   40   40    1    1    1    1    1    1    1    1  2.05406E+14 0.00205 
   41   41    1    1    1    1    1    1    1    1  2.11624E+14 0.00163 
   42   42    1    1    1    1    1    1    1    1  4.40915E+14 0.00132 
   43   43    1    1    1    1    1    1    1    1  5.31682E+14 0.00108 
   44   44    1    1    1    1    1    1    1    1  7.63700E+14 0.00118 
   45   45    1    1    1    1    1    1    1    1  1.49370E+15 0.00110 
   46   46    1    1    1    1    1    1    1    1  7.09075E+14 0.00103 
   47   47    1    1    1    1    1    1    1    1  1.14799E+15 0.00117 
   48   48    1    1    1    1    1    1    1    1  1.59977E+15 0.00124 
   49   49    1    1    1    1    1    1    1    1  1.58541E+15 0.00106 
   50   50    1    1    1    1    1    1    1    1  2.44413E+15 0.00104 
   51   51    1    1    1    1    1    1    1    1  1.97505E+15 0.00117 
   52   52    1    1    1    1    1    1    1    1  2.30704E+15 0.00077 
   53   53    1    1    1    1    1    1    1    1  1.61181E+15 0.00095 
   54   54    1    1    1    1    1    1    1    1  1.94142E+15 0.00099 
   55   55    1    1    1    1    1    1    1    1  1.34165E+15 0.00095 
   56   56    1    1    1    1    1    1    1    1  1.83525E+14 0.00157 
   57   57    1    1    1    1    1    1    1    1  2.67125E+15 0.00098 
   58   58    1    1    1    1    1    1    1    1  1.16542E+15 0.00095 
   59   59    1    1    1    1    1    1    1    1  1.24806E+15 0.00102 
   60   60    1    1    1    1    1    1    1    1  9.56449E+14 0.00134 
   61   61    1    1    1    1    1    1    1    1  9.61685E+14 0.00090 
   62   62    1    1    1    1    1    1    1    1  9.97602E+14 0.00111 
   63   63    1    1    1    1    1    1    1    1  8.36546E+14 0.00127 
   64   64    1    1    1    1    1    1    1    1  6.64304E+14 0.00123 
   65   65    1    1    1    1    1    1    1    1  6.59189E+14 0.00115 
   66   66    1    1    1    1    1    1    1    1  4.76139E+14 0.00147 
   67   67    1    1    1    1    1    1    1    1  3.90679E+14 0.00142 
   68   68    1    1    1    1    1    1    1    1  3.50593E+14 0.00161 
   69   69    1    1    1    1    1    1    1    1  4.21682E+14 0.00166 
   70   70    1    1    1    1    1    1    1    1  3.60024E+14 0.00148 
   71   71    1    1    1    1    1    1    1    1  6.63738E+14 0.00148 
   72   72    1    1    1    1    1    1    1    1  4.72676E+14 0.00133 
   73   73    1    1    1    1    1    1    1    1  3.54376E+14 0.00171 
   74   74    1    1    1    1    1    1    1    1  2.81669E+14 0.00151 
   75   75    1    1    1    1    1    1    1    1  2.30493E+14 0.00185 
   76   76    1    1    1    1    1    1    1    1  2.63805E+14 0.00112 
   77   77    1    1    1    1    1    1    1    1  2.05856E+14 0.00169 
   78   78    1    1    1    1    1    1    1    1  1.62805E+14 0.00223 
   79   79    1    1    1    1    1    1    1    1  1.66262E+14 0.00246 
   80   80    1    1    1    1    1    1    1    1  1.22631E+14 0.00257 
   81   81    1    1    1    1    1    1    1    1  9.41880E+13 0.00266 
   82   82    1    1    1    1    1    1    1    1  7.22358E+13 0.00355 
   83   83    1    1    1    1    1    1    1    1  6.77214E+13 0.00322 
   84   84    1    1    1    1    1    1    1    1  4.87516E+13 0.00296 
   85   85    1    1    1    1    1    1    1    1  3.48984E+13 0.00563 
   86   86    1    1    1    1    1    1    1    1  3.27215E+13 0.00364 
   87   87    1    1    1    1    1    1    1    1  2.03325E+13 0.00563 
   88   88    1    1    1    1    1    1    1    1  1.36645E+13 0.00452 
   89   89    1    1    1    1    1    1    1    1  7.88959E+12 0.00987 
   90   90    1    1    1    1    1    1    1    1  5.22655E+12 0.00876 
   91   91    1    1    1    1    1    1    1    1  2.65751E+12 0.01450 
   92   92    1    1    1    1    1    1    1    1  1.27739E+12 0.01591 
   93   93    1    1    1    1    1    1    1    1  6.08750E+11 0.03282 
   94   94    1    1    1    1    1    1    1    1  2.82124E+11 0.03933 
   95   95    1    1    1    1    1    1    1    1  1.43043E+11 0.04799 
   96   96    1    1    1    1    1    1    1    1  7.19998E+10 0.06802 
   97   97    1    1    1    1    1    1    1    1  2.68563E+10 0.17175 
   98   98    1    1    1    1    1    1    1    1  1.65278E+10 0.19340 
   99   99    1    1    1    1    1    1    1    1  4.93619E+09 0.27270 
  100  100    1    1    1    1    1    1    1    1  5.00791E+09 0.37016 
];


