
DETdpaspec = [
    1    1    1    1    1    1    1    1    1    1  0.00000E+00 0.00000 
    2    2    1    1    1    1    1    1    1    1  0.00000E+00 0.00000 
    3    3    1    1    1    1    1    1    1    1  0.00000E+00 0.00000 
    4    4    1    1    1    1    1    1    1    1  0.00000E+00 0.00000 
    5    5    1    1    1    1    1    1    1    1  0.00000E+00 0.00000 
    6    6    1    1    1    1    1    1    1    1  0.00000E+00 0.00000 
    7    7    1    1    1    1    1    1    1    1  0.00000E+00 0.00000 
    8    8    1    1    1    1    1    1    1    1  0.00000E+00 0.00000 
    9    9    1    1    1    1    1    1    1    1  4.03303E+07 0.73987 
   10   10    1    1    1    1    1    1    1    1  0.00000E+00 0.00000 
   11   11    1    1    1    1    1    1    1    1  1.61615E+08 0.54690 
   12   12    1    1    1    1    1    1    1    1  1.27431E+08 0.54783 
   13   13    1    1    1    1    1    1    1    1  1.45228E+09 0.39105 
   14   14    1    1    1    1    1    1    1    1  2.71166E+09 0.57770 
   15   15    1    1    1    1    1    1    1    1  4.29190E+09 0.28228 
   16   16    1    1    1    1    1    1    1    1  6.81632E+08 0.33620 
   17   17    1    1    1    1    1    1    1    1  2.00932E+09 0.23903 
   18   18    1    1    1    1    1    1    1    1  4.21258E+09 0.29157 
   19   19    1    1    1    1    1    1    1    1  5.17135E+09 0.16519 
   20   20    1    1    1    1    1    1    1    1  1.73456E+10 0.16950 
   21   21    1    1    1    1    1    1    1    1  1.19559E+10 0.14055 
   22   22    1    1    1    1    1    1    1    1  3.78579E+10 0.09197 
   23   23    1    1    1    1    1    1    1    1  5.14859E+10 0.08271 
   24   24    1    1    1    1    1    1    1    1  9.87500E+10 0.07619 
   25   25    1    1    1    1    1    1    1    1  1.08478E+11 0.06796 
   26   26    1    1    1    1    1    1    1    1  1.84437E+11 0.04980 
   27   27    1    1    1    1    1    1    1    1  3.50894E+11 0.04819 
   28   28    1    1    1    1    1    1    1    1  7.82131E+11 0.02802 
   29   29    1    1    1    1    1    1    1    1  1.30064E+12 0.02177 
   30   30    1    1    1    1    1    1    1    1  3.63913E+12 0.01323 
   31   31    1    1    1    1    1    1    1    1  1.14169E+13 0.00947 
   32   32    1    1    1    1    1    1    1    1  2.14079E+13 0.00578 
   33   33    1    1    1    1    1    1    1    1  5.09038E+13 0.00337 
   34   34    1    1    1    1    1    1    1    1  7.10730E+13 0.00306 
   35   35    1    1    1    1    1    1    1    1  9.28418E+13 0.00192 
   36   36    1    1    1    1    1    1    1    1  6.33337E+13 0.00201 
   37   37    1    1    1    1    1    1    1    1  1.93652E+13 0.00222 
   38   38    1    1    1    1    1    1    1    1  1.08481E+14 0.00160 
   39   39    1    1    1    1    1    1    1    1  1.46162E+14 0.00147 
   40   40    1    1    1    1    1    1    1    1  2.52570E+14 0.00107 
   41   41    1    1    1    1    1    1    1    1  2.54718E+14 0.00123 
   42   42    1    1    1    1    1    1    1    1  5.43857E+14 0.00093 
   43   43    1    1    1    1    1    1    1    1  6.60619E+14 0.00106 
   44   44    1    1    1    1    1    1    1    1  9.56469E+14 0.00131 
   45   45    1    1    1    1    1    1    1    1  1.91108E+15 0.00090 
   46   46    1    1    1    1    1    1    1    1  9.00096E+14 0.00073 
   47   47    1    1    1    1    1    1    1    1  1.44855E+15 0.00072 
   48   48    1    1    1    1    1    1    1    1  2.03177E+15 0.00075 
   49   49    1    1    1    1    1    1    1    1  2.00943E+15 0.00081 
   50   50    1    1    1    1    1    1    1    1  3.15308E+15 0.00085 
   51   51    1    1    1    1    1    1    1    1  2.51761E+15 0.00083 
   52   52    1    1    1    1    1    1    1    1  3.00423E+15 0.00094 
   53   53    1    1    1    1    1    1    1    1  2.09415E+15 0.00090 
   54   54    1    1    1    1    1    1    1    1  2.57071E+15 0.00079 
   55   55    1    1    1    1    1    1    1    1  1.77379E+15 0.00082 
   56   56    1    1    1    1    1    1    1    1  2.41417E+14 0.00126 
   57   57    1    1    1    1    1    1    1    1  3.53074E+15 0.00077 
   58   58    1    1    1    1    1    1    1    1  1.57673E+15 0.00077 
   59   59    1    1    1    1    1    1    1    1  1.68309E+15 0.00077 
   60   60    1    1    1    1    1    1    1    1  1.31219E+15 0.00092 
   61   61    1    1    1    1    1    1    1    1  1.31774E+15 0.00092 
   62   62    1    1    1    1    1    1    1    1  1.37336E+15 0.00102 
   63   63    1    1    1    1    1    1    1    1  1.15760E+15 0.00097 
   64   64    1    1    1    1    1    1    1    1  9.22307E+14 0.00091 
   65   65    1    1    1    1    1    1    1    1  9.17230E+14 0.00110 
   66   66    1    1    1    1    1    1    1    1  6.64795E+14 0.00108 
   67   67    1    1    1    1    1    1    1    1  5.41787E+14 0.00138 
   68   68    1    1    1    1    1    1    1    1  4.84951E+14 0.00133 
   69   69    1    1    1    1    1    1    1    1  5.83596E+14 0.00103 
   70   70    1    1    1    1    1    1    1    1  4.96581E+14 0.00111 
   71   71    1    1    1    1    1    1    1    1  9.05361E+14 0.00096 
   72   72    1    1    1    1    1    1    1    1  6.41628E+14 0.00144 
   73   73    1    1    1    1    1    1    1    1  4.83222E+14 0.00079 
   74   74    1    1    1    1    1    1    1    1  3.89552E+14 0.00137 
   75   75    1    1    1    1    1    1    1    1  3.23701E+14 0.00158 
   76   76    1    1    1    1    1    1    1    1  3.74346E+14 0.00145 
   77   77    1    1    1    1    1    1    1    1  2.96930E+14 0.00151 
   78   78    1    1    1    1    1    1    1    1  2.36468E+14 0.00187 
   79   79    1    1    1    1    1    1    1    1  2.43784E+14 0.00155 
   80   80    1    1    1    1    1    1    1    1  1.81026E+14 0.00239 
   81   81    1    1    1    1    1    1    1    1  1.38436E+14 0.00160 
   82   82    1    1    1    1    1    1    1    1  1.06797E+14 0.00208 
   83   83    1    1    1    1    1    1    1    1  9.99318E+13 0.00327 
   84   84    1    1    1    1    1    1    1    1  7.18553E+13 0.00242 
   85   85    1    1    1    1    1    1    1    1  5.21531E+13 0.00241 
   86   86    1    1    1    1    1    1    1    1  4.85418E+13 0.00338 
   87   87    1    1    1    1    1    1    1    1  2.99385E+13 0.00412 
   88   88    1    1    1    1    1    1    1    1  2.01523E+13 0.00512 
   89   89    1    1    1    1    1    1    1    1  1.14870E+13 0.00505 
   90   90    1    1    1    1    1    1    1    1  7.57718E+12 0.00988 
   91   91    1    1    1    1    1    1    1    1  3.89259E+12 0.01176 
   92   92    1    1    1    1    1    1    1    1  1.88882E+12 0.01968 
   93   93    1    1    1    1    1    1    1    1  9.19456E+11 0.02312 
   94   94    1    1    1    1    1    1    1    1  4.37650E+11 0.03711 
   95   95    1    1    1    1    1    1    1    1  2.10873E+11 0.03916 
   96   96    1    1    1    1    1    1    1    1  9.96713E+10 0.08077 
   97   97    1    1    1    1    1    1    1    1  5.53942E+10 0.07995 
   98   98    1    1    1    1    1    1    1    1  1.99122E+10 0.16209 
   99   99    1    1    1    1    1    1    1    1  1.66381E+10 0.21350 
  100  100    1    1    1    1    1    1    1    1  1.50622E+10 0.20485 
];


