
DETdpaspec = [
    1    1    1    1    1    1    1    1    1    1  0.00000E+00 0.00000 
    2    2    1    1    1    1    1    1    1    1  0.00000E+00 0.00000 
    3    3    1    1    1    1    1    1    1    1  0.00000E+00 0.00000 
    4    4    1    1    1    1    1    1    1    1  0.00000E+00 0.00000 
    5    5    1    1    1    1    1    1    1    1  0.00000E+00 0.00000 
    6    6    1    1    1    1    1    1    1    1  0.00000E+00 0.00000 
    7    7    1    1    1    1    1    1    1    1  0.00000E+00 0.00000 
    8    8    1    1    1    1    1    1    1    1  1.45292E+07 1.00000 
    9    9    1    1    1    1    1    1    1    1  0.00000E+00 0.00000 
   10   10    1    1    1    1    1    1    1    1  1.01262E+08 0.55988 
   11   11    1    1    1    1    1    1    1    1  4.51472E+07 1.00000 
   12   12    1    1    1    1    1    1    1    1  2.50667E+07 0.78621 
   13   13    1    1    1    1    1    1    1    1  1.35151E+09 0.49269 
   14   14    1    1    1    1    1    1    1    1  2.73076E+09 0.40093 
   15   15    1    1    1    1    1    1    1    1  5.03063E+09 0.35520 
   16   16    1    1    1    1    1    1    1    1  1.59654E+09 0.30826 
   17   17    1    1    1    1    1    1    1    1  1.23187E+09 0.33615 
   18   18    1    1    1    1    1    1    1    1  3.74585E+09 0.30603 
   19   19    1    1    1    1    1    1    1    1  9.02352E+09 0.23426 
   20   20    1    1    1    1    1    1    1    1  2.09091E+10 0.15147 
   21   21    1    1    1    1    1    1    1    1  1.62755E+10 0.13284 
   22   22    1    1    1    1    1    1    1    1  4.08788E+10 0.09617 
   23   23    1    1    1    1    1    1    1    1  6.60668E+10 0.06447 
   24   24    1    1    1    1    1    1    1    1  1.04164E+11 0.06590 
   25   25    1    1    1    1    1    1    1    1  1.25530E+11 0.06018 
   26   26    1    1    1    1    1    1    1    1  1.99090E+11 0.06555 
   27   27    1    1    1    1    1    1    1    1  3.41442E+11 0.03958 
   28   28    1    1    1    1    1    1    1    1  7.01488E+11 0.02362 
   29   29    1    1    1    1    1    1    1    1  9.89624E+11 0.02371 
   30   30    1    1    1    1    1    1    1    1  3.01206E+12 0.01807 
   31   31    1    1    1    1    1    1    1    1  9.38048E+12 0.00762 
   32   32    1    1    1    1    1    1    1    1  1.76497E+13 0.00660 
   33   33    1    1    1    1    1    1    1    1  4.07727E+13 0.00382 
   34   34    1    1    1    1    1    1    1    1  5.59475E+13 0.00260 
   35   35    1    1    1    1    1    1    1    1  7.74414E+13 0.00280 
   36   36    1    1    1    1    1    1    1    1  5.41941E+13 0.00272 
   37   37    1    1    1    1    1    1    1    1  1.69205E+13 0.00263 
   38   38    1    1    1    1    1    1    1    1  9.30279E+13 0.00268 
   39   39    1    1    1    1    1    1    1    1  1.24734E+14 0.00238 
   40   40    1    1    1    1    1    1    1    1  2.13189E+14 0.00209 
   41   41    1    1    1    1    1    1    1    1  2.19335E+14 0.00193 
   42   42    1    1    1    1    1    1    1    1  4.60156E+14 0.00151 
   43   43    1    1    1    1    1    1    1    1  5.55344E+14 0.00105 
   44   44    1    1    1    1    1    1    1    1  8.00940E+14 0.00139 
   45   45    1    1    1    1    1    1    1    1  1.57111E+15 0.00100 
   46   46    1    1    1    1    1    1    1    1  7.44538E+14 0.00095 
   47   47    1    1    1    1    1    1    1    1  1.20327E+15 0.00078 
   48   48    1    1    1    1    1    1    1    1  1.68309E+15 0.00074 
   49   49    1    1    1    1    1    1    1    1  1.66896E+15 0.00109 
   50   50    1    1    1    1    1    1    1    1  2.58109E+15 0.00091 
   51   51    1    1    1    1    1    1    1    1  2.08314E+15 0.00095 
   52   52    1    1    1    1    1    1    1    1  2.44261E+15 0.00086 
   53   53    1    1    1    1    1    1    1    1  1.70534E+15 0.00097 
   54   54    1    1    1    1    1    1    1    1  2.06013E+15 0.00090 
   55   55    1    1    1    1    1    1    1    1  1.42421E+15 0.00099 
   56   56    1    1    1    1    1    1    1    1  1.94958E+14 0.00155 
   57   57    1    1    1    1    1    1    1    1  2.83649E+15 0.00109 
   58   58    1    1    1    1    1    1    1    1  1.24247E+15 0.00114 
   59   59    1    1    1    1    1    1    1    1  1.32979E+15 0.00075 
   60   60    1    1    1    1    1    1    1    1  1.02346E+15 0.00095 
   61   61    1    1    1    1    1    1    1    1  1.02847E+15 0.00085 
   62   62    1    1    1    1    1    1    1    1  1.06962E+15 0.00098 
   63   63    1    1    1    1    1    1    1    1  8.96007E+14 0.00108 
   64   64    1    1    1    1    1    1    1    1  7.12478E+14 0.00117 
   65   65    1    1    1    1    1    1    1    1  7.08220E+14 0.00146 
   66   66    1    1    1    1    1    1    1    1  5.12003E+14 0.00116 
   67   67    1    1    1    1    1    1    1    1  4.18969E+14 0.00131 
   68   68    1    1    1    1    1    1    1    1  3.76715E+14 0.00169 
   69   69    1    1    1    1    1    1    1    1  4.52632E+14 0.00166 
   70   70    1    1    1    1    1    1    1    1  3.86132E+14 0.00135 
   71   71    1    1    1    1    1    1    1    1  7.11227E+14 0.00147 
   72   72    1    1    1    1    1    1    1    1  5.04842E+14 0.00147 
   73   73    1    1    1    1    1    1    1    1  3.80085E+14 0.00145 
   74   74    1    1    1    1    1    1    1    1  3.02006E+14 0.00150 
   75   75    1    1    1    1    1    1    1    1  2.49054E+14 0.00157 
   76   76    1    1    1    1    1    1    1    1  2.84212E+14 0.00171 
   77   77    1    1    1    1    1    1    1    1  2.22330E+14 0.00221 
   78   78    1    1    1    1    1    1    1    1  1.75787E+14 0.00197 
   79   79    1    1    1    1    1    1    1    1  1.80611E+14 0.00207 
   80   80    1    1    1    1    1    1    1    1  1.33227E+14 0.00190 
   81   81    1    1    1    1    1    1    1    1  1.02347E+14 0.00259 
   82   82    1    1    1    1    1    1    1    1  7.83637E+13 0.00316 
   83   83    1    1    1    1    1    1    1    1  7.35866E+13 0.00293 
   84   84    1    1    1    1    1    1    1    1  5.26568E+13 0.00298 
   85   85    1    1    1    1    1    1    1    1  3.83530E+13 0.00275 
   86   86    1    1    1    1    1    1    1    1  3.56205E+13 0.00425 
   87   87    1    1    1    1    1    1    1    1  2.18482E+13 0.00248 
   88   88    1    1    1    1    1    1    1    1  1.48240E+13 0.00645 
   89   89    1    1    1    1    1    1    1    1  8.43626E+12 0.00883 
   90   90    1    1    1    1    1    1    1    1  5.73905E+12 0.00755 
   91   91    1    1    1    1    1    1    1    1  2.85365E+12 0.00937 
   92   92    1    1    1    1    1    1    1    1  1.38649E+12 0.02281 
   93   93    1    1    1    1    1    1    1    1  6.40796E+11 0.03128 
   94   94    1    1    1    1    1    1    1    1  3.31811E+11 0.04225 
   95   95    1    1    1    1    1    1    1    1  1.56235E+11 0.07844 
   96   96    1    1    1    1    1    1    1    1  7.92748E+10 0.06385 
   97   97    1    1    1    1    1    1    1    1  3.66544E+10 0.09255 
   98   98    1    1    1    1    1    1    1    1  1.73225E+10 0.16371 
   99   99    1    1    1    1    1    1    1    1  1.24583E+10 0.19685 
  100  100    1    1    1    1    1    1    1    1  1.05545E+10 0.21156 
];


