
DETdpaspec = [
    1    1    1    1    1    1    1    1    1    1  0.00000E+00 0.00000 
    2    2    1    1    1    1    1    1    1    1  0.00000E+00 0.00000 
    3    3    1    1    1    1    1    1    1    1  0.00000E+00 0.00000 
    4    4    1    1    1    1    1    1    1    1  0.00000E+00 0.00000 
    5    5    1    1    1    1    1    1    1    1  0.00000E+00 0.00000 
    6    6    1    1    1    1    1    1    1    1  0.00000E+00 0.00000 
    7    7    1    1    1    1    1    1    1    1  1.81743E+07 1.00000 
    8    8    1    1    1    1    1    1    1    1  0.00000E+00 0.00000 
    9    9    1    1    1    1    1    1    1    1  1.04954E+07 1.00000 
   10   10    1    1    1    1    1    1    1    1  2.41578E+07 1.00000 
   11   11    1    1    1    1    1    1    1    1  4.03845E+08 0.65173 
   12   12    1    1    1    1    1    1    1    1  3.99176E+07 1.00000 
   13   13    1    1    1    1    1    1    1    1  2.57053E+09 0.46012 
   14   14    1    1    1    1    1    1    1    1  4.16272E+09 0.52249 
   15   15    1    1    1    1    1    1    1    1  4.11194E+09 0.42040 
   16   16    1    1    1    1    1    1    1    1  5.03597E+08 0.42656 
   17   17    1    1    1    1    1    1    1    1  2.28126E+09 0.33753 
   18   18    1    1    1    1    1    1    1    1  4.16635E+09 0.26566 
   19   19    1    1    1    1    1    1    1    1  6.47229E+09 0.24911 
   20   20    1    1    1    1    1    1    1    1  2.18765E+10 0.16543 
   21   21    1    1    1    1    1    1    1    1  1.50716E+10 0.15274 
   22   22    1    1    1    1    1    1    1    1  3.71056E+10 0.10662 
   23   23    1    1    1    1    1    1    1    1  5.59058E+10 0.08118 
   24   24    1    1    1    1    1    1    1    1  1.03824E+11 0.06199 
   25   25    1    1    1    1    1    1    1    1  1.23464E+11 0.05166 
   26   26    1    1    1    1    1    1    1    1  2.19727E+11 0.03571 
   27   27    1    1    1    1    1    1    1    1  4.53199E+11 0.02995 
   28   28    1    1    1    1    1    1    1    1  1.11835E+12 0.02206 
   29   29    1    1    1    1    1    1    1    1  1.94247E+12 0.01508 
   30   30    1    1    1    1    1    1    1    1  5.25055E+12 0.01002 
   31   31    1    1    1    1    1    1    1    1  1.55950E+13 0.00613 
   32   32    1    1    1    1    1    1    1    1  2.77089E+13 0.00536 
   33   33    1    1    1    1    1    1    1    1  6.50165E+13 0.00291 
   34   34    1    1    1    1    1    1    1    1  9.01266E+13 0.00272 
   35   35    1    1    1    1    1    1    1    1  1.10444E+14 0.00218 
   36   36    1    1    1    1    1    1    1    1  7.29170E+13 0.00274 
   37   37    1    1    1    1    1    1    1    1  2.20313E+13 0.00255 
   38   38    1    1    1    1    1    1    1    1  1.24695E+14 0.00190 
   39   39    1    1    1    1    1    1    1    1  1.68317E+14 0.00181 
   40   40    1    1    1    1    1    1    1    1  2.89642E+14 0.00153 
   41   41    1    1    1    1    1    1    1    1  2.87856E+14 0.00099 
   42   42    1    1    1    1    1    1    1    1  6.18367E+14 0.00087 
   43   43    1    1    1    1    1    1    1    1  7.49150E+14 0.00113 
   44   44    1    1    1    1    1    1    1    1  1.08369E+15 0.00074 
   45   45    1    1    1    1    1    1    1    1  2.16386E+15 0.00077 
   46   46    1    1    1    1    1    1    1    1  1.00921E+15 0.00091 
   47   47    1    1    1    1    1    1    1    1  1.61470E+15 0.00075 
   48   48    1    1    1    1    1    1    1    1  2.25781E+15 0.00074 
   49   49    1    1    1    1    1    1    1    1  2.22478E+15 0.00061 
   50   50    1    1    1    1    1    1    1    1  3.50344E+15 0.00056 
   51   51    1    1    1    1    1    1    1    1  2.76730E+15 0.00069 
   52   52    1    1    1    1    1    1    1    1  3.32670E+15 0.00060 
   53   53    1    1    1    1    1    1    1    1  2.31143E+15 0.00074 
   54   54    1    1    1    1    1    1    1    1  2.85852E+15 0.00051 
   55   55    1    1    1    1    1    1    1    1  1.96803E+15 0.00066 
   56   56    1    1    1    1    1    1    1    1  2.67230E+14 0.00126 
   57   57    1    1    1    1    1    1    1    1  3.91086E+15 0.00050 
   58   58    1    1    1    1    1    1    1    1  1.76726E+15 0.00056 
   59   59    1    1    1    1    1    1    1    1  1.87766E+15 0.00069 
   60   60    1    1    1    1    1    1    1    1  1.47631E+15 0.00071 
   61   61    1    1    1    1    1    1    1    1  1.47900E+15 0.00083 
   62   62    1    1    1    1    1    1    1    1  1.54172E+15 0.00078 
   63   63    1    1    1    1    1    1    1    1  1.30185E+15 0.00084 
   64   64    1    1    1    1    1    1    1    1  1.03573E+15 0.00094 
   65   65    1    1    1    1    1    1    1    1  1.02996E+15 0.00081 
   66   66    1    1    1    1    1    1    1    1  7.45414E+14 0.00105 
   67   67    1    1    1    1    1    1    1    1  6.04880E+14 0.00092 
   68   68    1    1    1    1    1    1    1    1  5.41971E+14 0.00096 
   69   69    1    1    1    1    1    1    1    1  6.50954E+14 0.00097 
   70   70    1    1    1    1    1    1    1    1  5.53518E+14 0.00115 
   71   71    1    1    1    1    1    1    1    1  1.00142E+15 0.00113 
   72   72    1    1    1    1    1    1    1    1  7.08666E+14 0.00131 
   73   73    1    1    1    1    1    1    1    1  5.35699E+14 0.00122 
   74   74    1    1    1    1    1    1    1    1  4.32443E+14 0.00134 
   75   75    1    1    1    1    1    1    1    1  3.60608E+14 0.00100 
   76   76    1    1    1    1    1    1    1    1  4.20605E+14 0.00113 
   77   77    1    1    1    1    1    1    1    1  3.35348E+14 0.00127 
   78   78    1    1    1    1    1    1    1    1  2.68367E+14 0.00186 
   79   79    1    1    1    1    1    1    1    1  2.78275E+14 0.00118 
   80   80    1    1    1    1    1    1    1    1  2.06236E+14 0.00180 
   81   81    1    1    1    1    1    1    1    1  1.59046E+14 0.00142 
   82   82    1    1    1    1    1    1    1    1  1.22171E+14 0.00157 
   83   83    1    1    1    1    1    1    1    1  1.14146E+14 0.00200 
   84   84    1    1    1    1    1    1    1    1  8.23949E+13 0.00149 
   85   85    1    1    1    1    1    1    1    1  6.00176E+13 0.00284 
   86   86    1    1    1    1    1    1    1    1  5.59748E+13 0.00333 
   87   87    1    1    1    1    1    1    1    1  3.42074E+13 0.00349 
   88   88    1    1    1    1    1    1    1    1  2.27416E+13 0.00375 
   89   89    1    1    1    1    1    1    1    1  1.32003E+13 0.00601 
   90   90    1    1    1    1    1    1    1    1  8.82057E+12 0.00987 
   91   91    1    1    1    1    1    1    1    1  4.33782E+12 0.01099 
   92   92    1    1    1    1    1    1    1    1  2.14296E+12 0.01228 
   93   93    1    1    1    1    1    1    1    1  1.01399E+12 0.02397 
   94   94    1    1    1    1    1    1    1    1  4.72663E+11 0.03113 
   95   95    1    1    1    1    1    1    1    1  2.66617E+11 0.04770 
   96   96    1    1    1    1    1    1    1    1  1.19085E+11 0.07187 
   97   97    1    1    1    1    1    1    1    1  5.15002E+10 0.09537 
   98   98    1    1    1    1    1    1    1    1  1.96391E+10 0.15043 
   99   99    1    1    1    1    1    1    1    1  1.24046E+10 0.24021 
  100  100    1    1    1    1    1    1    1    1  9.36897E+09 0.22284 
];


