
DETdpaspec = [
    1    1    1    1    1    1    1    1    1    1  0.00000E+00 0.00000 
    2    2    1    1    1    1    1    1    1    1  0.00000E+00 0.00000 
    3    3    1    1    1    1    1    1    1    1  0.00000E+00 0.00000 
    4    4    1    1    1    1    1    1    1    1  0.00000E+00 0.00000 
    5    5    1    1    1    1    1    1    1    1  0.00000E+00 0.00000 
    6    6    1    1    1    1    1    1    1    1  6.21028E+06 1.00000 
    7    7    1    1    1    1    1    1    1    1  1.45952E+07 1.00000 
    8    8    1    1    1    1    1    1    1    1  0.00000E+00 0.00000 
    9    9    1    1    1    1    1    1    1    1  1.67490E+07 1.00000 
   10   10    1    1    1    1    1    1    1    1  7.80609E+07 0.68852 
   11   11    1    1    1    1    1    1    1    1  0.00000E+00 0.00000 
   12   12    1    1    1    1    1    1    1    1  3.35340E+07 0.68825 
   13   13    1    1    1    1    1    1    1    1  3.40381E+08 0.41262 
   14   14    1    1    1    1    1    1    1    1  3.27861E+09 0.38239 
   15   15    1    1    1    1    1    1    1    1  3.82860E+09 0.22153 
   16   16    1    1    1    1    1    1    1    1  8.11112E+08 0.22361 
   17   17    1    1    1    1    1    1    1    1  1.94687E+09 0.27839 
   18   18    1    1    1    1    1    1    1    1  8.57548E+09 0.15796 
   19   19    1    1    1    1    1    1    1    1  7.20451E+09 0.15196 
   20   20    1    1    1    1    1    1    1    1  2.74447E+10 0.11162 
   21   21    1    1    1    1    1    1    1    1  2.26103E+10 0.11681 
   22   22    1    1    1    1    1    1    1    1  5.74413E+10 0.07545 
   23   23    1    1    1    1    1    1    1    1  6.79831E+10 0.06585 
   24   24    1    1    1    1    1    1    1    1  1.11376E+11 0.06095 
   25   25    1    1    1    1    1    1    1    1  1.52335E+11 0.04895 
   26   26    1    1    1    1    1    1    1    1  2.21067E+11 0.04555 
   27   27    1    1    1    1    1    1    1    1  4.03227E+11 0.03686 
   28   28    1    1    1    1    1    1    1    1  7.21797E+11 0.02357 
   29   29    1    1    1    1    1    1    1    1  9.59299E+11 0.01844 
   30   30    1    1    1    1    1    1    1    1  3.01952E+12 0.01326 
   31   31    1    1    1    1    1    1    1    1  8.83254E+12 0.00883 
   32   32    1    1    1    1    1    1    1    1  1.62900E+13 0.00589 
   33   33    1    1    1    1    1    1    1    1  3.51753E+13 0.00382 
   34   34    1    1    1    1    1    1    1    1  4.57431E+13 0.00282 
   35   35    1    1    1    1    1    1    1    1  6.68604E+13 0.00264 
   36   36    1    1    1    1    1    1    1    1  4.72092E+13 0.00221 
   37   37    1    1    1    1    1    1    1    1  1.50447E+13 0.00257 
   38   38    1    1    1    1    1    1    1    1  8.00712E+13 0.00256 
   39   39    1    1    1    1    1    1    1    1  1.06219E+14 0.00272 
   40   40    1    1    1    1    1    1    1    1  1.76351E+14 0.00174 
   41   41    1    1    1    1    1    1    1    1  1.83566E+14 0.00168 
   42   42    1    1    1    1    1    1    1    1  3.72193E+14 0.00137 
   43   43    1    1    1    1    1    1    1    1  4.41271E+14 0.00120 
   44   44    1    1    1    1    1    1    1    1  6.24523E+14 0.00156 
   45   45    1    1    1    1    1    1    1    1  1.18568E+15 0.00140 
   46   46    1    1    1    1    1    1    1    1  5.61944E+14 0.00140 
   47   47    1    1    1    1    1    1    1    1  9.09305E+14 0.00116 
   48   48    1    1    1    1    1    1    1    1  1.25734E+15 0.00118 
   49   49    1    1    1    1    1    1    1    1  1.24329E+15 0.00140 
   50   50    1    1    1    1    1    1    1    1  1.88144E+15 0.00148 
   51   51    1    1    1    1    1    1    1    1  1.52924E+15 0.00134 
   52   52    1    1    1    1    1    1    1    1  1.74797E+15 0.00128 
   53   53    1    1    1    1    1    1    1    1  1.22346E+15 0.00162 
   54   54    1    1    1    1    1    1    1    1  1.44516E+15 0.00150 
   55   55    1    1    1    1    1    1    1    1  1.00247E+15 0.00153 
   56   56    1    1    1    1    1    1    1    1  1.37839E+14 0.00158 
   57   57    1    1    1    1    1    1    1    1  1.99128E+15 0.00126 
   58   58    1    1    1    1    1    1    1    1  8.48707E+14 0.00182 
   59   59    1    1    1    1    1    1    1    1  9.10123E+14 0.00188 
   60   60    1    1    1    1    1    1    1    1  6.88464E+14 0.00174 
   61   61    1    1    1    1    1    1    1    1  6.93127E+14 0.00163 
   62   62    1    1    1    1    1    1    1    1  7.15569E+14 0.00164 
   63   63    1    1    1    1    1    1    1    1  5.94628E+14 0.00157 
   64   64    1    1    1    1    1    1    1    1  4.72961E+14 0.00181 
   65   65    1    1    1    1    1    1    1    1  4.67983E+14 0.00185 
   66   66    1    1    1    1    1    1    1    1  3.37256E+14 0.00172 
   67   67    1    1    1    1    1    1    1    1  2.77486E+14 0.00193 
   68   68    1    1    1    1    1    1    1    1  2.49802E+14 0.00235 
   69   69    1    1    1    1    1    1    1    1  2.99236E+14 0.00211 
   70   70    1    1    1    1    1    1    1    1  2.55979E+14 0.00244 
   71   71    1    1    1    1    1    1    1    1  4.77644E+14 0.00214 
   72   72    1    1    1    1    1    1    1    1  3.40849E+14 0.00246 
   73   73    1    1    1    1    1    1    1    1  2.54325E+14 0.00239 
   74   74    1    1    1    1    1    1    1    1  1.99617E+14 0.00305 
   75   75    1    1    1    1    1    1    1    1  1.61149E+14 0.00334 
   76   76    1    1    1    1    1    1    1    1  1.82366E+14 0.00219 
   77   77    1    1    1    1    1    1    1    1  1.40799E+14 0.00269 
   78   78    1    1    1    1    1    1    1    1  1.09566E+14 0.00261 
   79   79    1    1    1    1    1    1    1    1  1.11263E+14 0.00258 
   80   80    1    1    1    1    1    1    1    1  8.17655E+13 0.00366 
   81   81    1    1    1    1    1    1    1    1  6.26826E+13 0.00347 
   82   82    1    1    1    1    1    1    1    1  4.78810E+13 0.00398 
   83   83    1    1    1    1    1    1    1    1  4.46088E+13 0.00383 
   84   84    1    1    1    1    1    1    1    1  3.20003E+13 0.00448 
   85   85    1    1    1    1    1    1    1    1  2.28946E+13 0.00538 
   86   86    1    1    1    1    1    1    1    1  2.14804E+13 0.00652 
   87   87    1    1    1    1    1    1    1    1  1.33073E+13 0.00461 
   88   88    1    1    1    1    1    1    1    1  9.11958E+12 0.00644 
   89   89    1    1    1    1    1    1    1    1  5.16656E+12 0.00827 
   90   90    1    1    1    1    1    1    1    1  3.50471E+12 0.01129 
   91   91    1    1    1    1    1    1    1    1  1.78809E+12 0.01399 
   92   92    1    1    1    1    1    1    1    1  8.65676E+11 0.03038 
   93   93    1    1    1    1    1    1    1    1  4.09599E+11 0.04310 
   94   94    1    1    1    1    1    1    1    1  2.12405E+11 0.04835 
   95   95    1    1    1    1    1    1    1    1  1.12479E+11 0.07010 
   96   96    1    1    1    1    1    1    1    1  4.69158E+10 0.12211 
   97   97    1    1    1    1    1    1    1    1  1.79535E+10 0.13360 
   98   98    1    1    1    1    1    1    1    1  1.00200E+10 0.22481 
   99   99    1    1    1    1    1    1    1    1  4.84239E+09 0.35899 
  100  100    1    1    1    1    1    1    1    1  3.13072E+09 0.44360 
];


