
DETdpaspec = [
    1    1    1    1    1    1    1    1    1    1  0.00000E+00 0.00000 
    2    2    1    1    1    1    1    1    1    1  0.00000E+00 0.00000 
    3    3    1    1    1    1    1    1    1    1  9.43631E+06 1.00000 
    4    4    1    1    1    1    1    1    1    1  0.00000E+00 0.00000 
    5    5    1    1    1    1    1    1    1    1  0.00000E+00 0.00000 
    6    6    1    1    1    1    1    1    1    1  0.00000E+00 0.00000 
    7    7    1    1    1    1    1    1    1    1  0.00000E+00 0.00000 
    8    8    1    1    1    1    1    1    1    1  3.60214E+07 0.56589 
    9    9    1    1    1    1    1    1    1    1  0.00000E+00 0.00000 
   10   10    1    1    1    1    1    1    1    1  0.00000E+00 0.00000 
   11   11    1    1    1    1    1    1    1    1  3.24021E+08 0.83991 
   12   12    1    1    1    1    1    1    1    1  2.96789E+07 1.00000 
   13   13    1    1    1    1    1    1    1    1  4.26688E+08 0.50277 
   14   14    1    1    1    1    1    1    1    1  3.32996E+09 0.60807 
   15   15    1    1    1    1    1    1    1    1  1.09475E+09 0.35749 
   16   16    1    1    1    1    1    1    1    1  8.62177E+08 0.38612 
   17   17    1    1    1    1    1    1    1    1  2.86393E+09 0.31633 
   18   18    1    1    1    1    1    1    1    1  6.04043E+09 0.23809 
   19   19    1    1    1    1    1    1    1    1  4.17845E+09 0.29834 
   20   20    1    1    1    1    1    1    1    1  1.85944E+10 0.12110 
   21   21    1    1    1    1    1    1    1    1  1.65566E+10 0.12083 
   22   22    1    1    1    1    1    1    1    1  4.50863E+10 0.06797 
   23   23    1    1    1    1    1    1    1    1  5.54365E+10 0.08615 
   24   24    1    1    1    1    1    1    1    1  9.13500E+10 0.06824 
   25   25    1    1    1    1    1    1    1    1  1.19678E+11 0.05779 
   26   26    1    1    1    1    1    1    1    1  1.95784E+11 0.04006 
   27   27    1    1    1    1    1    1    1    1  3.44451E+11 0.03110 
   28   28    1    1    1    1    1    1    1    1  7.30596E+11 0.01859 
   29   29    1    1    1    1    1    1    1    1  1.20628E+12 0.02125 
   30   30    1    1    1    1    1    1    1    1  3.48137E+12 0.01080 
   31   31    1    1    1    1    1    1    1    1  1.07639E+13 0.00794 
   32   32    1    1    1    1    1    1    1    1  2.01044E+13 0.00539 
   33   33    1    1    1    1    1    1    1    1  4.76396E+13 0.00442 
   34   34    1    1    1    1    1    1    1    1  6.62347E+13 0.00323 
   35   35    1    1    1    1    1    1    1    1  8.86872E+13 0.00269 
   36   36    1    1    1    1    1    1    1    1  6.06975E+13 0.00158 
   37   37    1    1    1    1    1    1    1    1  1.86877E+13 0.00229 
   38   38    1    1    1    1    1    1    1    1  1.04056E+14 0.00162 
   39   39    1    1    1    1    1    1    1    1  1.40037E+14 0.00155 
   40   40    1    1    1    1    1    1    1    1  2.41166E+14 0.00138 
   41   41    1    1    1    1    1    1    1    1  2.45026E+14 0.00132 
   42   42    1    1    1    1    1    1    1    1  5.20947E+14 0.00116 
   43   43    1    1    1    1    1    1    1    1  6.32809E+14 0.00103 
   44   44    1    1    1    1    1    1    1    1  9.15249E+14 0.00094 
   45   45    1    1    1    1    1    1    1    1  1.82604E+15 0.00093 
   46   46    1    1    1    1    1    1    1    1  8.62528E+14 0.00096 
   47   47    1    1    1    1    1    1    1    1  1.39112E+15 0.00094 
   48   48    1    1    1    1    1    1    1    1  1.95006E+15 0.00073 
   49   49    1    1    1    1    1    1    1    1  1.93015E+15 0.00082 
   50   50    1    1    1    1    1    1    1    1  3.01520E+15 0.00067 
   51   51    1    1    1    1    1    1    1    1  2.41471E+15 0.00059 
   52   52    1    1    1    1    1    1    1    1  2.86959E+15 0.00093 
   53   53    1    1    1    1    1    1    1    1  2.00422E+15 0.00089 
   54   54    1    1    1    1    1    1    1    1  2.45049E+15 0.00100 
   55   55    1    1    1    1    1    1    1    1  1.69209E+15 0.00087 
   56   56    1    1    1    1    1    1    1    1  2.30772E+14 0.00096 
   57   57    1    1    1    1    1    1    1    1  3.36962E+15 0.00081 
   58   58    1    1    1    1    1    1    1    1  1.49967E+15 0.00114 
   59   59    1    1    1    1    1    1    1    1  1.60009E+15 0.00090 
   60   60    1    1    1    1    1    1    1    1  1.24484E+15 0.00080 
   61   61    1    1    1    1    1    1    1    1  1.24894E+15 0.00072 
   62   62    1    1    1    1    1    1    1    1  1.30118E+15 0.00086 
   63   63    1    1    1    1    1    1    1    1  1.09554E+15 0.00090 
   64   64    1    1    1    1    1    1    1    1  8.70214E+14 0.00089 
   65   65    1    1    1    1    1    1    1    1  8.65871E+14 0.00098 
   66   66    1    1    1    1    1    1    1    1  6.26364E+14 0.00113 
   67   67    1    1    1    1    1    1    1    1  5.11044E+14 0.00110 
   68   68    1    1    1    1    1    1    1    1  4.59331E+14 0.00141 
   69   69    1    1    1    1    1    1    1    1  5.51591E+14 0.00114 
   70   70    1    1    1    1    1    1    1    1  4.69571E+14 0.00100 
   71   71    1    1    1    1    1    1    1    1  8.58556E+14 0.00122 
   72   72    1    1    1    1    1    1    1    1  6.08924E+14 0.00114 
   73   73    1    1    1    1    1    1    1    1  4.59607E+14 0.00133 
   74   74    1    1    1    1    1    1    1    1  3.67974E+14 0.00157 
   75   75    1    1    1    1    1    1    1    1  3.05618E+14 0.00133 
   76   76    1    1    1    1    1    1    1    1  3.52524E+14 0.00126 
   77   77    1    1    1    1    1    1    1    1  2.78827E+14 0.00128 
   78   78    1    1    1    1    1    1    1    1  2.20942E+14 0.00158 
   79   79    1    1    1    1    1    1    1    1  2.28042E+14 0.00148 
   80   80    1    1    1    1    1    1    1    1  1.69023E+14 0.00196 
   81   81    1    1    1    1    1    1    1    1  1.30014E+14 0.00210 
   82   82    1    1    1    1    1    1    1    1  9.99305E+13 0.00256 
   83   83    1    1    1    1    1    1    1    1  9.34617E+13 0.00238 
   84   84    1    1    1    1    1    1    1    1  6.70728E+13 0.00294 
   85   85    1    1    1    1    1    1    1    1  4.81646E+13 0.00296 
   86   86    1    1    1    1    1    1    1    1  4.54402E+13 0.00355 
   87   87    1    1    1    1    1    1    1    1  2.79799E+13 0.00422 
   88   88    1    1    1    1    1    1    1    1  1.88518E+13 0.00574 
   89   89    1    1    1    1    1    1    1    1  1.08481E+13 0.00435 
   90   90    1    1    1    1    1    1    1    1  7.15420E+12 0.00930 
   91   91    1    1    1    1    1    1    1    1  3.60649E+12 0.01279 
   92   92    1    1    1    1    1    1    1    1  1.80360E+12 0.01717 
   93   93    1    1    1    1    1    1    1    1  8.35484E+11 0.02126 
   94   94    1    1    1    1    1    1    1    1  4.09778E+11 0.03157 
   95   95    1    1    1    1    1    1    1    1  2.03768E+11 0.05065 
   96   96    1    1    1    1    1    1    1    1  9.38283E+10 0.08721 
   97   97    1    1    1    1    1    1    1    1  4.14545E+10 0.12494 
   98   98    1    1    1    1    1    1    1    1  2.20872E+10 0.15845 
   99   99    1    1    1    1    1    1    1    1  1.06857E+10 0.23683 
  100  100    1    1    1    1    1    1    1    1  9.94015E+09 0.18825 
];


