
DETdpaspec = [
    1    1    1    1    1    1    1    1    1    1  0.00000E+00 0.00000 
    2    2    1    1    1    1    1    1    1    1  0.00000E+00 0.00000 
    3    3    1    1    1    1    1    1    1    1  0.00000E+00 0.00000 
    4    4    1    1    1    1    1    1    1    1  0.00000E+00 0.00000 
    5    5    1    1    1    1    1    1    1    1  0.00000E+00 0.00000 
    6    6    1    1    1    1    1    1    1    1  0.00000E+00 0.00000 
    7    7    1    1    1    1    1    1    1    1  0.00000E+00 0.00000 
    8    8    1    1    1    1    1    1    1    1  1.52028E+07 1.00000 
    9    9    1    1    1    1    1    1    1    1  0.00000E+00 0.00000 
   10   10    1    1    1    1    1    1    1    1  0.00000E+00 0.00000 
   11   11    1    1    1    1    1    1    1    1  2.28193E+08 0.59187 
   12   12    1    1    1    1    1    1    1    1  4.56934E+07 0.66689 
   13   13    1    1    1    1    1    1    1    1  5.61476E+08 0.63157 
   14   14    1    1    1    1    1    1    1    1  3.23884E+09 0.40725 
   15   15    1    1    1    1    1    1    1    1  5.13341E+09 0.30465 
   16   16    1    1    1    1    1    1    1    1  1.32202E+09 0.35787 
   17   17    1    1    1    1    1    1    1    1  2.08926E+09 0.25828 
   18   18    1    1    1    1    1    1    1    1  6.22455E+09 0.30415 
   19   19    1    1    1    1    1    1    1    1  6.78554E+09 0.19487 
   20   20    1    1    1    1    1    1    1    1  2.22648E+10 0.16086 
   21   21    1    1    1    1    1    1    1    1  1.54696E+10 0.14896 
   22   22    1    1    1    1    1    1    1    1  4.81365E+10 0.09113 
   23   23    1    1    1    1    1    1    1    1  6.95043E+10 0.09896 
   24   24    1    1    1    1    1    1    1    1  9.61159E+10 0.07440 
   25   25    1    1    1    1    1    1    1    1  1.34486E+11 0.05912 
   26   26    1    1    1    1    1    1    1    1  1.93816E+11 0.05017 
   27   27    1    1    1    1    1    1    1    1  3.43758E+11 0.03574 
   28   28    1    1    1    1    1    1    1    1  7.01897E+11 0.02352 
   29   29    1    1    1    1    1    1    1    1  1.06297E+12 0.01881 
   30   30    1    1    1    1    1    1    1    1  3.14677E+12 0.01687 
   31   31    1    1    1    1    1    1    1    1  9.85509E+12 0.01052 
   32   32    1    1    1    1    1    1    1    1  1.86815E+13 0.00541 
   33   33    1    1    1    1    1    1    1    1  4.34751E+13 0.00396 
   34   34    1    1    1    1    1    1    1    1  6.01775E+13 0.00297 
   35   35    1    1    1    1    1    1    1    1  8.22965E+13 0.00256 
   36   36    1    1    1    1    1    1    1    1  5.69418E+13 0.00233 
   37   37    1    1    1    1    1    1    1    1  1.76364E+13 0.00222 
   38   38    1    1    1    1    1    1    1    1  9.77934E+13 0.00226 
   39   39    1    1    1    1    1    1    1    1  1.31835E+14 0.00223 
   40   40    1    1    1    1    1    1    1    1  2.25843E+14 0.00195 
   41   41    1    1    1    1    1    1    1    1  2.30537E+14 0.00202 
   42   42    1    1    1    1    1    1    1    1  4.87736E+14 0.00101 
   43   43    1    1    1    1    1    1    1    1  5.90504E+14 0.00148 
   44   44    1    1    1    1    1    1    1    1  8.52109E+14 0.00090 
   45   45    1    1    1    1    1    1    1    1  1.68751E+15 0.00088 
   46   46    1    1    1    1    1    1    1    1  7.99343E+14 0.00087 
   47   47    1    1    1    1    1    1    1    1  1.29198E+15 0.00082 
   48   48    1    1    1    1    1    1    1    1  1.80939E+15 0.00091 
   49   49    1    1    1    1    1    1    1    1  1.79224E+15 0.00091 
   50   50    1    1    1    1    1    1    1    1  2.78749E+15 0.00105 
   51   51    1    1    1    1    1    1    1    1  2.24259E+15 0.00076 
   52   52    1    1    1    1    1    1    1    1  2.64712E+15 0.00080 
   53   53    1    1    1    1    1    1    1    1  1.84694E+15 0.00096 
   54   54    1    1    1    1    1    1    1    1  2.24656E+15 0.00093 
   55   55    1    1    1    1    1    1    1    1  1.55211E+15 0.00084 
   56   56    1    1    1    1    1    1    1    1  2.11852E+14 0.00130 
   57   57    1    1    1    1    1    1    1    1  3.09176E+15 0.00093 
   58   58    1    1    1    1    1    1    1    1  1.36509E+15 0.00086 
   59   59    1    1    1    1    1    1    1    1  1.45936E+15 0.00088 
   60   60    1    1    1    1    1    1    1    1  1.12842E+15 0.00104 
   61   61    1    1    1    1    1    1    1    1  1.13254E+15 0.00079 
   62   62    1    1    1    1    1    1    1    1  1.17873E+15 0.00102 
   63   63    1    1    1    1    1    1    1    1  9.89833E+14 0.00113 
   64   64    1    1    1    1    1    1    1    1  7.88256E+14 0.00112 
   65   65    1    1    1    1    1    1    1    1  7.82470E+14 0.00116 
   66   66    1    1    1    1    1    1    1    1  5.66166E+14 0.00113 
   67   67    1    1    1    1    1    1    1    1  4.62646E+14 0.00128 
   68   68    1    1    1    1    1    1    1    1  4.15738E+14 0.00109 
   69   69    1    1    1    1    1    1    1    1  4.99909E+14 0.00140 
   70   70    1    1    1    1    1    1    1    1  4.26264E+14 0.00135 
   71   71    1    1    1    1    1    1    1    1  7.81941E+14 0.00109 
   72   72    1    1    1    1    1    1    1    1  5.56095E+14 0.00152 
   73   73    1    1    1    1    1    1    1    1  4.18382E+14 0.00177 
   74   74    1    1    1    1    1    1    1    1  3.33937E+14 0.00158 
   75   75    1    1    1    1    1    1    1    1  2.74951E+14 0.00170 
   76   76    1    1    1    1    1    1    1    1  3.17382E+14 0.00157 
   77   77    1    1    1    1    1    1    1    1  2.49217E+14 0.00181 
   78   78    1    1    1    1    1    1    1    1  1.97104E+14 0.00186 
   79   79    1    1    1    1    1    1    1    1  2.03078E+14 0.00207 
   80   80    1    1    1    1    1    1    1    1  1.50047E+14 0.00164 
   81   81    1    1    1    1    1    1    1    1  1.15645E+14 0.00190 
   82   82    1    1    1    1    1    1    1    1  8.86889E+13 0.00368 
   83   83    1    1    1    1    1    1    1    1  8.30130E+13 0.00304 
   84   84    1    1    1    1    1    1    1    1  5.95802E+13 0.00198 
   85   85    1    1    1    1    1    1    1    1  4.29187E+13 0.00435 
   86   86    1    1    1    1    1    1    1    1  4.04480E+13 0.00368 
   87   87    1    1    1    1    1    1    1    1  2.48137E+13 0.00558 
   88   88    1    1    1    1    1    1    1    1  1.67987E+13 0.00524 
   89   89    1    1    1    1    1    1    1    1  9.73010E+12 0.00757 
   90   90    1    1    1    1    1    1    1    1  6.32935E+12 0.00863 
   91   91    1    1    1    1    1    1    1    1  3.23583E+12 0.01493 
   92   92    1    1    1    1    1    1    1    1  1.61873E+12 0.01878 
   93   93    1    1    1    1    1    1    1    1  7.44049E+11 0.02872 
   94   94    1    1    1    1    1    1    1    1  3.46937E+11 0.04217 
   95   95    1    1    1    1    1    1    1    1  1.66062E+11 0.05180 
   96   96    1    1    1    1    1    1    1    1  8.61179E+10 0.08418 
   97   97    1    1    1    1    1    1    1    1  3.82050E+10 0.10148 
   98   98    1    1    1    1    1    1    1    1  2.41606E+10 0.13066 
   99   99    1    1    1    1    1    1    1    1  1.04463E+10 0.26979 
  100  100    1    1    1    1    1    1    1    1  8.43949E+09 0.25825 
];


