
DETdpaspec = [
    1    1    1    1    1    1    1    1    1    1  0.00000E+00 0.00000 
    2    2    1    1    1    1    1    1    1    1  0.00000E+00 0.00000 
    3    3    1    1    1    1    1    1    1    1  0.00000E+00 0.00000 
    4    4    1    1    1    1    1    1    1    1  0.00000E+00 0.00000 
    5    5    1    1    1    1    1    1    1    1  1.82340E+07 0.68837 
    6    6    1    1    1    1    1    1    1    1  0.00000E+00 0.00000 
    7    7    1    1    1    1    1    1    1    1  0.00000E+00 0.00000 
    8    8    1    1    1    1    1    1    1    1  0.00000E+00 0.00000 
    9    9    1    1    1    1    1    1    1    1  1.33192E+07 1.00000 
   10   10    1    1    1    1    1    1    1    1  0.00000E+00 0.00000 
   11   11    1    1    1    1    1    1    1    1  8.44874E+07 1.00000 
   12   12    1    1    1    1    1    1    1    1  8.76013E+07 0.62302 
   13   13    1    1    1    1    1    1    1    1  1.20546E+09 0.39622 
   14   14    1    1    1    1    1    1    1    1  1.55052E+09 0.28043 
   15   15    1    1    1    1    1    1    1    1  5.21618E+09 0.33952 
   16   16    1    1    1    1    1    1    1    1  1.07038E+09 0.46991 
   17   17    1    1    1    1    1    1    1    1  1.24501E+09 0.45133 
   18   18    1    1    1    1    1    1    1    1  4.57764E+09 0.24772 
   19   19    1    1    1    1    1    1    1    1  7.11515E+09 0.24009 
   20   20    1    1    1    1    1    1    1    1  2.55470E+10 0.12095 
   21   21    1    1    1    1    1    1    1    1  1.63043E+10 0.08756 
   22   22    1    1    1    1    1    1    1    1  4.39610E+10 0.11305 
   23   23    1    1    1    1    1    1    1    1  6.20862E+10 0.08615 
   24   24    1    1    1    1    1    1    1    1  1.05942E+11 0.06366 
   25   25    1    1    1    1    1    1    1    1  1.17644E+11 0.06156 
   26   26    1    1    1    1    1    1    1    1  1.94156E+11 0.04071 
   27   27    1    1    1    1    1    1    1    1  3.47851E+11 0.03796 
   28   28    1    1    1    1    1    1    1    1  6.50231E+11 0.02378 
   29   29    1    1    1    1    1    1    1    1  1.01649E+12 0.01204 
   30   30    1    1    1    1    1    1    1    1  3.02777E+12 0.01077 
   31   31    1    1    1    1    1    1    1    1  9.38948E+12 0.00506 
   32   32    1    1    1    1    1    1    1    1  1.76393E+13 0.00496 
   33   33    1    1    1    1    1    1    1    1  4.14391E+13 0.00386 
   34   34    1    1    1    1    1    1    1    1  5.69463E+13 0.00307 
   35   35    1    1    1    1    1    1    1    1  7.88592E+13 0.00268 
   36   36    1    1    1    1    1    1    1    1  5.49369E+13 0.00158 
   37   37    1    1    1    1    1    1    1    1  1.71353E+13 0.00179 
   38   38    1    1    1    1    1    1    1    1  9.44664E+13 0.00180 
   39   39    1    1    1    1    1    1    1    1  1.26644E+14 0.00148 
   40   40    1    1    1    1    1    1    1    1  2.15839E+14 0.00137 
   41   41    1    1    1    1    1    1    1    1  2.21710E+14 0.00134 
   42   42    1    1    1    1    1    1    1    1  4.65320E+14 0.00122 
   43   43    1    1    1    1    1    1    1    1  5.63076E+14 0.00114 
   44   44    1    1    1    1    1    1    1    1  8.10073E+14 0.00097 
   45   45    1    1    1    1    1    1    1    1  1.59699E+15 0.00097 
   46   46    1    1    1    1    1    1    1    1  7.58555E+14 0.00072 
   47   47    1    1    1    1    1    1    1    1  1.22532E+15 0.00066 
   48   48    1    1    1    1    1    1    1    1  1.71073E+15 0.00086 
   49   49    1    1    1    1    1    1    1    1  1.69552E+15 0.00079 
   50   50    1    1    1    1    1    1    1    1  2.62804E+15 0.00085 
   51   51    1    1    1    1    1    1    1    1  2.11910E+15 0.00081 
   52   52    1    1    1    1    1    1    1    1  2.48648E+15 0.00075 
   53   53    1    1    1    1    1    1    1    1  1.73913E+15 0.00089 
   54   54    1    1    1    1    1    1    1    1  2.10353E+15 0.00085 
   55   55    1    1    1    1    1    1    1    1  1.45291E+15 0.00077 
   56   56    1    1    1    1    1    1    1    1  1.99059E+14 0.00130 
   57   57    1    1    1    1    1    1    1    1  2.89692E+15 0.00096 
   58   58    1    1    1    1    1    1    1    1  1.27011E+15 0.00096 
   59   59    1    1    1    1    1    1    1    1  1.36019E+15 0.00109 
   60   60    1    1    1    1    1    1    1    1  1.04873E+15 0.00120 
   61   61    1    1    1    1    1    1    1    1  1.05390E+15 0.00119 
   62   62    1    1    1    1    1    1    1    1  1.09499E+15 0.00106 
   63   63    1    1    1    1    1    1    1    1  9.19517E+14 0.00138 
   64   64    1    1    1    1    1    1    1    1  7.30009E+14 0.00120 
   65   65    1    1    1    1    1    1    1    1  7.25173E+14 0.00149 
   66   66    1    1    1    1    1    1    1    1  5.24618E+14 0.00109 
   67   67    1    1    1    1    1    1    1    1  4.29171E+14 0.00104 
   68   68    1    1    1    1    1    1    1    1  3.85679E+14 0.00136 
   69   69    1    1    1    1    1    1    1    1  4.62306E+14 0.00089 
   70   70    1    1    1    1    1    1    1    1  3.94431E+14 0.00117 
   71   71    1    1    1    1    1    1    1    1  7.27224E+14 0.00142 
   72   72    1    1    1    1    1    1    1    1  5.15944E+14 0.00109 
   73   73    1    1    1    1    1    1    1    1  3.87986E+14 0.00193 
   74   74    1    1    1    1    1    1    1    1  3.08756E+14 0.00145 
   75   75    1    1    1    1    1    1    1    1  2.54486E+14 0.00209 
   76   76    1    1    1    1    1    1    1    1  2.92368E+14 0.00176 
   77   77    1    1    1    1    1    1    1    1  2.28208E+14 0.00149 
   78   78    1    1    1    1    1    1    1    1  1.80845E+14 0.00213 
   79   79    1    1    1    1    1    1    1    1  1.85288E+14 0.00188 
   80   80    1    1    1    1    1    1    1    1  1.37206E+14 0.00220 
   81   81    1    1    1    1    1    1    1    1  1.05413E+14 0.00264 
   82   82    1    1    1    1    1    1    1    1  8.11857E+13 0.00318 
   83   83    1    1    1    1    1    1    1    1  7.54867E+13 0.00303 
   84   84    1    1    1    1    1    1    1    1  5.42417E+13 0.00301 
   85   85    1    1    1    1    1    1    1    1  3.91301E+13 0.00428 
   86   86    1    1    1    1    1    1    1    1  3.66804E+13 0.00455 
   87   87    1    1    1    1    1    1    1    1  2.25771E+13 0.00593 
   88   88    1    1    1    1    1    1    1    1  1.54675E+13 0.00644 
   89   89    1    1    1    1    1    1    1    1  8.81587E+12 0.00464 
   90   90    1    1    1    1    1    1    1    1  5.79894E+12 0.01392 
   91   91    1    1    1    1    1    1    1    1  2.99888E+12 0.01417 
   92   92    1    1    1    1    1    1    1    1  1.43818E+12 0.01944 
   93   93    1    1    1    1    1    1    1    1  7.11170E+11 0.02387 
   94   94    1    1    1    1    1    1    1    1  3.34646E+11 0.03721 
   95   95    1    1    1    1    1    1    1    1  1.43269E+11 0.06623 
   96   96    1    1    1    1    1    1    1    1  7.11375E+10 0.10851 
   97   97    1    1    1    1    1    1    1    1  3.01852E+10 0.14216 
   98   98    1    1    1    1    1    1    1    1  1.65086E+10 0.14436 
   99   99    1    1    1    1    1    1    1    1  9.81725E+09 0.26460 
  100  100    1    1    1    1    1    1    1    1  6.50607E+09 0.25077 
];


