
DETdpaspec = [
    1    1    1    1    1    1    1    1    1    1  0.00000E+00 0.00000 
    2    2    1    1    1    1    1    1    1    1  0.00000E+00 0.00000 
    3    3    1    1    1    1    1    1    1    1  0.00000E+00 0.00000 
    4    4    1    1    1    1    1    1    1    1  0.00000E+00 0.00000 
    5    5    1    1    1    1    1    1    1    1  0.00000E+00 0.00000 
    6    6    1    1    1    1    1    1    1    1  0.00000E+00 0.00000 
    7    7    1    1    1    1    1    1    1    1  0.00000E+00 0.00000 
    8    8    1    1    1    1    1    1    1    1  2.96604E+07 1.00000 
    9    9    1    1    1    1    1    1    1    1  6.09963E+06 1.00000 
   10   10    1    1    1    1    1    1    1    1  0.00000E+00 0.00000 
   11   11    1    1    1    1    1    1    1    1  1.77821E+08 0.72508 
   12   12    1    1    1    1    1    1    1    1  2.59411E+08 0.73730 
   13   13    1    1    1    1    1    1    1    1  8.61589E+08 0.53793 
   14   14    1    1    1    1    1    1    1    1  5.67484E+08 0.68270 
   15   15    1    1    1    1    1    1    1    1  2.65500E+09 0.47245 
   16   16    1    1    1    1    1    1    1    1  8.93493E+08 0.54064 
   17   17    1    1    1    1    1    1    1    1  2.17948E+09 0.32178 
   18   18    1    1    1    1    1    1    1    1  3.96606E+09 0.28128 
   19   19    1    1    1    1    1    1    1    1  6.47783E+09 0.19853 
   20   20    1    1    1    1    1    1    1    1  1.16963E+10 0.16438 
   21   21    1    1    1    1    1    1    1    1  1.45694E+10 0.16440 
   22   22    1    1    1    1    1    1    1    1  3.59897E+10 0.10675 
   23   23    1    1    1    1    1    1    1    1  5.47910E+10 0.06646 
   24   24    1    1    1    1    1    1    1    1  8.85293E+10 0.05954 
   25   25    1    1    1    1    1    1    1    1  1.05688E+11 0.05562 
   26   26    1    1    1    1    1    1    1    1  1.82874E+11 0.05540 
   27   27    1    1    1    1    1    1    1    1  3.69638E+11 0.03622 
   28   28    1    1    1    1    1    1    1    1  8.73254E+11 0.03017 
   29   29    1    1    1    1    1    1    1    1  1.57475E+12 0.01667 
   30   30    1    1    1    1    1    1    1    1  4.40320E+12 0.01151 
   31   31    1    1    1    1    1    1    1    1  1.32214E+13 0.00701 
   32   32    1    1    1    1    1    1    1    1  2.42585E+13 0.00496 
   33   33    1    1    1    1    1    1    1    1  5.77180E+13 0.00347 
   34   34    1    1    1    1    1    1    1    1  8.05533E+13 0.00197 
   35   35    1    1    1    1    1    1    1    1  1.01981E+14 0.00238 
   36   36    1    1    1    1    1    1    1    1  6.83454E+13 0.00182 
   37   37    1    1    1    1    1    1    1    1  2.07157E+13 0.00173 
   38   38    1    1    1    1    1    1    1    1  1.16943E+14 0.00162 
   39   39    1    1    1    1    1    1    1    1  1.57607E+14 0.00203 
   40   40    1    1    1    1    1    1    1    1  2.71739E+14 0.00115 
   41   41    1    1    1    1    1    1    1    1  2.72086E+14 0.00163 
   42   42    1    1    1    1    1    1    1    1  5.84174E+14 0.00108 
   43   43    1    1    1    1    1    1    1    1  7.07791E+14 0.00111 
   44   44    1    1    1    1    1    1    1    1  1.02416E+15 0.00102 
   45   45    1    1    1    1    1    1    1    1  2.05169E+15 0.00077 
   46   46    1    1    1    1    1    1    1    1  9.60522E+14 0.00102 
   47   47    1    1    1    1    1    1    1    1  1.54063E+15 0.00070 
   48   48    1    1    1    1    1    1    1    1  2.16260E+15 0.00060 
   49   49    1    1    1    1    1    1    1    1  2.13448E+15 0.00059 
   50   50    1    1    1    1    1    1    1    1  3.35594E+15 0.00055 
   51   51    1    1    1    1    1    1    1    1  2.66630E+15 0.00069 
   52   52    1    1    1    1    1    1    1    1  3.19383E+15 0.00050 
   53   53    1    1    1    1    1    1    1    1  2.22143E+15 0.00053 
   54   54    1    1    1    1    1    1    1    1  2.74425E+15 0.00075 
   55   55    1    1    1    1    1    1    1    1  1.89018E+15 0.00082 
   56   56    1    1    1    1    1    1    1    1  2.56477E+14 0.00136 
   57   57    1    1    1    1    1    1    1    1  3.75970E+15 0.00073 
   58   58    1    1    1    1    1    1    1    1  1.69313E+15 0.00075 
   59   59    1    1    1    1    1    1    1    1  1.80189E+15 0.00069 
   60   60    1    1    1    1    1    1    1    1  1.41133E+15 0.00078 
   61   61    1    1    1    1    1    1    1    1  1.41436E+15 0.00069 
   62   62    1    1    1    1    1    1    1    1  1.47468E+15 0.00094 
   63   63    1    1    1    1    1    1    1    1  1.24438E+15 0.00093 
   64   64    1    1    1    1    1    1    1    1  9.91213E+14 0.00073 
   65   65    1    1    1    1    1    1    1    1  9.85226E+14 0.00068 
   66   66    1    1    1    1    1    1    1    1  7.13418E+14 0.00105 
   67   67    1    1    1    1    1    1    1    1  5.80020E+14 0.00103 
   68   68    1    1    1    1    1    1    1    1  5.20104E+14 0.00101 
   69   69    1    1    1    1    1    1    1    1  6.25742E+14 0.00095 
   70   70    1    1    1    1    1    1    1    1  5.32198E+14 0.00123 
   71   71    1    1    1    1    1    1    1    1  9.65831E+14 0.00107 
   72   72    1    1    1    1    1    1    1    1  6.84200E+14 0.00086 
   73   73    1    1    1    1    1    1    1    1  5.17025E+14 0.00140 
   74   74    1    1    1    1    1    1    1    1  4.16783E+14 0.00142 
   75   75    1    1    1    1    1    1    1    1  3.47485E+14 0.00162 
   76   76    1    1    1    1    1    1    1    1  4.03501E+14 0.00147 
   77   77    1    1    1    1    1    1    1    1  3.21403E+14 0.00140 
   78   78    1    1    1    1    1    1    1    1  2.56257E+14 0.00131 
   79   79    1    1    1    1    1    1    1    1  2.64899E+14 0.00151 
   80   80    1    1    1    1    1    1    1    1  1.96355E+14 0.00242 
   81   81    1    1    1    1    1    1    1    1  1.51351E+14 0.00232 
   82   82    1    1    1    1    1    1    1    1  1.16664E+14 0.00226 
   83   83    1    1    1    1    1    1    1    1  1.08922E+14 0.00234 
   84   84    1    1    1    1    1    1    1    1  7.87005E+13 0.00240 
   85   85    1    1    1    1    1    1    1    1  5.67537E+13 0.00256 
   86   86    1    1    1    1    1    1    1    1  5.31944E+13 0.00306 
   87   87    1    1    1    1    1    1    1    1  3.27468E+13 0.00485 
   88   88    1    1    1    1    1    1    1    1  2.20463E+13 0.00547 
   89   89    1    1    1    1    1    1    1    1  1.25762E+13 0.00858 
   90   90    1    1    1    1    1    1    1    1  8.31310E+12 0.01000 
   91   91    1    1    1    1    1    1    1    1  4.23573E+12 0.01217 
   92   92    1    1    1    1    1    1    1    1  2.03303E+12 0.01672 
   93   93    1    1    1    1    1    1    1    1  9.77603E+11 0.02478 
   94   94    1    1    1    1    1    1    1    1  4.59747E+11 0.03268 
   95   95    1    1    1    1    1    1    1    1  2.18023E+11 0.03956 
   96   96    1    1    1    1    1    1    1    1  1.14704E+11 0.09069 
   97   97    1    1    1    1    1    1    1    1  5.08296E+10 0.06447 
   98   98    1    1    1    1    1    1    1    1  2.24990E+10 0.13999 
   99   99    1    1    1    1    1    1    1    1  1.00145E+10 0.20119 
  100  100    1    1    1    1    1    1    1    1  7.74047E+09 0.27945 
];


