
DETdpaspec = [
    1    1    1    1    1    1    1    1    1    1  0.00000E+00 0.00000 
    2    2    1    1    1    1    1    1    1    1  0.00000E+00 0.00000 
    3    3    1    1    1    1    1    1    1    1  0.00000E+00 0.00000 
    4    4    1    1    1    1    1    1    1    1  0.00000E+00 0.00000 
    5    5    1    1    1    1    1    1    1    1  0.00000E+00 0.00000 
    6    6    1    1    1    1    1    1    1    1  0.00000E+00 0.00000 
    7    7    1    1    1    1    1    1    1    1  3.51596E+07 0.74982 
    8    8    1    1    1    1    1    1    1    1  0.00000E+00 0.00000 
    9    9    1    1    1    1    1    1    1    1  1.25258E+07 1.00000 
   10   10    1    1    1    1    1    1    1    1  1.02607E+08 1.00000 
   11   11    1    1    1    1    1    1    1    1  1.42408E+08 0.72319 
   12   12    1    1    1    1    1    1    1    1  4.15544E+07 0.67163 
   13   13    1    1    1    1    1    1    1    1  1.34197E+08 0.69210 
   14   14    1    1    1    1    1    1    1    1  2.21552E+09 0.34535 
   15   15    1    1    1    1    1    1    1    1  3.70896E+09 0.34619 
   16   16    1    1    1    1    1    1    1    1  1.35888E+09 0.40479 
   17   17    1    1    1    1    1    1    1    1  2.54613E+09 0.23183 
   18   18    1    1    1    1    1    1    1    1  6.54605E+09 0.16528 
   19   19    1    1    1    1    1    1    1    1  7.69194E+09 0.15193 
   20   20    1    1    1    1    1    1    1    1  2.91984E+10 0.12640 
   21   21    1    1    1    1    1    1    1    1  1.89031E+10 0.08267 
   22   22    1    1    1    1    1    1    1    1  4.55033E+10 0.07913 
   23   23    1    1    1    1    1    1    1    1  6.91804E+10 0.07225 
   24   24    1    1    1    1    1    1    1    1  9.98578E+10 0.06160 
   25   25    1    1    1    1    1    1    1    1  1.31483E+11 0.05183 
   26   26    1    1    1    1    1    1    1    1  2.06820E+11 0.06424 
   27   27    1    1    1    1    1    1    1    1  3.61226E+11 0.03233 
   28   28    1    1    1    1    1    1    1    1  6.52735E+11 0.02606 
   29   29    1    1    1    1    1    1    1    1  9.11830E+11 0.02208 
   30   30    1    1    1    1    1    1    1    1  2.91356E+12 0.01248 
   31   31    1    1    1    1    1    1    1    1  8.80552E+12 0.00955 
   32   32    1    1    1    1    1    1    1    1  1.64302E+13 0.00665 
   33   33    1    1    1    1    1    1    1    1  3.67520E+13 0.00417 
   34   34    1    1    1    1    1    1    1    1  4.90177E+13 0.00289 
   35   35    1    1    1    1    1    1    1    1  7.05669E+13 0.00211 
   36   36    1    1    1    1    1    1    1    1  4.95985E+13 0.00304 
   37   37    1    1    1    1    1    1    1    1  1.57310E+13 0.00280 
   38   38    1    1    1    1    1    1    1    1  8.49320E+13 0.00224 
   39   39    1    1    1    1    1    1    1    1  1.13427E+14 0.00247 
   40   40    1    1    1    1    1    1    1    1  1.90326E+14 0.00161 
   41   41    1    1    1    1    1    1    1    1  1.97691E+14 0.00147 
   42   42    1    1    1    1    1    1    1    1  4.07245E+14 0.00125 
   43   43    1    1    1    1    1    1    1    1  4.87973E+14 0.00119 
   44   44    1    1    1    1    1    1    1    1  6.96982E+14 0.00132 
   45   45    1    1    1    1    1    1    1    1  1.34627E+15 0.00111 
   46   46    1    1    1    1    1    1    1    1  6.40028E+14 0.00094 
   47   47    1    1    1    1    1    1    1    1  1.03476E+15 0.00105 
   48   48    1    1    1    1    1    1    1    1  1.43912E+15 0.00098 
   49   49    1    1    1    1    1    1    1    1  1.42550E+15 0.00084 
   50   50    1    1    1    1    1    1    1    1  2.18111E+15 0.00103 
   51   51    1    1    1    1    1    1    1    1  1.76654E+15 0.00114 
   52   52    1    1    1    1    1    1    1    1  2.04571E+15 0.00116 
   53   53    1    1    1    1    1    1    1    1  1.43004E+15 0.00123 
   54   54    1    1    1    1    1    1    1    1  1.70651E+15 0.00103 
   55   55    1    1    1    1    1    1    1    1  1.18044E+15 0.00124 
   56   56    1    1    1    1    1    1    1    1  1.61794E+14 0.00129 
   57   57    1    1    1    1    1    1    1    1  2.34711E+15 0.00111 
   58   58    1    1    1    1    1    1    1    1  1.01321E+15 0.00149 
   59   59    1    1    1    1    1    1    1    1  1.08482E+15 0.00131 
   60   60    1    1    1    1    1    1    1    1  8.26534E+14 0.00151 
   61   61    1    1    1    1    1    1    1    1  8.34090E+14 0.00193 
   62   62    1    1    1    1    1    1    1    1  8.62118E+14 0.00150 
   63   63    1    1    1    1    1    1    1    1  7.20738E+14 0.00137 
   64   64    1    1    1    1    1    1    1    1  5.72066E+14 0.00148 
   65   65    1    1    1    1    1    1    1    1  5.67126E+14 0.00159 
   66   66    1    1    1    1    1    1    1    1  4.09098E+14 0.00177 
   67   67    1    1    1    1    1    1    1    1  3.36188E+14 0.00195 
   68   68    1    1    1    1    1    1    1    1  3.02084E+14 0.00201 
   69   69    1    1    1    1    1    1    1    1  3.62218E+14 0.00137 
   70   70    1    1    1    1    1    1    1    1  3.09648E+14 0.00143 
   71   71    1    1    1    1    1    1    1    1  5.73498E+14 0.00191 
   72   72    1    1    1    1    1    1    1    1  4.08029E+14 0.00153 
   73   73    1    1    1    1    1    1    1    1  3.05853E+14 0.00135 
   74   74    1    1    1    1    1    1    1    1  2.42501E+14 0.00200 
   75   75    1    1    1    1    1    1    1    1  1.97341E+14 0.00228 
   76   76    1    1    1    1    1    1    1    1  2.25013E+14 0.00147 
   77   77    1    1    1    1    1    1    1    1  1.73507E+14 0.00152 
   78   78    1    1    1    1    1    1    1    1  1.36777E+14 0.00189 
   79   79    1    1    1    1    1    1    1    1  1.39647E+14 0.00224 
   80   80    1    1    1    1    1    1    1    1  1.02517E+14 0.00228 
   81   81    1    1    1    1    1    1    1    1  7.82047E+13 0.00256 
   82   82    1    1    1    1    1    1    1    1  6.00501E+13 0.00348 
   83   83    1    1    1    1    1    1    1    1  5.63680E+13 0.00356 
   84   84    1    1    1    1    1    1    1    1  4.06053E+13 0.00352 
   85   85    1    1    1    1    1    1    1    1  2.91361E+13 0.00457 
   86   86    1    1    1    1    1    1    1    1  2.70857E+13 0.00345 
   87   87    1    1    1    1    1    1    1    1  1.69072E+13 0.00614 
   88   88    1    1    1    1    1    1    1    1  1.15499E+13 0.00627 
   89   89    1    1    1    1    1    1    1    1  6.57859E+12 0.00982 
   90   90    1    1    1    1    1    1    1    1  4.30333E+12 0.01185 
   91   91    1    1    1    1    1    1    1    1  2.25162E+12 0.01855 
   92   92    1    1    1    1    1    1    1    1  1.07501E+12 0.02287 
   93   93    1    1    1    1    1    1    1    1  5.28813E+11 0.03277 
   94   94    1    1    1    1    1    1    1    1  2.26695E+11 0.04332 
   95   95    1    1    1    1    1    1    1    1  1.20690E+11 0.07084 
   96   96    1    1    1    1    1    1    1    1  5.32662E+10 0.11811 
   97   97    1    1    1    1    1    1    1    1  3.10672E+10 0.13156 
   98   98    1    1    1    1    1    1    1    1  1.31619E+10 0.18898 
   99   99    1    1    1    1    1    1    1    1  5.90502E+09 0.26789 
  100  100    1    1    1    1    1    1    1    1  3.66368E+09 0.31117 
];


