
DETdpaspec = [
    1    1    1    1    1    1    1    1    1    1  0.00000E+00 0.00000 
    2    2    1    1    1    1    1    1    1    1  0.00000E+00 0.00000 
    3    3    1    1    1    1    1    1    1    1  0.00000E+00 0.00000 
    4    4    1    1    1    1    1    1    1    1  0.00000E+00 0.00000 
    5    5    1    1    1    1    1    1    1    1  0.00000E+00 0.00000 
    6    6    1    1    1    1    1    1    1    1  0.00000E+00 0.00000 
    7    7    1    1    1    1    1    1    1    1  0.00000E+00 0.00000 
    8    8    1    1    1    1    1    1    1    1  0.00000E+00 0.00000 
    9    9    1    1    1    1    1    1    1    1  6.34269E+06 1.00000 
   10   10    1    1    1    1    1    1    1    1  0.00000E+00 0.00000 
   11   11    1    1    1    1    1    1    1    1  0.00000E+00 0.00000 
   12   12    1    1    1    1    1    1    1    1  9.34774E+06 1.00000 
   13   13    1    1    1    1    1    1    1    1  2.26451E+09 0.37114 
   14   14    1    1    1    1    1    1    1    1  2.90375E+09 0.29166 
   15   15    1    1    1    1    1    1    1    1  3.37824E+09 0.39112 
   16   16    1    1    1    1    1    1    1    1  2.62123E+09 0.29924 
   17   17    1    1    1    1    1    1    1    1  4.07560E+09 0.28893 
   18   18    1    1    1    1    1    1    1    1  9.84149E+09 0.16640 
   19   19    1    1    1    1    1    1    1    1  7.20084E+09 0.20212 
   20   20    1    1    1    1    1    1    1    1  2.22614E+10 0.10523 
   21   21    1    1    1    1    1    1    1    1  1.32880E+10 0.11730 
   22   22    1    1    1    1    1    1    1    1  3.95775E+10 0.08641 
   23   23    1    1    1    1    1    1    1    1  5.58298E+10 0.09533 
   24   24    1    1    1    1    1    1    1    1  9.39300E+10 0.07781 
   25   25    1    1    1    1    1    1    1    1  1.12928E+11 0.06777 
   26   26    1    1    1    1    1    1    1    1  1.72215E+11 0.05484 
   27   27    1    1    1    1    1    1    1    1  3.38769E+11 0.03473 
   28   28    1    1    1    1    1    1    1    1  7.03690E+11 0.02366 
   29   29    1    1    1    1    1    1    1    1  1.09509E+12 0.01935 
   30   30    1    1    1    1    1    1    1    1  3.21645E+12 0.01260 
   31   31    1    1    1    1    1    1    1    1  9.95539E+12 0.00654 
   32   32    1    1    1    1    1    1    1    1  1.84945E+13 0.00655 
   33   33    1    1    1    1    1    1    1    1  4.31541E+13 0.00412 
   34   34    1    1    1    1    1    1    1    1  5.94864E+13 0.00330 
   35   35    1    1    1    1    1    1    1    1  8.15913E+13 0.00317 
   36   36    1    1    1    1    1    1    1    1  5.64766E+13 0.00339 
   37   37    1    1    1    1    1    1    1    1  1.75140E+13 0.00289 
   38   38    1    1    1    1    1    1    1    1  9.70115E+13 0.00263 
   39   39    1    1    1    1    1    1    1    1  1.30642E+14 0.00226 
   40   40    1    1    1    1    1    1    1    1  2.23634E+14 0.00153 
   41   41    1    1    1    1    1    1    1    1  2.28991E+14 0.00153 
   42   42    1    1    1    1    1    1    1    1  4.82803E+14 0.00136 
   43   43    1    1    1    1    1    1    1    1  5.85604E+14 0.00112 
   44   44    1    1    1    1    1    1    1    1  8.45412E+14 0.00124 
   45   45    1    1    1    1    1    1    1    1  1.67233E+15 0.00103 
   46   46    1    1    1    1    1    1    1    1  7.92235E+14 0.00102 
   47   47    1    1    1    1    1    1    1    1  1.27921E+15 0.00092 
   48   48    1    1    1    1    1    1    1    1  1.79232E+15 0.00096 
   49   49    1    1    1    1    1    1    1    1  1.77562E+15 0.00078 
   50   50    1    1    1    1    1    1    1    1  2.75557E+15 0.00079 
   51   51    1    1    1    1    1    1    1    1  2.21765E+15 0.00070 
   52   52    1    1    1    1    1    1    1    1  2.61820E+15 0.00068 
   53   53    1    1    1    1    1    1    1    1  1.82830E+15 0.00078 
   54   54    1    1    1    1    1    1    1    1  2.22015E+15 0.00095 
   55   55    1    1    1    1    1    1    1    1  1.53455E+15 0.00098 
   56   56    1    1    1    1    1    1    1    1  2.09636E+14 0.00142 
   57   57    1    1    1    1    1    1    1    1  3.05563E+15 0.00071 
   58   58    1    1    1    1    1    1    1    1  1.34746E+15 0.00107 
   59   59    1    1    1    1    1    1    1    1  1.43914E+15 0.00103 
   60   60    1    1    1    1    1    1    1    1  1.11372E+15 0.00117 
   61   61    1    1    1    1    1    1    1    1  1.11696E+15 0.00128 
   62   62    1    1    1    1    1    1    1    1  1.16213E+15 0.00125 
   63   63    1    1    1    1    1    1    1    1  9.76518E+14 0.00119 
   64   64    1    1    1    1    1    1    1    1  7.77565E+14 0.00106 
   65   65    1    1    1    1    1    1    1    1  7.71128E+14 0.00096 
   66   66    1    1    1    1    1    1    1    1  5.57376E+14 0.00114 
   67   67    1    1    1    1    1    1    1    1  4.55781E+14 0.00149 
   68   68    1    1    1    1    1    1    1    1  4.10174E+14 0.00123 
   69   69    1    1    1    1    1    1    1    1  4.92470E+14 0.00123 
   70   70    1    1    1    1    1    1    1    1  4.19830E+14 0.00183 
   71   71    1    1    1    1    1    1    1    1  7.70414E+14 0.00125 
   72   72    1    1    1    1    1    1    1    1  5.48262E+14 0.00112 
   73   73    1    1    1    1    1    1    1    1  4.12380E+14 0.00130 
   74   74    1    1    1    1    1    1    1    1  3.30000E+14 0.00148 
   75   75    1    1    1    1    1    1    1    1  2.71254E+14 0.00185 
   76   76    1    1    1    1    1    1    1    1  3.12127E+14 0.00132 
   77   77    1    1    1    1    1    1    1    1  2.45522E+14 0.00233 
   78   78    1    1    1    1    1    1    1    1  1.94097E+14 0.00177 
   79   79    1    1    1    1    1    1    1    1  1.99405E+14 0.00153 
   80   80    1    1    1    1    1    1    1    1  1.47287E+14 0.00235 
   81   81    1    1    1    1    1    1    1    1  1.13347E+14 0.00254 
   82   82    1    1    1    1    1    1    1    1  8.73693E+13 0.00267 
   83   83    1    1    1    1    1    1    1    1  8.16032E+13 0.00242 
   84   84    1    1    1    1    1    1    1    1  5.83971E+13 0.00333 
   85   85    1    1    1    1    1    1    1    1  4.22174E+13 0.00265 
   86   86    1    1    1    1    1    1    1    1  3.94697E+13 0.00370 
   87   87    1    1    1    1    1    1    1    1  2.43892E+13 0.00394 
   88   88    1    1    1    1    1    1    1    1  1.64300E+13 0.00559 
   89   89    1    1    1    1    1    1    1    1  9.58546E+12 0.00668 
   90   90    1    1    1    1    1    1    1    1  6.21746E+12 0.00712 
   91   91    1    1    1    1    1    1    1    1  3.22174E+12 0.01393 
   92   92    1    1    1    1    1    1    1    1  1.56146E+12 0.01609 
   93   93    1    1    1    1    1    1    1    1  7.37195E+11 0.02186 
   94   94    1    1    1    1    1    1    1    1  3.50472E+11 0.04439 
   95   95    1    1    1    1    1    1    1    1  1.69116E+11 0.05492 
   96   96    1    1    1    1    1    1    1    1  7.54290E+10 0.07703 
   97   97    1    1    1    1    1    1    1    1  3.91652E+10 0.11049 
   98   98    1    1    1    1    1    1    1    1  1.77106E+10 0.14080 
   99   99    1    1    1    1    1    1    1    1  5.18721E+09 0.30165 
  100  100    1    1    1    1    1    1    1    1  1.06112E+10 0.24548 
];


