
DETdpaspec = [
    1    1    1    1    1    1    1    1    1    1  0.00000E+00 0.00000 
    2    2    1    1    1    1    1    1    1    1  0.00000E+00 0.00000 
    3    3    1    1    1    1    1    1    1    1  0.00000E+00 0.00000 
    4    4    1    1    1    1    1    1    1    1  0.00000E+00 0.00000 
    5    5    1    1    1    1    1    1    1    1  0.00000E+00 0.00000 
    6    6    1    1    1    1    1    1    1    1  0.00000E+00 0.00000 
    7    7    1    1    1    1    1    1    1    1  0.00000E+00 0.00000 
    8    8    1    1    1    1    1    1    1    1  1.70814E+07 1.00000 
    9    9    1    1    1    1    1    1    1    1  0.00000E+00 0.00000 
   10   10    1    1    1    1    1    1    1    1  2.69806E+07 1.00000 
   11   11    1    1    1    1    1    1    1    1  1.00856E+08 0.69060 
   12   12    1    1    1    1    1    1    1    1  2.78996E+07 0.91770 
   13   13    1    1    1    1    1    1    1    1  2.23327E+09 0.40609 
   14   14    1    1    1    1    1    1    1    1  4.96111E+09 0.35889 
   15   15    1    1    1    1    1    1    1    1  2.70703E+09 0.43372 
   16   16    1    1    1    1    1    1    1    1  7.92218E+08 0.32556 
   17   17    1    1    1    1    1    1    1    1  1.20405E+09 0.40591 
   18   18    1    1    1    1    1    1    1    1  6.46681E+09 0.24151 
   19   19    1    1    1    1    1    1    1    1  8.50764E+09 0.15188 
   20   20    1    1    1    1    1    1    1    1  2.40589E+10 0.15062 
   21   21    1    1    1    1    1    1    1    1  1.58401E+10 0.12505 
   22   22    1    1    1    1    1    1    1    1  3.61602E+10 0.07475 
   23   23    1    1    1    1    1    1    1    1  5.34786E+10 0.08598 
   24   24    1    1    1    1    1    1    1    1  9.28208E+10 0.06163 
   25   25    1    1    1    1    1    1    1    1  1.11223E+11 0.06772 
   26   26    1    1    1    1    1    1    1    1  1.71633E+11 0.04974 
   27   27    1    1    1    1    1    1    1    1  3.48771E+11 0.04420 
   28   28    1    1    1    1    1    1    1    1  7.62999E+11 0.01985 
   29   29    1    1    1    1    1    1    1    1  1.34090E+12 0.01330 
   30   30    1    1    1    1    1    1    1    1  3.74888E+12 0.01104 
   31   31    1    1    1    1    1    1    1    1  1.13077E+13 0.00861 
   32   32    1    1    1    1    1    1    1    1  2.10255E+13 0.00495 
   33   33    1    1    1    1    1    1    1    1  4.99920E+13 0.00337 
   34   34    1    1    1    1    1    1    1    1  6.98874E+13 0.00383 
   35   35    1    1    1    1    1    1    1    1  9.16115E+13 0.00230 
   36   36    1    1    1    1    1    1    1    1  6.24199E+13 0.00179 
   37   37    1    1    1    1    1    1    1    1  1.91793E+13 0.00188 
   38   38    1    1    1    1    1    1    1    1  1.07189E+14 0.00141 
   39   39    1    1    1    1    1    1    1    1  1.44784E+14 0.00139 
   40   40    1    1    1    1    1    1    1    1  2.49483E+14 0.00139 
   41   41    1    1    1    1    1    1    1    1  2.52076E+14 0.00128 
   42   42    1    1    1    1    1    1    1    1  5.36376E+14 0.00108 
   43   43    1    1    1    1    1    1    1    1  6.51297E+14 0.00121 
   44   44    1    1    1    1    1    1    1    1  9.43659E+14 0.00110 
   45   45    1    1    1    1    1    1    1    1  1.88327E+15 0.00080 
   46   46    1    1    1    1    1    1    1    1  8.88230E+14 0.00101 
   47   47    1    1    1    1    1    1    1    1  1.43188E+15 0.00100 
   48   48    1    1    1    1    1    1    1    1  2.00720E+15 0.00093 
   49   49    1    1    1    1    1    1    1    1  1.98917E+15 0.00077 
   50   50    1    1    1    1    1    1    1    1  3.11230E+15 0.00059 
   51   51    1    1    1    1    1    1    1    1  2.48698E+15 0.00064 
   52   52    1    1    1    1    1    1    1    1  2.96202E+15 0.00083 
   53   53    1    1    1    1    1    1    1    1  2.06740E+15 0.00108 
   54   54    1    1    1    1    1    1    1    1  2.53629E+15 0.00085 
   55   55    1    1    1    1    1    1    1    1  1.75025E+15 0.00079 
   56   56    1    1    1    1    1    1    1    1  2.38365E+14 0.00139 
   57   57    1    1    1    1    1    1    1    1  3.48454E+15 0.00080 
   58   58    1    1    1    1    1    1    1    1  1.55484E+15 0.00083 
   59   59    1    1    1    1    1    1    1    1  1.65894E+15 0.00059 
   60   60    1    1    1    1    1    1    1    1  1.29375E+15 0.00074 
   61   61    1    1    1    1    1    1    1    1  1.29635E+15 0.00067 
   62   62    1    1    1    1    1    1    1    1  1.35025E+15 0.00102 
   63   63    1    1    1    1    1    1    1    1  1.13865E+15 0.00102 
   64   64    1    1    1    1    1    1    1    1  9.06556E+14 0.00110 
   65   65    1    1    1    1    1    1    1    1  9.00708E+14 0.00085 
   66   66    1    1    1    1    1    1    1    1  6.51552E+14 0.00084 
   67   67    1    1    1    1    1    1    1    1  5.32711E+14 0.00123 
   68   68    1    1    1    1    1    1    1    1  4.77689E+14 0.00118 
   69   69    1    1    1    1    1    1    1    1  5.74931E+14 0.00097 
   70   70    1    1    1    1    1    1    1    1  4.89743E+14 0.00112 
   71   71    1    1    1    1    1    1    1    1  8.91600E+14 0.00098 
   72   72    1    1    1    1    1    1    1    1  6.31659E+14 0.00114 
   73   73    1    1    1    1    1    1    1    1  4.76792E+14 0.00107 
   74   74    1    1    1    1    1    1    1    1  3.83850E+14 0.00116 
   75   75    1    1    1    1    1    1    1    1  3.18763E+14 0.00144 
   76   76    1    1    1    1    1    1    1    1  3.69205E+14 0.00139 
   77   77    1    1    1    1    1    1    1    1  2.90996E+14 0.00187 
   78   78    1    1    1    1    1    1    1    1  2.31907E+14 0.00189 
   79   79    1    1    1    1    1    1    1    1  2.39204E+14 0.00206 
   80   80    1    1    1    1    1    1    1    1  1.77212E+14 0.00223 
   81   81    1    1    1    1    1    1    1    1  1.36294E+14 0.00258 
   82   82    1    1    1    1    1    1    1    1  1.04715E+14 0.00244 
   83   83    1    1    1    1    1    1    1    1  9.77008E+13 0.00236 
   84   84    1    1    1    1    1    1    1    1  7.03442E+13 0.00205 
   85   85    1    1    1    1    1    1    1    1  5.08122E+13 0.00433 
   86   86    1    1    1    1    1    1    1    1  4.77090E+13 0.00324 
   87   87    1    1    1    1    1    1    1    1  2.92523E+13 0.00423 
   88   88    1    1    1    1    1    1    1    1  1.97987E+13 0.00566 
   89   89    1    1    1    1    1    1    1    1  1.13465E+13 0.00601 
   90   90    1    1    1    1    1    1    1    1  7.49208E+12 0.00849 
   91   91    1    1    1    1    1    1    1    1  3.80894E+12 0.01259 
   92   92    1    1    1    1    1    1    1    1  1.81943E+12 0.01722 
   93   93    1    1    1    1    1    1    1    1  8.82861E+11 0.01918 
   94   94    1    1    1    1    1    1    1    1  4.48819E+11 0.04094 
   95   95    1    1    1    1    1    1    1    1  2.13419E+11 0.05558 
   96   96    1    1    1    1    1    1    1    1  9.54460E+10 0.06477 
   97   97    1    1    1    1    1    1    1    1  4.57593E+10 0.08935 
   98   98    1    1    1    1    1    1    1    1  1.76282E+10 0.11657 
   99   99    1    1    1    1    1    1    1    1  1.03578E+10 0.25653 
  100  100    1    1    1    1    1    1    1    1  6.48907E+09 0.24037 
];


