
DETdpaspec = [
    1    1    1    1    1    1    1    1    1    1  0.00000E+00 0.00000 
    2    2    1    1    1    1    1    1    1    1  0.00000E+00 0.00000 
    3    3    1    1    1    1    1    1    1    1  0.00000E+00 0.00000 
    4    4    1    1    1    1    1    1    1    1  0.00000E+00 0.00000 
    5    5    1    1    1    1    1    1    1    1  0.00000E+00 0.00000 
    6    6    1    1    1    1    1    1    1    1  0.00000E+00 0.00000 
    7    7    1    1    1    1    1    1    1    1  0.00000E+00 0.00000 
    8    8    1    1    1    1    1    1    1    1  1.17497E+07 1.00000 
    9    9    1    1    1    1    1    1    1    1  0.00000E+00 0.00000 
   10   10    1    1    1    1    1    1    1    1  0.00000E+00 0.00000 
   11   11    1    1    1    1    1    1    1    1  4.49913E+07 1.00000 
   12   12    1    1    1    1    1    1    1    1  6.00070E+07 0.69131 
   13   13    1    1    1    1    1    1    1    1  9.57152E+08 0.52823 
   14   14    1    1    1    1    1    1    1    1  1.55281E+09 0.64823 
   15   15    1    1    1    1    1    1    1    1  1.92330E+09 0.45373 
   16   16    1    1    1    1    1    1    1    1  1.63439E+09 0.28552 
   17   17    1    1    1    1    1    1    1    1  2.46017E+09 0.31556 
   18   18    1    1    1    1    1    1    1    1  5.58594E+09 0.21506 
   19   19    1    1    1    1    1    1    1    1  4.87999E+09 0.17377 
   20   20    1    1    1    1    1    1    1    1  2.29648E+10 0.13648 
   21   21    1    1    1    1    1    1    1    1  1.85080E+10 0.14622 
   22   22    1    1    1    1    1    1    1    1  4.25150E+10 0.09877 
   23   23    1    1    1    1    1    1    1    1  5.47641E+10 0.08433 
   24   24    1    1    1    1    1    1    1    1  9.20835E+10 0.07967 
   25   25    1    1    1    1    1    1    1    1  1.15301E+11 0.07642 
   26   26    1    1    1    1    1    1    1    1  1.94405E+11 0.06049 
   27   27    1    1    1    1    1    1    1    1  3.48994E+11 0.03919 
   28   28    1    1    1    1    1    1    1    1  7.66690E+11 0.02296 
   29   29    1    1    1    1    1    1    1    1  1.24843E+12 0.02048 
   30   30    1    1    1    1    1    1    1    1  3.61942E+12 0.01363 
   31   31    1    1    1    1    1    1    1    1  1.12774E+13 0.00994 
   32   32    1    1    1    1    1    1    1    1  2.08693E+13 0.00603 
   33   33    1    1    1    1    1    1    1    1  4.96203E+13 0.00378 
   34   34    1    1    1    1    1    1    1    1  6.95592E+13 0.00351 
   35   35    1    1    1    1    1    1    1    1  9.11972E+13 0.00188 
   36   36    1    1    1    1    1    1    1    1  6.22321E+13 0.00223 
   37   37    1    1    1    1    1    1    1    1  1.90645E+13 0.00236 
   38   38    1    1    1    1    1    1    1    1  1.06868E+14 0.00199 
   39   39    1    1    1    1    1    1    1    1  1.44304E+14 0.00162 
   40   40    1    1    1    1    1    1    1    1  2.48423E+14 0.00200 
   41   41    1    1    1    1    1    1    1    1  2.51797E+14 0.00185 
   42   42    1    1    1    1    1    1    1    1  5.36742E+14 0.00109 
   43   43    1    1    1    1    1    1    1    1  6.51851E+14 0.00123 
   44   44    1    1    1    1    1    1    1    1  9.44049E+14 0.00085 
   45   45    1    1    1    1    1    1    1    1  1.88542E+15 0.00080 
   46   46    1    1    1    1    1    1    1    1  8.88727E+14 0.00092 
   47   47    1    1    1    1    1    1    1    1  1.43042E+15 0.00092 
   48   48    1    1    1    1    1    1    1    1  2.00410E+15 0.00090 
   49   49    1    1    1    1    1    1    1    1  1.98520E+15 0.00100 
   50   50    1    1    1    1    1    1    1    1  3.10558E+15 0.00079 
   51   51    1    1    1    1    1    1    1    1  2.48345E+15 0.00095 
   52   52    1    1    1    1    1    1    1    1  2.95977E+15 0.00070 
   53   53    1    1    1    1    1    1    1    1  2.06542E+15 0.00085 
   54   54    1    1    1    1    1    1    1    1  2.53338E+15 0.00086 
   55   55    1    1    1    1    1    1    1    1  1.74692E+15 0.00095 
   56   56    1    1    1    1    1    1    1    1  2.38229E+14 0.00141 
   57   57    1    1    1    1    1    1    1    1  3.48101E+15 0.00073 
   58   58    1    1    1    1    1    1    1    1  1.55243E+15 0.00069 
   59   59    1    1    1    1    1    1    1    1  1.65638E+15 0.00094 
   60   60    1    1    1    1    1    1    1    1  1.29144E+15 0.00089 
   61   61    1    1    1    1    1    1    1    1  1.29711E+15 0.00092 
   62   62    1    1    1    1    1    1    1    1  1.34887E+15 0.00097 
   63   63    1    1    1    1    1    1    1    1  1.13808E+15 0.00091 
   64   64    1    1    1    1    1    1    1    1  9.06284E+14 0.00089 
   65   65    1    1    1    1    1    1    1    1  9.01749E+14 0.00111 
   66   66    1    1    1    1    1    1    1    1  6.52920E+14 0.00108 
   67   67    1    1    1    1    1    1    1    1  5.31115E+14 0.00123 
   68   68    1    1    1    1    1    1    1    1  4.77093E+14 0.00105 
   69   69    1    1    1    1    1    1    1    1  5.73919E+14 0.00147 
   70   70    1    1    1    1    1    1    1    1  4.89093E+14 0.00121 
   71   71    1    1    1    1    1    1    1    1  8.90885E+14 0.00116 
   72   72    1    1    1    1    1    1    1    1  6.31154E+14 0.00127 
   73   73    1    1    1    1    1    1    1    1  4.76859E+14 0.00108 
   74   74    1    1    1    1    1    1    1    1  3.83716E+14 0.00154 
   75   75    1    1    1    1    1    1    1    1  3.17471E+14 0.00166 
   76   76    1    1    1    1    1    1    1    1  3.68409E+14 0.00151 
   77   77    1    1    1    1    1    1    1    1  2.91484E+14 0.00128 
   78   78    1    1    1    1    1    1    1    1  2.31178E+14 0.00196 
   79   79    1    1    1    1    1    1    1    1  2.38717E+14 0.00168 
   80   80    1    1    1    1    1    1    1    1  1.76728E+14 0.00141 
   81   81    1    1    1    1    1    1    1    1  1.36229E+14 0.00244 
   82   82    1    1    1    1    1    1    1    1  1.04870E+14 0.00244 
   83   83    1    1    1    1    1    1    1    1  9.77841E+13 0.00163 
   84   84    1    1    1    1    1    1    1    1  7.04774E+13 0.00288 
   85   85    1    1    1    1    1    1    1    1  5.08442E+13 0.00261 
   86   86    1    1    1    1    1    1    1    1  4.74603E+13 0.00312 
   87   87    1    1    1    1    1    1    1    1  2.93761E+13 0.00422 
   88   88    1    1    1    1    1    1    1    1  1.96879E+13 0.00522 
   89   89    1    1    1    1    1    1    1    1  1.14784E+13 0.00625 
   90   90    1    1    1    1    1    1    1    1  7.59542E+12 0.00722 
   91   91    1    1    1    1    1    1    1    1  3.76121E+12 0.01560 
   92   92    1    1    1    1    1    1    1    1  1.79036E+12 0.01494 
   93   93    1    1    1    1    1    1    1    1  8.46950E+11 0.02739 
   94   94    1    1    1    1    1    1    1    1  4.36708E+11 0.02919 
   95   95    1    1    1    1    1    1    1    1  2.02839E+11 0.06317 
   96   96    1    1    1    1    1    1    1    1  9.76381E+10 0.08520 
   97   97    1    1    1    1    1    1    1    1  4.79867E+10 0.09771 
   98   98    1    1    1    1    1    1    1    1  2.33159E+10 0.12008 
   99   99    1    1    1    1    1    1    1    1  6.79944E+09 0.32620 
  100  100    1    1    1    1    1    1    1    1  9.67692E+09 0.20740 
];


