
DETdpaspec = [
    1    1    1    1    1    1    1    1    1    1  0.00000E+00 0.00000 
    2    2    1    1    1    1    1    1    1    1  0.00000E+00 0.00000 
    3    3    1    1    1    1    1    1    1    1  0.00000E+00 0.00000 
    4    4    1    1    1    1    1    1    1    1  0.00000E+00 0.00000 
    5    5    1    1    1    1    1    1    1    1  0.00000E+00 0.00000 
    6    6    1    1    1    1    1    1    1    1  0.00000E+00 0.00000 
    7    7    1    1    1    1    1    1    1    1  0.00000E+00 0.00000 
    8    8    1    1    1    1    1    1    1    1  0.00000E+00 0.00000 
    9    9    1    1    1    1    1    1    1    1  0.00000E+00 0.00000 
   10   10    1    1    1    1    1    1    1    1  5.04495E+07 1.00000 
   11   11    1    1    1    1    1    1    1    1  0.00000E+00 0.00000 
   12   12    1    1    1    1    1    1    1    1  0.00000E+00 0.00000 
   13   13    1    1    1    1    1    1    1    1  1.03662E+09 0.76719 
   14   14    1    1    1    1    1    1    1    1  3.43328E+09 0.43259 
   15   15    1    1    1    1    1    1    1    1  2.68571E+09 0.59679 
   16   16    1    1    1    1    1    1    1    1  1.54955E+09 0.48755 
   17   17    1    1    1    1    1    1    1    1  2.82359E+09 0.23873 
   18   18    1    1    1    1    1    1    1    1  5.47988E+09 0.24760 
   19   19    1    1    1    1    1    1    1    1  4.96204E+09 0.22358 
   20   20    1    1    1    1    1    1    1    1  1.83763E+10 0.16665 
   21   21    1    1    1    1    1    1    1    1  1.37185E+10 0.12146 
   22   22    1    1    1    1    1    1    1    1  3.64511E+10 0.12843 
   23   23    1    1    1    1    1    1    1    1  5.09157E+10 0.09795 
   24   24    1    1    1    1    1    1    1    1  1.06479E+11 0.06584 
   25   25    1    1    1    1    1    1    1    1  1.29034E+11 0.05491 
   26   26    1    1    1    1    1    1    1    1  2.21157E+11 0.04169 
   27   27    1    1    1    1    1    1    1    1  4.71754E+11 0.03148 
   28   28    1    1    1    1    1    1    1    1  1.14419E+12 0.02189 
   29   29    1    1    1    1    1    1    1    1  2.07946E+12 0.01647 
   30   30    1    1    1    1    1    1    1    1  5.50967E+12 0.01075 
   31   31    1    1    1    1    1    1    1    1  1.59756E+13 0.00707 
   32   32    1    1    1    1    1    1    1    1  2.83450E+13 0.00448 
   33   33    1    1    1    1    1    1    1    1  6.61426E+13 0.00300 
   34   34    1    1    1    1    1    1    1    1  9.18484E+13 0.00293 
   35   35    1    1    1    1    1    1    1    1  1.11782E+14 0.00191 
   36   36    1    1    1    1    1    1    1    1  7.37620E+13 0.00251 
   37   37    1    1    1    1    1    1    1    1  2.21891E+13 0.00243 
   38   38    1    1    1    1    1    1    1    1  1.25711E+14 0.00207 
   39   39    1    1    1    1    1    1    1    1  1.69578E+14 0.00193 
   40   40    1    1    1    1    1    1    1    1  2.91577E+14 0.00181 
   41   41    1    1    1    1    1    1    1    1  2.89467E+14 0.00147 
   42   42    1    1    1    1    1    1    1    1  6.23429E+14 0.00142 
   43   43    1    1    1    1    1    1    1    1  7.55053E+14 0.00100 
   44   44    1    1    1    1    1    1    1    1  1.08985E+15 0.00100 
   45   45    1    1    1    1    1    1    1    1  2.18138E+15 0.00082 
   46   46    1    1    1    1    1    1    1    1  1.01566E+15 0.00100 
   47   47    1    1    1    1    1    1    1    1  1.62508E+15 0.00077 
   48   48    1    1    1    1    1    1    1    1  2.26888E+15 0.00072 
   49   49    1    1    1    1    1    1    1    1  2.23321E+15 0.00072 
   50   50    1    1    1    1    1    1    1    1  3.51614E+15 0.00059 
   51   51    1    1    1    1    1    1    1    1  2.77856E+15 0.00062 
   52   52    1    1    1    1    1    1    1    1  3.33949E+15 0.00062 
   53   53    1    1    1    1    1    1    1    1  2.31965E+15 0.00064 
   54   54    1    1    1    1    1    1    1    1  2.87268E+15 0.00078 
   55   55    1    1    1    1    1    1    1    1  1.97740E+15 0.00079 
   56   56    1    1    1    1    1    1    1    1  2.68418E+14 0.00095 
   57   57    1    1    1    1    1    1    1    1  3.92833E+15 0.00052 
   58   58    1    1    1    1    1    1    1    1  1.77520E+15 0.00074 
   59   59    1    1    1    1    1    1    1    1  1.88390E+15 0.00053 
   60   60    1    1    1    1    1    1    1    1  1.48203E+15 0.00069 
   61   61    1    1    1    1    1    1    1    1  1.48384E+15 0.00065 
   62   62    1    1    1    1    1    1    1    1  1.54760E+15 0.00073 
   63   63    1    1    1    1    1    1    1    1  1.30520E+15 0.00096 
   64   64    1    1    1    1    1    1    1    1  1.04051E+15 0.00089 
   65   65    1    1    1    1    1    1    1    1  1.03273E+15 0.00065 
   66   66    1    1    1    1    1    1    1    1  7.48258E+14 0.00106 
   67   67    1    1    1    1    1    1    1    1  6.07853E+14 0.00116 
   68   68    1    1    1    1    1    1    1    1  5.43551E+14 0.00088 
   69   69    1    1    1    1    1    1    1    1  6.52574E+14 0.00107 
   70   70    1    1    1    1    1    1    1    1  5.55326E+14 0.00121 
   71   71    1    1    1    1    1    1    1    1  1.00376E+15 0.00096 
   72   72    1    1    1    1    1    1    1    1  7.09300E+14 0.00086 
   73   73    1    1    1    1    1    1    1    1  5.36749E+14 0.00107 
   74   74    1    1    1    1    1    1    1    1  4.34367E+14 0.00155 
   75   75    1    1    1    1    1    1    1    1  3.62385E+14 0.00171 
   76   76    1    1    1    1    1    1    1    1  4.23133E+14 0.00134 
   77   77    1    1    1    1    1    1    1    1  3.36571E+14 0.00119 
   78   78    1    1    1    1    1    1    1    1  2.68506E+14 0.00142 
   79   79    1    1    1    1    1    1    1    1  2.78552E+14 0.00178 
   80   80    1    1    1    1    1    1    1    1  2.07335E+14 0.00165 
   81   81    1    1    1    1    1    1    1    1  1.59795E+14 0.00164 
   82   82    1    1    1    1    1    1    1    1  1.23145E+14 0.00193 
   83   83    1    1    1    1    1    1    1    1  1.14990E+14 0.00200 
   84   84    1    1    1    1    1    1    1    1  8.30287E+13 0.00301 
   85   85    1    1    1    1    1    1    1    1  5.98657E+13 0.00303 
   86   86    1    1    1    1    1    1    1    1  5.59514E+13 0.00459 
   87   87    1    1    1    1    1    1    1    1  3.41639E+13 0.00264 
   88   88    1    1    1    1    1    1    1    1  2.31172E+13 0.00562 
   89   89    1    1    1    1    1    1    1    1  1.32813E+13 0.00583 
   90   90    1    1    1    1    1    1    1    1  8.78372E+12 0.00718 
   91   91    1    1    1    1    1    1    1    1  4.39550E+12 0.01130 
   92   92    1    1    1    1    1    1    1    1  2.12459E+12 0.01967 
   93   93    1    1    1    1    1    1    1    1  1.00453E+12 0.02216 
   94   94    1    1    1    1    1    1    1    1  4.84826E+11 0.03444 
   95   95    1    1    1    1    1    1    1    1  2.20080E+11 0.05301 
   96   96    1    1    1    1    1    1    1    1  1.20696E+11 0.08511 
   97   97    1    1    1    1    1    1    1    1  5.76561E+10 0.10110 
   98   98    1    1    1    1    1    1    1    1  2.14835E+10 0.16103 
   99   99    1    1    1    1    1    1    1    1  1.00655E+10 0.14871 
  100  100    1    1    1    1    1    1    1    1  1.30902E+10 0.26075 
];


