
DETdpaspec = [
    1    1    1    1    1    1    1    1    1    1  0.00000E+00 0.00000 
    2    2    1    1    1    1    1    1    1    1  0.00000E+00 0.00000 
    3    3    1    1    1    1    1    1    1    1  0.00000E+00 0.00000 
    4    4    1    1    1    1    1    1    1    1  2.32277E+07 0.73045 
    5    5    1    1    1    1    1    1    1    1  0.00000E+00 0.00000 
    6    6    1    1    1    1    1    1    1    1  7.22898E+06 1.00000 
    7    7    1    1    1    1    1    1    1    1  8.43140E+06 1.00000 
    8    8    1    1    1    1    1    1    1    1  1.51175E+07 1.00000 
    9    9    1    1    1    1    1    1    1    1  1.05124E+07 1.00000 
   10   10    1    1    1    1    1    1    1    1  1.25563E+08 0.72910 
   11   11    1    1    1    1    1    1    1    1  2.06152E+08 0.50197 
   12   12    1    1    1    1    1    1    1    1  0.00000E+00 0.00000 
   13   13    1    1    1    1    1    1    1    1  9.78270E+08 0.46940 
   14   14    1    1    1    1    1    1    1    1  1.91670E+09 0.36288 
   15   15    1    1    1    1    1    1    1    1  4.78823E+09 0.27379 
   16   16    1    1    1    1    1    1    1    1  1.14546E+09 0.32549 
   17   17    1    1    1    1    1    1    1    1  1.88647E+09 0.32260 
   18   18    1    1    1    1    1    1    1    1  5.91265E+09 0.18876 
   19   19    1    1    1    1    1    1    1    1  9.30513E+09 0.18068 
   20   20    1    1    1    1    1    1    1    1  2.72031E+10 0.13799 
   21   21    1    1    1    1    1    1    1    1  2.03632E+10 0.09624 
   22   22    1    1    1    1    1    1    1    1  4.97192E+10 0.10750 
   23   23    1    1    1    1    1    1    1    1  5.97407E+10 0.07753 
   24   24    1    1    1    1    1    1    1    1  1.00189E+11 0.04569 
   25   25    1    1    1    1    1    1    1    1  1.35901E+11 0.07356 
   26   26    1    1    1    1    1    1    1    1  1.99198E+11 0.05432 
   27   27    1    1    1    1    1    1    1    1  3.41537E+11 0.03667 
   28   28    1    1    1    1    1    1    1    1  6.32264E+11 0.02517 
   29   29    1    1    1    1    1    1    1    1  9.20557E+11 0.01551 
   30   30    1    1    1    1    1    1    1    1  2.82920E+12 0.01016 
   31   31    1    1    1    1    1    1    1    1  8.71411E+12 0.00983 
   32   32    1    1    1    1    1    1    1    1  1.63151E+13 0.00649 
   33   33    1    1    1    1    1    1    1    1  3.66194E+13 0.00402 
   34   34    1    1    1    1    1    1    1    1  4.88946E+13 0.00285 
   35   35    1    1    1    1    1    1    1    1  7.02673E+13 0.00321 
   36   36    1    1    1    1    1    1    1    1  4.94132E+13 0.00286 
   37   37    1    1    1    1    1    1    1    1  1.56445E+13 0.00277 
   38   38    1    1    1    1    1    1    1    1  8.41681E+13 0.00254 
   39   39    1    1    1    1    1    1    1    1  1.12401E+14 0.00186 
   40   40    1    1    1    1    1    1    1    1  1.88969E+14 0.00207 
   41   41    1    1    1    1    1    1    1    1  1.96119E+14 0.00197 
   42   42    1    1    1    1    1    1    1    1  4.03350E+14 0.00102 
   43   43    1    1    1    1    1    1    1    1  4.82654E+14 0.00123 
   44   44    1    1    1    1    1    1    1    1  6.89409E+14 0.00110 
   45   45    1    1    1    1    1    1    1    1  1.32981E+15 0.00087 
   46   46    1    1    1    1    1    1    1    1  6.31472E+14 0.00119 
   47   47    1    1    1    1    1    1    1    1  1.02114E+15 0.00129 
   48   48    1    1    1    1    1    1    1    1  1.41927E+15 0.00094 
   49   49    1    1    1    1    1    1    1    1  1.40742E+15 0.00092 
   50   50    1    1    1    1    1    1    1    1  2.14946E+15 0.00078 
   51   51    1    1    1    1    1    1    1    1  1.74259E+15 0.00082 
   52   52    1    1    1    1    1    1    1    1  2.01211E+15 0.00090 
   53   53    1    1    1    1    1    1    1    1  1.40634E+15 0.00103 
   54   54    1    1    1    1    1    1    1    1  1.67998E+15 0.00075 
   55   55    1    1    1    1    1    1    1    1  1.16313E+15 0.00108 
   56   56    1    1    1    1    1    1    1    1  1.59460E+14 0.00123 
   57   57    1    1    1    1    1    1    1    1  2.31258E+15 0.00100 
   58   58    1    1    1    1    1    1    1    1  9.96814E+14 0.00132 
   59   59    1    1    1    1    1    1    1    1  1.06870E+15 0.00113 
   60   60    1    1    1    1    1    1    1    1  8.13518E+14 0.00112 
   61   61    1    1    1    1    1    1    1    1  8.19708E+14 0.00118 
   62   62    1    1    1    1    1    1    1    1  8.47800E+14 0.00131 
   63   63    1    1    1    1    1    1    1    1  7.06952E+14 0.00123 
   64   64    1    1    1    1    1    1    1    1  5.62310E+14 0.00093 
   65   65    1    1    1    1    1    1    1    1  5.57138E+14 0.00120 
   66   66    1    1    1    1    1    1    1    1  4.02030E+14 0.00157 
   67   67    1    1    1    1    1    1    1    1  3.29792E+14 0.00152 
   68   68    1    1    1    1    1    1    1    1  2.97166E+14 0.00154 
   69   69    1    1    1    1    1    1    1    1  3.56146E+14 0.00194 
   70   70    1    1    1    1    1    1    1    1  3.04597E+14 0.00132 
   71   71    1    1    1    1    1    1    1    1  5.63572E+14 0.00127 
   72   72    1    1    1    1    1    1    1    1  3.99486E+14 0.00191 
   73   73    1    1    1    1    1    1    1    1  3.00349E+14 0.00217 
   74   74    1    1    1    1    1    1    1    1  2.37479E+14 0.00193 
   75   75    1    1    1    1    1    1    1    1  1.93695E+14 0.00099 
   76   76    1    1    1    1    1    1    1    1  2.19977E+14 0.00174 
   77   77    1    1    1    1    1    1    1    1  1.70474E+14 0.00187 
   78   78    1    1    1    1    1    1    1    1  1.33845E+14 0.00209 
   79   79    1    1    1    1    1    1    1    1  1.36362E+14 0.00167 
   80   80    1    1    1    1    1    1    1    1  1.00360E+14 0.00249 
   81   81    1    1    1    1    1    1    1    1  7.67768E+13 0.00297 
   82   82    1    1    1    1    1    1    1    1  5.87865E+13 0.00343 
   83   83    1    1    1    1    1    1    1    1  5.51684E+13 0.00364 
   84   84    1    1    1    1    1    1    1    1  3.94600E+13 0.00316 
   85   85    1    1    1    1    1    1    1    1  2.85555E+13 0.00450 
   86   86    1    1    1    1    1    1    1    1  2.66191E+13 0.00461 
   87   87    1    1    1    1    1    1    1    1  1.65037E+13 0.00567 
   88   88    1    1    1    1    1    1    1    1  1.11692E+13 0.00513 
   89   89    1    1    1    1    1    1    1    1  6.32564E+12 0.00918 
   90   90    1    1    1    1    1    1    1    1  4.33544E+12 0.01152 
   91   91    1    1    1    1    1    1    1    1  2.14501E+12 0.01429 
   92   92    1    1    1    1    1    1    1    1  1.03815E+12 0.01406 
   93   93    1    1    1    1    1    1    1    1  4.90322E+11 0.02446 
   94   94    1    1    1    1    1    1    1    1  2.35980E+11 0.04898 
   95   95    1    1    1    1    1    1    1    1  1.12566E+11 0.06631 
   96   96    1    1    1    1    1    1    1    1  5.09231E+10 0.08396 
   97   97    1    1    1    1    1    1    1    1  2.62239E+10 0.13664 
   98   98    1    1    1    1    1    1    1    1  7.95220E+09 0.22975 
   99   99    1    1    1    1    1    1    1    1  1.40112E+10 0.19269 
  100  100    1    1    1    1    1    1    1    1  5.48136E+09 0.30634 
];


