
DETdpaspec = [
    1    1    1    1    1    1    1    1    1    1  0.00000E+00 0.00000 
    2    2    1    1    1    1    1    1    1    1  0.00000E+00 0.00000 
    3    3    1    1    1    1    1    1    1    1  0.00000E+00 0.00000 
    4    4    1    1    1    1    1    1    1    1  0.00000E+00 0.00000 
    5    5    1    1    1    1    1    1    1    1  0.00000E+00 0.00000 
    6    6    1    1    1    1    1    1    1    1  0.00000E+00 0.00000 
    7    7    1    1    1    1    1    1    1    1  0.00000E+00 0.00000 
    8    8    1    1    1    1    1    1    1    1  0.00000E+00 0.00000 
    9    9    1    1    1    1    1    1    1    1  0.00000E+00 0.00000 
   10   10    1    1    1    1    1    1    1    1  0.00000E+00 0.00000 
   11   11    1    1    1    1    1    1    1    1  0.00000E+00 0.00000 
   12   12    1    1    1    1    1    1    1    1  1.58244E+08 1.00000 
   13   13    1    1    1    1    1    1    1    1  8.32538E+08 1.00000 
   14   14    1    1    1    1    1    1    1    1  8.37862E+08 0.63239 
   15   15    1    1    1    1    1    1    1    1  2.40525E+09 0.81784 
   16   16    1    1    1    1    1    1    1    1  1.01571E+09 0.47174 
   17   17    1    1    1    1    1    1    1    1  6.14477E+08 0.79954 
   18   18    1    1    1    1    1    1    1    1  2.99732E+09 0.43212 
   19   19    1    1    1    1    1    1    1    1  7.06069E+09 0.30094 
   20   20    1    1    1    1    1    1    1    1  1.05327E+10 0.27570 
   21   21    1    1    1    1    1    1    1    1  1.09069E+10 0.19875 
   22   22    1    1    1    1    1    1    1    1  4.45184E+10 0.08599 
   23   23    1    1    1    1    1    1    1    1  1.58981E+11 0.05502 
   24   24    1    1    1    1    1    1    1    1  5.32052E+11 0.03147 
   25   25    1    1    1    1    1    1    1    1  8.72620E+11 0.02170 
   26   26    1    1    1    1    1    1    1    1  1.93353E+12 0.02089 
   27   27    1    1    1    1    1    1    1    1  3.90064E+12 0.01630 
   28   28    1    1    1    1    1    1    1    1  7.81736E+12 0.01121 
   29   29    1    1    1    1    1    1    1    1  1.25892E+13 0.00671 
   30   30    1    1    1    1    1    1    1    1  2.45335E+13 0.00480 
   31   31    1    1    1    1    1    1    1    1  5.20734E+13 0.00411 
   32   32    1    1    1    1    1    1    1    1  7.68903E+13 0.00316 
   33   33    1    1    1    1    1    1    1    1  1.52646E+14 0.00175 
   34   34    1    1    1    1    1    1    1    1  1.88256E+14 0.00180 
   35   35    1    1    1    1    1    1    1    1  1.93024E+14 0.00208 
   36   36    1    1    1    1    1    1    1    1  1.15579E+14 0.00160 
   37   37    1    1    1    1    1    1    1    1  3.36525E+13 0.00173 
   38   38    1    1    1    1    1    1    1    1  1.92125E+14 0.00145 
   39   39    1    1    1    1    1    1    1    1  2.52792E+14 0.00133 
   40   40    1    1    1    1    1    1    1    1  4.26980E+14 0.00133 
   41   41    1    1    1    1    1    1    1    1  4.06847E+14 0.00131 
   42   42    1    1    1    1    1    1    1    1  8.66112E+14 0.00104 
   43   43    1    1    1    1    1    1    1    1  1.02183E+15 0.00089 
   44   44    1    1    1    1    1    1    1    1  1.43581E+15 0.00059 
   45   45    1    1    1    1    1    1    1    1  2.77640E+15 0.00066 
   46   46    1    1    1    1    1    1    1    1  1.23878E+15 0.00082 
   47   47    1    1    1    1    1    1    1    1  1.94278E+15 0.00066 
   48   48    1    1    1    1    1    1    1    1  2.64776E+15 0.00058 
   49   49    1    1    1    1    1    1    1    1  2.55188E+15 0.00062 
   50   50    1    1    1    1    1    1    1    1  3.95706E+15 0.00057 
   51   51    1    1    1    1    1    1    1    1  3.02323E+15 0.00062 
   52   52    1    1    1    1    1    1    1    1  3.61687E+15 0.00056 
   53   53    1    1    1    1    1    1    1    1  2.46209E+15 0.00083 
   54   54    1    1    1    1    1    1    1    1  3.04512E+15 0.00079 
   55   55    1    1    1    1    1    1    1    1  2.07063E+15 0.00063 
   56   56    1    1    1    1    1    1    1    1  2.78886E+14 0.00091 
   57   57    1    1    1    1    1    1    1    1  4.05742E+15 0.00065 
   58   58    1    1    1    1    1    1    1    1  1.84190E+15 0.00083 
   59   59    1    1    1    1    1    1    1    1  1.93109E+15 0.00113 
   60   60    1    1    1    1    1    1    1    1  1.52492E+15 0.00092 
   61   61    1    1    1    1    1    1    1    1  1.51501E+15 0.00090 
   62   62    1    1    1    1    1    1    1    1  1.57065E+15 0.00068 
   63   63    1    1    1    1    1    1    1    1  1.31790E+15 0.00099 
   64   64    1    1    1    1    1    1    1    1  1.04290E+15 0.00085 
   65   65    1    1    1    1    1    1    1    1  1.02968E+15 0.00099 
   66   66    1    1    1    1    1    1    1    1  7.41096E+14 0.00107 
   67   67    1    1    1    1    1    1    1    1  5.97312E+14 0.00080 
   68   68    1    1    1    1    1    1    1    1  5.31361E+14 0.00081 
   69   69    1    1    1    1    1    1    1    1  6.34579E+14 0.00083 
   70   70    1    1    1    1    1    1    1    1  5.35540E+14 0.00112 
   71   71    1    1    1    1    1    1    1    1  9.50784E+14 0.00079 
   72   72    1    1    1    1    1    1    1    1  6.64056E+14 0.00099 
   73   73    1    1    1    1    1    1    1    1  4.99288E+14 0.00133 
   74   74    1    1    1    1    1    1    1    1  4.05184E+14 0.00141 
   75   75    1    1    1    1    1    1    1    1  3.41012E+14 0.00171 
   76   76    1    1    1    1    1    1    1    1  3.99956E+14 0.00124 
   77   77    1    1    1    1    1    1    1    1  3.19724E+14 0.00164 
   78   78    1    1    1    1    1    1    1    1  2.56599E+14 0.00153 
   79   79    1    1    1    1    1    1    1    1  2.65524E+14 0.00151 
   80   80    1    1    1    1    1    1    1    1  1.97419E+14 0.00185 
   81   81    1    1    1    1    1    1    1    1  1.51782E+14 0.00191 
   82   82    1    1    1    1    1    1    1    1  1.16319E+14 0.00211 
   83   83    1    1    1    1    1    1    1    1  1.08395E+14 0.00229 
   84   84    1    1    1    1    1    1    1    1  7.83448E+13 0.00300 
   85   85    1    1    1    1    1    1    1    1  5.61691E+13 0.00337 
   86   86    1    1    1    1    1    1    1    1  5.22817E+13 0.00273 
   87   87    1    1    1    1    1    1    1    1  3.19300E+13 0.00389 
   88   88    1    1    1    1    1    1    1    1  2.12194E+13 0.00548 
   89   89    1    1    1    1    1    1    1    1  1.20276E+13 0.00607 
   90   90    1    1    1    1    1    1    1    1  7.86469E+12 0.00699 
   91   91    1    1    1    1    1    1    1    1  3.99854E+12 0.01205 
   92   92    1    1    1    1    1    1    1    1  1.85147E+12 0.01475 
   93   93    1    1    1    1    1    1    1    1  9.14459E+11 0.01954 
   94   94    1    1    1    1    1    1    1    1  4.30156E+11 0.02840 
   95   95    1    1    1    1    1    1    1    1  1.92875E+11 0.04594 
   96   96    1    1    1    1    1    1    1    1  9.61240E+10 0.06488 
   97   97    1    1    1    1    1    1    1    1  5.14872E+10 0.10351 
   98   98    1    1    1    1    1    1    1    1  1.68123E+10 0.18590 
   99   99    1    1    1    1    1    1    1    1  9.52225E+09 0.22038 
  100  100    1    1    1    1    1    1    1    1  1.15316E+10 0.17942 
];


