
DETdpaspec = [
    1    1    1    1    1    1    1    1    1    1  0.00000E+00 0.00000 
    2    2    1    1    1    1    1    1    1    1  0.00000E+00 0.00000 
    3    3    1    1    1    1    1    1    1    1  0.00000E+00 0.00000 
    4    4    1    1    1    1    1    1    1    1  0.00000E+00 0.00000 
    5    5    1    1    1    1    1    1    1    1  0.00000E+00 0.00000 
    6    6    1    1    1    1    1    1    1    1  0.00000E+00 0.00000 
    7    7    1    1    1    1    1    1    1    1  0.00000E+00 0.00000 
    8    8    1    1    1    1    1    1    1    1  0.00000E+00 0.00000 
    9    9    1    1    1    1    1    1    1    1  1.78427E+07 1.00000 
   10   10    1    1    1    1    1    1    1    1  5.07785E+07 1.00000 
   11   11    1    1    1    1    1    1    1    1  6.02959E+07 1.00000 
   12   12    1    1    1    1    1    1    1    1  1.34533E+07 1.00000 
   13   13    1    1    1    1    1    1    1    1  2.48932E+09 0.47479 
   14   14    1    1    1    1    1    1    1    1  3.47826E+09 0.45068 
   15   15    1    1    1    1    1    1    1    1  2.10044E+09 0.52445 
   16   16    1    1    1    1    1    1    1    1  2.05117E+08 0.57152 
   17   17    1    1    1    1    1    1    1    1  3.66091E+09 0.31904 
   18   18    1    1    1    1    1    1    1    1  2.93329E+09 0.26488 
   19   19    1    1    1    1    1    1    1    1  3.32562E+09 0.32484 
   20   20    1    1    1    1    1    1    1    1  2.00255E+10 0.14908 
   21   21    1    1    1    1    1    1    1    1  1.48439E+10 0.13610 
   22   22    1    1    1    1    1    1    1    1  3.42698E+10 0.11803 
   23   23    1    1    1    1    1    1    1    1  5.59481E+10 0.10218 
   24   24    1    1    1    1    1    1    1    1  9.13581E+10 0.07448 
   25   25    1    1    1    1    1    1    1    1  1.59567E+11 0.04888 
   26   26    1    1    1    1    1    1    1    1  3.13379E+11 0.03637 
   27   27    1    1    1    1    1    1    1    1  7.05800E+11 0.02804 
   28   28    1    1    1    1    1    1    1    1  1.77633E+12 0.01782 
   29   29    1    1    1    1    1    1    1    1  3.31115E+12 0.01381 
   30   30    1    1    1    1    1    1    1    1  8.01239E+12 0.00855 
   31   31    1    1    1    1    1    1    1    1  2.17894E+13 0.00620 
   32   32    1    1    1    1    1    1    1    1  3.70914E+13 0.00344 
   33   33    1    1    1    1    1    1    1    1  8.38363E+13 0.00247 
   34   34    1    1    1    1    1    1    1    1  1.13261E+14 0.00255 
   35   35    1    1    1    1    1    1    1    1  1.30988E+14 0.00165 
   36   36    1    1    1    1    1    1    1    1  8.38296E+13 0.00194 
   37   37    1    1    1    1    1    1    1    1  2.49740E+13 0.00204 
   38   38    1    1    1    1    1    1    1    1  1.42559E+14 0.00157 
   39   39    1    1    1    1    1    1    1    1  1.91030E+14 0.00143 
   40   40    1    1    1    1    1    1    1    1  3.27931E+14 0.00153 
   41   41    1    1    1    1    1    1    1    1  3.21760E+14 0.00094 
   42   42    1    1    1    1    1    1    1    1  6.92751E+14 0.00112 
   43   43    1    1    1    1    1    1    1    1  8.33411E+14 0.00083 
   44   44    1    1    1    1    1    1    1    1  1.19496E+15 0.00095 
   45   45    1    1    1    1    1    1    1    1  2.37783E+15 0.00062 
   46   46    1    1    1    1    1    1    1    1  1.09471E+15 0.00057 
   47   47    1    1    1    1    1    1    1    1  1.74166E+15 0.00066 
   48   48    1    1    1    1    1    1    1    1  2.42202E+15 0.00068 
   49   49    1    1    1    1    1    1    1    1  2.36964E+15 0.00066 
   50   50    1    1    1    1    1    1    1    1  3.72718E+15 0.00050 
   51   51    1    1    1    1    1    1    1    1  2.91633E+15 0.00058 
   52   52    1    1    1    1    1    1    1    1  3.51346E+15 0.00047 
   53   53    1    1    1    1    1    1    1    1  2.42727E+15 0.00050 
   54   54    1    1    1    1    1    1    1    1  3.01059E+15 0.00046 
   55   55    1    1    1    1    1    1    1    1  2.06532E+15 0.00070 
   56   56    1    1    1    1    1    1    1    1  2.79545E+14 0.00112 
   57   57    1    1    1    1    1    1    1    1  4.09034E+15 0.00055 
   58   58    1    1    1    1    1    1    1    1  1.85800E+15 0.00055 
   59   59    1    1    1    1    1    1    1    1  1.96489E+15 0.00061 
   60   60    1    1    1    1    1    1    1    1  1.55213E+15 0.00056 
   61   61    1    1    1    1    1    1    1    1  1.55078E+15 0.00055 
   62   62    1    1    1    1    1    1    1    1  1.61680E+15 0.00054 
   63   63    1    1    1    1    1    1    1    1  1.36326E+15 0.00066 
   64   64    1    1    1    1    1    1    1    1  1.08322E+15 0.00068 
   65   65    1    1    1    1    1    1    1    1  1.07618E+15 0.00074 
   66   66    1    1    1    1    1    1    1    1  7.78826E+14 0.00070 
   67   67    1    1    1    1    1    1    1    1  6.31418E+14 0.00068 
   68   68    1    1    1    1    1    1    1    1  5.64463E+14 0.00091 
   69   69    1    1    1    1    1    1    1    1  6.74791E+14 0.00078 
   70   70    1    1    1    1    1    1    1    1  5.73334E+14 0.00073 
   71   71    1    1    1    1    1    1    1    1  1.03242E+15 0.00092 
   72   72    1    1    1    1    1    1    1    1  7.28959E+14 0.00105 
   73   73    1    1    1    1    1    1    1    1  5.49666E+14 0.00124 
   74   74    1    1    1    1    1    1    1    1  4.46234E+14 0.00101 
   75   75    1    1    1    1    1    1    1    1  3.73823E+14 0.00110 
   76   76    1    1    1    1    1    1    1    1  4.37149E+14 0.00121 
   77   77    1    1    1    1    1    1    1    1  3.49224E+14 0.00144 
   78   78    1    1    1    1    1    1    1    1  2.79726E+14 0.00115 
   79   79    1    1    1    1    1    1    1    1  2.90038E+14 0.00132 
   80   80    1    1    1    1    1    1    1    1  2.15708E+14 0.00146 
   81   81    1    1    1    1    1    1    1    1  1.66325E+14 0.00207 
   82   82    1    1    1    1    1    1    1    1  1.28250E+14 0.00169 
   83   83    1    1    1    1    1    1    1    1  1.19995E+14 0.00176 
   84   84    1    1    1    1    1    1    1    1  8.67979E+13 0.00206 
   85   85    1    1    1    1    1    1    1    1  6.20623E+13 0.00277 
   86   86    1    1    1    1    1    1    1    1  5.86922E+13 0.00244 
   87   87    1    1    1    1    1    1    1    1  3.56735E+13 0.00409 
   88   88    1    1    1    1    1    1    1    1  2.39669E+13 0.00381 
   89   89    1    1    1    1    1    1    1    1  1.37178E+13 0.00546 
   90   90    1    1    1    1    1    1    1    1  9.00772E+12 0.00777 
   91   91    1    1    1    1    1    1    1    1  4.55519E+12 0.00907 
   92   92    1    1    1    1    1    1    1    1  2.20198E+12 0.01365 
   93   93    1    1    1    1    1    1    1    1  1.04915E+12 0.01511 
   94   94    1    1    1    1    1    1    1    1  4.80620E+11 0.03766 
   95   95    1    1    1    1    1    1    1    1  2.29601E+11 0.05316 
   96   96    1    1    1    1    1    1    1    1  1.14724E+11 0.08139 
   97   97    1    1    1    1    1    1    1    1  5.95452E+10 0.06852 
   98   98    1    1    1    1    1    1    1    1  2.63129E+10 0.10366 
   99   99    1    1    1    1    1    1    1    1  1.12712E+10 0.19048 
  100  100    1    1    1    1    1    1    1    1  1.19766E+10 0.15274 
];


