
DETdpaspec = [
    1    1    1    1    1    1    1    1    1    1  0.00000E+00 0.00000 
    2    2    1    1    1    1    1    1    1    1  0.00000E+00 0.00000 
    3    3    1    1    1    1    1    1    1    1  5.15013E+06 1.00000 
    4    4    1    1    1    1    1    1    1    1  0.00000E+00 0.00000 
    5    5    1    1    1    1    1    1    1    1  0.00000E+00 0.00000 
    6    6    1    1    1    1    1    1    1    1  6.85096E+06 1.00000 
    7    7    1    1    1    1    1    1    1    1  1.43021E+07 1.00000 
    8    8    1    1    1    1    1    1    1    1  1.16066E+07 1.00000 
    9    9    1    1    1    1    1    1    1    1  2.77691E+07 0.71870 
   10   10    1    1    1    1    1    1    1    1  4.06001E+07 1.00000 
   11   11    1    1    1    1    1    1    1    1  8.22390E+07 0.69393 
   12   12    1    1    1    1    1    1    1    1  2.95754E+07 0.66441 
   13   13    1    1    1    1    1    1    1    1  7.18721E+08 0.72998 
   14   14    1    1    1    1    1    1    1    1  1.51360E+09 0.37800 
   15   15    1    1    1    1    1    1    1    1  2.93158E+09 0.43498 
   16   16    1    1    1    1    1    1    1    1  8.25498E+08 0.25830 
   17   17    1    1    1    1    1    1    1    1  1.80595E+09 0.24191 
   18   18    1    1    1    1    1    1    1    1  1.04074E+10 0.15996 
   19   19    1    1    1    1    1    1    1    1  1.09567E+10 0.14108 
   20   20    1    1    1    1    1    1    1    1  2.60240E+10 0.10540 
   21   21    1    1    1    1    1    1    1    1  2.35650E+10 0.11597 
   22   22    1    1    1    1    1    1    1    1  5.98415E+10 0.07160 
   23   23    1    1    1    1    1    1    1    1  7.61699E+10 0.08341 
   24   24    1    1    1    1    1    1    1    1  1.08822E+11 0.07158 
   25   25    1    1    1    1    1    1    1    1  1.55750E+11 0.06294 
   26   26    1    1    1    1    1    1    1    1  2.48340E+11 0.03952 
   27   27    1    1    1    1    1    1    1    1  4.33543E+11 0.02912 
   28   28    1    1    1    1    1    1    1    1  7.54258E+11 0.02537 
   29   29    1    1    1    1    1    1    1    1  9.93984E+11 0.01792 
   30   30    1    1    1    1    1    1    1    1  3.26535E+12 0.01041 
   31   31    1    1    1    1    1    1    1    1  9.53038E+12 0.00579 
   32   32    1    1    1    1    1    1    1    1  1.71839E+13 0.00495 
   33   33    1    1    1    1    1    1    1    1  3.57778E+13 0.00336 
   34   34    1    1    1    1    1    1    1    1  4.54197E+13 0.00463 
   35   35    1    1    1    1    1    1    1    1  6.69515E+13 0.00296 
   36   36    1    1    1    1    1    1    1    1  4.71883E+13 0.00259 
   37   37    1    1    1    1    1    1    1    1  1.50966E+13 0.00184 
   38   38    1    1    1    1    1    1    1    1  7.94282E+13 0.00202 
   39   39    1    1    1    1    1    1    1    1  1.05159E+14 0.00171 
   40   40    1    1    1    1    1    1    1    1  1.72871E+14 0.00190 
   41   41    1    1    1    1    1    1    1    1  1.80595E+14 0.00149 
   42   42    1    1    1    1    1    1    1    1  3.61162E+14 0.00168 
   43   43    1    1    1    1    1    1    1    1  4.26883E+14 0.00196 
   44   44    1    1    1    1    1    1    1    1  5.98751E+14 0.00207 
   45   45    1    1    1    1    1    1    1    1  1.12353E+15 0.00152 
   46   46    1    1    1    1    1    1    1    1  5.32643E+14 0.00148 
   47   47    1    1    1    1    1    1    1    1  8.61561E+14 0.00164 
   48   48    1    1    1    1    1    1    1    1  1.18717E+15 0.00146 
   49   49    1    1    1    1    1    1    1    1  1.17273E+15 0.00142 
   50   50    1    1    1    1    1    1    1    1  1.76475E+15 0.00129 
   51   51    1    1    1    1    1    1    1    1  1.43790E+15 0.00110 
   52   52    1    1    1    1    1    1    1    1  1.63078E+15 0.00145 
   53   53    1    1    1    1    1    1    1    1  1.14249E+15 0.00166 
   54   54    1    1    1    1    1    1    1    1  1.34294E+15 0.00125 
   55   55    1    1    1    1    1    1    1    1  9.33377E+14 0.00126 
   56   56    1    1    1    1    1    1    1    1  1.28501E+14 0.00173 
   57   57    1    1    1    1    1    1    1    1  1.85012E+15 0.00149 
   58   58    1    1    1    1    1    1    1    1  7.83498E+14 0.00146 
   59   59    1    1    1    1    1    1    1    1  8.42259E+14 0.00193 
   60   60    1    1    1    1    1    1    1    1  6.32701E+14 0.00167 
   61   61    1    1    1    1    1    1    1    1  6.38698E+14 0.00204 
   62   62    1    1    1    1    1    1    1    1  6.58069E+14 0.00181 
   63   63    1    1    1    1    1    1    1    1  5.45799E+14 0.00176 
   64   64    1    1    1    1    1    1    1    1  4.33853E+14 0.00180 
   65   65    1    1    1    1    1    1    1    1  4.28200E+14 0.00222 
   66   66    1    1    1    1    1    1    1    1  3.09536E+14 0.00183 
   67   67    1    1    1    1    1    1    1    1  2.54938E+14 0.00226 
   68   68    1    1    1    1    1    1    1    1  2.29324E+14 0.00215 
   69   69    1    1    1    1    1    1    1    1  2.74896E+14 0.00231 
   70   70    1    1    1    1    1    1    1    1  2.34957E+14 0.00278 
   71   71    1    1    1    1    1    1    1    1  4.40757E+14 0.00237 
   72   72    1    1    1    1    1    1    1    1  3.13617E+14 0.00198 
   73   73    1    1    1    1    1    1    1    1  2.34331E+14 0.00225 
   74   74    1    1    1    1    1    1    1    1  1.83699E+14 0.00306 
   75   75    1    1    1    1    1    1    1    1  1.47113E+14 0.00253 
   76   76    1    1    1    1    1    1    1    1  1.66753E+14 0.00308 
   77   77    1    1    1    1    1    1    1    1  1.27499E+14 0.00302 
   78   78    1    1    1    1    1    1    1    1  9.89655E+13 0.00208 
   79   79    1    1    1    1    1    1    1    1  1.00531E+14 0.00333 
   80   80    1    1    1    1    1    1    1    1  7.33256E+13 0.00309 
   81   81    1    1    1    1    1    1    1    1  5.61386E+13 0.00284 
   82   82    1    1    1    1    1    1    1    1  4.31370E+13 0.00335 
   83   83    1    1    1    1    1    1    1    1  4.00410E+13 0.00472 
   84   84    1    1    1    1    1    1    1    1  2.86364E+13 0.00574 
   85   85    1    1    1    1    1    1    1    1  2.06532E+13 0.00492 
   86   86    1    1    1    1    1    1    1    1  1.92211E+13 0.00525 
   87   87    1    1    1    1    1    1    1    1  1.20410E+13 0.00777 
   88   88    1    1    1    1    1    1    1    1  8.13882E+12 0.00724 
   89   89    1    1    1    1    1    1    1    1  4.72277E+12 0.01460 
   90   90    1    1    1    1    1    1    1    1  3.12339E+12 0.01428 
   91   91    1    1    1    1    1    1    1    1  1.60842E+12 0.01681 
   92   92    1    1    1    1    1    1    1    1  7.86675E+11 0.02735 
   93   93    1    1    1    1    1    1    1    1  3.64608E+11 0.03609 
   94   94    1    1    1    1    1    1    1    1  1.83035E+11 0.04063 
   95   95    1    1    1    1    1    1    1    1  9.15130E+10 0.07799 
   96   96    1    1    1    1    1    1    1    1  3.90528E+10 0.09502 
   97   97    1    1    1    1    1    1    1    1  2.40079E+10 0.15420 
   98   98    1    1    1    1    1    1    1    1  8.63292E+09 0.27661 
   99   99    1    1    1    1    1    1    1    1  4.99459E+09 0.31592 
  100  100    1    1    1    1    1    1    1    1  3.01700E+09 0.40344 
];


