
DETdpaspec = [
    1    1    1    1    1    1    1    1    1    1  0.00000E+00 0.00000 
    2    2    1    1    1    1    1    1    1    1  0.00000E+00 0.00000 
    3    3    1    1    1    1    1    1    1    1  0.00000E+00 0.00000 
    4    4    1    1    1    1    1    1    1    1  0.00000E+00 0.00000 
    5    5    1    1    1    1    1    1    1    1  0.00000E+00 0.00000 
    6    6    1    1    1    1    1    1    1    1  0.00000E+00 0.00000 
    7    7    1    1    1    1    1    1    1    1  0.00000E+00 0.00000 
    8    8    1    1    1    1    1    1    1    1  0.00000E+00 0.00000 
    9    9    1    1    1    1    1    1    1    1  0.00000E+00 0.00000 
   10   10    1    1    1    1    1    1    1    1  0.00000E+00 0.00000 
   11   11    1    1    1    1    1    1    1    1  4.52001E+07 1.00000 
   12   12    1    1    1    1    1    1    1    1  0.00000E+00 0.00000 
   13   13    1    1    1    1    1    1    1    1  6.00255E+08 0.63496 
   14   14    1    1    1    1    1    1    1    1  2.51132E+09 0.47629 
   15   15    1    1    1    1    1    1    1    1  1.10729E+09 0.60892 
   16   16    1    1    1    1    1    1    1    1  1.09352E+09 0.31916 
   17   17    1    1    1    1    1    1    1    1  2.87048E+09 0.40258 
   18   18    1    1    1    1    1    1    1    1  5.87763E+09 0.22766 
   19   19    1    1    1    1    1    1    1    1  6.27388E+09 0.13911 
   20   20    1    1    1    1    1    1    1    1  3.05128E+10 0.12719 
   21   21    1    1    1    1    1    1    1    1  1.78346E+10 0.09997 
   22   22    1    1    1    1    1    1    1    1  4.27598E+10 0.09160 
   23   23    1    1    1    1    1    1    1    1  5.79078E+10 0.06467 
   24   24    1    1    1    1    1    1    1    1  8.95702E+10 0.06750 
   25   25    1    1    1    1    1    1    1    1  1.29050E+11 0.04658 
   26   26    1    1    1    1    1    1    1    1  1.96080E+11 0.04034 
   27   27    1    1    1    1    1    1    1    1  3.37470E+11 0.03875 
   28   28    1    1    1    1    1    1    1    1  7.65713E+11 0.02409 
   29   29    1    1    1    1    1    1    1    1  1.22480E+12 0.01735 
   30   30    1    1    1    1    1    1    1    1  3.54646E+12 0.01041 
   31   31    1    1    1    1    1    1    1    1  1.08079E+13 0.00853 
   32   32    1    1    1    1    1    1    1    1  2.01776E+13 0.00548 
   33   33    1    1    1    1    1    1    1    1  4.80906E+13 0.00377 
   34   34    1    1    1    1    1    1    1    1  6.73823E+13 0.00295 
   35   35    1    1    1    1    1    1    1    1  8.93343E+13 0.00202 
   36   36    1    1    1    1    1    1    1    1  6.12184E+13 0.00231 
   37   37    1    1    1    1    1    1    1    1  1.88211E+13 0.00279 
   38   38    1    1    1    1    1    1    1    1  1.04846E+14 0.00232 
   39   39    1    1    1    1    1    1    1    1  1.41424E+14 0.00182 
   40   40    1    1    1    1    1    1    1    1  2.43458E+14 0.00167 
   41   41    1    1    1    1    1    1    1    1  2.46747E+14 0.00117 
   42   42    1    1    1    1    1    1    1    1  5.25644E+14 0.00125 
   43   43    1    1    1    1    1    1    1    1  6.37503E+14 0.00097 
   44   44    1    1    1    1    1    1    1    1  9.21915E+14 0.00097 
   45   45    1    1    1    1    1    1    1    1  1.83881E+15 0.00078 
   46   46    1    1    1    1    1    1    1    1  8.67253E+14 0.00060 
   47   47    1    1    1    1    1    1    1    1  1.39904E+15 0.00080 
   48   48    1    1    1    1    1    1    1    1  1.96197E+15 0.00084 
   49   49    1    1    1    1    1    1    1    1  1.94315E+15 0.00084 
   50   50    1    1    1    1    1    1    1    1  3.04061E+15 0.00076 
   51   51    1    1    1    1    1    1    1    1  2.43183E+15 0.00065 
   52   52    1    1    1    1    1    1    1    1  2.89460E+15 0.00070 
   53   53    1    1    1    1    1    1    1    1  2.01846E+15 0.00072 
   54   54    1    1    1    1    1    1    1    1  2.46934E+15 0.00075 
   55   55    1    1    1    1    1    1    1    1  1.70563E+15 0.00078 
   56   56    1    1    1    1    1    1    1    1  2.32617E+14 0.00132 
   57   57    1    1    1    1    1    1    1    1  3.39763E+15 0.00071 
   58   58    1    1    1    1    1    1    1    1  1.51306E+15 0.00083 
   59   59    1    1    1    1    1    1    1    1  1.61234E+15 0.00085 
   60   60    1    1    1    1    1    1    1    1  1.25577E+15 0.00072 
   61   61    1    1    1    1    1    1    1    1  1.26004E+15 0.00090 
   62   62    1    1    1    1    1    1    1    1  1.31319E+15 0.00111 
   63   63    1    1    1    1    1    1    1    1  1.10488E+15 0.00104 
   64   64    1    1    1    1    1    1    1    1  8.80599E+14 0.00100 
   65   65    1    1    1    1    1    1    1    1  8.75864E+14 0.00085 
   66   66    1    1    1    1    1    1    1    1  6.33565E+14 0.00104 
   67   67    1    1    1    1    1    1    1    1  5.16866E+14 0.00095 
   68   68    1    1    1    1    1    1    1    1  4.65127E+14 0.00128 
   69   69    1    1    1    1    1    1    1    1  5.58454E+14 0.00121 
   70   70    1    1    1    1    1    1    1    1  4.75929E+14 0.00089 
   71   71    1    1    1    1    1    1    1    1  8.69899E+14 0.00132 
   72   72    1    1    1    1    1    1    1    1  6.16725E+14 0.00116 
   73   73    1    1    1    1    1    1    1    1  4.64280E+14 0.00110 
   74   74    1    1    1    1    1    1    1    1  3.72270E+14 0.00133 
   75   75    1    1    1    1    1    1    1    1  3.08927E+14 0.00167 
   76   76    1    1    1    1    1    1    1    1  3.56526E+14 0.00163 
   77   77    1    1    1    1    1    1    1    1  2.81427E+14 0.00184 
   78   78    1    1    1    1    1    1    1    1  2.23940E+14 0.00207 
   79   79    1    1    1    1    1    1    1    1  2.30596E+14 0.00154 
   80   80    1    1    1    1    1    1    1    1  1.71386E+14 0.00161 
   81   81    1    1    1    1    1    1    1    1  1.31909E+14 0.00253 
   82   82    1    1    1    1    1    1    1    1  1.00937E+14 0.00216 
   83   83    1    1    1    1    1    1    1    1  9.45099E+13 0.00208 
   84   84    1    1    1    1    1    1    1    1  6.82557E+13 0.00248 
   85   85    1    1    1    1    1    1    1    1  4.93617E+13 0.00271 
   86   86    1    1    1    1    1    1    1    1  4.59319E+13 0.00380 
   87   87    1    1    1    1    1    1    1    1  2.82360E+13 0.00559 
   88   88    1    1    1    1    1    1    1    1  1.91366E+13 0.00570 
   89   89    1    1    1    1    1    1    1    1  1.09939E+13 0.00814 
   90   90    1    1    1    1    1    1    1    1  7.27396E+12 0.01052 
   91   91    1    1    1    1    1    1    1    1  3.65747E+12 0.01092 
   92   92    1    1    1    1    1    1    1    1  1.74590E+12 0.01530 
   93   93    1    1    1    1    1    1    1    1  8.60137E+11 0.03042 
   94   94    1    1    1    1    1    1    1    1  4.15372E+11 0.03928 
   95   95    1    1    1    1    1    1    1    1  2.00053E+11 0.05133 
   96   96    1    1    1    1    1    1    1    1  9.36985E+10 0.07112 
   97   97    1    1    1    1    1    1    1    1  3.88544E+10 0.11363 
   98   98    1    1    1    1    1    1    1    1  2.46930E+10 0.15949 
   99   99    1    1    1    1    1    1    1    1  1.15301E+10 0.21741 
  100  100    1    1    1    1    1    1    1    1  1.44601E+10 0.26251 
];


