
DETdpaspec = [
    1    1    1    1    1    1    1    1    1    1  0.00000E+00 0.00000 
    2    2    1    1    1    1    1    1    1    1  0.00000E+00 0.00000 
    3    3    1    1    1    1    1    1    1    1  0.00000E+00 0.00000 
    4    4    1    1    1    1    1    1    1    1  0.00000E+00 0.00000 
    5    5    1    1    1    1    1    1    1    1  0.00000E+00 0.00000 
    6    6    1    1    1    1    1    1    1    1  0.00000E+00 0.00000 
    7    7    1    1    1    1    1    1    1    1  0.00000E+00 0.00000 
    8    8    1    1    1    1    1    1    1    1  0.00000E+00 0.00000 
    9    9    1    1    1    1    1    1    1    1  2.55422E+07 0.68893 
   10   10    1    1    1    1    1    1    1    1  1.25568E+08 1.00000 
   11   11    1    1    1    1    1    1    1    1  1.90241E+08 0.59790 
   12   12    1    1    1    1    1    1    1    1  1.04212E+07 0.88235 
   13   13    1    1    1    1    1    1    1    1  1.06294E+09 0.69403 
   14   14    1    1    1    1    1    1    1    1  2.28918E+09 0.41552 
   15   15    1    1    1    1    1    1    1    1  2.24837E+09 0.31272 
   16   16    1    1    1    1    1    1    1    1  1.18878E+09 0.29882 
   17   17    1    1    1    1    1    1    1    1  1.68449E+09 0.27416 
   18   18    1    1    1    1    1    1    1    1  5.49983E+09 0.19391 
   19   19    1    1    1    1    1    1    1    1  6.84424E+09 0.18151 
   20   20    1    1    1    1    1    1    1    1  1.83785E+10 0.16959 
   21   21    1    1    1    1    1    1    1    1  1.30427E+10 0.16059 
   22   22    1    1    1    1    1    1    1    1  4.01778E+10 0.08165 
   23   23    1    1    1    1    1    1    1    1  5.27917E+10 0.07987 
   24   24    1    1    1    1    1    1    1    1  1.02543E+11 0.06002 
   25   25    1    1    1    1    1    1    1    1  1.26858E+11 0.06199 
   26   26    1    1    1    1    1    1    1    1  2.03697E+11 0.04570 
   27   27    1    1    1    1    1    1    1    1  3.52884E+11 0.04199 
   28   28    1    1    1    1    1    1    1    1  7.07420E+11 0.02249 
   29   29    1    1    1    1    1    1    1    1  1.01713E+12 0.02404 
   30   30    1    1    1    1    1    1    1    1  2.97336E+12 0.01399 
   31   31    1    1    1    1    1    1    1    1  9.33514E+12 0.00789 
   32   32    1    1    1    1    1    1    1    1  1.78414E+13 0.00607 
   33   33    1    1    1    1    1    1    1    1  4.15961E+13 0.00387 
   34   34    1    1    1    1    1    1    1    1  5.68595E+13 0.00303 
   35   35    1    1    1    1    1    1    1    1  7.86267E+13 0.00357 
   36   36    1    1    1    1    1    1    1    1  5.47110E+13 0.00328 
   37   37    1    1    1    1    1    1    1    1  1.70940E+13 0.00283 
   38   38    1    1    1    1    1    1    1    1  9.39255E+13 0.00256 
   39   39    1    1    1    1    1    1    1    1  1.26179E+14 0.00209 
   40   40    1    1    1    1    1    1    1    1  2.15504E+14 0.00170 
   41   41    1    1    1    1    1    1    1    1  2.21337E+14 0.00176 
   42   42    1    1    1    1    1    1    1    1  4.65249E+14 0.00139 
   43   43    1    1    1    1    1    1    1    1  5.62028E+14 0.00133 
   44   44    1    1    1    1    1    1    1    1  8.11478E+14 0.00104 
   45   45    1    1    1    1    1    1    1    1  1.59905E+15 0.00089 
   46   46    1    1    1    1    1    1    1    1  7.58340E+14 0.00099 
   47   47    1    1    1    1    1    1    1    1  1.22709E+15 0.00118 
   48   48    1    1    1    1    1    1    1    1  1.71562E+15 0.00090 
   49   49    1    1    1    1    1    1    1    1  1.70114E+15 0.00097 
   50   50    1    1    1    1    1    1    1    1  2.63567E+15 0.00099 
   51   51    1    1    1    1    1    1    1    1  2.12264E+15 0.00102 
   52   52    1    1    1    1    1    1    1    1  2.49234E+15 0.00079 
   53   53    1    1    1    1    1    1    1    1  1.74156E+15 0.00087 
   54   54    1    1    1    1    1    1    1    1  2.10887E+15 0.00087 
   55   55    1    1    1    1    1    1    1    1  1.45797E+15 0.00090 
   56   56    1    1    1    1    1    1    1    1  1.98828E+14 0.00108 
   57   57    1    1    1    1    1    1    1    1  2.90108E+15 0.00090 
   58   58    1    1    1    1    1    1    1    1  1.27388E+15 0.00087 
   59   59    1    1    1    1    1    1    1    1  1.36212E+15 0.00146 
   60   60    1    1    1    1    1    1    1    1  1.04926E+15 0.00117 
   61   61    1    1    1    1    1    1    1    1  1.05596E+15 0.00111 
   62   62    1    1    1    1    1    1    1    1  1.09808E+15 0.00100 
   63   63    1    1    1    1    1    1    1    1  9.20626E+14 0.00113 
   64   64    1    1    1    1    1    1    1    1  7.31890E+14 0.00112 
   65   65    1    1    1    1    1    1    1    1  7.26475E+14 0.00132 
   66   66    1    1    1    1    1    1    1    1  5.25832E+14 0.00142 
   67   67    1    1    1    1    1    1    1    1  4.30161E+14 0.00180 
   68   68    1    1    1    1    1    1    1    1  3.86812E+14 0.00168 
   69   69    1    1    1    1    1    1    1    1  4.64431E+14 0.00140 
   70   70    1    1    1    1    1    1    1    1  3.96296E+14 0.00170 
   71   71    1    1    1    1    1    1    1    1  7.26178E+14 0.00136 
   72   72    1    1    1    1    1    1    1    1  5.17154E+14 0.00161 
   73   73    1    1    1    1    1    1    1    1  3.89449E+14 0.00161 
   74   74    1    1    1    1    1    1    1    1  3.09337E+14 0.00210 
   75   75    1    1    1    1    1    1    1    1  2.54793E+14 0.00160 
   76   76    1    1    1    1    1    1    1    1  2.91960E+14 0.00228 
   77   77    1    1    1    1    1    1    1    1  2.29833E+14 0.00213 
   78   78    1    1    1    1    1    1    1    1  1.80876E+14 0.00134 
   79   79    1    1    1    1    1    1    1    1  1.85657E+14 0.00234 
   80   80    1    1    1    1    1    1    1    1  1.37220E+14 0.00233 
   81   81    1    1    1    1    1    1    1    1  1.05427E+14 0.00315 
   82   82    1    1    1    1    1    1    1    1  8.06970E+13 0.00219 
   83   83    1    1    1    1    1    1    1    1  7.56878E+13 0.00320 
   84   84    1    1    1    1    1    1    1    1  5.43440E+13 0.00222 
   85   85    1    1    1    1    1    1    1    1  3.93512E+13 0.00407 
   86   86    1    1    1    1    1    1    1    1  3.64983E+13 0.00380 
   87   87    1    1    1    1    1    1    1    1  2.28289E+13 0.00549 
   88   88    1    1    1    1    1    1    1    1  1.52690E+13 0.00730 
   89   89    1    1    1    1    1    1    1    1  8.75622E+12 0.00775 
   90   90    1    1    1    1    1    1    1    1  5.82798E+12 0.00822 
   91   91    1    1    1    1    1    1    1    1  2.97683E+12 0.01208 
   92   92    1    1    1    1    1    1    1    1  1.42466E+12 0.01941 
   93   93    1    1    1    1    1    1    1    1  6.88544E+11 0.03023 
   94   94    1    1    1    1    1    1    1    1  3.38773E+11 0.02742 
   95   95    1    1    1    1    1    1    1    1  1.59922E+11 0.05644 
   96   96    1    1    1    1    1    1    1    1  8.00950E+10 0.13030 
   97   97    1    1    1    1    1    1    1    1  3.55406E+10 0.14377 
   98   98    1    1    1    1    1    1    1    1  2.66843E+10 0.16504 
   99   99    1    1    1    1    1    1    1    1  9.97378E+09 0.27825 
  100  100    1    1    1    1    1    1    1    1  6.28433E+09 0.23917 
];


