
DETdpaspec = [
    1    1    1    1    1    1    1    1    1    1  0.00000E+00 0.00000 
    2    2    1    1    1    1    1    1    1    1  0.00000E+00 0.00000 
    3    3    1    1    1    1    1    1    1    1  0.00000E+00 0.00000 
    4    4    1    1    1    1    1    1    1    1  0.00000E+00 0.00000 
    5    5    1    1    1    1    1    1    1    1  0.00000E+00 0.00000 
    6    6    1    1    1    1    1    1    1    1  0.00000E+00 0.00000 
    7    7    1    1    1    1    1    1    1    1  0.00000E+00 0.00000 
    8    8    1    1    1    1    1    1    1    1  0.00000E+00 0.00000 
    9    9    1    1    1    1    1    1    1    1  0.00000E+00 0.00000 
   10   10    1    1    1    1    1    1    1    1  2.98548E+07 1.00000 
   11   11    1    1    1    1    1    1    1    1  7.06275E+07 1.00000 
   12   12    1    1    1    1    1    1    1    1  0.00000E+00 0.00000 
   13   13    1    1    1    1    1    1    1    1  1.68371E+09 0.48281 
   14   14    1    1    1    1    1    1    1    1  3.45826E+09 0.44891 
   15   15    1    1    1    1    1    1    1    1  2.52475E+09 0.44181 
   16   16    1    1    1    1    1    1    1    1  9.90461E+08 0.52321 
   17   17    1    1    1    1    1    1    1    1  2.67241E+09 0.30084 
   18   18    1    1    1    1    1    1    1    1  3.07049E+09 0.50297 
   19   19    1    1    1    1    1    1    1    1  5.77112E+09 0.29677 
   20   20    1    1    1    1    1    1    1    1  1.92128E+10 0.20681 
   21   21    1    1    1    1    1    1    1    1  1.27598E+10 0.13915 
   22   22    1    1    1    1    1    1    1    1  2.31068E+10 0.11756 
   23   23    1    1    1    1    1    1    1    1  4.87712E+10 0.07376 
   24   24    1    1    1    1    1    1    1    1  1.02382E+11 0.06624 
   25   25    1    1    1    1    1    1    1    1  1.48709E+11 0.06082 
   26   26    1    1    1    1    1    1    1    1  3.12250E+11 0.03975 
   27   27    1    1    1    1    1    1    1    1  7.01653E+11 0.02875 
   28   28    1    1    1    1    1    1    1    1  1.74511E+12 0.01546 
   29   29    1    1    1    1    1    1    1    1  3.19430E+12 0.01363 
   30   30    1    1    1    1    1    1    1    1  7.92361E+12 0.00999 
   31   31    1    1    1    1    1    1    1    1  2.14920E+13 0.00531 
   32   32    1    1    1    1    1    1    1    1  3.65670E+13 0.00401 
   33   33    1    1    1    1    1    1    1    1  8.28383E+13 0.00364 
   34   34    1    1    1    1    1    1    1    1  1.12389E+14 0.00268 
   35   35    1    1    1    1    1    1    1    1  1.30162E+14 0.00182 
   36   36    1    1    1    1    1    1    1    1  8.33754E+13 0.00196 
   37   37    1    1    1    1    1    1    1    1  2.47966E+13 0.00220 
   38   38    1    1    1    1    1    1    1    1  1.41617E+14 0.00175 
   39   39    1    1    1    1    1    1    1    1  1.90081E+14 0.00176 
   40   40    1    1    1    1    1    1    1    1  3.26416E+14 0.00135 
   41   41    1    1    1    1    1    1    1    1  3.20541E+14 0.00129 
   42   42    1    1    1    1    1    1    1    1  6.87311E+14 0.00090 
   43   43    1    1    1    1    1    1    1    1  8.29406E+14 0.00080 
   44   44    1    1    1    1    1    1    1    1  1.19121E+15 0.00087 
   45   45    1    1    1    1    1    1    1    1  2.36966E+15 0.00084 
   46   46    1    1    1    1    1    1    1    1  1.09071E+15 0.00081 
   47   47    1    1    1    1    1    1    1    1  1.73693E+15 0.00069 
   48   48    1    1    1    1    1    1    1    1  2.41476E+15 0.00071 
   49   49    1    1    1    1    1    1    1    1  2.36559E+15 0.00064 
   50   50    1    1    1    1    1    1    1    1  3.72023E+15 0.00054 
   51   51    1    1    1    1    1    1    1    1  2.91393E+15 0.00057 
   52   52    1    1    1    1    1    1    1    1  3.50799E+15 0.00058 
   53   53    1    1    1    1    1    1    1    1  2.42359E+15 0.00058 
   54   54    1    1    1    1    1    1    1    1  3.00816E+15 0.00047 
   55   55    1    1    1    1    1    1    1    1  2.06623E+15 0.00048 
   56   56    1    1    1    1    1    1    1    1  2.79969E+14 0.00100 
   57   57    1    1    1    1    1    1    1    1  4.09158E+15 0.00053 
   58   58    1    1    1    1    1    1    1    1  1.85784E+15 0.00059 
   59   59    1    1    1    1    1    1    1    1  1.96460E+15 0.00057 
   60   60    1    1    1    1    1    1    1    1  1.55030E+15 0.00060 
   61   61    1    1    1    1    1    1    1    1  1.54777E+15 0.00080 
   62   62    1    1    1    1    1    1    1    1  1.61319E+15 0.00073 
   63   63    1    1    1    1    1    1    1    1  1.36140E+15 0.00073 
   64   64    1    1    1    1    1    1    1    1  1.08164E+15 0.00075 
   65   65    1    1    1    1    1    1    1    1  1.07406E+15 0.00085 
   66   66    1    1    1    1    1    1    1    1  7.77112E+14 0.00101 
   67   67    1    1    1    1    1    1    1    1  6.30637E+14 0.00094 
   68   68    1    1    1    1    1    1    1    1  5.64322E+14 0.00087 
   69   69    1    1    1    1    1    1    1    1  6.76654E+14 0.00099 
   70   70    1    1    1    1    1    1    1    1  5.73302E+14 0.00072 
   71   71    1    1    1    1    1    1    1    1  1.03235E+15 0.00073 
   72   72    1    1    1    1    1    1    1    1  7.27979E+14 0.00082 
   73   73    1    1    1    1    1    1    1    1  5.49703E+14 0.00136 
   74   74    1    1    1    1    1    1    1    1  4.45937E+14 0.00118 
   75   75    1    1    1    1    1    1    1    1  3.73819E+14 0.00121 
   76   76    1    1    1    1    1    1    1    1  4.36985E+14 0.00114 
   77   77    1    1    1    1    1    1    1    1  3.49273E+14 0.00116 
   78   78    1    1    1    1    1    1    1    1  2.79742E+14 0.00157 
   79   79    1    1    1    1    1    1    1    1  2.90328E+14 0.00141 
   80   80    1    1    1    1    1    1    1    1  2.15149E+14 0.00158 
   81   81    1    1    1    1    1    1    1    1  1.66404E+14 0.00175 
   82   82    1    1    1    1    1    1    1    1  1.27711E+14 0.00206 
   83   83    1    1    1    1    1    1    1    1  1.19882E+14 0.00211 
   84   84    1    1    1    1    1    1    1    1  8.62540E+13 0.00237 
   85   85    1    1    1    1    1    1    1    1  6.17387E+13 0.00337 
   86   86    1    1    1    1    1    1    1    1  5.83311E+13 0.00263 
   87   87    1    1    1    1    1    1    1    1  3.55952E+13 0.00401 
   88   88    1    1    1    1    1    1    1    1  2.39111E+13 0.00585 
   89   89    1    1    1    1    1    1    1    1  1.36080E+13 0.00640 
   90   90    1    1    1    1    1    1    1    1  9.07596E+12 0.00808 
   91   91    1    1    1    1    1    1    1    1  4.52322E+12 0.01113 
   92   92    1    1    1    1    1    1    1    1  2.17713E+12 0.01436 
   93   93    1    1    1    1    1    1    1    1  1.05347E+12 0.02460 
   94   94    1    1    1    1    1    1    1    1  4.90820E+11 0.03338 
   95   95    1    1    1    1    1    1    1    1  2.51241E+11 0.04997 
   96   96    1    1    1    1    1    1    1    1  1.01213E+11 0.05076 
   97   97    1    1    1    1    1    1    1    1  5.48872E+10 0.09521 
   98   98    1    1    1    1    1    1    1    1  1.98103E+10 0.12860 
   99   99    1    1    1    1    1    1    1    1  1.30036E+10 0.28905 
  100  100    1    1    1    1    1    1    1    1  8.57030E+09 0.23516 
];


