
DETdpaspec = [
    1    1    1    1    1    1    1    1    1    1  0.00000E+00 0.00000 
    2    2    1    1    1    1    1    1    1    1  0.00000E+00 0.00000 
    3    3    1    1    1    1    1    1    1    1  0.00000E+00 0.00000 
    4    4    1    1    1    1    1    1    1    1  0.00000E+00 0.00000 
    5    5    1    1    1    1    1    1    1    1  0.00000E+00 0.00000 
    6    6    1    1    1    1    1    1    1    1  0.00000E+00 0.00000 
    7    7    1    1    1    1    1    1    1    1  0.00000E+00 0.00000 
    8    8    1    1    1    1    1    1    1    1  1.85833E+07 1.00000 
    9    9    1    1    1    1    1    1    1    1  3.15559E+07 0.70233 
   10   10    1    1    1    1    1    1    1    1  6.06064E+07 1.00000 
   11   11    1    1    1    1    1    1    1    1  0.00000E+00 0.00000 
   12   12    1    1    1    1    1    1    1    1  0.00000E+00 0.00000 
   13   13    1    1    1    1    1    1    1    1  1.85192E+08 0.71352 
   14   14    1    1    1    1    1    1    1    1  1.53247E+09 0.55877 
   15   15    1    1    1    1    1    1    1    1  1.88854E+09 0.50825 
   16   16    1    1    1    1    1    1    1    1  4.30705E+08 0.41959 
   17   17    1    1    1    1    1    1    1    1  3.25274E+09 0.29748 
   18   18    1    1    1    1    1    1    1    1  6.78026E+09 0.30940 
   19   19    1    1    1    1    1    1    1    1  4.12783E+09 0.29118 
   20   20    1    1    1    1    1    1    1    1  1.87816E+10 0.22440 
   21   21    1    1    1    1    1    1    1    1  1.36158E+10 0.12507 
   22   22    1    1    1    1    1    1    1    1  2.75262E+10 0.14008 
   23   23    1    1    1    1    1    1    1    1  4.10770E+10 0.10057 
   24   24    1    1    1    1    1    1    1    1  8.80422E+10 0.07152 
   25   25    1    1    1    1    1    1    1    1  1.31919E+11 0.07584 
   26   26    1    1    1    1    1    1    1    1  2.48745E+11 0.05018 
   27   27    1    1    1    1    1    1    1    1  5.21870E+11 0.03505 
   28   28    1    1    1    1    1    1    1    1  1.25131E+12 0.01732 
   29   29    1    1    1    1    1    1    1    1  2.27690E+12 0.01666 
   30   30    1    1    1    1    1    1    1    1  5.81612E+12 0.01192 
   31   31    1    1    1    1    1    1    1    1  1.68686E+13 0.00693 
   32   32    1    1    1    1    1    1    1    1  2.99268E+13 0.00518 
   33   33    1    1    1    1    1    1    1    1  6.95764E+13 0.00295 
   34   34    1    1    1    1    1    1    1    1  9.57215E+13 0.00232 
   35   35    1    1    1    1    1    1    1    1  1.15672E+14 0.00231 
   36   36    1    1    1    1    1    1    1    1  7.56790E+13 0.00201 
   37   37    1    1    1    1    1    1    1    1  2.26954E+13 0.00193 
   38   38    1    1    1    1    1    1    1    1  1.28943E+14 0.00191 
   39   39    1    1    1    1    1    1    1    1  1.73206E+14 0.00178 
   40   40    1    1    1    1    1    1    1    1  2.98343E+14 0.00190 
   41   41    1    1    1    1    1    1    1    1  2.95708E+14 0.00183 
   42   42    1    1    1    1    1    1    1    1  6.37096E+14 0.00143 
   43   43    1    1    1    1    1    1    1    1  7.70640E+14 0.00126 
   44   44    1    1    1    1    1    1    1    1  1.11159E+15 0.00120 
   45   45    1    1    1    1    1    1    1    1  2.21942E+15 0.00083 
   46   46    1    1    1    1    1    1    1    1  1.03179E+15 0.00076 
   47   47    1    1    1    1    1    1    1    1  1.64961E+15 0.00055 
   48   48    1    1    1    1    1    1    1    1  2.30263E+15 0.00067 
   49   49    1    1    1    1    1    1    1    1  2.26669E+15 0.00090 
   50   50    1    1    1    1    1    1    1    1  3.56437E+15 0.00060 
   51   51    1    1    1    1    1    1    1    1  2.81072E+15 0.00064 
   52   52    1    1    1    1    1    1    1    1  3.37957E+15 0.00068 
   53   53    1    1    1    1    1    1    1    1  2.34494E+15 0.00065 
   54   54    1    1    1    1    1    1    1    1  2.90611E+15 0.00050 
   55   55    1    1    1    1    1    1    1    1  1.99821E+15 0.00068 
   56   56    1    1    1    1    1    1    1    1  2.70971E+14 0.00108 
   57   57    1    1    1    1    1    1    1    1  3.96921E+15 0.00065 
   58   58    1    1    1    1    1    1    1    1  1.79492E+15 0.00075 
   59   59    1    1    1    1    1    1    1    1  1.90421E+15 0.00068 
   60   60    1    1    1    1    1    1    1    1  1.49929E+15 0.00085 
   61   61    1    1    1    1    1    1    1    1  1.49968E+15 0.00088 
   62   62    1    1    1    1    1    1    1    1  1.56324E+15 0.00074 
   63   63    1    1    1    1    1    1    1    1  1.32016E+15 0.00070 
   64   64    1    1    1    1    1    1    1    1  1.05045E+15 0.00081 
   65   65    1    1    1    1    1    1    1    1  1.04428E+15 0.00081 
   66   66    1    1    1    1    1    1    1    1  7.55940E+14 0.00075 
   67   67    1    1    1    1    1    1    1    1  6.14114E+14 0.00071 
   68   68    1    1    1    1    1    1    1    1  5.50059E+14 0.00086 
   69   69    1    1    1    1    1    1    1    1  6.59273E+14 0.00070 
   70   70    1    1    1    1    1    1    1    1  5.59963E+14 0.00100 
   71   71    1    1    1    1    1    1    1    1  1.01151E+15 0.00107 
   72   72    1    1    1    1    1    1    1    1  7.15151E+14 0.00116 
   73   73    1    1    1    1    1    1    1    1  5.40493E+14 0.00091 
   74   74    1    1    1    1    1    1    1    1  4.37591E+14 0.00135 
   75   75    1    1    1    1    1    1    1    1  3.66075E+14 0.00148 
   76   76    1    1    1    1    1    1    1    1  4.27500E+14 0.00134 
   77   77    1    1    1    1    1    1    1    1  3.40422E+14 0.00117 
   78   78    1    1    1    1    1    1    1    1  2.72824E+14 0.00135 
   79   79    1    1    1    1    1    1    1    1  2.81988E+14 0.00158 
   80   80    1    1    1    1    1    1    1    1  2.09472E+14 0.00154 
   81   81    1    1    1    1    1    1    1    1  1.61910E+14 0.00173 
   82   82    1    1    1    1    1    1    1    1  1.24781E+14 0.00168 
   83   83    1    1    1    1    1    1    1    1  1.16168E+14 0.00214 
   84   84    1    1    1    1    1    1    1    1  8.35634E+13 0.00236 
   85   85    1    1    1    1    1    1    1    1  6.04312E+13 0.00356 
   86   86    1    1    1    1    1    1    1    1  5.64979E+13 0.00262 
   87   87    1    1    1    1    1    1    1    1  3.46000E+13 0.00321 
   88   88    1    1    1    1    1    1    1    1  2.32257E+13 0.00462 
   89   89    1    1    1    1    1    1    1    1  1.32723E+13 0.00740 
   90   90    1    1    1    1    1    1    1    1  8.85291E+12 0.00781 
   91   91    1    1    1    1    1    1    1    1  4.44096E+12 0.00909 
   92   92    1    1    1    1    1    1    1    1  2.09574E+12 0.01607 
   93   93    1    1    1    1    1    1    1    1  1.05358E+12 0.02104 
   94   94    1    1    1    1    1    1    1    1  4.96783E+11 0.03340 
   95   95    1    1    1    1    1    1    1    1  2.35145E+11 0.04862 
   96   96    1    1    1    1    1    1    1    1  1.14306E+11 0.06520 
   97   97    1    1    1    1    1    1    1    1  4.40924E+10 0.07604 
   98   98    1    1    1    1    1    1    1    1  2.42765E+10 0.18009 
   99   99    1    1    1    1    1    1    1    1  1.14166E+10 0.22859 
  100  100    1    1    1    1    1    1    1    1  1.25830E+10 0.19271 
];


