
DETdpaspec = [
    1    1    1    1    1    1    1    1    1    1  0.00000E+00 0.00000 
    2    2    1    1    1    1    1    1    1    1  0.00000E+00 0.00000 
    3    3    1    1    1    1    1    1    1    1  0.00000E+00 0.00000 
    4    4    1    1    1    1    1    1    1    1  0.00000E+00 0.00000 
    5    5    1    1    1    1    1    1    1    1  0.00000E+00 0.00000 
    6    6    1    1    1    1    1    1    1    1  1.09006E+07 1.00000 
    7    7    1    1    1    1    1    1    1    1  0.00000E+00 0.00000 
    8    8    1    1    1    1    1    1    1    1  0.00000E+00 0.00000 
    9    9    1    1    1    1    1    1    1    1  1.10356E+08 0.58166 
   10   10    1    1    1    1    1    1    1    1  1.65922E+08 0.54844 
   11   11    1    1    1    1    1    1    1    1  4.69747E+08 0.77274 
   12   12    1    1    1    1    1    1    1    1  4.41526E+07 1.00000 
   13   13    1    1    1    1    1    1    1    1  2.11656E+09 0.38918 
   14   14    1    1    1    1    1    1    1    1  3.74711E+09 0.39769 
   15   15    1    1    1    1    1    1    1    1  5.63680E+09 0.34566 
   16   16    1    1    1    1    1    1    1    1  3.50973E+09 0.28550 
   17   17    1    1    1    1    1    1    1    1  3.48504E+09 0.24029 
   18   18    1    1    1    1    1    1    1    1  1.05566E+10 0.19739 
   19   19    1    1    1    1    1    1    1    1  1.29401E+10 0.16779 
   20   20    1    1    1    1    1    1    1    1  3.38960E+10 0.12181 
   21   21    1    1    1    1    1    1    1    1  2.73416E+10 0.11561 
   22   22    1    1    1    1    1    1    1    1  7.56982E+10 0.09966 
   23   23    1    1    1    1    1    1    1    1  1.03335E+11 0.05543 
   24   24    1    1    1    1    1    1    1    1  1.84784E+11 0.06229 
   25   25    1    1    1    1    1    1    1    1  2.26599E+11 0.03739 
   26   26    1    1    1    1    1    1    1    1  3.57237E+11 0.03853 
   27   27    1    1    1    1    1    1    1    1  6.42621E+11 0.02663 
   28   28    1    1    1    1    1    1    1    1  1.23865E+12 0.02149 
   29   29    1    1    1    1    1    1    1    1  1.92188E+12 0.02009 
   30   30    1    1    1    1    1    1    1    1  5.67029E+12 0.01082 
   31   31    1    1    1    1    1    1    1    1  1.70213E+13 0.00727 
   32   32    1    1    1    1    1    1    1    1  3.15196E+13 0.00639 
   33   33    1    1    1    1    1    1    1    1  7.15257E+13 0.00438 
   34   34    1    1    1    1    1    1    1    1  9.62298E+13 0.00313 
   35   35    1    1    1    1    1    1    1    1  1.35804E+14 0.00256 
   36   36    1    1    1    1    1    1    1    1  9.59446E+13 0.00249 
   37   37    1    1    1    1    1    1    1    1  3.01154E+13 0.00263 
   38   38    1    1    1    1    1    1    1    1  1.63620E+14 0.00235 
   39   39    1    1    1    1    1    1    1    1  2.18910E+14 0.00243 
   40   40    1    1    1    1    1    1    1    1  3.70929E+14 0.00181 
   41   41    1    1    1    1    1    1    1    1  3.80793E+14 0.00189 
   42   42    1    1    1    1    1    1    1    1  7.85997E+14 0.00153 
   43   43    1    1    1    1    1    1    1    1  9.38597E+14 0.00130 
   44   44    1    1    1    1    1    1    1    1  1.33598E+15 0.00106 
   45   45    1    1    1    1    1    1    1    1  2.59391E+15 0.00097 
   46   46    1    1    1    1    1    1    1    1  1.23605E+15 0.00112 
   47   47    1    1    1    1    1    1    1    1  1.98407E+15 0.00105 
   48   48    1    1    1    1    1    1    1    1  2.76516E+15 0.00136 
   49   49    1    1    1    1    1    1    1    1  2.71947E+15 0.00115 
   50   50    1    1    1    1    1    1    1    1  4.18126E+15 0.00114 
   51   51    1    1    1    1    1    1    1    1  3.36932E+15 0.00146 
   52   52    1    1    1    1    1    1    1    1  3.91754E+15 0.00107 
   53   53    1    1    1    1    1    1    1    1  2.73846E+15 0.00115 
   54   54    1    1    1    1    1    1    1    1  3.29404E+15 0.00089 
   55   55    1    1    1    1    1    1    1    1  2.27901E+15 0.00107 
   56   56    1    1    1    1    1    1    1    1  3.12035E+14 0.00144 
   57   57    1    1    1    1    1    1    1    1  4.52495E+15 0.00104 
   58   58    1    1    1    1    1    1    1    1  1.97080E+15 0.00095 
   59   59    1    1    1    1    1    1    1    1  2.10866E+15 0.00091 
   60   60    1    1    1    1    1    1    1    1  1.61684E+15 0.00098 
   61   61    1    1    1    1    1    1    1    1  1.62563E+15 0.00101 
   62   62    1    1    1    1    1    1    1    1  1.68521E+15 0.00083 
   63   63    1    1    1    1    1    1    1    1  1.40777E+15 0.00099 
   64   64    1    1    1    1    1    1    1    1  1.11898E+15 0.00108 
   65   65    1    1    1    1    1    1    1    1  1.10685E+15 0.00136 
   66   66    1    1    1    1    1    1    1    1  8.04570E+14 0.00121 
   67   67    1    1    1    1    1    1    1    1  6.59469E+14 0.00161 
   68   68    1    1    1    1    1    1    1    1  5.92922E+14 0.00161 
   69   69    1    1    1    1    1    1    1    1  7.10834E+14 0.00138 
   70   70    1    1    1    1    1    1    1    1  6.07229E+14 0.00177 
   71   71    1    1    1    1    1    1    1    1  1.12074E+15 0.00143 
   72   72    1    1    1    1    1    1    1    1  7.96461E+14 0.00167 
   73   73    1    1    1    1    1    1    1    1  5.97993E+14 0.00208 
   74   74    1    1    1    1    1    1    1    1  4.76493E+14 0.00207 
   75   75    1    1    1    1    1    1    1    1  3.88950E+14 0.00200 
   76   76    1    1    1    1    1    1    1    1  4.45920E+14 0.00158 
   77   77    1    1    1    1    1    1    1    1  3.47225E+14 0.00218 
   78   78    1    1    1    1    1    1    1    1  2.72566E+14 0.00225 
   79   79    1    1    1    1    1    1    1    1  2.79417E+14 0.00171 
   80   80    1    1    1    1    1    1    1    1  2.06477E+14 0.00187 
   81   81    1    1    1    1    1    1    1    1  1.58534E+14 0.00287 
   82   82    1    1    1    1    1    1    1    1  1.22146E+14 0.00319 
   83   83    1    1    1    1    1    1    1    1  1.13953E+14 0.00278 
   84   84    1    1    1    1    1    1    1    1  8.18111E+13 0.00328 
   85   85    1    1    1    1    1    1    1    1  5.86198E+13 0.00473 
   86   86    1    1    1    1    1    1    1    1  5.48831E+13 0.00383 
   87   87    1    1    1    1    1    1    1    1  3.41951E+13 0.00611 
   88   88    1    1    1    1    1    1    1    1  2.31259E+13 0.00644 
   89   89    1    1    1    1    1    1    1    1  1.33353E+13 0.00862 
   90   90    1    1    1    1    1    1    1    1  8.76449E+12 0.00990 
   91   91    1    1    1    1    1    1    1    1  4.41144E+12 0.01929 
   92   92    1    1    1    1    1    1    1    1  2.13738E+12 0.01528 
   93   93    1    1    1    1    1    1    1    1  1.06221E+12 0.03570 
   94   94    1    1    1    1    1    1    1    1  4.81112E+11 0.04298 
   95   95    1    1    1    1    1    1    1    1  2.19085E+11 0.05433 
   96   96    1    1    1    1    1    1    1    1  1.38490E+11 0.08373 
   97   97    1    1    1    1    1    1    1    1  5.17867E+10 0.12873 
   98   98    1    1    1    1    1    1    1    1  2.66801E+10 0.16543 
   99   99    1    1    1    1    1    1    1    1  8.22398E+09 0.21812 
  100  100    1    1    1    1    1    1    1    1  1.48135E+10 0.31269 
];


