
DETdpaspec = [
    1    1    1    1    1    1    1    1    1    1  0.00000E+00 0.00000 
    2    2    1    1    1    1    1    1    1    1  0.00000E+00 0.00000 
    3    3    1    1    1    1    1    1    1    1  0.00000E+00 0.00000 
    4    4    1    1    1    1    1    1    1    1  0.00000E+00 0.00000 
    5    5    1    1    1    1    1    1    1    1  1.15625E+07 1.00000 
    6    6    1    1    1    1    1    1    1    1  0.00000E+00 0.00000 
    7    7    1    1    1    1    1    1    1    1  0.00000E+00 0.00000 
    8    8    1    1    1    1    1    1    1    1  2.20170E+07 1.00000 
    9    9    1    1    1    1    1    1    1    1  0.00000E+00 0.00000 
   10   10    1    1    1    1    1    1    1    1  5.44229E+07 1.00000 
   11   11    1    1    1    1    1    1    1    1  3.05545E+08 0.58950 
   12   12    1    1    1    1    1    1    1    1  8.43937E+07 0.60023 
   13   13    1    1    1    1    1    1    1    1  1.01826E+09 0.63272 
   14   14    1    1    1    1    1    1    1    1  8.80353E+09 0.27182 
   15   15    1    1    1    1    1    1    1    1  8.35461E+09 0.28684 
   16   16    1    1    1    1    1    1    1    1  1.66740E+09 0.34630 
   17   17    1    1    1    1    1    1    1    1  3.56905E+09 0.21299 
   18   18    1    1    1    1    1    1    1    1  1.39703E+10 0.19577 
   19   19    1    1    1    1    1    1    1    1  1.63008E+10 0.13407 
   20   20    1    1    1    1    1    1    1    1  4.51531E+10 0.12170 
   21   21    1    1    1    1    1    1    1    1  3.46987E+10 0.12046 
   22   22    1    1    1    1    1    1    1    1  7.80148E+10 0.09279 
   23   23    1    1    1    1    1    1    1    1  1.17824E+11 0.07325 
   24   24    1    1    1    1    1    1    1    1  2.00126E+11 0.06420 
   25   25    1    1    1    1    1    1    1    1  2.43057E+11 0.03475 
   26   26    1    1    1    1    1    1    1    1  3.50685E+11 0.03766 
   27   27    1    1    1    1    1    1    1    1  6.16452E+11 0.03542 
   28   28    1    1    1    1    1    1    1    1  1.32242E+12 0.01799 
   29   29    1    1    1    1    1    1    1    1  1.98810E+12 0.01845 
   30   30    1    1    1    1    1    1    1    1  6.10084E+12 0.01166 
   31   31    1    1    1    1    1    1    1    1  1.89362E+13 0.00876 
   32   32    1    1    1    1    1    1    1    1  3.51207E+13 0.00488 
   33   33    1    1    1    1    1    1    1    1  8.03210E+13 0.00395 
   34   34    1    1    1    1    1    1    1    1  1.08780E+14 0.00378 
   35   35    1    1    1    1    1    1    1    1  1.51820E+14 0.00306 
   36   36    1    1    1    1    1    1    1    1  1.06782E+14 0.00314 
   37   37    1    1    1    1    1    1    1    1  3.33858E+13 0.00253 
   38   38    1    1    1    1    1    1    1    1  1.81619E+14 0.00239 
   39   39    1    1    1    1    1    1    1    1  2.42990E+14 0.00253 
   40   40    1    1    1    1    1    1    1    1  4.13615E+14 0.00200 
   41   41    1    1    1    1    1    1    1    1  4.22095E+14 0.00174 
   42   42    1    1    1    1    1    1    1    1  8.77018E+14 0.00163 
   43   43    1    1    1    1    1    1    1    1  1.04976E+15 0.00170 
   44   44    1    1    1    1    1    1    1    1  1.50243E+15 0.00143 
   45   45    1    1    1    1    1    1    1    1  2.93552E+15 0.00129 
   46   46    1    1    1    1    1    1    1    1  1.39746E+15 0.00146 
   47   47    1    1    1    1    1    1    1    1  2.24347E+15 0.00107 
   48   48    1    1    1    1    1    1    1    1  3.12944E+15 0.00106 
   49   49    1    1    1    1    1    1    1    1  3.08109E+15 0.00109 
   50   50    1    1    1    1    1    1    1    1  4.75867E+15 0.00114 
   51   51    1    1    1    1    1    1    1    1  3.82700E+15 0.00111 
   52   52    1    1    1    1    1    1    1    1  4.47617E+15 0.00118 
   53   53    1    1    1    1    1    1    1    1  3.12632E+15 0.00118 
   54   54    1    1    1    1    1    1    1    1  3.77939E+15 0.00115 
   55   55    1    1    1    1    1    1    1    1  2.61571E+15 0.00117 
   56   56    1    1    1    1    1    1    1    1  3.57599E+14 0.00143 
   57   57    1    1    1    1    1    1    1    1  5.19381E+15 0.00111 
   58   58    1    1    1    1    1    1    1    1  2.27405E+15 0.00130 
   59   59    1    1    1    1    1    1    1    1  2.43543E+15 0.00124 
   60   60    1    1    1    1    1    1    1    1  1.87452E+15 0.00124 
   61   61    1    1    1    1    1    1    1    1  1.88267E+15 0.00128 
   62   62    1    1    1    1    1    1    1    1  1.95064E+15 0.00111 
   63   63    1    1    1    1    1    1    1    1  1.63461E+15 0.00144 
   64   64    1    1    1    1    1    1    1    1  1.29840E+15 0.00133 
   65   65    1    1    1    1    1    1    1    1  1.28834E+15 0.00114 
   66   66    1    1    1    1    1    1    1    1  9.36812E+14 0.00144 
   67   67    1    1    1    1    1    1    1    1  7.66352E+14 0.00147 
   68   68    1    1    1    1    1    1    1    1  6.88562E+14 0.00099 
   69   69    1    1    1    1    1    1    1    1  8.25906E+14 0.00147 
   70   70    1    1    1    1    1    1    1    1  7.03764E+14 0.00167 
   71   71    1    1    1    1    1    1    1    1  1.29773E+15 0.00144 
   72   72    1    1    1    1    1    1    1    1  9.24240E+14 0.00180 
   73   73    1    1    1    1    1    1    1    1  6.95281E+14 0.00138 
   74   74    1    1    1    1    1    1    1    1  5.52788E+14 0.00137 
   75   75    1    1    1    1    1    1    1    1  4.54658E+14 0.00151 
   76   76    1    1    1    1    1    1    1    1  5.20230E+14 0.00172 
   77   77    1    1    1    1    1    1    1    1  4.07629E+14 0.00188 
   78   78    1    1    1    1    1    1    1    1  3.21947E+14 0.00183 
   79   79    1    1    1    1    1    1    1    1  3.29375E+14 0.00140 
   80   80    1    1    1    1    1    1    1    1  2.43542E+14 0.00143 
   81   81    1    1    1    1    1    1    1    1  1.87189E+14 0.00306 
   82   82    1    1    1    1    1    1    1    1  1.44194E+14 0.00363 
   83   83    1    1    1    1    1    1    1    1  1.34022E+14 0.00354 
   84   84    1    1    1    1    1    1    1    1  9.64577E+13 0.00345 
   85   85    1    1    1    1    1    1    1    1  6.97641E+13 0.00456 
   86   86    1    1    1    1    1    1    1    1  6.48301E+13 0.00322 
   87   87    1    1    1    1    1    1    1    1  4.04480E+13 0.00365 
   88   88    1    1    1    1    1    1    1    1  2.72295E+13 0.00721 
   89   89    1    1    1    1    1    1    1    1  1.57273E+13 0.00911 
   90   90    1    1    1    1    1    1    1    1  1.04881E+13 0.01108 
   91   91    1    1    1    1    1    1    1    1  5.07621E+12 0.01337 
   92   92    1    1    1    1    1    1    1    1  2.53207E+12 0.01788 
   93   93    1    1    1    1    1    1    1    1  1.22542E+12 0.02999 
   94   94    1    1    1    1    1    1    1    1  5.62800E+11 0.04282 
   95   95    1    1    1    1    1    1    1    1  2.96118E+11 0.04771 
   96   96    1    1    1    1    1    1    1    1  1.26557E+11 0.07012 
   97   97    1    1    1    1    1    1    1    1  6.67937E+10 0.09102 
   98   98    1    1    1    1    1    1    1    1  1.86911E+10 0.16283 
   99   99    1    1    1    1    1    1    1    1  1.73057E+10 0.19418 
  100  100    1    1    1    1    1    1    1    1  1.18444E+10 0.32668 
];


