
DETdpaspec = [
    1    1    1    1    1    1    1    1    1    1  0.00000E+00 0.00000 
    2    2    1    1    1    1    1    1    1    1  0.00000E+00 0.00000 
    3    3    1    1    1    1    1    1    1    1  0.00000E+00 0.00000 
    4    4    1    1    1    1    1    1    1    1  0.00000E+00 0.00000 
    5    5    1    1    1    1    1    1    1    1  0.00000E+00 0.00000 
    6    6    1    1    1    1    1    1    1    1  0.00000E+00 0.00000 
    7    7    1    1    1    1    1    1    1    1  0.00000E+00 0.00000 
    8    8    1    1    1    1    1    1    1    1  0.00000E+00 0.00000 
    9    9    1    1    1    1    1    1    1    1  0.00000E+00 0.00000 
   10   10    1    1    1    1    1    1    1    1  0.00000E+00 0.00000 
   11   11    1    1    1    1    1    1    1    1  0.00000E+00 0.00000 
   12   12    1    1    1    1    1    1    1    1  0.00000E+00 0.00000 
   13   13    1    1    1    1    1    1    1    1  0.00000E+00 0.00000 
   14   14    1    1    1    1    1    1    1    1  0.00000E+00 0.00000 
   15   15    1    1    1    1    1    1    1    1  0.00000E+00 0.00000 
   16   16    1    1    1    1    1    1    1    1  0.00000E+00 0.00000 
   17   17    1    1    1    1    1    1    1    1  2.67353E+09 0.52464 
   18   18    1    1    1    1    1    1    1    1  4.31869E+09 0.47205 
   19   19    1    1    1    1    1    1    1    1  3.60049E+09 0.37231 
   20   20    1    1    1    1    1    1    1    1  3.84815E+10 0.15293 
   21   21    1    1    1    1    1    1    1    1  1.34139E+11 0.06476 
   22   22    1    1    1    1    1    1    1    1  5.57060E+11 0.04091 
   23   23    1    1    1    1    1    1    1    1  2.03928E+12 0.02282 
   24   24    1    1    1    1    1    1    1    1  5.11775E+12 0.01083 
   25   25    1    1    1    1    1    1    1    1  7.15838E+12 0.00750 
   26   26    1    1    1    1    1    1    1    1  1.32323E+13 0.00688 
   27   27    1    1    1    1    1    1    1    1  2.20700E+13 0.00521 
   28   28    1    1    1    1    1    1    1    1  3.56611E+13 0.00432 
   29   29    1    1    1    1    1    1    1    1  4.99257E+13 0.00438 
   30   30    1    1    1    1    1    1    1    1  8.58475E+13 0.00357 
   31   31    1    1    1    1    1    1    1    1  1.52304E+14 0.00335 
   32   32    1    1    1    1    1    1    1    1  2.04694E+14 0.00264 
   33   33    1    1    1    1    1    1    1    1  3.71642E+14 0.00263 
   34   34    1    1    1    1    1    1    1    1  4.28849E+14 0.00231 
   35   35    1    1    1    1    1    1    1    1  4.19950E+14 0.00142 
   36   36    1    1    1    1    1    1    1    1  2.45418E+14 0.00180 
   37   37    1    1    1    1    1    1    1    1  7.07427E+13 0.00162 
   38   38    1    1    1    1    1    1    1    1  3.99672E+14 0.00150 
   39   39    1    1    1    1    1    1    1    1  5.17360E+14 0.00183 
   40   40    1    1    1    1    1    1    1    1  8.60297E+14 0.00165 
   41   41    1    1    1    1    1    1    1    1  8.03314E+14 0.00163 
   42   42    1    1    1    1    1    1    1    1  1.67650E+15 0.00177 
   43   43    1    1    1    1    1    1    1    1  1.93252E+15 0.00133 
   44   44    1    1    1    1    1    1    1    1  2.64504E+15 0.00117 
   45   45    1    1    1    1    1    1    1    1  4.96492E+15 0.00159 
   46   46    1    1    1    1    1    1    1    1  2.18118E+15 0.00154 
   47   47    1    1    1    1    1    1    1    1  3.36862E+15 0.00147 
   48   48    1    1    1    1    1    1    1    1  4.52251E+15 0.00140 
   49   49    1    1    1    1    1    1    1    1  4.27740E+15 0.00146 
   50   50    1    1    1    1    1    1    1    1  6.53058E+15 0.00145 
   51   51    1    1    1    1    1    1    1    1  4.90651E+15 0.00148 
   52   52    1    1    1    1    1    1    1    1  5.79770E+15 0.00147 
   53   53    1    1    1    1    1    1    1    1  3.89541E+15 0.00151 
   54   54    1    1    1    1    1    1    1    1  4.78363E+15 0.00141 
   55   55    1    1    1    1    1    1    1    1  3.22623E+15 0.00137 
   56   56    1    1    1    1    1    1    1    1  4.32825E+14 0.00152 
   57   57    1    1    1    1    1    1    1    1  6.25953E+15 0.00140 
   58   58    1    1    1    1    1    1    1    1  2.81598E+15 0.00172 
   59   59    1    1    1    1    1    1    1    1  2.93023E+15 0.00147 
   60   60    1    1    1    1    1    1    1    1  2.30102E+15 0.00160 
   61   61    1    1    1    1    1    1    1    1  2.27517E+15 0.00169 
   62   62    1    1    1    1    1    1    1    1  2.34332E+15 0.00177 
   63   63    1    1    1    1    1    1    1    1  1.94968E+15 0.00176 
   64   64    1    1    1    1    1    1    1    1  1.53016E+15 0.00191 
   65   65    1    1    1    1    1    1    1    1  1.49983E+15 0.00159 
   66   66    1    1    1    1    1    1    1    1  1.07587E+15 0.00164 
   67   67    1    1    1    1    1    1    1    1  8.66058E+14 0.00193 
   68   68    1    1    1    1    1    1    1    1  7.67716E+14 0.00216 
   69   69    1    1    1    1    1    1    1    1  9.13328E+14 0.00206 
   70   70    1    1    1    1    1    1    1    1  7.65535E+14 0.00187 
   71   71    1    1    1    1    1    1    1    1  1.34479E+15 0.00190 
   72   72    1    1    1    1    1    1    1    1  9.31805E+14 0.00207 
   73   73    1    1    1    1    1    1    1    1  6.97216E+14 0.00204 
   74   74    1    1    1    1    1    1    1    1  5.64563E+14 0.00229 
   75   75    1    1    1    1    1    1    1    1  4.72539E+14 0.00203 
   76   76    1    1    1    1    1    1    1    1  5.51277E+14 0.00233 
   77   77    1    1    1    1    1    1    1    1  4.38938E+14 0.00254 
   78   78    1    1    1    1    1    1    1    1  3.51148E+14 0.00228 
   79   79    1    1    1    1    1    1    1    1  3.61467E+14 0.00252 
   80   80    1    1    1    1    1    1    1    1  2.66669E+14 0.00237 
   81   81    1    1    1    1    1    1    1    1  2.04024E+14 0.00250 
   82   82    1    1    1    1    1    1    1    1  1.55959E+14 0.00263 
   83   83    1    1    1    1    1    1    1    1  1.44858E+14 0.00305 
   84   84    1    1    1    1    1    1    1    1  1.02831E+14 0.00301 
   85   85    1    1    1    1    1    1    1    1  7.40514E+13 0.00325 
   86   86    1    1    1    1    1    1    1    1  6.80713E+13 0.00372 
   87   87    1    1    1    1    1    1    1    1  4.09022E+13 0.00444 
   88   88    1    1    1    1    1    1    1    1  2.69384E+13 0.00386 
   89   89    1    1    1    1    1    1    1    1  1.52333E+13 0.00712 
   90   90    1    1    1    1    1    1    1    1  9.65967E+12 0.00619 
   91   91    1    1    1    1    1    1    1    1  4.76669E+12 0.01510 
   92   92    1    1    1    1    1    1    1    1  2.24611E+12 0.01518 
   93   93    1    1    1    1    1    1    1    1  1.05571E+12 0.02697 
   94   94    1    1    1    1    1    1    1    1  4.95982E+11 0.03631 
   95   95    1    1    1    1    1    1    1    1  2.29618E+11 0.05430 
   96   96    1    1    1    1    1    1    1    1  1.11049E+11 0.09467 
   97   97    1    1    1    1    1    1    1    1  5.28502E+10 0.09739 
   98   98    1    1    1    1    1    1    1    1  2.17162E+10 0.20154 
   99   99    1    1    1    1    1    1    1    1  1.21065E+10 0.23215 
  100  100    1    1    1    1    1    1    1    1  1.07737E+10 0.38976 
];


