
DETdpaspec = [
    1    1    1    1    1    1    1    1    1    1  0.00000E+00 0.00000 
    2    2    1    1    1    1    1    1    1    1  0.00000E+00 0.00000 
    3    3    1    1    1    1    1    1    1    1  0.00000E+00 0.00000 
    4    4    1    1    1    1    1    1    1    1  0.00000E+00 0.00000 
    5    5    1    1    1    1    1    1    1    1  0.00000E+00 0.00000 
    6    6    1    1    1    1    1    1    1    1  9.91602E+06 1.00000 
    7    7    1    1    1    1    1    1    1    1  0.00000E+00 0.00000 
    8    8    1    1    1    1    1    1    1    1  0.00000E+00 0.00000 
    9    9    1    1    1    1    1    1    1    1  1.14248E+07 1.00000 
   10   10    1    1    1    1    1    1    1    1  5.25922E+07 1.00000 
   11   11    1    1    1    1    1    1    1    1  2.29860E+08 0.46701 
   12   12    1    1    1    1    1    1    1    1  8.41462E+07 0.52839 
   13   13    1    1    1    1    1    1    1    1  1.96121E+09 0.33918 
   14   14    1    1    1    1    1    1    1    1  1.89258E+09 0.48776 
   15   15    1    1    1    1    1    1    1    1  4.84621E+09 0.28011 
   16   16    1    1    1    1    1    1    1    1  2.49164E+09 0.36135 
   17   17    1    1    1    1    1    1    1    1  5.12122E+09 0.24423 
   18   18    1    1    1    1    1    1    1    1  8.79518E+09 0.20608 
   19   19    1    1    1    1    1    1    1    1  8.59463E+09 0.18912 
   20   20    1    1    1    1    1    1    1    1  3.92173E+10 0.09682 
   21   21    1    1    1    1    1    1    1    1  2.76236E+10 0.13037 
   22   22    1    1    1    1    1    1    1    1  6.71215E+10 0.10661 
   23   23    1    1    1    1    1    1    1    1  9.68536E+10 0.06399 
   24   24    1    1    1    1    1    1    1    1  1.76335E+11 0.05646 
   25   25    1    1    1    1    1    1    1    1  2.13588E+11 0.04986 
   26   26    1    1    1    1    1    1    1    1  3.59394E+11 0.04793 
   27   27    1    1    1    1    1    1    1    1  6.37161E+11 0.03166 
   28   28    1    1    1    1    1    1    1    1  1.16602E+12 0.02131 
   29   29    1    1    1    1    1    1    1    1  1.78219E+12 0.01896 
   30   30    1    1    1    1    1    1    1    1  5.50510E+12 0.00921 
   31   31    1    1    1    1    1    1    1    1  1.64583E+13 0.00787 
   32   32    1    1    1    1    1    1    1    1  3.02275E+13 0.00685 
   33   33    1    1    1    1    1    1    1    1  6.83485E+13 0.00482 
   34   34    1    1    1    1    1    1    1    1  9.11670E+13 0.00288 
   35   35    1    1    1    1    1    1    1    1  1.29180E+14 0.00286 
   36   36    1    1    1    1    1    1    1    1  9.11984E+13 0.00269 
   37   37    1    1    1    1    1    1    1    1  2.87155E+13 0.00299 
   38   38    1    1    1    1    1    1    1    1  1.55025E+14 0.00301 
   39   39    1    1    1    1    1    1    1    1  2.07382E+14 0.00240 
   40   40    1    1    1    1    1    1    1    1  3.50828E+14 0.00211 
   41   41    1    1    1    1    1    1    1    1  3.60358E+14 0.00190 
   42   42    1    1    1    1    1    1    1    1  7.43446E+14 0.00162 
   43   43    1    1    1    1    1    1    1    1  8.88857E+14 0.00143 
   44   44    1    1    1    1    1    1    1    1  1.26253E+15 0.00141 
   45   45    1    1    1    1    1    1    1    1  2.44157E+15 0.00139 
   46   46    1    1    1    1    1    1    1    1  1.16489E+15 0.00119 
   47   47    1    1    1    1    1    1    1    1  1.87082E+15 0.00116 
   48   48    1    1    1    1    1    1    1    1  2.60330E+15 0.00127 
   49   49    1    1    1    1    1    1    1    1  2.56434E+15 0.00130 
   50   50    1    1    1    1    1    1    1    1  3.93117E+15 0.00135 
   51   51    1    1    1    1    1    1    1    1  3.16546E+15 0.00134 
   52   52    1    1    1    1    1    1    1    1  3.67862E+15 0.00123 
   53   53    1    1    1    1    1    1    1    1  2.57143E+15 0.00145 
   54   54    1    1    1    1    1    1    1    1  3.08598E+15 0.00149 
   55   55    1    1    1    1    1    1    1    1  2.13596E+15 0.00154 
   56   56    1    1    1    1    1    1    1    1  2.93548E+14 0.00194 
   57   57    1    1    1    1    1    1    1    1  4.23779E+15 0.00155 
   58   58    1    1    1    1    1    1    1    1  1.83901E+15 0.00153 
   59   59    1    1    1    1    1    1    1    1  1.97083E+15 0.00161 
   60   60    1    1    1    1    1    1    1    1  1.50958E+15 0.00162 
   61   61    1    1    1    1    1    1    1    1  1.51535E+15 0.00161 
   62   62    1    1    1    1    1    1    1    1  1.56932E+15 0.00141 
   63   63    1    1    1    1    1    1    1    1  1.31035E+15 0.00168 
   64   64    1    1    1    1    1    1    1    1  1.04074E+15 0.00163 
   65   65    1    1    1    1    1    1    1    1  1.03128E+15 0.00184 
   66   66    1    1    1    1    1    1    1    1  7.49082E+14 0.00182 
   67   67    1    1    1    1    1    1    1    1  6.12694E+14 0.00184 
   68   68    1    1    1    1    1    1    1    1  5.51110E+14 0.00176 
   69   69    1    1    1    1    1    1    1    1  6.62232E+14 0.00186 
   70   70    1    1    1    1    1    1    1    1  5.64234E+14 0.00196 
   71   71    1    1    1    1    1    1    1    1  1.04386E+15 0.00215 
   72   72    1    1    1    1    1    1    1    1  7.41724E+14 0.00186 
   73   73    1    1    1    1    1    1    1    1  5.56703E+14 0.00227 
   74   74    1    1    1    1    1    1    1    1  4.41749E+14 0.00269 
   75   75    1    1    1    1    1    1    1    1  3.61092E+14 0.00259 
   76   76    1    1    1    1    1    1    1    1  4.12365E+14 0.00255 
   77   77    1    1    1    1    1    1    1    1  3.21204E+14 0.00250 
   78   78    1    1    1    1    1    1    1    1  2.52826E+14 0.00270 
   79   79    1    1    1    1    1    1    1    1  2.58871E+14 0.00270 
   80   80    1    1    1    1    1    1    1    1  1.90968E+14 0.00327 
   81   81    1    1    1    1    1    1    1    1  1.46605E+14 0.00326 
   82   82    1    1    1    1    1    1    1    1  1.12341E+14 0.00373 
   83   83    1    1    1    1    1    1    1    1  1.05278E+14 0.00372 
   84   84    1    1    1    1    1    1    1    1  7.55024E+13 0.00385 
   85   85    1    1    1    1    1    1    1    1  5.44228E+13 0.00336 
   86   86    1    1    1    1    1    1    1    1  5.09105E+13 0.00439 
   87   87    1    1    1    1    1    1    1    1  3.13558E+13 0.00349 
   88   88    1    1    1    1    1    1    1    1  2.10709E+13 0.00627 
   89   89    1    1    1    1    1    1    1    1  1.22462E+13 0.00801 
   90   90    1    1    1    1    1    1    1    1  8.13858E+12 0.00983 
   91   91    1    1    1    1    1    1    1    1  4.17053E+12 0.01455 
   92   92    1    1    1    1    1    1    1    1  2.06292E+12 0.01954 
   93   93    1    1    1    1    1    1    1    1  9.90603E+11 0.02102 
   94   94    1    1    1    1    1    1    1    1  4.68739E+11 0.03842 
   95   95    1    1    1    1    1    1    1    1  2.32003E+11 0.08309 
   96   96    1    1    1    1    1    1    1    1  1.17547E+11 0.08754 
   97   97    1    1    1    1    1    1    1    1  6.17533E+10 0.11284 
   98   98    1    1    1    1    1    1    1    1  2.62330E+10 0.20174 
   99   99    1    1    1    1    1    1    1    1  1.53036E+10 0.19884 
  100  100    1    1    1    1    1    1    1    1  1.15577E+10 0.23999 
];


