
DETdpaspec = [
    1    1    1    1    1    1    1    1    1    1  0.00000E+00 0.00000 
    2    2    1    1    1    1    1    1    1    1  0.00000E+00 0.00000 
    3    3    1    1    1    1    1    1    1    1  0.00000E+00 0.00000 
    4    4    1    1    1    1    1    1    1    1  0.00000E+00 0.00000 
    5    5    1    1    1    1    1    1    1    1  0.00000E+00 0.00000 
    6    6    1    1    1    1    1    1    1    1  0.00000E+00 0.00000 
    7    7    1    1    1    1    1    1    1    1  0.00000E+00 0.00000 
    8    8    1    1    1    1    1    1    1    1  1.26901E+07 1.00000 
    9    9    1    1    1    1    1    1    1    1  1.43323E+07 1.00000 
   10   10    1    1    1    1    1    1    1    1  6.22708E+07 1.00000 
   11   11    1    1    1    1    1    1    1    1  5.03773E+08 0.62139 
   12   12    1    1    1    1    1    1    1    1  1.21106E+08 0.70553 
   13   13    1    1    1    1    1    1    1    1  3.85075E+09 0.43609 
   14   14    1    1    1    1    1    1    1    1  5.61862E+09 0.32875 
   15   15    1    1    1    1    1    1    1    1  9.41656E+09 0.20622 
   16   16    1    1    1    1    1    1    1    1  1.90931E+09 0.35451 
   17   17    1    1    1    1    1    1    1    1  6.16242E+09 0.16448 
   18   18    1    1    1    1    1    1    1    1  7.31182E+09 0.22054 
   19   19    1    1    1    1    1    1    1    1  8.33832E+09 0.21206 
   20   20    1    1    1    1    1    1    1    1  3.82311E+10 0.16493 
   21   21    1    1    1    1    1    1    1    1  3.86244E+10 0.08963 
   22   22    1    1    1    1    1    1    1    1  7.91140E+10 0.09887 
   23   23    1    1    1    1    1    1    1    1  1.16697E+11 0.07099 
   24   24    1    1    1    1    1    1    1    1  2.04524E+11 0.03915 
   25   25    1    1    1    1    1    1    1    1  2.51181E+11 0.04959 
   26   26    1    1    1    1    1    1    1    1  4.00985E+11 0.02995 
   27   27    1    1    1    1    1    1    1    1  7.69707E+11 0.03293 
   28   28    1    1    1    1    1    1    1    1  1.66908E+12 0.01920 
   29   29    1    1    1    1    1    1    1    1  2.67221E+12 0.01774 
   30   30    1    1    1    1    1    1    1    1  7.65049E+12 0.00975 
   31   31    1    1    1    1    1    1    1    1  2.29616E+13 0.00721 
   32   32    1    1    1    1    1    1    1    1  4.26110E+13 0.00546 
   33   33    1    1    1    1    1    1    1    1  1.00630E+14 0.00362 
   34   34    1    1    1    1    1    1    1    1  1.38282E+14 0.00267 
   35   35    1    1    1    1    1    1    1    1  1.86114E+14 0.00144 
   36   36    1    1    1    1    1    1    1    1  1.28660E+14 0.00166 
   37   37    1    1    1    1    1    1    1    1  3.96081E+13 0.00179 
   38   38    1    1    1    1    1    1    1    1  2.19043E+14 0.00151 
   39   39    1    1    1    1    1    1    1    1  2.94301E+14 0.00149 
   40   40    1    1    1    1    1    1    1    1  5.05260E+14 0.00148 
   41   41    1    1    1    1    1    1    1    1  5.10844E+14 0.00134 
   42   42    1    1    1    1    1    1    1    1  1.07558E+15 0.00150 
   43   43    1    1    1    1    1    1    1    1  1.29358E+15 0.00109 
   44   44    1    1    1    1    1    1    1    1  1.85581E+15 0.00096 
   45   45    1    1    1    1    1    1    1    1  3.67415E+15 0.00090 
   46   46    1    1    1    1    1    1    1    1  1.74861E+15 0.00104 
   47   47    1    1    1    1    1    1    1    1  2.79913E+15 0.00095 
   48   48    1    1    1    1    1    1    1    1  3.92427E+15 0.00093 
   49   49    1    1    1    1    1    1    1    1  3.86178E+15 0.00089 
   50   50    1    1    1    1    1    1    1    1  6.02392E+15 0.00107 
   51   51    1    1    1    1    1    1    1    1  4.81532E+15 0.00108 
   52   52    1    1    1    1    1    1    1    1  5.70044E+15 0.00119 
   53   53    1    1    1    1    1    1    1    1  3.98308E+15 0.00108 
   54   54    1    1    1    1    1    1    1    1  4.86260E+15 0.00112 
   55   55    1    1    1    1    1    1    1    1  3.36299E+15 0.00121 
   56   56    1    1    1    1    1    1    1    1  4.58438E+14 0.00131 
   57   57    1    1    1    1    1    1    1    1  6.68190E+15 0.00111 
   58   58    1    1    1    1    1    1    1    1  2.96463E+15 0.00103 
   59   59    1    1    1    1    1    1    1    1  3.16950E+15 0.00098 
   60   60    1    1    1    1    1    1    1    1  2.46383E+15 0.00099 
   61   61    1    1    1    1    1    1    1    1  2.47307E+15 0.00094 
   62   62    1    1    1    1    1    1    1    1  2.56661E+15 0.00104 
   63   63    1    1    1    1    1    1    1    1  2.16099E+15 0.00093 
   64   64    1    1    1    1    1    1    1    1  1.71894E+15 0.00086 
   65   65    1    1    1    1    1    1    1    1  1.70700E+15 0.00099 
   66   66    1    1    1    1    1    1    1    1  1.24266E+15 0.00101 
   67   67    1    1    1    1    1    1    1    1  1.01637E+15 0.00109 
   68   68    1    1    1    1    1    1    1    1  9.10393E+14 0.00083 
   69   69    1    1    1    1    1    1    1    1  1.09361E+15 0.00110 
   70   70    1    1    1    1    1    1    1    1  9.31983E+14 0.00101 
   71   71    1    1    1    1    1    1    1    1  1.70823E+15 0.00138 
   72   72    1    1    1    1    1    1    1    1  1.21169E+15 0.00108 
   73   73    1    1    1    1    1    1    1    1  9.13353E+14 0.00116 
   74   74    1    1    1    1    1    1    1    1  7.33401E+14 0.00176 
   75   75    1    1    1    1    1    1    1    1  6.07422E+14 0.00145 
   76   76    1    1    1    1    1    1    1    1  7.02148E+14 0.00142 
   77   77    1    1    1    1    1    1    1    1  5.53006E+14 0.00141 
   78   78    1    1    1    1    1    1    1    1  4.37265E+14 0.00185 
   79   79    1    1    1    1    1    1    1    1  4.51453E+14 0.00175 
   80   80    1    1    1    1    1    1    1    1  3.34031E+14 0.00185 
   81   81    1    1    1    1    1    1    1    1  2.58215E+14 0.00181 
   82   82    1    1    1    1    1    1    1    1  1.98356E+14 0.00177 
   83   83    1    1    1    1    1    1    1    1  1.85074E+14 0.00226 
   84   84    1    1    1    1    1    1    1    1  1.33180E+14 0.00229 
   85   85    1    1    1    1    1    1    1    1  9.59132E+13 0.00362 
   86   86    1    1    1    1    1    1    1    1  8.95783E+13 0.00303 
   87   87    1    1    1    1    1    1    1    1  5.52386E+13 0.00359 
   88   88    1    1    1    1    1    1    1    1  3.76602E+13 0.00464 
   89   89    1    1    1    1    1    1    1    1  2.13925E+13 0.00627 
   90   90    1    1    1    1    1    1    1    1  1.43557E+13 0.00774 
   91   91    1    1    1    1    1    1    1    1  7.18230E+12 0.01176 
   92   92    1    1    1    1    1    1    1    1  3.52440E+12 0.01902 
   93   93    1    1    1    1    1    1    1    1  1.68520E+12 0.02392 
   94   94    1    1    1    1    1    1    1    1  8.15767E+11 0.03619 
   95   95    1    1    1    1    1    1    1    1  3.82812E+11 0.03907 
   96   96    1    1    1    1    1    1    1    1  1.88925E+11 0.06820 
   97   97    1    1    1    1    1    1    1    1  9.00391E+10 0.08941 
   98   98    1    1    1    1    1    1    1    1  4.38937E+10 0.11815 
   99   99    1    1    1    1    1    1    1    1  2.03512E+10 0.18966 
  100  100    1    1    1    1    1    1    1    1  2.55893E+10 0.24592 
];


