
DETdpaspec = [
    1    1    1    1    1    1    1    1    1    1  0.00000E+00 0.00000 
    2    2    1    1    1    1    1    1    1    1  0.00000E+00 0.00000 
    3    3    1    1    1    1    1    1    1    1  0.00000E+00 0.00000 
    4    4    1    1    1    1    1    1    1    1  1.55882E+07 1.00000 
    5    5    1    1    1    1    1    1    1    1  0.00000E+00 0.00000 
    6    6    1    1    1    1    1    1    1    1  0.00000E+00 0.00000 
    7    7    1    1    1    1    1    1    1    1  0.00000E+00 0.00000 
    8    8    1    1    1    1    1    1    1    1  2.21390E+07 1.00000 
    9    9    1    1    1    1    1    1    1    1  2.92965E+07 0.54684 
   10   10    1    1    1    1    1    1    1    1  1.14389E+08 0.68986 
   11   11    1    1    1    1    1    1    1    1  1.33778E+08 1.00000 
   12   12    1    1    1    1    1    1    1    1  0.00000E+00 0.00000 
   13   13    1    1    1    1    1    1    1    1  5.48647E+09 0.38362 
   14   14    1    1    1    1    1    1    1    1  4.22607E+09 0.35774 
   15   15    1    1    1    1    1    1    1    1  9.69385E+09 0.30790 
   16   16    1    1    1    1    1    1    1    1  3.77477E+09 0.40770 
   17   17    1    1    1    1    1    1    1    1  3.92138E+09 0.18655 
   18   18    1    1    1    1    1    1    1    1  1.79309E+10 0.19184 
   19   19    1    1    1    1    1    1    1    1  1.19632E+10 0.16461 
   20   20    1    1    1    1    1    1    1    1  4.45356E+10 0.15640 
   21   21    1    1    1    1    1    1    1    1  3.45155E+10 0.10637 
   22   22    1    1    1    1    1    1    1    1  8.13970E+10 0.10106 
   23   23    1    1    1    1    1    1    1    1  1.17634E+11 0.07939 
   24   24    1    1    1    1    1    1    1    1  1.76078E+11 0.07607 
   25   25    1    1    1    1    1    1    1    1  2.35019E+11 0.05147 
   26   26    1    1    1    1    1    1    1    1  4.26941E+11 0.03033 
   27   27    1    1    1    1    1    1    1    1  7.78269E+11 0.02943 
   28   28    1    1    1    1    1    1    1    1  1.69148E+12 0.01907 
   29   29    1    1    1    1    1    1    1    1  2.80918E+12 0.01079 
   30   30    1    1    1    1    1    1    1    1  7.84125E+12 0.00808 
   31   31    1    1    1    1    1    1    1    1  2.40183E+13 0.00765 
   32   32    1    1    1    1    1    1    1    1  4.42175E+13 0.00445 
   33   33    1    1    1    1    1    1    1    1  1.03510E+14 0.00231 
   34   34    1    1    1    1    1    1    1    1  1.42684E+14 0.00267 
   35   35    1    1    1    1    1    1    1    1  1.90351E+14 0.00228 
   36   36    1    1    1    1    1    1    1    1  1.31413E+14 0.00214 
   37   37    1    1    1    1    1    1    1    1  4.04804E+13 0.00245 
   38   38    1    1    1    1    1    1    1    1  2.24780E+14 0.00198 
   39   39    1    1    1    1    1    1    1    1  3.01253E+14 0.00136 
   40   40    1    1    1    1    1    1    1    1  5.17791E+14 0.00174 
   41   41    1    1    1    1    1    1    1    1  5.22901E+14 0.00155 
   42   42    1    1    1    1    1    1    1    1  1.10170E+15 0.00121 
   43   43    1    1    1    1    1    1    1    1  1.32585E+15 0.00094 
   44   44    1    1    1    1    1    1    1    1  1.90215E+15 0.00074 
   45   45    1    1    1    1    1    1    1    1  3.77543E+15 0.00101 
   46   46    1    1    1    1    1    1    1    1  1.79443E+15 0.00105 
   47   47    1    1    1    1    1    1    1    1  2.87086E+15 0.00085 
   48   48    1    1    1    1    1    1    1    1  4.01919E+15 0.00081 
   49   49    1    1    1    1    1    1    1    1  3.95669E+15 0.00074 
   50   50    1    1    1    1    1    1    1    1  6.17837E+15 0.00085 
   51   51    1    1    1    1    1    1    1    1  4.93104E+15 0.00095 
   52   52    1    1    1    1    1    1    1    1  5.84823E+15 0.00090 
   53   53    1    1    1    1    1    1    1    1  4.08598E+15 0.00089 
   54   54    1    1    1    1    1    1    1    1  4.99606E+15 0.00075 
   55   55    1    1    1    1    1    1    1    1  3.45411E+15 0.00069 
   56   56    1    1    1    1    1    1    1    1  4.70984E+14 0.00113 
   57   57    1    1    1    1    1    1    1    1  6.86919E+15 0.00081 
   58   58    1    1    1    1    1    1    1    1  3.05518E+15 0.00090 
   59   59    1    1    1    1    1    1    1    1  3.26102E+15 0.00097 
   60   60    1    1    1    1    1    1    1    1  2.53830E+15 0.00079 
   61   61    1    1    1    1    1    1    1    1  2.54691E+15 0.00084 
   62   62    1    1    1    1    1    1    1    1  2.64628E+15 0.00100 
   63   63    1    1    1    1    1    1    1    1  2.22957E+15 0.00091 
   64   64    1    1    1    1    1    1    1    1  1.77497E+15 0.00110 
   65   65    1    1    1    1    1    1    1    1  1.76377E+15 0.00090 
   66   66    1    1    1    1    1    1    1    1  1.28372E+15 0.00110 
   67   67    1    1    1    1    1    1    1    1  1.04707E+15 0.00107 
   68   68    1    1    1    1    1    1    1    1  9.38850E+14 0.00123 
   69   69    1    1    1    1    1    1    1    1  1.12867E+15 0.00138 
   70   70    1    1    1    1    1    1    1    1  9.63170E+14 0.00148 
   71   71    1    1    1    1    1    1    1    1  1.75778E+15 0.00120 
   72   72    1    1    1    1    1    1    1    1  1.24942E+15 0.00118 
   73   73    1    1    1    1    1    1    1    1  9.42502E+14 0.00122 
   74   74    1    1    1    1    1    1    1    1  7.55808E+14 0.00147 
   75   75    1    1    1    1    1    1    1    1  6.27410E+14 0.00111 
   76   76    1    1    1    1    1    1    1    1  7.23955E+14 0.00152 
   77   77    1    1    1    1    1    1    1    1  5.72225E+14 0.00181 
   78   78    1    1    1    1    1    1    1    1  4.53508E+14 0.00151 
   79   79    1    1    1    1    1    1    1    1  4.67778E+14 0.00158 
   80   80    1    1    1    1    1    1    1    1  3.46668E+14 0.00164 
   81   81    1    1    1    1    1    1    1    1  2.66702E+14 0.00218 
   82   82    1    1    1    1    1    1    1    1  2.04991E+14 0.00215 
   83   83    1    1    1    1    1    1    1    1  1.92785E+14 0.00207 
   84   84    1    1    1    1    1    1    1    1  1.37993E+14 0.00200 
   85   85    1    1    1    1    1    1    1    1  9.92079E+13 0.00302 
   86   86    1    1    1    1    1    1    1    1  9.28188E+13 0.00418 
   87   87    1    1    1    1    1    1    1    1  5.74455E+13 0.00379 
   88   88    1    1    1    1    1    1    1    1  3.84178E+13 0.00624 
   89   89    1    1    1    1    1    1    1    1  2.22555E+13 0.00511 
   90   90    1    1    1    1    1    1    1    1  1.47889E+13 0.00559 
   91   91    1    1    1    1    1    1    1    1  7.41082E+12 0.00949 
   92   92    1    1    1    1    1    1    1    1  3.68161E+12 0.01051 
   93   93    1    1    1    1    1    1    1    1  1.82591E+12 0.01629 
   94   94    1    1    1    1    1    1    1    1  8.07699E+11 0.03537 
   95   95    1    1    1    1    1    1    1    1  3.79632E+11 0.04510 
   96   96    1    1    1    1    1    1    1    1  1.81875E+11 0.05266 
   97   97    1    1    1    1    1    1    1    1  9.65874E+10 0.09585 
   98   98    1    1    1    1    1    1    1    1  5.00472E+10 0.15706 
   99   99    1    1    1    1    1    1    1    1  2.26278E+10 0.20642 
  100  100    1    1    1    1    1    1    1    1  1.72476E+10 0.21677 
];


