
DETdpaspec = [
    1    1    1    1    1    1    1    1    1    1  0.00000E+00 0.00000 
    2    2    1    1    1    1    1    1    1    1  0.00000E+00 0.00000 
    3    3    1    1    1    1    1    1    1    1  0.00000E+00 0.00000 
    4    4    1    1    1    1    1    1    1    1  0.00000E+00 0.00000 
    5    5    1    1    1    1    1    1    1    1  0.00000E+00 0.00000 
    6    6    1    1    1    1    1    1    1    1  0.00000E+00 0.00000 
    7    7    1    1    1    1    1    1    1    1  0.00000E+00 0.00000 
    8    8    1    1    1    1    1    1    1    1  0.00000E+00 0.00000 
    9    9    1    1    1    1    1    1    1    1  0.00000E+00 0.00000 
   10   10    1    1    1    1    1    1    1    1  3.02623E+08 0.50080 
   11   11    1    1    1    1    1    1    1    1  1.18236E+08 1.00000 
   12   12    1    1    1    1    1    1    1    1  1.00284E+08 0.56111 
   13   13    1    1    1    1    1    1    1    1  3.30466E+09 0.55458 
   14   14    1    1    1    1    1    1    1    1  3.42972E+09 0.38397 
   15   15    1    1    1    1    1    1    1    1  7.50547E+09 0.24876 
   16   16    1    1    1    1    1    1    1    1  4.10103E+09 0.32709 
   17   17    1    1    1    1    1    1    1    1  4.97603E+09 0.18852 
   18   18    1    1    1    1    1    1    1    1  1.30269E+10 0.24381 
   19   19    1    1    1    1    1    1    1    1  1.47419E+10 0.17046 
   20   20    1    1    1    1    1    1    1    1  5.21953E+10 0.10704 
   21   21    1    1    1    1    1    1    1    1  3.26358E+10 0.15797 
   22   22    1    1    1    1    1    1    1    1  9.49421E+10 0.05859 
   23   23    1    1    1    1    1    1    1    1  1.15920E+11 0.07341 
   24   24    1    1    1    1    1    1    1    1  1.92931E+11 0.05294 
   25   25    1    1    1    1    1    1    1    1  2.68742E+11 0.05583 
   26   26    1    1    1    1    1    1    1    1  4.35186E+11 0.03801 
   27   27    1    1    1    1    1    1    1    1  7.27006E+11 0.03076 
   28   28    1    1    1    1    1    1    1    1  1.58469E+12 0.02350 
   29   29    1    1    1    1    1    1    1    1  2.57892E+12 0.01873 
   30   30    1    1    1    1    1    1    1    1  7.31190E+12 0.00983 
   31   31    1    1    1    1    1    1    1    1  2.20720E+13 0.00556 
   32   32    1    1    1    1    1    1    1    1  4.10604E+13 0.00390 
   33   33    1    1    1    1    1    1    1    1  9.58943E+13 0.00306 
   34   34    1    1    1    1    1    1    1    1  1.32394E+14 0.00296 
   35   35    1    1    1    1    1    1    1    1  1.79613E+14 0.00200 
   36   36    1    1    1    1    1    1    1    1  1.24704E+14 0.00221 
   37   37    1    1    1    1    1    1    1    1  3.85018E+13 0.00201 
   38   38    1    1    1    1    1    1    1    1  2.12514E+14 0.00180 
   39   39    1    1    1    1    1    1    1    1  2.84927E+14 0.00159 
   40   40    1    1    1    1    1    1    1    1  4.88346E+14 0.00139 
   41   41    1    1    1    1    1    1    1    1  4.95876E+14 0.00101 
   42   42    1    1    1    1    1    1    1    1  1.04009E+15 0.00090 
   43   43    1    1    1    1    1    1    1    1  1.25126E+15 0.00088 
   44   44    1    1    1    1    1    1    1    1  1.79550E+15 0.00098 
   45   45    1    1    1    1    1    1    1    1  3.54850E+15 0.00088 
   46   46    1    1    1    1    1    1    1    1  1.68796E+15 0.00070 
   47   47    1    1    1    1    1    1    1    1  2.70578E+15 0.00073 
   48   48    1    1    1    1    1    1    1    1  3.78659E+15 0.00081 
   49   49    1    1    1    1    1    1    1    1  3.72855E+15 0.00066 
   50   50    1    1    1    1    1    1    1    1  5.80741E+15 0.00055 
   51   51    1    1    1    1    1    1    1    1  4.65042E+15 0.00068 
   52   52    1    1    1    1    1    1    1    1  5.49093E+15 0.00076 
   53   53    1    1    1    1    1    1    1    1  3.83863E+15 0.00070 
   54   54    1    1    1    1    1    1    1    1  4.67913E+15 0.00079 
   55   55    1    1    1    1    1    1    1    1  3.23336E+15 0.00071 
   56   56    1    1    1    1    1    1    1    1  4.41151E+14 0.00108 
   57   57    1    1    1    1    1    1    1    1  6.43137E+15 0.00085 
   58   58    1    1    1    1    1    1    1    1  2.84703E+15 0.00095 
   59   59    1    1    1    1    1    1    1    1  3.04479E+15 0.00092 
   60   60    1    1    1    1    1    1    1    1  2.36165E+15 0.00102 
   61   61    1    1    1    1    1    1    1    1  2.37253E+15 0.00096 
   62   62    1    1    1    1    1    1    1    1  2.46286E+15 0.00096 
   63   63    1    1    1    1    1    1    1    1  2.07015E+15 0.00094 
   64   64    1    1    1    1    1    1    1    1  1.64637E+15 0.00097 
   65   65    1    1    1    1    1    1    1    1  1.63432E+15 0.00116 
   66   66    1    1    1    1    1    1    1    1  1.18958E+15 0.00106 
   67   67    1    1    1    1    1    1    1    1  9.72102E+14 0.00117 
   68   68    1    1    1    1    1    1    1    1  8.72244E+14 0.00123 
   69   69    1    1    1    1    1    1    1    1  1.04791E+15 0.00113 
   70   70    1    1    1    1    1    1    1    1  8.93713E+14 0.00117 
   71   71    1    1    1    1    1    1    1    1  1.63795E+15 0.00116 
   72   72    1    1    1    1    1    1    1    1  1.16465E+15 0.00108 
   73   73    1    1    1    1    1    1    1    1  8.78492E+14 0.00115 
   74   74    1    1    1    1    1    1    1    1  7.02724E+14 0.00142 
   75   75    1    1    1    1    1    1    1    1  5.81015E+14 0.00183 
   76   76    1    1    1    1    1    1    1    1  6.69526E+14 0.00143 
   77   77    1    1    1    1    1    1    1    1  5.26205E+14 0.00185 
   78   78    1    1    1    1    1    1    1    1  4.18138E+14 0.00172 
   79   79    1    1    1    1    1    1    1    1  4.28660E+14 0.00162 
   80   80    1    1    1    1    1    1    1    1  3.17481E+14 0.00207 
   81   81    1    1    1    1    1    1    1    1  2.43814E+14 0.00194 
   82   82    1    1    1    1    1    1    1    1  1.88393E+14 0.00238 
   83   83    1    1    1    1    1    1    1    1  1.76128E+14 0.00277 
   84   84    1    1    1    1    1    1    1    1  1.26776E+14 0.00204 
   85   85    1    1    1    1    1    1    1    1  9.13972E+13 0.00297 
   86   86    1    1    1    1    1    1    1    1  8.51591E+13 0.00377 
   87   87    1    1    1    1    1    1    1    1  5.25961E+13 0.00363 
   88   88    1    1    1    1    1    1    1    1  3.55735E+13 0.00416 
   89   89    1    1    1    1    1    1    1    1  2.05121E+13 0.00744 
   90   90    1    1    1    1    1    1    1    1  1.35019E+13 0.00653 
   91   91    1    1    1    1    1    1    1    1  6.82269E+12 0.01243 
   92   92    1    1    1    1    1    1    1    1  3.35146E+12 0.01992 
   93   93    1    1    1    1    1    1    1    1  1.55478E+12 0.02916 
   94   94    1    1    1    1    1    1    1    1  7.55946E+11 0.03442 
   95   95    1    1    1    1    1    1    1    1  3.84928E+11 0.05121 
   96   96    1    1    1    1    1    1    1    1  1.80769E+11 0.07517 
   97   97    1    1    1    1    1    1    1    1  9.09453E+10 0.08941 
   98   98    1    1    1    1    1    1    1    1  4.06980E+10 0.14557 
   99   99    1    1    1    1    1    1    1    1  2.16357E+10 0.18776 
  100  100    1    1    1    1    1    1    1    1  2.24853E+10 0.23803 
];


