
DETdpaspec = [
    1    1    1    1    1    1    1    1    1    1  0.00000E+00 0.00000 
    2    2    1    1    1    1    1    1    1    1  0.00000E+00 0.00000 
    3    3    1    1    1    1    1    1    1    1  0.00000E+00 0.00000 
    4    4    1    1    1    1    1    1    1    1  0.00000E+00 0.00000 
    5    5    1    1    1    1    1    1    1    1  0.00000E+00 0.00000 
    6    6    1    1    1    1    1    1    1    1  0.00000E+00 0.00000 
    7    7    1    1    1    1    1    1    1    1  1.87999E+07 1.00000 
    8    8    1    1    1    1    1    1    1    1  2.29743E+07 1.00000 
    9    9    1    1    1    1    1    1    1    1  0.00000E+00 0.00000 
   10   10    1    1    1    1    1    1    1    1  0.00000E+00 0.00000 
   11   11    1    1    1    1    1    1    1    1  1.95448E+08 0.55152 
   12   12    1    1    1    1    1    1    1    1  1.30516E+08 0.47522 
   13   13    1    1    1    1    1    1    1    1  1.64288E+09 0.74887 
   14   14    1    1    1    1    1    1    1    1  5.58923E+09 0.35583 
   15   15    1    1    1    1    1    1    1    1  5.85827E+09 0.27633 
   16   16    1    1    1    1    1    1    1    1  3.38498E+09 0.35222 
   17   17    1    1    1    1    1    1    1    1  5.01416E+09 0.17458 
   18   18    1    1    1    1    1    1    1    1  1.28268E+10 0.18547 
   19   19    1    1    1    1    1    1    1    1  9.63593E+09 0.21440 
   20   20    1    1    1    1    1    1    1    1  5.20399E+10 0.08665 
   21   21    1    1    1    1    1    1    1    1  3.35874E+10 0.11359 
   22   22    1    1    1    1    1    1    1    1  8.26395E+10 0.10324 
   23   23    1    1    1    1    1    1    1    1  1.29954E+11 0.06430 
   24   24    1    1    1    1    1    1    1    1  1.94478E+11 0.05496 
   25   25    1    1    1    1    1    1    1    1  2.38932E+11 0.03831 
   26   26    1    1    1    1    1    1    1    1  4.01198E+11 0.04003 
   27   27    1    1    1    1    1    1    1    1  7.66134E+11 0.02059 
   28   28    1    1    1    1    1    1    1    1  1.59354E+12 0.02469 
   29   29    1    1    1    1    1    1    1    1  2.50917E+12 0.02125 
   30   30    1    1    1    1    1    1    1    1  7.20195E+12 0.01566 
   31   31    1    1    1    1    1    1    1    1  2.16989E+13 0.01011 
   32   32    1    1    1    1    1    1    1    1  4.02371E+13 0.00541 
   33   33    1    1    1    1    1    1    1    1  9.40365E+13 0.00415 
   34   34    1    1    1    1    1    1    1    1  1.28984E+14 0.00332 
   35   35    1    1    1    1    1    1    1    1  1.75094E+14 0.00238 
   36   36    1    1    1    1    1    1    1    1  1.21949E+14 0.00231 
   37   37    1    1    1    1    1    1    1    1  3.78140E+13 0.00213 
   38   38    1    1    1    1    1    1    1    1  2.08343E+14 0.00205 
   39   39    1    1    1    1    1    1    1    1  2.79001E+14 0.00199 
   40   40    1    1    1    1    1    1    1    1  4.78225E+14 0.00188 
   41   41    1    1    1    1    1    1    1    1  4.86258E+14 0.00146 
   42   42    1    1    1    1    1    1    1    1  1.01651E+15 0.00139 
   43   43    1    1    1    1    1    1    1    1  1.22243E+15 0.00124 
   44   44    1    1    1    1    1    1    1    1  1.75035E+15 0.00124 
   45   45    1    1    1    1    1    1    1    1  3.45473E+15 0.00100 
   46   46    1    1    1    1    1    1    1    1  1.64447E+15 0.00115 
   47   47    1    1    1    1    1    1    1    1  2.63541E+15 0.00105 
   48   48    1    1    1    1    1    1    1    1  3.68661E+15 0.00102 
   49   49    1    1    1    1    1    1    1    1  3.63183E+15 0.00095 
   50   50    1    1    1    1    1    1    1    1  5.64640E+15 0.00085 
   51   51    1    1    1    1    1    1    1    1  4.52565E+15 0.00081 
   52   52    1    1    1    1    1    1    1    1  5.34438E+15 0.00085 
   53   53    1    1    1    1    1    1    1    1  3.73608E+15 0.00081 
   54   54    1    1    1    1    1    1    1    1  4.54717E+15 0.00065 
   55   55    1    1    1    1    1    1    1    1  3.14188E+15 0.00093 
   56   56    1    1    1    1    1    1    1    1  4.28620E+14 0.00101 
   57   57    1    1    1    1    1    1    1    1  6.24389E+15 0.00078 
   58   58    1    1    1    1    1    1    1    1  2.76239E+15 0.00093 
   59   59    1    1    1    1    1    1    1    1  2.95353E+15 0.00096 
   60   60    1    1    1    1    1    1    1    1  2.28952E+15 0.00090 
   61   61    1    1    1    1    1    1    1    1  2.30063E+15 0.00088 
   62   62    1    1    1    1    1    1    1    1  2.38395E+15 0.00089 
   63   63    1    1    1    1    1    1    1    1  2.00418E+15 0.00128 
   64   64    1    1    1    1    1    1    1    1  1.59569E+15 0.00125 
   65   65    1    1    1    1    1    1    1    1  1.58214E+15 0.00130 
   66   66    1    1    1    1    1    1    1    1  1.15091E+15 0.00118 
   67   67    1    1    1    1    1    1    1    1  9.39173E+14 0.00118 
   68   68    1    1    1    1    1    1    1    1  8.44123E+14 0.00126 
   69   69    1    1    1    1    1    1    1    1  1.01404E+15 0.00105 
   70   70    1    1    1    1    1    1    1    1  8.63289E+14 0.00147 
   71   71    1    1    1    1    1    1    1    1  1.58279E+15 0.00132 
   72   72    1    1    1    1    1    1    1    1  1.12485E+15 0.00123 
   73   73    1    1    1    1    1    1    1    1  8.49757E+14 0.00147 
   74   74    1    1    1    1    1    1    1    1  6.80553E+14 0.00168 
   75   75    1    1    1    1    1    1    1    1  5.60353E+14 0.00152 
   76   76    1    1    1    1    1    1    1    1  6.47296E+14 0.00156 
   77   77    1    1    1    1    1    1    1    1  5.08948E+14 0.00157 
   78   78    1    1    1    1    1    1    1    1  4.02317E+14 0.00207 
   79   79    1    1    1    1    1    1    1    1  4.14430E+14 0.00195 
   80   80    1    1    1    1    1    1    1    1  3.06863E+14 0.00161 
   81   81    1    1    1    1    1    1    1    1  2.35769E+14 0.00184 
   82   82    1    1    1    1    1    1    1    1  1.80871E+14 0.00236 
   83   83    1    1    1    1    1    1    1    1  1.69618E+14 0.00256 
   84   84    1    1    1    1    1    1    1    1  1.22207E+14 0.00280 
   85   85    1    1    1    1    1    1    1    1  8.75317E+13 0.00261 
   86   86    1    1    1    1    1    1    1    1  8.20066E+13 0.00302 
   87   87    1    1    1    1    1    1    1    1  5.05910E+13 0.00400 
   88   88    1    1    1    1    1    1    1    1  3.42859E+13 0.00698 
   89   89    1    1    1    1    1    1    1    1  1.96540E+13 0.00770 
   90   90    1    1    1    1    1    1    1    1  1.30356E+13 0.00901 
   91   91    1    1    1    1    1    1    1    1  6.52228E+12 0.00951 
   92   92    1    1    1    1    1    1    1    1  3.17942E+12 0.01925 
   93   93    1    1    1    1    1    1    1    1  1.54708E+12 0.02794 
   94   94    1    1    1    1    1    1    1    1  7.87220E+11 0.03525 
   95   95    1    1    1    1    1    1    1    1  3.49790E+11 0.04665 
   96   96    1    1    1    1    1    1    1    1  1.70183E+11 0.08554 
   97   97    1    1    1    1    1    1    1    1  9.23776E+10 0.09804 
   98   98    1    1    1    1    1    1    1    1  4.12260E+10 0.10373 
   99   99    1    1    1    1    1    1    1    1  1.93647E+10 0.24233 
  100  100    1    1    1    1    1    1    1    1  1.79148E+10 0.22091 
];


