
DETdpaspec = [
    1    1    1    1    1    1    1    1    1    1  0.00000E+00 0.00000 
    2    2    1    1    1    1    1    1    1    1  0.00000E+00 0.00000 
    3    3    1    1    1    1    1    1    1    1  0.00000E+00 0.00000 
    4    4    1    1    1    1    1    1    1    1  0.00000E+00 0.00000 
    5    5    1    1    1    1    1    1    1    1  0.00000E+00 0.00000 
    6    6    1    1    1    1    1    1    1    1  0.00000E+00 0.00000 
    7    7    1    1    1    1    1    1    1    1  0.00000E+00 0.00000 
    8    8    1    1    1    1    1    1    1    1  0.00000E+00 0.00000 
    9    9    1    1    1    1    1    1    1    1  8.03076E+07 0.61861 
   10   10    1    1    1    1    1    1    1    1  5.59544E+07 1.00000 
   11   11    1    1    1    1    1    1    1    1  2.21180E+08 0.46467 
   12   12    1    1    1    1    1    1    1    1  4.82034E+07 0.69047 
   13   13    1    1    1    1    1    1    1    1  2.66493E+09 0.42405 
   14   14    1    1    1    1    1    1    1    1  3.66660E+09 0.27618 
   15   15    1    1    1    1    1    1    1    1  4.09857E+09 0.32695 
   16   16    1    1    1    1    1    1    1    1  1.63329E+09 0.41692 
   17   17    1    1    1    1    1    1    1    1  3.92196E+09 0.26447 
   18   18    1    1    1    1    1    1    1    1  1.01066E+10 0.17486 
   19   19    1    1    1    1    1    1    1    1  1.08979E+10 0.16778 
   20   20    1    1    1    1    1    1    1    1  2.50801E+10 0.16163 
   21   21    1    1    1    1    1    1    1    1  2.10341E+10 0.10864 
   22   22    1    1    1    1    1    1    1    1  7.47685E+10 0.08658 
   23   23    1    1    1    1    1    1    1    1  8.25661E+10 0.06935 
   24   24    1    1    1    1    1    1    1    1  1.36781E+11 0.06143 
   25   25    1    1    1    1    1    1    1    1  1.92670E+11 0.07015 
   26   26    1    1    1    1    1    1    1    1  2.90698E+11 0.04402 
   27   27    1    1    1    1    1    1    1    1  5.62358E+11 0.03369 
   28   28    1    1    1    1    1    1    1    1  1.05278E+12 0.02221 
   29   29    1    1    1    1    1    1    1    1  1.46750E+12 0.01563 
   30   30    1    1    1    1    1    1    1    1  4.56495E+12 0.01437 
   31   31    1    1    1    1    1    1    1    1  1.36703E+13 0.00894 
   32   32    1    1    1    1    1    1    1    1  2.48834E+13 0.00655 
   33   33    1    1    1    1    1    1    1    1  5.53948E+13 0.00495 
   34   34    1    1    1    1    1    1    1    1  7.27058E+13 0.00330 
   35   35    1    1    1    1    1    1    1    1  1.04859E+14 0.00281 
   36   36    1    1    1    1    1    1    1    1  7.40979E+13 0.00236 
   37   37    1    1    1    1    1    1    1    1  2.34142E+13 0.00302 
   38   38    1    1    1    1    1    1    1    1  1.25990E+14 0.00310 
   39   39    1    1    1    1    1    1    1    1  1.68334E+14 0.00202 
   40   40    1    1    1    1    1    1    1    1  2.81840E+14 0.00205 
   41   41    1    1    1    1    1    1    1    1  2.89628E+14 0.00230 
   42   42    1    1    1    1    1    1    1    1  5.92467E+14 0.00189 
   43   43    1    1    1    1    1    1    1    1  7.02692E+14 0.00109 
   44   44    1    1    1    1    1    1    1    1  9.95691E+14 0.00131 
   45   45    1    1    1    1    1    1    1    1  1.90966E+15 0.00144 
   46   46    1    1    1    1    1    1    1    1  9.07818E+14 0.00174 
   47   47    1    1    1    1    1    1    1    1  1.45616E+15 0.00143 
   48   48    1    1    1    1    1    1    1    1  2.02053E+15 0.00149 
   49   49    1    1    1    1    1    1    1    1  1.98381E+15 0.00160 
   50   50    1    1    1    1    1    1    1    1  3.02391E+15 0.00162 
   51   51    1    1    1    1    1    1    1    1  2.44050E+15 0.00140 
   52   52    1    1    1    1    1    1    1    1  2.81548E+15 0.00147 
   53   53    1    1    1    1    1    1    1    1  1.96391E+15 0.00136 
   54   54    1    1    1    1    1    1    1    1  2.34429E+15 0.00140 
   55   55    1    1    1    1    1    1    1    1  1.62053E+15 0.00153 
   56   56    1    1    1    1    1    1    1    1  2.22227E+14 0.00197 
   57   57    1    1    1    1    1    1    1    1  3.20989E+15 0.00149 
   58   58    1    1    1    1    1    1    1    1  1.38296E+15 0.00162 
   59   59    1    1    1    1    1    1    1    1  1.48287E+15 0.00152 
   60   60    1    1    1    1    1    1    1    1  1.12991E+15 0.00185 
   61   61    1    1    1    1    1    1    1    1  1.13453E+15 0.00186 
   62   62    1    1    1    1    1    1    1    1  1.17222E+15 0.00174 
   63   63    1    1    1    1    1    1    1    1  9.76962E+14 0.00181 
   64   64    1    1    1    1    1    1    1    1  7.74316E+14 0.00202 
   65   65    1    1    1    1    1    1    1    1  7.67215E+14 0.00196 
   66   66    1    1    1    1    1    1    1    1  5.55804E+14 0.00184 
   67   67    1    1    1    1    1    1    1    1  4.57663E+14 0.00196 
   68   68    1    1    1    1    1    1    1    1  4.10353E+14 0.00257 
   69   69    1    1    1    1    1    1    1    1  4.92047E+14 0.00255 
   70   70    1    1    1    1    1    1    1    1  4.20352E+14 0.00278 
   71   71    1    1    1    1    1    1    1    1  7.77794E+14 0.00192 
   72   72    1    1    1    1    1    1    1    1  5.51874E+14 0.00168 
   73   73    1    1    1    1    1    1    1    1  4.14675E+14 0.00237 
   74   74    1    1    1    1    1    1    1    1  3.27704E+14 0.00230 
   75   75    1    1    1    1    1    1    1    1  2.65703E+14 0.00258 
   76   76    1    1    1    1    1    1    1    1  3.02449E+14 0.00202 
   77   77    1    1    1    1    1    1    1    1  2.35350E+14 0.00193 
   78   78    1    1    1    1    1    1    1    1  1.84179E+14 0.00234 
   79   79    1    1    1    1    1    1    1    1  1.88546E+14 0.00295 
   80   80    1    1    1    1    1    1    1    1  1.39167E+14 0.00384 
   81   81    1    1    1    1    1    1    1    1  1.06320E+14 0.00348 
   82   82    1    1    1    1    1    1    1    1  8.10222E+13 0.00359 
   83   83    1    1    1    1    1    1    1    1  7.62463E+13 0.00375 
   84   84    1    1    1    1    1    1    1    1  5.44238E+13 0.00513 
   85   85    1    1    1    1    1    1    1    1  3.95354E+13 0.00486 
   86   86    1    1    1    1    1    1    1    1  3.69345E+13 0.00595 
   87   87    1    1    1    1    1    1    1    1  2.28053E+13 0.00598 
   88   88    1    1    1    1    1    1    1    1  1.56164E+13 0.00607 
   89   89    1    1    1    1    1    1    1    1  9.00614E+12 0.01275 
   90   90    1    1    1    1    1    1    1    1  5.92750E+12 0.01456 
   91   91    1    1    1    1    1    1    1    1  2.96402E+12 0.01432 
   92   92    1    1    1    1    1    1    1    1  1.50330E+12 0.01852 
   93   93    1    1    1    1    1    1    1    1  7.39381E+11 0.03162 
   94   94    1    1    1    1    1    1    1    1  3.16262E+11 0.04404 
   95   95    1    1    1    1    1    1    1    1  1.44530E+11 0.07505 
   96   96    1    1    1    1    1    1    1    1  9.29101E+10 0.10147 
   97   97    1    1    1    1    1    1    1    1  3.49978E+10 0.12724 
   98   98    1    1    1    1    1    1    1    1  1.85339E+10 0.19630 
   99   99    1    1    1    1    1    1    1    1  7.37421E+09 0.28098 
  100  100    1    1    1    1    1    1    1    1  5.63347E+09 0.28868 
];


