
DETdpaspec = [
    1    1    1    1    1    1    1    1    1    1  0.00000E+00 0.00000 
    2    2    1    1    1    1    1    1    1    1  0.00000E+00 0.00000 
    3    3    1    1    1    1    1    1    1    1  0.00000E+00 0.00000 
    4    4    1    1    1    1    1    1    1    1  0.00000E+00 0.00000 
    5    5    1    1    1    1    1    1    1    1  1.15524E+07 1.00000 
    6    6    1    1    1    1    1    1    1    1  0.00000E+00 0.00000 
    7    7    1    1    1    1    1    1    1    1  1.72537E+07 1.00000 
    8    8    1    1    1    1    1    1    1    1  2.23462E+07 1.00000 
    9    9    1    1    1    1    1    1    1    1  3.22154E+07 0.72297 
   10   10    1    1    1    1    1    1    1    1  1.03260E+08 0.69343 
   11   11    1    1    1    1    1    1    1    1  2.66319E+08 1.00000 
   12   12    1    1    1    1    1    1    1    1  3.22227E+07 0.81918 
   13   13    1    1    1    1    1    1    1    1  1.21957E+09 0.58624 
   14   14    1    1    1    1    1    1    1    1  3.59576E+09 0.37996 
   15   15    1    1    1    1    1    1    1    1  4.04880E+09 0.38541 
   16   16    1    1    1    1    1    1    1    1  1.83756E+09 0.28156 
   17   17    1    1    1    1    1    1    1    1  2.68589E+09 0.29698 
   18   18    1    1    1    1    1    1    1    1  7.99745E+09 0.22172 
   19   19    1    1    1    1    1    1    1    1  1.04127E+10 0.12700 
   20   20    1    1    1    1    1    1    1    1  3.43534E+10 0.10076 
   21   21    1    1    1    1    1    1    1    1  2.01732E+10 0.10729 
   22   22    1    1    1    1    1    1    1    1  6.21363E+10 0.07676 
   23   23    1    1    1    1    1    1    1    1  8.84531E+10 0.06763 
   24   24    1    1    1    1    1    1    1    1  1.43492E+11 0.05836 
   25   25    1    1    1    1    1    1    1    1  1.70624E+11 0.05662 
   26   26    1    1    1    1    1    1    1    1  2.93089E+11 0.03908 
   27   27    1    1    1    1    1    1    1    1  5.30042E+11 0.03882 
   28   28    1    1    1    1    1    1    1    1  9.39468E+11 0.02538 
   29   29    1    1    1    1    1    1    1    1  1.32028E+12 0.01840 
   30   30    1    1    1    1    1    1    1    1  4.26768E+12 0.01517 
   31   31    1    1    1    1    1    1    1    1  1.29754E+13 0.00847 
   32   32    1    1    1    1    1    1    1    1  2.38047E+13 0.00663 
   33   33    1    1    1    1    1    1    1    1  5.23636E+13 0.00499 
   34   34    1    1    1    1    1    1    1    1  6.89130E+13 0.00404 
   35   35    1    1    1    1    1    1    1    1  9.93708E+13 0.00357 
   36   36    1    1    1    1    1    1    1    1  7.01899E+13 0.00254 
   37   37    1    1    1    1    1    1    1    1  2.22278E+13 0.00299 
   38   38    1    1    1    1    1    1    1    1  1.19597E+14 0.00293 
   39   39    1    1    1    1    1    1    1    1  1.58651E+14 0.00246 
   40   40    1    1    1    1    1    1    1    1  2.66284E+14 0.00232 
   41   41    1    1    1    1    1    1    1    1  2.74625E+14 0.00200 
   42   42    1    1    1    1    1    1    1    1  5.60248E+14 0.00175 
   43   43    1    1    1    1    1    1    1    1  6.64100E+14 0.00147 
   44   44    1    1    1    1    1    1    1    1  9.39474E+14 0.00136 
   45   45    1    1    1    1    1    1    1    1  1.79837E+15 0.00136 
   46   46    1    1    1    1    1    1    1    1  8.55031E+14 0.00140 
   47   47    1    1    1    1    1    1    1    1  1.37140E+15 0.00132 
   48   48    1    1    1    1    1    1    1    1  1.90256E+15 0.00138 
   49   49    1    1    1    1    1    1    1    1  1.86757E+15 0.00125 
   50   50    1    1    1    1    1    1    1    1  2.84098E+15 0.00142 
   51   51    1    1    1    1    1    1    1    1  2.29305E+15 0.00132 
   52   52    1    1    1    1    1    1    1    1  2.63897E+15 0.00145 
   53   53    1    1    1    1    1    1    1    1  1.84352E+15 0.00156 
   54   54    1    1    1    1    1    1    1    1  2.19582E+15 0.00142 
   55   55    1    1    1    1    1    1    1    1  1.51920E+15 0.00144 
   56   56    1    1    1    1    1    1    1    1  2.08021E+14 0.00197 
   57   57    1    1    1    1    1    1    1    1  3.00732E+15 0.00139 
   58   58    1    1    1    1    1    1    1    1  1.29310E+15 0.00137 
   59   59    1    1    1    1    1    1    1    1  1.38726E+15 0.00137 
   60   60    1    1    1    1    1    1    1    1  1.05587E+15 0.00159 
   61   61    1    1    1    1    1    1    1    1  1.06080E+15 0.00177 
   62   62    1    1    1    1    1    1    1    1  1.09519E+15 0.00146 
   63   63    1    1    1    1    1    1    1    1  9.12724E+14 0.00157 
   64   64    1    1    1    1    1    1    1    1  7.22336E+14 0.00159 
   65   65    1    1    1    1    1    1    1    1  7.13540E+14 0.00172 
   66   66    1    1    1    1    1    1    1    1  5.17404E+14 0.00144 
   67   67    1    1    1    1    1    1    1    1  4.24284E+14 0.00166 
   68   68    1    1    1    1    1    1    1    1  3.82062E+14 0.00157 
   69   69    1    1    1    1    1    1    1    1  4.59565E+14 0.00186 
   70   70    1    1    1    1    1    1    1    1  3.91995E+14 0.00214 
   71   71    1    1    1    1    1    1    1    1  7.26345E+14 0.00190 
   72   72    1    1    1    1    1    1    1    1  5.16759E+14 0.00207 
   73   73    1    1    1    1    1    1    1    1  3.85968E+14 0.00274 
   74   74    1    1    1    1    1    1    1    1  3.04884E+14 0.00192 
   75   75    1    1    1    1    1    1    1    1  2.47906E+14 0.00207 
   76   76    1    1    1    1    1    1    1    1  2.82765E+14 0.00185 
   77   77    1    1    1    1    1    1    1    1  2.19127E+14 0.00262 
   78   78    1    1    1    1    1    1    1    1  1.71653E+14 0.00209 
   79   79    1    1    1    1    1    1    1    1  1.75022E+14 0.00208 
   80   80    1    1    1    1    1    1    1    1  1.29201E+14 0.00259 
   81   81    1    1    1    1    1    1    1    1  9.85509E+13 0.00262 
   82   82    1    1    1    1    1    1    1    1  7.59346E+13 0.00363 
   83   83    1    1    1    1    1    1    1    1  7.09023E+13 0.00342 
   84   84    1    1    1    1    1    1    1    1  5.07996E+13 0.00290 
   85   85    1    1    1    1    1    1    1    1  3.63234E+13 0.00400 
   86   86    1    1    1    1    1    1    1    1  3.41501E+13 0.00443 
   87   87    1    1    1    1    1    1    1    1  2.14036E+13 0.00675 
   88   88    1    1    1    1    1    1    1    1  1.43926E+13 0.00622 
   89   89    1    1    1    1    1    1    1    1  8.31485E+12 0.01036 
   90   90    1    1    1    1    1    1    1    1  5.50512E+12 0.01460 
   91   91    1    1    1    1    1    1    1    1  2.74337E+12 0.01603 
   92   92    1    1    1    1    1    1    1    1  1.32940E+12 0.02437 
   93   93    1    1    1    1    1    1    1    1  6.76237E+11 0.03385 
   94   94    1    1    1    1    1    1    1    1  3.26743E+11 0.05147 
   95   95    1    1    1    1    1    1    1    1  1.61754E+11 0.05683 
   96   96    1    1    1    1    1    1    1    1  9.01824E+10 0.11517 
   97   97    1    1    1    1    1    1    1    1  3.71769E+10 0.16827 
   98   98    1    1    1    1    1    1    1    1  1.54966E+10 0.20642 
   99   99    1    1    1    1    1    1    1    1  9.71968E+09 0.31135 
  100  100    1    1    1    1    1    1    1    1  1.41698E+10 0.26790 
];


