
DETdpaspec = [
    1    1    1    1    1    1    1    1    1    1  0.00000E+00 0.00000 
    2    2    1    1    1    1    1    1    1    1  0.00000E+00 0.00000 
    3    3    1    1    1    1    1    1    1    1  0.00000E+00 0.00000 
    4    4    1    1    1    1    1    1    1    1  0.00000E+00 0.00000 
    5    5    1    1    1    1    1    1    1    1  0.00000E+00 0.00000 
    6    6    1    1    1    1    1    1    1    1  0.00000E+00 0.00000 
    7    7    1    1    1    1    1    1    1    1  0.00000E+00 0.00000 
    8    8    1    1    1    1    1    1    1    1  0.00000E+00 0.00000 
    9    9    1    1    1    1    1    1    1    1  0.00000E+00 0.00000 
   10   10    1    1    1    1    1    1    1    1  1.28911E+08 1.00000 
   11   11    1    1    1    1    1    1    1    1  0.00000E+00 0.00000 
   12   12    1    1    1    1    1    1    1    1  2.12353E+08 0.73759 
   13   13    1    1    1    1    1    1    1    1  2.26363E+09 0.56853 
   14   14    1    1    1    1    1    1    1    1  5.07578E+09 0.33473 
   15   15    1    1    1    1    1    1    1    1  6.07745E+09 0.37134 
   16   16    1    1    1    1    1    1    1    1  1.37384E+09 0.33030 
   17   17    1    1    1    1    1    1    1    1  4.90319E+09 0.25761 
   18   18    1    1    1    1    1    1    1    1  1.00583E+10 0.19806 
   19   19    1    1    1    1    1    1    1    1  1.48942E+10 0.18191 
   20   20    1    1    1    1    1    1    1    1  3.91853E+10 0.10659 
   21   21    1    1    1    1    1    1    1    1  4.01925E+10 0.13011 
   22   22    1    1    1    1    1    1    1    1  6.58880E+10 0.09378 
   23   23    1    1    1    1    1    1    1    1  1.22470E+11 0.09474 
   24   24    1    1    1    1    1    1    1    1  2.51875E+11 0.07005 
   25   25    1    1    1    1    1    1    1    1  4.13676E+11 0.04811 
   26   26    1    1    1    1    1    1    1    1  8.92609E+11 0.03044 
   27   27    1    1    1    1    1    1    1    1  2.02454E+12 0.02517 
   28   28    1    1    1    1    1    1    1    1  4.95419E+12 0.01327 
   29   29    1    1    1    1    1    1    1    1  8.88556E+12 0.00936 
   30   30    1    1    1    1    1    1    1    1  2.05290E+13 0.00612 
   31   31    1    1    1    1    1    1    1    1  5.41832E+13 0.00402 
   32   32    1    1    1    1    1    1    1    1  8.91986E+13 0.00417 
   33   33    1    1    1    1    1    1    1    1  1.97020E+14 0.00264 
   34   34    1    1    1    1    1    1    1    1  2.63889E+14 0.00181 
   35   35    1    1    1    1    1    1    1    1  3.02861E+14 0.00166 
   36   36    1    1    1    1    1    1    1    1  1.93978E+14 0.00164 
   37   37    1    1    1    1    1    1    1    1  5.76486E+13 0.00169 
   38   38    1    1    1    1    1    1    1    1  3.25799E+14 0.00150 
   39   39    1    1    1    1    1    1    1    1  4.34192E+14 0.00158 
   40   40    1    1    1    1    1    1    1    1  7.44445E+14 0.00144 
   41   41    1    1    1    1    1    1    1    1  7.24034E+14 0.00151 
   42   42    1    1    1    1    1    1    1    1  1.54110E+15 0.00146 
   43   43    1    1    1    1    1    1    1    1  1.84014E+15 0.00101 
   44   44    1    1    1    1    1    1    1    1  2.61312E+15 0.00093 
   45   45    1    1    1    1    1    1    1    1  5.15535E+15 0.00080 
   46   46    1    1    1    1    1    1    1    1  2.38254E+15 0.00078 
   47   47    1    1    1    1    1    1    1    1  3.75626E+15 0.00086 
   48   48    1    1    1    1    1    1    1    1  5.20815E+15 0.00065 
   49   49    1    1    1    1    1    1    1    1  5.06007E+15 0.00057 
   50   50    1    1    1    1    1    1    1    1  7.94052E+15 0.00063 
   51   51    1    1    1    1    1    1    1    1  6.18809E+15 0.00076 
   52   52    1    1    1    1    1    1    1    1  7.42749E+15 0.00076 
   53   53    1    1    1    1    1    1    1    1  5.13205E+15 0.00070 
   54   54    1    1    1    1    1    1    1    1  6.36952E+15 0.00073 
   55   55    1    1    1    1    1    1    1    1  4.36861E+15 0.00074 
   56   56    1    1    1    1    1    1    1    1  5.91351E+14 0.00078 
   57   57    1    1    1    1    1    1    1    1  8.62843E+15 0.00067 
   58   58    1    1    1    1    1    1    1    1  3.91716E+15 0.00061 
   59   59    1    1    1    1    1    1    1    1  4.14261E+15 0.00079 
   60   60    1    1    1    1    1    1    1    1  3.27215E+15 0.00066 
   61   61    1    1    1    1    1    1    1    1  3.26590E+15 0.00082 
   62   62    1    1    1    1    1    1    1    1  3.39565E+15 0.00068 
   63   63    1    1    1    1    1    1    1    1  2.86297E+15 0.00067 
   64   64    1    1    1    1    1    1    1    1  2.27050E+15 0.00075 
   65   65    1    1    1    1    1    1    1    1  2.25190E+15 0.00082 
   66   66    1    1    1    1    1    1    1    1  1.63803E+15 0.00091 
   67   67    1    1    1    1    1    1    1    1  1.32759E+15 0.00089 
   68   68    1    1    1    1    1    1    1    1  1.18479E+15 0.00115 
   69   69    1    1    1    1    1    1    1    1  1.42140E+15 0.00112 
   70   70    1    1    1    1    1    1    1    1  1.20584E+15 0.00077 
   71   71    1    1    1    1    1    1    1    1  2.16373E+15 0.00100 
   72   72    1    1    1    1    1    1    1    1  1.52608E+15 0.00086 
   73   73    1    1    1    1    1    1    1    1  1.15339E+15 0.00099 
   74   74    1    1    1    1    1    1    1    1  9.35663E+14 0.00093 
   75   75    1    1    1    1    1    1    1    1  7.86104E+14 0.00102 
   76   76    1    1    1    1    1    1    1    1  9.19250E+14 0.00104 
   77   77    1    1    1    1    1    1    1    1  7.32762E+14 0.00137 
   78   78    1    1    1    1    1    1    1    1  5.88123E+14 0.00150 
   79   79    1    1    1    1    1    1    1    1  6.09886E+14 0.00166 
   80   80    1    1    1    1    1    1    1    1  4.53511E+14 0.00133 
   81   81    1    1    1    1    1    1    1    1  3.50466E+14 0.00180 
   82   82    1    1    1    1    1    1    1    1  2.68690E+14 0.00214 
   83   83    1    1    1    1    1    1    1    1  2.51941E+14 0.00234 
   84   84    1    1    1    1    1    1    1    1  1.80246E+14 0.00197 
   85   85    1    1    1    1    1    1    1    1  1.30669E+14 0.00198 
   86   86    1    1    1    1    1    1    1    1  1.22158E+14 0.00279 
   87   87    1    1    1    1    1    1    1    1  7.54064E+13 0.00318 
   88   88    1    1    1    1    1    1    1    1  5.01853E+13 0.00370 
   89   89    1    1    1    1    1    1    1    1  2.86747E+13 0.00551 
   90   90    1    1    1    1    1    1    1    1  1.89731E+13 0.00778 
   91   91    1    1    1    1    1    1    1    1  9.48997E+12 0.00755 
   92   92    1    1    1    1    1    1    1    1  4.65836E+12 0.01288 
   93   93    1    1    1    1    1    1    1    1  2.17035E+12 0.01979 
   94   94    1    1    1    1    1    1    1    1  1.03940E+12 0.03040 
   95   95    1    1    1    1    1    1    1    1  4.78146E+11 0.04222 
   96   96    1    1    1    1    1    1    1    1  2.38464E+11 0.06282 
   97   97    1    1    1    1    1    1    1    1  1.19089E+11 0.08033 
   98   98    1    1    1    1    1    1    1    1  5.27629E+10 0.10727 
   99   99    1    1    1    1    1    1    1    1  2.56569E+10 0.17028 
  100  100    1    1    1    1    1    1    1    1  2.84461E+10 0.15870 
];


