
DETdpaspec = [
    1    1    1    1    1    1    1    1    1    1  0.00000E+00 0.00000 
    2    2    1    1    1    1    1    1    1    1  0.00000E+00 0.00000 
    3    3    1    1    1    1    1    1    1    1  0.00000E+00 0.00000 
    4    4    1    1    1    1    1    1    1    1  0.00000E+00 0.00000 
    5    5    1    1    1    1    1    1    1    1  0.00000E+00 0.00000 
    6    6    1    1    1    1    1    1    1    1  0.00000E+00 0.00000 
    7    7    1    1    1    1    1    1    1    1  1.93983E+07 1.00000 
    8    8    1    1    1    1    1    1    1    1  0.00000E+00 0.00000 
    9    9    1    1    1    1    1    1    1    1  2.26779E+07 0.68861 
   10   10    1    1    1    1    1    1    1    1  9.54407E+07 0.70488 
   11   11    1    1    1    1    1    1    1    1  4.91373E+08 0.50671 
   12   12    1    1    1    1    1    1    1    1  1.20610E+08 0.68950 
   13   13    1    1    1    1    1    1    1    1  5.91783E+08 0.56954 
   14   14    1    1    1    1    1    1    1    1  3.15561E+09 0.49681 
   15   15    1    1    1    1    1    1    1    1  6.13464E+09 0.35481 
   16   16    1    1    1    1    1    1    1    1  1.57732E+09 0.29602 
   17   17    1    1    1    1    1    1    1    1  3.66884E+09 0.28268 
   18   18    1    1    1    1    1    1    1    1  1.29903E+10 0.18037 
   19   19    1    1    1    1    1    1    1    1  8.79461E+09 0.24146 
   20   20    1    1    1    1    1    1    1    1  3.57622E+10 0.13118 
   21   21    1    1    1    1    1    1    1    1  2.90698E+10 0.13112 
   22   22    1    1    1    1    1    1    1    1  7.67282E+10 0.08890 
   23   23    1    1    1    1    1    1    1    1  1.15339E+11 0.06911 
   24   24    1    1    1    1    1    1    1    1  1.80599E+11 0.06721 
   25   25    1    1    1    1    1    1    1    1  2.51166E+11 0.05364 
   26   26    1    1    1    1    1    1    1    1  3.88160E+11 0.04457 
   27   27    1    1    1    1    1    1    1    1  7.13685E+11 0.02757 
   28   28    1    1    1    1    1    1    1    1  1.32599E+12 0.01892 
   29   29    1    1    1    1    1    1    1    1  2.06276E+12 0.02581 
   30   30    1    1    1    1    1    1    1    1  6.19169E+12 0.01018 
   31   31    1    1    1    1    1    1    1    1  1.87520E+13 0.00811 
   32   32    1    1    1    1    1    1    1    1  3.48353E+13 0.00365 
   33   33    1    1    1    1    1    1    1    1  7.93762E+13 0.00301 
   34   34    1    1    1    1    1    1    1    1  1.07062E+14 0.00234 
   35   35    1    1    1    1    1    1    1    1  1.49674E+14 0.00203 
   36   36    1    1    1    1    1    1    1    1  1.04969E+14 0.00207 
   37   37    1    1    1    1    1    1    1    1  3.27646E+13 0.00196 
   38   38    1    1    1    1    1    1    1    1  1.79141E+14 0.00201 
   39   39    1    1    1    1    1    1    1    1  2.39500E+14 0.00212 
   40   40    1    1    1    1    1    1    1    1  4.07588E+14 0.00200 
   41   41    1    1    1    1    1    1    1    1  4.16759E+14 0.00161 
   42   42    1    1    1    1    1    1    1    1  8.65642E+14 0.00127 
   43   43    1    1    1    1    1    1    1    1  1.03625E+15 0.00118 
   44   44    1    1    1    1    1    1    1    1  1.47911E+15 0.00139 
   45   45    1    1    1    1    1    1    1    1  2.88671E+15 0.00114 
   46   46    1    1    1    1    1    1    1    1  1.37592E+15 0.00085 
   47   47    1    1    1    1    1    1    1    1  2.20784E+15 0.00086 
   48   48    1    1    1    1    1    1    1    1  3.08134E+15 0.00082 
   49   49    1    1    1    1    1    1    1    1  3.03112E+15 0.00091 
   50   50    1    1    1    1    1    1    1    1  4.68187E+15 0.00113 
   51   51    1    1    1    1    1    1    1    1  3.76581E+15 0.00114 
   52   52    1    1    1    1    1    1    1    1  4.40307E+15 0.00091 
   53   53    1    1    1    1    1    1    1    1  3.07428E+15 0.00090 
   54   54    1    1    1    1    1    1    1    1  3.71675E+15 0.00086 
   55   55    1    1    1    1    1    1    1    1  2.57207E+15 0.00094 
   56   56    1    1    1    1    1    1    1    1  3.51567E+14 0.00161 
   57   57    1    1    1    1    1    1    1    1  5.10827E+15 0.00096 
   58   58    1    1    1    1    1    1    1    1  2.23337E+15 0.00116 
   59   59    1    1    1    1    1    1    1    1  2.39148E+15 0.00119 
   60   60    1    1    1    1    1    1    1    1  1.83965E+15 0.00138 
   61   61    1    1    1    1    1    1    1    1  1.84684E+15 0.00130 
   62   62    1    1    1    1    1    1    1    1  1.91353E+15 0.00122 
   63   63    1    1    1    1    1    1    1    1  1.60433E+15 0.00115 
   64   64    1    1    1    1    1    1    1    1  1.27554E+15 0.00115 
   65   65    1    1    1    1    1    1    1    1  1.26173E+15 0.00126 
   66   66    1    1    1    1    1    1    1    1  9.17487E+14 0.00143 
   67   67    1    1    1    1    1    1    1    1  7.51988E+14 0.00132 
   68   68    1    1    1    1    1    1    1    1  6.75393E+14 0.00166 
   69   69    1    1    1    1    1    1    1    1  8.11338E+14 0.00150 
   70   70    1    1    1    1    1    1    1    1  6.90761E+14 0.00165 
   71   71    1    1    1    1    1    1    1    1  1.27174E+15 0.00136 
   72   72    1    1    1    1    1    1    1    1  9.05696E+14 0.00123 
   73   73    1    1    1    1    1    1    1    1  6.82116E+14 0.00176 
   74   74    1    1    1    1    1    1    1    1  5.41765E+14 0.00172 
   75   75    1    1    1    1    1    1    1    1  4.45003E+14 0.00143 
   76   76    1    1    1    1    1    1    1    1  5.10095E+14 0.00175 
   77   77    1    1    1    1    1    1    1    1  3.99468E+14 0.00165 
   78   78    1    1    1    1    1    1    1    1  3.14359E+14 0.00210 
   79   79    1    1    1    1    1    1    1    1  3.22141E+14 0.00140 
   80   80    1    1    1    1    1    1    1    1  2.38618E+14 0.00236 
   81   81    1    1    1    1    1    1    1    1  1.83237E+14 0.00224 
   82   82    1    1    1    1    1    1    1    1  1.40535E+14 0.00258 
   83   83    1    1    1    1    1    1    1    1  1.31138E+14 0.00303 
   84   84    1    1    1    1    1    1    1    1  9.44878E+13 0.00370 
   85   85    1    1    1    1    1    1    1    1  6.80231E+13 0.00572 
   86   86    1    1    1    1    1    1    1    1  6.33124E+13 0.00432 
   87   87    1    1    1    1    1    1    1    1  3.92775E+13 0.00486 
   88   88    1    1    1    1    1    1    1    1  2.65207E+13 0.00480 
   89   89    1    1    1    1    1    1    1    1  1.52420E+13 0.00914 
   90   90    1    1    1    1    1    1    1    1  1.00264E+13 0.00916 
   91   91    1    1    1    1    1    1    1    1  5.25675E+12 0.01341 
   92   92    1    1    1    1    1    1    1    1  2.54537E+12 0.01896 
   93   93    1    1    1    1    1    1    1    1  1.21270E+12 0.02931 
   94   94    1    1    1    1    1    1    1    1  6.18085E+11 0.03836 
   95   95    1    1    1    1    1    1    1    1  2.83009E+11 0.05063 
   96   96    1    1    1    1    1    1    1    1  1.38941E+11 0.07622 
   97   97    1    1    1    1    1    1    1    1  6.17828E+10 0.12744 
   98   98    1    1    1    1    1    1    1    1  3.24909E+10 0.15316 
   99   99    1    1    1    1    1    1    1    1  1.55829E+10 0.25727 
  100  100    1    1    1    1    1    1    1    1  1.70014E+10 0.16062 
];


