
DETdpaspec = [
    1    1    1    1    1    1    1    1    1    1  0.00000E+00 0.00000 
    2    2    1    1    1    1    1    1    1    1  0.00000E+00 0.00000 
    3    3    1    1    1    1    1    1    1    1  0.00000E+00 0.00000 
    4    4    1    1    1    1    1    1    1    1  0.00000E+00 0.00000 
    5    5    1    1    1    1    1    1    1    1  0.00000E+00 0.00000 
    6    6    1    1    1    1    1    1    1    1  1.35584E+07 1.00000 
    7    7    1    1    1    1    1    1    1    1  2.41786E+07 1.00000 
    8    8    1    1    1    1    1    1    1    1  0.00000E+00 0.00000 
    9    9    1    1    1    1    1    1    1    1  0.00000E+00 0.00000 
   10   10    1    1    1    1    1    1    1    1  1.23303E+08 1.00000 
   11   11    1    1    1    1    1    1    1    1  2.17002E+08 0.70799 
   12   12    1    1    1    1    1    1    1    1  2.51675E+07 0.86268 
   13   13    1    1    1    1    1    1    1    1  2.42517E+09 0.46895 
   14   14    1    1    1    1    1    1    1    1  3.98930E+09 0.37356 
   15   15    1    1    1    1    1    1    1    1  5.27231E+09 0.52277 
   16   16    1    1    1    1    1    1    1    1  1.37699E+09 0.37027 
   17   17    1    1    1    1    1    1    1    1  1.71603E+09 0.42482 
   18   18    1    1    1    1    1    1    1    1  5.93330E+09 0.23341 
   19   19    1    1    1    1    1    1    1    1  1.91776E+10 0.19560 
   20   20    1    1    1    1    1    1    1    1  3.35410E+10 0.14886 
   21   21    1    1    1    1    1    1    1    1  3.40926E+10 0.12215 
   22   22    1    1    1    1    1    1    1    1  7.20799E+10 0.09691 
   23   23    1    1    1    1    1    1    1    1  1.25133E+11 0.06190 
   24   24    1    1    1    1    1    1    1    1  1.96415E+11 0.07595 
   25   25    1    1    1    1    1    1    1    1  2.67078E+11 0.04583 
   26   26    1    1    1    1    1    1    1    1  4.01428E+11 0.03935 
   27   27    1    1    1    1    1    1    1    1  7.34101E+11 0.03206 
   28   28    1    1    1    1    1    1    1    1  1.79156E+12 0.02169 
   29   29    1    1    1    1    1    1    1    1  3.02881E+12 0.01762 
   30   30    1    1    1    1    1    1    1    1  8.52553E+12 0.00888 
   31   31    1    1    1    1    1    1    1    1  2.55741E+13 0.00666 
   32   32    1    1    1    1    1    1    1    1  4.71608E+13 0.00486 
   33   33    1    1    1    1    1    1    1    1  1.10387E+14 0.00206 
   34   34    1    1    1    1    1    1    1    1  1.52892E+14 0.00225 
   35   35    1    1    1    1    1    1    1    1  2.00536E+14 0.00186 
   36   36    1    1    1    1    1    1    1    1  1.37620E+14 0.00141 
   37   37    1    1    1    1    1    1    1    1  4.21233E+13 0.00176 
   38   38    1    1    1    1    1    1    1    1  2.34591E+14 0.00205 
   39   39    1    1    1    1    1    1    1    1  3.14638E+14 0.00134 
   40   40    1    1    1    1    1    1    1    1  5.41342E+14 0.00098 
   41   41    1    1    1    1    1    1    1    1  5.44785E+14 0.00096 
   42   42    1    1    1    1    1    1    1    1  1.15196E+15 0.00078 
   43   43    1    1    1    1    1    1    1    1  1.38616E+15 0.00075 
   44   44    1    1    1    1    1    1    1    1  1.99290E+15 0.00067 
   45   45    1    1    1    1    1    1    1    1  3.95426E+15 0.00060 
   46   46    1    1    1    1    1    1    1    1  1.87502E+15 0.00071 
   47   47    1    1    1    1    1    1    1    1  2.99939E+15 0.00059 
   48   48    1    1    1    1    1    1    1    1  4.20287E+15 0.00077 
   49   49    1    1    1    1    1    1    1    1  4.13000E+15 0.00068 
   50   50    1    1    1    1    1    1    1    1  6.46693E+15 0.00064 
   51   51    1    1    1    1    1    1    1    1  5.15346E+15 0.00064 
   52   52    1    1    1    1    1    1    1    1  6.13330E+15 0.00064 
   53   53    1    1    1    1    1    1    1    1  4.28100E+15 0.00075 
   54   54    1    1    1    1    1    1    1    1  5.24854E+15 0.00057 
   55   55    1    1    1    1    1    1    1    1  3.62669E+15 0.00063 
   56   56    1    1    1    1    1    1    1    1  4.94317E+14 0.00071 
   57   57    1    1    1    1    1    1    1    1  7.20510E+15 0.00069 
   58   58    1    1    1    1    1    1    1    1  3.22030E+15 0.00071 
   59   59    1    1    1    1    1    1    1    1  3.43290E+15 0.00074 
   60   60    1    1    1    1    1    1    1    1  2.68048E+15 0.00066 
   61   61    1    1    1    1    1    1    1    1  2.68871E+15 0.00066 
   62   62    1    1    1    1    1    1    1    1  2.79400E+15 0.00091 
   63   63    1    1    1    1    1    1    1    1  2.35413E+15 0.00090 
   64   64    1    1    1    1    1    1    1    1  1.87321E+15 0.00097 
   65   65    1    1    1    1    1    1    1    1  1.86080E+15 0.00098 
   66   66    1    1    1    1    1    1    1    1  1.35560E+15 0.00085 
   67   67    1    1    1    1    1    1    1    1  1.10473E+15 0.00103 
   68   68    1    1    1    1    1    1    1    1  9.90343E+14 0.00105 
   69   69    1    1    1    1    1    1    1    1  1.19172E+15 0.00112 
   70   70    1    1    1    1    1    1    1    1  1.01466E+15 0.00090 
   71   71    1    1    1    1    1    1    1    1  1.84966E+15 0.00092 
   72   72    1    1    1    1    1    1    1    1  1.31313E+15 0.00135 
   73   73    1    1    1    1    1    1    1    1  9.93145E+14 0.00145 
   74   74    1    1    1    1    1    1    1    1  7.97335E+14 0.00117 
   75   75    1    1    1    1    1    1    1    1  6.62007E+14 0.00165 
   76   76    1    1    1    1    1    1    1    1  7.66822E+14 0.00151 
   77   77    1    1    1    1    1    1    1    1  6.05593E+14 0.00115 
   78   78    1    1    1    1    1    1    1    1  4.81381E+14 0.00170 
   79   79    1    1    1    1    1    1    1    1  4.96581E+14 0.00145 
   80   80    1    1    1    1    1    1    1    1  3.68773E+14 0.00167 
   81   81    1    1    1    1    1    1    1    1  2.83406E+14 0.00158 
   82   82    1    1    1    1    1    1    1    1  2.18216E+14 0.00261 
   83   83    1    1    1    1    1    1    1    1  2.03779E+14 0.00162 
   84   84    1    1    1    1    1    1    1    1  1.47096E+14 0.00245 
   85   85    1    1    1    1    1    1    1    1  1.05983E+14 0.00243 
   86   86    1    1    1    1    1    1    1    1  9.96098E+13 0.00292 
   87   87    1    1    1    1    1    1    1    1  6.10568E+13 0.00477 
   88   88    1    1    1    1    1    1    1    1  4.12426E+13 0.00510 
   89   89    1    1    1    1    1    1    1    1  2.38094E+13 0.00456 
   90   90    1    1    1    1    1    1    1    1  1.56886E+13 0.00757 
   91   91    1    1    1    1    1    1    1    1  7.80722E+12 0.01103 
   92   92    1    1    1    1    1    1    1    1  3.85302E+12 0.01354 
   93   93    1    1    1    1    1    1    1    1  1.85487E+12 0.01906 
   94   94    1    1    1    1    1    1    1    1  8.77179E+11 0.03066 
   95   95    1    1    1    1    1    1    1    1  4.72319E+11 0.04962 
   96   96    1    1    1    1    1    1    1    1  2.12052E+11 0.04561 
   97   97    1    1    1    1    1    1    1    1  9.52434E+10 0.08242 
   98   98    1    1    1    1    1    1    1    1  3.95523E+10 0.16927 
   99   99    1    1    1    1    1    1    1    1  2.37515E+10 0.18218 
  100  100    1    1    1    1    1    1    1    1  1.76498E+10 0.24912 
];


