
DETdpaspec = [
    1    1    1    1    1    1    1    1    1    1  0.00000E+00 0.00000 
    2    2    1    1    1    1    1    1    1    1  0.00000E+00 0.00000 
    3    3    1    1    1    1    1    1    1    1  0.00000E+00 0.00000 
    4    4    1    1    1    1    1    1    1    1  0.00000E+00 0.00000 
    5    5    1    1    1    1    1    1    1    1  0.00000E+00 0.00000 
    6    6    1    1    1    1    1    1    1    1  0.00000E+00 0.00000 
    7    7    1    1    1    1    1    1    1    1  2.04236E+07 1.00000 
    8    8    1    1    1    1    1    1    1    1  5.80481E+07 0.73140 
    9    9    1    1    1    1    1    1    1    1  0.00000E+00 0.00000 
   10   10    1    1    1    1    1    1    1    1  1.45766E+08 1.00000 
   11   11    1    1    1    1    1    1    1    1  7.11144E+07 1.00000 
   12   12    1    1    1    1    1    1    1    1  0.00000E+00 0.00000 
   13   13    1    1    1    1    1    1    1    1  3.89837E+08 0.83721 
   14   14    1    1    1    1    1    1    1    1  3.14858E+09 0.50631 
   15   15    1    1    1    1    1    1    1    1  7.86902E+09 0.30451 
   16   16    1    1    1    1    1    1    1    1  1.29267E+09 0.45482 
   17   17    1    1    1    1    1    1    1    1  3.91316E+09 0.21992 
   18   18    1    1    1    1    1    1    1    1  8.31127E+09 0.21104 
   19   19    1    1    1    1    1    1    1    1  9.07798E+09 0.18180 
   20   20    1    1    1    1    1    1    1    1  4.01840E+10 0.12095 
   21   21    1    1    1    1    1    1    1    1  3.12048E+10 0.10799 
   22   22    1    1    1    1    1    1    1    1  9.23614E+10 0.08247 
   23   23    1    1    1    1    1    1    1    1  1.09647E+11 0.07970 
   24   24    1    1    1    1    1    1    1    1  1.62626E+11 0.06155 
   25   25    1    1    1    1    1    1    1    1  1.92578E+11 0.04911 
   26   26    1    1    1    1    1    1    1    1  3.13805E+11 0.04763 
   27   27    1    1    1    1    1    1    1    1  5.65861E+11 0.03418 
   28   28    1    1    1    1    1    1    1    1  1.12544E+12 0.02277 
   29   29    1    1    1    1    1    1    1    1  1.72799E+12 0.01564 
   30   30    1    1    1    1    1    1    1    1  5.21120E+12 0.01632 
   31   31    1    1    1    1    1    1    1    1  1.57534E+13 0.00992 
   32   32    1    1    1    1    1    1    1    1  2.92976E+13 0.00593 
   33   33    1    1    1    1    1    1    1    1  6.60242E+13 0.00405 
   34   34    1    1    1    1    1    1    1    1  8.80841E+13 0.00314 
   35   35    1    1    1    1    1    1    1    1  1.25277E+14 0.00323 
   36   36    1    1    1    1    1    1    1    1  8.86142E+13 0.00281 
   37   37    1    1    1    1    1    1    1    1  2.78492E+13 0.00291 
   38   38    1    1    1    1    1    1    1    1  1.50863E+14 0.00250 
   39   39    1    1    1    1    1    1    1    1  2.01490E+14 0.00203 
   40   40    1    1    1    1    1    1    1    1  3.39841E+14 0.00213 
   41   41    1    1    1    1    1    1    1    1  3.50009E+14 0.00179 
   42   42    1    1    1    1    1    1    1    1  7.18601E+14 0.00194 
   43   43    1    1    1    1    1    1    1    1  8.57722E+14 0.00170 
   44   44    1    1    1    1    1    1    1    1  1.21696E+15 0.00175 
   45   45    1    1    1    1    1    1    1    1  2.34778E+15 0.00163 
   46   46    1    1    1    1    1    1    1    1  1.11924E+15 0.00159 
   47   47    1    1    1    1    1    1    1    1  1.79678E+15 0.00137 
   48   48    1    1    1    1    1    1    1    1  2.49936E+15 0.00160 
   49   49    1    1    1    1    1    1    1    1  2.46154E+15 0.00134 
   50   50    1    1    1    1    1    1    1    1  3.76950E+15 0.00158 
   51   51    1    1    1    1    1    1    1    1  3.03604E+15 0.00168 
   52   52    1    1    1    1    1    1    1    1  3.51922E+15 0.00156 
   53   53    1    1    1    1    1    1    1    1  2.45932E+15 0.00164 
   54   54    1    1    1    1    1    1    1    1  2.95141E+15 0.00165 
   55   55    1    1    1    1    1    1    1    1  2.04357E+15 0.00161 
   56   56    1    1    1    1    1    1    1    1  2.79602E+14 0.00224 
   57   57    1    1    1    1    1    1    1    1  4.05086E+15 0.00161 
   58   58    1    1    1    1    1    1    1    1  1.75722E+15 0.00171 
   59   59    1    1    1    1    1    1    1    1  1.88082E+15 0.00159 
   60   60    1    1    1    1    1    1    1    1  1.43918E+15 0.00141 
   61   61    1    1    1    1    1    1    1    1  1.44749E+15 0.00159 
   62   62    1    1    1    1    1    1    1    1  1.49647E+15 0.00173 
   63   63    1    1    1    1    1    1    1    1  1.25060E+15 0.00152 
   64   64    1    1    1    1    1    1    1    1  9.92934E+14 0.00163 
   65   65    1    1    1    1    1    1    1    1  9.82629E+14 0.00192 
   66   66    1    1    1    1    1    1    1    1  7.13620E+14 0.00183 
   67   67    1    1    1    1    1    1    1    1  5.84793E+14 0.00175 
   68   68    1    1    1    1    1    1    1    1  5.25477E+14 0.00135 
   69   69    1    1    1    1    1    1    1    1  6.31189E+14 0.00204 
   70   70    1    1    1    1    1    1    1    1  5.38316E+14 0.00201 
   71   71    1    1    1    1    1    1    1    1  9.94078E+14 0.00161 
   72   72    1    1    1    1    1    1    1    1  7.06692E+14 0.00186 
   73   73    1    1    1    1    1    1    1    1  5.30772E+14 0.00179 
   74   74    1    1    1    1    1    1    1    1  4.20302E+14 0.00209 
   75   75    1    1    1    1    1    1    1    1  3.43510E+14 0.00230 
   76   76    1    1    1    1    1    1    1    1  3.93540E+14 0.00220 
   77   77    1    1    1    1    1    1    1    1  3.05078E+14 0.00241 
   78   78    1    1    1    1    1    1    1    1  2.40013E+14 0.00274 
   79   79    1    1    1    1    1    1    1    1  2.45454E+14 0.00233 
   80   80    1    1    1    1    1    1    1    1  1.80869E+14 0.00293 
   81   81    1    1    1    1    1    1    1    1  1.38725E+14 0.00287 
   82   82    1    1    1    1    1    1    1    1  1.06376E+14 0.00313 
   83   83    1    1    1    1    1    1    1    1  9.97972E+13 0.00356 
   84   84    1    1    1    1    1    1    1    1  7.14524E+13 0.00375 
   85   85    1    1    1    1    1    1    1    1  5.14517E+13 0.00376 
   86   86    1    1    1    1    1    1    1    1  4.82436E+13 0.00529 
   87   87    1    1    1    1    1    1    1    1  2.97197E+13 0.00453 
   88   88    1    1    1    1    1    1    1    1  1.99434E+13 0.00709 
   89   89    1    1    1    1    1    1    1    1  1.15233E+13 0.00850 
   90   90    1    1    1    1    1    1    1    1  7.73482E+12 0.01005 
   91   91    1    1    1    1    1    1    1    1  3.93956E+12 0.02088 
   92   92    1    1    1    1    1    1    1    1  1.91415E+12 0.02285 
   93   93    1    1    1    1    1    1    1    1  9.61407E+11 0.02435 
   94   94    1    1    1    1    1    1    1    1  4.73245E+11 0.05234 
   95   95    1    1    1    1    1    1    1    1  2.25308E+11 0.04911 
   96   96    1    1    1    1    1    1    1    1  1.18780E+11 0.07247 
   97   97    1    1    1    1    1    1    1    1  5.23823E+10 0.08762 
   98   98    1    1    1    1    1    1    1    1  2.17531E+10 0.19274 
   99   99    1    1    1    1    1    1    1    1  1.00289E+10 0.35671 
  100  100    1    1    1    1    1    1    1    1  6.44185E+09 0.37661 
];


