
DETdpaspec = [
    1    1    1    1    1    1    1    1    1    1  0.00000E+00 0.00000 
    2    2    1    1    1    1    1    1    1    1  0.00000E+00 0.00000 
    3    3    1    1    1    1    1    1    1    1  0.00000E+00 0.00000 
    4    4    1    1    1    1    1    1    1    1  0.00000E+00 0.00000 
    5    5    1    1    1    1    1    1    1    1  0.00000E+00 0.00000 
    6    6    1    1    1    1    1    1    1    1  1.26612E+07 1.00000 
    7    7    1    1    1    1    1    1    1    1  0.00000E+00 0.00000 
    8    8    1    1    1    1    1    1    1    1  0.00000E+00 0.00000 
    9    9    1    1    1    1    1    1    1    1  3.26157E+07 0.73697 
   10   10    1    1    1    1    1    1    1    1  1.31056E+08 0.76937 
   11   11    1    1    1    1    1    1    1    1  5.57697E+07 1.00000 
   12   12    1    1    1    1    1    1    1    1  3.80745E+07 1.00000 
   13   13    1    1    1    1    1    1    1    1  1.24520E+09 0.50992 
   14   14    1    1    1    1    1    1    1    1  1.13189E+09 0.64463 
   15   15    1    1    1    1    1    1    1    1  4.44461E+09 0.42851 
   16   16    1    1    1    1    1    1    1    1  4.08461E+09 0.26958 
   17   17    1    1    1    1    1    1    1    1  5.85453E+09 0.20306 
   18   18    1    1    1    1    1    1    1    1  9.97803E+09 0.22118 
   19   19    1    1    1    1    1    1    1    1  1.54923E+10 0.15740 
   20   20    1    1    1    1    1    1    1    1  3.77523E+10 0.12155 
   21   21    1    1    1    1    1    1    1    1  3.39437E+10 0.09002 
   22   22    1    1    1    1    1    1    1    1  7.75432E+10 0.08835 
   23   23    1    1    1    1    1    1    1    1  9.44894E+10 0.07133 
   24   24    1    1    1    1    1    1    1    1  1.86621E+11 0.07049 
   25   25    1    1    1    1    1    1    1    1  2.34604E+11 0.05658 
   26   26    1    1    1    1    1    1    1    1  4.04265E+11 0.03593 
   27   27    1    1    1    1    1    1    1    1  7.35970E+11 0.03201 
   28   28    1    1    1    1    1    1    1    1  1.57683E+12 0.01686 
   29   29    1    1    1    1    1    1    1    1  2.61395E+12 0.01295 
   30   30    1    1    1    1    1    1    1    1  7.47696E+12 0.00897 
   31   31    1    1    1    1    1    1    1    1  2.30702E+13 0.00691 
   32   32    1    1    1    1    1    1    1    1  4.21861E+13 0.00531 
   33   33    1    1    1    1    1    1    1    1  9.82106E+13 0.00339 
   34   34    1    1    1    1    1    1    1    1  1.35816E+14 0.00234 
   35   35    1    1    1    1    1    1    1    1  1.82936E+14 0.00214 
   36   36    1    1    1    1    1    1    1    1  1.26856E+14 0.00177 
   37   37    1    1    1    1    1    1    1    1  3.91128E+13 0.00154 
   38   38    1    1    1    1    1    1    1    1  2.15714E+14 0.00147 
   39   39    1    1    1    1    1    1    1    1  2.89467E+14 0.00138 
   40   40    1    1    1    1    1    1    1    1  4.95783E+14 0.00098 
   41   41    1    1    1    1    1    1    1    1  5.02736E+14 0.00100 
   42   42    1    1    1    1    1    1    1    1  1.05793E+15 0.00107 
   43   43    1    1    1    1    1    1    1    1  1.27167E+15 0.00107 
   44   44    1    1    1    1    1    1    1    1  1.82321E+15 0.00114 
   45   45    1    1    1    1    1    1    1    1  3.60522E+15 0.00108 
   46   46    1    1    1    1    1    1    1    1  1.71419E+15 0.00106 
   47   47    1    1    1    1    1    1    1    1  2.74715E+15 0.00105 
   48   48    1    1    1    1    1    1    1    1  3.84546E+15 0.00087 
   49   49    1    1    1    1    1    1    1    1  3.78595E+15 0.00096 
   50   50    1    1    1    1    1    1    1    1  5.89499E+15 0.00096 
   51   51    1    1    1    1    1    1    1    1  4.71986E+15 0.00113 
   52   52    1    1    1    1    1    1    1    1  5.58167E+15 0.00085 
   53   53    1    1    1    1    1    1    1    1  3.90229E+15 0.00105 
   54   54    1    1    1    1    1    1    1    1  4.76035E+15 0.00088 
   55   55    1    1    1    1    1    1    1    1  3.29114E+15 0.00097 
   56   56    1    1    1    1    1    1    1    1  4.49704E+14 0.00101 
   57   57    1    1    1    1    1    1    1    1  6.54499E+15 0.00092 
   58   58    1    1    1    1    1    1    1    1  2.90201E+15 0.00109 
   59   59    1    1    1    1    1    1    1    1  3.09943E+15 0.00109 
   60   60    1    1    1    1    1    1    1    1  2.40757E+15 0.00094 
   61   61    1    1    1    1    1    1    1    1  2.41608E+15 0.00123 
   62   62    1    1    1    1    1    1    1    1  2.50976E+15 0.00094 
   63   63    1    1    1    1    1    1    1    1  2.11051E+15 0.00097 
   64   64    1    1    1    1    1    1    1    1  1.67875E+15 0.00127 
   65   65    1    1    1    1    1    1    1    1  1.66731E+15 0.00102 
   66   66    1    1    1    1    1    1    1    1  1.21329E+15 0.00112 
   67   67    1    1    1    1    1    1    1    1  9.91553E+14 0.00135 
   68   68    1    1    1    1    1    1    1    1  8.89426E+14 0.00142 
   69   69    1    1    1    1    1    1    1    1  1.06828E+15 0.00111 
   70   70    1    1    1    1    1    1    1    1  9.10771E+14 0.00129 
   71   71    1    1    1    1    1    1    1    1  1.66945E+15 0.00092 
   72   72    1    1    1    1    1    1    1    1  1.18543E+15 0.00131 
   73   73    1    1    1    1    1    1    1    1  8.95378E+14 0.00143 
   74   74    1    1    1    1    1    1    1    1  7.17235E+14 0.00169 
   75   75    1    1    1    1    1    1    1    1  5.91721E+14 0.00160 
   76   76    1    1    1    1    1    1    1    1  6.82269E+14 0.00180 
   77   77    1    1    1    1    1    1    1    1  5.36863E+14 0.00171 
   78   78    1    1    1    1    1    1    1    1  4.26715E+14 0.00128 
   79   79    1    1    1    1    1    1    1    1  4.39227E+14 0.00138 
   80   80    1    1    1    1    1    1    1    1  3.23983E+14 0.00217 
   81   81    1    1    1    1    1    1    1    1  2.50859E+14 0.00208 
   82   82    1    1    1    1    1    1    1    1  1.93149E+14 0.00208 
   83   83    1    1    1    1    1    1    1    1  1.79281E+14 0.00222 
   84   84    1    1    1    1    1    1    1    1  1.29811E+14 0.00323 
   85   85    1    1    1    1    1    1    1    1  9.33753E+13 0.00327 
   86   86    1    1    1    1    1    1    1    1  8.69776E+13 0.00291 
   87   87    1    1    1    1    1    1    1    1  5.36036E+13 0.00515 
   88   88    1    1    1    1    1    1    1    1  3.62452E+13 0.00404 
   89   89    1    1    1    1    1    1    1    1  2.07280E+13 0.00517 
   90   90    1    1    1    1    1    1    1    1  1.40639E+13 0.00732 
   91   91    1    1    1    1    1    1    1    1  6.97700E+12 0.01231 
   92   92    1    1    1    1    1    1    1    1  3.48656E+12 0.01646 
   93   93    1    1    1    1    1    1    1    1  1.62676E+12 0.02800 
   94   94    1    1    1    1    1    1    1    1  7.70276E+11 0.04116 
   95   95    1    1    1    1    1    1    1    1  4.07558E+11 0.05369 
   96   96    1    1    1    1    1    1    1    1  2.08716E+11 0.06847 
   97   97    1    1    1    1    1    1    1    1  7.40928E+10 0.11097 
   98   98    1    1    1    1    1    1    1    1  4.40767E+10 0.14181 
   99   99    1    1    1    1    1    1    1    1  1.86680E+10 0.20768 
  100  100    1    1    1    1    1    1    1    1  1.75507E+10 0.21727 
];


