
DETdpaspec = [
    1    1    1    1    1    1    1    1    1    1  0.00000E+00 0.00000 
    2    2    1    1    1    1    1    1    1    1  0.00000E+00 0.00000 
    3    3    1    1    1    1    1    1    1    1  0.00000E+00 0.00000 
    4    4    1    1    1    1    1    1    1    1  0.00000E+00 0.00000 
    5    5    1    1    1    1    1    1    1    1  1.37422E+07 1.00000 
    6    6    1    1    1    1    1    1    1    1  1.41648E+07 1.00000 
    7    7    1    1    1    1    1    1    1    1  0.00000E+00 0.00000 
    8    8    1    1    1    1    1    1    1    1  0.00000E+00 0.00000 
    9    9    1    1    1    1    1    1    1    1  1.98071E+07 1.00000 
   10   10    1    1    1    1    1    1    1    1  2.44686E+08 0.77914 
   11   11    1    1    1    1    1    1    1    1  0.00000E+00 0.00000 
   12   12    1    1    1    1    1    1    1    1  1.50056E+08 0.48636 
   13   13    1    1    1    1    1    1    1    1  3.82068E+09 0.51798 
   14   14    1    1    1    1    1    1    1    1  5.77711E+09 0.41350 
   15   15    1    1    1    1    1    1    1    1  1.26245E+10 0.32107 
   16   16    1    1    1    1    1    1    1    1  1.77291E+09 0.34964 
   17   17    1    1    1    1    1    1    1    1  7.68149E+09 0.25644 
   18   18    1    1    1    1    1    1    1    1  1.86104E+10 0.19736 
   19   19    1    1    1    1    1    1    1    1  1.25267E+10 0.21073 
   20   20    1    1    1    1    1    1    1    1  4.29940E+10 0.12256 
   21   21    1    1    1    1    1    1    1    1  3.46643E+10 0.11915 
   22   22    1    1    1    1    1    1    1    1  7.48355E+10 0.06869 
   23   23    1    1    1    1    1    1    1    1  1.04285E+11 0.07561 
   24   24    1    1    1    1    1    1    1    1  2.18282E+11 0.05602 
   25   25    1    1    1    1    1    1    1    1  2.58616E+11 0.05676 
   26   26    1    1    1    1    1    1    1    1  4.25896E+11 0.04276 
   27   27    1    1    1    1    1    1    1    1  7.82356E+11 0.03599 
   28   28    1    1    1    1    1    1    1    1  1.77251E+12 0.01673 
   29   29    1    1    1    1    1    1    1    1  2.94909E+12 0.02046 
   30   30    1    1    1    1    1    1    1    1  8.14542E+12 0.01217 
   31   31    1    1    1    1    1    1    1    1  2.49973E+13 0.00653 
   32   32    1    1    1    1    1    1    1    1  4.57204E+13 0.00472 
   33   33    1    1    1    1    1    1    1    1  1.07563E+14 0.00314 
   34   34    1    1    1    1    1    1    1    1  1.48286E+14 0.00268 
   35   35    1    1    1    1    1    1    1    1  1.96022E+14 0.00196 
   36   36    1    1    1    1    1    1    1    1  1.34838E+14 0.00216 
   37   37    1    1    1    1    1    1    1    1  4.14844E+13 0.00251 
   38   38    1    1    1    1    1    1    1    1  2.30065E+14 0.00185 
   39   39    1    1    1    1    1    1    1    1  3.08726E+14 0.00163 
   40   40    1    1    1    1    1    1    1    1  5.31012E+14 0.00130 
   41   41    1    1    1    1    1    1    1    1  5.34985E+14 0.00121 
   42   42    1    1    1    1    1    1    1    1  1.12989E+15 0.00093 
   43   43    1    1    1    1    1    1    1    1  1.36141E+15 0.00090 
   44   44    1    1    1    1    1    1    1    1  1.95402E+15 0.00075 
   45   45    1    1    1    1    1    1    1    1  3.87410E+15 0.00060 
   46   46    1    1    1    1    1    1    1    1  1.83958E+15 0.00075 
   47   47    1    1    1    1    1    1    1    1  2.94125E+15 0.00069 
   48   48    1    1    1    1    1    1    1    1  4.11954E+15 0.00061 
   49   49    1    1    1    1    1    1    1    1  4.04969E+15 0.00076 
   50   50    1    1    1    1    1    1    1    1  6.33542E+15 0.00066 
   51   51    1    1    1    1    1    1    1    1  5.04967E+15 0.00056 
   52   52    1    1    1    1    1    1    1    1  5.99522E+15 0.00061 
   53   53    1    1    1    1    1    1    1    1  4.18619E+15 0.00070 
   54   54    1    1    1    1    1    1    1    1  5.13038E+15 0.00083 
   55   55    1    1    1    1    1    1    1    1  3.54624E+15 0.00065 
   56   56    1    1    1    1    1    1    1    1  4.83394E+14 0.00111 
   57   57    1    1    1    1    1    1    1    1  7.04776E+15 0.00062 
   58   58    1    1    1    1    1    1    1    1  3.14082E+15 0.00061 
   59   59    1    1    1    1    1    1    1    1  3.35571E+15 0.00081 
   60   60    1    1    1    1    1    1    1    1  2.61388E+15 0.00090 
   61   61    1    1    1    1    1    1    1    1  2.62186E+15 0.00080 
   62   62    1    1    1    1    1    1    1    1  2.72798E+15 0.00066 
   63   63    1    1    1    1    1    1    1    1  2.29889E+15 0.00088 
   64   64    1    1    1    1    1    1    1    1  1.82695E+15 0.00089 
   65   65    1    1    1    1    1    1    1    1  1.81488E+15 0.00097 
   66   66    1    1    1    1    1    1    1    1  1.32064E+15 0.00103 
   67   67    1    1    1    1    1    1    1    1  1.07939E+15 0.00099 
   68   68    1    1    1    1    1    1    1    1  9.65981E+14 0.00087 
   69   69    1    1    1    1    1    1    1    1  1.16191E+15 0.00109 
   70   70    1    1    1    1    1    1    1    1  9.89176E+14 0.00097 
   71   71    1    1    1    1    1    1    1    1  1.80667E+15 0.00090 
   72   72    1    1    1    1    1    1    1    1  1.28341E+15 0.00114 
   73   73    1    1    1    1    1    1    1    1  9.70956E+14 0.00114 
   74   74    1    1    1    1    1    1    1    1  7.79268E+14 0.00161 
   75   75    1    1    1    1    1    1    1    1  6.46237E+14 0.00135 
   76   76    1    1    1    1    1    1    1    1  7.48606E+14 0.00151 
   77   77    1    1    1    1    1    1    1    1  5.90764E+14 0.00150 
   78   78    1    1    1    1    1    1    1    1  4.68330E+14 0.00137 
   79   79    1    1    1    1    1    1    1    1  4.83866E+14 0.00155 
   80   80    1    1    1    1    1    1    1    1  3.58601E+14 0.00179 
   81   81    1    1    1    1    1    1    1    1  2.76445E+14 0.00129 
   82   82    1    1    1    1    1    1    1    1  2.12040E+14 0.00159 
   83   83    1    1    1    1    1    1    1    1  1.98351E+14 0.00189 
   84   84    1    1    1    1    1    1    1    1  1.42674E+14 0.00236 
   85   85    1    1    1    1    1    1    1    1  1.02619E+14 0.00284 
   86   86    1    1    1    1    1    1    1    1  9.64862E+13 0.00179 
   87   87    1    1    1    1    1    1    1    1  5.95311E+13 0.00436 
   88   88    1    1    1    1    1    1    1    1  3.97782E+13 0.00504 
   89   89    1    1    1    1    1    1    1    1  2.27111E+13 0.00766 
   90   90    1    1    1    1    1    1    1    1  1.53950E+13 0.00760 
   91   91    1    1    1    1    1    1    1    1  7.71739E+12 0.01009 
   92   92    1    1    1    1    1    1    1    1  3.79426E+12 0.01528 
   93   93    1    1    1    1    1    1    1    1  1.80991E+12 0.01830 
   94   94    1    1    1    1    1    1    1    1  8.58855E+11 0.03192 
   95   95    1    1    1    1    1    1    1    1  4.28527E+11 0.04428 
   96   96    1    1    1    1    1    1    1    1  1.88192E+11 0.07891 
   97   97    1    1    1    1    1    1    1    1  7.57461E+10 0.10109 
   98   98    1    1    1    1    1    1    1    1  4.54615E+10 0.12078 
   99   99    1    1    1    1    1    1    1    1  1.74823E+10 0.24289 
  100  100    1    1    1    1    1    1    1    1  1.33423E+10 0.20422 
];


