
DETdpaspec = [
    1    1    1    1    1    1    1    1    1    1  0.00000E+00 0.00000 
    2    2    1    1    1    1    1    1    1    1  0.00000E+00 0.00000 
    3    3    1    1    1    1    1    1    1    1  0.00000E+00 0.00000 
    4    4    1    1    1    1    1    1    1    1  0.00000E+00 0.00000 
    5    5    1    1    1    1    1    1    1    1  1.18823E+07 1.00000 
    6    6    1    1    1    1    1    1    1    1  0.00000E+00 0.00000 
    7    7    1    1    1    1    1    1    1    1  0.00000E+00 0.00000 
    8    8    1    1    1    1    1    1    1    1  0.00000E+00 0.00000 
    9    9    1    1    1    1    1    1    1    1  3.75626E+07 0.72009 
   10   10    1    1    1    1    1    1    1    1  1.17354E+08 0.68828 
   11   11    1    1    1    1    1    1    1    1  2.52003E+08 0.61277 
   12   12    1    1    1    1    1    1    1    1  6.43151E+07 0.67125 
   13   13    1    1    1    1    1    1    1    1  1.07324E+09 0.39857 
   14   14    1    1    1    1    1    1    1    1  5.59038E+09 0.29517 
   15   15    1    1    1    1    1    1    1    1  6.18224E+09 0.30522 
   16   16    1    1    1    1    1    1    1    1  2.04147E+09 0.38885 
   17   17    1    1    1    1    1    1    1    1  4.43030E+09 0.23122 
   18   18    1    1    1    1    1    1    1    1  1.34630E+10 0.20454 
   19   19    1    1    1    1    1    1    1    1  1.14380E+10 0.20604 
   20   20    1    1    1    1    1    1    1    1  4.81021E+10 0.15148 
   21   21    1    1    1    1    1    1    1    1  3.24059E+10 0.10724 
   22   22    1    1    1    1    1    1    1    1  7.65751E+10 0.07586 
   23   23    1    1    1    1    1    1    1    1  1.26619E+11 0.06141 
   24   24    1    1    1    1    1    1    1    1  1.89232E+11 0.06491 
   25   25    1    1    1    1    1    1    1    1  2.03573E+11 0.06165 
   26   26    1    1    1    1    1    1    1    1  3.48778E+11 0.03787 
   27   27    1    1    1    1    1    1    1    1  6.78097E+11 0.02594 
   28   28    1    1    1    1    1    1    1    1  1.35297E+12 0.01323 
   29   29    1    1    1    1    1    1    1    1  2.12185E+12 0.01856 
   30   30    1    1    1    1    1    1    1    1  6.11306E+12 0.01215 
   31   31    1    1    1    1    1    1    1    1  1.86790E+13 0.00944 
   32   32    1    1    1    1    1    1    1    1  3.47755E+13 0.00455 
   33   33    1    1    1    1    1    1    1    1  7.94086E+13 0.00300 
   34   34    1    1    1    1    1    1    1    1  1.07593E+14 0.00224 
   35   35    1    1    1    1    1    1    1    1  1.50082E+14 0.00241 
   36   36    1    1    1    1    1    1    1    1  1.05562E+14 0.00157 
   37   37    1    1    1    1    1    1    1    1  3.30331E+13 0.00192 
   38   38    1    1    1    1    1    1    1    1  1.79968E+14 0.00162 
   39   39    1    1    1    1    1    1    1    1  2.40511E+14 0.00148 
   40   40    1    1    1    1    1    1    1    1  4.09594E+14 0.00139 
   41   41    1    1    1    1    1    1    1    1  4.18817E+14 0.00134 
   42   42    1    1    1    1    1    1    1    1  8.70314E+14 0.00135 
   43   43    1    1    1    1    1    1    1    1  1.04453E+15 0.00141 
   44   44    1    1    1    1    1    1    1    1  1.49244E+15 0.00115 
   45   45    1    1    1    1    1    1    1    1  2.91449E+15 0.00120 
   46   46    1    1    1    1    1    1    1    1  1.38992E+15 0.00115 
   47   47    1    1    1    1    1    1    1    1  2.22948E+15 0.00116 
   48   48    1    1    1    1    1    1    1    1  3.11434E+15 0.00109 
   49   49    1    1    1    1    1    1    1    1  3.06440E+15 0.00126 
   50   50    1    1    1    1    1    1    1    1  4.72762E+15 0.00115 
   51   51    1    1    1    1    1    1    1    1  3.80417E+15 0.00125 
   52   52    1    1    1    1    1    1    1    1  4.44818E+15 0.00116 
   53   53    1    1    1    1    1    1    1    1  3.10705E+15 0.00106 
   54   54    1    1    1    1    1    1    1    1  3.75103E+15 0.00101 
   55   55    1    1    1    1    1    1    1    1  2.59611E+15 0.00097 
   56   56    1    1    1    1    1    1    1    1  3.55392E+14 0.00143 
   57   57    1    1    1    1    1    1    1    1  5.15904E+15 0.00096 
   58   58    1    1    1    1    1    1    1    1  2.25698E+15 0.00118 
   59   59    1    1    1    1    1    1    1    1  2.41710E+15 0.00146 
   60   60    1    1    1    1    1    1    1    1  1.86228E+15 0.00150 
   61   61    1    1    1    1    1    1    1    1  1.86908E+15 0.00159 
   62   62    1    1    1    1    1    1    1    1  1.93737E+15 0.00147 
   63   63    1    1    1    1    1    1    1    1  1.62133E+15 0.00130 
   64   64    1    1    1    1    1    1    1    1  1.29081E+15 0.00135 
   65   65    1    1    1    1    1    1    1    1  1.27967E+15 0.00166 
   66   66    1    1    1    1    1    1    1    1  9.28666E+14 0.00160 
   67   67    1    1    1    1    1    1    1    1  7.59240E+14 0.00182 
   68   68    1    1    1    1    1    1    1    1  6.82613E+14 0.00185 
   69   69    1    1    1    1    1    1    1    1  8.19930E+14 0.00188 
   70   70    1    1    1    1    1    1    1    1  6.98452E+14 0.00179 
   71   71    1    1    1    1    1    1    1    1  1.28845E+15 0.00156 
   72   72    1    1    1    1    1    1    1    1  9.15120E+14 0.00185 
   73   73    1    1    1    1    1    1    1    1  6.89634E+14 0.00161 
   74   74    1    1    1    1    1    1    1    1  5.49036E+14 0.00165 
   75   75    1    1    1    1    1    1    1    1  4.51081E+14 0.00177 
   76   76    1    1    1    1    1    1    1    1  5.17738E+14 0.00212 
   77   77    1    1    1    1    1    1    1    1  4.03581E+14 0.00202 
   78   78    1    1    1    1    1    1    1    1  3.19424E+14 0.00148 
   79   79    1    1    1    1    1    1    1    1  3.26446E+14 0.00209 
   80   80    1    1    1    1    1    1    1    1  2.40494E+14 0.00225 
   81   81    1    1    1    1    1    1    1    1  1.85932E+14 0.00321 
   82   82    1    1    1    1    1    1    1    1  1.41841E+14 0.00258 
   83   83    1    1    1    1    1    1    1    1  1.33224E+14 0.00277 
   84   84    1    1    1    1    1    1    1    1  9.50277E+13 0.00264 
   85   85    1    1    1    1    1    1    1    1  6.88168E+13 0.00340 
   86   86    1    1    1    1    1    1    1    1  6.43348E+13 0.00235 
   87   87    1    1    1    1    1    1    1    1  3.96759E+13 0.00565 
   88   88    1    1    1    1    1    1    1    1  2.71069E+13 0.00688 
   89   89    1    1    1    1    1    1    1    1  1.53644E+13 0.00656 
   90   90    1    1    1    1    1    1    1    1  1.03160E+13 0.00901 
   91   91    1    1    1    1    1    1    1    1  5.21838E+12 0.01568 
   92   92    1    1    1    1    1    1    1    1  2.52782E+12 0.01727 
   93   93    1    1    1    1    1    1    1    1  1.27928E+12 0.02502 
   94   94    1    1    1    1    1    1    1    1  5.82908E+11 0.03755 
   95   95    1    1    1    1    1    1    1    1  2.68605E+11 0.05709 
   96   96    1    1    1    1    1    1    1    1  1.44198E+11 0.09973 
   97   97    1    1    1    1    1    1    1    1  6.25140E+10 0.11655 
   98   98    1    1    1    1    1    1    1    1  2.80440E+10 0.14767 
   99   99    1    1    1    1    1    1    1    1  1.68003E+10 0.22005 
  100  100    1    1    1    1    1    1    1    1  1.05089E+10 0.36157 
];


