
DETdpaspec = [
    1    1    1    1    1    1    1    1    1    1  0.00000E+00 0.00000 
    2    2    1    1    1    1    1    1    1    1  0.00000E+00 0.00000 
    3    3    1    1    1    1    1    1    1    1  0.00000E+00 0.00000 
    4    4    1    1    1    1    1    1    1    1  0.00000E+00 0.00000 
    5    5    1    1    1    1    1    1    1    1  0.00000E+00 0.00000 
    6    6    1    1    1    1    1    1    1    1  0.00000E+00 0.00000 
    7    7    1    1    1    1    1    1    1    1  1.64556E+07 1.00000 
    8    8    1    1    1    1    1    1    1    1  0.00000E+00 0.00000 
    9    9    1    1    1    1    1    1    1    1  2.47023E+07 0.68829 
   10   10    1    1    1    1    1    1    1    1  8.88197E+07 0.71487 
   11   11    1    1    1    1    1    1    1    1  0.00000E+00 0.00000 
   12   12    1    1    1    1    1    1    1    1  8.43200E+07 0.58886 
   13   13    1    1    1    1    1    1    1    1  1.16780E+09 0.57506 
   14   14    1    1    1    1    1    1    1    1  1.93231E+09 0.52670 
   15   15    1    1    1    1    1    1    1    1  3.55165E+09 0.45027 
   16   16    1    1    1    1    1    1    1    1  1.25305E+09 0.31382 
   17   17    1    1    1    1    1    1    1    1  1.44578E+09 0.32429 
   18   18    1    1    1    1    1    1    1    1  9.11639E+09 0.16328 
   19   19    1    1    1    1    1    1    1    1  6.83705E+09 0.23033 
   20   20    1    1    1    1    1    1    1    1  3.37462E+10 0.10082 
   21   21    1    1    1    1    1    1    1    1  2.25869E+10 0.09878 
   22   22    1    1    1    1    1    1    1    1  5.91543E+10 0.08807 
   23   23    1    1    1    1    1    1    1    1  8.33980E+10 0.07600 
   24   24    1    1    1    1    1    1    1    1  1.47061E+11 0.05027 
   25   25    1    1    1    1    1    1    1    1  1.75417E+11 0.05616 
   26   26    1    1    1    1    1    1    1    1  2.66274E+11 0.05579 
   27   27    1    1    1    1    1    1    1    1  4.57548E+11 0.04755 
   28   28    1    1    1    1    1    1    1    1  8.66613E+11 0.02134 
   29   29    1    1    1    1    1    1    1    1  1.24064E+12 0.02001 
   30   30    1    1    1    1    1    1    1    1  3.83102E+12 0.01327 
   31   31    1    1    1    1    1    1    1    1  1.13798E+13 0.00977 
   32   32    1    1    1    1    1    1    1    1  2.07339E+13 0.00628 
   33   33    1    1    1    1    1    1    1    1  4.54255E+13 0.00388 
   34   34    1    1    1    1    1    1    1    1  5.93600E+13 0.00403 
   35   35    1    1    1    1    1    1    1    1  8.57914E+13 0.00399 
   36   36    1    1    1    1    1    1    1    1  6.04741E+13 0.00354 
   37   37    1    1    1    1    1    1    1    1  1.92425E+13 0.00347 
   38   38    1    1    1    1    1    1    1    1  1.02903E+14 0.00266 
   39   39    1    1    1    1    1    1    1    1  1.36205E+14 0.00282 
   40   40    1    1    1    1    1    1    1    1  2.28453E+14 0.00205 
   41   41    1    1    1    1    1    1    1    1  2.35678E+14 0.00198 
   42   42    1    1    1    1    1    1    1    1  4.77879E+14 0.00178 
   43   43    1    1    1    1    1    1    1    1  5.68686E+14 0.00192 
   44   44    1    1    1    1    1    1    1    1  8.00293E+14 0.00180 
   45   45    1    1    1    1    1    1    1    1  1.52346E+15 0.00152 
   46   46    1    1    1    1    1    1    1    1  7.24179E+14 0.00175 
   47   47    1    1    1    1    1    1    1    1  1.16273E+15 0.00174 
   48   48    1    1    1    1    1    1    1    1  1.60692E+15 0.00159 
   49   49    1    1    1    1    1    1    1    1  1.57551E+15 0.00146 
   50   50    1    1    1    1    1    1    1    1  2.39036E+15 0.00182 
   51   51    1    1    1    1    1    1    1    1  1.92817E+15 0.00185 
   52   52    1    1    1    1    1    1    1    1  2.21170E+15 0.00191 
   53   53    1    1    1    1    1    1    1    1  1.54356E+15 0.00177 
   54   54    1    1    1    1    1    1    1    1  1.83398E+15 0.00185 
   55   55    1    1    1    1    1    1    1    1  1.26744E+15 0.00175 
   56   56    1    1    1    1    1    1    1    1  1.73651E+14 0.00210 
   57   57    1    1    1    1    1    1    1    1  2.50968E+15 0.00195 
   58   58    1    1    1    1    1    1    1    1  1.07527E+15 0.00213 
   59   59    1    1    1    1    1    1    1    1  1.15262E+15 0.00205 
   60   60    1    1    1    1    1    1    1    1  8.74731E+14 0.00192 
   61   61    1    1    1    1    1    1    1    1  8.78425E+14 0.00212 
   62   62    1    1    1    1    1    1    1    1  9.06422E+14 0.00187 
   63   63    1    1    1    1    1    1    1    1  7.54241E+14 0.00230 
   64   64    1    1    1    1    1    1    1    1  5.97384E+14 0.00211 
   65   65    1    1    1    1    1    1    1    1  5.90494E+14 0.00212 
   66   66    1    1    1    1    1    1    1    1  4.28541E+14 0.00230 
   67   67    1    1    1    1    1    1    1    1  3.51967E+14 0.00244 
   68   68    1    1    1    1    1    1    1    1  3.16511E+14 0.00276 
   69   69    1    1    1    1    1    1    1    1  3.79289E+14 0.00187 
   70   70    1    1    1    1    1    1    1    1  3.22900E+14 0.00230 
   71   71    1    1    1    1    1    1    1    1  5.98361E+14 0.00267 
   72   72    1    1    1    1    1    1    1    1  4.26601E+14 0.00188 
   73   73    1    1    1    1    1    1    1    1  3.19103E+14 0.00242 
   74   74    1    1    1    1    1    1    1    1  2.52367E+14 0.00239 
   75   75    1    1    1    1    1    1    1    1  2.04556E+14 0.00208 
   76   76    1    1    1    1    1    1    1    1  2.32352E+14 0.00262 
   77   77    1    1    1    1    1    1    1    1  1.78899E+14 0.00266 
   78   78    1    1    1    1    1    1    1    1  1.40518E+14 0.00351 
   79   79    1    1    1    1    1    1    1    1  1.42737E+14 0.00325 
   80   80    1    1    1    1    1    1    1    1  1.05435E+14 0.00379 
   81   81    1    1    1    1    1    1    1    1  8.06216E+13 0.00419 
   82   82    1    1    1    1    1    1    1    1  6.19490E+13 0.00340 
   83   83    1    1    1    1    1    1    1    1  5.76703E+13 0.00344 
   84   84    1    1    1    1    1    1    1    1  4.15297E+13 0.00570 
   85   85    1    1    1    1    1    1    1    1  2.96340E+13 0.00545 
   86   86    1    1    1    1    1    1    1    1  2.78938E+13 0.00400 
   87   87    1    1    1    1    1    1    1    1  1.72709E+13 0.01063 
   88   88    1    1    1    1    1    1    1    1  1.17128E+13 0.01017 
   89   89    1    1    1    1    1    1    1    1  6.82579E+12 0.01337 
   90   90    1    1    1    1    1    1    1    1  4.57041E+12 0.01402 
   91   91    1    1    1    1    1    1    1    1  2.18559E+12 0.02286 
   92   92    1    1    1    1    1    1    1    1  1.10703E+12 0.03192 
   93   93    1    1    1    1    1    1    1    1  5.24126E+11 0.03216 
   94   94    1    1    1    1    1    1    1    1  2.28262E+11 0.07126 
   95   95    1    1    1    1    1    1    1    1  1.37958E+11 0.07297 
   96   96    1    1    1    1    1    1    1    1  6.75417E+10 0.11732 
   97   97    1    1    1    1    1    1    1    1  2.42103E+10 0.14396 
   98   98    1    1    1    1    1    1    1    1  1.63273E+10 0.24909 
   99   99    1    1    1    1    1    1    1    1  7.42832E+09 0.30374 
  100  100    1    1    1    1    1    1    1    1  5.25510E+09 0.29674 
];


