
DETdpaspec = [
    1    1    1    1    1    1    1    1    1    1  0.00000E+00 0.00000 
    2    2    1    1    1    1    1    1    1    1  0.00000E+00 0.00000 
    3    3    1    1    1    1    1    1    1    1  0.00000E+00 0.00000 
    4    4    1    1    1    1    1    1    1    1  0.00000E+00 0.00000 
    5    5    1    1    1    1    1    1    1    1  0.00000E+00 0.00000 
    6    6    1    1    1    1    1    1    1    1  1.15557E+07 1.00000 
    7    7    1    1    1    1    1    1    1    1  0.00000E+00 0.00000 
    8    8    1    1    1    1    1    1    1    1  3.97598E+07 0.69284 
    9    9    1    1    1    1    1    1    1    1  9.84780E+06 1.00000 
   10   10    1    1    1    1    1    1    1    1  2.57647E+08 0.40502 
   11   11    1    1    1    1    1    1    1    1  0.00000E+00 0.00000 
   12   12    1    1    1    1    1    1    1    1  0.00000E+00 0.00000 
   13   13    1    1    1    1    1    1    1    1  8.47848E+08 0.38604 
   14   14    1    1    1    1    1    1    1    1  2.43929E+09 0.43788 
   15   15    1    1    1    1    1    1    1    1  8.98215E+09 0.37350 
   16   16    1    1    1    1    1    1    1    1  8.64858E+08 0.39132 
   17   17    1    1    1    1    1    1    1    1  1.98049E+09 0.30148 
   18   18    1    1    1    1    1    1    1    1  6.79835E+09 0.24697 
   19   19    1    1    1    1    1    1    1    1  7.92427E+09 0.16012 
   20   20    1    1    1    1    1    1    1    1  4.55084E+10 0.09225 
   21   21    1    1    1    1    1    1    1    1  3.00008E+10 0.11774 
   22   22    1    1    1    1    1    1    1    1  7.37901E+10 0.10164 
   23   23    1    1    1    1    1    1    1    1  9.34669E+10 0.08108 
   24   24    1    1    1    1    1    1    1    1  1.44988E+11 0.05780 
   25   25    1    1    1    1    1    1    1    1  2.08501E+11 0.05633 
   26   26    1    1    1    1    1    1    1    1  3.11974E+11 0.03903 
   27   27    1    1    1    1    1    1    1    1  6.08937E+11 0.04237 
   28   28    1    1    1    1    1    1    1    1  1.13751E+12 0.02559 
   29   29    1    1    1    1    1    1    1    1  1.67876E+12 0.02283 
   30   30    1    1    1    1    1    1    1    1  5.11469E+12 0.01580 
   31   31    1    1    1    1    1    1    1    1  1.57072E+13 0.00987 
   32   32    1    1    1    1    1    1    1    1  2.89610E+13 0.00678 
   33   33    1    1    1    1    1    1    1    1  6.50905E+13 0.00397 
   34   34    1    1    1    1    1    1    1    1  8.66396E+13 0.00307 
   35   35    1    1    1    1    1    1    1    1  1.23629E+14 0.00284 
   36   36    1    1    1    1    1    1    1    1  8.74053E+13 0.00284 
   37   37    1    1    1    1    1    1    1    1  2.74892E+13 0.00182 
   38   38    1    1    1    1    1    1    1    1  1.48433E+14 0.00252 
   39   39    1    1    1    1    1    1    1    1  1.98643E+14 0.00242 
   40   40    1    1    1    1    1    1    1    1  3.35201E+14 0.00231 
   41   41    1    1    1    1    1    1    1    1  3.44237E+14 0.00207 
   42   42    1    1    1    1    1    1    1    1  7.08803E+14 0.00192 
   43   43    1    1    1    1    1    1    1    1  8.44308E+14 0.00185 
   44   44    1    1    1    1    1    1    1    1  1.19819E+15 0.00139 
   45   45    1    1    1    1    1    1    1    1  2.31560E+15 0.00120 
   46   46    1    1    1    1    1    1    1    1  1.10300E+15 0.00112 
   47   47    1    1    1    1    1    1    1    1  1.77166E+15 0.00122 
   48   48    1    1    1    1    1    1    1    1  2.46126E+15 0.00123 
   49   49    1    1    1    1    1    1    1    1  2.42118E+15 0.00141 
   50   50    1    1    1    1    1    1    1    1  3.70519E+15 0.00138 
   51   51    1    1    1    1    1    1    1    1  2.98583E+15 0.00142 
   52   52    1    1    1    1    1    1    1    1  3.46170E+15 0.00126 
   53   53    1    1    1    1    1    1    1    1  2.41613E+15 0.00105 
   54   54    1    1    1    1    1    1    1    1  2.89788E+15 0.00130 
   55   55    1    1    1    1    1    1    1    1  2.00518E+15 0.00144 
   56   56    1    1    1    1    1    1    1    1  2.74674E+14 0.00136 
   57   57    1    1    1    1    1    1    1    1  3.98251E+15 0.00134 
   58   58    1    1    1    1    1    1    1    1  1.72498E+15 0.00155 
   59   59    1    1    1    1    1    1    1    1  1.84888E+15 0.00151 
   60   60    1    1    1    1    1    1    1    1  1.41315E+15 0.00161 
   61   61    1    1    1    1    1    1    1    1  1.42034E+15 0.00165 
   62   62    1    1    1    1    1    1    1    1  1.46711E+15 0.00159 
   63   63    1    1    1    1    1    1    1    1  1.22350E+15 0.00177 
   64   64    1    1    1    1    1    1    1    1  9.72242E+14 0.00183 
   65   65    1    1    1    1    1    1    1    1  9.62410E+14 0.00178 
   66   66    1    1    1    1    1    1    1    1  6.99072E+14 0.00154 
   67   67    1    1    1    1    1    1    1    1  5.72978E+14 0.00164 
   68   68    1    1    1    1    1    1    1    1  5.15054E+14 0.00168 
   69   69    1    1    1    1    1    1    1    1  6.18600E+14 0.00198 
   70   70    1    1    1    1    1    1    1    1  5.27041E+14 0.00190 
   71   71    1    1    1    1    1    1    1    1  9.75321E+14 0.00215 
   72   72    1    1    1    1    1    1    1    1  6.93356E+14 0.00229 
   73   73    1    1    1    1    1    1    1    1  5.19852E+14 0.00240 
   74   74    1    1    1    1    1    1    1    1  4.11548E+14 0.00212 
   75   75    1    1    1    1    1    1    1    1  3.37140E+14 0.00193 
   76   76    1    1    1    1    1    1    1    1  3.83828E+14 0.00239 
   77   77    1    1    1    1    1    1    1    1  2.98521E+14 0.00214 
   78   78    1    1    1    1    1    1    1    1  2.34763E+14 0.00276 
   79   79    1    1    1    1    1    1    1    1  2.40563E+14 0.00229 
   80   80    1    1    1    1    1    1    1    1  1.77054E+14 0.00207 
   81   81    1    1    1    1    1    1    1    1  1.36186E+14 0.00269 
   82   82    1    1    1    1    1    1    1    1  1.04538E+14 0.00345 
   83   83    1    1    1    1    1    1    1    1  9.72291E+13 0.00273 
   84   84    1    1    1    1    1    1    1    1  6.99343E+13 0.00405 
   85   85    1    1    1    1    1    1    1    1  5.01704E+13 0.00411 
   86   86    1    1    1    1    1    1    1    1  4.72459E+13 0.00414 
   87   87    1    1    1    1    1    1    1    1  2.91988E+13 0.00659 
   88   88    1    1    1    1    1    1    1    1  1.94452E+13 0.00792 
   89   89    1    1    1    1    1    1    1    1  1.14062E+13 0.00864 
   90   90    1    1    1    1    1    1    1    1  7.60275E+12 0.00632 
   91   91    1    1    1    1    1    1    1    1  3.83682E+12 0.01115 
   92   92    1    1    1    1    1    1    1    1  1.84984E+12 0.02356 
   93   93    1    1    1    1    1    1    1    1  8.99926E+11 0.02715 
   94   94    1    1    1    1    1    1    1    1  4.53947E+11 0.05403 
   95   95    1    1    1    1    1    1    1    1  2.01291E+11 0.06150 
   96   96    1    1    1    1    1    1    1    1  1.05222E+11 0.09514 
   97   97    1    1    1    1    1    1    1    1  5.77158E+10 0.12816 
   98   98    1    1    1    1    1    1    1    1  2.63220E+10 0.18675 
   99   99    1    1    1    1    1    1    1    1  1.07328E+10 0.28111 
  100  100    1    1    1    1    1    1    1    1  7.87140E+09 0.31325 
];


