
DETdpaspec = [
    1    1    1    1    1    1    1    1    1    1  0.00000E+00 0.00000 
    2    2    1    1    1    1    1    1    1    1  0.00000E+00 0.00000 
    3    3    1    1    1    1    1    1    1    1  0.00000E+00 0.00000 
    4    4    1    1    1    1    1    1    1    1  0.00000E+00 0.00000 
    5    5    1    1    1    1    1    1    1    1  1.18057E+07 1.00000 
    6    6    1    1    1    1    1    1    1    1  0.00000E+00 0.00000 
    7    7    1    1    1    1    1    1    1    1  0.00000E+00 0.00000 
    8    8    1    1    1    1    1    1    1    1  0.00000E+00 0.00000 
    9    9    1    1    1    1    1    1    1    1  0.00000E+00 0.00000 
   10   10    1    1    1    1    1    1    1    1  0.00000E+00 0.00000 
   11   11    1    1    1    1    1    1    1    1  1.33570E+08 0.68864 
   12   12    1    1    1    1    1    1    1    1  2.58112E+07 1.00000 
   13   13    1    1    1    1    1    1    1    1  1.66170E+09 0.64310 
   14   14    1    1    1    1    1    1    1    1  3.19165E+09 0.43119 
   15   15    1    1    1    1    1    1    1    1  3.68631E+09 0.26536 
   16   16    1    1    1    1    1    1    1    1  1.55638E+09 0.36655 
   17   17    1    1    1    1    1    1    1    1  3.59791E+09 0.29203 
   18   18    1    1    1    1    1    1    1    1  1.11116E+10 0.17008 
   19   19    1    1    1    1    1    1    1    1  1.03699E+10 0.15268 
   20   20    1    1    1    1    1    1    1    1  4.57222E+10 0.13099 
   21   21    1    1    1    1    1    1    1    1  3.36834E+10 0.10085 
   22   22    1    1    1    1    1    1    1    1  7.30031E+10 0.07984 
   23   23    1    1    1    1    1    1    1    1  9.45092E+10 0.09032 
   24   24    1    1    1    1    1    1    1    1  1.70659E+11 0.06095 
   25   25    1    1    1    1    1    1    1    1  2.12479E+11 0.06930 
   26   26    1    1    1    1    1    1    1    1  2.97920E+11 0.04377 
   27   27    1    1    1    1    1    1    1    1  5.39733E+11 0.02752 
   28   28    1    1    1    1    1    1    1    1  1.03787E+12 0.02002 
   29   29    1    1    1    1    1    1    1    1  1.51455E+12 0.02180 
   30   30    1    1    1    1    1    1    1    1  4.76801E+12 0.01474 
   31   31    1    1    1    1    1    1    1    1  1.43101E+13 0.00872 
   32   32    1    1    1    1    1    1    1    1  2.61389E+13 0.00544 
   33   33    1    1    1    1    1    1    1    1  5.84231E+13 0.00318 
   34   34    1    1    1    1    1    1    1    1  7.76547E+13 0.00244 
   35   35    1    1    1    1    1    1    1    1  1.10605E+14 0.00260 
   36   36    1    1    1    1    1    1    1    1  7.83265E+13 0.00230 
   37   37    1    1    1    1    1    1    1    1  2.47992E+13 0.00233 
   38   38    1    1    1    1    1    1    1    1  1.33190E+14 0.00241 
   39   39    1    1    1    1    1    1    1    1  1.77160E+14 0.00240 
   40   40    1    1    1    1    1    1    1    1  2.97845E+14 0.00193 
   41   41    1    1    1    1    1    1    1    1  3.06896E+14 0.00198 
   42   42    1    1    1    1    1    1    1    1  6.27288E+14 0.00155 
   43   43    1    1    1    1    1    1    1    1  7.45696E+14 0.00184 
   44   44    1    1    1    1    1    1    1    1  1.05625E+15 0.00160 
   45   45    1    1    1    1    1    1    1    1  2.03192E+15 0.00169 
   46   46    1    1    1    1    1    1    1    1  9.67190E+14 0.00172 
   47   47    1    1    1    1    1    1    1    1  1.55141E+15 0.00156 
   48   48    1    1    1    1    1    1    1    1  2.15323E+15 0.00163 
   49   49    1    1    1    1    1    1    1    1  2.11507E+15 0.00165 
   50   50    1    1    1    1    1    1    1    1  3.23016E+15 0.00155 
   51   51    1    1    1    1    1    1    1    1  2.60469E+15 0.00163 
   52   52    1    1    1    1    1    1    1    1  3.00878E+15 0.00151 
   53   53    1    1    1    1    1    1    1    1  2.09800E+15 0.00165 
   54   54    1    1    1    1    1    1    1    1  2.50522E+15 0.00164 
   55   55    1    1    1    1    1    1    1    1  1.73431E+15 0.00158 
   56   56    1    1    1    1    1    1    1    1  2.37287E+14 0.00156 
   57   57    1    1    1    1    1    1    1    1  3.43939E+15 0.00152 
   58   58    1    1    1    1    1    1    1    1  1.48641E+15 0.00171 
   59   59    1    1    1    1    1    1    1    1  1.59171E+15 0.00159 
   60   60    1    1    1    1    1    1    1    1  1.21448E+15 0.00178 
   61   61    1    1    1    1    1    1    1    1  1.21981E+15 0.00151 
   62   62    1    1    1    1    1    1    1    1  1.25880E+15 0.00186 
   63   63    1    1    1    1    1    1    1    1  1.04987E+15 0.00163 
   64   64    1    1    1    1    1    1    1    1  8.33089E+14 0.00191 
   65   65    1    1    1    1    1    1    1    1  8.26085E+14 0.00170 
   66   66    1    1    1    1    1    1    1    1  5.98026E+14 0.00175 
   67   67    1    1    1    1    1    1    1    1  4.91152E+14 0.00206 
   68   68    1    1    1    1    1    1    1    1  4.40186E+14 0.00206 
   69   69    1    1    1    1    1    1    1    1  5.29067E+14 0.00192 
   70   70    1    1    1    1    1    1    1    1  4.50485E+14 0.00265 
   71   71    1    1    1    1    1    1    1    1  8.36192E+14 0.00204 
   72   72    1    1    1    1    1    1    1    1  5.95499E+14 0.00189 
   73   73    1    1    1    1    1    1    1    1  4.46367E+14 0.00246 
   74   74    1    1    1    1    1    1    1    1  3.54053E+14 0.00188 
   75   75    1    1    1    1    1    1    1    1  2.87403E+14 0.00229 
   76   76    1    1    1    1    1    1    1    1  3.27863E+14 0.00241 
   77   77    1    1    1    1    1    1    1    1  2.54449E+14 0.00219 
   78   78    1    1    1    1    1    1    1    1  1.99685E+14 0.00239 
   79   79    1    1    1    1    1    1    1    1  2.04422E+14 0.00324 
   80   80    1    1    1    1    1    1    1    1  1.50162E+14 0.00301 
   81   81    1    1    1    1    1    1    1    1  1.14764E+14 0.00249 
   82   82    1    1    1    1    1    1    1    1  8.87387E+13 0.00432 
   83   83    1    1    1    1    1    1    1    1  8.26642E+13 0.00269 
   84   84    1    1    1    1    1    1    1    1  5.93862E+13 0.00386 
   85   85    1    1    1    1    1    1    1    1  4.25995E+13 0.00451 
   86   86    1    1    1    1    1    1    1    1  3.97716E+13 0.00579 
   87   87    1    1    1    1    1    1    1    1  2.46133E+13 0.00549 
   88   88    1    1    1    1    1    1    1    1  1.67558E+13 0.00879 
   89   89    1    1    1    1    1    1    1    1  9.73711E+12 0.00922 
   90   90    1    1    1    1    1    1    1    1  6.54791E+12 0.01326 
   91   91    1    1    1    1    1    1    1    1  3.22911E+12 0.01661 
   92   92    1    1    1    1    1    1    1    1  1.59427E+12 0.02531 
   93   93    1    1    1    1    1    1    1    1  7.47011E+11 0.02930 
   94   94    1    1    1    1    1    1    1    1  4.23617E+11 0.03765 
   95   95    1    1    1    1    1    1    1    1  1.79847E+11 0.06770 
   96   96    1    1    1    1    1    1    1    1  8.43411E+10 0.09704 
   97   97    1    1    1    1    1    1    1    1  3.95146E+10 0.16161 
   98   98    1    1    1    1    1    1    1    1  1.87201E+10 0.25844 
   99   99    1    1    1    1    1    1    1    1  8.89364E+09 0.24891 
  100  100    1    1    1    1    1    1    1    1  6.38088E+09 0.39073 
];


