
DETdpaspec = [
    1    1    1    1    1    1    1    1    1    1  0.00000E+00 0.00000 
    2    2    1    1    1    1    1    1    1    1  0.00000E+00 0.00000 
    3    3    1    1    1    1    1    1    1    1  0.00000E+00 0.00000 
    4    4    1    1    1    1    1    1    1    1  0.00000E+00 0.00000 
    5    5    1    1    1    1    1    1    1    1  0.00000E+00 0.00000 
    6    6    1    1    1    1    1    1    1    1  1.07849E+07 1.00000 
    7    7    1    1    1    1    1    1    1    1  0.00000E+00 0.00000 
    8    8    1    1    1    1    1    1    1    1  2.09791E+07 1.00000 
    9    9    1    1    1    1    1    1    1    1  9.98080E+06 1.00000 
   10   10    1    1    1    1    1    1    1    1  1.99172E+08 0.57833 
   11   11    1    1    1    1    1    1    1    1  1.70474E+08 1.00000 
   12   12    1    1    1    1    1    1    1    1  1.08616E+08 0.76598 
   13   13    1    1    1    1    1    1    1    1  1.21581E+09 0.39103 
   14   14    1    1    1    1    1    1    1    1  4.24327E+09 0.34334 
   15   15    1    1    1    1    1    1    1    1  5.71949E+09 0.29194 
   16   16    1    1    1    1    1    1    1    1  1.58988E+09 0.33794 
   17   17    1    1    1    1    1    1    1    1  2.03858E+09 0.32731 
   18   18    1    1    1    1    1    1    1    1  1.33195E+10 0.14718 
   19   19    1    1    1    1    1    1    1    1  1.29109E+10 0.19045 
   20   20    1    1    1    1    1    1    1    1  3.34786E+10 0.09136 
   21   21    1    1    1    1    1    1    1    1  2.49270E+10 0.12307 
   22   22    1    1    1    1    1    1    1    1  8.79875E+10 0.05853 
   23   23    1    1    1    1    1    1    1    1  1.20106E+11 0.05628 
   24   24    1    1    1    1    1    1    1    1  1.96830E+11 0.05306 
   25   25    1    1    1    1    1    1    1    1  2.29884E+11 0.04648 
   26   26    1    1    1    1    1    1    1    1  3.82191E+11 0.04592 
   27   27    1    1    1    1    1    1    1    1  6.81429E+11 0.03704 
   28   28    1    1    1    1    1    1    1    1  1.38380E+12 0.02323 
   29   29    1    1    1    1    1    1    1    1  2.03552E+12 0.02030 
   30   30    1    1    1    1    1    1    1    1  6.09605E+12 0.01254 
   31   31    1    1    1    1    1    1    1    1  1.87527E+13 0.00883 
   32   32    1    1    1    1    1    1    1    1  3.49089E+13 0.00726 
   33   33    1    1    1    1    1    1    1    1  8.06184E+13 0.00403 
   34   34    1    1    1    1    1    1    1    1  1.09369E+14 0.00248 
   35   35    1    1    1    1    1    1    1    1  1.52436E+14 0.00253 
   36   36    1    1    1    1    1    1    1    1  1.06963E+14 0.00244 
   37   37    1    1    1    1    1    1    1    1  3.34396E+13 0.00260 
   38   38    1    1    1    1    1    1    1    1  1.82955E+14 0.00224 
   39   39    1    1    1    1    1    1    1    1  2.44039E+14 0.00215 
   40   40    1    1    1    1    1    1    1    1  4.15779E+14 0.00126 
   41   41    1    1    1    1    1    1    1    1  4.25938E+14 0.00133 
   42   42    1    1    1    1    1    1    1    1  8.84269E+14 0.00113 
   43   43    1    1    1    1    1    1    1    1  1.05984E+15 0.00093 
   44   44    1    1    1    1    1    1    1    1  1.51376E+15 0.00113 
   45   45    1    1    1    1    1    1    1    1  2.95610E+15 0.00097 
   46   46    1    1    1    1    1    1    1    1  1.40977E+15 0.00091 
   47   47    1    1    1    1    1    1    1    1  2.26318E+15 0.00079 
   48   48    1    1    1    1    1    1    1    1  3.15825E+15 0.00103 
   49   49    1    1    1    1    1    1    1    1  3.11092E+15 0.00104 
   50   50    1    1    1    1    1    1    1    1  4.80636E+15 0.00095 
   51   51    1    1    1    1    1    1    1    1  3.86129E+15 0.00083 
   52   52    1    1    1    1    1    1    1    1  4.51934E+15 0.00067 
   53   53    1    1    1    1    1    1    1    1  3.16191E+15 0.00076 
   54   54    1    1    1    1    1    1    1    1  3.81935E+15 0.00081 
   55   55    1    1    1    1    1    1    1    1  2.64426E+15 0.00075 
   56   56    1    1    1    1    1    1    1    1  3.61487E+14 0.00117 
   57   57    1    1    1    1    1    1    1    1  5.25285E+15 0.00064 
   58   58    1    1    1    1    1    1    1    1  2.29952E+15 0.00088 
   59   59    1    1    1    1    1    1    1    1  2.46182E+15 0.00102 
   60   60    1    1    1    1    1    1    1    1  1.89646E+15 0.00090 
   61   61    1    1    1    1    1    1    1    1  1.90239E+15 0.00083 
   62   62    1    1    1    1    1    1    1    1  1.97355E+15 0.00100 
   63   63    1    1    1    1    1    1    1    1  1.65316E+15 0.00092 
   64   64    1    1    1    1    1    1    1    1  1.31276E+15 0.00082 
   65   65    1    1    1    1    1    1    1    1  1.30225E+15 0.00118 
   66   66    1    1    1    1    1    1    1    1  9.46846E+14 0.00095 
   67   67    1    1    1    1    1    1    1    1  7.75174E+14 0.00139 
   68   68    1    1    1    1    1    1    1    1  6.96625E+14 0.00139 
   69   69    1    1    1    1    1    1    1    1  8.36195E+14 0.00143 
   70   70    1    1    1    1    1    1    1    1  7.12962E+14 0.00160 
   71   71    1    1    1    1    1    1    1    1  1.31567E+15 0.00130 
   72   72    1    1    1    1    1    1    1    1  9.34729E+14 0.00127 
   73   73    1    1    1    1    1    1    1    1  7.04010E+14 0.00134 
   74   74    1    1    1    1    1    1    1    1  5.60248E+14 0.00145 
   75   75    1    1    1    1    1    1    1    1  4.59661E+14 0.00205 
   76   76    1    1    1    1    1    1    1    1  5.28269E+14 0.00169 
   77   77    1    1    1    1    1    1    1    1  4.12941E+14 0.00147 
   78   78    1    1    1    1    1    1    1    1  3.25064E+14 0.00147 
   79   79    1    1    1    1    1    1    1    1  3.33546E+14 0.00177 
   80   80    1    1    1    1    1    1    1    1  2.46440E+14 0.00198 
   81   81    1    1    1    1    1    1    1    1  1.89406E+14 0.00221 
   82   82    1    1    1    1    1    1    1    1  1.45228E+14 0.00295 
   83   83    1    1    1    1    1    1    1    1  1.35779E+14 0.00237 
   84   84    1    1    1    1    1    1    1    1  9.74488E+13 0.00388 
   85   85    1    1    1    1    1    1    1    1  7.03694E+13 0.00289 
   86   86    1    1    1    1    1    1    1    1  6.58904E+13 0.00286 
   87   87    1    1    1    1    1    1    1    1  4.08120E+13 0.00457 
   88   88    1    1    1    1    1    1    1    1  2.75079E+13 0.00537 
   89   89    1    1    1    1    1    1    1    1  1.60813E+13 0.00617 
   90   90    1    1    1    1    1    1    1    1  1.05220E+13 0.00970 
   91   91    1    1    1    1    1    1    1    1  5.20879E+12 0.01407 
   92   92    1    1    1    1    1    1    1    1  2.54857E+12 0.01700 
   93   93    1    1    1    1    1    1    1    1  1.28564E+12 0.02549 
   94   94    1    1    1    1    1    1    1    1  5.82775E+11 0.03404 
   95   95    1    1    1    1    1    1    1    1  2.98437E+11 0.04245 
   96   96    1    1    1    1    1    1    1    1  1.30253E+11 0.07428 
   97   97    1    1    1    1    1    1    1    1  6.50290E+10 0.11655 
   98   98    1    1    1    1    1    1    1    1  3.70733E+10 0.14132 
   99   99    1    1    1    1    1    1    1    1  1.08067E+10 0.26908 
  100  100    1    1    1    1    1    1    1    1  9.15207E+09 0.27410 
];


