
DETdpaspec = [
    1    1    1    1    1    1    1    1    1    1  0.00000E+00 0.00000 
    2    2    1    1    1    1    1    1    1    1  0.00000E+00 0.00000 
    3    3    1    1    1    1    1    1    1    1  0.00000E+00 0.00000 
    4    4    1    1    1    1    1    1    1    1  1.61707E+07 1.00000 
    5    5    1    1    1    1    1    1    1    1  1.54621E+07 1.00000 
    6    6    1    1    1    1    1    1    1    1  0.00000E+00 0.00000 
    7    7    1    1    1    1    1    1    1    1  0.00000E+00 0.00000 
    8    8    1    1    1    1    1    1    1    1  0.00000E+00 0.00000 
    9    9    1    1    1    1    1    1    1    1  2.09616E+07 0.69678 
   10   10    1    1    1    1    1    1    1    1  1.01330E+08 0.72008 
   11   11    1    1    1    1    1    1    1    1  4.32190E+08 0.60803 
   12   12    1    1    1    1    1    1    1    1  3.63917E+07 1.00000 
   13   13    1    1    1    1    1    1    1    1  2.37878E+09 0.49268 
   14   14    1    1    1    1    1    1    1    1  7.60999E+09 0.39434 
   15   15    1    1    1    1    1    1    1    1  4.46230E+09 0.33398 
   16   16    1    1    1    1    1    1    1    1  2.06992E+09 0.33752 
   17   17    1    1    1    1    1    1    1    1  2.51590E+09 0.27363 
   18   18    1    1    1    1    1    1    1    1  8.20040E+09 0.19308 
   19   19    1    1    1    1    1    1    1    1  1.19736E+10 0.21370 
   20   20    1    1    1    1    1    1    1    1  4.41034E+10 0.11200 
   21   21    1    1    1    1    1    1    1    1  3.69871E+10 0.11108 
   22   22    1    1    1    1    1    1    1    1  8.45694E+10 0.09698 
   23   23    1    1    1    1    1    1    1    1  1.17823E+11 0.05847 
   24   24    1    1    1    1    1    1    1    1  2.09677E+11 0.04173 
   25   25    1    1    1    1    1    1    1    1  2.40913E+11 0.04975 
   26   26    1    1    1    1    1    1    1    1  4.32384E+11 0.04278 
   27   27    1    1    1    1    1    1    1    1  7.84843E+11 0.03084 
   28   28    1    1    1    1    1    1    1    1  1.75270E+12 0.02086 
   29   29    1    1    1    1    1    1    1    1  2.97534E+12 0.01955 
   30   30    1    1    1    1    1    1    1    1  8.29760E+12 0.00823 
   31   31    1    1    1    1    1    1    1    1  2.50738E+13 0.00597 
   32   32    1    1    1    1    1    1    1    1  4.62613E+13 0.00555 
   33   33    1    1    1    1    1    1    1    1  1.08176E+14 0.00370 
   34   34    1    1    1    1    1    1    1    1  1.49264E+14 0.00281 
   35   35    1    1    1    1    1    1    1    1  1.97276E+14 0.00187 
   36   36    1    1    1    1    1    1    1    1  1.35492E+14 0.00206 
   37   37    1    1    1    1    1    1    1    1  4.16692E+13 0.00196 
   38   38    1    1    1    1    1    1    1    1  2.31057E+14 0.00210 
   39   39    1    1    1    1    1    1    1    1  3.10360E+14 0.00168 
   40   40    1    1    1    1    1    1    1    1  5.33628E+14 0.00121 
   41   41    1    1    1    1    1    1    1    1  5.37317E+14 0.00109 
   42   42    1    1    1    1    1    1    1    1  1.13460E+15 0.00125 
   43   43    1    1    1    1    1    1    1    1  1.36618E+15 0.00120 
   44   44    1    1    1    1    1    1    1    1  1.96187E+15 0.00121 
   45   45    1    1    1    1    1    1    1    1  3.89443E+15 0.00097 
   46   46    1    1    1    1    1    1    1    1  1.84687E+15 0.00081 
   47   47    1    1    1    1    1    1    1    1  2.95262E+15 0.00081 
   48   48    1    1    1    1    1    1    1    1  4.13490E+15 0.00079 
   49   49    1    1    1    1    1    1    1    1  4.06713E+15 0.00081 
   50   50    1    1    1    1    1    1    1    1  6.36754E+15 0.00072 
   51   51    1    1    1    1    1    1    1    1  5.07843E+15 0.00069 
   52   52    1    1    1    1    1    1    1    1  6.03213E+15 0.00072 
   53   53    1    1    1    1    1    1    1    1  4.20806E+15 0.00084 
   54   54    1    1    1    1    1    1    1    1  5.16024E+15 0.00063 
   55   55    1    1    1    1    1    1    1    1  3.57087E+15 0.00071 
   56   56    1    1    1    1    1    1    1    1  4.86263E+14 0.00150 
   57   57    1    1    1    1    1    1    1    1  7.08872E+15 0.00070 
   58   58    1    1    1    1    1    1    1    1  3.16184E+15 0.00058 
   59   59    1    1    1    1    1    1    1    1  3.37386E+15 0.00078 
   60   60    1    1    1    1    1    1    1    1  2.63377E+15 0.00089 
   61   61    1    1    1    1    1    1    1    1  2.64103E+15 0.00078 
   62   62    1    1    1    1    1    1    1    1  2.74640E+15 0.00067 
   63   63    1    1    1    1    1    1    1    1  2.31556E+15 0.00076 
   64   64    1    1    1    1    1    1    1    1  1.84287E+15 0.00083 
   65   65    1    1    1    1    1    1    1    1  1.82926E+15 0.00116 
   66   66    1    1    1    1    1    1    1    1  1.33231E+15 0.00095 
   67   67    1    1    1    1    1    1    1    1  1.08731E+15 0.00110 
   68   68    1    1    1    1    1    1    1    1  9.74559E+14 0.00094 
   69   69    1    1    1    1    1    1    1    1  1.17099E+15 0.00133 
   70   70    1    1    1    1    1    1    1    1  9.97116E+14 0.00106 
   71   71    1    1    1    1    1    1    1    1  1.82037E+15 0.00090 
   72   72    1    1    1    1    1    1    1    1  1.29188E+15 0.00126 
   73   73    1    1    1    1    1    1    1    1  9.74728E+14 0.00124 
   74   74    1    1    1    1    1    1    1    1  7.85840E+14 0.00144 
   75   75    1    1    1    1    1    1    1    1  6.50504E+14 0.00182 
   76   76    1    1    1    1    1    1    1    1  7.53119E+14 0.00127 
   77   77    1    1    1    1    1    1    1    1  5.94089E+14 0.00135 
   78   78    1    1    1    1    1    1    1    1  4.71479E+14 0.00134 
   79   79    1    1    1    1    1    1    1    1  4.88265E+14 0.00144 
   80   80    1    1    1    1    1    1    1    1  3.61894E+14 0.00141 
   81   81    1    1    1    1    1    1    1    1  2.78396E+14 0.00178 
   82   82    1    1    1    1    1    1    1    1  2.14206E+14 0.00172 
   83   83    1    1    1    1    1    1    1    1  2.00123E+14 0.00275 
   84   84    1    1    1    1    1    1    1    1  1.44020E+14 0.00162 
   85   85    1    1    1    1    1    1    1    1  1.03446E+14 0.00265 
   86   86    1    1    1    1    1    1    1    1  9.76670E+13 0.00245 
   87   87    1    1    1    1    1    1    1    1  5.98235E+13 0.00286 
   88   88    1    1    1    1    1    1    1    1  3.99717E+13 0.00479 
   89   89    1    1    1    1    1    1    1    1  2.30471E+13 0.00613 
   90   90    1    1    1    1    1    1    1    1  1.52032E+13 0.00624 
   91   91    1    1    1    1    1    1    1    1  7.75897E+12 0.00868 
   92   92    1    1    1    1    1    1    1    1  3.74563E+12 0.01274 
   93   93    1    1    1    1    1    1    1    1  1.84078E+12 0.02404 
   94   94    1    1    1    1    1    1    1    1  8.46288E+11 0.02882 
   95   95    1    1    1    1    1    1    1    1  4.57697E+11 0.03870 
   96   96    1    1    1    1    1    1    1    1  2.34599E+11 0.05411 
   97   97    1    1    1    1    1    1    1    1  9.15811E+10 0.09290 
   98   98    1    1    1    1    1    1    1    1  3.46128E+10 0.15743 
   99   99    1    1    1    1    1    1    1    1  1.71454E+10 0.13916 
  100  100    1    1    1    1    1    1    1    1  1.56912E+10 0.23880 
];


