
DETdpaspec = [
    1    1    1    1    1    1    1    1    1    1  0.00000E+00 0.00000 
    2    2    1    1    1    1    1    1    1    1  5.67612E+06 1.00000 
    3    3    1    1    1    1    1    1    1    1  0.00000E+00 0.00000 
    4    4    1    1    1    1    1    1    1    1  0.00000E+00 0.00000 
    5    5    1    1    1    1    1    1    1    1  0.00000E+00 0.00000 
    6    6    1    1    1    1    1    1    1    1  0.00000E+00 0.00000 
    7    7    1    1    1    1    1    1    1    1  0.00000E+00 0.00000 
    8    8    1    1    1    1    1    1    1    1  1.93247E+07 1.00000 
    9    9    1    1    1    1    1    1    1    1  0.00000E+00 0.00000 
   10   10    1    1    1    1    1    1    1    1  5.13044E+07 1.00000 
   11   11    1    1    1    1    1    1    1    1  4.06421E+08 0.58639 
   12   12    1    1    1    1    1    1    1    1  2.55025E+07 0.80914 
   13   13    1    1    1    1    1    1    1    1  1.66689E+09 0.38233 
   14   14    1    1    1    1    1    1    1    1  5.41201E+09 0.34410 
   15   15    1    1    1    1    1    1    1    1  2.32686E+09 0.71446 
   16   16    1    1    1    1    1    1    1    1  1.37705E+09 0.30090 
   17   17    1    1    1    1    1    1    1    1  5.01558E+09 0.31104 
   18   18    1    1    1    1    1    1    1    1  1.00602E+10 0.22812 
   19   19    1    1    1    1    1    1    1    1  9.96426E+09 0.13723 
   20   20    1    1    1    1    1    1    1    1  3.62339E+10 0.15283 
   21   21    1    1    1    1    1    1    1    1  2.20706E+10 0.10975 
   22   22    1    1    1    1    1    1    1    1  6.53568E+10 0.09761 
   23   23    1    1    1    1    1    1    1    1  9.59252E+10 0.08752 
   24   24    1    1    1    1    1    1    1    1  1.66026E+11 0.06280 
   25   25    1    1    1    1    1    1    1    1  1.84002E+11 0.06659 
   26   26    1    1    1    1    1    1    1    1  2.80233E+11 0.04695 
   27   27    1    1    1    1    1    1    1    1  5.55585E+11 0.04057 
   28   28    1    1    1    1    1    1    1    1  1.01972E+12 0.02197 
   29   29    1    1    1    1    1    1    1    1  1.50092E+12 0.01860 
   30   30    1    1    1    1    1    1    1    1  4.59191E+12 0.01363 
   31   31    1    1    1    1    1    1    1    1  1.38228E+13 0.00769 
   32   32    1    1    1    1    1    1    1    1  2.54099E+13 0.00532 
   33   33    1    1    1    1    1    1    1    1  5.61176E+13 0.00435 
   34   34    1    1    1    1    1    1    1    1  7.45833E+13 0.00451 
   35   35    1    1    1    1    1    1    1    1  1.07198E+14 0.00303 
   36   36    1    1    1    1    1    1    1    1  7.59035E+13 0.00211 
   37   37    1    1    1    1    1    1    1    1  2.39748E+13 0.00247 
   38   38    1    1    1    1    1    1    1    1  1.29004E+14 0.00285 
   39   39    1    1    1    1    1    1    1    1  1.71918E+14 0.00289 
   40   40    1    1    1    1    1    1    1    1  2.87765E+14 0.00232 
   41   41    1    1    1    1    1    1    1    1  2.97418E+14 0.00218 
   42   42    1    1    1    1    1    1    1    1  6.06321E+14 0.00119 
   43   43    1    1    1    1    1    1    1    1  7.20291E+14 0.00135 
   44   44    1    1    1    1    1    1    1    1  1.01954E+15 0.00162 
   45   45    1    1    1    1    1    1    1    1  1.95752E+15 0.00157 
   46   46    1    1    1    1    1    1    1    1  9.31789E+14 0.00151 
   47   47    1    1    1    1    1    1    1    1  1.49620E+15 0.00151 
   48   48    1    1    1    1    1    1    1    1  2.07539E+15 0.00131 
   49   49    1    1    1    1    1    1    1    1  2.03753E+15 0.00145 
   50   50    1    1    1    1    1    1    1    1  3.10758E+15 0.00152 
   51   51    1    1    1    1    1    1    1    1  2.50393E+15 0.00151 
   52   52    1    1    1    1    1    1    1    1  2.88788E+15 0.00145 
   53   53    1    1    1    1    1    1    1    1  2.01671E+15 0.00155 
   54   54    1    1    1    1    1    1    1    1  2.40673E+15 0.00153 
   55   55    1    1    1    1    1    1    1    1  1.66477E+15 0.00177 
   56   56    1    1    1    1    1    1    1    1  2.28461E+14 0.00192 
   57   57    1    1    1    1    1    1    1    1  3.29886E+15 0.00157 
   58   58    1    1    1    1    1    1    1    1  1.42195E+15 0.00184 
   59   59    1    1    1    1    1    1    1    1  1.52399E+15 0.00193 
   60   60    1    1    1    1    1    1    1    1  1.16073E+15 0.00177 
   61   61    1    1    1    1    1    1    1    1  1.16732E+15 0.00182 
   62   62    1    1    1    1    1    1    1    1  1.20417E+15 0.00172 
   63   63    1    1    1    1    1    1    1    1  1.00489E+15 0.00184 
   64   64    1    1    1    1    1    1    1    1  7.98190E+14 0.00201 
   65   65    1    1    1    1    1    1    1    1  7.89043E+14 0.00204 
   66   66    1    1    1    1    1    1    1    1  5.71819E+14 0.00199 
   67   67    1    1    1    1    1    1    1    1  4.68691E+14 0.00191 
   68   68    1    1    1    1    1    1    1    1  4.22588E+14 0.00220 
   69   69    1    1    1    1    1    1    1    1  5.06369E+14 0.00246 
   70   70    1    1    1    1    1    1    1    1  4.31507E+14 0.00244 
   71   71    1    1    1    1    1    1    1    1  8.00702E+14 0.00210 
   72   72    1    1    1    1    1    1    1    1  5.68830E+14 0.00260 
   73   73    1    1    1    1    1    1    1    1  4.26370E+14 0.00186 
   74   74    1    1    1    1    1    1    1    1  3.36567E+14 0.00213 
   75   75    1    1    1    1    1    1    1    1  2.74585E+14 0.00217 
   76   76    1    1    1    1    1    1    1    1  3.12676E+14 0.00284 
   77   77    1    1    1    1    1    1    1    1  2.41599E+14 0.00249 
   78   78    1    1    1    1    1    1    1    1  1.89933E+14 0.00231 
   79   79    1    1    1    1    1    1    1    1  1.93920E+14 0.00243 
   80   80    1    1    1    1    1    1    1    1  1.42665E+14 0.00367 
   81   81    1    1    1    1    1    1    1    1  1.09759E+14 0.00226 
   82   82    1    1    1    1    1    1    1    1  8.39809E+13 0.00436 
   83   83    1    1    1    1    1    1    1    1  7.86690E+13 0.00365 
   84   84    1    1    1    1    1    1    1    1  5.65082E+13 0.00381 
   85   85    1    1    1    1    1    1    1    1  4.03864E+13 0.00533 
   86   86    1    1    1    1    1    1    1    1  3.78608E+13 0.00447 
   87   87    1    1    1    1    1    1    1    1  2.35024E+13 0.00618 
   88   88    1    1    1    1    1    1    1    1  1.57186E+13 0.00810 
   89   89    1    1    1    1    1    1    1    1  9.29125E+12 0.00926 
   90   90    1    1    1    1    1    1    1    1  6.05730E+12 0.01108 
   91   91    1    1    1    1    1    1    1    1  3.02642E+12 0.02110 
   92   92    1    1    1    1    1    1    1    1  1.48982E+12 0.02052 
   93   93    1    1    1    1    1    1    1    1  6.85495E+11 0.04059 
   94   94    1    1    1    1    1    1    1    1  3.83728E+11 0.04484 
   95   95    1    1    1    1    1    1    1    1  1.62130E+11 0.07131 
   96   96    1    1    1    1    1    1    1    1  1.05178E+11 0.07430 
   97   97    1    1    1    1    1    1    1    1  3.00746E+10 0.16494 
   98   98    1    1    1    1    1    1    1    1  1.74349E+10 0.27041 
   99   99    1    1    1    1    1    1    1    1  6.80136E+09 0.34312 
  100  100    1    1    1    1    1    1    1    1  1.20527E+10 0.23451 
];


