
DETdpaspec = [
    1    1    1    1    1    1    1    1    1    1  0.00000E+00 0.00000 
    2    2    1    1    1    1    1    1    1    1  0.00000E+00 0.00000 
    3    3    1    1    1    1    1    1    1    1  0.00000E+00 0.00000 
    4    4    1    1    1    1    1    1    1    1  0.00000E+00 0.00000 
    5    5    1    1    1    1    1    1    1    1  0.00000E+00 0.00000 
    6    6    1    1    1    1    1    1    1    1  0.00000E+00 0.00000 
    7    7    1    1    1    1    1    1    1    1  0.00000E+00 0.00000 
    8    8    1    1    1    1    1    1    1    1  3.23245E+07 0.69057 
    9    9    1    1    1    1    1    1    1    1  0.00000E+00 0.00000 
   10   10    1    1    1    1    1    1    1    1  1.45051E+08 0.78666 
   11   11    1    1    1    1    1    1    1    1  0.00000E+00 0.00000 
   12   12    1    1    1    1    1    1    1    1  9.41726E+07 0.76642 
   13   13    1    1    1    1    1    1    1    1  6.80474E+08 0.84538 
   14   14    1    1    1    1    1    1    1    1  2.52532E+09 0.41330 
   15   15    1    1    1    1    1    1    1    1  5.01854E+09 0.43158 
   16   16    1    1    1    1    1    1    1    1  1.67047E+09 0.38866 
   17   17    1    1    1    1    1    1    1    1  3.41776E+09 0.29361 
   18   18    1    1    1    1    1    1    1    1  8.54560E+09 0.18887 
   19   19    1    1    1    1    1    1    1    1  9.73701E+09 0.17559 
   20   20    1    1    1    1    1    1    1    1  2.60955E+10 0.12531 
   21   21    1    1    1    1    1    1    1    1  2.19011E+10 0.14321 
   22   22    1    1    1    1    1    1    1    1  6.47380E+10 0.07898 
   23   23    1    1    1    1    1    1    1    1  7.81446E+10 0.07347 
   24   24    1    1    1    1    1    1    1    1  1.41151E+11 0.05874 
   25   25    1    1    1    1    1    1    1    1  1.76065E+11 0.06063 
   26   26    1    1    1    1    1    1    1    1  2.66680E+11 0.04103 
   27   27    1    1    1    1    1    1    1    1  4.87067E+11 0.03590 
   28   28    1    1    1    1    1    1    1    1  9.44922E+11 0.02399 
   29   29    1    1    1    1    1    1    1    1  1.34353E+12 0.01868 
   30   30    1    1    1    1    1    1    1    1  4.07421E+12 0.01230 
   31   31    1    1    1    1    1    1    1    1  1.24465E+13 0.00902 
   32   32    1    1    1    1    1    1    1    1  2.27530E+13 0.00727 
   33   33    1    1    1    1    1    1    1    1  5.01585E+13 0.00554 
   34   34    1    1    1    1    1    1    1    1  6.55451E+13 0.00472 
   35   35    1    1    1    1    1    1    1    1  9.42893E+13 0.00297 
   36   36    1    1    1    1    1    1    1    1  6.69159E+13 0.00254 
   37   37    1    1    1    1    1    1    1    1  2.11407E+13 0.00280 
   38   38    1    1    1    1    1    1    1    1  1.13208E+14 0.00251 
   39   39    1    1    1    1    1    1    1    1  1.50222E+14 0.00263 
   40   40    1    1    1    1    1    1    1    1  2.51478E+14 0.00208 
   41   41    1    1    1    1    1    1    1    1  2.59621E+14 0.00259 
   42   42    1    1    1    1    1    1    1    1  5.29083E+14 0.00221 
   43   43    1    1    1    1    1    1    1    1  6.27527E+14 0.00238 
   44   44    1    1    1    1    1    1    1    1  8.85421E+14 0.00251 
   45   45    1    1    1    1    1    1    1    1  1.69001E+15 0.00193 
   46   46    1    1    1    1    1    1    1    1  8.03694E+14 0.00191 
   47   47    1    1    1    1    1    1    1    1  1.28968E+15 0.00204 
   48   48    1    1    1    1    1    1    1    1  1.78745E+15 0.00189 
   49   49    1    1    1    1    1    1    1    1  1.75614E+15 0.00208 
   50   50    1    1    1    1    1    1    1    1  2.67223E+15 0.00208 
   51   51    1    1    1    1    1    1    1    1  2.15548E+15 0.00219 
   52   52    1    1    1    1    1    1    1    1  2.47754E+15 0.00216 
   53   53    1    1    1    1    1    1    1    1  1.72790E+15 0.00221 
   54   54    1    1    1    1    1    1    1    1  2.05616E+15 0.00225 
   55   55    1    1    1    1    1    1    1    1  1.42267E+15 0.00234 
   56   56    1    1    1    1    1    1    1    1  1.94830E+14 0.00243 
   57   57    1    1    1    1    1    1    1    1  2.81632E+15 0.00220 
   58   58    1    1    1    1    1    1    1    1  1.21080E+15 0.00220 
   59   59    1    1    1    1    1    1    1    1  1.29751E+15 0.00206 
   60   60    1    1    1    1    1    1    1    1  9.86335E+14 0.00223 
   61   61    1    1    1    1    1    1    1    1  9.91601E+14 0.00203 
   62   62    1    1    1    1    1    1    1    1  1.02182E+15 0.00179 
   63   63    1    1    1    1    1    1    1    1  8.52238E+14 0.00226 
   64   64    1    1    1    1    1    1    1    1  6.76058E+14 0.00242 
   65   65    1    1    1    1    1    1    1    1  6.68334E+14 0.00276 
   66   66    1    1    1    1    1    1    1    1  4.84205E+14 0.00222 
   67   67    1    1    1    1    1    1    1    1  3.97461E+14 0.00222 
   68   68    1    1    1    1    1    1    1    1  3.57459E+14 0.00203 
   69   69    1    1    1    1    1    1    1    1  4.28860E+14 0.00249 
   70   70    1    1    1    1    1    1    1    1  3.66248E+14 0.00273 
   71   71    1    1    1    1    1    1    1    1  6.78367E+14 0.00220 
   72   72    1    1    1    1    1    1    1    1  4.81463E+14 0.00243 
   73   73    1    1    1    1    1    1    1    1  3.60407E+14 0.00272 
   74   74    1    1    1    1    1    1    1    1  2.84335E+14 0.00346 
   75   75    1    1    1    1    1    1    1    1  2.31227E+14 0.00360 
   76   76    1    1    1    1    1    1    1    1  2.62378E+14 0.00277 
   77   77    1    1    1    1    1    1    1    1  2.04381E+14 0.00302 
   78   78    1    1    1    1    1    1    1    1  1.59683E+14 0.00290 
   79   79    1    1    1    1    1    1    1    1  1.62402E+14 0.00283 
   80   80    1    1    1    1    1    1    1    1  1.19769E+14 0.00347 
   81   81    1    1    1    1    1    1    1    1  9.20868E+13 0.00347 
   82   82    1    1    1    1    1    1    1    1  7.02456E+13 0.00471 
   83   83    1    1    1    1    1    1    1    1  6.56844E+13 0.00450 
   84   84    1    1    1    1    1    1    1    1  4.73304E+13 0.00427 
   85   85    1    1    1    1    1    1    1    1  3.43355E+13 0.00600 
   86   86    1    1    1    1    1    1    1    1  3.20299E+13 0.00551 
   87   87    1    1    1    1    1    1    1    1  1.98264E+13 0.00824 
   88   88    1    1    1    1    1    1    1    1  1.33974E+13 0.00754 
   89   89    1    1    1    1    1    1    1    1  7.69255E+12 0.01311 
   90   90    1    1    1    1    1    1    1    1  5.17747E+12 0.01303 
   91   91    1    1    1    1    1    1    1    1  2.57334E+12 0.01898 
   92   92    1    1    1    1    1    1    1    1  1.27437E+12 0.02557 
   93   93    1    1    1    1    1    1    1    1  6.23350E+11 0.03735 
   94   94    1    1    1    1    1    1    1    1  2.86364E+11 0.04759 
   95   95    1    1    1    1    1    1    1    1  1.30558E+11 0.07524 
   96   96    1    1    1    1    1    1    1    1  7.66258E+10 0.07536 
   97   97    1    1    1    1    1    1    1    1  3.05840E+10 0.12394 
   98   98    1    1    1    1    1    1    1    1  1.57185E+10 0.19935 
   99   99    1    1    1    1    1    1    1    1  5.97296E+09 0.32184 
  100  100    1    1    1    1    1    1    1    1  3.38527E+09 0.37652 
];


