
DETdpaspec = [
    1    1    1    1    1    1    1    1    1    1  0.00000E+00 0.00000 
    2    2    1    1    1    1    1    1    1    1  0.00000E+00 0.00000 
    3    3    1    1    1    1    1    1    1    1  0.00000E+00 0.00000 
    4    4    1    1    1    1    1    1    1    1  1.21579E+07 1.00000 
    5    5    1    1    1    1    1    1    1    1  0.00000E+00 0.00000 
    6    6    1    1    1    1    1    1    1    1  0.00000E+00 0.00000 
    7    7    1    1    1    1    1    1    1    1  2.17617E+07 1.00000 
    8    8    1    1    1    1    1    1    1    1  0.00000E+00 0.00000 
    9    9    1    1    1    1    1    1    1    1  0.00000E+00 0.00000 
   10   10    1    1    1    1    1    1    1    1  1.49349E+08 0.71170 
   11   11    1    1    1    1    1    1    1    1  4.27565E+08 0.58161 
   12   12    1    1    1    1    1    1    1    1  1.66905E+08 0.49854 
   13   13    1    1    1    1    1    1    1    1  2.40247E+09 0.36054 
   14   14    1    1    1    1    1    1    1    1  5.64793E+09 0.23658 
   15   15    1    1    1    1    1    1    1    1  7.16272E+09 0.30280 
   16   16    1    1    1    1    1    1    1    1  1.44169E+09 0.36353 
   17   17    1    1    1    1    1    1    1    1  4.48557E+09 0.27853 
   18   18    1    1    1    1    1    1    1    1  1.19760E+10 0.16761 
   19   19    1    1    1    1    1    1    1    1  9.10508E+09 0.13609 
   20   20    1    1    1    1    1    1    1    1  4.50503E+10 0.13046 
   21   21    1    1    1    1    1    1    1    1  3.61273E+10 0.08542 
   22   22    1    1    1    1    1    1    1    1  8.51426E+10 0.08804 
   23   23    1    1    1    1    1    1    1    1  1.31479E+11 0.06270 
   24   24    1    1    1    1    1    1    1    1  1.95678E+11 0.05613 
   25   25    1    1    1    1    1    1    1    1  2.26572E+11 0.06996 
   26   26    1    1    1    1    1    1    1    1  3.72827E+11 0.04814 
   27   27    1    1    1    1    1    1    1    1  6.30277E+11 0.03265 
   28   28    1    1    1    1    1    1    1    1  1.27436E+12 0.02171 
   29   29    1    1    1    1    1    1    1    1  1.98774E+12 0.01918 
   30   30    1    1    1    1    1    1    1    1  5.73204E+12 0.01480 
   31   31    1    1    1    1    1    1    1    1  1.76041E+13 0.00889 
   32   32    1    1    1    1    1    1    1    1  3.28341E+13 0.00642 
   33   33    1    1    1    1    1    1    1    1  7.56916E+13 0.00372 
   34   34    1    1    1    1    1    1    1    1  1.02116E+14 0.00324 
   35   35    1    1    1    1    1    1    1    1  1.43199E+14 0.00266 
   36   36    1    1    1    1    1    1    1    1  1.00790E+14 0.00212 
   37   37    1    1    1    1    1    1    1    1  3.14894E+13 0.00233 
   38   38    1    1    1    1    1    1    1    1  1.71307E+14 0.00165 
   39   39    1    1    1    1    1    1    1    1  2.28858E+14 0.00226 
   40   40    1    1    1    1    1    1    1    1  3.89431E+14 0.00179 
   41   41    1    1    1    1    1    1    1    1  3.99101E+14 0.00131 
   42   42    1    1    1    1    1    1    1    1  8.27361E+14 0.00110 
   43   43    1    1    1    1    1    1    1    1  9.89186E+14 0.00092 
   44   44    1    1    1    1    1    1    1    1  1.40875E+15 0.00137 
   45   45    1    1    1    1    1    1    1    1  2.74249E+15 0.00088 
   46   46    1    1    1    1    1    1    1    1  1.30796E+15 0.00098 
   47   47    1    1    1    1    1    1    1    1  2.09802E+15 0.00107 
   48   48    1    1    1    1    1    1    1    1  2.92461E+15 0.00093 
   49   49    1    1    1    1    1    1    1    1  2.88036E+15 0.00097 
   50   50    1    1    1    1    1    1    1    1  4.44155E+15 0.00125 
   51   51    1    1    1    1    1    1    1    1  3.57504E+15 0.00113 
   52   52    1    1    1    1    1    1    1    1  4.16602E+15 0.00112 
   53   53    1    1    1    1    1    1    1    1  2.91307E+15 0.00114 
   54   54    1    1    1    1    1    1    1    1  3.50732E+15 0.00112 
   55   55    1    1    1    1    1    1    1    1  2.42792E+15 0.00119 
   56   56    1    1    1    1    1    1    1    1  3.32063E+14 0.00144 
   57   57    1    1    1    1    1    1    1    1  4.82363E+15 0.00108 
   58   58    1    1    1    1    1    1    1    1  2.10076E+15 0.00115 
   59   59    1    1    1    1    1    1    1    1  2.25081E+15 0.00116 
   60   60    1    1    1    1    1    1    1    1  1.72823E+15 0.00130 
   61   61    1    1    1    1    1    1    1    1  1.73634E+15 0.00112 
   62   62    1    1    1    1    1    1    1    1  1.80038E+15 0.00119 
   63   63    1    1    1    1    1    1    1    1  1.50715E+15 0.00141 
   64   64    1    1    1    1    1    1    1    1  1.19660E+15 0.00139 
   65   65    1    1    1    1    1    1    1    1  1.18669E+15 0.00112 
   66   66    1    1    1    1    1    1    1    1  8.62703E+14 0.00119 
   67   67    1    1    1    1    1    1    1    1  7.06618E+14 0.00124 
   68   68    1    1    1    1    1    1    1    1  6.33317E+14 0.00178 
   69   69    1    1    1    1    1    1    1    1  7.61571E+14 0.00160 
   70   70    1    1    1    1    1    1    1    1  6.48823E+14 0.00168 
   71   71    1    1    1    1    1    1    1    1  1.20013E+15 0.00133 
   72   72    1    1    1    1    1    1    1    1  8.52305E+14 0.00124 
   73   73    1    1    1    1    1    1    1    1  6.41782E+14 0.00180 
   74   74    1    1    1    1    1    1    1    1  5.10000E+14 0.00147 
   75   75    1    1    1    1    1    1    1    1  4.18010E+14 0.00189 
   76   76    1    1    1    1    1    1    1    1  4.78142E+14 0.00137 
   77   77    1    1    1    1    1    1    1    1  3.73484E+14 0.00187 
   78   78    1    1    1    1    1    1    1    1  2.93950E+14 0.00215 
   79   79    1    1    1    1    1    1    1    1  3.01301E+14 0.00203 
   80   80    1    1    1    1    1    1    1    1  2.21097E+14 0.00212 
   81   81    1    1    1    1    1    1    1    1  1.70755E+14 0.00286 
   82   82    1    1    1    1    1    1    1    1  1.30454E+14 0.00263 
   83   83    1    1    1    1    1    1    1    1  1.21990E+14 0.00266 
   84   84    1    1    1    1    1    1    1    1  8.74645E+13 0.00297 
   85   85    1    1    1    1    1    1    1    1  6.37196E+13 0.00319 
   86   86    1    1    1    1    1    1    1    1  5.96937E+13 0.00493 
   87   87    1    1    1    1    1    1    1    1  3.65150E+13 0.00554 
   88   88    1    1    1    1    1    1    1    1  2.48062E+13 0.00640 
   89   89    1    1    1    1    1    1    1    1  1.41969E+13 0.00772 
   90   90    1    1    1    1    1    1    1    1  9.56758E+12 0.01198 
   91   91    1    1    1    1    1    1    1    1  4.71566E+12 0.01491 
   92   92    1    1    1    1    1    1    1    1  2.35746E+12 0.01821 
   93   93    1    1    1    1    1    1    1    1  1.14548E+12 0.02815 
   94   94    1    1    1    1    1    1    1    1  5.06375E+11 0.04908 
   95   95    1    1    1    1    1    1    1    1  2.53890E+11 0.05492 
   96   96    1    1    1    1    1    1    1    1  1.34463E+11 0.08699 
   97   97    1    1    1    1    1    1    1    1  5.63792E+10 0.09273 
   98   98    1    1    1    1    1    1    1    1  2.53130E+10 0.14439 
   99   99    1    1    1    1    1    1    1    1  2.36801E+10 0.20012 
  100  100    1    1    1    1    1    1    1    1  6.42640E+09 0.26002 
];


