
DETdpaspec = [
    1    1    1    1    1    1    1    1    1    1  0.00000E+00 0.00000 
    2    2    1    1    1    1    1    1    1    1  0.00000E+00 0.00000 
    3    3    1    1    1    1    1    1    1    1  0.00000E+00 0.00000 
    4    4    1    1    1    1    1    1    1    1  1.22459E+07 1.00000 
    5    5    1    1    1    1    1    1    1    1  0.00000E+00 0.00000 
    6    6    1    1    1    1    1    1    1    1  0.00000E+00 0.00000 
    7    7    1    1    1    1    1    1    1    1  0.00000E+00 0.00000 
    8    8    1    1    1    1    1    1    1    1  2.02185E+07 1.00000 
    9    9    1    1    1    1    1    1    1    1  2.66620E+07 0.71436 
   10   10    1    1    1    1    1    1    1    1  2.40399E+08 0.69870 
   11   11    1    1    1    1    1    1    1    1  1.34913E+08 1.00000 
   12   12    1    1    1    1    1    1    1    1  1.62110E+08 0.46103 
   13   13    1    1    1    1    1    1    1    1  1.01800E+09 0.56662 
   14   14    1    1    1    1    1    1    1    1  3.35063E+09 0.30095 
   15   15    1    1    1    1    1    1    1    1  7.67648E+09 0.36365 
   16   16    1    1    1    1    1    1    1    1  1.20389E+09 0.28747 
   17   17    1    1    1    1    1    1    1    1  4.44005E+09 0.18648 
   18   18    1    1    1    1    1    1    1    1  1.43588E+10 0.17183 
   19   19    1    1    1    1    1    1    1    1  9.76620E+09 0.14226 
   20   20    1    1    1    1    1    1    1    1  3.39168E+10 0.12154 
   21   21    1    1    1    1    1    1    1    1  2.83276E+10 0.13521 
   22   22    1    1    1    1    1    1    1    1  7.97147E+10 0.10204 
   23   23    1    1    1    1    1    1    1    1  1.20884E+11 0.06683 
   24   24    1    1    1    1    1    1    1    1  1.61445E+11 0.06382 
   25   25    1    1    1    1    1    1    1    1  2.19648E+11 0.06013 
   26   26    1    1    1    1    1    1    1    1  3.29768E+11 0.05046 
   27   27    1    1    1    1    1    1    1    1  5.95286E+11 0.03862 
   28   28    1    1    1    1    1    1    1    1  1.14592E+12 0.02848 
   29   29    1    1    1    1    1    1    1    1  1.75325E+12 0.02216 
   30   30    1    1    1    1    1    1    1    1  5.38181E+12 0.01401 
   31   31    1    1    1    1    1    1    1    1  1.64816E+13 0.00703 
   32   32    1    1    1    1    1    1    1    1  3.06605E+13 0.00560 
   33   33    1    1    1    1    1    1    1    1  6.92132E+13 0.00409 
   34   34    1    1    1    1    1    1    1    1  9.24211E+13 0.00440 
   35   35    1    1    1    1    1    1    1    1  1.30788E+14 0.00229 
   36   36    1    1    1    1    1    1    1    1  9.22407E+13 0.00297 
   37   37    1    1    1    1    1    1    1    1  2.89852E+13 0.00320 
   38   38    1    1    1    1    1    1    1    1  1.57030E+14 0.00174 
   39   39    1    1    1    1    1    1    1    1  2.09227E+14 0.00192 
   40   40    1    1    1    1    1    1    1    1  3.53758E+14 0.00181 
   41   41    1    1    1    1    1    1    1    1  3.63818E+14 0.00184 
   42   42    1    1    1    1    1    1    1    1  7.49160E+14 0.00156 
   43   43    1    1    1    1    1    1    1    1  8.94574E+14 0.00142 
   44   44    1    1    1    1    1    1    1    1  1.27334E+15 0.00108 
   45   45    1    1    1    1    1    1    1    1  2.46647E+15 0.00107 
   46   46    1    1    1    1    1    1    1    1  1.17503E+15 0.00122 
   47   47    1    1    1    1    1    1    1    1  1.88444E+15 0.00123 
   48   48    1    1    1    1    1    1    1    1  2.62751E+15 0.00115 
   49   49    1    1    1    1    1    1    1    1  2.58413E+15 0.00123 
   50   50    1    1    1    1    1    1    1    1  3.96768E+15 0.00132 
   51   51    1    1    1    1    1    1    1    1  3.19512E+15 0.00126 
   52   52    1    1    1    1    1    1    1    1  3.70850E+15 0.00117 
   53   53    1    1    1    1    1    1    1    1  2.59407E+15 0.00111 
   54   54    1    1    1    1    1    1    1    1  3.11435E+15 0.00121 
   55   55    1    1    1    1    1    1    1    1  2.15410E+15 0.00091 
   56   56    1    1    1    1    1    1    1    1  2.95036E+14 0.00169 
   57   57    1    1    1    1    1    1    1    1  4.27620E+15 0.00101 
   58   58    1    1    1    1    1    1    1    1  1.85568E+15 0.00123 
   59   59    1    1    1    1    1    1    1    1  1.98897E+15 0.00123 
   60   60    1    1    1    1    1    1    1    1  1.52242E+15 0.00119 
   61   61    1    1    1    1    1    1    1    1  1.53056E+15 0.00169 
   62   62    1    1    1    1    1    1    1    1  1.58332E+15 0.00153 
   63   63    1    1    1    1    1    1    1    1  1.32231E+15 0.00145 
   64   64    1    1    1    1    1    1    1    1  1.05027E+15 0.00177 
   65   65    1    1    1    1    1    1    1    1  1.03944E+15 0.00152 
   66   66    1    1    1    1    1    1    1    1  7.55639E+14 0.00157 
   67   67    1    1    1    1    1    1    1    1  6.20144E+14 0.00132 
   68   68    1    1    1    1    1    1    1    1  5.57129E+14 0.00178 
   69   69    1    1    1    1    1    1    1    1  6.69493E+14 0.00198 
   70   70    1    1    1    1    1    1    1    1  5.70358E+14 0.00218 
   71   71    1    1    1    1    1    1    1    1  1.05258E+15 0.00186 
   72   72    1    1    1    1    1    1    1    1  7.49968E+14 0.00174 
   73   73    1    1    1    1    1    1    1    1  5.61952E+14 0.00176 
   74   74    1    1    1    1    1    1    1    1  4.46327E+14 0.00178 
   75   75    1    1    1    1    1    1    1    1  3.65185E+14 0.00184 
   76   76    1    1    1    1    1    1    1    1  4.16818E+14 0.00223 
   77   77    1    1    1    1    1    1    1    1  3.24404E+14 0.00228 
   78   78    1    1    1    1    1    1    1    1  2.54759E+14 0.00274 
   79   79    1    1    1    1    1    1    1    1  2.61516E+14 0.00269 
   80   80    1    1    1    1    1    1    1    1  1.92380E+14 0.00352 
   81   81    1    1    1    1    1    1    1    1  1.47711E+14 0.00332 
   82   82    1    1    1    1    1    1    1    1  1.13379E+14 0.00241 
   83   83    1    1    1    1    1    1    1    1  1.05620E+14 0.00321 
   84   84    1    1    1    1    1    1    1    1  7.57946E+13 0.00349 
   85   85    1    1    1    1    1    1    1    1  5.51255E+13 0.00426 
   86   86    1    1    1    1    1    1    1    1  5.11774E+13 0.00447 
   87   87    1    1    1    1    1    1    1    1  3.20099E+13 0.00458 
   88   88    1    1    1    1    1    1    1    1  2.15498E+13 0.00507 
   89   89    1    1    1    1    1    1    1    1  1.24974E+13 0.00785 
   90   90    1    1    1    1    1    1    1    1  8.26667E+12 0.01233 
   91   91    1    1    1    1    1    1    1    1  4.08951E+12 0.01441 
   92   92    1    1    1    1    1    1    1    1  2.02286E+12 0.02330 
   93   93    1    1    1    1    1    1    1    1  9.55201E+11 0.03347 
   94   94    1    1    1    1    1    1    1    1  4.76174E+11 0.03321 
   95   95    1    1    1    1    1    1    1    1  2.61785E+11 0.04956 
   96   96    1    1    1    1    1    1    1    1  1.03507E+11 0.08573 
   97   97    1    1    1    1    1    1    1    1  5.04069E+10 0.10360 
   98   98    1    1    1    1    1    1    1    1  2.85977E+10 0.21591 
   99   99    1    1    1    1    1    1    1    1  1.45328E+10 0.23125 
  100  100    1    1    1    1    1    1    1    1  1.54093E+10 0.22375 
];


