
DETdpaspec = [
    1    1    1    1    1    1    1    1    1    1  0.00000E+00 0.00000 
    2    2    1    1    1    1    1    1    1    1  0.00000E+00 0.00000 
    3    3    1    1    1    1    1    1    1    1  0.00000E+00 0.00000 
    4    4    1    1    1    1    1    1    1    1  0.00000E+00 0.00000 
    5    5    1    1    1    1    1    1    1    1  1.59159E+07 1.00000 
    6    6    1    1    1    1    1    1    1    1  0.00000E+00 0.00000 
    7    7    1    1    1    1    1    1    1    1  0.00000E+00 0.00000 
    8    8    1    1    1    1    1    1    1    1  0.00000E+00 0.00000 
    9    9    1    1    1    1    1    1    1    1  1.49204E+07 1.00000 
   10   10    1    1    1    1    1    1    1    1  3.10399E+07 1.00000 
   11   11    1    1    1    1    1    1    1    1  8.97615E+08 0.37009 
   12   12    1    1    1    1    1    1    1    1  1.30269E+08 0.54950 
   13   13    1    1    1    1    1    1    1    1  1.14249E+09 0.82282 
   14   14    1    1    1    1    1    1    1    1  6.16108E+09 0.54309 
   15   15    1    1    1    1    1    1    1    1  5.48034E+09 0.35225 
   16   16    1    1    1    1    1    1    1    1  1.87242E+09 0.33528 
   17   17    1    1    1    1    1    1    1    1  4.05263E+09 0.18679 
   18   18    1    1    1    1    1    1    1    1  1.44345E+10 0.15971 
   19   19    1    1    1    1    1    1    1    1  1.26357E+10 0.20614 
   20   20    1    1    1    1    1    1    1    1  4.24844E+10 0.11444 
   21   21    1    1    1    1    1    1    1    1  3.39989E+10 0.17518 
   22   22    1    1    1    1    1    1    1    1  8.43202E+10 0.08132 
   23   23    1    1    1    1    1    1    1    1  1.15187E+11 0.05682 
   24   24    1    1    1    1    1    1    1    1  1.88243E+11 0.05561 
   25   25    1    1    1    1    1    1    1    1  2.42518E+11 0.05035 
   26   26    1    1    1    1    1    1    1    1  3.99602E+11 0.03608 
   27   27    1    1    1    1    1    1    1    1  7.41157E+11 0.03480 
   28   28    1    1    1    1    1    1    1    1  1.77375E+12 0.01932 
   29   29    1    1    1    1    1    1    1    1  3.01067E+12 0.01711 
   30   30    1    1    1    1    1    1    1    1  8.60339E+12 0.00884 
   31   31    1    1    1    1    1    1    1    1  2.60675E+13 0.00680 
   32   32    1    1    1    1    1    1    1    1  4.75606E+13 0.00518 
   33   33    1    1    1    1    1    1    1    1  1.11886E+14 0.00383 
   34   34    1    1    1    1    1    1    1    1  1.54988E+14 0.00328 
   35   35    1    1    1    1    1    1    1    1  2.02648E+14 0.00217 
   36   36    1    1    1    1    1    1    1    1  1.38650E+14 0.00193 
   37   37    1    1    1    1    1    1    1    1  4.24716E+13 0.00237 
   38   38    1    1    1    1    1    1    1    1  2.36907E+14 0.00180 
   39   39    1    1    1    1    1    1    1    1  3.17612E+14 0.00136 
   40   40    1    1    1    1    1    1    1    1  5.45947E+14 0.00109 
   41   41    1    1    1    1    1    1    1    1  5.48530E+14 0.00093 
   42   42    1    1    1    1    1    1    1    1  1.15962E+15 0.00116 
   43   43    1    1    1    1    1    1    1    1  1.39728E+15 0.00088 
   44   44    1    1    1    1    1    1    1    1  2.00606E+15 0.00101 
   45   45    1    1    1    1    1    1    1    1  3.98378E+15 0.00088 
   46   46    1    1    1    1    1    1    1    1  1.88899E+15 0.00077 
   47   47    1    1    1    1    1    1    1    1  3.01715E+15 0.00067 
   48   48    1    1    1    1    1    1    1    1  4.22281E+15 0.00064 
   49   49    1    1    1    1    1    1    1    1  4.15104E+15 0.00062 
   50   50    1    1    1    1    1    1    1    1  6.50308E+15 0.00060 
   51   51    1    1    1    1    1    1    1    1  5.18558E+15 0.00062 
   52   52    1    1    1    1    1    1    1    1  6.16591E+15 0.00079 
   53   53    1    1    1    1    1    1    1    1  4.30589E+15 0.00069 
   54   54    1    1    1    1    1    1    1    1  5.28540E+15 0.00083 
   55   55    1    1    1    1    1    1    1    1  3.64814E+15 0.00069 
   56   56    1    1    1    1    1    1    1    1  4.96884E+14 0.00101 
   57   57    1    1    1    1    1    1    1    1  7.25555E+15 0.00072 
   58   58    1    1    1    1    1    1    1    1  3.24026E+15 0.00075 
   59   59    1    1    1    1    1    1    1    1  3.46005E+15 0.00085 
   60   60    1    1    1    1    1    1    1    1  2.70075E+15 0.00068 
   61   61    1    1    1    1    1    1    1    1  2.70734E+15 0.00075 
   62   62    1    1    1    1    1    1    1    1  2.81344E+15 0.00075 
   63   63    1    1    1    1    1    1    1    1  2.36707E+15 0.00076 
   64   64    1    1    1    1    1    1    1    1  1.88469E+15 0.00077 
   65   65    1    1    1    1    1    1    1    1  1.87339E+15 0.00078 
   66   66    1    1    1    1    1    1    1    1  1.36389E+15 0.00095 
   67   67    1    1    1    1    1    1    1    1  1.11204E+15 0.00086 
   68   68    1    1    1    1    1    1    1    1  9.97440E+14 0.00098 
   69   69    1    1    1    1    1    1    1    1  1.19961E+15 0.00115 
   70   70    1    1    1    1    1    1    1    1  1.02182E+15 0.00103 
   71   71    1    1    1    1    1    1    1    1  1.86513E+15 0.00078 
   72   72    1    1    1    1    1    1    1    1  1.32244E+15 0.00098 
   73   73    1    1    1    1    1    1    1    1  9.99022E+14 0.00131 
   74   74    1    1    1    1    1    1    1    1  8.05994E+14 0.00117 
   75   75    1    1    1    1    1    1    1    1  6.66911E+14 0.00127 
   76   76    1    1    1    1    1    1    1    1  7.72572E+14 0.00097 
   77   77    1    1    1    1    1    1    1    1  6.10841E+14 0.00139 
   78   78    1    1    1    1    1    1    1    1  4.85928E+14 0.00116 
   79   79    1    1    1    1    1    1    1    1  5.02178E+14 0.00158 
   80   80    1    1    1    1    1    1    1    1  3.72298E+14 0.00140 
   81   81    1    1    1    1    1    1    1    1  2.87112E+14 0.00170 
   82   82    1    1    1    1    1    1    1    1  2.20755E+14 0.00219 
   83   83    1    1    1    1    1    1    1    1  2.05607E+14 0.00173 
   84   84    1    1    1    1    1    1    1    1  1.48169E+14 0.00237 
   85   85    1    1    1    1    1    1    1    1  1.06889E+14 0.00363 
   86   86    1    1    1    1    1    1    1    1  9.96032E+13 0.00243 
   87   87    1    1    1    1    1    1    1    1  6.17072E+13 0.00452 
   88   88    1    1    1    1    1    1    1    1  4.16129E+13 0.00458 
   89   89    1    1    1    1    1    1    1    1  2.36642E+13 0.00546 
   90   90    1    1    1    1    1    1    1    1  1.57246E+13 0.00784 
   91   91    1    1    1    1    1    1    1    1  7.88865E+12 0.01076 
   92   92    1    1    1    1    1    1    1    1  3.86151E+12 0.01794 
   93   93    1    1    1    1    1    1    1    1  1.88975E+12 0.03217 
   94   94    1    1    1    1    1    1    1    1  8.55481E+11 0.03565 
   95   95    1    1    1    1    1    1    1    1  4.08891E+11 0.04739 
   96   96    1    1    1    1    1    1    1    1  1.87682E+11 0.05749 
   97   97    1    1    1    1    1    1    1    1  1.08199E+11 0.08213 
   98   98    1    1    1    1    1    1    1    1  4.76122E+10 0.15808 
   99   99    1    1    1    1    1    1    1    1  2.36884E+10 0.23594 
  100  100    1    1    1    1    1    1    1    1  1.91231E+10 0.21535 
];


