
DETdpaspec = [
    1    1    1    1    1    1    1    1    1    1  0.00000E+00 0.00000 
    2    2    1    1    1    1    1    1    1    1  0.00000E+00 0.00000 
    3    3    1    1    1    1    1    1    1    1  0.00000E+00 0.00000 
    4    4    1    1    1    1    1    1    1    1  0.00000E+00 0.00000 
    5    5    1    1    1    1    1    1    1    1  0.00000E+00 0.00000 
    6    6    1    1    1    1    1    1    1    1  0.00000E+00 0.00000 
    7    7    1    1    1    1    1    1    1    1  0.00000E+00 0.00000 
    8    8    1    1    1    1    1    1    1    1  1.37991E+07 1.00000 
    9    9    1    1    1    1    1    1    1    1  1.78453E+07 0.68958 
   10   10    1    1    1    1    1    1    1    1  2.35644E+08 0.69205 
   11   11    1    1    1    1    1    1    1    1  4.35165E+08 0.49784 
   12   12    1    1    1    1    1    1    1    1  1.84807E+08 0.47472 
   13   13    1    1    1    1    1    1    1    1  4.56416E+09 0.36625 
   14   14    1    1    1    1    1    1    1    1  7.20461E+09 0.28492 
   15   15    1    1    1    1    1    1    1    1  1.03540E+10 0.26429 
   16   16    1    1    1    1    1    1    1    1  1.60177E+09 0.34607 
   17   17    1    1    1    1    1    1    1    1  6.83320E+09 0.27275 
   18   18    1    1    1    1    1    1    1    1  1.06301E+10 0.22379 
   19   19    1    1    1    1    1    1    1    1  1.71948E+10 0.17624 
   20   20    1    1    1    1    1    1    1    1  4.19160E+10 0.15062 
   21   21    1    1    1    1    1    1    1    1  3.05522E+10 0.11425 
   22   22    1    1    1    1    1    1    1    1  7.04126E+10 0.10123 
   23   23    1    1    1    1    1    1    1    1  9.58945E+10 0.07118 
   24   24    1    1    1    1    1    1    1    1  2.00712E+11 0.06196 
   25   25    1    1    1    1    1    1    1    1  2.50689E+11 0.04495 
   26   26    1    1    1    1    1    1    1    1  4.36674E+11 0.03874 
   27   27    1    1    1    1    1    1    1    1  9.59564E+11 0.03297 
   28   28    1    1    1    1    1    1    1    1  2.40538E+12 0.02298 
   29   29    1    1    1    1    1    1    1    1  4.24215E+12 0.01466 
   30   30    1    1    1    1    1    1    1    1  1.13548E+13 0.00941 
   31   31    1    1    1    1    1    1    1    1  3.32287E+13 0.00637 
   32   32    1    1    1    1    1    1    1    1  5.89701E+13 0.00351 
   33   33    1    1    1    1    1    1    1    1  1.36374E+14 0.00322 
   34   34    1    1    1    1    1    1    1    1  1.88885E+14 0.00204 
   35   35    1    1    1    1    1    1    1    1  2.34979E+14 0.00250 
   36   36    1    1    1    1    1    1    1    1  1.57362E+14 0.00227 
   37   37    1    1    1    1    1    1    1    1  4.76263E+13 0.00226 
   38   38    1    1    1    1    1    1    1    1  2.67151E+14 0.00210 
   39   39    1    1    1    1    1    1    1    1  3.57767E+14 0.00169 
   40   40    1    1    1    1    1    1    1    1  6.18001E+14 0.00140 
   41   41    1    1    1    1    1    1    1    1  6.13041E+14 0.00114 
   42   42    1    1    1    1    1    1    1    1  1.30159E+15 0.00098 
   43   43    1    1    1    1    1    1    1    1  1.56548E+15 0.00093 
   44   44    1    1    1    1    1    1    1    1  2.24309E+15 0.00092 
   45   45    1    1    1    1    1    1    1    1  4.46465E+15 0.00070 
   46   46    1    1    1    1    1    1    1    1  2.10015E+15 0.00076 
   47   47    1    1    1    1    1    1    1    1  3.34235E+15 0.00073 
   48   48    1    1    1    1    1    1    1    1  4.67666E+15 0.00075 
   49   49    1    1    1    1    1    1    1    1  4.58315E+15 0.00060 
   50   50    1    1    1    1    1    1    1    1  7.20545E+15 0.00070 
   51   51    1    1    1    1    1    1    1    1  5.69507E+15 0.00074 
   52   52    1    1    1    1    1    1    1    1  6.81277E+15 0.00067 
   53   53    1    1    1    1    1    1    1    1  4.74492E+15 0.00073 
   54   54    1    1    1    1    1    1    1    1  5.86117E+15 0.00065 
   55   55    1    1    1    1    1    1    1    1  4.04137E+15 0.00073 
   56   56    1    1    1    1    1    1    1    1  5.49472E+14 0.00110 
   57   57    1    1    1    1    1    1    1    1  8.02217E+15 0.00060 
   58   58    1    1    1    1    1    1    1    1  3.61223E+15 0.00071 
   59   59    1    1    1    1    1    1    1    1  3.84285E+15 0.00080 
   60   60    1    1    1    1    1    1    1    1  3.02123E+15 0.00086 
   61   61    1    1    1    1    1    1    1    1  3.02569E+15 0.00087 
   62   62    1    1    1    1    1    1    1    1  3.14740E+15 0.00084 
   63   63    1    1    1    1    1    1    1    1  2.65313E+15 0.00090 
   64   64    1    1    1    1    1    1    1    1  2.11179E+15 0.00088 
   65   65    1    1    1    1    1    1    1    1  2.09818E+15 0.00099 
   66   66    1    1    1    1    1    1    1    1  1.52671E+15 0.00101 
   67   67    1    1    1    1    1    1    1    1  1.24230E+15 0.00106 
   68   68    1    1    1    1    1    1    1    1  1.11121E+15 0.00100 
   69   69    1    1    1    1    1    1    1    1  1.33443E+15 0.00106 
   70   70    1    1    1    1    1    1    1    1  1.13723E+15 0.00091 
   71   71    1    1    1    1    1    1    1    1  2.06036E+15 0.00082 
   72   72    1    1    1    1    1    1    1    1  1.45955E+15 0.00085 
   73   73    1    1    1    1    1    1    1    1  1.10397E+15 0.00087 
   74   74    1    1    1    1    1    1    1    1  8.92478E+14 0.00102 
   75   75    1    1    1    1    1    1    1    1  7.45947E+14 0.00136 
   76   76    1    1    1    1    1    1    1    1  8.67892E+14 0.00100 
   77   77    1    1    1    1    1    1    1    1  6.89076E+14 0.00143 
   78   78    1    1    1    1    1    1    1    1  5.49443E+14 0.00152 
   79   79    1    1    1    1    1    1    1    1  5.67885E+14 0.00168 
   80   80    1    1    1    1    1    1    1    1  4.21961E+14 0.00206 
   81   81    1    1    1    1    1    1    1    1  3.25206E+14 0.00226 
   82   82    1    1    1    1    1    1    1    1  2.51052E+14 0.00256 
   83   83    1    1    1    1    1    1    1    1  2.35032E+14 0.00226 
   84   84    1    1    1    1    1    1    1    1  1.69047E+14 0.00197 
   85   85    1    1    1    1    1    1    1    1  1.21827E+14 0.00256 
   86   86    1    1    1    1    1    1    1    1  1.13624E+14 0.00236 
   87   87    1    1    1    1    1    1    1    1  7.04766E+13 0.00322 
   88   88    1    1    1    1    1    1    1    1  4.70378E+13 0.00490 
   89   89    1    1    1    1    1    1    1    1  2.71189E+13 0.00513 
   90   90    1    1    1    1    1    1    1    1  1.79779E+13 0.00480 
   91   91    1    1    1    1    1    1    1    1  8.95827E+12 0.00961 
   92   92    1    1    1    1    1    1    1    1  4.33552E+12 0.01316 
   93   93    1    1    1    1    1    1    1    1  2.13241E+12 0.02268 
   94   94    1    1    1    1    1    1    1    1  1.04030E+12 0.02879 
   95   95    1    1    1    1    1    1    1    1  4.73028E+11 0.05478 
   96   96    1    1    1    1    1    1    1    1  2.52783E+11 0.05073 
   97   97    1    1    1    1    1    1    1    1  1.11401E+11 0.08928 
   98   98    1    1    1    1    1    1    1    1  4.83871E+10 0.16182 
   99   99    1    1    1    1    1    1    1    1  2.48432E+10 0.20332 
  100  100    1    1    1    1    1    1    1    1  2.24119E+10 0.16867 
];


