
DETdpaspec = [
    1    1    1    1    1    1    1    1    1    1  0.00000E+00 0.00000 
    2    2    1    1    1    1    1    1    1    1  0.00000E+00 0.00000 
    3    3    1    1    1    1    1    1    1    1  0.00000E+00 0.00000 
    4    4    1    1    1    1    1    1    1    1  1.20930E+07 1.00000 
    5    5    1    1    1    1    1    1    1    1  1.12748E+07 1.00000 
    6    6    1    1    1    1    1    1    1    1  0.00000E+00 0.00000 
    7    7    1    1    1    1    1    1    1    1  0.00000E+00 0.00000 
    8    8    1    1    1    1    1    1    1    1  4.41755E+07 0.68829 
    9    9    1    1    1    1    1    1    1    1  1.02392E+07 1.00000 
   10   10    1    1    1    1    1    1    1    1  0.00000E+00 0.00000 
   11   11    1    1    1    1    1    1    1    1  5.72454E+08 0.42111 
   12   12    1    1    1    1    1    1    1    1  2.33481E+07 1.00000 
   13   13    1    1    1    1    1    1    1    1  1.48563E+09 0.64743 
   14   14    1    1    1    1    1    1    1    1  1.27543E+09 0.47061 
   15   15    1    1    1    1    1    1    1    1  5.67766E+09 0.33420 
   16   16    1    1    1    1    1    1    1    1  3.02742E+09 0.38811 
   17   17    1    1    1    1    1    1    1    1  4.06875E+09 0.24747 
   18   18    1    1    1    1    1    1    1    1  8.94315E+09 0.23817 
   19   19    1    1    1    1    1    1    1    1  1.14972E+10 0.21076 
   20   20    1    1    1    1    1    1    1    1  4.73064E+10 0.09796 
   21   21    1    1    1    1    1    1    1    1  3.03521E+10 0.10100 
   22   22    1    1    1    1    1    1    1    1  8.62633E+10 0.09089 
   23   23    1    1    1    1    1    1    1    1  1.21393E+11 0.06633 
   24   24    1    1    1    1    1    1    1    1  1.71170E+11 0.05266 
   25   25    1    1    1    1    1    1    1    1  2.14602E+11 0.04339 
   26   26    1    1    1    1    1    1    1    1  3.42235E+11 0.03617 
   27   27    1    1    1    1    1    1    1    1  6.61066E+11 0.03767 
   28   28    1    1    1    1    1    1    1    1  1.30408E+12 0.02035 
   29   29    1    1    1    1    1    1    1    1  1.89338E+12 0.01438 
   30   30    1    1    1    1    1    1    1    1  5.61508E+12 0.01127 
   31   31    1    1    1    1    1    1    1    1  1.71570E+13 0.00789 
   32   32    1    1    1    1    1    1    1    1  3.19321E+13 0.00512 
   33   33    1    1    1    1    1    1    1    1  7.22237E+13 0.00375 
   34   34    1    1    1    1    1    1    1    1  9.69434E+13 0.00219 
   35   35    1    1    1    1    1    1    1    1  1.36531E+14 0.00272 
   36   36    1    1    1    1    1    1    1    1  9.62042E+13 0.00237 
   37   37    1    1    1    1    1    1    1    1  3.01855E+13 0.00218 
   38   38    1    1    1    1    1    1    1    1  1.64031E+14 0.00211 
   39   39    1    1    1    1    1    1    1    1  2.18685E+14 0.00191 
   40   40    1    1    1    1    1    1    1    1  3.70952E+14 0.00176 
   41   41    1    1    1    1    1    1    1    1  3.80527E+14 0.00171 
   42   42    1    1    1    1    1    1    1    1  7.85964E+14 0.00136 
   43   43    1    1    1    1    1    1    1    1  9.39831E+14 0.00165 
   44   44    1    1    1    1    1    1    1    1  1.33847E+15 0.00148 
   45   45    1    1    1    1    1    1    1    1  2.60113E+15 0.00129 
   46   46    1    1    1    1    1    1    1    1  1.24021E+15 0.00128 
   47   47    1    1    1    1    1    1    1    1  1.99229E+15 0.00115 
   48   48    1    1    1    1    1    1    1    1  2.77641E+15 0.00118 
   49   49    1    1    1    1    1    1    1    1  2.73222E+15 0.00124 
   50   50    1    1    1    1    1    1    1    1  4.20110E+15 0.00126 
   51   51    1    1    1    1    1    1    1    1  3.38327E+15 0.00112 
   52   52    1    1    1    1    1    1    1    1  3.94046E+15 0.00109 
   53   53    1    1    1    1    1    1    1    1  2.75453E+15 0.00097 
   54   54    1    1    1    1    1    1    1    1  3.31188E+15 0.00101 
   55   55    1    1    1    1    1    1    1    1  2.29162E+15 0.00098 
   56   56    1    1    1    1    1    1    1    1  3.13179E+14 0.00137 
   57   57    1    1    1    1    1    1    1    1  4.54763E+15 0.00119 
   58   58    1    1    1    1    1    1    1    1  1.98229E+15 0.00143 
   59   59    1    1    1    1    1    1    1    1  2.12201E+15 0.00119 
   60   60    1    1    1    1    1    1    1    1  1.62930E+15 0.00138 
   61   61    1    1    1    1    1    1    1    1  1.63721E+15 0.00125 
   62   62    1    1    1    1    1    1    1    1  1.69410E+15 0.00149 
   63   63    1    1    1    1    1    1    1    1  1.41811E+15 0.00114 
   64   64    1    1    1    1    1    1    1    1  1.12645E+15 0.00154 
   65   65    1    1    1    1    1    1    1    1  1.11588E+15 0.00134 
   66   66    1    1    1    1    1    1    1    1  8.09457E+14 0.00135 
   67   67    1    1    1    1    1    1    1    1  6.63365E+14 0.00137 
   68   68    1    1    1    1    1    1    1    1  5.95619E+14 0.00120 
   69   69    1    1    1    1    1    1    1    1  7.16746E+14 0.00179 
   70   70    1    1    1    1    1    1    1    1  6.11686E+14 0.00168 
   71   71    1    1    1    1    1    1    1    1  1.12781E+15 0.00172 
   72   72    1    1    1    1    1    1    1    1  8.02003E+14 0.00110 
   73   73    1    1    1    1    1    1    1    1  6.01005E+14 0.00182 
   74   74    1    1    1    1    1    1    1    1  4.77987E+14 0.00202 
   75   75    1    1    1    1    1    1    1    1  3.92434E+14 0.00190 
   76   76    1    1    1    1    1    1    1    1  4.47097E+14 0.00159 
   77   77    1    1    1    1    1    1    1    1  3.48621E+14 0.00198 
   78   78    1    1    1    1    1    1    1    1  2.74585E+14 0.00237 
   79   79    1    1    1    1    1    1    1    1  2.81539E+14 0.00213 
   80   80    1    1    1    1    1    1    1    1  2.07918E+14 0.00152 
   81   81    1    1    1    1    1    1    1    1  1.59786E+14 0.00352 
   82   82    1    1    1    1    1    1    1    1  1.22090E+14 0.00268 
   83   83    1    1    1    1    1    1    1    1  1.14428E+14 0.00275 
   84   84    1    1    1    1    1    1    1    1  8.21587E+13 0.00198 
   85   85    1    1    1    1    1    1    1    1  5.88488E+13 0.00434 
   86   86    1    1    1    1    1    1    1    1  5.50101E+13 0.00316 
   87   87    1    1    1    1    1    1    1    1  3.43240E+13 0.00423 
   88   88    1    1    1    1    1    1    1    1  2.28106E+13 0.00730 
   89   89    1    1    1    1    1    1    1    1  1.34662E+13 0.00827 
   90   90    1    1    1    1    1    1    1    1  8.89627E+12 0.01009 
   91   91    1    1    1    1    1    1    1    1  4.40788E+12 0.01281 
   92   92    1    1    1    1    1    1    1    1  2.14523E+12 0.02633 
   93   93    1    1    1    1    1    1    1    1  1.05244E+12 0.03148 
   94   94    1    1    1    1    1    1    1    1  5.27698E+11 0.02755 
   95   95    1    1    1    1    1    1    1    1  2.44188E+11 0.08289 
   96   96    1    1    1    1    1    1    1    1  1.09299E+11 0.08866 
   97   97    1    1    1    1    1    1    1    1  5.32926E+10 0.17605 
   98   98    1    1    1    1    1    1    1    1  2.78303E+10 0.14278 
   99   99    1    1    1    1    1    1    1    1  1.56488E+10 0.24428 
  100  100    1    1    1    1    1    1    1    1  1.33306E+10 0.31654 
];


