
DETdpaspec = [
    1    1    1    1    1    1    1    1    1    1  0.00000E+00 0.00000 
    2    2    1    1    1    1    1    1    1    1  0.00000E+00 0.00000 
    3    3    1    1    1    1    1    1    1    1  0.00000E+00 0.00000 
    4    4    1    1    1    1    1    1    1    1  0.00000E+00 0.00000 
    5    5    1    1    1    1    1    1    1    1  0.00000E+00 0.00000 
    6    6    1    1    1    1    1    1    1    1  0.00000E+00 0.00000 
    7    7    1    1    1    1    1    1    1    1  0.00000E+00 0.00000 
    8    8    1    1    1    1    1    1    1    1  0.00000E+00 0.00000 
    9    9    1    1    1    1    1    1    1    1  1.14812E+07 1.00000 
   10   10    1    1    1    1    1    1    1    1  3.15342E+07 1.00000 
   11   11    1    1    1    1    1    1    1    1  6.65283E+07 1.00000 
   12   12    1    1    1    1    1    1    1    1  2.29316E+08 0.58392 
   13   13    1    1    1    1    1    1    1    1  1.78497E+09 0.43430 
   14   14    1    1    1    1    1    1    1    1  5.44739E+09 0.30189 
   15   15    1    1    1    1    1    1    1    1  7.34910E+09 0.32261 
   16   16    1    1    1    1    1    1    1    1  2.48682E+09 0.38644 
   17   17    1    1    1    1    1    1    1    1  7.77458E+09 0.18578 
   18   18    1    1    1    1    1    1    1    1  1.18475E+10 0.25967 
   19   19    1    1    1    1    1    1    1    1  9.59362E+09 0.19744 
   20   20    1    1    1    1    1    1    1    1  4.26826E+10 0.13914 
   21   21    1    1    1    1    1    1    1    1  2.57562E+10 0.10932 
   22   22    1    1    1    1    1    1    1    1  7.70057E+10 0.10292 
   23   23    1    1    1    1    1    1    1    1  1.07237E+11 0.07126 
   24   24    1    1    1    1    1    1    1    1  1.97382E+11 0.04673 
   25   25    1    1    1    1    1    1    1    1  2.77744E+11 0.03996 
   26   26    1    1    1    1    1    1    1    1  4.53297E+11 0.02735 
   27   27    1    1    1    1    1    1    1    1  8.61220E+11 0.03364 
   28   28    1    1    1    1    1    1    1    1  1.87734E+12 0.02579 
   29   29    1    1    1    1    1    1    1    1  3.21579E+12 0.01659 
   30   30    1    1    1    1    1    1    1    1  8.68771E+12 0.01029 
   31   31    1    1    1    1    1    1    1    1  2.65976E+13 0.00654 
   32   32    1    1    1    1    1    1    1    1  4.85057E+13 0.00427 
   33   33    1    1    1    1    1    1    1    1  1.13279E+14 0.00260 
   34   34    1    1    1    1    1    1    1    1  1.57034E+14 0.00180 
   35   35    1    1    1    1    1    1    1    1  2.04790E+14 0.00182 
   36   36    1    1    1    1    1    1    1    1  1.40247E+14 0.00169 
   37   37    1    1    1    1    1    1    1    1  4.28228E+13 0.00170 
   38   38    1    1    1    1    1    1    1    1  2.38747E+14 0.00135 
   39   39    1    1    1    1    1    1    1    1  3.20526E+14 0.00151 
   40   40    1    1    1    1    1    1    1    1  5.52501E+14 0.00116 
   41   41    1    1    1    1    1    1    1    1  5.54428E+14 0.00086 
   42   42    1    1    1    1    1    1    1    1  1.17234E+15 0.00105 
   43   43    1    1    1    1    1    1    1    1  1.41175E+15 0.00112 
   44   44    1    1    1    1    1    1    1    1  2.02792E+15 0.00107 
   45   45    1    1    1    1    1    1    1    1  4.03250E+15 0.00086 
   46   46    1    1    1    1    1    1    1    1  1.91003E+15 0.00075 
   47   47    1    1    1    1    1    1    1    1  3.04889E+15 0.00068 
   48   48    1    1    1    1    1    1    1    1  4.26930E+15 0.00079 
   49   49    1    1    1    1    1    1    1    1  4.19729E+15 0.00075 
   50   50    1    1    1    1    1    1    1    1  6.57255E+15 0.00070 
   51   51    1    1    1    1    1    1    1    1  5.23579E+15 0.00088 
   52   52    1    1    1    1    1    1    1    1  6.22980E+15 0.00065 
   53   53    1    1    1    1    1    1    1    1  4.34770E+15 0.00064 
   54   54    1    1    1    1    1    1    1    1  5.34143E+15 0.00085 
   55   55    1    1    1    1    1    1    1    1  3.68789E+15 0.00075 
   56   56    1    1    1    1    1    1    1    1  5.02441E+14 0.00084 
   57   57    1    1    1    1    1    1    1    1  7.33800E+15 0.00076 
   58   58    1    1    1    1    1    1    1    1  3.27925E+15 0.00067 
   59   59    1    1    1    1    1    1    1    1  3.49808E+15 0.00083 
   60   60    1    1    1    1    1    1    1    1  2.73661E+15 0.00084 
   61   61    1    1    1    1    1    1    1    1  2.74021E+15 0.00075 
   62   62    1    1    1    1    1    1    1    1  2.85076E+15 0.00071 
   63   63    1    1    1    1    1    1    1    1  2.39966E+15 0.00089 
   64   64    1    1    1    1    1    1    1    1  1.91171E+15 0.00075 
   65   65    1    1    1    1    1    1    1    1  1.89894E+15 0.00129 
   66   66    1    1    1    1    1    1    1    1  1.38191E+15 0.00098 
   67   67    1    1    1    1    1    1    1    1  1.12734E+15 0.00109 
   68   68    1    1    1    1    1    1    1    1  1.01110E+15 0.00103 
   69   69    1    1    1    1    1    1    1    1  1.21571E+15 0.00097 
   70   70    1    1    1    1    1    1    1    1  1.03402E+15 0.00120 
   71   71    1    1    1    1    1    1    1    1  1.88443E+15 0.00106 
   72   72    1    1    1    1    1    1    1    1  1.33934E+15 0.00142 
   73   73    1    1    1    1    1    1    1    1  1.01082E+15 0.00158 
   74   74    1    1    1    1    1    1    1    1  8.13578E+14 0.00136 
   75   75    1    1    1    1    1    1    1    1  6.74870E+14 0.00155 
   76   76    1    1    1    1    1    1    1    1  7.83050E+14 0.00119 
   77   77    1    1    1    1    1    1    1    1  6.19884E+14 0.00130 
   78   78    1    1    1    1    1    1    1    1  4.92111E+14 0.00157 
   79   79    1    1    1    1    1    1    1    1  5.09030E+14 0.00147 
   80   80    1    1    1    1    1    1    1    1  3.77524E+14 0.00114 
   81   81    1    1    1    1    1    1    1    1  2.90384E+14 0.00154 
   82   82    1    1    1    1    1    1    1    1  2.23870E+14 0.00214 
   83   83    1    1    1    1    1    1    1    1  2.07999E+14 0.00184 
   84   84    1    1    1    1    1    1    1    1  1.50359E+14 0.00258 
   85   85    1    1    1    1    1    1    1    1  1.09030E+14 0.00359 
   86   86    1    1    1    1    1    1    1    1  1.01698E+14 0.00336 
   87   87    1    1    1    1    1    1    1    1  6.24808E+13 0.00349 
   88   88    1    1    1    1    1    1    1    1  4.21160E+13 0.00421 
   89   89    1    1    1    1    1    1    1    1  2.43871E+13 0.00635 
   90   90    1    1    1    1    1    1    1    1  1.59797E+13 0.00544 
   91   91    1    1    1    1    1    1    1    1  8.06610E+12 0.00855 
   92   92    1    1    1    1    1    1    1    1  3.93889E+12 0.01397 
   93   93    1    1    1    1    1    1    1    1  1.94111E+12 0.01584 
   94   94    1    1    1    1    1    1    1    1  9.53033E+11 0.03667 
   95   95    1    1    1    1    1    1    1    1  4.40535E+11 0.03947 
   96   96    1    1    1    1    1    1    1    1  2.18000E+11 0.07108 
   97   97    1    1    1    1    1    1    1    1  9.32197E+10 0.07568 
   98   98    1    1    1    1    1    1    1    1  4.95216E+10 0.12124 
   99   99    1    1    1    1    1    1    1    1  2.22164E+10 0.13903 
  100  100    1    1    1    1    1    1    1    1  2.23443E+10 0.23982 
];


