
DETdpaspec = [
    1    1    1    1    1    1    1    1    1    1  0.00000E+00 0.00000 
    2    2    1    1    1    1    1    1    1    1  0.00000E+00 0.00000 
    3    3    1    1    1    1    1    1    1    1  0.00000E+00 0.00000 
    4    4    1    1    1    1    1    1    1    1  0.00000E+00 0.00000 
    5    5    1    1    1    1    1    1    1    1  0.00000E+00 0.00000 
    6    6    1    1    1    1    1    1    1    1  0.00000E+00 0.00000 
    7    7    1    1    1    1    1    1    1    1  0.00000E+00 0.00000 
    8    8    1    1    1    1    1    1    1    1  7.33746E+07 1.00000 
    9    9    1    1    1    1    1    1    1    1  2.73621E+07 1.00000 
   10   10    1    1    1    1    1    1    1    1  1.61846E+08 0.73021 
   11   11    1    1    1    1    1    1    1    1  2.54221E+08 1.00000 
   12   12    1    1    1    1    1    1    1    1  2.17842E+08 0.49591 
   13   13    1    1    1    1    1    1    1    1  0.00000E+00 0.00000 
   14   14    1    1    1    1    1    1    1    1  1.76054E+09 0.46173 
   15   15    1    1    1    1    1    1    1    1  3.92886E+09 0.32587 
   16   16    1    1    1    1    1    1    1    1  1.63455E+09 0.19788 
   17   17    1    1    1    1    1    1    1    1  4.08558E+09 0.32397 
   18   18    1    1    1    1    1    1    1    1  9.27593E+09 0.21480 
   19   19    1    1    1    1    1    1    1    1  1.28696E+10 0.18147 
   20   20    1    1    1    1    1    1    1    1  3.84940E+10 0.17347 
   21   21    1    1    1    1    1    1    1    1  3.43007E+10 0.13011 
   22   22    1    1    1    1    1    1    1    1  6.67246E+10 0.08902 
   23   23    1    1    1    1    1    1    1    1  1.03997E+11 0.08668 
   24   24    1    1    1    1    1    1    1    1  1.92030E+11 0.04846 
   25   25    1    1    1    1    1    1    1    1  2.77273E+11 0.05922 
   26   26    1    1    1    1    1    1    1    1  4.32497E+11 0.03300 
   27   27    1    1    1    1    1    1    1    1  9.12252E+11 0.02275 
   28   28    1    1    1    1    1    1    1    1  2.16529E+12 0.01112 
   29   29    1    1    1    1    1    1    1    1  3.88875E+12 0.01058 
   30   30    1    1    1    1    1    1    1    1  1.02913E+13 0.00817 
   31   31    1    1    1    1    1    1    1    1  3.06576E+13 0.00587 
   32   32    1    1    1    1    1    1    1    1  5.52638E+13 0.00488 
   33   33    1    1    1    1    1    1    1    1  1.29188E+14 0.00361 
   34   34    1    1    1    1    1    1    1    1  1.78960E+14 0.00286 
   35   35    1    1    1    1    1    1    1    1  2.25833E+14 0.00204 
   36   36    1    1    1    1    1    1    1    1  1.52454E+14 0.00185 
   37   37    1    1    1    1    1    1    1    1  4.62133E+13 0.00182 
   38   38    1    1    1    1    1    1    1    1  2.58769E+14 0.00160 
   39   39    1    1    1    1    1    1    1    1  3.46702E+14 0.00125 
   40   40    1    1    1    1    1    1    1    1  5.98055E+14 0.00129 
   41   41    1    1    1    1    1    1    1    1  5.96060E+14 0.00109 
   42   42    1    1    1    1    1    1    1    1  1.26633E+15 0.00106 
   43   43    1    1    1    1    1    1    1    1  1.52047E+15 0.00102 
   44   44    1    1    1    1    1    1    1    1  2.18359E+15 0.00086 
   45   45    1    1    1    1    1    1    1    1  4.34609E+15 0.00086 
   46   46    1    1    1    1    1    1    1    1  2.04794E+15 0.00077 
   47   47    1    1    1    1    1    1    1    1  3.26600E+15 0.00068 
   48   48    1    1    1    1    1    1    1    1  4.57380E+15 0.00061 
   49   49    1    1    1    1    1    1    1    1  4.48251E+15 0.00064 
   50   50    1    1    1    1    1    1    1    1  7.04368E+15 0.00043 
   51   51    1    1    1    1    1    1    1    1  5.58223E+15 0.00063 
   52   52    1    1    1    1    1    1    1    1  6.67143E+15 0.00051 
   53   53    1    1    1    1    1    1    1    1  4.64679E+15 0.00050 
   54   54    1    1    1    1    1    1    1    1  5.73042E+15 0.00055 
   55   55    1    1    1    1    1    1    1    1  3.95486E+15 0.00051 
   56   56    1    1    1    1    1    1    1    1  5.37279E+14 0.00099 
   57   57    1    1    1    1    1    1    1    1  7.85332E+15 0.00040 
   58   58    1    1    1    1    1    1    1    1  3.53195E+15 0.00058 
   59   59    1    1    1    1    1    1    1    1  3.75540E+15 0.00055 
   60   60    1    1    1    1    1    1    1    1  2.95061E+15 0.00058 
   61   61    1    1    1    1    1    1    1    1  2.95620E+15 0.00090 
   62   62    1    1    1    1    1    1    1    1  3.07242E+15 0.00093 
   63   63    1    1    1    1    1    1    1    1  2.59027E+15 0.00087 
   64   64    1    1    1    1    1    1    1    1  2.06136E+15 0.00086 
   65   65    1    1    1    1    1    1    1    1  2.04894E+15 0.00101 
   66   66    1    1    1    1    1    1    1    1  1.49121E+15 0.00092 
   67   67    1    1    1    1    1    1    1    1  1.21413E+15 0.00086 
   68   68    1    1    1    1    1    1    1    1  1.08764E+15 0.00087 
   69   69    1    1    1    1    1    1    1    1  1.30758E+15 0.00085 
   70   70    1    1    1    1    1    1    1    1  1.11310E+15 0.00061 
   71   71    1    1    1    1    1    1    1    1  2.01805E+15 0.00106 
   72   72    1    1    1    1    1    1    1    1  1.43004E+15 0.00076 
   73   73    1    1    1    1    1    1    1    1  1.07859E+15 0.00097 
   74   74    1    1    1    1    1    1    1    1  8.74071E+14 0.00113 
   75   75    1    1    1    1    1    1    1    1  7.28749E+14 0.00110 
   76   76    1    1    1    1    1    1    1    1  8.45957E+14 0.00082 
   77   77    1    1    1    1    1    1    1    1  6.72867E+14 0.00098 
   78   78    1    1    1    1    1    1    1    1  5.36666E+14 0.00133 
   79   79    1    1    1    1    1    1    1    1  5.53821E+14 0.00098 
   80   80    1    1    1    1    1    1    1    1  4.11262E+14 0.00141 
   81   81    1    1    1    1    1    1    1    1  3.17634E+14 0.00231 
   82   82    1    1    1    1    1    1    1    1  2.43703E+14 0.00205 
   83   83    1    1    1    1    1    1    1    1  2.28185E+14 0.00194 
   84   84    1    1    1    1    1    1    1    1  1.64437E+14 0.00262 
   85   85    1    1    1    1    1    1    1    1  1.18502E+14 0.00210 
   86   86    1    1    1    1    1    1    1    1  1.11342E+14 0.00236 
   87   87    1    1    1    1    1    1    1    1  6.85610E+13 0.00348 
   88   88    1    1    1    1    1    1    1    1  4.59272E+13 0.00608 
   89   89    1    1    1    1    1    1    1    1  2.60439E+13 0.00413 
   90   90    1    1    1    1    1    1    1    1  1.72809E+13 0.00714 
   91   91    1    1    1    1    1    1    1    1  8.82012E+12 0.00988 
   92   92    1    1    1    1    1    1    1    1  4.33228E+12 0.01308 
   93   93    1    1    1    1    1    1    1    1  2.05497E+12 0.02176 
   94   94    1    1    1    1    1    1    1    1  9.88840E+11 0.02472 
   95   95    1    1    1    1    1    1    1    1  4.73792E+11 0.03843 
   96   96    1    1    1    1    1    1    1    1  2.24216E+11 0.06373 
   97   97    1    1    1    1    1    1    1    1  1.11643E+11 0.09952 
   98   98    1    1    1    1    1    1    1    1  5.20926E+10 0.15839 
   99   99    1    1    1    1    1    1    1    1  2.54775E+10 0.16418 
  100  100    1    1    1    1    1    1    1    1  2.54828E+10 0.25584 
];


