
DETdpaspec = [
    1    1    1    1    1    1    1    1    1    1  0.00000E+00 0.00000 
    2    2    1    1    1    1    1    1    1    1  0.00000E+00 0.00000 
    3    3    1    1    1    1    1    1    1    1  0.00000E+00 0.00000 
    4    4    1    1    1    1    1    1    1    1  0.00000E+00 0.00000 
    5    5    1    1    1    1    1    1    1    1  0.00000E+00 0.00000 
    6    6    1    1    1    1    1    1    1    1  0.00000E+00 0.00000 
    7    7    1    1    1    1    1    1    1    1  1.84361E+07 1.00000 
    8    8    1    1    1    1    1    1    1    1  0.00000E+00 0.00000 
    9    9    1    1    1    1    1    1    1    1  0.00000E+00 0.00000 
   10   10    1    1    1    1    1    1    1    1  0.00000E+00 0.00000 
   11   11    1    1    1    1    1    1    1    1  2.26767E+08 0.76600 
   12   12    1    1    1    1    1    1    1    1  2.54830E+07 0.89398 
   13   13    1    1    1    1    1    1    1    1  1.33069E+09 0.52395 
   14   14    1    1    1    1    1    1    1    1  5.36460E+09 0.32515 
   15   15    1    1    1    1    1    1    1    1  7.08250E+09 0.30571 
   16   16    1    1    1    1    1    1    1    1  2.70705E+09 0.31626 
   17   17    1    1    1    1    1    1    1    1  6.63730E+09 0.21120 
   18   18    1    1    1    1    1    1    1    1  1.27090E+10 0.25209 
   19   19    1    1    1    1    1    1    1    1  1.38060E+10 0.16955 
   20   20    1    1    1    1    1    1    1    1  5.45030E+10 0.14226 
   21   21    1    1    1    1    1    1    1    1  3.04803E+10 0.11916 
   22   22    1    1    1    1    1    1    1    1  6.72405E+10 0.09924 
   23   23    1    1    1    1    1    1    1    1  1.12543E+11 0.07463 
   24   24    1    1    1    1    1    1    1    1  1.99674E+11 0.04679 
   25   25    1    1    1    1    1    1    1    1  2.42943E+11 0.05271 
   26   26    1    1    1    1    1    1    1    1  4.15619E+11 0.04262 
   27   27    1    1    1    1    1    1    1    1  8.34499E+11 0.03469 
   28   28    1    1    1    1    1    1    1    1  1.87435E+12 0.02316 
   29   29    1    1    1    1    1    1    1    1  3.32076E+12 0.01791 
   30   30    1    1    1    1    1    1    1    1  8.94446E+12 0.00826 
   31   31    1    1    1    1    1    1    1    1  2.68421E+13 0.00588 
   32   32    1    1    1    1    1    1    1    1  4.91964E+13 0.00395 
   33   33    1    1    1    1    1    1    1    1  1.15311E+14 0.00340 
   34   34    1    1    1    1    1    1    1    1  1.59933E+14 0.00186 
   35   35    1    1    1    1    1    1    1    1  2.08313E+14 0.00236 
   36   36    1    1    1    1    1    1    1    1  1.41882E+14 0.00223 
   37   37    1    1    1    1    1    1    1    1  4.32421E+13 0.00255 
   38   38    1    1    1    1    1    1    1    1  2.41134E+14 0.00186 
   39   39    1    1    1    1    1    1    1    1  3.24237E+14 0.00173 
   40   40    1    1    1    1    1    1    1    1  5.58373E+14 0.00125 
   41   41    1    1    1    1    1    1    1    1  5.60822E+14 0.00139 
   42   42    1    1    1    1    1    1    1    1  1.18773E+15 0.00122 
   43   43    1    1    1    1    1    1    1    1  1.42869E+15 0.00112 
   44   44    1    1    1    1    1    1    1    1  2.05397E+15 0.00101 
   45   45    1    1    1    1    1    1    1    1  4.08656E+15 0.00079 
   46   46    1    1    1    1    1    1    1    1  1.93278E+15 0.00065 
   47   47    1    1    1    1    1    1    1    1  3.08541E+15 0.00091 
   48   48    1    1    1    1    1    1    1    1  4.32491E+15 0.00093 
   49   49    1    1    1    1    1    1    1    1  4.24817E+15 0.00060 
   50   50    1    1    1    1    1    1    1    1  6.66323E+15 0.00069 
   51   51    1    1    1    1    1    1    1    1  5.29821E+15 0.00073 
   52   52    1    1    1    1    1    1    1    1  6.31513E+15 0.00066 
   53   53    1    1    1    1    1    1    1    1  4.40307E+15 0.00070 
   54   54    1    1    1    1    1    1    1    1  5.41696E+15 0.00064 
   55   55    1    1    1    1    1    1    1    1  3.74315E+15 0.00055 
   56   56    1    1    1    1    1    1    1    1  5.09207E+14 0.00091 
   57   57    1    1    1    1    1    1    1    1  7.43132E+15 0.00068 
   58   58    1    1    1    1    1    1    1    1  3.32907E+15 0.00073 
   59   59    1    1    1    1    1    1    1    1  3.54514E+15 0.00065 
   60   60    1    1    1    1    1    1    1    1  2.77519E+15 0.00071 
   61   61    1    1    1    1    1    1    1    1  2.78225E+15 0.00072 
   62   62    1    1    1    1    1    1    1    1  2.89302E+15 0.00070 
   63   63    1    1    1    1    1    1    1    1  2.43679E+15 0.00091 
   64   64    1    1    1    1    1    1    1    1  1.94041E+15 0.00104 
   65   65    1    1    1    1    1    1    1    1  1.92737E+15 0.00102 
   66   66    1    1    1    1    1    1    1    1  1.40310E+15 0.00092 
   67   67    1    1    1    1    1    1    1    1  1.14361E+15 0.00089 
   68   68    1    1    1    1    1    1    1    1  1.02568E+15 0.00107 
   69   69    1    1    1    1    1    1    1    1  1.23137E+15 0.00084 
   70   70    1    1    1    1    1    1    1    1  1.04996E+15 0.00095 
   71   71    1    1    1    1    1    1    1    1  1.90973E+15 0.00077 
   72   72    1    1    1    1    1    1    1    1  1.35467E+15 0.00090 
   73   73    1    1    1    1    1    1    1    1  1.02239E+15 0.00098 
   74   74    1    1    1    1    1    1    1    1  8.25157E+14 0.00096 
   75   75    1    1    1    1    1    1    1    1  6.85789E+14 0.00123 
   76   76    1    1    1    1    1    1    1    1  7.95308E+14 0.00101 
   77   77    1    1    1    1    1    1    1    1  6.29360E+14 0.00150 
   78   78    1    1    1    1    1    1    1    1  5.01427E+14 0.00129 
   79   79    1    1    1    1    1    1    1    1  5.17704E+14 0.00116 
   80   80    1    1    1    1    1    1    1    1  3.84671E+14 0.00166 
   81   81    1    1    1    1    1    1    1    1  2.95920E+14 0.00126 
   82   82    1    1    1    1    1    1    1    1  2.27842E+14 0.00158 
   83   83    1    1    1    1    1    1    1    1  2.12907E+14 0.00193 
   84   84    1    1    1    1    1    1    1    1  1.53833E+14 0.00305 
   85   85    1    1    1    1    1    1    1    1  1.10477E+14 0.00308 
   86   86    1    1    1    1    1    1    1    1  1.03254E+14 0.00343 
   87   87    1    1    1    1    1    1    1    1  6.37638E+13 0.00377 
   88   88    1    1    1    1    1    1    1    1  4.30002E+13 0.00398 
   89   89    1    1    1    1    1    1    1    1  2.45714E+13 0.00426 
   90   90    1    1    1    1    1    1    1    1  1.67605E+13 0.00690 
   91   91    1    1    1    1    1    1    1    1  8.17764E+12 0.01172 
   92   92    1    1    1    1    1    1    1    1  4.00371E+12 0.01567 
   93   93    1    1    1    1    1    1    1    1  1.90471E+12 0.02152 
   94   94    1    1    1    1    1    1    1    1  9.32282E+11 0.03460 
   95   95    1    1    1    1    1    1    1    1  4.57930E+11 0.04274 
   96   96    1    1    1    1    1    1    1    1  2.40738E+11 0.04895 
   97   97    1    1    1    1    1    1    1    1  9.95638E+10 0.10946 
   98   98    1    1    1    1    1    1    1    1  4.52266E+10 0.08810 
   99   99    1    1    1    1    1    1    1    1  2.72890E+10 0.25116 
  100  100    1    1    1    1    1    1    1    1  2.16856E+10 0.25874 
];


