
DETdpaspec = [
    1    1    1    1    1    1    1    1    1    1  0.00000E+00 0.00000 
    2    2    1    1    1    1    1    1    1    1  0.00000E+00 0.00000 
    3    3    1    1    1    1    1    1    1    1  0.00000E+00 0.00000 
    4    4    1    1    1    1    1    1    1    1  0.00000E+00 0.00000 
    5    5    1    1    1    1    1    1    1    1  0.00000E+00 0.00000 
    6    6    1    1    1    1    1    1    1    1  0.00000E+00 0.00000 
    7    7    1    1    1    1    1    1    1    1  0.00000E+00 0.00000 
    8    8    1    1    1    1    1    1    1    1  2.24725E+07 1.00000 
    9    9    1    1    1    1    1    1    1    1  0.00000E+00 0.00000 
   10   10    1    1    1    1    1    1    1    1  0.00000E+00 0.00000 
   11   11    1    1    1    1    1    1    1    1  0.00000E+00 0.00000 
   12   12    1    1    1    1    1    1    1    1  3.16628E+08 0.71595 
   13   13    1    1    1    1    1    1    1    1  2.05667E+09 0.52109 
   14   14    1    1    1    1    1    1    1    1  4.11600E+09 0.37891 
   15   15    1    1    1    1    1    1    1    1  1.53663E+09 0.51139 
   16   16    1    1    1    1    1    1    1    1  1.22540E+09 0.46506 
   17   17    1    1    1    1    1    1    1    1  2.37773E+09 0.34001 
   18   18    1    1    1    1    1    1    1    1  9.06331E+09 0.23717 
   19   19    1    1    1    1    1    1    1    1  1.89719E+10 0.16376 
   20   20    1    1    1    1    1    1    1    1  4.33510E+10 0.15154 
   21   21    1    1    1    1    1    1    1    1  3.09390E+10 0.11114 
   22   22    1    1    1    1    1    1    1    1  7.44411E+10 0.08148 
   23   23    1    1    1    1    1    1    1    1  1.23387E+11 0.06217 
   24   24    1    1    1    1    1    1    1    1  2.00800E+11 0.07623 
   25   25    1    1    1    1    1    1    1    1  2.75338E+11 0.06580 
   26   26    1    1    1    1    1    1    1    1  5.11492E+11 0.03956 
   27   27    1    1    1    1    1    1    1    1  1.07797E+12 0.03388 
   28   28    1    1    1    1    1    1    1    1  2.65785E+12 0.01920 
   29   29    1    1    1    1    1    1    1    1  5.01521E+12 0.01656 
   30   30    1    1    1    1    1    1    1    1  1.26108E+13 0.00664 
   31   31    1    1    1    1    1    1    1    1  3.62087E+13 0.00484 
   32   32    1    1    1    1    1    1    1    1  6.35837E+13 0.00356 
   33   33    1    1    1    1    1    1    1    1  1.45842E+14 0.00160 
   34   34    1    1    1    1    1    1    1    1  2.00614E+14 0.00155 
   35   35    1    1    1    1    1    1    1    1  2.45673E+14 0.00149 
   36   36    1    1    1    1    1    1    1    1  1.62995E+14 0.00147 
   37   37    1    1    1    1    1    1    1    1  4.92287E+13 0.00188 
   38   38    1    1    1    1    1    1    1    1  2.76387E+14 0.00181 
   39   39    1    1    1    1    1    1    1    1  3.70939E+14 0.00129 
   40   40    1    1    1    1    1    1    1    1  6.39721E+14 0.00088 
   41   41    1    1    1    1    1    1    1    1  6.33318E+14 0.00085 
   42   42    1    1    1    1    1    1    1    1  1.34695E+15 0.00081 
   43   43    1    1    1    1    1    1    1    1  1.62002E+15 0.00088 
   44   44    1    1    1    1    1    1    1    1  2.31890E+15 0.00080 
   45   45    1    1    1    1    1    1    1    1  4.61013E+15 0.00071 
   46   46    1    1    1    1    1    1    1    1  2.16116E+15 0.00076 
   47   47    1    1    1    1    1    1    1    1  3.43517E+15 0.00068 
   48   48    1    1    1    1    1    1    1    1  4.79741E+15 0.00067 
   49   49    1    1    1    1    1    1    1    1  4.69440E+15 0.00071 
   50   50    1    1    1    1    1    1    1    1  7.38448E+15 0.00067 
   51   51    1    1    1    1    1    1    1    1  5.81978E+15 0.00083 
   52   52    1    1    1    1    1    1    1    1  6.97822E+15 0.00063 
   53   53    1    1    1    1    1    1    1    1  4.84807E+15 0.00073 
   54   54    1    1    1    1    1    1    1    1  5.99756E+15 0.00065 
   55   55    1    1    1    1    1    1    1    1  4.13182E+15 0.00069 
   56   56    1    1    1    1    1    1    1    1  5.61931E+14 0.00077 
   57   57    1    1    1    1    1    1    1    1  8.20120E+15 0.00046 
   58   58    1    1    1    1    1    1    1    1  3.70096E+15 0.00060 
   59   59    1    1    1    1    1    1    1    1  3.93199E+15 0.00073 
   60   60    1    1    1    1    1    1    1    1  3.09369E+15 0.00072 
   61   61    1    1    1    1    1    1    1    1  3.09716E+15 0.00078 
   62   62    1    1    1    1    1    1    1    1  3.22298E+15 0.00085 
   63   63    1    1    1    1    1    1    1    1  2.71675E+15 0.00084 
   64   64    1    1    1    1    1    1    1    1  2.16020E+15 0.00067 
   65   65    1    1    1    1    1    1    1    1  2.14533E+15 0.00089 
   66   66    1    1    1    1    1    1    1    1  1.56093E+15 0.00110 
   67   67    1    1    1    1    1    1    1    1  1.26857E+15 0.00080 
   68   68    1    1    1    1    1    1    1    1  1.13344E+15 0.00102 
   69   69    1    1    1    1    1    1    1    1  1.36205E+15 0.00113 
   70   70    1    1    1    1    1    1    1    1  1.15921E+15 0.00115 
   71   71    1    1    1    1    1    1    1    1  2.09817E+15 0.00084 
   72   72    1    1    1    1    1    1    1    1  1.48688E+15 0.00084 
   73   73    1    1    1    1    1    1    1    1  1.12137E+15 0.00106 
   74   74    1    1    1    1    1    1    1    1  9.09827E+14 0.00105 
   75   75    1    1    1    1    1    1    1    1  7.58661E+14 0.00120 
   76   76    1    1    1    1    1    1    1    1  8.85000E+14 0.00116 
   77   77    1    1    1    1    1    1    1    1  7.03659E+14 0.00119 
   78   78    1    1    1    1    1    1    1    1  5.62815E+14 0.00116 
   79   79    1    1    1    1    1    1    1    1  5.83131E+14 0.00121 
   80   80    1    1    1    1    1    1    1    1  4.34240E+14 0.00196 
   81   81    1    1    1    1    1    1    1    1  3.35730E+14 0.00225 
   82   82    1    1    1    1    1    1    1    1  2.57431E+14 0.00160 
   83   83    1    1    1    1    1    1    1    1  2.40343E+14 0.00174 
   84   84    1    1    1    1    1    1    1    1  1.72888E+14 0.00323 
   85   85    1    1    1    1    1    1    1    1  1.24405E+14 0.00283 
   86   86    1    1    1    1    1    1    1    1  1.17180E+14 0.00276 
   87   87    1    1    1    1    1    1    1    1  7.21159E+13 0.00320 
   88   88    1    1    1    1    1    1    1    1  4.86452E+13 0.00437 
   89   89    1    1    1    1    1    1    1    1  2.75966E+13 0.00447 
   90   90    1    1    1    1    1    1    1    1  1.86677E+13 0.00735 
   91   91    1    1    1    1    1    1    1    1  9.21294E+12 0.00801 
   92   92    1    1    1    1    1    1    1    1  4.47383E+12 0.01720 
   93   93    1    1    1    1    1    1    1    1  2.08188E+12 0.02346 
   94   94    1    1    1    1    1    1    1    1  1.04284E+12 0.03197 
   95   95    1    1    1    1    1    1    1    1  5.32397E+11 0.03880 
   96   96    1    1    1    1    1    1    1    1  2.38564E+11 0.06496 
   97   97    1    1    1    1    1    1    1    1  1.24240E+11 0.07403 
   98   98    1    1    1    1    1    1    1    1  5.16897E+10 0.15406 
   99   99    1    1    1    1    1    1    1    1  2.10171E+10 0.19295 
  100  100    1    1    1    1    1    1    1    1  2.47145E+10 0.20650 
];


