
DETdpaspec = [
    1    1    1    1    1    1    1    1    1    1  0.00000E+00 0.00000 
    2    2    1    1    1    1    1    1    1    1  0.00000E+00 0.00000 
    3    3    1    1    1    1    1    1    1    1  0.00000E+00 0.00000 
    4    4    1    1    1    1    1    1    1    1  0.00000E+00 0.00000 
    5    5    1    1    1    1    1    1    1    1  0.00000E+00 0.00000 
    6    6    1    1    1    1    1    1    1    1  0.00000E+00 0.00000 
    7    7    1    1    1    1    1    1    1    1  0.00000E+00 0.00000 
    8    8    1    1    1    1    1    1    1    1  0.00000E+00 0.00000 
    9    9    1    1    1    1    1    1    1    1  0.00000E+00 0.00000 
   10   10    1    1    1    1    1    1    1    1  3.46287E+07 1.00000 
   11   11    1    1    1    1    1    1    1    1  1.72544E+08 0.70408 
   12   12    1    1    1    1    1    1    1    1  9.45672E+07 0.95914 
   13   13    1    1    1    1    1    1    1    1  1.23455E+09 0.44936 
   14   14    1    1    1    1    1    1    1    1  5.23283E+09 0.37023 
   15   15    1    1    1    1    1    1    1    1  3.89454E+09 0.44283 
   16   16    1    1    1    1    1    1    1    1  1.69550E+09 0.49610 
   17   17    1    1    1    1    1    1    1    1  3.97778E+09 0.26068 
   18   18    1    1    1    1    1    1    1    1  8.79033E+09 0.15350 
   19   19    1    1    1    1    1    1    1    1  1.07048E+10 0.18723 
   20   20    1    1    1    1    1    1    1    1  4.99750E+10 0.12415 
   21   21    1    1    1    1    1    1    1    1  3.64487E+10 0.07657 
   22   22    1    1    1    1    1    1    1    1  8.47389E+10 0.05826 
   23   23    1    1    1    1    1    1    1    1  1.02249E+11 0.06183 
   24   24    1    1    1    1    1    1    1    1  1.63722E+11 0.05149 
   25   25    1    1    1    1    1    1    1    1  2.19097E+11 0.04642 
   26   26    1    1    1    1    1    1    1    1  3.56383E+11 0.04327 
   27   27    1    1    1    1    1    1    1    1  6.60663E+11 0.02931 
   28   28    1    1    1    1    1    1    1    1  1.22568E+12 0.02450 
   29   29    1    1    1    1    1    1    1    1  1.76398E+12 0.01968 
   30   30    1    1    1    1    1    1    1    1  5.43171E+12 0.01456 
   31   31    1    1    1    1    1    1    1    1  1.66897E+13 0.00581 
   32   32    1    1    1    1    1    1    1    1  3.10457E+13 0.00625 
   33   33    1    1    1    1    1    1    1    1  6.99305E+13 0.00465 
   34   34    1    1    1    1    1    1    1    1  9.41020E+13 0.00417 
   35   35    1    1    1    1    1    1    1    1  1.33262E+14 0.00334 
   36   36    1    1    1    1    1    1    1    1  9.41164E+13 0.00235 
   37   37    1    1    1    1    1    1    1    1  2.96364E+13 0.00259 
   38   38    1    1    1    1    1    1    1    1  1.60473E+14 0.00262 
   39   39    1    1    1    1    1    1    1    1  2.14414E+14 0.00246 
   40   40    1    1    1    1    1    1    1    1  3.62609E+14 0.00186 
   41   41    1    1    1    1    1    1    1    1  3.72467E+14 0.00200 
   42   42    1    1    1    1    1    1    1    1  7.68803E+14 0.00182 
   43   43    1    1    1    1    1    1    1    1  9.19454E+14 0.00162 
   44   44    1    1    1    1    1    1    1    1  1.30721E+15 0.00140 
   45   45    1    1    1    1    1    1    1    1  2.53043E+15 0.00159 
   46   46    1    1    1    1    1    1    1    1  1.20519E+15 0.00147 
   47   47    1    1    1    1    1    1    1    1  1.93559E+15 0.00152 
   48   48    1    1    1    1    1    1    1    1  2.69228E+15 0.00151 
   49   49    1    1    1    1    1    1    1    1  2.65223E+15 0.00142 
   50   50    1    1    1    1    1    1    1    1  4.07638E+15 0.00139 
   51   51    1    1    1    1    1    1    1    1  3.28181E+15 0.00146 
   52   52    1    1    1    1    1    1    1    1  3.81186E+15 0.00141 
   53   53    1    1    1    1    1    1    1    1  2.66426E+15 0.00153 
   54   54    1    1    1    1    1    1    1    1  3.19975E+15 0.00158 
   55   55    1    1    1    1    1    1    1    1  2.21442E+15 0.00134 
   56   56    1    1    1    1    1    1    1    1  3.03108E+14 0.00181 
   57   57    1    1    1    1    1    1    1    1  4.39422E+15 0.00160 
   58   58    1    1    1    1    1    1    1    1  1.91157E+15 0.00168 
   59   59    1    1    1    1    1    1    1    1  2.04761E+15 0.00140 
   60   60    1    1    1    1    1    1    1    1  1.56863E+15 0.00161 
   61   61    1    1    1    1    1    1    1    1  1.57887E+15 0.00137 
   62   62    1    1    1    1    1    1    1    1  1.63257E+15 0.00153 
   63   63    1    1    1    1    1    1    1    1  1.36556E+15 0.00145 
   64   64    1    1    1    1    1    1    1    1  1.08455E+15 0.00159 
   65   65    1    1    1    1    1    1    1    1  1.07460E+15 0.00148 
   66   66    1    1    1    1    1    1    1    1  7.79891E+14 0.00166 
   67   67    1    1    1    1    1    1    1    1  6.38553E+14 0.00158 
   68   68    1    1    1    1    1    1    1    1  5.75210E+14 0.00207 
   69   69    1    1    1    1    1    1    1    1  6.91360E+14 0.00212 
   70   70    1    1    1    1    1    1    1    1  5.89424E+14 0.00170 
   71   71    1    1    1    1    1    1    1    1  1.08539E+15 0.00144 
   72   72    1    1    1    1    1    1    1    1  7.72163E+14 0.00219 
   73   73    1    1    1    1    1    1    1    1  5.80868E+14 0.00203 
   74   74    1    1    1    1    1    1    1    1  4.62495E+14 0.00176 
   75   75    1    1    1    1    1    1    1    1  3.77382E+14 0.00193 
   76   76    1    1    1    1    1    1    1    1  4.30588E+14 0.00231 
   77   77    1    1    1    1    1    1    1    1  3.35948E+14 0.00184 
   78   78    1    1    1    1    1    1    1    1  2.63391E+14 0.00221 
   79   79    1    1    1    1    1    1    1    1  2.70529E+14 0.00248 
   80   80    1    1    1    1    1    1    1    1  1.99128E+14 0.00211 
   81   81    1    1    1    1    1    1    1    1  1.53073E+14 0.00207 
   82   82    1    1    1    1    1    1    1    1  1.17401E+14 0.00324 
   83   83    1    1    1    1    1    1    1    1  1.09849E+14 0.00315 
   84   84    1    1    1    1    1    1    1    1  7.91190E+13 0.00402 
   85   85    1    1    1    1    1    1    1    1  5.63767E+13 0.00420 
   86   86    1    1    1    1    1    1    1    1  5.32644E+13 0.00549 
   87   87    1    1    1    1    1    1    1    1  3.29330E+13 0.00703 
   88   88    1    1    1    1    1    1    1    1  2.21700E+13 0.00534 
   89   89    1    1    1    1    1    1    1    1  1.27167E+13 0.00851 
   90   90    1    1    1    1    1    1    1    1  8.55845E+12 0.01114 
   91   91    1    1    1    1    1    1    1    1  4.21775E+12 0.01452 
   92   92    1    1    1    1    1    1    1    1  2.12701E+12 0.01581 
   93   93    1    1    1    1    1    1    1    1  9.84855E+11 0.03087 
   94   94    1    1    1    1    1    1    1    1  5.04159E+11 0.03746 
   95   95    1    1    1    1    1    1    1    1  2.14045E+11 0.05099 
   96   96    1    1    1    1    1    1    1    1  1.01816E+11 0.07888 
   97   97    1    1    1    1    1    1    1    1  5.23119E+10 0.10769 
   98   98    1    1    1    1    1    1    1    1  2.59722E+10 0.14028 
   99   99    1    1    1    1    1    1    1    1  1.56059E+10 0.20685 
  100  100    1    1    1    1    1    1    1    1  1.23410E+10 0.29467 
];


