
DETdpaspec = [
    1    1    1    1    1    1    1    1    1    1  0.00000E+00 0.00000 
    2    2    1    1    1    1    1    1    1    1  0.00000E+00 0.00000 
    3    3    1    1    1    1    1    1    1    1  0.00000E+00 0.00000 
    4    4    1    1    1    1    1    1    1    1  0.00000E+00 0.00000 
    5    5    1    1    1    1    1    1    1    1  3.22093E+07 1.00000 
    6    6    1    1    1    1    1    1    1    1  0.00000E+00 0.00000 
    7    7    1    1    1    1    1    1    1    1  0.00000E+00 0.00000 
    8    8    1    1    1    1    1    1    1    1  2.18254E+07 1.00000 
    9    9    1    1    1    1    1    1    1    1  1.06447E+07 1.00000 
   10   10    1    1    1    1    1    1    1    1  2.49793E+08 0.68870 
   11   11    1    1    1    1    1    1    1    1  5.84258E+07 1.00000 
   12   12    1    1    1    1    1    1    1    1  2.45248E+08 0.43095 
   13   13    1    1    1    1    1    1    1    1  8.09312E+08 0.41796 
   14   14    1    1    1    1    1    1    1    1  7.55417E+09 0.31899 
   15   15    1    1    1    1    1    1    1    1  7.55084E+09 0.32194 
   16   16    1    1    1    1    1    1    1    1  4.02851E+09 0.23529 
   17   17    1    1    1    1    1    1    1    1  3.62308E+09 0.26374 
   18   18    1    1    1    1    1    1    1    1  8.78866E+09 0.13249 
   19   19    1    1    1    1    1    1    1    1  1.44990E+10 0.19851 
   20   20    1    1    1    1    1    1    1    1  4.27903E+10 0.09799 
   21   21    1    1    1    1    1    1    1    1  3.41457E+10 0.09145 
   22   22    1    1    1    1    1    1    1    1  8.09702E+10 0.07817 
   23   23    1    1    1    1    1    1    1    1  1.15255E+11 0.09292 
   24   24    1    1    1    1    1    1    1    1  1.94970E+11 0.06455 
   25   25    1    1    1    1    1    1    1    1  2.37894E+11 0.06000 
   26   26    1    1    1    1    1    1    1    1  4.17326E+11 0.04092 
   27   27    1    1    1    1    1    1    1    1  7.45005E+11 0.03149 
   28   28    1    1    1    1    1    1    1    1  1.67935E+12 0.02446 
   29   29    1    1    1    1    1    1    1    1  2.71498E+12 0.01943 
   30   30    1    1    1    1    1    1    1    1  7.73550E+12 0.01061 
   31   31    1    1    1    1    1    1    1    1  2.36443E+13 0.00690 
   32   32    1    1    1    1    1    1    1    1  4.37521E+13 0.00542 
   33   33    1    1    1    1    1    1    1    1  1.02578E+14 0.00398 
   34   34    1    1    1    1    1    1    1    1  1.41934E+14 0.00280 
   35   35    1    1    1    1    1    1    1    1  1.88881E+14 0.00220 
   36   36    1    1    1    1    1    1    1    1  1.30526E+14 0.00190 
   37   37    1    1    1    1    1    1    1    1  4.02066E+13 0.00149 
   38   38    1    1    1    1    1    1    1    1  2.22746E+14 0.00182 
   39   39    1    1    1    1    1    1    1    1  2.98896E+14 0.00125 
   40   40    1    1    1    1    1    1    1    1  5.13176E+14 0.00122 
   41   41    1    1    1    1    1    1    1    1  5.19562E+14 0.00138 
   42   42    1    1    1    1    1    1    1    1  1.09459E+15 0.00131 
   43   43    1    1    1    1    1    1    1    1  1.31636E+15 0.00104 
   44   44    1    1    1    1    1    1    1    1  1.89054E+15 0.00084 
   45   45    1    1    1    1    1    1    1    1  3.74761E+15 0.00059 
   46   46    1    1    1    1    1    1    1    1  1.77937E+15 0.00075 
   47   47    1    1    1    1    1    1    1    1  2.85008E+15 0.00058 
   48   48    1    1    1    1    1    1    1    1  3.98914E+15 0.00070 
   49   49    1    1    1    1    1    1    1    1  3.92337E+15 0.00067 
   50   50    1    1    1    1    1    1    1    1  6.12620E+15 0.00076 
   51   51    1    1    1    1    1    1    1    1  4.89821E+15 0.00090 
   52   52    1    1    1    1    1    1    1    1  5.80419E+15 0.00085 
   53   53    1    1    1    1    1    1    1    1  4.05670E+15 0.00099 
   54   54    1    1    1    1    1    1    1    1  4.95814E+15 0.00064 
   55   55    1    1    1    1    1    1    1    1  3.42908E+15 0.00081 
   56   56    1    1    1    1    1    1    1    1  4.67652E+14 0.00115 
   57   57    1    1    1    1    1    1    1    1  6.82016E+15 0.00076 
   58   58    1    1    1    1    1    1    1    1  3.02708E+15 0.00082 
   59   59    1    1    1    1    1    1    1    1  3.23666E+15 0.00085 
   60   60    1    1    1    1    1    1    1    1  2.51879E+15 0.00076 
   61   61    1    1    1    1    1    1    1    1  2.52459E+15 0.00095 
   62   62    1    1    1    1    1    1    1    1  2.62462E+15 0.00100 
   63   63    1    1    1    1    1    1    1    1  2.20990E+15 0.00119 
   64   64    1    1    1    1    1    1    1    1  1.75683E+15 0.00113 
   65   65    1    1    1    1    1    1    1    1  1.74691E+15 0.00075 
   66   66    1    1    1    1    1    1    1    1  1.27165E+15 0.00116 
   67   67    1    1    1    1    1    1    1    1  1.03805E+15 0.00113 
   68   68    1    1    1    1    1    1    1    1  9.30344E+14 0.00111 
   69   69    1    1    1    1    1    1    1    1  1.11867E+15 0.00106 
   70   70    1    1    1    1    1    1    1    1  9.54073E+14 0.00139 
   71   71    1    1    1    1    1    1    1    1  1.74156E+15 0.00111 
   72   72    1    1    1    1    1    1    1    1  1.23758E+15 0.00103 
   73   73    1    1    1    1    1    1    1    1  9.33623E+14 0.00141 
   74   74    1    1    1    1    1    1    1    1  7.48900E+14 0.00153 
   75   75    1    1    1    1    1    1    1    1  6.19625E+14 0.00171 
   76   76    1    1    1    1    1    1    1    1  7.17673E+14 0.00147 
   77   77    1    1    1    1    1    1    1    1  5.65614E+14 0.00148 
   78   78    1    1    1    1    1    1    1    1  4.49734E+14 0.00141 
   79   79    1    1    1    1    1    1    1    1  4.62360E+14 0.00190 
   80   80    1    1    1    1    1    1    1    1  3.43108E+14 0.00175 
   81   81    1    1    1    1    1    1    1    1  2.62817E+14 0.00199 
   82   82    1    1    1    1    1    1    1    1  2.02524E+14 0.00202 
   83   83    1    1    1    1    1    1    1    1  1.89665E+14 0.00248 
   84   84    1    1    1    1    1    1    1    1  1.36393E+14 0.00269 
   85   85    1    1    1    1    1    1    1    1  9.85135E+13 0.00333 
   86   86    1    1    1    1    1    1    1    1  9.19956E+13 0.00286 
   87   87    1    1    1    1    1    1    1    1  5.66398E+13 0.00471 
   88   88    1    1    1    1    1    1    1    1  3.85332E+13 0.00448 
   89   89    1    1    1    1    1    1    1    1  2.17476E+13 0.00810 
   90   90    1    1    1    1    1    1    1    1  1.44557E+13 0.00960 
   91   91    1    1    1    1    1    1    1    1  7.41863E+12 0.00866 
   92   92    1    1    1    1    1    1    1    1  3.56819E+12 0.02343 
   93   93    1    1    1    1    1    1    1    1  1.72190E+12 0.01839 
   94   94    1    1    1    1    1    1    1    1  8.25569E+11 0.02694 
   95   95    1    1    1    1    1    1    1    1  4.06766E+11 0.03795 
   96   96    1    1    1    1    1    1    1    1  1.59818E+11 0.09849 
   97   97    1    1    1    1    1    1    1    1  8.20038E+10 0.10408 
   98   98    1    1    1    1    1    1    1    1  3.52225E+10 0.15702 
   99   99    1    1    1    1    1    1    1    1  1.90978E+10 0.21377 
  100  100    1    1    1    1    1    1    1    1  2.14963E+10 0.24132 
];


