
DETdpaspec = [
    1    1    1    1    1    1    1    1    1    1  0.00000E+00 0.00000 
    2    2    1    1    1    1    1    1    1    1  0.00000E+00 0.00000 
    3    3    1    1    1    1    1    1    1    1  0.00000E+00 0.00000 
    4    4    1    1    1    1    1    1    1    1  0.00000E+00 0.00000 
    5    5    1    1    1    1    1    1    1    1  0.00000E+00 0.00000 
    6    6    1    1    1    1    1    1    1    1  0.00000E+00 0.00000 
    7    7    1    1    1    1    1    1    1    1  0.00000E+00 0.00000 
    8    8    1    1    1    1    1    1    1    1  0.00000E+00 0.00000 
    9    9    1    1    1    1    1    1    1    1  0.00000E+00 0.00000 
   10   10    1    1    1    1    1    1    1    1  7.53816E+07 1.00000 
   11   11    1    1    1    1    1    1    1    1  9.07895E+08 0.64485 
   12   12    1    1    1    1    1    1    1    1  7.03238E+08 0.65845 
   13   13    1    1    1    1    1    1    1    1  3.92506E+09 0.53369 
   14   14    1    1    1    1    1    1    1    1  2.80657E+09 0.44012 
   15   15    1    1    1    1    1    1    1    1  9.20386E+09 0.45148 
   16   16    1    1    1    1    1    1    1    1  4.18315E+09 0.42545 
   17   17    1    1    1    1    1    1    1    1  5.05081E+09 0.40021 
   18   18    1    1    1    1    1    1    1    1  1.30758E+10 0.24742 
   19   19    1    1    1    1    1    1    1    1  1.11490E+10 0.28489 
   20   20    1    1    1    1    1    1    1    1  3.53916E+10 0.17560 
   21   21    1    1    1    1    1    1    1    1  3.04029E+10 0.12775 
   22   22    1    1    1    1    1    1    1    1  6.04335E+10 0.11849 
   23   23    1    1    1    1    1    1    1    1  1.16256E+11 0.08133 
   24   24    1    1    1    1    1    1    1    1  3.07424E+11 0.03745 
   25   25    1    1    1    1    1    1    1    1  5.37314E+11 0.03751 
   26   26    1    1    1    1    1    1    1    1  1.13381E+12 0.02993 
   27   27    1    1    1    1    1    1    1    1  2.62946E+12 0.02085 
   28   28    1    1    1    1    1    1    1    1  6.18495E+12 0.01064 
   29   29    1    1    1    1    1    1    1    1  1.11209E+13 0.00613 
   30   30    1    1    1    1    1    1    1    1  2.46433E+13 0.00499 
   31   31    1    1    1    1    1    1    1    1  6.20167E+13 0.00525 
   32   32    1    1    1    1    1    1    1    1  1.00555E+14 0.00353 
   33   33    1    1    1    1    1    1    1    1  2.18240E+14 0.00204 
   34   34    1    1    1    1    1    1    1    1  2.88343E+14 0.00148 
   35   35    1    1    1    1    1    1    1    1  3.23442E+14 0.00140 
   36   36    1    1    1    1    1    1    1    1  2.05218E+14 0.00185 
   37   37    1    1    1    1    1    1    1    1  6.06403E+13 0.00174 
   38   38    1    1    1    1    1    1    1    1  3.43217E+14 0.00156 
   39   39    1    1    1    1    1    1    1    1  4.56088E+14 0.00134 
   40   40    1    1    1    1    1    1    1    1  7.79383E+14 0.00134 
   41   41    1    1    1    1    1    1    1    1  7.54677E+14 0.00110 
   42   42    1    1    1    1    1    1    1    1  1.60471E+15 0.00104 
   43   43    1    1    1    1    1    1    1    1  1.90959E+15 0.00083 
   44   44    1    1    1    1    1    1    1    1  2.70208E+15 0.00084 
   45   45    1    1    1    1    1    1    1    1  5.30705E+15 0.00065 
   46   46    1    1    1    1    1    1    1    1  2.43876E+15 0.00062 
   47   47    1    1    1    1    1    1    1    1  3.83923E+15 0.00053 
   48   48    1    1    1    1    1    1    1    1  5.31234E+15 0.00063 
   49   49    1    1    1    1    1    1    1    1  5.14608E+15 0.00057 
   50   50    1    1    1    1    1    1    1    1  8.06016E+15 0.00065 
   51   51    1    1    1    1    1    1    1    1  6.25594E+15 0.00068 
   52   52    1    1    1    1    1    1    1    1  7.51298E+15 0.00064 
   53   53    1    1    1    1    1    1    1    1  5.17498E+15 0.00075 
   54   54    1    1    1    1    1    1    1    1  6.41748E+15 0.00081 
   55   55    1    1    1    1    1    1    1    1  4.39835E+15 0.00078 
   56   56    1    1    1    1    1    1    1    1  5.94874E+14 0.00084 
   57   57    1    1    1    1    1    1    1    1  8.67720E+15 0.00071 
   58   58    1    1    1    1    1    1    1    1  3.94451E+15 0.00085 
   59   59    1    1    1    1    1    1    1    1  4.16094E+15 0.00089 
   60   60    1    1    1    1    1    1    1    1  3.28951E+15 0.00100 
   61   61    1    1    1    1    1    1    1    1  3.27825E+15 0.00084 
   62   62    1    1    1    1    1    1    1    1  3.40466E+15 0.00087 
   63   63    1    1    1    1    1    1    1    1  2.86727E+15 0.00101 
   64   64    1    1    1    1    1    1    1    1  2.27311E+15 0.00101 
   65   65    1    1    1    1    1    1    1    1  2.25296E+15 0.00105 
   66   66    1    1    1    1    1    1    1    1  1.63749E+15 0.00108 
   67   67    1    1    1    1    1    1    1    1  1.32569E+15 0.00133 
   68   68    1    1    1    1    1    1    1    1  1.18305E+15 0.00148 
   69   69    1    1    1    1    1    1    1    1  1.41858E+15 0.00136 
   70   70    1    1    1    1    1    1    1    1  1.20185E+15 0.00120 
   71   71    1    1    1    1    1    1    1    1  2.15238E+15 0.00124 
   72   72    1    1    1    1    1    1    1    1  1.51605E+15 0.00141 
   73   73    1    1    1    1    1    1    1    1  1.14492E+15 0.00112 
   74   74    1    1    1    1    1    1    1    1  9.31645E+14 0.00139 
   75   75    1    1    1    1    1    1    1    1  7.80451E+14 0.00153 
   76   76    1    1    1    1    1    1    1    1  9.14087E+14 0.00149 
   77   77    1    1    1    1    1    1    1    1  7.30305E+14 0.00137 
   78   78    1    1    1    1    1    1    1    1  5.84862E+14 0.00167 
   79   79    1    1    1    1    1    1    1    1  6.06650E+14 0.00145 
   80   80    1    1    1    1    1    1    1    1  4.51665E+14 0.00167 
   81   81    1    1    1    1    1    1    1    1  3.48973E+14 0.00177 
   82   82    1    1    1    1    1    1    1    1  2.68188E+14 0.00209 
   83   83    1    1    1    1    1    1    1    1  2.50518E+14 0.00173 
   84   84    1    1    1    1    1    1    1    1  1.81070E+14 0.00213 
   85   85    1    1    1    1    1    1    1    1  1.30180E+14 0.00297 
   86   86    1    1    1    1    1    1    1    1  1.21261E+14 0.00261 
   87   87    1    1    1    1    1    1    1    1  7.39555E+13 0.00404 
   88   88    1    1    1    1    1    1    1    1  4.98054E+13 0.00347 
   89   89    1    1    1    1    1    1    1    1  2.85173E+13 0.00476 
   90   90    1    1    1    1    1    1    1    1  1.87939E+13 0.00664 
   91   91    1    1    1    1    1    1    1    1  9.28152E+12 0.00855 
   92   92    1    1    1    1    1    1    1    1  4.51889E+12 0.01149 
   93   93    1    1    1    1    1    1    1    1  2.15281E+12 0.01618 
   94   94    1    1    1    1    1    1    1    1  1.04490E+12 0.02317 
   95   95    1    1    1    1    1    1    1    1  4.61777E+11 0.03231 
   96   96    1    1    1    1    1    1    1    1  2.36266E+11 0.05408 
   97   97    1    1    1    1    1    1    1    1  1.16232E+11 0.06131 
   98   98    1    1    1    1    1    1    1    1  5.73596E+10 0.14030 
   99   99    1    1    1    1    1    1    1    1  2.68348E+10 0.14307 
  100  100    1    1    1    1    1    1    1    1  1.94982E+10 0.19833 
];


