
DETdpaspec = [
    1    1    1    1    1    1    1    1    1    1  0.00000E+00 0.00000 
    2    2    1    1    1    1    1    1    1    1  0.00000E+00 0.00000 
    3    3    1    1    1    1    1    1    1    1  0.00000E+00 0.00000 
    4    4    1    1    1    1    1    1    1    1  0.00000E+00 0.00000 
    5    5    1    1    1    1    1    1    1    1  1.11655E+07 1.00000 
    6    6    1    1    1    1    1    1    1    1  2.04106E+07 0.68832 
    7    7    1    1    1    1    1    1    1    1  0.00000E+00 0.00000 
    8    8    1    1    1    1    1    1    1    1  1.91016E+07 1.00000 
    9    9    1    1    1    1    1    1    1    1  0.00000E+00 0.00000 
   10   10    1    1    1    1    1    1    1    1  2.08743E+08 0.81504 
   11   11    1    1    1    1    1    1    1    1  3.26135E+08 0.67446 
   12   12    1    1    1    1    1    1    1    1  1.10505E+08 0.59353 
   13   13    1    1    1    1    1    1    1    1  6.10101E+08 0.42412 
   14   14    1    1    1    1    1    1    1    1  1.84653E+09 0.36643 
   15   15    1    1    1    1    1    1    1    1  3.46112E+09 0.36123 
   16   16    1    1    1    1    1    1    1    1  3.42885E+09 0.37687 
   17   17    1    1    1    1    1    1    1    1  3.97850E+09 0.30887 
   18   18    1    1    1    1    1    1    1    1  1.12560E+10 0.18513 
   19   19    1    1    1    1    1    1    1    1  7.68328E+09 0.15785 
   20   20    1    1    1    1    1    1    1    1  4.50926E+10 0.12870 
   21   21    1    1    1    1    1    1    1    1  4.22391E+10 0.07767 
   22   22    1    1    1    1    1    1    1    1  1.00790E+11 0.08559 
   23   23    1    1    1    1    1    1    1    1  1.17363E+11 0.08624 
   24   24    1    1    1    1    1    1    1    1  1.83165E+11 0.05298 
   25   25    1    1    1    1    1    1    1    1  2.36789E+11 0.03236 
   26   26    1    1    1    1    1    1    1    1  3.42023E+11 0.03733 
   27   27    1    1    1    1    1    1    1    1  6.52964E+11 0.04040 
   28   28    1    1    1    1    1    1    1    1  1.31357E+12 0.02962 
   29   29    1    1    1    1    1    1    1    1  1.95954E+12 0.01519 
   30   30    1    1    1    1    1    1    1    1  5.96306E+12 0.01167 
   31   31    1    1    1    1    1    1    1    1  1.79370E+13 0.00866 
   32   32    1    1    1    1    1    1    1    1  3.32625E+13 0.00706 
   33   33    1    1    1    1    1    1    1    1  7.66516E+13 0.00388 
   34   34    1    1    1    1    1    1    1    1  1.03727E+14 0.00296 
   35   35    1    1    1    1    1    1    1    1  1.45335E+14 0.00221 
   36   36    1    1    1    1    1    1    1    1  1.02421E+14 0.00220 
   37   37    1    1    1    1    1    1    1    1  3.20367E+13 0.00242 
   38   38    1    1    1    1    1    1    1    1  1.74354E+14 0.00200 
   39   39    1    1    1    1    1    1    1    1  2.33222E+14 0.00173 
   40   40    1    1    1    1    1    1    1    1  3.96439E+14 0.00182 
   41   41    1    1    1    1    1    1    1    1  4.06121E+14 0.00154 
   42   42    1    1    1    1    1    1    1    1  8.40796E+14 0.00165 
   43   43    1    1    1    1    1    1    1    1  1.00669E+15 0.00162 
   44   44    1    1    1    1    1    1    1    1  1.43570E+15 0.00136 
   45   45    1    1    1    1    1    1    1    1  2.80145E+15 0.00114 
   46   46    1    1    1    1    1    1    1    1  1.33443E+15 0.00120 
   47   47    1    1    1    1    1    1    1    1  2.14398E+15 0.00114 
   48   48    1    1    1    1    1    1    1    1  2.99148E+15 0.00133 
   49   49    1    1    1    1    1    1    1    1  2.94484E+15 0.00122 
   50   50    1    1    1    1    1    1    1    1  4.54032E+15 0.00090 
   51   51    1    1    1    1    1    1    1    1  3.65305E+15 0.00098 
   52   52    1    1    1    1    1    1    1    1  4.26257E+15 0.00130 
   53   53    1    1    1    1    1    1    1    1  2.98044E+15 0.00108 
   54   54    1    1    1    1    1    1    1    1  3.59536E+15 0.00113 
   55   55    1    1    1    1    1    1    1    1  2.48743E+15 0.00125 
   56   56    1    1    1    1    1    1    1    1  3.40613E+14 0.00127 
   57   57    1    1    1    1    1    1    1    1  4.94320E+15 0.00112 
   58   58    1    1    1    1    1    1    1    1  2.15987E+15 0.00134 
   59   59    1    1    1    1    1    1    1    1  2.31168E+15 0.00119 
   60   60    1    1    1    1    1    1    1    1  1.77875E+15 0.00118 
   61   61    1    1    1    1    1    1    1    1  1.78677E+15 0.00107 
   62   62    1    1    1    1    1    1    1    1  1.84991E+15 0.00103 
   63   63    1    1    1    1    1    1    1    1  1.55048E+15 0.00143 
   64   64    1    1    1    1    1    1    1    1  1.23027E+15 0.00153 
   65   65    1    1    1    1    1    1    1    1  1.21923E+15 0.00153 
   66   66    1    1    1    1    1    1    1    1  8.84898E+14 0.00163 
   67   67    1    1    1    1    1    1    1    1  7.24975E+14 0.00154 
   68   68    1    1    1    1    1    1    1    1  6.51397E+14 0.00172 
   69   69    1    1    1    1    1    1    1    1  7.83192E+14 0.00163 
   70   70    1    1    1    1    1    1    1    1  6.67326E+14 0.00207 
   71   71    1    1    1    1    1    1    1    1  1.23139E+15 0.00165 
   72   72    1    1    1    1    1    1    1    1  8.75913E+14 0.00160 
   73   73    1    1    1    1    1    1    1    1  6.58808E+14 0.00185 
   74   74    1    1    1    1    1    1    1    1  5.23819E+14 0.00163 
   75   75    1    1    1    1    1    1    1    1  4.29324E+14 0.00223 
   76   76    1    1    1    1    1    1    1    1  4.92760E+14 0.00158 
   77   77    1    1    1    1    1    1    1    1  3.83913E+14 0.00205 
   78   78    1    1    1    1    1    1    1    1  3.02883E+14 0.00239 
   79   79    1    1    1    1    1    1    1    1  3.09629E+14 0.00195 
   80   80    1    1    1    1    1    1    1    1  2.29551E+14 0.00200 
   81   81    1    1    1    1    1    1    1    1  1.76476E+14 0.00219 
   82   82    1    1    1    1    1    1    1    1  1.34832E+14 0.00200 
   83   83    1    1    1    1    1    1    1    1  1.26059E+14 0.00257 
   84   84    1    1    1    1    1    1    1    1  9.04884E+13 0.00267 
   85   85    1    1    1    1    1    1    1    1  6.53781E+13 0.00387 
   86   86    1    1    1    1    1    1    1    1  6.12527E+13 0.00337 
   87   87    1    1    1    1    1    1    1    1  3.80119E+13 0.00561 
   88   88    1    1    1    1    1    1    1    1  2.57816E+13 0.00583 
   89   89    1    1    1    1    1    1    1    1  1.48352E+13 0.00777 
   90   90    1    1    1    1    1    1    1    1  9.86337E+12 0.01350 
   91   91    1    1    1    1    1    1    1    1  4.84867E+12 0.01669 
   92   92    1    1    1    1    1    1    1    1  2.39392E+12 0.01743 
   93   93    1    1    1    1    1    1    1    1  1.16519E+12 0.03035 
   94   94    1    1    1    1    1    1    1    1  5.50353E+11 0.03059 
   95   95    1    1    1    1    1    1    1    1  2.91146E+11 0.05709 
   96   96    1    1    1    1    1    1    1    1  1.61355E+11 0.09040 
   97   97    1    1    1    1    1    1    1    1  5.95438E+10 0.09630 
   98   98    1    1    1    1    1    1    1    1  3.01866E+10 0.16985 
   99   99    1    1    1    1    1    1    1    1  8.88644E+09 0.26664 
  100  100    1    1    1    1    1    1    1    1  1.13113E+10 0.21915 
];


