
DETdpaspec = [
    1    1    1    1    1    1    1    1    1    1  0.00000E+00 0.00000 
    2    2    1    1    1    1    1    1    1    1  0.00000E+00 0.00000 
    3    3    1    1    1    1    1    1    1    1  0.00000E+00 0.00000 
    4    4    1    1    1    1    1    1    1    1  0.00000E+00 0.00000 
    5    5    1    1    1    1    1    1    1    1  0.00000E+00 0.00000 
    6    6    1    1    1    1    1    1    1    1  0.00000E+00 0.00000 
    7    7    1    1    1    1    1    1    1    1  2.05422E+07 1.00000 
    8    8    1    1    1    1    1    1    1    1  0.00000E+00 0.00000 
    9    9    1    1    1    1    1    1    1    1  3.87460E+07 0.70358 
   10   10    1    1    1    1    1    1    1    1  8.72219E+07 0.69072 
   11   11    1    1    1    1    1    1    1    1  8.09038E+08 0.39698 
   12   12    1    1    1    1    1    1    1    1  1.78064E+08 0.52878 
   13   13    1    1    1    1    1    1    1    1  2.80165E+09 0.33113 
   14   14    1    1    1    1    1    1    1    1  7.03474E+09 0.30735 
   15   15    1    1    1    1    1    1    1    1  1.01494E+10 0.25918 
   16   16    1    1    1    1    1    1    1    1  9.62701E+08 0.28634 
   17   17    1    1    1    1    1    1    1    1  3.16871E+09 0.36066 
   18   18    1    1    1    1    1    1    1    1  1.08358E+10 0.15285 
   19   19    1    1    1    1    1    1    1    1  9.51448E+09 0.15314 
   20   20    1    1    1    1    1    1    1    1  3.89550E+10 0.14388 
   21   21    1    1    1    1    1    1    1    1  3.07825E+10 0.08219 
   22   22    1    1    1    1    1    1    1    1  7.94743E+10 0.09440 
   23   23    1    1    1    1    1    1    1    1  1.28628E+11 0.06545 
   24   24    1    1    1    1    1    1    1    1  2.13629E+11 0.06713 
   25   25    1    1    1    1    1    1    1    1  2.48044E+11 0.04932 
   26   26    1    1    1    1    1    1    1    1  3.71065E+11 0.05201 
   27   27    1    1    1    1    1    1    1    1  6.92308E+11 0.02928 
   28   28    1    1    1    1    1    1    1    1  1.27954E+12 0.01888 
   29   29    1    1    1    1    1    1    1    1  1.93293E+12 0.01651 
   30   30    1    1    1    1    1    1    1    1  5.81569E+12 0.00952 
   31   31    1    1    1    1    1    1    1    1  1.75844E+13 0.00840 
   32   32    1    1    1    1    1    1    1    1  3.27055E+13 0.00528 
   33   33    1    1    1    1    1    1    1    1  7.42147E+13 0.00335 
   34   34    1    1    1    1    1    1    1    1  1.00279E+14 0.00320 
   35   35    1    1    1    1    1    1    1    1  1.41118E+14 0.00245 
   36   36    1    1    1    1    1    1    1    1  9.93829E+13 0.00259 
   37   37    1    1    1    1    1    1    1    1  3.11221E+13 0.00215 
   38   38    1    1    1    1    1    1    1    1  1.69150E+14 0.00223 
   39   39    1    1    1    1    1    1    1    1  2.26392E+14 0.00201 
   40   40    1    1    1    1    1    1    1    1  3.84323E+14 0.00203 
   41   41    1    1    1    1    1    1    1    1  3.93951E+14 0.00217 
   42   42    1    1    1    1    1    1    1    1  8.14720E+14 0.00175 
   43   43    1    1    1    1    1    1    1    1  9.74091E+14 0.00120 
   44   44    1    1    1    1    1    1    1    1  1.38723E+15 0.00094 
   45   45    1    1    1    1    1    1    1    1  2.69636E+15 0.00128 
   46   46    1    1    1    1    1    1    1    1  1.28446E+15 0.00124 
   47   47    1    1    1    1    1    1    1    1  2.06371E+15 0.00117 
   48   48    1    1    1    1    1    1    1    1  2.87875E+15 0.00111 
   49   49    1    1    1    1    1    1    1    1  2.83355E+15 0.00117 
   50   50    1    1    1    1    1    1    1    1  4.36350E+15 0.00115 
   51   51    1    1    1    1    1    1    1    1  3.50992E+15 0.00124 
   52   52    1    1    1    1    1    1    1    1  4.08668E+15 0.00124 
   53   53    1    1    1    1    1    1    1    1  2.85738E+15 0.00123 
   54   54    1    1    1    1    1    1    1    1  3.44081E+15 0.00148 
   55   55    1    1    1    1    1    1    1    1  2.38176E+15 0.00127 
   56   56    1    1    1    1    1    1    1    1  3.25974E+14 0.00180 
   57   57    1    1    1    1    1    1    1    1  4.72934E+15 0.00125 
   58   58    1    1    1    1    1    1    1    1  2.06123E+15 0.00121 
   59   59    1    1    1    1    1    1    1    1  2.20736E+15 0.00090 
   60   60    1    1    1    1    1    1    1    1  1.69471E+15 0.00129 
   61   61    1    1    1    1    1    1    1    1  1.70100E+15 0.00120 
   62   62    1    1    1    1    1    1    1    1  1.75966E+15 0.00124 
   63   63    1    1    1    1    1    1    1    1  1.47269E+15 0.00167 
   64   64    1    1    1    1    1    1    1    1  1.17022E+15 0.00141 
   65   65    1    1    1    1    1    1    1    1  1.16122E+15 0.00134 
   66   66    1    1    1    1    1    1    1    1  8.42883E+14 0.00108 
   67   67    1    1    1    1    1    1    1    1  6.91095E+14 0.00141 
   68   68    1    1    1    1    1    1    1    1  6.20734E+14 0.00149 
   69   69    1    1    1    1    1    1    1    1  7.45425E+14 0.00135 
   70   70    1    1    1    1    1    1    1    1  6.37778E+14 0.00200 
   71   71    1    1    1    1    1    1    1    1  1.17368E+15 0.00163 
   72   72    1    1    1    1    1    1    1    1  8.33894E+14 0.00159 
   73   73    1    1    1    1    1    1    1    1  6.28017E+14 0.00163 
   74   74    1    1    1    1    1    1    1    1  4.99736E+14 0.00200 
   75   75    1    1    1    1    1    1    1    1  4.08470E+14 0.00151 
   76   76    1    1    1    1    1    1    1    1  4.67767E+14 0.00151 
   77   77    1    1    1    1    1    1    1    1  3.64875E+14 0.00164 
   78   78    1    1    1    1    1    1    1    1  2.87067E+14 0.00215 
   79   79    1    1    1    1    1    1    1    1  2.94825E+14 0.00219 
   80   80    1    1    1    1    1    1    1    1  2.17691E+14 0.00206 
   81   81    1    1    1    1    1    1    1    1  1.67636E+14 0.00303 
   82   82    1    1    1    1    1    1    1    1  1.28357E+14 0.00159 
   83   83    1    1    1    1    1    1    1    1  1.19855E+14 0.00308 
   84   84    1    1    1    1    1    1    1    1  8.62101E+13 0.00263 
   85   85    1    1    1    1    1    1    1    1  6.20805E+13 0.00356 
   86   86    1    1    1    1    1    1    1    1  5.81314E+13 0.00344 
   87   87    1    1    1    1    1    1    1    1  3.57646E+13 0.00464 
   88   88    1    1    1    1    1    1    1    1  2.41322E+13 0.00614 
   89   89    1    1    1    1    1    1    1    1  1.39437E+13 0.00950 
   90   90    1    1    1    1    1    1    1    1  9.33186E+12 0.00809 
   91   91    1    1    1    1    1    1    1    1  4.62749E+12 0.01596 
   92   92    1    1    1    1    1    1    1    1  2.25591E+12 0.02011 
   93   93    1    1    1    1    1    1    1    1  1.13014E+12 0.03220 
   94   94    1    1    1    1    1    1    1    1  5.40464E+11 0.04655 
   95   95    1    1    1    1    1    1    1    1  2.61214E+11 0.07184 
   96   96    1    1    1    1    1    1    1    1  1.40540E+11 0.09416 
   97   97    1    1    1    1    1    1    1    1  6.15444E+10 0.12336 
   98   98    1    1    1    1    1    1    1    1  3.26221E+10 0.13462 
   99   99    1    1    1    1    1    1    1    1  1.24311E+10 0.27107 
  100  100    1    1    1    1    1    1    1    1  1.68805E+10 0.21116 
];


