
DETdpaspec = [
    1    1    1    1    1    1    1    1    1    1  0.00000E+00 0.00000 
    2    2    1    1    1    1    1    1    1    1  0.00000E+00 0.00000 
    3    3    1    1    1    1    1    1    1    1  0.00000E+00 0.00000 
    4    4    1    1    1    1    1    1    1    1  0.00000E+00 0.00000 
    5    5    1    1    1    1    1    1    1    1  0.00000E+00 0.00000 
    6    6    1    1    1    1    1    1    1    1  9.44746E+06 1.00000 
    7    7    1    1    1    1    1    1    1    1  0.00000E+00 0.00000 
    8    8    1    1    1    1    1    1    1    1  2.07708E+07 1.00000 
    9    9    1    1    1    1    1    1    1    1  1.05552E+07 1.00000 
   10   10    1    1    1    1    1    1    1    1  7.68318E+07 0.69662 
   11   11    1    1    1    1    1    1    1    1  2.78545E+08 0.51087 
   12   12    1    1    1    1    1    1    1    1  1.26108E+08 0.51993 
   13   13    1    1    1    1    1    1    1    1  7.98305E+08 0.48727 
   14   14    1    1    1    1    1    1    1    1  4.67898E+09 0.31943 
   15   15    1    1    1    1    1    1    1    1  2.18233E+09 0.43976 
   16   16    1    1    1    1    1    1    1    1  2.01520E+09 0.37698 
   17   17    1    1    1    1    1    1    1    1  3.18967E+09 0.22604 
   18   18    1    1    1    1    1    1    1    1  1.42343E+10 0.17247 
   19   19    1    1    1    1    1    1    1    1  1.23887E+10 0.16300 
   20   20    1    1    1    1    1    1    1    1  2.74062E+10 0.14749 
   21   21    1    1    1    1    1    1    1    1  2.14733E+10 0.14633 
   22   22    1    1    1    1    1    1    1    1  6.56190E+10 0.07866 
   23   23    1    1    1    1    1    1    1    1  1.00633E+11 0.08128 
   24   24    1    1    1    1    1    1    1    1  1.35619E+11 0.05523 
   25   25    1    1    1    1    1    1    1    1  1.78120E+11 0.05079 
   26   26    1    1    1    1    1    1    1    1  2.98676E+11 0.05354 
   27   27    1    1    1    1    1    1    1    1  5.27093E+11 0.03651 
   28   28    1    1    1    1    1    1    1    1  9.60213E+11 0.02594 
   29   29    1    1    1    1    1    1    1    1  1.38057E+12 0.02493 
   30   30    1    1    1    1    1    1    1    1  4.27659E+12 0.01586 
   31   31    1    1    1    1    1    1    1    1  1.26379E+13 0.00873 
   32   32    1    1    1    1    1    1    1    1  2.31743E+13 0.00740 
   33   33    1    1    1    1    1    1    1    1  5.14891E+13 0.00586 
   34   34    1    1    1    1    1    1    1    1  6.80865E+13 0.00423 
   35   35    1    1    1    1    1    1    1    1  9.78138E+13 0.00395 
   36   36    1    1    1    1    1    1    1    1  6.95501E+13 0.00339 
   37   37    1    1    1    1    1    1    1    1  2.19625E+13 0.00388 
   38   38    1    1    1    1    1    1    1    1  1.17960E+14 0.00333 
   39   39    1    1    1    1    1    1    1    1  1.56757E+14 0.00380 
   40   40    1    1    1    1    1    1    1    1  2.62987E+14 0.00308 
   41   41    1    1    1    1    1    1    1    1  2.71742E+14 0.00243 
   42   42    1    1    1    1    1    1    1    1  5.53924E+14 0.00256 
   43   43    1    1    1    1    1    1    1    1  6.57396E+14 0.00242 
   44   44    1    1    1    1    1    1    1    1  9.29290E+14 0.00221 
   45   45    1    1    1    1    1    1    1    1  1.77843E+15 0.00209 
   46   46    1    1    1    1    1    1    1    1  8.46490E+14 0.00207 
   47   47    1    1    1    1    1    1    1    1  1.35737E+15 0.00215 
   48   48    1    1    1    1    1    1    1    1  1.87969E+15 0.00204 
   49   49    1    1    1    1    1    1    1    1  1.84552E+15 0.00201 
   50   50    1    1    1    1    1    1    1    1  2.80716E+15 0.00212 
   51   51    1    1    1    1    1    1    1    1  2.26421E+15 0.00198 
   52   52    1    1    1    1    1    1    1    1  2.60713E+15 0.00232 
   53   53    1    1    1    1    1    1    1    1  1.81648E+15 0.00221 
   54   54    1    1    1    1    1    1    1    1  2.16603E+15 0.00221 
   55   55    1    1    1    1    1    1    1    1  1.49884E+15 0.00227 
   56   56    1    1    1    1    1    1    1    1  2.05598E+14 0.00279 
   57   57    1    1    1    1    1    1    1    1  2.97192E+15 0.00245 
   58   58    1    1    1    1    1    1    1    1  1.27784E+15 0.00238 
   59   59    1    1    1    1    1    1    1    1  1.37027E+15 0.00273 
   60   60    1    1    1    1    1    1    1    1  1.04200E+15 0.00276 
   61   61    1    1    1    1    1    1    1    1  1.04664E+15 0.00288 
   62   62    1    1    1    1    1    1    1    1  1.08067E+15 0.00259 
   63   63    1    1    1    1    1    1    1    1  9.01963E+14 0.00283 
   64   64    1    1    1    1    1    1    1    1  7.14233E+14 0.00268 
   65   65    1    1    1    1    1    1    1    1  7.05893E+14 0.00272 
   66   66    1    1    1    1    1    1    1    1  5.12126E+14 0.00280 
   67   67    1    1    1    1    1    1    1    1  4.19316E+14 0.00294 
   68   68    1    1    1    1    1    1    1    1  3.78670E+14 0.00278 
   69   69    1    1    1    1    1    1    1    1  4.54202E+14 0.00317 
   70   70    1    1    1    1    1    1    1    1  3.86760E+14 0.00337 
   71   71    1    1    1    1    1    1    1    1  7.17071E+14 0.00270 
   72   72    1    1    1    1    1    1    1    1  5.09200E+14 0.00279 
   73   73    1    1    1    1    1    1    1    1  3.81425E+14 0.00349 
   74   74    1    1    1    1    1    1    1    1  3.01572E+14 0.00313 
   75   75    1    1    1    1    1    1    1    1  2.44797E+14 0.00345 
   76   76    1    1    1    1    1    1    1    1  2.79070E+14 0.00314 
   77   77    1    1    1    1    1    1    1    1  2.16298E+14 0.00255 
   78   78    1    1    1    1    1    1    1    1  1.69355E+14 0.00387 
   79   79    1    1    1    1    1    1    1    1  1.72879E+14 0.00332 
   80   80    1    1    1    1    1    1    1    1  1.27548E+14 0.00213 
   81   81    1    1    1    1    1    1    1    1  9.74188E+13 0.00449 
   82   82    1    1    1    1    1    1    1    1  7.46515E+13 0.00374 
   83   83    1    1    1    1    1    1    1    1  6.96944E+13 0.00446 
   84   84    1    1    1    1    1    1    1    1  5.01667E+13 0.00449 
   85   85    1    1    1    1    1    1    1    1  3.61437E+13 0.00493 
   86   86    1    1    1    1    1    1    1    1  3.39098E+13 0.00450 
   87   87    1    1    1    1    1    1    1    1  2.09507E+13 0.00736 
   88   88    1    1    1    1    1    1    1    1  1.40461E+13 0.00860 
   89   89    1    1    1    1    1    1    1    1  8.05327E+12 0.01226 
   90   90    1    1    1    1    1    1    1    1  5.35918E+12 0.01528 
   91   91    1    1    1    1    1    1    1    1  2.83063E+12 0.01375 
   92   92    1    1    1    1    1    1    1    1  1.34581E+12 0.02183 
   93   93    1    1    1    1    1    1    1    1  6.51250E+11 0.04540 
   94   94    1    1    1    1    1    1    1    1  3.04293E+11 0.04131 
   95   95    1    1    1    1    1    1    1    1  1.50418E+11 0.07403 
   96   96    1    1    1    1    1    1    1    1  6.76460E+10 0.10560 
   97   97    1    1    1    1    1    1    1    1  4.00899E+10 0.16605 
   98   98    1    1    1    1    1    1    1    1  1.76343E+10 0.31696 
   99   99    1    1    1    1    1    1    1    1  9.61368E+09 0.30015 
  100  100    1    1    1    1    1    1    1    1  7.47167E+09 0.45600 
];


