
DETdpaspec = [
    1    1    1    1    1    1    1    1    1    1  0.00000E+00 0.00000 
    2    2    1    1    1    1    1    1    1    1  0.00000E+00 0.00000 
    3    3    1    1    1    1    1    1    1    1  0.00000E+00 0.00000 
    4    4    1    1    1    1    1    1    1    1  0.00000E+00 0.00000 
    5    5    1    1    1    1    1    1    1    1  0.00000E+00 0.00000 
    6    6    1    1    1    1    1    1    1    1  0.00000E+00 0.00000 
    7    7    1    1    1    1    1    1    1    1  1.99843E+07 1.00000 
    8    8    1    1    1    1    1    1    1    1  2.21063E+07 1.00000 
    9    9    1    1    1    1    1    1    1    1  0.00000E+00 0.00000 
   10   10    1    1    1    1    1    1    1    1  0.00000E+00 0.00000 
   11   11    1    1    1    1    1    1    1    1  2.41416E+08 0.79916 
   12   12    1    1    1    1    1    1    1    1  3.47660E+07 0.95657 
   13   13    1    1    1    1    1    1    1    1  6.87077E+08 0.48362 
   14   14    1    1    1    1    1    1    1    1  1.43251E+09 0.50307 
   15   15    1    1    1    1    1    1    1    1  2.97249E+09 0.37879 
   16   16    1    1    1    1    1    1    1    1  1.08743E+09 0.34927 
   17   17    1    1    1    1    1    1    1    1  1.38826E+09 0.29359 
   18   18    1    1    1    1    1    1    1    1  7.49978E+09 0.22356 
   19   19    1    1    1    1    1    1    1    1  8.91169E+09 0.20432 
   20   20    1    1    1    1    1    1    1    1  2.51194E+10 0.15768 
   21   21    1    1    1    1    1    1    1    1  1.86574E+10 0.12065 
   22   22    1    1    1    1    1    1    1    1  5.07950E+10 0.12236 
   23   23    1    1    1    1    1    1    1    1  6.78684E+10 0.06351 
   24   24    1    1    1    1    1    1    1    1  1.11726E+11 0.07312 
   25   25    1    1    1    1    1    1    1    1  1.51626E+11 0.07017 
   26   26    1    1    1    1    1    1    1    1  2.48428E+11 0.04539 
   27   27    1    1    1    1    1    1    1    1  4.32311E+11 0.04516 
   28   28    1    1    1    1    1    1    1    1  7.77826E+11 0.02603 
   29   29    1    1    1    1    1    1    1    1  1.13475E+12 0.02050 
   30   30    1    1    1    1    1    1    1    1  3.60167E+12 0.01439 
   31   31    1    1    1    1    1    1    1    1  1.06110E+13 0.01039 
   32   32    1    1    1    1    1    1    1    1  1.95579E+13 0.00867 
   33   33    1    1    1    1    1    1    1    1  4.26734E+13 0.00553 
   34   34    1    1    1    1    1    1    1    1  5.60258E+13 0.00488 
   35   35    1    1    1    1    1    1    1    1  8.07692E+13 0.00441 
   36   36    1    1    1    1    1    1    1    1  5.73594E+13 0.00337 
   37   37    1    1    1    1    1    1    1    1  1.81868E+13 0.00313 
   38   38    1    1    1    1    1    1    1    1  9.72872E+13 0.00307 
   39   39    1    1    1    1    1    1    1    1  1.28728E+14 0.00278 
   40   40    1    1    1    1    1    1    1    1  2.15477E+14 0.00222 
   41   41    1    1    1    1    1    1    1    1  2.22653E+14 0.00221 
   42   42    1    1    1    1    1    1    1    1  4.49684E+14 0.00242 
   43   43    1    1    1    1    1    1    1    1  5.31605E+14 0.00196 
   44   44    1    1    1    1    1    1    1    1  7.48363E+14 0.00237 
   45   45    1    1    1    1    1    1    1    1  1.42225E+15 0.00224 
   46   46    1    1    1    1    1    1    1    1  6.75472E+14 0.00224 
   47   47    1    1    1    1    1    1    1    1  1.08391E+15 0.00223 
   48   48    1    1    1    1    1    1    1    1  1.49535E+15 0.00211 
   49   49    1    1    1    1    1    1    1    1  1.46730E+15 0.00191 
   50   50    1    1    1    1    1    1    1    1  2.22299E+15 0.00180 
   51   51    1    1    1    1    1    1    1    1  1.79451E+15 0.00203 
   52   52    1    1    1    1    1    1    1    1  2.05591E+15 0.00179 
   53   53    1    1    1    1    1    1    1    1  1.43398E+15 0.00183 
   54   54    1    1    1    1    1    1    1    1  1.70056E+15 0.00228 
   55   55    1    1    1    1    1    1    1    1  1.17686E+15 0.00201 
   56   56    1    1    1    1    1    1    1    1  1.61379E+14 0.00213 
   57   57    1    1    1    1    1    1    1    1  2.32859E+15 0.00232 
   58   58    1    1    1    1    1    1    1    1  9.96103E+14 0.00247 
   59   59    1    1    1    1    1    1    1    1  1.06887E+15 0.00267 
   60   60    1    1    1    1    1    1    1    1  8.09030E+14 0.00246 
   61   61    1    1    1    1    1    1    1    1  8.12703E+14 0.00271 
   62   62    1    1    1    1    1    1    1    1  8.38742E+14 0.00238 
   63   63    1    1    1    1    1    1    1    1  6.97499E+14 0.00251 
   64   64    1    1    1    1    1    1    1    1  5.53038E+14 0.00224 
   65   65    1    1    1    1    1    1    1    1  5.45480E+14 0.00215 
   66   66    1    1    1    1    1    1    1    1  3.95141E+14 0.00248 
   67   67    1    1    1    1    1    1    1    1  3.24151E+14 0.00273 
   68   68    1    1    1    1    1    1    1    1  2.92844E+14 0.00257 
   69   69    1    1    1    1    1    1    1    1  3.50975E+14 0.00259 
   70   70    1    1    1    1    1    1    1    1  2.98614E+14 0.00311 
   71   71    1    1    1    1    1    1    1    1  5.54657E+14 0.00296 
   72   72    1    1    1    1    1    1    1    1  3.93675E+14 0.00307 
   73   73    1    1    1    1    1    1    1    1  2.95357E+14 0.00316 
   74   74    1    1    1    1    1    1    1    1  2.31669E+14 0.00224 
   75   75    1    1    1    1    1    1    1    1  1.88177E+14 0.00292 
   76   76    1    1    1    1    1    1    1    1  2.13307E+14 0.00352 
   77   77    1    1    1    1    1    1    1    1  1.65258E+14 0.00324 
   78   78    1    1    1    1    1    1    1    1  1.29197E+14 0.00316 
   79   79    1    1    1    1    1    1    1    1  1.31971E+14 0.00329 
   80   80    1    1    1    1    1    1    1    1  9.67349E+13 0.00287 
   81   81    1    1    1    1    1    1    1    1  7.40748E+13 0.00319 
   82   82    1    1    1    1    1    1    1    1  5.70400E+13 0.00383 
   83   83    1    1    1    1    1    1    1    1  5.28958E+13 0.00464 
   84   84    1    1    1    1    1    1    1    1  3.80651E+13 0.00527 
   85   85    1    1    1    1    1    1    1    1  2.76109E+13 0.00770 
   86   86    1    1    1    1    1    1    1    1  2.55604E+13 0.00645 
   87   87    1    1    1    1    1    1    1    1  1.57465E+13 0.00614 
   88   88    1    1    1    1    1    1    1    1  1.09344E+13 0.00788 
   89   89    1    1    1    1    1    1    1    1  6.24077E+12 0.01177 
   90   90    1    1    1    1    1    1    1    1  4.22411E+12 0.01631 
   91   91    1    1    1    1    1    1    1    1  2.14721E+12 0.02012 
   92   92    1    1    1    1    1    1    1    1  1.07802E+12 0.02558 
   93   93    1    1    1    1    1    1    1    1  5.12918E+11 0.04785 
   94   94    1    1    1    1    1    1    1    1  2.48848E+11 0.05465 
   95   95    1    1    1    1    1    1    1    1  1.27712E+11 0.06470 
   96   96    1    1    1    1    1    1    1    1  6.61463E+10 0.08811 
   97   97    1    1    1    1    1    1    1    1  2.81107E+10 0.17523 
   98   98    1    1    1    1    1    1    1    1  1.84050E+10 0.21892 
   99   99    1    1    1    1    1    1    1    1  1.18087E+10 0.36831 
  100  100    1    1    1    1    1    1    1    1  5.68660E+09 0.44106 
];


