
DETdpaspec = [
    1    1    1    1    1    1    1    1    1    1  0.00000E+00 0.00000 
    2    2    1    1    1    1    1    1    1    1  0.00000E+00 0.00000 
    3    3    1    1    1    1    1    1    1    1  0.00000E+00 0.00000 
    4    4    1    1    1    1    1    1    1    1  0.00000E+00 0.00000 
    5    5    1    1    1    1    1    1    1    1  0.00000E+00 0.00000 
    6    6    1    1    1    1    1    1    1    1  9.53441E+06 1.00000 
    7    7    1    1    1    1    1    1    1    1  0.00000E+00 0.00000 
    8    8    1    1    1    1    1    1    1    1  0.00000E+00 0.00000 
    9    9    1    1    1    1    1    1    1    1  7.43584E+07 0.61637 
   10   10    1    1    1    1    1    1    1    1  0.00000E+00 0.00000 
   11   11    1    1    1    1    1    1    1    1  3.24996E+08 0.51371 
   12   12    1    1    1    1    1    1    1    1  1.55222E+08 0.48038 
   13   13    1    1    1    1    1    1    1    1  1.97638E+08 0.68879 
   14   14    1    1    1    1    1    1    1    1  2.01124E+09 0.43001 
   15   15    1    1    1    1    1    1    1    1  8.93874E+08 0.65725 
   16   16    1    1    1    1    1    1    1    1  6.99240E+08 0.39558 
   17   17    1    1    1    1    1    1    1    1  3.30748E+09 0.29534 
   18   18    1    1    1    1    1    1    1    1  6.82355E+09 0.18371 
   19   19    1    1    1    1    1    1    1    1  8.82120E+09 0.17122 
   20   20    1    1    1    1    1    1    1    1  2.85922E+10 0.14692 
   21   21    1    1    1    1    1    1    1    1  2.46351E+10 0.10980 
   22   22    1    1    1    1    1    1    1    1  6.73514E+10 0.10094 
   23   23    1    1    1    1    1    1    1    1  8.97493E+10 0.07874 
   24   24    1    1    1    1    1    1    1    1  1.24304E+11 0.05859 
   25   25    1    1    1    1    1    1    1    1  1.64173E+11 0.04809 
   26   26    1    1    1    1    1    1    1    1  2.62697E+11 0.04782 
   27   27    1    1    1    1    1    1    1    1  4.67470E+11 0.03375 
   28   28    1    1    1    1    1    1    1    1  8.85559E+11 0.02296 
   29   29    1    1    1    1    1    1    1    1  1.29484E+12 0.01877 
   30   30    1    1    1    1    1    1    1    1  3.93044E+12 0.01421 
   31   31    1    1    1    1    1    1    1    1  1.16133E+13 0.01097 
   32   32    1    1    1    1    1    1    1    1  2.13626E+13 0.00610 
   33   33    1    1    1    1    1    1    1    1  4.72941E+13 0.00410 
   34   34    1    1    1    1    1    1    1    1  6.19888E+13 0.00329 
   35   35    1    1    1    1    1    1    1    1  8.92207E+13 0.00354 
   36   36    1    1    1    1    1    1    1    1  6.31957E+13 0.00239 
   37   37    1    1    1    1    1    1    1    1  1.99928E+13 0.00327 
   38   38    1    1    1    1    1    1    1    1  1.07307E+14 0.00286 
   39   39    1    1    1    1    1    1    1    1  1.42523E+14 0.00263 
   40   40    1    1    1    1    1    1    1    1  2.38318E+14 0.00191 
   41   41    1    1    1    1    1    1    1    1  2.46245E+14 0.00242 
   42   42    1    1    1    1    1    1    1    1  5.01711E+14 0.00216 
   43   43    1    1    1    1    1    1    1    1  5.95432E+14 0.00254 
   44   44    1    1    1    1    1    1    1    1  8.39969E+14 0.00203 
   45   45    1    1    1    1    1    1    1    1  1.60244E+15 0.00186 
   46   46    1    1    1    1    1    1    1    1  7.61183E+14 0.00192 
   47   47    1    1    1    1    1    1    1    1  1.22024E+15 0.00186 
   48   48    1    1    1    1    1    1    1    1  1.69258E+15 0.00194 
   49   49    1    1    1    1    1    1    1    1  1.66162E+15 0.00188 
   50   50    1    1    1    1    1    1    1    1  2.52203E+15 0.00188 
   51   51    1    1    1    1    1    1    1    1  2.03156E+15 0.00187 
   52   52    1    1    1    1    1    1    1    1  2.33264E+15 0.00199 
   53   53    1    1    1    1    1    1    1    1  1.62722E+15 0.00191 
   54   54    1    1    1    1    1    1    1    1  1.93180E+15 0.00223 
   55   55    1    1    1    1    1    1    1    1  1.33761E+15 0.00195 
   56   56    1    1    1    1    1    1    1    1  1.83161E+14 0.00234 
   57   57    1    1    1    1    1    1    1    1  2.64962E+15 0.00227 
   58   58    1    1    1    1    1    1    1    1  1.13694E+15 0.00220 
   59   59    1    1    1    1    1    1    1    1  1.21784E+15 0.00220 
   60   60    1    1    1    1    1    1    1    1  9.24726E+14 0.00264 
   61   61    1    1    1    1    1    1    1    1  9.31205E+14 0.00253 
   62   62    1    1    1    1    1    1    1    1  9.60294E+14 0.00246 
   63   63    1    1    1    1    1    1    1    1  7.99714E+14 0.00256 
   64   64    1    1    1    1    1    1    1    1  6.34056E+14 0.00249 
   65   65    1    1    1    1    1    1    1    1  6.26891E+14 0.00233 
   66   66    1    1    1    1    1    1    1    1  4.53695E+14 0.00255 
   67   67    1    1    1    1    1    1    1    1  3.72417E+14 0.00289 
   68   68    1    1    1    1    1    1    1    1  3.35440E+14 0.00288 
   69   69    1    1    1    1    1    1    1    1  4.03296E+14 0.00270 
   70   70    1    1    1    1    1    1    1    1  3.42917E+14 0.00262 
   71   71    1    1    1    1    1    1    1    1  6.37102E+14 0.00275 
   72   72    1    1    1    1    1    1    1    1  4.51389E+14 0.00290 
   73   73    1    1    1    1    1    1    1    1  3.38344E+14 0.00310 
   74   74    1    1    1    1    1    1    1    1  2.66805E+14 0.00291 
   75   75    1    1    1    1    1    1    1    1  2.16492E+14 0.00298 
   76   76    1    1    1    1    1    1    1    1  2.46064E+14 0.00295 
   77   77    1    1    1    1    1    1    1    1  1.90565E+14 0.00402 
   78   78    1    1    1    1    1    1    1    1  1.49032E+14 0.00353 
   79   79    1    1    1    1    1    1    1    1  1.52274E+14 0.00357 
   80   80    1    1    1    1    1    1    1    1  1.12229E+14 0.00404 
   81   81    1    1    1    1    1    1    1    1  8.58894E+13 0.00351 
   82   82    1    1    1    1    1    1    1    1  6.54576E+13 0.00540 
   83   83    1    1    1    1    1    1    1    1  6.11770E+13 0.00353 
   84   84    1    1    1    1    1    1    1    1  4.40418E+13 0.00483 
   85   85    1    1    1    1    1    1    1    1  3.17329E+13 0.00576 
   86   86    1    1    1    1    1    1    1    1  3.00039E+13 0.00525 
   87   87    1    1    1    1    1    1    1    1  1.83872E+13 0.00577 
   88   88    1    1    1    1    1    1    1    1  1.23310E+13 0.00694 
   89   89    1    1    1    1    1    1    1    1  7.17562E+12 0.01281 
   90   90    1    1    1    1    1    1    1    1  4.66938E+12 0.01286 
   91   91    1    1    1    1    1    1    1    1  2.50380E+12 0.01539 
   92   92    1    1    1    1    1    1    1    1  1.14207E+12 0.02565 
   93   93    1    1    1    1    1    1    1    1  5.49997E+11 0.04014 
   94   94    1    1    1    1    1    1    1    1  2.63183E+11 0.05285 
   95   95    1    1    1    1    1    1    1    1  1.22771E+11 0.08368 
   96   96    1    1    1    1    1    1    1    1  7.25083E+10 0.10796 
   97   97    1    1    1    1    1    1    1    1  3.18157E+10 0.19552 
   98   98    1    1    1    1    1    1    1    1  1.46630E+10 0.31628 
   99   99    1    1    1    1    1    1    1    1  6.29277E+09 0.28576 
  100  100    1    1    1    1    1    1    1    1  2.27759E+09 0.49023 
];


