
DETdpaspec = [
    1    1    1    1    1    1    1    1    1    1  0.00000E+00 0.00000 
    2    2    1    1    1    1    1    1    1    1  0.00000E+00 0.00000 
    3    3    1    1    1    1    1    1    1    1  0.00000E+00 0.00000 
    4    4    1    1    1    1    1    1    1    1  0.00000E+00 0.00000 
    5    5    1    1    1    1    1    1    1    1  0.00000E+00 0.00000 
    6    6    1    1    1    1    1    1    1    1  0.00000E+00 0.00000 
    7    7    1    1    1    1    1    1    1    1  0.00000E+00 0.00000 
    8    8    1    1    1    1    1    1    1    1  4.05418E+07 0.69278 
    9    9    1    1    1    1    1    1    1    1  0.00000E+00 0.00000 
   10   10    1    1    1    1    1    1    1    1  0.00000E+00 0.00000 
   11   11    1    1    1    1    1    1    1    1  0.00000E+00 0.00000 
   12   12    1    1    1    1    1    1    1    1  2.17070E+07 0.63992 
   13   13    1    1    1    1    1    1    1    1  1.37457E+09 0.66655 
   14   14    1    1    1    1    1    1    1    1  2.69711E+09 0.32460 
   15   15    1    1    1    1    1    1    1    1  5.05792E+09 0.43139 
   16   16    1    1    1    1    1    1    1    1  1.35066E+09 0.37853 
   17   17    1    1    1    1    1    1    1    1  3.23338E+09 0.27287 
   18   18    1    1    1    1    1    1    1    1  8.56436E+09 0.18797 
   19   19    1    1    1    1    1    1    1    1  1.33430E+10 0.17773 
   20   20    1    1    1    1    1    1    1    1  3.04205E+10 0.18160 
   21   21    1    1    1    1    1    1    1    1  2.02221E+10 0.14813 
   22   22    1    1    1    1    1    1    1    1  5.33897E+10 0.09232 
   23   23    1    1    1    1    1    1    1    1  8.68467E+10 0.05546 
   24   24    1    1    1    1    1    1    1    1  1.33561E+11 0.06870 
   25   25    1    1    1    1    1    1    1    1  1.76083E+11 0.04847 
   26   26    1    1    1    1    1    1    1    1  2.63338E+11 0.03763 
   27   27    1    1    1    1    1    1    1    1  4.69372E+11 0.04607 
   28   28    1    1    1    1    1    1    1    1  8.75627E+11 0.02932 
   29   29    1    1    1    1    1    1    1    1  1.25940E+12 0.02079 
   30   30    1    1    1    1    1    1    1    1  3.97538E+12 0.01352 
   31   31    1    1    1    1    1    1    1    1  1.19841E+13 0.00825 
   32   32    1    1    1    1    1    1    1    1  2.17750E+13 0.00561 
   33   33    1    1    1    1    1    1    1    1  4.78454E+13 0.00395 
   34   34    1    1    1    1    1    1    1    1  6.28874E+13 0.00306 
   35   35    1    1    1    1    1    1    1    1  9.07947E+13 0.00346 
   36   36    1    1    1    1    1    1    1    1  6.42380E+13 0.00255 
   37   37    1    1    1    1    1    1    1    1  2.04606E+13 0.00302 
   38   38    1    1    1    1    1    1    1    1  1.09256E+14 0.00257 
   39   39    1    1    1    1    1    1    1    1  1.45381E+14 0.00224 
   40   40    1    1    1    1    1    1    1    1  2.42890E+14 0.00188 
   41   41    1    1    1    1    1    1    1    1  2.51828E+14 0.00229 
   42   42    1    1    1    1    1    1    1    1  5.11904E+14 0.00221 
   43   43    1    1    1    1    1    1    1    1  6.06763E+14 0.00208 
   44   44    1    1    1    1    1    1    1    1  8.55322E+14 0.00200 
   45   45    1    1    1    1    1    1    1    1  1.62988E+15 0.00205 
   46   46    1    1    1    1    1    1    1    1  7.73945E+14 0.00217 
   47   47    1    1    1    1    1    1    1    1  1.24108E+15 0.00191 
   48   48    1    1    1    1    1    1    1    1  1.71954E+15 0.00211 
   49   49    1    1    1    1    1    1    1    1  1.68946E+15 0.00200 
   50   50    1    1    1    1    1    1    1    1  2.56335E+15 0.00220 
   51   51    1    1    1    1    1    1    1    1  2.06547E+15 0.00234 
   52   52    1    1    1    1    1    1    1    1  2.37570E+15 0.00250 
   53   53    1    1    1    1    1    1    1    1  1.65700E+15 0.00258 
   54   54    1    1    1    1    1    1    1    1  1.97228E+15 0.00214 
   55   55    1    1    1    1    1    1    1    1  1.36407E+15 0.00227 
   56   56    1    1    1    1    1    1    1    1  1.87083E+14 0.00242 
   57   57    1    1    1    1    1    1    1    1  2.69794E+15 0.00239 
   58   58    1    1    1    1    1    1    1    1  1.15899E+15 0.00238 
   59   59    1    1    1    1    1    1    1    1  1.24047E+15 0.00241 
   60   60    1    1    1    1    1    1    1    1  9.43108E+14 0.00204 
   61   61    1    1    1    1    1    1    1    1  9.48403E+14 0.00215 
   62   62    1    1    1    1    1    1    1    1  9.78104E+14 0.00236 
   63   63    1    1    1    1    1    1    1    1  8.14076E+14 0.00233 
   64   64    1    1    1    1    1    1    1    1  6.45725E+14 0.00248 
   65   65    1    1    1    1    1    1    1    1  6.37326E+14 0.00234 
   66   66    1    1    1    1    1    1    1    1  4.62333E+14 0.00276 
   67   67    1    1    1    1    1    1    1    1  3.80120E+14 0.00269 
   68   68    1    1    1    1    1    1    1    1  3.41603E+14 0.00289 
   69   69    1    1    1    1    1    1    1    1  4.09454E+14 0.00297 
   70   70    1    1    1    1    1    1    1    1  3.49709E+14 0.00309 
   71   71    1    1    1    1    1    1    1    1  6.46937E+14 0.00265 
   72   72    1    1    1    1    1    1    1    1  4.60024E+14 0.00272 
   73   73    1    1    1    1    1    1    1    1  3.44981E+14 0.00245 
   74   74    1    1    1    1    1    1    1    1  2.72662E+14 0.00255 
   75   75    1    1    1    1    1    1    1    1  2.21087E+14 0.00249 
   76   76    1    1    1    1    1    1    1    1  2.50886E+14 0.00300 
   77   77    1    1    1    1    1    1    1    1  1.94537E+14 0.00333 
   78   78    1    1    1    1    1    1    1    1  1.52418E+14 0.00293 
   79   79    1    1    1    1    1    1    1    1  1.54410E+14 0.00405 
   80   80    1    1    1    1    1    1    1    1  1.13651E+14 0.00378 
   81   81    1    1    1    1    1    1    1    1  8.75133E+13 0.00367 
   82   82    1    1    1    1    1    1    1    1  6.72585E+13 0.00458 
   83   83    1    1    1    1    1    1    1    1  6.23863E+13 0.00591 
   84   84    1    1    1    1    1    1    1    1  4.50909E+13 0.00536 
   85   85    1    1    1    1    1    1    1    1  3.23299E+13 0.00435 
   86   86    1    1    1    1    1    1    1    1  3.06300E+13 0.00400 
   87   87    1    1    1    1    1    1    1    1  1.87879E+13 0.00698 
   88   88    1    1    1    1    1    1    1    1  1.29597E+13 0.00912 
   89   89    1    1    1    1    1    1    1    1  7.15443E+12 0.01111 
   90   90    1    1    1    1    1    1    1    1  4.87777E+12 0.01300 
   91   91    1    1    1    1    1    1    1    1  2.44117E+12 0.01636 
   92   92    1    1    1    1    1    1    1    1  1.20009E+12 0.02547 
   93   93    1    1    1    1    1    1    1    1  5.82013E+11 0.03624 
   94   94    1    1    1    1    1    1    1    1  3.05798E+11 0.05423 
   95   95    1    1    1    1    1    1    1    1  1.29574E+11 0.06651 
   96   96    1    1    1    1    1    1    1    1  7.43779E+10 0.12820 
   97   97    1    1    1    1    1    1    1    1  3.46333E+10 0.16764 
   98   98    1    1    1    1    1    1    1    1  1.29040E+10 0.20394 
   99   99    1    1    1    1    1    1    1    1  8.07485E+09 0.31894 
  100  100    1    1    1    1    1    1    1    1  5.20425E+09 0.32766 
];


