
DETdpaspec = [
    1    1    1    1    1    1    1    1    1    1  0.00000E+00 0.00000 
    2    2    1    1    1    1    1    1    1    1  0.00000E+00 0.00000 
    3    3    1    1    1    1    1    1    1    1  0.00000E+00 0.00000 
    4    4    1    1    1    1    1    1    1    1  0.00000E+00 0.00000 
    5    5    1    1    1    1    1    1    1    1  0.00000E+00 0.00000 
    6    6    1    1    1    1    1    1    1    1  0.00000E+00 0.00000 
    7    7    1    1    1    1    1    1    1    1  0.00000E+00 0.00000 
    8    8    1    1    1    1    1    1    1    1  0.00000E+00 0.00000 
    9    9    1    1    1    1    1    1    1    1  3.73757E+08 1.00000 
   10   10    1    1    1    1    1    1    1    1  6.27906E+08 1.00000 
   11   11    1    1    1    1    1    1    1    1  0.00000E+00 0.00000 
   12   12    1    1    1    1    1    1    1    1  1.43132E+08 1.00000 
   13   13    1    1    1    1    1    1    1    1  0.00000E+00 0.00000 
   14   14    1    1    1    1    1    1    1    1  0.00000E+00 0.00000 
   15   15    1    1    1    1    1    1    1    1  0.00000E+00 0.00000 
   16   16    1    1    1    1    1    1    1    1  0.00000E+00 0.00000 
   17   17    1    1    1    1    1    1    1    1  1.90010E+09 0.59499 
   18   18    1    1    1    1    1    1    1    1  4.64327E+09 0.48780 
   19   19    1    1    1    1    1    1    1    1  3.27449E+09 0.53536 
   20   20    1    1    1    1    1    1    1    1  5.76496E+10 0.23658 
   21   21    1    1    1    1    1    1    1    1  3.14500E+11 0.06254 
   22   22    1    1    1    1    1    1    1    1  1.08912E+12 0.03367 
   23   23    1    1    1    1    1    1    1    1  2.90937E+12 0.02224 
   24   24    1    1    1    1    1    1    1    1  6.09612E+12 0.01423 
   25   25    1    1    1    1    1    1    1    1  7.82874E+12 0.01078 
   26   26    1    1    1    1    1    1    1    1  1.37411E+13 0.01258 
   27   27    1    1    1    1    1    1    1    1  2.15237E+13 0.00859 
   28   28    1    1    1    1    1    1    1    1  3.21579E+13 0.00837 
   29   29    1    1    1    1    1    1    1    1  4.30751E+13 0.00782 
   30   30    1    1    1    1    1    1    1    1  7.18160E+13 0.00703 
   31   31    1    1    1    1    1    1    1    1  1.19807E+14 0.00708 
   32   32    1    1    1    1    1    1    1    1  1.56048E+14 0.00632 
   33   33    1    1    1    1    1    1    1    1  2.75031E+14 0.00602 
   34   34    1    1    1    1    1    1    1    1  3.10734E+14 0.00609 
   35   35    1    1    1    1    1    1    1    1  2.97935E+14 0.00595 
   36   36    1    1    1    1    1    1    1    1  1.71875E+14 0.00575 
   37   37    1    1    1    1    1    1    1    1  4.93679E+13 0.00553 
   38   38    1    1    1    1    1    1    1    1  2.78864E+14 0.00557 
   39   39    1    1    1    1    1    1    1    1  3.59016E+14 0.00600 
   40   40    1    1    1    1    1    1    1    1  5.93622E+14 0.00595 
   41   41    1    1    1    1    1    1    1    1  5.51898E+14 0.00604 
   42   42    1    1    1    1    1    1    1    1  1.14399E+15 0.00641 
   43   43    1    1    1    1    1    1    1    1  1.31030E+15 0.00632 
   44   44    1    1    1    1    1    1    1    1  1.78047E+15 0.00639 
   45   45    1    1    1    1    1    1    1    1  3.29759E+15 0.00635 
   46   46    1    1    1    1    1    1    1    1  1.43152E+15 0.00663 
   47   47    1    1    1    1    1    1    1    1  2.20309E+15 0.00644 
   48   48    1    1    1    1    1    1    1    1  2.93087E+15 0.00660 
   49   49    1    1    1    1    1    1    1    1  2.75638E+15 0.00677 
   50   50    1    1    1    1    1    1    1    1  4.17352E+15 0.00680 
   51   51    1    1    1    1    1    1    1    1  3.10868E+15 0.00677 
   52   52    1    1    1    1    1    1    1    1  3.64556E+15 0.00694 
   53   53    1    1    1    1    1    1    1    1  2.43347E+15 0.00708 
   54   54    1    1    1    1    1    1    1    1  2.97207E+15 0.00711 
   55   55    1    1    1    1    1    1    1    1  1.99337E+15 0.00709 
   56   56    1    1    1    1    1    1    1    1  2.67333E+14 0.00743 
   57   57    1    1    1    1    1    1    1    1  3.84901E+15 0.00708 
   58   58    1    1    1    1    1    1    1    1  1.72355E+15 0.00730 
   59   59    1    1    1    1    1    1    1    1  1.78475E+15 0.00728 
   60   60    1    1    1    1    1    1    1    1  1.39349E+15 0.00726 
   61   61    1    1    1    1    1    1    1    1  1.37465E+15 0.00738 
   62   62    1    1    1    1    1    1    1    1  1.41262E+15 0.00711 
   63   63    1    1    1    1    1    1    1    1  1.17123E+15 0.00726 
   64   64    1    1    1    1    1    1    1    1  9.13847E+14 0.00759 
   65   65    1    1    1    1    1    1    1    1  8.92537E+14 0.00746 
   66   66    1    1    1    1    1    1    1    1  6.37062E+14 0.00751 
   67   67    1    1    1    1    1    1    1    1  5.11242E+14 0.00785 
   68   68    1    1    1    1    1    1    1    1  4.53250E+14 0.00783 
   69   69    1    1    1    1    1    1    1    1  5.37479E+14 0.00772 
   70   70    1    1    1    1    1    1    1    1  4.49688E+14 0.00743 
   71   71    1    1    1    1    1    1    1    1  7.84783E+14 0.00782 
   72   72    1    1    1    1    1    1    1    1  5.41550E+14 0.00753 
   73   73    1    1    1    1    1    1    1    1  4.02949E+14 0.00808 
   74   74    1    1    1    1    1    1    1    1  3.26193E+14 0.00778 
   75   75    1    1    1    1    1    1    1    1  2.70227E+14 0.00775 
   76   76    1    1    1    1    1    1    1    1  3.14354E+14 0.00776 
   77   77    1    1    1    1    1    1    1    1  2.49657E+14 0.00789 
   78   78    1    1    1    1    1    1    1    1  1.99164E+14 0.00822 
   79   79    1    1    1    1    1    1    1    1  2.03811E+14 0.00790 
   80   80    1    1    1    1    1    1    1    1  1.49711E+14 0.00838 
   81   81    1    1    1    1    1    1    1    1  1.13698E+14 0.00860 
   82   82    1    1    1    1    1    1    1    1  8.64867E+13 0.00880 
   83   83    1    1    1    1    1    1    1    1  7.98711E+13 0.00810 
   84   84    1    1    1    1    1    1    1    1  5.60285E+13 0.00831 
   85   85    1    1    1    1    1    1    1    1  4.00889E+13 0.00764 
   86   86    1    1    1    1    1    1    1    1  3.67000E+13 0.00680 
   87   87    1    1    1    1    1    1    1    1  2.17057E+13 0.00922 
   88   88    1    1    1    1    1    1    1    1  1.40401E+13 0.01014 
   89   89    1    1    1    1    1    1    1    1  7.98128E+12 0.01396 
   90   90    1    1    1    1    1    1    1    1  4.98520E+12 0.01800 
   91   91    1    1    1    1    1    1    1    1  2.29374E+12 0.01576 
   92   92    1    1    1    1    1    1    1    1  1.06704E+12 0.01889 
   93   93    1    1    1    1    1    1    1    1  5.22011E+11 0.03110 
   94   94    1    1    1    1    1    1    1    1  2.44567E+11 0.04314 
   95   95    1    1    1    1    1    1    1    1  1.18479E+11 0.07707 
   96   96    1    1    1    1    1    1    1    1  6.53226E+10 0.10609 
   97   97    1    1    1    1    1    1    1    1  2.65774E+10 0.15643 
   98   98    1    1    1    1    1    1    1    1  1.24409E+10 0.22170 
   99   99    1    1    1    1    1    1    1    1  2.75252E+09 0.33861 
  100  100    1    1    1    1    1    1    1    1  2.45922E+09 0.55432 
];


