
DETdpaspec = [
    1    1    1    1    1    1    1    1    1    1  0.00000E+00 0.00000 
    2    2    1    1    1    1    1    1    1    1  0.00000E+00 0.00000 
    3    3    1    1    1    1    1    1    1    1  0.00000E+00 0.00000 
    4    4    1    1    1    1    1    1    1    1  0.00000E+00 0.00000 
    5    5    1    1    1    1    1    1    1    1  0.00000E+00 0.00000 
    6    6    1    1    1    1    1    1    1    1  0.00000E+00 0.00000 
    7    7    1    1    1    1    1    1    1    1  0.00000E+00 0.00000 
    8    8    1    1    1    1    1    1    1    1  2.15172E+07 1.00000 
    9    9    1    1    1    1    1    1    1    1  1.30348E+07 1.00000 
   10   10    1    1    1    1    1    1    1    1  9.24927E+07 0.70147 
   11   11    1    1    1    1    1    1    1    1  4.55391E+07 1.00000 
   12   12    1    1    1    1    1    1    1    1  6.23904E+07 0.65909 
   13   13    1    1    1    1    1    1    1    1  1.10467E+08 1.00000 
   14   14    1    1    1    1    1    1    1    1  2.01081E+09 0.31155 
   15   15    1    1    1    1    1    1    1    1  5.04321E+09 0.38105 
   16   16    1    1    1    1    1    1    1    1  1.65384E+09 0.26937 
   17   17    1    1    1    1    1    1    1    1  2.57352E+09 0.24518 
   18   18    1    1    1    1    1    1    1    1  1.12124E+10 0.21680 
   19   19    1    1    1    1    1    1    1    1  7.85773E+09 0.14026 
   20   20    1    1    1    1    1    1    1    1  2.68191E+10 0.12389 
   21   21    1    1    1    1    1    1    1    1  2.78123E+10 0.12409 
   22   22    1    1    1    1    1    1    1    1  7.25279E+10 0.07865 
   23   23    1    1    1    1    1    1    1    1  8.73051E+10 0.08156 
   24   24    1    1    1    1    1    1    1    1  1.49266E+11 0.04602 
   25   25    1    1    1    1    1    1    1    1  1.70551E+11 0.05485 
   26   26    1    1    1    1    1    1    1    1  2.87265E+11 0.04368 
   27   27    1    1    1    1    1    1    1    1  4.67949E+11 0.03530 
   28   28    1    1    1    1    1    1    1    1  9.17545E+11 0.02795 
   29   29    1    1    1    1    1    1    1    1  1.29532E+12 0.02555 
   30   30    1    1    1    1    1    1    1    1  3.90207E+12 0.01272 
   31   31    1    1    1    1    1    1    1    1  1.15438E+13 0.00646 
   32   32    1    1    1    1    1    1    1    1  2.14978E+13 0.00683 
   33   33    1    1    1    1    1    1    1    1  4.70313E+13 0.00388 
   34   34    1    1    1    1    1    1    1    1  6.12817E+13 0.00483 
   35   35    1    1    1    1    1    1    1    1  8.82600E+13 0.00395 
   36   36    1    1    1    1    1    1    1    1  6.28233E+13 0.00390 
   37   37    1    1    1    1    1    1    1    1  1.99415E+13 0.00335 
   38   38    1    1    1    1    1    1    1    1  1.07017E+14 0.00329 
   39   39    1    1    1    1    1    1    1    1  1.41885E+14 0.00305 
   40   40    1    1    1    1    1    1    1    1  2.36967E+14 0.00252 
   41   41    1    1    1    1    1    1    1    1  2.44475E+14 0.00241 
   42   42    1    1    1    1    1    1    1    1  4.98186E+14 0.00193 
   43   43    1    1    1    1    1    1    1    1  5.91503E+14 0.00169 
   44   44    1    1    1    1    1    1    1    1  8.34302E+14 0.00192 
   45   45    1    1    1    1    1    1    1    1  1.58902E+15 0.00196 
   46   46    1    1    1    1    1    1    1    1  7.54598E+14 0.00207 
   47   47    1    1    1    1    1    1    1    1  1.21023E+15 0.00218 
   48   48    1    1    1    1    1    1    1    1  1.67463E+15 0.00210 
   49   49    1    1    1    1    1    1    1    1  1.64520E+15 0.00208 
   50   50    1    1    1    1    1    1    1    1  2.49969E+15 0.00223 
   51   51    1    1    1    1    1    1    1    1  2.01753E+15 0.00185 
   52   52    1    1    1    1    1    1    1    1  2.31771E+15 0.00194 
   53   53    1    1    1    1    1    1    1    1  1.61207E+15 0.00217 
   54   54    1    1    1    1    1    1    1    1  1.91530E+15 0.00232 
   55   55    1    1    1    1    1    1    1    1  1.32527E+15 0.00235 
   56   56    1    1    1    1    1    1    1    1  1.81566E+14 0.00313 
   57   57    1    1    1    1    1    1    1    1  2.62650E+15 0.00258 
   58   58    1    1    1    1    1    1    1    1  1.12560E+15 0.00246 
   59   59    1    1    1    1    1    1    1    1  1.20726E+15 0.00255 
   60   60    1    1    1    1    1    1    1    1  9.17642E+14 0.00257 
   61   61    1    1    1    1    1    1    1    1  9.20549E+14 0.00280 
   62   62    1    1    1    1    1    1    1    1  9.50766E+14 0.00248 
   63   63    1    1    1    1    1    1    1    1  7.93103E+14 0.00266 
   64   64    1    1    1    1    1    1    1    1  6.28404E+14 0.00250 
   65   65    1    1    1    1    1    1    1    1  6.18987E+14 0.00274 
   66   66    1    1    1    1    1    1    1    1  4.48491E+14 0.00274 
   67   67    1    1    1    1    1    1    1    1  3.68006E+14 0.00220 
   68   68    1    1    1    1    1    1    1    1  3.30481E+14 0.00315 
   69   69    1    1    1    1    1    1    1    1  3.97144E+14 0.00369 
   70   70    1    1    1    1    1    1    1    1  3.39137E+14 0.00294 
   71   71    1    1    1    1    1    1    1    1  6.28051E+14 0.00278 
   72   72    1    1    1    1    1    1    1    1  4.46450E+14 0.00285 
   73   73    1    1    1    1    1    1    1    1  3.35381E+14 0.00327 
   74   74    1    1    1    1    1    1    1    1  2.64340E+14 0.00310 
   75   75    1    1    1    1    1    1    1    1  2.15167E+14 0.00280 
   76   76    1    1    1    1    1    1    1    1  2.43197E+14 0.00238 
   77   77    1    1    1    1    1    1    1    1  1.87957E+14 0.00326 
   78   78    1    1    1    1    1    1    1    1  1.47099E+14 0.00340 
   79   79    1    1    1    1    1    1    1    1  1.49851E+14 0.00341 
   80   80    1    1    1    1    1    1    1    1  1.10179E+14 0.00445 
   81   81    1    1    1    1    1    1    1    1  8.45431E+13 0.00432 
   82   82    1    1    1    1    1    1    1    1  6.51610E+13 0.00446 
   83   83    1    1    1    1    1    1    1    1  6.06811E+13 0.00322 
   84   84    1    1    1    1    1    1    1    1  4.34474E+13 0.00471 
   85   85    1    1    1    1    1    1    1    1  3.12678E+13 0.00662 
   86   86    1    1    1    1    1    1    1    1  2.91883E+13 0.00585 
   87   87    1    1    1    1    1    1    1    1  1.81302E+13 0.00808 
   88   88    1    1    1    1    1    1    1    1  1.22117E+13 0.00677 
   89   89    1    1    1    1    1    1    1    1  7.06884E+12 0.01295 
   90   90    1    1    1    1    1    1    1    1  4.78176E+12 0.01244 
   91   91    1    1    1    1    1    1    1    1  2.31218E+12 0.01913 
   92   92    1    1    1    1    1    1    1    1  1.19949E+12 0.02518 
   93   93    1    1    1    1    1    1    1    1  6.00873E+11 0.04667 
   94   94    1    1    1    1    1    1    1    1  2.74011E+11 0.06032 
   95   95    1    1    1    1    1    1    1    1  1.47877E+11 0.07030 
   96   96    1    1    1    1    1    1    1    1  7.05427E+10 0.12864 
   97   97    1    1    1    1    1    1    1    1  2.80329E+10 0.17047 
   98   98    1    1    1    1    1    1    1    1  1.70165E+10 0.27229 
   99   99    1    1    1    1    1    1    1    1  6.25491E+09 0.27245 
  100  100    1    1    1    1    1    1    1    1  4.89840E+09 0.34143 
];


