
DETdpaspec = [
    1    1    1    1    1    1    1    1    1    1  0.00000E+00 0.00000 
    2    2    1    1    1    1    1    1    1    1  0.00000E+00 0.00000 
    3    3    1    1    1    1    1    1    1    1  0.00000E+00 0.00000 
    4    4    1    1    1    1    1    1    1    1  0.00000E+00 0.00000 
    5    5    1    1    1    1    1    1    1    1  1.55130E+07 1.00000 
    6    6    1    1    1    1    1    1    1    1  0.00000E+00 0.00000 
    7    7    1    1    1    1    1    1    1    1  0.00000E+00 0.00000 
    8    8    1    1    1    1    1    1    1    1  1.35407E+07 1.00000 
    9    9    1    1    1    1    1    1    1    1  8.83405E+06 1.00000 
   10   10    1    1    1    1    1    1    1    1  1.13971E+08 0.69580 
   11   11    1    1    1    1    1    1    1    1  2.26344E+08 0.75394 
   12   12    1    1    1    1    1    1    1    1  1.65064E+08 0.58186 
   13   13    1    1    1    1    1    1    1    1  8.00659E+08 0.69058 
   14   14    1    1    1    1    1    1    1    1  3.29885E+09 0.46896 
   15   15    1    1    1    1    1    1    1    1  5.63625E+09 0.35561 
   16   16    1    1    1    1    1    1    1    1  2.07076E+09 0.38729 
   17   17    1    1    1    1    1    1    1    1  3.32109E+09 0.26577 
   18   18    1    1    1    1    1    1    1    1  7.33637E+09 0.20443 
   19   19    1    1    1    1    1    1    1    1  1.19424E+10 0.18425 
   20   20    1    1    1    1    1    1    1    1  5.23787E+10 0.11641 
   21   21    1    1    1    1    1    1    1    1  3.40967E+10 0.08378 
   22   22    1    1    1    1    1    1    1    1  8.39842E+10 0.07084 
   23   23    1    1    1    1    1    1    1    1  1.17608E+11 0.06540 
   24   24    1    1    1    1    1    1    1    1  1.94386E+11 0.07913 
   25   25    1    1    1    1    1    1    1    1  2.57912E+11 0.07215 
   26   26    1    1    1    1    1    1    1    1  4.32118E+11 0.04654 
   27   27    1    1    1    1    1    1    1    1  8.79715E+11 0.03387 
   28   28    1    1    1    1    1    1    1    1  2.03092E+12 0.02279 
   29   29    1    1    1    1    1    1    1    1  3.48278E+12 0.02177 
   30   30    1    1    1    1    1    1    1    1  9.28891E+12 0.01065 
   31   31    1    1    1    1    1    1    1    1  2.81521E+13 0.00663 
   32   32    1    1    1    1    1    1    1    1  5.08275E+13 0.00403 
   33   33    1    1    1    1    1    1    1    1  1.19002E+14 0.00306 
   34   34    1    1    1    1    1    1    1    1  1.64447E+14 0.00215 
   35   35    1    1    1    1    1    1    1    1  2.11884E+14 0.00206 
   36   36    1    1    1    1    1    1    1    1  1.44485E+14 0.00202 
   37   37    1    1    1    1    1    1    1    1  4.39964E+13 0.00198 
   38   38    1    1    1    1    1    1    1    1  2.45276E+14 0.00196 
   39   39    1    1    1    1    1    1    1    1  3.29226E+14 0.00167 
   40   40    1    1    1    1    1    1    1    1  5.67845E+14 0.00136 
   41   41    1    1    1    1    1    1    1    1  5.69257E+14 0.00139 
   42   42    1    1    1    1    1    1    1    1  1.20541E+15 0.00130 
   43   43    1    1    1    1    1    1    1    1  1.44974E+15 0.00109 
   44   44    1    1    1    1    1    1    1    1  2.08127E+15 0.00104 
   45   45    1    1    1    1    1    1    1    1  4.14172E+15 0.00090 
   46   46    1    1    1    1    1    1    1    1  1.96027E+15 0.00099 
   47   47    1    1    1    1    1    1    1    1  3.12661E+15 0.00097 
   48   48    1    1    1    1    1    1    1    1  4.38076E+15 0.00099 
   49   49    1    1    1    1    1    1    1    1  4.30211E+15 0.00089 
   50   50    1    1    1    1    1    1    1    1  6.75062E+15 0.00073 
   51   51    1    1    1    1    1    1    1    1  5.36439E+15 0.00060 
   52   52    1    1    1    1    1    1    1    1  6.39346E+15 0.00076 
   53   53    1    1    1    1    1    1    1    1  4.46318E+15 0.00070 
   54   54    1    1    1    1    1    1    1    1  5.49113E+15 0.00059 
   55   55    1    1    1    1    1    1    1    1  3.79022E+15 0.00079 
   56   56    1    1    1    1    1    1    1    1  5.15997E+14 0.00085 
   57   57    1    1    1    1    1    1    1    1  7.52764E+15 0.00064 
   58   58    1    1    1    1    1    1    1    1  3.36980E+15 0.00064 
   59   59    1    1    1    1    1    1    1    1  3.59458E+15 0.00071 
   60   60    1    1    1    1    1    1    1    1  2.81407E+15 0.00091 
   61   61    1    1    1    1    1    1    1    1  2.82000E+15 0.00096 
   62   62    1    1    1    1    1    1    1    1  2.93262E+15 0.00096 
   63   63    1    1    1    1    1    1    1    1  2.47080E+15 0.00098 
   64   64    1    1    1    1    1    1    1    1  1.96750E+15 0.00104 
   65   65    1    1    1    1    1    1    1    1  1.95648E+15 0.00118 
   66   66    1    1    1    1    1    1    1    1  1.42523E+15 0.00123 
   67   67    1    1    1    1    1    1    1    1  1.16107E+15 0.00109 
   68   68    1    1    1    1    1    1    1    1  1.04014E+15 0.00114 
   69   69    1    1    1    1    1    1    1    1  1.24919E+15 0.00119 
   70   70    1    1    1    1    1    1    1    1  1.06354E+15 0.00100 
   71   71    1    1    1    1    1    1    1    1  1.93792E+15 0.00121 
   72   72    1    1    1    1    1    1    1    1  1.37289E+15 0.00102 
   73   73    1    1    1    1    1    1    1    1  1.03777E+15 0.00131 
   74   74    1    1    1    1    1    1    1    1  8.37955E+14 0.00167 
   75   75    1    1    1    1    1    1    1    1  6.95839E+14 0.00131 
   76   76    1    1    1    1    1    1    1    1  8.06777E+14 0.00149 
   77   77    1    1    1    1    1    1    1    1  6.38589E+14 0.00125 
   78   78    1    1    1    1    1    1    1    1  5.08360E+14 0.00176 
   79   79    1    1    1    1    1    1    1    1  5.24766E+14 0.00140 
   80   80    1    1    1    1    1    1    1    1  3.90370E+14 0.00207 
   81   81    1    1    1    1    1    1    1    1  3.01059E+14 0.00181 
   82   82    1    1    1    1    1    1    1    1  2.31357E+14 0.00238 
   83   83    1    1    1    1    1    1    1    1  2.16209E+14 0.00194 
   84   84    1    1    1    1    1    1    1    1  1.55924E+14 0.00196 
   85   85    1    1    1    1    1    1    1    1  1.12326E+14 0.00271 
   86   86    1    1    1    1    1    1    1    1  1.05144E+14 0.00351 
   87   87    1    1    1    1    1    1    1    1  6.43581E+13 0.00304 
   88   88    1    1    1    1    1    1    1    1  4.35840E+13 0.00458 
   89   89    1    1    1    1    1    1    1    1  2.50846E+13 0.00709 
   90   90    1    1    1    1    1    1    1    1  1.67580E+13 0.00610 
   91   91    1    1    1    1    1    1    1    1  8.35434E+12 0.01482 
   92   92    1    1    1    1    1    1    1    1  4.16518E+12 0.01634 
   93   93    1    1    1    1    1    1    1    1  1.93184E+12 0.02302 
   94   94    1    1    1    1    1    1    1    1  9.53642E+11 0.02983 
   95   95    1    1    1    1    1    1    1    1  4.52998E+11 0.04968 
   96   96    1    1    1    1    1    1    1    1  1.99082E+11 0.07239 
   97   97    1    1    1    1    1    1    1    1  1.07206E+11 0.10743 
   98   98    1    1    1    1    1    1    1    1  4.89961E+10 0.10604 
   99   99    1    1    1    1    1    1    1    1  2.33059E+10 0.17444 
  100  100    1    1    1    1    1    1    1    1  2.42651E+10 0.19763 
];


