
DETdpaspec = [
    1    1    1    1    1    1    1    1    1    1  0.00000E+00 0.00000 
    2    2    1    1    1    1    1    1    1    1  0.00000E+00 0.00000 
    3    3    1    1    1    1    1    1    1    1  0.00000E+00 0.00000 
    4    4    1    1    1    1    1    1    1    1  0.00000E+00 0.00000 
    5    5    1    1    1    1    1    1    1    1  0.00000E+00 0.00000 
    6    6    1    1    1    1    1    1    1    1  0.00000E+00 0.00000 
    7    7    1    1    1    1    1    1    1    1  0.00000E+00 0.00000 
    8    8    1    1    1    1    1    1    1    1  2.82777E+07 1.00000 
    9    9    1    1    1    1    1    1    1    1  2.65527E+07 0.71317 
   10   10    1    1    1    1    1    1    1    1  0.00000E+00 0.00000 
   11   11    1    1    1    1    1    1    1    1  4.61477E+08 0.84098 
   12   12    1    1    1    1    1    1    1    1  0.00000E+00 0.00000 
   13   13    1    1    1    1    1    1    1    1  2.67440E+09 0.50371 
   14   14    1    1    1    1    1    1    1    1  5.04101E+09 0.44965 
   15   15    1    1    1    1    1    1    1    1  5.41676E+09 0.36813 
   16   16    1    1    1    1    1    1    1    1  2.95973E+09 0.31298 
   17   17    1    1    1    1    1    1    1    1  2.83304E+09 0.28758 
   18   18    1    1    1    1    1    1    1    1  9.71335E+09 0.22243 
   19   19    1    1    1    1    1    1    1    1  1.46933E+10 0.16515 
   20   20    1    1    1    1    1    1    1    1  3.67347E+10 0.15738 
   21   21    1    1    1    1    1    1    1    1  3.04509E+10 0.16065 
   22   22    1    1    1    1    1    1    1    1  6.96381E+10 0.11518 
   23   23    1    1    1    1    1    1    1    1  1.00485E+11 0.07230 
   24   24    1    1    1    1    1    1    1    1  1.98718E+11 0.07322 
   25   25    1    1    1    1    1    1    1    1  2.80512E+11 0.06915 
   26   26    1    1    1    1    1    1    1    1  5.78841E+11 0.03285 
   27   27    1    1    1    1    1    1    1    1  1.26509E+12 0.02474 
   28   28    1    1    1    1    1    1    1    1  3.24826E+12 0.01844 
   29   29    1    1    1    1    1    1    1    1  5.83422E+12 0.01406 
   30   30    1    1    1    1    1    1    1    1  1.47162E+13 0.00800 
   31   31    1    1    1    1    1    1    1    1  4.09130E+13 0.00452 
   32   32    1    1    1    1    1    1    1    1  7.07205E+13 0.00287 
   33   33    1    1    1    1    1    1    1    1  1.61382E+14 0.00229 
   34   34    1    1    1    1    1    1    1    1  2.19972E+14 0.00184 
   35   35    1    1    1    1    1    1    1    1  2.64152E+14 0.00118 
   36   36    1    1    1    1    1    1    1    1  1.73854E+14 0.00142 
   37   37    1    1    1    1    1    1    1    1  5.18989E+13 0.00152 
   38   38    1    1    1    1    1    1    1    1  2.93298E+14 0.00114 
   39   39    1    1    1    1    1    1    1    1  3.91261E+14 0.00146 
   40   40    1    1    1    1    1    1    1    1  6.73858E+14 0.00116 
   41   41    1    1    1    1    1    1    1    1  6.63320E+14 0.00130 
   42   42    1    1    1    1    1    1    1    1  1.41215E+15 0.00123 
   43   43    1    1    1    1    1    1    1    1  1.69079E+15 0.00105 
   44   44    1    1    1    1    1    1    1    1  2.41836E+15 0.00089 
   45   45    1    1    1    1    1    1    1    1  4.80216E+15 0.00071 
   46   46    1    1    1    1    1    1    1    1  2.24131E+15 0.00079 
   47   47    1    1    1    1    1    1    1    1  3.55250E+15 0.00065 
   48   48    1    1    1    1    1    1    1    1  4.95286E+15 0.00056 
   49   49    1    1    1    1    1    1    1    1  4.83408E+15 0.00073 
   50   50    1    1    1    1    1    1    1    1  7.59743E+15 0.00066 
   51   51    1    1    1    1    1    1    1    1  5.96822E+15 0.00066 
   52   52    1    1    1    1    1    1    1    1  7.16498E+15 0.00061 
   53   53    1    1    1    1    1    1    1    1  4.96982E+15 0.00058 
   54   54    1    1    1    1    1    1    1    1  6.15566E+15 0.00052 
   55   55    1    1    1    1    1    1    1    1  4.23588E+15 0.00071 
   56   56    1    1    1    1    1    1    1    1  5.74950E+14 0.00085 
   57   57    1    1    1    1    1    1    1    1  8.39881E+15 0.00064 
   58   58    1    1    1    1    1    1    1    1  3.79877E+15 0.00076 
   59   59    1    1    1    1    1    1    1    1  4.02769E+15 0.00081 
   60   60    1    1    1    1    1    1    1    1  3.17755E+15 0.00061 
   61   61    1    1    1    1    1    1    1    1  3.17862E+15 0.00077 
   62   62    1    1    1    1    1    1    1    1  3.30348E+15 0.00087 
   63   63    1    1    1    1    1    1    1    1  2.78494E+15 0.00073 
   64   64    1    1    1    1    1    1    1    1  2.21461E+15 0.00086 
   65   65    1    1    1    1    1    1    1    1  2.19700E+15 0.00078 
   66   66    1    1    1    1    1    1    1    1  1.59930E+15 0.00081 
   67   67    1    1    1    1    1    1    1    1  1.30051E+15 0.00104 
   68   68    1    1    1    1    1    1    1    1  1.16172E+15 0.00108 
   69   69    1    1    1    1    1    1    1    1  1.39386E+15 0.00088 
   70   70    1    1    1    1    1    1    1    1  1.18592E+15 0.00131 
   71   71    1    1    1    1    1    1    1    1  2.14057E+15 0.00097 
   72   72    1    1    1    1    1    1    1    1  1.51540E+15 0.00107 
   73   73    1    1    1    1    1    1    1    1  1.14440E+15 0.00105 
   74   74    1    1    1    1    1    1    1    1  9.26677E+14 0.00127 
   75   75    1    1    1    1    1    1    1    1  7.73987E+14 0.00084 
   76   76    1    1    1    1    1    1    1    1  9.05791E+14 0.00074 
   77   77    1    1    1    1    1    1    1    1  7.20716E+14 0.00126 
   78   78    1    1    1    1    1    1    1    1  5.76355E+14 0.00120 
   79   79    1    1    1    1    1    1    1    1  5.97091E+14 0.00157 
   80   80    1    1    1    1    1    1    1    1  4.44905E+14 0.00166 
   81   81    1    1    1    1    1    1    1    1  3.43397E+14 0.00146 
   82   82    1    1    1    1    1    1    1    1  2.63442E+14 0.00191 
   83   83    1    1    1    1    1    1    1    1  2.47025E+14 0.00145 
   84   84    1    1    1    1    1    1    1    1  1.77685E+14 0.00259 
   85   85    1    1    1    1    1    1    1    1  1.28338E+14 0.00291 
   86   86    1    1    1    1    1    1    1    1  1.20085E+14 0.00202 
   87   87    1    1    1    1    1    1    1    1  7.42335E+13 0.00400 
   88   88    1    1    1    1    1    1    1    1  5.01892E+13 0.00316 
   89   89    1    1    1    1    1    1    1    1  2.84347E+13 0.00691 
   90   90    1    1    1    1    1    1    1    1  1.86532E+13 0.00648 
   91   91    1    1    1    1    1    1    1    1  9.30265E+12 0.00882 
   92   92    1    1    1    1    1    1    1    1  4.52576E+12 0.01012 
   93   93    1    1    1    1    1    1    1    1  2.23120E+12 0.01614 
   94   94    1    1    1    1    1    1    1    1  9.82520E+11 0.03834 
   95   95    1    1    1    1    1    1    1    1  4.85800E+11 0.04694 
   96   96    1    1    1    1    1    1    1    1  2.31489E+11 0.06979 
   97   97    1    1    1    1    1    1    1    1  1.23752E+11 0.07717 
   98   98    1    1    1    1    1    1    1    1  6.56531E+10 0.14094 
   99   99    1    1    1    1    1    1    1    1  2.68540E+10 0.22763 
  100  100    1    1    1    1    1    1    1    1  2.56998E+10 0.17038 
];


