
DETdpaspec = [
    1    1    1    1    1    1    1    1    1    1  0.00000E+00 0.00000 
    2    2    1    1    1    1    1    1    1    1  0.00000E+00 0.00000 
    3    3    1    1    1    1    1    1    1    1  0.00000E+00 0.00000 
    4    4    1    1    1    1    1    1    1    1  0.00000E+00 0.00000 
    5    5    1    1    1    1    1    1    1    1  1.09640E+07 1.00000 
    6    6    1    1    1    1    1    1    1    1  0.00000E+00 0.00000 
    7    7    1    1    1    1    1    1    1    1  0.00000E+00 0.00000 
    8    8    1    1    1    1    1    1    1    1  0.00000E+00 0.00000 
    9    9    1    1    1    1    1    1    1    1  9.68129E+07 0.53126 
   10   10    1    1    1    1    1    1    1    1  0.00000E+00 0.00000 
   11   11    1    1    1    1    1    1    1    1  1.66410E+08 0.74476 
   12   12    1    1    1    1    1    1    1    1  3.11387E+07 0.77556 
   13   13    1    1    1    1    1    1    1    1  1.14998E+09 0.47997 
   14   14    1    1    1    1    1    1    1    1  1.35316E+09 0.46427 
   15   15    1    1    1    1    1    1    1    1  3.26717E+09 0.49625 
   16   16    1    1    1    1    1    1    1    1  9.56926E+08 0.44032 
   17   17    1    1    1    1    1    1    1    1  2.61397E+09 0.29132 
   18   18    1    1    1    1    1    1    1    1  1.00238E+10 0.23265 
   19   19    1    1    1    1    1    1    1    1  8.42311E+09 0.24764 
   20   20    1    1    1    1    1    1    1    1  2.57521E+10 0.13945 
   21   21    1    1    1    1    1    1    1    1  1.99316E+10 0.13355 
   22   22    1    1    1    1    1    1    1    1  5.53652E+10 0.08856 
   23   23    1    1    1    1    1    1    1    1  8.24082E+10 0.06843 
   24   24    1    1    1    1    1    1    1    1  1.26872E+11 0.06143 
   25   25    1    1    1    1    1    1    1    1  1.59418E+11 0.07095 
   26   26    1    1    1    1    1    1    1    1  2.33833E+11 0.06484 
   27   27    1    1    1    1    1    1    1    1  4.33401E+11 0.04543 
   28   28    1    1    1    1    1    1    1    1  7.97116E+11 0.02379 
   29   29    1    1    1    1    1    1    1    1  1.11556E+12 0.02452 
   30   30    1    1    1    1    1    1    1    1  3.60107E+12 0.01883 
   31   31    1    1    1    1    1    1    1    1  1.07674E+13 0.00941 
   32   32    1    1    1    1    1    1    1    1  1.94912E+13 0.00721 
   33   33    1    1    1    1    1    1    1    1  4.29030E+13 0.00668 
   34   34    1    1    1    1    1    1    1    1  5.60805E+13 0.00442 
   35   35    1    1    1    1    1    1    1    1  8.08274E+13 0.00309 
   36   36    1    1    1    1    1    1    1    1  5.74338E+13 0.00247 
   37   37    1    1    1    1    1    1    1    1  1.81732E+13 0.00212 
   38   38    1    1    1    1    1    1    1    1  9.70965E+13 0.00258 
   39   39    1    1    1    1    1    1    1    1  1.29132E+14 0.00273 
   40   40    1    1    1    1    1    1    1    1  2.15680E+14 0.00165 
   41   41    1    1    1    1    1    1    1    1  2.23125E+14 0.00196 
   42   42    1    1    1    1    1    1    1    1  4.52028E+14 0.00205 
   43   43    1    1    1    1    1    1    1    1  5.34503E+14 0.00207 
   44   44    1    1    1    1    1    1    1    1  7.51291E+14 0.00204 
   45   45    1    1    1    1    1    1    1    1  1.42764E+15 0.00194 
   46   46    1    1    1    1    1    1    1    1  6.78008E+14 0.00191 
   47   47    1    1    1    1    1    1    1    1  1.08819E+15 0.00197 
   48   48    1    1    1    1    1    1    1    1  1.50110E+15 0.00192 
   49   49    1    1    1    1    1    1    1    1  1.47378E+15 0.00200 
   50   50    1    1    1    1    1    1    1    1  2.23120E+15 0.00199 
   51   51    1    1    1    1    1    1    1    1  1.79875E+15 0.00198 
   52   52    1    1    1    1    1    1    1    1  2.06242E+15 0.00200 
   53   53    1    1    1    1    1    1    1    1  1.43796E+15 0.00210 
   54   54    1    1    1    1    1    1    1    1  1.70639E+15 0.00208 
   55   55    1    1    1    1    1    1    1    1  1.17998E+15 0.00212 
   56   56    1    1    1    1    1    1    1    1  1.61862E+14 0.00260 
   57   57    1    1    1    1    1    1    1    1  2.33605E+15 0.00233 
   58   58    1    1    1    1    1    1    1    1  9.98959E+14 0.00222 
   59   59    1    1    1    1    1    1    1    1  1.07077E+15 0.00197 
   60   60    1    1    1    1    1    1    1    1  8.10394E+14 0.00202 
   61   61    1    1    1    1    1    1    1    1  8.16449E+14 0.00217 
   62   62    1    1    1    1    1    1    1    1  8.40789E+14 0.00229 
   63   63    1    1    1    1    1    1    1    1  6.99143E+14 0.00242 
   64   64    1    1    1    1    1    1    1    1  5.53994E+14 0.00231 
   65   65    1    1    1    1    1    1    1    1  5.48460E+14 0.00206 
   66   66    1    1    1    1    1    1    1    1  3.97230E+14 0.00272 
   67   67    1    1    1    1    1    1    1    1  3.25661E+14 0.00336 
   68   68    1    1    1    1    1    1    1    1  2.93553E+14 0.00279 
   69   69    1    1    1    1    1    1    1    1  3.51491E+14 0.00260 
   70   70    1    1    1    1    1    1    1    1  3.00108E+14 0.00360 
   71   71    1    1    1    1    1    1    1    1  5.54824E+14 0.00244 
   72   72    1    1    1    1    1    1    1    1  3.94639E+14 0.00303 
   73   73    1    1    1    1    1    1    1    1  2.95652E+14 0.00308 
   74   74    1    1    1    1    1    1    1    1  2.33835E+14 0.00344 
   75   75    1    1    1    1    1    1    1    1  1.88378E+14 0.00355 
   76   76    1    1    1    1    1    1    1    1  2.14490E+14 0.00310 
   77   77    1    1    1    1    1    1    1    1  1.65374E+14 0.00296 
   78   78    1    1    1    1    1    1    1    1  1.30020E+14 0.00252 
   79   79    1    1    1    1    1    1    1    1  1.31704E+14 0.00272 
   80   80    1    1    1    1    1    1    1    1  9.71911E+13 0.00382 
   81   81    1    1    1    1    1    1    1    1  7.44497E+13 0.00346 
   82   82    1    1    1    1    1    1    1    1  5.68781E+13 0.00419 
   83   83    1    1    1    1    1    1    1    1  5.31962E+13 0.00486 
   84   84    1    1    1    1    1    1    1    1  3.80576E+13 0.00508 
   85   85    1    1    1    1    1    1    1    1  2.77362E+13 0.00727 
   86   86    1    1    1    1    1    1    1    1  2.56586E+13 0.00704 
   87   87    1    1    1    1    1    1    1    1  1.59655E+13 0.00803 
   88   88    1    1    1    1    1    1    1    1  1.07838E+13 0.00893 
   89   89    1    1    1    1    1    1    1    1  6.15318E+12 0.00917 
   90   90    1    1    1    1    1    1    1    1  4.15930E+12 0.01413 
   91   91    1    1    1    1    1    1    1    1  2.09685E+12 0.02349 
   92   92    1    1    1    1    1    1    1    1  1.04400E+12 0.03163 
   93   93    1    1    1    1    1    1    1    1  4.81183E+11 0.03489 
   94   94    1    1    1    1    1    1    1    1  2.38522E+11 0.06033 
   95   95    1    1    1    1    1    1    1    1  9.99335E+10 0.13347 
   96   96    1    1    1    1    1    1    1    1  6.64071E+10 0.12354 
   97   97    1    1    1    1    1    1    1    1  2.98863E+10 0.11443 
   98   98    1    1    1    1    1    1    1    1  1.32827E+10 0.25523 
   99   99    1    1    1    1    1    1    1    1  7.48724E+09 0.29083 
  100  100    1    1    1    1    1    1    1    1  8.28829E+09 0.39320 
];


