
DETdpaspec = [
    1    1    1    1    1    1    1    1    1    1  0.00000E+00 0.00000 
    2    2    1    1    1    1    1    1    1    1  0.00000E+00 0.00000 
    3    3    1    1    1    1    1    1    1    1  0.00000E+00 0.00000 
    4    4    1    1    1    1    1    1    1    1  0.00000E+00 0.00000 
    5    5    1    1    1    1    1    1    1    1  1.23008E+07 1.00000 
    6    6    1    1    1    1    1    1    1    1  0.00000E+00 0.00000 
    7    7    1    1    1    1    1    1    1    1  0.00000E+00 0.00000 
    8    8    1    1    1    1    1    1    1    1  0.00000E+00 0.00000 
    9    9    1    1    1    1    1    1    1    1  2.30767E+07 1.00000 
   10   10    1    1    1    1    1    1    1    1  1.64857E+08 1.00000 
   11   11    1    1    1    1    1    1    1    1  3.23160E+08 0.66620 
   12   12    1    1    1    1    1    1    1    1  9.73415E+07 0.63410 
   13   13    1    1    1    1    1    1    1    1  3.12410E+09 0.33864 
   14   14    1    1    1    1    1    1    1    1  4.93297E+09 0.31396 
   15   15    1    1    1    1    1    1    1    1  8.27592E+09 0.27036 
   16   16    1    1    1    1    1    1    1    1  2.45805E+09 0.37441 
   17   17    1    1    1    1    1    1    1    1  5.09937E+09 0.27982 
   18   18    1    1    1    1    1    1    1    1  7.42738E+09 0.16561 
   19   19    1    1    1    1    1    1    1    1  1.82447E+10 0.14979 
   20   20    1    1    1    1    1    1    1    1  3.98806E+10 0.15840 
   21   21    1    1    1    1    1    1    1    1  3.31071E+10 0.12712 
   22   22    1    1    1    1    1    1    1    1  7.66829E+10 0.09769 
   23   23    1    1    1    1    1    1    1    1  1.28649E+11 0.05100 
   24   24    1    1    1    1    1    1    1    1  1.75700E+11 0.05599 
   25   25    1    1    1    1    1    1    1    1  2.33411E+11 0.04951 
   26   26    1    1    1    1    1    1    1    1  4.03312E+11 0.04668 
   27   27    1    1    1    1    1    1    1    1  6.71837E+11 0.03912 
   28   28    1    1    1    1    1    1    1    1  1.31480E+12 0.02553 
   29   29    1    1    1    1    1    1    1    1  1.97538E+12 0.01968 
   30   30    1    1    1    1    1    1    1    1  5.88265E+12 0.01656 
   31   31    1    1    1    1    1    1    1    1  1.80664E+13 0.00772 
   32   32    1    1    1    1    1    1    1    1  3.35480E+13 0.00639 
   33   33    1    1    1    1    1    1    1    1  7.72594E+13 0.00329 
   34   34    1    1    1    1    1    1    1    1  1.04445E+14 0.00255 
   35   35    1    1    1    1    1    1    1    1  1.46002E+14 0.00270 
   36   36    1    1    1    1    1    1    1    1  1.03143E+14 0.00202 
   37   37    1    1    1    1    1    1    1    1  3.22072E+13 0.00319 
   38   38    1    1    1    1    1    1    1    1  1.75809E+14 0.00201 
   39   39    1    1    1    1    1    1    1    1  2.35362E+14 0.00181 
   40   40    1    1    1    1    1    1    1    1  4.00105E+14 0.00167 
   41   41    1    1    1    1    1    1    1    1  4.09541E+14 0.00154 
   42   42    1    1    1    1    1    1    1    1  8.47829E+14 0.00128 
   43   43    1    1    1    1    1    1    1    1  1.01634E+15 0.00130 
   44   44    1    1    1    1    1    1    1    1  1.44962E+15 0.00102 
   45   45    1    1    1    1    1    1    1    1  2.82571E+15 0.00103 
   46   46    1    1    1    1    1    1    1    1  1.34806E+15 0.00116 
   47   47    1    1    1    1    1    1    1    1  2.16250E+15 0.00112 
   48   48    1    1    1    1    1    1    1    1  3.01464E+15 0.00085 
   49   49    1    1    1    1    1    1    1    1  2.96651E+15 0.00116 
   50   50    1    1    1    1    1    1    1    1  4.57677E+15 0.00105 
   51   51    1    1    1    1    1    1    1    1  3.68197E+15 0.00105 
   52   52    1    1    1    1    1    1    1    1  4.30269E+15 0.00103 
   53   53    1    1    1    1    1    1    1    1  3.00592E+15 0.00096 
   54   54    1    1    1    1    1    1    1    1  3.62610E+15 0.00130 
   55   55    1    1    1    1    1    1    1    1  2.50939E+15 0.00111 
   56   56    1    1    1    1    1    1    1    1  3.43519E+14 0.00127 
   57   57    1    1    1    1    1    1    1    1  4.98192E+15 0.00112 
   58   58    1    1    1    1    1    1    1    1  2.17849E+15 0.00115 
   59   59    1    1    1    1    1    1    1    1  2.32943E+15 0.00110 
   60   60    1    1    1    1    1    1    1    1  1.79110E+15 0.00118 
   61   61    1    1    1    1    1    1    1    1  1.79959E+15 0.00107 
   62   62    1    1    1    1    1    1    1    1  1.86517E+15 0.00127 
   63   63    1    1    1    1    1    1    1    1  1.56252E+15 0.00134 
   64   64    1    1    1    1    1    1    1    1  1.24164E+15 0.00133 
   65   65    1    1    1    1    1    1    1    1  1.22926E+15 0.00128 
   66   66    1    1    1    1    1    1    1    1  8.93022E+14 0.00128 
   67   67    1    1    1    1    1    1    1    1  7.31121E+14 0.00152 
   68   68    1    1    1    1    1    1    1    1  6.56875E+14 0.00169 
   69   69    1    1    1    1    1    1    1    1  7.89014E+14 0.00160 
   70   70    1    1    1    1    1    1    1    1  6.73899E+14 0.00188 
   71   71    1    1    1    1    1    1    1    1  1.24204E+15 0.00162 
   72   72    1    1    1    1    1    1    1    1  8.82804E+14 0.00172 
   73   73    1    1    1    1    1    1    1    1  6.63878E+14 0.00189 
   74   74    1    1    1    1    1    1    1    1  5.29293E+14 0.00212 
   75   75    1    1    1    1    1    1    1    1  4.32816E+14 0.00197 
   76   76    1    1    1    1    1    1    1    1  4.96393E+14 0.00182 
   77   77    1    1    1    1    1    1    1    1  3.87952E+14 0.00173 
   78   78    1    1    1    1    1    1    1    1  3.05474E+14 0.00196 
   79   79    1    1    1    1    1    1    1    1  3.12220E+14 0.00231 
   80   80    1    1    1    1    1    1    1    1  2.31736E+14 0.00263 
   81   81    1    1    1    1    1    1    1    1  1.78240E+14 0.00251 
   82   82    1    1    1    1    1    1    1    1  1.36427E+14 0.00264 
   83   83    1    1    1    1    1    1    1    1  1.26881E+14 0.00277 
   84   84    1    1    1    1    1    1    1    1  9.13696E+13 0.00337 
   85   85    1    1    1    1    1    1    1    1  6.59793E+13 0.00408 
   86   86    1    1    1    1    1    1    1    1  6.18639E+13 0.00414 
   87   87    1    1    1    1    1    1    1    1  3.82709E+13 0.00551 
   88   88    1    1    1    1    1    1    1    1  2.55940E+13 0.00725 
   89   89    1    1    1    1    1    1    1    1  1.49563E+13 0.00485 
   90   90    1    1    1    1    1    1    1    1  1.00218E+13 0.00930 
   91   91    1    1    1    1    1    1    1    1  4.99548E+12 0.01426 
   92   92    1    1    1    1    1    1    1    1  2.36462E+12 0.01866 
   93   93    1    1    1    1    1    1    1    1  1.17600E+12 0.03303 
   94   94    1    1    1    1    1    1    1    1  5.84010E+11 0.03905 
   95   95    1    1    1    1    1    1    1    1  2.61681E+11 0.05430 
   96   96    1    1    1    1    1    1    1    1  1.44685E+11 0.07676 
   97   97    1    1    1    1    1    1    1    1  6.95292E+10 0.11215 
   98   98    1    1    1    1    1    1    1    1  2.87897E+10 0.18467 
   99   99    1    1    1    1    1    1    1    1  9.00658E+09 0.24648 
  100  100    1    1    1    1    1    1    1    1  1.32708E+10 0.28001 
];


