
DETdpaspec = [
    1    1    1    1    1    1    1    1    1    1  0.00000E+00 0.00000 
    2    2    1    1    1    1    1    1    1    1  0.00000E+00 0.00000 
    3    3    1    1    1    1    1    1    1    1  0.00000E+00 0.00000 
    4    4    1    1    1    1    1    1    1    1  1.20845E+07 1.00000 
    5    5    1    1    1    1    1    1    1    1  0.00000E+00 0.00000 
    6    6    1    1    1    1    1    1    1    1  9.88447E+06 1.00000 
    7    7    1    1    1    1    1    1    1    1  0.00000E+00 0.00000 
    8    8    1    1    1    1    1    1    1    1  0.00000E+00 0.00000 
    9    9    1    1    1    1    1    1    1    1  0.00000E+00 0.00000 
   10   10    1    1    1    1    1    1    1    1  2.69537E+08 0.67664 
   11   11    1    1    1    1    1    1    1    1  1.79620E+08 0.54882 
   12   12    1    1    1    1    1    1    1    1  6.20408E+07 0.69568 
   13   13    1    1    1    1    1    1    1    1  1.47664E+09 0.52642 
   14   14    1    1    1    1    1    1    1    1  2.59968E+09 0.44681 
   15   15    1    1    1    1    1    1    1    1  2.38315E+09 0.32893 
   16   16    1    1    1    1    1    1    1    1  1.10143E+09 0.32736 
   17   17    1    1    1    1    1    1    1    1  3.77355E+09 0.21437 
   18   18    1    1    1    1    1    1    1    1  7.15735E+09 0.22416 
   19   19    1    1    1    1    1    1    1    1  1.31156E+10 0.15553 
   20   20    1    1    1    1    1    1    1    1  4.14962E+10 0.13543 
   21   21    1    1    1    1    1    1    1    1  2.49697E+10 0.10174 
   22   22    1    1    1    1    1    1    1    1  7.12006E+10 0.08631 
   23   23    1    1    1    1    1    1    1    1  9.89830E+10 0.06644 
   24   24    1    1    1    1    1    1    1    1  1.47713E+11 0.07236 
   25   25    1    1    1    1    1    1    1    1  1.80403E+11 0.05258 
   26   26    1    1    1    1    1    1    1    1  3.03829E+11 0.04878 
   27   27    1    1    1    1    1    1    1    1  5.56799E+11 0.04110 
   28   28    1    1    1    1    1    1    1    1  1.09432E+12 0.02230 
   29   29    1    1    1    1    1    1    1    1  1.54807E+12 0.01884 
   30   30    1    1    1    1    1    1    1    1  4.89319E+12 0.01252 
   31   31    1    1    1    1    1    1    1    1  1.47140E+13 0.00802 
   32   32    1    1    1    1    1    1    1    1  2.71194E+13 0.00613 
   33   33    1    1    1    1    1    1    1    1  6.00353E+13 0.00325 
   34   34    1    1    1    1    1    1    1    1  7.96776E+13 0.00313 
   35   35    1    1    1    1    1    1    1    1  1.14223E+14 0.00267 
   36   36    1    1    1    1    1    1    1    1  8.06021E+13 0.00234 
   37   37    1    1    1    1    1    1    1    1  2.54307E+13 0.00288 
   38   38    1    1    1    1    1    1    1    1  1.36816E+14 0.00241 
   39   39    1    1    1    1    1    1    1    1  1.81652E+14 0.00215 
   40   40    1    1    1    1    1    1    1    1  3.06232E+14 0.00190 
   41   41    1    1    1    1    1    1    1    1  3.15506E+14 0.00159 
   42   42    1    1    1    1    1    1    1    1  6.47301E+14 0.00154 
   43   43    1    1    1    1    1    1    1    1  7.69693E+14 0.00139 
   44   44    1    1    1    1    1    1    1    1  1.09115E+15 0.00161 
   45   45    1    1    1    1    1    1    1    1  2.09557E+15 0.00157 
   46   46    1    1    1    1    1    1    1    1  9.98157E+14 0.00164 
   47   47    1    1    1    1    1    1    1    1  1.60244E+15 0.00155 
   48   48    1    1    1    1    1    1    1    1  2.22561E+15 0.00162 
   49   49    1    1    1    1    1    1    1    1  2.18723E+15 0.00137 
   50   50    1    1    1    1    1    1    1    1  3.34265E+15 0.00126 
   51   51    1    1    1    1    1    1    1    1  2.69683E+15 0.00124 
   52   52    1    1    1    1    1    1    1    1  3.11545E+15 0.00141 
   53   53    1    1    1    1    1    1    1    1  2.17637E+15 0.00111 
   54   54    1    1    1    1    1    1    1    1  2.60201E+15 0.00133 
   55   55    1    1    1    1    1    1    1    1  1.80080E+15 0.00135 
   56   56    1    1    1    1    1    1    1    1  2.46726E+14 0.00171 
   57   57    1    1    1    1    1    1    1    1  3.56655E+15 0.00121 
   58   58    1    1    1    1    1    1    1    1  1.54144E+15 0.00142 
   59   59    1    1    1    1    1    1    1    1  1.65231E+15 0.00120 
   60   60    1    1    1    1    1    1    1    1  1.25969E+15 0.00138 
   61   61    1    1    1    1    1    1    1    1  1.26582E+15 0.00149 
   62   62    1    1    1    1    1    1    1    1  1.30939E+15 0.00163 
   63   63    1    1    1    1    1    1    1    1  1.09417E+15 0.00148 
   64   64    1    1    1    1    1    1    1    1  8.68590E+14 0.00135 
   65   65    1    1    1    1    1    1    1    1  8.58729E+14 0.00154 
   66   66    1    1    1    1    1    1    1    1  6.22744E+14 0.00157 
   67   67    1    1    1    1    1    1    1    1  5.09565E+14 0.00143 
   68   68    1    1    1    1    1    1    1    1  4.57778E+14 0.00169 
   69   69    1    1    1    1    1    1    1    1  5.50756E+14 0.00187 
   70   70    1    1    1    1    1    1    1    1  4.69997E+14 0.00131 
   71   71    1    1    1    1    1    1    1    1  8.69527E+14 0.00191 
   72   72    1    1    1    1    1    1    1    1  6.18548E+14 0.00180 
   73   73    1    1    1    1    1    1    1    1  4.64374E+14 0.00203 
   74   74    1    1    1    1    1    1    1    1  3.66657E+14 0.00226 
   75   75    1    1    1    1    1    1    1    1  2.98941E+14 0.00192 
   76   76    1    1    1    1    1    1    1    1  3.41865E+14 0.00226 
   77   77    1    1    1    1    1    1    1    1  2.64643E+14 0.00289 
   78   78    1    1    1    1    1    1    1    1  2.08168E+14 0.00252 
   79   79    1    1    1    1    1    1    1    1  2.12572E+14 0.00284 
   80   80    1    1    1    1    1    1    1    1  1.56178E+14 0.00277 
   81   81    1    1    1    1    1    1    1    1  1.19678E+14 0.00302 
   82   82    1    1    1    1    1    1    1    1  9.17506E+13 0.00296 
   83   83    1    1    1    1    1    1    1    1  8.60006E+13 0.00373 
   84   84    1    1    1    1    1    1    1    1  6.18618E+13 0.00365 
   85   85    1    1    1    1    1    1    1    1  4.43237E+13 0.00461 
   86   86    1    1    1    1    1    1    1    1  4.17074E+13 0.00420 
   87   87    1    1    1    1    1    1    1    1  2.56002E+13 0.00694 
   88   88    1    1    1    1    1    1    1    1  1.75266E+13 0.00640 
   89   89    1    1    1    1    1    1    1    1  1.01105E+13 0.01021 
   90   90    1    1    1    1    1    1    1    1  6.62470E+12 0.01059 
   91   91    1    1    1    1    1    1    1    1  3.36802E+12 0.01660 
   92   92    1    1    1    1    1    1    1    1  1.66257E+12 0.02247 
   93   93    1    1    1    1    1    1    1    1  8.24288E+11 0.03176 
   94   94    1    1    1    1    1    1    1    1  3.94102E+11 0.04890 
   95   95    1    1    1    1    1    1    1    1  1.79159E+11 0.07370 
   96   96    1    1    1    1    1    1    1    1  9.67225E+10 0.12925 
   97   97    1    1    1    1    1    1    1    1  4.02018E+10 0.10594 
   98   98    1    1    1    1    1    1    1    1  1.92198E+10 0.20515 
   99   99    1    1    1    1    1    1    1    1  8.56456E+09 0.28424 
  100  100    1    1    1    1    1    1    1    1  1.41438E+10 0.21215 
];


