
DETdpaspec = [
    1    1    1    1    1    1    1    1    1    1  0.00000E+00 0.00000 
    2    2    1    1    1    1    1    1    1    1  0.00000E+00 0.00000 
    3    3    1    1    1    1    1    1    1    1  0.00000E+00 0.00000 
    4    4    1    1    1    1    1    1    1    1  0.00000E+00 0.00000 
    5    5    1    1    1    1    1    1    1    1  0.00000E+00 0.00000 
    6    6    1    1    1    1    1    1    1    1  0.00000E+00 0.00000 
    7    7    1    1    1    1    1    1    1    1  0.00000E+00 0.00000 
    8    8    1    1    1    1    1    1    1    1  0.00000E+00 0.00000 
    9    9    1    1    1    1    1    1    1    1  0.00000E+00 0.00000 
   10   10    1    1    1    1    1    1    1    1  1.30864E+08 0.70920 
   11   11    1    1    1    1    1    1    1    1  2.60314E+08 0.40505 
   12   12    1    1    1    1    1    1    1    1  6.45726E+07 0.73169 
   13   13    1    1    1    1    1    1    1    1  4.59726E+08 0.58635 
   14   14    1    1    1    1    1    1    1    1  3.54706E+09 0.29327 
   15   15    1    1    1    1    1    1    1    1  7.65022E+09 0.36221 
   16   16    1    1    1    1    1    1    1    1  2.53456E+09 0.21595 
   17   17    1    1    1    1    1    1    1    1  5.84324E+09 0.23659 
   18   18    1    1    1    1    1    1    1    1  8.75379E+09 0.23523 
   19   19    1    1    1    1    1    1    1    1  1.13225E+10 0.16583 
   20   20    1    1    1    1    1    1    1    1  4.25726E+10 0.08880 
   21   21    1    1    1    1    1    1    1    1  3.12623E+10 0.10752 
   22   22    1    1    1    1    1    1    1    1  8.23826E+10 0.06438 
   23   23    1    1    1    1    1    1    1    1  1.13609E+11 0.08262 
   24   24    1    1    1    1    1    1    1    1  1.78506E+11 0.06421 
   25   25    1    1    1    1    1    1    1    1  2.32247E+11 0.05518 
   26   26    1    1    1    1    1    1    1    1  3.48999E+11 0.05499 
   27   27    1    1    1    1    1    1    1    1  6.32504E+11 0.02860 
   28   28    1    1    1    1    1    1    1    1  1.26645E+12 0.02135 
   29   29    1    1    1    1    1    1    1    1  1.88427E+12 0.01639 
   30   30    1    1    1    1    1    1    1    1  5.64199E+12 0.01311 
   31   31    1    1    1    1    1    1    1    1  1.70361E+13 0.00735 
   32   32    1    1    1    1    1    1    1    1  3.13606E+13 0.00500 
   33   33    1    1    1    1    1    1    1    1  7.08647E+13 0.00272 
   34   34    1    1    1    1    1    1    1    1  9.53784E+13 0.00299 
   35   35    1    1    1    1    1    1    1    1  1.34842E+14 0.00345 
   36   36    1    1    1    1    1    1    1    1  9.53004E+13 0.00305 
   37   37    1    1    1    1    1    1    1    1  2.98902E+13 0.00277 
   38   38    1    1    1    1    1    1    1    1  1.62148E+14 0.00301 
   39   39    1    1    1    1    1    1    1    1  2.16100E+14 0.00261 
   40   40    1    1    1    1    1    1    1    1  3.66225E+14 0.00234 
   41   41    1    1    1    1    1    1    1    1  3.75967E+14 0.00195 
   42   42    1    1    1    1    1    1    1    1  7.74614E+14 0.00200 
   43   43    1    1    1    1    1    1    1    1  9.24577E+14 0.00164 
   44   44    1    1    1    1    1    1    1    1  1.31612E+15 0.00117 
   45   45    1    1    1    1    1    1    1    1  2.55180E+15 0.00120 
   46   46    1    1    1    1    1    1    1    1  1.21496E+15 0.00131 
   47   47    1    1    1    1    1    1    1    1  1.95052E+15 0.00137 
   48   48    1    1    1    1    1    1    1    1  2.71577E+15 0.00128 
   49   49    1    1    1    1    1    1    1    1  2.67327E+15 0.00119 
   50   50    1    1    1    1    1    1    1    1  4.10709E+15 0.00133 
   51   51    1    1    1    1    1    1    1    1  3.31006E+15 0.00135 
   52   52    1    1    1    1    1    1    1    1  3.84653E+15 0.00156 
   53   53    1    1    1    1    1    1    1    1  2.68495E+15 0.00133 
   54   54    1    1    1    1    1    1    1    1  3.22887E+15 0.00135 
   55   55    1    1    1    1    1    1    1    1  2.23382E+15 0.00117 
   56   56    1    1    1    1    1    1    1    1  3.05581E+14 0.00140 
   57   57    1    1    1    1    1    1    1    1  4.43758E+15 0.00137 
   58   58    1    1    1    1    1    1    1    1  1.92911E+15 0.00157 
   59   59    1    1    1    1    1    1    1    1  2.06630E+15 0.00157 
   60   60    1    1    1    1    1    1    1    1  1.58313E+15 0.00153 
   61   61    1    1    1    1    1    1    1    1  1.59255E+15 0.00146 
   62   62    1    1    1    1    1    1    1    1  1.64475E+15 0.00133 
   63   63    1    1    1    1    1    1    1    1  1.37693E+15 0.00158 
   64   64    1    1    1    1    1    1    1    1  1.09421E+15 0.00138 
   65   65    1    1    1    1    1    1    1    1  1.08388E+15 0.00159 
   66   66    1    1    1    1    1    1    1    1  7.86138E+14 0.00153 
   67   67    1    1    1    1    1    1    1    1  6.45285E+14 0.00170 
   68   68    1    1    1    1    1    1    1    1  5.78958E+14 0.00183 
   69   69    1    1    1    1    1    1    1    1  6.96872E+14 0.00146 
   70   70    1    1    1    1    1    1    1    1  5.94464E+14 0.00214 
   71   71    1    1    1    1    1    1    1    1  1.09293E+15 0.00160 
   72   72    1    1    1    1    1    1    1    1  7.78161E+14 0.00173 
   73   73    1    1    1    1    1    1    1    1  5.85417E+14 0.00223 
   74   74    1    1    1    1    1    1    1    1  4.64782E+14 0.00209 
   75   75    1    1    1    1    1    1    1    1  3.80291E+14 0.00194 
   76   76    1    1    1    1    1    1    1    1  4.34536E+14 0.00173 
   77   77    1    1    1    1    1    1    1    1  3.39066E+14 0.00166 
   78   78    1    1    1    1    1    1    1    1  2.66349E+14 0.00202 
   79   79    1    1    1    1    1    1    1    1  2.73372E+14 0.00226 
   80   80    1    1    1    1    1    1    1    1  2.00587E+14 0.00276 
   81   81    1    1    1    1    1    1    1    1  1.54422E+14 0.00337 
   82   82    1    1    1    1    1    1    1    1  1.19024E+14 0.00223 
   83   83    1    1    1    1    1    1    1    1  1.10576E+14 0.00324 
   84   84    1    1    1    1    1    1    1    1  7.98842E+13 0.00499 
   85   85    1    1    1    1    1    1    1    1  5.71094E+13 0.00331 
   86   86    1    1    1    1    1    1    1    1  5.36495E+13 0.00385 
   87   87    1    1    1    1    1    1    1    1  3.32002E+13 0.00563 
   88   88    1    1    1    1    1    1    1    1  2.25009E+13 0.00631 
   89   89    1    1    1    1    1    1    1    1  1.29289E+13 0.00772 
   90   90    1    1    1    1    1    1    1    1  8.42067E+12 0.01131 
   91   91    1    1    1    1    1    1    1    1  4.31307E+12 0.01648 
   92   92    1    1    1    1    1    1    1    1  2.16043E+12 0.01717 
   93   93    1    1    1    1    1    1    1    1  1.02042E+12 0.03171 
   94   94    1    1    1    1    1    1    1    1  4.93870E+11 0.02614 
   95   95    1    1    1    1    1    1    1    1  2.32689E+11 0.04164 
   96   96    1    1    1    1    1    1    1    1  1.10527E+11 0.07969 
   97   97    1    1    1    1    1    1    1    1  5.17544E+10 0.15603 
   98   98    1    1    1    1    1    1    1    1  3.02954E+10 0.18339 
   99   99    1    1    1    1    1    1    1    1  1.93165E+10 0.18035 
  100  100    1    1    1    1    1    1    1    1  1.00611E+10 0.27596 
];


