
DETdpaspec = [
    1    1    1    1    1    1    1    1    1    1  0.00000E+00 0.00000 
    2    2    1    1    1    1    1    1    1    1  0.00000E+00 0.00000 
    3    3    1    1    1    1    1    1    1    1  0.00000E+00 0.00000 
    4    4    1    1    1    1    1    1    1    1  0.00000E+00 0.00000 
    5    5    1    1    1    1    1    1    1    1  0.00000E+00 0.00000 
    6    6    1    1    1    1    1    1    1    1  0.00000E+00 0.00000 
    7    7    1    1    1    1    1    1    1    1  0.00000E+00 0.00000 
    8    8    1    1    1    1    1    1    1    1  0.00000E+00 0.00000 
    9    9    1    1    1    1    1    1    1    1  0.00000E+00 0.00000 
   10   10    1    1    1    1    1    1    1    1  0.00000E+00 0.00000 
   11   11    1    1    1    1    1    1    1    1  1.64166E+08 1.00000 
   12   12    1    1    1    1    1    1    1    1  9.97461E+07 0.55665 
   13   13    1    1    1    1    1    1    1    1  1.71184E+09 0.36418 
   14   14    1    1    1    1    1    1    1    1  1.83074E+09 0.43179 
   15   15    1    1    1    1    1    1    1    1  1.13987E+09 0.43754 
   16   16    1    1    1    1    1    1    1    1  8.75985E+08 0.39621 
   17   17    1    1    1    1    1    1    1    1  2.81903E+09 0.27853 
   18   18    1    1    1    1    1    1    1    1  1.41129E+10 0.23946 
   19   19    1    1    1    1    1    1    1    1  7.58662E+09 0.18483 
   20   20    1    1    1    1    1    1    1    1  3.12406E+10 0.15199 
   21   21    1    1    1    1    1    1    1    1  2.19730E+10 0.12694 
   22   22    1    1    1    1    1    1    1    1  6.93500E+10 0.08487 
   23   23    1    1    1    1    1    1    1    1  9.70560E+10 0.06799 
   24   24    1    1    1    1    1    1    1    1  1.31182E+11 0.07585 
   25   25    1    1    1    1    1    1    1    1  1.67909E+11 0.06770 
   26   26    1    1    1    1    1    1    1    1  2.60616E+11 0.03947 
   27   27    1    1    1    1    1    1    1    1  5.17953E+11 0.03539 
   28   28    1    1    1    1    1    1    1    1  9.42049E+11 0.02290 
   29   29    1    1    1    1    1    1    1    1  1.36059E+12 0.01566 
   30   30    1    1    1    1    1    1    1    1  4.23761E+12 0.01007 
   31   31    1    1    1    1    1    1    1    1  1.27656E+13 0.00977 
   32   32    1    1    1    1    1    1    1    1  2.35510E+13 0.00520 
   33   33    1    1    1    1    1    1    1    1  5.17223E+13 0.00510 
   34   34    1    1    1    1    1    1    1    1  6.80505E+13 0.00363 
   35   35    1    1    1    1    1    1    1    1  9.73086E+13 0.00214 
   36   36    1    1    1    1    1    1    1    1  6.88939E+13 0.00228 
   37   37    1    1    1    1    1    1    1    1  2.18754E+13 0.00295 
   38   38    1    1    1    1    1    1    1    1  1.17397E+14 0.00197 
   39   39    1    1    1    1    1    1    1    1  1.56227E+14 0.00242 
   40   40    1    1    1    1    1    1    1    1  2.61700E+14 0.00199 
   41   41    1    1    1    1    1    1    1    1  2.69504E+14 0.00216 
   42   42    1    1    1    1    1    1    1    1  5.50951E+14 0.00179 
   43   43    1    1    1    1    1    1    1    1  6.52846E+14 0.00147 
   44   44    1    1    1    1    1    1    1    1  9.21830E+14 0.00167 
   45   45    1    1    1    1    1    1    1    1  1.76321E+15 0.00150 
   46   46    1    1    1    1    1    1    1    1  8.38012E+14 0.00148 
   47   47    1    1    1    1    1    1    1    1  1.34559E+15 0.00141 
   48   48    1    1    1    1    1    1    1    1  1.86331E+15 0.00141 
   49   49    1    1    1    1    1    1    1    1  1.83153E+15 0.00154 
   50   50    1    1    1    1    1    1    1    1  2.78723E+15 0.00159 
   51   51    1    1    1    1    1    1    1    1  2.24589E+15 0.00165 
   52   52    1    1    1    1    1    1    1    1  2.58586E+15 0.00166 
   53   53    1    1    1    1    1    1    1    1  1.80495E+15 0.00192 
   54   54    1    1    1    1    1    1    1    1  2.14855E+15 0.00196 
   55   55    1    1    1    1    1    1    1    1  1.48720E+15 0.00197 
   56   56    1    1    1    1    1    1    1    1  2.03748E+14 0.00197 
   57   57    1    1    1    1    1    1    1    1  2.94625E+15 0.00215 
   58   58    1    1    1    1    1    1    1    1  1.26476E+15 0.00199 
   59   59    1    1    1    1    1    1    1    1  1.35671E+15 0.00196 
   60   60    1    1    1    1    1    1    1    1  1.03192E+15 0.00225 
   61   61    1    1    1    1    1    1    1    1  1.03846E+15 0.00234 
   62   62    1    1    1    1    1    1    1    1  1.07051E+15 0.00238 
   63   63    1    1    1    1    1    1    1    1  8.92751E+14 0.00218 
   64   64    1    1    1    1    1    1    1    1  7.07263E+14 0.00221 
   65   65    1    1    1    1    1    1    1    1  7.00041E+14 0.00262 
   66   66    1    1    1    1    1    1    1    1  5.06805E+14 0.00208 
   67   67    1    1    1    1    1    1    1    1  4.16368E+14 0.00171 
   68   68    1    1    1    1    1    1    1    1  3.74962E+14 0.00201 
   69   69    1    1    1    1    1    1    1    1  4.48632E+14 0.00222 
   70   70    1    1    1    1    1    1    1    1  3.82063E+14 0.00228 
   71   71    1    1    1    1    1    1    1    1  7.10275E+14 0.00241 
   72   72    1    1    1    1    1    1    1    1  5.05268E+14 0.00252 
   73   73    1    1    1    1    1    1    1    1  3.77826E+14 0.00238 
   74   74    1    1    1    1    1    1    1    1  2.97759E+14 0.00227 
   75   75    1    1    1    1    1    1    1    1  2.42434E+14 0.00303 
   76   76    1    1    1    1    1    1    1    1  2.75430E+14 0.00347 
   77   77    1    1    1    1    1    1    1    1  2.13457E+14 0.00287 
   78   78    1    1    1    1    1    1    1    1  1.66758E+14 0.00307 
   79   79    1    1    1    1    1    1    1    1  1.70967E+14 0.00330 
   80   80    1    1    1    1    1    1    1    1  1.25701E+14 0.00368 
   81   81    1    1    1    1    1    1    1    1  9.67024E+13 0.00284 
   82   82    1    1    1    1    1    1    1    1  7.38382E+13 0.00391 
   83   83    1    1    1    1    1    1    1    1  6.88114E+13 0.00439 
   84   84    1    1    1    1    1    1    1    1  4.95802E+13 0.00463 
   85   85    1    1    1    1    1    1    1    1  3.60761E+13 0.00552 
   86   86    1    1    1    1    1    1    1    1  3.34668E+13 0.00597 
   87   87    1    1    1    1    1    1    1    1  2.05479E+13 0.00578 
   88   88    1    1    1    1    1    1    1    1  1.40177E+13 0.00682 
   89   89    1    1    1    1    1    1    1    1  8.05231E+12 0.01167 
   90   90    1    1    1    1    1    1    1    1  5.36330E+12 0.01060 
   91   91    1    1    1    1    1    1    1    1  2.75205E+12 0.01542 
   92   92    1    1    1    1    1    1    1    1  1.37926E+12 0.02308 
   93   93    1    1    1    1    1    1    1    1  6.34759E+11 0.03444 
   94   94    1    1    1    1    1    1    1    1  2.98817E+11 0.07005 
   95   95    1    1    1    1    1    1    1    1  1.48952E+11 0.06837 
   96   96    1    1    1    1    1    1    1    1  6.74584E+10 0.12411 
   97   97    1    1    1    1    1    1    1    1  3.21442E+10 0.14934 
   98   98    1    1    1    1    1    1    1    1  1.03895E+10 0.27034 
   99   99    1    1    1    1    1    1    1    1  6.27847E+09 0.30805 
  100  100    1    1    1    1    1    1    1    1  7.01463E+09 0.30778 
];


