
DETdpaspec = [
    1    1    1    1    1    1    1    1    1    1  0.00000E+00 0.00000 
    2    2    1    1    1    1    1    1    1    1  0.00000E+00 0.00000 
    3    3    1    1    1    1    1    1    1    1  0.00000E+00 0.00000 
    4    4    1    1    1    1    1    1    1    1  0.00000E+00 0.00000 
    5    5    1    1    1    1    1    1    1    1  0.00000E+00 0.00000 
    6    6    1    1    1    1    1    1    1    1  0.00000E+00 0.00000 
    7    7    1    1    1    1    1    1    1    1  3.00433E+07 1.00000 
    8    8    1    1    1    1    1    1    1    1  5.39421E+07 0.55495 
    9    9    1    1    1    1    1    1    1    1  0.00000E+00 0.00000 
   10   10    1    1    1    1    1    1    1    1  0.00000E+00 0.00000 
   11   11    1    1    1    1    1    1    1    1  3.76980E+08 0.74239 
   12   12    1    1    1    1    1    1    1    1  7.26535E+07 0.68879 
   13   13    1    1    1    1    1    1    1    1  1.56701E+09 0.71455 
   14   14    1    1    1    1    1    1    1    1  2.56990E+09 0.27497 
   15   15    1    1    1    1    1    1    1    1  4.59060E+09 0.43227 
   16   16    1    1    1    1    1    1    1    1  2.13612E+09 0.32333 
   17   17    1    1    1    1    1    1    1    1  4.03005E+09 0.27597 
   18   18    1    1    1    1    1    1    1    1  1.14747E+10 0.19215 
   19   19    1    1    1    1    1    1    1    1  9.46195E+09 0.16571 
   20   20    1    1    1    1    1    1    1    1  3.95759E+10 0.12591 
   21   21    1    1    1    1    1    1    1    1  3.21088E+10 0.08260 
   22   22    1    1    1    1    1    1    1    1  6.86219E+10 0.09145 
   23   23    1    1    1    1    1    1    1    1  1.18804E+11 0.07424 
   24   24    1    1    1    1    1    1    1    1  1.89519E+11 0.06230 
   25   25    1    1    1    1    1    1    1    1  2.27228E+11 0.05248 
   26   26    1    1    1    1    1    1    1    1  3.66371E+11 0.05264 
   27   27    1    1    1    1    1    1    1    1  6.17196E+11 0.03547 
   28   28    1    1    1    1    1    1    1    1  1.17525E+12 0.02869 
   29   29    1    1    1    1    1    1    1    1  1.83512E+12 0.01829 
   30   30    1    1    1    1    1    1    1    1  5.44307E+12 0.01078 
   31   31    1    1    1    1    1    1    1    1  1.65552E+13 0.00869 
   32   32    1    1    1    1    1    1    1    1  3.05408E+13 0.00783 
   33   33    1    1    1    1    1    1    1    1  6.92592E+13 0.00479 
   34   34    1    1    1    1    1    1    1    1  9.27581E+13 0.00363 
   35   35    1    1    1    1    1    1    1    1  1.31642E+14 0.00236 
   36   36    1    1    1    1    1    1    1    1  9.30791E+13 0.00237 
   37   37    1    1    1    1    1    1    1    1  2.92245E+13 0.00268 
   38   38    1    1    1    1    1    1    1    1  1.58283E+14 0.00223 
   39   39    1    1    1    1    1    1    1    1  2.11688E+14 0.00227 
   40   40    1    1    1    1    1    1    1    1  3.57954E+14 0.00170 
   41   41    1    1    1    1    1    1    1    1  3.67278E+14 0.00145 
   42   42    1    1    1    1    1    1    1    1  7.57145E+14 0.00158 
   43   43    1    1    1    1    1    1    1    1  9.05161E+14 0.00142 
   44   44    1    1    1    1    1    1    1    1  1.28738E+15 0.00117 
   45   45    1    1    1    1    1    1    1    1  2.49264E+15 0.00118 
   46   46    1    1    1    1    1    1    1    1  1.18734E+15 0.00121 
   47   47    1    1    1    1    1    1    1    1  1.90671E+15 0.00121 
   48   48    1    1    1    1    1    1    1    1  2.65745E+15 0.00104 
   49   49    1    1    1    1    1    1    1    1  2.61419E+15 0.00132 
   50   50    1    1    1    1    1    1    1    1  4.01502E+15 0.00117 
   51   51    1    1    1    1    1    1    1    1  3.23271E+15 0.00142 
   52   52    1    1    1    1    1    1    1    1  3.75272E+15 0.00112 
   53   53    1    1    1    1    1    1    1    1  2.62440E+15 0.00103 
   54   54    1    1    1    1    1    1    1    1  3.15111E+15 0.00124 
   55   55    1    1    1    1    1    1    1    1  2.18000E+15 0.00137 
   56   56    1    1    1    1    1    1    1    1  2.98828E+14 0.00163 
   57   57    1    1    1    1    1    1    1    1  4.32149E+15 0.00130 
   58   58    1    1    1    1    1    1    1    1  1.87839E+15 0.00142 
   59   59    1    1    1    1    1    1    1    1  2.01542E+15 0.00148 
   60   60    1    1    1    1    1    1    1    1  1.54335E+15 0.00134 
   61   61    1    1    1    1    1    1    1    1  1.55141E+15 0.00139 
   62   62    1    1    1    1    1    1    1    1  1.60529E+15 0.00149 
   63   63    1    1    1    1    1    1    1    1  1.34048E+15 0.00131 
   64   64    1    1    1    1    1    1    1    1  1.06488E+15 0.00175 
   65   65    1    1    1    1    1    1    1    1  1.05600E+15 0.00184 
   66   66    1    1    1    1    1    1    1    1  7.66432E+14 0.00186 
   67   67    1    1    1    1    1    1    1    1  6.27802E+14 0.00208 
   68   68    1    1    1    1    1    1    1    1  5.65316E+14 0.00170 
   69   69    1    1    1    1    1    1    1    1  6.78461E+14 0.00182 
   70   70    1    1    1    1    1    1    1    1  5.79587E+14 0.00201 
   71   71    1    1    1    1    1    1    1    1  1.07007E+15 0.00178 
   72   72    1    1    1    1    1    1    1    1  7.59516E+14 0.00168 
   73   73    1    1    1    1    1    1    1    1  5.71685E+14 0.00194 
   74   74    1    1    1    1    1    1    1    1  4.53251E+14 0.00226 
   75   75    1    1    1    1    1    1    1    1  3.69473E+14 0.00197 
   76   76    1    1    1    1    1    1    1    1  4.22803E+14 0.00207 
   77   77    1    1    1    1    1    1    1    1  3.29639E+14 0.00223 
   78   78    1    1    1    1    1    1    1    1  2.59661E+14 0.00217 
   79   79    1    1    1    1    1    1    1    1  2.65849E+14 0.00229 
   80   80    1    1    1    1    1    1    1    1  1.95670E+14 0.00185 
   81   81    1    1    1    1    1    1    1    1  1.50098E+14 0.00252 
   82   82    1    1    1    1    1    1    1    1  1.15213E+14 0.00349 
   83   83    1    1    1    1    1    1    1    1  1.07804E+14 0.00328 
   84   84    1    1    1    1    1    1    1    1  7.70868E+13 0.00303 
   85   85    1    1    1    1    1    1    1    1  5.59324E+13 0.00434 
   86   86    1    1    1    1    1    1    1    1  5.20303E+13 0.00281 
   87   87    1    1    1    1    1    1    1    1  3.24925E+13 0.00474 
   88   88    1    1    1    1    1    1    1    1  2.18109E+13 0.00751 
   89   89    1    1    1    1    1    1    1    1  1.25576E+13 0.01022 
   90   90    1    1    1    1    1    1    1    1  8.39594E+12 0.00910 
   91   91    1    1    1    1    1    1    1    1  4.19297E+12 0.01548 
   92   92    1    1    1    1    1    1    1    1  2.02485E+12 0.02767 
   93   93    1    1    1    1    1    1    1    1  9.72888E+11 0.03978 
   94   94    1    1    1    1    1    1    1    1  4.88518E+11 0.04670 
   95   95    1    1    1    1    1    1    1    1  1.99491E+11 0.06101 
   96   96    1    1    1    1    1    1    1    1  1.20309E+11 0.07866 
   97   97    1    1    1    1    1    1    1    1  5.93755E+10 0.15362 
   98   98    1    1    1    1    1    1    1    1  2.52016E+10 0.19459 
   99   99    1    1    1    1    1    1    1    1  1.82274E+10 0.30046 
  100  100    1    1    1    1    1    1    1    1  8.58299E+09 0.26102 
];


