
DETdpaspec = [
    1    1    1    1    1    1    1    1    1    1  0.00000E+00 0.00000 
    2    2    1    1    1    1    1    1    1    1  0.00000E+00 0.00000 
    3    3    1    1    1    1    1    1    1    1  0.00000E+00 0.00000 
    4    4    1    1    1    1    1    1    1    1  0.00000E+00 0.00000 
    5    5    1    1    1    1    1    1    1    1  0.00000E+00 0.00000 
    6    6    1    1    1    1    1    1    1    1  0.00000E+00 0.00000 
    7    7    1    1    1    1    1    1    1    1  0.00000E+00 0.00000 
    8    8    1    1    1    1    1    1    1    1  0.00000E+00 0.00000 
    9    9    1    1    1    1    1    1    1    1  0.00000E+00 0.00000 
   10   10    1    1    1    1    1    1    1    1  0.00000E+00 0.00000 
   11   11    1    1    1    1    1    1    1    1  4.71243E+08 0.77180 
   12   12    1    1    1    1    1    1    1    1  1.22146E+09 0.59121 
   13   13    1    1    1    1    1    1    1    1  1.54253E+09 0.91583 
   14   14    1    1    1    1    1    1    1    1  4.34064E+08 1.00000 
   15   15    1    1    1    1    1    1    1    1  1.45438E+08 1.00000 
   16   16    1    1    1    1    1    1    1    1  2.67389E+08 0.69129 
   17   17    1    1    1    1    1    1    1    1  1.22761E+09 0.77044 
   18   18    1    1    1    1    1    1    1    1  3.19769E+09 0.37091 
   19   19    1    1    1    1    1    1    1    1  2.99473E+09 0.44602 
   20   20    1    1    1    1    1    1    1    1  2.09961E+10 0.18866 
   21   21    1    1    1    1    1    1    1    1  4.87246E+10 0.13195 
   22   22    1    1    1    1    1    1    1    1  2.33181E+11 0.06597 
   23   23    1    1    1    1    1    1    1    1  1.01143E+12 0.03868 
   24   24    1    1    1    1    1    1    1    1  3.00789E+12 0.02052 
   25   25    1    1    1    1    1    1    1    1  4.58067E+12 0.01412 
   26   26    1    1    1    1    1    1    1    1  9.07433E+12 0.01125 
   27   27    1    1    1    1    1    1    1    1  1.64010E+13 0.00702 
   28   28    1    1    1    1    1    1    1    1  2.87934E+13 0.00494 
   29   29    1    1    1    1    1    1    1    1  4.22670E+13 0.00462 
   30   30    1    1    1    1    1    1    1    1  7.63514E+13 0.00434 
   31   31    1    1    1    1    1    1    1    1  1.43639E+14 0.00331 
   32   32    1    1    1    1    1    1    1    1  1.99639E+14 0.00241 
   33   33    1    1    1    1    1    1    1    1  3.74511E+14 0.00184 
   34   34    1    1    1    1    1    1    1    1  4.44276E+14 0.00175 
   35   35    1    1    1    1    1    1    1    1  4.44365E+14 0.00156 
   36   36    1    1    1    1    1    1    1    1  2.62943E+14 0.00140 
   37   37    1    1    1    1    1    1    1    1  7.62020E+13 0.00162 
   38   38    1    1    1    1    1    1    1    1  4.30517E+14 0.00161 
   39   39    1    1    1    1    1    1    1    1  5.60331E+14 0.00153 
   40   40    1    1    1    1    1    1    1    1  9.36519E+14 0.00111 
   41   41    1    1    1    1    1    1    1    1  8.80002E+14 0.00115 
   42   42    1    1    1    1    1    1    1    1  1.84149E+15 0.00091 
   43   43    1    1    1    1    1    1    1    1  2.13711E+15 0.00089 
   44   44    1    1    1    1    1    1    1    1  2.95116E+15 0.00084 
   45   45    1    1    1    1    1    1    1    1  5.59296E+15 0.00083 
   46   46    1    1    1    1    1    1    1    1  2.48216E+15 0.00089 
   47   47    1    1    1    1    1    1    1    1  3.84879E+15 0.00093 
   48   48    1    1    1    1    1    1    1    1  5.20018E+15 0.00094 
   49   49    1    1    1    1    1    1    1    1  4.93976E+15 0.00092 
   50   50    1    1    1    1    1    1    1    1  7.59510E+15 0.00104 
   51   51    1    1    1    1    1    1    1    1  5.74740E+15 0.00103 
   52   52    1    1    1    1    1    1    1    1  6.81877E+15 0.00107 
   53   53    1    1    1    1    1    1    1    1  4.60949E+15 0.00106 
   54   54    1    1    1    1    1    1    1    1  5.68273E+15 0.00108 
   55   55    1    1    1    1    1    1    1    1  3.85028E+15 0.00112 
   56   56    1    1    1    1    1    1    1    1  5.16970E+14 0.00143 
   57   57    1    1    1    1    1    1    1    1  7.49663E+15 0.00110 
   58   58    1    1    1    1    1    1    1    1  3.39025E+15 0.00117 
   59   59    1    1    1    1    1    1    1    1  3.53729E+15 0.00120 
   60   60    1    1    1    1    1    1    1    1  2.78682E+15 0.00120 
   61   61    1    1    1    1    1    1    1    1  2.76026E+15 0.00111 
   62   62    1    1    1    1    1    1    1    1  2.85033E+15 0.00117 
   63   63    1    1    1    1    1    1    1    1  2.38165E+15 0.00118 
   64   64    1    1    1    1    1    1    1    1  1.87346E+15 0.00120 
   65   65    1    1    1    1    1    1    1    1  1.84365E+15 0.00100 
   66   66    1    1    1    1    1    1    1    1  1.32883E+15 0.00137 
   67   67    1    1    1    1    1    1    1    1  1.06880E+15 0.00121 
   68   68    1    1    1    1    1    1    1    1  9.48700E+14 0.00115 
   69   69    1    1    1    1    1    1    1    1  1.13101E+15 0.00117 
   70   70    1    1    1    1    1    1    1    1  9.51048E+14 0.00119 
   71   71    1    1    1    1    1    1    1    1  1.67644E+15 0.00152 
   72   72    1    1    1    1    1    1    1    1  1.16830E+15 0.00190 
   73   73    1    1    1    1    1    1    1    1  8.77221E+14 0.00194 
   74   74    1    1    1    1    1    1    1    1  7.10919E+14 0.00178 
   75   75    1    1    1    1    1    1    1    1  5.96427E+14 0.00177 
   76   76    1    1    1    1    1    1    1    1  6.97012E+14 0.00214 
   77   77    1    1    1    1    1    1    1    1  5.56091E+14 0.00175 
   78   78    1    1    1    1    1    1    1    1  4.45266E+14 0.00210 
   79   79    1    1    1    1    1    1    1    1  4.60945E+14 0.00178 
   80   80    1    1    1    1    1    1    1    1  3.40915E+14 0.00190 
   81   81    1    1    1    1    1    1    1    1  2.62292E+14 0.00187 
   82   82    1    1    1    1    1    1    1    1  2.00911E+14 0.00224 
   83   83    1    1    1    1    1    1    1    1  1.87794E+14 0.00243 
   84   84    1    1    1    1    1    1    1    1  1.33848E+14 0.00239 
   85   85    1    1    1    1    1    1    1    1  9.61365E+13 0.00237 
   86   86    1    1    1    1    1    1    1    1  8.88361E+13 0.00296 
   87   87    1    1    1    1    1    1    1    1  5.42510E+13 0.00333 
   88   88    1    1    1    1    1    1    1    1  3.56190E+13 0.00508 
   89   89    1    1    1    1    1    1    1    1  2.00271E+13 0.00483 
   90   90    1    1    1    1    1    1    1    1  1.32288E+13 0.00702 
   91   91    1    1    1    1    1    1    1    1  6.55233E+12 0.01029 
   92   92    1    1    1    1    1    1    1    1  3.01359E+12 0.01115 
   93   93    1    1    1    1    1    1    1    1  1.44814E+12 0.02231 
   94   94    1    1    1    1    1    1    1    1  7.14534E+11 0.02889 
   95   95    1    1    1    1    1    1    1    1  3.52520E+11 0.05540 
   96   96    1    1    1    1    1    1    1    1  1.61634E+11 0.06964 
   97   97    1    1    1    1    1    1    1    1  7.08974E+10 0.10236 
   98   98    1    1    1    1    1    1    1    1  3.30398E+10 0.16185 
   99   99    1    1    1    1    1    1    1    1  2.43716E+10 0.19786 
  100  100    1    1    1    1    1    1    1    1  1.04479E+10 0.24926 
];


