
DETdpaspec = [
    1    1    1    1    1    1    1    1    1    1  0.00000E+00 0.00000 
    2    2    1    1    1    1    1    1    1    1  0.00000E+00 0.00000 
    3    3    1    1    1    1    1    1    1    1  0.00000E+00 0.00000 
    4    4    1    1    1    1    1    1    1    1  0.00000E+00 0.00000 
    5    5    1    1    1    1    1    1    1    1  0.00000E+00 0.00000 
    6    6    1    1    1    1    1    1    1    1  0.00000E+00 0.00000 
    7    7    1    1    1    1    1    1    1    1  1.26234E+07 1.00000 
    8    8    1    1    1    1    1    1    1    1  2.14061E+07 1.00000 
    9    9    1    1    1    1    1    1    1    1  2.37862E+07 1.00000 
   10   10    1    1    1    1    1    1    1    1  0.00000E+00 0.00000 
   11   11    1    1    1    1    1    1    1    1  1.10326E+08 0.69727 
   12   12    1    1    1    1    1    1    1    1  7.46918E+07 0.86792 
   13   13    1    1    1    1    1    1    1    1  1.65599E+09 0.62106 
   14   14    1    1    1    1    1    1    1    1  2.34608E+09 0.57720 
   15   15    1    1    1    1    1    1    1    1  5.58360E+09 0.37743 
   16   16    1    1    1    1    1    1    1    1  9.12472E+08 0.36068 
   17   17    1    1    1    1    1    1    1    1  3.84770E+09 0.26971 
   18   18    1    1    1    1    1    1    1    1  6.23264E+09 0.24638 
   19   19    1    1    1    1    1    1    1    1  8.53462E+09 0.15388 
   20   20    1    1    1    1    1    1    1    1  3.25992E+10 0.15161 
   21   21    1    1    1    1    1    1    1    1  2.25740E+10 0.12138 
   22   22    1    1    1    1    1    1    1    1  7.00662E+10 0.09629 
   23   23    1    1    1    1    1    1    1    1  9.95102E+10 0.05440 
   24   24    1    1    1    1    1    1    1    1  1.13129E+11 0.06531 
   25   25    1    1    1    1    1    1    1    1  1.77263E+11 0.05051 
   26   26    1    1    1    1    1    1    1    1  2.83833E+11 0.04483 
   27   27    1    1    1    1    1    1    1    1  5.31684E+11 0.03966 
   28   28    1    1    1    1    1    1    1    1  9.29863E+11 0.02254 
   29   29    1    1    1    1    1    1    1    1  1.32281E+12 0.01663 
   30   30    1    1    1    1    1    1    1    1  4.12805E+12 0.01262 
   31   31    1    1    1    1    1    1    1    1  1.21881E+13 0.00980 
   32   32    1    1    1    1    1    1    1    1  2.23693E+13 0.00473 
   33   33    1    1    1    1    1    1    1    1  4.90634E+13 0.00444 
   34   34    1    1    1    1    1    1    1    1  6.43931E+13 0.00457 
   35   35    1    1    1    1    1    1    1    1  9.27644E+13 0.00364 
   36   36    1    1    1    1    1    1    1    1  6.56316E+13 0.00383 
   37   37    1    1    1    1    1    1    1    1  2.08026E+13 0.00345 
   38   38    1    1    1    1    1    1    1    1  1.11336E+14 0.00306 
   39   39    1    1    1    1    1    1    1    1  1.48181E+14 0.00206 
   40   40    1    1    1    1    1    1    1    1  2.48258E+14 0.00147 
   41   41    1    1    1    1    1    1    1    1  2.56248E+14 0.00166 
   42   42    1    1    1    1    1    1    1    1  5.22034E+14 0.00151 
   43   43    1    1    1    1    1    1    1    1  6.18194E+14 0.00148 
   44   44    1    1    1    1    1    1    1    1  8.71951E+14 0.00179 
   45   45    1    1    1    1    1    1    1    1  1.66551E+15 0.00178 
   46   46    1    1    1    1    1    1    1    1  7.91888E+14 0.00146 
   47   47    1    1    1    1    1    1    1    1  1.27039E+15 0.00149 
   48   48    1    1    1    1    1    1    1    1  1.75745E+15 0.00150 
   49   49    1    1    1    1    1    1    1    1  1.72620E+15 0.00183 
   50   50    1    1    1    1    1    1    1    1  2.62093E+15 0.00172 
   51   51    1    1    1    1    1    1    1    1  2.11500E+15 0.00178 
   52   52    1    1    1    1    1    1    1    1  2.42924E+15 0.00216 
   53   53    1    1    1    1    1    1    1    1  1.69310E+15 0.00224 
   54   54    1    1    1    1    1    1    1    1  2.01317E+15 0.00202 
   55   55    1    1    1    1    1    1    1    1  1.39330E+15 0.00198 
   56   56    1    1    1    1    1    1    1    1  1.90947E+14 0.00248 
   57   57    1    1    1    1    1    1    1    1  2.75864E+15 0.00200 
   58   58    1    1    1    1    1    1    1    1  1.18487E+15 0.00228 
   59   59    1    1    1    1    1    1    1    1  1.26697E+15 0.00208 
   60   60    1    1    1    1    1    1    1    1  9.64391E+14 0.00191 
   61   61    1    1    1    1    1    1    1    1  9.69549E+14 0.00196 
   62   62    1    1    1    1    1    1    1    1  1.00007E+15 0.00213 
   63   63    1    1    1    1    1    1    1    1  8.33461E+14 0.00180 
   64   64    1    1    1    1    1    1    1    1  6.61204E+14 0.00235 
   65   65    1    1    1    1    1    1    1    1  6.51879E+14 0.00201 
   66   66    1    1    1    1    1    1    1    1  4.73609E+14 0.00219 
   67   67    1    1    1    1    1    1    1    1  3.88620E+14 0.00176 
   68   68    1    1    1    1    1    1    1    1  3.48949E+14 0.00150 
   69   69    1    1    1    1    1    1    1    1  4.18834E+14 0.00218 
   70   70    1    1    1    1    1    1    1    1  3.57338E+14 0.00227 
   71   71    1    1    1    1    1    1    1    1  6.61909E+14 0.00243 
   72   72    1    1    1    1    1    1    1    1  4.71258E+14 0.00240 
   73   73    1    1    1    1    1    1    1    1  3.53121E+14 0.00225 
   74   74    1    1    1    1    1    1    1    1  2.77974E+14 0.00232 
   75   75    1    1    1    1    1    1    1    1  2.26766E+14 0.00250 
   76   76    1    1    1    1    1    1    1    1  2.56533E+14 0.00280 
   77   77    1    1    1    1    1    1    1    1  1.98533E+14 0.00311 
   78   78    1    1    1    1    1    1    1    1  1.56020E+14 0.00393 
   79   79    1    1    1    1    1    1    1    1  1.58545E+14 0.00308 
   80   80    1    1    1    1    1    1    1    1  1.16429E+14 0.00199 
   81   81    1    1    1    1    1    1    1    1  8.94182E+13 0.00425 
   82   82    1    1    1    1    1    1    1    1  6.84897E+13 0.00355 
   83   83    1    1    1    1    1    1    1    1  6.40284E+13 0.00455 
   84   84    1    1    1    1    1    1    1    1  4.58518E+13 0.00551 
   85   85    1    1    1    1    1    1    1    1  3.35642E+13 0.00539 
   86   86    1    1    1    1    1    1    1    1  3.07687E+13 0.00525 
   87   87    1    1    1    1    1    1    1    1  1.92943E+13 0.00665 
   88   88    1    1    1    1    1    1    1    1  1.29282E+13 0.00639 
   89   89    1    1    1    1    1    1    1    1  7.61793E+12 0.01086 
   90   90    1    1    1    1    1    1    1    1  4.94098E+12 0.01560 
   91   91    1    1    1    1    1    1    1    1  2.49376E+12 0.01820 
   92   92    1    1    1    1    1    1    1    1  1.23117E+12 0.02402 
   93   93    1    1    1    1    1    1    1    1  6.14922E+11 0.05070 
   94   94    1    1    1    1    1    1    1    1  2.78969E+11 0.05186 
   95   95    1    1    1    1    1    1    1    1  1.27841E+11 0.10504 
   96   96    1    1    1    1    1    1    1    1  7.11025E+10 0.09344 
   97   97    1    1    1    1    1    1    1    1  3.82365E+10 0.13850 
   98   98    1    1    1    1    1    1    1    1  1.33189E+10 0.27360 
   99   99    1    1    1    1    1    1    1    1  5.60357E+09 0.56476 
  100  100    1    1    1    1    1    1    1    1  4.89765E+09 0.43738 
];


