
DETdpaspec = [
    1    1    1    1    1    1    1    1    1    1  0.00000E+00 0.00000 
    2    2    1    1    1    1    1    1    1    1  0.00000E+00 0.00000 
    3    3    1    1    1    1    1    1    1    1  0.00000E+00 0.00000 
    4    4    1    1    1    1    1    1    1    1  0.00000E+00 0.00000 
    5    5    1    1    1    1    1    1    1    1  0.00000E+00 0.00000 
    6    6    1    1    1    1    1    1    1    1  0.00000E+00 0.00000 
    7    7    1    1    1    1    1    1    1    1  0.00000E+00 0.00000 
    8    8    1    1    1    1    1    1    1    1  0.00000E+00 0.00000 
    9    9    1    1    1    1    1    1    1    1  0.00000E+00 0.00000 
   10   10    1    1    1    1    1    1    1    1  2.65451E+08 0.66482 
   11   11    1    1    1    1    1    1    1    1  0.00000E+00 0.00000 
   12   12    1    1    1    1    1    1    1    1  5.10791E+07 1.00000 
   13   13    1    1    1    1    1    1    1    1  4.64613E+08 0.69160 
   14   14    1    1    1    1    1    1    1    1  2.99378E+09 0.43130 
   15   15    1    1    1    1    1    1    1    1  1.53628E+09 0.49700 
   16   16    1    1    1    1    1    1    1    1  1.45755E+09 0.29862 
   17   17    1    1    1    1    1    1    1    1  3.49174E+09 0.20512 
   18   18    1    1    1    1    1    1    1    1  8.24194E+09 0.23789 
   19   19    1    1    1    1    1    1    1    1  1.08691E+10 0.14265 
   20   20    1    1    1    1    1    1    1    1  2.68798E+10 0.20537 
   21   21    1    1    1    1    1    1    1    1  2.32678E+10 0.13552 
   22   22    1    1    1    1    1    1    1    1  7.74839E+10 0.11257 
   23   23    1    1    1    1    1    1    1    1  9.57562E+10 0.08841 
   24   24    1    1    1    1    1    1    1    1  1.36754E+11 0.07761 
   25   25    1    1    1    1    1    1    1    1  1.95087E+11 0.06966 
   26   26    1    1    1    1    1    1    1    1  3.00418E+11 0.03713 
   27   27    1    1    1    1    1    1    1    1  5.20699E+11 0.02746 
   28   28    1    1    1    1    1    1    1    1  1.01072E+12 0.02425 
   29   29    1    1    1    1    1    1    1    1  1.45950E+12 0.01322 
   30   30    1    1    1    1    1    1    1    1  4.41708E+12 0.01183 
   31   31    1    1    1    1    1    1    1    1  1.33165E+13 0.01002 
   32   32    1    1    1    1    1    1    1    1  2.46463E+13 0.00641 
   33   33    1    1    1    1    1    1    1    1  5.50250E+13 0.00457 
   34   34    1    1    1    1    1    1    1    1  7.25354E+13 0.00391 
   35   35    1    1    1    1    1    1    1    1  1.03834E+14 0.00322 
   36   36    1    1    1    1    1    1    1    1  7.35584E+13 0.00241 
   37   37    1    1    1    1    1    1    1    1  2.31842E+13 0.00255 
   38   38    1    1    1    1    1    1    1    1  1.24814E+14 0.00300 
   39   39    1    1    1    1    1    1    1    1  1.66379E+14 0.00230 
   40   40    1    1    1    1    1    1    1    1  2.79459E+14 0.00228 
   41   41    1    1    1    1    1    1    1    1  2.87979E+14 0.00247 
   42   42    1    1    1    1    1    1    1    1  5.88835E+14 0.00271 
   43   43    1    1    1    1    1    1    1    1  6.98892E+14 0.00230 
   44   44    1    1    1    1    1    1    1    1  9.87091E+14 0.00197 
   45   45    1    1    1    1    1    1    1    1  1.89529E+15 0.00174 
   46   46    1    1    1    1    1    1    1    1  9.00670E+14 0.00188 
   47   47    1    1    1    1    1    1    1    1  1.44455E+15 0.00168 
   48   48    1    1    1    1    1    1    1    1  2.00307E+15 0.00179 
   49   49    1    1    1    1    1    1    1    1  1.96968E+15 0.00195 
   50   50    1    1    1    1    1    1    1    1  3.00427E+15 0.00178 
   51   51    1    1    1    1    1    1    1    1  2.42148E+15 0.00173 
   52   52    1    1    1    1    1    1    1    1  2.78950E+15 0.00146 
   53   53    1    1    1    1    1    1    1    1  1.94520E+15 0.00165 
   54   54    1    1    1    1    1    1    1    1  2.32032E+15 0.00176 
   55   55    1    1    1    1    1    1    1    1  1.60602E+15 0.00191 
   56   56    1    1    1    1    1    1    1    1  2.20765E+14 0.00188 
   57   57    1    1    1    1    1    1    1    1  3.18392E+15 0.00183 
   58   58    1    1    1    1    1    1    1    1  1.37299E+15 0.00195 
   59   59    1    1    1    1    1    1    1    1  1.47137E+15 0.00191 
   60   60    1    1    1    1    1    1    1    1  1.11838E+15 0.00202 
   61   61    1    1    1    1    1    1    1    1  1.12519E+15 0.00175 
   62   62    1    1    1    1    1    1    1    1  1.16181E+15 0.00199 
   63   63    1    1    1    1    1    1    1    1  9.68405E+14 0.00187 
   64   64    1    1    1    1    1    1    1    1  7.68451E+14 0.00237 
   65   65    1    1    1    1    1    1    1    1  7.59391E+14 0.00202 
   66   66    1    1    1    1    1    1    1    1  5.51114E+14 0.00200 
   67   67    1    1    1    1    1    1    1    1  4.52802E+14 0.00206 
   68   68    1    1    1    1    1    1    1    1  4.07797E+14 0.00178 
   69   69    1    1    1    1    1    1    1    1  4.88352E+14 0.00210 
   70   70    1    1    1    1    1    1    1    1  4.15460E+14 0.00224 
   71   71    1    1    1    1    1    1    1    1  7.71031E+14 0.00242 
   72   72    1    1    1    1    1    1    1    1  5.49242E+14 0.00240 
   73   73    1    1    1    1    1    1    1    1  4.10709E+14 0.00285 
   74   74    1    1    1    1    1    1    1    1  3.24656E+14 0.00205 
   75   75    1    1    1    1    1    1    1    1  2.64868E+14 0.00277 
   76   76    1    1    1    1    1    1    1    1  3.01176E+14 0.00217 
   77   77    1    1    1    1    1    1    1    1  2.33343E+14 0.00297 
   78   78    1    1    1    1    1    1    1    1  1.83480E+14 0.00272 
   79   79    1    1    1    1    1    1    1    1  1.87018E+14 0.00278 
   80   80    1    1    1    1    1    1    1    1  1.37114E+14 0.00271 
   81   81    1    1    1    1    1    1    1    1  1.05275E+14 0.00211 
   82   82    1    1    1    1    1    1    1    1  8.09421E+13 0.00400 
   83   83    1    1    1    1    1    1    1    1  7.54320E+13 0.00572 
   84   84    1    1    1    1    1    1    1    1  5.43326E+13 0.00502 
   85   85    1    1    1    1    1    1    1    1  3.90323E+13 0.00443 
   86   86    1    1    1    1    1    1    1    1  3.66861E+13 0.00560 
   87   87    1    1    1    1    1    1    1    1  2.24488E+13 0.00594 
   88   88    1    1    1    1    1    1    1    1  1.52916E+13 0.00818 
   89   89    1    1    1    1    1    1    1    1  8.70846E+12 0.01039 
   90   90    1    1    1    1    1    1    1    1  5.88476E+12 0.01427 
   91   91    1    1    1    1    1    1    1    1  2.97984E+12 0.01798 
   92   92    1    1    1    1    1    1    1    1  1.44652E+12 0.01822 
   93   93    1    1    1    1    1    1    1    1  6.85703E+11 0.02731 
   94   94    1    1    1    1    1    1    1    1  3.57032E+11 0.04440 
   95   95    1    1    1    1    1    1    1    1  1.72232E+11 0.05023 
   96   96    1    1    1    1    1    1    1    1  8.52065E+10 0.11502 
   97   97    1    1    1    1    1    1    1    1  3.46662E+10 0.16829 
   98   98    1    1    1    1    1    1    1    1  1.85488E+10 0.21723 
   99   99    1    1    1    1    1    1    1    1  8.60109E+09 0.40101 
  100  100    1    1    1    1    1    1    1    1  5.61054E+09 0.31812 
];


