
DETdpaspec = [
    1    1    1    1    1    1    1    1    1    1  0.00000E+00 0.00000 
    2    2    1    1    1    1    1    1    1    1  0.00000E+00 0.00000 
    3    3    1    1    1    1    1    1    1    1  0.00000E+00 0.00000 
    4    4    1    1    1    1    1    1    1    1  0.00000E+00 0.00000 
    5    5    1    1    1    1    1    1    1    1  0.00000E+00 0.00000 
    6    6    1    1    1    1    1    1    1    1  0.00000E+00 0.00000 
    7    7    1    1    1    1    1    1    1    1  1.78896E+07 1.00000 
    8    8    1    1    1    1    1    1    1    1  1.99228E+07 1.00000 
    9    9    1    1    1    1    1    1    1    1  3.79214E+07 0.75316 
   10   10    1    1    1    1    1    1    1    1  3.25893E+08 0.54720 
   11   11    1    1    1    1    1    1    1    1  1.80623E+08 0.55105 
   12   12    1    1    1    1    1    1    1    1  7.70464E+07 0.86566 
   13   13    1    1    1    1    1    1    1    1  6.35645E+08 0.64086 
   14   14    1    1    1    1    1    1    1    1  1.57667E+09 0.42884 
   15   15    1    1    1    1    1    1    1    1  3.62497E+09 0.33161 
   16   16    1    1    1    1    1    1    1    1  1.69396E+09 0.32547 
   17   17    1    1    1    1    1    1    1    1  5.59729E+09 0.18548 
   18   18    1    1    1    1    1    1    1    1  1.17809E+10 0.18260 
   19   19    1    1    1    1    1    1    1    1  1.21231E+10 0.16929 
   20   20    1    1    1    1    1    1    1    1  2.83859E+10 0.16409 
   21   21    1    1    1    1    1    1    1    1  3.08279E+10 0.10115 
   22   22    1    1    1    1    1    1    1    1  8.13322E+10 0.09868 
   23   23    1    1    1    1    1    1    1    1  1.13946E+11 0.07917 
   24   24    1    1    1    1    1    1    1    1  1.82900E+11 0.05261 
   25   25    1    1    1    1    1    1    1    1  2.19193E+11 0.06207 
   26   26    1    1    1    1    1    1    1    1  3.44833E+11 0.04541 
   27   27    1    1    1    1    1    1    1    1  6.09463E+11 0.03412 
   28   28    1    1    1    1    1    1    1    1  1.21407E+12 0.01828 
   29   29    1    1    1    1    1    1    1    1  1.79386E+12 0.01446 
   30   30    1    1    1    1    1    1    1    1  5.40259E+12 0.01047 
   31   31    1    1    1    1    1    1    1    1  1.61992E+13 0.00906 
   32   32    1    1    1    1    1    1    1    1  3.02717E+13 0.00593 
   33   33    1    1    1    1    1    1    1    1  6.78100E+13 0.00461 
   34   34    1    1    1    1    1    1    1    1  9.02941E+13 0.00406 
   35   35    1    1    1    1    1    1    1    1  1.27575E+14 0.00229 
   36   36    1    1    1    1    1    1    1    1  9.04019E+13 0.00246 
   37   37    1    1    1    1    1    1    1    1  2.83882E+13 0.00251 
   38   38    1    1    1    1    1    1    1    1  1.53760E+14 0.00195 
   39   39    1    1    1    1    1    1    1    1  2.05489E+14 0.00217 
   40   40    1    1    1    1    1    1    1    1  3.46662E+14 0.00172 
   41   41    1    1    1    1    1    1    1    1  3.55891E+14 0.00159 
   42   42    1    1    1    1    1    1    1    1  7.34038E+14 0.00153 
   43   43    1    1    1    1    1    1    1    1  8.74267E+14 0.00150 
   44   44    1    1    1    1    1    1    1    1  1.24374E+15 0.00130 
   45   45    1    1    1    1    1    1    1    1  2.40278E+15 0.00127 
   46   46    1    1    1    1    1    1    1    1  1.14578E+15 0.00132 
   47   47    1    1    1    1    1    1    1    1  1.83722E+15 0.00131 
   48   48    1    1    1    1    1    1    1    1  2.55765E+15 0.00134 
   49   49    1    1    1    1    1    1    1    1  2.51420E+15 0.00129 
   50   50    1    1    1    1    1    1    1    1  3.85727E+15 0.00124 
   51   51    1    1    1    1    1    1    1    1  3.10845E+15 0.00117 
   52   52    1    1    1    1    1    1    1    1  3.60733E+15 0.00122 
   53   53    1    1    1    1    1    1    1    1  2.52051E+15 0.00132 
   54   54    1    1    1    1    1    1    1    1  3.02207E+15 0.00113 
   55   55    1    1    1    1    1    1    1    1  2.09315E+15 0.00113 
   56   56    1    1    1    1    1    1    1    1  2.86663E+14 0.00127 
   57   57    1    1    1    1    1    1    1    1  4.15130E+15 0.00102 
   58   58    1    1    1    1    1    1    1    1  1.80171E+15 0.00137 
   59   59    1    1    1    1    1    1    1    1  1.92919E+15 0.00139 
   60   60    1    1    1    1    1    1    1    1  1.47739E+15 0.00140 
   61   61    1    1    1    1    1    1    1    1  1.48403E+15 0.00150 
   62   62    1    1    1    1    1    1    1    1  1.53522E+15 0.00154 
   63   63    1    1    1    1    1    1    1    1  1.28395E+15 0.00154 
   64   64    1    1    1    1    1    1    1    1  1.01828E+15 0.00157 
   65   65    1    1    1    1    1    1    1    1  1.00962E+15 0.00172 
   66   66    1    1    1    1    1    1    1    1  7.31900E+14 0.00177 
   67   67    1    1    1    1    1    1    1    1  5.99505E+14 0.00158 
   68   68    1    1    1    1    1    1    1    1  5.39201E+14 0.00191 
   69   69    1    1    1    1    1    1    1    1  6.47719E+14 0.00190 
   70   70    1    1    1    1    1    1    1    1  5.52824E+14 0.00191 
   71   71    1    1    1    1    1    1    1    1  1.02217E+15 0.00163 
   72   72    1    1    1    1    1    1    1    1  7.26404E+14 0.00191 
   73   73    1    1    1    1    1    1    1    1  5.45684E+14 0.00174 
   74   74    1    1    1    1    1    1    1    1  4.31787E+14 0.00211 
   75   75    1    1    1    1    1    1    1    1  3.53699E+14 0.00209 
   76   76    1    1    1    1    1    1    1    1  4.03377E+14 0.00244 
   77   77    1    1    1    1    1    1    1    1  3.13143E+14 0.00281 
   78   78    1    1    1    1    1    1    1    1  2.46610E+14 0.00301 
   79   79    1    1    1    1    1    1    1    1  2.53094E+14 0.00349 
   80   80    1    1    1    1    1    1    1    1  1.86305E+14 0.00303 
   81   81    1    1    1    1    1    1    1    1  1.42619E+14 0.00252 
   82   82    1    1    1    1    1    1    1    1  1.10119E+14 0.00360 
   83   83    1    1    1    1    1    1    1    1  1.02198E+14 0.00266 
   84   84    1    1    1    1    1    1    1    1  7.31580E+13 0.00395 
   85   85    1    1    1    1    1    1    1    1  5.31578E+13 0.00366 
   86   86    1    1    1    1    1    1    1    1  4.94720E+13 0.00423 
   87   87    1    1    1    1    1    1    1    1  3.05006E+13 0.00518 
   88   88    1    1    1    1    1    1    1    1  2.07781E+13 0.00674 
   89   89    1    1    1    1    1    1    1    1  1.20785E+13 0.00946 
   90   90    1    1    1    1    1    1    1    1  7.93228E+12 0.00959 
   91   91    1    1    1    1    1    1    1    1  3.99990E+12 0.01224 
   92   92    1    1    1    1    1    1    1    1  1.97437E+12 0.02056 
   93   93    1    1    1    1    1    1    1    1  9.10656E+11 0.03484 
   94   94    1    1    1    1    1    1    1    1  4.74435E+11 0.03504 
   95   95    1    1    1    1    1    1    1    1  2.15921E+11 0.07471 
   96   96    1    1    1    1    1    1    1    1  1.09114E+11 0.11352 
   97   97    1    1    1    1    1    1    1    1  5.82311E+10 0.09439 
   98   98    1    1    1    1    1    1    1    1  2.95618E+10 0.16038 
   99   99    1    1    1    1    1    1    1    1  1.92523E+10 0.18044 
  100  100    1    1    1    1    1    1    1    1  1.27787E+10 0.27945 
];


