
DETdpaspec = [
    1    1    1    1    1    1    1    1    1    1  0.00000E+00 0.00000 
    2    2    1    1    1    1    1    1    1    1  0.00000E+00 0.00000 
    3    3    1    1    1    1    1    1    1    1  0.00000E+00 0.00000 
    4    4    1    1    1    1    1    1    1    1  0.00000E+00 0.00000 
    5    5    1    1    1    1    1    1    1    1  0.00000E+00 0.00000 
    6    6    1    1    1    1    1    1    1    1  0.00000E+00 0.00000 
    7    7    1    1    1    1    1    1    1    1  0.00000E+00 0.00000 
    8    8    1    1    1    1    1    1    1    1  2.32057E+07 1.00000 
    9    9    1    1    1    1    1    1    1    1  2.25352E+07 1.00000 
   10   10    1    1    1    1    1    1    1    1  0.00000E+00 0.00000 
   11   11    1    1    1    1    1    1    1    1  2.19709E+08 1.00000 
   12   12    1    1    1    1    1    1    1    1  3.22096E+07 1.00000 
   13   13    1    1    1    1    1    1    1    1  1.69577E+09 0.49822 
   14   14    1    1    1    1    1    1    1    1  2.51162E+09 0.35451 
   15   15    1    1    1    1    1    1    1    1  5.76645E+09 0.29691 
   16   16    1    1    1    1    1    1    1    1  1.64429E+09 0.30571 
   17   17    1    1    1    1    1    1    1    1  4.29481E+09 0.17648 
   18   18    1    1    1    1    1    1    1    1  1.57013E+10 0.15903 
   19   19    1    1    1    1    1    1    1    1  1.00299E+10 0.20604 
   20   20    1    1    1    1    1    1    1    1  4.28216E+10 0.14333 
   21   21    1    1    1    1    1    1    1    1  3.71471E+10 0.11329 
   22   22    1    1    1    1    1    1    1    1  8.47235E+10 0.08912 
   23   23    1    1    1    1    1    1    1    1  1.24572E+11 0.07569 
   24   24    1    1    1    1    1    1    1    1  1.83807E+11 0.05759 
   25   25    1    1    1    1    1    1    1    1  2.44544E+11 0.05321 
   26   26    1    1    1    1    1    1    1    1  3.92452E+11 0.04337 
   27   27    1    1    1    1    1    1    1    1  7.52670E+11 0.03274 
   28   28    1    1    1    1    1    1    1    1  1.61766E+12 0.02367 
   29   29    1    1    1    1    1    1    1    1  2.58885E+12 0.01603 
   30   30    1    1    1    1    1    1    1    1  7.37623E+12 0.00859 
   31   31    1    1    1    1    1    1    1    1  2.24222E+13 0.00529 
   32   32    1    1    1    1    1    1    1    1  4.17796E+13 0.00610 
   33   33    1    1    1    1    1    1    1    1  9.73988E+13 0.00411 
   34   34    1    1    1    1    1    1    1    1  1.33275E+14 0.00268 
   35   35    1    1    1    1    1    1    1    1  1.80914E+14 0.00145 
   36   36    1    1    1    1    1    1    1    1  1.25707E+14 0.00164 
   37   37    1    1    1    1    1    1    1    1  3.88499E+13 0.00165 
   38   38    1    1    1    1    1    1    1    1  2.13949E+14 0.00142 
   39   39    1    1    1    1    1    1    1    1  2.86924E+14 0.00156 
   40   40    1    1    1    1    1    1    1    1  4.92086E+14 0.00119 
   41   41    1    1    1    1    1    1    1    1  4.98585E+14 0.00108 
   42   42    1    1    1    1    1    1    1    1  1.04610E+15 0.00121 
   43   43    1    1    1    1    1    1    1    1  1.25920E+15 0.00119 
   44   44    1    1    1    1    1    1    1    1  1.80741E+15 0.00114 
   45   45    1    1    1    1    1    1    1    1  3.56953E+15 0.00086 
   46   46    1    1    1    1    1    1    1    1  1.69830E+15 0.00105 
   47   47    1    1    1    1    1    1    1    1  2.72118E+15 0.00068 
   48   48    1    1    1    1    1    1    1    1  3.81249E+15 0.00080 
   49   49    1    1    1    1    1    1    1    1  3.75311E+15 0.00095 
   50   50    1    1    1    1    1    1    1    1  5.84659E+15 0.00092 
   51   51    1    1    1    1    1    1    1    1  4.68189E+15 0.00091 
   52   52    1    1    1    1    1    1    1    1  5.53264E+15 0.00077 
   53   53    1    1    1    1    1    1    1    1  3.86708E+15 0.00093 
   54   54    1    1    1    1    1    1    1    1  4.71578E+15 0.00078 
   55   55    1    1    1    1    1    1    1    1  3.25912E+15 0.00073 
   56   56    1    1    1    1    1    1    1    1  4.43821E+14 0.00110 
   57   57    1    1    1    1    1    1    1    1  6.47683E+15 0.00070 
   58   58    1    1    1    1    1    1    1    1  2.87087E+15 0.00088 
   59   59    1    1    1    1    1    1    1    1  3.06597E+15 0.00080 
   60   60    1    1    1    1    1    1    1    1  2.38003E+15 0.00091 
   61   61    1    1    1    1    1    1    1    1  2.38850E+15 0.00102 
   62   62    1    1    1    1    1    1    1    1  2.48118E+15 0.00098 
   63   63    1    1    1    1    1    1    1    1  2.08371E+15 0.00136 
   64   64    1    1    1    1    1    1    1    1  1.65968E+15 0.00127 
   65   65    1    1    1    1    1    1    1    1  1.64767E+15 0.00119 
   66   66    1    1    1    1    1    1    1    1  1.20003E+15 0.00132 
   67   67    1    1    1    1    1    1    1    1  9.79877E+14 0.00114 
   68   68    1    1    1    1    1    1    1    1  8.79863E+14 0.00114 
   69   69    1    1    1    1    1    1    1    1  1.05715E+15 0.00126 
   70   70    1    1    1    1    1    1    1    1  9.00676E+14 0.00132 
   71   71    1    1    1    1    1    1    1    1  1.65391E+15 0.00152 
   72   72    1    1    1    1    1    1    1    1  1.17342E+15 0.00116 
   73   73    1    1    1    1    1    1    1    1  8.85322E+14 0.00106 
   74   74    1    1    1    1    1    1    1    1  7.09452E+14 0.00114 
   75   75    1    1    1    1    1    1    1    1  5.85443E+14 0.00155 
   76   76    1    1    1    1    1    1    1    1  6.76308E+14 0.00171 
   77   77    1    1    1    1    1    1    1    1  5.32673E+14 0.00154 
   78   78    1    1    1    1    1    1    1    1  4.21394E+14 0.00142 
   79   79    1    1    1    1    1    1    1    1  4.33538E+14 0.00154 
   80   80    1    1    1    1    1    1    1    1  3.21530E+14 0.00157 
   81   81    1    1    1    1    1    1    1    1  2.47680E+14 0.00195 
   82   82    1    1    1    1    1    1    1    1  1.90046E+14 0.00328 
   83   83    1    1    1    1    1    1    1    1  1.77053E+14 0.00287 
   84   84    1    1    1    1    1    1    1    1  1.27567E+14 0.00248 
   85   85    1    1    1    1    1    1    1    1  9.20351E+13 0.00271 
   86   86    1    1    1    1    1    1    1    1  8.58216E+13 0.00372 
   87   87    1    1    1    1    1    1    1    1  5.29969E+13 0.00393 
   88   88    1    1    1    1    1    1    1    1  3.54475E+13 0.00564 
   89   89    1    1    1    1    1    1    1    1  2.05504E+13 0.00528 
   90   90    1    1    1    1    1    1    1    1  1.37171E+13 0.00958 
   91   91    1    1    1    1    1    1    1    1  6.87529E+12 0.01070 
   92   92    1    1    1    1    1    1    1    1  3.37930E+12 0.01636 
   93   93    1    1    1    1    1    1    1    1  1.56563E+12 0.02137 
   94   94    1    1    1    1    1    1    1    1  7.78626E+11 0.02971 
   95   95    1    1    1    1    1    1    1    1  3.74378E+11 0.06548 
   96   96    1    1    1    1    1    1    1    1  1.77028E+11 0.07728 
   97   97    1    1    1    1    1    1    1    1  7.88856E+10 0.13264 
   98   98    1    1    1    1    1    1    1    1  4.32848E+10 0.13515 
   99   99    1    1    1    1    1    1    1    1  2.16700E+10 0.24175 
  100  100    1    1    1    1    1    1    1    1  2.04364E+10 0.18519 
];


