
DETdpaspec = [
    1    1    1    1    1    1    1    1    1    1  0.00000E+00 0.00000 
    2    2    1    1    1    1    1    1    1    1  0.00000E+00 0.00000 
    3    3    1    1    1    1    1    1    1    1  0.00000E+00 0.00000 
    4    4    1    1    1    1    1    1    1    1  0.00000E+00 0.00000 
    5    5    1    1    1    1    1    1    1    1  0.00000E+00 0.00000 
    6    6    1    1    1    1    1    1    1    1  3.42463E+07 0.68926 
    7    7    1    1    1    1    1    1    1    1  2.38130E+07 1.00000 
    8    8    1    1    1    1    1    1    1    1  0.00000E+00 0.00000 
    9    9    1    1    1    1    1    1    1    1  0.00000E+00 0.00000 
   10   10    1    1    1    1    1    1    1    1  0.00000E+00 0.00000 
   11   11    1    1    1    1    1    1    1    1  2.34193E+08 0.75619 
   12   12    1    1    1    1    1    1    1    1  4.12059E+08 0.37268 
   13   13    1    1    1    1    1    1    1    1  2.34460E+09 0.47741 
   14   14    1    1    1    1    1    1    1    1  6.55608E+09 0.45680 
   15   15    1    1    1    1    1    1    1    1  6.35620E+09 0.47411 
   16   16    1    1    1    1    1    1    1    1  1.49860E+09 0.40499 
   17   17    1    1    1    1    1    1    1    1  5.58354E+09 0.31960 
   18   18    1    1    1    1    1    1    1    1  1.42416E+10 0.20129 
   19   19    1    1    1    1    1    1    1    1  1.17922E+10 0.19986 
   20   20    1    1    1    1    1    1    1    1  3.84192E+10 0.12501 
   21   21    1    1    1    1    1    1    1    1  3.54463E+10 0.14199 
   22   22    1    1    1    1    1    1    1    1  6.58578E+10 0.11307 
   23   23    1    1    1    1    1    1    1    1  1.21979E+11 0.05779 
   24   24    1    1    1    1    1    1    1    1  2.03988E+11 0.05617 
   25   25    1    1    1    1    1    1    1    1  2.71136E+11 0.06118 
   26   26    1    1    1    1    1    1    1    1  4.63866E+11 0.04283 
   27   27    1    1    1    1    1    1    1    1  8.96934E+11 0.03361 
   28   28    1    1    1    1    1    1    1    1  2.28032E+12 0.02498 
   29   29    1    1    1    1    1    1    1    1  4.02270E+12 0.01462 
   30   30    1    1    1    1    1    1    1    1  1.06106E+13 0.01280 
   31   31    1    1    1    1    1    1    1    1  3.14116E+13 0.00603 
   32   32    1    1    1    1    1    1    1    1  5.60130E+13 0.00351 
   33   33    1    1    1    1    1    1    1    1  1.31013E+14 0.00249 
   34   34    1    1    1    1    1    1    1    1  1.81428E+14 0.00238 
   35   35    1    1    1    1    1    1    1    1  2.28110E+14 0.00167 
   36   36    1    1    1    1    1    1    1    1  1.53506E+14 0.00154 
   37   37    1    1    1    1    1    1    1    1  4.63825E+13 0.00160 
   38   38    1    1    1    1    1    1    1    1  2.60098E+14 0.00146 
   39   39    1    1    1    1    1    1    1    1  3.49263E+14 0.00127 
   40   40    1    1    1    1    1    1    1    1  6.01489E+14 0.00122 
   41   41    1    1    1    1    1    1    1    1  5.98983E+14 0.00123 
   42   42    1    1    1    1    1    1    1    1  1.27263E+15 0.00102 
   43   43    1    1    1    1    1    1    1    1  1.53186E+15 0.00091 
   44   44    1    1    1    1    1    1    1    1  2.19622E+15 0.00101 
   45   45    1    1    1    1    1    1    1    1  4.36873E+15 0.00071 
   46   46    1    1    1    1    1    1    1    1  2.05929E+15 0.00077 
   47   47    1    1    1    1    1    1    1    1  3.27652E+15 0.00079 
   48   48    1    1    1    1    1    1    1    1  4.59227E+15 0.00079 
   49   49    1    1    1    1    1    1    1    1  4.50096E+15 0.00070 
   50   50    1    1    1    1    1    1    1    1  7.08160E+15 0.00066 
   51   51    1    1    1    1    1    1    1    1  5.60410E+15 0.00067 
   52   52    1    1    1    1    1    1    1    1  6.70284E+15 0.00077 
   53   53    1    1    1    1    1    1    1    1  4.66832E+15 0.00074 
   54   54    1    1    1    1    1    1    1    1  5.76509E+15 0.00082 
   55   55    1    1    1    1    1    1    1    1  3.97439E+15 0.00081 
   56   56    1    1    1    1    1    1    1    1  5.40905E+14 0.00105 
   57   57    1    1    1    1    1    1    1    1  7.89349E+15 0.00082 
   58   58    1    1    1    1    1    1    1    1  3.55129E+15 0.00092 
   59   59    1    1    1    1    1    1    1    1  3.77945E+15 0.00063 
   60   60    1    1    1    1    1    1    1    1  2.96605E+15 0.00063 
   61   61    1    1    1    1    1    1    1    1  2.96974E+15 0.00069 
   62   62    1    1    1    1    1    1    1    1  3.09018E+15 0.00057 
   63   63    1    1    1    1    1    1    1    1  2.60561E+15 0.00091 
   64   64    1    1    1    1    1    1    1    1  2.07182E+15 0.00103 
   65   65    1    1    1    1    1    1    1    1  2.06006E+15 0.00085 
   66   66    1    1    1    1    1    1    1    1  1.49789E+15 0.00100 
   67   67    1    1    1    1    1    1    1    1  1.22202E+15 0.00129 
   68   68    1    1    1    1    1    1    1    1  1.09423E+15 0.00132 
   69   69    1    1    1    1    1    1    1    1  1.31411E+15 0.00110 
   70   70    1    1    1    1    1    1    1    1  1.11686E+15 0.00129 
   71   71    1    1    1    1    1    1    1    1  2.02913E+15 0.00080 
   72   72    1    1    1    1    1    1    1    1  1.43626E+15 0.00099 
   73   73    1    1    1    1    1    1    1    1  1.08611E+15 0.00124 
   74   74    1    1    1    1    1    1    1    1  8.79730E+14 0.00144 
   75   75    1    1    1    1    1    1    1    1  7.31991E+14 0.00141 
   76   76    1    1    1    1    1    1    1    1  8.50512E+14 0.00122 
   77   77    1    1    1    1    1    1    1    1  6.75091E+14 0.00146 
   78   78    1    1    1    1    1    1    1    1  5.39307E+14 0.00102 
   79   79    1    1    1    1    1    1    1    1  5.57856E+14 0.00144 
   80   80    1    1    1    1    1    1    1    1  4.13945E+14 0.00128 
   81   81    1    1    1    1    1    1    1    1  3.19757E+14 0.00194 
   82   82    1    1    1    1    1    1    1    1  2.45466E+14 0.00205 
   83   83    1    1    1    1    1    1    1    1  2.29542E+14 0.00203 
   84   84    1    1    1    1    1    1    1    1  1.65461E+14 0.00192 
   85   85    1    1    1    1    1    1    1    1  1.19521E+14 0.00242 
   86   86    1    1    1    1    1    1    1    1  1.11474E+14 0.00258 
   87   87    1    1    1    1    1    1    1    1  6.86876E+13 0.00391 
   88   88    1    1    1    1    1    1    1    1  4.63941E+13 0.00506 
   89   89    1    1    1    1    1    1    1    1  2.61194E+13 0.00744 
   90   90    1    1    1    1    1    1    1    1  1.73972E+13 0.00742 
   91   91    1    1    1    1    1    1    1    1  8.88360E+12 0.00787 
   92   92    1    1    1    1    1    1    1    1  4.32139E+12 0.01268 
   93   93    1    1    1    1    1    1    1    1  2.04540E+12 0.01810 
   94   94    1    1    1    1    1    1    1    1  9.75827E+11 0.02264 
   95   95    1    1    1    1    1    1    1    1  5.01453E+11 0.04665 
   96   96    1    1    1    1    1    1    1    1  2.25580E+11 0.07236 
   97   97    1    1    1    1    1    1    1    1  1.12129E+11 0.10454 
   98   98    1    1    1    1    1    1    1    1  4.66152E+10 0.15077 
   99   99    1    1    1    1    1    1    1    1  2.46724E+10 0.21695 
  100  100    1    1    1    1    1    1    1    1  2.11059E+10 0.20662 
];


