
DETdpaspec = [
    1    1    1    1    1    1    1    1    1    1  0.00000E+00 0.00000 
    2    2    1    1    1    1    1    1    1    1  0.00000E+00 0.00000 
    3    3    1    1    1    1    1    1    1    1  0.00000E+00 0.00000 
    4    4    1    1    1    1    1    1    1    1  0.00000E+00 0.00000 
    5    5    1    1    1    1    1    1    1    1  1.11795E+07 1.00000 
    6    6    1    1    1    1    1    1    1    1  0.00000E+00 0.00000 
    7    7    1    1    1    1    1    1    1    1  0.00000E+00 0.00000 
    8    8    1    1    1    1    1    1    1    1  6.13368E+07 0.54674 
    9    9    1    1    1    1    1    1    1    1  1.17822E+07 1.00000 
   10   10    1    1    1    1    1    1    1    1  0.00000E+00 0.00000 
   11   11    1    1    1    1    1    1    1    1  4.78153E+07 1.00000 
   12   12    1    1    1    1    1    1    1    1  2.28248E+07 0.90181 
   13   13    1    1    1    1    1    1    1    1  8.59368E+08 0.57965 
   14   14    1    1    1    1    1    1    1    1  2.45044E+09 0.36902 
   15   15    1    1    1    1    1    1    1    1  4.24717E+09 0.31589 
   16   16    1    1    1    1    1    1    1    1  1.73491E+09 0.45237 
   17   17    1    1    1    1    1    1    1    1  2.79401E+09 0.21940 
   18   18    1    1    1    1    1    1    1    1  8.90711E+09 0.22026 
   19   19    1    1    1    1    1    1    1    1  8.68082E+09 0.20552 
   20   20    1    1    1    1    1    1    1    1  4.38060E+10 0.11448 
   21   21    1    1    1    1    1    1    1    1  2.41455E+10 0.12237 
   22   22    1    1    1    1    1    1    1    1  7.12708E+10 0.08373 
   23   23    1    1    1    1    1    1    1    1  8.75464E+10 0.07714 
   24   24    1    1    1    1    1    1    1    1  1.30097E+11 0.04964 
   25   25    1    1    1    1    1    1    1    1  1.73559E+11 0.07035 
   26   26    1    1    1    1    1    1    1    1  2.74267E+11 0.04226 
   27   27    1    1    1    1    1    1    1    1  4.89841E+11 0.03517 
   28   28    1    1    1    1    1    1    1    1  9.79545E+11 0.02746 
   29   29    1    1    1    1    1    1    1    1  1.37781E+12 0.02052 
   30   30    1    1    1    1    1    1    1    1  4.36094E+12 0.01508 
   31   31    1    1    1    1    1    1    1    1  1.28302E+13 0.00807 
   32   32    1    1    1    1    1    1    1    1  2.34146E+13 0.00690 
   33   33    1    1    1    1    1    1    1    1  5.15982E+13 0.00396 
   34   34    1    1    1    1    1    1    1    1  6.77593E+13 0.00257 
   35   35    1    1    1    1    1    1    1    1  9.73819E+13 0.00319 
   36   36    1    1    1    1    1    1    1    1  6.88657E+13 0.00238 
   37   37    1    1    1    1    1    1    1    1  2.17288E+13 0.00246 
   38   38    1    1    1    1    1    1    1    1  1.16654E+14 0.00201 
   39   39    1    1    1    1    1    1    1    1  1.55263E+14 0.00206 
   40   40    1    1    1    1    1    1    1    1  2.60258E+14 0.00172 
   41   41    1    1    1    1    1    1    1    1  2.68407E+14 0.00157 
   42   42    1    1    1    1    1    1    1    1  5.46361E+14 0.00138 
   43   43    1    1    1    1    1    1    1    1  6.48511E+14 0.00152 
   44   44    1    1    1    1    1    1    1    1  9.15847E+14 0.00134 
   45   45    1    1    1    1    1    1    1    1  1.74999E+15 0.00098 
   46   46    1    1    1    1    1    1    1    1  8.32457E+14 0.00092 
   47   47    1    1    1    1    1    1    1    1  1.33544E+15 0.00122 
   48   48    1    1    1    1    1    1    1    1  1.84969E+15 0.00114 
   49   49    1    1    1    1    1    1    1    1  1.81674E+15 0.00103 
   50   50    1    1    1    1    1    1    1    1  2.76338E+15 0.00105 
   51   51    1    1    1    1    1    1    1    1  2.22909E+15 0.00126 
   52   52    1    1    1    1    1    1    1    1  2.56458E+15 0.00132 
   53   53    1    1    1    1    1    1    1    1  1.78983E+15 0.00138 
   54   54    1    1    1    1    1    1    1    1  2.13165E+15 0.00179 
   55   55    1    1    1    1    1    1    1    1  1.47399E+15 0.00125 
   56   56    1    1    1    1    1    1    1    1  2.02466E+14 0.00208 
   57   57    1    1    1    1    1    1    1    1  2.92029E+15 0.00151 
   58   58    1    1    1    1    1    1    1    1  1.25465E+15 0.00166 
   59   59    1    1    1    1    1    1    1    1  1.34436E+15 0.00159 
   60   60    1    1    1    1    1    1    1    1  1.02152E+15 0.00181 
   61   61    1    1    1    1    1    1    1    1  1.02678E+15 0.00151 
   62   62    1    1    1    1    1    1    1    1  1.05854E+15 0.00199 
   63   63    1    1    1    1    1    1    1    1  8.82249E+14 0.00168 
   64   64    1    1    1    1    1    1    1    1  6.99586E+14 0.00167 
   65   65    1    1    1    1    1    1    1    1  6.91289E+14 0.00181 
   66   66    1    1    1    1    1    1    1    1  5.01177E+14 0.00173 
   67   67    1    1    1    1    1    1    1    1  4.10360E+14 0.00237 
   68   68    1    1    1    1    1    1    1    1  3.70252E+14 0.00237 
   69   69    1    1    1    1    1    1    1    1  4.44184E+14 0.00251 
   70   70    1    1    1    1    1    1    1    1  3.79908E+14 0.00252 
   71   71    1    1    1    1    1    1    1    1  7.03896E+14 0.00253 
   72   72    1    1    1    1    1    1    1    1  4.98833E+14 0.00205 
   73   73    1    1    1    1    1    1    1    1  3.74335E+14 0.00250 
   74   74    1    1    1    1    1    1    1    1  2.95775E+14 0.00174 
   75   75    1    1    1    1    1    1    1    1  2.41297E+14 0.00229 
   76   76    1    1    1    1    1    1    1    1  2.73379E+14 0.00299 
   77   77    1    1    1    1    1    1    1    1  2.11953E+14 0.00260 
   78   78    1    1    1    1    1    1    1    1  1.65171E+14 0.00274 
   79   79    1    1    1    1    1    1    1    1  1.69026E+14 0.00243 
   80   80    1    1    1    1    1    1    1    1  1.23940E+14 0.00354 
   81   81    1    1    1    1    1    1    1    1  9.52779E+13 0.00297 
   82   82    1    1    1    1    1    1    1    1  7.36241E+13 0.00317 
   83   83    1    1    1    1    1    1    1    1  6.79878E+13 0.00432 
   84   84    1    1    1    1    1    1    1    1  4.89977E+13 0.00378 
   85   85    1    1    1    1    1    1    1    1  3.50757E+13 0.00541 
   86   86    1    1    1    1    1    1    1    1  3.31185E+13 0.00554 
   87   87    1    1    1    1    1    1    1    1  2.03629E+13 0.00584 
   88   88    1    1    1    1    1    1    1    1  1.39372E+13 0.00778 
   89   89    1    1    1    1    1    1    1    1  7.97356E+12 0.01116 
   90   90    1    1    1    1    1    1    1    1  5.35364E+12 0.01651 
   91   91    1    1    1    1    1    1    1    1  2.68828E+12 0.02414 
   92   92    1    1    1    1    1    1    1    1  1.34569E+12 0.02371 
   93   93    1    1    1    1    1    1    1    1  6.83951E+11 0.02654 
   94   94    1    1    1    1    1    1    1    1  3.08152E+11 0.03992 
   95   95    1    1    1    1    1    1    1    1  1.80792E+11 0.06841 
   96   96    1    1    1    1    1    1    1    1  7.22126E+10 0.12688 
   97   97    1    1    1    1    1    1    1    1  2.69683E+10 0.19982 
   98   98    1    1    1    1    1    1    1    1  1.58456E+10 0.30329 
   99   99    1    1    1    1    1    1    1    1  3.76827E+09 0.34124 
  100  100    1    1    1    1    1    1    1    1  8.27815E+09 0.33485 
];


