
DETdpaspec = [
    1    1    1    1    1    1    1    1    1    1  0.00000E+00 0.00000 
    2    2    1    1    1    1    1    1    1    1  0.00000E+00 0.00000 
    3    3    1    1    1    1    1    1    1    1  0.00000E+00 0.00000 
    4    4    1    1    1    1    1    1    1    1  0.00000E+00 0.00000 
    5    5    1    1    1    1    1    1    1    1  0.00000E+00 0.00000 
    6    6    1    1    1    1    1    1    1    1  0.00000E+00 0.00000 
    7    7    1    1    1    1    1    1    1    1  1.38926E+07 1.00000 
    8    8    1    1    1    1    1    1    1    1  4.40896E+07 0.68876 
    9    9    1    1    1    1    1    1    1    1  4.39414E+07 0.69807 
   10   10    1    1    1    1    1    1    1    1  1.21776E+08 1.00000 
   11   11    1    1    1    1    1    1    1    1  5.83241E+07 1.00000 
   12   12    1    1    1    1    1    1    1    1  4.14660E+07 0.75077 
   13   13    1    1    1    1    1    1    1    1  7.89519E+08 0.65485 
   14   14    1    1    1    1    1    1    1    1  3.92721E+09 0.36077 
   15   15    1    1    1    1    1    1    1    1  6.99375E+09 0.31120 
   16   16    1    1    1    1    1    1    1    1  3.15331E+09 0.29163 
   17   17    1    1    1    1    1    1    1    1  4.18798E+09 0.19283 
   18   18    1    1    1    1    1    1    1    1  1.08049E+10 0.21391 
   19   19    1    1    1    1    1    1    1    1  1.06657E+10 0.14116 
   20   20    1    1    1    1    1    1    1    1  4.49751E+10 0.13692 
   21   21    1    1    1    1    1    1    1    1  3.11139E+10 0.08205 
   22   22    1    1    1    1    1    1    1    1  7.83853E+10 0.07900 
   23   23    1    1    1    1    1    1    1    1  1.14015E+11 0.05881 
   24   24    1    1    1    1    1    1    1    1  1.80815E+11 0.04234 
   25   25    1    1    1    1    1    1    1    1  2.24872E+11 0.06032 
   26   26    1    1    1    1    1    1    1    1  3.90409E+11 0.04633 
   27   27    1    1    1    1    1    1    1    1  7.14130E+11 0.03460 
   28   28    1    1    1    1    1    1    1    1  1.44205E+12 0.02505 
   29   29    1    1    1    1    1    1    1    1  2.35478E+12 0.01938 
   30   30    1    1    1    1    1    1    1    1  6.75096E+12 0.01254 
   31   31    1    1    1    1    1    1    1    1  2.07782E+13 0.00789 
   32   32    1    1    1    1    1    1    1    1  3.82253E+13 0.00453 
   33   33    1    1    1    1    1    1    1    1  8.85149E+13 0.00316 
   34   34    1    1    1    1    1    1    1    1  1.21414E+14 0.00286 
   35   35    1    1    1    1    1    1    1    1  1.66583E+14 0.00203 
   36   36    1    1    1    1    1    1    1    1  1.16668E+14 0.00218 
   37   37    1    1    1    1    1    1    1    1  3.61837E+13 0.00229 
   38   38    1    1    1    1    1    1    1    1  1.98582E+14 0.00202 
   39   39    1    1    1    1    1    1    1    1  2.66199E+14 0.00161 
   40   40    1    1    1    1    1    1    1    1  4.54557E+14 0.00130 
   41   41    1    1    1    1    1    1    1    1  4.63390E+14 0.00134 
   42   42    1    1    1    1    1    1    1    1  9.68544E+14 0.00100 
   43   43    1    1    1    1    1    1    1    1  1.16231E+15 0.00127 
   44   44    1    1    1    1    1    1    1    1  1.66256E+15 0.00094 
   45   45    1    1    1    1    1    1    1    1  3.27178E+15 0.00088 
   46   46    1    1    1    1    1    1    1    1  1.55947E+15 0.00093 
   47   47    1    1    1    1    1    1    1    1  2.49789E+15 0.00097 
   48   48    1    1    1    1    1    1    1    1  3.49317E+15 0.00108 
   49   49    1    1    1    1    1    1    1    1  3.44021E+15 0.00099 
   50   50    1    1    1    1    1    1    1    1  5.33883E+15 0.00099 
   51   51    1    1    1    1    1    1    1    1  4.28321E+15 0.00106 
   52   52    1    1    1    1    1    1    1    1  5.04029E+15 0.00126 
   53   53    1    1    1    1    1    1    1    1  3.51956E+15 0.00113 
   54   54    1    1    1    1    1    1    1    1  4.27381E+15 0.00119 
   55   55    1    1    1    1    1    1    1    1  2.95774E+15 0.00121 
   56   56    1    1    1    1    1    1    1    1  4.03713E+14 0.00139 
   57   57    1    1    1    1    1    1    1    1  5.88165E+15 0.00115 
   58   58    1    1    1    1    1    1    1    1  2.58905E+15 0.00133 
   59   59    1    1    1    1    1    1    1    1  2.76960E+15 0.00119 
   60   60    1    1    1    1    1    1    1    1  2.14108E+15 0.00128 
   61   61    1    1    1    1    1    1    1    1  2.15141E+15 0.00120 
   62   62    1    1    1    1    1    1    1    1  2.23032E+15 0.00127 
   63   63    1    1    1    1    1    1    1    1  1.87327E+15 0.00124 
   64   64    1    1    1    1    1    1    1    1  1.49021E+15 0.00153 
   65   65    1    1    1    1    1    1    1    1  1.47974E+15 0.00151 
   66   66    1    1    1    1    1    1    1    1  1.07425E+15 0.00125 
   67   67    1    1    1    1    1    1    1    1  8.79277E+14 0.00193 
   68   68    1    1    1    1    1    1    1    1  7.88897E+14 0.00167 
   69   69    1    1    1    1    1    1    1    1  9.48311E+14 0.00179 
   70   70    1    1    1    1    1    1    1    1  8.10293E+14 0.00189 
   71   71    1    1    1    1    1    1    1    1  1.48731E+15 0.00142 
   72   72    1    1    1    1    1    1    1    1  1.05630E+15 0.00136 
   73   73    1    1    1    1    1    1    1    1  7.94666E+14 0.00124 
   74   74    1    1    1    1    1    1    1    1  6.35627E+14 0.00184 
   75   75    1    1    1    1    1    1    1    1  5.23213E+14 0.00200 
   76   76    1    1    1    1    1    1    1    1  6.01598E+14 0.00188 
   77   77    1    1    1    1    1    1    1    1  4.72126E+14 0.00162 
   78   78    1    1    1    1    1    1    1    1  3.72943E+14 0.00175 
   79   79    1    1    1    1    1    1    1    1  3.83075E+14 0.00168 
   80   80    1    1    1    1    1    1    1    1  2.83682E+14 0.00202 
   81   81    1    1    1    1    1    1    1    1  2.18237E+14 0.00239 
   82   82    1    1    1    1    1    1    1    1  1.67055E+14 0.00324 
   83   83    1    1    1    1    1    1    1    1  1.56865E+14 0.00277 
   84   84    1    1    1    1    1    1    1    1  1.12561E+14 0.00288 
   85   85    1    1    1    1    1    1    1    1  8.14193E+13 0.00373 
   86   86    1    1    1    1    1    1    1    1  7.60480E+13 0.00376 
   87   87    1    1    1    1    1    1    1    1  4.72933E+13 0.00472 
   88   88    1    1    1    1    1    1    1    1  3.15759E+13 0.00549 
   89   89    1    1    1    1    1    1    1    1  1.81658E+13 0.00622 
   90   90    1    1    1    1    1    1    1    1  1.20673E+13 0.00891 
   91   91    1    1    1    1    1    1    1    1  6.15428E+12 0.01651 
   92   92    1    1    1    1    1    1    1    1  2.99936E+12 0.01987 
   93   93    1    1    1    1    1    1    1    1  1.47051E+12 0.02384 
   94   94    1    1    1    1    1    1    1    1  7.16164E+11 0.03127 
   95   95    1    1    1    1    1    1    1    1  3.39783E+11 0.03761 
   96   96    1    1    1    1    1    1    1    1  1.71612E+11 0.09121 
   97   97    1    1    1    1    1    1    1    1  7.69439E+10 0.11864 
   98   98    1    1    1    1    1    1    1    1  3.43577E+10 0.14344 
   99   99    1    1    1    1    1    1    1    1  1.53353E+10 0.25937 
  100  100    1    1    1    1    1    1    1    1  1.66938E+10 0.23847 
];


