
DETdpaspec = [
    1    1    1    1    1    1    1    1    1    1  0.00000E+00 0.00000 
    2    2    1    1    1    1    1    1    1    1  0.00000E+00 0.00000 
    3    3    1    1    1    1    1    1    1    1  0.00000E+00 0.00000 
    4    4    1    1    1    1    1    1    1    1  1.34494E+07 1.00000 
    5    5    1    1    1    1    1    1    1    1  0.00000E+00 0.00000 
    6    6    1    1    1    1    1    1    1    1  0.00000E+00 0.00000 
    7    7    1    1    1    1    1    1    1    1  0.00000E+00 0.00000 
    8    8    1    1    1    1    1    1    1    1  0.00000E+00 0.00000 
    9    9    1    1    1    1    1    1    1    1  1.34275E+07 1.00000 
   10   10    1    1    1    1    1    1    1    1  1.00366E+08 1.00000 
   11   11    1    1    1    1    1    1    1    1  6.99236E+08 0.52379 
   12   12    1    1    1    1    1    1    1    1  5.85936E+07 0.60334 
   13   13    1    1    1    1    1    1    1    1  1.65436E+09 0.49102 
   14   14    1    1    1    1    1    1    1    1  4.91440E+09 0.36299 
   15   15    1    1    1    1    1    1    1    1  5.23392E+09 0.43355 
   16   16    1    1    1    1    1    1    1    1  3.00596E+09 0.28512 
   17   17    1    1    1    1    1    1    1    1  2.85575E+09 0.35043 
   18   18    1    1    1    1    1    1    1    1  1.52946E+10 0.15183 
   19   19    1    1    1    1    1    1    1    1  1.68832E+10 0.16351 
   20   20    1    1    1    1    1    1    1    1  5.07162E+10 0.07655 
   21   21    1    1    1    1    1    1    1    1  3.85569E+10 0.10787 
   22   22    1    1    1    1    1    1    1    1  8.60762E+10 0.08541 
   23   23    1    1    1    1    1    1    1    1  1.30309E+11 0.06829 
   24   24    1    1    1    1    1    1    1    1  1.87933E+11 0.04788 
   25   25    1    1    1    1    1    1    1    1  2.48300E+11 0.05391 
   26   26    1    1    1    1    1    1    1    1  3.83850E+11 0.05331 
   27   27    1    1    1    1    1    1    1    1  6.74968E+11 0.03527 
   28   28    1    1    1    1    1    1    1    1  1.44315E+12 0.02161 
   29   29    1    1    1    1    1    1    1    1  2.27737E+12 0.01481 
   30   30    1    1    1    1    1    1    1    1  6.68580E+12 0.01322 
   31   31    1    1    1    1    1    1    1    1  2.03934E+13 0.00779 
   32   32    1    1    1    1    1    1    1    1  3.78669E+13 0.00452 
   33   33    1    1    1    1    1    1    1    1  8.76470E+13 0.00331 
   34   34    1    1    1    1    1    1    1    1  1.19352E+14 0.00238 
   35   35    1    1    1    1    1    1    1    1  1.64062E+14 0.00214 
   36   36    1    1    1    1    1    1    1    1  1.14955E+14 0.00179 
   37   37    1    1    1    1    1    1    1    1  3.57477E+13 0.00170 
   38   38    1    1    1    1    1    1    1    1  1.96334E+14 0.00146 
   39   39    1    1    1    1    1    1    1    1  2.62856E+14 0.00117 
   40   40    1    1    1    1    1    1    1    1  4.48827E+14 0.00105 
   41   41    1    1    1    1    1    1    1    1  4.56882E+14 0.00123 
   42   42    1    1    1    1    1    1    1    1  9.56767E+14 0.00119 
   43   43    1    1    1    1    1    1    1    1  1.14648E+15 0.00136 
   44   44    1    1    1    1    1    1    1    1  1.64112E+15 0.00117 
   45   45    1    1    1    1    1    1    1    1  3.22329E+15 0.00085 
   46   46    1    1    1    1    1    1    1    1  1.53515E+15 0.00088 
   47   47    1    1    1    1    1    1    1    1  2.46035E+15 0.00091 
   48   48    1    1    1    1    1    1    1    1  3.44295E+15 0.00085 
   49   49    1    1    1    1    1    1    1    1  3.39362E+15 0.00080 
   50   50    1    1    1    1    1    1    1    1  5.26054E+15 0.00086 
   51   51    1    1    1    1    1    1    1    1  4.22273E+15 0.00089 
   52   52    1    1    1    1    1    1    1    1  4.96083E+15 0.00077 
   53   53    1    1    1    1    1    1    1    1  3.47074E+15 0.00088 
   54   54    1    1    1    1    1    1    1    1  4.20598E+15 0.00074 
   55   55    1    1    1    1    1    1    1    1  2.90964E+15 0.00090 
   56   56    1    1    1    1    1    1    1    1  3.97730E+14 0.00112 
   57   57    1    1    1    1    1    1    1    1  5.78620E+15 0.00070 
   58   58    1    1    1    1    1    1    1    1  2.54694E+15 0.00062 
   59   59    1    1    1    1    1    1    1    1  2.72518E+15 0.00081 
   60   60    1    1    1    1    1    1    1    1  2.10583E+15 0.00090 
   61   61    1    1    1    1    1    1    1    1  2.11392E+15 0.00072 
   62   62    1    1    1    1    1    1    1    1  2.19099E+15 0.00084 
   63   63    1    1    1    1    1    1    1    1  1.83896E+15 0.00077 
   64   64    1    1    1    1    1    1    1    1  1.46364E+15 0.00087 
   65   65    1    1    1    1    1    1    1    1  1.44895E+15 0.00099 
   66   66    1    1    1    1    1    1    1    1  1.05497E+15 0.00113 
   67   67    1    1    1    1    1    1    1    1  8.62858E+14 0.00122 
   68   68    1    1    1    1    1    1    1    1  7.73606E+14 0.00109 
   69   69    1    1    1    1    1    1    1    1  9.30489E+14 0.00080 
   70   70    1    1    1    1    1    1    1    1  7.93400E+14 0.00135 
   71   71    1    1    1    1    1    1    1    1  1.46174E+15 0.00127 
   72   72    1    1    1    1    1    1    1    1  1.03555E+15 0.00116 
   73   73    1    1    1    1    1    1    1    1  7.80252E+14 0.00129 
   74   74    1    1    1    1    1    1    1    1  6.22451E+14 0.00103 
   75   75    1    1    1    1    1    1    1    1  5.13198E+14 0.00173 
   76   76    1    1    1    1    1    1    1    1  5.90649E+14 0.00149 
   77   77    1    1    1    1    1    1    1    1  4.64471E+14 0.00174 
   78   78    1    1    1    1    1    1    1    1  3.65841E+14 0.00189 
   79   79    1    1    1    1    1    1    1    1  3.76300E+14 0.00176 
   80   80    1    1    1    1    1    1    1    1  2.77629E+14 0.00172 
   81   81    1    1    1    1    1    1    1    1  2.13892E+14 0.00172 
   82   82    1    1    1    1    1    1    1    1  1.64256E+14 0.00249 
   83   83    1    1    1    1    1    1    1    1  1.53395E+14 0.00276 
   84   84    1    1    1    1    1    1    1    1  1.09917E+14 0.00271 
   85   85    1    1    1    1    1    1    1    1  7.94807E+13 0.00307 
   86   86    1    1    1    1    1    1    1    1  7.47275E+13 0.00380 
   87   87    1    1    1    1    1    1    1    1  4.61379E+13 0.00455 
   88   88    1    1    1    1    1    1    1    1  3.10431E+13 0.00503 
   89   89    1    1    1    1    1    1    1    1  1.77032E+13 0.00752 
   90   90    1    1    1    1    1    1    1    1  1.17852E+13 0.00910 
   91   91    1    1    1    1    1    1    1    1  5.95395E+12 0.01037 
   92   92    1    1    1    1    1    1    1    1  2.90856E+12 0.01864 
   93   93    1    1    1    1    1    1    1    1  1.44229E+12 0.01983 
   94   94    1    1    1    1    1    1    1    1  6.86482E+11 0.02896 
   95   95    1    1    1    1    1    1    1    1  3.15861E+11 0.06605 
   96   96    1    1    1    1    1    1    1    1  1.26510E+11 0.08853 
   97   97    1    1    1    1    1    1    1    1  8.69521E+10 0.07389 
   98   98    1    1    1    1    1    1    1    1  4.59650E+10 0.12202 
   99   99    1    1    1    1    1    1    1    1  1.74209E+10 0.19662 
  100  100    1    1    1    1    1    1    1    1  1.28209E+10 0.30663 
];


