
DETdpaspec = [
    1    1    1    1    1    1    1    1    1    1  0.00000E+00 0.00000 
    2    2    1    1    1    1    1    1    1    1  0.00000E+00 0.00000 
    3    3    1    1    1    1    1    1    1    1  0.00000E+00 0.00000 
    4    4    1    1    1    1    1    1    1    1  0.00000E+00 0.00000 
    5    5    1    1    1    1    1    1    1    1  0.00000E+00 0.00000 
    6    6    1    1    1    1    1    1    1    1  0.00000E+00 0.00000 
    7    7    1    1    1    1    1    1    1    1  2.01126E+07 1.00000 
    8    8    1    1    1    1    1    1    1    1  0.00000E+00 0.00000 
    9    9    1    1    1    1    1    1    1    1  0.00000E+00 0.00000 
   10   10    1    1    1    1    1    1    1    1  1.33260E+08 0.69732 
   11   11    1    1    1    1    1    1    1    1  6.75610E+07 1.00000 
   12   12    1    1    1    1    1    1    1    1  2.71695E+07 0.92585 
   13   13    1    1    1    1    1    1    1    1  2.78358E+09 0.60488 
   14   14    1    1    1    1    1    1    1    1  2.74517E+09 0.40669 
   15   15    1    1    1    1    1    1    1    1  4.80915E+09 0.53623 
   16   16    1    1    1    1    1    1    1    1  1.34964E+09 0.48508 
   17   17    1    1    1    1    1    1    1    1  3.12815E+09 0.26103 
   18   18    1    1    1    1    1    1    1    1  6.53701E+09 0.22287 
   19   19    1    1    1    1    1    1    1    1  9.70094E+09 0.22018 
   20   20    1    1    1    1    1    1    1    1  4.52969E+10 0.13162 
   21   21    1    1    1    1    1    1    1    1  2.96229E+10 0.10975 
   22   22    1    1    1    1    1    1    1    1  7.69819E+10 0.07144 
   23   23    1    1    1    1    1    1    1    1  1.11862E+11 0.05430 
   24   24    1    1    1    1    1    1    1    1  1.67059E+11 0.06303 
   25   25    1    1    1    1    1    1    1    1  1.92001E+11 0.05029 
   26   26    1    1    1    1    1    1    1    1  3.40425E+11 0.05355 
   27   27    1    1    1    1    1    1    1    1  5.68464E+11 0.02887 
   28   28    1    1    1    1    1    1    1    1  1.11770E+12 0.02092 
   29   29    1    1    1    1    1    1    1    1  1.69271E+12 0.01848 
   30   30    1    1    1    1    1    1    1    1  5.17185E+12 0.01126 
   31   31    1    1    1    1    1    1    1    1  1.55188E+13 0.00709 
   32   32    1    1    1    1    1    1    1    1  2.89099E+13 0.00602 
   33   33    1    1    1    1    1    1    1    1  6.40322E+13 0.00333 
   34   34    1    1    1    1    1    1    1    1  8.52991E+13 0.00360 
   35   35    1    1    1    1    1    1    1    1  1.21016E+14 0.00274 
   36   36    1    1    1    1    1    1    1    1  8.58558E+13 0.00192 
   37   37    1    1    1    1    1    1    1    1  2.70141E+13 0.00221 
   38   38    1    1    1    1    1    1    1    1  1.46447E+14 0.00165 
   39   39    1    1    1    1    1    1    1    1  1.94890E+14 0.00255 
   40   40    1    1    1    1    1    1    1    1  3.28792E+14 0.00211 
   41   41    1    1    1    1    1    1    1    1  3.37308E+14 0.00195 
   42   42    1    1    1    1    1    1    1    1  6.93856E+14 0.00163 
   43   43    1    1    1    1    1    1    1    1  8.27502E+14 0.00157 
   44   44    1    1    1    1    1    1    1    1  1.17451E+15 0.00163 
   45   45    1    1    1    1    1    1    1    1  2.26735E+15 0.00145 
   46   46    1    1    1    1    1    1    1    1  1.08033E+15 0.00130 
   47   47    1    1    1    1    1    1    1    1  1.73340E+15 0.00133 
   48   48    1    1    1    1    1    1    1    1  2.41210E+15 0.00136 
   49   49    1    1    1    1    1    1    1    1  2.37157E+15 0.00149 
   50   50    1    1    1    1    1    1    1    1  3.63404E+15 0.00133 
   51   51    1    1    1    1    1    1    1    1  2.92820E+15 0.00125 
   52   52    1    1    1    1    1    1    1    1  3.39334E+15 0.00115 
   53   53    1    1    1    1    1    1    1    1  2.36907E+15 0.00124 
   54   54    1    1    1    1    1    1    1    1  2.84001E+15 0.00124 
   55   55    1    1    1    1    1    1    1    1  1.96581E+15 0.00123 
   56   56    1    1    1    1    1    1    1    1  2.69337E+14 0.00166 
   57   57    1    1    1    1    1    1    1    1  3.90364E+15 0.00152 
   58   58    1    1    1    1    1    1    1    1  1.68920E+15 0.00144 
   59   59    1    1    1    1    1    1    1    1  1.80961E+15 0.00142 
   60   60    1    1    1    1    1    1    1    1  1.38290E+15 0.00162 
   61   61    1    1    1    1    1    1    1    1  1.38952E+15 0.00148 
   62   62    1    1    1    1    1    1    1    1  1.43653E+15 0.00183 
   63   63    1    1    1    1    1    1    1    1  1.20061E+15 0.00150 
   64   64    1    1    1    1    1    1    1    1  9.51753E+14 0.00152 
   65   65    1    1    1    1    1    1    1    1  9.43077E+14 0.00179 
   66   66    1    1    1    1    1    1    1    1  6.84432E+14 0.00159 
   67   67    1    1    1    1    1    1    1    1  5.61627E+14 0.00167 
   68   68    1    1    1    1    1    1    1    1  5.04493E+14 0.00192 
   69   69    1    1    1    1    1    1    1    1  6.06225E+14 0.00221 
   70   70    1    1    1    1    1    1    1    1  5.18297E+14 0.00210 
   71   71    1    1    1    1    1    1    1    1  9.56104E+14 0.00186 
   72   72    1    1    1    1    1    1    1    1  6.81165E+14 0.00191 
   73   73    1    1    1    1    1    1    1    1  5.08806E+14 0.00191 
   74   74    1    1    1    1    1    1    1    1  4.03143E+14 0.00261 
   75   75    1    1    1    1    1    1    1    1  3.29296E+14 0.00210 
   76   76    1    1    1    1    1    1    1    1  3.75693E+14 0.00234 
   77   77    1    1    1    1    1    1    1    1  2.92958E+14 0.00255 
   78   78    1    1    1    1    1    1    1    1  2.29332E+14 0.00224 
   79   79    1    1    1    1    1    1    1    1  2.34370E+14 0.00266 
   80   80    1    1    1    1    1    1    1    1  1.73481E+14 0.00222 
   81   81    1    1    1    1    1    1    1    1  1.32111E+14 0.00178 
   82   82    1    1    1    1    1    1    1    1  1.02433E+14 0.00293 
   83   83    1    1    1    1    1    1    1    1  9.49657E+13 0.00327 
   84   84    1    1    1    1    1    1    1    1  6.85623E+13 0.00441 
   85   85    1    1    1    1    1    1    1    1  4.91586E+13 0.00433 
   86   86    1    1    1    1    1    1    1    1  4.62006E+13 0.00426 
   87   87    1    1    1    1    1    1    1    1  2.85141E+13 0.00493 
   88   88    1    1    1    1    1    1    1    1  1.93214E+13 0.00571 
   89   89    1    1    1    1    1    1    1    1  1.12357E+13 0.00881 
   90   90    1    1    1    1    1    1    1    1  7.44511E+12 0.00940 
   91   91    1    1    1    1    1    1    1    1  3.79348E+12 0.01303 
   92   92    1    1    1    1    1    1    1    1  1.79711E+12 0.02018 
   93   93    1    1    1    1    1    1    1    1  9.12819E+11 0.01931 
   94   94    1    1    1    1    1    1    1    1  4.52042E+11 0.04380 
   95   95    1    1    1    1    1    1    1    1  2.28643E+11 0.04887 
   96   96    1    1    1    1    1    1    1    1  1.06208E+11 0.08944 
   97   97    1    1    1    1    1    1    1    1  3.78371E+10 0.12870 
   98   98    1    1    1    1    1    1    1    1  2.74818E+10 0.17173 
   99   99    1    1    1    1    1    1    1    1  1.11001E+10 0.23346 
  100  100    1    1    1    1    1    1    1    1  3.67786E+09 0.51218 
];


