
DETdpaspec = [
    1    1    1    1    1    1    1    1    1    1  0.00000E+00 0.00000 
    2    2    1    1    1    1    1    1    1    1  0.00000E+00 0.00000 
    3    3    1    1    1    1    1    1    1    1  0.00000E+00 0.00000 
    4    4    1    1    1    1    1    1    1    1  0.00000E+00 0.00000 
    5    5    1    1    1    1    1    1    1    1  0.00000E+00 0.00000 
    6    6    1    1    1    1    1    1    1    1  1.04449E+07 1.00000 
    7    7    1    1    1    1    1    1    1    1  1.93666E+07 1.00000 
    8    8    1    1    1    1    1    1    1    1  0.00000E+00 0.00000 
    9    9    1    1    1    1    1    1    1    1  3.38789E+07 1.00000 
   10   10    1    1    1    1    1    1    1    1  5.77490E+07 1.00000 
   11   11    1    1    1    1    1    1    1    1  2.42164E+08 0.61219 
   12   12    1    1    1    1    1    1    1    1  1.05841E+08 0.69528 
   13   13    1    1    1    1    1    1    1    1  1.72115E+09 0.37204 
   14   14    1    1    1    1    1    1    1    1  4.07946E+09 0.44146 
   15   15    1    1    1    1    1    1    1    1  8.14677E+09 0.55007 
   16   16    1    1    1    1    1    1    1    1  8.89942E+08 0.31463 
   17   17    1    1    1    1    1    1    1    1  4.35079E+09 0.17193 
   18   18    1    1    1    1    1    1    1    1  7.78547E+09 0.22030 
   19   19    1    1    1    1    1    1    1    1  1.32267E+10 0.19723 
   20   20    1    1    1    1    1    1    1    1  4.60845E+10 0.08311 
   21   21    1    1    1    1    1    1    1    1  3.09175E+10 0.09756 
   22   22    1    1    1    1    1    1    1    1  8.73112E+10 0.07421 
   23   23    1    1    1    1    1    1    1    1  1.12841E+11 0.07452 
   24   24    1    1    1    1    1    1    1    1  1.92098E+11 0.05584 
   25   25    1    1    1    1    1    1    1    1  2.22537E+11 0.05367 
   26   26    1    1    1    1    1    1    1    1  3.58176E+11 0.04424 
   27   27    1    1    1    1    1    1    1    1  6.16978E+11 0.03180 
   28   28    1    1    1    1    1    1    1    1  1.28570E+12 0.02088 
   29   29    1    1    1    1    1    1    1    1  1.91002E+12 0.01748 
   30   30    1    1    1    1    1    1    1    1  5.64958E+12 0.01616 
   31   31    1    1    1    1    1    1    1    1  1.71920E+13 0.00678 
   32   32    1    1    1    1    1    1    1    1  3.22283E+13 0.00581 
   33   33    1    1    1    1    1    1    1    1  7.31620E+13 0.00442 
   34   34    1    1    1    1    1    1    1    1  9.77115E+13 0.00385 
   35   35    1    1    1    1    1    1    1    1  1.37786E+14 0.00298 
   36   36    1    1    1    1    1    1    1    1  9.72895E+13 0.00252 
   37   37    1    1    1    1    1    1    1    1  3.05643E+13 0.00266 
   38   38    1    1    1    1    1    1    1    1  1.65961E+14 0.00219 
   39   39    1    1    1    1    1    1    1    1  2.21302E+14 0.00264 
   40   40    1    1    1    1    1    1    1    1  3.75014E+14 0.00226 
   41   41    1    1    1    1    1    1    1    1  3.84635E+14 0.00205 
   42   42    1    1    1    1    1    1    1    1  7.95719E+14 0.00177 
   43   43    1    1    1    1    1    1    1    1  9.50035E+14 0.00182 
   44   44    1    1    1    1    1    1    1    1  1.35281E+15 0.00145 
   45   45    1    1    1    1    1    1    1    1  2.62709E+15 0.00127 
   46   46    1    1    1    1    1    1    1    1  1.25347E+15 0.00142 
   47   47    1    1    1    1    1    1    1    1  2.01210E+15 0.00148 
   48   48    1    1    1    1    1    1    1    1  2.80343E+15 0.00145 
   49   49    1    1    1    1    1    1    1    1  2.76198E+15 0.00139 
   50   50    1    1    1    1    1    1    1    1  4.24755E+15 0.00139 
   51   51    1    1    1    1    1    1    1    1  3.42089E+15 0.00141 
   52   52    1    1    1    1    1    1    1    1  3.97929E+15 0.00147 
   53   53    1    1    1    1    1    1    1    1  2.78095E+15 0.00158 
   54   54    1    1    1    1    1    1    1    1  3.34921E+15 0.00159 
   55   55    1    1    1    1    1    1    1    1  2.31679E+15 0.00156 
   56   56    1    1    1    1    1    1    1    1  3.17246E+14 0.00151 
   57   57    1    1    1    1    1    1    1    1  4.59493E+15 0.00146 
   58   58    1    1    1    1    1    1    1    1  2.00286E+15 0.00149 
   59   59    1    1    1    1    1    1    1    1  2.14585E+15 0.00120 
   60   60    1    1    1    1    1    1    1    1  1.64612E+15 0.00154 
   61   61    1    1    1    1    1    1    1    1  1.65488E+15 0.00165 
   62   62    1    1    1    1    1    1    1    1  1.71262E+15 0.00128 
   63   63    1    1    1    1    1    1    1    1  1.43140E+15 0.00150 
   64   64    1    1    1    1    1    1    1    1  1.13767E+15 0.00174 
   65   65    1    1    1    1    1    1    1    1  1.12808E+15 0.00185 
   66   66    1    1    1    1    1    1    1    1  8.18550E+14 0.00167 
   67   67    1    1    1    1    1    1    1    1  6.70677E+14 0.00196 
   68   68    1    1    1    1    1    1    1    1  6.03685E+14 0.00209 
   69   69    1    1    1    1    1    1    1    1  7.24117E+14 0.00220 
   70   70    1    1    1    1    1    1    1    1  6.19579E+14 0.00173 
   71   71    1    1    1    1    1    1    1    1  1.13965E+15 0.00193 
   72   72    1    1    1    1    1    1    1    1  8.09538E+14 0.00189 
   73   73    1    1    1    1    1    1    1    1  6.09059E+14 0.00162 
   74   74    1    1    1    1    1    1    1    1  4.82995E+14 0.00182 
   75   75    1    1    1    1    1    1    1    1  3.96521E+14 0.00186 
   76   76    1    1    1    1    1    1    1    1  4.52983E+14 0.00177 
   77   77    1    1    1    1    1    1    1    1  3.52932E+14 0.00247 
   78   78    1    1    1    1    1    1    1    1  2.77204E+14 0.00235 
   79   79    1    1    1    1    1    1    1    1  2.84762E+14 0.00258 
   80   80    1    1    1    1    1    1    1    1  2.09919E+14 0.00259 
   81   81    1    1    1    1    1    1    1    1  1.61361E+14 0.00253 
   82   82    1    1    1    1    1    1    1    1  1.23826E+14 0.00275 
   83   83    1    1    1    1    1    1    1    1  1.16317E+14 0.00261 
   84   84    1    1    1    1    1    1    1    1  8.30335E+13 0.00339 
   85   85    1    1    1    1    1    1    1    1  6.01022E+13 0.00289 
   86   86    1    1    1    1    1    1    1    1  5.61147E+13 0.00461 
   87   87    1    1    1    1    1    1    1    1  3.46045E+13 0.00552 
   88   88    1    1    1    1    1    1    1    1  2.30699E+13 0.00556 
   89   89    1    1    1    1    1    1    1    1  1.34186E+13 0.00752 
   90   90    1    1    1    1    1    1    1    1  8.95040E+12 0.00759 
   91   91    1    1    1    1    1    1    1    1  4.44422E+12 0.01042 
   92   92    1    1    1    1    1    1    1    1  2.27008E+12 0.01747 
   93   93    1    1    1    1    1    1    1    1  1.09453E+12 0.03111 
   94   94    1    1    1    1    1    1    1    1  5.20264E+11 0.03453 
   95   95    1    1    1    1    1    1    1    1  2.33863E+11 0.05612 
   96   96    1    1    1    1    1    1    1    1  1.19994E+11 0.04596 
   97   97    1    1    1    1    1    1    1    1  5.63909E+10 0.11878 
   98   98    1    1    1    1    1    1    1    1  2.59628E+10 0.14969 
   99   99    1    1    1    1    1    1    1    1  2.31486E+10 0.24416 
  100  100    1    1    1    1    1    1    1    1  1.01566E+10 0.36638 
];


