
DETdpaspec = [
    1    1    1    1    1    1    1    1    1    1  0.00000E+00 0.00000 
    2    2    1    1    1    1    1    1    1    1  0.00000E+00 0.00000 
    3    3    1    1    1    1    1    1    1    1  0.00000E+00 0.00000 
    4    4    1    1    1    1    1    1    1    1  0.00000E+00 0.00000 
    5    5    1    1    1    1    1    1    1    1  0.00000E+00 0.00000 
    6    6    1    1    1    1    1    1    1    1  0.00000E+00 0.00000 
    7    7    1    1    1    1    1    1    1    1  0.00000E+00 0.00000 
    8    8    1    1    1    1    1    1    1    1  0.00000E+00 0.00000 
    9    9    1    1    1    1    1    1    1    1  4.43949E+07 0.57136 
   10   10    1    1    1    1    1    1    1    1  0.00000E+00 0.00000 
   11   11    1    1    1    1    1    1    1    1  7.34819E+07 1.00000 
   12   12    1    1    1    1    1    1    1    1  4.47315E+07 1.00000 
   13   13    1    1    1    1    1    1    1    1  1.70468E+09 0.60071 
   14   14    1    1    1    1    1    1    1    1  5.64801E+09 0.44678 
   15   15    1    1    1    1    1    1    1    1  2.80454E+09 0.52833 
   16   16    1    1    1    1    1    1    1    1  1.41338E+09 0.30096 
   17   17    1    1    1    1    1    1    1    1  5.19061E+09 0.29429 
   18   18    1    1    1    1    1    1    1    1  1.11861E+10 0.21655 
   19   19    1    1    1    1    1    1    1    1  1.06724E+10 0.22451 
   20   20    1    1    1    1    1    1    1    1  3.67467E+10 0.19732 
   21   21    1    1    1    1    1    1    1    1  2.98079E+10 0.10994 
   22   22    1    1    1    1    1    1    1    1  6.28871E+10 0.10392 
   23   23    1    1    1    1    1    1    1    1  1.06268E+11 0.08688 
   24   24    1    1    1    1    1    1    1    1  2.07828E+11 0.05628 
   25   25    1    1    1    1    1    1    1    1  2.71040E+11 0.05768 
   26   26    1    1    1    1    1    1    1    1  4.71548E+11 0.02935 
   27   27    1    1    1    1    1    1    1    1  1.02443E+12 0.03109 
   28   28    1    1    1    1    1    1    1    1  2.57987E+12 0.02152 
   29   29    1    1    1    1    1    1    1    1  4.76923E+12 0.01192 
   30   30    1    1    1    1    1    1    1    1  1.21540E+13 0.00632 
   31   31    1    1    1    1    1    1    1    1  3.53750E+13 0.00712 
   32   32    1    1    1    1    1    1    1    1  6.23237E+13 0.00415 
   33   33    1    1    1    1    1    1    1    1  1.43830E+14 0.00330 
   34   34    1    1    1    1    1    1    1    1  1.97800E+14 0.00169 
   35   35    1    1    1    1    1    1    1    1  2.44110E+14 0.00164 
   36   36    1    1    1    1    1    1    1    1  1.62369E+14 0.00162 
   37   37    1    1    1    1    1    1    1    1  4.89017E+13 0.00222 
   38   38    1    1    1    1    1    1    1    1  2.75038E+14 0.00155 
   39   39    1    1    1    1    1    1    1    1  3.68142E+14 0.00126 
   40   40    1    1    1    1    1    1    1    1  6.34610E+14 0.00096 
   41   41    1    1    1    1    1    1    1    1  6.27990E+14 0.00081 
   42   42    1    1    1    1    1    1    1    1  1.33663E+15 0.00085 
   43   43    1    1    1    1    1    1    1    1  1.60690E+15 0.00095 
   44   44    1    1    1    1    1    1    1    1  2.30000E+15 0.00088 
   45   45    1    1    1    1    1    1    1    1  4.57483E+15 0.00071 
   46   46    1    1    1    1    1    1    1    1  2.14846E+15 0.00073 
   47   47    1    1    1    1    1    1    1    1  3.41234E+15 0.00080 
   48   48    1    1    1    1    1    1    1    1  4.77219E+15 0.00053 
   49   49    1    1    1    1    1    1    1    1  4.66623E+15 0.00059 
   50   50    1    1    1    1    1    1    1    1  7.33808E+15 0.00061 
   51   51    1    1    1    1    1    1    1    1  5.79008E+15 0.00066 
   52   52    1    1    1    1    1    1    1    1  6.93481E+15 0.00052 
   53   53    1    1    1    1    1    1    1    1  4.82025E+15 0.00043 
   54   54    1    1    1    1    1    1    1    1  5.96548E+15 0.00047 
   55   55    1    1    1    1    1    1    1    1  4.11067E+15 0.00053 
   56   56    1    1    1    1    1    1    1    1  5.57803E+14 0.00076 
   57   57    1    1    1    1    1    1    1    1  8.15305E+15 0.00060 
   58   58    1    1    1    1    1    1    1    1  3.68137E+15 0.00059 
   59   59    1    1    1    1    1    1    1    1  3.91391E+15 0.00069 
   60   60    1    1    1    1    1    1    1    1  3.08063E+15 0.00072 
   61   61    1    1    1    1    1    1    1    1  3.08002E+15 0.00077 
   62   62    1    1    1    1    1    1    1    1  3.20589E+15 0.00065 
   63   63    1    1    1    1    1    1    1    1  2.70293E+15 0.00064 
   64   64    1    1    1    1    1    1    1    1  2.14855E+15 0.00068 
   65   65    1    1    1    1    1    1    1    1  2.13441E+15 0.00088 
   66   66    1    1    1    1    1    1    1    1  1.55318E+15 0.00088 
   67   67    1    1    1    1    1    1    1    1  1.26317E+15 0.00095 
   68   68    1    1    1    1    1    1    1    1  1.13171E+15 0.00104 
   69   69    1    1    1    1    1    1    1    1  1.35863E+15 0.00069 
   70   70    1    1    1    1    1    1    1    1  1.15705E+15 0.00097 
   71   71    1    1    1    1    1    1    1    1  2.09152E+15 0.00077 
   72   72    1    1    1    1    1    1    1    1  1.48213E+15 0.00106 
   73   73    1    1    1    1    1    1    1    1  1.12020E+15 0.00103 
   74   74    1    1    1    1    1    1    1    1  9.06406E+14 0.00126 
   75   75    1    1    1    1    1    1    1    1  7.55620E+14 0.00117 
   76   76    1    1    1    1    1    1    1    1  8.81310E+14 0.00093 
   77   77    1    1    1    1    1    1    1    1  7.00120E+14 0.00135 
   78   78    1    1    1    1    1    1    1    1  5.59827E+14 0.00158 
   79   79    1    1    1    1    1    1    1    1  5.81195E+14 0.00129 
   80   80    1    1    1    1    1    1    1    1  4.30005E+14 0.00119 
   81   81    1    1    1    1    1    1    1    1  3.32530E+14 0.00127 
   82   82    1    1    1    1    1    1    1    1  2.56274E+14 0.00167 
   83   83    1    1    1    1    1    1    1    1  2.39930E+14 0.00216 
   84   84    1    1    1    1    1    1    1    1  1.72491E+14 0.00242 
   85   85    1    1    1    1    1    1    1    1  1.24799E+14 0.00239 
   86   86    1    1    1    1    1    1    1    1  1.16766E+14 0.00273 
   87   87    1    1    1    1    1    1    1    1  7.18992E+13 0.00434 
   88   88    1    1    1    1    1    1    1    1  4.80707E+13 0.00442 
   89   89    1    1    1    1    1    1    1    1  2.74491E+13 0.00620 
   90   90    1    1    1    1    1    1    1    1  1.83446E+13 0.00531 
   91   91    1    1    1    1    1    1    1    1  9.06672E+12 0.00991 
   92   92    1    1    1    1    1    1    1    1  4.49406E+12 0.01089 
   93   93    1    1    1    1    1    1    1    1  2.08088E+12 0.01485 
   94   94    1    1    1    1    1    1    1    1  1.02868E+12 0.03305 
   95   95    1    1    1    1    1    1    1    1  4.94250E+11 0.02808 
   96   96    1    1    1    1    1    1    1    1  2.33664E+11 0.04853 
   97   97    1    1    1    1    1    1    1    1  1.14650E+11 0.09979 
   98   98    1    1    1    1    1    1    1    1  5.90320E+10 0.11384 
   99   99    1    1    1    1    1    1    1    1  2.29214E+10 0.19740 
  100  100    1    1    1    1    1    1    1    1  3.18667E+10 0.22266 
];


