
DETdpaspec = [
    1    1    1    1    1    1    1    1    1    1  0.00000E+00 0.00000 
    2    2    1    1    1    1    1    1    1    1  0.00000E+00 0.00000 
    3    3    1    1    1    1    1    1    1    1  0.00000E+00 0.00000 
    4    4    1    1    1    1    1    1    1    1  0.00000E+00 0.00000 
    5    5    1    1    1    1    1    1    1    1  0.00000E+00 0.00000 
    6    6    1    1    1    1    1    1    1    1  0.00000E+00 0.00000 
    7    7    1    1    1    1    1    1    1    1  0.00000E+00 0.00000 
    8    8    1    1    1    1    1    1    1    1  0.00000E+00 0.00000 
    9    9    1    1    1    1    1    1    1    1  0.00000E+00 0.00000 
   10   10    1    1    1    1    1    1    1    1  1.72252E+08 1.00000 
   11   11    1    1    1    1    1    1    1    1  0.00000E+00 0.00000 
   12   12    1    1    1    1    1    1    1    1  4.66539E+08 1.00000 
   13   13    1    1    1    1    1    1    1    1  6.85446E+08 0.81399 
   14   14    1    1    1    1    1    1    1    1  2.91480E+09 0.82212 
   15   15    1    1    1    1    1    1    1    1  1.11622E+09 0.75562 
   16   16    1    1    1    1    1    1    1    1  0.00000E+00 0.00000 
   17   17    1    1    1    1    1    1    1    1  3.55930E+09 0.50975 
   18   18    1    1    1    1    1    1    1    1  7.35404E+09 0.34129 
   19   19    1    1    1    1    1    1    1    1  7.58226E+09 0.34555 
   20   20    1    1    1    1    1    1    1    1  1.55038E+10 0.29270 
   21   21    1    1    1    1    1    1    1    1  4.37158E+10 0.12274 
   22   22    1    1    1    1    1    1    1    1  1.70458E+11 0.06855 
   23   23    1    1    1    1    1    1    1    1  7.43449E+11 0.02693 
   24   24    1    1    1    1    1    1    1    1  2.26707E+12 0.02345 
   25   25    1    1    1    1    1    1    1    1  3.59442E+12 0.01440 
   26   26    1    1    1    1    1    1    1    1  7.36463E+12 0.00983 
   27   27    1    1    1    1    1    1    1    1  1.36574E+13 0.00762 
   28   28    1    1    1    1    1    1    1    1  2.48365E+13 0.00566 
   29   29    1    1    1    1    1    1    1    1  3.73802E+13 0.00465 
   30   30    1    1    1    1    1    1    1    1  6.91586E+13 0.00387 
   31   31    1    1    1    1    1    1    1    1  1.34988E+14 0.00297 
   32   32    1    1    1    1    1    1    1    1  1.89629E+14 0.00270 
   33   33    1    1    1    1    1    1    1    1  3.62152E+14 0.00190 
   34   34    1    1    1    1    1    1    1    1  4.35487E+14 0.00160 
   35   35    1    1    1    1    1    1    1    1  4.40287E+14 0.00141 
   36   36    1    1    1    1    1    1    1    1  2.61904E+14 0.00152 
   37   37    1    1    1    1    1    1    1    1  7.60694E+13 0.00132 
   38   38    1    1    1    1    1    1    1    1  4.29760E+14 0.00144 
   39   39    1    1    1    1    1    1    1    1  5.59445E+14 0.00112 
   40   40    1    1    1    1    1    1    1    1  9.38781E+14 0.00104 
   41   41    1    1    1    1    1    1    1    1  8.84657E+14 0.00082 
   42   42    1    1    1    1    1    1    1    1  1.85649E+15 0.00070 
   43   43    1    1    1    1    1    1    1    1  2.16389E+15 0.00078 
   44   44    1    1    1    1    1    1    1    1  2.99549E+15 0.00069 
   45   45    1    1    1    1    1    1    1    1  5.70560E+15 0.00080 
   46   46    1    1    1    1    1    1    1    1  2.54237E+15 0.00079 
   47   47    1    1    1    1    1    1    1    1  3.94715E+15 0.00076 
   48   48    1    1    1    1    1    1    1    1  5.34427E+15 0.00077 
   49   49    1    1    1    1    1    1    1    1  5.08871E+15 0.00074 
   50   50    1    1    1    1    1    1    1    1  7.84552E+15 0.00082 
   51   51    1    1    1    1    1    1    1    1  5.95428E+15 0.00086 
   52   52    1    1    1    1    1    1    1    1  7.08464E+15 0.00084 
   53   53    1    1    1    1    1    1    1    1  4.80414E+15 0.00091 
   54   54    1    1    1    1    1    1    1    1  5.92383E+15 0.00085 
   55   55    1    1    1    1    1    1    1    1  4.02033E+15 0.00091 
   56   56    1    1    1    1    1    1    1    1  5.40773E+14 0.00115 
   57   57    1    1    1    1    1    1    1    1  7.84506E+15 0.00087 
   58   58    1    1    1    1    1    1    1    1  3.54951E+15 0.00089 
   59   59    1    1    1    1    1    1    1    1  3.70954E+15 0.00090 
   60   60    1    1    1    1    1    1    1    1  2.92584E+15 0.00101 
   61   61    1    1    1    1    1    1    1    1  2.90024E+15 0.00101 
   62   62    1    1    1    1    1    1    1    1  2.99575E+15 0.00119 
   63   63    1    1    1    1    1    1    1    1  2.50751E+15 0.00106 
   64   64    1    1    1    1    1    1    1    1  1.97464E+15 0.00105 
   65   65    1    1    1    1    1    1    1    1  1.94437E+15 0.00101 
   66   66    1    1    1    1    1    1    1    1  1.40215E+15 0.00100 
   67   67    1    1    1    1    1    1    1    1  1.12956E+15 0.00096 
   68   68    1    1    1    1    1    1    1    1  1.00349E+15 0.00126 
   69   69    1    1    1    1    1    1    1    1  1.19742E+15 0.00115 
   70   70    1    1    1    1    1    1    1    1  1.00829E+15 0.00163 
   71   71    1    1    1    1    1    1    1    1  1.78328E+15 0.00134 
   72   72    1    1    1    1    1    1    1    1  1.24465E+15 0.00153 
   73   73    1    1    1    1    1    1    1    1  9.33431E+14 0.00142 
   74   74    1    1    1    1    1    1    1    1  7.57304E+14 0.00110 
   75   75    1    1    1    1    1    1    1    1  6.35163E+14 0.00151 
   76   76    1    1    1    1    1    1    1    1  7.43964E+14 0.00163 
   77   77    1    1    1    1    1    1    1    1  5.93501E+14 0.00177 
   78   78    1    1    1    1    1    1    1    1  4.75076E+14 0.00153 
   79   79    1    1    1    1    1    1    1    1  4.93137E+14 0.00186 
   80   80    1    1    1    1    1    1    1    1  3.65285E+14 0.00172 
   81   81    1    1    1    1    1    1    1    1  2.81296E+14 0.00248 
   82   82    1    1    1    1    1    1    1    1  2.15294E+14 0.00220 
   83   83    1    1    1    1    1    1    1    1  2.00117E+14 0.00205 
   84   84    1    1    1    1    1    1    1    1  1.43658E+14 0.00278 
   85   85    1    1    1    1    1    1    1    1  1.03537E+14 0.00333 
   86   86    1    1    1    1    1    1    1    1  9.59478E+13 0.00334 
   87   87    1    1    1    1    1    1    1    1  5.82174E+13 0.00332 
   88   88    1    1    1    1    1    1    1    1  3.88714E+13 0.00470 
   89   89    1    1    1    1    1    1    1    1  2.17749E+13 0.00455 
   90   90    1    1    1    1    1    1    1    1  1.43562E+13 0.00713 
   91   91    1    1    1    1    1    1    1    1  7.02588E+12 0.01272 
   92   92    1    1    1    1    1    1    1    1  3.52023E+12 0.00998 
   93   93    1    1    1    1    1    1    1    1  1.61545E+12 0.02368 
   94   94    1    1    1    1    1    1    1    1  7.55022E+11 0.03317 
   95   95    1    1    1    1    1    1    1    1  3.64096E+11 0.03965 
   96   96    1    1    1    1    1    1    1    1  1.72308E+11 0.05440 
   97   97    1    1    1    1    1    1    1    1  7.52480E+10 0.09863 
   98   98    1    1    1    1    1    1    1    1  4.23619E+10 0.15518 
   99   99    1    1    1    1    1    1    1    1  1.49864E+10 0.22670 
  100  100    1    1    1    1    1    1    1    1  8.87894E+09 0.26166 
];


