
DETdpaspec = [
    1    1    1    1    1    1    1    1    1    1  0.00000E+00 0.00000 
    2    2    1    1    1    1    1    1    1    1  0.00000E+00 0.00000 
    3    3    1    1    1    1    1    1    1    1  0.00000E+00 0.00000 
    4    4    1    1    1    1    1    1    1    1  0.00000E+00 0.00000 
    5    5    1    1    1    1    1    1    1    1  0.00000E+00 0.00000 
    6    6    1    1    1    1    1    1    1    1  0.00000E+00 0.00000 
    7    7    1    1    1    1    1    1    1    1  2.03169E+07 1.00000 
    8    8    1    1    1    1    1    1    1    1  4.49715E+07 1.00000 
    9    9    1    1    1    1    1    1    1    1  1.36420E+07 1.00000 
   10   10    1    1    1    1    1    1    1    1  3.06309E+07 1.00000 
   11   11    1    1    1    1    1    1    1    1  1.19167E+08 0.69996 
   12   12    1    1    1    1    1    1    1    1  1.14932E+08 0.67717 
   13   13    1    1    1    1    1    1    1    1  5.12567E+08 0.52975 
   14   14    1    1    1    1    1    1    1    1  8.58912E+08 0.51751 
   15   15    1    1    1    1    1    1    1    1  4.48469E+09 0.34194 
   16   16    1    1    1    1    1    1    1    1  3.12445E+09 0.30151 
   17   17    1    1    1    1    1    1    1    1  3.39325E+09 0.29981 
   18   18    1    1    1    1    1    1    1    1  6.44584E+09 0.20041 
   19   19    1    1    1    1    1    1    1    1  9.76270E+09 0.28872 
   20   20    1    1    1    1    1    1    1    1  2.77674E+10 0.14651 
   21   21    1    1    1    1    1    1    1    1  2.36118E+10 0.10182 
   22   22    1    1    1    1    1    1    1    1  7.46529E+10 0.07915 
   23   23    1    1    1    1    1    1    1    1  8.77668E+10 0.08288 
   24   24    1    1    1    1    1    1    1    1  1.42112E+11 0.05831 
   25   25    1    1    1    1    1    1    1    1  1.56578E+11 0.05510 
   26   26    1    1    1    1    1    1    1    1  2.61110E+11 0.05203 
   27   27    1    1    1    1    1    1    1    1  4.87563E+11 0.02734 
   28   28    1    1    1    1    1    1    1    1  9.41357E+11 0.02621 
   29   29    1    1    1    1    1    1    1    1  1.30549E+12 0.02073 
   30   30    1    1    1    1    1    1    1    1  4.10934E+12 0.01656 
   31   31    1    1    1    1    1    1    1    1  1.20939E+13 0.01028 
   32   32    1    1    1    1    1    1    1    1  2.22507E+13 0.00613 
   33   33    1    1    1    1    1    1    1    1  4.92950E+13 0.00258 
   34   34    1    1    1    1    1    1    1    1  6.47706E+13 0.00335 
   35   35    1    1    1    1    1    1    1    1  9.33509E+13 0.00322 
   36   36    1    1    1    1    1    1    1    1  6.61519E+13 0.00309 
   37   37    1    1    1    1    1    1    1    1  2.09209E+13 0.00316 
   38   38    1    1    1    1    1    1    1    1  1.12068E+14 0.00267 
   39   39    1    1    1    1    1    1    1    1  1.48805E+14 0.00230 
   40   40    1    1    1    1    1    1    1    1  2.49678E+14 0.00203 
   41   41    1    1    1    1    1    1    1    1  2.57293E+14 0.00177 
   42   42    1    1    1    1    1    1    1    1  5.22709E+14 0.00178 
   43   43    1    1    1    1    1    1    1    1  6.20815E+14 0.00147 
   44   44    1    1    1    1    1    1    1    1  8.76261E+14 0.00135 
   45   45    1    1    1    1    1    1    1    1  1.67233E+15 0.00121 
   46   46    1    1    1    1    1    1    1    1  7.95380E+14 0.00124 
   47   47    1    1    1    1    1    1    1    1  1.27618E+15 0.00151 
   48   48    1    1    1    1    1    1    1    1  1.76719E+15 0.00126 
   49   49    1    1    1    1    1    1    1    1  1.73566E+15 0.00145 
   50   50    1    1    1    1    1    1    1    1  2.63381E+15 0.00140 
   51   51    1    1    1    1    1    1    1    1  2.12353E+15 0.00163 
   52   52    1    1    1    1    1    1    1    1  2.44094E+15 0.00166 
   53   53    1    1    1    1    1    1    1    1  1.70391E+15 0.00152 
   54   54    1    1    1    1    1    1    1    1  2.02645E+15 0.00161 
   55   55    1    1    1    1    1    1    1    1  1.40187E+15 0.00156 
   56   56    1    1    1    1    1    1    1    1  1.92459E+14 0.00187 
   57   57    1    1    1    1    1    1    1    1  2.77464E+15 0.00173 
   58   58    1    1    1    1    1    1    1    1  1.19307E+15 0.00143 
   59   59    1    1    1    1    1    1    1    1  1.27714E+15 0.00191 
   60   60    1    1    1    1    1    1    1    1  9.69654E+14 0.00184 
   61   61    1    1    1    1    1    1    1    1  9.74184E+14 0.00172 
   62   62    1    1    1    1    1    1    1    1  1.00514E+15 0.00197 
   63   63    1    1    1    1    1    1    1    1  8.37042E+14 0.00169 
   64   64    1    1    1    1    1    1    1    1  6.64794E+14 0.00189 
   65   65    1    1    1    1    1    1    1    1  6.57100E+14 0.00181 
   66   66    1    1    1    1    1    1    1    1  4.75314E+14 0.00171 
   67   67    1    1    1    1    1    1    1    1  3.90499E+14 0.00202 
   68   68    1    1    1    1    1    1    1    1  3.50081E+14 0.00238 
   69   69    1    1    1    1    1    1    1    1  4.20789E+14 0.00248 
   70   70    1    1    1    1    1    1    1    1  3.58857E+14 0.00209 
   71   71    1    1    1    1    1    1    1    1  6.66331E+14 0.00206 
   72   72    1    1    1    1    1    1    1    1  4.73831E+14 0.00283 
   73   73    1    1    1    1    1    1    1    1  3.55294E+14 0.00242 
   74   74    1    1    1    1    1    1    1    1  2.80802E+14 0.00250 
   75   75    1    1    1    1    1    1    1    1  2.27962E+14 0.00222 
   76   76    1    1    1    1    1    1    1    1  2.57867E+14 0.00286 
   77   77    1    1    1    1    1    1    1    1  2.00265E+14 0.00331 
   78   78    1    1    1    1    1    1    1    1  1.56370E+14 0.00227 
   79   79    1    1    1    1    1    1    1    1  1.59301E+14 0.00261 
   80   80    1    1    1    1    1    1    1    1  1.18105E+14 0.00261 
   81   81    1    1    1    1    1    1    1    1  9.01126E+13 0.00314 
   82   82    1    1    1    1    1    1    1    1  6.90987E+13 0.00381 
   83   83    1    1    1    1    1    1    1    1  6.49929E+13 0.00307 
   84   84    1    1    1    1    1    1    1    1  4.63355E+13 0.00420 
   85   85    1    1    1    1    1    1    1    1  3.33104E+13 0.00646 
   86   86    1    1    1    1    1    1    1    1  3.13290E+13 0.00658 
   87   87    1    1    1    1    1    1    1    1  1.91890E+13 0.00708 
   88   88    1    1    1    1    1    1    1    1  1.31977E+13 0.00939 
   89   89    1    1    1    1    1    1    1    1  7.64217E+12 0.01030 
   90   90    1    1    1    1    1    1    1    1  5.01840E+12 0.01560 
   91   91    1    1    1    1    1    1    1    1  2.58003E+12 0.01814 
   92   92    1    1    1    1    1    1    1    1  1.19595E+12 0.02748 
   93   93    1    1    1    1    1    1    1    1  6.02783E+11 0.03118 
   94   94    1    1    1    1    1    1    1    1  3.18947E+11 0.05728 
   95   95    1    1    1    1    1    1    1    1  1.44653E+11 0.07922 
   96   96    1    1    1    1    1    1    1    1  8.20408E+10 0.11976 
   97   97    1    1    1    1    1    1    1    1  3.87064E+10 0.15062 
   98   98    1    1    1    1    1    1    1    1  8.91517E+09 0.31512 
   99   99    1    1    1    1    1    1    1    1  5.58988E+09 0.35949 
  100  100    1    1    1    1    1    1    1    1  5.94243E+09 0.28037 
];


