
DETdpaspec = [
    1    1    1    1    1    1    1    1    1    1  0.00000E+00 0.00000 
    2    2    1    1    1    1    1    1    1    1  0.00000E+00 0.00000 
    3    3    1    1    1    1    1    1    1    1  0.00000E+00 0.00000 
    4    4    1    1    1    1    1    1    1    1  0.00000E+00 0.00000 
    5    5    1    1    1    1    1    1    1    1  0.00000E+00 0.00000 
    6    6    1    1    1    1    1    1    1    1  0.00000E+00 0.00000 
    7    7    1    1    1    1    1    1    1    1  0.00000E+00 0.00000 
    8    8    1    1    1    1    1    1    1    1  0.00000E+00 0.00000 
    9    9    1    1    1    1    1    1    1    1  0.00000E+00 0.00000 
   10   10    1    1    1    1    1    1    1    1  0.00000E+00 0.00000 
   11   11    1    1    1    1    1    1    1    1  3.57386E+07 1.00000 
   12   12    1    1    1    1    1    1    1    1  1.71546E+07 1.00000 
   13   13    1    1    1    1    1    1    1    1  3.61230E+08 0.56673 
   14   14    1    1    1    1    1    1    1    1  5.15273E+08 0.89033 
   15   15    1    1    1    1    1    1    1    1  1.68281E+09 0.45164 
   16   16    1    1    1    1    1    1    1    1  6.30138E+08 0.46858 
   17   17    1    1    1    1    1    1    1    1  1.58739E+09 0.27837 
   18   18    1    1    1    1    1    1    1    1  1.30013E+09 0.35122 
   19   19    1    1    1    1    1    1    1    1  2.32307E+09 0.27501 
   20   20    1    1    1    1    1    1    1    1  7.55395E+09 0.22553 
   21   21    1    1    1    1    1    1    1    1  7.76112E+09 0.15588 
   22   22    1    1    1    1    1    1    1    1  1.57709E+10 0.12357 
   23   23    1    1    1    1    1    1    1    1  3.95426E+10 0.08953 
   24   24    1    1    1    1    1    1    1    1  7.97287E+10 0.04840 
   25   25    1    1    1    1    1    1    1    1  1.40534E+11 0.03539 
   26   26    1    1    1    1    1    1    1    1  2.91211E+11 0.02705 
   27   27    1    1    1    1    1    1    1    1  6.39826E+11 0.02057 
   28   28    1    1    1    1    1    1    1    1  1.49467E+12 0.01434 
   29   29    1    1    1    1    1    1    1    1  2.44706E+12 0.01246 
   30   30    1    1    1    1    1    1    1    1  5.31166E+12 0.00601 
   31   31    1    1    1    1    1    1    1    1  1.29292E+13 0.00529 
   32   32    1    1    1    1    1    1    1    1  1.99090E+13 0.00393 
   33   33    1    1    1    1    1    1    1    1  4.06358E+13 0.00256 
   34   34    1    1    1    1    1    1    1    1  5.17125E+13 0.00280 
   35   35    1    1    1    1    1    1    1    1  6.29364E+13 0.00247 
   36   36    1    1    1    1    1    1    1    1  4.36239E+13 0.00209 
   37   37    1    1    1    1    1    1    1    1  1.30665E+13 0.00253 
   38   38    1    1    1    1    1    1    1    1  6.96070E+13 0.00205 
   39   39    1    1    1    1    1    1    1    1  8.92206E+13 0.00181 
   40   40    1    1    1    1    1    1    1    1  1.52053E+14 0.00171 
   41   41    1    1    1    1    1    1    1    1  1.44917E+14 0.00126 
   42   42    1    1    1    1    1    1    1    1  2.87685E+14 0.00104 
   43   43    1    1    1    1    1    1    1    1  3.29339E+14 0.00126 
   44   44    1    1    1    1    1    1    1    1  4.47710E+14 0.00088 
   45   45    1    1    1    1    1    1    1    1  8.52652E+14 0.00069 
   46   46    1    1    1    1    1    1    1    1  4.21941E+14 0.00103 
   47   47    1    1    1    1    1    1    1    1  6.35559E+14 0.00076 
   48   48    1    1    1    1    1    1    1    1  8.90540E+14 0.00077 
   49   49    1    1    1    1    1    1    1    1  8.34864E+14 0.00070 
   50   50    1    1    1    1    1    1    1    1  1.32059E+15 0.00061 
   51   51    1    1    1    1    1    1    1    1  1.03465E+15 0.00059 
   52   52    1    1    1    1    1    1    1    1  1.22530E+15 0.00063 
   53   53    1    1    1    1    1    1    1    1  8.64357E+14 0.00056 
   54   54    1    1    1    1    1    1    1    1  1.07501E+15 0.00052 
   55   55    1    1    1    1    1    1    1    1  7.52053E+14 0.00077 
   56   56    1    1    1    1    1    1    1    1  1.02733E+14 0.00103 
   57   57    1    1    1    1    1    1    1    1  1.47878E+15 0.00049 
   58   58    1    1    1    1    1    1    1    1  6.71618E+14 0.00063 
   59   59    1    1    1    1    1    1    1    1  7.20734E+14 0.00063 
   60   60    1    1    1    1    1    1    1    1  5.77113E+14 0.00070 
   61   61    1    1    1    1    1    1    1    1  5.76458E+14 0.00072 
   62   62    1    1    1    1    1    1    1    1  5.92475E+14 0.00062 
   63   63    1    1    1    1    1    1    1    1  5.00234E+14 0.00064 
   64   64    1    1    1    1    1    1    1    1  3.98282E+14 0.00076 
   65   65    1    1    1    1    1    1    1    1  3.94582E+14 0.00079 
   66   66    1    1    1    1    1    1    1    1  3.00481E+14 0.00112 
   67   67    1    1    1    1    1    1    1    1  2.45320E+14 0.00089 
   68   68    1    1    1    1    1    1    1    1  2.17940E+14 0.00094 
   69   69    1    1    1    1    1    1    1    1  2.63054E+14 0.00103 
   70   70    1    1    1    1    1    1    1    1  2.25026E+14 0.00111 
   71   71    1    1    1    1    1    1    1    1  4.11659E+14 0.00078 
   72   72    1    1    1    1    1    1    1    1  2.95674E+14 0.00088 
   73   73    1    1    1    1    1    1    1    1  2.26334E+14 0.00088 
   74   74    1    1    1    1    1    1    1    1  1.84925E+14 0.00142 
   75   75    1    1    1    1    1    1    1    1  1.54260E+14 0.00103 
   76   76    1    1    1    1    1    1    1    1  1.79814E+14 0.00121 
   77   77    1    1    1    1    1    1    1    1  1.43341E+14 0.00164 
   78   78    1    1    1    1    1    1    1    1  1.13430E+14 0.00196 
   79   79    1    1    1    1    1    1    1    1  1.17573E+14 0.00191 
   80   80    1    1    1    1    1    1    1    1  8.78641E+13 0.00163 
   81   81    1    1    1    1    1    1    1    1  6.79782E+13 0.00129 
   82   82    1    1    1    1    1    1    1    1  5.25287E+13 0.00223 
   83   83    1    1    1    1    1    1    1    1  4.89126E+13 0.00240 
   84   84    1    1    1    1    1    1    1    1  3.51760E+13 0.00247 
   85   85    1    1    1    1    1    1    1    1  2.54263E+13 0.00287 
   86   86    1    1    1    1    1    1    1    1  2.37743E+13 0.00340 
   87   87    1    1    1    1    1    1    1    1  1.44632E+13 0.00320 
   88   88    1    1    1    1    1    1    1    1  9.78009E+12 0.00489 
   89   89    1    1    1    1    1    1    1    1  5.59061E+12 0.00524 
   90   90    1    1    1    1    1    1    1    1  3.68797E+12 0.00772 
   91   91    1    1    1    1    1    1    1    1  1.82886E+12 0.01258 
   92   92    1    1    1    1    1    1    1    1  8.84695E+11 0.01727 
   93   93    1    1    1    1    1    1    1    1  4.26090E+11 0.01927 
   94   94    1    1    1    1    1    1    1    1  1.91614E+11 0.04618 
   95   95    1    1    1    1    1    1    1    1  9.85221E+10 0.05441 
   96   96    1    1    1    1    1    1    1    1  4.43193E+10 0.07542 
   97   97    1    1    1    1    1    1    1    1  2.72115E+10 0.13588 
   98   98    1    1    1    1    1    1    1    1  9.96039E+09 0.15600 
   99   99    1    1    1    1    1    1    1    1  3.49155E+09 0.26821 
  100  100    1    1    1    1    1    1    1    1  5.98051E+09 0.17637 
];


