
DETdpaspec = [
    1    1    1    1    1    1    1    1    1    1  0.00000E+00 0.00000 
    2    2    1    1    1    1    1    1    1    1  0.00000E+00 0.00000 
    3    3    1    1    1    1    1    1    1    1  0.00000E+00 0.00000 
    4    4    1    1    1    1    1    1    1    1  0.00000E+00 0.00000 
    5    5    1    1    1    1    1    1    1    1  0.00000E+00 0.00000 
    6    6    1    1    1    1    1    1    1    1  0.00000E+00 0.00000 
    7    7    1    1    1    1    1    1    1    1  0.00000E+00 0.00000 
    8    8    1    1    1    1    1    1    1    1  0.00000E+00 0.00000 
    9    9    1    1    1    1    1    1    1    1  0.00000E+00 0.00000 
   10   10    1    1    1    1    1    1    1    1  3.15747E+07 1.00000 
   11   11    1    1    1    1    1    1    1    1  0.00000E+00 0.00000 
   12   12    1    1    1    1    1    1    1    1  0.00000E+00 0.00000 
   13   13    1    1    1    1    1    1    1    1  4.49036E+08 0.76708 
   14   14    1    1    1    1    1    1    1    1  8.46017E+08 0.53056 
   15   15    1    1    1    1    1    1    1    1  2.55530E+09 0.55462 
   16   16    1    1    1    1    1    1    1    1  7.84606E+08 0.61882 
   17   17    1    1    1    1    1    1    1    1  1.23801E+09 0.32048 
   18   18    1    1    1    1    1    1    1    1  2.38096E+09 0.30438 
   19   19    1    1    1    1    1    1    1    1  2.07494E+09 0.25303 
   20   20    1    1    1    1    1    1    1    1  6.27797E+09 0.18029 
   21   21    1    1    1    1    1    1    1    1  7.77178E+09 0.17599 
   22   22    1    1    1    1    1    1    1    1  1.56914E+10 0.11468 
   23   23    1    1    1    1    1    1    1    1  3.49429E+10 0.08930 
   24   24    1    1    1    1    1    1    1    1  8.20363E+10 0.04808 
   25   25    1    1    1    1    1    1    1    1  1.26372E+11 0.04297 
   26   26    1    1    1    1    1    1    1    1  2.81891E+11 0.02798 
   27   27    1    1    1    1    1    1    1    1  6.07010E+11 0.01720 
   28   28    1    1    1    1    1    1    1    1  1.44474E+12 0.01292 
   29   29    1    1    1    1    1    1    1    1  2.40543E+12 0.00874 
   30   30    1    1    1    1    1    1    1    1  5.27211E+12 0.00898 
   31   31    1    1    1    1    1    1    1    1  1.26908E+13 0.00589 
   32   32    1    1    1    1    1    1    1    1  1.95531E+13 0.00377 
   33   33    1    1    1    1    1    1    1    1  4.01150E+13 0.00279 
   34   34    1    1    1    1    1    1    1    1  5.13744E+13 0.00226 
   35   35    1    1    1    1    1    1    1    1  6.22963E+13 0.00170 
   36   36    1    1    1    1    1    1    1    1  4.32920E+13 0.00153 
   37   37    1    1    1    1    1    1    1    1  1.29990E+13 0.00193 
   38   38    1    1    1    1    1    1    1    1  6.91912E+13 0.00174 
   39   39    1    1    1    1    1    1    1    1  8.85937E+13 0.00146 
   40   40    1    1    1    1    1    1    1    1  1.51871E+14 0.00139 
   41   41    1    1    1    1    1    1    1    1  1.44407E+14 0.00137 
   42   42    1    1    1    1    1    1    1    1  2.86655E+14 0.00098 
   43   43    1    1    1    1    1    1    1    1  3.27861E+14 0.00122 
   44   44    1    1    1    1    1    1    1    1  4.45728E+14 0.00084 
   45   45    1    1    1    1    1    1    1    1  8.50138E+14 0.00058 
   46   46    1    1    1    1    1    1    1    1  4.20927E+14 0.00070 
   47   47    1    1    1    1    1    1    1    1  6.33428E+14 0.00086 
   48   48    1    1    1    1    1    1    1    1  8.88830E+14 0.00046 
   49   49    1    1    1    1    1    1    1    1  8.33430E+14 0.00059 
   50   50    1    1    1    1    1    1    1    1  1.31900E+15 0.00057 
   51   51    1    1    1    1    1    1    1    1  1.03354E+15 0.00078 
   52   52    1    1    1    1    1    1    1    1  1.22406E+15 0.00046 
   53   53    1    1    1    1    1    1    1    1  8.62739E+14 0.00060 
   54   54    1    1    1    1    1    1    1    1  1.07273E+15 0.00048 
   55   55    1    1    1    1    1    1    1    1  7.51088E+14 0.00056 
   56   56    1    1    1    1    1    1    1    1  1.02695E+14 0.00139 
   57   57    1    1    1    1    1    1    1    1  1.47934E+15 0.00069 
   58   58    1    1    1    1    1    1    1    1  6.70904E+14 0.00056 
   59   59    1    1    1    1    1    1    1    1  7.20898E+14 0.00058 
   60   60    1    1    1    1    1    1    1    1  5.77270E+14 0.00075 
   61   61    1    1    1    1    1    1    1    1  5.76708E+14 0.00062 
   62   62    1    1    1    1    1    1    1    1  5.91735E+14 0.00085 
   63   63    1    1    1    1    1    1    1    1  4.99798E+14 0.00107 
   64   64    1    1    1    1    1    1    1    1  3.98144E+14 0.00070 
   65   65    1    1    1    1    1    1    1    1  3.94706E+14 0.00087 
   66   66    1    1    1    1    1    1    1    1  3.01300E+14 0.00071 
   67   67    1    1    1    1    1    1    1    1  2.45512E+14 0.00115 
   68   68    1    1    1    1    1    1    1    1  2.17892E+14 0.00084 
   69   69    1    1    1    1    1    1    1    1  2.63406E+14 0.00075 
   70   70    1    1    1    1    1    1    1    1  2.25634E+14 0.00091 
   71   71    1    1    1    1    1    1    1    1  4.11806E+14 0.00118 
   72   72    1    1    1    1    1    1    1    1  2.95772E+14 0.00090 
   73   73    1    1    1    1    1    1    1    1  2.26423E+14 0.00143 
   74   74    1    1    1    1    1    1    1    1  1.84613E+14 0.00132 
   75   75    1    1    1    1    1    1    1    1  1.54151E+14 0.00148 
   76   76    1    1    1    1    1    1    1    1  1.79752E+14 0.00089 
   77   77    1    1    1    1    1    1    1    1  1.42785E+14 0.00147 
   78   78    1    1    1    1    1    1    1    1  1.13214E+14 0.00135 
   79   79    1    1    1    1    1    1    1    1  1.17662E+14 0.00156 
   80   80    1    1    1    1    1    1    1    1  8.77674E+13 0.00152 
   81   81    1    1    1    1    1    1    1    1  6.76548E+13 0.00227 
   82   82    1    1    1    1    1    1    1    1  5.25048E+13 0.00160 
   83   83    1    1    1    1    1    1    1    1  4.87233E+13 0.00185 
   84   84    1    1    1    1    1    1    1    1  3.50813E+13 0.00337 
   85   85    1    1    1    1    1    1    1    1  2.53701E+13 0.00286 
   86   86    1    1    1    1    1    1    1    1  2.37482E+13 0.00297 
   87   87    1    1    1    1    1    1    1    1  1.45639E+13 0.00440 
   88   88    1    1    1    1    1    1    1    1  9.72711E+12 0.00544 
   89   89    1    1    1    1    1    1    1    1  5.62583E+12 0.00552 
   90   90    1    1    1    1    1    1    1    1  3.78499E+12 0.00845 
   91   91    1    1    1    1    1    1    1    1  1.91003E+12 0.01320 
   92   92    1    1    1    1    1    1    1    1  8.92092E+11 0.02170 
   93   93    1    1    1    1    1    1    1    1  4.45206E+11 0.02733 
   94   94    1    1    1    1    1    1    1    1  2.00950E+11 0.03692 
   95   95    1    1    1    1    1    1    1    1  8.52982E+10 0.05977 
   96   96    1    1    1    1    1    1    1    1  3.92494E+10 0.06985 
   97   97    1    1    1    1    1    1    1    1  2.04848E+10 0.11070 
   98   98    1    1    1    1    1    1    1    1  8.43352E+09 0.17166 
   99   99    1    1    1    1    1    1    1    1  5.93087E+09 0.20772 
  100  100    1    1    1    1    1    1    1    1  5.81622E+09 0.28244 
];


