
DETdpaspec = [
    1    1    1    1    1    1    1    1    1    1  0.00000E+00 0.00000 
    2    2    1    1    1    1    1    1    1    1  0.00000E+00 0.00000 
    3    3    1    1    1    1    1    1    1    1  0.00000E+00 0.00000 
    4    4    1    1    1    1    1    1    1    1  0.00000E+00 0.00000 
    5    5    1    1    1    1    1    1    1    1  0.00000E+00 0.00000 
    6    6    1    1    1    1    1    1    1    1  0.00000E+00 0.00000 
    7    7    1    1    1    1    1    1    1    1  0.00000E+00 0.00000 
    8    8    1    1    1    1    1    1    1    1  0.00000E+00 0.00000 
    9    9    1    1    1    1    1    1    1    1  0.00000E+00 0.00000 
   10   10    1    1    1    1    1    1    1    1  0.00000E+00 0.00000 
   11   11    1    1    1    1    1    1    1    1  0.00000E+00 0.00000 
   12   12    1    1    1    1    1    1    1    1  2.18606E+08 0.86051 
   13   13    1    1    1    1    1    1    1    1  4.23090E+08 0.68825 
   14   14    1    1    1    1    1    1    1    1  7.50012E+08 0.52687 
   15   15    1    1    1    1    1    1    1    1  1.13982E+09 0.40021 
   16   16    1    1    1    1    1    1    1    1  9.16733E+08 0.73646 
   17   17    1    1    1    1    1    1    1    1  5.25572E+08 0.58280 
   18   18    1    1    1    1    1    1    1    1  1.41541E+09 0.41213 
   19   19    1    1    1    1    1    1    1    1  1.57984E+09 0.31379 
   20   20    1    1    1    1    1    1    1    1  1.90916E+10 0.13142 
   21   21    1    1    1    1    1    1    1    1  7.22238E+10 0.09491 
   22   22    1    1    1    1    1    1    1    1  2.93450E+11 0.04861 
   23   23    1    1    1    1    1    1    1    1  9.01104E+11 0.02385 
   24   24    1    1    1    1    1    1    1    1  1.98429E+12 0.01246 
   25   25    1    1    1    1    1    1    1    1  2.66873E+12 0.01118 
   26   26    1    1    1    1    1    1    1    1  4.65381E+12 0.00633 
   27   27    1    1    1    1    1    1    1    1  7.38008E+12 0.00537 
   28   28    1    1    1    1    1    1    1    1  1.15539E+13 0.00496 
   29   29    1    1    1    1    1    1    1    1  1.52833E+13 0.00362 
   30   30    1    1    1    1    1    1    1    1  2.50652E+13 0.00318 
   31   31    1    1    1    1    1    1    1    1  4.22862E+13 0.00190 
   32   32    1    1    1    1    1    1    1    1  5.36958E+13 0.00211 
   33   33    1    1    1    1    1    1    1    1  9.24019E+13 0.00174 
   34   34    1    1    1    1    1    1    1    1  1.04595E+14 0.00185 
   35   35    1    1    1    1    1    1    1    1  1.07125E+14 0.00165 
   36   36    1    1    1    1    1    1    1    1  6.74049E+13 0.00134 
   37   37    1    1    1    1    1    1    1    1  1.94407E+13 0.00138 
   38   38    1    1    1    1    1    1    1    1  1.03726E+14 0.00140 
   39   39    1    1    1    1    1    1    1    1  1.29097E+14 0.00141 
   40   40    1    1    1    1    1    1    1    1  2.14305E+14 0.00102 
   41   41    1    1    1    1    1    1    1    1  1.94756E+14 0.00108 
   42   42    1    1    1    1    1    1    1    1  3.79703E+14 0.00104 
   43   43    1    1    1    1    1    1    1    1  4.21764E+14 0.00084 
   44   44    1    1    1    1    1    1    1    1  5.55285E+14 0.00069 
   45   45    1    1    1    1    1    1    1    1  1.01772E+15 0.00077 
   46   46    1    1    1    1    1    1    1    1  4.83495E+14 0.00073 
   47   47    1    1    1    1    1    1    1    1  7.13413E+14 0.00067 
   48   48    1    1    1    1    1    1    1    1  9.72616E+14 0.00069 
   49   49    1    1    1    1    1    1    1    1  8.88408E+14 0.00079 
   50   50    1    1    1    1    1    1    1    1  1.38054E+15 0.00073 
   51   51    1    1    1    1    1    1    1    1  1.04628E+15 0.00074 
   52   52    1    1    1    1    1    1    1    1  1.22836E+15 0.00067 
   53   53    1    1    1    1    1    1    1    1  8.47538E+14 0.00083 
   54   54    1    1    1    1    1    1    1    1  1.04873E+15 0.00063 
   55   55    1    1    1    1    1    1    1    1  7.24806E+14 0.00068 
   56   56    1    1    1    1    1    1    1    1  9.82944E+13 0.00096 
   57   57    1    1    1    1    1    1    1    1  1.40258E+15 0.00063 
   58   58    1    1    1    1    1    1    1    1  6.35573E+14 0.00079 
   59   59    1    1    1    1    1    1    1    1  6.73457E+14 0.00095 
   60   60    1    1    1    1    1    1    1    1  5.39008E+14 0.00097 
   61   61    1    1    1    1    1    1    1    1  5.34665E+14 0.00098 
   62   62    1    1    1    1    1    1    1    1  5.44847E+14 0.00101 
   63   63    1    1    1    1    1    1    1    1  4.56872E+14 0.00113 
   64   64    1    1    1    1    1    1    1    1  3.60874E+14 0.00113 
   65   65    1    1    1    1    1    1    1    1  3.54188E+14 0.00099 
   66   66    1    1    1    1    1    1    1    1  2.68474E+14 0.00113 
   67   67    1    1    1    1    1    1    1    1  2.16967E+14 0.00109 
   68   68    1    1    1    1    1    1    1    1  1.91550E+14 0.00140 
   69   69    1    1    1    1    1    1    1    1  2.29940E+14 0.00115 
   70   70    1    1    1    1    1    1    1    1  1.94842E+14 0.00143 
   71   71    1    1    1    1    1    1    1    1  3.49969E+14 0.00114 
   72   72    1    1    1    1    1    1    1    1  2.47103E+14 0.00127 
   73   73    1    1    1    1    1    1    1    1  1.87630E+14 0.00138 
   74   74    1    1    1    1    1    1    1    1  1.53256E+14 0.00166 
   75   75    1    1    1    1    1    1    1    1  1.28099E+14 0.00155 
   76   76    1    1    1    1    1    1    1    1  1.49821E+14 0.00142 
   77   77    1    1    1    1    1    1    1    1  1.19164E+14 0.00161 
   78   78    1    1    1    1    1    1    1    1  9.44554E+13 0.00160 
   79   79    1    1    1    1    1    1    1    1  9.76104E+13 0.00220 
   80   80    1    1    1    1    1    1    1    1  7.25435E+13 0.00214 
   81   81    1    1    1    1    1    1    1    1  5.56423E+13 0.00222 
   82   82    1    1    1    1    1    1    1    1  4.26117E+13 0.00275 
   83   83    1    1    1    1    1    1    1    1  3.98545E+13 0.00212 
   84   84    1    1    1    1    1    1    1    1  2.82826E+13 0.00363 
   85   85    1    1    1    1    1    1    1    1  2.02738E+13 0.00377 
   86   86    1    1    1    1    1    1    1    1  1.87071E+13 0.00327 
   87   87    1    1    1    1    1    1    1    1  1.13427E+13 0.00430 
   88   88    1    1    1    1    1    1    1    1  7.54751E+12 0.00750 
   89   89    1    1    1    1    1    1    1    1  4.18032E+12 0.00856 
   90   90    1    1    1    1    1    1    1    1  2.77845E+12 0.00916 
   91   91    1    1    1    1    1    1    1    1  1.34865E+12 0.01116 
   92   92    1    1    1    1    1    1    1    1  6.03479E+11 0.01408 
   93   93    1    1    1    1    1    1    1    1  3.06852E+11 0.03294 
   94   94    1    1    1    1    1    1    1    1  1.48881E+11 0.04057 
   95   95    1    1    1    1    1    1    1    1  6.15435E+10 0.05774 
   96   96    1    1    1    1    1    1    1    1  3.22661E+10 0.08678 
   97   97    1    1    1    1    1    1    1    1  1.57471E+10 0.11820 
   98   98    1    1    1    1    1    1    1    1  6.84864E+09 0.16254 
   99   99    1    1    1    1    1    1    1    1  3.46389E+09 0.22387 
  100  100    1    1    1    1    1    1    1    1  1.97369E+09 0.26557 
];


