
DETdpaspec = [
    1    1    1    1    1    1    1    1    1    1  0.00000E+00 0.00000 
    2    2    1    1    1    1    1    1    1    1  0.00000E+00 0.00000 
    3    3    1    1    1    1    1    1    1    1  0.00000E+00 0.00000 
    4    4    1    1    1    1    1    1    1    1  0.00000E+00 0.00000 
    5    5    1    1    1    1    1    1    1    1  0.00000E+00 0.00000 
    6    6    1    1    1    1    1    1    1    1  0.00000E+00 0.00000 
    7    7    1    1    1    1    1    1    1    1  0.00000E+00 0.00000 
    8    8    1    1    1    1    1    1    1    1  0.00000E+00 0.00000 
    9    9    1    1    1    1    1    1    1    1  4.99030E+06 1.00000 
   10   10    1    1    1    1    1    1    1    1  0.00000E+00 0.00000 
   11   11    1    1    1    1    1    1    1    1  0.00000E+00 0.00000 
   12   12    1    1    1    1    1    1    1    1  5.38472E+07 0.85468 
   13   13    1    1    1    1    1    1    1    1  4.39335E+08 0.52071 
   14   14    1    1    1    1    1    1    1    1  1.74111E+09 0.40382 
   15   15    1    1    1    1    1    1    1    1  1.02947E+09 0.44617 
   16   16    1    1    1    1    1    1    1    1  1.22375E+09 0.46470 
   17   17    1    1    1    1    1    1    1    1  8.13848E+08 0.34314 
   18   18    1    1    1    1    1    1    1    1  2.41726E+09 0.29703 
   19   19    1    1    1    1    1    1    1    1  1.45247E+09 0.35958 
   20   20    1    1    1    1    1    1    1    1  9.02609E+09 0.17553 
   21   21    1    1    1    1    1    1    1    1  4.61197E+09 0.18041 
   22   22    1    1    1    1    1    1    1    1  1.83960E+10 0.10761 
   23   23    1    1    1    1    1    1    1    1  3.44840E+10 0.08219 
   24   24    1    1    1    1    1    1    1    1  8.71277E+10 0.05711 
   25   25    1    1    1    1    1    1    1    1  1.43350E+11 0.04042 
   26   26    1    1    1    1    1    1    1    1  3.06326E+11 0.02066 
   27   27    1    1    1    1    1    1    1    1  6.64408E+11 0.02073 
   28   28    1    1    1    1    1    1    1    1  1.52879E+12 0.01216 
   29   29    1    1    1    1    1    1    1    1  2.54447E+12 0.01126 
   30   30    1    1    1    1    1    1    1    1  5.52880E+12 0.00671 
   31   31    1    1    1    1    1    1    1    1  1.33590E+13 0.00423 
   32   32    1    1    1    1    1    1    1    1  2.03996E+13 0.00330 
   33   33    1    1    1    1    1    1    1    1  4.14378E+13 0.00336 
   34   34    1    1    1    1    1    1    1    1  5.28723E+13 0.00155 
   35   35    1    1    1    1    1    1    1    1  6.37339E+13 0.00169 
   36   36    1    1    1    1    1    1    1    1  4.42043E+13 0.00154 
   37   37    1    1    1    1    1    1    1    1  1.32574E+13 0.00178 
   38   38    1    1    1    1    1    1    1    1  7.04447E+13 0.00161 
   39   39    1    1    1    1    1    1    1    1  9.02790E+13 0.00153 
   40   40    1    1    1    1    1    1    1    1  1.54046E+14 0.00155 
   41   41    1    1    1    1    1    1    1    1  1.46363E+14 0.00104 
   42   42    1    1    1    1    1    1    1    1  2.90711E+14 0.00102 
   43   43    1    1    1    1    1    1    1    1  3.32065E+14 0.00102 
   44   44    1    1    1    1    1    1    1    1  4.50675E+14 0.00070 
   45   45    1    1    1    1    1    1    1    1  8.57778E+14 0.00061 
   46   46    1    1    1    1    1    1    1    1  4.24467E+14 0.00076 
   47   47    1    1    1    1    1    1    1    1  6.38594E+14 0.00072 
   48   48    1    1    1    1    1    1    1    1  8.93459E+14 0.00079 
   49   49    1    1    1    1    1    1    1    1  8.37410E+14 0.00073 
   50   50    1    1    1    1    1    1    1    1  1.32463E+15 0.00055 
   51   51    1    1    1    1    1    1    1    1  1.03533E+15 0.00048 
   52   52    1    1    1    1    1    1    1    1  1.22615E+15 0.00053 
   53   53    1    1    1    1    1    1    1    1  8.63803E+14 0.00060 
   54   54    1    1    1    1    1    1    1    1  1.07575E+15 0.00072 
   55   55    1    1    1    1    1    1    1    1  7.53655E+14 0.00074 
   56   56    1    1    1    1    1    1    1    1  1.02889E+14 0.00103 
   57   57    1    1    1    1    1    1    1    1  1.47982E+15 0.00063 
   58   58    1    1    1    1    1    1    1    1  6.71702E+14 0.00048 
   59   59    1    1    1    1    1    1    1    1  7.21224E+14 0.00068 
   60   60    1    1    1    1    1    1    1    1  5.76888E+14 0.00082 
   61   61    1    1    1    1    1    1    1    1  5.77588E+14 0.00076 
   62   62    1    1    1    1    1    1    1    1  5.92598E+14 0.00077 
   63   63    1    1    1    1    1    1    1    1  4.99902E+14 0.00076 
   64   64    1    1    1    1    1    1    1    1  3.98600E+14 0.00066 
   65   65    1    1    1    1    1    1    1    1  3.94872E+14 0.00084 
   66   66    1    1    1    1    1    1    1    1  3.01292E+14 0.00105 
   67   67    1    1    1    1    1    1    1    1  2.45211E+14 0.00113 
   68   68    1    1    1    1    1    1    1    1  2.17594E+14 0.00129 
   69   69    1    1    1    1    1    1    1    1  2.63615E+14 0.00094 
   70   70    1    1    1    1    1    1    1    1  2.25384E+14 0.00107 
   71   71    1    1    1    1    1    1    1    1  4.10729E+14 0.00079 
   72   72    1    1    1    1    1    1    1    1  2.95421E+14 0.00095 
   73   73    1    1    1    1    1    1    1    1  2.25989E+14 0.00138 
   74   74    1    1    1    1    1    1    1    1  1.84220E+14 0.00110 
   75   75    1    1    1    1    1    1    1    1  1.54130E+14 0.00121 
   76   76    1    1    1    1    1    1    1    1  1.79709E+14 0.00101 
   77   77    1    1    1    1    1    1    1    1  1.43363E+14 0.00098 
   78   78    1    1    1    1    1    1    1    1  1.13219E+14 0.00144 
   79   79    1    1    1    1    1    1    1    1  1.17656E+14 0.00182 
   80   80    1    1    1    1    1    1    1    1  8.78966E+13 0.00217 
   81   81    1    1    1    1    1    1    1    1  6.77561E+13 0.00201 
   82   82    1    1    1    1    1    1    1    1  5.22409E+13 0.00240 
   83   83    1    1    1    1    1    1    1    1  4.87281E+13 0.00203 
   84   84    1    1    1    1    1    1    1    1  3.51404E+13 0.00245 
   85   85    1    1    1    1    1    1    1    1  2.53416E+13 0.00374 
   86   86    1    1    1    1    1    1    1    1  2.36424E+13 0.00371 
   87   87    1    1    1    1    1    1    1    1  1.46333E+13 0.00437 
   88   88    1    1    1    1    1    1    1    1  9.84743E+12 0.00516 
   89   89    1    1    1    1    1    1    1    1  5.58774E+12 0.00766 
   90   90    1    1    1    1    1    1    1    1  3.72772E+12 0.00829 
   91   91    1    1    1    1    1    1    1    1  1.85622E+12 0.00953 
   92   92    1    1    1    1    1    1    1    1  9.12492E+11 0.01872 
   93   93    1    1    1    1    1    1    1    1  4.40131E+11 0.02085 
   94   94    1    1    1    1    1    1    1    1  1.99437E+11 0.02891 
   95   95    1    1    1    1    1    1    1    1  1.01749E+11 0.04616 
   96   96    1    1    1    1    1    1    1    1  5.00533E+10 0.05976 
   97   97    1    1    1    1    1    1    1    1  2.25440E+10 0.12433 
   98   98    1    1    1    1    1    1    1    1  1.33018E+10 0.10271 
   99   99    1    1    1    1    1    1    1    1  5.97778E+09 0.19614 
  100  100    1    1    1    1    1    1    1    1  5.82137E+09 0.20512 
];


