
DETdpaspec = [
    1    1    1    1    1    1    1    1    1    1  0.00000E+00 0.00000 
    2    2    1    1    1    1    1    1    1    1  0.00000E+00 0.00000 
    3    3    1    1    1    1    1    1    1    1  0.00000E+00 0.00000 
    4    4    1    1    1    1    1    1    1    1  0.00000E+00 0.00000 
    5    5    1    1    1    1    1    1    1    1  0.00000E+00 0.00000 
    6    6    1    1    1    1    1    1    1    1  0.00000E+00 0.00000 
    7    7    1    1    1    1    1    1    1    1  0.00000E+00 0.00000 
    8    8    1    1    1    1    1    1    1    1  0.00000E+00 0.00000 
    9    9    1    1    1    1    1    1    1    1  2.05899E+07 1.00000 
   10   10    1    1    1    1    1    1    1    1  1.20074E+08 1.00000 
   11   11    1    1    1    1    1    1    1    1  0.00000E+00 0.00000 
   12   12    1    1    1    1    1    1    1    1  2.55923E+08 0.47740 
   13   13    1    1    1    1    1    1    1    1  4.42712E+08 0.64006 
   14   14    1    1    1    1    1    1    1    1  1.11741E+09 0.64879 
   15   15    1    1    1    1    1    1    1    1  2.55435E+08 1.00000 
   16   16    1    1    1    1    1    1    1    1  3.00218E+08 0.55146 
   17   17    1    1    1    1    1    1    1    1  3.56582E+08 0.46790 
   18   18    1    1    1    1    1    1    1    1  2.11396E+09 0.41054 
   19   19    1    1    1    1    1    1    1    1  3.14978E+09 0.26451 
   20   20    1    1    1    1    1    1    1    1  1.36717E+10 0.13514 
   21   21    1    1    1    1    1    1    1    1  3.38604E+10 0.07056 
   22   22    1    1    1    1    1    1    1    1  1.37536E+11 0.04770 
   23   23    1    1    1    1    1    1    1    1  5.13285E+11 0.02690 
   24   24    1    1    1    1    1    1    1    1  1.24480E+12 0.00903 
   25   25    1    1    1    1    1    1    1    1  1.77776E+12 0.00868 
   26   26    1    1    1    1    1    1    1    1  3.27225E+12 0.01055 
   27   27    1    1    1    1    1    1    1    1  5.48323E+12 0.00629 
   28   28    1    1    1    1    1    1    1    1  9.20016E+12 0.00633 
   29   29    1    1    1    1    1    1    1    1  1.24490E+13 0.00400 
   30   30    1    1    1    1    1    1    1    1  2.12119E+13 0.00326 
   31   31    1    1    1    1    1    1    1    1  3.75040E+13 0.00311 
   32   32    1    1    1    1    1    1    1    1  4.86904E+13 0.00195 
   33   33    1    1    1    1    1    1    1    1  8.54465E+13 0.00220 
   34   34    1    1    1    1    1    1    1    1  9.83693E+13 0.00134 
   35   35    1    1    1    1    1    1    1    1  1.02308E+14 0.00143 
   36   36    1    1    1    1    1    1    1    1  6.49604E+13 0.00139 
   37   37    1    1    1    1    1    1    1    1  1.87679E+13 0.00146 
   38   38    1    1    1    1    1    1    1    1  1.00248E+14 0.00123 
   39   39    1    1    1    1    1    1    1    1  1.25047E+14 0.00116 
   40   40    1    1    1    1    1    1    1    1  2.08247E+14 0.00094 
   41   41    1    1    1    1    1    1    1    1  1.89673E+14 0.00088 
   42   42    1    1    1    1    1    1    1    1  3.70982E+14 0.00061 
   43   43    1    1    1    1    1    1    1    1  4.13638E+14 0.00068 
   44   44    1    1    1    1    1    1    1    1  5.47131E+14 0.00075 
   45   45    1    1    1    1    1    1    1    1  1.00732E+15 0.00076 
   46   46    1    1    1    1    1    1    1    1  4.80902E+14 0.00055 
   47   47    1    1    1    1    1    1    1    1  7.11695E+14 0.00067 
   48   48    1    1    1    1    1    1    1    1  9.73080E+14 0.00060 
   49   49    1    1    1    1    1    1    1    1  8.92282E+14 0.00068 
   50   50    1    1    1    1    1    1    1    1  1.39196E+15 0.00050 
   51   51    1    1    1    1    1    1    1    1  1.05770E+15 0.00059 
   52   52    1    1    1    1    1    1    1    1  1.24467E+15 0.00058 
   53   53    1    1    1    1    1    1    1    1  8.60616E+14 0.00071 
   54   54    1    1    1    1    1    1    1    1  1.06711E+15 0.00042 
   55   55    1    1    1    1    1    1    1    1  7.38204E+14 0.00059 
   56   56    1    1    1    1    1    1    1    1  1.00190E+14 0.00092 
   57   57    1    1    1    1    1    1    1    1  1.43306E+15 0.00056 
   58   58    1    1    1    1    1    1    1    1  6.50495E+14 0.00060 
   59   59    1    1    1    1    1    1    1    1  6.90029E+14 0.00072 
   60   60    1    1    1    1    1    1    1    1  5.53608E+14 0.00079 
   61   61    1    1    1    1    1    1    1    1  5.49216E+14 0.00081 
   62   62    1    1    1    1    1    1    1    1  5.60935E+14 0.00086 
   63   63    1    1    1    1    1    1    1    1  4.70845E+14 0.00073 
   64   64    1    1    1    1    1    1    1    1  3.71947E+14 0.00093 
   65   65    1    1    1    1    1    1    1    1  3.66407E+14 0.00112 
   66   66    1    1    1    1    1    1    1    1  2.77508E+14 0.00110 
   67   67    1    1    1    1    1    1    1    1  2.25082E+14 0.00109 
   68   68    1    1    1    1    1    1    1    1  1.98723E+14 0.00127 
   69   69    1    1    1    1    1    1    1    1  2.38760E+14 0.00116 
   70   70    1    1    1    1    1    1    1    1  2.02400E+14 0.00119 
   71   71    1    1    1    1    1    1    1    1  3.63681E+14 0.00071 
   72   72    1    1    1    1    1    1    1    1  2.58181E+14 0.00092 
   73   73    1    1    1    1    1    1    1    1  1.96827E+14 0.00132 
   74   74    1    1    1    1    1    1    1    1  1.60548E+14 0.00143 
   75   75    1    1    1    1    1    1    1    1  1.34623E+14 0.00169 
   76   76    1    1    1    1    1    1    1    1  1.57176E+14 0.00171 
   77   77    1    1    1    1    1    1    1    1  1.25547E+14 0.00119 
   78   78    1    1    1    1    1    1    1    1  9.94619E+13 0.00152 
   79   79    1    1    1    1    1    1    1    1  1.03106E+14 0.00141 
   80   80    1    1    1    1    1    1    1    1  7.66956E+13 0.00153 
   81   81    1    1    1    1    1    1    1    1  5.90918E+13 0.00213 
   82   82    1    1    1    1    1    1    1    1  4.51581E+13 0.00249 
   83   83    1    1    1    1    1    1    1    1  4.21693E+13 0.00202 
   84   84    1    1    1    1    1    1    1    1  3.01797E+13 0.00231 
   85   85    1    1    1    1    1    1    1    1  2.16361E+13 0.00309 
   86   86    1    1    1    1    1    1    1    1  2.00673E+13 0.00406 
   87   87    1    1    1    1    1    1    1    1  1.22594E+13 0.00284 
   88   88    1    1    1    1    1    1    1    1  8.20385E+12 0.00478 
   89   89    1    1    1    1    1    1    1    1  4.54427E+12 0.00748 
   90   90    1    1    1    1    1    1    1    1  2.98954E+12 0.00918 
   91   91    1    1    1    1    1    1    1    1  1.49597E+12 0.00961 
   92   92    1    1    1    1    1    1    1    1  6.78779E+11 0.01469 
   93   93    1    1    1    1    1    1    1    1  3.36258E+11 0.02739 
   94   94    1    1    1    1    1    1    1    1  1.60580E+11 0.04042 
   95   95    1    1    1    1    1    1    1    1  7.74720E+10 0.06330 
   96   96    1    1    1    1    1    1    1    1  3.66245E+10 0.07659 
   97   97    1    1    1    1    1    1    1    1  1.62024E+10 0.10883 
   98   98    1    1    1    1    1    1    1    1  8.81717E+09 0.13951 
   99   99    1    1    1    1    1    1    1    1  4.80005E+09 0.18085 
  100  100    1    1    1    1    1    1    1    1  3.24863E+09 0.29216 
];


