
DETdpaspec = [
    1    1    1    1    1    1    1    1    1    1  0.00000E+00 0.00000 
    2    2    1    1    1    1    1    1    1    1  0.00000E+00 0.00000 
    3    3    1    1    1    1    1    1    1    1  0.00000E+00 0.00000 
    4    4    1    1    1    1    1    1    1    1  0.00000E+00 0.00000 
    5    5    1    1    1    1    1    1    1    1  0.00000E+00 0.00000 
    6    6    1    1    1    1    1    1    1    1  0.00000E+00 0.00000 
    7    7    1    1    1    1    1    1    1    1  0.00000E+00 0.00000 
    8    8    1    1    1    1    1    1    1    1  8.03920E+06 1.00000 
    9    9    1    1    1    1    1    1    1    1  1.85707E+07 0.69390 
   10   10    1    1    1    1    1    1    1    1  1.37070E+07 1.00000 
   11   11    1    1    1    1    1    1    1    1  0.00000E+00 0.00000 
   12   12    1    1    1    1    1    1    1    1  2.47657E+07 0.71961 
   13   13    1    1    1    1    1    1    1    1  6.45501E+08 0.40493 
   14   14    1    1    1    1    1    1    1    1  7.53624E+08 0.40822 
   15   15    1    1    1    1    1    1    1    1  1.09538E+09 0.41811 
   16   16    1    1    1    1    1    1    1    1  1.01240E+09 0.35716 
   17   17    1    1    1    1    1    1    1    1  1.62071E+09 0.25350 
   18   18    1    1    1    1    1    1    1    1  4.02377E+09 0.20653 
   19   19    1    1    1    1    1    1    1    1  3.38705E+09 0.21857 
   20   20    1    1    1    1    1    1    1    1  1.24537E+10 0.13216 
   21   21    1    1    1    1    1    1    1    1  9.90545E+09 0.11362 
   22   22    1    1    1    1    1    1    1    1  1.77561E+10 0.09174 
   23   23    1    1    1    1    1    1    1    1  3.81633E+10 0.07277 
   24   24    1    1    1    1    1    1    1    1  5.99241E+10 0.06850 
   25   25    1    1    1    1    1    1    1    1  8.28225E+10 0.05363 
   26   26    1    1    1    1    1    1    1    1  1.77901E+11 0.03803 
   27   27    1    1    1    1    1    1    1    1  3.65922E+11 0.03319 
   28   28    1    1    1    1    1    1    1    1  8.87865E+11 0.01782 
   29   29    1    1    1    1    1    1    1    1  1.35537E+12 0.01064 
   30   30    1    1    1    1    1    1    1    1  3.44695E+12 0.00837 
   31   31    1    1    1    1    1    1    1    1  9.02091E+12 0.00740 
   32   32    1    1    1    1    1    1    1    1  1.47194E+13 0.00432 
   33   33    1    1    1    1    1    1    1    1  3.16430E+13 0.00341 
   34   34    1    1    1    1    1    1    1    1  4.04860E+13 0.00300 
   35   35    1    1    1    1    1    1    1    1  5.32925E+13 0.00262 
   36   36    1    1    1    1    1    1    1    1  3.84042E+13 0.00201 
   37   37    1    1    1    1    1    1    1    1  1.17749E+13 0.00247 
   38   38    1    1    1    1    1    1    1    1  6.22126E+13 0.00222 
   39   39    1    1    1    1    1    1    1    1  8.02444E+13 0.00170 
   40   40    1    1    1    1    1    1    1    1  1.37084E+14 0.00189 
   41   41    1    1    1    1    1    1    1    1  1.32968E+14 0.00156 
   42   42    1    1    1    1    1    1    1    1  2.63673E+14 0.00071 
   43   43    1    1    1    1    1    1    1    1  3.04316E+14 0.00097 
   44   44    1    1    1    1    1    1    1    1  4.16271E+14 0.00099 
   45   45    1    1    1    1    1    1    1    1  7.94825E+14 0.00088 
   46   46    1    1    1    1    1    1    1    1  3.98332E+14 0.00080 
   47   47    1    1    1    1    1    1    1    1  6.05453E+14 0.00090 
   48   48    1    1    1    1    1    1    1    1  8.52784E+14 0.00072 
   49   49    1    1    1    1    1    1    1    1  8.07055E+14 0.00065 
   50   50    1    1    1    1    1    1    1    1  1.27062E+15 0.00038 
   51   51    1    1    1    1    1    1    1    1  1.00900E+15 0.00054 
   52   52    1    1    1    1    1    1    1    1  1.18835E+15 0.00060 
   53   53    1    1    1    1    1    1    1    1  8.43570E+14 0.00064 
   54   54    1    1    1    1    1    1    1    1  1.04137E+15 0.00069 
   55   55    1    1    1    1    1    1    1    1  7.31931E+14 0.00052 
   56   56    1    1    1    1    1    1    1    1  1.00264E+14 0.00113 
   57   57    1    1    1    1    1    1    1    1  1.44445E+15 0.00062 
   58   58    1    1    1    1    1    1    1    1  6.48590E+14 0.00058 
   59   59    1    1    1    1    1    1    1    1  7.00376E+14 0.00078 
   60   60    1    1    1    1    1    1    1    1  5.56674E+14 0.00076 
   61   61    1    1    1    1    1    1    1    1  5.57418E+14 0.00071 
   62   62    1    1    1    1    1    1    1    1  5.71891E+14 0.00052 
   63   63    1    1    1    1    1    1    1    1  4.82982E+14 0.00068 
   64   64    1    1    1    1    1    1    1    1  3.84619E+14 0.00095 
   65   65    1    1    1    1    1    1    1    1  3.81571E+14 0.00093 
   66   66    1    1    1    1    1    1    1    1  2.90843E+14 0.00083 
   67   67    1    1    1    1    1    1    1    1  2.38489E+14 0.00112 
   68   68    1    1    1    1    1    1    1    1  2.12051E+14 0.00116 
   69   69    1    1    1    1    1    1    1    1  2.56429E+14 0.00124 
   70   70    1    1    1    1    1    1    1    1  2.19844E+14 0.00142 
   71   71    1    1    1    1    1    1    1    1  4.05731E+14 0.00105 
   72   72    1    1    1    1    1    1    1    1  2.92296E+14 0.00104 
   73   73    1    1    1    1    1    1    1    1  2.23933E+14 0.00102 
   74   74    1    1    1    1    1    1    1    1  1.81196E+14 0.00146 
   75   75    1    1    1    1    1    1    1    1  1.50094E+14 0.00118 
   76   76    1    1    1    1    1    1    1    1  1.74314E+14 0.00128 
   77   77    1    1    1    1    1    1    1    1  1.37506E+14 0.00140 
   78   78    1    1    1    1    1    1    1    1  1.07967E+14 0.00112 
   79   79    1    1    1    1    1    1    1    1  1.11945E+14 0.00158 
   80   80    1    1    1    1    1    1    1    1  8.33239E+13 0.00225 
   81   81    1    1    1    1    1    1    1    1  6.45346E+13 0.00259 
   82   82    1    1    1    1    1    1    1    1  4.94591E+13 0.00272 
   83   83    1    1    1    1    1    1    1    1  4.64945E+13 0.00184 
   84   84    1    1    1    1    1    1    1    1  3.31553E+13 0.00296 
   85   85    1    1    1    1    1    1    1    1  2.40797E+13 0.00399 
   86   86    1    1    1    1    1    1    1    1  2.26183E+13 0.00343 
   87   87    1    1    1    1    1    1    1    1  1.38011E+13 0.00517 
   88   88    1    1    1    1    1    1    1    1  9.37472E+12 0.00446 
   89   89    1    1    1    1    1    1    1    1  5.37802E+12 0.00768 
   90   90    1    1    1    1    1    1    1    1  3.58688E+12 0.01103 
   91   91    1    1    1    1    1    1    1    1  1.80435E+12 0.01012 
   92   92    1    1    1    1    1    1    1    1  8.57878E+11 0.01795 
   93   93    1    1    1    1    1    1    1    1  4.17958E+11 0.02617 
   94   94    1    1    1    1    1    1    1    1  1.97616E+11 0.03943 
   95   95    1    1    1    1    1    1    1    1  8.71693E+10 0.04741 
   96   96    1    1    1    1    1    1    1    1  4.62433E+10 0.09783 
   97   97    1    1    1    1    1    1    1    1  2.43741E+10 0.09591 
   98   98    1    1    1    1    1    1    1    1  9.00429E+09 0.12760 
   99   99    1    1    1    1    1    1    1    1  6.18281E+09 0.25090 
  100  100    1    1    1    1    1    1    1    1  4.66019E+09 0.20195 
];


