
DETdpaspec = [
    1    1    1    1    1    1    1    1    1    1  0.00000E+00 0.00000 
    2    2    1    1    1    1    1    1    1    1  5.21719E+06 1.00000 
    3    3    1    1    1    1    1    1    1    1  0.00000E+00 0.00000 
    4    4    1    1    1    1    1    1    1    1  0.00000E+00 0.00000 
    5    5    1    1    1    1    1    1    1    1  0.00000E+00 0.00000 
    6    6    1    1    1    1    1    1    1    1  0.00000E+00 0.00000 
    7    7    1    1    1    1    1    1    1    1  0.00000E+00 0.00000 
    8    8    1    1    1    1    1    1    1    1  0.00000E+00 0.00000 
    9    9    1    1    1    1    1    1    1    1  0.00000E+00 0.00000 
   10   10    1    1    1    1    1    1    1    1  5.28699E+07 1.00000 
   11   11    1    1    1    1    1    1    1    1  0.00000E+00 0.00000 
   12   12    1    1    1    1    1    1    1    1  0.00000E+00 0.00000 
   13   13    1    1    1    1    1    1    1    1  4.77965E+08 0.46830 
   14   14    1    1    1    1    1    1    1    1  1.35247E+09 0.51585 
   15   15    1    1    1    1    1    1    1    1  9.13219E+08 0.74753 
   16   16    1    1    1    1    1    1    1    1  6.31589E+08 0.42018 
   17   17    1    1    1    1    1    1    1    1  1.36472E+09 0.38782 
   18   18    1    1    1    1    1    1    1    1  3.04750E+09 0.30880 
   19   19    1    1    1    1    1    1    1    1  2.37591E+09 0.20495 
   20   20    1    1    1    1    1    1    1    1  8.19500E+09 0.14580 
   21   21    1    1    1    1    1    1    1    1  7.30772E+09 0.16334 
   22   22    1    1    1    1    1    1    1    1  1.49461E+10 0.14772 
   23   23    1    1    1    1    1    1    1    1  4.18084E+10 0.09432 
   24   24    1    1    1    1    1    1    1    1  1.09337E+11 0.04275 
   25   25    1    1    1    1    1    1    1    1  2.09316E+11 0.02067 
   26   26    1    1    1    1    1    1    1    1  4.52791E+11 0.01946 
   27   27    1    1    1    1    1    1    1    1  9.71104E+11 0.01833 
   28   28    1    1    1    1    1    1    1    1  2.22469E+12 0.01153 
   29   29    1    1    1    1    1    1    1    1  3.57311E+12 0.00960 
   30   30    1    1    1    1    1    1    1    1  7.25341E+12 0.00608 
   31   31    1    1    1    1    1    1    1    1  1.65392E+13 0.00366 
   32   32    1    1    1    1    1    1    1    1  2.42947E+13 0.00381 
   33   33    1    1    1    1    1    1    1    1  4.81605E+13 0.00293 
   34   34    1    1    1    1    1    1    1    1  6.04297E+13 0.00173 
   35   35    1    1    1    1    1    1    1    1  7.03420E+13 0.00180 
   36   36    1    1    1    1    1    1    1    1  4.76940E+13 0.00155 
   37   37    1    1    1    1    1    1    1    1  1.41835E+13 0.00182 
   38   38    1    1    1    1    1    1    1    1  7.56850E+13 0.00155 
   39   39    1    1    1    1    1    1    1    1  9.62526E+13 0.00178 
   40   40    1    1    1    1    1    1    1    1  1.63931E+14 0.00116 
   41   41    1    1    1    1    1    1    1    1  1.54299E+14 0.00143 
   42   42    1    1    1    1    1    1    1    1  3.06093E+14 0.00117 
   43   43    1    1    1    1    1    1    1    1  3.48218E+14 0.00115 
   44   44    1    1    1    1    1    1    1    1  4.69782E+14 0.00109 
   45   45    1    1    1    1    1    1    1    1  8.88811E+14 0.00068 
   46   46    1    1    1    1    1    1    1    1  4.37266E+14 0.00101 
   47   47    1    1    1    1    1    1    1    1  6.55182E+14 0.00081 
   48   48    1    1    1    1    1    1    1    1  9.13723E+14 0.00076 
   49   49    1    1    1    1    1    1    1    1  8.50991E+14 0.00062 
   50   50    1    1    1    1    1    1    1    1  1.34453E+15 0.00054 
   51   51    1    1    1    1    1    1    1    1  1.04547E+15 0.00062 
   52   52    1    1    1    1    1    1    1    1  1.23950E+15 0.00062 
   53   53    1    1    1    1    1    1    1    1  8.69955E+14 0.00070 
   54   54    1    1    1    1    1    1    1    1  1.08354E+15 0.00070 
   55   55    1    1    1    1    1    1    1    1  7.56841E+14 0.00080 
   56   56    1    1    1    1    1    1    1    1  1.03064E+14 0.00128 
   57   57    1    1    1    1    1    1    1    1  1.48488E+15 0.00049 
   58   58    1    1    1    1    1    1    1    1  6.74525E+14 0.00055 
   59   59    1    1    1    1    1    1    1    1  7.22388E+14 0.00066 
   60   60    1    1    1    1    1    1    1    1  5.79796E+14 0.00070 
   61   61    1    1    1    1    1    1    1    1  5.79481E+14 0.00054 
   62   62    1    1    1    1    1    1    1    1  5.94372E+14 0.00058 
   63   63    1    1    1    1    1    1    1    1  5.01176E+14 0.00081 
   64   64    1    1    1    1    1    1    1    1  3.98247E+14 0.00080 
   65   65    1    1    1    1    1    1    1    1  3.93931E+14 0.00083 
   66   66    1    1    1    1    1    1    1    1  3.00071E+14 0.00088 
   67   67    1    1    1    1    1    1    1    1  2.44792E+14 0.00095 
   68   68    1    1    1    1    1    1    1    1  2.16730E+14 0.00112 
   69   69    1    1    1    1    1    1    1    1  2.61427E+14 0.00085 
   70   70    1    1    1    1    1    1    1    1  2.23301E+14 0.00108 
   71   71    1    1    1    1    1    1    1    1  4.07388E+14 0.00074 
   72   72    1    1    1    1    1    1    1    1  2.91540E+14 0.00107 
   73   73    1    1    1    1    1    1    1    1  2.23207E+14 0.00132 
   74   74    1    1    1    1    1    1    1    1  1.82377E+14 0.00099 
   75   75    1    1    1    1    1    1    1    1  1.52611E+14 0.00102 
   76   76    1    1    1    1    1    1    1    1  1.78656E+14 0.00113 
   77   77    1    1    1    1    1    1    1    1  1.42356E+14 0.00142 
   78   78    1    1    1    1    1    1    1    1  1.12960E+14 0.00163 
   79   79    1    1    1    1    1    1    1    1  1.17459E+14 0.00163 
   80   80    1    1    1    1    1    1    1    1  8.76677E+13 0.00165 
   81   81    1    1    1    1    1    1    1    1  6.77792E+13 0.00173 
   82   82    1    1    1    1    1    1    1    1  5.22825E+13 0.00192 
   83   83    1    1    1    1    1    1    1    1  4.84799E+13 0.00189 
   84   84    1    1    1    1    1    1    1    1  3.48467E+13 0.00297 
   85   85    1    1    1    1    1    1    1    1  2.51127E+13 0.00300 
   86   86    1    1    1    1    1    1    1    1  2.35869E+13 0.00372 
   87   87    1    1    1    1    1    1    1    1  1.43293E+13 0.00398 
   88   88    1    1    1    1    1    1    1    1  9.63913E+12 0.00678 
   89   89    1    1    1    1    1    1    1    1  5.47992E+12 0.00745 
   90   90    1    1    1    1    1    1    1    1  3.68690E+12 0.00760 
   91   91    1    1    1    1    1    1    1    1  1.84478E+12 0.01166 
   92   92    1    1    1    1    1    1    1    1  8.66893E+11 0.01962 
   93   93    1    1    1    1    1    1    1    1  4.20140E+11 0.02254 
   94   94    1    1    1    1    1    1    1    1  1.94396E+11 0.03449 
   95   95    1    1    1    1    1    1    1    1  1.07244E+11 0.04526 
   96   96    1    1    1    1    1    1    1    1  4.87828E+10 0.06691 
   97   97    1    1    1    1    1    1    1    1  2.29659E+10 0.08101 
   98   98    1    1    1    1    1    1    1    1  9.66104E+09 0.15595 
   99   99    1    1    1    1    1    1    1    1  8.02853E+09 0.18842 
  100  100    1    1    1    1    1    1    1    1  3.66698E+09 0.26911 
];


