
DETdpaspec = [
    1    1    1    1    1    1    1    1    1    1  0.00000E+00 0.00000 
    2    2    1    1    1    1    1    1    1    1  0.00000E+00 0.00000 
    3    3    1    1    1    1    1    1    1    1  0.00000E+00 0.00000 
    4    4    1    1    1    1    1    1    1    1  0.00000E+00 0.00000 
    5    5    1    1    1    1    1    1    1    1  0.00000E+00 0.00000 
    6    6    1    1    1    1    1    1    1    1  0.00000E+00 0.00000 
    7    7    1    1    1    1    1    1    1    1  0.00000E+00 0.00000 
    8    8    1    1    1    1    1    1    1    1  0.00000E+00 0.00000 
    9    9    1    1    1    1    1    1    1    1  0.00000E+00 0.00000 
   10   10    1    1    1    1    1    1    1    1  0.00000E+00 0.00000 
   11   11    1    1    1    1    1    1    1    1  1.67748E+08 0.76311 
   12   12    1    1    1    1    1    1    1    1  1.26915E+08 1.00000 
   13   13    1    1    1    1    1    1    1    1  1.59987E+08 1.00000 
   14   14    1    1    1    1    1    1    1    1  7.17119E+08 0.40612 
   15   15    1    1    1    1    1    1    1    1  3.13905E+08 0.48753 
   16   16    1    1    1    1    1    1    1    1  5.53003E+08 0.53718 
   17   17    1    1    1    1    1    1    1    1  3.91762E+08 0.62018 
   18   18    1    1    1    1    1    1    1    1  1.35402E+09 0.36268 
   19   19    1    1    1    1    1    1    1    1  1.23731E+09 0.25608 
   20   20    1    1    1    1    1    1    1    1  6.47553E+09 0.17242 
   21   21    1    1    1    1    1    1    1    1  1.10587E+10 0.14048 
   22   22    1    1    1    1    1    1    1    1  4.69449E+10 0.06130 
   23   23    1    1    1    1    1    1    1    1  1.65043E+11 0.03879 
   24   24    1    1    1    1    1    1    1    1  4.80544E+11 0.02832 
   25   25    1    1    1    1    1    1    1    1  7.44907E+11 0.01975 
   26   26    1    1    1    1    1    1    1    1  1.54844E+12 0.01294 
   27   27    1    1    1    1    1    1    1    1  2.92341E+12 0.00822 
   28   28    1    1    1    1    1    1    1    1  5.50387E+12 0.00536 
   29   29    1    1    1    1    1    1    1    1  8.00122E+12 0.00579 
   30   30    1    1    1    1    1    1    1    1  1.43018E+13 0.00371 
   31   31    1    1    1    1    1    1    1    1  2.80567E+13 0.00288 
   32   32    1    1    1    1    1    1    1    1  3.80534E+13 0.00303 
   33   33    1    1    1    1    1    1    1    1  6.99457E+13 0.00188 
   34   34    1    1    1    1    1    1    1    1  8.33436E+13 0.00192 
   35   35    1    1    1    1    1    1    1    1  8.97114E+13 0.00153 
   36   36    1    1    1    1    1    1    1    1  5.82928E+13 0.00167 
   37   37    1    1    1    1    1    1    1    1  1.69545E+13 0.00129 
   38   38    1    1    1    1    1    1    1    1  9.06454E+13 0.00142 
   39   39    1    1    1    1    1    1    1    1  1.14136E+14 0.00123 
   40   40    1    1    1    1    1    1    1    1  1.91568E+14 0.00112 
   41   41    1    1    1    1    1    1    1    1  1.76715E+14 0.00115 
   42   42    1    1    1    1    1    1    1    1  3.47394E+14 0.00095 
   43   43    1    1    1    1    1    1    1    1  3.89958E+14 0.00060 
   44   44    1    1    1    1    1    1    1    1  5.20572E+14 0.00070 
   45   45    1    1    1    1    1    1    1    1  9.69527E+14 0.00070 
   46   46    1    1    1    1    1    1    1    1  4.67986E+14 0.00051 
   47   47    1    1    1    1    1    1    1    1  6.94942E+14 0.00053 
   48   48    1    1    1    1    1    1    1    1  9.57461E+14 0.00041 
   49   49    1    1    1    1    1    1    1    1  8.83248E+14 0.00051 
   50   50    1    1    1    1    1    1    1    1  1.38452E+15 0.00061 
   51   51    1    1    1    1    1    1    1    1  1.06059E+15 0.00047 
   52   52    1    1    1    1    1    1    1    1  1.25338E+15 0.00045 
   53   53    1    1    1    1    1    1    1    1  8.71976E+14 0.00054 
   54   54    1    1    1    1    1    1    1    1  1.08273E+15 0.00062 
   55   55    1    1    1    1    1    1    1    1  7.51635E+14 0.00055 
   56   56    1    1    1    1    1    1    1    1  1.02421E+14 0.00087 
   57   57    1    1    1    1    1    1    1    1  1.46656E+15 0.00055 
   58   58    1    1    1    1    1    1    1    1  6.66918E+14 0.00063 
   59   59    1    1    1    1    1    1    1    1  7.10201E+14 0.00057 
   60   60    1    1    1    1    1    1    1    1  5.69920E+14 0.00070 
   61   61    1    1    1    1    1    1    1    1  5.67152E+14 0.00075 
   62   62    1    1    1    1    1    1    1    1  5.79679E+14 0.00068 
   63   63    1    1    1    1    1    1    1    1  4.87737E+14 0.00101 
   64   64    1    1    1    1    1    1    1    1  3.86577E+14 0.00077 
   65   65    1    1    1    1    1    1    1    1  3.81308E+14 0.00099 
   66   66    1    1    1    1    1    1    1    1  2.89971E+14 0.00109 
   67   67    1    1    1    1    1    1    1    1  2.35642E+14 0.00121 
   68   68    1    1    1    1    1    1    1    1  2.08372E+14 0.00103 
   69   69    1    1    1    1    1    1    1    1  2.51303E+14 0.00117 
   70   70    1    1    1    1    1    1    1    1  2.13557E+14 0.00084 
   71   71    1    1    1    1    1    1    1    1  3.85492E+14 0.00097 
   72   72    1    1    1    1    1    1    1    1  2.74826E+14 0.00124 
   73   73    1    1    1    1    1    1    1    1  2.09502E+14 0.00104 
   74   74    1    1    1    1    1    1    1    1  1.70935E+14 0.00139 
   75   75    1    1    1    1    1    1    1    1  1.43698E+14 0.00101 
   76   76    1    1    1    1    1    1    1    1  1.67878E+14 0.00135 
   77   77    1    1    1    1    1    1    1    1  1.34182E+14 0.00123 
   78   78    1    1    1    1    1    1    1    1  1.06584E+14 0.00180 
   79   79    1    1    1    1    1    1    1    1  1.10533E+14 0.00134 
   80   80    1    1    1    1    1    1    1    1  8.24349E+13 0.00167 
   81   81    1    1    1    1    1    1    1    1  6.38133E+13 0.00205 
   82   82    1    1    1    1    1    1    1    1  4.87917E+13 0.00224 
   83   83    1    1    1    1    1    1    1    1  4.56940E+13 0.00256 
   84   84    1    1    1    1    1    1    1    1  3.29268E+13 0.00306 
   85   85    1    1    1    1    1    1    1    1  2.34898E+13 0.00339 
   86   86    1    1    1    1    1    1    1    1  2.19694E+13 0.00348 
   87   87    1    1    1    1    1    1    1    1  1.34347E+13 0.00370 
   88   88    1    1    1    1    1    1    1    1  8.99105E+12 0.00430 
   89   89    1    1    1    1    1    1    1    1  5.11596E+12 0.00536 
   90   90    1    1    1    1    1    1    1    1  3.37554E+12 0.01022 
   91   91    1    1    1    1    1    1    1    1  1.66922E+12 0.01338 
   92   92    1    1    1    1    1    1    1    1  8.12325E+11 0.01683 
   93   93    1    1    1    1    1    1    1    1  3.68735E+11 0.01807 
   94   94    1    1    1    1    1    1    1    1  1.73790E+11 0.03636 
   95   95    1    1    1    1    1    1    1    1  8.84256E+10 0.05795 
   96   96    1    1    1    1    1    1    1    1  4.50270E+10 0.07067 
   97   97    1    1    1    1    1    1    1    1  1.93983E+10 0.13666 
   98   98    1    1    1    1    1    1    1    1  8.17589E+09 0.11104 
   99   99    1    1    1    1    1    1    1    1  5.70374E+09 0.17412 
  100  100    1    1    1    1    1    1    1    1  3.51944E+09 0.26383 
];


