
DETdpaspec = [
    1    1    1    1    1    1    1    1    1    1  0.00000E+00 0.00000 
    2    2    1    1    1    1    1    1    1    1  0.00000E+00 0.00000 
    3    3    1    1    1    1    1    1    1    1  0.00000E+00 0.00000 
    4    4    1    1    1    1    1    1    1    1  1.01303E+07 1.00000 
    5    5    1    1    1    1    1    1    1    1  0.00000E+00 0.00000 
    6    6    1    1    1    1    1    1    1    1  0.00000E+00 0.00000 
    7    7    1    1    1    1    1    1    1    1  0.00000E+00 0.00000 
    8    8    1    1    1    1    1    1    1    1  0.00000E+00 0.00000 
    9    9    1    1    1    1    1    1    1    1  0.00000E+00 0.00000 
   10   10    1    1    1    1    1    1    1    1  4.49878E+07 1.00000 
   11   11    1    1    1    1    1    1    1    1  3.34540E+08 0.80064 
   12   12    1    1    1    1    1    1    1    1  3.02648E+07 0.78741 
   13   13    1    1    1    1    1    1    1    1  9.81338E+08 0.45999 
   14   14    1    1    1    1    1    1    1    1  2.24810E+09 0.44297 
   15   15    1    1    1    1    1    1    1    1  1.88099E+09 0.41218 
   16   16    1    1    1    1    1    1    1    1  1.49015E+08 1.00000 
   17   17    1    1    1    1    1    1    1    1  4.84958E+08 0.42434 
   18   18    1    1    1    1    1    1    1    1  8.36905E+08 0.33574 
   19   19    1    1    1    1    1    1    1    1  3.20694E+09 0.20742 
   20   20    1    1    1    1    1    1    1    1  6.08622E+09 0.17518 
   21   21    1    1    1    1    1    1    1    1  6.70335E+09 0.14217 
   22   22    1    1    1    1    1    1    1    1  1.14992E+10 0.09645 
   23   23    1    1    1    1    1    1    1    1  3.27818E+10 0.07200 
   24   24    1    1    1    1    1    1    1    1  9.62248E+10 0.04581 
   25   25    1    1    1    1    1    1    1    1  1.57383E+11 0.02998 
   26   26    1    1    1    1    1    1    1    1  3.36437E+11 0.03351 
   27   27    1    1    1    1    1    1    1    1  6.92624E+11 0.02130 
   28   28    1    1    1    1    1    1    1    1  1.62009E+12 0.01236 
   29   29    1    1    1    1    1    1    1    1  2.61719E+12 0.01209 
   30   30    1    1    1    1    1    1    1    1  5.68290E+12 0.00647 
   31   31    1    1    1    1    1    1    1    1  1.36371E+13 0.00468 
   32   32    1    1    1    1    1    1    1    1  2.07303E+13 0.00306 
   33   33    1    1    1    1    1    1    1    1  4.23221E+13 0.00233 
   34   34    1    1    1    1    1    1    1    1  5.38534E+13 0.00216 
   35   35    1    1    1    1    1    1    1    1  6.46947E+13 0.00207 
   36   36    1    1    1    1    1    1    1    1  4.45737E+13 0.00183 
   37   37    1    1    1    1    1    1    1    1  1.33498E+13 0.00175 
   38   38    1    1    1    1    1    1    1    1  7.12676E+13 0.00204 
   39   39    1    1    1    1    1    1    1    1  9.10081E+13 0.00146 
   40   40    1    1    1    1    1    1    1    1  1.55264E+14 0.00120 
   41   41    1    1    1    1    1    1    1    1  1.47215E+14 0.00131 
   42   42    1    1    1    1    1    1    1    1  2.91718E+14 0.00124 
   43   43    1    1    1    1    1    1    1    1  3.34144E+14 0.00105 
   44   44    1    1    1    1    1    1    1    1  4.53326E+14 0.00088 
   45   45    1    1    1    1    1    1    1    1  8.61197E+14 0.00062 
   46   46    1    1    1    1    1    1    1    1  4.25665E+14 0.00070 
   47   47    1    1    1    1    1    1    1    1  6.40991E+14 0.00066 
   48   48    1    1    1    1    1    1    1    1  8.96285E+14 0.00071 
   49   49    1    1    1    1    1    1    1    1  8.39913E+14 0.00052 
   50   50    1    1    1    1    1    1    1    1  1.32829E+15 0.00063 
   51   51    1    1    1    1    1    1    1    1  1.03702E+15 0.00044 
   52   52    1    1    1    1    1    1    1    1  1.22957E+15 0.00054 
   53   53    1    1    1    1    1    1    1    1  8.65826E+14 0.00075 
   54   54    1    1    1    1    1    1    1    1  1.07783E+15 0.00059 
   55   55    1    1    1    1    1    1    1    1  7.53078E+14 0.00077 
   56   56    1    1    1    1    1    1    1    1  1.02863E+14 0.00094 
   57   57    1    1    1    1    1    1    1    1  1.48091E+15 0.00051 
   58   58    1    1    1    1    1    1    1    1  6.73136E+14 0.00082 
   59   59    1    1    1    1    1    1    1    1  7.21872E+14 0.00080 
   60   60    1    1    1    1    1    1    1    1  5.78569E+14 0.00079 
   61   61    1    1    1    1    1    1    1    1  5.77754E+14 0.00070 
   62   62    1    1    1    1    1    1    1    1  5.93114E+14 0.00063 
   63   63    1    1    1    1    1    1    1    1  5.00643E+14 0.00066 
   64   64    1    1    1    1    1    1    1    1  3.98775E+14 0.00094 
   65   65    1    1    1    1    1    1    1    1  3.95352E+14 0.00092 
   66   66    1    1    1    1    1    1    1    1  3.01074E+14 0.00078 
   67   67    1    1    1    1    1    1    1    1  2.45271E+14 0.00096 
   68   68    1    1    1    1    1    1    1    1  2.17541E+14 0.00127 
   69   69    1    1    1    1    1    1    1    1  2.63177E+14 0.00102 
   70   70    1    1    1    1    1    1    1    1  2.24777E+14 0.00091 
   71   71    1    1    1    1    1    1    1    1  4.11029E+14 0.00081 
   72   72    1    1    1    1    1    1    1    1  2.95120E+14 0.00096 
   73   73    1    1    1    1    1    1    1    1  2.25793E+14 0.00089 
   74   74    1    1    1    1    1    1    1    1  1.84093E+14 0.00098 
   75   75    1    1    1    1    1    1    1    1  1.53504E+14 0.00144 
   76   76    1    1    1    1    1    1    1    1  1.79632E+14 0.00140 
   77   77    1    1    1    1    1    1    1    1  1.43074E+14 0.00192 
   78   78    1    1    1    1    1    1    1    1  1.13517E+14 0.00151 
   79   79    1    1    1    1    1    1    1    1  1.17958E+14 0.00148 
   80   80    1    1    1    1    1    1    1    1  8.77282E+13 0.00184 
   81   81    1    1    1    1    1    1    1    1  6.80290E+13 0.00147 
   82   82    1    1    1    1    1    1    1    1  5.23782E+13 0.00190 
   83   83    1    1    1    1    1    1    1    1  4.88985E+13 0.00181 
   84   84    1    1    1    1    1    1    1    1  3.52099E+13 0.00267 
   85   85    1    1    1    1    1    1    1    1  2.54138E+13 0.00379 
   86   86    1    1    1    1    1    1    1    1  2.36335E+13 0.00222 
   87   87    1    1    1    1    1    1    1    1  1.45018E+13 0.00374 
   88   88    1    1    1    1    1    1    1    1  9.72245E+12 0.00604 
   89   89    1    1    1    1    1    1    1    1  5.63853E+12 0.00782 
   90   90    1    1    1    1    1    1    1    1  3.70169E+12 0.00857 
   91   91    1    1    1    1    1    1    1    1  1.84571E+12 0.00824 
   92   92    1    1    1    1    1    1    1    1  8.77997E+11 0.01503 
   93   93    1    1    1    1    1    1    1    1  4.32428E+11 0.02544 
   94   94    1    1    1    1    1    1    1    1  2.06718E+11 0.03270 
   95   95    1    1    1    1    1    1    1    1  9.45076E+10 0.03866 
   96   96    1    1    1    1    1    1    1    1  4.32202E+10 0.07471 
   97   97    1    1    1    1    1    1    1    1  2.08274E+10 0.11052 
   98   98    1    1    1    1    1    1    1    1  1.08518E+10 0.22169 
   99   99    1    1    1    1    1    1    1    1  3.90204E+09 0.22280 
  100  100    1    1    1    1    1    1    1    1  5.47575E+09 0.29288 
];


