
DETdpaspec = [
    1    1    1    1    1    1    1    1    1    1  0.00000E+00 0.00000 
    2    2    1    1    1    1    1    1    1    1  0.00000E+00 0.00000 
    3    3    1    1    1    1    1    1    1    1  0.00000E+00 0.00000 
    4    4    1    1    1    1    1    1    1    1  0.00000E+00 0.00000 
    5    5    1    1    1    1    1    1    1    1  0.00000E+00 0.00000 
    6    6    1    1    1    1    1    1    1    1  6.34828E+06 1.00000 
    7    7    1    1    1    1    1    1    1    1  0.00000E+00 0.00000 
    8    8    1    1    1    1    1    1    1    1  0.00000E+00 0.00000 
    9    9    1    1    1    1    1    1    1    1  0.00000E+00 0.00000 
   10   10    1    1    1    1    1    1    1    1  1.82214E+07 1.00000 
   11   11    1    1    1    1    1    1    1    1  0.00000E+00 0.00000 
   12   12    1    1    1    1    1    1    1    1  0.00000E+00 0.00000 
   13   13    1    1    1    1    1    1    1    1  3.48832E+08 0.65629 
   14   14    1    1    1    1    1    1    1    1  1.28359E+09 0.40358 
   15   15    1    1    1    1    1    1    1    1  1.72602E+09 0.27935 
   16   16    1    1    1    1    1    1    1    1  8.68595E+08 0.48835 
   17   17    1    1    1    1    1    1    1    1  1.54743E+09 0.32598 
   18   18    1    1    1    1    1    1    1    1  3.33479E+09 0.24221 
   19   19    1    1    1    1    1    1    1    1  2.24633E+09 0.25171 
   20   20    1    1    1    1    1    1    1    1  1.12024E+10 0.16846 
   21   21    1    1    1    1    1    1    1    1  8.98608E+09 0.16958 
   22   22    1    1    1    1    1    1    1    1  2.02770E+10 0.07052 
   23   23    1    1    1    1    1    1    1    1  2.99556E+10 0.07692 
   24   24    1    1    1    1    1    1    1    1  4.94337E+10 0.05335 
   25   25    1    1    1    1    1    1    1    1  9.11133E+10 0.05524 
   26   26    1    1    1    1    1    1    1    1  1.91058E+11 0.03046 
   27   27    1    1    1    1    1    1    1    1  3.83034E+11 0.01781 
   28   28    1    1    1    1    1    1    1    1  9.28263E+11 0.01432 
   29   29    1    1    1    1    1    1    1    1  1.53008E+12 0.01516 
   30   30    1    1    1    1    1    1    1    1  3.74622E+12 0.01038 
   31   31    1    1    1    1    1    1    1    1  9.80782E+12 0.00605 
   32   32    1    1    1    1    1    1    1    1  1.57813E+13 0.00428 
   33   33    1    1    1    1    1    1    1    1  3.33775E+13 0.00389 
   34   34    1    1    1    1    1    1    1    1  4.30325E+13 0.00299 
   35   35    1    1    1    1    1    1    1    1  5.53306E+13 0.00206 
   36   36    1    1    1    1    1    1    1    1  3.96324E+13 0.00221 
   37   37    1    1    1    1    1    1    1    1  1.20927E+13 0.00275 
   38   38    1    1    1    1    1    1    1    1  6.37020E+13 0.00181 
   39   39    1    1    1    1    1    1    1    1  8.21155E+13 0.00215 
   40   40    1    1    1    1    1    1    1    1  1.40436E+14 0.00170 
   41   41    1    1    1    1    1    1    1    1  1.35662E+14 0.00150 
   42   42    1    1    1    1    1    1    1    1  2.69085E+14 0.00116 
   43   43    1    1    1    1    1    1    1    1  3.09372E+14 0.00107 
   44   44    1    1    1    1    1    1    1    1  4.22720E+14 0.00077 
   45   45    1    1    1    1    1    1    1    1  8.07997E+14 0.00053 
   46   46    1    1    1    1    1    1    1    1  4.04348E+14 0.00077 
   47   47    1    1    1    1    1    1    1    1  6.12998E+14 0.00072 
   48   48    1    1    1    1    1    1    1    1  8.62726E+14 0.00071 
   49   49    1    1    1    1    1    1    1    1  8.13569E+14 0.00060 
   50   50    1    1    1    1    1    1    1    1  1.28522E+15 0.00052 
   51   51    1    1    1    1    1    1    1    1  1.01650E+15 0.00076 
   52   52    1    1    1    1    1    1    1    1  1.20033E+15 0.00058 
   53   53    1    1    1    1    1    1    1    1  8.49792E+14 0.00078 
   54   54    1    1    1    1    1    1    1    1  1.05163E+15 0.00075 
   55   55    1    1    1    1    1    1    1    1  7.38716E+14 0.00086 
   56   56    1    1    1    1    1    1    1    1  1.01338E+14 0.00134 
   57   57    1    1    1    1    1    1    1    1  1.45764E+15 0.00054 
   58   58    1    1    1    1    1    1    1    1  6.56624E+14 0.00081 
   59   59    1    1    1    1    1    1    1    1  7.07612E+14 0.00085 
   60   60    1    1    1    1    1    1    1    1  5.62794E+14 0.00086 
   61   61    1    1    1    1    1    1    1    1  5.64763E+14 0.00057 
   62   62    1    1    1    1    1    1    1    1  5.79610E+14 0.00090 
   63   63    1    1    1    1    1    1    1    1  4.89669E+14 0.00091 
   64   64    1    1    1    1    1    1    1    1  3.90288E+14 0.00096 
   65   65    1    1    1    1    1    1    1    1  3.87164E+14 0.00114 
   66   66    1    1    1    1    1    1    1    1  2.94836E+14 0.00092 
   67   67    1    1    1    1    1    1    1    1  2.41430E+14 0.00093 
   68   68    1    1    1    1    1    1    1    1  2.14687E+14 0.00104 
   69   69    1    1    1    1    1    1    1    1  2.60219E+14 0.00127 
   70   70    1    1    1    1    1    1    1    1  2.22729E+14 0.00143 
   71   71    1    1    1    1    1    1    1    1  4.09971E+14 0.00112 
   72   72    1    1    1    1    1    1    1    1  2.95038E+14 0.00095 
   73   73    1    1    1    1    1    1    1    1  2.25737E+14 0.00098 
   74   74    1    1    1    1    1    1    1    1  1.83561E+14 0.00106 
   75   75    1    1    1    1    1    1    1    1  1.52730E+14 0.00175 
   76   76    1    1    1    1    1    1    1    1  1.77089E+14 0.00112 
   77   77    1    1    1    1    1    1    1    1  1.40074E+14 0.00107 
   78   78    1    1    1    1    1    1    1    1  1.10456E+14 0.00175 
   79   79    1    1    1    1    1    1    1    1  1.14506E+14 0.00171 
   80   80    1    1    1    1    1    1    1    1  8.52974E+13 0.00187 
   81   81    1    1    1    1    1    1    1    1  6.59358E+13 0.00218 
   82   82    1    1    1    1    1    1    1    1  5.08255E+13 0.00300 
   83   83    1    1    1    1    1    1    1    1  4.73692E+13 0.00272 
   84   84    1    1    1    1    1    1    1    1  3.41717E+13 0.00294 
   85   85    1    1    1    1    1    1    1    1  2.43858E+13 0.00241 
   86   86    1    1    1    1    1    1    1    1  2.30029E+13 0.00398 
   87   87    1    1    1    1    1    1    1    1  1.41461E+13 0.00527 
   88   88    1    1    1    1    1    1    1    1  9.54084E+12 0.00514 
   89   89    1    1    1    1    1    1    1    1  5.45469E+12 0.00690 
   90   90    1    1    1    1    1    1    1    1  3.65337E+12 0.01058 
   91   91    1    1    1    1    1    1    1    1  1.86506E+12 0.01694 
   92   92    1    1    1    1    1    1    1    1  8.95197E+11 0.01179 
   93   93    1    1    1    1    1    1    1    1  4.21479E+11 0.02035 
   94   94    1    1    1    1    1    1    1    1  1.96875E+11 0.02701 
   95   95    1    1    1    1    1    1    1    1  9.36190E+10 0.05720 
   96   96    1    1    1    1    1    1    1    1  4.14970E+10 0.09400 
   97   97    1    1    1    1    1    1    1    1  2.08959E+10 0.09413 
   98   98    1    1    1    1    1    1    1    1  9.26970E+09 0.15280 
   99   99    1    1    1    1    1    1    1    1  5.07437E+09 0.20080 
  100  100    1    1    1    1    1    1    1    1  5.82998E+09 0.25431 
];


