
DETdpaspec = [
    1    1    1    1    1    1    1    1    1    1  0.00000E+00 0.00000 
    2    2    1    1    1    1    1    1    1    1  0.00000E+00 0.00000 
    3    3    1    1    1    1    1    1    1    1  0.00000E+00 0.00000 
    4    4    1    1    1    1    1    1    1    1  0.00000E+00 0.00000 
    5    5    1    1    1    1    1    1    1    1  0.00000E+00 0.00000 
    6    6    1    1    1    1    1    1    1    1  0.00000E+00 0.00000 
    7    7    1    1    1    1    1    1    1    1  0.00000E+00 0.00000 
    8    8    1    1    1    1    1    1    1    1  0.00000E+00 0.00000 
    9    9    1    1    1    1    1    1    1    1  0.00000E+00 0.00000 
   10   10    1    1    1    1    1    1    1    1  0.00000E+00 0.00000 
   11   11    1    1    1    1    1    1    1    1  0.00000E+00 0.00000 
   12   12    1    1    1    1    1    1    1    1  0.00000E+00 0.00000 
   13   13    1    1    1    1    1    1    1    1  0.00000E+00 0.00000 
   14   14    1    1    1    1    1    1    1    1  5.57807E+07 1.00000 
   15   15    1    1    1    1    1    1    1    1  0.00000E+00 0.00000 
   16   16    1    1    1    1    1    1    1    1  3.00675E+08 0.74715 
   17   17    1    1    1    1    1    1    1    1  3.97735E+09 0.25360 
   18   18    1    1    1    1    1    1    1    1  1.39646E+10 0.19004 
   19   19    1    1    1    1    1    1    1    1  1.82246E+10 0.09556 
   20   20    1    1    1    1    1    1    1    1  1.05880E+11 0.06834 
   21   21    1    1    1    1    1    1    1    1  3.71575E+11 0.02744 
   22   22    1    1    1    1    1    1    1    1  1.07473E+12 0.01590 
   23   23    1    1    1    1    1    1    1    1  2.37613E+12 0.01354 
   24   24    1    1    1    1    1    1    1    1  4.03328E+12 0.00846 
   25   25    1    1    1    1    1    1    1    1  4.81947E+12 0.00845 
   26   26    1    1    1    1    1    1    1    1  7.83025E+12 0.00608 
   27   27    1    1    1    1    1    1    1    1  1.14581E+13 0.00438 
   28   28    1    1    1    1    1    1    1    1  1.63273E+13 0.00507 
   29   29    1    1    1    1    1    1    1    1  2.03891E+13 0.00365 
   30   30    1    1    1    1    1    1    1    1  3.21876E+13 0.00353 
   31   31    1    1    1    1    1    1    1    1  5.03135E+13 0.00335 
   32   32    1    1    1    1    1    1    1    1  6.17291E+13 0.00245 
   33   33    1    1    1    1    1    1    1    1  1.02318E+14 0.00186 
   34   34    1    1    1    1    1    1    1    1  1.12804E+14 0.00158 
   35   35    1    1    1    1    1    1    1    1  1.12442E+14 0.00098 
   36   36    1    1    1    1    1    1    1    1  6.97358E+13 0.00115 
   37   37    1    1    1    1    1    1    1    1  2.00125E+13 0.00137 
   38   38    1    1    1    1    1    1    1    1  1.06403E+14 0.00134 
   39   39    1    1    1    1    1    1    1    1  1.31643E+14 0.00143 
   40   40    1    1    1    1    1    1    1    1  2.17344E+14 0.00097 
   41   41    1    1    1    1    1    1    1    1  1.95683E+14 0.00111 
   42   42    1    1    1    1    1    1    1    1  3.79579E+14 0.00112 
   43   43    1    1    1    1    1    1    1    1  4.18945E+14 0.00105 
   44   44    1    1    1    1    1    1    1    1  5.47089E+14 0.00103 
   45   45    1    1    1    1    1    1    1    1  9.89969E+14 0.00069 
   46   46    1    1    1    1    1    1    1    1  4.64560E+14 0.00106 
   47   47    1    1    1    1    1    1    1    1  6.82196E+14 0.00100 
   48   48    1    1    1    1    1    1    1    1  9.21702E+14 0.00097 
   49   49    1    1    1    1    1    1    1    1  8.37223E+14 0.00094 
   50   50    1    1    1    1    1    1    1    1  1.29060E+15 0.00090 
   51   51    1    1    1    1    1    1    1    1  9.67165E+14 0.00123 
   52   52    1    1    1    1    1    1    1    1  1.12778E+15 0.00088 
   53   53    1    1    1    1    1    1    1    1  7.71387E+14 0.00086 
   54   54    1    1    1    1    1    1    1    1  9.49734E+14 0.00095 
   55   55    1    1    1    1    1    1    1    1  6.51444E+14 0.00104 
   56   56    1    1    1    1    1    1    1    1  8.82505E+13 0.00138 
   57   57    1    1    1    1    1    1    1    1  1.25453E+15 0.00118 
   58   58    1    1    1    1    1    1    1    1  5.65417E+14 0.00098 
   59   59    1    1    1    1    1    1    1    1  5.94935E+14 0.00110 
   60   60    1    1    1    1    1    1    1    1  4.73788E+14 0.00132 
   61   61    1    1    1    1    1    1    1    1  4.68528E+14 0.00138 
   62   62    1    1    1    1    1    1    1    1  4.76109E+14 0.00153 
   63   63    1    1    1    1    1    1    1    1  3.96577E+14 0.00152 
   64   64    1    1    1    1    1    1    1    1  3.11099E+14 0.00159 
   65   65    1    1    1    1    1    1    1    1  3.04539E+14 0.00173 
   66   66    1    1    1    1    1    1    1    1  2.28926E+14 0.00181 
   67   67    1    1    1    1    1    1    1    1  1.84323E+14 0.00169 
   68   68    1    1    1    1    1    1    1    1  1.62739E+14 0.00161 
   69   69    1    1    1    1    1    1    1    1  1.94812E+14 0.00203 
   70   70    1    1    1    1    1    1    1    1  1.64332E+14 0.00212 
   71   71    1    1    1    1    1    1    1    1  2.91534E+14 0.00194 
   72   72    1    1    1    1    1    1    1    1  2.04526E+14 0.00206 
   73   73    1    1    1    1    1    1    1    1  1.54460E+14 0.00217 
   74   74    1    1    1    1    1    1    1    1  1.25776E+14 0.00218 
   75   75    1    1    1    1    1    1    1    1  1.04524E+14 0.00277 
   76   76    1    1    1    1    1    1    1    1  1.21630E+14 0.00246 
   77   77    1    1    1    1    1    1    1    1  9.59959E+13 0.00295 
   78   78    1    1    1    1    1    1    1    1  7.56735E+13 0.00333 
   79   79    1    1    1    1    1    1    1    1  7.76747E+13 0.00322 
   80   80    1    1    1    1    1    1    1    1  5.73514E+13 0.00302 
   81   81    1    1    1    1    1    1    1    1  4.34812E+13 0.00323 
   82   82    1    1    1    1    1    1    1    1  3.31158E+13 0.00427 
   83   83    1    1    1    1    1    1    1    1  3.07421E+13 0.00499 
   84   84    1    1    1    1    1    1    1    1  2.16807E+13 0.00527 
   85   85    1    1    1    1    1    1    1    1  1.53769E+13 0.00560 
   86   86    1    1    1    1    1    1    1    1  1.41047E+13 0.00465 
   87   87    1    1    1    1    1    1    1    1  8.33649E+12 0.00488 
   88   88    1    1    1    1    1    1    1    1  5.40091E+12 0.00809 
   89   89    1    1    1    1    1    1    1    1  2.99021E+12 0.00766 
   90   90    1    1    1    1    1    1    1    1  1.89626E+12 0.01556 
   91   91    1    1    1    1    1    1    1    1  8.98028E+11 0.01094 
   92   92    1    1    1    1    1    1    1    1  4.17292E+11 0.02607 
   93   93    1    1    1    1    1    1    1    1  1.80613E+11 0.02721 
   94   94    1    1    1    1    1    1    1    1  9.17931E+10 0.04194 
   95   95    1    1    1    1    1    1    1    1  4.26949E+10 0.06916 
   96   96    1    1    1    1    1    1    1    1  1.83136E+10 0.10945 
   97   97    1    1    1    1    1    1    1    1  9.76422E+09 0.14244 
   98   98    1    1    1    1    1    1    1    1  2.58788E+09 0.29816 
   99   99    1    1    1    1    1    1    1    1  1.62921E+09 0.25732 
  100  100    1    1    1    1    1    1    1    1  1.83138E+09 0.28811 
];


