
DETdpaspec = [
    1    1    1    1    1    1    1    1    1    1  0.00000E+00 0.00000 
    2    2    1    1    1    1    1    1    1    1  0.00000E+00 0.00000 
    3    3    1    1    1    1    1    1    1    1  0.00000E+00 0.00000 
    4    4    1    1    1    1    1    1    1    1  0.00000E+00 0.00000 
    5    5    1    1    1    1    1    1    1    1  0.00000E+00 0.00000 
    6    6    1    1    1    1    1    1    1    1  0.00000E+00 0.00000 
    7    7    1    1    1    1    1    1    1    1  0.00000E+00 0.00000 
    8    8    1    1    1    1    1    1    1    1  0.00000E+00 0.00000 
    9    9    1    1    1    1    1    1    1    1  0.00000E+00 0.00000 
   10   10    1    1    1    1    1    1    1    1  0.00000E+00 0.00000 
   11   11    1    1    1    1    1    1    1    1  0.00000E+00 0.00000 
   12   12    1    1    1    1    1    1    1    1  4.97391E+07 1.00000 
   13   13    1    1    1    1    1    1    1    1  4.05085E+08 0.77327 
   14   14    1    1    1    1    1    1    1    1  3.17062E+08 1.00000 
   15   15    1    1    1    1    1    1    1    1  0.00000E+00 0.00000 
   16   16    1    1    1    1    1    1    1    1  0.00000E+00 0.00000 
   17   17    1    1    1    1    1    1    1    1  1.73329E+09 0.38492 
   18   18    1    1    1    1    1    1    1    1  9.25558E+09 0.25009 
   19   19    1    1    1    1    1    1    1    1  9.45063E+09 0.22381 
   20   20    1    1    1    1    1    1    1    1  5.56822E+10 0.07686 
   21   21    1    1    1    1    1    1    1    1  1.77386E+11 0.03394 
   22   22    1    1    1    1    1    1    1    1  5.90864E+11 0.02440 
   23   23    1    1    1    1    1    1    1    1  1.58273E+12 0.01162 
   24   24    1    1    1    1    1    1    1    1  3.00976E+12 0.01177 
   25   25    1    1    1    1    1    1    1    1  3.78885E+12 0.00770 
   26   26    1    1    1    1    1    1    1    1  6.25064E+12 0.00545 
   27   27    1    1    1    1    1    1    1    1  9.54262E+12 0.00425 
   28   28    1    1    1    1    1    1    1    1  1.41908E+13 0.00510 
   29   29    1    1    1    1    1    1    1    1  1.80881E+13 0.00453 
   30   30    1    1    1    1    1    1    1    1  2.90403E+13 0.00402 
   31   31    1    1    1    1    1    1    1    1  4.71924E+13 0.00351 
   32   32    1    1    1    1    1    1    1    1  5.88832E+13 0.00233 
   33   33    1    1    1    1    1    1    1    1  9.88385E+13 0.00228 
   34   34    1    1    1    1    1    1    1    1  1.10400E+14 0.00140 
   35   35    1    1    1    1    1    1    1    1  1.11660E+14 0.00148 
   36   36    1    1    1    1    1    1    1    1  6.95409E+13 0.00166 
   37   37    1    1    1    1    1    1    1    1  1.99710E+13 0.00180 
   38   38    1    1    1    1    1    1    1    1  1.06216E+14 0.00119 
   39   39    1    1    1    1    1    1    1    1  1.31663E+14 0.00106 
   40   40    1    1    1    1    1    1    1    1  2.18076E+14 0.00108 
   41   41    1    1    1    1    1    1    1    1  1.97406E+14 0.00097 
   42   42    1    1    1    1    1    1    1    1  3.83444E+14 0.00107 
   43   43    1    1    1    1    1    1    1    1  4.25145E+14 0.00067 
   44   44    1    1    1    1    1    1    1    1  5.57993E+14 0.00069 
   45   45    1    1    1    1    1    1    1    1  1.01606E+15 0.00071 
   46   46    1    1    1    1    1    1    1    1  4.79705E+14 0.00082 
   47   47    1    1    1    1    1    1    1    1  7.06888E+14 0.00073 
   48   48    1    1    1    1    1    1    1    1  9.58886E+14 0.00052 
   49   49    1    1    1    1    1    1    1    1  8.73654E+14 0.00074 
   50   50    1    1    1    1    1    1    1    1  1.35329E+15 0.00059 
   51   51    1    1    1    1    1    1    1    1  1.01958E+15 0.00071 
   52   52    1    1    1    1    1    1    1    1  1.19458E+15 0.00058 
   53   53    1    1    1    1    1    1    1    1  8.20435E+14 0.00081 
   54   54    1    1    1    1    1    1    1    1  1.01416E+15 0.00058 
   55   55    1    1    1    1    1    1    1    1  6.98120E+14 0.00066 
   56   56    1    1    1    1    1    1    1    1  9.46436E+13 0.00113 
   57   57    1    1    1    1    1    1    1    1  1.34941E+15 0.00069 
   58   58    1    1    1    1    1    1    1    1  6.09591E+14 0.00062 
   59   59    1    1    1    1    1    1    1    1  6.44047E+14 0.00076 
   60   60    1    1    1    1    1    1    1    1  5.15052E+14 0.00059 
   61   61    1    1    1    1    1    1    1    1  5.10010E+14 0.00078 
   62   62    1    1    1    1    1    1    1    1  5.18292E+14 0.00061 
   63   63    1    1    1    1    1    1    1    1  4.33867E+14 0.00087 
   64   64    1    1    1    1    1    1    1    1  3.41706E+14 0.00064 
   65   65    1    1    1    1    1    1    1    1  3.35089E+14 0.00098 
   66   66    1    1    1    1    1    1    1    1  2.53190E+14 0.00105 
   67   67    1    1    1    1    1    1    1    1  2.04349E+14 0.00099 
   68   68    1    1    1    1    1    1    1    1  1.80451E+14 0.00102 
   69   69    1    1    1    1    1    1    1    1  2.16615E+14 0.00090 
   70   70    1    1    1    1    1    1    1    1  1.82770E+14 0.00139 
   71   71    1    1    1    1    1    1    1    1  3.26556E+14 0.00139 
   72   72    1    1    1    1    1    1    1    1  2.30396E+14 0.00116 
   73   73    1    1    1    1    1    1    1    1  1.74459E+14 0.00151 
   74   74    1    1    1    1    1    1    1    1  1.42244E+14 0.00145 
   75   75    1    1    1    1    1    1    1    1  1.18753E+14 0.00176 
   76   76    1    1    1    1    1    1    1    1  1.38469E+14 0.00143 
   77   77    1    1    1    1    1    1    1    1  1.10019E+14 0.00168 
   78   78    1    1    1    1    1    1    1    1  8.67421E+13 0.00175 
   79   79    1    1    1    1    1    1    1    1  8.96335E+13 0.00202 
   80   80    1    1    1    1    1    1    1    1  6.65283E+13 0.00160 
   81   81    1    1    1    1    1    1    1    1  5.08243E+13 0.00245 
   82   82    1    1    1    1    1    1    1    1  3.87898E+13 0.00232 
   83   83    1    1    1    1    1    1    1    1  3.59720E+13 0.00256 
   84   84    1    1    1    1    1    1    1    1  2.53051E+13 0.00281 
   85   85    1    1    1    1    1    1    1    1  1.81673E+13 0.00366 
   86   86    1    1    1    1    1    1    1    1  1.68336E+13 0.00308 
   87   87    1    1    1    1    1    1    1    1  1.00718E+13 0.00387 
   88   88    1    1    1    1    1    1    1    1  6.63087E+12 0.00627 
   89   89    1    1    1    1    1    1    1    1  3.66526E+12 0.00903 
   90   90    1    1    1    1    1    1    1    1  2.38044E+12 0.01229 
   91   91    1    1    1    1    1    1    1    1  1.13155E+12 0.01027 
   92   92    1    1    1    1    1    1    1    1  5.29192E+11 0.02049 
   93   93    1    1    1    1    1    1    1    1  2.60241E+11 0.03674 
   94   94    1    1    1    1    1    1    1    1  1.21213E+11 0.03811 
   95   95    1    1    1    1    1    1    1    1  5.13808E+10 0.05850 
   96   96    1    1    1    1    1    1    1    1  2.70397E+10 0.08831 
   97   97    1    1    1    1    1    1    1    1  1.35707E+10 0.17567 
   98   98    1    1    1    1    1    1    1    1  5.65204E+09 0.19432 
   99   99    1    1    1    1    1    1    1    1  1.85479E+09 0.39044 
  100  100    1    1    1    1    1    1    1    1  3.39223E+09 0.34496 
];


