
DETdpaspec = [
    1    1    1    1    1    1    1    1    1    1  0.00000E+00 0.00000 
    2    2    1    1    1    1    1    1    1    1  0.00000E+00 0.00000 
    3    3    1    1    1    1    1    1    1    1  0.00000E+00 0.00000 
    4    4    1    1    1    1    1    1    1    1  0.00000E+00 0.00000 
    5    5    1    1    1    1    1    1    1    1  0.00000E+00 0.00000 
    6    6    1    1    1    1    1    1    1    1  0.00000E+00 0.00000 
    7    7    1    1    1    1    1    1    1    1  0.00000E+00 0.00000 
    8    8    1    1    1    1    1    1    1    1  6.64051E+06 1.00000 
    9    9    1    1    1    1    1    1    1    1  7.79656E+06 1.00000 
   10   10    1    1    1    1    1    1    1    1  4.17936E+07 1.00000 
   11   11    1    1    1    1    1    1    1    1  2.28378E+08 0.84555 
   12   12    1    1    1    1    1    1    1    1  8.17686E+07 0.64202 
   13   13    1    1    1    1    1    1    1    1  3.05058E+08 0.82901 
   14   14    1    1    1    1    1    1    1    1  8.37161E+08 0.54984 
   15   15    1    1    1    1    1    1    1    1  1.94464E+09 0.44744 
   16   16    1    1    1    1    1    1    1    1  4.42702E+08 0.50096 
   17   17    1    1    1    1    1    1    1    1  2.81285E+08 0.40341 
   18   18    1    1    1    1    1    1    1    1  1.51625E+09 0.34509 
   19   19    1    1    1    1    1    1    1    1  2.82885E+09 0.22834 
   20   20    1    1    1    1    1    1    1    1  7.66182E+09 0.19073 
   21   21    1    1    1    1    1    1    1    1  6.06986E+09 0.18689 
   22   22    1    1    1    1    1    1    1    1  1.77653E+10 0.09820 
   23   23    1    1    1    1    1    1    1    1  3.18713E+10 0.08181 
   24   24    1    1    1    1    1    1    1    1  9.56840E+10 0.05030 
   25   25    1    1    1    1    1    1    1    1  1.62215E+11 0.04059 
   26   26    1    1    1    1    1    1    1    1  3.67040E+11 0.02241 
   27   27    1    1    1    1    1    1    1    1  8.19266E+11 0.01818 
   28   28    1    1    1    1    1    1    1    1  1.86227E+12 0.00891 
   29   29    1    1    1    1    1    1    1    1  3.06131E+12 0.00984 
   30   30    1    1    1    1    1    1    1    1  6.43590E+12 0.00756 
   31   31    1    1    1    1    1    1    1    1  1.50911E+13 0.00368 
   32   32    1    1    1    1    1    1    1    1  2.24678E+13 0.00254 
   33   33    1    1    1    1    1    1    1    1  4.51252E+13 0.00210 
   34   34    1    1    1    1    1    1    1    1  5.70673E+13 0.00206 
   35   35    1    1    1    1    1    1    1    1  6.73485E+13 0.00195 
   36   36    1    1    1    1    1    1    1    1  4.59599E+13 0.00170 
   37   37    1    1    1    1    1    1    1    1  1.37527E+13 0.00174 
   38   38    1    1    1    1    1    1    1    1  7.35163E+13 0.00142 
   39   39    1    1    1    1    1    1    1    1  9.38886E+13 0.00131 
   40   40    1    1    1    1    1    1    1    1  1.59550E+14 0.00126 
   41   41    1    1    1    1    1    1    1    1  1.50744E+14 0.00133 
   42   42    1    1    1    1    1    1    1    1  2.98870E+14 0.00098 
   43   43    1    1    1    1    1    1    1    1  3.41412E+14 0.00105 
   44   44    1    1    1    1    1    1    1    1  4.62010E+14 0.00095 
   45   45    1    1    1    1    1    1    1    1  8.76204E+14 0.00076 
   46   46    1    1    1    1    1    1    1    1  4.32260E+14 0.00072 
   47   47    1    1    1    1    1    1    1    1  6.48157E+14 0.00063 
   48   48    1    1    1    1    1    1    1    1  9.05157E+14 0.00067 
   49   49    1    1    1    1    1    1    1    1  8.45857E+14 0.00075 
   50   50    1    1    1    1    1    1    1    1  1.33758E+15 0.00040 
   51   51    1    1    1    1    1    1    1    1  1.04133E+15 0.00068 
   52   52    1    1    1    1    1    1    1    1  1.23488E+15 0.00061 
   53   53    1    1    1    1    1    1    1    1  8.68383E+14 0.00068 
   54   54    1    1    1    1    1    1    1    1  1.08133E+15 0.00061 
   55   55    1    1    1    1    1    1    1    1  7.54972E+14 0.00078 
   56   56    1    1    1    1    1    1    1    1  1.03118E+14 0.00116 
   57   57    1    1    1    1    1    1    1    1  1.48333E+15 0.00056 
   58   58    1    1    1    1    1    1    1    1  6.74008E+14 0.00067 
   59   59    1    1    1    1    1    1    1    1  7.22781E+14 0.00063 
   60   60    1    1    1    1    1    1    1    1  5.79497E+14 0.00084 
   61   61    1    1    1    1    1    1    1    1  5.79032E+14 0.00062 
   62   62    1    1    1    1    1    1    1    1  5.93241E+14 0.00078 
   63   63    1    1    1    1    1    1    1    1  5.01164E+14 0.00092 
   64   64    1    1    1    1    1    1    1    1  3.98430E+14 0.00090 
   65   65    1    1    1    1    1    1    1    1  3.95277E+14 0.00087 
   66   66    1    1    1    1    1    1    1    1  3.01196E+14 0.00092 
   67   67    1    1    1    1    1    1    1    1  2.45009E+14 0.00134 
   68   68    1    1    1    1    1    1    1    1  2.17604E+14 0.00121 
   69   69    1    1    1    1    1    1    1    1  2.62964E+14 0.00123 
   70   70    1    1    1    1    1    1    1    1  2.24559E+14 0.00103 
   71   71    1    1    1    1    1    1    1    1  4.09213E+14 0.00112 
   72   72    1    1    1    1    1    1    1    1  2.93447E+14 0.00117 
   73   73    1    1    1    1    1    1    1    1  2.24317E+14 0.00112 
   74   74    1    1    1    1    1    1    1    1  1.83338E+14 0.00123 
   75   75    1    1    1    1    1    1    1    1  1.53057E+14 0.00122 
   76   76    1    1    1    1    1    1    1    1  1.79433E+14 0.00135 
   77   77    1    1    1    1    1    1    1    1  1.42546E+14 0.00170 
   78   78    1    1    1    1    1    1    1    1  1.12948E+14 0.00143 
   79   79    1    1    1    1    1    1    1    1  1.17681E+14 0.00182 
   80   80    1    1    1    1    1    1    1    1  8.77674E+13 0.00188 
   81   81    1    1    1    1    1    1    1    1  6.78733E+13 0.00238 
   82   82    1    1    1    1    1    1    1    1  5.23225E+13 0.00218 
   83   83    1    1    1    1    1    1    1    1  4.89410E+13 0.00247 
   84   84    1    1    1    1    1    1    1    1  3.50989E+13 0.00223 
   85   85    1    1    1    1    1    1    1    1  2.53523E+13 0.00299 
   86   86    1    1    1    1    1    1    1    1  2.36267E+13 0.00254 
   87   87    1    1    1    1    1    1    1    1  1.46424E+13 0.00367 
   88   88    1    1    1    1    1    1    1    1  9.81335E+12 0.00498 
   89   89    1    1    1    1    1    1    1    1  5.60947E+12 0.00539 
   90   90    1    1    1    1    1    1    1    1  3.69829E+12 0.00724 
   91   91    1    1    1    1    1    1    1    1  1.84147E+12 0.01230 
   92   92    1    1    1    1    1    1    1    1  8.94396E+11 0.01585 
   93   93    1    1    1    1    1    1    1    1  4.31280E+11 0.02663 
   94   94    1    1    1    1    1    1    1    1  2.12116E+11 0.03167 
   95   95    1    1    1    1    1    1    1    1  9.84388E+10 0.06640 
   96   96    1    1    1    1    1    1    1    1  3.95143E+10 0.07816 
   97   97    1    1    1    1    1    1    1    1  2.32727E+10 0.12221 
   98   98    1    1    1    1    1    1    1    1  1.13443E+10 0.15615 
   99   99    1    1    1    1    1    1    1    1  5.67582E+09 0.18218 
  100  100    1    1    1    1    1    1    1    1  2.84115E+09 0.31643 
];


