
DETdpaspec = [
    1    1    1    1    1    1    1    1    1    1  0.00000E+00 0.00000 
    2    2    1    1    1    1    1    1    1    1  0.00000E+00 0.00000 
    3    3    1    1    1    1    1    1    1    1  0.00000E+00 0.00000 
    4    4    1    1    1    1    1    1    1    1  0.00000E+00 0.00000 
    5    5    1    1    1    1    1    1    1    1  0.00000E+00 0.00000 
    6    6    1    1    1    1    1    1    1    1  0.00000E+00 0.00000 
    7    7    1    1    1    1    1    1    1    1  0.00000E+00 0.00000 
    8    8    1    1    1    1    1    1    1    1  2.02240E+07 1.00000 
    9    9    1    1    1    1    1    1    1    1  9.83097E+06 0.70594 
   10   10    1    1    1    1    1    1    1    1  2.29720E+07 1.00000 
   11   11    1    1    1    1    1    1    1    1  6.73287E+07 0.69409 
   12   12    1    1    1    1    1    1    1    1  2.66019E+07 0.83630 
   13   13    1    1    1    1    1    1    1    1  9.64538E+08 0.62894 
   14   14    1    1    1    1    1    1    1    1  2.64503E+09 0.37494 
   15   15    1    1    1    1    1    1    1    1  2.21635E+09 0.29857 
   16   16    1    1    1    1    1    1    1    1  3.44839E+08 0.52192 
   17   17    1    1    1    1    1    1    1    1  6.20164E+08 0.36138 
   18   18    1    1    1    1    1    1    1    1  1.90803E+09 0.24435 
   19   19    1    1    1    1    1    1    1    1  1.65480E+09 0.22818 
   20   20    1    1    1    1    1    1    1    1  6.80589E+09 0.18540 
   21   21    1    1    1    1    1    1    1    1  9.93943E+09 0.17031 
   22   22    1    1    1    1    1    1    1    1  1.85746E+10 0.08812 
   23   23    1    1    1    1    1    1    1    1  3.09631E+10 0.07122 
   24   24    1    1    1    1    1    1    1    1  7.03876E+10 0.05705 
   25   25    1    1    1    1    1    1    1    1  1.03930E+11 0.03456 
   26   26    1    1    1    1    1    1    1    1  2.16646E+11 0.02775 
   27   27    1    1    1    1    1    1    1    1  4.83477E+11 0.02100 
   28   28    1    1    1    1    1    1    1    1  1.18242E+12 0.01417 
   29   29    1    1    1    1    1    1    1    1  1.90489E+12 0.01076 
   30   30    1    1    1    1    1    1    1    1  4.43214E+12 0.01015 
   31   31    1    1    1    1    1    1    1    1  1.11513E+13 0.00510 
   32   32    1    1    1    1    1    1    1    1  1.75539E+13 0.00350 
   33   33    1    1    1    1    1    1    1    1  3.65673E+13 0.00250 
   34   34    1    1    1    1    1    1    1    1  4.71240E+13 0.00191 
   35   35    1    1    1    1    1    1    1    1  5.87451E+13 0.00149 
   36   36    1    1    1    1    1    1    1    1  4.14615E+13 0.00170 
   37   37    1    1    1    1    1    1    1    1  1.24828E+13 0.00187 
   38   38    1    1    1    1    1    1    1    1  6.62864E+13 0.00146 
   39   39    1    1    1    1    1    1    1    1  8.51754E+13 0.00123 
   40   40    1    1    1    1    1    1    1    1  1.45797E+14 0.00117 
   41   41    1    1    1    1    1    1    1    1  1.39821E+14 0.00123 
   42   42    1    1    1    1    1    1    1    1  2.77283E+14 0.00089 
   43   43    1    1    1    1    1    1    1    1  3.19401E+14 0.00104 
   44   44    1    1    1    1    1    1    1    1  4.34312E+14 0.00090 
   45   45    1    1    1    1    1    1    1    1  8.29948E+14 0.00064 
   46   46    1    1    1    1    1    1    1    1  4.13140E+14 0.00079 
   47   47    1    1    1    1    1    1    1    1  6.23854E+14 0.00084 
   48   48    1    1    1    1    1    1    1    1  8.75603E+14 0.00068 
   49   49    1    1    1    1    1    1    1    1  8.24401E+14 0.00076 
   50   50    1    1    1    1    1    1    1    1  1.30431E+15 0.00051 
   51   51    1    1    1    1    1    1    1    1  1.02554E+15 0.00070 
   52   52    1    1    1    1    1    1    1    1  1.21390E+15 0.00053 
   53   53    1    1    1    1    1    1    1    1  8.57987E+14 0.00060 
   54   54    1    1    1    1    1    1    1    1  1.06637E+15 0.00076 
   55   55    1    1    1    1    1    1    1    1  7.46368E+14 0.00055 
   56   56    1    1    1    1    1    1    1    1  1.02052E+14 0.00102 
   57   57    1    1    1    1    1    1    1    1  1.47021E+15 0.00052 
   58   58    1    1    1    1    1    1    1    1  6.64940E+14 0.00061 
   59   59    1    1    1    1    1    1    1    1  7.16558E+14 0.00067 
   60   60    1    1    1    1    1    1    1    1  5.72707E+14 0.00083 
   61   61    1    1    1    1    1    1    1    1  5.73133E+14 0.00078 
   62   62    1    1    1    1    1    1    1    1  5.88377E+14 0.00088 
   63   63    1    1    1    1    1    1    1    1  4.96947E+14 0.00075 
   64   64    1    1    1    1    1    1    1    1  3.95875E+14 0.00105 
   65   65    1    1    1    1    1    1    1    1  3.92356E+14 0.00105 
   66   66    1    1    1    1    1    1    1    1  2.99065E+14 0.00095 
   67   67    1    1    1    1    1    1    1    1  2.44436E+14 0.00120 
   68   68    1    1    1    1    1    1    1    1  2.16846E+14 0.00116 
   69   69    1    1    1    1    1    1    1    1  2.62048E+14 0.00096 
   70   70    1    1    1    1    1    1    1    1  2.24371E+14 0.00121 
   71   71    1    1    1    1    1    1    1    1  4.11224E+14 0.00129 
   72   72    1    1    1    1    1    1    1    1  2.96257E+14 0.00112 
   73   73    1    1    1    1    1    1    1    1  2.26992E+14 0.00108 
   74   74    1    1    1    1    1    1    1    1  1.84370E+14 0.00154 
   75   75    1    1    1    1    1    1    1    1  1.53875E+14 0.00117 
   76   76    1    1    1    1    1    1    1    1  1.78852E+14 0.00104 
   77   77    1    1    1    1    1    1    1    1  1.42086E+14 0.00148 
   78   78    1    1    1    1    1    1    1    1  1.12523E+14 0.00151 
   79   79    1    1    1    1    1    1    1    1  1.16786E+14 0.00177 
   80   80    1    1    1    1    1    1    1    1  8.71881E+13 0.00156 
   81   81    1    1    1    1    1    1    1    1  6.69425E+13 0.00225 
   82   82    1    1    1    1    1    1    1    1  5.17719E+13 0.00204 
   83   83    1    1    1    1    1    1    1    1  4.83940E+13 0.00311 
   84   84    1    1    1    1    1    1    1    1  3.48218E+13 0.00255 
   85   85    1    1    1    1    1    1    1    1  2.50615E+13 0.00368 
   86   86    1    1    1    1    1    1    1    1  2.33504E+13 0.00235 
   87   87    1    1    1    1    1    1    1    1  1.44015E+13 0.00294 
   88   88    1    1    1    1    1    1    1    1  9.56345E+12 0.00541 
   89   89    1    1    1    1    1    1    1    1  5.53514E+12 0.00598 
   90   90    1    1    1    1    1    1    1    1  3.65782E+12 0.00868 
   91   91    1    1    1    1    1    1    1    1  1.82420E+12 0.01058 
   92   92    1    1    1    1    1    1    1    1  9.04748E+11 0.01460 
   93   93    1    1    1    1    1    1    1    1  4.28439E+11 0.01703 
   94   94    1    1    1    1    1    1    1    1  2.18465E+11 0.02450 
   95   95    1    1    1    1    1    1    1    1  1.03678E+11 0.05490 
   96   96    1    1    1    1    1    1    1    1  4.81283E+10 0.09620 
   97   97    1    1    1    1    1    1    1    1  1.99371E+10 0.11375 
   98   98    1    1    1    1    1    1    1    1  8.85469E+09 0.14944 
   99   99    1    1    1    1    1    1    1    1  6.33498E+09 0.18201 
  100  100    1    1    1    1    1    1    1    1  5.06785E+09 0.20891 
];


