
DETdpaspec = [
    1    1    1    1    1    1    1    1    1    1  0.00000E+00 0.00000 
    2    2    1    1    1    1    1    1    1    1  0.00000E+00 0.00000 
    3    3    1    1    1    1    1    1    1    1  0.00000E+00 0.00000 
    4    4    1    1    1    1    1    1    1    1  0.00000E+00 0.00000 
    5    5    1    1    1    1    1    1    1    1  0.00000E+00 0.00000 
    6    6    1    1    1    1    1    1    1    1  0.00000E+00 0.00000 
    7    7    1    1    1    1    1    1    1    1  0.00000E+00 0.00000 
    8    8    1    1    1    1    1    1    1    1  0.00000E+00 0.00000 
    9    9    1    1    1    1    1    1    1    1  8.16857E+06 1.00000 
   10   10    1    1    1    1    1    1    1    1  0.00000E+00 0.00000 
   11   11    1    1    1    1    1    1    1    1  2.14326E+08 0.69676 
   12   12    1    1    1    1    1    1    1    1  1.89082E+08 0.84040 
   13   13    1    1    1    1    1    1    1    1  3.13411E+08 0.60160 
   14   14    1    1    1    1    1    1    1    1  1.05187E+09 0.55601 
   15   15    1    1    1    1    1    1    1    1  4.03016E+08 1.00000 
   16   16    1    1    1    1    1    1    1    1  2.32737E+08 0.83496 
   17   17    1    1    1    1    1    1    1    1  1.10788E+09 0.35187 
   18   18    1    1    1    1    1    1    1    1  1.88792E+09 0.23592 
   19   19    1    1    1    1    1    1    1    1  1.83801E+09 0.31363 
   20   20    1    1    1    1    1    1    1    1  5.05731E+09 0.15066 
   21   21    1    1    1    1    1    1    1    1  1.53103E+10 0.11069 
   22   22    1    1    1    1    1    1    1    1  6.72212E+10 0.05126 
   23   23    1    1    1    1    1    1    1    1  2.57121E+11 0.03319 
   24   24    1    1    1    1    1    1    1    1  6.89986E+11 0.01692 
   25   25    1    1    1    1    1    1    1    1  1.05050E+12 0.01510 
   26   26    1    1    1    1    1    1    1    1  2.04124E+12 0.00982 
   27   27    1    1    1    1    1    1    1    1  3.63704E+12 0.01007 
   28   28    1    1    1    1    1    1    1    1  6.64137E+12 0.00477 
   29   29    1    1    1    1    1    1    1    1  9.47144E+12 0.00392 
   30   30    1    1    1    1    1    1    1    1  1.66046E+13 0.00460 
   31   31    1    1    1    1    1    1    1    1  3.13190E+13 0.00293 
   32   32    1    1    1    1    1    1    1    1  4.17326E+13 0.00265 
   33   33    1    1    1    1    1    1    1    1  7.54542E+13 0.00157 
   34   34    1    1    1    1    1    1    1    1  8.85422E+13 0.00127 
   35   35    1    1    1    1    1    1    1    1  9.42710E+13 0.00154 
   36   36    1    1    1    1    1    1    1    1  6.07760E+13 0.00158 
   37   37    1    1    1    1    1    1    1    1  1.76869E+13 0.00188 
   38   38    1    1    1    1    1    1    1    1  9.44142E+13 0.00121 
   39   39    1    1    1    1    1    1    1    1  1.18233E+14 0.00133 
   40   40    1    1    1    1    1    1    1    1  1.97999E+14 0.00118 
   41   41    1    1    1    1    1    1    1    1  1.81494E+14 0.00096 
   42   42    1    1    1    1    1    1    1    1  3.56900E+14 0.00100 
   43   43    1    1    1    1    1    1    1    1  3.99765E+14 0.00077 
   44   44    1    1    1    1    1    1    1    1  5.31066E+14 0.00086 
   45   45    1    1    1    1    1    1    1    1  9.85993E+14 0.00063 
   46   46    1    1    1    1    1    1    1    1  4.74239E+14 0.00067 
   47   47    1    1    1    1    1    1    1    1  7.03009E+14 0.00056 
   48   48    1    1    1    1    1    1    1    1  9.65818E+14 0.00063 
   49   49    1    1    1    1    1    1    1    1  8.88094E+14 0.00055 
   50   50    1    1    1    1    1    1    1    1  1.38949E+15 0.00046 
   51   51    1    1    1    1    1    1    1    1  1.06143E+15 0.00059 
   52   52    1    1    1    1    1    1    1    1  1.25283E+15 0.00043 
   53   53    1    1    1    1    1    1    1    1  8.68914E+14 0.00047 
   54   54    1    1    1    1    1    1    1    1  1.07846E+15 0.00047 
   55   55    1    1    1    1    1    1    1    1  7.48591E+14 0.00057 
   56   56    1    1    1    1    1    1    1    1  1.01729E+14 0.00098 
   57   57    1    1    1    1    1    1    1    1  1.45772E+15 0.00052 
   58   58    1    1    1    1    1    1    1    1  6.62377E+14 0.00069 
   59   59    1    1    1    1    1    1    1    1  7.04047E+14 0.00039 
   60   60    1    1    1    1    1    1    1    1  5.65029E+14 0.00051 
   61   61    1    1    1    1    1    1    1    1  5.62255E+14 0.00056 
   62   62    1    1    1    1    1    1    1    1  5.74672E+14 0.00064 
   63   63    1    1    1    1    1    1    1    1  4.82823E+14 0.00066 
   64   64    1    1    1    1    1    1    1    1  3.82339E+14 0.00087 
   65   65    1    1    1    1    1    1    1    1  3.77501E+14 0.00079 
   66   66    1    1    1    1    1    1    1    1  2.86058E+14 0.00095 
   67   67    1    1    1    1    1    1    1    1  2.32071E+14 0.00120 
   68   68    1    1    1    1    1    1    1    1  2.05239E+14 0.00112 
   69   69    1    1    1    1    1    1    1    1  2.46650E+14 0.00125 
   70   70    1    1    1    1    1    1    1    1  2.09822E+14 0.00123 
   71   71    1    1    1    1    1    1    1    1  3.77952E+14 0.00093 
   72   72    1    1    1    1    1    1    1    1  2.69038E+14 0.00119 
   73   73    1    1    1    1    1    1    1    1  2.05545E+14 0.00084 
   74   74    1    1    1    1    1    1    1    1  1.67817E+14 0.00115 
   75   75    1    1    1    1    1    1    1    1  1.40732E+14 0.00141 
   76   76    1    1    1    1    1    1    1    1  1.64504E+14 0.00142 
   77   77    1    1    1    1    1    1    1    1  1.31384E+14 0.00192 
   78   78    1    1    1    1    1    1    1    1  1.04603E+14 0.00146 
   79   79    1    1    1    1    1    1    1    1  1.08389E+14 0.00207 
   80   80    1    1    1    1    1    1    1    1  8.06210E+13 0.00172 
   81   81    1    1    1    1    1    1    1    1  6.21829E+13 0.00188 
   82   82    1    1    1    1    1    1    1    1  4.77016E+13 0.00249 
   83   83    1    1    1    1    1    1    1    1  4.45532E+13 0.00283 
   84   84    1    1    1    1    1    1    1    1  3.20205E+13 0.00302 
   85   85    1    1    1    1    1    1    1    1  2.29754E+13 0.00240 
   86   86    1    1    1    1    1    1    1    1  2.14203E+13 0.00330 
   87   87    1    1    1    1    1    1    1    1  1.30311E+13 0.00439 
   88   88    1    1    1    1    1    1    1    1  8.72312E+12 0.00673 
   89   89    1    1    1    1    1    1    1    1  4.93908E+12 0.00653 
   90   90    1    1    1    1    1    1    1    1  3.21587E+12 0.00912 
   91   91    1    1    1    1    1    1    1    1  1.63352E+12 0.01204 
   92   92    1    1    1    1    1    1    1    1  7.71026E+11 0.02068 
   93   93    1    1    1    1    1    1    1    1  3.80219E+11 0.02067 
   94   94    1    1    1    1    1    1    1    1  1.65526E+11 0.03578 
   95   95    1    1    1    1    1    1    1    1  7.65374E+10 0.07095 
   96   96    1    1    1    1    1    1    1    1  3.69046E+10 0.05738 
   97   97    1    1    1    1    1    1    1    1  1.98432E+10 0.14529 
   98   98    1    1    1    1    1    1    1    1  8.93380E+09 0.15298 
   99   99    1    1    1    1    1    1    1    1  3.61431E+09 0.22575 
  100  100    1    1    1    1    1    1    1    1  4.65605E+09 0.22012 
];


