
DETdpaspec = [
    1    1    1    1    1    1    1    1    1    1  0.00000E+00 0.00000 
    2    2    1    1    1    1    1    1    1    1  0.00000E+00 0.00000 
    3    3    1    1    1    1    1    1    1    1  0.00000E+00 0.00000 
    4    4    1    1    1    1    1    1    1    1  0.00000E+00 0.00000 
    5    5    1    1    1    1    1    1    1    1  0.00000E+00 0.00000 
    6    6    1    1    1    1    1    1    1    1  0.00000E+00 0.00000 
    7    7    1    1    1    1    1    1    1    1  0.00000E+00 0.00000 
    8    8    1    1    1    1    1    1    1    1  0.00000E+00 0.00000 
    9    9    1    1    1    1    1    1    1    1  0.00000E+00 0.00000 
   10   10    1    1    1    1    1    1    1    1  0.00000E+00 0.00000 
   11   11    1    1    1    1    1    1    1    1  4.28562E+07 1.00000 
   12   12    1    1    1    1    1    1    1    1  1.16601E+08 0.71857 
   13   13    1    1    1    1    1    1    1    1  4.24556E+08 0.77132 
   14   14    1    1    1    1    1    1    1    1  6.60902E+08 0.53921 
   15   15    1    1    1    1    1    1    1    1  1.14102E+09 0.49774 
   16   16    1    1    1    1    1    1    1    1  5.59830E+08 0.58096 
   17   17    1    1    1    1    1    1    1    1  6.93862E+08 0.41353 
   18   18    1    1    1    1    1    1    1    1  1.07355E+09 0.39903 
   19   19    1    1    1    1    1    1    1    1  2.03217E+09 0.25016 
   20   20    1    1    1    1    1    1    1    1  3.68480E+09 0.19061 
   21   21    1    1    1    1    1    1    1    1  9.21907E+09 0.15807 
   22   22    1    1    1    1    1    1    1    1  4.30617E+10 0.07295 
   23   23    1    1    1    1    1    1    1    1  1.65688E+11 0.03692 
   24   24    1    1    1    1    1    1    1    1  4.54354E+11 0.03273 
   25   25    1    1    1    1    1    1    1    1  7.52171E+11 0.01932 
   26   26    1    1    1    1    1    1    1    1  1.45444E+12 0.01283 
   27   27    1    1    1    1    1    1    1    1  2.71890E+12 0.00781 
   28   28    1    1    1    1    1    1    1    1  5.25151E+12 0.00605 
   29   29    1    1    1    1    1    1    1    1  7.75930E+12 0.00533 
   30   30    1    1    1    1    1    1    1    1  1.38819E+13 0.00430 
   31   31    1    1    1    1    1    1    1    1  2.72774E+13 0.00344 
   32   32    1    1    1    1    1    1    1    1  3.72388E+13 0.00276 
   33   33    1    1    1    1    1    1    1    1  6.84683E+13 0.00234 
   34   34    1    1    1    1    1    1    1    1  8.18761E+13 0.00148 
   35   35    1    1    1    1    1    1    1    1  8.86209E+13 0.00140 
   36   36    1    1    1    1    1    1    1    1  5.76734E+13 0.00124 
   37   37    1    1    1    1    1    1    1    1  1.68348E+13 0.00209 
   38   38    1    1    1    1    1    1    1    1  8.99633E+13 0.00177 
   39   39    1    1    1    1    1    1    1    1  1.13296E+14 0.00152 
   40   40    1    1    1    1    1    1    1    1  1.90448E+14 0.00129 
   41   41    1    1    1    1    1    1    1    1  1.75768E+14 0.00138 
   42   42    1    1    1    1    1    1    1    1  3.45540E+14 0.00100 
   43   43    1    1    1    1    1    1    1    1  3.88475E+14 0.00073 
   44   44    1    1    1    1    1    1    1    1  5.18896E+14 0.00062 
   45   45    1    1    1    1    1    1    1    1  9.66145E+14 0.00052 
   46   46    1    1    1    1    1    1    1    1  4.66904E+14 0.00058 
   47   47    1    1    1    1    1    1    1    1  6.93053E+14 0.00062 
   48   48    1    1    1    1    1    1    1    1  9.56500E+14 0.00064 
   49   49    1    1    1    1    1    1    1    1  8.82427E+14 0.00059 
   50   50    1    1    1    1    1    1    1    1  1.38256E+15 0.00053 
   51   51    1    1    1    1    1    1    1    1  1.05939E+15 0.00053 
   52   52    1    1    1    1    1    1    1    1  1.25313E+15 0.00064 
   53   53    1    1    1    1    1    1    1    1  8.71877E+14 0.00066 
   54   54    1    1    1    1    1    1    1    1  1.08391E+15 0.00037 
   55   55    1    1    1    1    1    1    1    1  7.52638E+14 0.00055 
   56   56    1    1    1    1    1    1    1    1  1.02365E+14 0.00082 
   57   57    1    1    1    1    1    1    1    1  1.46812E+15 0.00052 
   58   58    1    1    1    1    1    1    1    1  6.67865E+14 0.00077 
   59   59    1    1    1    1    1    1    1    1  7.11995E+14 0.00074 
   60   60    1    1    1    1    1    1    1    1  5.71726E+14 0.00055 
   61   61    1    1    1    1    1    1    1    1  5.68780E+14 0.00068 
   62   62    1    1    1    1    1    1    1    1  5.81361E+14 0.00066 
   63   63    1    1    1    1    1    1    1    1  4.89670E+14 0.00072 
   64   64    1    1    1    1    1    1    1    1  3.88010E+14 0.00087 
   65   65    1    1    1    1    1    1    1    1  3.82743E+14 0.00073 
   66   66    1    1    1    1    1    1    1    1  2.91375E+14 0.00098 
   67   67    1    1    1    1    1    1    1    1  2.36356E+14 0.00123 
   68   68    1    1    1    1    1    1    1    1  2.08465E+14 0.00102 
   69   69    1    1    1    1    1    1    1    1  2.51426E+14 0.00112 
   70   70    1    1    1    1    1    1    1    1  2.13943E+14 0.00101 
   71   71    1    1    1    1    1    1    1    1  3.86582E+14 0.00103 
   72   72    1    1    1    1    1    1    1    1  2.75240E+14 0.00117 
   73   73    1    1    1    1    1    1    1    1  2.10068E+14 0.00131 
   74   74    1    1    1    1    1    1    1    1  1.72210E+14 0.00139 
   75   75    1    1    1    1    1    1    1    1  1.44220E+14 0.00155 
   76   76    1    1    1    1    1    1    1    1  1.68728E+14 0.00118 
   77   77    1    1    1    1    1    1    1    1  1.34671E+14 0.00132 
   78   78    1    1    1    1    1    1    1    1  1.06951E+14 0.00158 
   79   79    1    1    1    1    1    1    1    1  1.10926E+14 0.00171 
   80   80    1    1    1    1    1    1    1    1  8.27014E+13 0.00188 
   81   81    1    1    1    1    1    1    1    1  6.38551E+13 0.00181 
   82   82    1    1    1    1    1    1    1    1  4.91822E+13 0.00253 
   83   83    1    1    1    1    1    1    1    1  4.59647E+13 0.00221 
   84   84    1    1    1    1    1    1    1    1  3.28862E+13 0.00377 
   85   85    1    1    1    1    1    1    1    1  2.37355E+13 0.00251 
   86   86    1    1    1    1    1    1    1    1  2.21156E+13 0.00312 
   87   87    1    1    1    1    1    1    1    1  1.34085E+13 0.00443 
   88   88    1    1    1    1    1    1    1    1  8.99219E+12 0.00565 
   89   89    1    1    1    1    1    1    1    1  5.11842E+12 0.00655 
   90   90    1    1    1    1    1    1    1    1  3.35564E+12 0.00777 
   91   91    1    1    1    1    1    1    1    1  1.64762E+12 0.01599 
   92   92    1    1    1    1    1    1    1    1  8.13937E+11 0.01701 
   93   93    1    1    1    1    1    1    1    1  3.76889E+11 0.03001 
   94   94    1    1    1    1    1    1    1    1  1.82984E+11 0.02913 
   95   95    1    1    1    1    1    1    1    1  9.50754E+10 0.06059 
   96   96    1    1    1    1    1    1    1    1  4.39446E+10 0.07717 
   97   97    1    1    1    1    1    1    1    1  1.85384E+10 0.09805 
   98   98    1    1    1    1    1    1    1    1  9.36497E+09 0.12770 
   99   99    1    1    1    1    1    1    1    1  6.34295E+09 0.18649 
  100  100    1    1    1    1    1    1    1    1  4.24860E+09 0.21611 
];


