
DETdpaspec = [
    1    1    1    1    1    1    1    1    1    1  0.00000E+00 0.00000 
    2    2    1    1    1    1    1    1    1    1  0.00000E+00 0.00000 
    3    3    1    1    1    1    1    1    1    1  0.00000E+00 0.00000 
    4    4    1    1    1    1    1    1    1    1  0.00000E+00 0.00000 
    5    5    1    1    1    1    1    1    1    1  0.00000E+00 0.00000 
    6    6    1    1    1    1    1    1    1    1  0.00000E+00 0.00000 
    7    7    1    1    1    1    1    1    1    1  0.00000E+00 0.00000 
    8    8    1    1    1    1    1    1    1    1  0.00000E+00 0.00000 
    9    9    1    1    1    1    1    1    1    1  3.44011E+06 1.00000 
   10   10    1    1    1    1    1    1    1    1  2.42131E+07 1.00000 
   11   11    1    1    1    1    1    1    1    1  0.00000E+00 0.00000 
   12   12    1    1    1    1    1    1    1    1  1.12735E+08 0.82672 
   13   13    1    1    1    1    1    1    1    1  4.94580E+08 0.56306 
   14   14    1    1    1    1    1    1    1    1  5.48192E+08 0.55608 
   15   15    1    1    1    1    1    1    1    1  8.09912E+08 0.39680 
   16   16    1    1    1    1    1    1    1    1  7.47000E+08 0.46848 
   17   17    1    1    1    1    1    1    1    1  1.59705E+09 0.29241 
   18   18    1    1    1    1    1    1    1    1  2.97617E+09 0.28369 
   19   19    1    1    1    1    1    1    1    1  2.38885E+09 0.27489 
   20   20    1    1    1    1    1    1    1    1  8.48775E+09 0.16219 
   21   21    1    1    1    1    1    1    1    1  5.36986E+09 0.18996 
   22   22    1    1    1    1    1    1    1    1  1.71957E+10 0.12919 
   23   23    1    1    1    1    1    1    1    1  3.02436E+10 0.07498 
   24   24    1    1    1    1    1    1    1    1  6.69607E+10 0.05485 
   25   25    1    1    1    1    1    1    1    1  1.20785E+11 0.05104 
   26   26    1    1    1    1    1    1    1    1  2.38220E+11 0.02774 
   27   27    1    1    1    1    1    1    1    1  5.07560E+11 0.02690 
   28   28    1    1    1    1    1    1    1    1  1.22977E+12 0.01294 
   29   29    1    1    1    1    1    1    1    1  2.04588E+12 0.01179 
   30   30    1    1    1    1    1    1    1    1  4.72268E+12 0.00617 
   31   31    1    1    1    1    1    1    1    1  1.15933E+13 0.00503 
   32   32    1    1    1    1    1    1    1    1  1.81584E+13 0.00461 
   33   33    1    1    1    1    1    1    1    1  3.76812E+13 0.00236 
   34   34    1    1    1    1    1    1    1    1  4.83338E+13 0.00243 
   35   35    1    1    1    1    1    1    1    1  5.98639E+13 0.00206 
   36   36    1    1    1    1    1    1    1    1  4.18698E+13 0.00211 
   37   37    1    1    1    1    1    1    1    1  1.26647E+13 0.00197 
   38   38    1    1    1    1    1    1    1    1  6.73321E+13 0.00202 
   39   39    1    1    1    1    1    1    1    1  8.64112E+13 0.00170 
   40   40    1    1    1    1    1    1    1    1  1.47725E+14 0.00153 
   41   41    1    1    1    1    1    1    1    1  1.41073E+14 0.00107 
   42   42    1    1    1    1    1    1    1    1  2.80049E+14 0.00106 
   43   43    1    1    1    1    1    1    1    1  3.22297E+14 0.00095 
   44   44    1    1    1    1    1    1    1    1  4.38051E+14 0.00075 
   45   45    1    1    1    1    1    1    1    1  8.35986E+14 0.00076 
   46   46    1    1    1    1    1    1    1    1  4.16094E+14 0.00081 
   47   47    1    1    1    1    1    1    1    1  6.27251E+14 0.00070 
   48   48    1    1    1    1    1    1    1    1  8.80248E+14 0.00079 
   49   49    1    1    1    1    1    1    1    1  8.27810E+14 0.00065 
   50   50    1    1    1    1    1    1    1    1  1.30840E+15 0.00062 
   51   51    1    1    1    1    1    1    1    1  1.02841E+15 0.00079 
   52   52    1    1    1    1    1    1    1    1  1.21675E+15 0.00065 
   53   53    1    1    1    1    1    1    1    1  8.58755E+14 0.00079 
   54   54    1    1    1    1    1    1    1    1  1.06832E+15 0.00073 
   55   55    1    1    1    1    1    1    1    1  7.48315E+14 0.00068 
   56   56    1    1    1    1    1    1    1    1  1.02216E+14 0.00120 
   57   57    1    1    1    1    1    1    1    1  1.47380E+15 0.00044 
   58   58    1    1    1    1    1    1    1    1  6.67630E+14 0.00064 
   59   59    1    1    1    1    1    1    1    1  7.17917E+14 0.00059 
   60   60    1    1    1    1    1    1    1    1  5.73854E+14 0.00061 
   61   61    1    1    1    1    1    1    1    1  5.74629E+14 0.00059 
   62   62    1    1    1    1    1    1    1    1  5.89668E+14 0.00061 
   63   63    1    1    1    1    1    1    1    1  4.98920E+14 0.00050 
   64   64    1    1    1    1    1    1    1    1  3.96848E+14 0.00081 
   65   65    1    1    1    1    1    1    1    1  3.93103E+14 0.00078 
   66   66    1    1    1    1    1    1    1    1  2.99731E+14 0.00068 
   67   67    1    1    1    1    1    1    1    1  2.44572E+14 0.00094 
   68   68    1    1    1    1    1    1    1    1  2.17664E+14 0.00093 
   69   69    1    1    1    1    1    1    1    1  2.62529E+14 0.00114 
   70   70    1    1    1    1    1    1    1    1  2.24697E+14 0.00102 
   71   71    1    1    1    1    1    1    1    1  4.11822E+14 0.00134 
   72   72    1    1    1    1    1    1    1    1  2.96875E+14 0.00101 
   73   73    1    1    1    1    1    1    1    1  2.26784E+14 0.00124 
   74   74    1    1    1    1    1    1    1    1  1.84663E+14 0.00132 
   75   75    1    1    1    1    1    1    1    1  1.54406E+14 0.00171 
   76   76    1    1    1    1    1    1    1    1  1.79468E+14 0.00186 
   77   77    1    1    1    1    1    1    1    1  1.42395E+14 0.00167 
   78   78    1    1    1    1    1    1    1    1  1.12495E+14 0.00146 
   79   79    1    1    1    1    1    1    1    1  1.16956E+14 0.00158 
   80   80    1    1    1    1    1    1    1    1  8.73588E+13 0.00136 
   81   81    1    1    1    1    1    1    1    1  6.74072E+13 0.00198 
   82   82    1    1    1    1    1    1    1    1  5.21869E+13 0.00221 
   83   83    1    1    1    1    1    1    1    1  4.86830E+13 0.00237 
   84   84    1    1    1    1    1    1    1    1  3.51078E+13 0.00286 
   85   85    1    1    1    1    1    1    1    1  2.52375E+13 0.00314 
   86   86    1    1    1    1    1    1    1    1  2.36812E+13 0.00420 
   87   87    1    1    1    1    1    1    1    1  1.44324E+13 0.00561 
   88   88    1    1    1    1    1    1    1    1  9.72278E+12 0.00609 
   89   89    1    1    1    1    1    1    1    1  5.62440E+12 0.00734 
   90   90    1    1    1    1    1    1    1    1  3.72664E+12 0.00818 
   91   91    1    1    1    1    1    1    1    1  1.85719E+12 0.01100 
   92   92    1    1    1    1    1    1    1    1  8.99846E+11 0.01682 
   93   93    1    1    1    1    1    1    1    1  4.29103E+11 0.02855 
   94   94    1    1    1    1    1    1    1    1  1.98457E+11 0.03255 
   95   95    1    1    1    1    1    1    1    1  1.14375E+11 0.05288 
   96   96    1    1    1    1    1    1    1    1  4.93695E+10 0.09446 
   97   97    1    1    1    1    1    1    1    1  2.32996E+10 0.11894 
   98   98    1    1    1    1    1    1    1    1  9.48628E+09 0.16559 
   99   99    1    1    1    1    1    1    1    1  4.23115E+09 0.26634 
  100  100    1    1    1    1    1    1    1    1  5.61666E+09 0.20751 
];


