
DETdpaspec = [
    1    1    1    1    1    1    1    1    1    1  0.00000E+00 0.00000 
    2    2    1    1    1    1    1    1    1    1  0.00000E+00 0.00000 
    3    3    1    1    1    1    1    1    1    1  0.00000E+00 0.00000 
    4    4    1    1    1    1    1    1    1    1  0.00000E+00 0.00000 
    5    5    1    1    1    1    1    1    1    1  0.00000E+00 0.00000 
    6    6    1    1    1    1    1    1    1    1  0.00000E+00 0.00000 
    7    7    1    1    1    1    1    1    1    1  0.00000E+00 0.00000 
    8    8    1    1    1    1    1    1    1    1  0.00000E+00 0.00000 
    9    9    1    1    1    1    1    1    1    1  0.00000E+00 0.00000 
   10   10    1    1    1    1    1    1    1    1  5.35230E+07 1.00000 
   11   11    1    1    1    1    1    1    1    1  0.00000E+00 0.00000 
   12   12    1    1    1    1    1    1    1    1  4.84976E+07 0.56220 
   13   13    1    1    1    1    1    1    1    1  5.16741E+08 0.61533 
   14   14    1    1    1    1    1    1    1    1  1.13210E+09 0.43847 
   15   15    1    1    1    1    1    1    1    1  8.72582E+08 0.48347 
   16   16    1    1    1    1    1    1    1    1  7.89386E+08 0.33986 
   17   17    1    1    1    1    1    1    1    1  1.09463E+09 0.26883 
   18   18    1    1    1    1    1    1    1    1  2.16219E+09 0.27333 
   19   19    1    1    1    1    1    1    1    1  4.23609E+09 0.19174 
   20   20    1    1    1    1    1    1    1    1  1.16872E+10 0.17324 
   21   21    1    1    1    1    1    1    1    1  9.37573E+09 0.10015 
   22   22    1    1    1    1    1    1    1    1  1.77851E+10 0.08699 
   23   23    1    1    1    1    1    1    1    1  2.72087E+10 0.10140 
   24   24    1    1    1    1    1    1    1    1  5.98861E+10 0.05306 
   25   25    1    1    1    1    1    1    1    1  9.31582E+10 0.05543 
   26   26    1    1    1    1    1    1    1    1  1.97946E+11 0.02615 
   27   27    1    1    1    1    1    1    1    1  4.14161E+11 0.01803 
   28   28    1    1    1    1    1    1    1    1  9.88220E+11 0.01879 
   29   29    1    1    1    1    1    1    1    1  1.61108E+12 0.01461 
   30   30    1    1    1    1    1    1    1    1  3.97593E+12 0.00823 
   31   31    1    1    1    1    1    1    1    1  1.00909E+13 0.00662 
   32   32    1    1    1    1    1    1    1    1  1.61179E+13 0.00491 
   33   33    1    1    1    1    1    1    1    1  3.40291E+13 0.00262 
   34   34    1    1    1    1    1    1    1    1  4.38199E+13 0.00213 
   35   35    1    1    1    1    1    1    1    1  5.59563E+13 0.00210 
   36   36    1    1    1    1    1    1    1    1  3.98900E+13 0.00179 
   37   37    1    1    1    1    1    1    1    1  1.21397E+13 0.00166 
   38   38    1    1    1    1    1    1    1    1  6.43100E+13 0.00147 
   39   39    1    1    1    1    1    1    1    1  8.25973E+13 0.00155 
   40   40    1    1    1    1    1    1    1    1  1.41128E+14 0.00108 
   41   41    1    1    1    1    1    1    1    1  1.36354E+14 0.00124 
   42   42    1    1    1    1    1    1    1    1  2.70765E+14 0.00108 
   43   43    1    1    1    1    1    1    1    1  3.11449E+14 0.00081 
   44   44    1    1    1    1    1    1    1    1  4.24941E+14 0.00107 
   45   45    1    1    1    1    1    1    1    1  8.12017E+14 0.00084 
   46   46    1    1    1    1    1    1    1    1  4.06009E+14 0.00060 
   47   47    1    1    1    1    1    1    1    1  6.14818E+14 0.00066 
   48   48    1    1    1    1    1    1    1    1  8.65726E+14 0.00064 
   49   49    1    1    1    1    1    1    1    1  8.16161E+14 0.00082 
   50   50    1    1    1    1    1    1    1    1  1.28991E+15 0.00060 
   51   51    1    1    1    1    1    1    1    1  1.01780E+15 0.00075 
   52   52    1    1    1    1    1    1    1    1  1.20292E+15 0.00061 
   53   53    1    1    1    1    1    1    1    1  8.50964E+14 0.00068 
   54   54    1    1    1    1    1    1    1    1  1.05596E+15 0.00057 
   55   55    1    1    1    1    1    1    1    1  7.40545E+14 0.00046 
   56   56    1    1    1    1    1    1    1    1  1.01414E+14 0.00086 
   57   57    1    1    1    1    1    1    1    1  1.46082E+15 0.00039 
   58   58    1    1    1    1    1    1    1    1  6.58517E+14 0.00076 
   59   59    1    1    1    1    1    1    1    1  7.10330E+14 0.00058 
   60   60    1    1    1    1    1    1    1    1  5.66263E+14 0.00083 
   61   61    1    1    1    1    1    1    1    1  5.67528E+14 0.00065 
   62   62    1    1    1    1    1    1    1    1  5.81363E+14 0.00068 
   63   63    1    1    1    1    1    1    1    1  4.90951E+14 0.00097 
   64   64    1    1    1    1    1    1    1    1  3.90685E+14 0.00069 
   65   65    1    1    1    1    1    1    1    1  3.87807E+14 0.00083 
   66   66    1    1    1    1    1    1    1    1  2.95720E+14 0.00052 
   67   67    1    1    1    1    1    1    1    1  2.41992E+14 0.00117 
   68   68    1    1    1    1    1    1    1    1  2.15901E+14 0.00100 
   69   69    1    1    1    1    1    1    1    1  2.60205E+14 0.00117 
   70   70    1    1    1    1    1    1    1    1  2.22818E+14 0.00105 
   71   71    1    1    1    1    1    1    1    1  4.10476E+14 0.00092 
   72   72    1    1    1    1    1    1    1    1  2.95125E+14 0.00105 
   73   73    1    1    1    1    1    1    1    1  2.26059E+14 0.00117 
   74   74    1    1    1    1    1    1    1    1  1.83315E+14 0.00083 
   75   75    1    1    1    1    1    1    1    1  1.52896E+14 0.00133 
   76   76    1    1    1    1    1    1    1    1  1.77206E+14 0.00165 
   77   77    1    1    1    1    1    1    1    1  1.40671E+14 0.00089 
   78   78    1    1    1    1    1    1    1    1  1.10943E+14 0.00131 
   79   79    1    1    1    1    1    1    1    1  1.14838E+14 0.00133 
   80   80    1    1    1    1    1    1    1    1  8.54971E+13 0.00214 
   81   81    1    1    1    1    1    1    1    1  6.61983E+13 0.00154 
   82   82    1    1    1    1    1    1    1    1  5.10319E+13 0.00359 
   83   83    1    1    1    1    1    1    1    1  4.76718E+13 0.00238 
   84   84    1    1    1    1    1    1    1    1  3.43881E+13 0.00317 
   85   85    1    1    1    1    1    1    1    1  2.47746E+13 0.00306 
   86   86    1    1    1    1    1    1    1    1  2.31962E+13 0.00196 
   87   87    1    1    1    1    1    1    1    1  1.42431E+13 0.00536 
   88   88    1    1    1    1    1    1    1    1  9.53341E+12 0.00514 
   89   89    1    1    1    1    1    1    1    1  5.47727E+12 0.00659 
   90   90    1    1    1    1    1    1    1    1  3.60468E+12 0.00980 
   91   91    1    1    1    1    1    1    1    1  1.83611E+12 0.01071 
   92   92    1    1    1    1    1    1    1    1  9.02624E+11 0.01879 
   93   93    1    1    1    1    1    1    1    1  4.30392E+11 0.02058 
   94   94    1    1    1    1    1    1    1    1  2.05076E+11 0.02836 
   95   95    1    1    1    1    1    1    1    1  1.00283E+11 0.05545 
   96   96    1    1    1    1    1    1    1    1  5.10862E+10 0.07417 
   97   97    1    1    1    1    1    1    1    1  1.95890E+10 0.07595 
   98   98    1    1    1    1    1    1    1    1  1.08682E+10 0.12231 
   99   99    1    1    1    1    1    1    1    1  6.25912E+09 0.18193 
  100  100    1    1    1    1    1    1    1    1  7.20929E+09 0.23312 
];


