
DETdpaspec = [
    1    1    1    1    1    1    1    1    1    1  0.00000E+00 0.00000 
    2    2    1    1    1    1    1    1    1    1  0.00000E+00 0.00000 
    3    3    1    1    1    1    1    1    1    1  0.00000E+00 0.00000 
    4    4    1    1    1    1    1    1    1    1  0.00000E+00 0.00000 
    5    5    1    1    1    1    1    1    1    1  0.00000E+00 0.00000 
    6    6    1    1    1    1    1    1    1    1  0.00000E+00 0.00000 
    7    7    1    1    1    1    1    1    1    1  1.33826E+07 1.00000 
    8    8    1    1    1    1    1    1    1    1  0.00000E+00 0.00000 
    9    9    1    1    1    1    1    1    1    1  0.00000E+00 0.00000 
   10   10    1    1    1    1    1    1    1    1  0.00000E+00 0.00000 
   11   11    1    1    1    1    1    1    1    1  3.67588E+07 1.00000 
   12   12    1    1    1    1    1    1    1    1  2.75349E+07 1.00000 
   13   13    1    1    1    1    1    1    1    1  7.58389E+08 0.64873 
   14   14    1    1    1    1    1    1    1    1  1.11677E+09 0.53480 
   15   15    1    1    1    1    1    1    1    1  3.54727E+08 0.68700 
   16   16    1    1    1    1    1    1    1    1  2.69059E+08 0.70785 
   17   17    1    1    1    1    1    1    1    1  1.48302E+09 0.39846 
   18   18    1    1    1    1    1    1    1    1  2.32226E+09 0.30796 
   19   19    1    1    1    1    1    1    1    1  2.24003E+09 0.32948 
   20   20    1    1    1    1    1    1    1    1  1.13016E+10 0.15887 
   21   21    1    1    1    1    1    1    1    1  8.94330E+09 0.13412 
   22   22    1    1    1    1    1    1    1    1  1.94219E+10 0.08411 
   23   23    1    1    1    1    1    1    1    1  4.74471E+10 0.07516 
   24   24    1    1    1    1    1    1    1    1  1.06569E+11 0.05812 
   25   25    1    1    1    1    1    1    1    1  1.82556E+11 0.03876 
   26   26    1    1    1    1    1    1    1    1  4.29662E+11 0.02163 
   27   27    1    1    1    1    1    1    1    1  8.91852E+11 0.01357 
   28   28    1    1    1    1    1    1    1    1  2.00534E+12 0.01162 
   29   29    1    1    1    1    1    1    1    1  3.23937E+12 0.00821 
   30   30    1    1    1    1    1    1    1    1  6.77866E+12 0.00627 
   31   31    1    1    1    1    1    1    1    1  1.56407E+13 0.00409 
   32   32    1    1    1    1    1    1    1    1  2.31405E+13 0.00393 
   33   33    1    1    1    1    1    1    1    1  4.66859E+13 0.00347 
   34   34    1    1    1    1    1    1    1    1  5.86728E+13 0.00259 
   35   35    1    1    1    1    1    1    1    1  6.89352E+13 0.00223 
   36   36    1    1    1    1    1    1    1    1  4.67915E+13 0.00204 
   37   37    1    1    1    1    1    1    1    1  1.39141E+13 0.00246 
   38   38    1    1    1    1    1    1    1    1  7.42551E+13 0.00169 
   39   39    1    1    1    1    1    1    1    1  9.48327E+13 0.00144 
   40   40    1    1    1    1    1    1    1    1  1.61558E+14 0.00158 
   41   41    1    1    1    1    1    1    1    1  1.52112E+14 0.00113 
   42   42    1    1    1    1    1    1    1    1  3.01724E+14 0.00092 
   43   43    1    1    1    1    1    1    1    1  3.43980E+14 0.00068 
   44   44    1    1    1    1    1    1    1    1  4.64622E+14 0.00077 
   45   45    1    1    1    1    1    1    1    1  8.82148E+14 0.00083 
   46   46    1    1    1    1    1    1    1    1  4.33792E+14 0.00081 
   47   47    1    1    1    1    1    1    1    1  6.50521E+14 0.00068 
   48   48    1    1    1    1    1    1    1    1  9.08430E+14 0.00075 
   49   49    1    1    1    1    1    1    1    1  8.47743E+14 0.00059 
   50   50    1    1    1    1    1    1    1    1  1.33917E+15 0.00056 
   51   51    1    1    1    1    1    1    1    1  1.04231E+15 0.00064 
   52   52    1    1    1    1    1    1    1    1  1.23564E+15 0.00063 
   53   53    1    1    1    1    1    1    1    1  8.68734E+14 0.00055 
   54   54    1    1    1    1    1    1    1    1  1.08087E+15 0.00055 
   55   55    1    1    1    1    1    1    1    1  7.55385E+14 0.00079 
   56   56    1    1    1    1    1    1    1    1  1.02937E+14 0.00077 
   57   57    1    1    1    1    1    1    1    1  1.48381E+15 0.00072 
   58   58    1    1    1    1    1    1    1    1  6.73807E+14 0.00067 
   59   59    1    1    1    1    1    1    1    1  7.21981E+14 0.00063 
   60   60    1    1    1    1    1    1    1    1  5.79355E+14 0.00063 
   61   61    1    1    1    1    1    1    1    1  5.78743E+14 0.00082 
   62   62    1    1    1    1    1    1    1    1  5.93638E+14 0.00077 
   63   63    1    1    1    1    1    1    1    1  5.01175E+14 0.00092 
   64   64    1    1    1    1    1    1    1    1  3.97929E+14 0.00092 
   65   65    1    1    1    1    1    1    1    1  3.94816E+14 0.00082 
   66   66    1    1    1    1    1    1    1    1  3.00623E+14 0.00126 
   67   67    1    1    1    1    1    1    1    1  2.44757E+14 0.00105 
   68   68    1    1    1    1    1    1    1    1  2.16934E+14 0.00111 
   69   69    1    1    1    1    1    1    1    1  2.62052E+14 0.00096 
   70   70    1    1    1    1    1    1    1    1  2.23868E+14 0.00096 
   71   71    1    1    1    1    1    1    1    1  4.07836E+14 0.00113 
   72   72    1    1    1    1    1    1    1    1  2.92310E+14 0.00119 
   73   73    1    1    1    1    1    1    1    1  2.23892E+14 0.00117 
   74   74    1    1    1    1    1    1    1    1  1.82887E+14 0.00135 
   75   75    1    1    1    1    1    1    1    1  1.52920E+14 0.00112 
   76   76    1    1    1    1    1    1    1    1  1.78580E+14 0.00161 
   77   77    1    1    1    1    1    1    1    1  1.42393E+14 0.00141 
   78   78    1    1    1    1    1    1    1    1  1.12985E+14 0.00123 
   79   79    1    1    1    1    1    1    1    1  1.17472E+14 0.00142 
   80   80    1    1    1    1    1    1    1    1  8.73400E+13 0.00170 
   81   81    1    1    1    1    1    1    1    1  6.77031E+13 0.00182 
   82   82    1    1    1    1    1    1    1    1  5.21374E+13 0.00262 
   83   83    1    1    1    1    1    1    1    1  4.88043E+13 0.00284 
   84   84    1    1    1    1    1    1    1    1  3.51200E+13 0.00321 
   85   85    1    1    1    1    1    1    1    1  2.53927E+13 0.00382 
   86   86    1    1    1    1    1    1    1    1  2.35143E+13 0.00465 
   87   87    1    1    1    1    1    1    1    1  1.45499E+13 0.00395 
   88   88    1    1    1    1    1    1    1    1  9.67584E+12 0.00560 
   89   89    1    1    1    1    1    1    1    1  5.59666E+12 0.00772 
   90   90    1    1    1    1    1    1    1    1  3.59908E+12 0.00952 
   91   91    1    1    1    1    1    1    1    1  1.83726E+12 0.01182 
   92   92    1    1    1    1    1    1    1    1  9.25888E+11 0.01610 
   93   93    1    1    1    1    1    1    1    1  4.38624E+11 0.02089 
   94   94    1    1    1    1    1    1    1    1  2.12494E+11 0.02921 
   95   95    1    1    1    1    1    1    1    1  1.00477E+11 0.05445 
   96   96    1    1    1    1    1    1    1    1  4.77764E+10 0.07687 
   97   97    1    1    1    1    1    1    1    1  2.08285E+10 0.09540 
   98   98    1    1    1    1    1    1    1    1  9.83649E+09 0.16214 
   99   99    1    1    1    1    1    1    1    1  4.10083E+09 0.21459 
  100  100    1    1    1    1    1    1    1    1  4.69216E+09 0.29178 
];


