
DETdpaspec = [
    1    1    1    1    1    1    1    1    1    1  0.00000E+00 0.00000 
    2    2    1    1    1    1    1    1    1    1  0.00000E+00 0.00000 
    3    3    1    1    1    1    1    1    1    1  0.00000E+00 0.00000 
    4    4    1    1    1    1    1    1    1    1  0.00000E+00 0.00000 
    5    5    1    1    1    1    1    1    1    1  0.00000E+00 0.00000 
    6    6    1    1    1    1    1    1    1    1  0.00000E+00 0.00000 
    7    7    1    1    1    1    1    1    1    1  2.14431E+07 1.00000 
    8    8    1    1    1    1    1    1    1    1  0.00000E+00 0.00000 
    9    9    1    1    1    1    1    1    1    1  0.00000E+00 0.00000 
   10   10    1    1    1    1    1    1    1    1  0.00000E+00 0.00000 
   11   11    1    1    1    1    1    1    1    1  0.00000E+00 0.00000 
   12   12    1    1    1    1    1    1    1    1  3.78640E+07 0.69354 
   13   13    1    1    1    1    1    1    1    1  5.90232E+08 0.63348 
   14   14    1    1    1    1    1    1    1    1  7.31943E+08 0.69150 
   15   15    1    1    1    1    1    1    1    1  1.38553E+09 0.43960 
   16   16    1    1    1    1    1    1    1    1  1.22375E+09 0.27075 
   17   17    1    1    1    1    1    1    1    1  1.34469E+09 0.21484 
   18   18    1    1    1    1    1    1    1    1  1.76051E+09 0.26946 
   19   19    1    1    1    1    1    1    1    1  1.97161E+09 0.21190 
   20   20    1    1    1    1    1    1    1    1  9.98654E+09 0.17503 
   21   21    1    1    1    1    1    1    1    1  9.06695E+09 0.15263 
   22   22    1    1    1    1    1    1    1    1  1.57331E+10 0.08612 
   23   23    1    1    1    1    1    1    1    1  2.89216E+10 0.06287 
   24   24    1    1    1    1    1    1    1    1  6.23648E+10 0.06081 
   25   25    1    1    1    1    1    1    1    1  1.17068E+11 0.03495 
   26   26    1    1    1    1    1    1    1    1  2.46189E+11 0.04251 
   27   27    1    1    1    1    1    1    1    1  5.40507E+11 0.02398 
   28   28    1    1    1    1    1    1    1    1  1.27675E+12 0.01342 
   29   29    1    1    1    1    1    1    1    1  2.10669E+12 0.01171 
   30   30    1    1    1    1    1    1    1    1  4.78626E+12 0.00947 
   31   31    1    1    1    1    1    1    1    1  1.19418E+13 0.00561 
   32   32    1    1    1    1    1    1    1    1  1.84737E+13 0.00359 
   33   33    1    1    1    1    1    1    1    1  3.81925E+13 0.00349 
   34   34    1    1    1    1    1    1    1    1  4.88024E+13 0.00227 
   35   35    1    1    1    1    1    1    1    1  6.00893E+13 0.00222 
   36   36    1    1    1    1    1    1    1    1  4.21366E+13 0.00171 
   37   37    1    1    1    1    1    1    1    1  1.27218E+13 0.00175 
   38   38    1    1    1    1    1    1    1    1  6.76106E+13 0.00121 
   39   39    1    1    1    1    1    1    1    1  8.67586E+13 0.00147 
   40   40    1    1    1    1    1    1    1    1  1.48062E+14 0.00129 
   41   41    1    1    1    1    1    1    1    1  1.41739E+14 0.00123 
   42   42    1    1    1    1    1    1    1    1  2.81441E+14 0.00114 
   43   43    1    1    1    1    1    1    1    1  3.23187E+14 0.00123 
   44   44    1    1    1    1    1    1    1    1  4.39613E+14 0.00086 
   45   45    1    1    1    1    1    1    1    1  8.37841E+14 0.00061 
   46   46    1    1    1    1    1    1    1    1  4.16160E+14 0.00085 
   47   47    1    1    1    1    1    1    1    1  6.28219E+14 0.00075 
   48   48    1    1    1    1    1    1    1    1  8.82021E+14 0.00058 
   49   49    1    1    1    1    1    1    1    1  8.28961E+14 0.00055 
   50   50    1    1    1    1    1    1    1    1  1.31133E+15 0.00057 
   51   51    1    1    1    1    1    1    1    1  1.02919E+15 0.00058 
   52   52    1    1    1    1    1    1    1    1  1.21812E+15 0.00048 
   53   53    1    1    1    1    1    1    1    1  8.60490E+14 0.00064 
   54   54    1    1    1    1    1    1    1    1  1.06929E+15 0.00056 
   55   55    1    1    1    1    1    1    1    1  7.48693E+14 0.00078 
   56   56    1    1    1    1    1    1    1    1  1.02369E+14 0.00120 
   57   57    1    1    1    1    1    1    1    1  1.47497E+15 0.00066 
   58   58    1    1    1    1    1    1    1    1  6.68074E+14 0.00068 
   59   59    1    1    1    1    1    1    1    1  7.18569E+14 0.00061 
   60   60    1    1    1    1    1    1    1    1  5.74380E+14 0.00080 
   61   61    1    1    1    1    1    1    1    1  5.74340E+14 0.00079 
   62   62    1    1    1    1    1    1    1    1  5.89393E+14 0.00082 
   63   63    1    1    1    1    1    1    1    1  4.98485E+14 0.00064 
   64   64    1    1    1    1    1    1    1    1  3.96729E+14 0.00074 
   65   65    1    1    1    1    1    1    1    1  3.93168E+14 0.00069 
   66   66    1    1    1    1    1    1    1    1  3.00281E+14 0.00081 
   67   67    1    1    1    1    1    1    1    1  2.44675E+14 0.00115 
   68   68    1    1    1    1    1    1    1    1  2.17543E+14 0.00133 
   69   69    1    1    1    1    1    1    1    1  2.62752E+14 0.00094 
   70   70    1    1    1    1    1    1    1    1  2.24814E+14 0.00105 
   71   71    1    1    1    1    1    1    1    1  4.12144E+14 0.00122 
   72   72    1    1    1    1    1    1    1    1  2.95818E+14 0.00110 
   73   73    1    1    1    1    1    1    1    1  2.26656E+14 0.00129 
   74   74    1    1    1    1    1    1    1    1  1.84569E+14 0.00101 
   75   75    1    1    1    1    1    1    1    1  1.54073E+14 0.00113 
   76   76    1    1    1    1    1    1    1    1  1.79474E+14 0.00110 
   77   77    1    1    1    1    1    1    1    1  1.42544E+14 0.00133 
   78   78    1    1    1    1    1    1    1    1  1.13044E+14 0.00145 
   79   79    1    1    1    1    1    1    1    1  1.16939E+14 0.00142 
   80   80    1    1    1    1    1    1    1    1  8.75117E+13 0.00216 
   81   81    1    1    1    1    1    1    1    1  6.75609E+13 0.00199 
   82   82    1    1    1    1    1    1    1    1  5.18462E+13 0.00237 
   83   83    1    1    1    1    1    1    1    1  4.84569E+13 0.00232 
   84   84    1    1    1    1    1    1    1    1  3.50184E+13 0.00187 
   85   85    1    1    1    1    1    1    1    1  2.52829E+13 0.00442 
   86   86    1    1    1    1    1    1    1    1  2.35911E+13 0.00263 
   87   87    1    1    1    1    1    1    1    1  1.45489E+13 0.00476 
   88   88    1    1    1    1    1    1    1    1  9.76785E+12 0.00499 
   89   89    1    1    1    1    1    1    1    1  5.56781E+12 0.00496 
   90   90    1    1    1    1    1    1    1    1  3.69511E+12 0.00971 
   91   91    1    1    1    1    1    1    1    1  1.82419E+12 0.01409 
   92   92    1    1    1    1    1    1    1    1  9.04793E+11 0.01697 
   93   93    1    1    1    1    1    1    1    1  4.30613E+11 0.02648 
   94   94    1    1    1    1    1    1    1    1  2.13810E+11 0.03405 
   95   95    1    1    1    1    1    1    1    1  1.10688E+11 0.04955 
   96   96    1    1    1    1    1    1    1    1  5.07432E+10 0.08462 
   97   97    1    1    1    1    1    1    1    1  2.35850E+10 0.17460 
   98   98    1    1    1    1    1    1    1    1  1.03897E+10 0.21215 
   99   99    1    1    1    1    1    1    1    1  5.60180E+09 0.21809 
  100  100    1    1    1    1    1    1    1    1  3.99440E+09 0.22421 
];


