
DETdpaspec = [
    1    1    1    1    1    1    1    1    1    1  0.00000E+00 0.00000 
    2    2    1    1    1    1    1    1    1    1  0.00000E+00 0.00000 
    3    3    1    1    1    1    1    1    1    1  0.00000E+00 0.00000 
    4    4    1    1    1    1    1    1    1    1  0.00000E+00 0.00000 
    5    5    1    1    1    1    1    1    1    1  0.00000E+00 0.00000 
    6    6    1    1    1    1    1    1    1    1  0.00000E+00 0.00000 
    7    7    1    1    1    1    1    1    1    1  0.00000E+00 0.00000 
    8    8    1    1    1    1    1    1    1    1  0.00000E+00 0.00000 
    9    9    1    1    1    1    1    1    1    1  0.00000E+00 0.00000 
   10   10    1    1    1    1    1    1    1    1  0.00000E+00 0.00000 
   11   11    1    1    1    1    1    1    1    1  0.00000E+00 0.00000 
   12   12    1    1    1    1    1    1    1    1  0.00000E+00 0.00000 
   13   13    1    1    1    1    1    1    1    1  1.05504E+08 1.00000 
   14   14    1    1    1    1    1    1    1    1  3.76589E+08 0.69486 
   15   15    1    1    1    1    1    1    1    1  1.06753E+08 1.00000 
   16   16    1    1    1    1    1    1    1    1  2.06854E+08 1.00000 
   17   17    1    1    1    1    1    1    1    1  1.89513E+09 0.59538 
   18   18    1    1    1    1    1    1    1    1  5.91569E+09 0.33628 
   19   19    1    1    1    1    1    1    1    1  9.40657E+09 0.18647 
   20   20    1    1    1    1    1    1    1    1  7.77621E+10 0.07331 
   21   21    1    1    1    1    1    1    1    1  2.61066E+11 0.04067 
   22   22    1    1    1    1    1    1    1    1  8.25517E+11 0.02655 
   23   23    1    1    1    1    1    1    1    1  2.01326E+12 0.01587 
   24   24    1    1    1    1    1    1    1    1  3.59100E+12 0.00935 
   25   25    1    1    1    1    1    1    1    1  4.35283E+12 0.00730 
   26   26    1    1    1    1    1    1    1    1  7.15283E+12 0.00649 
   27   27    1    1    1    1    1    1    1    1  1.06301E+13 0.00605 
   28   28    1    1    1    1    1    1    1    1  1.53274E+13 0.00491 
   29   29    1    1    1    1    1    1    1    1  1.93682E+13 0.00512 
   30   30    1    1    1    1    1    1    1    1  3.09078E+13 0.00298 
   31   31    1    1    1    1    1    1    1    1  4.90522E+13 0.00169 
   32   32    1    1    1    1    1    1    1    1  6.06299E+13 0.00257 
   33   33    1    1    1    1    1    1    1    1  1.01248E+14 0.00193 
   34   34    1    1    1    1    1    1    1    1  1.12017E+14 0.00165 
   35   35    1    1    1    1    1    1    1    1  1.12667E+14 0.00136 
   36   36    1    1    1    1    1    1    1    1  6.98531E+13 0.00213 
   37   37    1    1    1    1    1    1    1    1  2.01371E+13 0.00158 
   38   38    1    1    1    1    1    1    1    1  1.06960E+14 0.00113 
   39   39    1    1    1    1    1    1    1    1  1.32152E+14 0.00132 
   40   40    1    1    1    1    1    1    1    1  2.18446E+14 0.00116 
   41   41    1    1    1    1    1    1    1    1  1.97333E+14 0.00101 
   42   42    1    1    1    1    1    1    1    1  3.82954E+14 0.00094 
   43   43    1    1    1    1    1    1    1    1  4.23328E+14 0.00113 
   44   44    1    1    1    1    1    1    1    1  5.54028E+14 0.00090 
   45   45    1    1    1    1    1    1    1    1  1.00593E+15 0.00087 
   46   46    1    1    1    1    1    1    1    1  4.73448E+14 0.00090 
   47   47    1    1    1    1    1    1    1    1  6.96142E+14 0.00085 
   48   48    1    1    1    1    1    1    1    1  9.43551E+14 0.00087 
   49   49    1    1    1    1    1    1    1    1  8.58717E+14 0.00072 
   50   50    1    1    1    1    1    1    1    1  1.32399E+15 0.00074 
   51   51    1    1    1    1    1    1    1    1  9.96129E+14 0.00077 
   52   52    1    1    1    1    1    1    1    1  1.16390E+15 0.00099 
   53   53    1    1    1    1    1    1    1    1  7.97497E+14 0.00081 
   54   54    1    1    1    1    1    1    1    1  9.83185E+14 0.00081 
   55   55    1    1    1    1    1    1    1    1  6.76077E+14 0.00112 
   56   56    1    1    1    1    1    1    1    1  9.16080E+13 0.00162 
   57   57    1    1    1    1    1    1    1    1  1.30490E+15 0.00110 
   58   58    1    1    1    1    1    1    1    1  5.89424E+14 0.00097 
   59   59    1    1    1    1    1    1    1    1  6.21640E+14 0.00106 
   60   60    1    1    1    1    1    1    1    1  4.95810E+14 0.00096 
   61   61    1    1    1    1    1    1    1    1  4.90726E+14 0.00113 
   62   62    1    1    1    1    1    1    1    1  4.98523E+14 0.00085 
   63   63    1    1    1    1    1    1    1    1  4.15839E+14 0.00124 
   64   64    1    1    1    1    1    1    1    1  3.27001E+14 0.00125 
   65   65    1    1    1    1    1    1    1    1  3.20458E+14 0.00120 
   66   66    1    1    1    1    1    1    1    1  2.41487E+14 0.00145 
   67   67    1    1    1    1    1    1    1    1  1.95217E+14 0.00159 
   68   68    1    1    1    1    1    1    1    1  1.71877E+14 0.00191 
   69   69    1    1    1    1    1    1    1    1  2.06150E+14 0.00158 
   70   70    1    1    1    1    1    1    1    1  1.74482E+14 0.00170 
   71   71    1    1    1    1    1    1    1    1  3.09902E+14 0.00168 
   72   72    1    1    1    1    1    1    1    1  2.18204E+14 0.00185 
   73   73    1    1    1    1    1    1    1    1  1.65252E+14 0.00203 
   74   74    1    1    1    1    1    1    1    1  1.34118E+14 0.00189 
   75   75    1    1    1    1    1    1    1    1  1.11945E+14 0.00260 
   76   76    1    1    1    1    1    1    1    1  1.30188E+14 0.00160 
   77   77    1    1    1    1    1    1    1    1  1.03166E+14 0.00203 
   78   78    1    1    1    1    1    1    1    1  8.11875E+13 0.00154 
   79   79    1    1    1    1    1    1    1    1  8.38982E+13 0.00227 
   80   80    1    1    1    1    1    1    1    1  6.21402E+13 0.00179 
   81   81    1    1    1    1    1    1    1    1  4.71894E+13 0.00250 
   82   82    1    1    1    1    1    1    1    1  3.61286E+13 0.00274 
   83   83    1    1    1    1    1    1    1    1  3.32414E+13 0.00334 
   84   84    1    1    1    1    1    1    1    1  2.35070E+13 0.00296 
   85   85    1    1    1    1    1    1    1    1  1.68214E+13 0.00257 
   86   86    1    1    1    1    1    1    1    1  1.53319E+13 0.00423 
   87   87    1    1    1    1    1    1    1    1  9.28909E+12 0.00347 
   88   88    1    1    1    1    1    1    1    1  6.02571E+12 0.00531 
   89   89    1    1    1    1    1    1    1    1  3.31207E+12 0.00683 
   90   90    1    1    1    1    1    1    1    1  2.13399E+12 0.01070 
   91   91    1    1    1    1    1    1    1    1  1.00070E+12 0.01293 
   92   92    1    1    1    1    1    1    1    1  4.62493E+11 0.01699 
   93   93    1    1    1    1    1    1    1    1  2.11055E+11 0.02973 
   94   94    1    1    1    1    1    1    1    1  1.03356E+11 0.04332 
   95   95    1    1    1    1    1    1    1    1  4.46023E+10 0.06029 
   96   96    1    1    1    1    1    1    1    1  2.22905E+10 0.08261 
   97   97    1    1    1    1    1    1    1    1  9.88095E+09 0.15097 
   98   98    1    1    1    1    1    1    1    1  5.29388E+09 0.16996 
   99   99    1    1    1    1    1    1    1    1  1.44913E+09 0.42471 
  100  100    1    1    1    1    1    1    1    1  1.39019E+09 0.40575 
];


