
DETdpaspec = [
    1    1    1    1    1    1    1    1    1    1  0.00000E+00 0.00000 
    2    2    1    1    1    1    1    1    1    1  0.00000E+00 0.00000 
    3    3    1    1    1    1    1    1    1    1  0.00000E+00 0.00000 
    4    4    1    1    1    1    1    1    1    1  0.00000E+00 0.00000 
    5    5    1    1    1    1    1    1    1    1  0.00000E+00 0.00000 
    6    6    1    1    1    1    1    1    1    1  0.00000E+00 0.00000 
    7    7    1    1    1    1    1    1    1    1  0.00000E+00 0.00000 
    8    8    1    1    1    1    1    1    1    1  0.00000E+00 0.00000 
    9    9    1    1    1    1    1    1    1    1  0.00000E+00 0.00000 
   10   10    1    1    1    1    1    1    1    1  0.00000E+00 0.00000 
   11   11    1    1    1    1    1    1    1    1  0.00000E+00 0.00000 
   12   12    1    1    1    1    1    1    1    1  2.20201E+07 1.00000 
   13   13    1    1    1    1    1    1    1    1  7.67140E+08 0.53466 
   14   14    1    1    1    1    1    1    1    1  3.91643E+08 0.71807 
   15   15    1    1    1    1    1    1    1    1  7.35605E+08 0.46203 
   16   16    1    1    1    1    1    1    1    1  5.47910E+08 0.66295 
   17   17    1    1    1    1    1    1    1    1  8.16475E+08 0.30871 
   18   18    1    1    1    1    1    1    1    1  2.67649E+09 0.23773 
   19   19    1    1    1    1    1    1    1    1  2.76528E+09 0.26805 
   20   20    1    1    1    1    1    1    1    1  1.30244E+10 0.15206 
   21   21    1    1    1    1    1    1    1    1  9.08554E+09 0.14984 
   22   22    1    1    1    1    1    1    1    1  1.55166E+10 0.15604 
   23   23    1    1    1    1    1    1    1    1  3.70655E+10 0.09217 
   24   24    1    1    1    1    1    1    1    1  6.86898E+10 0.06985 
   25   25    1    1    1    1    1    1    1    1  1.22892E+11 0.03926 
   26   26    1    1    1    1    1    1    1    1  2.45818E+11 0.02743 
   27   27    1    1    1    1    1    1    1    1  5.43865E+11 0.02075 
   28   28    1    1    1    1    1    1    1    1  1.32010E+12 0.01538 
   29   29    1    1    1    1    1    1    1    1  2.12059E+12 0.01285 
   30   30    1    1    1    1    1    1    1    1  4.80127E+12 0.00830 
   31   31    1    1    1    1    1    1    1    1  1.18355E+13 0.00468 
   32   32    1    1    1    1    1    1    1    1  1.83934E+13 0.00387 
   33   33    1    1    1    1    1    1    1    1  3.81952E+13 0.00297 
   34   34    1    1    1    1    1    1    1    1  4.89755E+13 0.00222 
   35   35    1    1    1    1    1    1    1    1  6.02831E+13 0.00210 
   36   36    1    1    1    1    1    1    1    1  4.22468E+13 0.00197 
   37   37    1    1    1    1    1    1    1    1  1.27591E+13 0.00204 
   38   38    1    1    1    1    1    1    1    1  6.78018E+13 0.00156 
   39   39    1    1    1    1    1    1    1    1  8.69876E+13 0.00137 
   40   40    1    1    1    1    1    1    1    1  1.48711E+14 0.00111 
   41   41    1    1    1    1    1    1    1    1  1.41884E+14 0.00119 
   42   42    1    1    1    1    1    1    1    1  2.81750E+14 0.00124 
   43   43    1    1    1    1    1    1    1    1  3.22990E+14 0.00089 
   44   44    1    1    1    1    1    1    1    1  4.39521E+14 0.00082 
   45   45    1    1    1    1    1    1    1    1  8.38948E+14 0.00061 
   46   46    1    1    1    1    1    1    1    1  4.16654E+14 0.00054 
   47   47    1    1    1    1    1    1    1    1  6.28233E+14 0.00070 
   48   48    1    1    1    1    1    1    1    1  8.81410E+14 0.00053 
   49   49    1    1    1    1    1    1    1    1  8.27838E+14 0.00052 
   50   50    1    1    1    1    1    1    1    1  1.30955E+15 0.00054 
   51   51    1    1    1    1    1    1    1    1  1.02814E+15 0.00055 
   52   52    1    1    1    1    1    1    1    1  1.21784E+15 0.00035 
   53   53    1    1    1    1    1    1    1    1  8.60208E+14 0.00053 
   54   54    1    1    1    1    1    1    1    1  1.06780E+15 0.00057 
   55   55    1    1    1    1    1    1    1    1  7.48853E+14 0.00059 
   56   56    1    1    1    1    1    1    1    1  1.02483E+14 0.00071 
   57   57    1    1    1    1    1    1    1    1  1.47475E+15 0.00052 
   58   58    1    1    1    1    1    1    1    1  6.67619E+14 0.00063 
   59   59    1    1    1    1    1    1    1    1  7.18421E+14 0.00076 
   60   60    1    1    1    1    1    1    1    1  5.74221E+14 0.00070 
   61   61    1    1    1    1    1    1    1    1  5.74672E+14 0.00066 
   62   62    1    1    1    1    1    1    1    1  5.89279E+14 0.00084 
   63   63    1    1    1    1    1    1    1    1  4.98055E+14 0.00087 
   64   64    1    1    1    1    1    1    1    1  3.96135E+14 0.00081 
   65   65    1    1    1    1    1    1    1    1  3.93348E+14 0.00093 
   66   66    1    1    1    1    1    1    1    1  2.99695E+14 0.00085 
   67   67    1    1    1    1    1    1    1    1  2.44651E+14 0.00093 
   68   68    1    1    1    1    1    1    1    1  2.17705E+14 0.00089 
   69   69    1    1    1    1    1    1    1    1  2.62499E+14 0.00132 
   70   70    1    1    1    1    1    1    1    1  2.24536E+14 0.00109 
   71   71    1    1    1    1    1    1    1    1  4.11867E+14 0.00077 
   72   72    1    1    1    1    1    1    1    1  2.95978E+14 0.00117 
   73   73    1    1    1    1    1    1    1    1  2.26749E+14 0.00110 
   74   74    1    1    1    1    1    1    1    1  1.84396E+14 0.00076 
   75   75    1    1    1    1    1    1    1    1  1.53975E+14 0.00124 
   76   76    1    1    1    1    1    1    1    1  1.79492E+14 0.00165 
   77   77    1    1    1    1    1    1    1    1  1.42823E+14 0.00124 
   78   78    1    1    1    1    1    1    1    1  1.12941E+14 0.00202 
   79   79    1    1    1    1    1    1    1    1  1.17270E+14 0.00141 
   80   80    1    1    1    1    1    1    1    1  8.74359E+13 0.00164 
   81   81    1    1    1    1    1    1    1    1  6.74883E+13 0.00168 
   82   82    1    1    1    1    1    1    1    1  5.21660E+13 0.00292 
   83   83    1    1    1    1    1    1    1    1  4.85670E+13 0.00239 
   84   84    1    1    1    1    1    1    1    1  3.49849E+13 0.00232 
   85   85    1    1    1    1    1    1    1    1  2.52178E+13 0.00350 
   86   86    1    1    1    1    1    1    1    1  2.35958E+13 0.00303 
   87   87    1    1    1    1    1    1    1    1  1.45375E+13 0.00316 
   88   88    1    1    1    1    1    1    1    1  9.70197E+12 0.00587 
   89   89    1    1    1    1    1    1    1    1  5.61007E+12 0.00604 
   90   90    1    1    1    1    1    1    1    1  3.67038E+12 0.00869 
   91   91    1    1    1    1    1    1    1    1  1.87467E+12 0.01219 
   92   92    1    1    1    1    1    1    1    1  8.92135E+11 0.01594 
   93   93    1    1    1    1    1    1    1    1  4.40597E+11 0.01861 
   94   94    1    1    1    1    1    1    1    1  2.05156E+11 0.03137 
   95   95    1    1    1    1    1    1    1    1  9.68369E+10 0.05823 
   96   96    1    1    1    1    1    1    1    1  4.86522E+10 0.06833 
   97   97    1    1    1    1    1    1    1    1  2.10288E+10 0.11625 
   98   98    1    1    1    1    1    1    1    1  9.22455E+09 0.13000 
   99   99    1    1    1    1    1    1    1    1  5.11586E+09 0.18048 
  100  100    1    1    1    1    1    1    1    1  4.69603E+09 0.26109 
];


