
DETdpaspec = [
    1    1    1    1    1    1    1    1    1    1  0.00000E+00 0.00000 
    2    2    1    1    1    1    1    1    1    1  0.00000E+00 0.00000 
    3    3    1    1    1    1    1    1    1    1  0.00000E+00 0.00000 
    4    4    1    1    1    1    1    1    1    1  0.00000E+00 0.00000 
    5    5    1    1    1    1    1    1    1    1  0.00000E+00 0.00000 
    6    6    1    1    1    1    1    1    1    1  0.00000E+00 0.00000 
    7    7    1    1    1    1    1    1    1    1  0.00000E+00 0.00000 
    8    8    1    1    1    1    1    1    1    1  8.79716E+06 1.00000 
    9    9    1    1    1    1    1    1    1    1  0.00000E+00 0.00000 
   10   10    1    1    1    1    1    1    1    1  2.63165E+07 1.00000 
   11   11    1    1    1    1    1    1    1    1  2.60506E+07 1.00000 
   12   12    1    1    1    1    1    1    1    1  1.11577E+08 0.46854 
   13   13    1    1    1    1    1    1    1    1  5.71484E+08 0.40711 
   14   14    1    1    1    1    1    1    1    1  7.70200E+08 0.33477 
   15   15    1    1    1    1    1    1    1    1  1.28063E+09 0.34885 
   16   16    1    1    1    1    1    1    1    1  4.72366E+08 0.36916 
   17   17    1    1    1    1    1    1    1    1  1.81032E+09 0.18320 
   18   18    1    1    1    1    1    1    1    1  5.10434E+09 0.13391 
   19   19    1    1    1    1    1    1    1    1  6.25508E+09 0.16611 
   20   20    1    1    1    1    1    1    1    1  1.95495E+10 0.11927 
   21   21    1    1    1    1    1    1    1    1  1.76118E+10 0.10809 
   22   22    1    1    1    1    1    1    1    1  3.78851E+10 0.07472 
   23   23    1    1    1    1    1    1    1    1  5.23284E+10 0.05922 
   24   24    1    1    1    1    1    1    1    1  8.06472E+10 0.05364 
   25   25    1    1    1    1    1    1    1    1  1.15536E+11 0.03361 
   26   26    1    1    1    1    1    1    1    1  1.98814E+11 0.02962 
   27   27    1    1    1    1    1    1    1    1  3.81602E+11 0.02804 
   28   28    1    1    1    1    1    1    1    1  8.29258E+11 0.01492 
   29   29    1    1    1    1    1    1    1    1  1.15701E+12 0.01436 
   30   30    1    1    1    1    1    1    1    1  3.16284E+12 0.01175 
   31   31    1    1    1    1    1    1    1    1  8.42700E+12 0.00489 
   32   32    1    1    1    1    1    1    1    1  1.39396E+13 0.00315 
   33   33    1    1    1    1    1    1    1    1  2.94449E+13 0.00326 
   34   34    1    1    1    1    1    1    1    1  3.66875E+13 0.00294 
   35   35    1    1    1    1    1    1    1    1  5.18283E+13 0.00282 
   36   36    1    1    1    1    1    1    1    1  3.83969E+13 0.00171 
   37   37    1    1    1    1    1    1    1    1  1.20125E+13 0.00254 
   38   38    1    1    1    1    1    1    1    1  6.16891E+13 0.00193 
   39   39    1    1    1    1    1    1    1    1  7.93117E+13 0.00188 
   40   40    1    1    1    1    1    1    1    1  1.33646E+14 0.00113 
   41   41    1    1    1    1    1    1    1    1  1.32889E+14 0.00124 
   42   42    1    1    1    1    1    1    1    1  2.57602E+14 0.00125 
   43   43    1    1    1    1    1    1    1    1  2.95764E+14 0.00100 
   44   44    1    1    1    1    1    1    1    1  4.03628E+14 0.00098 
   45   45    1    1    1    1    1    1    1    1  7.61191E+14 0.00055 
   46   46    1    1    1    1    1    1    1    1  3.83978E+14 0.00086 
   47   47    1    1    1    1    1    1    1    1  5.86546E+14 0.00078 
   48   48    1    1    1    1    1    1    1    1  8.24065E+14 0.00056 
   49   49    1    1    1    1    1    1    1    1  7.83892E+14 0.00061 
   50   50    1    1    1    1    1    1    1    1  1.21994E+15 0.00061 
   51   51    1    1    1    1    1    1    1    1  9.79988E+14 0.00062 
   52   52    1    1    1    1    1    1    1    1  1.13788E+15 0.00066 
   53   53    1    1    1    1    1    1    1    1  8.09695E+14 0.00079 
   54   54    1    1    1    1    1    1    1    1  9.84561E+14 0.00083 
   55   55    1    1    1    1    1    1    1    1  6.94399E+14 0.00086 
   56   56    1    1    1    1    1    1    1    1  9.55761E+13 0.00104 
   57   57    1    1    1    1    1    1    1    1  1.37060E+15 0.00073 
   58   58    1    1    1    1    1    1    1    1  6.03630E+14 0.00086 
   59   59    1    1    1    1    1    1    1    1  6.56321E+14 0.00082 
   60   60    1    1    1    1    1    1    1    1  5.13592E+14 0.00081 
   61   61    1    1    1    1    1    1    1    1  5.15283E+14 0.00100 
   62   62    1    1    1    1    1    1    1    1  5.27508E+14 0.00104 
   63   63    1    1    1    1    1    1    1    1  4.43007E+14 0.00111 
   64   64    1    1    1    1    1    1    1    1  3.52523E+14 0.00094 
   65   65    1    1    1    1    1    1    1    1  3.49360E+14 0.00137 
   66   66    1    1    1    1    1    1    1    1  2.65788E+14 0.00079 
   67   67    1    1    1    1    1    1    1    1  2.18862E+14 0.00100 
   68   68    1    1    1    1    1    1    1    1  1.95403E+14 0.00121 
   69   69    1    1    1    1    1    1    1    1  2.35955E+14 0.00114 
   70   70    1    1    1    1    1    1    1    1  2.02584E+14 0.00139 
   71   71    1    1    1    1    1    1    1    1  3.78206E+14 0.00103 
   72   72    1    1    1    1    1    1    1    1  2.73116E+14 0.00111 
   73   73    1    1    1    1    1    1    1    1  2.08793E+14 0.00122 
   74   74    1    1    1    1    1    1    1    1  1.67165E+14 0.00143 
   75   75    1    1    1    1    1    1    1    1  1.37303E+14 0.00125 
   76   76    1    1    1    1    1    1    1    1  1.56921E+14 0.00124 
   77   77    1    1    1    1    1    1    1    1  1.22669E+14 0.00145 
   78   78    1    1    1    1    1    1    1    1  9.55576E+13 0.00153 
   79   79    1    1    1    1    1    1    1    1  9.80103E+13 0.00129 
   80   80    1    1    1    1    1    1    1    1  7.27523E+13 0.00178 
   81   81    1    1    1    1    1    1    1    1  5.57453E+13 0.00240 
   82   82    1    1    1    1    1    1    1    1  4.29309E+13 0.00267 
   83   83    1    1    1    1    1    1    1    1  4.01221E+13 0.00261 
   84   84    1    1    1    1    1    1    1    1  2.88133E+13 0.00270 
   85   85    1    1    1    1    1    1    1    1  2.07740E+13 0.00356 
   86   86    1    1    1    1    1    1    1    1  1.93891E+13 0.00387 
   87   87    1    1    1    1    1    1    1    1  1.20017E+13 0.00522 
   88   88    1    1    1    1    1    1    1    1  8.09478E+12 0.00585 
   89   89    1    1    1    1    1    1    1    1  4.64182E+12 0.00610 
   90   90    1    1    1    1    1    1    1    1  3.09884E+12 0.01196 
   91   91    1    1    1    1    1    1    1    1  1.59452E+12 0.01483 
   92   92    1    1    1    1    1    1    1    1  7.86479E+11 0.01921 
   93   93    1    1    1    1    1    1    1    1  3.72694E+11 0.02811 
   94   94    1    1    1    1    1    1    1    1  1.88517E+11 0.04278 
   95   95    1    1    1    1    1    1    1    1  8.05585E+10 0.04931 
   96   96    1    1    1    1    1    1    1    1  4.04443E+10 0.05334 
   97   97    1    1    1    1    1    1    1    1  1.60948E+10 0.09355 
   98   98    1    1    1    1    1    1    1    1  8.07576E+09 0.17900 
   99   99    1    1    1    1    1    1    1    1  4.78497E+09 0.18336 
  100  100    1    1    1    1    1    1    1    1  5.09057E+09 0.20901 
];


