
DETdpaspec = [
    1    1    1    1    1    1    1    1    1    1  0.00000E+00 0.00000 
    2    2    1    1    1    1    1    1    1    1  0.00000E+00 0.00000 
    3    3    1    1    1    1    1    1    1    1  0.00000E+00 0.00000 
    4    4    1    1    1    1    1    1    1    1  0.00000E+00 0.00000 
    5    5    1    1    1    1    1    1    1    1  0.00000E+00 0.00000 
    6    6    1    1    1    1    1    1    1    1  0.00000E+00 0.00000 
    7    7    1    1    1    1    1    1    1    1  0.00000E+00 0.00000 
    8    8    1    1    1    1    1    1    1    1  0.00000E+00 0.00000 
    9    9    1    1    1    1    1    1    1    1  8.07856E+06 1.00000 
   10   10    1    1    1    1    1    1    1    1  0.00000E+00 0.00000 
   11   11    1    1    1    1    1    1    1    1  3.51836E+07 1.00000 
   12   12    1    1    1    1    1    1    1    1  2.41989E+07 0.74727 
   13   13    1    1    1    1    1    1    1    1  2.03978E+08 0.57611 
   14   14    1    1    1    1    1    1    1    1  6.75850E+08 0.92060 
   15   15    1    1    1    1    1    1    1    1  1.26674E+09 0.41000 
   16   16    1    1    1    1    1    1    1    1  5.11715E+08 0.35472 
   17   17    1    1    1    1    1    1    1    1  1.07867E+09 0.25884 
   18   18    1    1    1    1    1    1    1    1  3.17810E+09 0.20788 
   19   19    1    1    1    1    1    1    1    1  1.96632E+09 0.19220 
   20   20    1    1    1    1    1    1    1    1  9.98684E+09 0.21656 
   21   21    1    1    1    1    1    1    1    1  8.20532E+09 0.12114 
   22   22    1    1    1    1    1    1    1    1  2.01904E+10 0.12722 
   23   23    1    1    1    1    1    1    1    1  3.24990E+10 0.08913 
   24   24    1    1    1    1    1    1    1    1  6.23757E+10 0.04892 
   25   25    1    1    1    1    1    1    1    1  8.65704E+10 0.04749 
   26   26    1    1    1    1    1    1    1    1  1.79314E+11 0.03168 
   27   27    1    1    1    1    1    1    1    1  3.91316E+11 0.02290 
   28   28    1    1    1    1    1    1    1    1  8.99028E+11 0.01719 
   29   29    1    1    1    1    1    1    1    1  1.46784E+12 0.01430 
   30   30    1    1    1    1    1    1    1    1  3.59426E+12 0.00867 
   31   31    1    1    1    1    1    1    1    1  9.42177E+12 0.00726 
   32   32    1    1    1    1    1    1    1    1  1.52766E+13 0.00310 
   33   33    1    1    1    1    1    1    1    1  3.24855E+13 0.00389 
   34   34    1    1    1    1    1    1    1    1  4.17463E+13 0.00207 
   35   35    1    1    1    1    1    1    1    1  5.43897E+13 0.00199 
   36   36    1    1    1    1    1    1    1    1  3.91170E+13 0.00123 
   37   37    1    1    1    1    1    1    1    1  1.19699E+13 0.00229 
   38   38    1    1    1    1    1    1    1    1  6.29978E+13 0.00143 
   39   39    1    1    1    1    1    1    1    1  8.10080E+13 0.00150 
   40   40    1    1    1    1    1    1    1    1  1.38874E+14 0.00138 
   41   41    1    1    1    1    1    1    1    1  1.34372E+14 0.00160 
   42   42    1    1    1    1    1    1    1    1  2.65942E+14 0.00150 
   43   43    1    1    1    1    1    1    1    1  3.06314E+14 0.00107 
   44   44    1    1    1    1    1    1    1    1  4.19174E+14 0.00101 
   45   45    1    1    1    1    1    1    1    1  8.00253E+14 0.00092 
   46   46    1    1    1    1    1    1    1    1  4.01226E+14 0.00077 
   47   47    1    1    1    1    1    1    1    1  6.08652E+14 0.00074 
   48   48    1    1    1    1    1    1    1    1  8.56669E+14 0.00079 
   49   49    1    1    1    1    1    1    1    1  8.10591E+14 0.00062 
   50   50    1    1    1    1    1    1    1    1  1.27866E+15 0.00067 
   51   51    1    1    1    1    1    1    1    1  1.01283E+15 0.00055 
   52   52    1    1    1    1    1    1    1    1  1.19365E+15 0.00069 
   53   53    1    1    1    1    1    1    1    1  8.46430E+14 0.00062 
   54   54    1    1    1    1    1    1    1    1  1.04707E+15 0.00074 
   55   55    1    1    1    1    1    1    1    1  7.34893E+14 0.00070 
   56   56    1    1    1    1    1    1    1    1  1.00835E+14 0.00104 
   57   57    1    1    1    1    1    1    1    1  1.45014E+15 0.00052 
   58   58    1    1    1    1    1    1    1    1  6.52179E+14 0.00085 
   59   59    1    1    1    1    1    1    1    1  7.04119E+14 0.00064 
   60   60    1    1    1    1    1    1    1    1  5.60264E+14 0.00087 
   61   61    1    1    1    1    1    1    1    1  5.61789E+14 0.00093 
   62   62    1    1    1    1    1    1    1    1  5.75926E+14 0.00079 
   63   63    1    1    1    1    1    1    1    1  4.86931E+14 0.00087 
   64   64    1    1    1    1    1    1    1    1  3.87041E+14 0.00115 
   65   65    1    1    1    1    1    1    1    1  3.84743E+14 0.00096 
   66   66    1    1    1    1    1    1    1    1  2.93234E+14 0.00116 
   67   67    1    1    1    1    1    1    1    1  2.39945E+14 0.00096 
   68   68    1    1    1    1    1    1    1    1  2.13899E+14 0.00150 
   69   69    1    1    1    1    1    1    1    1  2.58597E+14 0.00083 
   70   70    1    1    1    1    1    1    1    1  2.21335E+14 0.00092 
   71   71    1    1    1    1    1    1    1    1  4.08220E+14 0.00107 
   72   72    1    1    1    1    1    1    1    1  2.93767E+14 0.00098 
   73   73    1    1    1    1    1    1    1    1  2.25044E+14 0.00143 
   74   74    1    1    1    1    1    1    1    1  1.82498E+14 0.00101 
   75   75    1    1    1    1    1    1    1    1  1.51368E+14 0.00104 
   76   76    1    1    1    1    1    1    1    1  1.75743E+14 0.00113 
   77   77    1    1    1    1    1    1    1    1  1.39270E+14 0.00109 
   78   78    1    1    1    1    1    1    1    1  1.09674E+14 0.00160 
   79   79    1    1    1    1    1    1    1    1  1.13302E+14 0.00167 
   80   80    1    1    1    1    1    1    1    1  8.43804E+13 0.00179 
   81   81    1    1    1    1    1    1    1    1  6.53342E+13 0.00239 
   82   82    1    1    1    1    1    1    1    1  5.02768E+13 0.00182 
   83   83    1    1    1    1    1    1    1    1  4.71479E+13 0.00203 
   84   84    1    1    1    1    1    1    1    1  3.37307E+13 0.00264 
   85   85    1    1    1    1    1    1    1    1  2.44024E+13 0.00318 
   86   86    1    1    1    1    1    1    1    1  2.27907E+13 0.00464 
   87   87    1    1    1    1    1    1    1    1  1.39418E+13 0.00457 
   88   88    1    1    1    1    1    1    1    1  9.55667E+12 0.00601 
   89   89    1    1    1    1    1    1    1    1  5.46097E+12 0.00987 
   90   90    1    1    1    1    1    1    1    1  3.58331E+12 0.00958 
   91   91    1    1    1    1    1    1    1    1  1.82944E+12 0.01186 
   92   92    1    1    1    1    1    1    1    1  8.65642E+11 0.02150 
   93   93    1    1    1    1    1    1    1    1  4.39380E+11 0.02371 
   94   94    1    1    1    1    1    1    1    1  2.09804E+11 0.03861 
   95   95    1    1    1    1    1    1    1    1  9.17018E+10 0.05863 
   96   96    1    1    1    1    1    1    1    1  4.81391E+10 0.07567 
   97   97    1    1    1    1    1    1    1    1  2.24429E+10 0.11596 
   98   98    1    1    1    1    1    1    1    1  1.25294E+10 0.20096 
   99   99    1    1    1    1    1    1    1    1  6.31670E+09 0.20250 
  100  100    1    1    1    1    1    1    1    1  5.32311E+09 0.25155 
];


