
DETdpaspec = [
    1    1    1    1    1    1    1    1    1    1  0.00000E+00 0.00000 
    2    2    1    1    1    1    1    1    1    1  0.00000E+00 0.00000 
    3    3    1    1    1    1    1    1    1    1  0.00000E+00 0.00000 
    4    4    1    1    1    1    1    1    1    1  6.85676E+06 1.00000 
    5    5    1    1    1    1    1    1    1    1  0.00000E+00 0.00000 
    6    6    1    1    1    1    1    1    1    1  0.00000E+00 0.00000 
    7    7    1    1    1    1    1    1    1    1  1.02956E+07 1.00000 
    8    8    1    1    1    1    1    1    1    1  0.00000E+00 0.00000 
    9    9    1    1    1    1    1    1    1    1  0.00000E+00 0.00000 
   10   10    1    1    1    1    1    1    1    1  0.00000E+00 0.00000 
   11   11    1    1    1    1    1    1    1    1  2.50117E+08 0.70844 
   12   12    1    1    1    1    1    1    1    1  0.00000E+00 0.00000 
   13   13    1    1    1    1    1    1    1    1  5.35825E+08 0.58698 
   14   14    1    1    1    1    1    1    1    1  6.75287E+08 0.56453 
   15   15    1    1    1    1    1    1    1    1  1.89072E+09 0.33881 
   16   16    1    1    1    1    1    1    1    1  4.90556E+08 0.37703 
   17   17    1    1    1    1    1    1    1    1  1.31845E+09 0.30500 
   18   18    1    1    1    1    1    1    1    1  2.73407E+09 0.25255 
   19   19    1    1    1    1    1    1    1    1  2.30084E+09 0.27120 
   20   20    1    1    1    1    1    1    1    1  1.34775E+10 0.13804 
   21   21    1    1    1    1    1    1    1    1  8.38601E+09 0.09836 
   22   22    1    1    1    1    1    1    1    1  2.08691E+10 0.08463 
   23   23    1    1    1    1    1    1    1    1  3.24558E+10 0.09908 
   24   24    1    1    1    1    1    1    1    1  5.67986E+10 0.05235 
   25   25    1    1    1    1    1    1    1    1  8.91643E+10 0.05375 
   26   26    1    1    1    1    1    1    1    1  1.74106E+11 0.03177 
   27   27    1    1    1    1    1    1    1    1  3.85790E+11 0.01944 
   28   28    1    1    1    1    1    1    1    1  8.79885E+11 0.01706 
   29   29    1    1    1    1    1    1    1    1  1.45404E+12 0.01372 
   30   30    1    1    1    1    1    1    1    1  3.64927E+12 0.01000 
   31   31    1    1    1    1    1    1    1    1  9.53422E+12 0.00585 
   32   32    1    1    1    1    1    1    1    1  1.53872E+13 0.00451 
   33   33    1    1    1    1    1    1    1    1  3.26643E+13 0.00329 
   34   34    1    1    1    1    1    1    1    1  4.21989E+13 0.00274 
   35   35    1    1    1    1    1    1    1    1  5.46896E+13 0.00215 
   36   36    1    1    1    1    1    1    1    1  3.92716E+13 0.00144 
   37   37    1    1    1    1    1    1    1    1  1.19706E+13 0.00204 
   38   38    1    1    1    1    1    1    1    1  6.30754E+13 0.00145 
   39   39    1    1    1    1    1    1    1    1  8.13997E+13 0.00162 
   40   40    1    1    1    1    1    1    1    1  1.39115E+14 0.00136 
   41   41    1    1    1    1    1    1    1    1  1.34519E+14 0.00128 
   42   42    1    1    1    1    1    1    1    1  2.66472E+14 0.00125 
   43   43    1    1    1    1    1    1    1    1  3.06914E+14 0.00100 
   44   44    1    1    1    1    1    1    1    1  4.19808E+14 0.00103 
   45   45    1    1    1    1    1    1    1    1  8.01931E+14 0.00072 
   46   46    1    1    1    1    1    1    1    1  4.02049E+14 0.00059 
   47   47    1    1    1    1    1    1    1    1  6.09208E+14 0.00060 
   48   48    1    1    1    1    1    1    1    1  8.57682E+14 0.00067 
   49   49    1    1    1    1    1    1    1    1  8.10170E+14 0.00066 
   50   50    1    1    1    1    1    1    1    1  1.27785E+15 0.00075 
   51   51    1    1    1    1    1    1    1    1  1.01334E+15 0.00046 
   52   52    1    1    1    1    1    1    1    1  1.19482E+15 0.00044 
   53   53    1    1    1    1    1    1    1    1  8.46440E+14 0.00056 
   54   54    1    1    1    1    1    1    1    1  1.04762E+15 0.00061 
   55   55    1    1    1    1    1    1    1    1  7.34948E+14 0.00073 
   56   56    1    1    1    1    1    1    1    1  1.00705E+14 0.00111 
   57   57    1    1    1    1    1    1    1    1  1.44972E+15 0.00063 
   58   58    1    1    1    1    1    1    1    1  6.52594E+14 0.00080 
   59   59    1    1    1    1    1    1    1    1  7.03877E+14 0.00088 
   60   60    1    1    1    1    1    1    1    1  5.60276E+14 0.00096 
   61   61    1    1    1    1    1    1    1    1  5.61193E+14 0.00086 
   62   62    1    1    1    1    1    1    1    1  5.76565E+14 0.00061 
   63   63    1    1    1    1    1    1    1    1  4.85852E+14 0.00084 
   64   64    1    1    1    1    1    1    1    1  3.86916E+14 0.00086 
   65   65    1    1    1    1    1    1    1    1  3.84671E+14 0.00087 
   66   66    1    1    1    1    1    1    1    1  2.92681E+14 0.00078 
   67   67    1    1    1    1    1    1    1    1  2.39168E+14 0.00074 
   68   68    1    1    1    1    1    1    1    1  2.13259E+14 0.00089 
   69   69    1    1    1    1    1    1    1    1  2.58114E+14 0.00097 
   70   70    1    1    1    1    1    1    1    1  2.21484E+14 0.00102 
   71   71    1    1    1    1    1    1    1    1  4.08778E+14 0.00082 
   72   72    1    1    1    1    1    1    1    1  2.93864E+14 0.00128 
   73   73    1    1    1    1    1    1    1    1  2.25239E+14 0.00137 
   74   74    1    1    1    1    1    1    1    1  1.82360E+14 0.00136 
   75   75    1    1    1    1    1    1    1    1  1.51472E+14 0.00093 
   76   76    1    1    1    1    1    1    1    1  1.75497E+14 0.00142 
   77   77    1    1    1    1    1    1    1    1  1.39094E+14 0.00145 
   78   78    1    1    1    1    1    1    1    1  1.09629E+14 0.00168 
   79   79    1    1    1    1    1    1    1    1  1.13386E+14 0.00137 
   80   80    1    1    1    1    1    1    1    1  8.43903E+13 0.00197 
   81   81    1    1    1    1    1    1    1    1  6.50519E+13 0.00203 
   82   82    1    1    1    1    1    1    1    1  5.01770E+13 0.00220 
   83   83    1    1    1    1    1    1    1    1  4.68106E+13 0.00282 
   84   84    1    1    1    1    1    1    1    1  3.38071E+13 0.00294 
   85   85    1    1    1    1    1    1    1    1  2.43148E+13 0.00354 
   86   86    1    1    1    1    1    1    1    1  2.27646E+13 0.00348 
   87   87    1    1    1    1    1    1    1    1  1.40634E+13 0.00346 
   88   88    1    1    1    1    1    1    1    1  9.51899E+12 0.00493 
   89   89    1    1    1    1    1    1    1    1  5.51790E+12 0.00794 
   90   90    1    1    1    1    1    1    1    1  3.59671E+12 0.00846 
   91   91    1    1    1    1    1    1    1    1  1.81703E+12 0.01152 
   92   92    1    1    1    1    1    1    1    1  8.67250E+11 0.02029 
   93   93    1    1    1    1    1    1    1    1  4.23774E+11 0.01838 
   94   94    1    1    1    1    1    1    1    1  2.15123E+11 0.04215 
   95   95    1    1    1    1    1    1    1    1  9.99505E+10 0.05668 
   96   96    1    1    1    1    1    1    1    1  4.50698E+10 0.07623 
   97   97    1    1    1    1    1    1    1    1  2.17188E+10 0.09755 
   98   98    1    1    1    1    1    1    1    1  1.06616E+10 0.14151 
   99   99    1    1    1    1    1    1    1    1  4.07075E+09 0.22469 
  100  100    1    1    1    1    1    1    1    1  5.53405E+09 0.19455 
];


