
DETdpaspec = [
    1    1    1    1    1    1    1    1    1    1  0.00000E+00 0.00000 
    2    2    1    1    1    1    1    1    1    1  0.00000E+00 0.00000 
    3    3    1    1    1    1    1    1    1    1  0.00000E+00 0.00000 
    4    4    1    1    1    1    1    1    1    1  0.00000E+00 0.00000 
    5    5    1    1    1    1    1    1    1    1  0.00000E+00 0.00000 
    6    6    1    1    1    1    1    1    1    1  0.00000E+00 0.00000 
    7    7    1    1    1    1    1    1    1    1  0.00000E+00 0.00000 
    8    8    1    1    1    1    1    1    1    1  0.00000E+00 0.00000 
    9    9    1    1    1    1    1    1    1    1  1.07785E+07 1.00000 
   10   10    1    1    1    1    1    1    1    1  2.39362E+07 1.00000 
   11   11    1    1    1    1    1    1    1    1  4.27915E+07 1.00000 
   12   12    1    1    1    1    1    1    1    1  1.23085E+08 1.00000 
   13   13    1    1    1    1    1    1    1    1  3.80362E+08 0.75668 
   14   14    1    1    1    1    1    1    1    1  1.73732E+09 0.41217 
   15   15    1    1    1    1    1    1    1    1  1.05392E+09 0.59092 
   16   16    1    1    1    1    1    1    1    1  5.23347E+08 0.84746 
   17   17    1    1    1    1    1    1    1    1  1.48962E+09 0.45469 
   18   18    1    1    1    1    1    1    1    1  1.42808E+09 0.44887 
   19   19    1    1    1    1    1    1    1    1  1.19321E+09 0.42060 
   20   20    1    1    1    1    1    1    1    1  5.14732E+09 0.21374 
   21   21    1    1    1    1    1    1    1    1  8.98539E+09 0.17399 
   22   22    1    1    1    1    1    1    1    1  3.55666E+10 0.11080 
   23   23    1    1    1    1    1    1    1    1  1.46265E+11 0.03196 
   24   24    1    1    1    1    1    1    1    1  4.16402E+11 0.02350 
   25   25    1    1    1    1    1    1    1    1  6.91108E+11 0.01791 
   26   26    1    1    1    1    1    1    1    1  1.38293E+12 0.01291 
   27   27    1    1    1    1    1    1    1    1  2.60136E+12 0.01344 
   28   28    1    1    1    1    1    1    1    1  4.98943E+12 0.00879 
   29   29    1    1    1    1    1    1    1    1  7.38718E+12 0.00655 
   30   30    1    1    1    1    1    1    1    1  1.34923E+13 0.00385 
   31   31    1    1    1    1    1    1    1    1  2.67127E+13 0.00343 
   32   32    1    1    1    1    1    1    1    1  3.64740E+13 0.00344 
   33   33    1    1    1    1    1    1    1    1  6.74553E+13 0.00200 
   34   34    1    1    1    1    1    1    1    1  8.07961E+13 0.00185 
   35   35    1    1    1    1    1    1    1    1  8.77938E+13 0.00192 
   36   36    1    1    1    1    1    1    1    1  5.70610E+13 0.00198 
   37   37    1    1    1    1    1    1    1    1  1.66663E+13 0.00171 
   38   38    1    1    1    1    1    1    1    1  8.90715E+13 0.00144 
   39   39    1    1    1    1    1    1    1    1  1.12394E+14 0.00158 
   40   40    1    1    1    1    1    1    1    1  1.89172E+14 0.00143 
   41   41    1    1    1    1    1    1    1    1  1.74401E+14 0.00083 
   42   42    1    1    1    1    1    1    1    1  3.43156E+14 0.00104 
   43   43    1    1    1    1    1    1    1    1  3.86715E+14 0.00086 
   44   44    1    1    1    1    1    1    1    1  5.16016E+14 0.00082 
   45   45    1    1    1    1    1    1    1    1  9.62172E+14 0.00067 
   46   46    1    1    1    1    1    1    1    1  4.65421E+14 0.00064 
   47   47    1    1    1    1    1    1    1    1  6.91635E+14 0.00062 
   48   48    1    1    1    1    1    1    1    1  9.54865E+14 0.00057 
   49   49    1    1    1    1    1    1    1    1  8.81205E+14 0.00056 
   50   50    1    1    1    1    1    1    1    1  1.38181E+15 0.00058 
   51   51    1    1    1    1    1    1    1    1  1.06053E+15 0.00065 
   52   52    1    1    1    1    1    1    1    1  1.25427E+15 0.00073 
   53   53    1    1    1    1    1    1    1    1  8.73317E+14 0.00043 
   54   54    1    1    1    1    1    1    1    1  1.08532E+15 0.00038 
   55   55    1    1    1    1    1    1    1    1  7.54728E+14 0.00056 
   56   56    1    1    1    1    1    1    1    1  1.02673E+14 0.00094 
   57   57    1    1    1    1    1    1    1    1  1.47067E+15 0.00052 
   58   58    1    1    1    1    1    1    1    1  6.68905E+14 0.00050 
   59   59    1    1    1    1    1    1    1    1  7.12755E+14 0.00076 
   60   60    1    1    1    1    1    1    1    1  5.72589E+14 0.00064 
   61   61    1    1    1    1    1    1    1    1  5.69729E+14 0.00048 
   62   62    1    1    1    1    1    1    1    1  5.82525E+14 0.00050 
   63   63    1    1    1    1    1    1    1    1  4.90274E+14 0.00072 
   64   64    1    1    1    1    1    1    1    1  3.88791E+14 0.00083 
   65   65    1    1    1    1    1    1    1    1  3.83856E+14 0.00069 
   66   66    1    1    1    1    1    1    1    1  2.91474E+14 0.00076 
   67   67    1    1    1    1    1    1    1    1  2.36910E+14 0.00093 
   68   68    1    1    1    1    1    1    1    1  2.09496E+14 0.00091 
   69   69    1    1    1    1    1    1    1    1  2.52238E+14 0.00093 
   70   70    1    1    1    1    1    1    1    1  2.14957E+14 0.00134 
   71   71    1    1    1    1    1    1    1    1  3.88335E+14 0.00101 
   72   72    1    1    1    1    1    1    1    1  2.76531E+14 0.00091 
   73   73    1    1    1    1    1    1    1    1  2.11499E+14 0.00120 
   74   74    1    1    1    1    1    1    1    1  1.72356E+14 0.00095 
   75   75    1    1    1    1    1    1    1    1  1.44642E+14 0.00152 
   76   76    1    1    1    1    1    1    1    1  1.69827E+14 0.00142 
   77   77    1    1    1    1    1    1    1    1  1.35634E+14 0.00172 
   78   78    1    1    1    1    1    1    1    1  1.07606E+14 0.00155 
   79   79    1    1    1    1    1    1    1    1  1.11744E+14 0.00147 
   80   80    1    1    1    1    1    1    1    1  8.33521E+13 0.00159 
   81   81    1    1    1    1    1    1    1    1  6.43185E+13 0.00182 
   82   82    1    1    1    1    1    1    1    1  4.94277E+13 0.00212 
   83   83    1    1    1    1    1    1    1    1  4.63201E+13 0.00284 
   84   84    1    1    1    1    1    1    1    1  3.32021E+13 0.00257 
   85   85    1    1    1    1    1    1    1    1  2.38435E+13 0.00256 
   86   86    1    1    1    1    1    1    1    1  2.22260E+13 0.00364 
   87   87    1    1    1    1    1    1    1    1  1.35838E+13 0.00422 
   88   88    1    1    1    1    1    1    1    1  9.08969E+12 0.00409 
   89   89    1    1    1    1    1    1    1    1  5.26717E+12 0.00607 
   90   90    1    1    1    1    1    1    1    1  3.43708E+12 0.00713 
   91   91    1    1    1    1    1    1    1    1  1.65780E+12 0.01272 
   92   92    1    1    1    1    1    1    1    1  8.21847E+11 0.01856 
   93   93    1    1    1    1    1    1    1    1  3.79636E+11 0.02797 
   94   94    1    1    1    1    1    1    1    1  1.68124E+11 0.03175 
   95   95    1    1    1    1    1    1    1    1  8.61535E+10 0.05406 
   96   96    1    1    1    1    1    1    1    1  4.02647E+10 0.08422 
   97   97    1    1    1    1    1    1    1    1  2.07546E+10 0.09609 
   98   98    1    1    1    1    1    1    1    1  1.01213E+10 0.16683 
   99   99    1    1    1    1    1    1    1    1  5.21166E+09 0.19624 
  100  100    1    1    1    1    1    1    1    1  3.10804E+09 0.26030 
];


