
DETdpaspec = [
    1    1    1    1    1    1    1    1    1    1  0.00000E+00 0.00000 
    2    2    1    1    1    1    1    1    1    1  0.00000E+00 0.00000 
    3    3    1    1    1    1    1    1    1    1  0.00000E+00 0.00000 
    4    4    1    1    1    1    1    1    1    1  0.00000E+00 0.00000 
    5    5    1    1    1    1    1    1    1    1  0.00000E+00 0.00000 
    6    6    1    1    1    1    1    1    1    1  0.00000E+00 0.00000 
    7    7    1    1    1    1    1    1    1    1  0.00000E+00 0.00000 
    8    8    1    1    1    1    1    1    1    1  0.00000E+00 0.00000 
    9    9    1    1    1    1    1    1    1    1  0.00000E+00 0.00000 
   10   10    1    1    1    1    1    1    1    1  5.26464E+07 0.68828 
   11   11    1    1    1    1    1    1    1    1  0.00000E+00 0.00000 
   12   12    1    1    1    1    1    1    1    1  6.36079E+07 0.64542 
   13   13    1    1    1    1    1    1    1    1  9.33802E+08 0.55136 
   14   14    1    1    1    1    1    1    1    1  2.36210E+09 0.37850 
   15   15    1    1    1    1    1    1    1    1  3.43528E+09 0.36112 
   16   16    1    1    1    1    1    1    1    1  4.27002E+08 0.47962 
   17   17    1    1    1    1    1    1    1    1  7.33319E+08 0.38543 
   18   18    1    1    1    1    1    1    1    1  2.15777E+09 0.27507 
   19   19    1    1    1    1    1    1    1    1  3.58909E+09 0.23163 
   20   20    1    1    1    1    1    1    1    1  1.33385E+10 0.16454 
   21   21    1    1    1    1    1    1    1    1  9.56684E+09 0.13321 
   22   22    1    1    1    1    1    1    1    1  1.74886E+10 0.10125 
   23   23    1    1    1    1    1    1    1    1  3.15505E+10 0.07779 
   24   24    1    1    1    1    1    1    1    1  6.10839E+10 0.03885 
   25   25    1    1    1    1    1    1    1    1  9.80478E+10 0.04321 
   26   26    1    1    1    1    1    1    1    1  1.73752E+11 0.03311 
   27   27    1    1    1    1    1    1    1    1  3.75725E+11 0.02770 
   28   28    1    1    1    1    1    1    1    1  8.85874E+11 0.01798 
   29   29    1    1    1    1    1    1    1    1  1.50105E+12 0.01599 
   30   30    1    1    1    1    1    1    1    1  3.73799E+12 0.00754 
   31   31    1    1    1    1    1    1    1    1  9.61486E+12 0.00525 
   32   32    1    1    1    1    1    1    1    1  1.54444E+13 0.00465 
   33   33    1    1    1    1    1    1    1    1  3.31447E+13 0.00190 
   34   34    1    1    1    1    1    1    1    1  4.26182E+13 0.00192 
   35   35    1    1    1    1    1    1    1    1  5.47514E+13 0.00205 
   36   36    1    1    1    1    1    1    1    1  3.92141E+13 0.00229 
   37   37    1    1    1    1    1    1    1    1  1.19649E+13 0.00207 
   38   38    1    1    1    1    1    1    1    1  6.33425E+13 0.00183 
   39   39    1    1    1    1    1    1    1    1  8.14791E+13 0.00157 
   40   40    1    1    1    1    1    1    1    1  1.39352E+14 0.00134 
   41   41    1    1    1    1    1    1    1    1  1.35001E+14 0.00147 
   42   42    1    1    1    1    1    1    1    1  2.67500E+14 0.00105 
   43   43    1    1    1    1    1    1    1    1  3.07893E+14 0.00113 
   44   44    1    1    1    1    1    1    1    1  4.20653E+14 0.00106 
   45   45    1    1    1    1    1    1    1    1  8.04138E+14 0.00074 
   46   46    1    1    1    1    1    1    1    1  4.02672E+14 0.00060 
   47   47    1    1    1    1    1    1    1    1  6.11381E+14 0.00098 
   48   48    1    1    1    1    1    1    1    1  8.60608E+14 0.00077 
   49   49    1    1    1    1    1    1    1    1  8.12326E+14 0.00059 
   50   50    1    1    1    1    1    1    1    1  1.28168E+15 0.00071 
   51   51    1    1    1    1    1    1    1    1  1.01374E+15 0.00071 
   52   52    1    1    1    1    1    1    1    1  1.19772E+15 0.00062 
   53   53    1    1    1    1    1    1    1    1  8.48670E+14 0.00064 
   54   54    1    1    1    1    1    1    1    1  1.05114E+15 0.00060 
   55   55    1    1    1    1    1    1    1    1  7.37839E+14 0.00065 
   56   56    1    1    1    1    1    1    1    1  1.01116E+14 0.00109 
   57   57    1    1    1    1    1    1    1    1  1.45549E+15 0.00067 
   58   58    1    1    1    1    1    1    1    1  6.55350E+14 0.00079 
   59   59    1    1    1    1    1    1    1    1  7.06218E+14 0.00072 
   60   60    1    1    1    1    1    1    1    1  5.62913E+14 0.00099 
   61   61    1    1    1    1    1    1    1    1  5.63535E+14 0.00067 
   62   62    1    1    1    1    1    1    1    1  5.78794E+14 0.00058 
   63   63    1    1    1    1    1    1    1    1  4.88070E+14 0.00090 
   64   64    1    1    1    1    1    1    1    1  3.88579E+14 0.00091 
   65   65    1    1    1    1    1    1    1    1  3.86294E+14 0.00065 
   66   66    1    1    1    1    1    1    1    1  2.94164E+14 0.00083 
   67   67    1    1    1    1    1    1    1    1  2.40478E+14 0.00086 
   68   68    1    1    1    1    1    1    1    1  2.13923E+14 0.00133 
   69   69    1    1    1    1    1    1    1    1  2.58881E+14 0.00115 
   70   70    1    1    1    1    1    1    1    1  2.21851E+14 0.00111 
   71   71    1    1    1    1    1    1    1    1  4.08478E+14 0.00110 
   72   72    1    1    1    1    1    1    1    1  2.93943E+14 0.00141 
   73   73    1    1    1    1    1    1    1    1  2.25278E+14 0.00111 
   74   74    1    1    1    1    1    1    1    1  1.82786E+14 0.00130 
   75   75    1    1    1    1    1    1    1    1  1.51909E+14 0.00135 
   76   76    1    1    1    1    1    1    1    1  1.76540E+14 0.00143 
   77   77    1    1    1    1    1    1    1    1  1.39759E+14 0.00172 
   78   78    1    1    1    1    1    1    1    1  1.09954E+14 0.00160 
   79   79    1    1    1    1    1    1    1    1  1.13778E+14 0.00151 
   80   80    1    1    1    1    1    1    1    1  8.50057E+13 0.00241 
   81   81    1    1    1    1    1    1    1    1  6.55910E+13 0.00190 
   82   82    1    1    1    1    1    1    1    1  5.04717E+13 0.00223 
   83   83    1    1    1    1    1    1    1    1  4.72065E+13 0.00205 
   84   84    1    1    1    1    1    1    1    1  3.40274E+13 0.00243 
   85   85    1    1    1    1    1    1    1    1  2.45087E+13 0.00366 
   86   86    1    1    1    1    1    1    1    1  2.28424E+13 0.00514 
   87   87    1    1    1    1    1    1    1    1  1.41453E+13 0.00475 
   88   88    1    1    1    1    1    1    1    1  9.49020E+12 0.00643 
   89   89    1    1    1    1    1    1    1    1  5.39755E+12 0.00822 
   90   90    1    1    1    1    1    1    1    1  3.61343E+12 0.00540 
   91   91    1    1    1    1    1    1    1    1  1.82376E+12 0.00960 
   92   92    1    1    1    1    1    1    1    1  8.72779E+11 0.01525 
   93   93    1    1    1    1    1    1    1    1  4.34371E+11 0.02670 
   94   94    1    1    1    1    1    1    1    1  1.98634E+11 0.04278 
   95   95    1    1    1    1    1    1    1    1  9.67953E+10 0.06327 
   96   96    1    1    1    1    1    1    1    1  4.42023E+10 0.08193 
   97   97    1    1    1    1    1    1    1    1  2.14861E+10 0.11999 
   98   98    1    1    1    1    1    1    1    1  8.49981E+09 0.17356 
   99   99    1    1    1    1    1    1    1    1  3.75271E+09 0.16290 
  100  100    1    1    1    1    1    1    1    1  4.88761E+09 0.24679 
];


