
DETdpaspec = [
    1    1    1    1    1    1    1    1    1    1  0.00000E+00 0.00000 
    2    2    1    1    1    1    1    1    1    1  0.00000E+00 0.00000 
    3    3    1    1    1    1    1    1    1    1  0.00000E+00 0.00000 
    4    4    1    1    1    1    1    1    1    1  8.41040E+06 1.00000 
    5    5    1    1    1    1    1    1    1    1  0.00000E+00 0.00000 
    6    6    1    1    1    1    1    1    1    1  0.00000E+00 0.00000 
    7    7    1    1    1    1    1    1    1    1  0.00000E+00 0.00000 
    8    8    1    1    1    1    1    1    1    1  0.00000E+00 0.00000 
    9    9    1    1    1    1    1    1    1    1  0.00000E+00 0.00000 
   10   10    1    1    1    1    1    1    1    1  0.00000E+00 0.00000 
   11   11    1    1    1    1    1    1    1    1  9.79334E+07 0.70671 
   12   12    1    1    1    1    1    1    1    1  1.40871E+06 1.00000 
   13   13    1    1    1    1    1    1    1    1  3.64090E+08 0.67567 
   14   14    1    1    1    1    1    1    1    1  1.29427E+09 0.40284 
   15   15    1    1    1    1    1    1    1    1  2.09342E+09 0.35633 
   16   16    1    1    1    1    1    1    1    1  4.55693E+08 0.29696 
   17   17    1    1    1    1    1    1    1    1  8.33320E+08 0.39782 
   18   18    1    1    1    1    1    1    1    1  2.64442E+09 0.32345 
   19   19    1    1    1    1    1    1    1    1  2.19135E+09 0.32355 
   20   20    1    1    1    1    1    1    1    1  1.13388E+10 0.10191 
   21   21    1    1    1    1    1    1    1    1  6.96673E+09 0.21043 
   22   22    1    1    1    1    1    1    1    1  1.76245E+10 0.10406 
   23   23    1    1    1    1    1    1    1    1  3.71387E+10 0.09492 
   24   24    1    1    1    1    1    1    1    1  8.02390E+10 0.05312 
   25   25    1    1    1    1    1    1    1    1  1.22253E+11 0.05355 
   26   26    1    1    1    1    1    1    1    1  2.65629E+11 0.03043 
   27   27    1    1    1    1    1    1    1    1  5.53514E+11 0.02362 
   28   28    1    1    1    1    1    1    1    1  1.40710E+12 0.01739 
   29   29    1    1    1    1    1    1    1    1  2.25142E+12 0.01186 
   30   30    1    1    1    1    1    1    1    1  5.00107E+12 0.00764 
   31   31    1    1    1    1    1    1    1    1  1.22977E+13 0.00393 
   32   32    1    1    1    1    1    1    1    1  1.90991E+13 0.00392 
   33   33    1    1    1    1    1    1    1    1  3.92327E+13 0.00329 
   34   34    1    1    1    1    1    1    1    1  5.01613E+13 0.00310 
   35   35    1    1    1    1    1    1    1    1  6.12759E+13 0.00244 
   36   36    1    1    1    1    1    1    1    1  4.29416E+13 0.00213 
   37   37    1    1    1    1    1    1    1    1  1.28838E+13 0.00199 
   38   38    1    1    1    1    1    1    1    1  6.85763E+13 0.00167 
   39   39    1    1    1    1    1    1    1    1  8.77494E+13 0.00170 
   40   40    1    1    1    1    1    1    1    1  1.50009E+14 0.00112 
   41   41    1    1    1    1    1    1    1    1  1.43124E+14 0.00128 
   42   42    1    1    1    1    1    1    1    1  2.83655E+14 0.00143 
   43   43    1    1    1    1    1    1    1    1  3.25693E+14 0.00122 
   44   44    1    1    1    1    1    1    1    1  4.42342E+14 0.00098 
   45   45    1    1    1    1    1    1    1    1  8.42716E+14 0.00066 
   46   46    1    1    1    1    1    1    1    1  4.18260E+14 0.00055 
   47   47    1    1    1    1    1    1    1    1  6.30779E+14 0.00054 
   48   48    1    1    1    1    1    1    1    1  8.85389E+14 0.00049 
   49   49    1    1    1    1    1    1    1    1  8.30786E+14 0.00073 
   50   50    1    1    1    1    1    1    1    1  1.31545E+15 0.00063 
   51   51    1    1    1    1    1    1    1    1  1.03110E+15 0.00053 
   52   52    1    1    1    1    1    1    1    1  1.22115E+15 0.00063 
   53   53    1    1    1    1    1    1    1    1  8.61408E+14 0.00075 
   54   54    1    1    1    1    1    1    1    1  1.07164E+15 0.00041 
   55   55    1    1    1    1    1    1    1    1  7.50491E+14 0.00069 
   56   56    1    1    1    1    1    1    1    1  1.02669E+14 0.00164 
   57   57    1    1    1    1    1    1    1    1  1.47646E+15 0.00049 
   58   58    1    1    1    1    1    1    1    1  6.69397E+14 0.00084 
   59   59    1    1    1    1    1    1    1    1  7.19979E+14 0.00061 
   60   60    1    1    1    1    1    1    1    1  5.75748E+14 0.00061 
   61   61    1    1    1    1    1    1    1    1  5.76151E+14 0.00065 
   62   62    1    1    1    1    1    1    1    1  5.90961E+14 0.00077 
   63   63    1    1    1    1    1    1    1    1  4.99114E+14 0.00066 
   64   64    1    1    1    1    1    1    1    1  3.96878E+14 0.00095 
   65   65    1    1    1    1    1    1    1    1  3.93504E+14 0.00100 
   66   66    1    1    1    1    1    1    1    1  3.00212E+14 0.00124 
   67   67    1    1    1    1    1    1    1    1  2.44757E+14 0.00136 
   68   68    1    1    1    1    1    1    1    1  2.17640E+14 0.00097 
   69   69    1    1    1    1    1    1    1    1  2.63569E+14 0.00097 
   70   70    1    1    1    1    1    1    1    1  2.25227E+14 0.00119 
   71   71    1    1    1    1    1    1    1    1  4.12193E+14 0.00120 
   72   72    1    1    1    1    1    1    1    1  2.95778E+14 0.00092 
   73   73    1    1    1    1    1    1    1    1  2.26806E+14 0.00101 
   74   74    1    1    1    1    1    1    1    1  1.84900E+14 0.00123 
   75   75    1    1    1    1    1    1    1    1  1.53776E+14 0.00117 
   76   76    1    1    1    1    1    1    1    1  1.79819E+14 0.00169 
   77   77    1    1    1    1    1    1    1    1  1.42929E+14 0.00115 
   78   78    1    1    1    1    1    1    1    1  1.13181E+14 0.00146 
   79   79    1    1    1    1    1    1    1    1  1.17539E+14 0.00150 
   80   80    1    1    1    1    1    1    1    1  8.76060E+13 0.00169 
   81   81    1    1    1    1    1    1    1    1  6.77254E+13 0.00157 
   82   82    1    1    1    1    1    1    1    1  5.22298E+13 0.00187 
   83   83    1    1    1    1    1    1    1    1  4.86298E+13 0.00217 
   84   84    1    1    1    1    1    1    1    1  3.50526E+13 0.00296 
   85   85    1    1    1    1    1    1    1    1  2.53720E+13 0.00335 
   86   86    1    1    1    1    1    1    1    1  2.35791E+13 0.00372 
   87   87    1    1    1    1    1    1    1    1  1.46222E+13 0.00386 
   88   88    1    1    1    1    1    1    1    1  9.75911E+12 0.00620 
   89   89    1    1    1    1    1    1    1    1  5.59254E+12 0.00744 
   90   90    1    1    1    1    1    1    1    1  3.71248E+12 0.00963 
   91   91    1    1    1    1    1    1    1    1  1.87509E+12 0.01110 
   92   92    1    1    1    1    1    1    1    1  8.81720E+11 0.01911 
   93   93    1    1    1    1    1    1    1    1  4.51970E+11 0.02533 
   94   94    1    1    1    1    1    1    1    1  2.06281E+11 0.04185 
   95   95    1    1    1    1    1    1    1    1  9.62261E+10 0.06736 
   96   96    1    1    1    1    1    1    1    1  4.59655E+10 0.08164 
   97   97    1    1    1    1    1    1    1    1  2.01298E+10 0.10583 
   98   98    1    1    1    1    1    1    1    1  1.03978E+10 0.13168 
   99   99    1    1    1    1    1    1    1    1  4.24031E+09 0.22707 
  100  100    1    1    1    1    1    1    1    1  3.95139E+09 0.17178 
];


