
DETdpaspec = [
    1    1    1    1    1    1    1    1    1    1  0.00000E+00 0.00000 
    2    2    1    1    1    1    1    1    1    1  0.00000E+00 0.00000 
    3    3    1    1    1    1    1    1    1    1  0.00000E+00 0.00000 
    4    4    1    1    1    1    1    1    1    1  0.00000E+00 0.00000 
    5    5    1    1    1    1    1    1    1    1  0.00000E+00 0.00000 
    6    6    1    1    1    1    1    1    1    1  0.00000E+00 0.00000 
    7    7    1    1    1    1    1    1    1    1  0.00000E+00 0.00000 
    8    8    1    1    1    1    1    1    1    1  0.00000E+00 0.00000 
    9    9    1    1    1    1    1    1    1    1  0.00000E+00 0.00000 
   10   10    1    1    1    1    1    1    1    1  0.00000E+00 0.00000 
   11   11    1    1    1    1    1    1    1    1  9.26499E+07 0.74106 
   12   12    1    1    1    1    1    1    1    1  4.68726E+07 0.73713 
   13   13    1    1    1    1    1    1    1    1  7.42434E+08 0.47014 
   14   14    1    1    1    1    1    1    1    1  1.53729E+09 0.30993 
   15   15    1    1    1    1    1    1    1    1  1.32877E+09 0.51683 
   16   16    1    1    1    1    1    1    1    1  7.04767E+08 0.24366 
   17   17    1    1    1    1    1    1    1    1  1.26974E+09 0.32280 
   18   18    1    1    1    1    1    1    1    1  2.85966E+09 0.18058 
   19   19    1    1    1    1    1    1    1    1  2.74855E+09 0.28575 
   20   20    1    1    1    1    1    1    1    1  1.29567E+10 0.16315 
   21   21    1    1    1    1    1    1    1    1  9.26267E+09 0.17755 
   22   22    1    1    1    1    1    1    1    1  1.95175E+10 0.08359 
   23   23    1    1    1    1    1    1    1    1  3.12228E+10 0.08561 
   24   24    1    1    1    1    1    1    1    1  6.19999E+10 0.04811 
   25   25    1    1    1    1    1    1    1    1  8.58982E+10 0.04368 
   26   26    1    1    1    1    1    1    1    1  1.82124E+11 0.03085 
   27   27    1    1    1    1    1    1    1    1  4.03474E+11 0.02292 
   28   28    1    1    1    1    1    1    1    1  9.27093E+11 0.01423 
   29   29    1    1    1    1    1    1    1    1  1.49765E+12 0.01533 
   30   30    1    1    1    1    1    1    1    1  3.60551E+12 0.00799 
   31   31    1    1    1    1    1    1    1    1  9.53257E+12 0.00506 
   32   32    1    1    1    1    1    1    1    1  1.54146E+13 0.00346 
   33   33    1    1    1    1    1    1    1    1  3.26591E+13 0.00323 
   34   34    1    1    1    1    1    1    1    1  4.21714E+13 0.00223 
   35   35    1    1    1    1    1    1    1    1  5.47006E+13 0.00235 
   36   36    1    1    1    1    1    1    1    1  3.91825E+13 0.00178 
   37   37    1    1    1    1    1    1    1    1  1.19484E+13 0.00258 
   38   38    1    1    1    1    1    1    1    1  6.32110E+13 0.00120 
   39   39    1    1    1    1    1    1    1    1  8.13704E+13 0.00144 
   40   40    1    1    1    1    1    1    1    1  1.39178E+14 0.00135 
   41   41    1    1    1    1    1    1    1    1  1.34805E+14 0.00122 
   42   42    1    1    1    1    1    1    1    1  2.66972E+14 0.00094 
   43   43    1    1    1    1    1    1    1    1  3.07458E+14 0.00084 
   44   44    1    1    1    1    1    1    1    1  4.20010E+14 0.00090 
   45   45    1    1    1    1    1    1    1    1  8.04133E+14 0.00068 
   46   46    1    1    1    1    1    1    1    1  4.02978E+14 0.00092 
   47   47    1    1    1    1    1    1    1    1  6.10934E+14 0.00080 
   48   48    1    1    1    1    1    1    1    1  8.60125E+14 0.00070 
   49   49    1    1    1    1    1    1    1    1  8.11604E+14 0.00073 
   50   50    1    1    1    1    1    1    1    1  1.28048E+15 0.00076 
   51   51    1    1    1    1    1    1    1    1  1.01291E+15 0.00061 
   52   52    1    1    1    1    1    1    1    1  1.19527E+15 0.00064 
   53   53    1    1    1    1    1    1    1    1  8.47640E+14 0.00070 
   54   54    1    1    1    1    1    1    1    1  1.04936E+15 0.00050 
   55   55    1    1    1    1    1    1    1    1  7.36853E+14 0.00062 
   56   56    1    1    1    1    1    1    1    1  1.00914E+14 0.00117 
   57   57    1    1    1    1    1    1    1    1  1.45249E+15 0.00050 
   58   58    1    1    1    1    1    1    1    1  6.54308E+14 0.00060 
   59   59    1    1    1    1    1    1    1    1  7.05078E+14 0.00064 
   60   60    1    1    1    1    1    1    1    1  5.61787E+14 0.00078 
   61   61    1    1    1    1    1    1    1    1  5.62092E+14 0.00065 
   62   62    1    1    1    1    1    1    1    1  5.77574E+14 0.00079 
   63   63    1    1    1    1    1    1    1    1  4.87501E+14 0.00096 
   64   64    1    1    1    1    1    1    1    1  3.87785E+14 0.00081 
   65   65    1    1    1    1    1    1    1    1  3.85485E+14 0.00076 
   66   66    1    1    1    1    1    1    1    1  2.93829E+14 0.00079 
   67   67    1    1    1    1    1    1    1    1  2.40615E+14 0.00092 
   68   68    1    1    1    1    1    1    1    1  2.13964E+14 0.00119 
   69   69    1    1    1    1    1    1    1    1  2.58827E+14 0.00093 
   70   70    1    1    1    1    1    1    1    1  2.21945E+14 0.00107 
   71   71    1    1    1    1    1    1    1    1  4.08545E+14 0.00093 
   72   72    1    1    1    1    1    1    1    1  2.93612E+14 0.00144 
   73   73    1    1    1    1    1    1    1    1  2.24717E+14 0.00125 
   74   74    1    1    1    1    1    1    1    1  1.82255E+14 0.00153 
   75   75    1    1    1    1    1    1    1    1  1.51668E+14 0.00141 
   76   76    1    1    1    1    1    1    1    1  1.76129E+14 0.00174 
   77   77    1    1    1    1    1    1    1    1  1.39868E+14 0.00177 
   78   78    1    1    1    1    1    1    1    1  1.09958E+14 0.00144 
   79   79    1    1    1    1    1    1    1    1  1.13785E+14 0.00148 
   80   80    1    1    1    1    1    1    1    1  8.47189E+13 0.00185 
   81   81    1    1    1    1    1    1    1    1  6.53199E+13 0.00186 
   82   82    1    1    1    1    1    1    1    1  5.03929E+13 0.00255 
   83   83    1    1    1    1    1    1    1    1  4.70748E+13 0.00290 
   84   84    1    1    1    1    1    1    1    1  3.38605E+13 0.00282 
   85   85    1    1    1    1    1    1    1    1  2.44822E+13 0.00314 
   86   86    1    1    1    1    1    1    1    1  2.27797E+13 0.00410 
   87   87    1    1    1    1    1    1    1    1  1.40307E+13 0.00470 
   88   88    1    1    1    1    1    1    1    1  9.50187E+12 0.00440 
   89   89    1    1    1    1    1    1    1    1  5.46330E+12 0.00795 
   90   90    1    1    1    1    1    1    1    1  3.59705E+12 0.00976 
   91   91    1    1    1    1    1    1    1    1  1.82649E+12 0.01172 
   92   92    1    1    1    1    1    1    1    1  8.69808E+11 0.01424 
   93   93    1    1    1    1    1    1    1    1  4.29241E+11 0.02868 
   94   94    1    1    1    1    1    1    1    1  1.99702E+11 0.03537 
   95   95    1    1    1    1    1    1    1    1  9.60524E+10 0.05496 
   96   96    1    1    1    1    1    1    1    1  4.69984E+10 0.07549 
   97   97    1    1    1    1    1    1    1    1  2.61841E+10 0.09651 
   98   98    1    1    1    1    1    1    1    1  1.01668E+10 0.19260 
   99   99    1    1    1    1    1    1    1    1  6.45603E+09 0.24771 
  100  100    1    1    1    1    1    1    1    1  4.94967E+09 0.24252 
];


