
DETdpaspec = [
    1    1    1    1    1    1    1    1    1    1  0.00000E+00 0.00000 
    2    2    1    1    1    1    1    1    1    1  0.00000E+00 0.00000 
    3    3    1    1    1    1    1    1    1    1  0.00000E+00 0.00000 
    4    4    1    1    1    1    1    1    1    1  0.00000E+00 0.00000 
    5    5    1    1    1    1    1    1    1    1  0.00000E+00 0.00000 
    6    6    1    1    1    1    1    1    1    1  0.00000E+00 0.00000 
    7    7    1    1    1    1    1    1    1    1  0.00000E+00 0.00000 
    8    8    1    1    1    1    1    1    1    1  0.00000E+00 0.00000 
    9    9    1    1    1    1    1    1    1    1  0.00000E+00 0.00000 
   10   10    1    1    1    1    1    1    1    1  7.56238E+07 1.00000 
   11   11    1    1    1    1    1    1    1    1  4.79133E+07 1.00000 
   12   12    1    1    1    1    1    1    1    1  0.00000E+00 0.00000 
   13   13    1    1    1    1    1    1    1    1  0.00000E+00 0.00000 
   14   14    1    1    1    1    1    1    1    1  1.46375E+08 1.00000 
   15   15    1    1    1    1    1    1    1    1  1.56362E+08 1.00000 
   16   16    1    1    1    1    1    1    1    1  3.43763E+07 1.00000 
   17   17    1    1    1    1    1    1    1    1  7.96440E+08 0.40854 
   18   18    1    1    1    1    1    1    1    1  2.08885E+09 0.31262 
   19   19    1    1    1    1    1    1    1    1  5.69113E+09 0.24450 
   20   20    1    1    1    1    1    1    1    1  3.64285E+10 0.10010 
   21   21    1    1    1    1    1    1    1    1  1.29019E+11 0.04603 
   22   22    1    1    1    1    1    1    1    1  4.78093E+11 0.02205 
   23   23    1    1    1    1    1    1    1    1  1.32470E+12 0.01507 
   24   24    1    1    1    1    1    1    1    1  2.66287E+12 0.01043 
   25   25    1    1    1    1    1    1    1    1  3.42038E+12 0.00823 
   26   26    1    1    1    1    1    1    1    1  5.74421E+12 0.00475 
   27   27    1    1    1    1    1    1    1    1  8.89988E+12 0.00596 
   28   28    1    1    1    1    1    1    1    1  1.33788E+13 0.00405 
   29   29    1    1    1    1    1    1    1    1  1.72445E+13 0.00418 
   30   30    1    1    1    1    1    1    1    1  2.77158E+13 0.00351 
   31   31    1    1    1    1    1    1    1    1  4.56199E+13 0.00278 
   32   32    1    1    1    1    1    1    1    1  5.73562E+13 0.00192 
   33   33    1    1    1    1    1    1    1    1  9.72206E+13 0.00170 
   34   34    1    1    1    1    1    1    1    1  1.08879E+14 0.00154 
   35   35    1    1    1    1    1    1    1    1  1.10344E+14 0.00145 
   36   36    1    1    1    1    1    1    1    1  6.90069E+13 0.00115 
   37   37    1    1    1    1    1    1    1    1  1.98515E+13 0.00135 
   38   38    1    1    1    1    1    1    1    1  1.05884E+14 0.00123 
   39   39    1    1    1    1    1    1    1    1  1.31317E+14 0.00130 
   40   40    1    1    1    1    1    1    1    1  2.17615E+14 0.00079 
   41   41    1    1    1    1    1    1    1    1  1.97314E+14 0.00113 
   42   42    1    1    1    1    1    1    1    1  3.83795E+14 0.00073 
   43   43    1    1    1    1    1    1    1    1  4.24677E+14 0.00075 
   44   44    1    1    1    1    1    1    1    1  5.57842E+14 0.00080 
   45   45    1    1    1    1    1    1    1    1  1.01913E+15 0.00064 
   46   46    1    1    1    1    1    1    1    1  4.82799E+14 0.00066 
   47   47    1    1    1    1    1    1    1    1  7.09933E+14 0.00064 
   48   48    1    1    1    1    1    1    1    1  9.65891E+14 0.00053 
   49   49    1    1    1    1    1    1    1    1  8.80486E+14 0.00069 
   50   50    1    1    1    1    1    1    1    1  1.36460E+15 0.00054 
   51   51    1    1    1    1    1    1    1    1  1.03075E+15 0.00071 
   52   52    1    1    1    1    1    1    1    1  1.20759E+15 0.00057 
   53   53    1    1    1    1    1    1    1    1  8.30396E+14 0.00061 
   54   54    1    1    1    1    1    1    1    1  1.02688E+15 0.00043 
   55   55    1    1    1    1    1    1    1    1  7.08053E+14 0.00056 
   56   56    1    1    1    1    1    1    1    1  9.58659E+13 0.00095 
   57   57    1    1    1    1    1    1    1    1  1.36976E+15 0.00061 
   58   58    1    1    1    1    1    1    1    1  6.19097E+14 0.00060 
   59   59    1    1    1    1    1    1    1    1  6.55233E+14 0.00050 
   60   60    1    1    1    1    1    1    1    1  5.23862E+14 0.00066 
   61   61    1    1    1    1    1    1    1    1  5.18901E+14 0.00081 
   62   62    1    1    1    1    1    1    1    1  5.28420E+14 0.00091 
   63   63    1    1    1    1    1    1    1    1  4.42699E+14 0.00097 
   64   64    1    1    1    1    1    1    1    1  3.48781E+14 0.00084 
   65   65    1    1    1    1    1    1    1    1  3.42590E+14 0.00095 
   66   66    1    1    1    1    1    1    1    1  2.58870E+14 0.00105 
   67   67    1    1    1    1    1    1    1    1  2.09491E+14 0.00125 
   68   68    1    1    1    1    1    1    1    1  1.84662E+14 0.00142 
   69   69    1    1    1    1    1    1    1    1  2.21401E+14 0.00116 
   70   70    1    1    1    1    1    1    1    1  1.87611E+14 0.00104 
   71   71    1    1    1    1    1    1    1    1  3.35211E+14 0.00094 
   72   72    1    1    1    1    1    1    1    1  2.36825E+14 0.00147 
   73   73    1    1    1    1    1    1    1    1  1.79810E+14 0.00166 
   74   74    1    1    1    1    1    1    1    1  1.46449E+14 0.00170 
   75   75    1    1    1    1    1    1    1    1  1.22273E+14 0.00140 
   76   76    1    1    1    1    1    1    1    1  1.42875E+14 0.00161 
   77   77    1    1    1    1    1    1    1    1  1.13332E+14 0.00125 
   78   78    1    1    1    1    1    1    1    1  8.98665E+13 0.00118 
   79   79    1    1    1    1    1    1    1    1  9.27420E+13 0.00227 
   80   80    1    1    1    1    1    1    1    1  6.86567E+13 0.00189 
   81   81    1    1    1    1    1    1    1    1  5.25257E+13 0.00183 
   82   82    1    1    1    1    1    1    1    1  4.03356E+13 0.00283 
   83   83    1    1    1    1    1    1    1    1  3.74398E+13 0.00263 
   84   84    1    1    1    1    1    1    1    1  2.65155E+13 0.00349 
   85   85    1    1    1    1    1    1    1    1  1.89079E+13 0.00374 
   86   86    1    1    1    1    1    1    1    1  1.74708E+13 0.00343 
   87   87    1    1    1    1    1    1    1    1  1.06266E+13 0.00473 
   88   88    1    1    1    1    1    1    1    1  6.94410E+12 0.00520 
   89   89    1    1    1    1    1    1    1    1  3.86311E+12 0.00920 
   90   90    1    1    1    1    1    1    1    1  2.48932E+12 0.01020 
   91   91    1    1    1    1    1    1    1    1  1.23656E+12 0.01222 
   92   92    1    1    1    1    1    1    1    1  5.56029E+11 0.01999 
   93   93    1    1    1    1    1    1    1    1  2.67946E+11 0.02745 
   94   94    1    1    1    1    1    1    1    1  1.16188E+11 0.04085 
   95   95    1    1    1    1    1    1    1    1  5.88287E+10 0.05129 
   96   96    1    1    1    1    1    1    1    1  2.86914E+10 0.08127 
   97   97    1    1    1    1    1    1    1    1  8.91131E+09 0.12279 
   98   98    1    1    1    1    1    1    1    1  5.77464E+09 0.25839 
   99   99    1    1    1    1    1    1    1    1  1.59236E+09 0.38820 
  100  100    1    1    1    1    1    1    1    1  2.84859E+09 0.34497 
];


