
DETdpaspec = [
    1    1    1    1    1    1    1    1    1    1  0.00000E+00 0.00000 
    2    2    1    1    1    1    1    1    1    1  0.00000E+00 0.00000 
    3    3    1    1    1    1    1    1    1    1  0.00000E+00 0.00000 
    4    4    1    1    1    1    1    1    1    1  0.00000E+00 0.00000 
    5    5    1    1    1    1    1    1    1    1  8.02506E+06 1.00000 
    6    6    1    1    1    1    1    1    1    1  0.00000E+00 0.00000 
    7    7    1    1    1    1    1    1    1    1  1.04228E+07 1.00000 
    8    8    1    1    1    1    1    1    1    1  8.08494E+06 1.00000 
    9    9    1    1    1    1    1    1    1    1  6.69768E+06 1.00000 
   10   10    1    1    1    1    1    1    1    1  9.92259E+07 0.55831 
   11   11    1    1    1    1    1    1    1    1  3.29459E+07 1.00000 
   12   12    1    1    1    1    1    1    1    1  4.74990E+07 1.00000 
   13   13    1    1    1    1    1    1    1    1  0.00000E+00 0.00000 
   14   14    1    1    1    1    1    1    1    1  8.11801E+08 0.69419 
   15   15    1    1    1    1    1    1    1    1  4.53078E+08 0.70358 
   16   16    1    1    1    1    1    1    1    1  4.34037E+08 0.44131 
   17   17    1    1    1    1    1    1    1    1  6.23534E+08 0.66255 
   18   18    1    1    1    1    1    1    1    1  1.38805E+09 0.30086 
   19   19    1    1    1    1    1    1    1    1  2.78138E+09 0.24654 
   20   20    1    1    1    1    1    1    1    1  6.03001E+09 0.10444 
   21   21    1    1    1    1    1    1    1    1  6.59380E+09 0.13254 
   22   22    1    1    1    1    1    1    1    1  1.69240E+10 0.12089 
   23   23    1    1    1    1    1    1    1    1  3.06931E+10 0.10381 
   24   24    1    1    1    1    1    1    1    1  6.83332E+10 0.05318 
   25   25    1    1    1    1    1    1    1    1  1.06375E+11 0.05275 
   26   26    1    1    1    1    1    1    1    1  2.28568E+11 0.02864 
   27   27    1    1    1    1    1    1    1    1  5.16415E+11 0.02160 
   28   28    1    1    1    1    1    1    1    1  1.26002E+12 0.01684 
   29   29    1    1    1    1    1    1    1    1  2.06714E+12 0.01643 
   30   30    1    1    1    1    1    1    1    1  4.78834E+12 0.00796 
   31   31    1    1    1    1    1    1    1    1  1.16674E+13 0.00513 
   32   32    1    1    1    1    1    1    1    1  1.82027E+13 0.00453 
   33   33    1    1    1    1    1    1    1    1  3.78692E+13 0.00315 
   34   34    1    1    1    1    1    1    1    1  4.84678E+13 0.00280 
   35   35    1    1    1    1    1    1    1    1  5.98567E+13 0.00237 
   36   36    1    1    1    1    1    1    1    1  4.20329E+13 0.00233 
   37   37    1    1    1    1    1    1    1    1  1.26871E+13 0.00214 
   38   38    1    1    1    1    1    1    1    1  6.73165E+13 0.00203 
   39   39    1    1    1    1    1    1    1    1  8.64699E+13 0.00213 
   40   40    1    1    1    1    1    1    1    1  1.47864E+14 0.00127 
   41   41    1    1    1    1    1    1    1    1  1.41346E+14 0.00106 
   42   42    1    1    1    1    1    1    1    1  2.80827E+14 0.00123 
   43   43    1    1    1    1    1    1    1    1  3.22426E+14 0.00109 
   44   44    1    1    1    1    1    1    1    1  4.39615E+14 0.00110 
   45   45    1    1    1    1    1    1    1    1  8.36894E+14 0.00081 
   46   46    1    1    1    1    1    1    1    1  4.15929E+14 0.00080 
   47   47    1    1    1    1    1    1    1    1  6.27855E+14 0.00067 
   48   48    1    1    1    1    1    1    1    1  8.81592E+14 0.00093 
   49   49    1    1    1    1    1    1    1    1  8.27740E+14 0.00075 
   50   50    1    1    1    1    1    1    1    1  1.30817E+15 0.00071 
   51   51    1    1    1    1    1    1    1    1  1.02810E+15 0.00085 
   52   52    1    1    1    1    1    1    1    1  1.21803E+15 0.00058 
   53   53    1    1    1    1    1    1    1    1  8.59858E+14 0.00047 
   54   54    1    1    1    1    1    1    1    1  1.06883E+15 0.00047 
   55   55    1    1    1    1    1    1    1    1  7.47847E+14 0.00066 
   56   56    1    1    1    1    1    1    1    1  1.02298E+14 0.00131 
   57   57    1    1    1    1    1    1    1    1  1.47411E+15 0.00054 
   58   58    1    1    1    1    1    1    1    1  6.67569E+14 0.00050 
   59   59    1    1    1    1    1    1    1    1  7.17996E+14 0.00071 
   60   60    1    1    1    1    1    1    1    1  5.74586E+14 0.00065 
   61   61    1    1    1    1    1    1    1    1  5.75041E+14 0.00054 
   62   62    1    1    1    1    1    1    1    1  5.91121E+14 0.00079 
   63   63    1    1    1    1    1    1    1    1  4.98008E+14 0.00117 
   64   64    1    1    1    1    1    1    1    1  3.96168E+14 0.00110 
   65   65    1    1    1    1    1    1    1    1  3.93018E+14 0.00096 
   66   66    1    1    1    1    1    1    1    1  3.00206E+14 0.00105 
   67   67    1    1    1    1    1    1    1    1  2.44765E+14 0.00110 
   68   68    1    1    1    1    1    1    1    1  2.17415E+14 0.00110 
   69   69    1    1    1    1    1    1    1    1  2.62800E+14 0.00070 
   70   70    1    1    1    1    1    1    1    1  2.25096E+14 0.00117 
   71   71    1    1    1    1    1    1    1    1  4.11854E+14 0.00100 
   72   72    1    1    1    1    1    1    1    1  2.96495E+14 0.00123 
   73   73    1    1    1    1    1    1    1    1  2.26593E+14 0.00098 
   74   74    1    1    1    1    1    1    1    1  1.84813E+14 0.00121 
   75   75    1    1    1    1    1    1    1    1  1.54138E+14 0.00118 
   76   76    1    1    1    1    1    1    1    1  1.79903E+14 0.00087 
   77   77    1    1    1    1    1    1    1    1  1.42647E+14 0.00153 
   78   78    1    1    1    1    1    1    1    1  1.13127E+14 0.00122 
   79   79    1    1    1    1    1    1    1    1  1.17508E+14 0.00153 
   80   80    1    1    1    1    1    1    1    1  8.72078E+13 0.00178 
   81   81    1    1    1    1    1    1    1    1  6.75886E+13 0.00146 
   82   82    1    1    1    1    1    1    1    1  5.20242E+13 0.00204 
   83   83    1    1    1    1    1    1    1    1  4.86800E+13 0.00189 
   84   84    1    1    1    1    1    1    1    1  3.49592E+13 0.00249 
   85   85    1    1    1    1    1    1    1    1  2.52217E+13 0.00256 
   86   86    1    1    1    1    1    1    1    1  2.36729E+13 0.00273 
   87   87    1    1    1    1    1    1    1    1  1.45753E+13 0.00451 
   88   88    1    1    1    1    1    1    1    1  9.78686E+12 0.00583 
   89   89    1    1    1    1    1    1    1    1  5.59735E+12 0.00672 
   90   90    1    1    1    1    1    1    1    1  3.74230E+12 0.00956 
   91   91    1    1    1    1    1    1    1    1  1.86394E+12 0.01531 
   92   92    1    1    1    1    1    1    1    1  8.99057E+11 0.01647 
   93   93    1    1    1    1    1    1    1    1  4.24218E+11 0.02921 
   94   94    1    1    1    1    1    1    1    1  2.15223E+11 0.03794 
   95   95    1    1    1    1    1    1    1    1  9.47695E+10 0.03649 
   96   96    1    1    1    1    1    1    1    1  4.50442E+10 0.09583 
   97   97    1    1    1    1    1    1    1    1  1.96217E+10 0.11202 
   98   98    1    1    1    1    1    1    1    1  1.16267E+10 0.13020 
   99   99    1    1    1    1    1    1    1    1  5.72087E+09 0.23144 
  100  100    1    1    1    1    1    1    1    1  4.87591E+09 0.21106 
];


