
DETdpaspec = [
    1    1    1    1    1    1    1    1    1    1  0.00000E+00 0.00000 
    2    2    1    1    1    1    1    1    1    1  0.00000E+00 0.00000 
    3    3    1    1    1    1    1    1    1    1  0.00000E+00 0.00000 
    4    4    1    1    1    1    1    1    1    1  0.00000E+00 0.00000 
    5    5    1    1    1    1    1    1    1    1  0.00000E+00 0.00000 
    6    6    1    1    1    1    1    1    1    1  0.00000E+00 0.00000 
    7    7    1    1    1    1    1    1    1    1  0.00000E+00 0.00000 
    8    8    1    1    1    1    1    1    1    1  0.00000E+00 0.00000 
    9    9    1    1    1    1    1    1    1    1  0.00000E+00 0.00000 
   10   10    1    1    1    1    1    1    1    1  1.17730E+07 1.00000 
   11   11    1    1    1    1    1    1    1    1  0.00000E+00 0.00000 
   12   12    1    1    1    1    1    1    1    1  7.54084E+07 0.61033 
   13   13    1    1    1    1    1    1    1    1  6.80598E+08 0.47088 
   14   14    1    1    1    1    1    1    1    1  2.05563E+09 0.29271 
   15   15    1    1    1    1    1    1    1    1  1.71399E+09 0.41696 
   16   16    1    1    1    1    1    1    1    1  6.49202E+08 0.52134 
   17   17    1    1    1    1    1    1    1    1  1.26801E+09 0.25857 
   18   18    1    1    1    1    1    1    1    1  3.02812E+09 0.25839 
   19   19    1    1    1    1    1    1    1    1  3.69560E+09 0.21174 
   20   20    1    1    1    1    1    1    1    1  1.32618E+10 0.11190 
   21   21    1    1    1    1    1    1    1    1  9.39108E+09 0.15040 
   22   22    1    1    1    1    1    1    1    1  1.78292E+10 0.08346 
   23   23    1    1    1    1    1    1    1    1  3.84143E+10 0.06683 
   24   24    1    1    1    1    1    1    1    1  6.10962E+10 0.06754 
   25   25    1    1    1    1    1    1    1    1  9.18375E+10 0.05727 
   26   26    1    1    1    1    1    1    1    1  1.72786E+11 0.03016 
   27   27    1    1    1    1    1    1    1    1  3.72148E+11 0.02493 
   28   28    1    1    1    1    1    1    1    1  8.84621E+11 0.01758 
   29   29    1    1    1    1    1    1    1    1  1.40854E+12 0.01260 
   30   30    1    1    1    1    1    1    1    1  3.55287E+12 0.00863 
   31   31    1    1    1    1    1    1    1    1  9.36758E+12 0.00577 
   32   32    1    1    1    1    1    1    1    1  1.50093E+13 0.00406 
   33   33    1    1    1    1    1    1    1    1  3.20050E+13 0.00292 
   34   34    1    1    1    1    1    1    1    1  4.12900E+13 0.00260 
   35   35    1    1    1    1    1    1    1    1  5.39843E+13 0.00180 
   36   36    1    1    1    1    1    1    1    1  3.88878E+13 0.00183 
   37   37    1    1    1    1    1    1    1    1  1.18652E+13 0.00273 
   38   38    1    1    1    1    1    1    1    1  6.25677E+13 0.00209 
   39   39    1    1    1    1    1    1    1    1  8.05632E+13 0.00169 
   40   40    1    1    1    1    1    1    1    1  1.38019E+14 0.00136 
   41   41    1    1    1    1    1    1    1    1  1.33749E+14 0.00122 
   42   42    1    1    1    1    1    1    1    1  2.64989E+14 0.00137 
   43   43    1    1    1    1    1    1    1    1  3.05205E+14 0.00099 
   44   44    1    1    1    1    1    1    1    1  4.17272E+14 0.00114 
   45   45    1    1    1    1    1    1    1    1  7.95942E+14 0.00096 
   46   46    1    1    1    1    1    1    1    1  3.99457E+14 0.00092 
   47   47    1    1    1    1    1    1    1    1  6.06583E+14 0.00058 
   48   48    1    1    1    1    1    1    1    1  8.54633E+14 0.00062 
   49   49    1    1    1    1    1    1    1    1  8.08079E+14 0.00073 
   50   50    1    1    1    1    1    1    1    1  1.27412E+15 0.00041 
   51   51    1    1    1    1    1    1    1    1  1.00978E+15 0.00058 
   52   52    1    1    1    1    1    1    1    1  1.19094E+15 0.00071 
   53   53    1    1    1    1    1    1    1    1  8.44159E+14 0.00065 
   54   54    1    1    1    1    1    1    1    1  1.04453E+15 0.00066 
   55   55    1    1    1    1    1    1    1    1  7.33455E+14 0.00078 
   56   56    1    1    1    1    1    1    1    1  1.00433E+14 0.00117 
   57   57    1    1    1    1    1    1    1    1  1.44751E+15 0.00048 
   58   58    1    1    1    1    1    1    1    1  6.49945E+14 0.00071 
   59   59    1    1    1    1    1    1    1    1  7.01567E+14 0.00078 
   60   60    1    1    1    1    1    1    1    1  5.57141E+14 0.00087 
   61   61    1    1    1    1    1    1    1    1  5.58759E+14 0.00077 
   62   62    1    1    1    1    1    1    1    1  5.74273E+14 0.00071 
   63   63    1    1    1    1    1    1    1    1  4.84137E+14 0.00088 
   64   64    1    1    1    1    1    1    1    1  3.85326E+14 0.00075 
   65   65    1    1    1    1    1    1    1    1  3.83179E+14 0.00083 
   66   66    1    1    1    1    1    1    1    1  2.91701E+14 0.00099 
   67   67    1    1    1    1    1    1    1    1  2.38163E+14 0.00082 
   68   68    1    1    1    1    1    1    1    1  2.12035E+14 0.00104 
   69   69    1    1    1    1    1    1    1    1  2.57069E+14 0.00089 
   70   70    1    1    1    1    1    1    1    1  2.20311E+14 0.00109 
   71   71    1    1    1    1    1    1    1    1  4.06307E+14 0.00092 
   72   72    1    1    1    1    1    1    1    1  2.92888E+14 0.00077 
   73   73    1    1    1    1    1    1    1    1  2.24092E+14 0.00106 
   74   74    1    1    1    1    1    1    1    1  1.81811E+14 0.00137 
   75   75    1    1    1    1    1    1    1    1  1.50754E+14 0.00155 
   76   76    1    1    1    1    1    1    1    1  1.74886E+14 0.00116 
   77   77    1    1    1    1    1    1    1    1  1.37778E+14 0.00117 
   78   78    1    1    1    1    1    1    1    1  1.08772E+14 0.00175 
   79   79    1    1    1    1    1    1    1    1  1.12660E+14 0.00165 
   80   80    1    1    1    1    1    1    1    1  8.38231E+13 0.00201 
   81   81    1    1    1    1    1    1    1    1  6.47625E+13 0.00185 
   82   82    1    1    1    1    1    1    1    1  4.99403E+13 0.00234 
   83   83    1    1    1    1    1    1    1    1  4.65911E+13 0.00214 
   84   84    1    1    1    1    1    1    1    1  3.36150E+13 0.00311 
   85   85    1    1    1    1    1    1    1    1  2.40613E+13 0.00314 
   86   86    1    1    1    1    1    1    1    1  2.25039E+13 0.00340 
   87   87    1    1    1    1    1    1    1    1  1.37959E+13 0.00486 
   88   88    1    1    1    1    1    1    1    1  9.30296E+12 0.00392 
   89   89    1    1    1    1    1    1    1    1  5.41640E+12 0.00774 
   90   90    1    1    1    1    1    1    1    1  3.59206E+12 0.00866 
   91   91    1    1    1    1    1    1    1    1  1.76676E+12 0.01298 
   92   92    1    1    1    1    1    1    1    1  8.74415E+11 0.01317 
   93   93    1    1    1    1    1    1    1    1  4.10989E+11 0.03098 
   94   94    1    1    1    1    1    1    1    1  1.97126E+11 0.02935 
   95   95    1    1    1    1    1    1    1    1  9.83001E+10 0.07482 
   96   96    1    1    1    1    1    1    1    1  4.79304E+10 0.08198 
   97   97    1    1    1    1    1    1    1    1  2.19246E+10 0.08832 
   98   98    1    1    1    1    1    1    1    1  1.01348E+10 0.14114 
   99   99    1    1    1    1    1    1    1    1  6.78609E+09 0.19351 
  100  100    1    1    1    1    1    1    1    1  3.64888E+09 0.21702 
];


