
DETdpaspec = [
    1    1    1    1    1    1    1    1    1    1  0.00000E+00 0.00000 
    2    2    1    1    1    1    1    1    1    1  0.00000E+00 0.00000 
    3    3    1    1    1    1    1    1    1    1  0.00000E+00 0.00000 
    4    4    1    1    1    1    1    1    1    1  0.00000E+00 0.00000 
    5    5    1    1    1    1    1    1    1    1  0.00000E+00 0.00000 
    6    6    1    1    1    1    1    1    1    1  0.00000E+00 0.00000 
    7    7    1    1    1    1    1    1    1    1  0.00000E+00 0.00000 
    8    8    1    1    1    1    1    1    1    1  0.00000E+00 0.00000 
    9    9    1    1    1    1    1    1    1    1  0.00000E+00 0.00000 
   10   10    1    1    1    1    1    1    1    1  0.00000E+00 0.00000 
   11   11    1    1    1    1    1    1    1    1  0.00000E+00 0.00000 
   12   12    1    1    1    1    1    1    1    1  4.75891E+07 1.00000 
   13   13    1    1    1    1    1    1    1    1  7.75177E+08 1.00000 
   14   14    1    1    1    1    1    1    1    1  9.85177E+08 0.64216 
   15   15    1    1    1    1    1    1    1    1  2.75812E+08 0.70885 
   16   16    1    1    1    1    1    1    1    1  2.89012E+08 0.83493 
   17   17    1    1    1    1    1    1    1    1  5.10184E+08 0.60055 
   18   18    1    1    1    1    1    1    1    1  1.55005E+09 0.29164 
   19   19    1    1    1    1    1    1    1    1  4.82385E+09 0.21825 
   20   20    1    1    1    1    1    1    1    1  1.75968E+10 0.14412 
   21   21    1    1    1    1    1    1    1    1  3.80491E+10 0.08385 
   22   22    1    1    1    1    1    1    1    1  1.80644E+11 0.05190 
   23   23    1    1    1    1    1    1    1    1  6.21811E+11 0.01802 
   24   24    1    1    1    1    1    1    1    1  1.39680E+12 0.01453 
   25   25    1    1    1    1    1    1    1    1  1.96962E+12 0.01109 
   26   26    1    1    1    1    1    1    1    1  3.53641E+12 0.00793 
   27   27    1    1    1    1    1    1    1    1  5.85907E+12 0.00600 
   28   28    1    1    1    1    1    1    1    1  9.66215E+12 0.00413 
   29   29    1    1    1    1    1    1    1    1  1.31441E+13 0.00422 
   30   30    1    1    1    1    1    1    1    1  2.21052E+13 0.00337 
   31   31    1    1    1    1    1    1    1    1  3.86299E+13 0.00220 
   32   32    1    1    1    1    1    1    1    1  4.98140E+13 0.00203 
   33   33    1    1    1    1    1    1    1    1  8.70563E+13 0.00184 
   34   34    1    1    1    1    1    1    1    1  9.98341E+13 0.00155 
   35   35    1    1    1    1    1    1    1    1  1.03226E+14 0.00159 
   36   36    1    1    1    1    1    1    1    1  6.52935E+13 0.00152 
   37   37    1    1    1    1    1    1    1    1  1.89286E+13 0.00175 
   38   38    1    1    1    1    1    1    1    1  1.00904E+14 0.00140 
   39   39    1    1    1    1    1    1    1    1  1.25784E+14 0.00116 
   40   40    1    1    1    1    1    1    1    1  2.08954E+14 0.00117 
   41   41    1    1    1    1    1    1    1    1  1.90765E+14 0.00127 
   42   42    1    1    1    1    1    1    1    1  3.73049E+14 0.00111 
   43   43    1    1    1    1    1    1    1    1  4.16065E+14 0.00081 
   44   44    1    1    1    1    1    1    1    1  5.49503E+14 0.00060 
   45   45    1    1    1    1    1    1    1    1  1.01144E+15 0.00055 
   46   46    1    1    1    1    1    1    1    1  4.81790E+14 0.00076 
   47   47    1    1    1    1    1    1    1    1  7.11355E+14 0.00077 
   48   48    1    1    1    1    1    1    1    1  9.73358E+14 0.00066 
   49   49    1    1    1    1    1    1    1    1  8.91833E+14 0.00059 
   50   50    1    1    1    1    1    1    1    1  1.38917E+15 0.00058 
   51   51    1    1    1    1    1    1    1    1  1.05522E+15 0.00062 
   52   52    1    1    1    1    1    1    1    1  1.24104E+15 0.00054 
   53   53    1    1    1    1    1    1    1    1  8.57831E+14 0.00067 
   54   54    1    1    1    1    1    1    1    1  1.06323E+15 0.00057 
   55   55    1    1    1    1    1    1    1    1  7.35391E+14 0.00067 
   56   56    1    1    1    1    1    1    1    1  9.98237E+13 0.00100 
   57   57    1    1    1    1    1    1    1    1  1.42607E+15 0.00061 
   58   58    1    1    1    1    1    1    1    1  6.47021E+14 0.00064 
   59   59    1    1    1    1    1    1    1    1  6.86731E+14 0.00061 
   60   60    1    1    1    1    1    1    1    1  5.50094E+14 0.00070 
   61   61    1    1    1    1    1    1    1    1  5.46664E+14 0.00069 
   62   62    1    1    1    1    1    1    1    1  5.57453E+14 0.00078 
   63   63    1    1    1    1    1    1    1    1  4.67367E+14 0.00096 
   64   64    1    1    1    1    1    1    1    1  3.69298E+14 0.00090 
   65   65    1    1    1    1    1    1    1    1  3.63773E+14 0.00084 
   66   66    1    1    1    1    1    1    1    1  2.75683E+14 0.00103 
   67   67    1    1    1    1    1    1    1    1  2.23399E+14 0.00118 
   68   68    1    1    1    1    1    1    1    1  1.96655E+14 0.00104 
   69   69    1    1    1    1    1    1    1    1  2.37045E+14 0.00103 
   70   70    1    1    1    1    1    1    1    1  2.01344E+14 0.00112 
   71   71    1    1    1    1    1    1    1    1  3.61348E+14 0.00107 
   72   72    1    1    1    1    1    1    1    1  2.55599E+14 0.00075 
   73   73    1    1    1    1    1    1    1    1  1.94409E+14 0.00127 
   74   74    1    1    1    1    1    1    1    1  1.58902E+14 0.00142 
   75   75    1    1    1    1    1    1    1    1  1.33257E+14 0.00149 
   76   76    1    1    1    1    1    1    1    1  1.55762E+14 0.00137 
   77   77    1    1    1    1    1    1    1    1  1.24301E+14 0.00150 
   78   78    1    1    1    1    1    1    1    1  9.82985E+13 0.00188 
   79   79    1    1    1    1    1    1    1    1  1.01594E+14 0.00181 
   80   80    1    1    1    1    1    1    1    1  7.58279E+13 0.00195 
   81   81    1    1    1    1    1    1    1    1  5.84028E+13 0.00227 
   82   82    1    1    1    1    1    1    1    1  4.45966E+13 0.00176 
   83   83    1    1    1    1    1    1    1    1  4.15299E+13 0.00216 
   84   84    1    1    1    1    1    1    1    1  2.95571E+13 0.00232 
   85   85    1    1    1    1    1    1    1    1  2.13878E+13 0.00258 
   86   86    1    1    1    1    1    1    1    1  1.98919E+13 0.00318 
   87   87    1    1    1    1    1    1    1    1  1.20796E+13 0.00518 
   88   88    1    1    1    1    1    1    1    1  7.94622E+12 0.00596 
   89   89    1    1    1    1    1    1    1    1  4.44235E+12 0.00756 
   90   90    1    1    1    1    1    1    1    1  2.87407E+12 0.00771 
   91   91    1    1    1    1    1    1    1    1  1.42551E+12 0.01064 
   92   92    1    1    1    1    1    1    1    1  6.72718E+11 0.01394 
   93   93    1    1    1    1    1    1    1    1  3.26498E+11 0.02420 
   94   94    1    1    1    1    1    1    1    1  1.60820E+11 0.03126 
   95   95    1    1    1    1    1    1    1    1  7.23948E+10 0.05265 
   96   96    1    1    1    1    1    1    1    1  3.76921E+10 0.07155 
   97   97    1    1    1    1    1    1    1    1  1.87015E+10 0.09995 
   98   98    1    1    1    1    1    1    1    1  9.31954E+09 0.22646 
   99   99    1    1    1    1    1    1    1    1  3.54647E+09 0.22524 
  100  100    1    1    1    1    1    1    1    1  1.96640E+09 0.26774 
];


