
DETdpaspec = [
    1    1    1    1    1    1    1    1    1    1  0.00000E+00 0.00000 
    2    2    1    1    1    1    1    1    1    1  0.00000E+00 0.00000 
    3    3    1    1    1    1    1    1    1    1  0.00000E+00 0.00000 
    4    4    1    1    1    1    1    1    1    1  0.00000E+00 0.00000 
    5    5    1    1    1    1    1    1    1    1  0.00000E+00 0.00000 
    6    6    1    1    1    1    1    1    1    1  0.00000E+00 0.00000 
    7    7    1    1    1    1    1    1    1    1  0.00000E+00 0.00000 
    8    8    1    1    1    1    1    1    1    1  0.00000E+00 0.00000 
    9    9    1    1    1    1    1    1    1    1  0.00000E+00 0.00000 
   10   10    1    1    1    1    1    1    1    1  0.00000E+00 0.00000 
   11   11    1    1    1    1    1    1    1    1  3.42846E+07 1.00000 
   12   12    1    1    1    1    1    1    1    1  0.00000E+00 0.00000 
   13   13    1    1    1    1    1    1    1    1  1.05238E+09 0.53672 
   14   14    1    1    1    1    1    1    1    1  8.66258E+08 0.80452 
   15   15    1    1    1    1    1    1    1    1  1.13398E+09 0.46961 
   16   16    1    1    1    1    1    1    1    1  5.68957E+08 0.61033 
   17   17    1    1    1    1    1    1    1    1  6.93471E+08 0.45068 
   18   18    1    1    1    1    1    1    1    1  2.16979E+09 0.21937 
   19   19    1    1    1    1    1    1    1    1  2.80306E+09 0.20237 
   20   20    1    1    1    1    1    1    1    1  8.55966E+09 0.15046 
   21   21    1    1    1    1    1    1    1    1  6.87620E+09 0.14446 
   22   22    1    1    1    1    1    1    1    1  1.45117E+10 0.11018 
   23   23    1    1    1    1    1    1    1    1  3.49380E+10 0.05983 
   24   24    1    1    1    1    1    1    1    1  1.03780E+11 0.04544 
   25   25    1    1    1    1    1    1    1    1  1.79214E+11 0.04341 
   26   26    1    1    1    1    1    1    1    1  4.04556E+11 0.02265 
   27   27    1    1    1    1    1    1    1    1  8.63088E+11 0.01419 
   28   28    1    1    1    1    1    1    1    1  1.97329E+12 0.00976 
   29   29    1    1    1    1    1    1    1    1  3.19254E+12 0.00985 
   30   30    1    1    1    1    1    1    1    1  6.66225E+12 0.00554 
   31   31    1    1    1    1    1    1    1    1  1.54214E+13 0.00409 
   32   32    1    1    1    1    1    1    1    1  2.31387E+13 0.00295 
   33   33    1    1    1    1    1    1    1    1  4.60949E+13 0.00330 
   34   34    1    1    1    1    1    1    1    1  5.77104E+13 0.00204 
   35   35    1    1    1    1    1    1    1    1  6.77796E+13 0.00181 
   36   36    1    1    1    1    1    1    1    1  4.62139E+13 0.00119 
   37   37    1    1    1    1    1    1    1    1  1.37859E+13 0.00170 
   38   38    1    1    1    1    1    1    1    1  7.35439E+13 0.00108 
   39   39    1    1    1    1    1    1    1    1  9.38784E+13 0.00167 
   40   40    1    1    1    1    1    1    1    1  1.60015E+14 0.00152 
   41   41    1    1    1    1    1    1    1    1  1.51315E+14 0.00157 
   42   42    1    1    1    1    1    1    1    1  2.99969E+14 0.00103 
   43   43    1    1    1    1    1    1    1    1  3.42734E+14 0.00107 
   44   44    1    1    1    1    1    1    1    1  4.62963E+14 0.00099 
   45   45    1    1    1    1    1    1    1    1  8.77376E+14 0.00088 
   46   46    1    1    1    1    1    1    1    1  4.32539E+14 0.00080 
   47   47    1    1    1    1    1    1    1    1  6.49882E+14 0.00066 
   48   48    1    1    1    1    1    1    1    1  9.07389E+14 0.00058 
   49   49    1    1    1    1    1    1    1    1  8.46304E+14 0.00055 
   50   50    1    1    1    1    1    1    1    1  1.33803E+15 0.00055 
   51   51    1    1    1    1    1    1    1    1  1.04273E+15 0.00061 
   52   52    1    1    1    1    1    1    1    1  1.23565E+15 0.00054 
   53   53    1    1    1    1    1    1    1    1  8.67894E+14 0.00057 
   54   54    1    1    1    1    1    1    1    1  1.08194E+15 0.00059 
   55   55    1    1    1    1    1    1    1    1  7.55605E+14 0.00072 
   56   56    1    1    1    1    1    1    1    1  1.03143E+14 0.00099 
   57   57    1    1    1    1    1    1    1    1  1.48412E+15 0.00045 
   58   58    1    1    1    1    1    1    1    1  6.74474E+14 0.00060 
   59   59    1    1    1    1    1    1    1    1  7.23167E+14 0.00077 
   60   60    1    1    1    1    1    1    1    1  5.80121E+14 0.00056 
   61   61    1    1    1    1    1    1    1    1  5.79423E+14 0.00079 
   62   62    1    1    1    1    1    1    1    1  5.94353E+14 0.00077 
   63   63    1    1    1    1    1    1    1    1  5.01848E+14 0.00083 
   64   64    1    1    1    1    1    1    1    1  3.98735E+14 0.00094 
   65   65    1    1    1    1    1    1    1    1  3.95198E+14 0.00083 
   66   66    1    1    1    1    1    1    1    1  3.01000E+14 0.00097 
   67   67    1    1    1    1    1    1    1    1  2.45262E+14 0.00100 
   68   68    1    1    1    1    1    1    1    1  2.17568E+14 0.00111 
   69   69    1    1    1    1    1    1    1    1  2.62755E+14 0.00125 
   70   70    1    1    1    1    1    1    1    1  2.24430E+14 0.00118 
   71   71    1    1    1    1    1    1    1    1  4.09208E+14 0.00094 
   72   72    1    1    1    1    1    1    1    1  2.92716E+14 0.00075 
   73   73    1    1    1    1    1    1    1    1  2.24475E+14 0.00103 
   74   74    1    1    1    1    1    1    1    1  1.83220E+14 0.00178 
   75   75    1    1    1    1    1    1    1    1  1.53160E+14 0.00116 
   76   76    1    1    1    1    1    1    1    1  1.79392E+14 0.00078 
   77   77    1    1    1    1    1    1    1    1  1.42933E+14 0.00136 
   78   78    1    1    1    1    1    1    1    1  1.13210E+14 0.00155 
   79   79    1    1    1    1    1    1    1    1  1.17647E+14 0.00132 
   80   80    1    1    1    1    1    1    1    1  8.77520E+13 0.00153 
   81   81    1    1    1    1    1    1    1    1  6.76325E+13 0.00133 
   82   82    1    1    1    1    1    1    1    1  5.22888E+13 0.00201 
   83   83    1    1    1    1    1    1    1    1  4.87043E+13 0.00237 
   84   84    1    1    1    1    1    1    1    1  3.50047E+13 0.00317 
   85   85    1    1    1    1    1    1    1    1  2.53636E+13 0.00364 
   86   86    1    1    1    1    1    1    1    1  2.37825E+13 0.00299 
   87   87    1    1    1    1    1    1    1    1  1.44218E+13 0.00430 
   88   88    1    1    1    1    1    1    1    1  9.82044E+12 0.00515 
   89   89    1    1    1    1    1    1    1    1  5.56737E+12 0.00782 
   90   90    1    1    1    1    1    1    1    1  3.66799E+12 0.00633 
   91   91    1    1    1    1    1    1    1    1  1.86592E+12 0.01293 
   92   92    1    1    1    1    1    1    1    1  8.61421E+11 0.01414 
   93   93    1    1    1    1    1    1    1    1  4.21962E+11 0.02582 
   94   94    1    1    1    1    1    1    1    1  1.99242E+11 0.02924 
   95   95    1    1    1    1    1    1    1    1  9.73669E+10 0.05562 
   96   96    1    1    1    1    1    1    1    1  4.40269E+10 0.09827 
   97   97    1    1    1    1    1    1    1    1  2.21793E+10 0.09301 
   98   98    1    1    1    1    1    1    1    1  1.09487E+10 0.18526 
   99   99    1    1    1    1    1    1    1    1  6.76539E+09 0.19941 
  100  100    1    1    1    1    1    1    1    1  4.39460E+09 0.20088 
];


