
DETdpaspec = [
    1    1    1    1    1    1    1    1    1    1  0.00000E+00 0.00000 
    2    2    1    1    1    1    1    1    1    1  0.00000E+00 0.00000 
    3    3    1    1    1    1    1    1    1    1  0.00000E+00 0.00000 
    4    4    1    1    1    1    1    1    1    1  0.00000E+00 0.00000 
    5    5    1    1    1    1    1    1    1    1  0.00000E+00 0.00000 
    6    6    1    1    1    1    1    1    1    1  0.00000E+00 0.00000 
    7    7    1    1    1    1    1    1    1    1  0.00000E+00 0.00000 
    8    8    1    1    1    1    1    1    1    1  1.30595E+07 1.00000 
    9    9    1    1    1    1    1    1    1    1  0.00000E+00 0.00000 
   10   10    1    1    1    1    1    1    1    1  0.00000E+00 0.00000 
   11   11    1    1    1    1    1    1    1    1  0.00000E+00 0.00000 
   12   12    1    1    1    1    1    1    1    1  1.56138E+08 0.56370 
   13   13    1    1    1    1    1    1    1    1  9.49852E+08 0.53719 
   14   14    1    1    1    1    1    1    1    1  1.44096E+09 0.57985 
   15   15    1    1    1    1    1    1    1    1  5.57476E+08 0.62716 
   16   16    1    1    1    1    1    1    1    1  1.83924E+08 0.60083 
   17   17    1    1    1    1    1    1    1    1  1.04595E+09 0.40692 
   18   18    1    1    1    1    1    1    1    1  2.50057E+09 0.30161 
   19   19    1    1    1    1    1    1    1    1  2.71248E+09 0.28506 
   20   20    1    1    1    1    1    1    1    1  8.10053E+09 0.17461 
   21   21    1    1    1    1    1    1    1    1  7.75442E+09 0.16274 
   22   22    1    1    1    1    1    1    1    1  1.89423E+10 0.08363 
   23   23    1    1    1    1    1    1    1    1  5.43104E+10 0.08300 
   24   24    1    1    1    1    1    1    1    1  1.67717E+11 0.04397 
   25   25    1    1    1    1    1    1    1    1  2.81018E+11 0.02356 
   26   26    1    1    1    1    1    1    1    1  6.00724E+11 0.01942 
   27   27    1    1    1    1    1    1    1    1  1.26558E+12 0.01459 
   28   28    1    1    1    1    1    1    1    1  2.73388E+12 0.00923 
   29   29    1    1    1    1    1    1    1    1  4.32289E+12 0.00538 
   30   30    1    1    1    1    1    1    1    1  8.46823E+12 0.00462 
   31   31    1    1    1    1    1    1    1    1  1.86320E+13 0.00543 
   32   32    1    1    1    1    1    1    1    1  2.69929E+13 0.00263 
   33   33    1    1    1    1    1    1    1    1  5.26221E+13 0.00192 
   34   34    1    1    1    1    1    1    1    1  6.53605E+13 0.00151 
   35   35    1    1    1    1    1    1    1    1  7.44820E+13 0.00191 
   36   36    1    1    1    1    1    1    1    1  4.99562E+13 0.00182 
   37   37    1    1    1    1    1    1    1    1  1.47634E+13 0.00167 
   38   38    1    1    1    1    1    1    1    1  7.89753E+13 0.00184 
   39   39    1    1    1    1    1    1    1    1  1.00274E+14 0.00174 
   40   40    1    1    1    1    1    1    1    1  1.70104E+14 0.00087 
   41   41    1    1    1    1    1    1    1    1  1.59292E+14 0.00128 
   42   42    1    1    1    1    1    1    1    1  3.15451E+14 0.00116 
   43   43    1    1    1    1    1    1    1    1  3.58141E+14 0.00112 
   44   44    1    1    1    1    1    1    1    1  4.81677E+14 0.00085 
   45   45    1    1    1    1    1    1    1    1  9.08746E+14 0.00072 
   46   46    1    1    1    1    1    1    1    1  4.45056E+14 0.00082 
   47   47    1    1    1    1    1    1    1    1  6.64597E+14 0.00069 
   48   48    1    1    1    1    1    1    1    1  9.25289E+14 0.00062 
   49   49    1    1    1    1    1    1    1    1  8.60239E+14 0.00048 
   50   50    1    1    1    1    1    1    1    1  1.35644E+15 0.00061 
   51   51    1    1    1    1    1    1    1    1  1.05063E+15 0.00050 
   52   52    1    1    1    1    1    1    1    1  1.24448E+15 0.00052 
   53   53    1    1    1    1    1    1    1    1  8.71704E+14 0.00061 
   54   54    1    1    1    1    1    1    1    1  1.08549E+15 0.00047 
   55   55    1    1    1    1    1    1    1    1  7.57217E+14 0.00052 
   56   56    1    1    1    1    1    1    1    1  1.03180E+14 0.00132 
   57   57    1    1    1    1    1    1    1    1  1.48234E+15 0.00047 
   58   58    1    1    1    1    1    1    1    1  6.74655E+14 0.00077 
   59   59    1    1    1    1    1    1    1    1  7.21087E+14 0.00073 
   60   60    1    1    1    1    1    1    1    1  5.79235E+14 0.00079 
   61   61    1    1    1    1    1    1    1    1  5.77432E+14 0.00056 
   62   62    1    1    1    1    1    1    1    1  5.92398E+14 0.00062 
   63   63    1    1    1    1    1    1    1    1  4.99443E+14 0.00068 
   64   64    1    1    1    1    1    1    1    1  3.96933E+14 0.00074 
   65   65    1    1    1    1    1    1    1    1  3.92428E+14 0.00071 
   66   66    1    1    1    1    1    1    1    1  2.99304E+14 0.00063 
   67   67    1    1    1    1    1    1    1    1  2.43265E+14 0.00094 
   68   68    1    1    1    1    1    1    1    1  2.15707E+14 0.00107 
   69   69    1    1    1    1    1    1    1    1  2.60430E+14 0.00103 
   70   70    1    1    1    1    1    1    1    1  2.22195E+14 0.00116 
   71   71    1    1    1    1    1    1    1    1  4.03410E+14 0.00082 
   72   72    1    1    1    1    1    1    1    1  2.87997E+14 0.00091 
   73   73    1    1    1    1    1    1    1    1  2.20799E+14 0.00116 
   74   74    1    1    1    1    1    1    1    1  1.80434E+14 0.00107 
   75   75    1    1    1    1    1    1    1    1  1.51381E+14 0.00140 
   76   76    1    1    1    1    1    1    1    1  1.76872E+14 0.00137 
   77   77    1    1    1    1    1    1    1    1  1.40953E+14 0.00134 
   78   78    1    1    1    1    1    1    1    1  1.11758E+14 0.00175 
   79   79    1    1    1    1    1    1    1    1  1.16232E+14 0.00221 
   80   80    1    1    1    1    1    1    1    1  8.69957E+13 0.00180 
   81   81    1    1    1    1    1    1    1    1  6.72013E+13 0.00199 
   82   82    1    1    1    1    1    1    1    1  5.15271E+13 0.00191 
   83   83    1    1    1    1    1    1    1    1  4.81470E+13 0.00254 
   84   84    1    1    1    1    1    1    1    1  3.46800E+13 0.00282 
   85   85    1    1    1    1    1    1    1    1  2.50998E+13 0.00341 
   86   86    1    1    1    1    1    1    1    1  2.33226E+13 0.00281 
   87   87    1    1    1    1    1    1    1    1  1.42468E+13 0.00559 
   88   88    1    1    1    1    1    1    1    1  9.57653E+12 0.00514 
   89   89    1    1    1    1    1    1    1    1  5.53906E+12 0.00778 
   90   90    1    1    1    1    1    1    1    1  3.61256E+12 0.00926 
   91   91    1    1    1    1    1    1    1    1  1.85806E+12 0.00888 
   92   92    1    1    1    1    1    1    1    1  8.83107E+11 0.01670 
   93   93    1    1    1    1    1    1    1    1  4.19727E+11 0.02295 
   94   94    1    1    1    1    1    1    1    1  2.08345E+11 0.04001 
   95   95    1    1    1    1    1    1    1    1  9.99901E+10 0.04871 
   96   96    1    1    1    1    1    1    1    1  4.25853E+10 0.09256 
   97   97    1    1    1    1    1    1    1    1  2.27404E+10 0.12034 
   98   98    1    1    1    1    1    1    1    1  1.14152E+10 0.12754 
   99   99    1    1    1    1    1    1    1    1  6.42218E+09 0.24101 
  100  100    1    1    1    1    1    1    1    1  4.91852E+09 0.26339 
];


