
DETdpaspec = [
    1    1    1    1    1    1    1    1    1    1  0.00000E+00 0.00000 
    2    2    1    1    1    1    1    1    1    1  0.00000E+00 0.00000 
    3    3    1    1    1    1    1    1    1    1  0.00000E+00 0.00000 
    4    4    1    1    1    1    1    1    1    1  0.00000E+00 0.00000 
    5    5    1    1    1    1    1    1    1    1  0.00000E+00 0.00000 
    6    6    1    1    1    1    1    1    1    1  0.00000E+00 0.00000 
    7    7    1    1    1    1    1    1    1    1  0.00000E+00 0.00000 
    8    8    1    1    1    1    1    1    1    1  0.00000E+00 0.00000 
    9    9    1    1    1    1    1    1    1    1  0.00000E+00 0.00000 
   10   10    1    1    1    1    1    1    1    1  0.00000E+00 0.00000 
   11   11    1    1    1    1    1    1    1    1  0.00000E+00 0.00000 
   12   12    1    1    1    1    1    1    1    1  2.35143E+07 1.00000 
   13   13    1    1    1    1    1    1    1    1  9.90714E+08 0.57777 
   14   14    1    1    1    1    1    1    1    1  1.79051E+09 0.46701 
   15   15    1    1    1    1    1    1    1    1  1.15669E+09 0.62632 
   16   16    1    1    1    1    1    1    1    1  5.87962E+08 0.34009 
   17   17    1    1    1    1    1    1    1    1  1.08331E+09 0.29412 
   18   18    1    1    1    1    1    1    1    1  2.27438E+09 0.29277 
   19   19    1    1    1    1    1    1    1    1  3.01397E+09 0.23498 
   20   20    1    1    1    1    1    1    1    1  1.19340E+10 0.16445 
   21   21    1    1    1    1    1    1    1    1  6.90949E+09 0.13387 
   22   22    1    1    1    1    1    1    1    1  1.76027E+10 0.11458 
   23   23    1    1    1    1    1    1    1    1  3.48695E+10 0.08075 
   24   24    1    1    1    1    1    1    1    1  5.96202E+10 0.06214 
   25   25    1    1    1    1    1    1    1    1  9.24493E+10 0.04659 
   26   26    1    1    1    1    1    1    1    1  2.07816E+11 0.04401 
   27   27    1    1    1    1    1    1    1    1  4.74984E+11 0.02881 
   28   28    1    1    1    1    1    1    1    1  1.12437E+12 0.01497 
   29   29    1    1    1    1    1    1    1    1  1.89642E+12 0.00937 
   30   30    1    1    1    1    1    1    1    1  4.40366E+12 0.00951 
   31   31    1    1    1    1    1    1    1    1  1.10535E+13 0.00457 
   32   32    1    1    1    1    1    1    1    1  1.72325E+13 0.00344 
   33   33    1    1    1    1    1    1    1    1  3.62721E+13 0.00403 
   34   34    1    1    1    1    1    1    1    1  4.66110E+13 0.00232 
   35   35    1    1    1    1    1    1    1    1  5.82875E+13 0.00243 
   36   36    1    1    1    1    1    1    1    1  4.11768E+13 0.00249 
   37   37    1    1    1    1    1    1    1    1  1.24228E+13 0.00228 
   38   38    1    1    1    1    1    1    1    1  6.60343E+13 0.00154 
   39   39    1    1    1    1    1    1    1    1  8.46318E+13 0.00181 
   40   40    1    1    1    1    1    1    1    1  1.45198E+14 0.00159 
   41   41    1    1    1    1    1    1    1    1  1.39542E+14 0.00156 
   42   42    1    1    1    1    1    1    1    1  2.77139E+14 0.00097 
   43   43    1    1    1    1    1    1    1    1  3.18311E+14 0.00102 
   44   44    1    1    1    1    1    1    1    1  4.33995E+14 0.00093 
   45   45    1    1    1    1    1    1    1    1  8.28279E+14 0.00062 
   46   46    1    1    1    1    1    1    1    1  4.12437E+14 0.00058 
   47   47    1    1    1    1    1    1    1    1  6.22904E+14 0.00073 
   48   48    1    1    1    1    1    1    1    1  8.75085E+14 0.00060 
   49   49    1    1    1    1    1    1    1    1  8.24152E+14 0.00084 
   50   50    1    1    1    1    1    1    1    1  1.30285E+15 0.00065 
   51   51    1    1    1    1    1    1    1    1  1.02429E+15 0.00065 
   52   52    1    1    1    1    1    1    1    1  1.21351E+15 0.00050 
   53   53    1    1    1    1    1    1    1    1  8.57423E+14 0.00059 
   54   54    1    1    1    1    1    1    1    1  1.06415E+15 0.00067 
   55   55    1    1    1    1    1    1    1    1  7.46505E+14 0.00064 
   56   56    1    1    1    1    1    1    1    1  1.02044E+14 0.00120 
   57   57    1    1    1    1    1    1    1    1  1.46947E+15 0.00057 
   58   58    1    1    1    1    1    1    1    1  6.64595E+14 0.00054 
   59   59    1    1    1    1    1    1    1    1  7.16280E+14 0.00052 
   60   60    1    1    1    1    1    1    1    1  5.72058E+14 0.00075 
   61   61    1    1    1    1    1    1    1    1  5.72629E+14 0.00078 
   62   62    1    1    1    1    1    1    1    1  5.87784E+14 0.00082 
   63   63    1    1    1    1    1    1    1    1  4.96860E+14 0.00081 
   64   64    1    1    1    1    1    1    1    1  3.95291E+14 0.00090 
   65   65    1    1    1    1    1    1    1    1  3.92308E+14 0.00098 
   66   66    1    1    1    1    1    1    1    1  2.99335E+14 0.00092 
   67   67    1    1    1    1    1    1    1    1  2.44441E+14 0.00096 
   68   68    1    1    1    1    1    1    1    1  2.16835E+14 0.00104 
   69   69    1    1    1    1    1    1    1    1  2.62331E+14 0.00074 
   70   70    1    1    1    1    1    1    1    1  2.24547E+14 0.00131 
   71   71    1    1    1    1    1    1    1    1  4.11314E+14 0.00098 
   72   72    1    1    1    1    1    1    1    1  2.96109E+14 0.00125 
   73   73    1    1    1    1    1    1    1    1  2.26867E+14 0.00129 
   74   74    1    1    1    1    1    1    1    1  1.84669E+14 0.00166 
   75   75    1    1    1    1    1    1    1    1  1.54037E+14 0.00109 
   76   76    1    1    1    1    1    1    1    1  1.78735E+14 0.00136 
   77   77    1    1    1    1    1    1    1    1  1.42072E+14 0.00133 
   78   78    1    1    1    1    1    1    1    1  1.12426E+14 0.00168 
   79   79    1    1    1    1    1    1    1    1  1.16783E+14 0.00135 
   80   80    1    1    1    1    1    1    1    1  8.69651E+13 0.00172 
   81   81    1    1    1    1    1    1    1    1  6.73554E+13 0.00220 
   82   82    1    1    1    1    1    1    1    1  5.17856E+13 0.00190 
   83   83    1    1    1    1    1    1    1    1  4.82441E+13 0.00197 
   84   84    1    1    1    1    1    1    1    1  3.48459E+13 0.00273 
   85   85    1    1    1    1    1    1    1    1  2.51667E+13 0.00341 
   86   86    1    1    1    1    1    1    1    1  2.34235E+13 0.00289 
   87   87    1    1    1    1    1    1    1    1  1.44196E+13 0.00487 
   88   88    1    1    1    1    1    1    1    1  9.66491E+12 0.00447 
   89   89    1    1    1    1    1    1    1    1  5.56770E+12 0.00801 
   90   90    1    1    1    1    1    1    1    1  3.72687E+12 0.00789 
   91   91    1    1    1    1    1    1    1    1  1.85839E+12 0.01202 
   92   92    1    1    1    1    1    1    1    1  8.65681E+11 0.01657 
   93   93    1    1    1    1    1    1    1    1  4.41920E+11 0.02941 
   94   94    1    1    1    1    1    1    1    1  2.08068E+11 0.02524 
   95   95    1    1    1    1    1    1    1    1  9.63984E+10 0.05598 
   96   96    1    1    1    1    1    1    1    1  4.30845E+10 0.05089 
   97   97    1    1    1    1    1    1    1    1  2.27342E+10 0.11855 
   98   98    1    1    1    1    1    1    1    1  1.24298E+10 0.17319 
   99   99    1    1    1    1    1    1    1    1  6.39519E+09 0.17491 
  100  100    1    1    1    1    1    1    1    1  3.20908E+09 0.25326 
];


