
DETdpaspec = [
    1    1    1    1    1    1    1    1    1    1  0.00000E+00 0.00000 
    2    2    1    1    1    1    1    1    1    1  0.00000E+00 0.00000 
    3    3    1    1    1    1    1    1    1    1  0.00000E+00 0.00000 
    4    4    1    1    1    1    1    1    1    1  0.00000E+00 0.00000 
    5    5    1    1    1    1    1    1    1    1  0.00000E+00 0.00000 
    6    6    1    1    1    1    1    1    1    1  0.00000E+00 0.00000 
    7    7    1    1    1    1    1    1    1    1  0.00000E+00 0.00000 
    8    8    1    1    1    1    1    1    1    1  0.00000E+00 0.00000 
    9    9    1    1    1    1    1    1    1    1  0.00000E+00 0.00000 
   10   10    1    1    1    1    1    1    1    1  2.78913E+07 1.00000 
   11   11    1    1    1    1    1    1    1    1  0.00000E+00 0.00000 
   12   12    1    1    1    1    1    1    1    1  1.01197E+08 0.57326 
   13   13    1    1    1    1    1    1    1    1  1.28758E+09 0.55165 
   14   14    1    1    1    1    1    1    1    1  1.95108E+09 0.50757 
   15   15    1    1    1    1    1    1    1    1  1.55162E+09 0.45893 
   16   16    1    1    1    1    1    1    1    1  4.42030E+08 0.57328 
   17   17    1    1    1    1    1    1    1    1  1.18404E+09 0.32402 
   18   18    1    1    1    1    1    1    1    1  1.72633E+09 0.26618 
   19   19    1    1    1    1    1    1    1    1  2.69540E+09 0.30293 
   20   20    1    1    1    1    1    1    1    1  9.24522E+09 0.31778 
   21   21    1    1    1    1    1    1    1    1  8.20536E+09 0.14914 
   22   22    1    1    1    1    1    1    1    1  1.56479E+10 0.10980 
   23   23    1    1    1    1    1    1    1    1  3.72633E+10 0.07456 
   24   24    1    1    1    1    1    1    1    1  8.56941E+10 0.03719 
   25   25    1    1    1    1    1    1    1    1  1.29153E+11 0.04044 
   26   26    1    1    1    1    1    1    1    1  2.94347E+11 0.03476 
   27   27    1    1    1    1    1    1    1    1  6.83426E+11 0.02557 
   28   28    1    1    1    1    1    1    1    1  1.58712E+12 0.01601 
   29   29    1    1    1    1    1    1    1    1  2.58325E+12 0.00918 
   30   30    1    1    1    1    1    1    1    1  5.60468E+12 0.00720 
   31   31    1    1    1    1    1    1    1    1  1.35035E+13 0.00534 
   32   32    1    1    1    1    1    1    1    1  2.05558E+13 0.00351 
   33   33    1    1    1    1    1    1    1    1  4.18256E+13 0.00260 
   34   34    1    1    1    1    1    1    1    1  5.33814E+13 0.00275 
   35   35    1    1    1    1    1    1    1    1  6.41087E+13 0.00252 
   36   36    1    1    1    1    1    1    1    1  4.42530E+13 0.00250 
   37   37    1    1    1    1    1    1    1    1  1.32651E+13 0.00217 
   38   38    1    1    1    1    1    1    1    1  7.08122E+13 0.00162 
   39   39    1    1    1    1    1    1    1    1  9.07748E+13 0.00176 
   40   40    1    1    1    1    1    1    1    1  1.54392E+14 0.00125 
   41   41    1    1    1    1    1    1    1    1  1.46666E+14 0.00141 
   42   42    1    1    1    1    1    1    1    1  2.91066E+14 0.00094 
   43   43    1    1    1    1    1    1    1    1  3.32888E+14 0.00103 
   44   44    1    1    1    1    1    1    1    1  4.51614E+14 0.00110 
   45   45    1    1    1    1    1    1    1    1  8.58821E+14 0.00094 
   46   46    1    1    1    1    1    1    1    1  4.25089E+14 0.00074 
   47   47    1    1    1    1    1    1    1    1  6.39563E+14 0.00087 
   48   48    1    1    1    1    1    1    1    1  8.94827E+14 0.00066 
   49   49    1    1    1    1    1    1    1    1  8.37905E+14 0.00086 
   50   50    1    1    1    1    1    1    1    1  1.32505E+15 0.00070 
   51   51    1    1    1    1    1    1    1    1  1.03679E+15 0.00063 
   52   52    1    1    1    1    1    1    1    1  1.22756E+15 0.00047 
   53   53    1    1    1    1    1    1    1    1  8.64768E+14 0.00070 
   54   54    1    1    1    1    1    1    1    1  1.07647E+15 0.00047 
   55   55    1    1    1    1    1    1    1    1  7.53471E+14 0.00059 
   56   56    1    1    1    1    1    1    1    1  1.02912E+14 0.00139 
   57   57    1    1    1    1    1    1    1    1  1.48074E+15 0.00042 
   58   58    1    1    1    1    1    1    1    1  6.72488E+14 0.00052 
   59   59    1    1    1    1    1    1    1    1  7.21700E+14 0.00072 
   60   60    1    1    1    1    1    1    1    1  5.78079E+14 0.00077 
   61   61    1    1    1    1    1    1    1    1  5.77238E+14 0.00063 
   62   62    1    1    1    1    1    1    1    1  5.93272E+14 0.00066 
   63   63    1    1    1    1    1    1    1    1  5.00857E+14 0.00071 
   64   64    1    1    1    1    1    1    1    1  3.98707E+14 0.00075 
   65   65    1    1    1    1    1    1    1    1  3.94977E+14 0.00083 
   66   66    1    1    1    1    1    1    1    1  3.00932E+14 0.00090 
   67   67    1    1    1    1    1    1    1    1  2.45310E+14 0.00111 
   68   68    1    1    1    1    1    1    1    1  2.17971E+14 0.00082 
   69   69    1    1    1    1    1    1    1    1  2.63988E+14 0.00096 
   70   70    1    1    1    1    1    1    1    1  2.25280E+14 0.00104 
   71   71    1    1    1    1    1    1    1    1  4.11713E+14 0.00115 
   72   72    1    1    1    1    1    1    1    1  2.94489E+14 0.00116 
   73   73    1    1    1    1    1    1    1    1  2.25743E+14 0.00137 
   74   74    1    1    1    1    1    1    1    1  1.84367E+14 0.00127 
   75   75    1    1    1    1    1    1    1    1  1.54173E+14 0.00142 
   76   76    1    1    1    1    1    1    1    1  1.79668E+14 0.00141 
   77   77    1    1    1    1    1    1    1    1  1.43071E+14 0.00097 
   78   78    1    1    1    1    1    1    1    1  1.13391E+14 0.00147 
   79   79    1    1    1    1    1    1    1    1  1.17582E+14 0.00178 
   80   80    1    1    1    1    1    1    1    1  8.77027E+13 0.00143 
   81   81    1    1    1    1    1    1    1    1  6.79084E+13 0.00221 
   82   82    1    1    1    1    1    1    1    1  5.23357E+13 0.00240 
   83   83    1    1    1    1    1    1    1    1  4.89835E+13 0.00293 
   84   84    1    1    1    1    1    1    1    1  3.52294E+13 0.00280 
   85   85    1    1    1    1    1    1    1    1  2.53852E+13 0.00352 
   86   86    1    1    1    1    1    1    1    1  2.37073E+13 0.00362 
   87   87    1    1    1    1    1    1    1    1  1.46276E+13 0.00344 
   88   88    1    1    1    1    1    1    1    1  9.69120E+12 0.00380 
   89   89    1    1    1    1    1    1    1    1  5.54899E+12 0.00655 
   90   90    1    1    1    1    1    1    1    1  3.70089E+12 0.01016 
   91   91    1    1    1    1    1    1    1    1  1.87299E+12 0.01234 
   92   92    1    1    1    1    1    1    1    1  9.03948E+11 0.01426 
   93   93    1    1    1    1    1    1    1    1  4.31035E+11 0.01823 
   94   94    1    1    1    1    1    1    1    1  1.90109E+11 0.03481 
   95   95    1    1    1    1    1    1    1    1  9.32721E+10 0.04214 
   96   96    1    1    1    1    1    1    1    1  4.42120E+10 0.08049 
   97   97    1    1    1    1    1    1    1    1  2.13676E+10 0.12592 
   98   98    1    1    1    1    1    1    1    1  1.19539E+10 0.15020 
   99   99    1    1    1    1    1    1    1    1  5.01713E+09 0.22179 
  100  100    1    1    1    1    1    1    1    1  5.37282E+09 0.22162 
];


