
DETdpaspec = [
    1    1    1    1    1    1    1    1    1    1  0.00000E+00 0.00000 
    2    2    1    1    1    1    1    1    1    1  0.00000E+00 0.00000 
    3    3    1    1    1    1    1    1    1    1  0.00000E+00 0.00000 
    4    4    1    1    1    1    1    1    1    1  0.00000E+00 0.00000 
    5    5    1    1    1    1    1    1    1    1  0.00000E+00 0.00000 
    6    6    1    1    1    1    1    1    1    1  0.00000E+00 0.00000 
    7    7    1    1    1    1    1    1    1    1  0.00000E+00 0.00000 
    8    8    1    1    1    1    1    1    1    1  0.00000E+00 0.00000 
    9    9    1    1    1    1    1    1    1    1  0.00000E+00 0.00000 
   10   10    1    1    1    1    1    1    1    1  0.00000E+00 0.00000 
   11   11    1    1    1    1    1    1    1    1  0.00000E+00 0.00000 
   12   12    1    1    1    1    1    1    1    1  9.09257E+07 1.00000 
   13   13    1    1    1    1    1    1    1    1  0.00000E+00 0.00000 
   14   14    1    1    1    1    1    1    1    1  5.12111E+07 1.00000 
   15   15    1    1    1    1    1    1    1    1  1.00267E+09 0.61044 
   16   16    1    1    1    1    1    1    1    1  2.71442E+08 0.65064 
   17   17    1    1    1    1    1    1    1    1  1.14526E+08 1.00000 
   18   18    1    1    1    1    1    1    1    1  1.20460E+09 0.47710 
   19   19    1    1    1    1    1    1    1    1  2.90173E+09 0.37702 
   20   20    1    1    1    1    1    1    1    1  1.93485E+10 0.11260 
   21   21    1    1    1    1    1    1    1    1  5.86064E+10 0.06333 
   22   22    1    1    1    1    1    1    1    1  2.47820E+11 0.03611 
   23   23    1    1    1    1    1    1    1    1  7.76391E+11 0.01519 
   24   24    1    1    1    1    1    1    1    1  1.76414E+12 0.00731 
   25   25    1    1    1    1    1    1    1    1  2.37226E+12 0.00972 
   26   26    1    1    1    1    1    1    1    1  4.17373E+12 0.00723 
   27   27    1    1    1    1    1    1    1    1  6.80878E+12 0.00709 
   28   28    1    1    1    1    1    1    1    1  1.08442E+13 0.00694 
   29   29    1    1    1    1    1    1    1    1  1.45573E+13 0.00448 
   30   30    1    1    1    1    1    1    1    1  2.38831E+13 0.00435 
   31   31    1    1    1    1    1    1    1    1  4.09633E+13 0.00298 
   32   32    1    1    1    1    1    1    1    1  5.22964E+13 0.00316 
   33   33    1    1    1    1    1    1    1    1  9.05694E+13 0.00179 
   34   34    1    1    1    1    1    1    1    1  1.02670E+14 0.00177 
   35   35    1    1    1    1    1    1    1    1  1.05603E+14 0.00188 
   36   36    1    1    1    1    1    1    1    1  6.67027E+13 0.00122 
   37   37    1    1    1    1    1    1    1    1  1.92863E+13 0.00192 
   38   38    1    1    1    1    1    1    1    1  1.02757E+14 0.00110 
   39   39    1    1    1    1    1    1    1    1  1.27899E+14 0.00104 
   40   40    1    1    1    1    1    1    1    1  2.12713E+14 0.00097 
   41   41    1    1    1    1    1    1    1    1  1.93413E+14 0.00084 
   42   42    1    1    1    1    1    1    1    1  3.78101E+14 0.00071 
   43   43    1    1    1    1    1    1    1    1  4.20115E+14 0.00083 
   44   44    1    1    1    1    1    1    1    1  5.53882E+14 0.00055 
   45   45    1    1    1    1    1    1    1    1  1.01712E+15 0.00053 
   46   46    1    1    1    1    1    1    1    1  4.83190E+14 0.00067 
   47   47    1    1    1    1    1    1    1    1  7.12682E+14 0.00076 
   48   48    1    1    1    1    1    1    1    1  9.73021E+14 0.00069 
   49   49    1    1    1    1    1    1    1    1  8.91074E+14 0.00088 
   50   50    1    1    1    1    1    1    1    1  1.38402E+15 0.00048 
   51   51    1    1    1    1    1    1    1    1  1.04877E+15 0.00063 
   52   52    1    1    1    1    1    1    1    1  1.23240E+15 0.00049 
   53   53    1    1    1    1    1    1    1    1  8.50744E+14 0.00051 
   54   54    1    1    1    1    1    1    1    1  1.05386E+15 0.00052 
   55   55    1    1    1    1    1    1    1    1  7.27395E+14 0.00060 
   56   56    1    1    1    1    1    1    1    1  9.87800E+13 0.00120 
   57   57    1    1    1    1    1    1    1    1  1.41095E+15 0.00059 
   58   58    1    1    1    1    1    1    1    1  6.39488E+14 0.00075 
   59   59    1    1    1    1    1    1    1    1  6.77993E+14 0.00082 
   60   60    1    1    1    1    1    1    1    1  5.43814E+14 0.00066 
   61   61    1    1    1    1    1    1    1    1  5.39077E+14 0.00082 
   62   62    1    1    1    1    1    1    1    1  5.49747E+14 0.00065 
   63   63    1    1    1    1    1    1    1    1  4.61226E+14 0.00088 
   64   64    1    1    1    1    1    1    1    1  3.63916E+14 0.00085 
   65   65    1    1    1    1    1    1    1    1  3.57965E+14 0.00098 
   66   66    1    1    1    1    1    1    1    1  2.71231E+14 0.00081 
   67   67    1    1    1    1    1    1    1    1  2.19547E+14 0.00137 
   68   68    1    1    1    1    1    1    1    1  1.93753E+14 0.00149 
   69   69    1    1    1    1    1    1    1    1  2.32549E+14 0.00102 
   70   70    1    1    1    1    1    1    1    1  1.97074E+14 0.00102 
   71   71    1    1    1    1    1    1    1    1  3.53197E+14 0.00085 
   72   72    1    1    1    1    1    1    1    1  2.50177E+14 0.00103 
   73   73    1    1    1    1    1    1    1    1  1.90308E+14 0.00114 
   74   74    1    1    1    1    1    1    1    1  1.55395E+14 0.00118 
   75   75    1    1    1    1    1    1    1    1  1.29972E+14 0.00175 
   76   76    1    1    1    1    1    1    1    1  1.51868E+14 0.00133 
   77   77    1    1    1    1    1    1    1    1  1.21473E+14 0.00155 
   78   78    1    1    1    1    1    1    1    1  9.60568E+13 0.00180 
   79   79    1    1    1    1    1    1    1    1  9.91574E+13 0.00179 
   80   80    1    1    1    1    1    1    1    1  7.36262E+13 0.00123 
   81   81    1    1    1    1    1    1    1    1  5.70498E+13 0.00184 
   82   82    1    1    1    1    1    1    1    1  4.35720E+13 0.00215 
   83   83    1    1    1    1    1    1    1    1  4.03659E+13 0.00235 
   84   84    1    1    1    1    1    1    1    1  2.87653E+13 0.00248 
   85   85    1    1    1    1    1    1    1    1  2.06878E+13 0.00314 
   86   86    1    1    1    1    1    1    1    1  1.92312E+13 0.00313 
   87   87    1    1    1    1    1    1    1    1  1.16374E+13 0.00541 
   88   88    1    1    1    1    1    1    1    1  7.71745E+12 0.00690 
   89   89    1    1    1    1    1    1    1    1  4.28623E+12 0.00734 
   90   90    1    1    1    1    1    1    1    1  2.82681E+12 0.01119 
   91   91    1    1    1    1    1    1    1    1  1.36080E+12 0.01035 
   92   92    1    1    1    1    1    1    1    1  6.31784E+11 0.02067 
   93   93    1    1    1    1    1    1    1    1  3.04673E+11 0.02734 
   94   94    1    1    1    1    1    1    1    1  1.46304E+11 0.03474 
   95   95    1    1    1    1    1    1    1    1  6.61438E+10 0.04451 
   96   96    1    1    1    1    1    1    1    1  3.17303E+10 0.07495 
   97   97    1    1    1    1    1    1    1    1  1.32558E+10 0.10201 
   98   98    1    1    1    1    1    1    1    1  7.03175E+09 0.15780 
   99   99    1    1    1    1    1    1    1    1  3.85021E+09 0.25925 
  100  100    1    1    1    1    1    1    1    1  2.23336E+09 0.35186 
];


