
DETdpaspec = [
    1    1    1    1    1    1    1    1    1    1  0.00000E+00 0.00000 
    2    2    1    1    1    1    1    1    1    1  0.00000E+00 0.00000 
    3    3    1    1    1    1    1    1    1    1  0.00000E+00 0.00000 
    4    4    1    1    1    1    1    1    1    1  0.00000E+00 0.00000 
    5    5    1    1    1    1    1    1    1    1  0.00000E+00 0.00000 
    6    6    1    1    1    1    1    1    1    1  0.00000E+00 0.00000 
    7    7    1    1    1    1    1    1    1    1  1.10916E+07 1.00000 
    8    8    1    1    1    1    1    1    1    1  0.00000E+00 0.00000 
    9    9    1    1    1    1    1    1    1    1  0.00000E+00 0.00000 
   10   10    1    1    1    1    1    1    1    1  0.00000E+00 0.00000 
   11   11    1    1    1    1    1    1    1    1  3.52611E+07 1.00000 
   12   12    1    1    1    1    1    1    1    1  1.12449E+08 0.48678 
   13   13    1    1    1    1    1    1    1    1  4.75554E+08 0.45222 
   14   14    1    1    1    1    1    1    1    1  1.82928E+09 0.25110 
   15   15    1    1    1    1    1    1    1    1  3.02620E+09 0.27679 
   16   16    1    1    1    1    1    1    1    1  1.00614E+09 0.37069 
   17   17    1    1    1    1    1    1    1    1  1.41268E+09 0.32667 
   18   18    1    1    1    1    1    1    1    1  2.75320E+09 0.22170 
   19   19    1    1    1    1    1    1    1    1  3.36654E+09 0.24261 
   20   20    1    1    1    1    1    1    1    1  8.59976E+09 0.17511 
   21   21    1    1    1    1    1    1    1    1  9.17274E+09 0.13397 
   22   22    1    1    1    1    1    1    1    1  1.78021E+10 0.08348 
   23   23    1    1    1    1    1    1    1    1  3.29281E+10 0.06559 
   24   24    1    1    1    1    1    1    1    1  6.87921E+10 0.06632 
   25   25    1    1    1    1    1    1    1    1  1.04245E+11 0.04901 
   26   26    1    1    1    1    1    1    1    1  2.06066E+11 0.03426 
   27   27    1    1    1    1    1    1    1    1  4.26967E+11 0.02680 
   28   28    1    1    1    1    1    1    1    1  1.04756E+12 0.01455 
   29   29    1    1    1    1    1    1    1    1  1.75854E+12 0.01374 
   30   30    1    1    1    1    1    1    1    1  4.19276E+12 0.00653 
   31   31    1    1    1    1    1    1    1    1  1.06012E+13 0.00546 
   32   32    1    1    1    1    1    1    1    1  1.67794E+13 0.00473 
   33   33    1    1    1    1    1    1    1    1  3.53493E+13 0.00303 
   34   34    1    1    1    1    1    1    1    1  4.53470E+13 0.00226 
   35   35    1    1    1    1    1    1    1    1  5.73232E+13 0.00133 
   36   36    1    1    1    1    1    1    1    1  4.03710E+13 0.00199 
   37   37    1    1    1    1    1    1    1    1  1.22333E+13 0.00245 
   38   38    1    1    1    1    1    1    1    1  6.50152E+13 0.00176 
   39   39    1    1    1    1    1    1    1    1  8.36180E+13 0.00145 
   40   40    1    1    1    1    1    1    1    1  1.43289E+14 0.00139 
   41   41    1    1    1    1    1    1    1    1  1.37875E+14 0.00107 
   42   42    1    1    1    1    1    1    1    1  2.73871E+14 0.00126 
   43   43    1    1    1    1    1    1    1    1  3.14862E+14 0.00110 
   44   44    1    1    1    1    1    1    1    1  4.29118E+14 0.00087 
   45   45    1    1    1    1    1    1    1    1  8.19734E+14 0.00049 
   46   46    1    1    1    1    1    1    1    1  4.09292E+14 0.00075 
   47   47    1    1    1    1    1    1    1    1  6.19228E+14 0.00068 
   48   48    1    1    1    1    1    1    1    1  8.70361E+14 0.00055 
   49   49    1    1    1    1    1    1    1    1  8.19469E+14 0.00054 
   50   50    1    1    1    1    1    1    1    1  1.29468E+15 0.00044 
   51   51    1    1    1    1    1    1    1    1  1.02077E+15 0.00062 
   52   52    1    1    1    1    1    1    1    1  1.20679E+15 0.00064 
   53   53    1    1    1    1    1    1    1    1  8.53808E+14 0.00058 
   54   54    1    1    1    1    1    1    1    1  1.06048E+15 0.00048 
   55   55    1    1    1    1    1    1    1    1  7.44119E+14 0.00053 
   56   56    1    1    1    1    1    1    1    1  1.01723E+14 0.00074 
   57   57    1    1    1    1    1    1    1    1  1.46458E+15 0.00052 
   58   58    1    1    1    1    1    1    1    1  6.62297E+14 0.00080 
   59   59    1    1    1    1    1    1    1    1  7.13431E+14 0.00086 
   60   60    1    1    1    1    1    1    1    1  5.68692E+14 0.00087 
   61   61    1    1    1    1    1    1    1    1  5.70022E+14 0.00079 
   62   62    1    1    1    1    1    1    1    1  5.85540E+14 0.00073 
   63   63    1    1    1    1    1    1    1    1  4.94465E+14 0.00106 
   64   64    1    1    1    1    1    1    1    1  3.93335E+14 0.00085 
   65   65    1    1    1    1    1    1    1    1  3.90510E+14 0.00111 
   66   66    1    1    1    1    1    1    1    1  2.97847E+14 0.00101 
   67   67    1    1    1    1    1    1    1    1  2.43467E+14 0.00088 
   68   68    1    1    1    1    1    1    1    1  2.15803E+14 0.00137 
   69   69    1    1    1    1    1    1    1    1  2.61573E+14 0.00093 
   70   70    1    1    1    1    1    1    1    1  2.24004E+14 0.00112 
   71   71    1    1    1    1    1    1    1    1  4.10983E+14 0.00076 
   72   72    1    1    1    1    1    1    1    1  2.95382E+14 0.00123 
   73   73    1    1    1    1    1    1    1    1  2.26365E+14 0.00111 
   74   74    1    1    1    1    1    1    1    1  1.84197E+14 0.00149 
   75   75    1    1    1    1    1    1    1    1  1.53666E+14 0.00128 
   76   76    1    1    1    1    1    1    1    1  1.78291E+14 0.00139 
   77   77    1    1    1    1    1    1    1    1  1.41532E+14 0.00153 
   78   78    1    1    1    1    1    1    1    1  1.11734E+14 0.00146 
   79   79    1    1    1    1    1    1    1    1  1.16081E+14 0.00160 
   80   80    1    1    1    1    1    1    1    1  8.64811E+13 0.00151 
   81   81    1    1    1    1    1    1    1    1  6.67422E+13 0.00291 
   82   82    1    1    1    1    1    1    1    1  5.13937E+13 0.00259 
   83   83    1    1    1    1    1    1    1    1  4.80402E+13 0.00206 
   84   84    1    1    1    1    1    1    1    1  3.45139E+13 0.00300 
   85   85    1    1    1    1    1    1    1    1  2.49261E+13 0.00275 
   86   86    1    1    1    1    1    1    1    1  2.33577E+13 0.00254 
   87   87    1    1    1    1    1    1    1    1  1.43788E+13 0.00550 
   88   88    1    1    1    1    1    1    1    1  9.67101E+12 0.00650 
   89   89    1    1    1    1    1    1    1    1  5.56003E+12 0.00551 
   90   90    1    1    1    1    1    1    1    1  3.65779E+12 0.00789 
   91   91    1    1    1    1    1    1    1    1  1.83512E+12 0.00789 
   92   92    1    1    1    1    1    1    1    1  8.78361E+11 0.01719 
   93   93    1    1    1    1    1    1    1    1  4.24571E+11 0.02138 
   94   94    1    1    1    1    1    1    1    1  2.01065E+11 0.04168 
   95   95    1    1    1    1    1    1    1    1  9.46933E+10 0.04955 
   96   96    1    1    1    1    1    1    1    1  4.66459E+10 0.06767 
   97   97    1    1    1    1    1    1    1    1  2.56745E+10 0.12167 
   98   98    1    1    1    1    1    1    1    1  8.32186E+09 0.11389 
   99   99    1    1    1    1    1    1    1    1  5.67990E+09 0.18354 
  100  100    1    1    1    1    1    1    1    1  3.70586E+09 0.33333 
];


