
DETdpaspec = [
    1    1    1    1    1    1    1    1    1    1  0.00000E+00 0.00000 
    2    2    1    1    1    1    1    1    1    1  0.00000E+00 0.00000 
    3    3    1    1    1    1    1    1    1    1  0.00000E+00 0.00000 
    4    4    1    1    1    1    1    1    1    1  0.00000E+00 0.00000 
    5    5    1    1    1    1    1    1    1    1  0.00000E+00 0.00000 
    6    6    1    1    1    1    1    1    1    1  0.00000E+00 0.00000 
    7    7    1    1    1    1    1    1    1    1  0.00000E+00 0.00000 
    8    8    1    1    1    1    1    1    1    1  7.81748E+06 1.00000 
    9    9    1    1    1    1    1    1    1    1  0.00000E+00 0.00000 
   10   10    1    1    1    1    1    1    1    1  0.00000E+00 0.00000 
   11   11    1    1    1    1    1    1    1    1  0.00000E+00 0.00000 
   12   12    1    1    1    1    1    1    1    1  2.27851E+07 0.88637 
   13   13    1    1    1    1    1    1    1    1  7.70066E+08 0.58222 
   14   14    1    1    1    1    1    1    1    1  8.04082E+08 0.53228 
   15   15    1    1    1    1    1    1    1    1  1.86390E+09 0.41329 
   16   16    1    1    1    1    1    1    1    1  7.24952E+08 0.39543 
   17   17    1    1    1    1    1    1    1    1  1.29515E+09 0.33188 
   18   18    1    1    1    1    1    1    1    1  2.30090E+09 0.29751 
   19   19    1    1    1    1    1    1    1    1  3.44959E+09 0.24611 
   20   20    1    1    1    1    1    1    1    1  7.43888E+09 0.14976 
   21   21    1    1    1    1    1    1    1    1  7.71064E+09 0.17085 
   22   22    1    1    1    1    1    1    1    1  1.86582E+10 0.13540 
   23   23    1    1    1    1    1    1    1    1  3.43958E+10 0.07227 
   24   24    1    1    1    1    1    1    1    1  7.65614E+10 0.05263 
   25   25    1    1    1    1    1    1    1    1  1.33747E+11 0.02971 
   26   26    1    1    1    1    1    1    1    1  3.02895E+11 0.02639 
   27   27    1    1    1    1    1    1    1    1  6.80057E+11 0.01886 
   28   28    1    1    1    1    1    1    1    1  1.60166E+12 0.01070 
   29   29    1    1    1    1    1    1    1    1  2.60830E+12 0.01053 
   30   30    1    1    1    1    1    1    1    1  5.66062E+12 0.00635 
   31   31    1    1    1    1    1    1    1    1  1.35789E+13 0.00427 
   32   32    1    1    1    1    1    1    1    1  2.07050E+13 0.00447 
   33   33    1    1    1    1    1    1    1    1  4.21629E+13 0.00272 
   34   34    1    1    1    1    1    1    1    1  5.37833E+13 0.00225 
   35   35    1    1    1    1    1    1    1    1  6.43847E+13 0.00247 
   36   36    1    1    1    1    1    1    1    1  4.45307E+13 0.00159 
   37   37    1    1    1    1    1    1    1    1  1.33139E+13 0.00153 
   38   38    1    1    1    1    1    1    1    1  7.08268E+13 0.00163 
   39   39    1    1    1    1    1    1    1    1  9.07932E+13 0.00136 
   40   40    1    1    1    1    1    1    1    1  1.54768E+14 0.00120 
   41   41    1    1    1    1    1    1    1    1  1.46670E+14 0.00165 
   42   42    1    1    1    1    1    1    1    1  2.91138E+14 0.00090 
   43   43    1    1    1    1    1    1    1    1  3.33431E+14 0.00099 
   44   44    1    1    1    1    1    1    1    1  4.52239E+14 0.00085 
   45   45    1    1    1    1    1    1    1    1  8.59661E+14 0.00059 
   46   46    1    1    1    1    1    1    1    1  4.25625E+14 0.00066 
   47   47    1    1    1    1    1    1    1    1  6.40068E+14 0.00083 
   48   48    1    1    1    1    1    1    1    1  8.96800E+14 0.00075 
   49   49    1    1    1    1    1    1    1    1  8.39100E+14 0.00053 
   50   50    1    1    1    1    1    1    1    1  1.32811E+15 0.00041 
   51   51    1    1    1    1    1    1    1    1  1.03704E+15 0.00038 
   52   52    1    1    1    1    1    1    1    1  1.22904E+15 0.00052 
   53   53    1    1    1    1    1    1    1    1  8.65162E+14 0.00078 
   54   54    1    1    1    1    1    1    1    1  1.07614E+15 0.00058 
   55   55    1    1    1    1    1    1    1    1  7.52775E+14 0.00067 
   56   56    1    1    1    1    1    1    1    1  1.02866E+14 0.00107 
   57   57    1    1    1    1    1    1    1    1  1.48007E+15 0.00034 
   58   58    1    1    1    1    1    1    1    1  6.71947E+14 0.00067 
   59   59    1    1    1    1    1    1    1    1  7.21557E+14 0.00064 
   60   60    1    1    1    1    1    1    1    1  5.78642E+14 0.00076 
   61   61    1    1    1    1    1    1    1    1  5.78181E+14 0.00061 
   62   62    1    1    1    1    1    1    1    1  5.93406E+14 0.00091 
   63   63    1    1    1    1    1    1    1    1  5.01166E+14 0.00083 
   64   64    1    1    1    1    1    1    1    1  3.99100E+14 0.00083 
   65   65    1    1    1    1    1    1    1    1  3.95528E+14 0.00081 
   66   66    1    1    1    1    1    1    1    1  3.01576E+14 0.00089 
   67   67    1    1    1    1    1    1    1    1  2.45293E+14 0.00074 
   68   68    1    1    1    1    1    1    1    1  2.18426E+14 0.00089 
   69   69    1    1    1    1    1    1    1    1  2.63512E+14 0.00105 
   70   70    1    1    1    1    1    1    1    1  2.24896E+14 0.00110 
   71   71    1    1    1    1    1    1    1    1  4.11225E+14 0.00085 
   72   72    1    1    1    1    1    1    1    1  2.95041E+14 0.00097 
   73   73    1    1    1    1    1    1    1    1  2.25718E+14 0.00121 
   74   74    1    1    1    1    1    1    1    1  1.84373E+14 0.00177 
   75   75    1    1    1    1    1    1    1    1  1.53790E+14 0.00150 
   76   76    1    1    1    1    1    1    1    1  1.79472E+14 0.00195 
   77   77    1    1    1    1    1    1    1    1  1.43356E+14 0.00146 
   78   78    1    1    1    1    1    1    1    1  1.13702E+14 0.00109 
   79   79    1    1    1    1    1    1    1    1  1.17504E+14 0.00168 
   80   80    1    1    1    1    1    1    1    1  8.78002E+13 0.00199 
   81   81    1    1    1    1    1    1    1    1  6.79410E+13 0.00209 
   82   82    1    1    1    1    1    1    1    1  5.23016E+13 0.00206 
   83   83    1    1    1    1    1    1    1    1  4.88816E+13 0.00253 
   84   84    1    1    1    1    1    1    1    1  3.52815E+13 0.00236 
   85   85    1    1    1    1    1    1    1    1  2.53527E+13 0.00319 
   86   86    1    1    1    1    1    1    1    1  2.38146E+13 0.00367 
   87   87    1    1    1    1    1    1    1    1  1.44623E+13 0.00439 
   88   88    1    1    1    1    1    1    1    1  9.86256E+12 0.00412 
   89   89    1    1    1    1    1    1    1    1  5.67843E+12 0.00694 
   90   90    1    1    1    1    1    1    1    1  3.74468E+12 0.00717 
   91   91    1    1    1    1    1    1    1    1  1.86432E+12 0.01434 
   92   92    1    1    1    1    1    1    1    1  9.31438E+11 0.01601 
   93   93    1    1    1    1    1    1    1    1  4.29574E+11 0.02024 
   94   94    1    1    1    1    1    1    1    1  2.12404E+11 0.04836 
   95   95    1    1    1    1    1    1    1    1  9.51978E+10 0.05357 
   96   96    1    1    1    1    1    1    1    1  4.71383E+10 0.06206 
   97   97    1    1    1    1    1    1    1    1  2.46948E+10 0.10277 
   98   98    1    1    1    1    1    1    1    1  9.84859E+09 0.16032 
   99   99    1    1    1    1    1    1    1    1  7.16685E+09 0.20919 
  100  100    1    1    1    1    1    1    1    1  5.79778E+09 0.16292 
];


