
DETdpaspec = [
    1    1    1    1    1    1    1    1    1    1  0.00000E+00 0.00000 
    2    2    1    1    1    1    1    1    1    1  0.00000E+00 0.00000 
    3    3    1    1    1    1    1    1    1    1  0.00000E+00 0.00000 
    4    4    1    1    1    1    1    1    1    1  1.36229E+07 1.00000 
    5    5    1    1    1    1    1    1    1    1  0.00000E+00 0.00000 
    6    6    1    1    1    1    1    1    1    1  0.00000E+00 0.00000 
    7    7    1    1    1    1    1    1    1    1  0.00000E+00 0.00000 
    8    8    1    1    1    1    1    1    1    1  0.00000E+00 0.00000 
    9    9    1    1    1    1    1    1    1    1  0.00000E+00 0.00000 
   10   10    1    1    1    1    1    1    1    1  1.18239E+08 0.79216 
   11   11    1    1    1    1    1    1    1    1  0.00000E+00 0.00000 
   12   12    1    1    1    1    1    1    1    1  3.84286E+07 1.00000 
   13   13    1    1    1    1    1    1    1    1  4.15154E+08 0.70963 
   14   14    1    1    1    1    1    1    1    1  1.06049E+09 0.68916 
   15   15    1    1    1    1    1    1    1    1  9.75601E+08 0.48364 
   16   16    1    1    1    1    1    1    1    1  3.69235E+08 0.44645 
   17   17    1    1    1    1    1    1    1    1  1.11982E+09 0.43795 
   18   18    1    1    1    1    1    1    1    1  2.02741E+09 0.31826 
   19   19    1    1    1    1    1    1    1    1  1.44551E+09 0.36432 
   20   20    1    1    1    1    1    1    1    1  5.87921E+09 0.21197 
   21   21    1    1    1    1    1    1    1    1  6.27959E+09 0.17616 
   22   22    1    1    1    1    1    1    1    1  2.19488E+10 0.09391 
   23   23    1    1    1    1    1    1    1    1  8.86371E+10 0.05521 
   24   24    1    1    1    1    1    1    1    1  2.33555E+11 0.02879 
   25   25    1    1    1    1    1    1    1    1  4.02557E+11 0.02608 
   26   26    1    1    1    1    1    1    1    1  8.14748E+11 0.02065 
   27   27    1    1    1    1    1    1    1    1  1.65871E+12 0.01409 
   28   28    1    1    1    1    1    1    1    1  3.43076E+12 0.00877 
   29   29    1    1    1    1    1    1    1    1  5.29543E+12 0.00560 
   30   30    1    1    1    1    1    1    1    1  1.01473E+13 0.00488 
   31   31    1    1    1    1    1    1    1    1  2.14444E+13 0.00480 
   32   32    1    1    1    1    1    1    1    1  3.04097E+13 0.00364 
   33   33    1    1    1    1    1    1    1    1  5.80512E+13 0.00207 
   34   34    1    1    1    1    1    1    1    1  7.10530E+13 0.00226 
   35   35    1    1    1    1    1    1    1    1  7.93939E+13 0.00209 
   36   36    1    1    1    1    1    1    1    1  5.27168E+13 0.00185 
   37   37    1    1    1    1    1    1    1    1  1.55552E+13 0.00153 
   38   38    1    1    1    1    1    1    1    1  8.28135E+13 0.00164 
   39   39    1    1    1    1    1    1    1    1  1.04919E+14 0.00152 
   40   40    1    1    1    1    1    1    1    1  1.77436E+14 0.00156 
   41   41    1    1    1    1    1    1    1    1  1.65387E+14 0.00169 
   42   42    1    1    1    1    1    1    1    1  3.26497E+14 0.00099 
   43   43    1    1    1    1    1    1    1    1  3.69726E+14 0.00071 
   44   44    1    1    1    1    1    1    1    1  4.95453E+14 0.00103 
   45   45    1    1    1    1    1    1    1    1  9.29593E+14 0.00096 
   46   46    1    1    1    1    1    1    1    1  4.53005E+14 0.00092 
   47   47    1    1    1    1    1    1    1    1  6.75649E+14 0.00074 
   48   48    1    1    1    1    1    1    1    1  9.37336E+14 0.00048 
   49   49    1    1    1    1    1    1    1    1  8.68653E+14 0.00070 
   50   50    1    1    1    1    1    1    1    1  1.36797E+15 0.00061 
   51   51    1    1    1    1    1    1    1    1  1.05513E+15 0.00057 
   52   52    1    1    1    1    1    1    1    1  1.24928E+15 0.00061 
   53   53    1    1    1    1    1    1    1    1  8.73533E+14 0.00058 
   54   54    1    1    1    1    1    1    1    1  1.08724E+15 0.00061 
   55   55    1    1    1    1    1    1    1    1  7.56334E+14 0.00075 
   56   56    1    1    1    1    1    1    1    1  1.03059E+14 0.00124 
   57   57    1    1    1    1    1    1    1    1  1.48005E+15 0.00058 
   58   58    1    1    1    1    1    1    1    1  6.73553E+14 0.00076 
   59   59    1    1    1    1    1    1    1    1  7.19009E+14 0.00070 
   60   60    1    1    1    1    1    1    1    1  5.77852E+14 0.00068 
   61   61    1    1    1    1    1    1    1    1  5.75229E+14 0.00082 
   62   62    1    1    1    1    1    1    1    1  5.88835E+14 0.00082 
   63   63    1    1    1    1    1    1    1    1  4.96435E+14 0.00049 
   64   64    1    1    1    1    1    1    1    1  3.94035E+14 0.00074 
   65   65    1    1    1    1    1    1    1    1  3.89952E+14 0.00066 
   66   66    1    1    1    1    1    1    1    1  2.96533E+14 0.00076 
   67   67    1    1    1    1    1    1    1    1  2.41338E+14 0.00075 
   68   68    1    1    1    1    1    1    1    1  2.13466E+14 0.00120 
   69   69    1    1    1    1    1    1    1    1  2.57965E+14 0.00098 
   70   70    1    1    1    1    1    1    1    1  2.19659E+14 0.00115 
   71   71    1    1    1    1    1    1    1    1  3.98314E+14 0.00073 
   72   72    1    1    1    1    1    1    1    1  2.84416E+14 0.00095 
   73   73    1    1    1    1    1    1    1    1  2.17462E+14 0.00136 
   74   74    1    1    1    1    1    1    1    1  1.77916E+14 0.00138 
   75   75    1    1    1    1    1    1    1    1  1.48614E+14 0.00111 
   76   76    1    1    1    1    1    1    1    1  1.74270E+14 0.00123 
   77   77    1    1    1    1    1    1    1    1  1.39281E+14 0.00091 
   78   78    1    1    1    1    1    1    1    1  1.10441E+14 0.00170 
   79   79    1    1    1    1    1    1    1    1  1.14473E+14 0.00166 
   80   80    1    1    1    1    1    1    1    1  8.55539E+13 0.00157 
   81   81    1    1    1    1    1    1    1    1  6.61096E+13 0.00237 
   82   82    1    1    1    1    1    1    1    1  5.09503E+13 0.00231 
   83   83    1    1    1    1    1    1    1    1  4.75993E+13 0.00260 
   84   84    1    1    1    1    1    1    1    1  3.42601E+13 0.00297 
   85   85    1    1    1    1    1    1    1    1  2.46315E+13 0.00311 
   86   86    1    1    1    1    1    1    1    1  2.30091E+13 0.00332 
   87   87    1    1    1    1    1    1    1    1  1.40736E+13 0.00459 
   88   88    1    1    1    1    1    1    1    1  9.38047E+12 0.00453 
   89   89    1    1    1    1    1    1    1    1  5.36791E+12 0.00553 
   90   90    1    1    1    1    1    1    1    1  3.53797E+12 0.00832 
   91   91    1    1    1    1    1    1    1    1  1.75437E+12 0.01294 
   92   92    1    1    1    1    1    1    1    1  8.31554E+11 0.02114 
   93   93    1    1    1    1    1    1    1    1  4.00236E+11 0.02048 
   94   94    1    1    1    1    1    1    1    1  1.93339E+11 0.03376 
   95   95    1    1    1    1    1    1    1    1  9.61765E+10 0.04923 
   96   96    1    1    1    1    1    1    1    1  4.68986E+10 0.05724 
   97   97    1    1    1    1    1    1    1    1  1.93502E+10 0.09962 
   98   98    1    1    1    1    1    1    1    1  9.74318E+09 0.10146 
   99   99    1    1    1    1    1    1    1    1  5.54933E+09 0.22146 
  100  100    1    1    1    1    1    1    1    1  3.22432E+09 0.32958 
];


