
DETdpaspec = [
    1    1    1    1    1    1    1    1    1    1  0.00000E+00 0.00000 
    2    2    1    1    1    1    1    1    1    1  0.00000E+00 0.00000 
    3    3    1    1    1    1    1    1    1    1  0.00000E+00 0.00000 
    4    4    1    1    1    1    1    1    1    1  0.00000E+00 0.00000 
    5    5    1    1    1    1    1    1    1    1  0.00000E+00 0.00000 
    6    6    1    1    1    1    1    1    1    1  0.00000E+00 0.00000 
    7    7    1    1    1    1    1    1    1    1  0.00000E+00 0.00000 
    8    8    1    1    1    1    1    1    1    1  0.00000E+00 0.00000 
    9    9    1    1    1    1    1    1    1    1  0.00000E+00 0.00000 
   10   10    1    1    1    1    1    1    1    1  8.97514E+07 0.77496 
   11   11    1    1    1    1    1    1    1    1  3.27730E+07 1.00000 
   12   12    1    1    1    1    1    1    1    1  0.00000E+00 0.00000 
   13   13    1    1    1    1    1    1    1    1  2.57731E+08 0.80147 
   14   14    1    1    1    1    1    1    1    1  1.71824E+09 0.44299 
   15   15    1    1    1    1    1    1    1    1  1.23636E+09 0.29076 
   16   16    1    1    1    1    1    1    1    1  4.96578E+08 0.41611 
   17   17    1    1    1    1    1    1    1    1  9.70069E+08 0.41051 
   18   18    1    1    1    1    1    1    1    1  2.25582E+09 0.27672 
   19   19    1    1    1    1    1    1    1    1  3.79190E+09 0.23356 
   20   20    1    1    1    1    1    1    1    1  6.44058E+09 0.20052 
   21   21    1    1    1    1    1    1    1    1  8.35645E+09 0.11774 
   22   22    1    1    1    1    1    1    1    1  1.92762E+10 0.10757 
   23   23    1    1    1    1    1    1    1    1  3.27354E+10 0.06936 
   24   24    1    1    1    1    1    1    1    1  6.09736E+10 0.06550 
   25   25    1    1    1    1    1    1    1    1  9.41285E+10 0.05834 
   26   26    1    1    1    1    1    1    1    1  1.89555E+11 0.03423 
   27   27    1    1    1    1    1    1    1    1  4.24943E+11 0.02236 
   28   28    1    1    1    1    1    1    1    1  1.00092E+12 0.01123 
   29   29    1    1    1    1    1    1    1    1  1.64562E+12 0.01240 
   30   30    1    1    1    1    1    1    1    1  3.92860E+12 0.01122 
   31   31    1    1    1    1    1    1    1    1  1.00697E+13 0.00559 
   32   32    1    1    1    1    1    1    1    1  1.61715E+13 0.00421 
   33   33    1    1    1    1    1    1    1    1  3.40400E+13 0.00253 
   34   34    1    1    1    1    1    1    1    1  4.37915E+13 0.00265 
   35   35    1    1    1    1    1    1    1    1  5.60080E+13 0.00208 
   36   36    1    1    1    1    1    1    1    1  3.99758E+13 0.00159 
   37   37    1    1    1    1    1    1    1    1  1.21664E+13 0.00179 
   38   38    1    1    1    1    1    1    1    1  6.44257E+13 0.00163 
   39   39    1    1    1    1    1    1    1    1  8.26555E+13 0.00160 
   40   40    1    1    1    1    1    1    1    1  1.41384E+14 0.00173 
   41   41    1    1    1    1    1    1    1    1  1.36313E+14 0.00125 
   42   42    1    1    1    1    1    1    1    1  2.70908E+14 0.00145 
   43   43    1    1    1    1    1    1    1    1  3.11339E+14 0.00145 
   44   44    1    1    1    1    1    1    1    1  4.24943E+14 0.00119 
   45   45    1    1    1    1    1    1    1    1  8.12243E+14 0.00086 
   46   46    1    1    1    1    1    1    1    1  4.06075E+14 0.00095 
   47   47    1    1    1    1    1    1    1    1  6.14758E+14 0.00060 
   48   48    1    1    1    1    1    1    1    1  8.63930E+14 0.00062 
   49   49    1    1    1    1    1    1    1    1  8.15326E+14 0.00058 
   50   50    1    1    1    1    1    1    1    1  1.29006E+15 0.00054 
   51   51    1    1    1    1    1    1    1    1  1.01705E+15 0.00062 
   52   52    1    1    1    1    1    1    1    1  1.20305E+15 0.00058 
   53   53    1    1    1    1    1    1    1    1  8.51310E+14 0.00060 
   54   54    1    1    1    1    1    1    1    1  1.05519E+15 0.00071 
   55   55    1    1    1    1    1    1    1    1  7.40244E+14 0.00061 
   56   56    1    1    1    1    1    1    1    1  1.01444E+14 0.00112 
   57   57    1    1    1    1    1    1    1    1  1.45988E+15 0.00052 
   58   58    1    1    1    1    1    1    1    1  6.58782E+14 0.00075 
   59   59    1    1    1    1    1    1    1    1  7.09809E+14 0.00066 
   60   60    1    1    1    1    1    1    1    1  5.65936E+14 0.00063 
   61   61    1    1    1    1    1    1    1    1  5.67196E+14 0.00063 
   62   62    1    1    1    1    1    1    1    1  5.82039E+14 0.00082 
   63   63    1    1    1    1    1    1    1    1  4.91285E+14 0.00075 
   64   64    1    1    1    1    1    1    1    1  3.90896E+14 0.00096 
   65   65    1    1    1    1    1    1    1    1  3.88162E+14 0.00102 
   66   66    1    1    1    1    1    1    1    1  2.96086E+14 0.00105 
   67   67    1    1    1    1    1    1    1    1  2.41381E+14 0.00132 
   68   68    1    1    1    1    1    1    1    1  2.14991E+14 0.00119 
   69   69    1    1    1    1    1    1    1    1  2.60348E+14 0.00121 
   70   70    1    1    1    1    1    1    1    1  2.22815E+14 0.00129 
   71   71    1    1    1    1    1    1    1    1  4.10333E+14 0.00096 
   72   72    1    1    1    1    1    1    1    1  2.94918E+14 0.00076 
   73   73    1    1    1    1    1    1    1    1  2.25788E+14 0.00113 
   74   74    1    1    1    1    1    1    1    1  1.83934E+14 0.00105 
   75   75    1    1    1    1    1    1    1    1  1.52631E+14 0.00140 
   76   76    1    1    1    1    1    1    1    1  1.77763E+14 0.00146 
   77   77    1    1    1    1    1    1    1    1  1.40859E+14 0.00147 
   78   78    1    1    1    1    1    1    1    1  1.11097E+14 0.00137 
   79   79    1    1    1    1    1    1    1    1  1.15008E+14 0.00170 
   80   80    1    1    1    1    1    1    1    1  8.60546E+13 0.00186 
   81   81    1    1    1    1    1    1    1    1  6.62639E+13 0.00176 
   82   82    1    1    1    1    1    1    1    1  5.10819E+13 0.00219 
   83   83    1    1    1    1    1    1    1    1  4.77804E+13 0.00223 
   84   84    1    1    1    1    1    1    1    1  3.42860E+13 0.00310 
   85   85    1    1    1    1    1    1    1    1  2.46173E+13 0.00281 
   86   86    1    1    1    1    1    1    1    1  2.30013E+13 0.00336 
   87   87    1    1    1    1    1    1    1    1  1.41757E+13 0.00390 
   88   88    1    1    1    1    1    1    1    1  9.59143E+12 0.00495 
   89   89    1    1    1    1    1    1    1    1  5.50944E+12 0.00672 
   90   90    1    1    1    1    1    1    1    1  3.64094E+12 0.00972 
   91   91    1    1    1    1    1    1    1    1  1.83535E+12 0.01448 
   92   92    1    1    1    1    1    1    1    1  8.86900E+11 0.01818 
   93   93    1    1    1    1    1    1    1    1  4.06077E+11 0.02668 
   94   94    1    1    1    1    1    1    1    1  2.09895E+11 0.03574 
   95   95    1    1    1    1    1    1    1    1  9.92528E+10 0.06001 
   96   96    1    1    1    1    1    1    1    1  4.96796E+10 0.06210 
   97   97    1    1    1    1    1    1    1    1  2.15122E+10 0.13130 
   98   98    1    1    1    1    1    1    1    1  1.19444E+10 0.17715 
   99   99    1    1    1    1    1    1    1    1  4.52222E+09 0.19868 
  100  100    1    1    1    1    1    1    1    1  3.14303E+09 0.29359 
];


