
DETdpaspec = [
    1    1    1    1    1    1    1    1    1    1  0.00000E+00 0.00000 
    2    2    1    1    1    1    1    1    1    1  0.00000E+00 0.00000 
    3    3    1    1    1    1    1    1    1    1  0.00000E+00 0.00000 
    4    4    1    1    1    1    1    1    1    1  0.00000E+00 0.00000 
    5    5    1    1    1    1    1    1    1    1  0.00000E+00 0.00000 
    6    6    1    1    1    1    1    1    1    1  0.00000E+00 0.00000 
    7    7    1    1    1    1    1    1    1    1  1.52413E+07 1.00000 
    8    8    1    1    1    1    1    1    1    1  0.00000E+00 0.00000 
    9    9    1    1    1    1    1    1    1    1  0.00000E+00 0.00000 
   10   10    1    1    1    1    1    1    1    1  0.00000E+00 0.00000 
   11   11    1    1    1    1    1    1    1    1  0.00000E+00 0.00000 
   12   12    1    1    1    1    1    1    1    1  9.37646E+07 0.70056 
   13   13    1    1    1    1    1    1    1    1  1.67714E+09 0.46340 
   14   14    1    1    1    1    1    1    1    1  7.33625E+08 0.64510 
   15   15    1    1    1    1    1    1    1    1  3.98466E+08 0.72011 
   16   16    1    1    1    1    1    1    1    1  2.38748E+08 0.54283 
   17   17    1    1    1    1    1    1    1    1  5.89414E+08 0.46308 
   18   18    1    1    1    1    1    1    1    1  1.75878E+09 0.37373 
   19   19    1    1    1    1    1    1    1    1  2.04665E+09 0.35749 
   20   20    1    1    1    1    1    1    1    1  6.32785E+09 0.20260 
   21   21    1    1    1    1    1    1    1    1  7.34895E+09 0.15726 
   22   22    1    1    1    1    1    1    1    1  2.22493E+10 0.10379 
   23   23    1    1    1    1    1    1    1    1  7.62309E+10 0.05876 
   24   24    1    1    1    1    1    1    1    1  2.29810E+11 0.03729 
   25   25    1    1    1    1    1    1    1    1  4.11609E+11 0.03142 
   26   26    1    1    1    1    1    1    1    1  8.43541E+11 0.02030 
   27   27    1    1    1    1    1    1    1    1  1.68575E+12 0.01134 
   28   28    1    1    1    1    1    1    1    1  3.47124E+12 0.00641 
   29   29    1    1    1    1    1    1    1    1  5.34135E+12 0.00604 
   30   30    1    1    1    1    1    1    1    1  1.02662E+13 0.00528 
   31   31    1    1    1    1    1    1    1    1  2.15164E+13 0.00465 
   32   32    1    1    1    1    1    1    1    1  3.04551E+13 0.00314 
   33   33    1    1    1    1    1    1    1    1  5.84205E+13 0.00202 
   34   34    1    1    1    1    1    1    1    1  7.15718E+13 0.00211 
   35   35    1    1    1    1    1    1    1    1  7.97929E+13 0.00220 
   36   36    1    1    1    1    1    1    1    1  5.27494E+13 0.00186 
   37   37    1    1    1    1    1    1    1    1  1.55564E+13 0.00197 
   38   38    1    1    1    1    1    1    1    1  8.31566E+13 0.00153 
   39   39    1    1    1    1    1    1    1    1  1.05292E+14 0.00127 
   40   40    1    1    1    1    1    1    1    1  1.77900E+14 0.00120 
   41   41    1    1    1    1    1    1    1    1  1.65415E+14 0.00095 
   42   42    1    1    1    1    1    1    1    1  3.26917E+14 0.00126 
   43   43    1    1    1    1    1    1    1    1  3.69988E+14 0.00092 
   44   44    1    1    1    1    1    1    1    1  4.96153E+14 0.00088 
   45   45    1    1    1    1    1    1    1    1  9.30704E+14 0.00064 
   46   46    1    1    1    1    1    1    1    1  4.53405E+14 0.00076 
   47   47    1    1    1    1    1    1    1    1  6.75526E+14 0.00061 
   48   48    1    1    1    1    1    1    1    1  9.37508E+14 0.00050 
   49   49    1    1    1    1    1    1    1    1  8.68647E+14 0.00055 
   50   50    1    1    1    1    1    1    1    1  1.36747E+15 0.00031 
   51   51    1    1    1    1    1    1    1    1  1.05548E+15 0.00044 
   52   52    1    1    1    1    1    1    1    1  1.24907E+15 0.00039 
   53   53    1    1    1    1    1    1    1    1  8.73471E+14 0.00039 
   54   54    1    1    1    1    1    1    1    1  1.08675E+15 0.00041 
   55   55    1    1    1    1    1    1    1    1  7.57204E+14 0.00061 
   56   56    1    1    1    1    1    1    1    1  1.03010E+14 0.00090 
   57   57    1    1    1    1    1    1    1    1  1.47946E+15 0.00057 
   58   58    1    1    1    1    1    1    1    1  6.73575E+14 0.00081 
   59   59    1    1    1    1    1    1    1    1  7.19010E+14 0.00065 
   60   60    1    1    1    1    1    1    1    1  5.77617E+14 0.00045 
   61   61    1    1    1    1    1    1    1    1  5.76003E+14 0.00072 
   62   62    1    1    1    1    1    1    1    1  5.90182E+14 0.00046 
   63   63    1    1    1    1    1    1    1    1  4.97486E+14 0.00077 
   64   64    1    1    1    1    1    1    1    1  3.94589E+14 0.00105 
   65   65    1    1    1    1    1    1    1    1  3.90365E+14 0.00084 
   66   66    1    1    1    1    1    1    1    1  2.96876E+14 0.00082 
   67   67    1    1    1    1    1    1    1    1  2.41024E+14 0.00066 
   68   68    1    1    1    1    1    1    1    1  2.13275E+14 0.00106 
   69   69    1    1    1    1    1    1    1    1  2.57782E+14 0.00117 
   70   70    1    1    1    1    1    1    1    1  2.19378E+14 0.00112 
   71   71    1    1    1    1    1    1    1    1  3.97208E+14 0.00087 
   72   72    1    1    1    1    1    1    1    1  2.84044E+14 0.00110 
   73   73    1    1    1    1    1    1    1    1  2.17289E+14 0.00106 
   74   74    1    1    1    1    1    1    1    1  1.77522E+14 0.00115 
   75   75    1    1    1    1    1    1    1    1  1.48731E+14 0.00130 
   76   76    1    1    1    1    1    1    1    1  1.74355E+14 0.00095 
   77   77    1    1    1    1    1    1    1    1  1.38768E+14 0.00135 
   78   78    1    1    1    1    1    1    1    1  1.10041E+14 0.00169 
   79   79    1    1    1    1    1    1    1    1  1.14192E+14 0.00163 
   80   80    1    1    1    1    1    1    1    1  8.57389E+13 0.00182 
   81   81    1    1    1    1    1    1    1    1  6.62498E+13 0.00172 
   82   82    1    1    1    1    1    1    1    1  5.09609E+13 0.00199 
   83   83    1    1    1    1    1    1    1    1  4.76510E+13 0.00281 
   84   84    1    1    1    1    1    1    1    1  3.41700E+13 0.00246 
   85   85    1    1    1    1    1    1    1    1  2.45892E+13 0.00203 
   86   86    1    1    1    1    1    1    1    1  2.29888E+13 0.00286 
   87   87    1    1    1    1    1    1    1    1  1.40433E+13 0.00302 
   88   88    1    1    1    1    1    1    1    1  9.34852E+12 0.00521 
   89   89    1    1    1    1    1    1    1    1  5.36976E+12 0.00529 
   90   90    1    1    1    1    1    1    1    1  3.50435E+12 0.00724 
   91   91    1    1    1    1    1    1    1    1  1.77373E+12 0.00981 
   92   92    1    1    1    1    1    1    1    1  8.45858E+11 0.01746 
   93   93    1    1    1    1    1    1    1    1  4.08490E+11 0.02713 
   94   94    1    1    1    1    1    1    1    1  1.92833E+11 0.03829 
   95   95    1    1    1    1    1    1    1    1  8.99082E+10 0.04999 
   96   96    1    1    1    1    1    1    1    1  4.48603E+10 0.05717 
   97   97    1    1    1    1    1    1    1    1  2.04123E+10 0.14424 
   98   98    1    1    1    1    1    1    1    1  1.03311E+10 0.11859 
   99   99    1    1    1    1    1    1    1    1  2.95106E+09 0.27738 
  100  100    1    1    1    1    1    1    1    1  4.43610E+09 0.21250 
];


