
DETdpaspec = [
    1    1    1    1    1    1    1    1    1    1  0.00000E+00 0.00000 
    2    2    1    1    1    1    1    1    1    1  0.00000E+00 0.00000 
    3    3    1    1    1    1    1    1    1    1  0.00000E+00 0.00000 
    4    4    1    1    1    1    1    1    1    1  0.00000E+00 0.00000 
    5    5    1    1    1    1    1    1    1    1  0.00000E+00 0.00000 
    6    6    1    1    1    1    1    1    1    1  0.00000E+00 0.00000 
    7    7    1    1    1    1    1    1    1    1  0.00000E+00 0.00000 
    8    8    1    1    1    1    1    1    1    1  1.17017E+07 1.00000 
    9    9    1    1    1    1    1    1    1    1  7.45608E+06 1.00000 
   10   10    1    1    1    1    1    1    1    1  1.21251E+07 1.00000 
   11   11    1    1    1    1    1    1    1    1  0.00000E+00 0.00000 
   12   12    1    1    1    1    1    1    1    1  1.39631E+08 0.82532 
   13   13    1    1    1    1    1    1    1    1  1.97324E+08 1.00000 
   14   14    1    1    1    1    1    1    1    1  2.13697E+09 0.38106 
   15   15    1    1    1    1    1    1    1    1  9.88868E+08 0.39784 
   16   16    1    1    1    1    1    1    1    1  7.37308E+08 0.36726 
   17   17    1    1    1    1    1    1    1    1  5.51262E+08 0.55112 
   18   18    1    1    1    1    1    1    1    1  1.50759E+09 0.32382 
   19   19    1    1    1    1    1    1    1    1  1.70029E+09 0.29697 
   20   20    1    1    1    1    1    1    1    1  7.78112E+09 0.18198 
   21   21    1    1    1    1    1    1    1    1  7.24883E+09 0.13909 
   22   22    1    1    1    1    1    1    1    1  1.69076E+10 0.09948 
   23   23    1    1    1    1    1    1    1    1  4.10230E+10 0.06786 
   24   24    1    1    1    1    1    1    1    1  1.05955E+11 0.04593 
   25   25    1    1    1    1    1    1    1    1  1.72626E+11 0.03373 
   26   26    1    1    1    1    1    1    1    1  3.69681E+11 0.02326 
   27   27    1    1    1    1    1    1    1    1  7.90765E+11 0.01373 
   28   28    1    1    1    1    1    1    1    1  1.80848E+12 0.01500 
   29   29    1    1    1    1    1    1    1    1  2.94576E+12 0.01009 
   30   30    1    1    1    1    1    1    1    1  6.17718E+12 0.00773 
   31   31    1    1    1    1    1    1    1    1  1.45589E+13 0.00504 
   32   32    1    1    1    1    1    1    1    1  2.18860E+13 0.00278 
   33   33    1    1    1    1    1    1    1    1  4.41425E+13 0.00275 
   34   34    1    1    1    1    1    1    1    1  5.60119E+13 0.00186 
   35   35    1    1    1    1    1    1    1    1  6.63942E+13 0.00206 
   36   36    1    1    1    1    1    1    1    1  4.55911E+13 0.00160 
   37   37    1    1    1    1    1    1    1    1  1.36187E+13 0.00157 
   38   38    1    1    1    1    1    1    1    1  7.25997E+13 0.00159 
   39   39    1    1    1    1    1    1    1    1  9.26878E+13 0.00165 
   40   40    1    1    1    1    1    1    1    1  1.57692E+14 0.00120 
   41   41    1    1    1    1    1    1    1    1  1.49277E+14 0.00125 
   42   42    1    1    1    1    1    1    1    1  2.95566E+14 0.00096 
   43   43    1    1    1    1    1    1    1    1  3.38279E+14 0.00094 
   44   44    1    1    1    1    1    1    1    1  4.58831E+14 0.00068 
   45   45    1    1    1    1    1    1    1    1  8.70769E+14 0.00072 
   46   46    1    1    1    1    1    1    1    1  4.29979E+14 0.00100 
   47   47    1    1    1    1    1    1    1    1  6.45421E+14 0.00077 
   48   48    1    1    1    1    1    1    1    1  9.01471E+14 0.00075 
   49   49    1    1    1    1    1    1    1    1  8.43418E+14 0.00085 
   50   50    1    1    1    1    1    1    1    1  1.33345E+15 0.00065 
   51   51    1    1    1    1    1    1    1    1  1.03950E+15 0.00053 
   52   52    1    1    1    1    1    1    1    1  1.23138E+15 0.00037 
   53   53    1    1    1    1    1    1    1    1  8.66735E+14 0.00085 
   54   54    1    1    1    1    1    1    1    1  1.07843E+15 0.00073 
   55   55    1    1    1    1    1    1    1    1  7.54123E+14 0.00061 
   56   56    1    1    1    1    1    1    1    1  1.03124E+14 0.00127 
   57   57    1    1    1    1    1    1    1    1  1.48126E+15 0.00053 
   58   58    1    1    1    1    1    1    1    1  6.73497E+14 0.00073 
   59   59    1    1    1    1    1    1    1    1  7.22331E+14 0.00081 
   60   60    1    1    1    1    1    1    1    1  5.78981E+14 0.00087 
   61   61    1    1    1    1    1    1    1    1  5.78649E+14 0.00087 
   62   62    1    1    1    1    1    1    1    1  5.93491E+14 0.00083 
   63   63    1    1    1    1    1    1    1    1  5.01431E+14 0.00073 
   64   64    1    1    1    1    1    1    1    1  3.98880E+14 0.00066 
   65   65    1    1    1    1    1    1    1    1  3.95079E+14 0.00084 
   66   66    1    1    1    1    1    1    1    1  3.00566E+14 0.00101 
   67   67    1    1    1    1    1    1    1    1  2.45168E+14 0.00067 
   68   68    1    1    1    1    1    1    1    1  2.17489E+14 0.00099 
   69   69    1    1    1    1    1    1    1    1  2.62973E+14 0.00094 
   70   70    1    1    1    1    1    1    1    1  2.24757E+14 0.00115 
   71   71    1    1    1    1    1    1    1    1  4.09669E+14 0.00082 
   72   72    1    1    1    1    1    1    1    1  2.93812E+14 0.00109 
   73   73    1    1    1    1    1    1    1    1  2.24742E+14 0.00129 
   74   74    1    1    1    1    1    1    1    1  1.83500E+14 0.00105 
   75   75    1    1    1    1    1    1    1    1  1.53624E+14 0.00093 
   76   76    1    1    1    1    1    1    1    1  1.79232E+14 0.00112 
   77   77    1    1    1    1    1    1    1    1  1.42778E+14 0.00128 
   78   78    1    1    1    1    1    1    1    1  1.13170E+14 0.00146 
   79   79    1    1    1    1    1    1    1    1  1.17829E+14 0.00154 
   80   80    1    1    1    1    1    1    1    1  8.79205E+13 0.00153 
   81   81    1    1    1    1    1    1    1    1  6.78287E+13 0.00169 
   82   82    1    1    1    1    1    1    1    1  5.23322E+13 0.00220 
   83   83    1    1    1    1    1    1    1    1  4.88982E+13 0.00262 
   84   84    1    1    1    1    1    1    1    1  3.52256E+13 0.00263 
   85   85    1    1    1    1    1    1    1    1  2.53671E+13 0.00351 
   86   86    1    1    1    1    1    1    1    1  2.36243E+13 0.00292 
   87   87    1    1    1    1    1    1    1    1  1.45477E+13 0.00338 
   88   88    1    1    1    1    1    1    1    1  9.74943E+12 0.00463 
   89   89    1    1    1    1    1    1    1    1  5.60926E+12 0.00632 
   90   90    1    1    1    1    1    1    1    1  3.70872E+12 0.00704 
   91   91    1    1    1    1    1    1    1    1  1.88295E+12 0.01370 
   92   92    1    1    1    1    1    1    1    1  9.08307E+11 0.01342 
   93   93    1    1    1    1    1    1    1    1  4.08311E+11 0.03112 
   94   94    1    1    1    1    1    1    1    1  2.02170E+11 0.03531 
   95   95    1    1    1    1    1    1    1    1  9.64439E+10 0.05989 
   96   96    1    1    1    1    1    1    1    1  4.63081E+10 0.08660 
   97   97    1    1    1    1    1    1    1    1  2.46450E+10 0.12807 
   98   98    1    1    1    1    1    1    1    1  7.89780E+09 0.14304 
   99   99    1    1    1    1    1    1    1    1  4.58419E+09 0.28558 
  100  100    1    1    1    1    1    1    1    1  4.70117E+09 0.22763 
];


