
DETdpaspec = [
    1    1    1    1    1    1    1    1    1    1  0.00000E+00 0.00000 
    2    2    1    1    1    1    1    1    1    1  0.00000E+00 0.00000 
    3    3    1    1    1    1    1    1    1    1  0.00000E+00 0.00000 
    4    4    1    1    1    1    1    1    1    1  0.00000E+00 0.00000 
    5    5    1    1    1    1    1    1    1    1  0.00000E+00 0.00000 
    6    6    1    1    1    1    1    1    1    1  0.00000E+00 0.00000 
    7    7    1    1    1    1    1    1    1    1  0.00000E+00 0.00000 
    8    8    1    1    1    1    1    1    1    1  0.00000E+00 0.00000 
    9    9    1    1    1    1    1    1    1    1  0.00000E+00 0.00000 
   10   10    1    1    1    1    1    1    1    1  0.00000E+00 0.00000 
   11   11    1    1    1    1    1    1    1    1  4.14502E+08 0.78678 
   12   12    1    1    1    1    1    1    1    1  5.18638E+07 0.75172 
   13   13    1    1    1    1    1    1    1    1  1.19772E+09 0.52728 
   14   14    1    1    1    1    1    1    1    1  3.24452E+09 0.59770 
   15   15    1    1    1    1    1    1    1    1  1.14238E+09 0.65928 
   16   16    1    1    1    1    1    1    1    1  4.37051E+08 0.67116 
   17   17    1    1    1    1    1    1    1    1  4.15031E+08 0.60331 
   18   18    1    1    1    1    1    1    1    1  1.40747E+09 0.45835 
   19   19    1    1    1    1    1    1    1    1  1.99678E+09 0.32485 
   20   20    1    1    1    1    1    1    1    1  7.83581E+09 0.15422 
   21   21    1    1    1    1    1    1    1    1  2.21900E+10 0.09242 
   22   22    1    1    1    1    1    1    1    1  9.66485E+10 0.04694 
   23   23    1    1    1    1    1    1    1    1  3.88954E+11 0.02338 
   24   24    1    1    1    1    1    1    1    1  1.00083E+12 0.01586 
   25   25    1    1    1    1    1    1    1    1  1.45017E+12 0.01213 
   26   26    1    1    1    1    1    1    1    1  2.70877E+12 0.01339 
   27   27    1    1    1    1    1    1    1    1  4.65953E+12 0.00861 
   28   28    1    1    1    1    1    1    1    1  8.07767E+12 0.00534 
   29   29    1    1    1    1    1    1    1    1  1.11160E+13 0.00401 
   30   30    1    1    1    1    1    1    1    1  1.92411E+13 0.00353 
   31   31    1    1    1    1    1    1    1    1  3.47351E+13 0.00297 
   32   32    1    1    1    1    1    1    1    1  4.55898E+13 0.00271 
   33   33    1    1    1    1    1    1    1    1  8.08255E+13 0.00179 
   34   34    1    1    1    1    1    1    1    1  9.40082E+13 0.00205 
   35   35    1    1    1    1    1    1    1    1  9.85934E+13 0.00174 
   36   36    1    1    1    1    1    1    1    1  6.28905E+13 0.00156 
   37   37    1    1    1    1    1    1    1    1  1.82935E+13 0.00167 
   38   38    1    1    1    1    1    1    1    1  9.74435E+13 0.00144 
   39   39    1    1    1    1    1    1    1    1  1.22028E+14 0.00136 
   40   40    1    1    1    1    1    1    1    1  2.03801E+14 0.00127 
   41   41    1    1    1    1    1    1    1    1  1.86531E+14 0.00096 
   42   42    1    1    1    1    1    1    1    1  3.65383E+14 0.00108 
   43   43    1    1    1    1    1    1    1    1  4.07768E+14 0.00083 
   44   44    1    1    1    1    1    1    1    1  5.40596E+14 0.00075 
   45   45    1    1    1    1    1    1    1    1  9.98943E+14 0.00073 
   46   46    1    1    1    1    1    1    1    1  4.78103E+14 0.00067 
   47   47    1    1    1    1    1    1    1    1  7.07323E+14 0.00064 
   48   48    1    1    1    1    1    1    1    1  9.70456E+14 0.00072 
   49   49    1    1    1    1    1    1    1    1  8.90621E+14 0.00063 
   50   50    1    1    1    1    1    1    1    1  1.39144E+15 0.00050 
   51   51    1    1    1    1    1    1    1    1  1.06004E+15 0.00048 
   52   52    1    1    1    1    1    1    1    1  1.24897E+15 0.00052 
   53   53    1    1    1    1    1    1    1    1  8.65320E+14 0.00049 
   54   54    1    1    1    1    1    1    1    1  1.07296E+15 0.00060 
   55   55    1    1    1    1    1    1    1    1  7.42736E+14 0.00067 
   56   56    1    1    1    1    1    1    1    1  1.00970E+14 0.00121 
   57   57    1    1    1    1    1    1    1    1  1.44429E+15 0.00061 
   58   58    1    1    1    1    1    1    1    1  6.55504E+14 0.00074 
   59   59    1    1    1    1    1    1    1    1  6.96059E+14 0.00088 
   60   60    1    1    1    1    1    1    1    1  5.58102E+14 0.00071 
   61   61    1    1    1    1    1    1    1    1  5.54861E+14 0.00065 
   62   62    1    1    1    1    1    1    1    1  5.66560E+14 0.00053 
   63   63    1    1    1    1    1    1    1    1  4.76785E+14 0.00057 
   64   64    1    1    1    1    1    1    1    1  3.76661E+14 0.00101 
   65   65    1    1    1    1    1    1    1    1  3.71439E+14 0.00076 
   66   66    1    1    1    1    1    1    1    1  2.81511E+14 0.00113 
   67   67    1    1    1    1    1    1    1    1  2.28108E+14 0.00117 
   68   68    1    1    1    1    1    1    1    1  2.01805E+14 0.00116 
   69   69    1    1    1    1    1    1    1    1  2.42304E+14 0.00109 
   70   70    1    1    1    1    1    1    1    1  2.05878E+14 0.00120 
   71   71    1    1    1    1    1    1    1    1  3.70701E+14 0.00083 
   72   72    1    1    1    1    1    1    1    1  2.62979E+14 0.00102 
   73   73    1    1    1    1    1    1    1    1  2.00054E+14 0.00098 
   74   74    1    1    1    1    1    1    1    1  1.63586E+14 0.00125 
   75   75    1    1    1    1    1    1    1    1  1.37577E+14 0.00117 
   76   76    1    1    1    1    1    1    1    1  1.60143E+14 0.00136 
   77   77    1    1    1    1    1    1    1    1  1.27693E+14 0.00171 
   78   78    1    1    1    1    1    1    1    1  1.01515E+14 0.00149 
   79   79    1    1    1    1    1    1    1    1  1.05195E+14 0.00143 
   80   80    1    1    1    1    1    1    1    1  7.83559E+13 0.00184 
   81   81    1    1    1    1    1    1    1    1  6.03860E+13 0.00209 
   82   82    1    1    1    1    1    1    1    1  4.65076E+13 0.00218 
   83   83    1    1    1    1    1    1    1    1  4.29781E+13 0.00260 
   84   84    1    1    1    1    1    1    1    1  3.09247E+13 0.00219 
   85   85    1    1    1    1    1    1    1    1  2.22102E+13 0.00345 
   86   86    1    1    1    1    1    1    1    1  2.06853E+13 0.00422 
   87   87    1    1    1    1    1    1    1    1  1.24678E+13 0.00405 
   88   88    1    1    1    1    1    1    1    1  8.38292E+12 0.00399 
   89   89    1    1    1    1    1    1    1    1  4.72412E+12 0.00611 
   90   90    1    1    1    1    1    1    1    1  3.08391E+12 0.00800 
   91   91    1    1    1    1    1    1    1    1  1.54139E+12 0.01172 
   92   92    1    1    1    1    1    1    1    1  7.50356E+11 0.01800 
   93   93    1    1    1    1    1    1    1    1  3.47312E+11 0.02545 
   94   94    1    1    1    1    1    1    1    1  1.61587E+11 0.04098 
   95   95    1    1    1    1    1    1    1    1  8.24867E+10 0.04794 
   96   96    1    1    1    1    1    1    1    1  3.82320E+10 0.09378 
   97   97    1    1    1    1    1    1    1    1  1.51324E+10 0.13256 
   98   98    1    1    1    1    1    1    1    1  8.28804E+09 0.17923 
   99   99    1    1    1    1    1    1    1    1  4.18543E+09 0.19119 
  100  100    1    1    1    1    1    1    1    1  3.05657E+09 0.39296 
];


