
DETdpaspec = [
    1    1    1    1    1    1    1    1    1    1  0.00000E+00 0.00000 
    2    2    1    1    1    1    1    1    1    1  0.00000E+00 0.00000 
    3    3    1    1    1    1    1    1    1    1  0.00000E+00 0.00000 
    4    4    1    1    1    1    1    1    1    1  0.00000E+00 0.00000 
    5    5    1    1    1    1    1    1    1    1  0.00000E+00 0.00000 
    6    6    1    1    1    1    1    1    1    1  0.00000E+00 0.00000 
    7    7    1    1    1    1    1    1    1    1  0.00000E+00 0.00000 
    8    8    1    1    1    1    1    1    1    1  0.00000E+00 0.00000 
    9    9    1    1    1    1    1    1    1    1  0.00000E+00 0.00000 
   10   10    1    1    1    1    1    1    1    1  0.00000E+00 0.00000 
   11   11    1    1    1    1    1    1    1    1  0.00000E+00 0.00000 
   12   12    1    1    1    1    1    1    1    1  0.00000E+00 0.00000 
   13   13    1    1    1    1    1    1    1    1  0.00000E+00 0.00000 
   14   14    1    1    1    1    1    1    1    1  0.00000E+00 0.00000 
   15   15    1    1    1    1    1    1    1    1  0.00000E+00 0.00000 
   16   16    1    1    1    1    1    1    1    1  0.00000E+00 0.00000 
   17   17    1    1    1    1    1    1    1    1  1.47867E+09 0.34220 
   18   18    1    1    1    1    1    1    1    1  4.04074E+09 0.28187 
   19   19    1    1    1    1    1    1    1    1  6.80628E+09 0.20654 
   20   20    1    1    1    1    1    1    1    1  5.65128E+10 0.08768 
   21   21    1    1    1    1    1    1    1    1  2.00911E+11 0.03529 
   22   22    1    1    1    1    1    1    1    1  6.49881E+11 0.01999 
   23   23    1    1    1    1    1    1    1    1  1.66002E+12 0.01517 
   24   24    1    1    1    1    1    1    1    1  3.15209E+12 0.00906 
   25   25    1    1    1    1    1    1    1    1  3.93777E+12 0.00712 
   26   26    1    1    1    1    1    1    1    1  6.51910E+12 0.00561 
   27   27    1    1    1    1    1    1    1    1  9.76526E+12 0.00560 
   28   28    1    1    1    1    1    1    1    1  1.44702E+13 0.00434 
   29   29    1    1    1    1    1    1    1    1  1.84836E+13 0.00454 
   30   30    1    1    1    1    1    1    1    1  2.96708E+13 0.00218 
   31   31    1    1    1    1    1    1    1    1  4.77581E+13 0.00291 
   32   32    1    1    1    1    1    1    1    1  5.94164E+13 0.00201 
   33   33    1    1    1    1    1    1    1    1  9.97497E+13 0.00162 
   34   34    1    1    1    1    1    1    1    1  1.11128E+14 0.00145 
   35   35    1    1    1    1    1    1    1    1  1.11888E+14 0.00142 
   36   36    1    1    1    1    1    1    1    1  6.95507E+13 0.00113 
   37   37    1    1    1    1    1    1    1    1  2.00439E+13 0.00128 
   38   38    1    1    1    1    1    1    1    1  1.06551E+14 0.00128 
   39   39    1    1    1    1    1    1    1    1  1.32020E+14 0.00118 
   40   40    1    1    1    1    1    1    1    1  2.18490E+14 0.00088 
   41   41    1    1    1    1    1    1    1    1  1.97681E+14 0.00117 
   42   42    1    1    1    1    1    1    1    1  3.84740E+14 0.00085 
   43   43    1    1    1    1    1    1    1    1  4.25855E+14 0.00088 
   44   44    1    1    1    1    1    1    1    1  5.57912E+14 0.00078 
   45   45    1    1    1    1    1    1    1    1  1.01556E+15 0.00074 
   46   46    1    1    1    1    1    1    1    1  4.78924E+14 0.00063 
   47   47    1    1    1    1    1    1    1    1  7.04525E+14 0.00078 
   48   48    1    1    1    1    1    1    1    1  9.55957E+14 0.00067 
   49   49    1    1    1    1    1    1    1    1  8.70500E+14 0.00068 
   50   50    1    1    1    1    1    1    1    1  1.34550E+15 0.00072 
   51   51    1    1    1    1    1    1    1    1  1.01386E+15 0.00075 
   52   52    1    1    1    1    1    1    1    1  1.18858E+15 0.00068 
   53   53    1    1    1    1    1    1    1    1  8.16104E+14 0.00075 
   54   54    1    1    1    1    1    1    1    1  1.00691E+15 0.00089 
   55   55    1    1    1    1    1    1    1    1  6.93437E+14 0.00088 
   56   56    1    1    1    1    1    1    1    1  9.38977E+13 0.00153 
   57   57    1    1    1    1    1    1    1    1  1.33831E+15 0.00089 
   58   58    1    1    1    1    1    1    1    1  6.04467E+14 0.00089 
   59   59    1    1    1    1    1    1    1    1  6.38772E+14 0.00085 
   60   60    1    1    1    1    1    1    1    1  5.09509E+14 0.00098 
   61   61    1    1    1    1    1    1    1    1  5.04852E+14 0.00112 
   62   62    1    1    1    1    1    1    1    1  5.13766E+14 0.00123 
   63   63    1    1    1    1    1    1    1    1  4.29680E+14 0.00119 
   64   64    1    1    1    1    1    1    1    1  3.38268E+14 0.00120 
   65   65    1    1    1    1    1    1    1    1  3.31522E+14 0.00103 
   66   66    1    1    1    1    1    1    1    1  2.50124E+14 0.00137 
   67   67    1    1    1    1    1    1    1    1  2.02009E+14 0.00134 
   68   68    1    1    1    1    1    1    1    1  1.78176E+14 0.00155 
   69   69    1    1    1    1    1    1    1    1  2.13862E+14 0.00155 
   70   70    1    1    1    1    1    1    1    1  1.80515E+14 0.00152 
   71   71    1    1    1    1    1    1    1    1  3.22766E+14 0.00160 
   72   72    1    1    1    1    1    1    1    1  2.27484E+14 0.00202 
   73   73    1    1    1    1    1    1    1    1  1.72370E+14 0.00146 
   74   74    1    1    1    1    1    1    1    1  1.40332E+14 0.00186 
   75   75    1    1    1    1    1    1    1    1  1.17021E+14 0.00194 
   76   76    1    1    1    1    1    1    1    1  1.36637E+14 0.00214 
   77   77    1    1    1    1    1    1    1    1  1.08166E+14 0.00183 
   78   78    1    1    1    1    1    1    1    1  8.55787E+13 0.00263 
   79   79    1    1    1    1    1    1    1    1  8.80844E+13 0.00196 
   80   80    1    1    1    1    1    1    1    1  6.50398E+13 0.00249 
   81   81    1    1    1    1    1    1    1    1  4.97826E+13 0.00295 
   82   82    1    1    1    1    1    1    1    1  3.81208E+13 0.00303 
   83   83    1    1    1    1    1    1    1    1  3.52394E+13 0.00319 
   84   84    1    1    1    1    1    1    1    1  2.50630E+13 0.00210 
   85   85    1    1    1    1    1    1    1    1  1.78936E+13 0.00364 
   86   86    1    1    1    1    1    1    1    1  1.65217E+13 0.00446 
   87   87    1    1    1    1    1    1    1    1  9.83671E+12 0.00476 
   88   88    1    1    1    1    1    1    1    1  6.45898E+12 0.00743 
   89   89    1    1    1    1    1    1    1    1  3.60525E+12 0.00575 
   90   90    1    1    1    1    1    1    1    1  2.29610E+12 0.00990 
   91   91    1    1    1    1    1    1    1    1  1.11540E+12 0.01205 
   92   92    1    1    1    1    1    1    1    1  5.12594E+11 0.01914 
   93   93    1    1    1    1    1    1    1    1  2.43335E+11 0.03651 
   94   94    1    1    1    1    1    1    1    1  1.06919E+11 0.04399 
   95   95    1    1    1    1    1    1    1    1  5.00505E+10 0.07583 
   96   96    1    1    1    1    1    1    1    1  2.21393E+10 0.10394 
   97   97    1    1    1    1    1    1    1    1  1.09345E+10 0.14030 
   98   98    1    1    1    1    1    1    1    1  6.71755E+09 0.21489 
   99   99    1    1    1    1    1    1    1    1  1.78270E+09 0.21461 
  100  100    1    1    1    1    1    1    1    1  1.09232E+09 0.43962 
];


