
DETdpaspec = [
    1    1    1    1    1    1    1    1    1    1  0.00000E+00 0.00000 
    2    2    1    1    1    1    1    1    1    1  0.00000E+00 0.00000 
    3    3    1    1    1    1    1    1    1    1  0.00000E+00 0.00000 
    4    4    1    1    1    1    1    1    1    1  0.00000E+00 0.00000 
    5    5    1    1    1    1    1    1    1    1  0.00000E+00 0.00000 
    6    6    1    1    1    1    1    1    1    1  0.00000E+00 0.00000 
    7    7    1    1    1    1    1    1    1    1  0.00000E+00 0.00000 
    8    8    1    1    1    1    1    1    1    1  6.27924E+06 1.00000 
    9    9    1    1    1    1    1    1    1    1  0.00000E+00 0.00000 
   10   10    1    1    1    1    1    1    1    1  0.00000E+00 0.00000 
   11   11    1    1    1    1    1    1    1    1  0.00000E+00 0.00000 
   12   12    1    1    1    1    1    1    1    1  5.81447E+07 0.69054 
   13   13    1    1    1    1    1    1    1    1  7.88423E+08 0.56078 
   14   14    1    1    1    1    1    1    1    1  9.81166E+08 0.50299 
   15   15    1    1    1    1    1    1    1    1  6.88280E+08 0.52098 
   16   16    1    1    1    1    1    1    1    1  8.19185E+08 0.37322 
   17   17    1    1    1    1    1    1    1    1  2.21031E+08 0.45220 
   18   18    1    1    1    1    1    1    1    1  1.83163E+09 0.26402 
   19   19    1    1    1    1    1    1    1    1  2.56117E+09 0.27749 
   20   20    1    1    1    1    1    1    1    1  8.01949E+09 0.18543 
   21   21    1    1    1    1    1    1    1    1  7.55005E+09 0.17239 
   22   22    1    1    1    1    1    1    1    1  1.67176E+10 0.12578 
   23   23    1    1    1    1    1    1    1    1  4.08778E+10 0.05756 
   24   24    1    1    1    1    1    1    1    1  1.43577E+11 0.04308 
   25   25    1    1    1    1    1    1    1    1  2.39547E+11 0.03201 
   26   26    1    1    1    1    1    1    1    1  5.31602E+11 0.02981 
   27   27    1    1    1    1    1    1    1    1  1.09111E+12 0.01576 
   28   28    1    1    1    1    1    1    1    1  2.41433E+12 0.00950 
   29   29    1    1    1    1    1    1    1    1  3.85586E+12 0.00691 
   30   30    1    1    1    1    1    1    1    1  7.74850E+12 0.00498 
   31   31    1    1    1    1    1    1    1    1  1.74014E+13 0.00424 
   32   32    1    1    1    1    1    1    1    1  2.55004E+13 0.00513 
   33   33    1    1    1    1    1    1    1    1  5.00926E+13 0.00312 
   34   34    1    1    1    1    1    1    1    1  6.27459E+13 0.00210 
   35   35    1    1    1    1    1    1    1    1  7.21084E+13 0.00150 
   36   36    1    1    1    1    1    1    1    1  4.86306E+13 0.00143 
   37   37    1    1    1    1    1    1    1    1  1.44303E+13 0.00165 
   38   38    1    1    1    1    1    1    1    1  7.69823E+13 0.00151 
   39   39    1    1    1    1    1    1    1    1  9.81591E+13 0.00157 
   40   40    1    1    1    1    1    1    1    1  1.66773E+14 0.00124 
   41   41    1    1    1    1    1    1    1    1  1.56618E+14 0.00136 
   42   42    1    1    1    1    1    1    1    1  3.09980E+14 0.00107 
   43   43    1    1    1    1    1    1    1    1  3.52170E+14 0.00098 
   44   44    1    1    1    1    1    1    1    1  4.75596E+14 0.00064 
   45   45    1    1    1    1    1    1    1    1  8.97505E+14 0.00052 
   46   46    1    1    1    1    1    1    1    1  4.41022E+14 0.00065 
   47   47    1    1    1    1    1    1    1    1  6.59641E+14 0.00077 
   48   48    1    1    1    1    1    1    1    1  9.19274E+14 0.00055 
   49   49    1    1    1    1    1    1    1    1  8.56205E+14 0.00061 
   50   50    1    1    1    1    1    1    1    1  1.35090E+15 0.00045 
   51   51    1    1    1    1    1    1    1    1  1.04790E+15 0.00055 
   52   52    1    1    1    1    1    1    1    1  1.24098E+15 0.00073 
   53   53    1    1    1    1    1    1    1    1  8.71291E+14 0.00039 
   54   54    1    1    1    1    1    1    1    1  1.08458E+15 0.00060 
   55   55    1    1    1    1    1    1    1    1  7.55691E+14 0.00044 
   56   56    1    1    1    1    1    1    1    1  1.03349E+14 0.00093 
   57   57    1    1    1    1    1    1    1    1  1.48334E+15 0.00058 
   58   58    1    1    1    1    1    1    1    1  6.74152E+14 0.00062 
   59   59    1    1    1    1    1    1    1    1  7.22979E+14 0.00084 
   60   60    1    1    1    1    1    1    1    1  5.80012E+14 0.00064 
   61   61    1    1    1    1    1    1    1    1  5.78562E+14 0.00087 
   62   62    1    1    1    1    1    1    1    1  5.92950E+14 0.00063 
   63   63    1    1    1    1    1    1    1    1  5.00543E+14 0.00082 
   64   64    1    1    1    1    1    1    1    1  3.97811E+14 0.00064 
   65   65    1    1    1    1    1    1    1    1  3.93806E+14 0.00091 
   66   66    1    1    1    1    1    1    1    1  2.99685E+14 0.00080 
   67   67    1    1    1    1    1    1    1    1  2.44228E+14 0.00089 
   68   68    1    1    1    1    1    1    1    1  2.16314E+14 0.00120 
   69   69    1    1    1    1    1    1    1    1  2.61018E+14 0.00097 
   70   70    1    1    1    1    1    1    1    1  2.23053E+14 0.00115 
   71   71    1    1    1    1    1    1    1    1  4.05178E+14 0.00118 
   72   72    1    1    1    1    1    1    1    1  2.90435E+14 0.00091 
   73   73    1    1    1    1    1    1    1    1  2.22140E+14 0.00103 
   74   74    1    1    1    1    1    1    1    1  1.81115E+14 0.00111 
   75   75    1    1    1    1    1    1    1    1  1.52159E+14 0.00119 
   76   76    1    1    1    1    1    1    1    1  1.77575E+14 0.00127 
   77   77    1    1    1    1    1    1    1    1  1.41397E+14 0.00186 
   78   78    1    1    1    1    1    1    1    1  1.12183E+14 0.00098 
   79   79    1    1    1    1    1    1    1    1  1.16812E+14 0.00183 
   80   80    1    1    1    1    1    1    1    1  8.71965E+13 0.00138 
   81   81    1    1    1    1    1    1    1    1  6.74583E+13 0.00136 
   82   82    1    1    1    1    1    1    1    1  5.17632E+13 0.00278 
   83   83    1    1    1    1    1    1    1    1  4.85824E+13 0.00228 
   84   84    1    1    1    1    1    1    1    1  3.47675E+13 0.00321 
   85   85    1    1    1    1    1    1    1    1  2.50589E+13 0.00227 
   86   86    1    1    1    1    1    1    1    1  2.35220E+13 0.00432 
   87   87    1    1    1    1    1    1    1    1  1.43075E+13 0.00440 
   88   88    1    1    1    1    1    1    1    1  9.64140E+12 0.00528 
   89   89    1    1    1    1    1    1    1    1  5.54322E+12 0.00707 
   90   90    1    1    1    1    1    1    1    1  3.66084E+12 0.00563 
   91   91    1    1    1    1    1    1    1    1  1.83600E+12 0.01214 
   92   92    1    1    1    1    1    1    1    1  8.71921E+11 0.01804 
   93   93    1    1    1    1    1    1    1    1  4.22748E+11 0.02480 
   94   94    1    1    1    1    1    1    1    1  1.98120E+11 0.02863 
   95   95    1    1    1    1    1    1    1    1  9.83638E+10 0.05629 
   96   96    1    1    1    1    1    1    1    1  4.41515E+10 0.08081 
   97   97    1    1    1    1    1    1    1    1  2.05534E+10 0.11827 
   98   98    1    1    1    1    1    1    1    1  1.00090E+10 0.15670 
   99   99    1    1    1    1    1    1    1    1  4.70591E+09 0.25658 
  100  100    1    1    1    1    1    1    1    1  2.79478E+09 0.28876 
];


