
DETdpaspec = [
    1    1    1    1    1    1    1    1    1    1  0.00000E+00 0.00000 
    2    2    1    1    1    1    1    1    1    1  0.00000E+00 0.00000 
    3    3    1    1    1    1    1    1    1    1  0.00000E+00 0.00000 
    4    4    1    1    1    1    1    1    1    1  0.00000E+00 0.00000 
    5    5    1    1    1    1    1    1    1    1  0.00000E+00 0.00000 
    6    6    1    1    1    1    1    1    1    1  0.00000E+00 0.00000 
    7    7    1    1    1    1    1    1    1    1  8.71098E+06 1.00000 
    8    8    1    1    1    1    1    1    1    1  6.64003E+06 1.00000 
    9    9    1    1    1    1    1    1    1    1  0.00000E+00 0.00000 
   10   10    1    1    1    1    1    1    1    1  0.00000E+00 0.00000 
   11   11    1    1    1    1    1    1    1    1  7.09809E+07 0.68843 
   12   12    1    1    1    1    1    1    1    1  1.07742E+08 0.60129 
   13   13    1    1    1    1    1    1    1    1  7.75105E+08 0.48845 
   14   14    1    1    1    1    1    1    1    1  2.16753E+09 0.38903 
   15   15    1    1    1    1    1    1    1    1  7.26467E+08 0.40712 
   16   16    1    1    1    1    1    1    1    1  7.71841E+08 0.55738 
   17   17    1    1    1    1    1    1    1    1  5.31001E+08 0.49873 
   18   18    1    1    1    1    1    1    1    1  1.94028E+09 0.38422 
   19   19    1    1    1    1    1    1    1    1  2.44843E+09 0.24255 
   20   20    1    1    1    1    1    1    1    1  1.05828E+10 0.18586 
   21   21    1    1    1    1    1    1    1    1  8.59673E+09 0.17526 
   22   22    1    1    1    1    1    1    1    1  1.68277E+10 0.12942 
   23   23    1    1    1    1    1    1    1    1  2.81795E+10 0.08441 
   24   24    1    1    1    1    1    1    1    1  6.63921E+10 0.06022 
   25   25    1    1    1    1    1    1    1    1  1.04358E+11 0.04657 
   26   26    1    1    1    1    1    1    1    1  2.22952E+11 0.02729 
   27   27    1    1    1    1    1    1    1    1  4.98544E+11 0.01736 
   28   28    1    1    1    1    1    1    1    1  1.21733E+12 0.01075 
   29   29    1    1    1    1    1    1    1    1  1.95576E+12 0.01046 
   30   30    1    1    1    1    1    1    1    1  4.55274E+12 0.00691 
   31   31    1    1    1    1    1    1    1    1  1.13256E+13 0.00418 
   32   32    1    1    1    1    1    1    1    1  1.77900E+13 0.00282 
   33   33    1    1    1    1    1    1    1    1  3.74080E+13 0.00383 
   34   34    1    1    1    1    1    1    1    1  4.80009E+13 0.00265 
   35   35    1    1    1    1    1    1    1    1  5.94618E+13 0.00210 
   36   36    1    1    1    1    1    1    1    1  4.17815E+13 0.00230 
   37   37    1    1    1    1    1    1    1    1  1.26218E+13 0.00217 
   38   38    1    1    1    1    1    1    1    1  6.71625E+13 0.00188 
   39   39    1    1    1    1    1    1    1    1  8.60696E+13 0.00170 
   40   40    1    1    1    1    1    1    1    1  1.46919E+14 0.00197 
   41   41    1    1    1    1    1    1    1    1  1.40650E+14 0.00156 
   42   42    1    1    1    1    1    1    1    1  2.79173E+14 0.00085 
   43   43    1    1    1    1    1    1    1    1  3.20935E+14 0.00101 
   44   44    1    1    1    1    1    1    1    1  4.35927E+14 0.00104 
   45   45    1    1    1    1    1    1    1    1  8.31591E+14 0.00072 
   46   46    1    1    1    1    1    1    1    1  4.14721E+14 0.00069 
   47   47    1    1    1    1    1    1    1    1  6.25791E+14 0.00072 
   48   48    1    1    1    1    1    1    1    1  8.78885E+14 0.00077 
   49   49    1    1    1    1    1    1    1    1  8.25806E+14 0.00059 
   50   50    1    1    1    1    1    1    1    1  1.30607E+15 0.00051 
   51   51    1    1    1    1    1    1    1    1  1.02676E+15 0.00054 
   52   52    1    1    1    1    1    1    1    1  1.21540E+15 0.00044 
   53   53    1    1    1    1    1    1    1    1  8.59156E+14 0.00074 
   54   54    1    1    1    1    1    1    1    1  1.06702E+15 0.00061 
   55   55    1    1    1    1    1    1    1    1  7.48111E+14 0.00063 
   56   56    1    1    1    1    1    1    1    1  1.02359E+14 0.00111 
   57   57    1    1    1    1    1    1    1    1  1.47315E+15 0.00059 
   58   58    1    1    1    1    1    1    1    1  6.66687E+14 0.00091 
   59   59    1    1    1    1    1    1    1    1  7.17429E+14 0.00072 
   60   60    1    1    1    1    1    1    1    1  5.73570E+14 0.00075 
   61   61    1    1    1    1    1    1    1    1  5.73882E+14 0.00073 
   62   62    1    1    1    1    1    1    1    1  5.88719E+14 0.00077 
   63   63    1    1    1    1    1    1    1    1  4.97905E+14 0.00093 
   64   64    1    1    1    1    1    1    1    1  3.95987E+14 0.00088 
   65   65    1    1    1    1    1    1    1    1  3.92775E+14 0.00072 
   66   66    1    1    1    1    1    1    1    1  2.99762E+14 0.00096 
   67   67    1    1    1    1    1    1    1    1  2.44729E+14 0.00104 
   68   68    1    1    1    1    1    1    1    1  2.17704E+14 0.00105 
   69   69    1    1    1    1    1    1    1    1  2.63014E+14 0.00114 
   70   70    1    1    1    1    1    1    1    1  2.25095E+14 0.00116 
   71   71    1    1    1    1    1    1    1    1  4.12048E+14 0.00086 
   72   72    1    1    1    1    1    1    1    1  2.96257E+14 0.00111 
   73   73    1    1    1    1    1    1    1    1  2.26374E+14 0.00104 
   74   74    1    1    1    1    1    1    1    1  1.85024E+14 0.00150 
   75   75    1    1    1    1    1    1    1    1  1.54120E+14 0.00138 
   76   76    1    1    1    1    1    1    1    1  1.79755E+14 0.00145 
   77   77    1    1    1    1    1    1    1    1  1.42465E+14 0.00127 
   78   78    1    1    1    1    1    1    1    1  1.12674E+14 0.00165 
   79   79    1    1    1    1    1    1    1    1  1.16885E+14 0.00122 
   80   80    1    1    1    1    1    1    1    1  8.72809E+13 0.00154 
   81   81    1    1    1    1    1    1    1    1  6.75984E+13 0.00192 
   82   82    1    1    1    1    1    1    1    1  5.19356E+13 0.00224 
   83   83    1    1    1    1    1    1    1    1  4.85809E+13 0.00190 
   84   84    1    1    1    1    1    1    1    1  3.48020E+13 0.00228 
   85   85    1    1    1    1    1    1    1    1  2.53482E+13 0.00410 
   86   86    1    1    1    1    1    1    1    1  2.35397E+13 0.00300 
   87   87    1    1    1    1    1    1    1    1  1.44108E+13 0.00343 
   88   88    1    1    1    1    1    1    1    1  9.75657E+12 0.00366 
   89   89    1    1    1    1    1    1    1    1  5.58272E+12 0.00596 
   90   90    1    1    1    1    1    1    1    1  3.67054E+12 0.00835 
   91   91    1    1    1    1    1    1    1    1  1.87854E+12 0.01574 
   92   92    1    1    1    1    1    1    1    1  9.25069E+11 0.01899 
   93   93    1    1    1    1    1    1    1    1  4.36705E+11 0.02199 
   94   94    1    1    1    1    1    1    1    1  2.20983E+11 0.02879 
   95   95    1    1    1    1    1    1    1    1  9.99962E+10 0.04962 
   96   96    1    1    1    1    1    1    1    1  4.74336E+10 0.06396 
   97   97    1    1    1    1    1    1    1    1  2.11619E+10 0.09952 
   98   98    1    1    1    1    1    1    1    1  1.41501E+10 0.13505 
   99   99    1    1    1    1    1    1    1    1  4.01219E+09 0.19634 
  100  100    1    1    1    1    1    1    1    1  4.70101E+09 0.21872 
];


