
DETdpaspec = [
    1    1    1    1    1    1    1    1    1    1  0.00000E+00 0.00000 
    2    2    1    1    1    1    1    1    1    1  0.00000E+00 0.00000 
    3    3    1    1    1    1    1    1    1    1  0.00000E+00 0.00000 
    4    4    1    1    1    1    1    1    1    1  0.00000E+00 0.00000 
    5    5    1    1    1    1    1    1    1    1  0.00000E+00 0.00000 
    6    6    1    1    1    1    1    1    1    1  1.21503E+07 0.68830 
    7    7    1    1    1    1    1    1    1    1  0.00000E+00 0.00000 
    8    8    1    1    1    1    1    1    1    1  0.00000E+00 0.00000 
    9    9    1    1    1    1    1    1    1    1  0.00000E+00 0.00000 
   10   10    1    1    1    1    1    1    1    1  0.00000E+00 0.00000 
   11   11    1    1    1    1    1    1    1    1  6.35108E+07 1.00000 
   12   12    1    1    1    1    1    1    1    1  0.00000E+00 0.00000 
   13   13    1    1    1    1    1    1    1    1  7.39670E+08 0.40049 
   14   14    1    1    1    1    1    1    1    1  8.02481E+08 0.61095 
   15   15    1    1    1    1    1    1    1    1  1.30790E+09 0.37096 
   16   16    1    1    1    1    1    1    1    1  5.27524E+08 0.54111 
   17   17    1    1    1    1    1    1    1    1  1.14819E+09 0.23335 
   18   18    1    1    1    1    1    1    1    1  3.08134E+09 0.24618 
   19   19    1    1    1    1    1    1    1    1  3.35089E+09 0.15087 
   20   20    1    1    1    1    1    1    1    1  7.93819E+09 0.21984 
   21   21    1    1    1    1    1    1    1    1  8.40144E+09 0.13083 
   22   22    1    1    1    1    1    1    1    1  1.71814E+10 0.09908 
   23   23    1    1    1    1    1    1    1    1  2.88424E+10 0.09367 
   24   24    1    1    1    1    1    1    1    1  6.54301E+10 0.05624 
   25   25    1    1    1    1    1    1    1    1  1.00788E+11 0.04423 
   26   26    1    1    1    1    1    1    1    1  1.92267E+11 0.03247 
   27   27    1    1    1    1    1    1    1    1  3.92770E+11 0.03059 
   28   28    1    1    1    1    1    1    1    1  9.67844E+11 0.01833 
   29   29    1    1    1    1    1    1    1    1  1.56349E+12 0.01393 
   30   30    1    1    1    1    1    1    1    1  3.78805E+12 0.00819 
   31   31    1    1    1    1    1    1    1    1  9.69939E+12 0.00596 
   32   32    1    1    1    1    1    1    1    1  1.56372E+13 0.00447 
   33   33    1    1    1    1    1    1    1    1  3.31908E+13 0.00267 
   34   34    1    1    1    1    1    1    1    1  4.29748E+13 0.00256 
   35   35    1    1    1    1    1    1    1    1  5.55254E+13 0.00207 
   36   36    1    1    1    1    1    1    1    1  3.95680E+13 0.00212 
   37   37    1    1    1    1    1    1    1    1  1.20454E+13 0.00209 
   38   38    1    1    1    1    1    1    1    1  6.36631E+13 0.00201 
   39   39    1    1    1    1    1    1    1    1  8.19348E+13 0.00134 
   40   40    1    1    1    1    1    1    1    1  1.40040E+14 0.00135 
   41   41    1    1    1    1    1    1    1    1  1.35330E+14 0.00123 
   42   42    1    1    1    1    1    1    1    1  2.68282E+14 0.00122 
   43   43    1    1    1    1    1    1    1    1  3.09511E+14 0.00101 
   44   44    1    1    1    1    1    1    1    1  4.22615E+14 0.00091 
   45   45    1    1    1    1    1    1    1    1  8.07037E+14 0.00100 
   46   46    1    1    1    1    1    1    1    1  4.04132E+14 0.00105 
   47   47    1    1    1    1    1    1    1    1  6.12240E+14 0.00082 
   48   48    1    1    1    1    1    1    1    1  8.61468E+14 0.00062 
   49   49    1    1    1    1    1    1    1    1  8.13595E+14 0.00060 
   50   50    1    1    1    1    1    1    1    1  1.28403E+15 0.00064 
   51   51    1    1    1    1    1    1    1    1  1.01704E+15 0.00061 
   52   52    1    1    1    1    1    1    1    1  1.19993E+15 0.00070 
   53   53    1    1    1    1    1    1    1    1  8.49303E+14 0.00064 
   54   54    1    1    1    1    1    1    1    1  1.05114E+15 0.00063 
   55   55    1    1    1    1    1    1    1    1  7.38077E+14 0.00062 
   56   56    1    1    1    1    1    1    1    1  1.01224E+14 0.00129 
   57   57    1    1    1    1    1    1    1    1  1.45623E+15 0.00052 
   58   58    1    1    1    1    1    1    1    1  6.56515E+14 0.00082 
   59   59    1    1    1    1    1    1    1    1  7.07772E+14 0.00087 
   60   60    1    1    1    1    1    1    1    1  5.63812E+14 0.00093 
   61   61    1    1    1    1    1    1    1    1  5.65411E+14 0.00089 
   62   62    1    1    1    1    1    1    1    1  5.80300E+14 0.00081 
   63   63    1    1    1    1    1    1    1    1  4.90005E+14 0.00076 
   64   64    1    1    1    1    1    1    1    1  3.89493E+14 0.00090 
   65   65    1    1    1    1    1    1    1    1  3.86616E+14 0.00091 
   66   66    1    1    1    1    1    1    1    1  2.94896E+14 0.00081 
   67   67    1    1    1    1    1    1    1    1  2.40867E+14 0.00075 
   68   68    1    1    1    1    1    1    1    1  2.14330E+14 0.00104 
   69   69    1    1    1    1    1    1    1    1  2.59450E+14 0.00126 
   70   70    1    1    1    1    1    1    1    1  2.21990E+14 0.00126 
   71   71    1    1    1    1    1    1    1    1  4.09093E+14 0.00111 
   72   72    1    1    1    1    1    1    1    1  2.94941E+14 0.00112 
   73   73    1    1    1    1    1    1    1    1  2.25562E+14 0.00127 
   74   74    1    1    1    1    1    1    1    1  1.83237E+14 0.00102 
   75   75    1    1    1    1    1    1    1    1  1.52360E+14 0.00098 
   76   76    1    1    1    1    1    1    1    1  1.76611E+14 0.00146 
   77   77    1    1    1    1    1    1    1    1  1.40431E+14 0.00156 
   78   78    1    1    1    1    1    1    1    1  1.10479E+14 0.00153 
   79   79    1    1    1    1    1    1    1    1  1.14489E+14 0.00152 
   80   80    1    1    1    1    1    1    1    1  8.51767E+13 0.00156 
   81   81    1    1    1    1    1    1    1    1  6.57448E+13 0.00246 
   82   82    1    1    1    1    1    1    1    1  5.05980E+13 0.00226 
   83   83    1    1    1    1    1    1    1    1  4.71882E+13 0.00208 
   84   84    1    1    1    1    1    1    1    1  3.39245E+13 0.00290 
   85   85    1    1    1    1    1    1    1    1  2.46854E+13 0.00385 
   86   86    1    1    1    1    1    1    1    1  2.30050E+13 0.00184 
   87   87    1    1    1    1    1    1    1    1  1.41576E+13 0.00356 
   88   88    1    1    1    1    1    1    1    1  9.51776E+12 0.00717 
   89   89    1    1    1    1    1    1    1    1  5.54798E+12 0.00789 
   90   90    1    1    1    1    1    1    1    1  3.60678E+12 0.00776 
   91   91    1    1    1    1    1    1    1    1  1.79341E+12 0.00940 
   92   92    1    1    1    1    1    1    1    1  8.89972E+11 0.01568 
   93   93    1    1    1    1    1    1    1    1  4.16697E+11 0.02568 
   94   94    1    1    1    1    1    1    1    1  2.05811E+11 0.03712 
   95   95    1    1    1    1    1    1    1    1  9.93919E+10 0.04539 
   96   96    1    1    1    1    1    1    1    1  4.60077E+10 0.06765 
   97   97    1    1    1    1    1    1    1    1  2.73266E+10 0.10783 
   98   98    1    1    1    1    1    1    1    1  8.83995E+09 0.18819 
   99   99    1    1    1    1    1    1    1    1  4.33799E+09 0.23547 
  100  100    1    1    1    1    1    1    1    1  6.03328E+09 0.21518 
];


