
DETdpaspec = [
    1    1    1    1    1    1    1    1    1    1  0.00000E+00 0.00000 
    2    2    1    1    1    1    1    1    1    1  0.00000E+00 0.00000 
    3    3    1    1    1    1    1    1    1    1  0.00000E+00 0.00000 
    4    4    1    1    1    1    1    1    1    1  0.00000E+00 0.00000 
    5    5    1    1    1    1    1    1    1    1  0.00000E+00 0.00000 
    6    6    1    1    1    1    1    1    1    1  0.00000E+00 0.00000 
    7    7    1    1    1    1    1    1    1    1  0.00000E+00 0.00000 
    8    8    1    1    1    1    1    1    1    1  1.34676E+07 1.00000 
    9    9    1    1    1    1    1    1    1    1  0.00000E+00 0.00000 
   10   10    1    1    1    1    1    1    1    1  0.00000E+00 0.00000 
   11   11    1    1    1    1    1    1    1    1  8.31565E+07 1.00000 
   12   12    1    1    1    1    1    1    1    1  3.19698E+07 1.00000 
   13   13    1    1    1    1    1    1    1    1  1.86907E+09 0.38840 
   14   14    1    1    1    1    1    1    1    1  7.77529E+08 0.59183 
   15   15    1    1    1    1    1    1    1    1  2.08113E+09 0.41000 
   16   16    1    1    1    1    1    1    1    1  1.99391E+08 0.60502 
   17   17    1    1    1    1    1    1    1    1  7.40407E+08 0.44573 
   18   18    1    1    1    1    1    1    1    1  1.97376E+09 0.36872 
   19   19    1    1    1    1    1    1    1    1  2.87633E+09 0.24240 
   20   20    1    1    1    1    1    1    1    1  8.01103E+09 0.21180 
   21   21    1    1    1    1    1    1    1    1  9.13791E+09 0.14808 
   22   22    1    1    1    1    1    1    1    1  1.80147E+10 0.10981 
   23   23    1    1    1    1    1    1    1    1  4.86882E+10 0.07158 
   24   24    1    1    1    1    1    1    1    1  1.40001E+11 0.04398 
   25   25    1    1    1    1    1    1    1    1  2.50174E+11 0.03338 
   26   26    1    1    1    1    1    1    1    1  5.35655E+11 0.01807 
   27   27    1    1    1    1    1    1    1    1  1.14289E+12 0.01528 
   28   28    1    1    1    1    1    1    1    1  2.53384E+12 0.00916 
   29   29    1    1    1    1    1    1    1    1  3.98817E+12 0.00850 
   30   30    1    1    1    1    1    1    1    1  8.05636E+12 0.00501 
   31   31    1    1    1    1    1    1    1    1  1.80179E+13 0.00366 
   32   32    1    1    1    1    1    1    1    1  2.62751E+13 0.00362 
   33   33    1    1    1    1    1    1    1    1  5.15590E+13 0.00213 
   34   34    1    1    1    1    1    1    1    1  6.38904E+13 0.00204 
   35   35    1    1    1    1    1    1    1    1  7.32205E+13 0.00155 
   36   36    1    1    1    1    1    1    1    1  4.92812E+13 0.00193 
   37   37    1    1    1    1    1    1    1    1  1.45861E+13 0.00165 
   38   38    1    1    1    1    1    1    1    1  7.80342E+13 0.00194 
   39   39    1    1    1    1    1    1    1    1  9.92319E+13 0.00172 
   40   40    1    1    1    1    1    1    1    1  1.68171E+14 0.00120 
   41   41    1    1    1    1    1    1    1    1  1.57446E+14 0.00133 
   42   42    1    1    1    1    1    1    1    1  3.12074E+14 0.00118 
   43   43    1    1    1    1    1    1    1    1  3.54037E+14 0.00080 
   44   44    1    1    1    1    1    1    1    1  4.77817E+14 0.00069 
   45   45    1    1    1    1    1    1    1    1  9.03088E+14 0.00065 
   46   46    1    1    1    1    1    1    1    1  4.42204E+14 0.00065 
   47   47    1    1    1    1    1    1    1    1  6.61383E+14 0.00072 
   48   48    1    1    1    1    1    1    1    1  9.21111E+14 0.00067 
   49   49    1    1    1    1    1    1    1    1  8.56988E+14 0.00060 
   50   50    1    1    1    1    1    1    1    1  1.35187E+15 0.00064 
   51   51    1    1    1    1    1    1    1    1  1.04809E+15 0.00068 
   52   52    1    1    1    1    1    1    1    1  1.24264E+15 0.00061 
   53   53    1    1    1    1    1    1    1    1  8.70749E+14 0.00054 
   54   54    1    1    1    1    1    1    1    1  1.08494E+15 0.00051 
   55   55    1    1    1    1    1    1    1    1  7.56616E+14 0.00047 
   56   56    1    1    1    1    1    1    1    1  1.03013E+14 0.00106 
   57   57    1    1    1    1    1    1    1    1  1.48367E+15 0.00048 
   58   58    1    1    1    1    1    1    1    1  6.74570E+14 0.00078 
   59   59    1    1    1    1    1    1    1    1  7.21884E+14 0.00070 
   60   60    1    1    1    1    1    1    1    1  5.79868E+14 0.00059 
   61   61    1    1    1    1    1    1    1    1  5.77768E+14 0.00076 
   62   62    1    1    1    1    1    1    1    1  5.92371E+14 0.00066 
   63   63    1    1    1    1    1    1    1    1  5.00137E+14 0.00086 
   64   64    1    1    1    1    1    1    1    1  3.96861E+14 0.00074 
   65   65    1    1    1    1    1    1    1    1  3.92708E+14 0.00088 
   66   66    1    1    1    1    1    1    1    1  2.99231E+14 0.00099 
   67   67    1    1    1    1    1    1    1    1  2.44137E+14 0.00111 
   68   68    1    1    1    1    1    1    1    1  2.16547E+14 0.00123 
   69   69    1    1    1    1    1    1    1    1  2.61119E+14 0.00120 
   70   70    1    1    1    1    1    1    1    1  2.22815E+14 0.00099 
   71   71    1    1    1    1    1    1    1    1  4.04132E+14 0.00087 
   72   72    1    1    1    1    1    1    1    1  2.89034E+14 0.00098 
   73   73    1    1    1    1    1    1    1    1  2.21071E+14 0.00109 
   74   74    1    1    1    1    1    1    1    1  1.80945E+14 0.00165 
   75   75    1    1    1    1    1    1    1    1  1.51208E+14 0.00118 
   76   76    1    1    1    1    1    1    1    1  1.77382E+14 0.00104 
   77   77    1    1    1    1    1    1    1    1  1.41490E+14 0.00120 
   78   78    1    1    1    1    1    1    1    1  1.12165E+14 0.00148 
   79   79    1    1    1    1    1    1    1    1  1.16323E+14 0.00124 
   80   80    1    1    1    1    1    1    1    1  8.68379E+13 0.00122 
   81   81    1    1    1    1    1    1    1    1  6.73976E+13 0.00166 
   82   82    1    1    1    1    1    1    1    1  5.18422E+13 0.00257 
   83   83    1    1    1    1    1    1    1    1  4.84304E+13 0.00255 
   84   84    1    1    1    1    1    1    1    1  3.48089E+13 0.00309 
   85   85    1    1    1    1    1    1    1    1  2.51960E+13 0.00325 
   86   86    1    1    1    1    1    1    1    1  2.34744E+13 0.00239 
   87   87    1    1    1    1    1    1    1    1  1.43221E+13 0.00531 
   88   88    1    1    1    1    1    1    1    1  9.53974E+12 0.00642 
   89   89    1    1    1    1    1    1    1    1  5.51600E+12 0.00859 
   90   90    1    1    1    1    1    1    1    1  3.56770E+12 0.00794 
   91   91    1    1    1    1    1    1    1    1  1.80040E+12 0.01374 
   92   92    1    1    1    1    1    1    1    1  8.41284E+11 0.01839 
   93   93    1    1    1    1    1    1    1    1  4.13576E+11 0.02253 
   94   94    1    1    1    1    1    1    1    1  2.06902E+11 0.02855 
   95   95    1    1    1    1    1    1    1    1  9.68930E+10 0.04979 
   96   96    1    1    1    1    1    1    1    1  4.17955E+10 0.09683 
   97   97    1    1    1    1    1    1    1    1  2.42380E+10 0.10103 
   98   98    1    1    1    1    1    1    1    1  1.44864E+10 0.13323 
   99   99    1    1    1    1    1    1    1    1  4.83331E+09 0.19935 
  100  100    1    1    1    1    1    1    1    1  7.48508E+09 0.20680 
];


