
DETdpaspec = [
    1    1    1    1    1    1    1    1    1    1  0.00000E+00 0.00000 
    2    2    1    1    1    1    1    1    1    1  0.00000E+00 0.00000 
    3    3    1    1    1    1    1    1    1    1  0.00000E+00 0.00000 
    4    4    1    1    1    1    1    1    1    1  0.00000E+00 0.00000 
    5    5    1    1    1    1    1    1    1    1  0.00000E+00 0.00000 
    6    6    1    1    1    1    1    1    1    1  0.00000E+00 0.00000 
    7    7    1    1    1    1    1    1    1    1  1.63534E+07 1.00000 
    8    8    1    1    1    1    1    1    1    1  0.00000E+00 0.00000 
    9    9    1    1    1    1    1    1    1    1  0.00000E+00 0.00000 
   10   10    1    1    1    1    1    1    1    1  0.00000E+00 0.00000 
   11   11    1    1    1    1    1    1    1    1  1.62342E+08 0.77115 
   12   12    1    1    1    1    1    1    1    1  1.28983E+08 1.00000 
   13   13    1    1    1    1    1    1    1    1  7.67099E+08 0.49859 
   14   14    1    1    1    1    1    1    1    1  1.18619E+09 0.46946 
   15   15    1    1    1    1    1    1    1    1  2.59605E+09 0.38979 
   16   16    1    1    1    1    1    1    1    1  5.45062E+08 0.49673 
   17   17    1    1    1    1    1    1    1    1  7.74574E+08 0.44206 
   18   18    1    1    1    1    1    1    1    1  1.61859E+09 0.32642 
   19   19    1    1    1    1    1    1    1    1  1.94911E+09 0.30352 
   20   20    1    1    1    1    1    1    1    1  6.01754E+09 0.13959 
   21   21    1    1    1    1    1    1    1    1  8.83633E+09 0.17391 
   22   22    1    1    1    1    1    1    1    1  2.78066E+10 0.08786 
   23   23    1    1    1    1    1    1    1    1  7.98230E+10 0.05146 
   24   24    1    1    1    1    1    1    1    1  2.26195E+11 0.03781 
   25   25    1    1    1    1    1    1    1    1  3.98733E+11 0.02499 
   26   26    1    1    1    1    1    1    1    1  8.44326E+11 0.01640 
   27   27    1    1    1    1    1    1    1    1  1.64744E+12 0.01237 
   28   28    1    1    1    1    1    1    1    1  3.41842E+12 0.00879 
   29   29    1    1    1    1    1    1    1    1  5.23957E+12 0.00780 
   30   30    1    1    1    1    1    1    1    1  1.00294E+13 0.00514 
   31   31    1    1    1    1    1    1    1    1  2.11491E+13 0.00411 
   32   32    1    1    1    1    1    1    1    1  3.00119E+13 0.00342 
   33   33    1    1    1    1    1    1    1    1  5.74421E+13 0.00282 
   34   34    1    1    1    1    1    1    1    1  7.06082E+13 0.00175 
   35   35    1    1    1    1    1    1    1    1  7.90514E+13 0.00152 
   36   36    1    1    1    1    1    1    1    1  5.24993E+13 0.00174 
   37   37    1    1    1    1    1    1    1    1  1.54634E+13 0.00207 
   38   38    1    1    1    1    1    1    1    1  8.25190E+13 0.00124 
   39   39    1    1    1    1    1    1    1    1  1.04484E+14 0.00127 
   40   40    1    1    1    1    1    1    1    1  1.76900E+14 0.00115 
   41   41    1    1    1    1    1    1    1    1  1.64964E+14 0.00088 
   42   42    1    1    1    1    1    1    1    1  3.25520E+14 0.00088 
   43   43    1    1    1    1    1    1    1    1  3.68381E+14 0.00089 
   44   44    1    1    1    1    1    1    1    1  4.94987E+14 0.00106 
   45   45    1    1    1    1    1    1    1    1  9.27942E+14 0.00075 
   46   46    1    1    1    1    1    1    1    1  4.52618E+14 0.00091 
   47   47    1    1    1    1    1    1    1    1  6.74277E+14 0.00085 
   48   48    1    1    1    1    1    1    1    1  9.36095E+14 0.00071 
   49   49    1    1    1    1    1    1    1    1  8.68468E+14 0.00067 
   50   50    1    1    1    1    1    1    1    1  1.36637E+15 0.00058 
   51   51    1    1    1    1    1    1    1    1  1.05406E+15 0.00047 
   52   52    1    1    1    1    1    1    1    1  1.24847E+15 0.00066 
   53   53    1    1    1    1    1    1    1    1  8.73007E+14 0.00068 
   54   54    1    1    1    1    1    1    1    1  1.08609E+15 0.00060 
   55   55    1    1    1    1    1    1    1    1  7.56374E+14 0.00062 
   56   56    1    1    1    1    1    1    1    1  1.03004E+14 0.00117 
   57   57    1    1    1    1    1    1    1    1  1.48042E+15 0.00051 
   58   58    1    1    1    1    1    1    1    1  6.73901E+14 0.00092 
   59   59    1    1    1    1    1    1    1    1  7.19096E+14 0.00074 
   60   60    1    1    1    1    1    1    1    1  5.77976E+14 0.00078 
   61   61    1    1    1    1    1    1    1    1  5.75901E+14 0.00086 
   62   62    1    1    1    1    1    1    1    1  5.89507E+14 0.00078 
   63   63    1    1    1    1    1    1    1    1  4.96833E+14 0.00096 
   64   64    1    1    1    1    1    1    1    1  3.95160E+14 0.00081 
   65   65    1    1    1    1    1    1    1    1  3.90223E+14 0.00088 
   66   66    1    1    1    1    1    1    1    1  2.97079E+14 0.00085 
   67   67    1    1    1    1    1    1    1    1  2.41097E+14 0.00111 
   68   68    1    1    1    1    1    1    1    1  2.13736E+14 0.00077 
   69   69    1    1    1    1    1    1    1    1  2.57681E+14 0.00111 
   70   70    1    1    1    1    1    1    1    1  2.19760E+14 0.00082 
   71   71    1    1    1    1    1    1    1    1  3.98038E+14 0.00110 
   72   72    1    1    1    1    1    1    1    1  2.85161E+14 0.00116 
   73   73    1    1    1    1    1    1    1    1  2.17762E+14 0.00118 
   74   74    1    1    1    1    1    1    1    1  1.77943E+14 0.00151 
   75   75    1    1    1    1    1    1    1    1  1.49042E+14 0.00141 
   76   76    1    1    1    1    1    1    1    1  1.74668E+14 0.00140 
   77   77    1    1    1    1    1    1    1    1  1.38998E+14 0.00137 
   78   78    1    1    1    1    1    1    1    1  1.10257E+14 0.00130 
   79   79    1    1    1    1    1    1    1    1  1.15140E+14 0.00102 
   80   80    1    1    1    1    1    1    1    1  8.56562E+13 0.00140 
   81   81    1    1    1    1    1    1    1    1  6.60595E+13 0.00150 
   82   82    1    1    1    1    1    1    1    1  5.09167E+13 0.00161 
   83   83    1    1    1    1    1    1    1    1  4.78267E+13 0.00269 
   84   84    1    1    1    1    1    1    1    1  3.42518E+13 0.00271 
   85   85    1    1    1    1    1    1    1    1  2.46517E+13 0.00243 
   86   86    1    1    1    1    1    1    1    1  2.30124E+13 0.00410 
   87   87    1    1    1    1    1    1    1    1  1.40431E+13 0.00426 
   88   88    1    1    1    1    1    1    1    1  9.39028E+12 0.00491 
   89   89    1    1    1    1    1    1    1    1  5.40362E+12 0.00563 
   90   90    1    1    1    1    1    1    1    1  3.52179E+12 0.00652 
   91   91    1    1    1    1    1    1    1    1  1.75548E+12 0.01366 
   92   92    1    1    1    1    1    1    1    1  8.46236E+11 0.01640 
   93   93    1    1    1    1    1    1    1    1  3.96371E+11 0.02181 
   94   94    1    1    1    1    1    1    1    1  1.88111E+11 0.02755 
   95   95    1    1    1    1    1    1    1    1  9.02739E+10 0.04987 
   96   96    1    1    1    1    1    1    1    1  4.13035E+10 0.08439 
   97   97    1    1    1    1    1    1    1    1  2.10011E+10 0.12331 
   98   98    1    1    1    1    1    1    1    1  8.63618E+09 0.17370 
   99   99    1    1    1    1    1    1    1    1  5.96519E+09 0.25644 
  100  100    1    1    1    1    1    1    1    1  6.38216E+09 0.19607 
];


