
DETdpaspec = [
    1    1    1    1    1    1    1    1    1    1  0.00000E+00 0.00000 
    2    2    1    1    1    1    1    1    1    1  0.00000E+00 0.00000 
    3    3    1    1    1    1    1    1    1    1  0.00000E+00 0.00000 
    4    4    1    1    1    1    1    1    1    1  0.00000E+00 0.00000 
    5    5    1    1    1    1    1    1    1    1  0.00000E+00 0.00000 
    6    6    1    1    1    1    1    1    1    1  0.00000E+00 0.00000 
    7    7    1    1    1    1    1    1    1    1  0.00000E+00 0.00000 
    8    8    1    1    1    1    1    1    1    1  0.00000E+00 0.00000 
    9    9    1    1    1    1    1    1    1    1  9.96025E+06 1.00000 
   10   10    1    1    1    1    1    1    1    1  2.98536E+07 1.00000 
   11   11    1    1    1    1    1    1    1    1  0.00000E+00 0.00000 
   12   12    1    1    1    1    1    1    1    1  2.30709E+07 0.84902 
   13   13    1    1    1    1    1    1    1    1  1.59283E+08 0.73159 
   14   14    1    1    1    1    1    1    1    1  1.96258E+09 0.38727 
   15   15    1    1    1    1    1    1    1    1  2.58716E+09 0.37504 
   16   16    1    1    1    1    1    1    1    1  4.53870E+08 0.40772 
   17   17    1    1    1    1    1    1    1    1  9.23779E+08 0.36865 
   18   18    1    1    1    1    1    1    1    1  1.88567E+09 0.31942 
   19   19    1    1    1    1    1    1    1    1  2.16736E+09 0.28366 
   20   20    1    1    1    1    1    1    1    1  9.62881E+09 0.18946 
   21   21    1    1    1    1    1    1    1    1  7.84757E+09 0.13667 
   22   22    1    1    1    1    1    1    1    1  1.39974E+10 0.11468 
   23   23    1    1    1    1    1    1    1    1  3.18613E+10 0.07781 
   24   24    1    1    1    1    1    1    1    1  6.39128E+10 0.04288 
   25   25    1    1    1    1    1    1    1    1  1.13191E+11 0.05116 
   26   26    1    1    1    1    1    1    1    1  2.30294E+11 0.01873 
   27   27    1    1    1    1    1    1    1    1  5.12829E+11 0.02401 
   28   28    1    1    1    1    1    1    1    1  1.23721E+12 0.01960 
   29   29    1    1    1    1    1    1    1    1  2.04213E+12 0.01141 
   30   30    1    1    1    1    1    1    1    1  4.62836E+12 0.00625 
   31   31    1    1    1    1    1    1    1    1  1.15918E+13 0.00646 
   32   32    1    1    1    1    1    1    1    1  1.80847E+13 0.00464 
   33   33    1    1    1    1    1    1    1    1  3.74852E+13 0.00363 
   34   34    1    1    1    1    1    1    1    1  4.79844E+13 0.00253 
   35   35    1    1    1    1    1    1    1    1  5.96131E+13 0.00261 
   36   36    1    1    1    1    1    1    1    1  4.17579E+13 0.00177 
   37   37    1    1    1    1    1    1    1    1  1.26196E+13 0.00231 
   38   38    1    1    1    1    1    1    1    1  6.71190E+13 0.00153 
   39   39    1    1    1    1    1    1    1    1  8.62029E+13 0.00173 
   40   40    1    1    1    1    1    1    1    1  1.47277E+14 0.00141 
   41   41    1    1    1    1    1    1    1    1  1.41170E+14 0.00167 
   42   42    1    1    1    1    1    1    1    1  2.79434E+14 0.00162 
   43   43    1    1    1    1    1    1    1    1  3.21145E+14 0.00114 
   44   44    1    1    1    1    1    1    1    1  4.37926E+14 0.00086 
   45   45    1    1    1    1    1    1    1    1  8.34409E+14 0.00078 
   46   46    1    1    1    1    1    1    1    1  4.15317E+14 0.00080 
   47   47    1    1    1    1    1    1    1    1  6.26161E+14 0.00066 
   48   48    1    1    1    1    1    1    1    1  8.79534E+14 0.00061 
   49   49    1    1    1    1    1    1    1    1  8.26975E+14 0.00075 
   50   50    1    1    1    1    1    1    1    1  1.30915E+15 0.00049 
   51   51    1    1    1    1    1    1    1    1  1.02794E+15 0.00050 
   52   52    1    1    1    1    1    1    1    1  1.21702E+15 0.00043 
   53   53    1    1    1    1    1    1    1    1  8.59641E+14 0.00053 
   54   54    1    1    1    1    1    1    1    1  1.06779E+15 0.00052 
   55   55    1    1    1    1    1    1    1    1  7.47795E+14 0.00075 
   56   56    1    1    1    1    1    1    1    1  1.02374E+14 0.00081 
   57   57    1    1    1    1    1    1    1    1  1.47322E+15 0.00049 
   58   58    1    1    1    1    1    1    1    1  6.68038E+14 0.00058 
   59   59    1    1    1    1    1    1    1    1  7.18364E+14 0.00063 
   60   60    1    1    1    1    1    1    1    1  5.74085E+14 0.00064 
   61   61    1    1    1    1    1    1    1    1  5.74120E+14 0.00065 
   62   62    1    1    1    1    1    1    1    1  5.90627E+14 0.00051 
   63   63    1    1    1    1    1    1    1    1  4.98592E+14 0.00105 
   64   64    1    1    1    1    1    1    1    1  3.96349E+14 0.00093 
   65   65    1    1    1    1    1    1    1    1  3.93184E+14 0.00098 
   66   66    1    1    1    1    1    1    1    1  3.00143E+14 0.00099 
   67   67    1    1    1    1    1    1    1    1  2.45010E+14 0.00086 
   68   68    1    1    1    1    1    1    1    1  2.17507E+14 0.00113 
   69   69    1    1    1    1    1    1    1    1  2.62723E+14 0.00111 
   70   70    1    1    1    1    1    1    1    1  2.25149E+14 0.00120 
   71   71    1    1    1    1    1    1    1    1  4.12672E+14 0.00112 
   72   72    1    1    1    1    1    1    1    1  2.96520E+14 0.00074 
   73   73    1    1    1    1    1    1    1    1  2.26890E+14 0.00105 
   74   74    1    1    1    1    1    1    1    1  1.84664E+14 0.00150 
   75   75    1    1    1    1    1    1    1    1  1.54127E+14 0.00142 
   76   76    1    1    1    1    1    1    1    1  1.80063E+14 0.00118 
   77   77    1    1    1    1    1    1    1    1  1.42689E+14 0.00128 
   78   78    1    1    1    1    1    1    1    1  1.12504E+14 0.00143 
   79   79    1    1    1    1    1    1    1    1  1.17210E+14 0.00121 
   80   80    1    1    1    1    1    1    1    1  8.73178E+13 0.00157 
   81   81    1    1    1    1    1    1    1    1  6.76038E+13 0.00152 
   82   82    1    1    1    1    1    1    1    1  5.19723E+13 0.00234 
   83   83    1    1    1    1    1    1    1    1  4.86177E+13 0.00183 
   84   84    1    1    1    1    1    1    1    1  3.49928E+13 0.00241 
   85   85    1    1    1    1    1    1    1    1  2.53658E+13 0.00364 
   86   86    1    1    1    1    1    1    1    1  2.36183E+13 0.00252 
   87   87    1    1    1    1    1    1    1    1  1.45242E+13 0.00383 
   88   88    1    1    1    1    1    1    1    1  9.82836E+12 0.00469 
   89   89    1    1    1    1    1    1    1    1  5.56281E+12 0.00844 
   90   90    1    1    1    1    1    1    1    1  3.71376E+12 0.00889 
   91   91    1    1    1    1    1    1    1    1  1.82634E+12 0.01117 
   92   92    1    1    1    1    1    1    1    1  9.08493E+11 0.01638 
   93   93    1    1    1    1    1    1    1    1  4.17940E+11 0.01906 
   94   94    1    1    1    1    1    1    1    1  1.99945E+11 0.02893 
   95   95    1    1    1    1    1    1    1    1  9.76033E+10 0.06356 
   96   96    1    1    1    1    1    1    1    1  5.42623E+10 0.07994 
   97   97    1    1    1    1    1    1    1    1  1.99664E+10 0.12031 
   98   98    1    1    1    1    1    1    1    1  1.32851E+10 0.10677 
   99   99    1    1    1    1    1    1    1    1  5.26043E+09 0.23390 
  100  100    1    1    1    1    1    1    1    1  4.70689E+09 0.29906 
];


