
DETdpaspec = [
    1    1    1    1    1    1    1    1    1    1  0.00000E+00 0.00000 
    2    2    1    1    1    1    1    1    1    1  0.00000E+00 0.00000 
    3    3    1    1    1    1    1    1    1    1  0.00000E+00 0.00000 
    4    4    1    1    1    1    1    1    1    1  0.00000E+00 0.00000 
    5    5    1    1    1    1    1    1    1    1  0.00000E+00 0.00000 
    6    6    1    1    1    1    1    1    1    1  4.59127E+06 1.00000 
    7    7    1    1    1    1    1    1    1    1  0.00000E+00 0.00000 
    8    8    1    1    1    1    1    1    1    1  0.00000E+00 0.00000 
    9    9    1    1    1    1    1    1    1    1  0.00000E+00 0.00000 
   10   10    1    1    1    1    1    1    1    1  2.58065E+07 1.00000 
   11   11    1    1    1    1    1    1    1    1  1.75665E+08 0.69564 
   12   12    1    1    1    1    1    1    1    1  5.14734E+07 0.45604 
   13   13    1    1    1    1    1    1    1    1  5.30146E+08 0.60203 
   14   14    1    1    1    1    1    1    1    1  7.40081E+08 0.50200 
   15   15    1    1    1    1    1    1    1    1  1.33474E+09 0.40392 
   16   16    1    1    1    1    1    1    1    1  9.96053E+08 0.31324 
   17   17    1    1    1    1    1    1    1    1  1.42381E+09 0.23009 
   18   18    1    1    1    1    1    1    1    1  3.97968E+09 0.20186 
   19   19    1    1    1    1    1    1    1    1  3.92571E+09 0.13162 
   20   20    1    1    1    1    1    1    1    1  1.57982E+10 0.10274 
   21   21    1    1    1    1    1    1    1    1  1.28121E+10 0.12669 
   22   22    1    1    1    1    1    1    1    1  2.82189E+10 0.09612 
   23   23    1    1    1    1    1    1    1    1  4.34243E+10 0.07029 
   24   24    1    1    1    1    1    1    1    1  7.16353E+10 0.04821 
   25   25    1    1    1    1    1    1    1    1  9.36952E+10 0.04622 
   26   26    1    1    1    1    1    1    1    1  1.80133E+11 0.03302 
   27   27    1    1    1    1    1    1    1    1  3.43425E+11 0.02656 
   28   28    1    1    1    1    1    1    1    1  7.95857E+11 0.01467 
   29   29    1    1    1    1    1    1    1    1  1.17073E+12 0.01314 
   30   30    1    1    1    1    1    1    1    1  3.12265E+12 0.00809 
   31   31    1    1    1    1    1    1    1    1  8.30670E+12 0.00621 
   32   32    1    1    1    1    1    1    1    1  1.36938E+13 0.00364 
   33   33    1    1    1    1    1    1    1    1  2.91928E+13 0.00370 
   34   34    1    1    1    1    1    1    1    1  3.73554E+13 0.00296 
   35   35    1    1    1    1    1    1    1    1  5.15145E+13 0.00270 
   36   36    1    1    1    1    1    1    1    1  3.78718E+13 0.00196 
   37   37    1    1    1    1    1    1    1    1  1.17508E+13 0.00234 
   38   38    1    1    1    1    1    1    1    1  6.11770E+13 0.00175 
   39   39    1    1    1    1    1    1    1    1  7.86639E+13 0.00178 
   40   40    1    1    1    1    1    1    1    1  1.33258E+14 0.00189 
   41   41    1    1    1    1    1    1    1    1  1.31452E+14 0.00188 
   42   42    1    1    1    1    1    1    1    1  2.57860E+14 0.00136 
   43   43    1    1    1    1    1    1    1    1  2.96612E+14 0.00089 
   44   44    1    1    1    1    1    1    1    1  4.05759E+14 0.00084 
   45   45    1    1    1    1    1    1    1    1  7.70505E+14 0.00059 
   46   46    1    1    1    1    1    1    1    1  3.88595E+14 0.00091 
   47   47    1    1    1    1    1    1    1    1  5.93040E+14 0.00070 
   48   48    1    1    1    1    1    1    1    1  8.34686E+14 0.00068 
   49   49    1    1    1    1    1    1    1    1  7.92068E+14 0.00070 
   50   50    1    1    1    1    1    1    1    1  1.24065E+15 0.00058 
   51   51    1    1    1    1    1    1    1    1  9.92303E+14 0.00078 
   52   52    1    1    1    1    1    1    1    1  1.15851E+15 0.00069 
   53   53    1    1    1    1    1    1    1    1  8.23695E+14 0.00075 
   54   54    1    1    1    1    1    1    1    1  1.00849E+15 0.00049 
   55   55    1    1    1    1    1    1    1    1  7.10612E+14 0.00082 
   56   56    1    1    1    1    1    1    1    1  9.75170E+13 0.00119 
   57   57    1    1    1    1    1    1    1    1  1.40244E+15 0.00076 
   58   58    1    1    1    1    1    1    1    1  6.22846E+14 0.00080 
   59   59    1    1    1    1    1    1    1    1  6.74567E+14 0.00071 
   60   60    1    1    1    1    1    1    1    1  5.31802E+14 0.00065 
   61   61    1    1    1    1    1    1    1    1  5.33365E+14 0.00066 
   62   62    1    1    1    1    1    1    1    1  5.46332E+14 0.00102 
   63   63    1    1    1    1    1    1    1    1  4.59437E+14 0.00077 
   64   64    1    1    1    1    1    1    1    1  3.65825E+14 0.00088 
   65   65    1    1    1    1    1    1    1    1  3.63214E+14 0.00078 
   66   66    1    1    1    1    1    1    1    1  2.76692E+14 0.00098 
   67   67    1    1    1    1    1    1    1    1  2.26945E+14 0.00088 
   68   68    1    1    1    1    1    1    1    1  2.02454E+14 0.00125 
   69   69    1    1    1    1    1    1    1    1  2.45095E+14 0.00086 
   70   70    1    1    1    1    1    1    1    1  2.10332E+14 0.00108 
   71   71    1    1    1    1    1    1    1    1  3.90199E+14 0.00080 
   72   72    1    1    1    1    1    1    1    1  2.82005E+14 0.00102 
   73   73    1    1    1    1    1    1    1    1  2.15889E+14 0.00105 
   74   74    1    1    1    1    1    1    1    1  1.73457E+14 0.00123 
   75   75    1    1    1    1    1    1    1    1  1.42887E+14 0.00157 
   76   76    1    1    1    1    1    1    1    1  1.64686E+14 0.00130 
   77   77    1    1    1    1    1    1    1    1  1.29007E+14 0.00100 
   78   78    1    1    1    1    1    1    1    1  1.01236E+14 0.00119 
   79   79    1    1    1    1    1    1    1    1  1.03962E+14 0.00154 
   80   80    1    1    1    1    1    1    1    1  7.71810E+13 0.00160 
   81   81    1    1    1    1    1    1    1    1  5.96583E+13 0.00197 
   82   82    1    1    1    1    1    1    1    1  4.57509E+13 0.00217 
   83   83    1    1    1    1    1    1    1    1  4.25908E+13 0.00281 
   84   84    1    1    1    1    1    1    1    1  3.04961E+13 0.00295 
   85   85    1    1    1    1    1    1    1    1  2.20888E+13 0.00255 
   86   86    1    1    1    1    1    1    1    1  2.06707E+13 0.00380 
   87   87    1    1    1    1    1    1    1    1  1.26770E+13 0.00328 
   88   88    1    1    1    1    1    1    1    1  8.72790E+12 0.00522 
   89   89    1    1    1    1    1    1    1    1  5.00467E+12 0.00800 
   90   90    1    1    1    1    1    1    1    1  3.25277E+12 0.00827 
   91   91    1    1    1    1    1    1    1    1  1.65929E+12 0.01091 
   92   92    1    1    1    1    1    1    1    1  7.95919E+11 0.01962 
   93   93    1    1    1    1    1    1    1    1  3.94544E+11 0.01883 
   94   94    1    1    1    1    1    1    1    1  1.90425E+11 0.03136 
   95   95    1    1    1    1    1    1    1    1  9.88113E+10 0.06658 
   96   96    1    1    1    1    1    1    1    1  4.75152E+10 0.09566 
   97   97    1    1    1    1    1    1    1    1  2.20424E+10 0.10641 
   98   98    1    1    1    1    1    1    1    1  1.17281E+10 0.14384 
   99   99    1    1    1    1    1    1    1    1  7.61313E+09 0.21404 
  100  100    1    1    1    1    1    1    1    1  2.88766E+09 0.30040 
];


