
DETdpaspec = [
    1    1    1    1    1    1    1    1    1    1  0.00000E+00 0.00000 
    2    2    1    1    1    1    1    1    1    1  0.00000E+00 0.00000 
    3    3    1    1    1    1    1    1    1    1  0.00000E+00 0.00000 
    4    4    1    1    1    1    1    1    1    1  0.00000E+00 0.00000 
    5    5    1    1    1    1    1    1    1    1  0.00000E+00 0.00000 
    6    6    1    1    1    1    1    1    1    1  0.00000E+00 0.00000 
    7    7    1    1    1    1    1    1    1    1  0.00000E+00 0.00000 
    8    8    1    1    1    1    1    1    1    1  0.00000E+00 0.00000 
    9    9    1    1    1    1    1    1    1    1  0.00000E+00 0.00000 
   10   10    1    1    1    1    1    1    1    1  2.05527E+07 1.00000 
   11   11    1    1    1    1    1    1    1    1  3.76661E+07 1.00000 
   12   12    1    1    1    1    1    1    1    1  2.52440E+07 0.83786 
   13   13    1    1    1    1    1    1    1    1  1.09275E+09 0.58501 
   14   14    1    1    1    1    1    1    1    1  2.86473E+09 0.48004 
   15   15    1    1    1    1    1    1    1    1  2.10614E+09 0.47488 
   16   16    1    1    1    1    1    1    1    1  2.74957E+08 0.43517 
   17   17    1    1    1    1    1    1    1    1  2.47328E+09 0.30611 
   18   18    1    1    1    1    1    1    1    1  2.59647E+09 0.26430 
   19   19    1    1    1    1    1    1    1    1  2.47040E+09 0.31043 
   20   20    1    1    1    1    1    1    1    1  6.54691E+09 0.17073 
   21   21    1    1    1    1    1    1    1    1  6.95547E+09 0.14747 
   22   22    1    1    1    1    1    1    1    1  1.95601E+10 0.11144 
   23   23    1    1    1    1    1    1    1    1  3.29193E+10 0.09316 
   24   24    1    1    1    1    1    1    1    1  5.77224E+10 0.06404 
   25   25    1    1    1    1    1    1    1    1  1.01921E+11 0.04561 
   26   26    1    1    1    1    1    1    1    1  2.29659E+11 0.02676 
   27   27    1    1    1    1    1    1    1    1  4.91654E+11 0.02569 
   28   28    1    1    1    1    1    1    1    1  1.16725E+12 0.01558 
   29   29    1    1    1    1    1    1    1    1  1.93730E+12 0.01038 
   30   30    1    1    1    1    1    1    1    1  4.49157E+12 0.00660 
   31   31    1    1    1    1    1    1    1    1  1.12948E+13 0.00563 
   32   32    1    1    1    1    1    1    1    1  1.77498E+13 0.00522 
   33   33    1    1    1    1    1    1    1    1  3.70227E+13 0.00311 
   34   34    1    1    1    1    1    1    1    1  4.73848E+13 0.00256 
   35   35    1    1    1    1    1    1    1    1  5.91760E+13 0.00302 
   36   36    1    1    1    1    1    1    1    1  4.16191E+13 0.00282 
   37   37    1    1    1    1    1    1    1    1  1.25501E+13 0.00256 
   38   38    1    1    1    1    1    1    1    1  6.67453E+13 0.00190 
   39   39    1    1    1    1    1    1    1    1  8.56364E+13 0.00167 
   40   40    1    1    1    1    1    1    1    1  1.46324E+14 0.00112 
   41   41    1    1    1    1    1    1    1    1  1.40124E+14 0.00152 
   42   42    1    1    1    1    1    1    1    1  2.78379E+14 0.00098 
   43   43    1    1    1    1    1    1    1    1  3.19249E+14 0.00080 
   44   44    1    1    1    1    1    1    1    1  4.35812E+14 0.00113 
   45   45    1    1    1    1    1    1    1    1  8.31086E+14 0.00061 
   46   46    1    1    1    1    1    1    1    1  4.13825E+14 0.00078 
   47   47    1    1    1    1    1    1    1    1  6.24883E+14 0.00069 
   48   48    1    1    1    1    1    1    1    1  8.78034E+14 0.00063 
   49   49    1    1    1    1    1    1    1    1  8.25345E+14 0.00050 
   50   50    1    1    1    1    1    1    1    1  1.30542E+15 0.00047 
   51   51    1    1    1    1    1    1    1    1  1.02693E+15 0.00059 
   52   52    1    1    1    1    1    1    1    1  1.21537E+15 0.00059 
   53   53    1    1    1    1    1    1    1    1  8.58372E+14 0.00067 
   54   54    1    1    1    1    1    1    1    1  1.06686E+15 0.00069 
   55   55    1    1    1    1    1    1    1    1  7.47571E+14 0.00072 
   56   56    1    1    1    1    1    1    1    1  1.02336E+14 0.00082 
   57   57    1    1    1    1    1    1    1    1  1.47119E+15 0.00041 
   58   58    1    1    1    1    1    1    1    1  6.66419E+14 0.00082 
   59   59    1    1    1    1    1    1    1    1  7.16690E+14 0.00096 
   60   60    1    1    1    1    1    1    1    1  5.73190E+14 0.00061 
   61   61    1    1    1    1    1    1    1    1  5.73569E+14 0.00094 
   62   62    1    1    1    1    1    1    1    1  5.88325E+14 0.00079 
   63   63    1    1    1    1    1    1    1    1  4.96447E+14 0.00082 
   64   64    1    1    1    1    1    1    1    1  3.95740E+14 0.00079 
   65   65    1    1    1    1    1    1    1    1  3.92893E+14 0.00063 
   66   66    1    1    1    1    1    1    1    1  2.99072E+14 0.00092 
   67   67    1    1    1    1    1    1    1    1  2.44991E+14 0.00099 
   68   68    1    1    1    1    1    1    1    1  2.17366E+14 0.00122 
   69   69    1    1    1    1    1    1    1    1  2.62515E+14 0.00092 
   70   70    1    1    1    1    1    1    1    1  2.24688E+14 0.00093 
   71   71    1    1    1    1    1    1    1    1  4.12032E+14 0.00077 
   72   72    1    1    1    1    1    1    1    1  2.96196E+14 0.00088 
   73   73    1    1    1    1    1    1    1    1  2.26591E+14 0.00094 
   74   74    1    1    1    1    1    1    1    1  1.84455E+14 0.00114 
   75   75    1    1    1    1    1    1    1    1  1.54140E+14 0.00148 
   76   76    1    1    1    1    1    1    1    1  1.79347E+14 0.00136 
   77   77    1    1    1    1    1    1    1    1  1.42566E+14 0.00134 
   78   78    1    1    1    1    1    1    1    1  1.12811E+14 0.00137 
   79   79    1    1    1    1    1    1    1    1  1.16942E+14 0.00155 
   80   80    1    1    1    1    1    1    1    1  8.69782E+13 0.00147 
   81   81    1    1    1    1    1    1    1    1  6.75040E+13 0.00175 
   82   82    1    1    1    1    1    1    1    1  5.19471E+13 0.00232 
   83   83    1    1    1    1    1    1    1    1  4.84392E+13 0.00212 
   84   84    1    1    1    1    1    1    1    1  3.47655E+13 0.00250 
   85   85    1    1    1    1    1    1    1    1  2.51068E+13 0.00315 
   86   86    1    1    1    1    1    1    1    1  2.36061E+13 0.00291 
   87   87    1    1    1    1    1    1    1    1  1.44249E+13 0.00329 
   88   88    1    1    1    1    1    1    1    1  9.78334E+12 0.00504 
   89   89    1    1    1    1    1    1    1    1  5.54631E+12 0.00866 
   90   90    1    1    1    1    1    1    1    1  3.65404E+12 0.00785 
   91   91    1    1    1    1    1    1    1    1  1.85233E+12 0.01191 
   92   92    1    1    1    1    1    1    1    1  8.98920E+11 0.02113 
   93   93    1    1    1    1    1    1    1    1  4.22429E+11 0.02050 
   94   94    1    1    1    1    1    1    1    1  1.94615E+11 0.04322 
   95   95    1    1    1    1    1    1    1    1  1.05040E+11 0.05126 
   96   96    1    1    1    1    1    1    1    1  5.38972E+10 0.07175 
   97   97    1    1    1    1    1    1    1    1  2.77694E+10 0.10637 
   98   98    1    1    1    1    1    1    1    1  8.70297E+09 0.18582 
   99   99    1    1    1    1    1    1    1    1  4.41554E+09 0.25978 
  100  100    1    1    1    1    1    1    1    1  4.30143E+09 0.24850 
];


