
DETdpaspec = [
    1    1    1    1    1    1    1    1    1    1  0.00000E+00 0.00000 
    2    2    1    1    1    1    1    1    1    1  0.00000E+00 0.00000 
    3    3    1    1    1    1    1    1    1    1  0.00000E+00 0.00000 
    4    4    1    1    1    1    1    1    1    1  0.00000E+00 0.00000 
    5    5    1    1    1    1    1    1    1    1  0.00000E+00 0.00000 
    6    6    1    1    1    1    1    1    1    1  0.00000E+00 0.00000 
    7    7    1    1    1    1    1    1    1    1  1.33462E+07 1.00000 
    8    8    1    1    1    1    1    1    1    1  0.00000E+00 0.00000 
    9    9    1    1    1    1    1    1    1    1  3.84715E+06 1.00000 
   10   10    1    1    1    1    1    1    1    1  0.00000E+00 0.00000 
   11   11    1    1    1    1    1    1    1    1  1.60723E+08 1.00000 
   12   12    1    1    1    1    1    1    1    1  0.00000E+00 0.00000 
   13   13    1    1    1    1    1    1    1    1  5.32868E+08 0.74422 
   14   14    1    1    1    1    1    1    1    1  1.74949E+09 0.43554 
   15   15    1    1    1    1    1    1    1    1  2.28129E+09 0.36713 
   16   16    1    1    1    1    1    1    1    1  6.43286E+08 0.39093 
   17   17    1    1    1    1    1    1    1    1  1.03900E+09 0.27124 
   18   18    1    1    1    1    1    1    1    1  3.46482E+09 0.28102 
   19   19    1    1    1    1    1    1    1    1  2.56664E+09 0.32832 
   20   20    1    1    1    1    1    1    1    1  5.06225E+09 0.16747 
   21   21    1    1    1    1    1    1    1    1  7.01080E+09 0.12356 
   22   22    1    1    1    1    1    1    1    1  1.87252E+10 0.09092 
   23   23    1    1    1    1    1    1    1    1  3.71284E+10 0.07202 
   24   24    1    1    1    1    1    1    1    1  1.01355E+11 0.05579 
   25   25    1    1    1    1    1    1    1    1  1.74874E+11 0.03781 
   26   26    1    1    1    1    1    1    1    1  3.90841E+11 0.02413 
   27   27    1    1    1    1    1    1    1    1  8.75867E+11 0.01833 
   28   28    1    1    1    1    1    1    1    1  1.95001E+12 0.00872 
   29   29    1    1    1    1    1    1    1    1  3.09127E+12 0.00985 
   30   30    1    1    1    1    1    1    1    1  6.50404E+12 0.00663 
   31   31    1    1    1    1    1    1    1    1  1.52303E+13 0.00498 
   32   32    1    1    1    1    1    1    1    1  2.27173E+13 0.00382 
   33   33    1    1    1    1    1    1    1    1  4.56642E+13 0.00268 
   34   34    1    1    1    1    1    1    1    1  5.76392E+13 0.00207 
   35   35    1    1    1    1    1    1    1    1  6.76643E+13 0.00243 
   36   36    1    1    1    1    1    1    1    1  4.62441E+13 0.00174 
   37   37    1    1    1    1    1    1    1    1  1.37474E+13 0.00235 
   38   38    1    1    1    1    1    1    1    1  7.35388E+13 0.00132 
   39   39    1    1    1    1    1    1    1    1  9.40632E+13 0.00127 
   40   40    1    1    1    1    1    1    1    1  1.60007E+14 0.00135 
   41   41    1    1    1    1    1    1    1    1  1.50970E+14 0.00108 
   42   42    1    1    1    1    1    1    1    1  2.99591E+14 0.00123 
   43   43    1    1    1    1    1    1    1    1  3.41342E+14 0.00120 
   44   44    1    1    1    1    1    1    1    1  4.62538E+14 0.00075 
   45   45    1    1    1    1    1    1    1    1  8.77133E+14 0.00054 
   46   46    1    1    1    1    1    1    1    1  4.32360E+14 0.00060 
   47   47    1    1    1    1    1    1    1    1  6.48570E+14 0.00069 
   48   48    1    1    1    1    1    1    1    1  9.06048E+14 0.00061 
   49   49    1    1    1    1    1    1    1    1  8.45918E+14 0.00058 
   50   50    1    1    1    1    1    1    1    1  1.33802E+15 0.00055 
   51   51    1    1    1    1    1    1    1    1  1.04235E+15 0.00064 
   52   52    1    1    1    1    1    1    1    1  1.23561E+15 0.00049 
   53   53    1    1    1    1    1    1    1    1  8.68777E+14 0.00059 
   54   54    1    1    1    1    1    1    1    1  1.08039E+15 0.00035 
   55   55    1    1    1    1    1    1    1    1  7.55254E+14 0.00070 
   56   56    1    1    1    1    1    1    1    1  1.02981E+14 0.00114 
   57   57    1    1    1    1    1    1    1    1  1.48310E+15 0.00053 
   58   58    1    1    1    1    1    1    1    1  6.73215E+14 0.00075 
   59   59    1    1    1    1    1    1    1    1  7.22182E+14 0.00077 
   60   60    1    1    1    1    1    1    1    1  5.79159E+14 0.00090 
   61   61    1    1    1    1    1    1    1    1  5.78813E+14 0.00084 
   62   62    1    1    1    1    1    1    1    1  5.93082E+14 0.00102 
   63   63    1    1    1    1    1    1    1    1  5.01123E+14 0.00110 
   64   64    1    1    1    1    1    1    1    1  3.98417E+14 0.00086 
   65   65    1    1    1    1    1    1    1    1  3.94750E+14 0.00108 
   66   66    1    1    1    1    1    1    1    1  3.00027E+14 0.00101 
   67   67    1    1    1    1    1    1    1    1  2.44730E+14 0.00123 
   68   68    1    1    1    1    1    1    1    1  2.17001E+14 0.00097 
   69   69    1    1    1    1    1    1    1    1  2.62377E+14 0.00104 
   70   70    1    1    1    1    1    1    1    1  2.24116E+14 0.00111 
   71   71    1    1    1    1    1    1    1    1  4.09019E+14 0.00081 
   72   72    1    1    1    1    1    1    1    1  2.92763E+14 0.00112 
   73   73    1    1    1    1    1    1    1    1  2.24235E+14 0.00098 
   74   74    1    1    1    1    1    1    1    1  1.83041E+14 0.00105 
   75   75    1    1    1    1    1    1    1    1  1.53104E+14 0.00111 
   76   76    1    1    1    1    1    1    1    1  1.78463E+14 0.00106 
   77   77    1    1    1    1    1    1    1    1  1.42695E+14 0.00130 
   78   78    1    1    1    1    1    1    1    1  1.12979E+14 0.00135 
   79   79    1    1    1    1    1    1    1    1  1.17525E+14 0.00159 
   80   80    1    1    1    1    1    1    1    1  8.80803E+13 0.00185 
   81   81    1    1    1    1    1    1    1    1  6.78279E+13 0.00214 
   82   82    1    1    1    1    1    1    1    1  5.20865E+13 0.00242 
   83   83    1    1    1    1    1    1    1    1  4.87210E+13 0.00272 
   84   84    1    1    1    1    1    1    1    1  3.50206E+13 0.00243 
   85   85    1    1    1    1    1    1    1    1  2.51939E+13 0.00351 
   86   86    1    1    1    1    1    1    1    1  2.35593E+13 0.00335 
   87   87    1    1    1    1    1    1    1    1  1.45123E+13 0.00450 
   88   88    1    1    1    1    1    1    1    1  9.57439E+12 0.00475 
   89   89    1    1    1    1    1    1    1    1  5.61496E+12 0.00732 
   90   90    1    1    1    1    1    1    1    1  3.68072E+12 0.00677 
   91   91    1    1    1    1    1    1    1    1  1.81850E+12 0.00882 
   92   92    1    1    1    1    1    1    1    1  8.93160E+11 0.01762 
   93   93    1    1    1    1    1    1    1    1  4.32151E+11 0.02357 
   94   94    1    1    1    1    1    1    1    1  2.23620E+11 0.03349 
   95   95    1    1    1    1    1    1    1    1  9.36000E+10 0.04080 
   96   96    1    1    1    1    1    1    1    1  4.74246E+10 0.05961 
   97   97    1    1    1    1    1    1    1    1  2.35725E+10 0.12276 
   98   98    1    1    1    1    1    1    1    1  1.17460E+10 0.18135 
   99   99    1    1    1    1    1    1    1    1  5.69513E+09 0.19497 
  100  100    1    1    1    1    1    1    1    1  6.08652E+09 0.18875 
];


