
DETdpaspec = [
    1    1    1    1    1    1    1    1    1    1  0.00000E+00 0.00000 
    2    2    1    1    1    1    1    1    1    1  0.00000E+00 0.00000 
    3    3    1    1    1    1    1    1    1    1  0.00000E+00 0.00000 
    4    4    1    1    1    1    1    1    1    1  0.00000E+00 0.00000 
    5    5    1    1    1    1    1    1    1    1  0.00000E+00 0.00000 
    6    6    1    1    1    1    1    1    1    1  0.00000E+00 0.00000 
    7    7    1    1    1    1    1    1    1    1  6.77805E+07 1.00000 
    8    8    1    1    1    1    1    1    1    1  0.00000E+00 0.00000 
    9    9    1    1    1    1    1    1    1    1  0.00000E+00 0.00000 
   10   10    1    1    1    1    1    1    1    1  0.00000E+00 0.00000 
   11   11    1    1    1    1    1    1    1    1  0.00000E+00 0.00000 
   12   12    1    1    1    1    1    1    1    1  4.56600E+07 1.00000 
   13   13    1    1    1    1    1    1    1    1  5.14085E+07 1.00000 
   14   14    1    1    1    1    1    1    1    1  7.88418E+08 0.47542 
   15   15    1    1    1    1    1    1    1    1  1.01832E+09 0.58620 
   16   16    1    1    1    1    1    1    1    1  7.51523E+08 0.60818 
   17   17    1    1    1    1    1    1    1    1  2.79409E+08 0.66350 
   18   18    1    1    1    1    1    1    1    1  1.24339E+09 0.32957 
   19   19    1    1    1    1    1    1    1    1  2.82856E+09 0.23985 
   20   20    1    1    1    1    1    1    1    1  9.22770E+09 0.16194 
   21   21    1    1    1    1    1    1    1    1  1.30762E+10 0.12445 
   22   22    1    1    1    1    1    1    1    1  5.65887E+10 0.05402 
   23   23    1    1    1    1    1    1    1    1  2.51493E+11 0.02570 
   24   24    1    1    1    1    1    1    1    1  6.83702E+11 0.02034 
   25   25    1    1    1    1    1    1    1    1  1.05743E+12 0.01715 
   26   26    1    1    1    1    1    1    1    1  2.00199E+12 0.00932 
   27   27    1    1    1    1    1    1    1    1  3.60288E+12 0.00887 
   28   28    1    1    1    1    1    1    1    1  6.50703E+12 0.00592 
   29   29    1    1    1    1    1    1    1    1  9.21132E+12 0.00479 
   30   30    1    1    1    1    1    1    1    1  1.63661E+13 0.00287 
   31   31    1    1    1    1    1    1    1    1  3.09887E+13 0.00325 
   32   32    1    1    1    1    1    1    1    1  4.13693E+13 0.00154 
   33   33    1    1    1    1    1    1    1    1  7.47597E+13 0.00167 
   34   34    1    1    1    1    1    1    1    1  8.79829E+13 0.00167 
   35   35    1    1    1    1    1    1    1    1  9.38764E+13 0.00183 
   36   36    1    1    1    1    1    1    1    1  6.04208E+13 0.00167 
   37   37    1    1    1    1    1    1    1    1  1.75829E+13 0.00165 
   38   38    1    1    1    1    1    1    1    1  9.38935E+13 0.00151 
   39   39    1    1    1    1    1    1    1    1  1.17701E+14 0.00107 
   40   40    1    1    1    1    1    1    1    1  1.97205E+14 0.00047 
   41   41    1    1    1    1    1    1    1    1  1.81224E+14 0.00072 
   42   42    1    1    1    1    1    1    1    1  3.55449E+14 0.00115 
   43   43    1    1    1    1    1    1    1    1  3.97897E+14 0.00096 
   44   44    1    1    1    1    1    1    1    1  5.29568E+14 0.00092 
   45   45    1    1    1    1    1    1    1    1  9.82344E+14 0.00075 
   46   46    1    1    1    1    1    1    1    1  4.72095E+14 0.00082 
   47   47    1    1    1    1    1    1    1    1  7.00396E+14 0.00076 
   48   48    1    1    1    1    1    1    1    1  9.63985E+14 0.00058 
   49   49    1    1    1    1    1    1    1    1  8.87517E+14 0.00051 
   50   50    1    1    1    1    1    1    1    1  1.38822E+15 0.00054 
   51   51    1    1    1    1    1    1    1    1  1.06038E+15 0.00056 
   52   52    1    1    1    1    1    1    1    1  1.25230E+15 0.00065 
   53   53    1    1    1    1    1    1    1    1  8.69178E+14 0.00075 
   54   54    1    1    1    1    1    1    1    1  1.07973E+15 0.00057 
   55   55    1    1    1    1    1    1    1    1  7.49094E+14 0.00045 
   56   56    1    1    1    1    1    1    1    1  1.01863E+14 0.00108 
   57   57    1    1    1    1    1    1    1    1  1.45891E+15 0.00049 
   58   58    1    1    1    1    1    1    1    1  6.62715E+14 0.00079 
   59   59    1    1    1    1    1    1    1    1  7.04692E+14 0.00058 
   60   60    1    1    1    1    1    1    1    1  5.65729E+14 0.00060 
   61   61    1    1    1    1    1    1    1    1  5.62633E+14 0.00085 
   62   62    1    1    1    1    1    1    1    1  5.74627E+14 0.00084 
   63   63    1    1    1    1    1    1    1    1  4.83311E+14 0.00061 
   64   64    1    1    1    1    1    1    1    1  3.82863E+14 0.00078 
   65   65    1    1    1    1    1    1    1    1  3.77250E+14 0.00093 
   66   66    1    1    1    1    1    1    1    1  2.86655E+14 0.00083 
   67   67    1    1    1    1    1    1    1    1  2.32517E+14 0.00098 
   68   68    1    1    1    1    1    1    1    1  2.05567E+14 0.00128 
   69   69    1    1    1    1    1    1    1    1  2.47248E+14 0.00096 
   70   70    1    1    1    1    1    1    1    1  2.10133E+14 0.00092 
   71   71    1    1    1    1    1    1    1    1  3.79116E+14 0.00082 
   72   72    1    1    1    1    1    1    1    1  2.69579E+14 0.00096 
   73   73    1    1    1    1    1    1    1    1  2.05890E+14 0.00116 
   74   74    1    1    1    1    1    1    1    1  1.68261E+14 0.00100 
   75   75    1    1    1    1    1    1    1    1  1.40818E+14 0.00109 
   76   76    1    1    1    1    1    1    1    1  1.64725E+14 0.00109 
   77   77    1    1    1    1    1    1    1    1  1.31440E+14 0.00123 
   78   78    1    1    1    1    1    1    1    1  1.04838E+14 0.00163 
   79   79    1    1    1    1    1    1    1    1  1.08400E+14 0.00106 
   80   80    1    1    1    1    1    1    1    1  8.07938E+13 0.00211 
   81   81    1    1    1    1    1    1    1    1  6.22715E+13 0.00186 
   82   82    1    1    1    1    1    1    1    1  4.79174E+13 0.00162 
   83   83    1    1    1    1    1    1    1    1  4.45706E+13 0.00241 
   84   84    1    1    1    1    1    1    1    1  3.18968E+13 0.00217 
   85   85    1    1    1    1    1    1    1    1  2.30555E+13 0.00283 
   86   86    1    1    1    1    1    1    1    1  2.13812E+13 0.00359 
   87   87    1    1    1    1    1    1    1    1  1.30986E+13 0.00367 
   88   88    1    1    1    1    1    1    1    1  8.65375E+12 0.00519 
   89   89    1    1    1    1    1    1    1    1  4.96877E+12 0.00529 
   90   90    1    1    1    1    1    1    1    1  3.22793E+12 0.00976 
   91   91    1    1    1    1    1    1    1    1  1.59146E+12 0.01174 
   92   92    1    1    1    1    1    1    1    1  7.77386E+11 0.01192 
   93   93    1    1    1    1    1    1    1    1  3.59248E+11 0.02786 
   94   94    1    1    1    1    1    1    1    1  1.58750E+11 0.02577 
   95   95    1    1    1    1    1    1    1    1  7.58379E+10 0.05191 
   96   96    1    1    1    1    1    1    1    1  3.94143E+10 0.07965 
   97   97    1    1    1    1    1    1    1    1  1.86144E+10 0.10812 
   98   98    1    1    1    1    1    1    1    1  7.46258E+09 0.20180 
   99   99    1    1    1    1    1    1    1    1  3.67199E+09 0.30460 
  100  100    1    1    1    1    1    1    1    1  4.09824E+09 0.24562 
];


