
DETdpaspec = [
    1    1    1    1    1    1    1    1    1    1  0.00000E+00 0.00000 
    2    2    1    1    1    1    1    1    1    1  0.00000E+00 0.00000 
    3    3    1    1    1    1    1    1    1    1  0.00000E+00 0.00000 
    4    4    1    1    1    1    1    1    1    1  6.39233E+06 1.00000 
    5    5    1    1    1    1    1    1    1    1  7.76980E+06 1.00000 
    6    6    1    1    1    1    1    1    1    1  0.00000E+00 0.00000 
    7    7    1    1    1    1    1    1    1    1  8.72001E+06 1.00000 
    8    8    1    1    1    1    1    1    1    1  0.00000E+00 0.00000 
    9    9    1    1    1    1    1    1    1    1  0.00000E+00 0.00000 
   10   10    1    1    1    1    1    1    1    1  4.59175E+07 1.00000 
   11   11    1    1    1    1    1    1    1    1  3.37302E+07 1.00000 
   12   12    1    1    1    1    1    1    1    1  7.80104E+06 0.77974 
   13   13    1    1    1    1    1    1    1    1  1.22042E+09 0.36709 
   14   14    1    1    1    1    1    1    1    1  1.82978E+09 0.51419 
   15   15    1    1    1    1    1    1    1    1  1.73856E+09 0.35877 
   16   16    1    1    1    1    1    1    1    1  5.59117E+08 0.31390 
   17   17    1    1    1    1    1    1    1    1  1.25036E+09 0.29585 
   18   18    1    1    1    1    1    1    1    1  2.50402E+09 0.21829 
   19   19    1    1    1    1    1    1    1    1  3.29706E+09 0.26618 
   20   20    1    1    1    1    1    1    1    1  1.12873E+10 0.09582 
   21   21    1    1    1    1    1    1    1    1  9.51884E+09 0.12577 
   22   22    1    1    1    1    1    1    1    1  2.21879E+10 0.06846 
   23   23    1    1    1    1    1    1    1    1  3.60052E+10 0.05558 
   24   24    1    1    1    1    1    1    1    1  5.78129E+10 0.06141 
   25   25    1    1    1    1    1    1    1    1  9.64776E+10 0.04329 
   26   26    1    1    1    1    1    1    1    1  1.93551E+11 0.02879 
   27   27    1    1    1    1    1    1    1    1  4.02539E+11 0.02692 
   28   28    1    1    1    1    1    1    1    1  9.64731E+11 0.01210 
   29   29    1    1    1    1    1    1    1    1  1.56714E+12 0.01204 
   30   30    1    1    1    1    1    1    1    1  3.77045E+12 0.00826 
   31   31    1    1    1    1    1    1    1    1  9.89854E+12 0.00511 
   32   32    1    1    1    1    1    1    1    1  1.58965E+13 0.00413 
   33   33    1    1    1    1    1    1    1    1  3.35670E+13 0.00277 
   34   34    1    1    1    1    1    1    1    1  4.33061E+13 0.00269 
   35   35    1    1    1    1    1    1    1    1  5.53898E+13 0.00177 
   36   36    1    1    1    1    1    1    1    1  3.96641E+13 0.00206 
   37   37    1    1    1    1    1    1    1    1  1.20257E+13 0.00217 
   38   38    1    1    1    1    1    1    1    1  6.38839E+13 0.00202 
   39   39    1    1    1    1    1    1    1    1  8.19828E+13 0.00151 
   40   40    1    1    1    1    1    1    1    1  1.40102E+14 0.00150 
   41   41    1    1    1    1    1    1    1    1  1.35535E+14 0.00141 
   42   42    1    1    1    1    1    1    1    1  2.69082E+14 0.00116 
   43   43    1    1    1    1    1    1    1    1  3.09533E+14 0.00106 
   44   44    1    1    1    1    1    1    1    1  4.23200E+14 0.00112 
   45   45    1    1    1    1    1    1    1    1  8.09158E+14 0.00082 
   46   46    1    1    1    1    1    1    1    1  4.04837E+14 0.00061 
   47   47    1    1    1    1    1    1    1    1  6.13537E+14 0.00075 
   48   48    1    1    1    1    1    1    1    1  8.62050E+14 0.00045 
   49   49    1    1    1    1    1    1    1    1  8.14326E+14 0.00061 
   50   50    1    1    1    1    1    1    1    1  1.28743E+15 0.00063 
   51   51    1    1    1    1    1    1    1    1  1.01631E+15 0.00065 
   52   52    1    1    1    1    1    1    1    1  1.20027E+15 0.00053 
   53   53    1    1    1    1    1    1    1    1  8.50535E+14 0.00057 
   54   54    1    1    1    1    1    1    1    1  1.05351E+15 0.00084 
   55   55    1    1    1    1    1    1    1    1  7.39340E+14 0.00065 
   56   56    1    1    1    1    1    1    1    1  1.01286E+14 0.00099 
   57   57    1    1    1    1    1    1    1    1  1.45851E+15 0.00056 
   58   58    1    1    1    1    1    1    1    1  6.57430E+14 0.00071 
   59   59    1    1    1    1    1    1    1    1  7.08954E+14 0.00068 
   60   60    1    1    1    1    1    1    1    1  5.64636E+14 0.00064 
   61   61    1    1    1    1    1    1    1    1  5.65687E+14 0.00061 
   62   62    1    1    1    1    1    1    1    1  5.80164E+14 0.00079 
   63   63    1    1    1    1    1    1    1    1  4.89946E+14 0.00077 
   64   64    1    1    1    1    1    1    1    1  3.90121E+14 0.00104 
   65   65    1    1    1    1    1    1    1    1  3.86991E+14 0.00108 
   66   66    1    1    1    1    1    1    1    1  2.95226E+14 0.00092 
   67   67    1    1    1    1    1    1    1    1  2.41756E+14 0.00095 
   68   68    1    1    1    1    1    1    1    1  2.15177E+14 0.00141 
   69   69    1    1    1    1    1    1    1    1  2.60422E+14 0.00122 
   70   70    1    1    1    1    1    1    1    1  2.23236E+14 0.00101 
   71   71    1    1    1    1    1    1    1    1  4.09985E+14 0.00081 
   72   72    1    1    1    1    1    1    1    1  2.94771E+14 0.00119 
   73   73    1    1    1    1    1    1    1    1  2.26266E+14 0.00123 
   74   74    1    1    1    1    1    1    1    1  1.83544E+14 0.00131 
   75   75    1    1    1    1    1    1    1    1  1.52441E+14 0.00172 
   76   76    1    1    1    1    1    1    1    1  1.77169E+14 0.00117 
   77   77    1    1    1    1    1    1    1    1  1.40603E+14 0.00110 
   78   78    1    1    1    1    1    1    1    1  1.10591E+14 0.00173 
   79   79    1    1    1    1    1    1    1    1  1.14779E+14 0.00121 
   80   80    1    1    1    1    1    1    1    1  8.55235E+13 0.00215 
   81   81    1    1    1    1    1    1    1    1  6.59064E+13 0.00200 
   82   82    1    1    1    1    1    1    1    1  5.08584E+13 0.00272 
   83   83    1    1    1    1    1    1    1    1  4.76268E+13 0.00273 
   84   84    1    1    1    1    1    1    1    1  3.39722E+13 0.00199 
   85   85    1    1    1    1    1    1    1    1  2.46116E+13 0.00445 
   86   86    1    1    1    1    1    1    1    1  2.29793E+13 0.00320 
   87   87    1    1    1    1    1    1    1    1  1.41895E+13 0.00348 
   88   88    1    1    1    1    1    1    1    1  9.44294E+12 0.00604 
   89   89    1    1    1    1    1    1    1    1  5.51018E+12 0.00757 
   90   90    1    1    1    1    1    1    1    1  3.60515E+12 0.00735 
   91   91    1    1    1    1    1    1    1    1  1.81243E+12 0.01468 
   92   92    1    1    1    1    1    1    1    1  8.88182E+11 0.01595 
   93   93    1    1    1    1    1    1    1    1  4.26282E+11 0.02254 
   94   94    1    1    1    1    1    1    1    1  2.04762E+11 0.04217 
   95   95    1    1    1    1    1    1    1    1  9.54250E+10 0.05463 
   96   96    1    1    1    1    1    1    1    1  4.77250E+10 0.08581 
   97   97    1    1    1    1    1    1    1    1  2.45977E+10 0.09661 
   98   98    1    1    1    1    1    1    1    1  1.21129E+10 0.16351 
   99   99    1    1    1    1    1    1    1    1  5.54650E+09 0.31443 
  100  100    1    1    1    1    1    1    1    1  4.85096E+09 0.26915 
];


