
DETdpaspec = [
    1    1    1    1    1    1    1    1    1    1  0.00000E+00 0.00000 
    2    2    1    1    1    1    1    1    1    1  0.00000E+00 0.00000 
    3    3    1    1    1    1    1    1    1    1  0.00000E+00 0.00000 
    4    4    1    1    1    1    1    1    1    1  0.00000E+00 0.00000 
    5    5    1    1    1    1    1    1    1    1  0.00000E+00 0.00000 
    6    6    1    1    1    1    1    1    1    1  0.00000E+00 0.00000 
    7    7    1    1    1    1    1    1    1    1  0.00000E+00 0.00000 
    8    8    1    1    1    1    1    1    1    1  0.00000E+00 0.00000 
    9    9    1    1    1    1    1    1    1    1  0.00000E+00 0.00000 
   10   10    1    1    1    1    1    1    1    1  5.41195E+07 1.00000 
   11   11    1    1    1    1    1    1    1    1  1.04137E+08 0.73008 
   12   12    1    1    1    1    1    1    1    1  7.35195E+06 1.00000 
   13   13    1    1    1    1    1    1    1    1  4.53878E+08 0.48118 
   14   14    1    1    1    1    1    1    1    1  7.47152E+08 0.70387 
   15   15    1    1    1    1    1    1    1    1  1.63407E+09 0.42347 
   16   16    1    1    1    1    1    1    1    1  3.93087E+08 0.53510 
   17   17    1    1    1    1    1    1    1    1  1.38786E+09 0.31306 
   18   18    1    1    1    1    1    1    1    1  1.72237E+09 0.45914 
   19   19    1    1    1    1    1    1    1    1  2.15280E+09 0.27492 
   20   20    1    1    1    1    1    1    1    1  8.66727E+09 0.16257 
   21   21    1    1    1    1    1    1    1    1  7.13597E+09 0.15885 
   22   22    1    1    1    1    1    1    1    1  1.65202E+10 0.12924 
   23   23    1    1    1    1    1    1    1    1  4.19248E+10 0.08642 
   24   24    1    1    1    1    1    1    1    1  9.08967E+10 0.04290 
   25   25    1    1    1    1    1    1    1    1  1.55458E+11 0.03520 
   26   26    1    1    1    1    1    1    1    1  3.57259E+11 0.03620 
   27   27    1    1    1    1    1    1    1    1  7.81200E+11 0.01575 
   28   28    1    1    1    1    1    1    1    1  1.81784E+12 0.01170 
   29   29    1    1    1    1    1    1    1    1  2.93069E+12 0.00833 
   30   30    1    1    1    1    1    1    1    1  6.20066E+12 0.00691 
   31   31    1    1    1    1    1    1    1    1  1.46870E+13 0.00432 
   32   32    1    1    1    1    1    1    1    1  2.20312E+13 0.00317 
   33   33    1    1    1    1    1    1    1    1  4.42044E+13 0.00244 
   34   34    1    1    1    1    1    1    1    1  5.59961E+13 0.00234 
   35   35    1    1    1    1    1    1    1    1  6.65013E+13 0.00185 
   36   36    1    1    1    1    1    1    1    1  4.56236E+13 0.00230 
   37   37    1    1    1    1    1    1    1    1  1.35838E+13 0.00219 
   38   38    1    1    1    1    1    1    1    1  7.23809E+13 0.00194 
   39   39    1    1    1    1    1    1    1    1  9.27168E+13 0.00120 
   40   40    1    1    1    1    1    1    1    1  1.58220E+14 0.00118 
   41   41    1    1    1    1    1    1    1    1  1.49523E+14 0.00109 
   42   42    1    1    1    1    1    1    1    1  2.97032E+14 0.00090 
   43   43    1    1    1    1    1    1    1    1  3.38718E+14 0.00102 
   44   44    1    1    1    1    1    1    1    1  4.59095E+14 0.00104 
   45   45    1    1    1    1    1    1    1    1  8.71089E+14 0.00070 
   46   46    1    1    1    1    1    1    1    1  4.29223E+14 0.00084 
   47   47    1    1    1    1    1    1    1    1  6.44931E+14 0.00056 
   48   48    1    1    1    1    1    1    1    1  9.02651E+14 0.00056 
   49   49    1    1    1    1    1    1    1    1  8.43582E+14 0.00059 
   50   50    1    1    1    1    1    1    1    1  1.33211E+15 0.00054 
   51   51    1    1    1    1    1    1    1    1  1.04027E+15 0.00081 
   52   52    1    1    1    1    1    1    1    1  1.23285E+15 0.00061 
   53   53    1    1    1    1    1    1    1    1  8.66146E+14 0.00070 
   54   54    1    1    1    1    1    1    1    1  1.07993E+15 0.00053 
   55   55    1    1    1    1    1    1    1    1  7.54095E+14 0.00041 
   56   56    1    1    1    1    1    1    1    1  1.03135E+14 0.00111 
   57   57    1    1    1    1    1    1    1    1  1.48232E+15 0.00053 
   58   58    1    1    1    1    1    1    1    1  6.73964E+14 0.00068 
   59   59    1    1    1    1    1    1    1    1  7.22764E+14 0.00071 
   60   60    1    1    1    1    1    1    1    1  5.79991E+14 0.00068 
   61   61    1    1    1    1    1    1    1    1  5.78554E+14 0.00088 
   62   62    1    1    1    1    1    1    1    1  5.94183E+14 0.00061 
   63   63    1    1    1    1    1    1    1    1  5.01338E+14 0.00046 
   64   64    1    1    1    1    1    1    1    1  3.98590E+14 0.00089 
   65   65    1    1    1    1    1    1    1    1  3.94823E+14 0.00076 
   66   66    1    1    1    1    1    1    1    1  3.01504E+14 0.00097 
   67   67    1    1    1    1    1    1    1    1  2.45661E+14 0.00124 
   68   68    1    1    1    1    1    1    1    1  2.17596E+14 0.00086 
   69   69    1    1    1    1    1    1    1    1  2.62953E+14 0.00100 
   70   70    1    1    1    1    1    1    1    1  2.24955E+14 0.00095 
   71   71    1    1    1    1    1    1    1    1  4.09826E+14 0.00092 
   72   72    1    1    1    1    1    1    1    1  2.93878E+14 0.00118 
   73   73    1    1    1    1    1    1    1    1  2.24993E+14 0.00111 
   74   74    1    1    1    1    1    1    1    1  1.83427E+14 0.00135 
   75   75    1    1    1    1    1    1    1    1  1.53246E+14 0.00139 
   76   76    1    1    1    1    1    1    1    1  1.79474E+14 0.00104 
   77   77    1    1    1    1    1    1    1    1  1.42654E+14 0.00143 
   78   78    1    1    1    1    1    1    1    1  1.13297E+14 0.00148 
   79   79    1    1    1    1    1    1    1    1  1.17886E+14 0.00097 
   80   80    1    1    1    1    1    1    1    1  8.78568E+13 0.00165 
   81   81    1    1    1    1    1    1    1    1  6.82904E+13 0.00137 
   82   82    1    1    1    1    1    1    1    1  5.23560E+13 0.00181 
   83   83    1    1    1    1    1    1    1    1  4.90028E+13 0.00238 
   84   84    1    1    1    1    1    1    1    1  3.51443E+13 0.00260 
   85   85    1    1    1    1    1    1    1    1  2.53184E+13 0.00441 
   86   86    1    1    1    1    1    1    1    1  2.38262E+13 0.00341 
   87   87    1    1    1    1    1    1    1    1  1.45402E+13 0.00368 
   88   88    1    1    1    1    1    1    1    1  9.71551E+12 0.00569 
   89   89    1    1    1    1    1    1    1    1  5.60492E+12 0.00634 
   90   90    1    1    1    1    1    1    1    1  3.71707E+12 0.00745 
   91   91    1    1    1    1    1    1    1    1  1.86217E+12 0.00909 
   92   92    1    1    1    1    1    1    1    1  8.71924E+11 0.01689 
   93   93    1    1    1    1    1    1    1    1  4.18436E+11 0.02919 
   94   94    1    1    1    1    1    1    1    1  2.07384E+11 0.03326 
   95   95    1    1    1    1    1    1    1    1  9.87015E+10 0.03928 
   96   96    1    1    1    1    1    1    1    1  4.98390E+10 0.06879 
   97   97    1    1    1    1    1    1    1    1  2.36310E+10 0.10319 
   98   98    1    1    1    1    1    1    1    1  1.04610E+10 0.16951 
   99   99    1    1    1    1    1    1    1    1  4.71819E+09 0.17222 
  100  100    1    1    1    1    1    1    1    1  3.35975E+09 0.25896 
];


