
DETdpaspec = [
    1    1    1    1    1    1    1    1    1    1  0.00000E+00 0.00000 
    2    2    1    1    1    1    1    1    1    1  0.00000E+00 0.00000 
    3    3    1    1    1    1    1    1    1    1  0.00000E+00 0.00000 
    4    4    1    1    1    1    1    1    1    1  0.00000E+00 0.00000 
    5    5    1    1    1    1    1    1    1    1  0.00000E+00 0.00000 
    6    6    1    1    1    1    1    1    1    1  0.00000E+00 0.00000 
    7    7    1    1    1    1    1    1    1    1  0.00000E+00 0.00000 
    8    8    1    1    1    1    1    1    1    1  0.00000E+00 0.00000 
    9    9    1    1    1    1    1    1    1    1  9.70569E+06 1.00000 
   10   10    1    1    1    1    1    1    1    1  0.00000E+00 0.00000 
   11   11    1    1    1    1    1    1    1    1  0.00000E+00 0.00000 
   12   12    1    1    1    1    1    1    1    1  0.00000E+00 0.00000 
   13   13    1    1    1    1    1    1    1    1  2.11707E+08 0.59318 
   14   14    1    1    1    1    1    1    1    1  1.05191E+09 0.47257 
   15   15    1    1    1    1    1    1    1    1  2.72397E+08 0.69755 
   16   16    1    1    1    1    1    1    1    1  0.00000E+00 0.00000 
   17   17    1    1    1    1    1    1    1    1  1.32697E+09 0.35165 
   18   18    1    1    1    1    1    1    1    1  1.08835E+09 0.40933 
   19   19    1    1    1    1    1    1    1    1  2.49872E+09 0.24484 
   20   20    1    1    1    1    1    1    1    1  9.22651E+09 0.24581 
   21   21    1    1    1    1    1    1    1    1  9.95383E+09 0.18406 
   22   22    1    1    1    1    1    1    1    1  4.54272E+10 0.08119 
   23   23    1    1    1    1    1    1    1    1  1.59627E+11 0.03614 
   24   24    1    1    1    1    1    1    1    1  4.53022E+11 0.01794 
   25   25    1    1    1    1    1    1    1    1  7.39865E+11 0.01727 
   26   26    1    1    1    1    1    1    1    1  1.45801E+12 0.01312 
   27   27    1    1    1    1    1    1    1    1  2.72168E+12 0.01169 
   28   28    1    1    1    1    1    1    1    1  5.14783E+12 0.00777 
   29   29    1    1    1    1    1    1    1    1  7.52682E+12 0.00806 
   30   30    1    1    1    1    1    1    1    1  1.38180E+13 0.00557 
   31   31    1    1    1    1    1    1    1    1  2.70132E+13 0.00307 
   32   32    1    1    1    1    1    1    1    1  3.68188E+13 0.00258 
   33   33    1    1    1    1    1    1    1    1  6.80013E+13 0.00243 
   34   34    1    1    1    1    1    1    1    1  8.13039E+13 0.00191 
   35   35    1    1    1    1    1    1    1    1  8.80677E+13 0.00160 
   36   36    1    1    1    1    1    1    1    1  5.72880E+13 0.00181 
   37   37    1    1    1    1    1    1    1    1  1.67391E+13 0.00209 
   38   38    1    1    1    1    1    1    1    1  8.94897E+13 0.00173 
   39   39    1    1    1    1    1    1    1    1  1.12757E+14 0.00124 
   40   40    1    1    1    1    1    1    1    1  1.89482E+14 0.00094 
   41   41    1    1    1    1    1    1    1    1  1.74908E+14 0.00083 
   42   42    1    1    1    1    1    1    1    1  3.44842E+14 0.00109 
   43   43    1    1    1    1    1    1    1    1  3.87504E+14 0.00071 
   44   44    1    1    1    1    1    1    1    1  5.17010E+14 0.00082 
   45   45    1    1    1    1    1    1    1    1  9.64268E+14 0.00064 
   46   46    1    1    1    1    1    1    1    1  4.65492E+14 0.00102 
   47   47    1    1    1    1    1    1    1    1  6.91712E+14 0.00052 
   48   48    1    1    1    1    1    1    1    1  9.55254E+14 0.00053 
   49   49    1    1    1    1    1    1    1    1  8.81035E+14 0.00053 
   50   50    1    1    1    1    1    1    1    1  1.38188E+15 0.00057 
   51   51    1    1    1    1    1    1    1    1  1.05974E+15 0.00059 
   52   52    1    1    1    1    1    1    1    1  1.25312E+15 0.00069 
   53   53    1    1    1    1    1    1    1    1  8.72528E+14 0.00049 
   54   54    1    1    1    1    1    1    1    1  1.08468E+15 0.00059 
   55   55    1    1    1    1    1    1    1    1  7.53295E+14 0.00062 
   56   56    1    1    1    1    1    1    1    1  1.02564E+14 0.00078 
   57   57    1    1    1    1    1    1    1    1  1.47006E+15 0.00061 
   58   58    1    1    1    1    1    1    1    1  6.67613E+14 0.00067 
   59   59    1    1    1    1    1    1    1    1  7.11531E+14 0.00070 
   60   60    1    1    1    1    1    1    1    1  5.71467E+14 0.00053 
   61   61    1    1    1    1    1    1    1    1  5.68770E+14 0.00080 
   62   62    1    1    1    1    1    1    1    1  5.81885E+14 0.00087 
   63   63    1    1    1    1    1    1    1    1  4.89446E+14 0.00080 
   64   64    1    1    1    1    1    1    1    1  3.87719E+14 0.00085 
   65   65    1    1    1    1    1    1    1    1  3.83226E+14 0.00080 
   66   66    1    1    1    1    1    1    1    1  2.91219E+14 0.00075 
   67   67    1    1    1    1    1    1    1    1  2.36522E+14 0.00102 
   68   68    1    1    1    1    1    1    1    1  2.09008E+14 0.00110 
   69   69    1    1    1    1    1    1    1    1  2.51953E+14 0.00122 
   70   70    1    1    1    1    1    1    1    1  2.14235E+14 0.00119 
   71   71    1    1    1    1    1    1    1    1  3.86983E+14 0.00115 
   72   72    1    1    1    1    1    1    1    1  2.75959E+14 0.00110 
   73   73    1    1    1    1    1    1    1    1  2.10385E+14 0.00153 
   74   74    1    1    1    1    1    1    1    1  1.72115E+14 0.00112 
   75   75    1    1    1    1    1    1    1    1  1.44187E+14 0.00146 
   76   76    1    1    1    1    1    1    1    1  1.68881E+14 0.00112 
   77   77    1    1    1    1    1    1    1    1  1.34618E+14 0.00133 
   78   78    1    1    1    1    1    1    1    1  1.06970E+14 0.00179 
   79   79    1    1    1    1    1    1    1    1  1.11269E+14 0.00172 
   80   80    1    1    1    1    1    1    1    1  8.29419E+13 0.00159 
   81   81    1    1    1    1    1    1    1    1  6.42482E+13 0.00238 
   82   82    1    1    1    1    1    1    1    1  4.91636E+13 0.00262 
   83   83    1    1    1    1    1    1    1    1  4.60186E+13 0.00223 
   84   84    1    1    1    1    1    1    1    1  3.31667E+13 0.00272 
   85   85    1    1    1    1    1    1    1    1  2.36710E+13 0.00340 
   86   86    1    1    1    1    1    1    1    1  2.20936E+13 0.00236 
   87   87    1    1    1    1    1    1    1    1  1.34661E+13 0.00399 
   88   88    1    1    1    1    1    1    1    1  8.96969E+12 0.00480 
   89   89    1    1    1    1    1    1    1    1  5.14414E+12 0.00638 
   90   90    1    1    1    1    1    1    1    1  3.37581E+12 0.00794 
   91   91    1    1    1    1    1    1    1    1  1.67194E+12 0.01272 
   92   92    1    1    1    1    1    1    1    1  7.99449E+11 0.01485 
   93   93    1    1    1    1    1    1    1    1  3.79477E+11 0.02290 
   94   94    1    1    1    1    1    1    1    1  1.70112E+11 0.03396 
   95   95    1    1    1    1    1    1    1    1  8.58695E+10 0.06044 
   96   96    1    1    1    1    1    1    1    1  4.05137E+10 0.07821 
   97   97    1    1    1    1    1    1    1    1  2.42288E+10 0.08727 
   98   98    1    1    1    1    1    1    1    1  7.90332E+09 0.13836 
   99   99    1    1    1    1    1    1    1    1  5.58953E+09 0.21091 
  100  100    1    1    1    1    1    1    1    1  5.66633E+09 0.26407 
];


