
DETdpaspec = [
    1    1    1    1    1    1    1    1    1    1  0.00000E+00 0.00000 
    2    2    1    1    1    1    1    1    1    1  0.00000E+00 0.00000 
    3    3    1    1    1    1    1    1    1    1  0.00000E+00 0.00000 
    4    4    1    1    1    1    1    1    1    1  5.46158E+06 1.00000 
    5    5    1    1    1    1    1    1    1    1  0.00000E+00 0.00000 
    6    6    1    1    1    1    1    1    1    1  0.00000E+00 0.00000 
    7    7    1    1    1    1    1    1    1    1  0.00000E+00 0.00000 
    8    8    1    1    1    1    1    1    1    1  0.00000E+00 0.00000 
    9    9    1    1    1    1    1    1    1    1  0.00000E+00 0.00000 
   10   10    1    1    1    1    1    1    1    1  0.00000E+00 0.00000 
   11   11    1    1    1    1    1    1    1    1  8.61120E+07 0.72563 
   12   12    1    1    1    1    1    1    1    1  5.69552E+07 0.45126 
   13   13    1    1    1    1    1    1    1    1  7.25681E+08 0.49216 
   14   14    1    1    1    1    1    1    1    1  1.43148E+09 0.26910 
   15   15    1    1    1    1    1    1    1    1  2.38202E+09 0.27237 
   16   16    1    1    1    1    1    1    1    1  7.34721E+08 0.45411 
   17   17    1    1    1    1    1    1    1    1  1.91104E+09 0.21378 
   18   18    1    1    1    1    1    1    1    1  4.76597E+09 0.15993 
   19   19    1    1    1    1    1    1    1    1  6.11330E+09 0.17244 
   20   20    1    1    1    1    1    1    1    1  1.79460E+10 0.13665 
   21   21    1    1    1    1    1    1    1    1  1.30978E+10 0.08123 
   22   22    1    1    1    1    1    1    1    1  3.38373E+10 0.08655 
   23   23    1    1    1    1    1    1    1    1  5.06001E+10 0.04950 
   24   24    1    1    1    1    1    1    1    1  7.83866E+10 0.06157 
   25   25    1    1    1    1    1    1    1    1  1.09322E+11 0.04793 
   26   26    1    1    1    1    1    1    1    1  1.86183E+11 0.02713 
   27   27    1    1    1    1    1    1    1    1  3.62408E+11 0.03104 
   28   28    1    1    1    1    1    1    1    1  7.81612E+11 0.01441 
   29   29    1    1    1    1    1    1    1    1  1.14256E+12 0.01331 
   30   30    1    1    1    1    1    1    1    1  3.13163E+12 0.00777 
   31   31    1    1    1    1    1    1    1    1  8.32789E+12 0.00524 
   32   32    1    1    1    1    1    1    1    1  1.38991E+13 0.00472 
   33   33    1    1    1    1    1    1    1    1  2.94856E+13 0.00379 
   34   34    1    1    1    1    1    1    1    1  3.69296E+13 0.00273 
   35   35    1    1    1    1    1    1    1    1  5.18506E+13 0.00173 
   36   36    1    1    1    1    1    1    1    1  3.83327E+13 0.00145 
   37   37    1    1    1    1    1    1    1    1  1.19505E+13 0.00198 
   38   38    1    1    1    1    1    1    1    1  6.16190E+13 0.00167 
   39   39    1    1    1    1    1    1    1    1  7.91666E+13 0.00173 
   40   40    1    1    1    1    1    1    1    1  1.33388E+14 0.00134 
   41   41    1    1    1    1    1    1    1    1  1.32464E+14 0.00152 
   42   42    1    1    1    1    1    1    1    1  2.57712E+14 0.00129 
   43   43    1    1    1    1    1    1    1    1  2.95639E+14 0.00142 
   44   44    1    1    1    1    1    1    1    1  4.03349E+14 0.00102 
   45   45    1    1    1    1    1    1    1    1  7.63008E+14 0.00055 
   46   46    1    1    1    1    1    1    1    1  3.84850E+14 0.00074 
   47   47    1    1    1    1    1    1    1    1  5.88162E+14 0.00063 
   48   48    1    1    1    1    1    1    1    1  8.26969E+14 0.00055 
   49   49    1    1    1    1    1    1    1    1  7.86036E+14 0.00065 
   50   50    1    1    1    1    1    1    1    1  1.22500E+15 0.00052 
   51   51    1    1    1    1    1    1    1    1  9.83214E+14 0.00049 
   52   52    1    1    1    1    1    1    1    1  1.14282E+15 0.00067 
   53   53    1    1    1    1    1    1    1    1  8.13893E+14 0.00063 
   54   54    1    1    1    1    1    1    1    1  9.91640E+14 0.00082 
   55   55    1    1    1    1    1    1    1    1  6.98469E+14 0.00072 
   56   56    1    1    1    1    1    1    1    1  9.62636E+13 0.00102 
   57   57    1    1    1    1    1    1    1    1  1.37949E+15 0.00054 
   58   58    1    1    1    1    1    1    1    1  6.09337E+14 0.00082 
   59   59    1    1    1    1    1    1    1    1  6.61560E+14 0.00074 
   60   60    1    1    1    1    1    1    1    1  5.18576E+14 0.00082 
   61   61    1    1    1    1    1    1    1    1  5.21188E+14 0.00085 
   62   62    1    1    1    1    1    1    1    1  5.33477E+14 0.00077 
   63   63    1    1    1    1    1    1    1    1  4.48405E+14 0.00087 
   64   64    1    1    1    1    1    1    1    1  3.56737E+14 0.00106 
   65   65    1    1    1    1    1    1    1    1  3.54300E+14 0.00064 
   66   66    1    1    1    1    1    1    1    1  2.68869E+14 0.00084 
   67   67    1    1    1    1    1    1    1    1  2.21148E+14 0.00095 
   68   68    1    1    1    1    1    1    1    1  1.97050E+14 0.00104 
   69   69    1    1    1    1    1    1    1    1  2.38652E+14 0.00114 
   70   70    1    1    1    1    1    1    1    1  2.04955E+14 0.00141 
   71   71    1    1    1    1    1    1    1    1  3.81937E+14 0.00099 
   72   72    1    1    1    1    1    1    1    1  2.76118E+14 0.00098 
   73   73    1    1    1    1    1    1    1    1  2.10969E+14 0.00115 
   74   74    1    1    1    1    1    1    1    1  1.68983E+14 0.00174 
   75   75    1    1    1    1    1    1    1    1  1.38669E+14 0.00120 
   76   76    1    1    1    1    1    1    1    1  1.59213E+14 0.00089 
   77   77    1    1    1    1    1    1    1    1  1.24448E+14 0.00191 
   78   78    1    1    1    1    1    1    1    1  9.70099E+13 0.00218 
   79   79    1    1    1    1    1    1    1    1  9.96748E+13 0.00150 
   80   80    1    1    1    1    1    1    1    1  7.40483E+13 0.00202 
   81   81    1    1    1    1    1    1    1    1  5.72474E+13 0.00188 
   82   82    1    1    1    1    1    1    1    1  4.38286E+13 0.00195 
   83   83    1    1    1    1    1    1    1    1  4.10335E+13 0.00240 
   84   84    1    1    1    1    1    1    1    1  2.93216E+13 0.00325 
   85   85    1    1    1    1    1    1    1    1  2.11590E+13 0.00392 
   86   86    1    1    1    1    1    1    1    1  1.98260E+13 0.00337 
   87   87    1    1    1    1    1    1    1    1  1.22794E+13 0.00520 
   88   88    1    1    1    1    1    1    1    1  8.28776E+12 0.00659 
   89   89    1    1    1    1    1    1    1    1  4.76914E+12 0.00561 
   90   90    1    1    1    1    1    1    1    1  3.15928E+12 0.01231 
   91   91    1    1    1    1    1    1    1    1  1.63461E+12 0.01545 
   92   92    1    1    1    1    1    1    1    1  7.81072E+11 0.01714 
   93   93    1    1    1    1    1    1    1    1  3.89301E+11 0.02313 
   94   94    1    1    1    1    1    1    1    1  1.81154E+11 0.03880 
   95   95    1    1    1    1    1    1    1    1  8.14648E+10 0.06448 
   96   96    1    1    1    1    1    1    1    1  4.40191E+10 0.07595 
   97   97    1    1    1    1    1    1    1    1  2.09828E+10 0.13555 
   98   98    1    1    1    1    1    1    1    1  9.69045E+09 0.19843 
   99   99    1    1    1    1    1    1    1    1  5.10620E+09 0.18102 
  100  100    1    1    1    1    1    1    1    1  3.17167E+09 0.23439 
];


