
DETdpaspec = [
    1    1    1    1    1    1    1    1    1    1  0.00000E+00 0.00000 
    2    2    1    1    1    1    1    1    1    1  0.00000E+00 0.00000 
    3    3    1    1    1    1    1    1    1    1  0.00000E+00 0.00000 
    4    4    1    1    1    1    1    1    1    1  0.00000E+00 0.00000 
    5    5    1    1    1    1    1    1    1    1  0.00000E+00 0.00000 
    6    6    1    1    1    1    1    1    1    1  0.00000E+00 0.00000 
    7    7    1    1    1    1    1    1    1    1  0.00000E+00 0.00000 
    8    8    1    1    1    1    1    1    1    1  0.00000E+00 0.00000 
    9    9    1    1    1    1    1    1    1    1  5.84976E+06 1.00000 
   10   10    1    1    1    1    1    1    1    1  3.46557E+07 1.00000 
   11   11    1    1    1    1    1    1    1    1  0.00000E+00 0.00000 
   12   12    1    1    1    1    1    1    1    1  0.00000E+00 0.00000 
   13   13    1    1    1    1    1    1    1    1  5.06299E+08 0.80975 
   14   14    1    1    1    1    1    1    1    1  4.01487E+08 0.56197 
   15   15    1    1    1    1    1    1    1    1  1.10856E+09 0.54527 
   16   16    1    1    1    1    1    1    1    1  2.73701E+08 0.69641 
   17   17    1    1    1    1    1    1    1    1  1.67251E+09 0.26776 
   18   18    1    1    1    1    1    1    1    1  2.01795E+09 0.34491 
   19   19    1    1    1    1    1    1    1    1  1.45589E+09 0.36043 
   20   20    1    1    1    1    1    1    1    1  6.73623E+09 0.24667 
   21   21    1    1    1    1    1    1    1    1  7.55021E+09 0.15755 
   22   22    1    1    1    1    1    1    1    1  1.92234E+10 0.13826 
   23   23    1    1    1    1    1    1    1    1  6.37045E+10 0.07066 
   24   24    1    1    1    1    1    1    1    1  2.00553E+11 0.05002 
   25   25    1    1    1    1    1    1    1    1  3.53583E+11 0.02232 
   26   26    1    1    1    1    1    1    1    1  7.15881E+11 0.01464 
   27   27    1    1    1    1    1    1    1    1  1.49895E+12 0.01257 
   28   28    1    1    1    1    1    1    1    1  3.15493E+12 0.01094 
   29   29    1    1    1    1    1    1    1    1  4.92651E+12 0.00899 
   30   30    1    1    1    1    1    1    1    1  9.51767E+12 0.00441 
   31   31    1    1    1    1    1    1    1    1  2.03947E+13 0.00378 
   32   32    1    1    1    1    1    1    1    1  2.90045E+13 0.00324 
   33   33    1    1    1    1    1    1    1    1  5.57050E+13 0.00319 
   34   34    1    1    1    1    1    1    1    1  6.88304E+13 0.00221 
   35   35    1    1    1    1    1    1    1    1  7.74620E+13 0.00236 
   36   36    1    1    1    1    1    1    1    1  5.17162E+13 0.00166 
   37   37    1    1    1    1    1    1    1    1  1.52603E+13 0.00169 
   38   38    1    1    1    1    1    1    1    1  8.16371E+13 0.00138 
   39   39    1    1    1    1    1    1    1    1  1.03115E+14 0.00145 
   40   40    1    1    1    1    1    1    1    1  1.74596E+14 0.00135 
   41   41    1    1    1    1    1    1    1    1  1.62908E+14 0.00130 
   42   42    1    1    1    1    1    1    1    1  3.21757E+14 0.00114 
   43   43    1    1    1    1    1    1    1    1  3.64628E+14 0.00055 
   44   44    1    1    1    1    1    1    1    1  4.90306E+14 0.00068 
   45   45    1    1    1    1    1    1    1    1  9.20458E+14 0.00058 
   46   46    1    1    1    1    1    1    1    1  4.49550E+14 0.00063 
   47   47    1    1    1    1    1    1    1    1  6.70410E+14 0.00045 
   48   48    1    1    1    1    1    1    1    1  9.31525E+14 0.00056 
   49   49    1    1    1    1    1    1    1    1  8.64594E+14 0.00055 
   50   50    1    1    1    1    1    1    1    1  1.36347E+15 0.00052 
   51   51    1    1    1    1    1    1    1    1  1.05271E+15 0.00074 
   52   52    1    1    1    1    1    1    1    1  1.24770E+15 0.00067 
   53   53    1    1    1    1    1    1    1    1  8.73508E+14 0.00058 
   54   54    1    1    1    1    1    1    1    1  1.08698E+15 0.00057 
   55   55    1    1    1    1    1    1    1    1  7.57541E+14 0.00063 
   56   56    1    1    1    1    1    1    1    1  1.03280E+14 0.00103 
   57   57    1    1    1    1    1    1    1    1  1.48149E+15 0.00046 
   58   58    1    1    1    1    1    1    1    1  6.74601E+14 0.00078 
   59   59    1    1    1    1    1    1    1    1  7.21286E+14 0.00067 
   60   60    1    1    1    1    1    1    1    1  5.78217E+14 0.00064 
   61   61    1    1    1    1    1    1    1    1  5.76265E+14 0.00069 
   62   62    1    1    1    1    1    1    1    1  5.89638E+14 0.00068 
   63   63    1    1    1    1    1    1    1    1  4.98099E+14 0.00075 
   64   64    1    1    1    1    1    1    1    1  3.95254E+14 0.00066 
   65   65    1    1    1    1    1    1    1    1  3.90994E+14 0.00079 
   66   66    1    1    1    1    1    1    1    1  2.97651E+14 0.00083 
   67   67    1    1    1    1    1    1    1    1  2.42423E+14 0.00100 
   68   68    1    1    1    1    1    1    1    1  2.14422E+14 0.00082 
   69   69    1    1    1    1    1    1    1    1  2.58539E+14 0.00081 
   70   70    1    1    1    1    1    1    1    1  2.20476E+14 0.00118 
   71   71    1    1    1    1    1    1    1    1  4.00322E+14 0.00090 
   72   72    1    1    1    1    1    1    1    1  2.85712E+14 0.00078 
   73   73    1    1    1    1    1    1    1    1  2.18526E+14 0.00085 
   74   74    1    1    1    1    1    1    1    1  1.78813E+14 0.00075 
   75   75    1    1    1    1    1    1    1    1  1.49784E+14 0.00092 
   76   76    1    1    1    1    1    1    1    1  1.74850E+14 0.00128 
   77   77    1    1    1    1    1    1    1    1  1.39734E+14 0.00138 
   78   78    1    1    1    1    1    1    1    1  1.10883E+14 0.00142 
   79   79    1    1    1    1    1    1    1    1  1.15283E+14 0.00139 
   80   80    1    1    1    1    1    1    1    1  8.61254E+13 0.00162 
   81   81    1    1    1    1    1    1    1    1  6.66769E+13 0.00204 
   82   82    1    1    1    1    1    1    1    1  5.14499E+13 0.00282 
   83   83    1    1    1    1    1    1    1    1  4.78684E+13 0.00238 
   84   84    1    1    1    1    1    1    1    1  3.43689E+13 0.00242 
   85   85    1    1    1    1    1    1    1    1  2.47472E+13 0.00284 
   86   86    1    1    1    1    1    1    1    1  2.31110E+13 0.00286 
   87   87    1    1    1    1    1    1    1    1  1.42286E+13 0.00401 
   88   88    1    1    1    1    1    1    1    1  9.48655E+12 0.00442 
   89   89    1    1    1    1    1    1    1    1  5.43979E+12 0.00501 
   90   90    1    1    1    1    1    1    1    1  3.59440E+12 0.00578 
   91   91    1    1    1    1    1    1    1    1  1.79315E+12 0.01370 
   92   92    1    1    1    1    1    1    1    1  8.76071E+11 0.01742 
   93   93    1    1    1    1    1    1    1    1  4.11201E+11 0.02413 
   94   94    1    1    1    1    1    1    1    1  1.98910E+11 0.03184 
   95   95    1    1    1    1    1    1    1    1  9.07680E+10 0.05475 
   96   96    1    1    1    1    1    1    1    1  3.88866E+10 0.07514 
   97   97    1    1    1    1    1    1    1    1  2.28556E+10 0.10570 
   98   98    1    1    1    1    1    1    1    1  8.54433E+09 0.15848 
   99   99    1    1    1    1    1    1    1    1  5.82051E+09 0.19413 
  100  100    1    1    1    1    1    1    1    1  4.37144E+09 0.19786 
];


