
DETdpaspec = [
    1    1    1    1    1    1    1    1    1    1  0.00000E+00 0.00000 
    2    2    1    1    1    1    1    1    1    1  0.00000E+00 0.00000 
    3    3    1    1    1    1    1    1    1    1  0.00000E+00 0.00000 
    4    4    1    1    1    1    1    1    1    1  0.00000E+00 0.00000 
    5    5    1    1    1    1    1    1    1    1  0.00000E+00 0.00000 
    6    6    1    1    1    1    1    1    1    1  0.00000E+00 0.00000 
    7    7    1    1    1    1    1    1    1    1  0.00000E+00 0.00000 
    8    8    1    1    1    1    1    1    1    1  0.00000E+00 0.00000 
    9    9    1    1    1    1    1    1    1    1  0.00000E+00 0.00000 
   10   10    1    1    1    1    1    1    1    1  9.41705E+07 0.48537 
   11   11    1    1    1    1    1    1    1    1  6.40335E+07 1.00000 
   12   12    1    1    1    1    1    1    1    1  1.33375E+06 1.00000 
   13   13    1    1    1    1    1    1    1    1  4.71929E+08 0.45219 
   14   14    1    1    1    1    1    1    1    1  8.50245E+08 0.56976 
   15   15    1    1    1    1    1    1    1    1  7.52848E+08 0.51869 
   16   16    1    1    1    1    1    1    1    1  4.46926E+08 0.51742 
   17   17    1    1    1    1    1    1    1    1  1.08297E+09 0.36893 
   18   18    1    1    1    1    1    1    1    1  3.37835E+09 0.19126 
   19   19    1    1    1    1    1    1    1    1  3.26262E+09 0.18489 
   20   20    1    1    1    1    1    1    1    1  7.28137E+09 0.13267 
   21   21    1    1    1    1    1    1    1    1  8.82704E+09 0.16546 
   22   22    1    1    1    1    1    1    1    1  2.14473E+10 0.12840 
   23   23    1    1    1    1    1    1    1    1  3.75903E+10 0.08481 
   24   24    1    1    1    1    1    1    1    1  6.21075E+10 0.04819 
   25   25    1    1    1    1    1    1    1    1  1.04165E+11 0.03954 
   26   26    1    1    1    1    1    1    1    1  2.22649E+11 0.02974 
   27   27    1    1    1    1    1    1    1    1  4.64919E+11 0.01956 
   28   28    1    1    1    1    1    1    1    1  1.13901E+12 0.01277 
   29   29    1    1    1    1    1    1    1    1  1.88356E+12 0.00939 
   30   30    1    1    1    1    1    1    1    1  4.37439E+12 0.01021 
   31   31    1    1    1    1    1    1    1    1  1.09554E+13 0.00528 
   32   32    1    1    1    1    1    1    1    1  1.72754E+13 0.00524 
   33   33    1    1    1    1    1    1    1    1  3.61265E+13 0.00425 
   34   34    1    1    1    1    1    1    1    1  4.65271E+13 0.00268 
   35   35    1    1    1    1    1    1    1    1  5.84093E+13 0.00201 
   36   36    1    1    1    1    1    1    1    1  4.12635E+13 0.00216 
   37   37    1    1    1    1    1    1    1    1  1.24837E+13 0.00227 
   38   38    1    1    1    1    1    1    1    1  6.61440E+13 0.00211 
   39   39    1    1    1    1    1    1    1    1  8.48739E+13 0.00156 
   40   40    1    1    1    1    1    1    1    1  1.45201E+14 0.00136 
   41   41    1    1    1    1    1    1    1    1  1.39422E+14 0.00116 
   42   42    1    1    1    1    1    1    1    1  2.76462E+14 0.00098 
   43   43    1    1    1    1    1    1    1    1  3.17576E+14 0.00110 
   44   44    1    1    1    1    1    1    1    1  4.33300E+14 0.00125 
   45   45    1    1    1    1    1    1    1    1  8.26777E+14 0.00106 
   46   46    1    1    1    1    1    1    1    1  4.12269E+14 0.00107 
   47   47    1    1    1    1    1    1    1    1  6.22496E+14 0.00087 
   48   48    1    1    1    1    1    1    1    1  8.74946E+14 0.00056 
   49   49    1    1    1    1    1    1    1    1  8.22985E+14 0.00080 
   50   50    1    1    1    1    1    1    1    1  1.30149E+15 0.00050 
   51   51    1    1    1    1    1    1    1    1  1.02507E+15 0.00070 
   52   52    1    1    1    1    1    1    1    1  1.21221E+15 0.00055 
   53   53    1    1    1    1    1    1    1    1  8.56483E+14 0.00078 
   54   54    1    1    1    1    1    1    1    1  1.06452E+15 0.00055 
   55   55    1    1    1    1    1    1    1    1  7.45667E+14 0.00051 
   56   56    1    1    1    1    1    1    1    1  1.01993E+14 0.00129 
   57   57    1    1    1    1    1    1    1    1  1.46971E+15 0.00060 
   58   58    1    1    1    1    1    1    1    1  6.64630E+14 0.00062 
   59   59    1    1    1    1    1    1    1    1  7.16114E+14 0.00088 
   60   60    1    1    1    1    1    1    1    1  5.71677E+14 0.00068 
   61   61    1    1    1    1    1    1    1    1  5.71248E+14 0.00105 
   62   62    1    1    1    1    1    1    1    1  5.87225E+14 0.00101 
   63   63    1    1    1    1    1    1    1    1  4.96036E+14 0.00105 
   64   64    1    1    1    1    1    1    1    1  3.94838E+14 0.00072 
   65   65    1    1    1    1    1    1    1    1  3.91020E+14 0.00120 
   66   66    1    1    1    1    1    1    1    1  2.98323E+14 0.00105 
   67   67    1    1    1    1    1    1    1    1  2.44146E+14 0.00116 
   68   68    1    1    1    1    1    1    1    1  2.17177E+14 0.00087 
   69   69    1    1    1    1    1    1    1    1  2.62703E+14 0.00114 
   70   70    1    1    1    1    1    1    1    1  2.24471E+14 0.00140 
   71   71    1    1    1    1    1    1    1    1  4.12181E+14 0.00080 
   72   72    1    1    1    1    1    1    1    1  2.95892E+14 0.00118 
   73   73    1    1    1    1    1    1    1    1  2.26949E+14 0.00126 
   74   74    1    1    1    1    1    1    1    1  1.84373E+14 0.00102 
   75   75    1    1    1    1    1    1    1    1  1.53954E+14 0.00125 
   76   76    1    1    1    1    1    1    1    1  1.79276E+14 0.00105 
   77   77    1    1    1    1    1    1    1    1  1.41894E+14 0.00138 
   78   78    1    1    1    1    1    1    1    1  1.12216E+14 0.00166 
   79   79    1    1    1    1    1    1    1    1  1.16430E+14 0.00165 
   80   80    1    1    1    1    1    1    1    1  8.67400E+13 0.00198 
   81   81    1    1    1    1    1    1    1    1  6.71470E+13 0.00169 
   82   82    1    1    1    1    1    1    1    1  5.16137E+13 0.00234 
   83   83    1    1    1    1    1    1    1    1  4.84787E+13 0.00280 
   84   84    1    1    1    1    1    1    1    1  3.47173E+13 0.00283 
   85   85    1    1    1    1    1    1    1    1  2.49793E+13 0.00315 
   86   86    1    1    1    1    1    1    1    1  2.35257E+13 0.00339 
   87   87    1    1    1    1    1    1    1    1  1.43680E+13 0.00437 
   88   88    1    1    1    1    1    1    1    1  9.66930E+12 0.00576 
   89   89    1    1    1    1    1    1    1    1  5.48969E+12 0.00669 
   90   90    1    1    1    1    1    1    1    1  3.66118E+12 0.00686 
   91   91    1    1    1    1    1    1    1    1  1.86037E+12 0.01234 
   92   92    1    1    1    1    1    1    1    1  9.19832E+11 0.02021 
   93   93    1    1    1    1    1    1    1    1  4.32391E+11 0.02761 
   94   94    1    1    1    1    1    1    1    1  1.97605E+11 0.04534 
   95   95    1    1    1    1    1    1    1    1  1.03925E+11 0.05668 
   96   96    1    1    1    1    1    1    1    1  4.25825E+10 0.06693 
   97   97    1    1    1    1    1    1    1    1  2.29503E+10 0.10045 
   98   98    1    1    1    1    1    1    1    1  9.73362E+09 0.14753 
   99   99    1    1    1    1    1    1    1    1  6.10371E+09 0.19039 
  100  100    1    1    1    1    1    1    1    1  2.36356E+09 0.32120 
];


