
DETdpaspec = [
    1    1    1    1    1    1    1    1    1    1  0.00000E+00 0.00000 
    2    2    1    1    1    1    1    1    1    1  0.00000E+00 0.00000 
    3    3    1    1    1    1    1    1    1    1  0.00000E+00 0.00000 
    4    4    1    1    1    1    1    1    1    1  7.75800E+06 1.00000 
    5    5    1    1    1    1    1    1    1    1  0.00000E+00 0.00000 
    6    6    1    1    1    1    1    1    1    1  0.00000E+00 0.00000 
    7    7    1    1    1    1    1    1    1    1  0.00000E+00 0.00000 
    8    8    1    1    1    1    1    1    1    1  1.86951E+07 1.00000 
    9    9    1    1    1    1    1    1    1    1  0.00000E+00 0.00000 
   10   10    1    1    1    1    1    1    1    1  0.00000E+00 0.00000 
   11   11    1    1    1    1    1    1    1    1  0.00000E+00 0.00000 
   12   12    1    1    1    1    1    1    1    1  5.31614E+07 0.55668 
   13   13    1    1    1    1    1    1    1    1  4.52641E+08 0.52899 
   14   14    1    1    1    1    1    1    1    1  2.60169E+09 0.34807 
   15   15    1    1    1    1    1    1    1    1  1.21688E+09 0.34039 
   16   16    1    1    1    1    1    1    1    1  5.42098E+08 0.33182 
   17   17    1    1    1    1    1    1    1    1  1.24933E+09 0.28744 
   18   18    1    1    1    1    1    1    1    1  3.16572E+09 0.30487 
   19   19    1    1    1    1    1    1    1    1  3.08109E+09 0.16261 
   20   20    1    1    1    1    1    1    1    1  1.17794E+10 0.14586 
   21   21    1    1    1    1    1    1    1    1  9.06393E+09 0.13424 
   22   22    1    1    1    1    1    1    1    1  1.74827E+10 0.09163 
   23   23    1    1    1    1    1    1    1    1  3.11029E+10 0.09711 
   24   24    1    1    1    1    1    1    1    1  6.01351E+10 0.05283 
   25   25    1    1    1    1    1    1    1    1  9.21758E+10 0.04075 
   26   26    1    1    1    1    1    1    1    1  1.92315E+11 0.03214 
   27   27    1    1    1    1    1    1    1    1  4.32957E+11 0.02675 
   28   28    1    1    1    1    1    1    1    1  1.04067E+12 0.01439 
   29   29    1    1    1    1    1    1    1    1  1.68335E+12 0.01187 
   30   30    1    1    1    1    1    1    1    1  4.03755E+12 0.00792 
   31   31    1    1    1    1    1    1    1    1  1.04201E+13 0.00524 
   32   32    1    1    1    1    1    1    1    1  1.64477E+13 0.00425 
   33   33    1    1    1    1    1    1    1    1  3.45671E+13 0.00408 
   34   34    1    1    1    1    1    1    1    1  4.45860E+13 0.00314 
   35   35    1    1    1    1    1    1    1    1  5.66943E+13 0.00261 
   36   36    1    1    1    1    1    1    1    1  4.02982E+13 0.00198 
   37   37    1    1    1    1    1    1    1    1  1.22398E+13 0.00233 
   38   38    1    1    1    1    1    1    1    1  6.48405E+13 0.00145 
   39   39    1    1    1    1    1    1    1    1  8.33709E+13 0.00159 
   40   40    1    1    1    1    1    1    1    1  1.42452E+14 0.00138 
   41   41    1    1    1    1    1    1    1    1  1.37173E+14 0.00133 
   42   42    1    1    1    1    1    1    1    1  2.72462E+14 0.00090 
   43   43    1    1    1    1    1    1    1    1  3.13247E+14 0.00119 
   44   44    1    1    1    1    1    1    1    1  4.27695E+14 0.00076 
   45   45    1    1    1    1    1    1    1    1  8.16759E+14 0.00076 
   46   46    1    1    1    1    1    1    1    1  4.07647E+14 0.00066 
   47   47    1    1    1    1    1    1    1    1  6.16385E+14 0.00065 
   48   48    1    1    1    1    1    1    1    1  8.67075E+14 0.00058 
   49   49    1    1    1    1    1    1    1    1  8.16843E+14 0.00059 
   50   50    1    1    1    1    1    1    1    1  1.29264E+15 0.00051 
   51   51    1    1    1    1    1    1    1    1  1.02078E+15 0.00056 
   52   52    1    1    1    1    1    1    1    1  1.20646E+15 0.00070 
   53   53    1    1    1    1    1    1    1    1  8.53642E+14 0.00053 
   54   54    1    1    1    1    1    1    1    1  1.05951E+15 0.00067 
   55   55    1    1    1    1    1    1    1    1  7.42718E+14 0.00072 
   56   56    1    1    1    1    1    1    1    1  1.01593E+14 0.00099 
   57   57    1    1    1    1    1    1    1    1  1.46228E+15 0.00060 
   58   58    1    1    1    1    1    1    1    1  6.60317E+14 0.00075 
   59   59    1    1    1    1    1    1    1    1  7.12135E+14 0.00064 
   60   60    1    1    1    1    1    1    1    1  5.67461E+14 0.00062 
   61   61    1    1    1    1    1    1    1    1  5.68316E+14 0.00052 
   62   62    1    1    1    1    1    1    1    1  5.83263E+14 0.00075 
   63   63    1    1    1    1    1    1    1    1  4.92768E+14 0.00087 
   64   64    1    1    1    1    1    1    1    1  3.92584E+14 0.00093 
   65   65    1    1    1    1    1    1    1    1  3.90023E+14 0.00065 
   66   66    1    1    1    1    1    1    1    1  2.97376E+14 0.00099 
   67   67    1    1    1    1    1    1    1    1  2.43137E+14 0.00116 
   68   68    1    1    1    1    1    1    1    1  2.16110E+14 0.00122 
   69   69    1    1    1    1    1    1    1    1  2.61547E+14 0.00107 
   70   70    1    1    1    1    1    1    1    1  2.23574E+14 0.00129 
   71   71    1    1    1    1    1    1    1    1  4.10508E+14 0.00097 
   72   72    1    1    1    1    1    1    1    1  2.95778E+14 0.00103 
   73   73    1    1    1    1    1    1    1    1  2.26054E+14 0.00104 
   74   74    1    1    1    1    1    1    1    1  1.84337E+14 0.00109 
   75   75    1    1    1    1    1    1    1    1  1.53355E+14 0.00157 
   76   76    1    1    1    1    1    1    1    1  1.78208E+14 0.00124 
   77   77    1    1    1    1    1    1    1    1  1.41189E+14 0.00132 
   78   78    1    1    1    1    1    1    1    1  1.11391E+14 0.00139 
   79   79    1    1    1    1    1    1    1    1  1.15697E+14 0.00130 
   80   80    1    1    1    1    1    1    1    1  8.59971E+13 0.00149 
   81   81    1    1    1    1    1    1    1    1  6.65269E+13 0.00168 
   82   82    1    1    1    1    1    1    1    1  5.12944E+13 0.00166 
   83   83    1    1    1    1    1    1    1    1  4.78532E+13 0.00253 
   84   84    1    1    1    1    1    1    1    1  3.44388E+13 0.00390 
   85   85    1    1    1    1    1    1    1    1  2.50226E+13 0.00316 
   86   86    1    1    1    1    1    1    1    1  2.32867E+13 0.00253 
   87   87    1    1    1    1    1    1    1    1  1.43361E+13 0.00394 
   88   88    1    1    1    1    1    1    1    1  9.72620E+12 0.00572 
   89   89    1    1    1    1    1    1    1    1  5.59636E+12 0.00745 
   90   90    1    1    1    1    1    1    1    1  3.63390E+12 0.00780 
   91   91    1    1    1    1    1    1    1    1  1.88757E+12 0.01036 
   92   92    1    1    1    1    1    1    1    1  8.96192E+11 0.01335 
   93   93    1    1    1    1    1    1    1    1  4.27855E+11 0.02796 
   94   94    1    1    1    1    1    1    1    1  2.05850E+11 0.03718 
   95   95    1    1    1    1    1    1    1    1  1.02271E+11 0.04771 
   96   96    1    1    1    1    1    1    1    1  5.04256E+10 0.07984 
   97   97    1    1    1    1    1    1    1    1  2.40140E+10 0.08512 
   98   98    1    1    1    1    1    1    1    1  1.15191E+10 0.14141 
   99   99    1    1    1    1    1    1    1    1  5.91185E+09 0.23834 
  100  100    1    1    1    1    1    1    1    1  2.98291E+09 0.27093 
];


