
DETdpaspec = [
    1    1    1    1    1    1    1    1    1    1  0.00000E+00 0.00000 
    2    2    1    1    1    1    1    1    1    1  0.00000E+00 0.00000 
    3    3    1    1    1    1    1    1    1    1  0.00000E+00 0.00000 
    4    4    1    1    1    1    1    1    1    1  0.00000E+00 0.00000 
    5    5    1    1    1    1    1    1    1    1  0.00000E+00 0.00000 
    6    6    1    1    1    1    1    1    1    1  0.00000E+00 0.00000 
    7    7    1    1    1    1    1    1    1    1  0.00000E+00 0.00000 
    8    8    1    1    1    1    1    1    1    1  0.00000E+00 0.00000 
    9    9    1    1    1    1    1    1    1    1  1.03967E+07 0.69469 
   10   10    1    1    1    1    1    1    1    1  0.00000E+00 0.00000 
   11   11    1    1    1    1    1    1    1    1  1.48213E+08 0.77507 
   12   12    1    1    1    1    1    1    1    1  1.09091E+08 0.68831 
   13   13    1    1    1    1    1    1    1    1  6.65683E+08 0.37824 
   14   14    1    1    1    1    1    1    1    1  5.66965E+08 0.55032 
   15   15    1    1    1    1    1    1    1    1  1.63927E+09 0.51689 
   16   16    1    1    1    1    1    1    1    1  4.47395E+08 0.45900 
   17   17    1    1    1    1    1    1    1    1  6.84390E+08 0.46759 
   18   18    1    1    1    1    1    1    1    1  1.66893E+09 0.36382 
   19   19    1    1    1    1    1    1    1    1  1.63966E+09 0.36403 
   20   20    1    1    1    1    1    1    1    1  8.02358E+09 0.15135 
   21   21    1    1    1    1    1    1    1    1  7.25227E+09 0.15930 
   22   22    1    1    1    1    1    1    1    1  1.63025E+10 0.11832 
   23   23    1    1    1    1    1    1    1    1  4.92044E+10 0.05918 
   24   24    1    1    1    1    1    1    1    1  1.47454E+11 0.04225 
   25   25    1    1    1    1    1    1    1    1  2.51879E+11 0.03008 
   26   26    1    1    1    1    1    1    1    1  5.59801E+11 0.02011 
   27   27    1    1    1    1    1    1    1    1  1.12995E+12 0.01411 
   28   28    1    1    1    1    1    1    1    1  2.54040E+12 0.00804 
   29   29    1    1    1    1    1    1    1    1  4.04298E+12 0.00881 
   30   30    1    1    1    1    1    1    1    1  8.10446E+12 0.00632 
   31   31    1    1    1    1    1    1    1    1  1.78819E+13 0.00427 
   32   32    1    1    1    1    1    1    1    1  2.58945E+13 0.00361 
   33   33    1    1    1    1    1    1    1    1  5.08931E+13 0.00233 
   34   34    1    1    1    1    1    1    1    1  6.34811E+13 0.00262 
   35   35    1    1    1    1    1    1    1    1  7.27680E+13 0.00214 
   36   36    1    1    1    1    1    1    1    1  4.91061E+13 0.00165 
   37   37    1    1    1    1    1    1    1    1  1.45261E+13 0.00188 
   38   38    1    1    1    1    1    1    1    1  7.78956E+13 0.00125 
   39   39    1    1    1    1    1    1    1    1  9.91121E+13 0.00157 
   40   40    1    1    1    1    1    1    1    1  1.68121E+14 0.00126 
   41   41    1    1    1    1    1    1    1    1  1.57498E+14 0.00118 
   42   42    1    1    1    1    1    1    1    1  3.11926E+14 0.00085 
   43   43    1    1    1    1    1    1    1    1  3.54174E+14 0.00109 
   44   44    1    1    1    1    1    1    1    1  4.77402E+14 0.00091 
   45   45    1    1    1    1    1    1    1    1  9.00602E+14 0.00062 
   46   46    1    1    1    1    1    1    1    1  4.41975E+14 0.00057 
   47   47    1    1    1    1    1    1    1    1  6.61485E+14 0.00068 
   48   48    1    1    1    1    1    1    1    1  9.20924E+14 0.00066 
   49   49    1    1    1    1    1    1    1    1  8.57065E+14 0.00056 
   50   50    1    1    1    1    1    1    1    1  1.35306E+15 0.00051 
   51   51    1    1    1    1    1    1    1    1  1.04910E+15 0.00063 
   52   52    1    1    1    1    1    1    1    1  1.24314E+15 0.00047 
   53   53    1    1    1    1    1    1    1    1  8.71070E+14 0.00067 
   54   54    1    1    1    1    1    1    1    1  1.08595E+15 0.00041 
   55   55    1    1    1    1    1    1    1    1  7.56676E+14 0.00043 
   56   56    1    1    1    1    1    1    1    1  1.03155E+14 0.00111 
   57   57    1    1    1    1    1    1    1    1  1.48377E+15 0.00050 
   58   58    1    1    1    1    1    1    1    1  6.74317E+14 0.00056 
   59   59    1    1    1    1    1    1    1    1  7.21779E+14 0.00057 
   60   60    1    1    1    1    1    1    1    1  5.78974E+14 0.00065 
   61   61    1    1    1    1    1    1    1    1  5.78206E+14 0.00064 
   62   62    1    1    1    1    1    1    1    1  5.92591E+14 0.00058 
   63   63    1    1    1    1    1    1    1    1  4.99491E+14 0.00078 
   64   64    1    1    1    1    1    1    1    1  3.97134E+14 0.00072 
   65   65    1    1    1    1    1    1    1    1  3.93229E+14 0.00088 
   66   66    1    1    1    1    1    1    1    1  2.99582E+14 0.00081 
   67   67    1    1    1    1    1    1    1    1  2.43981E+14 0.00096 
   68   68    1    1    1    1    1    1    1    1  2.16236E+14 0.00105 
   69   69    1    1    1    1    1    1    1    1  2.61120E+14 0.00115 
   70   70    1    1    1    1    1    1    1    1  2.22637E+14 0.00131 
   71   71    1    1    1    1    1    1    1    1  4.04925E+14 0.00086 
   72   72    1    1    1    1    1    1    1    1  2.89169E+14 0.00115 
   73   73    1    1    1    1    1    1    1    1  2.21383E+14 0.00125 
   74   74    1    1    1    1    1    1    1    1  1.81006E+14 0.00134 
   75   75    1    1    1    1    1    1    1    1  1.51739E+14 0.00168 
   76   76    1    1    1    1    1    1    1    1  1.77487E+14 0.00126 
   77   77    1    1    1    1    1    1    1    1  1.41425E+14 0.00166 
   78   78    1    1    1    1    1    1    1    1  1.12002E+14 0.00137 
   79   79    1    1    1    1    1    1    1    1  1.16820E+14 0.00140 
   80   80    1    1    1    1    1    1    1    1  8.68071E+13 0.00154 
   81   81    1    1    1    1    1    1    1    1  6.72124E+13 0.00223 
   82   82    1    1    1    1    1    1    1    1  5.19349E+13 0.00194 
   83   83    1    1    1    1    1    1    1    1  4.82979E+13 0.00227 
   84   84    1    1    1    1    1    1    1    1  3.48094E+13 0.00202 
   85   85    1    1    1    1    1    1    1    1  2.51468E+13 0.00269 
   86   86    1    1    1    1    1    1    1    1  2.34863E+13 0.00373 
   87   87    1    1    1    1    1    1    1    1  1.43943E+13 0.00376 
   88   88    1    1    1    1    1    1    1    1  9.64255E+12 0.00463 
   89   89    1    1    1    1    1    1    1    1  5.45357E+12 0.00512 
   90   90    1    1    1    1    1    1    1    1  3.64978E+12 0.00728 
   91   91    1    1    1    1    1    1    1    1  1.88160E+12 0.01255 
   92   92    1    1    1    1    1    1    1    1  8.95751E+11 0.02048 
   93   93    1    1    1    1    1    1    1    1  4.20735E+11 0.01904 
   94   94    1    1    1    1    1    1    1    1  2.04472E+11 0.05467 
   95   95    1    1    1    1    1    1    1    1  9.31093E+10 0.04758 
   96   96    1    1    1    1    1    1    1    1  4.82829E+10 0.05654 
   97   97    1    1    1    1    1    1    1    1  1.85838E+10 0.11699 
   98   98    1    1    1    1    1    1    1    1  1.21189E+10 0.13514 
   99   99    1    1    1    1    1    1    1    1  4.16336E+09 0.24879 
  100  100    1    1    1    1    1    1    1    1  2.78152E+09 0.29194 
];


