
DETdpaspec = [
    1    1    1    1    1    1    1    1    1    1  0.00000E+00 0.00000 
    2    2    1    1    1    1    1    1    1    1  0.00000E+00 0.00000 
    3    3    1    1    1    1    1    1    1    1  0.00000E+00 0.00000 
    4    4    1    1    1    1    1    1    1    1  0.00000E+00 0.00000 
    5    5    1    1    1    1    1    1    1    1  0.00000E+00 0.00000 
    6    6    1    1    1    1    1    1    1    1  0.00000E+00 0.00000 
    7    7    1    1    1    1    1    1    1    1  0.00000E+00 0.00000 
    8    8    1    1    1    1    1    1    1    1  0.00000E+00 0.00000 
    9    9    1    1    1    1    1    1    1    1  0.00000E+00 0.00000 
   10   10    1    1    1    1    1    1    1    1  0.00000E+00 0.00000 
   11   11    1    1    1    1    1    1    1    1  0.00000E+00 0.00000 
   12   12    1    1    1    1    1    1    1    1  3.09853E+07 1.00000 
   13   13    1    1    1    1    1    1    1    1  5.30287E+08 0.56095 
   14   14    1    1    1    1    1    1    1    1  1.09337E+09 0.54831 
   15   15    1    1    1    1    1    1    1    1  1.02060E+09 0.68846 
   16   16    1    1    1    1    1    1    1    1  3.80907E+08 0.50238 
   17   17    1    1    1    1    1    1    1    1  3.01249E+08 0.44881 
   18   18    1    1    1    1    1    1    1    1  1.16247E+09 0.32334 
   19   19    1    1    1    1    1    1    1    1  1.43759E+09 0.35218 
   20   20    1    1    1    1    1    1    1    1  5.98830E+09 0.21707 
   21   21    1    1    1    1    1    1    1    1  7.99174E+09 0.10979 
   22   22    1    1    1    1    1    1    1    1  1.83276E+10 0.07106 
   23   23    1    1    1    1    1    1    1    1  4.93200E+10 0.07280 
   24   24    1    1    1    1    1    1    1    1  1.44748E+11 0.04433 
   25   25    1    1    1    1    1    1    1    1  2.51762E+11 0.02918 
   26   26    1    1    1    1    1    1    1    1  5.32986E+11 0.02471 
   27   27    1    1    1    1    1    1    1    1  1.11054E+12 0.01680 
   28   28    1    1    1    1    1    1    1    1  2.42196E+12 0.01244 
   29   29    1    1    1    1    1    1    1    1  3.88131E+12 0.01062 
   30   30    1    1    1    1    1    1    1    1  7.82358E+12 0.00622 
   31   31    1    1    1    1    1    1    1    1  1.77000E+13 0.00451 
   32   32    1    1    1    1    1    1    1    1  2.56423E+13 0.00384 
   33   33    1    1    1    1    1    1    1    1  5.04908E+13 0.00242 
   34   34    1    1    1    1    1    1    1    1  6.30961E+13 0.00203 
   35   35    1    1    1    1    1    1    1    1  7.23652E+13 0.00237 
   36   36    1    1    1    1    1    1    1    1  4.87282E+13 0.00184 
   37   37    1    1    1    1    1    1    1    1  1.44505E+13 0.00187 
   38   38    1    1    1    1    1    1    1    1  7.72509E+13 0.00146 
   39   39    1    1    1    1    1    1    1    1  9.85688E+13 0.00170 
   40   40    1    1    1    1    1    1    1    1  1.66995E+14 0.00109 
   41   41    1    1    1    1    1    1    1    1  1.56949E+14 0.00124 
   42   42    1    1    1    1    1    1    1    1  3.10438E+14 0.00105 
   43   43    1    1    1    1    1    1    1    1  3.53024E+14 0.00100 
   44   44    1    1    1    1    1    1    1    1  4.75569E+14 0.00084 
   45   45    1    1    1    1    1    1    1    1  8.99745E+14 0.00064 
   46   46    1    1    1    1    1    1    1    1  4.40724E+14 0.00056 
   47   47    1    1    1    1    1    1    1    1  6.60459E+14 0.00074 
   48   48    1    1    1    1    1    1    1    1  9.19966E+14 0.00043 
   49   49    1    1    1    1    1    1    1    1  8.56914E+14 0.00050 
   50   50    1    1    1    1    1    1    1    1  1.35250E+15 0.00052 
   51   51    1    1    1    1    1    1    1    1  1.04985E+15 0.00050 
   52   52    1    1    1    1    1    1    1    1  1.24383E+15 0.00064 
   53   53    1    1    1    1    1    1    1    1  8.71736E+14 0.00047 
   54   54    1    1    1    1    1    1    1    1  1.08523E+15 0.00038 
   55   55    1    1    1    1    1    1    1    1  7.57860E+14 0.00059 
   56   56    1    1    1    1    1    1    1    1  1.03294E+14 0.00099 
   57   57    1    1    1    1    1    1    1    1  1.48481E+15 0.00050 
   58   58    1    1    1    1    1    1    1    1  6.75016E+14 0.00064 
   59   59    1    1    1    1    1    1    1    1  7.23310E+14 0.00065 
   60   60    1    1    1    1    1    1    1    1  5.79522E+14 0.00057 
   61   61    1    1    1    1    1    1    1    1  5.78714E+14 0.00049 
   62   62    1    1    1    1    1    1    1    1  5.93244E+14 0.00054 
   63   63    1    1    1    1    1    1    1    1  5.00584E+14 0.00067 
   64   64    1    1    1    1    1    1    1    1  3.97770E+14 0.00070 
   65   65    1    1    1    1    1    1    1    1  3.93527E+14 0.00064 
   66   66    1    1    1    1    1    1    1    1  2.99960E+14 0.00079 
   67   67    1    1    1    1    1    1    1    1  2.43918E+14 0.00103 
   68   68    1    1    1    1    1    1    1    1  2.16341E+14 0.00121 
   69   69    1    1    1    1    1    1    1    1  2.61745E+14 0.00115 
   70   70    1    1    1    1    1    1    1    1  2.22756E+14 0.00113 
   71   71    1    1    1    1    1    1    1    1  4.04866E+14 0.00067 
   72   72    1    1    1    1    1    1    1    1  2.90493E+14 0.00101 
   73   73    1    1    1    1    1    1    1    1  2.21814E+14 0.00123 
   74   74    1    1    1    1    1    1    1    1  1.81530E+14 0.00130 
   75   75    1    1    1    1    1    1    1    1  1.51990E+14 0.00128 
   76   76    1    1    1    1    1    1    1    1  1.77677E+14 0.00134 
   77   77    1    1    1    1    1    1    1    1  1.41844E+14 0.00088 
   78   78    1    1    1    1    1    1    1    1  1.12147E+14 0.00122 
   79   79    1    1    1    1    1    1    1    1  1.16829E+14 0.00096 
   80   80    1    1    1    1    1    1    1    1  8.73358E+13 0.00191 
   81   81    1    1    1    1    1    1    1    1  6.72313E+13 0.00210 
   82   82    1    1    1    1    1    1    1    1  5.17520E+13 0.00216 
   83   83    1    1    1    1    1    1    1    1  4.85536E+13 0.00203 
   84   84    1    1    1    1    1    1    1    1  3.48640E+13 0.00207 
   85   85    1    1    1    1    1    1    1    1  2.49633E+13 0.00245 
   86   86    1    1    1    1    1    1    1    1  2.34809E+13 0.00330 
   87   87    1    1    1    1    1    1    1    1  1.44271E+13 0.00449 
   88   88    1    1    1    1    1    1    1    1  9.51976E+12 0.00410 
   89   89    1    1    1    1    1    1    1    1  5.44387E+12 0.00566 
   90   90    1    1    1    1    1    1    1    1  3.63183E+12 0.00862 
   91   91    1    1    1    1    1    1    1    1  1.84280E+12 0.01161 
   92   92    1    1    1    1    1    1    1    1  8.78187E+11 0.02057 
   93   93    1    1    1    1    1    1    1    1  4.36923E+11 0.02407 
   94   94    1    1    1    1    1    1    1    1  2.01026E+11 0.03080 
   95   95    1    1    1    1    1    1    1    1  8.67753E+10 0.05241 
   96   96    1    1    1    1    1    1    1    1  3.96170E+10 0.07851 
   97   97    1    1    1    1    1    1    1    1  2.13594E+10 0.11039 
   98   98    1    1    1    1    1    1    1    1  1.10003E+10 0.16316 
   99   99    1    1    1    1    1    1    1    1  5.17149E+09 0.19579 
  100  100    1    1    1    1    1    1    1    1  3.57812E+09 0.32182 
];


