
DETdpaspec = [
    1    1    1    1    1    1    1    1    1    1  0.00000E+00 0.00000 
    2    2    1    1    1    1    1    1    1    1  0.00000E+00 0.00000 
    3    3    1    1    1    1    1    1    1    1  0.00000E+00 0.00000 
    4    4    1    1    1    1    1    1    1    1  0.00000E+00 0.00000 
    5    5    1    1    1    1    1    1    1    1  0.00000E+00 0.00000 
    6    6    1    1    1    1    1    1    1    1  0.00000E+00 0.00000 
    7    7    1    1    1    1    1    1    1    1  0.00000E+00 0.00000 
    8    8    1    1    1    1    1    1    1    1  0.00000E+00 0.00000 
    9    9    1    1    1    1    1    1    1    1  5.29463E+06 1.00000 
   10   10    1    1    1    1    1    1    1    1  0.00000E+00 0.00000 
   11   11    1    1    1    1    1    1    1    1  0.00000E+00 0.00000 
   12   12    1    1    1    1    1    1    1    1  6.30779E+07 0.52942 
   13   13    1    1    1    1    1    1    1    1  2.44870E+08 0.52575 
   14   14    1    1    1    1    1    1    1    1  1.10911E+09 0.48570 
   15   15    1    1    1    1    1    1    1    1  9.15693E+08 0.47262 
   16   16    1    1    1    1    1    1    1    1  9.54322E+08 0.38468 
   17   17    1    1    1    1    1    1    1    1  2.70230E+08 0.59863 
   18   18    1    1    1    1    1    1    1    1  1.37440E+09 0.36856 
   19   19    1    1    1    1    1    1    1    1  2.34355E+09 0.24576 
   20   20    1    1    1    1    1    1    1    1  6.83904E+09 0.25161 
   21   21    1    1    1    1    1    1    1    1  5.36374E+09 0.18963 
   22   22    1    1    1    1    1    1    1    1  1.57938E+10 0.12656 
   23   23    1    1    1    1    1    1    1    1  3.78901E+10 0.07410 
   24   24    1    1    1    1    1    1    1    1  8.82639E+10 0.04191 
   25   25    1    1    1    1    1    1    1    1  1.48701E+11 0.04420 
   26   26    1    1    1    1    1    1    1    1  2.86535E+11 0.03019 
   27   27    1    1    1    1    1    1    1    1  6.61986E+11 0.01710 
   28   28    1    1    1    1    1    1    1    1  1.54111E+12 0.01239 
   29   29    1    1    1    1    1    1    1    1  2.49751E+12 0.00872 
   30   30    1    1    1    1    1    1    1    1  5.53329E+12 0.00699 
   31   31    1    1    1    1    1    1    1    1  1.34083E+13 0.00363 
   32   32    1    1    1    1    1    1    1    1  2.04287E+13 0.00424 
   33   33    1    1    1    1    1    1    1    1  4.18307E+13 0.00343 
   34   34    1    1    1    1    1    1    1    1  5.32102E+13 0.00200 
   35   35    1    1    1    1    1    1    1    1  6.40076E+13 0.00193 
   36   36    1    1    1    1    1    1    1    1  4.41735E+13 0.00209 
   37   37    1    1    1    1    1    1    1    1  1.32092E+13 0.00170 
   38   38    1    1    1    1    1    1    1    1  7.05163E+13 0.00151 
   39   39    1    1    1    1    1    1    1    1  9.02171E+13 0.00189 
   40   40    1    1    1    1    1    1    1    1  1.53809E+14 0.00128 
   41   41    1    1    1    1    1    1    1    1  1.46220E+14 0.00122 
   42   42    1    1    1    1    1    1    1    1  2.89942E+14 0.00110 
   43   43    1    1    1    1    1    1    1    1  3.31586E+14 0.00095 
   44   44    1    1    1    1    1    1    1    1  4.50671E+14 0.00096 
   45   45    1    1    1    1    1    1    1    1  8.57049E+14 0.00071 
   46   46    1    1    1    1    1    1    1    1  4.24459E+14 0.00084 
   47   47    1    1    1    1    1    1    1    1  6.38001E+14 0.00055 
   48   48    1    1    1    1    1    1    1    1  8.94143E+14 0.00060 
   49   49    1    1    1    1    1    1    1    1  8.37936E+14 0.00060 
   50   50    1    1    1    1    1    1    1    1  1.32547E+15 0.00046 
   51   51    1    1    1    1    1    1    1    1  1.03492E+15 0.00054 
   52   52    1    1    1    1    1    1    1    1  1.22759E+15 0.00046 
   53   53    1    1    1    1    1    1    1    1  8.64018E+14 0.00062 
   54   54    1    1    1    1    1    1    1    1  1.07563E+15 0.00064 
   55   55    1    1    1    1    1    1    1    1  7.52153E+14 0.00054 
   56   56    1    1    1    1    1    1    1    1  1.02954E+14 0.00115 
   57   57    1    1    1    1    1    1    1    1  1.48012E+15 0.00042 
   58   58    1    1    1    1    1    1    1    1  6.71918E+14 0.00050 
   59   59    1    1    1    1    1    1    1    1  7.21325E+14 0.00065 
   60   60    1    1    1    1    1    1    1    1  5.78063E+14 0.00061 
   61   61    1    1    1    1    1    1    1    1  5.78471E+14 0.00062 
   62   62    1    1    1    1    1    1    1    1  5.93032E+14 0.00073 
   63   63    1    1    1    1    1    1    1    1  5.00659E+14 0.00092 
   64   64    1    1    1    1    1    1    1    1  3.97857E+14 0.00081 
   65   65    1    1    1    1    1    1    1    1  3.94455E+14 0.00085 
   66   66    1    1    1    1    1    1    1    1  3.00825E+14 0.00087 
   67   67    1    1    1    1    1    1    1    1  2.45168E+14 0.00096 
   68   68    1    1    1    1    1    1    1    1  2.17623E+14 0.00107 
   69   69    1    1    1    1    1    1    1    1  2.62502E+14 0.00120 
   70   70    1    1    1    1    1    1    1    1  2.25446E+14 0.00084 
   71   71    1    1    1    1    1    1    1    1  4.11064E+14 0.00104 
   72   72    1    1    1    1    1    1    1    1  2.94798E+14 0.00104 
   73   73    1    1    1    1    1    1    1    1  2.25962E+14 0.00150 
   74   74    1    1    1    1    1    1    1    1  1.84472E+14 0.00093 
   75   75    1    1    1    1    1    1    1    1  1.53932E+14 0.00093 
   76   76    1    1    1    1    1    1    1    1  1.79563E+14 0.00127 
   77   77    1    1    1    1    1    1    1    1  1.42740E+14 0.00173 
   78   78    1    1    1    1    1    1    1    1  1.13363E+14 0.00187 
   79   79    1    1    1    1    1    1    1    1  1.17488E+14 0.00150 
   80   80    1    1    1    1    1    1    1    1  8.79022E+13 0.00149 
   81   81    1    1    1    1    1    1    1    1  6.78333E+13 0.00161 
   82   82    1    1    1    1    1    1    1    1  5.23622E+13 0.00139 
   83   83    1    1    1    1    1    1    1    1  4.89233E+13 0.00209 
   84   84    1    1    1    1    1    1    1    1  3.51121E+13 0.00315 
   85   85    1    1    1    1    1    1    1    1  2.51845E+13 0.00345 
   86   86    1    1    1    1    1    1    1    1  2.36737E+13 0.00318 
   87   87    1    1    1    1    1    1    1    1  1.45203E+13 0.00530 
   88   88    1    1    1    1    1    1    1    1  9.82428E+12 0.00436 
   89   89    1    1    1    1    1    1    1    1  5.61597E+12 0.00393 
   90   90    1    1    1    1    1    1    1    1  3.71127E+12 0.00745 
   91   91    1    1    1    1    1    1    1    1  1.87929E+12 0.01194 
   92   92    1    1    1    1    1    1    1    1  8.83586E+11 0.01520 
   93   93    1    1    1    1    1    1    1    1  4.25129E+11 0.02402 
   94   94    1    1    1    1    1    1    1    1  2.20092E+11 0.02976 
   95   95    1    1    1    1    1    1    1    1  1.06858E+11 0.04866 
   96   96    1    1    1    1    1    1    1    1  5.01544E+10 0.06338 
   97   97    1    1    1    1    1    1    1    1  2.49536E+10 0.09070 
   98   98    1    1    1    1    1    1    1    1  1.06833E+10 0.16640 
   99   99    1    1    1    1    1    1    1    1  7.06388E+09 0.20358 
  100  100    1    1    1    1    1    1    1    1  3.79631E+09 0.26176 
];


