
DETdpaspec = [
    1    1    1    1    1    1    1    1    1    1  0.00000E+00 0.00000 
    2    2    1    1    1    1    1    1    1    1  0.00000E+00 0.00000 
    3    3    1    1    1    1    1    1    1    1  0.00000E+00 0.00000 
    4    4    1    1    1    1    1    1    1    1  0.00000E+00 0.00000 
    5    5    1    1    1    1    1    1    1    1  0.00000E+00 0.00000 
    6    6    1    1    1    1    1    1    1    1  0.00000E+00 0.00000 
    7    7    1    1    1    1    1    1    1    1  0.00000E+00 0.00000 
    8    8    1    1    1    1    1    1    1    1  0.00000E+00 0.00000 
    9    9    1    1    1    1    1    1    1    1  8.53566E+06 1.00000 
   10   10    1    1    1    1    1    1    1    1  0.00000E+00 0.00000 
   11   11    1    1    1    1    1    1    1    1  2.29731E+08 1.00000 
   12   12    1    1    1    1    1    1    1    1  5.55267E+07 0.70853 
   13   13    1    1    1    1    1    1    1    1  6.70666E+08 0.46503 
   14   14    1    1    1    1    1    1    1    1  1.51927E+09 0.42058 
   15   15    1    1    1    1    1    1    1    1  1.16130E+09 0.52437 
   16   16    1    1    1    1    1    1    1    1  5.37648E+08 0.41693 
   17   17    1    1    1    1    1    1    1    1  1.37176E+09 0.38779 
   18   18    1    1    1    1    1    1    1    1  2.25005E+09 0.22703 
   19   19    1    1    1    1    1    1    1    1  2.45522E+09 0.22815 
   20   20    1    1    1    1    1    1    1    1  1.00215E+10 0.18826 
   21   21    1    1    1    1    1    1    1    1  8.15470E+09 0.11630 
   22   22    1    1    1    1    1    1    1    1  1.98075E+10 0.09311 
   23   23    1    1    1    1    1    1    1    1  4.04369E+10 0.07995 
   24   24    1    1    1    1    1    1    1    1  9.07152E+10 0.05807 
   25   25    1    1    1    1    1    1    1    1  1.55280E+11 0.03712 
   26   26    1    1    1    1    1    1    1    1  3.45809E+11 0.02543 
   27   27    1    1    1    1    1    1    1    1  7.21936E+11 0.02235 
   28   28    1    1    1    1    1    1    1    1  1.67368E+12 0.01486 
   29   29    1    1    1    1    1    1    1    1  2.76910E+12 0.01096 
   30   30    1    1    1    1    1    1    1    1  5.96211E+12 0.00722 
   31   31    1    1    1    1    1    1    1    1  1.39844E+13 0.00362 
   32   32    1    1    1    1    1    1    1    1  2.12285E+13 0.00353 
   33   33    1    1    1    1    1    1    1    1  4.30984E+13 0.00261 
   34   34    1    1    1    1    1    1    1    1  5.46834E+13 0.00201 
   35   35    1    1    1    1    1    1    1    1  6.52863E+13 0.00162 
   36   36    1    1    1    1    1    1    1    1  4.49181E+13 0.00154 
   37   37    1    1    1    1    1    1    1    1  1.34270E+13 0.00160 
   38   38    1    1    1    1    1    1    1    1  7.15279E+13 0.00114 
   39   39    1    1    1    1    1    1    1    1  9.18167E+13 0.00140 
   40   40    1    1    1    1    1    1    1    1  1.56226E+14 0.00109 
   41   41    1    1    1    1    1    1    1    1  1.48079E+14 0.00118 
   42   42    1    1    1    1    1    1    1    1  2.93510E+14 0.00096 
   43   43    1    1    1    1    1    1    1    1  3.35597E+14 0.00127 
   44   44    1    1    1    1    1    1    1    1  4.55523E+14 0.00109 
   45   45    1    1    1    1    1    1    1    1  8.66036E+14 0.00070 
   46   46    1    1    1    1    1    1    1    1  4.27743E+14 0.00081 
   47   47    1    1    1    1    1    1    1    1  6.42697E+14 0.00070 
   48   48    1    1    1    1    1    1    1    1  8.99055E+14 0.00072 
   49   49    1    1    1    1    1    1    1    1  8.40016E+14 0.00060 
   50   50    1    1    1    1    1    1    1    1  1.32885E+15 0.00052 
   51   51    1    1    1    1    1    1    1    1  1.03773E+15 0.00065 
   52   52    1    1    1    1    1    1    1    1  1.23035E+15 0.00062 
   53   53    1    1    1    1    1    1    1    1  8.66530E+14 0.00048 
   54   54    1    1    1    1    1    1    1    1  1.07775E+15 0.00051 
   55   55    1    1    1    1    1    1    1    1  7.53583E+14 0.00068 
   56   56    1    1    1    1    1    1    1    1  1.02905E+14 0.00097 
   57   57    1    1    1    1    1    1    1    1  1.48129E+15 0.00057 
   58   58    1    1    1    1    1    1    1    1  6.72210E+14 0.00072 
   59   59    1    1    1    1    1    1    1    1  7.21638E+14 0.00054 
   60   60    1    1    1    1    1    1    1    1  5.78375E+14 0.00059 
   61   61    1    1    1    1    1    1    1    1  5.78027E+14 0.00061 
   62   62    1    1    1    1    1    1    1    1  5.93466E+14 0.00068 
   63   63    1    1    1    1    1    1    1    1  5.00976E+14 0.00068 
   64   64    1    1    1    1    1    1    1    1  3.98823E+14 0.00062 
   65   65    1    1    1    1    1    1    1    1  3.94760E+14 0.00079 
   66   66    1    1    1    1    1    1    1    1  3.00622E+14 0.00064 
   67   67    1    1    1    1    1    1    1    1  2.45594E+14 0.00100 
   68   68    1    1    1    1    1    1    1    1  2.18053E+14 0.00094 
   69   69    1    1    1    1    1    1    1    1  2.63528E+14 0.00102 
   70   70    1    1    1    1    1    1    1    1  2.24946E+14 0.00064 
   71   71    1    1    1    1    1    1    1    1  4.10314E+14 0.00104 
   72   72    1    1    1    1    1    1    1    1  2.94384E+14 0.00091 
   73   73    1    1    1    1    1    1    1    1  2.24911E+14 0.00084 
   74   74    1    1    1    1    1    1    1    1  1.83877E+14 0.00137 
   75   75    1    1    1    1    1    1    1    1  1.54036E+14 0.00185 
   76   76    1    1    1    1    1    1    1    1  1.79385E+14 0.00101 
   77   77    1    1    1    1    1    1    1    1  1.42753E+14 0.00159 
   78   78    1    1    1    1    1    1    1    1  1.13178E+14 0.00167 
   79   79    1    1    1    1    1    1    1    1  1.17720E+14 0.00096 
   80   80    1    1    1    1    1    1    1    1  8.78448E+13 0.00146 
   81   81    1    1    1    1    1    1    1    1  6.79730E+13 0.00208 
   82   82    1    1    1    1    1    1    1    1  5.23765E+13 0.00202 
   83   83    1    1    1    1    1    1    1    1  4.90505E+13 0.00217 
   84   84    1    1    1    1    1    1    1    1  3.51654E+13 0.00238 
   85   85    1    1    1    1    1    1    1    1  2.53765E+13 0.00316 
   86   86    1    1    1    1    1    1    1    1  2.38174E+13 0.00323 
   87   87    1    1    1    1    1    1    1    1  1.45321E+13 0.00397 
   88   88    1    1    1    1    1    1    1    1  9.71727E+12 0.00629 
   89   89    1    1    1    1    1    1    1    1  5.56745E+12 0.00595 
   90   90    1    1    1    1    1    1    1    1  3.65294E+12 0.00910 
   91   91    1    1    1    1    1    1    1    1  1.85008E+12 0.01175 
   92   92    1    1    1    1    1    1    1    1  8.88984E+11 0.02531 
   93   93    1    1    1    1    1    1    1    1  4.42959E+11 0.02647 
   94   94    1    1    1    1    1    1    1    1  2.13236E+11 0.03528 
   95   95    1    1    1    1    1    1    1    1  9.99746E+10 0.04369 
   96   96    1    1    1    1    1    1    1    1  4.64116E+10 0.07893 
   97   97    1    1    1    1    1    1    1    1  2.90280E+10 0.11343 
   98   98    1    1    1    1    1    1    1    1  7.93833E+09 0.12799 
   99   99    1    1    1    1    1    1    1    1  4.55757E+09 0.21724 
  100  100    1    1    1    1    1    1    1    1  5.01099E+09 0.19435 
];


