
DETdpaspec = [
    1    1    1    1    1    1    1    1    1    1  0.00000E+00 0.00000 
    2    2    1    1    1    1    1    1    1    1  0.00000E+00 0.00000 
    3    3    1    1    1    1    1    1    1    1  0.00000E+00 0.00000 
    4    4    1    1    1    1    1    1    1    1  0.00000E+00 0.00000 
    5    5    1    1    1    1    1    1    1    1  0.00000E+00 0.00000 
    6    6    1    1    1    1    1    1    1    1  0.00000E+00 0.00000 
    7    7    1    1    1    1    1    1    1    1  0.00000E+00 0.00000 
    8    8    1    1    1    1    1    1    1    1  1.37872E+07 1.00000 
    9    9    1    1    1    1    1    1    1    1  0.00000E+00 0.00000 
   10   10    1    1    1    1    1    1    1    1  0.00000E+00 0.00000 
   11   11    1    1    1    1    1    1    1    1  0.00000E+00 0.00000 
   12   12    1    1    1    1    1    1    1    1  1.28769E+08 1.00000 
   13   13    1    1    1    1    1    1    1    1  9.70875E+08 0.46088 
   14   14    1    1    1    1    1    1    1    1  1.42767E+09 0.56419 
   15   15    1    1    1    1    1    1    1    1  1.58375E+09 0.60442 
   16   16    1    1    1    1    1    1    1    1  9.34152E+08 0.48311 
   17   17    1    1    1    1    1    1    1    1  1.55301E+09 0.34739 
   18   18    1    1    1    1    1    1    1    1  2.21539E+09 0.40373 
   19   19    1    1    1    1    1    1    1    1  1.73725E+09 0.39033 
   20   20    1    1    1    1    1    1    1    1  4.99283E+09 0.21977 
   21   21    1    1    1    1    1    1    1    1  1.36875E+10 0.14541 
   22   22    1    1    1    1    1    1    1    1  5.61226E+10 0.07296 
   23   23    1    1    1    1    1    1    1    1  2.26679E+11 0.04635 
   24   24    1    1    1    1    1    1    1    1  6.34536E+11 0.01987 
   25   25    1    1    1    1    1    1    1    1  9.93298E+11 0.01667 
   26   26    1    1    1    1    1    1    1    1  1.92071E+12 0.00987 
   27   27    1    1    1    1    1    1    1    1  3.49216E+12 0.00639 
   28   28    1    1    1    1    1    1    1    1  6.35918E+12 0.00602 
   29   29    1    1    1    1    1    1    1    1  9.09888E+12 0.00432 
   30   30    1    1    1    1    1    1    1    1  1.60813E+13 0.00300 
   31   31    1    1    1    1    1    1    1    1  3.05555E+13 0.00338 
   32   32    1    1    1    1    1    1    1    1  4.09487E+13 0.00324 
   33   33    1    1    1    1    1    1    1    1  7.38285E+13 0.00156 
   34   34    1    1    1    1    1    1    1    1  8.73469E+13 0.00164 
   35   35    1    1    1    1    1    1    1    1  9.28888E+13 0.00164 
   36   36    1    1    1    1    1    1    1    1  5.99956E+13 0.00141 
   37   37    1    1    1    1    1    1    1    1  1.74727E+13 0.00183 
   38   38    1    1    1    1    1    1    1    1  9.32538E+13 0.00157 
   39   39    1    1    1    1    1    1    1    1  1.17229E+14 0.00153 
   40   40    1    1    1    1    1    1    1    1  1.96230E+14 0.00111 
   41   41    1    1    1    1    1    1    1    1  1.80386E+14 0.00108 
   42   42    1    1    1    1    1    1    1    1  3.54307E+14 0.00081 
   43   43    1    1    1    1    1    1    1    1  3.97876E+14 0.00084 
   44   44    1    1    1    1    1    1    1    1  5.28820E+14 0.00086 
   45   45    1    1    1    1    1    1    1    1  9.82202E+14 0.00069 
   46   46    1    1    1    1    1    1    1    1  4.72165E+14 0.00063 
   47   47    1    1    1    1    1    1    1    1  7.00158E+14 0.00046 
   48   48    1    1    1    1    1    1    1    1  9.62995E+14 0.00056 
   49   49    1    1    1    1    1    1    1    1  8.87022E+14 0.00072 
   50   50    1    1    1    1    1    1    1    1  1.38820E+15 0.00050 
   51   51    1    1    1    1    1    1    1    1  1.06172E+15 0.00039 
   52   52    1    1    1    1    1    1    1    1  1.25199E+15 0.00054 
   53   53    1    1    1    1    1    1    1    1  8.69918E+14 0.00058 
   54   54    1    1    1    1    1    1    1    1  1.07971E+15 0.00049 
   55   55    1    1    1    1    1    1    1    1  7.50397E+14 0.00057 
   56   56    1    1    1    1    1    1    1    1  1.01810E+14 0.00092 
   57   57    1    1    1    1    1    1    1    1  1.45863E+15 0.00055 
   58   58    1    1    1    1    1    1    1    1  6.63346E+14 0.00068 
   59   59    1    1    1    1    1    1    1    1  7.05915E+14 0.00077 
   60   60    1    1    1    1    1    1    1    1  5.66516E+14 0.00059 
   61   61    1    1    1    1    1    1    1    1  5.63763E+14 0.00060 
   62   62    1    1    1    1    1    1    1    1  5.76079E+14 0.00061 
   63   63    1    1    1    1    1    1    1    1  4.84380E+14 0.00084 
   64   64    1    1    1    1    1    1    1    1  3.83805E+14 0.00098 
   65   65    1    1    1    1    1    1    1    1  3.78546E+14 0.00073 
   66   66    1    1    1    1    1    1    1    1  2.87704E+14 0.00080 
   67   67    1    1    1    1    1    1    1    1  2.32935E+14 0.00084 
   68   68    1    1    1    1    1    1    1    1  2.05911E+14 0.00116 
   69   69    1    1    1    1    1    1    1    1  2.47917E+14 0.00083 
   70   70    1    1    1    1    1    1    1    1  2.10675E+14 0.00110 
   71   71    1    1    1    1    1    1    1    1  3.80303E+14 0.00092 
   72   72    1    1    1    1    1    1    1    1  2.70436E+14 0.00096 
   73   73    1    1    1    1    1    1    1    1  2.06726E+14 0.00118 
   74   74    1    1    1    1    1    1    1    1  1.68828E+14 0.00136 
   75   75    1    1    1    1    1    1    1    1  1.41477E+14 0.00090 
   76   76    1    1    1    1    1    1    1    1  1.65315E+14 0.00119 
   77   77    1    1    1    1    1    1    1    1  1.31943E+14 0.00159 
   78   78    1    1    1    1    1    1    1    1  1.04811E+14 0.00136 
   79   79    1    1    1    1    1    1    1    1  1.08552E+14 0.00155 
   80   80    1    1    1    1    1    1    1    1  8.11176E+13 0.00157 
   81   81    1    1    1    1    1    1    1    1  6.25757E+13 0.00201 
   82   82    1    1    1    1    1    1    1    1  4.81820E+13 0.00210 
   83   83    1    1    1    1    1    1    1    1  4.48684E+13 0.00243 
   84   84    1    1    1    1    1    1    1    1  3.22809E+13 0.00293 
   85   85    1    1    1    1    1    1    1    1  2.31510E+13 0.00292 
   86   86    1    1    1    1    1    1    1    1  2.15086E+13 0.00313 
   87   87    1    1    1    1    1    1    1    1  1.30686E+13 0.00388 
   88   88    1    1    1    1    1    1    1    1  8.65518E+12 0.00545 
   89   89    1    1    1    1    1    1    1    1  5.00298E+12 0.00493 
   90   90    1    1    1    1    1    1    1    1  3.22729E+12 0.00841 
   91   91    1    1    1    1    1    1    1    1  1.63876E+12 0.01221 
   92   92    1    1    1    1    1    1    1    1  7.70848E+11 0.02035 
   93   93    1    1    1    1    1    1    1    1  3.73609E+11 0.02486 
   94   94    1    1    1    1    1    1    1    1  1.74844E+11 0.03488 
   95   95    1    1    1    1    1    1    1    1  7.90300E+10 0.05557 
   96   96    1    1    1    1    1    1    1    1  4.28563E+10 0.06184 
   97   97    1    1    1    1    1    1    1    1  1.92208E+10 0.11203 
   98   98    1    1    1    1    1    1    1    1  7.95240E+09 0.13866 
   99   99    1    1    1    1    1    1    1    1  2.70144E+09 0.26685 
  100  100    1    1    1    1    1    1    1    1  1.79721E+09 0.29472 
];


