
DETdpaspec = [
    1    1    1    1    1    1    1    1    1    1  0.00000E+00 0.00000 
    2    2    1    1    1    1    1    1    1    1  0.00000E+00 0.00000 
    3    3    1    1    1    1    1    1    1    1  0.00000E+00 0.00000 
    4    4    1    1    1    1    1    1    1    1  0.00000E+00 0.00000 
    5    5    1    1    1    1    1    1    1    1  0.00000E+00 0.00000 
    6    6    1    1    1    1    1    1    1    1  0.00000E+00 0.00000 
    7    7    1    1    1    1    1    1    1    1  0.00000E+00 0.00000 
    8    8    1    1    1    1    1    1    1    1  0.00000E+00 0.00000 
    9    9    1    1    1    1    1    1    1    1  0.00000E+00 0.00000 
   10   10    1    1    1    1    1    1    1    1  0.00000E+00 0.00000 
   11   11    1    1    1    1    1    1    1    1  1.17516E+08 1.00000 
   12   12    1    1    1    1    1    1    1    1  3.06201E+07 1.00000 
   13   13    1    1    1    1    1    1    1    1  7.07145E+08 0.56131 
   14   14    1    1    1    1    1    1    1    1  1.05358E+09 0.59278 
   15   15    1    1    1    1    1    1    1    1  2.11888E+09 0.34219 
   16   16    1    1    1    1    1    1    1    1  6.30396E+08 0.40265 
   17   17    1    1    1    1    1    1    1    1  1.42019E+09 0.25898 
   18   18    1    1    1    1    1    1    1    1  3.06876E+09 0.24775 
   19   19    1    1    1    1    1    1    1    1  2.35737E+09 0.24543 
   20   20    1    1    1    1    1    1    1    1  7.83159E+09 0.18282 
   21   21    1    1    1    1    1    1    1    1  7.29570E+09 0.16457 
   22   22    1    1    1    1    1    1    1    1  1.61741E+10 0.08511 
   23   23    1    1    1    1    1    1    1    1  3.92016E+10 0.06277 
   24   24    1    1    1    1    1    1    1    1  1.13380E+11 0.04661 
   25   25    1    1    1    1    1    1    1    1  1.93009E+11 0.03766 
   26   26    1    1    1    1    1    1    1    1  4.22292E+11 0.02690 
   27   27    1    1    1    1    1    1    1    1  9.08593E+11 0.01789 
   28   28    1    1    1    1    1    1    1    1  2.06728E+12 0.00785 
   29   29    1    1    1    1    1    1    1    1  3.35637E+12 0.00891 
   30   30    1    1    1    1    1    1    1    1  6.93006E+12 0.00590 
   31   31    1    1    1    1    1    1    1    1  1.59343E+13 0.00389 
   32   32    1    1    1    1    1    1    1    1  2.35488E+13 0.00388 
   33   33    1    1    1    1    1    1    1    1  4.68564E+13 0.00329 
   34   34    1    1    1    1    1    1    1    1  5.92419E+13 0.00189 
   35   35    1    1    1    1    1    1    1    1  6.93921E+13 0.00245 
   36   36    1    1    1    1    1    1    1    1  4.71086E+13 0.00188 
   37   37    1    1    1    1    1    1    1    1  1.40235E+13 0.00205 
   38   38    1    1    1    1    1    1    1    1  7.46689E+13 0.00173 
   39   39    1    1    1    1    1    1    1    1  9.54766E+13 0.00116 
   40   40    1    1    1    1    1    1    1    1  1.62011E+14 0.00132 
   41   41    1    1    1    1    1    1    1    1  1.52751E+14 0.00113 
   42   42    1    1    1    1    1    1    1    1  3.02784E+14 0.00126 
   43   43    1    1    1    1    1    1    1    1  3.45566E+14 0.00108 
   44   44    1    1    1    1    1    1    1    1  4.66938E+14 0.00081 
   45   45    1    1    1    1    1    1    1    1  8.82853E+14 0.00092 
   46   46    1    1    1    1    1    1    1    1  4.35156E+14 0.00086 
   47   47    1    1    1    1    1    1    1    1  6.52372E+14 0.00054 
   48   48    1    1    1    1    1    1    1    1  9.11818E+14 0.00074 
   49   49    1    1    1    1    1    1    1    1  8.50280E+14 0.00090 
   50   50    1    1    1    1    1    1    1    1  1.34195E+15 0.00072 
   51   51    1    1    1    1    1    1    1    1  1.04294E+15 0.00054 
   52   52    1    1    1    1    1    1    1    1  1.23699E+15 0.00065 
   53   53    1    1    1    1    1    1    1    1  8.69188E+14 0.00071 
   54   54    1    1    1    1    1    1    1    1  1.08184E+15 0.00058 
   55   55    1    1    1    1    1    1    1    1  7.55955E+14 0.00055 
   56   56    1    1    1    1    1    1    1    1  1.03084E+14 0.00123 
   57   57    1    1    1    1    1    1    1    1  1.48339E+15 0.00044 
   58   58    1    1    1    1    1    1    1    1  6.74145E+14 0.00063 
   59   59    1    1    1    1    1    1    1    1  7.22712E+14 0.00056 
   60   60    1    1    1    1    1    1    1    1  5.79694E+14 0.00061 
   61   61    1    1    1    1    1    1    1    1  5.78691E+14 0.00036 
   62   62    1    1    1    1    1    1    1    1  5.93491E+14 0.00080 
   63   63    1    1    1    1    1    1    1    1  5.01095E+14 0.00083 
   64   64    1    1    1    1    1    1    1    1  3.98354E+14 0.00075 
   65   65    1    1    1    1    1    1    1    1  3.94565E+14 0.00080 
   66   66    1    1    1    1    1    1    1    1  3.00014E+14 0.00063 
   67   67    1    1    1    1    1    1    1    1  2.44554E+14 0.00121 
   68   68    1    1    1    1    1    1    1    1  2.16675E+14 0.00131 
   69   69    1    1    1    1    1    1    1    1  2.62204E+14 0.00120 
   70   70    1    1    1    1    1    1    1    1  2.23970E+14 0.00138 
   71   71    1    1    1    1    1    1    1    1  4.07190E+14 0.00084 
   72   72    1    1    1    1    1    1    1    1  2.92620E+14 0.00100 
   73   73    1    1    1    1    1    1    1    1  2.23355E+14 0.00158 
   74   74    1    1    1    1    1    1    1    1  1.82498E+14 0.00130 
   75   75    1    1    1    1    1    1    1    1  1.52694E+14 0.00165 
   76   76    1    1    1    1    1    1    1    1  1.78647E+14 0.00095 
   77   77    1    1    1    1    1    1    1    1  1.42231E+14 0.00120 
   78   78    1    1    1    1    1    1    1    1  1.12992E+14 0.00168 
   79   79    1    1    1    1    1    1    1    1  1.17079E+14 0.00175 
   80   80    1    1    1    1    1    1    1    1  8.75573E+13 0.00160 
   81   81    1    1    1    1    1    1    1    1  6.76441E+13 0.00201 
   82   82    1    1    1    1    1    1    1    1  5.20075E+13 0.00261 
   83   83    1    1    1    1    1    1    1    1  4.86636E+13 0.00213 
   84   84    1    1    1    1    1    1    1    1  3.50478E+13 0.00313 
   85   85    1    1    1    1    1    1    1    1  2.52347E+13 0.00284 
   86   86    1    1    1    1    1    1    1    1  2.36314E+13 0.00309 
   87   87    1    1    1    1    1    1    1    1  1.45642E+13 0.00555 
   88   88    1    1    1    1    1    1    1    1  9.72577E+12 0.00636 
   89   89    1    1    1    1    1    1    1    1  5.57326E+12 0.00667 
   90   90    1    1    1    1    1    1    1    1  3.68889E+12 0.00952 
   91   91    1    1    1    1    1    1    1    1  1.81220E+12 0.01346 
   92   92    1    1    1    1    1    1    1    1  8.83077E+11 0.01504 
   93   93    1    1    1    1    1    1    1    1  4.28233E+11 0.02159 
   94   94    1    1    1    1    1    1    1    1  2.02943E+11 0.03294 
   95   95    1    1    1    1    1    1    1    1  9.80378E+10 0.06185 
   96   96    1    1    1    1    1    1    1    1  4.77583E+10 0.06288 
   97   97    1    1    1    1    1    1    1    1  2.16798E+10 0.12284 
   98   98    1    1    1    1    1    1    1    1  1.27805E+10 0.17052 
   99   99    1    1    1    1    1    1    1    1  6.07788E+09 0.17737 
  100  100    1    1    1    1    1    1    1    1  3.92714E+09 0.34880 
];


