
DETdpaspec = [
    1    1    1    1    1    1    1    1    1    1  0.00000E+00 0.00000 
    2    2    1    1    1    1    1    1    1    1  0.00000E+00 0.00000 
    3    3    1    1    1    1    1    1    1    1  0.00000E+00 0.00000 
    4    4    1    1    1    1    1    1    1    1  0.00000E+00 0.00000 
    5    5    1    1    1    1    1    1    1    1  0.00000E+00 0.00000 
    6    6    1    1    1    1    1    1    1    1  0.00000E+00 0.00000 
    7    7    1    1    1    1    1    1    1    1  0.00000E+00 0.00000 
    8    8    1    1    1    1    1    1    1    1  0.00000E+00 0.00000 
    9    9    1    1    1    1    1    1    1    1  3.93053E+06 1.00000 
   10   10    1    1    1    1    1    1    1    1  0.00000E+00 0.00000 
   11   11    1    1    1    1    1    1    1    1  3.94947E+07 1.00000 
   12   12    1    1    1    1    1    1    1    1  2.87554E+07 1.00000 
   13   13    1    1    1    1    1    1    1    1  1.75476E+08 0.69300 
   14   14    1    1    1    1    1    1    1    1  2.30896E+08 0.78288 
   15   15    1    1    1    1    1    1    1    1  6.17327E+08 0.64309 
   16   16    1    1    1    1    1    1    1    1  7.20665E+08 0.45970 
   17   17    1    1    1    1    1    1    1    1  9.56634E+08 0.31793 
   18   18    1    1    1    1    1    1    1    1  2.72051E+09 0.31267 
   19   19    1    1    1    1    1    1    1    1  3.54074E+09 0.36414 
   20   20    1    1    1    1    1    1    1    1  5.48976E+09 0.13920 
   21   21    1    1    1    1    1    1    1    1  6.00926E+09 0.20098 
   22   22    1    1    1    1    1    1    1    1  1.76502E+10 0.12469 
   23   23    1    1    1    1    1    1    1    1  4.13147E+10 0.07717 
   24   24    1    1    1    1    1    1    1    1  1.06825E+11 0.05474 
   25   25    1    1    1    1    1    1    1    1  1.82372E+11 0.03770 
   26   26    1    1    1    1    1    1    1    1  3.88789E+11 0.02686 
   27   27    1    1    1    1    1    1    1    1  8.71520E+11 0.01369 
   28   28    1    1    1    1    1    1    1    1  1.98003E+12 0.01094 
   29   29    1    1    1    1    1    1    1    1  3.17485E+12 0.00688 
   30   30    1    1    1    1    1    1    1    1  6.69108E+12 0.00775 
   31   31    1    1    1    1    1    1    1    1  1.55196E+13 0.00409 
   32   32    1    1    1    1    1    1    1    1  2.31441E+13 0.00463 
   33   33    1    1    1    1    1    1    1    1  4.60705E+13 0.00272 
   34   34    1    1    1    1    1    1    1    1  5.79679E+13 0.00210 
   35   35    1    1    1    1    1    1    1    1  6.80366E+13 0.00265 
   36   36    1    1    1    1    1    1    1    1  4.64669E+13 0.00211 
   37   37    1    1    1    1    1    1    1    1  1.38146E+13 0.00231 
   38   38    1    1    1    1    1    1    1    1  7.39484E+13 0.00137 
   39   39    1    1    1    1    1    1    1    1  9.45505E+13 0.00140 
   40   40    1    1    1    1    1    1    1    1  1.60685E+14 0.00165 
   41   41    1    1    1    1    1    1    1    1  1.51748E+14 0.00128 
   42   42    1    1    1    1    1    1    1    1  3.00947E+14 0.00087 
   43   43    1    1    1    1    1    1    1    1  3.42903E+14 0.00090 
   44   44    1    1    1    1    1    1    1    1  4.63816E+14 0.00091 
   45   45    1    1    1    1    1    1    1    1  8.78244E+14 0.00069 
   46   46    1    1    1    1    1    1    1    1  4.32425E+14 0.00080 
   47   47    1    1    1    1    1    1    1    1  6.49478E+14 0.00070 
   48   48    1    1    1    1    1    1    1    1  9.07149E+14 0.00069 
   49   49    1    1    1    1    1    1    1    1  8.47554E+14 0.00066 
   50   50    1    1    1    1    1    1    1    1  1.33971E+15 0.00050 
   51   51    1    1    1    1    1    1    1    1  1.04371E+15 0.00059 
   52   52    1    1    1    1    1    1    1    1  1.23629E+15 0.00092 
   53   53    1    1    1    1    1    1    1    1  8.68821E+14 0.00067 
   54   54    1    1    1    1    1    1    1    1  1.08187E+15 0.00049 
   55   55    1    1    1    1    1    1    1    1  7.55799E+14 0.00048 
   56   56    1    1    1    1    1    1    1    1  1.03019E+14 0.00088 
   57   57    1    1    1    1    1    1    1    1  1.48236E+15 0.00055 
   58   58    1    1    1    1    1    1    1    1  6.74240E+14 0.00051 
   59   59    1    1    1    1    1    1    1    1  7.22512E+14 0.00069 
   60   60    1    1    1    1    1    1    1    1  5.79619E+14 0.00057 
   61   61    1    1    1    1    1    1    1    1  5.79012E+14 0.00059 
   62   62    1    1    1    1    1    1    1    1  5.93091E+14 0.00095 
   63   63    1    1    1    1    1    1    1    1  5.00958E+14 0.00090 
   64   64    1    1    1    1    1    1    1    1  3.98580E+14 0.00079 
   65   65    1    1    1    1    1    1    1    1  3.94680E+14 0.00087 
   66   66    1    1    1    1    1    1    1    1  3.00695E+14 0.00042 
   67   67    1    1    1    1    1    1    1    1  2.45133E+14 0.00091 
   68   68    1    1    1    1    1    1    1    1  2.17241E+14 0.00107 
   69   69    1    1    1    1    1    1    1    1  2.62835E+14 0.00115 
   70   70    1    1    1    1    1    1    1    1  2.24567E+14 0.00126 
   71   71    1    1    1    1    1    1    1    1  4.08267E+14 0.00091 
   72   72    1    1    1    1    1    1    1    1  2.92775E+14 0.00106 
   73   73    1    1    1    1    1    1    1    1  2.24175E+14 0.00105 
   74   74    1    1    1    1    1    1    1    1  1.82848E+14 0.00101 
   75   75    1    1    1    1    1    1    1    1  1.52834E+14 0.00157 
   76   76    1    1    1    1    1    1    1    1  1.79163E+14 0.00120 
   77   77    1    1    1    1    1    1    1    1  1.42846E+14 0.00120 
   78   78    1    1    1    1    1    1    1    1  1.13079E+14 0.00129 
   79   79    1    1    1    1    1    1    1    1  1.17571E+14 0.00184 
   80   80    1    1    1    1    1    1    1    1  8.73508E+13 0.00198 
   81   81    1    1    1    1    1    1    1    1  6.77217E+13 0.00216 
   82   82    1    1    1    1    1    1    1    1  5.19575E+13 0.00226 
   83   83    1    1    1    1    1    1    1    1  4.86837E+13 0.00163 
   84   84    1    1    1    1    1    1    1    1  3.51100E+13 0.00231 
   85   85    1    1    1    1    1    1    1    1  2.54314E+13 0.00357 
   86   86    1    1    1    1    1    1    1    1  2.36280E+13 0.00402 
   87   87    1    1    1    1    1    1    1    1  1.44211E+13 0.00415 
   88   88    1    1    1    1    1    1    1    1  9.84256E+12 0.00550 
   89   89    1    1    1    1    1    1    1    1  5.52413E+12 0.00771 
   90   90    1    1    1    1    1    1    1    1  3.66142E+12 0.00952 
   91   91    1    1    1    1    1    1    1    1  1.83487E+12 0.01299 
   92   92    1    1    1    1    1    1    1    1  8.89697E+11 0.01339 
   93   93    1    1    1    1    1    1    1    1  4.21462E+11 0.01820 
   94   94    1    1    1    1    1    1    1    1  1.99268E+11 0.03330 
   95   95    1    1    1    1    1    1    1    1  1.02356E+11 0.05265 
   96   96    1    1    1    1    1    1    1    1  5.04952E+10 0.07073 
   97   97    1    1    1    1    1    1    1    1  2.57506E+10 0.12108 
   98   98    1    1    1    1    1    1    1    1  1.18899E+10 0.12431 
   99   99    1    1    1    1    1    1    1    1  2.83877E+09 0.28033 
  100  100    1    1    1    1    1    1    1    1  4.25324E+09 0.25662 
];


