
DETdpaspec = [
    1    1    1    1    1    1    1    1    1    1  0.00000E+00 0.00000 
    2    2    1    1    1    1    1    1    1    1  0.00000E+00 0.00000 
    3    3    1    1    1    1    1    1    1    1  0.00000E+00 0.00000 
    4    4    1    1    1    1    1    1    1    1  0.00000E+00 0.00000 
    5    5    1    1    1    1    1    1    1    1  0.00000E+00 0.00000 
    6    6    1    1    1    1    1    1    1    1  0.00000E+00 0.00000 
    7    7    1    1    1    1    1    1    1    1  0.00000E+00 0.00000 
    8    8    1    1    1    1    1    1    1    1  0.00000E+00 0.00000 
    9    9    1    1    1    1    1    1    1    1  0.00000E+00 0.00000 
   10   10    1    1    1    1    1    1    1    1  0.00000E+00 0.00000 
   11   11    1    1    1    1    1    1    1    1  3.41152E+07 1.00000 
   12   12    1    1    1    1    1    1    1    1  3.54983E+07 0.95699 
   13   13    1    1    1    1    1    1    1    1  2.93633E+08 0.62048 
   14   14    1    1    1    1    1    1    1    1  4.98670E+08 0.49028 
   15   15    1    1    1    1    1    1    1    1  6.83481E+08 0.63081 
   16   16    1    1    1    1    1    1    1    1  4.95576E+08 0.42914 
   17   17    1    1    1    1    1    1    1    1  8.00122E+08 0.44971 
   18   18    1    1    1    1    1    1    1    1  2.17922E+09 0.21817 
   19   19    1    1    1    1    1    1    1    1  1.54073E+09 0.22121 
   20   20    1    1    1    1    1    1    1    1  7.49317E+09 0.18197 
   21   21    1    1    1    1    1    1    1    1  9.83746E+09 0.11689 
   22   22    1    1    1    1    1    1    1    1  1.95109E+10 0.10047 
   23   23    1    1    1    1    1    1    1    1  3.22076E+10 0.07907 
   24   24    1    1    1    1    1    1    1    1  5.96244E+10 0.05795 
   25   25    1    1    1    1    1    1    1    1  9.33389E+10 0.06123 
   26   26    1    1    1    1    1    1    1    1  1.86800E+11 0.03677 
   27   27    1    1    1    1    1    1    1    1  4.14537E+11 0.01989 
   28   28    1    1    1    1    1    1    1    1  1.02507E+12 0.01598 
   29   29    1    1    1    1    1    1    1    1  1.66415E+12 0.01290 
   30   30    1    1    1    1    1    1    1    1  3.96343E+12 0.00892 
   31   31    1    1    1    1    1    1    1    1  1.03087E+13 0.00501 
   32   32    1    1    1    1    1    1    1    1  1.62613E+13 0.00388 
   33   33    1    1    1    1    1    1    1    1  3.41126E+13 0.00367 
   34   34    1    1    1    1    1    1    1    1  4.40653E+13 0.00242 
   35   35    1    1    1    1    1    1    1    1  5.61825E+13 0.00253 
   36   36    1    1    1    1    1    1    1    1  3.99826E+13 0.00183 
   37   37    1    1    1    1    1    1    1    1  1.21405E+13 0.00221 
   38   38    1    1    1    1    1    1    1    1  6.44279E+13 0.00143 
   39   39    1    1    1    1    1    1    1    1  8.27361E+13 0.00182 
   40   40    1    1    1    1    1    1    1    1  1.41609E+14 0.00155 
   41   41    1    1    1    1    1    1    1    1  1.36666E+14 0.00132 
   42   42    1    1    1    1    1    1    1    1  2.70963E+14 0.00143 
   43   43    1    1    1    1    1    1    1    1  3.11809E+14 0.00097 
   44   44    1    1    1    1    1    1    1    1  4.26321E+14 0.00093 
   45   45    1    1    1    1    1    1    1    1  8.13661E+14 0.00068 
   46   46    1    1    1    1    1    1    1    1  4.06992E+14 0.00088 
   47   47    1    1    1    1    1    1    1    1  6.16479E+14 0.00083 
   48   48    1    1    1    1    1    1    1    1  8.65956E+14 0.00055 
   49   49    1    1    1    1    1    1    1    1  8.16801E+14 0.00070 
   50   50    1    1    1    1    1    1    1    1  1.29130E+15 0.00053 
   51   51    1    1    1    1    1    1    1    1  1.01920E+15 0.00053 
   52   52    1    1    1    1    1    1    1    1  1.20516E+15 0.00071 
   53   53    1    1    1    1    1    1    1    1  8.53236E+14 0.00056 
   54   54    1    1    1    1    1    1    1    1  1.05682E+15 0.00046 
   55   55    1    1    1    1    1    1    1    1  7.41613E+14 0.00064 
   56   56    1    1    1    1    1    1    1    1  1.01612E+14 0.00094 
   57   57    1    1    1    1    1    1    1    1  1.46161E+15 0.00053 
   58   58    1    1    1    1    1    1    1    1  6.59531E+14 0.00086 
   59   59    1    1    1    1    1    1    1    1  7.10609E+14 0.00084 
   60   60    1    1    1    1    1    1    1    1  5.66555E+14 0.00090 
   61   61    1    1    1    1    1    1    1    1  5.67592E+14 0.00064 
   62   62    1    1    1    1    1    1    1    1  5.83107E+14 0.00092 
   63   63    1    1    1    1    1    1    1    1  4.92579E+14 0.00065 
   64   64    1    1    1    1    1    1    1    1  3.91320E+14 0.00091 
   65   65    1    1    1    1    1    1    1    1  3.88811E+14 0.00079 
   66   66    1    1    1    1    1    1    1    1  2.96175E+14 0.00076 
   67   67    1    1    1    1    1    1    1    1  2.41933E+14 0.00077 
   68   68    1    1    1    1    1    1    1    1  2.15272E+14 0.00094 
   69   69    1    1    1    1    1    1    1    1  2.60526E+14 0.00091 
   70   70    1    1    1    1    1    1    1    1  2.23133E+14 0.00141 
   71   71    1    1    1    1    1    1    1    1  4.10067E+14 0.00070 
   72   72    1    1    1    1    1    1    1    1  2.95179E+14 0.00114 
   73   73    1    1    1    1    1    1    1    1  2.26072E+14 0.00126 
   74   74    1    1    1    1    1    1    1    1  1.83732E+14 0.00123 
   75   75    1    1    1    1    1    1    1    1  1.53149E+14 0.00123 
   76   76    1    1    1    1    1    1    1    1  1.77874E+14 0.00120 
   77   77    1    1    1    1    1    1    1    1  1.40731E+14 0.00169 
   78   78    1    1    1    1    1    1    1    1  1.11302E+14 0.00121 
   79   79    1    1    1    1    1    1    1    1  1.15650E+14 0.00139 
   80   80    1    1    1    1    1    1    1    1  8.60075E+13 0.00147 
   81   81    1    1    1    1    1    1    1    1  6.65157E+13 0.00268 
   82   82    1    1    1    1    1    1    1    1  5.11360E+13 0.00253 
   83   83    1    1    1    1    1    1    1    1  4.77839E+13 0.00244 
   84   84    1    1    1    1    1    1    1    1  3.44306E+13 0.00251 
   85   85    1    1    1    1    1    1    1    1  2.47427E+13 0.00310 
   86   86    1    1    1    1    1    1    1    1  2.33093E+13 0.00363 
   87   87    1    1    1    1    1    1    1    1  1.42547E+13 0.00465 
   88   88    1    1    1    1    1    1    1    1  9.69646E+12 0.00570 
   89   89    1    1    1    1    1    1    1    1  5.50527E+12 0.00536 
   90   90    1    1    1    1    1    1    1    1  3.65950E+12 0.00726 
   91   91    1    1    1    1    1    1    1    1  1.83439E+12 0.00891 
   92   92    1    1    1    1    1    1    1    1  9.12575E+11 0.01326 
   93   93    1    1    1    1    1    1    1    1  4.23670E+11 0.02289 
   94   94    1    1    1    1    1    1    1    1  2.23957E+11 0.02661 
   95   95    1    1    1    1    1    1    1    1  1.04783E+11 0.03123 
   96   96    1    1    1    1    1    1    1    1  5.36067E+10 0.06989 
   97   97    1    1    1    1    1    1    1    1  2.24214E+10 0.11155 
   98   98    1    1    1    1    1    1    1    1  9.56390E+09 0.16066 
   99   99    1    1    1    1    1    1    1    1  5.67017E+09 0.24468 
  100  100    1    1    1    1    1    1    1    1  4.52200E+09 0.29395 
];


