
DETdpaspec = [
    1    1    1    1    1    1    1    1    1    1  0.00000E+00 0.00000 
    2    2    1    1    1    1    1    1    1    1  0.00000E+00 0.00000 
    3    3    1    1    1    1    1    1    1    1  0.00000E+00 0.00000 
    4    4    1    1    1    1    1    1    1    1  0.00000E+00 0.00000 
    5    5    1    1    1    1    1    1    1    1  0.00000E+00 0.00000 
    6    6    1    1    1    1    1    1    1    1  0.00000E+00 0.00000 
    7    7    1    1    1    1    1    1    1    1  1.17985E+07 1.00000 
    8    8    1    1    1    1    1    1    1    1  0.00000E+00 0.00000 
    9    9    1    1    1    1    1    1    1    1  6.17639E+06 1.00000 
   10   10    1    1    1    1    1    1    1    1  4.70408E+07 1.00000 
   11   11    1    1    1    1    1    1    1    1  1.16543E+08 1.00000 
   12   12    1    1    1    1    1    1    1    1  2.67508E+07 1.00000 
   13   13    1    1    1    1    1    1    1    1  2.57256E+08 0.70306 
   14   14    1    1    1    1    1    1    1    1  1.88522E+09 0.44582 
   15   15    1    1    1    1    1    1    1    1  1.16817E+09 0.39600 
   16   16    1    1    1    1    1    1    1    1  2.14408E+08 0.50168 
   17   17    1    1    1    1    1    1    1    1  1.10892E+09 0.31343 
   18   18    1    1    1    1    1    1    1    1  2.32317E+09 0.28985 
   19   19    1    1    1    1    1    1    1    1  1.96440E+09 0.25624 
   20   20    1    1    1    1    1    1    1    1  9.86125E+09 0.16162 
   21   21    1    1    1    1    1    1    1    1  7.88596E+09 0.14316 
   22   22    1    1    1    1    1    1    1    1  1.44501E+10 0.11428 
   23   23    1    1    1    1    1    1    1    1  3.47824E+10 0.07303 
   24   24    1    1    1    1    1    1    1    1  8.55050E+10 0.05958 
   25   25    1    1    1    1    1    1    1    1  1.45187E+11 0.03477 
   26   26    1    1    1    1    1    1    1    1  3.34427E+11 0.02363 
   27   27    1    1    1    1    1    1    1    1  6.94454E+11 0.01582 
   28   28    1    1    1    1    1    1    1    1  1.62381E+12 0.01117 
   29   29    1    1    1    1    1    1    1    1  2.63678E+12 0.01167 
   30   30    1    1    1    1    1    1    1    1  5.78342E+12 0.00701 
   31   31    1    1    1    1    1    1    1    1  1.36215E+13 0.00455 
   32   32    1    1    1    1    1    1    1    1  2.08318E+13 0.00505 
   33   33    1    1    1    1    1    1    1    1  4.24777E+13 0.00397 
   34   34    1    1    1    1    1    1    1    1  5.39902E+13 0.00256 
   35   35    1    1    1    1    1    1    1    1  6.46967E+13 0.00220 
   36   36    1    1    1    1    1    1    1    1  4.45951E+13 0.00160 
   37   37    1    1    1    1    1    1    1    1  1.33658E+13 0.00165 
   38   38    1    1    1    1    1    1    1    1  7.11044E+13 0.00197 
   39   39    1    1    1    1    1    1    1    1  9.12024E+13 0.00184 
   40   40    1    1    1    1    1    1    1    1  1.55491E+14 0.00150 
   41   41    1    1    1    1    1    1    1    1  1.47450E+14 0.00120 
   42   42    1    1    1    1    1    1    1    1  2.92612E+14 0.00114 
   43   43    1    1    1    1    1    1    1    1  3.34380E+14 0.00113 
   44   44    1    1    1    1    1    1    1    1  4.53916E+14 0.00105 
   45   45    1    1    1    1    1    1    1    1  8.63458E+14 0.00080 
   46   46    1    1    1    1    1    1    1    1  4.26781E+14 0.00083 
   47   47    1    1    1    1    1    1    1    1  6.41241E+14 0.00063 
   48   48    1    1    1    1    1    1    1    1  8.97330E+14 0.00081 
   49   49    1    1    1    1    1    1    1    1  8.38925E+14 0.00083 
   50   50    1    1    1    1    1    1    1    1  1.32853E+15 0.00047 
   51   51    1    1    1    1    1    1    1    1  1.03773E+15 0.00057 
   52   52    1    1    1    1    1    1    1    1  1.22974E+15 0.00042 
   53   53    1    1    1    1    1    1    1    1  8.66464E+14 0.00065 
   54   54    1    1    1    1    1    1    1    1  1.07783E+15 0.00057 
   55   55    1    1    1    1    1    1    1    1  7.53657E+14 0.00063 
   56   56    1    1    1    1    1    1    1    1  1.02814E+14 0.00084 
   57   57    1    1    1    1    1    1    1    1  1.48162E+15 0.00060 
   58   58    1    1    1    1    1    1    1    1  6.72437E+14 0.00075 
   59   59    1    1    1    1    1    1    1    1  7.21408E+14 0.00062 
   60   60    1    1    1    1    1    1    1    1  5.78120E+14 0.00073 
   61   61    1    1    1    1    1    1    1    1  5.78116E+14 0.00053 
   62   62    1    1    1    1    1    1    1    1  5.93303E+14 0.00080 
   63   63    1    1    1    1    1    1    1    1  5.01291E+14 0.00070 
   64   64    1    1    1    1    1    1    1    1  3.98635E+14 0.00092 
   65   65    1    1    1    1    1    1    1    1  3.94754E+14 0.00083 
   66   66    1    1    1    1    1    1    1    1  3.00573E+14 0.00097 
   67   67    1    1    1    1    1    1    1    1  2.45008E+14 0.00095 
   68   68    1    1    1    1    1    1    1    1  2.17689E+14 0.00114 
   69   69    1    1    1    1    1    1    1    1  2.63246E+14 0.00086 
   70   70    1    1    1    1    1    1    1    1  2.24838E+14 0.00083 
   71   71    1    1    1    1    1    1    1    1  4.10484E+14 0.00065 
   72   72    1    1    1    1    1    1    1    1  2.94448E+14 0.00123 
   73   73    1    1    1    1    1    1    1    1  2.25590E+14 0.00109 
   74   74    1    1    1    1    1    1    1    1  1.84435E+14 0.00118 
   75   75    1    1    1    1    1    1    1    1  1.54010E+14 0.00163 
   76   76    1    1    1    1    1    1    1    1  1.80069E+14 0.00123 
   77   77    1    1    1    1    1    1    1    1  1.43445E+14 0.00124 
   78   78    1    1    1    1    1    1    1    1  1.13402E+14 0.00132 
   79   79    1    1    1    1    1    1    1    1  1.17827E+14 0.00139 
   80   80    1    1    1    1    1    1    1    1  8.77211E+13 0.00127 
   81   81    1    1    1    1    1    1    1    1  6.77148E+13 0.00190 
   82   82    1    1    1    1    1    1    1    1  5.23213E+13 0.00150 
   83   83    1    1    1    1    1    1    1    1  4.90483E+13 0.00222 
   84   84    1    1    1    1    1    1    1    1  3.52655E+13 0.00243 
   85   85    1    1    1    1    1    1    1    1  2.53786E+13 0.00358 
   86   86    1    1    1    1    1    1    1    1  2.37985E+13 0.00276 
   87   87    1    1    1    1    1    1    1    1  1.46078E+13 0.00497 
   88   88    1    1    1    1    1    1    1    1  9.72082E+12 0.00567 
   89   89    1    1    1    1    1    1    1    1  5.58893E+12 0.00657 
   90   90    1    1    1    1    1    1    1    1  3.69204E+12 0.00672 
   91   91    1    1    1    1    1    1    1    1  1.85247E+12 0.01085 
   92   92    1    1    1    1    1    1    1    1  8.83929E+11 0.01721 
   93   93    1    1    1    1    1    1    1    1  4.19642E+11 0.02433 
   94   94    1    1    1    1    1    1    1    1  2.09077E+11 0.03429 
   95   95    1    1    1    1    1    1    1    1  9.87940E+10 0.05264 
   96   96    1    1    1    1    1    1    1    1  4.27821E+10 0.05761 
   97   97    1    1    1    1    1    1    1    1  1.85392E+10 0.11349 
   98   98    1    1    1    1    1    1    1    1  1.32328E+10 0.14018 
   99   99    1    1    1    1    1    1    1    1  5.99220E+09 0.20032 
  100  100    1    1    1    1    1    1    1    1  5.68033E+09 0.23131 
];


