
DETdpaspec = [
    1    1    1    1    1    1    1    1    1    1  0.00000E+00 0.00000 
    2    2    1    1    1    1    1    1    1    1  0.00000E+00 0.00000 
    3    3    1    1    1    1    1    1    1    1  0.00000E+00 0.00000 
    4    4    1    1    1    1    1    1    1    1  0.00000E+00 0.00000 
    5    5    1    1    1    1    1    1    1    1  0.00000E+00 0.00000 
    6    6    1    1    1    1    1    1    1    1  0.00000E+00 0.00000 
    7    7    1    1    1    1    1    1    1    1  0.00000E+00 0.00000 
    8    8    1    1    1    1    1    1    1    1  0.00000E+00 0.00000 
    9    9    1    1    1    1    1    1    1    1  9.33526E+06 1.00000 
   10   10    1    1    1    1    1    1    1    1  0.00000E+00 0.00000 
   11   11    1    1    1    1    1    1    1    1  1.87974E+08 1.00000 
   12   12    1    1    1    1    1    1    1    1  5.25512E+07 1.00000 
   13   13    1    1    1    1    1    1    1    1  5.19122E+08 0.70352 
   14   14    1    1    1    1    1    1    1    1  1.68762E+09 0.49798 
   15   15    1    1    1    1    1    1    1    1  6.74743E+08 0.76164 
   16   16    1    1    1    1    1    1    1    1  0.00000E+00 0.00000 
   17   17    1    1    1    1    1    1    1    1  5.18774E+08 0.43848 
   18   18    1    1    1    1    1    1    1    1  2.00370E+09 0.30462 
   19   19    1    1    1    1    1    1    1    1  1.26798E+09 0.36903 
   20   20    1    1    1    1    1    1    1    1  9.59999E+09 0.15732 
   21   21    1    1    1    1    1    1    1    1  1.21999E+10 0.13181 
   22   22    1    1    1    1    1    1    1    1  4.97307E+10 0.07079 
   23   23    1    1    1    1    1    1    1    1  1.76812E+11 0.02685 
   24   24    1    1    1    1    1    1    1    1  5.28678E+11 0.02551 
   25   25    1    1    1    1    1    1    1    1  8.63039E+11 0.01487 
   26   26    1    1    1    1    1    1    1    1  1.65838E+12 0.01011 
   27   27    1    1    1    1    1    1    1    1  3.08867E+12 0.00937 
   28   28    1    1    1    1    1    1    1    1  5.78253E+12 0.00825 
   29   29    1    1    1    1    1    1    1    1  8.41000E+12 0.00570 
   30   30    1    1    1    1    1    1    1    1  1.50625E+13 0.00505 
   31   31    1    1    1    1    1    1    1    1  2.88497E+13 0.00481 
   32   32    1    1    1    1    1    1    1    1  3.91279E+13 0.00295 
   33   33    1    1    1    1    1    1    1    1  7.14793E+13 0.00241 
   34   34    1    1    1    1    1    1    1    1  8.48814E+13 0.00190 
   35   35    1    1    1    1    1    1    1    1  9.10751E+13 0.00162 
   36   36    1    1    1    1    1    1    1    1  5.88590E+13 0.00157 
   37   37    1    1    1    1    1    1    1    1  1.71267E+13 0.00184 
   38   38    1    1    1    1    1    1    1    1  9.16570E+13 0.00157 
   39   39    1    1    1    1    1    1    1    1  1.15465E+14 0.00153 
   40   40    1    1    1    1    1    1    1    1  1.93839E+14 0.00099 
   41   41    1    1    1    1    1    1    1    1  1.78353E+14 0.00162 
   42   42    1    1    1    1    1    1    1    1  3.50581E+14 0.00121 
   43   43    1    1    1    1    1    1    1    1  3.93809E+14 0.00082 
   44   44    1    1    1    1    1    1    1    1  5.24169E+14 0.00069 
   45   45    1    1    1    1    1    1    1    1  9.74713E+14 0.00060 
   46   46    1    1    1    1    1    1    1    1  4.69546E+14 0.00045 
   47   47    1    1    1    1    1    1    1    1  6.96727E+14 0.00061 
   48   48    1    1    1    1    1    1    1    1  9.60451E+14 0.00071 
   49   49    1    1    1    1    1    1    1    1  8.84492E+14 0.00047 
   50   50    1    1    1    1    1    1    1    1  1.38615E+15 0.00055 
   51   51    1    1    1    1    1    1    1    1  1.06122E+15 0.00076 
   52   52    1    1    1    1    1    1    1    1  1.25316E+15 0.00058 
   53   53    1    1    1    1    1    1    1    1  8.71242E+14 0.00074 
   54   54    1    1    1    1    1    1    1    1  1.08324E+15 0.00062 
   55   55    1    1    1    1    1    1    1    1  7.51254E+14 0.00074 
   56   56    1    1    1    1    1    1    1    1  1.02083E+14 0.00090 
   57   57    1    1    1    1    1    1    1    1  1.46310E+15 0.00046 
   58   58    1    1    1    1    1    1    1    1  6.64995E+14 0.00072 
   59   59    1    1    1    1    1    1    1    1  7.07795E+14 0.00070 
   60   60    1    1    1    1    1    1    1    1  5.68457E+14 0.00068 
   61   61    1    1    1    1    1    1    1    1  5.65497E+14 0.00073 
   62   62    1    1    1    1    1    1    1    1  5.78448E+14 0.00074 
   63   63    1    1    1    1    1    1    1    1  4.86949E+14 0.00073 
   64   64    1    1    1    1    1    1    1    1  3.85909E+14 0.00089 
   65   65    1    1    1    1    1    1    1    1  3.80070E+14 0.00082 
   66   66    1    1    1    1    1    1    1    1  2.88682E+14 0.00108 
   67   67    1    1    1    1    1    1    1    1  2.34268E+14 0.00097 
   68   68    1    1    1    1    1    1    1    1  2.07367E+14 0.00090 
   69   69    1    1    1    1    1    1    1    1  2.49743E+14 0.00126 
   70   70    1    1    1    1    1    1    1    1  2.12220E+14 0.00134 
   71   71    1    1    1    1    1    1    1    1  3.83077E+14 0.00091 
   72   72    1    1    1    1    1    1    1    1  2.73224E+14 0.00112 
   73   73    1    1    1    1    1    1    1    1  2.07983E+14 0.00105 
   74   74    1    1    1    1    1    1    1    1  1.70571E+14 0.00136 
   75   75    1    1    1    1    1    1    1    1  1.42989E+14 0.00154 
   76   76    1    1    1    1    1    1    1    1  1.67152E+14 0.00131 
   77   77    1    1    1    1    1    1    1    1  1.33125E+14 0.00164 
   78   78    1    1    1    1    1    1    1    1  1.05627E+14 0.00185 
   79   79    1    1    1    1    1    1    1    1  1.10014E+14 0.00178 
   80   80    1    1    1    1    1    1    1    1  8.21760E+13 0.00165 
   81   81    1    1    1    1    1    1    1    1  6.30713E+13 0.00178 
   82   82    1    1    1    1    1    1    1    1  4.84293E+13 0.00255 
   83   83    1    1    1    1    1    1    1    1  4.53091E+13 0.00267 
   84   84    1    1    1    1    1    1    1    1  3.26583E+13 0.00206 
   85   85    1    1    1    1    1    1    1    1  2.34979E+13 0.00343 
   86   86    1    1    1    1    1    1    1    1  2.17000E+13 0.00356 
   87   87    1    1    1    1    1    1    1    1  1.32896E+13 0.00331 
   88   88    1    1    1    1    1    1    1    1  8.89373E+12 0.00607 
   89   89    1    1    1    1    1    1    1    1  5.08359E+12 0.00483 
   90   90    1    1    1    1    1    1    1    1  3.31261E+12 0.00861 
   91   91    1    1    1    1    1    1    1    1  1.62092E+12 0.01005 
   92   92    1    1    1    1    1    1    1    1  7.86972E+11 0.01471 
   93   93    1    1    1    1    1    1    1    1  3.72616E+11 0.02108 
   94   94    1    1    1    1    1    1    1    1  1.88618E+11 0.03868 
   95   95    1    1    1    1    1    1    1    1  8.02315E+10 0.05267 
   96   96    1    1    1    1    1    1    1    1  4.15688E+10 0.06744 
   97   97    1    1    1    1    1    1    1    1  2.07769E+10 0.09354 
   98   98    1    1    1    1    1    1    1    1  1.11135E+10 0.15782 
   99   99    1    1    1    1    1    1    1    1  5.05176E+09 0.24523 
  100  100    1    1    1    1    1    1    1    1  4.65688E+09 0.23399 
];


