
DETdpaspec = [
    1    1    1    1    1    1    1    1    1    1  0.00000E+00 0.00000 
    2    2    1    1    1    1    1    1    1    1  0.00000E+00 0.00000 
    3    3    1    1    1    1    1    1    1    1  0.00000E+00 0.00000 
    4    4    1    1    1    1    1    1    1    1  1.40786E+07 1.00000 
    5    5    1    1    1    1    1    1    1    1  0.00000E+00 0.00000 
    6    6    1    1    1    1    1    1    1    1  0.00000E+00 0.00000 
    7    7    1    1    1    1    1    1    1    1  0.00000E+00 0.00000 
    8    8    1    1    1    1    1    1    1    1  0.00000E+00 0.00000 
    9    9    1    1    1    1    1    1    1    1  0.00000E+00 0.00000 
   10   10    1    1    1    1    1    1    1    1  1.81883E+07 1.00000 
   11   11    1    1    1    1    1    1    1    1  1.30353E+08 0.72804 
   12   12    1    1    1    1    1    1    1    1  3.67088E+07 1.00000 
   13   13    1    1    1    1    1    1    1    1  0.00000E+00 0.00000 
   14   14    1    1    1    1    1    1    1    1  1.40640E+09 0.49826 
   15   15    1    1    1    1    1    1    1    1  1.03451E+09 0.50336 
   16   16    1    1    1    1    1    1    1    1  6.88484E+08 0.55205 
   17   17    1    1    1    1    1    1    1    1  1.02124E+09 0.44608 
   18   18    1    1    1    1    1    1    1    1  1.91322E+09 0.38910 
   19   19    1    1    1    1    1    1    1    1  2.09316E+09 0.41110 
   20   20    1    1    1    1    1    1    1    1  6.01947E+09 0.24733 
   21   21    1    1    1    1    1    1    1    1  9.32677E+09 0.11382 
   22   22    1    1    1    1    1    1    1    1  2.73768E+10 0.09164 
   23   23    1    1    1    1    1    1    1    1  1.02779E+11 0.03897 
   24   24    1    1    1    1    1    1    1    1  3.06125E+11 0.02735 
   25   25    1    1    1    1    1    1    1    1  5.13480E+11 0.01893 
   26   26    1    1    1    1    1    1    1    1  1.02256E+12 0.02151 
   27   27    1    1    1    1    1    1    1    1  1.99459E+12 0.01454 
   28   28    1    1    1    1    1    1    1    1  4.04047E+12 0.00874 
   29   29    1    1    1    1    1    1    1    1  6.09917E+12 0.00629 
   30   30    1    1    1    1    1    1    1    1  1.14573E+13 0.00392 
   31   31    1    1    1    1    1    1    1    1  2.33985E+13 0.00343 
   32   32    1    1    1    1    1    1    1    1  3.26185E+13 0.00284 
   33   33    1    1    1    1    1    1    1    1  6.15707E+13 0.00236 
   34   34    1    1    1    1    1    1    1    1  7.47744E+13 0.00218 
   35   35    1    1    1    1    1    1    1    1  8.27689E+13 0.00170 
   36   36    1    1    1    1    1    1    1    1  5.45468E+13 0.00110 
   37   37    1    1    1    1    1    1    1    1  1.59978E+13 0.00114 
   38   38    1    1    1    1    1    1    1    1  8.52490E+13 0.00112 
   39   39    1    1    1    1    1    1    1    1  1.07820E+14 0.00179 
   40   40    1    1    1    1    1    1    1    1  1.81735E+14 0.00115 
   41   41    1    1    1    1    1    1    1    1  1.68476E+14 0.00110 
   42   42    1    1    1    1    1    1    1    1  3.32788E+14 0.00127 
   43   43    1    1    1    1    1    1    1    1  3.76031E+14 0.00077 
   44   44    1    1    1    1    1    1    1    1  5.03323E+14 0.00065 
   45   45    1    1    1    1    1    1    1    1  9.42865E+14 0.00057 
   46   46    1    1    1    1    1    1    1    1  4.57737E+14 0.00068 
   47   47    1    1    1    1    1    1    1    1  6.82248E+14 0.00068 
   48   48    1    1    1    1    1    1    1    1  9.44764E+14 0.00047 
   49   49    1    1    1    1    1    1    1    1  8.74671E+14 0.00066 
   50   50    1    1    1    1    1    1    1    1  1.37341E+15 0.00070 
   51   51    1    1    1    1    1    1    1    1  1.05767E+15 0.00059 
   52   52    1    1    1    1    1    1    1    1  1.25177E+15 0.00054 
   53   53    1    1    1    1    1    1    1    1  8.72956E+14 0.00063 
   54   54    1    1    1    1    1    1    1    1  1.08639E+15 0.00045 
   55   55    1    1    1    1    1    1    1    1  7.55679E+14 0.00051 
   56   56    1    1    1    1    1    1    1    1  1.02857E+14 0.00134 
   57   57    1    1    1    1    1    1    1    1  1.47797E+15 0.00058 
   58   58    1    1    1    1    1    1    1    1  6.72174E+14 0.00095 
   59   59    1    1    1    1    1    1    1    1  7.17412E+14 0.00074 
   60   60    1    1    1    1    1    1    1    1  5.75440E+14 0.00072 
   61   61    1    1    1    1    1    1    1    1  5.74264E+14 0.00069 
   62   62    1    1    1    1    1    1    1    1  5.87524E+14 0.00074 
   63   63    1    1    1    1    1    1    1    1  4.95185E+14 0.00082 
   64   64    1    1    1    1    1    1    1    1  3.92576E+14 0.00104 
   65   65    1    1    1    1    1    1    1    1  3.87500E+14 0.00081 
   66   66    1    1    1    1    1    1    1    1  2.94980E+14 0.00093 
   67   67    1    1    1    1    1    1    1    1  2.39623E+14 0.00114 
   68   68    1    1    1    1    1    1    1    1  2.12200E+14 0.00103 
   69   69    1    1    1    1    1    1    1    1  2.56195E+14 0.00104 
   70   70    1    1    1    1    1    1    1    1  2.18305E+14 0.00091 
   71   71    1    1    1    1    1    1    1    1  3.94687E+14 0.00101 
   72   72    1    1    1    1    1    1    1    1  2.81691E+14 0.00129 
   73   73    1    1    1    1    1    1    1    1  2.15016E+14 0.00107 
   74   74    1    1    1    1    1    1    1    1  1.75856E+14 0.00119 
   75   75    1    1    1    1    1    1    1    1  1.47333E+14 0.00126 
   76   76    1    1    1    1    1    1    1    1  1.72510E+14 0.00118 
   77   77    1    1    1    1    1    1    1    1  1.37699E+14 0.00134 
   78   78    1    1    1    1    1    1    1    1  1.09545E+14 0.00175 
   79   79    1    1    1    1    1    1    1    1  1.13482E+14 0.00186 
   80   80    1    1    1    1    1    1    1    1  8.47025E+13 0.00205 
   81   81    1    1    1    1    1    1    1    1  6.55709E+13 0.00162 
   82   82    1    1    1    1    1    1    1    1  5.02784E+13 0.00199 
   83   83    1    1    1    1    1    1    1    1  4.72009E+13 0.00177 
   84   84    1    1    1    1    1    1    1    1  3.38399E+13 0.00386 
   85   85    1    1    1    1    1    1    1    1  2.41906E+13 0.00299 
   86   86    1    1    1    1    1    1    1    1  2.26311E+13 0.00274 
   87   87    1    1    1    1    1    1    1    1  1.39070E+13 0.00331 
   88   88    1    1    1    1    1    1    1    1  9.27910E+12 0.00494 
   89   89    1    1    1    1    1    1    1    1  5.29185E+12 0.00813 
   90   90    1    1    1    1    1    1    1    1  3.46308E+12 0.00830 
   91   91    1    1    1    1    1    1    1    1  1.73547E+12 0.01235 
   92   92    1    1    1    1    1    1    1    1  8.45221E+11 0.01376 
   93   93    1    1    1    1    1    1    1    1  4.08347E+11 0.02535 
   94   94    1    1    1    1    1    1    1    1  1.85673E+11 0.04526 
   95   95    1    1    1    1    1    1    1    1  8.76258E+10 0.04749 
   96   96    1    1    1    1    1    1    1    1  4.23202E+10 0.08059 
   97   97    1    1    1    1    1    1    1    1  1.68778E+10 0.08145 
   98   98    1    1    1    1    1    1    1    1  1.02189E+10 0.14404 
   99   99    1    1    1    1    1    1    1    1  4.55108E+09 0.23540 
  100  100    1    1    1    1    1    1    1    1  3.88098E+09 0.24849 
];


