
DETdpaspec = [
    1    1    1    1    1    1    1    1    1    1  0.00000E+00 0.00000 
    2    2    1    1    1    1    1    1    1    1  0.00000E+00 0.00000 
    3    3    1    1    1    1    1    1    1    1  0.00000E+00 0.00000 
    4    4    1    1    1    1    1    1    1    1  0.00000E+00 0.00000 
    5    5    1    1    1    1    1    1    1    1  0.00000E+00 0.00000 
    6    6    1    1    1    1    1    1    1    1  0.00000E+00 0.00000 
    7    7    1    1    1    1    1    1    1    1  0.00000E+00 0.00000 
    8    8    1    1    1    1    1    1    1    1  1.41563E+07 1.00000 
    9    9    1    1    1    1    1    1    1    1  6.23839E+06 1.00000 
   10   10    1    1    1    1    1    1    1    1  0.00000E+00 0.00000 
   11   11    1    1    1    1    1    1    1    1  0.00000E+00 0.00000 
   12   12    1    1    1    1    1    1    1    1  3.82043E+07 1.00000 
   13   13    1    1    1    1    1    1    1    1  6.65239E+08 0.70041 
   14   14    1    1    1    1    1    1    1    1  1.41336E+09 0.60832 
   15   15    1    1    1    1    1    1    1    1  2.86298E+08 0.81496 
   16   16    1    1    1    1    1    1    1    1  3.01945E+08 1.00000 
   17   17    1    1    1    1    1    1    1    1  7.88293E+08 0.39719 
   18   18    1    1    1    1    1    1    1    1  1.55682E+09 0.30181 
   19   19    1    1    1    1    1    1    1    1  2.63339E+09 0.24398 
   20   20    1    1    1    1    1    1    1    1  8.19528E+09 0.16806 
   21   21    1    1    1    1    1    1    1    1  6.18948E+09 0.23085 
   22   22    1    1    1    1    1    1    1    1  2.02666E+10 0.08056 
   23   23    1    1    1    1    1    1    1    1  6.29110E+10 0.05479 
   24   24    1    1    1    1    1    1    1    1  1.95988E+11 0.02673 
   25   25    1    1    1    1    1    1    1    1  3.59469E+11 0.02146 
   26   26    1    1    1    1    1    1    1    1  7.54422E+11 0.01710 
   27   27    1    1    1    1    1    1    1    1  1.56179E+12 0.01335 
   28   28    1    1    1    1    1    1    1    1  3.26319E+12 0.00818 
   29   29    1    1    1    1    1    1    1    1  4.99791E+12 0.00767 
   30   30    1    1    1    1    1    1    1    1  9.72004E+12 0.00522 
   31   31    1    1    1    1    1    1    1    1  2.06658E+13 0.00317 
   32   32    1    1    1    1    1    1    1    1  2.93647E+13 0.00296 
   33   33    1    1    1    1    1    1    1    1  5.66745E+13 0.00263 
   34   34    1    1    1    1    1    1    1    1  6.96948E+13 0.00143 
   35   35    1    1    1    1    1    1    1    1  7.81940E+13 0.00197 
   36   36    1    1    1    1    1    1    1    1  5.19839E+13 0.00171 
   37   37    1    1    1    1    1    1    1    1  1.53002E+13 0.00168 
   38   38    1    1    1    1    1    1    1    1  8.17522E+13 0.00173 
   39   39    1    1    1    1    1    1    1    1  1.03731E+14 0.00127 
   40   40    1    1    1    1    1    1    1    1  1.75556E+14 0.00103 
   41   41    1    1    1    1    1    1    1    1  1.63594E+14 0.00147 
   42   42    1    1    1    1    1    1    1    1  3.23165E+14 0.00122 
   43   43    1    1    1    1    1    1    1    1  3.66094E+14 0.00099 
   44   44    1    1    1    1    1    1    1    1  4.91872E+14 0.00078 
   45   45    1    1    1    1    1    1    1    1  9.23511E+14 0.00072 
   46   46    1    1    1    1    1    1    1    1  4.50301E+14 0.00085 
   47   47    1    1    1    1    1    1    1    1  6.72515E+14 0.00075 
   48   48    1    1    1    1    1    1    1    1  9.34868E+14 0.00071 
   49   49    1    1    1    1    1    1    1    1  8.66793E+14 0.00073 
   50   50    1    1    1    1    1    1    1    1  1.36542E+15 0.00055 
   51   51    1    1    1    1    1    1    1    1  1.05401E+15 0.00050 
   52   52    1    1    1    1    1    1    1    1  1.24826E+15 0.00050 
   53   53    1    1    1    1    1    1    1    1  8.73668E+14 0.00062 
   54   54    1    1    1    1    1    1    1    1  1.08740E+15 0.00050 
   55   55    1    1    1    1    1    1    1    1  7.57255E+14 0.00050 
   56   56    1    1    1    1    1    1    1    1  1.03222E+14 0.00112 
   57   57    1    1    1    1    1    1    1    1  1.48166E+15 0.00044 
   58   58    1    1    1    1    1    1    1    1  6.73994E+14 0.00070 
   59   59    1    1    1    1    1    1    1    1  7.19856E+14 0.00050 
   60   60    1    1    1    1    1    1    1    1  5.77915E+14 0.00075 
   61   61    1    1    1    1    1    1    1    1  5.75650E+14 0.00074 
   62   62    1    1    1    1    1    1    1    1  5.90363E+14 0.00080 
   63   63    1    1    1    1    1    1    1    1  4.98308E+14 0.00074 
   64   64    1    1    1    1    1    1    1    1  3.94985E+14 0.00048 
   65   65    1    1    1    1    1    1    1    1  3.90730E+14 0.00067 
   66   66    1    1    1    1    1    1    1    1  2.97508E+14 0.00091 
   67   67    1    1    1    1    1    1    1    1  2.41662E+14 0.00094 
   68   68    1    1    1    1    1    1    1    1  2.13998E+14 0.00104 
   69   69    1    1    1    1    1    1    1    1  2.58248E+14 0.00107 
   70   70    1    1    1    1    1    1    1    1  2.20269E+14 0.00105 
   71   71    1    1    1    1    1    1    1    1  3.99372E+14 0.00092 
   72   72    1    1    1    1    1    1    1    1  2.84621E+14 0.00072 
   73   73    1    1    1    1    1    1    1    1  2.18098E+14 0.00113 
   74   74    1    1    1    1    1    1    1    1  1.78045E+14 0.00179 
   75   75    1    1    1    1    1    1    1    1  1.49645E+14 0.00136 
   76   76    1    1    1    1    1    1    1    1  1.74611E+14 0.00133 
   77   77    1    1    1    1    1    1    1    1  1.39603E+14 0.00082 
   78   78    1    1    1    1    1    1    1    1  1.10842E+14 0.00121 
   79   79    1    1    1    1    1    1    1    1  1.15297E+14 0.00203 
   80   80    1    1    1    1    1    1    1    1  8.59749E+13 0.00217 
   81   81    1    1    1    1    1    1    1    1  6.63245E+13 0.00127 
   82   82    1    1    1    1    1    1    1    1  5.12436E+13 0.00221 
   83   83    1    1    1    1    1    1    1    1  4.76710E+13 0.00203 
   84   84    1    1    1    1    1    1    1    1  3.42069E+13 0.00260 
   85   85    1    1    1    1    1    1    1    1  2.47027E+13 0.00360 
   86   86    1    1    1    1    1    1    1    1  2.30903E+13 0.00247 
   87   87    1    1    1    1    1    1    1    1  1.40229E+13 0.00481 
   88   88    1    1    1    1    1    1    1    1  9.43513E+12 0.00524 
   89   89    1    1    1    1    1    1    1    1  5.38325E+12 0.00859 
   90   90    1    1    1    1    1    1    1    1  3.58489E+12 0.00848 
   91   91    1    1    1    1    1    1    1    1  1.73762E+12 0.01312 
   92   92    1    1    1    1    1    1    1    1  8.38546E+11 0.01587 
   93   93    1    1    1    1    1    1    1    1  4.20836E+11 0.02626 
   94   94    1    1    1    1    1    1    1    1  1.97880E+11 0.03375 
   95   95    1    1    1    1    1    1    1    1  9.49772E+10 0.04052 
   96   96    1    1    1    1    1    1    1    1  4.53888E+10 0.07977 
   97   97    1    1    1    1    1    1    1    1  1.89798E+10 0.12165 
   98   98    1    1    1    1    1    1    1    1  8.99069E+09 0.13449 
   99   99    1    1    1    1    1    1    1    1  3.51698E+09 0.24927 
  100  100    1    1    1    1    1    1    1    1  5.03055E+09 0.24116 
];


