
DETdpaspec = [
    1    1    1    1    1    1    1    1    1    1  0.00000E+00 0.00000 
    2    2    1    1    1    1    1    1    1    1  0.00000E+00 0.00000 
    3    3    1    1    1    1    1    1    1    1  0.00000E+00 0.00000 
    4    4    1    1    1    1    1    1    1    1  0.00000E+00 0.00000 
    5    5    1    1    1    1    1    1    1    1  0.00000E+00 0.00000 
    6    6    1    1    1    1    1    1    1    1  0.00000E+00 0.00000 
    7    7    1    1    1    1    1    1    1    1  9.86104E+06 1.00000 
    8    8    1    1    1    1    1    1    1    1  0.00000E+00 0.00000 
    9    9    1    1    1    1    1    1    1    1  1.69104E+07 0.69077 
   10   10    1    1    1    1    1    1    1    1  2.94905E+07 0.69338 
   11   11    1    1    1    1    1    1    1    1  6.17054E+07 0.69059 
   12   12    1    1    1    1    1    1    1    1  3.57869E+07 0.73341 
   13   13    1    1    1    1    1    1    1    1  8.64980E+08 0.46103 
   14   14    1    1    1    1    1    1    1    1  1.33032E+09 0.36037 
   15   15    1    1    1    1    1    1    1    1  2.22417E+09 0.33768 
   16   16    1    1    1    1    1    1    1    1  1.37856E+09 0.40495 
   17   17    1    1    1    1    1    1    1    1  1.22880E+09 0.32282 
   18   18    1    1    1    1    1    1    1    1  2.74138E+09 0.30659 
   19   19    1    1    1    1    1    1    1    1  3.65036E+09 0.25499 
   20   20    1    1    1    1    1    1    1    1  1.12258E+10 0.11634 
   21   21    1    1    1    1    1    1    1    1  8.31089E+09 0.15420 
   22   22    1    1    1    1    1    1    1    1  1.92195E+10 0.10265 
   23   23    1    1    1    1    1    1    1    1  3.60127E+10 0.07815 
   24   24    1    1    1    1    1    1    1    1  6.19924E+10 0.06344 
   25   25    1    1    1    1    1    1    1    1  8.47551E+10 0.04275 
   26   26    1    1    1    1    1    1    1    1  1.77863E+11 0.04133 
   27   27    1    1    1    1    1    1    1    1  3.77175E+11 0.02605 
   28   28    1    1    1    1    1    1    1    1  9.36724E+11 0.01993 
   29   29    1    1    1    1    1    1    1    1  1.52657E+12 0.01109 
   30   30    1    1    1    1    1    1    1    1  3.75085E+12 0.00958 
   31   31    1    1    1    1    1    1    1    1  9.66976E+12 0.00589 
   32   32    1    1    1    1    1    1    1    1  1.54828E+13 0.00384 
   33   33    1    1    1    1    1    1    1    1  3.28644E+13 0.00286 
   34   34    1    1    1    1    1    1    1    1  4.25048E+13 0.00210 
   35   35    1    1    1    1    1    1    1    1  5.47177E+13 0.00257 
   36   36    1    1    1    1    1    1    1    1  3.92743E+13 0.00235 
   37   37    1    1    1    1    1    1    1    1  1.19992E+13 0.00202 
   38   38    1    1    1    1    1    1    1    1  6.33930E+13 0.00195 
   39   39    1    1    1    1    1    1    1    1  8.14849E+13 0.00188 
   40   40    1    1    1    1    1    1    1    1  1.39114E+14 0.00151 
   41   41    1    1    1    1    1    1    1    1  1.34919E+14 0.00136 
   42   42    1    1    1    1    1    1    1    1  2.67589E+14 0.00089 
   43   43    1    1    1    1    1    1    1    1  3.08301E+14 0.00102 
   44   44    1    1    1    1    1    1    1    1  4.21454E+14 0.00115 
   45   45    1    1    1    1    1    1    1    1  8.03699E+14 0.00065 
   46   46    1    1    1    1    1    1    1    1  4.02558E+14 0.00088 
   47   47    1    1    1    1    1    1    1    1  6.11105E+14 0.00063 
   48   48    1    1    1    1    1    1    1    1  8.60036E+14 0.00085 
   49   49    1    1    1    1    1    1    1    1  8.12690E+14 0.00065 
   50   50    1    1    1    1    1    1    1    1  1.28317E+15 0.00056 
   51   51    1    1    1    1    1    1    1    1  1.01469E+15 0.00077 
   52   52    1    1    1    1    1    1    1    1  1.19815E+15 0.00057 
   53   53    1    1    1    1    1    1    1    1  8.49731E+14 0.00078 
   54   54    1    1    1    1    1    1    1    1  1.05025E+15 0.00057 
   55   55    1    1    1    1    1    1    1    1  7.36779E+14 0.00068 
   56   56    1    1    1    1    1    1    1    1  1.01240E+14 0.00122 
   57   57    1    1    1    1    1    1    1    1  1.45440E+15 0.00052 
   58   58    1    1    1    1    1    1    1    1  6.54702E+14 0.00089 
   59   59    1    1    1    1    1    1    1    1  7.07067E+14 0.00057 
   60   60    1    1    1    1    1    1    1    1  5.63075E+14 0.00070 
   61   61    1    1    1    1    1    1    1    1  5.64372E+14 0.00048 
   62   62    1    1    1    1    1    1    1    1  5.78942E+14 0.00078 
   63   63    1    1    1    1    1    1    1    1  4.89030E+14 0.00067 
   64   64    1    1    1    1    1    1    1    1  3.88742E+14 0.00091 
   65   65    1    1    1    1    1    1    1    1  3.85998E+14 0.00078 
   66   66    1    1    1    1    1    1    1    1  2.94574E+14 0.00114 
   67   67    1    1    1    1    1    1    1    1  2.41014E+14 0.00128 
   68   68    1    1    1    1    1    1    1    1  2.14493E+14 0.00121 
   69   69    1    1    1    1    1    1    1    1  2.59427E+14 0.00098 
   70   70    1    1    1    1    1    1    1    1  2.21926E+14 0.00125 
   71   71    1    1    1    1    1    1    1    1  4.08779E+14 0.00106 
   72   72    1    1    1    1    1    1    1    1  2.94648E+14 0.00137 
   73   73    1    1    1    1    1    1    1    1  2.25367E+14 0.00117 
   74   74    1    1    1    1    1    1    1    1  1.83135E+14 0.00134 
   75   75    1    1    1    1    1    1    1    1  1.52012E+14 0.00127 
   76   76    1    1    1    1    1    1    1    1  1.76352E+14 0.00105 
   77   77    1    1    1    1    1    1    1    1  1.39791E+14 0.00104 
   78   78    1    1    1    1    1    1    1    1  1.10077E+14 0.00141 
   79   79    1    1    1    1    1    1    1    1  1.14104E+14 0.00131 
   80   80    1    1    1    1    1    1    1    1  8.52047E+13 0.00187 
   81   81    1    1    1    1    1    1    1    1  6.56383E+13 0.00191 
   82   82    1    1    1    1    1    1    1    1  5.04076E+13 0.00225 
   83   83    1    1    1    1    1    1    1    1  4.71236E+13 0.00219 
   84   84    1    1    1    1    1    1    1    1  3.41323E+13 0.00308 
   85   85    1    1    1    1    1    1    1    1  2.45778E+13 0.00298 
   86   86    1    1    1    1    1    1    1    1  2.29988E+13 0.00324 
   87   87    1    1    1    1    1    1    1    1  1.42365E+13 0.00513 
   88   88    1    1    1    1    1    1    1    1  9.55113E+12 0.00438 
   89   89    1    1    1    1    1    1    1    1  5.46684E+12 0.00581 
   90   90    1    1    1    1    1    1    1    1  3.64805E+12 0.01123 
   91   91    1    1    1    1    1    1    1    1  1.79459E+12 0.01401 
   92   92    1    1    1    1    1    1    1    1  8.84822E+11 0.01847 
   93   93    1    1    1    1    1    1    1    1  4.18448E+11 0.03079 
   94   94    1    1    1    1    1    1    1    1  2.05278E+11 0.03883 
   95   95    1    1    1    1    1    1    1    1  1.07101E+11 0.05217 
   96   96    1    1    1    1    1    1    1    1  4.91582E+10 0.07218 
   97   97    1    1    1    1    1    1    1    1  2.46287E+10 0.11519 
   98   98    1    1    1    1    1    1    1    1  1.27892E+10 0.16658 
   99   99    1    1    1    1    1    1    1    1  4.64798E+09 0.22521 
  100  100    1    1    1    1    1    1    1    1  4.95562E+09 0.17708 
];


