
DETdpaspec = [
    1    1    1    1    1    1    1    1    1    1  0.00000E+00 0.00000 
    2    2    1    1    1    1    1    1    1    1  0.00000E+00 0.00000 
    3    3    1    1    1    1    1    1    1    1  0.00000E+00 0.00000 
    4    4    1    1    1    1    1    1    1    1  0.00000E+00 0.00000 
    5    5    1    1    1    1    1    1    1    1  0.00000E+00 0.00000 
    6    6    1    1    1    1    1    1    1    1  0.00000E+00 0.00000 
    7    7    1    1    1    1    1    1    1    1  0.00000E+00 0.00000 
    8    8    1    1    1    1    1    1    1    1  0.00000E+00 0.00000 
    9    9    1    1    1    1    1    1    1    1  6.54106E+06 1.00000 
   10   10    1    1    1    1    1    1    1    1  5.51740E+07 0.71924 
   11   11    1    1    1    1    1    1    1    1  1.03052E+08 1.00000 
   12   12    1    1    1    1    1    1    1    1  1.95387E+07 1.00000 
   13   13    1    1    1    1    1    1    1    1  5.56316E+08 0.51174 
   14   14    1    1    1    1    1    1    1    1  1.32470E+09 0.44400 
   15   15    1    1    1    1    1    1    1    1  2.32302E+09 0.28534 
   16   16    1    1    1    1    1    1    1    1  4.34338E+08 0.39109 
   17   17    1    1    1    1    1    1    1    1  1.16753E+09 0.34622 
   18   18    1    1    1    1    1    1    1    1  3.14119E+09 0.22577 
   19   19    1    1    1    1    1    1    1    1  3.08696E+09 0.21926 
   20   20    1    1    1    1    1    1    1    1  8.42649E+09 0.14661 
   21   21    1    1    1    1    1    1    1    1  6.60943E+09 0.13182 
   22   22    1    1    1    1    1    1    1    1  1.98692E+10 0.10800 
   23   23    1    1    1    1    1    1    1    1  2.68179E+10 0.07992 
   24   24    1    1    1    1    1    1    1    1  6.65168E+10 0.06625 
   25   25    1    1    1    1    1    1    1    1  1.02361E+11 0.04617 
   26   26    1    1    1    1    1    1    1    1  2.12250E+11 0.03561 
   27   27    1    1    1    1    1    1    1    1  4.64175E+11 0.01658 
   28   28    1    1    1    1    1    1    1    1  1.09783E+12 0.01830 
   29   29    1    1    1    1    1    1    1    1  1.77939E+12 0.01202 
   30   30    1    1    1    1    1    1    1    1  4.20793E+12 0.01057 
   31   31    1    1    1    1    1    1    1    1  1.06934E+13 0.00557 
   32   32    1    1    1    1    1    1    1    1  1.70450E+13 0.00367 
   33   33    1    1    1    1    1    1    1    1  3.55929E+13 0.00198 
   34   34    1    1    1    1    1    1    1    1  4.58452E+13 0.00257 
   35   35    1    1    1    1    1    1    1    1  5.76638E+13 0.00189 
   36   36    1    1    1    1    1    1    1    1  4.06462E+13 0.00210 
   37   37    1    1    1    1    1    1    1    1  1.23140E+13 0.00192 
   38   38    1    1    1    1    1    1    1    1  6.52733E+13 0.00177 
   39   39    1    1    1    1    1    1    1    1  8.40448E+13 0.00165 
   40   40    1    1    1    1    1    1    1    1  1.43837E+14 0.00110 
   41   41    1    1    1    1    1    1    1    1  1.38471E+14 0.00114 
   42   42    1    1    1    1    1    1    1    1  2.74683E+14 0.00108 
   43   43    1    1    1    1    1    1    1    1  3.15938E+14 0.00119 
   44   44    1    1    1    1    1    1    1    1  4.31186E+14 0.00092 
   45   45    1    1    1    1    1    1    1    1  8.22535E+14 0.00080 
   46   46    1    1    1    1    1    1    1    1  4.10373E+14 0.00076 
   47   47    1    1    1    1    1    1    1    1  6.19735E+14 0.00104 
   48   48    1    1    1    1    1    1    1    1  8.71982E+14 0.00063 
   49   49    1    1    1    1    1    1    1    1  8.20364E+14 0.00052 
   50   50    1    1    1    1    1    1    1    1  1.29756E+15 0.00051 
   51   51    1    1    1    1    1    1    1    1  1.02359E+15 0.00040 
   52   52    1    1    1    1    1    1    1    1  1.21121E+15 0.00042 
   53   53    1    1    1    1    1    1    1    1  8.55556E+14 0.00075 
   54   54    1    1    1    1    1    1    1    1  1.06131E+15 0.00046 
   55   55    1    1    1    1    1    1    1    1  7.44955E+14 0.00051 
   56   56    1    1    1    1    1    1    1    1  1.01809E+14 0.00136 
   57   57    1    1    1    1    1    1    1    1  1.46521E+15 0.00064 
   58   58    1    1    1    1    1    1    1    1  6.62843E+14 0.00062 
   59   59    1    1    1    1    1    1    1    1  7.14346E+14 0.00046 
   60   60    1    1    1    1    1    1    1    1  5.70285E+14 0.00065 
   61   61    1    1    1    1    1    1    1    1  5.70053E+14 0.00069 
   62   62    1    1    1    1    1    1    1    1  5.86091E+14 0.00060 
   63   63    1    1    1    1    1    1    1    1  4.94752E+14 0.00078 
   64   64    1    1    1    1    1    1    1    1  3.94350E+14 0.00072 
   65   65    1    1    1    1    1    1    1    1  3.90979E+14 0.00081 
   66   66    1    1    1    1    1    1    1    1  2.98800E+14 0.00099 
   67   67    1    1    1    1    1    1    1    1  2.43719E+14 0.00109 
   68   68    1    1    1    1    1    1    1    1  2.16260E+14 0.00105 
   69   69    1    1    1    1    1    1    1    1  2.62251E+14 0.00118 
   70   70    1    1    1    1    1    1    1    1  2.24501E+14 0.00070 
   71   71    1    1    1    1    1    1    1    1  4.11603E+14 0.00065 
   72   72    1    1    1    1    1    1    1    1  2.96577E+14 0.00079 
   73   73    1    1    1    1    1    1    1    1  2.27258E+14 0.00091 
   74   74    1    1    1    1    1    1    1    1  1.84484E+14 0.00130 
   75   75    1    1    1    1    1    1    1    1  1.53514E+14 0.00155 
   76   76    1    1    1    1    1    1    1    1  1.78401E+14 0.00119 
   77   77    1    1    1    1    1    1    1    1  1.41783E+14 0.00181 
   78   78    1    1    1    1    1    1    1    1  1.12067E+14 0.00112 
   79   79    1    1    1    1    1    1    1    1  1.16125E+14 0.00189 
   80   80    1    1    1    1    1    1    1    1  8.66695E+13 0.00176 
   81   81    1    1    1    1    1    1    1    1  6.70890E+13 0.00243 
   82   82    1    1    1    1    1    1    1    1  5.13411E+13 0.00203 
   83   83    1    1    1    1    1    1    1    1  4.82301E+13 0.00182 
   84   84    1    1    1    1    1    1    1    1  3.47451E+13 0.00287 
   85   85    1    1    1    1    1    1    1    1  2.49727E+13 0.00313 
   86   86    1    1    1    1    1    1    1    1  2.33508E+13 0.00300 
   87   87    1    1    1    1    1    1    1    1  1.44239E+13 0.00349 
   88   88    1    1    1    1    1    1    1    1  9.60097E+12 0.00668 
   89   89    1    1    1    1    1    1    1    1  5.58048E+12 0.00665 
   90   90    1    1    1    1    1    1    1    1  3.63645E+12 0.00934 
   91   91    1    1    1    1    1    1    1    1  1.85192E+12 0.01092 
   92   92    1    1    1    1    1    1    1    1  8.78402E+11 0.01358 
   93   93    1    1    1    1    1    1    1    1  4.29540E+11 0.02351 
   94   94    1    1    1    1    1    1    1    1  2.03220E+11 0.03485 
   95   95    1    1    1    1    1    1    1    1  1.01644E+11 0.06110 
   96   96    1    1    1    1    1    1    1    1  4.55147E+10 0.07514 
   97   97    1    1    1    1    1    1    1    1  2.32922E+10 0.09906 
   98   98    1    1    1    1    1    1    1    1  1.23225E+10 0.12310 
   99   99    1    1    1    1    1    1    1    1  4.78321E+09 0.24837 
  100  100    1    1    1    1    1    1    1    1  2.67898E+09 0.17719 
];


