
DETdpaspec = [
    1    1    1    1    1    1    1    1    1    1  0.00000E+00 0.00000 
    2    2    1    1    1    1    1    1    1    1  0.00000E+00 0.00000 
    3    3    1    1    1    1    1    1    1    1  0.00000E+00 0.00000 
    4    4    1    1    1    1    1    1    1    1  0.00000E+00 0.00000 
    5    5    1    1    1    1    1    1    1    1  0.00000E+00 0.00000 
    6    6    1    1    1    1    1    1    1    1  0.00000E+00 0.00000 
    7    7    1    1    1    1    1    1    1    1  0.00000E+00 0.00000 
    8    8    1    1    1    1    1    1    1    1  0.00000E+00 0.00000 
    9    9    1    1    1    1    1    1    1    1  0.00000E+00 0.00000 
   10   10    1    1    1    1    1    1    1    1  0.00000E+00 0.00000 
   11   11    1    1    1    1    1    1    1    1  0.00000E+00 0.00000 
   12   12    1    1    1    1    1    1    1    1  0.00000E+00 0.00000 
   13   13    1    1    1    1    1    1    1    1  0.00000E+00 0.00000 
   14   14    1    1    1    1    1    1    1    1  0.00000E+00 0.00000 
   15   15    1    1    1    1    1    1    1    1  0.00000E+00 0.00000 
   16   16    1    1    1    1    1    1    1    1  0.00000E+00 0.00000 
   17   17    1    1    1    1    1    1    1    1  0.00000E+00 0.00000 
   18   18    1    1    1    1    1    1    1    1  0.00000E+00 0.00000 
   19   19    1    1    1    1    1    1    1    1  1.84417E+09 0.07538 
   20   20    1    1    1    1    1    1    1    1  2.96884E+08 0.08488 
   21   21    1    1    1    1    1    1    1    1  9.70654E+08 0.07173 
   22   22    1    1    1    1    1    1    1    1  7.96991E+08 0.04542 
   23   23    1    1    1    1    1    1    1    1  1.65718E+09 0.02582 
   24   24    1    1    1    1    1    1    1    1  2.87725E+09 0.02734 
   25   25    1    1    1    1    1    1    1    1  5.35170E+09 0.02770 
   26   26    1    1    1    1    1    1    1    1  8.42729E+09 0.01934 
   27   27    1    1    1    1    1    1    1    1  1.68666E+10 0.01240 
   28   28    1    1    1    1    1    1    1    1  3.85744E+10 0.00919 
   29   29    1    1    1    1    1    1    1    1  9.58176E+10 0.00815 
   30   30    1    1    1    1    1    1    1    1  1.59780E+11 0.00533 
   31   31    1    1    1    1    1    1    1    1  3.92956E+11 0.00375 
   32   32    1    1    1    1    1    1    1    1  1.03607E+12 0.00224 
   33   33    1    1    1    1    1    1    1    1  1.67487E+12 0.00179 
   34   34    1    1    1    1    1    1    1    1  3.57379E+12 0.00110 
   35   35    1    1    1    1    1    1    1    1  4.62361E+12 0.00093 
   36   36    1    1    1    1    1    1    1    1  5.96157E+12 0.00073 
   37   37    1    1    1    1    1    1    1    1  4.26234E+12 0.00078 
   38   38    1    1    1    1    1    1    1    1  1.30017E+12 0.00078 
   39   39    1    1    1    1    1    1    1    1  6.88417E+12 0.00069 
   40   40    1    1    1    1    1    1    1    1  8.86651E+12 0.00043 
   41   41    1    1    1    1    1    1    1    1  1.51269E+13 0.00046 
   42   42    1    1    1    1    1    1    1    1  1.46398E+13 0.00044 
   43   43    1    1    1    1    1    1    1    1  2.89683E+13 0.00043 
   44   44    1    1    1    1    1    1    1    1  3.32144E+13 0.00039 
   45   45    1    1    1    1    1    1    1    1  4.50765E+13 0.00033 
   46   46    1    1    1    1    1    1    1    1  8.54043E+13 0.00024 
   47   47    1    1    1    1    1    1    1    1  4.21708E+13 0.00020 
   48   48    1    1    1    1    1    1    1    1  6.37767E+13 0.00014 
   49   49    1    1    1    1    1    1    1    1  8.89341E+13 0.00016 
   50   50    1    1    1    1    1    1    1    1  8.33449E+13 0.00016 
   51   51    1    1    1    1    1    1    1    1  1.29933E+14 0.00014 
   52   52    1    1    1    1    1    1    1    1  1.01693E+14 0.00021 
   53   53    1    1    1    1    1    1    1    1  1.18892E+14 0.00018 
   54   54    1    1    1    1    1    1    1    1  8.34208E+13 0.00016 
   55   55    1    1    1    1    1    1    1    1  1.02398E+14 0.00022 
   56   56    1    1    1    1    1    1    1    1  7.13045E+13 0.00014 
   57   57    1    1    1    1    1    1    1    1  9.73197E+12 0.00045 
   58   58    1    1    1    1    1    1    1    1  1.39657E+14 0.00021 
   59   59    1    1    1    1    1    1    1    1  6.23126E+13 0.00025 
   60   60    1    1    1    1    1    1    1    1  6.66264E+13 0.00022 
   61   61    1    1    1    1    1    1    1    1  5.25760E+13 0.00024 
   62   62    1    1    1    1    1    1    1    1  5.25114E+13 0.00020 
   63   63    1    1    1    1    1    1    1    1  5.37336E+13 0.00024 
   64   64    1    1    1    1    1    1    1    1  4.50211E+13 0.00022 
   65   65    1    1    1    1    1    1    1    1  3.55733E+13 0.00022 
   66   66    1    1    1    1    1    1    1    1  3.50499E+13 0.00029 
   67   67    1    1    1    1    1    1    1    1  2.65417E+13 0.00033 
   68   68    1    1    1    1    1    1    1    1  2.16679E+13 0.00042 
   69   69    1    1    1    1    1    1    1    1  1.92647E+13 0.00028 
   70   70    1    1    1    1    1    1    1    1  2.32705E+13 0.00041 
   71   71    1    1    1    1    1    1    1    1  1.98531E+13 0.00047 
   72   72    1    1    1    1    1    1    1    1  3.62559E+13 0.00039 
   73   73    1    1    1    1    1    1    1    1  2.58905E+13 0.00032 
   74   74    1    1    1    1    1    1    1    1  1.97131E+13 0.00041 
   75   75    1    1    1    1    1    1    1    1  1.59639E+13 0.00041 
   76   76    1    1    1    1    1    1    1    1  1.32121E+13 0.00062 
   77   77    1    1    1    1    1    1    1    1  1.52763E+13 0.00051 
   78   78    1    1    1    1    1    1    1    1  1.20656E+13 0.00055 
   79   79    1    1    1    1    1    1    1    1  9.51924E+12 0.00060 
   80   80    1    1    1    1    1    1    1    1  9.85197E+12 0.00038 
   81   81    1    1    1    1    1    1    1    1  7.33414E+12 0.00072 
   82   82    1    1    1    1    1    1    1    1  5.66674E+12 0.00097 
   83   83    1    1    1    1    1    1    1    1  4.36641E+12 0.00079 
   84   84    1    1    1    1    1    1    1    1  4.09020E+12 0.00085 
   85   85    1    1    1    1    1    1    1    1  2.94331E+12 0.00087 
   86   86    1    1    1    1    1    1    1    1  2.12519E+12 0.00145 
   87   87    1    1    1    1    1    1    1    1  1.98949E+12 0.00129 
   88   88    1    1    1    1    1    1    1    1  1.22285E+12 0.00163 
   89   89    1    1    1    1    1    1    1    1  8.27200E+11 0.00222 
   90   90    1    1    1    1    1    1    1    1  4.77905E+11 0.00258 
   91   91    1    1    1    1    1    1    1    1  6.10023E+11 0.00215 
   92   92    1    1    1    1    1    1    1    1  0.00000E+00 0.00000 
   93   93    1    1    1    1    1    1    1    1  0.00000E+00 0.00000 
   94   94    1    1    1    1    1    1    1    1  0.00000E+00 0.00000 
   95   95    1    1    1    1    1    1    1    1  0.00000E+00 0.00000 
   96   96    1    1    1    1    1    1    1    1  0.00000E+00 0.00000 
   97   97    1    1    1    1    1    1    1    1  0.00000E+00 0.00000 
   98   98    1    1    1    1    1    1    1    1  0.00000E+00 0.00000 
   99   99    1    1    1    1    1    1    1    1  0.00000E+00 0.00000 
  100  100    1    1    1    1    1    1    1    1  0.00000E+00 0.00000 
];


