
DETdpaspec = [
    1    1    1    1    1    1    1    1    1    1  0.00000E+00 0.00000 
    2    2    1    1    1    1    1    1    1    1  0.00000E+00 0.00000 
    3    3    1    1    1    1    1    1    1    1  0.00000E+00 0.00000 
    4    4    1    1    1    1    1    1    1    1  0.00000E+00 0.00000 
    5    5    1    1    1    1    1    1    1    1  0.00000E+00 0.00000 
    6    6    1    1    1    1    1    1    1    1  0.00000E+00 0.00000 
    7    7    1    1    1    1    1    1    1    1  0.00000E+00 0.00000 
    8    8    1    1    1    1    1    1    1    1  0.00000E+00 0.00000 
    9    9    1    1    1    1    1    1    1    1  0.00000E+00 0.00000 
   10   10    1    1    1    1    1    1    1    1  0.00000E+00 0.00000 
   11   11    1    1    1    1    1    1    1    1  0.00000E+00 0.00000 
   12   12    1    1    1    1    1    1    1    1  0.00000E+00 0.00000 
   13   13    1    1    1    1    1    1    1    1  0.00000E+00 0.00000 
   14   14    1    1    1    1    1    1    1    1  0.00000E+00 0.00000 
   15   15    1    1    1    1    1    1    1    1  0.00000E+00 0.00000 
   16   16    1    1    1    1    1    1    1    1  0.00000E+00 0.00000 
   17   17    1    1    1    1    1    1    1    1  0.00000E+00 0.00000 
   18   18    1    1    1    1    1    1    1    1  0.00000E+00 0.00000 
   19   19    1    1    1    1    1    1    1    1  3.14915E+09 0.03517 
   20   20    1    1    1    1    1    1    1    1  6.80271E+08 0.03866 
   21   21    1    1    1    1    1    1    1    1  1.99989E+09 0.04151 
   22   22    1    1    1    1    1    1    1    1  1.57909E+09 0.03023 
   23   23    1    1    1    1    1    1    1    1  4.20061E+09 0.01803 
   24   24    1    1    1    1    1    1    1    1  6.12106E+09 0.01958 
   25   25    1    1    1    1    1    1    1    1  9.50781E+09 0.02016 
   26   26    1    1    1    1    1    1    1    1  1.27175E+10 0.01145 
   27   27    1    1    1    1    1    1    1    1  2.24339E+10 0.00952 
   28   28    1    1    1    1    1    1    1    1  4.42060E+10 0.00996 
   29   29    1    1    1    1    1    1    1    1  9.09434E+10 0.00378 
   30   30    1    1    1    1    1    1    1    1  1.29976E+11 0.00390 
   31   31    1    1    1    1    1    1    1    1  3.74184E+11 0.00315 
   32   32    1    1    1    1    1    1    1    1  9.90270E+11 0.00174 
   33   33    1    1    1    1    1    1    1    1  1.64340E+12 0.00133 
   34   34    1    1    1    1    1    1    1    1  3.42642E+12 0.00092 
   35   35    1    1    1    1    1    1    1    1  4.22997E+12 0.00073 
   36   36    1    1    1    1    1    1    1    1  6.08604E+12 0.00070 
   37   37    1    1    1    1    1    1    1    1  4.52255E+12 0.00069 
   38   38    1    1    1    1    1    1    1    1  1.42961E+12 0.00072 
   39   39    1    1    1    1    1    1    1    1  7.28351E+12 0.00052 
   40   40    1    1    1    1    1    1    1    1  9.34368E+12 0.00046 
   41   41    1    1    1    1    1    1    1    1  1.55370E+13 0.00038 
   42   42    1    1    1    1    1    1    1    1  1.55372E+13 0.00034 
   43   43    1    1    1    1    1    1    1    1  2.97819E+13 0.00039 
   44   44    1    1    1    1    1    1    1    1  3.39457E+13 0.00030 
   45   45    1    1    1    1    1    1    1    1  4.58252E+13 0.00025 
   46   46    1    1    1    1    1    1    1    1  8.51220E+13 0.00016 
   47   47    1    1    1    1    1    1    1    1  4.24552E+13 0.00018 
   48   48    1    1    1    1    1    1    1    1  6.49281E+13 0.00018 
   49   49    1    1    1    1    1    1    1    1  9.01972E+13 0.00014 
   50   50    1    1    1    1    1    1    1    1  8.55107E+13 0.00017 
   51   51    1    1    1    1    1    1    1    1  1.30808E+14 0.00017 
   52   52    1    1    1    1    1    1    1    1  1.04687E+14 0.00014 
   53   53    1    1    1    1    1    1    1    1  1.19648E+14 0.00011 
   54   54    1    1    1    1    1    1    1    1  8.47770E+13 0.00014 
   55   55    1    1    1    1    1    1    1    1  1.01716E+14 0.00014 
   56   56    1    1    1    1    1    1    1    1  7.14066E+13 0.00015 
   57   57    1    1    1    1    1    1    1    1  9.83777E+12 0.00038 
   58   58    1    1    1    1    1    1    1    1  1.40340E+14 0.00014 
   59   59    1    1    1    1    1    1    1    1  6.08475E+13 0.00018 
   60   60    1    1    1    1    1    1    1    1  6.59012E+13 0.00016 
   61   61    1    1    1    1    1    1    1    1  5.09842E+13 0.00021 
   62   62    1    1    1    1    1    1    1    1  5.12484E+13 0.00024 
   63   63    1    1    1    1    1    1    1    1  5.21960E+13 0.00022 
   64   64    1    1    1    1    1    1    1    1  4.35485E+13 0.00024 
   65   65    1    1    1    1    1    1    1    1  3.45063E+13 0.00033 
   66   66    1    1    1    1    1    1    1    1  3.41092E+13 0.00036 
   67   67    1    1    1    1    1    1    1    1  2.58384E+13 0.00033 
   68   68    1    1    1    1    1    1    1    1  2.12746E+13 0.00034 
   69   69    1    1    1    1    1    1    1    1  1.90007E+13 0.00038 
   70   70    1    1    1    1    1    1    1    1  2.29559E+13 0.00044 
   71   71    1    1    1    1    1    1    1    1  1.96778E+13 0.00034 
   72   72    1    1    1    1    1    1    1    1  3.68709E+13 0.00040 
   73   73    1    1    1    1    1    1    1    1  2.65757E+13 0.00043 
   74   74    1    1    1    1    1    1    1    1  2.02054E+13 0.00053 
   75   75    1    1    1    1    1    1    1    1  1.60685E+13 0.00030 
   76   76    1    1    1    1    1    1    1    1  1.30805E+13 0.00053 
   77   77    1    1    1    1    1    1    1    1  1.48572E+13 0.00044 
   78   78    1    1    1    1    1    1    1    1  1.15159E+13 0.00067 
   79   79    1    1    1    1    1    1    1    1  8.93473E+12 0.00049 
   80   80    1    1    1    1    1    1    1    1  9.14334E+12 0.00061 
   81   81    1    1    1    1    1    1    1    1  6.75917E+12 0.00072 
   82   82    1    1    1    1    1    1    1    1  5.18981E+12 0.00072 
   83   83    1    1    1    1    1    1    1    1  3.98356E+12 0.00091 
   84   84    1    1    1    1    1    1    1    1  3.72539E+12 0.00104 
   85   85    1    1    1    1    1    1    1    1  2.67881E+12 0.00113 
   86   86    1    1    1    1    1    1    1    1  1.92653E+12 0.00118 
   87   87    1    1    1    1    1    1    1    1  1.80318E+12 0.00096 
   88   88    1    1    1    1    1    1    1    1  1.11407E+12 0.00150 
   89   89    1    1    1    1    1    1    1    1  7.57387E+11 0.00249 
   90   90    1    1    1    1    1    1    1    1  4.37814E+11 0.00288 
   91   91    1    1    1    1    1    1    1    1  5.65546E+11 0.00239 
   92   92    1    1    1    1    1    1    1    1  0.00000E+00 0.00000 
   93   93    1    1    1    1    1    1    1    1  0.00000E+00 0.00000 
   94   94    1    1    1    1    1    1    1    1  0.00000E+00 0.00000 
   95   95    1    1    1    1    1    1    1    1  0.00000E+00 0.00000 
   96   96    1    1    1    1    1    1    1    1  0.00000E+00 0.00000 
   97   97    1    1    1    1    1    1    1    1  0.00000E+00 0.00000 
   98   98    1    1    1    1    1    1    1    1  0.00000E+00 0.00000 
   99   99    1    1    1    1    1    1    1    1  0.00000E+00 0.00000 
  100  100    1    1    1    1    1    1    1    1  0.00000E+00 0.00000 
];


