
DETdpaspec = [
    1    1    1    1    1    1    1    1    1    1  0.00000E+00 0.00000 
    2    2    1    1    1    1    1    1    1    1  0.00000E+00 0.00000 
    3    3    1    1    1    1    1    1    1    1  0.00000E+00 0.00000 
    4    4    1    1    1    1    1    1    1    1  0.00000E+00 0.00000 
    5    5    1    1    1    1    1    1    1    1  0.00000E+00 0.00000 
    6    6    1    1    1    1    1    1    1    1  0.00000E+00 0.00000 
    7    7    1    1    1    1    1    1    1    1  0.00000E+00 0.00000 
    8    8    1    1    1    1    1    1    1    1  0.00000E+00 0.00000 
    9    9    1    1    1    1    1    1    1    1  0.00000E+00 0.00000 
   10   10    1    1    1    1    1    1    1    1  0.00000E+00 0.00000 
   11   11    1    1    1    1    1    1    1    1  0.00000E+00 0.00000 
   12   12    1    1    1    1    1    1    1    1  0.00000E+00 0.00000 
   13   13    1    1    1    1    1    1    1    1  0.00000E+00 0.00000 
   14   14    1    1    1    1    1    1    1    1  0.00000E+00 0.00000 
   15   15    1    1    1    1    1    1    1    1  0.00000E+00 0.00000 
   16   16    1    1    1    1    1    1    1    1  0.00000E+00 0.00000 
   17   17    1    1    1    1    1    1    1    1  0.00000E+00 0.00000 
   18   18    1    1    1    1    1    1    1    1  0.00000E+00 0.00000 
   19   19    1    1    1    1    1    1    1    1  1.86678E+09 0.05793 
   20   20    1    1    1    1    1    1    1    1  2.79215E+08 0.06084 
   21   21    1    1    1    1    1    1    1    1  9.62763E+08 0.05088 
   22   22    1    1    1    1    1    1    1    1  8.33180E+08 0.04142 
   23   23    1    1    1    1    1    1    1    1  1.72848E+09 0.03550 
   24   24    1    1    1    1    1    1    1    1  2.83825E+09 0.03286 
   25   25    1    1    1    1    1    1    1    1  5.56923E+09 0.02206 
   26   26    1    1    1    1    1    1    1    1  8.21521E+09 0.01599 
   27   27    1    1    1    1    1    1    1    1  1.76414E+10 0.01254 
   28   28    1    1    1    1    1    1    1    1  3.90361E+10 0.01020 
   29   29    1    1    1    1    1    1    1    1  9.67656E+10 0.00519 
   30   30    1    1    1    1    1    1    1    1  1.62002E+11 0.00379 
   31   31    1    1    1    1    1    1    1    1  3.98033E+11 0.00229 
   32   32    1    1    1    1    1    1    1    1  1.04984E+12 0.00154 
   33   33    1    1    1    1    1    1    1    1  1.69447E+12 0.00109 
   34   34    1    1    1    1    1    1    1    1  3.60220E+12 0.00104 
   35   35    1    1    1    1    1    1    1    1  4.66113E+12 0.00089 
   36   36    1    1    1    1    1    1    1    1  5.98394E+12 0.00077 
   37   37    1    1    1    1    1    1    1    1  4.27079E+12 0.00081 
   38   38    1    1    1    1    1    1    1    1  1.30208E+12 0.00078 
   39   39    1    1    1    1    1    1    1    1  6.90009E+12 0.00050 
   40   40    1    1    1    1    1    1    1    1  8.88885E+12 0.00061 
   41   41    1    1    1    1    1    1    1    1  1.51491E+13 0.00042 
   42   42    1    1    1    1    1    1    1    1  1.46597E+13 0.00033 
   43   43    1    1    1    1    1    1    1    1  2.90087E+13 0.00027 
   44   44    1    1    1    1    1    1    1    1  3.32690E+13 0.00035 
   45   45    1    1    1    1    1    1    1    1  4.51533E+13 0.00025 
   46   46    1    1    1    1    1    1    1    1  8.55136E+13 0.00016 
   47   47    1    1    1    1    1    1    1    1  4.22026E+13 0.00021 
   48   48    1    1    1    1    1    1    1    1  6.38004E+13 0.00015 
   49   49    1    1    1    1    1    1    1    1  8.89940E+13 0.00017 
   50   50    1    1    1    1    1    1    1    1  8.33631E+13 0.00019 
   51   51    1    1    1    1    1    1    1    1  1.29983E+14 0.00020 
   52   52    1    1    1    1    1    1    1    1  1.01660E+14 0.00013 
   53   53    1    1    1    1    1    1    1    1  1.18858E+14 0.00019 
   54   54    1    1    1    1    1    1    1    1  8.33702E+13 0.00017 
   55   55    1    1    1    1    1    1    1    1  1.02368E+14 0.00019 
   56   56    1    1    1    1    1    1    1    1  7.12742E+13 0.00020 
   57   57    1    1    1    1    1    1    1    1  9.72467E+12 0.00028 
   58   58    1    1    1    1    1    1    1    1  1.39562E+14 0.00013 
   59   59    1    1    1    1    1    1    1    1  6.23218E+13 0.00021 
   60   60    1    1    1    1    1    1    1    1  6.65913E+13 0.00023 
   61   61    1    1    1    1    1    1    1    1  5.25481E+13 0.00018 
   62   62    1    1    1    1    1    1    1    1  5.24999E+13 0.00019 
   63   63    1    1    1    1    1    1    1    1  5.37285E+13 0.00024 
   64   64    1    1    1    1    1    1    1    1  4.50121E+13 0.00032 
   65   65    1    1    1    1    1    1    1    1  3.55631E+13 0.00036 
   66   66    1    1    1    1    1    1    1    1  3.50355E+13 0.00022 
   67   67    1    1    1    1    1    1    1    1  2.65180E+13 0.00032 
   68   68    1    1    1    1    1    1    1    1  2.16435E+13 0.00031 
   69   69    1    1    1    1    1    1    1    1  1.92332E+13 0.00030 
   70   70    1    1    1    1    1    1    1    1  2.32522E+13 0.00036 
   71   71    1    1    1    1    1    1    1    1  1.98346E+13 0.00027 
   72   72    1    1    1    1    1    1    1    1  3.61954E+13 0.00040 
   73   73    1    1    1    1    1    1    1    1  2.58537E+13 0.00049 
   74   74    1    1    1    1    1    1    1    1  1.96812E+13 0.00042 
   75   75    1    1    1    1    1    1    1    1  1.59227E+13 0.00051 
   76   76    1    1    1    1    1    1    1    1  1.32008E+13 0.00046 
   77   77    1    1    1    1    1    1    1    1  1.52595E+13 0.00044 
   78   78    1    1    1    1    1    1    1    1  1.20649E+13 0.00043 
   79   79    1    1    1    1    1    1    1    1  9.51763E+12 0.00061 
   80   80    1    1    1    1    1    1    1    1  9.85259E+12 0.00076 
   81   81    1    1    1    1    1    1    1    1  7.34810E+12 0.00046 
   82   82    1    1    1    1    1    1    1    1  5.67279E+12 0.00071 
   83   83    1    1    1    1    1    1    1    1  4.36894E+12 0.00089 
   84   84    1    1    1    1    1    1    1    1  4.08167E+12 0.00081 
   85   85    1    1    1    1    1    1    1    1  2.94888E+12 0.00129 
   86   86    1    1    1    1    1    1    1    1  2.12198E+12 0.00118 
   87   87    1    1    1    1    1    1    1    1  1.98645E+12 0.00101 
   88   88    1    1    1    1    1    1    1    1  1.22628E+12 0.00125 
   89   89    1    1    1    1    1    1    1    1  8.27227E+11 0.00243 
   90   90    1    1    1    1    1    1    1    1  4.76675E+11 0.00296 
   91   91    1    1    1    1    1    1    1    1  6.08759E+11 0.00207 
   92   92    1    1    1    1    1    1    1    1  0.00000E+00 0.00000 
   93   93    1    1    1    1    1    1    1    1  0.00000E+00 0.00000 
   94   94    1    1    1    1    1    1    1    1  0.00000E+00 0.00000 
   95   95    1    1    1    1    1    1    1    1  0.00000E+00 0.00000 
   96   96    1    1    1    1    1    1    1    1  0.00000E+00 0.00000 
   97   97    1    1    1    1    1    1    1    1  0.00000E+00 0.00000 
   98   98    1    1    1    1    1    1    1    1  0.00000E+00 0.00000 
   99   99    1    1    1    1    1    1    1    1  0.00000E+00 0.00000 
  100  100    1    1    1    1    1    1    1    1  0.00000E+00 0.00000 
];


