
DETdpaspec = [
    1    1    1    1    1    1    1    1    1    1  0.00000E+00 0.00000 
    2    2    1    1    1    1    1    1    1    1  0.00000E+00 0.00000 
    3    3    1    1    1    1    1    1    1    1  0.00000E+00 0.00000 
    4    4    1    1    1    1    1    1    1    1  0.00000E+00 0.00000 
    5    5    1    1    1    1    1    1    1    1  0.00000E+00 0.00000 
    6    6    1    1    1    1    1    1    1    1  0.00000E+00 0.00000 
    7    7    1    1    1    1    1    1    1    1  0.00000E+00 0.00000 
    8    8    1    1    1    1    1    1    1    1  0.00000E+00 0.00000 
    9    9    1    1    1    1    1    1    1    1  0.00000E+00 0.00000 
   10   10    1    1    1    1    1    1    1    1  0.00000E+00 0.00000 
   11   11    1    1    1    1    1    1    1    1  0.00000E+00 0.00000 
   12   12    1    1    1    1    1    1    1    1  0.00000E+00 0.00000 
   13   13    1    1    1    1    1    1    1    1  0.00000E+00 0.00000 
   14   14    1    1    1    1    1    1    1    1  0.00000E+00 0.00000 
   15   15    1    1    1    1    1    1    1    1  0.00000E+00 0.00000 
   16   16    1    1    1    1    1    1    1    1  0.00000E+00 0.00000 
   17   17    1    1    1    1    1    1    1    1  0.00000E+00 0.00000 
   18   18    1    1    1    1    1    1    1    1  0.00000E+00 0.00000 
   19   19    1    1    1    1    1    1    1    1  1.64177E+09 0.07699 
   20   20    1    1    1    1    1    1    1    1  2.14835E+08 0.10147 
   21   21    1    1    1    1    1    1    1    1  7.02875E+08 0.06758 
   22   22    1    1    1    1    1    1    1    1  5.93510E+08 0.05889 
   23   23    1    1    1    1    1    1    1    1  1.47609E+09 0.04733 
   24   24    1    1    1    1    1    1    1    1  3.19254E+09 0.02436 
   25   25    1    1    1    1    1    1    1    1  8.28234E+09 0.02182 
   26   26    1    1    1    1    1    1    1    1  1.49213E+10 0.01176 
   27   27    1    1    1    1    1    1    1    1  3.28575E+10 0.00807 
   28   28    1    1    1    1    1    1    1    1  7.34561E+10 0.00504 
   29   29    1    1    1    1    1    1    1    1  1.77429E+11 0.00502 
   30   30    1    1    1    1    1    1    1    1  2.93891E+11 0.00303 
   31   31    1    1    1    1    1    1    1    1  6.32932E+11 0.00221 
   32   32    1    1    1    1    1    1    1    1  1.51266E+12 0.00164 
   33   33    1    1    1    1    1    1    1    1  2.29110E+12 0.00116 
   34   34    1    1    1    1    1    1    1    1  4.64833E+12 0.00100 
   35   35    1    1    1    1    1    1    1    1  5.90951E+12 0.00082 
   36   36    1    1    1    1    1    1    1    1  7.01683E+12 0.00055 
   37   37    1    1    1    1    1    1    1    1  4.81583E+12 0.00054 
   38   38    1    1    1    1    1    1    1    1  1.43832E+12 0.00058 
   39   39    1    1    1    1    1    1    1    1  7.68049E+12 0.00052 
   40   40    1    1    1    1    1    1    1    1  9.80849E+12 0.00058 
   41   41    1    1    1    1    1    1    1    1  1.66760E+13 0.00048 
   42   42    1    1    1    1    1    1    1    1  1.57821E+13 0.00049 
   43   43    1    1    1    1    1    1    1    1  3.12537E+13 0.00046 
   44   44    1    1    1    1    1    1    1    1  3.55379E+13 0.00041 
   45   45    1    1    1    1    1    1    1    1  4.78194E+13 0.00033 
   46   46    1    1    1    1    1    1    1    1  8.98867E+13 0.00024 
   47   47    1    1    1    1    1    1    1    1  4.37027E+13 0.00020 
   48   48    1    1    1    1    1    1    1    1  6.54634E+13 0.00017 
   49   49    1    1    1    1    1    1    1    1  9.06257E+13 0.00013 
   50   50    1    1    1    1    1    1    1    1  8.40697E+13 0.00019 
   51   51    1    1    1    1    1    1    1    1  1.31005E+14 0.00017 
   52   52    1    1    1    1    1    1    1    1  1.00989E+14 0.00018 
   53   53    1    1    1    1    1    1    1    1  1.18339E+14 0.00018 
   54   54    1    1    1    1    1    1    1    1  8.23353E+13 0.00018 
   55   55    1    1    1    1    1    1    1    1  1.01475E+14 0.00017 
   56   56    1    1    1    1    1    1    1    1  7.02599E+13 0.00016 
   57   57    1    1    1    1    1    1    1    1  9.55120E+12 0.00028 
   58   58    1    1    1    1    1    1    1    1  1.36943E+14 0.00013 
   59   59    1    1    1    1    1    1    1    1  6.15498E+13 0.00023 
   60   60    1    1    1    1    1    1    1    1  6.53046E+13 0.00022 
   61   61    1    1    1    1    1    1    1    1  5.17512E+13 0.00025 
   62   62    1    1    1    1    1    1    1    1  5.15222E+13 0.00020 
   63   63    1    1    1    1    1    1    1    1  5.26716E+13 0.00024 
   64   64    1    1    1    1    1    1    1    1  4.40643E+13 0.00021 
   65   65    1    1    1    1    1    1    1    1  3.47012E+13 0.00020 
   66   66    1    1    1    1    1    1    1    1  3.40800E+13 0.00025 
   67   67    1    1    1    1    1    1    1    1  2.57181E+13 0.00030 
   68   68    1    1    1    1    1    1    1    1  2.08895E+13 0.00036 
   69   69    1    1    1    1    1    1    1    1  1.85325E+13 0.00040 
   70   70    1    1    1    1    1    1    1    1  2.23326E+13 0.00039 
   71   71    1    1    1    1    1    1    1    1  1.89732E+13 0.00023 
   72   72    1    1    1    1    1    1    1    1  3.42260E+13 0.00034 
   73   73    1    1    1    1    1    1    1    1  2.42893E+13 0.00038 
   74   74    1    1    1    1    1    1    1    1  1.84724E+13 0.00043 
   75   75    1    1    1    1    1    1    1    1  1.49928E+13 0.00046 
   76   76    1    1    1    1    1    1    1    1  1.25047E+13 0.00053 
   77   77    1    1    1    1    1    1    1    1  1.45391E+13 0.00057 
   78   78    1    1    1    1    1    1    1    1  1.15471E+13 0.00053 
   79   79    1    1    1    1    1    1    1    1  9.14693E+12 0.00071 
   80   80    1    1    1    1    1    1    1    1  9.50649E+12 0.00068 
   81   81    1    1    1    1    1    1    1    1  7.08709E+12 0.00070 
   82   82    1    1    1    1    1    1    1    1  5.48040E+12 0.00048 
   83   83    1    1    1    1    1    1    1    1  4.22830E+12 0.00084 
   84   84    1    1    1    1    1    1    1    1  3.95585E+12 0.00093 
   85   85    1    1    1    1    1    1    1    1  2.84860E+12 0.00115 
   86   86    1    1    1    1    1    1    1    1  2.06098E+12 0.00155 
   87   87    1    1    1    1    1    1    1    1  1.92831E+12 0.00133 
   88   88    1    1    1    1    1    1    1    1  1.18207E+12 0.00170 
   89   89    1    1    1    1    1    1    1    1  7.93123E+11 0.00235 
   90   90    1    1    1    1    1    1    1    1  4.61122E+11 0.00292 
   91   91    1    1    1    1    1    1    1    1  5.80649E+11 0.00257 
   92   92    1    1    1    1    1    1    1    1  0.00000E+00 0.00000 
   93   93    1    1    1    1    1    1    1    1  0.00000E+00 0.00000 
   94   94    1    1    1    1    1    1    1    1  0.00000E+00 0.00000 
   95   95    1    1    1    1    1    1    1    1  0.00000E+00 0.00000 
   96   96    1    1    1    1    1    1    1    1  0.00000E+00 0.00000 
   97   97    1    1    1    1    1    1    1    1  0.00000E+00 0.00000 
   98   98    1    1    1    1    1    1    1    1  0.00000E+00 0.00000 
   99   99    1    1    1    1    1    1    1    1  0.00000E+00 0.00000 
  100  100    1    1    1    1    1    1    1    1  0.00000E+00 0.00000 
];


