
DETdpaspec = [
    1    1    1    1    1    1    1    1    1    1  0.00000E+00 0.00000 
    2    2    1    1    1    1    1    1    1    1  0.00000E+00 0.00000 
    3    3    1    1    1    1    1    1    1    1  0.00000E+00 0.00000 
    4    4    1    1    1    1    1    1    1    1  0.00000E+00 0.00000 
    5    5    1    1    1    1    1    1    1    1  0.00000E+00 0.00000 
    6    6    1    1    1    1    1    1    1    1  0.00000E+00 0.00000 
    7    7    1    1    1    1    1    1    1    1  0.00000E+00 0.00000 
    8    8    1    1    1    1    1    1    1    1  0.00000E+00 0.00000 
    9    9    1    1    1    1    1    1    1    1  0.00000E+00 0.00000 
   10   10    1    1    1    1    1    1    1    1  0.00000E+00 0.00000 
   11   11    1    1    1    1    1    1    1    1  0.00000E+00 0.00000 
   12   12    1    1    1    1    1    1    1    1  0.00000E+00 0.00000 
   13   13    1    1    1    1    1    1    1    1  0.00000E+00 0.00000 
   14   14    1    1    1    1    1    1    1    1  0.00000E+00 0.00000 
   15   15    1    1    1    1    1    1    1    1  0.00000E+00 0.00000 
   16   16    1    1    1    1    1    1    1    1  0.00000E+00 0.00000 
   17   17    1    1    1    1    1    1    1    1  0.00000E+00 0.00000 
   18   18    1    1    1    1    1    1    1    1  0.00000E+00 0.00000 
   19   19    1    1    1    1    1    1    1    1  1.49019E+09 0.07415 
   20   20    1    1    1    1    1    1    1    1  1.72423E+08 0.10785 
   21   21    1    1    1    1    1    1    1    1  6.45991E+08 0.08832 
   22   22    1    1    1    1    1    1    1    1  6.64423E+08 0.06487 
   23   23    1    1    1    1    1    1    1    1  1.87874E+09 0.03179 
   24   24    1    1    1    1    1    1    1    1  6.79576E+09 0.02024 
   25   25    1    1    1    1    1    1    1    1  2.07358E+10 0.01022 
   26   26    1    1    1    1    1    1    1    1  3.71847E+10 0.00683 
   27   27    1    1    1    1    1    1    1    1  8.07363E+10 0.00618 
   28   28    1    1    1    1    1    1    1    1  1.65973E+11 0.00543 
   29   29    1    1    1    1    1    1    1    1  3.54721E+11 0.00398 
   30   30    1    1    1    1    1    1    1    1  5.52288E+11 0.00325 
   31   31    1    1    1    1    1    1    1    1  1.06635E+12 0.00211 
   32   32    1    1    1    1    1    1    1    1  2.27836E+12 0.00139 
   33   33    1    1    1    1    1    1    1    1  3.23606E+12 0.00120 
   34   34    1    1    1    1    1    1    1    1  6.17881E+12 0.00069 
   35   35    1    1    1    1    1    1    1    1  7.56688E+12 0.00073 
   36   36    1    1    1    1    1    1    1    1  8.42933E+12 0.00064 
   37   37    1    1    1    1    1    1    1    1  5.58081E+12 0.00063 
   38   38    1    1    1    1    1    1    1    1  1.64264E+12 0.00070 
   39   39    1    1    1    1    1    1    1    1  8.78402E+12 0.00051 
   40   40    1    1    1    1    1    1    1    1  1.11175E+13 0.00054 
   41   41    1    1    1    1    1    1    1    1  1.87229E+13 0.00033 
   42   42    1    1    1    1    1    1    1    1  1.74047E+13 0.00037 
   43   43    1    1    1    1    1    1    1    1  3.42801E+13 0.00029 
   44   44    1    1    1    1    1    1    1    1  3.85658E+13 0.00022 
   45   45    1    1    1    1    1    1    1    1  5.13293E+13 0.00022 
   46   46    1    1    1    1    1    1    1    1  9.52769E+13 0.00022 
   47   47    1    1    1    1    1    1    1    1  4.55729E+13 0.00020 
   48   48    1    1    1    1    1    1    1    1  6.77558E+13 0.00016 
   49   49    1    1    1    1    1    1    1    1  9.29314E+13 0.00022 
   50   50    1    1    1    1    1    1    1    1  8.53892E+13 0.00020 
   51   51    1    1    1    1    1    1    1    1  1.32329E+14 0.00015 
   52   52    1    1    1    1    1    1    1    1  1.00718E+14 0.00016 
   53   53    1    1    1    1    1    1    1    1  1.17811E+14 0.00020 
   54   54    1    1    1    1    1    1    1    1  8.12687E+13 0.00017 
   55   55    1    1    1    1    1    1    1    1  1.00120E+14 0.00017 
   56   56    1    1    1    1    1    1    1    1  6.89396E+13 0.00016 
   57   57    1    1    1    1    1    1    1    1  9.34481E+12 0.00036 
   58   58    1    1    1    1    1    1    1    1  1.33662E+14 0.00014 
   59   59    1    1    1    1    1    1    1    1  6.00943E+13 0.00018 
   60   60    1    1    1    1    1    1    1    1  6.33916E+13 0.00020 
   61   61    1    1    1    1    1    1    1    1  5.02577E+13 0.00025 
   62   62    1    1    1    1    1    1    1    1  4.98907E+13 0.00025 
   63   63    1    1    1    1    1    1    1    1  5.08794E+13 0.00024 
   64   64    1    1    1    1    1    1    1    1  4.24575E+13 0.00029 
   65   65    1    1    1    1    1    1    1    1  3.33020E+13 0.00028 
   66   66    1    1    1    1    1    1    1    1  3.25919E+13 0.00034 
   67   67    1    1    1    1    1    1    1    1  2.45350E+13 0.00037 
   68   68    1    1    1    1    1    1    1    1  1.98634E+13 0.00033 
   69   69    1    1    1    1    1    1    1    1  1.75659E+13 0.00037 
   70   70    1    1    1    1    1    1    1    1  2.11224E+13 0.00034 
   71   71    1    1    1    1    1    1    1    1  1.78928E+13 0.00041 
   72   72    1    1    1    1    1    1    1    1  3.20201E+13 0.00037 
   73   73    1    1    1    1    1    1    1    1  2.25843E+13 0.00037 
   74   74    1    1    1    1    1    1    1    1  1.71333E+13 0.00040 
   75   75    1    1    1    1    1    1    1    1  1.39461E+13 0.00038 
   76   76    1    1    1    1    1    1    1    1  1.16345E+13 0.00042 
   77   77    1    1    1    1    1    1    1    1  1.35405E+13 0.00050 
   78   78    1    1    1    1    1    1    1    1  1.07759E+13 0.00052 
   79   79    1    1    1    1    1    1    1    1  8.54708E+12 0.00057 
   80   80    1    1    1    1    1    1    1    1  8.88711E+12 0.00054 
   81   81    1    1    1    1    1    1    1    1  6.62682E+12 0.00053 
   82   82    1    1    1    1    1    1    1    1  5.12284E+12 0.00091 
   83   83    1    1    1    1    1    1    1    1  3.94875E+12 0.00081 
   84   84    1    1    1    1    1    1    1    1  3.69107E+12 0.00109 
   85   85    1    1    1    1    1    1    1    1  2.65427E+12 0.00073 
   86   86    1    1    1    1    1    1    1    1  1.92015E+12 0.00105 
   87   87    1    1    1    1    1    1    1    1  1.79409E+12 0.00158 
   88   88    1    1    1    1    1    1    1    1  1.10139E+12 0.00158 
   89   89    1    1    1    1    1    1    1    1  7.40029E+11 0.00206 
   90   90    1    1    1    1    1    1    1    1  4.25758E+11 0.00241 
   91   91    1    1    1    1    1    1    1    1  5.35198E+11 0.00181 
   92   92    1    1    1    1    1    1    1    1  0.00000E+00 0.00000 
   93   93    1    1    1    1    1    1    1    1  0.00000E+00 0.00000 
   94   94    1    1    1    1    1    1    1    1  0.00000E+00 0.00000 
   95   95    1    1    1    1    1    1    1    1  0.00000E+00 0.00000 
   96   96    1    1    1    1    1    1    1    1  0.00000E+00 0.00000 
   97   97    1    1    1    1    1    1    1    1  0.00000E+00 0.00000 
   98   98    1    1    1    1    1    1    1    1  0.00000E+00 0.00000 
   99   99    1    1    1    1    1    1    1    1  0.00000E+00 0.00000 
  100  100    1    1    1    1    1    1    1    1  0.00000E+00 0.00000 
];


