
DETdpaspec = [
    1    1    1    1    1    1    1    1    1    1  0.00000E+00 0.00000 
    2    2    1    1    1    1    1    1    1    1  0.00000E+00 0.00000 
    3    3    1    1    1    1    1    1    1    1  0.00000E+00 0.00000 
    4    4    1    1    1    1    1    1    1    1  0.00000E+00 0.00000 
    5    5    1    1    1    1    1    1    1    1  0.00000E+00 0.00000 
    6    6    1    1    1    1    1    1    1    1  0.00000E+00 0.00000 
    7    7    1    1    1    1    1    1    1    1  0.00000E+00 0.00000 
    8    8    1    1    1    1    1    1    1    1  0.00000E+00 0.00000 
    9    9    1    1    1    1    1    1    1    1  0.00000E+00 0.00000 
   10   10    1    1    1    1    1    1    1    1  0.00000E+00 0.00000 
   11   11    1    1    1    1    1    1    1    1  0.00000E+00 0.00000 
   12   12    1    1    1    1    1    1    1    1  0.00000E+00 0.00000 
   13   13    1    1    1    1    1    1    1    1  0.00000E+00 0.00000 
   14   14    1    1    1    1    1    1    1    1  0.00000E+00 0.00000 
   15   15    1    1    1    1    1    1    1    1  0.00000E+00 0.00000 
   16   16    1    1    1    1    1    1    1    1  0.00000E+00 0.00000 
   17   17    1    1    1    1    1    1    1    1  0.00000E+00 0.00000 
   18   18    1    1    1    1    1    1    1    1  0.00000E+00 0.00000 
   19   19    1    1    1    1    1    1    1    1  1.80993E+09 0.05108 
   20   20    1    1    1    1    1    1    1    1  2.77591E+08 0.06829 
   21   21    1    1    1    1    1    1    1    1  9.28836E+08 0.07291 
   22   22    1    1    1    1    1    1    1    1  7.71850E+08 0.05901 
   23   23    1    1    1    1    1    1    1    1  1.63323E+09 0.04320 
   24   24    1    1    1    1    1    1    1    1  2.82360E+09 0.02838 
   25   25    1    1    1    1    1    1    1    1  5.77361E+09 0.01961 
   26   26    1    1    1    1    1    1    1    1  9.08672E+09 0.01901 
   27   27    1    1    1    1    1    1    1    1  1.93861E+10 0.01140 
   28   28    1    1    1    1    1    1    1    1  4.27764E+10 0.00727 
   29   29    1    1    1    1    1    1    1    1  1.06386E+11 0.00532 
   30   30    1    1    1    1    1    1    1    1  1.79381E+11 0.00372 
   31   31    1    1    1    1    1    1    1    1  4.28234E+11 0.00370 
   32   32    1    1    1    1    1    1    1    1  1.10914E+12 0.00273 
   33   33    1    1    1    1    1    1    1    1  1.77390E+12 0.00169 
   34   34    1    1    1    1    1    1    1    1  3.74479E+12 0.00105 
   35   35    1    1    1    1    1    1    1    1  4.84578E+12 0.00083 
   36   36    1    1    1    1    1    1    1    1  6.13225E+12 0.00061 
   37   37    1    1    1    1    1    1    1    1  4.34343E+12 0.00052 
   38   38    1    1    1    1    1    1    1    1  1.31879E+12 0.00061 
   39   39    1    1    1    1    1    1    1    1  7.00171E+12 0.00060 
   40   40    1    1    1    1    1    1    1    1  9.01135E+12 0.00044 
   41   41    1    1    1    1    1    1    1    1  1.53702E+13 0.00038 
   42   42    1    1    1    1    1    1    1    1  1.47992E+13 0.00033 
   43   43    1    1    1    1    1    1    1    1  2.93119E+13 0.00022 
   44   44    1    1    1    1    1    1    1    1  3.35655E+13 0.00034 
   45   45    1    1    1    1    1    1    1    1  4.55065E+13 0.00025 
   46   46    1    1    1    1    1    1    1    1  8.61587E+13 0.00032 
   47   47    1    1    1    1    1    1    1    1  4.24235E+13 0.00027 
   48   48    1    1    1    1    1    1    1    1  6.40236E+13 0.00024 
   49   49    1    1    1    1    1    1    1    1  8.91750E+13 0.00019 
   50   50    1    1    1    1    1    1    1    1  8.34017E+13 0.00021 
   51   51    1    1    1    1    1    1    1    1  1.30103E+14 0.00020 
   52   52    1    1    1    1    1    1    1    1  1.01503E+14 0.00016 
   53   53    1    1    1    1    1    1    1    1  1.18777E+14 0.00017 
   54   54    1    1    1    1    1    1    1    1  8.31667E+13 0.00018 
   55   55    1    1    1    1    1    1    1    1  1.02248E+14 0.00018 
   56   56    1    1    1    1    1    1    1    1  7.11070E+13 0.00016 
   57   57    1    1    1    1    1    1    1    1  9.69681E+12 0.00027 
   58   58    1    1    1    1    1    1    1    1  1.39194E+14 0.00018 
   59   59    1    1    1    1    1    1    1    1  6.22369E+13 0.00019 
   60   60    1    1    1    1    1    1    1    1  6.64366E+13 0.00019 
   61   61    1    1    1    1    1    1    1    1  5.25109E+13 0.00018 
   62   62    1    1    1    1    1    1    1    1  5.23944E+13 0.00025 
   63   63    1    1    1    1    1    1    1    1  5.36256E+13 0.00026 
   64   64    1    1    1    1    1    1    1    1  4.49239E+13 0.00037 
   65   65    1    1    1    1    1    1    1    1  3.54747E+13 0.00027 
   66   66    1    1    1    1    1    1    1    1  3.49182E+13 0.00032 
   67   67    1    1    1    1    1    1    1    1  2.64216E+13 0.00032 
   68   68    1    1    1    1    1    1    1    1  2.15422E+13 0.00037 
   69   69    1    1    1    1    1    1    1    1  1.91446E+13 0.00043 
   70   70    1    1    1    1    1    1    1    1  2.31191E+13 0.00039 
   71   71    1    1    1    1    1    1    1    1  1.96962E+13 0.00035 
   72   72    1    1    1    1    1    1    1    1  3.59128E+13 0.00041 
   73   73    1    1    1    1    1    1    1    1  2.55959E+13 0.00051 
   74   74    1    1    1    1    1    1    1    1  1.94890E+13 0.00048 
   75   75    1    1    1    1    1    1    1    1  1.57851E+13 0.00043 
   76   76    1    1    1    1    1    1    1    1  1.31060E+13 0.00055 
   77   77    1    1    1    1    1    1    1    1  1.51803E+13 0.00043 
   78   78    1    1    1    1    1    1    1    1  1.20221E+13 0.00053 
   79   79    1    1    1    1    1    1    1    1  9.47373E+12 0.00067 
   80   80    1    1    1    1    1    1    1    1  9.82072E+12 0.00065 
   81   81    1    1    1    1    1    1    1    1  7.30756E+12 0.00069 
   82   82    1    1    1    1    1    1    1    1  5.65680E+12 0.00089 
   83   83    1    1    1    1    1    1    1    1  4.35383E+12 0.00118 
   84   84    1    1    1    1    1    1    1    1  4.08090E+12 0.00079 
   85   85    1    1    1    1    1    1    1    1  2.93012E+12 0.00128 
   86   86    1    1    1    1    1    1    1    1  2.12160E+12 0.00138 
   87   87    1    1    1    1    1    1    1    1  1.98293E+12 0.00124 
   88   88    1    1    1    1    1    1    1    1  1.22128E+12 0.00175 
   89   89    1    1    1    1    1    1    1    1  8.24256E+11 0.00225 
   90   90    1    1    1    1    1    1    1    1  4.75155E+11 0.00289 
   91   91    1    1    1    1    1    1    1    1  6.02829E+11 0.00237 
   92   92    1    1    1    1    1    1    1    1  0.00000E+00 0.00000 
   93   93    1    1    1    1    1    1    1    1  0.00000E+00 0.00000 
   94   94    1    1    1    1    1    1    1    1  0.00000E+00 0.00000 
   95   95    1    1    1    1    1    1    1    1  0.00000E+00 0.00000 
   96   96    1    1    1    1    1    1    1    1  0.00000E+00 0.00000 
   97   97    1    1    1    1    1    1    1    1  0.00000E+00 0.00000 
   98   98    1    1    1    1    1    1    1    1  0.00000E+00 0.00000 
   99   99    1    1    1    1    1    1    1    1  0.00000E+00 0.00000 
  100  100    1    1    1    1    1    1    1    1  0.00000E+00 0.00000 
];


