
DETdpaspec = [
    1    1    1    1    1    1    1    1    1    1  0.00000E+00 0.00000 
    2    2    1    1    1    1    1    1    1    1  0.00000E+00 0.00000 
    3    3    1    1    1    1    1    1    1    1  0.00000E+00 0.00000 
    4    4    1    1    1    1    1    1    1    1  0.00000E+00 0.00000 
    5    5    1    1    1    1    1    1    1    1  0.00000E+00 0.00000 
    6    6    1    1    1    1    1    1    1    1  0.00000E+00 0.00000 
    7    7    1    1    1    1    1    1    1    1  0.00000E+00 0.00000 
    8    8    1    1    1    1    1    1    1    1  0.00000E+00 0.00000 
    9    9    1    1    1    1    1    1    1    1  0.00000E+00 0.00000 
   10   10    1    1    1    1    1    1    1    1  0.00000E+00 0.00000 
   11   11    1    1    1    1    1    1    1    1  0.00000E+00 0.00000 
   12   12    1    1    1    1    1    1    1    1  0.00000E+00 0.00000 
   13   13    1    1    1    1    1    1    1    1  0.00000E+00 0.00000 
   14   14    1    1    1    1    1    1    1    1  0.00000E+00 0.00000 
   15   15    1    1    1    1    1    1    1    1  0.00000E+00 0.00000 
   16   16    1    1    1    1    1    1    1    1  0.00000E+00 0.00000 
   17   17    1    1    1    1    1    1    1    1  0.00000E+00 0.00000 
   18   18    1    1    1    1    1    1    1    1  0.00000E+00 0.00000 
   19   19    1    1    1    1    1    1    1    1  1.89159E+09 0.05024 
   20   20    1    1    1    1    1    1    1    1  3.22770E+08 0.07755 
   21   21    1    1    1    1    1    1    1    1  1.11373E+09 0.04761 
   22   22    1    1    1    1    1    1    1    1  9.85160E+08 0.04226 
   23   23    1    1    1    1    1    1    1    1  1.96989E+09 0.02945 
   24   24    1    1    1    1    1    1    1    1  3.08796E+09 0.02389 
   25   25    1    1    1    1    1    1    1    1  5.70024E+09 0.02037 
   26   26    1    1    1    1    1    1    1    1  8.16256E+09 0.01695 
   27   27    1    1    1    1    1    1    1    1  1.63024E+10 0.01191 
   28   28    1    1    1    1    1    1    1    1  3.48173E+10 0.00926 
   29   29    1    1    1    1    1    1    1    1  8.56525E+10 0.00717 
   30   30    1    1    1    1    1    1    1    1  1.41067E+11 0.00460 
   31   31    1    1    1    1    1    1    1    1  3.59664E+11 0.00306 
   32   32    1    1    1    1    1    1    1    1  9.65023E+11 0.00227 
   33   33    1    1    1    1    1    1    1    1  1.58163E+12 0.00148 
   34   34    1    1    1    1    1    1    1    1  3.38880E+12 0.00126 
   35   35    1    1    1    1    1    1    1    1  4.37336E+12 0.00104 
   36   36    1    1    1    1    1    1    1    1  5.78852E+12 0.00077 
   37   37    1    1    1    1    1    1    1    1  4.18568E+12 0.00059 
   38   38    1    1    1    1    1    1    1    1  1.28740E+12 0.00080 
   39   39    1    1    1    1    1    1    1    1  6.78079E+12 0.00044 
   40   40    1    1    1    1    1    1    1    1  8.74519E+12 0.00066 
   41   41    1    1    1    1    1    1    1    1  1.48938E+13 0.00049 
   42   42    1    1    1    1    1    1    1    1  1.45228E+13 0.00042 
   43   43    1    1    1    1    1    1    1    1  2.86431E+13 0.00037 
   44   44    1    1    1    1    1    1    1    1  3.28867E+13 0.00036 
   45   45    1    1    1    1    1    1    1    1  4.46984E+13 0.00027 
   46   46    1    1    1    1    1    1    1    1  8.46545E+13 0.00024 
   47   47    1    1    1    1    1    1    1    1  4.19579E+13 0.00025 
   48   48    1    1    1    1    1    1    1    1  6.36373E+13 0.00019 
   49   49    1    1    1    1    1    1    1    1  8.88181E+13 0.00019 
   50   50    1    1    1    1    1    1    1    1  8.34627E+13 0.00018 
   51   51    1    1    1    1    1    1    1    1  1.29935E+14 0.00016 
   52   52    1    1    1    1    1    1    1    1  1.02169E+14 0.00015 
   53   53    1    1    1    1    1    1    1    1  1.19086E+14 0.00018 
   54   54    1    1    1    1    1    1    1    1  8.37400E+13 0.00018 
   55   55    1    1    1    1    1    1    1    1  1.02445E+14 0.00016 
   56   56    1    1    1    1    1    1    1    1  7.14638E+13 0.00019 
   57   57    1    1    1    1    1    1    1    1  9.77180E+12 0.00035 
   58   58    1    1    1    1    1    1    1    1  1.40148E+14 0.00014 
   59   59    1    1    1    1    1    1    1    1  6.22433E+13 0.00024 
   60   60    1    1    1    1    1    1    1    1  6.67624E+13 0.00024 
   61   61    1    1    1    1    1    1    1    1  5.25227E+13 0.00017 
   62   62    1    1    1    1    1    1    1    1  5.25158E+13 0.00016 
   63   63    1    1    1    1    1    1    1    1  5.37379E+13 0.00020 
   64   64    1    1    1    1    1    1    1    1  4.50283E+13 0.00024 
   65   65    1    1    1    1    1    1    1    1  3.56035E+13 0.00025 
   66   66    1    1    1    1    1    1    1    1  3.51058E+13 0.00029 
   67   67    1    1    1    1    1    1    1    1  2.66004E+13 0.00034 
   68   68    1    1    1    1    1    1    1    1  2.17420E+13 0.00029 
   69   69    1    1    1    1    1    1    1    1  1.93473E+13 0.00034 
   70   70    1    1    1    1    1    1    1    1  2.33814E+13 0.00037 
   71   71    1    1    1    1    1    1    1    1  1.99591E+13 0.00044 
   72   72    1    1    1    1    1    1    1    1  3.66554E+13 0.00038 
   73   73    1    1    1    1    1    1    1    1  2.62595E+13 0.00038 
   74   74    1    1    1    1    1    1    1    1  1.99938E+13 0.00044 
   75   75    1    1    1    1    1    1    1    1  1.61077E+13 0.00048 
   76   76    1    1    1    1    1    1    1    1  1.33316E+13 0.00058 
   77   77    1    1    1    1    1    1    1    1  1.53796E+13 0.00041 
   78   78    1    1    1    1    1    1    1    1  1.21103E+13 0.00045 
   79   79    1    1    1    1    1    1    1    1  9.52326E+12 0.00052 
   80   80    1    1    1    1    1    1    1    1  9.84951E+12 0.00050 
   81   81    1    1    1    1    1    1    1    1  7.32344E+12 0.00084 
   82   82    1    1    1    1    1    1    1    1  5.65010E+12 0.00078 
   83   83    1    1    1    1    1    1    1    1  4.34791E+12 0.00076 
   84   84    1    1    1    1    1    1    1    1  4.06969E+12 0.00073 
   85   85    1    1    1    1    1    1    1    1  2.92539E+12 0.00123 
   86   86    1    1    1    1    1    1    1    1  2.11652E+12 0.00153 
   87   87    1    1    1    1    1    1    1    1  1.97937E+12 0.00133 
   88   88    1    1    1    1    1    1    1    1  1.22176E+12 0.00178 
   89   89    1    1    1    1    1    1    1    1  8.26479E+11 0.00213 
   90   90    1    1    1    1    1    1    1    1  4.77529E+11 0.00245 
   91   91    1    1    1    1    1    1    1    1  6.10281E+11 0.00270 
   92   92    1    1    1    1    1    1    1    1  0.00000E+00 0.00000 
   93   93    1    1    1    1    1    1    1    1  0.00000E+00 0.00000 
   94   94    1    1    1    1    1    1    1    1  0.00000E+00 0.00000 
   95   95    1    1    1    1    1    1    1    1  0.00000E+00 0.00000 
   96   96    1    1    1    1    1    1    1    1  0.00000E+00 0.00000 
   97   97    1    1    1    1    1    1    1    1  0.00000E+00 0.00000 
   98   98    1    1    1    1    1    1    1    1  0.00000E+00 0.00000 
   99   99    1    1    1    1    1    1    1    1  0.00000E+00 0.00000 
  100  100    1    1    1    1    1    1    1    1  0.00000E+00 0.00000 
];


