
DETdpaspec = [
    1    1    1    1    1    1    1    1    1    1  0.00000E+00 0.00000 
    2    2    1    1    1    1    1    1    1    1  0.00000E+00 0.00000 
    3    3    1    1    1    1    1    1    1    1  0.00000E+00 0.00000 
    4    4    1    1    1    1    1    1    1    1  0.00000E+00 0.00000 
    5    5    1    1    1    1    1    1    1    1  0.00000E+00 0.00000 
    6    6    1    1    1    1    1    1    1    1  0.00000E+00 0.00000 
    7    7    1    1    1    1    1    1    1    1  0.00000E+00 0.00000 
    8    8    1    1    1    1    1    1    1    1  0.00000E+00 0.00000 
    9    9    1    1    1    1    1    1    1    1  0.00000E+00 0.00000 
   10   10    1    1    1    1    1    1    1    1  0.00000E+00 0.00000 
   11   11    1    1    1    1    1    1    1    1  0.00000E+00 0.00000 
   12   12    1    1    1    1    1    1    1    1  0.00000E+00 0.00000 
   13   13    1    1    1    1    1    1    1    1  0.00000E+00 0.00000 
   14   14    1    1    1    1    1    1    1    1  0.00000E+00 0.00000 
   15   15    1    1    1    1    1    1    1    1  0.00000E+00 0.00000 
   16   16    1    1    1    1    1    1    1    1  0.00000E+00 0.00000 
   17   17    1    1    1    1    1    1    1    1  0.00000E+00 0.00000 
   18   18    1    1    1    1    1    1    1    1  0.00000E+00 0.00000 
   19   19    1    1    1    1    1    1    1    1  1.81113E+09 0.06439 
   20   20    1    1    1    1    1    1    1    1  3.11893E+08 0.08392 
   21   21    1    1    1    1    1    1    1    1  9.36613E+08 0.03917 
   22   22    1    1    1    1    1    1    1    1  7.51979E+08 0.05337 
   23   23    1    1    1    1    1    1    1    1  1.66056E+09 0.03042 
   24   24    1    1    1    1    1    1    1    1  2.85564E+09 0.02767 
   25   25    1    1    1    1    1    1    1    1  5.56596E+09 0.02665 
   26   26    1    1    1    1    1    1    1    1  8.50067E+09 0.02104 
   27   27    1    1    1    1    1    1    1    1  1.80378E+10 0.01351 
   28   28    1    1    1    1    1    1    1    1  4.04708E+10 0.00931 
   29   29    1    1    1    1    1    1    1    1  1.00614E+11 0.00381 
   30   30    1    1    1    1    1    1    1    1  1.67817E+11 0.00315 
   31   31    1    1    1    1    1    1    1    1  4.08048E+11 0.00239 
   32   32    1    1    1    1    1    1    1    1  1.06868E+12 0.00170 
   33   33    1    1    1    1    1    1    1    1  1.71403E+12 0.00123 
   34   34    1    1    1    1    1    1    1    1  3.64044E+12 0.00087 
   35   35    1    1    1    1    1    1    1    1  4.70992E+12 0.00091 
   36   36    1    1    1    1    1    1    1    1  6.02429E+12 0.00063 
   37   37    1    1    1    1    1    1    1    1  4.29017E+12 0.00053 
   38   38    1    1    1    1    1    1    1    1  1.30638E+12 0.00059 
   39   39    1    1    1    1    1    1    1    1  6.92580E+12 0.00050 
   40   40    1    1    1    1    1    1    1    1  8.91893E+12 0.00068 
   41   41    1    1    1    1    1    1    1    1  1.52099E+13 0.00045 
   42   42    1    1    1    1    1    1    1    1  1.46873E+13 0.00044 
   43   43    1    1    1    1    1    1    1    1  2.90851E+13 0.00033 
   44   44    1    1    1    1    1    1    1    1  3.33238E+13 0.00037 
   45   45    1    1    1    1    1    1    1    1  4.52516E+13 0.00034 
   46   46    1    1    1    1    1    1    1    1  8.56688E+13 0.00025 
   47   47    1    1    1    1    1    1    1    1  4.22515E+13 0.00018 
   48   48    1    1    1    1    1    1    1    1  6.38349E+13 0.00027 
   49   49    1    1    1    1    1    1    1    1  8.90387E+13 0.00014 
   50   50    1    1    1    1    1    1    1    1  8.33609E+13 0.00017 
   51   51    1    1    1    1    1    1    1    1  1.30037E+14 0.00016 
   52   52    1    1    1    1    1    1    1    1  1.01610E+14 0.00014 
   53   53    1    1    1    1    1    1    1    1  1.18856E+14 0.00015 
   54   54    1    1    1    1    1    1    1    1  8.33240E+13 0.00012 
   55   55    1    1    1    1    1    1    1    1  1.02346E+14 0.00016 
   56   56    1    1    1    1    1    1    1    1  7.12425E+13 0.00024 
   57   57    1    1    1    1    1    1    1    1  9.71925E+12 0.00030 
   58   58    1    1    1    1    1    1    1    1  1.39442E+14 0.00018 
   59   59    1    1    1    1    1    1    1    1  6.22975E+13 0.00026 
   60   60    1    1    1    1    1    1    1    1  6.65518E+13 0.00021 
   61   61    1    1    1    1    1    1    1    1  5.25400E+13 0.00022 
   62   62    1    1    1    1    1    1    1    1  5.24728E+13 0.00022 
   63   63    1    1    1    1    1    1    1    1  5.37062E+13 0.00025 
   64   64    1    1    1    1    1    1    1    1  4.49841E+13 0.00025 
   65   65    1    1    1    1    1    1    1    1  3.55240E+13 0.00030 
   66   66    1    1    1    1    1    1    1    1  3.50047E+13 0.00031 
   67   67    1    1    1    1    1    1    1    1  2.64995E+13 0.00035 
   68   68    1    1    1    1    1    1    1    1  2.16189E+13 0.00040 
   69   69    1    1    1    1    1    1    1    1  1.92044E+13 0.00041 
   70   70    1    1    1    1    1    1    1    1  2.32074E+13 0.00041 
   71   71    1    1    1    1    1    1    1    1  1.97893E+13 0.00045 
   72   72    1    1    1    1    1    1    1    1  3.61364E+13 0.00031 
   73   73    1    1    1    1    1    1    1    1  2.57822E+13 0.00041 
   74   74    1    1    1    1    1    1    1    1  1.96447E+13 0.00052 
   75   75    1    1    1    1    1    1    1    1  1.58958E+13 0.00055 
   76   76    1    1    1    1    1    1    1    1  1.31806E+13 0.00039 
   77   77    1    1    1    1    1    1    1    1  1.52417E+13 0.00048 
   78   78    1    1    1    1    1    1    1    1  1.20609E+13 0.00048 
   79   79    1    1    1    1    1    1    1    1  9.50208E+12 0.00055 
   80   80    1    1    1    1    1    1    1    1  9.85704E+12 0.00062 
   81   81    1    1    1    1    1    1    1    1  7.33528E+12 0.00057 
   82   82    1    1    1    1    1    1    1    1  5.67144E+12 0.00063 
   83   83    1    1    1    1    1    1    1    1  4.37208E+12 0.00069 
   84   84    1    1    1    1    1    1    1    1  4.07780E+12 0.00077 
   85   85    1    1    1    1    1    1    1    1  2.94306E+12 0.00100 
   86   86    1    1    1    1    1    1    1    1  2.12453E+12 0.00114 
   87   87    1    1    1    1    1    1    1    1  1.98545E+12 0.00119 
   88   88    1    1    1    1    1    1    1    1  1.22804E+12 0.00192 
   89   89    1    1    1    1    1    1    1    1  8.27230E+11 0.00171 
   90   90    1    1    1    1    1    1    1    1  4.80799E+11 0.00384 
   91   91    1    1    1    1    1    1    1    1  6.06632E+11 0.00288 
   92   92    1    1    1    1    1    1    1    1  0.00000E+00 0.00000 
   93   93    1    1    1    1    1    1    1    1  0.00000E+00 0.00000 
   94   94    1    1    1    1    1    1    1    1  0.00000E+00 0.00000 
   95   95    1    1    1    1    1    1    1    1  0.00000E+00 0.00000 
   96   96    1    1    1    1    1    1    1    1  0.00000E+00 0.00000 
   97   97    1    1    1    1    1    1    1    1  0.00000E+00 0.00000 
   98   98    1    1    1    1    1    1    1    1  0.00000E+00 0.00000 
   99   99    1    1    1    1    1    1    1    1  0.00000E+00 0.00000 
  100  100    1    1    1    1    1    1    1    1  0.00000E+00 0.00000 
];


