
DETdpaspec = [
    1    1    1    1    1    1    1    1    1    1  0.00000E+00 0.00000 
    2    2    1    1    1    1    1    1    1    1  0.00000E+00 0.00000 
    3    3    1    1    1    1    1    1    1    1  0.00000E+00 0.00000 
    4    4    1    1    1    1    1    1    1    1  0.00000E+00 0.00000 
    5    5    1    1    1    1    1    1    1    1  0.00000E+00 0.00000 
    6    6    1    1    1    1    1    1    1    1  0.00000E+00 0.00000 
    7    7    1    1    1    1    1    1    1    1  0.00000E+00 0.00000 
    8    8    1    1    1    1    1    1    1    1  0.00000E+00 0.00000 
    9    9    1    1    1    1    1    1    1    1  0.00000E+00 0.00000 
   10   10    1    1    1    1    1    1    1    1  0.00000E+00 0.00000 
   11   11    1    1    1    1    1    1    1    1  0.00000E+00 0.00000 
   12   12    1    1    1    1    1    1    1    1  0.00000E+00 0.00000 
   13   13    1    1    1    1    1    1    1    1  0.00000E+00 0.00000 
   14   14    1    1    1    1    1    1    1    1  0.00000E+00 0.00000 
   15   15    1    1    1    1    1    1    1    1  0.00000E+00 0.00000 
   16   16    1    1    1    1    1    1    1    1  0.00000E+00 0.00000 
   17   17    1    1    1    1    1    1    1    1  0.00000E+00 0.00000 
   18   18    1    1    1    1    1    1    1    1  0.00000E+00 0.00000 
   19   19    1    1    1    1    1    1    1    1  1.19020E+09 0.09997 
   20   20    1    1    1    1    1    1    1    1  1.74079E+08 0.07720 
   21   21    1    1    1    1    1    1    1    1  5.90078E+08 0.08334 
   22   22    1    1    1    1    1    1    1    1  5.50421E+08 0.06186 
   23   23    1    1    1    1    1    1    1    1  1.57021E+09 0.05137 
   24   24    1    1    1    1    1    1    1    1  5.00299E+09 0.01974 
   25   25    1    1    1    1    1    1    1    1  1.56157E+10 0.01482 
   26   26    1    1    1    1    1    1    1    1  2.78468E+10 0.01020 
   27   27    1    1    1    1    1    1    1    1  6.18738E+10 0.00739 
   28   28    1    1    1    1    1    1    1    1  1.30720E+11 0.00545 
   29   29    1    1    1    1    1    1    1    1  2.89612E+11 0.00425 
   30   30    1    1    1    1    1    1    1    1  4.61650E+11 0.00325 
   31   31    1    1    1    1    1    1    1    1  9.15084E+11 0.00283 
   32   32    1    1    1    1    1    1    1    1  2.02462E+12 0.00132 
   33   33    1    1    1    1    1    1    1    1  2.92845E+12 0.00102 
   34   34    1    1    1    1    1    1    1    1  5.68483E+12 0.00061 
   35   35    1    1    1    1    1    1    1    1  7.05516E+12 0.00056 
   36   36    1    1    1    1    1    1    1    1  7.99234E+12 0.00061 
   37   37    1    1    1    1    1    1    1    1  5.34166E+12 0.00046 
   38   38    1    1    1    1    1    1    1    1  1.57965E+12 0.00064 
   39   39    1    1    1    1    1    1    1    1  8.44515E+12 0.00047 
   40   40    1    1    1    1    1    1    1    1  1.07189E+13 0.00046 
   41   41    1    1    1    1    1    1    1    1  1.80889E+13 0.00036 
   42   42    1    1    1    1    1    1    1    1  1.68991E+13 0.00027 
   43   43    1    1    1    1    1    1    1    1  3.33660E+13 0.00038 
   44   44    1    1    1    1    1    1    1    1  3.76367E+13 0.00030 
   45   45    1    1    1    1    1    1    1    1  5.02656E+13 0.00025 
   46   46    1    1    1    1    1    1    1    1  9.36707E+13 0.00021 
   47   47    1    1    1    1    1    1    1    1  4.50225E+13 0.00020 
   48   48    1    1    1    1    1    1    1    1  6.70826E+13 0.00025 
   49   49    1    1    1    1    1    1    1    1  9.22342E+13 0.00018 
   50   50    1    1    1    1    1    1    1    1  8.49950E+13 0.00022 
   51   51    1    1    1    1    1    1    1    1  1.31914E+14 0.00013 
   52   52    1    1    1    1    1    1    1    1  1.00770E+14 0.00007 
   53   53    1    1    1    1    1    1    1    1  1.17946E+14 0.00015 
   54   54    1    1    1    1    1    1    1    1  8.15736E+13 0.00014 
   55   55    1    1    1    1    1    1    1    1  1.00530E+14 0.00019 
   56   56    1    1    1    1    1    1    1    1  6.93290E+13 0.00018 
   57   57    1    1    1    1    1    1    1    1  9.40884E+12 0.00032 
   58   58    1    1    1    1    1    1    1    1  1.34696E+14 0.00014 
   59   59    1    1    1    1    1    1    1    1  6.05856E+13 0.00016 
   60   60    1    1    1    1    1    1    1    1  6.40098E+13 0.00016 
   61   61    1    1    1    1    1    1    1    1  5.07564E+13 0.00025 
   62   62    1    1    1    1    1    1    1    1  5.04017E+13 0.00021 
   63   63    1    1    1    1    1    1    1    1  5.14387E+13 0.00018 
   64   64    1    1    1    1    1    1    1    1  4.29601E+13 0.00026 
   65   65    1    1    1    1    1    1    1    1  3.37474E+13 0.00031 
   66   66    1    1    1    1    1    1    1    1  3.30641E+13 0.00031 
   67   67    1    1    1    1    1    1    1    1  2.49060E+13 0.00035 
   68   68    1    1    1    1    1    1    1    1  2.01838E+13 0.00041 
   69   69    1    1    1    1    1    1    1    1  1.78636E+13 0.00039 
   70   70    1    1    1    1    1    1    1    1  2.15021E+13 0.00031 
   71   71    1    1    1    1    1    1    1    1  1.82128E+13 0.00033 
   72   72    1    1    1    1    1    1    1    1  3.26517E+13 0.00035 
   73   73    1    1    1    1    1    1    1    1  2.30803E+13 0.00030 
   74   74    1    1    1    1    1    1    1    1  1.75245E+13 0.00041 
   75   75    1    1    1    1    1    1    1    1  1.42537E+13 0.00048 
   76   76    1    1    1    1    1    1    1    1  1.18863E+13 0.00047 
   77   77    1    1    1    1    1    1    1    1  1.38326E+13 0.00056 
   78   78    1    1    1    1    1    1    1    1  1.10032E+13 0.00051 
   79   79    1    1    1    1    1    1    1    1  8.72387E+12 0.00054 
   80   80    1    1    1    1    1    1    1    1  9.07498E+12 0.00063 
   81   81    1    1    1    1    1    1    1    1  6.77279E+12 0.00071 
   82   82    1    1    1    1    1    1    1    1  5.23901E+12 0.00087 
   83   83    1    1    1    1    1    1    1    1  4.03993E+12 0.00106 
   84   84    1    1    1    1    1    1    1    1  3.77983E+12 0.00078 
   85   85    1    1    1    1    1    1    1    1  2.72160E+12 0.00114 
   86   86    1    1    1    1    1    1    1    1  1.96612E+12 0.00134 
   87   87    1    1    1    1    1    1    1    1  1.83928E+12 0.00168 
   88   88    1    1    1    1    1    1    1    1  1.12889E+12 0.00190 
   89   89    1    1    1    1    1    1    1    1  7.55917E+11 0.00137 
   90   90    1    1    1    1    1    1    1    1  4.37031E+11 0.00285 
   91   91    1    1    1    1    1    1    1    1  5.46476E+11 0.00274 
   92   92    1    1    1    1    1    1    1    1  0.00000E+00 0.00000 
   93   93    1    1    1    1    1    1    1    1  0.00000E+00 0.00000 
   94   94    1    1    1    1    1    1    1    1  0.00000E+00 0.00000 
   95   95    1    1    1    1    1    1    1    1  0.00000E+00 0.00000 
   96   96    1    1    1    1    1    1    1    1  0.00000E+00 0.00000 
   97   97    1    1    1    1    1    1    1    1  0.00000E+00 0.00000 
   98   98    1    1    1    1    1    1    1    1  0.00000E+00 0.00000 
   99   99    1    1    1    1    1    1    1    1  0.00000E+00 0.00000 
  100  100    1    1    1    1    1    1    1    1  0.00000E+00 0.00000 
];


