
DETdpaspec = [
    1    1    1    1    1    1    1    1    1    1  0.00000E+00 0.00000 
    2    2    1    1    1    1    1    1    1    1  0.00000E+00 0.00000 
    3    3    1    1    1    1    1    1    1    1  0.00000E+00 0.00000 
    4    4    1    1    1    1    1    1    1    1  0.00000E+00 0.00000 
    5    5    1    1    1    1    1    1    1    1  0.00000E+00 0.00000 
    6    6    1    1    1    1    1    1    1    1  0.00000E+00 0.00000 
    7    7    1    1    1    1    1    1    1    1  0.00000E+00 0.00000 
    8    8    1    1    1    1    1    1    1    1  0.00000E+00 0.00000 
    9    9    1    1    1    1    1    1    1    1  0.00000E+00 0.00000 
   10   10    1    1    1    1    1    1    1    1  0.00000E+00 0.00000 
   11   11    1    1    1    1    1    1    1    1  0.00000E+00 0.00000 
   12   12    1    1    1    1    1    1    1    1  0.00000E+00 0.00000 
   13   13    1    1    1    1    1    1    1    1  0.00000E+00 0.00000 
   14   14    1    1    1    1    1    1    1    1  0.00000E+00 0.00000 
   15   15    1    1    1    1    1    1    1    1  0.00000E+00 0.00000 
   16   16    1    1    1    1    1    1    1    1  0.00000E+00 0.00000 
   17   17    1    1    1    1    1    1    1    1  0.00000E+00 0.00000 
   18   18    1    1    1    1    1    1    1    1  0.00000E+00 0.00000 
   19   19    1    1    1    1    1    1    1    1  1.74524E+09 0.06401 
   20   20    1    1    1    1    1    1    1    1  2.37601E+08 0.07597 
   21   21    1    1    1    1    1    1    1    1  7.74034E+08 0.05578 
   22   22    1    1    1    1    1    1    1    1  6.88865E+08 0.06867 
   23   23    1    1    1    1    1    1    1    1  1.49175E+09 0.04304 
   24   24    1    1    1    1    1    1    1    1  2.94183E+09 0.03384 
   25   25    1    1    1    1    1    1    1    1  7.04407E+09 0.01974 
   26   26    1    1    1    1    1    1    1    1  1.19778E+10 0.01847 
   27   27    1    1    1    1    1    1    1    1  2.66361E+10 0.00957 
   28   28    1    1    1    1    1    1    1    1  6.03191E+10 0.00642 
   29   29    1    1    1    1    1    1    1    1  1.47220E+11 0.00509 
   30   30    1    1    1    1    1    1    1    1  2.45577E+11 0.00402 
   31   31    1    1    1    1    1    1    1    1  5.45861E+11 0.00289 
   32   32    1    1    1    1    1    1    1    1  1.34776E+12 0.00216 
   33   33    1    1    1    1    1    1    1    1  2.07783E+12 0.00168 
   34   34    1    1    1    1    1    1    1    1  4.28476E+12 0.00090 
   35   35    1    1    1    1    1    1    1    1  5.49388E+12 0.00088 
   36   36    1    1    1    1    1    1    1    1  6.65785E+12 0.00066 
   37   37    1    1    1    1    1    1    1    1  4.62435E+12 0.00066 
   38   38    1    1    1    1    1    1    1    1  1.38825E+12 0.00078 
   39   39    1    1    1    1    1    1    1    1  7.40308E+12 0.00049 
   40   40    1    1    1    1    1    1    1    1  9.48165E+12 0.00039 
   41   41    1    1    1    1    1    1    1    1  1.61522E+13 0.00039 
   42   42    1    1    1    1    1    1    1    1  1.53682E+13 0.00041 
   43   43    1    1    1    1    1    1    1    1  3.04657E+13 0.00035 
   44   44    1    1    1    1    1    1    1    1  3.47374E+13 0.00031 
   45   45    1    1    1    1    1    1    1    1  4.68995E+13 0.00038 
   46   46    1    1    1    1    1    1    1    1  8.84375E+13 0.00017 
   47   47    1    1    1    1    1    1    1    1  4.31852E+13 0.00019 
   48   48    1    1    1    1    1    1    1    1  6.48639E+13 0.00016 
   49   49    1    1    1    1    1    1    1    1  9.00456E+13 0.00019 
   50   50    1    1    1    1    1    1    1    1  8.37408E+13 0.00020 
   51   51    1    1    1    1    1    1    1    1  1.30601E+14 0.00016 
   52   52    1    1    1    1    1    1    1    1  1.01060E+14 0.00014 
   53   53    1    1    1    1    1    1    1    1  1.18509E+14 0.00016 
   54   54    1    1    1    1    1    1    1    1  8.26403E+13 0.00018 
   55   55    1    1    1    1    1    1    1    1  1.01842E+14 0.00021 
   56   56    1    1    1    1    1    1    1    1  7.05970E+13 0.00023 
   57   57    1    1    1    1    1    1    1    1  9.60831E+12 0.00025 
   58   58    1    1    1    1    1    1    1    1  1.37839E+14 0.00015 
   59   59    1    1    1    1    1    1    1    1  6.18745E+13 0.00015 
   60   60    1    1    1    1    1    1    1    1  6.57954E+13 0.00020 
   61   61    1    1    1    1    1    1    1    1  5.21111E+13 0.00026 
   62   62    1    1    1    1    1    1    1    1  5.19275E+13 0.00022 
   63   63    1    1    1    1    1    1    1    1  5.31067E+13 0.00019 
   64   64    1    1    1    1    1    1    1    1  4.44493E+13 0.00030 
   65   65    1    1    1    1    1    1    1    1  3.50310E+13 0.00029 
   66   66    1    1    1    1    1    1    1    1  3.44146E+13 0.00029 
   67   67    1    1    1    1    1    1    1    1  2.60159E+13 0.00028 
   68   68    1    1    1    1    1    1    1    1  2.11606E+13 0.00039 
   69   69    1    1    1    1    1    1    1    1  1.87751E+13 0.00026 
   70   70    1    1    1    1    1    1    1    1  2.26506E+13 0.00047 
   71   71    1    1    1    1    1    1    1    1  1.92698E+13 0.00041 
   72   72    1    1    1    1    1    1    1    1  3.48582E+13 0.00047 
   73   73    1    1    1    1    1    1    1    1  2.47737E+13 0.00034 
   74   74    1    1    1    1    1    1    1    1  1.88404E+13 0.00055 
   75   75    1    1    1    1    1    1    1    1  1.53112E+13 0.00039 
   76   76    1    1    1    1    1    1    1    1  1.27504E+13 0.00056 
   77   77    1    1    1    1    1    1    1    1  1.47888E+13 0.00050 
   78   78    1    1    1    1    1    1    1    1  1.17390E+13 0.00044 
   79   79    1    1    1    1    1    1    1    1  9.27315E+12 0.00061 
   80   80    1    1    1    1    1    1    1    1  9.62825E+12 0.00058 
   81   81    1    1    1    1    1    1    1    1  7.18790E+12 0.00066 
   82   82    1    1    1    1    1    1    1    1  5.56429E+12 0.00066 
   83   83    1    1    1    1    1    1    1    1  4.28521E+12 0.00095 
   84   84    1    1    1    1    1    1    1    1  4.01331E+12 0.00069 
   85   85    1    1    1    1    1    1    1    1  2.88769E+12 0.00111 
   86   86    1    1    1    1    1    1    1    1  2.08663E+12 0.00156 
   87   87    1    1    1    1    1    1    1    1  1.95327E+12 0.00083 
   88   88    1    1    1    1    1    1    1    1  1.20199E+12 0.00182 
   89   89    1    1    1    1    1    1    1    1  8.10970E+11 0.00200 
   90   90    1    1    1    1    1    1    1    1  4.67254E+11 0.00251 
   91   91    1    1    1    1    1    1    1    1  5.91637E+11 0.00230 
   92   92    1    1    1    1    1    1    1    1  0.00000E+00 0.00000 
   93   93    1    1    1    1    1    1    1    1  0.00000E+00 0.00000 
   94   94    1    1    1    1    1    1    1    1  0.00000E+00 0.00000 
   95   95    1    1    1    1    1    1    1    1  0.00000E+00 0.00000 
   96   96    1    1    1    1    1    1    1    1  0.00000E+00 0.00000 
   97   97    1    1    1    1    1    1    1    1  0.00000E+00 0.00000 
   98   98    1    1    1    1    1    1    1    1  0.00000E+00 0.00000 
   99   99    1    1    1    1    1    1    1    1  0.00000E+00 0.00000 
  100  100    1    1    1    1    1    1    1    1  0.00000E+00 0.00000 
];


