
DETdpaspec = [
    1    1    1    1    1    1    1    1    1    1  0.00000E+00 0.00000 
    2    2    1    1    1    1    1    1    1    1  0.00000E+00 0.00000 
    3    3    1    1    1    1    1    1    1    1  0.00000E+00 0.00000 
    4    4    1    1    1    1    1    1    1    1  0.00000E+00 0.00000 
    5    5    1    1    1    1    1    1    1    1  0.00000E+00 0.00000 
    6    6    1    1    1    1    1    1    1    1  0.00000E+00 0.00000 
    7    7    1    1    1    1    1    1    1    1  0.00000E+00 0.00000 
    8    8    1    1    1    1    1    1    1    1  0.00000E+00 0.00000 
    9    9    1    1    1    1    1    1    1    1  0.00000E+00 0.00000 
   10   10    1    1    1    1    1    1    1    1  0.00000E+00 0.00000 
   11   11    1    1    1    1    1    1    1    1  0.00000E+00 0.00000 
   12   12    1    1    1    1    1    1    1    1  0.00000E+00 0.00000 
   13   13    1    1    1    1    1    1    1    1  0.00000E+00 0.00000 
   14   14    1    1    1    1    1    1    1    1  0.00000E+00 0.00000 
   15   15    1    1    1    1    1    1    1    1  0.00000E+00 0.00000 
   16   16    1    1    1    1    1    1    1    1  0.00000E+00 0.00000 
   17   17    1    1    1    1    1    1    1    1  0.00000E+00 0.00000 
   18   18    1    1    1    1    1    1    1    1  0.00000E+00 0.00000 
   19   19    1    1    1    1    1    1    1    1  1.58134E+09 0.08577 
   20   20    1    1    1    1    1    1    1    1  2.25173E+08 0.09037 
   21   21    1    1    1    1    1    1    1    1  7.72107E+08 0.06281 
   22   22    1    1    1    1    1    1    1    1  6.80668E+08 0.04107 
   23   23    1    1    1    1    1    1    1    1  1.51543E+09 0.03240 
   24   24    1    1    1    1    1    1    1    1  2.78935E+09 0.02646 
   25   25    1    1    1    1    1    1    1    1  5.79808E+09 0.02099 
   26   26    1    1    1    1    1    1    1    1  9.43000E+09 0.01481 
   27   27    1    1    1    1    1    1    1    1  2.04835E+10 0.01157 
   28   28    1    1    1    1    1    1    1    1  4.56898E+10 0.00771 
   29   29    1    1    1    1    1    1    1    1  1.14404E+11 0.00420 
   30   30    1    1    1    1    1    1    1    1  1.92953E+11 0.00314 
   31   31    1    1    1    1    1    1    1    1  4.53575E+11 0.00202 
   32   32    1    1    1    1    1    1    1    1  1.16227E+12 0.00136 
   33   33    1    1    1    1    1    1    1    1  1.83549E+12 0.00157 
   34   34    1    1    1    1    1    1    1    1  3.86081E+12 0.00090 
   35   35    1    1    1    1    1    1    1    1  4.98441E+12 0.00074 
   36   36    1    1    1    1    1    1    1    1  6.25265E+12 0.00050 
   37   37    1    1    1    1    1    1    1    1  4.40475E+12 0.00048 
   38   38    1    1    1    1    1    1    1    1  1.33343E+12 0.00050 
   39   39    1    1    1    1    1    1    1    1  7.09174E+12 0.00043 
   40   40    1    1    1    1    1    1    1    1  9.12337E+12 0.00034 
   41   41    1    1    1    1    1    1    1    1  1.55526E+13 0.00038 
   42   42    1    1    1    1    1    1    1    1  1.49232E+13 0.00042 
   43   43    1    1    1    1    1    1    1    1  2.95562E+13 0.00047 
   44   44    1    1    1    1    1    1    1    1  3.38162E+13 0.00039 
   45   45    1    1    1    1    1    1    1    1  4.57946E+13 0.00026 
   46   46    1    1    1    1    1    1    1    1  8.66438E+13 0.00019 
   47   47    1    1    1    1    1    1    1    1  4.25720E+13 0.00016 
   48   48    1    1    1    1    1    1    1    1  6.41960E+13 0.00021 
   49   49    1    1    1    1    1    1    1    1  8.93732E+13 0.00024 
   50   50    1    1    1    1    1    1    1    1  8.34554E+13 0.00022 
   51   51    1    1    1    1    1    1    1    1  1.30180E+14 0.00017 
   52   52    1    1    1    1    1    1    1    1  1.01348E+14 0.00014 
   53   53    1    1    1    1    1    1    1    1  1.18701E+14 0.00018 
   54   54    1    1    1    1    1    1    1    1  8.30507E+13 0.00017 
   55   55    1    1    1    1    1    1    1    1  1.02161E+14 0.00014 
   56   56    1    1    1    1    1    1    1    1  7.09936E+13 0.00014 
   57   57    1    1    1    1    1    1    1    1  9.67857E+12 0.00024 
   58   58    1    1    1    1    1    1    1    1  1.38889E+14 0.00019 
   59   59    1    1    1    1    1    1    1    1  6.21838E+13 0.00017 
   60   60    1    1    1    1    1    1    1    1  6.63081E+13 0.00021 
   61   61    1    1    1    1    1    1    1    1  5.24368E+13 0.00018 
   62   62    1    1    1    1    1    1    1    1  5.23021E+13 0.00026 
   63   63    1    1    1    1    1    1    1    1  5.35429E+13 0.00025 
   64   64    1    1    1    1    1    1    1    1  4.48398E+13 0.00028 
   65   65    1    1    1    1    1    1    1    1  3.53898E+13 0.00032 
   66   66    1    1    1    1    1    1    1    1  3.48161E+13 0.00033 
   67   67    1    1    1    1    1    1    1    1  2.63350E+13 0.00028 
   68   68    1    1    1    1    1    1    1    1  2.14646E+13 0.00047 
   69   69    1    1    1    1    1    1    1    1  1.90638E+13 0.00054 
   70   70    1    1    1    1    1    1    1    1  2.30204E+13 0.00041 
   71   71    1    1    1    1    1    1    1    1  1.96054E+13 0.00039 
   72   72    1    1    1    1    1    1    1    1  3.56794E+13 0.00043 
   73   73    1    1    1    1    1    1    1    1  2.54159E+13 0.00048 
   74   74    1    1    1    1    1    1    1    1  1.93429E+13 0.00055 
   75   75    1    1    1    1    1    1    1    1  1.56709E+13 0.00057 
   76   76    1    1    1    1    1    1    1    1  1.30182E+13 0.00053 
   77   77    1    1    1    1    1    1    1    1  1.50996E+13 0.00038 
   78   78    1    1    1    1    1    1    1    1  1.19498E+13 0.00059 
   79   79    1    1    1    1    1    1    1    1  9.44349E+12 0.00073 
   80   80    1    1    1    1    1    1    1    1  9.80446E+12 0.00058 
   81   81    1    1    1    1    1    1    1    1  7.29499E+12 0.00092 
   82   82    1    1    1    1    1    1    1    1  5.63142E+12 0.00089 
   83   83    1    1    1    1    1    1    1    1  4.34540E+12 0.00111 
   84   84    1    1    1    1    1    1    1    1  4.06028E+12 0.00080 
   85   85    1    1    1    1    1    1    1    1  2.92888E+12 0.00085 
   86   86    1    1    1    1    1    1    1    1  2.11626E+12 0.00143 
   87   87    1    1    1    1    1    1    1    1  1.98130E+12 0.00167 
   88   88    1    1    1    1    1    1    1    1  1.22256E+12 0.00187 
   89   89    1    1    1    1    1    1    1    1  8.22031E+11 0.00175 
   90   90    1    1    1    1    1    1    1    1  4.78262E+11 0.00338 
   91   91    1    1    1    1    1    1    1    1  6.02039E+11 0.00267 
   92   92    1    1    1    1    1    1    1    1  0.00000E+00 0.00000 
   93   93    1    1    1    1    1    1    1    1  0.00000E+00 0.00000 
   94   94    1    1    1    1    1    1    1    1  0.00000E+00 0.00000 
   95   95    1    1    1    1    1    1    1    1  0.00000E+00 0.00000 
   96   96    1    1    1    1    1    1    1    1  0.00000E+00 0.00000 
   97   97    1    1    1    1    1    1    1    1  0.00000E+00 0.00000 
   98   98    1    1    1    1    1    1    1    1  0.00000E+00 0.00000 
   99   99    1    1    1    1    1    1    1    1  0.00000E+00 0.00000 
  100  100    1    1    1    1    1    1    1    1  0.00000E+00 0.00000 
];


