
DETdpaspec = [
    1    1    1    1    1    1    1    1    1    1  0.00000E+00 0.00000 
    2    2    1    1    1    1    1    1    1    1  0.00000E+00 0.00000 
    3    3    1    1    1    1    1    1    1    1  0.00000E+00 0.00000 
    4    4    1    1    1    1    1    1    1    1  0.00000E+00 0.00000 
    5    5    1    1    1    1    1    1    1    1  0.00000E+00 0.00000 
    6    6    1    1    1    1    1    1    1    1  0.00000E+00 0.00000 
    7    7    1    1    1    1    1    1    1    1  0.00000E+00 0.00000 
    8    8    1    1    1    1    1    1    1    1  0.00000E+00 0.00000 
    9    9    1    1    1    1    1    1    1    1  0.00000E+00 0.00000 
   10   10    1    1    1    1    1    1    1    1  0.00000E+00 0.00000 
   11   11    1    1    1    1    1    1    1    1  0.00000E+00 0.00000 
   12   12    1    1    1    1    1    1    1    1  0.00000E+00 0.00000 
   13   13    1    1    1    1    1    1    1    1  0.00000E+00 0.00000 
   14   14    1    1    1    1    1    1    1    1  0.00000E+00 0.00000 
   15   15    1    1    1    1    1    1    1    1  0.00000E+00 0.00000 
   16   16    1    1    1    1    1    1    1    1  0.00000E+00 0.00000 
   17   17    1    1    1    1    1    1    1    1  0.00000E+00 0.00000 
   18   18    1    1    1    1    1    1    1    1  0.00000E+00 0.00000 
   19   19    1    1    1    1    1    1    1    1  1.13903E+09 0.13197 
   20   20    1    1    1    1    1    1    1    1  1.92771E+08 0.11420 
   21   21    1    1    1    1    1    1    1    1  6.15339E+08 0.07983 
   22   22    1    1    1    1    1    1    1    1  9.36756E+08 0.03557 
   23   23    1    1    1    1    1    1    1    1  4.00479E+09 0.02817 
   24   24    1    1    1    1    1    1    1    1  1.75479E+10 0.01461 
   25   25    1    1    1    1    1    1    1    1  5.00816E+10 0.00907 
   26   26    1    1    1    1    1    1    1    1  8.19606E+10 0.00639 
   27   27    1    1    1    1    1    1    1    1  1.63841E+11 0.00488 
   28   28    1    1    1    1    1    1    1    1  3.07274E+11 0.00296 
   29   29    1    1    1    1    1    1    1    1  5.89997E+11 0.00255 
   30   30    1    1    1    1    1    1    1    1  8.71158E+11 0.00215 
   31   31    1    1    1    1    1    1    1    1  1.57251E+12 0.00182 
   32   32    1    1    1    1    1    1    1    1  3.06546E+12 0.00116 
   33   33    1    1    1    1    1    1    1    1  4.15888E+12 0.00113 
   34   34    1    1    1    1    1    1    1    1  7.58743E+12 0.00062 
   35   35    1    1    1    1    1    1    1    1  9.00840E+12 0.00060 
   36   36    1    1    1    1    1    1    1    1  9.64708E+12 0.00056 
   37   37    1    1    1    1    1    1    1    1  6.23473E+12 0.00045 
   38   38    1    1    1    1    1    1    1    1  1.82062E+12 0.00050 
   39   39    1    1    1    1    1    1    1    1  9.71675E+12 0.00033 
   40   40    1    1    1    1    1    1    1    1  1.21932E+13 0.00039 
   41   41    1    1    1    1    1    1    1    1  2.03805E+13 0.00038 
   42   42    1    1    1    1    1    1    1    1  1.87321E+13 0.00030 
   43   43    1    1    1    1    1    1    1    1  3.67154E+13 0.00029 
   44   44    1    1    1    1    1    1    1    1  4.09575E+13 0.00027 
   45   45    1    1    1    1    1    1    1    1  5.40747E+13 0.00027 
   46   46    1    1    1    1    1    1    1    1  9.93347E+13 0.00020 
   47   47    1    1    1    1    1    1    1    1  4.69931E+13 0.00019 
   48   48    1    1    1    1    1    1    1    1  6.95071E+13 0.00019 
   49   49    1    1    1    1    1    1    1    1  9.46466E+13 0.00009 
   50   50    1    1    1    1    1    1    1    1  8.64212E+13 0.00018 
   51   51    1    1    1    1    1    1    1    1  1.33129E+14 0.00015 
   52   52    1    1    1    1    1    1    1    1  1.00488E+14 0.00016 
   53   53    1    1    1    1    1    1    1    1  1.17187E+14 0.00021 
   54   54    1    1    1    1    1    1    1    1  8.04041E+13 0.00016 
   55   55    1    1    1    1    1    1    1    1  9.87959E+13 0.00018 
   56   56    1    1    1    1    1    1    1    1  6.77920E+13 0.00017 
   57   57    1    1    1    1    1    1    1    1  9.17204E+12 0.00035 
   58   58    1    1    1    1    1    1    1    1  1.30911E+14 0.00010 
   59   59    1    1    1    1    1    1    1    1  5.87970E+13 0.00022 
   60   60    1    1    1    1    1    1    1    1  6.18384E+13 0.00017 
   61   61    1    1    1    1    1    1    1    1  4.89714E+13 0.00015 
   62   62    1    1    1    1    1    1    1    1  4.85070E+13 0.00017 
   63   63    1    1    1    1    1    1    1    1  4.93752E+13 0.00023 
   64   64    1    1    1    1    1    1    1    1  4.10821E+13 0.00025 
   65   65    1    1    1    1    1    1    1    1  3.21693E+13 0.00023 
   66   66    1    1    1    1    1    1    1    1  3.13988E+13 0.00027 
   67   67    1    1    1    1    1    1    1    1  2.35877E+13 0.00023 
   68   68    1    1    1    1    1    1    1    1  1.90572E+13 0.00044 
   69   69    1    1    1    1    1    1    1    1  1.68397E+13 0.00035 
   70   70    1    1    1    1    1    1    1    1  2.02146E+13 0.00041 
   71   71    1    1    1    1    1    1    1    1  1.70647E+13 0.00036 
   72   72    1    1    1    1    1    1    1    1  3.03736E+13 0.00023 
   73   73    1    1    1    1    1    1    1    1  2.13627E+13 0.00036 
   74   74    1    1    1    1    1    1    1    1  1.61784E+13 0.00042 
   75   75    1    1    1    1    1    1    1    1  1.31547E+13 0.00047 
   76   76    1    1    1    1    1    1    1    1  1.09875E+13 0.00039 
   77   77    1    1    1    1    1    1    1    1  1.27836E+13 0.00059 
   78   78    1    1    1    1    1    1    1    1  1.01848E+13 0.00038 
   79   79    1    1    1    1    1    1    1    1  8.06422E+12 0.00058 
   80   80    1    1    1    1    1    1    1    1  8.38637E+12 0.00057 
   81   81    1    1    1    1    1    1    1    1  6.25256E+12 0.00071 
   82   82    1    1    1    1    1    1    1    1  4.83468E+12 0.00086 
   83   83    1    1    1    1    1    1    1    1  3.72260E+12 0.00122 
   84   84    1    1    1    1    1    1    1    1  3.47743E+12 0.00121 
   85   85    1    1    1    1    1    1    1    1  2.49838E+12 0.00122 
   86   86    1    1    1    1    1    1    1    1  1.80546E+12 0.00159 
   87   87    1    1    1    1    1    1    1    1  1.68590E+12 0.00132 
   88   88    1    1    1    1    1    1    1    1  1.02821E+12 0.00142 
   89   89    1    1    1    1    1    1    1    1  6.88333E+11 0.00189 
   90   90    1    1    1    1    1    1    1    1  3.96922E+11 0.00295 
   91   91    1    1    1    1    1    1    1    1  4.95156E+11 0.00196 
   92   92    1    1    1    1    1    1    1    1  0.00000E+00 0.00000 
   93   93    1    1    1    1    1    1    1    1  0.00000E+00 0.00000 
   94   94    1    1    1    1    1    1    1    1  0.00000E+00 0.00000 
   95   95    1    1    1    1    1    1    1    1  0.00000E+00 0.00000 
   96   96    1    1    1    1    1    1    1    1  0.00000E+00 0.00000 
   97   97    1    1    1    1    1    1    1    1  0.00000E+00 0.00000 
   98   98    1    1    1    1    1    1    1    1  0.00000E+00 0.00000 
   99   99    1    1    1    1    1    1    1    1  0.00000E+00 0.00000 
  100  100    1    1    1    1    1    1    1    1  0.00000E+00 0.00000 
];


