
DETdpaspec = [
    1    1    1    1    1    1    1    1    1    1  0.00000E+00 0.00000 
    2    2    1    1    1    1    1    1    1    1  0.00000E+00 0.00000 
    3    3    1    1    1    1    1    1    1    1  0.00000E+00 0.00000 
    4    4    1    1    1    1    1    1    1    1  0.00000E+00 0.00000 
    5    5    1    1    1    1    1    1    1    1  0.00000E+00 0.00000 
    6    6    1    1    1    1    1    1    1    1  0.00000E+00 0.00000 
    7    7    1    1    1    1    1    1    1    1  0.00000E+00 0.00000 
    8    8    1    1    1    1    1    1    1    1  0.00000E+00 0.00000 
    9    9    1    1    1    1    1    1    1    1  0.00000E+00 0.00000 
   10   10    1    1    1    1    1    1    1    1  0.00000E+00 0.00000 
   11   11    1    1    1    1    1    1    1    1  0.00000E+00 0.00000 
   12   12    1    1    1    1    1    1    1    1  0.00000E+00 0.00000 
   13   13    1    1    1    1    1    1    1    1  0.00000E+00 0.00000 
   14   14    1    1    1    1    1    1    1    1  0.00000E+00 0.00000 
   15   15    1    1    1    1    1    1    1    1  0.00000E+00 0.00000 
   16   16    1    1    1    1    1    1    1    1  0.00000E+00 0.00000 
   17   17    1    1    1    1    1    1    1    1  0.00000E+00 0.00000 
   18   18    1    1    1    1    1    1    1    1  0.00000E+00 0.00000 
   19   19    1    1    1    1    1    1    1    1  2.46605E+09 0.04148 
   20   20    1    1    1    1    1    1    1    1  4.32392E+08 0.05209 
   21   21    1    1    1    1    1    1    1    1  1.38653E+09 0.05411 
   22   22    1    1    1    1    1    1    1    1  1.04424E+09 0.04502 
   23   23    1    1    1    1    1    1    1    1  2.69634E+09 0.02836 
   24   24    1    1    1    1    1    1    1    1  4.02355E+09 0.02429 
   25   25    1    1    1    1    1    1    1    1  6.63378E+09 0.01930 
   26   26    1    1    1    1    1    1    1    1  8.90851E+09 0.01458 
   27   27    1    1    1    1    1    1    1    1  1.68225E+10 0.00900 
   28   28    1    1    1    1    1    1    1    1  3.45907E+10 0.00960 
   29   29    1    1    1    1    1    1    1    1  7.96227E+10 0.00623 
   30   30    1    1    1    1    1    1    1    1  1.24170E+11 0.00366 
   31   31    1    1    1    1    1    1    1    1  3.38647E+11 0.00229 
   32   32    1    1    1    1    1    1    1    1  9.17674E+11 0.00212 
   33   33    1    1    1    1    1    1    1    1  1.52282E+12 0.00189 
   34   34    1    1    1    1    1    1    1    1  3.25558E+12 0.00103 
   35   35    1    1    1    1    1    1    1    1  4.14453E+12 0.00090 
   36   36    1    1    1    1    1    1    1    1  5.72214E+12 0.00074 
   37   37    1    1    1    1    1    1    1    1  4.20745E+12 0.00067 
   38   38    1    1    1    1    1    1    1    1  1.31141E+12 0.00059 
   39   39    1    1    1    1    1    1    1    1  6.82568E+12 0.00060 
   40   40    1    1    1    1    1    1    1    1  8.79527E+12 0.00057 
   41   41    1    1    1    1    1    1    1    1  1.48762E+13 0.00047 
   42   42    1    1    1    1    1    1    1    1  1.46788E+13 0.00036 
   43   43    1    1    1    1    1    1    1    1  2.87018E+13 0.00042 
   44   44    1    1    1    1    1    1    1    1  3.29182E+13 0.00034 
   45   45    1    1    1    1    1    1    1    1  4.47020E+13 0.00037 
   46   46    1    1    1    1    1    1    1    1  8.41933E+13 0.00024 
   47   47    1    1    1    1    1    1    1    1  4.19216E+13 0.00021 
   48   48    1    1    1    1    1    1    1    1  6.38693E+13 0.00014 
   49   49    1    1    1    1    1    1    1    1  8.91106E+13 0.00014 
   50   50    1    1    1    1    1    1    1    1  8.41638E+13 0.00017 
   51   51    1    1    1    1    1    1    1    1  1.30222E+14 0.00021 
   52   52    1    1    1    1    1    1    1    1  1.03232E+14 0.00017 
   53   53    1    1    1    1    1    1    1    1  1.19453E+14 0.00013 
   54   54    1    1    1    1    1    1    1    1  8.42629E+13 0.00018 
   55   55    1    1    1    1    1    1    1    1  1.02332E+14 0.00013 
   56   56    1    1    1    1    1    1    1    1  7.15934E+13 0.00018 
   57   57    1    1    1    1    1    1    1    1  9.81628E+12 0.00030 
   58   58    1    1    1    1    1    1    1    1  1.40577E+14 0.00014 
   59   59    1    1    1    1    1    1    1    1  6.18665E+13 0.00018 
   60   60    1    1    1    1    1    1    1    1  6.66316E+13 0.00023 
   61   61    1    1    1    1    1    1    1    1  5.20833E+13 0.00024 
   62   62    1    1    1    1    1    1    1    1  5.21697E+13 0.00020 
   63   63    1    1    1    1    1    1    1    1  5.33052E+13 0.00021 
   64   64    1    1    1    1    1    1    1    1  4.46040E+13 0.00024 
   65   65    1    1    1    1    1    1    1    1  3.53115E+13 0.00025 
   66   66    1    1    1    1    1    1    1    1  3.48815E+13 0.00032 
   67   67    1    1    1    1    1    1    1    1  2.64362E+13 0.00028 
   68   68    1    1    1    1    1    1    1    1  2.16728E+13 0.00033 
   69   69    1    1    1    1    1    1    1    1  1.93092E+13 0.00034 
   70   70    1    1    1    1    1    1    1    1  2.33588E+13 0.00046 
   71   71    1    1    1    1    1    1    1    1  1.99873E+13 0.00038 
   72   72    1    1    1    1    1    1    1    1  3.70229E+13 0.00032 
   73   73    1    1    1    1    1    1    1    1  2.65898E+13 0.00040 
   74   74    1    1    1    1    1    1    1    1  2.02183E+13 0.00028 
   75   75    1    1    1    1    1    1    1    1  1.62340E+13 0.00046 
   76   76    1    1    1    1    1    1    1    1  1.33420E+13 0.00055 
   77   77    1    1    1    1    1    1    1    1  1.53015E+13 0.00049 
   78   78    1    1    1    1    1    1    1    1  1.19728E+13 0.00038 
   79   79    1    1    1    1    1    1    1    1  9.36237E+12 0.00064 
   80   80    1    1    1    1    1    1    1    1  9.63415E+12 0.00065 
   81   81    1    1    1    1    1    1    1    1  7.16060E+12 0.00067 
   82   82    1    1    1    1    1    1    1    1  5.50897E+12 0.00071 
   83   83    1    1    1    1    1    1    1    1  4.24303E+12 0.00088 
   84   84    1    1    1    1    1    1    1    1  3.95567E+12 0.00070 
   85   85    1    1    1    1    1    1    1    1  2.84815E+12 0.00125 
   86   86    1    1    1    1    1    1    1    1  2.05733E+12 0.00108 
   87   87    1    1    1    1    1    1    1    1  1.92578E+12 0.00107 
   88   88    1    1    1    1    1    1    1    1  1.18976E+12 0.00211 
   89   89    1    1    1    1    1    1    1    1  8.02672E+11 0.00210 
   90   90    1    1    1    1    1    1    1    1  4.68228E+11 0.00260 
   91   91    1    1    1    1    1    1    1    1  5.95099E+11 0.00284 
   92   92    1    1    1    1    1    1    1    1  0.00000E+00 0.00000 
   93   93    1    1    1    1    1    1    1    1  0.00000E+00 0.00000 
   94   94    1    1    1    1    1    1    1    1  0.00000E+00 0.00000 
   95   95    1    1    1    1    1    1    1    1  0.00000E+00 0.00000 
   96   96    1    1    1    1    1    1    1    1  0.00000E+00 0.00000 
   97   97    1    1    1    1    1    1    1    1  0.00000E+00 0.00000 
   98   98    1    1    1    1    1    1    1    1  0.00000E+00 0.00000 
   99   99    1    1    1    1    1    1    1    1  0.00000E+00 0.00000 
  100  100    1    1    1    1    1    1    1    1  0.00000E+00 0.00000 
];


