
DETdpaspec = [
    1    1    1    1    1    1    1    1    1    1  0.00000E+00 0.00000 
    2    2    1    1    1    1    1    1    1    1  0.00000E+00 0.00000 
    3    3    1    1    1    1    1    1    1    1  0.00000E+00 0.00000 
    4    4    1    1    1    1    1    1    1    1  0.00000E+00 0.00000 
    5    5    1    1    1    1    1    1    1    1  0.00000E+00 0.00000 
    6    6    1    1    1    1    1    1    1    1  0.00000E+00 0.00000 
    7    7    1    1    1    1    1    1    1    1  0.00000E+00 0.00000 
    8    8    1    1    1    1    1    1    1    1  0.00000E+00 0.00000 
    9    9    1    1    1    1    1    1    1    1  0.00000E+00 0.00000 
   10   10    1    1    1    1    1    1    1    1  0.00000E+00 0.00000 
   11   11    1    1    1    1    1    1    1    1  0.00000E+00 0.00000 
   12   12    1    1    1    1    1    1    1    1  0.00000E+00 0.00000 
   13   13    1    1    1    1    1    1    1    1  0.00000E+00 0.00000 
   14   14    1    1    1    1    1    1    1    1  0.00000E+00 0.00000 
   15   15    1    1    1    1    1    1    1    1  0.00000E+00 0.00000 
   16   16    1    1    1    1    1    1    1    1  0.00000E+00 0.00000 
   17   17    1    1    1    1    1    1    1    1  0.00000E+00 0.00000 
   18   18    1    1    1    1    1    1    1    1  0.00000E+00 0.00000 
   19   19    1    1    1    1    1    1    1    1  2.17383E+09 0.05467 
   20   20    1    1    1    1    1    1    1    1  3.87144E+08 0.09289 
   21   21    1    1    1    1    1    1    1    1  1.22703E+09 0.05444 
   22   22    1    1    1    1    1    1    1    1  9.24885E+08 0.03277 
   23   23    1    1    1    1    1    1    1    1  2.26408E+09 0.03086 
   24   24    1    1    1    1    1    1    1    1  3.46361E+09 0.02973 
   25   25    1    1    1    1    1    1    1    1  5.91269E+09 0.02498 
   26   26    1    1    1    1    1    1    1    1  8.33584E+09 0.01820 
   27   27    1    1    1    1    1    1    1    1  1.64003E+10 0.01163 
   28   28    1    1    1    1    1    1    1    1  3.46020E+10 0.00822 
   29   29    1    1    1    1    1    1    1    1  8.10178E+10 0.00547 
   30   30    1    1    1    1    1    1    1    1  1.29663E+11 0.00509 
   31   31    1    1    1    1    1    1    1    1  3.42230E+11 0.00275 
   32   32    1    1    1    1    1    1    1    1  9.27718E+11 0.00162 
   33   33    1    1    1    1    1    1    1    1  1.53159E+12 0.00138 
   34   34    1    1    1    1    1    1    1    1  3.28703E+12 0.00102 
   35   35    1    1    1    1    1    1    1    1  4.22178E+12 0.00076 
   36   36    1    1    1    1    1    1    1    1  5.71536E+12 0.00063 
   37   37    1    1    1    1    1    1    1    1  4.17182E+12 0.00053 
   38   38    1    1    1    1    1    1    1    1  1.29239E+12 0.00056 
   39   39    1    1    1    1    1    1    1    1  6.76175E+12 0.00052 
   40   40    1    1    1    1    1    1    1    1  8.72292E+12 0.00050 
   41   41    1    1    1    1    1    1    1    1  1.48110E+13 0.00042 
   42   42    1    1    1    1    1    1    1    1  1.45374E+13 0.00047 
   43   43    1    1    1    1    1    1    1    1  2.85746E+13 0.00027 
   44   44    1    1    1    1    1    1    1    1  3.28024E+13 0.00028 
   45   45    1    1    1    1    1    1    1    1  4.45854E+13 0.00023 
   46   46    1    1    1    1    1    1    1    1  8.42604E+13 0.00022 
   47   47    1    1    1    1    1    1    1    1  4.18613E+13 0.00020 
   48   48    1    1    1    1    1    1    1    1  6.36693E+13 0.00023 
   49   49    1    1    1    1    1    1    1    1  8.88811E+13 0.00021 
   50   50    1    1    1    1    1    1    1    1  8.37748E+13 0.00018 
   51   51    1    1    1    1    1    1    1    1  1.29998E+14 0.00020 
   52   52    1    1    1    1    1    1    1    1  1.02672E+14 0.00018 
   53   53    1    1    1    1    1    1    1    1  1.19283E+14 0.00015 
   54   54    1    1    1    1    1    1    1    1  8.40032E+13 0.00021 
   55   55    1    1    1    1    1    1    1    1  1.02400E+14 0.00019 
   56   56    1    1    1    1    1    1    1    1  7.15385E+13 0.00014 
   57   57    1    1    1    1    1    1    1    1  9.80521E+12 0.00026 
   58   58    1    1    1    1    1    1    1    1  1.40441E+14 0.00016 
   59   59    1    1    1    1    1    1    1    1  6.21169E+13 0.00023 
   60   60    1    1    1    1    1    1    1    1  6.67584E+13 0.00021 
   61   61    1    1    1    1    1    1    1    1  5.23323E+13 0.00020 
   62   62    1    1    1    1    1    1    1    1  5.23975E+13 0.00015 
   63   63    1    1    1    1    1    1    1    1  5.35724E+13 0.00022 
   64   64    1    1    1    1    1    1    1    1  4.48998E+13 0.00020 
   65   65    1    1    1    1    1    1    1    1  3.55289E+13 0.00030 
   66   66    1    1    1    1    1    1    1    1  3.50678E+13 0.00024 
   67   67    1    1    1    1    1    1    1    1  2.65578E+13 0.00027 
   68   68    1    1    1    1    1    1    1    1  2.17502E+13 0.00037 
   69   69    1    1    1    1    1    1    1    1  1.93629E+13 0.00052 
   70   70    1    1    1    1    1    1    1    1  2.34326E+13 0.00036 
   71   71    1    1    1    1    1    1    1    1  2.00216E+13 0.00033 
   72   72    1    1    1    1    1    1    1    1  3.68936E+13 0.00043 
   73   73    1    1    1    1    1    1    1    1  2.64713E+13 0.00034 
   74   74    1    1    1    1    1    1    1    1  2.01534E+13 0.00046 
   75   75    1    1    1    1    1    1    1    1  1.62282E+13 0.00049 
   76   76    1    1    1    1    1    1    1    1  1.33751E+13 0.00042 
   77   77    1    1    1    1    1    1    1    1  1.53831E+13 0.00048 
   78   78    1    1    1    1    1    1    1    1  1.20795E+13 0.00043 
   79   79    1    1    1    1    1    1    1    1  9.47372E+12 0.00063 
   80   80    1    1    1    1    1    1    1    1  9.75770E+12 0.00075 
   81   81    1    1    1    1    1    1    1    1  7.26279E+12 0.00088 
   82   82    1    1    1    1    1    1    1    1  5.59940E+12 0.00071 
   83   83    1    1    1    1    1    1    1    1  4.30504E+12 0.00098 
   84   84    1    1    1    1    1    1    1    1  4.02599E+12 0.00071 
   85   85    1    1    1    1    1    1    1    1  2.89471E+12 0.00108 
   86   86    1    1    1    1    1    1    1    1  2.09048E+12 0.00125 
   87   87    1    1    1    1    1    1    1    1  1.94512E+12 0.00103 
   88   88    1    1    1    1    1    1    1    1  1.21024E+12 0.00212 
   89   89    1    1    1    1    1    1    1    1  8.18601E+11 0.00228 
   90   90    1    1    1    1    1    1    1    1  4.72069E+11 0.00304 
   91   91    1    1    1    1    1    1    1    1  6.01311E+11 0.00257 
   92   92    1    1    1    1    1    1    1    1  0.00000E+00 0.00000 
   93   93    1    1    1    1    1    1    1    1  0.00000E+00 0.00000 
   94   94    1    1    1    1    1    1    1    1  0.00000E+00 0.00000 
   95   95    1    1    1    1    1    1    1    1  0.00000E+00 0.00000 
   96   96    1    1    1    1    1    1    1    1  0.00000E+00 0.00000 
   97   97    1    1    1    1    1    1    1    1  0.00000E+00 0.00000 
   98   98    1    1    1    1    1    1    1    1  0.00000E+00 0.00000 
   99   99    1    1    1    1    1    1    1    1  0.00000E+00 0.00000 
  100  100    1    1    1    1    1    1    1    1  0.00000E+00 0.00000 
];


