
DETdpaspec = [
    1    1    1    1    1    1    1    1    1    1  0.00000E+00 0.00000 
    2    2    1    1    1    1    1    1    1    1  0.00000E+00 0.00000 
    3    3    1    1    1    1    1    1    1    1  0.00000E+00 0.00000 
    4    4    1    1    1    1    1    1    1    1  0.00000E+00 0.00000 
    5    5    1    1    1    1    1    1    1    1  0.00000E+00 0.00000 
    6    6    1    1    1    1    1    1    1    1  0.00000E+00 0.00000 
    7    7    1    1    1    1    1    1    1    1  0.00000E+00 0.00000 
    8    8    1    1    1    1    1    1    1    1  0.00000E+00 0.00000 
    9    9    1    1    1    1    1    1    1    1  0.00000E+00 0.00000 
   10   10    1    1    1    1    1    1    1    1  0.00000E+00 0.00000 
   11   11    1    1    1    1    1    1    1    1  0.00000E+00 0.00000 
   12   12    1    1    1    1    1    1    1    1  0.00000E+00 0.00000 
   13   13    1    1    1    1    1    1    1    1  0.00000E+00 0.00000 
   14   14    1    1    1    1    1    1    1    1  0.00000E+00 0.00000 
   15   15    1    1    1    1    1    1    1    1  0.00000E+00 0.00000 
   16   16    1    1    1    1    1    1    1    1  0.00000E+00 0.00000 
   17   17    1    1    1    1    1    1    1    1  0.00000E+00 0.00000 
   18   18    1    1    1    1    1    1    1    1  0.00000E+00 0.00000 
   19   19    1    1    1    1    1    1    1    1  2.00218E+09 0.06199 
   20   20    1    1    1    1    1    1    1    1  2.83905E+08 0.07987 
   21   21    1    1    1    1    1    1    1    1  1.02571E+09 0.05909 
   22   22    1    1    1    1    1    1    1    1  7.94744E+08 0.04942 
   23   23    1    1    1    1    1    1    1    1  1.64087E+09 0.03547 
   24   24    1    1    1    1    1    1    1    1  2.79400E+09 0.03992 
   25   25    1    1    1    1    1    1    1    1  5.29574E+09 0.02361 
   26   26    1    1    1    1    1    1    1    1  8.17060E+09 0.01718 
   27   27    1    1    1    1    1    1    1    1  1.70506E+10 0.01582 
   28   28    1    1    1    1    1    1    1    1  3.80259E+10 0.00821 
   29   29    1    1    1    1    1    1    1    1  9.47547E+10 0.00587 
   30   30    1    1    1    1    1    1    1    1  1.57683E+11 0.00328 
   31   31    1    1    1    1    1    1    1    1  3.89412E+11 0.00328 
   32   32    1    1    1    1    1    1    1    1  1.02734E+12 0.00186 
   33   33    1    1    1    1    1    1    1    1  1.66484E+12 0.00113 
   34   34    1    1    1    1    1    1    1    1  3.55024E+12 0.00070 
   35   35    1    1    1    1    1    1    1    1  4.59325E+12 0.00077 
   36   36    1    1    1    1    1    1    1    1  5.93993E+12 0.00074 
   37   37    1    1    1    1    1    1    1    1  4.25132E+12 0.00069 
   38   38    1    1    1    1    1    1    1    1  1.29839E+12 0.00063 
   39   39    1    1    1    1    1    1    1    1  6.87090E+12 0.00041 
   40   40    1    1    1    1    1    1    1    1  8.85665E+12 0.00053 
   41   41    1    1    1    1    1    1    1    1  1.51028E+13 0.00049 
   42   42    1    1    1    1    1    1    1    1  1.46262E+13 0.00039 
   43   43    1    1    1    1    1    1    1    1  2.89315E+13 0.00033 
   44   44    1    1    1    1    1    1    1    1  3.31890E+13 0.00027 
   45   45    1    1    1    1    1    1    1    1  4.50523E+13 0.00036 
   46   46    1    1    1    1    1    1    1    1  8.53345E+13 0.00025 
   47   47    1    1    1    1    1    1    1    1  4.21472E+13 0.00019 
   48   48    1    1    1    1    1    1    1    1  6.37776E+13 0.00023 
   49   49    1    1    1    1    1    1    1    1  8.89435E+13 0.00020 
   50   50    1    1    1    1    1    1    1    1  8.33511E+13 0.00020 
   51   51    1    1    1    1    1    1    1    1  1.29962E+14 0.00014 
   52   52    1    1    1    1    1    1    1    1  1.01746E+14 0.00014 
   53   53    1    1    1    1    1    1    1    1  1.18917E+14 0.00017 
   54   54    1    1    1    1    1    1    1    1  8.34113E+13 0.00019 
   55   55    1    1    1    1    1    1    1    1  1.02378E+14 0.00011 
   56   56    1    1    1    1    1    1    1    1  7.12960E+13 0.00017 
   57   57    1    1    1    1    1    1    1    1  9.72823E+12 0.00034 
   58   58    1    1    1    1    1    1    1    1  1.39672E+14 0.00013 
   59   59    1    1    1    1    1    1    1    1  6.23166E+13 0.00021 
   60   60    1    1    1    1    1    1    1    1  6.66434E+13 0.00022 
   61   61    1    1    1    1    1    1    1    1  5.25656E+13 0.00019 
   62   62    1    1    1    1    1    1    1    1  5.25249E+13 0.00019 
   63   63    1    1    1    1    1    1    1    1  5.37643E+13 0.00019 
   64   64    1    1    1    1    1    1    1    1  4.50422E+13 0.00018 
   65   65    1    1    1    1    1    1    1    1  3.55817E+13 0.00023 
   66   66    1    1    1    1    1    1    1    1  3.50584E+13 0.00027 
   67   67    1    1    1    1    1    1    1    1  2.65482E+13 0.00024 
   68   68    1    1    1    1    1    1    1    1  2.16662E+13 0.00042 
   69   69    1    1    1    1    1    1    1    1  1.92710E+13 0.00041 
   70   70    1    1    1    1    1    1    1    1  2.32841E+13 0.00035 
   71   71    1    1    1    1    1    1    1    1  1.98547E+13 0.00028 
   72   72    1    1    1    1    1    1    1    1  3.63002E+13 0.00030 
   73   73    1    1    1    1    1    1    1    1  2.59184E+13 0.00032 
   74   74    1    1    1    1    1    1    1    1  1.97385E+13 0.00041 
   75   75    1    1    1    1    1    1    1    1  1.59702E+13 0.00043 
   76   76    1    1    1    1    1    1    1    1  1.32307E+13 0.00046 
   77   77    1    1    1    1    1    1    1    1  1.52933E+13 0.00036 
   78   78    1    1    1    1    1    1    1    1  1.20862E+13 0.00056 
   79   79    1    1    1    1    1    1    1    1  9.52006E+12 0.00068 
   80   80    1    1    1    1    1    1    1    1  9.84836E+12 0.00055 
   81   81    1    1    1    1    1    1    1    1  7.33266E+12 0.00056 
   82   82    1    1    1    1    1    1    1    1  5.66810E+12 0.00061 
   83   83    1    1    1    1    1    1    1    1  4.35994E+12 0.00094 
   84   84    1    1    1    1    1    1    1    1  4.09020E+12 0.00089 
   85   85    1    1    1    1    1    1    1    1  2.93518E+12 0.00105 
   86   86    1    1    1    1    1    1    1    1  2.12040E+12 0.00114 
   87   87    1    1    1    1    1    1    1    1  1.98803E+12 0.00131 
   88   88    1    1    1    1    1    1    1    1  1.22663E+12 0.00171 
   89   89    1    1    1    1    1    1    1    1  8.27061E+11 0.00243 
   90   90    1    1    1    1    1    1    1    1  4.78696E+11 0.00239 
   91   91    1    1    1    1    1    1    1    1  6.07790E+11 0.00261 
   92   92    1    1    1    1    1    1    1    1  0.00000E+00 0.00000 
   93   93    1    1    1    1    1    1    1    1  0.00000E+00 0.00000 
   94   94    1    1    1    1    1    1    1    1  0.00000E+00 0.00000 
   95   95    1    1    1    1    1    1    1    1  0.00000E+00 0.00000 
   96   96    1    1    1    1    1    1    1    1  0.00000E+00 0.00000 
   97   97    1    1    1    1    1    1    1    1  0.00000E+00 0.00000 
   98   98    1    1    1    1    1    1    1    1  0.00000E+00 0.00000 
   99   99    1    1    1    1    1    1    1    1  0.00000E+00 0.00000 
  100  100    1    1    1    1    1    1    1    1  0.00000E+00 0.00000 
];


