
DETdpaspec = [
    1    1    1    1    1    1    1    1    1    1  0.00000E+00 0.00000 
    2    2    1    1    1    1    1    1    1    1  0.00000E+00 0.00000 
    3    3    1    1    1    1    1    1    1    1  0.00000E+00 0.00000 
    4    4    1    1    1    1    1    1    1    1  0.00000E+00 0.00000 
    5    5    1    1    1    1    1    1    1    1  0.00000E+00 0.00000 
    6    6    1    1    1    1    1    1    1    1  0.00000E+00 0.00000 
    7    7    1    1    1    1    1    1    1    1  0.00000E+00 0.00000 
    8    8    1    1    1    1    1    1    1    1  0.00000E+00 0.00000 
    9    9    1    1    1    1    1    1    1    1  0.00000E+00 0.00000 
   10   10    1    1    1    1    1    1    1    1  0.00000E+00 0.00000 
   11   11    1    1    1    1    1    1    1    1  0.00000E+00 0.00000 
   12   12    1    1    1    1    1    1    1    1  0.00000E+00 0.00000 
   13   13    1    1    1    1    1    1    1    1  0.00000E+00 0.00000 
   14   14    1    1    1    1    1    1    1    1  0.00000E+00 0.00000 
   15   15    1    1    1    1    1    1    1    1  0.00000E+00 0.00000 
   16   16    1    1    1    1    1    1    1    1  0.00000E+00 0.00000 
   17   17    1    1    1    1    1    1    1    1  0.00000E+00 0.00000 
   18   18    1    1    1    1    1    1    1    1  0.00000E+00 0.00000 
   19   19    1    1    1    1    1    1    1    1  1.81743E+09 0.07121 
   20   20    1    1    1    1    1    1    1    1  2.66336E+08 0.06595 
   21   21    1    1    1    1    1    1    1    1  9.41699E+08 0.05448 
   22   22    1    1    1    1    1    1    1    1  7.85736E+08 0.05167 
   23   23    1    1    1    1    1    1    1    1  1.78732E+09 0.03535 
   24   24    1    1    1    1    1    1    1    1  2.94531E+09 0.02878 
   25   25    1    1    1    1    1    1    1    1  5.51567E+09 0.02488 
   26   26    1    1    1    1    1    1    1    1  8.22470E+09 0.01258 
   27   27    1    1    1    1    1    1    1    1  1.65680E+10 0.00899 
   28   28    1    1    1    1    1    1    1    1  3.63940E+10 0.01100 
   29   29    1    1    1    1    1    1    1    1  8.98526E+10 0.00572 
   30   30    1    1    1    1    1    1    1    1  1.48724E+11 0.00537 
   31   31    1    1    1    1    1    1    1    1  3.74347E+11 0.00301 
   32   32    1    1    1    1    1    1    1    1  9.96083E+11 0.00200 
   33   33    1    1    1    1    1    1    1    1  1.61917E+12 0.00135 
   34   34    1    1    1    1    1    1    1    1  3.45934E+12 0.00126 
   35   35    1    1    1    1    1    1    1    1  4.47190E+12 0.00082 
   36   36    1    1    1    1    1    1    1    1  5.85545E+12 0.00071 
   37   37    1    1    1    1    1    1    1    1  4.21217E+12 0.00056 
   38   38    1    1    1    1    1    1    1    1  1.29083E+12 0.00065 
   39   39    1    1    1    1    1    1    1    1  6.81494E+12 0.00058 
   40   40    1    1    1    1    1    1    1    1  8.78744E+12 0.00052 
   41   41    1    1    1    1    1    1    1    1  1.49768E+13 0.00043 
   42   42    1    1    1    1    1    1    1    1  1.45597E+13 0.00039 
   43   43    1    1    1    1    1    1    1    1  2.87496E+13 0.00033 
   44   44    1    1    1    1    1    1    1    1  3.30052E+13 0.00038 
   45   45    1    1    1    1    1    1    1    1  4.48228E+13 0.00033 
   46   46    1    1    1    1    1    1    1    1  8.49256E+13 0.00020 
   47   47    1    1    1    1    1    1    1    1  4.20203E+13 0.00021 
   48   48    1    1    1    1    1    1    1    1  6.36554E+13 0.00020 
   49   49    1    1    1    1    1    1    1    1  8.88400E+13 0.00021 
   50   50    1    1    1    1    1    1    1    1  8.34056E+13 0.00023 
   51   51    1    1    1    1    1    1    1    1  1.29934E+14 0.00015 
   52   52    1    1    1    1    1    1    1    1  1.01940E+14 0.00018 
   53   53    1    1    1    1    1    1    1    1  1.19028E+14 0.00019 
   54   54    1    1    1    1    1    1    1    1  8.35678E+13 0.00019 
   55   55    1    1    1    1    1    1    1    1  1.02435E+14 0.00019 
   56   56    1    1    1    1    1    1    1    1  7.14056E+13 0.00016 
   57   57    1    1    1    1    1    1    1    1  9.75949E+12 0.00041 
   58   58    1    1    1    1    1    1    1    1  1.39954E+14 0.00016 
   59   59    1    1    1    1    1    1    1    1  6.22990E+13 0.00022 
   60   60    1    1    1    1    1    1    1    1  6.67178E+13 0.00021 
   61   61    1    1    1    1    1    1    1    1  5.25725E+13 0.00028 
   62   62    1    1    1    1    1    1    1    1  5.25447E+13 0.00017 
   63   63    1    1    1    1    1    1    1    1  5.37838E+13 0.00022 
   64   64    1    1    1    1    1    1    1    1  4.50471E+13 0.00026 
   65   65    1    1    1    1    1    1    1    1  3.55890E+13 0.00030 
   66   66    1    1    1    1    1    1    1    1  3.50908E+13 0.00036 
   67   67    1    1    1    1    1    1    1    1  2.65903E+13 0.00040 
   68   68    1    1    1    1    1    1    1    1  2.17358E+13 0.00036 
   69   69    1    1    1    1    1    1    1    1  1.93299E+13 0.00032 
   70   70    1    1    1    1    1    1    1    1  2.33558E+13 0.00039 
   71   71    1    1    1    1    1    1    1    1  1.99159E+13 0.00046 
   72   72    1    1    1    1    1    1    1    1  3.64708E+13 0.00022 
   73   73    1    1    1    1    1    1    1    1  2.60812E+13 0.00039 
   74   74    1    1    1    1    1    1    1    1  1.98817E+13 0.00039 
   75   75    1    1    1    1    1    1    1    1  1.60644E+13 0.00043 
   76   76    1    1    1    1    1    1    1    1  1.33040E+13 0.00054 
   77   77    1    1    1    1    1    1    1    1  1.53402E+13 0.00037 
   78   78    1    1    1    1    1    1    1    1  1.21083E+13 0.00049 
   79   79    1    1    1    1    1    1    1    1  9.51216E+12 0.00062 
   80   80    1    1    1    1    1    1    1    1  9.84405E+12 0.00056 
   81   81    1    1    1    1    1    1    1    1  7.34175E+12 0.00064 
   82   82    1    1    1    1    1    1    1    1  5.66354E+12 0.00059 
   83   83    1    1    1    1    1    1    1    1  4.36601E+12 0.00081 
   84   84    1    1    1    1    1    1    1    1  4.07709E+12 0.00082 
   85   85    1    1    1    1    1    1    1    1  2.93919E+12 0.00072 
   86   86    1    1    1    1    1    1    1    1  2.12621E+12 0.00139 
   87   87    1    1    1    1    1    1    1    1  1.98772E+12 0.00143 
   88   88    1    1    1    1    1    1    1    1  1.22352E+12 0.00193 
   89   89    1    1    1    1    1    1    1    1  8.26917E+11 0.00169 
   90   90    1    1    1    1    1    1    1    1  4.79317E+11 0.00301 
   91   91    1    1    1    1    1    1    1    1  6.08527E+11 0.00320 
   92   92    1    1    1    1    1    1    1    1  0.00000E+00 0.00000 
   93   93    1    1    1    1    1    1    1    1  0.00000E+00 0.00000 
   94   94    1    1    1    1    1    1    1    1  0.00000E+00 0.00000 
   95   95    1    1    1    1    1    1    1    1  0.00000E+00 0.00000 
   96   96    1    1    1    1    1    1    1    1  0.00000E+00 0.00000 
   97   97    1    1    1    1    1    1    1    1  0.00000E+00 0.00000 
   98   98    1    1    1    1    1    1    1    1  0.00000E+00 0.00000 
   99   99    1    1    1    1    1    1    1    1  0.00000E+00 0.00000 
  100  100    1    1    1    1    1    1    1    1  0.00000E+00 0.00000 
];


