
DETdpaspec = [
    1    1    1    1    1    1    1    1    1    1  0.00000E+00 0.00000 
    2    2    1    1    1    1    1    1    1    1  0.00000E+00 0.00000 
    3    3    1    1    1    1    1    1    1    1  0.00000E+00 0.00000 
    4    4    1    1    1    1    1    1    1    1  0.00000E+00 0.00000 
    5    5    1    1    1    1    1    1    1    1  0.00000E+00 0.00000 
    6    6    1    1    1    1    1    1    1    1  0.00000E+00 0.00000 
    7    7    1    1    1    1    1    1    1    1  0.00000E+00 0.00000 
    8    8    1    1    1    1    1    1    1    1  0.00000E+00 0.00000 
    9    9    1    1    1    1    1    1    1    1  0.00000E+00 0.00000 
   10   10    1    1    1    1    1    1    1    1  0.00000E+00 0.00000 
   11   11    1    1    1    1    1    1    1    1  0.00000E+00 0.00000 
   12   12    1    1    1    1    1    1    1    1  0.00000E+00 0.00000 
   13   13    1    1    1    1    1    1    1    1  0.00000E+00 0.00000 
   14   14    1    1    1    1    1    1    1    1  0.00000E+00 0.00000 
   15   15    1    1    1    1    1    1    1    1  0.00000E+00 0.00000 
   16   16    1    1    1    1    1    1    1    1  0.00000E+00 0.00000 
   17   17    1    1    1    1    1    1    1    1  0.00000E+00 0.00000 
   18   18    1    1    1    1    1    1    1    1  0.00000E+00 0.00000 
   19   19    1    1    1    1    1    1    1    1  2.37624E+09 0.04516 
   20   20    1    1    1    1    1    1    1    1  4.13303E+08 0.04861 
   21   21    1    1    1    1    1    1    1    1  1.24840E+09 0.03401 
   22   22    1    1    1    1    1    1    1    1  1.01361E+09 0.04428 
   23   23    1    1    1    1    1    1    1    1  2.50676E+09 0.02544 
   24   24    1    1    1    1    1    1    1    1  3.80663E+09 0.02184 
   25   25    1    1    1    1    1    1    1    1  6.20365E+09 0.01755 
   26   26    1    1    1    1    1    1    1    1  8.64963E+09 0.01520 
   27   27    1    1    1    1    1    1    1    1  1.64572E+10 0.01031 
   28   28    1    1    1    1    1    1    1    1  3.39067E+10 0.00953 
   29   29    1    1    1    1    1    1    1    1  7.94766E+10 0.00579 
   30   30    1    1    1    1    1    1    1    1  1.25476E+11 0.00357 
   31   31    1    1    1    1    1    1    1    1  3.38120E+11 0.00256 
   32   32    1    1    1    1    1    1    1    1  9.16778E+11 0.00230 
   33   33    1    1    1    1    1    1    1    1  1.52091E+12 0.00165 
   34   34    1    1    1    1    1    1    1    1  3.26489E+12 0.00092 
   35   35    1    1    1    1    1    1    1    1  4.17127E+12 0.00107 
   36   36    1    1    1    1    1    1    1    1  5.71423E+12 0.00092 
   37   37    1    1    1    1    1    1    1    1  4.19154E+12 0.00061 
   38   38    1    1    1    1    1    1    1    1  1.30116E+12 0.00061 
   39   39    1    1    1    1    1    1    1    1  6.79461E+12 0.00063 
   40   40    1    1    1    1    1    1    1    1  8.76827E+12 0.00047 
   41   41    1    1    1    1    1    1    1    1  1.48504E+13 0.00042 
   42   42    1    1    1    1    1    1    1    1  1.46198E+13 0.00035 
   43   43    1    1    1    1    1    1    1    1  2.86317E+13 0.00042 
   44   44    1    1    1    1    1    1    1    1  3.28575E+13 0.00030 
   45   45    1    1    1    1    1    1    1    1  4.46475E+13 0.00022 
   46   46    1    1    1    1    1    1    1    1  8.42286E+13 0.00019 
   47   47    1    1    1    1    1    1    1    1  4.19019E+13 0.00016 
   48   48    1    1    1    1    1    1    1    1  6.37862E+13 0.00022 
   49   49    1    1    1    1    1    1    1    1  8.90137E+13 0.00019 
   50   50    1    1    1    1    1    1    1    1  8.39856E+13 0.00019 
   51   51    1    1    1    1    1    1    1    1  1.30085E+14 0.00015 
   52   52    1    1    1    1    1    1    1    1  1.02971E+14 0.00019 
   53   53    1    1    1    1    1    1    1    1  1.19372E+14 0.00013 
   54   54    1    1    1    1    1    1    1    1  8.41699E+13 0.00017 
   55   55    1    1    1    1    1    1    1    1  1.02394E+14 0.00018 
   56   56    1    1    1    1    1    1    1    1  7.15855E+13 0.00014 
   57   57    1    1    1    1    1    1    1    1  9.81481E+12 0.00020 
   58   58    1    1    1    1    1    1    1    1  1.40515E+14 0.00015 
   59   59    1    1    1    1    1    1    1    1  6.19596E+13 0.00021 
   60   60    1    1    1    1    1    1    1    1  6.67084E+13 0.00017 
   61   61    1    1    1    1    1    1    1    1  5.21772E+13 0.00022 
   62   62    1    1    1    1    1    1    1    1  5.22869E+13 0.00019 
   63   63    1    1    1    1    1    1    1    1  5.34138E+13 0.00023 
   64   64    1    1    1    1    1    1    1    1  4.47406E+13 0.00030 
   65   65    1    1    1    1    1    1    1    1  3.53962E+13 0.00025 
   66   66    1    1    1    1    1    1    1    1  3.49667E+13 0.00037 
   67   67    1    1    1    1    1    1    1    1  2.64988E+13 0.00020 
   68   68    1    1    1    1    1    1    1    1  2.17159E+13 0.00033 
   69   69    1    1    1    1    1    1    1    1  1.93504E+13 0.00049 
   70   70    1    1    1    1    1    1    1    1  2.33878E+13 0.00045 
   71   71    1    1    1    1    1    1    1    1  1.99908E+13 0.00040 
   72   72    1    1    1    1    1    1    1    1  3.69463E+13 0.00040 
   73   73    1    1    1    1    1    1    1    1  2.65433E+13 0.00032 
   74   74    1    1    1    1    1    1    1    1  2.02079E+13 0.00049 
   75   75    1    1    1    1    1    1    1    1  1.62399E+13 0.00040 
   76   76    1    1    1    1    1    1    1    1  1.33617E+13 0.00063 
   77   77    1    1    1    1    1    1    1    1  1.53273E+13 0.00049 
   78   78    1    1    1    1    1    1    1    1  1.20174E+13 0.00043 
   79   79    1    1    1    1    1    1    1    1  9.40960E+12 0.00054 
   80   80    1    1    1    1    1    1    1    1  9.69814E+12 0.00070 
   81   81    1    1    1    1    1    1    1    1  7.20164E+12 0.00065 
   82   82    1    1    1    1    1    1    1    1  5.54989E+12 0.00081 
   83   83    1    1    1    1    1    1    1    1  4.26048E+12 0.00072 
   84   84    1    1    1    1    1    1    1    1  3.99568E+12 0.00080 
   85   85    1    1    1    1    1    1    1    1  2.87154E+12 0.00091 
   86   86    1    1    1    1    1    1    1    1  2.06501E+12 0.00134 
   87   87    1    1    1    1    1    1    1    1  1.93685E+12 0.00144 
   88   88    1    1    1    1    1    1    1    1  1.19814E+12 0.00148 
   89   89    1    1    1    1    1    1    1    1  8.09955E+11 0.00164 
   90   90    1    1    1    1    1    1    1    1  4.71098E+11 0.00207 
   91   91    1    1    1    1    1    1    1    1  6.00590E+11 0.00262 
   92   92    1    1    1    1    1    1    1    1  0.00000E+00 0.00000 
   93   93    1    1    1    1    1    1    1    1  0.00000E+00 0.00000 
   94   94    1    1    1    1    1    1    1    1  0.00000E+00 0.00000 
   95   95    1    1    1    1    1    1    1    1  0.00000E+00 0.00000 
   96   96    1    1    1    1    1    1    1    1  0.00000E+00 0.00000 
   97   97    1    1    1    1    1    1    1    1  0.00000E+00 0.00000 
   98   98    1    1    1    1    1    1    1    1  0.00000E+00 0.00000 
   99   99    1    1    1    1    1    1    1    1  0.00000E+00 0.00000 
  100  100    1    1    1    1    1    1    1    1  0.00000E+00 0.00000 
];


