
DETdpaspec = [
    1    1    1    1    1    1    1    1    1    1  0.00000E+00 0.00000 
    2    2    1    1    1    1    1    1    1    1  0.00000E+00 0.00000 
    3    3    1    1    1    1    1    1    1    1  0.00000E+00 0.00000 
    4    4    1    1    1    1    1    1    1    1  0.00000E+00 0.00000 
    5    5    1    1    1    1    1    1    1    1  0.00000E+00 0.00000 
    6    6    1    1    1    1    1    1    1    1  0.00000E+00 0.00000 
    7    7    1    1    1    1    1    1    1    1  0.00000E+00 0.00000 
    8    8    1    1    1    1    1    1    1    1  0.00000E+00 0.00000 
    9    9    1    1    1    1    1    1    1    1  0.00000E+00 0.00000 
   10   10    1    1    1    1    1    1    1    1  0.00000E+00 0.00000 
   11   11    1    1    1    1    1    1    1    1  0.00000E+00 0.00000 
   12   12    1    1    1    1    1    1    1    1  0.00000E+00 0.00000 
   13   13    1    1    1    1    1    1    1    1  0.00000E+00 0.00000 
   14   14    1    1    1    1    1    1    1    1  0.00000E+00 0.00000 
   15   15    1    1    1    1    1    1    1    1  0.00000E+00 0.00000 
   16   16    1    1    1    1    1    1    1    1  0.00000E+00 0.00000 
   17   17    1    1    1    1    1    1    1    1  0.00000E+00 0.00000 
   18   18    1    1    1    1    1    1    1    1  0.00000E+00 0.00000 
   19   19    1    1    1    1    1    1    1    1  2.07962E+09 0.05267 
   20   20    1    1    1    1    1    1    1    1  3.33454E+08 0.09867 
   21   21    1    1    1    1    1    1    1    1  1.09438E+09 0.06989 
   22   22    1    1    1    1    1    1    1    1  8.44699E+08 0.04501 
   23   23    1    1    1    1    1    1    1    1  1.83277E+09 0.02898 
   24   24    1    1    1    1    1    1    1    1  3.03372E+09 0.03145 
   25   25    1    1    1    1    1    1    1    1  5.50961E+09 0.02130 
   26   26    1    1    1    1    1    1    1    1  8.19393E+09 0.01741 
   27   27    1    1    1    1    1    1    1    1  1.59688E+10 0.00839 
   28   28    1    1    1    1    1    1    1    1  3.50607E+10 0.00899 
   29   29    1    1    1    1    1    1    1    1  8.65755E+10 0.00391 
   30   30    1    1    1    1    1    1    1    1  1.41677E+11 0.00445 
   31   31    1    1    1    1    1    1    1    1  3.61361E+11 0.00246 
   32   32    1    1    1    1    1    1    1    1  9.69585E+11 0.00183 
   33   33    1    1    1    1    1    1    1    1  1.58803E+12 0.00174 
   34   34    1    1    1    1    1    1    1    1  3.39778E+12 0.00095 
   35   35    1    1    1    1    1    1    1    1  4.38741E+12 0.00091 
   36   36    1    1    1    1    1    1    1    1  5.79794E+12 0.00058 
   37   37    1    1    1    1    1    1    1    1  4.19196E+12 0.00055 
   38   38    1    1    1    1    1    1    1    1  1.28698E+12 0.00039 
   39   39    1    1    1    1    1    1    1    1  6.78541E+12 0.00059 
   40   40    1    1    1    1    1    1    1    1  8.75653E+12 0.00060 
   41   41    1    1    1    1    1    1    1    1  1.49056E+13 0.00040 
   42   42    1    1    1    1    1    1    1    1  1.45357E+13 0.00041 
   43   43    1    1    1    1    1    1    1    1  2.86811E+13 0.00039 
   44   44    1    1    1    1    1    1    1    1  3.29067E+13 0.00040 
   45   45    1    1    1    1    1    1    1    1  4.47251E+13 0.00030 
   46   46    1    1    1    1    1    1    1    1  8.46799E+13 0.00023 
   47   47    1    1    1    1    1    1    1    1  4.19586E+13 0.00015 
   48   48    1    1    1    1    1    1    1    1  6.36286E+13 0.00017 
   49   49    1    1    1    1    1    1    1    1  8.88439E+13 0.00019 
   50   50    1    1    1    1    1    1    1    1  8.34959E+13 0.00021 
   51   51    1    1    1    1    1    1    1    1  1.29928E+14 0.00013 
   52   52    1    1    1    1    1    1    1    1  1.02135E+14 0.00015 
   53   53    1    1    1    1    1    1    1    1  1.19072E+14 0.00018 
   54   54    1    1    1    1    1    1    1    1  8.37014E+13 0.00017 
   55   55    1    1    1    1    1    1    1    1  1.02463E+14 0.00018 
   56   56    1    1    1    1    1    1    1    1  7.14498E+13 0.00021 
   57   57    1    1    1    1    1    1    1    1  9.76933E+12 0.00030 
   58   58    1    1    1    1    1    1    1    1  1.40141E+14 0.00021 
   59   59    1    1    1    1    1    1    1    1  6.22695E+13 0.00022 
   60   60    1    1    1    1    1    1    1    1  6.67443E+13 0.00018 
   61   61    1    1    1    1    1    1    1    1  5.25243E+13 0.00027 
   62   62    1    1    1    1    1    1    1    1  5.25191E+13 0.00026 
   63   63    1    1    1    1    1    1    1    1  5.37268E+13 0.00027 
   64   64    1    1    1    1    1    1    1    1  4.50147E+13 0.00021 
   65   65    1    1    1    1    1    1    1    1  3.55964E+13 0.00029 
   66   66    1    1    1    1    1    1    1    1  3.50960E+13 0.00025 
   67   67    1    1    1    1    1    1    1    1  2.65841E+13 0.00027 
   68   68    1    1    1    1    1    1    1    1  2.17338E+13 0.00031 
   69   69    1    1    1    1    1    1    1    1  1.93520E+13 0.00031 
   70   70    1    1    1    1    1    1    1    1  2.33821E+13 0.00044 
   71   71    1    1    1    1    1    1    1    1  1.99601E+13 0.00046 
   72   72    1    1    1    1    1    1    1    1  3.66250E+13 0.00034 
   73   73    1    1    1    1    1    1    1    1  2.62402E+13 0.00037 
   74   74    1    1    1    1    1    1    1    1  1.99676E+13 0.00044 
   75   75    1    1    1    1    1    1    1    1  1.61295E+13 0.00042 
   76   76    1    1    1    1    1    1    1    1  1.33277E+13 0.00044 
   77   77    1    1    1    1    1    1    1    1  1.53645E+13 0.00044 
   78   78    1    1    1    1    1    1    1    1  1.21020E+13 0.00041 
   79   79    1    1    1    1    1    1    1    1  9.52931E+12 0.00064 
   80   80    1    1    1    1    1    1    1    1  9.83607E+12 0.00045 
   81   81    1    1    1    1    1    1    1    1  7.31561E+12 0.00089 
   82   82    1    1    1    1    1    1    1    1  5.64261E+12 0.00080 
   83   83    1    1    1    1    1    1    1    1  4.34638E+12 0.00057 
   84   84    1    1    1    1    1    1    1    1  4.06427E+12 0.00113 
   85   85    1    1    1    1    1    1    1    1  2.93108E+12 0.00099 
   86   86    1    1    1    1    1    1    1    1  2.11501E+12 0.00119 
   87   87    1    1    1    1    1    1    1    1  1.97810E+12 0.00151 
   88   88    1    1    1    1    1    1    1    1  1.22499E+12 0.00190 
   89   89    1    1    1    1    1    1    1    1  8.26597E+11 0.00225 
   90   90    1    1    1    1    1    1    1    1  4.77648E+11 0.00260 
   91   91    1    1    1    1    1    1    1    1  6.06975E+11 0.00211 
   92   92    1    1    1    1    1    1    1    1  0.00000E+00 0.00000 
   93   93    1    1    1    1    1    1    1    1  0.00000E+00 0.00000 
   94   94    1    1    1    1    1    1    1    1  0.00000E+00 0.00000 
   95   95    1    1    1    1    1    1    1    1  0.00000E+00 0.00000 
   96   96    1    1    1    1    1    1    1    1  0.00000E+00 0.00000 
   97   97    1    1    1    1    1    1    1    1  0.00000E+00 0.00000 
   98   98    1    1    1    1    1    1    1    1  0.00000E+00 0.00000 
   99   99    1    1    1    1    1    1    1    1  0.00000E+00 0.00000 
  100  100    1    1    1    1    1    1    1    1  0.00000E+00 0.00000 
];


