
DETdpaspec = [
    1    1    1    1    1    1    1    1    1    1  0.00000E+00 0.00000 
    2    2    1    1    1    1    1    1    1    1  0.00000E+00 0.00000 
    3    3    1    1    1    1    1    1    1    1  0.00000E+00 0.00000 
    4    4    1    1    1    1    1    1    1    1  0.00000E+00 0.00000 
    5    5    1    1    1    1    1    1    1    1  0.00000E+00 0.00000 
    6    6    1    1    1    1    1    1    1    1  0.00000E+00 0.00000 
    7    7    1    1    1    1    1    1    1    1  0.00000E+00 0.00000 
    8    8    1    1    1    1    1    1    1    1  0.00000E+00 0.00000 
    9    9    1    1    1    1    1    1    1    1  0.00000E+00 0.00000 
   10   10    1    1    1    1    1    1    1    1  0.00000E+00 0.00000 
   11   11    1    1    1    1    1    1    1    1  0.00000E+00 0.00000 
   12   12    1    1    1    1    1    1    1    1  0.00000E+00 0.00000 
   13   13    1    1    1    1    1    1    1    1  0.00000E+00 0.00000 
   14   14    1    1    1    1    1    1    1    1  0.00000E+00 0.00000 
   15   15    1    1    1    1    1    1    1    1  0.00000E+00 0.00000 
   16   16    1    1    1    1    1    1    1    1  0.00000E+00 0.00000 
   17   17    1    1    1    1    1    1    1    1  0.00000E+00 0.00000 
   18   18    1    1    1    1    1    1    1    1  0.00000E+00 0.00000 
   19   19    1    1    1    1    1    1    1    1  2.65307E+09 0.03397 
   20   20    1    1    1    1    1    1    1    1  4.64581E+08 0.04092 
   21   21    1    1    1    1    1    1    1    1  1.71842E+09 0.03813 
   22   22    1    1    1    1    1    1    1    1  1.23213E+09 0.03773 
   23   23    1    1    1    1    1    1    1    1  3.20257E+09 0.02778 
   24   24    1    1    1    1    1    1    1    1  4.64127E+09 0.02034 
   25   25    1    1    1    1    1    1    1    1  7.51301E+09 0.02135 
   26   26    1    1    1    1    1    1    1    1  1.01218E+10 0.01857 
   27   27    1    1    1    1    1    1    1    1  1.81015E+10 0.01405 
   28   28    1    1    1    1    1    1    1    1  3.64985E+10 0.00794 
   29   29    1    1    1    1    1    1    1    1  8.08725E+10 0.00711 
   30   30    1    1    1    1    1    1    1    1  1.22578E+11 0.00488 
   31   31    1    1    1    1    1    1    1    1  3.41347E+11 0.00291 
   32   32    1    1    1    1    1    1    1    1  9.25737E+11 0.00164 
   33   33    1    1    1    1    1    1    1    1  1.54416E+12 0.00137 
   34   34    1    1    1    1    1    1    1    1  3.27331E+12 0.00100 
   35   35    1    1    1    1    1    1    1    1  4.12441E+12 0.00090 
   36   36    1    1    1    1    1    1    1    1  5.79125E+12 0.00076 
   37   37    1    1    1    1    1    1    1    1  4.28957E+12 0.00055 
   38   38    1    1    1    1    1    1    1    1  1.34241E+12 0.00060 
   39   39    1    1    1    1    1    1    1    1  6.94071E+12 0.00050 
   40   40    1    1    1    1    1    1    1    1  8.94055E+12 0.00055 
   41   41    1    1    1    1    1    1    1    1  1.50325E+13 0.00052 
   42   42    1    1    1    1    1    1    1    1  1.49175E+13 0.00042 
   43   43    1    1    1    1    1    1    1    1  2.89818E+13 0.00037 
   44   44    1    1    1    1    1    1    1    1  3.31843E+13 0.00033 
   45   45    1    1    1    1    1    1    1    1  4.50322E+13 0.00019 
   46   46    1    1    1    1    1    1    1    1  8.44105E+13 0.00024 
   47   47    1    1    1    1    1    1    1    1  4.20664E+13 0.00017 
   48   48    1    1    1    1    1    1    1    1  6.41994E+13 0.00014 
   49   49    1    1    1    1    1    1    1    1  8.94532E+13 0.00017 
   50   50    1    1    1    1    1    1    1    1  8.46398E+13 0.00012 
   51   51    1    1    1    1    1    1    1    1  1.30391E+14 0.00017 
   52   52    1    1    1    1    1    1    1    1  1.03768E+14 0.00016 
   53   53    1    1    1    1    1    1    1    1  1.19538E+14 0.00012 
   54   54    1    1    1    1    1    1    1    1  8.45057E+13 0.00016 
   55   55    1    1    1    1    1    1    1    1  1.02141E+14 0.00013 
   56   56    1    1    1    1    1    1    1    1  7.15821E+13 0.00025 
   57   57    1    1    1    1    1    1    1    1  9.82669E+12 0.00042 
   58   58    1    1    1    1    1    1    1    1  1.40581E+14 0.00020 
   59   59    1    1    1    1    1    1    1    1  6.15224E+13 0.00023 
   60   60    1    1    1    1    1    1    1    1  6.64048E+13 0.00017 
   61   61    1    1    1    1    1    1    1    1  5.17217E+13 0.00018 
   62   62    1    1    1    1    1    1    1    1  5.18627E+13 0.00019 
   63   63    1    1    1    1    1    1    1    1  5.29525E+13 0.00024 
   64   64    1    1    1    1    1    1    1    1  4.42689E+13 0.00024 
   65   65    1    1    1    1    1    1    1    1  3.50631E+13 0.00037 
   66   66    1    1    1    1    1    1    1    1  3.46598E+13 0.00028 
   67   67    1    1    1    1    1    1    1    1  2.62652E+13 0.00028 
   68   68    1    1    1    1    1    1    1    1  2.15615E+13 0.00031 
   69   69    1    1    1    1    1    1    1    1  1.92220E+13 0.00030 
   70   70    1    1    1    1    1    1    1    1  2.32474E+13 0.00029 
   71   71    1    1    1    1    1    1    1    1  1.99048E+13 0.00040 
   72   72    1    1    1    1    1    1    1    1  3.70095E+13 0.00040 
   73   73    1    1    1    1    1    1    1    1  2.66399E+13 0.00039 
   74   74    1    1    1    1    1    1    1    1  2.02695E+13 0.00041 
   75   75    1    1    1    1    1    1    1    1  1.62061E+13 0.00035 
   76   76    1    1    1    1    1    1    1    1  1.32707E+13 0.00066 
   77   77    1    1    1    1    1    1    1    1  1.51749E+13 0.00061 
   78   78    1    1    1    1    1    1    1    1  1.18388E+13 0.00050 
   79   79    1    1    1    1    1    1    1    1  9.22279E+12 0.00058 
   80   80    1    1    1    1    1    1    1    1  9.48481E+12 0.00051 
   81   81    1    1    1    1    1    1    1    1  7.02753E+12 0.00075 
   82   82    1    1    1    1    1    1    1    1  5.40660E+12 0.00086 
   83   83    1    1    1    1    1    1    1    1  4.15682E+12 0.00085 
   84   84    1    1    1    1    1    1    1    1  3.88736E+12 0.00102 
   85   85    1    1    1    1    1    1    1    1  2.79130E+12 0.00135 
   86   86    1    1    1    1    1    1    1    1  2.01856E+12 0.00102 
   87   87    1    1    1    1    1    1    1    1  1.88280E+12 0.00128 
   88   88    1    1    1    1    1    1    1    1  1.16909E+12 0.00149 
   89   89    1    1    1    1    1    1    1    1  7.91059E+11 0.00186 
   90   90    1    1    1    1    1    1    1    1  4.57449E+11 0.00297 
   91   91    1    1    1    1    1    1    1    1  5.84080E+11 0.00264 
   92   92    1    1    1    1    1    1    1    1  0.00000E+00 0.00000 
   93   93    1    1    1    1    1    1    1    1  0.00000E+00 0.00000 
   94   94    1    1    1    1    1    1    1    1  0.00000E+00 0.00000 
   95   95    1    1    1    1    1    1    1    1  0.00000E+00 0.00000 
   96   96    1    1    1    1    1    1    1    1  0.00000E+00 0.00000 
   97   97    1    1    1    1    1    1    1    1  0.00000E+00 0.00000 
   98   98    1    1    1    1    1    1    1    1  0.00000E+00 0.00000 
   99   99    1    1    1    1    1    1    1    1  0.00000E+00 0.00000 
  100  100    1    1    1    1    1    1    1    1  0.00000E+00 0.00000 
];


