
DETdpaspec = [
    1    1    1    1    1    1    1    1    1    1  0.00000E+00 0.00000 
    2    2    1    1    1    1    1    1    1    1  0.00000E+00 0.00000 
    3    3    1    1    1    1    1    1    1    1  0.00000E+00 0.00000 
    4    4    1    1    1    1    1    1    1    1  0.00000E+00 0.00000 
    5    5    1    1    1    1    1    1    1    1  0.00000E+00 0.00000 
    6    6    1    1    1    1    1    1    1    1  0.00000E+00 0.00000 
    7    7    1    1    1    1    1    1    1    1  0.00000E+00 0.00000 
    8    8    1    1    1    1    1    1    1    1  0.00000E+00 0.00000 
    9    9    1    1    1    1    1    1    1    1  0.00000E+00 0.00000 
   10   10    1    1    1    1    1    1    1    1  0.00000E+00 0.00000 
   11   11    1    1    1    1    1    1    1    1  0.00000E+00 0.00000 
   12   12    1    1    1    1    1    1    1    1  0.00000E+00 0.00000 
   13   13    1    1    1    1    1    1    1    1  0.00000E+00 0.00000 
   14   14    1    1    1    1    1    1    1    1  0.00000E+00 0.00000 
   15   15    1    1    1    1    1    1    1    1  0.00000E+00 0.00000 
   16   16    1    1    1    1    1    1    1    1  0.00000E+00 0.00000 
   17   17    1    1    1    1    1    1    1    1  0.00000E+00 0.00000 
   18   18    1    1    1    1    1    1    1    1  0.00000E+00 0.00000 
   19   19    1    1    1    1    1    1    1    1  1.34758E+09 0.12765 
   20   20    1    1    1    1    1    1    1    1  1.82329E+08 0.10222 
   21   21    1    1    1    1    1    1    1    1  5.87415E+08 0.08626 
   22   22    1    1    1    1    1    1    1    1  6.26593E+08 0.05265 
   23   23    1    1    1    1    1    1    1    1  1.92095E+09 0.02935 
   24   24    1    1    1    1    1    1    1    1  7.61841E+09 0.02235 
   25   25    1    1    1    1    1    1    1    1  2.35581E+10 0.01353 
   26   26    1    1    1    1    1    1    1    1  4.17074E+10 0.00982 
   27   27    1    1    1    1    1    1    1    1  8.93385E+10 0.00566 
   28   28    1    1    1    1    1    1    1    1  1.80209E+11 0.00484 
   29   29    1    1    1    1    1    1    1    1  3.77294E+11 0.00333 
   30   30    1    1    1    1    1    1    1    1  5.86323E+11 0.00259 
   31   31    1    1    1    1    1    1    1    1  1.11943E+12 0.00203 
   32   32    1    1    1    1    1    1    1    1  2.36459E+12 0.00168 
   33   33    1    1    1    1    1    1    1    1  3.33933E+12 0.00152 
   34   34    1    1    1    1    1    1    1    1  6.35041E+12 0.00075 
   35   35    1    1    1    1    1    1    1    1  7.74476E+12 0.00059 
   36   36    1    1    1    1    1    1    1    1  8.58172E+12 0.00063 
   37   37    1    1    1    1    1    1    1    1  5.66233E+12 0.00060 
   38   38    1    1    1    1    1    1    1    1  1.66540E+12 0.00052 
   39   39    1    1    1    1    1    1    1    1  8.90316E+12 0.00053 
   40   40    1    1    1    1    1    1    1    1  1.12555E+13 0.00038 
   41   41    1    1    1    1    1    1    1    1  1.89355E+13 0.00036 
   42   42    1    1    1    1    1    1    1    1  1.75714E+13 0.00035 
   43   43    1    1    1    1    1    1    1    1  3.45946E+13 0.00033 
   44   44    1    1    1    1    1    1    1    1  3.88809E+13 0.00027 
   45   45    1    1    1    1    1    1    1    1  5.16840E+13 0.00029 
   46   46    1    1    1    1    1    1    1    1  9.58271E+13 0.00022 
   47   47    1    1    1    1    1    1    1    1  4.57698E+13 0.00016 
   48   48    1    1    1    1    1    1    1    1  6.80070E+13 0.00018 
   49   49    1    1    1    1    1    1    1    1  9.31897E+13 0.00020 
   50   50    1    1    1    1    1    1    1    1  8.55278E+13 0.00021 
   51   51    1    1    1    1    1    1    1    1  1.32410E+14 0.00013 
   52   52    1    1    1    1    1    1    1    1  1.00677E+14 0.00013 
   53   53    1    1    1    1    1    1    1    1  1.17697E+14 0.00014 
   54   54    1    1    1    1    1    1    1    1  8.11361E+13 0.00020 
   55   55    1    1    1    1    1    1    1    1  9.99354E+13 0.00018 
   56   56    1    1    1    1    1    1    1    1  6.87892E+13 0.00020 
   57   57    1    1    1    1    1    1    1    1  9.32070E+12 0.00037 
   58   58    1    1    1    1    1    1    1    1  1.33302E+14 0.00012 
   59   59    1    1    1    1    1    1    1    1  5.99193E+13 0.00013 
   60   60    1    1    1    1    1    1    1    1  6.32226E+13 0.00020 
   61   61    1    1    1    1    1    1    1    1  5.01132E+13 0.00015 
   62   62    1    1    1    1    1    1    1    1  4.97361E+13 0.00025 
   63   63    1    1    1    1    1    1    1    1  5.07000E+13 0.00025 
   64   64    1    1    1    1    1    1    1    1  4.22845E+13 0.00020 
   65   65    1    1    1    1    1    1    1    1  3.31646E+13 0.00020 
   66   66    1    1    1    1    1    1    1    1  3.24551E+13 0.00029 
   67   67    1    1    1    1    1    1    1    1  2.44110E+13 0.00034 
   68   68    1    1    1    1    1    1    1    1  1.97473E+13 0.00034 
   69   69    1    1    1    1    1    1    1    1  1.74663E+13 0.00038 
   70   70    1    1    1    1    1    1    1    1  2.10139E+13 0.00050 
   71   71    1    1    1    1    1    1    1    1  1.77773E+13 0.00039 
   72   72    1    1    1    1    1    1    1    1  3.17964E+13 0.00028 
   73   73    1    1    1    1    1    1    1    1  2.24223E+13 0.00037 
   74   74    1    1    1    1    1    1    1    1  1.70083E+13 0.00047 
   75   75    1    1    1    1    1    1    1    1  1.38335E+13 0.00047 
   76   76    1    1    1    1    1    1    1    1  1.15574E+13 0.00061 
   77   77    1    1    1    1    1    1    1    1  1.34443E+13 0.00049 
   78   78    1    1    1    1    1    1    1    1  1.06969E+13 0.00058 
   79   79    1    1    1    1    1    1    1    1  8.48788E+12 0.00050 
   80   80    1    1    1    1    1    1    1    1  8.82189E+12 0.00056 
   81   81    1    1    1    1    1    1    1    1  6.57619E+12 0.00052 
   82   82    1    1    1    1    1    1    1    1  5.09242E+12 0.00068 
   83   83    1    1    1    1    1    1    1    1  3.92370E+12 0.00057 
   84   84    1    1    1    1    1    1    1    1  3.65896E+12 0.00085 
   85   85    1    1    1    1    1    1    1    1  2.64248E+12 0.00091 
   86   86    1    1    1    1    1    1    1    1  1.91334E+12 0.00136 
   87   87    1    1    1    1    1    1    1    1  1.78026E+12 0.00109 
   88   88    1    1    1    1    1    1    1    1  1.09196E+12 0.00210 
   89   89    1    1    1    1    1    1    1    1  7.35017E+11 0.00176 
   90   90    1    1    1    1    1    1    1    1  4.22804E+11 0.00283 
   91   91    1    1    1    1    1    1    1    1  5.29711E+11 0.00302 
   92   92    1    1    1    1    1    1    1    1  0.00000E+00 0.00000 
   93   93    1    1    1    1    1    1    1    1  0.00000E+00 0.00000 
   94   94    1    1    1    1    1    1    1    1  0.00000E+00 0.00000 
   95   95    1    1    1    1    1    1    1    1  0.00000E+00 0.00000 
   96   96    1    1    1    1    1    1    1    1  0.00000E+00 0.00000 
   97   97    1    1    1    1    1    1    1    1  0.00000E+00 0.00000 
   98   98    1    1    1    1    1    1    1    1  0.00000E+00 0.00000 
   99   99    1    1    1    1    1    1    1    1  0.00000E+00 0.00000 
  100  100    1    1    1    1    1    1    1    1  0.00000E+00 0.00000 
];


