
DETdpaspec = [
    1    1    1    1    1    1    1    1    1    1  0.00000E+00 0.00000 
    2    2    1    1    1    1    1    1    1    1  0.00000E+00 0.00000 
    3    3    1    1    1    1    1    1    1    1  0.00000E+00 0.00000 
    4    4    1    1    1    1    1    1    1    1  0.00000E+00 0.00000 
    5    5    1    1    1    1    1    1    1    1  0.00000E+00 0.00000 
    6    6    1    1    1    1    1    1    1    1  0.00000E+00 0.00000 
    7    7    1    1    1    1    1    1    1    1  0.00000E+00 0.00000 
    8    8    1    1    1    1    1    1    1    1  0.00000E+00 0.00000 
    9    9    1    1    1    1    1    1    1    1  0.00000E+00 0.00000 
   10   10    1    1    1    1    1    1    1    1  0.00000E+00 0.00000 
   11   11    1    1    1    1    1    1    1    1  0.00000E+00 0.00000 
   12   12    1    1    1    1    1    1    1    1  0.00000E+00 0.00000 
   13   13    1    1    1    1    1    1    1    1  0.00000E+00 0.00000 
   14   14    1    1    1    1    1    1    1    1  0.00000E+00 0.00000 
   15   15    1    1    1    1    1    1    1    1  0.00000E+00 0.00000 
   16   16    1    1    1    1    1    1    1    1  0.00000E+00 0.00000 
   17   17    1    1    1    1    1    1    1    1  0.00000E+00 0.00000 
   18   18    1    1    1    1    1    1    1    1  0.00000E+00 0.00000 
   19   19    1    1    1    1    1    1    1    1  2.14494E+09 0.04861 
   20   20    1    1    1    1    1    1    1    1  3.67822E+08 0.06131 
   21   21    1    1    1    1    1    1    1    1  1.21383E+09 0.04886 
   22   22    1    1    1    1    1    1    1    1  9.30955E+08 0.05475 
   23   23    1    1    1    1    1    1    1    1  2.15799E+09 0.03525 
   24   24    1    1    1    1    1    1    1    1  3.48369E+09 0.03273 
   25   25    1    1    1    1    1    1    1    1  5.81446E+09 0.02090 
   26   26    1    1    1    1    1    1    1    1  8.30137E+09 0.01872 
   27   27    1    1    1    1    1    1    1    1  1.60197E+10 0.01359 
   28   28    1    1    1    1    1    1    1    1  3.36877E+10 0.01033 
   29   29    1    1    1    1    1    1    1    1  8.02403E+10 0.00557 
   30   30    1    1    1    1    1    1    1    1  1.28942E+11 0.00413 
   31   31    1    1    1    1    1    1    1    1  3.41373E+11 0.00345 
   32   32    1    1    1    1    1    1    1    1  9.27796E+11 0.00198 
   33   33    1    1    1    1    1    1    1    1  1.53725E+12 0.00134 
   34   34    1    1    1    1    1    1    1    1  3.29388E+12 0.00068 
   35   35    1    1    1    1    1    1    1    1  4.22794E+12 0.00070 
   36   36    1    1    1    1    1    1    1    1  5.71840E+12 0.00054 
   37   37    1    1    1    1    1    1    1    1  4.17963E+12 0.00060 
   38   38    1    1    1    1    1    1    1    1  1.29346E+12 0.00054 
   39   39    1    1    1    1    1    1    1    1  6.77108E+12 0.00048 
   40   40    1    1    1    1    1    1    1    1  8.73782E+12 0.00055 
   41   41    1    1    1    1    1    1    1    1  1.48238E+13 0.00044 
   42   42    1    1    1    1    1    1    1    1  1.45503E+13 0.00036 
   43   43    1    1    1    1    1    1    1    1  2.85966E+13 0.00036 
   44   44    1    1    1    1    1    1    1    1  3.28257E+13 0.00031 
   45   45    1    1    1    1    1    1    1    1  4.46248E+13 0.00022 
   46   46    1    1    1    1    1    1    1    1  8.43009E+13 0.00022 
   47   47    1    1    1    1    1    1    1    1  4.18954E+13 0.00016 
   48   48    1    1    1    1    1    1    1    1  6.36828E+13 0.00019 
   49   49    1    1    1    1    1    1    1    1  8.89078E+13 0.00019 
   50   50    1    1    1    1    1    1    1    1  8.37734E+13 0.00018 
   51   51    1    1    1    1    1    1    1    1  1.29968E+14 0.00018 
   52   52    1    1    1    1    1    1    1    1  1.02618E+14 0.00015 
   53   53    1    1    1    1    1    1    1    1  1.19251E+14 0.00018 
   54   54    1    1    1    1    1    1    1    1  8.39886E+13 0.00025 
   55   55    1    1    1    1    1    1    1    1  1.02447E+14 0.00016 
   56   56    1    1    1    1    1    1    1    1  7.15506E+13 0.00022 
   57   57    1    1    1    1    1    1    1    1  9.79668E+12 0.00037 
   58   58    1    1    1    1    1    1    1    1  1.40408E+14 0.00018 
   59   59    1    1    1    1    1    1    1    1  6.21131E+13 0.00020 
   60   60    1    1    1    1    1    1    1    1  6.67556E+13 0.00024 
   61   61    1    1    1    1    1    1    1    1  5.23299E+13 0.00020 
   62   62    1    1    1    1    1    1    1    1  5.23891E+13 0.00019 
   63   63    1    1    1    1    1    1    1    1  5.35869E+13 0.00028 
   64   64    1    1    1    1    1    1    1    1  4.48762E+13 0.00027 
   65   65    1    1    1    1    1    1    1    1  3.55111E+13 0.00030 
   66   66    1    1    1    1    1    1    1    1  3.50482E+13 0.00031 
   67   67    1    1    1    1    1    1    1    1  2.65581E+13 0.00028 
   68   68    1    1    1    1    1    1    1    1  2.17468E+13 0.00034 
   69   69    1    1    1    1    1    1    1    1  1.93644E+13 0.00044 
   70   70    1    1    1    1    1    1    1    1  2.34179E+13 0.00031 
   71   71    1    1    1    1    1    1    1    1  2.00039E+13 0.00042 
   72   72    1    1    1    1    1    1    1    1  3.68819E+13 0.00029 
   73   73    1    1    1    1    1    1    1    1  2.64432E+13 0.00040 
   74   74    1    1    1    1    1    1    1    1  2.01458E+13 0.00053 
   75   75    1    1    1    1    1    1    1    1  1.62200E+13 0.00046 
   76   76    1    1    1    1    1    1    1    1  1.33734E+13 0.00048 
   77   77    1    1    1    1    1    1    1    1  1.53783E+13 0.00044 
   78   78    1    1    1    1    1    1    1    1  1.20716E+13 0.00037 
   79   79    1    1    1    1    1    1    1    1  9.46052E+12 0.00056 
   80   80    1    1    1    1    1    1    1    1  9.77360E+12 0.00038 
   81   81    1    1    1    1    1    1    1    1  7.24563E+12 0.00065 
   82   82    1    1    1    1    1    1    1    1  5.59772E+12 0.00074 
   83   83    1    1    1    1    1    1    1    1  4.31223E+12 0.00086 
   84   84    1    1    1    1    1    1    1    1  4.02446E+12 0.00103 
   85   85    1    1    1    1    1    1    1    1  2.89976E+12 0.00084 
   86   86    1    1    1    1    1    1    1    1  2.08853E+12 0.00149 
   87   87    1    1    1    1    1    1    1    1  1.95747E+12 0.00117 
   88   88    1    1    1    1    1    1    1    1  1.20645E+12 0.00144 
   89   89    1    1    1    1    1    1    1    1  8.18267E+11 0.00251 
   90   90    1    1    1    1    1    1    1    1  4.74350E+11 0.00268 
   91   91    1    1    1    1    1    1    1    1  6.04562E+11 0.00256 
   92   92    1    1    1    1    1    1    1    1  0.00000E+00 0.00000 
   93   93    1    1    1    1    1    1    1    1  0.00000E+00 0.00000 
   94   94    1    1    1    1    1    1    1    1  0.00000E+00 0.00000 
   95   95    1    1    1    1    1    1    1    1  0.00000E+00 0.00000 
   96   96    1    1    1    1    1    1    1    1  0.00000E+00 0.00000 
   97   97    1    1    1    1    1    1    1    1  0.00000E+00 0.00000 
   98   98    1    1    1    1    1    1    1    1  0.00000E+00 0.00000 
   99   99    1    1    1    1    1    1    1    1  0.00000E+00 0.00000 
  100  100    1    1    1    1    1    1    1    1  0.00000E+00 0.00000 
];


