
DETdpaspec = [
    1    1    1    1    1    1    1    1    1    1  0.00000E+00 0.00000 
    2    2    1    1    1    1    1    1    1    1  0.00000E+00 0.00000 
    3    3    1    1    1    1    1    1    1    1  0.00000E+00 0.00000 
    4    4    1    1    1    1    1    1    1    1  0.00000E+00 0.00000 
    5    5    1    1    1    1    1    1    1    1  0.00000E+00 0.00000 
    6    6    1    1    1    1    1    1    1    1  0.00000E+00 0.00000 
    7    7    1    1    1    1    1    1    1    1  0.00000E+00 0.00000 
    8    8    1    1    1    1    1    1    1    1  0.00000E+00 0.00000 
    9    9    1    1    1    1    1    1    1    1  0.00000E+00 0.00000 
   10   10    1    1    1    1    1    1    1    1  0.00000E+00 0.00000 
   11   11    1    1    1    1    1    1    1    1  0.00000E+00 0.00000 
   12   12    1    1    1    1    1    1    1    1  0.00000E+00 0.00000 
   13   13    1    1    1    1    1    1    1    1  0.00000E+00 0.00000 
   14   14    1    1    1    1    1    1    1    1  0.00000E+00 0.00000 
   15   15    1    1    1    1    1    1    1    1  0.00000E+00 0.00000 
   16   16    1    1    1    1    1    1    1    1  0.00000E+00 0.00000 
   17   17    1    1    1    1    1    1    1    1  0.00000E+00 0.00000 
   18   18    1    1    1    1    1    1    1    1  0.00000E+00 0.00000 
   19   19    1    1    1    1    1    1    1    1  2.70263E+09 0.04909 
   20   20    1    1    1    1    1    1    1    1  5.09073E+08 0.06530 
   21   21    1    1    1    1    1    1    1    1  1.62155E+09 0.04764 
   22   22    1    1    1    1    1    1    1    1  1.31879E+09 0.03435 
   23   23    1    1    1    1    1    1    1    1  3.22416E+09 0.02932 
   24   24    1    1    1    1    1    1    1    1  4.76614E+09 0.01947 
   25   25    1    1    1    1    1    1    1    1  7.70473E+09 0.02124 
   26   26    1    1    1    1    1    1    1    1  1.01669E+10 0.01089 
   27   27    1    1    1    1    1    1    1    1  1.87085E+10 0.01239 
   28   28    1    1    1    1    1    1    1    1  3.77292E+10 0.00825 
   29   29    1    1    1    1    1    1    1    1  8.26320E+10 0.00537 
   30   30    1    1    1    1    1    1    1    1  1.23365E+11 0.00344 
   31   31    1    1    1    1    1    1    1    1  3.44701E+11 0.00299 
   32   32    1    1    1    1    1    1    1    1  9.33392E+11 0.00214 
   33   33    1    1    1    1    1    1    1    1  1.54983E+12 0.00161 
   34   34    1    1    1    1    1    1    1    1  3.28569E+12 0.00107 
   35   35    1    1    1    1    1    1    1    1  4.13057E+12 0.00084 
   36   36    1    1    1    1    1    1    1    1  5.82230E+12 0.00053 
   37   37    1    1    1    1    1    1    1    1  4.31266E+12 0.00056 
   38   38    1    1    1    1    1    1    1    1  1.35195E+12 0.00055 
   39   39    1    1    1    1    1    1    1    1  6.97304E+12 0.00043 
   40   40    1    1    1    1    1    1    1    1  8.98342E+12 0.00043 
   41   41    1    1    1    1    1    1    1    1  1.50915E+13 0.00036 
   42   42    1    1    1    1    1    1    1    1  1.49839E+13 0.00037 
   43   43    1    1    1    1    1    1    1    1  2.90633E+13 0.00028 
   44   44    1    1    1    1    1    1    1    1  3.32496E+13 0.00025 
   45   45    1    1    1    1    1    1    1    1  4.50660E+13 0.00031 
   46   46    1    1    1    1    1    1    1    1  8.44245E+13 0.00020 
   47   47    1    1    1    1    1    1    1    1  4.21087E+13 0.00016 
   48   48    1    1    1    1    1    1    1    1  6.42678E+13 0.00019 
   49   49    1    1    1    1    1    1    1    1  8.95370E+13 0.00019 
   50   50    1    1    1    1    1    1    1    1  8.47446E+13 0.00015 
   51   51    1    1    1    1    1    1    1    1  1.30464E+14 0.00015 
   52   52    1    1    1    1    1    1    1    1  1.03866E+14 0.00015 
   53   53    1    1    1    1    1    1    1    1  1.19550E+14 0.00014 
   54   54    1    1    1    1    1    1    1    1  8.45479E+13 0.00020 
   55   55    1    1    1    1    1    1    1    1  1.02121E+14 0.00017 
   56   56    1    1    1    1    1    1    1    1  7.15538E+13 0.00016 
   57   57    1    1    1    1    1    1    1    1  9.83152E+12 0.00038 
   58   58    1    1    1    1    1    1    1    1  1.40559E+14 0.00014 
   59   59    1    1    1    1    1    1    1    1  6.14616E+13 0.00020 
   60   60    1    1    1    1    1    1    1    1  6.63606E+13 0.00017 
   61   61    1    1    1    1    1    1    1    1  5.16497E+13 0.00019 
   62   62    1    1    1    1    1    1    1    1  5.18094E+13 0.00017 
   63   63    1    1    1    1    1    1    1    1  5.28741E+13 0.00018 
   64   64    1    1    1    1    1    1    1    1  4.42092E+13 0.00020 
   65   65    1    1    1    1    1    1    1    1  3.50195E+13 0.00039 
   66   66    1    1    1    1    1    1    1    1  3.45825E+13 0.00029 
   67   67    1    1    1    1    1    1    1    1  2.62016E+13 0.00029 
   68   68    1    1    1    1    1    1    1    1  2.15281E+13 0.00029 
   69   69    1    1    1    1    1    1    1    1  1.92054E+13 0.00024 
   70   70    1    1    1    1    1    1    1    1  2.32291E+13 0.00038 
   71   71    1    1    1    1    1    1    1    1  1.98952E+13 0.00040 
   72   72    1    1    1    1    1    1    1    1  3.70095E+13 0.00034 
   73   73    1    1    1    1    1    1    1    1  2.66361E+13 0.00033 
   74   74    1    1    1    1    1    1    1    1  2.02602E+13 0.00044 
   75   75    1    1    1    1    1    1    1    1  1.62123E+13 0.00041 
   76   76    1    1    1    1    1    1    1    1  1.32478E+13 0.00045 
   77   77    1    1    1    1    1    1    1    1  1.51505E+13 0.00044 
   78   78    1    1    1    1    1    1    1    1  1.17961E+13 0.00046 
   79   79    1    1    1    1    1    1    1    1  9.19424E+12 0.00048 
   80   80    1    1    1    1    1    1    1    1  9.44926E+12 0.00045 
   81   81    1    1    1    1    1    1    1    1  6.98698E+12 0.00067 
   82   82    1    1    1    1    1    1    1    1  5.37978E+12 0.00068 
   83   83    1    1    1    1    1    1    1    1  4.13813E+12 0.00087 
   84   84    1    1    1    1    1    1    1    1  3.86753E+12 0.00084 
   85   85    1    1    1    1    1    1    1    1  2.77340E+12 0.00119 
   86   86    1    1    1    1    1    1    1    1  2.00423E+12 0.00116 
   87   87    1    1    1    1    1    1    1    1  1.86980E+12 0.00147 
   88   88    1    1    1    1    1    1    1    1  1.16210E+12 0.00163 
   89   89    1    1    1    1    1    1    1    1  7.84769E+11 0.00158 
   90   90    1    1    1    1    1    1    1    1  4.55595E+11 0.00249 
   91   91    1    1    1    1    1    1    1    1  5.83257E+11 0.00270 
   92   92    1    1    1    1    1    1    1    1  0.00000E+00 0.00000 
   93   93    1    1    1    1    1    1    1    1  0.00000E+00 0.00000 
   94   94    1    1    1    1    1    1    1    1  0.00000E+00 0.00000 
   95   95    1    1    1    1    1    1    1    1  0.00000E+00 0.00000 
   96   96    1    1    1    1    1    1    1    1  0.00000E+00 0.00000 
   97   97    1    1    1    1    1    1    1    1  0.00000E+00 0.00000 
   98   98    1    1    1    1    1    1    1    1  0.00000E+00 0.00000 
   99   99    1    1    1    1    1    1    1    1  0.00000E+00 0.00000 
  100  100    1    1    1    1    1    1    1    1  0.00000E+00 0.00000 
];


