
DETdpaspec = [
    1    1    1    1    1    1    1    1    1    1  0.00000E+00 0.00000 
    2    2    1    1    1    1    1    1    1    1  0.00000E+00 0.00000 
    3    3    1    1    1    1    1    1    1    1  0.00000E+00 0.00000 
    4    4    1    1    1    1    1    1    1    1  0.00000E+00 0.00000 
    5    5    1    1    1    1    1    1    1    1  0.00000E+00 0.00000 
    6    6    1    1    1    1    1    1    1    1  0.00000E+00 0.00000 
    7    7    1    1    1    1    1    1    1    1  0.00000E+00 0.00000 
    8    8    1    1    1    1    1    1    1    1  0.00000E+00 0.00000 
    9    9    1    1    1    1    1    1    1    1  0.00000E+00 0.00000 
   10   10    1    1    1    1    1    1    1    1  0.00000E+00 0.00000 
   11   11    1    1    1    1    1    1    1    1  0.00000E+00 0.00000 
   12   12    1    1    1    1    1    1    1    1  0.00000E+00 0.00000 
   13   13    1    1    1    1    1    1    1    1  0.00000E+00 0.00000 
   14   14    1    1    1    1    1    1    1    1  0.00000E+00 0.00000 
   15   15    1    1    1    1    1    1    1    1  0.00000E+00 0.00000 
   16   16    1    1    1    1    1    1    1    1  0.00000E+00 0.00000 
   17   17    1    1    1    1    1    1    1    1  0.00000E+00 0.00000 
   18   18    1    1    1    1    1    1    1    1  0.00000E+00 0.00000 
   19   19    1    1    1    1    1    1    1    1  1.89776E+09 0.07543 
   20   20    1    1    1    1    1    1    1    1  2.31967E+08 0.08981 
   21   21    1    1    1    1    1    1    1    1  7.96253E+08 0.05624 
   22   22    1    1    1    1    1    1    1    1  7.49596E+08 0.04985 
   23   23    1    1    1    1    1    1    1    1  1.57714E+09 0.04211 
   24   24    1    1    1    1    1    1    1    1  2.82343E+09 0.03005 
   25   25    1    1    1    1    1    1    1    1  5.98469E+09 0.02406 
   26   26    1    1    1    1    1    1    1    1  9.89618E+09 0.01634 
   27   27    1    1    1    1    1    1    1    1  2.13856E+10 0.00957 
   28   28    1    1    1    1    1    1    1    1  4.87381E+10 0.00672 
   29   29    1    1    1    1    1    1    1    1  1.20927E+11 0.00588 
   30   30    1    1    1    1    1    1    1    1  2.03075E+11 0.00267 
   31   31    1    1    1    1    1    1    1    1  4.69762E+11 0.00284 
   32   32    1    1    1    1    1    1    1    1  1.19769E+12 0.00169 
   33   33    1    1    1    1    1    1    1    1  1.88269E+12 0.00169 
   34   34    1    1    1    1    1    1    1    1  3.94090E+12 0.00114 
   35   35    1    1    1    1    1    1    1    1  5.09130E+12 0.00089 
   36   36    1    1    1    1    1    1    1    1  6.33165E+12 0.00073 
   37   37    1    1    1    1    1    1    1    1  4.44815E+12 0.00065 
   38   38    1    1    1    1    1    1    1    1  1.34370E+12 0.00053 
   39   39    1    1    1    1    1    1    1    1  7.14833E+12 0.00066 
   40   40    1    1    1    1    1    1    1    1  9.19397E+12 0.00057 
   41   41    1    1    1    1    1    1    1    1  1.56652E+13 0.00048 
   42   42    1    1    1    1    1    1    1    1  1.50164E+13 0.00052 
   43   43    1    1    1    1    1    1    1    1  2.97365E+13 0.00045 
   44   44    1    1    1    1    1    1    1    1  3.39816E+13 0.00037 
   45   45    1    1    1    1    1    1    1    1  4.60165E+13 0.00034 
   46   46    1    1    1    1    1    1    1    1  8.70123E+13 0.00021 
   47   47    1    1    1    1    1    1    1    1  4.26882E+13 0.00022 
   48   48    1    1    1    1    1    1    1    1  6.43190E+13 0.00018 
   49   49    1    1    1    1    1    1    1    1  8.95049E+13 0.00020 
   50   50    1    1    1    1    1    1    1    1  8.35017E+13 0.00021 
   51   51    1    1    1    1    1    1    1    1  1.30277E+14 0.00014 
   52   52    1    1    1    1    1    1    1    1  1.01271E+14 0.00019 
   53   53    1    1    1    1    1    1    1    1  1.18688E+14 0.00017 
   54   54    1    1    1    1    1    1    1    1  8.29491E+13 0.00021 
   55   55    1    1    1    1    1    1    1    1  1.02089E+14 0.00016 
   56   56    1    1    1    1    1    1    1    1  7.09191E+13 0.00016 
   57   57    1    1    1    1    1    1    1    1  9.66775E+12 0.00037 
   58   58    1    1    1    1    1    1    1    1  1.38680E+14 0.00013 
   59   59    1    1    1    1    1    1    1    1  6.21459E+13 0.00023 
   60   60    1    1    1    1    1    1    1    1  6.62101E+13 0.00018 
   61   61    1    1    1    1    1    1    1    1  5.23632E+13 0.00015 
   62   62    1    1    1    1    1    1    1    1  5.22397E+13 0.00018 
   63   63    1    1    1    1    1    1    1    1  5.34730E+13 0.00026 
   64   64    1    1    1    1    1    1    1    1  4.47645E+13 0.00027 
   65   65    1    1    1    1    1    1    1    1  3.53023E+13 0.00028 
   66   66    1    1    1    1    1    1    1    1  3.47571E+13 0.00028 
   67   67    1    1    1    1    1    1    1    1  2.62650E+13 0.00023 
   68   68    1    1    1    1    1    1    1    1  2.13958E+13 0.00031 
   69   69    1    1    1    1    1    1    1    1  1.89855E+13 0.00030 
   70   70    1    1    1    1    1    1    1    1  2.29542E+13 0.00043 
   71   71    1    1    1    1    1    1    1    1  1.95415E+13 0.00046 
   72   72    1    1    1    1    1    1    1    1  3.55086E+13 0.00035 
   73   73    1    1    1    1    1    1    1    1  2.52990E+13 0.00038 
   74   74    1    1    1    1    1    1    1    1  1.92292E+13 0.00040 
   75   75    1    1    1    1    1    1    1    1  1.55974E+13 0.00040 
   76   76    1    1    1    1    1    1    1    1  1.29649E+13 0.00039 
   77   77    1    1    1    1    1    1    1    1  1.50492E+13 0.00049 
   78   78    1    1    1    1    1    1    1    1  1.19158E+13 0.00041 
   79   79    1    1    1    1    1    1    1    1  9.40222E+12 0.00058 
   80   80    1    1    1    1    1    1    1    1  9.76899E+12 0.00081 
   81   81    1    1    1    1    1    1    1    1  7.27531E+12 0.00058 
   82   82    1    1    1    1    1    1    1    1  5.63430E+12 0.00088 
   83   83    1    1    1    1    1    1    1    1  4.33342E+12 0.00110 
   84   84    1    1    1    1    1    1    1    1  4.05485E+12 0.00104 
   85   85    1    1    1    1    1    1    1    1  2.92162E+12 0.00079 
   86   86    1    1    1    1    1    1    1    1  2.10477E+12 0.00115 
   87   87    1    1    1    1    1    1    1    1  1.98106E+12 0.00136 
   88   88    1    1    1    1    1    1    1    1  1.21580E+12 0.00138 
   89   89    1    1    1    1    1    1    1    1  8.20510E+11 0.00225 
   90   90    1    1    1    1    1    1    1    1  4.74990E+11 0.00229 
   91   91    1    1    1    1    1    1    1    1  6.01944E+11 0.00215 
   92   92    1    1    1    1    1    1    1    1  0.00000E+00 0.00000 
   93   93    1    1    1    1    1    1    1    1  0.00000E+00 0.00000 
   94   94    1    1    1    1    1    1    1    1  0.00000E+00 0.00000 
   95   95    1    1    1    1    1    1    1    1  0.00000E+00 0.00000 
   96   96    1    1    1    1    1    1    1    1  0.00000E+00 0.00000 
   97   97    1    1    1    1    1    1    1    1  0.00000E+00 0.00000 
   98   98    1    1    1    1    1    1    1    1  0.00000E+00 0.00000 
   99   99    1    1    1    1    1    1    1    1  0.00000E+00 0.00000 
  100  100    1    1    1    1    1    1    1    1  0.00000E+00 0.00000 
];


