
DETdpaspec = [
    1    1    1    1    1    1    1    1    1    1  0.00000E+00 0.00000 
    2    2    1    1    1    1    1    1    1    1  0.00000E+00 0.00000 
    3    3    1    1    1    1    1    1    1    1  0.00000E+00 0.00000 
    4    4    1    1    1    1    1    1    1    1  0.00000E+00 0.00000 
    5    5    1    1    1    1    1    1    1    1  0.00000E+00 0.00000 
    6    6    1    1    1    1    1    1    1    1  0.00000E+00 0.00000 
    7    7    1    1    1    1    1    1    1    1  0.00000E+00 0.00000 
    8    8    1    1    1    1    1    1    1    1  0.00000E+00 0.00000 
    9    9    1    1    1    1    1    1    1    1  0.00000E+00 0.00000 
   10   10    1    1    1    1    1    1    1    1  0.00000E+00 0.00000 
   11   11    1    1    1    1    1    1    1    1  0.00000E+00 0.00000 
   12   12    1    1    1    1    1    1    1    1  0.00000E+00 0.00000 
   13   13    1    1    1    1    1    1    1    1  0.00000E+00 0.00000 
   14   14    1    1    1    1    1    1    1    1  0.00000E+00 0.00000 
   15   15    1    1    1    1    1    1    1    1  0.00000E+00 0.00000 
   16   16    1    1    1    1    1    1    1    1  0.00000E+00 0.00000 
   17   17    1    1    1    1    1    1    1    1  0.00000E+00 0.00000 
   18   18    1    1    1    1    1    1    1    1  0.00000E+00 0.00000 
   19   19    1    1    1    1    1    1    1    1  2.36557E+09 0.04013 
   20   20    1    1    1    1    1    1    1    1  3.31055E+08 0.06304 
   21   21    1    1    1    1    1    1    1    1  1.21715E+09 0.05066 
   22   22    1    1    1    1    1    1    1    1  9.74215E+08 0.03114 
   23   23    1    1    1    1    1    1    1    1  2.38211E+09 0.01866 
   24   24    1    1    1    1    1    1    1    1  3.65251E+09 0.01911 
   25   25    1    1    1    1    1    1    1    1  5.96501E+09 0.02025 
   26   26    1    1    1    1    1    1    1    1  8.33232E+09 0.01464 
   27   27    1    1    1    1    1    1    1    1  1.60435E+10 0.00886 
   28   28    1    1    1    1    1    1    1    1  3.38087E+10 0.00803 
   29   29    1    1    1    1    1    1    1    1  8.01815E+10 0.00479 
   30   30    1    1    1    1    1    1    1    1  1.26793E+11 0.00544 
   31   31    1    1    1    1    1    1    1    1  3.38151E+11 0.00396 
   32   32    1    1    1    1    1    1    1    1  9.20728E+11 0.00228 
   33   33    1    1    1    1    1    1    1    1  1.52504E+12 0.00189 
   34   34    1    1    1    1    1    1    1    1  3.27350E+12 0.00104 
   35   35    1    1    1    1    1    1    1    1  4.20233E+12 0.00087 
   36   36    1    1    1    1    1    1    1    1  5.71119E+12 0.00083 
   37   37    1    1    1    1    1    1    1    1  4.17749E+12 0.00085 
   38   38    1    1    1    1    1    1    1    1  1.29383E+12 0.00074 
   39   39    1    1    1    1    1    1    1    1  6.77211E+12 0.00064 
   40   40    1    1    1    1    1    1    1    1  8.73492E+12 0.00071 
   41   41    1    1    1    1    1    1    1    1  1.48121E+13 0.00056 
   42   42    1    1    1    1    1    1    1    1  1.45600E+13 0.00042 
   43   43    1    1    1    1    1    1    1    1  2.85806E+13 0.00037 
   44   44    1    1    1    1    1    1    1    1  3.28147E+13 0.00029 
   45   45    1    1    1    1    1    1    1    1  4.46151E+13 0.00030 
   46   46    1    1    1    1    1    1    1    1  8.42752E+13 0.00019 
   47   47    1    1    1    1    1    1    1    1  4.19056E+13 0.00023 
   48   48    1    1    1    1    1    1    1    1  6.37250E+13 0.00021 
   49   49    1    1    1    1    1    1    1    1  8.89445E+13 0.00017 
   50   50    1    1    1    1    1    1    1    1  8.38456E+13 0.00016 
   51   51    1    1    1    1    1    1    1    1  1.30033E+14 0.00019 
   52   52    1    1    1    1    1    1    1    1  1.02763E+14 0.00021 
   53   53    1    1    1    1    1    1    1    1  1.19300E+14 0.00016 
   54   54    1    1    1    1    1    1    1    1  8.40637E+13 0.00019 
   55   55    1    1    1    1    1    1    1    1  1.02416E+14 0.00020 
   56   56    1    1    1    1    1    1    1    1  7.15714E+13 0.00020 
   57   57    1    1    1    1    1    1    1    1  9.80127E+12 0.00039 
   58   58    1    1    1    1    1    1    1    1  1.40447E+14 0.00013 
   59   59    1    1    1    1    1    1    1    1  6.20543E+13 0.00024 
   60   60    1    1    1    1    1    1    1    1  6.67312E+13 0.00017 
   61   61    1    1    1    1    1    1    1    1  5.22914E+13 0.00029 
   62   62    1    1    1    1    1    1    1    1  5.23493E+13 0.00022 
   63   63    1    1    1    1    1    1    1    1  5.35373E+13 0.00022 
   64   64    1    1    1    1    1    1    1    1  4.48211E+13 0.00023 
   65   65    1    1    1    1    1    1    1    1  3.54748E+13 0.00024 
   66   66    1    1    1    1    1    1    1    1  3.50219E+13 0.00023 
   67   67    1    1    1    1    1    1    1    1  2.65368E+13 0.00030 
   68   68    1    1    1    1    1    1    1    1  2.17353E+13 0.00033 
   69   69    1    1    1    1    1    1    1    1  1.93585E+13 0.00039 
   70   70    1    1    1    1    1    1    1    1  2.34014E+13 0.00037 
   71   71    1    1    1    1    1    1    1    1  2.00118E+13 0.00045 
   72   72    1    1    1    1    1    1    1    1  3.69467E+13 0.00031 
   73   73    1    1    1    1    1    1    1    1  2.64822E+13 0.00033 
   74   74    1    1    1    1    1    1    1    1  2.01753E+13 0.00042 
   75   75    1    1    1    1    1    1    1    1  1.62325E+13 0.00057 
   76   76    1    1    1    1    1    1    1    1  1.33549E+13 0.00043 
   77   77    1    1    1    1    1    1    1    1  1.53650E+13 0.00037 
   78   78    1    1    1    1    1    1    1    1  1.20612E+13 0.00056 
   79   79    1    1    1    1    1    1    1    1  9.45842E+12 0.00056 
   80   80    1    1    1    1    1    1    1    1  9.74169E+12 0.00061 
   81   81    1    1    1    1    1    1    1    1  7.24387E+12 0.00074 
   82   82    1    1    1    1    1    1    1    1  5.57323E+12 0.00082 
   83   83    1    1    1    1    1    1    1    1  4.30235E+12 0.00071 
   84   84    1    1    1    1    1    1    1    1  4.01677E+12 0.00098 
   85   85    1    1    1    1    1    1    1    1  2.88685E+12 0.00103 
   86   86    1    1    1    1    1    1    1    1  2.08362E+12 0.00135 
   87   87    1    1    1    1    1    1    1    1  1.95047E+12 0.00195 
   88   88    1    1    1    1    1    1    1    1  1.20343E+12 0.00205 
   89   89    1    1    1    1    1    1    1    1  8.15628E+11 0.00201 
   90   90    1    1    1    1    1    1    1    1  4.73252E+11 0.00338 
   91   91    1    1    1    1    1    1    1    1  6.02353E+11 0.00135 
   92   92    1    1    1    1    1    1    1    1  0.00000E+00 0.00000 
   93   93    1    1    1    1    1    1    1    1  0.00000E+00 0.00000 
   94   94    1    1    1    1    1    1    1    1  0.00000E+00 0.00000 
   95   95    1    1    1    1    1    1    1    1  0.00000E+00 0.00000 
   96   96    1    1    1    1    1    1    1    1  0.00000E+00 0.00000 
   97   97    1    1    1    1    1    1    1    1  0.00000E+00 0.00000 
   98   98    1    1    1    1    1    1    1    1  0.00000E+00 0.00000 
   99   99    1    1    1    1    1    1    1    1  0.00000E+00 0.00000 
  100  100    1    1    1    1    1    1    1    1  0.00000E+00 0.00000 
];


