
DETdpaspec = [
    1    1    1    1    1    1    1    1    1    1  0.00000E+00 0.00000 
    2    2    1    1    1    1    1    1    1    1  0.00000E+00 0.00000 
    3    3    1    1    1    1    1    1    1    1  0.00000E+00 0.00000 
    4    4    1    1    1    1    1    1    1    1  0.00000E+00 0.00000 
    5    5    1    1    1    1    1    1    1    1  0.00000E+00 0.00000 
    6    6    1    1    1    1    1    1    1    1  0.00000E+00 0.00000 
    7    7    1    1    1    1    1    1    1    1  0.00000E+00 0.00000 
    8    8    1    1    1    1    1    1    1    1  0.00000E+00 0.00000 
    9    9    1    1    1    1    1    1    1    1  0.00000E+00 0.00000 
   10   10    1    1    1    1    1    1    1    1  0.00000E+00 0.00000 
   11   11    1    1    1    1    1    1    1    1  0.00000E+00 0.00000 
   12   12    1    1    1    1    1    1    1    1  0.00000E+00 0.00000 
   13   13    1    1    1    1    1    1    1    1  0.00000E+00 0.00000 
   14   14    1    1    1    1    1    1    1    1  0.00000E+00 0.00000 
   15   15    1    1    1    1    1    1    1    1  0.00000E+00 0.00000 
   16   16    1    1    1    1    1    1    1    1  0.00000E+00 0.00000 
   17   17    1    1    1    1    1    1    1    1  0.00000E+00 0.00000 
   18   18    1    1    1    1    1    1    1    1  0.00000E+00 0.00000 
   19   19    1    1    1    1    1    1    1    1  1.96246E+09 0.05441 
   20   20    1    1    1    1    1    1    1    1  2.88075E+08 0.08952 
   21   21    1    1    1    1    1    1    1    1  9.03508E+08 0.06774 
   22   22    1    1    1    1    1    1    1    1  7.31941E+08 0.03255 
   23   23    1    1    1    1    1    1    1    1  1.84190E+09 0.03454 
   24   24    1    1    1    1    1    1    1    1  3.12149E+09 0.01261 
   25   25    1    1    1    1    1    1    1    1  5.56683E+09 0.02334 
   26   26    1    1    1    1    1    1    1    1  8.33128E+09 0.02048 
   27   27    1    1    1    1    1    1    1    1  1.71120E+10 0.01439 
   28   28    1    1    1    1    1    1    1    1  3.78597E+10 0.01047 
   29   29    1    1    1    1    1    1    1    1  9.23655E+10 0.00428 
   30   30    1    1    1    1    1    1    1    1  1.53041E+11 0.00405 
   31   31    1    1    1    1    1    1    1    1  3.83072E+11 0.00209 
   32   32    1    1    1    1    1    1    1    1  1.01432E+12 0.00181 
   33   33    1    1    1    1    1    1    1    1  1.64749E+12 0.00148 
   34   34    1    1    1    1    1    1    1    1  3.51628E+12 0.00078 
   35   35    1    1    1    1    1    1    1    1  4.54765E+12 0.00078 
   36   36    1    1    1    1    1    1    1    1  5.89938E+12 0.00070 
   37   37    1    1    1    1    1    1    1    1  4.23691E+12 0.00063 
   38   38    1    1    1    1    1    1    1    1  1.29469E+12 0.00073 
   39   39    1    1    1    1    1    1    1    1  6.84523E+12 0.00055 
   40   40    1    1    1    1    1    1    1    1  8.82869E+12 0.00065 
   41   41    1    1    1    1    1    1    1    1  1.50480E+13 0.00049 
   42   42    1    1    1    1    1    1    1    1  1.45930E+13 0.00044 
   43   43    1    1    1    1    1    1    1    1  2.88608E+13 0.00045 
   44   44    1    1    1    1    1    1    1    1  3.30803E+13 0.00031 
   45   45    1    1    1    1    1    1    1    1  4.49564E+13 0.00027 
   46   46    1    1    1    1    1    1    1    1  8.51177E+13 0.00024 
   47   47    1    1    1    1    1    1    1    1  4.20782E+13 0.00019 
   48   48    1    1    1    1    1    1    1    1  6.36988E+13 0.00022 
   49   49    1    1    1    1    1    1    1    1  8.88825E+13 0.00022 
   50   50    1    1    1    1    1    1    1    1  8.33616E+13 0.00016 
   51   51    1    1    1    1    1    1    1    1  1.29921E+14 0.00017 
   52   52    1    1    1    1    1    1    1    1  1.01788E+14 0.00015 
   53   53    1    1    1    1    1    1    1    1  1.18929E+14 0.00016 
   54   54    1    1    1    1    1    1    1    1  8.35163E+13 0.00019 
   55   55    1    1    1    1    1    1    1    1  1.02425E+14 0.00016 
   56   56    1    1    1    1    1    1    1    1  7.13541E+13 0.00019 
   57   57    1    1    1    1    1    1    1    1  9.74956E+12 0.00047 
   58   58    1    1    1    1    1    1    1    1  1.39812E+14 0.00013 
   59   59    1    1    1    1    1    1    1    1  6.23319E+13 0.00021 
   60   60    1    1    1    1    1    1    1    1  6.67034E+13 0.00016 
   61   61    1    1    1    1    1    1    1    1  5.25838E+13 0.00022 
   62   62    1    1    1    1    1    1    1    1  5.25299E+13 0.00019 
   63   63    1    1    1    1    1    1    1    1  5.37817E+13 0.00030 
   64   64    1    1    1    1    1    1    1    1  4.50304E+13 0.00022 
   65   65    1    1    1    1    1    1    1    1  3.55951E+13 0.00024 
   66   66    1    1    1    1    1    1    1    1  3.50742E+13 0.00031 
   67   67    1    1    1    1    1    1    1    1  2.65663E+13 0.00031 
   68   68    1    1    1    1    1    1    1    1  2.16915E+13 0.00029 
   69   69    1    1    1    1    1    1    1    1  1.92960E+13 0.00038 
   70   70    1    1    1    1    1    1    1    1  2.33104E+13 0.00040 
   71   71    1    1    1    1    1    1    1    1  1.98815E+13 0.00042 
   72   72    1    1    1    1    1    1    1    1  3.63867E+13 0.00026 
   73   73    1    1    1    1    1    1    1    1  2.59917E+13 0.00033 
   74   74    1    1    1    1    1    1    1    1  1.98224E+13 0.00042 
   75   75    1    1    1    1    1    1    1    1  1.60143E+13 0.00041 
   76   76    1    1    1    1    1    1    1    1  1.32582E+13 0.00037 
   77   77    1    1    1    1    1    1    1    1  1.53271E+13 0.00066 
   78   78    1    1    1    1    1    1    1    1  1.20984E+13 0.00067 
   79   79    1    1    1    1    1    1    1    1  9.51205E+12 0.00062 
   80   80    1    1    1    1    1    1    1    1  9.85670E+12 0.00072 
   81   81    1    1    1    1    1    1    1    1  7.34204E+12 0.00090 
   82   82    1    1    1    1    1    1    1    1  5.67174E+12 0.00071 
   83   83    1    1    1    1    1    1    1    1  4.36347E+12 0.00083 
   84   84    1    1    1    1    1    1    1    1  4.08433E+12 0.00082 
   85   85    1    1    1    1    1    1    1    1  2.93806E+12 0.00090 
   86   86    1    1    1    1    1    1    1    1  2.12224E+12 0.00157 
   87   87    1    1    1    1    1    1    1    1  1.98498E+12 0.00177 
   88   88    1    1    1    1    1    1    1    1  1.22328E+12 0.00191 
   89   89    1    1    1    1    1    1    1    1  8.29443E+11 0.00197 
   90   90    1    1    1    1    1    1    1    1  4.79348E+11 0.00272 
   91   91    1    1    1    1    1    1    1    1  6.07759E+11 0.00187 
   92   92    1    1    1    1    1    1    1    1  0.00000E+00 0.00000 
   93   93    1    1    1    1    1    1    1    1  0.00000E+00 0.00000 
   94   94    1    1    1    1    1    1    1    1  0.00000E+00 0.00000 
   95   95    1    1    1    1    1    1    1    1  0.00000E+00 0.00000 
   96   96    1    1    1    1    1    1    1    1  0.00000E+00 0.00000 
   97   97    1    1    1    1    1    1    1    1  0.00000E+00 0.00000 
   98   98    1    1    1    1    1    1    1    1  0.00000E+00 0.00000 
   99   99    1    1    1    1    1    1    1    1  0.00000E+00 0.00000 
  100  100    1    1    1    1    1    1    1    1  0.00000E+00 0.00000 
];


