
DETdpaspec = [
    1    1    1    1    1    1    1    1    1    1  0.00000E+00 0.00000 
    2    2    1    1    1    1    1    1    1    1  0.00000E+00 0.00000 
    3    3    1    1    1    1    1    1    1    1  0.00000E+00 0.00000 
    4    4    1    1    1    1    1    1    1    1  0.00000E+00 0.00000 
    5    5    1    1    1    1    1    1    1    1  0.00000E+00 0.00000 
    6    6    1    1    1    1    1    1    1    1  0.00000E+00 0.00000 
    7    7    1    1    1    1    1    1    1    1  0.00000E+00 0.00000 
    8    8    1    1    1    1    1    1    1    1  0.00000E+00 0.00000 
    9    9    1    1    1    1    1    1    1    1  0.00000E+00 0.00000 
   10   10    1    1    1    1    1    1    1    1  0.00000E+00 0.00000 
   11   11    1    1    1    1    1    1    1    1  0.00000E+00 0.00000 
   12   12    1    1    1    1    1    1    1    1  0.00000E+00 0.00000 
   13   13    1    1    1    1    1    1    1    1  0.00000E+00 0.00000 
   14   14    1    1    1    1    1    1    1    1  0.00000E+00 0.00000 
   15   15    1    1    1    1    1    1    1    1  0.00000E+00 0.00000 
   16   16    1    1    1    1    1    1    1    1  0.00000E+00 0.00000 
   17   17    1    1    1    1    1    1    1    1  0.00000E+00 0.00000 
   18   18    1    1    1    1    1    1    1    1  0.00000E+00 0.00000 
   19   19    1    1    1    1    1    1    1    1  2.01889E+09 0.05124 
   20   20    1    1    1    1    1    1    1    1  2.53543E+08 0.07522 
   21   21    1    1    1    1    1    1    1    1  1.00083E+09 0.06294 
   22   22    1    1    1    1    1    1    1    1  7.82623E+08 0.02604 
   23   23    1    1    1    1    1    1    1    1  1.80761E+09 0.04152 
   24   24    1    1    1    1    1    1    1    1  3.02071E+09 0.02293 
   25   25    1    1    1    1    1    1    1    1  5.41093E+09 0.02699 
   26   26    1    1    1    1    1    1    1    1  8.15261E+09 0.01794 
   27   27    1    1    1    1    1    1    1    1  1.67564E+10 0.01291 
   28   28    1    1    1    1    1    1    1    1  3.67724E+10 0.00862 
   29   29    1    1    1    1    1    1    1    1  9.12938E+10 0.00612 
   30   30    1    1    1    1    1    1    1    1  1.51171E+11 0.00456 
   31   31    1    1    1    1    1    1    1    1  3.77423E+11 0.00329 
   32   32    1    1    1    1    1    1    1    1  1.00357E+12 0.00233 
   33   33    1    1    1    1    1    1    1    1  1.63219E+12 0.00160 
   34   34    1    1    1    1    1    1    1    1  3.47997E+12 0.00131 
   35   35    1    1    1    1    1    1    1    1  4.50051E+12 0.00091 
   36   36    1    1    1    1    1    1    1    1  5.87090E+12 0.00049 
   37   37    1    1    1    1    1    1    1    1  4.22199E+12 0.00053 
   38   38    1    1    1    1    1    1    1    1  1.29158E+12 0.00067 
   39   39    1    1    1    1    1    1    1    1  6.82494E+12 0.00059 
   40   40    1    1    1    1    1    1    1    1  8.80399E+12 0.00066 
   41   41    1    1    1    1    1    1    1    1  1.50094E+13 0.00043 
   42   42    1    1    1    1    1    1    1    1  1.45712E+13 0.00044 
   43   43    1    1    1    1    1    1    1    1  2.87907E+13 0.00037 
   44   44    1    1    1    1    1    1    1    1  3.30441E+13 0.00039 
   45   45    1    1    1    1    1    1    1    1  4.48878E+13 0.00037 
   46   46    1    1    1    1    1    1    1    1  8.50477E+13 0.00028 
   47   47    1    1    1    1    1    1    1    1  4.20587E+13 0.00026 
   48   48    1    1    1    1    1    1    1    1  6.36896E+13 0.00021 
   49   49    1    1    1    1    1    1    1    1  8.88737E+13 0.00019 
   50   50    1    1    1    1    1    1    1    1  8.34020E+13 0.00017 
   51   51    1    1    1    1    1    1    1    1  1.29892E+14 0.00018 
   52   52    1    1    1    1    1    1    1    1  1.01887E+14 0.00024 
   53   53    1    1    1    1    1    1    1    1  1.18956E+14 0.00018 
   54   54    1    1    1    1    1    1    1    1  8.35413E+13 0.00022 
   55   55    1    1    1    1    1    1    1    1  1.02387E+14 0.00013 
   56   56    1    1    1    1    1    1    1    1  7.13655E+13 0.00025 
   57   57    1    1    1    1    1    1    1    1  9.75083E+12 0.00040 
   58   58    1    1    1    1    1    1    1    1  1.39894E+14 0.00021 
   59   59    1    1    1    1    1    1    1    1  6.23289E+13 0.00018 
   60   60    1    1    1    1    1    1    1    1  6.67116E+13 0.00024 
   61   61    1    1    1    1    1    1    1    1  5.25566E+13 0.00026 
   62   62    1    1    1    1    1    1    1    1  5.25302E+13 0.00025 
   63   63    1    1    1    1    1    1    1    1  5.37512E+13 0.00034 
   64   64    1    1    1    1    1    1    1    1  4.50545E+13 0.00033 
   65   65    1    1    1    1    1    1    1    1  3.56046E+13 0.00026 
   66   66    1    1    1    1    1    1    1    1  3.50935E+13 0.00030 
   67   67    1    1    1    1    1    1    1    1  2.65744E+13 0.00035 
   68   68    1    1    1    1    1    1    1    1  2.17008E+13 0.00049 
   69   69    1    1    1    1    1    1    1    1  1.92920E+13 0.00036 
   70   70    1    1    1    1    1    1    1    1  2.33285E+13 0.00029 
   71   71    1    1    1    1    1    1    1    1  1.99070E+13 0.00046 
   72   72    1    1    1    1    1    1    1    1  3.64477E+13 0.00032 
   73   73    1    1    1    1    1    1    1    1  2.60634E+13 0.00030 
   74   74    1    1    1    1    1    1    1    1  1.98655E+13 0.00038 
   75   75    1    1    1    1    1    1    1    1  1.60624E+13 0.00034 
   76   76    1    1    1    1    1    1    1    1  1.32789E+13 0.00048 
   77   77    1    1    1    1    1    1    1    1  1.53436E+13 0.00034 
   78   78    1    1    1    1    1    1    1    1  1.21059E+13 0.00043 
   79   79    1    1    1    1    1    1    1    1  9.52925E+12 0.00066 
   80   80    1    1    1    1    1    1    1    1  9.85416E+12 0.00080 
   81   81    1    1    1    1    1    1    1    1  7.33949E+12 0.00071 
   82   82    1    1    1    1    1    1    1    1  5.65767E+12 0.00083 
   83   83    1    1    1    1    1    1    1    1  4.35624E+12 0.00091 
   84   84    1    1    1    1    1    1    1    1  4.09057E+12 0.00089 
   85   85    1    1    1    1    1    1    1    1  2.94150E+12 0.00100 
   86   86    1    1    1    1    1    1    1    1  2.12299E+12 0.00143 
   87   87    1    1    1    1    1    1    1    1  1.98493E+12 0.00136 
   88   88    1    1    1    1    1    1    1    1  1.22835E+12 0.00236 
   89   89    1    1    1    1    1    1    1    1  8.29513E+11 0.00167 
   90   90    1    1    1    1    1    1    1    1  4.79206E+11 0.00278 
   91   91    1    1    1    1    1    1    1    1  6.10866E+11 0.00260 
   92   92    1    1    1    1    1    1    1    1  0.00000E+00 0.00000 
   93   93    1    1    1    1    1    1    1    1  0.00000E+00 0.00000 
   94   94    1    1    1    1    1    1    1    1  0.00000E+00 0.00000 
   95   95    1    1    1    1    1    1    1    1  0.00000E+00 0.00000 
   96   96    1    1    1    1    1    1    1    1  0.00000E+00 0.00000 
   97   97    1    1    1    1    1    1    1    1  0.00000E+00 0.00000 
   98   98    1    1    1    1    1    1    1    1  0.00000E+00 0.00000 
   99   99    1    1    1    1    1    1    1    1  0.00000E+00 0.00000 
  100  100    1    1    1    1    1    1    1    1  0.00000E+00 0.00000 
];


