
DETdpaspec = [
    1    1    1    1    1    1    1    1    1    1  0.00000E+00 0.00000 
    2    2    1    1    1    1    1    1    1    1  0.00000E+00 0.00000 
    3    3    1    1    1    1    1    1    1    1  0.00000E+00 0.00000 
    4    4    1    1    1    1    1    1    1    1  0.00000E+00 0.00000 
    5    5    1    1    1    1    1    1    1    1  0.00000E+00 0.00000 
    6    6    1    1    1    1    1    1    1    1  0.00000E+00 0.00000 
    7    7    1    1    1    1    1    1    1    1  0.00000E+00 0.00000 
    8    8    1    1    1    1    1    1    1    1  0.00000E+00 0.00000 
    9    9    1    1    1    1    1    1    1    1  0.00000E+00 0.00000 
   10   10    1    1    1    1    1    1    1    1  0.00000E+00 0.00000 
   11   11    1    1    1    1    1    1    1    1  0.00000E+00 0.00000 
   12   12    1    1    1    1    1    1    1    1  0.00000E+00 0.00000 
   13   13    1    1    1    1    1    1    1    1  0.00000E+00 0.00000 
   14   14    1    1    1    1    1    1    1    1  0.00000E+00 0.00000 
   15   15    1    1    1    1    1    1    1    1  0.00000E+00 0.00000 
   16   16    1    1    1    1    1    1    1    1  0.00000E+00 0.00000 
   17   17    1    1    1    1    1    1    1    1  0.00000E+00 0.00000 
   18   18    1    1    1    1    1    1    1    1  0.00000E+00 0.00000 
   19   19    1    1    1    1    1    1    1    1  2.58196E+09 0.03852 
   20   20    1    1    1    1    1    1    1    1  4.90389E+08 0.03919 
   21   21    1    1    1    1    1    1    1    1  1.55177E+09 0.04225 
   22   22    1    1    1    1    1    1    1    1  1.22250E+09 0.02986 
   23   23    1    1    1    1    1    1    1    1  3.01182E+09 0.02590 
   24   24    1    1    1    1    1    1    1    1  4.66408E+09 0.02239 
   25   25    1    1    1    1    1    1    1    1  7.42479E+09 0.01719 
   26   26    1    1    1    1    1    1    1    1  1.00191E+10 0.01688 
   27   27    1    1    1    1    1    1    1    1  1.84345E+10 0.01298 
   28   28    1    1    1    1    1    1    1    1  3.69527E+10 0.00896 
   29   29    1    1    1    1    1    1    1    1  8.16700E+10 0.00749 
   30   30    1    1    1    1    1    1    1    1  1.22941E+11 0.00470 
   31   31    1    1    1    1    1    1    1    1  3.42030E+11 0.00340 
   32   32    1    1    1    1    1    1    1    1  9.25308E+11 0.00200 
   33   33    1    1    1    1    1    1    1    1  1.54210E+12 0.00170 
   34   34    1    1    1    1    1    1    1    1  3.27280E+12 0.00112 
   35   35    1    1    1    1    1    1    1    1  4.12648E+12 0.00082 
   36   36    1    1    1    1    1    1    1    1  5.79233E+12 0.00072 
   37   37    1    1    1    1    1    1    1    1  4.28205E+12 0.00071 
   38   38    1    1    1    1    1    1    1    1  1.34080E+12 0.00063 
   39   39    1    1    1    1    1    1    1    1  6.93278E+12 0.00067 
   40   40    1    1    1    1    1    1    1    1  8.93111E+12 0.00053 
   41   41    1    1    1    1    1    1    1    1  1.50242E+13 0.00047 
   42   42    1    1    1    1    1    1    1    1  1.49021E+13 0.00036 
   43   43    1    1    1    1    1    1    1    1  2.89637E+13 0.00030 
   44   44    1    1    1    1    1    1    1    1  3.31449E+13 0.00022 
   45   45    1    1    1    1    1    1    1    1  4.49486E+13 0.00030 
   46   46    1    1    1    1    1    1    1    1  8.43136E+13 0.00022 
   47   47    1    1    1    1    1    1    1    1  4.20374E+13 0.00023 
   48   48    1    1    1    1    1    1    1    1  6.41430E+13 0.00019 
   49   49    1    1    1    1    1    1    1    1  8.94094E+13 0.00018 
   50   50    1    1    1    1    1    1    1    1  8.45722E+13 0.00024 
   51   51    1    1    1    1    1    1    1    1  1.30379E+14 0.00013 
   52   52    1    1    1    1    1    1    1    1  1.03691E+14 0.00014 
   53   53    1    1    1    1    1    1    1    1  1.19559E+14 0.00016 
   54   54    1    1    1    1    1    1    1    1  8.44707E+13 0.00017 
   55   55    1    1    1    1    1    1    1    1  1.02174E+14 0.00014 
   56   56    1    1    1    1    1    1    1    1  7.15532E+13 0.00020 
   57   57    1    1    1    1    1    1    1    1  9.83012E+12 0.00036 
   58   58    1    1    1    1    1    1    1    1  1.40599E+14 0.00022 
   59   59    1    1    1    1    1    1    1    1  6.16007E+13 0.00020 
   60   60    1    1    1    1    1    1    1    1  6.64641E+13 0.00022 
   61   61    1    1    1    1    1    1    1    1  5.17665E+13 0.00025 
   62   62    1    1    1    1    1    1    1    1  5.19079E+13 0.00023 
   63   63    1    1    1    1    1    1    1    1  5.30044E+13 0.00022 
   64   64    1    1    1    1    1    1    1    1  4.43177E+13 0.00024 
   65   65    1    1    1    1    1    1    1    1  3.50917E+13 0.00026 
   66   66    1    1    1    1    1    1    1    1  3.46600E+13 0.00027 
   67   67    1    1    1    1    1    1    1    1  2.62731E+13 0.00035 
   68   68    1    1    1    1    1    1    1    1  2.15589E+13 0.00036 
   69   69    1    1    1    1    1    1    1    1  1.92378E+13 0.00042 
   70   70    1    1    1    1    1    1    1    1  2.32666E+13 0.00037 
   71   71    1    1    1    1    1    1    1    1  1.99177E+13 0.00042 
   72   72    1    1    1    1    1    1    1    1  3.70581E+13 0.00039 
   73   73    1    1    1    1    1    1    1    1  2.66500E+13 0.00038 
   74   74    1    1    1    1    1    1    1    1  2.02740E+13 0.00047 
   75   75    1    1    1    1    1    1    1    1  1.62041E+13 0.00034 
   76   76    1    1    1    1    1    1    1    1  1.32783E+13 0.00060 
   77   77    1    1    1    1    1    1    1    1  1.51961E+13 0.00051 
   78   78    1    1    1    1    1    1    1    1  1.18431E+13 0.00062 
   79   79    1    1    1    1    1    1    1    1  9.24657E+12 0.00047 
   80   80    1    1    1    1    1    1    1    1  9.49444E+12 0.00066 
   81   81    1    1    1    1    1    1    1    1  7.04096E+12 0.00071 
   82   82    1    1    1    1    1    1    1    1  5.41297E+12 0.00080 
   83   83    1    1    1    1    1    1    1    1  4.16088E+12 0.00101 
   84   84    1    1    1    1    1    1    1    1  3.88800E+12 0.00081 
   85   85    1    1    1    1    1    1    1    1  2.79281E+12 0.00102 
   86   86    1    1    1    1    1    1    1    1  2.01657E+12 0.00120 
   87   87    1    1    1    1    1    1    1    1  1.88329E+12 0.00125 
   88   88    1    1    1    1    1    1    1    1  1.16651E+12 0.00176 
   89   89    1    1    1    1    1    1    1    1  7.91679E+11 0.00190 
   90   90    1    1    1    1    1    1    1    1  4.55757E+11 0.00217 
   91   91    1    1    1    1    1    1    1    1  5.84992E+11 0.00286 
   92   92    1    1    1    1    1    1    1    1  0.00000E+00 0.00000 
   93   93    1    1    1    1    1    1    1    1  0.00000E+00 0.00000 
   94   94    1    1    1    1    1    1    1    1  0.00000E+00 0.00000 
   95   95    1    1    1    1    1    1    1    1  0.00000E+00 0.00000 
   96   96    1    1    1    1    1    1    1    1  0.00000E+00 0.00000 
   97   97    1    1    1    1    1    1    1    1  0.00000E+00 0.00000 
   98   98    1    1    1    1    1    1    1    1  0.00000E+00 0.00000 
   99   99    1    1    1    1    1    1    1    1  0.00000E+00 0.00000 
  100  100    1    1    1    1    1    1    1    1  0.00000E+00 0.00000 
];


