
DETdpaspec = [
    1    1    1    1    1    1    1    1    1    1  0.00000E+00 0.00000 
    2    2    1    1    1    1    1    1    1    1  0.00000E+00 0.00000 
    3    3    1    1    1    1    1    1    1    1  0.00000E+00 0.00000 
    4    4    1    1    1    1    1    1    1    1  0.00000E+00 0.00000 
    5    5    1    1    1    1    1    1    1    1  0.00000E+00 0.00000 
    6    6    1    1    1    1    1    1    1    1  0.00000E+00 0.00000 
    7    7    1    1    1    1    1    1    1    1  0.00000E+00 0.00000 
    8    8    1    1    1    1    1    1    1    1  0.00000E+00 0.00000 
    9    9    1    1    1    1    1    1    1    1  0.00000E+00 0.00000 
   10   10    1    1    1    1    1    1    1    1  0.00000E+00 0.00000 
   11   11    1    1    1    1    1    1    1    1  0.00000E+00 0.00000 
   12   12    1    1    1    1    1    1    1    1  0.00000E+00 0.00000 
   13   13    1    1    1    1    1    1    1    1  0.00000E+00 0.00000 
   14   14    1    1    1    1    1    1    1    1  0.00000E+00 0.00000 
   15   15    1    1    1    1    1    1    1    1  0.00000E+00 0.00000 
   16   16    1    1    1    1    1    1    1    1  0.00000E+00 0.00000 
   17   17    1    1    1    1    1    1    1    1  0.00000E+00 0.00000 
   18   18    1    1    1    1    1    1    1    1  0.00000E+00 0.00000 
   19   19    1    1    1    1    1    1    1    1  1.33661E+09 0.12991 
   20   20    1    1    1    1    1    1    1    1  1.85977E+08 0.10090 
   21   21    1    1    1    1    1    1    1    1  5.66670E+08 0.06990 
   22   22    1    1    1    1    1    1    1    1  7.93067E+08 0.03431 
   23   23    1    1    1    1    1    1    1    1  3.04891E+09 0.02966 
   24   24    1    1    1    1    1    1    1    1  1.25057E+10 0.01506 
   25   25    1    1    1    1    1    1    1    1  3.77936E+10 0.00939 
   26   26    1    1    1    1    1    1    1    1  6.38313E+10 0.00373 
   27   27    1    1    1    1    1    1    1    1  1.30652E+11 0.00369 
   28   28    1    1    1    1    1    1    1    1  2.51869E+11 0.00306 
   29   29    1    1    1    1    1    1    1    1  5.01653E+11 0.00249 
   30   30    1    1    1    1    1    1    1    1  7.54614E+11 0.00221 
   31   31    1    1    1    1    1    1    1    1  1.38759E+12 0.00171 
   32   32    1    1    1    1    1    1    1    1  2.78756E+12 0.00136 
   33   33    1    1    1    1    1    1    1    1  3.83504E+12 0.00084 
   34   34    1    1    1    1    1    1    1    1  7.10300E+12 0.00071 
   35   35    1    1    1    1    1    1    1    1  8.52531E+12 0.00052 
   36   36    1    1    1    1    1    1    1    1  9.23525E+12 0.00055 
   37   37    1    1    1    1    1    1    1    1  6.01253E+12 0.00050 
   38   38    1    1    1    1    1    1    1    1  1.75994E+12 0.00054 
   39   39    1    1    1    1    1    1    1    1  9.40440E+12 0.00046 
   40   40    1    1    1    1    1    1    1    1  1.18391E+13 0.00038 
   41   41    1    1    1    1    1    1    1    1  1.98377E+13 0.00035 
   42   42    1    1    1    1    1    1    1    1  1.83001E+13 0.00028 
   43   43    1    1    1    1    1    1    1    1  3.59398E+13 0.00030 
   44   44    1    1    1    1    1    1    1    1  4.01973E+13 0.00027 
   45   45    1    1    1    1    1    1    1    1  5.32107E+13 0.00028 
   46   46    1    1    1    1    1    1    1    1  9.80664E+13 0.00023 
   47   47    1    1    1    1    1    1    1    1  4.65641E+13 0.00025 
   48   48    1    1    1    1    1    1    1    1  6.89932E+13 0.00018 
   49   49    1    1    1    1    1    1    1    1  9.41313E+13 0.00018 
   50   50    1    1    1    1    1    1    1    1  8.60839E+13 0.00017 
   51   51    1    1    1    1    1    1    1    1  1.32903E+14 0.00017 
   52   52    1    1    1    1    1    1    1    1  1.00578E+14 0.00013 
   53   53    1    1    1    1    1    1    1    1  1.17395E+14 0.00012 
   54   54    1    1    1    1    1    1    1    1  8.06802E+13 0.00020 
   55   55    1    1    1    1    1    1    1    1  9.92161E+13 0.00016 
   56   56    1    1    1    1    1    1    1    1  6.81807E+13 0.00015 
   57   57    1    1    1    1    1    1    1    1  9.22852E+12 0.00038 
   58   58    1    1    1    1    1    1    1    1  1.31811E+14 0.00015 
   59   59    1    1    1    1    1    1    1    1  5.91979E+13 0.00018 
   60   60    1    1    1    1    1    1    1    1  6.23359E+13 0.00020 
   61   61    1    1    1    1    1    1    1    1  4.93839E+13 0.00021 
   62   62    1    1    1    1    1    1    1    1  4.89556E+13 0.00022 
   63   63    1    1    1    1    1    1    1    1  4.98663E+13 0.00017 
   64   64    1    1    1    1    1    1    1    1  4.15516E+13 0.00022 
   65   65    1    1    1    1    1    1    1    1  3.25394E+13 0.00031 
   66   66    1    1    1    1    1    1    1    1  3.17905E+13 0.00030 
   67   67    1    1    1    1    1    1    1    1  2.39000E+13 0.00028 
   68   68    1    1    1    1    1    1    1    1  1.93206E+13 0.00036 
   69   69    1    1    1    1    1    1    1    1  1.70737E+13 0.00039 
   70   70    1    1    1    1    1    1    1    1  2.05053E+13 0.00031 
   71   71    1    1    1    1    1    1    1    1  1.73307E+13 0.00046 
   72   72    1    1    1    1    1    1    1    1  3.08905E+13 0.00036 
   73   73    1    1    1    1    1    1    1    1  2.17374E+13 0.00042 
   74   74    1    1    1    1    1    1    1    1  1.64716E+13 0.00033 
   75   75    1    1    1    1    1    1    1    1  1.33903E+13 0.00040 
   76   76    1    1    1    1    1    1    1    1  1.11861E+13 0.00045 
   77   77    1    1    1    1    1    1    1    1  1.30334E+13 0.00047 
   78   78    1    1    1    1    1    1    1    1  1.03725E+13 0.00053 
   79   79    1    1    1    1    1    1    1    1  8.22166E+12 0.00060 
   80   80    1    1    1    1    1    1    1    1  8.54840E+12 0.00059 
   81   81    1    1    1    1    1    1    1    1  6.37378E+12 0.00082 
   82   82    1    1    1    1    1    1    1    1  4.92365E+12 0.00074 
   83   83    1    1    1    1    1    1    1    1  3.79568E+12 0.00089 
   84   84    1    1    1    1    1    1    1    1  3.54896E+12 0.00094 
   85   85    1    1    1    1    1    1    1    1  2.55027E+12 0.00106 
   86   86    1    1    1    1    1    1    1    1  1.84512E+12 0.00113 
   87   87    1    1    1    1    1    1    1    1  1.72183E+12 0.00136 
   88   88    1    1    1    1    1    1    1    1  1.05134E+12 0.00172 
   89   89    1    1    1    1    1    1    1    1  7.08302E+11 0.00220 
   90   90    1    1    1    1    1    1    1    1  4.05607E+11 0.00401 
   91   91    1    1    1    1    1    1    1    1  5.06751E+11 0.00311 
   92   92    1    1    1    1    1    1    1    1  0.00000E+00 0.00000 
   93   93    1    1    1    1    1    1    1    1  0.00000E+00 0.00000 
   94   94    1    1    1    1    1    1    1    1  0.00000E+00 0.00000 
   95   95    1    1    1    1    1    1    1    1  0.00000E+00 0.00000 
   96   96    1    1    1    1    1    1    1    1  0.00000E+00 0.00000 
   97   97    1    1    1    1    1    1    1    1  0.00000E+00 0.00000 
   98   98    1    1    1    1    1    1    1    1  0.00000E+00 0.00000 
   99   99    1    1    1    1    1    1    1    1  0.00000E+00 0.00000 
  100  100    1    1    1    1    1    1    1    1  0.00000E+00 0.00000 
];


