
DETdpaspec = [
    1    1    1    1    1    1    1    1    1    1  0.00000E+00 0.00000 
    2    2    1    1    1    1    1    1    1    1  0.00000E+00 0.00000 
    3    3    1    1    1    1    1    1    1    1  0.00000E+00 0.00000 
    4    4    1    1    1    1    1    1    1    1  0.00000E+00 0.00000 
    5    5    1    1    1    1    1    1    1    1  0.00000E+00 0.00000 
    6    6    1    1    1    1    1    1    1    1  0.00000E+00 0.00000 
    7    7    1    1    1    1    1    1    1    1  0.00000E+00 0.00000 
    8    8    1    1    1    1    1    1    1    1  0.00000E+00 0.00000 
    9    9    1    1    1    1    1    1    1    1  0.00000E+00 0.00000 
   10   10    1    1    1    1    1    1    1    1  0.00000E+00 0.00000 
   11   11    1    1    1    1    1    1    1    1  0.00000E+00 0.00000 
   12   12    1    1    1    1    1    1    1    1  0.00000E+00 0.00000 
   13   13    1    1    1    1    1    1    1    1  0.00000E+00 0.00000 
   14   14    1    1    1    1    1    1    1    1  0.00000E+00 0.00000 
   15   15    1    1    1    1    1    1    1    1  0.00000E+00 0.00000 
   16   16    1    1    1    1    1    1    1    1  0.00000E+00 0.00000 
   17   17    1    1    1    1    1    1    1    1  0.00000E+00 0.00000 
   18   18    1    1    1    1    1    1    1    1  0.00000E+00 0.00000 
   19   19    1    1    1    1    1    1    1    1  2.77113E+09 0.05225 
   20   20    1    1    1    1    1    1    1    1  5.28337E+08 0.04303 
   21   21    1    1    1    1    1    1    1    1  1.66930E+09 0.03987 
   22   22    1    1    1    1    1    1    1    1  1.34764E+09 0.02810 
   23   23    1    1    1    1    1    1    1    1  3.15828E+09 0.02702 
   24   24    1    1    1    1    1    1    1    1  4.95084E+09 0.02646 
   25   25    1    1    1    1    1    1    1    1  7.94330E+09 0.01672 
   26   26    1    1    1    1    1    1    1    1  1.04215E+10 0.01325 
   27   27    1    1    1    1    1    1    1    1  1.87591E+10 0.01052 
   28   28    1    1    1    1    1    1    1    1  3.77542E+10 0.00714 
   29   29    1    1    1    1    1    1    1    1  8.17774E+10 0.00494 
   30   30    1    1    1    1    1    1    1    1  1.22895E+11 0.00419 
   31   31    1    1    1    1    1    1    1    1  3.45674E+11 0.00262 
   32   32    1    1    1    1    1    1    1    1  9.32719E+11 0.00176 
   33   33    1    1    1    1    1    1    1    1  1.55276E+12 0.00125 
   34   34    1    1    1    1    1    1    1    1  3.29232E+12 0.00104 
   35   35    1    1    1    1    1    1    1    1  4.13638E+12 0.00078 
   36   36    1    1    1    1    1    1    1    1  5.83327E+12 0.00050 
   37   37    1    1    1    1    1    1    1    1  4.32093E+12 0.00049 
   38   38    1    1    1    1    1    1    1    1  1.35620E+12 0.00060 
   39   39    1    1    1    1    1    1    1    1  6.99188E+12 0.00050 
   40   40    1    1    1    1    1    1    1    1  8.99102E+12 0.00056 
   41   41    1    1    1    1    1    1    1    1  1.51076E+13 0.00052 
   42   42    1    1    1    1    1    1    1    1  1.50089E+13 0.00029 
   43   43    1    1    1    1    1    1    1    1  2.91009E+13 0.00027 
   44   44    1    1    1    1    1    1    1    1  3.32850E+13 0.00034 
   45   45    1    1    1    1    1    1    1    1  4.50989E+13 0.00027 
   46   46    1    1    1    1    1    1    1    1  8.44769E+13 0.00016 
   47   47    1    1    1    1    1    1    1    1  4.21274E+13 0.00020 
   48   48    1    1    1    1    1    1    1    1  6.43231E+13 0.00021 
   49   49    1    1    1    1    1    1    1    1  8.95699E+13 0.00015 
   50   50    1    1    1    1    1    1    1    1  8.47672E+13 0.00015 
   51   51    1    1    1    1    1    1    1    1  1.30498E+14 0.00012 
   52   52    1    1    1    1    1    1    1    1  1.03943E+14 0.00012 
   53   53    1    1    1    1    1    1    1    1  1.19572E+14 0.00011 
   54   54    1    1    1    1    1    1    1    1  8.45430E+13 0.00012 
   55   55    1    1    1    1    1    1    1    1  1.02103E+14 0.00012 
   56   56    1    1    1    1    1    1    1    1  7.15437E+13 0.00015 
   57   57    1    1    1    1    1    1    1    1  9.83090E+12 0.00026 
   58   58    1    1    1    1    1    1    1    1  1.40559E+14 0.00010 
   59   59    1    1    1    1    1    1    1    1  6.14329E+13 0.00021 
   60   60    1    1    1    1    1    1    1    1  6.63325E+13 0.00016 
   61   61    1    1    1    1    1    1    1    1  5.15917E+13 0.00017 
   62   62    1    1    1    1    1    1    1    1  5.17652E+13 0.00022 
   63   63    1    1    1    1    1    1    1    1  5.28218E+13 0.00021 
   64   64    1    1    1    1    1    1    1    1  4.41714E+13 0.00025 
   65   65    1    1    1    1    1    1    1    1  3.49857E+13 0.00033 
   66   66    1    1    1    1    1    1    1    1  3.45484E+13 0.00028 
   67   67    1    1    1    1    1    1    1    1  2.61946E+13 0.00030 
   68   68    1    1    1    1    1    1    1    1  2.15226E+13 0.00036 
   69   69    1    1    1    1    1    1    1    1  1.92029E+13 0.00033 
   70   70    1    1    1    1    1    1    1    1  2.32081E+13 0.00028 
   71   71    1    1    1    1    1    1    1    1  1.98877E+13 0.00034 
   72   72    1    1    1    1    1    1    1    1  3.70197E+13 0.00040 
   73   73    1    1    1    1    1    1    1    1  2.66362E+13 0.00032 
   74   74    1    1    1    1    1    1    1    1  2.02646E+13 0.00041 
   75   75    1    1    1    1    1    1    1    1  1.61975E+13 0.00034 
   76   76    1    1    1    1    1    1    1    1  1.32430E+13 0.00053 
   77   77    1    1    1    1    1    1    1    1  1.51309E+13 0.00057 
   78   78    1    1    1    1    1    1    1    1  1.17862E+13 0.00049 
   79   79    1    1    1    1    1    1    1    1  9.18004E+12 0.00055 
   80   80    1    1    1    1    1    1    1    1  9.42396E+12 0.00055 
   81   81    1    1    1    1    1    1    1    1  6.99075E+12 0.00079 
   82   82    1    1    1    1    1    1    1    1  5.36864E+12 0.00067 
   83   83    1    1    1    1    1    1    1    1  4.12179E+12 0.00084 
   84   84    1    1    1    1    1    1    1    1  3.85401E+12 0.00058 
   85   85    1    1    1    1    1    1    1    1  2.77653E+12 0.00119 
   86   86    1    1    1    1    1    1    1    1  1.99341E+12 0.00117 
   87   87    1    1    1    1    1    1    1    1  1.86877E+12 0.00114 
   88   88    1    1    1    1    1    1    1    1  1.15566E+12 0.00172 
   89   89    1    1    1    1    1    1    1    1  7.83649E+11 0.00153 
   90   90    1    1    1    1    1    1    1    1  4.54097E+11 0.00268 
   91   91    1    1    1    1    1    1    1    1  5.79873E+11 0.00267 
   92   92    1    1    1    1    1    1    1    1  0.00000E+00 0.00000 
   93   93    1    1    1    1    1    1    1    1  0.00000E+00 0.00000 
   94   94    1    1    1    1    1    1    1    1  0.00000E+00 0.00000 
   95   95    1    1    1    1    1    1    1    1  0.00000E+00 0.00000 
   96   96    1    1    1    1    1    1    1    1  0.00000E+00 0.00000 
   97   97    1    1    1    1    1    1    1    1  0.00000E+00 0.00000 
   98   98    1    1    1    1    1    1    1    1  0.00000E+00 0.00000 
   99   99    1    1    1    1    1    1    1    1  0.00000E+00 0.00000 
  100  100    1    1    1    1    1    1    1    1  0.00000E+00 0.00000 
];


