
DETdpaspec = [
    1    1    1    1    1    1    1    1    1    1  0.00000E+00 0.00000 
    2    2    1    1    1    1    1    1    1    1  0.00000E+00 0.00000 
    3    3    1    1    1    1    1    1    1    1  0.00000E+00 0.00000 
    4    4    1    1    1    1    1    1    1    1  0.00000E+00 0.00000 
    5    5    1    1    1    1    1    1    1    1  0.00000E+00 0.00000 
    6    6    1    1    1    1    1    1    1    1  0.00000E+00 0.00000 
    7    7    1    1    1    1    1    1    1    1  0.00000E+00 0.00000 
    8    8    1    1    1    1    1    1    1    1  0.00000E+00 0.00000 
    9    9    1    1    1    1    1    1    1    1  0.00000E+00 0.00000 
   10   10    1    1    1    1    1    1    1    1  0.00000E+00 0.00000 
   11   11    1    1    1    1    1    1    1    1  0.00000E+00 0.00000 
   12   12    1    1    1    1    1    1    1    1  0.00000E+00 0.00000 
   13   13    1    1    1    1    1    1    1    1  0.00000E+00 0.00000 
   14   14    1    1    1    1    1    1    1    1  0.00000E+00 0.00000 
   15   15    1    1    1    1    1    1    1    1  0.00000E+00 0.00000 
   16   16    1    1    1    1    1    1    1    1  0.00000E+00 0.00000 
   17   17    1    1    1    1    1    1    1    1  0.00000E+00 0.00000 
   18   18    1    1    1    1    1    1    1    1  0.00000E+00 0.00000 
   19   19    1    1    1    1    1    1    1    1  1.93474E+09 0.05209 
   20   20    1    1    1    1    1    1    1    1  3.09087E+08 0.08603 
   21   21    1    1    1    1    1    1    1    1  9.59069E+08 0.05001 
   22   22    1    1    1    1    1    1    1    1  7.81800E+08 0.05257 
   23   23    1    1    1    1    1    1    1    1  1.73524E+09 0.02924 
   24   24    1    1    1    1    1    1    1    1  2.92963E+09 0.02792 
   25   25    1    1    1    1    1    1    1    1  5.45914E+09 0.02662 
   26   26    1    1    1    1    1    1    1    1  8.34231E+09 0.01729 
   27   27    1    1    1    1    1    1    1    1  1.69636E+10 0.01342 
   28   28    1    1    1    1    1    1    1    1  3.71528E+10 0.00845 
   29   29    1    1    1    1    1    1    1    1  9.22342E+10 0.00499 
   30   30    1    1    1    1    1    1    1    1  1.52651E+11 0.00484 
   31   31    1    1    1    1    1    1    1    1  3.78304E+11 0.00277 
   32   32    1    1    1    1    1    1    1    1  1.00894E+12 0.00218 
   33   33    1    1    1    1    1    1    1    1  1.63547E+12 0.00177 
   34   34    1    1    1    1    1    1    1    1  3.49855E+12 0.00119 
   35   35    1    1    1    1    1    1    1    1  4.52332E+12 0.00079 
   36   36    1    1    1    1    1    1    1    1  5.88470E+12 0.00066 
   37   37    1    1    1    1    1    1    1    1  4.22372E+12 0.00056 
   38   38    1    1    1    1    1    1    1    1  1.29278E+12 0.00043 
   39   39    1    1    1    1    1    1    1    1  6.83387E+12 0.00044 
   40   40    1    1    1    1    1    1    1    1  8.80377E+12 0.00052 
   41   41    1    1    1    1    1    1    1    1  1.50314E+13 0.00041 
   42   42    1    1    1    1    1    1    1    1  1.45873E+13 0.00042 
   43   43    1    1    1    1    1    1    1    1  2.88344E+13 0.00037 
   44   44    1    1    1    1    1    1    1    1  3.30741E+13 0.00035 
   45   45    1    1    1    1    1    1    1    1  4.49001E+13 0.00030 
   46   46    1    1    1    1    1    1    1    1  8.51040E+13 0.00026 
   47   47    1    1    1    1    1    1    1    1  4.20795E+13 0.00021 
   48   48    1    1    1    1    1    1    1    1  6.37081E+13 0.00013 
   49   49    1    1    1    1    1    1    1    1  8.88798E+13 0.00020 
   50   50    1    1    1    1    1    1    1    1  8.33904E+13 0.00017 
   51   51    1    1    1    1    1    1    1    1  1.29911E+14 0.00015 
   52   52    1    1    1    1    1    1    1    1  1.01886E+14 0.00019 
   53   53    1    1    1    1    1    1    1    1  1.18983E+14 0.00018 
   54   54    1    1    1    1    1    1    1    1  8.35405E+13 0.00017 
   55   55    1    1    1    1    1    1    1    1  1.02413E+14 0.00018 
   56   56    1    1    1    1    1    1    1    1  7.13475E+13 0.00017 
   57   57    1    1    1    1    1    1    1    1  9.74690E+12 0.00036 
   58   58    1    1    1    1    1    1    1    1  1.39848E+14 0.00015 
   59   59    1    1    1    1    1    1    1    1  6.23008E+13 0.00025 
   60   60    1    1    1    1    1    1    1    1  6.66898E+13 0.00021 
   61   61    1    1    1    1    1    1    1    1  5.25663E+13 0.00024 
   62   62    1    1    1    1    1    1    1    1  5.25300E+13 0.00023 
   63   63    1    1    1    1    1    1    1    1  5.37581E+13 0.00025 
   64   64    1    1    1    1    1    1    1    1  4.50309E+13 0.00031 
   65   65    1    1    1    1    1    1    1    1  3.56027E+13 0.00019 
   66   66    1    1    1    1    1    1    1    1  3.50962E+13 0.00029 
   67   67    1    1    1    1    1    1    1    1  2.65639E+13 0.00031 
   68   68    1    1    1    1    1    1    1    1  2.16927E+13 0.00038 
   69   69    1    1    1    1    1    1    1    1  1.92849E+13 0.00035 
   70   70    1    1    1    1    1    1    1    1  2.33164E+13 0.00041 
   71   71    1    1    1    1    1    1    1    1  1.98930E+13 0.00048 
   72   72    1    1    1    1    1    1    1    1  3.64055E+13 0.00036 
   73   73    1    1    1    1    1    1    1    1  2.60258E+13 0.00038 
   74   74    1    1    1    1    1    1    1    1  1.98348E+13 0.00045 
   75   75    1    1    1    1    1    1    1    1  1.60263E+13 0.00043 
   76   76    1    1    1    1    1    1    1    1  1.32638E+13 0.00066 
   77   77    1    1    1    1    1    1    1    1  1.53375E+13 0.00043 
   78   78    1    1    1    1    1    1    1    1  1.21073E+13 0.00043 
   79   79    1    1    1    1    1    1    1    1  9.52260E+12 0.00057 
   80   80    1    1    1    1    1    1    1    1  9.85356E+12 0.00079 
   81   81    1    1    1    1    1    1    1    1  7.33190E+12 0.00091 
   82   82    1    1    1    1    1    1    1    1  5.66388E+12 0.00072 
   83   83    1    1    1    1    1    1    1    1  4.36029E+12 0.00090 
   84   84    1    1    1    1    1    1    1    1  4.08029E+12 0.00099 
   85   85    1    1    1    1    1    1    1    1  2.94035E+12 0.00097 
   86   86    1    1    1    1    1    1    1    1  2.12358E+12 0.00165 
   87   87    1    1    1    1    1    1    1    1  1.98777E+12 0.00143 
   88   88    1    1    1    1    1    1    1    1  1.22572E+12 0.00132 
   89   89    1    1    1    1    1    1    1    1  8.26446E+11 0.00191 
   90   90    1    1    1    1    1    1    1    1  4.77203E+11 0.00336 
   91   91    1    1    1    1    1    1    1    1  6.09046E+11 0.00194 
   92   92    1    1    1    1    1    1    1    1  0.00000E+00 0.00000 
   93   93    1    1    1    1    1    1    1    1  0.00000E+00 0.00000 
   94   94    1    1    1    1    1    1    1    1  0.00000E+00 0.00000 
   95   95    1    1    1    1    1    1    1    1  0.00000E+00 0.00000 
   96   96    1    1    1    1    1    1    1    1  0.00000E+00 0.00000 
   97   97    1    1    1    1    1    1    1    1  0.00000E+00 0.00000 
   98   98    1    1    1    1    1    1    1    1  0.00000E+00 0.00000 
   99   99    1    1    1    1    1    1    1    1  0.00000E+00 0.00000 
  100  100    1    1    1    1    1    1    1    1  0.00000E+00 0.00000 
];


