
DETdpaspec = [
    1    1    1    1    1    1    1    1    1    1  0.00000E+00 0.00000 
    2    2    1    1    1    1    1    1    1    1  0.00000E+00 0.00000 
    3    3    1    1    1    1    1    1    1    1  0.00000E+00 0.00000 
    4    4    1    1    1    1    1    1    1    1  0.00000E+00 0.00000 
    5    5    1    1    1    1    1    1    1    1  0.00000E+00 0.00000 
    6    6    1    1    1    1    1    1    1    1  0.00000E+00 0.00000 
    7    7    1    1    1    1    1    1    1    1  0.00000E+00 0.00000 
    8    8    1    1    1    1    1    1    1    1  0.00000E+00 0.00000 
    9    9    1    1    1    1    1    1    1    1  0.00000E+00 0.00000 
   10   10    1    1    1    1    1    1    1    1  0.00000E+00 0.00000 
   11   11    1    1    1    1    1    1    1    1  0.00000E+00 0.00000 
   12   12    1    1    1    1    1    1    1    1  0.00000E+00 0.00000 
   13   13    1    1    1    1    1    1    1    1  0.00000E+00 0.00000 
   14   14    1    1    1    1    1    1    1    1  0.00000E+00 0.00000 
   15   15    1    1    1    1    1    1    1    1  0.00000E+00 0.00000 
   16   16    1    1    1    1    1    1    1    1  0.00000E+00 0.00000 
   17   17    1    1    1    1    1    1    1    1  0.00000E+00 0.00000 
   18   18    1    1    1    1    1    1    1    1  0.00000E+00 0.00000 
   19   19    1    1    1    1    1    1    1    1  2.90730E+09 0.04463 
   20   20    1    1    1    1    1    1    1    1  5.40241E+08 0.05975 
   21   21    1    1    1    1    1    1    1    1  1.86489E+09 0.04002 
   22   22    1    1    1    1    1    1    1    1  1.32580E+09 0.02861 
   23   23    1    1    1    1    1    1    1    1  3.55516E+09 0.02808 
   24   24    1    1    1    1    1    1    1    1  5.26138E+09 0.01550 
   25   25    1    1    1    1    1    1    1    1  7.98417E+09 0.01905 
   26   26    1    1    1    1    1    1    1    1  1.08952E+10 0.01184 
   27   27    1    1    1    1    1    1    1    1  1.97591E+10 0.01376 
   28   28    1    1    1    1    1    1    1    1  3.91580E+10 0.01192 
   29   29    1    1    1    1    1    1    1    1  8.42799E+10 0.00567 
   30   30    1    1    1    1    1    1    1    1  1.24451E+11 0.00400 
   31   31    1    1    1    1    1    1    1    1  3.52532E+11 0.00221 
   32   32    1    1    1    1    1    1    1    1  9.47582E+11 0.00177 
   33   33    1    1    1    1    1    1    1    1  1.57773E+12 0.00176 
   34   34    1    1    1    1    1    1    1    1  3.32189E+12 0.00106 
   35   35    1    1    1    1    1    1    1    1  4.15421E+12 0.00092 
   36   36    1    1    1    1    1    1    1    1  5.89718E+12 0.00098 
   37   37    1    1    1    1    1    1    1    1  4.37289E+12 0.00072 
   38   38    1    1    1    1    1    1    1    1  1.37452E+12 0.00079 
   39   39    1    1    1    1    1    1    1    1  7.06708E+12 0.00067 
   40   40    1    1    1    1    1    1    1    1  9.08943E+12 0.00056 
   41   41    1    1    1    1    1    1    1    1  1.52205E+13 0.00047 
   42   42    1    1    1    1    1    1    1    1  1.51408E+13 0.00035 
   43   43    1    1    1    1    1    1    1    1  2.92825E+13 0.00033 
   44   44    1    1    1    1    1    1    1    1  3.34599E+13 0.00030 
   45   45    1    1    1    1    1    1    1    1  4.52977E+13 0.00028 
   46   46    1    1    1    1    1    1    1    1  8.46481E+13 0.00024 
   47   47    1    1    1    1    1    1    1    1  4.22199E+13 0.00018 
   48   48    1    1    1    1    1    1    1    1  6.44965E+13 0.00015 
   49   49    1    1    1    1    1    1    1    1  8.97472E+13 0.00019 
   50   50    1    1    1    1    1    1    1    1  8.49703E+13 0.00016 
   51   51    1    1    1    1    1    1    1    1  1.30579E+14 0.00012 
   52   52    1    1    1    1    1    1    1    1  1.04179E+14 0.00015 
   53   53    1    1    1    1    1    1    1    1  1.19652E+14 0.00016 
   54   54    1    1    1    1    1    1    1    1  8.46321E+13 0.00015 
   55   55    1    1    1    1    1    1    1    1  1.01999E+14 0.00017 
   56   56    1    1    1    1    1    1    1    1  7.15102E+13 0.00019 
   57   57    1    1    1    1    1    1    1    1  9.83985E+12 0.00034 
   58   58    1    1    1    1    1    1    1    1  1.40493E+14 0.00015 
   59   59    1    1    1    1    1    1    1    1  6.12676E+13 0.00016 
   60   60    1    1    1    1    1    1    1    1  6.62130E+13 0.00016 
   61   61    1    1    1    1    1    1    1    1  5.14108E+13 0.00024 
   62   62    1    1    1    1    1    1    1    1  5.16096E+13 0.00022 
   63   63    1    1    1    1    1    1    1    1  5.26465E+13 0.00015 
   64   64    1    1    1    1    1    1    1    1  4.39830E+13 0.00029 
   65   65    1    1    1    1    1    1    1    1  3.48466E+13 0.00029 
   66   66    1    1    1    1    1    1    1    1  3.44238E+13 0.00036 
   67   67    1    1    1    1    1    1    1    1  2.60973E+13 0.00033 
   68   68    1    1    1    1    1    1    1    1  2.14571E+13 0.00039 
   69   69    1    1    1    1    1    1    1    1  1.91361E+13 0.00028 
   70   70    1    1    1    1    1    1    1    1  2.31392E+13 0.00034 
   71   71    1    1    1    1    1    1    1    1  1.98183E+13 0.00041 
   72   72    1    1    1    1    1    1    1    1  3.69864E+13 0.00029 
   73   73    1    1    1    1    1    1    1    1  2.66251E+13 0.00049 
   74   74    1    1    1    1    1    1    1    1  2.02565E+13 0.00039 
   75   75    1    1    1    1    1    1    1    1  1.61670E+13 0.00050 
   76   76    1    1    1    1    1    1    1    1  1.32045E+13 0.00032 
   77   77    1    1    1    1    1    1    1    1  1.50527E+13 0.00056 
   78   78    1    1    1    1    1    1    1    1  1.17044E+13 0.00056 
   79   79    1    1    1    1    1    1    1    1  9.12093E+12 0.00039 
   80   80    1    1    1    1    1    1    1    1  9.35277E+12 0.00062 
   81   81    1    1    1    1    1    1    1    1  6.92094E+12 0.00062 
   82   82    1    1    1    1    1    1    1    1  5.31534E+12 0.00067 
   83   83    1    1    1    1    1    1    1    1  4.08384E+12 0.00077 
   84   84    1    1    1    1    1    1    1    1  3.81667E+12 0.00092 
   85   85    1    1    1    1    1    1    1    1  2.74505E+12 0.00097 
   86   86    1    1    1    1    1    1    1    1  1.97675E+12 0.00138 
   87   87    1    1    1    1    1    1    1    1  1.84889E+12 0.00133 
   88   88    1    1    1    1    1    1    1    1  1.14648E+12 0.00160 
   89   89    1    1    1    1    1    1    1    1  7.78132E+11 0.00156 
   90   90    1    1    1    1    1    1    1    1  4.50069E+11 0.00276 
   91   91    1    1    1    1    1    1    1    1  5.73901E+11 0.00274 
   92   92    1    1    1    1    1    1    1    1  0.00000E+00 0.00000 
   93   93    1    1    1    1    1    1    1    1  0.00000E+00 0.00000 
   94   94    1    1    1    1    1    1    1    1  0.00000E+00 0.00000 
   95   95    1    1    1    1    1    1    1    1  0.00000E+00 0.00000 
   96   96    1    1    1    1    1    1    1    1  0.00000E+00 0.00000 
   97   97    1    1    1    1    1    1    1    1  0.00000E+00 0.00000 
   98   98    1    1    1    1    1    1    1    1  0.00000E+00 0.00000 
   99   99    1    1    1    1    1    1    1    1  0.00000E+00 0.00000 
  100  100    1    1    1    1    1    1    1    1  0.00000E+00 0.00000 
];


