
DETdpaspec = [
    1    1    1    1    1    1    1    1    1    1  0.00000E+00 0.00000 
    2    2    1    1    1    1    1    1    1    1  0.00000E+00 0.00000 
    3    3    1    1    1    1    1    1    1    1  0.00000E+00 0.00000 
    4    4    1    1    1    1    1    1    1    1  0.00000E+00 0.00000 
    5    5    1    1    1    1    1    1    1    1  0.00000E+00 0.00000 
    6    6    1    1    1    1    1    1    1    1  0.00000E+00 0.00000 
    7    7    1    1    1    1    1    1    1    1  0.00000E+00 0.00000 
    8    8    1    1    1    1    1    1    1    1  0.00000E+00 0.00000 
    9    9    1    1    1    1    1    1    1    1  0.00000E+00 0.00000 
   10   10    1    1    1    1    1    1    1    1  0.00000E+00 0.00000 
   11   11    1    1    1    1    1    1    1    1  0.00000E+00 0.00000 
   12   12    1    1    1    1    1    1    1    1  0.00000E+00 0.00000 
   13   13    1    1    1    1    1    1    1    1  0.00000E+00 0.00000 
   14   14    1    1    1    1    1    1    1    1  0.00000E+00 0.00000 
   15   15    1    1    1    1    1    1    1    1  0.00000E+00 0.00000 
   16   16    1    1    1    1    1    1    1    1  0.00000E+00 0.00000 
   17   17    1    1    1    1    1    1    1    1  0.00000E+00 0.00000 
   18   18    1    1    1    1    1    1    1    1  0.00000E+00 0.00000 
   19   19    1    1    1    1    1    1    1    1  1.35065E+09 0.08530 
   20   20    1    1    1    1    1    1    1    1  2.17930E+08 0.12381 
   21   21    1    1    1    1    1    1    1    1  5.79328E+08 0.06825 
   22   22    1    1    1    1    1    1    1    1  7.09409E+08 0.05698 
   23   23    1    1    1    1    1    1    1    1  2.39815E+09 0.03525 
   24   24    1    1    1    1    1    1    1    1  9.52775E+09 0.02076 
   25   25    1    1    1    1    1    1    1    1  2.99716E+10 0.01633 
   26   26    1    1    1    1    1    1    1    1  5.11858E+10 0.00853 
   27   27    1    1    1    1    1    1    1    1  1.06754E+11 0.00654 
   28   28    1    1    1    1    1    1    1    1  2.11562E+11 0.00456 
   29   29    1    1    1    1    1    1    1    1  4.33404E+11 0.00250 
   30   30    1    1    1    1    1    1    1    1  6.60373E+11 0.00223 
   31   31    1    1    1    1    1    1    1    1  1.24152E+12 0.00162 
   32   32    1    1    1    1    1    1    1    1  2.55739E+12 0.00106 
   33   33    1    1    1    1    1    1    1    1  3.56809E+12 0.00083 
   34   34    1    1    1    1    1    1    1    1  6.69924E+12 0.00063 
   35   35    1    1    1    1    1    1    1    1  8.11172E+12 0.00045 
   36   36    1    1    1    1    1    1    1    1  8.89137E+12 0.00034 
   37   37    1    1    1    1    1    1    1    1  5.82665E+12 0.00037 
   38   38    1    1    1    1    1    1    1    1  1.70945E+12 0.00040 
   39   39    1    1    1    1    1    1    1    1  9.13385E+12 0.00039 
   40   40    1    1    1    1    1    1    1    1  1.15273E+13 0.00039 
   41   41    1    1    1    1    1    1    1    1  1.93563E+13 0.00028 
   42   42    1    1    1    1    1    1    1    1  1.79174E+13 0.00035 
   43   43    1    1    1    1    1    1    1    1  3.52293E+13 0.00021 
   44   44    1    1    1    1    1    1    1    1  3.94933E+13 0.00030 
   45   45    1    1    1    1    1    1    1    1  5.23964E+13 0.00026 
   46   46    1    1    1    1    1    1    1    1  9.68555E+13 0.00020 
   47   47    1    1    1    1    1    1    1    1  4.61372E+13 0.00018 
   48   48    1    1    1    1    1    1    1    1  6.84502E+13 0.00018 
   49   49    1    1    1    1    1    1    1    1  9.36175E+13 0.00016 
   50   50    1    1    1    1    1    1    1    1  8.58026E+13 0.00016 
   51   51    1    1    1    1    1    1    1    1  1.32630E+14 0.00015 
   52   52    1    1    1    1    1    1    1    1  1.00617E+14 0.00015 
   53   53    1    1    1    1    1    1    1    1  1.17568E+14 0.00017 
   54   54    1    1    1    1    1    1    1    1  8.09497E+13 0.00012 
   55   55    1    1    1    1    1    1    1    1  9.96241E+13 0.00014 
   56   56    1    1    1    1    1    1    1    1  6.85135E+13 0.00019 
   57   57    1    1    1    1    1    1    1    1  9.28166E+12 0.00028 
   58   58    1    1    1    1    1    1    1    1  1.32608E+14 0.00018 
   59   59    1    1    1    1    1    1    1    1  5.96076E+13 0.00024 
   60   60    1    1    1    1    1    1    1    1  6.28120E+13 0.00014 
   61   61    1    1    1    1    1    1    1    1  4.97752E+13 0.00020 
   62   62    1    1    1    1    1    1    1    1  4.93717E+13 0.00027 
   63   63    1    1    1    1    1    1    1    1  5.03204E+13 0.00018 
   64   64    1    1    1    1    1    1    1    1  4.19456E+13 0.00025 
   65   65    1    1    1    1    1    1    1    1  3.28826E+13 0.00024 
   66   66    1    1    1    1    1    1    1    1  3.21380E+13 0.00025 
   67   67    1    1    1    1    1    1    1    1  2.41636E+13 0.00031 
   68   68    1    1    1    1    1    1    1    1  1.95432E+13 0.00033 
   69   69    1    1    1    1    1    1    1    1  1.72768E+13 0.00048 
   70   70    1    1    1    1    1    1    1    1  2.07670E+13 0.00043 
   71   71    1    1    1    1    1    1    1    1  1.75629E+13 0.00040 
   72   72    1    1    1    1    1    1    1    1  3.13711E+13 0.00043 
   73   73    1    1    1    1    1    1    1    1  2.20913E+13 0.00043 
   74   74    1    1    1    1    1    1    1    1  1.67548E+13 0.00038 
   75   75    1    1    1    1    1    1    1    1  1.36175E+13 0.00039 
   76   76    1    1    1    1    1    1    1    1  1.13818E+13 0.00050 
   77   77    1    1    1    1    1    1    1    1  1.32533E+13 0.00049 
   78   78    1    1    1    1    1    1    1    1  1.05505E+13 0.00054 
   79   79    1    1    1    1    1    1    1    1  8.36321E+12 0.00048 
   80   80    1    1    1    1    1    1    1    1  8.68806E+12 0.00069 
   81   81    1    1    1    1    1    1    1    1  6.48639E+12 0.00075 
   82   82    1    1    1    1    1    1    1    1  5.01451E+12 0.00066 
   83   83    1    1    1    1    1    1    1    1  3.85860E+12 0.00090 
   84   84    1    1    1    1    1    1    1    1  3.61304E+12 0.00088 
   85   85    1    1    1    1    1    1    1    1  2.60710E+12 0.00091 
   86   86    1    1    1    1    1    1    1    1  1.87638E+12 0.00146 
   87   87    1    1    1    1    1    1    1    1  1.75575E+12 0.00155 
   88   88    1    1    1    1    1    1    1    1  1.07152E+12 0.00128 
   89   89    1    1    1    1    1    1    1    1  7.20742E+11 0.00219 
   90   90    1    1    1    1    1    1    1    1  4.14214E+11 0.00298 
   91   91    1    1    1    1    1    1    1    1  5.20049E+11 0.00312 
   92   92    1    1    1    1    1    1    1    1  0.00000E+00 0.00000 
   93   93    1    1    1    1    1    1    1    1  0.00000E+00 0.00000 
   94   94    1    1    1    1    1    1    1    1  0.00000E+00 0.00000 
   95   95    1    1    1    1    1    1    1    1  0.00000E+00 0.00000 
   96   96    1    1    1    1    1    1    1    1  0.00000E+00 0.00000 
   97   97    1    1    1    1    1    1    1    1  0.00000E+00 0.00000 
   98   98    1    1    1    1    1    1    1    1  0.00000E+00 0.00000 
   99   99    1    1    1    1    1    1    1    1  0.00000E+00 0.00000 
  100  100    1    1    1    1    1    1    1    1  0.00000E+00 0.00000 
];


