
DETdpaspec = [
    1    1    1    1    1    1    1    1    1    1  0.00000E+00 0.00000 
    2    2    1    1    1    1    1    1    1    1  0.00000E+00 0.00000 
    3    3    1    1    1    1    1    1    1    1  0.00000E+00 0.00000 
    4    4    1    1    1    1    1    1    1    1  0.00000E+00 0.00000 
    5    5    1    1    1    1    1    1    1    1  0.00000E+00 0.00000 
    6    6    1    1    1    1    1    1    1    1  0.00000E+00 0.00000 
    7    7    1    1    1    1    1    1    1    1  0.00000E+00 0.00000 
    8    8    1    1    1    1    1    1    1    1  0.00000E+00 0.00000 
    9    9    1    1    1    1    1    1    1    1  0.00000E+00 0.00000 
   10   10    1    1    1    1    1    1    1    1  0.00000E+00 0.00000 
   11   11    1    1    1    1    1    1    1    1  0.00000E+00 0.00000 
   12   12    1    1    1    1    1    1    1    1  0.00000E+00 0.00000 
   13   13    1    1    1    1    1    1    1    1  0.00000E+00 0.00000 
   14   14    1    1    1    1    1    1    1    1  0.00000E+00 0.00000 
   15   15    1    1    1    1    1    1    1    1  0.00000E+00 0.00000 
   16   16    1    1    1    1    1    1    1    1  0.00000E+00 0.00000 
   17   17    1    1    1    1    1    1    1    1  0.00000E+00 0.00000 
   18   18    1    1    1    1    1    1    1    1  0.00000E+00 0.00000 
   19   19    1    1    1    1    1    1    1    1  1.80800E+09 0.06386 
   20   20    1    1    1    1    1    1    1    1  2.55411E+08 0.07529 
   21   21    1    1    1    1    1    1    1    1  8.65714E+08 0.06621 
   22   22    1    1    1    1    1    1    1    1  7.25467E+08 0.04298 
   23   23    1    1    1    1    1    1    1    1  1.58361E+09 0.03723 
   24   24    1    1    1    1    1    1    1    1  2.74630E+09 0.02230 
   25   25    1    1    1    1    1    1    1    1  5.78403E+09 0.02194 
   26   26    1    1    1    1    1    1    1    1  9.69244E+09 0.02095 
   27   27    1    1    1    1    1    1    1    1  2.11769E+10 0.01403 
   28   28    1    1    1    1    1    1    1    1  4.70785E+10 0.00943 
   29   29    1    1    1    1    1    1    1    1  1.17724E+11 0.00426 
   30   30    1    1    1    1    1    1    1    1  1.96550E+11 0.00448 
   31   31    1    1    1    1    1    1    1    1  4.59145E+11 0.00259 
   32   32    1    1    1    1    1    1    1    1  1.17451E+12 0.00193 
   33   33    1    1    1    1    1    1    1    1  1.85634E+12 0.00162 
   34   34    1    1    1    1    1    1    1    1  3.89793E+12 0.00085 
   35   35    1    1    1    1    1    1    1    1  5.02595E+12 0.00068 
   36   36    1    1    1    1    1    1    1    1  6.28011E+12 0.00057 
   37   37    1    1    1    1    1    1    1    1  4.41988E+12 0.00043 
   38   38    1    1    1    1    1    1    1    1  1.33779E+12 0.00063 
   39   39    1    1    1    1    1    1    1    1  7.11264E+12 0.00044 
   40   40    1    1    1    1    1    1    1    1  9.14010E+12 0.00047 
   41   41    1    1    1    1    1    1    1    1  1.55899E+13 0.00047 
   42   42    1    1    1    1    1    1    1    1  1.49494E+13 0.00034 
   43   43    1    1    1    1    1    1    1    1  2.96195E+13 0.00032 
   44   44    1    1    1    1    1    1    1    1  3.38839E+13 0.00034 
   45   45    1    1    1    1    1    1    1    1  4.58662E+13 0.00024 
   46   46    1    1    1    1    1    1    1    1  8.67956E+13 0.00022 
   47   47    1    1    1    1    1    1    1    1  4.26312E+13 0.00021 
   48   48    1    1    1    1    1    1    1    1  6.42378E+13 0.00021 
   49   49    1    1    1    1    1    1    1    1  8.94350E+13 0.00021 
   50   50    1    1    1    1    1    1    1    1  8.34791E+13 0.00018 
   51   51    1    1    1    1    1    1    1    1  1.30238E+14 0.00018 
   52   52    1    1    1    1    1    1    1    1  1.01329E+14 0.00015 
   53   53    1    1    1    1    1    1    1    1  1.18686E+14 0.00019 
   54   54    1    1    1    1    1    1    1    1  8.29990E+13 0.00016 
   55   55    1    1    1    1    1    1    1    1  1.02139E+14 0.00015 
   56   56    1    1    1    1    1    1    1    1  7.09819E+13 0.00014 
   57   57    1    1    1    1    1    1    1    1  9.67340E+12 0.00044 
   58   58    1    1    1    1    1    1    1    1  1.38776E+14 0.00016 
   59   59    1    1    1    1    1    1    1    1  6.21531E+13 0.00020 
   60   60    1    1    1    1    1    1    1    1  6.62585E+13 0.00018 
   61   61    1    1    1    1    1    1    1    1  5.24279E+13 0.00017 
   62   62    1    1    1    1    1    1    1    1  5.22900E+13 0.00021 
   63   63    1    1    1    1    1    1    1    1  5.35140E+13 0.00021 
   64   64    1    1    1    1    1    1    1    1  4.48168E+13 0.00034 
   65   65    1    1    1    1    1    1    1    1  3.53513E+13 0.00034 
   66   66    1    1    1    1    1    1    1    1  3.48030E+13 0.00025 
   67   67    1    1    1    1    1    1    1    1  2.63152E+13 0.00026 
   68   68    1    1    1    1    1    1    1    1  2.14441E+13 0.00032 
   69   69    1    1    1    1    1    1    1    1  1.90342E+13 0.00042 
   70   70    1    1    1    1    1    1    1    1  2.29848E+13 0.00040 
   71   71    1    1    1    1    1    1    1    1  1.95886E+13 0.00047 
   72   72    1    1    1    1    1    1    1    1  3.55962E+13 0.00032 
   73   73    1    1    1    1    1    1    1    1  2.53711E+13 0.00038 
   74   74    1    1    1    1    1    1    1    1  1.93052E+13 0.00042 
   75   75    1    1    1    1    1    1    1    1  1.56410E+13 0.00043 
   76   76    1    1    1    1    1    1    1    1  1.29926E+13 0.00048 
   77   77    1    1    1    1    1    1    1    1  1.50722E+13 0.00042 
   78   78    1    1    1    1    1    1    1    1  1.19475E+13 0.00063 
   79   79    1    1    1    1    1    1    1    1  9.43483E+12 0.00053 
   80   80    1    1    1    1    1    1    1    1  9.78701E+12 0.00060 
   81   81    1    1    1    1    1    1    1    1  7.28250E+12 0.00087 
   82   82    1    1    1    1    1    1    1    1  5.62597E+12 0.00090 
   83   83    1    1    1    1    1    1    1    1  4.33888E+12 0.00094 
   84   84    1    1    1    1    1    1    1    1  4.06080E+12 0.00081 
   85   85    1    1    1    1    1    1    1    1  2.92988E+12 0.00095 
   86   86    1    1    1    1    1    1    1    1  2.11447E+12 0.00116 
   87   87    1    1    1    1    1    1    1    1  1.97946E+12 0.00133 
   88   88    1    1    1    1    1    1    1    1  1.21977E+12 0.00149 
   89   89    1    1    1    1    1    1    1    1  8.20018E+11 0.00237 
   90   90    1    1    1    1    1    1    1    1  4.76625E+11 0.00227 
   91   91    1    1    1    1    1    1    1    1  6.02365E+11 0.00234 
   92   92    1    1    1    1    1    1    1    1  0.00000E+00 0.00000 
   93   93    1    1    1    1    1    1    1    1  0.00000E+00 0.00000 
   94   94    1    1    1    1    1    1    1    1  0.00000E+00 0.00000 
   95   95    1    1    1    1    1    1    1    1  0.00000E+00 0.00000 
   96   96    1    1    1    1    1    1    1    1  0.00000E+00 0.00000 
   97   97    1    1    1    1    1    1    1    1  0.00000E+00 0.00000 
   98   98    1    1    1    1    1    1    1    1  0.00000E+00 0.00000 
   99   99    1    1    1    1    1    1    1    1  0.00000E+00 0.00000 
  100  100    1    1    1    1    1    1    1    1  0.00000E+00 0.00000 
];


