
DETdpaspec = [
    1    1    1    1    1    1    1    1    1    1  0.00000E+00 0.00000 
    2    2    1    1    1    1    1    1    1    1  0.00000E+00 0.00000 
    3    3    1    1    1    1    1    1    1    1  0.00000E+00 0.00000 
    4    4    1    1    1    1    1    1    1    1  0.00000E+00 0.00000 
    5    5    1    1    1    1    1    1    1    1  0.00000E+00 0.00000 
    6    6    1    1    1    1    1    1    1    1  0.00000E+00 0.00000 
    7    7    1    1    1    1    1    1    1    1  0.00000E+00 0.00000 
    8    8    1    1    1    1    1    1    1    1  0.00000E+00 0.00000 
    9    9    1    1    1    1    1    1    1    1  0.00000E+00 0.00000 
   10   10    1    1    1    1    1    1    1    1  0.00000E+00 0.00000 
   11   11    1    1    1    1    1    1    1    1  0.00000E+00 0.00000 
   12   12    1    1    1    1    1    1    1    1  0.00000E+00 0.00000 
   13   13    1    1    1    1    1    1    1    1  0.00000E+00 0.00000 
   14   14    1    1    1    1    1    1    1    1  0.00000E+00 0.00000 
   15   15    1    1    1    1    1    1    1    1  0.00000E+00 0.00000 
   16   16    1    1    1    1    1    1    1    1  0.00000E+00 0.00000 
   17   17    1    1    1    1    1    1    1    1  0.00000E+00 0.00000 
   18   18    1    1    1    1    1    1    1    1  0.00000E+00 0.00000 
   19   19    1    1    1    1    1    1    1    1  2.20584E+09 0.05926 
   20   20    1    1    1    1    1    1    1    1  3.41180E+08 0.07759 
   21   21    1    1    1    1    1    1    1    1  1.29146E+09 0.04406 
   22   22    1    1    1    1    1    1    1    1  9.19850E+08 0.05080 
   23   23    1    1    1    1    1    1    1    1  2.19552E+09 0.03572 
   24   24    1    1    1    1    1    1    1    1  3.23326E+09 0.03044 
   25   25    1    1    1    1    1    1    1    1  5.98101E+09 0.01895 
   26   26    1    1    1    1    1    1    1    1  8.40399E+09 0.01921 
   27   27    1    1    1    1    1    1    1    1  1.59182E+10 0.00882 
   28   28    1    1    1    1    1    1    1    1  3.41255E+10 0.00756 
   29   29    1    1    1    1    1    1    1    1  8.15917E+10 0.00444 
   30   30    1    1    1    1    1    1    1    1  1.32031E+11 0.00483 
   31   31    1    1    1    1    1    1    1    1  3.45761E+11 0.00240 
   32   32    1    1    1    1    1    1    1    1  9.33786E+11 0.00190 
   33   33    1    1    1    1    1    1    1    1  1.54474E+12 0.00185 
   34   34    1    1    1    1    1    1    1    1  3.31165E+12 0.00135 
   35   35    1    1    1    1    1    1    1    1  4.25701E+12 0.00092 
   36   36    1    1    1    1    1    1    1    1  5.72945E+12 0.00070 
   37   37    1    1    1    1    1    1    1    1  4.17391E+12 0.00072 
   38   38    1    1    1    1    1    1    1    1  1.28926E+12 0.00068 
   39   39    1    1    1    1    1    1    1    1  6.76543E+12 0.00069 
   40   40    1    1    1    1    1    1    1    1  8.73367E+12 0.00068 
   41   41    1    1    1    1    1    1    1    1  1.48450E+13 0.00042 
   42   42    1    1    1    1    1    1    1    1  1.45361E+13 0.00048 
   43   43    1    1    1    1    1    1    1    1  2.85922E+13 0.00033 
   44   44    1    1    1    1    1    1    1    1  3.28349E+13 0.00027 
   45   45    1    1    1    1    1    1    1    1  4.45968E+13 0.00023 
   46   46    1    1    1    1    1    1    1    1  8.43500E+13 0.00020 
   47   47    1    1    1    1    1    1    1    1  4.18916E+13 0.00022 
   48   48    1    1    1    1    1    1    1    1  6.36522E+13 0.00023 
   49   49    1    1    1    1    1    1    1    1  8.88745E+13 0.00015 
   50   50    1    1    1    1    1    1    1    1  8.36739E+13 0.00019 
   51   51    1    1    1    1    1    1    1    1  1.29974E+14 0.00014 
   52   52    1    1    1    1    1    1    1    1  1.02528E+14 0.00015 
   53   53    1    1    1    1    1    1    1    1  1.19199E+14 0.00015 
   54   54    1    1    1    1    1    1    1    1  8.39310E+13 0.00015 
   55   55    1    1    1    1    1    1    1    1  1.02432E+14 0.00017 
   56   56    1    1    1    1    1    1    1    1  7.15104E+13 0.00019 
   57   57    1    1    1    1    1    1    1    1  9.79042E+12 0.00030 
   58   58    1    1    1    1    1    1    1    1  1.40333E+14 0.00019 
   59   59    1    1    1    1    1    1    1    1  6.21619E+13 0.00022 
   60   60    1    1    1    1    1    1    1    1  6.67508E+13 0.00028 
   61   61    1    1    1    1    1    1    1    1  5.24052E+13 0.00024 
   62   62    1    1    1    1    1    1    1    1  5.24584E+13 0.00016 
   63   63    1    1    1    1    1    1    1    1  5.36353E+13 0.00025 
   64   64    1    1    1    1    1    1    1    1  4.49109E+13 0.00022 
   65   65    1    1    1    1    1    1    1    1  3.55469E+13 0.00024 
   66   66    1    1    1    1    1    1    1    1  3.50817E+13 0.00027 
   67   67    1    1    1    1    1    1    1    1  2.65739E+13 0.00034 
   68   68    1    1    1    1    1    1    1    1  2.17499E+13 0.00038 
   69   69    1    1    1    1    1    1    1    1  1.93682E+13 0.00034 
   70   70    1    1    1    1    1    1    1    1  2.34083E+13 0.00037 
   71   71    1    1    1    1    1    1    1    1  2.00193E+13 0.00042 
   72   72    1    1    1    1    1    1    1    1  3.68454E+13 0.00043 
   73   73    1    1    1    1    1    1    1    1  2.64039E+13 0.00036 
   74   74    1    1    1    1    1    1    1    1  2.01172E+13 0.00034 
   75   75    1    1    1    1    1    1    1    1  1.61913E+13 0.00031 
   76   76    1    1    1    1    1    1    1    1  1.33572E+13 0.00050 
   77   77    1    1    1    1    1    1    1    1  1.53875E+13 0.00045 
   78   78    1    1    1    1    1    1    1    1  1.21040E+13 0.00068 
   79   79    1    1    1    1    1    1    1    1  9.49412E+12 0.00055 
   80   80    1    1    1    1    1    1    1    1  9.78683E+12 0.00051 
   81   81    1    1    1    1    1    1    1    1  7.27545E+12 0.00077 
   82   82    1    1    1    1    1    1    1    1  5.61469E+12 0.00084 
   83   83    1    1    1    1    1    1    1    1  4.31636E+12 0.00080 
   84   84    1    1    1    1    1    1    1    1  4.03556E+12 0.00089 
   85   85    1    1    1    1    1    1    1    1  2.90857E+12 0.00110 
   86   86    1    1    1    1    1    1    1    1  2.09447E+12 0.00124 
   87   87    1    1    1    1    1    1    1    1  1.96418E+12 0.00144 
   88   88    1    1    1    1    1    1    1    1  1.21472E+12 0.00174 
   89   89    1    1    1    1    1    1    1    1  8.21585E+11 0.00118 
   90   90    1    1    1    1    1    1    1    1  4.74338E+11 0.00262 
   91   91    1    1    1    1    1    1    1    1  6.05180E+11 0.00224 
   92   92    1    1    1    1    1    1    1    1  0.00000E+00 0.00000 
   93   93    1    1    1    1    1    1    1    1  0.00000E+00 0.00000 
   94   94    1    1    1    1    1    1    1    1  0.00000E+00 0.00000 
   95   95    1    1    1    1    1    1    1    1  0.00000E+00 0.00000 
   96   96    1    1    1    1    1    1    1    1  0.00000E+00 0.00000 
   97   97    1    1    1    1    1    1    1    1  0.00000E+00 0.00000 
   98   98    1    1    1    1    1    1    1    1  0.00000E+00 0.00000 
   99   99    1    1    1    1    1    1    1    1  0.00000E+00 0.00000 
  100  100    1    1    1    1    1    1    1    1  0.00000E+00 0.00000 
];


