
DETdpaspec = [
    1    1    1    1    1    1    1    1    1    1  0.00000E+00 0.00000 
    2    2    1    1    1    1    1    1    1    1  0.00000E+00 0.00000 
    3    3    1    1    1    1    1    1    1    1  0.00000E+00 0.00000 
    4    4    1    1    1    1    1    1    1    1  0.00000E+00 0.00000 
    5    5    1    1    1    1    1    1    1    1  0.00000E+00 0.00000 
    6    6    1    1    1    1    1    1    1    1  0.00000E+00 0.00000 
    7    7    1    1    1    1    1    1    1    1  0.00000E+00 0.00000 
    8    8    1    1    1    1    1    1    1    1  0.00000E+00 0.00000 
    9    9    1    1    1    1    1    1    1    1  0.00000E+00 0.00000 
   10   10    1    1    1    1    1    1    1    1  0.00000E+00 0.00000 
   11   11    1    1    1    1    1    1    1    1  0.00000E+00 0.00000 
   12   12    1    1    1    1    1    1    1    1  0.00000E+00 0.00000 
   13   13    1    1    1    1    1    1    1    1  0.00000E+00 0.00000 
   14   14    1    1    1    1    1    1    1    1  0.00000E+00 0.00000 
   15   15    1    1    1    1    1    1    1    1  0.00000E+00 0.00000 
   16   16    1    1    1    1    1    1    1    1  0.00000E+00 0.00000 
   17   17    1    1    1    1    1    1    1    1  0.00000E+00 0.00000 
   18   18    1    1    1    1    1    1    1    1  0.00000E+00 0.00000 
   19   19    1    1    1    1    1    1    1    1  2.32599E+09 0.05518 
   20   20    1    1    1    1    1    1    1    1  3.20529E+08 0.04414 
   21   21    1    1    1    1    1    1    1    1  1.14015E+09 0.05680 
   22   22    1    1    1    1    1    1    1    1  9.32944E+08 0.04662 
   23   23    1    1    1    1    1    1    1    1  2.25853E+09 0.02532 
   24   24    1    1    1    1    1    1    1    1  3.60154E+09 0.02131 
   25   25    1    1    1    1    1    1    1    1  6.00415E+09 0.02129 
   26   26    1    1    1    1    1    1    1    1  8.30370E+09 0.01688 
   27   27    1    1    1    1    1    1    1    1  1.60936E+10 0.01234 
   28   28    1    1    1    1    1    1    1    1  3.41150E+10 0.00795 
   29   29    1    1    1    1    1    1    1    1  8.10790E+10 0.00652 
   30   30    1    1    1    1    1    1    1    1  1.30628E+11 0.00436 
   31   31    1    1    1    1    1    1    1    1  3.42649E+11 0.00319 
   32   32    1    1    1    1    1    1    1    1  9.28033E+11 0.00194 
   33   33    1    1    1    1    1    1    1    1  1.53451E+12 0.00177 
   34   34    1    1    1    1    1    1    1    1  3.29869E+12 0.00110 
   35   35    1    1    1    1    1    1    1    1  4.24094E+12 0.00062 
   36   36    1    1    1    1    1    1    1    1  5.71957E+12 0.00075 
   37   37    1    1    1    1    1    1    1    1  4.17169E+12 0.00055 
   38   38    1    1    1    1    1    1    1    1  1.29029E+12 0.00054 
   39   39    1    1    1    1    1    1    1    1  6.76018E+12 0.00051 
   40   40    1    1    1    1    1    1    1    1  8.72141E+12 0.00044 
   41   41    1    1    1    1    1    1    1    1  1.48159E+13 0.00040 
   42   42    1    1    1    1    1    1    1    1  1.45330E+13 0.00036 
   43   43    1    1    1    1    1    1    1    1  2.85802E+13 0.00042 
   44   44    1    1    1    1    1    1    1    1  3.27978E+13 0.00042 
   45   45    1    1    1    1    1    1    1    1  4.45898E+13 0.00036 
   46   46    1    1    1    1    1    1    1    1  8.43050E+13 0.00034 
   47   47    1    1    1    1    1    1    1    1  4.18792E+13 0.00027 
   48   48    1    1    1    1    1    1    1    1  6.36707E+13 0.00022 
   49   49    1    1    1    1    1    1    1    1  8.88747E+13 0.00015 
   50   50    1    1    1    1    1    1    1    1  8.37371E+13 0.00019 
   51   51    1    1    1    1    1    1    1    1  1.30003E+14 0.00015 
   52   52    1    1    1    1    1    1    1    1  1.02601E+14 0.00020 
   53   53    1    1    1    1    1    1    1    1  1.19241E+14 0.00013 
   54   54    1    1    1    1    1    1    1    1  8.39789E+13 0.00013 
   55   55    1    1    1    1    1    1    1    1  1.02457E+14 0.00016 
   56   56    1    1    1    1    1    1    1    1  7.15394E+13 0.00016 
   57   57    1    1    1    1    1    1    1    1  9.80306E+12 0.00036 
   58   58    1    1    1    1    1    1    1    1  1.40423E+14 0.00018 
   59   59    1    1    1    1    1    1    1    1  6.21470E+13 0.00025 
   60   60    1    1    1    1    1    1    1    1  6.67571E+13 0.00026 
   61   61    1    1    1    1    1    1    1    1  5.23724E+13 0.00024 
   62   62    1    1    1    1    1    1    1    1  5.24086E+13 0.00025 
   63   63    1    1    1    1    1    1    1    1  5.36052E+13 0.00027 
   64   64    1    1    1    1    1    1    1    1  4.49071E+13 0.00032 
   65   65    1    1    1    1    1    1    1    1  3.55246E+13 0.00021 
   66   66    1    1    1    1    1    1    1    1  3.50684E+13 0.00023 
   67   67    1    1    1    1    1    1    1    1  2.65556E+13 0.00033 
   68   68    1    1    1    1    1    1    1    1  2.17420E+13 0.00044 
   69   69    1    1    1    1    1    1    1    1  1.93590E+13 0.00043 
   70   70    1    1    1    1    1    1    1    1  2.34177E+13 0.00041 
   71   71    1    1    1    1    1    1    1    1  2.00084E+13 0.00041 
   72   72    1    1    1    1    1    1    1    1  3.68629E+13 0.00038 
   73   73    1    1    1    1    1    1    1    1  2.64289E+13 0.00044 
   74   74    1    1    1    1    1    1    1    1  2.01510E+13 0.00031 
   75   75    1    1    1    1    1    1    1    1  1.62039E+13 0.00055 
   76   76    1    1    1    1    1    1    1    1  1.33565E+13 0.00044 
   77   77    1    1    1    1    1    1    1    1  1.53763E+13 0.00041 
   78   78    1    1    1    1    1    1    1    1  1.20625E+13 0.00043 
   79   79    1    1    1    1    1    1    1    1  9.47623E+12 0.00062 
   80   80    1    1    1    1    1    1    1    1  9.78628E+12 0.00064 
   81   81    1    1    1    1    1    1    1    1  7.26127E+12 0.00056 
   82   82    1    1    1    1    1    1    1    1  5.60789E+12 0.00080 
   83   83    1    1    1    1    1    1    1    1  4.31275E+12 0.00081 
   84   84    1    1    1    1    1    1    1    1  4.03834E+12 0.00071 
   85   85    1    1    1    1    1    1    1    1  2.90886E+12 0.00103 
   86   86    1    1    1    1    1    1    1    1  2.09994E+12 0.00167 
   87   87    1    1    1    1    1    1    1    1  1.96411E+12 0.00111 
   88   88    1    1    1    1    1    1    1    1  1.20776E+12 0.00188 
   89   89    1    1    1    1    1    1    1    1  8.18612E+11 0.00205 
   90   90    1    1    1    1    1    1    1    1  4.74957E+11 0.00257 
   91   91    1    1    1    1    1    1    1    1  6.03004E+11 0.00250 
   92   92    1    1    1    1    1    1    1    1  0.00000E+00 0.00000 
   93   93    1    1    1    1    1    1    1    1  0.00000E+00 0.00000 
   94   94    1    1    1    1    1    1    1    1  0.00000E+00 0.00000 
   95   95    1    1    1    1    1    1    1    1  0.00000E+00 0.00000 
   96   96    1    1    1    1    1    1    1    1  0.00000E+00 0.00000 
   97   97    1    1    1    1    1    1    1    1  0.00000E+00 0.00000 
   98   98    1    1    1    1    1    1    1    1  0.00000E+00 0.00000 
   99   99    1    1    1    1    1    1    1    1  0.00000E+00 0.00000 
  100  100    1    1    1    1    1    1    1    1  0.00000E+00 0.00000 
];


