
DETdpaspec = [
    1    1    1    1    1    1    1    1    1    1  0.00000E+00 0.00000 
    2    2    1    1    1    1    1    1    1    1  0.00000E+00 0.00000 
    3    3    1    1    1    1    1    1    1    1  0.00000E+00 0.00000 
    4    4    1    1    1    1    1    1    1    1  0.00000E+00 0.00000 
    5    5    1    1    1    1    1    1    1    1  0.00000E+00 0.00000 
    6    6    1    1    1    1    1    1    1    1  0.00000E+00 0.00000 
    7    7    1    1    1    1    1    1    1    1  0.00000E+00 0.00000 
    8    8    1    1    1    1    1    1    1    1  0.00000E+00 0.00000 
    9    9    1    1    1    1    1    1    1    1  0.00000E+00 0.00000 
   10   10    1    1    1    1    1    1    1    1  0.00000E+00 0.00000 
   11   11    1    1    1    1    1    1    1    1  0.00000E+00 0.00000 
   12   12    1    1    1    1    1    1    1    1  0.00000E+00 0.00000 
   13   13    1    1    1    1    1    1    1    1  0.00000E+00 0.00000 
   14   14    1    1    1    1    1    1    1    1  0.00000E+00 0.00000 
   15   15    1    1    1    1    1    1    1    1  0.00000E+00 0.00000 
   16   16    1    1    1    1    1    1    1    1  0.00000E+00 0.00000 
   17   17    1    1    1    1    1    1    1    1  0.00000E+00 0.00000 
   18   18    1    1    1    1    1    1    1    1  0.00000E+00 0.00000 
   19   19    1    1    1    1    1    1    1    1  2.41992E+09 0.04774 
   20   20    1    1    1    1    1    1    1    1  3.94620E+08 0.06499 
   21   21    1    1    1    1    1    1    1    1  1.27701E+09 0.04541 
   22   22    1    1    1    1    1    1    1    1  1.09446E+09 0.04006 
   23   23    1    1    1    1    1    1    1    1  2.81174E+09 0.02602 
   24   24    1    1    1    1    1    1    1    1  3.81711E+09 0.01982 
   25   25    1    1    1    1    1    1    1    1  6.63553E+09 0.01667 
   26   26    1    1    1    1    1    1    1    1  8.97889E+09 0.01671 
   27   27    1    1    1    1    1    1    1    1  1.67333E+10 0.01053 
   28   28    1    1    1    1    1    1    1    1  3.46136E+10 0.00926 
   29   29    1    1    1    1    1    1    1    1  7.95440E+10 0.00446 
   30   30    1    1    1    1    1    1    1    1  1.24864E+11 0.00243 
   31   31    1    1    1    1    1    1    1    1  3.37211E+11 0.00264 
   32   32    1    1    1    1    1    1    1    1  9.16559E+11 0.00131 
   33   33    1    1    1    1    1    1    1    1  1.52061E+12 0.00142 
   34   34    1    1    1    1    1    1    1    1  3.25311E+12 0.00103 
   35   35    1    1    1    1    1    1    1    1  4.15282E+12 0.00083 
   36   36    1    1    1    1    1    1    1    1  5.71024E+12 0.00061 
   37   37    1    1    1    1    1    1    1    1  4.19287E+12 0.00046 
   38   38    1    1    1    1    1    1    1    1  1.30491E+12 0.00050 
   39   39    1    1    1    1    1    1    1    1  6.80221E+12 0.00055 
   40   40    1    1    1    1    1    1    1    1  8.76994E+12 0.00047 
   41   41    1    1    1    1    1    1    1    1  1.48406E+13 0.00042 
   42   42    1    1    1    1    1    1    1    1  1.46329E+13 0.00038 
   43   43    1    1    1    1    1    1    1    1  2.86544E+13 0.00021 
   44   44    1    1    1    1    1    1    1    1  3.28869E+13 0.00024 
   45   45    1    1    1    1    1    1    1    1  4.46674E+13 0.00025 
   46   46    1    1    1    1    1    1    1    1  8.42175E+13 0.00023 
   47   47    1    1    1    1    1    1    1    1  4.19162E+13 0.00023 
   48   48    1    1    1    1    1    1    1    1  6.38172E+13 0.00023 
   49   49    1    1    1    1    1    1    1    1  8.90744E+13 0.00015 
   50   50    1    1    1    1    1    1    1    1  8.40564E+13 0.00013 
   51   51    1    1    1    1    1    1    1    1  1.30145E+14 0.00019 
   52   52    1    1    1    1    1    1    1    1  1.03115E+14 0.00022 
   53   53    1    1    1    1    1    1    1    1  1.19388E+14 0.00020 
   54   54    1    1    1    1    1    1    1    1  8.41997E+13 0.00019 
   55   55    1    1    1    1    1    1    1    1  1.02370E+14 0.00014 
   56   56    1    1    1    1    1    1    1    1  7.15931E+13 0.00017 
   57   57    1    1    1    1    1    1    1    1  9.82052E+12 0.00038 
   58   58    1    1    1    1    1    1    1    1  1.40528E+14 0.00012 
   59   59    1    1    1    1    1    1    1    1  6.19217E+13 0.00023 
   60   60    1    1    1    1    1    1    1    1  6.66704E+13 0.00019 
   61   61    1    1    1    1    1    1    1    1  5.21241E+13 0.00020 
   62   62    1    1    1    1    1    1    1    1  5.22426E+13 0.00016 
   63   63    1    1    1    1    1    1    1    1  5.33995E+13 0.00019 
   64   64    1    1    1    1    1    1    1    1  4.46805E+13 0.00022 
   65   65    1    1    1    1    1    1    1    1  3.53702E+13 0.00027 
   66   66    1    1    1    1    1    1    1    1  3.49132E+13 0.00033 
   67   67    1    1    1    1    1    1    1    1  2.64727E+13 0.00038 
   68   68    1    1    1    1    1    1    1    1  2.16949E+13 0.00044 
   69   69    1    1    1    1    1    1    1    1  1.93349E+13 0.00055 
   70   70    1    1    1    1    1    1    1    1  2.33794E+13 0.00048 
   71   71    1    1    1    1    1    1    1    1  1.99878E+13 0.00049 
   72   72    1    1    1    1    1    1    1    1  3.69984E+13 0.00034 
   73   73    1    1    1    1    1    1    1    1  2.65666E+13 0.00053 
   74   74    1    1    1    1    1    1    1    1  2.02146E+13 0.00041 
   75   75    1    1    1    1    1    1    1    1  1.62387E+13 0.00052 
   76   76    1    1    1    1    1    1    1    1  1.33476E+13 0.00056 
   77   77    1    1    1    1    1    1    1    1  1.53386E+13 0.00046 
   78   78    1    1    1    1    1    1    1    1  1.19911E+13 0.00047 
   79   79    1    1    1    1    1    1    1    1  9.39237E+12 0.00062 
   80   80    1    1    1    1    1    1    1    1  9.66451E+12 0.00062 
   81   81    1    1    1    1    1    1    1    1  7.18594E+12 0.00066 
   82   82    1    1    1    1    1    1    1    1  5.53412E+12 0.00075 
   83   83    1    1    1    1    1    1    1    1  4.25304E+12 0.00083 
   84   84    1    1    1    1    1    1    1    1  3.98415E+12 0.00080 
   85   85    1    1    1    1    1    1    1    1  2.86277E+12 0.00100 
   86   86    1    1    1    1    1    1    1    1  2.06682E+12 0.00086 
   87   87    1    1    1    1    1    1    1    1  1.93595E+12 0.00096 
   88   88    1    1    1    1    1    1    1    1  1.19658E+12 0.00201 
   89   89    1    1    1    1    1    1    1    1  8.04631E+11 0.00222 
   90   90    1    1    1    1    1    1    1    1  4.66548E+11 0.00322 
   91   91    1    1    1    1    1    1    1    1  5.98759E+11 0.00239 
   92   92    1    1    1    1    1    1    1    1  0.00000E+00 0.00000 
   93   93    1    1    1    1    1    1    1    1  0.00000E+00 0.00000 
   94   94    1    1    1    1    1    1    1    1  0.00000E+00 0.00000 
   95   95    1    1    1    1    1    1    1    1  0.00000E+00 0.00000 
   96   96    1    1    1    1    1    1    1    1  0.00000E+00 0.00000 
   97   97    1    1    1    1    1    1    1    1  0.00000E+00 0.00000 
   98   98    1    1    1    1    1    1    1    1  0.00000E+00 0.00000 
   99   99    1    1    1    1    1    1    1    1  0.00000E+00 0.00000 
  100  100    1    1    1    1    1    1    1    1  0.00000E+00 0.00000 
];


