
DETdpaspec = [
    1    1    1    1    1    1    1    1    1    1  0.00000E+00 0.00000 
    2    2    1    1    1    1    1    1    1    1  0.00000E+00 0.00000 
    3    3    1    1    1    1    1    1    1    1  0.00000E+00 0.00000 
    4    4    1    1    1    1    1    1    1    1  0.00000E+00 0.00000 
    5    5    1    1    1    1    1    1    1    1  0.00000E+00 0.00000 
    6    6    1    1    1    1    1    1    1    1  0.00000E+00 0.00000 
    7    7    1    1    1    1    1    1    1    1  0.00000E+00 0.00000 
    8    8    1    1    1    1    1    1    1    1  0.00000E+00 0.00000 
    9    9    1    1    1    1    1    1    1    1  0.00000E+00 0.00000 
   10   10    1    1    1    1    1    1    1    1  0.00000E+00 0.00000 
   11   11    1    1    1    1    1    1    1    1  0.00000E+00 0.00000 
   12   12    1    1    1    1    1    1    1    1  0.00000E+00 0.00000 
   13   13    1    1    1    1    1    1    1    1  0.00000E+00 0.00000 
   14   14    1    1    1    1    1    1    1    1  0.00000E+00 0.00000 
   15   15    1    1    1    1    1    1    1    1  0.00000E+00 0.00000 
   16   16    1    1    1    1    1    1    1    1  0.00000E+00 0.00000 
   17   17    1    1    1    1    1    1    1    1  0.00000E+00 0.00000 
   18   18    1    1    1    1    1    1    1    1  0.00000E+00 0.00000 
   19   19    1    1    1    1    1    1    1    1  5.47255E+09 0.01724 
   20   20    1    1    1    1    1    1    1    1  1.21839E+09 0.03207 
   21   21    1    1    1    1    1    1    1    1  3.87414E+09 0.02422 
   22   22    1    1    1    1    1    1    1    1  3.01449E+09 0.02128 
   23   23    1    1    1    1    1    1    1    1  8.87285E+09 0.01429 
   24   24    1    1    1    1    1    1    1    1  1.12345E+10 0.01378 
   25   25    1    1    1    1    1    1    1    1  1.79481E+10 0.00754 
   26   26    1    1    1    1    1    1    1    1  2.33431E+10 0.00913 
   27   27    1    1    1    1    1    1    1    1  3.93079E+10 0.00814 
   28   28    1    1    1    1    1    1    1    1  7.57629E+10 0.00510 
   29   29    1    1    1    1    1    1    1    1  1.35082E+11 0.00366 
   30   30    1    1    1    1    1    1    1    1  1.75587E+11 0.00367 
   31   31    1    1    1    1    1    1    1    1  5.17518E+11 0.00253 
   32   32    1    1    1    1    1    1    1    1  1.29949E+12 0.00174 
   33   33    1    1    1    1    1    1    1    1  2.08255E+12 0.00098 
   34   34    1    1    1    1    1    1    1    1  4.09922E+12 0.00077 
   35   35    1    1    1    1    1    1    1    1  4.82110E+12 0.00068 
   36   36    1    1    1    1    1    1    1    1  7.12426E+12 0.00055 
   37   37    1    1    1    1    1    1    1    1  5.28855E+12 0.00040 
   38   38    1    1    1    1    1    1    1    1  1.68702E+12 0.00045 
   39   39    1    1    1    1    1    1    1    1  8.33039E+12 0.00033 
   40   40    1    1    1    1    1    1    1    1  1.05777E+13 0.00036 
   41   41    1    1    1    1    1    1    1    1  1.70922E+13 0.00032 
   42   42    1    1    1    1    1    1    1    1  1.72130E+13 0.00027 
   43   43    1    1    1    1    1    1    1    1  3.20716E+13 0.00028 
   44   44    1    1    1    1    1    1    1    1  3.60613E+13 0.00024 
   45   45    1    1    1    1    1    1    1    1  4.80360E+13 0.00015 
   46   46    1    1    1    1    1    1    1    1  8.70949E+13 0.00022 
   47   47    1    1    1    1    1    1    1    1  4.33963E+13 0.00018 
   48   48    1    1    1    1    1    1    1    1  6.64306E+13 0.00017 
   49   49    1    1    1    1    1    1    1    1  9.15334E+13 0.00014 
   50   50    1    1    1    1    1    1    1    1  8.69601E+13 0.00015 
   51   51    1    1    1    1    1    1    1    1  1.31174E+14 0.00014 
   52   52    1    1    1    1    1    1    1    1  1.05927E+14 0.00015 
   53   53    1    1    1    1    1    1    1    1  1.19221E+14 0.00020 
   54   54    1    1    1    1    1    1    1    1  8.49265E+13 0.00016 
   55   55    1    1    1    1    1    1    1    1  1.00434E+14 0.00015 
   56   56    1    1    1    1    1    1    1    1  7.09022E+13 0.00015 
   57   57    1    1    1    1    1    1    1    1  9.82004E+12 0.00026 
   58   58    1    1    1    1    1    1    1    1  1.39410E+14 0.00017 
   59   59    1    1    1    1    1    1    1    1  5.94515E+13 0.00020 
   60   60    1    1    1    1    1    1    1    1  6.47095E+13 0.00011 
   61   61    1    1    1    1    1    1    1    1  4.94766E+13 0.00020 
   62   62    1    1    1    1    1    1    1    1  4.98496E+13 0.00017 
   63   63    1    1    1    1    1    1    1    1  5.05814E+13 0.00024 
   64   64    1    1    1    1    1    1    1    1  4.20362E+13 0.00029 
   65   65    1    1    1    1    1    1    1    1  3.33093E+13 0.00031 
   66   66    1    1    1    1    1    1    1    1  3.29283E+13 0.00024 
   67   67    1    1    1    1    1    1    1    1  2.49217E+13 0.00023 
   68   68    1    1    1    1    1    1    1    1  2.05820E+13 0.00036 
   69   69    1    1    1    1    1    1    1    1  1.84000E+13 0.00033 
   70   70    1    1    1    1    1    1    1    1  2.22142E+13 0.00042 
   71   71    1    1    1    1    1    1    1    1  1.90785E+13 0.00043 
   72   72    1    1    1    1    1    1    1    1  3.61688E+13 0.00030 
   73   73    1    1    1    1    1    1    1    1  2.61585E+13 0.00027 
   74   74    1    1    1    1    1    1    1    1  1.98204E+13 0.00040 
   75   75    1    1    1    1    1    1    1    1  1.55741E+13 0.00043 
   76   76    1    1    1    1    1    1    1    1  1.25422E+13 0.00041 
   77   77    1    1    1    1    1    1    1    1  1.41136E+13 0.00037 
   78   78    1    1    1    1    1    1    1    1  1.07909E+13 0.00041 
   79   79    1    1    1    1    1    1    1    1  8.31302E+12 0.00057 
   80   80    1    1    1    1    1    1    1    1  8.45963E+12 0.00068 
   81   81    1    1    1    1    1    1    1    1  6.21835E+12 0.00085 
   82   82    1    1    1    1    1    1    1    1  4.75710E+12 0.00062 
   83   83    1    1    1    1    1    1    1    1  3.64762E+12 0.00095 
   84   84    1    1    1    1    1    1    1    1  3.40100E+12 0.00119 
   85   85    1    1    1    1    1    1    1    1  2.43698E+12 0.00131 
   86   86    1    1    1    1    1    1    1    1  1.75014E+12 0.00137 
   87   87    1    1    1    1    1    1    1    1  1.64099E+12 0.00128 
   88   88    1    1    1    1    1    1    1    1  1.01705E+12 0.00195 
   89   89    1    1    1    1    1    1    1    1  6.92295E+11 0.00213 
   90   90    1    1    1    1    1    1    1    1  4.04345E+11 0.00335 
   91   91    1    1    1    1    1    1    1    1  5.20649E+11 0.00229 
   92   92    1    1    1    1    1    1    1    1  0.00000E+00 0.00000 
   93   93    1    1    1    1    1    1    1    1  0.00000E+00 0.00000 
   94   94    1    1    1    1    1    1    1    1  0.00000E+00 0.00000 
   95   95    1    1    1    1    1    1    1    1  0.00000E+00 0.00000 
   96   96    1    1    1    1    1    1    1    1  0.00000E+00 0.00000 
   97   97    1    1    1    1    1    1    1    1  0.00000E+00 0.00000 
   98   98    1    1    1    1    1    1    1    1  0.00000E+00 0.00000 
   99   99    1    1    1    1    1    1    1    1  0.00000E+00 0.00000 
  100  100    1    1    1    1    1    1    1    1  0.00000E+00 0.00000 
];


