
DETdpaspec = [
    1    1    1    1    1    1    1    1    1    1  0.00000E+00 0.00000 
    2    2    1    1    1    1    1    1    1    1  0.00000E+00 0.00000 
    3    3    1    1    1    1    1    1    1    1  0.00000E+00 0.00000 
    4    4    1    1    1    1    1    1    1    1  0.00000E+00 0.00000 
    5    5    1    1    1    1    1    1    1    1  0.00000E+00 0.00000 
    6    6    1    1    1    1    1    1    1    1  0.00000E+00 0.00000 
    7    7    1    1    1    1    1    1    1    1  0.00000E+00 0.00000 
    8    8    1    1    1    1    1    1    1    1  0.00000E+00 0.00000 
    9    9    1    1    1    1    1    1    1    1  0.00000E+00 0.00000 
   10   10    1    1    1    1    1    1    1    1  0.00000E+00 0.00000 
   11   11    1    1    1    1    1    1    1    1  0.00000E+00 0.00000 
   12   12    1    1    1    1    1    1    1    1  0.00000E+00 0.00000 
   13   13    1    1    1    1    1    1    1    1  0.00000E+00 0.00000 
   14   14    1    1    1    1    1    1    1    1  0.00000E+00 0.00000 
   15   15    1    1    1    1    1    1    1    1  0.00000E+00 0.00000 
   16   16    1    1    1    1    1    1    1    1  0.00000E+00 0.00000 
   17   17    1    1    1    1    1    1    1    1  0.00000E+00 0.00000 
   18   18    1    1    1    1    1    1    1    1  0.00000E+00 0.00000 
   19   19    1    1    1    1    1    1    1    1  2.58890E+09 0.03649 
   20   20    1    1    1    1    1    1    1    1  4.95335E+08 0.04759 
   21   21    1    1    1    1    1    1    1    1  1.59518E+09 0.04321 
   22   22    1    1    1    1    1    1    1    1  1.18568E+09 0.03094 
   23   23    1    1    1    1    1    1    1    1  2.99696E+09 0.02481 
   24   24    1    1    1    1    1    1    1    1  4.29701E+09 0.01414 
   25   25    1    1    1    1    1    1    1    1  7.32067E+09 0.01329 
   26   26    1    1    1    1    1    1    1    1  9.76196E+09 0.01292 
   27   27    1    1    1    1    1    1    1    1  1.79242E+10 0.01098 
   28   28    1    1    1    1    1    1    1    1  3.62719E+10 0.00741 
   29   29    1    1    1    1    1    1    1    1  8.07616E+10 0.00444 
   30   30    1    1    1    1    1    1    1    1  1.22486E+11 0.00334 
   31   31    1    1    1    1    1    1    1    1  3.40049E+11 0.00308 
   32   32    1    1    1    1    1    1    1    1  9.23213E+11 0.00231 
   33   33    1    1    1    1    1    1    1    1  1.53669E+12 0.00168 
   34   34    1    1    1    1    1    1    1    1  3.26572E+12 0.00112 
   35   35    1    1    1    1    1    1    1    1  4.12218E+12 0.00076 
   36   36    1    1    1    1    1    1    1    1  5.78603E+12 0.00057 
   37   37    1    1    1    1    1    1    1    1  4.28331E+12 0.00050 
   38   38    1    1    1    1    1    1    1    1  1.34090E+12 0.00063 
   39   39    1    1    1    1    1    1    1    1  6.92859E+12 0.00064 
   40   40    1    1    1    1    1    1    1    1  8.92468E+12 0.00062 
   41   41    1    1    1    1    1    1    1    1  1.50168E+13 0.00044 
   42   42    1    1    1    1    1    1    1    1  1.48920E+13 0.00044 
   43   43    1    1    1    1    1    1    1    1  2.89550E+13 0.00036 
   44   44    1    1    1    1    1    1    1    1  3.31672E+13 0.00037 
   45   45    1    1    1    1    1    1    1    1  4.49687E+13 0.00030 
   46   46    1    1    1    1    1    1    1    1  8.43567E+13 0.00027 
   47   47    1    1    1    1    1    1    1    1  4.20396E+13 0.00026 
   48   48    1    1    1    1    1    1    1    1  6.41578E+13 0.00022 
   49   49    1    1    1    1    1    1    1    1  8.94019E+13 0.00018 
   50   50    1    1    1    1    1    1    1    1  8.45733E+13 0.00016 
   51   51    1    1    1    1    1    1    1    1  1.30363E+14 0.00011 
   52   52    1    1    1    1    1    1    1    1  1.03688E+14 0.00014 
   53   53    1    1    1    1    1    1    1    1  1.19560E+14 0.00015 
   54   54    1    1    1    1    1    1    1    1  8.44899E+13 0.00015 
   55   55    1    1    1    1    1    1    1    1  1.02196E+14 0.00016 
   56   56    1    1    1    1    1    1    1    1  7.15716E+13 0.00018 
   57   57    1    1    1    1    1    1    1    1  9.82661E+12 0.00028 
   58   58    1    1    1    1    1    1    1    1  1.40580E+14 0.00018 
   59   59    1    1    1    1    1    1    1    1  6.15773E+13 0.00018 
   60   60    1    1    1    1    1    1    1    1  6.64700E+13 0.00020 
   61   61    1    1    1    1    1    1    1    1  5.17578E+13 0.00020 
   62   62    1    1    1    1    1    1    1    1  5.18966E+13 0.00017 
   63   63    1    1    1    1    1    1    1    1  5.29981E+13 0.00024 
   64   64    1    1    1    1    1    1    1    1  4.43143E+13 0.00022 
   65   65    1    1    1    1    1    1    1    1  3.51022E+13 0.00032 
   66   66    1    1    1    1    1    1    1    1  3.46618E+13 0.00025 
   67   67    1    1    1    1    1    1    1    1  2.62704E+13 0.00026 
   68   68    1    1    1    1    1    1    1    1  2.15633E+13 0.00034 
   69   69    1    1    1    1    1    1    1    1  1.92295E+13 0.00028 
   70   70    1    1    1    1    1    1    1    1  2.32569E+13 0.00039 
   71   71    1    1    1    1    1    1    1    1  1.99148E+13 0.00061 
   72   72    1    1    1    1    1    1    1    1  3.70316E+13 0.00026 
   73   73    1    1    1    1    1    1    1    1  2.66262E+13 0.00040 
   74   74    1    1    1    1    1    1    1    1  2.02792E+13 0.00065 
   75   75    1    1    1    1    1    1    1    1  1.62183E+13 0.00039 
   76   76    1    1    1    1    1    1    1    1  1.32835E+13 0.00062 
   77   77    1    1    1    1    1    1    1    1  1.51966E+13 0.00051 
   78   78    1    1    1    1    1    1    1    1  1.18431E+13 0.00056 
   79   79    1    1    1    1    1    1    1    1  9.24361E+12 0.00053 
   80   80    1    1    1    1    1    1    1    1  9.50737E+12 0.00056 
   81   81    1    1    1    1    1    1    1    1  7.04807E+12 0.00074 
   82   82    1    1    1    1    1    1    1    1  5.41685E+12 0.00101 
   83   83    1    1    1    1    1    1    1    1  4.16051E+12 0.00075 
   84   84    1    1    1    1    1    1    1    1  3.88755E+12 0.00077 
   85   85    1    1    1    1    1    1    1    1  2.80035E+12 0.00098 
   86   86    1    1    1    1    1    1    1    1  2.01672E+12 0.00118 
   87   87    1    1    1    1    1    1    1    1  1.88739E+12 0.00155 
   88   88    1    1    1    1    1    1    1    1  1.16633E+12 0.00203 
   89   89    1    1    1    1    1    1    1    1  7.89342E+11 0.00184 
   90   90    1    1    1    1    1    1    1    1  4.56826E+11 0.00369 
   91   91    1    1    1    1    1    1    1    1  5.84404E+11 0.00261 
   92   92    1    1    1    1    1    1    1    1  0.00000E+00 0.00000 
   93   93    1    1    1    1    1    1    1    1  0.00000E+00 0.00000 
   94   94    1    1    1    1    1    1    1    1  0.00000E+00 0.00000 
   95   95    1    1    1    1    1    1    1    1  0.00000E+00 0.00000 
   96   96    1    1    1    1    1    1    1    1  0.00000E+00 0.00000 
   97   97    1    1    1    1    1    1    1    1  0.00000E+00 0.00000 
   98   98    1    1    1    1    1    1    1    1  0.00000E+00 0.00000 
   99   99    1    1    1    1    1    1    1    1  0.00000E+00 0.00000 
  100  100    1    1    1    1    1    1    1    1  0.00000E+00 0.00000 
];


