
DETdpaspec = [
    1    1    1    1    1    1    1    1    1    1  0.00000E+00 0.00000 
    2    2    1    1    1    1    1    1    1    1  0.00000E+00 0.00000 
    3    3    1    1    1    1    1    1    1    1  0.00000E+00 0.00000 
    4    4    1    1    1    1    1    1    1    1  0.00000E+00 0.00000 
    5    5    1    1    1    1    1    1    1    1  0.00000E+00 0.00000 
    6    6    1    1    1    1    1    1    1    1  0.00000E+00 0.00000 
    7    7    1    1    1    1    1    1    1    1  0.00000E+00 0.00000 
    8    8    1    1    1    1    1    1    1    1  0.00000E+00 0.00000 
    9    9    1    1    1    1    1    1    1    1  1.85659E+07 0.70444 
   10   10    1    1    1    1    1    1    1    1  6.68349E+07 0.70260 
   11   11    1    1    1    1    1    1    1    1  2.40526E+08 0.57871 
   12   12    1    1    1    1    1    1    1    1  9.17431E+07 0.58044 
   13   13    1    1    1    1    1    1    1    1  1.38077E+09 0.34401 
   14   14    1    1    1    1    1    1    1    1  4.66839E+09 0.28717 
   15   15    1    1    1    1    1    1    1    1  4.80608E+09 0.33156 
   16   16    1    1    1    1    1    1    1    1  1.04266E+09 0.33643 
   17   17    1    1    1    1    1    1    1    1  3.14563E+09 0.24283 
   18   18    1    1    1    1    1    1    1    1  7.63697E+09 0.28011 
   19   19    1    1    1    1    1    1    1    1  9.71140E+09 0.12627 
   20   20    1    1    1    1    1    1    1    1  2.59569E+10 0.14881 
   21   21    1    1    1    1    1    1    1    1  2.51315E+10 0.08853 
   22   22    1    1    1    1    1    1    1    1  5.47967E+10 0.10019 
   23   23    1    1    1    1    1    1    1    1  7.65535E+10 0.07894 
   24   24    1    1    1    1    1    1    1    1  1.52043E+11 0.05216 
   25   25    1    1    1    1    1    1    1    1  2.01200E+11 0.04351 
   26   26    1    1    1    1    1    1    1    1  3.78545E+11 0.04239 
   27   27    1    1    1    1    1    1    1    1  7.84712E+11 0.03165 
   28   28    1    1    1    1    1    1    1    1  1.74387E+12 0.01817 
   29   29    1    1    1    1    1    1    1    1  2.68652E+12 0.01072 
   30   30    1    1    1    1    1    1    1    1  7.33024E+12 0.01008 
   31   31    1    1    1    1    1    1    1    1  1.95419E+13 0.00531 
   32   32    1    1    1    1    1    1    1    1  3.21306E+13 0.00493 
   33   33    1    1    1    1    1    1    1    1  6.89451E+13 0.00274 
   34   34    1    1    1    1    1    1    1    1  8.79841E+13 0.00262 
   35   35    1    1    1    1    1    1    1    1  1.20839E+14 0.00219 
   36   36    1    1    1    1    1    1    1    1  8.87633E+13 0.00239 
   37   37    1    1    1    1    1    1    1    1  2.75252E+13 0.00274 
   38   38    1    1    1    1    1    1    1    1  1.43319E+14 0.00226 
   39   39    1    1    1    1    1    1    1    1  1.84317E+14 0.00170 
   40   40    1    1    1    1    1    1    1    1  3.13015E+14 0.00188 
   41   41    1    1    1    1    1    1    1    1  3.07740E+14 0.00141 
   42   42    1    1    1    1    1    1    1    1  6.02873E+14 0.00109 
   43   43    1    1    1    1    1    1    1    1  6.92315E+14 0.00102 
   44   44    1    1    1    1    1    1    1    1  9.42059E+14 0.00107 
   45   45    1    1    1    1    1    1    1    1  1.77814E+15 0.00100 
   46   46    1    1    1    1    1    1    1    1  8.86149E+14 0.00099 
   47   47    1    1    1    1    1    1    1    1  1.34920E+15 0.00090 
   48   48    1    1    1    1    1    1    1    1  1.88678E+15 0.00099 
   49   49    1    1    1    1    1    1    1    1  1.78426E+15 0.00106 
   50   50    1    1    1    1    1    1    1    1  2.76898E+15 0.00081 
   51   51    1    1    1    1    1    1    1    1  2.19694E+15 0.00091 
   52   52    1    1    1    1    1    1    1    1  2.54822E+15 0.00098 
   53   53    1    1    1    1    1    1    1    1  1.80142E+15 0.00101 
   54   54    1    1    1    1    1    1    1    1  2.19385E+15 0.00103 
   55   55    1    1    1    1    1    1    1    1  1.53506E+15 0.00093 
   56   56    1    1    1    1    1    1    1    1  2.10685E+14 0.00200 
   57   57    1    1    1    1    1    1    1    1  3.01748E+15 0.00106 
   58   58    1    1    1    1    1    1    1    1  1.33214E+15 0.00107 
   59   59    1    1    1    1    1    1    1    1  1.43652E+15 0.00118 
   60   60    1    1    1    1    1    1    1    1  1.12495E+15 0.00128 
   61   61    1    1    1    1    1    1    1    1  1.12596E+15 0.00124 
   62   62    1    1    1    1    1    1    1    1  1.15239E+15 0.00124 
   63   63    1    1    1    1    1    1    1    1  9.65223E+14 0.00117 
   64   64    1    1    1    1    1    1    1    1  7.65641E+14 0.00092 
   65   65    1    1    1    1    1    1    1    1  7.56946E+14 0.00138 
   66   66    1    1    1    1    1    1    1    1  5.73756E+14 0.00138 
   67   67    1    1    1    1    1    1    1    1  4.70480E+14 0.00168 
   68   68    1    1    1    1    1    1    1    1  4.19427E+14 0.00165 
   69   69    1    1    1    1    1    1    1    1  5.06631E+14 0.00121 
   70   70    1    1    1    1    1    1    1    1  4.33351E+14 0.00162 
   71   71    1    1    1    1    1    1    1    1  8.02213E+14 0.00118 
   72   72    1    1    1    1    1    1    1    1  5.76320E+14 0.00146 
   73   73    1    1    1    1    1    1    1    1  4.38888E+14 0.00163 
   74   74    1    1    1    1    1    1    1    1  3.52301E+14 0.00155 
   75   75    1    1    1    1    1    1    1    1  2.89884E+14 0.00137 
   76   76    1    1    1    1    1    1    1    1  3.33425E+14 0.00120 
   77   77    1    1    1    1    1    1    1    1  2.61326E+14 0.00190 
   78   78    1    1    1    1    1    1    1    1  2.04459E+14 0.00157 
   79   79    1    1    1    1    1    1    1    1  2.10053E+14 0.00155 
   80   80    1    1    1    1    1    1    1    1  1.56333E+14 0.00142 
   81   81    1    1    1    1    1    1    1    1  1.20595E+14 0.00279 
   82   82    1    1    1    1    1    1    1    1  9.28956E+13 0.00289 
   83   83    1    1    1    1    1    1    1    1  8.68414E+13 0.00270 
   84   84    1    1    1    1    1    1    1    1  6.22387E+13 0.00328 
   85   85    1    1    1    1    1    1    1    1  4.51002E+13 0.00342 
   86   86    1    1    1    1    1    1    1    1  4.20383E+13 0.00285 
   87   87    1    1    1    1    1    1    1    1  2.59365E+13 0.00454 
   88   88    1    1    1    1    1    1    1    1  1.75863E+13 0.00466 
   89   89    1    1    1    1    1    1    1    1  1.00535E+13 0.00824 
   90   90    1    1    1    1    1    1    1    1  6.73069E+12 0.00845 
   91   91    1    1    1    1    1    1    1    1  3.40094E+12 0.01368 
   92   92    1    1    1    1    1    1    1    1  1.73463E+12 0.01803 
   93   93    1    1    1    1    1    1    1    1  8.06308E+11 0.02500 
   94   94    1    1    1    1    1    1    1    1  3.81131E+11 0.03736 
   95   95    1    1    1    1    1    1    1    1  1.81796E+11 0.03960 
   96   96    1    1    1    1    1    1    1    1  9.29001E+10 0.08873 
   97   97    1    1    1    1    1    1    1    1  4.64220E+10 0.13269 
   98   98    1    1    1    1    1    1    1    1  2.26617E+10 0.14424 
   99   99    1    1    1    1    1    1    1    1  1.02272E+10 0.23002 
  100  100    1    1    1    1    1    1    1    1  7.83478E+09 0.31016 
];


