
DETdpaspec = [
    1    1    1    1    1    1    1    1    1    1  0.00000E+00 0.00000 
    2    2    1    1    1    1    1    1    1    1  0.00000E+00 0.00000 
    3    3    1    1    1    1    1    1    1    1  0.00000E+00 0.00000 
    4    4    1    1    1    1    1    1    1    1  0.00000E+00 0.00000 
    5    5    1    1    1    1    1    1    1    1  4.39747E+07 1.00000 
    6    6    1    1    1    1    1    1    1    1  0.00000E+00 0.00000 
    7    7    1    1    1    1    1    1    1    1  0.00000E+00 0.00000 
    8    8    1    1    1    1    1    1    1    1  0.00000E+00 0.00000 
    9    9    1    1    1    1    1    1    1    1  7.75548E+06 1.00000 
   10   10    1    1    1    1    1    1    1    1  0.00000E+00 0.00000 
   11   11    1    1    1    1    1    1    1    1  0.00000E+00 0.00000 
   12   12    1    1    1    1    1    1    1    1  5.51612E+07 1.00000 
   13   13    1    1    1    1    1    1    1    1  2.49624E+09 0.48098 
   14   14    1    1    1    1    1    1    1    1  3.60005E+09 0.46146 
   15   15    1    1    1    1    1    1    1    1  6.27170E+09 0.39088 
   16   16    1    1    1    1    1    1    1    1  1.76172E+09 0.37033 
   17   17    1    1    1    1    1    1    1    1  2.66780E+09 0.41591 
   18   18    1    1    1    1    1    1    1    1  5.87110E+09 0.26982 
   19   19    1    1    1    1    1    1    1    1  7.03027E+09 0.21481 
   20   20    1    1    1    1    1    1    1    1  1.86958E+10 0.16165 
   21   21    1    1    1    1    1    1    1    1  1.33264E+10 0.13313 
   22   22    1    1    1    1    1    1    1    1  4.51666E+10 0.07910 
   23   23    1    1    1    1    1    1    1    1  1.40794E+11 0.06164 
   24   24    1    1    1    1    1    1    1    1  4.16015E+11 0.02791 
   25   25    1    1    1    1    1    1    1    1  7.25122E+11 0.02312 
   26   26    1    1    1    1    1    1    1    1  1.62524E+12 0.01758 
   27   27    1    1    1    1    1    1    1    1  3.46355E+12 0.01253 
   28   28    1    1    1    1    1    1    1    1  7.61522E+12 0.00993 
   29   29    1    1    1    1    1    1    1    1  1.21338E+13 0.00892 
   30   30    1    1    1    1    1    1    1    1  2.42346E+13 0.00627 
   31   31    1    1    1    1    1    1    1    1  5.38093E+13 0.00282 
   32   32    1    1    1    1    1    1    1    1  7.82406E+13 0.00234 
   33   33    1    1    1    1    1    1    1    1  1.52728E+14 0.00163 
   34   34    1    1    1    1    1    1    1    1  1.89542E+14 0.00156 
   35   35    1    1    1    1    1    1    1    1  2.16708E+14 0.00107 
   36   36    1    1    1    1    1    1    1    1  1.45293E+14 0.00127 
   37   37    1    1    1    1    1    1    1    1  4.30024E+13 0.00114 
   38   38    1    1    1    1    1    1    1    1  2.30063E+14 0.00137 
   39   39    1    1    1    1    1    1    1    1  2.92866E+14 0.00093 
   40   40    1    1    1    1    1    1    1    1  4.95925E+14 0.00089 
   41   41    1    1    1    1    1    1    1    1  4.63804E+14 0.00078 
   42   42    1    1    1    1    1    1    1    1  9.18304E+14 0.00083 
   43   43    1    1    1    1    1    1    1    1  1.03967E+15 0.00086 
   44   44    1    1    1    1    1    1    1    1  1.39660E+15 0.00074 
   45   45    1    1    1    1    1    1    1    1  2.61762E+15 0.00064 
   46   46    1    1    1    1    1    1    1    1  1.27474E+15 0.00067 
   47   47    1    1    1    1    1    1    1    1  1.90268E+15 0.00074 
   48   48    1    1    1    1    1    1    1    1  2.63917E+15 0.00064 
   49   49    1    1    1    1    1    1    1    1  2.44858E+15 0.00056 
   50   50    1    1    1    1    1    1    1    1  3.84248E+15 0.00058 
   51   51    1    1    1    1    1    1    1    1  2.96402E+15 0.00060 
   52   52    1    1    1    1    1    1    1    1  3.49928E+15 0.00063 
   53   53    1    1    1    1    1    1    1    1  2.43966E+15 0.00061 
   54   54    1    1    1    1    1    1    1    1  3.02843E+15 0.00080 
   55   55    1    1    1    1    1    1    1    1  2.10317E+15 0.00053 
   56   56    1    1    1    1    1    1    1    1  2.86311E+14 0.00086 
   57   57    1    1    1    1    1    1    1    1  4.11012E+15 0.00063 
   58   58    1    1    1    1    1    1    1    1  1.86303E+15 0.00079 
   59   59    1    1    1    1    1    1    1    1  1.98328E+15 0.00067 
   60   60    1    1    1    1    1    1    1    1  1.58520E+15 0.00074 
   61   61    1    1    1    1    1    1    1    1  1.57917E+15 0.00080 
   62   62    1    1    1    1    1    1    1    1  1.61760E+15 0.00075 
   63   63    1    1    1    1    1    1    1    1  1.35969E+15 0.00088 
   64   64    1    1    1    1    1    1    1    1  1.07647E+15 0.00076 
   65   65    1    1    1    1    1    1    1    1  1.06212E+15 0.00094 
   66   66    1    1    1    1    1    1    1    1  8.06245E+14 0.00092 
   67   67    1    1    1    1    1    1    1    1  6.53777E+14 0.00092 
   68   68    1    1    1    1    1    1    1    1  5.79465E+14 0.00105 
   69   69    1    1    1    1    1    1    1    1  6.99330E+14 0.00065 
   70   70    1    1    1    1    1    1    1    1  5.95128E+14 0.00074 
   71   71    1    1    1    1    1    1    1    1  1.07694E+15 0.00101 
   72   72    1    1    1    1    1    1    1    1  7.67064E+14 0.00098 
   73   73    1    1    1    1    1    1    1    1  5.85790E+14 0.00111 
   74   74    1    1    1    1    1    1    1    1  4.77433E+14 0.00101 
   75   75    1    1    1    1    1    1    1    1  3.98415E+14 0.00153 
   76   76    1    1    1    1    1    1    1    1  4.65998E+14 0.00128 
   77   77    1    1    1    1    1    1    1    1  3.70518E+14 0.00106 
   78   78    1    1    1    1    1    1    1    1  2.94372E+14 0.00128 
   79   79    1    1    1    1    1    1    1    1  3.06550E+14 0.00159 
   80   80    1    1    1    1    1    1    1    1  2.29065E+14 0.00177 
   81   81    1    1    1    1    1    1    1    1  1.76583E+14 0.00124 
   82   82    1    1    1    1    1    1    1    1  1.36218E+14 0.00266 
   83   83    1    1    1    1    1    1    1    1  1.27375E+14 0.00241 
   84   84    1    1    1    1    1    1    1    1  9.15028E+13 0.00322 
   85   85    1    1    1    1    1    1    1    1  6.58713E+13 0.00212 
   86   86    1    1    1    1    1    1    1    1  6.20809E+13 0.00283 
   87   87    1    1    1    1    1    1    1    1  3.77669E+13 0.00341 
   88   88    1    1    1    1    1    1    1    1  2.53863E+13 0.00534 
   89   89    1    1    1    1    1    1    1    1  1.45317E+13 0.00642 
   90   90    1    1    1    1    1    1    1    1  9.59935E+12 0.00719 
   91   91    1    1    1    1    1    1    1    1  4.76957E+12 0.01033 
   92   92    1    1    1    1    1    1    1    1  2.31894E+12 0.01152 
   93   93    1    1    1    1    1    1    1    1  1.07932E+12 0.01971 
   94   94    1    1    1    1    1    1    1    1  5.22506E+11 0.01962 
   95   95    1    1    1    1    1    1    1    1  2.57394E+11 0.03082 
   96   96    1    1    1    1    1    1    1    1  1.10918E+11 0.06723 
   97   97    1    1    1    1    1    1    1    1  5.94666E+10 0.10076 
   98   98    1    1    1    1    1    1    1    1  3.47035E+10 0.09832 
   99   99    1    1    1    1    1    1    1    1  1.24113E+10 0.26420 
  100  100    1    1    1    1    1    1    1    1  8.19909E+09 0.24193 
];


