
DETdpaspec = [
    1    1    1    1    1    1    1    1    1    1  0.00000E+00 0.00000 
    2    2    1    1    1    1    1    1    1    1  0.00000E+00 0.00000 
    3    3    1    1    1    1    1    1    1    1  0.00000E+00 0.00000 
    4    4    1    1    1    1    1    1    1    1  0.00000E+00 0.00000 
    5    5    1    1    1    1    1    1    1    1  0.00000E+00 0.00000 
    6    6    1    1    1    1    1    1    1    1  0.00000E+00 0.00000 
    7    7    1    1    1    1    1    1    1    1  0.00000E+00 0.00000 
    8    8    1    1    1    1    1    1    1    1  1.60298E+07 1.00000 
    9    9    1    1    1    1    1    1    1    1  2.17868E+07 1.00000 
   10   10    1    1    1    1    1    1    1    1  2.32954E+08 0.41603 
   11   11    1    1    1    1    1    1    1    1  1.34783E+08 0.55201 
   12   12    1    1    1    1    1    1    1    1  5.69737E+07 0.73939 
   13   13    1    1    1    1    1    1    1    1  2.33872E+09 0.38697 
   14   14    1    1    1    1    1    1    1    1  4.25985E+09 0.22958 
   15   15    1    1    1    1    1    1    1    1  5.22327E+09 0.25746 
   16   16    1    1    1    1    1    1    1    1  2.52767E+09 0.27066 
   17   17    1    1    1    1    1    1    1    1  2.51465E+09 0.20327 
   18   18    1    1    1    1    1    1    1    1  1.17121E+10 0.16863 
   19   19    1    1    1    1    1    1    1    1  1.00857E+10 0.14168 
   20   20    1    1    1    1    1    1    1    1  3.99566E+10 0.12762 
   21   21    1    1    1    1    1    1    1    1  2.63415E+10 0.08136 
   22   22    1    1    1    1    1    1    1    1  7.79853E+10 0.05816 
   23   23    1    1    1    1    1    1    1    1  1.01579E+11 0.06173 
   24   24    1    1    1    1    1    1    1    1  1.77403E+11 0.03239 
   25   25    1    1    1    1    1    1    1    1  2.35405E+11 0.04118 
   26   26    1    1    1    1    1    1    1    1  3.91205E+11 0.03075 
   27   27    1    1    1    1    1    1    1    1  7.38298E+11 0.02511 
   28   28    1    1    1    1    1    1    1    1  1.44981E+12 0.01285 
   29   29    1    1    1    1    1    1    1    1  2.04182E+12 0.01336 
   30   30    1    1    1    1    1    1    1    1  5.96855E+12 0.00767 
   31   31    1    1    1    1    1    1    1    1  1.58828E+13 0.00727 
   32   32    1    1    1    1    1    1    1    1  2.61203E+13 0.00379 
   33   33    1    1    1    1    1    1    1    1  5.36559E+13 0.00291 
   34   34    1    1    1    1    1    1    1    1  6.51975E+13 0.00260 
   35   35    1    1    1    1    1    1    1    1  9.45932E+13 0.00210 
   36   36    1    1    1    1    1    1    1    1  7.04406E+13 0.00162 
   37   37    1    1    1    1    1    1    1    1  2.22652E+13 0.00232 
   38   38    1    1    1    1    1    1    1    1  1.12894E+14 0.00245 
   39   39    1    1    1    1    1    1    1    1  1.44483E+14 0.00272 
   40   40    1    1    1    1    1    1    1    1  2.39385E+14 0.00178 
   41   41    1    1    1    1    1    1    1    1  2.39183E+14 0.00182 
   42   42    1    1    1    1    1    1    1    1  4.55632E+14 0.00153 
   43   43    1    1    1    1    1    1    1    1  5.16636E+14 0.00123 
   44   44    1    1    1    1    1    1    1    1  6.95570E+14 0.00130 
   45   45    1    1    1    1    1    1    1    1  1.27941E+15 0.00134 
   46   46    1    1    1    1    1    1    1    1  6.36429E+14 0.00109 
   47   47    1    1    1    1    1    1    1    1  9.71654E+14 0.00122 
   48   48    1    1    1    1    1    1    1    1  1.34395E+15 0.00127 
   49   49    1    1    1    1    1    1    1    1  1.27345E+15 0.00116 
   50   50    1    1    1    1    1    1    1    1  1.93607E+15 0.00100 
   51   51    1    1    1    1    1    1    1    1  1.54801E+15 0.00107 
   52   52    1    1    1    1    1    1    1    1  1.76055E+15 0.00113 
   53   53    1    1    1    1    1    1    1    1  1.24257E+15 0.00093 
   54   54    1    1    1    1    1    1    1    1  1.48552E+15 0.00085 
   55   55    1    1    1    1    1    1    1    1  1.04090E+15 0.00123 
   56   56    1    1    1    1    1    1    1    1  1.43539E+14 0.00160 
   57   57    1    1    1    1    1    1    1    1  2.04401E+15 0.00121 
   58   58    1    1    1    1    1    1    1    1  8.81005E+14 0.00103 
   59   59    1    1    1    1    1    1    1    1  9.52773E+14 0.00110 
   60   60    1    1    1    1    1    1    1    1  7.33870E+14 0.00132 
   61   61    1    1    1    1    1    1    1    1  7.35312E+14 0.00149 
   62   62    1    1    1    1    1    1    1    1  7.48688E+14 0.00121 
   63   63    1    1    1    1    1    1    1    1  6.23132E+14 0.00131 
   64   64    1    1    1    1    1    1    1    1  4.91497E+14 0.00164 
   65   65    1    1    1    1    1    1    1    1  4.85536E+14 0.00170 
   66   66    1    1    1    1    1    1    1    1  3.66960E+14 0.00152 
   67   67    1    1    1    1    1    1    1    1  3.01607E+14 0.00148 
   68   68    1    1    1    1    1    1    1    1  2.69525E+14 0.00166 
   69   69    1    1    1    1    1    1    1    1  3.25421E+14 0.00161 
   70   70    1    1    1    1    1    1    1    1  2.77398E+14 0.00226 
   71   71    1    1    1    1    1    1    1    1  5.20683E+14 0.00176 
   72   72    1    1    1    1    1    1    1    1  3.73761E+14 0.00196 
   73   73    1    1    1    1    1    1    1    1  2.84408E+14 0.00193 
   74   74    1    1    1    1    1    1    1    1  2.25262E+14 0.00228 
   75   75    1    1    1    1    1    1    1    1  1.82495E+14 0.00239 
   76   76    1    1    1    1    1    1    1    1  2.07254E+14 0.00200 
   77   77    1    1    1    1    1    1    1    1  1.60100E+14 0.00204 
   78   78    1    1    1    1    1    1    1    1  1.24184E+14 0.00223 
   79   79    1    1    1    1    1    1    1    1  1.26929E+14 0.00169 
   80   80    1    1    1    1    1    1    1    1  9.37958E+13 0.00258 
   81   81    1    1    1    1    1    1    1    1  7.19277E+13 0.00332 
   82   82    1    1    1    1    1    1    1    1  5.49962E+13 0.00297 
   83   83    1    1    1    1    1    1    1    1  5.14293E+13 0.00222 
   84   84    1    1    1    1    1    1    1    1  3.70010E+13 0.00353 
   85   85    1    1    1    1    1    1    1    1  2.66300E+13 0.00362 
   86   86    1    1    1    1    1    1    1    1  2.49802E+13 0.00487 
   87   87    1    1    1    1    1    1    1    1  1.55550E+13 0.00674 
   88   88    1    1    1    1    1    1    1    1  1.05392E+13 0.00919 
   89   89    1    1    1    1    1    1    1    1  5.96821E+12 0.00974 
   90   90    1    1    1    1    1    1    1    1  4.01713E+12 0.00831 
   91   91    1    1    1    1    1    1    1    1  2.06815E+12 0.02195 
   92   92    1    1    1    1    1    1    1    1  9.76300E+11 0.02361 
   93   93    1    1    1    1    1    1    1    1  4.77503E+11 0.04415 
   94   94    1    1    1    1    1    1    1    1  2.28999E+11 0.04216 
   95   95    1    1    1    1    1    1    1    1  1.07139E+11 0.05616 
   96   96    1    1    1    1    1    1    1    1  5.58615E+10 0.09877 
   97   97    1    1    1    1    1    1    1    1  2.27498E+10 0.12797 
   98   98    1    1    1    1    1    1    1    1  1.20359E+10 0.20438 
   99   99    1    1    1    1    1    1    1    1  5.62117E+09 0.35940 
  100  100    1    1    1    1    1    1    1    1  5.99771E+09 0.30095 
];


