
DETdpaspec = [
    1    1    1    1    1    1    1    1    1    1  0.00000E+00 0.00000 
    2    2    1    1    1    1    1    1    1    1  0.00000E+00 0.00000 
    3    3    1    1    1    1    1    1    1    1  0.00000E+00 0.00000 
    4    4    1    1    1    1    1    1    1    1  0.00000E+00 0.00000 
    5    5    1    1    1    1    1    1    1    1  0.00000E+00 0.00000 
    6    6    1    1    1    1    1    1    1    1  0.00000E+00 0.00000 
    7    7    1    1    1    1    1    1    1    1  0.00000E+00 0.00000 
    8    8    1    1    1    1    1    1    1    1  0.00000E+00 0.00000 
    9    9    1    1    1    1    1    1    1    1  0.00000E+00 0.00000 
   10   10    1    1    1    1    1    1    1    1  0.00000E+00 0.00000 
   11   11    1    1    1    1    1    1    1    1  0.00000E+00 0.00000 
   12   12    1    1    1    1    1    1    1    1  3.57514E+07 1.00000 
   13   13    1    1    1    1    1    1    1    1  1.83916E+09 0.48092 
   14   14    1    1    1    1    1    1    1    1  3.33546E+09 0.45649 
   15   15    1    1    1    1    1    1    1    1  5.78702E+09 0.63700 
   16   16    1    1    1    1    1    1    1    1  1.82170E+09 0.39683 
   17   17    1    1    1    1    1    1    1    1  2.81781E+09 0.40791 
   18   18    1    1    1    1    1    1    1    1  7.37370E+09 0.31966 
   19   19    1    1    1    1    1    1    1    1  6.99009E+09 0.15535 
   20   20    1    1    1    1    1    1    1    1  2.67332E+10 0.16442 
   21   21    1    1    1    1    1    1    1    1  2.31591E+10 0.17904 
   22   22    1    1    1    1    1    1    1    1  4.87781E+10 0.11577 
   23   23    1    1    1    1    1    1    1    1  8.85762E+10 0.07591 
   24   24    1    1    1    1    1    1    1    1  2.49084E+11 0.05569 
   25   25    1    1    1    1    1    1    1    1  4.04639E+11 0.04016 
   26   26    1    1    1    1    1    1    1    1  8.47152E+11 0.02547 
   27   27    1    1    1    1    1    1    1    1  1.87301E+12 0.01145 
   28   28    1    1    1    1    1    1    1    1  4.52310E+12 0.01101 
   29   29    1    1    1    1    1    1    1    1  7.44513E+12 0.00887 
   30   30    1    1    1    1    1    1    1    1  1.61791E+13 0.00609 
   31   31    1    1    1    1    1    1    1    1  3.85414E+13 0.00438 
   32   32    1    1    1    1    1    1    1    1  5.89853E+13 0.00257 
   33   33    1    1    1    1    1    1    1    1  1.20583E+14 0.00218 
   34   34    1    1    1    1    1    1    1    1  1.53660E+14 0.00202 
   35   35    1    1    1    1    1    1    1    1  1.84596E+14 0.00225 
   36   36    1    1    1    1    1    1    1    1  1.27275E+14 0.00183 
   37   37    1    1    1    1    1    1    1    1  3.80155E+13 0.00180 
   38   38    1    1    1    1    1    1    1    1  2.03166E+14 0.00166 
   39   39    1    1    1    1    1    1    1    1  2.60267E+14 0.00154 
   40   40    1    1    1    1    1    1    1    1  4.42215E+14 0.00106 
   41   41    1    1    1    1    1    1    1    1  4.20085E+14 0.00103 
   42   42    1    1    1    1    1    1    1    1  8.33603E+14 0.00088 
   43   43    1    1    1    1    1    1    1    1  9.51591E+14 0.00066 
   44   44    1    1    1    1    1    1    1    1  1.28510E+15 0.00075 
   45   45    1    1    1    1    1    1    1    1  2.43161E+15 0.00054 
   46   46    1    1    1    1    1    1    1    1  1.19515E+15 0.00062 
   47   47    1    1    1    1    1    1    1    1  1.79624E+15 0.00073 
   48   48    1    1    1    1    1    1    1    1  2.50665E+15 0.00062 
   49   49    1    1    1    1    1    1    1    1  2.33856E+15 0.00077 
   50   50    1    1    1    1    1    1    1    1  3.67950E+15 0.00070 
   51   51    1    1    1    1    1    1    1    1  2.86018E+15 0.00081 
   52   52    1    1    1    1    1    1    1    1  3.37857E+15 0.00082 
   53   53    1    1    1    1    1    1    1    1  2.36780E+15 0.00083 
   54   54    1    1    1    1    1    1    1    1  2.93455E+15 0.00087 
   55   55    1    1    1    1    1    1    1    1  2.04503E+15 0.00083 
   56   56    1    1    1    1    1    1    1    1  2.78600E+14 0.00092 
   57   57    1    1    1    1    1    1    1    1  4.01028E+15 0.00080 
   58   58    1    1    1    1    1    1    1    1  1.81234E+15 0.00115 
   59   59    1    1    1    1    1    1    1    1  1.93736E+15 0.00097 
   60   60    1    1    1    1    1    1    1    1  1.54689E+15 0.00092 
   61   61    1    1    1    1    1    1    1    1  1.54228E+15 0.00101 
   62   62    1    1    1    1    1    1    1    1  1.58021E+15 0.00105 
   63   63    1    1    1    1    1    1    1    1  1.33135E+15 0.00096 
   64   64    1    1    1    1    1    1    1    1  1.05496E+15 0.00088 
   65   65    1    1    1    1    1    1    1    1  1.04231E+15 0.00111 
   66   66    1    1    1    1    1    1    1    1  7.91859E+14 0.00107 
   67   67    1    1    1    1    1    1    1    1  6.44116E+14 0.00110 
   68   68    1    1    1    1    1    1    1    1  5.71996E+14 0.00117 
   69   69    1    1    1    1    1    1    1    1  6.89797E+14 0.00131 
   70   70    1    1    1    1    1    1    1    1  5.88187E+14 0.00151 
   71   71    1    1    1    1    1    1    1    1  1.07102E+15 0.00110 
   72   72    1    1    1    1    1    1    1    1  7.64400E+14 0.00137 
   73   73    1    1    1    1    1    1    1    1  5.84047E+14 0.00146 
   74   74    1    1    1    1    1    1    1    1  4.75396E+14 0.00111 
   75   75    1    1    1    1    1    1    1    1  3.96890E+14 0.00143 
   76   76    1    1    1    1    1    1    1    1  4.63008E+14 0.00172 
   77   77    1    1    1    1    1    1    1    1  3.68278E+14 0.00141 
   78   78    1    1    1    1    1    1    1    1  2.91922E+14 0.00160 
   79   79    1    1    1    1    1    1    1    1  3.03375E+14 0.00100 
   80   80    1    1    1    1    1    1    1    1  2.25564E+14 0.00121 
   81   81    1    1    1    1    1    1    1    1  1.75033E+14 0.00205 
   82   82    1    1    1    1    1    1    1    1  1.35020E+14 0.00186 
   83   83    1    1    1    1    1    1    1    1  1.26519E+14 0.00286 
   84   84    1    1    1    1    1    1    1    1  9.09629E+13 0.00208 
   85   85    1    1    1    1    1    1    1    1  6.54336E+13 0.00310 
   86   86    1    1    1    1    1    1    1    1  6.12136E+13 0.00379 
   87   87    1    1    1    1    1    1    1    1  3.76529E+13 0.00318 
   88   88    1    1    1    1    1    1    1    1  2.51830E+13 0.00630 
   89   89    1    1    1    1    1    1    1    1  1.45018E+13 0.00522 
   90   90    1    1    1    1    1    1    1    1  9.54309E+12 0.00733 
   91   91    1    1    1    1    1    1    1    1  4.75739E+12 0.01309 
   92   92    1    1    1    1    1    1    1    1  2.25607E+12 0.01356 
   93   93    1    1    1    1    1    1    1    1  1.16132E+12 0.02554 
   94   94    1    1    1    1    1    1    1    1  5.31033E+11 0.02932 
   95   95    1    1    1    1    1    1    1    1  2.68450E+11 0.04677 
   96   96    1    1    1    1    1    1    1    1  1.39662E+11 0.05649 
   97   97    1    1    1    1    1    1    1    1  6.64828E+10 0.08935 
   98   98    1    1    1    1    1    1    1    1  3.21671E+10 0.11855 
   99   99    1    1    1    1    1    1    1    1  1.33958E+10 0.22032 
  100  100    1    1    1    1    1    1    1    1  1.18620E+10 0.19020 
];


