
DETdpaspec = [
    1    1    1    1    1    1    1    1    1    1  0.00000E+00 0.00000 
    2    2    1    1    1    1    1    1    1    1  0.00000E+00 0.00000 
    3    3    1    1    1    1    1    1    1    1  0.00000E+00 0.00000 
    4    4    1    1    1    1    1    1    1    1  0.00000E+00 0.00000 
    5    5    1    1    1    1    1    1    1    1  0.00000E+00 0.00000 
    6    6    1    1    1    1    1    1    1    1  1.15463E+07 1.00000 
    7    7    1    1    1    1    1    1    1    1  0.00000E+00 0.00000 
    8    8    1    1    1    1    1    1    1    1  0.00000E+00 0.00000 
    9    9    1    1    1    1    1    1    1    1  6.42292E+06 1.00000 
   10   10    1    1    1    1    1    1    1    1  0.00000E+00 0.00000 
   11   11    1    1    1    1    1    1    1    1  0.00000E+00 0.00000 
   12   12    1    1    1    1    1    1    1    1  7.39018E+07 0.55153 
   13   13    1    1    1    1    1    1    1    1  2.31059E+09 0.38882 
   14   14    1    1    1    1    1    1    1    1  4.48748E+09 0.36451 
   15   15    1    1    1    1    1    1    1    1  3.69036E+09 0.27066 
   16   16    1    1    1    1    1    1    1    1  9.23516E+08 0.41295 
   17   17    1    1    1    1    1    1    1    1  4.02081E+09 0.24236 
   18   18    1    1    1    1    1    1    1    1  7.94013E+09 0.14446 
   19   19    1    1    1    1    1    1    1    1  8.48288E+09 0.18003 
   20   20    1    1    1    1    1    1    1    1  2.60595E+10 0.15863 
   21   21    1    1    1    1    1    1    1    1  2.61968E+10 0.13785 
   22   22    1    1    1    1    1    1    1    1  4.64450E+10 0.10144 
   23   23    1    1    1    1    1    1    1    1  7.83200E+10 0.06821 
   24   24    1    1    1    1    1    1    1    1  1.55055E+11 0.06884 
   25   25    1    1    1    1    1    1    1    1  2.38421E+11 0.04177 
   26   26    1    1    1    1    1    1    1    1  4.91696E+11 0.02896 
   27   27    1    1    1    1    1    1    1    1  1.11375E+12 0.01704 
   28   28    1    1    1    1    1    1    1    1  2.70629E+12 0.01126 
   29   29    1    1    1    1    1    1    1    1  4.45445E+12 0.00867 
   30   30    1    1    1    1    1    1    1    1  1.07246E+13 0.00544 
   31   31    1    1    1    1    1    1    1    1  2.78605E+13 0.00388 
   32   32    1    1    1    1    1    1    1    1  4.45308E+13 0.00378 
   33   33    1    1    1    1    1    1    1    1  9.41651E+13 0.00240 
   34   34    1    1    1    1    1    1    1    1  1.21183E+14 0.00230 
   35   35    1    1    1    1    1    1    1    1  1.54360E+14 0.00192 
   36   36    1    1    1    1    1    1    1    1  1.09675E+14 0.00187 
   37   37    1    1    1    1    1    1    1    1  3.32595E+13 0.00221 
   38   38    1    1    1    1    1    1    1    1  1.76746E+14 0.00219 
   39   39    1    1    1    1    1    1    1    1  2.26928E+14 0.00180 
   40   40    1    1    1    1    1    1    1    1  3.87493E+14 0.00142 
   41   41    1    1    1    1    1    1    1    1  3.73027E+14 0.00133 
   42   42    1    1    1    1    1    1    1    1  7.40071E+14 0.00102 
   43   43    1    1    1    1    1    1    1    1  8.49650E+14 0.00095 
   44   44    1    1    1    1    1    1    1    1  1.15471E+15 0.00085 
   45   45    1    1    1    1    1    1    1    1  2.19274E+15 0.00066 
   46   46    1    1    1    1    1    1    1    1  1.08677E+15 0.00090 
   47   47    1    1    1    1    1    1    1    1  1.64279E+15 0.00070 
   48   48    1    1    1    1    1    1    1    1  2.30034E+15 0.00077 
   49   49    1    1    1    1    1    1    1    1  2.15950E+15 0.00055 
   50   50    1    1    1    1    1    1    1    1  3.39246E+15 0.00060 
   51   51    1    1    1    1    1    1    1    1  2.66509E+15 0.00064 
   52   52    1    1    1    1    1    1    1    1  3.13629E+15 0.00039 
   53   53    1    1    1    1    1    1    1    1  2.20721E+15 0.00069 
   54   54    1    1    1    1    1    1    1    1  2.72604E+15 0.00069 
   55   55    1    1    1    1    1    1    1    1  1.90374E+15 0.00080 
   56   56    1    1    1    1    1    1    1    1  2.60133E+14 0.00104 
   57   57    1    1    1    1    1    1    1    1  3.74110E+15 0.00049 
   58   58    1    1    1    1    1    1    1    1  1.68117E+15 0.00059 
   59   59    1    1    1    1    1    1    1    1  1.80525E+15 0.00059 
   60   60    1    1    1    1    1    1    1    1  1.43239E+15 0.00057 
   61   61    1    1    1    1    1    1    1    1  1.43125E+15 0.00065 
   62   62    1    1    1    1    1    1    1    1  1.46774E+15 0.00073 
   63   63    1    1    1    1    1    1    1    1  1.23546E+15 0.00068 
   64   64    1    1    1    1    1    1    1    1  9.79567E+14 0.00080 
   65   65    1    1    1    1    1    1    1    1  9.68494E+14 0.00097 
   66   66    1    1    1    1    1    1    1    1  7.35295E+14 0.00089 
   67   67    1    1    1    1    1    1    1    1  6.00748E+14 0.00082 
   68   68    1    1    1    1    1    1    1    1  5.35079E+14 0.00101 
   69   69    1    1    1    1    1    1    1    1  6.45985E+14 0.00093 
   70   70    1    1    1    1    1    1    1    1  5.51344E+14 0.00134 
   71   71    1    1    1    1    1    1    1    1  1.00941E+15 0.00107 
   72   72    1    1    1    1    1    1    1    1  7.23987E+14 0.00113 
   73   73    1    1    1    1    1    1    1    1  5.51578E+14 0.00091 
   74   74    1    1    1    1    1    1    1    1  4.48121E+14 0.00153 
   75   75    1    1    1    1    1    1    1    1  3.73022E+14 0.00139 
   76   76    1    1    1    1    1    1    1    1  4.32537E+14 0.00166 
   77   77    1    1    1    1    1    1    1    1  3.42758E+14 0.00155 
   78   78    1    1    1    1    1    1    1    1  2.70202E+14 0.00145 
   79   79    1    1    1    1    1    1    1    1  2.80199E+14 0.00150 
   80   80    1    1    1    1    1    1    1    1  2.08782E+14 0.00164 
   81   81    1    1    1    1    1    1    1    1  1.61931E+14 0.00144 
   82   82    1    1    1    1    1    1    1    1  1.24197E+14 0.00242 
   83   83    1    1    1    1    1    1    1    1  1.16387E+14 0.00266 
   84   84    1    1    1    1    1    1    1    1  8.38451E+13 0.00290 
   85   85    1    1    1    1    1    1    1    1  6.03190E+13 0.00335 
   86   86    1    1    1    1    1    1    1    1  5.66089E+13 0.00379 
   87   87    1    1    1    1    1    1    1    1  3.47900E+13 0.00437 
   88   88    1    1    1    1    1    1    1    1  2.34774E+13 0.00406 
   89   89    1    1    1    1    1    1    1    1  1.34362E+13 0.00651 
   90   90    1    1    1    1    1    1    1    1  8.92648E+12 0.00913 
   91   91    1    1    1    1    1    1    1    1  4.51882E+12 0.00964 
   92   92    1    1    1    1    1    1    1    1  2.16976E+12 0.02027 
   93   93    1    1    1    1    1    1    1    1  1.04425E+12 0.01468 
   94   94    1    1    1    1    1    1    1    1  5.26109E+11 0.03239 
   95   95    1    1    1    1    1    1    1    1  2.50581E+11 0.04459 
   96   96    1    1    1    1    1    1    1    1  1.21432E+11 0.04798 
   97   97    1    1    1    1    1    1    1    1  5.02547E+10 0.11251 
   98   98    1    1    1    1    1    1    1    1  2.88295E+10 0.12411 
   99   99    1    1    1    1    1    1    1    1  1.42781E+10 0.18922 
  100  100    1    1    1    1    1    1    1    1  1.06289E+10 0.20472 
];


