
DETdpaspec = [
    1    1    1    1    1    1    1    1    1    1  0.00000E+00 0.00000 
    2    2    1    1    1    1    1    1    1    1  0.00000E+00 0.00000 
    3    3    1    1    1    1    1    1    1    1  0.00000E+00 0.00000 
    4    4    1    1    1    1    1    1    1    1  0.00000E+00 0.00000 
    5    5    1    1    1    1    1    1    1    1  0.00000E+00 0.00000 
    6    6    1    1    1    1    1    1    1    1  0.00000E+00 0.00000 
    7    7    1    1    1    1    1    1    1    1  2.94391E+07 1.00000 
    8    8    1    1    1    1    1    1    1    1  0.00000E+00 0.00000 
    9    9    1    1    1    1    1    1    1    1  2.57006E+07 0.70288 
   10   10    1    1    1    1    1    1    1    1  0.00000E+00 0.00000 
   11   11    1    1    1    1    1    1    1    1  3.71115E+08 0.70434 
   12   12    1    1    1    1    1    1    1    1  4.96870E+07 0.67002 
   13   13    1    1    1    1    1    1    1    1  3.21295E+09 0.40696 
   14   14    1    1    1    1    1    1    1    1  6.47616E+09 0.45095 
   15   15    1    1    1    1    1    1    1    1  6.57719E+09 0.28837 
   16   16    1    1    1    1    1    1    1    1  1.70544E+09 0.25052 
   17   17    1    1    1    1    1    1    1    1  3.03308E+09 0.24268 
   18   18    1    1    1    1    1    1    1    1  7.09065E+09 0.13563 
   19   19    1    1    1    1    1    1    1    1  8.74133E+09 0.16100 
   20   20    1    1    1    1    1    1    1    1  2.79507E+10 0.12549 
   21   21    1    1    1    1    1    1    1    1  2.53428E+10 0.09895 
   22   22    1    1    1    1    1    1    1    1  6.58948E+10 0.07995 
   23   23    1    1    1    1    1    1    1    1  9.95251E+10 0.05817 
   24   24    1    1    1    1    1    1    1    1  1.73722E+11 0.04985 
   25   25    1    1    1    1    1    1    1    1  2.16907E+11 0.03507 
   26   26    1    1    1    1    1    1    1    1  3.39717E+11 0.03806 
   27   27    1    1    1    1    1    1    1    1  6.89977E+11 0.02540 
   28   28    1    1    1    1    1    1    1    1  1.56414E+12 0.02325 
   29   29    1    1    1    1    1    1    1    1  2.35077E+12 0.01350 
   30   30    1    1    1    1    1    1    1    1  6.57216E+12 0.00897 
   31   31    1    1    1    1    1    1    1    1  1.75318E+13 0.00412 
   32   32    1    1    1    1    1    1    1    1  2.94707E+13 0.00472 
   33   33    1    1    1    1    1    1    1    1  6.20628E+13 0.00278 
   34   34    1    1    1    1    1    1    1    1  7.78757E+13 0.00222 
   35   35    1    1    1    1    1    1    1    1  1.09502E+14 0.00222 
   36   36    1    1    1    1    1    1    1    1  8.09168E+13 0.00213 
   37   37    1    1    1    1    1    1    1    1  2.53838E+13 0.00257 
   38   38    1    1    1    1    1    1    1    1  1.30972E+14 0.00251 
   39   39    1    1    1    1    1    1    1    1  1.68149E+14 0.00188 
   40   40    1    1    1    1    1    1    1    1  2.82590E+14 0.00161 
   41   41    1    1    1    1    1    1    1    1  2.80413E+14 0.00186 
   42   42    1    1    1    1    1    1    1    1  5.45026E+14 0.00130 
   43   43    1    1    1    1    1    1    1    1  6.23794E+14 0.00147 
   44   44    1    1    1    1    1    1    1    1  8.45425E+14 0.00104 
   45   45    1    1    1    1    1    1    1    1  1.58196E+15 0.00107 
   46   46    1    1    1    1    1    1    1    1  7.89112E+14 0.00104 
   47   47    1    1    1    1    1    1    1    1  1.20396E+15 0.00104 
   48   48    1    1    1    1    1    1    1    1  1.67786E+15 0.00080 
   49   49    1    1    1    1    1    1    1    1  1.58701E+15 0.00099 
   50   50    1    1    1    1    1    1    1    1  2.44295E+15 0.00141 
   51   51    1    1    1    1    1    1    1    1  1.94525E+15 0.00123 
   52   52    1    1    1    1    1    1    1    1  2.24421E+15 0.00100 
   53   53    1    1    1    1    1    1    1    1  1.58383E+15 0.00124 
   54   54    1    1    1    1    1    1    1    1  1.91609E+15 0.00101 
   55   55    1    1    1    1    1    1    1    1  1.33964E+15 0.00111 
   56   56    1    1    1    1    1    1    1    1  1.83916E+14 0.00144 
   57   57    1    1    1    1    1    1    1    1  2.63384E+15 0.00127 
   58   58    1    1    1    1    1    1    1    1  1.15272E+15 0.00103 
   59   59    1    1    1    1    1    1    1    1  1.24565E+15 0.00098 
   60   60    1    1    1    1    1    1    1    1  9.68666E+14 0.00141 
   61   61    1    1    1    1    1    1    1    1  9.70372E+14 0.00118 
   62   62    1    1    1    1    1    1    1    1  9.90970E+14 0.00113 
   63   63    1    1    1    1    1    1    1    1  8.29010E+14 0.00132 
   64   64    1    1    1    1    1    1    1    1  6.55831E+14 0.00143 
   65   65    1    1    1    1    1    1    1    1  6.47789E+14 0.00159 
   66   66    1    1    1    1    1    1    1    1  4.90428E+14 0.00149 
   67   67    1    1    1    1    1    1    1    1  4.02773E+14 0.00146 
   68   68    1    1    1    1    1    1    1    1  3.59071E+14 0.00147 
   69   69    1    1    1    1    1    1    1    1  4.33864E+14 0.00125 
   70   70    1    1    1    1    1    1    1    1  3.71519E+14 0.00119 
   71   71    1    1    1    1    1    1    1    1  6.89086E+14 0.00156 
   72   72    1    1    1    1    1    1    1    1  4.96306E+14 0.00163 
   73   73    1    1    1    1    1    1    1    1  3.77566E+14 0.00127 
   74   74    1    1    1    1    1    1    1    1  3.02224E+14 0.00143 
   75   75    1    1    1    1    1    1    1    1  2.47597E+14 0.00224 
   76   76    1    1    1    1    1    1    1    1  2.81881E+14 0.00159 
   77   77    1    1    1    1    1    1    1    1  2.19826E+14 0.00157 
   78   78    1    1    1    1    1    1    1    1  1.71237E+14 0.00241 
   79   79    1    1    1    1    1    1    1    1  1.76105E+14 0.00213 
   80   80    1    1    1    1    1    1    1    1  1.30535E+14 0.00185 
   81   81    1    1    1    1    1    1    1    1  1.00429E+14 0.00190 
   82   82    1    1    1    1    1    1    1    1  7.73321E+13 0.00357 
   83   83    1    1    1    1    1    1    1    1  7.23183E+13 0.00293 
   84   84    1    1    1    1    1    1    1    1  5.17030E+13 0.00381 
   85   85    1    1    1    1    1    1    1    1  3.75064E+13 0.00314 
   86   86    1    1    1    1    1    1    1    1  3.48792E+13 0.00452 
   87   87    1    1    1    1    1    1    1    1  2.14884E+13 0.00631 
   88   88    1    1    1    1    1    1    1    1  1.46938E+13 0.00411 
   89   89    1    1    1    1    1    1    1    1  8.48854E+12 0.00916 
   90   90    1    1    1    1    1    1    1    1  5.60787E+12 0.00937 
   91   91    1    1    1    1    1    1    1    1  2.87292E+12 0.01450 
   92   92    1    1    1    1    1    1    1    1  1.41773E+12 0.01760 
   93   93    1    1    1    1    1    1    1    1  6.73796E+11 0.02011 
   94   94    1    1    1    1    1    1    1    1  3.35004E+11 0.04242 
   95   95    1    1    1    1    1    1    1    1  1.53220E+11 0.07773 
   96   96    1    1    1    1    1    1    1    1  6.64727E+10 0.09193 
   97   97    1    1    1    1    1    1    1    1  3.44464E+10 0.10175 
   98   98    1    1    1    1    1    1    1    1  1.76476E+10 0.20944 
   99   99    1    1    1    1    1    1    1    1  7.53078E+09 0.29458 
  100  100    1    1    1    1    1    1    1    1  3.00040E+09 0.57291 
];


