
DETdpaspec = [
    1    1    1    1    1    1    1    1    1    1  0.00000E+00 0.00000 
    2    2    1    1    1    1    1    1    1    1  0.00000E+00 0.00000 
    3    3    1    1    1    1    1    1    1    1  0.00000E+00 0.00000 
    4    4    1    1    1    1    1    1    1    1  0.00000E+00 0.00000 
    5    5    1    1    1    1    1    1    1    1  0.00000E+00 0.00000 
    6    6    1    1    1    1    1    1    1    1  0.00000E+00 0.00000 
    7    7    1    1    1    1    1    1    1    1  0.00000E+00 0.00000 
    8    8    1    1    1    1    1    1    1    1  0.00000E+00 0.00000 
    9    9    1    1    1    1    1    1    1    1  2.42964E+07 0.54753 
   10   10    1    1    1    1    1    1    1    1  1.67797E+08 0.58908 
   11   11    1    1    1    1    1    1    1    1  1.22214E+08 0.55441 
   12   12    1    1    1    1    1    1    1    1  2.98360E+07 0.70505 
   13   13    1    1    1    1    1    1    1    1  1.11350E+09 0.38224 
   14   14    1    1    1    1    1    1    1    1  2.09105E+09 0.33163 
   15   15    1    1    1    1    1    1    1    1  4.94686E+09 0.26261 
   16   16    1    1    1    1    1    1    1    1  2.43598E+09 0.29007 
   17   17    1    1    1    1    1    1    1    1  2.75093E+09 0.24320 
   18   18    1    1    1    1    1    1    1    1  8.23034E+09 0.16965 
   19   19    1    1    1    1    1    1    1    1  1.26957E+10 0.15249 
   20   20    1    1    1    1    1    1    1    1  3.27007E+10 0.11885 
   21   21    1    1    1    1    1    1    1    1  2.44920E+10 0.08211 
   22   22    1    1    1    1    1    1    1    1  7.09245E+10 0.08644 
   23   23    1    1    1    1    1    1    1    1  1.07233E+11 0.06862 
   24   24    1    1    1    1    1    1    1    1  1.71924E+11 0.02901 
   25   25    1    1    1    1    1    1    1    1  2.20095E+11 0.04254 
   26   26    1    1    1    1    1    1    1    1  3.77419E+11 0.02764 
   27   27    1    1    1    1    1    1    1    1  7.49498E+11 0.02332 
   28   28    1    1    1    1    1    1    1    1  1.52664E+12 0.01744 
   29   29    1    1    1    1    1    1    1    1  2.11722E+12 0.01140 
   30   30    1    1    1    1    1    1    1    1  6.05519E+12 0.00795 
   31   31    1    1    1    1    1    1    1    1  1.58700E+13 0.00728 
   32   32    1    1    1    1    1    1    1    1  2.60879E+13 0.00560 
   33   33    1    1    1    1    1    1    1    1  5.39112E+13 0.00398 
   34   34    1    1    1    1    1    1    1    1  6.58681E+13 0.00263 
   35   35    1    1    1    1    1    1    1    1  9.50302E+13 0.00223 
   36   36    1    1    1    1    1    1    1    1  7.06141E+13 0.00182 
   37   37    1    1    1    1    1    1    1    1  2.23753E+13 0.00239 
   38   38    1    1    1    1    1    1    1    1  1.13055E+14 0.00201 
   39   39    1    1    1    1    1    1    1    1  1.44847E+14 0.00211 
   40   40    1    1    1    1    1    1    1    1  2.41006E+14 0.00163 
   41   41    1    1    1    1    1    1    1    1  2.40421E+14 0.00118 
   42   42    1    1    1    1    1    1    1    1  4.58727E+14 0.00169 
   43   43    1    1    1    1    1    1    1    1  5.21315E+14 0.00138 
   44   44    1    1    1    1    1    1    1    1  7.01181E+14 0.00155 
   45   45    1    1    1    1    1    1    1    1  1.29103E+15 0.00138 
   46   46    1    1    1    1    1    1    1    1  6.41687E+14 0.00121 
   47   47    1    1    1    1    1    1    1    1  9.80792E+14 0.00115 
   48   48    1    1    1    1    1    1    1    1  1.35823E+15 0.00122 
   49   49    1    1    1    1    1    1    1    1  1.28697E+15 0.00098 
   50   50    1    1    1    1    1    1    1    1  1.95905E+15 0.00094 
   51   51    1    1    1    1    1    1    1    1  1.56517E+15 0.00091 
   52   52    1    1    1    1    1    1    1    1  1.77951E+15 0.00105 
   53   53    1    1    1    1    1    1    1    1  1.25772E+15 0.00109 
   54   54    1    1    1    1    1    1    1    1  1.50247E+15 0.00113 
   55   55    1    1    1    1    1    1    1    1  1.05271E+15 0.00115 
   56   56    1    1    1    1    1    1    1    1  1.44871E+14 0.00169 
   57   57    1    1    1    1    1    1    1    1  2.06586E+15 0.00088 
   58   58    1    1    1    1    1    1    1    1  8.90345E+14 0.00144 
   59   59    1    1    1    1    1    1    1    1  9.63785E+14 0.00136 
   60   60    1    1    1    1    1    1    1    1  7.41494E+14 0.00123 
   61   61    1    1    1    1    1    1    1    1  7.43515E+14 0.00128 
   62   62    1    1    1    1    1    1    1    1  7.56606E+14 0.00122 
   63   63    1    1    1    1    1    1    1    1  6.30309E+14 0.00120 
   64   64    1    1    1    1    1    1    1    1  4.97990E+14 0.00146 
   65   65    1    1    1    1    1    1    1    1  4.92060E+14 0.00161 
   66   66    1    1    1    1    1    1    1    1  3.70995E+14 0.00133 
   67   67    1    1    1    1    1    1    1    1  3.05313E+14 0.00152 
   68   68    1    1    1    1    1    1    1    1  2.72433E+14 0.00185 
   69   69    1    1    1    1    1    1    1    1  3.29543E+14 0.00192 
   70   70    1    1    1    1    1    1    1    1  2.81634E+14 0.00178 
   71   71    1    1    1    1    1    1    1    1  5.27297E+14 0.00166 
   72   72    1    1    1    1    1    1    1    1  3.80119E+14 0.00157 
   73   73    1    1    1    1    1    1    1    1  2.88536E+14 0.00209 
   74   74    1    1    1    1    1    1    1    1  2.28965E+14 0.00197 
   75   75    1    1    1    1    1    1    1    1  1.85234E+14 0.00193 
   76   76    1    1    1    1    1    1    1    1  2.10386E+14 0.00167 
   77   77    1    1    1    1    1    1    1    1  1.62287E+14 0.00257 
   78   78    1    1    1    1    1    1    1    1  1.25849E+14 0.00155 
   79   79    1    1    1    1    1    1    1    1  1.28613E+14 0.00191 
   80   80    1    1    1    1    1    1    1    1  9.52492E+13 0.00250 
   81   81    1    1    1    1    1    1    1    1  7.26869E+13 0.00221 
   82   82    1    1    1    1    1    1    1    1  5.58411E+13 0.00287 
   83   83    1    1    1    1    1    1    1    1  5.26744E+13 0.00203 
   84   84    1    1    1    1    1    1    1    1  3.75604E+13 0.00454 
   85   85    1    1    1    1    1    1    1    1  2.71058E+13 0.00411 
   86   86    1    1    1    1    1    1    1    1  2.53108E+13 0.00454 
   87   87    1    1    1    1    1    1    1    1  1.57326E+13 0.00700 
   88   88    1    1    1    1    1    1    1    1  1.06198E+13 0.01055 
   89   89    1    1    1    1    1    1    1    1  6.16121E+12 0.01025 
   90   90    1    1    1    1    1    1    1    1  4.05148E+12 0.01417 
   91   91    1    1    1    1    1    1    1    1  2.03609E+12 0.01500 
   92   92    1    1    1    1    1    1    1    1  1.02205E+12 0.02611 
   93   93    1    1    1    1    1    1    1    1  5.15614E+11 0.02310 
   94   94    1    1    1    1    1    1    1    1  2.43904E+11 0.03829 
   95   95    1    1    1    1    1    1    1    1  1.12382E+11 0.07611 
   96   96    1    1    1    1    1    1    1    1  5.90607E+10 0.07191 
   97   97    1    1    1    1    1    1    1    1  2.80975E+10 0.16378 
   98   98    1    1    1    1    1    1    1    1  9.53796E+09 0.24849 
   99   99    1    1    1    1    1    1    1    1  3.70708E+09 0.29394 
  100  100    1    1    1    1    1    1    1    1  7.83650E+09 0.22135 
];


