
DETdpaspec = [
    1    1    1    1    1    1    1    1    1    1  0.00000E+00 0.00000 
    2    2    1    1    1    1    1    1    1    1  0.00000E+00 0.00000 
    3    3    1    1    1    1    1    1    1    1  0.00000E+00 0.00000 
    4    4    1    1    1    1    1    1    1    1  0.00000E+00 0.00000 
    5    5    1    1    1    1    1    1    1    1  0.00000E+00 0.00000 
    6    6    1    1    1    1    1    1    1    1  0.00000E+00 0.00000 
    7    7    1    1    1    1    1    1    1    1  1.82724E+07 1.00000 
    8    8    1    1    1    1    1    1    1    1  0.00000E+00 0.00000 
    9    9    1    1    1    1    1    1    1    1  0.00000E+00 0.00000 
   10   10    1    1    1    1    1    1    1    1  0.00000E+00 0.00000 
   11   11    1    1    1    1    1    1    1    1  2.03787E+08 0.75356 
   12   12    1    1    1    1    1    1    1    1  6.35194E+07 0.59359 
   13   13    1    1    1    1    1    1    1    1  2.39832E+09 0.48379 
   14   14    1    1    1    1    1    1    1    1  4.65780E+09 0.38715 
   15   15    1    1    1    1    1    1    1    1  6.54518E+09 0.36402 
   16   16    1    1    1    1    1    1    1    1  1.00856E+09 0.57134 
   17   17    1    1    1    1    1    1    1    1  4.46226E+09 0.17834 
   18   18    1    1    1    1    1    1    1    1  7.11451E+09 0.29919 
   19   19    1    1    1    1    1    1    1    1  8.02781E+09 0.18884 
   20   20    1    1    1    1    1    1    1    1  2.16231E+10 0.22139 
   21   21    1    1    1    1    1    1    1    1  1.83326E+10 0.19393 
   22   22    1    1    1    1    1    1    1    1  4.33985E+10 0.10770 
   23   23    1    1    1    1    1    1    1    1  7.46276E+10 0.08243 
   24   24    1    1    1    1    1    1    1    1  1.76224E+11 0.05082 
   25   25    1    1    1    1    1    1    1    1  2.41632E+11 0.04192 
   26   26    1    1    1    1    1    1    1    1  4.93164E+11 0.03042 
   27   27    1    1    1    1    1    1    1    1  1.13720E+12 0.02215 
   28   28    1    1    1    1    1    1    1    1  2.81336E+12 0.01286 
   29   29    1    1    1    1    1    1    1    1  4.63810E+12 0.00728 
   30   30    1    1    1    1    1    1    1    1  1.10970E+13 0.00738 
   31   31    1    1    1    1    1    1    1    1  2.82626E+13 0.00539 
   32   32    1    1    1    1    1    1    1    1  4.48886E+13 0.00516 
   33   33    1    1    1    1    1    1    1    1  9.50380E+13 0.00310 
   34   34    1    1    1    1    1    1    1    1  1.22611E+14 0.00238 
   35   35    1    1    1    1    1    1    1    1  1.55672E+14 0.00177 
   36   36    1    1    1    1    1    1    1    1  1.10333E+14 0.00160 
   37   37    1    1    1    1    1    1    1    1  3.34190E+13 0.00137 
   38   38    1    1    1    1    1    1    1    1  1.77516E+14 0.00141 
   39   39    1    1    1    1    1    1    1    1  2.28356E+14 0.00163 
   40   40    1    1    1    1    1    1    1    1  3.89698E+14 0.00110 
   41   41    1    1    1    1    1    1    1    1  3.75543E+14 0.00136 
   42   42    1    1    1    1    1    1    1    1  7.46280E+14 0.00103 
   43   43    1    1    1    1    1    1    1    1  8.53985E+14 0.00107 
   44   44    1    1    1    1    1    1    1    1  1.15906E+15 0.00107 
   45   45    1    1    1    1    1    1    1    1  2.20063E+15 0.00099 
   46   46    1    1    1    1    1    1    1    1  1.09098E+15 0.00083 
   47   47    1    1    1    1    1    1    1    1  1.64843E+15 0.00077 
   48   48    1    1    1    1    1    1    1    1  2.30658E+15 0.00060 
   49   49    1    1    1    1    1    1    1    1  2.16514E+15 0.00067 
   50   50    1    1    1    1    1    1    1    1  3.40116E+15 0.00065 
   51   51    1    1    1    1    1    1    1    1  2.66792E+15 0.00056 
   52   52    1    1    1    1    1    1    1    1  3.13999E+15 0.00069 
   53   53    1    1    1    1    1    1    1    1  2.21105E+15 0.00084 
   54   54    1    1    1    1    1    1    1    1  2.73088E+15 0.00053 
   55   55    1    1    1    1    1    1    1    1  1.90452E+15 0.00068 
   56   56    1    1    1    1    1    1    1    1  2.60206E+14 0.00097 
   57   57    1    1    1    1    1    1    1    1  3.74756E+15 0.00065 
   58   58    1    1    1    1    1    1    1    1  1.68394E+15 0.00079 
   59   59    1    1    1    1    1    1    1    1  1.80668E+15 0.00069 
   60   60    1    1    1    1    1    1    1    1  1.43305E+15 0.00062 
   61   61    1    1    1    1    1    1    1    1  1.43309E+15 0.00093 
   62   62    1    1    1    1    1    1    1    1  1.47064E+15 0.00097 
   63   63    1    1    1    1    1    1    1    1  1.23763E+15 0.00069 
   64   64    1    1    1    1    1    1    1    1  9.80903E+14 0.00062 
   65   65    1    1    1    1    1    1    1    1  9.70335E+14 0.00078 
   66   66    1    1    1    1    1    1    1    1  7.37318E+14 0.00085 
   67   67    1    1    1    1    1    1    1    1  6.00826E+14 0.00074 
   68   68    1    1    1    1    1    1    1    1  5.34896E+14 0.00096 
   69   69    1    1    1    1    1    1    1    1  6.46919E+14 0.00093 
   70   70    1    1    1    1    1    1    1    1  5.51882E+14 0.00132 
   71   71    1    1    1    1    1    1    1    1  1.01003E+15 0.00113 
   72   72    1    1    1    1    1    1    1    1  7.23554E+14 0.00119 
   73   73    1    1    1    1    1    1    1    1  5.52671E+14 0.00100 
   74   74    1    1    1    1    1    1    1    1  4.48857E+14 0.00130 
   75   75    1    1    1    1    1    1    1    1  3.73478E+14 0.00128 
   76   76    1    1    1    1    1    1    1    1  4.33196E+14 0.00131 
   77   77    1    1    1    1    1    1    1    1  3.42761E+14 0.00136 
   78   78    1    1    1    1    1    1    1    1  2.70357E+14 0.00191 
   79   79    1    1    1    1    1    1    1    1  2.80632E+14 0.00150 
   80   80    1    1    1    1    1    1    1    1  2.09182E+14 0.00154 
   81   81    1    1    1    1    1    1    1    1  1.61063E+14 0.00227 
   82   82    1    1    1    1    1    1    1    1  1.23867E+14 0.00264 
   83   83    1    1    1    1    1    1    1    1  1.15835E+14 0.00213 
   84   84    1    1    1    1    1    1    1    1  8.36334E+13 0.00232 
   85   85    1    1    1    1    1    1    1    1  6.04643E+13 0.00261 
   86   86    1    1    1    1    1    1    1    1  5.66701E+13 0.00379 
   87   87    1    1    1    1    1    1    1    1  3.48413E+13 0.00406 
   88   88    1    1    1    1    1    1    1    1  2.35381E+13 0.00587 
   89   89    1    1    1    1    1    1    1    1  1.35088E+13 0.00676 
   90   90    1    1    1    1    1    1    1    1  8.87374E+12 0.00812 
   91   91    1    1    1    1    1    1    1    1  4.45298E+12 0.01083 
   92   92    1    1    1    1    1    1    1    1  2.18309E+12 0.01800 
   93   93    1    1    1    1    1    1    1    1  1.04438E+12 0.02638 
   94   94    1    1    1    1    1    1    1    1  5.09344E+11 0.03862 
   95   95    1    1    1    1    1    1    1    1  2.24550E+11 0.04713 
   96   96    1    1    1    1    1    1    1    1  1.13107E+11 0.05253 
   97   97    1    1    1    1    1    1    1    1  5.62535E+10 0.10061 
   98   98    1    1    1    1    1    1    1    1  2.44911E+10 0.14831 
   99   99    1    1    1    1    1    1    1    1  9.97284E+09 0.20575 
  100  100    1    1    1    1    1    1    1    1  1.05848E+10 0.24572 
];


