
DETdpaspec = [
    1    1    1    1    1    1    1    1    1    1  0.00000E+00 0.00000 
    2    2    1    1    1    1    1    1    1    1  0.00000E+00 0.00000 
    3    3    1    1    1    1    1    1    1    1  0.00000E+00 0.00000 
    4    4    1    1    1    1    1    1    1    1  0.00000E+00 0.00000 
    5    5    1    1    1    1    1    1    1    1  0.00000E+00 0.00000 
    6    6    1    1    1    1    1    1    1    1  0.00000E+00 0.00000 
    7    7    1    1    1    1    1    1    1    1  0.00000E+00 0.00000 
    8    8    1    1    1    1    1    1    1    1  0.00000E+00 0.00000 
    9    9    1    1    1    1    1    1    1    1  1.72618E+07 1.00000 
   10   10    1    1    1    1    1    1    1    1  1.27955E+08 0.72579 
   11   11    1    1    1    1    1    1    1    1  4.99653E+07 1.00000 
   12   12    1    1    1    1    1    1    1    1  1.04447E+08 0.65810 
   13   13    1    1    1    1    1    1    1    1  2.36255E+08 0.55782 
   14   14    1    1    1    1    1    1    1    1  2.90464E+09 0.40772 
   15   15    1    1    1    1    1    1    1    1  4.49970E+09 0.34797 
   16   16    1    1    1    1    1    1    1    1  8.66802E+08 0.37867 
   17   17    1    1    1    1    1    1    1    1  2.20632E+09 0.33819 
   18   18    1    1    1    1    1    1    1    1  8.82127E+09 0.18577 
   19   19    1    1    1    1    1    1    1    1  5.10538E+09 0.21456 
   20   20    1    1    1    1    1    1    1    1  2.49434E+10 0.12015 
   21   21    1    1    1    1    1    1    1    1  2.40400E+10 0.11004 
   22   22    1    1    1    1    1    1    1    1  4.72765E+10 0.08628 
   23   23    1    1    1    1    1    1    1    1  7.97264E+10 0.07264 
   24   24    1    1    1    1    1    1    1    1  1.55291E+11 0.05005 
   25   25    1    1    1    1    1    1    1    1  2.42137E+11 0.04181 
   26   26    1    1    1    1    1    1    1    1  5.03336E+11 0.02593 
   27   27    1    1    1    1    1    1    1    1  1.06935E+12 0.02055 
   28   28    1    1    1    1    1    1    1    1  2.60893E+12 0.01354 
   29   29    1    1    1    1    1    1    1    1  4.29692E+12 0.01134 
   30   30    1    1    1    1    1    1    1    1  1.02794E+13 0.00745 
   31   31    1    1    1    1    1    1    1    1  2.67560E+13 0.00484 
   32   32    1    1    1    1    1    1    1    1  4.26285E+13 0.00307 
   33   33    1    1    1    1    1    1    1    1  9.09563E+13 0.00288 
   34   34    1    1    1    1    1    1    1    1  1.17694E+14 0.00265 
   35   35    1    1    1    1    1    1    1    1  1.51274E+14 0.00139 
   36   36    1    1    1    1    1    1    1    1  1.07717E+14 0.00172 
   37   37    1    1    1    1    1    1    1    1  3.27005E+13 0.00160 
   38   38    1    1    1    1    1    1    1    1  1.73425E+14 0.00164 
   39   39    1    1    1    1    1    1    1    1  2.23358E+14 0.00219 
   40   40    1    1    1    1    1    1    1    1  3.81283E+14 0.00091 
   41   41    1    1    1    1    1    1    1    1  3.68629E+14 0.00125 
   42   42    1    1    1    1    1    1    1    1  7.29840E+14 0.00136 
   43   43    1    1    1    1    1    1    1    1  8.37497E+14 0.00109 
   44   44    1    1    1    1    1    1    1    1  1.13921E+15 0.00091 
   45   45    1    1    1    1    1    1    1    1  2.16156E+15 0.00093 
   46   46    1    1    1    1    1    1    1    1  1.07308E+15 0.00087 
   47   47    1    1    1    1    1    1    1    1  1.62303E+15 0.00090 
   48   48    1    1    1    1    1    1    1    1  2.27264E+15 0.00083 
   49   49    1    1    1    1    1    1    1    1  2.13428E+15 0.00070 
   50   50    1    1    1    1    1    1    1    1  3.34810E+15 0.00060 
   51   51    1    1    1    1    1    1    1    1  2.63147E+15 0.00074 
   52   52    1    1    1    1    1    1    1    1  3.09420E+15 0.00045 
   53   53    1    1    1    1    1    1    1    1  2.17756E+15 0.00075 
   54   54    1    1    1    1    1    1    1    1  2.69150E+15 0.00078 
   55   55    1    1    1    1    1    1    1    1  1.87972E+15 0.00083 
   56   56    1    1    1    1    1    1    1    1  2.56948E+14 0.00102 
   57   57    1    1    1    1    1    1    1    1  3.69335E+15 0.00070 
   58   58    1    1    1    1    1    1    1    1  1.65732E+15 0.00069 
   59   59    1    1    1    1    1    1    1    1  1.77988E+15 0.00075 
   60   60    1    1    1    1    1    1    1    1  1.41337E+15 0.00080 
   61   61    1    1    1    1    1    1    1    1  1.41281E+15 0.00073 
   62   62    1    1    1    1    1    1    1    1  1.44808E+15 0.00088 
   63   63    1    1    1    1    1    1    1    1  1.21784E+15 0.00090 
   64   64    1    1    1    1    1    1    1    1  9.65198E+14 0.00102 
   65   65    1    1    1    1    1    1    1    1  9.55398E+14 0.00092 
   66   66    1    1    1    1    1    1    1    1  7.25162E+14 0.00090 
   67   67    1    1    1    1    1    1    1    1  5.92684E+14 0.00080 
   68   68    1    1    1    1    1    1    1    1  5.26370E+14 0.00131 
   69   69    1    1    1    1    1    1    1    1  6.36690E+14 0.00108 
   70   70    1    1    1    1    1    1    1    1  5.44105E+14 0.00086 
   71   71    1    1    1    1    1    1    1    1  9.96884E+14 0.00105 
   72   72    1    1    1    1    1    1    1    1  7.13692E+14 0.00110 
   73   73    1    1    1    1    1    1    1    1  5.46551E+14 0.00131 
   74   74    1    1    1    1    1    1    1    1  4.43207E+14 0.00108 
   75   75    1    1    1    1    1    1    1    1  3.66816E+14 0.00137 
   76   76    1    1    1    1    1    1    1    1  4.25924E+14 0.00164 
   77   77    1    1    1    1    1    1    1    1  3.37107E+14 0.00124 
   78   78    1    1    1    1    1    1    1    1  2.65919E+14 0.00150 
   79   79    1    1    1    1    1    1    1    1  2.75602E+14 0.00152 
   80   80    1    1    1    1    1    1    1    1  2.05829E+14 0.00251 
   81   81    1    1    1    1    1    1    1    1  1.59106E+14 0.00229 
   82   82    1    1    1    1    1    1    1    1  1.21926E+14 0.00223 
   83   83    1    1    1    1    1    1    1    1  1.13891E+14 0.00255 
   84   84    1    1    1    1    1    1    1    1  8.23915E+13 0.00217 
   85   85    1    1    1    1    1    1    1    1  5.92218E+13 0.00284 
   86   86    1    1    1    1    1    1    1    1  5.53517E+13 0.00311 
   87   87    1    1    1    1    1    1    1    1  3.41041E+13 0.00385 
   88   88    1    1    1    1    1    1    1    1  2.32374E+13 0.00463 
   89   89    1    1    1    1    1    1    1    1  1.32255E+13 0.00586 
   90   90    1    1    1    1    1    1    1    1  8.83100E+12 0.00710 
   91   91    1    1    1    1    1    1    1    1  4.38182E+12 0.01370 
   92   92    1    1    1    1    1    1    1    1  2.08744E+12 0.01608 
   93   93    1    1    1    1    1    1    1    1  1.02152E+12 0.02674 
   94   94    1    1    1    1    1    1    1    1  4.93903E+11 0.02114 
   95   95    1    1    1    1    1    1    1    1  2.40477E+11 0.05012 
   96   96    1    1    1    1    1    1    1    1  9.66974E+10 0.07469 
   97   97    1    1    1    1    1    1    1    1  5.60611E+10 0.07559 
   98   98    1    1    1    1    1    1    1    1  2.16144E+10 0.13589 
   99   99    1    1    1    1    1    1    1    1  1.32135E+10 0.14580 
  100  100    1    1    1    1    1    1    1    1  1.06865E+10 0.19959 
];


