
DETdpaspec = [
    1    1    1    1    1    1    1    1    1    1  0.00000E+00 0.00000 
    2    2    1    1    1    1    1    1    1    1  0.00000E+00 0.00000 
    3    3    1    1    1    1    1    1    1    1  0.00000E+00 0.00000 
    4    4    1    1    1    1    1    1    1    1  0.00000E+00 0.00000 
    5    5    1    1    1    1    1    1    1    1  0.00000E+00 0.00000 
    6    6    1    1    1    1    1    1    1    1  0.00000E+00 0.00000 
    7    7    1    1    1    1    1    1    1    1  1.48517E+07 1.00000 
    8    8    1    1    1    1    1    1    1    1  1.34185E+07 1.00000 
    9    9    1    1    1    1    1    1    1    1  1.60533E+07 0.69541 
   10   10    1    1    1    1    1    1    1    1  4.22813E+07 1.00000 
   11   11    1    1    1    1    1    1    1    1  1.71344E+08 0.79963 
   12   12    1    1    1    1    1    1    1    1  4.45033E+07 0.45466 
   13   13    1    1    1    1    1    1    1    1  1.33691E+09 0.61837 
   14   14    1    1    1    1    1    1    1    1  1.70559E+09 0.42166 
   15   15    1    1    1    1    1    1    1    1  3.82213E+09 0.31511 
   16   16    1    1    1    1    1    1    1    1  2.66389E+09 0.21693 
   17   17    1    1    1    1    1    1    1    1  3.02809E+09 0.16611 
   18   18    1    1    1    1    1    1    1    1  9.25446E+09 0.19857 
   19   19    1    1    1    1    1    1    1    1  1.08947E+10 0.15583 
   20   20    1    1    1    1    1    1    1    1  3.76034E+10 0.11453 
   21   21    1    1    1    1    1    1    1    1  2.97542E+10 0.11094 
   22   22    1    1    1    1    1    1    1    1  7.35529E+10 0.06717 
   23   23    1    1    1    1    1    1    1    1  1.05865E+11 0.09652 
   24   24    1    1    1    1    1    1    1    1  1.59028E+11 0.03806 
   25   25    1    1    1    1    1    1    1    1  2.07556E+11 0.05010 
   26   26    1    1    1    1    1    1    1    1  3.45158E+11 0.03217 
   27   27    1    1    1    1    1    1    1    1  7.26753E+11 0.02444 
   28   28    1    1    1    1    1    1    1    1  1.53517E+12 0.01364 
   29   29    1    1    1    1    1    1    1    1  2.20135E+12 0.01490 
   30   30    1    1    1    1    1    1    1    1  6.23242E+12 0.01008 
   31   31    1    1    1    1    1    1    1    1  1.66153E+13 0.00666 
   32   32    1    1    1    1    1    1    1    1  2.75460E+13 0.00376 
   33   33    1    1    1    1    1    1    1    1  5.78751E+13 0.00239 
   34   34    1    1    1    1    1    1    1    1  7.13772E+13 0.00280 
   35   35    1    1    1    1    1    1    1    1  1.01887E+14 0.00272 
   36   36    1    1    1    1    1    1    1    1  7.53402E+13 0.00176 
   37   37    1    1    1    1    1    1    1    1  2.37839E+13 0.00254 
   38   38    1    1    1    1    1    1    1    1  1.21483E+14 0.00224 
   39   39    1    1    1    1    1    1    1    1  1.56066E+14 0.00214 
   40   40    1    1    1    1    1    1    1    1  2.60021E+14 0.00159 
   41   41    1    1    1    1    1    1    1    1  2.58986E+14 0.00172 
   42   42    1    1    1    1    1    1    1    1  4.99314E+14 0.00156 
   43   43    1    1    1    1    1    1    1    1  5.68397E+14 0.00156 
   44   44    1    1    1    1    1    1    1    1  7.67954E+14 0.00144 
   45   45    1    1    1    1    1    1    1    1  1.42671E+15 0.00122 
   46   46    1    1    1    1    1    1    1    1  7.10610E+14 0.00121 
   47   47    1    1    1    1    1    1    1    1  1.08461E+15 0.00101 
   48   48    1    1    1    1    1    1    1    1  1.50521E+15 0.00112 
   49   49    1    1    1    1    1    1    1    1  1.42576E+15 0.00115 
   50   50    1    1    1    1    1    1    1    1  2.18388E+15 0.00120 
   51   51    1    1    1    1    1    1    1    1  1.74241E+15 0.00107 
   52   52    1    1    1    1    1    1    1    1  1.99453E+15 0.00093 
   53   53    1    1    1    1    1    1    1    1  1.40883E+15 0.00099 
   54   54    1    1    1    1    1    1    1    1  1.69258E+15 0.00133 
   55   55    1    1    1    1    1    1    1    1  1.18635E+15 0.00116 
   56   56    1    1    1    1    1    1    1    1  1.62936E+14 0.00159 
   57   57    1    1    1    1    1    1    1    1  2.32935E+15 0.00133 
   58   58    1    1    1    1    1    1    1    1  1.01160E+15 0.00141 
   59   59    1    1    1    1    1    1    1    1  1.09319E+15 0.00143 
   60   60    1    1    1    1    1    1    1    1  8.45748E+14 0.00154 
   61   61    1    1    1    1    1    1    1    1  8.47220E+14 0.00194 
   62   62    1    1    1    1    1    1    1    1  8.64931E+14 0.00145 
   63   63    1    1    1    1    1    1    1    1  7.20956E+14 0.00180 
   64   64    1    1    1    1    1    1    1    1  5.70899E+14 0.00172 
   65   65    1    1    1    1    1    1    1    1  5.62898E+14 0.00199 
   66   66    1    1    1    1    1    1    1    1  4.26210E+14 0.00196 
   67   67    1    1    1    1    1    1    1    1  3.49564E+14 0.00209 
   68   68    1    1    1    1    1    1    1    1  3.11863E+14 0.00214 
   69   69    1    1    1    1    1    1    1    1  3.76848E+14 0.00226 
   70   70    1    1    1    1    1    1    1    1  3.23190E+14 0.00205 
   71   71    1    1    1    1    1    1    1    1  6.01933E+14 0.00208 
   72   72    1    1    1    1    1    1    1    1  4.33725E+14 0.00204 
   73   73    1    1    1    1    1    1    1    1  3.29347E+14 0.00211 
   74   74    1    1    1    1    1    1    1    1  2.61353E+14 0.00204 
   75   75    1    1    1    1    1    1    1    1  2.13265E+14 0.00239 
   76   76    1    1    1    1    1    1    1    1  2.43137E+14 0.00211 
   77   77    1    1    1    1    1    1    1    1  1.88251E+14 0.00244 
   78   78    1    1    1    1    1    1    1    1  1.46413E+14 0.00256 
   79   79    1    1    1    1    1    1    1    1  1.50067E+14 0.00249 
   80   80    1    1    1    1    1    1    1    1  1.10949E+14 0.00297 
   81   81    1    1    1    1    1    1    1    1  8.55859E+13 0.00327 
   82   82    1    1    1    1    1    1    1    1  6.56973E+13 0.00316 
   83   83    1    1    1    1    1    1    1    1  6.14631E+13 0.00451 
   84   84    1    1    1    1    1    1    1    1  4.41899E+13 0.00287 
   85   85    1    1    1    1    1    1    1    1  3.15780E+13 0.00484 
   86   86    1    1    1    1    1    1    1    1  2.96011E+13 0.00377 
   87   87    1    1    1    1    1    1    1    1  1.82100E+13 0.00327 
   88   88    1    1    1    1    1    1    1    1  1.22927E+13 0.00568 
   89   89    1    1    1    1    1    1    1    1  7.12294E+12 0.00818 
   90   90    1    1    1    1    1    1    1    1  4.73751E+12 0.01088 
   91   91    1    1    1    1    1    1    1    1  2.43656E+12 0.01197 
   92   92    1    1    1    1    1    1    1    1  1.13770E+12 0.02109 
   93   93    1    1    1    1    1    1    1    1  6.19821E+11 0.02611 
   94   94    1    1    1    1    1    1    1    1  2.85541E+11 0.04362 
   95   95    1    1    1    1    1    1    1    1  1.60931E+11 0.06764 
   96   96    1    1    1    1    1    1    1    1  6.54395E+10 0.08435 
   97   97    1    1    1    1    1    1    1    1  2.79279E+10 0.14414 
   98   98    1    1    1    1    1    1    1    1  1.71672E+10 0.16302 
   99   99    1    1    1    1    1    1    1    1  5.13496E+09 0.40016 
  100  100    1    1    1    1    1    1    1    1  5.05094E+09 0.25607 
];


