
DETdpaspec = [
    1    1    1    1    1    1    1    1    1    1  0.00000E+00 0.00000 
    2    2    1    1    1    1    1    1    1    1  0.00000E+00 0.00000 
    3    3    1    1    1    1    1    1    1    1  0.00000E+00 0.00000 
    4    4    1    1    1    1    1    1    1    1  0.00000E+00 0.00000 
    5    5    1    1    1    1    1    1    1    1  0.00000E+00 0.00000 
    6    6    1    1    1    1    1    1    1    1  0.00000E+00 0.00000 
    7    7    1    1    1    1    1    1    1    1  0.00000E+00 0.00000 
    8    8    1    1    1    1    1    1    1    1  0.00000E+00 0.00000 
    9    9    1    1    1    1    1    1    1    1  2.50278E+07 1.00000 
   10   10    1    1    1    1    1    1    1    1  0.00000E+00 0.00000 
   11   11    1    1    1    1    1    1    1    1  0.00000E+00 0.00000 
   12   12    1    1    1    1    1    1    1    1  9.97586E+06 1.00000 
   13   13    1    1    1    1    1    1    1    1  1.39346E+09 0.76696 
   14   14    1    1    1    1    1    1    1    1  1.46930E+09 0.68688 
   15   15    1    1    1    1    1    1    1    1  2.16534E+09 0.44107 
   16   16    1    1    1    1    1    1    1    1  1.61380E+09 0.51967 
   17   17    1    1    1    1    1    1    1    1  1.81941E+09 0.33271 
   18   18    1    1    1    1    1    1    1    1  4.47428E+09 0.35881 
   19   19    1    1    1    1    1    1    1    1  4.14584E+09 0.29871 
   20   20    1    1    1    1    1    1    1    1  2.02207E+10 0.18125 
   21   21    1    1    1    1    1    1    1    1  2.87352E+10 0.11520 
   22   22    1    1    1    1    1    1    1    1  1.03556E+11 0.08574 
   23   23    1    1    1    1    1    1    1    1  3.97995E+11 0.04012 
   24   24    1    1    1    1    1    1    1    1  1.19322E+12 0.02511 
   25   25    1    1    1    1    1    1    1    1  1.96199E+12 0.01730 
   26   26    1    1    1    1    1    1    1    1  3.87818E+12 0.01244 
   27   27    1    1    1    1    1    1    1    1  7.45784E+12 0.00972 
   28   28    1    1    1    1    1    1    1    1  1.45826E+13 0.00652 
   29   29    1    1    1    1    1    1    1    1  2.18131E+13 0.00488 
   30   30    1    1    1    1    1    1    1    1  3.96355E+13 0.00353 
   31   31    1    1    1    1    1    1    1    1  7.89469E+13 0.00286 
   32   32    1    1    1    1    1    1    1    1  1.07841E+14 0.00248 
   33   33    1    1    1    1    1    1    1    1  1.99730E+14 0.00179 
   34   34    1    1    1    1    1    1    1    1  2.39766E+14 0.00195 
   35   35    1    1    1    1    1    1    1    1  2.59109E+14 0.00209 
   36   36    1    1    1    1    1    1    1    1  1.68806E+14 0.00204 
   37   37    1    1    1    1    1    1    1    1  4.93749E+13 0.00161 
   38   38    1    1    1    1    1    1    1    1  2.63756E+14 0.00145 
   39   39    1    1    1    1    1    1    1    1  3.32170E+14 0.00107 
   40   40    1    1    1    1    1    1    1    1  5.57670E+14 0.00108 
   41   41    1    1    1    1    1    1    1    1  5.14777E+14 0.00105 
   42   42    1    1    1    1    1    1    1    1  1.01160E+15 0.00077 
   43   43    1    1    1    1    1    1    1    1  1.13647E+15 0.00063 
   44   44    1    1    1    1    1    1    1    1  1.51100E+15 0.00081 
   45   45    1    1    1    1    1    1    1    1  2.80194E+15 0.00071 
   46   46    1    1    1    1    1    1    1    1  1.34550E+15 0.00078 
   47   47    1    1    1    1    1    1    1    1  1.99723E+15 0.00056 
   48   48    1    1    1    1    1    1    1    1  2.74743E+15 0.00064 
   49   49    1    1    1    1    1    1    1    1  2.52662E+15 0.00081 
   50   50    1    1    1    1    1    1    1    1  3.94727E+15 0.00082 
   51   51    1    1    1    1    1    1    1    1  3.01201E+15 0.00071 
   52   52    1    1    1    1    1    1    1    1  3.54108E+15 0.00069 
   53   53    1    1    1    1    1    1    1    1  2.45543E+15 0.00060 
   54   54    1    1    1    1    1    1    1    1  3.04186E+15 0.00061 
   55   55    1    1    1    1    1    1    1    1  2.10481E+15 0.00063 
   56   56    1    1    1    1    1    1    1    1  2.86111E+14 0.00113 
   57   57    1    1    1    1    1    1    1    1  4.09276E+15 0.00065 
   58   58    1    1    1    1    1    1    1    1  1.85426E+15 0.00061 
   59   59    1    1    1    1    1    1    1    1  1.96854E+15 0.00064 
   60   60    1    1    1    1    1    1    1    1  1.57353E+15 0.00073 
   61   61    1    1    1    1    1    1    1    1  1.56296E+15 0.00095 
   62   62    1    1    1    1    1    1    1    1  1.59449E+15 0.00065 
   63   63    1    1    1    1    1    1    1    1  1.33942E+15 0.00068 
   64   64    1    1    1    1    1    1    1    1  1.05707E+15 0.00062 
   65   65    1    1    1    1    1    1    1    1  1.04079E+15 0.00084 
   66   66    1    1    1    1    1    1    1    1  7.88027E+14 0.00097 
   67   67    1    1    1    1    1    1    1    1  6.38145E+14 0.00095 
   68   68    1    1    1    1    1    1    1    1  5.64691E+14 0.00102 
   69   69    1    1    1    1    1    1    1    1  6.79787E+14 0.00130 
   70   70    1    1    1    1    1    1    1    1  5.76122E+14 0.00139 
   71   71    1    1    1    1    1    1    1    1  1.03717E+15 0.00128 
   72   72    1    1    1    1    1    1    1    1  7.36295E+14 0.00081 
   73   73    1    1    1    1    1    1    1    1  5.60510E+14 0.00128 
   74   74    1    1    1    1    1    1    1    1  4.57889E+14 0.00120 
   75   75    1    1    1    1    1    1    1    1  3.83012E+14 0.00113 
   76   76    1    1    1    1    1    1    1    1  4.47117E+14 0.00112 
   77   77    1    1    1    1    1    1    1    1  3.57313E+14 0.00111 
   78   78    1    1    1    1    1    1    1    1  2.83176E+14 0.00132 
   79   79    1    1    1    1    1    1    1    1  2.94395E+14 0.00124 
   80   80    1    1    1    1    1    1    1    1  2.19544E+14 0.00136 
   81   81    1    1    1    1    1    1    1    1  1.69950E+14 0.00165 
   82   82    1    1    1    1    1    1    1    1  1.29992E+14 0.00239 
   83   83    1    1    1    1    1    1    1    1  1.21540E+14 0.00253 
   84   84    1    1    1    1    1    1    1    1  8.77180E+13 0.00205 
   85   85    1    1    1    1    1    1    1    1  6.26797E+13 0.00287 
   86   86    1    1    1    1    1    1    1    1  5.87376E+13 0.00378 
   87   87    1    1    1    1    1    1    1    1  3.60190E+13 0.00363 
   88   88    1    1    1    1    1    1    1    1  2.42099E+13 0.00420 
   89   89    1    1    1    1    1    1    1    1  1.36383E+13 0.00715 
   90   90    1    1    1    1    1    1    1    1  9.06096E+12 0.00664 
   91   91    1    1    1    1    1    1    1    1  4.49624E+12 0.00879 
   92   92    1    1    1    1    1    1    1    1  2.14029E+12 0.01422 
   93   93    1    1    1    1    1    1    1    1  1.02292E+12 0.02539 
   94   94    1    1    1    1    1    1    1    1  4.88259E+11 0.03262 
   95   95    1    1    1    1    1    1    1    1  2.39711E+11 0.05226 
   96   96    1    1    1    1    1    1    1    1  1.31606E+11 0.05312 
   97   97    1    1    1    1    1    1    1    1  5.45465E+10 0.11041 
   98   98    1    1    1    1    1    1    1    1  1.73511E+10 0.15126 
   99   99    1    1    1    1    1    1    1    1  1.32122E+10 0.18758 
  100  100    1    1    1    1    1    1    1    1  8.18850E+09 0.28544 
];


