
DETdpaspec = [
    1    1    1    1    1    1    1    1    1    1  0.00000E+00 0.00000 
    2    2    1    1    1    1    1    1    1    1  0.00000E+00 0.00000 
    3    3    1    1    1    1    1    1    1    1  0.00000E+00 0.00000 
    4    4    1    1    1    1    1    1    1    1  0.00000E+00 0.00000 
    5    5    1    1    1    1    1    1    1    1  0.00000E+00 0.00000 
    6    6    1    1    1    1    1    1    1    1  8.43189E+06 1.00000 
    7    7    1    1    1    1    1    1    1    1  0.00000E+00 0.00000 
    8    8    1    1    1    1    1    1    1    1  0.00000E+00 0.00000 
    9    9    1    1    1    1    1    1    1    1  1.17090E+07 1.00000 
   10   10    1    1    1    1    1    1    1    1  6.68326E+07 1.00000 
   11   11    1    1    1    1    1    1    1    1  1.84228E+08 0.61093 
   12   12    1    1    1    1    1    1    1    1  7.60399E+07 0.55622 
   13   13    1    1    1    1    1    1    1    1  1.43704E+09 0.32376 
   14   14    1    1    1    1    1    1    1    1  2.33302E+09 0.33836 
   15   15    1    1    1    1    1    1    1    1  4.50285E+09 0.36808 
   16   16    1    1    1    1    1    1    1    1  1.55274E+09 0.34830 
   17   17    1    1    1    1    1    1    1    1  2.73846E+09 0.20977 
   18   18    1    1    1    1    1    1    1    1  7.59290E+09 0.10797 
   19   19    1    1    1    1    1    1    1    1  9.48751E+09 0.16593 
   20   20    1    1    1    1    1    1    1    1  2.67648E+10 0.15268 
   21   21    1    1    1    1    1    1    1    1  2.08171E+10 0.13693 
   22   22    1    1    1    1    1    1    1    1  6.03564E+10 0.07511 
   23   23    1    1    1    1    1    1    1    1  1.01148E+11 0.05697 
   24   24    1    1    1    1    1    1    1    1  1.44023E+11 0.05205 
   25   25    1    1    1    1    1    1    1    1  2.07113E+11 0.04868 
   26   26    1    1    1    1    1    1    1    1  3.65138E+11 0.02865 
   27   27    1    1    1    1    1    1    1    1  7.60404E+11 0.02704 
   28   28    1    1    1    1    1    1    1    1  1.66903E+12 0.01626 
   29   29    1    1    1    1    1    1    1    1  2.52902E+12 0.00934 
   30   30    1    1    1    1    1    1    1    1  6.86186E+12 0.01004 
   31   31    1    1    1    1    1    1    1    1  1.87196E+13 0.00537 
   32   32    1    1    1    1    1    1    1    1  3.12223E+13 0.00419 
   33   33    1    1    1    1    1    1    1    1  6.65168E+13 0.00266 
   34   34    1    1    1    1    1    1    1    1  8.40787E+13 0.00235 
   35   35    1    1    1    1    1    1    1    1  1.16782E+14 0.00157 
   36   36    1    1    1    1    1    1    1    1  8.59053E+13 0.00147 
   37   37    1    1    1    1    1    1    1    1  2.67103E+13 0.00143 
   38   38    1    1    1    1    1    1    1    1  1.39205E+14 0.00132 
   39   39    1    1    1    1    1    1    1    1  1.79109E+14 0.00144 
   40   40    1    1    1    1    1    1    1    1  3.02621E+14 0.00100 
   41   41    1    1    1    1    1    1    1    1  2.99174E+14 0.00125 
   42   42    1    1    1    1    1    1    1    1  5.83947E+14 0.00096 
   43   43    1    1    1    1    1    1    1    1  6.69504E+14 0.00092 
   44   44    1    1    1    1    1    1    1    1  9.08954E+14 0.00101 
   45   45    1    1    1    1    1    1    1    1  1.71154E+15 0.00075 
   46   46    1    1    1    1    1    1    1    1  8.54306E+14 0.00104 
   47   47    1    1    1    1    1    1    1    1  1.30188E+15 0.00095 
   48   48    1    1    1    1    1    1    1    1  1.81836E+15 0.00103 
   49   49    1    1    1    1    1    1    1    1  1.71900E+15 0.00089 
   50   50    1    1    1    1    1    1    1    1  2.66423E+15 0.00103 
   51   51    1    1    1    1    1    1    1    1  2.11405E+15 0.00118 
   52   52    1    1    1    1    1    1    1    1  2.44925E+15 0.00089 
   53   53    1    1    1    1    1    1    1    1  1.73048E+15 0.00103 
   54   54    1    1    1    1    1    1    1    1  2.10183E+15 0.00104 
   55   55    1    1    1    1    1    1    1    1  1.47133E+15 0.00092 
   56   56    1    1    1    1    1    1    1    1  2.01887E+14 0.00131 
   57   57    1    1    1    1    1    1    1    1  2.89742E+15 0.00104 
   58   58    1    1    1    1    1    1    1    1  1.27343E+15 0.00090 
   59   59    1    1    1    1    1    1    1    1  1.37433E+15 0.00099 
   60   60    1    1    1    1    1    1    1    1  1.07380E+15 0.00101 
   61   61    1    1    1    1    1    1    1    1  1.07541E+15 0.00103 
   62   62    1    1    1    1    1    1    1    1  1.09786E+15 0.00108 
   63   63    1    1    1    1    1    1    1    1  9.19515E+14 0.00120 
   64   64    1    1    1    1    1    1    1    1  7.29004E+14 0.00101 
   65   65    1    1    1    1    1    1    1    1  7.21980E+14 0.00108 
   66   66    1    1    1    1    1    1    1    1  5.45879E+14 0.00099 
   67   67    1    1    1    1    1    1    1    1  4.46741E+14 0.00116 
   68   68    1    1    1    1    1    1    1    1  3.99650E+14 0.00133 
   69   69    1    1    1    1    1    1    1    1  4.82001E+14 0.00129 
   70   70    1    1    1    1    1    1    1    1  4.13422E+14 0.00125 
   71   71    1    1    1    1    1    1    1    1  7.65923E+14 0.00148 
   72   72    1    1    1    1    1    1    1    1  5.51046E+14 0.00169 
   73   73    1    1    1    1    1    1    1    1  4.18946E+14 0.00154 
   74   74    1    1    1    1    1    1    1    1  3.36276E+14 0.00173 
   75   75    1    1    1    1    1    1    1    1  2.76368E+14 0.00203 
   76   76    1    1    1    1    1    1    1    1  3.17442E+14 0.00175 
   77   77    1    1    1    1    1    1    1    1  2.47405E+14 0.00205 
   78   78    1    1    1    1    1    1    1    1  1.93584E+14 0.00243 
   79   79    1    1    1    1    1    1    1    1  1.99797E+14 0.00264 
   80   80    1    1    1    1    1    1    1    1  1.47822E+14 0.00235 
   81   81    1    1    1    1    1    1    1    1  1.13674E+14 0.00196 
   82   82    1    1    1    1    1    1    1    1  8.72696E+13 0.00316 
   83   83    1    1    1    1    1    1    1    1  8.21029E+13 0.00217 
   84   84    1    1    1    1    1    1    1    1  5.87996E+13 0.00267 
   85   85    1    1    1    1    1    1    1    1  4.21927E+13 0.00420 
   86   86    1    1    1    1    1    1    1    1  3.98228E+13 0.00376 
   87   87    1    1    1    1    1    1    1    1  2.46384E+13 0.00546 
   88   88    1    1    1    1    1    1    1    1  1.67193E+13 0.00665 
   89   89    1    1    1    1    1    1    1    1  9.50853E+12 0.00768 
   90   90    1    1    1    1    1    1    1    1  6.29925E+12 0.01026 
   91   91    1    1    1    1    1    1    1    1  3.25469E+12 0.01460 
   92   92    1    1    1    1    1    1    1    1  1.52995E+12 0.01719 
   93   93    1    1    1    1    1    1    1    1  7.51982E+11 0.03873 
   94   94    1    1    1    1    1    1    1    1  3.38298E+11 0.02744 
   95   95    1    1    1    1    1    1    1    1  1.83784E+11 0.05332 
   96   96    1    1    1    1    1    1    1    1  8.93485E+10 0.09361 
   97   97    1    1    1    1    1    1    1    1  5.15995E+10 0.13154 
   98   98    1    1    1    1    1    1    1    1  2.38735E+10 0.19727 
   99   99    1    1    1    1    1    1    1    1  9.89703E+09 0.30400 
  100  100    1    1    1    1    1    1    1    1  7.81320E+09 0.27214 
];


