
DETdpaspec = [
    1    1    1    1    1    1    1    1    1    1  0.00000E+00 0.00000 
    2    2    1    1    1    1    1    1    1    1  0.00000E+00 0.00000 
    3    3    1    1    1    1    1    1    1    1  0.00000E+00 0.00000 
    4    4    1    1    1    1    1    1    1    1  0.00000E+00 0.00000 
    5    5    1    1    1    1    1    1    1    1  0.00000E+00 0.00000 
    6    6    1    1    1    1    1    1    1    1  0.00000E+00 0.00000 
    7    7    1    1    1    1    1    1    1    1  0.00000E+00 0.00000 
    8    8    1    1    1    1    1    1    1    1  0.00000E+00 0.00000 
    9    9    1    1    1    1    1    1    1    1  0.00000E+00 0.00000 
   10   10    1    1    1    1    1    1    1    1  1.32543E+08 1.00000 
   11   11    1    1    1    1    1    1    1    1  0.00000E+00 0.00000 
   12   12    1    1    1    1    1    1    1    1  3.26012E+08 1.00000 
   13   13    1    1    1    1    1    1    1    1  1.82695E+09 0.76216 
   14   14    1    1    1    1    1    1    1    1  9.28148E+07 1.00000 
   15   15    1    1    1    1    1    1    1    1  8.47515E+07 1.00000 
   16   16    1    1    1    1    1    1    1    1  3.10802E+08 0.46314 
   17   17    1    1    1    1    1    1    1    1  1.40152E+09 0.40051 
   18   18    1    1    1    1    1    1    1    1  3.80414E+09 0.43710 
   19   19    1    1    1    1    1    1    1    1  3.56938E+09 0.44212 
   20   20    1    1    1    1    1    1    1    1  2.54340E+10 0.18338 
   21   21    1    1    1    1    1    1    1    1  7.26189E+10 0.09220 
   22   22    1    1    1    1    1    1    1    1  3.64630E+11 0.04368 
   23   23    1    1    1    1    1    1    1    1  1.34150E+12 0.02037 
   24   24    1    1    1    1    1    1    1    1  3.39069E+12 0.01704 
   25   25    1    1    1    1    1    1    1    1  4.97624E+12 0.01416 
   26   26    1    1    1    1    1    1    1    1  8.94047E+12 0.00824 
   27   27    1    1    1    1    1    1    1    1  1.51383E+13 0.00725 
   28   28    1    1    1    1    1    1    1    1  2.57411E+13 0.00468 
   29   29    1    1    1    1    1    1    1    1  3.54581E+13 0.00483 
   30   30    1    1    1    1    1    1    1    1  6.01708E+13 0.00309 
   31   31    1    1    1    1    1    1    1    1  1.07532E+14 0.00291 
   32   32    1    1    1    1    1    1    1    1  1.40144E+14 0.00233 
   33   33    1    1    1    1    1    1    1    1  2.46117E+14 0.00152 
   34   34    1    1    1    1    1    1    1    1  2.83808E+14 0.00141 
   35   35    1    1    1    1    1    1    1    1  2.95254E+14 0.00141 
   36   36    1    1    1    1    1    1    1    1  1.87207E+14 0.00150 
   37   37    1    1    1    1    1    1    1    1  5.42357E+13 0.00142 
   38   38    1    1    1    1    1    1    1    1  2.89406E+14 0.00131 
   39   39    1    1    1    1    1    1    1    1  3.61174E+14 0.00133 
   40   40    1    1    1    1    1    1    1    1  6.01135E+14 0.00100 
   41   41    1    1    1    1    1    1    1    1  5.48258E+14 0.00100 
   42   42    1    1    1    1    1    1    1    1  1.07090E+15 0.00096 
   43   43    1    1    1    1    1    1    1    1  1.18977E+15 0.00097 
   44   44    1    1    1    1    1    1    1    1  1.56783E+15 0.00097 
   45   45    1    1    1    1    1    1    1    1  2.87093E+15 0.00090 
   46   46    1    1    1    1    1    1    1    1  1.36087E+15 0.00079 
   47   47    1    1    1    1    1    1    1    1  2.00927E+15 0.00090 
   48   48    1    1    1    1    1    1    1    1  2.74086E+15 0.00081 
   49   49    1    1    1    1    1    1    1    1  2.49888E+15 0.00084 
   50   50    1    1    1    1    1    1    1    1  3.87659E+15 0.00086 
   51   51    1    1    1    1    1    1    1    1  2.93138E+15 0.00078 
   52   52    1    1    1    1    1    1    1    1  3.43736E+15 0.00082 
   53   53    1    1    1    1    1    1    1    1  2.36558E+15 0.00094 
   54   54    1    1    1    1    1    1    1    1  2.92146E+15 0.00091 
   55   55    1    1    1    1    1    1    1    1  2.01297E+15 0.00099 
   56   56    1    1    1    1    1    1    1    1  2.72553E+14 0.00108 
   57   57    1    1    1    1    1    1    1    1  3.89540E+15 0.00084 
   58   58    1    1    1    1    1    1    1    1  1.76113E+15 0.00116 
   59   59    1    1    1    1    1    1    1    1  1.86063E+15 0.00118 
   60   60    1    1    1    1    1    1    1    1  1.48483E+15 0.00104 
   61   61    1    1    1    1    1    1    1    1  1.47066E+15 0.00094 
   62   62    1    1    1    1    1    1    1    1  1.49810E+15 0.00129 
   63   63    1    1    1    1    1    1    1    1  1.25350E+15 0.00123 
   64   64    1    1    1    1    1    1    1    1  9.86503E+14 0.00117 
   65   65    1    1    1    1    1    1    1    1  9.68338E+14 0.00111 
   66   66    1    1    1    1    1    1    1    1  7.30020E+14 0.00132 
   67   67    1    1    1    1    1    1    1    1  5.90448E+14 0.00141 
   68   68    1    1    1    1    1    1    1    1  5.21754E+14 0.00167 
   69   69    1    1    1    1    1    1    1    1  6.25955E+14 0.00147 
   70   70    1    1    1    1    1    1    1    1  5.30150E+14 0.00161 
   71   71    1    1    1    1    1    1    1    1  9.48513E+14 0.00135 
   72   72    1    1    1    1    1    1    1    1  6.69808E+14 0.00136 
   73   73    1    1    1    1    1    1    1    1  5.08722E+14 0.00131 
   74   74    1    1    1    1    1    1    1    1  4.14243E+14 0.00158 
   75   75    1    1    1    1    1    1    1    1  3.47027E+14 0.00127 
   76   76    1    1    1    1    1    1    1    1  4.04841E+14 0.00114 
   77   77    1    1    1    1    1    1    1    1  3.22148E+14 0.00152 
   78   78    1    1    1    1    1    1    1    1  2.55616E+14 0.00184 
   79   79    1    1    1    1    1    1    1    1  2.65461E+14 0.00153 
   80   80    1    1    1    1    1    1    1    1  1.97139E+14 0.00161 
   81   81    1    1    1    1    1    1    1    1  1.52025E+14 0.00153 
   82   82    1    1    1    1    1    1    1    1  1.16862E+14 0.00248 
   83   83    1    1    1    1    1    1    1    1  1.08855E+14 0.00222 
   84   84    1    1    1    1    1    1    1    1  7.76619E+13 0.00195 
   85   85    1    1    1    1    1    1    1    1  5.62089E+13 0.00315 
   86   86    1    1    1    1    1    1    1    1  5.21346E+13 0.00376 
   87   87    1    1    1    1    1    1    1    1  3.17017E+13 0.00405 
   88   88    1    1    1    1    1    1    1    1  2.12344E+13 0.00508 
   89   89    1    1    1    1    1    1    1    1  1.20302E+13 0.00438 
   90   90    1    1    1    1    1    1    1    1  7.71967E+12 0.00774 
   91   91    1    1    1    1    1    1    1    1  3.75574E+12 0.01074 
   92   92    1    1    1    1    1    1    1    1  1.85524E+12 0.01808 
   93   93    1    1    1    1    1    1    1    1  8.80715E+11 0.01825 
   94   94    1    1    1    1    1    1    1    1  4.08745E+11 0.04665 
   95   95    1    1    1    1    1    1    1    1  2.07766E+11 0.05879 
   96   96    1    1    1    1    1    1    1    1  9.41431E+10 0.06731 
   97   97    1    1    1    1    1    1    1    1  3.75475E+10 0.11603 
   98   98    1    1    1    1    1    1    1    1  2.40328E+10 0.15083 
   99   99    1    1    1    1    1    1    1    1  8.40405E+09 0.27818 
  100  100    1    1    1    1    1    1    1    1  1.04096E+10 0.21623 
];


