
DETdpaspec = [
    1    1    1    1    1    1    1    1    1    1  0.00000E+00 0.00000 
    2    2    1    1    1    1    1    1    1    1  0.00000E+00 0.00000 
    3    3    1    1    1    1    1    1    1    1  0.00000E+00 0.00000 
    4    4    1    1    1    1    1    1    1    1  0.00000E+00 0.00000 
    5    5    1    1    1    1    1    1    1    1  9.10273E+06 1.00000 
    6    6    1    1    1    1    1    1    1    1  0.00000E+00 0.00000 
    7    7    1    1    1    1    1    1    1    1  1.22483E+07 1.00000 
    8    8    1    1    1    1    1    1    1    1  0.00000E+00 0.00000 
    9    9    1    1    1    1    1    1    1    1  8.74700E+06 1.00000 
   10   10    1    1    1    1    1    1    1    1  2.26565E+08 0.58036 
   11   11    1    1    1    1    1    1    1    1  1.43523E+08 0.72894 
   12   12    1    1    1    1    1    1    1    1  5.50604E+07 0.70203 
   13   13    1    1    1    1    1    1    1    1  9.17035E+08 0.41919 
   14   14    1    1    1    1    1    1    1    1  2.01914E+09 0.35435 
   15   15    1    1    1    1    1    1    1    1  3.82234E+09 0.29655 
   16   16    1    1    1    1    1    1    1    1  1.85173E+09 0.24576 
   17   17    1    1    1    1    1    1    1    1  3.81601E+09 0.21947 
   18   18    1    1    1    1    1    1    1    1  7.29083E+09 0.15839 
   19   19    1    1    1    1    1    1    1    1  8.43822E+09 0.16558 
   20   20    1    1    1    1    1    1    1    1  2.52307E+10 0.14819 
   21   21    1    1    1    1    1    1    1    1  2.46634E+10 0.13020 
   22   22    1    1    1    1    1    1    1    1  5.70673E+10 0.08403 
   23   23    1    1    1    1    1    1    1    1  1.01053E+11 0.04375 
   24   24    1    1    1    1    1    1    1    1  1.61751E+11 0.04910 
   25   25    1    1    1    1    1    1    1    1  2.02432E+11 0.03952 
   26   26    1    1    1    1    1    1    1    1  3.42062E+11 0.03877 
   27   27    1    1    1    1    1    1    1    1  7.12416E+11 0.02594 
   28   28    1    1    1    1    1    1    1    1  1.52983E+12 0.01630 
   29   29    1    1    1    1    1    1    1    1  2.22715E+12 0.01469 
   30   30    1    1    1    1    1    1    1    1  6.27041E+12 0.00914 
   31   31    1    1    1    1    1    1    1    1  1.70991E+13 0.00618 
   32   32    1    1    1    1    1    1    1    1  2.84323E+13 0.00392 
   33   33    1    1    1    1    1    1    1    1  6.02740E+13 0.00433 
   34   34    1    1    1    1    1    1    1    1  7.56785E+13 0.00372 
   35   35    1    1    1    1    1    1    1    1  1.06594E+14 0.00297 
   36   36    1    1    1    1    1    1    1    1  7.88407E+13 0.00299 
   37   37    1    1    1    1    1    1    1    1  2.47592E+13 0.00278 
   38   38    1    1    1    1    1    1    1    1  1.27611E+14 0.00274 
   39   39    1    1    1    1    1    1    1    1  1.63856E+14 0.00239 
   40   40    1    1    1    1    1    1    1    1  2.74967E+14 0.00185 
   41   41    1    1    1    1    1    1    1    1  2.73344E+14 0.00166 
   42   42    1    1    1    1    1    1    1    1  5.28085E+14 0.00152 
   43   43    1    1    1    1    1    1    1    1  6.04074E+14 0.00130 
   44   44    1    1    1    1    1    1    1    1  8.16992E+14 0.00100 
   45   45    1    1    1    1    1    1    1    1  1.52512E+15 0.00123 
   46   46    1    1    1    1    1    1    1    1  7.60209E+14 0.00112 
   47   47    1    1    1    1    1    1    1    1  1.16082E+15 0.00117 
   48   48    1    1    1    1    1    1    1    1  1.61729E+15 0.00102 
   49   49    1    1    1    1    1    1    1    1  1.53093E+15 0.00113 
   50   50    1    1    1    1    1    1    1    1  2.35268E+15 0.00128 
   51   51    1    1    1    1    1    1    1    1  1.87500E+15 0.00115 
   52   52    1    1    1    1    1    1    1    1  2.15539E+15 0.00112 
   53   53    1    1    1    1    1    1    1    1  1.52144E+15 0.00126 
   54   54    1    1    1    1    1    1    1    1  1.83504E+15 0.00130 
   55   55    1    1    1    1    1    1    1    1  1.28403E+15 0.00135 
   56   56    1    1    1    1    1    1    1    1  1.76697E+14 0.00179 
   57   57    1    1    1    1    1    1    1    1  2.52726E+15 0.00117 
   58   58    1    1    1    1    1    1    1    1  1.10328E+15 0.00128 
   59   59    1    1    1    1    1    1    1    1  1.19271E+15 0.00128 
   60   60    1    1    1    1    1    1    1    1  9.26259E+14 0.00134 
   61   61    1    1    1    1    1    1    1    1  9.27237E+14 0.00129 
   62   62    1    1    1    1    1    1    1    1  9.46156E+14 0.00156 
   63   63    1    1    1    1    1    1    1    1  7.91397E+14 0.00149 
   64   64    1    1    1    1    1    1    1    1  6.25405E+14 0.00147 
   65   65    1    1    1    1    1    1    1    1  6.18051E+14 0.00149 
   66   66    1    1    1    1    1    1    1    1  4.67737E+14 0.00156 
   67   67    1    1    1    1    1    1    1    1  3.84542E+14 0.00164 
   68   68    1    1    1    1    1    1    1    1  3.43264E+14 0.00168 
   69   69    1    1    1    1    1    1    1    1  4.14524E+14 0.00162 
   70   70    1    1    1    1    1    1    1    1  3.53782E+14 0.00226 
   71   71    1    1    1    1    1    1    1    1  6.59308E+14 0.00154 
   72   72    1    1    1    1    1    1    1    1  4.73648E+14 0.00143 
   73   73    1    1    1    1    1    1    1    1  3.60360E+14 0.00174 
   74   74    1    1    1    1    1    1    1    1  2.87581E+14 0.00192 
   75   75    1    1    1    1    1    1    1    1  2.33575E+14 0.00216 
   76   76    1    1    1    1    1    1    1    1  2.68338E+14 0.00209 
   77   77    1    1    1    1    1    1    1    1  2.09120E+14 0.00246 
   78   78    1    1    1    1    1    1    1    1  1.62732E+14 0.00247 
   79   79    1    1    1    1    1    1    1    1  1.67004E+14 0.00197 
   80   80    1    1    1    1    1    1    1    1  1.23644E+14 0.00243 
   81   81    1    1    1    1    1    1    1    1  9.49952E+13 0.00310 
   82   82    1    1    1    1    1    1    1    1  7.31045E+13 0.00414 
   83   83    1    1    1    1    1    1    1    1  6.85236E+13 0.00335 
   84   84    1    1    1    1    1    1    1    1  4.91566E+13 0.00421 
   85   85    1    1    1    1    1    1    1    1  3.54306E+13 0.00332 
   86   86    1    1    1    1    1    1    1    1  3.31595E+13 0.00401 
   87   87    1    1    1    1    1    1    1    1  2.05474E+13 0.00537 
   88   88    1    1    1    1    1    1    1    1  1.38403E+13 0.00784 
   89   89    1    1    1    1    1    1    1    1  7.90284E+12 0.00712 
   90   90    1    1    1    1    1    1    1    1  5.26049E+12 0.00918 
   91   91    1    1    1    1    1    1    1    1  2.68751E+12 0.01806 
   92   92    1    1    1    1    1    1    1    1  1.30239E+12 0.01713 
   93   93    1    1    1    1    1    1    1    1  6.29728E+11 0.02670 
   94   94    1    1    1    1    1    1    1    1  2.67378E+11 0.04594 
   95   95    1    1    1    1    1    1    1    1  1.45958E+11 0.06056 
   96   96    1    1    1    1    1    1    1    1  6.73097E+10 0.11370 
   97   97    1    1    1    1    1    1    1    1  3.26417E+10 0.10674 
   98   98    1    1    1    1    1    1    1    1  1.78831E+10 0.20055 
   99   99    1    1    1    1    1    1    1    1  7.53353E+09 0.29776 
  100  100    1    1    1    1    1    1    1    1  4.03661E+09 0.40563 
];


