
DETdpaspec = [
    1    1    1    1    1    1    1    1    1    1  0.00000E+00 0.00000 
    2    2    1    1    1    1    1    1    1    1  0.00000E+00 0.00000 
    3    3    1    1    1    1    1    1    1    1  0.00000E+00 0.00000 
    4    4    1    1    1    1    1    1    1    1  9.36017E+06 1.00000 
    5    5    1    1    1    1    1    1    1    1  9.22462E+06 1.00000 
    6    6    1    1    1    1    1    1    1    1  0.00000E+00 0.00000 
    7    7    1    1    1    1    1    1    1    1  1.48630E+07 1.00000 
    8    8    1    1    1    1    1    1    1    1  0.00000E+00 0.00000 
    9    9    1    1    1    1    1    1    1    1  0.00000E+00 0.00000 
   10   10    1    1    1    1    1    1    1    1  0.00000E+00 0.00000 
   11   11    1    1    1    1    1    1    1    1  1.59782E+08 0.58476 
   12   12    1    1    1    1    1    1    1    1  1.10552E+08 0.46865 
   13   13    1    1    1    1    1    1    1    1  1.06983E+09 0.47736 
   14   14    1    1    1    1    1    1    1    1  3.69553E+09 0.35054 
   15   15    1    1    1    1    1    1    1    1  5.18522E+09 0.29118 
   16   16    1    1    1    1    1    1    1    1  2.22561E+09 0.30036 
   17   17    1    1    1    1    1    1    1    1  2.51707E+09 0.23230 
   18   18    1    1    1    1    1    1    1    1  6.34698E+09 0.16231 
   19   19    1    1    1    1    1    1    1    1  1.03640E+10 0.16036 
   20   20    1    1    1    1    1    1    1    1  3.69098E+10 0.11214 
   21   21    1    1    1    1    1    1    1    1  2.23120E+10 0.10859 
   22   22    1    1    1    1    1    1    1    1  6.04585E+10 0.08126 
   23   23    1    1    1    1    1    1    1    1  1.02024E+11 0.05476 
   24   24    1    1    1    1    1    1    1    1  1.54838E+11 0.04193 
   25   25    1    1    1    1    1    1    1    1  2.03019E+11 0.05634 
   26   26    1    1    1    1    1    1    1    1  3.80994E+11 0.02854 
   27   27    1    1    1    1    1    1    1    1  7.54457E+11 0.02581 
   28   28    1    1    1    1    1    1    1    1  1.53216E+12 0.01772 
   29   29    1    1    1    1    1    1    1    1  2.30313E+12 0.01259 
   30   30    1    1    1    1    1    1    1    1  6.42581E+12 0.01069 
   31   31    1    1    1    1    1    1    1    1  1.76462E+13 0.00629 
   32   32    1    1    1    1    1    1    1    1  2.91089E+13 0.00462 
   33   33    1    1    1    1    1    1    1    1  6.14446E+13 0.00279 
   34   34    1    1    1    1    1    1    1    1  7.69337E+13 0.00225 
   35   35    1    1    1    1    1    1    1    1  1.08403E+14 0.00213 
   36   36    1    1    1    1    1    1    1    1  8.03523E+13 0.00222 
   37   37    1    1    1    1    1    1    1    1  2.51945E+13 0.00220 
   38   38    1    1    1    1    1    1    1    1  1.29875E+14 0.00205 
   39   39    1    1    1    1    1    1    1    1  1.67026E+14 0.00162 
   40   40    1    1    1    1    1    1    1    1  2.81189E+14 0.00201 
   41   41    1    1    1    1    1    1    1    1  2.77973E+14 0.00166 
   42   42    1    1    1    1    1    1    1    1  5.38110E+14 0.00152 
   43   43    1    1    1    1    1    1    1    1  6.15209E+14 0.00146 
   44   44    1    1    1    1    1    1    1    1  8.34905E+14 0.00117 
   45   45    1    1    1    1    1    1    1    1  1.55884E+15 0.00112 
   46   46    1    1    1    1    1    1    1    1  7.77839E+14 0.00120 
   47   47    1    1    1    1    1    1    1    1  1.18673E+15 0.00122 
   48   48    1    1    1    1    1    1    1    1  1.65247E+15 0.00108 
   49   49    1    1    1    1    1    1    1    1  1.56486E+15 0.00095 
   50   50    1    1    1    1    1    1    1    1  2.40882E+15 0.00092 
   51   51    1    1    1    1    1    1    1    1  1.91958E+15 0.00100 
   52   52    1    1    1    1    1    1    1    1  2.20629E+15 0.00123 
   53   53    1    1    1    1    1    1    1    1  1.56040E+15 0.00133 
   54   54    1    1    1    1    1    1    1    1  1.88394E+15 0.00096 
   55   55    1    1    1    1    1    1    1    1  1.31779E+15 0.00103 
   56   56    1    1    1    1    1    1    1    1  1.81318E+14 0.00131 
   57   57    1    1    1    1    1    1    1    1  2.59252E+15 0.00098 
   58   58    1    1    1    1    1    1    1    1  1.13360E+15 0.00128 
   59   59    1    1    1    1    1    1    1    1  1.22359E+15 0.00140 
   60   60    1    1    1    1    1    1    1    1  9.51101E+14 0.00127 
   61   61    1    1    1    1    1    1    1    1  9.53293E+14 0.00137 
   62   62    1    1    1    1    1    1    1    1  9.73453E+14 0.00126 
   63   63    1    1    1    1    1    1    1    1  8.13115E+14 0.00131 
   64   64    1    1    1    1    1    1    1    1  6.43190E+14 0.00133 
   65   65    1    1    1    1    1    1    1    1  6.36004E+14 0.00159 
   66   66    1    1    1    1    1    1    1    1  4.81316E+14 0.00155 
   67   67    1    1    1    1    1    1    1    1  3.95386E+14 0.00162 
   68   68    1    1    1    1    1    1    1    1  3.53319E+14 0.00173 
   69   69    1    1    1    1    1    1    1    1  4.25481E+14 0.00166 
   70   70    1    1    1    1    1    1    1    1  3.63771E+14 0.00176 
   71   71    1    1    1    1    1    1    1    1  6.76230E+14 0.00140 
   72   72    1    1    1    1    1    1    1    1  4.87394E+14 0.00173 
   73   73    1    1    1    1    1    1    1    1  3.71021E+14 0.00169 
   74   74    1    1    1    1    1    1    1    1  2.95797E+14 0.00232 
   75   75    1    1    1    1    1    1    1    1  2.42079E+14 0.00217 
   76   76    1    1    1    1    1    1    1    1  2.76680E+14 0.00235 
   77   77    1    1    1    1    1    1    1    1  2.15191E+14 0.00237 
   78   78    1    1    1    1    1    1    1    1  1.68391E+14 0.00183 
   79   79    1    1    1    1    1    1    1    1  1.72480E+14 0.00180 
   80   80    1    1    1    1    1    1    1    1  1.27449E+14 0.00283 
   81   81    1    1    1    1    1    1    1    1  9.85661E+13 0.00299 
   82   82    1    1    1    1    1    1    1    1  7.55858E+13 0.00238 
   83   83    1    1    1    1    1    1    1    1  7.04421E+13 0.00291 
   84   84    1    1    1    1    1    1    1    1  5.05287E+13 0.00329 
   85   85    1    1    1    1    1    1    1    1  3.63995E+13 0.00413 
   86   86    1    1    1    1    1    1    1    1  3.45198E+13 0.00462 
   87   87    1    1    1    1    1    1    1    1  2.11356E+13 0.00533 
   88   88    1    1    1    1    1    1    1    1  1.43375E+13 0.00416 
   89   89    1    1    1    1    1    1    1    1  8.35045E+12 0.00594 
   90   90    1    1    1    1    1    1    1    1  5.56013E+12 0.01272 
   91   91    1    1    1    1    1    1    1    1  2.75413E+12 0.01524 
   92   92    1    1    1    1    1    1    1    1  1.31977E+12 0.01903 
   93   93    1    1    1    1    1    1    1    1  6.68167E+11 0.02309 
   94   94    1    1    1    1    1    1    1    1  3.12580E+11 0.03728 
   95   95    1    1    1    1    1    1    1    1  1.48849E+11 0.06040 
   96   96    1    1    1    1    1    1    1    1  7.77302E+10 0.09358 
   97   97    1    1    1    1    1    1    1    1  4.01718E+10 0.12832 
   98   98    1    1    1    1    1    1    1    1  1.16653E+10 0.15670 
   99   99    1    1    1    1    1    1    1    1  6.92891E+09 0.25452 
  100  100    1    1    1    1    1    1    1    1  7.03536E+09 0.23688 
];


