
DETdpaspec = [
    1    1    1    1    1    1    1    1    1    1  0.00000E+00 0.00000 
    2    2    1    1    1    1    1    1    1    1  0.00000E+00 0.00000 
    3    3    1    1    1    1    1    1    1    1  0.00000E+00 0.00000 
    4    4    1    1    1    1    1    1    1    1  0.00000E+00 0.00000 
    5    5    1    1    1    1    1    1    1    1  0.00000E+00 0.00000 
    6    6    1    1    1    1    1    1    1    1  0.00000E+00 0.00000 
    7    7    1    1    1    1    1    1    1    1  2.24429E+07 0.69082 
    8    8    1    1    1    1    1    1    1    1  1.61384E+07 1.00000 
    9    9    1    1    1    1    1    1    1    1  0.00000E+00 0.00000 
   10   10    1    1    1    1    1    1    1    1  4.68810E+07 1.00000 
   11   11    1    1    1    1    1    1    1    1  1.23409E+08 0.55338 
   12   12    1    1    1    1    1    1    1    1  1.02735E+08 0.42687 
   13   13    1    1    1    1    1    1    1    1  1.64954E+09 0.28041 
   14   14    1    1    1    1    1    1    1    1  2.48151E+09 0.36264 
   15   15    1    1    1    1    1    1    1    1  9.64101E+09 0.23188 
   16   16    1    1    1    1    1    1    1    1  1.82903E+09 0.22775 
   17   17    1    1    1    1    1    1    1    1  4.76187E+09 0.14014 
   18   18    1    1    1    1    1    1    1    1  1.08784E+10 0.15217 
   19   19    1    1    1    1    1    1    1    1  1.26255E+10 0.11714 
   20   20    1    1    1    1    1    1    1    1  4.28575E+10 0.11550 
   21   21    1    1    1    1    1    1    1    1  3.55153E+10 0.08775 
   22   22    1    1    1    1    1    1    1    1  8.92643E+10 0.07927 
   23   23    1    1    1    1    1    1    1    1  1.34786E+11 0.05924 
   24   24    1    1    1    1    1    1    1    1  2.24656E+11 0.03606 
   25   25    1    1    1    1    1    1    1    1  2.88753E+11 0.03444 
   26   26    1    1    1    1    1    1    1    1  4.76078E+11 0.02258 
   27   27    1    1    1    1    1    1    1    1  8.94588E+11 0.01641 
   28   28    1    1    1    1    1    1    1    1  1.65476E+12 0.01397 
   29   29    1    1    1    1    1    1    1    1  2.16909E+12 0.01149 
   30   30    1    1    1    1    1    1    1    1  6.30463E+12 0.00994 
   31   31    1    1    1    1    1    1    1    1  1.61098E+13 0.00562 
   32   32    1    1    1    1    1    1    1    1  2.58434E+13 0.00408 
   33   33    1    1    1    1    1    1    1    1  5.15587E+13 0.00358 
   34   34    1    1    1    1    1    1    1    1  6.13505E+13 0.00284 
   35   35    1    1    1    1    1    1    1    1  9.03342E+13 0.00234 
   36   36    1    1    1    1    1    1    1    1  6.70134E+13 0.00240 
   37   37    1    1    1    1    1    1    1    1  2.13351E+13 0.00227 
   38   38    1    1    1    1    1    1    1    1  1.06091E+14 0.00193 
   39   39    1    1    1    1    1    1    1    1  1.34794E+14 0.00176 
   40   40    1    1    1    1    1    1    1    1  2.20076E+14 0.00213 
   41   41    1    1    1    1    1    1    1    1  2.20553E+14 0.00163 
   42   42    1    1    1    1    1    1    1    1  4.14482E+14 0.00151 
   43   43    1    1    1    1    1    1    1    1  4.65467E+14 0.00151 
   44   44    1    1    1    1    1    1    1    1  6.20610E+14 0.00133 
   45   45    1    1    1    1    1    1    1    1  1.12705E+15 0.00111 
   46   46    1    1    1    1    1    1    1    1  5.59719E+14 0.00148 
   47   47    1    1    1    1    1    1    1    1  8.53607E+14 0.00149 
   48   48    1    1    1    1    1    1    1    1  1.17655E+15 0.00123 
   49   49    1    1    1    1    1    1    1    1  1.11593E+15 0.00124 
   50   50    1    1    1    1    1    1    1    1  1.68084E+15 0.00126 
   51   51    1    1    1    1    1    1    1    1  1.34761E+15 0.00155 
   52   52    1    1    1    1    1    1    1    1  1.51598E+15 0.00117 
   53   53    1    1    1    1    1    1    1    1  1.07353E+15 0.00130 
   54   54    1    1    1    1    1    1    1    1  1.27148E+15 0.00117 
   55   55    1    1    1    1    1    1    1    1  8.92598E+14 0.00121 
   56   56    1    1    1    1    1    1    1    1  1.23256E+14 0.00176 
   57   57    1    1    1    1    1    1    1    1  1.75197E+15 0.00135 
   58   58    1    1    1    1    1    1    1    1  7.47718E+14 0.00158 
   59   59    1    1    1    1    1    1    1    1  8.10311E+14 0.00146 
   60   60    1    1    1    1    1    1    1    1  6.19507E+14 0.00186 
   61   61    1    1    1    1    1    1    1    1  6.22843E+14 0.00165 
   62   62    1    1    1    1    1    1    1    1  6.30675E+14 0.00210 
   63   63    1    1    1    1    1    1    1    1  5.23074E+14 0.00179 
   64   64    1    1    1    1    1    1    1    1  4.13272E+14 0.00185 
   65   65    1    1    1    1    1    1    1    1  4.08122E+14 0.00175 
   66   66    1    1    1    1    1    1    1    1  3.07711E+14 0.00224 
   67   67    1    1    1    1    1    1    1    1  2.53641E+14 0.00216 
   68   68    1    1    1    1    1    1    1    1  2.26209E+14 0.00214 
   69   69    1    1    1    1    1    1    1    1  2.73657E+14 0.00190 
   70   70    1    1    1    1    1    1    1    1  2.34009E+14 0.00189 
   71   71    1    1    1    1    1    1    1    1  4.39720E+14 0.00160 
   72   72    1    1    1    1    1    1    1    1  3.16858E+14 0.00180 
   73   73    1    1    1    1    1    1    1    1  2.39984E+14 0.00206 
   74   74    1    1    1    1    1    1    1    1  1.89916E+14 0.00164 
   75   75    1    1    1    1    1    1    1    1  1.52505E+14 0.00252 
   76   76    1    1    1    1    1    1    1    1  1.71891E+14 0.00275 
   77   77    1    1    1    1    1    1    1    1  1.31522E+14 0.00287 
   78   78    1    1    1    1    1    1    1    1  1.01544E+14 0.00299 
   79   79    1    1    1    1    1    1    1    1  1.03882E+14 0.00345 
   80   80    1    1    1    1    1    1    1    1  7.63271E+13 0.00273 
   81   81    1    1    1    1    1    1    1    1  5.88268E+13 0.00341 
   82   82    1    1    1    1    1    1    1    1  4.49905E+13 0.00386 
   83   83    1    1    1    1    1    1    1    1  4.20196E+13 0.00394 
   84   84    1    1    1    1    1    1    1    1  3.01373E+13 0.00464 
   85   85    1    1    1    1    1    1    1    1  2.17252E+13 0.00505 
   86   86    1    1    1    1    1    1    1    1  2.02224E+13 0.00549 
   87   87    1    1    1    1    1    1    1    1  1.25366E+13 0.00647 
   88   88    1    1    1    1    1    1    1    1  8.42889E+12 0.00832 
   89   89    1    1    1    1    1    1    1    1  4.87493E+12 0.01286 
   90   90    1    1    1    1    1    1    1    1  3.26066E+12 0.00801 
   91   91    1    1    1    1    1    1    1    1  1.66650E+12 0.02516 
   92   92    1    1    1    1    1    1    1    1  8.15543E+11 0.02278 
   93   93    1    1    1    1    1    1    1    1  3.93970E+11 0.03694 
   94   94    1    1    1    1    1    1    1    1  2.02639E+11 0.04224 
   95   95    1    1    1    1    1    1    1    1  9.58245E+10 0.07398 
   96   96    1    1    1    1    1    1    1    1  4.09408E+10 0.10409 
   97   97    1    1    1    1    1    1    1    1  1.73785E+10 0.19279 
   98   98    1    1    1    1    1    1    1    1  1.04713E+10 0.25630 
   99   99    1    1    1    1    1    1    1    1  4.51246E+09 0.31341 
  100  100    1    1    1    1    1    1    1    1  4.84027E+09 0.50739 
];


