
DETdpaspec = [
    1    1    1    1    1    1    1    1    1    1  0.00000E+00 0.00000 
    2    2    1    1    1    1    1    1    1    1  0.00000E+00 0.00000 
    3    3    1    1    1    1    1    1    1    1  0.00000E+00 0.00000 
    4    4    1    1    1    1    1    1    1    1  9.90126E+06 1.00000 
    5    5    1    1    1    1    1    1    1    1  9.66817E+06 1.00000 
    6    6    1    1    1    1    1    1    1    1  0.00000E+00 0.00000 
    7    7    1    1    1    1    1    1    1    1  0.00000E+00 0.00000 
    8    8    1    1    1    1    1    1    1    1  1.00816E+07 1.00000 
    9    9    1    1    1    1    1    1    1    1  2.54769E+07 0.69828 
   10   10    1    1    1    1    1    1    1    1  6.57859E+07 0.69039 
   11   11    1    1    1    1    1    1    1    1  9.42856E+07 1.00000 
   12   12    1    1    1    1    1    1    1    1  7.32503E+07 0.68870 
   13   13    1    1    1    1    1    1    1    1  1.81979E+09 0.38951 
   14   14    1    1    1    1    1    1    1    1  3.36400E+09 0.41186 
   15   15    1    1    1    1    1    1    1    1  2.77361E+09 0.41056 
   16   16    1    1    1    1    1    1    1    1  1.58203E+09 0.36344 
   17   17    1    1    1    1    1    1    1    1  2.82441E+09 0.20727 
   18   18    1    1    1    1    1    1    1    1  8.54777E+09 0.12858 
   19   19    1    1    1    1    1    1    1    1  1.07274E+10 0.14478 
   20   20    1    1    1    1    1    1    1    1  3.39669E+10 0.11368 
   21   21    1    1    1    1    1    1    1    1  2.54471E+10 0.14871 
   22   22    1    1    1    1    1    1    1    1  6.11382E+10 0.08333 
   23   23    1    1    1    1    1    1    1    1  9.43478E+10 0.06239 
   24   24    1    1    1    1    1    1    1    1  1.56272E+11 0.04321 
   25   25    1    1    1    1    1    1    1    1  1.83320E+11 0.05717 
   26   26    1    1    1    1    1    1    1    1  3.45783E+11 0.03022 
   27   27    1    1    1    1    1    1    1    1  7.38796E+11 0.02892 
   28   28    1    1    1    1    1    1    1    1  1.67830E+12 0.01507 
   29   29    1    1    1    1    1    1    1    1  2.60270E+12 0.01084 
   30   30    1    1    1    1    1    1    1    1  7.08766E+12 0.00884 
   31   31    1    1    1    1    1    1    1    1  1.89605E+13 0.00676 
   32   32    1    1    1    1    1    1    1    1  3.14826E+13 0.00420 
   33   33    1    1    1    1    1    1    1    1  6.73146E+13 0.00326 
   34   34    1    1    1    1    1    1    1    1  8.56065E+13 0.00213 
   35   35    1    1    1    1    1    1    1    1  1.18207E+14 0.00233 
   36   36    1    1    1    1    1    1    1    1  8.69201E+13 0.00226 
   37   37    1    1    1    1    1    1    1    1  2.70614E+13 0.00240 
   38   38    1    1    1    1    1    1    1    1  1.40798E+14 0.00198 
   39   39    1    1    1    1    1    1    1    1  1.81787E+14 0.00202 
   40   40    1    1    1    1    1    1    1    1  3.07903E+14 0.00138 
   41   41    1    1    1    1    1    1    1    1  3.03234E+14 0.00148 
   42   42    1    1    1    1    1    1    1    1  5.92400E+14 0.00142 
   43   43    1    1    1    1    1    1    1    1  6.79068E+14 0.00132 
   44   44    1    1    1    1    1    1    1    1  9.24412E+14 0.00128 
   45   45    1    1    1    1    1    1    1    1  1.74032E+15 0.00090 
   46   46    1    1    1    1    1    1    1    1  8.69241E+14 0.00097 
   47   47    1    1    1    1    1    1    1    1  1.32374E+15 0.00103 
   48   48    1    1    1    1    1    1    1    1  1.84797E+15 0.00079 
   49   49    1    1    1    1    1    1    1    1  1.74672E+15 0.00093 
   50   50    1    1    1    1    1    1    1    1  2.70906E+15 0.00091 
   51   51    1    1    1    1    1    1    1    1  2.15031E+15 0.00090 
   52   52    1    1    1    1    1    1    1    1  2.49603E+15 0.00084 
   53   53    1    1    1    1    1    1    1    1  1.75994E+15 0.00084 
   54   54    1    1    1    1    1    1    1    1  2.14214E+15 0.00090 
   55   55    1    1    1    1    1    1    1    1  1.49945E+15 0.00088 
   56   56    1    1    1    1    1    1    1    1  2.05825E+14 0.00126 
   57   57    1    1    1    1    1    1    1    1  2.94877E+15 0.00081 
   58   58    1    1    1    1    1    1    1    1  1.29800E+15 0.00099 
   59   59    1    1    1    1    1    1    1    1  1.40050E+15 0.00089 
   60   60    1    1    1    1    1    1    1    1  1.09607E+15 0.00107 
   61   61    1    1    1    1    1    1    1    1  1.09725E+15 0.00137 
   62   62    1    1    1    1    1    1    1    1  1.12184E+15 0.00091 
   63   63    1    1    1    1    1    1    1    1  9.40896E+14 0.00104 
   64   64    1    1    1    1    1    1    1    1  7.45353E+14 0.00115 
   65   65    1    1    1    1    1    1    1    1  7.36729E+14 0.00125 
   66   66    1    1    1    1    1    1    1    1  5.56933E+14 0.00127 
   67   67    1    1    1    1    1    1    1    1  4.57393E+14 0.00147 
   68   68    1    1    1    1    1    1    1    1  4.07922E+14 0.00138 
   69   69    1    1    1    1    1    1    1    1  4.92072E+14 0.00139 
   70   70    1    1    1    1    1    1    1    1  4.21549E+14 0.00168 
   71   71    1    1    1    1    1    1    1    1  7.81643E+14 0.00118 
   72   72    1    1    1    1    1    1    1    1  5.63087E+14 0.00138 
   73   73    1    1    1    1    1    1    1    1  4.27419E+14 0.00141 
   74   74    1    1    1    1    1    1    1    1  3.43488E+14 0.00166 
   75   75    1    1    1    1    1    1    1    1  2.81988E+14 0.00157 
   76   76    1    1    1    1    1    1    1    1  3.23904E+14 0.00202 
   77   77    1    1    1    1    1    1    1    1  2.54271E+14 0.00190 
   78   78    1    1    1    1    1    1    1    1  1.98217E+14 0.00203 
   79   79    1    1    1    1    1    1    1    1  2.03984E+14 0.00168 
   80   80    1    1    1    1    1    1    1    1  1.51442E+14 0.00247 
   81   81    1    1    1    1    1    1    1    1  1.16333E+14 0.00258 
   82   82    1    1    1    1    1    1    1    1  8.97379E+13 0.00207 
   83   83    1    1    1    1    1    1    1    1  8.39322E+13 0.00244 
   84   84    1    1    1    1    1    1    1    1  6.02473E+13 0.00297 
   85   85    1    1    1    1    1    1    1    1  4.34429E+13 0.00293 
   86   86    1    1    1    1    1    1    1    1  4.05198E+13 0.00335 
   87   87    1    1    1    1    1    1    1    1  2.52903E+13 0.00429 
   88   88    1    1    1    1    1    1    1    1  1.69080E+13 0.00474 
   89   89    1    1    1    1    1    1    1    1  9.71134E+12 0.00582 
   90   90    1    1    1    1    1    1    1    1  6.52556E+12 0.00894 
   91   91    1    1    1    1    1    1    1    1  3.22306E+12 0.01912 
   92   92    1    1    1    1    1    1    1    1  1.57661E+12 0.01395 
   93   93    1    1    1    1    1    1    1    1  7.53475E+11 0.02529 
   94   94    1    1    1    1    1    1    1    1  3.62704E+11 0.04382 
   95   95    1    1    1    1    1    1    1    1  1.95501E+11 0.07056 
   96   96    1    1    1    1    1    1    1    1  8.49315E+10 0.08905 
   97   97    1    1    1    1    1    1    1    1  4.34499E+10 0.10563 
   98   98    1    1    1    1    1    1    1    1  2.25669E+10 0.17125 
   99   99    1    1    1    1    1    1    1    1  5.90571E+09 0.30899 
  100  100    1    1    1    1    1    1    1    1  6.71847E+09 0.30833 
];


