
DETdpaspec = [
    1    1    1    1    1    1    1    1    1    1  0.00000E+00 0.00000 
    2    2    1    1    1    1    1    1    1    1  0.00000E+00 0.00000 
    3    3    1    1    1    1    1    1    1    1  0.00000E+00 0.00000 
    4    4    1    1    1    1    1    1    1    1  0.00000E+00 0.00000 
    5    5    1    1    1    1    1    1    1    1  0.00000E+00 0.00000 
    6    6    1    1    1    1    1    1    1    1  0.00000E+00 0.00000 
    7    7    1    1    1    1    1    1    1    1  3.19812E+07 1.00000 
    8    8    1    1    1    1    1    1    1    1  1.00321E+07 1.00000 
    9    9    1    1    1    1    1    1    1    1  0.00000E+00 0.00000 
   10   10    1    1    1    1    1    1    1    1  1.06948E+08 0.78040 
   11   11    1    1    1    1    1    1    1    1  0.00000E+00 0.00000 
   12   12    1    1    1    1    1    1    1    1  3.93331E+07 1.00000 
   13   13    1    1    1    1    1    1    1    1  9.64187E+08 0.50554 
   14   14    1    1    1    1    1    1    1    1  2.17055E+09 0.38401 
   15   15    1    1    1    1    1    1    1    1  6.27886E+09 0.23825 
   16   16    1    1    1    1    1    1    1    1  2.39395E+09 0.22593 
   17   17    1    1    1    1    1    1    1    1  2.10099E+09 0.29436 
   18   18    1    1    1    1    1    1    1    1  6.62564E+09 0.19350 
   19   19    1    1    1    1    1    1    1    1  6.15521E+09 0.15219 
   20   20    1    1    1    1    1    1    1    1  3.25746E+10 0.13810 
   21   21    1    1    1    1    1    1    1    1  2.28258E+10 0.10780 
   22   22    1    1    1    1    1    1    1    1  5.47453E+10 0.07385 
   23   23    1    1    1    1    1    1    1    1  8.45191E+10 0.07179 
   24   24    1    1    1    1    1    1    1    1  1.46028E+11 0.05971 
   25   25    1    1    1    1    1    1    1    1  2.06988E+11 0.03657 
   26   26    1    1    1    1    1    1    1    1  3.79092E+11 0.03873 
   27   27    1    1    1    1    1    1    1    1  7.42261E+11 0.02843 
   28   28    1    1    1    1    1    1    1    1  1.68808E+12 0.01537 
   29   29    1    1    1    1    1    1    1    1  2.55622E+12 0.01214 
   30   30    1    1    1    1    1    1    1    1  6.94436E+12 0.00773 
   31   31    1    1    1    1    1    1    1    1  1.86558E+13 0.00522 
   32   32    1    1    1    1    1    1    1    1  3.10011E+13 0.00496 
   33   33    1    1    1    1    1    1    1    1  6.62843E+13 0.00302 
   34   34    1    1    1    1    1    1    1    1  8.42087E+13 0.00323 
   35   35    1    1    1    1    1    1    1    1  1.16633E+14 0.00256 
   36   36    1    1    1    1    1    1    1    1  8.58418E+13 0.00266 
   37   37    1    1    1    1    1    1    1    1  2.67529E+13 0.00297 
   38   38    1    1    1    1    1    1    1    1  1.38901E+14 0.00211 
   39   39    1    1    1    1    1    1    1    1  1.79251E+14 0.00198 
   40   40    1    1    1    1    1    1    1    1  3.02850E+14 0.00199 
   41   41    1    1    1    1    1    1    1    1  2.98747E+14 0.00176 
   42   42    1    1    1    1    1    1    1    1  5.82534E+14 0.00148 
   43   43    1    1    1    1    1    1    1    1  6.67583E+14 0.00117 
   44   44    1    1    1    1    1    1    1    1  9.07387E+14 0.00110 
   45   45    1    1    1    1    1    1    1    1  1.70769E+15 0.00109 
   46   46    1    1    1    1    1    1    1    1  8.52297E+14 0.00107 
   47   47    1    1    1    1    1    1    1    1  1.29793E+15 0.00107 
   48   48    1    1    1    1    1    1    1    1  1.81318E+15 0.00101 
   49   49    1    1    1    1    1    1    1    1  1.71362E+15 0.00101 
   50   50    1    1    1    1    1    1    1    1  2.65354E+15 0.00103 
   51   51    1    1    1    1    1    1    1    1  2.10966E+15 0.00092 
   52   52    1    1    1    1    1    1    1    1  2.44282E+15 0.00098 
   53   53    1    1    1    1    1    1    1    1  1.72553E+15 0.00098 
   54   54    1    1    1    1    1    1    1    1  2.09731E+15 0.00099 
   55   55    1    1    1    1    1    1    1    1  1.46826E+15 0.00086 
   56   56    1    1    1    1    1    1    1    1  2.01645E+14 0.00113 
   57   57    1    1    1    1    1    1    1    1  2.88801E+15 0.00083 
   58   58    1    1    1    1    1    1    1    1  1.26986E+15 0.00085 
   59   59    1    1    1    1    1    1    1    1  1.37094E+15 0.00122 
   60   60    1    1    1    1    1    1    1    1  1.07165E+15 0.00119 
   61   61    1    1    1    1    1    1    1    1  1.07321E+15 0.00124 
   62   62    1    1    1    1    1    1    1    1  1.09740E+15 0.00118 
   63   63    1    1    1    1    1    1    1    1  9.18184E+14 0.00105 
   64   64    1    1    1    1    1    1    1    1  7.27486E+14 0.00142 
   65   65    1    1    1    1    1    1    1    1  7.19223E+14 0.00156 
   66   66    1    1    1    1    1    1    1    1  5.45232E+14 0.00157 
   67   67    1    1    1    1    1    1    1    1  4.47270E+14 0.00156 
   68   68    1    1    1    1    1    1    1    1  3.97770E+14 0.00133 
   69   69    1    1    1    1    1    1    1    1  4.81927E+14 0.00147 
   70   70    1    1    1    1    1    1    1    1  4.12154E+14 0.00160 
   71   71    1    1    1    1    1    1    1    1  7.63441E+14 0.00163 
   72   72    1    1    1    1    1    1    1    1  5.48378E+14 0.00173 
   73   73    1    1    1    1    1    1    1    1  4.17242E+14 0.00198 
   74   74    1    1    1    1    1    1    1    1  3.35332E+14 0.00169 
   75   75    1    1    1    1    1    1    1    1  2.75812E+14 0.00131 
   76   76    1    1    1    1    1    1    1    1  3.15710E+14 0.00163 
   77   77    1    1    1    1    1    1    1    1  2.47377E+14 0.00164 
   78   78    1    1    1    1    1    1    1    1  1.93399E+14 0.00177 
   79   79    1    1    1    1    1    1    1    1  1.99177E+14 0.00208 
   80   80    1    1    1    1    1    1    1    1  1.47354E+14 0.00233 
   81   81    1    1    1    1    1    1    1    1  1.13019E+14 0.00295 
   82   82    1    1    1    1    1    1    1    1  8.70911E+13 0.00312 
   83   83    1    1    1    1    1    1    1    1  8.13738E+13 0.00179 
   84   84    1    1    1    1    1    1    1    1  5.83885E+13 0.00371 
   85   85    1    1    1    1    1    1    1    1  4.20280E+13 0.00393 
   86   86    1    1    1    1    1    1    1    1  3.92920E+13 0.00595 
   87   87    1    1    1    1    1    1    1    1  2.44086E+13 0.00390 
   88   88    1    1    1    1    1    1    1    1  1.65795E+13 0.00691 
   89   89    1    1    1    1    1    1    1    1  9.53048E+12 0.00772 
   90   90    1    1    1    1    1    1    1    1  6.31056E+12 0.00931 
   91   91    1    1    1    1    1    1    1    1  3.14721E+12 0.01658 
   92   92    1    1    1    1    1    1    1    1  1.54322E+12 0.01825 
   93   93    1    1    1    1    1    1    1    1  7.48698E+11 0.02508 
   94   94    1    1    1    1    1    1    1    1  3.73390E+11 0.03585 
   95   95    1    1    1    1    1    1    1    1  1.81094E+11 0.04983 
   96   96    1    1    1    1    1    1    1    1  7.69601E+10 0.07263 
   97   97    1    1    1    1    1    1    1    1  4.18272E+10 0.15758 
   98   98    1    1    1    1    1    1    1    1  1.88196E+10 0.17445 
   99   99    1    1    1    1    1    1    1    1  9.38869E+09 0.27557 
  100  100    1    1    1    1    1    1    1    1  9.45273E+09 0.34994 
];


