
DETdpaspec = [
    1    1    1    1    1    1    1    1    1    1  0.00000E+00 0.00000 
    2    2    1    1    1    1    1    1    1    1  0.00000E+00 0.00000 
    3    3    1    1    1    1    1    1    1    1  0.00000E+00 0.00000 
    4    4    1    1    1    1    1    1    1    1  8.66717E+06 1.00000 
    5    5    1    1    1    1    1    1    1    1  0.00000E+00 0.00000 
    6    6    1    1    1    1    1    1    1    1  7.45215E+06 1.00000 
    7    7    1    1    1    1    1    1    1    1  0.00000E+00 0.00000 
    8    8    1    1    1    1    1    1    1    1  1.58629E+07 1.00000 
    9    9    1    1    1    1    1    1    1    1  0.00000E+00 0.00000 
   10   10    1    1    1    1    1    1    1    1  2.81437E+07 1.00000 
   11   11    1    1    1    1    1    1    1    1  3.27970E+08 0.69597 
   12   12    1    1    1    1    1    1    1    1  1.64921E+08 0.45281 
   13   13    1    1    1    1    1    1    1    1  1.49494E+09 0.37137 
   14   14    1    1    1    1    1    1    1    1  3.65619E+09 0.32393 
   15   15    1    1    1    1    1    1    1    1  5.40933E+09 0.31378 
   16   16    1    1    1    1    1    1    1    1  1.61636E+09 0.25401 
   17   17    1    1    1    1    1    1    1    1  4.06579E+09 0.19900 
   18   18    1    1    1    1    1    1    1    1  7.46980E+09 0.18545 
   19   19    1    1    1    1    1    1    1    1  9.48006E+09 0.12800 
   20   20    1    1    1    1    1    1    1    1  3.67806E+10 0.10855 
   21   21    1    1    1    1    1    1    1    1  2.50402E+10 0.11940 
   22   22    1    1    1    1    1    1    1    1  7.98782E+10 0.06242 
   23   23    1    1    1    1    1    1    1    1  1.01331E+11 0.05515 
   24   24    1    1    1    1    1    1    1    1  1.61370E+11 0.04472 
   25   25    1    1    1    1    1    1    1    1  2.22062E+11 0.04280 
   26   26    1    1    1    1    1    1    1    1  3.87893E+11 0.03564 
   27   27    1    1    1    1    1    1    1    1  7.18417E+11 0.02625 
   28   28    1    1    1    1    1    1    1    1  1.49442E+12 0.01378 
   29   29    1    1    1    1    1    1    1    1  2.11339E+12 0.01670 
   30   30    1    1    1    1    1    1    1    1  6.10139E+12 0.00956 
   31   31    1    1    1    1    1    1    1    1  1.63833E+13 0.00631 
   32   32    1    1    1    1    1    1    1    1  2.72173E+13 0.00496 
   33   33    1    1    1    1    1    1    1    1  5.66200E+13 0.00368 
   34   34    1    1    1    1    1    1    1    1  7.03479E+13 0.00307 
   35   35    1    1    1    1    1    1    1    1  1.00215E+14 0.00188 
   36   36    1    1    1    1    1    1    1    1  7.46213E+13 0.00209 
   37   37    1    1    1    1    1    1    1    1  2.35307E+13 0.00247 
   38   38    1    1    1    1    1    1    1    1  1.19973E+14 0.00161 
   39   39    1    1    1    1    1    1    1    1  1.54025E+14 0.00193 
   40   40    1    1    1    1    1    1    1    1  2.56479E+14 0.00149 
   41   41    1    1    1    1    1    1    1    1  2.55837E+14 0.00179 
   42   42    1    1    1    1    1    1    1    1  4.91482E+14 0.00177 
   43   43    1    1    1    1    1    1    1    1  5.59866E+14 0.00181 
   44   44    1    1    1    1    1    1    1    1  7.54596E+14 0.00146 
   45   45    1    1    1    1    1    1    1    1  1.39972E+15 0.00131 
   46   46    1    1    1    1    1    1    1    1  6.96528E+14 0.00124 
   47   47    1    1    1    1    1    1    1    1  1.06295E+15 0.00132 
   48   48    1    1    1    1    1    1    1    1  1.47748E+15 0.00125 
   49   49    1    1    1    1    1    1    1    1  1.39634E+15 0.00127 
   50   50    1    1    1    1    1    1    1    1  2.13900E+15 0.00091 
   51   51    1    1    1    1    1    1    1    1  1.70634E+15 0.00113 
   52   52    1    1    1    1    1    1    1    1  1.94985E+15 0.00099 
   53   53    1    1    1    1    1    1    1    1  1.37675E+15 0.00112 
   54   54    1    1    1    1    1    1    1    1  1.65406E+15 0.00114 
   55   55    1    1    1    1    1    1    1    1  1.15840E+15 0.00114 
   56   56    1    1    1    1    1    1    1    1  1.59581E+14 0.00147 
   57   57    1    1    1    1    1    1    1    1  2.27543E+15 0.00120 
   58   58    1    1    1    1    1    1    1    1  9.85208E+14 0.00115 
   59   59    1    1    1    1    1    1    1    1  1.06804E+15 0.00113 
   60   60    1    1    1    1    1    1    1    1  8.24920E+14 0.00128 
   61   61    1    1    1    1    1    1    1    1  8.27062E+14 0.00149 
   62   62    1    1    1    1    1    1    1    1  8.43798E+14 0.00157 
   63   63    1    1    1    1    1    1    1    1  7.01563E+14 0.00163 
   64   64    1    1    1    1    1    1    1    1  5.54501E+14 0.00159 
   65   65    1    1    1    1    1    1    1    1  5.47694E+14 0.00181 
   66   66    1    1    1    1    1    1    1    1  4.14601E+14 0.00172 
   67   67    1    1    1    1    1    1    1    1  3.40637E+14 0.00151 
   68   68    1    1    1    1    1    1    1    1  3.04207E+14 0.00151 
   69   69    1    1    1    1    1    1    1    1  3.67705E+14 0.00135 
   70   70    1    1    1    1    1    1    1    1  3.13449E+14 0.00190 
   71   71    1    1    1    1    1    1    1    1  5.86298E+14 0.00158 
   72   72    1    1    1    1    1    1    1    1  4.22192E+14 0.00140 
   73   73    1    1    1    1    1    1    1    1  3.20266E+14 0.00168 
   74   74    1    1    1    1    1    1    1    1  2.54735E+14 0.00208 
   75   75    1    1    1    1    1    1    1    1  2.07668E+14 0.00243 
   76   76    1    1    1    1    1    1    1    1  2.36187E+14 0.00215 
   77   77    1    1    1    1    1    1    1    1  1.83143E+14 0.00271 
   78   78    1    1    1    1    1    1    1    1  1.42287E+14 0.00207 
   79   79    1    1    1    1    1    1    1    1  1.45165E+14 0.00244 
   80   80    1    1    1    1    1    1    1    1  1.07925E+14 0.00173 
   81   81    1    1    1    1    1    1    1    1  8.25859E+13 0.00266 
   82   82    1    1    1    1    1    1    1    1  6.37887E+13 0.00302 
   83   83    1    1    1    1    1    1    1    1  5.91669E+13 0.00325 
   84   84    1    1    1    1    1    1    1    1  4.26666E+13 0.00343 
   85   85    1    1    1    1    1    1    1    1  3.05789E+13 0.00399 
   86   86    1    1    1    1    1    1    1    1  2.86668E+13 0.00649 
   87   87    1    1    1    1    1    1    1    1  1.77696E+13 0.00559 
   88   88    1    1    1    1    1    1    1    1  1.21117E+13 0.00591 
   89   89    1    1    1    1    1    1    1    1  6.99222E+12 0.01055 
   90   90    1    1    1    1    1    1    1    1  4.71651E+12 0.01209 
   91   91    1    1    1    1    1    1    1    1  2.38257E+12 0.01615 
   92   92    1    1    1    1    1    1    1    1  1.12836E+12 0.02087 
   93   93    1    1    1    1    1    1    1    1  5.59436E+11 0.04042 
   94   94    1    1    1    1    1    1    1    1  2.69208E+11 0.03560 
   95   95    1    1    1    1    1    1    1    1  1.24120E+11 0.06687 
   96   96    1    1    1    1    1    1    1    1  6.47026E+10 0.06950 
   97   97    1    1    1    1    1    1    1    1  2.95038E+10 0.12171 
   98   98    1    1    1    1    1    1    1    1  1.77272E+10 0.13430 
   99   99    1    1    1    1    1    1    1    1  6.90199E+09 0.25413 
  100  100    1    1    1    1    1    1    1    1  4.05816E+09 0.31912 
];


