
DETdpaspec = [
    1    1    1    1    1    1    1    1    1    1  0.00000E+00 0.00000 
    2    2    1    1    1    1    1    1    1    1  0.00000E+00 0.00000 
    3    3    1    1    1    1    1    1    1    1  0.00000E+00 0.00000 
    4    4    1    1    1    1    1    1    1    1  0.00000E+00 0.00000 
    5    5    1    1    1    1    1    1    1    1  0.00000E+00 0.00000 
    6    6    1    1    1    1    1    1    1    1  0.00000E+00 0.00000 
    7    7    1    1    1    1    1    1    1    1  4.31398E+07 0.68837 
    8    8    1    1    1    1    1    1    1    1  2.07498E+07 1.00000 
    9    9    1    1    1    1    1    1    1    1  0.00000E+00 0.00000 
   10   10    1    1    1    1    1    1    1    1  7.91652E+07 0.68877 
   11   11    1    1    1    1    1    1    1    1  6.88791E+07 1.00000 
   12   12    1    1    1    1    1    1    1    1  1.35181E+08 0.70478 
   13   13    1    1    1    1    1    1    1    1  3.21141E+09 0.47225 
   14   14    1    1    1    1    1    1    1    1  5.32835E+09 0.37675 
   15   15    1    1    1    1    1    1    1    1  3.96710E+09 0.51166 
   16   16    1    1    1    1    1    1    1    1  9.25332E+08 0.62127 
   17   17    1    1    1    1    1    1    1    1  1.98925E+09 0.48942 
   18   18    1    1    1    1    1    1    1    1  3.61728E+09 0.24304 
   19   19    1    1    1    1    1    1    1    1  6.18046E+09 0.24680 
   20   20    1    1    1    1    1    1    1    1  2.43941E+10 0.18471 
   21   21    1    1    1    1    1    1    1    1  1.68723E+10 0.15715 
   22   22    1    1    1    1    1    1    1    1  4.17751E+10 0.09815 
   23   23    1    1    1    1    1    1    1    1  9.01820E+10 0.08363 
   24   24    1    1    1    1    1    1    1    1  2.17151E+11 0.04857 
   25   25    1    1    1    1    1    1    1    1  3.55463E+11 0.03484 
   26   26    1    1    1    1    1    1    1    1  8.26288E+11 0.02122 
   27   27    1    1    1    1    1    1    1    1  1.84705E+12 0.01339 
   28   28    1    1    1    1    1    1    1    1  4.39848E+12 0.01044 
   29   29    1    1    1    1    1    1    1    1  7.25982E+12 0.00899 
   30   30    1    1    1    1    1    1    1    1  1.58380E+13 0.00641 
   31   31    1    1    1    1    1    1    1    1  3.84220E+13 0.00368 
   32   32    1    1    1    1    1    1    1    1  5.84756E+13 0.00284 
   33   33    1    1    1    1    1    1    1    1  1.19190E+14 0.00204 
   34   34    1    1    1    1    1    1    1    1  1.51632E+14 0.00228 
   35   35    1    1    1    1    1    1    1    1  1.82711E+14 0.00158 
   36   36    1    1    1    1    1    1    1    1  1.26331E+14 0.00153 
   37   37    1    1    1    1    1    1    1    1  3.78311E+13 0.00163 
   38   38    1    1    1    1    1    1    1    1  2.01623E+14 0.00161 
   39   39    1    1    1    1    1    1    1    1  2.58285E+14 0.00152 
   40   40    1    1    1    1    1    1    1    1  4.40537E+14 0.00116 
   41   41    1    1    1    1    1    1    1    1  4.18514E+14 0.00155 
   42   42    1    1    1    1    1    1    1    1  8.28777E+14 0.00093 
   43   43    1    1    1    1    1    1    1    1  9.44589E+14 0.00078 
   44   44    1    1    1    1    1    1    1    1  1.27947E+15 0.00066 
   45   45    1    1    1    1    1    1    1    1  2.41896E+15 0.00061 
   46   46    1    1    1    1    1    1    1    1  1.19004E+15 0.00059 
   47   47    1    1    1    1    1    1    1    1  1.78834E+15 0.00061 
   48   48    1    1    1    1    1    1    1    1  2.49470E+15 0.00065 
   49   49    1    1    1    1    1    1    1    1  2.32795E+15 0.00058 
   50   50    1    1    1    1    1    1    1    1  3.66032E+15 0.00051 
   51   51    1    1    1    1    1    1    1    1  2.84837E+15 0.00062 
   52   52    1    1    1    1    1    1    1    1  3.36460E+15 0.00061 
   53   53    1    1    1    1    1    1    1    1  2.35737E+15 0.00057 
   54   54    1    1    1    1    1    1    1    1  2.92441E+15 0.00055 
   55   55    1    1    1    1    1    1    1    1  2.03822E+15 0.00052 
   56   56    1    1    1    1    1    1    1    1  2.78002E+14 0.00104 
   57   57    1    1    1    1    1    1    1    1  3.99055E+15 0.00062 
   58   58    1    1    1    1    1    1    1    1  1.80345E+15 0.00078 
   59   59    1    1    1    1    1    1    1    1  1.92992E+15 0.00083 
   60   60    1    1    1    1    1    1    1    1  1.53950E+15 0.00067 
   61   61    1    1    1    1    1    1    1    1  1.53629E+15 0.00065 
   62   62    1    1    1    1    1    1    1    1  1.57455E+15 0.00065 
   63   63    1    1    1    1    1    1    1    1  1.32501E+15 0.00083 
   64   64    1    1    1    1    1    1    1    1  1.05075E+15 0.00089 
   65   65    1    1    1    1    1    1    1    1  1.03866E+15 0.00088 
   66   66    1    1    1    1    1    1    1    1  7.87949E+14 0.00092 
   67   67    1    1    1    1    1    1    1    1  6.42605E+14 0.00097 
   68   68    1    1    1    1    1    1    1    1  5.69573E+14 0.00101 
   69   69    1    1    1    1    1    1    1    1  6.87743E+14 0.00133 
   70   70    1    1    1    1    1    1    1    1  5.86458E+14 0.00093 
   71   71    1    1    1    1    1    1    1    1  1.06618E+15 0.00087 
   72   72    1    1    1    1    1    1    1    1  7.63684E+14 0.00091 
   73   73    1    1    1    1    1    1    1    1  5.83169E+14 0.00124 
   74   74    1    1    1    1    1    1    1    1  4.74976E+14 0.00124 
   75   75    1    1    1    1    1    1    1    1  3.96672E+14 0.00128 
   76   76    1    1    1    1    1    1    1    1  4.61543E+14 0.00139 
   77   77    1    1    1    1    1    1    1    1  3.68079E+14 0.00127 
   78   78    1    1    1    1    1    1    1    1  2.89918E+14 0.00116 
   79   79    1    1    1    1    1    1    1    1  3.00954E+14 0.00113 
   80   80    1    1    1    1    1    1    1    1  2.24810E+14 0.00144 
   81   81    1    1    1    1    1    1    1    1  1.74234E+14 0.00170 
   82   82    1    1    1    1    1    1    1    1  1.34195E+14 0.00162 
   83   83    1    1    1    1    1    1    1    1  1.25504E+14 0.00244 
   84   84    1    1    1    1    1    1    1    1  9.01107E+13 0.00223 
   85   85    1    1    1    1    1    1    1    1  6.53425E+13 0.00345 
   86   86    1    1    1    1    1    1    1    1  6.10172E+13 0.00281 
   87   87    1    1    1    1    1    1    1    1  3.72831E+13 0.00404 
   88   88    1    1    1    1    1    1    1    1  2.51473E+13 0.00593 
   89   89    1    1    1    1    1    1    1    1  1.44267E+13 0.00670 
   90   90    1    1    1    1    1    1    1    1  9.48124E+12 0.00959 
   91   91    1    1    1    1    1    1    1    1  4.77351E+12 0.01098 
   92   92    1    1    1    1    1    1    1    1  2.36093E+12 0.01547 
   93   93    1    1    1    1    1    1    1    1  1.13158E+12 0.02897 
   94   94    1    1    1    1    1    1    1    1  5.45275E+11 0.03177 
   95   95    1    1    1    1    1    1    1    1  2.52682E+11 0.05146 
   96   96    1    1    1    1    1    1    1    1  1.18470E+11 0.06709 
   97   97    1    1    1    1    1    1    1    1  6.09903E+10 0.09454 
   98   98    1    1    1    1    1    1    1    1  2.26112E+10 0.16719 
   99   99    1    1    1    1    1    1    1    1  1.61476E+10 0.16353 
  100  100    1    1    1    1    1    1    1    1  1.29191E+10 0.19513 
];


