
DETdpaspec = [
    1    1    1    1    1    1    1    1    1    1  0.00000E+00 0.00000 
    2    2    1    1    1    1    1    1    1    1  0.00000E+00 0.00000 
    3    3    1    1    1    1    1    1    1    1  0.00000E+00 0.00000 
    4    4    1    1    1    1    1    1    1    1  7.32476E+06 1.00000 
    5    5    1    1    1    1    1    1    1    1  0.00000E+00 0.00000 
    6    6    1    1    1    1    1    1    1    1  0.00000E+00 0.00000 
    7    7    1    1    1    1    1    1    1    1  0.00000E+00 0.00000 
    8    8    1    1    1    1    1    1    1    1  2.62958E+07 0.69427 
    9    9    1    1    1    1    1    1    1    1  4.83296E+07 0.51855 
   10   10    1    1    1    1    1    1    1    1  5.63517E+08 0.62678 
   11   11    1    1    1    1    1    1    1    1  4.52815E+08 0.50302 
   12   12    1    1    1    1    1    1    1    1  3.84892E+07 0.56842 
   13   13    1    1    1    1    1    1    1    1  5.65886E+08 0.47010 
   14   14    1    1    1    1    1    1    1    1  2.24300E+09 0.31893 
   15   15    1    1    1    1    1    1    1    1  5.50842E+09 0.23424 
   16   16    1    1    1    1    1    1    1    1  1.21821E+09 0.35007 
   17   17    1    1    1    1    1    1    1    1  4.33696E+09 0.15411 
   18   18    1    1    1    1    1    1    1    1  1.01311E+10 0.13056 
   19   19    1    1    1    1    1    1    1    1  1.50513E+10 0.13864 
   20   20    1    1    1    1    1    1    1    1  3.69248E+10 0.11792 
   21   21    1    1    1    1    1    1    1    1  3.34939E+10 0.10740 
   22   22    1    1    1    1    1    1    1    1  9.17252E+10 0.06408 
   23   23    1    1    1    1    1    1    1    1  1.09405E+11 0.05266 
   24   24    1    1    1    1    1    1    1    1  1.95315E+11 0.04422 
   25   25    1    1    1    1    1    1    1    1  2.42769E+11 0.03681 
   26   26    1    1    1    1    1    1    1    1  4.29365E+11 0.02462 
   27   27    1    1    1    1    1    1    1    1  8.14259E+11 0.02228 
   28   28    1    1    1    1    1    1    1    1  1.57273E+12 0.01537 
   29   29    1    1    1    1    1    1    1    1  2.10930E+12 0.01201 
   30   30    1    1    1    1    1    1    1    1  6.08758E+12 0.00877 
   31   31    1    1    1    1    1    1    1    1  1.56755E+13 0.00488 
   32   32    1    1    1    1    1    1    1    1  2.57323E+13 0.00548 
   33   33    1    1    1    1    1    1    1    1  5.20223E+13 0.00382 
   34   34    1    1    1    1    1    1    1    1  6.26034E+13 0.00330 
   35   35    1    1    1    1    1    1    1    1  9.17442E+13 0.00237 
   36   36    1    1    1    1    1    1    1    1  6.78078E+13 0.00251 
   37   37    1    1    1    1    1    1    1    1  2.16320E+13 0.00300 
   38   38    1    1    1    1    1    1    1    1  1.08438E+14 0.00214 
   39   39    1    1    1    1    1    1    1    1  1.38139E+14 0.00245 
   40   40    1    1    1    1    1    1    1    1  2.27363E+14 0.00197 
   41   41    1    1    1    1    1    1    1    1  2.27272E+14 0.00178 
   42   42    1    1    1    1    1    1    1    1  4.30072E+14 0.00184 
   43   43    1    1    1    1    1    1    1    1  4.85884E+14 0.00169 
   44   44    1    1    1    1    1    1    1    1  6.50455E+14 0.00188 
   45   45    1    1    1    1    1    1    1    1  1.18813E+15 0.00121 
   46   46    1    1    1    1    1    1    1    1  5.90501E+14 0.00145 
   47   47    1    1    1    1    1    1    1    1  9.02639E+14 0.00131 
   48   48    1    1    1    1    1    1    1    1  1.24530E+15 0.00139 
   49   49    1    1    1    1    1    1    1    1  1.17845E+15 0.00138 
   50   50    1    1    1    1    1    1    1    1  1.78864E+15 0.00139 
   51   51    1    1    1    1    1    1    1    1  1.42882E+15 0.00139 
   52   52    1    1    1    1    1    1    1    1  1.61688E+15 0.00123 
   53   53    1    1    1    1    1    1    1    1  1.14207E+15 0.00122 
   54   54    1    1    1    1    1    1    1    1  1.35980E+15 0.00124 
   55   55    1    1    1    1    1    1    1    1  9.53616E+14 0.00132 
   56   56    1    1    1    1    1    1    1    1  1.31508E+14 0.00192 
   57   57    1    1    1    1    1    1    1    1  1.86940E+15 0.00153 
   58   58    1    1    1    1    1    1    1    1  8.01289E+14 0.00141 
   59   59    1    1    1    1    1    1    1    1  8.68952E+14 0.00183 
   60   60    1    1    1    1    1    1    1    1  6.66045E+14 0.00176 
   61   61    1    1    1    1    1    1    1    1  6.68315E+14 0.00150 
   62   62    1    1    1    1    1    1    1    1  6.78799E+14 0.00167 
   63   63    1    1    1    1    1    1    1    1  5.63680E+14 0.00136 
   64   64    1    1    1    1    1    1    1    1  4.45224E+14 0.00131 
   65   65    1    1    1    1    1    1    1    1  4.40349E+14 0.00175 
   66   66    1    1    1    1    1    1    1    1  3.31447E+14 0.00201 
   67   67    1    1    1    1    1    1    1    1  2.72673E+14 0.00167 
   68   68    1    1    1    1    1    1    1    1  2.44030E+14 0.00206 
   69   69    1    1    1    1    1    1    1    1  2.94233E+14 0.00147 
   70   70    1    1    1    1    1    1    1    1  2.51903E+14 0.00209 
   71   71    1    1    1    1    1    1    1    1  4.73966E+14 0.00180 
   72   72    1    1    1    1    1    1    1    1  3.41277E+14 0.00179 
   73   73    1    1    1    1    1    1    1    1  2.57800E+14 0.00215 
   74   74    1    1    1    1    1    1    1    1  2.04037E+14 0.00208 
   75   75    1    1    1    1    1    1    1    1  1.65400E+14 0.00228 
   76   76    1    1    1    1    1    1    1    1  1.87061E+14 0.00178 
   77   77    1    1    1    1    1    1    1    1  1.43397E+14 0.00223 
   78   78    1    1    1    1    1    1    1    1  1.10914E+14 0.00275 
   79   79    1    1    1    1    1    1    1    1  1.12994E+14 0.00341 
   80   80    1    1    1    1    1    1    1    1  8.36122E+13 0.00304 
   81   81    1    1    1    1    1    1    1    1  6.37814E+13 0.00361 
   82   82    1    1    1    1    1    1    1    1  4.91174E+13 0.00350 
   83   83    1    1    1    1    1    1    1    1  4.58002E+13 0.00260 
   84   84    1    1    1    1    1    1    1    1  3.29886E+13 0.00475 
   85   85    1    1    1    1    1    1    1    1  2.35922E+13 0.00463 
   86   86    1    1    1    1    1    1    1    1  2.19534E+13 0.00487 
   87   87    1    1    1    1    1    1    1    1  1.37473E+13 0.00467 
   88   88    1    1    1    1    1    1    1    1  9.28784E+12 0.00863 
   89   89    1    1    1    1    1    1    1    1  5.31028E+12 0.01091 
   90   90    1    1    1    1    1    1    1    1  3.64586E+12 0.01489 
   91   91    1    1    1    1    1    1    1    1  1.83863E+12 0.01738 
   92   92    1    1    1    1    1    1    1    1  8.71154E+11 0.02205 
   93   93    1    1    1    1    1    1    1    1  4.34278E+11 0.02762 
   94   94    1    1    1    1    1    1    1    1  2.07640E+11 0.06314 
   95   95    1    1    1    1    1    1    1    1  9.96835E+10 0.06037 
   96   96    1    1    1    1    1    1    1    1  5.93681E+10 0.10941 
   97   97    1    1    1    1    1    1    1    1  3.16926E+10 0.12348 
   98   98    1    1    1    1    1    1    1    1  1.69266E+10 0.21901 
   99   99    1    1    1    1    1    1    1    1  4.49293E+09 0.33344 
  100  100    1    1    1    1    1    1    1    1  4.93337E+09 0.32213 
];


