
DETdpaspec = [
    1    1    1    1    1    1    1    1    1    1  0.00000E+00 0.00000 
    2    2    1    1    1    1    1    1    1    1  0.00000E+00 0.00000 
    3    3    1    1    1    1    1    1    1    1  0.00000E+00 0.00000 
    4    4    1    1    1    1    1    1    1    1  0.00000E+00 0.00000 
    5    5    1    1    1    1    1    1    1    1  0.00000E+00 0.00000 
    6    6    1    1    1    1    1    1    1    1  0.00000E+00 0.00000 
    7    7    1    1    1    1    1    1    1    1  0.00000E+00 0.00000 
    8    8    1    1    1    1    1    1    1    1  0.00000E+00 0.00000 
    9    9    1    1    1    1    1    1    1    1  3.49040E+07 0.69673 
   10   10    1    1    1    1    1    1    1    1  0.00000E+00 0.00000 
   11   11    1    1    1    1    1    1    1    1  9.62274E+07 0.69066 
   12   12    1    1    1    1    1    1    1    1  1.33729E+08 0.48681 
   13   13    1    1    1    1    1    1    1    1  6.75052E+08 0.54164 
   14   14    1    1    1    1    1    1    1    1  2.10999E+09 0.45050 
   15   15    1    1    1    1    1    1    1    1  4.00855E+09 0.19575 
   16   16    1    1    1    1    1    1    1    1  1.42210E+09 0.31723 
   17   17    1    1    1    1    1    1    1    1  4.14494E+09 0.23760 
   18   18    1    1    1    1    1    1    1    1  9.55593E+09 0.17719 
   19   19    1    1    1    1    1    1    1    1  7.83633E+09 0.16635 
   20   20    1    1    1    1    1    1    1    1  2.97734E+10 0.10764 
   21   21    1    1    1    1    1    1    1    1  2.21618E+10 0.08477 
   22   22    1    1    1    1    1    1    1    1  5.61684E+10 0.08592 
   23   23    1    1    1    1    1    1    1    1  1.01142E+11 0.06080 
   24   24    1    1    1    1    1    1    1    1  1.55332E+11 0.04322 
   25   25    1    1    1    1    1    1    1    1  1.97274E+11 0.04315 
   26   26    1    1    1    1    1    1    1    1  3.64408E+11 0.02623 
   27   27    1    1    1    1    1    1    1    1  7.37315E+11 0.02398 
   28   28    1    1    1    1    1    1    1    1  1.72022E+12 0.01399 
   29   29    1    1    1    1    1    1    1    1  2.62738E+12 0.01281 
   30   30    1    1    1    1    1    1    1    1  7.02812E+12 0.01135 
   31   31    1    1    1    1    1    1    1    1  1.90147E+13 0.00620 
   32   32    1    1    1    1    1    1    1    1  3.12799E+13 0.00360 
   33   33    1    1    1    1    1    1    1    1  6.69097E+13 0.00252 
   34   34    1    1    1    1    1    1    1    1  8.51379E+13 0.00194 
   35   35    1    1    1    1    1    1    1    1  1.18027E+14 0.00210 
   36   36    1    1    1    1    1    1    1    1  8.67778E+13 0.00159 
   37   37    1    1    1    1    1    1    1    1  2.70176E+13 0.00151 
   38   38    1    1    1    1    1    1    1    1  1.40675E+14 0.00169 
   39   39    1    1    1    1    1    1    1    1  1.80813E+14 0.00119 
   40   40    1    1    1    1    1    1    1    1  3.06209E+14 0.00106 
   41   41    1    1    1    1    1    1    1    1  3.01950E+14 0.00139 
   42   42    1    1    1    1    1    1    1    1  5.90219E+14 0.00141 
   43   43    1    1    1    1    1    1    1    1  6.75706E+14 0.00108 
   44   44    1    1    1    1    1    1    1    1  9.19344E+14 0.00100 
   45   45    1    1    1    1    1    1    1    1  1.73161E+15 0.00104 
   46   46    1    1    1    1    1    1    1    1  8.64847E+14 0.00091 
   47   47    1    1    1    1    1    1    1    1  1.31646E+15 0.00092 
   48   48    1    1    1    1    1    1    1    1  1.83907E+15 0.00086 
   49   49    1    1    1    1    1    1    1    1  1.73684E+15 0.00079 
   50   50    1    1    1    1    1    1    1    1  2.69175E+15 0.00061 
   51   51    1    1    1    1    1    1    1    1  2.13859E+15 0.00070 
   52   52    1    1    1    1    1    1    1    1  2.48013E+15 0.00089 
   53   53    1    1    1    1    1    1    1    1  1.74833E+15 0.00058 
   54   54    1    1    1    1    1    1    1    1  2.12574E+15 0.00082 
   55   55    1    1    1    1    1    1    1    1  1.48899E+15 0.00090 
   56   56    1    1    1    1    1    1    1    1  2.04638E+14 0.00138 
   57   57    1    1    1    1    1    1    1    1  2.93108E+15 0.00066 
   58   58    1    1    1    1    1    1    1    1  1.29120E+15 0.00084 
   59   59    1    1    1    1    1    1    1    1  1.39226E+15 0.00084 
   60   60    1    1    1    1    1    1    1    1  1.09023E+15 0.00087 
   61   61    1    1    1    1    1    1    1    1  1.09162E+15 0.00083 
   62   62    1    1    1    1    1    1    1    1  1.11370E+15 0.00079 
   63   63    1    1    1    1    1    1    1    1  9.34440E+14 0.00101 
   64   64    1    1    1    1    1    1    1    1  7.38904E+14 0.00108 
   65   65    1    1    1    1    1    1    1    1  7.31211E+14 0.00107 
   66   66    1    1    1    1    1    1    1    1  5.54397E+14 0.00130 
   67   67    1    1    1    1    1    1    1    1  4.54891E+14 0.00124 
   68   68    1    1    1    1    1    1    1    1  4.04991E+14 0.00147 
   69   69    1    1    1    1    1    1    1    1  4.88888E+14 0.00125 
   70   70    1    1    1    1    1    1    1    1  4.18984E+14 0.00134 
   71   71    1    1    1    1    1    1    1    1  7.76379E+14 0.00128 
   72   72    1    1    1    1    1    1    1    1  5.57330E+14 0.00109 
   73   73    1    1    1    1    1    1    1    1  4.24134E+14 0.00118 
   74   74    1    1    1    1    1    1    1    1  3.41859E+14 0.00147 
   75   75    1    1    1    1    1    1    1    1  2.80438E+14 0.00172 
   76   76    1    1    1    1    1    1    1    1  3.21515E+14 0.00183 
   77   77    1    1    1    1    1    1    1    1  2.51906E+14 0.00181 
   78   78    1    1    1    1    1    1    1    1  1.97338E+14 0.00149 
   79   79    1    1    1    1    1    1    1    1  2.02983E+14 0.00164 
   80   80    1    1    1    1    1    1    1    1  1.50497E+14 0.00191 
   81   81    1    1    1    1    1    1    1    1  1.16443E+14 0.00243 
   82   82    1    1    1    1    1    1    1    1  8.91032E+13 0.00200 
   83   83    1    1    1    1    1    1    1    1  8.30948E+13 0.00289 
   84   84    1    1    1    1    1    1    1    1  5.96251E+13 0.00218 
   85   85    1    1    1    1    1    1    1    1  4.31059E+13 0.00414 
   86   86    1    1    1    1    1    1    1    1  4.02123E+13 0.00312 
   87   87    1    1    1    1    1    1    1    1  2.50485E+13 0.00423 
   88   88    1    1    1    1    1    1    1    1  1.66917E+13 0.00466 
   89   89    1    1    1    1    1    1    1    1  9.58316E+12 0.00667 
   90   90    1    1    1    1    1    1    1    1  6.41612E+12 0.00626 
   91   91    1    1    1    1    1    1    1    1  3.26955E+12 0.01350 
   92   92    1    1    1    1    1    1    1    1  1.55841E+12 0.01595 
   93   93    1    1    1    1    1    1    1    1  7.92768E+11 0.02540 
   94   94    1    1    1    1    1    1    1    1  3.80624E+11 0.03365 
   95   95    1    1    1    1    1    1    1    1  1.80160E+11 0.04466 
   96   96    1    1    1    1    1    1    1    1  9.19036E+10 0.09504 
   97   97    1    1    1    1    1    1    1    1  3.41505E+10 0.07478 
   98   98    1    1    1    1    1    1    1    1  1.86753E+10 0.19681 
   99   99    1    1    1    1    1    1    1    1  1.02325E+10 0.23848 
  100  100    1    1    1    1    1    1    1    1  9.95904E+09 0.23060 
];


