
DETdpaspec = [
    1    1    1    1    1    1    1    1    1    1  0.00000E+00 0.00000 
    2    2    1    1    1    1    1    1    1    1  0.00000E+00 0.00000 
    3    3    1    1    1    1    1    1    1    1  0.00000E+00 0.00000 
    4    4    1    1    1    1    1    1    1    1  1.06641E+07 1.00000 
    5    5    1    1    1    1    1    1    1    1  0.00000E+00 0.00000 
    6    6    1    1    1    1    1    1    1    1  9.05177E+06 1.00000 
    7    7    1    1    1    1    1    1    1    1  1.46685E+07 1.00000 
    8    8    1    1    1    1    1    1    1    1  1.53171E+07 1.00000 
    9    9    1    1    1    1    1    1    1    1  1.90717E+07 1.00000 
   10   10    1    1    1    1    1    1    1    1  3.16126E+08 0.45924 
   11   11    1    1    1    1    1    1    1    1  0.00000E+00 0.00000 
   12   12    1    1    1    1    1    1    1    1  1.29123E+08 0.41290 
   13   13    1    1    1    1    1    1    1    1  8.38234E+08 0.44948 
   14   14    1    1    1    1    1    1    1    1  3.18603E+09 0.30495 
   15   15    1    1    1    1    1    1    1    1  4.03654E+09 0.26241 
   16   16    1    1    1    1    1    1    1    1  1.02581E+09 0.30907 
   17   17    1    1    1    1    1    1    1    1  2.39163E+09 0.18371 
   18   18    1    1    1    1    1    1    1    1  6.14268E+09 0.25147 
   19   19    1    1    1    1    1    1    1    1  8.90206E+09 0.17169 
   20   20    1    1    1    1    1    1    1    1  2.92922E+10 0.13999 
   21   21    1    1    1    1    1    1    1    1  2.62359E+10 0.10738 
   22   22    1    1    1    1    1    1    1    1  5.70741E+10 0.08607 
   23   23    1    1    1    1    1    1    1    1  8.63093E+10 0.04790 
   24   24    1    1    1    1    1    1    1    1  1.30888E+11 0.05446 
   25   25    1    1    1    1    1    1    1    1  1.86435E+11 0.04488 
   26   26    1    1    1    1    1    1    1    1  3.75780E+11 0.03492 
   27   27    1    1    1    1    1    1    1    1  7.72437E+11 0.02739 
   28   28    1    1    1    1    1    1    1    1  1.85512E+12 0.01364 
   29   29    1    1    1    1    1    1    1    1  2.97000E+12 0.01536 
   30   30    1    1    1    1    1    1    1    1  7.53980E+12 0.00806 
   31   31    1    1    1    1    1    1    1    1  2.06154E+13 0.00430 
   32   32    1    1    1    1    1    1    1    1  3.39420E+13 0.00405 
   33   33    1    1    1    1    1    1    1    1  7.24430E+13 0.00314 
   34   34    1    1    1    1    1    1    1    1  9.26416E+13 0.00234 
   35   35    1    1    1    1    1    1    1    1  1.25477E+14 0.00259 
   36   36    1    1    1    1    1    1    1    1  9.20616E+13 0.00206 
   37   37    1    1    1    1    1    1    1    1  2.84662E+13 0.00226 
   38   38    1    1    1    1    1    1    1    1  1.49029E+14 0.00172 
   39   39    1    1    1    1    1    1    1    1  1.91937E+14 0.00202 
   40   40    1    1    1    1    1    1    1    1  3.26134E+14 0.00181 
   41   41    1    1    1    1    1    1    1    1  3.19872E+14 0.00146 
   42   42    1    1    1    1    1    1    1    1  6.27938E+14 0.00116 
   43   43    1    1    1    1    1    1    1    1  7.20080E+14 0.00111 
   44   44    1    1    1    1    1    1    1    1  9.81109E+14 0.00096 
   45   45    1    1    1    1    1    1    1    1  1.85555E+15 0.00091 
   46   46    1    1    1    1    1    1    1    1  9.25989E+14 0.00108 
   47   47    1    1    1    1    1    1    1    1  1.40657E+15 0.00105 
   48   48    1    1    1    1    1    1    1    1  1.96925E+15 0.00074 
   49   49    1    1    1    1    1    1    1    1  1.85902E+15 0.00057 
   50   50    1    1    1    1    1    1    1    1  2.89863E+15 0.00080 
   51   51    1    1    1    1    1    1    1    1  2.29696E+15 0.00074 
   52   52    1    1    1    1    1    1    1    1  2.67383E+15 0.00061 
   53   53    1    1    1    1    1    1    1    1  1.88580E+15 0.00073 
   54   54    1    1    1    1    1    1    1    1  2.30327E+15 0.00077 
   55   55    1    1    1    1    1    1    1    1  1.61164E+15 0.00083 
   56   56    1    1    1    1    1    1    1    1  2.20821E+14 0.00101 
   57   57    1    1    1    1    1    1    1    1  3.17066E+15 0.00064 
   58   58    1    1    1    1    1    1    1    1  1.40376E+15 0.00083 
   59   59    1    1    1    1    1    1    1    1  1.51549E+15 0.00071 
   60   60    1    1    1    1    1    1    1    1  1.18947E+15 0.00097 
   61   61    1    1    1    1    1    1    1    1  1.19026E+15 0.00103 
   62   62    1    1    1    1    1    1    1    1  1.21806E+15 0.00106 
   63   63    1    1    1    1    1    1    1    1  1.02093E+15 0.00104 
   64   64    1    1    1    1    1    1    1    1  8.10986E+14 0.00128 
   65   65    1    1    1    1    1    1    1    1  8.01144E+14 0.00096 
   66   66    1    1    1    1    1    1    1    1  6.07071E+14 0.00097 
   67   67    1    1    1    1    1    1    1    1  4.97118E+14 0.00113 
   68   68    1    1    1    1    1    1    1    1  4.42842E+14 0.00097 
   69   69    1    1    1    1    1    1    1    1  5.35709E+14 0.00147 
   70   70    1    1    1    1    1    1    1    1  4.58211E+14 0.00150 
   71   71    1    1    1    1    1    1    1    1  8.45905E+14 0.00093 
   72   72    1    1    1    1    1    1    1    1  6.08117E+14 0.00120 
   73   73    1    1    1    1    1    1    1    1  4.64080E+14 0.00118 
   74   74    1    1    1    1    1    1    1    1  3.73592E+14 0.00128 
   75   75    1    1    1    1    1    1    1    1  3.07810E+14 0.00159 
   76   76    1    1    1    1    1    1    1    1  3.54280E+14 0.00133 
   77   77    1    1    1    1    1    1    1    1  2.78373E+14 0.00132 
   78   78    1    1    1    1    1    1    1    1  2.18249E+14 0.00155 
   79   79    1    1    1    1    1    1    1    1  2.25151E+14 0.00201 
   80   80    1    1    1    1    1    1    1    1  1.67032E+14 0.00232 
   81   81    1    1    1    1    1    1    1    1  1.28315E+14 0.00217 
   82   82    1    1    1    1    1    1    1    1  9.86682E+13 0.00260 
   83   83    1    1    1    1    1    1    1    1  9.25275E+13 0.00248 
   84   84    1    1    1    1    1    1    1    1  6.65231E+13 0.00258 
   85   85    1    1    1    1    1    1    1    1  4.81540E+13 0.00344 
   86   86    1    1    1    1    1    1    1    1  4.50535E+13 0.00356 
   87   87    1    1    1    1    1    1    1    1  2.75608E+13 0.00368 
   88   88    1    1    1    1    1    1    1    1  1.87384E+13 0.00403 
   89   89    1    1    1    1    1    1    1    1  1.07731E+13 0.00802 
   90   90    1    1    1    1    1    1    1    1  7.18953E+12 0.00982 
   91   91    1    1    1    1    1    1    1    1  3.60137E+12 0.01446 
   92   92    1    1    1    1    1    1    1    1  1.81405E+12 0.01434 
   93   93    1    1    1    1    1    1    1    1  8.64705E+11 0.02077 
   94   94    1    1    1    1    1    1    1    1  4.22621E+11 0.03338 
   95   95    1    1    1    1    1    1    1    1  2.15084E+11 0.06154 
   96   96    1    1    1    1    1    1    1    1  8.43355E+10 0.07489 
   97   97    1    1    1    1    1    1    1    1  4.86473E+10 0.14203 
   98   98    1    1    1    1    1    1    1    1  2.08028E+10 0.14244 
   99   99    1    1    1    1    1    1    1    1  1.25576E+10 0.30832 
  100  100    1    1    1    1    1    1    1    1  1.35875E+10 0.27346 
];


