
DETdpaspec = [
    1    1    1    1    1    1    1    1    1    1  0.00000E+00 0.00000 
    2    2    1    1    1    1    1    1    1    1  0.00000E+00 0.00000 
    3    3    1    1    1    1    1    1    1    1  0.00000E+00 0.00000 
    4    4    1    1    1    1    1    1    1    1  0.00000E+00 0.00000 
    5    5    1    1    1    1    1    1    1    1  0.00000E+00 0.00000 
    6    6    1    1    1    1    1    1    1    1  0.00000E+00 0.00000 
    7    7    1    1    1    1    1    1    1    1  0.00000E+00 0.00000 
    8    8    1    1    1    1    1    1    1    1  1.65066E+07 1.00000 
    9    9    1    1    1    1    1    1    1    1  0.00000E+00 0.00000 
   10   10    1    1    1    1    1    1    1    1  2.75992E+08 0.47653 
   11   11    1    1    1    1    1    1    1    1  6.93613E+07 1.00000 
   12   12    1    1    1    1    1    1    1    1  2.71562E+08 0.39920 
   13   13    1    1    1    1    1    1    1    1  2.64394E+09 0.48421 
   14   14    1    1    1    1    1    1    1    1  4.49114E+09 0.45932 
   15   15    1    1    1    1    1    1    1    1  4.49415E+09 0.37548 
   16   16    1    1    1    1    1    1    1    1  1.46785E+09 0.37798 
   17   17    1    1    1    1    1    1    1    1  1.74403E+09 0.24157 
   18   18    1    1    1    1    1    1    1    1  3.43350E+09 0.33193 
   19   19    1    1    1    1    1    1    1    1  5.07204E+09 0.24031 
   20   20    1    1    1    1    1    1    1    1  2.36146E+10 0.21223 
   21   21    1    1    1    1    1    1    1    1  2.00841E+10 0.12921 
   22   22    1    1    1    1    1    1    1    1  4.23129E+10 0.10496 
   23   23    1    1    1    1    1    1    1    1  1.25727E+11 0.06542 
   24   24    1    1    1    1    1    1    1    1  3.29639E+11 0.03702 
   25   25    1    1    1    1    1    1    1    1  5.76904E+11 0.03480 
   26   26    1    1    1    1    1    1    1    1  1.27867E+12 0.02069 
   27   27    1    1    1    1    1    1    1    1  2.77393E+12 0.01499 
   28   28    1    1    1    1    1    1    1    1  6.30658E+12 0.01085 
   29   29    1    1    1    1    1    1    1    1  1.03620E+13 0.00720 
   30   30    1    1    1    1    1    1    1    1  2.10893E+13 0.00475 
   31   31    1    1    1    1    1    1    1    1  4.81122E+13 0.00414 
   32   32    1    1    1    1    1    1    1    1  7.10230E+13 0.00265 
   33   33    1    1    1    1    1    1    1    1  1.41086E+14 0.00200 
   34   34    1    1    1    1    1    1    1    1  1.76720E+14 0.00175 
   35   35    1    1    1    1    1    1    1    1  2.05391E+14 0.00147 
   36   36    1    1    1    1    1    1    1    1  1.39210E+14 0.00103 
   37   37    1    1    1    1    1    1    1    1  4.14431E+13 0.00104 
   38   38    1    1    1    1    1    1    1    1  2.21284E+14 0.00112 
   39   39    1    1    1    1    1    1    1    1  2.81565E+14 0.00100 
   40   40    1    1    1    1    1    1    1    1  4.78314E+14 0.00076 
   41   41    1    1    1    1    1    1    1    1  4.50004E+14 0.00096 
   42   42    1    1    1    1    1    1    1    1  8.89680E+14 0.00095 
   43   43    1    1    1    1    1    1    1    1  1.00937E+15 0.00082 
   44   44    1    1    1    1    1    1    1    1  1.36089E+15 0.00080 
   45   45    1    1    1    1    1    1    1    1  2.55783E+15 0.00065 
   46   46    1    1    1    1    1    1    1    1  1.25029E+15 0.00057 
   47   47    1    1    1    1    1    1    1    1  1.87091E+15 0.00063 
   48   48    1    1    1    1    1    1    1    1  2.60220E+15 0.00062 
   49   49    1    1    1    1    1    1    1    1  2.41676E+15 0.00046 
   50   50    1    1    1    1    1    1    1    1  3.79357E+15 0.00046 
   51   51    1    1    1    1    1    1    1    1  2.93384E+15 0.00059 
   52   52    1    1    1    1    1    1    1    1  3.46239E+15 0.00056 
   53   53    1    1    1    1    1    1    1    1  2.42003E+15 0.00063 
   54   54    1    1    1    1    1    1    1    1  3.00411E+15 0.00050 
   55   55    1    1    1    1    1    1    1    1  2.08859E+15 0.00056 
   56   56    1    1    1    1    1    1    1    1  2.84438E+14 0.00088 
   57   57    1    1    1    1    1    1    1    1  4.08963E+15 0.00049 
   58   58    1    1    1    1    1    1    1    1  1.85098E+15 0.00075 
   59   59    1    1    1    1    1    1    1    1  1.97419E+15 0.00060 
   60   60    1    1    1    1    1    1    1    1  1.57714E+15 0.00068 
   61   61    1    1    1    1    1    1    1    1  1.57316E+15 0.00069 
   62   62    1    1    1    1    1    1    1    1  1.61021E+15 0.00075 
   63   63    1    1    1    1    1    1    1    1  1.35509E+15 0.00097 
   64   64    1    1    1    1    1    1    1    1  1.07171E+15 0.00086 
   65   65    1    1    1    1    1    1    1    1  1.05787E+15 0.00092 
   66   66    1    1    1    1    1    1    1    1  8.02887E+14 0.00088 
   67   67    1    1    1    1    1    1    1    1  6.52801E+14 0.00104 
   68   68    1    1    1    1    1    1    1    1  5.78862E+14 0.00119 
   69   69    1    1    1    1    1    1    1    1  6.98063E+14 0.00104 
   70   70    1    1    1    1    1    1    1    1  5.94903E+14 0.00129 
   71   71    1    1    1    1    1    1    1    1  1.07963E+15 0.00112 
   72   72    1    1    1    1    1    1    1    1  7.70279E+14 0.00105 
   73   73    1    1    1    1    1    1    1    1  5.87516E+14 0.00119 
   74   74    1    1    1    1    1    1    1    1  4.78735E+14 0.00128 
   75   75    1    1    1    1    1    1    1    1  4.00358E+14 0.00178 
   76   76    1    1    1    1    1    1    1    1  4.66980E+14 0.00120 
   77   77    1    1    1    1    1    1    1    1  3.73223E+14 0.00145 
   78   78    1    1    1    1    1    1    1    1  2.94923E+14 0.00165 
   79   79    1    1    1    1    1    1    1    1  3.07294E+14 0.00157 
   80   80    1    1    1    1    1    1    1    1  2.29051E+14 0.00121 
   81   81    1    1    1    1    1    1    1    1  1.77265E+14 0.00161 
   82   82    1    1    1    1    1    1    1    1  1.36017E+14 0.00199 
   83   83    1    1    1    1    1    1    1    1  1.27351E+14 0.00157 
   84   84    1    1    1    1    1    1    1    1  9.14420E+13 0.00207 
   85   85    1    1    1    1    1    1    1    1  6.63323E+13 0.00299 
   86   86    1    1    1    1    1    1    1    1  6.18367E+13 0.00371 
   87   87    1    1    1    1    1    1    1    1  3.78391E+13 0.00415 
   88   88    1    1    1    1    1    1    1    1  2.55072E+13 0.00346 
   89   89    1    1    1    1    1    1    1    1  1.46309E+13 0.00638 
   90   90    1    1    1    1    1    1    1    1  9.74444E+12 0.00502 
   91   91    1    1    1    1    1    1    1    1  4.85773E+12 0.00972 
   92   92    1    1    1    1    1    1    1    1  2.30943E+12 0.01217 
   93   93    1    1    1    1    1    1    1    1  1.04336E+12 0.02794 
   94   94    1    1    1    1    1    1    1    1  5.50366E+11 0.04212 
   95   95    1    1    1    1    1    1    1    1  2.60555E+11 0.04782 
   96   96    1    1    1    1    1    1    1    1  1.14072E+11 0.06776 
   97   97    1    1    1    1    1    1    1    1  5.86145E+10 0.09791 
   98   98    1    1    1    1    1    1    1    1  2.47723E+10 0.16662 
   99   99    1    1    1    1    1    1    1    1  1.17605E+10 0.17046 
  100  100    1    1    1    1    1    1    1    1  1.01554E+10 0.19893 
];


