
DETdpaspec = [
    1    1    1    1    1    1    1    1    1    1  0.00000E+00 0.00000 
    2    2    1    1    1    1    1    1    1    1  0.00000E+00 0.00000 
    3    3    1    1    1    1    1    1    1    1  0.00000E+00 0.00000 
    4    4    1    1    1    1    1    1    1    1  0.00000E+00 0.00000 
    5    5    1    1    1    1    1    1    1    1  0.00000E+00 0.00000 
    6    6    1    1    1    1    1    1    1    1  0.00000E+00 0.00000 
    7    7    1    1    1    1    1    1    1    1  0.00000E+00 0.00000 
    8    8    1    1    1    1    1    1    1    1  1.58766E+07 1.00000 
    9    9    1    1    1    1    1    1    1    1  0.00000E+00 0.00000 
   10   10    1    1    1    1    1    1    1    1  4.27496E+07 1.00000 
   11   11    1    1    1    1    1    1    1    1  1.22025E+08 0.54612 
   12   12    1    1    1    1    1    1    1    1  1.41950E+08 0.33081 
   13   13    1    1    1    1    1    1    1    1  1.02530E+09 0.44387 
   14   14    1    1    1    1    1    1    1    1  3.04681E+09 0.37204 
   15   15    1    1    1    1    1    1    1    1  5.81847E+09 0.29213 
   16   16    1    1    1    1    1    1    1    1  1.25524E+09 0.24823 
   17   17    1    1    1    1    1    1    1    1  3.15181E+09 0.16445 
   18   18    1    1    1    1    1    1    1    1  9.21633E+09 0.15551 
   19   19    1    1    1    1    1    1    1    1  7.46058E+09 0.14530 
   20   20    1    1    1    1    1    1    1    1  2.97859E+10 0.12229 
   21   21    1    1    1    1    1    1    1    1  2.16193E+10 0.14053 
   22   22    1    1    1    1    1    1    1    1  6.67631E+10 0.05653 
   23   23    1    1    1    1    1    1    1    1  8.35888E+10 0.06387 
   24   24    1    1    1    1    1    1    1    1  1.50524E+11 0.06060 
   25   25    1    1    1    1    1    1    1    1  2.05175E+11 0.04369 
   26   26    1    1    1    1    1    1    1    1  3.64025E+11 0.03878 
   27   27    1    1    1    1    1    1    1    1  7.21468E+11 0.03617 
   28   28    1    1    1    1    1    1    1    1  1.51886E+12 0.02157 
   29   29    1    1    1    1    1    1    1    1  2.25111E+12 0.01536 
   30   30    1    1    1    1    1    1    1    1  6.33140E+12 0.01003 
   31   31    1    1    1    1    1    1    1    1  1.68996E+13 0.00748 
   32   32    1    1    1    1    1    1    1    1  2.80791E+13 0.00518 
   33   33    1    1    1    1    1    1    1    1  5.86107E+13 0.00418 
   34   34    1    1    1    1    1    1    1    1  7.29539E+13 0.00208 
   35   35    1    1    1    1    1    1    1    1  1.03820E+14 0.00189 
   36   36    1    1    1    1    1    1    1    1  7.69156E+13 0.00213 
   37   37    1    1    1    1    1    1    1    1  2.42354E+13 0.00160 
   38   38    1    1    1    1    1    1    1    1  1.24240E+14 0.00154 
   39   39    1    1    1    1    1    1    1    1  1.59555E+14 0.00185 
   40   40    1    1    1    1    1    1    1    1  2.66932E+14 0.00182 
   41   41    1    1    1    1    1    1    1    1  2.65373E+14 0.00134 
   42   42    1    1    1    1    1    1    1    1  5.12480E+14 0.00136 
   43   43    1    1    1    1    1    1    1    1  5.84232E+14 0.00116 
   44   44    1    1    1    1    1    1    1    1  7.90204E+14 0.00112 
   45   45    1    1    1    1    1    1    1    1  1.46954E+15 0.00074 
   46   46    1    1    1    1    1    1    1    1  7.32355E+14 0.00063 
   47   47    1    1    1    1    1    1    1    1  1.11761E+15 0.00076 
   48   48    1    1    1    1    1    1    1    1  1.55476E+15 0.00072 
   49   49    1    1    1    1    1    1    1    1  1.47279E+15 0.00068 
   50   50    1    1    1    1    1    1    1    1  2.25825E+15 0.00064 
   51   51    1    1    1    1    1    1    1    1  1.80036E+15 0.00076 
   52   52    1    1    1    1    1    1    1    1  2.06327E+15 0.00084 
   53   53    1    1    1    1    1    1    1    1  1.45811E+15 0.00080 
   54   54    1    1    1    1    1    1    1    1  1.75621E+15 0.00077 
   55   55    1    1    1    1    1    1    1    1  1.23045E+15 0.00085 
   56   56    1    1    1    1    1    1    1    1  1.69032E+14 0.00130 
   57   57    1    1    1    1    1    1    1    1  2.41510E+15 0.00090 
   58   58    1    1    1    1    1    1    1    1  1.05076E+15 0.00100 
   59   59    1    1    1    1    1    1    1    1  1.13536E+15 0.00102 
   60   60    1    1    1    1    1    1    1    1  8.80749E+14 0.00106 
   61   61    1    1    1    1    1    1    1    1  8.83232E+14 0.00104 
   62   62    1    1    1    1    1    1    1    1  9.01181E+14 0.00100 
   63   63    1    1    1    1    1    1    1    1  7.50733E+14 0.00132 
   64   64    1    1    1    1    1    1    1    1  5.93219E+14 0.00111 
   65   65    1    1    1    1    1    1    1    1  5.86939E+14 0.00148 
   66   66    1    1    1    1    1    1    1    1  4.43555E+14 0.00143 
   67   67    1    1    1    1    1    1    1    1  3.64878E+14 0.00133 
   68   68    1    1    1    1    1    1    1    1  3.24723E+14 0.00158 
   69   69    1    1    1    1    1    1    1    1  3.91974E+14 0.00169 
   70   70    1    1    1    1    1    1    1    1  3.36489E+14 0.00163 
   71   71    1    1    1    1    1    1    1    1  6.26842E+14 0.00118 
   72   72    1    1    1    1    1    1    1    1  4.51558E+14 0.00117 
   73   73    1    1    1    1    1    1    1    1  3.42320E+14 0.00185 
   74   74    1    1    1    1    1    1    1    1  2.72646E+14 0.00145 
   75   75    1    1    1    1    1    1    1    1  2.22927E+14 0.00201 
   76   76    1    1    1    1    1    1    1    1  2.54175E+14 0.00172 
   77   77    1    1    1    1    1    1    1    1  1.97289E+14 0.00219 
   78   78    1    1    1    1    1    1    1    1  1.53585E+14 0.00173 
   79   79    1    1    1    1    1    1    1    1  1.57220E+14 0.00203 
   80   80    1    1    1    1    1    1    1    1  1.16750E+14 0.00183 
   81   81    1    1    1    1    1    1    1    1  8.96589E+13 0.00192 
   82   82    1    1    1    1    1    1    1    1  6.88085E+13 0.00268 
   83   83    1    1    1    1    1    1    1    1  6.38741E+13 0.00294 
   84   84    1    1    1    1    1    1    1    1  4.61562E+13 0.00267 
   85   85    1    1    1    1    1    1    1    1  3.30867E+13 0.00471 
   86   86    1    1    1    1    1    1    1    1  3.09479E+13 0.00564 
   87   87    1    1    1    1    1    1    1    1  1.94440E+13 0.00524 
   88   88    1    1    1    1    1    1    1    1  1.29335E+13 0.00607 
   89   89    1    1    1    1    1    1    1    1  7.62825E+12 0.01115 
   90   90    1    1    1    1    1    1    1    1  4.96963E+12 0.00937 
   91   91    1    1    1    1    1    1    1    1  2.60223E+12 0.01874 
   92   92    1    1    1    1    1    1    1    1  1.24598E+12 0.01784 
   93   93    1    1    1    1    1    1    1    1  6.17800E+11 0.02823 
   94   94    1    1    1    1    1    1    1    1  2.86169E+11 0.04732 
   95   95    1    1    1    1    1    1    1    1  1.36638E+11 0.07758 
   96   96    1    1    1    1    1    1    1    1  6.18651E+10 0.07429 
   97   97    1    1    1    1    1    1    1    1  3.54168E+10 0.16963 
   98   98    1    1    1    1    1    1    1    1  1.22355E+10 0.23345 
   99   99    1    1    1    1    1    1    1    1  8.69613E+09 0.26959 
  100  100    1    1    1    1    1    1    1    1  6.27451E+09 0.33646 
];


