
DETdpaspec = [
    1    1    1    1    1    1    1    1    1    1  0.00000E+00 0.00000 
    2    2    1    1    1    1    1    1    1    1  0.00000E+00 0.00000 
    3    3    1    1    1    1    1    1    1    1  0.00000E+00 0.00000 
    4    4    1    1    1    1    1    1    1    1  0.00000E+00 0.00000 
    5    5    1    1    1    1    1    1    1    1  0.00000E+00 0.00000 
    6    6    1    1    1    1    1    1    1    1  0.00000E+00 0.00000 
    7    7    1    1    1    1    1    1    1    1  1.57754E+07 1.00000 
    8    8    1    1    1    1    1    1    1    1  0.00000E+00 0.00000 
    9    9    1    1    1    1    1    1    1    1  1.70302E+07 1.00000 
   10   10    1    1    1    1    1    1    1    1  2.83689E+08 0.53446 
   11   11    1    1    1    1    1    1    1    1  1.35752E+08 0.55146 
   12   12    1    1    1    1    1    1    1    1  1.12089E+08 0.38869 
   13   13    1    1    1    1    1    1    1    1  6.96313E+08 0.52406 
   14   14    1    1    1    1    1    1    1    1  3.38217E+09 0.24966 
   15   15    1    1    1    1    1    1    1    1  5.55116E+09 0.23024 
   16   16    1    1    1    1    1    1    1    1  1.08802E+09 0.30655 
   17   17    1    1    1    1    1    1    1    1  2.95892E+09 0.18526 
   18   18    1    1    1    1    1    1    1    1  6.77958E+09 0.16738 
   19   19    1    1    1    1    1    1    1    1  1.18461E+10 0.15385 
   20   20    1    1    1    1    1    1    1    1  3.30393E+10 0.12700 
   21   21    1    1    1    1    1    1    1    1  2.03394E+10 0.10477 
   22   22    1    1    1    1    1    1    1    1  7.29190E+10 0.07390 
   23   23    1    1    1    1    1    1    1    1  9.26187E+10 0.05280 
   24   24    1    1    1    1    1    1    1    1  1.48870E+11 0.04922 
   25   25    1    1    1    1    1    1    1    1  2.02163E+11 0.04120 
   26   26    1    1    1    1    1    1    1    1  3.57307E+11 0.03168 
   27   27    1    1    1    1    1    1    1    1  7.56665E+11 0.02403 
   28   28    1    1    1    1    1    1    1    1  1.56929E+12 0.01516 
   29   29    1    1    1    1    1    1    1    1  2.24921E+12 0.01144 
   30   30    1    1    1    1    1    1    1    1  6.25697E+12 0.00725 
   31   31    1    1    1    1    1    1    1    1  1.68962E+13 0.00510 
   32   32    1    1    1    1    1    1    1    1  2.80700E+13 0.00394 
   33   33    1    1    1    1    1    1    1    1  5.92162E+13 0.00295 
   34   34    1    1    1    1    1    1    1    1  7.37021E+13 0.00242 
   35   35    1    1    1    1    1    1    1    1  1.04812E+14 0.00177 
   36   36    1    1    1    1    1    1    1    1  7.75692E+13 0.00185 
   37   37    1    1    1    1    1    1    1    1  2.43413E+13 0.00250 
   38   38    1    1    1    1    1    1    1    1  1.24803E+14 0.00201 
   39   39    1    1    1    1    1    1    1    1  1.60419E+14 0.00209 
   40   40    1    1    1    1    1    1    1    1  2.69718E+14 0.00150 
   41   41    1    1    1    1    1    1    1    1  2.68144E+14 0.00171 
   42   42    1    1    1    1    1    1    1    1  5.18831E+14 0.00175 
   43   43    1    1    1    1    1    1    1    1  5.91857E+14 0.00160 
   44   44    1    1    1    1    1    1    1    1  7.99621E+14 0.00123 
   45   45    1    1    1    1    1    1    1    1  1.49155E+15 0.00114 
   46   46    1    1    1    1    1    1    1    1  7.43917E+14 0.00114 
   47   47    1    1    1    1    1    1    1    1  1.13514E+15 0.00113 
   48   48    1    1    1    1    1    1    1    1  1.57896E+15 0.00100 
   49   49    1    1    1    1    1    1    1    1  1.49424E+15 0.00105 
   50   50    1    1    1    1    1    1    1    1  2.29097E+15 0.00106 
   51   51    1    1    1    1    1    1    1    1  1.82831E+15 0.00112 
   52   52    1    1    1    1    1    1    1    1  2.09811E+15 0.00113 
   53   53    1    1    1    1    1    1    1    1  1.48184E+15 0.00106 
   54   54    1    1    1    1    1    1    1    1  1.78616E+15 0.00119 
   55   55    1    1    1    1    1    1    1    1  1.25055E+15 0.00117 
   56   56    1    1    1    1    1    1    1    1  1.71956E+14 0.00134 
   57   57    1    1    1    1    1    1    1    1  2.45641E+15 0.00111 
   58   58    1    1    1    1    1    1    1    1  1.07059E+15 0.00157 
   59   59    1    1    1    1    1    1    1    1  1.15671E+15 0.00155 
   60   60    1    1    1    1    1    1    1    1  8.97948E+14 0.00133 
   61   61    1    1    1    1    1    1    1    1  8.99242E+14 0.00128 
   62   62    1    1    1    1    1    1    1    1  9.18421E+14 0.00120 
   63   63    1    1    1    1    1    1    1    1  7.65671E+14 0.00153 
   64   64    1    1    1    1    1    1    1    1  6.06965E+14 0.00168 
   65   65    1    1    1    1    1    1    1    1  5.99453E+14 0.00170 
   66   66    1    1    1    1    1    1    1    1  4.52495E+14 0.00173 
   67   67    1    1    1    1    1    1    1    1  3.72217E+14 0.00160 
   68   68    1    1    1    1    1    1    1    1  3.31577E+14 0.00161 
   69   69    1    1    1    1    1    1    1    1  4.00367E+14 0.00186 
   70   70    1    1    1    1    1    1    1    1  3.42859E+14 0.00214 
   71   71    1    1    1    1    1    1    1    1  6.39470E+14 0.00164 
   72   72    1    1    1    1    1    1    1    1  4.59124E+14 0.00163 
   73   73    1    1    1    1    1    1    1    1  3.49407E+14 0.00150 
   74   74    1    1    1    1    1    1    1    1  2.77638E+14 0.00223 
   75   75    1    1    1    1    1    1    1    1  2.26268E+14 0.00223 
   76   76    1    1    1    1    1    1    1    1  2.58615E+14 0.00143 
   77   77    1    1    1    1    1    1    1    1  2.01091E+14 0.00201 
   78   78    1    1    1    1    1    1    1    1  1.56364E+14 0.00198 
   79   79    1    1    1    1    1    1    1    1  1.60941E+14 0.00149 
   80   80    1    1    1    1    1    1    1    1  1.18882E+14 0.00217 
   81   81    1    1    1    1    1    1    1    1  9.10462E+13 0.00189 
   82   82    1    1    1    1    1    1    1    1  7.03130E+13 0.00280 
   83   83    1    1    1    1    1    1    1    1  6.56460E+13 0.00442 
   84   84    1    1    1    1    1    1    1    1  4.73615E+13 0.00259 
   85   85    1    1    1    1    1    1    1    1  3.39134E+13 0.00385 
   86   86    1    1    1    1    1    1    1    1  3.17428E+13 0.00389 
   87   87    1    1    1    1    1    1    1    1  1.97544E+13 0.00683 
   88   88    1    1    1    1    1    1    1    1  1.34466E+13 0.00694 
   89   89    1    1    1    1    1    1    1    1  7.69924E+12 0.00964 
   90   90    1    1    1    1    1    1    1    1  5.13244E+12 0.00809 
   91   91    1    1    1    1    1    1    1    1  2.56784E+12 0.01964 
   92   92    1    1    1    1    1    1    1    1  1.23327E+12 0.02023 
   93   93    1    1    1    1    1    1    1    1  5.90875E+11 0.02961 
   94   94    1    1    1    1    1    1    1    1  2.91499E+11 0.05386 
   95   95    1    1    1    1    1    1    1    1  1.40753E+11 0.07230 
   96   96    1    1    1    1    1    1    1    1  7.26332E+10 0.07340 
   97   97    1    1    1    1    1    1    1    1  3.53066E+10 0.10269 
   98   98    1    1    1    1    1    1    1    1  1.55044E+10 0.18094 
   99   99    1    1    1    1    1    1    1    1  1.30871E+10 0.23992 
  100  100    1    1    1    1    1    1    1    1  6.50237E+09 0.28992 
];


