
DETdpaspec = [
    1    1    1    1    1    1    1    1    1    1  0.00000E+00 0.00000 
    2    2    1    1    1    1    1    1    1    1  0.00000E+00 0.00000 
    3    3    1    1    1    1    1    1    1    1  0.00000E+00 0.00000 
    4    4    1    1    1    1    1    1    1    1  0.00000E+00 0.00000 
    5    5    1    1    1    1    1    1    1    1  2.29527E+07 1.00000 
    6    6    1    1    1    1    1    1    1    1  0.00000E+00 0.00000 
    7    7    1    1    1    1    1    1    1    1  4.74412E+07 0.77155 
    8    8    1    1    1    1    1    1    1    1  2.00041E+07 0.69432 
    9    9    1    1    1    1    1    1    1    1  0.00000E+00 0.00000 
   10   10    1    1    1    1    1    1    1    1  1.11029E+08 0.54846 
   11   11    1    1    1    1    1    1    1    1  1.50066E+08 0.73259 
   12   12    1    1    1    1    1    1    1    1  5.57021E+07 0.58070 
   13   13    1    1    1    1    1    1    1    1  1.00817E+09 0.64079 
   14   14    1    1    1    1    1    1    1    1  4.41374E+09 0.37389 
   15   15    1    1    1    1    1    1    1    1  4.47874E+09 0.32803 
   16   16    1    1    1    1    1    1    1    1  1.08688E+09 0.33911 
   17   17    1    1    1    1    1    1    1    1  2.04867E+09 0.33698 
   18   18    1    1    1    1    1    1    1    1  8.97544E+09 0.24941 
   19   19    1    1    1    1    1    1    1    1  8.19251E+09 0.21831 
   20   20    1    1    1    1    1    1    1    1  2.48070E+10 0.12136 
   21   21    1    1    1    1    1    1    1    1  2.16092E+10 0.14820 
   22   22    1    1    1    1    1    1    1    1  5.29465E+10 0.09390 
   23   23    1    1    1    1    1    1    1    1  7.92703E+10 0.06654 
   24   24    1    1    1    1    1    1    1    1  1.46977E+11 0.05528 
   25   25    1    1    1    1    1    1    1    1  2.19681E+11 0.06370 
   26   26    1    1    1    1    1    1    1    1  4.37607E+11 0.04039 
   27   27    1    1    1    1    1    1    1    1  9.20232E+11 0.02632 
   28   28    1    1    1    1    1    1    1    1  2.17176E+12 0.01305 
   29   29    1    1    1    1    1    1    1    1  3.58478E+12 0.01129 
   30   30    1    1    1    1    1    1    1    1  8.97076E+12 0.00726 
   31   31    1    1    1    1    1    1    1    1  2.35449E+13 0.00553 
   32   32    1    1    1    1    1    1    1    1  3.83698E+13 0.00382 
   33   33    1    1    1    1    1    1    1    1  8.17970E+13 0.00309 
   34   34    1    1    1    1    1    1    1    1  1.05619E+14 0.00198 
   35   35    1    1    1    1    1    1    1    1  1.38950E+14 0.00163 
   36   36    1    1    1    1    1    1    1    1  1.00255E+14 0.00207 
   37   37    1    1    1    1    1    1    1    1  3.07944E+13 0.00206 
   38   38    1    1    1    1    1    1    1    1  1.62207E+14 0.00168 
   39   39    1    1    1    1    1    1    1    1  2.08994E+14 0.00161 
   40   40    1    1    1    1    1    1    1    1  3.55819E+14 0.00177 
   41   41    1    1    1    1    1    1    1    1  3.46607E+14 0.00165 
   42   42    1    1    1    1    1    1    1    1  6.85950E+14 0.00098 
   43   43    1    1    1    1    1    1    1    1  7.87717E+14 0.00082 
   44   44    1    1    1    1    1    1    1    1  1.07144E+15 0.00123 
   45   45    1    1    1    1    1    1    1    1  2.03228E+15 0.00077 
   46   46    1    1    1    1    1    1    1    1  1.01207E+15 0.00082 
   47   47    1    1    1    1    1    1    1    1  1.53584E+15 0.00087 
   48   48    1    1    1    1    1    1    1    1  2.15025E+15 0.00083 
   49   49    1    1    1    1    1    1    1    1  2.02578E+15 0.00075 
   50   50    1    1    1    1    1    1    1    1  3.17221E+15 0.00070 
   51   51    1    1    1    1    1    1    1    1  2.50155E+15 0.00074 
   52   52    1    1    1    1    1    1    1    1  2.93080E+15 0.00080 
   53   53    1    1    1    1    1    1    1    1  2.07023E+15 0.00097 
   54   54    1    1    1    1    1    1    1    1  2.54332E+15 0.00079 
   55   55    1    1    1    1    1    1    1    1  1.77936E+15 0.00093 
   56   56    1    1    1    1    1    1    1    1  2.43581E+14 0.00128 
   57   57    1    1    1    1    1    1    1    1  3.50039E+15 0.00078 
   58   58    1    1    1    1    1    1    1    1  1.56389E+15 0.00083 
   59   59    1    1    1    1    1    1    1    1  1.68185E+15 0.00095 
   60   60    1    1    1    1    1    1    1    1  1.32820E+15 0.00099 
   61   61    1    1    1    1    1    1    1    1  1.32798E+15 0.00092 
   62   62    1    1    1    1    1    1    1    1  1.36160E+15 0.00099 
   63   63    1    1    1    1    1    1    1    1  1.14449E+15 0.00110 
   64   64    1    1    1    1    1    1    1    1  9.07050E+14 0.00086 
   65   65    1    1    1    1    1    1    1    1  8.96822E+14 0.00076 
   66   66    1    1    1    1    1    1    1    1  6.81617E+14 0.00094 
   67   67    1    1    1    1    1    1    1    1  5.57391E+14 0.00096 
   68   68    1    1    1    1    1    1    1    1  4.96345E+14 0.00091 
   69   69    1    1    1    1    1    1    1    1  5.99796E+14 0.00107 
   70   70    1    1    1    1    1    1    1    1  5.12776E+14 0.00120 
   71   71    1    1    1    1    1    1    1    1  9.43884E+14 0.00095 
   72   72    1    1    1    1    1    1    1    1  6.75173E+14 0.00118 
   73   73    1    1    1    1    1    1    1    1  5.15812E+14 0.00141 
   74   74    1    1    1    1    1    1    1    1  4.16850E+14 0.00161 
   75   75    1    1    1    1    1    1    1    1  3.46023E+14 0.00144 
   76   76    1    1    1    1    1    1    1    1  3.99450E+14 0.00150 
   77   77    1    1    1    1    1    1    1    1  3.15238E+14 0.00183 
   78   78    1    1    1    1    1    1    1    1  2.47911E+14 0.00136 
   79   79    1    1    1    1    1    1    1    1  2.55728E+14 0.00180 
   80   80    1    1    1    1    1    1    1    1  1.91706E+14 0.00175 
   81   81    1    1    1    1    1    1    1    1  1.47187E+14 0.00219 
   82   82    1    1    1    1    1    1    1    1  1.13368E+14 0.00270 
   83   83    1    1    1    1    1    1    1    1  1.06297E+14 0.00252 
   84   84    1    1    1    1    1    1    1    1  7.61707E+13 0.00263 
   85   85    1    1    1    1    1    1    1    1  5.51246E+13 0.00282 
   86   86    1    1    1    1    1    1    1    1  5.13422E+13 0.00396 
   87   87    1    1    1    1    1    1    1    1  3.15034E+13 0.00505 
   88   88    1    1    1    1    1    1    1    1  2.15025E+13 0.00525 
   89   89    1    1    1    1    1    1    1    1  1.22713E+13 0.00728 
   90   90    1    1    1    1    1    1    1    1  8.12981E+12 0.00942 
   91   91    1    1    1    1    1    1    1    1  4.13458E+12 0.01157 
   92   92    1    1    1    1    1    1    1    1  1.95829E+12 0.01822 
   93   93    1    1    1    1    1    1    1    1  9.66777E+11 0.02496 
   94   94    1    1    1    1    1    1    1    1  4.48733E+11 0.03127 
   95   95    1    1    1    1    1    1    1    1  2.26642E+11 0.04625 
   96   96    1    1    1    1    1    1    1    1  1.05866E+11 0.06988 
   97   97    1    1    1    1    1    1    1    1  6.13609E+10 0.09063 
   98   98    1    1    1    1    1    1    1    1  2.38052E+10 0.14996 
   99   99    1    1    1    1    1    1    1    1  9.36171E+09 0.22917 
  100  100    1    1    1    1    1    1    1    1  8.92857E+09 0.25743 
];


