
DETdpaspec = [
    1    1    1    1    1    1    1    1    1    1  0.00000E+00 0.00000 
    2    2    1    1    1    1    1    1    1    1  0.00000E+00 0.00000 
    3    3    1    1    1    1    1    1    1    1  0.00000E+00 0.00000 
    4    4    1    1    1    1    1    1    1    1  0.00000E+00 0.00000 
    5    5    1    1    1    1    1    1    1    1  0.00000E+00 0.00000 
    6    6    1    1    1    1    1    1    1    1  1.19564E+07 1.00000 
    7    7    1    1    1    1    1    1    1    1  0.00000E+00 0.00000 
    8    8    1    1    1    1    1    1    1    1  0.00000E+00 0.00000 
    9    9    1    1    1    1    1    1    1    1  0.00000E+00 0.00000 
   10   10    1    1    1    1    1    1    1    1  0.00000E+00 0.00000 
   11   11    1    1    1    1    1    1    1    1  0.00000E+00 0.00000 
   12   12    1    1    1    1    1    1    1    1  1.14624E+08 0.73978 
   13   13    1    1    1    1    1    1    1    1  7.15188E+08 0.67514 
   14   14    1    1    1    1    1    1    1    1  2.51389E+09 0.46350 
   15   15    1    1    1    1    1    1    1    1  2.49857E+09 0.77732 
   16   16    1    1    1    1    1    1    1    1  7.59668E+08 0.36982 
   17   17    1    1    1    1    1    1    1    1  4.27953E+09 0.25058 
   18   18    1    1    1    1    1    1    1    1  5.00721E+09 0.27760 
   19   19    1    1    1    1    1    1    1    1  7.64092E+09 0.28812 
   20   20    1    1    1    1    1    1    1    1  1.90362E+10 0.13125 
   21   21    1    1    1    1    1    1    1    1  2.73942E+10 0.10522 
   22   22    1    1    1    1    1    1    1    1  5.45716E+10 0.06499 
   23   23    1    1    1    1    1    1    1    1  8.15153E+10 0.07648 
   24   24    1    1    1    1    1    1    1    1  1.54474E+11 0.06240 
   25   25    1    1    1    1    1    1    1    1  2.42617E+11 0.04716 
   26   26    1    1    1    1    1    1    1    1  5.06864E+11 0.03006 
   27   27    1    1    1    1    1    1    1    1  1.13769E+12 0.02457 
   28   28    1    1    1    1    1    1    1    1  2.77576E+12 0.01720 
   29   29    1    1    1    1    1    1    1    1  4.61005E+12 0.01255 
   30   30    1    1    1    1    1    1    1    1  1.08253E+13 0.00496 
   31   31    1    1    1    1    1    1    1    1  2.80659E+13 0.00455 
   32   32    1    1    1    1    1    1    1    1  4.48533E+13 0.00394 
   33   33    1    1    1    1    1    1    1    1  9.54391E+13 0.00280 
   34   34    1    1    1    1    1    1    1    1  1.23360E+14 0.00205 
   35   35    1    1    1    1    1    1    1    1  1.56240E+14 0.00183 
   36   36    1    1    1    1    1    1    1    1  1.10679E+14 0.00181 
   37   37    1    1    1    1    1    1    1    1  3.35321E+13 0.00174 
   38   38    1    1    1    1    1    1    1    1  1.78353E+14 0.00144 
   39   39    1    1    1    1    1    1    1    1  2.29556E+14 0.00131 
   40   40    1    1    1    1    1    1    1    1  3.92026E+14 0.00133 
   41   41    1    1    1    1    1    1    1    1  3.76812E+14 0.00128 
   42   42    1    1    1    1    1    1    1    1  7.47007E+14 0.00107 
   43   43    1    1    1    1    1    1    1    1  8.55639E+14 0.00070 
   44   44    1    1    1    1    1    1    1    1  1.16155E+15 0.00090 
   45   45    1    1    1    1    1    1    1    1  2.20299E+15 0.00086 
   46   46    1    1    1    1    1    1    1    1  1.09468E+15 0.00082 
   47   47    1    1    1    1    1    1    1    1  1.65343E+15 0.00073 
   48   48    1    1    1    1    1    1    1    1  2.31701E+15 0.00079 
   49   49    1    1    1    1    1    1    1    1  2.17423E+15 0.00077 
   50   50    1    1    1    1    1    1    1    1  3.41544E+15 0.00076 
   51   51    1    1    1    1    1    1    1    1  2.67969E+15 0.00059 
   52   52    1    1    1    1    1    1    1    1  3.15277E+15 0.00056 
   53   53    1    1    1    1    1    1    1    1  2.21843E+15 0.00077 
   54   54    1    1    1    1    1    1    1    1  2.74077E+15 0.00086 
   55   55    1    1    1    1    1    1    1    1  1.91298E+15 0.00066 
   56   56    1    1    1    1    1    1    1    1  2.61267E+14 0.00091 
   57   57    1    1    1    1    1    1    1    1  3.76272E+15 0.00054 
   58   58    1    1    1    1    1    1    1    1  1.68856E+15 0.00075 
   59   59    1    1    1    1    1    1    1    1  1.81319E+15 0.00048 
   60   60    1    1    1    1    1    1    1    1  1.43914E+15 0.00057 
   61   61    1    1    1    1    1    1    1    1  1.43811E+15 0.00079 
   62   62    1    1    1    1    1    1    1    1  1.47577E+15 0.00085 
   63   63    1    1    1    1    1    1    1    1  1.24276E+15 0.00074 
   64   64    1    1    1    1    1    1    1    1  9.85503E+14 0.00094 
   65   65    1    1    1    1    1    1    1    1  9.73390E+14 0.00106 
   66   66    1    1    1    1    1    1    1    1  7.39269E+14 0.00124 
   67   67    1    1    1    1    1    1    1    1  6.03134E+14 0.00117 
   68   68    1    1    1    1    1    1    1    1  5.37045E+14 0.00115 
   69   69    1    1    1    1    1    1    1    1  6.48647E+14 0.00105 
   70   70    1    1    1    1    1    1    1    1  5.53978E+14 0.00100 
   71   71    1    1    1    1    1    1    1    1  1.01377E+15 0.00096 
   72   72    1    1    1    1    1    1    1    1  7.25834E+14 0.00145 
   73   73    1    1    1    1    1    1    1    1  5.55205E+14 0.00127 
   74   74    1    1    1    1    1    1    1    1  4.51068E+14 0.00180 
   75   75    1    1    1    1    1    1    1    1  3.74107E+14 0.00149 
   76   76    1    1    1    1    1    1    1    1  4.34697E+14 0.00153 
   77   77    1    1    1    1    1    1    1    1  3.44465E+14 0.00117 
   78   78    1    1    1    1    1    1    1    1  2.71333E+14 0.00181 
   79   79    1    1    1    1    1    1    1    1  2.81786E+14 0.00163 
   80   80    1    1    1    1    1    1    1    1  2.09835E+14 0.00202 
   81   81    1    1    1    1    1    1    1    1  1.62587E+14 0.00215 
   82   82    1    1    1    1    1    1    1    1  1.24639E+14 0.00228 
   83   83    1    1    1    1    1    1    1    1  1.16951E+14 0.00204 
   84   84    1    1    1    1    1    1    1    1  8.40572E+13 0.00287 
   85   85    1    1    1    1    1    1    1    1  6.09198E+13 0.00251 
   86   86    1    1    1    1    1    1    1    1  5.67834E+13 0.00350 
   87   87    1    1    1    1    1    1    1    1  3.49626E+13 0.00430 
   88   88    1    1    1    1    1    1    1    1  2.36232E+13 0.00484 
   89   89    1    1    1    1    1    1    1    1  1.34924E+13 0.00768 
   90   90    1    1    1    1    1    1    1    1  9.03075E+12 0.00995 
   91   91    1    1    1    1    1    1    1    1  4.47576E+12 0.01323 
   92   92    1    1    1    1    1    1    1    1  2.17173E+12 0.01735 
   93   93    1    1    1    1    1    1    1    1  1.08582E+12 0.02136 
   94   94    1    1    1    1    1    1    1    1  4.83741E+11 0.02729 
   95   95    1    1    1    1    1    1    1    1  2.40862E+11 0.05492 
   96   96    1    1    1    1    1    1    1    1  1.10084E+11 0.06401 
   97   97    1    1    1    1    1    1    1    1  5.09720E+10 0.09826 
   98   98    1    1    1    1    1    1    1    1  2.89177E+10 0.13584 
   99   99    1    1    1    1    1    1    1    1  1.08107E+10 0.26853 
  100  100    1    1    1    1    1    1    1    1  1.38893E+10 0.26347 
];


