
DETdpaspec = [
    1    1    1    1    1    1    1    1    1    1  0.00000E+00 0.00000 
    2    2    1    1    1    1    1    1    1    1  0.00000E+00 0.00000 
    3    3    1    1    1    1    1    1    1    1  0.00000E+00 0.00000 
    4    4    1    1    1    1    1    1    1    1  0.00000E+00 0.00000 
    5    5    1    1    1    1    1    1    1    1  0.00000E+00 0.00000 
    6    6    1    1    1    1    1    1    1    1  0.00000E+00 0.00000 
    7    7    1    1    1    1    1    1    1    1  0.00000E+00 0.00000 
    8    8    1    1    1    1    1    1    1    1  0.00000E+00 0.00000 
    9    9    1    1    1    1    1    1    1    1  6.78311E+06 1.00000 
   10   10    1    1    1    1    1    1    1    1  1.12262E+08 1.00000 
   11   11    1    1    1    1    1    1    1    1  2.34482E+08 0.49223 
   12   12    1    1    1    1    1    1    1    1  7.95659E+07 0.69839 
   13   13    1    1    1    1    1    1    1    1  1.04663E+09 0.48247 
   14   14    1    1    1    1    1    1    1    1  1.49399E+09 0.25183 
   15   15    1    1    1    1    1    1    1    1  3.83730E+09 0.37870 
   16   16    1    1    1    1    1    1    1    1  1.49361E+09 0.28862 
   17   17    1    1    1    1    1    1    1    1  2.60879E+09 0.16614 
   18   18    1    1    1    1    1    1    1    1  8.08780E+09 0.25166 
   19   19    1    1    1    1    1    1    1    1  1.16832E+10 0.15434 
   20   20    1    1    1    1    1    1    1    1  3.83426E+10 0.11895 
   21   21    1    1    1    1    1    1    1    1  3.07097E+10 0.15511 
   22   22    1    1    1    1    1    1    1    1  5.98265E+10 0.05399 
   23   23    1    1    1    1    1    1    1    1  1.02198E+11 0.05360 
   24   24    1    1    1    1    1    1    1    1  1.46205E+11 0.04515 
   25   25    1    1    1    1    1    1    1    1  2.07647E+11 0.04397 
   26   26    1    1    1    1    1    1    1    1  3.71943E+11 0.03640 
   27   27    1    1    1    1    1    1    1    1  7.24450E+11 0.02140 
   28   28    1    1    1    1    1    1    1    1  1.58205E+12 0.02072 
   29   29    1    1    1    1    1    1    1    1  2.31435E+12 0.01349 
   30   30    1    1    1    1    1    1    1    1  6.47032E+12 0.00690 
   31   31    1    1    1    1    1    1    1    1  1.73896E+13 0.00478 
   32   32    1    1    1    1    1    1    1    1  2.85654E+13 0.00486 
   33   33    1    1    1    1    1    1    1    1  6.03174E+13 0.00314 
   34   34    1    1    1    1    1    1    1    1  7.48269E+13 0.00282 
   35   35    1    1    1    1    1    1    1    1  1.06638E+14 0.00230 
   36   36    1    1    1    1    1    1    1    1  7.88607E+13 0.00220 
   37   37    1    1    1    1    1    1    1    1  2.47610E+13 0.00257 
   38   38    1    1    1    1    1    1    1    1  1.27262E+14 0.00238 
   39   39    1    1    1    1    1    1    1    1  1.63345E+14 0.00207 
   40   40    1    1    1    1    1    1    1    1  2.74315E+14 0.00175 
   41   41    1    1    1    1    1    1    1    1  2.72133E+14 0.00130 
   42   42    1    1    1    1    1    1    1    1  5.25868E+14 0.00193 
   43   43    1    1    1    1    1    1    1    1  6.00649E+14 0.00158 
   44   44    1    1    1    1    1    1    1    1  8.12607E+14 0.00111 
   45   45    1    1    1    1    1    1    1    1  1.51657E+15 0.00085 
   46   46    1    1    1    1    1    1    1    1  7.56001E+14 0.00112 
   47   47    1    1    1    1    1    1    1    1  1.15371E+15 0.00124 
   48   48    1    1    1    1    1    1    1    1  1.60615E+15 0.00106 
   49   49    1    1    1    1    1    1    1    1  1.51962E+15 0.00093 
   50   50    1    1    1    1    1    1    1    1  2.33558E+15 0.00095 
   51   51    1    1    1    1    1    1    1    1  1.86117E+15 0.00092 
   52   52    1    1    1    1    1    1    1    1  2.13866E+15 0.00078 
   53   53    1    1    1    1    1    1    1    1  1.50944E+15 0.00091 
   54   54    1    1    1    1    1    1    1    1  1.82107E+15 0.00112 
   55   55    1    1    1    1    1    1    1    1  1.27637E+15 0.00097 
   56   56    1    1    1    1    1    1    1    1  1.75366E+14 0.00124 
   57   57    1    1    1    1    1    1    1    1  2.50816E+15 0.00099 
   58   58    1    1    1    1    1    1    1    1  1.09179E+15 0.00109 
   59   59    1    1    1    1    1    1    1    1  1.18095E+15 0.00117 
   60   60    1    1    1    1    1    1    1    1  9.17053E+14 0.00118 
   61   61    1    1    1    1    1    1    1    1  9.17822E+14 0.00113 
   62   62    1    1    1    1    1    1    1    1  9.36057E+14 0.00117 
   63   63    1    1    1    1    1    1    1    1  7.82542E+14 0.00112 
   64   64    1    1    1    1    1    1    1    1  6.18922E+14 0.00138 
   65   65    1    1    1    1    1    1    1    1  6.12126E+14 0.00152 
   66   66    1    1    1    1    1    1    1    1  4.61960E+14 0.00117 
   67   67    1    1    1    1    1    1    1    1  3.79827E+14 0.00140 
   68   68    1    1    1    1    1    1    1    1  3.39343E+14 0.00125 
   69   69    1    1    1    1    1    1    1    1  4.09353E+14 0.00130 
   70   70    1    1    1    1    1    1    1    1  3.49825E+14 0.00131 
   71   71    1    1    1    1    1    1    1    1  6.51185E+14 0.00122 
   72   72    1    1    1    1    1    1    1    1  4.69297E+14 0.00183 
   73   73    1    1    1    1    1    1    1    1  3.56783E+14 0.00196 
   74   74    1    1    1    1    1    1    1    1  2.84896E+14 0.00205 
   75   75    1    1    1    1    1    1    1    1  2.33408E+14 0.00162 
   76   76    1    1    1    1    1    1    1    1  2.65781E+14 0.00178 
   77   77    1    1    1    1    1    1    1    1  2.06842E+14 0.00182 
   78   78    1    1    1    1    1    1    1    1  1.61033E+14 0.00226 
   79   79    1    1    1    1    1    1    1    1  1.65377E+14 0.00152 
   80   80    1    1    1    1    1    1    1    1  1.21996E+14 0.00230 
   81   81    1    1    1    1    1    1    1    1  9.38682E+13 0.00281 
   82   82    1    1    1    1    1    1    1    1  7.23347E+13 0.00275 
   83   83    1    1    1    1    1    1    1    1  6.75672E+13 0.00272 
   84   84    1    1    1    1    1    1    1    1  4.84446E+13 0.00404 
   85   85    1    1    1    1    1    1    1    1  3.48982E+13 0.00436 
   86   86    1    1    1    1    1    1    1    1  3.26108E+13 0.00444 
   87   87    1    1    1    1    1    1    1    1  2.03300E+13 0.00457 
   88   88    1    1    1    1    1    1    1    1  1.38294E+13 0.00542 
   89   89    1    1    1    1    1    1    1    1  7.92833E+12 0.00883 
   90   90    1    1    1    1    1    1    1    1  5.25598E+12 0.01026 
   91   91    1    1    1    1    1    1    1    1  2.62454E+12 0.01242 
   92   92    1    1    1    1    1    1    1    1  1.28079E+12 0.02511 
   93   93    1    1    1    1    1    1    1    1  6.14990E+11 0.03162 
   94   94    1    1    1    1    1    1    1    1  2.80034E+11 0.04383 
   95   95    1    1    1    1    1    1    1    1  1.53133E+11 0.04674 
   96   96    1    1    1    1    1    1    1    1  8.06120E+10 0.08989 
   97   97    1    1    1    1    1    1    1    1  3.22616E+10 0.14403 
   98   98    1    1    1    1    1    1    1    1  1.75543E+10 0.18647 
   99   99    1    1    1    1    1    1    1    1  8.29069E+09 0.36242 
  100  100    1    1    1    1    1    1    1    1  7.25065E+09 0.27621 
];


