
DETdpaspec = [
    1    1    1    1    1    1    1    1    1    1  0.00000E+00 0.00000 
    2    2    1    1    1    1    1    1    1    1  0.00000E+00 0.00000 
    3    3    1    1    1    1    1    1    1    1  0.00000E+00 0.00000 
    4    4    1    1    1    1    1    1    1    1  2.81973E+07 1.00000 
    5    5    1    1    1    1    1    1    1    1  0.00000E+00 0.00000 
    6    6    1    1    1    1    1    1    1    1  0.00000E+00 0.00000 
    7    7    1    1    1    1    1    1    1    1  0.00000E+00 0.00000 
    8    8    1    1    1    1    1    1    1    1  1.80841E+07 1.00000 
    9    9    1    1    1    1    1    1    1    1  9.44354E+06 1.00000 
   10   10    1    1    1    1    1    1    1    1  0.00000E+00 0.00000 
   11   11    1    1    1    1    1    1    1    1  1.78980E+08 0.75042 
   12   12    1    1    1    1    1    1    1    1  3.28883E+07 1.00000 
   13   13    1    1    1    1    1    1    1    1  7.37210E+08 0.59983 
   14   14    1    1    1    1    1    1    1    1  2.83699E+09 0.37724 
   15   15    1    1    1    1    1    1    1    1  3.33285E+09 0.36227 
   16   16    1    1    1    1    1    1    1    1  2.06913E+09 0.35907 
   17   17    1    1    1    1    1    1    1    1  3.35125E+09 0.20300 
   18   18    1    1    1    1    1    1    1    1  5.73178E+09 0.22500 
   19   19    1    1    1    1    1    1    1    1  3.18542E+09 0.22844 
   20   20    1    1    1    1    1    1    1    1  2.16372E+10 0.14256 
   21   21    1    1    1    1    1    1    1    1  1.63397E+10 0.11249 
   22   22    1    1    1    1    1    1    1    1  4.30279E+10 0.08782 
   23   23    1    1    1    1    1    1    1    1  7.54326E+10 0.07734 
   24   24    1    1    1    1    1    1    1    1  1.45868E+11 0.05707 
   25   25    1    1    1    1    1    1    1    1  2.42541E+11 0.05237 
   26   26    1    1    1    1    1    1    1    1  5.42691E+11 0.03004 
   27   27    1    1    1    1    1    1    1    1  1.21941E+12 0.02500 
   28   28    1    1    1    1    1    1    1    1  2.94097E+12 0.01473 
   29   29    1    1    1    1    1    1    1    1  4.97536E+12 0.00956 
   30   30    1    1    1    1    1    1    1    1  1.17284E+13 0.00624 
   31   31    1    1    1    1    1    1    1    1  2.98126E+13 0.00596 
   32   32    1    1    1    1    1    1    1    1  4.67852E+13 0.00290 
   33   33    1    1    1    1    1    1    1    1  9.84803E+13 0.00222 
   34   34    1    1    1    1    1    1    1    1  1.27177E+14 0.00213 
   35   35    1    1    1    1    1    1    1    1  1.60358E+14 0.00175 
   36   36    1    1    1    1    1    1    1    1  1.13197E+14 0.00138 
   37   37    1    1    1    1    1    1    1    1  3.43250E+13 0.00134 
   38   38    1    1    1    1    1    1    1    1  1.82474E+14 0.00135 
   39   39    1    1    1    1    1    1    1    1  2.34534E+14 0.00124 
   40   40    1    1    1    1    1    1    1    1  3.99822E+14 0.00117 
   41   41    1    1    1    1    1    1    1    1  3.84052E+14 0.00149 
   42   42    1    1    1    1    1    1    1    1  7.60273E+14 0.00113 
   43   43    1    1    1    1    1    1    1    1  8.70132E+14 0.00082 
   44   44    1    1    1    1    1    1    1    1  1.18250E+15 0.00092 
   45   45    1    1    1    1    1    1    1    1  2.24558E+15 0.00071 
   46   46    1    1    1    1    1    1    1    1  1.11187E+15 0.00075 
   47   47    1    1    1    1    1    1    1    1  1.67787E+15 0.00083 
   48   48    1    1    1    1    1    1    1    1  2.34908E+15 0.00085 
   49   49    1    1    1    1    1    1    1    1  2.20202E+15 0.00089 
   50   50    1    1    1    1    1    1    1    1  3.46353E+15 0.00086 
   51   51    1    1    1    1    1    1    1    1  2.71232E+15 0.00098 
   52   52    1    1    1    1    1    1    1    1  3.19249E+15 0.00095 
   53   53    1    1    1    1    1    1    1    1  2.24701E+15 0.00087 
   54   54    1    1    1    1    1    1    1    1  2.78132E+15 0.00075 
   55   55    1    1    1    1    1    1    1    1  1.94376E+15 0.00080 
   56   56    1    1    1    1    1    1    1    1  2.65421E+14 0.00148 
   57   57    1    1    1    1    1    1    1    1  3.81441E+15 0.00069 
   58   58    1    1    1    1    1    1    1    1  1.71671E+15 0.00101 
   59   59    1    1    1    1    1    1    1    1  1.84292E+15 0.00094 
   60   60    1    1    1    1    1    1    1    1  1.46451E+15 0.00084 
   61   61    1    1    1    1    1    1    1    1  1.46214E+15 0.00101 
   62   62    1    1    1    1    1    1    1    1  1.49947E+15 0.00101 
   63   63    1    1    1    1    1    1    1    1  1.26384E+15 0.00103 
   64   64    1    1    1    1    1    1    1    1  1.00101E+15 0.00105 
   65   65    1    1    1    1    1    1    1    1  9.89449E+14 0.00118 
   66   66    1    1    1    1    1    1    1    1  7.50924E+14 0.00110 
   67   67    1    1    1    1    1    1    1    1  6.14692E+14 0.00137 
   68   68    1    1    1    1    1    1    1    1  5.44866E+14 0.00142 
   69   69    1    1    1    1    1    1    1    1  6.58933E+14 0.00119 
   70   70    1    1    1    1    1    1    1    1  5.63577E+14 0.00111 
   71   71    1    1    1    1    1    1    1    1  1.02931E+15 0.00125 
   72   72    1    1    1    1    1    1    1    1  7.36177E+14 0.00124 
   73   73    1    1    1    1    1    1    1    1  5.62134E+14 0.00118 
   74   74    1    1    1    1    1    1    1    1  4.57280E+14 0.00141 
   75   75    1    1    1    1    1    1    1    1  3.80257E+14 0.00169 
   76   76    1    1    1    1    1    1    1    1  4.41969E+14 0.00197 
   77   77    1    1    1    1    1    1    1    1  3.49541E+14 0.00173 
   78   78    1    1    1    1    1    1    1    1  2.75475E+14 0.00109 
   79   79    1    1    1    1    1    1    1    1  2.86712E+14 0.00136 
   80   80    1    1    1    1    1    1    1    1  2.14069E+14 0.00185 
   81   81    1    1    1    1    1    1    1    1  1.65577E+14 0.00169 
   82   82    1    1    1    1    1    1    1    1  1.27330E+14 0.00264 
   83   83    1    1    1    1    1    1    1    1  1.18779E+14 0.00243 
   84   84    1    1    1    1    1    1    1    1  8.57481E+13 0.00265 
   85   85    1    1    1    1    1    1    1    1  6.18053E+13 0.00422 
   86   86    1    1    1    1    1    1    1    1  5.77919E+13 0.00312 
   87   87    1    1    1    1    1    1    1    1  3.57556E+13 0.00392 
   88   88    1    1    1    1    1    1    1    1  2.40670E+13 0.00507 
   89   89    1    1    1    1    1    1    1    1  1.37729E+13 0.00701 
   90   90    1    1    1    1    1    1    1    1  9.02591E+12 0.00892 
   91   91    1    1    1    1    1    1    1    1  4.53597E+12 0.01011 
   92   92    1    1    1    1    1    1    1    1  2.19417E+12 0.01619 
   93   93    1    1    1    1    1    1    1    1  1.06145E+12 0.02057 
   94   94    1    1    1    1    1    1    1    1  5.11202E+11 0.04437 
   95   95    1    1    1    1    1    1    1    1  2.56555E+11 0.03956 
   96   96    1    1    1    1    1    1    1    1  1.10415E+11 0.07403 
   97   97    1    1    1    1    1    1    1    1  5.66274E+10 0.10419 
   98   98    1    1    1    1    1    1    1    1  2.81573E+10 0.11565 
   99   99    1    1    1    1    1    1    1    1  9.00010E+09 0.32608 
  100  100    1    1    1    1    1    1    1    1  1.09145E+10 0.22115 
];


