
DETdpaspec = [
    1    1    1    1    1    1    1    1    1    1  0.00000E+00 0.00000 
    2    2    1    1    1    1    1    1    1    1  0.00000E+00 0.00000 
    3    3    1    1    1    1    1    1    1    1  0.00000E+00 0.00000 
    4    4    1    1    1    1    1    1    1    1  0.00000E+00 0.00000 
    5    5    1    1    1    1    1    1    1    1  0.00000E+00 0.00000 
    6    6    1    1    1    1    1    1    1    1  0.00000E+00 0.00000 
    7    7    1    1    1    1    1    1    1    1  2.47796E+07 0.70174 
    8    8    1    1    1    1    1    1    1    1  1.27389E+07 1.00000 
    9    9    1    1    1    1    1    1    1    1  8.01721E+06 1.00000 
   10   10    1    1    1    1    1    1    1    1  2.43093E+08 0.69899 
   11   11    1    1    1    1    1    1    1    1  5.04210E+07 1.00000 
   12   12    1    1    1    1    1    1    1    1  1.32765E+08 0.50430 
   13   13    1    1    1    1    1    1    1    1  7.70241E+08 0.48572 
   14   14    1    1    1    1    1    1    1    1  2.22617E+09 0.47360 
   15   15    1    1    1    1    1    1    1    1  6.28544E+09 0.38635 
   16   16    1    1    1    1    1    1    1    1  1.53838E+09 0.35219 
   17   17    1    1    1    1    1    1    1    1  4.15087E+09 0.17329 
   18   18    1    1    1    1    1    1    1    1  1.02709E+10 0.15068 
   19   19    1    1    1    1    1    1    1    1  1.15948E+10 0.16973 
   20   20    1    1    1    1    1    1    1    1  3.72024E+10 0.10938 
   21   21    1    1    1    1    1    1    1    1  3.03646E+10 0.10991 
   22   22    1    1    1    1    1    1    1    1  6.66848E+10 0.08237 
   23   23    1    1    1    1    1    1    1    1  1.03769E+11 0.04568 
   24   24    1    1    1    1    1    1    1    1  1.52869E+11 0.05255 
   25   25    1    1    1    1    1    1    1    1  1.99766E+11 0.04629 
   26   26    1    1    1    1    1    1    1    1  3.72489E+11 0.03383 
   27   27    1    1    1    1    1    1    1    1  7.47098E+11 0.02696 
   28   28    1    1    1    1    1    1    1    1  1.54941E+12 0.01706 
   29   29    1    1    1    1    1    1    1    1  2.23577E+12 0.01519 
   30   30    1    1    1    1    1    1    1    1  6.25281E+12 0.00875 
   31   31    1    1    1    1    1    1    1    1  1.67552E+13 0.00692 
   32   32    1    1    1    1    1    1    1    1  2.76678E+13 0.00399 
   33   33    1    1    1    1    1    1    1    1  5.77033E+13 0.00314 
   34   34    1    1    1    1    1    1    1    1  7.14837E+13 0.00318 
   35   35    1    1    1    1    1    1    1    1  1.02046E+14 0.00300 
   36   36    1    1    1    1    1    1    1    1  7.57518E+13 0.00246 
   37   37    1    1    1    1    1    1    1    1  2.38474E+13 0.00210 
   38   38    1    1    1    1    1    1    1    1  1.22171E+14 0.00207 
   39   39    1    1    1    1    1    1    1    1  1.56945E+14 0.00175 
   40   40    1    1    1    1    1    1    1    1  2.61722E+14 0.00139 
   41   41    1    1    1    1    1    1    1    1  2.60401E+14 0.00144 
   42   42    1    1    1    1    1    1    1    1  5.01074E+14 0.00131 
   43   43    1    1    1    1    1    1    1    1  5.71258E+14 0.00125 
   44   44    1    1    1    1    1    1    1    1  7.71789E+14 0.00125 
   45   45    1    1    1    1    1    1    1    1  1.43359E+15 0.00122 
   46   46    1    1    1    1    1    1    1    1  7.13806E+14 0.00113 
   47   47    1    1    1    1    1    1    1    1  1.09073E+15 0.00129 
   48   48    1    1    1    1    1    1    1    1  1.51421E+15 0.00122 
   49   49    1    1    1    1    1    1    1    1  1.43451E+15 0.00113 
   50   50    1    1    1    1    1    1    1    1  2.19446E+15 0.00119 
   51   51    1    1    1    1    1    1    1    1  1.75233E+15 0.00130 
   52   52    1    1    1    1    1    1    1    1  2.00810E+15 0.00109 
   53   53    1    1    1    1    1    1    1    1  1.41965E+15 0.00123 
   54   54    1    1    1    1    1    1    1    1  1.70554E+15 0.00122 
   55   55    1    1    1    1    1    1    1    1  1.19413E+15 0.00113 
   56   56    1    1    1    1    1    1    1    1  1.64236E+14 0.00136 
   57   57    1    1    1    1    1    1    1    1  2.34330E+15 0.00119 
   58   58    1    1    1    1    1    1    1    1  1.01874E+15 0.00152 
   59   59    1    1    1    1    1    1    1    1  1.10081E+15 0.00135 
   60   60    1    1    1    1    1    1    1    1  8.53631E+14 0.00110 
   61   61    1    1    1    1    1    1    1    1  8.53811E+14 0.00118 
   62   62    1    1    1    1    1    1    1    1  8.71676E+14 0.00114 
   63   63    1    1    1    1    1    1    1    1  7.26234E+14 0.00092 
   64   64    1    1    1    1    1    1    1    1  5.75018E+14 0.00109 
   65   65    1    1    1    1    1    1    1    1  5.67798E+14 0.00140 
   66   66    1    1    1    1    1    1    1    1  4.29355E+14 0.00133 
   67   67    1    1    1    1    1    1    1    1  3.52830E+14 0.00166 
   68   68    1    1    1    1    1    1    1    1  3.14774E+14 0.00136 
   69   69    1    1    1    1    1    1    1    1  3.79351E+14 0.00114 
   70   70    1    1    1    1    1    1    1    1  3.24800E+14 0.00168 
   71   71    1    1    1    1    1    1    1    1  6.07620E+14 0.00166 
   72   72    1    1    1    1    1    1    1    1  4.36507E+14 0.00124 
   73   73    1    1    1    1    1    1    1    1  3.31426E+14 0.00197 
   74   74    1    1    1    1    1    1    1    1  2.64135E+14 0.00160 
   75   75    1    1    1    1    1    1    1    1  2.15422E+14 0.00211 
   76   76    1    1    1    1    1    1    1    1  2.45092E+14 0.00174 
   77   77    1    1    1    1    1    1    1    1  1.90124E+14 0.00261 
   78   78    1    1    1    1    1    1    1    1  1.47720E+14 0.00182 
   79   79    1    1    1    1    1    1    1    1  1.51587E+14 0.00181 
   80   80    1    1    1    1    1    1    1    1  1.12006E+14 0.00263 
   81   81    1    1    1    1    1    1    1    1  8.59903E+13 0.00219 
   82   82    1    1    1    1    1    1    1    1  6.60586E+13 0.00379 
   83   83    1    1    1    1    1    1    1    1  6.16994E+13 0.00326 
   84   84    1    1    1    1    1    1    1    1  4.45357E+13 0.00262 
   85   85    1    1    1    1    1    1    1    1  3.19759E+13 0.00314 
   86   86    1    1    1    1    1    1    1    1  3.00582E+13 0.00488 
   87   87    1    1    1    1    1    1    1    1  1.85203E+13 0.00584 
   88   88    1    1    1    1    1    1    1    1  1.25565E+13 0.00788 
   89   89    1    1    1    1    1    1    1    1  7.27115E+12 0.00855 
   90   90    1    1    1    1    1    1    1    1  4.74233E+12 0.00954 
   91   91    1    1    1    1    1    1    1    1  2.49590E+12 0.01280 
   92   92    1    1    1    1    1    1    1    1  1.19336E+12 0.01576 
   93   93    1    1    1    1    1    1    1    1  5.86549E+11 0.03261 
   94   94    1    1    1    1    1    1    1    1  2.73133E+11 0.05231 
   95   95    1    1    1    1    1    1    1    1  1.33438E+11 0.05305 
   96   96    1    1    1    1    1    1    1    1  5.07547E+10 0.09431 
   97   97    1    1    1    1    1    1    1    1  2.59962E+10 0.11451 
   98   98    1    1    1    1    1    1    1    1  1.59914E+10 0.24143 
   99   99    1    1    1    1    1    1    1    1  5.92824E+09 0.26038 
  100  100    1    1    1    1    1    1    1    1  1.02875E+10 0.29091 
];


