
DETdpaspec = [
    1    1    1    1    1    1    1    1    1    1  0.00000E+00 0.00000 
    2    2    1    1    1    1    1    1    1    1  0.00000E+00 0.00000 
    3    3    1    1    1    1    1    1    1    1  0.00000E+00 0.00000 
    4    4    1    1    1    1    1    1    1    1  0.00000E+00 0.00000 
    5    5    1    1    1    1    1    1    1    1  0.00000E+00 0.00000 
    6    6    1    1    1    1    1    1    1    1  0.00000E+00 0.00000 
    7    7    1    1    1    1    1    1    1    1  0.00000E+00 0.00000 
    8    8    1    1    1    1    1    1    1    1  0.00000E+00 0.00000 
    9    9    1    1    1    1    1    1    1    1  1.16376E+07 1.00000 
   10   10    1    1    1    1    1    1    1    1  3.44195E+07 1.00000 
   11   11    1    1    1    1    1    1    1    1  5.87932E+07 1.00000 
   12   12    1    1    1    1    1    1    1    1  1.14509E+08 0.86186 
   13   13    1    1    1    1    1    1    1    1  1.55299E+09 0.58564 
   14   14    1    1    1    1    1    1    1    1  4.61910E+09 0.30147 
   15   15    1    1    1    1    1    1    1    1  3.96281E+09 0.33875 
   16   16    1    1    1    1    1    1    1    1  1.13758E+09 0.37182 
   17   17    1    1    1    1    1    1    1    1  5.12993E+08 0.51200 
   18   18    1    1    1    1    1    1    1    1  5.32058E+09 0.17924 
   19   19    1    1    1    1    1    1    1    1  1.01247E+10 0.18046 
   20   20    1    1    1    1    1    1    1    1  2.55851E+10 0.14625 
   21   21    1    1    1    1    1    1    1    1  2.24092E+10 0.10852 
   22   22    1    1    1    1    1    1    1    1  4.89317E+10 0.08371 
   23   23    1    1    1    1    1    1    1    1  8.14237E+10 0.08399 
   24   24    1    1    1    1    1    1    1    1  1.38837E+11 0.06370 
   25   25    1    1    1    1    1    1    1    1  2.16011E+11 0.04973 
   26   26    1    1    1    1    1    1    1    1  4.37847E+11 0.03785 
   27   27    1    1    1    1    1    1    1    1  9.51561E+11 0.02637 
   28   28    1    1    1    1    1    1    1    1  2.22965E+12 0.01240 
   29   29    1    1    1    1    1    1    1    1  3.64084E+12 0.00895 
   30   30    1    1    1    1    1    1    1    1  8.92404E+12 0.00763 
   31   31    1    1    1    1    1    1    1    1  2.36677E+13 0.00484 
   32   32    1    1    1    1    1    1    1    1  3.85455E+13 0.00391 
   33   33    1    1    1    1    1    1    1    1  8.24711E+13 0.00320 
   34   34    1    1    1    1    1    1    1    1  1.06373E+14 0.00241 
   35   35    1    1    1    1    1    1    1    1  1.39663E+14 0.00193 
   36   36    1    1    1    1    1    1    1    1  1.00629E+14 0.00227 
   37   37    1    1    1    1    1    1    1    1  3.07819E+13 0.00174 
   38   38    1    1    1    1    1    1    1    1  1.62765E+14 0.00148 
   39   39    1    1    1    1    1    1    1    1  2.10054E+14 0.00152 
   40   40    1    1    1    1    1    1    1    1  3.57790E+14 0.00148 
   41   41    1    1    1    1    1    1    1    1  3.48449E+14 0.00141 
   42   42    1    1    1    1    1    1    1    1  6.87555E+14 0.00125 
   43   43    1    1    1    1    1    1    1    1  7.88159E+14 0.00121 
   44   44    1    1    1    1    1    1    1    1  1.07536E+15 0.00111 
   45   45    1    1    1    1    1    1    1    1  2.04146E+15 0.00099 
   46   46    1    1    1    1    1    1    1    1  1.01562E+15 0.00087 
   47   47    1    1    1    1    1    1    1    1  1.53928E+15 0.00071 
   48   48    1    1    1    1    1    1    1    1  2.15910E+15 0.00085 
   49   49    1    1    1    1    1    1    1    1  2.03456E+15 0.00088 
   50   50    1    1    1    1    1    1    1    1  3.18450E+15 0.00088 
   51   51    1    1    1    1    1    1    1    1  2.51064E+15 0.00087 
   52   52    1    1    1    1    1    1    1    1  2.94101E+15 0.00090 
   53   53    1    1    1    1    1    1    1    1  2.07410E+15 0.00096 
   54   54    1    1    1    1    1    1    1    1  2.55074E+15 0.00075 
   55   55    1    1    1    1    1    1    1    1  1.78393E+15 0.00083 
   56   56    1    1    1    1    1    1    1    1  2.44364E+14 0.00123 
   57   57    1    1    1    1    1    1    1    1  3.50746E+15 0.00085 
   58   58    1    1    1    1    1    1    1    1  1.56951E+15 0.00092 
   59   59    1    1    1    1    1    1    1    1  1.68662E+15 0.00090 
   60   60    1    1    1    1    1    1    1    1  1.33236E+15 0.00110 
   61   61    1    1    1    1    1    1    1    1  1.33236E+15 0.00101 
   62   62    1    1    1    1    1    1    1    1  1.36644E+15 0.00100 
   63   63    1    1    1    1    1    1    1    1  1.14785E+15 0.00097 
   64   64    1    1    1    1    1    1    1    1  9.10695E+14 0.00084 
   65   65    1    1    1    1    1    1    1    1  9.00390E+14 0.00100 
   66   66    1    1    1    1    1    1    1    1  6.84032E+14 0.00092 
   67   67    1    1    1    1    1    1    1    1  5.58782E+14 0.00116 
   68   68    1    1    1    1    1    1    1    1  4.97524E+14 0.00128 
   69   69    1    1    1    1    1    1    1    1  6.01144E+14 0.00149 
   70   70    1    1    1    1    1    1    1    1  5.13782E+14 0.00144 
   71   71    1    1    1    1    1    1    1    1  9.46505E+14 0.00098 
   72   72    1    1    1    1    1    1    1    1  6.79045E+14 0.00086 
   73   73    1    1    1    1    1    1    1    1  5.17660E+14 0.00136 
   74   74    1    1    1    1    1    1    1    1  4.19333E+14 0.00147 
   75   75    1    1    1    1    1    1    1    1  3.47009E+14 0.00160 
   76   76    1    1    1    1    1    1    1    1  4.01115E+14 0.00153 
   77   77    1    1    1    1    1    1    1    1  3.16879E+14 0.00172 
   78   78    1    1    1    1    1    1    1    1  2.49562E+14 0.00152 
   79   79    1    1    1    1    1    1    1    1  2.58195E+14 0.00169 
   80   80    1    1    1    1    1    1    1    1  1.91407E+14 0.00138 
   81   81    1    1    1    1    1    1    1    1  1.47764E+14 0.00246 
   82   82    1    1    1    1    1    1    1    1  1.13732E+14 0.00204 
   83   83    1    1    1    1    1    1    1    1  1.06500E+14 0.00256 
   84   84    1    1    1    1    1    1    1    1  7.64236E+13 0.00277 
   85   85    1    1    1    1    1    1    1    1  5.54914E+13 0.00380 
   86   86    1    1    1    1    1    1    1    1  5.19727E+13 0.00426 
   87   87    1    1    1    1    1    1    1    1  3.19191E+13 0.00393 
   88   88    1    1    1    1    1    1    1    1  2.16181E+13 0.00508 
   89   89    1    1    1    1    1    1    1    1  1.24354E+13 0.00787 
   90   90    1    1    1    1    1    1    1    1  8.12560E+12 0.00924 
   91   91    1    1    1    1    1    1    1    1  4.16765E+12 0.00960 
   92   92    1    1    1    1    1    1    1    1  1.94511E+12 0.01408 
   93   93    1    1    1    1    1    1    1    1  9.93187E+11 0.02177 
   94   94    1    1    1    1    1    1    1    1  4.45527E+11 0.03252 
   95   95    1    1    1    1    1    1    1    1  2.26896E+11 0.03319 
   96   96    1    1    1    1    1    1    1    1  1.07762E+11 0.06954 
   97   97    1    1    1    1    1    1    1    1  4.97378E+10 0.14099 
   98   98    1    1    1    1    1    1    1    1  2.10791E+10 0.16073 
   99   99    1    1    1    1    1    1    1    1  9.17301E+09 0.25054 
  100  100    1    1    1    1    1    1    1    1  7.70455E+09 0.26689 
];


