
DETdpaspec = [
    1    1    1    1    1    1    1    1    1    1  0.00000E+00 0.00000 
    2    2    1    1    1    1    1    1    1    1  0.00000E+00 0.00000 
    3    3    1    1    1    1    1    1    1    1  0.00000E+00 0.00000 
    4    4    1    1    1    1    1    1    1    1  0.00000E+00 0.00000 
    5    5    1    1    1    1    1    1    1    1  0.00000E+00 0.00000 
    6    6    1    1    1    1    1    1    1    1  0.00000E+00 0.00000 
    7    7    1    1    1    1    1    1    1    1  0.00000E+00 0.00000 
    8    8    1    1    1    1    1    1    1    1  0.00000E+00 0.00000 
    9    9    1    1    1    1    1    1    1    1  1.15926E+07 1.00000 
   10   10    1    1    1    1    1    1    1    1  8.36173E+07 0.71616 
   11   11    1    1    1    1    1    1    1    1  5.80369E+07 1.00000 
   12   12    1    1    1    1    1    1    1    1  2.54074E+07 1.00000 
   13   13    1    1    1    1    1    1    1    1  1.01249E+09 0.52613 
   14   14    1    1    1    1    1    1    1    1  2.92515E+09 0.40779 
   15   15    1    1    1    1    1    1    1    1  4.68752E+09 0.49636 
   16   16    1    1    1    1    1    1    1    1  1.01085E+09 0.34143 
   17   17    1    1    1    1    1    1    1    1  1.57587E+09 0.47373 
   18   18    1    1    1    1    1    1    1    1  3.96207E+09 0.27937 
   19   19    1    1    1    1    1    1    1    1  6.07484E+09 0.23956 
   20   20    1    1    1    1    1    1    1    1  2.51653E+10 0.12799 
   21   21    1    1    1    1    1    1    1    1  1.45924E+10 0.14859 
   22   22    1    1    1    1    1    1    1    1  4.83572E+10 0.07034 
   23   23    1    1    1    1    1    1    1    1  1.21169E+11 0.06218 
   24   24    1    1    1    1    1    1    1    1  3.16444E+11 0.04334 
   25   25    1    1    1    1    1    1    1    1  5.70629E+11 0.03050 
   26   26    1    1    1    1    1    1    1    1  1.25222E+12 0.01617 
   27   27    1    1    1    1    1    1    1    1  2.63806E+12 0.01372 
   28   28    1    1    1    1    1    1    1    1  6.03542E+12 0.00797 
   29   29    1    1    1    1    1    1    1    1  9.83893E+12 0.00800 
   30   30    1    1    1    1    1    1    1    1  2.04586E+13 0.00625 
   31   31    1    1    1    1    1    1    1    1  4.72624E+13 0.00352 
   32   32    1    1    1    1    1    1    1    1  6.98962E+13 0.00269 
   33   33    1    1    1    1    1    1    1    1  1.38542E+14 0.00183 
   34   34    1    1    1    1    1    1    1    1  1.74691E+14 0.00210 
   35   35    1    1    1    1    1    1    1    1  2.03487E+14 0.00186 
   36   36    1    1    1    1    1    1    1    1  1.37899E+14 0.00152 
   37   37    1    1    1    1    1    1    1    1  4.10208E+13 0.00145 
   38   38    1    1    1    1    1    1    1    1  2.18845E+14 0.00137 
   39   39    1    1    1    1    1    1    1    1  2.78996E+14 0.00106 
   40   40    1    1    1    1    1    1    1    1  4.74623E+14 0.00115 
   41   41    1    1    1    1    1    1    1    1  4.46709E+14 0.00146 
   42   42    1    1    1    1    1    1    1    1  8.85136E+14 0.00113 
   43   43    1    1    1    1    1    1    1    1  1.00533E+15 0.00087 
   44   44    1    1    1    1    1    1    1    1  1.35452E+15 0.00085 
   45   45    1    1    1    1    1    1    1    1  2.54661E+15 0.00067 
   46   46    1    1    1    1    1    1    1    1  1.24517E+15 0.00061 
   47   47    1    1    1    1    1    1    1    1  1.86508E+15 0.00070 
   48   48    1    1    1    1    1    1    1    1  2.59220E+15 0.00068 
   49   49    1    1    1    1    1    1    1    1  2.41002E+15 0.00068 
   50   50    1    1    1    1    1    1    1    1  3.78199E+15 0.00065 
   51   51    1    1    1    1    1    1    1    1  2.92811E+15 0.00059 
   52   52    1    1    1    1    1    1    1    1  3.45817E+15 0.00065 
   53   53    1    1    1    1    1    1    1    1  2.41876E+15 0.00062 
   54   54    1    1    1    1    1    1    1    1  2.99871E+15 0.00056 
   55   55    1    1    1    1    1    1    1    1  2.08853E+15 0.00081 
   56   56    1    1    1    1    1    1    1    1  2.84196E+14 0.00079 
   57   57    1    1    1    1    1    1    1    1  4.08582E+15 0.00065 
   58   58    1    1    1    1    1    1    1    1  1.84801E+15 0.00079 
   59   59    1    1    1    1    1    1    1    1  1.97244E+15 0.00076 
   60   60    1    1    1    1    1    1    1    1  1.57529E+15 0.00095 
   61   61    1    1    1    1    1    1    1    1  1.56915E+15 0.00095 
   62   62    1    1    1    1    1    1    1    1  1.60802E+15 0.00094 
   63   63    1    1    1    1    1    1    1    1  1.35296E+15 0.00103 
   64   64    1    1    1    1    1    1    1    1  1.07181E+15 0.00085 
   65   65    1    1    1    1    1    1    1    1  1.05803E+15 0.00095 
   66   66    1    1    1    1    1    1    1    1  8.03429E+14 0.00094 
   67   67    1    1    1    1    1    1    1    1  6.52378E+14 0.00090 
   68   68    1    1    1    1    1    1    1    1  5.78067E+14 0.00117 
   69   69    1    1    1    1    1    1    1    1  6.98355E+14 0.00111 
   70   70    1    1    1    1    1    1    1    1  5.94771E+14 0.00112 
   71   71    1    1    1    1    1    1    1    1  1.07759E+15 0.00117 
   72   72    1    1    1    1    1    1    1    1  7.69192E+14 0.00121 
   73   73    1    1    1    1    1    1    1    1  5.87192E+14 0.00139 
   74   74    1    1    1    1    1    1    1    1  4.78734E+14 0.00116 
   75   75    1    1    1    1    1    1    1    1  4.01301E+14 0.00125 
   76   76    1    1    1    1    1    1    1    1  4.66543E+14 0.00117 
   77   77    1    1    1    1    1    1    1    1  3.71926E+14 0.00138 
   78   78    1    1    1    1    1    1    1    1  2.95122E+14 0.00111 
   79   79    1    1    1    1    1    1    1    1  3.06202E+14 0.00134 
   80   80    1    1    1    1    1    1    1    1  2.28350E+14 0.00141 
   81   81    1    1    1    1    1    1    1    1  1.76435E+14 0.00170 
   82   82    1    1    1    1    1    1    1    1  1.36417E+14 0.00181 
   83   83    1    1    1    1    1    1    1    1  1.27030E+14 0.00155 
   84   84    1    1    1    1    1    1    1    1  9.17120E+13 0.00189 
   85   85    1    1    1    1    1    1    1    1  6.62204E+13 0.00167 
   86   86    1    1    1    1    1    1    1    1  6.18915E+13 0.00208 
   87   87    1    1    1    1    1    1    1    1  3.81253E+13 0.00397 
   88   88    1    1    1    1    1    1    1    1  2.53615E+13 0.00378 
   89   89    1    1    1    1    1    1    1    1  1.44699E+13 0.00671 
   90   90    1    1    1    1    1    1    1    1  9.60139E+12 0.00701 
   91   91    1    1    1    1    1    1    1    1  4.80008E+12 0.00934 
   92   92    1    1    1    1    1    1    1    1  2.35536E+12 0.01071 
   93   93    1    1    1    1    1    1    1    1  1.10410E+12 0.02066 
   94   94    1    1    1    1    1    1    1    1  5.73234E+11 0.02234 
   95   95    1    1    1    1    1    1    1    1  2.55254E+11 0.04162 
   96   96    1    1    1    1    1    1    1    1  1.15191E+11 0.07126 
   97   97    1    1    1    1    1    1    1    1  4.96533E+10 0.10806 
   98   98    1    1    1    1    1    1    1    1  2.42486E+10 0.17671 
   99   99    1    1    1    1    1    1    1    1  1.04583E+10 0.23479 
  100  100    1    1    1    1    1    1    1    1  9.29359E+09 0.23637 
];


