
DETdpaspec = [
    1    1    1    1    1    1    1    1    1    1  0.00000E+00 0.00000 
    2    2    1    1    1    1    1    1    1    1  0.00000E+00 0.00000 
    3    3    1    1    1    1    1    1    1    1  1.17777E+07 1.00000 
    4    4    1    1    1    1    1    1    1    1  0.00000E+00 0.00000 
    5    5    1    1    1    1    1    1    1    1  0.00000E+00 0.00000 
    6    6    1    1    1    1    1    1    1    1  0.00000E+00 0.00000 
    7    7    1    1    1    1    1    1    1    1  1.97117E+07 1.00000 
    8    8    1    1    1    1    1    1    1    1  1.22919E+07 1.00000 
    9    9    1    1    1    1    1    1    1    1  0.00000E+00 0.00000 
   10   10    1    1    1    1    1    1    1    1  2.13339E+07 1.00000 
   11   11    1    1    1    1    1    1    1    1  1.01242E+08 0.68835 
   12   12    1    1    1    1    1    1    1    1  1.08608E+08 0.68310 
   13   13    1    1    1    1    1    1    1    1  3.28984E+09 0.36240 
   14   14    1    1    1    1    1    1    1    1  3.56116E+09 0.46058 
   15   15    1    1    1    1    1    1    1    1  5.40908E+09 0.41439 
   16   16    1    1    1    1    1    1    1    1  1.75253E+09 0.38427 
   17   17    1    1    1    1    1    1    1    1  4.22115E+09 0.29911 
   18   18    1    1    1    1    1    1    1    1  8.25092E+09 0.22203 
   19   19    1    1    1    1    1    1    1    1  6.24177E+09 0.22973 
   20   20    1    1    1    1    1    1    1    1  2.21070E+10 0.17649 
   21   21    1    1    1    1    1    1    1    1  2.19795E+10 0.09218 
   22   22    1    1    1    1    1    1    1    1  3.91358E+10 0.09343 
   23   23    1    1    1    1    1    1    1    1  7.76296E+10 0.06957 
   24   24    1    1    1    1    1    1    1    1  1.49782E+11 0.05609 
   25   25    1    1    1    1    1    1    1    1  2.54679E+11 0.04929 
   26   26    1    1    1    1    1    1    1    1  5.37565E+11 0.02902 
   27   27    1    1    1    1    1    1    1    1  1.24115E+12 0.02374 
   28   28    1    1    1    1    1    1    1    1  3.06724E+12 0.01290 
   29   29    1    1    1    1    1    1    1    1  5.12623E+12 0.00915 
   30   30    1    1    1    1    1    1    1    1  1.19683E+13 0.00574 
   31   31    1    1    1    1    1    1    1    1  3.04523E+13 0.00393 
   32   32    1    1    1    1    1    1    1    1  4.79837E+13 0.00492 
   33   33    1    1    1    1    1    1    1    1  1.00217E+14 0.00314 
   34   34    1    1    1    1    1    1    1    1  1.28785E+14 0.00265 
   35   35    1    1    1    1    1    1    1    1  1.61381E+14 0.00240 
   36   36    1    1    1    1    1    1    1    1  1.13743E+14 0.00197 
   37   37    1    1    1    1    1    1    1    1  3.44178E+13 0.00187 
   38   38    1    1    1    1    1    1    1    1  1.83253E+14 0.00164 
   39   39    1    1    1    1    1    1    1    1  2.35568E+14 0.00148 
   40   40    1    1    1    1    1    1    1    1  4.01757E+14 0.00109 
   41   41    1    1    1    1    1    1    1    1  3.85291E+14 0.00112 
   42   42    1    1    1    1    1    1    1    1  7.63408E+14 0.00084 
   43   43    1    1    1    1    1    1    1    1  8.75432E+14 0.00087 
   44   44    1    1    1    1    1    1    1    1  1.18946E+15 0.00110 
   45   45    1    1    1    1    1    1    1    1  2.25880E+15 0.00083 
   46   46    1    1    1    1    1    1    1    1  1.11849E+15 0.00072 
   47   47    1    1    1    1    1    1    1    1  1.68865E+15 0.00085 
   48   48    1    1    1    1    1    1    1    1  2.36042E+15 0.00068 
   49   49    1    1    1    1    1    1    1    1  2.21179E+15 0.00087 
   50   50    1    1    1    1    1    1    1    1  3.48005E+15 0.00070 
   51   51    1    1    1    1    1    1    1    1  2.72598E+15 0.00073 
   52   52    1    1    1    1    1    1    1    1  3.21224E+15 0.00064 
   53   53    1    1    1    1    1    1    1    1  2.25850E+15 0.00075 
   54   54    1    1    1    1    1    1    1    1  2.79395E+15 0.00085 
   55   55    1    1    1    1    1    1    1    1  1.95053E+15 0.00080 
   56   56    1    1    1    1    1    1    1    1  2.66313E+14 0.00128 
   57   57    1    1    1    1    1    1    1    1  3.83149E+15 0.00066 
   58   58    1    1    1    1    1    1    1    1  1.72414E+15 0.00073 
   59   59    1    1    1    1    1    1    1    1  1.85034E+15 0.00091 
   60   60    1    1    1    1    1    1    1    1  1.47152E+15 0.00068 
   61   61    1    1    1    1    1    1    1    1  1.46962E+15 0.00074 
   62   62    1    1    1    1    1    1    1    1  1.50544E+15 0.00088 
   63   63    1    1    1    1    1    1    1    1  1.26715E+15 0.00090 
   64   64    1    1    1    1    1    1    1    1  1.00602E+15 0.00085 
   65   65    1    1    1    1    1    1    1    1  9.94537E+14 0.00078 
   66   66    1    1    1    1    1    1    1    1  7.54428E+14 0.00077 
   67   67    1    1    1    1    1    1    1    1  6.15999E+14 0.00070 
   68   68    1    1    1    1    1    1    1    1  5.47350E+14 0.00120 
   69   69    1    1    1    1    1    1    1    1  6.61661E+14 0.00123 
   70   70    1    1    1    1    1    1    1    1  5.65079E+14 0.00108 
   71   71    1    1    1    1    1    1    1    1  1.03378E+15 0.00094 
   72   72    1    1    1    1    1    1    1    1  7.39760E+14 0.00106 
   73   73    1    1    1    1    1    1    1    1  5.65424E+14 0.00091 
   74   74    1    1    1    1    1    1    1    1  4.58447E+14 0.00120 
   75   75    1    1    1    1    1    1    1    1  3.82051E+14 0.00113 
   76   76    1    1    1    1    1    1    1    1  4.43278E+14 0.00118 
   77   77    1    1    1    1    1    1    1    1  3.52312E+14 0.00137 
   78   78    1    1    1    1    1    1    1    1  2.77292E+14 0.00224 
   79   79    1    1    1    1    1    1    1    1  2.87787E+14 0.00114 
   80   80    1    1    1    1    1    1    1    1  2.15342E+14 0.00172 
   81   81    1    1    1    1    1    1    1    1  1.65716E+14 0.00169 
   82   82    1    1    1    1    1    1    1    1  1.27933E+14 0.00227 
   83   83    1    1    1    1    1    1    1    1  1.19771E+14 0.00172 
   84   84    1    1    1    1    1    1    1    1  8.64078E+13 0.00215 
   85   85    1    1    1    1    1    1    1    1  6.20786E+13 0.00335 
   86   86    1    1    1    1    1    1    1    1  5.81704E+13 0.00385 
   87   87    1    1    1    1    1    1    1    1  3.57951E+13 0.00480 
   88   88    1    1    1    1    1    1    1    1  2.40213E+13 0.00485 
   89   89    1    1    1    1    1    1    1    1  1.38807E+13 0.00629 
   90   90    1    1    1    1    1    1    1    1  9.07012E+12 0.00704 
   91   91    1    1    1    1    1    1    1    1  4.61618E+12 0.00787 
   92   92    1    1    1    1    1    1    1    1  2.25237E+12 0.01737 
   93   93    1    1    1    1    1    1    1    1  1.08768E+12 0.02556 
   94   94    1    1    1    1    1    1    1    1  5.10752E+11 0.02277 
   95   95    1    1    1    1    1    1    1    1  2.56132E+11 0.04191 
   96   96    1    1    1    1    1    1    1    1  1.18391E+11 0.06727 
   97   97    1    1    1    1    1    1    1    1  5.59896E+10 0.08651 
   98   98    1    1    1    1    1    1    1    1  2.84728E+10 0.14648 
   99   99    1    1    1    1    1    1    1    1  1.12928E+10 0.17346 
  100  100    1    1    1    1    1    1    1    1  1.21091E+10 0.16979 
];


