
DETdpaspec = [
    1    1    1    1    1    1    1    1    1    1  0.00000E+00 0.00000 
    2    2    1    1    1    1    1    1    1    1  0.00000E+00 0.00000 
    3    3    1    1    1    1    1    1    1    1  0.00000E+00 0.00000 
    4    4    1    1    1    1    1    1    1    1  0.00000E+00 0.00000 
    5    5    1    1    1    1    1    1    1    1  0.00000E+00 0.00000 
    6    6    1    1    1    1    1    1    1    1  1.05781E+07 1.00000 
    7    7    1    1    1    1    1    1    1    1  0.00000E+00 0.00000 
    8    8    1    1    1    1    1    1    1    1  1.76266E+07 1.00000 
    9    9    1    1    1    1    1    1    1    1  0.00000E+00 0.00000 
   10   10    1    1    1    1    1    1    1    1  1.89593E+08 0.68912 
   11   11    1    1    1    1    1    1    1    1  2.56044E+08 0.62957 
   12   12    1    1    1    1    1    1    1    1  1.12316E+07 1.00000 
   13   13    1    1    1    1    1    1    1    1  2.03503E+09 0.52712 
   14   14    1    1    1    1    1    1    1    1  3.05124E+09 0.40490 
   15   15    1    1    1    1    1    1    1    1  3.57737E+09 0.42305 
   16   16    1    1    1    1    1    1    1    1  1.97428E+09 0.33483 
   17   17    1    1    1    1    1    1    1    1  2.15433E+09 0.28243 
   18   18    1    1    1    1    1    1    1    1  8.58921E+09 0.16752 
   19   19    1    1    1    1    1    1    1    1  9.21117E+09 0.23466 
   20   20    1    1    1    1    1    1    1    1  2.53119E+10 0.14828 
   21   21    1    1    1    1    1    1    1    1  2.10179E+10 0.15509 
   22   22    1    1    1    1    1    1    1    1  5.23454E+10 0.09827 
   23   23    1    1    1    1    1    1    1    1  9.69725E+10 0.07554 
   24   24    1    1    1    1    1    1    1    1  1.43763E+11 0.05559 
   25   25    1    1    1    1    1    1    1    1  2.26879E+11 0.04178 
   26   26    1    1    1    1    1    1    1    1  4.53835E+11 0.02588 
   27   27    1    1    1    1    1    1    1    1  9.90820E+11 0.01499 
   28   28    1    1    1    1    1    1    1    1  2.44172E+12 0.01555 
   29   29    1    1    1    1    1    1    1    1  4.02768E+12 0.00973 
   30   30    1    1    1    1    1    1    1    1  9.88162E+12 0.00739 
   31   31    1    1    1    1    1    1    1    1  2.58170E+13 0.00506 
   32   32    1    1    1    1    1    1    1    1  4.16489E+13 0.00405 
   33   33    1    1    1    1    1    1    1    1  8.84887E+13 0.00327 
   34   34    1    1    1    1    1    1    1    1  1.14193E+14 0.00310 
   35   35    1    1    1    1    1    1    1    1  1.47280E+14 0.00273 
   36   36    1    1    1    1    1    1    1    1  1.05546E+14 0.00240 
   37   37    1    1    1    1    1    1    1    1  3.20724E+13 0.00210 
   38   38    1    1    1    1    1    1    1    1  1.70267E+14 0.00180 
   39   39    1    1    1    1    1    1    1    1  2.19328E+14 0.00158 
   40   40    1    1    1    1    1    1    1    1  3.74757E+14 0.00162 
   41   41    1    1    1    1    1    1    1    1  3.62230E+14 0.00143 
   42   42    1    1    1    1    1    1    1    1  7.17380E+14 0.00146 
   43   43    1    1    1    1    1    1    1    1  8.22774E+14 0.00127 
   44   44    1    1    1    1    1    1    1    1  1.11934E+15 0.00099 
   45   45    1    1    1    1    1    1    1    1  2.12652E+15 0.00081 
   46   46    1    1    1    1    1    1    1    1  1.05749E+15 0.00070 
   47   47    1    1    1    1    1    1    1    1  1.60144E+15 0.00071 
   48   48    1    1    1    1    1    1    1    1  2.24295E+15 0.00071 
   49   49    1    1    1    1    1    1    1    1  2.10907E+15 0.00079 
   50   50    1    1    1    1    1    1    1    1  3.30628E+15 0.00063 
   51   51    1    1    1    1    1    1    1    1  2.60254E+15 0.00051 
   52   52    1    1    1    1    1    1    1    1  3.05781E+15 0.00067 
   53   53    1    1    1    1    1    1    1    1  2.15435E+15 0.00081 
   54   54    1    1    1    1    1    1    1    1  2.65565E+15 0.00072 
   55   55    1    1    1    1    1    1    1    1  1.85589E+15 0.00067 
   56   56    1    1    1    1    1    1    1    1  2.54042E+14 0.00064 
   57   57    1    1    1    1    1    1    1    1  3.65093E+15 0.00050 
   58   58    1    1    1    1    1    1    1    1  1.63524E+15 0.00062 
   59   59    1    1    1    1    1    1    1    1  1.75888E+15 0.00083 
   60   60    1    1    1    1    1    1    1    1  1.39339E+15 0.00076 
   61   61    1    1    1    1    1    1    1    1  1.39213E+15 0.00074 
   62   62    1    1    1    1    1    1    1    1  1.42759E+15 0.00082 
   63   63    1    1    1    1    1    1    1    1  1.20176E+15 0.00116 
   64   64    1    1    1    1    1    1    1    1  9.51880E+14 0.00097 
   65   65    1    1    1    1    1    1    1    1  9.41152E+14 0.00081 
   66   66    1    1    1    1    1    1    1    1  7.14737E+14 0.00087 
   67   67    1    1    1    1    1    1    1    1  5.83768E+14 0.00108 
   68   68    1    1    1    1    1    1    1    1  5.19334E+14 0.00098 
   69   69    1    1    1    1    1    1    1    1  6.29224E+14 0.00121 
   70   70    1    1    1    1    1    1    1    1  5.37203E+14 0.00102 
   71   71    1    1    1    1    1    1    1    1  9.84957E+14 0.00081 
   72   72    1    1    1    1    1    1    1    1  7.05882E+14 0.00108 
   73   73    1    1    1    1    1    1    1    1  5.38786E+14 0.00116 
   74   74    1    1    1    1    1    1    1    1  4.37098E+14 0.00134 
   75   75    1    1    1    1    1    1    1    1  3.62505E+14 0.00153 
   76   76    1    1    1    1    1    1    1    1  4.19576E+14 0.00129 
   77   77    1    1    1    1    1    1    1    1  3.31112E+14 0.00134 
   78   78    1    1    1    1    1    1    1    1  2.62447E+14 0.00185 
   79   79    1    1    1    1    1    1    1    1  2.71781E+14 0.00191 
   80   80    1    1    1    1    1    1    1    1  2.02534E+14 0.00163 
   81   81    1    1    1    1    1    1    1    1  1.56061E+14 0.00190 
   82   82    1    1    1    1    1    1    1    1  1.20589E+14 0.00219 
   83   83    1    1    1    1    1    1    1    1  1.12173E+14 0.00178 
   84   84    1    1    1    1    1    1    1    1  8.06306E+13 0.00347 
   85   85    1    1    1    1    1    1    1    1  5.84130E+13 0.00329 
   86   86    1    1    1    1    1    1    1    1  5.47273E+13 0.00449 
   87   87    1    1    1    1    1    1    1    1  3.34237E+13 0.00355 
   88   88    1    1    1    1    1    1    1    1  2.25017E+13 0.00427 
   89   89    1    1    1    1    1    1    1    1  1.30675E+13 0.00660 
   90   90    1    1    1    1    1    1    1    1  8.66183E+12 0.00804 
   91   91    1    1    1    1    1    1    1    1  4.30387E+12 0.01143 
   92   92    1    1    1    1    1    1    1    1  2.05711E+12 0.01405 
   93   93    1    1    1    1    1    1    1    1  1.03396E+12 0.01795 
   94   94    1    1    1    1    1    1    1    1  4.86363E+11 0.04164 
   95   95    1    1    1    1    1    1    1    1  2.35716E+11 0.03878 
   96   96    1    1    1    1    1    1    1    1  1.06108E+11 0.07690 
   97   97    1    1    1    1    1    1    1    1  5.64181E+10 0.09589 
   98   98    1    1    1    1    1    1    1    1  2.62755E+10 0.12645 
   99   99    1    1    1    1    1    1    1    1  9.40331E+09 0.24878 
  100  100    1    1    1    1    1    1    1    1  8.00514E+09 0.27464 
];


