
DETdpaspec = [
    1    1    1    1    1    1    1    1    1    1  0.00000E+00 0.00000 
    2    2    1    1    1    1    1    1    1    1  0.00000E+00 0.00000 
    3    3    1    1    1    1    1    1    1    1  6.34524E+06 1.00000 
    4    4    1    1    1    1    1    1    1    1  7.72752E+06 1.00000 
    5    5    1    1    1    1    1    1    1    1  0.00000E+00 0.00000 
    6    6    1    1    1    1    1    1    1    1  7.28316E+06 1.00000 
    7    7    1    1    1    1    1    1    1    1  0.00000E+00 0.00000 
    8    8    1    1    1    1    1    1    1    1  0.00000E+00 0.00000 
    9    9    1    1    1    1    1    1    1    1  0.00000E+00 0.00000 
   10   10    1    1    1    1    1    1    1    1  4.49533E+07 1.00000 
   11   11    1    1    1    1    1    1    1    1  9.30099E+07 1.00000 
   12   12    1    1    1    1    1    1    1    1  5.91964E+07 0.54512 
   13   13    1    1    1    1    1    1    1    1  1.04886E+09 0.32054 
   14   14    1    1    1    1    1    1    1    1  3.68590E+09 0.34250 
   15   15    1    1    1    1    1    1    1    1  4.67331E+09 0.31485 
   16   16    1    1    1    1    1    1    1    1  2.57454E+09 0.24433 
   17   17    1    1    1    1    1    1    1    1  2.23723E+09 0.20880 
   18   18    1    1    1    1    1    1    1    1  9.28599E+09 0.17196 
   19   19    1    1    1    1    1    1    1    1  1.25190E+10 0.14448 
   20   20    1    1    1    1    1    1    1    1  4.68917E+10 0.07977 
   21   21    1    1    1    1    1    1    1    1  3.35743E+10 0.10306 
   22   22    1    1    1    1    1    1    1    1  8.43053E+10 0.06207 
   23   23    1    1    1    1    1    1    1    1  1.15858E+11 0.04708 
   24   24    1    1    1    1    1    1    1    1  1.88530E+11 0.04507 
   25   25    1    1    1    1    1    1    1    1  2.35876E+11 0.04975 
   26   26    1    1    1    1    1    1    1    1  4.14851E+11 0.03262 
   27   27    1    1    1    1    1    1    1    1  7.52675E+11 0.02924 
   28   28    1    1    1    1    1    1    1    1  1.48284E+12 0.01968 
   29   29    1    1    1    1    1    1    1    1  2.08612E+12 0.01346 
   30   30    1    1    1    1    1    1    1    1  6.06532E+12 0.00902 
   31   31    1    1    1    1    1    1    1    1  1.59445E+13 0.00536 
   32   32    1    1    1    1    1    1    1    1  2.62906E+13 0.00582 
   33   33    1    1    1    1    1    1    1    1  5.31448E+13 0.00322 
   34   34    1    1    1    1    1    1    1    1  6.46151E+13 0.00242 
   35   35    1    1    1    1    1    1    1    1  9.38972E+13 0.00277 
   36   36    1    1    1    1    1    1    1    1  6.98462E+13 0.00306 
   37   37    1    1    1    1    1    1    1    1  2.20722E+13 0.00272 
   38   38    1    1    1    1    1    1    1    1  1.11771E+14 0.00202 
   39   39    1    1    1    1    1    1    1    1  1.42855E+14 0.00235 
   40   40    1    1    1    1    1    1    1    1  2.36478E+14 0.00151 
   41   41    1    1    1    1    1    1    1    1  2.36191E+14 0.00133 
   42   42    1    1    1    1    1    1    1    1  4.49759E+14 0.00139 
   43   43    1    1    1    1    1    1    1    1  5.09274E+14 0.00143 
   44   44    1    1    1    1    1    1    1    1  6.82993E+14 0.00163 
   45   45    1    1    1    1    1    1    1    1  1.25534E+15 0.00126 
   46   46    1    1    1    1    1    1    1    1  6.23914E+14 0.00126 
   47   47    1    1    1    1    1    1    1    1  9.51850E+14 0.00113 
   48   48    1    1    1    1    1    1    1    1  1.31752E+15 0.00139 
   49   49    1    1    1    1    1    1    1    1  1.24727E+15 0.00126 
   50   50    1    1    1    1    1    1    1    1  1.89517E+15 0.00135 
   51   51    1    1    1    1    1    1    1    1  1.51531E+15 0.00145 
   52   52    1    1    1    1    1    1    1    1  1.72087E+15 0.00116 
   53   53    1    1    1    1    1    1    1    1  1.21494E+15 0.00104 
   54   54    1    1    1    1    1    1    1    1  1.45013E+15 0.00098 
   55   55    1    1    1    1    1    1    1    1  1.01658E+15 0.00135 
   56   56    1    1    1    1    1    1    1    1  1.39778E+14 0.00144 
   57   57    1    1    1    1    1    1    1    1  1.99565E+15 0.00167 
   58   58    1    1    1    1    1    1    1    1  8.59345E+14 0.00147 
   59   59    1    1    1    1    1    1    1    1  9.30494E+14 0.00143 
   60   60    1    1    1    1    1    1    1    1  7.14763E+14 0.00137 
   61   61    1    1    1    1    1    1    1    1  7.17535E+14 0.00155 
   62   62    1    1    1    1    1    1    1    1  7.28894E+14 0.00161 
   63   63    1    1    1    1    1    1    1    1  6.06253E+14 0.00139 
   64   64    1    1    1    1    1    1    1    1  4.78692E+14 0.00203 
   65   65    1    1    1    1    1    1    1    1  4.71998E+14 0.00209 
   66   66    1    1    1    1    1    1    1    1  3.56798E+14 0.00190 
   67   67    1    1    1    1    1    1    1    1  2.93176E+14 0.00198 
   68   68    1    1    1    1    1    1    1    1  2.62093E+14 0.00187 
   69   69    1    1    1    1    1    1    1    1  3.16567E+14 0.00205 
   70   70    1    1    1    1    1    1    1    1  2.70738E+14 0.00226 
   71   71    1    1    1    1    1    1    1    1  5.08147E+14 0.00152 
   72   72    1    1    1    1    1    1    1    1  3.65305E+14 0.00133 
   73   73    1    1    1    1    1    1    1    1  2.77365E+14 0.00171 
   74   74    1    1    1    1    1    1    1    1  2.19415E+14 0.00172 
   75   75    1    1    1    1    1    1    1    1  1.78343E+14 0.00178 
   76   76    1    1    1    1    1    1    1    1  2.02420E+14 0.00205 
   77   77    1    1    1    1    1    1    1    1  1.55404E+14 0.00281 
   78   78    1    1    1    1    1    1    1    1  1.20371E+14 0.00243 
   79   79    1    1    1    1    1    1    1    1  1.22739E+14 0.00237 
   80   80    1    1    1    1    1    1    1    1  9.09849E+13 0.00309 
   81   81    1    1    1    1    1    1    1    1  6.97839E+13 0.00245 
   82   82    1    1    1    1    1    1    1    1  5.34227E+13 0.00278 
   83   83    1    1    1    1    1    1    1    1  5.00227E+13 0.00386 
   84   84    1    1    1    1    1    1    1    1  3.60861E+13 0.00552 
   85   85    1    1    1    1    1    1    1    1  2.56289E+13 0.00476 
   86   86    1    1    1    1    1    1    1    1  2.42661E+13 0.00386 
   87   87    1    1    1    1    1    1    1    1  1.49310E+13 0.00478 
   88   88    1    1    1    1    1    1    1    1  1.02188E+13 0.00639 
   89   89    1    1    1    1    1    1    1    1  5.87340E+12 0.01404 
   90   90    1    1    1    1    1    1    1    1  3.94740E+12 0.01412 
   91   91    1    1    1    1    1    1    1    1  1.94803E+12 0.01541 
   92   92    1    1    1    1    1    1    1    1  9.43147E+11 0.02350 
   93   93    1    1    1    1    1    1    1    1  4.59253E+11 0.04132 
   94   94    1    1    1    1    1    1    1    1  2.16239E+11 0.04947 
   95   95    1    1    1    1    1    1    1    1  1.09427E+11 0.07305 
   96   96    1    1    1    1    1    1    1    1  5.44015E+10 0.08865 
   97   97    1    1    1    1    1    1    1    1  2.39213E+10 0.11535 
   98   98    1    1    1    1    1    1    1    1  8.94291E+09 0.26346 
   99   99    1    1    1    1    1    1    1    1  8.26062E+09 0.30356 
  100  100    1    1    1    1    1    1    1    1  2.39325E+09 0.44010 
];


