
DETdpaspec = [
    1    1    1    1    1    1    1    1    1    1  0.00000E+00 0.00000 
    2    2    1    1    1    1    1    1    1    1  0.00000E+00 0.00000 
    3    3    1    1    1    1    1    1    1    1  0.00000E+00 0.00000 
    4    4    1    1    1    1    1    1    1    1  0.00000E+00 0.00000 
    5    5    1    1    1    1    1    1    1    1  0.00000E+00 0.00000 
    6    6    1    1    1    1    1    1    1    1  0.00000E+00 0.00000 
    7    7    1    1    1    1    1    1    1    1  0.00000E+00 0.00000 
    8    8    1    1    1    1    1    1    1    1  0.00000E+00 0.00000 
    9    9    1    1    1    1    1    1    1    1  1.39016E+07 0.68940 
   10   10    1    1    1    1    1    1    1    1  9.24967E+07 0.72591 
   11   11    1    1    1    1    1    1    1    1  1.48809E+08 0.68860 
   12   12    1    1    1    1    1    1    1    1  7.08895E+07 0.46052 
   13   13    1    1    1    1    1    1    1    1  2.06703E+09 0.40548 
   14   14    1    1    1    1    1    1    1    1  2.35100E+09 0.39776 
   15   15    1    1    1    1    1    1    1    1  3.19118E+09 0.37233 
   16   16    1    1    1    1    1    1    1    1  1.80025E+09 0.31989 
   17   17    1    1    1    1    1    1    1    1  1.25390E+09 0.41114 
   18   18    1    1    1    1    1    1    1    1  7.80389E+09 0.23224 
   19   19    1    1    1    1    1    1    1    1  9.12745E+09 0.23302 
   20   20    1    1    1    1    1    1    1    1  3.05328E+10 0.11392 
   21   21    1    1    1    1    1    1    1    1  2.41290E+10 0.11329 
   22   22    1    1    1    1    1    1    1    1  5.73087E+10 0.05221 
   23   23    1    1    1    1    1    1    1    1  8.77629E+10 0.07441 
   24   24    1    1    1    1    1    1    1    1  1.51519E+11 0.04116 
   25   25    1    1    1    1    1    1    1    1  2.05480E+11 0.04600 
   26   26    1    1    1    1    1    1    1    1  3.77398E+11 0.04186 
   27   27    1    1    1    1    1    1    1    1  7.57968E+11 0.02751 
   28   28    1    1    1    1    1    1    1    1  1.66119E+12 0.01515 
   29   29    1    1    1    1    1    1    1    1  2.56326E+12 0.01396 
   30   30    1    1    1    1    1    1    1    1  6.92063E+12 0.01068 
   31   31    1    1    1    1    1    1    1    1  1.85695E+13 0.00522 
   32   32    1    1    1    1    1    1    1    1  3.09410E+13 0.00525 
   33   33    1    1    1    1    1    1    1    1  6.59325E+13 0.00404 
   34   34    1    1    1    1    1    1    1    1  8.36362E+13 0.00310 
   35   35    1    1    1    1    1    1    1    1  1.16211E+14 0.00232 
   36   36    1    1    1    1    1    1    1    1  8.56089E+13 0.00183 
   37   37    1    1    1    1    1    1    1    1  2.65939E+13 0.00202 
   38   38    1    1    1    1    1    1    1    1  1.38411E+14 0.00111 
   39   39    1    1    1    1    1    1    1    1  1.78271E+14 0.00162 
   40   40    1    1    1    1    1    1    1    1  3.01628E+14 0.00169 
   41   41    1    1    1    1    1    1    1    1  2.97979E+14 0.00178 
   42   42    1    1    1    1    1    1    1    1  5.81190E+14 0.00150 
   43   43    1    1    1    1    1    1    1    1  6.65679E+14 0.00130 
   44   44    1    1    1    1    1    1    1    1  9.03368E+14 0.00124 
   45   45    1    1    1    1    1    1    1    1  1.69821E+15 0.00116 
   46   46    1    1    1    1    1    1    1    1  8.46671E+14 0.00116 
   47   47    1    1    1    1    1    1    1    1  1.29092E+15 0.00099 
   48   48    1    1    1    1    1    1    1    1  1.80148E+15 0.00081 
   49   49    1    1    1    1    1    1    1    1  1.70245E+15 0.00075 
   50   50    1    1    1    1    1    1    1    1  2.64060E+15 0.00082 
   51   51    1    1    1    1    1    1    1    1  2.09802E+15 0.00098 
   52   52    1    1    1    1    1    1    1    1  2.42627E+15 0.00100 
   53   53    1    1    1    1    1    1    1    1  1.71439E+15 0.00109 
   54   54    1    1    1    1    1    1    1    1  2.08115E+15 0.00115 
   55   55    1    1    1    1    1    1    1    1  1.45804E+15 0.00104 
   56   56    1    1    1    1    1    1    1    1  2.00011E+14 0.00144 
   57   57    1    1    1    1    1    1    1    1  2.86526E+15 0.00090 
   58   58    1    1    1    1    1    1    1    1  1.26099E+15 0.00087 
   59   59    1    1    1    1    1    1    1    1  1.35938E+15 0.00098 
   60   60    1    1    1    1    1    1    1    1  1.06266E+15 0.00108 
   61   61    1    1    1    1    1    1    1    1  1.06388E+15 0.00113 
   62   62    1    1    1    1    1    1    1    1  1.08721E+15 0.00136 
   63   63    1    1    1    1    1    1    1    1  9.11022E+14 0.00116 
   64   64    1    1    1    1    1    1    1    1  7.22177E+14 0.00137 
   65   65    1    1    1    1    1    1    1    1  7.13086E+14 0.00152 
   66   66    1    1    1    1    1    1    1    1  5.41675E+14 0.00123 
   67   67    1    1    1    1    1    1    1    1  4.43928E+14 0.00132 
   68   68    1    1    1    1    1    1    1    1  3.95068E+14 0.00143 
   69   69    1    1    1    1    1    1    1    1  4.77224E+14 0.00154 
   70   70    1    1    1    1    1    1    1    1  4.08524E+14 0.00139 
   71   71    1    1    1    1    1    1    1    1  7.57817E+14 0.00145 
   72   72    1    1    1    1    1    1    1    1  5.43863E+14 0.00145 
   73   73    1    1    1    1    1    1    1    1  4.15651E+14 0.00185 
   74   74    1    1    1    1    1    1    1    1  3.32868E+14 0.00158 
   75   75    1    1    1    1    1    1    1    1  2.72608E+14 0.00181 
   76   76    1    1    1    1    1    1    1    1  3.12493E+14 0.00215 
   77   77    1    1    1    1    1    1    1    1  2.44140E+14 0.00251 
   78   78    1    1    1    1    1    1    1    1  1.90582E+14 0.00235 
   79   79    1    1    1    1    1    1    1    1  1.96191E+14 0.00270 
   80   80    1    1    1    1    1    1    1    1  1.45721E+14 0.00231 
   81   81    1    1    1    1    1    1    1    1  1.12044E+14 0.00365 
   82   82    1    1    1    1    1    1    1    1  8.61625E+13 0.00309 
   83   83    1    1    1    1    1    1    1    1  8.11252E+13 0.00309 
   84   84    1    1    1    1    1    1    1    1  5.79931E+13 0.00314 
   85   85    1    1    1    1    1    1    1    1  4.17401E+13 0.00525 
   86   86    1    1    1    1    1    1    1    1  3.93424E+13 0.00333 
   87   87    1    1    1    1    1    1    1    1  2.41006E+13 0.00379 
   88   88    1    1    1    1    1    1    1    1  1.63864E+13 0.00685 
   89   89    1    1    1    1    1    1    1    1  9.40289E+12 0.00667 
   90   90    1    1    1    1    1    1    1    1  6.39646E+12 0.00908 
   91   91    1    1    1    1    1    1    1    1  3.19560E+12 0.01721 
   92   92    1    1    1    1    1    1    1    1  1.51440E+12 0.01804 
   93   93    1    1    1    1    1    1    1    1  7.35077E+11 0.03666 
   94   94    1    1    1    1    1    1    1    1  3.64101E+11 0.03155 
   95   95    1    1    1    1    1    1    1    1  1.68736E+11 0.07079 
   96   96    1    1    1    1    1    1    1    1  8.12835E+10 0.08469 
   97   97    1    1    1    1    1    1    1    1  3.35045E+10 0.11604 
   98   98    1    1    1    1    1    1    1    1  1.20932E+10 0.21978 
   99   99    1    1    1    1    1    1    1    1  7.80540E+09 0.19644 
  100  100    1    1    1    1    1    1    1    1  8.48281E+09 0.30200 
];


