
DETdpaspec = [
    1    1    1    1    1    1    1    1    1    1  0.00000E+00 0.00000 
    2    2    1    1    1    1    1    1    1    1  0.00000E+00 0.00000 
    3    3    1    1    1    1    1    1    1    1  0.00000E+00 0.00000 
    4    4    1    1    1    1    1    1    1    1  0.00000E+00 0.00000 
    5    5    1    1    1    1    1    1    1    1  8.48904E+06 1.00000 
    6    6    1    1    1    1    1    1    1    1  1.50468E+07 0.68913 
    7    7    1    1    1    1    1    1    1    1  1.51703E+07 1.00000 
    8    8    1    1    1    1    1    1    1    1  0.00000E+00 0.00000 
    9    9    1    1    1    1    1    1    1    1  1.42724E+07 1.00000 
   10   10    1    1    1    1    1    1    1    1  4.30810E+07 1.00000 
   11   11    1    1    1    1    1    1    1    1  2.58653E+08 0.60161 
   12   12    1    1    1    1    1    1    1    1  7.30072E+07 0.48472 
   13   13    1    1    1    1    1    1    1    1  9.44703E+08 0.63449 
   14   14    1    1    1    1    1    1    1    1  3.40724E+09 0.34243 
   15   15    1    1    1    1    1    1    1    1  4.86516E+09 0.28273 
   16   16    1    1    1    1    1    1    1    1  1.52486E+09 0.19631 
   17   17    1    1    1    1    1    1    1    1  3.95391E+09 0.21344 
   18   18    1    1    1    1    1    1    1    1  1.06236E+10 0.13866 
   19   19    1    1    1    1    1    1    1    1  1.01924E+10 0.16555 
   20   20    1    1    1    1    1    1    1    1  3.74249E+10 0.11773 
   21   21    1    1    1    1    1    1    1    1  2.70265E+10 0.08966 
   22   22    1    1    1    1    1    1    1    1  7.38487E+10 0.08536 
   23   23    1    1    1    1    1    1    1    1  1.09411E+11 0.05731 
   24   24    1    1    1    1    1    1    1    1  1.71877E+11 0.05865 
   25   25    1    1    1    1    1    1    1    1  2.28081E+11 0.05400 
   26   26    1    1    1    1    1    1    1    1  3.79941E+11 0.02967 
   27   27    1    1    1    1    1    1    1    1  7.45282E+11 0.02406 
   28   28    1    1    1    1    1    1    1    1  1.53633E+12 0.01394 
   29   29    1    1    1    1    1    1    1    1  2.17556E+12 0.01444 
   30   30    1    1    1    1    1    1    1    1  6.05278E+12 0.00945 
   31   31    1    1    1    1    1    1    1    1  1.61827E+13 0.00679 
   32   32    1    1    1    1    1    1    1    1  2.68546E+13 0.00395 
   33   33    1    1    1    1    1    1    1    1  5.55903E+13 0.00337 
   34   34    1    1    1    1    1    1    1    1  6.86142E+13 0.00331 
   35   35    1    1    1    1    1    1    1    1  9.88164E+13 0.00189 
   36   36    1    1    1    1    1    1    1    1  7.34552E+13 0.00193 
   37   37    1    1    1    1    1    1    1    1  2.31011E+13 0.00147 
   38   38    1    1    1    1    1    1    1    1  1.17960E+14 0.00210 
   39   39    1    1    1    1    1    1    1    1  1.51382E+14 0.00206 
   40   40    1    1    1    1    1    1    1    1  2.51408E+14 0.00146 
   41   41    1    1    1    1    1    1    1    1  2.50679E+14 0.00159 
   42   42    1    1    1    1    1    1    1    1  4.80853E+14 0.00142 
   43   43    1    1    1    1    1    1    1    1  5.46956E+14 0.00148 
   44   44    1    1    1    1    1    1    1    1  7.38040E+14 0.00133 
   45   45    1    1    1    1    1    1    1    1  1.36390E+15 0.00098 
   46   46    1    1    1    1    1    1    1    1  6.79514E+14 0.00080 
   47   47    1    1    1    1    1    1    1    1  1.03753E+15 0.00130 
   48   48    1    1    1    1    1    1    1    1  1.43958E+15 0.00114 
   49   49    1    1    1    1    1    1    1    1  1.36308E+15 0.00132 
   50   50    1    1    1    1    1    1    1    1  2.08200E+15 0.00112 
   51   51    1    1    1    1    1    1    1    1  1.66317E+15 0.00141 
   52   52    1    1    1    1    1    1    1    1  1.90028E+15 0.00111 
   53   53    1    1    1    1    1    1    1    1  1.34123E+15 0.00132 
   54   54    1    1    1    1    1    1    1    1  1.60929E+15 0.00123 
   55   55    1    1    1    1    1    1    1    1  1.12598E+15 0.00129 
   56   56    1    1    1    1    1    1    1    1  1.55056E+14 0.00191 
   57   57    1    1    1    1    1    1    1    1  2.21287E+15 0.00106 
   58   58    1    1    1    1    1    1    1    1  9.58448E+14 0.00114 
   59   59    1    1    1    1    1    1    1    1  1.03739E+15 0.00122 
   60   60    1    1    1    1    1    1    1    1  7.99260E+14 0.00160 
   61   61    1    1    1    1    1    1    1    1  8.01119E+14 0.00169 
   62   62    1    1    1    1    1    1    1    1  8.15772E+14 0.00125 
   63   63    1    1    1    1    1    1    1    1  6.80424E+14 0.00114 
   64   64    1    1    1    1    1    1    1    1  5.37735E+14 0.00138 
   65   65    1    1    1    1    1    1    1    1  5.31041E+14 0.00177 
   66   66    1    1    1    1    1    1    1    1  4.01031E+14 0.00166 
   67   67    1    1    1    1    1    1    1    1  3.30148E+14 0.00194 
   68   68    1    1    1    1    1    1    1    1  2.94877E+14 0.00166 
   69   69    1    1    1    1    1    1    1    1  3.54977E+14 0.00197 
   70   70    1    1    1    1    1    1    1    1  3.04072E+14 0.00246 
   71   71    1    1    1    1    1    1    1    1  5.68336E+14 0.00189 
   72   72    1    1    1    1    1    1    1    1  4.08854E+14 0.00214 
   73   73    1    1    1    1    1    1    1    1  3.11080E+14 0.00223 
   74   74    1    1    1    1    1    1    1    1  2.46479E+14 0.00255 
   75   75    1    1    1    1    1    1    1    1  2.00814E+14 0.00300 
   76   76    1    1    1    1    1    1    1    1  2.27723E+14 0.00215 
   77   77    1    1    1    1    1    1    1    1  1.75872E+14 0.00236 
   78   78    1    1    1    1    1    1    1    1  1.36959E+14 0.00225 
   79   79    1    1    1    1    1    1    1    1  1.40531E+14 0.00181 
   80   80    1    1    1    1    1    1    1    1  1.03791E+14 0.00229 
   81   81    1    1    1    1    1    1    1    1  7.96799E+13 0.00314 
   82   82    1    1    1    1    1    1    1    1  6.15312E+13 0.00454 
   83   83    1    1    1    1    1    1    1    1  5.72095E+13 0.00376 
   84   84    1    1    1    1    1    1    1    1  4.10151E+13 0.00401 
   85   85    1    1    1    1    1    1    1    1  2.95460E+13 0.00424 
   86   86    1    1    1    1    1    1    1    1  2.78556E+13 0.00518 
   87   87    1    1    1    1    1    1    1    1  1.71477E+13 0.00553 
   88   88    1    1    1    1    1    1    1    1  1.16272E+13 0.00799 
   89   89    1    1    1    1    1    1    1    1  6.65409E+12 0.00713 
   90   90    1    1    1    1    1    1    1    1  4.45124E+12 0.00913 
   91   91    1    1    1    1    1    1    1    1  2.24195E+12 0.01716 
   92   92    1    1    1    1    1    1    1    1  1.08237E+12 0.01942 
   93   93    1    1    1    1    1    1    1    1  5.39505E+11 0.03457 
   94   94    1    1    1    1    1    1    1    1  2.64694E+11 0.05251 
   95   95    1    1    1    1    1    1    1    1  1.34833E+11 0.05834 
   96   96    1    1    1    1    1    1    1    1  5.92476E+10 0.07691 
   97   97    1    1    1    1    1    1    1    1  2.55678E+10 0.11092 
   98   98    1    1    1    1    1    1    1    1  9.75408E+09 0.15468 
   99   99    1    1    1    1    1    1    1    1  4.52390E+09 0.34226 
  100  100    1    1    1    1    1    1    1    1  5.92182E+09 0.26107 
];


