
DETdpaspec = [
    1    1    1    1    1    1    1    1    1    1  0.00000E+00 0.00000 
    2    2    1    1    1    1    1    1    1    1  0.00000E+00 0.00000 
    3    3    1    1    1    1    1    1    1    1  0.00000E+00 0.00000 
    4    4    1    1    1    1    1    1    1    1  0.00000E+00 0.00000 
    5    5    1    1    1    1    1    1    1    1  0.00000E+00 0.00000 
    6    6    1    1    1    1    1    1    1    1  0.00000E+00 0.00000 
    7    7    1    1    1    1    1    1    1    1  0.00000E+00 0.00000 
    8    8    1    1    1    1    1    1    1    1  2.97646E+07 1.00000 
    9    9    1    1    1    1    1    1    1    1  7.72863E+06 1.00000 
   10   10    1    1    1    1    1    1    1    1  3.94617E+07 1.00000 
   11   11    1    1    1    1    1    1    1    1  2.14712E+08 0.57500 
   12   12    1    1    1    1    1    1    1    1  2.29427E+06 1.00000 
   13   13    1    1    1    1    1    1    1    1  1.90792E+09 0.33542 
   14   14    1    1    1    1    1    1    1    1  3.20154E+09 0.39972 
   15   15    1    1    1    1    1    1    1    1  4.89391E+09 0.52698 
   16   16    1    1    1    1    1    1    1    1  1.73423E+09 0.38728 
   17   17    1    1    1    1    1    1    1    1  1.96209E+09 0.19304 
   18   18    1    1    1    1    1    1    1    1  6.49935E+09 0.25266 
   19   19    1    1    1    1    1    1    1    1  8.91503E+09 0.16824 
   20   20    1    1    1    1    1    1    1    1  2.95764E+10 0.14078 
   21   21    1    1    1    1    1    1    1    1  2.57879E+10 0.10608 
   22   22    1    1    1    1    1    1    1    1  5.89079E+10 0.09584 
   23   23    1    1    1    1    1    1    1    1  7.40048E+10 0.06337 
   24   24    1    1    1    1    1    1    1    1  1.39911E+11 0.05335 
   25   25    1    1    1    1    1    1    1    1  1.97687E+11 0.04957 
   26   26    1    1    1    1    1    1    1    1  3.68435E+11 0.04087 
   27   27    1    1    1    1    1    1    1    1  7.73318E+11 0.02629 
   28   28    1    1    1    1    1    1    1    1  1.80978E+12 0.01501 
   29   29    1    1    1    1    1    1    1    1  2.84287E+12 0.01592 
   30   30    1    1    1    1    1    1    1    1  7.45454E+12 0.00612 
   31   31    1    1    1    1    1    1    1    1  2.00463E+13 0.00462 
   32   32    1    1    1    1    1    1    1    1  3.35325E+13 0.00368 
   33   33    1    1    1    1    1    1    1    1  7.12731E+13 0.00334 
   34   34    1    1    1    1    1    1    1    1  9.09992E+13 0.00300 
   35   35    1    1    1    1    1    1    1    1  1.23792E+14 0.00230 
   36   36    1    1    1    1    1    1    1    1  9.04621E+13 0.00179 
   37   37    1    1    1    1    1    1    1    1  2.80594E+13 0.00195 
   38   38    1    1    1    1    1    1    1    1  1.46708E+14 0.00211 
   39   39    1    1    1    1    1    1    1    1  1.89149E+14 0.00174 
   40   40    1    1    1    1    1    1    1    1  3.21446E+14 0.00146 
   41   41    1    1    1    1    1    1    1    1  3.15916E+14 0.00118 
   42   42    1    1    1    1    1    1    1    1  6.19333E+14 0.00099 
   43   43    1    1    1    1    1    1    1    1  7.12420E+14 0.00097 
   44   44    1    1    1    1    1    1    1    1  9.70337E+14 0.00095 
   45   45    1    1    1    1    1    1    1    1  1.82855E+15 0.00094 
   46   46    1    1    1    1    1    1    1    1  9.11654E+14 0.00087 
   47   47    1    1    1    1    1    1    1    1  1.38845E+15 0.00078 
   48   48    1    1    1    1    1    1    1    1  1.94446E+15 0.00094 
   49   49    1    1    1    1    1    1    1    1  1.83676E+15 0.00090 
   50   50    1    1    1    1    1    1    1    1  2.85379E+15 0.00083 
   51   51    1    1    1    1    1    1    1    1  2.26228E+15 0.00077 
   52   52    1    1    1    1    1    1    1    1  2.63152E+15 0.00081 
   53   53    1    1    1    1    1    1    1    1  1.85768E+15 0.00087 
   54   54    1    1    1    1    1    1    1    1  2.26826E+15 0.00074 
   55   55    1    1    1    1    1    1    1    1  1.58718E+15 0.00077 
   56   56    1    1    1    1    1    1    1    1  2.17173E+14 0.00147 
   57   57    1    1    1    1    1    1    1    1  3.12150E+15 0.00072 
   58   58    1    1    1    1    1    1    1    1  1.38187E+15 0.00072 
   59   59    1    1    1    1    1    1    1    1  1.49056E+15 0.00085 
   60   60    1    1    1    1    1    1    1    1  1.17035E+15 0.00128 
   61   61    1    1    1    1    1    1    1    1  1.17035E+15 0.00073 
   62   62    1    1    1    1    1    1    1    1  1.19817E+15 0.00108 
   63   63    1    1    1    1    1    1    1    1  1.00620E+15 0.00129 
   64   64    1    1    1    1    1    1    1    1  7.95332E+14 0.00114 
   65   65    1    1    1    1    1    1    1    1  7.86760E+14 0.00128 
   66   66    1    1    1    1    1    1    1    1  5.97311E+14 0.00117 
   67   67    1    1    1    1    1    1    1    1  4.88835E+14 0.00114 
   68   68    1    1    1    1    1    1    1    1  4.35481E+14 0.00098 
   69   69    1    1    1    1    1    1    1    1  5.26743E+14 0.00153 
   70   70    1    1    1    1    1    1    1    1  4.50155E+14 0.00141 
   71   71    1    1    1    1    1    1    1    1  8.33259E+14 0.00127 
   72   72    1    1    1    1    1    1    1    1  5.98447E+14 0.00115 
   73   73    1    1    1    1    1    1    1    1  4.56120E+14 0.00137 
   74   74    1    1    1    1    1    1    1    1  3.67597E+14 0.00133 
   75   75    1    1    1    1    1    1    1    1  3.02577E+14 0.00137 
   76   76    1    1    1    1    1    1    1    1  3.47198E+14 0.00178 
   77   77    1    1    1    1    1    1    1    1  2.72380E+14 0.00140 
   78   78    1    1    1    1    1    1    1    1  2.13644E+14 0.00161 
   79   79    1    1    1    1    1    1    1    1  2.20645E+14 0.00256 
   80   80    1    1    1    1    1    1    1    1  1.63530E+14 0.00281 
   81   81    1    1    1    1    1    1    1    1  1.25999E+14 0.00196 
   82   82    1    1    1    1    1    1    1    1  9.68319E+13 0.00293 
   83   83    1    1    1    1    1    1    1    1  9.07762E+13 0.00231 
   84   84    1    1    1    1    1    1    1    1  6.50889E+13 0.00360 
   85   85    1    1    1    1    1    1    1    1  4.73105E+13 0.00353 
   86   86    1    1    1    1    1    1    1    1  4.39829E+13 0.00319 
   87   87    1    1    1    1    1    1    1    1  2.70406E+13 0.00427 
   88   88    1    1    1    1    1    1    1    1  1.82155E+13 0.00629 
   89   89    1    1    1    1    1    1    1    1  1.06011E+13 0.00788 
   90   90    1    1    1    1    1    1    1    1  7.00712E+12 0.00903 
   91   91    1    1    1    1    1    1    1    1  3.50500E+12 0.00997 
   92   92    1    1    1    1    1    1    1    1  1.65626E+12 0.02016 
   93   93    1    1    1    1    1    1    1    1  7.59805E+11 0.02889 
   94   94    1    1    1    1    1    1    1    1  3.96029E+11 0.03164 
   95   95    1    1    1    1    1    1    1    1  1.78203E+11 0.06338 
   96   96    1    1    1    1    1    1    1    1  9.56009E+10 0.09229 
   97   97    1    1    1    1    1    1    1    1  4.97456E+10 0.08936 
   98   98    1    1    1    1    1    1    1    1  1.84031E+10 0.14968 
   99   99    1    1    1    1    1    1    1    1  1.02217E+10 0.21671 
  100  100    1    1    1    1    1    1    1    1  9.93041E+09 0.30763 
];


