
DETdpaspec = [
    1    1    1    1    1    1    1    1    1    1  0.00000E+00 0.00000 
    2    2    1    1    1    1    1    1    1    1  0.00000E+00 0.00000 
    3    3    1    1    1    1    1    1    1    1  0.00000E+00 0.00000 
    4    4    1    1    1    1    1    1    1    1  1.22906E+07 1.00000 
    5    5    1    1    1    1    1    1    1    1  0.00000E+00 0.00000 
    6    6    1    1    1    1    1    1    1    1  3.35779E+07 0.54672 
    7    7    1    1    1    1    1    1    1    1  0.00000E+00 0.00000 
    8    8    1    1    1    1    1    1    1    1  0.00000E+00 0.00000 
    9    9    1    1    1    1    1    1    1    1  0.00000E+00 0.00000 
   10   10    1    1    1    1    1    1    1    1  3.76231E+07 1.00000 
   11   11    1    1    1    1    1    1    1    1  4.72794E+07 1.00000 
   12   12    1    1    1    1    1    1    1    1  0.00000E+00 0.00000 
   13   13    1    1    1    1    1    1    1    1  1.98403E+09 0.35894 
   14   14    1    1    1    1    1    1    1    1  1.45940E+09 0.49830 
   15   15    1    1    1    1    1    1    1    1  2.14125E+09 0.40625 
   16   16    1    1    1    1    1    1    1    1  1.06292E+09 0.33045 
   17   17    1    1    1    1    1    1    1    1  2.37813E+09 0.28267 
   18   18    1    1    1    1    1    1    1    1  5.66047E+09 0.21125 
   19   19    1    1    1    1    1    1    1    1  6.76518E+09 0.17564 
   20   20    1    1    1    1    1    1    1    1  2.88818E+10 0.11658 
   21   21    1    1    1    1    1    1    1    1  1.97365E+10 0.13521 
   22   22    1    1    1    1    1    1    1    1  5.44963E+10 0.08512 
   23   23    1    1    1    1    1    1    1    1  8.31277E+10 0.07786 
   24   24    1    1    1    1    1    1    1    1  1.34379E+11 0.05082 
   25   25    1    1    1    1    1    1    1    1  1.98558E+11 0.03624 
   26   26    1    1    1    1    1    1    1    1  4.17998E+11 0.02105 
   27   27    1    1    1    1    1    1    1    1  8.76605E+11 0.02429 
   28   28    1    1    1    1    1    1    1    1  2.24862E+12 0.01779 
   29   29    1    1    1    1    1    1    1    1  3.68350E+12 0.01332 
   30   30    1    1    1    1    1    1    1    1  9.16811E+12 0.00808 
   31   31    1    1    1    1    1    1    1    1  2.42113E+13 0.00768 
   32   32    1    1    1    1    1    1    1    1  3.94933E+13 0.00516 
   33   33    1    1    1    1    1    1    1    1  8.46147E+13 0.00332 
   34   34    1    1    1    1    1    1    1    1  1.09153E+14 0.00298 
   35   35    1    1    1    1    1    1    1    1  1.42112E+14 0.00217 
   36   36    1    1    1    1    1    1    1    1  1.02281E+14 0.00219 
   37   37    1    1    1    1    1    1    1    1  3.12720E+13 0.00248 
   38   38    1    1    1    1    1    1    1    1  1.65230E+14 0.00161 
   39   39    1    1    1    1    1    1    1    1  2.12981E+14 0.00124 
   40   40    1    1    1    1    1    1    1    1  3.64228E+14 0.00132 
   41   41    1    1    1    1    1    1    1    1  3.53291E+14 0.00120 
   42   42    1    1    1    1    1    1    1    1  6.98534E+14 0.00110 
   43   43    1    1    1    1    1    1    1    1  8.01992E+14 0.00082 
   44   44    1    1    1    1    1    1    1    1  1.09062E+15 0.00075 
   45   45    1    1    1    1    1    1    1    1  2.06825E+15 0.00070 
   46   46    1    1    1    1    1    1    1    1  1.02846E+15 0.00088 
   47   47    1    1    1    1    1    1    1    1  1.55917E+15 0.00081 
   48   48    1    1    1    1    1    1    1    1  2.18404E+15 0.00070 
   49   49    1    1    1    1    1    1    1    1  2.05722E+15 0.00082 
   50   50    1    1    1    1    1    1    1    1  3.22288E+15 0.00078 
   51   51    1    1    1    1    1    1    1    1  2.53904E+15 0.00072 
   52   52    1    1    1    1    1    1    1    1  2.98052E+15 0.00065 
   53   53    1    1    1    1    1    1    1    1  2.09951E+15 0.00059 
   54   54    1    1    1    1    1    1    1    1  2.58526E+15 0.00064 
   55   55    1    1    1    1    1    1    1    1  1.80671E+15 0.00064 
   56   56    1    1    1    1    1    1    1    1  2.47195E+14 0.00106 
   57   57    1    1    1    1    1    1    1    1  3.55576E+15 0.00071 
   58   58    1    1    1    1    1    1    1    1  1.58913E+15 0.00088 
   59   59    1    1    1    1    1    1    1    1  1.71079E+15 0.00087 
   60   60    1    1    1    1    1    1    1    1  1.35360E+15 0.00061 
   61   61    1    1    1    1    1    1    1    1  1.35227E+15 0.00048 
   62   62    1    1    1    1    1    1    1    1  1.38574E+15 0.00080 
   63   63    1    1    1    1    1    1    1    1  1.16401E+15 0.00090 
   64   64    1    1    1    1    1    1    1    1  9.23495E+14 0.00088 
   65   65    1    1    1    1    1    1    1    1  9.14027E+14 0.00083 
   66   66    1    1    1    1    1    1    1    1  6.93431E+14 0.00094 
   67   67    1    1    1    1    1    1    1    1  5.67111E+14 0.00114 
   68   68    1    1    1    1    1    1    1    1  5.05144E+14 0.00118 
   69   69    1    1    1    1    1    1    1    1  6.10331E+14 0.00131 
   70   70    1    1    1    1    1    1    1    1  5.21577E+14 0.00110 
   71   71    1    1    1    1    1    1    1    1  9.57834E+14 0.00111 
   72   72    1    1    1    1    1    1    1    1  6.87023E+14 0.00093 
   73   73    1    1    1    1    1    1    1    1  5.23876E+14 0.00136 
   74   74    1    1    1    1    1    1    1    1  4.23779E+14 0.00135 
   75   75    1    1    1    1    1    1    1    1  3.52399E+14 0.00152 
   76   76    1    1    1    1    1    1    1    1  4.07436E+14 0.00141 
   77   77    1    1    1    1    1    1    1    1  3.20980E+14 0.00126 
   78   78    1    1    1    1    1    1    1    1  2.53453E+14 0.00164 
   79   79    1    1    1    1    1    1    1    1  2.61960E+14 0.00178 
   80   80    1    1    1    1    1    1    1    1  1.94690E+14 0.00203 
   81   81    1    1    1    1    1    1    1    1  1.49938E+14 0.00284 
   82   82    1    1    1    1    1    1    1    1  1.16018E+14 0.00209 
   83   83    1    1    1    1    1    1    1    1  1.08386E+14 0.00188 
   84   84    1    1    1    1    1    1    1    1  7.76071E+13 0.00238 
   85   85    1    1    1    1    1    1    1    1  5.63598E+13 0.00283 
   86   86    1    1    1    1    1    1    1    1  5.27220E+13 0.00280 
   87   87    1    1    1    1    1    1    1    1  3.25005E+13 0.00485 
   88   88    1    1    1    1    1    1    1    1  2.20028E+13 0.00432 
   89   89    1    1    1    1    1    1    1    1  1.25195E+13 0.00848 
   90   90    1    1    1    1    1    1    1    1  8.31819E+12 0.00746 
   91   91    1    1    1    1    1    1    1    1  4.17906E+12 0.01157 
   92   92    1    1    1    1    1    1    1    1  2.02300E+12 0.01695 
   93   93    1    1    1    1    1    1    1    1  9.54526E+11 0.01484 
   94   94    1    1    1    1    1    1    1    1  4.80769E+11 0.02825 
   95   95    1    1    1    1    1    1    1    1  2.32988E+11 0.05069 
   96   96    1    1    1    1    1    1    1    1  1.13313E+11 0.08473 
   97   97    1    1    1    1    1    1    1    1  4.90944E+10 0.10186 
   98   98    1    1    1    1    1    1    1    1  2.18373E+10 0.17079 
   99   99    1    1    1    1    1    1    1    1  1.27674E+10 0.26199 
  100  100    1    1    1    1    1    1    1    1  1.15172E+10 0.25387 
];


