
DETdpaspec = [
    1    1    1    1    1    1    1    1    1    1  0.00000E+00 0.00000 
    2    2    1    1    1    1    1    1    1    1  0.00000E+00 0.00000 
    3    3    1    1    1    1    1    1    1    1  0.00000E+00 0.00000 
    4    4    1    1    1    1    1    1    1    1  7.46106E+06 1.00000 
    5    5    1    1    1    1    1    1    1    1  0.00000E+00 0.00000 
    6    6    1    1    1    1    1    1    1    1  0.00000E+00 0.00000 
    7    7    1    1    1    1    1    1    1    1  0.00000E+00 0.00000 
    8    8    1    1    1    1    1    1    1    1  0.00000E+00 0.00000 
    9    9    1    1    1    1    1    1    1    1  0.00000E+00 0.00000 
   10   10    1    1    1    1    1    1    1    1  0.00000E+00 0.00000 
   11   11    1    1    1    1    1    1    1    1  8.58350E+07 0.68832 
   12   12    1    1    1    1    1    1    1    1  5.06217E+07 0.54825 
   13   13    1    1    1    1    1    1    1    1  2.42316E+09 0.26686 
   14   14    1    1    1    1    1    1    1    1  3.70929E+09 0.34066 
   15   15    1    1    1    1    1    1    1    1  2.90918E+09 0.32677 
   16   16    1    1    1    1    1    1    1    1  1.49689E+09 0.26075 
   17   17    1    1    1    1    1    1    1    1  3.16192E+09 0.17534 
   18   18    1    1    1    1    1    1    1    1  1.09677E+10 0.22181 
   19   19    1    1    1    1    1    1    1    1  1.21393E+10 0.09982 
   20   20    1    1    1    1    1    1    1    1  3.11274E+10 0.10659 
   21   21    1    1    1    1    1    1    1    1  2.82243E+10 0.08902 
   22   22    1    1    1    1    1    1    1    1  6.90084E+10 0.08368 
   23   23    1    1    1    1    1    1    1    1  9.68929E+10 0.06283 
   24   24    1    1    1    1    1    1    1    1  1.55073E+11 0.04404 
   25   25    1    1    1    1    1    1    1    1  2.04876E+11 0.04357 
   26   26    1    1    1    1    1    1    1    1  3.56208E+11 0.03838 
   27   27    1    1    1    1    1    1    1    1  7.00441E+11 0.02697 
   28   28    1    1    1    1    1    1    1    1  1.52318E+12 0.01207 
   29   29    1    1    1    1    1    1    1    1  2.18298E+12 0.01491 
   30   30    1    1    1    1    1    1    1    1  6.27691E+12 0.00766 
   31   31    1    1    1    1    1    1    1    1  1.64753E+13 0.00560 
   32   32    1    1    1    1    1    1    1    1  2.74498E+13 0.00438 
   33   33    1    1    1    1    1    1    1    1  5.75066E+13 0.00347 
   34   34    1    1    1    1    1    1    1    1  7.14691E+13 0.00239 
   35   35    1    1    1    1    1    1    1    1  1.02073E+14 0.00223 
   36   36    1    1    1    1    1    1    1    1  7.54983E+13 0.00215 
   37   37    1    1    1    1    1    1    1    1  2.37719E+13 0.00245 
   38   38    1    1    1    1    1    1    1    1  1.21882E+14 0.00197 
   39   39    1    1    1    1    1    1    1    1  1.56737E+14 0.00191 
   40   40    1    1    1    1    1    1    1    1  2.61283E+14 0.00196 
   41   41    1    1    1    1    1    1    1    1  2.60501E+14 0.00153 
   42   42    1    1    1    1    1    1    1    1  5.01943E+14 0.00163 
   43   43    1    1    1    1    1    1    1    1  5.71552E+14 0.00158 
   44   44    1    1    1    1    1    1    1    1  7.70838E+14 0.00127 
   45   45    1    1    1    1    1    1    1    1  1.43462E+15 0.00150 
   46   46    1    1    1    1    1    1    1    1  7.14617E+14 0.00145 
   47   47    1    1    1    1    1    1    1    1  1.08942E+15 0.00126 
   48   48    1    1    1    1    1    1    1    1  1.51449E+15 0.00130 
   49   49    1    1    1    1    1    1    1    1  1.43304E+15 0.00121 
   50   50    1    1    1    1    1    1    1    1  2.19528E+15 0.00119 
   51   51    1    1    1    1    1    1    1    1  1.74970E+15 0.00130 
   52   52    1    1    1    1    1    1    1    1  2.00496E+15 0.00136 
   53   53    1    1    1    1    1    1    1    1  1.41470E+15 0.00123 
   54   54    1    1    1    1    1    1    1    1  1.70258E+15 0.00111 
   55   55    1    1    1    1    1    1    1    1  1.19336E+15 0.00146 
   56   56    1    1    1    1    1    1    1    1  1.64322E+14 0.00181 
   57   57    1    1    1    1    1    1    1    1  2.34483E+15 0.00120 
   58   58    1    1    1    1    1    1    1    1  1.01609E+15 0.00122 
   59   59    1    1    1    1    1    1    1    1  1.10003E+15 0.00120 
   60   60    1    1    1    1    1    1    1    1  8.51332E+14 0.00131 
   61   61    1    1    1    1    1    1    1    1  8.52999E+14 0.00155 
   62   62    1    1    1    1    1    1    1    1  8.69279E+14 0.00155 
   63   63    1    1    1    1    1    1    1    1  7.25144E+14 0.00155 
   64   64    1    1    1    1    1    1    1    1  5.74484E+14 0.00180 
   65   65    1    1    1    1    1    1    1    1  5.66755E+14 0.00182 
   66   66    1    1    1    1    1    1    1    1  4.28569E+14 0.00195 
   67   67    1    1    1    1    1    1    1    1  3.52710E+14 0.00196 
   68   68    1    1    1    1    1    1    1    1  3.14717E+14 0.00177 
   69   69    1    1    1    1    1    1    1    1  3.79578E+14 0.00199 
   70   70    1    1    1    1    1    1    1    1  3.24984E+14 0.00220 
   71   71    1    1    1    1    1    1    1    1  6.06816E+14 0.00154 
   72   72    1    1    1    1    1    1    1    1  4.36304E+14 0.00181 
   73   73    1    1    1    1    1    1    1    1  3.30951E+14 0.00193 
   74   74    1    1    1    1    1    1    1    1  2.63726E+14 0.00203 
   75   75    1    1    1    1    1    1    1    1  2.14875E+14 0.00208 
   76   76    1    1    1    1    1    1    1    1  2.44868E+14 0.00227 
   77   77    1    1    1    1    1    1    1    1  1.89673E+14 0.00244 
   78   78    1    1    1    1    1    1    1    1  1.47871E+14 0.00247 
   79   79    1    1    1    1    1    1    1    1  1.51483E+14 0.00251 
   80   80    1    1    1    1    1    1    1    1  1.11804E+14 0.00276 
   81   81    1    1    1    1    1    1    1    1  8.54384E+13 0.00282 
   82   82    1    1    1    1    1    1    1    1  6.59557E+13 0.00262 
   83   83    1    1    1    1    1    1    1    1  6.16626E+13 0.00320 
   84   84    1    1    1    1    1    1    1    1  4.44194E+13 0.00423 
   85   85    1    1    1    1    1    1    1    1  3.20900E+13 0.00332 
   86   86    1    1    1    1    1    1    1    1  3.00036E+13 0.00497 
   87   87    1    1    1    1    1    1    1    1  1.85950E+13 0.00648 
   88   88    1    1    1    1    1    1    1    1  1.25596E+13 0.00722 
   89   89    1    1    1    1    1    1    1    1  7.21203E+12 0.01010 
   90   90    1    1    1    1    1    1    1    1  4.84704E+12 0.01029 
   91   91    1    1    1    1    1    1    1    1  2.40942E+12 0.01440 
   92   92    1    1    1    1    1    1    1    1  1.19271E+12 0.02092 
   93   93    1    1    1    1    1    1    1    1  5.71200E+11 0.03299 
   94   94    1    1    1    1    1    1    1    1  2.83393E+11 0.04362 
   95   95    1    1    1    1    1    1    1    1  1.20237E+11 0.05329 
   96   96    1    1    1    1    1    1    1    1  6.73064E+10 0.05626 
   97   97    1    1    1    1    1    1    1    1  3.66193E+10 0.14369 
   98   98    1    1    1    1    1    1    1    1  1.38243E+10 0.24710 
   99   99    1    1    1    1    1    1    1    1  5.59056E+09 0.27328 
  100  100    1    1    1    1    1    1    1    1  4.31655E+09 0.42112 
];


