
DETdpaspec = [
    1    1    1    1    1    1    1    1    1    1  0.00000E+00 0.00000 
    2    2    1    1    1    1    1    1    1    1  0.00000E+00 0.00000 
    3    3    1    1    1    1    1    1    1    1  0.00000E+00 0.00000 
    4    4    1    1    1    1    1    1    1    1  0.00000E+00 0.00000 
    5    5    1    1    1    1    1    1    1    1  0.00000E+00 0.00000 
    6    6    1    1    1    1    1    1    1    1  0.00000E+00 0.00000 
    7    7    1    1    1    1    1    1    1    1  0.00000E+00 0.00000 
    8    8    1    1    1    1    1    1    1    1  2.79250E+07 0.69952 
    9    9    1    1    1    1    1    1    1    1  9.60411E+06 1.00000 
   10   10    1    1    1    1    1    1    1    1  0.00000E+00 0.00000 
   11   11    1    1    1    1    1    1    1    1  1.14626E+08 0.71601 
   12   12    1    1    1    1    1    1    1    1  5.94678E+07 0.50416 
   13   13    1    1    1    1    1    1    1    1  1.56828E+09 0.37530 
   14   14    1    1    1    1    1    1    1    1  3.05525E+09 0.29540 
   15   15    1    1    1    1    1    1    1    1  3.60238E+09 0.28339 
   16   16    1    1    1    1    1    1    1    1  2.57072E+09 0.30974 
   17   17    1    1    1    1    1    1    1    1  2.11855E+09 0.25846 
   18   18    1    1    1    1    1    1    1    1  7.21744E+09 0.23826 
   19   19    1    1    1    1    1    1    1    1  1.14193E+10 0.14754 
   20   20    1    1    1    1    1    1    1    1  3.04145E+10 0.10844 
   21   21    1    1    1    1    1    1    1    1  2.33116E+10 0.10016 
   22   22    1    1    1    1    1    1    1    1  6.36172E+10 0.07223 
   23   23    1    1    1    1    1    1    1    1  9.74764E+10 0.05150 
   24   24    1    1    1    1    1    1    1    1  1.64714E+11 0.04424 
   25   25    1    1    1    1    1    1    1    1  2.27399E+11 0.05399 
   26   26    1    1    1    1    1    1    1    1  3.91020E+11 0.03863 
   27   27    1    1    1    1    1    1    1    1  7.62812E+11 0.02079 
   28   28    1    1    1    1    1    1    1    1  1.57163E+12 0.01580 
   29   29    1    1    1    1    1    1    1    1  2.35492E+12 0.01167 
   30   30    1    1    1    1    1    1    1    1  6.54475E+12 0.01002 
   31   31    1    1    1    1    1    1    1    1  1.74577E+13 0.00665 
   32   32    1    1    1    1    1    1    1    1  2.86935E+13 0.00463 
   33   33    1    1    1    1    1    1    1    1  6.09374E+13 0.00329 
   34   34    1    1    1    1    1    1    1    1  7.66006E+13 0.00348 
   35   35    1    1    1    1    1    1    1    1  1.08024E+14 0.00284 
   36   36    1    1    1    1    1    1    1    1  7.98423E+13 0.00285 
   37   37    1    1    1    1    1    1    1    1  2.50801E+13 0.00268 
   38   38    1    1    1    1    1    1    1    1  1.29053E+14 0.00238 
   39   39    1    1    1    1    1    1    1    1  1.66263E+14 0.00253 
   40   40    1    1    1    1    1    1    1    1  2.79650E+14 0.00221 
   41   41    1    1    1    1    1    1    1    1  2.77478E+14 0.00195 
   42   42    1    1    1    1    1    1    1    1  5.38609E+14 0.00173 
   43   43    1    1    1    1    1    1    1    1  6.15675E+14 0.00171 
   44   44    1    1    1    1    1    1    1    1  8.32674E+14 0.00142 
   45   45    1    1    1    1    1    1    1    1  1.55633E+15 0.00121 
   46   46    1    1    1    1    1    1    1    1  7.76362E+14 0.00103 
   47   47    1    1    1    1    1    1    1    1  1.18535E+15 0.00105 
   48   48    1    1    1    1    1    1    1    1  1.65050E+15 0.00086 
   49   49    1    1    1    1    1    1    1    1  1.56239E+15 0.00104 
   50   50    1    1    1    1    1    1    1    1  2.40405E+15 0.00095 
   51   51    1    1    1    1    1    1    1    1  1.91534E+15 0.00095 
   52   52    1    1    1    1    1    1    1    1  2.20272E+15 0.00067 
   53   53    1    1    1    1    1    1    1    1  1.55478E+15 0.00096 
   54   54    1    1    1    1    1    1    1    1  1.87936E+15 0.00090 
   55   55    1    1    1    1    1    1    1    1  1.31638E+15 0.00096 
   56   56    1    1    1    1    1    1    1    1  1.80881E+14 0.00161 
   57   57    1    1    1    1    1    1    1    1  2.58656E+15 0.00103 
   58   58    1    1    1    1    1    1    1    1  1.12959E+15 0.00114 
   59   59    1    1    1    1    1    1    1    1  1.22095E+15 0.00111 
   60   60    1    1    1    1    1    1    1    1  9.49890E+14 0.00124 
   61   61    1    1    1    1    1    1    1    1  9.51335E+14 0.00125 
   62   62    1    1    1    1    1    1    1    1  9.71780E+14 0.00130 
   63   63    1    1    1    1    1    1    1    1  8.12112E+14 0.00127 
   64   64    1    1    1    1    1    1    1    1  6.43095E+14 0.00156 
   65   65    1    1    1    1    1    1    1    1  6.34939E+14 0.00138 
   66   66    1    1    1    1    1    1    1    1  4.80719E+14 0.00121 
   67   67    1    1    1    1    1    1    1    1  3.94580E+14 0.00122 
   68   68    1    1    1    1    1    1    1    1  3.51730E+14 0.00115 
   69   69    1    1    1    1    1    1    1    1  4.25437E+14 0.00141 
   70   70    1    1    1    1    1    1    1    1  3.63326E+14 0.00168 
   71   71    1    1    1    1    1    1    1    1  6.76768E+14 0.00135 
   72   72    1    1    1    1    1    1    1    1  4.87364E+14 0.00111 
   73   73    1    1    1    1    1    1    1    1  3.69181E+14 0.00195 
   74   74    1    1    1    1    1    1    1    1  2.95567E+14 0.00161 
   75   75    1    1    1    1    1    1    1    1  2.42244E+14 0.00182 
   76   76    1    1    1    1    1    1    1    1  2.76872E+14 0.00157 
   77   77    1    1    1    1    1    1    1    1  2.15474E+14 0.00174 
   78   78    1    1    1    1    1    1    1    1  1.67808E+14 0.00181 
   79   79    1    1    1    1    1    1    1    1  1.72019E+14 0.00168 
   80   80    1    1    1    1    1    1    1    1  1.27452E+14 0.00285 
   81   81    1    1    1    1    1    1    1    1  9.79550E+13 0.00260 
   82   82    1    1    1    1    1    1    1    1  7.53755E+13 0.00206 
   83   83    1    1    1    1    1    1    1    1  7.03621E+13 0.00296 
   84   84    1    1    1    1    1    1    1    1  5.06495E+13 0.00372 
   85   85    1    1    1    1    1    1    1    1  3.63612E+13 0.00392 
   86   86    1    1    1    1    1    1    1    1  3.39729E+13 0.00469 
   87   87    1    1    1    1    1    1    1    1  2.10400E+13 0.00659 
   88   88    1    1    1    1    1    1    1    1  1.42534E+13 0.00466 
   89   89    1    1    1    1    1    1    1    1  8.24735E+12 0.00928 
   90   90    1    1    1    1    1    1    1    1  5.58388E+12 0.01239 
   91   91    1    1    1    1    1    1    1    1  2.74147E+12 0.01406 
   92   92    1    1    1    1    1    1    1    1  1.33694E+12 0.02179 
   93   93    1    1    1    1    1    1    1    1  6.49830E+11 0.02527 
   94   94    1    1    1    1    1    1    1    1  3.34373E+11 0.03752 
   95   95    1    1    1    1    1    1    1    1  1.58989E+11 0.06133 
   96   96    1    1    1    1    1    1    1    1  7.91959E+10 0.09707 
   97   97    1    1    1    1    1    1    1    1  3.77248E+10 0.14136 
   98   98    1    1    1    1    1    1    1    1  2.00077E+10 0.17106 
   99   99    1    1    1    1    1    1    1    1  6.19046E+09 0.27081 
  100  100    1    1    1    1    1    1    1    1  8.61070E+09 0.28404 
];


