
DETdpaspec = [
    1    1    1    1    1    1    1    1    1    1  0.00000E+00 0.00000 
    2    2    1    1    1    1    1    1    1    1  0.00000E+00 0.00000 
    3    3    1    1    1    1    1    1    1    1  0.00000E+00 0.00000 
    4    4    1    1    1    1    1    1    1    1  0.00000E+00 0.00000 
    5    5    1    1    1    1    1    1    1    1  0.00000E+00 0.00000 
    6    6    1    1    1    1    1    1    1    1  0.00000E+00 0.00000 
    7    7    1    1    1    1    1    1    1    1  0.00000E+00 0.00000 
    8    8    1    1    1    1    1    1    1    1  0.00000E+00 0.00000 
    9    9    1    1    1    1    1    1    1    1  6.06989E+07 1.00000 
   10   10    1    1    1    1    1    1    1    1  7.10638E+07 1.00000 
   11   11    1    1    1    1    1    1    1    1  3.21571E+08 1.00000 
   12   12    1    1    1    1    1    1    1    1  3.94974E+08 0.48702 
   13   13    1    1    1    1    1    1    1    1  1.40788E+09 0.53657 
   14   14    1    1    1    1    1    1    1    1  2.30813E+09 0.69901 
   15   15    1    1    1    1    1    1    1    1  1.50934E+09 0.46071 
   16   16    1    1    1    1    1    1    1    1  8.71822E+08 0.79995 
   17   17    1    1    1    1    1    1    1    1  9.66936E+08 0.68825 
   18   18    1    1    1    1    1    1    1    1  4.02495E+09 0.34196 
   19   19    1    1    1    1    1    1    1    1  7.53765E+09 0.21741 
   20   20    1    1    1    1    1    1    1    1  1.65343E+10 0.19016 
   21   21    1    1    1    1    1    1    1    1  2.63761E+10 0.15327 
   22   22    1    1    1    1    1    1    1    1  1.30421E+11 0.07578 
   23   23    1    1    1    1    1    1    1    1  5.25424E+11 0.03369 
   24   24    1    1    1    1    1    1    1    1  1.51078E+12 0.02197 
   25   25    1    1    1    1    1    1    1    1  2.38580E+12 0.01457 
   26   26    1    1    1    1    1    1    1    1  4.61688E+12 0.00878 
   27   27    1    1    1    1    1    1    1    1  8.58357E+12 0.00806 
   28   28    1    1    1    1    1    1    1    1  1.63666E+13 0.00591 
   29   29    1    1    1    1    1    1    1    1  2.41290E+13 0.00538 
   30   30    1    1    1    1    1    1    1    1  4.34870E+13 0.00351 
   31   31    1    1    1    1    1    1    1    1  8.40677E+13 0.00263 
   32   32    1    1    1    1    1    1    1    1  1.14142E+14 0.00255 
   33   33    1    1    1    1    1    1    1    1  2.08779E+14 0.00131 
   34   34    1    1    1    1    1    1    1    1  2.48601E+14 0.00139 
   35   35    1    1    1    1    1    1    1    1  2.67079E+14 0.00123 
   36   36    1    1    1    1    1    1    1    1  1.72737E+14 0.00119 
   37   37    1    1    1    1    1    1    1    1  5.04902E+13 0.00123 
   38   38    1    1    1    1    1    1    1    1  2.69571E+14 0.00116 
   39   39    1    1    1    1    1    1    1    1  3.38667E+14 0.00108 
   40   40    1    1    1    1    1    1    1    1  5.68808E+14 0.00109 
   41   41    1    1    1    1    1    1    1    1  5.23801E+14 0.00100 
   42   42    1    1    1    1    1    1    1    1  1.02842E+15 0.00091 
   43   43    1    1    1    1    1    1    1    1  1.15335E+15 0.00075 
   44   44    1    1    1    1    1    1    1    1  1.52941E+15 0.00059 
   45   45    1    1    1    1    1    1    1    1  2.82785E+15 0.00057 
   46   46    1    1    1    1    1    1    1    1  1.35648E+15 0.00056 
   47   47    1    1    1    1    1    1    1    1  2.00988E+15 0.00059 
   48   48    1    1    1    1    1    1    1    1  2.76008E+15 0.00051 
   49   49    1    1    1    1    1    1    1    1  2.53486E+15 0.00055 
   50   50    1    1    1    1    1    1    1    1  3.95076E+15 0.00049 
   51   51    1    1    1    1    1    1    1    1  3.01132E+15 0.00057 
   52   52    1    1    1    1    1    1    1    1  3.53881E+15 0.00071 
   53   53    1    1    1    1    1    1    1    1  2.44860E+15 0.00063 
   54   54    1    1    1    1    1    1    1    1  3.03242E+15 0.00061 
   55   55    1    1    1    1    1    1    1    1  2.09529E+15 0.00048 
   56   56    1    1    1    1    1    1    1    1  2.84079E+14 0.00088 
   57   57    1    1    1    1    1    1    1    1  4.07331E+15 0.00077 
   58   58    1    1    1    1    1    1    1    1  1.84508E+15 0.00074 
   59   59    1    1    1    1    1    1    1    1  1.95619E+15 0.00080 
   60   60    1    1    1    1    1    1    1    1  1.56338E+15 0.00072 
   61   61    1    1    1    1    1    1    1    1  1.55223E+15 0.00075 
   62   62    1    1    1    1    1    1    1    1  1.58527E+15 0.00084 
   63   63    1    1    1    1    1    1    1    1  1.32933E+15 0.00090 
   64   64    1    1    1    1    1    1    1    1  1.04903E+15 0.00068 
   65   65    1    1    1    1    1    1    1    1  1.03116E+15 0.00087 
   66   66    1    1    1    1    1    1    1    1  7.80400E+14 0.00103 
   67   67    1    1    1    1    1    1    1    1  6.33154E+14 0.00104 
   68   68    1    1    1    1    1    1    1    1  5.59988E+14 0.00112 
   69   69    1    1    1    1    1    1    1    1  6.72491E+14 0.00107 
   70   70    1    1    1    1    1    1    1    1  5.70722E+14 0.00123 
   71   71    1    1    1    1    1    1    1    1  1.02764E+15 0.00109 
   72   72    1    1    1    1    1    1    1    1  7.28250E+14 0.00107 
   73   73    1    1    1    1    1    1    1    1  5.54040E+14 0.00099 
   74   74    1    1    1    1    1    1    1    1  4.51775E+14 0.00124 
   75   75    1    1    1    1    1    1    1    1  3.78521E+14 0.00127 
   76   76    1    1    1    1    1    1    1    1  4.42198E+14 0.00142 
   77   77    1    1    1    1    1    1    1    1  3.52275E+14 0.00123 
   78   78    1    1    1    1    1    1    1    1  2.79863E+14 0.00147 
   79   79    1    1    1    1    1    1    1    1  2.90437E+14 0.00128 
   80   80    1    1    1    1    1    1    1    1  2.17063E+14 0.00234 
   81   81    1    1    1    1    1    1    1    1  1.67090E+14 0.00211 
   82   82    1    1    1    1    1    1    1    1  1.28496E+14 0.00182 
   83   83    1    1    1    1    1    1    1    1  1.19742E+14 0.00178 
   84   84    1    1    1    1    1    1    1    1  8.57133E+13 0.00234 
   85   85    1    1    1    1    1    1    1    1  6.21187E+13 0.00281 
   86   86    1    1    1    1    1    1    1    1  5.79417E+13 0.00203 
   87   87    1    1    1    1    1    1    1    1  3.53897E+13 0.00339 
   88   88    1    1    1    1    1    1    1    1  2.35494E+13 0.00464 
   89   89    1    1    1    1    1    1    1    1  1.35474E+13 0.00730 
   90   90    1    1    1    1    1    1    1    1  8.93244E+12 0.00674 
   91   91    1    1    1    1    1    1    1    1  4.35727E+12 0.01143 
   92   92    1    1    1    1    1    1    1    1  2.07868E+12 0.01241 
   93   93    1    1    1    1    1    1    1    1  9.99566E+11 0.01842 
   94   94    1    1    1    1    1    1    1    1  4.93302E+11 0.02651 
   95   95    1    1    1    1    1    1    1    1  2.46657E+11 0.02754 
   96   96    1    1    1    1    1    1    1    1  1.16484E+11 0.07586 
   97   97    1    1    1    1    1    1    1    1  6.27526E+10 0.08207 
   98   98    1    1    1    1    1    1    1    1  2.27448E+10 0.14059 
   99   99    1    1    1    1    1    1    1    1  1.03841E+10 0.19355 
  100  100    1    1    1    1    1    1    1    1  6.76717E+09 0.24870 
];


