
DETdpaspec = [
    1    1    1    1    1    1    1    1    1    1  0.00000E+00 0.00000 
    2    2    1    1    1    1    1    1    1    1  0.00000E+00 0.00000 
    3    3    1    1    1    1    1    1    1    1  0.00000E+00 0.00000 
    4    4    1    1    1    1    1    1    1    1  0.00000E+00 0.00000 
    5    5    1    1    1    1    1    1    1    1  0.00000E+00 0.00000 
    6    6    1    1    1    1    1    1    1    1  0.00000E+00 0.00000 
    7    7    1    1    1    1    1    1    1    1  0.00000E+00 0.00000 
    8    8    1    1    1    1    1    1    1    1  0.00000E+00 0.00000 
    9    9    1    1    1    1    1    1    1    1  0.00000E+00 0.00000 
   10   10    1    1    1    1    1    1    1    1  0.00000E+00 0.00000 
   11   11    1    1    1    1    1    1    1    1  0.00000E+00 0.00000 
   12   12    1    1    1    1    1    1    1    1  0.00000E+00 0.00000 
   13   13    1    1    1    1    1    1    1    1  2.21858E+09 0.65901 
   14   14    1    1    1    1    1    1    1    1  2.25047E+09 0.60757 
   15   15    1    1    1    1    1    1    1    1  1.51119E+09 0.74994 
   16   16    1    1    1    1    1    1    1    1  8.84622E+08 0.54531 
   17   17    1    1    1    1    1    1    1    1  1.86772E+09 0.42242 
   18   18    1    1    1    1    1    1    1    1  6.16728E+09 0.27917 
   19   19    1    1    1    1    1    1    1    1  7.73466E+09 0.25537 
   20   20    1    1    1    1    1    1    1    1  5.42876E+10 0.10619 
   21   21    1    1    1    1    1    1    1    1  1.66225E+11 0.04988 
   22   22    1    1    1    1    1    1    1    1  6.59247E+11 0.02953 
   23   23    1    1    1    1    1    1    1    1  2.20297E+12 0.01666 
   24   24    1    1    1    1    1    1    1    1  4.99803E+12 0.00864 
   25   25    1    1    1    1    1    1    1    1  6.92659E+12 0.00799 
   26   26    1    1    1    1    1    1    1    1  1.22664E+13 0.00440 
   27   27    1    1    1    1    1    1    1    1  1.96322E+13 0.00370 
   28   28    1    1    1    1    1    1    1    1  3.15147E+13 0.00316 
   29   29    1    1    1    1    1    1    1    1  4.19552E+13 0.00345 
   30   30    1    1    1    1    1    1    1    1  6.95901E+13 0.00311 
   31   31    1    1    1    1    1    1    1    1  1.19283E+14 0.00204 
   32   32    1    1    1    1    1    1    1    1  1.51868E+14 0.00165 
   33   33    1    1    1    1    1    1    1    1  2.60775E+14 0.00136 
   34   34    1    1    1    1    1    1    1    1  2.95803E+14 0.00133 
   35   35    1    1    1    1    1    1    1    1  3.03382E+14 0.00158 
   36   36    1    1    1    1    1    1    1    1  1.90653E+14 0.00134 
   37   37    1    1    1    1    1    1    1    1  5.51152E+13 0.00140 
   38   38    1    1    1    1    1    1    1    1  2.93958E+14 0.00081 
   39   39    1    1    1    1    1    1    1    1  3.65326E+14 0.00121 
   40   40    1    1    1    1    1    1    1    1  6.06185E+14 0.00099 
   41   41    1    1    1    1    1    1    1    1  5.50141E+14 0.00087 
   42   42    1    1    1    1    1    1    1    1  1.07070E+15 0.00094 
   43   43    1    1    1    1    1    1    1    1  1.18634E+15 0.00096 
   44   44    1    1    1    1    1    1    1    1  1.55706E+15 0.00079 
   45   45    1    1    1    1    1    1    1    1  2.83437E+15 0.00059 
   46   46    1    1    1    1    1    1    1    1  1.33664E+15 0.00062 
   47   47    1    1    1    1    1    1    1    1  1.96810E+15 0.00068 
   48   48    1    1    1    1    1    1    1    1  2.67258E+15 0.00066 
   49   49    1    1    1    1    1    1    1    1  2.43253E+15 0.00087 
   50   50    1    1    1    1    1    1    1    1  3.75674E+15 0.00089 
   51   51    1    1    1    1    1    1    1    1  2.83028E+15 0.00077 
   52   52    1    1    1    1    1    1    1    1  3.30821E+15 0.00075 
   53   53    1    1    1    1    1    1    1    1  2.26888E+15 0.00078 
   54   54    1    1    1    1    1    1    1    1  2.79751E+15 0.00065 
   55   55    1    1    1    1    1    1    1    1  1.92324E+15 0.00087 
   56   56    1    1    1    1    1    1    1    1  2.60344E+14 0.00110 
   57   57    1    1    1    1    1    1    1    1  3.71620E+15 0.00078 
   58   58    1    1    1    1    1    1    1    1  1.67573E+15 0.00078 
   59   59    1    1    1    1    1    1    1    1  1.76704E+15 0.00083 
   60   60    1    1    1    1    1    1    1    1  1.40740E+15 0.00092 
   61   61    1    1    1    1    1    1    1    1  1.39341E+15 0.00096 
   62   62    1    1    1    1    1    1    1    1  1.41761E+15 0.00099 
   63   63    1    1    1    1    1    1    1    1  1.18368E+15 0.00104 
   64   64    1    1    1    1    1    1    1    1  9.29931E+14 0.00110 
   65   65    1    1    1    1    1    1    1    1  9.11740E+14 0.00114 
   66   66    1    1    1    1    1    1    1    1  6.87052E+14 0.00124 
   67   67    1    1    1    1    1    1    1    1  5.56120E+14 0.00147 
   68   68    1    1    1    1    1    1    1    1  4.90773E+14 0.00093 
   69   69    1    1    1    1    1    1    1    1  5.86815E+14 0.00136 
   70   70    1    1    1    1    1    1    1    1  4.96767E+14 0.00141 
   71   71    1    1    1    1    1    1    1    1  8.85599E+14 0.00113 
   72   72    1    1    1    1    1    1    1    1  6.23760E+14 0.00135 
   73   73    1    1    1    1    1    1    1    1  4.73029E+14 0.00139 
   74   74    1    1    1    1    1    1    1    1  3.85687E+14 0.00154 
   75   75    1    1    1    1    1    1    1    1  3.22515E+14 0.00159 
   76   76    1    1    1    1    1    1    1    1  3.75746E+14 0.00180 
   77   77    1    1    1    1    1    1    1    1  2.98228E+14 0.00186 
   78   78    1    1    1    1    1    1    1    1  2.36162E+14 0.00151 
   79   79    1    1    1    1    1    1    1    1  2.45260E+14 0.00123 
   80   80    1    1    1    1    1    1    1    1  1.82213E+14 0.00211 
   81   81    1    1    1    1    1    1    1    1  1.39968E+14 0.00189 
   82   82    1    1    1    1    1    1    1    1  1.07626E+14 0.00190 
   83   83    1    1    1    1    1    1    1    1  1.00013E+14 0.00272 
   84   84    1    1    1    1    1    1    1    1  7.14204E+13 0.00360 
   85   85    1    1    1    1    1    1    1    1  5.10878E+13 0.00380 
   86   86    1    1    1    1    1    1    1    1  4.74922E+13 0.00406 
   87   87    1    1    1    1    1    1    1    1  2.86763E+13 0.00453 
   88   88    1    1    1    1    1    1    1    1  1.90625E+13 0.00554 
   89   89    1    1    1    1    1    1    1    1  1.07012E+13 0.00799 
   90   90    1    1    1    1    1    1    1    1  7.05541E+12 0.00744 
   91   91    1    1    1    1    1    1    1    1  3.46036E+12 0.01237 
   92   92    1    1    1    1    1    1    1    1  1.60364E+12 0.01884 
   93   93    1    1    1    1    1    1    1    1  7.73987E+11 0.01860 
   94   94    1    1    1    1    1    1    1    1  3.59026E+11 0.03292 
   95   95    1    1    1    1    1    1    1    1  1.71630E+11 0.04728 
   96   96    1    1    1    1    1    1    1    1  7.95120E+10 0.07181 
   97   97    1    1    1    1    1    1    1    1  3.33550E+10 0.11826 
   98   98    1    1    1    1    1    1    1    1  1.55805E+10 0.13878 
   99   99    1    1    1    1    1    1    1    1  9.37829E+09 0.20702 
  100  100    1    1    1    1    1    1    1    1  8.92991E+09 0.24078 
];


