
DETdpaspec = [
    1    1    1    1    1    1    1    1    1    1  0.00000E+00 0.00000 
    2    2    1    1    1    1    1    1    1    1  0.00000E+00 0.00000 
    3    3    1    1    1    1    1    1    1    1  0.00000E+00 0.00000 
    4    4    1    1    1    1    1    1    1    1  0.00000E+00 0.00000 
    5    5    1    1    1    1    1    1    1    1  0.00000E+00 0.00000 
    6    6    1    1    1    1    1    1    1    1  0.00000E+00 0.00000 
    7    7    1    1    1    1    1    1    1    1  0.00000E+00 0.00000 
    8    8    1    1    1    1    1    1    1    1  0.00000E+00 0.00000 
    9    9    1    1    1    1    1    1    1    1  0.00000E+00 0.00000 
   10   10    1    1    1    1    1    1    1    1  4.40201E+07 1.00000 
   11   11    1    1    1    1    1    1    1    1  0.00000E+00 0.00000 
   12   12    1    1    1    1    1    1    1    1  1.73294E+08 0.70415 
   13   13    1    1    1    1    1    1    1    1  3.18664E+09 0.51738 
   14   14    1    1    1    1    1    1    1    1  4.07231E+09 0.38862 
   15   15    1    1    1    1    1    1    1    1  6.72282E+09 0.39659 
   16   16    1    1    1    1    1    1    1    1  1.20598E+09 0.32066 
   17   17    1    1    1    1    1    1    1    1  2.27090E+09 0.41351 
   18   18    1    1    1    1    1    1    1    1  3.91205E+09 0.34894 
   19   19    1    1    1    1    1    1    1    1  6.72911E+09 0.29681 
   20   20    1    1    1    1    1    1    1    1  1.72168E+10 0.18591 
   21   21    1    1    1    1    1    1    1    1  1.98953E+10 0.15951 
   22   22    1    1    1    1    1    1    1    1  7.67097E+10 0.09828 
   23   23    1    1    1    1    1    1    1    1  2.78530E+11 0.04309 
   24   24    1    1    1    1    1    1    1    1  8.13552E+11 0.02340 
   25   25    1    1    1    1    1    1    1    1  1.40188E+12 0.02329 
   26   26    1    1    1    1    1    1    1    1  2.96478E+12 0.01438 
   27   27    1    1    1    1    1    1    1    1  5.78583E+12 0.01187 
   28   28    1    1    1    1    1    1    1    1  1.16854E+13 0.00773 
   29   29    1    1    1    1    1    1    1    1  1.79177E+13 0.00637 
   30   30    1    1    1    1    1    1    1    1  3.34444E+13 0.00454 
   31   31    1    1    1    1    1    1    1    1  6.93958E+13 0.00357 
   32   32    1    1    1    1    1    1    1    1  9.70701E+13 0.00263 
   33   33    1    1    1    1    1    1    1    1  1.82729E+14 0.00188 
   34   34    1    1    1    1    1    1    1    1  2.22012E+14 0.00162 
   35   35    1    1    1    1    1    1    1    1  2.45177E+14 0.00149 
   36   36    1    1    1    1    1    1    1    1  1.61155E+14 0.00141 
   37   37    1    1    1    1    1    1    1    1  4.73995E+13 0.00173 
   38   38    1    1    1    1    1    1    1    1  2.53149E+14 0.00147 
   39   39    1    1    1    1    1    1    1    1  3.19651E+14 0.00121 
   40   40    1    1    1    1    1    1    1    1  5.38820E+14 0.00123 
   41   41    1    1    1    1    1    1    1    1  4.98368E+14 0.00089 
   42   42    1    1    1    1    1    1    1    1  9.82733E+14 0.00084 
   43   43    1    1    1    1    1    1    1    1  1.10590E+15 0.00059 
   44   44    1    1    1    1    1    1    1    1  1.47532E+15 0.00069 
   45   45    1    1    1    1    1    1    1    1  2.74662E+15 0.00052 
   46   46    1    1    1    1    1    1    1    1  1.32522E+15 0.00088 
   47   47    1    1    1    1    1    1    1    1  1.97196E+15 0.00061 
   48   48    1    1    1    1    1    1    1    1  2.71892E+15 0.00072 
   49   49    1    1    1    1    1    1    1    1  2.50639E+15 0.00067 
   50   50    1    1    1    1    1    1    1    1  3.92182E+15 0.00076 
   51   51    1    1    1    1    1    1    1    1  3.00505E+15 0.00090 
   52   52    1    1    1    1    1    1    1    1  3.54042E+15 0.00075 
   53   53    1    1    1    1    1    1    1    1  2.45773E+15 0.00084 
   54   54    1    1    1    1    1    1    1    1  3.04679E+15 0.00075 
   55   55    1    1    1    1    1    1    1    1  2.11084E+15 0.00082 
   56   56    1    1    1    1    1    1    1    1  2.87059E+14 0.00106 
   57   57    1    1    1    1    1    1    1    1  4.11543E+15 0.00077 
   58   58    1    1    1    1    1    1    1    1  1.86413E+15 0.00091 
   59   59    1    1    1    1    1    1    1    1  1.98165E+15 0.00087 
   60   60    1    1    1    1    1    1    1    1  1.58485E+15 0.00082 
   61   61    1    1    1    1    1    1    1    1  1.57592E+15 0.00093 
   62   62    1    1    1    1    1    1    1    1  1.61030E+15 0.00058 
   63   63    1    1    1    1    1    1    1    1  1.35251E+15 0.00072 
   64   64    1    1    1    1    1    1    1    1  1.06980E+15 0.00090 
   65   65    1    1    1    1    1    1    1    1  1.05154E+15 0.00108 
   66   66    1    1    1    1    1    1    1    1  7.96832E+14 0.00092 
   67   67    1    1    1    1    1    1    1    1  6.46685E+14 0.00083 
   68   68    1    1    1    1    1    1    1    1  5.72536E+14 0.00106 
   69   69    1    1    1    1    1    1    1    1  6.88552E+14 0.00090 
   70   70    1    1    1    1    1    1    1    1  5.85683E+14 0.00096 
   71   71    1    1    1    1    1    1    1    1  1.05423E+15 0.00115 
   72   72    1    1    1    1    1    1    1    1  7.48780E+14 0.00115 
   73   73    1    1    1    1    1    1    1    1  5.71520E+14 0.00094 
   74   74    1    1    1    1    1    1    1    1  4.65496E+14 0.00122 
   75   75    1    1    1    1    1    1    1    1  3.89510E+14 0.00113 
   76   76    1    1    1    1    1    1    1    1  4.55517E+14 0.00104 
   77   77    1    1    1    1    1    1    1    1  3.63991E+14 0.00147 
   78   78    1    1    1    1    1    1    1    1  2.88621E+14 0.00147 
   79   79    1    1    1    1    1    1    1    1  2.99571E+14 0.00180 
   80   80    1    1    1    1    1    1    1    1  2.23910E+14 0.00152 
   81   81    1    1    1    1    1    1    1    1  1.73268E+14 0.00165 
   82   82    1    1    1    1    1    1    1    1  1.32925E+14 0.00188 
   83   83    1    1    1    1    1    1    1    1  1.24179E+14 0.00249 
   84   84    1    1    1    1    1    1    1    1  8.90902E+13 0.00222 
   85   85    1    1    1    1    1    1    1    1  6.48181E+13 0.00344 
   86   86    1    1    1    1    1    1    1    1  5.99404E+13 0.00245 
   87   87    1    1    1    1    1    1    1    1  3.67123E+13 0.00347 
   88   88    1    1    1    1    1    1    1    1  2.45434E+13 0.00469 
   89   89    1    1    1    1    1    1    1    1  1.40576E+13 0.00610 
   90   90    1    1    1    1    1    1    1    1  9.38661E+12 0.00630 
   91   91    1    1    1    1    1    1    1    1  4.73773E+12 0.00936 
   92   92    1    1    1    1    1    1    1    1  2.22420E+12 0.01600 
   93   93    1    1    1    1    1    1    1    1  1.09761E+12 0.02052 
   94   94    1    1    1    1    1    1    1    1  5.10454E+11 0.02945 
   95   95    1    1    1    1    1    1    1    1  2.47177E+11 0.04455 
   96   96    1    1    1    1    1    1    1    1  1.13514E+11 0.06784 
   97   97    1    1    1    1    1    1    1    1  5.85756E+10 0.07934 
   98   98    1    1    1    1    1    1    1    1  3.19892E+10 0.13957 
   99   99    1    1    1    1    1    1    1    1  1.42071E+10 0.13157 
  100  100    1    1    1    1    1    1    1    1  9.82862E+09 0.17092 
];


