
DETdpaspec = [
    1    1    1    1    1    1    1    1    1    1  0.00000E+00 0.00000 
    2    2    1    1    1    1    1    1    1    1  0.00000E+00 0.00000 
    3    3    1    1    1    1    1    1    1    1  0.00000E+00 0.00000 
    4    4    1    1    1    1    1    1    1    1  0.00000E+00 0.00000 
    5    5    1    1    1    1    1    1    1    1  0.00000E+00 0.00000 
    6    6    1    1    1    1    1    1    1    1  0.00000E+00 0.00000 
    7    7    1    1    1    1    1    1    1    1  0.00000E+00 0.00000 
    8    8    1    1    1    1    1    1    1    1  0.00000E+00 0.00000 
    9    9    1    1    1    1    1    1    1    1  0.00000E+00 0.00000 
   10   10    1    1    1    1    1    1    1    1  0.00000E+00 0.00000 
   11   11    1    1    1    1    1    1    1    1  1.50865E+08 1.00000 
   12   12    1    1    1    1    1    1    1    1  2.91494E+08 0.58925 
   13   13    1    1    1    1    1    1    1    1  1.84145E+09 0.68825 
   14   14    1    1    1    1    1    1    1    1  3.99478E+09 0.67582 
   15   15    1    1    1    1    1    1    1    1  1.02760E+09 0.64105 
   16   16    1    1    1    1    1    1    1    1  1.67689E+08 0.69151 
   17   17    1    1    1    1    1    1    1    1  3.35613E+08 1.00000 
   18   18    1    1    1    1    1    1    1    1  4.98520E+09 0.29660 
   19   19    1    1    1    1    1    1    1    1  4.39996E+09 0.29536 
   20   20    1    1    1    1    1    1    1    1  2.80189E+10 0.16401 
   21   21    1    1    1    1    1    1    1    1  4.89506E+10 0.13038 
   22   22    1    1    1    1    1    1    1    1  2.36562E+11 0.05098 
   23   23    1    1    1    1    1    1    1    1  9.42549E+11 0.02959 
   24   24    1    1    1    1    1    1    1    1  2.50005E+12 0.01300 
   25   25    1    1    1    1    1    1    1    1  3.81023E+12 0.01420 
   26   26    1    1    1    1    1    1    1    1  7.28446E+12 0.01090 
   27   27    1    1    1    1    1    1    1    1  1.26632E+13 0.00619 
   28   28    1    1    1    1    1    1    1    1  2.24176E+13 0.00565 
   29   29    1    1    1    1    1    1    1    1  3.18055E+13 0.00500 
   30   30    1    1    1    1    1    1    1    1  5.44738E+13 0.00377 
   31   31    1    1    1    1    1    1    1    1  1.00463E+14 0.00235 
   32   32    1    1    1    1    1    1    1    1  1.31785E+14 0.00238 
   33   33    1    1    1    1    1    1    1    1  2.34846E+14 0.00152 
   34   34    1    1    1    1    1    1    1    1  2.73276E+14 0.00141 
   35   35    1    1    1    1    1    1    1    1  2.87197E+14 0.00133 
   36   36    1    1    1    1    1    1    1    1  1.83299E+14 0.00103 
   37   37    1    1    1    1    1    1    1    1  5.33044E+13 0.00130 
   38   38    1    1    1    1    1    1    1    1  2.84103E+14 0.00084 
   39   39    1    1    1    1    1    1    1    1  3.54946E+14 0.00094 
   40   40    1    1    1    1    1    1    1    1  5.92727E+14 0.00106 
   41   41    1    1    1    1    1    1    1    1  5.42195E+14 0.00084 
   42   42    1    1    1    1    1    1    1    1  1.06094E+15 0.00097 
   43   43    1    1    1    1    1    1    1    1  1.18211E+15 0.00079 
   44   44    1    1    1    1    1    1    1    1  1.56290E+15 0.00080 
   45   45    1    1    1    1    1    1    1    1  2.86904E+15 0.00055 
   46   46    1    1    1    1    1    1    1    1  1.36399E+15 0.00072 
   47   47    1    1    1    1    1    1    1    1  2.01659E+15 0.00067 
   48   48    1    1    1    1    1    1    1    1  2.75393E+15 0.00077 
   49   49    1    1    1    1    1    1    1    1  2.52114E+15 0.00068 
   50   50    1    1    1    1    1    1    1    1  3.91478E+15 0.00071 
   51   51    1    1    1    1    1    1    1    1  2.96714E+15 0.00077 
   52   52    1    1    1    1    1    1    1    1  3.48187E+15 0.00071 
   53   53    1    1    1    1    1    1    1    1  2.40003E+15 0.00080 
   54   54    1    1    1    1    1    1    1    1  2.96681E+15 0.00076 
   55   55    1    1    1    1    1    1    1    1  2.04720E+15 0.00092 
   56   56    1    1    1    1    1    1    1    1  2.77536E+14 0.00107 
   57   57    1    1    1    1    1    1    1    1  3.96836E+15 0.00084 
   58   58    1    1    1    1    1    1    1    1  1.79496E+15 0.00080 
   59   59    1    1    1    1    1    1    1    1  1.89788E+15 0.00089 
   60   60    1    1    1    1    1    1    1    1  1.51520E+15 0.00072 
   61   61    1    1    1    1    1    1    1    1  1.50437E+15 0.00091 
   62   62    1    1    1    1    1    1    1    1  1.53414E+15 0.00092 
   63   63    1    1    1    1    1    1    1    1  1.28234E+15 0.00101 
   64   64    1    1    1    1    1    1    1    1  1.00997E+15 0.00096 
   65   65    1    1    1    1    1    1    1    1  9.92829E+14 0.00087 
   66   66    1    1    1    1    1    1    1    1  7.49246E+14 0.00100 
   67   67    1    1    1    1    1    1    1    1  6.06880E+14 0.00137 
   68   68    1    1    1    1    1    1    1    1  5.35875E+14 0.00117 
   69   69    1    1    1    1    1    1    1    1  6.44369E+14 0.00131 
   70   70    1    1    1    1    1    1    1    1  5.45159E+14 0.00118 
   71   71    1    1    1    1    1    1    1    1  9.77196E+14 0.00105 
   72   72    1    1    1    1    1    1    1    1  6.90355E+14 0.00109 
   73   73    1    1    1    1    1    1    1    1  5.25375E+14 0.00159 
   74   74    1    1    1    1    1    1    1    1  4.27942E+14 0.00156 
   75   75    1    1    1    1    1    1    1    1  3.58102E+14 0.00134 
   76   76    1    1    1    1    1    1    1    1  4.18714E+14 0.00155 
   77   77    1    1    1    1    1    1    1    1  3.34392E+14 0.00179 
   78   78    1    1    1    1    1    1    1    1  2.64461E+14 0.00181 
   79   79    1    1    1    1    1    1    1    1  2.74852E+14 0.00155 
   80   80    1    1    1    1    1    1    1    1  2.04764E+14 0.00188 
   81   81    1    1    1    1    1    1    1    1  1.57747E+14 0.00179 
   82   82    1    1    1    1    1    1    1    1  1.21325E+14 0.00243 
   83   83    1    1    1    1    1    1    1    1  1.12994E+14 0.00269 
   84   84    1    1    1    1    1    1    1    1  8.07392E+13 0.00256 
   85   85    1    1    1    1    1    1    1    1  5.83707E+13 0.00304 
   86   86    1    1    1    1    1    1    1    1  5.41366E+13 0.00328 
   87   87    1    1    1    1    1    1    1    1  3.30865E+13 0.00393 
   88   88    1    1    1    1    1    1    1    1  2.19925E+13 0.00515 
   89   89    1    1    1    1    1    1    1    1  1.25951E+13 0.00550 
   90   90    1    1    1    1    1    1    1    1  8.26557E+12 0.00815 
   91   91    1    1    1    1    1    1    1    1  4.11304E+12 0.00967 
   92   92    1    1    1    1    1    1    1    1  1.93255E+12 0.01507 
   93   93    1    1    1    1    1    1    1    1  8.69032E+11 0.01980 
   94   94    1    1    1    1    1    1    1    1  4.34534E+11 0.03835 
   95   95    1    1    1    1    1    1    1    1  2.01693E+11 0.05013 
   96   96    1    1    1    1    1    1    1    1  1.05876E+11 0.05726 
   97   97    1    1    1    1    1    1    1    1  4.96073E+10 0.11826 
   98   98    1    1    1    1    1    1    1    1  2.25289E+10 0.15025 
   99   99    1    1    1    1    1    1    1    1  1.01757E+10 0.20374 
  100  100    1    1    1    1    1    1    1    1  8.41440E+09 0.24507 
];


