
DETdpaspec = [
    1    1    1    1    1    1    1    1    1    1  0.00000E+00 0.00000 
    2    2    1    1    1    1    1    1    1    1  0.00000E+00 0.00000 
    3    3    1    1    1    1    1    1    1    1  0.00000E+00 0.00000 
    4    4    1    1    1    1    1    1    1    1  0.00000E+00 0.00000 
    5    5    1    1    1    1    1    1    1    1  0.00000E+00 0.00000 
    6    6    1    1    1    1    1    1    1    1  0.00000E+00 0.00000 
    7    7    1    1    1    1    1    1    1    1  0.00000E+00 0.00000 
    8    8    1    1    1    1    1    1    1    1  0.00000E+00 0.00000 
    9    9    1    1    1    1    1    1    1    1  1.04986E+07 1.00000 
   10   10    1    1    1    1    1    1    1    1  0.00000E+00 0.00000 
   11   11    1    1    1    1    1    1    1    1  2.12568E+08 0.59107 
   12   12    1    1    1    1    1    1    1    1  1.21100E+08 0.72976 
   13   13    1    1    1    1    1    1    1    1  3.00012E+09 0.64477 
   14   14    1    1    1    1    1    1    1    1  3.47373E+09 0.34907 
   15   15    1    1    1    1    1    1    1    1  4.30049E+09 0.36745 
   16   16    1    1    1    1    1    1    1    1  1.43433E+09 0.25710 
   17   17    1    1    1    1    1    1    1    1  1.67488E+09 0.31425 
   18   18    1    1    1    1    1    1    1    1  4.31860E+09 0.32968 
   19   19    1    1    1    1    1    1    1    1  9.30371E+09 0.16907 
   20   20    1    1    1    1    1    1    1    1  2.95963E+10 0.12190 
   21   21    1    1    1    1    1    1    1    1  2.16798E+10 0.15585 
   22   22    1    1    1    1    1    1    1    1  4.64602E+10 0.08775 
   23   23    1    1    1    1    1    1    1    1  8.28814E+10 0.06013 
   24   24    1    1    1    1    1    1    1    1  1.46767E+11 0.04781 
   25   25    1    1    1    1    1    1    1    1  2.15968E+11 0.06397 
   26   26    1    1    1    1    1    1    1    1  4.06605E+11 0.02824 
   27   27    1    1    1    1    1    1    1    1  8.83579E+11 0.02577 
   28   28    1    1    1    1    1    1    1    1  2.06430E+12 0.01440 
   29   29    1    1    1    1    1    1    1    1  3.26516E+12 0.00931 
   30   30    1    1    1    1    1    1    1    1  8.36315E+12 0.00765 
   31   31    1    1    1    1    1    1    1    1  2.23282E+13 0.00468 
   32   32    1    1    1    1    1    1    1    1  3.65097E+13 0.00374 
   33   33    1    1    1    1    1    1    1    1  7.84878E+13 0.00237 
   34   34    1    1    1    1    1    1    1    1  1.01227E+14 0.00204 
   35   35    1    1    1    1    1    1    1    1  1.34490E+14 0.00214 
   36   36    1    1    1    1    1    1    1    1  9.75338E+13 0.00199 
   37   37    1    1    1    1    1    1    1    1  2.99434E+13 0.00179 
   38   38    1    1    1    1    1    1    1    1  1.57625E+14 0.00159 
   39   39    1    1    1    1    1    1    1    1  2.03430E+14 0.00167 
   40   40    1    1    1    1    1    1    1    1  3.46552E+14 0.00158 
   41   41    1    1    1    1    1    1    1    1  3.38120E+14 0.00163 
   42   42    1    1    1    1    1    1    1    1  6.67513E+14 0.00117 
   43   43    1    1    1    1    1    1    1    1  7.66601E+14 0.00104 
   44   44    1    1    1    1    1    1    1    1  1.04154E+15 0.00094 
   45   45    1    1    1    1    1    1    1    1  1.97656E+15 0.00087 
   46   46    1    1    1    1    1    1    1    1  9.86686E+14 0.00088 
   47   47    1    1    1    1    1    1    1    1  1.49814E+15 0.00079 
   48   48    1    1    1    1    1    1    1    1  2.09475E+15 0.00070 
   49   49    1    1    1    1    1    1    1    1  1.97614E+15 0.00078 
   50   50    1    1    1    1    1    1    1    1  3.09040E+15 0.00080 
   51   51    1    1    1    1    1    1    1    1  2.44130E+15 0.00090 
   52   52    1    1    1    1    1    1    1    1  2.85846E+15 0.00071 
   53   53    1    1    1    1    1    1    1    1  2.01271E+15 0.00084 
   54   54    1    1    1    1    1    1    1    1  2.47226E+15 0.00087 
   55   55    1    1    1    1    1    1    1    1  1.73061E+15 0.00095 
   56   56    1    1    1    1    1    1    1    1  2.36680E+14 0.00117 
   57   57    1    1    1    1    1    1    1    1  3.40019E+15 0.00097 
   58   58    1    1    1    1    1    1    1    1  1.51521E+15 0.00119 
   59   59    1    1    1    1    1    1    1    1  1.62977E+15 0.00107 
   60   60    1    1    1    1    1    1    1    1  1.28606E+15 0.00106 
   61   61    1    1    1    1    1    1    1    1  1.28591E+15 0.00102 
   62   62    1    1    1    1    1    1    1    1  1.31835E+15 0.00092 
   63   63    1    1    1    1    1    1    1    1  1.10772E+15 0.00113 
   64   64    1    1    1    1    1    1    1    1  8.78583E+14 0.00115 
   65   65    1    1    1    1    1    1    1    1  8.69025E+14 0.00104 
   66   66    1    1    1    1    1    1    1    1  6.58455E+14 0.00102 
   67   67    1    1    1    1    1    1    1    1  5.40180E+14 0.00132 
   68   68    1    1    1    1    1    1    1    1  4.81325E+14 0.00149 
   69   69    1    1    1    1    1    1    1    1  5.81252E+14 0.00114 
   70   70    1    1    1    1    1    1    1    1  4.96285E+14 0.00135 
   71   71    1    1    1    1    1    1    1    1  9.13682E+14 0.00121 
   72   72    1    1    1    1    1    1    1    1  6.56823E+14 0.00147 
   73   73    1    1    1    1    1    1    1    1  5.01336E+14 0.00137 
   74   74    1    1    1    1    1    1    1    1  4.03899E+14 0.00152 
   75   75    1    1    1    1    1    1    1    1  3.35226E+14 0.00124 
   76   76    1    1    1    1    1    1    1    1  3.87319E+14 0.00133 
   77   77    1    1    1    1    1    1    1    1  3.04720E+14 0.00143 
   78   78    1    1    1    1    1    1    1    1  2.38687E+14 0.00186 
   79   79    1    1    1    1    1    1    1    1  2.47620E+14 0.00197 
   80   80    1    1    1    1    1    1    1    1  1.83720E+14 0.00192 
   81   81    1    1    1    1    1    1    1    1  1.41658E+14 0.00181 
   82   82    1    1    1    1    1    1    1    1  1.09310E+14 0.00272 
   83   83    1    1    1    1    1    1    1    1  1.02040E+14 0.00179 
   84   84    1    1    1    1    1    1    1    1  7.34516E+13 0.00322 
   85   85    1    1    1    1    1    1    1    1  5.31001E+13 0.00276 
   86   86    1    1    1    1    1    1    1    1  4.94383E+13 0.00252 
   87   87    1    1    1    1    1    1    1    1  3.05878E+13 0.00337 
   88   88    1    1    1    1    1    1    1    1  2.05764E+13 0.00641 
   89   89    1    1    1    1    1    1    1    1  1.18147E+13 0.00808 
   90   90    1    1    1    1    1    1    1    1  7.81201E+12 0.00704 
   91   91    1    1    1    1    1    1    1    1  3.90693E+12 0.01302 
   92   92    1    1    1    1    1    1    1    1  1.92629E+12 0.01667 
   93   93    1    1    1    1    1    1    1    1  9.07135E+11 0.02122 
   94   94    1    1    1    1    1    1    1    1  4.50922E+11 0.03334 
   95   95    1    1    1    1    1    1    1    1  2.00265E+11 0.06259 
   96   96    1    1    1    1    1    1    1    1  1.14123E+11 0.07063 
   97   97    1    1    1    1    1    1    1    1  5.51935E+10 0.09415 
   98   98    1    1    1    1    1    1    1    1  2.87578E+10 0.14140 
   99   99    1    1    1    1    1    1    1    1  1.04689E+10 0.22680 
  100  100    1    1    1    1    1    1    1    1  1.22956E+10 0.22104 
];


