
DETdpaspec = [
    1    1    1    1    1    1    1    1    1    1  0.00000E+00 0.00000 
    2    2    1    1    1    1    1    1    1    1  0.00000E+00 0.00000 
    3    3    1    1    1    1    1    1    1    1  0.00000E+00 0.00000 
    4    4    1    1    1    1    1    1    1    1  0.00000E+00 0.00000 
    5    5    1    1    1    1    1    1    1    1  0.00000E+00 0.00000 
    6    6    1    1    1    1    1    1    1    1  0.00000E+00 0.00000 
    7    7    1    1    1    1    1    1    1    1  0.00000E+00 0.00000 
    8    8    1    1    1    1    1    1    1    1  1.06540E+07 1.00000 
    9    9    1    1    1    1    1    1    1    1  0.00000E+00 0.00000 
   10   10    1    1    1    1    1    1    1    1  0.00000E+00 0.00000 
   11   11    1    1    1    1    1    1    1    1  1.57946E+08 1.00000 
   12   12    1    1    1    1    1    1    1    1  1.07535E+07 1.00000 
   13   13    1    1    1    1    1    1    1    1  1.70941E+09 0.34832 
   14   14    1    1    1    1    1    1    1    1  3.53177E+09 0.36344 
   15   15    1    1    1    1    1    1    1    1  2.18815E+09 0.35454 
   16   16    1    1    1    1    1    1    1    1  1.04521E+09 0.53832 
   17   17    1    1    1    1    1    1    1    1  4.34707E+09 0.23142 
   18   18    1    1    1    1    1    1    1    1  7.36727E+09 0.17963 
   19   19    1    1    1    1    1    1    1    1  7.25203E+09 0.15107 
   20   20    1    1    1    1    1    1    1    1  2.48060E+10 0.19333 
   21   21    1    1    1    1    1    1    1    1  2.00043E+10 0.12047 
   22   22    1    1    1    1    1    1    1    1  4.94896E+10 0.07820 
   23   23    1    1    1    1    1    1    1    1  7.92756E+10 0.06072 
   24   24    1    1    1    1    1    1    1    1  1.38120E+11 0.05399 
   25   25    1    1    1    1    1    1    1    1  1.95118E+11 0.03950 
   26   26    1    1    1    1    1    1    1    1  3.85017E+11 0.03802 
   27   27    1    1    1    1    1    1    1    1  8.36446E+11 0.02714 
   28   28    1    1    1    1    1    1    1    1  2.00528E+12 0.01164 
   29   29    1    1    1    1    1    1    1    1  3.22101E+12 0.01104 
   30   30    1    1    1    1    1    1    1    1  8.15537E+12 0.00837 
   31   31    1    1    1    1    1    1    1    1  2.19006E+13 0.00611 
   32   32    1    1    1    1    1    1    1    1  3.60085E+13 0.00418 
   33   33    1    1    1    1    1    1    1    1  7.68895E+13 0.00359 
   34   34    1    1    1    1    1    1    1    1  9.85781E+13 0.00313 
   35   35    1    1    1    1    1    1    1    1  1.31870E+14 0.00221 
   36   36    1    1    1    1    1    1    1    1  9.56165E+13 0.00175 
   37   37    1    1    1    1    1    1    1    1  2.95247E+13 0.00180 
   38   38    1    1    1    1    1    1    1    1  1.55063E+14 0.00160 
   39   39    1    1    1    1    1    1    1    1  2.00255E+14 0.00141 
   40   40    1    1    1    1    1    1    1    1  3.40935E+14 0.00141 
   41   41    1    1    1    1    1    1    1    1  3.32822E+14 0.00132 
   42   42    1    1    1    1    1    1    1    1  6.55696E+14 0.00101 
   43   43    1    1    1    1    1    1    1    1  7.53569E+14 0.00125 
   44   44    1    1    1    1    1    1    1    1  1.02518E+15 0.00115 
   45   45    1    1    1    1    1    1    1    1  1.94297E+15 0.00098 
   46   46    1    1    1    1    1    1    1    1  9.68057E+14 0.00091 
   47   47    1    1    1    1    1    1    1    1  1.47043E+15 0.00098 
   48   48    1    1    1    1    1    1    1    1  2.06316E+15 0.00082 
   49   49    1    1    1    1    1    1    1    1  1.94455E+15 0.00072 
   50   50    1    1    1    1    1    1    1    1  3.03663E+15 0.00086 
   51   51    1    1    1    1    1    1    1    1  2.40107E+15 0.00101 
   52   52    1    1    1    1    1    1    1    1  2.80568E+15 0.00086 
   53   53    1    1    1    1    1    1    1    1  1.97929E+15 0.00080 
   54   54    1    1    1    1    1    1    1    1  2.42631E+15 0.00065 
   55   55    1    1    1    1    1    1    1    1  1.69761E+15 0.00076 
   56   56    1    1    1    1    1    1    1    1  2.32654E+14 0.00131 
   57   57    1    1    1    1    1    1    1    1  3.34047E+15 0.00078 
   58   58    1    1    1    1    1    1    1    1  1.48622E+15 0.00107 
   59   59    1    1    1    1    1    1    1    1  1.60184E+15 0.00115 
   60   60    1    1    1    1    1    1    1    1  1.26202E+15 0.00098 
   61   61    1    1    1    1    1    1    1    1  1.26202E+15 0.00110 
   62   62    1    1    1    1    1    1    1    1  1.29272E+15 0.00110 
   63   63    1    1    1    1    1    1    1    1  1.08595E+15 0.00095 
   64   64    1    1    1    1    1    1    1    1  8.61100E+14 0.00115 
   65   65    1    1    1    1    1    1    1    1  8.50452E+14 0.00123 
   66   66    1    1    1    1    1    1    1    1  6.45599E+14 0.00094 
   67   67    1    1    1    1    1    1    1    1  5.28757E+14 0.00133 
   68   68    1    1    1    1    1    1    1    1  4.70568E+14 0.00144 
   69   69    1    1    1    1    1    1    1    1  5.68726E+14 0.00134 
   70   70    1    1    1    1    1    1    1    1  4.86215E+14 0.00126 
   71   71    1    1    1    1    1    1    1    1  8.94699E+14 0.00130 
   72   72    1    1    1    1    1    1    1    1  6.44053E+14 0.00134 
   73   73    1    1    1    1    1    1    1    1  4.91265E+14 0.00164 
   74   74    1    1    1    1    1    1    1    1  3.95771E+14 0.00162 
   75   75    1    1    1    1    1    1    1    1  3.27100E+14 0.00175 
   76   76    1    1    1    1    1    1    1    1  3.77790E+14 0.00159 
   77   77    1    1    1    1    1    1    1    1  2.97221E+14 0.00164 
   78   78    1    1    1    1    1    1    1    1  2.33524E+14 0.00130 
   79   79    1    1    1    1    1    1    1    1  2.41125E+14 0.00173 
   80   80    1    1    1    1    1    1    1    1  1.79638E+14 0.00218 
   81   81    1    1    1    1    1    1    1    1  1.38808E+14 0.00302 
   82   82    1    1    1    1    1    1    1    1  1.06312E+14 0.00245 
   83   83    1    1    1    1    1    1    1    1  9.97008E+13 0.00249 
   84   84    1    1    1    1    1    1    1    1  7.15179E+13 0.00295 
   85   85    1    1    1    1    1    1    1    1  5.14913E+13 0.00417 
   86   86    1    1    1    1    1    1    1    1  4.83308E+13 0.00273 
   87   87    1    1    1    1    1    1    1    1  2.97861E+13 0.00479 
   88   88    1    1    1    1    1    1    1    1  2.02179E+13 0.00456 
   89   89    1    1    1    1    1    1    1    1  1.15810E+13 0.00588 
   90   90    1    1    1    1    1    1    1    1  7.61854E+12 0.00807 
   91   91    1    1    1    1    1    1    1    1  3.90200E+12 0.01419 
   92   92    1    1    1    1    1    1    1    1  1.89244E+12 0.01711 
   93   93    1    1    1    1    1    1    1    1  9.26360E+11 0.02402 
   94   94    1    1    1    1    1    1    1    1  4.40117E+11 0.02924 
   95   95    1    1    1    1    1    1    1    1  2.11321E+11 0.06034 
   96   96    1    1    1    1    1    1    1    1  1.04175E+11 0.06626 
   97   97    1    1    1    1    1    1    1    1  4.83604E+10 0.08833 
   98   98    1    1    1    1    1    1    1    1  2.04045E+10 0.10175 
   99   99    1    1    1    1    1    1    1    1  1.25653E+10 0.17789 
  100  100    1    1    1    1    1    1    1    1  9.62459E+09 0.25564 
];


