
DETdpaspec = [
    1    1    1    1    1    1    1    1    1    1  0.00000E+00 0.00000 
    2    2    1    1    1    1    1    1    1    1  0.00000E+00 0.00000 
    3    3    1    1    1    1    1    1    1    1  0.00000E+00 0.00000 
    4    4    1    1    1    1    1    1    1    1  0.00000E+00 0.00000 
    5    5    1    1    1    1    1    1    1    1  0.00000E+00 0.00000 
    6    6    1    1    1    1    1    1    1    1  1.13285E+07 1.00000 
    7    7    1    1    1    1    1    1    1    1  0.00000E+00 0.00000 
    8    8    1    1    1    1    1    1    1    1  9.80009E+06 1.00000 
    9    9    1    1    1    1    1    1    1    1  0.00000E+00 0.00000 
   10   10    1    1    1    1    1    1    1    1  1.22624E+08 1.00000 
   11   11    1    1    1    1    1    1    1    1  6.60132E+08 0.82895 
   12   12    1    1    1    1    1    1    1    1  1.07763E+08 0.72547 
   13   13    1    1    1    1    1    1    1    1  2.25760E+09 0.45137 
   14   14    1    1    1    1    1    1    1    1  4.00396E+09 0.30062 
   15   15    1    1    1    1    1    1    1    1  3.25397E+09 0.40110 
   16   16    1    1    1    1    1    1    1    1  8.57700E+08 0.30985 
   17   17    1    1    1    1    1    1    1    1  2.53886E+09 0.19138 
   18   18    1    1    1    1    1    1    1    1  1.12883E+10 0.17580 
   19   19    1    1    1    1    1    1    1    1  6.86751E+09 0.19038 
   20   20    1    1    1    1    1    1    1    1  2.36476E+10 0.15871 
   21   21    1    1    1    1    1    1    1    1  2.43980E+10 0.11874 
   22   22    1    1    1    1    1    1    1    1  5.11586E+10 0.08946 
   23   23    1    1    1    1    1    1    1    1  7.56494E+10 0.08805 
   24   24    1    1    1    1    1    1    1    1  1.54293E+11 0.04375 
   25   25    1    1    1    1    1    1    1    1  2.33108E+11 0.04716 
   26   26    1    1    1    1    1    1    1    1  5.09212E+11 0.02342 
   27   27    1    1    1    1    1    1    1    1  1.11109E+12 0.02926 
   28   28    1    1    1    1    1    1    1    1  2.71018E+12 0.01322 
   29   29    1    1    1    1    1    1    1    1  4.45545E+12 0.01058 
   30   30    1    1    1    1    1    1    1    1  1.07287E+13 0.00630 
   31   31    1    1    1    1    1    1    1    1  2.76187E+13 0.00443 
   32   32    1    1    1    1    1    1    1    1  4.37865E+13 0.00484 
   33   33    1    1    1    1    1    1    1    1  9.32508E+13 0.00267 
   34   34    1    1    1    1    1    1    1    1  1.20686E+14 0.00225 
   35   35    1    1    1    1    1    1    1    1  1.53253E+14 0.00249 
   36   36    1    1    1    1    1    1    1    1  1.09292E+14 0.00157 
   37   37    1    1    1    1    1    1    1    1  3.31528E+13 0.00198 
   38   38    1    1    1    1    1    1    1    1  1.75752E+14 0.00164 
   39   39    1    1    1    1    1    1    1    1  2.25824E+14 0.00123 
   40   40    1    1    1    1    1    1    1    1  3.85866E+14 0.00119 
   41   41    1    1    1    1    1    1    1    1  3.72259E+14 0.00112 
   42   42    1    1    1    1    1    1    1    1  7.38381E+14 0.00132 
   43   43    1    1    1    1    1    1    1    1  8.47854E+14 0.00109 
   44   44    1    1    1    1    1    1    1    1  1.15103E+15 0.00072 
   45   45    1    1    1    1    1    1    1    1  2.18514E+15 0.00081 
   46   46    1    1    1    1    1    1    1    1  1.08566E+15 0.00078 
   47   47    1    1    1    1    1    1    1    1  1.64098E+15 0.00071 
   48   48    1    1    1    1    1    1    1    1  2.29709E+15 0.00074 
   49   49    1    1    1    1    1    1    1    1  2.15657E+15 0.00082 
   50   50    1    1    1    1    1    1    1    1  3.38905E+15 0.00068 
   51   51    1    1    1    1    1    1    1    1  2.66169E+15 0.00083 
   52   52    1    1    1    1    1    1    1    1  3.12719E+15 0.00082 
   53   53    1    1    1    1    1    1    1    1  2.20172E+15 0.00080 
   54   54    1    1    1    1    1    1    1    1  2.72023E+15 0.00072 
   55   55    1    1    1    1    1    1    1    1  1.89976E+15 0.00073 
   56   56    1    1    1    1    1    1    1    1  2.59936E+14 0.00156 
   57   57    1    1    1    1    1    1    1    1  3.73574E+15 0.00071 
   58   58    1    1    1    1    1    1    1    1  1.67802E+15 0.00080 
   59   59    1    1    1    1    1    1    1    1  1.79999E+15 0.00073 
   60   60    1    1    1    1    1    1    1    1  1.42940E+15 0.00075 
   61   61    1    1    1    1    1    1    1    1  1.42773E+15 0.00076 
   62   62    1    1    1    1    1    1    1    1  1.46358E+15 0.00075 
   63   63    1    1    1    1    1    1    1    1  1.23104E+15 0.00068 
   64   64    1    1    1    1    1    1    1    1  9.76557E+14 0.00098 
   65   65    1    1    1    1    1    1    1    1  9.65793E+14 0.00077 
   66   66    1    1    1    1    1    1    1    1  7.34208E+14 0.00089 
   67   67    1    1    1    1    1    1    1    1  5.98526E+14 0.00096 
   68   68    1    1    1    1    1    1    1    1  5.32505E+14 0.00124 
   69   69    1    1    1    1    1    1    1    1  6.43390E+14 0.00115 
   70   70    1    1    1    1    1    1    1    1  5.49965E+14 0.00102 
   71   71    1    1    1    1    1    1    1    1  1.00688E+15 0.00081 
   72   72    1    1    1    1    1    1    1    1  7.21902E+14 0.00107 
   73   73    1    1    1    1    1    1    1    1  5.51505E+14 0.00103 
   74   74    1    1    1    1    1    1    1    1  4.47401E+14 0.00124 
   75   75    1    1    1    1    1    1    1    1  3.71734E+14 0.00122 
   76   76    1    1    1    1    1    1    1    1  4.31505E+14 0.00134 
   77   77    1    1    1    1    1    1    1    1  3.41584E+14 0.00121 
   78   78    1    1    1    1    1    1    1    1  2.69062E+14 0.00137 
   79   79    1    1    1    1    1    1    1    1  2.78734E+14 0.00173 
   80   80    1    1    1    1    1    1    1    1  2.08296E+14 0.00175 
   81   81    1    1    1    1    1    1    1    1  1.60014E+14 0.00190 
   82   82    1    1    1    1    1    1    1    1  1.23720E+14 0.00220 
   83   83    1    1    1    1    1    1    1    1  1.15887E+14 0.00210 
   84   84    1    1    1    1    1    1    1    1  8.34702E+13 0.00242 
   85   85    1    1    1    1    1    1    1    1  6.00479E+13 0.00371 
   86   86    1    1    1    1    1    1    1    1  5.60112E+13 0.00317 
   87   87    1    1    1    1    1    1    1    1  3.43614E+13 0.00441 
   88   88    1    1    1    1    1    1    1    1  2.33096E+13 0.00413 
   89   89    1    1    1    1    1    1    1    1  1.33490E+13 0.00656 
   90   90    1    1    1    1    1    1    1    1  8.92203E+12 0.00767 
   91   91    1    1    1    1    1    1    1    1  4.45944E+12 0.00944 
   92   92    1    1    1    1    1    1    1    1  2.17710E+12 0.01287 
   93   93    1    1    1    1    1    1    1    1  9.98855E+11 0.02153 
   94   94    1    1    1    1    1    1    1    1  4.94726E+11 0.03117 
   95   95    1    1    1    1    1    1    1    1  2.25066E+11 0.04414 
   96   96    1    1    1    1    1    1    1    1  1.20868E+11 0.06641 
   97   97    1    1    1    1    1    1    1    1  5.97818E+10 0.08537 
   98   98    1    1    1    1    1    1    1    1  2.90534E+10 0.10526 
   99   99    1    1    1    1    1    1    1    1  1.19220E+10 0.18513 
  100  100    1    1    1    1    1    1    1    1  7.24714E+09 0.19716 
];


