
DETdpaspec = [
    1    1    1    1    1    1    1    1    1    1  0.00000E+00 0.00000 
    2    2    1    1    1    1    1    1    1    1  0.00000E+00 0.00000 
    3    3    1    1    1    1    1    1    1    1  0.00000E+00 0.00000 
    4    4    1    1    1    1    1    1    1    1  0.00000E+00 0.00000 
    5    5    1    1    1    1    1    1    1    1  0.00000E+00 0.00000 
    6    6    1    1    1    1    1    1    1    1  0.00000E+00 0.00000 
    7    7    1    1    1    1    1    1    1    1  0.00000E+00 0.00000 
    8    8    1    1    1    1    1    1    1    1  1.60281E+07 1.00000 
    9    9    1    1    1    1    1    1    1    1  1.90415E+07 1.00000 
   10   10    1    1    1    1    1    1    1    1  2.77925E+08 0.47455 
   11   11    1    1    1    1    1    1    1    1  2.71572E+08 0.42809 
   12   12    1    1    1    1    1    1    1    1  1.70537E+07 1.00000 
   13   13    1    1    1    1    1    1    1    1  1.25515E+09 0.41900 
   14   14    1    1    1    1    1    1    1    1  2.38073E+09 0.30813 
   15   15    1    1    1    1    1    1    1    1  5.58216E+09 0.38336 
   16   16    1    1    1    1    1    1    1    1  2.35358E+09 0.25475 
   17   17    1    1    1    1    1    1    1    1  3.99619E+09 0.13341 
   18   18    1    1    1    1    1    1    1    1  8.80419E+09 0.18044 
   19   19    1    1    1    1    1    1    1    1  1.01341E+10 0.13853 
   20   20    1    1    1    1    1    1    1    1  3.10060E+10 0.11377 
   21   21    1    1    1    1    1    1    1    1  2.52882E+10 0.09083 
   22   22    1    1    1    1    1    1    1    1  7.33617E+10 0.08230 
   23   23    1    1    1    1    1    1    1    1  9.53883E+10 0.06173 
   24   24    1    1    1    1    1    1    1    1  1.53973E+11 0.03262 
   25   25    1    1    1    1    1    1    1    1  2.12228E+11 0.03244 
   26   26    1    1    1    1    1    1    1    1  3.68037E+11 0.02514 
   27   27    1    1    1    1    1    1    1    1  7.26271E+11 0.02997 
   28   28    1    1    1    1    1    1    1    1  1.51068E+12 0.01786 
   29   29    1    1    1    1    1    1    1    1  2.24689E+12 0.01503 
   30   30    1    1    1    1    1    1    1    1  6.24723E+12 0.01037 
   31   31    1    1    1    1    1    1    1    1  1.66982E+13 0.00722 
   32   32    1    1    1    1    1    1    1    1  2.74740E+13 0.00492 
   33   33    1    1    1    1    1    1    1    1  5.76982E+13 0.00336 
   34   34    1    1    1    1    1    1    1    1  7.16906E+13 0.00317 
   35   35    1    1    1    1    1    1    1    1  1.02289E+14 0.00227 
   36   36    1    1    1    1    1    1    1    1  7.59650E+13 0.00231 
   37   37    1    1    1    1    1    1    1    1  2.38627E+13 0.00296 
   38   38    1    1    1    1    1    1    1    1  1.22479E+14 0.00219 
   39   39    1    1    1    1    1    1    1    1  1.56805E+14 0.00187 
   40   40    1    1    1    1    1    1    1    1  2.62815E+14 0.00191 
   41   41    1    1    1    1    1    1    1    1  2.61126E+14 0.00192 
   42   42    1    1    1    1    1    1    1    1  5.03633E+14 0.00142 
   43   43    1    1    1    1    1    1    1    1  5.73666E+14 0.00122 
   44   44    1    1    1    1    1    1    1    1  7.74510E+14 0.00131 
   45   45    1    1    1    1    1    1    1    1  1.44076E+15 0.00099 
   46   46    1    1    1    1    1    1    1    1  7.17469E+14 0.00103 
   47   47    1    1    1    1    1    1    1    1  1.09543E+15 0.00091 
   48   48    1    1    1    1    1    1    1    1  1.52363E+15 0.00097 
   49   49    1    1    1    1    1    1    1    1  1.44251E+15 0.00121 
   50   50    1    1    1    1    1    1    1    1  2.21207E+15 0.00079 
   51   51    1    1    1    1    1    1    1    1  1.76269E+15 0.00096 
   52   52    1    1    1    1    1    1    1    1  2.01821E+15 0.00127 
   53   53    1    1    1    1    1    1    1    1  1.42514E+15 0.00100 
   54   54    1    1    1    1    1    1    1    1  1.71483E+15 0.00101 
   55   55    1    1    1    1    1    1    1    1  1.19959E+15 0.00117 
   56   56    1    1    1    1    1    1    1    1  1.64830E+14 0.00138 
   57   57    1    1    1    1    1    1    1    1  2.35941E+15 0.00083 
   58   58    1    1    1    1    1    1    1    1  1.02448E+15 0.00116 
   59   59    1    1    1    1    1    1    1    1  1.10736E+15 0.00117 
   60   60    1    1    1    1    1    1    1    1  8.56883E+14 0.00112 
   61   61    1    1    1    1    1    1    1    1  8.58911E+14 0.00101 
   62   62    1    1    1    1    1    1    1    1  8.74397E+14 0.00112 
   63   63    1    1    1    1    1    1    1    1  7.30254E+14 0.00088 
   64   64    1    1    1    1    1    1    1    1  5.77026E+14 0.00115 
   65   65    1    1    1    1    1    1    1    1  5.71138E+14 0.00132 
   66   66    1    1    1    1    1    1    1    1  4.31781E+14 0.00112 
   67   67    1    1    1    1    1    1    1    1  3.55064E+14 0.00134 
   68   68    1    1    1    1    1    1    1    1  3.16896E+14 0.00162 
   69   69    1    1    1    1    1    1    1    1  3.83160E+14 0.00146 
   70   70    1    1    1    1    1    1    1    1  3.27136E+14 0.00170 
   71   71    1    1    1    1    1    1    1    1  6.11458E+14 0.00107 
   72   72    1    1    1    1    1    1    1    1  4.39422E+14 0.00169 
   73   73    1    1    1    1    1    1    1    1  3.33841E+14 0.00162 
   74   74    1    1    1    1    1    1    1    1  2.65392E+14 0.00211 
   75   75    1    1    1    1    1    1    1    1  2.16668E+14 0.00194 
   76   76    1    1    1    1    1    1    1    1  2.46654E+14 0.00140 
   77   77    1    1    1    1    1    1    1    1  1.91589E+14 0.00142 
   78   78    1    1    1    1    1    1    1    1  1.48832E+14 0.00165 
   79   79    1    1    1    1    1    1    1    1  1.52489E+14 0.00198 
   80   80    1    1    1    1    1    1    1    1  1.12938E+14 0.00215 
   81   81    1    1    1    1    1    1    1    1  8.67549E+13 0.00278 
   82   82    1    1    1    1    1    1    1    1  6.68570E+13 0.00261 
   83   83    1    1    1    1    1    1    1    1  6.22892E+13 0.00321 
   84   84    1    1    1    1    1    1    1    1  4.44881E+13 0.00392 
   85   85    1    1    1    1    1    1    1    1  3.21926E+13 0.00282 
   86   86    1    1    1    1    1    1    1    1  2.99414E+13 0.00403 
   87   87    1    1    1    1    1    1    1    1  1.86850E+13 0.00604 
   88   88    1    1    1    1    1    1    1    1  1.25278E+13 0.00654 
   89   89    1    1    1    1    1    1    1    1  7.22779E+12 0.00798 
   90   90    1    1    1    1    1    1    1    1  4.90656E+12 0.00959 
   91   91    1    1    1    1    1    1    1    1  2.37598E+12 0.01186 
   92   92    1    1    1    1    1    1    1    1  1.23433E+12 0.02417 
   93   93    1    1    1    1    1    1    1    1  5.63460E+11 0.02978 
   94   94    1    1    1    1    1    1    1    1  2.78319E+11 0.04359 
   95   95    1    1    1    1    1    1    1    1  1.43491E+11 0.05386 
   96   96    1    1    1    1    1    1    1    1  6.92637E+10 0.09409 
   97   97    1    1    1    1    1    1    1    1  3.58201E+10 0.17765 
   98   98    1    1    1    1    1    1    1    1  1.58892E+10 0.20150 
   99   99    1    1    1    1    1    1    1    1  5.07705E+09 0.28961 
  100  100    1    1    1    1    1    1    1    1  2.99383E+09 0.48856 
];


