
DETdpaspec = [
    1    1    1    1    1    1    1    1    1    1  0.00000E+00 0.00000 
    2    2    1    1    1    1    1    1    1    1  0.00000E+00 0.00000 
    3    3    1    1    1    1    1    1    1    1  0.00000E+00 0.00000 
    4    4    1    1    1    1    1    1    1    1  0.00000E+00 0.00000 
    5    5    1    1    1    1    1    1    1    1  0.00000E+00 0.00000 
    6    6    1    1    1    1    1    1    1    1  0.00000E+00 0.00000 
    7    7    1    1    1    1    1    1    1    1  1.60984E+07 1.00000 
    8    8    1    1    1    1    1    1    1    1  0.00000E+00 0.00000 
    9    9    1    1    1    1    1    1    1    1  0.00000E+00 0.00000 
   10   10    1    1    1    1    1    1    1    1  3.87535E+07 1.00000 
   11   11    1    1    1    1    1    1    1    1  1.78140E+08 0.58052 
   12   12    1    1    1    1    1    1    1    1  6.29694E+07 0.69030 
   13   13    1    1    1    1    1    1    1    1  1.36627E+09 0.40163 
   14   14    1    1    1    1    1    1    1    1  1.84458E+09 0.49739 
   15   15    1    1    1    1    1    1    1    1  4.03212E+09 0.32454 
   16   16    1    1    1    1    1    1    1    1  1.49011E+09 0.30637 
   17   17    1    1    1    1    1    1    1    1  2.62555E+09 0.25039 
   18   18    1    1    1    1    1    1    1    1  6.95065E+09 0.21441 
   19   19    1    1    1    1    1    1    1    1  9.71863E+09 0.17773 
   20   20    1    1    1    1    1    1    1    1  2.72500E+10 0.10503 
   21   21    1    1    1    1    1    1    1    1  2.57254E+10 0.12347 
   22   22    1    1    1    1    1    1    1    1  5.07149E+10 0.06402 
   23   23    1    1    1    1    1    1    1    1  8.29819E+10 0.05754 
   24   24    1    1    1    1    1    1    1    1  1.43266E+11 0.03644 
   25   25    1    1    1    1    1    1    1    1  1.94466E+11 0.04815 
   26   26    1    1    1    1    1    1    1    1  3.63777E+11 0.03394 
   27   27    1    1    1    1    1    1    1    1  7.62216E+11 0.02438 
   28   28    1    1    1    1    1    1    1    1  1.74844E+12 0.01503 
   29   29    1    1    1    1    1    1    1    1  2.66317E+12 0.00967 
   30   30    1    1    1    1    1    1    1    1  7.16713E+12 0.00740 
   31   31    1    1    1    1    1    1    1    1  1.93541E+13 0.00614 
   32   32    1    1    1    1    1    1    1    1  3.20998E+13 0.00549 
   33   33    1    1    1    1    1    1    1    1  6.83796E+13 0.00363 
   34   34    1    1    1    1    1    1    1    1  8.70608E+13 0.00244 
   35   35    1    1    1    1    1    1    1    1  1.19815E+14 0.00225 
   36   36    1    1    1    1    1    1    1    1  8.80878E+13 0.00249 
   37   37    1    1    1    1    1    1    1    1  2.73877E+13 0.00190 
   38   38    1    1    1    1    1    1    1    1  1.42541E+14 0.00170 
   39   39    1    1    1    1    1    1    1    1  1.83980E+14 0.00145 
   40   40    1    1    1    1    1    1    1    1  3.12120E+14 0.00149 
   41   41    1    1    1    1    1    1    1    1  3.06761E+14 0.00126 
   42   42    1    1    1    1    1    1    1    1  6.00049E+14 0.00132 
   43   43    1    1    1    1    1    1    1    1  6.88502E+14 0.00138 
   44   44    1    1    1    1    1    1    1    1  9.36305E+14 0.00119 
   45   45    1    1    1    1    1    1    1    1  1.76551E+15 0.00104 
   46   46    1    1    1    1    1    1    1    1  8.80781E+14 0.00118 
   47   47    1    1    1    1    1    1    1    1  1.34233E+15 0.00105 
   48   48    1    1    1    1    1    1    1    1  1.87499E+15 0.00096 
   49   49    1    1    1    1    1    1    1    1  1.77148E+15 0.00093 
   50   50    1    1    1    1    1    1    1    1  2.74974E+15 0.00081 
   51   51    1    1    1    1    1    1    1    1  2.18299E+15 0.00083 
   52   52    1    1    1    1    1    1    1    1  2.53536E+15 0.00073 
   53   53    1    1    1    1    1    1    1    1  1.78944E+15 0.00071 
   54   54    1    1    1    1    1    1    1    1  2.17821E+15 0.00088 
   55   55    1    1    1    1    1    1    1    1  1.52518E+15 0.00084 
   56   56    1    1    1    1    1    1    1    1  2.09017E+14 0.00120 
   57   57    1    1    1    1    1    1    1    1  3.00181E+15 0.00093 
   58   58    1    1    1    1    1    1    1    1  1.32319E+15 0.00120 
   59   59    1    1    1    1    1    1    1    1  1.42698E+15 0.00107 
   60   60    1    1    1    1    1    1    1    1  1.11871E+15 0.00113 
   61   61    1    1    1    1    1    1    1    1  1.11992E+15 0.00123 
   62   62    1    1    1    1    1    1    1    1  1.14583E+15 0.00093 
   63   63    1    1    1    1    1    1    1    1  9.59928E+14 0.00106 
   64   64    1    1    1    1    1    1    1    1  7.60688E+14 0.00142 
   65   65    1    1    1    1    1    1    1    1  7.51800E+14 0.00091 
   66   66    1    1    1    1    1    1    1    1  5.69735E+14 0.00141 
   67   67    1    1    1    1    1    1    1    1  4.67113E+14 0.00158 
   68   68    1    1    1    1    1    1    1    1  4.15899E+14 0.00085 
   69   69    1    1    1    1    1    1    1    1  5.03214E+14 0.00148 
   70   70    1    1    1    1    1    1    1    1  4.30696E+14 0.00122 
   71   71    1    1    1    1    1    1    1    1  7.97829E+14 0.00081 
   72   72    1    1    1    1    1    1    1    1  5.73262E+14 0.00092 
   73   73    1    1    1    1    1    1    1    1  4.35477E+14 0.00125 
   74   74    1    1    1    1    1    1    1    1  3.49924E+14 0.00153 
   75   75    1    1    1    1    1    1    1    1  2.87841E+14 0.00191 
   76   76    1    1    1    1    1    1    1    1  3.30830E+14 0.00193 
   77   77    1    1    1    1    1    1    1    1  2.59301E+14 0.00144 
   78   78    1    1    1    1    1    1    1    1  2.02691E+14 0.00205 
   79   79    1    1    1    1    1    1    1    1  2.09097E+14 0.00210 
   80   80    1    1    1    1    1    1    1    1  1.55441E+14 0.00188 
   81   81    1    1    1    1    1    1    1    1  1.19529E+14 0.00197 
   82   82    1    1    1    1    1    1    1    1  9.19499E+13 0.00274 
   83   83    1    1    1    1    1    1    1    1  8.57464E+13 0.00168 
   84   84    1    1    1    1    1    1    1    1  6.18011E+13 0.00225 
   85   85    1    1    1    1    1    1    1    1  4.46736E+13 0.00371 
   86   86    1    1    1    1    1    1    1    1  4.16297E+13 0.00490 
   87   87    1    1    1    1    1    1    1    1  2.58213E+13 0.00549 
   88   88    1    1    1    1    1    1    1    1  1.72832E+13 0.00438 
   89   89    1    1    1    1    1    1    1    1  9.94521E+12 0.00795 
   90   90    1    1    1    1    1    1    1    1  6.69183E+12 0.00909 
   91   91    1    1    1    1    1    1    1    1  3.22784E+12 0.01351 
   92   92    1    1    1    1    1    1    1    1  1.62958E+12 0.02527 
   93   93    1    1    1    1    1    1    1    1  8.22557E+11 0.02785 
   94   94    1    1    1    1    1    1    1    1  3.82360E+11 0.05205 
   95   95    1    1    1    1    1    1    1    1  1.82809E+11 0.04202 
   96   96    1    1    1    1    1    1    1    1  8.78112E+10 0.08432 
   97   97    1    1    1    1    1    1    1    1  4.70099E+10 0.11514 
   98   98    1    1    1    1    1    1    1    1  2.08043E+10 0.21384 
   99   99    1    1    1    1    1    1    1    1  6.15473E+09 0.22127 
  100  100    1    1    1    1    1    1    1    1  9.21288E+09 0.23884 
];


