
DETdpaspec = [
    1    1    1    1    1    1    1    1    1    1  0.00000E+00 0.00000 
    2    2    1    1    1    1    1    1    1    1  0.00000E+00 0.00000 
    3    3    1    1    1    1    1    1    1    1  0.00000E+00 0.00000 
    4    4    1    1    1    1    1    1    1    1  0.00000E+00 0.00000 
    5    5    1    1    1    1    1    1    1    1  0.00000E+00 0.00000 
    6    6    1    1    1    1    1    1    1    1  0.00000E+00 0.00000 
    7    7    1    1    1    1    1    1    1    1  0.00000E+00 0.00000 
    8    8    1    1    1    1    1    1    1    1  0.00000E+00 0.00000 
    9    9    1    1    1    1    1    1    1    1  7.23269E+06 1.00000 
   10   10    1    1    1    1    1    1    1    1  1.75644E+08 0.78319 
   11   11    1    1    1    1    1    1    1    1  5.16523E+07 1.00000 
   12   12    1    1    1    1    1    1    1    1  1.44077E+08 0.63892 
   13   13    1    1    1    1    1    1    1    1  2.59469E+09 0.32032 
   14   14    1    1    1    1    1    1    1    1  4.46100E+09 0.31678 
   15   15    1    1    1    1    1    1    1    1  4.03353E+09 0.30294 
   16   16    1    1    1    1    1    1    1    1  1.77242E+09 0.32164 
   17   17    1    1    1    1    1    1    1    1  5.11957E+09 0.19323 
   18   18    1    1    1    1    1    1    1    1  1.17643E+10 0.14878 
   19   19    1    1    1    1    1    1    1    1  8.05370E+09 0.17987 
   20   20    1    1    1    1    1    1    1    1  2.51600E+10 0.13445 
   21   21    1    1    1    1    1    1    1    1  2.34716E+10 0.11009 
   22   22    1    1    1    1    1    1    1    1  4.62248E+10 0.11711 
   23   23    1    1    1    1    1    1    1    1  7.45088E+10 0.08017 
   24   24    1    1    1    1    1    1    1    1  1.34389E+11 0.05437 
   25   25    1    1    1    1    1    1    1    1  2.04273E+11 0.04925 
   26   26    1    1    1    1    1    1    1    1  4.02958E+11 0.03422 
   27   27    1    1    1    1    1    1    1    1  8.29999E+11 0.02701 
   28   28    1    1    1    1    1    1    1    1  1.97907E+12 0.01469 
   29   29    1    1    1    1    1    1    1    1  3.30632E+12 0.01237 
   30   30    1    1    1    1    1    1    1    1  8.35077E+12 0.00772 
   31   31    1    1    1    1    1    1    1    1  2.21562E+13 0.00510 
   32   32    1    1    1    1    1    1    1    1  3.64382E+13 0.00505 
   33   33    1    1    1    1    1    1    1    1  7.82243E+13 0.00437 
   34   34    1    1    1    1    1    1    1    1  1.00970E+14 0.00245 
   35   35    1    1    1    1    1    1    1    1  1.34241E+14 0.00179 
   36   36    1    1    1    1    1    1    1    1  9.72534E+13 0.00153 
   37   37    1    1    1    1    1    1    1    1  2.99740E+13 0.00169 
   38   38    1    1    1    1    1    1    1    1  1.57801E+14 0.00132 
   39   39    1    1    1    1    1    1    1    1  2.03063E+14 0.00121 
   40   40    1    1    1    1    1    1    1    1  3.46070E+14 0.00107 
   41   41    1    1    1    1    1    1    1    1  3.37440E+14 0.00103 
   42   42    1    1    1    1    1    1    1    1  6.65216E+14 0.00106 
   43   43    1    1    1    1    1    1    1    1  7.64497E+14 0.00089 
   44   44    1    1    1    1    1    1    1    1  1.03985E+15 0.00116 
   45   45    1    1    1    1    1    1    1    1  1.96914E+15 0.00099 
   46   46    1    1    1    1    1    1    1    1  9.81409E+14 0.00079 
   47   47    1    1    1    1    1    1    1    1  1.49173E+15 0.00067 
   48   48    1    1    1    1    1    1    1    1  2.08983E+15 0.00072 
   49   49    1    1    1    1    1    1    1    1  1.97193E+15 0.00074 
   50   50    1    1    1    1    1    1    1    1  3.08042E+15 0.00072 
   51   51    1    1    1    1    1    1    1    1  2.43377E+15 0.00064 
   52   52    1    1    1    1    1    1    1    1  2.84635E+15 0.00086 
   53   53    1    1    1    1    1    1    1    1  2.00764E+15 0.00085 
   54   54    1    1    1    1    1    1    1    1  2.46338E+15 0.00075 
   55   55    1    1    1    1    1    1    1    1  1.72265E+15 0.00084 
   56   56    1    1    1    1    1    1    1    1  2.35828E+14 0.00124 
   57   57    1    1    1    1    1    1    1    1  3.38762E+15 0.00081 
   58   58    1    1    1    1    1    1    1    1  1.51042E+15 0.00064 
   59   59    1    1    1    1    1    1    1    1  1.62703E+15 0.00077 
   60   60    1    1    1    1    1    1    1    1  1.28252E+15 0.00066 
   61   61    1    1    1    1    1    1    1    1  1.28274E+15 0.00088 
   62   62    1    1    1    1    1    1    1    1  1.31256E+15 0.00101 
   63   63    1    1    1    1    1    1    1    1  1.10411E+15 0.00097 
   64   64    1    1    1    1    1    1    1    1  8.74632E+14 0.00101 
   65   65    1    1    1    1    1    1    1    1  8.65305E+14 0.00105 
   66   66    1    1    1    1    1    1    1    1  6.57386E+14 0.00093 
   67   67    1    1    1    1    1    1    1    1  5.38393E+14 0.00114 
   68   68    1    1    1    1    1    1    1    1  4.78639E+14 0.00111 
   69   69    1    1    1    1    1    1    1    1  5.78914E+14 0.00100 
   70   70    1    1    1    1    1    1    1    1  4.94921E+14 0.00157 
   71   71    1    1    1    1    1    1    1    1  9.10251E+14 0.00118 
   72   72    1    1    1    1    1    1    1    1  6.55084E+14 0.00113 
   73   73    1    1    1    1    1    1    1    1  4.99927E+14 0.00108 
   74   74    1    1    1    1    1    1    1    1  4.02621E+14 0.00121 
   75   75    1    1    1    1    1    1    1    1  3.32821E+14 0.00156 
   76   76    1    1    1    1    1    1    1    1  3.85104E+14 0.00128 
   77   77    1    1    1    1    1    1    1    1  3.03107E+14 0.00171 
   78   78    1    1    1    1    1    1    1    1  2.38825E+14 0.00174 
   79   79    1    1    1    1    1    1    1    1  2.45813E+14 0.00187 
   80   80    1    1    1    1    1    1    1    1  1.83245E+14 0.00177 
   81   81    1    1    1    1    1    1    1    1  1.41314E+14 0.00164 
   82   82    1    1    1    1    1    1    1    1  1.08328E+14 0.00198 
   83   83    1    1    1    1    1    1    1    1  1.01939E+14 0.00260 
   84   84    1    1    1    1    1    1    1    1  7.28483E+13 0.00330 
   85   85    1    1    1    1    1    1    1    1  5.27595E+13 0.00334 
   86   86    1    1    1    1    1    1    1    1  4.90956E+13 0.00355 
   87   87    1    1    1    1    1    1    1    1  3.05664E+13 0.00400 
   88   88    1    1    1    1    1    1    1    1  2.03755E+13 0.00544 
   89   89    1    1    1    1    1    1    1    1  1.18050E+13 0.00765 
   90   90    1    1    1    1    1    1    1    1  7.80085E+12 0.00621 
   91   91    1    1    1    1    1    1    1    1  3.95885E+12 0.00889 
   92   92    1    1    1    1    1    1    1    1  1.89711E+12 0.01398 
   93   93    1    1    1    1    1    1    1    1  9.42301E+11 0.02028 
   94   94    1    1    1    1    1    1    1    1  4.55330E+11 0.03616 
   95   95    1    1    1    1    1    1    1    1  2.19051E+11 0.04078 
   96   96    1    1    1    1    1    1    1    1  1.10191E+11 0.06776 
   97   97    1    1    1    1    1    1    1    1  6.14926E+10 0.10183 
   98   98    1    1    1    1    1    1    1    1  2.54894E+10 0.16988 
   99   99    1    1    1    1    1    1    1    1  1.14718E+10 0.22938 
  100  100    1    1    1    1    1    1    1    1  1.10901E+10 0.23850 
];


