
DETdpaspec = [
    1    1    1    1    1    1    1    1    1    1  0.00000E+00 0.00000 
    2    2    1    1    1    1    1    1    1    1  0.00000E+00 0.00000 
    3    3    1    1    1    1    1    1    1    1  0.00000E+00 0.00000 
    4    4    1    1    1    1    1    1    1    1  0.00000E+00 0.00000 
    5    5    1    1    1    1    1    1    1    1  0.00000E+00 0.00000 
    6    6    1    1    1    1    1    1    1    1  0.00000E+00 0.00000 
    7    7    1    1    1    1    1    1    1    1  0.00000E+00 0.00000 
    8    8    1    1    1    1    1    1    1    1  0.00000E+00 0.00000 
    9    9    1    1    1    1    1    1    1    1  0.00000E+00 0.00000 
   10   10    1    1    1    1    1    1    1    1  0.00000E+00 0.00000 
   11   11    1    1    1    1    1    1    1    1  6.85396E+07 1.00000 
   12   12    1    1    1    1    1    1    1    1  1.10472E+08 0.69577 
   13   13    1    1    1    1    1    1    1    1  2.48706E+09 0.54912 
   14   14    1    1    1    1    1    1    1    1  2.72437E+09 0.43969 
   15   15    1    1    1    1    1    1    1    1  2.46836E+09 0.52257 
   16   16    1    1    1    1    1    1    1    1  1.92817E+09 0.46452 
   17   17    1    1    1    1    1    1    1    1  2.38002E+09 0.40407 
   18   18    1    1    1    1    1    1    1    1  3.33769E+09 0.36773 
   19   19    1    1    1    1    1    1    1    1  6.15995E+09 0.19932 
   20   20    1    1    1    1    1    1    1    1  1.84138E+10 0.16626 
   21   21    1    1    1    1    1    1    1    1  2.40118E+10 0.15433 
   22   22    1    1    1    1    1    1    1    1  6.55777E+10 0.09760 
   23   23    1    1    1    1    1    1    1    1  1.96371E+11 0.05036 
   24   24    1    1    1    1    1    1    1    1  5.83243E+11 0.02900 
   25   25    1    1    1    1    1    1    1    1  1.01950E+12 0.01786 
   26   26    1    1    1    1    1    1    1    1  2.25038E+12 0.01151 
   27   27    1    1    1    1    1    1    1    1  4.56676E+12 0.01002 
   28   28    1    1    1    1    1    1    1    1  9.73941E+12 0.00722 
   29   29    1    1    1    1    1    1    1    1  1.51357E+13 0.00715 
   30   30    1    1    1    1    1    1    1    1  2.92900E+13 0.00411 
   31   31    1    1    1    1    1    1    1    1  6.22855E+13 0.00300 
   32   32    1    1    1    1    1    1    1    1  8.85016E+13 0.00281 
   33   33    1    1    1    1    1    1    1    1  1.69154E+14 0.00188 
   34   34    1    1    1    1    1    1    1    1  2.08332E+14 0.00203 
   35   35    1    1    1    1    1    1    1    1  2.32741E+14 0.00112 
   36   36    1    1    1    1    1    1    1    1  1.54946E+14 0.00123 
   37   37    1    1    1    1    1    1    1    1  4.55480E+13 0.00099 
   38   38    1    1    1    1    1    1    1    1  2.43438E+14 0.00114 
   39   39    1    1    1    1    1    1    1    1  3.07788E+14 0.00113 
   40   40    1    1    1    1    1    1    1    1  5.19780E+14 0.00104 
   41   41    1    1    1    1    1    1    1    1  4.83699E+14 0.00100 
   42   42    1    1    1    1    1    1    1    1  9.54998E+14 0.00079 
   43   43    1    1    1    1    1    1    1    1  1.07961E+15 0.00083 
   44   44    1    1    1    1    1    1    1    1  1.44268E+15 0.00080 
   45   45    1    1    1    1    1    1    1    1  2.69593E+15 0.00059 
   46   46    1    1    1    1    1    1    1    1  1.30667E+15 0.00054 
   47   47    1    1    1    1    1    1    1    1  1.94755E+15 0.00059 
   48   48    1    1    1    1    1    1    1    1  2.68893E+15 0.00068 
   49   49    1    1    1    1    1    1    1    1  2.48429E+15 0.00078 
   50   50    1    1    1    1    1    1    1    1  3.89623E+15 0.00057 
   51   51    1    1    1    1    1    1    1    1  2.99176E+15 0.00063 
   52   52    1    1    1    1    1    1    1    1  3.52866E+15 0.00056 
   53   53    1    1    1    1    1    1    1    1  2.45710E+15 0.00063 
   54   54    1    1    1    1    1    1    1    1  3.04722E+15 0.00041 
   55   55    1    1    1    1    1    1    1    1  2.11285E+15 0.00062 
   56   56    1    1    1    1    1    1    1    1  2.87176E+14 0.00092 
   57   57    1    1    1    1    1    1    1    1  4.12327E+15 0.00057 
   58   58    1    1    1    1    1    1    1    1  1.86797E+15 0.00064 
   59   59    1    1    1    1    1    1    1    1  1.98779E+15 0.00060 
   60   60    1    1    1    1    1    1    1    1  1.58853E+15 0.00051 
   61   61    1    1    1    1    1    1    1    1  1.58180E+15 0.00049 
   62   62    1    1    1    1    1    1    1    1  1.61676E+15 0.00068 
   63   63    1    1    1    1    1    1    1    1  1.35933E+15 0.00065 
   64   64    1    1    1    1    1    1    1    1  1.07561E+15 0.00080 
   65   65    1    1    1    1    1    1    1    1  1.05937E+15 0.00088 
   66   66    1    1    1    1    1    1    1    1  8.03095E+14 0.00103 
   67   67    1    1    1    1    1    1    1    1  6.51856E+14 0.00071 
   68   68    1    1    1    1    1    1    1    1  5.77994E+14 0.00080 
   69   69    1    1    1    1    1    1    1    1  6.94740E+14 0.00103 
   70   70    1    1    1    1    1    1    1    1  5.92169E+14 0.00121 
   71   71    1    1    1    1    1    1    1    1  1.06590E+15 0.00077 
   72   72    1    1    1    1    1    1    1    1  7.59608E+14 0.00095 
   73   73    1    1    1    1    1    1    1    1  5.79029E+14 0.00091 
   74   74    1    1    1    1    1    1    1    1  4.73258E+14 0.00101 
   75   75    1    1    1    1    1    1    1    1  3.95276E+14 0.00122 
   76   76    1    1    1    1    1    1    1    1  4.61414E+14 0.00130 
   77   77    1    1    1    1    1    1    1    1  3.67882E+14 0.00115 
   78   78    1    1    1    1    1    1    1    1  2.91843E+14 0.00122 
   79   79    1    1    1    1    1    1    1    1  3.04395E+14 0.00110 
   80   80    1    1    1    1    1    1    1    1  2.26313E+14 0.00149 
   81   81    1    1    1    1    1    1    1    1  1.75519E+14 0.00136 
   82   82    1    1    1    1    1    1    1    1  1.34806E+14 0.00155 
   83   83    1    1    1    1    1    1    1    1  1.26091E+14 0.00197 
   84   84    1    1    1    1    1    1    1    1  9.08351E+13 0.00267 
   85   85    1    1    1    1    1    1    1    1  6.55371E+13 0.00281 
   86   86    1    1    1    1    1    1    1    1  6.09450E+13 0.00342 
   87   87    1    1    1    1    1    1    1    1  3.72156E+13 0.00434 
   88   88    1    1    1    1    1    1    1    1  2.51982E+13 0.00372 
   89   89    1    1    1    1    1    1    1    1  1.42794E+13 0.00769 
   90   90    1    1    1    1    1    1    1    1  9.52375E+12 0.00791 
   91   91    1    1    1    1    1    1    1    1  4.63911E+12 0.01059 
   92   92    1    1    1    1    1    1    1    1  2.29159E+12 0.01377 
   93   93    1    1    1    1    1    1    1    1  1.10656E+12 0.02080 
   94   94    1    1    1    1    1    1    1    1  5.51071E+11 0.03728 
   95   95    1    1    1    1    1    1    1    1  2.47598E+11 0.04728 
   96   96    1    1    1    1    1    1    1    1  1.08683E+11 0.05942 
   97   97    1    1    1    1    1    1    1    1  4.74244E+10 0.12842 
   98   98    1    1    1    1    1    1    1    1  3.00273E+10 0.13944 
   99   99    1    1    1    1    1    1    1    1  1.44027E+10 0.18694 
  100  100    1    1    1    1    1    1    1    1  1.17851E+10 0.24175 
];


