
DETdpaspec = [
    1    1    1    1    1    1    1    1    1    1  0.00000E+00 0.00000 
    2    2    1    1    1    1    1    1    1    1  0.00000E+00 0.00000 
    3    3    1    1    1    1    1    1    1    1  0.00000E+00 0.00000 
    4    4    1    1    1    1    1    1    1    1  0.00000E+00 0.00000 
    5    5    1    1    1    1    1    1    1    1  0.00000E+00 0.00000 
    6    6    1    1    1    1    1    1    1    1  6.84395E+06 1.00000 
    7    7    1    1    1    1    1    1    1    1  3.39711E+07 0.54764 
    8    8    1    1    1    1    1    1    1    1  1.42680E+07 1.00000 
    9    9    1    1    1    1    1    1    1    1  0.00000E+00 0.00000 
   10   10    1    1    1    1    1    1    1    1  0.00000E+00 0.00000 
   11   11    1    1    1    1    1    1    1    1  1.32773E+08 0.70894 
   12   12    1    1    1    1    1    1    1    1  1.39468E+08 0.42488 
   13   13    1    1    1    1    1    1    1    1  2.90815E+09 0.33936 
   14   14    1    1    1    1    1    1    1    1  5.70573E+09 0.28352 
   15   15    1    1    1    1    1    1    1    1  4.07256E+09 0.33653 
   16   16    1    1    1    1    1    1    1    1  2.06440E+09 0.24287 
   17   17    1    1    1    1    1    1    1    1  3.58488E+09 0.15036 
   18   18    1    1    1    1    1    1    1    1  1.24546E+10 0.11716 
   19   19    1    1    1    1    1    1    1    1  1.38853E+10 0.15348 
   20   20    1    1    1    1    1    1    1    1  4.16344E+10 0.12380 
   21   21    1    1    1    1    1    1    1    1  3.46242E+10 0.08471 
   22   22    1    1    1    1    1    1    1    1  8.52361E+10 0.08451 
   23   23    1    1    1    1    1    1    1    1  1.19211E+11 0.07773 
   24   24    1    1    1    1    1    1    1    1  1.90602E+11 0.04231 
   25   25    1    1    1    1    1    1    1    1  2.42518E+11 0.04821 
   26   26    1    1    1    1    1    1    1    1  4.26922E+11 0.03477 
   27   27    1    1    1    1    1    1    1    1  8.02576E+11 0.02862 
   28   28    1    1    1    1    1    1    1    1  1.60591E+12 0.02007 
   29   29    1    1    1    1    1    1    1    1  2.11638E+12 0.01393 
   30   30    1    1    1    1    1    1    1    1  6.23684E+12 0.00885 
   31   31    1    1    1    1    1    1    1    1  1.59086E+13 0.00553 
   32   32    1    1    1    1    1    1    1    1  2.57632E+13 0.00501 
   33   33    1    1    1    1    1    1    1    1  5.18607E+13 0.00370 
   34   34    1    1    1    1    1    1    1    1  6.23539E+13 0.00297 
   35   35    1    1    1    1    1    1    1    1  9.10283E+13 0.00238 
   36   36    1    1    1    1    1    1    1    1  6.78756E+13 0.00205 
   37   37    1    1    1    1    1    1    1    1  2.14568E+13 0.00252 
   38   38    1    1    1    1    1    1    1    1  1.07482E+14 0.00215 
   39   39    1    1    1    1    1    1    1    1  1.36672E+14 0.00193 
   40   40    1    1    1    1    1    1    1    1  2.24441E+14 0.00179 
   41   41    1    1    1    1    1    1    1    1  2.24846E+14 0.00126 
   42   42    1    1    1    1    1    1    1    1  4.23839E+14 0.00144 
   43   43    1    1    1    1    1    1    1    1  4.78591E+14 0.00123 
   44   44    1    1    1    1    1    1    1    1  6.38419E+14 0.00122 
   45   45    1    1    1    1    1    1    1    1  1.16420E+15 0.00128 
   46   46    1    1    1    1    1    1    1    1  5.78529E+14 0.00148 
   47   47    1    1    1    1    1    1    1    1  8.84401E+14 0.00125 
   48   48    1    1    1    1    1    1    1    1  1.21908E+15 0.00123 
   49   49    1    1    1    1    1    1    1    1  1.15343E+15 0.00121 
   50   50    1    1    1    1    1    1    1    1  1.74609E+15 0.00147 
   51   51    1    1    1    1    1    1    1    1  1.39812E+15 0.00141 
   52   52    1    1    1    1    1    1    1    1  1.58078E+15 0.00149 
   53   53    1    1    1    1    1    1    1    1  1.11682E+15 0.00153 
   54   54    1    1    1    1    1    1    1    1  1.32675E+15 0.00139 
   55   55    1    1    1    1    1    1    1    1  9.30516E+14 0.00149 
   56   56    1    1    1    1    1    1    1    1  1.28449E+14 0.00146 
   57   57    1    1    1    1    1    1    1    1  1.82596E+15 0.00113 
   58   58    1    1    1    1    1    1    1    1  7.80907E+14 0.00168 
   59   59    1    1    1    1    1    1    1    1  8.46262E+14 0.00183 
   60   60    1    1    1    1    1    1    1    1  6.48165E+14 0.00136 
   61   61    1    1    1    1    1    1    1    1  6.50102E+14 0.00152 
   62   62    1    1    1    1    1    1    1    1  6.60874E+14 0.00140 
   63   63    1    1    1    1    1    1    1    1  5.50692E+14 0.00144 
   64   64    1    1    1    1    1    1    1    1  4.33733E+14 0.00141 
   65   65    1    1    1    1    1    1    1    1  4.27445E+14 0.00180 
   66   66    1    1    1    1    1    1    1    1  3.22507E+14 0.00162 
   67   67    1    1    1    1    1    1    1    1  2.65817E+14 0.00186 
   68   68    1    1    1    1    1    1    1    1  2.37927E+14 0.00239 
   69   69    1    1    1    1    1    1    1    1  2.87050E+14 0.00193 
   70   70    1    1    1    1    1    1    1    1  2.45456E+14 0.00177 
   71   71    1    1    1    1    1    1    1    1  4.60160E+14 0.00187 
   72   72    1    1    1    1    1    1    1    1  3.31500E+14 0.00135 
   73   73    1    1    1    1    1    1    1    1  2.51055E+14 0.00157 
   74   74    1    1    1    1    1    1    1    1  1.98624E+14 0.00190 
   75   75    1    1    1    1    1    1    1    1  1.60481E+14 0.00292 
   76   76    1    1    1    1    1    1    1    1  1.80750E+14 0.00219 
   77   77    1    1    1    1    1    1    1    1  1.38729E+14 0.00222 
   78   78    1    1    1    1    1    1    1    1  1.07431E+14 0.00287 
   79   79    1    1    1    1    1    1    1    1  1.09822E+14 0.00281 
   80   80    1    1    1    1    1    1    1    1  8.07467E+13 0.00380 
   81   81    1    1    1    1    1    1    1    1  6.19823E+13 0.00203 
   82   82    1    1    1    1    1    1    1    1  4.75892E+13 0.00429 
   83   83    1    1    1    1    1    1    1    1  4.44257E+13 0.00378 
   84   84    1    1    1    1    1    1    1    1  3.16166E+13 0.00472 
   85   85    1    1    1    1    1    1    1    1  2.27137E+13 0.00450 
   86   86    1    1    1    1    1    1    1    1  2.15781E+13 0.00402 
   87   87    1    1    1    1    1    1    1    1  1.32744E+13 0.00613 
   88   88    1    1    1    1    1    1    1    1  9.11421E+12 0.00701 
   89   89    1    1    1    1    1    1    1    1  5.21781E+12 0.00808 
   90   90    1    1    1    1    1    1    1    1  3.51697E+12 0.01423 
   91   91    1    1    1    1    1    1    1    1  1.79062E+12 0.01245 
   92   92    1    1    1    1    1    1    1    1  8.53367E+11 0.02432 
   93   93    1    1    1    1    1    1    1    1  4.16433E+11 0.03424 
   94   94    1    1    1    1    1    1    1    1  2.05316E+11 0.05443 
   95   95    1    1    1    1    1    1    1    1  1.06937E+11 0.06140 
   96   96    1    1    1    1    1    1    1    1  5.56612E+10 0.07798 
   97   97    1    1    1    1    1    1    1    1  2.06916E+10 0.16898 
   98   98    1    1    1    1    1    1    1    1  1.02574E+10 0.20220 
   99   99    1    1    1    1    1    1    1    1  1.86928E+09 0.48158 
  100  100    1    1    1    1    1    1    1    1  3.76045E+09 0.41293 
];


