
DETdpaspec = [
    1    1    1    1    1    1    1    1    1    1  0.00000E+00 0.00000 
    2    2    1    1    1    1    1    1    1    1  0.00000E+00 0.00000 
    3    3    1    1    1    1    1    1    1    1  0.00000E+00 0.00000 
    4    4    1    1    1    1    1    1    1    1  0.00000E+00 0.00000 
    5    5    1    1    1    1    1    1    1    1  0.00000E+00 0.00000 
    6    6    1    1    1    1    1    1    1    1  0.00000E+00 0.00000 
    7    7    1    1    1    1    1    1    1    1  0.00000E+00 0.00000 
    8    8    1    1    1    1    1    1    1    1  2.41163E+07 0.69506 
    9    9    1    1    1    1    1    1    1    1  6.61058E+06 1.00000 
   10   10    1    1    1    1    1    1    1    1  4.54292E+07 1.00000 
   11   11    1    1    1    1    1    1    1    1  1.80863E+08 0.79360 
   12   12    1    1    1    1    1    1    1    1  5.49336E+07 0.61611 
   13   13    1    1    1    1    1    1    1    1  1.38574E+09 0.39726 
   14   14    1    1    1    1    1    1    1    1  1.70600E+09 0.38300 
   15   15    1    1    1    1    1    1    1    1  3.24736E+09 0.35362 
   16   16    1    1    1    1    1    1    1    1  1.52815E+09 0.34894 
   17   17    1    1    1    1    1    1    1    1  2.75364E+09 0.32821 
   18   18    1    1    1    1    1    1    1    1  5.87615E+09 0.19242 
   19   19    1    1    1    1    1    1    1    1  8.78108E+09 0.18184 
   20   20    1    1    1    1    1    1    1    1  2.89048E+10 0.17502 
   21   21    1    1    1    1    1    1    1    1  2.46441E+10 0.11313 
   22   22    1    1    1    1    1    1    1    1  5.34435E+10 0.07679 
   23   23    1    1    1    1    1    1    1    1  7.95712E+10 0.07401 
   24   24    1    1    1    1    1    1    1    1  1.44813E+11 0.06138 
   25   25    1    1    1    1    1    1    1    1  1.94961E+11 0.03750 
   26   26    1    1    1    1    1    1    1    1  3.89689E+11 0.03776 
   27   27    1    1    1    1    1    1    1    1  8.01158E+11 0.02935 
   28   28    1    1    1    1    1    1    1    1  1.77617E+12 0.01683 
   29   29    1    1    1    1    1    1    1    1  2.72160E+12 0.00868 
   30   30    1    1    1    1    1    1    1    1  7.35070E+12 0.00991 
   31   31    1    1    1    1    1    1    1    1  1.97850E+13 0.00674 
   32   32    1    1    1    1    1    1    1    1  3.27070E+13 0.00309 
   33   33    1    1    1    1    1    1    1    1  6.96303E+13 0.00299 
   34   34    1    1    1    1    1    1    1    1  8.88706E+13 0.00240 
   35   35    1    1    1    1    1    1    1    1  1.21731E+14 0.00180 
   36   36    1    1    1    1    1    1    1    1  8.93756E+13 0.00173 
   37   37    1    1    1    1    1    1    1    1  2.76669E+13 0.00203 
   38   38    1    1    1    1    1    1    1    1  1.44614E+14 0.00178 
   39   39    1    1    1    1    1    1    1    1  1.86566E+14 0.00180 
   40   40    1    1    1    1    1    1    1    1  3.15976E+14 0.00148 
   41   41    1    1    1    1    1    1    1    1  3.10632E+14 0.00132 
   42   42    1    1    1    1    1    1    1    1  6.09775E+14 0.00099 
   43   43    1    1    1    1    1    1    1    1  6.98916E+14 0.00108 
   44   44    1    1    1    1    1    1    1    1  9.50027E+14 0.00101 
   45   45    1    1    1    1    1    1    1    1  1.79280E+15 0.00077 
   46   46    1    1    1    1    1    1    1    1  8.95826E+14 0.00080 
   47   47    1    1    1    1    1    1    1    1  1.36375E+15 0.00087 
   48   48    1    1    1    1    1    1    1    1  1.90584E+15 0.00098 
   49   49    1    1    1    1    1    1    1    1  1.80001E+15 0.00095 
   50   50    1    1    1    1    1    1    1    1  2.79679E+15 0.00098 
   51   51    1    1    1    1    1    1    1    1  2.21797E+15 0.00104 
   52   52    1    1    1    1    1    1    1    1  2.57696E+15 0.00101 
   53   53    1    1    1    1    1    1    1    1  1.81965E+15 0.00096 
   54   54    1    1    1    1    1    1    1    1  2.21849E+15 0.00097 
   55   55    1    1    1    1    1    1    1    1  1.55224E+15 0.00111 
   56   56    1    1    1    1    1    1    1    1  2.13259E+14 0.00147 
   57   57    1    1    1    1    1    1    1    1  3.05396E+15 0.00087 
   58   58    1    1    1    1    1    1    1    1  1.34917E+15 0.00113 
   59   59    1    1    1    1    1    1    1    1  1.45557E+15 0.00106 
   60   60    1    1    1    1    1    1    1    1  1.14117E+15 0.00094 
   61   61    1    1    1    1    1    1    1    1  1.14229E+15 0.00098 
   62   62    1    1    1    1    1    1    1    1  1.16811E+15 0.00091 
   63   63    1    1    1    1    1    1    1    1  9.79704E+14 0.00096 
   64   64    1    1    1    1    1    1    1    1  7.76103E+14 0.00115 
   65   65    1    1    1    1    1    1    1    1  7.68454E+14 0.00136 
   66   66    1    1    1    1    1    1    1    1  5.81503E+14 0.00114 
   67   67    1    1    1    1    1    1    1    1  4.76634E+14 0.00146 
   68   68    1    1    1    1    1    1    1    1  4.24371E+14 0.00140 
   69   69    1    1    1    1    1    1    1    1  5.12936E+14 0.00173 
   70   70    1    1    1    1    1    1    1    1  4.39301E+14 0.00143 
   71   71    1    1    1    1    1    1    1    1  8.11858E+14 0.00128 
   72   72    1    1    1    1    1    1    1    1  5.83126E+14 0.00126 
   73   73    1    1    1    1    1    1    1    1  4.45328E+14 0.00132 
   74   74    1    1    1    1    1    1    1    1  3.57738E+14 0.00169 
   75   75    1    1    1    1    1    1    1    1  2.94743E+14 0.00118 
   76   76    1    1    1    1    1    1    1    1  3.38483E+14 0.00147 
   77   77    1    1    1    1    1    1    1    1  2.65174E+14 0.00197 
   78   78    1    1    1    1    1    1    1    1  2.07972E+14 0.00177 
   79   79    1    1    1    1    1    1    1    1  2.13931E+14 0.00157 
   80   80    1    1    1    1    1    1    1    1  1.58444E+14 0.00202 
   81   81    1    1    1    1    1    1    1    1  1.22462E+14 0.00183 
   82   82    1    1    1    1    1    1    1    1  9.46605E+13 0.00235 
   83   83    1    1    1    1    1    1    1    1  8.80969E+13 0.00210 
   84   84    1    1    1    1    1    1    1    1  6.35258E+13 0.00315 
   85   85    1    1    1    1    1    1    1    1  4.61260E+13 0.00347 
   86   86    1    1    1    1    1    1    1    1  4.26974E+13 0.00409 
   87   87    1    1    1    1    1    1    1    1  2.65158E+13 0.00502 
   88   88    1    1    1    1    1    1    1    1  1.79649E+13 0.00552 
   89   89    1    1    1    1    1    1    1    1  1.02411E+13 0.00645 
   90   90    1    1    1    1    1    1    1    1  6.76493E+12 0.00807 
   91   91    1    1    1    1    1    1    1    1  3.50929E+12 0.01171 
   92   92    1    1    1    1    1    1    1    1  1.70965E+12 0.02173 
   93   93    1    1    1    1    1    1    1    1  8.09869E+11 0.02942 
   94   94    1    1    1    1    1    1    1    1  3.76890E+11 0.04467 
   95   95    1    1    1    1    1    1    1    1  1.91647E+11 0.05410 
   96   96    1    1    1    1    1    1    1    1  9.77701E+10 0.07477 
   97   97    1    1    1    1    1    1    1    1  4.62349E+10 0.09032 
   98   98    1    1    1    1    1    1    1    1  2.10876E+10 0.22544 
   99   99    1    1    1    1    1    1    1    1  9.15646E+09 0.26803 
  100  100    1    1    1    1    1    1    1    1  7.04367E+09 0.28081 
];


