
DETdpaspec = [
    1    1    1    1    1    1    1    1    1    1  0.00000E+00 0.00000 
    2    2    1    1    1    1    1    1    1    1  0.00000E+00 0.00000 
    3    3    1    1    1    1    1    1    1    1  0.00000E+00 0.00000 
    4    4    1    1    1    1    1    1    1    1  0.00000E+00 0.00000 
    5    5    1    1    1    1    1    1    1    1  0.00000E+00 0.00000 
    6    6    1    1    1    1    1    1    1    1  0.00000E+00 0.00000 
    7    7    1    1    1    1    1    1    1    1  0.00000E+00 0.00000 
    8    8    1    1    1    1    1    1    1    1  0.00000E+00 0.00000 
    9    9    1    1    1    1    1    1    1    1  0.00000E+00 0.00000 
   10   10    1    1    1    1    1    1    1    1  0.00000E+00 0.00000 
   11   11    1    1    1    1    1    1    1    1  7.19248E+07 1.00000 
   12   12    1    1    1    1    1    1    1    1  1.15496E+08 0.68834 
   13   13    1    1    1    1    1    1    1    1  1.11510E+09 0.55277 
   14   14    1    1    1    1    1    1    1    1  5.88783E+09 0.44713 
   15   15    1    1    1    1    1    1    1    1  2.43290E+09 0.42861 
   16   16    1    1    1    1    1    1    1    1  5.52652E+08 0.55180 
   17   17    1    1    1    1    1    1    1    1  3.03816E+09 0.32943 
   18   18    1    1    1    1    1    1    1    1  6.77466E+09 0.20838 
   19   19    1    1    1    1    1    1    1    1  6.60355E+09 0.21861 
   20   20    1    1    1    1    1    1    1    1  2.47252E+10 0.13965 
   21   21    1    1    1    1    1    1    1    1  2.45214E+10 0.12666 
   22   22    1    1    1    1    1    1    1    1  5.69427E+10 0.12489 
   23   23    1    1    1    1    1    1    1    1  1.82766E+11 0.04740 
   24   24    1    1    1    1    1    1    1    1  5.31023E+11 0.03572 
   25   25    1    1    1    1    1    1    1    1  9.32996E+11 0.02113 
   26   26    1    1    1    1    1    1    1    1  1.95942E+12 0.01648 
   27   27    1    1    1    1    1    1    1    1  4.07338E+12 0.01280 
   28   28    1    1    1    1    1    1    1    1  8.86946E+12 0.00770 
   29   29    1    1    1    1    1    1    1    1  1.40134E+13 0.00678 
   30   30    1    1    1    1    1    1    1    1  2.72249E+13 0.00447 
   31   31    1    1    1    1    1    1    1    1  5.88133E+13 0.00337 
   32   32    1    1    1    1    1    1    1    1  8.40102E+13 0.00278 
   33   33    1    1    1    1    1    1    1    1  1.62524E+14 0.00192 
   34   34    1    1    1    1    1    1    1    1  2.00944E+14 0.00215 
   35   35    1    1    1    1    1    1    1    1  2.26349E+14 0.00158 
   36   36    1    1    1    1    1    1    1    1  1.51201E+14 0.00149 
   37   37    1    1    1    1    1    1    1    1  4.45672E+13 0.00174 
   38   38    1    1    1    1    1    1    1    1  2.38236E+14 0.00111 
   39   39    1    1    1    1    1    1    1    1  3.02506E+14 0.00118 
   40   40    1    1    1    1    1    1    1    1  5.11291E+14 0.00115 
   41   41    1    1    1    1    1    1    1    1  4.76687E+14 0.00088 
   42   42    1    1    1    1    1    1    1    1  9.40640E+14 0.00076 
   43   43    1    1    1    1    1    1    1    1  1.06458E+15 0.00079 
   44   44    1    1    1    1    1    1    1    1  1.42592E+15 0.00068 
   45   45    1    1    1    1    1    1    1    1  2.66920E+15 0.00061 
   46   46    1    1    1    1    1    1    1    1  1.29520E+15 0.00061 
   47   47    1    1    1    1    1    1    1    1  1.93154E+15 0.00065 
   48   48    1    1    1    1    1    1    1    1  2.67331E+15 0.00069 
   49   49    1    1    1    1    1    1    1    1  2.47295E+15 0.00045 
   50   50    1    1    1    1    1    1    1    1  3.87620E+15 0.00066 
   51   51    1    1    1    1    1    1    1    1  2.98119E+15 0.00070 
   52   52    1    1    1    1    1    1    1    1  3.51496E+15 0.00052 
   53   53    1    1    1    1    1    1    1    1  2.44762E+15 0.00070 
   54   54    1    1    1    1    1    1    1    1  3.03922E+15 0.00066 
   55   55    1    1    1    1    1    1    1    1  2.10930E+15 0.00083 
   56   56    1    1    1    1    1    1    1    1  2.87231E+14 0.00142 
   57   57    1    1    1    1    1    1    1    1  4.12160E+15 0.00063 
   58   58    1    1    1    1    1    1    1    1  1.86717E+15 0.00083 
   59   59    1    1    1    1    1    1    1    1  1.98610E+15 0.00064 
   60   60    1    1    1    1    1    1    1    1  1.58902E+15 0.00069 
   61   61    1    1    1    1    1    1    1    1  1.58315E+15 0.00092 
   62   62    1    1    1    1    1    1    1    1  1.61961E+15 0.00082 
   63   63    1    1    1    1    1    1    1    1  1.36281E+15 0.00068 
   64   64    1    1    1    1    1    1    1    1  1.07671E+15 0.00069 
   65   65    1    1    1    1    1    1    1    1  1.06092E+15 0.00085 
   66   66    1    1    1    1    1    1    1    1  8.05073E+14 0.00091 
   67   67    1    1    1    1    1    1    1    1  6.53626E+14 0.00089 
   68   68    1    1    1    1    1    1    1    1  5.78821E+14 0.00073 
   69   69    1    1    1    1    1    1    1    1  6.98646E+14 0.00102 
   70   70    1    1    1    1    1    1    1    1  5.93532E+14 0.00144 
   71   71    1    1    1    1    1    1    1    1  1.07154E+15 0.00118 
   72   72    1    1    1    1    1    1    1    1  7.63557E+14 0.00131 
   73   73    1    1    1    1    1    1    1    1  5.80614E+14 0.00110 
   74   74    1    1    1    1    1    1    1    1  4.74189E+14 0.00146 
   75   75    1    1    1    1    1    1    1    1  3.97610E+14 0.00155 
   76   76    1    1    1    1    1    1    1    1  4.63858E+14 0.00133 
   77   77    1    1    1    1    1    1    1    1  3.69985E+14 0.00134 
   78   78    1    1    1    1    1    1    1    1  2.93768E+14 0.00160 
   79   79    1    1    1    1    1    1    1    1  3.05110E+14 0.00136 
   80   80    1    1    1    1    1    1    1    1  2.27738E+14 0.00133 
   81   81    1    1    1    1    1    1    1    1  1.76127E+14 0.00170 
   82   82    1    1    1    1    1    1    1    1  1.35696E+14 0.00133 
   83   83    1    1    1    1    1    1    1    1  1.26526E+14 0.00139 
   84   84    1    1    1    1    1    1    1    1  9.12610E+13 0.00207 
   85   85    1    1    1    1    1    1    1    1  6.56989E+13 0.00248 
   86   86    1    1    1    1    1    1    1    1  6.14804E+13 0.00418 
   87   87    1    1    1    1    1    1    1    1  3.76310E+13 0.00364 
   88   88    1    1    1    1    1    1    1    1  2.54095E+13 0.00433 
   89   89    1    1    1    1    1    1    1    1  1.44522E+13 0.00571 
   90   90    1    1    1    1    1    1    1    1  9.48004E+12 0.00664 
   91   91    1    1    1    1    1    1    1    1  4.68855E+12 0.01334 
   92   92    1    1    1    1    1    1    1    1  2.24451E+12 0.01699 
   93   93    1    1    1    1    1    1    1    1  1.10880E+12 0.01687 
   94   94    1    1    1    1    1    1    1    1  5.36976E+11 0.02892 
   95   95    1    1    1    1    1    1    1    1  2.58514E+11 0.03469 
   96   96    1    1    1    1    1    1    1    1  1.19520E+11 0.05901 
   97   97    1    1    1    1    1    1    1    1  5.42595E+10 0.07601 
   98   98    1    1    1    1    1    1    1    1  3.08485E+10 0.12956 
   99   99    1    1    1    1    1    1    1    1  1.13978E+10 0.18558 
  100  100    1    1    1    1    1    1    1    1  1.07254E+10 0.20700 
];


