
DETdpaspec = [
    1    1    1    1    1    1    1    1    1    1  0.00000E+00 0.00000 
    2    2    1    1    1    1    1    1    1    1  0.00000E+00 0.00000 
    3    3    1    1    1    1    1    1    1    1  0.00000E+00 0.00000 
    4    4    1    1    1    1    1    1    1    1  0.00000E+00 0.00000 
    5    5    1    1    1    1    1    1    1    1  9.67911E+06 1.00000 
    6    6    1    1    1    1    1    1    1    1  0.00000E+00 0.00000 
    7    7    1    1    1    1    1    1    1    1  1.47605E+07 1.00000 
    8    8    1    1    1    1    1    1    1    1  1.47391E+07 1.00000 
    9    9    1    1    1    1    1    1    1    1  2.27833E+07 1.00000 
   10   10    1    1    1    1    1    1    1    1  1.46048E+08 0.74042 
   11   11    1    1    1    1    1    1    1    1  1.00913E+08 0.69177 
   12   12    1    1    1    1    1    1    1    1  7.47303E+07 0.80541 
   13   13    1    1    1    1    1    1    1    1  6.39064E+08 0.60787 
   14   14    1    1    1    1    1    1    1    1  2.27324E+09 0.49064 
   15   15    1    1    1    1    1    1    1    1  4.52626E+09 0.34455 
   16   16    1    1    1    1    1    1    1    1  1.49554E+09 0.37112 
   17   17    1    1    1    1    1    1    1    1  3.73500E+09 0.28491 
   18   18    1    1    1    1    1    1    1    1  9.30510E+09 0.19854 
   19   19    1    1    1    1    1    1    1    1  7.18371E+09 0.18593 
   20   20    1    1    1    1    1    1    1    1  2.96083E+10 0.15243 
   21   21    1    1    1    1    1    1    1    1  2.45300E+10 0.12762 
   22   22    1    1    1    1    1    1    1    1  5.38988E+10 0.10108 
   23   23    1    1    1    1    1    1    1    1  8.63888E+10 0.06408 
   24   24    1    1    1    1    1    1    1    1  1.50696E+11 0.06304 
   25   25    1    1    1    1    1    1    1    1  2.19659E+11 0.04131 
   26   26    1    1    1    1    1    1    1    1  3.87236E+11 0.04008 
   27   27    1    1    1    1    1    1    1    1  7.82382E+11 0.02790 
   28   28    1    1    1    1    1    1    1    1  1.89609E+12 0.01610 
   29   29    1    1    1    1    1    1    1    1  2.98386E+12 0.01222 
   30   30    1    1    1    1    1    1    1    1  7.97862E+12 0.00835 
   31   31    1    1    1    1    1    1    1    1  2.11487E+13 0.00617 
   32   32    1    1    1    1    1    1    1    1  3.50380E+13 0.00540 
   33   33    1    1    1    1    1    1    1    1  7.50964E+13 0.00305 
   34   34    1    1    1    1    1    1    1    1  9.61239E+13 0.00289 
   35   35    1    1    1    1    1    1    1    1  1.29552E+14 0.00215 
   36   36    1    1    1    1    1    1    1    1  9.42656E+13 0.00172 
   37   37    1    1    1    1    1    1    1    1  2.90856E+13 0.00196 
   38   38    1    1    1    1    1    1    1    1  1.52651E+14 0.00152 
   39   39    1    1    1    1    1    1    1    1  1.96591E+14 0.00122 
   40   40    1    1    1    1    1    1    1    1  3.33992E+14 0.00137 
   41   41    1    1    1    1    1    1    1    1  3.27071E+14 0.00164 
   42   42    1    1    1    1    1    1    1    1  6.43595E+14 0.00158 
   43   43    1    1    1    1    1    1    1    1  7.40086E+14 0.00114 
   44   44    1    1    1    1    1    1    1    1  1.00538E+15 0.00115 
   45   45    1    1    1    1    1    1    1    1  1.90386E+15 0.00098 
   46   46    1    1    1    1    1    1    1    1  9.48518E+14 0.00098 
   47   47    1    1    1    1    1    1    1    1  1.44321E+15 0.00088 
   48   48    1    1    1    1    1    1    1    1  2.02110E+15 0.00106 
   49   49    1    1    1    1    1    1    1    1  1.91000E+15 0.00074 
   50   50    1    1    1    1    1    1    1    1  2.97496E+15 0.00071 
   51   51    1    1    1    1    1    1    1    1  2.35522E+15 0.00088 
   52   52    1    1    1    1    1    1    1    1  2.74718E+15 0.00076 
   53   53    1    1    1    1    1    1    1    1  1.93870E+15 0.00074 
   54   54    1    1    1    1    1    1    1    1  2.37213E+15 0.00087 
   55   55    1    1    1    1    1    1    1    1  1.65983E+15 0.00080 
   56   56    1    1    1    1    1    1    1    1  2.27681E+14 0.00120 
   57   57    1    1    1    1    1    1    1    1  3.26910E+15 0.00071 
   58   58    1    1    1    1    1    1    1    1  1.45111E+15 0.00086 
   59   59    1    1    1    1    1    1    1    1  1.56414E+15 0.00094 
   60   60    1    1    1    1    1    1    1    1  1.22936E+15 0.00072 
   61   61    1    1    1    1    1    1    1    1  1.23074E+15 0.00081 
   62   62    1    1    1    1    1    1    1    1  1.25991E+15 0.00084 
   63   63    1    1    1    1    1    1    1    1  1.05823E+15 0.00102 
   64   64    1    1    1    1    1    1    1    1  8.37659E+14 0.00090 
   65   65    1    1    1    1    1    1    1    1  8.28289E+14 0.00096 
   66   66    1    1    1    1    1    1    1    1  6.29157E+14 0.00086 
   67   67    1    1    1    1    1    1    1    1  5.14876E+14 0.00065 
   68   68    1    1    1    1    1    1    1    1  4.58796E+14 0.00118 
   69   69    1    1    1    1    1    1    1    1  5.54142E+14 0.00124 
   70   70    1    1    1    1    1    1    1    1  4.74336E+14 0.00148 
   71   71    1    1    1    1    1    1    1    1  8.75635E+14 0.00125 
   72   72    1    1    1    1    1    1    1    1  6.28273E+14 0.00128 
   73   73    1    1    1    1    1    1    1    1  4.79160E+14 0.00133 
   74   74    1    1    1    1    1    1    1    1  3.87102E+14 0.00150 
   75   75    1    1    1    1    1    1    1    1  3.18657E+14 0.00130 
   76   76    1    1    1    1    1    1    1    1  3.67088E+14 0.00145 
   77   77    1    1    1    1    1    1    1    1  2.88423E+14 0.00145 
   78   78    1    1    1    1    1    1    1    1  2.26962E+14 0.00188 
   79   79    1    1    1    1    1    1    1    1  2.34432E+14 0.00169 
   80   80    1    1    1    1    1    1    1    1  1.74739E+14 0.00238 
   81   81    1    1    1    1    1    1    1    1  1.34474E+14 0.00197 
   82   82    1    1    1    1    1    1    1    1  1.03175E+14 0.00214 
   83   83    1    1    1    1    1    1    1    1  9.63601E+13 0.00223 
   84   84    1    1    1    1    1    1    1    1  6.93043E+13 0.00339 
   85   85    1    1    1    1    1    1    1    1  5.01161E+13 0.00386 
   86   86    1    1    1    1    1    1    1    1  4.70334E+13 0.00315 
   87   87    1    1    1    1    1    1    1    1  2.92264E+13 0.00480 
   88   88    1    1    1    1    1    1    1    1  1.96864E+13 0.00381 
   89   89    1    1    1    1    1    1    1    1  1.10875E+13 0.00816 
   90   90    1    1    1    1    1    1    1    1  7.53969E+12 0.01120 
   91   91    1    1    1    1    1    1    1    1  3.90907E+12 0.01013 
   92   92    1    1    1    1    1    1    1    1  1.82861E+12 0.01604 
   93   93    1    1    1    1    1    1    1    1  9.02952E+11 0.02614 
   94   94    1    1    1    1    1    1    1    1  4.23929E+11 0.02764 
   95   95    1    1    1    1    1    1    1    1  2.12817E+11 0.05551 
   96   96    1    1    1    1    1    1    1    1  9.54372E+10 0.07588 
   97   97    1    1    1    1    1    1    1    1  4.29477E+10 0.11830 
   98   98    1    1    1    1    1    1    1    1  2.37057E+10 0.18239 
   99   99    1    1    1    1    1    1    1    1  1.07786E+10 0.19253 
  100  100    1    1    1    1    1    1    1    1  6.99405E+09 0.26672 
];


