
DETdpaspec = [
    1    1    1    1    1    1    1    1    1    1  0.00000E+00 0.00000 
    2    2    1    1    1    1    1    1    1    1  0.00000E+00 0.00000 
    3    3    1    1    1    1    1    1    1    1  0.00000E+00 0.00000 
    4    4    1    1    1    1    1    1    1    1  0.00000E+00 0.00000 
    5    5    1    1    1    1    1    1    1    1  0.00000E+00 0.00000 
    6    6    1    1    1    1    1    1    1    1  0.00000E+00 0.00000 
    7    7    1    1    1    1    1    1    1    1  0.00000E+00 0.00000 
    8    8    1    1    1    1    1    1    1    1  0.00000E+00 0.00000 
    9    9    1    1    1    1    1    1    1    1  0.00000E+00 0.00000 
   10   10    1    1    1    1    1    1    1    1  0.00000E+00 0.00000 
   11   11    1    1    1    1    1    1    1    1  8.11401E+08 1.00000 
   12   12    1    1    1    1    1    1    1    1  1.52067E+09 0.70359 
   13   13    1    1    1    1    1    1    1    1  2.00410E+09 0.66240 
   14   14    1    1    1    1    1    1    1    1  5.37797E+08 1.00000 
   15   15    1    1    1    1    1    1    1    1  8.88041E+08 0.69972 
   16   16    1    1    1    1    1    1    1    1  3.50399E+08 1.00000 
   17   17    1    1    1    1    1    1    1    1  2.83651E+09 0.53660 
   18   18    1    1    1    1    1    1    1    1  8.07297E+09 0.23133 
   19   19    1    1    1    1    1    1    1    1  1.07853E+10 0.23930 
   20   20    1    1    1    1    1    1    1    1  6.17317E+10 0.08816 
   21   21    1    1    1    1    1    1    1    1  2.05396E+11 0.04449 
   22   22    1    1    1    1    1    1    1    1  8.49166E+11 0.02711 
   23   23    1    1    1    1    1    1    1    1  2.69173E+12 0.01635 
   24   24    1    1    1    1    1    1    1    1  5.84090E+12 0.01032 
   25   25    1    1    1    1    1    1    1    1  7.82435E+12 0.00911 
   26   26    1    1    1    1    1    1    1    1  1.36023E+13 0.00555 
   27   27    1    1    1    1    1    1    1    1  2.14665E+13 0.00404 
   28   28    1    1    1    1    1    1    1    1  3.39422E+13 0.00377 
   29   29    1    1    1    1    1    1    1    1  4.46688E+13 0.00298 
   30   30    1    1    1    1    1    1    1    1  7.34208E+13 0.00341 
   31   31    1    1    1    1    1    1    1    1  1.22424E+14 0.00267 
   32   32    1    1    1    1    1    1    1    1  1.54930E+14 0.00214 
   33   33    1    1    1    1    1    1    1    1  2.64595E+14 0.00163 
   34   34    1    1    1    1    1    1    1    1  2.98861E+14 0.00156 
   35   35    1    1    1    1    1    1    1    1  3.03996E+14 0.00151 
   36   36    1    1    1    1    1    1    1    1  1.90840E+14 0.00123 
   37   37    1    1    1    1    1    1    1    1  5.51173E+13 0.00119 
   38   38    1    1    1    1    1    1    1    1  2.93460E+14 0.00113 
   39   39    1    1    1    1    1    1    1    1  3.64086E+14 0.00109 
   40   40    1    1    1    1    1    1    1    1  6.03331E+14 0.00066 
   41   41    1    1    1    1    1    1    1    1  5.46902E+14 0.00089 
   42   42    1    1    1    1    1    1    1    1  1.06395E+15 0.00068 
   43   43    1    1    1    1    1    1    1    1  1.17536E+15 0.00088 
   44   44    1    1    1    1    1    1    1    1  1.54057E+15 0.00085 
   45   45    1    1    1    1    1    1    1    1  2.80008E+15 0.00077 
   46   46    1    1    1    1    1    1    1    1  1.31840E+15 0.00074 
   47   47    1    1    1    1    1    1    1    1  1.93983E+15 0.00078 
   48   48    1    1    1    1    1    1    1    1  2.63143E+15 0.00065 
   49   49    1    1    1    1    1    1    1    1  2.39206E+15 0.00088 
   50   50    1    1    1    1    1    1    1    1  3.69109E+15 0.00087 
   51   51    1    1    1    1    1    1    1    1  2.77580E+15 0.00082 
   52   52    1    1    1    1    1    1    1    1  3.24270E+15 0.00085 
   53   53    1    1    1    1    1    1    1    1  2.22179E+15 0.00077 
   54   54    1    1    1    1    1    1    1    1  2.73526E+15 0.00078 
   55   55    1    1    1    1    1    1    1    1  1.87860E+15 0.00093 
   56   56    1    1    1    1    1    1    1    1  2.54221E+14 0.00129 
   57   57    1    1    1    1    1    1    1    1  3.62417E+15 0.00095 
   58   58    1    1    1    1    1    1    1    1  1.63380E+15 0.00106 
   59   59    1    1    1    1    1    1    1    1  1.72275E+15 0.00081 
   60   60    1    1    1    1    1    1    1    1  1.37172E+15 0.00103 
   61   61    1    1    1    1    1    1    1    1  1.35664E+15 0.00092 
   62   62    1    1    1    1    1    1    1    1  1.37959E+15 0.00100 
   63   63    1    1    1    1    1    1    1    1  1.15250E+15 0.00101 
   64   64    1    1    1    1    1    1    1    1  9.03177E+14 0.00105 
   65   65    1    1    1    1    1    1    1    1  8.84063E+14 0.00093 
   66   66    1    1    1    1    1    1    1    1  6.67046E+14 0.00104 
   67   67    1    1    1    1    1    1    1    1  5.38479E+14 0.00132 
   68   68    1    1    1    1    1    1    1    1  4.75239E+14 0.00152 
   69   69    1    1    1    1    1    1    1    1  5.71017E+14 0.00119 
   70   70    1    1    1    1    1    1    1    1  4.81387E+14 0.00140 
   71   71    1    1    1    1    1    1    1    1  8.57692E+14 0.00138 
   72   72    1    1    1    1    1    1    1    1  6.04129E+14 0.00124 
   73   73    1    1    1    1    1    1    1    1  4.57583E+14 0.00139 
   74   74    1    1    1    1    1    1    1    1  3.71850E+14 0.00113 
   75   75    1    1    1    1    1    1    1    1  3.10594E+14 0.00159 
   76   76    1    1    1    1    1    1    1    1  3.61815E+14 0.00150 
   77   77    1    1    1    1    1    1    1    1  2.88622E+14 0.00139 
   78   78    1    1    1    1    1    1    1    1  2.27934E+14 0.00135 
   79   79    1    1    1    1    1    1    1    1  2.35391E+14 0.00170 
   80   80    1    1    1    1    1    1    1    1  1.75069E+14 0.00181 
   81   81    1    1    1    1    1    1    1    1  1.34027E+14 0.00217 
   82   82    1    1    1    1    1    1    1    1  1.03319E+14 0.00227 
   83   83    1    1    1    1    1    1    1    1  9.57474E+13 0.00235 
   84   84    1    1    1    1    1    1    1    1  6.84907E+13 0.00233 
   85   85    1    1    1    1    1    1    1    1  4.90240E+13 0.00329 
   86   86    1    1    1    1    1    1    1    1  4.55564E+13 0.00329 
   87   87    1    1    1    1    1    1    1    1  2.74396E+13 0.00507 
   88   88    1    1    1    1    1    1    1    1  1.81592E+13 0.00457 
   89   89    1    1    1    1    1    1    1    1  1.03749E+13 0.00671 
   90   90    1    1    1    1    1    1    1    1  6.65089E+12 0.00975 
   91   91    1    1    1    1    1    1    1    1  3.24744E+12 0.01375 
   92   92    1    1    1    1    1    1    1    1  1.55925E+12 0.01663 
   93   93    1    1    1    1    1    1    1    1  7.50831E+11 0.02516 
   94   94    1    1    1    1    1    1    1    1  3.50544E+11 0.03506 
   95   95    1    1    1    1    1    1    1    1  1.56527E+11 0.05115 
   96   96    1    1    1    1    1    1    1    1  7.36130E+10 0.06211 
   97   97    1    1    1    1    1    1    1    1  3.39064E+10 0.08010 
   98   98    1    1    1    1    1    1    1    1  1.71846E+10 0.19677 
   99   99    1    1    1    1    1    1    1    1  5.38938E+09 0.40153 
  100  100    1    1    1    1    1    1    1    1  9.45463E+09 0.20495 
];


