
DETdpaspec = [
    1    1    1    1    1    1    1    1    1    1  0.00000E+00 0.00000 
    2    2    1    1    1    1    1    1    1    1  0.00000E+00 0.00000 
    3    3    1    1    1    1    1    1    1    1  7.73923E+06 1.00000 
    4    4    1    1    1    1    1    1    1    1  0.00000E+00 0.00000 
    5    5    1    1    1    1    1    1    1    1  0.00000E+00 0.00000 
    6    6    1    1    1    1    1    1    1    1  0.00000E+00 0.00000 
    7    7    1    1    1    1    1    1    1    1  1.51230E+07 1.00000 
    8    8    1    1    1    1    1    1    1    1  0.00000E+00 0.00000 
    9    9    1    1    1    1    1    1    1    1  2.09915E+07 1.00000 
   10   10    1    1    1    1    1    1    1    1  5.90890E+07 0.71122 
   11   11    1    1    1    1    1    1    1    1  1.82126E+08 0.79390 
   12   12    1    1    1    1    1    1    1    1  1.45849E+08 0.49269 
   13   13    1    1    1    1    1    1    1    1  1.28883E+09 0.49389 
   14   14    1    1    1    1    1    1    1    1  2.73892E+09 0.39699 
   15   15    1    1    1    1    1    1    1    1  4.97430E+09 0.28661 
   16   16    1    1    1    1    1    1    1    1  8.79713E+08 0.27570 
   17   17    1    1    1    1    1    1    1    1  3.36540E+09 0.28823 
   18   18    1    1    1    1    1    1    1    1  1.18381E+10 0.21780 
   19   19    1    1    1    1    1    1    1    1  1.05308E+10 0.13596 
   20   20    1    1    1    1    1    1    1    1  3.51727E+10 0.11856 
   21   21    1    1    1    1    1    1    1    1  1.95441E+10 0.11379 
   22   22    1    1    1    1    1    1    1    1  5.65213E+10 0.09488 
   23   23    1    1    1    1    1    1    1    1  9.04791E+10 0.08002 
   24   24    1    1    1    1    1    1    1    1  1.55682E+11 0.04665 
   25   25    1    1    1    1    1    1    1    1  2.04993E+11 0.04425 
   26   26    1    1    1    1    1    1    1    1  3.67122E+11 0.04101 
   27   27    1    1    1    1    1    1    1    1  7.32672E+11 0.02774 
   28   28    1    1    1    1    1    1    1    1  1.60240E+12 0.01968 
   29   29    1    1    1    1    1    1    1    1  2.39925E+12 0.01465 
   30   30    1    1    1    1    1    1    1    1  6.60906E+12 0.01140 
   31   31    1    1    1    1    1    1    1    1  1.75702E+13 0.00568 
   32   32    1    1    1    1    1    1    1    1  2.93301E+13 0.00525 
   33   33    1    1    1    1    1    1    1    1  6.19369E+13 0.00390 
   34   34    1    1    1    1    1    1    1    1  7.77876E+13 0.00281 
   35   35    1    1    1    1    1    1    1    1  1.09387E+14 0.00198 
   36   36    1    1    1    1    1    1    1    1  8.09189E+13 0.00188 
   37   37    1    1    1    1    1    1    1    1  2.53351E+13 0.00179 
   38   38    1    1    1    1    1    1    1    1  1.30800E+14 0.00211 
   39   39    1    1    1    1    1    1    1    1  1.68475E+14 0.00194 
   40   40    1    1    1    1    1    1    1    1  2.83543E+14 0.00152 
   41   41    1    1    1    1    1    1    1    1  2.81250E+14 0.00165 
   42   42    1    1    1    1    1    1    1    1  5.45987E+14 0.00135 
   43   43    1    1    1    1    1    1    1    1  6.24631E+14 0.00149 
   44   44    1    1    1    1    1    1    1    1  8.45664E+14 0.00143 
   45   45    1    1    1    1    1    1    1    1  1.58501E+15 0.00128 
   46   46    1    1    1    1    1    1    1    1  7.89558E+14 0.00095 
   47   47    1    1    1    1    1    1    1    1  1.20504E+15 0.00097 
   48   48    1    1    1    1    1    1    1    1  1.68201E+15 0.00087 
   49   49    1    1    1    1    1    1    1    1  1.58956E+15 0.00095 
   50   50    1    1    1    1    1    1    1    1  2.45057E+15 0.00099 
   51   51    1    1    1    1    1    1    1    1  1.95110E+15 0.00100 
   52   52    1    1    1    1    1    1    1    1  2.24684E+15 0.00093 
   53   53    1    1    1    1    1    1    1    1  1.58669E+15 0.00068 
   54   54    1    1    1    1    1    1    1    1  1.91840E+15 0.00099 
   55   55    1    1    1    1    1    1    1    1  1.34322E+15 0.00110 
   56   56    1    1    1    1    1    1    1    1  1.84387E+14 0.00129 
   57   57    1    1    1    1    1    1    1    1  2.64175E+15 0.00104 
   58   58    1    1    1    1    1    1    1    1  1.15488E+15 0.00089 
   59   59    1    1    1    1    1    1    1    1  1.24789E+15 0.00106 
   60   60    1    1    1    1    1    1    1    1  9.71685E+14 0.00115 
   61   61    1    1    1    1    1    1    1    1  9.72792E+14 0.00098 
   62   62    1    1    1    1    1    1    1    1  9.93955E+14 0.00103 
   63   63    1    1    1    1    1    1    1    1  8.30023E+14 0.00162 
   64   64    1    1    1    1    1    1    1    1  6.56992E+14 0.00138 
   65   65    1    1    1    1    1    1    1    1  6.49830E+14 0.00156 
   66   66    1    1    1    1    1    1    1    1  4.91070E+14 0.00168 
   67   67    1    1    1    1    1    1    1    1  4.03931E+14 0.00181 
   68   68    1    1    1    1    1    1    1    1  3.59948E+14 0.00161 
   69   69    1    1    1    1    1    1    1    1  4.34103E+14 0.00176 
   70   70    1    1    1    1    1    1    1    1  3.71386E+14 0.00206 
   71   71    1    1    1    1    1    1    1    1  6.91333E+14 0.00175 
   72   72    1    1    1    1    1    1    1    1  4.98272E+14 0.00154 
   73   73    1    1    1    1    1    1    1    1  3.77813E+14 0.00124 
   74   74    1    1    1    1    1    1    1    1  3.02354E+14 0.00193 
   75   75    1    1    1    1    1    1    1    1  2.47707E+14 0.00198 
   76   76    1    1    1    1    1    1    1    1  2.83557E+14 0.00175 
   77   77    1    1    1    1    1    1    1    1  2.20265E+14 0.00183 
   78   78    1    1    1    1    1    1    1    1  1.71747E+14 0.00156 
   79   79    1    1    1    1    1    1    1    1  1.76864E+14 0.00183 
   80   80    1    1    1    1    1    1    1    1  1.31227E+14 0.00241 
   81   81    1    1    1    1    1    1    1    1  1.00248E+14 0.00277 
   82   82    1    1    1    1    1    1    1    1  7.74411E+13 0.00261 
   83   83    1    1    1    1    1    1    1    1  7.24889E+13 0.00310 
   84   84    1    1    1    1    1    1    1    1  5.17668E+13 0.00364 
   85   85    1    1    1    1    1    1    1    1  3.74039E+13 0.00451 
   86   86    1    1    1    1    1    1    1    1  3.52049E+13 0.00431 
   87   87    1    1    1    1    1    1    1    1  2.14988E+13 0.00401 
   88   88    1    1    1    1    1    1    1    1  1.45810E+13 0.00652 
   89   89    1    1    1    1    1    1    1    1  8.44549E+12 0.01002 
   90   90    1    1    1    1    1    1    1    1  5.52015E+12 0.00956 
   91   91    1    1    1    1    1    1    1    1  2.81638E+12 0.01546 
   92   92    1    1    1    1    1    1    1    1  1.35436E+12 0.02019 
   93   93    1    1    1    1    1    1    1    1  6.47306E+11 0.01535 
   94   94    1    1    1    1    1    1    1    1  3.26194E+11 0.04023 
   95   95    1    1    1    1    1    1    1    1  1.54863E+11 0.08232 
   96   96    1    1    1    1    1    1    1    1  7.96054E+10 0.08527 
   97   97    1    1    1    1    1    1    1    1  3.42342E+10 0.12334 
   98   98    1    1    1    1    1    1    1    1  1.84491E+10 0.17376 
   99   99    1    1    1    1    1    1    1    1  3.21256E+09 0.47661 
  100  100    1    1    1    1    1    1    1    1  6.55385E+09 0.28586 
];


