
DETdpaspec = [
    1    1    1    1    1    1    1    1    1    1  0.00000E+00 0.00000 
    2    2    1    1    1    1    1    1    1    1  0.00000E+00 0.00000 
    3    3    1    1    1    1    1    1    1    1  0.00000E+00 0.00000 
    4    4    1    1    1    1    1    1    1    1  0.00000E+00 0.00000 
    5    5    1    1    1    1    1    1    1    1  1.23207E+07 1.00000 
    6    6    1    1    1    1    1    1    1    1  0.00000E+00 0.00000 
    7    7    1    1    1    1    1    1    1    1  0.00000E+00 0.00000 
    8    8    1    1    1    1    1    1    1    1  0.00000E+00 0.00000 
    9    9    1    1    1    1    1    1    1    1  1.63914E+07 1.00000 
   10   10    1    1    1    1    1    1    1    1  1.82624E+08 0.57871 
   11   11    1    1    1    1    1    1    1    1  2.27730E+08 0.81563 
   12   12    1    1    1    1    1    1    1    1  1.78893E+08 0.56062 
   13   13    1    1    1    1    1    1    1    1  2.38563E+09 0.35956 
   14   14    1    1    1    1    1    1    1    1  4.26270E+09 0.38414 
   15   15    1    1    1    1    1    1    1    1  3.70734E+09 0.30408 
   16   16    1    1    1    1    1    1    1    1  9.60264E+08 0.31699 
   17   17    1    1    1    1    1    1    1    1  4.45387E+09 0.23504 
   18   18    1    1    1    1    1    1    1    1  8.26767E+09 0.19399 
   19   19    1    1    1    1    1    1    1    1  7.47326E+09 0.13252 
   20   20    1    1    1    1    1    1    1    1  2.15562E+10 0.11993 
   21   21    1    1    1    1    1    1    1    1  1.83619E+10 0.08711 
   22   22    1    1    1    1    1    1    1    1  5.65544E+10 0.06148 
   23   23    1    1    1    1    1    1    1    1  8.68662E+10 0.06028 
   24   24    1    1    1    1    1    1    1    1  1.51415E+11 0.05429 
   25   25    1    1    1    1    1    1    1    1  2.11373E+11 0.03536 
   26   26    1    1    1    1    1    1    1    1  4.17971E+11 0.03014 
   27   27    1    1    1    1    1    1    1    1  9.02188E+11 0.02409 
   28   28    1    1    1    1    1    1    1    1  2.24588E+12 0.01831 
   29   29    1    1    1    1    1    1    1    1  3.64649E+12 0.00965 
   30   30    1    1    1    1    1    1    1    1  9.03153E+12 0.00617 
   31   31    1    1    1    1    1    1    1    1  2.39527E+13 0.00514 
   32   32    1    1    1    1    1    1    1    1  3.92926E+13 0.00357 
   33   33    1    1    1    1    1    1    1    1  8.41246E+13 0.00348 
   34   34    1    1    1    1    1    1    1    1  1.08325E+14 0.00279 
   35   35    1    1    1    1    1    1    1    1  1.41613E+14 0.00264 
   36   36    1    1    1    1    1    1    1    1  1.02066E+14 0.00211 
   37   37    1    1    1    1    1    1    1    1  3.12165E+13 0.00213 
   38   38    1    1    1    1    1    1    1    1  1.64800E+14 0.00195 
   39   39    1    1    1    1    1    1    1    1  2.12212E+14 0.00187 
   40   40    1    1    1    1    1    1    1    1  3.62085E+14 0.00154 
   41   41    1    1    1    1    1    1    1    1  3.52526E+14 0.00122 
   42   42    1    1    1    1    1    1    1    1  6.96454E+14 0.00132 
   43   43    1    1    1    1    1    1    1    1  7.98570E+14 0.00103 
   44   44    1    1    1    1    1    1    1    1  1.08703E+15 0.00094 
   45   45    1    1    1    1    1    1    1    1  2.06339E+15 0.00066 
   46   46    1    1    1    1    1    1    1    1  1.02733E+15 0.00088 
   47   47    1    1    1    1    1    1    1    1  1.55646E+15 0.00102 
   48   48    1    1    1    1    1    1    1    1  2.18155E+15 0.00113 
   49   49    1    1    1    1    1    1    1    1  2.05413E+15 0.00101 
   50   50    1    1    1    1    1    1    1    1  3.21481E+15 0.00082 
   51   51    1    1    1    1    1    1    1    1  2.53531E+15 0.00081 
   52   52    1    1    1    1    1    1    1    1  2.97206E+15 0.00079 
   53   53    1    1    1    1    1    1    1    1  2.09446E+15 0.00067 
   54   54    1    1    1    1    1    1    1    1  2.57880E+15 0.00081 
   55   55    1    1    1    1    1    1    1    1  1.80350E+15 0.00091 
   56   56    1    1    1    1    1    1    1    1  2.46990E+14 0.00131 
   57   57    1    1    1    1    1    1    1    1  3.54655E+15 0.00081 
   58   58    1    1    1    1    1    1    1    1  1.58357E+15 0.00090 
   59   59    1    1    1    1    1    1    1    1  1.70428E+15 0.00063 
   60   60    1    1    1    1    1    1    1    1  1.34922E+15 0.00082 
   61   61    1    1    1    1    1    1    1    1  1.34859E+15 0.00095 
   62   62    1    1    1    1    1    1    1    1  1.38249E+15 0.00113 
   63   63    1    1    1    1    1    1    1    1  1.16182E+15 0.00126 
   64   64    1    1    1    1    1    1    1    1  9.22766E+14 0.00117 
   65   65    1    1    1    1    1    1    1    1  9.12896E+14 0.00107 
   66   66    1    1    1    1    1    1    1    1  6.92191E+14 0.00115 
   67   67    1    1    1    1    1    1    1    1  5.65382E+14 0.00118 
   68   68    1    1    1    1    1    1    1    1  5.03950E+14 0.00093 
   69   69    1    1    1    1    1    1    1    1  6.09475E+14 0.00087 
   70   70    1    1    1    1    1    1    1    1  5.21135E+14 0.00135 
   71   71    1    1    1    1    1    1    1    1  9.56764E+14 0.00111 
   72   72    1    1    1    1    1    1    1    1  6.85199E+14 0.00122 
   73   73    1    1    1    1    1    1    1    1  5.23608E+14 0.00104 
   74   74    1    1    1    1    1    1    1    1  4.23345E+14 0.00098 
   75   75    1    1    1    1    1    1    1    1  3.51610E+14 0.00171 
   76   76    1    1    1    1    1    1    1    1  4.06529E+14 0.00156 
   77   77    1    1    1    1    1    1    1    1  3.20551E+14 0.00144 
   78   78    1    1    1    1    1    1    1    1  2.52232E+14 0.00190 
   79   79    1    1    1    1    1    1    1    1  2.60511E+14 0.00211 
   80   80    1    1    1    1    1    1    1    1  1.94540E+14 0.00151 
   81   81    1    1    1    1    1    1    1    1  1.49878E+14 0.00267 
   82   82    1    1    1    1    1    1    1    1  1.15771E+14 0.00214 
   83   83    1    1    1    1    1    1    1    1  1.08214E+14 0.00189 
   84   84    1    1    1    1    1    1    1    1  7.76372E+13 0.00230 
   85   85    1    1    1    1    1    1    1    1  5.60380E+13 0.00261 
   86   86    1    1    1    1    1    1    1    1  5.27323E+13 0.00325 
   87   87    1    1    1    1    1    1    1    1  3.24793E+13 0.00424 
   88   88    1    1    1    1    1    1    1    1  2.18847E+13 0.00509 
   89   89    1    1    1    1    1    1    1    1  1.24365E+13 0.00716 
   90   90    1    1    1    1    1    1    1    1  8.37711E+12 0.00900 
   91   91    1    1    1    1    1    1    1    1  4.21511E+12 0.00917 
   92   92    1    1    1    1    1    1    1    1  2.00910E+12 0.01944 
   93   93    1    1    1    1    1    1    1    1  9.73960E+11 0.01446 
   94   94    1    1    1    1    1    1    1    1  4.68526E+11 0.04935 
   95   95    1    1    1    1    1    1    1    1  2.17401E+11 0.04999 
   96   96    1    1    1    1    1    1    1    1  1.02145E+11 0.07810 
   97   97    1    1    1    1    1    1    1    1  4.89645E+10 0.11124 
   98   98    1    1    1    1    1    1    1    1  2.51682E+10 0.14540 
   99   99    1    1    1    1    1    1    1    1  1.61396E+10 0.22319 
  100  100    1    1    1    1    1    1    1    1  1.11952E+10 0.20074 
];


