
DETdpaspec = [
    1    1    1    1    1    1    1    1    1    1  0.00000E+00 0.00000 
    2    2    1    1    1    1    1    1    1    1  0.00000E+00 0.00000 
    3    3    1    1    1    1    1    1    1    1  0.00000E+00 0.00000 
    4    4    1    1    1    1    1    1    1    1  8.43031E+06 1.00000 
    5    5    1    1    1    1    1    1    1    1  0.00000E+00 0.00000 
    6    6    1    1    1    1    1    1    1    1  7.21709E+06 1.00000 
    7    7    1    1    1    1    1    1    1    1  0.00000E+00 0.00000 
    8    8    1    1    1    1    1    1    1    1  2.97515E+07 0.69020 
    9    9    1    1    1    1    1    1    1    1  0.00000E+00 0.00000 
   10   10    1    1    1    1    1    1    1    1  8.46171E+07 1.00000 
   11   11    1    1    1    1    1    1    1    1  3.70449E+08 0.65328 
   12   12    1    1    1    1    1    1    1    1  4.39430E+07 0.65631 
   13   13    1    1    1    1    1    1    1    1  1.90201E+09 0.39854 
   14   14    1    1    1    1    1    1    1    1  3.97383E+09 0.35282 
   15   15    1    1    1    1    1    1    1    1  5.06093E+09 0.32790 
   16   16    1    1    1    1    1    1    1    1  1.45816E+09 0.28721 
   17   17    1    1    1    1    1    1    1    1  3.09263E+09 0.24473 
   18   18    1    1    1    1    1    1    1    1  6.99601E+09 0.18407 
   19   19    1    1    1    1    1    1    1    1  1.14104E+10 0.12654 
   20   20    1    1    1    1    1    1    1    1  3.58606E+10 0.08757 
   21   21    1    1    1    1    1    1    1    1  2.79220E+10 0.09820 
   22   22    1    1    1    1    1    1    1    1  7.65848E+10 0.06784 
   23   23    1    1    1    1    1    1    1    1  1.10378E+11 0.05311 
   24   24    1    1    1    1    1    1    1    1  1.72180E+11 0.03527 
   25   25    1    1    1    1    1    1    1    1  2.22143E+11 0.05219 
   26   26    1    1    1    1    1    1    1    1  3.72517E+11 0.03071 
   27   27    1    1    1    1    1    1    1    1  7.34462E+11 0.02704 
   28   28    1    1    1    1    1    1    1    1  1.48276E+12 0.01897 
   29   29    1    1    1    1    1    1    1    1  2.12169E+12 0.01275 
   30   30    1    1    1    1    1    1    1    1  6.15067E+12 0.00719 
   31   31    1    1    1    1    1    1    1    1  1.64226E+13 0.00562 
   32   32    1    1    1    1    1    1    1    1  2.68968E+13 0.00478 
   33   33    1    1    1    1    1    1    1    1  5.63728E+13 0.00329 
   34   34    1    1    1    1    1    1    1    1  6.93218E+13 0.00219 
   35   35    1    1    1    1    1    1    1    1  9.97053E+13 0.00230 
   36   36    1    1    1    1    1    1    1    1  7.39823E+13 0.00249 
   37   37    1    1    1    1    1    1    1    1  2.33372E+13 0.00250 
   38   38    1    1    1    1    1    1    1    1  1.18885E+14 0.00245 
   39   39    1    1    1    1    1    1    1    1  1.52208E+14 0.00205 
   40   40    1    1    1    1    1    1    1    1  2.53531E+14 0.00166 
   41   41    1    1    1    1    1    1    1    1  2.52570E+14 0.00161 
   42   42    1    1    1    1    1    1    1    1  4.84290E+14 0.00166 
   43   43    1    1    1    1    1    1    1    1  5.51992E+14 0.00138 
   44   44    1    1    1    1    1    1    1    1  7.43220E+14 0.00133 
   45   45    1    1    1    1    1    1    1    1  1.37605E+15 0.00109 
   46   46    1    1    1    1    1    1    1    1  6.85849E+14 0.00119 
   47   47    1    1    1    1    1    1    1    1  1.04768E+15 0.00121 
   48   48    1    1    1    1    1    1    1    1  1.45550E+15 0.00118 
   49   49    1    1    1    1    1    1    1    1  1.37788E+15 0.00128 
   50   50    1    1    1    1    1    1    1    1  2.10253E+15 0.00118 
   51   51    1    1    1    1    1    1    1    1  1.67915E+15 0.00138 
   52   52    1    1    1    1    1    1    1    1  1.91870E+15 0.00120 
   53   53    1    1    1    1    1    1    1    1  1.35360E+15 0.00141 
   54   54    1    1    1    1    1    1    1    1  1.62265E+15 0.00127 
   55   55    1    1    1    1    1    1    1    1  1.13852E+15 0.00123 
   56   56    1    1    1    1    1    1    1    1  1.56760E+14 0.00199 
   57   57    1    1    1    1    1    1    1    1  2.23305E+15 0.00137 
   58   58    1    1    1    1    1    1    1    1  9.67671E+14 0.00145 
   59   59    1    1    1    1    1    1    1    1  1.04662E+15 0.00110 
   60   60    1    1    1    1    1    1    1    1  8.08150E+14 0.00155 
   61   61    1    1    1    1    1    1    1    1  8.10529E+14 0.00123 
   62   62    1    1    1    1    1    1    1    1  8.25648E+14 0.00150 
   63   63    1    1    1    1    1    1    1    1  6.88654E+14 0.00129 
   64   64    1    1    1    1    1    1    1    1  5.44921E+14 0.00138 
   65   65    1    1    1    1    1    1    1    1  5.37010E+14 0.00162 
   66   66    1    1    1    1    1    1    1    1  4.05940E+14 0.00169 
   67   67    1    1    1    1    1    1    1    1  3.33759E+14 0.00165 
   68   68    1    1    1    1    1    1    1    1  2.97780E+14 0.00213 
   69   69    1    1    1    1    1    1    1    1  3.59888E+14 0.00167 
   70   70    1    1    1    1    1    1    1    1  3.07754E+14 0.00212 
   71   71    1    1    1    1    1    1    1    1  5.76130E+14 0.00190 
   72   72    1    1    1    1    1    1    1    1  4.14438E+14 0.00190 
   73   73    1    1    1    1    1    1    1    1  3.13724E+14 0.00175 
   74   74    1    1    1    1    1    1    1    1  2.49924E+14 0.00202 
   75   75    1    1    1    1    1    1    1    1  2.03497E+14 0.00200 
   76   76    1    1    1    1    1    1    1    1  2.31112E+14 0.00222 
   77   77    1    1    1    1    1    1    1    1  1.78987E+14 0.00293 
   78   78    1    1    1    1    1    1    1    1  1.38803E+14 0.00239 
   79   79    1    1    1    1    1    1    1    1  1.42229E+14 0.00208 
   80   80    1    1    1    1    1    1    1    1  1.05349E+14 0.00300 
   81   81    1    1    1    1    1    1    1    1  8.09393E+13 0.00292 
   82   82    1    1    1    1    1    1    1    1  6.19544E+13 0.00319 
   83   83    1    1    1    1    1    1    1    1  5.81204E+13 0.00303 
   84   84    1    1    1    1    1    1    1    1  4.15996E+13 0.00397 
   85   85    1    1    1    1    1    1    1    1  3.00350E+13 0.00514 
   86   86    1    1    1    1    1    1    1    1  2.81265E+13 0.00392 
   87   87    1    1    1    1    1    1    1    1  1.74135E+13 0.00696 
   88   88    1    1    1    1    1    1    1    1  1.18120E+13 0.00653 
   89   89    1    1    1    1    1    1    1    1  6.73757E+12 0.00926 
   90   90    1    1    1    1    1    1    1    1  4.47966E+12 0.00974 
   91   91    1    1    1    1    1    1    1    1  2.26705E+12 0.01539 
   92   92    1    1    1    1    1    1    1    1  1.12803E+12 0.02037 
   93   93    1    1    1    1    1    1    1    1  5.45903E+11 0.04373 
   94   94    1    1    1    1    1    1    1    1  2.45389E+11 0.05286 
   95   95    1    1    1    1    1    1    1    1  1.21290E+11 0.06590 
   96   96    1    1    1    1    1    1    1    1  5.48010E+10 0.10037 
   97   97    1    1    1    1    1    1    1    1  3.20548E+10 0.14858 
   98   98    1    1    1    1    1    1    1    1  7.89130E+09 0.23509 
   99   99    1    1    1    1    1    1    1    1  9.35068E+09 0.17065 
  100  100    1    1    1    1    1    1    1    1  4.56749E+09 0.36515 
];


