
DETdpaspec = [
    1    1    1    1    1    1    1    1    1    1  0.00000E+00 0.00000 
    2    2    1    1    1    1    1    1    1    1  0.00000E+00 0.00000 
    3    3    1    1    1    1    1    1    1    1  0.00000E+00 0.00000 
    4    4    1    1    1    1    1    1    1    1  0.00000E+00 0.00000 
    5    5    1    1    1    1    1    1    1    1  0.00000E+00 0.00000 
    6    6    1    1    1    1    1    1    1    1  0.00000E+00 0.00000 
    7    7    1    1    1    1    1    1    1    1  0.00000E+00 0.00000 
    8    8    1    1    1    1    1    1    1    1  0.00000E+00 0.00000 
    9    9    1    1    1    1    1    1    1    1  6.35089E+06 1.00000 
   10   10    1    1    1    1    1    1    1    1  9.76021E+07 0.55021 
   11   11    1    1    1    1    1    1    1    1  3.40231E+08 0.47710 
   12   12    1    1    1    1    1    1    1    1  1.48264E+08 0.49621 
   13   13    1    1    1    1    1    1    1    1  9.68607E+08 0.47583 
   14   14    1    1    1    1    1    1    1    1  2.95252E+09 0.38275 
   15   15    1    1    1    1    1    1    1    1  4.84123E+09 0.26308 
   16   16    1    1    1    1    1    1    1    1  2.11983E+09 0.23550 
   17   17    1    1    1    1    1    1    1    1  2.06805E+09 0.20885 
   18   18    1    1    1    1    1    1    1    1  8.21281E+09 0.14755 
   19   19    1    1    1    1    1    1    1    1  8.66344E+09 0.19213 
   20   20    1    1    1    1    1    1    1    1  2.09041E+10 0.12029 
   21   21    1    1    1    1    1    1    1    1  2.36299E+10 0.06297 
   22   22    1    1    1    1    1    1    1    1  5.54816E+10 0.08239 
   23   23    1    1    1    1    1    1    1    1  8.58705E+10 0.06980 
   24   24    1    1    1    1    1    1    1    1  1.43580E+11 0.05126 
   25   25    1    1    1    1    1    1    1    1  2.03631E+11 0.05082 
   26   26    1    1    1    1    1    1    1    1  3.78544E+11 0.03682 
   27   27    1    1    1    1    1    1    1    1  7.44852E+11 0.02553 
   28   28    1    1    1    1    1    1    1    1  1.78465E+12 0.01365 
   29   29    1    1    1    1    1    1    1    1  2.75634E+12 0.01478 
   30   30    1    1    1    1    1    1    1    1  7.46845E+12 0.00926 
   31   31    1    1    1    1    1    1    1    1  2.03615E+13 0.00670 
   32   32    1    1    1    1    1    1    1    1  3.34517E+13 0.00519 
   33   33    1    1    1    1    1    1    1    1  7.14563E+13 0.00200 
   34   34    1    1    1    1    1    1    1    1  9.13118E+13 0.00154 
   35   35    1    1    1    1    1    1    1    1  1.24601E+14 0.00215 
   36   36    1    1    1    1    1    1    1    1  9.09800E+13 0.00153 
   37   37    1    1    1    1    1    1    1    1  2.81962E+13 0.00215 
   38   38    1    1    1    1    1    1    1    1  1.47166E+14 0.00159 
   39   39    1    1    1    1    1    1    1    1  1.90414E+14 0.00161 
   40   40    1    1    1    1    1    1    1    1  3.22867E+14 0.00110 
   41   41    1    1    1    1    1    1    1    1  3.17056E+14 0.00154 
   42   42    1    1    1    1    1    1    1    1  6.21225E+14 0.00094 
   43   43    1    1    1    1    1    1    1    1  7.13340E+14 0.00063 
   44   44    1    1    1    1    1    1    1    1  9.70494E+14 0.00101 
   45   45    1    1    1    1    1    1    1    1  1.83454E+15 0.00072 
   46   46    1    1    1    1    1    1    1    1  9.15409E+14 0.00115 
   47   47    1    1    1    1    1    1    1    1  1.39218E+15 0.00101 
   48   48    1    1    1    1    1    1    1    1  1.94841E+15 0.00068 
   49   49    1    1    1    1    1    1    1    1  1.83961E+15 0.00093 
   50   50    1    1    1    1    1    1    1    1  2.86239E+15 0.00077 
   51   51    1    1    1    1    1    1    1    1  2.27182E+15 0.00065 
   52   52    1    1    1    1    1    1    1    1  2.63861E+15 0.00067 
   53   53    1    1    1    1    1    1    1    1  1.86070E+15 0.00066 
   54   54    1    1    1    1    1    1    1    1  2.27496E+15 0.00076 
   55   55    1    1    1    1    1    1    1    1  1.58963E+15 0.00073 
   56   56    1    1    1    1    1    1    1    1  2.18371E+14 0.00105 
   57   57    1    1    1    1    1    1    1    1  3.13118E+15 0.00092 
   58   58    1    1    1    1    1    1    1    1  1.38379E+15 0.00106 
   59   59    1    1    1    1    1    1    1    1  1.49360E+15 0.00089 
   60   60    1    1    1    1    1    1    1    1  1.17311E+15 0.00106 
   61   61    1    1    1    1    1    1    1    1  1.17488E+15 0.00082 
   62   62    1    1    1    1    1    1    1    1  1.20150E+15 0.00087 
   63   63    1    1    1    1    1    1    1    1  1.00816E+15 0.00073 
   64   64    1    1    1    1    1    1    1    1  7.97890E+14 0.00101 
   65   65    1    1    1    1    1    1    1    1  7.89026E+14 0.00085 
   66   66    1    1    1    1    1    1    1    1  5.98194E+14 0.00079 
   67   67    1    1    1    1    1    1    1    1  4.89892E+14 0.00094 
   68   68    1    1    1    1    1    1    1    1  4.37385E+14 0.00118 
   69   69    1    1    1    1    1    1    1    1  5.28599E+14 0.00118 
   70   70    1    1    1    1    1    1    1    1  4.51867E+14 0.00111 
   71   71    1    1    1    1    1    1    1    1  8.36540E+14 0.00102 
   72   72    1    1    1    1    1    1    1    1  6.00629E+14 0.00101 
   73   73    1    1    1    1    1    1    1    1  4.56794E+14 0.00103 
   74   74    1    1    1    1    1    1    1    1  3.67741E+14 0.00154 
   75   75    1    1    1    1    1    1    1    1  3.03090E+14 0.00176 
   76   76    1    1    1    1    1    1    1    1  3.48564E+14 0.00109 
   77   77    1    1    1    1    1    1    1    1  2.74074E+14 0.00165 
   78   78    1    1    1    1    1    1    1    1  2.14933E+14 0.00170 
   79   79    1    1    1    1    1    1    1    1  2.21081E+14 0.00182 
   80   80    1    1    1    1    1    1    1    1  1.63699E+14 0.00226 
   81   81    1    1    1    1    1    1    1    1  1.26486E+14 0.00199 
   82   82    1    1    1    1    1    1    1    1  9.75192E+13 0.00243 
   83   83    1    1    1    1    1    1    1    1  9.13443E+13 0.00281 
   84   84    1    1    1    1    1    1    1    1  6.56565E+13 0.00327 
   85   85    1    1    1    1    1    1    1    1  4.72093E+13 0.00324 
   86   86    1    1    1    1    1    1    1    1  4.41707E+13 0.00295 
   87   87    1    1    1    1    1    1    1    1  2.73245E+13 0.00544 
   88   88    1    1    1    1    1    1    1    1  1.85604E+13 0.00572 
   89   89    1    1    1    1    1    1    1    1  1.06385E+13 0.00596 
   90   90    1    1    1    1    1    1    1    1  7.00157E+12 0.01029 
   91   91    1    1    1    1    1    1    1    1  3.56107E+12 0.01116 
   92   92    1    1    1    1    1    1    1    1  1.72624E+12 0.02205 
   93   93    1    1    1    1    1    1    1    1  8.40897E+11 0.02911 
   94   94    1    1    1    1    1    1    1    1  4.09110E+11 0.03387 
   95   95    1    1    1    1    1    1    1    1  2.02590E+11 0.06837 
   96   96    1    1    1    1    1    1    1    1  8.78368E+10 0.07374 
   97   97    1    1    1    1    1    1    1    1  4.48074E+10 0.10016 
   98   98    1    1    1    1    1    1    1    1  1.71341E+10 0.19072 
   99   99    1    1    1    1    1    1    1    1  8.87084E+09 0.23024 
  100  100    1    1    1    1    1    1    1    1  1.07702E+10 0.45167 
];


