
DETdpaspec = [
    1    1    1    1    1    1    1    1    1    1  0.00000E+00 0.00000 
    2    2    1    1    1    1    1    1    1    1  0.00000E+00 0.00000 
    3    3    1    1    1    1    1    1    1    1  0.00000E+00 0.00000 
    4    4    1    1    1    1    1    1    1    1  0.00000E+00 0.00000 
    5    5    1    1    1    1    1    1    1    1  8.87762E+06 1.00000 
    6    6    1    1    1    1    1    1    1    1  0.00000E+00 0.00000 
    7    7    1    1    1    1    1    1    1    1  9.69913E+06 1.00000 
    8    8    1    1    1    1    1    1    1    1  1.39580E+07 1.00000 
    9    9    1    1    1    1    1    1    1    1  5.78092E+07 0.59891 
   10   10    1    1    1    1    1    1    1    1  1.61752E+08 0.54784 
   11   11    1    1    1    1    1    1    1    1  1.37948E+08 0.75710 
   12   12    1    1    1    1    1    1    1    1  7.89833E+07 0.49329 
   13   13    1    1    1    1    1    1    1    1  2.94658E+09 0.31585 
   14   14    1    1    1    1    1    1    1    1  3.69483E+09 0.35262 
   15   15    1    1    1    1    1    1    1    1  5.83411E+09 0.33627 
   16   16    1    1    1    1    1    1    1    1  1.95851E+09 0.30242 
   17   17    1    1    1    1    1    1    1    1  3.36953E+09 0.20122 
   18   18    1    1    1    1    1    1    1    1  9.89692E+09 0.17130 
   19   19    1    1    1    1    1    1    1    1  9.71703E+09 0.12667 
   20   20    1    1    1    1    1    1    1    1  3.49383E+10 0.07149 
   21   21    1    1    1    1    1    1    1    1  2.82380E+10 0.09487 
   22   22    1    1    1    1    1    1    1    1  7.08808E+10 0.08167 
   23   23    1    1    1    1    1    1    1    1  1.01624E+11 0.05508 
   24   24    1    1    1    1    1    1    1    1  1.63366E+11 0.05759 
   25   25    1    1    1    1    1    1    1    1  2.30204E+11 0.02647 
   26   26    1    1    1    1    1    1    1    1  3.71797E+11 0.02633 
   27   27    1    1    1    1    1    1    1    1  7.32492E+11 0.02373 
   28   28    1    1    1    1    1    1    1    1  1.52811E+12 0.01568 
   29   29    1    1    1    1    1    1    1    1  2.26775E+12 0.01321 
   30   30    1    1    1    1    1    1    1    1  6.39507E+12 0.01073 
   31   31    1    1    1    1    1    1    1    1  1.70295E+13 0.00641 
   32   32    1    1    1    1    1    1    1    1  2.84309E+13 0.00451 
   33   33    1    1    1    1    1    1    1    1  5.98982E+13 0.00276 
   34   34    1    1    1    1    1    1    1    1  7.51914E+13 0.00340 
   35   35    1    1    1    1    1    1    1    1  1.06527E+14 0.00320 
   36   36    1    1    1    1    1    1    1    1  7.88536E+13 0.00258 
   37   37    1    1    1    1    1    1    1    1  2.47187E+13 0.00254 
   38   38    1    1    1    1    1    1    1    1  1.27347E+14 0.00177 
   39   39    1    1    1    1    1    1    1    1  1.63737E+14 0.00184 
   40   40    1    1    1    1    1    1    1    1  2.74461E+14 0.00167 
   41   41    1    1    1    1    1    1    1    1  2.72546E+14 0.00172 
   42   42    1    1    1    1    1    1    1    1  5.27869E+14 0.00130 
   43   43    1    1    1    1    1    1    1    1  6.03261E+14 0.00200 
   44   44    1    1    1    1    1    1    1    1  8.15538E+14 0.00149 
   45   45    1    1    1    1    1    1    1    1  1.52230E+15 0.00124 
   46   46    1    1    1    1    1    1    1    1  7.58855E+14 0.00089 
   47   47    1    1    1    1    1    1    1    1  1.15715E+15 0.00095 
   48   48    1    1    1    1    1    1    1    1  1.61218E+15 0.00098 
   49   49    1    1    1    1    1    1    1    1  1.52585E+15 0.00121 
   50   50    1    1    1    1    1    1    1    1  2.34848E+15 0.00109 
   51   51    1    1    1    1    1    1    1    1  1.86969E+15 0.00114 
   52   52    1    1    1    1    1    1    1    1  2.15002E+15 0.00093 
   53   53    1    1    1    1    1    1    1    1  1.51752E+15 0.00106 
   54   54    1    1    1    1    1    1    1    1  1.83229E+15 0.00118 
   55   55    1    1    1    1    1    1    1    1  1.28207E+15 0.00125 
   56   56    1    1    1    1    1    1    1    1  1.76195E+14 0.00168 
   57   57    1    1    1    1    1    1    1    1  2.52216E+15 0.00118 
   58   58    1    1    1    1    1    1    1    1  1.10041E+15 0.00117 
   59   59    1    1    1    1    1    1    1    1  1.18903E+15 0.00107 
   60   60    1    1    1    1    1    1    1    1  9.22209E+14 0.00114 
   61   61    1    1    1    1    1    1    1    1  9.23841E+14 0.00108 
   62   62    1    1    1    1    1    1    1    1  9.42815E+14 0.00102 
   63   63    1    1    1    1    1    1    1    1  7.87705E+14 0.00102 
   64   64    1    1    1    1    1    1    1    1  6.22880E+14 0.00126 
   65   65    1    1    1    1    1    1    1    1  6.14888E+14 0.00109 
   66   66    1    1    1    1    1    1    1    1  4.66170E+14 0.00168 
   67   67    1    1    1    1    1    1    1    1  3.82574E+14 0.00147 
   68   68    1    1    1    1    1    1    1    1  3.41579E+14 0.00178 
   69   69    1    1    1    1    1    1    1    1  4.13469E+14 0.00122 
   70   70    1    1    1    1    1    1    1    1  3.53664E+14 0.00113 
   71   71    1    1    1    1    1    1    1    1  6.56891E+14 0.00121 
   72   72    1    1    1    1    1    1    1    1  4.73077E+14 0.00150 
   73   73    1    1    1    1    1    1    1    1  3.59589E+14 0.00152 
   74   74    1    1    1    1    1    1    1    1  2.86494E+14 0.00213 
   75   75    1    1    1    1    1    1    1    1  2.33754E+14 0.00214 
   76   76    1    1    1    1    1    1    1    1  2.67293E+14 0.00164 
   77   77    1    1    1    1    1    1    1    1  2.07563E+14 0.00223 
   78   78    1    1    1    1    1    1    1    1  1.62328E+14 0.00182 
   79   79    1    1    1    1    1    1    1    1  1.66055E+14 0.00188 
   80   80    1    1    1    1    1    1    1    1  1.22838E+14 0.00335 
   81   81    1    1    1    1    1    1    1    1  9.43999E+13 0.00223 
   82   82    1    1    1    1    1    1    1    1  7.24683E+13 0.00344 
   83   83    1    1    1    1    1    1    1    1  6.78841E+13 0.00287 
   84   84    1    1    1    1    1    1    1    1  4.89751E+13 0.00323 
   85   85    1    1    1    1    1    1    1    1  3.50900E+13 0.00398 
   86   86    1    1    1    1    1    1    1    1  3.29473E+13 0.00429 
   87   87    1    1    1    1    1    1    1    1  2.03571E+13 0.00758 
   88   88    1    1    1    1    1    1    1    1  1.40364E+13 0.00583 
   89   89    1    1    1    1    1    1    1    1  7.89887E+12 0.00917 
   90   90    1    1    1    1    1    1    1    1  5.40873E+12 0.00598 
   91   91    1    1    1    1    1    1    1    1  2.77919E+12 0.01678 
   92   92    1    1    1    1    1    1    1    1  1.30429E+12 0.02643 
   93   93    1    1    1    1    1    1    1    1  6.12587E+11 0.03084 
   94   94    1    1    1    1    1    1    1    1  2.95109E+11 0.04659 
   95   95    1    1    1    1    1    1    1    1  1.44391E+11 0.07070 
   96   96    1    1    1    1    1    1    1    1  6.64064E+10 0.09912 
   97   97    1    1    1    1    1    1    1    1  2.41387E+10 0.18306 
   98   98    1    1    1    1    1    1    1    1  1.35903E+10 0.22758 
   99   99    1    1    1    1    1    1    1    1  9.61573E+09 0.24049 
  100  100    1    1    1    1    1    1    1    1  1.31005E+10 0.16804 
];


