
DETdpaspec = [
    1    1    1    1    1    1    1    1    1    1  0.00000E+00 0.00000 
    2    2    1    1    1    1    1    1    1    1  0.00000E+00 0.00000 
    3    3    1    1    1    1    1    1    1    1  0.00000E+00 0.00000 
    4    4    1    1    1    1    1    1    1    1  0.00000E+00 0.00000 
    5    5    1    1    1    1    1    1    1    1  0.00000E+00 0.00000 
    6    6    1    1    1    1    1    1    1    1  0.00000E+00 0.00000 
    7    7    1    1    1    1    1    1    1    1  0.00000E+00 0.00000 
    8    8    1    1    1    1    1    1    1    1  0.00000E+00 0.00000 
    9    9    1    1    1    1    1    1    1    1  0.00000E+00 0.00000 
   10   10    1    1    1    1    1    1    1    1  4.69062E+07 1.00000 
   11   11    1    1    1    1    1    1    1    1  5.07158E+08 0.53786 
   12   12    1    1    1    1    1    1    1    1  2.75552E+07 1.00000 
   13   13    1    1    1    1    1    1    1    1  1.56925E+09 0.46065 
   14   14    1    1    1    1    1    1    1    1  1.44553E+09 0.47333 
   15   15    1    1    1    1    1    1    1    1  4.09442E+09 0.35369 
   16   16    1    1    1    1    1    1    1    1  1.16495E+09 0.33260 
   17   17    1    1    1    1    1    1    1    1  3.63969E+09 0.23551 
   18   18    1    1    1    1    1    1    1    1  6.28070E+09 0.24705 
   19   19    1    1    1    1    1    1    1    1  7.29908E+09 0.17799 
   20   20    1    1    1    1    1    1    1    1  2.36966E+10 0.16442 
   21   21    1    1    1    1    1    1    1    1  1.87420E+10 0.14868 
   22   22    1    1    1    1    1    1    1    1  4.54055E+10 0.08193 
   23   23    1    1    1    1    1    1    1    1  7.88777E+10 0.07596 
   24   24    1    1    1    1    1    1    1    1  1.62936E+11 0.04242 
   25   25    1    1    1    1    1    1    1    1  2.13099E+11 0.04432 
   26   26    1    1    1    1    1    1    1    1  4.18482E+11 0.03910 
   27   27    1    1    1    1    1    1    1    1  8.79977E+11 0.02076 
   28   28    1    1    1    1    1    1    1    1  2.18702E+12 0.01752 
   29   29    1    1    1    1    1    1    1    1  3.60826E+12 0.01394 
   30   30    1    1    1    1    1    1    1    1  9.17616E+12 0.01089 
   31   31    1    1    1    1    1    1    1    1  2.40803E+13 0.00624 
   32   32    1    1    1    1    1    1    1    1  3.88495E+13 0.00532 
   33   33    1    1    1    1    1    1    1    1  8.33276E+13 0.00349 
   34   34    1    1    1    1    1    1    1    1  1.06956E+14 0.00217 
   35   35    1    1    1    1    1    1    1    1  1.40454E+14 0.00200 
   36   36    1    1    1    1    1    1    1    1  1.01326E+14 0.00239 
   37   37    1    1    1    1    1    1    1    1  3.10446E+13 0.00246 
   38   38    1    1    1    1    1    1    1    1  1.63614E+14 0.00227 
   39   39    1    1    1    1    1    1    1    1  2.10957E+14 0.00169 
   40   40    1    1    1    1    1    1    1    1  3.59355E+14 0.00132 
   41   41    1    1    1    1    1    1    1    1  3.49882E+14 0.00150 
   42   42    1    1    1    1    1    1    1    1  6.91374E+14 0.00140 
   43   43    1    1    1    1    1    1    1    1  7.94701E+14 0.00113 
   44   44    1    1    1    1    1    1    1    1  1.08109E+15 0.00075 
   45   45    1    1    1    1    1    1    1    1  2.05313E+15 0.00065 
   46   46    1    1    1    1    1    1    1    1  1.02118E+15 0.00089 
   47   47    1    1    1    1    1    1    1    1  1.54716E+15 0.00097 
   48   48    1    1    1    1    1    1    1    1  2.16715E+15 0.00081 
   49   49    1    1    1    1    1    1    1    1  2.04159E+15 0.00070 
   50   50    1    1    1    1    1    1    1    1  3.19812E+15 0.00078 
   51   51    1    1    1    1    1    1    1    1  2.52276E+15 0.00072 
   52   52    1    1    1    1    1    1    1    1  2.95903E+15 0.00072 
   53   53    1    1    1    1    1    1    1    1  2.08422E+15 0.00074 
   54   54    1    1    1    1    1    1    1    1  2.56357E+15 0.00073 
   55   55    1    1    1    1    1    1    1    1  1.79304E+15 0.00077 
   56   56    1    1    1    1    1    1    1    1  2.45127E+14 0.00104 
   57   57    1    1    1    1    1    1    1    1  3.52603E+15 0.00083 
   58   58    1    1    1    1    1    1    1    1  1.57544E+15 0.00104 
   59   59    1    1    1    1    1    1    1    1  1.69404E+15 0.00088 
   60   60    1    1    1    1    1    1    1    1  1.33993E+15 0.00085 
   61   61    1    1    1    1    1    1    1    1  1.34062E+15 0.00087 
   62   62    1    1    1    1    1    1    1    1  1.37298E+15 0.00095 
   63   63    1    1    1    1    1    1    1    1  1.15541E+15 0.00090 
   64   64    1    1    1    1    1    1    1    1  9.15478E+14 0.00103 
   65   65    1    1    1    1    1    1    1    1  9.05461E+14 0.00109 
   66   66    1    1    1    1    1    1    1    1  6.87108E+14 0.00092 
   67   67    1    1    1    1    1    1    1    1  5.62291E+14 0.00108 
   68   68    1    1    1    1    1    1    1    1  5.00744E+14 0.00120 
   69   69    1    1    1    1    1    1    1    1  6.04784E+14 0.00110 
   70   70    1    1    1    1    1    1    1    1  5.18025E+14 0.00118 
   71   71    1    1    1    1    1    1    1    1  9.51664E+14 0.00116 
   72   72    1    1    1    1    1    1    1    1  6.82750E+14 0.00096 
   73   73    1    1    1    1    1    1    1    1  5.19999E+14 0.00139 
   74   74    1    1    1    1    1    1    1    1  4.21306E+14 0.00125 
   75   75    1    1    1    1    1    1    1    1  3.49587E+14 0.00080 
   76   76    1    1    1    1    1    1    1    1  4.03645E+14 0.00117 
   77   77    1    1    1    1    1    1    1    1  3.17736E+14 0.00145 
   78   78    1    1    1    1    1    1    1    1  2.50554E+14 0.00139 
   79   79    1    1    1    1    1    1    1    1  2.59560E+14 0.00153 
   80   80    1    1    1    1    1    1    1    1  1.92741E+14 0.00196 
   81   81    1    1    1    1    1    1    1    1  1.49550E+14 0.00215 
   82   82    1    1    1    1    1    1    1    1  1.15023E+14 0.00194 
   83   83    1    1    1    1    1    1    1    1  1.07423E+14 0.00215 
   84   84    1    1    1    1    1    1    1    1  7.72838E+13 0.00278 
   85   85    1    1    1    1    1    1    1    1  5.58187E+13 0.00371 
   86   86    1    1    1    1    1    1    1    1  5.20473E+13 0.00305 
   87   87    1    1    1    1    1    1    1    1  3.21734E+13 0.00469 
   88   88    1    1    1    1    1    1    1    1  2.16827E+13 0.00522 
   89   89    1    1    1    1    1    1    1    1  1.24687E+13 0.00713 
   90   90    1    1    1    1    1    1    1    1  8.35445E+12 0.01209 
   91   91    1    1    1    1    1    1    1    1  4.16015E+12 0.01010 
   92   92    1    1    1    1    1    1    1    1  2.07537E+12 0.01258 
   93   93    1    1    1    1    1    1    1    1  9.53951E+11 0.02250 
   94   94    1    1    1    1    1    1    1    1  4.61961E+11 0.03618 
   95   95    1    1    1    1    1    1    1    1  2.32167E+11 0.04378 
   96   96    1    1    1    1    1    1    1    1  9.90420E+10 0.06554 
   97   97    1    1    1    1    1    1    1    1  5.84162E+10 0.08532 
   98   98    1    1    1    1    1    1    1    1  3.65219E+10 0.11182 
   99   99    1    1    1    1    1    1    1    1  1.11501E+10 0.22359 
  100  100    1    1    1    1    1    1    1    1  9.42976E+09 0.20819 
];


