
DETdpaspec = [
    1    1    1    1    1    1    1    1    1    1  0.00000E+00 0.00000 
    2    2    1    1    1    1    1    1    1    1  0.00000E+00 0.00000 
    3    3    1    1    1    1    1    1    1    1  0.00000E+00 0.00000 
    4    4    1    1    1    1    1    1    1    1  0.00000E+00 0.00000 
    5    5    1    1    1    1    1    1    1    1  0.00000E+00 0.00000 
    6    6    1    1    1    1    1    1    1    1  0.00000E+00 0.00000 
    7    7    1    1    1    1    1    1    1    1  0.00000E+00 0.00000 
    8    8    1    1    1    1    1    1    1    1  0.00000E+00 0.00000 
    9    9    1    1    1    1    1    1    1    1  0.00000E+00 0.00000 
   10   10    1    1    1    1    1    1    1    1  0.00000E+00 0.00000 
   11   11    1    1    1    1    1    1    1    1  0.00000E+00 0.00000 
   12   12    1    1    1    1    1    1    1    1  2.57871E+08 1.00000 
   13   13    1    1    1    1    1    1    1    1  1.82607E+09 0.43759 
   14   14    1    1    1    1    1    1    1    1  4.07295E+09 0.44619 
   15   15    1    1    1    1    1    1    1    1  2.49282E+09 0.49317 
   16   16    1    1    1    1    1    1    1    1  1.54988E+09 0.56360 
   17   17    1    1    1    1    1    1    1    1  2.80097E+09 0.51256 
   18   18    1    1    1    1    1    1    1    1  4.57068E+09 0.30448 
   19   19    1    1    1    1    1    1    1    1  4.01657E+09 0.46379 
   20   20    1    1    1    1    1    1    1    1  2.53257E+10 0.14784 
   21   21    1    1    1    1    1    1    1    1  3.73670E+10 0.09351 
   22   22    1    1    1    1    1    1    1    1  1.67272E+11 0.05315 
   23   23    1    1    1    1    1    1    1    1  7.12123E+11 0.03418 
   24   24    1    1    1    1    1    1    1    1  1.97616E+12 0.01835 
   25   25    1    1    1    1    1    1    1    1  3.08251E+12 0.01123 
   26   26    1    1    1    1    1    1    1    1  5.96571E+12 0.00777 
   27   27    1    1    1    1    1    1    1    1  1.08732E+13 0.00653 
   28   28    1    1    1    1    1    1    1    1  1.96907E+13 0.00521 
   29   29    1    1    1    1    1    1    1    1  2.80674E+13 0.00473 
   30   30    1    1    1    1    1    1    1    1  4.94309E+13 0.00278 
   31   31    1    1    1    1    1    1    1    1  9.30716E+13 0.00221 
   32   32    1    1    1    1    1    1    1    1  1.24016E+14 0.00207 
   33   33    1    1    1    1    1    1    1    1  2.23661E+14 0.00123 
   34   34    1    1    1    1    1    1    1    1  2.62893E+14 0.00149 
   35   35    1    1    1    1    1    1    1    1  2.79195E+14 0.00135 
   36   36    1    1    1    1    1    1    1    1  1.79286E+14 0.00127 
   37   37    1    1    1    1    1    1    1    1  5.22859E+13 0.00160 
   38   38    1    1    1    1    1    1    1    1  2.78706E+14 0.00094 
   39   39    1    1    1    1    1    1    1    1  3.48998E+14 0.00106 
   40   40    1    1    1    1    1    1    1    1  5.83042E+14 0.00099 
   41   41    1    1    1    1    1    1    1    1  5.34378E+14 0.00117 
   42   42    1    1    1    1    1    1    1    1  1.04880E+15 0.00092 
   43   43    1    1    1    1    1    1    1    1  1.17115E+15 0.00093 
   44   44    1    1    1    1    1    1    1    1  1.54917E+15 0.00075 
   45   45    1    1    1    1    1    1    1    1  2.85207E+15 0.00068 
   46   46    1    1    1    1    1    1    1    1  1.36126E+15 0.00092 
   47   47    1    1    1    1    1    1    1    1  2.01565E+15 0.00073 
   48   48    1    1    1    1    1    1    1    1  2.75787E+15 0.00067 
   49   49    1    1    1    1    1    1    1    1  2.52877E+15 0.00079 
   50   50    1    1    1    1    1    1    1    1  3.93428E+15 0.00073 
   51   51    1    1    1    1    1    1    1    1  2.98950E+15 0.00087 
   52   52    1    1    1    1    1    1    1    1  3.51040E+15 0.00092 
   53   53    1    1    1    1    1    1    1    1  2.42579E+15 0.00082 
   54   54    1    1    1    1    1    1    1    1  3.00086E+15 0.00079 
   55   55    1    1    1    1    1    1    1    1  2.07284E+15 0.00091 
   56   56    1    1    1    1    1    1    1    1  2.80643E+14 0.00103 
   57   57    1    1    1    1    1    1    1    1  4.01876E+15 0.00079 
   58   58    1    1    1    1    1    1    1    1  1.81905E+15 0.00085 
   59   59    1    1    1    1    1    1    1    1  1.92655E+15 0.00092 
   60   60    1    1    1    1    1    1    1    1  1.53840E+15 0.00086 
   61   61    1    1    1    1    1    1    1    1  1.52654E+15 0.00092 
   62   62    1    1    1    1    1    1    1    1  1.55682E+15 0.00099 
   63   63    1    1    1    1    1    1    1    1  1.30416E+15 0.00095 
   64   64    1    1    1    1    1    1    1    1  1.02869E+15 0.00079 
   65   65    1    1    1    1    1    1    1    1  1.00970E+15 0.00085 
   66   66    1    1    1    1    1    1    1    1  7.65016E+14 0.00111 
   67   67    1    1    1    1    1    1    1    1  6.18784E+14 0.00099 
   68   68    1    1    1    1    1    1    1    1  5.47456E+14 0.00086 
   69   69    1    1    1    1    1    1    1    1  6.57565E+14 0.00116 
   70   70    1    1    1    1    1    1    1    1  5.57347E+14 0.00156 
   71   71    1    1    1    1    1    1    1    1  1.00026E+15 0.00147 
   72   72    1    1    1    1    1    1    1    1  7.08247E+14 0.00155 
   73   73    1    1    1    1    1    1    1    1  5.37222E+14 0.00152 
   74   74    1    1    1    1    1    1    1    1  4.39242E+14 0.00169 
   75   75    1    1    1    1    1    1    1    1  3.67167E+14 0.00158 
   76   76    1    1    1    1    1    1    1    1  4.29220E+14 0.00129 
   77   77    1    1    1    1    1    1    1    1  3.42607E+14 0.00157 
   78   78    1    1    1    1    1    1    1    1  2.71603E+14 0.00162 
   79   79    1    1    1    1    1    1    1    1  2.81794E+14 0.00202 
   80   80    1    1    1    1    1    1    1    1  2.10168E+14 0.00197 
   81   81    1    1    1    1    1    1    1    1  1.62109E+14 0.00207 
   82   82    1    1    1    1    1    1    1    1  1.24568E+14 0.00214 
   83   83    1    1    1    1    1    1    1    1  1.15997E+14 0.00199 
   84   84    1    1    1    1    1    1    1    1  8.36499E+13 0.00246 
   85   85    1    1    1    1    1    1    1    1  6.01381E+13 0.00283 
   86   86    1    1    1    1    1    1    1    1  5.60186E+13 0.00390 
   87   87    1    1    1    1    1    1    1    1  3.41720E+13 0.00348 
   88   88    1    1    1    1    1    1    1    1  2.28769E+13 0.00413 
   89   89    1    1    1    1    1    1    1    1  1.29221E+13 0.00618 
   90   90    1    1    1    1    1    1    1    1  8.46448E+12 0.00676 
   91   91    1    1    1    1    1    1    1    1  4.22186E+12 0.00971 
   92   92    1    1    1    1    1    1    1    1  2.05298E+12 0.01380 
   93   93    1    1    1    1    1    1    1    1  9.52833E+11 0.02418 
   94   94    1    1    1    1    1    1    1    1  4.34455E+11 0.02768 
   95   95    1    1    1    1    1    1    1    1  2.23306E+11 0.05169 
   96   96    1    1    1    1    1    1    1    1  9.49209E+10 0.09153 
   97   97    1    1    1    1    1    1    1    1  4.81594E+10 0.07439 
   98   98    1    1    1    1    1    1    1    1  2.29383E+10 0.11571 
   99   99    1    1    1    1    1    1    1    1  9.98533E+09 0.18666 
  100  100    1    1    1    1    1    1    1    1  1.28685E+10 0.21612 
];


