
DETdpaspec = [
    1    1    1    1    1    1    1    1    1    1  0.00000E+00 0.00000 
    2    2    1    1    1    1    1    1    1    1  0.00000E+00 0.00000 
    3    3    1    1    1    1    1    1    1    1  0.00000E+00 0.00000 
    4    4    1    1    1    1    1    1    1    1  0.00000E+00 0.00000 
    5    5    1    1    1    1    1    1    1    1  0.00000E+00 0.00000 
    6    6    1    1    1    1    1    1    1    1  0.00000E+00 0.00000 
    7    7    1    1    1    1    1    1    1    1  0.00000E+00 0.00000 
    8    8    1    1    1    1    1    1    1    1  0.00000E+00 0.00000 
    9    9    1    1    1    1    1    1    1    1  9.82796E+06 1.00000 
   10   10    1    1    1    1    1    1    1    1  0.00000E+00 0.00000 
   11   11    1    1    1    1    1    1    1    1  0.00000E+00 0.00000 
   12   12    1    1    1    1    1    1    1    1  5.70201E+07 0.64458 
   13   13    1    1    1    1    1    1    1    1  1.98114E+09 0.49480 
   14   14    1    1    1    1    1    1    1    1  4.56247E+09 0.31497 
   15   15    1    1    1    1    1    1    1    1  3.04868E+09 0.33042 
   16   16    1    1    1    1    1    1    1    1  1.87653E+09 0.46474 
   17   17    1    1    1    1    1    1    1    1  4.07662E+09 0.19893 
   18   18    1    1    1    1    1    1    1    1  7.73430E+09 0.27611 
   19   19    1    1    1    1    1    1    1    1  7.66440E+09 0.15746 
   20   20    1    1    1    1    1    1    1    1  2.61461E+10 0.15065 
   21   21    1    1    1    1    1    1    1    1  2.12650E+10 0.09945 
   22   22    1    1    1    1    1    1    1    1  5.23979E+10 0.08787 
   23   23    1    1    1    1    1    1    1    1  8.54212E+10 0.06164 
   24   24    1    1    1    1    1    1    1    1  1.41379E+11 0.04722 
   25   25    1    1    1    1    1    1    1    1  2.22764E+11 0.04651 
   26   26    1    1    1    1    1    1    1    1  4.42125E+11 0.02708 
   27   27    1    1    1    1    1    1    1    1  9.61173E+11 0.01913 
   28   28    1    1    1    1    1    1    1    1  2.42040E+12 0.01132 
   29   29    1    1    1    1    1    1    1    1  3.94580E+12 0.01116 
   30   30    1    1    1    1    1    1    1    1  9.80870E+12 0.00896 
   31   31    1    1    1    1    1    1    1    1  2.56625E+13 0.00504 
   32   32    1    1    1    1    1    1    1    1  4.11581E+13 0.00283 
   33   33    1    1    1    1    1    1    1    1  8.74951E+13 0.00267 
   34   34    1    1    1    1    1    1    1    1  1.13261E+14 0.00165 
   35   35    1    1    1    1    1    1    1    1  1.46618E+14 0.00190 
   36   36    1    1    1    1    1    1    1    1  1.05020E+14 0.00193 
   37   37    1    1    1    1    1    1    1    1  3.20272E+13 0.00207 
   38   38    1    1    1    1    1    1    1    1  1.69313E+14 0.00174 
   39   39    1    1    1    1    1    1    1    1  2.18011E+14 0.00154 
   40   40    1    1    1    1    1    1    1    1  3.71930E+14 0.00153 
   41   41    1    1    1    1    1    1    1    1  3.59963E+14 0.00151 
   42   42    1    1    1    1    1    1    1    1  7.12592E+14 0.00112 
   43   43    1    1    1    1    1    1    1    1  8.19283E+14 0.00089 
   44   44    1    1    1    1    1    1    1    1  1.11473E+15 0.00079 
   45   45    1    1    1    1    1    1    1    1  2.11280E+15 0.00074 
   46   46    1    1    1    1    1    1    1    1  1.05032E+15 0.00057 
   47   47    1    1    1    1    1    1    1    1  1.58807E+15 0.00072 
   48   48    1    1    1    1    1    1    1    1  2.22688E+15 0.00065 
   49   49    1    1    1    1    1    1    1    1  2.09533E+15 0.00055 
   50   50    1    1    1    1    1    1    1    1  3.28444E+15 0.00069 
   51   51    1    1    1    1    1    1    1    1  2.58719E+15 0.00062 
   52   52    1    1    1    1    1    1    1    1  3.03453E+15 0.00070 
   53   53    1    1    1    1    1    1    1    1  2.14085E+15 0.00065 
   54   54    1    1    1    1    1    1    1    1  2.63910E+15 0.00061 
   55   55    1    1    1    1    1    1    1    1  1.84500E+15 0.00064 
   56   56    1    1    1    1    1    1    1    1  2.52231E+14 0.00115 
   57   57    1    1    1    1    1    1    1    1  3.62907E+15 0.00058 
   58   58    1    1    1    1    1    1    1    1  1.62490E+15 0.00086 
   59   59    1    1    1    1    1    1    1    1  1.74409E+15 0.00071 
   60   60    1    1    1    1    1    1    1    1  1.38206E+15 0.00078 
   61   61    1    1    1    1    1    1    1    1  1.38295E+15 0.00072 
   62   62    1    1    1    1    1    1    1    1  1.41725E+15 0.00074 
   63   63    1    1    1    1    1    1    1    1  1.19191E+15 0.00089 
   64   64    1    1    1    1    1    1    1    1  9.46530E+14 0.00119 
   65   65    1    1    1    1    1    1    1    1  9.34747E+14 0.00092 
   66   66    1    1    1    1    1    1    1    1  7.09345E+14 0.00127 
   67   67    1    1    1    1    1    1    1    1  5.80244E+14 0.00116 
   68   68    1    1    1    1    1    1    1    1  5.15401E+14 0.00115 
   69   69    1    1    1    1    1    1    1    1  6.23094E+14 0.00114 
   70   70    1    1    1    1    1    1    1    1  5.33266E+14 0.00134 
   71   71    1    1    1    1    1    1    1    1  9.78154E+14 0.00094 
   72   72    1    1    1    1    1    1    1    1  7.02342E+14 0.00124 
   73   73    1    1    1    1    1    1    1    1  5.35925E+14 0.00074 
   74   74    1    1    1    1    1    1    1    1  4.34710E+14 0.00134 
   75   75    1    1    1    1    1    1    1    1  3.60010E+14 0.00145 
   76   76    1    1    1    1    1    1    1    1  4.16459E+14 0.00123 
   77   77    1    1    1    1    1    1    1    1  3.29630E+14 0.00146 
   78   78    1    1    1    1    1    1    1    1  2.59920E+14 0.00126 
   79   79    1    1    1    1    1    1    1    1  2.67908E+14 0.00139 
   80   80    1    1    1    1    1    1    1    1  2.00244E+14 0.00173 
   81   81    1    1    1    1    1    1    1    1  1.54842E+14 0.00215 
   82   82    1    1    1    1    1    1    1    1  1.19286E+14 0.00191 
   83   83    1    1    1    1    1    1    1    1  1.11215E+14 0.00265 
   84   84    1    1    1    1    1    1    1    1  8.02099E+13 0.00304 
   85   85    1    1    1    1    1    1    1    1  5.80466E+13 0.00319 
   86   86    1    1    1    1    1    1    1    1  5.41496E+13 0.00373 
   87   87    1    1    1    1    1    1    1    1  3.32190E+13 0.00316 
   88   88    1    1    1    1    1    1    1    1  2.25886E+13 0.00595 
   89   89    1    1    1    1    1    1    1    1  1.28983E+13 0.00756 
   90   90    1    1    1    1    1    1    1    1  8.52490E+12 0.00706 
   91   91    1    1    1    1    1    1    1    1  4.27599E+12 0.00970 
   92   92    1    1    1    1    1    1    1    1  2.04204E+12 0.01985 
   93   93    1    1    1    1    1    1    1    1  1.04927E+12 0.02599 
   94   94    1    1    1    1    1    1    1    1  4.93174E+11 0.03647 
   95   95    1    1    1    1    1    1    1    1  2.55095E+11 0.06857 
   96   96    1    1    1    1    1    1    1    1  1.16922E+11 0.06305 
   97   97    1    1    1    1    1    1    1    1  6.16445E+10 0.09713 
   98   98    1    1    1    1    1    1    1    1  3.00308E+10 0.16255 
   99   99    1    1    1    1    1    1    1    1  9.85446E+09 0.23075 
  100  100    1    1    1    1    1    1    1    1  1.05996E+10 0.20765 
];


