
DETdpaspec = [
    1    1    1    1    1    1    1    1    1    1  0.00000E+00 0.00000 
    2    2    1    1    1    1    1    1    1    1  0.00000E+00 0.00000 
    3    3    1    1    1    1    1    1    1    1  0.00000E+00 0.00000 
    4    4    1    1    1    1    1    1    1    1  1.87749E+07 1.00000 
    5    5    1    1    1    1    1    1    1    1  0.00000E+00 0.00000 
    6    6    1    1    1    1    1    1    1    1  7.82801E+06 1.00000 
    7    7    1    1    1    1    1    1    1    1  0.00000E+00 0.00000 
    8    8    1    1    1    1    1    1    1    1  4.79641E+07 0.73240 
    9    9    1    1    1    1    1    1    1    1  0.00000E+00 0.00000 
   10   10    1    1    1    1    1    1    1    1  5.64559E+07 1.00000 
   11   11    1    1    1    1    1    1    1    1  1.72431E+08 0.59251 
   12   12    1    1    1    1    1    1    1    1  1.61462E+06 1.00000 
   13   13    1    1    1    1    1    1    1    1  7.42631E+08 0.50526 
   14   14    1    1    1    1    1    1    1    1  3.18225E+09 0.32962 
   15   15    1    1    1    1    1    1    1    1  6.96912E+09 0.19297 
   16   16    1    1    1    1    1    1    1    1  1.56878E+09 0.27110 
   17   17    1    1    1    1    1    1    1    1  3.08157E+09 0.21174 
   18   18    1    1    1    1    1    1    1    1  7.11678E+09 0.20008 
   19   19    1    1    1    1    1    1    1    1  8.01337E+09 0.20100 
   20   20    1    1    1    1    1    1    1    1  3.02042E+10 0.14677 
   21   21    1    1    1    1    1    1    1    1  2.61621E+10 0.07055 
   22   22    1    1    1    1    1    1    1    1  6.58968E+10 0.08012 
   23   23    1    1    1    1    1    1    1    1  9.96607E+10 0.05489 
   24   24    1    1    1    1    1    1    1    1  1.37755E+11 0.04134 
   25   25    1    1    1    1    1    1    1    1  2.05303E+11 0.03625 
   26   26    1    1    1    1    1    1    1    1  3.72160E+11 0.02986 
   27   27    1    1    1    1    1    1    1    1  7.21135E+11 0.02610 
   28   28    1    1    1    1    1    1    1    1  1.49678E+12 0.01460 
   29   29    1    1    1    1    1    1    1    1  2.31647E+12 0.01238 
   30   30    1    1    1    1    1    1    1    1  6.58178E+12 0.01030 
   31   31    1    1    1    1    1    1    1    1  1.74921E+13 0.00602 
   32   32    1    1    1    1    1    1    1    1  2.91842E+13 0.00472 
   33   33    1    1    1    1    1    1    1    1  6.19306E+13 0.00312 
   34   34    1    1    1    1    1    1    1    1  7.76555E+13 0.00238 
   35   35    1    1    1    1    1    1    1    1  1.09215E+14 0.00205 
   36   36    1    1    1    1    1    1    1    1  8.07561E+13 0.00169 
   37   37    1    1    1    1    1    1    1    1  2.52637E+13 0.00178 
   38   38    1    1    1    1    1    1    1    1  1.30526E+14 0.00237 
   39   39    1    1    1    1    1    1    1    1  1.67727E+14 0.00184 
   40   40    1    1    1    1    1    1    1    1  2.82352E+14 0.00141 
   41   41    1    1    1    1    1    1    1    1  2.79571E+14 0.00164 
   42   42    1    1    1    1    1    1    1    1  5.43379E+14 0.00122 
   43   43    1    1    1    1    1    1    1    1  6.21141E+14 0.00139 
   44   44    1    1    1    1    1    1    1    1  8.42018E+14 0.00134 
   45   45    1    1    1    1    1    1    1    1  1.57545E+15 0.00114 
   46   46    1    1    1    1    1    1    1    1  7.86151E+14 0.00134 
   47   47    1    1    1    1    1    1    1    1  1.19916E+15 0.00139 
   48   48    1    1    1    1    1    1    1    1  1.67259E+15 0.00147 
   49   49    1    1    1    1    1    1    1    1  1.58081E+15 0.00150 
   50   50    1    1    1    1    1    1    1    1  2.43834E+15 0.00111 
   51   51    1    1    1    1    1    1    1    1  1.94016E+15 0.00142 
   52   52    1    1    1    1    1    1    1    1  2.23778E+15 0.00112 
   53   53    1    1    1    1    1    1    1    1  1.57923E+15 0.00118 
   54   54    1    1    1    1    1    1    1    1  1.91012E+15 0.00146 
   55   55    1    1    1    1    1    1    1    1  1.33748E+15 0.00109 
   56   56    1    1    1    1    1    1    1    1  1.84039E+14 0.00127 
   57   57    1    1    1    1    1    1    1    1  2.62936E+15 0.00124 
   58   58    1    1    1    1    1    1    1    1  1.15000E+15 0.00133 
   59   59    1    1    1    1    1    1    1    1  1.24183E+15 0.00126 
   60   60    1    1    1    1    1    1    1    1  9.65062E+14 0.00142 
   61   61    1    1    1    1    1    1    1    1  9.67295E+14 0.00135 
   62   62    1    1    1    1    1    1    1    1  9.87345E+14 0.00122 
   63   63    1    1    1    1    1    1    1    1  8.25304E+14 0.00131 
   64   64    1    1    1    1    1    1    1    1  6.54256E+14 0.00142 
   65   65    1    1    1    1    1    1    1    1  6.46634E+14 0.00125 
   66   66    1    1    1    1    1    1    1    1  4.89517E+14 0.00169 
   67   67    1    1    1    1    1    1    1    1  4.01627E+14 0.00155 
   68   68    1    1    1    1    1    1    1    1  3.57292E+14 0.00155 
   69   69    1    1    1    1    1    1    1    1  4.33218E+14 0.00166 
   70   70    1    1    1    1    1    1    1    1  3.69496E+14 0.00179 
   71   71    1    1    1    1    1    1    1    1  6.87557E+14 0.00125 
   72   72    1    1    1    1    1    1    1    1  4.94785E+14 0.00161 
   73   73    1    1    1    1    1    1    1    1  3.76484E+14 0.00222 
   74   74    1    1    1    1    1    1    1    1  3.01104E+14 0.00180 
   75   75    1    1    1    1    1    1    1    1  2.46683E+14 0.00228 
   76   76    1    1    1    1    1    1    1    1  2.80534E+14 0.00165 
   77   77    1    1    1    1    1    1    1    1  2.19215E+14 0.00224 
   78   78    1    1    1    1    1    1    1    1  1.71205E+14 0.00224 
   79   79    1    1    1    1    1    1    1    1  1.75626E+14 0.00190 
   80   80    1    1    1    1    1    1    1    1  1.30362E+14 0.00196 
   81   81    1    1    1    1    1    1    1    1  9.99008E+13 0.00328 
   82   82    1    1    1    1    1    1    1    1  7.68891E+13 0.00320 
   83   83    1    1    1    1    1    1    1    1  7.20667E+13 0.00332 
   84   84    1    1    1    1    1    1    1    1  5.16906E+13 0.00293 
   85   85    1    1    1    1    1    1    1    1  3.71969E+13 0.00588 
   86   86    1    1    1    1    1    1    1    1  3.46836E+13 0.00491 
   87   87    1    1    1    1    1    1    1    1  2.15794E+13 0.00591 
   88   88    1    1    1    1    1    1    1    1  1.45962E+13 0.00780 
   89   89    1    1    1    1    1    1    1    1  8.26460E+12 0.00813 
   90   90    1    1    1    1    1    1    1    1  5.56848E+12 0.01183 
   91   91    1    1    1    1    1    1    1    1  2.89318E+12 0.01659 
   92   92    1    1    1    1    1    1    1    1  1.36892E+12 0.02866 
   93   93    1    1    1    1    1    1    1    1  6.66040E+11 0.04057 
   94   94    1    1    1    1    1    1    1    1  2.97679E+11 0.05049 
   95   95    1    1    1    1    1    1    1    1  1.64296E+11 0.04885 
   96   96    1    1    1    1    1    1    1    1  8.12928E+10 0.10142 
   97   97    1    1    1    1    1    1    1    1  3.60312E+10 0.12395 
   98   98    1    1    1    1    1    1    1    1  1.89996E+10 0.14914 
   99   99    1    1    1    1    1    1    1    1  8.25695E+09 0.22533 
  100  100    1    1    1    1    1    1    1    1  4.31530E+09 0.44079 
];


