
DETdpaspec = [
    1    1    1    1    1    1    1    1    1    1  0.00000E+00 0.00000 
    2    2    1    1    1    1    1    1    1    1  0.00000E+00 0.00000 
    3    3    1    1    1    1    1    1    1    1  0.00000E+00 0.00000 
    4    4    1    1    1    1    1    1    1    1  0.00000E+00 0.00000 
    5    5    1    1    1    1    1    1    1    1  0.00000E+00 0.00000 
    6    6    1    1    1    1    1    1    1    1  0.00000E+00 0.00000 
    7    7    1    1    1    1    1    1    1    1  0.00000E+00 0.00000 
    8    8    1    1    1    1    1    1    1    1  1.23741E+07 1.00000 
    9    9    1    1    1    1    1    1    1    1  8.11148E+06 1.00000 
   10   10    1    1    1    1    1    1    1    1  0.00000E+00 0.00000 
   11   11    1    1    1    1    1    1    1    1  4.50475E+07 1.00000 
   12   12    1    1    1    1    1    1    1    1  3.84049E+07 1.00000 
   13   13    1    1    1    1    1    1    1    1  1.50391E+09 0.48301 
   14   14    1    1    1    1    1    1    1    1  3.68766E+09 0.47007 
   15   15    1    1    1    1    1    1    1    1  6.03381E+09 0.32937 
   16   16    1    1    1    1    1    1    1    1  1.19559E+09 0.30851 
   17   17    1    1    1    1    1    1    1    1  2.56870E+09 0.28704 
   18   18    1    1    1    1    1    1    1    1  6.93919E+09 0.19072 
   19   19    1    1    1    1    1    1    1    1  8.25367E+09 0.17174 
   20   20    1    1    1    1    1    1    1    1  2.35565E+10 0.16703 
   21   21    1    1    1    1    1    1    1    1  2.50203E+10 0.12444 
   22   22    1    1    1    1    1    1    1    1  5.38451E+10 0.09010 
   23   23    1    1    1    1    1    1    1    1  7.88554E+10 0.08828 
   24   24    1    1    1    1    1    1    1    1  1.43220E+11 0.04613 
   25   25    1    1    1    1    1    1    1    1  2.01506E+11 0.04583 
   26   26    1    1    1    1    1    1    1    1  4.30105E+11 0.02908 
   27   27    1    1    1    1    1    1    1    1  8.78644E+11 0.02082 
   28   28    1    1    1    1    1    1    1    1  2.17321E+12 0.01563 
   29   29    1    1    1    1    1    1    1    1  3.60358E+12 0.01286 
   30   30    1    1    1    1    1    1    1    1  9.01182E+12 0.01063 
   31   31    1    1    1    1    1    1    1    1  2.38492E+13 0.00593 
   32   32    1    1    1    1    1    1    1    1  3.88212E+13 0.00428 
   33   33    1    1    1    1    1    1    1    1  8.30214E+13 0.00235 
   34   34    1    1    1    1    1    1    1    1  1.07079E+14 0.00198 
   35   35    1    1    1    1    1    1    1    1  1.40507E+14 0.00171 
   36   36    1    1    1    1    1    1    1    1  1.01265E+14 0.00133 
   37   37    1    1    1    1    1    1    1    1  3.09965E+13 0.00135 
   38   38    1    1    1    1    1    1    1    1  1.63414E+14 0.00133 
   39   39    1    1    1    1    1    1    1    1  2.10432E+14 0.00126 
   40   40    1    1    1    1    1    1    1    1  3.59089E+14 0.00121 
   41   41    1    1    1    1    1    1    1    1  3.49312E+14 0.00128 
   42   42    1    1    1    1    1    1    1    1  6.90044E+14 0.00138 
   43   43    1    1    1    1    1    1    1    1  7.93602E+14 0.00106 
   44   44    1    1    1    1    1    1    1    1  1.07867E+15 0.00111 
   45   45    1    1    1    1    1    1    1    1  2.04943E+15 0.00080 
   46   46    1    1    1    1    1    1    1    1  1.01982E+15 0.00097 
   47   47    1    1    1    1    1    1    1    1  1.54637E+15 0.00068 
   48   48    1    1    1    1    1    1    1    1  2.16521E+15 0.00088 
   49   49    1    1    1    1    1    1    1    1  2.03925E+15 0.00080 
   50   50    1    1    1    1    1    1    1    1  3.19460E+15 0.00069 
   51   51    1    1    1    1    1    1    1    1  2.51965E+15 0.00077 
   52   52    1    1    1    1    1    1    1    1  2.95258E+15 0.00072 
   53   53    1    1    1    1    1    1    1    1  2.08086E+15 0.00099 
   54   54    1    1    1    1    1    1    1    1  2.55818E+15 0.00077 
   55   55    1    1    1    1    1    1    1    1  1.78971E+15 0.00076 
   56   56    1    1    1    1    1    1    1    1  2.45130E+14 0.00098 
   57   57    1    1    1    1    1    1    1    1  3.52000E+15 0.00057 
   58   58    1    1    1    1    1    1    1    1  1.57218E+15 0.00071 
   59   59    1    1    1    1    1    1    1    1  1.69053E+15 0.00075 
   60   60    1    1    1    1    1    1    1    1  1.33756E+15 0.00083 
   61   61    1    1    1    1    1    1    1    1  1.33675E+15 0.00077 
   62   62    1    1    1    1    1    1    1    1  1.37142E+15 0.00086 
   63   63    1    1    1    1    1    1    1    1  1.15146E+15 0.00076 
   64   64    1    1    1    1    1    1    1    1  9.13421E+14 0.00076 
   65   65    1    1    1    1    1    1    1    1  9.02567E+14 0.00087 
   66   66    1    1    1    1    1    1    1    1  6.85741E+14 0.00084 
   67   67    1    1    1    1    1    1    1    1  5.60587E+14 0.00110 
   68   68    1    1    1    1    1    1    1    1  4.98477E+14 0.00110 
   69   69    1    1    1    1    1    1    1    1  6.02454E+14 0.00150 
   70   70    1    1    1    1    1    1    1    1  5.14610E+14 0.00100 
   71   71    1    1    1    1    1    1    1    1  9.46998E+14 0.00086 
   72   72    1    1    1    1    1    1    1    1  6.80284E+14 0.00110 
   73   73    1    1    1    1    1    1    1    1  5.19499E+14 0.00128 
   74   74    1    1    1    1    1    1    1    1  4.20289E+14 0.00116 
   75   75    1    1    1    1    1    1    1    1  3.47761E+14 0.00121 
   76   76    1    1    1    1    1    1    1    1  4.03015E+14 0.00125 
   77   77    1    1    1    1    1    1    1    1  3.18407E+14 0.00119 
   78   78    1    1    1    1    1    1    1    1  2.50278E+14 0.00160 
   79   79    1    1    1    1    1    1    1    1  2.58401E+14 0.00139 
   80   80    1    1    1    1    1    1    1    1  1.92235E+14 0.00189 
   81   81    1    1    1    1    1    1    1    1  1.48302E+14 0.00222 
   82   82    1    1    1    1    1    1    1    1  1.14512E+14 0.00192 
   83   83    1    1    1    1    1    1    1    1  1.06825E+14 0.00216 
   84   84    1    1    1    1    1    1    1    1  7.67188E+13 0.00276 
   85   85    1    1    1    1    1    1    1    1  5.55263E+13 0.00309 
   86   86    1    1    1    1    1    1    1    1  5.16979E+13 0.00347 
   87   87    1    1    1    1    1    1    1    1  3.21325E+13 0.00381 
   88   88    1    1    1    1    1    1    1    1  2.15146E+13 0.00385 
   89   89    1    1    1    1    1    1    1    1  1.23850E+13 0.00607 
   90   90    1    1    1    1    1    1    1    1  8.19246E+12 0.00604 
   91   91    1    1    1    1    1    1    1    1  4.09650E+12 0.01080 
   92   92    1    1    1    1    1    1    1    1  1.98514E+12 0.01673 
   93   93    1    1    1    1    1    1    1    1  9.94175E+11 0.02246 
   94   94    1    1    1    1    1    1    1    1  4.55967E+11 0.03984 
   95   95    1    1    1    1    1    1    1    1  2.14128E+11 0.04345 
   96   96    1    1    1    1    1    1    1    1  1.07872E+11 0.06302 
   97   97    1    1    1    1    1    1    1    1  5.02933E+10 0.10911 
   98   98    1    1    1    1    1    1    1    1  2.03239E+10 0.13549 
   99   99    1    1    1    1    1    1    1    1  1.36431E+10 0.20736 
  100  100    1    1    1    1    1    1    1    1  1.23821E+10 0.15792 
];


