
DETdpaspec = [
    1    1    1    1    1    1    1    1    1    1  0.00000E+00 0.00000 
    2    2    1    1    1    1    1    1    1    1  0.00000E+00 0.00000 
    3    3    1    1    1    1    1    1    1    1  0.00000E+00 0.00000 
    4    4    1    1    1    1    1    1    1    1  0.00000E+00 0.00000 
    5    5    1    1    1    1    1    1    1    1  1.60443E+07 1.00000 
    6    6    1    1    1    1    1    1    1    1  1.40298E+07 1.00000 
    7    7    1    1    1    1    1    1    1    1  2.11914E+07 1.00000 
    8    8    1    1    1    1    1    1    1    1  0.00000E+00 0.00000 
    9    9    1    1    1    1    1    1    1    1  0.00000E+00 0.00000 
   10   10    1    1    1    1    1    1    1    1  8.83796E+07 0.72057 
   11   11    1    1    1    1    1    1    1    1  3.03949E+08 0.64743 
   12   12    1    1    1    1    1    1    1    1  1.87852E+08 0.82322 
   13   13    1    1    1    1    1    1    1    1  2.45942E+09 0.59876 
   14   14    1    1    1    1    1    1    1    1  3.98004E+09 0.39973 
   15   15    1    1    1    1    1    1    1    1  6.96432E+09 0.26482 
   16   16    1    1    1    1    1    1    1    1  1.83725E+09 0.39547 
   17   17    1    1    1    1    1    1    1    1  1.92137E+09 0.33496 
   18   18    1    1    1    1    1    1    1    1  5.84448E+09 0.33285 
   19   19    1    1    1    1    1    1    1    1  8.32389E+09 0.19975 
   20   20    1    1    1    1    1    1    1    1  2.18684E+10 0.16197 
   21   21    1    1    1    1    1    1    1    1  2.35512E+10 0.12335 
   22   22    1    1    1    1    1    1    1    1  4.15770E+10 0.10545 
   23   23    1    1    1    1    1    1    1    1  8.87265E+10 0.06314 
   24   24    1    1    1    1    1    1    1    1  2.22522E+11 0.04688 
   25   25    1    1    1    1    1    1    1    1  3.49934E+11 0.02891 
   26   26    1    1    1    1    1    1    1    1  7.83168E+11 0.02436 
   27   27    1    1    1    1    1    1    1    1  1.77433E+12 0.02056 
   28   28    1    1    1    1    1    1    1    1  4.32910E+12 0.01202 
   29   29    1    1    1    1    1    1    1    1  7.21034E+12 0.00766 
   30   30    1    1    1    1    1    1    1    1  1.55729E+13 0.00604 
   31   31    1    1    1    1    1    1    1    1  3.77635E+13 0.00528 
   32   32    1    1    1    1    1    1    1    1  5.78549E+13 0.00424 
   33   33    1    1    1    1    1    1    1    1  1.18010E+14 0.00244 
   34   34    1    1    1    1    1    1    1    1  1.50534E+14 0.00193 
   35   35    1    1    1    1    1    1    1    1  1.81651E+14 0.00162 
   36   36    1    1    1    1    1    1    1    1  1.25956E+14 0.00151 
   37   37    1    1    1    1    1    1    1    1  3.77134E+13 0.00155 
   38   38    1    1    1    1    1    1    1    1  2.00491E+14 0.00108 
   39   39    1    1    1    1    1    1    1    1  2.57160E+14 0.00123 
   40   40    1    1    1    1    1    1    1    1  4.38173E+14 0.00105 
   41   41    1    1    1    1    1    1    1    1  4.16366E+14 0.00092 
   42   42    1    1    1    1    1    1    1    1  8.25691E+14 0.00081 
   43   43    1    1    1    1    1    1    1    1  9.43498E+14 0.00099 
   44   44    1    1    1    1    1    1    1    1  1.27670E+15 0.00085 
   45   45    1    1    1    1    1    1    1    1  2.41537E+15 0.00054 
   46   46    1    1    1    1    1    1    1    1  1.18696E+15 0.00074 
   47   47    1    1    1    1    1    1    1    1  1.78183E+15 0.00081 
   48   48    1    1    1    1    1    1    1    1  2.48774E+15 0.00071 
   49   49    1    1    1    1    1    1    1    1  2.32387E+15 0.00072 
   50   50    1    1    1    1    1    1    1    1  3.65233E+15 0.00060 
   51   51    1    1    1    1    1    1    1    1  2.84509E+15 0.00055 
   52   52    1    1    1    1    1    1    1    1  3.35740E+15 0.00045 
   53   53    1    1    1    1    1    1    1    1  2.35342E+15 0.00054 
   54   54    1    1    1    1    1    1    1    1  2.91700E+15 0.00058 
   55   55    1    1    1    1    1    1    1    1  2.03345E+15 0.00064 
   56   56    1    1    1    1    1    1    1    1  2.77042E+14 0.00083 
   57   57    1    1    1    1    1    1    1    1  3.98664E+15 0.00051 
   58   58    1    1    1    1    1    1    1    1  1.80247E+15 0.00063 
   59   59    1    1    1    1    1    1    1    1  1.92635E+15 0.00059 
   60   60    1    1    1    1    1    1    1    1  1.53796E+15 0.00054 
   61   61    1    1    1    1    1    1    1    1  1.53427E+15 0.00057 
   62   62    1    1    1    1    1    1    1    1  1.57447E+15 0.00064 
   63   63    1    1    1    1    1    1    1    1  1.32549E+15 0.00065 
   64   64    1    1    1    1    1    1    1    1  1.04937E+15 0.00087 
   65   65    1    1    1    1    1    1    1    1  1.03606E+15 0.00064 
   66   66    1    1    1    1    1    1    1    1  7.86783E+14 0.00086 
   67   67    1    1    1    1    1    1    1    1  6.41103E+14 0.00114 
   68   68    1    1    1    1    1    1    1    1  5.69104E+14 0.00093 
   69   69    1    1    1    1    1    1    1    1  6.87636E+14 0.00084 
   70   70    1    1    1    1    1    1    1    1  5.86749E+14 0.00107 
   71   71    1    1    1    1    1    1    1    1  1.06737E+15 0.00091 
   72   72    1    1    1    1    1    1    1    1  7.62323E+14 0.00098 
   73   73    1    1    1    1    1    1    1    1  5.83612E+14 0.00098 
   74   74    1    1    1    1    1    1    1    1  4.74886E+14 0.00112 
   75   75    1    1    1    1    1    1    1    1  3.95475E+14 0.00141 
   76   76    1    1    1    1    1    1    1    1  4.60944E+14 0.00090 
   77   77    1    1    1    1    1    1    1    1  3.66563E+14 0.00113 
   78   78    1    1    1    1    1    1    1    1  2.90289E+14 0.00143 
   79   79    1    1    1    1    1    1    1    1  3.01366E+14 0.00146 
   80   80    1    1    1    1    1    1    1    1  2.24712E+14 0.00186 
   81   81    1    1    1    1    1    1    1    1  1.73684E+14 0.00207 
   82   82    1    1    1    1    1    1    1    1  1.34036E+14 0.00169 
   83   83    1    1    1    1    1    1    1    1  1.25082E+14 0.00209 
   84   84    1    1    1    1    1    1    1    1  9.04415E+13 0.00333 
   85   85    1    1    1    1    1    1    1    1  6.50606E+13 0.00243 
   86   86    1    1    1    1    1    1    1    1  6.07696E+13 0.00313 
   87   87    1    1    1    1    1    1    1    1  3.75103E+13 0.00423 
   88   88    1    1    1    1    1    1    1    1  2.51386E+13 0.00387 
   89   89    1    1    1    1    1    1    1    1  1.42747E+13 0.00621 
   90   90    1    1    1    1    1    1    1    1  9.61547E+12 0.00783 
   91   91    1    1    1    1    1    1    1    1  4.76718E+12 0.00902 
   92   92    1    1    1    1    1    1    1    1  2.36706E+12 0.01934 
   93   93    1    1    1    1    1    1    1    1  1.14709E+12 0.02132 
   94   94    1    1    1    1    1    1    1    1  4.86823E+11 0.03113 
   95   95    1    1    1    1    1    1    1    1  2.41978E+11 0.04013 
   96   96    1    1    1    1    1    1    1    1  1.25339E+11 0.05759 
   97   97    1    1    1    1    1    1    1    1  5.59043E+10 0.08077 
   98   98    1    1    1    1    1    1    1    1  2.98937E+10 0.14412 
   99   99    1    1    1    1    1    1    1    1  1.02535E+10 0.16261 
  100  100    1    1    1    1    1    1    1    1  1.36557E+10 0.18354 
];


