
DETdpaspec = [
    1    1    1    1    1    1    1    1    1    1  0.00000E+00 0.00000 
    2    2    1    1    1    1    1    1    1    1  0.00000E+00 0.00000 
    3    3    1    1    1    1    1    1    1    1  0.00000E+00 0.00000 
    4    4    1    1    1    1    1    1    1    1  0.00000E+00 0.00000 
    5    5    1    1    1    1    1    1    1    1  0.00000E+00 0.00000 
    6    6    1    1    1    1    1    1    1    1  0.00000E+00 0.00000 
    7    7    1    1    1    1    1    1    1    1  0.00000E+00 0.00000 
    8    8    1    1    1    1    1    1    1    1  0.00000E+00 0.00000 
    9    9    1    1    1    1    1    1    1    1  0.00000E+00 0.00000 
   10   10    1    1    1    1    1    1    1    1  6.67160E+07 1.00000 
   11   11    1    1    1    1    1    1    1    1  0.00000E+00 0.00000 
   12   12    1    1    1    1    1    1    1    1  2.78547E+08 0.76577 
   13   13    1    1    1    1    1    1    1    1  2.70429E+09 0.43532 
   14   14    1    1    1    1    1    1    1    1  6.13799E+09 0.33873 
   15   15    1    1    1    1    1    1    1    1  3.45240E+09 0.60041 
   16   16    1    1    1    1    1    1    1    1  1.03205E+09 0.86212 
   17   17    1    1    1    1    1    1    1    1  3.52188E+09 0.30391 
   18   18    1    1    1    1    1    1    1    1  5.83319E+09 0.17690 
   19   19    1    1    1    1    1    1    1    1  3.19253E+09 0.36313 
   20   20    1    1    1    1    1    1    1    1  2.63431E+10 0.15066 
   21   21    1    1    1    1    1    1    1    1  3.36339E+10 0.08463 
   22   22    1    1    1    1    1    1    1    1  1.57115E+11 0.06202 
   23   23    1    1    1    1    1    1    1    1  6.30526E+11 0.02595 
   24   24    1    1    1    1    1    1    1    1  1.78247E+12 0.01831 
   25   25    1    1    1    1    1    1    1    1  2.79699E+12 0.01271 
   26   26    1    1    1    1    1    1    1    1  5.35946E+12 0.00845 
   27   27    1    1    1    1    1    1    1    1  9.80515E+12 0.00625 
   28   28    1    1    1    1    1    1    1    1  1.82114E+13 0.00525 
   29   29    1    1    1    1    1    1    1    1  2.66752E+13 0.00535 
   30   30    1    1    1    1    1    1    1    1  4.70980E+13 0.00357 
   31   31    1    1    1    1    1    1    1    1  9.01313E+13 0.00258 
   32   32    1    1    1    1    1    1    1    1  1.20417E+14 0.00260 
   33   33    1    1    1    1    1    1    1    1  2.18424E+14 0.00188 
   34   34    1    1    1    1    1    1    1    1  2.57291E+14 0.00184 
   35   35    1    1    1    1    1    1    1    1  2.74274E+14 0.00140 
   36   36    1    1    1    1    1    1    1    1  1.77295E+14 0.00118 
   37   37    1    1    1    1    1    1    1    1  5.16499E+13 0.00116 
   38   38    1    1    1    1    1    1    1    1  2.75896E+14 0.00107 
   39   39    1    1    1    1    1    1    1    1  3.46262E+14 0.00121 
   40   40    1    1    1    1    1    1    1    1  5.78232E+14 0.00095 
   41   41    1    1    1    1    1    1    1    1  5.31288E+14 0.00063 
   42   42    1    1    1    1    1    1    1    1  1.04180E+15 0.00077 
   43   43    1    1    1    1    1    1    1    1  1.16479E+15 0.00077 
   44   44    1    1    1    1    1    1    1    1  1.54258E+15 0.00067 
   45   45    1    1    1    1    1    1    1    1  2.84737E+15 0.00050 
   46   46    1    1    1    1    1    1    1    1  1.35956E+15 0.00086 
   47   47    1    1    1    1    1    1    1    1  2.01372E+15 0.00062 
   48   48    1    1    1    1    1    1    1    1  2.75801E+15 0.00057 
   49   49    1    1    1    1    1    1    1    1  2.53201E+15 0.00050 
   50   50    1    1    1    1    1    1    1    1  3.93976E+15 0.00048 
   51   51    1    1    1    1    1    1    1    1  2.99954E+15 0.00051 
   52   52    1    1    1    1    1    1    1    1  3.51961E+15 0.00036 
   53   53    1    1    1    1    1    1    1    1  2.43331E+15 0.00044 
   54   54    1    1    1    1    1    1    1    1  3.01094E+15 0.00045 
   55   55    1    1    1    1    1    1    1    1  2.08082E+15 0.00050 
   56   56    1    1    1    1    1    1    1    1  2.82124E+14 0.00106 
   57   57    1    1    1    1    1    1    1    1  4.03914E+15 0.00071 
   58   58    1    1    1    1    1    1    1    1  1.82785E+15 0.00072 
   59   59    1    1    1    1    1    1    1    1  1.93669E+15 0.00060 
   60   60    1    1    1    1    1    1    1    1  1.54601E+15 0.00066 
   61   61    1    1    1    1    1    1    1    1  1.53549E+15 0.00070 
   62   62    1    1    1    1    1    1    1    1  1.56762E+15 0.00065 
   63   63    1    1    1    1    1    1    1    1  1.31295E+15 0.00094 
   64   64    1    1    1    1    1    1    1    1  1.03534E+15 0.00085 
   65   65    1    1    1    1    1    1    1    1  1.01798E+15 0.00071 
   66   66    1    1    1    1    1    1    1    1  7.69688E+14 0.00117 
   67   67    1    1    1    1    1    1    1    1  6.23055E+14 0.00090 
   68   68    1    1    1    1    1    1    1    1  5.50820E+14 0.00126 
   69   69    1    1    1    1    1    1    1    1  6.62611E+14 0.00103 
   70   70    1    1    1    1    1    1    1    1  5.61997E+14 0.00070 
   71   71    1    1    1    1    1    1    1    1  1.00816E+15 0.00109 
   72   72    1    1    1    1    1    1    1    1  7.13768E+14 0.00099 
   73   73    1    1    1    1    1    1    1    1  5.43075E+14 0.00130 
   74   74    1    1    1    1    1    1    1    1  4.43024E+14 0.00143 
   75   75    1    1    1    1    1    1    1    1  3.71433E+14 0.00170 
   76   76    1    1    1    1    1    1    1    1  4.33419E+14 0.00125 
   77   77    1    1    1    1    1    1    1    1  3.45592E+14 0.00131 
   78   78    1    1    1    1    1    1    1    1  2.73805E+14 0.00183 
   79   79    1    1    1    1    1    1    1    1  2.83870E+14 0.00124 
   80   80    1    1    1    1    1    1    1    1  2.12068E+14 0.00182 
   81   81    1    1    1    1    1    1    1    1  1.63783E+14 0.00163 
   82   82    1    1    1    1    1    1    1    1  1.26411E+14 0.00178 
   83   83    1    1    1    1    1    1    1    1  1.17628E+14 0.00246 
   84   84    1    1    1    1    1    1    1    1  8.45759E+13 0.00208 
   85   85    1    1    1    1    1    1    1    1  6.10432E+13 0.00234 
   86   86    1    1    1    1    1    1    1    1  5.65985E+13 0.00291 
   87   87    1    1    1    1    1    1    1    1  3.42983E+13 0.00328 
   88   88    1    1    1    1    1    1    1    1  2.32748E+13 0.00437 
   89   89    1    1    1    1    1    1    1    1  1.32122E+13 0.00555 
   90   90    1    1    1    1    1    1    1    1  8.59302E+12 0.00602 
   91   91    1    1    1    1    1    1    1    1  4.27676E+12 0.01122 
   92   92    1    1    1    1    1    1    1    1  2.04546E+12 0.01806 
   93   93    1    1    1    1    1    1    1    1  1.00829E+12 0.02887 
   94   94    1    1    1    1    1    1    1    1  4.90732E+11 0.04092 
   95   95    1    1    1    1    1    1    1    1  2.28026E+11 0.04664 
   96   96    1    1    1    1    1    1    1    1  1.08450E+11 0.06014 
   97   97    1    1    1    1    1    1    1    1  4.96535E+10 0.11576 
   98   98    1    1    1    1    1    1    1    1  2.68471E+10 0.13666 
   99   99    1    1    1    1    1    1    1    1  1.11873E+10 0.23525 
  100  100    1    1    1    1    1    1    1    1  1.26735E+10 0.18698 
];


