
DETdpaspec = [
    1    1    1    1    1    1    1    1    1    1  0.00000E+00 0.00000 
    2    2    1    1    1    1    1    1    1    1  0.00000E+00 0.00000 
    3    3    1    1    1    1    1    1    1    1  0.00000E+00 0.00000 
    4    4    1    1    1    1    1    1    1    1  0.00000E+00 0.00000 
    5    5    1    1    1    1    1    1    1    1  0.00000E+00 0.00000 
    6    6    1    1    1    1    1    1    1    1  0.00000E+00 0.00000 
    7    7    1    1    1    1    1    1    1    1  2.64732E+07 0.69029 
    8    8    1    1    1    1    1    1    1    1  0.00000E+00 0.00000 
    9    9    1    1    1    1    1    1    1    1  0.00000E+00 0.00000 
   10   10    1    1    1    1    1    1    1    1  4.03194E+07 1.00000 
   11   11    1    1    1    1    1    1    1    1  2.12129E+08 0.63677 
   12   12    1    1    1    1    1    1    1    1  8.35235E+07 0.54835 
   13   13    1    1    1    1    1    1    1    1  7.41572E+08 0.63935 
   14   14    1    1    1    1    1    1    1    1  3.83483E+09 0.43009 
   15   15    1    1    1    1    1    1    1    1  3.60673E+09 0.32998 
   16   16    1    1    1    1    1    1    1    1  2.64120E+09 0.30617 
   17   17    1    1    1    1    1    1    1    1  4.31293E+09 0.22571 
   18   18    1    1    1    1    1    1    1    1  8.08438E+09 0.17580 
   19   19    1    1    1    1    1    1    1    1  1.21031E+10 0.16812 
   20   20    1    1    1    1    1    1    1    1  3.42663E+10 0.13281 
   21   21    1    1    1    1    1    1    1    1  2.85703E+10 0.08494 
   22   22    1    1    1    1    1    1    1    1  6.31375E+10 0.08031 
   23   23    1    1    1    1    1    1    1    1  9.93637E+10 0.05720 
   24   24    1    1    1    1    1    1    1    1  1.46873E+11 0.05508 
   25   25    1    1    1    1    1    1    1    1  2.08848E+11 0.04236 
   26   26    1    1    1    1    1    1    1    1  3.80800E+11 0.03560 
   27   27    1    1    1    1    1    1    1    1  7.35736E+11 0.02951 
   28   28    1    1    1    1    1    1    1    1  1.54785E+12 0.01610 
   29   29    1    1    1    1    1    1    1    1  2.35184E+12 0.01277 
   30   30    1    1    1    1    1    1    1    1  6.46599E+12 0.00847 
   31   31    1    1    1    1    1    1    1    1  1.75133E+13 0.00560 
   32   32    1    1    1    1    1    1    1    1  2.90727E+13 0.00577 
   33   33    1    1    1    1    1    1    1    1  6.16799E+13 0.00314 
   34   34    1    1    1    1    1    1    1    1  7.75188E+13 0.00269 
   35   35    1    1    1    1    1    1    1    1  1.09014E+14 0.00242 
   36   36    1    1    1    1    1    1    1    1  8.05215E+13 0.00258 
   37   37    1    1    1    1    1    1    1    1  2.52463E+13 0.00305 
   38   38    1    1    1    1    1    1    1    1  1.30431E+14 0.00236 
   39   39    1    1    1    1    1    1    1    1  1.67778E+14 0.00171 
   40   40    1    1    1    1    1    1    1    1  2.82191E+14 0.00166 
   41   41    1    1    1    1    1    1    1    1  2.79683E+14 0.00159 
   42   42    1    1    1    1    1    1    1    1  5.42205E+14 0.00153 
   43   43    1    1    1    1    1    1    1    1  6.19991E+14 0.00149 
   44   44    1    1    1    1    1    1    1    1  8.38579E+14 0.00125 
   45   45    1    1    1    1    1    1    1    1  1.56955E+15 0.00117 
   46   46    1    1    1    1    1    1    1    1  7.82742E+14 0.00129 
   47   47    1    1    1    1    1    1    1    1  1.19409E+15 0.00102 
   48   48    1    1    1    1    1    1    1    1  1.66670E+15 0.00091 
   49   49    1    1    1    1    1    1    1    1  1.57810E+15 0.00107 
   50   50    1    1    1    1    1    1    1    1  2.42922E+15 0.00099 
   51   51    1    1    1    1    1    1    1    1  1.93335E+15 0.00109 
   52   52    1    1    1    1    1    1    1    1  2.22499E+15 0.00103 
   53   53    1    1    1    1    1    1    1    1  1.57134E+15 0.00126 
   54   54    1    1    1    1    1    1    1    1  1.89968E+15 0.00121 
   55   55    1    1    1    1    1    1    1    1  1.33026E+15 0.00132 
   56   56    1    1    1    1    1    1    1    1  1.82568E+14 0.00114 
   57   57    1    1    1    1    1    1    1    1  2.61259E+15 0.00105 
   58   58    1    1    1    1    1    1    1    1  1.14176E+15 0.00134 
   59   59    1    1    1    1    1    1    1    1  1.23352E+15 0.00142 
   60   60    1    1    1    1    1    1    1    1  9.59796E+14 0.00135 
   61   61    1    1    1    1    1    1    1    1  9.60730E+14 0.00153 
   62   62    1    1    1    1    1    1    1    1  9.82562E+14 0.00153 
   63   63    1    1    1    1    1    1    1    1  8.21199E+14 0.00151 
   64   64    1    1    1    1    1    1    1    1  6.49226E+14 0.00134 
   65   65    1    1    1    1    1    1    1    1  6.42196E+14 0.00140 
   66   66    1    1    1    1    1    1    1    1  4.85546E+14 0.00154 
   67   67    1    1    1    1    1    1    1    1  3.98289E+14 0.00138 
   68   68    1    1    1    1    1    1    1    1  3.55245E+14 0.00184 
   69   69    1    1    1    1    1    1    1    1  4.29441E+14 0.00181 
   70   70    1    1    1    1    1    1    1    1  3.67885E+14 0.00193 
   71   71    1    1    1    1    1    1    1    1  6.83651E+14 0.00188 
   72   72    1    1    1    1    1    1    1    1  4.91398E+14 0.00229 
   73   73    1    1    1    1    1    1    1    1  3.73988E+14 0.00163 
   74   74    1    1    1    1    1    1    1    1  2.98786E+14 0.00230 
   75   75    1    1    1    1    1    1    1    1  2.44324E+14 0.00213 
   76   76    1    1    1    1    1    1    1    1  2.79347E+14 0.00181 
   77   77    1    1    1    1    1    1    1    1  2.17722E+14 0.00190 
   78   78    1    1    1    1    1    1    1    1  1.69790E+14 0.00233 
   79   79    1    1    1    1    1    1    1    1  1.73581E+14 0.00192 
   80   80    1    1    1    1    1    1    1    1  1.28615E+14 0.00206 
   81   81    1    1    1    1    1    1    1    1  9.92688E+13 0.00190 
   82   82    1    1    1    1    1    1    1    1  7.64006E+13 0.00316 
   83   83    1    1    1    1    1    1    1    1  7.14000E+13 0.00302 
   84   84    1    1    1    1    1    1    1    1  5.11598E+13 0.00324 
   85   85    1    1    1    1    1    1    1    1  3.70487E+13 0.00396 
   86   86    1    1    1    1    1    1    1    1  3.45550E+13 0.00406 
   87   87    1    1    1    1    1    1    1    1  2.14255E+13 0.00454 
   88   88    1    1    1    1    1    1    1    1  1.43840E+13 0.00577 
   89   89    1    1    1    1    1    1    1    1  8.24613E+12 0.00882 
   90   90    1    1    1    1    1    1    1    1  5.48425E+12 0.01047 
   91   91    1    1    1    1    1    1    1    1  2.73577E+12 0.01774 
   92   92    1    1    1    1    1    1    1    1  1.40440E+12 0.01871 
   93   93    1    1    1    1    1    1    1    1  6.99018E+11 0.02771 
   94   94    1    1    1    1    1    1    1    1  3.22513E+11 0.03530 
   95   95    1    1    1    1    1    1    1    1  1.47947E+11 0.05833 
   96   96    1    1    1    1    1    1    1    1  7.85511E+10 0.09065 
   97   97    1    1    1    1    1    1    1    1  4.58014E+10 0.12976 
   98   98    1    1    1    1    1    1    1    1  1.22758E+10 0.16582 
   99   99    1    1    1    1    1    1    1    1  6.49652E+09 0.31729 
  100  100    1    1    1    1    1    1    1    1  8.87172E+09 0.29776 
];


