
DETdpaspec = [
    1    1    1    1    1    1    1    1    1    1  0.00000E+00 0.00000 
    2    2    1    1    1    1    1    1    1    1  0.00000E+00 0.00000 
    3    3    1    1    1    1    1    1    1    1  0.00000E+00 0.00000 
    4    4    1    1    1    1    1    1    1    1  0.00000E+00 0.00000 
    5    5    1    1    1    1    1    1    1    1  0.00000E+00 0.00000 
    6    6    1    1    1    1    1    1    1    1  0.00000E+00 0.00000 
    7    7    1    1    1    1    1    1    1    1  0.00000E+00 0.00000 
    8    8    1    1    1    1    1    1    1    1  0.00000E+00 0.00000 
    9    9    1    1    1    1    1    1    1    1  6.34005E+06 1.00000 
   10   10    1    1    1    1    1    1    1    1  0.00000E+00 0.00000 
   11   11    1    1    1    1    1    1    1    1  1.05360E+08 0.68830 
   12   12    1    1    1    1    1    1    1    1  0.00000E+00 0.00000 
   13   13    1    1    1    1    1    1    1    1  8.92938E+08 0.46286 
   14   14    1    1    1    1    1    1    1    1  3.87355E+09 0.25140 
   15   15    1    1    1    1    1    1    1    1  6.09417E+09 0.27837 
   16   16    1    1    1    1    1    1    1    1  1.21943E+09 0.41126 
   17   17    1    1    1    1    1    1    1    1  3.63934E+09 0.31478 
   18   18    1    1    1    1    1    1    1    1  6.94869E+09 0.20976 
   19   19    1    1    1    1    1    1    1    1  9.60769E+09 0.13401 
   20   20    1    1    1    1    1    1    1    1  2.65291E+10 0.10984 
   21   21    1    1    1    1    1    1    1    1  2.73143E+10 0.10662 
   22   22    1    1    1    1    1    1    1    1  5.41921E+10 0.09441 
   23   23    1    1    1    1    1    1    1    1  9.52932E+10 0.05678 
   24   24    1    1    1    1    1    1    1    1  1.48432E+11 0.05612 
   25   25    1    1    1    1    1    1    1    1  2.02592E+11 0.05205 
   26   26    1    1    1    1    1    1    1    1  3.64103E+11 0.04298 
   27   27    1    1    1    1    1    1    1    1  7.61250E+11 0.02505 
   28   28    1    1    1    1    1    1    1    1  1.80291E+12 0.02166 
   29   29    1    1    1    1    1    1    1    1  2.85456E+12 0.01407 
   30   30    1    1    1    1    1    1    1    1  7.64407E+12 0.00704 
   31   31    1    1    1    1    1    1    1    1  2.04948E+13 0.00613 
   32   32    1    1    1    1    1    1    1    1  3.35533E+13 0.00494 
   33   33    1    1    1    1    1    1    1    1  7.20673E+13 0.00343 
   34   34    1    1    1    1    1    1    1    1  9.20549E+13 0.00227 
   35   35    1    1    1    1    1    1    1    1  1.25552E+14 0.00221 
   36   36    1    1    1    1    1    1    1    1  9.16682E+13 0.00181 
   37   37    1    1    1    1    1    1    1    1  2.83321E+13 0.00167 
   38   38    1    1    1    1    1    1    1    1  1.48655E+14 0.00181 
   39   39    1    1    1    1    1    1    1    1  1.91846E+14 0.00137 
   40   40    1    1    1    1    1    1    1    1  3.25111E+14 0.00133 
   41   41    1    1    1    1    1    1    1    1  3.19247E+14 0.00135 
   42   42    1    1    1    1    1    1    1    1  6.26781E+14 0.00132 
   43   43    1    1    1    1    1    1    1    1  7.19733E+14 0.00122 
   44   44    1    1    1    1    1    1    1    1  9.78207E+14 0.00105 
   45   45    1    1    1    1    1    1    1    1  1.84675E+15 0.00074 
   46   46    1    1    1    1    1    1    1    1  9.21607E+14 0.00070 
   47   47    1    1    1    1    1    1    1    1  1.40270E+15 0.00084 
   48   48    1    1    1    1    1    1    1    1  1.96295E+15 0.00105 
   49   49    1    1    1    1    1    1    1    1  1.85404E+15 0.00106 
   50   50    1    1    1    1    1    1    1    1  2.88719E+15 0.00106 
   51   51    1    1    1    1    1    1    1    1  2.28787E+15 0.00107 
   52   52    1    1    1    1    1    1    1    1  2.66368E+15 0.00091 
   53   53    1    1    1    1    1    1    1    1  1.87910E+15 0.00105 
   54   54    1    1    1    1    1    1    1    1  2.29687E+15 0.00106 
   55   55    1    1    1    1    1    1    1    1  1.60723E+15 0.00112 
   56   56    1    1    1    1    1    1    1    1  2.19957E+14 0.00178 
   57   57    1    1    1    1    1    1    1    1  3.16341E+15 0.00099 
   58   58    1    1    1    1    1    1    1    1  1.40041E+15 0.00100 
   59   59    1    1    1    1    1    1    1    1  1.51059E+15 0.00124 
   60   60    1    1    1    1    1    1    1    1  1.18722E+15 0.00121 
   61   61    1    1    1    1    1    1    1    1  1.18664E+15 0.00109 
   62   62    1    1    1    1    1    1    1    1  1.21463E+15 0.00089 
   63   63    1    1    1    1    1    1    1    1  1.01835E+15 0.00104 
   64   64    1    1    1    1    1    1    1    1  8.07441E+14 0.00097 
   65   65    1    1    1    1    1    1    1    1  7.97695E+14 0.00123 
   66   66    1    1    1    1    1    1    1    1  6.05107E+14 0.00119 
   67   67    1    1    1    1    1    1    1    1  4.95857E+14 0.00160 
   68   68    1    1    1    1    1    1    1    1  4.41793E+14 0.00112 
   69   69    1    1    1    1    1    1    1    1  5.33123E+14 0.00131 
   70   70    1    1    1    1    1    1    1    1  4.56857E+14 0.00141 
   71   71    1    1    1    1    1    1    1    1  8.44909E+14 0.00141 
   72   72    1    1    1    1    1    1    1    1  6.06893E+14 0.00165 
   73   73    1    1    1    1    1    1    1    1  4.62420E+14 0.00126 
   74   74    1    1    1    1    1    1    1    1  3.72155E+14 0.00144 
   75   75    1    1    1    1    1    1    1    1  3.06963E+14 0.00184 
   76   76    1    1    1    1    1    1    1    1  3.53112E+14 0.00172 
   77   77    1    1    1    1    1    1    1    1  2.77097E+14 0.00164 
   78   78    1    1    1    1    1    1    1    1  2.17342E+14 0.00180 
   79   79    1    1    1    1    1    1    1    1  2.24793E+14 0.00184 
   80   80    1    1    1    1    1    1    1    1  1.66017E+14 0.00116 
   81   81    1    1    1    1    1    1    1    1  1.27895E+14 0.00237 
   82   82    1    1    1    1    1    1    1    1  9.89068E+13 0.00302 
   83   83    1    1    1    1    1    1    1    1  9.23728E+13 0.00313 
   84   84    1    1    1    1    1    1    1    1  6.62782E+13 0.00300 
   85   85    1    1    1    1    1    1    1    1  4.78823E+13 0.00307 
   86   86    1    1    1    1    1    1    1    1  4.47273E+13 0.00390 
   87   87    1    1    1    1    1    1    1    1  2.77405E+13 0.00412 
   88   88    1    1    1    1    1    1    1    1  1.85928E+13 0.00613 
   89   89    1    1    1    1    1    1    1    1  1.07818E+13 0.00616 
   90   90    1    1    1    1    1    1    1    1  7.30475E+12 0.01148 
   91   91    1    1    1    1    1    1    1    1  3.58539E+12 0.01461 
   92   92    1    1    1    1    1    1    1    1  1.75602E+12 0.01514 
   93   93    1    1    1    1    1    1    1    1  8.32263E+11 0.02513 
   94   94    1    1    1    1    1    1    1    1  4.14665E+11 0.02569 
   95   95    1    1    1    1    1    1    1    1  2.06284E+11 0.05065 
   96   96    1    1    1    1    1    1    1    1  1.01052E+11 0.06921 
   97   97    1    1    1    1    1    1    1    1  4.11466E+10 0.12063 
   98   98    1    1    1    1    1    1    1    1  2.21348E+10 0.15794 
   99   99    1    1    1    1    1    1    1    1  1.27290E+10 0.26277 
  100  100    1    1    1    1    1    1    1    1  1.10342E+10 0.29909 
];


