
DETdpaspec = [
    1    1    1    1    1    1    1    1    1    1  0.00000E+00 0.00000 
    2    2    1    1    1    1    1    1    1    1  0.00000E+00 0.00000 
    3    3    1    1    1    1    1    1    1    1  8.42103E+06 1.00000 
    4    4    1    1    1    1    1    1    1    1  8.89664E+06 1.00000 
    5    5    1    1    1    1    1    1    1    1  0.00000E+00 0.00000 
    6    6    1    1    1    1    1    1    1    1  0.00000E+00 0.00000 
    7    7    1    1    1    1    1    1    1    1  0.00000E+00 0.00000 
    8    8    1    1    1    1    1    1    1    1  0.00000E+00 0.00000 
    9    9    1    1    1    1    1    1    1    1  9.47171E+06 1.00000 
   10   10    1    1    1    1    1    1    1    1  0.00000E+00 0.00000 
   11   11    1    1    1    1    1    1    1    1  1.50266E+08 1.00000 
   12   12    1    1    1    1    1    1    1    1  8.83618E+07 0.46633 
   13   13    1    1    1    1    1    1    1    1  6.55884E+08 0.41993 
   14   14    1    1    1    1    1    1    1    1  2.97131E+09 0.48227 
   15   15    1    1    1    1    1    1    1    1  3.34073E+09 0.31601 
   16   16    1    1    1    1    1    1    1    1  2.94317E+09 0.25192 
   17   17    1    1    1    1    1    1    1    1  2.91638E+09 0.24337 
   18   18    1    1    1    1    1    1    1    1  6.38681E+09 0.16958 
   19   19    1    1    1    1    1    1    1    1  8.03572E+09 0.14330 
   20   20    1    1    1    1    1    1    1    1  2.97754E+10 0.15019 
   21   21    1    1    1    1    1    1    1    1  2.56565E+10 0.08368 
   22   22    1    1    1    1    1    1    1    1  6.11490E+10 0.07158 
   23   23    1    1    1    1    1    1    1    1  8.32149E+10 0.06475 
   24   24    1    1    1    1    1    1    1    1  1.31827E+11 0.05386 
   25   25    1    1    1    1    1    1    1    1  1.97601E+11 0.05313 
   26   26    1    1    1    1    1    1    1    1  3.56928E+11 0.03362 
   27   27    1    1    1    1    1    1    1    1  7.36163E+11 0.02866 
   28   28    1    1    1    1    1    1    1    1  1.68012E+12 0.01205 
   29   29    1    1    1    1    1    1    1    1  2.69830E+12 0.01415 
   30   30    1    1    1    1    1    1    1    1  7.16521E+12 0.01104 
   31   31    1    1    1    1    1    1    1    1  1.95985E+13 0.00656 
   32   32    1    1    1    1    1    1    1    1  3.25191E+13 0.00484 
   33   33    1    1    1    1    1    1    1    1  6.95354E+13 0.00269 
   34   34    1    1    1    1    1    1    1    1  8.83639E+13 0.00262 
   35   35    1    1    1    1    1    1    1    1  1.21489E+14 0.00231 
   36   36    1    1    1    1    1    1    1    1  8.91009E+13 0.00155 
   37   37    1    1    1    1    1    1    1    1  2.77288E+13 0.00151 
   38   38    1    1    1    1    1    1    1    1  1.44386E+14 0.00139 
   39   39    1    1    1    1    1    1    1    1  1.85864E+14 0.00170 
   40   40    1    1    1    1    1    1    1    1  3.14949E+14 0.00151 
   41   41    1    1    1    1    1    1    1    1  3.09704E+14 0.00109 
   42   42    1    1    1    1    1    1    1    1  6.07010E+14 0.00135 
   43   43    1    1    1    1    1    1    1    1  6.95911E+14 0.00123 
   44   44    1    1    1    1    1    1    1    1  9.45479E+14 0.00114 
   45   45    1    1    1    1    1    1    1    1  1.78370E+15 0.00114 
   46   46    1    1    1    1    1    1    1    1  8.90373E+14 0.00112 
   47   47    1    1    1    1    1    1    1    1  1.35557E+15 0.00109 
   48   48    1    1    1    1    1    1    1    1  1.89730E+15 0.00078 
   49   49    1    1    1    1    1    1    1    1  1.79150E+15 0.00097 
   50   50    1    1    1    1    1    1    1    1  2.78177E+15 0.00085 
   51   51    1    1    1    1    1    1    1    1  2.20616E+15 0.00079 
   52   52    1    1    1    1    1    1    1    1  2.56450E+15 0.00072 
   53   53    1    1    1    1    1    1    1    1  1.81226E+15 0.00067 
   54   54    1    1    1    1    1    1    1    1  2.20777E+15 0.00077 
   55   55    1    1    1    1    1    1    1    1  1.54558E+15 0.00087 
   56   56    1    1    1    1    1    1    1    1  2.11713E+14 0.00120 
   57   57    1    1    1    1    1    1    1    1  3.03956E+15 0.00080 
   58   58    1    1    1    1    1    1    1    1  1.34257E+15 0.00081 
   59   59    1    1    1    1    1    1    1    1  1.44783E+15 0.00118 
   60   60    1    1    1    1    1    1    1    1  1.13365E+15 0.00112 
   61   61    1    1    1    1    1    1    1    1  1.13490E+15 0.00124 
   62   62    1    1    1    1    1    1    1    1  1.16071E+15 0.00097 
   63   63    1    1    1    1    1    1    1    1  9.72470E+14 0.00106 
   64   64    1    1    1    1    1    1    1    1  7.70876E+14 0.00085 
   65   65    1    1    1    1    1    1    1    1  7.62329E+14 0.00092 
   66   66    1    1    1    1    1    1    1    1  5.78420E+14 0.00068 
   67   67    1    1    1    1    1    1    1    1  4.73008E+14 0.00098 
   68   68    1    1    1    1    1    1    1    1  4.22922E+14 0.00127 
   69   69    1    1    1    1    1    1    1    1  5.10513E+14 0.00123 
   70   70    1    1    1    1    1    1    1    1  4.36326E+14 0.00137 
   71   71    1    1    1    1    1    1    1    1  8.09176E+14 0.00151 
   72   72    1    1    1    1    1    1    1    1  5.81156E+14 0.00149 
   73   73    1    1    1    1    1    1    1    1  4.42417E+14 0.00150 
   74   74    1    1    1    1    1    1    1    1  3.54968E+14 0.00119 
   75   75    1    1    1    1    1    1    1    1  2.92645E+14 0.00143 
   76   76    1    1    1    1    1    1    1    1  3.36823E+14 0.00160 
   77   77    1    1    1    1    1    1    1    1  2.63405E+14 0.00156 
   78   78    1    1    1    1    1    1    1    1  2.06381E+14 0.00174 
   79   79    1    1    1    1    1    1    1    1  2.12418E+14 0.00199 
   80   80    1    1    1    1    1    1    1    1  1.57978E+14 0.00213 
   81   81    1    1    1    1    1    1    1    1  1.21453E+14 0.00194 
   82   82    1    1    1    1    1    1    1    1  9.36382E+13 0.00290 
   83   83    1    1    1    1    1    1    1    1  8.76608E+13 0.00238 
   84   84    1    1    1    1    1    1    1    1  6.29277E+13 0.00293 
   85   85    1    1    1    1    1    1    1    1  4.54823E+13 0.00274 
   86   86    1    1    1    1    1    1    1    1  4.25521E+13 0.00352 
   87   87    1    1    1    1    1    1    1    1  2.62574E+13 0.00508 
   88   88    1    1    1    1    1    1    1    1  1.77779E+13 0.00603 
   89   89    1    1    1    1    1    1    1    1  1.01805E+13 0.00555 
   90   90    1    1    1    1    1    1    1    1  6.75593E+12 0.00882 
   91   91    1    1    1    1    1    1    1    1  3.43666E+12 0.01236 
   92   92    1    1    1    1    1    1    1    1  1.64492E+12 0.01878 
   93   93    1    1    1    1    1    1    1    1  7.84819E+11 0.01980 
   94   94    1    1    1    1    1    1    1    1  4.08763E+11 0.03156 
   95   95    1    1    1    1    1    1    1    1  1.89884E+11 0.05115 
   96   96    1    1    1    1    1    1    1    1  8.54060E+10 0.07601 
   97   97    1    1    1    1    1    1    1    1  4.34560E+10 0.13824 
   98   98    1    1    1    1    1    1    1    1  2.55067E+10 0.15204 
   99   99    1    1    1    1    1    1    1    1  1.32736E+10 0.24883 
  100  100    1    1    1    1    1    1    1    1  1.24207E+10 0.23731 
];


