
DETdpaspec = [
    1    1    1    1    1    1    1    1    1    1  0.00000E+00 0.00000 
    2    2    1    1    1    1    1    1    1    1  0.00000E+00 0.00000 
    3    3    1    1    1    1    1    1    1    1  0.00000E+00 0.00000 
    4    4    1    1    1    1    1    1    1    1  0.00000E+00 0.00000 
    5    5    1    1    1    1    1    1    1    1  0.00000E+00 0.00000 
    6    6    1    1    1    1    1    1    1    1  0.00000E+00 0.00000 
    7    7    1    1    1    1    1    1    1    1  0.00000E+00 0.00000 
    8    8    1    1    1    1    1    1    1    1  1.65071E+07 1.00000 
    9    9    1    1    1    1    1    1    1    1  0.00000E+00 0.00000 
   10   10    1    1    1    1    1    1    1    1  0.00000E+00 0.00000 
   11   11    1    1    1    1    1    1    1    1  1.76222E+08 0.57192 
   12   12    1    1    1    1    1    1    1    1  1.31994E+08 0.47016 
   13   13    1    1    1    1    1    1    1    1  1.07898E+09 0.42128 
   14   14    1    1    1    1    1    1    1    1  3.46260E+09 0.37303 
   15   15    1    1    1    1    1    1    1    1  2.47023E+09 0.43123 
   16   16    1    1    1    1    1    1    1    1  1.43478E+09 0.33953 
   17   17    1    1    1    1    1    1    1    1  2.32794E+09 0.21354 
   18   18    1    1    1    1    1    1    1    1  3.28392E+09 0.24089 
   19   19    1    1    1    1    1    1    1    1  6.78711E+09 0.16822 
   20   20    1    1    1    1    1    1    1    1  2.67260E+10 0.14672 
   21   21    1    1    1    1    1    1    1    1  1.93591E+10 0.11246 
   22   22    1    1    1    1    1    1    1    1  4.92663E+10 0.08975 
   23   23    1    1    1    1    1    1    1    1  8.55926E+10 0.06904 
   24   24    1    1    1    1    1    1    1    1  1.34698E+11 0.05472 
   25   25    1    1    1    1    1    1    1    1  1.94348E+11 0.04132 
   26   26    1    1    1    1    1    1    1    1  3.85173E+11 0.02168 
   27   27    1    1    1    1    1    1    1    1  8.09787E+11 0.02234 
   28   28    1    1    1    1    1    1    1    1  1.92199E+12 0.01856 
   29   29    1    1    1    1    1    1    1    1  3.01735E+12 0.00868 
   30   30    1    1    1    1    1    1    1    1  7.89451E+12 0.00974 
   31   31    1    1    1    1    1    1    1    1  2.12585E+13 0.00718 
   32   32    1    1    1    1    1    1    1    1  3.51165E+13 0.00442 
   33   33    1    1    1    1    1    1    1    1  7.53767E+13 0.00283 
   34   34    1    1    1    1    1    1    1    1  9.66044E+13 0.00271 
   35   35    1    1    1    1    1    1    1    1  1.30189E+14 0.00192 
   36   36    1    1    1    1    1    1    1    1  9.45546E+13 0.00206 
   37   37    1    1    1    1    1    1    1    1  2.92263E+13 0.00219 
   38   38    1    1    1    1    1    1    1    1  1.53400E+14 0.00156 
   39   39    1    1    1    1    1    1    1    1  1.97220E+14 0.00138 
   40   40    1    1    1    1    1    1    1    1  3.35036E+14 0.00139 
   41   41    1    1    1    1    1    1    1    1  3.28326E+14 0.00142 
   42   42    1    1    1    1    1    1    1    1  6.47188E+14 0.00121 
   43   43    1    1    1    1    1    1    1    1  7.42316E+14 0.00118 
   44   44    1    1    1    1    1    1    1    1  1.01094E+15 0.00139 
   45   45    1    1    1    1    1    1    1    1  1.91500E+15 0.00124 
   46   46    1    1    1    1    1    1    1    1  9.53778E+14 0.00104 
   47   47    1    1    1    1    1    1    1    1  1.45076E+15 0.00105 
   48   48    1    1    1    1    1    1    1    1  2.03017E+15 0.00088 
   49   49    1    1    1    1    1    1    1    1  1.91493E+15 0.00102 
   50   50    1    1    1    1    1    1    1    1  2.99043E+15 0.00103 
   51   51    1    1    1    1    1    1    1    1  2.36605E+15 0.00100 
   52   52    1    1    1    1    1    1    1    1  2.76155E+15 0.00067 
   53   53    1    1    1    1    1    1    1    1  1.94758E+15 0.00082 
   54   54    1    1    1    1    1    1    1    1  2.38746E+15 0.00090 
   55   55    1    1    1    1    1    1    1    1  1.67097E+15 0.00080 
   56   56    1    1    1    1    1    1    1    1  2.28481E+14 0.00115 
   57   57    1    1    1    1    1    1    1    1  3.28473E+15 0.00095 
   58   58    1    1    1    1    1    1    1    1  1.46037E+15 0.00093 
   59   59    1    1    1    1    1    1    1    1  1.57402E+15 0.00097 
   60   60    1    1    1    1    1    1    1    1  1.23763E+15 0.00124 
   61   61    1    1    1    1    1    1    1    1  1.23825E+15 0.00096 
   62   62    1    1    1    1    1    1    1    1  1.26695E+15 0.00091 
   63   63    1    1    1    1    1    1    1    1  1.06533E+15 0.00114 
   64   64    1    1    1    1    1    1    1    1  8.44610E+14 0.00139 
   65   65    1    1    1    1    1    1    1    1  8.34218E+14 0.00126 
   66   66    1    1    1    1    1    1    1    1  6.32584E+14 0.00132 
   67   67    1    1    1    1    1    1    1    1  5.17548E+14 0.00171 
   68   68    1    1    1    1    1    1    1    1  4.61672E+14 0.00165 
   69   69    1    1    1    1    1    1    1    1  5.58813E+14 0.00173 
   70   70    1    1    1    1    1    1    1    1  4.77202E+14 0.00159 
   71   71    1    1    1    1    1    1    1    1  8.79258E+14 0.00120 
   72   72    1    1    1    1    1    1    1    1  6.33141E+14 0.00160 
   73   73    1    1    1    1    1    1    1    1  4.83152E+14 0.00126 
   74   74    1    1    1    1    1    1    1    1  3.89522E+14 0.00144 
   75   75    1    1    1    1    1    1    1    1  3.21345E+14 0.00180 
   76   76    1    1    1    1    1    1    1    1  3.69951E+14 0.00193 
   77   77    1    1    1    1    1    1    1    1  2.91186E+14 0.00138 
   78   78    1    1    1    1    1    1    1    1  2.28633E+14 0.00141 
   79   79    1    1    1    1    1    1    1    1  2.35631E+14 0.00185 
   80   80    1    1    1    1    1    1    1    1  1.75393E+14 0.00184 
   81   81    1    1    1    1    1    1    1    1  1.35960E+14 0.00179 
   82   82    1    1    1    1    1    1    1    1  1.04419E+14 0.00268 
   83   83    1    1    1    1    1    1    1    1  9.77125E+13 0.00242 
   84   84    1    1    1    1    1    1    1    1  7.00835E+13 0.00318 
   85   85    1    1    1    1    1    1    1    1  5.06279E+13 0.00294 
   86   86    1    1    1    1    1    1    1    1  4.72976E+13 0.00405 
   87   87    1    1    1    1    1    1    1    1  2.92617E+13 0.00389 
   88   88    1    1    1    1    1    1    1    1  1.98271E+13 0.00402 
   89   89    1    1    1    1    1    1    1    1  1.12753E+13 0.00508 
   90   90    1    1    1    1    1    1    1    1  7.58934E+12 0.00907 
   91   91    1    1    1    1    1    1    1    1  3.86049E+12 0.01179 
   92   92    1    1    1    1    1    1    1    1  1.86441E+12 0.01816 
   93   93    1    1    1    1    1    1    1    1  9.03453E+11 0.02554 
   94   94    1    1    1    1    1    1    1    1  4.05562E+11 0.04113 
   95   95    1    1    1    1    1    1    1    1  1.93209E+11 0.05327 
   96   96    1    1    1    1    1    1    1    1  1.13488E+11 0.07191 
   97   97    1    1    1    1    1    1    1    1  4.72556E+10 0.09933 
   98   98    1    1    1    1    1    1    1    1  2.83306E+10 0.17593 
   99   99    1    1    1    1    1    1    1    1  1.62613E+10 0.20389 
  100  100    1    1    1    1    1    1    1    1  1.28747E+10 0.17849 
];


