
DETdpaspec = [
    1    1    1    1    1    1    1    1    1    1  0.00000E+00 0.00000 
    2    2    1    1    1    1    1    1    1    1  0.00000E+00 0.00000 
    3    3    1    1    1    1    1    1    1    1  0.00000E+00 0.00000 
    4    4    1    1    1    1    1    1    1    1  0.00000E+00 0.00000 
    5    5    1    1    1    1    1    1    1    1  0.00000E+00 0.00000 
    6    6    1    1    1    1    1    1    1    1  0.00000E+00 0.00000 
    7    7    1    1    1    1    1    1    1    1  0.00000E+00 0.00000 
    8    8    1    1    1    1    1    1    1    1  0.00000E+00 0.00000 
    9    9    1    1    1    1    1    1    1    1  2.46877E+07 0.73489 
   10   10    1    1    1    1    1    1    1    1  0.00000E+00 0.00000 
   11   11    1    1    1    1    1    1    1    1  3.09044E+08 0.70790 
   12   12    1    1    1    1    1    1    1    1  1.03356E+07 1.00000 
   13   13    1    1    1    1    1    1    1    1  1.46799E+09 0.45220 
   14   14    1    1    1    1    1    1    1    1  1.37381E+09 0.44351 
   15   15    1    1    1    1    1    1    1    1  4.58337E+09 0.26002 
   16   16    1    1    1    1    1    1    1    1  2.89927E+09 0.33190 
   17   17    1    1    1    1    1    1    1    1  3.29658E+09 0.25860 
   18   18    1    1    1    1    1    1    1    1  5.35631E+09 0.29103 
   19   19    1    1    1    1    1    1    1    1  5.91681E+09 0.18757 
   20   20    1    1    1    1    1    1    1    1  2.97960E+10 0.17665 
   21   21    1    1    1    1    1    1    1    1  2.03231E+10 0.10693 
   22   22    1    1    1    1    1    1    1    1  4.59713E+10 0.09947 
   23   23    1    1    1    1    1    1    1    1  7.93604E+10 0.08110 
   24   24    1    1    1    1    1    1    1    1  1.29300E+11 0.06946 
   25   25    1    1    1    1    1    1    1    1  2.11275E+11 0.05363 
   26   26    1    1    1    1    1    1    1    1  4.16941E+11 0.03327 
   27   27    1    1    1    1    1    1    1    1  9.36213E+11 0.02759 
   28   28    1    1    1    1    1    1    1    1  2.32426E+12 0.01510 
   29   29    1    1    1    1    1    1    1    1  3.81639E+12 0.00803 
   30   30    1    1    1    1    1    1    1    1  9.48990E+12 0.00467 
   31   31    1    1    1    1    1    1    1    1  2.49746E+13 0.00498 
   32   32    1    1    1    1    1    1    1    1  4.03843E+13 0.00361 
   33   33    1    1    1    1    1    1    1    1  8.62135E+13 0.00273 
   34   34    1    1    1    1    1    1    1    1  1.11266E+14 0.00152 
   35   35    1    1    1    1    1    1    1    1  1.44610E+14 0.00193 
   36   36    1    1    1    1    1    1    1    1  1.03912E+14 0.00220 
   37   37    1    1    1    1    1    1    1    1  3.16822E+13 0.00183 
   38   38    1    1    1    1    1    1    1    1  1.67678E+14 0.00182 
   39   39    1    1    1    1    1    1    1    1  2.16318E+14 0.00183 
   40   40    1    1    1    1    1    1    1    1  3.68370E+14 0.00165 
   41   41    1    1    1    1    1    1    1    1  3.57076E+14 0.00140 
   42   42    1    1    1    1    1    1    1    1  7.06085E+14 0.00112 
   43   43    1    1    1    1    1    1    1    1  8.10307E+14 0.00153 
   44   44    1    1    1    1    1    1    1    1  1.10143E+15 0.00101 
   45   45    1    1    1    1    1    1    1    1  2.09263E+15 0.00094 
   46   46    1    1    1    1    1    1    1    1  1.04045E+15 0.00081 
   47   47    1    1    1    1    1    1    1    1  1.57671E+15 0.00096 
   48   48    1    1    1    1    1    1    1    1  2.20959E+15 0.00092 
   49   49    1    1    1    1    1    1    1    1  2.07944E+15 0.00083 
   50   50    1    1    1    1    1    1    1    1  3.26012E+15 0.00077 
   51   51    1    1    1    1    1    1    1    1  2.56725E+15 0.00074 
   52   52    1    1    1    1    1    1    1    1  3.01191E+15 0.00077 
   53   53    1    1    1    1    1    1    1    1  2.12198E+15 0.00074 
   54   54    1    1    1    1    1    1    1    1  2.61570E+15 0.00064 
   55   55    1    1    1    1    1    1    1    1  1.82868E+15 0.00078 
   56   56    1    1    1    1    1    1    1    1  2.49972E+14 0.00119 
   57   57    1    1    1    1    1    1    1    1  3.59581E+15 0.00071 
   58   58    1    1    1    1    1    1    1    1  1.60775E+15 0.00087 
   59   59    1    1    1    1    1    1    1    1  1.73040E+15 0.00091 
   60   60    1    1    1    1    1    1    1    1  1.36984E+15 0.00104 
   61   61    1    1    1    1    1    1    1    1  1.36921E+15 0.00079 
   62   62    1    1    1    1    1    1    1    1  1.40251E+15 0.00088 
   63   63    1    1    1    1    1    1    1    1  1.17986E+15 0.00076 
   64   64    1    1    1    1    1    1    1    1  9.35376E+14 0.00086 
   65   65    1    1    1    1    1    1    1    1  9.25479E+14 0.00101 
   66   66    1    1    1    1    1    1    1    1  7.03608E+14 0.00105 
   67   67    1    1    1    1    1    1    1    1  5.74175E+14 0.00086 
   68   68    1    1    1    1    1    1    1    1  5.11197E+14 0.00096 
   69   69    1    1    1    1    1    1    1    1  6.18360E+14 0.00101 
   70   70    1    1    1    1    1    1    1    1  5.27257E+14 0.00146 
   71   71    1    1    1    1    1    1    1    1  9.69385E+14 0.00077 
   72   72    1    1    1    1    1    1    1    1  6.95099E+14 0.00118 
   73   73    1    1    1    1    1    1    1    1  5.30819E+14 0.00123 
   74   74    1    1    1    1    1    1    1    1  4.29644E+14 0.00118 
   75   75    1    1    1    1    1    1    1    1  3.56966E+14 0.00098 
   76   76    1    1    1    1    1    1    1    1  4.12820E+14 0.00153 
   77   77    1    1    1    1    1    1    1    1  3.26446E+14 0.00134 
   78   78    1    1    1    1    1    1    1    1  2.57502E+14 0.00141 
   79   79    1    1    1    1    1    1    1    1  2.65962E+14 0.00158 
   80   80    1    1    1    1    1    1    1    1  1.98509E+14 0.00145 
   81   81    1    1    1    1    1    1    1    1  1.52727E+14 0.00164 
   82   82    1    1    1    1    1    1    1    1  1.17501E+14 0.00256 
   83   83    1    1    1    1    1    1    1    1  1.09962E+14 0.00301 
   84   84    1    1    1    1    1    1    1    1  7.93029E+13 0.00308 
   85   85    1    1    1    1    1    1    1    1  5.71572E+13 0.00319 
   86   86    1    1    1    1    1    1    1    1  5.32319E+13 0.00362 
   87   87    1    1    1    1    1    1    1    1  3.28423E+13 0.00448 
   88   88    1    1    1    1    1    1    1    1  2.21808E+13 0.00668 
   89   89    1    1    1    1    1    1    1    1  1.27844E+13 0.00717 
   90   90    1    1    1    1    1    1    1    1  8.50165E+12 0.00654 
   91   91    1    1    1    1    1    1    1    1  4.34100E+12 0.00962 
   92   92    1    1    1    1    1    1    1    1  2.02730E+12 0.01695 
   93   93    1    1    1    1    1    1    1    1  1.00232E+12 0.02575 
   94   94    1    1    1    1    1    1    1    1  4.41626E+11 0.02712 
   95   95    1    1    1    1    1    1    1    1  2.36313E+11 0.04810 
   96   96    1    1    1    1    1    1    1    1  1.15010E+11 0.10730 
   97   97    1    1    1    1    1    1    1    1  6.30000E+10 0.08860 
   98   98    1    1    1    1    1    1    1    1  2.44522E+10 0.15572 
   99   99    1    1    1    1    1    1    1    1  1.75254E+10 0.22579 
  100  100    1    1    1    1    1    1    1    1  1.61417E+10 0.16442 
];


