
DETdpaspec = [
    1    1    1    1    1    1    1    1    1    1  0.00000E+00 0.00000 
    2    2    1    1    1    1    1    1    1    1  7.07649E+06 1.00000 
    3    3    1    1    1    1    1    1    1    1  0.00000E+00 0.00000 
    4    4    1    1    1    1    1    1    1    1  0.00000E+00 0.00000 
    5    5    1    1    1    1    1    1    1    1  1.52560E+07 1.00000 
    6    6    1    1    1    1    1    1    1    1  0.00000E+00 0.00000 
    7    7    1    1    1    1    1    1    1    1  0.00000E+00 0.00000 
    8    8    1    1    1    1    1    1    1    1  1.27815E+07 1.00000 
    9    9    1    1    1    1    1    1    1    1  6.15483E+06 1.00000 
   10   10    1    1    1    1    1    1    1    1  0.00000E+00 0.00000 
   11   11    1    1    1    1    1    1    1    1  6.39783E+07 1.00000 
   12   12    1    1    1    1    1    1    1    1  7.36402E+07 0.68844 
   13   13    1    1    1    1    1    1    1    1  1.88769E+08 1.00000 
   14   14    1    1    1    1    1    1    1    1  1.20517E+09 0.44680 
   15   15    1    1    1    1    1    1    1    1  4.36337E+09 0.50777 
   16   16    1    1    1    1    1    1    1    1  1.78326E+09 0.43541 
   17   17    1    1    1    1    1    1    1    1  2.49426E+09 0.27672 
   18   18    1    1    1    1    1    1    1    1  7.53201E+09 0.18348 
   19   19    1    1    1    1    1    1    1    1  6.92294E+09 0.18589 
   20   20    1    1    1    1    1    1    1    1  2.56858E+10 0.11933 
   21   21    1    1    1    1    1    1    1    1  2.01937E+10 0.12987 
   22   22    1    1    1    1    1    1    1    1  3.91102E+10 0.10888 
   23   23    1    1    1    1    1    1    1    1  8.58823E+10 0.08733 
   24   24    1    1    1    1    1    1    1    1  1.77104E+11 0.05633 
   25   25    1    1    1    1    1    1    1    1  2.96713E+11 0.03136 
   26   26    1    1    1    1    1    1    1    1  6.04214E+11 0.03025 
   27   27    1    1    1    1    1    1    1    1  1.38667E+12 0.01686 
   28   28    1    1    1    1    1    1    1    1  3.41391E+12 0.01156 
   29   29    1    1    1    1    1    1    1    1  5.59086E+12 0.00786 
   30   30    1    1    1    1    1    1    1    1  1.28616E+13 0.00843 
   31   31    1    1    1    1    1    1    1    1  3.20636E+13 0.00452 
   32   32    1    1    1    1    1    1    1    1  5.04119E+13 0.00363 
   33   33    1    1    1    1    1    1    1    1  1.04651E+14 0.00289 
   34   34    1    1    1    1    1    1    1    1  1.34532E+14 0.00185 
   35   35    1    1    1    1    1    1    1    1  1.66483E+14 0.00148 
   36   36    1    1    1    1    1    1    1    1  1.16829E+14 0.00180 
   37   37    1    1    1    1    1    1    1    1  3.53058E+13 0.00187 
   38   38    1    1    1    1    1    1    1    1  1.87489E+14 0.00160 
   39   39    1    1    1    1    1    1    1    1  2.40830E+14 0.00144 
   40   40    1    1    1    1    1    1    1    1  4.11153E+14 0.00103 
   41   41    1    1    1    1    1    1    1    1  3.93949E+14 0.00099 
   42   42    1    1    1    1    1    1    1    1  7.81189E+14 0.00091 
   43   43    1    1    1    1    1    1    1    1  8.94033E+14 0.00097 
   44   44    1    1    1    1    1    1    1    1  1.21240E+15 0.00082 
   45   45    1    1    1    1    1    1    1    1  2.29724E+15 0.00059 
   46   46    1    1    1    1    1    1    1    1  1.13633E+15 0.00067 
   47   47    1    1    1    1    1    1    1    1  1.71243E+15 0.00067 
   48   48    1    1    1    1    1    1    1    1  2.39633E+15 0.00078 
   49   49    1    1    1    1    1    1    1    1  2.24239E+15 0.00068 
   50   50    1    1    1    1    1    1    1    1  3.52548E+15 0.00054 
   51   51    1    1    1    1    1    1    1    1  2.76034E+15 0.00063 
   52   52    1    1    1    1    1    1    1    1  3.25271E+15 0.00061 
   53   53    1    1    1    1    1    1    1    1  2.28609E+15 0.00051 
   54   54    1    1    1    1    1    1    1    1  2.82983E+15 0.00061 
   55   55    1    1    1    1    1    1    1    1  1.97672E+15 0.00072 
   56   56    1    1    1    1    1    1    1    1  2.69644E+14 0.00101 
   57   57    1    1    1    1    1    1    1    1  3.87609E+15 0.00058 
   58   58    1    1    1    1    1    1    1    1  1.74645E+15 0.00054 
   59   59    1    1    1    1    1    1    1    1  1.87394E+15 0.00061 
   60   60    1    1    1    1    1    1    1    1  1.48959E+15 0.00061 
   61   61    1    1    1    1    1    1    1    1  1.48727E+15 0.00068 
   62   62    1    1    1    1    1    1    1    1  1.52634E+15 0.00089 
   63   63    1    1    1    1    1    1    1    1  1.28317E+15 0.00056 
   64   64    1    1    1    1    1    1    1    1  1.01824E+15 0.00080 
   65   65    1    1    1    1    1    1    1    1  1.00717E+15 0.00096 
   66   66    1    1    1    1    1    1    1    1  7.65049E+14 0.00099 
   67   67    1    1    1    1    1    1    1    1  6.23635E+14 0.00134 
   68   68    1    1    1    1    1    1    1    1  5.54043E+14 0.00103 
   69   69    1    1    1    1    1    1    1    1  6.69800E+14 0.00120 
   70   70    1    1    1    1    1    1    1    1  5.71640E+14 0.00105 
   71   71    1    1    1    1    1    1    1    1  1.04295E+15 0.00082 
   72   72    1    1    1    1    1    1    1    1  7.47560E+14 0.00100 
   73   73    1    1    1    1    1    1    1    1  5.69947E+14 0.00105 
   74   74    1    1    1    1    1    1    1    1  4.63552E+14 0.00090 
   75   75    1    1    1    1    1    1    1    1  3.86297E+14 0.00128 
   76   76    1    1    1    1    1    1    1    1  4.48896E+14 0.00104 
   77   77    1    1    1    1    1    1    1    1  3.55293E+14 0.00118 
   78   78    1    1    1    1    1    1    1    1  2.81451E+14 0.00122 
   79   79    1    1    1    1    1    1    1    1  2.91700E+14 0.00125 
   80   80    1    1    1    1    1    1    1    1  2.18024E+14 0.00199 
   81   81    1    1    1    1    1    1    1    1  1.68867E+14 0.00183 
   82   82    1    1    1    1    1    1    1    1  1.29939E+14 0.00195 
   83   83    1    1    1    1    1    1    1    1  1.22001E+14 0.00190 
   84   84    1    1    1    1    1    1    1    1  8.71070E+13 0.00174 
   85   85    1    1    1    1    1    1    1    1  6.29646E+13 0.00276 
   86   86    1    1    1    1    1    1    1    1  5.89247E+13 0.00310 
   87   87    1    1    1    1    1    1    1    1  3.61279E+13 0.00395 
   88   88    1    1    1    1    1    1    1    1  2.45638E+13 0.00575 
   89   89    1    1    1    1    1    1    1    1  1.40085E+13 0.00549 
   90   90    1    1    1    1    1    1    1    1  9.23553E+12 0.00686 
   91   91    1    1    1    1    1    1    1    1  4.57836E+12 0.01176 
   92   92    1    1    1    1    1    1    1    1  2.22813E+12 0.01846 
   93   93    1    1    1    1    1    1    1    1  1.10950E+12 0.02451 
   94   94    1    1    1    1    1    1    1    1  5.32329E+11 0.02248 
   95   95    1    1    1    1    1    1    1    1  2.51405E+11 0.04213 
   96   96    1    1    1    1    1    1    1    1  1.23573E+11 0.06447 
   97   97    1    1    1    1    1    1    1    1  5.37835E+10 0.12867 
   98   98    1    1    1    1    1    1    1    1  2.97972E+10 0.17736 
   99   99    1    1    1    1    1    1    1    1  1.09556E+10 0.20633 
  100  100    1    1    1    1    1    1    1    1  9.43426E+09 0.19152 
];


