
DETdpaspec = [
    1    1    1    1    1    1    1    1    1    1  0.00000E+00 0.00000 
    2    2    1    1    1    1    1    1    1    1  0.00000E+00 0.00000 
    3    3    1    1    1    1    1    1    1    1  0.00000E+00 0.00000 
    4    4    1    1    1    1    1    1    1    1  0.00000E+00 0.00000 
    5    5    1    1    1    1    1    1    1    1  0.00000E+00 0.00000 
    6    6    1    1    1    1    1    1    1    1  0.00000E+00 0.00000 
    7    7    1    1    1    1    1    1    1    1  0.00000E+00 0.00000 
    8    8    1    1    1    1    1    1    1    1  2.22943E+07 1.00000 
    9    9    1    1    1    1    1    1    1    1  0.00000E+00 0.00000 
   10   10    1    1    1    1    1    1    1    1  0.00000E+00 0.00000 
   11   11    1    1    1    1    1    1    1    1  0.00000E+00 0.00000 
   12   12    1    1    1    1    1    1    1    1  1.60964E+08 1.00000 
   13   13    1    1    1    1    1    1    1    1  2.62112E+09 0.48371 
   14   14    1    1    1    1    1    1    1    1  5.23551E+09 0.42342 
   15   15    1    1    1    1    1    1    1    1  4.41183E+09 0.54699 
   16   16    1    1    1    1    1    1    1    1  1.43406E+09 0.32036 
   17   17    1    1    1    1    1    1    1    1  5.77502E+09 0.19680 
   18   18    1    1    1    1    1    1    1    1  4.18245E+09 0.24485 
   19   19    1    1    1    1    1    1    1    1  5.17121E+09 0.14849 
   20   20    1    1    1    1    1    1    1    1  2.28517E+10 0.16927 
   21   21    1    1    1    1    1    1    1    1  2.53354E+10 0.10783 
   22   22    1    1    1    1    1    1    1    1  4.55895E+10 0.10825 
   23   23    1    1    1    1    1    1    1    1  1.17948E+11 0.07857 
   24   24    1    1    1    1    1    1    1    1  2.92173E+11 0.03406 
   25   25    1    1    1    1    1    1    1    1  5.17961E+11 0.03309 
   26   26    1    1    1    1    1    1    1    1  1.18779E+12 0.01968 
   27   27    1    1    1    1    1    1    1    1  2.57118E+12 0.01766 
   28   28    1    1    1    1    1    1    1    1  5.97470E+12 0.01415 
   29   29    1    1    1    1    1    1    1    1  9.64866E+12 0.00753 
   30   30    1    1    1    1    1    1    1    1  1.99814E+13 0.00627 
   31   31    1    1    1    1    1    1    1    1  4.60411E+13 0.00480 
   32   32    1    1    1    1    1    1    1    1  6.84480E+13 0.00436 
   33   33    1    1    1    1    1    1    1    1  1.36722E+14 0.00268 
   34   34    1    1    1    1    1    1    1    1  1.72258E+14 0.00269 
   35   35    1    1    1    1    1    1    1    1  2.01144E+14 0.00222 
   36   36    1    1    1    1    1    1    1    1  1.36656E+14 0.00154 
   37   37    1    1    1    1    1    1    1    1  4.05945E+13 0.00123 
   38   38    1    1    1    1    1    1    1    1  2.17097E+14 0.00154 
   39   39    1    1    1    1    1    1    1    1  2.77204E+14 0.00114 
   40   40    1    1    1    1    1    1    1    1  4.71229E+14 0.00124 
   41   41    1    1    1    1    1    1    1    1  4.43825E+14 0.00108 
   42   42    1    1    1    1    1    1    1    1  8.78866E+14 0.00123 
   43   43    1    1    1    1    1    1    1    1  9.99687E+14 0.00089 
   44   44    1    1    1    1    1    1    1    1  1.34623E+15 0.00083 
   45   45    1    1    1    1    1    1    1    1  2.53408E+15 0.00094 
   46   46    1    1    1    1    1    1    1    1  1.23956E+15 0.00088 
   47   47    1    1    1    1    1    1    1    1  1.85843E+15 0.00082 
   48   48    1    1    1    1    1    1    1    1  2.58414E+15 0.00083 
   49   49    1    1    1    1    1    1    1    1  2.40175E+15 0.00081 
   50   50    1    1    1    1    1    1    1    1  3.77591E+15 0.00074 
   51   51    1    1    1    1    1    1    1    1  2.92102E+15 0.00069 
   52   52    1    1    1    1    1    1    1    1  3.44859E+15 0.00076 
   53   53    1    1    1    1    1    1    1    1  2.40920E+15 0.00078 
   54   54    1    1    1    1    1    1    1    1  2.99215E+15 0.00065 
   55   55    1    1    1    1    1    1    1    1  2.08383E+15 0.00074 
   56   56    1    1    1    1    1    1    1    1  2.83850E+14 0.00085 
   57   57    1    1    1    1    1    1    1    1  4.07646E+15 0.00066 
   58   58    1    1    1    1    1    1    1    1  1.84497E+15 0.00079 
   59   59    1    1    1    1    1    1    1    1  1.96976E+15 0.00067 
   60   60    1    1    1    1    1    1    1    1  1.57249E+15 0.00087 
   61   61    1    1    1    1    1    1    1    1  1.56655E+15 0.00092 
   62   62    1    1    1    1    1    1    1    1  1.60431E+15 0.00094 
   63   63    1    1    1    1    1    1    1    1  1.34979E+15 0.00096 
   64   64    1    1    1    1    1    1    1    1  1.06998E+15 0.00096 
   65   65    1    1    1    1    1    1    1    1  1.05575E+15 0.00071 
   66   66    1    1    1    1    1    1    1    1  8.01625E+14 0.00098 
   67   67    1    1    1    1    1    1    1    1  6.51950E+14 0.00086 
   68   68    1    1    1    1    1    1    1    1  5.78115E+14 0.00070 
   69   69    1    1    1    1    1    1    1    1  6.97773E+14 0.00104 
   70   70    1    1    1    1    1    1    1    1  5.94470E+14 0.00097 
   71   71    1    1    1    1    1    1    1    1  1.07845E+15 0.00092 
   72   72    1    1    1    1    1    1    1    1  7.68314E+14 0.00115 
   73   73    1    1    1    1    1    1    1    1  5.87689E+14 0.00108 
   74   74    1    1    1    1    1    1    1    1  4.78438E+14 0.00101 
   75   75    1    1    1    1    1    1    1    1  3.99983E+14 0.00124 
   76   76    1    1    1    1    1    1    1    1  4.66463E+14 0.00124 
   77   77    1    1    1    1    1    1    1    1  3.71203E+14 0.00167 
   78   78    1    1    1    1    1    1    1    1  2.94841E+14 0.00167 
   79   79    1    1    1    1    1    1    1    1  3.06043E+14 0.00139 
   80   80    1    1    1    1    1    1    1    1  2.28518E+14 0.00180 
   81   81    1    1    1    1    1    1    1    1  1.76473E+14 0.00195 
   82   82    1    1    1    1    1    1    1    1  1.35883E+14 0.00167 
   83   83    1    1    1    1    1    1    1    1  1.27068E+14 0.00205 
   84   84    1    1    1    1    1    1    1    1  9.16638E+13 0.00279 
   85   85    1    1    1    1    1    1    1    1  6.58778E+13 0.00202 
   86   86    1    1    1    1    1    1    1    1  6.22321E+13 0.00372 
   87   87    1    1    1    1    1    1    1    1  3.76075E+13 0.00447 
   88   88    1    1    1    1    1    1    1    1  2.55978E+13 0.00337 
   89   89    1    1    1    1    1    1    1    1  1.44801E+13 0.00654 
   90   90    1    1    1    1    1    1    1    1  9.61371E+12 0.00575 
   91   91    1    1    1    1    1    1    1    1  4.83799E+12 0.01151 
   92   92    1    1    1    1    1    1    1    1  2.32798E+12 0.01779 
   93   93    1    1    1    1    1    1    1    1  1.10517E+12 0.02005 
   94   94    1    1    1    1    1    1    1    1  5.22320E+11 0.03244 
   95   95    1    1    1    1    1    1    1    1  2.69039E+11 0.04791 
   96   96    1    1    1    1    1    1    1    1  1.27141E+11 0.06446 
   97   97    1    1    1    1    1    1    1    1  7.00799E+10 0.08953 
   98   98    1    1    1    1    1    1    1    1  2.70825E+10 0.12998 
   99   99    1    1    1    1    1    1    1    1  1.37717E+10 0.18805 
  100  100    1    1    1    1    1    1    1    1  1.27616E+10 0.19641 
];


