
DETdpaspec = [
    1    1    1    1    1    1    1    1    1    1  0.00000E+00 0.00000 
    2    2    1    1    1    1    1    1    1    1  0.00000E+00 0.00000 
    3    3    1    1    1    1    1    1    1    1  0.00000E+00 0.00000 
    4    4    1    1    1    1    1    1    1    1  0.00000E+00 0.00000 
    5    5    1    1    1    1    1    1    1    1  9.84953E+06 1.00000 
    6    6    1    1    1    1    1    1    1    1  0.00000E+00 0.00000 
    7    7    1    1    1    1    1    1    1    1  0.00000E+00 0.00000 
    8    8    1    1    1    1    1    1    1    1  0.00000E+00 0.00000 
    9    9    1    1    1    1    1    1    1    1  8.91286E+06 1.00000 
   10   10    1    1    1    1    1    1    1    1  0.00000E+00 0.00000 
   11   11    1    1    1    1    1    1    1    1  3.82174E+07 1.00000 
   12   12    1    1    1    1    1    1    1    1  1.08241E+08 0.66965 
   13   13    1    1    1    1    1    1    1    1  1.29060E+09 0.40982 
   14   14    1    1    1    1    1    1    1    1  3.24124E+09 0.36353 
   15   15    1    1    1    1    1    1    1    1  4.52529E+09 0.26541 
   16   16    1    1    1    1    1    1    1    1  1.08309E+09 0.39829 
   17   17    1    1    1    1    1    1    1    1  2.46264E+09 0.25076 
   18   18    1    1    1    1    1    1    1    1  6.35631E+09 0.25373 
   19   19    1    1    1    1    1    1    1    1  9.27203E+09 0.16612 
   20   20    1    1    1    1    1    1    1    1  2.99511E+10 0.09758 
   21   21    1    1    1    1    1    1    1    1  2.14186E+10 0.12752 
   22   22    1    1    1    1    1    1    1    1  5.34463E+10 0.08141 
   23   23    1    1    1    1    1    1    1    1  8.68184E+10 0.06924 
   24   24    1    1    1    1    1    1    1    1  1.48658E+11 0.05135 
   25   25    1    1    1    1    1    1    1    1  1.98347E+11 0.04995 
   26   26    1    1    1    1    1    1    1    1  3.46316E+11 0.02680 
   27   27    1    1    1    1    1    1    1    1  7.50265E+11 0.02749 
   28   28    1    1    1    1    1    1    1    1  1.68884E+12 0.02154 
   29   29    1    1    1    1    1    1    1    1  2.60796E+12 0.01283 
   30   30    1    1    1    1    1    1    1    1  7.03637E+12 0.00901 
   31   31    1    1    1    1    1    1    1    1  1.90740E+13 0.00642 
   32   32    1    1    1    1    1    1    1    1  3.16071E+13 0.00380 
   33   33    1    1    1    1    1    1    1    1  6.69687E+13 0.00420 
   34   34    1    1    1    1    1    1    1    1  8.50513E+13 0.00226 
   35   35    1    1    1    1    1    1    1    1  1.17524E+14 0.00171 
   36   36    1    1    1    1    1    1    1    1  8.63200E+13 0.00206 
   37   37    1    1    1    1    1    1    1    1  2.69338E+13 0.00193 
   38   38    1    1    1    1    1    1    1    1  1.39662E+14 0.00142 
   39   39    1    1    1    1    1    1    1    1  1.80093E+14 0.00177 
   40   40    1    1    1    1    1    1    1    1  3.04691E+14 0.00160 
   41   41    1    1    1    1    1    1    1    1  3.01345E+14 0.00130 
   42   42    1    1    1    1    1    1    1    1  5.87524E+14 0.00123 
   43   43    1    1    1    1    1    1    1    1  6.72908E+14 0.00098 
   44   44    1    1    1    1    1    1    1    1  9.14247E+14 0.00127 
   45   45    1    1    1    1    1    1    1    1  1.72006E+15 0.00087 
   46   46    1    1    1    1    1    1    1    1  8.59324E+14 0.00081 
   47   47    1    1    1    1    1    1    1    1  1.31035E+15 0.00072 
   48   48    1    1    1    1    1    1    1    1  1.83039E+15 0.00078 
   49   49    1    1    1    1    1    1    1    1  1.72951E+15 0.00073 
   50   50    1    1    1    1    1    1    1    1  2.67846E+15 0.00068 
   51   51    1    1    1    1    1    1    1    1  2.12933E+15 0.00082 
   52   52    1    1    1    1    1    1    1    1  2.46562E+15 0.00101 
   53   53    1    1    1    1    1    1    1    1  1.74255E+15 0.00083 
   54   54    1    1    1    1    1    1    1    1  2.11887E+15 0.00099 
   55   55    1    1    1    1    1    1    1    1  1.48386E+15 0.00095 
   56   56    1    1    1    1    1    1    1    1  2.03521E+14 0.00145 
   57   57    1    1    1    1    1    1    1    1  2.91590E+15 0.00080 
   58   58    1    1    1    1    1    1    1    1  1.28244E+15 0.00095 
   59   59    1    1    1    1    1    1    1    1  1.38475E+15 0.00089 
   60   60    1    1    1    1    1    1    1    1  1.08401E+15 0.00079 
   61   61    1    1    1    1    1    1    1    1  1.08466E+15 0.00079 
   62   62    1    1    1    1    1    1    1    1  1.10734E+15 0.00074 
   63   63    1    1    1    1    1    1    1    1  9.27929E+14 0.00094 
   64   64    1    1    1    1    1    1    1    1  7.35682E+14 0.00088 
   65   65    1    1    1    1    1    1    1    1  7.26254E+14 0.00085 
   66   66    1    1    1    1    1    1    1    1  5.50504E+14 0.00104 
   67   67    1    1    1    1    1    1    1    1  4.52778E+14 0.00129 
   68   68    1    1    1    1    1    1    1    1  4.03105E+14 0.00116 
   69   69    1    1    1    1    1    1    1    1  4.86876E+14 0.00098 
   70   70    1    1    1    1    1    1    1    1  4.16326E+14 0.00120 
   71   71    1    1    1    1    1    1    1    1  7.71529E+14 0.00123 
   72   72    1    1    1    1    1    1    1    1  5.56250E+14 0.00145 
   73   73    1    1    1    1    1    1    1    1  4.21969E+14 0.00134 
   74   74    1    1    1    1    1    1    1    1  3.39612E+14 0.00157 
   75   75    1    1    1    1    1    1    1    1  2.78725E+14 0.00167 
   76   76    1    1    1    1    1    1    1    1  3.19696E+14 0.00182 
   77   77    1    1    1    1    1    1    1    1  2.50370E+14 0.00194 
   78   78    1    1    1    1    1    1    1    1  1.95447E+14 0.00216 
   79   79    1    1    1    1    1    1    1    1  2.00972E+14 0.00159 
   80   80    1    1    1    1    1    1    1    1  1.49329E+14 0.00202 
   81   81    1    1    1    1    1    1    1    1  1.14810E+14 0.00220 
   82   82    1    1    1    1    1    1    1    1  8.80305E+13 0.00276 
   83   83    1    1    1    1    1    1    1    1  8.24506E+13 0.00291 
   84   84    1    1    1    1    1    1    1    1  5.93437E+13 0.00333 
   85   85    1    1    1    1    1    1    1    1  4.30331E+13 0.00327 
   86   86    1    1    1    1    1    1    1    1  4.02825E+13 0.00369 
   87   87    1    1    1    1    1    1    1    1  2.47602E+13 0.00331 
   88   88    1    1    1    1    1    1    1    1  1.67515E+13 0.00589 
   89   89    1    1    1    1    1    1    1    1  9.45706E+12 0.00804 
   90   90    1    1    1    1    1    1    1    1  6.38481E+12 0.01011 
   91   91    1    1    1    1    1    1    1    1  3.19834E+12 0.01197 
   92   92    1    1    1    1    1    1    1    1  1.62183E+12 0.02107 
   93   93    1    1    1    1    1    1    1    1  7.46955E+11 0.01810 
   94   94    1    1    1    1    1    1    1    1  3.81582E+11 0.04003 
   95   95    1    1    1    1    1    1    1    1  1.68357E+11 0.04800 
   96   96    1    1    1    1    1    1    1    1  7.42666E+10 0.08522 
   97   97    1    1    1    1    1    1    1    1  3.91862E+10 0.10601 
   98   98    1    1    1    1    1    1    1    1  1.47190E+10 0.21255 
   99   99    1    1    1    1    1    1    1    1  1.09897E+10 0.34271 
  100  100    1    1    1    1    1    1    1    1  9.69564E+09 0.31652 
];


