
DETdpaspec = [
    1    1    1    1    1    1    1    1    1    1  0.00000E+00 0.00000 
    2    2    1    1    1    1    1    1    1    1  0.00000E+00 0.00000 
    3    3    1    1    1    1    1    1    1    1  0.00000E+00 0.00000 
    4    4    1    1    1    1    1    1    1    1  0.00000E+00 0.00000 
    5    5    1    1    1    1    1    1    1    1  0.00000E+00 0.00000 
    6    6    1    1    1    1    1    1    1    1  0.00000E+00 0.00000 
    7    7    1    1    1    1    1    1    1    1  0.00000E+00 0.00000 
    8    8    1    1    1    1    1    1    1    1  1.30007E+07 1.00000 
    9    9    1    1    1    1    1    1    1    1  2.05481E+07 0.69124 
   10   10    1    1    1    1    1    1    1    1  5.64573E+08 0.42469 
   11   11    1    1    1    1    1    1    1    1  1.76419E+08 0.59917 
   12   12    1    1    1    1    1    1    1    1  5.72054E+07 0.62777 
   13   13    1    1    1    1    1    1    1    1  1.85856E+09 0.36779 
   14   14    1    1    1    1    1    1    1    1  3.12543E+09 0.31323 
   15   15    1    1    1    1    1    1    1    1  4.84385E+09 0.22432 
   16   16    1    1    1    1    1    1    1    1  2.33287E+09 0.18816 
   17   17    1    1    1    1    1    1    1    1  4.18013E+09 0.18403 
   18   18    1    1    1    1    1    1    1    1  1.27130E+10 0.15398 
   19   19    1    1    1    1    1    1    1    1  1.49761E+10 0.10412 
   20   20    1    1    1    1    1    1    1    1  5.01566E+10 0.09685 
   21   21    1    1    1    1    1    1    1    1  3.62627E+10 0.07854 
   22   22    1    1    1    1    1    1    1    1  1.05287E+11 0.07101 
   23   23    1    1    1    1    1    1    1    1  1.48960E+11 0.04630 
   24   24    1    1    1    1    1    1    1    1  2.15780E+11 0.03220 
   25   25    1    1    1    1    1    1    1    1  2.91227E+11 0.02576 
   26   26    1    1    1    1    1    1    1    1  5.11626E+11 0.03152 
   27   27    1    1    1    1    1    1    1    1  9.79685E+11 0.01953 
   28   28    1    1    1    1    1    1    1    1  1.71540E+12 0.01544 
   29   29    1    1    1    1    1    1    1    1  2.24538E+12 0.01293 
   30   30    1    1    1    1    1    1    1    1  6.46155E+12 0.01051 
   31   31    1    1    1    1    1    1    1    1  1.63731E+13 0.00668 
   32   32    1    1    1    1    1    1    1    1  2.61773E+13 0.00494 
   33   33    1    1    1    1    1    1    1    1  5.18412E+13 0.00346 
   34   34    1    1    1    1    1    1    1    1  6.14100E+13 0.00246 
   35   35    1    1    1    1    1    1    1    1  8.99776E+13 0.00259 
   36   36    1    1    1    1    1    1    1    1  6.67816E+13 0.00239 
   37   37    1    1    1    1    1    1    1    1  2.12838E+13 0.00319 
   38   38    1    1    1    1    1    1    1    1  1.05393E+14 0.00311 
   39   39    1    1    1    1    1    1    1    1  1.33895E+14 0.00293 
   40   40    1    1    1    1    1    1    1    1  2.17050E+14 0.00225 
   41   41    1    1    1    1    1    1    1    1  2.17576E+14 0.00200 
   42   42    1    1    1    1    1    1    1    1  4.06290E+14 0.00163 
   43   43    1    1    1    1    1    1    1    1  4.57179E+14 0.00171 
   44   44    1    1    1    1    1    1    1    1  6.09105E+14 0.00192 
   45   45    1    1    1    1    1    1    1    1  1.10326E+15 0.00187 
   46   46    1    1    1    1    1    1    1    1  5.47170E+14 0.00213 
   47   47    1    1    1    1    1    1    1    1  8.35199E+14 0.00204 
   48   48    1    1    1    1    1    1    1    1  1.14944E+15 0.00181 
   49   49    1    1    1    1    1    1    1    1  1.08717E+15 0.00186 
   50   50    1    1    1    1    1    1    1    1  1.63539E+15 0.00172 
   51   51    1    1    1    1    1    1    1    1  1.31294E+15 0.00168 
   52   52    1    1    1    1    1    1    1    1  1.47488E+15 0.00167 
   53   53    1    1    1    1    1    1    1    1  1.04418E+15 0.00185 
   54   54    1    1    1    1    1    1    1    1  1.23486E+15 0.00216 
   55   55    1    1    1    1    1    1    1    1  8.67749E+14 0.00223 
   56   56    1    1    1    1    1    1    1    1  1.19941E+14 0.00220 
   57   57    1    1    1    1    1    1    1    1  1.70260E+15 0.00216 
   58   58    1    1    1    1    1    1    1    1  7.24526E+14 0.00229 
   59   59    1    1    1    1    1    1    1    1  7.87133E+14 0.00220 
   60   60    1    1    1    1    1    1    1    1  6.00899E+14 0.00235 
   61   61    1    1    1    1    1    1    1    1  6.03106E+14 0.00221 
   62   62    1    1    1    1    1    1    1    1  6.11395E+14 0.00182 
   63   63    1    1    1    1    1    1    1    1  5.07380E+14 0.00235 
   64   64    1    1    1    1    1    1    1    1  3.99897E+14 0.00187 
   65   65    1    1    1    1    1    1    1    1  3.94116E+14 0.00217 
   66   66    1    1    1    1    1    1    1    1  2.97282E+14 0.00281 
   67   67    1    1    1    1    1    1    1    1  2.45310E+14 0.00232 
   68   68    1    1    1    1    1    1    1    1  2.19569E+14 0.00289 
   69   69    1    1    1    1    1    1    1    1  2.64193E+14 0.00331 
   70   70    1    1    1    1    1    1    1    1  2.26530E+14 0.00274 
   71   71    1    1    1    1    1    1    1    1  4.26241E+14 0.00245 
   72   72    1    1    1    1    1    1    1    1  3.08132E+14 0.00285 
   73   73    1    1    1    1    1    1    1    1  2.32861E+14 0.00292 
   74   74    1    1    1    1    1    1    1    1  1.83150E+14 0.00259 
   75   75    1    1    1    1    1    1    1    1  1.47399E+14 0.00266 
   76   76    1    1    1    1    1    1    1    1  1.66563E+14 0.00359 
   77   77    1    1    1    1    1    1    1    1  1.27792E+14 0.00313 
   78   78    1    1    1    1    1    1    1    1  9.83955E+13 0.00406 
   79   79    1    1    1    1    1    1    1    1  1.00166E+14 0.00251 
   80   80    1    1    1    1    1    1    1    1  7.36738E+13 0.00315 
   81   81    1    1    1    1    1    1    1    1  5.59707E+13 0.00423 
   82   82    1    1    1    1    1    1    1    1  4.33625E+13 0.00393 
   83   83    1    1    1    1    1    1    1    1  4.02377E+13 0.00445 
   84   84    1    1    1    1    1    1    1    1  2.90079E+13 0.00556 
   85   85    1    1    1    1    1    1    1    1  2.07105E+13 0.00454 
   86   86    1    1    1    1    1    1    1    1  1.96131E+13 0.00558 
   87   87    1    1    1    1    1    1    1    1  1.20219E+13 0.00688 
   88   88    1    1    1    1    1    1    1    1  8.29793E+12 0.00837 
   89   89    1    1    1    1    1    1    1    1  4.62692E+12 0.01042 
   90   90    1    1    1    1    1    1    1    1  3.22833E+12 0.01357 
   91   91    1    1    1    1    1    1    1    1  1.58130E+12 0.01824 
   92   92    1    1    1    1    1    1    1    1  7.82570E+11 0.02369 
   93   93    1    1    1    1    1    1    1    1  3.89700E+11 0.03226 
   94   94    1    1    1    1    1    1    1    1  1.78502E+11 0.06970 
   95   95    1    1    1    1    1    1    1    1  8.94345E+10 0.06592 
   96   96    1    1    1    1    1    1    1    1  4.65173E+10 0.11444 
   97   97    1    1    1    1    1    1    1    1  2.06184E+10 0.16607 
   98   98    1    1    1    1    1    1    1    1  7.07642E+09 0.24443 
   99   99    1    1    1    1    1    1    1    1  7.42182E+09 0.33692 
  100  100    1    1    1    1    1    1    1    1  4.89621E+09 0.41077 
];


