
DETdpaspec = [
    1    1    1    1    1    1    1    1    1    1  0.00000E+00 0.00000 
    2    2    1    1    1    1    1    1    1    1  0.00000E+00 0.00000 
    3    3    1    1    1    1    1    1    1    1  0.00000E+00 0.00000 
    4    4    1    1    1    1    1    1    1    1  0.00000E+00 0.00000 
    5    5    1    1    1    1    1    1    1    1  0.00000E+00 0.00000 
    6    6    1    1    1    1    1    1    1    1  0.00000E+00 0.00000 
    7    7    1    1    1    1    1    1    1    1  0.00000E+00 0.00000 
    8    8    1    1    1    1    1    1    1    1  0.00000E+00 0.00000 
    9    9    1    1    1    1    1    1    1    1  1.04856E+07 1.00000 
   10   10    1    1    1    1    1    1    1    1  0.00000E+00 0.00000 
   11   11    1    1    1    1    1    1    1    1  1.67056E+08 0.46439 
   12   12    1    1    1    1    1    1    1    1  1.40284E+08 0.40874 
   13   13    1    1    1    1    1    1    1    1  1.57600E+09 0.43336 
   14   14    1    1    1    1    1    1    1    1  3.60089E+09 0.29551 
   15   15    1    1    1    1    1    1    1    1  3.75472E+09 0.26726 
   16   16    1    1    1    1    1    1    1    1  2.16814E+09 0.23839 
   17   17    1    1    1    1    1    1    1    1  2.44275E+09 0.22243 
   18   18    1    1    1    1    1    1    1    1  8.02782E+09 0.15796 
   19   19    1    1    1    1    1    1    1    1  1.21863E+10 0.12956 
   20   20    1    1    1    1    1    1    1    1  3.46155E+10 0.10393 
   21   21    1    1    1    1    1    1    1    1  2.33427E+10 0.06743 
   22   22    1    1    1    1    1    1    1    1  6.65377E+10 0.09707 
   23   23    1    1    1    1    1    1    1    1  9.68476E+10 0.06899 
   24   24    1    1    1    1    1    1    1    1  1.53388E+11 0.06097 
   25   25    1    1    1    1    1    1    1    1  2.05574E+11 0.05582 
   26   26    1    1    1    1    1    1    1    1  3.55392E+11 0.03119 
   27   27    1    1    1    1    1    1    1    1  7.33980E+11 0.02021 
   28   28    1    1    1    1    1    1    1    1  1.59186E+12 0.01948 
   29   29    1    1    1    1    1    1    1    1  2.38909E+12 0.01169 
   30   30    1    1    1    1    1    1    1    1  6.58834E+12 0.01043 
   31   31    1    1    1    1    1    1    1    1  1.79638E+13 0.00682 
   32   32    1    1    1    1    1    1    1    1  3.00006E+13 0.00433 
   33   33    1    1    1    1    1    1    1    1  6.34809E+13 0.00365 
   34   34    1    1    1    1    1    1    1    1  8.01583E+13 0.00257 
   35   35    1    1    1    1    1    1    1    1  1.12482E+14 0.00228 
   36   36    1    1    1    1    1    1    1    1  8.29484E+13 0.00236 
   37   37    1    1    1    1    1    1    1    1  2.58857E+13 0.00242 
   38   38    1    1    1    1    1    1    1    1  1.34104E+14 0.00177 
   39   39    1    1    1    1    1    1    1    1  1.72560E+14 0.00182 
   40   40    1    1    1    1    1    1    1    1  2.90937E+14 0.00155 
   41   41    1    1    1    1    1    1    1    1  2.87002E+14 0.00154 
   42   42    1    1    1    1    1    1    1    1  5.60067E+14 0.00129 
   43   43    1    1    1    1    1    1    1    1  6.40693E+14 0.00089 
   44   44    1    1    1    1    1    1    1    1  8.68966E+14 0.00087 
   45   45    1    1    1    1    1    1    1    1  1.62895E+15 0.00080 
   46   46    1    1    1    1    1    1    1    1  8.12768E+14 0.00102 
   47   47    1    1    1    1    1    1    1    1  1.23761E+15 0.00093 
   48   48    1    1    1    1    1    1    1    1  1.72678E+15 0.00088 
   49   49    1    1    1    1    1    1    1    1  1.63469E+15 0.00106 
   50   50    1    1    1    1    1    1    1    1  2.52045E+15 0.00088 
   51   51    1    1    1    1    1    1    1    1  2.00677E+15 0.00083 
   52   52    1    1    1    1    1    1    1    1  2.31630E+15 0.00084 
   53   53    1    1    1    1    1    1    1    1  1.63407E+15 0.00078 
   54   54    1    1    1    1    1    1    1    1  1.98258E+15 0.00089 
   55   55    1    1    1    1    1    1    1    1  1.38804E+15 0.00086 
   56   56    1    1    1    1    1    1    1    1  1.90413E+14 0.00114 
   57   57    1    1    1    1    1    1    1    1  2.72795E+15 0.00117 
   58   58    1    1    1    1    1    1    1    1  1.19544E+15 0.00094 
   59   59    1    1    1    1    1    1    1    1  1.28931E+15 0.00108 
   60   60    1    1    1    1    1    1    1    1  1.00540E+15 0.00117 
   61   61    1    1    1    1    1    1    1    1  1.00725E+15 0.00099 
   62   62    1    1    1    1    1    1    1    1  1.02744E+15 0.00100 
   63   63    1    1    1    1    1    1    1    1  8.59682E+14 0.00097 
   64   64    1    1    1    1    1    1    1    1  6.80416E+14 0.00098 
   65   65    1    1    1    1    1    1    1    1  6.73342E+14 0.00135 
   66   66    1    1    1    1    1    1    1    1  5.09221E+14 0.00143 
   67   67    1    1    1    1    1    1    1    1  4.17839E+14 0.00133 
   68   68    1    1    1    1    1    1    1    1  3.72864E+14 0.00135 
   69   69    1    1    1    1    1    1    1    1  4.50020E+14 0.00170 
   70   70    1    1    1    1    1    1    1    1  3.85263E+14 0.00180 
   71   71    1    1    1    1    1    1    1    1  7.17269E+14 0.00138 
   72   72    1    1    1    1    1    1    1    1  5.16090E+14 0.00129 
   73   73    1    1    1    1    1    1    1    1  3.92135E+14 0.00175 
   74   74    1    1    1    1    1    1    1    1  3.13183E+14 0.00201 
   75   75    1    1    1    1    1    1    1    1  2.56732E+14 0.00219 
   76   76    1    1    1    1    1    1    1    1  2.94025E+14 0.00171 
   77   77    1    1    1    1    1    1    1    1  2.29468E+14 0.00187 
   78   78    1    1    1    1    1    1    1    1  1.78951E+14 0.00174 
   79   79    1    1    1    1    1    1    1    1  1.83583E+14 0.00211 
   80   80    1    1    1    1    1    1    1    1  1.36675E+14 0.00234 
   81   81    1    1    1    1    1    1    1    1  1.05064E+14 0.00307 
   82   82    1    1    1    1    1    1    1    1  8.08857E+13 0.00328 
   83   83    1    1    1    1    1    1    1    1  7.55041E+13 0.00299 
   84   84    1    1    1    1    1    1    1    1  5.41456E+13 0.00382 
   85   85    1    1    1    1    1    1    1    1  3.92606E+13 0.00427 
   86   86    1    1    1    1    1    1    1    1  3.65014E+13 0.00356 
   87   87    1    1    1    1    1    1    1    1  2.27089E+13 0.00425 
   88   88    1    1    1    1    1    1    1    1  1.53922E+13 0.00770 
   89   89    1    1    1    1    1    1    1    1  8.87530E+12 0.00550 
   90   90    1    1    1    1    1    1    1    1  5.90395E+12 0.01081 
   91   91    1    1    1    1    1    1    1    1  2.94817E+12 0.01380 
   92   92    1    1    1    1    1    1    1    1  1.44115E+12 0.01944 
   93   93    1    1    1    1    1    1    1    1  6.94937E+11 0.01759 
   94   94    1    1    1    1    1    1    1    1  3.45356E+11 0.03809 
   95   95    1    1    1    1    1    1    1    1  1.62917E+11 0.06231 
   96   96    1    1    1    1    1    1    1    1  7.50898E+10 0.09903 
   97   97    1    1    1    1    1    1    1    1  3.62871E+10 0.15124 
   98   98    1    1    1    1    1    1    1    1  1.73841E+10 0.18282 
   99   99    1    1    1    1    1    1    1    1  8.54712E+09 0.26075 
  100  100    1    1    1    1    1    1    1    1  6.85167E+09 0.29021 
];


