
DETdpaspec = [
    1    1    1    1    1    1    1    1    1    1  0.00000E+00 0.00000 
    2    2    1    1    1    1    1    1    1    1  0.00000E+00 0.00000 
    3    3    1    1    1    1    1    1    1    1  0.00000E+00 0.00000 
    4    4    1    1    1    1    1    1    1    1  0.00000E+00 0.00000 
    5    5    1    1    1    1    1    1    1    1  0.00000E+00 0.00000 
    6    6    1    1    1    1    1    1    1    1  0.00000E+00 0.00000 
    7    7    1    1    1    1    1    1    1    1  0.00000E+00 0.00000 
    8    8    1    1    1    1    1    1    1    1  0.00000E+00 0.00000 
    9    9    1    1    1    1    1    1    1    1  1.56910E+07 1.00000 
   10   10    1    1    1    1    1    1    1    1  2.96048E+07 1.00000 
   11   11    1    1    1    1    1    1    1    1  3.39280E+08 0.58135 
   12   12    1    1    1    1    1    1    1    1  1.72959E+07 0.74696 
   13   13    1    1    1    1    1    1    1    1  1.90268E+08 0.58775 
   14   14    1    1    1    1    1    1    1    1  2.56402E+09 0.36783 
   15   15    1    1    1    1    1    1    1    1  3.23296E+09 0.34093 
   16   16    1    1    1    1    1    1    1    1  1.78168E+09 0.27885 
   17   17    1    1    1    1    1    1    1    1  3.82425E+09 0.19385 
   18   18    1    1    1    1    1    1    1    1  8.14718E+09 0.15639 
   19   19    1    1    1    1    1    1    1    1  8.95761E+09 0.15221 
   20   20    1    1    1    1    1    1    1    1  3.10875E+10 0.15371 
   21   21    1    1    1    1    1    1    1    1  2.40854E+10 0.10123 
   22   22    1    1    1    1    1    1    1    1  6.38602E+10 0.08984 
   23   23    1    1    1    1    1    1    1    1  1.07061E+11 0.06138 
   24   24    1    1    1    1    1    1    1    1  1.61432E+11 0.05405 
   25   25    1    1    1    1    1    1    1    1  2.06089E+11 0.03251 
   26   26    1    1    1    1    1    1    1    1  3.71021E+11 0.02754 
   27   27    1    1    1    1    1    1    1    1  7.36729E+11 0.02134 
   28   28    1    1    1    1    1    1    1    1  1.57697E+12 0.01663 
   29   29    1    1    1    1    1    1    1    1  2.28039E+12 0.01101 
   30   30    1    1    1    1    1    1    1    1  6.29354E+12 0.01028 
   31   31    1    1    1    1    1    1    1    1  1.71443E+13 0.00516 
   32   32    1    1    1    1    1    1    1    1  2.87621E+13 0.00466 
   33   33    1    1    1    1    1    1    1    1  6.04594E+13 0.00329 
   34   34    1    1    1    1    1    1    1    1  7.52758E+13 0.00278 
   35   35    1    1    1    1    1    1    1    1  1.06366E+14 0.00273 
   36   36    1    1    1    1    1    1    1    1  7.90123E+13 0.00218 
   37   37    1    1    1    1    1    1    1    1  2.48264E+13 0.00198 
   38   38    1    1    1    1    1    1    1    1  1.27535E+14 0.00142 
   39   39    1    1    1    1    1    1    1    1  1.63754E+14 0.00195 
   40   40    1    1    1    1    1    1    1    1  2.74654E+14 0.00114 
   41   41    1    1    1    1    1    1    1    1  2.72556E+14 0.00132 
   42   42    1    1    1    1    1    1    1    1  5.27546E+14 0.00113 
   43   43    1    1    1    1    1    1    1    1  6.02220E+14 0.00103 
   44   44    1    1    1    1    1    1    1    1  8.15084E+14 0.00087 
   45   45    1    1    1    1    1    1    1    1  1.52053E+15 0.00100 
   46   46    1    1    1    1    1    1    1    1  7.57691E+14 0.00124 
   47   47    1    1    1    1    1    1    1    1  1.15635E+15 0.00091 
   48   48    1    1    1    1    1    1    1    1  1.60891E+15 0.00113 
   49   49    1    1    1    1    1    1    1    1  1.52242E+15 0.00086 
   50   50    1    1    1    1    1    1    1    1  2.34173E+15 0.00087 
   51   51    1    1    1    1    1    1    1    1  1.86673E+15 0.00078 
   52   52    1    1    1    1    1    1    1    1  2.14574E+15 0.00083 
   53   53    1    1    1    1    1    1    1    1  1.51471E+15 0.00089 
   54   54    1    1    1    1    1    1    1    1  1.82709E+15 0.00073 
   55   55    1    1    1    1    1    1    1    1  1.28017E+15 0.00102 
   56   56    1    1    1    1    1    1    1    1  1.76219E+14 0.00114 
   57   57    1    1    1    1    1    1    1    1  2.51534E+15 0.00096 
   58   58    1    1    1    1    1    1    1    1  1.09510E+15 0.00136 
   59   59    1    1    1    1    1    1    1    1  1.18495E+15 0.00118 
   60   60    1    1    1    1    1    1    1    1  9.21398E+14 0.00136 
   61   61    1    1    1    1    1    1    1    1  9.22754E+14 0.00115 
   62   62    1    1    1    1    1    1    1    1  9.40912E+14 0.00121 
   63   63    1    1    1    1    1    1    1    1  7.85370E+14 0.00091 
   64   64    1    1    1    1    1    1    1    1  6.21284E+14 0.00099 
   65   65    1    1    1    1    1    1    1    1  6.14778E+14 0.00124 
   66   66    1    1    1    1    1    1    1    1  4.65527E+14 0.00147 
   67   67    1    1    1    1    1    1    1    1  3.81883E+14 0.00157 
   68   68    1    1    1    1    1    1    1    1  3.40648E+14 0.00179 
   69   69    1    1    1    1    1    1    1    1  4.11097E+14 0.00166 
   70   70    1    1    1    1    1    1    1    1  3.51834E+14 0.00202 
   71   71    1    1    1    1    1    1    1    1  6.54477E+14 0.00123 
   72   72    1    1    1    1    1    1    1    1  4.72492E+14 0.00152 
   73   73    1    1    1    1    1    1    1    1  3.58547E+14 0.00149 
   74   74    1    1    1    1    1    1    1    1  2.85934E+14 0.00173 
   75   75    1    1    1    1    1    1    1    1  2.33654E+14 0.00195 
   76   76    1    1    1    1    1    1    1    1  2.66198E+14 0.00136 
   77   77    1    1    1    1    1    1    1    1  2.06740E+14 0.00179 
   78   78    1    1    1    1    1    1    1    1  1.61153E+14 0.00292 
   79   79    1    1    1    1    1    1    1    1  1.65787E+14 0.00198 
   80   80    1    1    1    1    1    1    1    1  1.22930E+14 0.00219 
   81   81    1    1    1    1    1    1    1    1  9.38354E+13 0.00257 
   82   82    1    1    1    1    1    1    1    1  7.25079E+13 0.00249 
   83   83    1    1    1    1    1    1    1    1  6.75428E+13 0.00323 
   84   84    1    1    1    1    1    1    1    1  4.87876E+13 0.00344 
   85   85    1    1    1    1    1    1    1    1  3.49529E+13 0.00455 
   86   86    1    1    1    1    1    1    1    1  3.27803E+13 0.00431 
   87   87    1    1    1    1    1    1    1    1  2.03855E+13 0.00573 
   88   88    1    1    1    1    1    1    1    1  1.39160E+13 0.00879 
   89   89    1    1    1    1    1    1    1    1  7.96693E+12 0.00924 
   90   90    1    1    1    1    1    1    1    1  5.33360E+12 0.00968 
   91   91    1    1    1    1    1    1    1    1  2.67441E+12 0.01698 
   92   92    1    1    1    1    1    1    1    1  1.36613E+12 0.01975 
   93   93    1    1    1    1    1    1    1    1  6.69408E+11 0.02860 
   94   94    1    1    1    1    1    1    1    1  3.10166E+11 0.03454 
   95   95    1    1    1    1    1    1    1    1  1.35932E+11 0.05548 
   96   96    1    1    1    1    1    1    1    1  7.38152E+10 0.09013 
   97   97    1    1    1    1    1    1    1    1  3.49084E+10 0.12186 
   98   98    1    1    1    1    1    1    1    1  1.51872E+10 0.19292 
   99   99    1    1    1    1    1    1    1    1  7.83588E+09 0.24216 
  100  100    1    1    1    1    1    1    1    1  5.93551E+09 0.30105 
];


