
DETdpaspec = [
    1    1    1    1    1    1    1    1    1    1  0.00000E+00 0.00000 
    2    2    1    1    1    1    1    1    1    1  0.00000E+00 0.00000 
    3    3    1    1    1    1    1    1    1    1  0.00000E+00 0.00000 
    4    4    1    1    1    1    1    1    1    1  0.00000E+00 0.00000 
    5    5    1    1    1    1    1    1    1    1  0.00000E+00 0.00000 
    6    6    1    1    1    1    1    1    1    1  0.00000E+00 0.00000 
    7    7    1    1    1    1    1    1    1    1  0.00000E+00 0.00000 
    8    8    1    1    1    1    1    1    1    1  0.00000E+00 0.00000 
    9    9    1    1    1    1    1    1    1    1  3.14551E+07 0.56694 
   10   10    1    1    1    1    1    1    1    1  2.52029E+08 0.44646 
   11   11    1    1    1    1    1    1    1    1  3.77455E+08 0.40147 
   12   12    1    1    1    1    1    1    1    1  1.42240E+08 0.47861 
   13   13    1    1    1    1    1    1    1    1  6.67138E+08 0.48947 
   14   14    1    1    1    1    1    1    1    1  3.26637E+09 0.26404 
   15   15    1    1    1    1    1    1    1    1  3.52842E+09 0.27571 
   16   16    1    1    1    1    1    1    1    1  1.62605E+09 0.23866 
   17   17    1    1    1    1    1    1    1    1  5.40016E+09 0.15967 
   18   18    1    1    1    1    1    1    1    1  1.70466E+10 0.13745 
   19   19    1    1    1    1    1    1    1    1  1.39018E+10 0.08511 
   20   20    1    1    1    1    1    1    1    1  4.53999E+10 0.08447 
   21   21    1    1    1    1    1    1    1    1  3.79091E+10 0.07170 
   22   22    1    1    1    1    1    1    1    1  1.00706E+11 0.05141 
   23   23    1    1    1    1    1    1    1    1  1.42700E+11 0.03876 
   24   24    1    1    1    1    1    1    1    1  1.92696E+11 0.05421 
   25   25    1    1    1    1    1    1    1    1  2.74894E+11 0.03713 
   26   26    1    1    1    1    1    1    1    1  4.73710E+11 0.03345 
   27   27    1    1    1    1    1    1    1    1  9.17393E+11 0.02719 
   28   28    1    1    1    1    1    1    1    1  1.62506E+12 0.01608 
   29   29    1    1    1    1    1    1    1    1  2.16737E+12 0.01381 
   30   30    1    1    1    1    1    1    1    1  6.44742E+12 0.01008 
   31   31    1    1    1    1    1    1    1    1  1.60399E+13 0.00550 
   32   32    1    1    1    1    1    1    1    1  2.59258E+13 0.00462 
   33   33    1    1    1    1    1    1    1    1  5.16770E+13 0.00287 
   34   34    1    1    1    1    1    1    1    1  6.12869E+13 0.00326 
   35   35    1    1    1    1    1    1    1    1  9.00041E+13 0.00239 
   36   36    1    1    1    1    1    1    1    1  6.68040E+13 0.00198 
   37   37    1    1    1    1    1    1    1    1  2.12096E+13 0.00255 
   38   38    1    1    1    1    1    1    1    1  1.05408E+14 0.00242 
   39   39    1    1    1    1    1    1    1    1  1.33962E+14 0.00237 
   40   40    1    1    1    1    1    1    1    1  2.18556E+14 0.00229 
   41   41    1    1    1    1    1    1    1    1  2.18399E+14 0.00202 
   42   42    1    1    1    1    1    1    1    1  4.09307E+14 0.00167 
   43   43    1    1    1    1    1    1    1    1  4.61651E+14 0.00193 
   44   44    1    1    1    1    1    1    1    1  6.15188E+14 0.00146 
   45   45    1    1    1    1    1    1    1    1  1.11662E+15 0.00153 
   46   46    1    1    1    1    1    1    1    1  5.53420E+14 0.00177 
   47   47    1    1    1    1    1    1    1    1  8.45236E+14 0.00155 
   48   48    1    1    1    1    1    1    1    1  1.16472E+15 0.00130 
   49   49    1    1    1    1    1    1    1    1  1.10215E+15 0.00138 
   50   50    1    1    1    1    1    1    1    1  1.66134E+15 0.00155 
   51   51    1    1    1    1    1    1    1    1  1.33347E+15 0.00139 
   52   52    1    1    1    1    1    1    1    1  1.50033E+15 0.00144 
   53   53    1    1    1    1    1    1    1    1  1.06185E+15 0.00157 
   54   54    1    1    1    1    1    1    1    1  1.25745E+15 0.00167 
   55   55    1    1    1    1    1    1    1    1  8.81845E+14 0.00171 
   56   56    1    1    1    1    1    1    1    1  1.21603E+14 0.00214 
   57   57    1    1    1    1    1    1    1    1  1.73108E+15 0.00159 
   58   58    1    1    1    1    1    1    1    1  7.40037E+14 0.00169 
   59   59    1    1    1    1    1    1    1    1  8.01534E+14 0.00161 
   60   60    1    1    1    1    1    1    1    1  6.11664E+14 0.00152 
   61   61    1    1    1    1    1    1    1    1  6.14390E+14 0.00138 
   62   62    1    1    1    1    1    1    1    1  6.24265E+14 0.00176 
   63   63    1    1    1    1    1    1    1    1  5.17964E+14 0.00182 
   64   64    1    1    1    1    1    1    1    1  4.08328E+14 0.00185 
   65   65    1    1    1    1    1    1    1    1  4.02928E+14 0.00193 
   66   66    1    1    1    1    1    1    1    1  3.04045E+14 0.00204 
   67   67    1    1    1    1    1    1    1    1  2.50136E+14 0.00159 
   68   68    1    1    1    1    1    1    1    1  2.23991E+14 0.00219 
   69   69    1    1    1    1    1    1    1    1  2.69892E+14 0.00182 
   70   70    1    1    1    1    1    1    1    1  2.30816E+14 0.00214 
   71   71    1    1    1    1    1    1    1    1  4.35577E+14 0.00211 
   72   72    1    1    1    1    1    1    1    1  3.13886E+14 0.00208 
   73   73    1    1    1    1    1    1    1    1  2.37479E+14 0.00197 
   74   74    1    1    1    1    1    1    1    1  1.87714E+14 0.00184 
   75   75    1    1    1    1    1    1    1    1  1.50493E+14 0.00239 
   76   76    1    1    1    1    1    1    1    1  1.70135E+14 0.00277 
   77   77    1    1    1    1    1    1    1    1  1.30661E+14 0.00221 
   78   78    1    1    1    1    1    1    1    1  1.00802E+14 0.00295 
   79   79    1    1    1    1    1    1    1    1  1.02313E+14 0.00274 
   80   80    1    1    1    1    1    1    1    1  7.55564E+13 0.00322 
   81   81    1    1    1    1    1    1    1    1  5.77864E+13 0.00294 
   82   82    1    1    1    1    1    1    1    1  4.41380E+13 0.00423 
   83   83    1    1    1    1    1    1    1    1  4.14145E+13 0.00405 
   84   84    1    1    1    1    1    1    1    1  2.95364E+13 0.00366 
   85   85    1    1    1    1    1    1    1    1  2.13715E+13 0.00537 
   86   86    1    1    1    1    1    1    1    1  1.99054E+13 0.00603 
   87   87    1    1    1    1    1    1    1    1  1.23261E+13 0.00735 
   88   88    1    1    1    1    1    1    1    1  8.37094E+12 0.00698 
   89   89    1    1    1    1    1    1    1    1  4.83905E+12 0.00611 
   90   90    1    1    1    1    1    1    1    1  3.26832E+12 0.01488 
   91   91    1    1    1    1    1    1    1    1  1.63596E+12 0.01275 
   92   92    1    1    1    1    1    1    1    1  7.41869E+11 0.02708 
   93   93    1    1    1    1    1    1    1    1  3.89082E+11 0.03462 
   94   94    1    1    1    1    1    1    1    1  1.69774E+11 0.04902 
   95   95    1    1    1    1    1    1    1    1  9.49706E+10 0.08815 
   96   96    1    1    1    1    1    1    1    1  5.58483E+10 0.08931 
   97   97    1    1    1    1    1    1    1    1  1.94868E+10 0.19531 
   98   98    1    1    1    1    1    1    1    1  1.10548E+10 0.20837 
   99   99    1    1    1    1    1    1    1    1  2.89186E+09 0.38351 
  100  100    1    1    1    1    1    1    1    1  4.02228E+09 0.35862 
];


