
DETdpaspec = [
    1    1    1    1    1    1    1    1    1    1  0.00000E+00 0.00000 
    2    2    1    1    1    1    1    1    1    1  0.00000E+00 0.00000 
    3    3    1    1    1    1    1    1    1    1  0.00000E+00 0.00000 
    4    4    1    1    1    1    1    1    1    1  3.95955E+07 1.00000 
    5    5    1    1    1    1    1    1    1    1  0.00000E+00 0.00000 
    6    6    1    1    1    1    1    1    1    1  0.00000E+00 0.00000 
    7    7    1    1    1    1    1    1    1    1  0.00000E+00 0.00000 
    8    8    1    1    1    1    1    1    1    1  3.72051E+07 0.75977 
    9    9    1    1    1    1    1    1    1    1  9.14873E+06 1.00000 
   10   10    1    1    1    1    1    1    1    1  1.18284E+08 1.00000 
   11   11    1    1    1    1    1    1    1    1  6.48203E+07 1.00000 
   12   12    1    1    1    1    1    1    1    1  1.55070E+08 0.54920 
   13   13    1    1    1    1    1    1    1    1  2.43177E+09 0.58309 
   14   14    1    1    1    1    1    1    1    1  5.42438E+09 0.38824 
   15   15    1    1    1    1    1    1    1    1  6.20295E+09 0.42051 
   16   16    1    1    1    1    1    1    1    1  2.03442E+09 0.49299 
   17   17    1    1    1    1    1    1    1    1  2.91451E+09 0.41978 
   18   18    1    1    1    1    1    1    1    1  5.66887E+09 0.24871 
   19   19    1    1    1    1    1    1    1    1  4.79181E+09 0.29295 
   20   20    1    1    1    1    1    1    1    1  2.50085E+10 0.15589 
   21   21    1    1    1    1    1    1    1    1  1.83979E+10 0.15533 
   22   22    1    1    1    1    1    1    1    1  4.37754E+10 0.10316 
   23   23    1    1    1    1    1    1    1    1  1.33079E+11 0.04615 
   24   24    1    1    1    1    1    1    1    1  3.71719E+11 0.03883 
   25   25    1    1    1    1    1    1    1    1  6.64920E+11 0.03301 
   26   26    1    1    1    1    1    1    1    1  1.43914E+12 0.02057 
   27   27    1    1    1    1    1    1    1    1  3.10007E+12 0.01472 
   28   28    1    1    1    1    1    1    1    1  7.05026E+12 0.01050 
   29   29    1    1    1    1    1    1    1    1  1.13461E+13 0.00607 
   30   30    1    1    1    1    1    1    1    1  2.29908E+13 0.00588 
   31   31    1    1    1    1    1    1    1    1  5.10190E+13 0.00367 
   32   32    1    1    1    1    1    1    1    1  7.50214E+13 0.00315 
   33   33    1    1    1    1    1    1    1    1  1.47773E+14 0.00239 
   34   34    1    1    1    1    1    1    1    1  1.84580E+14 0.00224 
   35   35    1    1    1    1    1    1    1    1  2.12057E+14 0.00177 
   36   36    1    1    1    1    1    1    1    1  1.43119E+14 0.00140 
   37   37    1    1    1    1    1    1    1    1  4.23928E+13 0.00166 
   38   38    1    1    1    1    1    1    1    1  2.26558E+14 0.00169 
   39   39    1    1    1    1    1    1    1    1  2.88694E+14 0.00134 
   40   40    1    1    1    1    1    1    1    1  4.88928E+14 0.00111 
   41   41    1    1    1    1    1    1    1    1  4.58113E+14 0.00090 
   42   42    1    1    1    1    1    1    1    1  9.07807E+14 0.00106 
   43   43    1    1    1    1    1    1    1    1  1.02775E+15 0.00090 
   44   44    1    1    1    1    1    1    1    1  1.38122E+15 0.00089 
   45   45    1    1    1    1    1    1    1    1  2.59273E+15 0.00062 
   46   46    1    1    1    1    1    1    1    1  1.26341E+15 0.00074 
   47   47    1    1    1    1    1    1    1    1  1.88795E+15 0.00051 
   48   48    1    1    1    1    1    1    1    1  2.62230E+15 0.00058 
   49   49    1    1    1    1    1    1    1    1  2.43512E+15 0.00072 
   50   50    1    1    1    1    1    1    1    1  3.82306E+15 0.00068 
   51   51    1    1    1    1    1    1    1    1  2.95190E+15 0.00052 
   52   52    1    1    1    1    1    1    1    1  3.48356E+15 0.00074 
   53   53    1    1    1    1    1    1    1    1  2.43067E+15 0.00058 
   54   54    1    1    1    1    1    1    1    1  3.01491E+15 0.00065 
   55   55    1    1    1    1    1    1    1    1  2.09527E+15 0.00078 
   56   56    1    1    1    1    1    1    1    1  2.85710E+14 0.00135 
   57   57    1    1    1    1    1    1    1    1  4.09982E+15 0.00075 
   58   58    1    1    1    1    1    1    1    1  1.85687E+15 0.00093 
   59   59    1    1    1    1    1    1    1    1  1.97928E+15 0.00088 
   60   60    1    1    1    1    1    1    1    1  1.58208E+15 0.00096 
   61   61    1    1    1    1    1    1    1    1  1.57540E+15 0.00096 
   62   62    1    1    1    1    1    1    1    1  1.61384E+15 0.00084 
   63   63    1    1    1    1    1    1    1    1  1.35657E+15 0.00084 
   64   64    1    1    1    1    1    1    1    1  1.07392E+15 0.00092 
   65   65    1    1    1    1    1    1    1    1  1.05986E+15 0.00102 
   66   66    1    1    1    1    1    1    1    1  8.03247E+14 0.00101 
   67   67    1    1    1    1    1    1    1    1  6.52295E+14 0.00085 
   68   68    1    1    1    1    1    1    1    1  5.79471E+14 0.00101 
   69   69    1    1    1    1    1    1    1    1  6.98485E+14 0.00113 
   70   70    1    1    1    1    1    1    1    1  5.94596E+14 0.00139 
   71   71    1    1    1    1    1    1    1    1  1.07661E+15 0.00079 
   72   72    1    1    1    1    1    1    1    1  7.68512E+14 0.00098 
   73   73    1    1    1    1    1    1    1    1  5.85812E+14 0.00121 
   74   74    1    1    1    1    1    1    1    1  4.76868E+14 0.00181 
   75   75    1    1    1    1    1    1    1    1  3.99997E+14 0.00143 
   76   76    1    1    1    1    1    1    1    1  4.66144E+14 0.00136 
   77   77    1    1    1    1    1    1    1    1  3.71758E+14 0.00166 
   78   78    1    1    1    1    1    1    1    1  2.94136E+14 0.00146 
   79   79    1    1    1    1    1    1    1    1  3.06143E+14 0.00111 
   80   80    1    1    1    1    1    1    1    1  2.28697E+14 0.00214 
   81   81    1    1    1    1    1    1    1    1  1.76987E+14 0.00200 
   82   82    1    1    1    1    1    1    1    1  1.36031E+14 0.00212 
   83   83    1    1    1    1    1    1    1    1  1.27469E+14 0.00209 
   84   84    1    1    1    1    1    1    1    1  9.14215E+13 0.00200 
   85   85    1    1    1    1    1    1    1    1  6.60157E+13 0.00251 
   86   86    1    1    1    1    1    1    1    1  6.15488E+13 0.00276 
   87   87    1    1    1    1    1    1    1    1  3.79798E+13 0.00436 
   88   88    1    1    1    1    1    1    1    1  2.53622E+13 0.00597 
   89   89    1    1    1    1    1    1    1    1  1.45627E+13 0.00576 
   90   90    1    1    1    1    1    1    1    1  9.50289E+12 0.00640 
   91   91    1    1    1    1    1    1    1    1  4.76039E+12 0.00934 
   92   92    1    1    1    1    1    1    1    1  2.32264E+12 0.01603 
   93   93    1    1    1    1    1    1    1    1  1.10345E+12 0.02028 
   94   94    1    1    1    1    1    1    1    1  5.23795E+11 0.03082 
   95   95    1    1    1    1    1    1    1    1  2.56694E+11 0.03897 
   96   96    1    1    1    1    1    1    1    1  1.25722E+11 0.07006 
   97   97    1    1    1    1    1    1    1    1  5.45956E+10 0.08359 
   98   98    1    1    1    1    1    1    1    1  3.45790E+10 0.12113 
   99   99    1    1    1    1    1    1    1    1  8.39767E+09 0.18055 
  100  100    1    1    1    1    1    1    1    1  1.23533E+10 0.20050 
];


