
DETdpaspec = [
    1    1    1    1    1    1    1    1    1    1  0.00000E+00 0.00000 
    2    2    1    1    1    1    1    1    1    1  0.00000E+00 0.00000 
    3    3    1    1    1    1    1    1    1    1  0.00000E+00 0.00000 
    4    4    1    1    1    1    1    1    1    1  0.00000E+00 0.00000 
    5    5    1    1    1    1    1    1    1    1  1.53657E+07 1.00000 
    6    6    1    1    1    1    1    1    1    1  1.25869E+07 1.00000 
    7    7    1    1    1    1    1    1    1    1  0.00000E+00 0.00000 
    8    8    1    1    1    1    1    1    1    1  1.58033E+07 1.00000 
    9    9    1    1    1    1    1    1    1    1  0.00000E+00 0.00000 
   10   10    1    1    1    1    1    1    1    1  0.00000E+00 0.00000 
   11   11    1    1    1    1    1    1    1    1  3.66958E+08 0.86472 
   12   12    1    1    1    1    1    1    1    1  4.04166E+07 0.75763 
   13   13    1    1    1    1    1    1    1    1  2.82692E+09 0.43826 
   14   14    1    1    1    1    1    1    1    1  4.85850E+09 0.66447 
   15   15    1    1    1    1    1    1    1    1  3.45139E+09 0.40089 
   16   16    1    1    1    1    1    1    1    1  3.09302E+09 0.41808 
   17   17    1    1    1    1    1    1    1    1  3.74861E+09 0.26307 
   18   18    1    1    1    1    1    1    1    1  6.57743E+09 0.23114 
   19   19    1    1    1    1    1    1    1    1  6.45928E+09 0.22841 
   20   20    1    1    1    1    1    1    1    1  2.18899E+10 0.14379 
   21   21    1    1    1    1    1    1    1    1  2.20362E+10 0.12033 
   22   22    1    1    1    1    1    1    1    1  4.63359E+10 0.08818 
   23   23    1    1    1    1    1    1    1    1  8.49293E+10 0.06297 
   24   24    1    1    1    1    1    1    1    1  1.70358E+11 0.04519 
   25   25    1    1    1    1    1    1    1    1  2.88421E+11 0.04226 
   26   26    1    1    1    1    1    1    1    1  6.67958E+11 0.02258 
   27   27    1    1    1    1    1    1    1    1  1.47009E+12 0.01565 
   28   28    1    1    1    1    1    1    1    1  3.55183E+12 0.01299 
   29   29    1    1    1    1    1    1    1    1  5.87813E+12 0.00929 
   30   30    1    1    1    1    1    1    1    1  1.32099E+13 0.00796 
   31   31    1    1    1    1    1    1    1    1  3.29555E+13 0.00415 
   32   32    1    1    1    1    1    1    1    1  5.15863E+13 0.00293 
   33   33    1    1    1    1    1    1    1    1  1.06668E+14 0.00224 
   34   34    1    1    1    1    1    1    1    1  1.37249E+14 0.00207 
   35   35    1    1    1    1    1    1    1    1  1.69147E+14 0.00203 
   36   36    1    1    1    1    1    1    1    1  1.18660E+14 0.00219 
   37   37    1    1    1    1    1    1    1    1  3.57547E+13 0.00198 
   38   38    1    1    1    1    1    1    1    1  1.90415E+14 0.00149 
   39   39    1    1    1    1    1    1    1    1  2.44706E+14 0.00144 
   40   40    1    1    1    1    1    1    1    1  4.17005E+14 0.00115 
   41   41    1    1    1    1    1    1    1    1  3.98438E+14 0.00158 
   42   42    1    1    1    1    1    1    1    1  7.90154E+14 0.00106 
   43   43    1    1    1    1    1    1    1    1  9.04326E+14 0.00095 
   44   44    1    1    1    1    1    1    1    1  1.22479E+15 0.00107 
   45   45    1    1    1    1    1    1    1    1  2.32477E+15 0.00065 
   46   46    1    1    1    1    1    1    1    1  1.14736E+15 0.00078 
   47   47    1    1    1    1    1    1    1    1  1.72964E+15 0.00063 
   48   48    1    1    1    1    1    1    1    1  2.41676E+15 0.00067 
   49   49    1    1    1    1    1    1    1    1  2.26132E+15 0.00065 
   50   50    1    1    1    1    1    1    1    1  3.55851E+15 0.00048 
   51   51    1    1    1    1    1    1    1    1  2.78062E+15 0.00074 
   52   52    1    1    1    1    1    1    1    1  3.27843E+15 0.00060 
   53   53    1    1    1    1    1    1    1    1  2.30358E+15 0.00061 
   54   54    1    1    1    1    1    1    1    1  2.85161E+15 0.00065 
   55   55    1    1    1    1    1    1    1    1  1.99002E+15 0.00048 
   56   56    1    1    1    1    1    1    1    1  2.71696E+14 0.00087 
   57   57    1    1    1    1    1    1    1    1  3.90717E+15 0.00061 
   58   58    1    1    1    1    1    1    1    1  1.76210E+15 0.00070 
   59   59    1    1    1    1    1    1    1    1  1.88681E+15 0.00090 
   60   60    1    1    1    1    1    1    1    1  1.50277E+15 0.00080 
   61   61    1    1    1    1    1    1    1    1  1.50076E+15 0.00069 
   62   62    1    1    1    1    1    1    1    1  1.53946E+15 0.00065 
   63   63    1    1    1    1    1    1    1    1  1.29494E+15 0.00095 
   64   64    1    1    1    1    1    1    1    1  1.02618E+15 0.00103 
   65   65    1    1    1    1    1    1    1    1  1.01496E+15 0.00106 
   66   66    1    1    1    1    1    1    1    1  7.70480E+14 0.00111 
   67   67    1    1    1    1    1    1    1    1  6.28576E+14 0.00117 
   68   68    1    1    1    1    1    1    1    1  5.57913E+14 0.00109 
   69   69    1    1    1    1    1    1    1    1  6.74091E+14 0.00091 
   70   70    1    1    1    1    1    1    1    1  5.75553E+14 0.00080 
   71   71    1    1    1    1    1    1    1    1  1.05038E+15 0.00102 
   72   72    1    1    1    1    1    1    1    1  7.51519E+14 0.00147 
   73   73    1    1    1    1    1    1    1    1  5.75255E+14 0.00139 
   74   74    1    1    1    1    1    1    1    1  4.66982E+14 0.00121 
   75   75    1    1    1    1    1    1    1    1  3.89052E+14 0.00151 
   76   76    1    1    1    1    1    1    1    1  4.52435E+14 0.00106 
   77   77    1    1    1    1    1    1    1    1  3.58888E+14 0.00101 
   78   78    1    1    1    1    1    1    1    1  2.83987E+14 0.00139 
   79   79    1    1    1    1    1    1    1    1  2.95617E+14 0.00124 
   80   80    1    1    1    1    1    1    1    1  2.20052E+14 0.00144 
   81   81    1    1    1    1    1    1    1    1  1.70005E+14 0.00164 
   82   82    1    1    1    1    1    1    1    1  1.30809E+14 0.00230 
   83   83    1    1    1    1    1    1    1    1  1.22186E+14 0.00214 
   84   84    1    1    1    1    1    1    1    1  8.81830E+13 0.00240 
   85   85    1    1    1    1    1    1    1    1  6.35308E+13 0.00271 
   86   86    1    1    1    1    1    1    1    1  5.93669E+13 0.00286 
   87   87    1    1    1    1    1    1    1    1  3.64626E+13 0.00463 
   88   88    1    1    1    1    1    1    1    1  2.46570E+13 0.00443 
   89   89    1    1    1    1    1    1    1    1  1.39056E+13 0.00691 
   90   90    1    1    1    1    1    1    1    1  9.45062E+12 0.00951 
   91   91    1    1    1    1    1    1    1    1  4.70529E+12 0.01109 
   92   92    1    1    1    1    1    1    1    1  2.22776E+12 0.01219 
   93   93    1    1    1    1    1    1    1    1  1.08340E+12 0.02303 
   94   94    1    1    1    1    1    1    1    1  5.29719E+11 0.03462 
   95   95    1    1    1    1    1    1    1    1  2.49197E+11 0.05380 
   96   96    1    1    1    1    1    1    1    1  1.32503E+11 0.06851 
   97   97    1    1    1    1    1    1    1    1  6.11982E+10 0.11557 
   98   98    1    1    1    1    1    1    1    1  2.00858E+10 0.16856 
   99   99    1    1    1    1    1    1    1    1  1.17630E+10 0.25619 
  100  100    1    1    1    1    1    1    1    1  9.66423E+09 0.19318 
];


