
DETdpaspec = [
    1    1    1    1    1    1    1    1    1    1  0.00000E+00 0.00000 
    2    2    1    1    1    1    1    1    1    1  0.00000E+00 0.00000 
    3    3    1    1    1    1    1    1    1    1  0.00000E+00 0.00000 
    4    4    1    1    1    1    1    1    1    1  0.00000E+00 0.00000 
    5    5    1    1    1    1    1    1    1    1  0.00000E+00 0.00000 
    6    6    1    1    1    1    1    1    1    1  0.00000E+00 0.00000 
    7    7    1    1    1    1    1    1    1    1  1.16985E+07 1.00000 
    8    8    1    1    1    1    1    1    1    1  0.00000E+00 0.00000 
    9    9    1    1    1    1    1    1    1    1  9.61555E+06 1.00000 
   10   10    1    1    1    1    1    1    1    1  0.00000E+00 0.00000 
   11   11    1    1    1    1    1    1    1    1  5.49884E+07 1.00000 
   12   12    1    1    1    1    1    1    1    1  5.17711E+07 0.70579 
   13   13    1    1    1    1    1    1    1    1  1.67630E+09 0.50667 
   14   14    1    1    1    1    1    1    1    1  2.68989E+09 0.34402 
   15   15    1    1    1    1    1    1    1    1  5.07926E+09 0.28094 
   16   16    1    1    1    1    1    1    1    1  1.97204E+09 0.30940 
   17   17    1    1    1    1    1    1    1    1  3.59153E+09 0.16229 
   18   18    1    1    1    1    1    1    1    1  6.20782E+09 0.22159 
   19   19    1    1    1    1    1    1    1    1  8.27563E+09 0.13309 
   20   20    1    1    1    1    1    1    1    1  2.99585E+10 0.13925 
   21   21    1    1    1    1    1    1    1    1  2.17836E+10 0.15486 
   22   22    1    1    1    1    1    1    1    1  5.63657E+10 0.08402 
   23   23    1    1    1    1    1    1    1    1  8.91528E+10 0.06313 
   24   24    1    1    1    1    1    1    1    1  1.53744E+11 0.06525 
   25   25    1    1    1    1    1    1    1    1  2.12807E+11 0.03965 
   26   26    1    1    1    1    1    1    1    1  4.10157E+11 0.02567 
   27   27    1    1    1    1    1    1    1    1  8.74159E+11 0.02743 
   28   28    1    1    1    1    1    1    1    1  1.99165E+12 0.01969 
   29   29    1    1    1    1    1    1    1    1  3.11993E+12 0.01353 
   30   30    1    1    1    1    1    1    1    1  8.20146E+12 0.00896 
   31   31    1    1    1    1    1    1    1    1  2.21073E+13 0.00533 
   32   32    1    1    1    1    1    1    1    1  3.61349E+13 0.00520 
   33   33    1    1    1    1    1    1    1    1  7.70102E+13 0.00317 
   34   34    1    1    1    1    1    1    1    1  9.92907E+13 0.00218 
   35   35    1    1    1    1    1    1    1    1  1.32723E+14 0.00226 
   36   36    1    1    1    1    1    1    1    1  9.64111E+13 0.00210 
   37   37    1    1    1    1    1    1    1    1  2.96645E+13 0.00180 
   38   38    1    1    1    1    1    1    1    1  1.55947E+14 0.00207 
   39   39    1    1    1    1    1    1    1    1  2.01016E+14 0.00216 
   40   40    1    1    1    1    1    1    1    1  3.42808E+14 0.00152 
   41   41    1    1    1    1    1    1    1    1  3.34100E+14 0.00153 
   42   42    1    1    1    1    1    1    1    1  6.59707E+14 0.00127 
   43   43    1    1    1    1    1    1    1    1  7.57309E+14 0.00105 
   44   44    1    1    1    1    1    1    1    1  1.03127E+15 0.00094 
   45   45    1    1    1    1    1    1    1    1  1.95697E+15 0.00076 
   46   46    1    1    1    1    1    1    1    1  9.76159E+14 0.00072 
   47   47    1    1    1    1    1    1    1    1  1.48127E+15 0.00074 
   48   48    1    1    1    1    1    1    1    1  2.07625E+15 0.00078 
   49   49    1    1    1    1    1    1    1    1  1.95799E+15 0.00069 
   50   50    1    1    1    1    1    1    1    1  3.05967E+15 0.00066 
   51   51    1    1    1    1    1    1    1    1  2.41760E+15 0.00071 
   52   52    1    1    1    1    1    1    1    1  2.82401E+15 0.00094 
   53   53    1    1    1    1    1    1    1    1  1.99316E+15 0.00089 
   54   54    1    1    1    1    1    1    1    1  2.44467E+15 0.00064 
   55   55    1    1    1    1    1    1    1    1  1.70903E+15 0.00071 
   56   56    1    1    1    1    1    1    1    1  2.33721E+14 0.00117 
   57   57    1    1    1    1    1    1    1    1  3.36220E+15 0.00074 
   58   58    1    1    1    1    1    1    1    1  1.49536E+15 0.00062 
   59   59    1    1    1    1    1    1    1    1  1.60879E+15 0.00080 
   60   60    1    1    1    1    1    1    1    1  1.26963E+15 0.00074 
   61   61    1    1    1    1    1    1    1    1  1.26989E+15 0.00071 
   62   62    1    1    1    1    1    1    1    1  1.30043E+15 0.00069 
   63   63    1    1    1    1    1    1    1    1  1.09396E+15 0.00089 
   64   64    1    1    1    1    1    1    1    1  8.67081E+14 0.00085 
   65   65    1    1    1    1    1    1    1    1  8.57204E+14 0.00081 
   66   66    1    1    1    1    1    1    1    1  6.50519E+14 0.00104 
   67   67    1    1    1    1    1    1    1    1  5.32320E+14 0.00134 
   68   68    1    1    1    1    1    1    1    1  4.73252E+14 0.00121 
   69   69    1    1    1    1    1    1    1    1  5.73674E+14 0.00119 
   70   70    1    1    1    1    1    1    1    1  4.91221E+14 0.00115 
   71   71    1    1    1    1    1    1    1    1  9.02082E+14 0.00142 
   72   72    1    1    1    1    1    1    1    1  6.49306E+14 0.00126 
   73   73    1    1    1    1    1    1    1    1  4.93850E+14 0.00150 
   74   74    1    1    1    1    1    1    1    1  3.98996E+14 0.00114 
   75   75    1    1    1    1    1    1    1    1  3.29988E+14 0.00123 
   76   76    1    1    1    1    1    1    1    1  3.80894E+14 0.00130 
   77   77    1    1    1    1    1    1    1    1  3.00739E+14 0.00135 
   78   78    1    1    1    1    1    1    1    1  2.35826E+14 0.00167 
   79   79    1    1    1    1    1    1    1    1  2.42917E+14 0.00150 
   80   80    1    1    1    1    1    1    1    1  1.81167E+14 0.00155 
   81   81    1    1    1    1    1    1    1    1  1.40049E+14 0.00233 
   82   82    1    1    1    1    1    1    1    1  1.08100E+14 0.00242 
   83   83    1    1    1    1    1    1    1    1  1.00560E+14 0.00265 
   84   84    1    1    1    1    1    1    1    1  7.25514E+13 0.00295 
   85   85    1    1    1    1    1    1    1    1  5.23038E+13 0.00310 
   86   86    1    1    1    1    1    1    1    1  4.85509E+13 0.00226 
   87   87    1    1    1    1    1    1    1    1  3.01561E+13 0.00399 
   88   88    1    1    1    1    1    1    1    1  2.01572E+13 0.00443 
   89   89    1    1    1    1    1    1    1    1  1.16742E+13 0.00727 
   90   90    1    1    1    1    1    1    1    1  7.67708E+12 0.00659 
   91   91    1    1    1    1    1    1    1    1  3.88138E+12 0.01126 
   92   92    1    1    1    1    1    1    1    1  1.88128E+12 0.01754 
   93   93    1    1    1    1    1    1    1    1  9.02913E+11 0.02229 
   94   94    1    1    1    1    1    1    1    1  4.42096E+11 0.03460 
   95   95    1    1    1    1    1    1    1    1  2.17473E+11 0.05169 
   96   96    1    1    1    1    1    1    1    1  9.27680E+10 0.05367 
   97   97    1    1    1    1    1    1    1    1  4.53867E+10 0.12335 
   98   98    1    1    1    1    1    1    1    1  2.28491E+10 0.18357 
   99   99    1    1    1    1    1    1    1    1  1.10264E+10 0.26908 
  100  100    1    1    1    1    1    1    1    1  1.05078E+10 0.22524 
];


