
DETdpaspec = [
    1    1    1    1    1    1    1    1    1    1  0.00000E+00 0.00000 
    2    2    1    1    1    1    1    1    1    1  0.00000E+00 0.00000 
    3    3    1    1    1    1    1    1    1    1  0.00000E+00 0.00000 
    4    4    1    1    1    1    1    1    1    1  0.00000E+00 0.00000 
    5    5    1    1    1    1    1    1    1    1  0.00000E+00 0.00000 
    6    6    1    1    1    1    1    1    1    1  0.00000E+00 0.00000 
    7    7    1    1    1    1    1    1    1    1  0.00000E+00 0.00000 
    8    8    1    1    1    1    1    1    1    1  0.00000E+00 0.00000 
    9    9    1    1    1    1    1    1    1    1  0.00000E+00 0.00000 
   10   10    1    1    1    1    1    1    1    1  0.00000E+00 0.00000 
   11   11    1    1    1    1    1    1    1    1  1.59701E+08 1.00000 
   12   12    1    1    1    1    1    1    1    1  2.60463E+07 1.00000 
   13   13    1    1    1    1    1    1    1    1  5.86116E+08 0.74540 
   14   14    1    1    1    1    1    1    1    1  1.44885E+09 0.33383 
   15   15    1    1    1    1    1    1    1    1  2.11862E+09 0.50654 
   16   16    1    1    1    1    1    1    1    1  4.22245E+08 0.40954 
   17   17    1    1    1    1    1    1    1    1  1.23616E+09 0.37531 
   18   18    1    1    1    1    1    1    1    1  2.84181E+09 0.19776 
   19   19    1    1    1    1    1    1    1    1  2.14767E+09 0.25794 
   20   20    1    1    1    1    1    1    1    1  8.14177E+09 0.15107 
   21   21    1    1    1    1    1    1    1    1  7.33646E+09 0.13627 
   22   22    1    1    1    1    1    1    1    1  1.40057E+10 0.12388 
   23   23    1    1    1    1    1    1    1    1  2.24050E+10 0.09449 
   24   24    1    1    1    1    1    1    1    1  3.86242E+10 0.06458 
   25   25    1    1    1    1    1    1    1    1  4.97372E+10 0.06034 
   26   26    1    1    1    1    1    1    1    1  7.52319E+10 0.06655 
   27   27    1    1    1    1    1    1    1    1  1.57527E+11 0.04834 
   28   28    1    1    1    1    1    1    1    1  3.26656E+11 0.02615 
   29   29    1    1    1    1    1    1    1    1  5.32386E+11 0.02712 
   30   30    1    1    1    1    1    1    1    1  1.49164E+12 0.01486 
   31   31    1    1    1    1    1    1    1    1  4.46462E+12 0.00722 
   32   32    1    1    1    1    1    1    1    1  8.22404E+12 0.00641 
   33   33    1    1    1    1    1    1    1    1  1.97580E+13 0.00433 
   34   34    1    1    1    1    1    1    1    1  2.74746E+13 0.00305 
   35   35    1    1    1    1    1    1    1    1  3.61463E+13 0.00291 
   36   36    1    1    1    1    1    1    1    1  2.46392E+13 0.00261 
   37   37    1    1    1    1    1    1    1    1  7.55754E+12 0.00269 
   38   38    1    1    1    1    1    1    1    1  4.21818E+13 0.00190 
   39   39    1    1    1    1    1    1    1    1  5.68567E+13 0.00237 
   40   40    1    1    1    1    1    1    1    1  9.80433E+13 0.00168 
   41   41    1    1    1    1    1    1    1    1  9.90295E+13 0.00152 
   42   42    1    1    1    1    1    1    1    1  2.11283E+14 0.00125 
   43   43    1    1    1    1    1    1    1    1  2.57346E+14 0.00073 
   44   44    1    1    1    1    1    1    1    1  3.74912E+14 0.00105 
   45   45    1    1    1    1    1    1    1    1  7.56391E+14 0.00069 
   46   46    1    1    1    1    1    1    1    1  3.59718E+14 0.00077 
   47   47    1    1    1    1    1    1    1    1  5.80220E+14 0.00081 
   48   48    1    1    1    1    1    1    1    1  8.19382E+14 0.00076 
   49   49    1    1    1    1    1    1    1    1  8.14267E+14 0.00065 
   50   50    1    1    1    1    1    1    1    1  1.28547E+15 0.00057 
   51   51    1    1    1    1    1    1    1    1  1.03647E+15 0.00071 
   52   52    1    1    1    1    1    1    1    1  1.24350E+15 0.00062 
   53   53    1    1    1    1    1    1    1    1  8.72427E+14 0.00048 
   54   54    1    1    1    1    1    1    1    1  1.07623E+15 0.00065 
   55   55    1    1    1    1    1    1    1    1  7.46474E+14 0.00058 
   56   56    1    1    1    1    1    1    1    1  1.01813E+14 0.00108 
   57   57    1    1    1    1    1    1    1    1  1.49401E+15 0.00046 
   58   58    1    1    1    1    1    1    1    1  6.71289E+14 0.00083 
   59   59    1    1    1    1    1    1    1    1  7.18795E+14 0.00074 
   60   60    1    1    1    1    1    1    1    1  5.63603E+14 0.00061 
   61   61    1    1    1    1    1    1    1    1  5.66779E+14 0.00074 
   62   62    1    1    1    1    1    1    1    1  5.91777E+14 0.00066 
   63   63    1    1    1    1    1    1    1    1  5.01015E+14 0.00092 
   64   64    1    1    1    1    1    1    1    1  4.01222E+14 0.00085 
   65   65    1    1    1    1    1    1    1    1  3.99661E+14 0.00098 
   66   66    1    1    1    1    1    1    1    1  2.91477E+14 0.00100 
   67   67    1    1    1    1    1    1    1    1  2.37694E+14 0.00101 
   68   68    1    1    1    1    1    1    1    1  2.13107E+14 0.00107 
   69   69    1    1    1    1    1    1    1    1  2.56589E+14 0.00141 
   70   70    1    1    1    1    1    1    1    1  2.19112E+14 0.00107 
   71   71    1    1    1    1    1    1    1    1  4.02389E+14 0.00071 
   72   72    1    1    1    1    1    1    1    1  2.86201E+14 0.00102 
   73   73    1    1    1    1    1    1    1    1  2.17011E+14 0.00109 
   74   74    1    1    1    1    1    1    1    1  1.74712E+14 0.00129 
   75   75    1    1    1    1    1    1    1    1  1.44877E+14 0.00137 
   76   76    1    1    1    1    1    1    1    1  1.68337E+14 0.00099 
   77   77    1    1    1    1    1    1    1    1  1.33359E+14 0.00164 
   78   78    1    1    1    1    1    1    1    1  1.06232E+14 0.00175 
   79   79    1    1    1    1    1    1    1    1  1.09404E+14 0.00120 
   80   80    1    1    1    1    1    1    1    1  8.11116E+13 0.00187 
   81   81    1    1    1    1    1    1    1    1  6.26962E+13 0.00221 
   82   82    1    1    1    1    1    1    1    1  4.78133E+13 0.00250 
   83   83    1    1    1    1    1    1    1    1  4.48269E+13 0.00173 
   84   84    1    1    1    1    1    1    1    1  3.21980E+13 0.00218 
   85   85    1    1    1    1    1    1    1    1  2.33307E+13 0.00340 
   86   86    1    1    1    1    1    1    1    1  2.16490E+13 0.00385 
   87   87    1    1    1    1    1    1    1    1  1.33391E+13 0.00377 
   88   88    1    1    1    1    1    1    1    1  9.01803E+12 0.00616 
   89   89    1    1    1    1    1    1    1    1  5.18827E+12 0.00637 
   90   90    1    1    1    1    1    1    1    1  3.41134E+12 0.01152 
   91   91    1    1    1    1    1    1    1    1  1.73270E+12 0.01357 
   92   92    1    1    1    1    1    1    1    1  8.42022E+11 0.01882 
   93   93    1    1    1    1    1    1    1    1  4.27105E+11 0.02917 
   94   94    1    1    1    1    1    1    1    1  1.91323E+11 0.03808 
   95   95    1    1    1    1    1    1    1    1  9.30666E+10 0.04320 
   96   96    1    1    1    1    1    1    1    1  4.21833E+10 0.09470 
   97   97    1    1    1    1    1    1    1    1  2.03491E+10 0.09277 
   98   98    1    1    1    1    1    1    1    1  9.29523E+09 0.11802 
   99   99    1    1    1    1    1    1    1    1  4.87926E+09 0.25236 
  100  100    1    1    1    1    1    1    1    1  4.59750E+09 0.22718 
];


