
DETdpaspec = [
    1    1    1    1    1    1    1    1    1    1  0.00000E+00 0.00000 
    2    2    1    1    1    1    1    1    1    1  0.00000E+00 0.00000 
    3    3    1    1    1    1    1    1    1    1  0.00000E+00 0.00000 
    4    4    1    1    1    1    1    1    1    1  5.09922E+06 1.00000 
    5    5    1    1    1    1    1    1    1    1  0.00000E+00 0.00000 
    6    6    1    1    1    1    1    1    1    1  0.00000E+00 0.00000 
    7    7    1    1    1    1    1    1    1    1  8.99497E+06 1.00000 
    8    8    1    1    1    1    1    1    1    1  0.00000E+00 0.00000 
    9    9    1    1    1    1    1    1    1    1  0.00000E+00 0.00000 
   10   10    1    1    1    1    1    1    1    1  2.14792E+07 1.00000 
   11   11    1    1    1    1    1    1    1    1  1.76926E+08 0.84595 
   12   12    1    1    1    1    1    1    1    1  0.00000E+00 0.00000 
   13   13    1    1    1    1    1    1    1    1  7.51655E+08 0.46198 
   14   14    1    1    1    1    1    1    1    1  1.75592E+09 0.42073 
   15   15    1    1    1    1    1    1    1    1  1.91725E+09 0.41489 
   16   16    1    1    1    1    1    1    1    1  6.19880E+08 0.41634 
   17   17    1    1    1    1    1    1    1    1  1.52280E+09 0.20582 
   18   18    1    1    1    1    1    1    1    1  2.90545E+09 0.21735 
   19   19    1    1    1    1    1    1    1    1  3.38696E+09 0.19730 
   20   20    1    1    1    1    1    1    1    1  9.90254E+09 0.11241 
   21   21    1    1    1    1    1    1    1    1  9.60269E+09 0.11557 
   22   22    1    1    1    1    1    1    1    1  1.93268E+10 0.13227 
   23   23    1    1    1    1    1    1    1    1  3.43645E+10 0.07362 
   24   24    1    1    1    1    1    1    1    1  5.20194E+10 0.05997 
   25   25    1    1    1    1    1    1    1    1  5.78079E+10 0.06838 
   26   26    1    1    1    1    1    1    1    1  1.01737E+11 0.05459 
   27   27    1    1    1    1    1    1    1    1  1.86628E+11 0.02869 
   28   28    1    1    1    1    1    1    1    1  3.39157E+11 0.02593 
   29   29    1    1    1    1    1    1    1    1  4.98104E+11 0.02254 
   30   30    1    1    1    1    1    1    1    1  1.43317E+12 0.01604 
   31   31    1    1    1    1    1    1    1    1  4.25380E+12 0.00821 
   32   32    1    1    1    1    1    1    1    1  8.02866E+12 0.00683 
   33   33    1    1    1    1    1    1    1    1  1.86323E+13 0.00457 
   34   34    1    1    1    1    1    1    1    1  2.53455E+13 0.00371 
   35   35    1    1    1    1    1    1    1    1  3.55195E+13 0.00268 
   36   36    1    1    1    1    1    1    1    1  2.48763E+13 0.00272 
   37   37    1    1    1    1    1    1    1    1  7.74374E+12 0.00223 
   38   38    1    1    1    1    1    1    1    1  4.23997E+13 0.00218 
   39   39    1    1    1    1    1    1    1    1  5.71166E+13 0.00172 
   40   40    1    1    1    1    1    1    1    1  9.69936E+13 0.00197 
   41   41    1    1    1    1    1    1    1    1  1.00110E+14 0.00212 
   42   42    1    1    1    1    1    1    1    1  2.09180E+14 0.00157 
   43   43    1    1    1    1    1    1    1    1  2.53294E+14 0.00116 
   44   44    1    1    1    1    1    1    1    1  3.67345E+14 0.00087 
   45   45    1    1    1    1    1    1    1    1  7.29547E+14 0.00092 
   46   46    1    1    1    1    1    1    1    1  3.50687E+14 0.00089 
   47   47    1    1    1    1    1    1    1    1  5.69562E+14 0.00062 
   48   48    1    1    1    1    1    1    1    1  8.00600E+14 0.00092 
   49   49    1    1    1    1    1    1    1    1  8.00048E+14 0.00101 
   50   50    1    1    1    1    1    1    1    1  1.24850E+15 0.00061 
   51   51    1    1    1    1    1    1    1    1  1.01614E+15 0.00060 
   52   52    1    1    1    1    1    1    1    1  1.20174E+15 0.00067 
   53   53    1    1    1    1    1    1    1    1  8.46755E+14 0.00075 
   54   54    1    1    1    1    1    1    1    1  1.02857E+15 0.00054 
   55   55    1    1    1    1    1    1    1    1  7.16293E+14 0.00059 
   56   56    1    1    1    1    1    1    1    1  9.82595E+13 0.00113 
   57   57    1    1    1    1    1    1    1    1  1.43240E+15 0.00062 
   58   58    1    1    1    1    1    1    1    1  6.31198E+14 0.00065 
   59   59    1    1    1    1    1    1    1    1  6.79796E+14 0.00074 
   60   60    1    1    1    1    1    1    1    1  5.25857E+14 0.00069 
   61   61    1    1    1    1    1    1    1    1  5.30250E+14 0.00089 
   62   62    1    1    1    1    1    1    1    1  5.52183E+14 0.00081 
   63   63    1    1    1    1    1    1    1    1  4.65408E+14 0.00081 
   64   64    1    1    1    1    1    1    1    1  3.71840E+14 0.00081 
   65   65    1    1    1    1    1    1    1    1  3.70973E+14 0.00074 
   66   66    1    1    1    1    1    1    1    1  2.69724E+14 0.00088 
   67   67    1    1    1    1    1    1    1    1  2.20979E+14 0.00096 
   68   68    1    1    1    1    1    1    1    1  1.98655E+14 0.00085 
   69   69    1    1    1    1    1    1    1    1  2.39533E+14 0.00122 
   70   70    1    1    1    1    1    1    1    1  2.04528E+14 0.00124 
   71   71    1    1    1    1    1    1    1    1  3.79410E+14 0.00118 
   72   72    1    1    1    1    1    1    1    1  2.71167E+14 0.00086 
   73   73    1    1    1    1    1    1    1    1  2.04135E+14 0.00113 
   74   74    1    1    1    1    1    1    1    1  1.62758E+14 0.00176 
   75   75    1    1    1    1    1    1    1    1  1.33944E+14 0.00159 
   76   76    1    1    1    1    1    1    1    1  1.53680E+14 0.00145 
   77   77    1    1    1    1    1    1    1    1  1.19860E+14 0.00137 
   78   78    1    1    1    1    1    1    1    1  9.50447E+13 0.00142 
   79   79    1    1    1    1    1    1    1    1  9.71511E+13 0.00197 
   80   80    1    1    1    1    1    1    1    1  7.18868E+13 0.00243 
   81   81    1    1    1    1    1    1    1    1  5.49894E+13 0.00229 
   82   82    1    1    1    1    1    1    1    1  4.22758E+13 0.00270 
   83   83    1    1    1    1    1    1    1    1  3.95430E+13 0.00323 
   84   84    1    1    1    1    1    1    1    1  2.83367E+13 0.00293 
   85   85    1    1    1    1    1    1    1    1  2.05589E+13 0.00320 
   86   86    1    1    1    1    1    1    1    1  1.91289E+13 0.00283 
   87   87    1    1    1    1    1    1    1    1  1.19437E+13 0.00456 
   88   88    1    1    1    1    1    1    1    1  8.04211E+12 0.00509 
   89   89    1    1    1    1    1    1    1    1  4.54263E+12 0.01012 
   90   90    1    1    1    1    1    1    1    1  3.01097E+12 0.00922 
   91   91    1    1    1    1    1    1    1    1  1.59563E+12 0.01184 
   92   92    1    1    1    1    1    1    1    1  7.61025E+11 0.01961 
   93   93    1    1    1    1    1    1    1    1  3.55263E+11 0.02514 
   94   94    1    1    1    1    1    1    1    1  1.75725E+11 0.04141 
   95   95    1    1    1    1    1    1    1    1  8.13256E+10 0.05948 
   96   96    1    1    1    1    1    1    1    1  4.74175E+10 0.06746 
   97   97    1    1    1    1    1    1    1    1  1.86092E+10 0.11337 
   98   98    1    1    1    1    1    1    1    1  8.16044E+09 0.15712 
   99   99    1    1    1    1    1    1    1    1  3.66236E+09 0.30321 
  100  100    1    1    1    1    1    1    1    1  2.69699E+09 0.29198 
];


