
DETdpaspec = [
    1    1    1    1    1    1    1    1    1    1  0.00000E+00 0.00000 
    2    2    1    1    1    1    1    1    1    1  0.00000E+00 0.00000 
    3    3    1    1    1    1    1    1    1    1  0.00000E+00 0.00000 
    4    4    1    1    1    1    1    1    1    1  0.00000E+00 0.00000 
    5    5    1    1    1    1    1    1    1    1  0.00000E+00 0.00000 
    6    6    1    1    1    1    1    1    1    1  0.00000E+00 0.00000 
    7    7    1    1    1    1    1    1    1    1  0.00000E+00 0.00000 
    8    8    1    1    1    1    1    1    1    1  0.00000E+00 0.00000 
    9    9    1    1    1    1    1    1    1    1  0.00000E+00 0.00000 
   10   10    1    1    1    1    1    1    1    1  0.00000E+00 0.00000 
   11   11    1    1    1    1    1    1    1    1  9.25780E+07 1.00000 
   12   12    1    1    1    1    1    1    1    1  4.58704E+07 1.00000 
   13   13    1    1    1    1    1    1    1    1  8.70239E+08 0.72969 
   14   14    1    1    1    1    1    1    1    1  1.08877E+09 0.56180 
   15   15    1    1    1    1    1    1    1    1  7.49109E+08 0.56621 
   16   16    1    1    1    1    1    1    1    1  6.05463E+08 0.71006 
   17   17    1    1    1    1    1    1    1    1  2.61850E+08 0.63990 
   18   18    1    1    1    1    1    1    1    1  8.16501E+08 0.37766 
   19   19    1    1    1    1    1    1    1    1  9.35602E+08 0.32280 
   20   20    1    1    1    1    1    1    1    1  4.26785E+09 0.21335 
   21   21    1    1    1    1    1    1    1    1  6.37601E+09 0.18250 
   22   22    1    1    1    1    1    1    1    1  1.81364E+10 0.12616 
   23   23    1    1    1    1    1    1    1    1  7.41921E+10 0.08726 
   24   24    1    1    1    1    1    1    1    1  2.29511E+11 0.03559 
   25   25    1    1    1    1    1    1    1    1  3.79952E+11 0.03323 
   26   26    1    1    1    1    1    1    1    1  8.22537E+11 0.02027 
   27   27    1    1    1    1    1    1    1    1  1.58621E+12 0.01269 
   28   28    1    1    1    1    1    1    1    1  2.99979E+12 0.01105 
   29   29    1    1    1    1    1    1    1    1  4.66853E+12 0.00668 
   30   30    1    1    1    1    1    1    1    1  9.03048E+12 0.00589 
   31   31    1    1    1    1    1    1    1    1  1.85803E+13 0.00421 
   32   32    1    1    1    1    1    1    1    1  2.70831E+13 0.00364 
   33   33    1    1    1    1    1    1    1    1  5.37095E+13 0.00236 
   34   34    1    1    1    1    1    1    1    1  6.58411E+13 0.00187 
   35   35    1    1    1    1    1    1    1    1  6.75079E+13 0.00198 
   36   36    1    1    1    1    1    1    1    1  4.03494E+13 0.00161 
   37   37    1    1    1    1    1    1    1    1  1.17898E+13 0.00198 
   38   38    1    1    1    1    1    1    1    1  6.70801E+13 0.00158 
   39   39    1    1    1    1    1    1    1    1  8.82556E+13 0.00159 
   40   40    1    1    1    1    1    1    1    1  1.49118E+14 0.00141 
   41   41    1    1    1    1    1    1    1    1  1.41897E+14 0.00143 
   42   42    1    1    1    1    1    1    1    1  3.02147E+14 0.00086 
   43   43    1    1    1    1    1    1    1    1  3.57281E+14 0.00124 
   44   44    1    1    1    1    1    1    1    1  5.03668E+14 0.00102 
   45   45    1    1    1    1    1    1    1    1  9.79376E+14 0.00053 
   46   46    1    1    1    1    1    1    1    1  4.38816E+14 0.00069 
   47   47    1    1    1    1    1    1    1    1  6.89613E+14 0.00069 
   48   48    1    1    1    1    1    1    1    1  9.42736E+14 0.00078 
   49   49    1    1    1    1    1    1    1    1  9.11295E+14 0.00046 
   50   50    1    1    1    1    1    1    1    1  1.42344E+15 0.00057 
   51   51    1    1    1    1    1    1    1    1  1.09178E+15 0.00050 
   52   52    1    1    1    1    1    1    1    1  1.31301E+15 0.00052 
   53   53    1    1    1    1    1    1    1    1  8.98789E+14 0.00042 
   54   54    1    1    1    1    1    1    1    1  1.11508E+15 0.00062 
   55   55    1    1    1    1    1    1    1    1  7.61863E+14 0.00058 
   56   56    1    1    1    1    1    1    1    1  1.02869E+14 0.00097 
   57   57    1    1    1    1    1    1    1    1  1.49722E+15 0.00051 
   58   58    1    1    1    1    1    1    1    1  6.81466E+14 0.00056 
   59   59    1    1    1    1    1    1    1    1  7.18680E+14 0.00068 
   60   60    1    1    1    1    1    1    1    1  5.70054E+14 0.00079 
   61   61    1    1    1    1    1    1    1    1  5.67633E+14 0.00074 
   62   62    1    1    1    1    1    1    1    1  5.89237E+14 0.00076 
   63   63    1    1    1    1    1    1    1    1  4.96825E+14 0.00083 
   64   64    1    1    1    1    1    1    1    1  3.94070E+14 0.00087 
   65   65    1    1    1    1    1    1    1    1  3.91095E+14 0.00073 
   66   66    1    1    1    1    1    1    1    1  2.82990E+14 0.00075 
   67   67    1    1    1    1    1    1    1    1  2.28217E+14 0.00081 
   68   68    1    1    1    1    1    1    1    1  2.03269E+14 0.00102 
   69   69    1    1    1    1    1    1    1    1  2.43103E+14 0.00088 
   70   70    1    1    1    1    1    1    1    1  2.05490E+14 0.00086 
   71   71    1    1    1    1    1    1    1    1  3.66414E+14 0.00111 
   72   72    1    1    1    1    1    1    1    1  2.57253E+14 0.00112 
   73   73    1    1    1    1    1    1    1    1  1.94100E+14 0.00084 
   74   74    1    1    1    1    1    1    1    1  1.58155E+14 0.00106 
   75   75    1    1    1    1    1    1    1    1  1.32736E+14 0.00101 
   76   76    1    1    1    1    1    1    1    1  1.55979E+14 0.00095 
   77   77    1    1    1    1    1    1    1    1  1.24795E+14 0.00081 
   78   78    1    1    1    1    1    1    1    1  1.00062E+14 0.00156 
   79   79    1    1    1    1    1    1    1    1  1.03646E+14 0.00158 
   80   80    1    1    1    1    1    1    1    1  7.71023E+13 0.00160 
   81   81    1    1    1    1    1    1    1    1  5.92612E+13 0.00251 
   82   82    1    1    1    1    1    1    1    1  4.52749E+13 0.00188 
   83   83    1    1    1    1    1    1    1    1  4.21364E+13 0.00229 
   84   84    1    1    1    1    1    1    1    1  3.03142E+13 0.00275 
   85   85    1    1    1    1    1    1    1    1  2.17314E+13 0.00373 
   86   86    1    1    1    1    1    1    1    1  2.02616E+13 0.00284 
   87   87    1    1    1    1    1    1    1    1  1.23333E+13 0.00293 
   88   88    1    1    1    1    1    1    1    1  8.18054E+12 0.00461 
   89   89    1    1    1    1    1    1    1    1  4.68314E+12 0.00958 
   90   90    1    1    1    1    1    1    1    1  3.07889E+12 0.01060 
   91   91    1    1    1    1    1    1    1    1  1.46919E+12 0.01540 
   92   92    1    1    1    1    1    1    1    1  6.99430E+11 0.01990 
   93   93    1    1    1    1    1    1    1    1  3.42895E+11 0.02583 
   94   94    1    1    1    1    1    1    1    1  1.72027E+11 0.03095 
   95   95    1    1    1    1    1    1    1    1  7.89081E+10 0.05837 
   96   96    1    1    1    1    1    1    1    1  3.26935E+10 0.10330 
   97   97    1    1    1    1    1    1    1    1  1.61626E+10 0.14817 
   98   98    1    1    1    1    1    1    1    1  7.84776E+09 0.14174 
   99   99    1    1    1    1    1    1    1    1  1.92613E+09 0.26581 
  100  100    1    1    1    1    1    1    1    1  3.68815E+09 0.24686 
];


