
DETdpaspec = [
    1    1    1    1    1    1    1    1    1    1  0.00000E+00 0.00000 
    2    2    1    1    1    1    1    1    1    1  0.00000E+00 0.00000 
    3    3    1    1    1    1    1    1    1    1  0.00000E+00 0.00000 
    4    4    1    1    1    1    1    1    1    1  0.00000E+00 0.00000 
    5    5    1    1    1    1    1    1    1    1  0.00000E+00 0.00000 
    6    6    1    1    1    1    1    1    1    1  0.00000E+00 0.00000 
    7    7    1    1    1    1    1    1    1    1  0.00000E+00 0.00000 
    8    8    1    1    1    1    1    1    1    1  0.00000E+00 0.00000 
    9    9    1    1    1    1    1    1    1    1  0.00000E+00 0.00000 
   10   10    1    1    1    1    1    1    1    1  0.00000E+00 0.00000 
   11   11    1    1    1    1    1    1    1    1  0.00000E+00 0.00000 
   12   12    1    1    1    1    1    1    1    1  7.50591E+06 1.00000 
   13   13    1    1    1    1    1    1    1    1  1.57532E+08 0.54622 
   14   14    1    1    1    1    1    1    1    1  8.10272E+08 0.60513 
   15   15    1    1    1    1    1    1    1    1  5.73927E+08 0.82777 
   16   16    1    1    1    1    1    1    1    1  6.30121E+08 0.44210 
   17   17    1    1    1    1    1    1    1    1  8.62637E+08 0.51962 
   18   18    1    1    1    1    1    1    1    1  1.02661E+09 0.40792 
   19   19    1    1    1    1    1    1    1    1  1.69535E+09 0.22209 
   20   20    1    1    1    1    1    1    1    1  5.40810E+09 0.20363 
   21   21    1    1    1    1    1    1    1    1  4.33687E+09 0.14619 
   22   22    1    1    1    1    1    1    1    1  1.21382E+10 0.12555 
   23   23    1    1    1    1    1    1    1    1  1.96465E+10 0.10842 
   24   24    1    1    1    1    1    1    1    1  4.15543E+10 0.07403 
   25   25    1    1    1    1    1    1    1    1  6.90851E+10 0.05806 
   26   26    1    1    1    1    1    1    1    1  1.31469E+11 0.04435 
   27   27    1    1    1    1    1    1    1    1  2.87909E+11 0.02887 
   28   28    1    1    1    1    1    1    1    1  7.08257E+11 0.01712 
   29   29    1    1    1    1    1    1    1    1  1.26296E+12 0.01516 
   30   30    1    1    1    1    1    1    1    1  2.97134E+12 0.00958 
   31   31    1    1    1    1    1    1    1    1  8.03568E+12 0.00674 
   32   32    1    1    1    1    1    1    1    1  1.35933E+13 0.00402 
   33   33    1    1    1    1    1    1    1    1  3.04179E+13 0.00254 
   34   34    1    1    1    1    1    1    1    1  4.10495E+13 0.00243 
   35   35    1    1    1    1    1    1    1    1  4.71384E+13 0.00199 
   36   36    1    1    1    1    1    1    1    1  3.00578E+13 0.00232 
   37   37    1    1    1    1    1    1    1    1  8.91840E+12 0.00242 
   38   38    1    1    1    1    1    1    1    1  5.07516E+13 0.00192 
   39   39    1    1    1    1    1    1    1    1  6.78274E+13 0.00176 
   40   40    1    1    1    1    1    1    1    1  1.17239E+14 0.00131 
   41   41    1    1    1    1    1    1    1    1  1.14465E+14 0.00110 
   42   42    1    1    1    1    1    1    1    1  2.46271E+14 0.00077 
   43   43    1    1    1    1    1    1    1    1  2.97063E+14 0.00099 
   44   44    1    1    1    1    1    1    1    1  4.27823E+14 0.00112 
   45   45    1    1    1    1    1    1    1    1  8.55286E+14 0.00077 
   46   46    1    1    1    1    1    1    1    1  3.95736E+14 0.00080 
   47   47    1    1    1    1    1    1    1    1  6.30439E+14 0.00060 
   48   48    1    1    1    1    1    1    1    1  8.77814E+14 0.00078 
   49   49    1    1    1    1    1    1    1    1  8.61900E+14 0.00080 
   50   50    1    1    1    1    1    1    1    1  1.36249E+15 0.00061 
   51   51    1    1    1    1    1    1    1    1  1.07004E+15 0.00064 
   52   52    1    1    1    1    1    1    1    1  1.29581E+15 0.00066 
   53   53    1    1    1    1    1    1    1    1  8.99235E+14 0.00062 
   54   54    1    1    1    1    1    1    1    1  1.12069E+15 0.00056 
   55   55    1    1    1    1    1    1    1    1  7.72211E+14 0.00055 
   56   56    1    1    1    1    1    1    1    1  1.04666E+14 0.00138 
   57   57    1    1    1    1    1    1    1    1  1.53444E+15 0.00061 
   58   58    1    1    1    1    1    1    1    1  7.00303E+14 0.00087 
   59   59    1    1    1    1    1    1    1    1  7.43332E+14 0.00078 
   60   60    1    1    1    1    1    1    1    1  5.89999E+14 0.00064 
   61   61    1    1    1    1    1    1    1    1  5.90173E+14 0.00072 
   62   62    1    1    1    1    1    1    1    1  6.15569E+14 0.00056 
   63   63    1    1    1    1    1    1    1    1  5.21463E+14 0.00083 
   64   64    1    1    1    1    1    1    1    1  4.16094E+14 0.00112 
   65   65    1    1    1    1    1    1    1    1  4.14399E+14 0.00096 
   66   66    1    1    1    1    1    1    1    1  3.00918E+14 0.00088 
   67   67    1    1    1    1    1    1    1    1  2.44344E+14 0.00088 
   68   68    1    1    1    1    1    1    1    1  2.18520E+14 0.00089 
   69   69    1    1    1    1    1    1    1    1  2.62440E+14 0.00100 
   70   70    1    1    1    1    1    1    1    1  2.23515E+14 0.00134 
   71   71    1    1    1    1    1    1    1    1  4.03163E+14 0.00130 
   72   72    1    1    1    1    1    1    1    1  2.85133E+14 0.00120 
   73   73    1    1    1    1    1    1    1    1  2.15651E+14 0.00093 
   74   74    1    1    1    1    1    1    1    1  1.75886E+14 0.00096 
   75   75    1    1    1    1    1    1    1    1  1.47449E+14 0.00143 
   76   76    1    1    1    1    1    1    1    1  1.72509E+14 0.00165 
   77   77    1    1    1    1    1    1    1    1  1.38310E+14 0.00179 
   78   78    1    1    1    1    1    1    1    1  1.11274E+14 0.00180 
   79   79    1    1    1    1    1    1    1    1  1.15353E+14 0.00170 
   80   80    1    1    1    1    1    1    1    1  8.57270E+13 0.00159 
   81   81    1    1    1    1    1    1    1    1  6.61118E+13 0.00190 
   82   82    1    1    1    1    1    1    1    1  5.08403E+13 0.00156 
   83   83    1    1    1    1    1    1    1    1  4.75532E+13 0.00270 
   84   84    1    1    1    1    1    1    1    1  3.40892E+13 0.00220 
   85   85    1    1    1    1    1    1    1    1  2.45630E+13 0.00309 
   86   86    1    1    1    1    1    1    1    1  2.28797E+13 0.00414 
   87   87    1    1    1    1    1    1    1    1  1.40770E+13 0.00471 
   88   88    1    1    1    1    1    1    1    1  9.54714E+12 0.00597 
   89   89    1    1    1    1    1    1    1    1  5.36345E+12 0.00632 
   90   90    1    1    1    1    1    1    1    1  3.58794E+12 0.00661 
   91   91    1    1    1    1    1    1    1    1  1.76576E+12 0.01354 
   92   92    1    1    1    1    1    1    1    1  8.68992E+11 0.01862 
   93   93    1    1    1    1    1    1    1    1  4.15716E+11 0.02294 
   94   94    1    1    1    1    1    1    1    1  2.02584E+11 0.02557 
   95   95    1    1    1    1    1    1    1    1  9.30442E+10 0.05408 
   96   96    1    1    1    1    1    1    1    1  4.43538E+10 0.09074 
   97   97    1    1    1    1    1    1    1    1  1.79585E+10 0.13038 
   98   98    1    1    1    1    1    1    1    1  1.24435E+10 0.14606 
   99   99    1    1    1    1    1    1    1    1  4.84253E+09 0.23291 
  100  100    1    1    1    1    1    1    1    1  3.29684E+09 0.22207 
];


