
DETdpaspec = [
    1    1    1    1    1    1    1    1    1    1  0.00000E+00 0.00000 
    2    2    1    1    1    1    1    1    1    1  0.00000E+00 0.00000 
    3    3    1    1    1    1    1    1    1    1  0.00000E+00 0.00000 
    4    4    1    1    1    1    1    1    1    1  1.34375E+07 1.00000 
    5    5    1    1    1    1    1    1    1    1  0.00000E+00 0.00000 
    6    6    1    1    1    1    1    1    1    1  0.00000E+00 0.00000 
    7    7    1    1    1    1    1    1    1    1  0.00000E+00 0.00000 
    8    8    1    1    1    1    1    1    1    1  0.00000E+00 0.00000 
    9    9    1    1    1    1    1    1    1    1  0.00000E+00 0.00000 
   10   10    1    1    1    1    1    1    1    1  0.00000E+00 0.00000 
   11   11    1    1    1    1    1    1    1    1  0.00000E+00 0.00000 
   12   12    1    1    1    1    1    1    1    1  0.00000E+00 0.00000 
   13   13    1    1    1    1    1    1    1    1  2.53869E+08 0.57381 
   14   14    1    1    1    1    1    1    1    1  4.40164E+08 0.65735 
   15   15    1    1    1    1    1    1    1    1  9.14653E+08 0.46750 
   16   16    1    1    1    1    1    1    1    1  6.69461E+07 1.00000 
   17   17    1    1    1    1    1    1    1    1  5.14576E+08 0.57400 
   18   18    1    1    1    1    1    1    1    1  9.77737E+08 0.36516 
   19   19    1    1    1    1    1    1    1    1  7.90035E+08 0.45858 
   20   20    1    1    1    1    1    1    1    1  4.70432E+09 0.18633 
   21   21    1    1    1    1    1    1    1    1  5.29725E+09 0.17718 
   22   22    1    1    1    1    1    1    1    1  7.61960E+09 0.14905 
   23   23    1    1    1    1    1    1    1    1  2.11004E+10 0.09726 
   24   24    1    1    1    1    1    1    1    1  5.26884E+10 0.07385 
   25   25    1    1    1    1    1    1    1    1  8.60976E+10 0.05429 
   26   26    1    1    1    1    1    1    1    1  1.85157E+11 0.03758 
   27   27    1    1    1    1    1    1    1    1  4.04531E+11 0.03093 
   28   28    1    1    1    1    1    1    1    1  9.56259E+11 0.01737 
   29   29    1    1    1    1    1    1    1    1  1.69331E+12 0.01427 
   30   30    1    1    1    1    1    1    1    1  3.88509E+12 0.00926 
   31   31    1    1    1    1    1    1    1    1  9.84882E+12 0.00659 
   32   32    1    1    1    1    1    1    1    1  1.59746E+13 0.00403 
   33   33    1    1    1    1    1    1    1    1  3.48269E+13 0.00409 
   34   34    1    1    1    1    1    1    1    1  4.62114E+13 0.00266 
   35   35    1    1    1    1    1    1    1    1  5.13754E+13 0.00281 
   36   36    1    1    1    1    1    1    1    1  3.21303E+13 0.00298 
   37   37    1    1    1    1    1    1    1    1  9.49602E+12 0.00271 
   38   38    1    1    1    1    1    1    1    1  5.40902E+13 0.00194 
   39   39    1    1    1    1    1    1    1    1  7.21973E+13 0.00182 
   40   40    1    1    1    1    1    1    1    1  1.23610E+14 0.00160 
   41   41    1    1    1    1    1    1    1    1  1.20345E+14 0.00107 
   42   42    1    1    1    1    1    1    1    1  2.58455E+14 0.00099 
   43   43    1    1    1    1    1    1    1    1  3.10504E+14 0.00087 
   44   44    1    1    1    1    1    1    1    1  4.43769E+14 0.00084 
   45   45    1    1    1    1    1    1    1    1  8.83265E+14 0.00058 
   46   46    1    1    1    1    1    1    1    1  4.05693E+14 0.00072 
   47   47    1    1    1    1    1    1    1    1  6.43905E+14 0.00067 
   48   48    1    1    1    1    1    1    1    1  8.94942E+14 0.00081 
   49   49    1    1    1    1    1    1    1    1  8.75818E+14 0.00071 
   50   50    1    1    1    1    1    1    1    1  1.38041E+15 0.00064 
   51   51    1    1    1    1    1    1    1    1  1.07792E+15 0.00067 
   52   52    1    1    1    1    1    1    1    1  1.30548E+15 0.00060 
   53   53    1    1    1    1    1    1    1    1  9.01982E+14 0.00053 
   54   54    1    1    1    1    1    1    1    1  1.12520E+15 0.00058 
   55   55    1    1    1    1    1    1    1    1  7.73817E+14 0.00049 
   56   56    1    1    1    1    1    1    1    1  1.04632E+14 0.00124 
   57   57    1    1    1    1    1    1    1    1  1.53253E+15 0.00056 
   58   58    1    1    1    1    1    1    1    1  7.00309E+14 0.00065 
   59   59    1    1    1    1    1    1    1    1  7.41788E+14 0.00067 
   60   60    1    1    1    1    1    1    1    1  5.88659E+14 0.00077 
   61   61    1    1    1    1    1    1    1    1  5.88988E+14 0.00066 
   62   62    1    1    1    1    1    1    1    1  6.12861E+14 0.00076 
   63   63    1    1    1    1    1    1    1    1  5.18642E+14 0.00069 
   64   64    1    1    1    1    1    1    1    1  4.13713E+14 0.00091 
   65   65    1    1    1    1    1    1    1    1  4.12261E+14 0.00077 
   66   66    1    1    1    1    1    1    1    1  2.99500E+14 0.00121 
   67   67    1    1    1    1    1    1    1    1  2.42478E+14 0.00079 
   68   68    1    1    1    1    1    1    1    1  2.16273E+14 0.00106 
   69   69    1    1    1    1    1    1    1    1  2.59421E+14 0.00098 
   70   70    1    1    1    1    1    1    1    1  2.20546E+14 0.00097 
   71   71    1    1    1    1    1    1    1    1  3.97163E+14 0.00124 
   72   72    1    1    1    1    1    1    1    1  2.81172E+14 0.00114 
   73   73    1    1    1    1    1    1    1    1  2.12617E+14 0.00117 
   74   74    1    1    1    1    1    1    1    1  1.72949E+14 0.00115 
   75   75    1    1    1    1    1    1    1    1  1.45057E+14 0.00157 
   76   76    1    1    1    1    1    1    1    1  1.70770E+14 0.00116 
   77   77    1    1    1    1    1    1    1    1  1.36411E+14 0.00096 
   78   78    1    1    1    1    1    1    1    1  1.09598E+14 0.00113 
   79   79    1    1    1    1    1    1    1    1  1.13642E+14 0.00167 
   80   80    1    1    1    1    1    1    1    1  8.49805E+13 0.00186 
   81   81    1    1    1    1    1    1    1    1  6.53246E+13 0.00213 
   82   82    1    1    1    1    1    1    1    1  5.02523E+13 0.00228 
   83   83    1    1    1    1    1    1    1    1  4.69196E+13 0.00212 
   84   84    1    1    1    1    1    1    1    1  3.35877E+13 0.00239 
   85   85    1    1    1    1    1    1    1    1  2.43552E+13 0.00246 
   86   86    1    1    1    1    1    1    1    1  2.26981E+13 0.00341 
   87   87    1    1    1    1    1    1    1    1  1.38555E+13 0.00391 
   88   88    1    1    1    1    1    1    1    1  9.24489E+12 0.00635 
   89   89    1    1    1    1    1    1    1    1  5.24782E+12 0.00740 
   90   90    1    1    1    1    1    1    1    1  3.48984E+12 0.00763 
   91   91    1    1    1    1    1    1    1    1  1.71004E+12 0.01295 
   92   92    1    1    1    1    1    1    1    1  8.51670E+11 0.01779 
   93   93    1    1    1    1    1    1    1    1  4.08440E+11 0.03061 
   94   94    1    1    1    1    1    1    1    1  1.84955E+11 0.02549 
   95   95    1    1    1    1    1    1    1    1  9.22384E+10 0.04529 
   96   96    1    1    1    1    1    1    1    1  3.84393E+10 0.07157 
   97   97    1    1    1    1    1    1    1    1  1.75118E+10 0.11164 
   98   98    1    1    1    1    1    1    1    1  9.25975E+09 0.12727 
   99   99    1    1    1    1    1    1    1    1  5.56577E+09 0.17198 
  100  100    1    1    1    1    1    1    1    1  6.54243E+09 0.23094 
];


