
DETdpaspec = [
    1    1    1    1    1    1    1    1    1    1  0.00000E+00 0.00000 
    2    2    1    1    1    1    1    1    1    1  0.00000E+00 0.00000 
    3    3    1    1    1    1    1    1    1    1  0.00000E+00 0.00000 
    4    4    1    1    1    1    1    1    1    1  0.00000E+00 0.00000 
    5    5    1    1    1    1    1    1    1    1  0.00000E+00 0.00000 
    6    6    1    1    1    1    1    1    1    1  0.00000E+00 0.00000 
    7    7    1    1    1    1    1    1    1    1  0.00000E+00 0.00000 
    8    8    1    1    1    1    1    1    1    1  0.00000E+00 0.00000 
    9    9    1    1    1    1    1    1    1    1  0.00000E+00 0.00000 
   10   10    1    1    1    1    1    1    1    1  0.00000E+00 0.00000 
   11   11    1    1    1    1    1    1    1    1  0.00000E+00 0.00000 
   12   12    1    1    1    1    1    1    1    1  0.00000E+00 0.00000 
   13   13    1    1    1    1    1    1    1    1  0.00000E+00 0.00000 
   14   14    1    1    1    1    1    1    1    1  0.00000E+00 0.00000 
   15   15    1    1    1    1    1    1    1    1  0.00000E+00 0.00000 
   16   16    1    1    1    1    1    1    1    1  0.00000E+00 0.00000 
   17   17    1    1    1    1    1    1    1    1  6.09712E+08 0.67716 
   18   18    1    1    1    1    1    1    1    1  1.41483E+09 0.72740 
   19   19    1    1    1    1    1    1    1    1  9.56262E+08 0.55096 
   20   20    1    1    1    1    1    1    1    1  3.69217E+09 0.28674 
   21   21    1    1    1    1    1    1    1    1  2.37147E+10 0.09087 
   22   22    1    1    1    1    1    1    1    1  9.04729E+10 0.05820 
   23   23    1    1    1    1    1    1    1    1  3.27276E+11 0.03501 
   24   24    1    1    1    1    1    1    1    1  8.12109E+11 0.01398 
   25   25    1    1    1    1    1    1    1    1  1.12733E+12 0.01066 
   26   26    1    1    1    1    1    1    1    1  2.11575E+12 0.00885 
   27   27    1    1    1    1    1    1    1    1  3.67818E+12 0.01005 
   28   28    1    1    1    1    1    1    1    1  5.99233E+12 0.00732 
   29   29    1    1    1    1    1    1    1    1  8.47769E+12 0.00533 
   30   30    1    1    1    1    1    1    1    1  1.49474E+13 0.00408 
   31   31    1    1    1    1    1    1    1    1  2.70350E+13 0.00285 
   32   32    1    1    1    1    1    1    1    1  3.69050E+13 0.00215 
   33   33    1    1    1    1    1    1    1    1  6.83375E+13 0.00215 
   34   34    1    1    1    1    1    1    1    1  7.97950E+13 0.00172 
   35   35    1    1    1    1    1    1    1    1  7.81691E+13 0.00172 
   36   36    1    1    1    1    1    1    1    1  4.54465E+13 0.00170 
   37   37    1    1    1    1    1    1    1    1  1.31132E+13 0.00234 
   38   38    1    1    1    1    1    1    1    1  7.46409E+13 0.00182 
   39   39    1    1    1    1    1    1    1    1  9.73028E+13 0.00152 
   40   40    1    1    1    1    1    1    1    1  1.62969E+14 0.00111 
   41   41    1    1    1    1    1    1    1    1  1.53226E+14 0.00105 
   42   42    1    1    1    1    1    1    1    1  3.24086E+14 0.00094 
   43   43    1    1    1    1    1    1    1    1  3.79525E+14 0.00088 
   44   44    1    1    1    1    1    1    1    1  5.29979E+14 0.00072 
   45   45    1    1    1    1    1    1    1    1  1.01434E+15 0.00073 
   46   46    1    1    1    1    1    1    1    1  4.47938E+14 0.00073 
   47   47    1    1    1    1    1    1    1    1  6.99691E+14 0.00049 
   48   48    1    1    1    1    1    1    1    1  9.46815E+14 0.00055 
   49   49    1    1    1    1    1    1    1    1  9.07425E+14 0.00066 
   50   50    1    1    1    1    1    1    1    1  1.40131E+15 0.00057 
   51   51    1    1    1    1    1    1    1    1  1.06358E+15 0.00054 
   52   52    1    1    1    1    1    1    1    1  1.27252E+15 0.00054 
   53   53    1    1    1    1    1    1    1    1  8.61865E+14 0.00059 
   54   54    1    1    1    1    1    1    1    1  1.06551E+15 0.00056 
   55   55    1    1    1    1    1    1    1    1  7.23320E+14 0.00074 
   56   56    1    1    1    1    1    1    1    1  9.72192E+13 0.00066 
   57   57    1    1    1    1    1    1    1    1  1.41365E+15 0.00047 
   58   58    1    1    1    1    1    1    1    1  6.41810E+14 0.00067 
   59   59    1    1    1    1    1    1    1    1  6.71463E+14 0.00072 
   60   60    1    1    1    1    1    1    1    1  5.31073E+14 0.00090 
   61   61    1    1    1    1    1    1    1    1  5.26051E+14 0.00080 
   62   62    1    1    1    1    1    1    1    1  5.44964E+14 0.00076 
   63   63    1    1    1    1    1    1    1    1  4.56686E+14 0.00092 
   64   64    1    1    1    1    1    1    1    1  3.61288E+14 0.00102 
   65   65    1    1    1    1    1    1    1    1  3.56663E+14 0.00087 
   66   66    1    1    1    1    1    1    1    1  2.57026E+14 0.00126 
   67   67    1    1    1    1    1    1    1    1  2.06919E+14 0.00118 
   68   68    1    1    1    1    1    1    1    1  1.83599E+14 0.00128 
   69   69    1    1    1    1    1    1    1    1  2.18769E+14 0.00119 
   70   70    1    1    1    1    1    1    1    1  1.84011E+14 0.00141 
   71   71    1    1    1    1    1    1    1    1  3.25604E+14 0.00120 
   72   72    1    1    1    1    1    1    1    1  2.27543E+14 0.00158 
   73   73    1    1    1    1    1    1    1    1  1.70706E+14 0.00141 
   74   74    1    1    1    1    1    1    1    1  1.38578E+14 0.00169 
   75   75    1    1    1    1    1    1    1    1  1.16192E+14 0.00116 
   76   76    1    1    1    1    1    1    1    1  1.35788E+14 0.00114 
   77   77    1    1    1    1    1    1    1    1  1.08340E+14 0.00116 
   78   78    1    1    1    1    1    1    1    1  8.65044E+13 0.00136 
   79   79    1    1    1    1    1    1    1    1  8.88463E+13 0.00106 
   80   80    1    1    1    1    1    1    1    1  6.58108E+13 0.00149 
   81   81    1    1    1    1    1    1    1    1  5.02822E+13 0.00271 
   82   82    1    1    1    1    1    1    1    1  3.85164E+13 0.00203 
   83   83    1    1    1    1    1    1    1    1  3.54541E+13 0.00251 
   84   84    1    1    1    1    1    1    1    1  2.52222E+13 0.00269 
   85   85    1    1    1    1    1    1    1    1  1.81508E+13 0.00401 
   86   86    1    1    1    1    1    1    1    1  1.66405E+13 0.00391 
   87   87    1    1    1    1    1    1    1    1  9.99191E+12 0.00432 
   88   88    1    1    1    1    1    1    1    1  6.56180E+12 0.00551 
   89   89    1    1    1    1    1    1    1    1  3.67068E+12 0.01052 
   90   90    1    1    1    1    1    1    1    1  2.37630E+12 0.01326 
   91   91    1    1    1    1    1    1    1    1  1.13011E+12 0.01413 
   92   92    1    1    1    1    1    1    1    1  5.29143E+11 0.02139 
   93   93    1    1    1    1    1    1    1    1  2.57360E+11 0.03239 
   94   94    1    1    1    1    1    1    1    1  1.26749E+11 0.03387 
   95   95    1    1    1    1    1    1    1    1  6.01408E+10 0.04992 
   96   96    1    1    1    1    1    1    1    1  2.46058E+10 0.08922 
   97   97    1    1    1    1    1    1    1    1  1.11325E+10 0.16829 
   98   98    1    1    1    1    1    1    1    1  6.64502E+09 0.20940 
   99   99    1    1    1    1    1    1    1    1  1.83899E+09 0.19461 
  100  100    1    1    1    1    1    1    1    1  1.04610E+09 0.34314 
];


