
DETdpaspec = [
    1    1    1    1    1    1    1    1    1    1  0.00000E+00 0.00000 
    2    2    1    1    1    1    1    1    1    1  0.00000E+00 0.00000 
    3    3    1    1    1    1    1    1    1    1  0.00000E+00 0.00000 
    4    4    1    1    1    1    1    1    1    1  0.00000E+00 0.00000 
    5    5    1    1    1    1    1    1    1    1  0.00000E+00 0.00000 
    6    6    1    1    1    1    1    1    1    1  0.00000E+00 0.00000 
    7    7    1    1    1    1    1    1    1    1  0.00000E+00 0.00000 
    8    8    1    1    1    1    1    1    1    1  0.00000E+00 0.00000 
    9    9    1    1    1    1    1    1    1    1  3.92965E+06 1.00000 
   10   10    1    1    1    1    1    1    1    1  0.00000E+00 0.00000 
   11   11    1    1    1    1    1    1    1    1  0.00000E+00 0.00000 
   12   12    1    1    1    1    1    1    1    1  2.64751E+07 1.00000 
   13   13    1    1    1    1    1    1    1    1  0.00000E+00 0.00000 
   14   14    1    1    1    1    1    1    1    1  7.87936E+08 0.68848 
   15   15    1    1    1    1    1    1    1    1  1.11912E+09 0.47839 
   16   16    1    1    1    1    1    1    1    1  3.83882E+08 0.56872 
   17   17    1    1    1    1    1    1    1    1  8.87118E+08 0.38753 
   18   18    1    1    1    1    1    1    1    1  1.17314E+09 0.47899 
   19   19    1    1    1    1    1    1    1    1  2.43309E+09 0.40928 
   20   20    1    1    1    1    1    1    1    1  8.15494E+09 0.18052 
   21   21    1    1    1    1    1    1    1    1  5.26223E+09 0.16328 
   22   22    1    1    1    1    1    1    1    1  1.03065E+10 0.14424 
   23   23    1    1    1    1    1    1    1    1  1.97311E+10 0.09685 
   24   24    1    1    1    1    1    1    1    1  3.59618E+10 0.07630 
   25   25    1    1    1    1    1    1    1    1  5.96460E+10 0.09152 
   26   26    1    1    1    1    1    1    1    1  1.06016E+11 0.03987 
   27   27    1    1    1    1    1    1    1    1  2.23008E+11 0.04209 
   28   28    1    1    1    1    1    1    1    1  5.37218E+11 0.01797 
   29   29    1    1    1    1    1    1    1    1  9.71435E+11 0.01643 
   30   30    1    1    1    1    1    1    1    1  2.46542E+12 0.00734 
   31   31    1    1    1    1    1    1    1    1  6.84269E+12 0.00813 
   32   32    1    1    1    1    1    1    1    1  1.17332E+13 0.00483 
   33   33    1    1    1    1    1    1    1    1  2.69066E+13 0.00379 
   34   34    1    1    1    1    1    1    1    1  3.69876E+13 0.00236 
   35   35    1    1    1    1    1    1    1    1  4.36290E+13 0.00288 
   36   36    1    1    1    1    1    1    1    1  2.82712E+13 0.00259 
   37   37    1    1    1    1    1    1    1    1  8.41795E+12 0.00303 
   38   38    1    1    1    1    1    1    1    1  4.80875E+13 0.00227 
   39   39    1    1    1    1    1    1    1    1  6.44173E+13 0.00220 
   40   40    1    1    1    1    1    1    1    1  1.11097E+14 0.00191 
   41   41    1    1    1    1    1    1    1    1  1.09409E+14 0.00149 
   42   42    1    1    1    1    1    1    1    1  2.35663E+14 0.00115 
   43   43    1    1    1    1    1    1    1    1  2.85071E+14 0.00096 
   44   44    1    1    1    1    1    1    1    1  4.11876E+14 0.00097 
   45   45    1    1    1    1    1    1    1    1  8.27965E+14 0.00102 
   46   46    1    1    1    1    1    1    1    1  3.86100E+14 0.00069 
   47   47    1    1    1    1    1    1    1    1  6.16197E+14 0.00066 
   48   48    1    1    1    1    1    1    1    1  8.61732E+14 0.00061 
   49   49    1    1    1    1    1    1    1    1  8.49597E+14 0.00063 
   50   50    1    1    1    1    1    1    1    1  1.34617E+15 0.00055 
   51   51    1    1    1    1    1    1    1    1  1.06447E+15 0.00062 
   52   52    1    1    1    1    1    1    1    1  1.28763E+15 0.00066 
   53   53    1    1    1    1    1    1    1    1  8.97307E+14 0.00056 
   54   54    1    1    1    1    1    1    1    1  1.11754E+15 0.00046 
   55   55    1    1    1    1    1    1    1    1  7.70169E+14 0.00058 
   56   56    1    1    1    1    1    1    1    1  1.04590E+14 0.00104 
   57   57    1    1    1    1    1    1    1    1  1.53343E+15 0.00056 
   58   58    1    1    1    1    1    1    1    1  6.98831E+14 0.00061 
   59   59    1    1    1    1    1    1    1    1  7.42924E+14 0.00044 
   60   60    1    1    1    1    1    1    1    1  5.88713E+14 0.00043 
   61   61    1    1    1    1    1    1    1    1  5.89828E+14 0.00047 
   62   62    1    1    1    1    1    1    1    1  6.16077E+14 0.00059 
   63   63    1    1    1    1    1    1    1    1  5.22039E+14 0.00074 
   64   64    1    1    1    1    1    1    1    1  4.16735E+14 0.00068 
   65   65    1    1    1    1    1    1    1    1  4.15582E+14 0.00103 
   66   66    1    1    1    1    1    1    1    1  3.02566E+14 0.00101 
   67   67    1    1    1    1    1    1    1    1  2.45579E+14 0.00100 
   68   68    1    1    1    1    1    1    1    1  2.19863E+14 0.00084 
   69   69    1    1    1    1    1    1    1    1  2.63942E+14 0.00116 
   70   70    1    1    1    1    1    1    1    1  2.24960E+14 0.00122 
   71   71    1    1    1    1    1    1    1    1  4.07349E+14 0.00088 
   72   72    1    1    1    1    1    1    1    1  2.88279E+14 0.00106 
   73   73    1    1    1    1    1    1    1    1  2.19000E+14 0.00105 
   74   74    1    1    1    1    1    1    1    1  1.77666E+14 0.00136 
   75   75    1    1    1    1    1    1    1    1  1.49065E+14 0.00128 
   76   76    1    1    1    1    1    1    1    1  1.74212E+14 0.00109 
   77   77    1    1    1    1    1    1    1    1  1.39120E+14 0.00154 
   78   78    1    1    1    1    1    1    1    1  1.11653E+14 0.00119 
   79   79    1    1    1    1    1    1    1    1  1.15723E+14 0.00095 
   80   80    1    1    1    1    1    1    1    1  8.63879E+13 0.00184 
   81   81    1    1    1    1    1    1    1    1  6.62709E+13 0.00228 
   82   82    1    1    1    1    1    1    1    1  5.10142E+13 0.00246 
   83   83    1    1    1    1    1    1    1    1  4.77224E+13 0.00196 
   84   84    1    1    1    1    1    1    1    1  3.41481E+13 0.00286 
   85   85    1    1    1    1    1    1    1    1  2.47864E+13 0.00354 
   86   86    1    1    1    1    1    1    1    1  2.30662E+13 0.00307 
   87   87    1    1    1    1    1    1    1    1  1.41246E+13 0.00433 
   88   88    1    1    1    1    1    1    1    1  9.54277E+12 0.00484 
   89   89    1    1    1    1    1    1    1    1  5.43668E+12 0.00563 
   90   90    1    1    1    1    1    1    1    1  3.60127E+12 0.01121 
   91   91    1    1    1    1    1    1    1    1  1.82865E+12 0.01388 
   92   92    1    1    1    1    1    1    1    1  8.86239E+11 0.01565 
   93   93    1    1    1    1    1    1    1    1  4.25593E+11 0.02289 
   94   94    1    1    1    1    1    1    1    1  1.95227E+11 0.02558 
   95   95    1    1    1    1    1    1    1    1  9.23570E+10 0.04483 
   96   96    1    1    1    1    1    1    1    1  4.19258E+10 0.08324 
   97   97    1    1    1    1    1    1    1    1  2.35131E+10 0.09843 
   98   98    1    1    1    1    1    1    1    1  9.88623E+09 0.17539 
   99   99    1    1    1    1    1    1    1    1  6.76281E+09 0.17450 
  100  100    1    1    1    1    1    1    1    1  2.12793E+09 0.38645 
];


