
DETdpaspec = [
    1    1    1    1    1    1    1    1    1    1  0.00000E+00 0.00000 
    2    2    1    1    1    1    1    1    1    1  0.00000E+00 0.00000 
    3    3    1    1    1    1    1    1    1    1  0.00000E+00 0.00000 
    4    4    1    1    1    1    1    1    1    1  0.00000E+00 0.00000 
    5    5    1    1    1    1    1    1    1    1  0.00000E+00 0.00000 
    6    6    1    1    1    1    1    1    1    1  0.00000E+00 0.00000 
    7    7    1    1    1    1    1    1    1    1  0.00000E+00 0.00000 
    8    8    1    1    1    1    1    1    1    1  0.00000E+00 0.00000 
    9    9    1    1    1    1    1    1    1    1  4.44575E+06 1.00000 
   10   10    1    1    1    1    1    1    1    1  0.00000E+00 0.00000 
   11   11    1    1    1    1    1    1    1    1  3.57391E+07 1.00000 
   12   12    1    1    1    1    1    1    1    1  0.00000E+00 0.00000 
   13   13    1    1    1    1    1    1    1    1  2.85388E+08 0.58639 
   14   14    1    1    1    1    1    1    1    1  5.82533E+08 0.62608 
   15   15    1    1    1    1    1    1    1    1  3.30871E+08 0.54612 
   16   16    1    1    1    1    1    1    1    1  1.02224E+08 1.00000 
   17   17    1    1    1    1    1    1    1    1  1.86566E+08 0.55519 
   18   18    1    1    1    1    1    1    1    1  7.27274E+08 0.31858 
   19   19    1    1    1    1    1    1    1    1  2.51024E+09 0.28321 
   20   20    1    1    1    1    1    1    1    1  4.78585E+09 0.21291 
   21   21    1    1    1    1    1    1    1    1  4.01406E+09 0.19728 
   22   22    1    1    1    1    1    1    1    1  9.09857E+09 0.14476 
   23   23    1    1    1    1    1    1    1    1  2.14184E+10 0.11352 
   24   24    1    1    1    1    1    1    1    1  4.97031E+10 0.06522 
   25   25    1    1    1    1    1    1    1    1  6.94569E+10 0.06912 
   26   26    1    1    1    1    1    1    1    1  1.43499E+11 0.04793 
   27   27    1    1    1    1    1    1    1    1  3.34414E+11 0.03074 
   28   28    1    1    1    1    1    1    1    1  8.08513E+11 0.01994 
   29   29    1    1    1    1    1    1    1    1  1.40858E+12 0.01491 
   30   30    1    1    1    1    1    1    1    1  3.32498E+12 0.00778 
   31   31    1    1    1    1    1    1    1    1  8.57844E+12 0.00642 
   32   32    1    1    1    1    1    1    1    1  1.41702E+13 0.00447 
   33   33    1    1    1    1    1    1    1    1  3.16194E+13 0.00219 
   34   34    1    1    1    1    1    1    1    1  4.23390E+13 0.00214 
   35   35    1    1    1    1    1    1    1    1  4.81787E+13 0.00169 
   36   36    1    1    1    1    1    1    1    1  3.04974E+13 0.00202 
   37   37    1    1    1    1    1    1    1    1  9.03974E+12 0.00196 
   38   38    1    1    1    1    1    1    1    1  5.15701E+13 0.00179 
   39   39    1    1    1    1    1    1    1    1  6.88012E+13 0.00170 
   40   40    1    1    1    1    1    1    1    1  1.18585E+14 0.00125 
   41   41    1    1    1    1    1    1    1    1  1.15851E+14 0.00158 
   42   42    1    1    1    1    1    1    1    1  2.49209E+14 0.00145 
   43   43    1    1    1    1    1    1    1    1  3.01048E+14 0.00118 
   44   44    1    1    1    1    1    1    1    1  4.32340E+14 0.00078 
   45   45    1    1    1    1    1    1    1    1  8.63397E+14 0.00067 
   46   46    1    1    1    1    1    1    1    1  3.98911E+14 0.00076 
   47   47    1    1    1    1    1    1    1    1  6.33866E+14 0.00065 
   48   48    1    1    1    1    1    1    1    1  8.82331E+14 0.00058 
   49   49    1    1    1    1    1    1    1    1  8.65920E+14 0.00069 
   50   50    1    1    1    1    1    1    1    1  1.36755E+15 0.00054 
   51   51    1    1    1    1    1    1    1    1  1.07273E+15 0.00069 
   52   52    1    1    1    1    1    1    1    1  1.29901E+15 0.00053 
   53   53    1    1    1    1    1    1    1    1  9.00566E+14 0.00053 
   54   54    1    1    1    1    1    1    1    1  1.12219E+15 0.00054 
   55   55    1    1    1    1    1    1    1    1  7.72728E+14 0.00063 
   56   56    1    1    1    1    1    1    1    1  1.04953E+14 0.00109 
   57   57    1    1    1    1    1    1    1    1  1.53469E+15 0.00036 
   58   58    1    1    1    1    1    1    1    1  7.01047E+14 0.00053 
   59   59    1    1    1    1    1    1    1    1  7.43521E+14 0.00062 
   60   60    1    1    1    1    1    1    1    1  5.90311E+14 0.00067 
   61   61    1    1    1    1    1    1    1    1  5.90969E+14 0.00070 
   62   62    1    1    1    1    1    1    1    1  6.15662E+14 0.00070 
   63   63    1    1    1    1    1    1    1    1  5.21410E+14 0.00059 
   64   64    1    1    1    1    1    1    1    1  4.15788E+14 0.00084 
   65   65    1    1    1    1    1    1    1    1  4.14180E+14 0.00077 
   66   66    1    1    1    1    1    1    1    1  3.01029E+14 0.00080 
   67   67    1    1    1    1    1    1    1    1  2.43919E+14 0.00126 
   68   68    1    1    1    1    1    1    1    1  2.17850E+14 0.00092 
   69   69    1    1    1    1    1    1    1    1  2.61536E+14 0.00114 
   70   70    1    1    1    1    1    1    1    1  2.22300E+14 0.00101 
   71   71    1    1    1    1    1    1    1    1  4.01008E+14 0.00071 
   72   72    1    1    1    1    1    1    1    1  2.83895E+14 0.00078 
   73   73    1    1    1    1    1    1    1    1  2.15065E+14 0.00123 
   74   74    1    1    1    1    1    1    1    1  1.74796E+14 0.00115 
   75   75    1    1    1    1    1    1    1    1  1.46797E+14 0.00120 
   76   76    1    1    1    1    1    1    1    1  1.72485E+14 0.00150 
   77   77    1    1    1    1    1    1    1    1  1.37766E+14 0.00141 
   78   78    1    1    1    1    1    1    1    1  1.10870E+14 0.00127 
   79   79    1    1    1    1    1    1    1    1  1.14881E+14 0.00181 
   80   80    1    1    1    1    1    1    1    1  8.54380E+13 0.00173 
   81   81    1    1    1    1    1    1    1    1  6.58638E+13 0.00222 
   82   82    1    1    1    1    1    1    1    1  5.05855E+13 0.00210 
   83   83    1    1    1    1    1    1    1    1  4.73639E+13 0.00232 
   84   84    1    1    1    1    1    1    1    1  3.41365E+13 0.00276 
   85   85    1    1    1    1    1    1    1    1  2.44273E+13 0.00231 
   86   86    1    1    1    1    1    1    1    1  2.29259E+13 0.00343 
   87   87    1    1    1    1    1    1    1    1  1.40922E+13 0.00334 
   88   88    1    1    1    1    1    1    1    1  9.32406E+12 0.00380 
   89   89    1    1    1    1    1    1    1    1  5.40350E+12 0.00616 
   90   90    1    1    1    1    1    1    1    1  3.51636E+12 0.00763 
   91   91    1    1    1    1    1    1    1    1  1.76343E+12 0.01323 
   92   92    1    1    1    1    1    1    1    1  8.46090E+11 0.01236 
   93   93    1    1    1    1    1    1    1    1  4.07533E+11 0.02091 
   94   94    1    1    1    1    1    1    1    1  1.84246E+11 0.04675 
   95   95    1    1    1    1    1    1    1    1  9.93487E+10 0.05260 
   96   96    1    1    1    1    1    1    1    1  4.93395E+10 0.05425 
   97   97    1    1    1    1    1    1    1    1  2.10075E+10 0.10543 
   98   98    1    1    1    1    1    1    1    1  1.17457E+10 0.14945 
   99   99    1    1    1    1    1    1    1    1  5.49855E+09 0.25034 
  100  100    1    1    1    1    1    1    1    1  5.90388E+09 0.19998 
];


