
DETdpaspec = [
    1    1    1    1    1    1    1    1    1    1  0.00000E+00 0.00000 
    2    2    1    1    1    1    1    1    1    1  0.00000E+00 0.00000 
    3    3    1    1    1    1    1    1    1    1  0.00000E+00 0.00000 
    4    4    1    1    1    1    1    1    1    1  0.00000E+00 0.00000 
    5    5    1    1    1    1    1    1    1    1  0.00000E+00 0.00000 
    6    6    1    1    1    1    1    1    1    1  0.00000E+00 0.00000 
    7    7    1    1    1    1    1    1    1    1  0.00000E+00 0.00000 
    8    8    1    1    1    1    1    1    1    1  0.00000E+00 0.00000 
    9    9    1    1    1    1    1    1    1    1  0.00000E+00 0.00000 
   10   10    1    1    1    1    1    1    1    1  0.00000E+00 0.00000 
   11   11    1    1    1    1    1    1    1    1  0.00000E+00 0.00000 
   12   12    1    1    1    1    1    1    1    1  1.07947E+08 1.00000 
   13   13    1    1    1    1    1    1    1    1  0.00000E+00 0.00000 
   14   14    1    1    1    1    1    1    1    1  1.76306E+08 0.73834 
   15   15    1    1    1    1    1    1    1    1  6.84724E+08 0.61625 
   16   16    1    1    1    1    1    1    1    1  0.00000E+00 0.00000 
   17   17    1    1    1    1    1    1    1    1  5.82881E+08 0.40508 
   18   18    1    1    1    1    1    1    1    1  1.38170E+09 0.71118 
   19   19    1    1    1    1    1    1    1    1  1.14238E+09 0.34476 
   20   20    1    1    1    1    1    1    1    1  5.08354E+09 0.26768 
   21   21    1    1    1    1    1    1    1    1  6.03906E+09 0.19356 
   22   22    1    1    1    1    1    1    1    1  1.07816E+10 0.12743 
   23   23    1    1    1    1    1    1    1    1  2.08518E+10 0.15065 
   24   24    1    1    1    1    1    1    1    1  7.48063E+10 0.06657 
   25   25    1    1    1    1    1    1    1    1  1.22731E+11 0.04534 
   26   26    1    1    1    1    1    1    1    1  2.85539E+11 0.02659 
   27   27    1    1    1    1    1    1    1    1  6.32639E+11 0.01711 
   28   28    1    1    1    1    1    1    1    1  1.46157E+12 0.01243 
   29   29    1    1    1    1    1    1    1    1  2.46355E+12 0.00704 
   30   30    1    1    1    1    1    1    1    1  5.22306E+12 0.00577 
   31   31    1    1    1    1    1    1    1    1  1.24052E+13 0.00384 
   32   32    1    1    1    1    1    1    1    1  1.92078E+13 0.00383 
   33   33    1    1    1    1    1    1    1    1  4.06310E+13 0.00238 
   34   34    1    1    1    1    1    1    1    1  5.23769E+13 0.00226 
   35   35    1    1    1    1    1    1    1    1  5.65773E+13 0.00180 
   36   36    1    1    1    1    1    1    1    1  3.47497E+13 0.00172 
   37   37    1    1    1    1    1    1    1    1  1.02098E+13 0.00228 
   38   38    1    1    1    1    1    1    1    1  5.82700E+13 0.00233 
   39   39    1    1    1    1    1    1    1    1  7.75861E+13 0.00182 
   40   40    1    1    1    1    1    1    1    1  1.32253E+14 0.00145 
   41   41    1    1    1    1    1    1    1    1  1.27527E+14 0.00129 
   42   42    1    1    1    1    1    1    1    1  2.73425E+14 0.00098 
   43   43    1    1    1    1    1    1    1    1  3.27327E+14 0.00091 
   44   44    1    1    1    1    1    1    1    1  4.66491E+14 0.00092 
   45   45    1    1    1    1    1    1    1    1  9.18181E+14 0.00072 
   46   46    1    1    1    1    1    1    1    1  4.18151E+14 0.00063 
   47   47    1    1    1    1    1    1    1    1  6.61181E+14 0.00058 
   48   48    1    1    1    1    1    1    1    1  9.13541E+14 0.00064 
   49   49    1    1    1    1    1    1    1    1  8.90565E+14 0.00055 
   50   50    1    1    1    1    1    1    1    1  1.39956E+15 0.00062 
   51   51    1    1    1    1    1    1    1    1  1.08625E+15 0.00054 
   52   52    1    1    1    1    1    1    1    1  1.31238E+15 0.00047 
   53   53    1    1    1    1    1    1    1    1  9.04627E+14 0.00047 
   54   54    1    1    1    1    1    1    1    1  1.12679E+15 0.00036 
   55   55    1    1    1    1    1    1    1    1  7.72744E+14 0.00049 
   56   56    1    1    1    1    1    1    1    1  1.04400E+14 0.00126 
   57   57    1    1    1    1    1    1    1    1  1.52580E+15 0.00043 
   58   58    1    1    1    1    1    1    1    1  6.97583E+14 0.00046 
   59   59    1    1    1    1    1    1    1    1  7.36793E+14 0.00059 
   60   60    1    1    1    1    1    1    1    1  5.85804E+14 0.00068 
   61   61    1    1    1    1    1    1    1    1  5.84173E+14 0.00071 
   62   62    1    1    1    1    1    1    1    1  6.08580E+14 0.00069 
   63   63    1    1    1    1    1    1    1    1  5.14564E+14 0.00064 
   64   64    1    1    1    1    1    1    1    1  4.09555E+14 0.00061 
   65   65    1    1    1    1    1    1    1    1  4.06627E+14 0.00072 
   66   66    1    1    1    1    1    1    1    1  2.95388E+14 0.00100 
   67   67    1    1    1    1    1    1    1    1  2.39122E+14 0.00102 
   68   68    1    1    1    1    1    1    1    1  2.13093E+14 0.00095 
   69   69    1    1    1    1    1    1    1    1  2.55273E+14 0.00098 
   70   70    1    1    1    1    1    1    1    1  2.16736E+14 0.00081 
   71   71    1    1    1    1    1    1    1    1  3.88419E+14 0.00118 
   72   72    1    1    1    1    1    1    1    1  2.73865E+14 0.00119 
   73   73    1    1    1    1    1    1    1    1  2.07107E+14 0.00091 
   74   74    1    1    1    1    1    1    1    1  1.68894E+14 0.00103 
   75   75    1    1    1    1    1    1    1    1  1.41604E+14 0.00125 
   76   76    1    1    1    1    1    1    1    1  1.66271E+14 0.00122 
   77   77    1    1    1    1    1    1    1    1  1.32816E+14 0.00103 
   78   78    1    1    1    1    1    1    1    1  1.07036E+14 0.00164 
   79   79    1    1    1    1    1    1    1    1  1.11301E+14 0.00159 
   80   80    1    1    1    1    1    1    1    1  8.26565E+13 0.00179 
   81   81    1    1    1    1    1    1    1    1  6.38077E+13 0.00194 
   82   82    1    1    1    1    1    1    1    1  4.89724E+13 0.00244 
   83   83    1    1    1    1    1    1    1    1  4.56362E+13 0.00208 
   84   84    1    1    1    1    1    1    1    1  3.29293E+13 0.00190 
   85   85    1    1    1    1    1    1    1    1  2.36138E+13 0.00294 
   86   86    1    1    1    1    1    1    1    1  2.20764E+13 0.00357 
   87   87    1    1    1    1    1    1    1    1  1.34168E+13 0.00421 
   88   88    1    1    1    1    1    1    1    1  8.99448E+12 0.00534 
   89   89    1    1    1    1    1    1    1    1  5.13527E+12 0.00721 
   90   90    1    1    1    1    1    1    1    1  3.35203E+12 0.00925 
   91   91    1    1    1    1    1    1    1    1  1.65141E+12 0.01082 
   92   92    1    1    1    1    1    1    1    1  8.00717E+11 0.01288 
   93   93    1    1    1    1    1    1    1    1  4.09458E+11 0.02382 
   94   94    1    1    1    1    1    1    1    1  1.85769E+11 0.04345 
   95   95    1    1    1    1    1    1    1    1  8.90065E+10 0.04539 
   96   96    1    1    1    1    1    1    1    1  3.53506E+10 0.07486 
   97   97    1    1    1    1    1    1    1    1  2.06865E+10 0.10491 
   98   98    1    1    1    1    1    1    1    1  7.96061E+09 0.15202 
   99   99    1    1    1    1    1    1    1    1  2.62629E+09 0.24465 
  100  100    1    1    1    1    1    1    1    1  4.46682E+09 0.19854 
];


