
DETdpaspec = [
    1    1    1    1    1    1    1    1    1    1  0.00000E+00 0.00000 
    2    2    1    1    1    1    1    1    1    1  0.00000E+00 0.00000 
    3    3    1    1    1    1    1    1    1    1  0.00000E+00 0.00000 
    4    4    1    1    1    1    1    1    1    1  0.00000E+00 0.00000 
    5    5    1    1    1    1    1    1    1    1  0.00000E+00 0.00000 
    6    6    1    1    1    1    1    1    1    1  0.00000E+00 0.00000 
    7    7    1    1    1    1    1    1    1    1  0.00000E+00 0.00000 
    8    8    1    1    1    1    1    1    1    1  0.00000E+00 0.00000 
    9    9    1    1    1    1    1    1    1    1  0.00000E+00 0.00000 
   10   10    1    1    1    1    1    1    1    1  0.00000E+00 0.00000 
   11   11    1    1    1    1    1    1    1    1  2.99797E+07 1.00000 
   12   12    1    1    1    1    1    1    1    1  1.63522E+08 0.83197 
   13   13    1    1    1    1    1    1    1    1  5.41845E+08 0.69321 
   14   14    1    1    1    1    1    1    1    1  2.18464E+09 0.39152 
   15   15    1    1    1    1    1    1    1    1  2.31870E+09 0.47618 
   16   16    1    1    1    1    1    1    1    1  3.45017E+08 0.57268 
   17   17    1    1    1    1    1    1    1    1  1.17417E+09 0.32593 
   18   18    1    1    1    1    1    1    1    1  1.42476E+09 0.28999 
   19   19    1    1    1    1    1    1    1    1  2.41884E+09 0.23734 
   20   20    1    1    1    1    1    1    1    1  7.03904E+09 0.17216 
   21   21    1    1    1    1    1    1    1    1  6.25286E+09 0.15347 
   22   22    1    1    1    1    1    1    1    1  1.31254E+10 0.11697 
   23   23    1    1    1    1    1    1    1    1  1.92417E+10 0.08553 
   24   24    1    1    1    1    1    1    1    1  3.87591E+10 0.09708 
   25   25    1    1    1    1    1    1    1    1  4.94985E+10 0.06893 
   26   26    1    1    1    1    1    1    1    1  8.36535E+10 0.05381 
   27   27    1    1    1    1    1    1    1    1  1.76529E+11 0.02267 
   28   28    1    1    1    1    1    1    1    1  4.05740E+11 0.02606 
   29   29    1    1    1    1    1    1    1    1  7.21179E+11 0.01354 
   30   30    1    1    1    1    1    1    1    1  1.90518E+12 0.00957 
   31   31    1    1    1    1    1    1    1    1  5.60577E+12 0.00811 
   32   32    1    1    1    1    1    1    1    1  9.98046E+12 0.00396 
   33   33    1    1    1    1    1    1    1    1  2.32748E+13 0.00439 
   34   34    1    1    1    1    1    1    1    1  3.22448E+13 0.00337 
   35   35    1    1    1    1    1    1    1    1  3.97726E+13 0.00214 
   36   36    1    1    1    1    1    1    1    1  2.63668E+13 0.00267 
   37   37    1    1    1    1    1    1    1    1  7.95163E+12 0.00297 
   38   38    1    1    1    1    1    1    1    1  4.47726E+13 0.00277 
   39   39    1    1    1    1    1    1    1    1  6.01834E+13 0.00220 
   40   40    1    1    1    1    1    1    1    1  1.04207E+14 0.00195 
   41   41    1    1    1    1    1    1    1    1  1.03600E+14 0.00212 
   42   42    1    1    1    1    1    1    1    1  2.23396E+14 0.00204 
   43   43    1    1    1    1    1    1    1    1  2.71597E+14 0.00127 
   44   44    1    1    1    1    1    1    1    1  3.94524E+14 0.00109 
   45   45    1    1    1    1    1    1    1    1  7.95530E+14 0.00071 
   46   46    1    1    1    1    1    1    1    1  3.74031E+14 0.00091 
   47   47    1    1    1    1    1    1    1    1  5.99895E+14 0.00083 
   48   48    1    1    1    1    1    1    1    1  8.42534E+14 0.00060 
   49   49    1    1    1    1    1    1    1    1  8.34099E+14 0.00055 
   50   50    1    1    1    1    1    1    1    1  1.32129E+15 0.00049 
   51   51    1    1    1    1    1    1    1    1  1.05249E+15 0.00056 
   52   52    1    1    1    1    1    1    1    1  1.27178E+15 0.00046 
   53   53    1    1    1    1    1    1    1    1  8.89170E+14 0.00053 
   54   54    1    1    1    1    1    1    1    1  1.10433E+15 0.00060 
   55   55    1    1    1    1    1    1    1    1  7.64203E+14 0.00065 
   56   56    1    1    1    1    1    1    1    1  1.03930E+14 0.00102 
   57   57    1    1    1    1    1    1    1    1  1.52289E+15 0.00054 
   58   58    1    1    1    1    1    1    1    1  6.91092E+14 0.00079 
   59   59    1    1    1    1    1    1    1    1  7.37138E+14 0.00055 
   60   60    1    1    1    1    1    1    1    1  5.82897E+14 0.00059 
   61   61    1    1    1    1    1    1    1    1  5.84313E+14 0.00071 
   62   62    1    1    1    1    1    1    1    1  6.10441E+14 0.00067 
   63   63    1    1    1    1    1    1    1    1  5.17955E+14 0.00096 
   64   64    1    1    1    1    1    1    1    1  4.14108E+14 0.00080 
   65   65    1    1    1    1    1    1    1    1  4.13436E+14 0.00067 
   66   66    1    1    1    1    1    1    1    1  3.01089E+14 0.00103 
   67   67    1    1    1    1    1    1    1    1  2.44638E+14 0.00102 
   68   68    1    1    1    1    1    1    1    1  2.19375E+14 0.00082 
   69   69    1    1    1    1    1    1    1    1  2.63784E+14 0.00093 
   70   70    1    1    1    1    1    1    1    1  2.24341E+14 0.00108 
   71   71    1    1    1    1    1    1    1    1  4.08190E+14 0.00063 
   72   72    1    1    1    1    1    1    1    1  2.89677E+14 0.00095 
   73   73    1    1    1    1    1    1    1    1  2.20077E+14 0.00121 
   74   74    1    1    1    1    1    1    1    1  1.78218E+14 0.00112 
   75   75    1    1    1    1    1    1    1    1  1.48918E+14 0.00104 
   76   76    1    1    1    1    1    1    1    1  1.73768E+14 0.00076 
   77   77    1    1    1    1    1    1    1    1  1.38764E+14 0.00094 
   78   78    1    1    1    1    1    1    1    1  1.10407E+14 0.00160 
   79   79    1    1    1    1    1    1    1    1  1.14764E+14 0.00104 
   80   80    1    1    1    1    1    1    1    1  8.53635E+13 0.00185 
   81   81    1    1    1    1    1    1    1    1  6.58716E+13 0.00198 
   82   82    1    1    1    1    1    1    1    1  5.06000E+13 0.00227 
   83   83    1    1    1    1    1    1    1    1  4.71997E+13 0.00208 
   84   84    1    1    1    1    1    1    1    1  3.39223E+13 0.00293 
   85   85    1    1    1    1    1    1    1    1  2.45647E+13 0.00334 
   86   86    1    1    1    1    1    1    1    1  2.29551E+13 0.00377 
   87   87    1    1    1    1    1    1    1    1  1.41743E+13 0.00407 
   88   88    1    1    1    1    1    1    1    1  9.55865E+12 0.00523 
   89   89    1    1    1    1    1    1    1    1  5.45035E+12 0.00675 
   90   90    1    1    1    1    1    1    1    1  3.64266E+12 0.01106 
   91   91    1    1    1    1    1    1    1    1  1.84214E+12 0.01333 
   92   92    1    1    1    1    1    1    1    1  8.90777E+11 0.01725 
   93   93    1    1    1    1    1    1    1    1  4.11771E+11 0.02064 
   94   94    1    1    1    1    1    1    1    1  2.03566E+11 0.03342 
   95   95    1    1    1    1    1    1    1    1  9.33923E+10 0.06830 
   96   96    1    1    1    1    1    1    1    1  4.74387E+10 0.08011 
   97   97    1    1    1    1    1    1    1    1  2.20881E+10 0.09570 
   98   98    1    1    1    1    1    1    1    1  1.17020E+10 0.10755 
   99   99    1    1    1    1    1    1    1    1  7.94447E+09 0.22991 
  100  100    1    1    1    1    1    1    1    1  5.04999E+09 0.25250 
];


