
DETdpaspec = [
    1    1    1    1    1    1    1    1    1    1  0.00000E+00 0.00000 
    2    2    1    1    1    1    1    1    1    1  0.00000E+00 0.00000 
    3    3    1    1    1    1    1    1    1    1  0.00000E+00 0.00000 
    4    4    1    1    1    1    1    1    1    1  0.00000E+00 0.00000 
    5    5    1    1    1    1    1    1    1    1  0.00000E+00 0.00000 
    6    6    1    1    1    1    1    1    1    1  0.00000E+00 0.00000 
    7    7    1    1    1    1    1    1    1    1  0.00000E+00 0.00000 
    8    8    1    1    1    1    1    1    1    1  0.00000E+00 0.00000 
    9    9    1    1    1    1    1    1    1    1  0.00000E+00 0.00000 
   10   10    1    1    1    1    1    1    1    1  0.00000E+00 0.00000 
   11   11    1    1    1    1    1    1    1    1  0.00000E+00 0.00000 
   12   12    1    1    1    1    1    1    1    1  0.00000E+00 0.00000 
   13   13    1    1    1    1    1    1    1    1  0.00000E+00 0.00000 
   14   14    1    1    1    1    1    1    1    1  6.55061E+08 0.72823 
   15   15    1    1    1    1    1    1    1    1  9.23098E+08 0.66438 
   16   16    1    1    1    1    1    1    1    1  7.72039E+08 0.51237 
   17   17    1    1    1    1    1    1    1    1  1.18954E+09 0.42466 
   18   18    1    1    1    1    1    1    1    1  1.75873E+09 0.31013 
   19   19    1    1    1    1    1    1    1    1  1.37238E+09 0.30041 
   20   20    1    1    1    1    1    1    1    1  4.72733E+09 0.19463 
   21   21    1    1    1    1    1    1    1    1  5.86180E+09 0.17998 
   22   22    1    1    1    1    1    1    1    1  1.27808E+10 0.16221 
   23   23    1    1    1    1    1    1    1    1  2.85734E+10 0.14212 
   24   24    1    1    1    1    1    1    1    1  8.32719E+10 0.08024 
   25   25    1    1    1    1    1    1    1    1  1.32899E+11 0.05661 
   26   26    1    1    1    1    1    1    1    1  3.09362E+11 0.03061 
   27   27    1    1    1    1    1    1    1    1  7.02921E+11 0.02355 
   28   28    1    1    1    1    1    1    1    1  1.53427E+12 0.01121 
   29   29    1    1    1    1    1    1    1    1  2.63530E+12 0.01021 
   30   30    1    1    1    1    1    1    1    1  5.57081E+12 0.00653 
   31   31    1    1    1    1    1    1    1    1  1.29595E+13 0.00462 
   32   32    1    1    1    1    1    1    1    1  2.00237E+13 0.00425 
   33   33    1    1    1    1    1    1    1    1  4.19551E+13 0.00326 
   34   34    1    1    1    1    1    1    1    1  5.39259E+13 0.00304 
   35   35    1    1    1    1    1    1    1    1  5.77430E+13 0.00222 
   36   36    1    1    1    1    1    1    1    1  3.54895E+13 0.00195 
   37   37    1    1    1    1    1    1    1    1  1.04234E+13 0.00224 
   38   38    1    1    1    1    1    1    1    1  5.94367E+13 0.00125 
   39   39    1    1    1    1    1    1    1    1  7.85435E+13 0.00153 
   40   40    1    1    1    1    1    1    1    1  1.33570E+14 0.00160 
   41   41    1    1    1    1    1    1    1    1  1.28913E+14 0.00120 
   42   42    1    1    1    1    1    1    1    1  2.76487E+14 0.00105 
   43   43    1    1    1    1    1    1    1    1  3.29797E+14 0.00090 
   44   44    1    1    1    1    1    1    1    1  4.69179E+14 0.00096 
   45   45    1    1    1    1    1    1    1    1  9.25766E+14 0.00077 
   46   46    1    1    1    1    1    1    1    1  4.21328E+14 0.00079 
   47   47    1    1    1    1    1    1    1    1  6.65377E+14 0.00078 
   48   48    1    1    1    1    1    1    1    1  9.17936E+14 0.00056 
   49   49    1    1    1    1    1    1    1    1  8.93476E+14 0.00054 
   50   50    1    1    1    1    1    1    1    1  1.40299E+15 0.00046 
   51   51    1    1    1    1    1    1    1    1  1.08788E+15 0.00072 
   52   52    1    1    1    1    1    1    1    1  1.31316E+15 0.00054 
   53   53    1    1    1    1    1    1    1    1  9.03905E+14 0.00061 
   54   54    1    1    1    1    1    1    1    1  1.12648E+15 0.00065 
   55   55    1    1    1    1    1    1    1    1  7.72002E+14 0.00057 
   56   56    1    1    1    1    1    1    1    1  1.04569E+14 0.00122 
   57   57    1    1    1    1    1    1    1    1  1.52524E+15 0.00057 
   58   58    1    1    1    1    1    1    1    1  6.96349E+14 0.00046 
   59   59    1    1    1    1    1    1    1    1  7.35368E+14 0.00053 
   60   60    1    1    1    1    1    1    1    1  5.84386E+14 0.00068 
   61   61    1    1    1    1    1    1    1    1  5.83231E+14 0.00062 
   62   62    1    1    1    1    1    1    1    1  6.06706E+14 0.00072 
   63   63    1    1    1    1    1    1    1    1  5.12407E+14 0.00056 
   64   64    1    1    1    1    1    1    1    1  4.08026E+14 0.00062 
   65   65    1    1    1    1    1    1    1    1  4.05777E+14 0.00085 
   66   66    1    1    1    1    1    1    1    1  2.94371E+14 0.00084 
   67   67    1    1    1    1    1    1    1    1  2.38239E+14 0.00102 
   68   68    1    1    1    1    1    1    1    1  2.11890E+14 0.00117 
   69   69    1    1    1    1    1    1    1    1  2.54024E+14 0.00143 
   70   70    1    1    1    1    1    1    1    1  2.15295E+14 0.00144 
   71   71    1    1    1    1    1    1    1    1  3.86006E+14 0.00075 
   72   72    1    1    1    1    1    1    1    1  2.72020E+14 0.00096 
   73   73    1    1    1    1    1    1    1    1  2.05656E+14 0.00108 
   74   74    1    1    1    1    1    1    1    1  1.67681E+14 0.00112 
   75   75    1    1    1    1    1    1    1    1  1.41070E+14 0.00161 
   76   76    1    1    1    1    1    1    1    1  1.65417E+14 0.00140 
   77   77    1    1    1    1    1    1    1    1  1.32433E+14 0.00151 
   78   78    1    1    1    1    1    1    1    1  1.06356E+14 0.00136 
   79   79    1    1    1    1    1    1    1    1  1.10416E+14 0.00142 
   80   80    1    1    1    1    1    1    1    1  8.21978E+13 0.00120 
   81   81    1    1    1    1    1    1    1    1  6.32878E+13 0.00183 
   82   82    1    1    1    1    1    1    1    1  4.85850E+13 0.00227 
   83   83    1    1    1    1    1    1    1    1  4.53766E+13 0.00310 
   84   84    1    1    1    1    1    1    1    1  3.25615E+13 0.00256 
   85   85    1    1    1    1    1    1    1    1  2.34230E+13 0.00234 
   86   86    1    1    1    1    1    1    1    1  2.19270E+13 0.00405 
   87   87    1    1    1    1    1    1    1    1  1.34574E+13 0.00386 
   88   88    1    1    1    1    1    1    1    1  8.91984E+12 0.00547 
   89   89    1    1    1    1    1    1    1    1  5.06960E+12 0.00597 
   90   90    1    1    1    1    1    1    1    1  3.39553E+12 0.00927 
   91   91    1    1    1    1    1    1    1    1  1.67139E+12 0.01320 
   92   92    1    1    1    1    1    1    1    1  8.02760E+11 0.01650 
   93   93    1    1    1    1    1    1    1    1  3.90488E+11 0.03338 
   94   94    1    1    1    1    1    1    1    1  1.86780E+11 0.04082 
   95   95    1    1    1    1    1    1    1    1  8.60690E+10 0.05414 
   96   96    1    1    1    1    1    1    1    1  4.26085E+10 0.08908 
   97   97    1    1    1    1    1    1    1    1  1.78882E+10 0.13293 
   98   98    1    1    1    1    1    1    1    1  9.04248E+09 0.14140 
   99   99    1    1    1    1    1    1    1    1  4.88993E+09 0.17360 
  100  100    1    1    1    1    1    1    1    1  3.64298E+09 0.25734 
];


