
DETdpaspec = [
    1    1    1    1    1    1    1    1    1    1  0.00000E+00 0.00000 
    2    2    1    1    1    1    1    1    1    1  0.00000E+00 0.00000 
    3    3    1    1    1    1    1    1    1    1  0.00000E+00 0.00000 
    4    4    1    1    1    1    1    1    1    1  0.00000E+00 0.00000 
    5    5    1    1    1    1    1    1    1    1  0.00000E+00 0.00000 
    6    6    1    1    1    1    1    1    1    1  0.00000E+00 0.00000 
    7    7    1    1    1    1    1    1    1    1  0.00000E+00 0.00000 
    8    8    1    1    1    1    1    1    1    1  8.24647E+06 1.00000 
    9    9    1    1    1    1    1    1    1    1  3.58965E+06 1.00000 
   10   10    1    1    1    1    1    1    1    1  0.00000E+00 0.00000 
   11   11    1    1    1    1    1    1    1    1  2.55732E+07 1.00000 
   12   12    1    1    1    1    1    1    1    1  1.16120E+07 0.92349 
   13   13    1    1    1    1    1    1    1    1  1.51254E+08 0.72304 
   14   14    1    1    1    1    1    1    1    1  1.30023E+09 0.48734 
   15   15    1    1    1    1    1    1    1    1  9.36151E+08 0.39149 
   16   16    1    1    1    1    1    1    1    1  2.07304E+08 0.51849 
   17   17    1    1    1    1    1    1    1    1  7.28629E+08 0.46337 
   18   18    1    1    1    1    1    1    1    1  2.53483E+09 0.32141 
   19   19    1    1    1    1    1    1    1    1  3.11513E+09 0.21884 
   20   20    1    1    1    1    1    1    1    1  7.27955E+09 0.13258 
   21   21    1    1    1    1    1    1    1    1  8.14506E+09 0.13564 
   22   22    1    1    1    1    1    1    1    1  1.25228E+10 0.12460 
   23   23    1    1    1    1    1    1    1    1  2.35606E+10 0.11874 
   24   24    1    1    1    1    1    1    1    1  3.76072E+10 0.06309 
   25   25    1    1    1    1    1    1    1    1  4.78055E+10 0.05816 
   26   26    1    1    1    1    1    1    1    1  8.58838E+10 0.04322 
   27   27    1    1    1    1    1    1    1    1  1.54308E+11 0.04133 
   28   28    1    1    1    1    1    1    1    1  3.22731E+11 0.02711 
   29   29    1    1    1    1    1    1    1    1  5.19434E+11 0.02065 
   30   30    1    1    1    1    1    1    1    1  1.44680E+12 0.01505 
   31   31    1    1    1    1    1    1    1    1  4.48548E+12 0.00880 
   32   32    1    1    1    1    1    1    1    1  8.34603E+12 0.00660 
   33   33    1    1    1    1    1    1    1    1  1.97774E+13 0.00311 
   34   34    1    1    1    1    1    1    1    1  2.73962E+13 0.00312 
   35   35    1    1    1    1    1    1    1    1  3.60149E+13 0.00192 
   36   36    1    1    1    1    1    1    1    1  2.45330E+13 0.00296 
   37   37    1    1    1    1    1    1    1    1  7.52302E+12 0.00288 
   38   38    1    1    1    1    1    1    1    1  4.19840E+13 0.00221 
   39   39    1    1    1    1    1    1    1    1  5.68649E+13 0.00244 
   40   40    1    1    1    1    1    1    1    1  9.78595E+13 0.00162 
   41   41    1    1    1    1    1    1    1    1  9.89179E+13 0.00169 
   42   42    1    1    1    1    1    1    1    1  2.11381E+14 0.00143 
   43   43    1    1    1    1    1    1    1    1  2.57279E+14 0.00113 
   44   44    1    1    1    1    1    1    1    1  3.74901E+14 0.00103 
   45   45    1    1    1    1    1    1    1    1  7.57190E+14 0.00082 
   46   46    1    1    1    1    1    1    1    1  3.60043E+14 0.00091 
   47   47    1    1    1    1    1    1    1    1  5.80672E+14 0.00090 
   48   48    1    1    1    1    1    1    1    1  8.19484E+14 0.00082 
   49   49    1    1    1    1    1    1    1    1  8.14875E+14 0.00073 
   50   50    1    1    1    1    1    1    1    1  1.28721E+15 0.00071 
   51   51    1    1    1    1    1    1    1    1  1.03562E+15 0.00066 
   52   52    1    1    1    1    1    1    1    1  1.24390E+15 0.00060 
   53   53    1    1    1    1    1    1    1    1  8.73506E+14 0.00064 
   54   54    1    1    1    1    1    1    1    1  1.07786E+15 0.00068 
   55   55    1    1    1    1    1    1    1    1  7.47518E+14 0.00060 
   56   56    1    1    1    1    1    1    1    1  1.02055E+14 0.00113 
   57   57    1    1    1    1    1    1    1    1  1.49489E+15 0.00047 
   58   58    1    1    1    1    1    1    1    1  6.71589E+14 0.00058 
   59   59    1    1    1    1    1    1    1    1  7.20010E+14 0.00078 
   60   60    1    1    1    1    1    1    1    1  5.65083E+14 0.00071 
   61   61    1    1    1    1    1    1    1    1  5.68090E+14 0.00056 
   62   62    1    1    1    1    1    1    1    1  5.92316E+14 0.00054 
   63   63    1    1    1    1    1    1    1    1  5.01604E+14 0.00060 
   64   64    1    1    1    1    1    1    1    1  4.01910E+14 0.00067 
   65   65    1    1    1    1    1    1    1    1  4.00987E+14 0.00095 
   66   66    1    1    1    1    1    1    1    1  2.91641E+14 0.00083 
   67   67    1    1    1    1    1    1    1    1  2.37763E+14 0.00116 
   68   68    1    1    1    1    1    1    1    1  2.13222E+14 0.00093 
   69   69    1    1    1    1    1    1    1    1  2.57540E+14 0.00119 
   70   70    1    1    1    1    1    1    1    1  2.19530E+14 0.00116 
   71   71    1    1    1    1    1    1    1    1  4.02489E+14 0.00080 
   72   72    1    1    1    1    1    1    1    1  2.86794E+14 0.00091 
   73   73    1    1    1    1    1    1    1    1  2.16785E+14 0.00154 
   74   74    1    1    1    1    1    1    1    1  1.74852E+14 0.00141 
   75   75    1    1    1    1    1    1    1    1  1.45356E+14 0.00133 
   76   76    1    1    1    1    1    1    1    1  1.68714E+14 0.00105 
   77   77    1    1    1    1    1    1    1    1  1.33204E+14 0.00114 
   78   78    1    1    1    1    1    1    1    1  1.06270E+14 0.00198 
   79   79    1    1    1    1    1    1    1    1  1.09406E+14 0.00168 
   80   80    1    1    1    1    1    1    1    1  8.15317E+13 0.00182 
   81   81    1    1    1    1    1    1    1    1  6.28325E+13 0.00215 
   82   82    1    1    1    1    1    1    1    1  4.81273E+13 0.00294 
   83   83    1    1    1    1    1    1    1    1  4.50639E+13 0.00258 
   84   84    1    1    1    1    1    1    1    1  3.24729E+13 0.00244 
   85   85    1    1    1    1    1    1    1    1  2.32614E+13 0.00270 
   86   86    1    1    1    1    1    1    1    1  2.17875E+13 0.00335 
   87   87    1    1    1    1    1    1    1    1  1.35768E+13 0.00458 
   88   88    1    1    1    1    1    1    1    1  9.00045E+12 0.00556 
   89   89    1    1    1    1    1    1    1    1  5.20269E+12 0.00580 
   90   90    1    1    1    1    1    1    1    1  3.48547E+12 0.00967 
   91   91    1    1    1    1    1    1    1    1  1.70788E+12 0.01239 
   92   92    1    1    1    1    1    1    1    1  8.07838E+11 0.01378 
   93   93    1    1    1    1    1    1    1    1  4.07383E+11 0.02800 
   94   94    1    1    1    1    1    1    1    1  1.99511E+11 0.03262 
   95   95    1    1    1    1    1    1    1    1  9.94932E+10 0.05618 
   96   96    1    1    1    1    1    1    1    1  4.55630E+10 0.04721 
   97   97    1    1    1    1    1    1    1    1  2.12982E+10 0.12689 
   98   98    1    1    1    1    1    1    1    1  9.27356E+09 0.19620 
   99   99    1    1    1    1    1    1    1    1  3.98191E+09 0.21803 
  100  100    1    1    1    1    1    1    1    1  5.80074E+09 0.21940 
];


