
DETdpaspec = [
    1    1    1    1    1    1    1    1    1    1  0.00000E+00 0.00000 
    2    2    1    1    1    1    1    1    1    1  2.56300E+06 1.00000 
    3    3    1    1    1    1    1    1    1    1  0.00000E+00 0.00000 
    4    4    1    1    1    1    1    1    1    1  0.00000E+00 0.00000 
    5    5    1    1    1    1    1    1    1    1  0.00000E+00 0.00000 
    6    6    1    1    1    1    1    1    1    1  0.00000E+00 0.00000 
    7    7    1    1    1    1    1    1    1    1  5.42825E+06 1.00000 
    8    8    1    1    1    1    1    1    1    1  0.00000E+00 0.00000 
    9    9    1    1    1    1    1    1    1    1  6.82892E+06 1.00000 
   10   10    1    1    1    1    1    1    1    1  0.00000E+00 0.00000 
   11   11    1    1    1    1    1    1    1    1  0.00000E+00 0.00000 
   12   12    1    1    1    1    1    1    1    1  2.84343E+06 1.00000 
   13   13    1    1    1    1    1    1    1    1  3.40543E+08 0.55696 
   14   14    1    1    1    1    1    1    1    1  9.25045E+08 0.38945 
   15   15    1    1    1    1    1    1    1    1  1.17831E+09 0.38549 
   16   16    1    1    1    1    1    1    1    1  2.59907E+08 0.30700 
   17   17    1    1    1    1    1    1    1    1  1.19171E+09 0.26714 
   18   18    1    1    1    1    1    1    1    1  4.30450E+09 0.24567 
   19   19    1    1    1    1    1    1    1    1  3.47544E+09 0.24627 
   20   20    1    1    1    1    1    1    1    1  1.11453E+10 0.13872 
   21   21    1    1    1    1    1    1    1    1  8.66834E+09 0.11169 
   22   22    1    1    1    1    1    1    1    1  2.05549E+10 0.08485 
   23   23    1    1    1    1    1    1    1    1  2.94996E+10 0.08199 
   24   24    1    1    1    1    1    1    1    1  4.70326E+10 0.06786 
   25   25    1    1    1    1    1    1    1    1  5.97979E+10 0.06551 
   26   26    1    1    1    1    1    1    1    1  9.24617E+10 0.04929 
   27   27    1    1    1    1    1    1    1    1  1.67700E+11 0.03250 
   28   28    1    1    1    1    1    1    1    1  3.27226E+11 0.02042 
   29   29    1    1    1    1    1    1    1    1  4.78285E+11 0.01803 
   30   30    1    1    1    1    1    1    1    1  1.39772E+12 0.01875 
   31   31    1    1    1    1    1    1    1    1  4.30522E+12 0.00963 
   32   32    1    1    1    1    1    1    1    1  7.91413E+12 0.00530 
   33   33    1    1    1    1    1    1    1    1  1.85389E+13 0.00336 
   34   34    1    1    1    1    1    1    1    1  2.54443E+13 0.00370 
   35   35    1    1    1    1    1    1    1    1  3.53577E+13 0.00251 
   36   36    1    1    1    1    1    1    1    1  2.46957E+13 0.00267 
   37   37    1    1    1    1    1    1    1    1  7.69217E+12 0.00272 
   38   38    1    1    1    1    1    1    1    1  4.21426E+13 0.00239 
   39   39    1    1    1    1    1    1    1    1  5.65675E+13 0.00238 
   40   40    1    1    1    1    1    1    1    1  9.66586E+13 0.00156 
   41   41    1    1    1    1    1    1    1    1  9.92723E+13 0.00155 
   42   42    1    1    1    1    1    1    1    1  2.08103E+14 0.00118 
   43   43    1    1    1    1    1    1    1    1  2.53472E+14 0.00102 
   44   44    1    1    1    1    1    1    1    1  3.68116E+14 0.00121 
   45   45    1    1    1    1    1    1    1    1  7.32216E+14 0.00067 
   46   46    1    1    1    1    1    1    1    1  3.52216E+14 0.00098 
   47   47    1    1    1    1    1    1    1    1  5.70394E+14 0.00079 
   48   48    1    1    1    1    1    1    1    1  8.02418E+14 0.00076 
   49   49    1    1    1    1    1    1    1    1  8.00614E+14 0.00070 
   50   50    1    1    1    1    1    1    1    1  1.25556E+15 0.00055 
   51   51    1    1    1    1    1    1    1    1  1.02152E+15 0.00076 
   52   52    1    1    1    1    1    1    1    1  1.20958E+15 0.00072 
   53   53    1    1    1    1    1    1    1    1  8.52813E+14 0.00091 
   54   54    1    1    1    1    1    1    1    1  1.03905E+15 0.00063 
   55   55    1    1    1    1    1    1    1    1  7.22843E+14 0.00068 
   56   56    1    1    1    1    1    1    1    1  9.91479E+13 0.00088 
   57   57    1    1    1    1    1    1    1    1  1.44518E+15 0.00053 
   58   58    1    1    1    1    1    1    1    1  6.39460E+14 0.00087 
   59   59    1    1    1    1    1    1    1    1  6.87999E+14 0.00088 
   60   60    1    1    1    1    1    1    1    1  5.33665E+14 0.00077 
   61   61    1    1    1    1    1    1    1    1  5.37249E+14 0.00069 
   62   62    1    1    1    1    1    1    1    1  5.59963E+14 0.00077 
   63   63    1    1    1    1    1    1    1    1  4.72724E+14 0.00080 
   64   64    1    1    1    1    1    1    1    1  3.77914E+14 0.00085 
   65   65    1    1    1    1    1    1    1    1  3.76378E+14 0.00093 
   66   66    1    1    1    1    1    1    1    1  2.74305E+14 0.00110 
   67   67    1    1    1    1    1    1    1    1  2.24755E+14 0.00126 
   68   68    1    1    1    1    1    1    1    1  2.01938E+14 0.00128 
   69   69    1    1    1    1    1    1    1    1  2.42552E+14 0.00095 
   70   70    1    1    1    1    1    1    1    1  2.07490E+14 0.00117 
   71   71    1    1    1    1    1    1    1    1  3.83832E+14 0.00080 
   72   72    1    1    1    1    1    1    1    1  2.74639E+14 0.00126 
   73   73    1    1    1    1    1    1    1    1  2.07238E+14 0.00134 
   74   74    1    1    1    1    1    1    1    1  1.65580E+14 0.00115 
   75   75    1    1    1    1    1    1    1    1  1.36076E+14 0.00133 
   76   76    1    1    1    1    1    1    1    1  1.56685E+14 0.00141 
   77   77    1    1    1    1    1    1    1    1  1.22640E+14 0.00165 
   78   78    1    1    1    1    1    1    1    1  9.70330E+13 0.00213 
   79   79    1    1    1    1    1    1    1    1  9.98072E+13 0.00201 
   80   80    1    1    1    1    1    1    1    1  7.37428E+13 0.00138 
   81   81    1    1    1    1    1    1    1    1  5.64000E+13 0.00225 
   82   82    1    1    1    1    1    1    1    1  4.34419E+13 0.00262 
   83   83    1    1    1    1    1    1    1    1  4.04129E+13 0.00243 
   84   84    1    1    1    1    1    1    1    1  2.91117E+13 0.00275 
   85   85    1    1    1    1    1    1    1    1  2.10401E+13 0.00323 
   86   86    1    1    1    1    1    1    1    1  1.96633E+13 0.00346 
   87   87    1    1    1    1    1    1    1    1  1.21864E+13 0.00477 
   88   88    1    1    1    1    1    1    1    1  8.16801E+12 0.00589 
   89   89    1    1    1    1    1    1    1    1  4.66956E+12 0.00821 
   90   90    1    1    1    1    1    1    1    1  3.15754E+12 0.00842 
   91   91    1    1    1    1    1    1    1    1  1.56404E+12 0.01428 
   92   92    1    1    1    1    1    1    1    1  8.02072E+11 0.01965 
   93   93    1    1    1    1    1    1    1    1  3.70668E+11 0.03439 
   94   94    1    1    1    1    1    1    1    1  1.78763E+11 0.03324 
   95   95    1    1    1    1    1    1    1    1  8.45576E+10 0.04051 
   96   96    1    1    1    1    1    1    1    1  4.63000E+10 0.05495 
   97   97    1    1    1    1    1    1    1    1  1.60101E+10 0.11914 
   98   98    1    1    1    1    1    1    1    1  9.35607E+09 0.14225 
   99   99    1    1    1    1    1    1    1    1  7.22012E+09 0.18922 
  100  100    1    1    1    1    1    1    1    1  2.65561E+09 0.31126 
];


