
DETdpaspec = [
    1    1    1    1    1    1    1    1    1    1  0.00000E+00 0.00000 
    2    2    1    1    1    1    1    1    1    1  0.00000E+00 0.00000 
    3    3    1    1    1    1    1    1    1    1  0.00000E+00 0.00000 
    4    4    1    1    1    1    1    1    1    1  0.00000E+00 0.00000 
    5    5    1    1    1    1    1    1    1    1  0.00000E+00 0.00000 
    6    6    1    1    1    1    1    1    1    1  6.07291E+06 1.00000 
    7    7    1    1    1    1    1    1    1    1  0.00000E+00 0.00000 
    8    8    1    1    1    1    1    1    1    1  0.00000E+00 0.00000 
    9    9    1    1    1    1    1    1    1    1  0.00000E+00 0.00000 
   10   10    1    1    1    1    1    1    1    1  1.77153E+07 1.00000 
   11   11    1    1    1    1    1    1    1    1  0.00000E+00 0.00000 
   12   12    1    1    1    1    1    1    1    1  1.12631E+06 1.00000 
   13   13    1    1    1    1    1    1    1    1  8.97917E+08 0.52581 
   14   14    1    1    1    1    1    1    1    1  1.96739E+09 0.36665 
   15   15    1    1    1    1    1    1    1    1  1.99577E+09 0.40481 
   16   16    1    1    1    1    1    1    1    1  3.78087E+08 0.42793 
   17   17    1    1    1    1    1    1    1    1  5.22655E+08 0.32073 
   18   18    1    1    1    1    1    1    1    1  2.16597E+09 0.32988 
   19   19    1    1    1    1    1    1    1    1  2.04000E+09 0.29404 
   20   20    1    1    1    1    1    1    1    1  5.66496E+09 0.22700 
   21   21    1    1    1    1    1    1    1    1  7.66188E+09 0.15126 
   22   22    1    1    1    1    1    1    1    1  1.16197E+10 0.13031 
   23   23    1    1    1    1    1    1    1    1  2.27264E+10 0.07370 
   24   24    1    1    1    1    1    1    1    1  4.17556E+10 0.08522 
   25   25    1    1    1    1    1    1    1    1  4.54438E+10 0.08200 
   26   26    1    1    1    1    1    1    1    1  7.67630E+10 0.05942 
   27   27    1    1    1    1    1    1    1    1  1.56556E+11 0.03937 
   28   28    1    1    1    1    1    1    1    1  3.53961E+11 0.02295 
   29   29    1    1    1    1    1    1    1    1  6.20687E+11 0.02559 
   30   30    1    1    1    1    1    1    1    1  1.66160E+12 0.01408 
   31   31    1    1    1    1    1    1    1    1  5.09216E+12 0.00627 
   32   32    1    1    1    1    1    1    1    1  9.23108E+12 0.00556 
   33   33    1    1    1    1    1    1    1    1  2.18029E+13 0.00516 
   34   34    1    1    1    1    1    1    1    1  3.03358E+13 0.00383 
   35   35    1    1    1    1    1    1    1    1  3.82201E+13 0.00367 
   36   36    1    1    1    1    1    1    1    1  2.54120E+13 0.00342 
   37   37    1    1    1    1    1    1    1    1  7.69078E+12 0.00342 
   38   38    1    1    1    1    1    1    1    1  4.34006E+13 0.00246 
   39   39    1    1    1    1    1    1    1    1  5.86397E+13 0.00193 
   40   40    1    1    1    1    1    1    1    1  1.01214E+14 0.00196 
   41   41    1    1    1    1    1    1    1    1  1.01472E+14 0.00226 
   42   42    1    1    1    1    1    1    1    1  2.17954E+14 0.00157 
   43   43    1    1    1    1    1    1    1    1  2.65445E+14 0.00120 
   44   44    1    1    1    1    1    1    1    1  3.85535E+14 0.00129 
   45   45    1    1    1    1    1    1    1    1  7.78320E+14 0.00109 
   46   46    1    1    1    1    1    1    1    1  3.67709E+14 0.00104 
   47   47    1    1    1    1    1    1    1    1  5.92024E+14 0.00102 
   48   48    1    1    1    1    1    1    1    1  8.32487E+14 0.00076 
   49   49    1    1    1    1    1    1    1    1  8.26656E+14 0.00077 
   50   50    1    1    1    1    1    1    1    1  1.30888E+15 0.00055 
   51   51    1    1    1    1    1    1    1    1  1.04527E+15 0.00075 
   52   52    1    1    1    1    1    1    1    1  1.26159E+15 0.00056 
   53   53    1    1    1    1    1    1    1    1  8.84049E+14 0.00075 
   54   54    1    1    1    1    1    1    1    1  1.09550E+15 0.00067 
   55   55    1    1    1    1    1    1    1    1  7.58547E+14 0.00058 
   56   56    1    1    1    1    1    1    1    1  1.03260E+14 0.00092 
   57   57    1    1    1    1    1    1    1    1  1.51583E+15 0.00054 
   58   58    1    1    1    1    1    1    1    1  6.86155E+14 0.00086 
   59   59    1    1    1    1    1    1    1    1  7.32633E+14 0.00078 
   60   60    1    1    1    1    1    1    1    1  5.77586E+14 0.00079 
   61   61    1    1    1    1    1    1    1    1  5.80995E+14 0.00045 
   62   62    1    1    1    1    1    1    1    1  6.06192E+14 0.00063 
   63   63    1    1    1    1    1    1    1    1  5.14192E+14 0.00083 
   64   64    1    1    1    1    1    1    1    1  4.11614E+14 0.00098 
   65   65    1    1    1    1    1    1    1    1  4.10771E+14 0.00085 
   66   66    1    1    1    1    1    1    1    1  2.98653E+14 0.00081 
   67   67    1    1    1    1    1    1    1    1  2.43415E+14 0.00092 
   68   68    1    1    1    1    1    1    1    1  2.18113E+14 0.00133 
   69   69    1    1    1    1    1    1    1    1  2.62055E+14 0.00116 
   70   70    1    1    1    1    1    1    1    1  2.23460E+14 0.00124 
   71   71    1    1    1    1    1    1    1    1  4.07870E+14 0.00101 
   72   72    1    1    1    1    1    1    1    1  2.89973E+14 0.00101 
   73   73    1    1    1    1    1    1    1    1  2.19786E+14 0.00101 
   74   74    1    1    1    1    1    1    1    1  1.77731E+14 0.00126 
   75   75    1    1    1    1    1    1    1    1  1.48420E+14 0.00166 
   76   76    1    1    1    1    1    1    1    1  1.73086E+14 0.00139 
   77   77    1    1    1    1    1    1    1    1  1.37244E+14 0.00142 
   78   78    1    1    1    1    1    1    1    1  1.10162E+14 0.00163 
   79   79    1    1    1    1    1    1    1    1  1.13675E+14 0.00182 
   80   80    1    1    1    1    1    1    1    1  8.40773E+13 0.00175 
   81   81    1    1    1    1    1    1    1    1  6.51229E+13 0.00156 
   82   82    1    1    1    1    1    1    1    1  5.00564E+13 0.00206 
   83   83    1    1    1    1    1    1    1    1  4.66982E+13 0.00287 
   84   84    1    1    1    1    1    1    1    1  3.35168E+13 0.00231 
   85   85    1    1    1    1    1    1    1    1  2.43515E+13 0.00461 
   86   86    1    1    1    1    1    1    1    1  2.26432E+13 0.00387 
   87   87    1    1    1    1    1    1    1    1  1.39656E+13 0.00454 
   88   88    1    1    1    1    1    1    1    1  9.40479E+12 0.00588 
   89   89    1    1    1    1    1    1    1    1  5.37347E+12 0.00870 
   90   90    1    1    1    1    1    1    1    1  3.58154E+12 0.00770 
   91   91    1    1    1    1    1    1    1    1  1.80049E+12 0.00917 
   92   92    1    1    1    1    1    1    1    1  8.56713E+11 0.02111 
   93   93    1    1    1    1    1    1    1    1  4.16163E+11 0.03106 
   94   94    1    1    1    1    1    1    1    1  1.99619E+11 0.03797 
   95   95    1    1    1    1    1    1    1    1  9.51250E+10 0.05786 
   96   96    1    1    1    1    1    1    1    1  4.68416E+10 0.09747 
   97   97    1    1    1    1    1    1    1    1  2.47604E+10 0.10177 
   98   98    1    1    1    1    1    1    1    1  1.13693E+10 0.16803 
   99   99    1    1    1    1    1    1    1    1  4.93085E+09 0.23006 
  100  100    1    1    1    1    1    1    1    1  3.05885E+09 0.25514 
];


