
DETdpaspec = [
    1    1    1    1    1    1    1    1    1    1  0.00000E+00 0.00000 
    2    2    1    1    1    1    1    1    1    1  0.00000E+00 0.00000 
    3    3    1    1    1    1    1    1    1    1  0.00000E+00 0.00000 
    4    4    1    1    1    1    1    1    1    1  0.00000E+00 0.00000 
    5    5    1    1    1    1    1    1    1    1  0.00000E+00 0.00000 
    6    6    1    1    1    1    1    1    1    1  0.00000E+00 0.00000 
    7    7    1    1    1    1    1    1    1    1  0.00000E+00 0.00000 
    8    8    1    1    1    1    1    1    1    1  0.00000E+00 0.00000 
    9    9    1    1    1    1    1    1    1    1  7.00199E+06 1.00000 
   10   10    1    1    1    1    1    1    1    1  4.09925E+07 1.00000 
   11   11    1    1    1    1    1    1    1    1  5.84416E+07 0.70079 
   12   12    1    1    1    1    1    1    1    1  0.00000E+00 0.00000 
   13   13    1    1    1    1    1    1    1    1  4.95633E+08 0.53823 
   14   14    1    1    1    1    1    1    1    1  9.33929E+08 0.36487 
   15   15    1    1    1    1    1    1    1    1  1.24722E+09 0.32184 
   16   16    1    1    1    1    1    1    1    1  4.20874E+08 0.44182 
   17   17    1    1    1    1    1    1    1    1  1.21487E+09 0.25626 
   18   18    1    1    1    1    1    1    1    1  1.08254E+09 0.24966 
   19   19    1    1    1    1    1    1    1    1  1.79475E+09 0.22000 
   20   20    1    1    1    1    1    1    1    1  8.18443E+09 0.20069 
   21   21    1    1    1    1    1    1    1    1  7.22315E+09 0.11624 
   22   22    1    1    1    1    1    1    1    1  1.63586E+10 0.11881 
   23   23    1    1    1    1    1    1    1    1  2.26740E+10 0.09937 
   24   24    1    1    1    1    1    1    1    1  3.52382E+10 0.08719 
   25   25    1    1    1    1    1    1    1    1  5.21889E+10 0.05242 
   26   26    1    1    1    1    1    1    1    1  7.48561E+10 0.04074 
   27   27    1    1    1    1    1    1    1    1  1.41692E+11 0.03136 
   28   28    1    1    1    1    1    1    1    1  3.23742E+11 0.02515 
   29   29    1    1    1    1    1    1    1    1  5.23648E+11 0.02329 
   30   30    1    1    1    1    1    1    1    1  1.50300E+12 0.01148 
   31   31    1    1    1    1    1    1    1    1  4.56687E+12 0.00688 
   32   32    1    1    1    1    1    1    1    1  8.50619E+12 0.00646 
   33   33    1    1    1    1    1    1    1    1  2.00999E+13 0.00467 
   34   34    1    1    1    1    1    1    1    1  2.79221E+13 0.00296 
   35   35    1    1    1    1    1    1    1    1  3.63058E+13 0.00346 
   36   36    1    1    1    1    1    1    1    1  2.46883E+13 0.00311 
   37   37    1    1    1    1    1    1    1    1  7.54208E+12 0.00327 
   38   38    1    1    1    1    1    1    1    1  4.22406E+13 0.00169 
   39   39    1    1    1    1    1    1    1    1  5.68870E+13 0.00216 
   40   40    1    1    1    1    1    1    1    1  9.82845E+13 0.00163 
   41   41    1    1    1    1    1    1    1    1  9.92200E+13 0.00143 
   42   42    1    1    1    1    1    1    1    1  2.12046E+14 0.00129 
   43   43    1    1    1    1    1    1    1    1  2.58630E+14 0.00126 
   44   44    1    1    1    1    1    1    1    1  3.76747E+14 0.00129 
   45   45    1    1    1    1    1    1    1    1  7.59331E+14 0.00084 
   46   46    1    1    1    1    1    1    1    1  3.60799E+14 0.00073 
   47   47    1    1    1    1    1    1    1    1  5.82292E+14 0.00071 
   48   48    1    1    1    1    1    1    1    1  8.21125E+14 0.00080 
   49   49    1    1    1    1    1    1    1    1  8.16079E+14 0.00065 
   50   50    1    1    1    1    1    1    1    1  1.29126E+15 0.00054 
   51   51    1    1    1    1    1    1    1    1  1.03753E+15 0.00046 
   52   52    1    1    1    1    1    1    1    1  1.24658E+15 0.00065 
   53   53    1    1    1    1    1    1    1    1  8.75299E+14 0.00053 
   54   54    1    1    1    1    1    1    1    1  1.08012E+15 0.00065 
   55   55    1    1    1    1    1    1    1    1  7.49011E+14 0.00070 
   56   56    1    1    1    1    1    1    1    1  1.02181E+14 0.00150 
   57   57    1    1    1    1    1    1    1    1  1.49794E+15 0.00061 
   58   58    1    1    1    1    1    1    1    1  6.74251E+14 0.00095 
   59   59    1    1    1    1    1    1    1    1  7.21656E+14 0.00087 
   60   60    1    1    1    1    1    1    1    1  5.66778E+14 0.00068 
   61   61    1    1    1    1    1    1    1    1  5.69309E+14 0.00089 
   62   62    1    1    1    1    1    1    1    1  5.94385E+14 0.00093 
   63   63    1    1    1    1    1    1    1    1  5.03494E+14 0.00100 
   64   64    1    1    1    1    1    1    1    1  4.02185E+14 0.00098 
   65   65    1    1    1    1    1    1    1    1  4.02356E+14 0.00093 
   66   66    1    1    1    1    1    1    1    1  2.93132E+14 0.00113 
   67   67    1    1    1    1    1    1    1    1  2.39111E+14 0.00095 
   68   68    1    1    1    1    1    1    1    1  2.14493E+14 0.00151 
   69   69    1    1    1    1    1    1    1    1  2.58093E+14 0.00095 
   70   70    1    1    1    1    1    1    1    1  2.20930E+14 0.00117 
   71   71    1    1    1    1    1    1    1    1  4.03963E+14 0.00099 
   72   72    1    1    1    1    1    1    1    1  2.87053E+14 0.00098 
   73   73    1    1    1    1    1    1    1    1  2.17470E+14 0.00137 
   74   74    1    1    1    1    1    1    1    1  1.75375E+14 0.00145 
   75   75    1    1    1    1    1    1    1    1  1.45681E+14 0.00133 
   76   76    1    1    1    1    1    1    1    1  1.69601E+14 0.00120 
   77   77    1    1    1    1    1    1    1    1  1.34187E+14 0.00143 
   78   78    1    1    1    1    1    1    1    1  1.07095E+14 0.00176 
   79   79    1    1    1    1    1    1    1    1  1.10240E+14 0.00123 
   80   80    1    1    1    1    1    1    1    1  8.18892E+13 0.00213 
   81   81    1    1    1    1    1    1    1    1  6.33580E+13 0.00175 
   82   82    1    1    1    1    1    1    1    1  4.83848E+13 0.00226 
   83   83    1    1    1    1    1    1    1    1  4.52269E+13 0.00196 
   84   84    1    1    1    1    1    1    1    1  3.26771E+13 0.00353 
   85   85    1    1    1    1    1    1    1    1  2.35142E+13 0.00344 
   86   86    1    1    1    1    1    1    1    1  2.20121E+13 0.00265 
   87   87    1    1    1    1    1    1    1    1  1.36582E+13 0.00300 
   88   88    1    1    1    1    1    1    1    1  9.14053E+12 0.00536 
   89   89    1    1    1    1    1    1    1    1  5.22398E+12 0.00936 
   90   90    1    1    1    1    1    1    1    1  3.49803E+12 0.00671 
   91   91    1    1    1    1    1    1    1    1  1.75437E+12 0.01629 
   92   92    1    1    1    1    1    1    1    1  8.51245E+11 0.02005 
   93   93    1    1    1    1    1    1    1    1  4.05650E+11 0.02769 
   94   94    1    1    1    1    1    1    1    1  1.84098E+11 0.03576 
   95   95    1    1    1    1    1    1    1    1  8.97706E+10 0.04856 
   96   96    1    1    1    1    1    1    1    1  3.99065E+10 0.06248 
   97   97    1    1    1    1    1    1    1    1  2.07825E+10 0.08835 
   98   98    1    1    1    1    1    1    1    1  9.83529E+09 0.16663 
   99   99    1    1    1    1    1    1    1    1  3.69187E+09 0.21690 
  100  100    1    1    1    1    1    1    1    1  4.04790E+09 0.31982 
];


