
DETdpaspec = [
    1    1    1    1    1    1    1    1    1    1  0.00000E+00 0.00000 
    2    2    1    1    1    1    1    1    1    1  0.00000E+00 0.00000 
    3    3    1    1    1    1    1    1    1    1  0.00000E+00 0.00000 
    4    4    1    1    1    1    1    1    1    1  0.00000E+00 0.00000 
    5    5    1    1    1    1    1    1    1    1  0.00000E+00 0.00000 
    6    6    1    1    1    1    1    1    1    1  0.00000E+00 0.00000 
    7    7    1    1    1    1    1    1    1    1  0.00000E+00 0.00000 
    8    8    1    1    1    1    1    1    1    1  0.00000E+00 0.00000 
    9    9    1    1    1    1    1    1    1    1  0.00000E+00 0.00000 
   10   10    1    1    1    1    1    1    1    1  0.00000E+00 0.00000 
   11   11    1    1    1    1    1    1    1    1  3.49164E+07 1.00000 
   12   12    1    1    1    1    1    1    1    1  1.83256E+06 1.00000 
   13   13    1    1    1    1    1    1    1    1  3.62123E+08 0.79531 
   14   14    1    1    1    1    1    1    1    1  3.85030E+08 0.42713 
   15   15    1    1    1    1    1    1    1    1  5.49308E+08 0.54645 
   16   16    1    1    1    1    1    1    1    1  3.29960E+08 0.48782 
   17   17    1    1    1    1    1    1    1    1  1.18826E+09 0.42799 
   18   18    1    1    1    1    1    1    1    1  3.59866E+09 0.26523 
   19   19    1    1    1    1    1    1    1    1  2.99108E+09 0.23317 
   20   20    1    1    1    1    1    1    1    1  7.97071E+09 0.14319 
   21   21    1    1    1    1    1    1    1    1  5.35783E+09 0.16743 
   22   22    1    1    1    1    1    1    1    1  1.37505E+10 0.10196 
   23   23    1    1    1    1    1    1    1    1  2.19931E+10 0.11285 
   24   24    1    1    1    1    1    1    1    1  4.01943E+10 0.06829 
   25   25    1    1    1    1    1    1    1    1  4.61459E+10 0.07524 
   26   26    1    1    1    1    1    1    1    1  7.46113E+10 0.06080 
   27   27    1    1    1    1    1    1    1    1  1.35302E+11 0.03820 
   28   28    1    1    1    1    1    1    1    1  3.34302E+11 0.02481 
   29   29    1    1    1    1    1    1    1    1  5.76051E+11 0.02555 
   30   30    1    1    1    1    1    1    1    1  1.56413E+12 0.01394 
   31   31    1    1    1    1    1    1    1    1  4.75804E+12 0.01066 
   32   32    1    1    1    1    1    1    1    1  8.74767E+12 0.00609 
   33   33    1    1    1    1    1    1    1    1  2.08096E+13 0.00433 
   34   34    1    1    1    1    1    1    1    1  2.91325E+13 0.00254 
   35   35    1    1    1    1    1    1    1    1  3.72775E+13 0.00195 
   36   36    1    1    1    1    1    1    1    1  2.50342E+13 0.00208 
   37   37    1    1    1    1    1    1    1    1  7.64360E+12 0.00224 
   38   38    1    1    1    1    1    1    1    1  4.28269E+13 0.00217 
   39   39    1    1    1    1    1    1    1    1  5.77456E+13 0.00205 
   40   40    1    1    1    1    1    1    1    1  9.97566E+13 0.00145 
   41   41    1    1    1    1    1    1    1    1  1.00136E+14 0.00217 
   42   42    1    1    1    1    1    1    1    1  2.14631E+14 0.00156 
   43   43    1    1    1    1    1    1    1    1  2.61155E+14 0.00136 
   44   44    1    1    1    1    1    1    1    1  3.80059E+14 0.00112 
   45   45    1    1    1    1    1    1    1    1  7.68498E+14 0.00072 
   46   46    1    1    1    1    1    1    1    1  3.64262E+14 0.00084 
   47   47    1    1    1    1    1    1    1    1  5.86587E+14 0.00055 
   48   48    1    1    1    1    1    1    1    1  8.25839E+14 0.00077 
   49   49    1    1    1    1    1    1    1    1  8.21075E+14 0.00079 
   50   50    1    1    1    1    1    1    1    1  1.29973E+15 0.00049 
   51   51    1    1    1    1    1    1    1    1  1.04303E+15 0.00080 
   52   52    1    1    1    1    1    1    1    1  1.25360E+15 0.00069 
   53   53    1    1    1    1    1    1    1    1  8.79622E+14 0.00070 
   54   54    1    1    1    1    1    1    1    1  1.08962E+15 0.00068 
   55   55    1    1    1    1    1    1    1    1  7.54481E+14 0.00067 
   56   56    1    1    1    1    1    1    1    1  1.02751E+14 0.00103 
   57   57    1    1    1    1    1    1    1    1  1.50809E+15 0.00053 
   58   58    1    1    1    1    1    1    1    1  6.80966E+14 0.00066 
   59   59    1    1    1    1    1    1    1    1  7.28602E+14 0.00082 
   60   60    1    1    1    1    1    1    1    1  5.73837E+14 0.00069 
   61   61    1    1    1    1    1    1    1    1  5.76219E+14 0.00062 
   62   62    1    1    1    1    1    1    1    1  6.00837E+14 0.00063 
   63   63    1    1    1    1    1    1    1    1  5.09105E+14 0.00083 
   64   64    1    1    1    1    1    1    1    1  4.07776E+14 0.00092 
   65   65    1    1    1    1    1    1    1    1  4.06832E+14 0.00090 
   66   66    1    1    1    1    1    1    1    1  2.95995E+14 0.00105 
   67   67    1    1    1    1    1    1    1    1  2.42226E+14 0.00092 
   68   68    1    1    1    1    1    1    1    1  2.16643E+14 0.00116 
   69   69    1    1    1    1    1    1    1    1  2.60920E+14 0.00109 
   70   70    1    1    1    1    1    1    1    1  2.22440E+14 0.00104 
   71   71    1    1    1    1    1    1    1    1  4.06232E+14 0.00099 
   72   72    1    1    1    1    1    1    1    1  2.89046E+14 0.00078 
   73   73    1    1    1    1    1    1    1    1  2.19413E+14 0.00109 
   74   74    1    1    1    1    1    1    1    1  1.76370E+14 0.00122 
   75   75    1    1    1    1    1    1    1    1  1.47358E+14 0.00116 
   76   76    1    1    1    1    1    1    1    1  1.71586E+14 0.00150 
   77   77    1    1    1    1    1    1    1    1  1.36174E+14 0.00152 
   78   78    1    1    1    1    1    1    1    1  1.08954E+14 0.00155 
   79   79    1    1    1    1    1    1    1    1  1.12240E+14 0.00188 
   80   80    1    1    1    1    1    1    1    1  8.35113E+13 0.00232 
   81   81    1    1    1    1    1    1    1    1  6.41929E+13 0.00211 
   82   82    1    1    1    1    1    1    1    1  4.91893E+13 0.00301 
   83   83    1    1    1    1    1    1    1    1  4.61898E+13 0.00213 
   84   84    1    1    1    1    1    1    1    1  3.32411E+13 0.00273 
   85   85    1    1    1    1    1    1    1    1  2.39180E+13 0.00304 
   86   86    1    1    1    1    1    1    1    1  2.24548E+13 0.00313 
   87   87    1    1    1    1    1    1    1    1  1.37723E+13 0.00497 
   88   88    1    1    1    1    1    1    1    1  9.25210E+12 0.00522 
   89   89    1    1    1    1    1    1    1    1  5.27418E+12 0.00753 
   90   90    1    1    1    1    1    1    1    1  3.54354E+12 0.00857 
   91   91    1    1    1    1    1    1    1    1  1.72338E+12 0.01495 
   92   92    1    1    1    1    1    1    1    1  8.33201E+11 0.01549 
   93   93    1    1    1    1    1    1    1    1  4.22383E+11 0.02588 
   94   94    1    1    1    1    1    1    1    1  1.98727E+11 0.04976 
   95   95    1    1    1    1    1    1    1    1  1.06379E+11 0.05239 
   96   96    1    1    1    1    1    1    1    1  4.40291E+10 0.07512 
   97   97    1    1    1    1    1    1    1    1  2.12630E+10 0.11624 
   98   98    1    1    1    1    1    1    1    1  8.78841E+09 0.16679 
   99   99    1    1    1    1    1    1    1    1  5.08552E+09 0.18846 
  100  100    1    1    1    1    1    1    1    1  4.00388E+09 0.33593 
];


