
DETdpaspec = [
    1    1    1    1    1    1    1    1    1    1  0.00000E+00 0.00000 
    2    2    1    1    1    1    1    1    1    1  0.00000E+00 0.00000 
    3    3    1    1    1    1    1    1    1    1  0.00000E+00 0.00000 
    4    4    1    1    1    1    1    1    1    1  0.00000E+00 0.00000 
    5    5    1    1    1    1    1    1    1    1  1.79095E+07 1.00000 
    6    6    1    1    1    1    1    1    1    1  0.00000E+00 0.00000 
    7    7    1    1    1    1    1    1    1    1  0.00000E+00 0.00000 
    8    8    1    1    1    1    1    1    1    1  0.00000E+00 0.00000 
    9    9    1    1    1    1    1    1    1    1  1.26549E+07 0.69174 
   10   10    1    1    1    1    1    1    1    1  1.31343E+08 0.57743 
   11   11    1    1    1    1    1    1    1    1  6.56187E+07 1.00000 
   12   12    1    1    1    1    1    1    1    1  3.82650E+07 0.79284 
   13   13    1    1    1    1    1    1    1    1  1.78995E+09 0.41671 
   14   14    1    1    1    1    1    1    1    1  4.44876E+08 0.67397 
   15   15    1    1    1    1    1    1    1    1  8.50445E+08 0.62896 
   16   16    1    1    1    1    1    1    1    1  8.07684E+08 0.39573 
   17   17    1    1    1    1    1    1    1    1  4.40639E+08 0.42233 
   18   18    1    1    1    1    1    1    1    1  1.08145E+09 0.41571 
   19   19    1    1    1    1    1    1    1    1  1.73772E+09 0.26406 
   20   20    1    1    1    1    1    1    1    1  5.93771E+09 0.23495 
   21   21    1    1    1    1    1    1    1    1  5.65266E+09 0.13517 
   22   22    1    1    1    1    1    1    1    1  1.15812E+10 0.14228 
   23   23    1    1    1    1    1    1    1    1  1.83441E+10 0.11775 
   24   24    1    1    1    1    1    1    1    1  3.90958E+10 0.06918 
   25   25    1    1    1    1    1    1    1    1  4.98447E+10 0.05537 
   26   26    1    1    1    1    1    1    1    1  9.38504E+10 0.05118 
   27   27    1    1    1    1    1    1    1    1  1.95546E+11 0.03748 
   28   28    1    1    1    1    1    1    1    1  5.08160E+11 0.02281 
   29   29    1    1    1    1    1    1    1    1  9.00611E+11 0.01728 
   30   30    1    1    1    1    1    1    1    1  2.30054E+12 0.01180 
   31   31    1    1    1    1    1    1    1    1  6.50029E+12 0.00648 
   32   32    1    1    1    1    1    1    1    1  1.13296E+13 0.00541 
   33   33    1    1    1    1    1    1    1    1  2.60619E+13 0.00417 
   34   34    1    1    1    1    1    1    1    1  3.57245E+13 0.00342 
   35   35    1    1    1    1    1    1    1    1  4.25052E+13 0.00267 
   36   36    1    1    1    1    1    1    1    1  2.77442E+13 0.00263 
   37   37    1    1    1    1    1    1    1    1  8.31855E+12 0.00296 
   38   38    1    1    1    1    1    1    1    1  4.72960E+13 0.00285 
   39   39    1    1    1    1    1    1    1    1  6.32796E+13 0.00210 
   40   40    1    1    1    1    1    1    1    1  1.09315E+14 0.00165 
   41   41    1    1    1    1    1    1    1    1  1.07888E+14 0.00130 
   42   42    1    1    1    1    1    1    1    1  2.32132E+14 0.00130 
   43   43    1    1    1    1    1    1    1    1  2.81794E+14 0.00113 
   44   44    1    1    1    1    1    1    1    1  4.08190E+14 0.00097 
   45   45    1    1    1    1    1    1    1    1  8.19485E+14 0.00076 
   46   46    1    1    1    1    1    1    1    1  3.82560E+14 0.00078 
   47   47    1    1    1    1    1    1    1    1  6.11870E+14 0.00060 
   48   48    1    1    1    1    1    1    1    1  8.56199E+14 0.00063 
   49   49    1    1    1    1    1    1    1    1  8.45158E+14 0.00055 
   50   50    1    1    1    1    1    1    1    1  1.34073E+15 0.00071 
   51   51    1    1    1    1    1    1    1    1  1.05981E+15 0.00063 
   52   52    1    1    1    1    1    1    1    1  1.28316E+15 0.00068 
   53   53    1    1    1    1    1    1    1    1  8.95241E+14 0.00055 
   54   54    1    1    1    1    1    1    1    1  1.11349E+15 0.00047 
   55   55    1    1    1    1    1    1    1    1  7.68234E+14 0.00063 
   56   56    1    1    1    1    1    1    1    1  1.04304E+14 0.00094 
   57   57    1    1    1    1    1    1    1    1  1.53092E+15 0.00048 
   58   58    1    1    1    1    1    1    1    1  6.97231E+14 0.00081 
   59   59    1    1    1    1    1    1    1    1  7.42308E+14 0.00048 
   60   60    1    1    1    1    1    1    1    1  5.87269E+14 0.00053 
   61   61    1    1    1    1    1    1    1    1  5.88695E+14 0.00068 
   62   62    1    1    1    1    1    1    1    1  6.14827E+14 0.00032 
   63   63    1    1    1    1    1    1    1    1  5.21085E+14 0.00060 
   64   64    1    1    1    1    1    1    1    1  4.15954E+14 0.00091 
   65   65    1    1    1    1    1    1    1    1  4.15243E+14 0.00081 
   66   66    1    1    1    1    1    1    1    1  3.02260E+14 0.00069 
   67   67    1    1    1    1    1    1    1    1  2.45181E+14 0.00074 
   68   68    1    1    1    1    1    1    1    1  2.20114E+14 0.00097 
   69   69    1    1    1    1    1    1    1    1  2.63973E+14 0.00116 
   70   70    1    1    1    1    1    1    1    1  2.24580E+14 0.00116 
   71   71    1    1    1    1    1    1    1    1  4.07493E+14 0.00095 
   72   72    1    1    1    1    1    1    1    1  2.89481E+14 0.00108 
   73   73    1    1    1    1    1    1    1    1  2.19139E+14 0.00126 
   74   74    1    1    1    1    1    1    1    1  1.78000E+14 0.00139 
   75   75    1    1    1    1    1    1    1    1  1.49135E+14 0.00136 
   76   76    1    1    1    1    1    1    1    1  1.74742E+14 0.00120 
   77   77    1    1    1    1    1    1    1    1  1.39392E+14 0.00160 
   78   78    1    1    1    1    1    1    1    1  1.11504E+14 0.00167 
   79   79    1    1    1    1    1    1    1    1  1.15449E+14 0.00192 
   80   80    1    1    1    1    1    1    1    1  8.60150E+13 0.00191 
   81   81    1    1    1    1    1    1    1    1  6.64301E+13 0.00215 
   82   82    1    1    1    1    1    1    1    1  5.10607E+13 0.00224 
   83   83    1    1    1    1    1    1    1    1  4.78582E+13 0.00187 
   84   84    1    1    1    1    1    1    1    1  3.43982E+13 0.00335 
   85   85    1    1    1    1    1    1    1    1  2.48267E+13 0.00289 
   86   86    1    1    1    1    1    1    1    1  2.30538E+13 0.00444 
   87   87    1    1    1    1    1    1    1    1  1.41037E+13 0.00443 
   88   88    1    1    1    1    1    1    1    1  9.65809E+12 0.00563 
   89   89    1    1    1    1    1    1    1    1  5.50111E+12 0.00652 
   90   90    1    1    1    1    1    1    1    1  3.59557E+12 0.00847 
   91   91    1    1    1    1    1    1    1    1  1.82664E+12 0.00992 
   92   92    1    1    1    1    1    1    1    1  8.60282E+11 0.01971 
   93   93    1    1    1    1    1    1    1    1  4.21228E+11 0.01848 
   94   94    1    1    1    1    1    1    1    1  2.04172E+11 0.03041 
   95   95    1    1    1    1    1    1    1    1  9.64417E+10 0.04713 
   96   96    1    1    1    1    1    1    1    1  4.87762E+10 0.10125 
   97   97    1    1    1    1    1    1    1    1  2.64983E+10 0.09027 
   98   98    1    1    1    1    1    1    1    1  1.16101E+10 0.15976 
   99   99    1    1    1    1    1    1    1    1  4.77341E+09 0.24991 
  100  100    1    1    1    1    1    1    1    1  3.25867E+09 0.33075 
];


