
DETdpaspec = [
    1    1    1    1    1    1    1    1    1    1  0.00000E+00 0.00000 
    2    2    1    1    1    1    1    1    1    1  0.00000E+00 0.00000 
    3    3    1    1    1    1    1    1    1    1  0.00000E+00 0.00000 
    4    4    1    1    1    1    1    1    1    1  0.00000E+00 0.00000 
    5    5    1    1    1    1    1    1    1    1  0.00000E+00 0.00000 
    6    6    1    1    1    1    1    1    1    1  0.00000E+00 0.00000 
    7    7    1    1    1    1    1    1    1    1  0.00000E+00 0.00000 
    8    8    1    1    1    1    1    1    1    1  0.00000E+00 0.00000 
    9    9    1    1    1    1    1    1    1    1  0.00000E+00 0.00000 
   10   10    1    1    1    1    1    1    1    1  6.58316E+07 0.68845 
   11   11    1    1    1    1    1    1    1    1  3.76012E+07 1.00000 
   12   12    1    1    1    1    1    1    1    1  0.00000E+00 0.00000 
   13   13    1    1    1    1    1    1    1    1  2.59138E+08 0.70811 
   14   14    1    1    1    1    1    1    1    1  6.47073E+08 0.63282 
   15   15    1    1    1    1    1    1    1    1  4.85983E+08 0.61111 
   16   16    1    1    1    1    1    1    1    1  5.27917E+07 1.00000 
   17   17    1    1    1    1    1    1    1    1  2.72145E+08 0.46139 
   18   18    1    1    1    1    1    1    1    1  5.27550E+08 0.54259 
   19   19    1    1    1    1    1    1    1    1  1.71487E+09 0.49865 
   20   20    1    1    1    1    1    1    1    1  6.58750E+09 0.19695 
   21   21    1    1    1    1    1    1    1    1  5.43904E+09 0.27869 
   22   22    1    1    1    1    1    1    1    1  9.44484E+09 0.11496 
   23   23    1    1    1    1    1    1    1    1  2.66652E+10 0.09084 
   24   24    1    1    1    1    1    1    1    1  8.47473E+10 0.05047 
   25   25    1    1    1    1    1    1    1    1  1.37676E+11 0.04479 
   26   26    1    1    1    1    1    1    1    1  3.23736E+11 0.02765 
   27   27    1    1    1    1    1    1    1    1  7.27672E+11 0.02385 
   28   28    1    1    1    1    1    1    1    1  1.58621E+12 0.01511 
   29   29    1    1    1    1    1    1    1    1  2.69720E+12 0.01136 
   30   30    1    1    1    1    1    1    1    1  5.56987E+12 0.00856 
   31   31    1    1    1    1    1    1    1    1  1.30205E+13 0.00435 
   32   32    1    1    1    1    1    1    1    1  2.01583E+13 0.00403 
   33   33    1    1    1    1    1    1    1    1  4.22667E+13 0.00315 
   34   34    1    1    1    1    1    1    1    1  5.42274E+13 0.00238 
   35   35    1    1    1    1    1    1    1    1  5.79398E+13 0.00186 
   36   36    1    1    1    1    1    1    1    1  3.55153E+13 0.00189 
   37   37    1    1    1    1    1    1    1    1  1.04228E+13 0.00195 
   38   38    1    1    1    1    1    1    1    1  5.93769E+13 0.00163 
   39   39    1    1    1    1    1    1    1    1  7.87504E+13 0.00197 
   40   40    1    1    1    1    1    1    1    1  1.34027E+14 0.00087 
   41   41    1    1    1    1    1    1    1    1  1.29299E+14 0.00106 
   42   42    1    1    1    1    1    1    1    1  2.77198E+14 0.00060 
   43   43    1    1    1    1    1    1    1    1  3.30266E+14 0.00101 
   44   44    1    1    1    1    1    1    1    1  4.70659E+14 0.00089 
   45   45    1    1    1    1    1    1    1    1  9.27720E+14 0.00083 
   46   46    1    1    1    1    1    1    1    1  4.21684E+14 0.00080 
   47   47    1    1    1    1    1    1    1    1  6.65465E+14 0.00049 
   48   48    1    1    1    1    1    1    1    1  9.17829E+14 0.00052 
   49   49    1    1    1    1    1    1    1    1  8.92516E+14 0.00075 
   50   50    1    1    1    1    1    1    1    1  1.40430E+15 0.00070 
   51   51    1    1    1    1    1    1    1    1  1.08898E+15 0.00051 
   52   52    1    1    1    1    1    1    1    1  1.31466E+15 0.00064 
   53   53    1    1    1    1    1    1    1    1  9.04366E+14 0.00054 
   54   54    1    1    1    1    1    1    1    1  1.12605E+15 0.00063 
   55   55    1    1    1    1    1    1    1    1  7.72159E+14 0.00040 
   56   56    1    1    1    1    1    1    1    1  1.04355E+14 0.00080 
   57   57    1    1    1    1    1    1    1    1  1.52434E+15 0.00056 
   58   58    1    1    1    1    1    1    1    1  6.96534E+14 0.00070 
   59   59    1    1    1    1    1    1    1    1  7.35408E+14 0.00062 
   60   60    1    1    1    1    1    1    1    1  5.83899E+14 0.00075 
   61   61    1    1    1    1    1    1    1    1  5.82844E+14 0.00044 
   62   62    1    1    1    1    1    1    1    1  6.06451E+14 0.00062 
   63   63    1    1    1    1    1    1    1    1  5.12719E+14 0.00065 
   64   64    1    1    1    1    1    1    1    1  4.07949E+14 0.00076 
   65   65    1    1    1    1    1    1    1    1  4.05461E+14 0.00072 
   66   66    1    1    1    1    1    1    1    1  2.93889E+14 0.00086 
   67   67    1    1    1    1    1    1    1    1  2.38217E+14 0.00095 
   68   68    1    1    1    1    1    1    1    1  2.12291E+14 0.00094 
   69   69    1    1    1    1    1    1    1    1  2.53843E+14 0.00081 
   70   70    1    1    1    1    1    1    1    1  2.15523E+14 0.00109 
   71   71    1    1    1    1    1    1    1    1  3.85784E+14 0.00093 
   72   72    1    1    1    1    1    1    1    1  2.72338E+14 0.00142 
   73   73    1    1    1    1    1    1    1    1  2.06269E+14 0.00127 
   74   74    1    1    1    1    1    1    1    1  1.67654E+14 0.00138 
   75   75    1    1    1    1    1    1    1    1  1.40979E+14 0.00080 
   76   76    1    1    1    1    1    1    1    1  1.65849E+14 0.00113 
   77   77    1    1    1    1    1    1    1    1  1.32540E+14 0.00137 
   78   78    1    1    1    1    1    1    1    1  1.06352E+14 0.00153 
   79   79    1    1    1    1    1    1    1    1  1.10164E+14 0.00087 
   80   80    1    1    1    1    1    1    1    1  8.20117E+13 0.00189 
   81   81    1    1    1    1    1    1    1    1  6.31848E+13 0.00202 
   82   82    1    1    1    1    1    1    1    1  4.86071E+13 0.00178 
   83   83    1    1    1    1    1    1    1    1  4.53593E+13 0.00201 
   84   84    1    1    1    1    1    1    1    1  3.26887E+13 0.00226 
   85   85    1    1    1    1    1    1    1    1  2.33988E+13 0.00282 
   86   86    1    1    1    1    1    1    1    1  2.18016E+13 0.00365 
   87   87    1    1    1    1    1    1    1    1  1.33362E+13 0.00527 
   88   88    1    1    1    1    1    1    1    1  8.93941E+12 0.00479 
   89   89    1    1    1    1    1    1    1    1  5.09129E+12 0.00600 
   90   90    1    1    1    1    1    1    1    1  3.32816E+12 0.00954 
   91   91    1    1    1    1    1    1    1    1  1.67100E+12 0.01273 
   92   92    1    1    1    1    1    1    1    1  8.04569E+11 0.01681 
   93   93    1    1    1    1    1    1    1    1  3.77669E+11 0.02968 
   94   94    1    1    1    1    1    1    1    1  1.82304E+11 0.03117 
   95   95    1    1    1    1    1    1    1    1  8.10389E+10 0.04591 
   96   96    1    1    1    1    1    1    1    1  3.58114E+10 0.07168 
   97   97    1    1    1    1    1    1    1    1  2.12018E+10 0.10804 
   98   98    1    1    1    1    1    1    1    1  9.75016E+09 0.13617 
   99   99    1    1    1    1    1    1    1    1  5.76603E+09 0.28872 
  100  100    1    1    1    1    1    1    1    1  4.19670E+09 0.19334 
];


