
DETdpaspec = [
    1    1    1    1    1    1    1    1    1    1  0.00000E+00 0.00000 
    2    2    1    1    1    1    1    1    1    1  0.00000E+00 0.00000 
    3    3    1    1    1    1    1    1    1    1  0.00000E+00 0.00000 
    4    4    1    1    1    1    1    1    1    1  1.73344E+07 1.00000 
    5    5    1    1    1    1    1    1    1    1  0.00000E+00 0.00000 
    6    6    1    1    1    1    1    1    1    1  0.00000E+00 0.00000 
    7    7    1    1    1    1    1    1    1    1  0.00000E+00 0.00000 
    8    8    1    1    1    1    1    1    1    1  0.00000E+00 0.00000 
    9    9    1    1    1    1    1    1    1    1  0.00000E+00 0.00000 
   10   10    1    1    1    1    1    1    1    1  0.00000E+00 0.00000 
   11   11    1    1    1    1    1    1    1    1  0.00000E+00 0.00000 
   12   12    1    1    1    1    1    1    1    1  1.32442E+08 1.00000 
   13   13    1    1    1    1    1    1    1    1  1.09686E+09 0.57432 
   14   14    1    1    1    1    1    1    1    1  2.64864E+08 0.81537 
   15   15    1    1    1    1    1    1    1    1  5.44366E+07 1.00000 
   16   16    1    1    1    1    1    1    1    1  4.22108E+07 1.00000 
   17   17    1    1    1    1    1    1    1    1  3.31922E+08 0.59785 
   18   18    1    1    1    1    1    1    1    1  1.22473E+09 0.39159 
   19   19    1    1    1    1    1    1    1    1  6.95606E+08 0.41549 
   20   20    1    1    1    1    1    1    1    1  3.03920E+09 0.22849 
   21   21    1    1    1    1    1    1    1    1  5.01927E+09 0.22319 
   22   22    1    1    1    1    1    1    1    1  1.36842E+10 0.17733 
   23   23    1    1    1    1    1    1    1    1  4.35853E+10 0.10185 
   24   24    1    1    1    1    1    1    1    1  1.40334E+11 0.03800 
   25   25    1    1    1    1    1    1    1    1  2.27426E+11 0.03664 
   26   26    1    1    1    1    1    1    1    1  4.85845E+11 0.02086 
   27   27    1    1    1    1    1    1    1    1  1.02984E+12 0.01692 
   28   28    1    1    1    1    1    1    1    1  2.13753E+12 0.00809 
   29   29    1    1    1    1    1    1    1    1  3.49738E+12 0.00692 
   30   30    1    1    1    1    1    1    1    1  7.07041E+12 0.00529 
   31   31    1    1    1    1    1    1    1    1  1.54903E+13 0.00287 
   32   32    1    1    1    1    1    1    1    1  2.32344E+13 0.00293 
   33   33    1    1    1    1    1    1    1    1  4.75476E+13 0.00238 
   34   34    1    1    1    1    1    1    1    1  5.98274E+13 0.00237 
   35   35    1    1    1    1    1    1    1    1  6.26989E+13 0.00181 
   36   36    1    1    1    1    1    1    1    1  3.78422E+13 0.00211 
   37   37    1    1    1    1    1    1    1    1  1.10646E+13 0.00236 
   38   38    1    1    1    1    1    1    1    1  6.30632E+13 0.00177 
   39   39    1    1    1    1    1    1    1    1  8.34048E+13 0.00149 
   40   40    1    1    1    1    1    1    1    1  1.41199E+14 0.00122 
   41   41    1    1    1    1    1    1    1    1  1.35085E+14 0.00109 
   42   42    1    1    1    1    1    1    1    1  2.89011E+14 0.00126 
   43   43    1    1    1    1    1    1    1    1  3.43197E+14 0.00106 
   44   44    1    1    1    1    1    1    1    1  4.87513E+14 0.00090 
   45   45    1    1    1    1    1    1    1    1  9.54757E+14 0.00058 
   46   46    1    1    1    1    1    1    1    1  4.30939E+14 0.00066 
   47   47    1    1    1    1    1    1    1    1  6.79186E+14 0.00072 
   48   48    1    1    1    1    1    1    1    1  9.32327E+14 0.00062 
   49   49    1    1    1    1    1    1    1    1  9.04263E+14 0.00076 
   50   50    1    1    1    1    1    1    1    1  1.41542E+15 0.00045 
   51   51    1    1    1    1    1    1    1    1  1.09346E+15 0.00062 
   52   52    1    1    1    1    1    1    1    1  1.31658E+15 0.00055 
   53   53    1    1    1    1    1    1    1    1  9.02618E+14 0.00055 
   54   54    1    1    1    1    1    1    1    1  1.12297E+15 0.00066 
   55   55    1    1    1    1    1    1    1    1  7.67982E+14 0.00068 
   56   56    1    1    1    1    1    1    1    1  1.03653E+14 0.00102 
   57   57    1    1    1    1    1    1    1    1  1.51305E+15 0.00052 
   58   58    1    1    1    1    1    1    1    1  6.91132E+14 0.00057 
   59   59    1    1    1    1    1    1    1    1  7.28251E+14 0.00060 
   60   60    1    1    1    1    1    1    1    1  5.78255E+14 0.00088 
   61   61    1    1    1    1    1    1    1    1  5.76781E+14 0.00086 
   62   62    1    1    1    1    1    1    1    1  5.99540E+14 0.00070 
   63   63    1    1    1    1    1    1    1    1  5.06470E+14 0.00082 
   64   64    1    1    1    1    1    1    1    1  4.02284E+14 0.00088 
   65   65    1    1    1    1    1    1    1    1  4.00007E+14 0.00061 
   66   66    1    1    1    1    1    1    1    1  2.89975E+14 0.00076 
   67   67    1    1    1    1    1    1    1    1  2.34450E+14 0.00065 
   68   68    1    1    1    1    1    1    1    1  2.08640E+14 0.00122 
   69   69    1    1    1    1    1    1    1    1  2.49326E+14 0.00129 
   70   70    1    1    1    1    1    1    1    1  2.11224E+14 0.00105 
   71   71    1    1    1    1    1    1    1    1  3.77646E+14 0.00111 
   72   72    1    1    1    1    1    1    1    1  2.65555E+14 0.00107 
   73   73    1    1    1    1    1    1    1    1  2.00631E+14 0.00113 
   74   74    1    1    1    1    1    1    1    1  1.63354E+14 0.00090 
   75   75    1    1    1    1    1    1    1    1  1.37494E+14 0.00112 
   76   76    1    1    1    1    1    1    1    1  1.61354E+14 0.00133 
   77   77    1    1    1    1    1    1    1    1  1.29239E+14 0.00134 
   78   78    1    1    1    1    1    1    1    1  1.03607E+14 0.00142 
   79   79    1    1    1    1    1    1    1    1  1.07605E+14 0.00179 
   80   80    1    1    1    1    1    1    1    1  7.99494E+13 0.00220 
   81   81    1    1    1    1    1    1    1    1  6.16265E+13 0.00178 
   82   82    1    1    1    1    1    1    1    1  4.71918E+13 0.00229 
   83   83    1    1    1    1    1    1    1    1  4.40513E+13 0.00239 
   84   84    1    1    1    1    1    1    1    1  3.14975E+13 0.00318 
   85   85    1    1    1    1    1    1    1    1  2.26073E+13 0.00296 
   86   86    1    1    1    1    1    1    1    1  2.10429E+13 0.00378 
   87   87    1    1    1    1    1    1    1    1  1.30281E+13 0.00448 
   88   88    1    1    1    1    1    1    1    1  8.61050E+12 0.00392 
   89   89    1    1    1    1    1    1    1    1  4.89829E+12 0.00766 
   90   90    1    1    1    1    1    1    1    1  3.20362E+12 0.01019 
   91   91    1    1    1    1    1    1    1    1  1.56143E+12 0.01412 
   92   92    1    1    1    1    1    1    1    1  7.63503E+11 0.01930 
   93   93    1    1    1    1    1    1    1    1  3.73911E+11 0.02793 
   94   94    1    1    1    1    1    1    1    1  1.66032E+11 0.03736 
   95   95    1    1    1    1    1    1    1    1  8.78389E+10 0.04475 
   96   96    1    1    1    1    1    1    1    1  3.76322E+10 0.05907 
   97   97    1    1    1    1    1    1    1    1  1.84661E+10 0.08922 
   98   98    1    1    1    1    1    1    1    1  7.34659E+09 0.16320 
   99   99    1    1    1    1    1    1    1    1  3.62079E+09 0.24449 
  100  100    1    1    1    1    1    1    1    1  3.65529E+09 0.28073 
];


