
DETdpaspec = [
    1    1    1    1    1    1    1    1    1    1  0.00000E+00 0.00000 
    2    2    1    1    1    1    1    1    1    1  0.00000E+00 0.00000 
    3    3    1    1    1    1    1    1    1    1  0.00000E+00 0.00000 
    4    4    1    1    1    1    1    1    1    1  0.00000E+00 0.00000 
    5    5    1    1    1    1    1    1    1    1  0.00000E+00 0.00000 
    6    6    1    1    1    1    1    1    1    1  0.00000E+00 0.00000 
    7    7    1    1    1    1    1    1    1    1  1.16107E+07 1.00000 
    8    8    1    1    1    1    1    1    1    1  7.16121E+06 1.00000 
    9    9    1    1    1    1    1    1    1    1  0.00000E+00 0.00000 
   10   10    1    1    1    1    1    1    1    1  4.44833E+07 0.70010 
   11   11    1    1    1    1    1    1    1    1  0.00000E+00 0.00000 
   12   12    1    1    1    1    1    1    1    1  3.18212E+07 0.70100 
   13   13    1    1    1    1    1    1    1    1  4.56045E+08 0.56292 
   14   14    1    1    1    1    1    1    1    1  2.22477E+09 0.50355 
   15   15    1    1    1    1    1    1    1    1  1.18318E+09 0.36205 
   16   16    1    1    1    1    1    1    1    1  3.74333E+08 0.36097 
   17   17    1    1    1    1    1    1    1    1  8.77813E+08 0.30887 
   18   18    1    1    1    1    1    1    1    1  1.18100E+09 0.36144 
   19   19    1    1    1    1    1    1    1    1  2.55455E+09 0.29202 
   20   20    1    1    1    1    1    1    1    1  5.28998E+09 0.19389 
   21   21    1    1    1    1    1    1    1    1  6.33117E+09 0.16904 
   22   22    1    1    1    1    1    1    1    1  1.49060E+10 0.11238 
   23   23    1    1    1    1    1    1    1    1  2.04227E+10 0.13047 
   24   24    1    1    1    1    1    1    1    1  4.02671E+10 0.07846 
   25   25    1    1    1    1    1    1    1    1  5.69319E+10 0.05201 
   26   26    1    1    1    1    1    1    1    1  9.45444E+10 0.06237 
   27   27    1    1    1    1    1    1    1    1  2.02992E+11 0.03035 
   28   28    1    1    1    1    1    1    1    1  4.65163E+11 0.03068 
   29   29    1    1    1    1    1    1    1    1  8.37775E+11 0.02103 
   30   30    1    1    1    1    1    1    1    1  2.16585E+12 0.01038 
   31   31    1    1    1    1    1    1    1    1  6.17570E+12 0.00755 
   32   32    1    1    1    1    1    1    1    1  1.09131E+13 0.00412 
   33   33    1    1    1    1    1    1    1    1  2.52046E+13 0.00386 
   34   34    1    1    1    1    1    1    1    1  3.47367E+13 0.00295 
   35   35    1    1    1    1    1    1    1    1  4.17980E+13 0.00296 
   36   36    1    1    1    1    1    1    1    1  2.73240E+13 0.00325 
   37   37    1    1    1    1    1    1    1    1  8.16461E+12 0.00293 
   38   38    1    1    1    1    1    1    1    1  4.65063E+13 0.00228 
   39   39    1    1    1    1    1    1    1    1  6.25323E+13 0.00231 
   40   40    1    1    1    1    1    1    1    1  1.07966E+14 0.00175 
   41   41    1    1    1    1    1    1    1    1  1.06915E+14 0.00179 
   42   42    1    1    1    1    1    1    1    1  2.29802E+14 0.00130 
   43   43    1    1    1    1    1    1    1    1  2.78819E+14 0.00128 
   44   44    1    1    1    1    1    1    1    1  4.04104E+14 0.00081 
   45   45    1    1    1    1    1    1    1    1  8.13071E+14 0.00078 
   46   46    1    1    1    1    1    1    1    1  3.80582E+14 0.00068 
   47   47    1    1    1    1    1    1    1    1  6.08589E+14 0.00076 
   48   48    1    1    1    1    1    1    1    1  8.53521E+14 0.00054 
   49   49    1    1    1    1    1    1    1    1  8.41723E+14 0.00073 
   50   50    1    1    1    1    1    1    1    1  1.33462E+15 0.00075 
   51   51    1    1    1    1    1    1    1    1  1.05912E+15 0.00064 
   52   52    1    1    1    1    1    1    1    1  1.28091E+15 0.00058 
   53   53    1    1    1    1    1    1    1    1  8.94246E+14 0.00058 
   54   54    1    1    1    1    1    1    1    1  1.11093E+15 0.00052 
   55   55    1    1    1    1    1    1    1    1  7.69182E+14 0.00072 
   56   56    1    1    1    1    1    1    1    1  1.04480E+14 0.00095 
   57   57    1    1    1    1    1    1    1    1  1.53074E+15 0.00053 
   58   58    1    1    1    1    1    1    1    1  6.96501E+14 0.00063 
   59   59    1    1    1    1    1    1    1    1  7.40831E+14 0.00072 
   60   60    1    1    1    1    1    1    1    1  5.86300E+14 0.00054 
   61   61    1    1    1    1    1    1    1    1  5.88047E+14 0.00092 
   62   62    1    1    1    1    1    1    1    1  6.13775E+14 0.00071 
   63   63    1    1    1    1    1    1    1    1  5.20014E+14 0.00082 
   64   64    1    1    1    1    1    1    1    1  4.15904E+14 0.00093 
   65   65    1    1    1    1    1    1    1    1  4.14980E+14 0.00102 
   66   66    1    1    1    1    1    1    1    1  3.01535E+14 0.00079 
   67   67    1    1    1    1    1    1    1    1  2.45589E+14 0.00104 
   68   68    1    1    1    1    1    1    1    1  2.19505E+14 0.00119 
   69   69    1    1    1    1    1    1    1    1  2.63858E+14 0.00104 
   70   70    1    1    1    1    1    1    1    1  2.25209E+14 0.00132 
   71   71    1    1    1    1    1    1    1    1  4.08484E+14 0.00071 
   72   72    1    1    1    1    1    1    1    1  2.89441E+14 0.00068 
   73   73    1    1    1    1    1    1    1    1  2.19319E+14 0.00086 
   74   74    1    1    1    1    1    1    1    1  1.78107E+14 0.00108 
   75   75    1    1    1    1    1    1    1    1  1.49278E+14 0.00162 
   76   76    1    1    1    1    1    1    1    1  1.74532E+14 0.00155 
   77   77    1    1    1    1    1    1    1    1  1.39128E+14 0.00161 
   78   78    1    1    1    1    1    1    1    1  1.11506E+14 0.00167 
   79   79    1    1    1    1    1    1    1    1  1.15601E+14 0.00151 
   80   80    1    1    1    1    1    1    1    1  8.59227E+13 0.00180 
   81   81    1    1    1    1    1    1    1    1  6.62735E+13 0.00156 
   82   82    1    1    1    1    1    1    1    1  5.08758E+13 0.00195 
   83   83    1    1    1    1    1    1    1    1  4.76538E+13 0.00205 
   84   84    1    1    1    1    1    1    1    1  3.43151E+13 0.00329 
   85   85    1    1    1    1    1    1    1    1  2.48402E+13 0.00299 
   86   86    1    1    1    1    1    1    1    1  2.30706E+13 0.00327 
   87   87    1    1    1    1    1    1    1    1  1.43199E+13 0.00476 
   88   88    1    1    1    1    1    1    1    1  9.42855E+12 0.00535 
   89   89    1    1    1    1    1    1    1    1  5.43312E+12 0.00678 
   90   90    1    1    1    1    1    1    1    1  3.58927E+12 0.00922 
   91   91    1    1    1    1    1    1    1    1  1.83159E+12 0.01040 
   92   92    1    1    1    1    1    1    1    1  8.72286E+11 0.02128 
   93   93    1    1    1    1    1    1    1    1  4.30832E+11 0.02298 
   94   94    1    1    1    1    1    1    1    1  1.95233E+11 0.03607 
   95   95    1    1    1    1    1    1    1    1  9.70448E+10 0.04656 
   96   96    1    1    1    1    1    1    1    1  4.50905E+10 0.08614 
   97   97    1    1    1    1    1    1    1    1  2.23630E+10 0.09699 
   98   98    1    1    1    1    1    1    1    1  1.15831E+10 0.15311 
   99   99    1    1    1    1    1    1    1    1  4.27025E+09 0.19543 
  100  100    1    1    1    1    1    1    1    1  6.95607E+09 0.21489 
];


