
DETdpaspec = [
    1    1    1    1    1    1    1    1    1    1  0.00000E+00 0.00000 
    2    2    1    1    1    1    1    1    1    1  0.00000E+00 0.00000 
    3    3    1    1    1    1    1    1    1    1  0.00000E+00 0.00000 
    4    4    1    1    1    1    1    1    1    1  0.00000E+00 0.00000 
    5    5    1    1    1    1    1    1    1    1  0.00000E+00 0.00000 
    6    6    1    1    1    1    1    1    1    1  0.00000E+00 0.00000 
    7    7    1    1    1    1    1    1    1    1  0.00000E+00 0.00000 
    8    8    1    1    1    1    1    1    1    1  0.00000E+00 0.00000 
    9    9    1    1    1    1    1    1    1    1  0.00000E+00 0.00000 
   10   10    1    1    1    1    1    1    1    1  0.00000E+00 0.00000 
   11   11    1    1    1    1    1    1    1    1  0.00000E+00 0.00000 
   12   12    1    1    1    1    1    1    1    1  9.82928E+06 1.00000 
   13   13    1    1    1    1    1    1    1    1  1.93465E+08 0.58490 
   14   14    1    1    1    1    1    1    1    1  1.14857E+09 0.38316 
   15   15    1    1    1    1    1    1    1    1  2.89850E+09 0.49308 
   16   16    1    1    1    1    1    1    1    1  9.37578E+08 0.58975 
   17   17    1    1    1    1    1    1    1    1  1.29743E+09 0.32205 
   18   18    1    1    1    1    1    1    1    1  2.16262E+09 0.30869 
   19   19    1    1    1    1    1    1    1    1  2.34647E+09 0.33368 
   20   20    1    1    1    1    1    1    1    1  6.04810E+09 0.22540 
   21   21    1    1    1    1    1    1    1    1  5.37076E+09 0.19834 
   22   22    1    1    1    1    1    1    1    1  9.35449E+09 0.12140 
   23   23    1    1    1    1    1    1    1    1  1.84483E+10 0.12884 
   24   24    1    1    1    1    1    1    1    1  4.10748E+10 0.07945 
   25   25    1    1    1    1    1    1    1    1  6.06444E+10 0.07930 
   26   26    1    1    1    1    1    1    1    1  1.13747E+11 0.05441 
   27   27    1    1    1    1    1    1    1    1  2.44990E+11 0.03457 
   28   28    1    1    1    1    1    1    1    1  5.78902E+11 0.02017 
   29   29    1    1    1    1    1    1    1    1  1.07523E+12 0.01704 
   30   30    1    1    1    1    1    1    1    1  2.57018E+12 0.00897 
   31   31    1    1    1    1    1    1    1    1  7.14141E+12 0.00658 
   32   32    1    1    1    1    1    1    1    1  1.23320E+13 0.00447 
   33   33    1    1    1    1    1    1    1    1  2.82241E+13 0.00290 
   34   34    1    1    1    1    1    1    1    1  3.84570E+13 0.00306 
   35   35    1    1    1    1    1    1    1    1  4.49860E+13 0.00196 
   36   36    1    1    1    1    1    1    1    1  2.88564E+13 0.00198 
   37   37    1    1    1    1    1    1    1    1  8.60877E+12 0.00248 
   38   38    1    1    1    1    1    1    1    1  4.88478E+13 0.00151 
   39   39    1    1    1    1    1    1    1    1  6.55977E+13 0.00189 
   40   40    1    1    1    1    1    1    1    1  1.12879E+14 0.00164 
   41   41    1    1    1    1    1    1    1    1  1.10978E+14 0.00116 
   42   42    1    1    1    1    1    1    1    1  2.38672E+14 0.00132 
   43   43    1    1    1    1    1    1    1    1  2.89367E+14 0.00106 
   44   44    1    1    1    1    1    1    1    1  4.17782E+14 0.00114 
   45   45    1    1    1    1    1    1    1    1  8.37105E+14 0.00075 
   46   46    1    1    1    1    1    1    1    1  3.89326E+14 0.00105 
   47   47    1    1    1    1    1    1    1    1  6.20789E+14 0.00077 
   48   48    1    1    1    1    1    1    1    1  8.67516E+14 0.00060 
   49   49    1    1    1    1    1    1    1    1  8.54433E+14 0.00095 
   50   50    1    1    1    1    1    1    1    1  1.35134E+15 0.00063 
   51   51    1    1    1    1    1    1    1    1  1.06524E+15 0.00044 
   52   52    1    1    1    1    1    1    1    1  1.28838E+15 0.00057 
   53   53    1    1    1    1    1    1    1    1  8.96607E+14 0.00050 
   54   54    1    1    1    1    1    1    1    1  1.11779E+15 0.00056 
   55   55    1    1    1    1    1    1    1    1  7.70248E+14 0.00058 
   56   56    1    1    1    1    1    1    1    1  1.04545E+14 0.00129 
   57   57    1    1    1    1    1    1    1    1  1.53276E+15 0.00056 
   58   58    1    1    1    1    1    1    1    1  6.99458E+14 0.00063 
   59   59    1    1    1    1    1    1    1    1  7.43623E+14 0.00058 
   60   60    1    1    1    1    1    1    1    1  5.89034E+14 0.00068 
   61   61    1    1    1    1    1    1    1    1  5.89804E+14 0.00078 
   62   62    1    1    1    1    1    1    1    1  6.15945E+14 0.00077 
   63   63    1    1    1    1    1    1    1    1  5.22029E+14 0.00072 
   64   64    1    1    1    1    1    1    1    1  4.16731E+14 0.00069 
   65   65    1    1    1    1    1    1    1    1  4.14931E+14 0.00079 
   66   66    1    1    1    1    1    1    1    1  3.02301E+14 0.00074 
   67   67    1    1    1    1    1    1    1    1  2.45604E+14 0.00081 
   68   68    1    1    1    1    1    1    1    1  2.19286E+14 0.00088 
   69   69    1    1    1    1    1    1    1    1  2.63237E+14 0.00095 
   70   70    1    1    1    1    1    1    1    1  2.24543E+14 0.00093 
   71   71    1    1    1    1    1    1    1    1  4.05976E+14 0.00089 
   72   72    1    1    1    1    1    1    1    1  2.87364E+14 0.00074 
   73   73    1    1    1    1    1    1    1    1  2.17560E+14 0.00090 
   74   74    1    1    1    1    1    1    1    1  1.76816E+14 0.00106 
   75   75    1    1    1    1    1    1    1    1  1.48256E+14 0.00117 
   76   76    1    1    1    1    1    1    1    1  1.73518E+14 0.00141 
   77   77    1    1    1    1    1    1    1    1  1.38837E+14 0.00132 
   78   78    1    1    1    1    1    1    1    1  1.11229E+14 0.00101 
   79   79    1    1    1    1    1    1    1    1  1.15720E+14 0.00114 
   80   80    1    1    1    1    1    1    1    1  8.58540E+13 0.00159 
   81   81    1    1    1    1    1    1    1    1  6.64010E+13 0.00159 
   82   82    1    1    1    1    1    1    1    1  5.08993E+13 0.00265 
   83   83    1    1    1    1    1    1    1    1  4.77110E+13 0.00205 
   84   84    1    1    1    1    1    1    1    1  3.41513E+13 0.00197 
   85   85    1    1    1    1    1    1    1    1  2.47640E+13 0.00242 
   86   86    1    1    1    1    1    1    1    1  2.30862E+13 0.00394 
   87   87    1    1    1    1    1    1    1    1  1.41313E+13 0.00578 
   88   88    1    1    1    1    1    1    1    1  9.49857E+12 0.00324 
   89   89    1    1    1    1    1    1    1    1  5.43863E+12 0.00789 
   90   90    1    1    1    1    1    1    1    1  3.56046E+12 0.00666 
   91   91    1    1    1    1    1    1    1    1  1.78505E+12 0.01243 
   92   92    1    1    1    1    1    1    1    1  8.75748E+11 0.02300 
   93   93    1    1    1    1    1    1    1    1  4.08068E+11 0.02234 
   94   94    1    1    1    1    1    1    1    1  1.88110E+11 0.03395 
   95   95    1    1    1    1    1    1    1    1  1.07570E+11 0.05964 
   96   96    1    1    1    1    1    1    1    1  4.32284E+10 0.07217 
   97   97    1    1    1    1    1    1    1    1  2.05394E+10 0.14288 
   98   98    1    1    1    1    1    1    1    1  9.63335E+09 0.12928 
   99   99    1    1    1    1    1    1    1    1  6.69185E+09 0.17626 
  100  100    1    1    1    1    1    1    1    1  4.47796E+09 0.16642 
];


