
DETdpaspec = [
    1    1    1    1    1    1    1    1    1    1  0.00000E+00 0.00000 
    2    2    1    1    1    1    1    1    1    1  0.00000E+00 0.00000 
    3    3    1    1    1    1    1    1    1    1  0.00000E+00 0.00000 
    4    4    1    1    1    1    1    1    1    1  0.00000E+00 0.00000 
    5    5    1    1    1    1    1    1    1    1  0.00000E+00 0.00000 
    6    6    1    1    1    1    1    1    1    1  0.00000E+00 0.00000 
    7    7    1    1    1    1    1    1    1    1  0.00000E+00 0.00000 
    8    8    1    1    1    1    1    1    1    1  0.00000E+00 0.00000 
    9    9    1    1    1    1    1    1    1    1  0.00000E+00 0.00000 
   10   10    1    1    1    1    1    1    1    1  2.03525E+07 1.00000 
   11   11    1    1    1    1    1    1    1    1  4.31241E+07 1.00000 
   12   12    1    1    1    1    1    1    1    1  1.60144E+07 1.00000 
   13   13    1    1    1    1    1    1    1    1  3.67160E+08 1.00000 
   14   14    1    1    1    1    1    1    1    1  1.35486E+09 0.67734 
   15   15    1    1    1    1    1    1    1    1  3.86742E+08 0.73303 
   16   16    1    1    1    1    1    1    1    1  2.09581E+08 0.68691 
   17   17    1    1    1    1    1    1    1    1  6.14409E+08 0.57094 
   18   18    1    1    1    1    1    1    1    1  1.23333E+09 0.30052 
   19   19    1    1    1    1    1    1    1    1  1.26475E+09 0.24422 
   20   20    1    1    1    1    1    1    1    1  5.97310E+09 0.24620 
   21   21    1    1    1    1    1    1    1    1  4.63750E+09 0.18918 
   22   22    1    1    1    1    1    1    1    1  1.19164E+10 0.11711 
   23   23    1    1    1    1    1    1    1    1  2.22511E+10 0.10281 
   24   24    1    1    1    1    1    1    1    1  5.71402E+10 0.05505 
   25   25    1    1    1    1    1    1    1    1  8.56298E+10 0.05804 
   26   26    1    1    1    1    1    1    1    1  2.05318E+11 0.03005 
   27   27    1    1    1    1    1    1    1    1  4.63921E+11 0.02212 
   28   28    1    1    1    1    1    1    1    1  1.07616E+12 0.01446 
   29   29    1    1    1    1    1    1    1    1  1.87556E+12 0.01055 
   30   30    1    1    1    1    1    1    1    1  4.22473E+12 0.01079 
   31   31    1    1    1    1    1    1    1    1  1.04873E+13 0.00475 
   32   32    1    1    1    1    1    1    1    1  1.69456E+13 0.00308 
   33   33    1    1    1    1    1    1    1    1  3.67258E+13 0.00226 
   34   34    1    1    1    1    1    1    1    1  4.79373E+13 0.00226 
   35   35    1    1    1    1    1    1    1    1  5.28029E+13 0.00173 
   36   36    1    1    1    1    1    1    1    1  3.29367E+13 0.00207 
   37   37    1    1    1    1    1    1    1    1  9.71098E+12 0.00253 
   38   38    1    1    1    1    1    1    1    1  5.54430E+13 0.00149 
   39   39    1    1    1    1    1    1    1    1  7.35026E+13 0.00179 
   40   40    1    1    1    1    1    1    1    1  1.26239E+14 0.00109 
   41   41    1    1    1    1    1    1    1    1  1.22446E+14 0.00139 
   42   42    1    1    1    1    1    1    1    1  2.62698E+14 0.00113 
   43   43    1    1    1    1    1    1    1    1  3.14847E+14 0.00096 
   44   44    1    1    1    1    1    1    1    1  4.50863E+14 0.00101 
   45   45    1    1    1    1    1    1    1    1  8.95916E+14 0.00046 
   46   46    1    1    1    1    1    1    1    1  4.10557E+14 0.00071 
   47   47    1    1    1    1    1    1    1    1  6.50827E+14 0.00054 
   48   48    1    1    1    1    1    1    1    1  9.01428E+14 0.00061 
   49   49    1    1    1    1    1    1    1    1  8.80589E+14 0.00047 
   50   50    1    1    1    1    1    1    1    1  1.38881E+15 0.00052 
   51   51    1    1    1    1    1    1    1    1  1.08146E+15 0.00056 
   52   52    1    1    1    1    1    1    1    1  1.30782E+15 0.00055 
   53   53    1    1    1    1    1    1    1    1  9.03664E+14 0.00048 
   54   54    1    1    1    1    1    1    1    1  1.12657E+15 0.00051 
   55   55    1    1    1    1    1    1    1    1  7.74259E+14 0.00060 
   56   56    1    1    1    1    1    1    1    1  1.04642E+14 0.00145 
   57   57    1    1    1    1    1    1    1    1  1.53159E+15 0.00049 
   58   58    1    1    1    1    1    1    1    1  6.99866E+14 0.00055 
   59   59    1    1    1    1    1    1    1    1  7.40801E+14 0.00067 
   60   60    1    1    1    1    1    1    1    1  5.88536E+14 0.00059 
   61   61    1    1    1    1    1    1    1    1  5.87911E+14 0.00064 
   62   62    1    1    1    1    1    1    1    1  6.12447E+14 0.00077 
   63   63    1    1    1    1    1    1    1    1  5.18204E+14 0.00065 
   64   64    1    1    1    1    1    1    1    1  4.13229E+14 0.00075 
   65   65    1    1    1    1    1    1    1    1  4.11407E+14 0.00074 
   66   66    1    1    1    1    1    1    1    1  2.98053E+14 0.00093 
   67   67    1    1    1    1    1    1    1    1  2.41673E+14 0.00104 
   68   68    1    1    1    1    1    1    1    1  2.15812E+14 0.00110 
   69   69    1    1    1    1    1    1    1    1  2.58001E+14 0.00070 
   70   70    1    1    1    1    1    1    1    1  2.20125E+14 0.00104 
   71   71    1    1    1    1    1    1    1    1  3.94744E+14 0.00096 
   72   72    1    1    1    1    1    1    1    1  2.78910E+14 0.00134 
   73   73    1    1    1    1    1    1    1    1  2.11192E+14 0.00136 
   74   74    1    1    1    1    1    1    1    1  1.71493E+14 0.00142 
   75   75    1    1    1    1    1    1    1    1  1.44233E+14 0.00125 
   76   76    1    1    1    1    1    1    1    1  1.69503E+14 0.00157 
   77   77    1    1    1    1    1    1    1    1  1.36158E+14 0.00174 
   78   78    1    1    1    1    1    1    1    1  1.09004E+14 0.00197 
   79   79    1    1    1    1    1    1    1    1  1.12930E+14 0.00185 
   80   80    1    1    1    1    1    1    1    1  8.40712E+13 0.00161 
   81   81    1    1    1    1    1    1    1    1  6.48330E+13 0.00134 
   82   82    1    1    1    1    1    1    1    1  4.98818E+13 0.00184 
   83   83    1    1    1    1    1    1    1    1  4.66278E+13 0.00233 
   84   84    1    1    1    1    1    1    1    1  3.34731E+13 0.00226 
   85   85    1    1    1    1    1    1    1    1  2.40702E+13 0.00274 
   86   86    1    1    1    1    1    1    1    1  2.26796E+13 0.00271 
   87   87    1    1    1    1    1    1    1    1  1.38098E+13 0.00241 
   88   88    1    1    1    1    1    1    1    1  9.28927E+12 0.00622 
   89   89    1    1    1    1    1    1    1    1  5.22821E+12 0.00533 
   90   90    1    1    1    1    1    1    1    1  3.43166E+12 0.00897 
   91   91    1    1    1    1    1    1    1    1  1.73972E+12 0.00936 
   92   92    1    1    1    1    1    1    1    1  8.25154E+11 0.01525 
   93   93    1    1    1    1    1    1    1    1  3.98739E+11 0.01943 
   94   94    1    1    1    1    1    1    1    1  1.75739E+11 0.03198 
   95   95    1    1    1    1    1    1    1    1  9.37191E+10 0.07030 
   96   96    1    1    1    1    1    1    1    1  4.02485E+10 0.10220 
   97   97    1    1    1    1    1    1    1    1  2.06141E+10 0.11338 
   98   98    1    1    1    1    1    1    1    1  9.95759E+09 0.13848 
   99   99    1    1    1    1    1    1    1    1  3.96898E+09 0.18994 
  100  100    1    1    1    1    1    1    1    1  4.11878E+09 0.22095 
];


