
DETdpaspec = [
    1    1    1    1    1    1    1    1    1    1  0.00000E+00 0.00000 
    2    2    1    1    1    1    1    1    1    1  0.00000E+00 0.00000 
    3    3    1    1    1    1    1    1    1    1  0.00000E+00 0.00000 
    4    4    1    1    1    1    1    1    1    1  0.00000E+00 0.00000 
    5    5    1    1    1    1    1    1    1    1  0.00000E+00 0.00000 
    6    6    1    1    1    1    1    1    1    1  0.00000E+00 0.00000 
    7    7    1    1    1    1    1    1    1    1  8.64528E+06 1.00000 
    8    8    1    1    1    1    1    1    1    1  0.00000E+00 0.00000 
    9    9    1    1    1    1    1    1    1    1  0.00000E+00 0.00000 
   10   10    1    1    1    1    1    1    1    1  1.67657E+07 1.00000 
   11   11    1    1    1    1    1    1    1    1  3.36987E+07 1.00000 
   12   12    1    1    1    1    1    1    1    1  2.85633E+07 0.74105 
   13   13    1    1    1    1    1    1    1    1  6.01617E+08 0.40569 
   14   14    1    1    1    1    1    1    1    1  6.65809E+08 0.59627 
   15   15    1    1    1    1    1    1    1    1  1.33797E+09 0.45141 
   16   16    1    1    1    1    1    1    1    1  1.87364E+08 0.52853 
   17   17    1    1    1    1    1    1    1    1  7.87308E+08 0.36398 
   18   18    1    1    1    1    1    1    1    1  2.44902E+09 0.18175 
   19   19    1    1    1    1    1    1    1    1  2.61223E+09 0.24841 
   20   20    1    1    1    1    1    1    1    1  1.01312E+10 0.16032 
   21   21    1    1    1    1    1    1    1    1  6.18624E+09 0.14067 
   22   22    1    1    1    1    1    1    1    1  1.50659E+10 0.12201 
   23   23    1    1    1    1    1    1    1    1  2.30311E+10 0.09404 
   24   24    1    1    1    1    1    1    1    1  3.75042E+10 0.06850 
   25   25    1    1    1    1    1    1    1    1  5.21295E+10 0.05709 
   26   26    1    1    1    1    1    1    1    1  7.82771E+10 0.04036 
   27   27    1    1    1    1    1    1    1    1  1.50576E+11 0.04305 
   28   28    1    1    1    1    1    1    1    1  3.47656E+11 0.04312 
   29   29    1    1    1    1    1    1    1    1  5.90031E+11 0.02025 
   30   30    1    1    1    1    1    1    1    1  1.58993E+12 0.01575 
   31   31    1    1    1    1    1    1    1    1  4.83565E+12 0.00964 
   32   32    1    1    1    1    1    1    1    1  8.74966E+12 0.00541 
   33   33    1    1    1    1    1    1    1    1  2.09019E+13 0.00381 
   34   34    1    1    1    1    1    1    1    1  2.92017E+13 0.00276 
   35   35    1    1    1    1    1    1    1    1  3.72278E+13 0.00232 
   36   36    1    1    1    1    1    1    1    1  2.49891E+13 0.00235 
   37   37    1    1    1    1    1    1    1    1  7.61580E+12 0.00239 
   38   38    1    1    1    1    1    1    1    1  4.29094E+13 0.00173 
   39   39    1    1    1    1    1    1    1    1  5.79181E+13 0.00208 
   40   40    1    1    1    1    1    1    1    1  9.98979E+13 0.00200 
   41   41    1    1    1    1    1    1    1    1  1.00309E+14 0.00156 
   42   42    1    1    1    1    1    1    1    1  2.15306E+14 0.00115 
   43   43    1    1    1    1    1    1    1    1  2.62620E+14 0.00077 
   44   44    1    1    1    1    1    1    1    1  3.82155E+14 0.00105 
   45   45    1    1    1    1    1    1    1    1  7.69793E+14 0.00085 
   46   46    1    1    1    1    1    1    1    1  3.65224E+14 0.00090 
   47   47    1    1    1    1    1    1    1    1  5.87649E+14 0.00076 
   48   48    1    1    1    1    1    1    1    1  8.27124E+14 0.00058 
   49   49    1    1    1    1    1    1    1    1  8.21412E+14 0.00070 
   50   50    1    1    1    1    1    1    1    1  1.30090E+15 0.00044 
   51   51    1    1    1    1    1    1    1    1  1.04245E+15 0.00051 
   52   52    1    1    1    1    1    1    1    1  1.25502E+15 0.00062 
   53   53    1    1    1    1    1    1    1    1  8.80752E+14 0.00069 
   54   54    1    1    1    1    1    1    1    1  1.09012E+15 0.00063 
   55   55    1    1    1    1    1    1    1    1  7.55630E+14 0.00057 
   56   56    1    1    1    1    1    1    1    1  1.02957E+14 0.00106 
   57   57    1    1    1    1    1    1    1    1  1.50805E+15 0.00058 
   58   58    1    1    1    1    1    1    1    1  6.81752E+14 0.00054 
   59   59    1    1    1    1    1    1    1    1  7.29142E+14 0.00050 
   60   60    1    1    1    1    1    1    1    1  5.73996E+14 0.00069 
   61   61    1    1    1    1    1    1    1    1  5.75922E+14 0.00075 
   62   62    1    1    1    1    1    1    1    1  6.01498E+14 0.00072 
   63   63    1    1    1    1    1    1    1    1  5.09215E+14 0.00071 
   64   64    1    1    1    1    1    1    1    1  4.07969E+14 0.00068 
   65   65    1    1    1    1    1    1    1    1  4.07773E+14 0.00071 
   66   66    1    1    1    1    1    1    1    1  2.96641E+14 0.00095 
   67   67    1    1    1    1    1    1    1    1  2.41759E+14 0.00119 
   68   68    1    1    1    1    1    1    1    1  2.16681E+14 0.00110 
   69   69    1    1    1    1    1    1    1    1  2.60283E+14 0.00125 
   70   70    1    1    1    1    1    1    1    1  2.22282E+14 0.00120 
   71   71    1    1    1    1    1    1    1    1  4.06001E+14 0.00106 
   72   72    1    1    1    1    1    1    1    1  2.89038E+14 0.00113 
   73   73    1    1    1    1    1    1    1    1  2.18925E+14 0.00126 
   74   74    1    1    1    1    1    1    1    1  1.76763E+14 0.00109 
   75   75    1    1    1    1    1    1    1    1  1.47511E+14 0.00172 
   76   76    1    1    1    1    1    1    1    1  1.71820E+14 0.00111 
   77   77    1    1    1    1    1    1    1    1  1.36408E+14 0.00150 
   78   78    1    1    1    1    1    1    1    1  1.08489E+14 0.00132 
   79   79    1    1    1    1    1    1    1    1  1.12594E+14 0.00144 
   80   80    1    1    1    1    1    1    1    1  8.34611E+13 0.00193 
   81   81    1    1    1    1    1    1    1    1  6.43506E+13 0.00162 
   82   82    1    1    1    1    1    1    1    1  4.93779E+13 0.00243 
   83   83    1    1    1    1    1    1    1    1  4.63515E+13 0.00183 
   84   84    1    1    1    1    1    1    1    1  3.33300E+13 0.00258 
   85   85    1    1    1    1    1    1    1    1  2.39930E+13 0.00371 
   86   86    1    1    1    1    1    1    1    1  2.25366E+13 0.00337 
   87   87    1    1    1    1    1    1    1    1  1.37393E+13 0.00450 
   88   88    1    1    1    1    1    1    1    1  9.30461E+12 0.00452 
   89   89    1    1    1    1    1    1    1    1  5.28419E+12 0.00667 
   90   90    1    1    1    1    1    1    1    1  3.49288E+12 0.00836 
   91   91    1    1    1    1    1    1    1    1  1.75344E+12 0.01217 
   92   92    1    1    1    1    1    1    1    1  8.47117E+11 0.01537 
   93   93    1    1    1    1    1    1    1    1  4.13976E+11 0.02282 
   94   94    1    1    1    1    1    1    1    1  1.91557E+11 0.03680 
   95   95    1    1    1    1    1    1    1    1  1.02548E+11 0.06138 
   96   96    1    1    1    1    1    1    1    1  4.80150E+10 0.06667 
   97   97    1    1    1    1    1    1    1    1  2.09799E+10 0.09972 
   98   98    1    1    1    1    1    1    1    1  1.23237E+10 0.13456 
   99   99    1    1    1    1    1    1    1    1  5.57746E+09 0.21306 
  100  100    1    1    1    1    1    1    1    1  6.90700E+09 0.21936 
];


