
DETdpaspec = [
    1    1    1    1    1    1    1    1    1    1  0.00000E+00 0.00000 
    2    2    1    1    1    1    1    1    1    1  0.00000E+00 0.00000 
    3    3    1    1    1    1    1    1    1    1  0.00000E+00 0.00000 
    4    4    1    1    1    1    1    1    1    1  0.00000E+00 0.00000 
    5    5    1    1    1    1    1    1    1    1  0.00000E+00 0.00000 
    6    6    1    1    1    1    1    1    1    1  0.00000E+00 0.00000 
    7    7    1    1    1    1    1    1    1    1  0.00000E+00 0.00000 
    8    8    1    1    1    1    1    1    1    1  0.00000E+00 0.00000 
    9    9    1    1    1    1    1    1    1    1  1.10142E+07 1.00000 
   10   10    1    1    1    1    1    1    1    1  5.21817E+07 0.69780 
   11   11    1    1    1    1    1    1    1    1  3.05088E+07 1.00000 
   12   12    1    1    1    1    1    1    1    1  0.00000E+00 0.00000 
   13   13    1    1    1    1    1    1    1    1  5.30455E+08 0.50192 
   14   14    1    1    1    1    1    1    1    1  9.28616E+08 0.47304 
   15   15    1    1    1    1    1    1    1    1  9.40417E+08 0.46875 
   16   16    1    1    1    1    1    1    1    1  7.34399E+08 0.31753 
   17   17    1    1    1    1    1    1    1    1  1.25925E+09 0.36011 
   18   18    1    1    1    1    1    1    1    1  1.78802E+09 0.33179 
   19   19    1    1    1    1    1    1    1    1  1.81130E+09 0.26169 
   20   20    1    1    1    1    1    1    1    1  7.38224E+09 0.14071 
   21   21    1    1    1    1    1    1    1    1  6.06648E+09 0.15138 
   22   22    1    1    1    1    1    1    1    1  1.27180E+10 0.11168 
   23   23    1    1    1    1    1    1    1    1  1.96567E+10 0.09839 
   24   24    1    1    1    1    1    1    1    1  3.77062E+10 0.10098 
   25   25    1    1    1    1    1    1    1    1  4.98606E+10 0.05533 
   26   26    1    1    1    1    1    1    1    1  8.01367E+10 0.06551 
   27   27    1    1    1    1    1    1    1    1  1.60292E+11 0.03457 
   28   28    1    1    1    1    1    1    1    1  3.65684E+11 0.02403 
   29   29    1    1    1    1    1    1    1    1  6.23913E+11 0.01751 
   30   30    1    1    1    1    1    1    1    1  1.70578E+12 0.01141 
   31   31    1    1    1    1    1    1    1    1  5.14049E+12 0.01192 
   32   32    1    1    1    1    1    1    1    1  9.21142E+12 0.00755 
   33   33    1    1    1    1    1    1    1    1  2.16940E+13 0.00382 
   34   34    1    1    1    1    1    1    1    1  3.02523E+13 0.00333 
   35   35    1    1    1    1    1    1    1    1  3.80555E+13 0.00271 
   36   36    1    1    1    1    1    1    1    1  2.54474E+13 0.00283 
   37   37    1    1    1    1    1    1    1    1  7.69335E+12 0.00238 
   38   38    1    1    1    1    1    1    1    1  4.34134E+13 0.00184 
   39   39    1    1    1    1    1    1    1    1  5.85581E+13 0.00164 
   40   40    1    1    1    1    1    1    1    1  1.01189E+14 0.00161 
   41   41    1    1    1    1    1    1    1    1  1.01409E+14 0.00177 
   42   42    1    1    1    1    1    1    1    1  2.17675E+14 0.00130 
   43   43    1    1    1    1    1    1    1    1  2.64424E+14 0.00120 
   44   44    1    1    1    1    1    1    1    1  3.85464E+14 0.00109 
   45   45    1    1    1    1    1    1    1    1  7.77262E+14 0.00061 
   46   46    1    1    1    1    1    1    1    1  3.67606E+14 0.00085 
   47   47    1    1    1    1    1    1    1    1  5.90891E+14 0.00091 
   48   48    1    1    1    1    1    1    1    1  8.31831E+14 0.00084 
   49   49    1    1    1    1    1    1    1    1  8.25262E+14 0.00065 
   50   50    1    1    1    1    1    1    1    1  1.30741E+15 0.00052 
   51   51    1    1    1    1    1    1    1    1  1.04647E+15 0.00054 
   52   52    1    1    1    1    1    1    1    1  1.26050E+15 0.00056 
   53   53    1    1    1    1    1    1    1    1  8.83291E+14 0.00072 
   54   54    1    1    1    1    1    1    1    1  1.09445E+15 0.00071 
   55   55    1    1    1    1    1    1    1    1  7.57908E+14 0.00057 
   56   56    1    1    1    1    1    1    1    1  1.03250E+14 0.00108 
   57   57    1    1    1    1    1    1    1    1  1.51370E+15 0.00053 
   58   58    1    1    1    1    1    1    1    1  6.85141E+14 0.00075 
   59   59    1    1    1    1    1    1    1    1  7.31499E+14 0.00066 
   60   60    1    1    1    1    1    1    1    1  5.76783E+14 0.00061 
   61   61    1    1    1    1    1    1    1    1  5.79274E+14 0.00060 
   62   62    1    1    1    1    1    1    1    1  6.05086E+14 0.00059 
   63   63    1    1    1    1    1    1    1    1  5.12191E+14 0.00075 
   64   64    1    1    1    1    1    1    1    1  4.10959E+14 0.00069 
   65   65    1    1    1    1    1    1    1    1  4.09546E+14 0.00099 
   66   66    1    1    1    1    1    1    1    1  2.98283E+14 0.00092 
   67   67    1    1    1    1    1    1    1    1  2.42695E+14 0.00122 
   68   68    1    1    1    1    1    1    1    1  2.17294E+14 0.00097 
   69   69    1    1    1    1    1    1    1    1  2.61551E+14 0.00104 
   70   70    1    1    1    1    1    1    1    1  2.23430E+14 0.00083 
   71   71    1    1    1    1    1    1    1    1  4.07740E+14 0.00115 
   72   72    1    1    1    1    1    1    1    1  2.89989E+14 0.00126 
   73   73    1    1    1    1    1    1    1    1  2.19630E+14 0.00117 
   74   74    1    1    1    1    1    1    1    1  1.77397E+14 0.00119 
   75   75    1    1    1    1    1    1    1    1  1.47870E+14 0.00131 
   76   76    1    1    1    1    1    1    1    1  1.72703E+14 0.00157 
   77   77    1    1    1    1    1    1    1    1  1.37616E+14 0.00145 
   78   78    1    1    1    1    1    1    1    1  1.09569E+14 0.00138 
   79   79    1    1    1    1    1    1    1    1  1.13015E+14 0.00182 
   80   80    1    1    1    1    1    1    1    1  8.44003E+13 0.00183 
   81   81    1    1    1    1    1    1    1    1  6.47924E+13 0.00201 
   82   82    1    1    1    1    1    1    1    1  4.97756E+13 0.00205 
   83   83    1    1    1    1    1    1    1    1  4.65857E+13 0.00166 
   84   84    1    1    1    1    1    1    1    1  3.34678E+13 0.00278 
   85   85    1    1    1    1    1    1    1    1  2.43186E+13 0.00316 
   86   86    1    1    1    1    1    1    1    1  2.25314E+13 0.00334 
   87   87    1    1    1    1    1    1    1    1  1.39488E+13 0.00320 
   88   88    1    1    1    1    1    1    1    1  9.37665E+12 0.00433 
   89   89    1    1    1    1    1    1    1    1  5.36349E+12 0.00887 
   90   90    1    1    1    1    1    1    1    1  3.53645E+12 0.00826 
   91   91    1    1    1    1    1    1    1    1  1.76092E+12 0.01256 
   92   92    1    1    1    1    1    1    1    1  8.57961E+11 0.02040 
   93   93    1    1    1    1    1    1    1    1  4.20951E+11 0.02355 
   94   94    1    1    1    1    1    1    1    1  1.95169E+11 0.03621 
   95   95    1    1    1    1    1    1    1    1  1.03647E+11 0.05594 
   96   96    1    1    1    1    1    1    1    1  4.33076E+10 0.09013 
   97   97    1    1    1    1    1    1    1    1  2.50231E+10 0.08427 
   98   98    1    1    1    1    1    1    1    1  8.92804E+09 0.14726 
   99   99    1    1    1    1    1    1    1    1  3.81094E+09 0.26263 
  100  100    1    1    1    1    1    1    1    1  4.27730E+09 0.32865 
];


