
DETdpaspec = [
    1    1    1    1    1    1    1    1    1    1  0.00000E+00 0.00000 
    2    2    1    1    1    1    1    1    1    1  0.00000E+00 0.00000 
    3    3    1    1    1    1    1    1    1    1  0.00000E+00 0.00000 
    4    4    1    1    1    1    1    1    1    1  0.00000E+00 0.00000 
    5    5    1    1    1    1    1    1    1    1  0.00000E+00 0.00000 
    6    6    1    1    1    1    1    1    1    1  0.00000E+00 0.00000 
    7    7    1    1    1    1    1    1    1    1  0.00000E+00 0.00000 
    8    8    1    1    1    1    1    1    1    1  0.00000E+00 0.00000 
    9    9    1    1    1    1    1    1    1    1  0.00000E+00 0.00000 
   10   10    1    1    1    1    1    1    1    1  0.00000E+00 0.00000 
   11   11    1    1    1    1    1    1    1    1  0.00000E+00 0.00000 
   12   12    1    1    1    1    1    1    1    1  3.33658E+07 1.00000 
   13   13    1    1    1    1    1    1    1    1  1.06931E+09 0.51704 
   14   14    1    1    1    1    1    1    1    1  2.46160E+09 0.51932 
   15   15    1    1    1    1    1    1    1    1  1.83685E+09 0.39811 
   16   16    1    1    1    1    1    1    1    1  4.14909E+08 0.67487 
   17   17    1    1    1    1    1    1    1    1  7.59871E+08 0.62372 
   18   18    1    1    1    1    1    1    1    1  1.46299E+09 0.42855 
   19   19    1    1    1    1    1    1    1    1  4.25728E+08 0.39774 
   20   20    1    1    1    1    1    1    1    1  6.72151E+09 0.22802 
   21   21    1    1    1    1    1    1    1    1  4.42271E+09 0.19297 
   22   22    1    1    1    1    1    1    1    1  8.88908E+09 0.14525 
   23   23    1    1    1    1    1    1    1    1  1.99775E+10 0.10594 
   24   24    1    1    1    1    1    1    1    1  4.22581E+10 0.07516 
   25   25    1    1    1    1    1    1    1    1  6.28231E+10 0.06163 
   26   26    1    1    1    1    1    1    1    1  1.40192E+11 0.04356 
   27   27    1    1    1    1    1    1    1    1  3.25876E+11 0.03543 
   28   28    1    1    1    1    1    1    1    1  7.91569E+11 0.01736 
   29   29    1    1    1    1    1    1    1    1  1.42777E+12 0.01292 
   30   30    1    1    1    1    1    1    1    1  3.35860E+12 0.00870 
   31   31    1    1    1    1    1    1    1    1  8.76382E+12 0.00601 
   32   32    1    1    1    1    1    1    1    1  1.44402E+13 0.00440 
   33   33    1    1    1    1    1    1    1    1  3.21296E+13 0.00320 
   34   34    1    1    1    1    1    1    1    1  4.29351E+13 0.00286 
   35   35    1    1    1    1    1    1    1    1  4.86857E+13 0.00234 
   36   36    1    1    1    1    1    1    1    1  3.07552E+13 0.00121 
   37   37    1    1    1    1    1    1    1    1  9.11778E+12 0.00174 
   38   38    1    1    1    1    1    1    1    1  5.19851E+13 0.00166 
   39   39    1    1    1    1    1    1    1    1  6.95861E+13 0.00135 
   40   40    1    1    1    1    1    1    1    1  1.19360E+14 0.00128 
   41   41    1    1    1    1    1    1    1    1  1.16602E+14 0.00110 
   42   42    1    1    1    1    1    1    1    1  2.50975E+14 0.00129 
   43   43    1    1    1    1    1    1    1    1  3.02078E+14 0.00089 
   44   44    1    1    1    1    1    1    1    1  4.34463E+14 0.00076 
   45   45    1    1    1    1    1    1    1    1  8.66274E+14 0.00075 
   46   46    1    1    1    1    1    1    1    1  3.99520E+14 0.00092 
   47   47    1    1    1    1    1    1    1    1  6.35427E+14 0.00078 
   48   48    1    1    1    1    1    1    1    1  8.84730E+14 0.00054 
   49   49    1    1    1    1    1    1    1    1  8.67109E+14 0.00057 
   50   50    1    1    1    1    1    1    1    1  1.37147E+15 0.00045 
   51   51    1    1    1    1    1    1    1    1  1.07491E+15 0.00060 
   52   52    1    1    1    1    1    1    1    1  1.30093E+15 0.00053 
   53   53    1    1    1    1    1    1    1    1  9.00928E+14 0.00049 
   54   54    1    1    1    1    1    1    1    1  1.12309E+15 0.00059 
   55   55    1    1    1    1    1    1    1    1  7.73311E+14 0.00061 
   56   56    1    1    1    1    1    1    1    1  1.04704E+14 0.00145 
   57   57    1    1    1    1    1    1    1    1  1.53470E+15 0.00058 
   58   58    1    1    1    1    1    1    1    1  7.01101E+14 0.00059 
   59   59    1    1    1    1    1    1    1    1  7.43193E+14 0.00066 
   60   60    1    1    1    1    1    1    1    1  5.90321E+14 0.00073 
   61   61    1    1    1    1    1    1    1    1  5.90183E+14 0.00067 
   62   62    1    1    1    1    1    1    1    1  6.15372E+14 0.00064 
   63   63    1    1    1    1    1    1    1    1  5.20606E+14 0.00075 
   64   64    1    1    1    1    1    1    1    1  4.15657E+14 0.00067 
   65   65    1    1    1    1    1    1    1    1  4.14093E+14 0.00082 
   66   66    1    1    1    1    1    1    1    1  3.00878E+14 0.00088 
   67   67    1    1    1    1    1    1    1    1  2.43883E+14 0.00100 
   68   68    1    1    1    1    1    1    1    1  2.18000E+14 0.00094 
   69   69    1    1    1    1    1    1    1    1  2.61443E+14 0.00115 
   70   70    1    1    1    1    1    1    1    1  2.22647E+14 0.00097 
   71   71    1    1    1    1    1    1    1    1  4.01108E+14 0.00072 
   72   72    1    1    1    1    1    1    1    1  2.83663E+14 0.00118 
   73   73    1    1    1    1    1    1    1    1  2.14763E+14 0.00113 
   74   74    1    1    1    1    1    1    1    1  1.74795E+14 0.00148 
   75   75    1    1    1    1    1    1    1    1  1.46826E+14 0.00150 
   76   76    1    1    1    1    1    1    1    1  1.71969E+14 0.00131 
   77   77    1    1    1    1    1    1    1    1  1.37563E+14 0.00150 
   78   78    1    1    1    1    1    1    1    1  1.10698E+14 0.00116 
   79   79    1    1    1    1    1    1    1    1  1.14762E+14 0.00196 
   80   80    1    1    1    1    1    1    1    1  8.55651E+13 0.00197 
   81   81    1    1    1    1    1    1    1    1  6.58913E+13 0.00190 
   82   82    1    1    1    1    1    1    1    1  5.05999E+13 0.00214 
   83   83    1    1    1    1    1    1    1    1  4.72755E+13 0.00220 
   84   84    1    1    1    1    1    1    1    1  3.40471E+13 0.00215 
   85   85    1    1    1    1    1    1    1    1  2.44663E+13 0.00312 
   86   86    1    1    1    1    1    1    1    1  2.27581E+13 0.00295 
   87   87    1    1    1    1    1    1    1    1  1.39669E+13 0.00427 
   88   88    1    1    1    1    1    1    1    1  9.36084E+12 0.00478 
   89   89    1    1    1    1    1    1    1    1  5.38839E+12 0.00701 
   90   90    1    1    1    1    1    1    1    1  3.52185E+12 0.00913 
   91   91    1    1    1    1    1    1    1    1  1.75527E+12 0.01222 
   92   92    1    1    1    1    1    1    1    1  8.60753E+11 0.01393 
   93   93    1    1    1    1    1    1    1    1  4.05652E+11 0.02005 
   94   94    1    1    1    1    1    1    1    1  1.88258E+11 0.03230 
   95   95    1    1    1    1    1    1    1    1  9.61510E+10 0.05213 
   96   96    1    1    1    1    1    1    1    1  4.43556E+10 0.05919 
   97   97    1    1    1    1    1    1    1    1  2.05131E+10 0.09504 
   98   98    1    1    1    1    1    1    1    1  1.17824E+10 0.19993 
   99   99    1    1    1    1    1    1    1    1  4.49811E+09 0.22201 
  100  100    1    1    1    1    1    1    1    1  3.81051E+09 0.25991 
];


