
DETdpaspec = [
    1    1    1    1    1    1    1    1    1    1  0.00000E+00 0.00000 
    2    2    1    1    1    1    1    1    1    1  0.00000E+00 0.00000 
    3    3    1    1    1    1    1    1    1    1  0.00000E+00 0.00000 
    4    4    1    1    1    1    1    1    1    1  0.00000E+00 0.00000 
    5    5    1    1    1    1    1    1    1    1  0.00000E+00 0.00000 
    6    6    1    1    1    1    1    1    1    1  0.00000E+00 0.00000 
    7    7    1    1    1    1    1    1    1    1  0.00000E+00 0.00000 
    8    8    1    1    1    1    1    1    1    1  0.00000E+00 0.00000 
    9    9    1    1    1    1    1    1    1    1  0.00000E+00 0.00000 
   10   10    1    1    1    1    1    1    1    1  0.00000E+00 0.00000 
   11   11    1    1    1    1    1    1    1    1  1.68806E+08 0.78149 
   12   12    1    1    1    1    1    1    1    1  2.99208E+07 1.00000 
   13   13    1    1    1    1    1    1    1    1  1.12817E+08 1.00000 
   14   14    1    1    1    1    1    1    1    1  7.18917E+08 0.65540 
   15   15    1    1    1    1    1    1    1    1  7.44256E+08 0.64421 
   16   16    1    1    1    1    1    1    1    1  3.81629E+08 0.59572 
   17   17    1    1    1    1    1    1    1    1  3.74124E+08 0.48236 
   18   18    1    1    1    1    1    1    1    1  4.35343E+08 0.38315 
   19   19    1    1    1    1    1    1    1    1  1.07771E+09 0.37218 
   20   20    1    1    1    1    1    1    1    1  6.99708E+09 0.22600 
   21   21    1    1    1    1    1    1    1    1  4.67628E+09 0.24897 
   22   22    1    1    1    1    1    1    1    1  9.88749E+09 0.14595 
   23   23    1    1    1    1    1    1    1    1  1.99451E+10 0.10415 
   24   24    1    1    1    1    1    1    1    1  5.64766E+10 0.05875 
   25   25    1    1    1    1    1    1    1    1  8.51467E+10 0.05155 
   26   26    1    1    1    1    1    1    1    1  1.89652E+11 0.03835 
   27   27    1    1    1    1    1    1    1    1  4.36951E+11 0.02451 
   28   28    1    1    1    1    1    1    1    1  1.05329E+12 0.01269 
   29   29    1    1    1    1    1    1    1    1  1.84388E+12 0.01223 
   30   30    1    1    1    1    1    1    1    1  4.11425E+12 0.00852 
   31   31    1    1    1    1    1    1    1    1  1.02780E+13 0.00542 
   32   32    1    1    1    1    1    1    1    1  1.65658E+13 0.00416 
   33   33    1    1    1    1    1    1    1    1  3.59684E+13 0.00325 
   34   34    1    1    1    1    1    1    1    1  4.73393E+13 0.00244 
   35   35    1    1    1    1    1    1    1    1  5.21455E+13 0.00236 
   36   36    1    1    1    1    1    1    1    1  3.25585E+13 0.00263 
   37   37    1    1    1    1    1    1    1    1  9.63596E+12 0.00256 
   38   38    1    1    1    1    1    1    1    1  5.49541E+13 0.00195 
   39   39    1    1    1    1    1    1    1    1  7.34187E+13 0.00179 
   40   40    1    1    1    1    1    1    1    1  1.25555E+14 0.00115 
   41   41    1    1    1    1    1    1    1    1  1.21531E+14 0.00158 
   42   42    1    1    1    1    1    1    1    1  2.61054E+14 0.00100 
   43   43    1    1    1    1    1    1    1    1  3.13033E+14 0.00105 
   44   44    1    1    1    1    1    1    1    1  4.48264E+14 0.00079 
   45   45    1    1    1    1    1    1    1    1  8.90578E+14 0.00069 
   46   46    1    1    1    1    1    1    1    1  4.08633E+14 0.00084 
   47   47    1    1    1    1    1    1    1    1  6.48114E+14 0.00060 
   48   48    1    1    1    1    1    1    1    1  8.98760E+14 0.00052 
   49   49    1    1    1    1    1    1    1    1  8.77713E+14 0.00052 
   50   50    1    1    1    1    1    1    1    1  1.38438E+15 0.00066 
   51   51    1    1    1    1    1    1    1    1  1.08088E+15 0.00049 
   52   52    1    1    1    1    1    1    1    1  1.30611E+15 0.00055 
   53   53    1    1    1    1    1    1    1    1  9.03303E+14 0.00061 
   54   54    1    1    1    1    1    1    1    1  1.12505E+15 0.00061 
   55   55    1    1    1    1    1    1    1    1  7.73435E+14 0.00051 
   56   56    1    1    1    1    1    1    1    1  1.04754E+14 0.00113 
   57   57    1    1    1    1    1    1    1    1  1.53035E+15 0.00051 
   58   58    1    1    1    1    1    1    1    1  6.99623E+14 0.00063 
   59   59    1    1    1    1    1    1    1    1  7.40958E+14 0.00055 
   60   60    1    1    1    1    1    1    1    1  5.88272E+14 0.00076 
   61   61    1    1    1    1    1    1    1    1  5.87883E+14 0.00078 
   62   62    1    1    1    1    1    1    1    1  6.12503E+14 0.00075 
   63   63    1    1    1    1    1    1    1    1  5.18396E+14 0.00087 
   64   64    1    1    1    1    1    1    1    1  4.13427E+14 0.00084 
   65   65    1    1    1    1    1    1    1    1  4.11805E+14 0.00085 
   66   66    1    1    1    1    1    1    1    1  2.98978E+14 0.00069 
   67   67    1    1    1    1    1    1    1    1  2.41980E+14 0.00108 
   68   68    1    1    1    1    1    1    1    1  2.15524E+14 0.00129 
   69   69    1    1    1    1    1    1    1    1  2.59312E+14 0.00107 
   70   70    1    1    1    1    1    1    1    1  2.20191E+14 0.00137 
   71   71    1    1    1    1    1    1    1    1  3.96486E+14 0.00122 
   72   72    1    1    1    1    1    1    1    1  2.79907E+14 0.00104 
   73   73    1    1    1    1    1    1    1    1  2.12123E+14 0.00134 
   74   74    1    1    1    1    1    1    1    1  1.72177E+14 0.00131 
   75   75    1    1    1    1    1    1    1    1  1.44242E+14 0.00117 
   76   76    1    1    1    1    1    1    1    1  1.69829E+14 0.00148 
   77   77    1    1    1    1    1    1    1    1  1.36259E+14 0.00122 
   78   78    1    1    1    1    1    1    1    1  1.09495E+14 0.00113 
   79   79    1    1    1    1    1    1    1    1  1.13182E+14 0.00152 
   80   80    1    1    1    1    1    1    1    1  8.45313E+13 0.00175 
   81   81    1    1    1    1    1    1    1    1  6.51959E+13 0.00188 
   82   82    1    1    1    1    1    1    1    1  4.99324E+13 0.00263 
   83   83    1    1    1    1    1    1    1    1  4.65070E+13 0.00222 
   84   84    1    1    1    1    1    1    1    1  3.36415E+13 0.00285 
   85   85    1    1    1    1    1    1    1    1  2.41310E+13 0.00268 
   86   86    1    1    1    1    1    1    1    1  2.26275E+13 0.00307 
   87   87    1    1    1    1    1    1    1    1  1.37112E+13 0.00476 
   88   88    1    1    1    1    1    1    1    1  9.28741E+12 0.00546 
   89   89    1    1    1    1    1    1    1    1  5.28843E+12 0.00436 
   90   90    1    1    1    1    1    1    1    1  3.49311E+12 0.01060 
   91   91    1    1    1    1    1    1    1    1  1.73575E+12 0.01394 
   92   92    1    1    1    1    1    1    1    1  8.31815E+11 0.01579 
   93   93    1    1    1    1    1    1    1    1  4.07204E+11 0.01785 
   94   94    1    1    1    1    1    1    1    1  1.92937E+11 0.02945 
   95   95    1    1    1    1    1    1    1    1  9.47658E+10 0.04954 
   96   96    1    1    1    1    1    1    1    1  4.33183E+10 0.06855 
   97   97    1    1    1    1    1    1    1    1  2.38383E+10 0.06508 
   98   98    1    1    1    1    1    1    1    1  1.13113E+10 0.12145 
   99   99    1    1    1    1    1    1    1    1  4.08588E+09 0.17873 
  100  100    1    1    1    1    1    1    1    1  1.70830E+09 0.38992 
];


