
DETdpaspec = [
    1    1    1    1    1    1    1    1    1    1  0.00000E+00 0.00000 
    2    2    1    1    1    1    1    1    1    1  0.00000E+00 0.00000 
    3    3    1    1    1    1    1    1    1    1  0.00000E+00 0.00000 
    4    4    1    1    1    1    1    1    1    1  0.00000E+00 0.00000 
    5    5    1    1    1    1    1    1    1    1  0.00000E+00 0.00000 
    6    6    1    1    1    1    1    1    1    1  0.00000E+00 0.00000 
    7    7    1    1    1    1    1    1    1    1  8.24424E+06 1.00000 
    8    8    1    1    1    1    1    1    1    1  2.36696E+07 0.70744 
    9    9    1    1    1    1    1    1    1    1  9.56553E+06 0.70626 
   10   10    1    1    1    1    1    1    1    1  5.84326E+07 0.54967 
   11   11    1    1    1    1    1    1    1    1  8.33876E+07 0.73576 
   12   12    1    1    1    1    1    1    1    1  0.00000E+00 0.00000 
   13   13    1    1    1    1    1    1    1    1  6.69281E+08 0.43526 
   14   14    1    1    1    1    1    1    1    1  6.93910E+08 0.48915 
   15   15    1    1    1    1    1    1    1    1  1.43350E+09 0.34538 
   16   16    1    1    1    1    1    1    1    1  4.85871E+08 0.37569 
   17   17    1    1    1    1    1    1    1    1  1.56344E+09 0.29404 
   18   18    1    1    1    1    1    1    1    1  3.48289E+09 0.24758 
   19   19    1    1    1    1    1    1    1    1  2.27915E+09 0.21650 
   20   20    1    1    1    1    1    1    1    1  9.87174E+09 0.14858 
   21   21    1    1    1    1    1    1    1    1  9.16716E+09 0.11966 
   22   22    1    1    1    1    1    1    1    1  2.10291E+10 0.12807 
   23   23    1    1    1    1    1    1    1    1  3.72239E+10 0.07357 
   24   24    1    1    1    1    1    1    1    1  4.86882E+10 0.05876 
   25   25    1    1    1    1    1    1    1    1  7.30946E+10 0.05250 
   26   26    1    1    1    1    1    1    1    1  9.91523E+10 0.05110 
   27   27    1    1    1    1    1    1    1    1  1.79218E+11 0.03642 
   28   28    1    1    1    1    1    1    1    1  3.28456E+11 0.01719 
   29   29    1    1    1    1    1    1    1    1  4.77959E+11 0.02332 
   30   30    1    1    1    1    1    1    1    1  1.41545E+12 0.01536 
   31   31    1    1    1    1    1    1    1    1  4.26825E+12 0.01171 
   32   32    1    1    1    1    1    1    1    1  8.07562E+12 0.00642 
   33   33    1    1    1    1    1    1    1    1  1.86186E+13 0.00431 
   34   34    1    1    1    1    1    1    1    1  2.54076E+13 0.00260 
   35   35    1    1    1    1    1    1    1    1  3.53183E+13 0.00259 
   36   36    1    1    1    1    1    1    1    1  2.47630E+13 0.00246 
   37   37    1    1    1    1    1    1    1    1  7.70832E+12 0.00335 
   38   38    1    1    1    1    1    1    1    1  4.22636E+13 0.00209 
   39   39    1    1    1    1    1    1    1    1  5.68426E+13 0.00188 
   40   40    1    1    1    1    1    1    1    1  9.68993E+13 0.00174 
   41   41    1    1    1    1    1    1    1    1  9.95748E+13 0.00111 
   42   42    1    1    1    1    1    1    1    1  2.08794E+14 0.00110 
   43   43    1    1    1    1    1    1    1    1  2.53444E+14 0.00100 
   44   44    1    1    1    1    1    1    1    1  3.67211E+14 0.00097 
   45   45    1    1    1    1    1    1    1    1  7.31079E+14 0.00094 
   46   46    1    1    1    1    1    1    1    1  3.51378E+14 0.00087 
   47   47    1    1    1    1    1    1    1    1  5.69775E+14 0.00094 
   48   48    1    1    1    1    1    1    1    1  8.02611E+14 0.00057 
   49   49    1    1    1    1    1    1    1    1  8.01005E+14 0.00070 
   50   50    1    1    1    1    1    1    1    1  1.25168E+15 0.00064 
   51   51    1    1    1    1    1    1    1    1  1.01997E+15 0.00060 
   52   52    1    1    1    1    1    1    1    1  1.20563E+15 0.00068 
   53   53    1    1    1    1    1    1    1    1  8.50155E+14 0.00069 
   54   54    1    1    1    1    1    1    1    1  1.03395E+15 0.00078 
   55   55    1    1    1    1    1    1    1    1  7.19795E+14 0.00078 
   56   56    1    1    1    1    1    1    1    1  9.85465E+13 0.00159 
   57   57    1    1    1    1    1    1    1    1  1.44047E+15 0.00063 
   58   58    1    1    1    1    1    1    1    1  6.35943E+14 0.00078 
   59   59    1    1    1    1    1    1    1    1  6.85060E+14 0.00070 
   60   60    1    1    1    1    1    1    1    1  5.30274E+14 0.00085 
   61   61    1    1    1    1    1    1    1    1  5.34056E+14 0.00074 
   62   62    1    1    1    1    1    1    1    1  5.55592E+14 0.00094 
   63   63    1    1    1    1    1    1    1    1  4.69155E+14 0.00076 
   64   64    1    1    1    1    1    1    1    1  3.75498E+14 0.00091 
   65   65    1    1    1    1    1    1    1    1  3.74064E+14 0.00082 
   66   66    1    1    1    1    1    1    1    1  2.72215E+14 0.00094 
   67   67    1    1    1    1    1    1    1    1  2.23266E+14 0.00102 
   68   68    1    1    1    1    1    1    1    1  2.00302E+14 0.00102 
   69   69    1    1    1    1    1    1    1    1  2.41239E+14 0.00140 
   70   70    1    1    1    1    1    1    1    1  2.06670E+14 0.00083 
   71   71    1    1    1    1    1    1    1    1  3.81944E+14 0.00080 
   72   72    1    1    1    1    1    1    1    1  2.73224E+14 0.00102 
   73   73    1    1    1    1    1    1    1    1  2.05301E+14 0.00112 
   74   74    1    1    1    1    1    1    1    1  1.64042E+14 0.00139 
   75   75    1    1    1    1    1    1    1    1  1.34656E+14 0.00145 
   76   76    1    1    1    1    1    1    1    1  1.55281E+14 0.00127 
   77   77    1    1    1    1    1    1    1    1  1.21557E+14 0.00212 
   78   78    1    1    1    1    1    1    1    1  9.58201E+13 0.00169 
   79   79    1    1    1    1    1    1    1    1  9.86228E+13 0.00137 
   80   80    1    1    1    1    1    1    1    1  7.27372E+13 0.00239 
   81   81    1    1    1    1    1    1    1    1  5.58852E+13 0.00219 
   82   82    1    1    1    1    1    1    1    1  4.29314E+13 0.00268 
   83   83    1    1    1    1    1    1    1    1  4.00435E+13 0.00227 
   84   84    1    1    1    1    1    1    1    1  2.87403E+13 0.00293 
   85   85    1    1    1    1    1    1    1    1  2.06938E+13 0.00375 
   86   86    1    1    1    1    1    1    1    1  1.94249E+13 0.00337 
   87   87    1    1    1    1    1    1    1    1  1.19194E+13 0.00506 
   88   88    1    1    1    1    1    1    1    1  7.97440E+12 0.00656 
   89   89    1    1    1    1    1    1    1    1  4.69441E+12 0.00834 
   90   90    1    1    1    1    1    1    1    1  3.07784E+12 0.01153 
   91   91    1    1    1    1    1    1    1    1  1.55393E+12 0.01008 
   92   92    1    1    1    1    1    1    1    1  7.41160E+11 0.02311 
   93   93    1    1    1    1    1    1    1    1  3.67963E+11 0.02828 
   94   94    1    1    1    1    1    1    1    1  1.79652E+11 0.04122 
   95   95    1    1    1    1    1    1    1    1  8.44295E+10 0.07254 
   96   96    1    1    1    1    1    1    1    1  3.71626E+10 0.07287 
   97   97    1    1    1    1    1    1    1    1  1.99901E+10 0.15389 
   98   98    1    1    1    1    1    1    1    1  1.06744E+10 0.16306 
   99   99    1    1    1    1    1    1    1    1  4.12659E+09 0.29560 
  100  100    1    1    1    1    1    1    1    1  3.71634E+09 0.23979 
];


