
DETdpaspec = [
    1    1    1    1    1    1    1    1    1    1  0.00000E+00 0.00000 
    2    2    1    1    1    1    1    1    1    1  0.00000E+00 0.00000 
    3    3    1    1    1    1    1    1    1    1  0.00000E+00 0.00000 
    4    4    1    1    1    1    1    1    1    1  0.00000E+00 0.00000 
    5    5    1    1    1    1    1    1    1    1  0.00000E+00 0.00000 
    6    6    1    1    1    1    1    1    1    1  0.00000E+00 0.00000 
    7    7    1    1    1    1    1    1    1    1  7.93464E+06 1.00000 
    8    8    1    1    1    1    1    1    1    1  0.00000E+00 0.00000 
    9    9    1    1    1    1    1    1    1    1  6.53364E+06 0.68828 
   10   10    1    1    1    1    1    1    1    1  0.00000E+00 0.00000 
   11   11    1    1    1    1    1    1    1    1  0.00000E+00 0.00000 
   12   12    1    1    1    1    1    1    1    1  1.99452E+07 1.00000 
   13   13    1    1    1    1    1    1    1    1  4.61383E+08 0.50441 
   14   14    1    1    1    1    1    1    1    1  6.85977E+08 0.53317 
   15   15    1    1    1    1    1    1    1    1  5.65233E+08 0.51157 
   16   16    1    1    1    1    1    1    1    1  4.51091E+08 0.47453 
   17   17    1    1    1    1    1    1    1    1  9.68496E+08 0.41900 
   18   18    1    1    1    1    1    1    1    1  1.19288E+09 0.34778 
   19   19    1    1    1    1    1    1    1    1  2.69762E+09 0.26453 
   20   20    1    1    1    1    1    1    1    1  5.61049E+09 0.19340 
   21   21    1    1    1    1    1    1    1    1  5.66648E+09 0.15199 
   22   22    1    1    1    1    1    1    1    1  1.20573E+10 0.13415 
   23   23    1    1    1    1    1    1    1    1  2.33043E+10 0.06466 
   24   24    1    1    1    1    1    1    1    1  3.98497E+10 0.05718 
   25   25    1    1    1    1    1    1    1    1  5.10172E+10 0.07930 
   26   26    1    1    1    1    1    1    1    1  8.19122E+10 0.05075 
   27   27    1    1    1    1    1    1    1    1  1.66846E+11 0.03047 
   28   28    1    1    1    1    1    1    1    1  3.80445E+11 0.02787 
   29   29    1    1    1    1    1    1    1    1  6.74239E+11 0.02466 
   30   30    1    1    1    1    1    1    1    1  1.80119E+12 0.01277 
   31   31    1    1    1    1    1    1    1    1  5.27678E+12 0.01040 
   32   32    1    1    1    1    1    1    1    1  9.54816E+12 0.00542 
   33   33    1    1    1    1    1    1    1    1  2.24015E+13 0.00305 
   34   34    1    1    1    1    1    1    1    1  3.11410E+13 0.00272 
   35   35    1    1    1    1    1    1    1    1  3.89587E+13 0.00234 
   36   36    1    1    1    1    1    1    1    1  2.58883E+13 0.00318 
   37   37    1    1    1    1    1    1    1    1  7.82335E+12 0.00266 
   38   38    1    1    1    1    1    1    1    1  4.41658E+13 0.00205 
   39   39    1    1    1    1    1    1    1    1  5.94295E+13 0.00205 
   40   40    1    1    1    1    1    1    1    1  1.02802E+14 0.00134 
   41   41    1    1    1    1    1    1    1    1  1.02663E+14 0.00140 
   42   42    1    1    1    1    1    1    1    1  2.20483E+14 0.00120 
   43   43    1    1    1    1    1    1    1    1  2.68226E+14 0.00093 
   44   44    1    1    1    1    1    1    1    1  3.90149E+14 0.00089 
   45   45    1    1    1    1    1    1    1    1  7.86984E+14 0.00101 
   46   46    1    1    1    1    1    1    1    1  3.71056E+14 0.00071 
   47   47    1    1    1    1    1    1    1    1  5.95289E+14 0.00085 
   48   48    1    1    1    1    1    1    1    1  8.36853E+14 0.00070 
   49   49    1    1    1    1    1    1    1    1  8.29425E+14 0.00071 
   50   50    1    1    1    1    1    1    1    1  1.31475E+15 0.00052 
   51   51    1    1    1    1    1    1    1    1  1.04856E+15 0.00049 
   52   52    1    1    1    1    1    1    1    1  1.26559E+15 0.00046 
   53   53    1    1    1    1    1    1    1    1  8.86559E+14 0.00061 
   54   54    1    1    1    1    1    1    1    1  1.09966E+15 0.00054 
   55   55    1    1    1    1    1    1    1    1  7.61366E+14 0.00065 
   56   56    1    1    1    1    1    1    1    1  1.03638E+14 0.00135 
   57   57    1    1    1    1    1    1    1    1  1.51790E+15 0.00051 
   58   58    1    1    1    1    1    1    1    1  6.88586E+14 0.00082 
   59   59    1    1    1    1    1    1    1    1  7.34697E+14 0.00074 
   60   60    1    1    1    1    1    1    1    1  5.81095E+14 0.00061 
   61   61    1    1    1    1    1    1    1    1  5.82713E+14 0.00072 
   62   62    1    1    1    1    1    1    1    1  6.09271E+14 0.00066 
   63   63    1    1    1    1    1    1    1    1  5.14949E+14 0.00072 
   64   64    1    1    1    1    1    1    1    1  4.12467E+14 0.00095 
   65   65    1    1    1    1    1    1    1    1  4.11650E+14 0.00091 
   66   66    1    1    1    1    1    1    1    1  2.99688E+14 0.00096 
   67   67    1    1    1    1    1    1    1    1  2.43444E+14 0.00080 
   68   68    1    1    1    1    1    1    1    1  2.18236E+14 0.00113 
   69   69    1    1    1    1    1    1    1    1  2.62337E+14 0.00090 
   70   70    1    1    1    1    1    1    1    1  2.24446E+14 0.00138 
   71   71    1    1    1    1    1    1    1    1  4.08530E+14 0.00101 
   72   72    1    1    1    1    1    1    1    1  2.90297E+14 0.00118 
   73   73    1    1    1    1    1    1    1    1  2.19579E+14 0.00104 
   74   74    1    1    1    1    1    1    1    1  1.78048E+14 0.00098 
   75   75    1    1    1    1    1    1    1    1  1.48573E+14 0.00140 
   76   76    1    1    1    1    1    1    1    1  1.73710E+14 0.00131 
   77   77    1    1    1    1    1    1    1    1  1.38134E+14 0.00136 
   78   78    1    1    1    1    1    1    1    1  1.10571E+14 0.00149 
   79   79    1    1    1    1    1    1    1    1  1.14451E+14 0.00122 
   80   80    1    1    1    1    1    1    1    1  8.51810E+13 0.00163 
   81   81    1    1    1    1    1    1    1    1  6.55429E+13 0.00177 
   82   82    1    1    1    1    1    1    1    1  5.02747E+13 0.00294 
   83   83    1    1    1    1    1    1    1    1  4.69499E+13 0.00224 
   84   84    1    1    1    1    1    1    1    1  3.38031E+13 0.00321 
   85   85    1    1    1    1    1    1    1    1  2.44789E+13 0.00284 
   86   86    1    1    1    1    1    1    1    1  2.28221E+13 0.00308 
   87   87    1    1    1    1    1    1    1    1  1.40944E+13 0.00481 
   88   88    1    1    1    1    1    1    1    1  9.37757E+12 0.00472 
   89   89    1    1    1    1    1    1    1    1  5.40936E+12 0.00581 
   90   90    1    1    1    1    1    1    1    1  3.57191E+12 0.00946 
   91   91    1    1    1    1    1    1    1    1  1.78654E+12 0.01072 
   92   92    1    1    1    1    1    1    1    1  8.93553E+11 0.01965 
   93   93    1    1    1    1    1    1    1    1  4.25127E+11 0.01947 
   94   94    1    1    1    1    1    1    1    1  2.02135E+11 0.04120 
   95   95    1    1    1    1    1    1    1    1  9.05527E+10 0.05280 
   96   96    1    1    1    1    1    1    1    1  5.03739E+10 0.07576 
   97   97    1    1    1    1    1    1    1    1  2.33235E+10 0.10477 
   98   98    1    1    1    1    1    1    1    1  9.72948E+09 0.18823 
   99   99    1    1    1    1    1    1    1    1  4.65526E+09 0.18220 
  100  100    1    1    1    1    1    1    1    1  3.64910E+09 0.27969 
];


