
DETdpaspec = [
    1    1    1    1    1    1    1    1    1    1  0.00000E+00 0.00000 
    2    2    1    1    1    1    1    1    1    1  0.00000E+00 0.00000 
    3    3    1    1    1    1    1    1    1    1  0.00000E+00 0.00000 
    4    4    1    1    1    1    1    1    1    1  0.00000E+00 0.00000 
    5    5    1    1    1    1    1    1    1    1  0.00000E+00 0.00000 
    6    6    1    1    1    1    1    1    1    1  0.00000E+00 0.00000 
    7    7    1    1    1    1    1    1    1    1  0.00000E+00 0.00000 
    8    8    1    1    1    1    1    1    1    1  0.00000E+00 0.00000 
    9    9    1    1    1    1    1    1    1    1  0.00000E+00 0.00000 
   10   10    1    1    1    1    1    1    1    1  0.00000E+00 0.00000 
   11   11    1    1    1    1    1    1    1    1  0.00000E+00 0.00000 
   12   12    1    1    1    1    1    1    1    1  5.40058E+07 0.91374 
   13   13    1    1    1    1    1    1    1    1  1.70416E+08 1.00000 
   14   14    1    1    1    1    1    1    1    1  1.18437E+09 0.44779 
   15   15    1    1    1    1    1    1    1    1  1.46079E+09 0.40800 
   16   16    1    1    1    1    1    1    1    1  7.08559E+08 0.58907 
   17   17    1    1    1    1    1    1    1    1  4.60648E+08 0.61334 
   18   18    1    1    1    1    1    1    1    1  1.21554E+09 0.42545 
   19   19    1    1    1    1    1    1    1    1  1.30678E+09 0.32673 
   20   20    1    1    1    1    1    1    1    1  5.22003E+09 0.20900 
   21   21    1    1    1    1    1    1    1    1  5.43837E+09 0.18306 
   22   22    1    1    1    1    1    1    1    1  9.25266E+09 0.12657 
   23   23    1    1    1    1    1    1    1    1  3.04479E+10 0.08835 
   24   24    1    1    1    1    1    1    1    1  7.39067E+10 0.06246 
   25   25    1    1    1    1    1    1    1    1  1.17506E+11 0.04142 
   26   26    1    1    1    1    1    1    1    1  2.60136E+11 0.03942 
   27   27    1    1    1    1    1    1    1    1  5.81085E+11 0.02107 
   28   28    1    1    1    1    1    1    1    1  1.31418E+12 0.01024 
   29   29    1    1    1    1    1    1    1    1  2.27060E+12 0.01154 
   30   30    1    1    1    1    1    1    1    1  4.99644E+12 0.00733 
   31   31    1    1    1    1    1    1    1    1  1.18327E+13 0.00582 
   32   32    1    1    1    1    1    1    1    1  1.84696E+13 0.00404 
   33   33    1    1    1    1    1    1    1    1  3.94977E+13 0.00257 
   34   34    1    1    1    1    1    1    1    1  5.12794E+13 0.00260 
   35   35    1    1    1    1    1    1    1    1  5.56171E+13 0.00175 
   36   36    1    1    1    1    1    1    1    1  3.43348E+13 0.00212 
   37   37    1    1    1    1    1    1    1    1  1.01051E+13 0.00228 
   38   38    1    1    1    1    1    1    1    1  5.77039E+13 0.00183 
   39   39    1    1    1    1    1    1    1    1  7.64570E+13 0.00154 
   40   40    1    1    1    1    1    1    1    1  1.30386E+14 0.00154 
   41   41    1    1    1    1    1    1    1    1  1.26010E+14 0.00157 
   42   42    1    1    1    1    1    1    1    1  2.70172E+14 0.00111 
   43   43    1    1    1    1    1    1    1    1  3.23412E+14 0.00117 
   44   44    1    1    1    1    1    1    1    1  4.61722E+14 0.00100 
   45   45    1    1    1    1    1    1    1    1  9.12664E+14 0.00070 
   46   46    1    1    1    1    1    1    1    1  4.16798E+14 0.00061 
   47   47    1    1    1    1    1    1    1    1  6.58132E+14 0.00082 
   48   48    1    1    1    1    1    1    1    1  9.10479E+14 0.00049 
   49   49    1    1    1    1    1    1    1    1  8.86996E+14 0.00044 
   50   50    1    1    1    1    1    1    1    1  1.39437E+15 0.00054 
   51   51    1    1    1    1    1    1    1    1  1.08634E+15 0.00055 
   52   52    1    1    1    1    1    1    1    1  1.31148E+15 0.00047 
   53   53    1    1    1    1    1    1    1    1  9.03889E+14 0.00054 
   54   54    1    1    1    1    1    1    1    1  1.12592E+15 0.00057 
   55   55    1    1    1    1    1    1    1    1  7.72757E+14 0.00059 
   56   56    1    1    1    1    1    1    1    1  1.04479E+14 0.00105 
   57   57    1    1    1    1    1    1    1    1  1.52763E+15 0.00056 
   58   58    1    1    1    1    1    1    1    1  6.97578E+14 0.00063 
   59   59    1    1    1    1    1    1    1    1  7.37715E+14 0.00072 
   60   60    1    1    1    1    1    1    1    1  5.86345E+14 0.00065 
   61   61    1    1    1    1    1    1    1    1  5.85099E+14 0.00075 
   62   62    1    1    1    1    1    1    1    1  6.09045E+14 0.00059 
   63   63    1    1    1    1    1    1    1    1  5.14663E+14 0.00038 
   64   64    1    1    1    1    1    1    1    1  4.10264E+14 0.00083 
   65   65    1    1    1    1    1    1    1    1  4.08253E+14 0.00074 
   66   66    1    1    1    1    1    1    1    1  2.96152E+14 0.00089 
   67   67    1    1    1    1    1    1    1    1  2.39759E+14 0.00081 
   68   68    1    1    1    1    1    1    1    1  2.13607E+14 0.00103 
   69   69    1    1    1    1    1    1    1    1  2.56146E+14 0.00095 
   70   70    1    1    1    1    1    1    1    1  2.17151E+14 0.00115 
   71   71    1    1    1    1    1    1    1    1  3.90082E+14 0.00096 
   72   72    1    1    1    1    1    1    1    1  2.75686E+14 0.00123 
   73   73    1    1    1    1    1    1    1    1  2.08304E+14 0.00077 
   74   74    1    1    1    1    1    1    1    1  1.69503E+14 0.00157 
   75   75    1    1    1    1    1    1    1    1  1.42469E+14 0.00066 
   76   76    1    1    1    1    1    1    1    1  1.67701E+14 0.00130 
   77   77    1    1    1    1    1    1    1    1  1.34241E+14 0.00156 
   78   78    1    1    1    1    1    1    1    1  1.07450E+14 0.00145 
   79   79    1    1    1    1    1    1    1    1  1.11315E+14 0.00185 
   80   80    1    1    1    1    1    1    1    1  8.30233E+13 0.00169 
   81   81    1    1    1    1    1    1    1    1  6.41057E+13 0.00164 
   82   82    1    1    1    1    1    1    1    1  4.92211E+13 0.00190 
   83   83    1    1    1    1    1    1    1    1  4.58717E+13 0.00180 
   84   84    1    1    1    1    1    1    1    1  3.31495E+13 0.00319 
   85   85    1    1    1    1    1    1    1    1  2.37651E+13 0.00202 
   86   86    1    1    1    1    1    1    1    1  2.22918E+13 0.00342 
   87   87    1    1    1    1    1    1    1    1  1.34502E+13 0.00461 
   88   88    1    1    1    1    1    1    1    1  9.04357E+12 0.00466 
   89   89    1    1    1    1    1    1    1    1  5.14748E+12 0.00662 
   90   90    1    1    1    1    1    1    1    1  3.47561E+12 0.00681 
   91   91    1    1    1    1    1    1    1    1  1.65748E+12 0.01414 
   92   92    1    1    1    1    1    1    1    1  7.96109E+11 0.01389 
   93   93    1    1    1    1    1    1    1    1  3.92853E+11 0.02035 
   94   94    1    1    1    1    1    1    1    1  1.95525E+11 0.04276 
   95   95    1    1    1    1    1    1    1    1  8.28655E+10 0.04272 
   96   96    1    1    1    1    1    1    1    1  4.54482E+10 0.08211 
   97   97    1    1    1    1    1    1    1    1  2.22246E+10 0.08227 
   98   98    1    1    1    1    1    1    1    1  7.85332E+09 0.19690 
   99   99    1    1    1    1    1    1    1    1  7.38138E+09 0.17284 
  100  100    1    1    1    1    1    1    1    1  4.29436E+09 0.20757 
];


