
DETdpaspec = [
    1    1    1    1    1    1    1    1    1    1  0.00000E+00 0.00000 
    2    2    1    1    1    1    1    1    1    1  0.00000E+00 0.00000 
    3    3    1    1    1    1    1    1    1    1  0.00000E+00 0.00000 
    4    4    1    1    1    1    1    1    1    1  0.00000E+00 0.00000 
    5    5    1    1    1    1    1    1    1    1  0.00000E+00 0.00000 
    6    6    1    1    1    1    1    1    1    1  0.00000E+00 0.00000 
    7    7    1    1    1    1    1    1    1    1  2.38361E+07 0.68972 
    8    8    1    1    1    1    1    1    1    1  0.00000E+00 0.00000 
    9    9    1    1    1    1    1    1    1    1  0.00000E+00 0.00000 
   10   10    1    1    1    1    1    1    1    1  0.00000E+00 0.00000 
   11   11    1    1    1    1    1    1    1    1  0.00000E+00 0.00000 
   12   12    1    1    1    1    1    1    1    1  0.00000E+00 0.00000 
   13   13    1    1    1    1    1    1    1    1  3.87918E+08 0.70260 
   14   14    1    1    1    1    1    1    1    1  9.93027E+08 0.61163 
   15   15    1    1    1    1    1    1    1    1  1.08062E+09 0.42796 
   16   16    1    1    1    1    1    1    1    1  2.55476E+08 0.83369 
   17   17    1    1    1    1    1    1    1    1  3.50564E+08 0.49036 
   18   18    1    1    1    1    1    1    1    1  8.10717E+08 0.43131 
   19   19    1    1    1    1    1    1    1    1  1.71986E+09 0.29096 
   20   20    1    1    1    1    1    1    1    1  6.08647E+09 0.23997 
   21   21    1    1    1    1    1    1    1    1  5.78731E+09 0.17116 
   22   22    1    1    1    1    1    1    1    1  1.07191E+10 0.14363 
   23   23    1    1    1    1    1    1    1    1  1.92624E+10 0.10109 
   24   24    1    1    1    1    1    1    1    1  3.80682E+10 0.10726 
   25   25    1    1    1    1    1    1    1    1  5.69150E+10 0.09469 
   26   26    1    1    1    1    1    1    1    1  1.11663E+11 0.05410 
   27   27    1    1    1    1    1    1    1    1  2.53133E+11 0.02462 
   28   28    1    1    1    1    1    1    1    1  6.33228E+11 0.02361 
   29   29    1    1    1    1    1    1    1    1  1.15071E+12 0.01607 
   30   30    1    1    1    1    1    1    1    1  2.79136E+12 0.01007 
   31   31    1    1    1    1    1    1    1    1  7.63397E+12 0.00688 
   32   32    1    1    1    1    1    1    1    1  1.29621E+13 0.00597 
   33   33    1    1    1    1    1    1    1    1  2.91611E+13 0.00323 
   34   34    1    1    1    1    1    1    1    1  3.94416E+13 0.00348 
   35   35    1    1    1    1    1    1    1    1  4.57331E+13 0.00234 
   36   36    1    1    1    1    1    1    1    1  2.93529E+13 0.00204 
   37   37    1    1    1    1    1    1    1    1  8.72328E+12 0.00287 
   38   38    1    1    1    1    1    1    1    1  4.96747E+13 0.00224 
   39   39    1    1    1    1    1    1    1    1  6.65469E+13 0.00169 
   40   40    1    1    1    1    1    1    1    1  1.14578E+14 0.00132 
   41   41    1    1    1    1    1    1    1    1  1.12466E+14 0.00102 
   42   42    1    1    1    1    1    1    1    1  2.41949E+14 0.00089 
   43   43    1    1    1    1    1    1    1    1  2.92319E+14 0.00086 
   44   44    1    1    1    1    1    1    1    1  4.21854E+14 0.00078 
   45   45    1    1    1    1    1    1    1    1  8.45184E+14 0.00069 
   46   46    1    1    1    1    1    1    1    1  3.91563E+14 0.00071 
   47   47    1    1    1    1    1    1    1    1  6.24417E+14 0.00070 
   48   48    1    1    1    1    1    1    1    1  8.72595E+14 0.00075 
   49   49    1    1    1    1    1    1    1    1  8.57134E+14 0.00072 
   50   50    1    1    1    1    1    1    1    1  1.35605E+15 0.00057 
   51   51    1    1    1    1    1    1    1    1  1.06744E+15 0.00055 
   52   52    1    1    1    1    1    1    1    1  1.29236E+15 0.00052 
   53   53    1    1    1    1    1    1    1    1  8.98455E+14 0.00058 
   54   54    1    1    1    1    1    1    1    1  1.11929E+15 0.00045 
   55   55    1    1    1    1    1    1    1    1  7.71600E+14 0.00067 
   56   56    1    1    1    1    1    1    1    1  1.04416E+14 0.00138 
   57   57    1    1    1    1    1    1    1    1  1.53388E+15 0.00062 
   58   58    1    1    1    1    1    1    1    1  7.00734E+14 0.00074 
   59   59    1    1    1    1    1    1    1    1  7.42892E+14 0.00073 
   60   60    1    1    1    1    1    1    1    1  5.88960E+14 0.00071 
   61   61    1    1    1    1    1    1    1    1  5.90449E+14 0.00084 
   62   62    1    1    1    1    1    1    1    1  6.15712E+14 0.00074 
   63   63    1    1    1    1    1    1    1    1  5.21867E+14 0.00063 
   64   64    1    1    1    1    1    1    1    1  4.16517E+14 0.00073 
   65   65    1    1    1    1    1    1    1    1  4.14792E+14 0.00078 
   66   66    1    1    1    1    1    1    1    1  3.01826E+14 0.00073 
   67   67    1    1    1    1    1    1    1    1  2.44965E+14 0.00091 
   68   68    1    1    1    1    1    1    1    1  2.19056E+14 0.00101 
   69   69    1    1    1    1    1    1    1    1  2.62534E+14 0.00110 
   70   70    1    1    1    1    1    1    1    1  2.23396E+14 0.00089 
   71   71    1    1    1    1    1    1    1    1  4.04545E+14 0.00083 
   72   72    1    1    1    1    1    1    1    1  2.86606E+14 0.00103 
   73   73    1    1    1    1    1    1    1    1  2.17405E+14 0.00124 
   74   74    1    1    1    1    1    1    1    1  1.76765E+14 0.00116 
   75   75    1    1    1    1    1    1    1    1  1.48086E+14 0.00133 
   76   76    1    1    1    1    1    1    1    1  1.73402E+14 0.00157 
   77   77    1    1    1    1    1    1    1    1  1.38418E+14 0.00151 
   78   78    1    1    1    1    1    1    1    1  1.11153E+14 0.00137 
   79   79    1    1    1    1    1    1    1    1  1.15407E+14 0.00144 
   80   80    1    1    1    1    1    1    1    1  8.59438E+13 0.00202 
   81   81    1    1    1    1    1    1    1    1  6.63019E+13 0.00201 
   82   82    1    1    1    1    1    1    1    1  5.08132E+13 0.00146 
   83   83    1    1    1    1    1    1    1    1  4.75392E+13 0.00253 
   84   84    1    1    1    1    1    1    1    1  3.42873E+13 0.00247 
   85   85    1    1    1    1    1    1    1    1  2.46833E+13 0.00354 
   86   86    1    1    1    1    1    1    1    1  2.30089E+13 0.00325 
   87   87    1    1    1    1    1    1    1    1  1.41880E+13 0.00393 
   88   88    1    1    1    1    1    1    1    1  9.43642E+12 0.00398 
   89   89    1    1    1    1    1    1    1    1  5.47491E+12 0.00726 
   90   90    1    1    1    1    1    1    1    1  3.61457E+12 0.00612 
   91   91    1    1    1    1    1    1    1    1  1.76614E+12 0.00797 
   92   92    1    1    1    1    1    1    1    1  8.39714E+11 0.02119 
   93   93    1    1    1    1    1    1    1    1  4.14229E+11 0.02758 
   94   94    1    1    1    1    1    1    1    1  1.94139E+11 0.02890 
   95   95    1    1    1    1    1    1    1    1  9.42213E+10 0.06052 
   96   96    1    1    1    1    1    1    1    1  4.84151E+10 0.07814 
   97   97    1    1    1    1    1    1    1    1  2.47152E+10 0.13027 
   98   98    1    1    1    1    1    1    1    1  1.07167E+10 0.21446 
   99   99    1    1    1    1    1    1    1    1  5.67106E+09 0.20649 
  100  100    1    1    1    1    1    1    1    1  5.01618E+09 0.24016 
];


