
DETdpaspec = [
    1    1    1    1    1    1    1    1    1    1  0.00000E+00 0.00000 
    2    2    1    1    1    1    1    1    1    1  0.00000E+00 0.00000 
    3    3    1    1    1    1    1    1    1    1  0.00000E+00 0.00000 
    4    4    1    1    1    1    1    1    1    1  0.00000E+00 0.00000 
    5    5    1    1    1    1    1    1    1    1  0.00000E+00 0.00000 
    6    6    1    1    1    1    1    1    1    1  0.00000E+00 0.00000 
    7    7    1    1    1    1    1    1    1    1  0.00000E+00 0.00000 
    8    8    1    1    1    1    1    1    1    1  0.00000E+00 0.00000 
    9    9    1    1    1    1    1    1    1    1  0.00000E+00 0.00000 
   10   10    1    1    1    1    1    1    1    1  0.00000E+00 0.00000 
   11   11    1    1    1    1    1    1    1    1  0.00000E+00 0.00000 
   12   12    1    1    1    1    1    1    1    1  2.91745E+07 1.00000 
   13   13    1    1    1    1    1    1    1    1  1.66228E+09 0.53524 
   14   14    1    1    1    1    1    1    1    1  1.79145E+09 0.36629 
   15   15    1    1    1    1    1    1    1    1  1.14145E+09 0.45038 
   16   16    1    1    1    1    1    1    1    1  1.12116E+09 0.33908 
   17   17    1    1    1    1    1    1    1    1  7.27148E+08 0.39296 
   18   18    1    1    1    1    1    1    1    1  1.55430E+09 0.38450 
   19   19    1    1    1    1    1    1    1    1  2.45108E+09 0.27374 
   20   20    1    1    1    1    1    1    1    1  5.79131E+09 0.14078 
   21   21    1    1    1    1    1    1    1    1  5.43400E+09 0.16215 
   22   22    1    1    1    1    1    1    1    1  1.09455E+10 0.15587 
   23   23    1    1    1    1    1    1    1    1  2.05654E+10 0.11852 
   24   24    1    1    1    1    1    1    1    1  3.92237E+10 0.07065 
   25   25    1    1    1    1    1    1    1    1  5.63423E+10 0.07293 
   26   26    1    1    1    1    1    1    1    1  1.06222E+11 0.03907 
   27   27    1    1    1    1    1    1    1    1  2.33890E+11 0.02238 
   28   28    1    1    1    1    1    1    1    1  5.62232E+11 0.01449 
   29   29    1    1    1    1    1    1    1    1  1.01073E+12 0.01145 
   30   30    1    1    1    1    1    1    1    1  2.51279E+12 0.00990 
   31   31    1    1    1    1    1    1    1    1  6.98695E+12 0.00630 
   32   32    1    1    1    1    1    1    1    1  1.19815E+13 0.00555 
   33   33    1    1    1    1    1    1    1    1  2.74722E+13 0.00257 
   34   34    1    1    1    1    1    1    1    1  3.73033E+13 0.00286 
   35   35    1    1    1    1    1    1    1    1  4.39935E+13 0.00219 
   36   36    1    1    1    1    1    1    1    1  2.84612E+13 0.00256 
   37   37    1    1    1    1    1    1    1    1  8.47249E+12 0.00217 
   38   38    1    1    1    1    1    1    1    1  4.80890E+13 0.00186 
   39   39    1    1    1    1    1    1    1    1  6.46879E+13 0.00110 
   40   40    1    1    1    1    1    1    1    1  1.11442E+14 0.00123 
   41   41    1    1    1    1    1    1    1    1  1.09539E+14 0.00123 
   42   42    1    1    1    1    1    1    1    1  2.36069E+14 0.00136 
   43   43    1    1    1    1    1    1    1    1  2.86035E+14 0.00122 
   44   44    1    1    1    1    1    1    1    1  4.13595E+14 0.00087 
   45   45    1    1    1    1    1    1    1    1  8.30793E+14 0.00069 
   46   46    1    1    1    1    1    1    1    1  3.87164E+14 0.00093 
   47   47    1    1    1    1    1    1    1    1  6.17986E+14 0.00063 
   48   48    1    1    1    1    1    1    1    1  8.65080E+14 0.00061 
   49   49    1    1    1    1    1    1    1    1  8.50668E+14 0.00071 
   50   50    1    1    1    1    1    1    1    1  1.34830E+15 0.00047 
   51   51    1    1    1    1    1    1    1    1  1.06348E+15 0.00059 
   52   52    1    1    1    1    1    1    1    1  1.28816E+15 0.00046 
   53   53    1    1    1    1    1    1    1    1  8.96129E+14 0.00087 
   54   54    1    1    1    1    1    1    1    1  1.11721E+15 0.00050 
   55   55    1    1    1    1    1    1    1    1  7.69791E+14 0.00063 
   56   56    1    1    1    1    1    1    1    1  1.04650E+14 0.00113 
   57   57    1    1    1    1    1    1    1    1  1.53187E+15 0.00069 
   58   58    1    1    1    1    1    1    1    1  6.98861E+14 0.00075 
   59   59    1    1    1    1    1    1    1    1  7.42442E+14 0.00076 
   60   60    1    1    1    1    1    1    1    1  5.88664E+14 0.00067 
   61   61    1    1    1    1    1    1    1    1  5.89791E+14 0.00074 
   62   62    1    1    1    1    1    1    1    1  6.15166E+14 0.00061 
   63   63    1    1    1    1    1    1    1    1  5.21591E+14 0.00082 
   64   64    1    1    1    1    1    1    1    1  4.16554E+14 0.00068 
   65   65    1    1    1    1    1    1    1    1  4.15452E+14 0.00081 
   66   66    1    1    1    1    1    1    1    1  3.02249E+14 0.00119 
   67   67    1    1    1    1    1    1    1    1  2.45385E+14 0.00110 
   68   68    1    1    1    1    1    1    1    1  2.19255E+14 0.00113 
   69   69    1    1    1    1    1    1    1    1  2.63472E+14 0.00096 
   70   70    1    1    1    1    1    1    1    1  2.24921E+14 0.00142 
   71   71    1    1    1    1    1    1    1    1  4.06129E+14 0.00104 
   72   72    1    1    1    1    1    1    1    1  2.87830E+14 0.00111 
   73   73    1    1    1    1    1    1    1    1  2.17986E+14 0.00137 
   74   74    1    1    1    1    1    1    1    1  1.77162E+14 0.00138 
   75   75    1    1    1    1    1    1    1    1  1.48538E+14 0.00123 
   76   76    1    1    1    1    1    1    1    1  1.73853E+14 0.00144 
   77   77    1    1    1    1    1    1    1    1  1.38827E+14 0.00142 
   78   78    1    1    1    1    1    1    1    1  1.11549E+14 0.00105 
   79   79    1    1    1    1    1    1    1    1  1.15677E+14 0.00134 
   80   80    1    1    1    1    1    1    1    1  8.60246E+13 0.00135 
   81   81    1    1    1    1    1    1    1    1  6.63273E+13 0.00210 
   82   82    1    1    1    1    1    1    1    1  5.12018E+13 0.00218 
   83   83    1    1    1    1    1    1    1    1  4.77197E+13 0.00224 
   84   84    1    1    1    1    1    1    1    1  3.41417E+13 0.00211 
   85   85    1    1    1    1    1    1    1    1  2.48242E+13 0.00239 
   86   86    1    1    1    1    1    1    1    1  2.31228E+13 0.00359 
   87   87    1    1    1    1    1    1    1    1  1.42188E+13 0.00427 
   88   88    1    1    1    1    1    1    1    1  9.57113E+12 0.00541 
   89   89    1    1    1    1    1    1    1    1  5.41405E+12 0.00503 
   90   90    1    1    1    1    1    1    1    1  3.57740E+12 0.01091 
   91   91    1    1    1    1    1    1    1    1  1.78622E+12 0.01094 
   92   92    1    1    1    1    1    1    1    1  8.92278E+11 0.01663 
   93   93    1    1    1    1    1    1    1    1  4.01181E+11 0.03038 
   94   94    1    1    1    1    1    1    1    1  2.00585E+11 0.03813 
   95   95    1    1    1    1    1    1    1    1  1.04091E+11 0.04250 
   96   96    1    1    1    1    1    1    1    1  4.24909E+10 0.05320 
   97   97    1    1    1    1    1    1    1    1  1.84643E+10 0.14179 
   98   98    1    1    1    1    1    1    1    1  9.85160E+09 0.12606 
   99   99    1    1    1    1    1    1    1    1  7.60103E+09 0.20142 
  100  100    1    1    1    1    1    1    1    1  6.33679E+09 0.22470 
];


