
DETdpaspec = [
    1    1    1    1    1    1    1    1    1    1  0.00000E+00 0.00000 
    2    2    1    1    1    1    1    1    1    1  0.00000E+00 0.00000 
    3    3    1    1    1    1    1    1    1    1  0.00000E+00 0.00000 
    4    4    1    1    1    1    1    1    1    1  0.00000E+00 0.00000 
    5    5    1    1    1    1    1    1    1    1  0.00000E+00 0.00000 
    6    6    1    1    1    1    1    1    1    1  0.00000E+00 0.00000 
    7    7    1    1    1    1    1    1    1    1  1.11286E+07 1.00000 
    8    8    1    1    1    1    1    1    1    1  0.00000E+00 0.00000 
    9    9    1    1    1    1    1    1    1    1  1.65353E+07 1.00000 
   10   10    1    1    1    1    1    1    1    1  0.00000E+00 0.00000 
   11   11    1    1    1    1    1    1    1    1  0.00000E+00 0.00000 
   12   12    1    1    1    1    1    1    1    1  4.89300E+06 1.00000 
   13   13    1    1    1    1    1    1    1    1  9.23102E+08 0.37008 
   14   14    1    1    1    1    1    1    1    1  1.21754E+09 0.71630 
   15   15    1    1    1    1    1    1    1    1  8.83740E+08 0.52693 
   16   16    1    1    1    1    1    1    1    1  5.27332E+07 1.00000 
   17   17    1    1    1    1    1    1    1    1  1.13696E+09 0.39186 
   18   18    1    1    1    1    1    1    1    1  9.06540E+08 0.38522 
   19   19    1    1    1    1    1    1    1    1  2.63753E+09 0.21280 
   20   20    1    1    1    1    1    1    1    1  1.02042E+10 0.17723 
   21   21    1    1    1    1    1    1    1    1  6.03107E+09 0.17779 
   22   22    1    1    1    1    1    1    1    1  1.19361E+10 0.13155 
   23   23    1    1    1    1    1    1    1    1  2.18862E+10 0.09805 
   24   24    1    1    1    1    1    1    1    1  3.88609E+10 0.06343 
   25   25    1    1    1    1    1    1    1    1  4.91029E+10 0.05978 
   26   26    1    1    1    1    1    1    1    1  8.22219E+10 0.05284 
   27   27    1    1    1    1    1    1    1    1  1.73644E+11 0.03722 
   28   28    1    1    1    1    1    1    1    1  4.38391E+11 0.02146 
   29   29    1    1    1    1    1    1    1    1  7.55808E+11 0.02144 
   30   30    1    1    1    1    1    1    1    1  1.99825E+12 0.01087 
   31   31    1    1    1    1    1    1    1    1  5.81102E+12 0.00868 
   32   32    1    1    1    1    1    1    1    1  1.03470E+13 0.00490 
   33   33    1    1    1    1    1    1    1    1  2.42054E+13 0.00236 
   34   34    1    1    1    1    1    1    1    1  3.33969E+13 0.00282 
   35   35    1    1    1    1    1    1    1    1  4.06905E+13 0.00211 
   36   36    1    1    1    1    1    1    1    1  2.67958E+13 0.00230 
   37   37    1    1    1    1    1    1    1    1  8.03292E+12 0.00298 
   38   38    1    1    1    1    1    1    1    1  4.55442E+13 0.00242 
   39   39    1    1    1    1    1    1    1    1  6.13574E+13 0.00210 
   40   40    1    1    1    1    1    1    1    1  1.05944E+14 0.00175 
   41   41    1    1    1    1    1    1    1    1  1.05420E+14 0.00119 
   42   42    1    1    1    1    1    1    1    1  2.26416E+14 0.00092 
   43   43    1    1    1    1    1    1    1    1  2.74325E+14 0.00118 
   44   44    1    1    1    1    1    1    1    1  3.98260E+14 0.00098 
   45   45    1    1    1    1    1    1    1    1  8.03708E+14 0.00084 
   46   46    1    1    1    1    1    1    1    1  3.76900E+14 0.00105 
   47   47    1    1    1    1    1    1    1    1  6.03893E+14 0.00081 
   48   48    1    1    1    1    1    1    1    1  8.47666E+14 0.00056 
   49   49    1    1    1    1    1    1    1    1  8.37893E+14 0.00050 
   50   50    1    1    1    1    1    1    1    1  1.32816E+15 0.00051 
   51   51    1    1    1    1    1    1    1    1  1.05497E+15 0.00052 
   52   52    1    1    1    1    1    1    1    1  1.27523E+15 0.00048 
   53   53    1    1    1    1    1    1    1    1  8.89726E+14 0.00073 
   54   54    1    1    1    1    1    1    1    1  1.10666E+15 0.00063 
   55   55    1    1    1    1    1    1    1    1  7.65790E+14 0.00054 
   56   56    1    1    1    1    1    1    1    1  1.04289E+14 0.00104 
   57   57    1    1    1    1    1    1    1    1  1.52515E+15 0.00050 
   58   58    1    1    1    1    1    1    1    1  6.94246E+14 0.00089 
   59   59    1    1    1    1    1    1    1    1  7.40286E+14 0.00078 
   60   60    1    1    1    1    1    1    1    1  5.84832E+14 0.00059 
   61   61    1    1    1    1    1    1    1    1  5.86671E+14 0.00066 
   62   62    1    1    1    1    1    1    1    1  6.12296E+14 0.00085 
   63   63    1    1    1    1    1    1    1    1  5.18876E+14 0.00092 
   64   64    1    1    1    1    1    1    1    1  4.15234E+14 0.00096 
   65   65    1    1    1    1    1    1    1    1  4.14587E+14 0.00101 
   66   66    1    1    1    1    1    1    1    1  3.01848E+14 0.00082 
   67   67    1    1    1    1    1    1    1    1  2.45134E+14 0.00084 
   68   68    1    1    1    1    1    1    1    1  2.19533E+14 0.00133 
   69   69    1    1    1    1    1    1    1    1  2.63609E+14 0.00091 
   70   70    1    1    1    1    1    1    1    1  2.25076E+14 0.00093 
   71   71    1    1    1    1    1    1    1    1  4.08085E+14 0.00092 
   72   72    1    1    1    1    1    1    1    1  2.89732E+14 0.00103 
   73   73    1    1    1    1    1    1    1    1  2.19235E+14 0.00129 
   74   74    1    1    1    1    1    1    1    1  1.78145E+14 0.00098 
   75   75    1    1    1    1    1    1    1    1  1.49363E+14 0.00146 
   76   76    1    1    1    1    1    1    1    1  1.74427E+14 0.00101 
   77   77    1    1    1    1    1    1    1    1  1.38949E+14 0.00150 
   78   78    1    1    1    1    1    1    1    1  1.11318E+14 0.00171 
   79   79    1    1    1    1    1    1    1    1  1.15255E+14 0.00130 
   80   80    1    1    1    1    1    1    1    1  8.55336E+13 0.00157 
   81   81    1    1    1    1    1    1    1    1  6.59805E+13 0.00184 
   82   82    1    1    1    1    1    1    1    1  5.08879E+13 0.00228 
   83   83    1    1    1    1    1    1    1    1  4.74312E+13 0.00253 
   84   84    1    1    1    1    1    1    1    1  3.41780E+13 0.00324 
   85   85    1    1    1    1    1    1    1    1  2.46525E+13 0.00297 
   86   86    1    1    1    1    1    1    1    1  2.29251E+13 0.00358 
   87   87    1    1    1    1    1    1    1    1  1.42014E+13 0.00477 
   88   88    1    1    1    1    1    1    1    1  9.51312E+12 0.00604 
   89   89    1    1    1    1    1    1    1    1  5.44014E+12 0.00842 
   90   90    1    1    1    1    1    1    1    1  3.60579E+12 0.00679 
   91   91    1    1    1    1    1    1    1    1  1.81121E+12 0.01161 
   92   92    1    1    1    1    1    1    1    1  8.37428E+11 0.01616 
   93   93    1    1    1    1    1    1    1    1  4.03397E+11 0.02474 
   94   94    1    1    1    1    1    1    1    1  2.04449E+11 0.03238 
   95   95    1    1    1    1    1    1    1    1  8.76796E+10 0.04972 
   96   96    1    1    1    1    1    1    1    1  3.97766E+10 0.08098 
   97   97    1    1    1    1    1    1    1    1  1.98833E+10 0.09720 
   98   98    1    1    1    1    1    1    1    1  7.69384E+09 0.19564 
   99   99    1    1    1    1    1    1    1    1  5.88918E+09 0.22558 
  100  100    1    1    1    1    1    1    1    1  4.73010E+09 0.11842 
];


