
DETdpaspec = [
    1    1    1    1    1    1    1    1    1    1  0.00000E+00 0.00000 
    2    2    1    1    1    1    1    1    1    1  0.00000E+00 0.00000 
    3    3    1    1    1    1    1    1    1    1  0.00000E+00 0.00000 
    4    4    1    1    1    1    1    1    1    1  0.00000E+00 0.00000 
    5    5    1    1    1    1    1    1    1    1  0.00000E+00 0.00000 
    6    6    1    1    1    1    1    1    1    1  0.00000E+00 0.00000 
    7    7    1    1    1    1    1    1    1    1  0.00000E+00 0.00000 
    8    8    1    1    1    1    1    1    1    1  0.00000E+00 0.00000 
    9    9    1    1    1    1    1    1    1    1  0.00000E+00 0.00000 
   10   10    1    1    1    1    1    1    1    1  0.00000E+00 0.00000 
   11   11    1    1    1    1    1    1    1    1  0.00000E+00 0.00000 
   12   12    1    1    1    1    1    1    1    1  0.00000E+00 0.00000 
   13   13    1    1    1    1    1    1    1    1  3.23502E+08 0.68839 
   14   14    1    1    1    1    1    1    1    1  3.23481E+08 0.60121 
   15   15    1    1    1    1    1    1    1    1  4.69395E+08 1.00000 
   16   16    1    1    1    1    1    1    1    1  0.00000E+00 0.00000 
   17   17    1    1    1    1    1    1    1    1  3.43839E+08 0.60454 
   18   18    1    1    1    1    1    1    1    1  1.75722E+09 0.32470 
   19   19    1    1    1    1    1    1    1    1  1.25376E+09 0.31443 
   20   20    1    1    1    1    1    1    1    1  5.13396E+09 0.27102 
   21   21    1    1    1    1    1    1    1    1  2.93279E+09 0.21238 
   22   22    1    1    1    1    1    1    1    1  1.12763E+10 0.14899 
   23   23    1    1    1    1    1    1    1    1  2.94922E+10 0.10333 
   24   24    1    1    1    1    1    1    1    1  9.95922E+10 0.04682 
   25   25    1    1    1    1    1    1    1    1  1.74617E+11 0.02680 
   26   26    1    1    1    1    1    1    1    1  3.78900E+11 0.02676 
   27   27    1    1    1    1    1    1    1    1  8.30118E+11 0.02359 
   28   28    1    1    1    1    1    1    1    1  1.82337E+12 0.01610 
   29   29    1    1    1    1    1    1    1    1  2.99984E+12 0.01102 
   30   30    1    1    1    1    1    1    1    1  6.31711E+12 0.00824 
   31   31    1    1    1    1    1    1    1    1  1.43042E+13 0.00571 
   32   32    1    1    1    1    1    1    1    1  2.17483E+13 0.00336 
   33   33    1    1    1    1    1    1    1    1  4.48764E+13 0.00292 
   34   34    1    1    1    1    1    1    1    1  5.68927E+13 0.00225 
   35   35    1    1    1    1    1    1    1    1  6.01744E+13 0.00218 
   36   36    1    1    1    1    1    1    1    1  3.67310E+13 0.00194 
   37   37    1    1    1    1    1    1    1    1  1.07430E+13 0.00229 
   38   38    1    1    1    1    1    1    1    1  6.13718E+13 0.00186 
   39   39    1    1    1    1    1    1    1    1  8.09678E+13 0.00156 
   40   40    1    1    1    1    1    1    1    1  1.37880E+14 0.00158 
   41   41    1    1    1    1    1    1    1    1  1.32179E+14 0.00161 
   42   42    1    1    1    1    1    1    1    1  2.82645E+14 0.00086 
   43   43    1    1    1    1    1    1    1    1  3.37071E+14 0.00111 
   44   44    1    1    1    1    1    1    1    1  4.78991E+14 0.00080 
   45   45    1    1    1    1    1    1    1    1  9.38926E+14 0.00052 
   46   46    1    1    1    1    1    1    1    1  4.26154E+14 0.00064 
   47   47    1    1    1    1    1    1    1    1  6.72332E+14 0.00058 
   48   48    1    1    1    1    1    1    1    1  9.24406E+14 0.00054 
   49   49    1    1    1    1    1    1    1    1  8.98401E+14 0.00066 
   50   50    1    1    1    1    1    1    1    1  1.40855E+15 0.00065 
   51   51    1    1    1    1    1    1    1    1  1.09078E+15 0.00064 
   52   52    1    1    1    1    1    1    1    1  1.31602E+15 0.00051 
   53   53    1    1    1    1    1    1    1    1  9.03973E+14 0.00074 
   54   54    1    1    1    1    1    1    1    1  1.12508E+15 0.00059 
   55   55    1    1    1    1    1    1    1    1  7.70036E+14 0.00075 
   56   56    1    1    1    1    1    1    1    1  1.04105E+14 0.00111 
   57   57    1    1    1    1    1    1    1    1  1.51918E+15 0.00063 
   58   58    1    1    1    1    1    1    1    1  6.94189E+14 0.00084 
   59   59    1    1    1    1    1    1    1    1  7.31830E+14 0.00080 
   60   60    1    1    1    1    1    1    1    1  5.81597E+14 0.00063 
   61   61    1    1    1    1    1    1    1    1  5.79472E+14 0.00081 
   62   62    1    1    1    1    1    1    1    1  6.03470E+14 0.00063 
   63   63    1    1    1    1    1    1    1    1  5.09035E+14 0.00063 
   64   64    1    1    1    1    1    1    1    1  4.05748E+14 0.00096 
   65   65    1    1    1    1    1    1    1    1  4.03039E+14 0.00068 
   66   66    1    1    1    1    1    1    1    1  2.91942E+14 0.00086 
   67   67    1    1    1    1    1    1    1    1  2.35522E+14 0.00076 
   68   68    1    1    1    1    1    1    1    1  2.10565E+14 0.00097 
   69   69    1    1    1    1    1    1    1    1  2.51974E+14 0.00069 
   70   70    1    1    1    1    1    1    1    1  2.13489E+14 0.00131 
   71   71    1    1    1    1    1    1    1    1  3.82014E+14 0.00099 
   72   72    1    1    1    1    1    1    1    1  2.69004E+14 0.00104 
   73   73    1    1    1    1    1    1    1    1  2.03380E+14 0.00145 
   74   74    1    1    1    1    1    1    1    1  1.65560E+14 0.00116 
   75   75    1    1    1    1    1    1    1    1  1.39723E+14 0.00118 
   76   76    1    1    1    1    1    1    1    1  1.63771E+14 0.00136 
   77   77    1    1    1    1    1    1    1    1  1.31225E+14 0.00155 
   78   78    1    1    1    1    1    1    1    1  1.05188E+14 0.00150 
   79   79    1    1    1    1    1    1    1    1  1.09214E+14 0.00133 
   80   80    1    1    1    1    1    1    1    1  8.11676E+13 0.00146 
   81   81    1    1    1    1    1    1    1    1  6.25619E+13 0.00188 
   82   82    1    1    1    1    1    1    1    1  4.79976E+13 0.00201 
   83   83    1    1    1    1    1    1    1    1  4.47424E+13 0.00240 
   84   84    1    1    1    1    1    1    1    1  3.21645E+13 0.00270 
   85   85    1    1    1    1    1    1    1    1  2.31981E+13 0.00200 
   86   86    1    1    1    1    1    1    1    1  2.16023E+13 0.00278 
   87   87    1    1    1    1    1    1    1    1  1.30788E+13 0.00376 
   88   88    1    1    1    1    1    1    1    1  8.80902E+12 0.00474 
   89   89    1    1    1    1    1    1    1    1  5.01207E+12 0.00752 
   90   90    1    1    1    1    1    1    1    1  3.27143E+12 0.00800 
   91   91    1    1    1    1    1    1    1    1  1.63563E+12 0.01294 
   92   92    1    1    1    1    1    1    1    1  7.67881E+11 0.01535 
   93   93    1    1    1    1    1    1    1    1  3.77958E+11 0.01738 
   94   94    1    1    1    1    1    1    1    1  1.76278E+11 0.04191 
   95   95    1    1    1    1    1    1    1    1  8.61821E+10 0.04472 
   96   96    1    1    1    1    1    1    1    1  4.07789E+10 0.07015 
   97   97    1    1    1    1    1    1    1    1  1.89826E+10 0.11021 
   98   98    1    1    1    1    1    1    1    1  8.88276E+09 0.18284 
   99   99    1    1    1    1    1    1    1    1  3.08460E+09 0.29234 
  100  100    1    1    1    1    1    1    1    1  2.79456E+09 0.29473 
];


