
DETdpaspec = [
    1    1    1    1    1    1    1    1    1    1  0.00000E+00 0.00000 
    2    2    1    1    1    1    1    1    1    1  0.00000E+00 0.00000 
    3    3    1    1    1    1    1    1    1    1  0.00000E+00 0.00000 
    4    4    1    1    1    1    1    1    1    1  0.00000E+00 0.00000 
    5    5    1    1    1    1    1    1    1    1  0.00000E+00 0.00000 
    6    6    1    1    1    1    1    1    1    1  0.00000E+00 0.00000 
    7    7    1    1    1    1    1    1    1    1  0.00000E+00 0.00000 
    8    8    1    1    1    1    1    1    1    1  1.51652E+07 1.00000 
    9    9    1    1    1    1    1    1    1    1  0.00000E+00 0.00000 
   10   10    1    1    1    1    1    1    1    1  0.00000E+00 0.00000 
   11   11    1    1    1    1    1    1    1    1  0.00000E+00 0.00000 
   12   12    1    1    1    1    1    1    1    1  3.78011E+07 1.00000 
   13   13    1    1    1    1    1    1    1    1  1.05219E+08 1.00000 
   14   14    1    1    1    1    1    1    1    1  1.13954E+09 0.58276 
   15   15    1    1    1    1    1    1    1    1  1.44716E+09 0.42593 
   16   16    1    1    1    1    1    1    1    1  9.06082E+08 0.51797 
   17   17    1    1    1    1    1    1    1    1  6.08779E+08 0.47069 
   18   18    1    1    1    1    1    1    1    1  1.96987E+08 0.61838 
   19   19    1    1    1    1    1    1    1    1  1.57505E+09 0.23128 
   20   20    1    1    1    1    1    1    1    1  5.25675E+09 0.27976 
   21   21    1    1    1    1    1    1    1    1  7.08791E+09 0.18161 
   22   22    1    1    1    1    1    1    1    1  1.07197E+10 0.13675 
   23   23    1    1    1    1    1    1    1    1  2.55950E+10 0.08527 
   24   24    1    1    1    1    1    1    1    1  6.21414E+10 0.07476 
   25   25    1    1    1    1    1    1    1    1  1.16675E+11 0.03824 
   26   26    1    1    1    1    1    1    1    1  2.61428E+11 0.02212 
   27   27    1    1    1    1    1    1    1    1  5.68843E+11 0.01893 
   28   28    1    1    1    1    1    1    1    1  1.29712E+12 0.01436 
   29   29    1    1    1    1    1    1    1    1  2.25693E+12 0.01269 
   30   30    1    1    1    1    1    1    1    1  4.87632E+12 0.00738 
   31   31    1    1    1    1    1    1    1    1  1.17318E+13 0.00552 
   32   32    1    1    1    1    1    1    1    1  1.85270E+13 0.00479 
   33   33    1    1    1    1    1    1    1    1  3.93499E+13 0.00300 
   34   34    1    1    1    1    1    1    1    1  5.10306E+13 0.00237 
   35   35    1    1    1    1    1    1    1    1  5.52173E+13 0.00148 
   36   36    1    1    1    1    1    1    1    1  3.41866E+13 0.00183 
   37   37    1    1    1    1    1    1    1    1  1.00304E+13 0.00201 
   38   38    1    1    1    1    1    1    1    1  5.74110E+13 0.00164 
   39   39    1    1    1    1    1    1    1    1  7.62422E+13 0.00156 
   40   40    1    1    1    1    1    1    1    1  1.29944E+14 0.00134 
   41   41    1    1    1    1    1    1    1    1  1.25832E+14 0.00097 
   42   42    1    1    1    1    1    1    1    1  2.69435E+14 0.00097 
   43   43    1    1    1    1    1    1    1    1  3.22191E+14 0.00083 
   44   44    1    1    1    1    1    1    1    1  4.60064E+14 0.00071 
   45   45    1    1    1    1    1    1    1    1  9.10346E+14 0.00086 
   46   46    1    1    1    1    1    1    1    1  4.15479E+14 0.00084 
   47   47    1    1    1    1    1    1    1    1  6.57293E+14 0.00058 
   48   48    1    1    1    1    1    1    1    1  9.09987E+14 0.00063 
   49   49    1    1    1    1    1    1    1    1  8.87299E+14 0.00043 
   50   50    1    1    1    1    1    1    1    1  1.39708E+15 0.00045 
   51   51    1    1    1    1    1    1    1    1  1.08485E+15 0.00049 
   52   52    1    1    1    1    1    1    1    1  1.31201E+15 0.00050 
   53   53    1    1    1    1    1    1    1    1  9.04518E+14 0.00059 
   54   54    1    1    1    1    1    1    1    1  1.12705E+15 0.00059 
   55   55    1    1    1    1    1    1    1    1  7.73195E+14 0.00060 
   56   56    1    1    1    1    1    1    1    1  1.04546E+14 0.00111 
   57   57    1    1    1    1    1    1    1    1  1.52974E+15 0.00046 
   58   58    1    1    1    1    1    1    1    1  6.99038E+14 0.00061 
   59   59    1    1    1    1    1    1    1    1  7.38834E+14 0.00041 
   60   60    1    1    1    1    1    1    1    1  5.87058E+14 0.00069 
   61   61    1    1    1    1    1    1    1    1  5.85949E+14 0.00058 
   62   62    1    1    1    1    1    1    1    1  6.10629E+14 0.00074 
   63   63    1    1    1    1    1    1    1    1  5.15269E+14 0.00055 
   64   64    1    1    1    1    1    1    1    1  4.11179E+14 0.00078 
   65   65    1    1    1    1    1    1    1    1  4.08373E+14 0.00079 
   66   66    1    1    1    1    1    1    1    1  2.96493E+14 0.00075 
   67   67    1    1    1    1    1    1    1    1  2.40030E+14 0.00128 
   68   68    1    1    1    1    1    1    1    1  2.14367E+14 0.00092 
   69   69    1    1    1    1    1    1    1    1  2.56224E+14 0.00108 
   70   70    1    1    1    1    1    1    1    1  2.17426E+14 0.00103 
   71   71    1    1    1    1    1    1    1    1  3.90352E+14 0.00080 
   72   72    1    1    1    1    1    1    1    1  2.75847E+14 0.00105 
   73   73    1    1    1    1    1    1    1    1  2.08603E+14 0.00112 
   74   74    1    1    1    1    1    1    1    1  1.69957E+14 0.00123 
   75   75    1    1    1    1    1    1    1    1  1.42909E+14 0.00111 
   76   76    1    1    1    1    1    1    1    1  1.67739E+14 0.00127 
   77   77    1    1    1    1    1    1    1    1  1.34271E+14 0.00137 
   78   78    1    1    1    1    1    1    1    1  1.07587E+14 0.00130 
   79   79    1    1    1    1    1    1    1    1  1.11993E+14 0.00146 
   80   80    1    1    1    1    1    1    1    1  8.34049E+13 0.00194 
   81   81    1    1    1    1    1    1    1    1  6.38816E+13 0.00178 
   82   82    1    1    1    1    1    1    1    1  4.92863E+13 0.00231 
   83   83    1    1    1    1    1    1    1    1  4.59169E+13 0.00205 
   84   84    1    1    1    1    1    1    1    1  3.30237E+13 0.00206 
   85   85    1    1    1    1    1    1    1    1  2.37781E+13 0.00307 
   86   86    1    1    1    1    1    1    1    1  2.21059E+13 0.00314 
   87   87    1    1    1    1    1    1    1    1  1.35339E+13 0.00368 
   88   88    1    1    1    1    1    1    1    1  9.01320E+12 0.00511 
   89   89    1    1    1    1    1    1    1    1  5.14361E+12 0.00734 
   90   90    1    1    1    1    1    1    1    1  3.36430E+12 0.00720 
   91   91    1    1    1    1    1    1    1    1  1.70332E+12 0.01384 
   92   92    1    1    1    1    1    1    1    1  8.11980E+11 0.01403 
   93   93    1    1    1    1    1    1    1    1  3.97968E+11 0.02734 
   94   94    1    1    1    1    1    1    1    1  1.71933E+11 0.03278 
   95   95    1    1    1    1    1    1    1    1  9.06895E+10 0.04910 
   96   96    1    1    1    1    1    1    1    1  4.87891E+10 0.06616 
   97   97    1    1    1    1    1    1    1    1  1.82060E+10 0.09130 
   98   98    1    1    1    1    1    1    1    1  1.00043E+10 0.15038 
   99   99    1    1    1    1    1    1    1    1  5.07679E+09 0.25408 
  100  100    1    1    1    1    1    1    1    1  4.19928E+09 0.25239 
];


