
DETdpaspec = [
    1    1    1    1    1    1    1    1    1    1  0.00000E+00 0.00000 
    2    2    1    1    1    1    1    1    1    1  0.00000E+00 0.00000 
    3    3    1    1    1    1    1    1    1    1  0.00000E+00 0.00000 
    4    4    1    1    1    1    1    1    1    1  0.00000E+00 0.00000 
    5    5    1    1    1    1    1    1    1    1  0.00000E+00 0.00000 
    6    6    1    1    1    1    1    1    1    1  0.00000E+00 0.00000 
    7    7    1    1    1    1    1    1    1    1  0.00000E+00 0.00000 
    8    8    1    1    1    1    1    1    1    1  0.00000E+00 0.00000 
    9    9    1    1    1    1    1    1    1    1  0.00000E+00 0.00000 
   10   10    1    1    1    1    1    1    1    1  0.00000E+00 0.00000 
   11   11    1    1    1    1    1    1    1    1  0.00000E+00 0.00000 
   12   12    1    1    1    1    1    1    1    1  0.00000E+00 0.00000 
   13   13    1    1    1    1    1    1    1    1  5.85519E+08 1.00000 
   14   14    1    1    1    1    1    1    1    1  1.57998E+08 1.00000 
   15   15    1    1    1    1    1    1    1    1  4.74337E+08 1.00000 
   16   16    1    1    1    1    1    1    1    1  0.00000E+00 0.00000 
   17   17    1    1    1    1    1    1    1    1  1.03875E+09 0.56314 
   18   18    1    1    1    1    1    1    1    1  1.65717E+09 0.46073 
   19   19    1    1    1    1    1    1    1    1  1.72399E+09 0.45497 
   20   20    1    1    1    1    1    1    1    1  4.00415E+09 0.25376 
   21   21    1    1    1    1    1    1    1    1  2.10687E+10 0.10180 
   22   22    1    1    1    1    1    1    1    1  8.63447E+10 0.06675 
   23   23    1    1    1    1    1    1    1    1  3.55978E+11 0.03073 
   24   24    1    1    1    1    1    1    1    1  8.71662E+11 0.02371 
   25   25    1    1    1    1    1    1    1    1  1.23682E+12 0.01720 
   26   26    1    1    1    1    1    1    1    1  2.26700E+12 0.01053 
   27   27    1    1    1    1    1    1    1    1  3.81623E+12 0.00755 
   28   28    1    1    1    1    1    1    1    1  6.21879E+12 0.00510 
   29   29    1    1    1    1    1    1    1    1  8.77690E+12 0.00489 
   30   30    1    1    1    1    1    1    1    1  1.54449E+13 0.00387 
   31   31    1    1    1    1    1    1    1    1  2.74834E+13 0.00314 
   32   32    1    1    1    1    1    1    1    1  3.74861E+13 0.00257 
   33   33    1    1    1    1    1    1    1    1  6.91644E+13 0.00183 
   34   34    1    1    1    1    1    1    1    1  8.02743E+13 0.00207 
   35   35    1    1    1    1    1    1    1    1  7.87401E+13 0.00203 
   36   36    1    1    1    1    1    1    1    1  4.58089E+13 0.00195 
   37   37    1    1    1    1    1    1    1    1  1.32202E+13 0.00192 
   38   38    1    1    1    1    1    1    1    1  7.50599E+13 0.00195 
   39   39    1    1    1    1    1    1    1    1  9.77148E+13 0.00167 
   40   40    1    1    1    1    1    1    1    1  1.63086E+14 0.00157 
   41   41    1    1    1    1    1    1    1    1  1.53662E+14 0.00168 
   42   42    1    1    1    1    1    1    1    1  3.24746E+14 0.00112 
   43   43    1    1    1    1    1    1    1    1  3.80369E+14 0.00096 
   44   44    1    1    1    1    1    1    1    1  5.30348E+14 0.00091 
   45   45    1    1    1    1    1    1    1    1  1.01322E+15 0.00075 
   46   46    1    1    1    1    1    1    1    1  4.47226E+14 0.00083 
   47   47    1    1    1    1    1    1    1    1  6.97459E+14 0.00069 
   48   48    1    1    1    1    1    1    1    1  9.43585E+14 0.00067 
   49   49    1    1    1    1    1    1    1    1  9.03247E+14 0.00063 
   50   50    1    1    1    1    1    1    1    1  1.39509E+15 0.00071 
   51   51    1    1    1    1    1    1    1    1  1.05877E+15 0.00045 
   52   52    1    1    1    1    1    1    1    1  1.26344E+15 0.00057 
   53   53    1    1    1    1    1    1    1    1  8.55459E+14 0.00046 
   54   54    1    1    1    1    1    1    1    1  1.05684E+15 0.00051 
   55   55    1    1    1    1    1    1    1    1  7.17562E+14 0.00058 
   56   56    1    1    1    1    1    1    1    1  9.64379E+13 0.00141 
   57   57    1    1    1    1    1    1    1    1  1.40036E+15 0.00049 
   58   58    1    1    1    1    1    1    1    1  6.35669E+14 0.00047 
   59   59    1    1    1    1    1    1    1    1  6.65123E+14 0.00070 
   60   60    1    1    1    1    1    1    1    1  5.24914E+14 0.00075 
   61   61    1    1    1    1    1    1    1    1  5.21104E+14 0.00097 
   62   62    1    1    1    1    1    1    1    1  5.39379E+14 0.00087 
   63   63    1    1    1    1    1    1    1    1  4.52055E+14 0.00095 
   64   64    1    1    1    1    1    1    1    1  3.57298E+14 0.00108 
   65   65    1    1    1    1    1    1    1    1  3.52491E+14 0.00082 
   66   66    1    1    1    1    1    1    1    1  2.53539E+14 0.00077 
   67   67    1    1    1    1    1    1    1    1  2.04016E+14 0.00109 
   68   68    1    1    1    1    1    1    1    1  1.81213E+14 0.00097 
   69   69    1    1    1    1    1    1    1    1  2.15924E+14 0.00086 
   70   70    1    1    1    1    1    1    1    1  1.81771E+14 0.00121 
   71   71    1    1    1    1    1    1    1    1  3.21032E+14 0.00107 
   72   72    1    1    1    1    1    1    1    1  2.24011E+14 0.00147 
   73   73    1    1    1    1    1    1    1    1  1.68252E+14 0.00138 
   74   74    1    1    1    1    1    1    1    1  1.36153E+14 0.00181 
   75   75    1    1    1    1    1    1    1    1  1.14300E+14 0.00164 
   76   76    1    1    1    1    1    1    1    1  1.33934E+14 0.00182 
   77   77    1    1    1    1    1    1    1    1  1.06438E+14 0.00189 
   78   78    1    1    1    1    1    1    1    1  8.50620E+13 0.00188 
   79   79    1    1    1    1    1    1    1    1  8.77814E+13 0.00211 
   80   80    1    1    1    1    1    1    1    1  6.46042E+13 0.00136 
   81   81    1    1    1    1    1    1    1    1  4.94246E+13 0.00146 
   82   82    1    1    1    1    1    1    1    1  3.76942E+13 0.00221 
   83   83    1    1    1    1    1    1    1    1  3.47505E+13 0.00219 
   84   84    1    1    1    1    1    1    1    1  2.48063E+13 0.00327 
   85   85    1    1    1    1    1    1    1    1  1.77493E+13 0.00311 
   86   86    1    1    1    1    1    1    1    1  1.62823E+13 0.00306 
   87   87    1    1    1    1    1    1    1    1  9.77361E+12 0.00397 
   88   88    1    1    1    1    1    1    1    1  6.46140E+12 0.00638 
   89   89    1    1    1    1    1    1    1    1  3.58298E+12 0.00753 
   90   90    1    1    1    1    1    1    1    1  2.29520E+12 0.00951 
   91   91    1    1    1    1    1    1    1    1  1.09459E+12 0.01339 
   92   92    1    1    1    1    1    1    1    1  5.19499E+11 0.01497 
   93   93    1    1    1    1    1    1    1    1  2.33642E+11 0.04050 
   94   94    1    1    1    1    1    1    1    1  1.10150E+11 0.05404 
   95   95    1    1    1    1    1    1    1    1  5.36446E+10 0.06815 
   96   96    1    1    1    1    1    1    1    1  2.57436E+10 0.08785 
   97   97    1    1    1    1    1    1    1    1  1.00889E+10 0.18405 
   98   98    1    1    1    1    1    1    1    1  5.88300E+09 0.21795 
   99   99    1    1    1    1    1    1    1    1  2.67952E+09 0.28392 
  100  100    1    1    1    1    1    1    1    1  2.45492E+09 0.41067 
];


