
DETdpaspec = [
    1    1    1    1    1    1    1    1    1    1  0.00000E+00 0.00000 
    2    2    1    1    1    1    1    1    1    1  0.00000E+00 0.00000 
    3    3    1    1    1    1    1    1    1    1  0.00000E+00 0.00000 
    4    4    1    1    1    1    1    1    1    1  0.00000E+00 0.00000 
    5    5    1    1    1    1    1    1    1    1  0.00000E+00 0.00000 
    6    6    1    1    1    1    1    1    1    1  0.00000E+00 0.00000 
    7    7    1    1    1    1    1    1    1    1  0.00000E+00 0.00000 
    8    8    1    1    1    1    1    1    1    1  1.08044E+07 1.00000 
    9    9    1    1    1    1    1    1    1    1  0.00000E+00 0.00000 
   10   10    1    1    1    1    1    1    1    1  0.00000E+00 0.00000 
   11   11    1    1    1    1    1    1    1    1  0.00000E+00 0.00000 
   12   12    1    1    1    1    1    1    1    1  4.82506E+07 0.68940 
   13   13    1    1    1    1    1    1    1    1  8.14383E+08 0.44486 
   14   14    1    1    1    1    1    1    1    1  2.16604E+09 0.44333 
   15   15    1    1    1    1    1    1    1    1  2.19359E+09 0.38431 
   16   16    1    1    1    1    1    1    1    1  4.71517E+08 0.80710 
   17   17    1    1    1    1    1    1    1    1  2.14239E+08 0.49054 
   18   18    1    1    1    1    1    1    1    1  9.18237E+08 0.31118 
   19   19    1    1    1    1    1    1    1    1  1.26690E+09 0.36445 
   20   20    1    1    1    1    1    1    1    1  4.99160E+09 0.22151 
   21   21    1    1    1    1    1    1    1    1  4.76192E+09 0.15651 
   22   22    1    1    1    1    1    1    1    1  1.42703E+10 0.14880 
   23   23    1    1    1    1    1    1    1    1  1.82028E+10 0.09754 
   24   24    1    1    1    1    1    1    1    1  3.23759E+10 0.07367 
   25   25    1    1    1    1    1    1    1    1  4.98514E+10 0.05520 
   26   26    1    1    1    1    1    1    1    1  8.78015E+10 0.04472 
   27   27    1    1    1    1    1    1    1    1  1.91315E+11 0.03855 
   28   28    1    1    1    1    1    1    1    1  4.49587E+11 0.02656 
   29   29    1    1    1    1    1    1    1    1  7.75770E+11 0.01610 
   30   30    1    1    1    1    1    1    1    1  2.04971E+12 0.00948 
   31   31    1    1    1    1    1    1    1    1  5.93695E+12 0.00731 
   32   32    1    1    1    1    1    1    1    1  1.04593E+13 0.00658 
   33   33    1    1    1    1    1    1    1    1  2.44040E+13 0.00338 
   34   34    1    1    1    1    1    1    1    1  3.36093E+13 0.00329 
   35   35    1    1    1    1    1    1    1    1  4.10584E+13 0.00250 
   36   36    1    1    1    1    1    1    1    1  2.67500E+13 0.00245 
   37   37    1    1    1    1    1    1    1    1  8.04429E+12 0.00261 
   38   38    1    1    1    1    1    1    1    1  4.56557E+13 0.00177 
   39   39    1    1    1    1    1    1    1    1  6.14673E+13 0.00202 
   40   40    1    1    1    1    1    1    1    1  1.06248E+14 0.00203 
   41   41    1    1    1    1    1    1    1    1  1.05460E+14 0.00120 
   42   42    1    1    1    1    1    1    1    1  2.26560E+14 0.00150 
   43   43    1    1    1    1    1    1    1    1  2.75157E+14 0.00113 
   44   44    1    1    1    1    1    1    1    1  3.99322E+14 0.00107 
   45   45    1    1    1    1    1    1    1    1  8.04593E+14 0.00061 
   46   46    1    1    1    1    1    1    1    1  3.77304E+14 0.00095 
   47   47    1    1    1    1    1    1    1    1  6.04338E+14 0.00079 
   48   48    1    1    1    1    1    1    1    1  8.48886E+14 0.00063 
   49   49    1    1    1    1    1    1    1    1  8.39066E+14 0.00062 
   50   50    1    1    1    1    1    1    1    1  1.33084E+15 0.00066 
   51   51    1    1    1    1    1    1    1    1  1.05532E+15 0.00065 
   52   52    1    1    1    1    1    1    1    1  1.27690E+15 0.00059 
   53   53    1    1    1    1    1    1    1    1  8.91553E+14 0.00050 
   54   54    1    1    1    1    1    1    1    1  1.10878E+15 0.00062 
   55   55    1    1    1    1    1    1    1    1  7.66063E+14 0.00054 
   56   56    1    1    1    1    1    1    1    1  1.04081E+14 0.00104 
   57   57    1    1    1    1    1    1    1    1  1.52650E+15 0.00050 
   58   58    1    1    1    1    1    1    1    1  6.94656E+14 0.00065 
   59   59    1    1    1    1    1    1    1    1  7.40435E+14 0.00052 
   60   60    1    1    1    1    1    1    1    1  5.85696E+14 0.00065 
   61   61    1    1    1    1    1    1    1    1  5.86715E+14 0.00069 
   62   62    1    1    1    1    1    1    1    1  6.12494E+14 0.00071 
   63   63    1    1    1    1    1    1    1    1  5.19517E+14 0.00083 
   64   64    1    1    1    1    1    1    1    1  4.15587E+14 0.00082 
   65   65    1    1    1    1    1    1    1    1  4.14791E+14 0.00097 
   66   66    1    1    1    1    1    1    1    1  3.01277E+14 0.00095 
   67   67    1    1    1    1    1    1    1    1  2.45502E+14 0.00105 
   68   68    1    1    1    1    1    1    1    1  2.19957E+14 0.00109 
   69   69    1    1    1    1    1    1    1    1  2.64043E+14 0.00093 
   70   70    1    1    1    1    1    1    1    1  2.24797E+14 0.00099 
   71   71    1    1    1    1    1    1    1    1  4.09062E+14 0.00102 
   72   72    1    1    1    1    1    1    1    1  2.90296E+14 0.00136 
   73   73    1    1    1    1    1    1    1    1  2.20128E+14 0.00151 
   74   74    1    1    1    1    1    1    1    1  1.78463E+14 0.00111 
   75   75    1    1    1    1    1    1    1    1  1.49196E+14 0.00122 
   76   76    1    1    1    1    1    1    1    1  1.74249E+14 0.00130 
   77   77    1    1    1    1    1    1    1    1  1.38962E+14 0.00135 
   78   78    1    1    1    1    1    1    1    1  1.11246E+14 0.00215 
   79   79    1    1    1    1    1    1    1    1  1.15280E+14 0.00199 
   80   80    1    1    1    1    1    1    1    1  8.56255E+13 0.00181 
   81   81    1    1    1    1    1    1    1    1  6.64563E+13 0.00221 
   82   82    1    1    1    1    1    1    1    1  5.07587E+13 0.00207 
   83   83    1    1    1    1    1    1    1    1  4.76410E+13 0.00207 
   84   84    1    1    1    1    1    1    1    1  3.42200E+13 0.00290 
   85   85    1    1    1    1    1    1    1    1  2.45948E+13 0.00323 
   86   86    1    1    1    1    1    1    1    1  2.30788E+13 0.00351 
   87   87    1    1    1    1    1    1    1    1  1.40904E+13 0.00360 
   88   88    1    1    1    1    1    1    1    1  9.50354E+12 0.00394 
   89   89    1    1    1    1    1    1    1    1  5.42447E+12 0.00824 
   90   90    1    1    1    1    1    1    1    1  3.63200E+12 0.00818 
   91   91    1    1    1    1    1    1    1    1  1.76847E+12 0.00984 
   92   92    1    1    1    1    1    1    1    1  9.02549E+11 0.01285 
   93   93    1    1    1    1    1    1    1    1  4.42799E+11 0.01908 
   94   94    1    1    1    1    1    1    1    1  2.09574E+11 0.03539 
   95   95    1    1    1    1    1    1    1    1  9.38319E+10 0.05040 
   96   96    1    1    1    1    1    1    1    1  4.57338E+10 0.08550 
   97   97    1    1    1    1    1    1    1    1  2.34972E+10 0.10541 
   98   98    1    1    1    1    1    1    1    1  1.07919E+10 0.15810 
   99   99    1    1    1    1    1    1    1    1  5.28799E+09 0.18659 
  100  100    1    1    1    1    1    1    1    1  5.24181E+09 0.25144 
];


