
DETdpaspec = [
    1    1    1    1    1    1    1    1    1    1  0.00000E+00 0.00000 
    2    2    1    1    1    1    1    1    1    1  0.00000E+00 0.00000 
    3    3    1    1    1    1    1    1    1    1  0.00000E+00 0.00000 
    4    4    1    1    1    1    1    1    1    1  0.00000E+00 0.00000 
    5    5    1    1    1    1    1    1    1    1  0.00000E+00 0.00000 
    6    6    1    1    1    1    1    1    1    1  0.00000E+00 0.00000 
    7    7    1    1    1    1    1    1    1    1  0.00000E+00 0.00000 
    8    8    1    1    1    1    1    1    1    1  3.71872E+07 1.00000 
    9    9    1    1    1    1    1    1    1    1  0.00000E+00 0.00000 
   10   10    1    1    1    1    1    1    1    1  0.00000E+00 0.00000 
   11   11    1    1    1    1    1    1    1    1  0.00000E+00 0.00000 
   12   12    1    1    1    1    1    1    1    1  2.94436E+08 0.60011 
   13   13    1    1    1    1    1    1    1    1  1.40185E+09 0.62957 
   14   14    1    1    1    1    1    1    1    1  5.94366E+08 0.67285 
   15   15    1    1    1    1    1    1    1    1  1.58103E+08 0.74275 
   16   16    1    1    1    1    1    1    1    1  1.70416E+08 0.75441 
   17   17    1    1    1    1    1    1    1    1  7.36217E+08 0.51266 
   18   18    1    1    1    1    1    1    1    1  1.01755E+09 0.40860 
   19   19    1    1    1    1    1    1    1    1  1.06293E+09 0.34548 
   20   20    1    1    1    1    1    1    1    1  4.78084E+09 0.20855 
   21   21    1    1    1    1    1    1    1    1  7.08411E+09 0.19020 
   22   22    1    1    1    1    1    1    1    1  1.55350E+10 0.13308 
   23   23    1    1    1    1    1    1    1    1  5.39373E+10 0.08015 
   24   24    1    1    1    1    1    1    1    1  1.58950E+11 0.04121 
   25   25    1    1    1    1    1    1    1    1  2.65219E+11 0.02961 
   26   26    1    1    1    1    1    1    1    1  5.89615E+11 0.02240 
   27   27    1    1    1    1    1    1    1    1  1.28139E+12 0.01309 
   28   28    1    1    1    1    1    1    1    1  2.54731E+12 0.00785 
   29   29    1    1    1    1    1    1    1    1  3.95254E+12 0.00682 
   30   30    1    1    1    1    1    1    1    1  7.85129E+12 0.00284 
   31   31    1    1    1    1    1    1    1    1  1.68367E+13 0.00533 
   32   32    1    1    1    1    1    1    1    1  2.51132E+13 0.00475 
   33   33    1    1    1    1    1    1    1    1  5.02847E+13 0.00261 
   34   34    1    1    1    1    1    1    1    1  6.26140E+13 0.00121 
   35   35    1    1    1    1    1    1    1    1  6.49485E+13 0.00173 
   36   36    1    1    1    1    1    1    1    1  3.90065E+13 0.00215 
   37   37    1    1    1    1    1    1    1    1  1.13835E+13 0.00192 
   38   38    1    1    1    1    1    1    1    1  6.47396E+13 0.00155 
   39   39    1    1    1    1    1    1    1    1  8.53197E+13 0.00167 
   40   40    1    1    1    1    1    1    1    1  1.44375E+14 0.00149 
   41   41    1    1    1    1    1    1    1    1  1.37957E+14 0.00129 
   42   42    1    1    1    1    1    1    1    1  2.94007E+14 0.00096 
   43   43    1    1    1    1    1    1    1    1  3.48804E+14 0.00078 
   44   44    1    1    1    1    1    1    1    1  4.93837E+14 0.00084 
   45   45    1    1    1    1    1    1    1    1  9.64881E+14 0.00079 
   46   46    1    1    1    1    1    1    1    1  4.34684E+14 0.00075 
   47   47    1    1    1    1    1    1    1    1  6.83355E+14 0.00079 
   48   48    1    1    1    1    1    1    1    1  9.37007E+14 0.00064 
   49   49    1    1    1    1    1    1    1    1  9.07899E+14 0.00058 
   50   50    1    1    1    1    1    1    1    1  1.41899E+15 0.00060 
   51   51    1    1    1    1    1    1    1    1  1.09292E+15 0.00064 
   52   52    1    1    1    1    1    1    1    1  1.31494E+15 0.00050 
   53   53    1    1    1    1    1    1    1    1  9.00634E+14 0.00055 
   54   54    1    1    1    1    1    1    1    1  1.11921E+15 0.00048 
   55   55    1    1    1    1    1    1    1    1  7.65933E+14 0.00060 
   56   56    1    1    1    1    1    1    1    1  1.03288E+14 0.00105 
   57   57    1    1    1    1    1    1    1    1  1.50706E+15 0.00049 
   58   58    1    1    1    1    1    1    1    1  6.88023E+14 0.00054 
   59   59    1    1    1    1    1    1    1    1  7.24973E+14 0.00049 
   60   60    1    1    1    1    1    1    1    1  5.75345E+14 0.00049 
   61   61    1    1    1    1    1    1    1    1  5.73462E+14 0.00072 
   62   62    1    1    1    1    1    1    1    1  5.95720E+14 0.00069 
   63   63    1    1    1    1    1    1    1    1  5.02038E+14 0.00069 
   64   64    1    1    1    1    1    1    1    1  3.99397E+14 0.00082 
   65   65    1    1    1    1    1    1    1    1  3.96038E+14 0.00086 
   66   66    1    1    1    1    1    1    1    1  2.86699E+14 0.00092 
   67   67    1    1    1    1    1    1    1    1  2.31768E+14 0.00099 
   68   68    1    1    1    1    1    1    1    1  2.06109E+14 0.00114 
   69   69    1    1    1    1    1    1    1    1  2.46740E+14 0.00098 
   70   70    1    1    1    1    1    1    1    1  2.09069E+14 0.00120 
   71   71    1    1    1    1    1    1    1    1  3.72411E+14 0.00102 
   72   72    1    1    1    1    1    1    1    1  2.61975E+14 0.00086 
   73   73    1    1    1    1    1    1    1    1  1.97928E+14 0.00107 
   74   74    1    1    1    1    1    1    1    1  1.61287E+14 0.00101 
   75   75    1    1    1    1    1    1    1    1  1.35290E+14 0.00144 
   76   76    1    1    1    1    1    1    1    1  1.59134E+14 0.00111 
   77   77    1    1    1    1    1    1    1    1  1.27326E+14 0.00133 
   78   78    1    1    1    1    1    1    1    1  1.02020E+14 0.00175 
   79   79    1    1    1    1    1    1    1    1  1.05860E+14 0.00164 
   80   80    1    1    1    1    1    1    1    1  7.88116E+13 0.00174 
   81   81    1    1    1    1    1    1    1    1  6.05872E+13 0.00180 
   82   82    1    1    1    1    1    1    1    1  4.64859E+13 0.00227 
   83   83    1    1    1    1    1    1    1    1  4.32104E+13 0.00246 
   84   84    1    1    1    1    1    1    1    1  3.11974E+13 0.00295 
   85   85    1    1    1    1    1    1    1    1  2.22250E+13 0.00299 
   86   86    1    1    1    1    1    1    1    1  2.07379E+13 0.00392 
   87   87    1    1    1    1    1    1    1    1  1.27115E+13 0.00367 
   88   88    1    1    1    1    1    1    1    1  8.47398E+12 0.00644 
   89   89    1    1    1    1    1    1    1    1  4.80133E+12 0.00660 
   90   90    1    1    1    1    1    1    1    1  3.16074E+12 0.00866 
   91   91    1    1    1    1    1    1    1    1  1.55242E+12 0.00970 
   92   92    1    1    1    1    1    1    1    1  7.39605E+11 0.02236 
   93   93    1    1    1    1    1    1    1    1  3.50570E+11 0.02535 
   94   94    1    1    1    1    1    1    1    1  1.80394E+11 0.04169 
   95   95    1    1    1    1    1    1    1    1  8.48562E+10 0.04659 
   96   96    1    1    1    1    1    1    1    1  4.08998E+10 0.05335 
   97   97    1    1    1    1    1    1    1    1  1.98545E+10 0.12916 
   98   98    1    1    1    1    1    1    1    1  1.09118E+10 0.13069 
   99   99    1    1    1    1    1    1    1    1  3.13265E+09 0.23266 
  100  100    1    1    1    1    1    1    1    1  3.65739E+09 0.24749 
];


