
DETdpaspec = [
    1    1    1    1    1    1    1    1    1    1  0.00000E+00 0.00000 
    2    2    1    1    1    1    1    1    1    1  0.00000E+00 0.00000 
    3    3    1    1    1    1    1    1    1    1  0.00000E+00 0.00000 
    4    4    1    1    1    1    1    1    1    1  0.00000E+00 0.00000 
    5    5    1    1    1    1    1    1    1    1  0.00000E+00 0.00000 
    6    6    1    1    1    1    1    1    1    1  0.00000E+00 0.00000 
    7    7    1    1    1    1    1    1    1    1  0.00000E+00 0.00000 
    8    8    1    1    1    1    1    1    1    1  0.00000E+00 0.00000 
    9    9    1    1    1    1    1    1    1    1  0.00000E+00 0.00000 
   10   10    1    1    1    1    1    1    1    1  0.00000E+00 0.00000 
   11   11    1    1    1    1    1    1    1    1  2.02569E+08 0.70860 
   12   12    1    1    1    1    1    1    1    1  1.17112E+08 0.57371 
   13   13    1    1    1    1    1    1    1    1  4.80539E+08 0.43574 
   14   14    1    1    1    1    1    1    1    1  1.45984E+09 0.51423 
   15   15    1    1    1    1    1    1    1    1  1.55092E+09 0.48883 
   16   16    1    1    1    1    1    1    1    1  5.88656E+08 0.47849 
   17   17    1    1    1    1    1    1    1    1  1.01598E+09 0.40253 
   18   18    1    1    1    1    1    1    1    1  1.49348E+09 0.46242 
   19   19    1    1    1    1    1    1    1    1  2.01635E+09 0.30916 
   20   20    1    1    1    1    1    1    1    1  7.71727E+09 0.25121 
   21   21    1    1    1    1    1    1    1    1  4.53324E+09 0.17995 
   22   22    1    1    1    1    1    1    1    1  1.13255E+10 0.11348 
   23   23    1    1    1    1    1    1    1    1  1.73166E+10 0.12086 
   24   24    1    1    1    1    1    1    1    1  3.91734E+10 0.10211 
   25   25    1    1    1    1    1    1    1    1  5.86749E+10 0.05137 
   26   26    1    1    1    1    1    1    1    1  1.26542E+11 0.03825 
   27   27    1    1    1    1    1    1    1    1  3.01569E+11 0.03153 
   28   28    1    1    1    1    1    1    1    1  7.62433E+11 0.01957 
   29   29    1    1    1    1    1    1    1    1  1.37647E+12 0.01169 
   30   30    1    1    1    1    1    1    1    1  3.21636E+12 0.01178 
   31   31    1    1    1    1    1    1    1    1  8.39934E+12 0.00603 
   32   32    1    1    1    1    1    1    1    1  1.39713E+13 0.00430 
   33   33    1    1    1    1    1    1    1    1  3.10149E+13 0.00264 
   34   34    1    1    1    1    1    1    1    1  4.16455E+13 0.00323 
   35   35    1    1    1    1    1    1    1    1  4.76019E+13 0.00266 
   36   36    1    1    1    1    1    1    1    1  3.01678E+13 0.00145 
   37   37    1    1    1    1    1    1    1    1  8.96616E+12 0.00163 
   38   38    1    1    1    1    1    1    1    1  5.10400E+13 0.00143 
   39   39    1    1    1    1    1    1    1    1  6.81106E+13 0.00123 
   40   40    1    1    1    1    1    1    1    1  1.17420E+14 0.00106 
   41   41    1    1    1    1    1    1    1    1  1.15022E+14 0.00095 
   42   42    1    1    1    1    1    1    1    1  2.47735E+14 0.00105 
   43   43    1    1    1    1    1    1    1    1  2.98353E+14 0.00096 
   44   44    1    1    1    1    1    1    1    1  4.29895E+14 0.00075 
   45   45    1    1    1    1    1    1    1    1  8.58698E+14 0.00077 
   46   46    1    1    1    1    1    1    1    1  3.97016E+14 0.00087 
   47   47    1    1    1    1    1    1    1    1  6.31619E+14 0.00078 
   48   48    1    1    1    1    1    1    1    1  8.80310E+14 0.00070 
   49   49    1    1    1    1    1    1    1    1  8.63972E+14 0.00070 
   50   50    1    1    1    1    1    1    1    1  1.36502E+15 0.00073 
   51   51    1    1    1    1    1    1    1    1  1.07167E+15 0.00059 
   52   52    1    1    1    1    1    1    1    1  1.29776E+15 0.00058 
   53   53    1    1    1    1    1    1    1    1  9.00301E+14 0.00063 
   54   54    1    1    1    1    1    1    1    1  1.12229E+15 0.00053 
   55   55    1    1    1    1    1    1    1    1  7.72616E+14 0.00050 
   56   56    1    1    1    1    1    1    1    1  1.04741E+14 0.00095 
   57   57    1    1    1    1    1    1    1    1  1.53459E+15 0.00055 
   58   58    1    1    1    1    1    1    1    1  7.01160E+14 0.00055 
   59   59    1    1    1    1    1    1    1    1  7.43483E+14 0.00056 
   60   60    1    1    1    1    1    1    1    1  5.90135E+14 0.00071 
   61   61    1    1    1    1    1    1    1    1  5.90553E+14 0.00051 
   62   62    1    1    1    1    1    1    1    1  6.15157E+14 0.00055 
   63   63    1    1    1    1    1    1    1    1  5.21577E+14 0.00077 
   64   64    1    1    1    1    1    1    1    1  4.16352E+14 0.00081 
   65   65    1    1    1    1    1    1    1    1  4.15161E+14 0.00087 
   66   66    1    1    1    1    1    1    1    1  3.01711E+14 0.00090 
   67   67    1    1    1    1    1    1    1    1  2.44257E+14 0.00108 
   68   68    1    1    1    1    1    1    1    1  2.18471E+14 0.00130 
   69   69    1    1    1    1    1    1    1    1  2.61896E+14 0.00106 
   70   70    1    1    1    1    1    1    1    1  2.23001E+14 0.00115 
   71   71    1    1    1    1    1    1    1    1  4.02157E+14 0.00106 
   72   72    1    1    1    1    1    1    1    1  2.84714E+14 0.00088 
   73   73    1    1    1    1    1    1    1    1  2.15463E+14 0.00098 
   74   74    1    1    1    1    1    1    1    1  1.75424E+14 0.00127 
   75   75    1    1    1    1    1    1    1    1  1.47297E+14 0.00127 
   76   76    1    1    1    1    1    1    1    1  1.72742E+14 0.00140 
   77   77    1    1    1    1    1    1    1    1  1.37911E+14 0.00084 
   78   78    1    1    1    1    1    1    1    1  1.10449E+14 0.00143 
   79   79    1    1    1    1    1    1    1    1  1.15003E+14 0.00182 
   80   80    1    1    1    1    1    1    1    1  8.59442E+13 0.00142 
   81   81    1    1    1    1    1    1    1    1  6.58997E+13 0.00197 
   82   82    1    1    1    1    1    1    1    1  5.07875E+13 0.00190 
   83   83    1    1    1    1    1    1    1    1  4.75279E+13 0.00194 
   84   84    1    1    1    1    1    1    1    1  3.41294E+13 0.00265 
   85   85    1    1    1    1    1    1    1    1  2.45711E+13 0.00415 
   86   86    1    1    1    1    1    1    1    1  2.30081E+13 0.00366 
   87   87    1    1    1    1    1    1    1    1  1.40774E+13 0.00354 
   88   88    1    1    1    1    1    1    1    1  9.46196E+12 0.00626 
   89   89    1    1    1    1    1    1    1    1  5.38199E+12 0.00609 
   90   90    1    1    1    1    1    1    1    1  3.58946E+12 0.00894 
   91   91    1    1    1    1    1    1    1    1  1.78213E+12 0.01227 
   92   92    1    1    1    1    1    1    1    1  8.27228E+11 0.02067 
   93   93    1    1    1    1    1    1    1    1  4.14668E+11 0.03107 
   94   94    1    1    1    1    1    1    1    1  1.97637E+11 0.05601 
   95   95    1    1    1    1    1    1    1    1  9.28986E+10 0.05606 
   96   96    1    1    1    1    1    1    1    1  4.21362E+10 0.07438 
   97   97    1    1    1    1    1    1    1    1  2.12288E+10 0.12116 
   98   98    1    1    1    1    1    1    1    1  1.06126E+10 0.15208 
   99   99    1    1    1    1    1    1    1    1  4.27025E+09 0.31322 
  100  100    1    1    1    1    1    1    1    1  4.13858E+09 0.31192 
];


