
DETdpaspec = [
    1    1    1    1    1    1    1    1    1    1  0.00000E+00 0.00000 
    2    2    1    1    1    1    1    1    1    1  0.00000E+00 0.00000 
    3    3    1    1    1    1    1    1    1    1  0.00000E+00 0.00000 
    4    4    1    1    1    1    1    1    1    1  0.00000E+00 0.00000 
    5    5    1    1    1    1    1    1    1    1  0.00000E+00 0.00000 
    6    6    1    1    1    1    1    1    1    1  0.00000E+00 0.00000 
    7    7    1    1    1    1    1    1    1    1  0.00000E+00 0.00000 
    8    8    1    1    1    1    1    1    1    1  0.00000E+00 0.00000 
    9    9    1    1    1    1    1    1    1    1  0.00000E+00 0.00000 
   10   10    1    1    1    1    1    1    1    1  0.00000E+00 0.00000 
   11   11    1    1    1    1    1    1    1    1  0.00000E+00 0.00000 
   12   12    1    1    1    1    1    1    1    1  2.30052E+07 0.59979 
   13   13    1    1    1    1    1    1    1    1  2.61351E+08 0.49150 
   14   14    1    1    1    1    1    1    1    1  1.10129E+09 0.36978 
   15   15    1    1    1    1    1    1    1    1  8.30993E+08 0.37296 
   16   16    1    1    1    1    1    1    1    1  7.16968E+08 0.26726 
   17   17    1    1    1    1    1    1    1    1  1.28534E+09 0.25658 
   18   18    1    1    1    1    1    1    1    1  3.50749E+09 0.20093 
   19   19    1    1    1    1    1    1    1    1  3.46636E+09 0.17999 
   20   20    1    1    1    1    1    1    1    1  1.19126E+10 0.18718 
   21   21    1    1    1    1    1    1    1    1  8.02209E+09 0.10728 
   22   22    1    1    1    1    1    1    1    1  2.19135E+10 0.07585 
   23   23    1    1    1    1    1    1    1    1  3.22131E+10 0.06795 
   24   24    1    1    1    1    1    1    1    1  5.16120E+10 0.07141 
   25   25    1    1    1    1    1    1    1    1  5.63850E+10 0.05051 
   26   26    1    1    1    1    1    1    1    1  9.95903E+10 0.03948 
   27   27    1    1    1    1    1    1    1    1  1.67149E+11 0.04265 
   28   28    1    1    1    1    1    1    1    1  3.32527E+11 0.03428 
   29   29    1    1    1    1    1    1    1    1  4.75533E+11 0.02281 
   30   30    1    1    1    1    1    1    1    1  1.42649E+12 0.01318 
   31   31    1    1    1    1    1    1    1    1  4.28259E+12 0.00952 
   32   32    1    1    1    1    1    1    1    1  8.01327E+12 0.00627 
   33   33    1    1    1    1    1    1    1    1  1.85241E+13 0.00269 
   34   34    1    1    1    1    1    1    1    1  2.51879E+13 0.00230 
   35   35    1    1    1    1    1    1    1    1  3.52945E+13 0.00316 
   36   36    1    1    1    1    1    1    1    1  2.48104E+13 0.00182 
   37   37    1    1    1    1    1    1    1    1  7.74119E+12 0.00310 
   38   38    1    1    1    1    1    1    1    1  4.23570E+13 0.00277 
   39   39    1    1    1    1    1    1    1    1  5.68599E+13 0.00195 
   40   40    1    1    1    1    1    1    1    1  9.71076E+13 0.00188 
   41   41    1    1    1    1    1    1    1    1  9.96591E+13 0.00156 
   42   42    1    1    1    1    1    1    1    1  2.08903E+14 0.00129 
   43   43    1    1    1    1    1    1    1    1  2.53070E+14 0.00167 
   44   44    1    1    1    1    1    1    1    1  3.67284E+14 0.00119 
   45   45    1    1    1    1    1    1    1    1  7.30114E+14 0.00086 
   46   46    1    1    1    1    1    1    1    1  3.51061E+14 0.00094 
   47   47    1    1    1    1    1    1    1    1  5.69090E+14 0.00081 
   48   48    1    1    1    1    1    1    1    1  8.00592E+14 0.00067 
   49   49    1    1    1    1    1    1    1    1  8.00046E+14 0.00077 
   50   50    1    1    1    1    1    1    1    1  1.24919E+15 0.00065 
   51   51    1    1    1    1    1    1    1    1  1.01752E+15 0.00067 
   52   52    1    1    1    1    1    1    1    1  1.20213E+15 0.00074 
   53   53    1    1    1    1    1    1    1    1  8.48666E+14 0.00067 
   54   54    1    1    1    1    1    1    1    1  1.03117E+15 0.00055 
   55   55    1    1    1    1    1    1    1    1  7.18157E+14 0.00048 
   56   56    1    1    1    1    1    1    1    1  9.85126E+13 0.00105 
   57   57    1    1    1    1    1    1    1    1  1.43740E+15 0.00054 
   58   58    1    1    1    1    1    1    1    1  6.34656E+14 0.00055 
   59   59    1    1    1    1    1    1    1    1  6.82963E+14 0.00065 
   60   60    1    1    1    1    1    1    1    1  5.28586E+14 0.00065 
   61   61    1    1    1    1    1    1    1    1  5.32905E+14 0.00090 
   62   62    1    1    1    1    1    1    1    1  5.54644E+14 0.00073 
   63   63    1    1    1    1    1    1    1    1  4.67766E+14 0.00062 
   64   64    1    1    1    1    1    1    1    1  3.74023E+14 0.00087 
   65   65    1    1    1    1    1    1    1    1  3.72706E+14 0.00117 
   66   66    1    1    1    1    1    1    1    1  2.71046E+14 0.00117 
   67   67    1    1    1    1    1    1    1    1  2.22376E+14 0.00109 
   68   68    1    1    1    1    1    1    1    1  2.00035E+14 0.00089 
   69   69    1    1    1    1    1    1    1    1  2.40400E+14 0.00116 
   70   70    1    1    1    1    1    1    1    1  2.05499E+14 0.00146 
   71   71    1    1    1    1    1    1    1    1  3.81008E+14 0.00100 
   72   72    1    1    1    1    1    1    1    1  2.72408E+14 0.00098 
   73   73    1    1    1    1    1    1    1    1  2.04889E+14 0.00099 
   74   74    1    1    1    1    1    1    1    1  1.63483E+14 0.00130 
   75   75    1    1    1    1    1    1    1    1  1.34282E+14 0.00140 
   76   76    1    1    1    1    1    1    1    1  1.54552E+14 0.00150 
   77   77    1    1    1    1    1    1    1    1  1.20666E+14 0.00160 
   78   78    1    1    1    1    1    1    1    1  9.53461E+13 0.00220 
   79   79    1    1    1    1    1    1    1    1  9.80881E+13 0.00187 
   80   80    1    1    1    1    1    1    1    1  7.22974E+13 0.00192 
   81   81    1    1    1    1    1    1    1    1  5.54968E+13 0.00256 
   82   82    1    1    1    1    1    1    1    1  4.23922E+13 0.00287 
   83   83    1    1    1    1    1    1    1    1  3.98264E+13 0.00239 
   84   84    1    1    1    1    1    1    1    1  2.85746E+13 0.00261 
   85   85    1    1    1    1    1    1    1    1  2.06070E+13 0.00354 
   86   86    1    1    1    1    1    1    1    1  1.92510E+13 0.00338 
   87   87    1    1    1    1    1    1    1    1  1.18498E+13 0.00451 
   88   88    1    1    1    1    1    1    1    1  8.06912E+12 0.00562 
   89   89    1    1    1    1    1    1    1    1  4.55493E+12 0.00895 
   90   90    1    1    1    1    1    1    1    1  3.06236E+12 0.01003 
   91   91    1    1    1    1    1    1    1    1  1.58065E+12 0.01181 
   92   92    1    1    1    1    1    1    1    1  7.44800E+11 0.01986 
   93   93    1    1    1    1    1    1    1    1  3.90243E+11 0.02821 
   94   94    1    1    1    1    1    1    1    1  1.77360E+11 0.03991 
   95   95    1    1    1    1    1    1    1    1  8.26304E+10 0.05572 
   96   96    1    1    1    1    1    1    1    1  3.54256E+10 0.09542 
   97   97    1    1    1    1    1    1    1    1  1.64037E+10 0.08917 
   98   98    1    1    1    1    1    1    1    1  8.32332E+09 0.16508 
   99   99    1    1    1    1    1    1    1    1  5.44442E+09 0.18424 
  100  100    1    1    1    1    1    1    1    1  4.27991E+09 0.30316 
];


