
DETdpaspec = [
    1    1    1    1    1    1    1    1    1    1  0.00000E+00 0.00000 
    2    2    1    1    1    1    1    1    1    1  0.00000E+00 0.00000 
    3    3    1    1    1    1    1    1    1    1  0.00000E+00 0.00000 
    4    4    1    1    1    1    1    1    1    1  0.00000E+00 0.00000 
    5    5    1    1    1    1    1    1    1    1  0.00000E+00 0.00000 
    6    6    1    1    1    1    1    1    1    1  0.00000E+00 0.00000 
    7    7    1    1    1    1    1    1    1    1  0.00000E+00 0.00000 
    8    8    1    1    1    1    1    1    1    1  0.00000E+00 0.00000 
    9    9    1    1    1    1    1    1    1    1  4.50205E+06 1.00000 
   10   10    1    1    1    1    1    1    1    1  0.00000E+00 0.00000 
   11   11    1    1    1    1    1    1    1    1  9.22989E+07 0.72572 
   12   12    1    1    1    1    1    1    1    1  4.46866E+07 0.58406 
   13   13    1    1    1    1    1    1    1    1  1.86914E+08 0.42815 
   14   14    1    1    1    1    1    1    1    1  8.36013E+08 0.34316 
   15   15    1    1    1    1    1    1    1    1  1.99018E+09 0.26931 
   16   16    1    1    1    1    1    1    1    1  6.28289E+08 0.49360 
   17   17    1    1    1    1    1    1    1    1  9.14030E+08 0.30261 
   18   18    1    1    1    1    1    1    1    1  4.14579E+09 0.16124 
   19   19    1    1    1    1    1    1    1    1  2.23911E+09 0.23241 
   20   20    1    1    1    1    1    1    1    1  1.12804E+10 0.13151 
   21   21    1    1    1    1    1    1    1    1  8.96302E+09 0.10256 
   22   22    1    1    1    1    1    1    1    1  2.00914E+10 0.08010 
   23   23    1    1    1    1    1    1    1    1  2.83490E+10 0.07189 
   24   24    1    1    1    1    1    1    1    1  5.19772E+10 0.05625 
   25   25    1    1    1    1    1    1    1    1  6.10434E+10 0.05622 
   26   26    1    1    1    1    1    1    1    1  8.76357E+10 0.04843 
   27   27    1    1    1    1    1    1    1    1  1.59019E+11 0.03906 
   28   28    1    1    1    1    1    1    1    1  3.15190E+11 0.02977 
   29   29    1    1    1    1    1    1    1    1  4.64095E+11 0.01753 
   30   30    1    1    1    1    1    1    1    1  1.38846E+12 0.01408 
   31   31    1    1    1    1    1    1    1    1  4.29925E+12 0.01146 
   32   32    1    1    1    1    1    1    1    1  7.91859E+12 0.00635 
   33   33    1    1    1    1    1    1    1    1  1.85645E+13 0.00349 
   34   34    1    1    1    1    1    1    1    1  2.56529E+13 0.00294 
   35   35    1    1    1    1    1    1    1    1  3.50842E+13 0.00231 
   36   36    1    1    1    1    1    1    1    1  2.44350E+13 0.00245 
   37   37    1    1    1    1    1    1    1    1  7.58576E+12 0.00334 
   38   38    1    1    1    1    1    1    1    1  4.18326E+13 0.00221 
   39   39    1    1    1    1    1    1    1    1  5.62441E+13 0.00217 
   40   40    1    1    1    1    1    1    1    1  9.62397E+13 0.00152 
   41   41    1    1    1    1    1    1    1    1  9.83724E+13 0.00113 
   42   42    1    1    1    1    1    1    1    1  2.08060E+14 0.00142 
   43   43    1    1    1    1    1    1    1    1  2.53017E+14 0.00128 
   44   44    1    1    1    1    1    1    1    1  3.68324E+14 0.00087 
   45   45    1    1    1    1    1    1    1    1  7.36106E+14 0.00095 
   46   46    1    1    1    1    1    1    1    1  3.52855E+14 0.00107 
   47   47    1    1    1    1    1    1    1    1  5.71597E+14 0.00099 
   48   48    1    1    1    1    1    1    1    1  8.04550E+14 0.00074 
   49   49    1    1    1    1    1    1    1    1  8.03953E+14 0.00058 
   50   50    1    1    1    1    1    1    1    1  1.26140E+15 0.00070 
   51   51    1    1    1    1    1    1    1    1  1.02499E+15 0.00036 
   52   52    1    1    1    1    1    1    1    1  1.21727E+15 0.00056 
   53   53    1    1    1    1    1    1    1    1  8.58102E+14 0.00061 
   54   54    1    1    1    1    1    1    1    1  1.04831E+15 0.00079 
   55   55    1    1    1    1    1    1    1    1  7.29146E+14 0.00073 
   56   56    1    1    1    1    1    1    1    1  9.98198E+13 0.00124 
   57   57    1    1    1    1    1    1    1    1  1.45894E+15 0.00056 
   58   58    1    1    1    1    1    1    1    1  6.48859E+14 0.00081 
   59   59    1    1    1    1    1    1    1    1  6.96564E+14 0.00061 
   60   60    1    1    1    1    1    1    1    1  5.42219E+14 0.00076 
   61   61    1    1    1    1    1    1    1    1  5.46657E+14 0.00085 
   62   62    1    1    1    1    1    1    1    1  5.69429E+14 0.00072 
   63   63    1    1    1    1    1    1    1    1  4.80427E+14 0.00069 
   64   64    1    1    1    1    1    1    1    1  3.84391E+14 0.00107 
   65   65    1    1    1    1    1    1    1    1  3.83756E+14 0.00125 
   66   66    1    1    1    1    1    1    1    1  2.78811E+14 0.00066 
   67   67    1    1    1    1    1    1    1    1  2.28253E+14 0.00101 
   68   68    1    1    1    1    1    1    1    1  2.04829E+14 0.00156 
   69   69    1    1    1    1    1    1    1    1  2.46878E+14 0.00102 
   70   70    1    1    1    1    1    1    1    1  2.10994E+14 0.00163 
   71   71    1    1    1    1    1    1    1    1  3.89592E+14 0.00108 
   72   72    1    1    1    1    1    1    1    1  2.78330E+14 0.00124 
   73   73    1    1    1    1    1    1    1    1  2.10267E+14 0.00133 
   74   74    1    1    1    1    1    1    1    1  1.68140E+14 0.00134 
   75   75    1    1    1    1    1    1    1    1  1.38827E+14 0.00170 
   76   76    1    1    1    1    1    1    1    1  1.59703E+14 0.00148 
   77   77    1    1    1    1    1    1    1    1  1.25849E+14 0.00180 
   78   78    1    1    1    1    1    1    1    1  9.94764E+13 0.00100 
   79   79    1    1    1    1    1    1    1    1  1.02736E+14 0.00184 
   80   80    1    1    1    1    1    1    1    1  7.58546E+13 0.00165 
   81   81    1    1    1    1    1    1    1    1  5.84221E+13 0.00169 
   82   82    1    1    1    1    1    1    1    1  4.47746E+13 0.00202 
   83   83    1    1    1    1    1    1    1    1  4.15888E+13 0.00228 
   84   84    1    1    1    1    1    1    1    1  2.98464E+13 0.00348 
   85   85    1    1    1    1    1    1    1    1  2.16514E+13 0.00397 
   86   86    1    1    1    1    1    1    1    1  2.00862E+13 0.00386 
   87   87    1    1    1    1    1    1    1    1  1.25212E+13 0.00473 
   88   88    1    1    1    1    1    1    1    1  8.36659E+12 0.00622 
   89   89    1    1    1    1    1    1    1    1  4.89617E+12 0.00709 
   90   90    1    1    1    1    1    1    1    1  3.26703E+12 0.01168 
   91   91    1    1    1    1    1    1    1    1  1.60955E+12 0.01609 
   92   92    1    1    1    1    1    1    1    1  7.74474E+11 0.01893 
   93   93    1    1    1    1    1    1    1    1  3.45299E+11 0.02730 
   94   94    1    1    1    1    1    1    1    1  1.78524E+11 0.03057 
   95   95    1    1    1    1    1    1    1    1  9.27758E+10 0.05602 
   96   96    1    1    1    1    1    1    1    1  4.87983E+10 0.08904 
   97   97    1    1    1    1    1    1    1    1  2.28431E+10 0.11030 
   98   98    1    1    1    1    1    1    1    1  9.04814E+09 0.18044 
   99   99    1    1    1    1    1    1    1    1  3.11568E+09 0.25184 
  100  100    1    1    1    1    1    1    1    1  2.84946E+09 0.31650 
];


