
DETdpaspec = [
    1    1    1    1    1    1    1    1    1    1  0.00000E+00 0.00000 
    2    2    1    1    1    1    1    1    1    1  0.00000E+00 0.00000 
    3    3    1    1    1    1    1    1    1    1  0.00000E+00 0.00000 
    4    4    1    1    1    1    1    1    1    1  0.00000E+00 0.00000 
    5    5    1    1    1    1    1    1    1    1  0.00000E+00 0.00000 
    6    6    1    1    1    1    1    1    1    1  0.00000E+00 0.00000 
    7    7    1    1    1    1    1    1    1    1  0.00000E+00 0.00000 
    8    8    1    1    1    1    1    1    1    1  8.52458E+06 1.00000 
    9    9    1    1    1    1    1    1    1    1  5.54293E+06 1.00000 
   10   10    1    1    1    1    1    1    1    1  2.43026E+07 1.00000 
   11   11    1    1    1    1    1    1    1    1  0.00000E+00 0.00000 
   12   12    1    1    1    1    1    1    1    1  4.73703E+06 1.00000 
   13   13    1    1    1    1    1    1    1    1  5.51236E+08 0.47816 
   14   14    1    1    1    1    1    1    1    1  1.03935E+09 0.47826 
   15   15    1    1    1    1    1    1    1    1  1.45820E+09 0.50189 
   16   16    1    1    1    1    1    1    1    1  2.87416E+08 0.58012 
   17   17    1    1    1    1    1    1    1    1  2.43010E+08 0.64687 
   18   18    1    1    1    1    1    1    1    1  2.08074E+09 0.39402 
   19   19    1    1    1    1    1    1    1    1  2.67881E+09 0.26121 
   20   20    1    1    1    1    1    1    1    1  5.98818E+09 0.20728 
   21   21    1    1    1    1    1    1    1    1  5.89645E+09 0.13699 
   22   22    1    1    1    1    1    1    1    1  1.53016E+10 0.12271 
   23   23    1    1    1    1    1    1    1    1  1.98401E+10 0.09860 
   24   24    1    1    1    1    1    1    1    1  3.91385E+10 0.08321 
   25   25    1    1    1    1    1    1    1    1  4.76338E+10 0.08066 
   26   26    1    1    1    1    1    1    1    1  8.66057E+10 0.05576 
   27   27    1    1    1    1    1    1    1    1  1.76633E+11 0.03891 
   28   28    1    1    1    1    1    1    1    1  4.34454E+11 0.01957 
   29   29    1    1    1    1    1    1    1    1  7.58984E+11 0.01575 
   30   30    1    1    1    1    1    1    1    1  1.96128E+12 0.00969 
   31   31    1    1    1    1    1    1    1    1  5.67145E+12 0.00629 
   32   32    1    1    1    1    1    1    1    1  1.02416E+13 0.00490 
   33   33    1    1    1    1    1    1    1    1  2.39854E+13 0.00347 
   34   34    1    1    1    1    1    1    1    1  3.31619E+13 0.00272 
   35   35    1    1    1    1    1    1    1    1  4.07006E+13 0.00270 
   36   36    1    1    1    1    1    1    1    1  2.66985E+13 0.00270 
   37   37    1    1    1    1    1    1    1    1  8.03858E+12 0.00273 
   38   38    1    1    1    1    1    1    1    1  4.54371E+13 0.00213 
   39   39    1    1    1    1    1    1    1    1  6.11834E+13 0.00186 
   40   40    1    1    1    1    1    1    1    1  1.05606E+14 0.00141 
   41   41    1    1    1    1    1    1    1    1  1.04693E+14 0.00135 
   42   42    1    1    1    1    1    1    1    1  2.25331E+14 0.00092 
   43   43    1    1    1    1    1    1    1    1  2.73909E+14 0.00104 
   44   44    1    1    1    1    1    1    1    1  3.97620E+14 0.00081 
   45   45    1    1    1    1    1    1    1    1  8.00769E+14 0.00087 
   46   46    1    1    1    1    1    1    1    1  3.75928E+14 0.00083 
   47   47    1    1    1    1    1    1    1    1  6.02080E+14 0.00069 
   48   48    1    1    1    1    1    1    1    1  8.45921E+14 0.00070 
   49   49    1    1    1    1    1    1    1    1  8.36958E+14 0.00062 
   50   50    1    1    1    1    1    1    1    1  1.32536E+15 0.00058 
   51   51    1    1    1    1    1    1    1    1  1.05257E+15 0.00063 
   52   52    1    1    1    1    1    1    1    1  1.27418E+15 0.00067 
   53   53    1    1    1    1    1    1    1    1  8.90314E+14 0.00055 
   54   54    1    1    1    1    1    1    1    1  1.10640E+15 0.00044 
   55   55    1    1    1    1    1    1    1    1  7.65664E+14 0.00052 
   56   56    1    1    1    1    1    1    1    1  1.04061E+14 0.00100 
   57   57    1    1    1    1    1    1    1    1  1.52586E+15 0.00052 
   58   58    1    1    1    1    1    1    1    1  6.93081E+14 0.00063 
   59   59    1    1    1    1    1    1    1    1  7.38804E+14 0.00042 
   60   60    1    1    1    1    1    1    1    1  5.83837E+14 0.00077 
   61   61    1    1    1    1    1    1    1    1  5.85918E+14 0.00078 
   62   62    1    1    1    1    1    1    1    1  6.12317E+14 0.00075 
   63   63    1    1    1    1    1    1    1    1  5.18802E+14 0.00069 
   64   64    1    1    1    1    1    1    1    1  4.14796E+14 0.00086 
   65   65    1    1    1    1    1    1    1    1  4.13412E+14 0.00108 
   66   66    1    1    1    1    1    1    1    1  3.01092E+14 0.00091 
   67   67    1    1    1    1    1    1    1    1  2.45263E+14 0.00093 
   68   68    1    1    1    1    1    1    1    1  2.19602E+14 0.00091 
   69   69    1    1    1    1    1    1    1    1  2.63953E+14 0.00128 
   70   70    1    1    1    1    1    1    1    1  2.24975E+14 0.00112 
   71   71    1    1    1    1    1    1    1    1  4.08293E+14 0.00100 
   72   72    1    1    1    1    1    1    1    1  2.89533E+14 0.00148 
   73   73    1    1    1    1    1    1    1    1  2.19927E+14 0.00111 
   74   74    1    1    1    1    1    1    1    1  1.77955E+14 0.00094 
   75   75    1    1    1    1    1    1    1    1  1.49205E+14 0.00109 
   76   76    1    1    1    1    1    1    1    1  1.74250E+14 0.00119 
   77   77    1    1    1    1    1    1    1    1  1.38668E+14 0.00119 
   78   78    1    1    1    1    1    1    1    1  1.11314E+14 0.00149 
   79   79    1    1    1    1    1    1    1    1  1.15165E+14 0.00147 
   80   80    1    1    1    1    1    1    1    1  8.57412E+13 0.00193 
   81   81    1    1    1    1    1    1    1    1  6.60654E+13 0.00172 
   82   82    1    1    1    1    1    1    1    1  5.08832E+13 0.00116 
   83   83    1    1    1    1    1    1    1    1  4.75189E+13 0.00251 
   84   84    1    1    1    1    1    1    1    1  3.40969E+13 0.00239 
   85   85    1    1    1    1    1    1    1    1  2.46812E+13 0.00298 
   86   86    1    1    1    1    1    1    1    1  2.28683E+13 0.00367 
   87   87    1    1    1    1    1    1    1    1  1.41572E+13 0.00335 
   88   88    1    1    1    1    1    1    1    1  9.51179E+12 0.00529 
   89   89    1    1    1    1    1    1    1    1  5.41184E+12 0.00589 
   90   90    1    1    1    1    1    1    1    1  3.59557E+12 0.00895 
   91   91    1    1    1    1    1    1    1    1  1.79049E+12 0.01269 
   92   92    1    1    1    1    1    1    1    1  8.63276E+11 0.01694 
   93   93    1    1    1    1    1    1    1    1  4.05946E+11 0.02507 
   94   94    1    1    1    1    1    1    1    1  2.06104E+11 0.03644 
   95   95    1    1    1    1    1    1    1    1  9.45272E+10 0.05192 
   96   96    1    1    1    1    1    1    1    1  4.71041E+10 0.08002 
   97   97    1    1    1    1    1    1    1    1  1.96999E+10 0.10436 
   98   98    1    1    1    1    1    1    1    1  1.07433E+10 0.12117 
   99   99    1    1    1    1    1    1    1    1  7.27825E+09 0.24340 
  100  100    1    1    1    1    1    1    1    1  3.92082E+09 0.24323 
];


