
DETdpaspec = [
    1    1    1    1    1    1    1    1    1    1  0.00000E+00 0.00000 
    2    2    1    1    1    1    1    1    1    1  0.00000E+00 0.00000 
    3    3    1    1    1    1    1    1    1    1  0.00000E+00 0.00000 
    4    4    1    1    1    1    1    1    1    1  0.00000E+00 0.00000 
    5    5    1    1    1    1    1    1    1    1  0.00000E+00 0.00000 
    6    6    1    1    1    1    1    1    1    1  0.00000E+00 0.00000 
    7    7    1    1    1    1    1    1    1    1  3.44889E+07 1.00000 
    8    8    1    1    1    1    1    1    1    1  0.00000E+00 0.00000 
    9    9    1    1    1    1    1    1    1    1  0.00000E+00 0.00000 
   10   10    1    1    1    1    1    1    1    1  1.10180E+08 1.00000 
   11   11    1    1    1    1    1    1    1    1  0.00000E+00 0.00000 
   12   12    1    1    1    1    1    1    1    1  1.13303E+07 1.00000 
   13   13    1    1    1    1    1    1    1    1  2.09425E+08 0.77325 
   14   14    1    1    1    1    1    1    1    1  1.59555E+09 0.48776 
   15   15    1    1    1    1    1    1    1    1  5.54352E+08 0.90095 
   16   16    1    1    1    1    1    1    1    1  2.12525E+08 1.00000 
   17   17    1    1    1    1    1    1    1    1  3.09611E+08 0.62232 
   18   18    1    1    1    1    1    1    1    1  1.28896E+09 0.41469 
   19   19    1    1    1    1    1    1    1    1  1.99506E+09 0.33004 
   20   20    1    1    1    1    1    1    1    1  4.97388E+09 0.28544 
   21   21    1    1    1    1    1    1    1    1  6.23239E+09 0.14531 
   22   22    1    1    1    1    1    1    1    1  1.07523E+10 0.16139 
   23   23    1    1    1    1    1    1    1    1  2.85271E+10 0.10825 
   24   24    1    1    1    1    1    1    1    1  7.07522E+10 0.05316 
   25   25    1    1    1    1    1    1    1    1  1.25295E+11 0.02660 
   26   26    1    1    1    1    1    1    1    1  2.69580E+11 0.02356 
   27   27    1    1    1    1    1    1    1    1  6.30548E+11 0.01493 
   28   28    1    1    1    1    1    1    1    1  1.41954E+12 0.01451 
   29   29    1    1    1    1    1    1    1    1  2.42956E+12 0.01228 
   30   30    1    1    1    1    1    1    1    1  5.13950E+12 0.00790 
   31   31    1    1    1    1    1    1    1    1  1.21771E+13 0.00471 
   32   32    1    1    1    1    1    1    1    1  1.90894E+13 0.00281 
   33   33    1    1    1    1    1    1    1    1  4.03466E+13 0.00234 
   34   34    1    1    1    1    1    1    1    1  5.19415E+13 0.00252 
   35   35    1    1    1    1    1    1    1    1  5.62046E+13 0.00218 
   36   36    1    1    1    1    1    1    1    1  3.46080E+13 0.00164 
   37   37    1    1    1    1    1    1    1    1  1.01806E+13 0.00188 
   38   38    1    1    1    1    1    1    1    1  5.80317E+13 0.00164 
   39   39    1    1    1    1    1    1    1    1  7.70681E+13 0.00164 
   40   40    1    1    1    1    1    1    1    1  1.31369E+14 0.00158 
   41   41    1    1    1    1    1    1    1    1  1.26825E+14 0.00116 
   42   42    1    1    1    1    1    1    1    1  2.71942E+14 0.00096 
   43   43    1    1    1    1    1    1    1    1  3.25919E+14 0.00079 
   44   44    1    1    1    1    1    1    1    1  4.64733E+14 0.00107 
   45   45    1    1    1    1    1    1    1    1  9.17641E+14 0.00075 
   46   46    1    1    1    1    1    1    1    1  4.18161E+14 0.00089 
   47   47    1    1    1    1    1    1    1    1  6.61018E+14 0.00086 
   48   48    1    1    1    1    1    1    1    1  9.13190E+14 0.00068 
   49   49    1    1    1    1    1    1    1    1  8.89354E+14 0.00057 
   50   50    1    1    1    1    1    1    1    1  1.39832E+15 0.00064 
   51   51    1    1    1    1    1    1    1    1  1.08583E+15 0.00058 
   52   52    1    1    1    1    1    1    1    1  1.31163E+15 0.00055 
   53   53    1    1    1    1    1    1    1    1  9.03988E+14 0.00073 
   54   54    1    1    1    1    1    1    1    1  1.12517E+15 0.00050 
   55   55    1    1    1    1    1    1    1    1  7.72274E+14 0.00057 
   56   56    1    1    1    1    1    1    1    1  1.04573E+14 0.00132 
   57   57    1    1    1    1    1    1    1    1  1.52546E+15 0.00060 
   58   58    1    1    1    1    1    1    1    1  6.96924E+14 0.00061 
   59   59    1    1    1    1    1    1    1    1  7.37464E+14 0.00079 
   60   60    1    1    1    1    1    1    1    1  5.85636E+14 0.00086 
   61   61    1    1    1    1    1    1    1    1  5.84700E+14 0.00065 
   62   62    1    1    1    1    1    1    1    1  6.08585E+14 0.00069 
   63   63    1    1    1    1    1    1    1    1  5.14413E+14 0.00073 
   64   64    1    1    1    1    1    1    1    1  4.09870E+14 0.00083 
   65   65    1    1    1    1    1    1    1    1  4.07206E+14 0.00087 
   66   66    1    1    1    1    1    1    1    1  2.94922E+14 0.00093 
   67   67    1    1    1    1    1    1    1    1  2.39060E+14 0.00130 
   68   68    1    1    1    1    1    1    1    1  2.13001E+14 0.00127 
   69   69    1    1    1    1    1    1    1    1  2.54876E+14 0.00121 
   70   70    1    1    1    1    1    1    1    1  2.16695E+14 0.00126 
   71   71    1    1    1    1    1    1    1    1  3.88767E+14 0.00106 
   72   72    1    1    1    1    1    1    1    1  2.74485E+14 0.00098 
   73   73    1    1    1    1    1    1    1    1  2.07874E+14 0.00111 
   74   74    1    1    1    1    1    1    1    1  1.69115E+14 0.00141 
   75   75    1    1    1    1    1    1    1    1  1.41718E+14 0.00184 
   76   76    1    1    1    1    1    1    1    1  1.66765E+14 0.00150 
   77   77    1    1    1    1    1    1    1    1  1.33530E+14 0.00146 
   78   78    1    1    1    1    1    1    1    1  1.07340E+14 0.00148 
   79   79    1    1    1    1    1    1    1    1  1.11502E+14 0.00133 
   80   80    1    1    1    1    1    1    1    1  8.27794E+13 0.00145 
   81   81    1    1    1    1    1    1    1    1  6.41222E+13 0.00152 
   82   82    1    1    1    1    1    1    1    1  4.91875E+13 0.00203 
   83   83    1    1    1    1    1    1    1    1  4.57346E+13 0.00254 
   84   84    1    1    1    1    1    1    1    1  3.28834E+13 0.00271 
   85   85    1    1    1    1    1    1    1    1  2.37156E+13 0.00291 
   86   86    1    1    1    1    1    1    1    1  2.20888E+13 0.00272 
   87   87    1    1    1    1    1    1    1    1  1.36294E+13 0.00449 
   88   88    1    1    1    1    1    1    1    1  9.00739E+12 0.00517 
   89   89    1    1    1    1    1    1    1    1  5.14228E+12 0.00605 
   90   90    1    1    1    1    1    1    1    1  3.41663E+12 0.00613 
   91   91    1    1    1    1    1    1    1    1  1.74665E+12 0.01294 
   92   92    1    1    1    1    1    1    1    1  7.89853E+11 0.01672 
   93   93    1    1    1    1    1    1    1    1  3.92240E+11 0.02683 
   94   94    1    1    1    1    1    1    1    1  1.87958E+11 0.02905 
   95   95    1    1    1    1    1    1    1    1  8.79060E+10 0.05645 
   96   96    1    1    1    1    1    1    1    1  3.68652E+10 0.07408 
   97   97    1    1    1    1    1    1    1    1  2.10601E+10 0.13419 
   98   98    1    1    1    1    1    1    1    1  8.53314E+09 0.18905 
   99   99    1    1    1    1    1    1    1    1  4.44816E+09 0.31433 
  100  100    1    1    1    1    1    1    1    1  2.09206E+09 0.28434 
];


