
DETdpaspec = [
    1    1    1    1    1    1    1    1    1    1  0.00000E+00 0.00000 
    2    2    1    1    1    1    1    1    1    1  0.00000E+00 0.00000 
    3    3    1    1    1    1    1    1    1    1  0.00000E+00 0.00000 
    4    4    1    1    1    1    1    1    1    1  0.00000E+00 0.00000 
    5    5    1    1    1    1    1    1    1    1  9.11682E+06 1.00000 
    6    6    1    1    1    1    1    1    1    1  0.00000E+00 0.00000 
    7    7    1    1    1    1    1    1    1    1  0.00000E+00 0.00000 
    8    8    1    1    1    1    1    1    1    1  0.00000E+00 0.00000 
    9    9    1    1    1    1    1    1    1    1  0.00000E+00 0.00000 
   10   10    1    1    1    1    1    1    1    1  0.00000E+00 0.00000 
   11   11    1    1    1    1    1    1    1    1  0.00000E+00 0.00000 
   12   12    1    1    1    1    1    1    1    1  1.81436E+06 1.00000 
   13   13    1    1    1    1    1    1    1    1  6.17474E+08 0.77245 
   14   14    1    1    1    1    1    1    1    1  2.42341E+09 0.53122 
   15   15    1    1    1    1    1    1    1    1  7.86122E+08 0.57170 
   16   16    1    1    1    1    1    1    1    1  3.93227E+08 0.59431 
   17   17    1    1    1    1    1    1    1    1  1.53130E+08 0.54243 
   18   18    1    1    1    1    1    1    1    1  1.28600E+09 0.32134 
   19   19    1    1    1    1    1    1    1    1  2.26293E+09 0.21893 
   20   20    1    1    1    1    1    1    1    1  6.96086E+09 0.26639 
   21   21    1    1    1    1    1    1    1    1  4.79119E+09 0.18838 
   22   22    1    1    1    1    1    1    1    1  1.25295E+10 0.12416 
   23   23    1    1    1    1    1    1    1    1  2.12417E+10 0.10085 
   24   24    1    1    1    1    1    1    1    1  3.61314E+10 0.08496 
   25   25    1    1    1    1    1    1    1    1  5.39960E+10 0.06353 
   26   26    1    1    1    1    1    1    1    1  1.09410E+11 0.05366 
   27   27    1    1    1    1    1    1    1    1  2.11044E+11 0.03077 
   28   28    1    1    1    1    1    1    1    1  5.15226E+11 0.02425 
   29   29    1    1    1    1    1    1    1    1  9.67195E+11 0.01975 
   30   30    1    1    1    1    1    1    1    1  2.39343E+12 0.01147 
   31   31    1    1    1    1    1    1    1    1  6.68038E+12 0.00767 
   32   32    1    1    1    1    1    1    1    1  1.15965E+13 0.00579 
   33   33    1    1    1    1    1    1    1    1  2.67034E+13 0.00384 
   34   34    1    1    1    1    1    1    1    1  3.66094E+13 0.00280 
   35   35    1    1    1    1    1    1    1    1  4.32914E+13 0.00156 
   36   36    1    1    1    1    1    1    1    1  2.80796E+13 0.00169 
   37   37    1    1    1    1    1    1    1    1  8.42881E+12 0.00229 
   38   38    1    1    1    1    1    1    1    1  4.77115E+13 0.00174 
   39   39    1    1    1    1    1    1    1    1  6.41056E+13 0.00201 
   40   40    1    1    1    1    1    1    1    1  1.10864E+14 0.00130 
   41   41    1    1    1    1    1    1    1    1  1.09011E+14 0.00172 
   42   42    1    1    1    1    1    1    1    1  2.34445E+14 0.00116 
   43   43    1    1    1    1    1    1    1    1  2.84279E+14 0.00113 
   44   44    1    1    1    1    1    1    1    1  4.11622E+14 0.00113 
   45   45    1    1    1    1    1    1    1    1  8.26626E+14 0.00078 
   46   46    1    1    1    1    1    1    1    1  3.85481E+14 0.00087 
   47   47    1    1    1    1    1    1    1    1  6.15116E+14 0.00093 
   48   48    1    1    1    1    1    1    1    1  8.60776E+14 0.00076 
   49   49    1    1    1    1    1    1    1    1  8.48588E+14 0.00081 
   50   50    1    1    1    1    1    1    1    1  1.34468E+15 0.00054 
   51   51    1    1    1    1    1    1    1    1  1.06271E+15 0.00066 
   52   52    1    1    1    1    1    1    1    1  1.28548E+15 0.00054 
   53   53    1    1    1    1    1    1    1    1  8.96022E+14 0.00048 
   54   54    1    1    1    1    1    1    1    1  1.11517E+15 0.00069 
   55   55    1    1    1    1    1    1    1    1  7.69703E+14 0.00063 
   56   56    1    1    1    1    1    1    1    1  1.04351E+14 0.00122 
   57   57    1    1    1    1    1    1    1    1  1.53232E+15 0.00052 
   58   58    1    1    1    1    1    1    1    1  6.98299E+14 0.00053 
   59   59    1    1    1    1    1    1    1    1  7.43317E+14 0.00067 
   60   60    1    1    1    1    1    1    1    1  5.88859E+14 0.00075 
   61   61    1    1    1    1    1    1    1    1  5.89697E+14 0.00070 
   62   62    1    1    1    1    1    1    1    1  6.15381E+14 0.00081 
   63   63    1    1    1    1    1    1    1    1  5.21900E+14 0.00107 
   64   64    1    1    1    1    1    1    1    1  4.16743E+14 0.00080 
   65   65    1    1    1    1    1    1    1    1  4.15870E+14 0.00089 
   66   66    1    1    1    1    1    1    1    1  3.02108E+14 0.00105 
   67   67    1    1    1    1    1    1    1    1  2.45623E+14 0.00092 
   68   68    1    1    1    1    1    1    1    1  2.19867E+14 0.00105 
   69   69    1    1    1    1    1    1    1    1  2.64339E+14 0.00081 
   70   70    1    1    1    1    1    1    1    1  2.24689E+14 0.00101 
   71   71    1    1    1    1    1    1    1    1  4.06768E+14 0.00082 
   72   72    1    1    1    1    1    1    1    1  2.88671E+14 0.00087 
   73   73    1    1    1    1    1    1    1    1  2.18526E+14 0.00120 
   74   74    1    1    1    1    1    1    1    1  1.77487E+14 0.00171 
   75   75    1    1    1    1    1    1    1    1  1.48666E+14 0.00140 
   76   76    1    1    1    1    1    1    1    1  1.74453E+14 0.00127 
   77   77    1    1    1    1    1    1    1    1  1.38966E+14 0.00122 
   78   78    1    1    1    1    1    1    1    1  1.11604E+14 0.00174 
   79   79    1    1    1    1    1    1    1    1  1.15936E+14 0.00117 
   80   80    1    1    1    1    1    1    1    1  8.62569E+13 0.00163 
   81   81    1    1    1    1    1    1    1    1  6.66999E+13 0.00181 
   82   82    1    1    1    1    1    1    1    1  5.10214E+13 0.00204 
   83   83    1    1    1    1    1    1    1    1  4.78463E+13 0.00246 
   84   84    1    1    1    1    1    1    1    1  3.43728E+13 0.00204 
   85   85    1    1    1    1    1    1    1    1  2.48035E+13 0.00283 
   86   86    1    1    1    1    1    1    1    1  2.30713E+13 0.00375 
   87   87    1    1    1    1    1    1    1    1  1.41314E+13 0.00361 
   88   88    1    1    1    1    1    1    1    1  9.54822E+12 0.00391 
   89   89    1    1    1    1    1    1    1    1  5.41556E+12 0.00640 
   90   90    1    1    1    1    1    1    1    1  3.59159E+12 0.00884 
   91   91    1    1    1    1    1    1    1    1  1.81141E+12 0.01368 
   92   92    1    1    1    1    1    1    1    1  8.71890E+11 0.01384 
   93   93    1    1    1    1    1    1    1    1  4.03103E+11 0.02740 
   94   94    1    1    1    1    1    1    1    1  2.00671E+11 0.03932 
   95   95    1    1    1    1    1    1    1    1  9.81167E+10 0.06612 
   96   96    1    1    1    1    1    1    1    1  4.96662E+10 0.03883 
   97   97    1    1    1    1    1    1    1    1  1.97172E+10 0.08831 
   98   98    1    1    1    1    1    1    1    1  1.00617E+10 0.13717 
   99   99    1    1    1    1    1    1    1    1  4.94499E+09 0.31714 
  100  100    1    1    1    1    1    1    1    1  3.39661E+09 0.31997 
];


