
DETdpaspec = [
    1    1    1    1    1    1    1    1    1    1  0.00000E+00 0.00000 
    2    2    1    1    1    1    1    1    1    1  0.00000E+00 0.00000 
    3    3    1    1    1    1    1    1    1    1  0.00000E+00 0.00000 
    4    4    1    1    1    1    1    1    1    1  9.16123E+06 1.00000 
    5    5    1    1    1    1    1    1    1    1  0.00000E+00 0.00000 
    6    6    1    1    1    1    1    1    1    1  0.00000E+00 0.00000 
    7    7    1    1    1    1    1    1    1    1  0.00000E+00 0.00000 
    8    8    1    1    1    1    1    1    1    1  0.00000E+00 0.00000 
    9    9    1    1    1    1    1    1    1    1  4.10567E+06 1.00000 
   10   10    1    1    1    1    1    1    1    1  0.00000E+00 0.00000 
   11   11    1    1    1    1    1    1    1    1  1.83976E+08 1.00000 
   12   12    1    1    1    1    1    1    1    1  3.13737E+07 1.00000 
   13   13    1    1    1    1    1    1    1    1  2.99837E+08 0.50912 
   14   14    1    1    1    1    1    1    1    1  1.68664E+08 0.54665 
   15   15    1    1    1    1    1    1    1    1  6.27294E+08 0.67803 
   16   16    1    1    1    1    1    1    1    1  1.97437E+08 0.48154 
   17   17    1    1    1    1    1    1    1    1  3.02610E+08 0.46394 
   18   18    1    1    1    1    1    1    1    1  1.35553E+09 0.36671 
   19   19    1    1    1    1    1    1    1    1  2.40742E+09 0.23840 
   20   20    1    1    1    1    1    1    1    1  4.89558E+09 0.17239 
   21   21    1    1    1    1    1    1    1    1  6.37396E+09 0.14445 
   22   22    1    1    1    1    1    1    1    1  1.50648E+10 0.11700 
   23   23    1    1    1    1    1    1    1    1  2.00494E+10 0.09165 
   24   24    1    1    1    1    1    1    1    1  4.16111E+10 0.07260 
   25   25    1    1    1    1    1    1    1    1  6.18367E+10 0.05733 
   26   26    1    1    1    1    1    1    1    1  1.10608E+11 0.04509 
   27   27    1    1    1    1    1    1    1    1  2.30490E+11 0.02526 
   28   28    1    1    1    1    1    1    1    1  5.87945E+11 0.01843 
   29   29    1    1    1    1    1    1    1    1  1.03804E+12 0.01753 
   30   30    1    1    1    1    1    1    1    1  2.56347E+12 0.01124 
   31   31    1    1    1    1    1    1    1    1  7.08786E+12 0.00775 
   32   32    1    1    1    1    1    1    1    1  1.21828E+13 0.00290 
   33   33    1    1    1    1    1    1    1    1  2.78443E+13 0.00317 
   34   34    1    1    1    1    1    1    1    1  3.78870E+13 0.00307 
   35   35    1    1    1    1    1    1    1    1  4.42486E+13 0.00230 
   36   36    1    1    1    1    1    1    1    1  2.85326E+13 0.00272 
   37   37    1    1    1    1    1    1    1    1  8.50245E+12 0.00283 
   38   38    1    1    1    1    1    1    1    1  4.84057E+13 0.00185 
   39   39    1    1    1    1    1    1    1    1  6.50529E+13 0.00190 
   40   40    1    1    1    1    1    1    1    1  1.12179E+14 0.00195 
   41   41    1    1    1    1    1    1    1    1  1.10373E+14 0.00130 
   42   42    1    1    1    1    1    1    1    1  2.37654E+14 0.00092 
   43   43    1    1    1    1    1    1    1    1  2.87715E+14 0.00114 
   44   44    1    1    1    1    1    1    1    1  4.15681E+14 0.00086 
   45   45    1    1    1    1    1    1    1    1  8.34299E+14 0.00076 
   46   46    1    1    1    1    1    1    1    1  3.88549E+14 0.00085 
   47   47    1    1    1    1    1    1    1    1  6.19728E+14 0.00072 
   48   48    1    1    1    1    1    1    1    1  8.66681E+14 0.00075 
   49   49    1    1    1    1    1    1    1    1  8.53724E+14 0.00064 
   50   50    1    1    1    1    1    1    1    1  1.35070E+15 0.00051 
   51   51    1    1    1    1    1    1    1    1  1.06644E+15 0.00058 
   52   52    1    1    1    1    1    1    1    1  1.28945E+15 0.00047 
   53   53    1    1    1    1    1    1    1    1  8.97236E+14 0.00056 
   54   54    1    1    1    1    1    1    1    1  1.11727E+15 0.00053 
   55   55    1    1    1    1    1    1    1    1  7.70808E+14 0.00044 
   56   56    1    1    1    1    1    1    1    1  1.04547E+14 0.00098 
   57   57    1    1    1    1    1    1    1    1  1.53309E+15 0.00058 
   58   58    1    1    1    1    1    1    1    1  6.98869E+14 0.00050 
   59   59    1    1    1    1    1    1    1    1  7.42665E+14 0.00047 
   60   60    1    1    1    1    1    1    1    1  5.89078E+14 0.00077 
   61   61    1    1    1    1    1    1    1    1  5.89653E+14 0.00079 
   62   62    1    1    1    1    1    1    1    1  6.15214E+14 0.00073 
   63   63    1    1    1    1    1    1    1    1  5.21135E+14 0.00071 
   64   64    1    1    1    1    1    1    1    1  4.16834E+14 0.00089 
   65   65    1    1    1    1    1    1    1    1  4.15145E+14 0.00087 
   66   66    1    1    1    1    1    1    1    1  3.01928E+14 0.00100 
   67   67    1    1    1    1    1    1    1    1  2.45080E+14 0.00113 
   68   68    1    1    1    1    1    1    1    1  2.19014E+14 0.00102 
   69   69    1    1    1    1    1    1    1    1  2.63067E+14 0.00098 
   70   70    1    1    1    1    1    1    1    1  2.24233E+14 0.00094 
   71   71    1    1    1    1    1    1    1    1  4.05302E+14 0.00089 
   72   72    1    1    1    1    1    1    1    1  2.87750E+14 0.00089 
   73   73    1    1    1    1    1    1    1    1  2.17860E+14 0.00116 
   74   74    1    1    1    1    1    1    1    1  1.76760E+14 0.00089 
   75   75    1    1    1    1    1    1    1    1  1.48258E+14 0.00145 
   76   76    1    1    1    1    1    1    1    1  1.73853E+14 0.00119 
   77   77    1    1    1    1    1    1    1    1  1.38965E+14 0.00145 
   78   78    1    1    1    1    1    1    1    1  1.11746E+14 0.00146 
   79   79    1    1    1    1    1    1    1    1  1.15775E+14 0.00186 
   80   80    1    1    1    1    1    1    1    1  8.59610E+13 0.00160 
   81   81    1    1    1    1    1    1    1    1  6.62302E+13 0.00104 
   82   82    1    1    1    1    1    1    1    1  5.07158E+13 0.00208 
   83   83    1    1    1    1    1    1    1    1  4.76224E+13 0.00202 
   84   84    1    1    1    1    1    1    1    1  3.42595E+13 0.00200 
   85   85    1    1    1    1    1    1    1    1  2.47161E+13 0.00276 
   86   86    1    1    1    1    1    1    1    1  2.30507E+13 0.00412 
   87   87    1    1    1    1    1    1    1    1  1.41727E+13 0.00318 
   88   88    1    1    1    1    1    1    1    1  9.49556E+12 0.00509 
   89   89    1    1    1    1    1    1    1    1  5.41299E+12 0.00462 
   90   90    1    1    1    1    1    1    1    1  3.59822E+12 0.00744 
   91   91    1    1    1    1    1    1    1    1  1.79978E+12 0.01391 
   92   92    1    1    1    1    1    1    1    1  8.46226E+11 0.01615 
   93   93    1    1    1    1    1    1    1    1  4.04957E+11 0.02100 
   94   94    1    1    1    1    1    1    1    1  1.95829E+11 0.03131 
   95   95    1    1    1    1    1    1    1    1  9.56523E+10 0.05371 
   96   96    1    1    1    1    1    1    1    1  4.73604E+10 0.07194 
   97   97    1    1    1    1    1    1    1    1  2.23761E+10 0.10479 
   98   98    1    1    1    1    1    1    1    1  1.13265E+10 0.17240 
   99   99    1    1    1    1    1    1    1    1  4.64058E+09 0.23972 
  100  100    1    1    1    1    1    1    1    1  3.91834E+09 0.30552 
];


