
DETdpaspec = [
    1    1    1    1    1    1    1    1    1    1  0.00000E+00 0.00000 
    2    2    1    1    1    1    1    1    1    1  0.00000E+00 0.00000 
    3    3    1    1    1    1    1    1    1    1  0.00000E+00 0.00000 
    4    4    1    1    1    1    1    1    1    1  0.00000E+00 0.00000 
    5    5    1    1    1    1    1    1    1    1  0.00000E+00 0.00000 
    6    6    1    1    1    1    1    1    1    1  0.00000E+00 0.00000 
    7    7    1    1    1    1    1    1    1    1  0.00000E+00 0.00000 
    8    8    1    1    1    1    1    1    1    1  0.00000E+00 0.00000 
    9    9    1    1    1    1    1    1    1    1  0.00000E+00 0.00000 
   10   10    1    1    1    1    1    1    1    1  0.00000E+00 0.00000 
   11   11    1    1    1    1    1    1    1    1  0.00000E+00 0.00000 
   12   12    1    1    1    1    1    1    1    1  0.00000E+00 0.00000 
   13   13    1    1    1    1    1    1    1    1  1.02964E+09 0.40690 
   14   14    1    1    1    1    1    1    1    1  5.74426E+08 0.45154 
   15   15    1    1    1    1    1    1    1    1  1.95821E+09 0.32667 
   16   16    1    1    1    1    1    1    1    1  1.18078E+09 0.48647 
   17   17    1    1    1    1    1    1    1    1  8.82028E+08 0.36560 
   18   18    1    1    1    1    1    1    1    1  1.77561E+09 0.36721 
   19   19    1    1    1    1    1    1    1    1  1.96196E+09 0.27816 
   20   20    1    1    1    1    1    1    1    1  4.93061E+09 0.16179 
   21   21    1    1    1    1    1    1    1    1  5.61263E+09 0.18316 
   22   22    1    1    1    1    1    1    1    1  1.47528E+10 0.10994 
   23   23    1    1    1    1    1    1    1    1  1.90167E+10 0.11761 
   24   24    1    1    1    1    1    1    1    1  3.83584E+10 0.07077 
   25   25    1    1    1    1    1    1    1    1  5.64342E+10 0.06490 
   26   26    1    1    1    1    1    1    1    1  9.69302E+10 0.06657 
   27   27    1    1    1    1    1    1    1    1  2.15092E+11 0.03793 
   28   28    1    1    1    1    1    1    1    1  5.27636E+11 0.02086 
   29   29    1    1    1    1    1    1    1    1  9.43846E+11 0.01592 
   30   30    1    1    1    1    1    1    1    1  2.37650E+12 0.01110 
   31   31    1    1    1    1    1    1    1    1  6.56887E+12 0.00601 
   32   32    1    1    1    1    1    1    1    1  1.14669E+13 0.00580 
   33   33    1    1    1    1    1    1    1    1  2.62640E+13 0.00222 
   34   34    1    1    1    1    1    1    1    1  3.60911E+13 0.00304 
   35   35    1    1    1    1    1    1    1    1  4.29683E+13 0.00261 
   36   36    1    1    1    1    1    1    1    1  2.79594E+13 0.00185 
   37   37    1    1    1    1    1    1    1    1  8.36061E+12 0.00208 
   38   38    1    1    1    1    1    1    1    1  4.73223E+13 0.00219 
   39   39    1    1    1    1    1    1    1    1  6.37439E+13 0.00183 
   40   40    1    1    1    1    1    1    1    1  1.09780E+14 0.00111 
   41   41    1    1    1    1    1    1    1    1  1.08315E+14 0.00097 
   42   42    1    1    1    1    1    1    1    1  2.33197E+14 0.00065 
   43   43    1    1    1    1    1    1    1    1  2.82103E+14 0.00097 
   44   44    1    1    1    1    1    1    1    1  4.08662E+14 0.00098 
   45   45    1    1    1    1    1    1    1    1  8.21891E+14 0.00076 
   46   46    1    1    1    1    1    1    1    1  3.83957E+14 0.00089 
   47   47    1    1    1    1    1    1    1    1  6.13888E+14 0.00089 
   48   48    1    1    1    1    1    1    1    1  8.60092E+14 0.00054 
   49   49    1    1    1    1    1    1    1    1  8.46155E+14 0.00062 
   50   50    1    1    1    1    1    1    1    1  1.34091E+15 0.00063 
   51   51    1    1    1    1    1    1    1    1  1.06102E+15 0.00052 
   52   52    1    1    1    1    1    1    1    1  1.28485E+15 0.00043 
   53   53    1    1    1    1    1    1    1    1  8.94905E+14 0.00041 
   54   54    1    1    1    1    1    1    1    1  1.11478E+15 0.00054 
   55   55    1    1    1    1    1    1    1    1  7.69611E+14 0.00048 
   56   56    1    1    1    1    1    1    1    1  1.04440E+14 0.00112 
   57   57    1    1    1    1    1    1    1    1  1.53155E+15 0.00072 
   58   58    1    1    1    1    1    1    1    1  6.98136E+14 0.00053 
   59   59    1    1    1    1    1    1    1    1  7.43289E+14 0.00067 
   60   60    1    1    1    1    1    1    1    1  5.88598E+14 0.00082 
   61   61    1    1    1    1    1    1    1    1  5.89615E+14 0.00066 
   62   62    1    1    1    1    1    1    1    1  6.15245E+14 0.00060 
   63   63    1    1    1    1    1    1    1    1  5.21285E+14 0.00055 
   64   64    1    1    1    1    1    1    1    1  4.16659E+14 0.00093 
   65   65    1    1    1    1    1    1    1    1  4.15408E+14 0.00083 
   66   66    1    1    1    1    1    1    1    1  3.02318E+14 0.00077 
   67   67    1    1    1    1    1    1    1    1  2.45507E+14 0.00093 
   68   68    1    1    1    1    1    1    1    1  2.20027E+14 0.00077 
   69   69    1    1    1    1    1    1    1    1  2.64084E+14 0.00106 
   70   70    1    1    1    1    1    1    1    1  2.25124E+14 0.00138 
   71   71    1    1    1    1    1    1    1    1  4.07691E+14 0.00098 
   72   72    1    1    1    1    1    1    1    1  2.89094E+14 0.00109 
   73   73    1    1    1    1    1    1    1    1  2.19144E+14 0.00101 
   74   74    1    1    1    1    1    1    1    1  1.77781E+14 0.00124 
   75   75    1    1    1    1    1    1    1    1  1.49212E+14 0.00142 
   76   76    1    1    1    1    1    1    1    1  1.74603E+14 0.00105 
   77   77    1    1    1    1    1    1    1    1  1.39116E+14 0.00129 
   78   78    1    1    1    1    1    1    1    1  1.11828E+14 0.00118 
   79   79    1    1    1    1    1    1    1    1  1.15780E+14 0.00110 
   80   80    1    1    1    1    1    1    1    1  8.57870E+13 0.00165 
   81   81    1    1    1    1    1    1    1    1  6.62926E+13 0.00233 
   82   82    1    1    1    1    1    1    1    1  5.09770E+13 0.00233 
   83   83    1    1    1    1    1    1    1    1  4.74762E+13 0.00213 
   84   84    1    1    1    1    1    1    1    1  3.42394E+13 0.00361 
   85   85    1    1    1    1    1    1    1    1  2.48343E+13 0.00390 
   86   86    1    1    1    1    1    1    1    1  2.32107E+13 0.00336 
   87   87    1    1    1    1    1    1    1    1  1.41561E+13 0.00472 
   88   88    1    1    1    1    1    1    1    1  9.53311E+12 0.00594 
   89   89    1    1    1    1    1    1    1    1  5.47330E+12 0.00610 
   90   90    1    1    1    1    1    1    1    1  3.60343E+12 0.01002 
   91   91    1    1    1    1    1    1    1    1  1.82985E+12 0.01249 
   92   92    1    1    1    1    1    1    1    1  8.53579E+11 0.01622 
   93   93    1    1    1    1    1    1    1    1  4.07478E+11 0.03030 
   94   94    1    1    1    1    1    1    1    1  2.04899E+11 0.05323 
   95   95    1    1    1    1    1    1    1    1  9.21123E+10 0.04971 
   96   96    1    1    1    1    1    1    1    1  4.55260E+10 0.05849 
   97   97    1    1    1    1    1    1    1    1  2.15029E+10 0.12108 
   98   98    1    1    1    1    1    1    1    1  9.51148E+09 0.15513 
   99   99    1    1    1    1    1    1    1    1  3.54761E+09 0.29977 
  100  100    1    1    1    1    1    1    1    1  5.94618E+09 0.22365 
];


