
DETdpaspec = [
    1    1    1    1    1    1    1    1    1    1  0.00000E+00 0.00000 
    2    2    1    1    1    1    1    1    1    1  0.00000E+00 0.00000 
    3    3    1    1    1    1    1    1    1    1  0.00000E+00 0.00000 
    4    4    1    1    1    1    1    1    1    1  0.00000E+00 0.00000 
    5    5    1    1    1    1    1    1    1    1  0.00000E+00 0.00000 
    6    6    1    1    1    1    1    1    1    1  0.00000E+00 0.00000 
    7    7    1    1    1    1    1    1    1    1  0.00000E+00 0.00000 
    8    8    1    1    1    1    1    1    1    1  0.00000E+00 0.00000 
    9    9    1    1    1    1    1    1    1    1  0.00000E+00 0.00000 
   10   10    1    1    1    1    1    1    1    1  0.00000E+00 0.00000 
   11   11    1    1    1    1    1    1    1    1  6.28153E+07 1.00000 
   12   12    1    1    1    1    1    1    1    1  1.57942E+07 1.00000 
   13   13    1    1    1    1    1    1    1    1  5.36452E+08 0.62704 
   14   14    1    1    1    1    1    1    1    1  8.31268E+08 0.63192 
   15   15    1    1    1    1    1    1    1    1  7.67101E+08 0.64077 
   16   16    1    1    1    1    1    1    1    1  3.49870E+08 0.46749 
   17   17    1    1    1    1    1    1    1    1  1.17324E+09 0.37526 
   18   18    1    1    1    1    1    1    1    1  3.67728E+09 0.24181 
   19   19    1    1    1    1    1    1    1    1  2.45471E+09 0.25184 
   20   20    1    1    1    1    1    1    1    1  7.17424E+09 0.18914 
   21   21    1    1    1    1    1    1    1    1  6.54875E+09 0.14658 
   22   22    1    1    1    1    1    1    1    1  1.29416E+10 0.10147 
   23   23    1    1    1    1    1    1    1    1  2.29290E+10 0.07885 
   24   24    1    1    1    1    1    1    1    1  4.20963E+10 0.06643 
   25   25    1    1    1    1    1    1    1    1  5.46158E+10 0.06886 
   26   26    1    1    1    1    1    1    1    1  8.84476E+10 0.05634 
   27   27    1    1    1    1    1    1    1    1  1.60966E+11 0.03398 
   28   28    1    1    1    1    1    1    1    1  3.51992E+11 0.02929 
   29   29    1    1    1    1    1    1    1    1  5.95898E+11 0.02151 
   30   30    1    1    1    1    1    1    1    1  1.61935E+12 0.01297 
   31   31    1    1    1    1    1    1    1    1  4.96597E+12 0.00822 
   32   32    1    1    1    1    1    1    1    1  8.86946E+12 0.00538 
   33   33    1    1    1    1    1    1    1    1  2.11057E+13 0.00324 
   34   34    1    1    1    1    1    1    1    1  2.95025E+13 0.00378 
   35   35    1    1    1    1    1    1    1    1  3.75824E+13 0.00306 
   36   36    1    1    1    1    1    1    1    1  2.51724E+13 0.00300 
   37   37    1    1    1    1    1    1    1    1  7.64885E+12 0.00287 
   38   38    1    1    1    1    1    1    1    1  4.30276E+13 0.00257 
   39   39    1    1    1    1    1    1    1    1  5.80261E+13 0.00238 
   40   40    1    1    1    1    1    1    1    1  1.00270E+14 0.00205 
   41   41    1    1    1    1    1    1    1    1  1.00585E+14 0.00133 
   42   42    1    1    1    1    1    1    1    1  2.15941E+14 0.00120 
   43   43    1    1    1    1    1    1    1    1  2.62328E+14 0.00115 
   44   44    1    1    1    1    1    1    1    1  3.82039E+14 0.00087 
   45   45    1    1    1    1    1    1    1    1  7.71628E+14 0.00084 
   46   46    1    1    1    1    1    1    1    1  3.65834E+14 0.00104 
   47   47    1    1    1    1    1    1    1    1  5.88507E+14 0.00103 
   48   48    1    1    1    1    1    1    1    1  8.29363E+14 0.00061 
   49   49    1    1    1    1    1    1    1    1  8.23123E+14 0.00089 
   50   50    1    1    1    1    1    1    1    1  1.30339E+15 0.00051 
   51   51    1    1    1    1    1    1    1    1  1.04275E+15 0.00063 
   52   52    1    1    1    1    1    1    1    1  1.25702E+15 0.00055 
   53   53    1    1    1    1    1    1    1    1  8.81965E+14 0.00053 
   54   54    1    1    1    1    1    1    1    1  1.09082E+15 0.00073 
   55   55    1    1    1    1    1    1    1    1  7.55850E+14 0.00069 
   56   56    1    1    1    1    1    1    1    1  1.03031E+14 0.00117 
   57   57    1    1    1    1    1    1    1    1  1.50918E+15 0.00048 
   58   58    1    1    1    1    1    1    1    1  6.82268E+14 0.00057 
   59   59    1    1    1    1    1    1    1    1  7.28794E+14 0.00082 
   60   60    1    1    1    1    1    1    1    1  5.74093E+14 0.00068 
   61   61    1    1    1    1    1    1    1    1  5.77081E+14 0.00087 
   62   62    1    1    1    1    1    1    1    1  6.02789E+14 0.00057 
   63   63    1    1    1    1    1    1    1    1  5.10034E+14 0.00064 
   64   64    1    1    1    1    1    1    1    1  4.09336E+14 0.00065 
   65   65    1    1    1    1    1    1    1    1  4.07991E+14 0.00078 
   66   66    1    1    1    1    1    1    1    1  2.96990E+14 0.00076 
   67   67    1    1    1    1    1    1    1    1  2.42148E+14 0.00102 
   68   68    1    1    1    1    1    1    1    1  2.17025E+14 0.00096 
   69   69    1    1    1    1    1    1    1    1  2.61300E+14 0.00114 
   70   70    1    1    1    1    1    1    1    1  2.22506E+14 0.00144 
   71   71    1    1    1    1    1    1    1    1  4.06758E+14 0.00131 
   72   72    1    1    1    1    1    1    1    1  2.89716E+14 0.00098 
   73   73    1    1    1    1    1    1    1    1  2.19452E+14 0.00109 
   74   74    1    1    1    1    1    1    1    1  1.77117E+14 0.00112 
   75   75    1    1    1    1    1    1    1    1  1.47313E+14 0.00151 
   76   76    1    1    1    1    1    1    1    1  1.71667E+14 0.00129 
   77   77    1    1    1    1    1    1    1    1  1.36883E+14 0.00126 
   78   78    1    1    1    1    1    1    1    1  1.08888E+14 0.00141 
   79   79    1    1    1    1    1    1    1    1  1.12757E+14 0.00193 
   80   80    1    1    1    1    1    1    1    1  8.35453E+13 0.00144 
   81   81    1    1    1    1    1    1    1    1  6.44993E+13 0.00131 
   82   82    1    1    1    1    1    1    1    1  4.95532E+13 0.00169 
   83   83    1    1    1    1    1    1    1    1  4.64105E+13 0.00216 
   84   84    1    1    1    1    1    1    1    1  3.32473E+13 0.00251 
   85   85    1    1    1    1    1    1    1    1  2.41365E+13 0.00256 
   86   86    1    1    1    1    1    1    1    1  2.25539E+13 0.00358 
   87   87    1    1    1    1    1    1    1    1  1.37765E+13 0.00356 
   88   88    1    1    1    1    1    1    1    1  9.31845E+12 0.00616 
   89   89    1    1    1    1    1    1    1    1  5.35298E+12 0.00853 
   90   90    1    1    1    1    1    1    1    1  3.51687E+12 0.00925 
   91   91    1    1    1    1    1    1    1    1  1.78162E+12 0.00842 
   92   92    1    1    1    1    1    1    1    1  8.59875E+11 0.01777 
   93   93    1    1    1    1    1    1    1    1  4.12195E+11 0.02598 
   94   94    1    1    1    1    1    1    1    1  1.99325E+11 0.03241 
   95   95    1    1    1    1    1    1    1    1  9.66057E+10 0.05707 
   96   96    1    1    1    1    1    1    1    1  4.91204E+10 0.07979 
   97   97    1    1    1    1    1    1    1    1  2.09278E+10 0.07333 
   98   98    1    1    1    1    1    1    1    1  8.60128E+09 0.14873 
   99   99    1    1    1    1    1    1    1    1  3.97575E+09 0.24834 
  100  100    1    1    1    1    1    1    1    1  4.86225E+09 0.27501 
];


