
DETdpaspec = [
    1    1    1    1    1    1    1    1    1    1  0.00000E+00 0.00000 
    2    2    1    1    1    1    1    1    1    1  0.00000E+00 0.00000 
    3    3    1    1    1    1    1    1    1    1  0.00000E+00 0.00000 
    4    4    1    1    1    1    1    1    1    1  0.00000E+00 0.00000 
    5    5    1    1    1    1    1    1    1    1  0.00000E+00 0.00000 
    6    6    1    1    1    1    1    1    1    1  0.00000E+00 0.00000 
    7    7    1    1    1    1    1    1    1    1  0.00000E+00 0.00000 
    8    8    1    1    1    1    1    1    1    1  0.00000E+00 0.00000 
    9    9    1    1    1    1    1    1    1    1  6.97522E+06 1.00000 
   10   10    1    1    1    1    1    1    1    1  0.00000E+00 0.00000 
   11   11    1    1    1    1    1    1    1    1  0.00000E+00 0.00000 
   12   12    1    1    1    1    1    1    1    1  1.84967E+08 0.77827 
   13   13    1    1    1    1    1    1    1    1  3.67689E+08 1.00000 
   14   14    1    1    1    1    1    1    1    1  2.60553E+08 0.70320 
   15   15    1    1    1    1    1    1    1    1  3.79719E+08 0.86583 
   16   16    1    1    1    1    1    1    1    1  5.23041E+08 0.78825 
   17   17    1    1    1    1    1    1    1    1  6.96782E+08 0.52238 
   18   18    1    1    1    1    1    1    1    1  3.98313E+08 0.62665 
   19   19    1    1    1    1    1    1    1    1  6.35760E+08 0.50357 
   20   20    1    1    1    1    1    1    1    1  2.90915E+09 0.25162 
   21   21    1    1    1    1    1    1    1    1  5.72658E+09 0.16728 
   22   22    1    1    1    1    1    1    1    1  1.57555E+10 0.15507 
   23   23    1    1    1    1    1    1    1    1  6.61498E+10 0.05994 
   24   24    1    1    1    1    1    1    1    1  1.93834E+11 0.03188 
   25   25    1    1    1    1    1    1    1    1  3.34307E+11 0.02530 
   26   26    1    1    1    1    1    1    1    1  7.15501E+11 0.02525 
   27   27    1    1    1    1    1    1    1    1  1.44129E+12 0.01830 
   28   28    1    1    1    1    1    1    1    1  2.80383E+12 0.01111 
   29   29    1    1    1    1    1    1    1    1  4.36827E+12 0.00654 
   30   30    1    1    1    1    1    1    1    1  8.53281E+12 0.00493 
   31   31    1    1    1    1    1    1    1    1  1.79066E+13 0.00354 
   32   32    1    1    1    1    1    1    1    1  2.63352E+13 0.00328 
   33   33    1    1    1    1    1    1    1    1  5.24929E+13 0.00205 
   34   34    1    1    1    1    1    1    1    1  6.44516E+13 0.00243 
   35   35    1    1    1    1    1    1    1    1  6.63992E+13 0.00134 
   36   36    1    1    1    1    1    1    1    1  3.97799E+13 0.00195 
   37   37    1    1    1    1    1    1    1    1  1.15919E+13 0.00241 
   38   38    1    1    1    1    1    1    1    1  6.61106E+13 0.00154 
   39   39    1    1    1    1    1    1    1    1  8.70735E+13 0.00189 
   40   40    1    1    1    1    1    1    1    1  1.46967E+14 0.00153 
   41   41    1    1    1    1    1    1    1    1  1.40174E+14 0.00114 
   42   42    1    1    1    1    1    1    1    1  2.98564E+14 0.00102 
   43   43    1    1    1    1    1    1    1    1  3.54085E+14 0.00102 
   44   44    1    1    1    1    1    1    1    1  5.00252E+14 0.00091 
   45   45    1    1    1    1    1    1    1    1  9.73616E+14 0.00086 
   46   46    1    1    1    1    1    1    1    1  4.37600E+14 0.00074 
   47   47    1    1    1    1    1    1    1    1  6.87602E+14 0.00075 
   48   48    1    1    1    1    1    1    1    1  9.41023E+14 0.00066 
   49   49    1    1    1    1    1    1    1    1  9.10287E+14 0.00054 
   50   50    1    1    1    1    1    1    1    1  1.42171E+15 0.00043 
   51   51    1    1    1    1    1    1    1    1  1.09373E+15 0.00053 
   52   52    1    1    1    1    1    1    1    1  1.31565E+15 0.00055 
   53   53    1    1    1    1    1    1    1    1  9.00014E+14 0.00064 
   54   54    1    1    1    1    1    1    1    1  1.11836E+15 0.00053 
   55   55    1    1    1    1    1    1    1    1  7.64007E+14 0.00070 
   56   56    1    1    1    1    1    1    1    1  1.02992E+14 0.00092 
   57   57    1    1    1    1    1    1    1    1  1.50336E+15 0.00051 
   58   58    1    1    1    1    1    1    1    1  6.85067E+14 0.00069 
   59   59    1    1    1    1    1    1    1    1  7.21555E+14 0.00049 
   60   60    1    1    1    1    1    1    1    1  5.72757E+14 0.00066 
   61   61    1    1    1    1    1    1    1    1  5.70121E+14 0.00074 
   62   62    1    1    1    1    1    1    1    1  5.92491E+14 0.00081 
   63   63    1    1    1    1    1    1    1    1  4.99170E+14 0.00079 
   64   64    1    1    1    1    1    1    1    1  3.96737E+14 0.00068 
   65   65    1    1    1    1    1    1    1    1  3.93562E+14 0.00095 
   66   66    1    1    1    1    1    1    1    1  2.84879E+14 0.00100 
   67   67    1    1    1    1    1    1    1    1  2.29839E+14 0.00101 
   68   68    1    1    1    1    1    1    1    1  2.04758E+14 0.00100 
   69   69    1    1    1    1    1    1    1    1  2.44785E+14 0.00138 
   70   70    1    1    1    1    1    1    1    1  2.07142E+14 0.00124 
   71   71    1    1    1    1    1    1    1    1  3.69265E+14 0.00101 
   72   72    1    1    1    1    1    1    1    1  2.59608E+14 0.00103 
   73   73    1    1    1    1    1    1    1    1  1.96033E+14 0.00136 
   74   74    1    1    1    1    1    1    1    1  1.59417E+14 0.00106 
   75   75    1    1    1    1    1    1    1    1  1.33762E+14 0.00150 
   76   76    1    1    1    1    1    1    1    1  1.57489E+14 0.00125 
   77   77    1    1    1    1    1    1    1    1  1.25992E+14 0.00149 
   78   78    1    1    1    1    1    1    1    1  1.01048E+14 0.00192 
   79   79    1    1    1    1    1    1    1    1  1.04561E+14 0.00163 
   80   80    1    1    1    1    1    1    1    1  7.78132E+13 0.00207 
   81   81    1    1    1    1    1    1    1    1  5.97075E+13 0.00151 
   82   82    1    1    1    1    1    1    1    1  4.60506E+13 0.00204 
   83   83    1    1    1    1    1    1    1    1  4.27519E+13 0.00239 
   84   84    1    1    1    1    1    1    1    1  3.07683E+13 0.00237 
   85   85    1    1    1    1    1    1    1    1  2.21880E+13 0.00321 
   86   86    1    1    1    1    1    1    1    1  2.04722E+13 0.00305 
   87   87    1    1    1    1    1    1    1    1  1.25327E+13 0.00454 
   88   88    1    1    1    1    1    1    1    1  8.25582E+12 0.00508 
   89   89    1    1    1    1    1    1    1    1  4.78227E+12 0.00711 
   90   90    1    1    1    1    1    1    1    1  3.12640E+12 0.00949 
   91   91    1    1    1    1    1    1    1    1  1.51910E+12 0.01152 
   92   92    1    1    1    1    1    1    1    1  7.30229E+11 0.01377 
   93   93    1    1    1    1    1    1    1    1  3.41386E+11 0.02094 
   94   94    1    1    1    1    1    1    1    1  1.66153E+11 0.03859 
   95   95    1    1    1    1    1    1    1    1  7.86836E+10 0.05128 
   96   96    1    1    1    1    1    1    1    1  3.30120E+10 0.07508 
   97   97    1    1    1    1    1    1    1    1  1.78584E+10 0.13143 
   98   98    1    1    1    1    1    1    1    1  9.35100E+09 0.13504 
   99   99    1    1    1    1    1    1    1    1  3.58336E+09 0.18325 
  100  100    1    1    1    1    1    1    1    1  2.79978E+09 0.27638 
];


