
DETdpaspec = [
    1    1    1    1    1    1    1    1    1    1  0.00000E+00 0.00000 
    2    2    1    1    1    1    1    1    1    1  0.00000E+00 0.00000 
    3    3    1    1    1    1    1    1    1    1  0.00000E+00 0.00000 
    4    4    1    1    1    1    1    1    1    1  0.00000E+00 0.00000 
    5    5    1    1    1    1    1    1    1    1  0.00000E+00 0.00000 
    6    6    1    1    1    1    1    1    1    1  0.00000E+00 0.00000 
    7    7    1    1    1    1    1    1    1    1  0.00000E+00 0.00000 
    8    8    1    1    1    1    1    1    1    1  0.00000E+00 0.00000 
    9    9    1    1    1    1    1    1    1    1  0.00000E+00 0.00000 
   10   10    1    1    1    1    1    1    1    1  0.00000E+00 0.00000 
   11   11    1    1    1    1    1    1    1    1  6.41606E+07 1.00000 
   12   12    1    1    1    1    1    1    1    1  6.08506E+07 0.73947 
   13   13    1    1    1    1    1    1    1    1  5.00215E+07 1.00000 
   14   14    1    1    1    1    1    1    1    1  8.96734E+08 0.66947 
   15   15    1    1    1    1    1    1    1    1  9.99121E+08 0.55907 
   16   16    1    1    1    1    1    1    1    1  7.42388E+08 0.36377 
   17   17    1    1    1    1    1    1    1    1  1.00359E+09 0.31511 
   18   18    1    1    1    1    1    1    1    1  2.67279E+09 0.21856 
   19   19    1    1    1    1    1    1    1    1  3.15829E+09 0.31888 
   20   20    1    1    1    1    1    1    1    1  9.14386E+09 0.22500 
   21   21    1    1    1    1    1    1    1    1  5.89867E+09 0.21811 
   22   22    1    1    1    1    1    1    1    1  1.05632E+10 0.13738 
   23   23    1    1    1    1    1    1    1    1  2.06608E+10 0.09183 
   24   24    1    1    1    1    1    1    1    1  3.27911E+10 0.06435 
   25   25    1    1    1    1    1    1    1    1  4.49195E+10 0.08068 
   26   26    1    1    1    1    1    1    1    1  8.31619E+10 0.04419 
   27   27    1    1    1    1    1    1    1    1  1.58951E+11 0.04370 
   28   28    1    1    1    1    1    1    1    1  3.72796E+11 0.02070 
   29   29    1    1    1    1    1    1    1    1  6.37047E+11 0.02358 
   30   30    1    1    1    1    1    1    1    1  1.74061E+12 0.01270 
   31   31    1    1    1    1    1    1    1    1  5.21108E+12 0.00729 
   32   32    1    1    1    1    1    1    1    1  9.35359E+12 0.00467 
   33   33    1    1    1    1    1    1    1    1  2.20331E+13 0.00427 
   34   34    1    1    1    1    1    1    1    1  3.06298E+13 0.00283 
   35   35    1    1    1    1    1    1    1    1  3.83585E+13 0.00278 
   36   36    1    1    1    1    1    1    1    1  2.54731E+13 0.00200 
   37   37    1    1    1    1    1    1    1    1  7.72290E+12 0.00310 
   38   38    1    1    1    1    1    1    1    1  4.35892E+13 0.00202 
   39   39    1    1    1    1    1    1    1    1  5.88799E+13 0.00187 
   40   40    1    1    1    1    1    1    1    1  1.01979E+14 0.00146 
   41   41    1    1    1    1    1    1    1    1  1.02208E+14 0.00093 
   42   42    1    1    1    1    1    1    1    1  2.19333E+14 0.00156 
   43   43    1    1    1    1    1    1    1    1  2.66562E+14 0.00107 
   44   44    1    1    1    1    1    1    1    1  3.87591E+14 0.00127 
   45   45    1    1    1    1    1    1    1    1  7.81835E+14 0.00083 
   46   46    1    1    1    1    1    1    1    1  3.69351E+14 0.00106 
   47   47    1    1    1    1    1    1    1    1  5.93681E+14 0.00059 
   48   48    1    1    1    1    1    1    1    1  8.34866E+14 0.00071 
   49   49    1    1    1    1    1    1    1    1  8.27176E+14 0.00054 
   50   50    1    1    1    1    1    1    1    1  1.31087E+15 0.00059 
   51   51    1    1    1    1    1    1    1    1  1.04740E+15 0.00063 
   52   52    1    1    1    1    1    1    1    1  1.26459E+15 0.00041 
   53   53    1    1    1    1    1    1    1    1  8.85415E+14 0.00046 
   54   54    1    1    1    1    1    1    1    1  1.09778E+15 0.00058 
   55   55    1    1    1    1    1    1    1    1  7.59891E+14 0.00056 
   56   56    1    1    1    1    1    1    1    1  1.03425E+14 0.00101 
   57   57    1    1    1    1    1    1    1    1  1.51551E+15 0.00044 
   58   58    1    1    1    1    1    1    1    1  6.87040E+14 0.00069 
   59   59    1    1    1    1    1    1    1    1  7.33345E+14 0.00069 
   60   60    1    1    1    1    1    1    1    1  5.78671E+14 0.00062 
   61   61    1    1    1    1    1    1    1    1  5.81293E+14 0.00079 
   62   62    1    1    1    1    1    1    1    1  6.06470E+14 0.00073 
   63   63    1    1    1    1    1    1    1    1  5.14105E+14 0.00079 
   64   64    1    1    1    1    1    1    1    1  4.11371E+14 0.00072 
   65   65    1    1    1    1    1    1    1    1  4.09947E+14 0.00099 
   66   66    1    1    1    1    1    1    1    1  2.98475E+14 0.00075 
   67   67    1    1    1    1    1    1    1    1  2.43101E+14 0.00082 
   68   68    1    1    1    1    1    1    1    1  2.17930E+14 0.00085 
   69   69    1    1    1    1    1    1    1    1  2.62490E+14 0.00094 
   70   70    1    1    1    1    1    1    1    1  2.24206E+14 0.00090 
   71   71    1    1    1    1    1    1    1    1  4.08068E+14 0.00101 
   72   72    1    1    1    1    1    1    1    1  2.90238E+14 0.00115 
   73   73    1    1    1    1    1    1    1    1  2.19525E+14 0.00114 
   74   74    1    1    1    1    1    1    1    1  1.77504E+14 0.00126 
   75   75    1    1    1    1    1    1    1    1  1.48264E+14 0.00147 
   76   76    1    1    1    1    1    1    1    1  1.73134E+14 0.00224 
   77   77    1    1    1    1    1    1    1    1  1.37720E+14 0.00161 
   78   78    1    1    1    1    1    1    1    1  1.10207E+14 0.00188 
   79   79    1    1    1    1    1    1    1    1  1.13785E+14 0.00135 
   80   80    1    1    1    1    1    1    1    1  8.47312E+13 0.00167 
   81   81    1    1    1    1    1    1    1    1  6.52961E+13 0.00167 
   82   82    1    1    1    1    1    1    1    1  5.00793E+13 0.00232 
   83   83    1    1    1    1    1    1    1    1  4.66658E+13 0.00296 
   84   84    1    1    1    1    1    1    1    1  3.37679E+13 0.00292 
   85   85    1    1    1    1    1    1    1    1  2.42119E+13 0.00328 
   86   86    1    1    1    1    1    1    1    1  2.26358E+13 0.00267 
   87   87    1    1    1    1    1    1    1    1  1.38767E+13 0.00402 
   88   88    1    1    1    1    1    1    1    1  9.43628E+12 0.00370 
   89   89    1    1    1    1    1    1    1    1  5.39531E+12 0.00800 
   90   90    1    1    1    1    1    1    1    1  3.59001E+12 0.00819 
   91   91    1    1    1    1    1    1    1    1  1.80380E+12 0.01620 
   92   92    1    1    1    1    1    1    1    1  8.76217E+11 0.01287 
   93   93    1    1    1    1    1    1    1    1  4.20840E+11 0.03308 
   94   94    1    1    1    1    1    1    1    1  2.12320E+11 0.03871 
   95   95    1    1    1    1    1    1    1    1  9.72660E+10 0.03358 
   96   96    1    1    1    1    1    1    1    1  4.64443E+10 0.09638 
   97   97    1    1    1    1    1    1    1    1  2.38094E+10 0.09829 
   98   98    1    1    1    1    1    1    1    1  1.07450E+10 0.14994 
   99   99    1    1    1    1    1    1    1    1  4.49866E+09 0.18416 
  100  100    1    1    1    1    1    1    1    1  3.21634E+09 0.24411 
];


