
DETdpaspec = [
    1    1    1    1    1    1    1    1    1    1  0.00000E+00 0.00000 
    2    2    1    1    1    1    1    1    1    1  0.00000E+00 0.00000 
    3    3    1    1    1    1    1    1    1    1  0.00000E+00 0.00000 
    4    4    1    1    1    1    1    1    1    1  0.00000E+00 0.00000 
    5    5    1    1    1    1    1    1    1    1  0.00000E+00 0.00000 
    6    6    1    1    1    1    1    1    1    1  0.00000E+00 0.00000 
    7    7    1    1    1    1    1    1    1    1  0.00000E+00 0.00000 
    8    8    1    1    1    1    1    1    1    1  0.00000E+00 0.00000 
    9    9    1    1    1    1    1    1    1    1  0.00000E+00 0.00000 
   10   10    1    1    1    1    1    1    1    1  0.00000E+00 0.00000 
   11   11    1    1    1    1    1    1    1    1  0.00000E+00 0.00000 
   12   12    1    1    1    1    1    1    1    1  0.00000E+00 0.00000 
   13   13    1    1    1    1    1    1    1    1  4.57223E+08 0.62243 
   14   14    1    1    1    1    1    1    1    1  2.67429E+08 0.70259 
   15   15    1    1    1    1    1    1    1    1  1.34398E+09 0.79068 
   16   16    1    1    1    1    1    1    1    1  4.77542E+08 0.79949 
   17   17    1    1    1    1    1    1    1    1  3.38944E+08 0.58058 
   18   18    1    1    1    1    1    1    1    1  1.54631E+09 0.38544 
   19   19    1    1    1    1    1    1    1    1  2.40682E+09 0.27312 
   20   20    1    1    1    1    1    1    1    1  6.96077E+09 0.18282 
   21   21    1    1    1    1    1    1    1    1  5.81192E+09 0.22099 
   22   22    1    1    1    1    1    1    1    1  9.77799E+09 0.13480 
   23   23    1    1    1    1    1    1    1    1  2.29725E+10 0.07938 
   24   24    1    1    1    1    1    1    1    1  6.43728E+10 0.07222 
   25   25    1    1    1    1    1    1    1    1  1.08087E+11 0.04495 
   26   26    1    1    1    1    1    1    1    1  2.52361E+11 0.03809 
   27   27    1    1    1    1    1    1    1    1  5.67154E+11 0.02270 
   28   28    1    1    1    1    1    1    1    1  1.28091E+12 0.01564 
   29   29    1    1    1    1    1    1    1    1  2.22017E+12 0.01376 
   30   30    1    1    1    1    1    1    1    1  4.83557E+12 0.00857 
   31   31    1    1    1    1    1    1    1    1  1.15248E+13 0.00478 
   32   32    1    1    1    1    1    1    1    1  1.82992E+13 0.00373 
   33   33    1    1    1    1    1    1    1    1  3.90401E+13 0.00344 
   34   34    1    1    1    1    1    1    1    1  5.05314E+13 0.00233 
   35   35    1    1    1    1    1    1    1    1  5.50215E+13 0.00223 
   36   36    1    1    1    1    1    1    1    1  3.39898E+13 0.00243 
   37   37    1    1    1    1    1    1    1    1  9.97315E+12 0.00296 
   38   38    1    1    1    1    1    1    1    1  5.70805E+13 0.00223 
   39   39    1    1    1    1    1    1    1    1  7.57895E+13 0.00220 
   40   40    1    1    1    1    1    1    1    1  1.29420E+14 0.00164 
   41   41    1    1    1    1    1    1    1    1  1.25055E+14 0.00161 
   42   42    1    1    1    1    1    1    1    1  2.68504E+14 0.00134 
   43   43    1    1    1    1    1    1    1    1  3.21714E+14 0.00099 
   44   44    1    1    1    1    1    1    1    1  4.60615E+14 0.00085 
   45   45    1    1    1    1    1    1    1    1  9.09195E+14 0.00068 
   46   46    1    1    1    1    1    1    1    1  4.15748E+14 0.00090 
   47   47    1    1    1    1    1    1    1    1  6.58152E+14 0.00087 
   48   48    1    1    1    1    1    1    1    1  9.08141E+14 0.00055 
   49   49    1    1    1    1    1    1    1    1  8.86011E+14 0.00067 
   50   50    1    1    1    1    1    1    1    1  1.39517E+15 0.00056 
   51   51    1    1    1    1    1    1    1    1  1.08415E+15 0.00051 
   52   52    1    1    1    1    1    1    1    1  1.31108E+15 0.00049 
   53   53    1    1    1    1    1    1    1    1  9.04080E+14 0.00051 
   54   54    1    1    1    1    1    1    1    1  1.12577E+15 0.00066 
   55   55    1    1    1    1    1    1    1    1  7.73003E+14 0.00058 
   56   56    1    1    1    1    1    1    1    1  1.04513E+14 0.00100 
   57   57    1    1    1    1    1    1    1    1  1.52968E+15 0.00054 
   58   58    1    1    1    1    1    1    1    1  6.99175E+14 0.00055 
   59   59    1    1    1    1    1    1    1    1  7.39471E+14 0.00049 
   60   60    1    1    1    1    1    1    1    1  5.86798E+14 0.00087 
   61   61    1    1    1    1    1    1    1    1  5.86700E+14 0.00069 
   62   62    1    1    1    1    1    1    1    1  6.10777E+14 0.00085 
   63   63    1    1    1    1    1    1    1    1  5.15830E+14 0.00074 
   64   64    1    1    1    1    1    1    1    1  4.11260E+14 0.00079 
   65   65    1    1    1    1    1    1    1    1  4.09053E+14 0.00077 
   66   66    1    1    1    1    1    1    1    1  2.97075E+14 0.00073 
   67   67    1    1    1    1    1    1    1    1  2.40370E+14 0.00083 
   68   68    1    1    1    1    1    1    1    1  2.13856E+14 0.00098 
   69   69    1    1    1    1    1    1    1    1  2.56330E+14 0.00115 
   70   70    1    1    1    1    1    1    1    1  2.18011E+14 0.00092 
   71   71    1    1    1    1    1    1    1    1  3.90880E+14 0.00089 
   72   72    1    1    1    1    1    1    1    1  2.76176E+14 0.00082 
   73   73    1    1    1    1    1    1    1    1  2.08637E+14 0.00107 
   74   74    1    1    1    1    1    1    1    1  1.69878E+14 0.00110 
   75   75    1    1    1    1    1    1    1    1  1.42805E+14 0.00103 
   76   76    1    1    1    1    1    1    1    1  1.67805E+14 0.00087 
   77   77    1    1    1    1    1    1    1    1  1.34359E+14 0.00138 
   78   78    1    1    1    1    1    1    1    1  1.08190E+14 0.00142 
   79   79    1    1    1    1    1    1    1    1  1.12244E+14 0.00141 
   80   80    1    1    1    1    1    1    1    1  8.35153E+13 0.00122 
   81   81    1    1    1    1    1    1    1    1  6.43080E+13 0.00135 
   82   82    1    1    1    1    1    1    1    1  4.92304E+13 0.00216 
   83   83    1    1    1    1    1    1    1    1  4.60504E+13 0.00167 
   84   84    1    1    1    1    1    1    1    1  3.30709E+13 0.00325 
   85   85    1    1    1    1    1    1    1    1  2.38595E+13 0.00262 
   86   86    1    1    1    1    1    1    1    1  2.23196E+13 0.00326 
   87   87    1    1    1    1    1    1    1    1  1.36630E+13 0.00407 
   88   88    1    1    1    1    1    1    1    1  9.09612E+12 0.00642 
   89   89    1    1    1    1    1    1    1    1  5.21541E+12 0.00734 
   90   90    1    1    1    1    1    1    1    1  3.43378E+12 0.00879 
   91   91    1    1    1    1    1    1    1    1  1.69147E+12 0.01261 
   92   92    1    1    1    1    1    1    1    1  8.06741E+11 0.01508 
   93   93    1    1    1    1    1    1    1    1  4.06374E+11 0.02424 
   94   94    1    1    1    1    1    1    1    1  1.85046E+11 0.04456 
   95   95    1    1    1    1    1    1    1    1  8.61997E+10 0.05771 
   96   96    1    1    1    1    1    1    1    1  4.16520E+10 0.07609 
   97   97    1    1    1    1    1    1    1    1  1.83814E+10 0.13864 
   98   98    1    1    1    1    1    1    1    1  7.79923E+09 0.22111 
   99   99    1    1    1    1    1    1    1    1  6.83645E+09 0.19494 
  100  100    1    1    1    1    1    1    1    1  2.51596E+09 0.34120 
];


