
DETdpaspec = [
    1    1    1    1    1    1    1    1    1    1  0.00000E+00 0.00000 
    2    2    1    1    1    1    1    1    1    1  0.00000E+00 0.00000 
    3    3    1    1    1    1    1    1    1    1  0.00000E+00 0.00000 
    4    4    1    1    1    1    1    1    1    1  0.00000E+00 0.00000 
    5    5    1    1    1    1    1    1    1    1  0.00000E+00 0.00000 
    6    6    1    1    1    1    1    1    1    1  0.00000E+00 0.00000 
    7    7    1    1    1    1    1    1    1    1  0.00000E+00 0.00000 
    8    8    1    1    1    1    1    1    1    1  0.00000E+00 0.00000 
    9    9    1    1    1    1    1    1    1    1  0.00000E+00 0.00000 
   10   10    1    1    1    1    1    1    1    1  0.00000E+00 0.00000 
   11   11    1    1    1    1    1    1    1    1  0.00000E+00 0.00000 
   12   12    1    1    1    1    1    1    1    1  4.12445E+07 1.00000 
   13   13    1    1    1    1    1    1    1    1  1.06476E+08 1.00000 
   14   14    1    1    1    1    1    1    1    1  0.00000E+00 0.00000 
   15   15    1    1    1    1    1    1    1    1  0.00000E+00 0.00000 
   16   16    1    1    1    1    1    1    1    1  2.27936E+08 0.57211 
   17   17    1    1    1    1    1    1    1    1  2.54172E+08 0.65394 
   18   18    1    1    1    1    1    1    1    1  1.11097E+09 0.41418 
   19   19    1    1    1    1    1    1    1    1  2.14279E+09 0.40790 
   20   20    1    1    1    1    1    1    1    1  4.56353E+09 0.21169 
   21   21    1    1    1    1    1    1    1    1  2.48206E+09 0.22505 
   22   22    1    1    1    1    1    1    1    1  1.19842E+10 0.14455 
   23   23    1    1    1    1    1    1    1    1  4.38424E+10 0.07618 
   24   24    1    1    1    1    1    1    1    1  1.44291E+11 0.04272 
   25   25    1    1    1    1    1    1    1    1  2.72547E+11 0.02888 
   26   26    1    1    1    1    1    1    1    1  5.80145E+11 0.01973 
   27   27    1    1    1    1    1    1    1    1  1.18105E+12 0.01322 
   28   28    1    1    1    1    1    1    1    1  2.40666E+12 0.01192 
   29   29    1    1    1    1    1    1    1    1  3.84600E+12 0.00898 
   30   30    1    1    1    1    1    1    1    1  7.62858E+12 0.00633 
   31   31    1    1    1    1    1    1    1    1  1.64509E+13 0.00376 
   32   32    1    1    1    1    1    1    1    1  2.43818E+13 0.00446 
   33   33    1    1    1    1    1    1    1    1  4.94839E+13 0.00268 
   34   34    1    1    1    1    1    1    1    1  6.16312E+13 0.00214 
   35   35    1    1    1    1    1    1    1    1  6.40774E+13 0.00219 
   36   36    1    1    1    1    1    1    1    1  3.87521E+13 0.00190 
   37   37    1    1    1    1    1    1    1    1  1.12588E+13 0.00228 
   38   38    1    1    1    1    1    1    1    1  6.42892E+13 0.00185 
   39   39    1    1    1    1    1    1    1    1  8.46502E+13 0.00172 
   40   40    1    1    1    1    1    1    1    1  1.43431E+14 0.00107 
   41   41    1    1    1    1    1    1    1    1  1.36998E+14 0.00087 
   42   42    1    1    1    1    1    1    1    1  2.92369E+14 0.00074 
   43   43    1    1    1    1    1    1    1    1  3.47197E+14 0.00089 
   44   44    1    1    1    1    1    1    1    1  4.91772E+14 0.00078 
   45   45    1    1    1    1    1    1    1    1  9.60274E+14 0.00068 
   46   46    1    1    1    1    1    1    1    1  4.33121E+14 0.00077 
   47   47    1    1    1    1    1    1    1    1  6.81524E+14 0.00075 
   48   48    1    1    1    1    1    1    1    1  9.35673E+14 0.00054 
   49   49    1    1    1    1    1    1    1    1  9.06711E+14 0.00047 
   50   50    1    1    1    1    1    1    1    1  1.41870E+15 0.00054 
   51   51    1    1    1    1    1    1    1    1  1.09319E+15 0.00047 
   52   52    1    1    1    1    1    1    1    1  1.31583E+15 0.00035 
   53   53    1    1    1    1    1    1    1    1  9.01780E+14 0.00049 
   54   54    1    1    1    1    1    1    1    1  1.12121E+15 0.00039 
   55   55    1    1    1    1    1    1    1    1  7.66109E+14 0.00042 
   56   56    1    1    1    1    1    1    1    1  1.03441E+14 0.00079 
   57   57    1    1    1    1    1    1    1    1  1.50849E+15 0.00058 
   58   58    1    1    1    1    1    1    1    1  6.89545E+14 0.00085 
   59   59    1    1    1    1    1    1    1    1  7.26250E+14 0.00059 
   60   60    1    1    1    1    1    1    1    1  5.76733E+14 0.00051 
   61   61    1    1    1    1    1    1    1    1  5.74534E+14 0.00060 
   62   62    1    1    1    1    1    1    1    1  5.96987E+14 0.00077 
   63   63    1    1    1    1    1    1    1    1  5.03098E+14 0.00089 
   64   64    1    1    1    1    1    1    1    1  4.00321E+14 0.00088 
   65   65    1    1    1    1    1    1    1    1  3.97572E+14 0.00084 
   66   66    1    1    1    1    1    1    1    1  2.87397E+14 0.00080 
   67   67    1    1    1    1    1    1    1    1  2.32138E+14 0.00102 
   68   68    1    1    1    1    1    1    1    1  2.06870E+14 0.00120 
   69   69    1    1    1    1    1    1    1    1  2.47387E+14 0.00102 
   70   70    1    1    1    1    1    1    1    1  2.09612E+14 0.00088 
   71   71    1    1    1    1    1    1    1    1  3.74595E+14 0.00080 
   72   72    1    1    1    1    1    1    1    1  2.63615E+14 0.00086 
   73   73    1    1    1    1    1    1    1    1  1.99165E+14 0.00145 
   74   74    1    1    1    1    1    1    1    1  1.62050E+14 0.00102 
   75   75    1    1    1    1    1    1    1    1  1.36150E+14 0.00110 
   76   76    1    1    1    1    1    1    1    1  1.60117E+14 0.00172 
   77   77    1    1    1    1    1    1    1    1  1.27879E+14 0.00156 
   78   78    1    1    1    1    1    1    1    1  1.02553E+14 0.00141 
   79   79    1    1    1    1    1    1    1    1  1.06956E+14 0.00129 
   80   80    1    1    1    1    1    1    1    1  7.91898E+13 0.00167 
   81   81    1    1    1    1    1    1    1    1  6.09718E+13 0.00154 
   82   82    1    1    1    1    1    1    1    1  4.67495E+13 0.00267 
   83   83    1    1    1    1    1    1    1    1  4.35567E+13 0.00193 
   84   84    1    1    1    1    1    1    1    1  3.13263E+13 0.00287 
   85   85    1    1    1    1    1    1    1    1  2.25742E+13 0.00252 
   86   86    1    1    1    1    1    1    1    1  2.08967E+13 0.00227 
   87   87    1    1    1    1    1    1    1    1  1.28825E+13 0.00442 
   88   88    1    1    1    1    1    1    1    1  8.49556E+12 0.00648 
   89   89    1    1    1    1    1    1    1    1  4.77896E+12 0.00677 
   90   90    1    1    1    1    1    1    1    1  3.20936E+12 0.00781 
   91   91    1    1    1    1    1    1    1    1  1.56398E+12 0.01246 
   92   92    1    1    1    1    1    1    1    1  7.42162E+11 0.01439 
   93   93    1    1    1    1    1    1    1    1  3.50798E+11 0.02493 
   94   94    1    1    1    1    1    1    1    1  1.76552E+11 0.04312 
   95   95    1    1    1    1    1    1    1    1  8.30460E+10 0.05746 
   96   96    1    1    1    1    1    1    1    1  3.45876E+10 0.06366 
   97   97    1    1    1    1    1    1    1    1  1.46121E+10 0.13405 
   98   98    1    1    1    1    1    1    1    1  6.99555E+09 0.18645 
   99   99    1    1    1    1    1    1    1    1  3.23717E+09 0.24134 
  100  100    1    1    1    1    1    1    1    1  2.89343E+09 0.23038 
];


