
DETdpaspec = [
    1    1    1    1    1    1    1    1    1    1  0.00000E+00 0.00000 
    2    2    1    1    1    1    1    1    1    1  0.00000E+00 0.00000 
    3    3    1    1    1    1    1    1    1    1  0.00000E+00 0.00000 
    4    4    1    1    1    1    1    1    1    1  0.00000E+00 0.00000 
    5    5    1    1    1    1    1    1    1    1  6.75526E+06 1.00000 
    6    6    1    1    1    1    1    1    1    1  0.00000E+00 0.00000 
    7    7    1    1    1    1    1    1    1    1  9.92079E+06 1.00000 
    8    8    1    1    1    1    1    1    1    1  9.55354E+06 1.00000 
    9    9    1    1    1    1    1    1    1    1  0.00000E+00 0.00000 
   10   10    1    1    1    1    1    1    1    1  2.25511E+07 1.00000 
   11   11    1    1    1    1    1    1    1    1  6.50031E+07 0.68894 
   12   12    1    1    1    1    1    1    1    1  7.97305E+06 0.69093 
   13   13    1    1    1    1    1    1    1    1  2.55516E+08 1.00000 
   14   14    1    1    1    1    1    1    1    1  8.19674E+08 0.42539 
   15   15    1    1    1    1    1    1    1    1  9.59342E+08 0.42997 
   16   16    1    1    1    1    1    1    1    1  2.81340E+08 0.44909 
   17   17    1    1    1    1    1    1    1    1  9.96416E+08 0.27036 
   18   18    1    1    1    1    1    1    1    1  1.66595E+09 0.26134 
   19   19    1    1    1    1    1    1    1    1  3.04963E+09 0.22421 
   20   20    1    1    1    1    1    1    1    1  7.37188E+09 0.15640 
   21   21    1    1    1    1    1    1    1    1  7.40979E+09 0.14490 
   22   22    1    1    1    1    1    1    1    1  1.50937E+10 0.09850 
   23   23    1    1    1    1    1    1    1    1  2.42037E+10 0.06871 
   24   24    1    1    1    1    1    1    1    1  4.08117E+10 0.06863 
   25   25    1    1    1    1    1    1    1    1  5.46170E+10 0.05479 
   26   26    1    1    1    1    1    1    1    1  8.86905E+10 0.06023 
   27   27    1    1    1    1    1    1    1    1  1.57863E+11 0.04933 
   28   28    1    1    1    1    1    1    1    1  3.23576E+11 0.03732 
   29   29    1    1    1    1    1    1    1    1  5.46142E+11 0.03317 
   30   30    1    1    1    1    1    1    1    1  1.49792E+12 0.01737 
   31   31    1    1    1    1    1    1    1    1  4.53156E+12 0.00895 
   32   32    1    1    1    1    1    1    1    1  8.43580E+12 0.00745 
   33   33    1    1    1    1    1    1    1    1  2.00051E+13 0.00477 
   34   34    1    1    1    1    1    1    1    1  2.78991E+13 0.00278 
   35   35    1    1    1    1    1    1    1    1  3.62045E+13 0.00355 
   36   36    1    1    1    1    1    1    1    1  2.45378E+13 0.00283 
   37   37    1    1    1    1    1    1    1    1  7.51610E+12 0.00369 
   38   38    1    1    1    1    1    1    1    1  4.21188E+13 0.00258 
   39   39    1    1    1    1    1    1    1    1  5.68788E+13 0.00313 
   40   40    1    1    1    1    1    1    1    1  9.81975E+13 0.00238 
   41   41    1    1    1    1    1    1    1    1  9.90937E+13 0.00185 
   42   42    1    1    1    1    1    1    1    1  2.12308E+14 0.00174 
   43   43    1    1    1    1    1    1    1    1  2.58517E+14 0.00118 
   44   44    1    1    1    1    1    1    1    1  3.77063E+14 0.00120 
   45   45    1    1    1    1    1    1    1    1  7.60595E+14 0.00081 
   46   46    1    1    1    1    1    1    1    1  3.61705E+14 0.00077 
   47   47    1    1    1    1    1    1    1    1  5.81975E+14 0.00084 
   48   48    1    1    1    1    1    1    1    1  8.21310E+14 0.00079 
   49   49    1    1    1    1    1    1    1    1  8.16568E+14 0.00071 
   50   50    1    1    1    1    1    1    1    1  1.29180E+15 0.00056 
   51   51    1    1    1    1    1    1    1    1  1.03896E+15 0.00063 
   52   52    1    1    1    1    1    1    1    1  1.24644E+15 0.00048 
   53   53    1    1    1    1    1    1    1    1  8.75068E+14 0.00069 
   54   54    1    1    1    1    1    1    1    1  1.08162E+15 0.00054 
   55   55    1    1    1    1    1    1    1    1  7.50316E+14 0.00049 
   56   56    1    1    1    1    1    1    1    1  1.02235E+14 0.00090 
   57   57    1    1    1    1    1    1    1    1  1.49945E+15 0.00049 
   58   58    1    1    1    1    1    1    1    1  6.74614E+14 0.00075 
   59   59    1    1    1    1    1    1    1    1  7.22370E+14 0.00064 
   60   60    1    1    1    1    1    1    1    1  5.67706E+14 0.00080 
   61   61    1    1    1    1    1    1    1    1  5.70843E+14 0.00066 
   62   62    1    1    1    1    1    1    1    1  5.96479E+14 0.00103 
   63   63    1    1    1    1    1    1    1    1  5.04194E+14 0.00112 
   64   64    1    1    1    1    1    1    1    1  4.04016E+14 0.00097 
   65   65    1    1    1    1    1    1    1    1  4.02931E+14 0.00090 
   66   66    1    1    1    1    1    1    1    1  2.93162E+14 0.00084 
   67   67    1    1    1    1    1    1    1    1  2.39132E+14 0.00111 
   68   68    1    1    1    1    1    1    1    1  2.14528E+14 0.00115 
   69   69    1    1    1    1    1    1    1    1  2.57676E+14 0.00107 
   70   70    1    1    1    1    1    1    1    1  2.20849E+14 0.00145 
   71   71    1    1    1    1    1    1    1    1  4.03769E+14 0.00076 
   72   72    1    1    1    1    1    1    1    1  2.88004E+14 0.00122 
   73   73    1    1    1    1    1    1    1    1  2.17872E+14 0.00108 
   74   74    1    1    1    1    1    1    1    1  1.75689E+14 0.00134 
   75   75    1    1    1    1    1    1    1    1  1.45959E+14 0.00111 
   76   76    1    1    1    1    1    1    1    1  1.70043E+14 0.00133 
   77   77    1    1    1    1    1    1    1    1  1.34854E+14 0.00169 
   78   78    1    1    1    1    1    1    1    1  1.06942E+14 0.00163 
   79   79    1    1    1    1    1    1    1    1  1.10460E+14 0.00125 
   80   80    1    1    1    1    1    1    1    1  8.22858E+13 0.00190 
   81   81    1    1    1    1    1    1    1    1  6.33581E+13 0.00200 
   82   82    1    1    1    1    1    1    1    1  4.84490E+13 0.00215 
   83   83    1    1    1    1    1    1    1    1  4.54158E+13 0.00239 
   84   84    1    1    1    1    1    1    1    1  3.25975E+13 0.00334 
   85   85    1    1    1    1    1    1    1    1  2.36865E+13 0.00354 
   86   86    1    1    1    1    1    1    1    1  2.20162E+13 0.00313 
   87   87    1    1    1    1    1    1    1    1  1.34597E+13 0.00444 
   88   88    1    1    1    1    1    1    1    1  9.05586E+12 0.00519 
   89   89    1    1    1    1    1    1    1    1  5.26887E+12 0.00736 
   90   90    1    1    1    1    1    1    1    1  3.48580E+12 0.01048 
   91   91    1    1    1    1    1    1    1    1  1.78570E+12 0.01221 
   92   92    1    1    1    1    1    1    1    1  8.37771E+11 0.01865 
   93   93    1    1    1    1    1    1    1    1  3.98549E+11 0.02146 
   94   94    1    1    1    1    1    1    1    1  2.00888E+11 0.03412 
   95   95    1    1    1    1    1    1    1    1  9.62279E+10 0.04521 
   96   96    1    1    1    1    1    1    1    1  4.69138E+10 0.05830 
   97   97    1    1    1    1    1    1    1    1  2.05036E+10 0.11908 
   98   98    1    1    1    1    1    1    1    1  1.11233E+10 0.15595 
   99   99    1    1    1    1    1    1    1    1  5.62227E+09 0.22447 
  100  100    1    1    1    1    1    1    1    1  3.10876E+09 0.26290 
];


