
DETdpaspec = [
    1    1    1    1    1    1    1    1    1    1  0.00000E+00 0.00000 
    2    2    1    1    1    1    1    1    1    1  0.00000E+00 0.00000 
    3    3    1    1    1    1    1    1    1    1  0.00000E+00 0.00000 
    4    4    1    1    1    1    1    1    1    1  5.07656E+06 1.00000 
    5    5    1    1    1    1    1    1    1    1  0.00000E+00 0.00000 
    6    6    1    1    1    1    1    1    1    1  0.00000E+00 0.00000 
    7    7    1    1    1    1    1    1    1    1  0.00000E+00 0.00000 
    8    8    1    1    1    1    1    1    1    1  0.00000E+00 0.00000 
    9    9    1    1    1    1    1    1    1    1  0.00000E+00 0.00000 
   10   10    1    1    1    1    1    1    1    1  7.75174E+07 1.00000 
   11   11    1    1    1    1    1    1    1    1  2.02900E+07 1.00000 
   12   12    1    1    1    1    1    1    1    1  1.05079E+07 0.81044 
   13   13    1    1    1    1    1    1    1    1  1.43160E+08 0.58779 
   14   14    1    1    1    1    1    1    1    1  9.54948E+08 0.44117 
   15   15    1    1    1    1    1    1    1    1  2.17257E+09 0.37394 
   16   16    1    1    1    1    1    1    1    1  3.80355E+08 0.36668 
   17   17    1    1    1    1    1    1    1    1  1.75130E+09 0.25388 
   18   18    1    1    1    1    1    1    1    1  3.11362E+09 0.26957 
   19   19    1    1    1    1    1    1    1    1  2.16567E+09 0.22749 
   20   20    1    1    1    1    1    1    1    1  1.33959E+10 0.15064 
   21   21    1    1    1    1    1    1    1    1  9.56663E+09 0.12028 
   22   22    1    1    1    1    1    1    1    1  1.88929E+10 0.10712 
   23   23    1    1    1    1    1    1    1    1  2.67127E+10 0.11190 
   24   24    1    1    1    1    1    1    1    1  4.82455E+10 0.06699 
   25   25    1    1    1    1    1    1    1    1  5.27863E+10 0.04585 
   26   26    1    1    1    1    1    1    1    1  8.82102E+10 0.04636 
   27   27    1    1    1    1    1    1    1    1  1.60294E+11 0.02586 
   28   28    1    1    1    1    1    1    1    1  3.19138E+11 0.02367 
   29   29    1    1    1    1    1    1    1    1  4.86532E+11 0.02188 
   30   30    1    1    1    1    1    1    1    1  1.42813E+12 0.01456 
   31   31    1    1    1    1    1    1    1    1  4.26409E+12 0.01023 
   32   32    1    1    1    1    1    1    1    1  7.92051E+12 0.00736 
   33   33    1    1    1    1    1    1    1    1  1.84801E+13 0.00374 
   34   34    1    1    1    1    1    1    1    1  2.55580E+13 0.00366 
   35   35    1    1    1    1    1    1    1    1  3.50800E+13 0.00230 
   36   36    1    1    1    1    1    1    1    1  2.44429E+13 0.00243 
   37   37    1    1    1    1    1    1    1    1  7.58216E+12 0.00249 
   38   38    1    1    1    1    1    1    1    1  4.17467E+13 0.00234 
   39   39    1    1    1    1    1    1    1    1  5.62626E+13 0.00180 
   40   40    1    1    1    1    1    1    1    1  9.62435E+13 0.00155 
   41   41    1    1    1    1    1    1    1    1  9.86241E+13 0.00167 
   42   42    1    1    1    1    1    1    1    1  2.08111E+14 0.00124 
   43   43    1    1    1    1    1    1    1    1  2.53104E+14 0.00098 
   44   44    1    1    1    1    1    1    1    1  3.67901E+14 0.00082 
   45   45    1    1    1    1    1    1    1    1  7.35243E+14 0.00064 
   46   46    1    1    1    1    1    1    1    1  3.52774E+14 0.00085 
   47   47    1    1    1    1    1    1    1    1  5.71651E+14 0.00081 
   48   48    1    1    1    1    1    1    1    1  8.05237E+14 0.00071 
   49   49    1    1    1    1    1    1    1    1  8.03259E+14 0.00089 
   50   50    1    1    1    1    1    1    1    1  1.26075E+15 0.00061 
   51   51    1    1    1    1    1    1    1    1  1.02381E+15 0.00042 
   52   52    1    1    1    1    1    1    1    1  1.21579E+15 0.00055 
   53   53    1    1    1    1    1    1    1    1  8.57055E+14 0.00051 
   54   54    1    1    1    1    1    1    1    1  1.04638E+15 0.00067 
   55   55    1    1    1    1    1    1    1    1  7.27390E+14 0.00080 
   56   56    1    1    1    1    1    1    1    1  9.95886E+13 0.00113 
   57   57    1    1    1    1    1    1    1    1  1.45641E+15 0.00048 
   58   58    1    1    1    1    1    1    1    1  6.46692E+14 0.00059 
   59   59    1    1    1    1    1    1    1    1  6.95230E+14 0.00063 
   60   60    1    1    1    1    1    1    1    1  5.40563E+14 0.00066 
   61   61    1    1    1    1    1    1    1    1  5.43830E+14 0.00076 
   62   62    1    1    1    1    1    1    1    1  5.67387E+14 0.00066 
   63   63    1    1    1    1    1    1    1    1  4.78738E+14 0.00068 
   64   64    1    1    1    1    1    1    1    1  3.82807E+14 0.00105 
   65   65    1    1    1    1    1    1    1    1  3.82139E+14 0.00091 
   66   66    1    1    1    1    1    1    1    1  2.78060E+14 0.00096 
   67   67    1    1    1    1    1    1    1    1  2.27209E+14 0.00082 
   68   68    1    1    1    1    1    1    1    1  2.04441E+14 0.00065 
   69   69    1    1    1    1    1    1    1    1  2.45607E+14 0.00097 
   70   70    1    1    1    1    1    1    1    1  2.10248E+14 0.00120 
   71   71    1    1    1    1    1    1    1    1  3.88793E+14 0.00099 
   72   72    1    1    1    1    1    1    1    1  2.76816E+14 0.00128 
   73   73    1    1    1    1    1    1    1    1  2.08771E+14 0.00149 
   74   74    1    1    1    1    1    1    1    1  1.67221E+14 0.00165 
   75   75    1    1    1    1    1    1    1    1  1.38272E+14 0.00141 
   76   76    1    1    1    1    1    1    1    1  1.59303E+14 0.00132 
   77   77    1    1    1    1    1    1    1    1  1.25119E+14 0.00158 
   78   78    1    1    1    1    1    1    1    1  9.91238E+13 0.00181 
   79   79    1    1    1    1    1    1    1    1  1.02064E+14 0.00153 
   80   80    1    1    1    1    1    1    1    1  7.53812E+13 0.00180 
   81   81    1    1    1    1    1    1    1    1  5.77388E+13 0.00249 
   82   82    1    1    1    1    1    1    1    1  4.43373E+13 0.00281 
   83   83    1    1    1    1    1    1    1    1  4.12293E+13 0.00246 
   84   84    1    1    1    1    1    1    1    1  2.97693E+13 0.00290 
   85   85    1    1    1    1    1    1    1    1  2.14888E+13 0.00346 
   86   86    1    1    1    1    1    1    1    1  2.00101E+13 0.00303 
   87   87    1    1    1    1    1    1    1    1  1.23667E+13 0.00370 
   88   88    1    1    1    1    1    1    1    1  8.44861E+12 0.00585 
   89   89    1    1    1    1    1    1    1    1  4.76572E+12 0.00780 
   90   90    1    1    1    1    1    1    1    1  3.16198E+12 0.00863 
   91   91    1    1    1    1    1    1    1    1  1.63198E+12 0.01448 
   92   92    1    1    1    1    1    1    1    1  7.68650E+11 0.01897 
   93   93    1    1    1    1    1    1    1    1  3.86703E+11 0.02424 
   94   94    1    1    1    1    1    1    1    1  1.71929E+11 0.03952 
   95   95    1    1    1    1    1    1    1    1  8.45332E+10 0.06785 
   96   96    1    1    1    1    1    1    1    1  4.41624E+10 0.07880 
   97   97    1    1    1    1    1    1    1    1  2.12141E+10 0.10876 
   98   98    1    1    1    1    1    1    1    1  8.83885E+09 0.15887 
   99   99    1    1    1    1    1    1    1    1  2.79576E+09 0.31731 
  100  100    1    1    1    1    1    1    1    1  5.81334E+09 0.22237 
];


