
DETdpaspec = [
    1    1    1    1    1    1    1    1    1    1  0.00000E+00 0.00000 
    2    2    1    1    1    1    1    1    1    1  0.00000E+00 0.00000 
    3    3    1    1    1    1    1    1    1    1  0.00000E+00 0.00000 
    4    4    1    1    1    1    1    1    1    1  0.00000E+00 0.00000 
    5    5    1    1    1    1    1    1    1    1  0.00000E+00 0.00000 
    6    6    1    1    1    1    1    1    1    1  0.00000E+00 0.00000 
    7    7    1    1    1    1    1    1    1    1  1.27388E+07 1.00000 
    8    8    1    1    1    1    1    1    1    1  0.00000E+00 0.00000 
    9    9    1    1    1    1    1    1    1    1  0.00000E+00 0.00000 
   10   10    1    1    1    1    1    1    1    1  0.00000E+00 0.00000 
   11   11    1    1    1    1    1    1    1    1  3.98815E+07 1.00000 
   12   12    1    1    1    1    1    1    1    1  0.00000E+00 0.00000 
   13   13    1    1    1    1    1    1    1    1  1.58639E+08 1.00000 
   14   14    1    1    1    1    1    1    1    1  2.93060E+08 0.56951 
   15   15    1    1    1    1    1    1    1    1  6.92075E+08 0.65032 
   16   16    1    1    1    1    1    1    1    1  6.32692E+08 0.42136 
   17   17    1    1    1    1    1    1    1    1  1.64256E+09 0.29966 
   18   18    1    1    1    1    1    1    1    1  1.59631E+09 0.38069 
   19   19    1    1    1    1    1    1    1    1  2.00388E+09 0.30747 
   20   20    1    1    1    1    1    1    1    1  5.59252E+09 0.23143 
   21   21    1    1    1    1    1    1    1    1  6.18168E+09 0.15425 
   22   22    1    1    1    1    1    1    1    1  1.26978E+10 0.13413 
   23   23    1    1    1    1    1    1    1    1  2.01725E+10 0.11942 
   24   24    1    1    1    1    1    1    1    1  4.09892E+10 0.05463 
   25   25    1    1    1    1    1    1    1    1  5.76589E+10 0.07561 
   26   26    1    1    1    1    1    1    1    1  1.06659E+11 0.05858 
   27   27    1    1    1    1    1    1    1    1  2.41943E+11 0.03624 
   28   28    1    1    1    1    1    1    1    1  5.87834E+11 0.01471 
   29   29    1    1    1    1    1    1    1    1  1.06651E+12 0.01417 
   30   30    1    1    1    1    1    1    1    1  2.66753E+12 0.01086 
   31   31    1    1    1    1    1    1    1    1  7.35247E+12 0.00934 
   32   32    1    1    1    1    1    1    1    1  1.25182E+13 0.00428 
   33   33    1    1    1    1    1    1    1    1  2.86115E+13 0.00422 
   34   34    1    1    1    1    1    1    1    1  3.86611E+13 0.00271 
   35   35    1    1    1    1    1    1    1    1  4.49574E+13 0.00274 
   36   36    1    1    1    1    1    1    1    1  2.89011E+13 0.00205 
   37   37    1    1    1    1    1    1    1    1  8.60244E+12 0.00228 
   38   38    1    1    1    1    1    1    1    1  4.90969E+13 0.00244 
   39   39    1    1    1    1    1    1    1    1  6.57722E+13 0.00180 
   40   40    1    1    1    1    1    1    1    1  1.13264E+14 0.00239 
   41   41    1    1    1    1    1    1    1    1  1.11508E+14 0.00188 
   42   42    1    1    1    1    1    1    1    1  2.39987E+14 0.00113 
   43   43    1    1    1    1    1    1    1    1  2.90317E+14 0.00113 
   44   44    1    1    1    1    1    1    1    1  4.19100E+14 0.00105 
   45   45    1    1    1    1    1    1    1    1  8.39073E+14 0.00075 
   46   46    1    1    1    1    1    1    1    1  3.89818E+14 0.00071 
   47   47    1    1    1    1    1    1    1    1  6.21462E+14 0.00060 
   48   48    1    1    1    1    1    1    1    1  8.69584E+14 0.00081 
   49   49    1    1    1    1    1    1    1    1  8.54953E+14 0.00084 
   50   50    1    1    1    1    1    1    1    1  1.35305E+15 0.00057 
   51   51    1    1    1    1    1    1    1    1  1.06658E+15 0.00055 
   52   52    1    1    1    1    1    1    1    1  1.29079E+15 0.00065 
   53   53    1    1    1    1    1    1    1    1  8.97066E+14 0.00063 
   54   54    1    1    1    1    1    1    1    1  1.11825E+15 0.00061 
   55   55    1    1    1    1    1    1    1    1  7.71963E+14 0.00068 
   56   56    1    1    1    1    1    1    1    1  1.04650E+14 0.00117 
   57   57    1    1    1    1    1    1    1    1  1.53259E+15 0.00041 
   58   58    1    1    1    1    1    1    1    1  6.99606E+14 0.00059 
   59   59    1    1    1    1    1    1    1    1  7.43597E+14 0.00050 
   60   60    1    1    1    1    1    1    1    1  5.89329E+14 0.00074 
   61   61    1    1    1    1    1    1    1    1  5.90637E+14 0.00071 
   62   62    1    1    1    1    1    1    1    1  6.15968E+14 0.00061 
   63   63    1    1    1    1    1    1    1    1  5.21990E+14 0.00062 
   64   64    1    1    1    1    1    1    1    1  4.16892E+14 0.00066 
   65   65    1    1    1    1    1    1    1    1  4.15570E+14 0.00066 
   66   66    1    1    1    1    1    1    1    1  3.01933E+14 0.00075 
   67   67    1    1    1    1    1    1    1    1  2.45312E+14 0.00067 
   68   68    1    1    1    1    1    1    1    1  2.19232E+14 0.00090 
   69   69    1    1    1    1    1    1    1    1  2.63580E+14 0.00093 
   70   70    1    1    1    1    1    1    1    1  2.24243E+14 0.00110 
   71   71    1    1    1    1    1    1    1    1  4.04845E+14 0.00122 
   72   72    1    1    1    1    1    1    1    1  2.87143E+14 0.00134 
   73   73    1    1    1    1    1    1    1    1  2.17465E+14 0.00151 
   74   74    1    1    1    1    1    1    1    1  1.76542E+14 0.00090 
   75   75    1    1    1    1    1    1    1    1  1.48389E+14 0.00109 
   76   76    1    1    1    1    1    1    1    1  1.73789E+14 0.00111 
   77   77    1    1    1    1    1    1    1    1  1.38832E+14 0.00164 
   78   78    1    1    1    1    1    1    1    1  1.11472E+14 0.00177 
   79   79    1    1    1    1    1    1    1    1  1.15438E+14 0.00144 
   80   80    1    1    1    1    1    1    1    1  8.58893E+13 0.00172 
   81   81    1    1    1    1    1    1    1    1  6.60432E+13 0.00159 
   82   82    1    1    1    1    1    1    1    1  5.09687E+13 0.00136 
   83   83    1    1    1    1    1    1    1    1  4.77942E+13 0.00254 
   84   84    1    1    1    1    1    1    1    1  3.41464E+13 0.00254 
   85   85    1    1    1    1    1    1    1    1  2.46570E+13 0.00323 
   86   86    1    1    1    1    1    1    1    1  2.31083E+13 0.00292 
   87   87    1    1    1    1    1    1    1    1  1.41171E+13 0.00495 
   88   88    1    1    1    1    1    1    1    1  9.43373E+12 0.00620 
   89   89    1    1    1    1    1    1    1    1  5.45021E+12 0.00499 
   90   90    1    1    1    1    1    1    1    1  3.55495E+12 0.00908 
   91   91    1    1    1    1    1    1    1    1  1.82567E+12 0.01298 
   92   92    1    1    1    1    1    1    1    1  8.77423E+11 0.01402 
   93   93    1    1    1    1    1    1    1    1  4.09048E+11 0.02684 
   94   94    1    1    1    1    1    1    1    1  2.00044E+11 0.03467 
   95   95    1    1    1    1    1    1    1    1  9.89934E+10 0.06225 
   96   96    1    1    1    1    1    1    1    1  5.18406E+10 0.09987 
   97   97    1    1    1    1    1    1    1    1  2.13585E+10 0.11568 
   98   98    1    1    1    1    1    1    1    1  9.78050E+09 0.18179 
   99   99    1    1    1    1    1    1    1    1  6.16071E+09 0.20267 
  100  100    1    1    1    1    1    1    1    1  3.65305E+09 0.20527 
];


