
DETdpaspec = [
    1    1    1    1    1    1    1    1    1    1  0.00000E+00 0.00000 
    2    2    1    1    1    1    1    1    1    1  0.00000E+00 0.00000 
    3    3    1    1    1    1    1    1    1    1  0.00000E+00 0.00000 
    4    4    1    1    1    1    1    1    1    1  0.00000E+00 0.00000 
    5    5    1    1    1    1    1    1    1    1  0.00000E+00 0.00000 
    6    6    1    1    1    1    1    1    1    1  2.06132E+07 0.68825 
    7    7    1    1    1    1    1    1    1    1  1.32470E+07 1.00000 
    8    8    1    1    1    1    1    1    1    1  2.39000E+07 1.00000 
    9    9    1    1    1    1    1    1    1    1  0.00000E+00 0.00000 
   10   10    1    1    1    1    1    1    1    1  6.40814E+07 1.00000 
   11   11    1    1    1    1    1    1    1    1  4.15128E+07 1.00000 
   12   12    1    1    1    1    1    1    1    1  2.96446E+07 0.70094 
   13   13    1    1    1    1    1    1    1    1  1.04966E+08 1.00000 
   14   14    1    1    1    1    1    1    1    1  6.56895E+08 0.40651 
   15   15    1    1    1    1    1    1    1    1  8.47768E+08 0.40866 
   16   16    1    1    1    1    1    1    1    1  6.94267E+08 0.52348 
   17   17    1    1    1    1    1    1    1    1  1.38471E+09 0.41567 
   18   18    1    1    1    1    1    1    1    1  2.10227E+09 0.27129 
   19   19    1    1    1    1    1    1    1    1  6.07312E+08 0.42961 
   20   20    1    1    1    1    1    1    1    1  8.89824E+09 0.21441 
   21   21    1    1    1    1    1    1    1    1  5.03162E+09 0.14683 
   22   22    1    1    1    1    1    1    1    1  1.40585E+10 0.17740 
   23   23    1    1    1    1    1    1    1    1  2.00291E+10 0.13281 
   24   24    1    1    1    1    1    1    1    1  3.82870E+10 0.08068 
   25   25    1    1    1    1    1    1    1    1  6.88889E+10 0.04496 
   26   26    1    1    1    1    1    1    1    1  1.48700E+11 0.04559 
   27   27    1    1    1    1    1    1    1    1  3.37164E+11 0.02809 
   28   28    1    1    1    1    1    1    1    1  7.97505E+11 0.01830 
   29   29    1    1    1    1    1    1    1    1  1.42650E+12 0.01574 
   30   30    1    1    1    1    1    1    1    1  3.29393E+12 0.00668 
   31   31    1    1    1    1    1    1    1    1  8.73198E+12 0.00779 
   32   32    1    1    1    1    1    1    1    1  1.43956E+13 0.00557 
   33   33    1    1    1    1    1    1    1    1  3.20242E+13 0.00274 
   34   34    1    1    1    1    1    1    1    1  4.28121E+13 0.00282 
   35   35    1    1    1    1    1    1    1    1  4.84750E+13 0.00210 
   36   36    1    1    1    1    1    1    1    1  3.06986E+13 0.00202 
   37   37    1    1    1    1    1    1    1    1  9.12249E+12 0.00224 
   38   38    1    1    1    1    1    1    1    1  5.19026E+13 0.00142 
   39   39    1    1    1    1    1    1    1    1  6.92567E+13 0.00156 
   40   40    1    1    1    1    1    1    1    1  1.18706E+14 0.00160 
   41   41    1    1    1    1    1    1    1    1  1.16017E+14 0.00151 
   42   42    1    1    1    1    1    1    1    1  2.49588E+14 0.00078 
   43   43    1    1    1    1    1    1    1    1  3.01283E+14 0.00137 
   44   44    1    1    1    1    1    1    1    1  4.32705E+14 0.00127 
   45   45    1    1    1    1    1    1    1    1  8.65363E+14 0.00069 
   46   46    1    1    1    1    1    1    1    1  3.98956E+14 0.00084 
   47   47    1    1    1    1    1    1    1    1  6.35079E+14 0.00085 
   48   48    1    1    1    1    1    1    1    1  8.83951E+14 0.00069 
   49   49    1    1    1    1    1    1    1    1  8.67946E+14 0.00072 
   50   50    1    1    1    1    1    1    1    1  1.36965E+15 0.00046 
   51   51    1    1    1    1    1    1    1    1  1.07511E+15 0.00074 
   52   52    1    1    1    1    1    1    1    1  1.30060E+15 0.00038 
   53   53    1    1    1    1    1    1    1    1  9.02195E+14 0.00055 
   54   54    1    1    1    1    1    1    1    1  1.12304E+15 0.00044 
   55   55    1    1    1    1    1    1    1    1  7.72739E+14 0.00044 
   56   56    1    1    1    1    1    1    1    1  1.04740E+14 0.00099 
   57   57    1    1    1    1    1    1    1    1  1.53466E+15 0.00054 
   58   58    1    1    1    1    1    1    1    1  7.00902E+14 0.00077 
   59   59    1    1    1    1    1    1    1    1  7.43958E+14 0.00058 
   60   60    1    1    1    1    1    1    1    1  5.91073E+14 0.00057 
   61   61    1    1    1    1    1    1    1    1  5.90584E+14 0.00067 
   62   62    1    1    1    1    1    1    1    1  6.14757E+14 0.00072 
   63   63    1    1    1    1    1    1    1    1  5.20651E+14 0.00072 
   64   64    1    1    1    1    1    1    1    1  4.15768E+14 0.00124 
   65   65    1    1    1    1    1    1    1    1  4.14082E+14 0.00133 
   66   66    1    1    1    1    1    1    1    1  3.00869E+14 0.00086 
   67   67    1    1    1    1    1    1    1    1  2.44221E+14 0.00104 
   68   68    1    1    1    1    1    1    1    1  2.18166E+14 0.00105 
   69   69    1    1    1    1    1    1    1    1  2.61745E+14 0.00099 
   70   70    1    1    1    1    1    1    1    1  2.22453E+14 0.00108 
   71   71    1    1    1    1    1    1    1    1  4.01481E+14 0.00095 
   72   72    1    1    1    1    1    1    1    1  2.83869E+14 0.00121 
   73   73    1    1    1    1    1    1    1    1  2.14990E+14 0.00113 
   74   74    1    1    1    1    1    1    1    1  1.75077E+14 0.00172 
   75   75    1    1    1    1    1    1    1    1  1.46649E+14 0.00180 
   76   76    1    1    1    1    1    1    1    1  1.72275E+14 0.00103 
   77   77    1    1    1    1    1    1    1    1  1.37707E+14 0.00112 
   78   78    1    1    1    1    1    1    1    1  1.10646E+14 0.00145 
   79   79    1    1    1    1    1    1    1    1  1.15068E+14 0.00179 
   80   80    1    1    1    1    1    1    1    1  8.54553E+13 0.00224 
   81   81    1    1    1    1    1    1    1    1  6.57851E+13 0.00222 
   82   82    1    1    1    1    1    1    1    1  5.07034E+13 0.00242 
   83   83    1    1    1    1    1    1    1    1  4.73189E+13 0.00248 
   84   84    1    1    1    1    1    1    1    1  3.41637E+13 0.00255 
   85   85    1    1    1    1    1    1    1    1  2.44738E+13 0.00348 
   86   86    1    1    1    1    1    1    1    1  2.29954E+13 0.00344 
   87   87    1    1    1    1    1    1    1    1  1.41182E+13 0.00452 
   88   88    1    1    1    1    1    1    1    1  9.39986E+12 0.00483 
   89   89    1    1    1    1    1    1    1    1  5.39550E+12 0.00652 
   90   90    1    1    1    1    1    1    1    1  3.58038E+12 0.00793 
   91   91    1    1    1    1    1    1    1    1  1.74893E+12 0.00733 
   92   92    1    1    1    1    1    1    1    1  8.55316E+11 0.01964 
   93   93    1    1    1    1    1    1    1    1  4.34921E+11 0.02715 
   94   94    1    1    1    1    1    1    1    1  1.90195E+11 0.02831 
   95   95    1    1    1    1    1    1    1    1  1.00406E+11 0.03988 
   96   96    1    1    1    1    1    1    1    1  4.44793E+10 0.08176 
   97   97    1    1    1    1    1    1    1    1  2.09877E+10 0.14844 
   98   98    1    1    1    1    1    1    1    1  1.09190E+10 0.14635 
   99   99    1    1    1    1    1    1    1    1  6.37386E+09 0.22505 
  100  100    1    1    1    1    1    1    1    1  4.64936E+09 0.18646 
];


