
DETdpaspec = [
    1    1    1    1    1    1    1    1    1    1  0.00000E+00 0.00000 
    2    2    1    1    1    1    1    1    1    1  0.00000E+00 0.00000 
    3    3    1    1    1    1    1    1    1    1  0.00000E+00 0.00000 
    4    4    1    1    1    1    1    1    1    1  0.00000E+00 0.00000 
    5    5    1    1    1    1    1    1    1    1  0.00000E+00 0.00000 
    6    6    1    1    1    1    1    1    1    1  0.00000E+00 0.00000 
    7    7    1    1    1    1    1    1    1    1  0.00000E+00 0.00000 
    8    8    1    1    1    1    1    1    1    1  0.00000E+00 0.00000 
    9    9    1    1    1    1    1    1    1    1  0.00000E+00 0.00000 
   10   10    1    1    1    1    1    1    1    1  0.00000E+00 0.00000 
   11   11    1    1    1    1    1    1    1    1  0.00000E+00 0.00000 
   12   12    1    1    1    1    1    1    1    1  1.36010E+08 1.00000 
   13   13    1    1    1    1    1    1    1    1  1.70620E+08 1.00000 
   14   14    1    1    1    1    1    1    1    1  1.10847E+08 0.68873 
   15   15    1    1    1    1    1    1    1    1  1.32278E+09 0.79037 
   16   16    1    1    1    1    1    1    1    1  5.83677E+08 0.70070 
   17   17    1    1    1    1    1    1    1    1  4.55465E+08 0.52014 
   18   18    1    1    1    1    1    1    1    1  1.19771E+09 0.51782 
   19   19    1    1    1    1    1    1    1    1  1.18008E+09 0.42535 
   20   20    1    1    1    1    1    1    1    1  3.66542E+09 0.25228 
   21   21    1    1    1    1    1    1    1    1  4.43179E+09 0.20982 
   22   22    1    1    1    1    1    1    1    1  1.28399E+10 0.14685 
   23   23    1    1    1    1    1    1    1    1  4.80823E+10 0.06758 
   24   24    1    1    1    1    1    1    1    1  1.69249E+11 0.04235 
   25   25    1    1    1    1    1    1    1    1  2.86578E+11 0.03868 
   26   26    1    1    1    1    1    1    1    1  6.22669E+11 0.02475 
   27   27    1    1    1    1    1    1    1    1  1.27999E+12 0.02086 
   28   28    1    1    1    1    1    1    1    1  2.60245E+12 0.01203 
   29   29    1    1    1    1    1    1    1    1  4.13224E+12 0.00902 
   30   30    1    1    1    1    1    1    1    1  8.13495E+12 0.00745 
   31   31    1    1    1    1    1    1    1    1  1.71742E+13 0.00341 
   32   32    1    1    1    1    1    1    1    1  2.53369E+13 0.00357 
   33   33    1    1    1    1    1    1    1    1  5.07761E+13 0.00250 
   34   34    1    1    1    1    1    1    1    1  6.29633E+13 0.00214 
   35   35    1    1    1    1    1    1    1    1  6.51954E+13 0.00175 
   36   36    1    1    1    1    1    1    1    1  3.91099E+13 0.00212 
   37   37    1    1    1    1    1    1    1    1  1.14105E+13 0.00224 
   38   38    1    1    1    1    1    1    1    1  6.51070E+13 0.00156 
   39   39    1    1    1    1    1    1    1    1  8.58092E+13 0.00116 
   40   40    1    1    1    1    1    1    1    1  1.45013E+14 0.00150 
   41   41    1    1    1    1    1    1    1    1  1.38280E+14 0.00141 
   42   42    1    1    1    1    1    1    1    1  2.95255E+14 0.00135 
   43   43    1    1    1    1    1    1    1    1  3.50335E+14 0.00083 
   44   44    1    1    1    1    1    1    1    1  4.94988E+14 0.00085 
   45   45    1    1    1    1    1    1    1    1  9.66331E+14 0.00064 
   46   46    1    1    1    1    1    1    1    1  4.34796E+14 0.00072 
   47   47    1    1    1    1    1    1    1    1  6.83750E+14 0.00067 
   48   48    1    1    1    1    1    1    1    1  9.37826E+14 0.00060 
   49   49    1    1    1    1    1    1    1    1  9.07751E+14 0.00049 
   50   50    1    1    1    1    1    1    1    1  1.41912E+15 0.00056 
   51   51    1    1    1    1    1    1    1    1  1.09195E+15 0.00069 
   52   52    1    1    1    1    1    1    1    1  1.31489E+15 0.00054 
   53   53    1    1    1    1    1    1    1    1  9.00705E+14 0.00060 
   54   54    1    1    1    1    1    1    1    1  1.11993E+15 0.00047 
   55   55    1    1    1    1    1    1    1    1  7.64982E+14 0.00055 
   56   56    1    1    1    1    1    1    1    1  1.03400E+14 0.00133 
   57   57    1    1    1    1    1    1    1    1  1.50559E+15 0.00056 
   58   58    1    1    1    1    1    1    1    1  6.87437E+14 0.00056 
   59   59    1    1    1    1    1    1    1    1  7.24094E+14 0.00044 
   60   60    1    1    1    1    1    1    1    1  5.74775E+14 0.00067 
   61   61    1    1    1    1    1    1    1    1  5.72274E+14 0.00064 
   62   62    1    1    1    1    1    1    1    1  5.94447E+14 0.00071 
   63   63    1    1    1    1    1    1    1    1  5.00743E+14 0.00074 
   64   64    1    1    1    1    1    1    1    1  3.98070E+14 0.00072 
   65   65    1    1    1    1    1    1    1    1  3.94813E+14 0.00091 
   66   66    1    1    1    1    1    1    1    1  2.85901E+14 0.00093 
   67   67    1    1    1    1    1    1    1    1  2.31290E+14 0.00101 
   68   68    1    1    1    1    1    1    1    1  2.05947E+14 0.00084 
   69   69    1    1    1    1    1    1    1    1  2.46025E+14 0.00101 
   70   70    1    1    1    1    1    1    1    1  2.08660E+14 0.00124 
   71   71    1    1    1    1    1    1    1    1  3.71928E+14 0.00087 
   72   72    1    1    1    1    1    1    1    1  2.61479E+14 0.00141 
   73   73    1    1    1    1    1    1    1    1  1.97648E+14 0.00121 
   74   74    1    1    1    1    1    1    1    1  1.60353E+14 0.00107 
   75   75    1    1    1    1    1    1    1    1  1.35238E+14 0.00119 
   76   76    1    1    1    1    1    1    1    1  1.58313E+14 0.00159 
   77   77    1    1    1    1    1    1    1    1  1.26860E+14 0.00111 
   78   78    1    1    1    1    1    1    1    1  1.02079E+14 0.00128 
   79   79    1    1    1    1    1    1    1    1  1.05633E+14 0.00156 
   80   80    1    1    1    1    1    1    1    1  7.85213E+13 0.00183 
   81   81    1    1    1    1    1    1    1    1  6.03537E+13 0.00219 
   82   82    1    1    1    1    1    1    1    1  4.62066E+13 0.00235 
   83   83    1    1    1    1    1    1    1    1  4.32799E+13 0.00245 
   84   84    1    1    1    1    1    1    1    1  3.09335E+13 0.00192 
   85   85    1    1    1    1    1    1    1    1  2.22600E+13 0.00338 
   86   86    1    1    1    1    1    1    1    1  2.07732E+13 0.00408 
   87   87    1    1    1    1    1    1    1    1  1.26319E+13 0.00525 
   88   88    1    1    1    1    1    1    1    1  8.39771E+12 0.00460 
   89   89    1    1    1    1    1    1    1    1  4.80728E+12 0.00747 
   90   90    1    1    1    1    1    1    1    1  3.15369E+12 0.00755 
   91   91    1    1    1    1    1    1    1    1  1.57344E+12 0.01024 
   92   92    1    1    1    1    1    1    1    1  7.30079E+11 0.01301 
   93   93    1    1    1    1    1    1    1    1  3.65458E+11 0.01976 
   94   94    1    1    1    1    1    1    1    1  1.65453E+11 0.04906 
   95   95    1    1    1    1    1    1    1    1  7.62887E+10 0.04910 
   96   96    1    1    1    1    1    1    1    1  3.72094E+10 0.05709 
   97   97    1    1    1    1    1    1    1    1  1.65096E+10 0.13187 
   98   98    1    1    1    1    1    1    1    1  6.75197E+09 0.21902 
   99   99    1    1    1    1    1    1    1    1  3.55507E+09 0.25303 
  100  100    1    1    1    1    1    1    1    1  4.09267E+09 0.25266 
];


