
DETdpaspec = [
    1    1    1    1    1    1    1    1    1    1  0.00000E+00 0.00000 
    2    2    1    1    1    1    1    1    1    1  0.00000E+00 0.00000 
    3    3    1    1    1    1    1    1    1    1  0.00000E+00 0.00000 
    4    4    1    1    1    1    1    1    1    1  0.00000E+00 0.00000 
    5    5    1    1    1    1    1    1    1    1  0.00000E+00 0.00000 
    6    6    1    1    1    1    1    1    1    1  0.00000E+00 0.00000 
    7    7    1    1    1    1    1    1    1    1  0.00000E+00 0.00000 
    8    8    1    1    1    1    1    1    1    1  0.00000E+00 0.00000 
    9    9    1    1    1    1    1    1    1    1  3.80264E+06 1.00000 
   10   10    1    1    1    1    1    1    1    1  0.00000E+00 0.00000 
   11   11    1    1    1    1    1    1    1    1  0.00000E+00 0.00000 
   12   12    1    1    1    1    1    1    1    1  3.16422E+07 0.69829 
   13   13    1    1    1    1    1    1    1    1  1.41328E+08 0.72289 
   14   14    1    1    1    1    1    1    1    1  6.04808E+08 1.00000 
   15   15    1    1    1    1    1    1    1    1  7.86170E+08 0.58551 
   16   16    1    1    1    1    1    1    1    1  7.10620E+08 0.49330 
   17   17    1    1    1    1    1    1    1    1  1.17949E+09 0.37022 
   18   18    1    1    1    1    1    1    1    1  2.50100E+09 0.35704 
   19   19    1    1    1    1    1    1    1    1  2.64805E+09 0.21162 
   20   20    1    1    1    1    1    1    1    1  9.92201E+09 0.19510 
   21   21    1    1    1    1    1    1    1    1  4.63742E+09 0.18783 
   22   22    1    1    1    1    1    1    1    1  1.28440E+10 0.12951 
   23   23    1    1    1    1    1    1    1    1  2.19148E+10 0.11653 
   24   24    1    1    1    1    1    1    1    1  4.03823E+10 0.06148 
   25   25    1    1    1    1    1    1    1    1  4.70125E+10 0.07188 
   26   26    1    1    1    1    1    1    1    1  8.52990E+10 0.05337 
   27   27    1    1    1    1    1    1    1    1  1.57928E+11 0.04095 
   28   28    1    1    1    1    1    1    1    1  3.67709E+11 0.02315 
   29   29    1    1    1    1    1    1    1    1  6.47087E+11 0.01810 
   30   30    1    1    1    1    1    1    1    1  1.74429E+12 0.01250 
   31   31    1    1    1    1    1    1    1    1  5.14454E+12 0.00888 
   32   32    1    1    1    1    1    1    1    1  9.40394E+12 0.00520 
   33   33    1    1    1    1    1    1    1    1  2.21853E+13 0.00328 
   34   34    1    1    1    1    1    1    1    1  3.10069E+13 0.00336 
   35   35    1    1    1    1    1    1    1    1  3.84923E+13 0.00267 
   36   36    1    1    1    1    1    1    1    1  2.57001E+13 0.00242 
   37   37    1    1    1    1    1    1    1    1  7.77142E+12 0.00294 
   38   38    1    1    1    1    1    1    1    1  4.39718E+13 0.00299 
   39   39    1    1    1    1    1    1    1    1  5.91378E+13 0.00280 
   40   40    1    1    1    1    1    1    1    1  1.02260E+14 0.00245 
   41   41    1    1    1    1    1    1    1    1  1.02301E+14 0.00174 
   42   42    1    1    1    1    1    1    1    1  2.19713E+14 0.00173 
   43   43    1    1    1    1    1    1    1    1  2.67596E+14 0.00143 
   44   44    1    1    1    1    1    1    1    1  3.88503E+14 0.00123 
   45   45    1    1    1    1    1    1    1    1  7.85249E+14 0.00071 
   46   46    1    1    1    1    1    1    1    1  3.69687E+14 0.00101 
   47   47    1    1    1    1    1    1    1    1  5.94518E+14 0.00091 
   48   48    1    1    1    1    1    1    1    1  8.36358E+14 0.00046 
   49   49    1    1    1    1    1    1    1    1  8.28440E+14 0.00038 
   50   50    1    1    1    1    1    1    1    1  1.31206E+15 0.00060 
   51   51    1    1    1    1    1    1    1    1  1.04822E+15 0.00061 
   52   52    1    1    1    1    1    1    1    1  1.26412E+15 0.00048 
   53   53    1    1    1    1    1    1    1    1  8.85224E+14 0.00067 
   54   54    1    1    1    1    1    1    1    1  1.09791E+15 0.00068 
   55   55    1    1    1    1    1    1    1    1  7.59371E+14 0.00047 
   56   56    1    1    1    1    1    1    1    1  1.03396E+14 0.00146 
   57   57    1    1    1    1    1    1    1    1  1.51782E+15 0.00052 
   58   58    1    1    1    1    1    1    1    1  6.87903E+14 0.00074 
   59   59    1    1    1    1    1    1    1    1  7.34345E+14 0.00070 
   60   60    1    1    1    1    1    1    1    1  5.78965E+14 0.00074 
   61   61    1    1    1    1    1    1    1    1  5.81414E+14 0.00071 
   62   62    1    1    1    1    1    1    1    1  6.07706E+14 0.00079 
   63   63    1    1    1    1    1    1    1    1  5.14632E+14 0.00069 
   64   64    1    1    1    1    1    1    1    1  4.11956E+14 0.00072 
   65   65    1    1    1    1    1    1    1    1  4.11149E+14 0.00072 
   66   66    1    1    1    1    1    1    1    1  2.98684E+14 0.00111 
   67   67    1    1    1    1    1    1    1    1  2.43591E+14 0.00119 
   68   68    1    1    1    1    1    1    1    1  2.18233E+14 0.00140 
   69   69    1    1    1    1    1    1    1    1  2.62395E+14 0.00135 
   70   70    1    1    1    1    1    1    1    1  2.24287E+14 0.00118 
   71   71    1    1    1    1    1    1    1    1  4.07925E+14 0.00103 
   72   72    1    1    1    1    1    1    1    1  2.90089E+14 0.00122 
   73   73    1    1    1    1    1    1    1    1  2.19822E+14 0.00109 
   74   74    1    1    1    1    1    1    1    1  1.78119E+14 0.00123 
   75   75    1    1    1    1    1    1    1    1  1.48377E+14 0.00113 
   76   76    1    1    1    1    1    1    1    1  1.73227E+14 0.00115 
   77   77    1    1    1    1    1    1    1    1  1.37648E+14 0.00154 
   78   78    1    1    1    1    1    1    1    1  1.10060E+14 0.00167 
   79   79    1    1    1    1    1    1    1    1  1.13789E+14 0.00124 
   80   80    1    1    1    1    1    1    1    1  8.44457E+13 0.00142 
   81   81    1    1    1    1    1    1    1    1  6.51896E+13 0.00210 
   82   82    1    1    1    1    1    1    1    1  5.01449E+13 0.00233 
   83   83    1    1    1    1    1    1    1    1  4.68038E+13 0.00219 
   84   84    1    1    1    1    1    1    1    1  3.36868E+13 0.00265 
   85   85    1    1    1    1    1    1    1    1  2.43538E+13 0.00307 
   86   86    1    1    1    1    1    1    1    1  2.26489E+13 0.00274 
   87   87    1    1    1    1    1    1    1    1  1.39498E+13 0.00439 
   88   88    1    1    1    1    1    1    1    1  9.35622E+12 0.00476 
   89   89    1    1    1    1    1    1    1    1  5.37738E+12 0.00651 
   90   90    1    1    1    1    1    1    1    1  3.61550E+12 0.00778 
   91   91    1    1    1    1    1    1    1    1  1.81150E+12 0.01218 
   92   92    1    1    1    1    1    1    1    1  8.52421E+11 0.02012 
   93   93    1    1    1    1    1    1    1    1  4.10283E+11 0.02699 
   94   94    1    1    1    1    1    1    1    1  2.08328E+11 0.03248 
   95   95    1    1    1    1    1    1    1    1  9.49315E+10 0.04258 
   96   96    1    1    1    1    1    1    1    1  4.38791E+10 0.07231 
   97   97    1    1    1    1    1    1    1    1  1.90294E+10 0.09352 
   98   98    1    1    1    1    1    1    1    1  1.29204E+10 0.12663 
   99   99    1    1    1    1    1    1    1    1  7.33915E+09 0.23748 
  100  100    1    1    1    1    1    1    1    1  7.16978E+09 0.20184 
];


