
DETdpaspec = [
    1    1    1    1    1    1    1    1    1    1  0.00000E+00 0.00000 
    2    2    1    1    1    1    1    1    1    1  0.00000E+00 0.00000 
    3    3    1    1    1    1    1    1    1    1  0.00000E+00 0.00000 
    4    4    1    1    1    1    1    1    1    1  0.00000E+00 0.00000 
    5    5    1    1    1    1    1    1    1    1  0.00000E+00 0.00000 
    6    6    1    1    1    1    1    1    1    1  0.00000E+00 0.00000 
    7    7    1    1    1    1    1    1    1    1  0.00000E+00 0.00000 
    8    8    1    1    1    1    1    1    1    1  0.00000E+00 0.00000 
    9    9    1    1    1    1    1    1    1    1  0.00000E+00 0.00000 
   10   10    1    1    1    1    1    1    1    1  0.00000E+00 0.00000 
   11   11    1    1    1    1    1    1    1    1  6.80509E+07 0.69181 
   12   12    1    1    1    1    1    1    1    1  1.78541E+07 1.00000 
   13   13    1    1    1    1    1    1    1    1  2.39258E+08 0.71077 
   14   14    1    1    1    1    1    1    1    1  1.91563E+09 0.50703 
   15   15    1    1    1    1    1    1    1    1  1.70930E+09 0.52993 
   16   16    1    1    1    1    1    1    1    1  4.58723E+08 0.44696 
   17   17    1    1    1    1    1    1    1    1  9.16252E+08 0.27882 
   18   18    1    1    1    1    1    1    1    1  3.17654E+09 0.23965 
   19   19    1    1    1    1    1    1    1    1  1.71779E+09 0.23957 
   20   20    1    1    1    1    1    1    1    1  6.31577E+09 0.22450 
   21   21    1    1    1    1    1    1    1    1  5.80939E+09 0.14456 
   22   22    1    1    1    1    1    1    1    1  1.11151E+10 0.13023 
   23   23    1    1    1    1    1    1    1    1  1.82778E+10 0.06986 
   24   24    1    1    1    1    1    1    1    1  3.83160E+10 0.08359 
   25   25    1    1    1    1    1    1    1    1  4.76701E+10 0.07518 
   26   26    1    1    1    1    1    1    1    1  8.85244E+10 0.05091 
   27   27    1    1    1    1    1    1    1    1  1.91916E+11 0.03536 
   28   28    1    1    1    1    1    1    1    1  4.61258E+11 0.01948 
   29   29    1    1    1    1    1    1    1    1  8.38279E+11 0.01820 
   30   30    1    1    1    1    1    1    1    1  2.20458E+12 0.00901 
   31   31    1    1    1    1    1    1    1    1  6.12503E+12 0.00694 
   32   32    1    1    1    1    1    1    1    1  1.07744E+13 0.00525 
   33   33    1    1    1    1    1    1    1    1  2.49988E+13 0.00371 
   34   34    1    1    1    1    1    1    1    1  3.43319E+13 0.00246 
   35   35    1    1    1    1    1    1    1    1  4.16038E+13 0.00251 
   36   36    1    1    1    1    1    1    1    1  2.71457E+13 0.00220 
   37   37    1    1    1    1    1    1    1    1  8.14341E+12 0.00342 
   38   38    1    1    1    1    1    1    1    1  4.63090E+13 0.00215 
   39   39    1    1    1    1    1    1    1    1  6.23487E+13 0.00169 
   40   40    1    1    1    1    1    1    1    1  1.07464E+14 0.00140 
   41   41    1    1    1    1    1    1    1    1  1.06353E+14 0.00138 
   42   42    1    1    1    1    1    1    1    1  2.28929E+14 0.00111 
   43   43    1    1    1    1    1    1    1    1  2.77539E+14 0.00130 
   44   44    1    1    1    1    1    1    1    1  4.02568E+14 0.00105 
   45   45    1    1    1    1    1    1    1    1  8.10077E+14 0.00079 
   46   46    1    1    1    1    1    1    1    1  3.79354E+14 0.00082 
   47   47    1    1    1    1    1    1    1    1  6.06665E+14 0.00092 
   48   48    1    1    1    1    1    1    1    1  8.51965E+14 0.00074 
   49   49    1    1    1    1    1    1    1    1  8.40834E+14 0.00071 
   50   50    1    1    1    1    1    1    1    1  1.33289E+15 0.00062 
   51   51    1    1    1    1    1    1    1    1  1.05651E+15 0.00061 
   52   52    1    1    1    1    1    1    1    1  1.27932E+15 0.00043 
   53   53    1    1    1    1    1    1    1    1  8.92394E+14 0.00047 
   54   54    1    1    1    1    1    1    1    1  1.11005E+15 0.00044 
   55   55    1    1    1    1    1    1    1    1  7.67438E+14 0.00054 
   56   56    1    1    1    1    1    1    1    1  1.04416E+14 0.00082 
   57   57    1    1    1    1    1    1    1    1  1.52831E+15 0.00038 
   58   58    1    1    1    1    1    1    1    1  6.95712E+14 0.00078 
   59   59    1    1    1    1    1    1    1    1  7.41505E+14 0.00056 
   60   60    1    1    1    1    1    1    1    1  5.86769E+14 0.00085 
   61   61    1    1    1    1    1    1    1    1  5.87696E+14 0.00079 
   62   62    1    1    1    1    1    1    1    1  6.14106E+14 0.00067 
   63   63    1    1    1    1    1    1    1    1  5.20677E+14 0.00072 
   64   64    1    1    1    1    1    1    1    1  4.16042E+14 0.00083 
   65   65    1    1    1    1    1    1    1    1  4.15081E+14 0.00075 
   66   66    1    1    1    1    1    1    1    1  3.02133E+14 0.00083 
   67   67    1    1    1    1    1    1    1    1  2.45787E+14 0.00087 
   68   68    1    1    1    1    1    1    1    1  2.19735E+14 0.00099 
   69   69    1    1    1    1    1    1    1    1  2.64193E+14 0.00094 
   70   70    1    1    1    1    1    1    1    1  2.25267E+14 0.00122 
   71   71    1    1    1    1    1    1    1    1  4.07751E+14 0.00094 
   72   72    1    1    1    1    1    1    1    1  2.89056E+14 0.00087 
   73   73    1    1    1    1    1    1    1    1  2.19504E+14 0.00143 
   74   74    1    1    1    1    1    1    1    1  1.78388E+14 0.00094 
   75   75    1    1    1    1    1    1    1    1  1.49184E+14 0.00114 
   76   76    1    1    1    1    1    1    1    1  1.74685E+14 0.00093 
   77   77    1    1    1    1    1    1    1    1  1.39171E+14 0.00110 
   78   78    1    1    1    1    1    1    1    1  1.11468E+14 0.00177 
   79   79    1    1    1    1    1    1    1    1  1.15349E+14 0.00187 
   80   80    1    1    1    1    1    1    1    1  8.59557E+13 0.00161 
   81   81    1    1    1    1    1    1    1    1  6.63204E+13 0.00152 
   82   82    1    1    1    1    1    1    1    1  5.09201E+13 0.00225 
   83   83    1    1    1    1    1    1    1    1  4.76052E+13 0.00180 
   84   84    1    1    1    1    1    1    1    1  3.43917E+13 0.00208 
   85   85    1    1    1    1    1    1    1    1  2.47376E+13 0.00361 
   86   86    1    1    1    1    1    1    1    1  2.30150E+13 0.00201 
   87   87    1    1    1    1    1    1    1    1  1.42363E+13 0.00349 
   88   88    1    1    1    1    1    1    1    1  9.55501E+12 0.00406 
   89   89    1    1    1    1    1    1    1    1  5.42676E+12 0.00555 
   90   90    1    1    1    1    1    1    1    1  3.63426E+12 0.01107 
   91   91    1    1    1    1    1    1    1    1  1.82605E+12 0.01357 
   92   92    1    1    1    1    1    1    1    1  8.84765E+11 0.01550 
   93   93    1    1    1    1    1    1    1    1  4.07340E+11 0.01461 
   94   94    1    1    1    1    1    1    1    1  2.00470E+11 0.03640 
   95   95    1    1    1    1    1    1    1    1  1.01032E+11 0.05088 
   96   96    1    1    1    1    1    1    1    1  4.71246E+10 0.06480 
   97   97    1    1    1    1    1    1    1    1  1.90903E+10 0.14095 
   98   98    1    1    1    1    1    1    1    1  8.28377E+09 0.16717 
   99   99    1    1    1    1    1    1    1    1  4.96764E+09 0.20674 
  100  100    1    1    1    1    1    1    1    1  3.59853E+09 0.26660 
];


