
DETdpaspec = [
    1    1    1    1    1    1    1    1    1    1  0.00000E+00 0.00000 
    2    2    1    1    1    1    1    1    1    1  0.00000E+00 0.00000 
    3    3    1    1    1    1    1    1    1    1  0.00000E+00 0.00000 
    4    4    1    1    1    1    1    1    1    1  0.00000E+00 0.00000 
    5    5    1    1    1    1    1    1    1    1  0.00000E+00 0.00000 
    6    6    1    1    1    1    1    1    1    1  0.00000E+00 0.00000 
    7    7    1    1    1    1    1    1    1    1  0.00000E+00 0.00000 
    8    8    1    1    1    1    1    1    1    1  0.00000E+00 0.00000 
    9    9    1    1    1    1    1    1    1    1  0.00000E+00 0.00000 
   10   10    1    1    1    1    1    1    1    1  0.00000E+00 0.00000 
   11   11    1    1    1    1    1    1    1    1  0.00000E+00 0.00000 
   12   12    1    1    1    1    1    1    1    1  0.00000E+00 0.00000 
   13   13    1    1    1    1    1    1    1    1  1.07806E+08 1.00000 
   14   14    1    1    1    1    1    1    1    1  1.08265E+08 1.00000 
   15   15    1    1    1    1    1    1    1    1  0.00000E+00 0.00000 
   16   16    1    1    1    1    1    1    1    1  0.00000E+00 0.00000 
   17   17    1    1    1    1    1    1    1    1  1.35076E+08 0.55085 
   18   18    1    1    1    1    1    1    1    1  1.25937E+09 0.53443 
   19   19    1    1    1    1    1    1    1    1  1.24031E+09 0.55043 
   20   20    1    1    1    1    1    1    1    1  1.10041E+10 0.16910 
   21   21    1    1    1    1    1    1    1    1  6.28146E+10 0.06692 
   22   22    1    1    1    1    1    1    1    1  2.02196E+11 0.04279 
   23   23    1    1    1    1    1    1    1    1  6.02272E+11 0.02286 
   24   24    1    1    1    1    1    1    1    1  1.26839E+12 0.01562 
   25   25    1    1    1    1    1    1    1    1  1.67691E+12 0.01239 
   26   26    1    1    1    1    1    1    1    1  3.00427E+12 0.00920 
   27   27    1    1    1    1    1    1    1    1  4.77749E+12 0.00815 
   28   28    1    1    1    1    1    1    1    1  7.27330E+12 0.00642 
   29   29    1    1    1    1    1    1    1    1  1.00845E+13 0.00447 
   30   30    1    1    1    1    1    1    1    1  1.72575E+13 0.00312 
   31   31    1    1    1    1    1    1    1    1  2.95048E+13 0.00360 
   32   32    1    1    1    1    1    1    1    1  3.97576E+13 0.00251 
   33   33    1    1    1    1    1    1    1    1  7.18166E+13 0.00148 
   34   34    1    1    1    1    1    1    1    1  8.25220E+13 0.00183 
   35   35    1    1    1    1    1    1    1    1  7.99143E+13 0.00149 
   36   36    1    1    1    1    1    1    1    1  4.60753E+13 0.00217 
   37   37    1    1    1    1    1    1    1    1  1.32927E+13 0.00228 
   38   38    1    1    1    1    1    1    1    1  7.55649E+13 0.00154 
   39   39    1    1    1    1    1    1    1    1  9.81941E+13 0.00152 
   40   40    1    1    1    1    1    1    1    1  1.63363E+14 0.00138 
   41   41    1    1    1    1    1    1    1    1  1.53280E+14 0.00114 
   42   42    1    1    1    1    1    1    1    1  3.23511E+14 0.00095 
   43   43    1    1    1    1    1    1    1    1  3.77183E+14 0.00096 
   44   44    1    1    1    1    1    1    1    1  5.24136E+14 0.00091 
   45   45    1    1    1    1    1    1    1    1  9.94664E+14 0.00076 
   46   46    1    1    1    1    1    1    1    1  4.36855E+14 0.00115 
   47   47    1    1    1    1    1    1    1    1  6.79079E+14 0.00102 
   48   48    1    1    1    1    1    1    1    1  9.14551E+14 0.00089 
   49   49    1    1    1    1    1    1    1    1  8.73119E+14 0.00074 
   50   50    1    1    1    1    1    1    1    1  1.33996E+15 0.00090 
   51   51    1    1    1    1    1    1    1    1  1.01181E+15 0.00093 
   52   52    1    1    1    1    1    1    1    1  1.20433E+15 0.00082 
   53   53    1    1    1    1    1    1    1    1  8.11697E+14 0.00101 
   54   54    1    1    1    1    1    1    1    1  9.99601E+14 0.00091 
   55   55    1    1    1    1    1    1    1    1  6.75133E+14 0.00095 
   56   56    1    1    1    1    1    1    1    1  9.06754E+13 0.00125 
   57   57    1    1    1    1    1    1    1    1  1.31521E+15 0.00087 
   58   58    1    1    1    1    1    1    1    1  5.94757E+14 0.00115 
   59   59    1    1    1    1    1    1    1    1  6.19769E+14 0.00123 
   60   60    1    1    1    1    1    1    1    1  4.87643E+14 0.00126 
   61   61    1    1    1    1    1    1    1    1  4.82703E+14 0.00140 
   62   62    1    1    1    1    1    1    1    1  4.98856E+14 0.00130 
   63   63    1    1    1    1    1    1    1    1  4.16075E+14 0.00160 
   64   64    1    1    1    1    1    1    1    1  3.28072E+14 0.00149 
   65   65    1    1    1    1    1    1    1    1  3.22641E+14 0.00138 
   66   66    1    1    1    1    1    1    1    1  2.31208E+14 0.00174 
   67   67    1    1    1    1    1    1    1    1  1.85642E+14 0.00197 
   68   68    1    1    1    1    1    1    1    1  1.64491E+14 0.00186 
   69   69    1    1    1    1    1    1    1    1  1.95468E+14 0.00212 
   70   70    1    1    1    1    1    1    1    1  1.64147E+14 0.00184 
   71   71    1    1    1    1    1    1    1    1  2.88276E+14 0.00226 
   72   72    1    1    1    1    1    1    1    1  2.00239E+14 0.00247 
   73   73    1    1    1    1    1    1    1    1  1.49527E+14 0.00237 
   74   74    1    1    1    1    1    1    1    1  1.21056E+14 0.00229 
   75   75    1    1    1    1    1    1    1    1  1.00769E+14 0.00240 
   76   76    1    1    1    1    1    1    1    1  1.17363E+14 0.00271 
   77   77    1    1    1    1    1    1    1    1  9.35343E+13 0.00250 
   78   78    1    1    1    1    1    1    1    1  7.46487E+13 0.00195 
   79   79    1    1    1    1    1    1    1    1  7.63310E+13 0.00300 
   80   80    1    1    1    1    1    1    1    1  5.61248E+13 0.00261 
   81   81    1    1    1    1    1    1    1    1  4.27132E+13 0.00245 
   82   82    1    1    1    1    1    1    1    1  3.24007E+13 0.00265 
   83   83    1    1    1    1    1    1    1    1  2.98285E+13 0.00338 
   84   84    1    1    1    1    1    1    1    1  2.11600E+13 0.00444 
   85   85    1    1    1    1    1    1    1    1  1.49971E+13 0.00435 
   86   86    1    1    1    1    1    1    1    1  1.36152E+13 0.00383 
   87   87    1    1    1    1    1    1    1    1  8.18192E+12 0.00502 
   88   88    1    1    1    1    1    1    1    1  5.30707E+12 0.00693 
   89   89    1    1    1    1    1    1    1    1  2.89749E+12 0.00988 
   90   90    1    1    1    1    1    1    1    1  1.86974E+12 0.00828 
   91   91    1    1    1    1    1    1    1    1  8.99901E+11 0.01557 
   92   92    1    1    1    1    1    1    1    1  4.03026E+11 0.01832 
   93   93    1    1    1    1    1    1    1    1  1.95838E+11 0.03285 
   94   94    1    1    1    1    1    1    1    1  8.30243E+10 0.04765 
   95   95    1    1    1    1    1    1    1    1  3.68432E+10 0.08017 
   96   96    1    1    1    1    1    1    1    1  2.04663E+10 0.10824 
   97   97    1    1    1    1    1    1    1    1  7.93809E+09 0.23277 
   98   98    1    1    1    1    1    1    1    1  3.25462E+09 0.24599 
   99   99    1    1    1    1    1    1    1    1  1.80784E+09 0.33582 
  100  100    1    1    1    1    1    1    1    1  1.62527E+09 0.31699 
];


