
DETdpaspec = [
    1    1    1    1    1    1    1    1    1    1  0.00000E+00 0.00000 
    2    2    1    1    1    1    1    1    1    1  0.00000E+00 0.00000 
    3    3    1    1    1    1    1    1    1    1  0.00000E+00 0.00000 
    4    4    1    1    1    1    1    1    1    1  0.00000E+00 0.00000 
    5    5    1    1    1    1    1    1    1    1  0.00000E+00 0.00000 
    6    6    1    1    1    1    1    1    1    1  0.00000E+00 0.00000 
    7    7    1    1    1    1    1    1    1    1  1.70367E+07 1.00000 
    8    8    1    1    1    1    1    1    1    1  0.00000E+00 0.00000 
    9    9    1    1    1    1    1    1    1    1  0.00000E+00 0.00000 
   10   10    1    1    1    1    1    1    1    1  0.00000E+00 0.00000 
   11   11    1    1    1    1    1    1    1    1  2.30526E+08 0.74077 
   12   12    1    1    1    1    1    1    1    1  0.00000E+00 0.00000 
   13   13    1    1    1    1    1    1    1    1  2.07856E+08 0.60379 
   14   14    1    1    1    1    1    1    1    1  7.92715E+08 0.37822 
   15   15    1    1    1    1    1    1    1    1  2.85368E+09 0.26958 
   16   16    1    1    1    1    1    1    1    1  6.78783E+07 1.00000 
   17   17    1    1    1    1    1    1    1    1  7.76662E+08 0.41405 
   18   18    1    1    1    1    1    1    1    1  2.53729E+09 0.29057 
   19   19    1    1    1    1    1    1    1    1  2.22639E+09 0.28621 
   20   20    1    1    1    1    1    1    1    1  9.08068E+09 0.15365 
   21   21    1    1    1    1    1    1    1    1  6.51594E+09 0.16760 
   22   22    1    1    1    1    1    1    1    1  1.05850E+10 0.11795 
   23   23    1    1    1    1    1    1    1    1  2.07981E+10 0.08807 
   24   24    1    1    1    1    1    1    1    1  3.72899E+10 0.08541 
   25   25    1    1    1    1    1    1    1    1  5.00756E+10 0.09282 
   26   26    1    1    1    1    1    1    1    1  8.53074E+10 0.05617 
   27   27    1    1    1    1    1    1    1    1  1.75141E+11 0.04633 
   28   28    1    1    1    1    1    1    1    1  3.71560E+11 0.02767 
   29   29    1    1    1    1    1    1    1    1  6.40459E+11 0.02080 
   30   30    1    1    1    1    1    1    1    1  1.70308E+12 0.01148 
   31   31    1    1    1    1    1    1    1    1  5.14896E+12 0.00766 
   32   32    1    1    1    1    1    1    1    1  9.29256E+12 0.00492 
   33   33    1    1    1    1    1    1    1    1  2.19221E+13 0.00311 
   34   34    1    1    1    1    1    1    1    1  3.04447E+13 0.00414 
   35   35    1    1    1    1    1    1    1    1  3.83031E+13 0.00307 
   36   36    1    1    1    1    1    1    1    1  2.56046E+13 0.00269 
   37   37    1    1    1    1    1    1    1    1  7.73345E+12 0.00245 
   38   38    1    1    1    1    1    1    1    1  4.36028E+13 0.00221 
   39   39    1    1    1    1    1    1    1    1  5.87222E+13 0.00209 
   40   40    1    1    1    1    1    1    1    1  1.01689E+14 0.00151 
   41   41    1    1    1    1    1    1    1    1  1.01768E+14 0.00136 
   42   42    1    1    1    1    1    1    1    1  2.18549E+14 0.00083 
   43   43    1    1    1    1    1    1    1    1  2.65880E+14 0.00099 
   44   44    1    1    1    1    1    1    1    1  3.86787E+14 0.00083 
   45   45    1    1    1    1    1    1    1    1  7.80694E+14 0.00075 
   46   46    1    1    1    1    1    1    1    1  3.68600E+14 0.00075 
   47   47    1    1    1    1    1    1    1    1  5.92664E+14 0.00091 
   48   48    1    1    1    1    1    1    1    1  8.35163E+14 0.00056 
   49   49    1    1    1    1    1    1    1    1  8.28065E+14 0.00056 
   50   50    1    1    1    1    1    1    1    1  1.31080E+15 0.00061 
   51   51    1    1    1    1    1    1    1    1  1.04702E+15 0.00081 
   52   52    1    1    1    1    1    1    1    1  1.26345E+15 0.00051 
   53   53    1    1    1    1    1    1    1    1  8.83520E+14 0.00056 
   54   54    1    1    1    1    1    1    1    1  1.09707E+15 0.00060 
   55   55    1    1    1    1    1    1    1    1  7.59041E+14 0.00074 
   56   56    1    1    1    1    1    1    1    1  1.03527E+14 0.00129 
   57   57    1    1    1    1    1    1    1    1  1.51689E+15 0.00064 
   58   58    1    1    1    1    1    1    1    1  6.86469E+14 0.00099 
   59   59    1    1    1    1    1    1    1    1  7.32783E+14 0.00071 
   60   60    1    1    1    1    1    1    1    1  5.77873E+14 0.00076 
   61   61    1    1    1    1    1    1    1    1  5.80392E+14 0.00066 
   62   62    1    1    1    1    1    1    1    1  6.06888E+14 0.00087 
   63   63    1    1    1    1    1    1    1    1  5.13795E+14 0.00062 
   64   64    1    1    1    1    1    1    1    1  4.11295E+14 0.00081 
   65   65    1    1    1    1    1    1    1    1  4.10998E+14 0.00083 
   66   66    1    1    1    1    1    1    1    1  2.99159E+14 0.00103 
   67   67    1    1    1    1    1    1    1    1  2.43580E+14 0.00100 
   68   68    1    1    1    1    1    1    1    1  2.18736E+14 0.00090 
   69   69    1    1    1    1    1    1    1    1  2.62594E+14 0.00134 
   70   70    1    1    1    1    1    1    1    1  2.23675E+14 0.00118 
   71   71    1    1    1    1    1    1    1    1  4.08208E+14 0.00107 
   72   72    1    1    1    1    1    1    1    1  2.90279E+14 0.00085 
   73   73    1    1    1    1    1    1    1    1  2.19664E+14 0.00095 
   74   74    1    1    1    1    1    1    1    1  1.77844E+14 0.00108 
   75   75    1    1    1    1    1    1    1    1  1.48463E+14 0.00167 
   76   76    1    1    1    1    1    1    1    1  1.73049E+14 0.00154 
   77   77    1    1    1    1    1    1    1    1  1.37584E+14 0.00134 
   78   78    1    1    1    1    1    1    1    1  1.10295E+14 0.00116 
   79   79    1    1    1    1    1    1    1    1  1.13856E+14 0.00137 
   80   80    1    1    1    1    1    1    1    1  8.45367E+13 0.00135 
   81   81    1    1    1    1    1    1    1    1  6.52600E+13 0.00202 
   82   82    1    1    1    1    1    1    1    1  5.00019E+13 0.00244 
   83   83    1    1    1    1    1    1    1    1  4.69399E+13 0.00178 
   84   84    1    1    1    1    1    1    1    1  3.36610E+13 0.00245 
   85   85    1    1    1    1    1    1    1    1  2.43899E+13 0.00254 
   86   86    1    1    1    1    1    1    1    1  2.27621E+13 0.00378 
   87   87    1    1    1    1    1    1    1    1  1.39293E+13 0.00381 
   88   88    1    1    1    1    1    1    1    1  9.39313E+12 0.00399 
   89   89    1    1    1    1    1    1    1    1  5.38581E+12 0.00808 
   90   90    1    1    1    1    1    1    1    1  3.59458E+12 0.00877 
   91   91    1    1    1    1    1    1    1    1  1.81096E+12 0.01355 
   92   92    1    1    1    1    1    1    1    1  8.59883E+11 0.01417 
   93   93    1    1    1    1    1    1    1    1  4.14357E+11 0.02688 
   94   94    1    1    1    1    1    1    1    1  1.94470E+11 0.03453 
   95   95    1    1    1    1    1    1    1    1  9.51292E+10 0.04762 
   96   96    1    1    1    1    1    1    1    1  4.99043E+10 0.06340 
   97   97    1    1    1    1    1    1    1    1  2.46268E+10 0.11703 
   98   98    1    1    1    1    1    1    1    1  9.89648E+09 0.15787 
   99   99    1    1    1    1    1    1    1    1  7.46318E+09 0.15700 
  100  100    1    1    1    1    1    1    1    1  3.48438E+09 0.23894 
];


