
DETdpaspec = [
    1    1    1    1    1    1    1    1    1    1  0.00000E+00 0.00000 
    2    2    1    1    1    1    1    1    1    1  0.00000E+00 0.00000 
    3    3    1    1    1    1    1    1    1    1  0.00000E+00 0.00000 
    4    4    1    1    1    1    1    1    1    1  0.00000E+00 0.00000 
    5    5    1    1    1    1    1    1    1    1  0.00000E+00 0.00000 
    6    6    1    1    1    1    1    1    1    1  0.00000E+00 0.00000 
    7    7    1    1    1    1    1    1    1    1  0.00000E+00 0.00000 
    8    8    1    1    1    1    1    1    1    1  0.00000E+00 0.00000 
    9    9    1    1    1    1    1    1    1    1  0.00000E+00 0.00000 
   10   10    1    1    1    1    1    1    1    1  0.00000E+00 0.00000 
   11   11    1    1    1    1    1    1    1    1  7.82705E+07 1.00000 
   12   12    1    1    1    1    1    1    1    1  8.73056E+07 0.74624 
   13   13    1    1    1    1    1    1    1    1  1.59095E+09 0.39541 
   14   14    1    1    1    1    1    1    1    1  9.99066E+08 0.57520 
   15   15    1    1    1    1    1    1    1    1  1.42589E+09 0.62441 
   16   16    1    1    1    1    1    1    1    1  8.95454E+07 0.70278 
   17   17    1    1    1    1    1    1    1    1  8.68393E+08 0.40812 
   18   18    1    1    1    1    1    1    1    1  2.19820E+09 0.26210 
   19   19    1    1    1    1    1    1    1    1  2.69691E+09 0.30200 
   20   20    1    1    1    1    1    1    1    1  6.70891E+09 0.19271 
   21   21    1    1    1    1    1    1    1    1  4.53489E+09 0.17689 
   22   22    1    1    1    1    1    1    1    1  1.22787E+10 0.16389 
   23   23    1    1    1    1    1    1    1    1  2.32726E+10 0.11433 
   24   24    1    1    1    1    1    1    1    1  4.39845E+10 0.08316 
   25   25    1    1    1    1    1    1    1    1  6.25765E+10 0.06032 
   26   26    1    1    1    1    1    1    1    1  1.33241E+11 0.03289 
   27   27    1    1    1    1    1    1    1    1  3.01996E+11 0.02507 
   28   28    1    1    1    1    1    1    1    1  7.20831E+11 0.01807 
   29   29    1    1    1    1    1    1    1    1  1.26627E+12 0.01318 
   30   30    1    1    1    1    1    1    1    1  3.06955E+12 0.01091 
   31   31    1    1    1    1    1    1    1    1  8.15309E+12 0.00471 
   32   32    1    1    1    1    1    1    1    1  1.37047E+13 0.00510 
   33   33    1    1    1    1    1    1    1    1  3.05558E+13 0.00329 
   34   34    1    1    1    1    1    1    1    1  4.12567E+13 0.00293 
   35   35    1    1    1    1    1    1    1    1  4.70492E+13 0.00281 
   36   36    1    1    1    1    1    1    1    1  2.98733E+13 0.00219 
   37   37    1    1    1    1    1    1    1    1  8.87857E+12 0.00205 
   38   38    1    1    1    1    1    1    1    1  5.06913E+13 0.00140 
   39   39    1    1    1    1    1    1    1    1  6.80380E+13 0.00157 
   40   40    1    1    1    1    1    1    1    1  1.17047E+14 0.00129 
   41   41    1    1    1    1    1    1    1    1  1.14494E+14 0.00141 
   42   42    1    1    1    1    1    1    1    1  2.45951E+14 0.00099 
   43   43    1    1    1    1    1    1    1    1  2.96701E+14 0.00100 
   44   44    1    1    1    1    1    1    1    1  4.27598E+14 0.00084 
   45   45    1    1    1    1    1    1    1    1  8.54865E+14 0.00082 
   46   46    1    1    1    1    1    1    1    1  3.95849E+14 0.00099 
   47   47    1    1    1    1    1    1    1    1  6.30496E+14 0.00064 
   48   48    1    1    1    1    1    1    1    1  8.78618E+14 0.00056 
   49   49    1    1    1    1    1    1    1    1  8.62431E+14 0.00058 
   50   50    1    1    1    1    1    1    1    1  1.36298E+15 0.00055 
   51   51    1    1    1    1    1    1    1    1  1.07028E+15 0.00059 
   52   52    1    1    1    1    1    1    1    1  1.29617E+15 0.00060 
   53   53    1    1    1    1    1    1    1    1  8.99131E+14 0.00043 
   54   54    1    1    1    1    1    1    1    1  1.12133E+15 0.00048 
   55   55    1    1    1    1    1    1    1    1  7.72400E+14 0.00059 
   56   56    1    1    1    1    1    1    1    1  1.04868E+14 0.00067 
   57   57    1    1    1    1    1    1    1    1  1.53386E+15 0.00046 
   58   58    1    1    1    1    1    1    1    1  6.99723E+14 0.00058 
   59   59    1    1    1    1    1    1    1    1  7.43351E+14 0.00046 
   60   60    1    1    1    1    1    1    1    1  5.89624E+14 0.00083 
   61   61    1    1    1    1    1    1    1    1  5.89402E+14 0.00082 
   62   62    1    1    1    1    1    1    1    1  6.15430E+14 0.00076 
   63   63    1    1    1    1    1    1    1    1  5.21737E+14 0.00097 
   64   64    1    1    1    1    1    1    1    1  4.16383E+14 0.00080 
   65   65    1    1    1    1    1    1    1    1  4.14927E+14 0.00095 
   66   66    1    1    1    1    1    1    1    1  3.01499E+14 0.00062 
   67   67    1    1    1    1    1    1    1    1  2.44727E+14 0.00136 
   68   68    1    1    1    1    1    1    1    1  2.18402E+14 0.00110 
   69   69    1    1    1    1    1    1    1    1  2.62345E+14 0.00110 
   70   70    1    1    1    1    1    1    1    1  2.23095E+14 0.00092 
   71   71    1    1    1    1    1    1    1    1  4.02652E+14 0.00077 
   72   72    1    1    1    1    1    1    1    1  2.85305E+14 0.00121 
   73   73    1    1    1    1    1    1    1    1  2.16113E+14 0.00113 
   74   74    1    1    1    1    1    1    1    1  1.75323E+14 0.00126 
   75   75    1    1    1    1    1    1    1    1  1.47075E+14 0.00159 
   76   76    1    1    1    1    1    1    1    1  1.72570E+14 0.00098 
   77   77    1    1    1    1    1    1    1    1  1.38382E+14 0.00162 
   78   78    1    1    1    1    1    1    1    1  1.10871E+14 0.00119 
   79   79    1    1    1    1    1    1    1    1  1.15089E+14 0.00155 
   80   80    1    1    1    1    1    1    1    1  8.56329E+13 0.00168 
   81   81    1    1    1    1    1    1    1    1  6.61477E+13 0.00210 
   82   82    1    1    1    1    1    1    1    1  5.08055E+13 0.00194 
   83   83    1    1    1    1    1    1    1    1  4.74619E+13 0.00235 
   84   84    1    1    1    1    1    1    1    1  3.40557E+13 0.00257 
   85   85    1    1    1    1    1    1    1    1  2.47084E+13 0.00363 
   86   86    1    1    1    1    1    1    1    1  2.30288E+13 0.00258 
   87   87    1    1    1    1    1    1    1    1  1.41171E+13 0.00443 
   88   88    1    1    1    1    1    1    1    1  9.46222E+12 0.00570 
   89   89    1    1    1    1    1    1    1    1  5.39144E+12 0.00790 
   90   90    1    1    1    1    1    1    1    1  3.58066E+12 0.00893 
   91   91    1    1    1    1    1    1    1    1  1.76385E+12 0.00849 
   92   92    1    1    1    1    1    1    1    1  8.25798E+11 0.01655 
   93   93    1    1    1    1    1    1    1    1  4.12207E+11 0.02543 
   94   94    1    1    1    1    1    1    1    1  1.93739E+11 0.03671 
   95   95    1    1    1    1    1    1    1    1  9.63958E+10 0.04935 
   96   96    1    1    1    1    1    1    1    1  4.53893E+10 0.07628 
   97   97    1    1    1    1    1    1    1    1  2.69052E+10 0.14310 
   98   98    1    1    1    1    1    1    1    1  8.24575E+09 0.22672 
   99   99    1    1    1    1    1    1    1    1  2.71160E+09 0.32257 
  100  100    1    1    1    1    1    1    1    1  4.80282E+09 0.21281 
];


