
DETdpaspec = [
    1    1    1    1    1    1    1    1    1    1  0.00000E+00 0.00000 
    2    2    1    1    1    1    1    1    1    1  0.00000E+00 0.00000 
    3    3    1    1    1    1    1    1    1    1  0.00000E+00 0.00000 
    4    4    1    1    1    1    1    1    1    1  0.00000E+00 0.00000 
    5    5    1    1    1    1    1    1    1    1  0.00000E+00 0.00000 
    6    6    1    1    1    1    1    1    1    1  0.00000E+00 0.00000 
    7    7    1    1    1    1    1    1    1    1  0.00000E+00 0.00000 
    8    8    1    1    1    1    1    1    1    1  0.00000E+00 0.00000 
    9    9    1    1    1    1    1    1    1    1  0.00000E+00 0.00000 
   10   10    1    1    1    1    1    1    1    1  0.00000E+00 0.00000 
   11   11    1    1    1    1    1    1    1    1  0.00000E+00 0.00000 
   12   12    1    1    1    1    1    1    1    1  4.67914E+07 1.00000 
   13   13    1    1    1    1    1    1    1    1  2.03291E+08 1.00000 
   14   14    1    1    1    1    1    1    1    1  0.00000E+00 0.00000 
   15   15    1    1    1    1    1    1    1    1  1.00366E+08 1.00000 
   16   16    1    1    1    1    1    1    1    1  3.56080E+08 0.70147 
   17   17    1    1    1    1    1    1    1    1  2.00904E+08 0.66946 
   18   18    1    1    1    1    1    1    1    1  8.12086E+08 0.50346 
   19   19    1    1    1    1    1    1    1    1  2.07264E+08 0.73783 
   20   20    1    1    1    1    1    1    1    1  6.45433E+09 0.17236 
   21   21    1    1    1    1    1    1    1    1  1.87200E+10 0.09713 
   22   22    1    1    1    1    1    1    1    1  7.54325E+10 0.06238 
   23   23    1    1    1    1    1    1    1    1  2.72099E+11 0.02654 
   24   24    1    1    1    1    1    1    1    1  7.25602E+11 0.01415 
   25   25    1    1    1    1    1    1    1    1  1.04776E+12 0.01541 
   26   26    1    1    1    1    1    1    1    1  1.95281E+12 0.01352 
   27   27    1    1    1    1    1    1    1    1  3.39405E+12 0.00809 
   28   28    1    1    1    1    1    1    1    1  5.58962E+12 0.00652 
   29   29    1    1    1    1    1    1    1    1  7.99263E+12 0.00663 
   30   30    1    1    1    1    1    1    1    1  1.42692E+13 0.00545 
   31   31    1    1    1    1    1    1    1    1  2.60618E+13 0.00286 
   32   32    1    1    1    1    1    1    1    1  3.58035E+13 0.00262 
   33   33    1    1    1    1    1    1    1    1  6.67122E+13 0.00219 
   34   34    1    1    1    1    1    1    1    1  7.83833E+13 0.00162 
   35   35    1    1    1    1    1    1    1    1  7.71524E+13 0.00132 
   36   36    1    1    1    1    1    1    1    1  4.50353E+13 0.00168 
   37   37    1    1    1    1    1    1    1    1  1.29858E+13 0.00179 
   38   38    1    1    1    1    1    1    1    1  7.40752E+13 0.00151 
   39   39    1    1    1    1    1    1    1    1  9.65913E+13 0.00171 
   40   40    1    1    1    1    1    1    1    1  1.61829E+14 0.00095 
   41   41    1    1    1    1    1    1    1    1  1.52341E+14 0.00142 
   42   42    1    1    1    1    1    1    1    1  3.22813E+14 0.00103 
   43   43    1    1    1    1    1    1    1    1  3.78684E+14 0.00087 
   44   44    1    1    1    1    1    1    1    1  5.28755E+14 0.00077 
   45   45    1    1    1    1    1    1    1    1  1.01267E+15 0.00090 
   46   46    1    1    1    1    1    1    1    1  4.48451E+14 0.00076 
   47   47    1    1    1    1    1    1    1    1  7.00248E+14 0.00075 
   48   48    1    1    1    1    1    1    1    1  9.49323E+14 0.00064 
   49   49    1    1    1    1    1    1    1    1  9.11266E+14 0.00069 
   50   50    1    1    1    1    1    1    1    1  1.40867E+15 0.00060 
   51   51    1    1    1    1    1    1    1    1  1.07129E+15 0.00055 
   52   52    1    1    1    1    1    1    1    1  1.27990E+15 0.00057 
   53   53    1    1    1    1    1    1    1    1  8.68778E+14 0.00059 
   54   54    1    1    1    1    1    1    1    1  1.07519E+15 0.00060 
   55   55    1    1    1    1    1    1    1    1  7.30148E+14 0.00059 
   56   56    1    1    1    1    1    1    1    1  9.81991E+13 0.00086 
   57   57    1    1    1    1    1    1    1    1  1.42711E+15 0.00065 
   58   58    1    1    1    1    1    1    1    1  6.49164E+14 0.00046 
   59   59    1    1    1    1    1    1    1    1  6.79204E+14 0.00057 
   60   60    1    1    1    1    1    1    1    1  5.37035E+14 0.00087 
   61   61    1    1    1    1    1    1    1    1  5.32675E+14 0.00110 
   62   62    1    1    1    1    1    1    1    1  5.52054E+14 0.00081 
   63   63    1    1    1    1    1    1    1    1  4.62788E+14 0.00101 
   64   64    1    1    1    1    1    1    1    1  3.65934E+14 0.00092 
   65   65    1    1    1    1    1    1    1    1  3.61859E+14 0.00100 
   66   66    1    1    1    1    1    1    1    1  2.60741E+14 0.00123 
   67   67    1    1    1    1    1    1    1    1  2.09662E+14 0.00132 
   68   68    1    1    1    1    1    1    1    1  1.86312E+14 0.00126 
   69   69    1    1    1    1    1    1    1    1  2.21905E+14 0.00129 
   70   70    1    1    1    1    1    1    1    1  1.87378E+14 0.00117 
   71   71    1    1    1    1    1    1    1    1  3.31687E+14 0.00130 
   72   72    1    1    1    1    1    1    1    1  2.31367E+14 0.00101 
   73   73    1    1    1    1    1    1    1    1  1.73883E+14 0.00138 
   74   74    1    1    1    1    1    1    1    1  1.41244E+14 0.00174 
   75   75    1    1    1    1    1    1    1    1  1.18404E+14 0.00171 
   76   76    1    1    1    1    1    1    1    1  1.38614E+14 0.00161 
   77   77    1    1    1    1    1    1    1    1  1.10311E+14 0.00130 
   78   78    1    1    1    1    1    1    1    1  8.83846E+13 0.00152 
   79   79    1    1    1    1    1    1    1    1  9.12799E+13 0.00204 
   80   80    1    1    1    1    1    1    1    1  6.72696E+13 0.00265 
   81   81    1    1    1    1    1    1    1    1  5.15544E+13 0.00234 
   82   82    1    1    1    1    1    1    1    1  3.92875E+13 0.00288 
   83   83    1    1    1    1    1    1    1    1  3.67778E+13 0.00345 
   84   84    1    1    1    1    1    1    1    1  2.60805E+13 0.00322 
   85   85    1    1    1    1    1    1    1    1  1.85078E+13 0.00399 
   86   86    1    1    1    1    1    1    1    1  1.72195E+13 0.00309 
   87   87    1    1    1    1    1    1    1    1  1.03840E+13 0.00352 
   88   88    1    1    1    1    1    1    1    1  6.86381E+12 0.00752 
   89   89    1    1    1    1    1    1    1    1  3.83275E+12 0.00862 
   90   90    1    1    1    1    1    1    1    1  2.48336E+12 0.00967 
   91   91    1    1    1    1    1    1    1    1  1.18116E+12 0.01151 
   92   92    1    1    1    1    1    1    1    1  5.66497E+11 0.02016 
   93   93    1    1    1    1    1    1    1    1  2.59235E+11 0.02562 
   94   94    1    1    1    1    1    1    1    1  1.23044E+11 0.04847 
   95   95    1    1    1    1    1    1    1    1  5.45294E+10 0.08838 
   96   96    1    1    1    1    1    1    1    1  2.89353E+10 0.08651 
   97   97    1    1    1    1    1    1    1    1  1.29242E+10 0.14742 
   98   98    1    1    1    1    1    1    1    1  5.80974E+09 0.21055 
   99   99    1    1    1    1    1    1    1    1  3.21542E+09 0.25717 
  100  100    1    1    1    1    1    1    1    1  2.34718E+09 0.27163 
];


