
DETdpaspec = [
    1    1    1    1    1    1    1    1    1    1  0.00000E+00 0.00000 
    2    2    1    1    1    1    1    1    1    1  0.00000E+00 0.00000 
    3    3    1    1    1    1    1    1    1    1  0.00000E+00 0.00000 
    4    4    1    1    1    1    1    1    1    1  0.00000E+00 0.00000 
    5    5    1    1    1    1    1    1    1    1  0.00000E+00 0.00000 
    6    6    1    1    1    1    1    1    1    1  0.00000E+00 0.00000 
    7    7    1    1    1    1    1    1    1    1  0.00000E+00 0.00000 
    8    8    1    1    1    1    1    1    1    1  0.00000E+00 0.00000 
    9    9    1    1    1    1    1    1    1    1  0.00000E+00 0.00000 
   10   10    1    1    1    1    1    1    1    1  4.29194E+07 1.00000 
   11   11    1    1    1    1    1    1    1    1  1.77781E+08 0.70249 
   12   12    1    1    1    1    1    1    1    1  5.34569E+07 1.00000 
   13   13    1    1    1    1    1    1    1    1  7.78930E+08 0.49586 
   14   14    1    1    1    1    1    1    1    1  9.01001E+08 0.41036 
   15   15    1    1    1    1    1    1    1    1  1.09923E+09 0.47967 
   16   16    1    1    1    1    1    1    1    1  3.72921E+08 0.50886 
   17   17    1    1    1    1    1    1    1    1  4.12334E+08 0.68416 
   18   18    1    1    1    1    1    1    1    1  2.08844E+09 0.22034 
   19   19    1    1    1    1    1    1    1    1  2.76970E+09 0.24728 
   20   20    1    1    1    1    1    1    1    1  5.86255E+09 0.27991 
   21   21    1    1    1    1    1    1    1    1  4.50153E+09 0.16381 
   22   22    1    1    1    1    1    1    1    1  1.26120E+10 0.12367 
   23   23    1    1    1    1    1    1    1    1  1.66780E+10 0.10980 
   24   24    1    1    1    1    1    1    1    1  3.58015E+10 0.09736 
   25   25    1    1    1    1    1    1    1    1  5.04415E+10 0.05675 
   26   26    1    1    1    1    1    1    1    1  9.11910E+10 0.04647 
   27   27    1    1    1    1    1    1    1    1  1.70017E+11 0.03439 
   28   28    1    1    1    1    1    1    1    1  4.26946E+11 0.02482 
   29   29    1    1    1    1    1    1    1    1  7.56066E+11 0.02183 
   30   30    1    1    1    1    1    1    1    1  1.95273E+12 0.01428 
   31   31    1    1    1    1    1    1    1    1  5.74435E+12 0.00831 
   32   32    1    1    1    1    1    1    1    1  1.02268E+13 0.00456 
   33   33    1    1    1    1    1    1    1    1  2.37748E+13 0.00300 
   34   34    1    1    1    1    1    1    1    1  3.29347E+13 0.00344 
   35   35    1    1    1    1    1    1    1    1  4.02713E+13 0.00316 
   36   36    1    1    1    1    1    1    1    1  2.66214E+13 0.00287 
   37   37    1    1    1    1    1    1    1    1  7.99515E+12 0.00311 
   38   38    1    1    1    1    1    1    1    1  4.52584E+13 0.00283 
   39   39    1    1    1    1    1    1    1    1  6.09328E+13 0.00200 
   40   40    1    1    1    1    1    1    1    1  1.05572E+14 0.00192 
   41   41    1    1    1    1    1    1    1    1  1.04880E+14 0.00167 
   42   42    1    1    1    1    1    1    1    1  2.25104E+14 0.00157 
   43   43    1    1    1    1    1    1    1    1  2.73800E+14 0.00105 
   44   44    1    1    1    1    1    1    1    1  3.97565E+14 0.00102 
   45   45    1    1    1    1    1    1    1    1  8.01816E+14 0.00085 
   46   46    1    1    1    1    1    1    1    1  3.76624E+14 0.00088 
   47   47    1    1    1    1    1    1    1    1  6.03533E+14 0.00054 
   48   48    1    1    1    1    1    1    1    1  8.47526E+14 0.00064 
   49   49    1    1    1    1    1    1    1    1  8.36714E+14 0.00078 
   50   50    1    1    1    1    1    1    1    1  1.32607E+15 0.00054 
   51   51    1    1    1    1    1    1    1    1  1.05474E+15 0.00078 
   52   52    1    1    1    1    1    1    1    1  1.27530E+15 0.00063 
   53   53    1    1    1    1    1    1    1    1  8.90743E+14 0.00060 
   54   54    1    1    1    1    1    1    1    1  1.10610E+15 0.00061 
   55   55    1    1    1    1    1    1    1    1  7.65361E+14 0.00057 
   56   56    1    1    1    1    1    1    1    1  1.03958E+14 0.00133 
   57   57    1    1    1    1    1    1    1    1  1.52489E+15 0.00071 
   58   58    1    1    1    1    1    1    1    1  6.93254E+14 0.00063 
   59   59    1    1    1    1    1    1    1    1  7.38903E+14 0.00064 
   60   60    1    1    1    1    1    1    1    1  5.84155E+14 0.00076 
   61   61    1    1    1    1    1    1    1    1  5.86044E+14 0.00067 
   62   62    1    1    1    1    1    1    1    1  6.12153E+14 0.00086 
   63   63    1    1    1    1    1    1    1    1  5.18121E+14 0.00094 
   64   64    1    1    1    1    1    1    1    1  4.14927E+14 0.00076 
   65   65    1    1    1    1    1    1    1    1  4.13847E+14 0.00089 
   66   66    1    1    1    1    1    1    1    1  3.01449E+14 0.00105 
   67   67    1    1    1    1    1    1    1    1  2.45011E+14 0.00074 
   68   68    1    1    1    1    1    1    1    1  2.19272E+14 0.00129 
   69   69    1    1    1    1    1    1    1    1  2.63801E+14 0.00110 
   70   70    1    1    1    1    1    1    1    1  2.24618E+14 0.00131 
   71   71    1    1    1    1    1    1    1    1  4.08354E+14 0.00100 
   72   72    1    1    1    1    1    1    1    1  2.90066E+14 0.00082 
   73   73    1    1    1    1    1    1    1    1  2.19853E+14 0.00104 
   74   74    1    1    1    1    1    1    1    1  1.78690E+14 0.00162 
   75   75    1    1    1    1    1    1    1    1  1.48813E+14 0.00128 
   76   76    1    1    1    1    1    1    1    1  1.74638E+14 0.00130 
   77   77    1    1    1    1    1    1    1    1  1.39092E+14 0.00118 
   78   78    1    1    1    1    1    1    1    1  1.11296E+14 0.00133 
   79   79    1    1    1    1    1    1    1    1  1.15448E+14 0.00156 
   80   80    1    1    1    1    1    1    1    1  8.59668E+13 0.00205 
   81   81    1    1    1    1    1    1    1    1  6.63700E+13 0.00226 
   82   82    1    1    1    1    1    1    1    1  5.08166E+13 0.00292 
   83   83    1    1    1    1    1    1    1    1  4.75738E+13 0.00247 
   84   84    1    1    1    1    1    1    1    1  3.39500E+13 0.00316 
   85   85    1    1    1    1    1    1    1    1  2.46796E+13 0.00340 
   86   86    1    1    1    1    1    1    1    1  2.30345E+13 0.00365 
   87   87    1    1    1    1    1    1    1    1  1.41042E+13 0.00477 
   88   88    1    1    1    1    1    1    1    1  9.45970E+12 0.00542 
   89   89    1    1    1    1    1    1    1    1  5.39850E+12 0.00909 
   90   90    1    1    1    1    1    1    1    1  3.61389E+12 0.00815 
   91   91    1    1    1    1    1    1    1    1  1.83516E+12 0.01217 
   92   92    1    1    1    1    1    1    1    1  8.53332E+11 0.01564 
   93   93    1    1    1    1    1    1    1    1  4.24657E+11 0.02183 
   94   94    1    1    1    1    1    1    1    1  2.04564E+11 0.03701 
   95   95    1    1    1    1    1    1    1    1  9.76943E+10 0.06237 
   96   96    1    1    1    1    1    1    1    1  4.72032E+10 0.07729 
   97   97    1    1    1    1    1    1    1    1  1.87848E+10 0.10296 
   98   98    1    1    1    1    1    1    1    1  8.77240E+09 0.19366 
   99   99    1    1    1    1    1    1    1    1  3.84798E+09 0.25773 
  100  100    1    1    1    1    1    1    1    1  3.48747E+09 0.26311 
];


