
DETdpaspec = [
    1    1    1    1    1    1    1    1    1    1  0.00000E+00 0.00000 
    2    2    1    1    1    1    1    1    1    1  0.00000E+00 0.00000 
    3    3    1    1    1    1    1    1    1    1  0.00000E+00 0.00000 
    4    4    1    1    1    1    1    1    1    1  0.00000E+00 0.00000 
    5    5    1    1    1    1    1    1    1    1  0.00000E+00 0.00000 
    6    6    1    1    1    1    1    1    1    1  0.00000E+00 0.00000 
    7    7    1    1    1    1    1    1    1    1  0.00000E+00 0.00000 
    8    8    1    1    1    1    1    1    1    1  0.00000E+00 0.00000 
    9    9    1    1    1    1    1    1    1    1  0.00000E+00 0.00000 
   10   10    1    1    1    1    1    1    1    1  0.00000E+00 0.00000 
   11   11    1    1    1    1    1    1    1    1  3.72840E+07 1.00000 
   12   12    1    1    1    1    1    1    1    1  1.58983E+07 0.71138 
   13   13    1    1    1    1    1    1    1    1  3.97555E+08 0.58701 
   14   14    1    1    1    1    1    1    1    1  1.72065E+08 1.00000 
   15   15    1    1    1    1    1    1    1    1  8.23996E+08 0.37181 
   16   16    1    1    1    1    1    1    1    1  5.11374E+08 0.40805 
   17   17    1    1    1    1    1    1    1    1  9.48552E+08 0.30586 
   18   18    1    1    1    1    1    1    1    1  3.17302E+09 0.27465 
   19   19    1    1    1    1    1    1    1    1  2.29853E+09 0.28824 
   20   20    1    1    1    1    1    1    1    1  8.00546E+09 0.23607 
   21   21    1    1    1    1    1    1    1    1  6.01752E+09 0.14368 
   22   22    1    1    1    1    1    1    1    1  1.28689E+10 0.14033 
   23   23    1    1    1    1    1    1    1    1  1.78178E+10 0.07057 
   24   24    1    1    1    1    1    1    1    1  3.30397E+10 0.10201 
   25   25    1    1    1    1    1    1    1    1  4.84586E+10 0.06887 
   26   26    1    1    1    1    1    1    1    1  7.82362E+10 0.06088 
   27   27    1    1    1    1    1    1    1    1  1.64668E+11 0.05848 
   28   28    1    1    1    1    1    1    1    1  3.84950E+11 0.03766 
   29   29    1    1    1    1    1    1    1    1  6.95732E+11 0.02159 
   30   30    1    1    1    1    1    1    1    1  1.84073E+12 0.01068 
   31   31    1    1    1    1    1    1    1    1  5.32916E+12 0.00835 
   32   32    1    1    1    1    1    1    1    1  9.69415E+12 0.00658 
   33   33    1    1    1    1    1    1    1    1  2.26941E+13 0.00392 
   34   34    1    1    1    1    1    1    1    1  3.17577E+13 0.00378 
   35   35    1    1    1    1    1    1    1    1  3.93405E+13 0.00301 
   36   36    1    1    1    1    1    1    1    1  2.60201E+13 0.00269 
   37   37    1    1    1    1    1    1    1    1  7.86869E+12 0.00236 
   38   38    1    1    1    1    1    1    1    1  4.45858E+13 0.00234 
   39   39    1    1    1    1    1    1    1    1  6.01344E+13 0.00268 
   40   40    1    1    1    1    1    1    1    1  1.03749E+14 0.00182 
   41   41    1    1    1    1    1    1    1    1  1.03322E+14 0.00142 
   42   42    1    1    1    1    1    1    1    1  2.21718E+14 0.00125 
   43   43    1    1    1    1    1    1    1    1  2.69911E+14 0.00133 
   44   44    1    1    1    1    1    1    1    1  3.91792E+14 0.00119 
   45   45    1    1    1    1    1    1    1    1  7.91594E+14 0.00069 
   46   46    1    1    1    1    1    1    1    1  3.72894E+14 0.00095 
   47   47    1    1    1    1    1    1    1    1  5.97806E+14 0.00075 
   48   48    1    1    1    1    1    1    1    1  8.40199E+14 0.00074 
   49   49    1    1    1    1    1    1    1    1  8.31956E+14 0.00058 
   50   50    1    1    1    1    1    1    1    1  1.31885E+15 0.00053 
   51   51    1    1    1    1    1    1    1    1  1.05052E+15 0.00063 
   52   52    1    1    1    1    1    1    1    1  1.26906E+15 0.00056 
   53   53    1    1    1    1    1    1    1    1  8.87912E+14 0.00087 
   54   54    1    1    1    1    1    1    1    1  1.10294E+15 0.00062 
   55   55    1    1    1    1    1    1    1    1  7.62857E+14 0.00080 
   56   56    1    1    1    1    1    1    1    1  1.03840E+14 0.00076 
   57   57    1    1    1    1    1    1    1    1  1.52241E+15 0.00041 
   58   58    1    1    1    1    1    1    1    1  6.90193E+14 0.00070 
   59   59    1    1    1    1    1    1    1    1  7.37618E+14 0.00071 
   60   60    1    1    1    1    1    1    1    1  5.82031E+14 0.00059 
   61   61    1    1    1    1    1    1    1    1  5.84081E+14 0.00067 
   62   62    1    1    1    1    1    1    1    1  6.09925E+14 0.00070 
   63   63    1    1    1    1    1    1    1    1  5.17178E+14 0.00079 
   64   64    1    1    1    1    1    1    1    1  4.13528E+14 0.00076 
   65   65    1    1    1    1    1    1    1    1  4.12630E+14 0.00065 
   66   66    1    1    1    1    1    1    1    1  3.00036E+14 0.00110 
   67   67    1    1    1    1    1    1    1    1  2.44828E+14 0.00078 
   68   68    1    1    1    1    1    1    1    1  2.19150E+14 0.00113 
   69   69    1    1    1    1    1    1    1    1  2.63358E+14 0.00119 
   70   70    1    1    1    1    1    1    1    1  2.24594E+14 0.00123 
   71   71    1    1    1    1    1    1    1    1  4.08340E+14 0.00106 
   72   72    1    1    1    1    1    1    1    1  2.89824E+14 0.00112 
   73   73    1    1    1    1    1    1    1    1  2.20338E+14 0.00132 
   74   74    1    1    1    1    1    1    1    1  1.78392E+14 0.00112 
   75   75    1    1    1    1    1    1    1    1  1.48892E+14 0.00175 
   76   76    1    1    1    1    1    1    1    1  1.73778E+14 0.00121 
   77   77    1    1    1    1    1    1    1    1  1.38514E+14 0.00134 
   78   78    1    1    1    1    1    1    1    1  1.10597E+14 0.00149 
   79   79    1    1    1    1    1    1    1    1  1.14740E+14 0.00185 
   80   80    1    1    1    1    1    1    1    1  8.52733E+13 0.00199 
   81   81    1    1    1    1    1    1    1    1  6.57038E+13 0.00212 
   82   82    1    1    1    1    1    1    1    1  5.04143E+13 0.00169 
   83   83    1    1    1    1    1    1    1    1  4.70824E+13 0.00177 
   84   84    1    1    1    1    1    1    1    1  3.39931E+13 0.00191 
   85   85    1    1    1    1    1    1    1    1  2.44772E+13 0.00290 
   86   86    1    1    1    1    1    1    1    1  2.28385E+13 0.00327 
   87   87    1    1    1    1    1    1    1    1  1.40499E+13 0.00428 
   88   88    1    1    1    1    1    1    1    1  9.41727E+12 0.00481 
   89   89    1    1    1    1    1    1    1    1  5.41022E+12 0.00488 
   90   90    1    1    1    1    1    1    1    1  3.60437E+12 0.00877 
   91   91    1    1    1    1    1    1    1    1  1.83380E+12 0.01048 
   92   92    1    1    1    1    1    1    1    1  8.49227E+11 0.01890 
   93   93    1    1    1    1    1    1    1    1  4.29175E+11 0.03042 
   94   94    1    1    1    1    1    1    1    1  1.93080E+11 0.04110 
   95   95    1    1    1    1    1    1    1    1  9.92226E+10 0.05009 
   96   96    1    1    1    1    1    1    1    1  4.83037E+10 0.07171 
   97   97    1    1    1    1    1    1    1    1  2.32236E+10 0.15304 
   98   98    1    1    1    1    1    1    1    1  9.87534E+09 0.16808 
   99   99    1    1    1    1    1    1    1    1  6.41388E+09 0.27949 
  100  100    1    1    1    1    1    1    1    1  3.50979E+09 0.27855 
];


