
DETdpaspec = [
    1    1    1    1    1    1    1    1    1    1  0.00000E+00 0.00000 
    2    2    1    1    1    1    1    1    1    1  0.00000E+00 0.00000 
    3    3    1    1    1    1    1    1    1    1  0.00000E+00 0.00000 
    4    4    1    1    1    1    1    1    1    1  0.00000E+00 0.00000 
    5    5    1    1    1    1    1    1    1    1  0.00000E+00 0.00000 
    6    6    1    1    1    1    1    1    1    1  0.00000E+00 0.00000 
    7    7    1    1    1    1    1    1    1    1  2.31468E+07 1.00000 
    8    8    1    1    1    1    1    1    1    1  0.00000E+00 0.00000 
    9    9    1    1    1    1    1    1    1    1  0.00000E+00 0.00000 
   10   10    1    1    1    1    1    1    1    1  3.06684E+07 1.00000 
   11   11    1    1    1    1    1    1    1    1  2.48651E+08 0.76670 
   12   12    1    1    1    1    1    1    1    1  4.51946E+07 0.69271 
   13   13    1    1    1    1    1    1    1    1  7.02301E+08 0.72918 
   14   14    1    1    1    1    1    1    1    1  7.67179E+08 0.54685 
   15   15    1    1    1    1    1    1    1    1  1.42412E+09 0.43984 
   16   16    1    1    1    1    1    1    1    1  4.23636E+08 0.52294 
   17   17    1    1    1    1    1    1    1    1  5.53955E+08 0.38155 
   18   18    1    1    1    1    1    1    1    1  1.71877E+09 0.55725 
   19   19    1    1    1    1    1    1    1    1  1.62870E+09 0.36886 
   20   20    1    1    1    1    1    1    1    1  4.29167E+09 0.24724 
   21   21    1    1    1    1    1    1    1    1  5.11022E+09 0.17189 
   22   22    1    1    1    1    1    1    1    1  1.25415E+10 0.14172 
   23   23    1    1    1    1    1    1    1    1  1.73266E+10 0.10556 
   24   24    1    1    1    1    1    1    1    1  3.84809E+10 0.09299 
   25   25    1    1    1    1    1    1    1    1  5.24241E+10 0.06944 
   26   26    1    1    1    1    1    1    1    1  1.05122E+11 0.04392 
   27   27    1    1    1    1    1    1    1    1  2.03754E+11 0.02964 
   28   28    1    1    1    1    1    1    1    1  4.84864E+11 0.02729 
   29   29    1    1    1    1    1    1    1    1  8.44991E+11 0.01907 
   30   30    1    1    1    1    1    1    1    1  2.16762E+12 0.01445 
   31   31    1    1    1    1    1    1    1    1  6.28068E+12 0.00886 
   32   32    1    1    1    1    1    1    1    1  1.09856E+13 0.00514 
   33   33    1    1    1    1    1    1    1    1  2.53855E+13 0.00378 
   34   34    1    1    1    1    1    1    1    1  3.50632E+13 0.00341 
   35   35    1    1    1    1    1    1    1    1  4.18900E+13 0.00340 
   36   36    1    1    1    1    1    1    1    1  2.74235E+13 0.00251 
   37   37    1    1    1    1    1    1    1    1  8.20449E+12 0.00248 
   38   38    1    1    1    1    1    1    1    1  4.65585E+13 0.00200 
   39   39    1    1    1    1    1    1    1    1  6.25769E+13 0.00234 
   40   40    1    1    1    1    1    1    1    1  1.08244E+14 0.00130 
   41   41    1    1    1    1    1    1    1    1  1.07236E+14 0.00184 
   42   42    1    1    1    1    1    1    1    1  2.31078E+14 0.00150 
   43   43    1    1    1    1    1    1    1    1  2.79714E+14 0.00103 
   44   44    1    1    1    1    1    1    1    1  4.04695E+14 0.00109 
   45   45    1    1    1    1    1    1    1    1  8.14886E+14 0.00077 
   46   46    1    1    1    1    1    1    1    1  3.81147E+14 0.00081 
   47   47    1    1    1    1    1    1    1    1  6.09789E+14 0.00073 
   48   48    1    1    1    1    1    1    1    1  8.55069E+14 0.00061 
   49   49    1    1    1    1    1    1    1    1  8.43897E+14 0.00064 
   50   50    1    1    1    1    1    1    1    1  1.33749E+15 0.00061 
   51   51    1    1    1    1    1    1    1    1  1.05986E+15 0.00048 
   52   52    1    1    1    1    1    1    1    1  1.28092E+15 0.00055 
   53   53    1    1    1    1    1    1    1    1  8.93475E+14 0.00063 
   54   54    1    1    1    1    1    1    1    1  1.11222E+15 0.00035 
   55   55    1    1    1    1    1    1    1    1  7.68298E+14 0.00057 
   56   56    1    1    1    1    1    1    1    1  1.04500E+14 0.00079 
   57   57    1    1    1    1    1    1    1    1  1.52832E+15 0.00051 
   58   58    1    1    1    1    1    1    1    1  6.96107E+14 0.00102 
   59   59    1    1    1    1    1    1    1    1  7.41626E+14 0.00073 
   60   60    1    1    1    1    1    1    1    1  5.87502E+14 0.00069 
   61   61    1    1    1    1    1    1    1    1  5.88503E+14 0.00079 
   62   62    1    1    1    1    1    1    1    1  6.15440E+14 0.00077 
   63   63    1    1    1    1    1    1    1    1  5.21516E+14 0.00079 
   64   64    1    1    1    1    1    1    1    1  4.16652E+14 0.00097 
   65   65    1    1    1    1    1    1    1    1  4.15343E+14 0.00081 
   66   66    1    1    1    1    1    1    1    1  3.01939E+14 0.00100 
   67   67    1    1    1    1    1    1    1    1  2.45340E+14 0.00092 
   68   68    1    1    1    1    1    1    1    1  2.19680E+14 0.00098 
   69   69    1    1    1    1    1    1    1    1  2.64136E+14 0.00098 
   70   70    1    1    1    1    1    1    1    1  2.25223E+14 0.00135 
   71   71    1    1    1    1    1    1    1    1  4.07912E+14 0.00096 
   72   72    1    1    1    1    1    1    1    1  2.89371E+14 0.00122 
   73   73    1    1    1    1    1    1    1    1  2.19432E+14 0.00118 
   74   74    1    1    1    1    1    1    1    1  1.78434E+14 0.00141 
   75   75    1    1    1    1    1    1    1    1  1.49385E+14 0.00122 
   76   76    1    1    1    1    1    1    1    1  1.74515E+14 0.00135 
   77   77    1    1    1    1    1    1    1    1  1.39351E+14 0.00157 
   78   78    1    1    1    1    1    1    1    1  1.11767E+14 0.00141 
   79   79    1    1    1    1    1    1    1    1  1.15409E+14 0.00171 
   80   80    1    1    1    1    1    1    1    1  8.60270E+13 0.00194 
   81   81    1    1    1    1    1    1    1    1  6.63040E+13 0.00239 
   82   82    1    1    1    1    1    1    1    1  5.10756E+13 0.00275 
   83   83    1    1    1    1    1    1    1    1  4.76924E+13 0.00248 
   84   84    1    1    1    1    1    1    1    1  3.43509E+13 0.00305 
   85   85    1    1    1    1    1    1    1    1  2.48489E+13 0.00293 
   86   86    1    1    1    1    1    1    1    1  2.30685E+13 0.00402 
   87   87    1    1    1    1    1    1    1    1  1.41061E+13 0.00543 
   88   88    1    1    1    1    1    1    1    1  9.46427E+12 0.00460 
   89   89    1    1    1    1    1    1    1    1  5.40785E+12 0.00666 
   90   90    1    1    1    1    1    1    1    1  3.57647E+12 0.00787 
   91   91    1    1    1    1    1    1    1    1  1.82748E+12 0.00974 
   92   92    1    1    1    1    1    1    1    1  8.68952E+11 0.02051 
   93   93    1    1    1    1    1    1    1    1  4.17752E+11 0.02563 
   94   94    1    1    1    1    1    1    1    1  2.08037E+11 0.04079 
   95   95    1    1    1    1    1    1    1    1  9.64749E+10 0.05040 
   96   96    1    1    1    1    1    1    1    1  4.52462E+10 0.08898 
   97   97    1    1    1    1    1    1    1    1  1.91798E+10 0.13967 
   98   98    1    1    1    1    1    1    1    1  1.16175E+10 0.16132 
   99   99    1    1    1    1    1    1    1    1  5.92126E+09 0.18412 
  100  100    1    1    1    1    1    1    1    1  1.70459E+09 0.32665 
];


