
DETdpaspec = [
    1    1    1    1    1    1    1    1    1    1  0.00000E+00 0.00000 
    2    2    1    1    1    1    1    1    1    1  0.00000E+00 0.00000 
    3    3    1    1    1    1    1    1    1    1  0.00000E+00 0.00000 
    4    4    1    1    1    1    1    1    1    1  0.00000E+00 0.00000 
    5    5    1    1    1    1    1    1    1    1  0.00000E+00 0.00000 
    6    6    1    1    1    1    1    1    1    1  0.00000E+00 0.00000 
    7    7    1    1    1    1    1    1    1    1  0.00000E+00 0.00000 
    8    8    1    1    1    1    1    1    1    1  1.08155E+07 1.00000 
    9    9    1    1    1    1    1    1    1    1  0.00000E+00 0.00000 
   10   10    1    1    1    1    1    1    1    1  0.00000E+00 0.00000 
   11   11    1    1    1    1    1    1    1    1  6.39339E+07 1.00000 
   12   12    1    1    1    1    1    1    1    1  0.00000E+00 0.00000 
   13   13    1    1    1    1    1    1    1    1  4.41550E+08 0.61819 
   14   14    1    1    1    1    1    1    1    1  6.98541E+08 0.78455 
   15   15    1    1    1    1    1    1    1    1  2.44408E+09 0.42697 
   16   16    1    1    1    1    1    1    1    1  3.81080E+08 0.39793 
   17   17    1    1    1    1    1    1    1    1  9.01620E+08 0.39319 
   18   18    1    1    1    1    1    1    1    1  1.72206E+09 0.33669 
   19   19    1    1    1    1    1    1    1    1  1.59557E+09 0.36774 
   20   20    1    1    1    1    1    1    1    1  7.83622E+09 0.20694 
   21   21    1    1    1    1    1    1    1    1  6.37140E+09 0.19222 
   22   22    1    1    1    1    1    1    1    1  1.09853E+10 0.12516 
   23   23    1    1    1    1    1    1    1    1  2.28504E+10 0.11731 
   24   24    1    1    1    1    1    1    1    1  3.36331E+10 0.06537 
   25   25    1    1    1    1    1    1    1    1  4.79092E+10 0.06840 
   26   26    1    1    1    1    1    1    1    1  8.30135E+10 0.05274 
   27   27    1    1    1    1    1    1    1    1  1.95324E+11 0.04086 
   28   28    1    1    1    1    1    1    1    1  4.86541E+11 0.02721 
   29   29    1    1    1    1    1    1    1    1  8.62317E+11 0.01997 
   30   30    1    1    1    1    1    1    1    1  2.18760E+12 0.00951 
   31   31    1    1    1    1    1    1    1    1  6.22485E+12 0.00780 
   32   32    1    1    1    1    1    1    1    1  1.10319E+13 0.00512 
   33   33    1    1    1    1    1    1    1    1  2.55806E+13 0.00399 
   34   34    1    1    1    1    1    1    1    1  3.49959E+13 0.00327 
   35   35    1    1    1    1    1    1    1    1  4.21543E+13 0.00284 
   36   36    1    1    1    1    1    1    1    1  2.74521E+13 0.00229 
   37   37    1    1    1    1    1    1    1    1  8.23834E+12 0.00317 
   38   38    1    1    1    1    1    1    1    1  4.67871E+13 0.00225 
   39   39    1    1    1    1    1    1    1    1  6.27742E+13 0.00199 
   40   40    1    1    1    1    1    1    1    1  1.08106E+14 0.00168 
   41   41    1    1    1    1    1    1    1    1  1.07054E+14 0.00159 
   42   42    1    1    1    1    1    1    1    1  2.30977E+14 0.00150 
   43   43    1    1    1    1    1    1    1    1  2.80143E+14 0.00129 
   44   44    1    1    1    1    1    1    1    1  4.05261E+14 0.00106 
   45   45    1    1    1    1    1    1    1    1  8.15702E+14 0.00081 
   46   46    1    1    1    1    1    1    1    1  3.81301E+14 0.00080 
   47   47    1    1    1    1    1    1    1    1  6.10019E+14 0.00071 
   48   48    1    1    1    1    1    1    1    1  8.55084E+14 0.00056 
   49   49    1    1    1    1    1    1    1    1  8.43812E+14 0.00059 
   50   50    1    1    1    1    1    1    1    1  1.33677E+15 0.00047 
   51   51    1    1    1    1    1    1    1    1  1.05881E+15 0.00051 
   52   52    1    1    1    1    1    1    1    1  1.28033E+15 0.00054 
   53   53    1    1    1    1    1    1    1    1  8.93100E+14 0.00060 
   54   54    1    1    1    1    1    1    1    1  1.11246E+15 0.00043 
   55   55    1    1    1    1    1    1    1    1  7.68523E+14 0.00064 
   56   56    1    1    1    1    1    1    1    1  1.04154E+14 0.00108 
   57   57    1    1    1    1    1    1    1    1  1.53170E+15 0.00060 
   58   58    1    1    1    1    1    1    1    1  6.96713E+14 0.00054 
   59   59    1    1    1    1    1    1    1    1  7.41636E+14 0.00076 
   60   60    1    1    1    1    1    1    1    1  5.87560E+14 0.00052 
   61   61    1    1    1    1    1    1    1    1  5.89160E+14 0.00055 
   62   62    1    1    1    1    1    1    1    1  6.14493E+14 0.00090 
   63   63    1    1    1    1    1    1    1    1  5.21438E+14 0.00057 
   64   64    1    1    1    1    1    1    1    1  4.16333E+14 0.00106 
   65   65    1    1    1    1    1    1    1    1  4.15598E+14 0.00092 
   66   66    1    1    1    1    1    1    1    1  3.01876E+14 0.00114 
   67   67    1    1    1    1    1    1    1    1  2.45348E+14 0.00100 
   68   68    1    1    1    1    1    1    1    1  2.19524E+14 0.00091 
   69   69    1    1    1    1    1    1    1    1  2.63965E+14 0.00092 
   70   70    1    1    1    1    1    1    1    1  2.24801E+14 0.00122 
   71   71    1    1    1    1    1    1    1    1  4.07999E+14 0.00079 
   72   72    1    1    1    1    1    1    1    1  2.89746E+14 0.00092 
   73   73    1    1    1    1    1    1    1    1  2.19291E+14 0.00132 
   74   74    1    1    1    1    1    1    1    1  1.78004E+14 0.00153 
   75   75    1    1    1    1    1    1    1    1  1.49109E+14 0.00179 
   76   76    1    1    1    1    1    1    1    1  1.74839E+14 0.00107 
   77   77    1    1    1    1    1    1    1    1  1.39109E+14 0.00153 
   78   78    1    1    1    1    1    1    1    1  1.11395E+14 0.00157 
   79   79    1    1    1    1    1    1    1    1  1.15620E+14 0.00187 
   80   80    1    1    1    1    1    1    1    1  8.59095E+13 0.00171 
   81   81    1    1    1    1    1    1    1    1  6.61286E+13 0.00149 
   82   82    1    1    1    1    1    1    1    1  5.09961E+13 0.00175 
   83   83    1    1    1    1    1    1    1    1  4.75442E+13 0.00184 
   84   84    1    1    1    1    1    1    1    1  3.43002E+13 0.00264 
   85   85    1    1    1    1    1    1    1    1  2.47224E+13 0.00282 
   86   86    1    1    1    1    1    1    1    1  2.32304E+13 0.00373 
   87   87    1    1    1    1    1    1    1    1  1.41331E+13 0.00300 
   88   88    1    1    1    1    1    1    1    1  9.48777E+12 0.00395 
   89   89    1    1    1    1    1    1    1    1  5.55454E+12 0.00615 
   90   90    1    1    1    1    1    1    1    1  3.63299E+12 0.00723 
   91   91    1    1    1    1    1    1    1    1  1.78922E+12 0.00966 
   92   92    1    1    1    1    1    1    1    1  8.87762E+11 0.01090 
   93   93    1    1    1    1    1    1    1    1  4.18664E+11 0.02611 
   94   94    1    1    1    1    1    1    1    1  1.99457E+11 0.03438 
   95   95    1    1    1    1    1    1    1    1  1.03829E+11 0.04857 
   96   96    1    1    1    1    1    1    1    1  4.06966E+10 0.07766 
   97   97    1    1    1    1    1    1    1    1  2.22356E+10 0.11327 
   98   98    1    1    1    1    1    1    1    1  7.97115E+09 0.14943 
   99   99    1    1    1    1    1    1    1    1  3.68761E+09 0.24595 
  100  100    1    1    1    1    1    1    1    1  4.66542E+09 0.35264 
];


