
DETdpaspec = [
    1    1    1    1    1    1    1    1    1    1  0.00000E+00 0.00000 
    2    2    1    1    1    1    1    1    1    1  0.00000E+00 0.00000 
    3    3    1    1    1    1    1    1    1    1  0.00000E+00 0.00000 
    4    4    1    1    1    1    1    1    1    1  0.00000E+00 0.00000 
    5    5    1    1    1    1    1    1    1    1  0.00000E+00 0.00000 
    6    6    1    1    1    1    1    1    1    1  0.00000E+00 0.00000 
    7    7    1    1    1    1    1    1    1    1  0.00000E+00 0.00000 
    8    8    1    1    1    1    1    1    1    1  0.00000E+00 0.00000 
    9    9    1    1    1    1    1    1    1    1  0.00000E+00 0.00000 
   10   10    1    1    1    1    1    1    1    1  3.65501E+07 1.00000 
   11   11    1    1    1    1    1    1    1    1  0.00000E+00 0.00000 
   12   12    1    1    1    1    1    1    1    1  6.17307E+07 0.68865 
   13   13    1    1    1    1    1    1    1    1  5.15404E+08 0.71888 
   14   14    1    1    1    1    1    1    1    1  1.51624E+09 0.59366 
   15   15    1    1    1    1    1    1    1    1  6.80634E+08 0.55768 
   16   16    1    1    1    1    1    1    1    1  6.49077E+08 0.64940 
   17   17    1    1    1    1    1    1    1    1  4.94134E+08 0.56760 
   18   18    1    1    1    1    1    1    1    1  1.17498E+09 0.22446 
   19   19    1    1    1    1    1    1    1    1  1.35512E+09 0.44106 
   20   20    1    1    1    1    1    1    1    1  5.00683E+09 0.25819 
   21   21    1    1    1    1    1    1    1    1  5.18722E+09 0.29266 
   22   22    1    1    1    1    1    1    1    1  9.97725E+09 0.12297 
   23   23    1    1    1    1    1    1    1    1  1.93900E+10 0.10689 
   24   24    1    1    1    1    1    1    1    1  4.58260E+10 0.05996 
   25   25    1    1    1    1    1    1    1    1  6.55478E+10 0.06102 
   26   26    1    1    1    1    1    1    1    1  1.39640E+11 0.03715 
   27   27    1    1    1    1    1    1    1    1  3.18752E+11 0.03069 
   28   28    1    1    1    1    1    1    1    1  7.65327E+11 0.01180 
   29   29    1    1    1    1    1    1    1    1  1.34194E+12 0.01565 
   30   30    1    1    1    1    1    1    1    1  3.15718E+12 0.01094 
   31   31    1    1    1    1    1    1    1    1  8.36433E+12 0.00425 
   32   32    1    1    1    1    1    1    1    1  1.40036E+13 0.00421 
   33   33    1    1    1    1    1    1    1    1  3.13554E+13 0.00324 
   34   34    1    1    1    1    1    1    1    1  4.19943E+13 0.00202 
   35   35    1    1    1    1    1    1    1    1  4.78041E+13 0.00192 
   36   36    1    1    1    1    1    1    1    1  3.03310E+13 0.00178 
   37   37    1    1    1    1    1    1    1    1  9.00539E+12 0.00230 
   38   38    1    1    1    1    1    1    1    1  5.12751E+13 0.00195 
   39   39    1    1    1    1    1    1    1    1  6.86246E+13 0.00197 
   40   40    1    1    1    1    1    1    1    1  1.17772E+14 0.00169 
   41   41    1    1    1    1    1    1    1    1  1.15240E+14 0.00185 
   42   42    1    1    1    1    1    1    1    1  2.47855E+14 0.00111 
   43   43    1    1    1    1    1    1    1    1  2.98705E+14 0.00097 
   44   44    1    1    1    1    1    1    1    1  4.29711E+14 0.00108 
   45   45    1    1    1    1    1    1    1    1  8.59555E+14 0.00066 
   46   46    1    1    1    1    1    1    1    1  3.97447E+14 0.00052 
   47   47    1    1    1    1    1    1    1    1  6.31944E+14 0.00045 
   48   48    1    1    1    1    1    1    1    1  8.80105E+14 0.00065 
   49   49    1    1    1    1    1    1    1    1  8.63700E+14 0.00058 
   50   50    1    1    1    1    1    1    1    1  1.36546E+15 0.00054 
   51   51    1    1    1    1    1    1    1    1  1.07113E+15 0.00063 
   52   52    1    1    1    1    1    1    1    1  1.29751E+15 0.00046 
   53   53    1    1    1    1    1    1    1    1  9.01323E+14 0.00066 
   54   54    1    1    1    1    1    1    1    1  1.12171E+15 0.00059 
   55   55    1    1    1    1    1    1    1    1  7.72816E+14 0.00062 
   56   56    1    1    1    1    1    1    1    1  1.04685E+14 0.00098 
   57   57    1    1    1    1    1    1    1    1  1.53507E+15 0.00062 
   58   58    1    1    1    1    1    1    1    1  7.00644E+14 0.00072 
   59   59    1    1    1    1    1    1    1    1  7.43482E+14 0.00063 
   60   60    1    1    1    1    1    1    1    1  5.89528E+14 0.00060 
   61   61    1    1    1    1    1    1    1    1  5.90320E+14 0.00052 
   62   62    1    1    1    1    1    1    1    1  6.16014E+14 0.00060 
   63   63    1    1    1    1    1    1    1    1  5.21311E+14 0.00058 
   64   64    1    1    1    1    1    1    1    1  4.16235E+14 0.00064 
   65   65    1    1    1    1    1    1    1    1  4.14560E+14 0.00067 
   66   66    1    1    1    1    1    1    1    1  3.01283E+14 0.00077 
   67   67    1    1    1    1    1    1    1    1  2.44434E+14 0.00072 
   68   68    1    1    1    1    1    1    1    1  2.18328E+14 0.00107 
   69   69    1    1    1    1    1    1    1    1  2.62034E+14 0.00121 
   70   70    1    1    1    1    1    1    1    1  2.22874E+14 0.00083 
   71   71    1    1    1    1    1    1    1    1  4.02323E+14 0.00066 
   72   72    1    1    1    1    1    1    1    1  2.84825E+14 0.00107 
   73   73    1    1    1    1    1    1    1    1  2.15419E+14 0.00094 
   74   74    1    1    1    1    1    1    1    1  1.75167E+14 0.00102 
   75   75    1    1    1    1    1    1    1    1  1.47221E+14 0.00143 
   76   76    1    1    1    1    1    1    1    1  1.72476E+14 0.00092 
   77   77    1    1    1    1    1    1    1    1  1.38001E+14 0.00118 
   78   78    1    1    1    1    1    1    1    1  1.10720E+14 0.00178 
   79   79    1    1    1    1    1    1    1    1  1.15094E+14 0.00128 
   80   80    1    1    1    1    1    1    1    1  8.54127E+13 0.00147 
   81   81    1    1    1    1    1    1    1    1  6.61120E+13 0.00247 
   82   82    1    1    1    1    1    1    1    1  5.06080E+13 0.00206 
   83   83    1    1    1    1    1    1    1    1  4.74382E+13 0.00225 
   84   84    1    1    1    1    1    1    1    1  3.40360E+13 0.00287 
   85   85    1    1    1    1    1    1    1    1  2.45330E+13 0.00307 
   86   86    1    1    1    1    1    1    1    1  2.30103E+13 0.00308 
   87   87    1    1    1    1    1    1    1    1  1.40175E+13 0.00456 
   88   88    1    1    1    1    1    1    1    1  9.46716E+12 0.00529 
   89   89    1    1    1    1    1    1    1    1  5.35347E+12 0.00617 
   90   90    1    1    1    1    1    1    1    1  3.55007E+12 0.00892 
   91   91    1    1    1    1    1    1    1    1  1.75858E+12 0.01223 
   92   92    1    1    1    1    1    1    1    1  8.52303E+11 0.01812 
   93   93    1    1    1    1    1    1    1    1  4.24629E+11 0.02879 
   94   94    1    1    1    1    1    1    1    1  1.97716E+11 0.03776 
   95   95    1    1    1    1    1    1    1    1  8.61877E+10 0.06361 
   96   96    1    1    1    1    1    1    1    1  4.23432E+10 0.08151 
   97   97    1    1    1    1    1    1    1    1  1.68012E+10 0.13160 
   98   98    1    1    1    1    1    1    1    1  1.09803E+10 0.15372 
   99   99    1    1    1    1    1    1    1    1  6.65447E+09 0.18324 
  100  100    1    1    1    1    1    1    1    1  3.03712E+09 0.24011 
];


