
DETdpaspec = [
    1    1    1    1    1    1    1    1    1    1  0.00000E+00 0.00000 
    2    2    1    1    1    1    1    1    1    1  0.00000E+00 0.00000 
    3    3    1    1    1    1    1    1    1    1  0.00000E+00 0.00000 
    4    4    1    1    1    1    1    1    1    1  0.00000E+00 0.00000 
    5    5    1    1    1    1    1    1    1    1  0.00000E+00 0.00000 
    6    6    1    1    1    1    1    1    1    1  0.00000E+00 0.00000 
    7    7    1    1    1    1    1    1    1    1  0.00000E+00 0.00000 
    8    8    1    1    1    1    1    1    1    1  0.00000E+00 0.00000 
    9    9    1    1    1    1    1    1    1    1  1.29867E+07 1.00000 
   10   10    1    1    1    1    1    1    1    1  0.00000E+00 0.00000 
   11   11    1    1    1    1    1    1    1    1  4.22304E+07 1.00000 
   12   12    1    1    1    1    1    1    1    1  0.00000E+00 0.00000 
   13   13    1    1    1    1    1    1    1    1  4.77155E+08 0.79968 
   14   14    1    1    1    1    1    1    1    1  9.53222E+08 0.74462 
   15   15    1    1    1    1    1    1    1    1  7.67573E+08 0.63611 
   16   16    1    1    1    1    1    1    1    1  1.08743E+09 0.38597 
   17   17    1    1    1    1    1    1    1    1  1.23407E+07 1.00000 
   18   18    1    1    1    1    1    1    1    1  1.26108E+09 0.40980 
   19   19    1    1    1    1    1    1    1    1  9.33776E+08 0.37949 
   20   20    1    1    1    1    1    1    1    1  4.65738E+09 0.21509 
   21   21    1    1    1    1    1    1    1    1  4.30624E+09 0.16626 
   22   22    1    1    1    1    1    1    1    1  1.10827E+10 0.16545 
   23   23    1    1    1    1    1    1    1    1  1.95323E+10 0.09731 
   24   24    1    1    1    1    1    1    1    1  5.36627E+10 0.06382 
   25   25    1    1    1    1    1    1    1    1  7.92732E+10 0.05757 
   26   26    1    1    1    1    1    1    1    1  1.77338E+11 0.04595 
   27   27    1    1    1    1    1    1    1    1  4.01869E+11 0.02519 
   28   28    1    1    1    1    1    1    1    1  9.43692E+11 0.01591 
   29   29    1    1    1    1    1    1    1    1  1.65497E+12 0.01418 
   30   30    1    1    1    1    1    1    1    1  3.79106E+12 0.00697 
   31   31    1    1    1    1    1    1    1    1  9.71034E+12 0.00743 
   32   32    1    1    1    1    1    1    1    1  1.58387E+13 0.00505 
   33   33    1    1    1    1    1    1    1    1  3.45415E+13 0.00341 
   34   34    1    1    1    1    1    1    1    1  4.59326E+13 0.00168 
   35   35    1    1    1    1    1    1    1    1  5.10560E+13 0.00189 
   36   36    1    1    1    1    1    1    1    1  3.20057E+13 0.00233 
   37   37    1    1    1    1    1    1    1    1  9.48214E+12 0.00256 
   38   38    1    1    1    1    1    1    1    1  5.37954E+13 0.00227 
   39   39    1    1    1    1    1    1    1    1  7.20496E+13 0.00214 
   40   40    1    1    1    1    1    1    1    1  1.23154E+14 0.00152 
   41   41    1    1    1    1    1    1    1    1  1.19613E+14 0.00158 
   42   42    1    1    1    1    1    1    1    1  2.57532E+14 0.00105 
   43   43    1    1    1    1    1    1    1    1  3.09033E+14 0.00126 
   44   44    1    1    1    1    1    1    1    1  4.43543E+14 0.00089 
   45   45    1    1    1    1    1    1    1    1  8.82705E+14 0.00078 
   46   46    1    1    1    1    1    1    1    1  4.06089E+14 0.00054 
   47   47    1    1    1    1    1    1    1    1  6.43842E+14 0.00042 
   48   48    1    1    1    1    1    1    1    1  8.93751E+14 0.00064 
   49   49    1    1    1    1    1    1    1    1  8.74424E+14 0.00059 
   50   50    1    1    1    1    1    1    1    1  1.37944E+15 0.00061 
   51   51    1    1    1    1    1    1    1    1  1.07762E+15 0.00038 
   52   52    1    1    1    1    1    1    1    1  1.30346E+15 0.00055 
   53   53    1    1    1    1    1    1    1    1  9.02375E+14 0.00079 
   54   54    1    1    1    1    1    1    1    1  1.12537E+15 0.00061 
   55   55    1    1    1    1    1    1    1    1  7.73120E+14 0.00057 
   56   56    1    1    1    1    1    1    1    1  1.04689E+14 0.00101 
   57   57    1    1    1    1    1    1    1    1  1.53200E+15 0.00042 
   58   58    1    1    1    1    1    1    1    1  6.99695E+14 0.00045 
   59   59    1    1    1    1    1    1    1    1  7.41821E+14 0.00059 
   60   60    1    1    1    1    1    1    1    1  5.89218E+14 0.00074 
   61   61    1    1    1    1    1    1    1    1  5.88836E+14 0.00069 
   62   62    1    1    1    1    1    1    1    1  6.13520E+14 0.00060 
   63   63    1    1    1    1    1    1    1    1  5.19511E+14 0.00057 
   64   64    1    1    1    1    1    1    1    1  4.14044E+14 0.00097 
   65   65    1    1    1    1    1    1    1    1  4.12869E+14 0.00075 
   66   66    1    1    1    1    1    1    1    1  2.99563E+14 0.00102 
   67   67    1    1    1    1    1    1    1    1  2.42725E+14 0.00103 
   68   68    1    1    1    1    1    1    1    1  2.16650E+14 0.00065 
   69   69    1    1    1    1    1    1    1    1  2.59573E+14 0.00100 
   70   70    1    1    1    1    1    1    1    1  2.20950E+14 0.00119 
   71   71    1    1    1    1    1    1    1    1  3.98071E+14 0.00098 
   72   72    1    1    1    1    1    1    1    1  2.81195E+14 0.00110 
   73   73    1    1    1    1    1    1    1    1  2.12529E+14 0.00107 
   74   74    1    1    1    1    1    1    1    1  1.73398E+14 0.00129 
   75   75    1    1    1    1    1    1    1    1  1.45075E+14 0.00148 
   76   76    1    1    1    1    1    1    1    1  1.70734E+14 0.00094 
   77   77    1    1    1    1    1    1    1    1  1.36427E+14 0.00133 
   78   78    1    1    1    1    1    1    1    1  1.09674E+14 0.00163 
   79   79    1    1    1    1    1    1    1    1  1.13796E+14 0.00167 
   80   80    1    1    1    1    1    1    1    1  8.48259E+13 0.00158 
   81   81    1    1    1    1    1    1    1    1  6.54541E+13 0.00161 
   82   82    1    1    1    1    1    1    1    1  5.01783E+13 0.00245 
   83   83    1    1    1    1    1    1    1    1  4.69765E+13 0.00295 
   84   84    1    1    1    1    1    1    1    1  3.38659E+13 0.00297 
   85   85    1    1    1    1    1    1    1    1  2.42579E+13 0.00343 
   86   86    1    1    1    1    1    1    1    1  2.27232E+13 0.00344 
   87   87    1    1    1    1    1    1    1    1  1.37963E+13 0.00413 
   88   88    1    1    1    1    1    1    1    1  9.25954E+12 0.00674 
   89   89    1    1    1    1    1    1    1    1  5.28822E+12 0.00694 
   90   90    1    1    1    1    1    1    1    1  3.46465E+12 0.00766 
   91   91    1    1    1    1    1    1    1    1  1.77058E+12 0.00899 
   92   92    1    1    1    1    1    1    1    1  8.46487E+11 0.01363 
   93   93    1    1    1    1    1    1    1    1  3.78241E+11 0.03083 
   94   94    1    1    1    1    1    1    1    1  1.93502E+11 0.03208 
   95   95    1    1    1    1    1    1    1    1  8.92809E+10 0.04945 
   96   96    1    1    1    1    1    1    1    1  4.59262E+10 0.06164 
   97   97    1    1    1    1    1    1    1    1  1.95232E+10 0.13591 
   98   98    1    1    1    1    1    1    1    1  1.02664E+10 0.13098 
   99   99    1    1    1    1    1    1    1    1  4.37829E+09 0.26031 
  100  100    1    1    1    1    1    1    1    1  3.87868E+09 0.16335 
];


