
DETdpaspec = [
    1    1    1    1    1    1    1    1    1    1  0.00000E+00 0.00000 
    2    2    1    1    1    1    1    1    1    1  0.00000E+00 0.00000 
    3    3    1    1    1    1    1    1    1    1  0.00000E+00 0.00000 
    4    4    1    1    1    1    1    1    1    1  0.00000E+00 0.00000 
    5    5    1    1    1    1    1    1    1    1  0.00000E+00 0.00000 
    6    6    1    1    1    1    1    1    1    1  0.00000E+00 0.00000 
    7    7    1    1    1    1    1    1    1    1  0.00000E+00 0.00000 
    8    8    1    1    1    1    1    1    1    1  0.00000E+00 0.00000 
    9    9    1    1    1    1    1    1    1    1  1.54550E+07 1.00000 
   10   10    1    1    1    1    1    1    1    1  5.53817E+07 0.73307 
   11   11    1    1    1    1    1    1    1    1  8.60381E+07 1.00000 
   12   12    1    1    1    1    1    1    1    1  0.00000E+00 0.00000 
   13   13    1    1    1    1    1    1    1    1  0.00000E+00 0.00000 
   14   14    1    1    1    1    1    1    1    1  4.94837E+08 1.00000 
   15   15    1    1    1    1    1    1    1    1  6.65534E+08 0.72505 
   16   16    1    1    1    1    1    1    1    1  2.59553E+08 0.83966 
   17   17    1    1    1    1    1    1    1    1  3.00076E+08 0.56271 
   18   18    1    1    1    1    1    1    1    1  2.02552E+09 0.29724 
   19   19    1    1    1    1    1    1    1    1  1.30552E+09 0.30608 
   20   20    1    1    1    1    1    1    1    1  4.99965E+09 0.32395 
   21   21    1    1    1    1    1    1    1    1  4.55299E+09 0.22969 
   22   22    1    1    1    1    1    1    1    1  1.31309E+10 0.16776 
   23   23    1    1    1    1    1    1    1    1  4.56523E+10 0.06433 
   24   24    1    1    1    1    1    1    1    1  1.51265E+11 0.03845 
   25   25    1    1    1    1    1    1    1    1  2.58431E+11 0.03509 
   26   26    1    1    1    1    1    1    1    1  5.65083E+11 0.02239 
   27   27    1    1    1    1    1    1    1    1  1.14015E+12 0.01029 
   28   28    1    1    1    1    1    1    1    1  2.31020E+12 0.00647 
   29   29    1    1    1    1    1    1    1    1  3.71485E+12 0.00859 
   30   30    1    1    1    1    1    1    1    1  7.38835E+12 0.00622 
   31   31    1    1    1    1    1    1    1    1  1.60332E+13 0.00415 
   32   32    1    1    1    1    1    1    1    1  2.40555E+13 0.00345 
   33   33    1    1    1    1    1    1    1    1  4.87493E+13 0.00254 
   34   34    1    1    1    1    1    1    1    1  6.11634E+13 0.00152 
   35   35    1    1    1    1    1    1    1    1  6.36300E+13 0.00173 
   36   36    1    1    1    1    1    1    1    1  3.83182E+13 0.00167 
   37   37    1    1    1    1    1    1    1    1  1.11691E+13 0.00204 
   38   38    1    1    1    1    1    1    1    1  6.37629E+13 0.00169 
   39   39    1    1    1    1    1    1    1    1  8.41731E+13 0.00177 
   40   40    1    1    1    1    1    1    1    1  1.42562E+14 0.00126 
   41   41    1    1    1    1    1    1    1    1  1.36435E+14 0.00169 
   42   42    1    1    1    1    1    1    1    1  2.91536E+14 0.00132 
   43   43    1    1    1    1    1    1    1    1  3.46824E+14 0.00095 
   44   44    1    1    1    1    1    1    1    1  4.90714E+14 0.00071 
   45   45    1    1    1    1    1    1    1    1  9.59056E+14 0.00066 
   46   46    1    1    1    1    1    1    1    1  4.32483E+14 0.00064 
   47   47    1    1    1    1    1    1    1    1  6.80919E+14 0.00056 
   48   48    1    1    1    1    1    1    1    1  9.33651E+14 0.00048 
   49   49    1    1    1    1    1    1    1    1  9.05487E+14 0.00062 
   50   50    1    1    1    1    1    1    1    1  1.41705E+15 0.00044 
   51   51    1    1    1    1    1    1    1    1  1.09233E+15 0.00058 
   52   52    1    1    1    1    1    1    1    1  1.31516E+15 0.00041 
   53   53    1    1    1    1    1    1    1    1  9.01567E+14 0.00062 
   54   54    1    1    1    1    1    1    1    1  1.12054E+15 0.00053 
   55   55    1    1    1    1    1    1    1    1  7.66652E+14 0.00065 
   56   56    1    1    1    1    1    1    1    1  1.03602E+14 0.00154 
   57   57    1    1    1    1    1    1    1    1  1.51001E+15 0.00058 
   58   58    1    1    1    1    1    1    1    1  6.89522E+14 0.00076 
   59   59    1    1    1    1    1    1    1    1  7.26982E+14 0.00067 
   60   60    1    1    1    1    1    1    1    1  5.77136E+14 0.00081 
   61   61    1    1    1    1    1    1    1    1  5.74606E+14 0.00077 
   62   62    1    1    1    1    1    1    1    1  5.97359E+14 0.00084 
   63   63    1    1    1    1    1    1    1    1  5.04016E+14 0.00083 
   64   64    1    1    1    1    1    1    1    1  4.00431E+14 0.00107 
   65   65    1    1    1    1    1    1    1    1  3.97767E+14 0.00090 
   66   66    1    1    1    1    1    1    1    1  2.88210E+14 0.00104 
   67   67    1    1    1    1    1    1    1    1  2.32618E+14 0.00111 
   68   68    1    1    1    1    1    1    1    1  2.06968E+14 0.00114 
   69   69    1    1    1    1    1    1    1    1  2.48076E+14 0.00102 
   70   70    1    1    1    1    1    1    1    1  2.09908E+14 0.00098 
   71   71    1    1    1    1    1    1    1    1  3.74587E+14 0.00103 
   72   72    1    1    1    1    1    1    1    1  2.64022E+14 0.00089 
   73   73    1    1    1    1    1    1    1    1  1.99300E+14 0.00132 
   74   74    1    1    1    1    1    1    1    1  1.62283E+14 0.00123 
   75   75    1    1    1    1    1    1    1    1  1.36494E+14 0.00139 
   76   76    1    1    1    1    1    1    1    1  1.59989E+14 0.00143 
   77   77    1    1    1    1    1    1    1    1  1.28052E+14 0.00128 
   78   78    1    1    1    1    1    1    1    1  1.02617E+14 0.00126 
   79   79    1    1    1    1    1    1    1    1  1.06790E+14 0.00151 
   80   80    1    1    1    1    1    1    1    1  7.93685E+13 0.00110 
   81   81    1    1    1    1    1    1    1    1  6.09122E+13 0.00192 
   82   82    1    1    1    1    1    1    1    1  4.68434E+13 0.00216 
   83   83    1    1    1    1    1    1    1    1  4.37530E+13 0.00250 
   84   84    1    1    1    1    1    1    1    1  3.13345E+13 0.00275 
   85   85    1    1    1    1    1    1    1    1  2.24710E+13 0.00354 
   86   86    1    1    1    1    1    1    1    1  2.09791E+13 0.00425 
   87   87    1    1    1    1    1    1    1    1  1.27676E+13 0.00275 
   88   88    1    1    1    1    1    1    1    1  8.57865E+12 0.00485 
   89   89    1    1    1    1    1    1    1    1  4.80494E+12 0.00646 
   90   90    1    1    1    1    1    1    1    1  3.19063E+12 0.00725 
   91   91    1    1    1    1    1    1    1    1  1.59298E+12 0.01100 
   92   92    1    1    1    1    1    1    1    1  7.53395E+11 0.01884 
   93   93    1    1    1    1    1    1    1    1  3.61043E+11 0.02593 
   94   94    1    1    1    1    1    1    1    1  1.74960E+11 0.03357 
   95   95    1    1    1    1    1    1    1    1  8.73502E+10 0.05402 
   96   96    1    1    1    1    1    1    1    1  3.86719E+10 0.05518 
   97   97    1    1    1    1    1    1    1    1  1.97335E+10 0.07821 
   98   98    1    1    1    1    1    1    1    1  1.03319E+10 0.16291 
   99   99    1    1    1    1    1    1    1    1  4.04322E+09 0.28672 
  100  100    1    1    1    1    1    1    1    1  4.66666E+09 0.21224 
];


