
DETdpaspec = [
    1    1    1    1    1    1    1    1    1    1  0.00000E+00 0.00000 
    2    2    1    1    1    1    1    1    1    1  0.00000E+00 0.00000 
    3    3    1    1    1    1    1    1    1    1  0.00000E+00 0.00000 
    4    4    1    1    1    1    1    1    1    1  0.00000E+00 0.00000 
    5    5    1    1    1    1    1    1    1    1  0.00000E+00 0.00000 
    6    6    1    1    1    1    1    1    1    1  0.00000E+00 0.00000 
    7    7    1    1    1    1    1    1    1    1  0.00000E+00 0.00000 
    8    8    1    1    1    1    1    1    1    1  0.00000E+00 0.00000 
    9    9    1    1    1    1    1    1    1    1  4.94992E+06 1.00000 
   10   10    1    1    1    1    1    1    1    1  0.00000E+00 0.00000 
   11   11    1    1    1    1    1    1    1    1  8.33606E+07 1.00000 
   12   12    1    1    1    1    1    1    1    1  1.51568E+08 0.57143 
   13   13    1    1    1    1    1    1    1    1  8.30526E+08 0.49870 
   14   14    1    1    1    1    1    1    1    1  2.79780E+08 0.70365 
   15   15    1    1    1    1    1    1    1    1  1.44634E+09 0.47879 
   16   16    1    1    1    1    1    1    1    1  4.09937E+08 0.50256 
   17   17    1    1    1    1    1    1    1    1  6.94380E+08 0.38787 
   18   18    1    1    1    1    1    1    1    1  1.28732E+09 0.33662 
   19   19    1    1    1    1    1    1    1    1  1.77505E+09 0.48426 
   20   20    1    1    1    1    1    1    1    1  6.57169E+09 0.29074 
   21   21    1    1    1    1    1    1    1    1  5.85590E+09 0.14365 
   22   22    1    1    1    1    1    1    1    1  1.04247E+10 0.11195 
   23   23    1    1    1    1    1    1    1    1  2.11047E+10 0.12103 
   24   24    1    1    1    1    1    1    1    1  4.98905E+10 0.06965 
   25   25    1    1    1    1    1    1    1    1  8.60173E+10 0.04333 
   26   26    1    1    1    1    1    1    1    1  1.77839E+11 0.03750 
   27   27    1    1    1    1    1    1    1    1  4.28745E+11 0.03263 
   28   28    1    1    1    1    1    1    1    1  1.00511E+12 0.01444 
   29   29    1    1    1    1    1    1    1    1  1.76552E+12 0.01468 
   30   30    1    1    1    1    1    1    1    1  3.97358E+12 0.00868 
   31   31    1    1    1    1    1    1    1    1  1.00251E+13 0.00523 
   32   32    1    1    1    1    1    1    1    1  1.61839E+13 0.00465 
   33   33    1    1    1    1    1    1    1    1  3.53322E+13 0.00318 
   34   34    1    1    1    1    1    1    1    1  4.66228E+13 0.00244 
   35   35    1    1    1    1    1    1    1    1  5.17351E+13 0.00173 
   36   36    1    1    1    1    1    1    1    1  3.23276E+13 0.00159 
   37   37    1    1    1    1    1    1    1    1  9.51124E+12 0.00234 
   38   38    1    1    1    1    1    1    1    1  5.44125E+13 0.00156 
   39   39    1    1    1    1    1    1    1    1  7.23499E+13 0.00194 
   40   40    1    1    1    1    1    1    1    1  1.24023E+14 0.00145 
   41   41    1    1    1    1    1    1    1    1  1.20338E+14 0.00133 
   42   42    1    1    1    1    1    1    1    1  2.58396E+14 0.00125 
   43   43    1    1    1    1    1    1    1    1  3.10956E+14 0.00106 
   44   44    1    1    1    1    1    1    1    1  4.46521E+14 0.00074 
   45   45    1    1    1    1    1    1    1    1  8.86052E+14 0.00083 
   46   46    1    1    1    1    1    1    1    1  4.07151E+14 0.00081 
   47   47    1    1    1    1    1    1    1    1  6.45200E+14 0.00085 
   48   48    1    1    1    1    1    1    1    1  8.96378E+14 0.00065 
   49   49    1    1    1    1    1    1    1    1  8.76688E+14 0.00055 
   50   50    1    1    1    1    1    1    1    1  1.38190E+15 0.00044 
   51   51    1    1    1    1    1    1    1    1  1.07939E+15 0.00078 
   52   52    1    1    1    1    1    1    1    1  1.30529E+15 0.00043 
   53   53    1    1    1    1    1    1    1    1  9.02970E+14 0.00060 
   54   54    1    1    1    1    1    1    1    1  1.12423E+15 0.00060 
   55   55    1    1    1    1    1    1    1    1  7.72910E+14 0.00059 
   56   56    1    1    1    1    1    1    1    1  1.04854E+14 0.00119 
   57   57    1    1    1    1    1    1    1    1  1.53198E+15 0.00061 
   58   58    1    1    1    1    1    1    1    1  7.00144E+14 0.00075 
   59   59    1    1    1    1    1    1    1    1  7.41133E+14 0.00066 
   60   60    1    1    1    1    1    1    1    1  5.88828E+14 0.00071 
   61   61    1    1    1    1    1    1    1    1  5.89033E+14 0.00064 
   62   62    1    1    1    1    1    1    1    1  6.14174E+14 0.00047 
   63   63    1    1    1    1    1    1    1    1  5.19163E+14 0.00077 
   64   64    1    1    1    1    1    1    1    1  4.13624E+14 0.00083 
   65   65    1    1    1    1    1    1    1    1  4.11712E+14 0.00074 
   66   66    1    1    1    1    1    1    1    1  2.98772E+14 0.00078 
   67   67    1    1    1    1    1    1    1    1  2.42393E+14 0.00106 
   68   68    1    1    1    1    1    1    1    1  2.16279E+14 0.00089 
   69   69    1    1    1    1    1    1    1    1  2.59303E+14 0.00140 
   70   70    1    1    1    1    1    1    1    1  2.20396E+14 0.00132 
   71   71    1    1    1    1    1    1    1    1  3.96405E+14 0.00121 
   72   72    1    1    1    1    1    1    1    1  2.80313E+14 0.00124 
   73   73    1    1    1    1    1    1    1    1  2.11863E+14 0.00128 
   74   74    1    1    1    1    1    1    1    1  1.72480E+14 0.00109 
   75   75    1    1    1    1    1    1    1    1  1.45071E+14 0.00162 
   76   76    1    1    1    1    1    1    1    1  1.70525E+14 0.00143 
   77   77    1    1    1    1    1    1    1    1  1.36144E+14 0.00150 
   78   78    1    1    1    1    1    1    1    1  1.09340E+14 0.00093 
   79   79    1    1    1    1    1    1    1    1  1.13574E+14 0.00126 
   80   80    1    1    1    1    1    1    1    1  8.43900E+13 0.00176 
   81   81    1    1    1    1    1    1    1    1  6.50386E+13 0.00226 
   82   82    1    1    1    1    1    1    1    1  5.01380E+13 0.00174 
   83   83    1    1    1    1    1    1    1    1  4.67480E+13 0.00233 
   84   84    1    1    1    1    1    1    1    1  3.36189E+13 0.00251 
   85   85    1    1    1    1    1    1    1    1  2.42515E+13 0.00250 
   86   86    1    1    1    1    1    1    1    1  2.27021E+13 0.00359 
   87   87    1    1    1    1    1    1    1    1  1.38093E+13 0.00451 
   88   88    1    1    1    1    1    1    1    1  9.24063E+12 0.00557 
   89   89    1    1    1    1    1    1    1    1  5.32288E+12 0.00663 
   90   90    1    1    1    1    1    1    1    1  3.45674E+12 0.00796 
   91   91    1    1    1    1    1    1    1    1  1.69467E+12 0.01282 
   92   92    1    1    1    1    1    1    1    1  8.00311E+11 0.01647 
   93   93    1    1    1    1    1    1    1    1  4.08150E+11 0.03020 
   94   94    1    1    1    1    1    1    1    1  1.81656E+11 0.04512 
   95   95    1    1    1    1    1    1    1    1  8.82301E+10 0.03528 
   96   96    1    1    1    1    1    1    1    1  4.84060E+10 0.07391 
   97   97    1    1    1    1    1    1    1    1  2.38551E+10 0.09508 
   98   98    1    1    1    1    1    1    1    1  1.05109E+10 0.11661 
   99   99    1    1    1    1    1    1    1    1  4.53598E+09 0.19452 
  100  100    1    1    1    1    1    1    1    1  6.39477E+09 0.22355 
];


