
DETdpaspec = [
    1    1    1    1    1    1    1    1    1    1  0.00000E+00 0.00000 
    2    2    1    1    1    1    1    1    1    1  0.00000E+00 0.00000 
    3    3    1    1    1    1    1    1    1    1  0.00000E+00 0.00000 
    4    4    1    1    1    1    1    1    1    1  0.00000E+00 0.00000 
    5    5    1    1    1    1    1    1    1    1  0.00000E+00 0.00000 
    6    6    1    1    1    1    1    1    1    1  5.61341E+06 1.00000 
    7    7    1    1    1    1    1    1    1    1  0.00000E+00 0.00000 
    8    8    1    1    1    1    1    1    1    1  0.00000E+00 0.00000 
    9    9    1    1    1    1    1    1    1    1  0.00000E+00 0.00000 
   10   10    1    1    1    1    1    1    1    1  7.34196E+07 0.70976 
   11   11    1    1    1    1    1    1    1    1  6.31328E+07 1.00000 
   12   12    1    1    1    1    1    1    1    1  1.82926E+07 0.94579 
   13   13    1    1    1    1    1    1    1    1  1.99693E+08 0.78441 
   14   14    1    1    1    1    1    1    1    1  6.50638E+08 0.44266 
   15   15    1    1    1    1    1    1    1    1  1.15835E+09 0.33967 
   16   16    1    1    1    1    1    1    1    1  4.52253E+08 0.41484 
   17   17    1    1    1    1    1    1    1    1  7.44807E+08 0.39658 
   18   18    1    1    1    1    1    1    1    1  1.86353E+09 0.27050 
   19   19    1    1    1    1    1    1    1    1  1.17016E+09 0.27041 
   20   20    1    1    1    1    1    1    1    1  9.24258E+09 0.18215 
   21   21    1    1    1    1    1    1    1    1  5.64948E+09 0.18474 
   22   22    1    1    1    1    1    1    1    1  1.48410E+10 0.08477 
   23   23    1    1    1    1    1    1    1    1  2.10696E+10 0.10034 
   24   24    1    1    1    1    1    1    1    1  4.29191E+10 0.05225 
   25   25    1    1    1    1    1    1    1    1  5.14755E+10 0.08334 
   26   26    1    1    1    1    1    1    1    1  7.63788E+10 0.06242 
   27   27    1    1    1    1    1    1    1    1  1.42415E+11 0.04421 
   28   28    1    1    1    1    1    1    1    1  3.36382E+11 0.02494 
   29   29    1    1    1    1    1    1    1    1  5.66334E+11 0.01675 
   30   30    1    1    1    1    1    1    1    1  1.54434E+12 0.01207 
   31   31    1    1    1    1    1    1    1    1  4.64605E+12 0.00937 
   32   32    1    1    1    1    1    1    1    1  8.61936E+12 0.00681 
   33   33    1    1    1    1    1    1    1    1  2.03734E+13 0.00457 
   34   34    1    1    1    1    1    1    1    1  2.85137E+13 0.00429 
   35   35    1    1    1    1    1    1    1    1  3.66953E+13 0.00336 
   36   36    1    1    1    1    1    1    1    1  2.49503E+13 0.00291 
   37   37    1    1    1    1    1    1    1    1  7.60089E+12 0.00255 
   38   38    1    1    1    1    1    1    1    1  4.24464E+13 0.00178 
   39   39    1    1    1    1    1    1    1    1  5.74247E+13 0.00139 
   40   40    1    1    1    1    1    1    1    1  9.90540E+13 0.00158 
   41   41    1    1    1    1    1    1    1    1  9.96553E+13 0.00188 
   42   42    1    1    1    1    1    1    1    1  2.13314E+14 0.00101 
   43   43    1    1    1    1    1    1    1    1  2.59913E+14 0.00126 
   44   44    1    1    1    1    1    1    1    1  3.79052E+14 0.00106 
   45   45    1    1    1    1    1    1    1    1  7.65262E+14 0.00099 
   46   46    1    1    1    1    1    1    1    1  3.62935E+14 0.00094 
   47   47    1    1    1    1    1    1    1    1  5.85186E+14 0.00086 
   48   48    1    1    1    1    1    1    1    1  8.24294E+14 0.00072 
   49   49    1    1    1    1    1    1    1    1  8.19268E+14 0.00063 
   50   50    1    1    1    1    1    1    1    1  1.29720E+15 0.00058 
   51   51    1    1    1    1    1    1    1    1  1.03949E+15 0.00061 
   52   52    1    1    1    1    1    1    1    1  1.25074E+15 0.00064 
   53   53    1    1    1    1    1    1    1    1  8.77879E+14 0.00049 
   54   54    1    1    1    1    1    1    1    1  1.08563E+15 0.00058 
   55   55    1    1    1    1    1    1    1    1  7.52709E+14 0.00071 
   56   56    1    1    1    1    1    1    1    1  1.02834E+14 0.00139 
   57   57    1    1    1    1    1    1    1    1  1.50273E+15 0.00064 
   58   58    1    1    1    1    1    1    1    1  6.77852E+14 0.00073 
   59   59    1    1    1    1    1    1    1    1  7.25417E+14 0.00059 
   60   60    1    1    1    1    1    1    1    1  5.69926E+14 0.00073 
   61   61    1    1    1    1    1    1    1    1  5.73424E+14 0.00073 
   62   62    1    1    1    1    1    1    1    1  5.99202E+14 0.00082 
   63   63    1    1    1    1    1    1    1    1  5.06334E+14 0.00097 
   64   64    1    1    1    1    1    1    1    1  4.05019E+14 0.00109 
   65   65    1    1    1    1    1    1    1    1  4.05081E+14 0.00096 
   66   66    1    1    1    1    1    1    1    1  2.95396E+14 0.00082 
   67   67    1    1    1    1    1    1    1    1  2.40875E+14 0.00111 
   68   68    1    1    1    1    1    1    1    1  2.15646E+14 0.00113 
   69   69    1    1    1    1    1    1    1    1  2.59916E+14 0.00110 
   70   70    1    1    1    1    1    1    1    1  2.21487E+14 0.00128 
   71   71    1    1    1    1    1    1    1    1  4.05645E+14 0.00116 
   72   72    1    1    1    1    1    1    1    1  2.88584E+14 0.00122 
   73   73    1    1    1    1    1    1    1    1  2.18388E+14 0.00135 
   74   74    1    1    1    1    1    1    1    1  1.76451E+14 0.00092 
   75   75    1    1    1    1    1    1    1    1  1.46832E+14 0.00164 
   76   76    1    1    1    1    1    1    1    1  1.70597E+14 0.00118 
   77   77    1    1    1    1    1    1    1    1  1.35278E+14 0.00146 
   78   78    1    1    1    1    1    1    1    1  1.08103E+14 0.00205 
   79   79    1    1    1    1    1    1    1    1  1.11785E+14 0.00154 
   80   80    1    1    1    1    1    1    1    1  8.27862E+13 0.00177 
   81   81    1    1    1    1    1    1    1    1  6.36343E+13 0.00200 
   82   82    1    1    1    1    1    1    1    1  4.91228E+13 0.00217 
   83   83    1    1    1    1    1    1    1    1  4.57591E+13 0.00268 
   84   84    1    1    1    1    1    1    1    1  3.27600E+13 0.00340 
   85   85    1    1    1    1    1    1    1    1  2.37531E+13 0.00371 
   86   86    1    1    1    1    1    1    1    1  2.21110E+13 0.00406 
   87   87    1    1    1    1    1    1    1    1  1.36065E+13 0.00502 
   88   88    1    1    1    1    1    1    1    1  9.17143E+12 0.00442 
   89   89    1    1    1    1    1    1    1    1  5.29691E+12 0.00764 
   90   90    1    1    1    1    1    1    1    1  3.52050E+12 0.00863 
   91   91    1    1    1    1    1    1    1    1  1.75051E+12 0.01497 
   92   92    1    1    1    1    1    1    1    1  8.45594E+11 0.02111 
   93   93    1    1    1    1    1    1    1    1  4.05345E+11 0.03298 
   94   94    1    1    1    1    1    1    1    1  1.92055E+11 0.04553 
   95   95    1    1    1    1    1    1    1    1  9.11651E+10 0.04191 
   96   96    1    1    1    1    1    1    1    1  4.61172E+10 0.09751 
   97   97    1    1    1    1    1    1    1    1  2.14256E+10 0.15843 
   98   98    1    1    1    1    1    1    1    1  9.39040E+09 0.14627 
   99   99    1    1    1    1    1    1    1    1  7.04587E+09 0.20893 
  100  100    1    1    1    1    1    1    1    1  3.27198E+09 0.22737 
];


