
DETdpaspec = [
    1    1    1    1    1    1    1    1    1    1  0.00000E+00 0.00000 
    2    2    1    1    1    1    1    1    1    1  0.00000E+00 0.00000 
    3    3    1    1    1    1    1    1    1    1  0.00000E+00 0.00000 
    4    4    1    1    1    1    1    1    1    1  0.00000E+00 0.00000 
    5    5    1    1    1    1    1    1    1    1  0.00000E+00 0.00000 
    6    6    1    1    1    1    1    1    1    1  0.00000E+00 0.00000 
    7    7    1    1    1    1    1    1    1    1  1.15982E+07 1.00000 
    8    8    1    1    1    1    1    1    1    1  0.00000E+00 0.00000 
    9    9    1    1    1    1    1    1    1    1  0.00000E+00 0.00000 
   10   10    1    1    1    1    1    1    1    1  4.91492E+07 0.70702 
   11   11    1    1    1    1    1    1    1    1  2.53348E+08 0.71161 
   12   12    1    1    1    1    1    1    1    1  3.15478E+06 1.00000 
   13   13    1    1    1    1    1    1    1    1  5.06361E+08 0.66714 
   14   14    1    1    1    1    1    1    1    1  5.69341E+08 0.64783 
   15   15    1    1    1    1    1    1    1    1  1.09602E+09 0.51316 
   16   16    1    1    1    1    1    1    1    1  3.26392E+08 0.45651 
   17   17    1    1    1    1    1    1    1    1  1.96793E+08 0.55434 
   18   18    1    1    1    1    1    1    1    1  1.65480E+09 0.27790 
   19   19    1    1    1    1    1    1    1    1  1.06579E+09 0.33223 
   20   20    1    1    1    1    1    1    1    1  7.08517E+09 0.22742 
   21   21    1    1    1    1    1    1    1    1  5.00007E+09 0.16572 
   22   22    1    1    1    1    1    1    1    1  1.29065E+10 0.09093 
   23   23    1    1    1    1    1    1    1    1  1.96268E+10 0.11107 
   24   24    1    1    1    1    1    1    1    1  4.02918E+10 0.08366 
   25   25    1    1    1    1    1    1    1    1  5.09054E+10 0.09104 
   26   26    1    1    1    1    1    1    1    1  9.14509E+10 0.04309 
   27   27    1    1    1    1    1    1    1    1  1.86097E+11 0.03753 
   28   28    1    1    1    1    1    1    1    1  4.49591E+11 0.02628 
   29   29    1    1    1    1    1    1    1    1  7.54448E+11 0.02100 
   30   30    1    1    1    1    1    1    1    1  2.02821E+12 0.01555 
   31   31    1    1    1    1    1    1    1    1  5.93730E+12 0.00935 
   32   32    1    1    1    1    1    1    1    1  1.03779E+13 0.00650 
   33   33    1    1    1    1    1    1    1    1  2.41018E+13 0.00370 
   34   34    1    1    1    1    1    1    1    1  3.33789E+13 0.00286 
   35   35    1    1    1    1    1    1    1    1  4.06247E+13 0.00199 
   36   36    1    1    1    1    1    1    1    1  2.66448E+13 0.00242 
   37   37    1    1    1    1    1    1    1    1  8.03189E+12 0.00298 
   38   38    1    1    1    1    1    1    1    1  4.54568E+13 0.00248 
   39   39    1    1    1    1    1    1    1    1  6.11086E+13 0.00258 
   40   40    1    1    1    1    1    1    1    1  1.05688E+14 0.00198 
   41   41    1    1    1    1    1    1    1    1  1.05051E+14 0.00139 
   42   42    1    1    1    1    1    1    1    1  2.26061E+14 0.00144 
   43   43    1    1    1    1    1    1    1    1  2.74365E+14 0.00117 
   44   44    1    1    1    1    1    1    1    1  3.98259E+14 0.00104 
   45   45    1    1    1    1    1    1    1    1  8.02546E+14 0.00085 
   46   46    1    1    1    1    1    1    1    1  3.77023E+14 0.00075 
   47   47    1    1    1    1    1    1    1    1  6.03393E+14 0.00070 
   48   48    1    1    1    1    1    1    1    1  8.46780E+14 0.00080 
   49   49    1    1    1    1    1    1    1    1  8.37373E+14 0.00058 
   50   50    1    1    1    1    1    1    1    1  1.32790E+15 0.00071 
   51   51    1    1    1    1    1    1    1    1  1.05503E+15 0.00081 
   52   52    1    1    1    1    1    1    1    1  1.27567E+15 0.00064 
   53   53    1    1    1    1    1    1    1    1  8.90681E+14 0.00057 
   54   54    1    1    1    1    1    1    1    1  1.10806E+15 0.00052 
   55   55    1    1    1    1    1    1    1    1  7.65066E+14 0.00060 
   56   56    1    1    1    1    1    1    1    1  1.04150E+14 0.00084 
   57   57    1    1    1    1    1    1    1    1  1.52448E+15 0.00065 
   58   58    1    1    1    1    1    1    1    1  6.94229E+14 0.00063 
   59   59    1    1    1    1    1    1    1    1  7.39514E+14 0.00052 
   60   60    1    1    1    1    1    1    1    1  5.84940E+14 0.00069 
   61   61    1    1    1    1    1    1    1    1  5.86519E+14 0.00071 
   62   62    1    1    1    1    1    1    1    1  6.12888E+14 0.00064 
   63   63    1    1    1    1    1    1    1    1  5.19152E+14 0.00092 
   64   64    1    1    1    1    1    1    1    1  4.15517E+14 0.00063 
   65   65    1    1    1    1    1    1    1    1  4.14398E+14 0.00079 
   66   66    1    1    1    1    1    1    1    1  3.01659E+14 0.00090 
   67   67    1    1    1    1    1    1    1    1  2.45526E+14 0.00079 
   68   68    1    1    1    1    1    1    1    1  2.20158E+14 0.00134 
   69   69    1    1    1    1    1    1    1    1  2.63930E+14 0.00128 
   70   70    1    1    1    1    1    1    1    1  2.25158E+14 0.00137 
   71   71    1    1    1    1    1    1    1    1  4.09221E+14 0.00094 
   72   72    1    1    1    1    1    1    1    1  2.89839E+14 0.00097 
   73   73    1    1    1    1    1    1    1    1  2.19552E+14 0.00091 
   74   74    1    1    1    1    1    1    1    1  1.78161E+14 0.00078 
   75   75    1    1    1    1    1    1    1    1  1.48937E+14 0.00146 
   76   76    1    1    1    1    1    1    1    1  1.74576E+14 0.00127 
   77   77    1    1    1    1    1    1    1    1  1.38828E+14 0.00151 
   78   78    1    1    1    1    1    1    1    1  1.11407E+14 0.00182 
   79   79    1    1    1    1    1    1    1    1  1.15272E+14 0.00089 
   80   80    1    1    1    1    1    1    1    1  8.58840E+13 0.00186 
   81   81    1    1    1    1    1    1    1    1  6.62950E+13 0.00188 
   82   82    1    1    1    1    1    1    1    1  5.08604E+13 0.00237 
   83   83    1    1    1    1    1    1    1    1  4.73861E+13 0.00212 
   84   84    1    1    1    1    1    1    1    1  3.41723E+13 0.00278 
   85   85    1    1    1    1    1    1    1    1  2.47467E+13 0.00352 
   86   86    1    1    1    1    1    1    1    1  2.31799E+13 0.00346 
   87   87    1    1    1    1    1    1    1    1  1.42183E+13 0.00483 
   88   88    1    1    1    1    1    1    1    1  9.66466E+12 0.00496 
   89   89    1    1    1    1    1    1    1    1  5.40571E+12 0.00707 
   90   90    1    1    1    1    1    1    1    1  3.56297E+12 0.00635 
   91   91    1    1    1    1    1    1    1    1  1.74162E+12 0.01359 
   92   92    1    1    1    1    1    1    1    1  8.92200E+11 0.01846 
   93   93    1    1    1    1    1    1    1    1  4.00796E+11 0.02311 
   94   94    1    1    1    1    1    1    1    1  1.98657E+11 0.03012 
   95   95    1    1    1    1    1    1    1    1  9.22644E+10 0.05230 
   96   96    1    1    1    1    1    1    1    1  4.90137E+10 0.07047 
   97   97    1    1    1    1    1    1    1    1  2.33364E+10 0.08669 
   98   98    1    1    1    1    1    1    1    1  8.68632E+09 0.18193 
   99   99    1    1    1    1    1    1    1    1  5.21309E+09 0.27028 
  100  100    1    1    1    1    1    1    1    1  5.64489E+09 0.19890 
];


