
DETdpaspec = [
    1    1    1    1    1    1    1    1    1    1  0.00000E+00 0.00000 
    2    2    1    1    1    1    1    1    1    1  0.00000E+00 0.00000 
    3    3    1    1    1    1    1    1    1    1  0.00000E+00 0.00000 
    4    4    1    1    1    1    1    1    1    1  0.00000E+00 0.00000 
    5    5    1    1    1    1    1    1    1    1  0.00000E+00 0.00000 
    6    6    1    1    1    1    1    1    1    1  0.00000E+00 0.00000 
    7    7    1    1    1    1    1    1    1    1  0.00000E+00 0.00000 
    8    8    1    1    1    1    1    1    1    1  9.27586E+06 1.00000 
    9    9    1    1    1    1    1    1    1    1  0.00000E+00 0.00000 
   10   10    1    1    1    1    1    1    1    1  0.00000E+00 0.00000 
   11   11    1    1    1    1    1    1    1    1  1.43122E+08 1.00000 
   12   12    1    1    1    1    1    1    1    1  1.61363E+07 0.74094 
   13   13    1    1    1    1    1    1    1    1  3.68361E+08 0.63974 
   14   14    1    1    1    1    1    1    1    1  5.66002E+08 0.56883 
   15   15    1    1    1    1    1    1    1    1  1.00160E+09 0.52060 
   16   16    1    1    1    1    1    1    1    1  2.30663E+08 0.50950 
   17   17    1    1    1    1    1    1    1    1  1.02147E+09 0.39443 
   18   18    1    1    1    1    1    1    1    1  2.41302E+09 0.26695 
   19   19    1    1    1    1    1    1    1    1  2.16922E+09 0.32371 
   20   20    1    1    1    1    1    1    1    1  7.85382E+09 0.17374 
   21   21    1    1    1    1    1    1    1    1  5.51418E+09 0.14366 
   22   22    1    1    1    1    1    1    1    1  1.10295E+10 0.12358 
   23   23    1    1    1    1    1    1    1    1  1.78349E+10 0.10732 
   24   24    1    1    1    1    1    1    1    1  3.70463E+10 0.08794 
   25   25    1    1    1    1    1    1    1    1  5.36975E+10 0.07489 
   26   26    1    1    1    1    1    1    1    1  8.58623E+10 0.04348 
   27   27    1    1    1    1    1    1    1    1  1.91665E+11 0.02699 
   28   28    1    1    1    1    1    1    1    1  4.63566E+11 0.02243 
   29   29    1    1    1    1    1    1    1    1  7.97990E+11 0.01594 
   30   30    1    1    1    1    1    1    1    1  2.03674E+12 0.01151 
   31   31    1    1    1    1    1    1    1    1  5.96467E+12 0.01034 
   32   32    1    1    1    1    1    1    1    1  1.06082E+13 0.00495 
   33   33    1    1    1    1    1    1    1    1  2.47764E+13 0.00397 
   34   34    1    1    1    1    1    1    1    1  3.42138E+13 0.00267 
   35   35    1    1    1    1    1    1    1    1  4.12603E+13 0.00232 
   36   36    1    1    1    1    1    1    1    1  2.70806E+13 0.00244 
   37   37    1    1    1    1    1    1    1    1  8.12108E+12 0.00352 
   38   38    1    1    1    1    1    1    1    1  4.61057E+13 0.00198 
   39   39    1    1    1    1    1    1    1    1  6.21891E+13 0.00154 
   40   40    1    1    1    1    1    1    1    1  1.06942E+14 0.00150 
   41   41    1    1    1    1    1    1    1    1  1.06105E+14 0.00142 
   42   42    1    1    1    1    1    1    1    1  2.28232E+14 0.00135 
   43   43    1    1    1    1    1    1    1    1  2.76595E+14 0.00137 
   44   44    1    1    1    1    1    1    1    1  4.00927E+14 0.00122 
   45   45    1    1    1    1    1    1    1    1  8.08063E+14 0.00089 
   46   46    1    1    1    1    1    1    1    1  3.78704E+14 0.00073 
   47   47    1    1    1    1    1    1    1    1  6.06441E+14 0.00065 
   48   48    1    1    1    1    1    1    1    1  8.50604E+14 0.00061 
   49   49    1    1    1    1    1    1    1    1  8.40721E+14 0.00069 
   50   50    1    1    1    1    1    1    1    1  1.33230E+15 0.00065 
   51   51    1    1    1    1    1    1    1    1  1.05687E+15 0.00081 
   52   52    1    1    1    1    1    1    1    1  1.27810E+15 0.00066 
   53   53    1    1    1    1    1    1    1    1  8.92332E+14 0.00061 
   54   54    1    1    1    1    1    1    1    1  1.10983E+15 0.00061 
   55   55    1    1    1    1    1    1    1    1  7.66189E+14 0.00045 
   56   56    1    1    1    1    1    1    1    1  1.04183E+14 0.00087 
   57   57    1    1    1    1    1    1    1    1  1.52854E+15 0.00063 
   58   58    1    1    1    1    1    1    1    1  6.95313E+14 0.00062 
   59   59    1    1    1    1    1    1    1    1  7.40315E+14 0.00065 
   60   60    1    1    1    1    1    1    1    1  5.86014E+14 0.00051 
   61   61    1    1    1    1    1    1    1    1  5.87434E+14 0.00075 
   62   62    1    1    1    1    1    1    1    1  6.13028E+14 0.00088 
   63   63    1    1    1    1    1    1    1    1  5.19824E+14 0.00089 
   64   64    1    1    1    1    1    1    1    1  4.15906E+14 0.00082 
   65   65    1    1    1    1    1    1    1    1  4.14773E+14 0.00089 
   66   66    1    1    1    1    1    1    1    1  3.01524E+14 0.00085 
   67   67    1    1    1    1    1    1    1    1  2.45251E+14 0.00097 
   68   68    1    1    1    1    1    1    1    1  2.19315E+14 0.00099 
   69   69    1    1    1    1    1    1    1    1  2.63844E+14 0.00126 
   70   70    1    1    1    1    1    1    1    1  2.25010E+14 0.00100 
   71   71    1    1    1    1    1    1    1    1  4.08571E+14 0.00085 
   72   72    1    1    1    1    1    1    1    1  2.89308E+14 0.00076 
   73   73    1    1    1    1    1    1    1    1  2.19961E+14 0.00097 
   74   74    1    1    1    1    1    1    1    1  1.78333E+14 0.00112 
   75   75    1    1    1    1    1    1    1    1  1.49018E+14 0.00117 
   76   76    1    1    1    1    1    1    1    1  1.74544E+14 0.00110 
   77   77    1    1    1    1    1    1    1    1  1.39021E+14 0.00151 
   78   78    1    1    1    1    1    1    1    1  1.11369E+14 0.00149 
   79   79    1    1    1    1    1    1    1    1  1.15319E+14 0.00136 
   80   80    1    1    1    1    1    1    1    1  8.57755E+13 0.00156 
   81   81    1    1    1    1    1    1    1    1  6.60655E+13 0.00240 
   82   82    1    1    1    1    1    1    1    1  5.07414E+13 0.00246 
   83   83    1    1    1    1    1    1    1    1  4.75531E+13 0.00240 
   84   84    1    1    1    1    1    1    1    1  3.40912E+13 0.00340 
   85   85    1    1    1    1    1    1    1    1  2.47858E+13 0.00295 
   86   86    1    1    1    1    1    1    1    1  2.30685E+13 0.00310 
   87   87    1    1    1    1    1    1    1    1  1.41864E+13 0.00346 
   88   88    1    1    1    1    1    1    1    1  9.52386E+12 0.00574 
   89   89    1    1    1    1    1    1    1    1  5.56738E+12 0.00713 
   90   90    1    1    1    1    1    1    1    1  3.56477E+12 0.00566 
   91   91    1    1    1    1    1    1    1    1  1.84074E+12 0.01141 
   92   92    1    1    1    1    1    1    1    1  8.87398E+11 0.01570 
   93   93    1    1    1    1    1    1    1    1  4.44998E+11 0.02416 
   94   94    1    1    1    1    1    1    1    1  1.99811E+11 0.03192 
   95   95    1    1    1    1    1    1    1    1  9.97861E+10 0.06337 
   96   96    1    1    1    1    1    1    1    1  4.43466E+10 0.08532 
   97   97    1    1    1    1    1    1    1    1  2.17135E+10 0.10323 
   98   98    1    1    1    1    1    1    1    1  1.12702E+10 0.15866 
   99   99    1    1    1    1    1    1    1    1  3.40532E+09 0.27365 
  100  100    1    1    1    1    1    1    1    1  5.34079E+09 0.20182 
];


