
DETdpaspec = [
    1    1    1    1    1    1    1    1    1    1  0.00000E+00 0.00000 
    2    2    1    1    1    1    1    1    1    1  0.00000E+00 0.00000 
    3    3    1    1    1    1    1    1    1    1  0.00000E+00 0.00000 
    4    4    1    1    1    1    1    1    1    1  0.00000E+00 0.00000 
    5    5    1    1    1    1    1    1    1    1  0.00000E+00 0.00000 
    6    6    1    1    1    1    1    1    1    1  0.00000E+00 0.00000 
    7    7    1    1    1    1    1    1    1    1  0.00000E+00 0.00000 
    8    8    1    1    1    1    1    1    1    1  0.00000E+00 0.00000 
    9    9    1    1    1    1    1    1    1    1  0.00000E+00 0.00000 
   10   10    1    1    1    1    1    1    1    1  0.00000E+00 0.00000 
   11   11    1    1    1    1    1    1    1    1  0.00000E+00 0.00000 
   12   12    1    1    1    1    1    1    1    1  0.00000E+00 0.00000 
   13   13    1    1    1    1    1    1    1    1  3.84087E+08 1.00000 
   14   14    1    1    1    1    1    1    1    1  8.42679E+08 0.61110 
   15   15    1    1    1    1    1    1    1    1  3.32642E+08 0.68876 
   16   16    1    1    1    1    1    1    1    1  4.01569E+08 0.47518 
   17   17    1    1    1    1    1    1    1    1  5.12720E+07 1.00000 
   18   18    1    1    1    1    1    1    1    1  1.10358E+09 0.38021 
   19   19    1    1    1    1    1    1    1    1  7.70601E+08 0.27440 
   20   20    1    1    1    1    1    1    1    1  3.66207E+09 0.32411 
   21   21    1    1    1    1    1    1    1    1  4.24731E+09 0.18099 
   22   22    1    1    1    1    1    1    1    1  1.11603E+10 0.14812 
   23   23    1    1    1    1    1    1    1    1  2.68013E+10 0.09438 
   24   24    1    1    1    1    1    1    1    1  8.45933E+10 0.05660 
   25   25    1    1    1    1    1    1    1    1  1.54389E+11 0.03560 
   26   26    1    1    1    1    1    1    1    1  3.37625E+11 0.03230 
   27   27    1    1    1    1    1    1    1    1  7.82161E+11 0.02172 
   28   28    1    1    1    1    1    1    1    1  1.67684E+12 0.01276 
   29   29    1    1    1    1    1    1    1    1  2.85436E+12 0.01060 
   30   30    1    1    1    1    1    1    1    1  5.92785E+12 0.00838 
   31   31    1    1    1    1    1    1    1    1  1.34940E+13 0.00508 
   32   32    1    1    1    1    1    1    1    1  2.07623E+13 0.00366 
   33   33    1    1    1    1    1    1    1    1  4.29915E+13 0.00227 
   34   34    1    1    1    1    1    1    1    1  5.53234E+13 0.00237 
   35   35    1    1    1    1    1    1    1    1  5.88878E+13 0.00179 
   36   36    1    1    1    1    1    1    1    1  3.59874E+13 0.00189 
   37   37    1    1    1    1    1    1    1    1  1.05641E+13 0.00250 
   38   38    1    1    1    1    1    1    1    1  6.02039E+13 0.00202 
   39   39    1    1    1    1    1    1    1    1  7.98548E+13 0.00183 
   40   40    1    1    1    1    1    1    1    1  1.35900E+14 0.00167 
   41   41    1    1    1    1    1    1    1    1  1.30628E+14 0.00127 
   42   42    1    1    1    1    1    1    1    1  2.79312E+14 0.00102 
   43   43    1    1    1    1    1    1    1    1  3.33277E+14 0.00127 
   44   44    1    1    1    1    1    1    1    1  4.74227E+14 0.00085 
   45   45    1    1    1    1    1    1    1    1  9.33597E+14 0.00062 
   46   46    1    1    1    1    1    1    1    1  4.23899E+14 0.00071 
   47   47    1    1    1    1    1    1    1    1  6.68857E+14 0.00074 
   48   48    1    1    1    1    1    1    1    1  9.22134E+14 0.00051 
   49   49    1    1    1    1    1    1    1    1  8.95320E+14 0.00082 
   50   50    1    1    1    1    1    1    1    1  1.40635E+15 0.00050 
   51   51    1    1    1    1    1    1    1    1  1.08910E+15 0.00066 
   52   52    1    1    1    1    1    1    1    1  1.31443E+15 0.00077 
   53   53    1    1    1    1    1    1    1    1  9.05045E+14 0.00054 
   54   54    1    1    1    1    1    1    1    1  1.12687E+15 0.00063 
   55   55    1    1    1    1    1    1    1    1  7.71924E+14 0.00040 
   56   56    1    1    1    1    1    1    1    1  1.04309E+14 0.00089 
   57   57    1    1    1    1    1    1    1    1  1.52377E+15 0.00058 
   58   58    1    1    1    1    1    1    1    1  6.95558E+14 0.00082 
   59   59    1    1    1    1    1    1    1    1  7.35055E+14 0.00063 
   60   60    1    1    1    1    1    1    1    1  5.84307E+14 0.00082 
   61   61    1    1    1    1    1    1    1    1  5.81727E+14 0.00069 
   62   62    1    1    1    1    1    1    1    1  6.05889E+14 0.00082 
   63   63    1    1    1    1    1    1    1    1  5.11081E+14 0.00075 
   64   64    1    1    1    1    1    1    1    1  4.07135E+14 0.00100 
   65   65    1    1    1    1    1    1    1    1  4.04158E+14 0.00104 
   66   66    1    1    1    1    1    1    1    1  2.93298E+14 0.00099 
   67   67    1    1    1    1    1    1    1    1  2.37416E+14 0.00086 
   68   68    1    1    1    1    1    1    1    1  2.11759E+14 0.00105 
   69   69    1    1    1    1    1    1    1    1  2.53457E+14 0.00090 
   70   70    1    1    1    1    1    1    1    1  2.15404E+14 0.00144 
   71   71    1    1    1    1    1    1    1    1  3.84379E+14 0.00098 
   72   72    1    1    1    1    1    1    1    1  2.71293E+14 0.00078 
   73   73    1    1    1    1    1    1    1    1  2.05106E+14 0.00102 
   74   74    1    1    1    1    1    1    1    1  1.66779E+14 0.00117 
   75   75    1    1    1    1    1    1    1    1  1.40805E+14 0.00118 
   76   76    1    1    1    1    1    1    1    1  1.65184E+14 0.00129 
   77   77    1    1    1    1    1    1    1    1  1.32096E+14 0.00173 
   78   78    1    1    1    1    1    1    1    1  1.05838E+14 0.00139 
   79   79    1    1    1    1    1    1    1    1  1.09953E+14 0.00142 
   80   80    1    1    1    1    1    1    1    1  8.15721E+13 0.00185 
   81   81    1    1    1    1    1    1    1    1  6.29469E+13 0.00169 
   82   82    1    1    1    1    1    1    1    1  4.84824E+13 0.00250 
   83   83    1    1    1    1    1    1    1    1  4.51816E+13 0.00194 
   84   84    1    1    1    1    1    1    1    1  3.24970E+13 0.00315 
   85   85    1    1    1    1    1    1    1    1  2.32369E+13 0.00377 
   86   86    1    1    1    1    1    1    1    1  2.16933E+13 0.00326 
   87   87    1    1    1    1    1    1    1    1  1.33239E+13 0.00451 
   88   88    1    1    1    1    1    1    1    1  8.91042E+12 0.00574 
   89   89    1    1    1    1    1    1    1    1  5.01846E+12 0.00795 
   90   90    1    1    1    1    1    1    1    1  3.31367E+12 0.00971 
   91   91    1    1    1    1    1    1    1    1  1.60719E+12 0.01130 
   92   92    1    1    1    1    1    1    1    1  7.72013E+11 0.02273 
   93   93    1    1    1    1    1    1    1    1  3.80273E+11 0.02793 
   94   94    1    1    1    1    1    1    1    1  1.77401E+11 0.03464 
   95   95    1    1    1    1    1    1    1    1  8.51772E+10 0.04617 
   96   96    1    1    1    1    1    1    1    1  4.77838E+10 0.05311 
   97   97    1    1    1    1    1    1    1    1  2.25020E+10 0.10837 
   98   98    1    1    1    1    1    1    1    1  8.49048E+09 0.14149 
   99   99    1    1    1    1    1    1    1    1  4.65978E+09 0.20734 
  100  100    1    1    1    1    1    1    1    1  3.49713E+09 0.19049 
];


