
DETdpaspec = [
    1    1    1    1    1    1    1    1    1    1  0.00000E+00 0.00000 
    2    2    1    1    1    1    1    1    1    1  0.00000E+00 0.00000 
    3    3    1    1    1    1    1    1    1    1  0.00000E+00 0.00000 
    4    4    1    1    1    1    1    1    1    1  0.00000E+00 0.00000 
    5    5    1    1    1    1    1    1    1    1  0.00000E+00 0.00000 
    6    6    1    1    1    1    1    1    1    1  0.00000E+00 0.00000 
    7    7    1    1    1    1    1    1    1    1  0.00000E+00 0.00000 
    8    8    1    1    1    1    1    1    1    1  0.00000E+00 0.00000 
    9    9    1    1    1    1    1    1    1    1  0.00000E+00 0.00000 
   10   10    1    1    1    1    1    1    1    1  0.00000E+00 0.00000 
   11   11    1    1    1    1    1    1    1    1  0.00000E+00 0.00000 
   12   12    1    1    1    1    1    1    1    1  8.47892E+07 1.00000 
   13   13    1    1    1    1    1    1    1    1  1.31406E+09 0.51937 
   14   14    1    1    1    1    1    1    1    1  9.57020E+08 0.70771 
   15   15    1    1    1    1    1    1    1    1  1.37109E+09 0.62708 
   16   16    1    1    1    1    1    1    1    1  2.81570E+08 1.00000 
   17   17    1    1    1    1    1    1    1    1  1.35913E+09 0.36814 
   18   18    1    1    1    1    1    1    1    1  7.91200E+08 0.52022 
   19   19    1    1    1    1    1    1    1    1  3.11743E+08 0.83605 
   20   20    1    1    1    1    1    1    1    1  3.07256E+09 0.37274 
   21   21    1    1    1    1    1    1    1    1  4.70825E+09 0.20554 
   22   22    1    1    1    1    1    1    1    1  1.59976E+10 0.12873 
   23   23    1    1    1    1    1    1    1    1  7.21477E+10 0.08325 
   24   24    1    1    1    1    1    1    1    1  2.37601E+11 0.02862 
   25   25    1    1    1    1    1    1    1    1  3.70895E+11 0.03167 
   26   26    1    1    1    1    1    1    1    1  8.18417E+11 0.01796 
   27   27    1    1    1    1    1    1    1    1  1.60096E+12 0.00998 
   28   28    1    1    1    1    1    1    1    1  3.08263E+12 0.00874 
   29   29    1    1    1    1    1    1    1    1  4.81399E+12 0.01005 
   30   30    1    1    1    1    1    1    1    1  9.27672E+12 0.00600 
   31   31    1    1    1    1    1    1    1    1  1.90421E+13 0.00457 
   32   32    1    1    1    1    1    1    1    1  2.76797E+13 0.00344 
   33   33    1    1    1    1    1    1    1    1  5.45590E+13 0.00268 
   34   34    1    1    1    1    1    1    1    1  6.67538E+13 0.00178 
   35   35    1    1    1    1    1    1    1    1  6.81715E+13 0.00227 
   36   36    1    1    1    1    1    1    1    1  4.04974E+13 0.00195 
   37   37    1    1    1    1    1    1    1    1  1.17973E+13 0.00215 
   38   38    1    1    1    1    1    1    1    1  6.72452E+13 0.00198 
   39   39    1    1    1    1    1    1    1    1  8.84502E+13 0.00155 
   40   40    1    1    1    1    1    1    1    1  1.49359E+14 0.00137 
   41   41    1    1    1    1    1    1    1    1  1.41976E+14 0.00128 
   42   42    1    1    1    1    1    1    1    1  3.02334E+14 0.00083 
   43   43    1    1    1    1    1    1    1    1  3.57951E+14 0.00075 
   44   44    1    1    1    1    1    1    1    1  5.05269E+14 0.00074 
   45   45    1    1    1    1    1    1    1    1  9.81697E+14 0.00056 
   46   46    1    1    1    1    1    1    1    1  4.40444E+14 0.00058 
   47   47    1    1    1    1    1    1    1    1  6.91131E+14 0.00055 
   48   48    1    1    1    1    1    1    1    1  9.43290E+14 0.00051 
   49   49    1    1    1    1    1    1    1    1  9.11596E+14 0.00060 
   50   50    1    1    1    1    1    1    1    1  1.42291E+15 0.00051 
   51   51    1    1    1    1    1    1    1    1  1.09281E+15 0.00069 
   52   52    1    1    1    1    1    1    1    1  1.31338E+15 0.00061 
   53   53    1    1    1    1    1    1    1    1  8.97777E+14 0.00067 
   54   54    1    1    1    1    1    1    1    1  1.11502E+15 0.00060 
   55   55    1    1    1    1    1    1    1    1  7.61031E+14 0.00050 
   56   56    1    1    1    1    1    1    1    1  1.02527E+14 0.00095 
   57   57    1    1    1    1    1    1    1    1  1.49556E+15 0.00055 
   58   58    1    1    1    1    1    1    1    1  6.82460E+14 0.00049 
   59   59    1    1    1    1    1    1    1    1  7.18128E+14 0.00062 
   60   60    1    1    1    1    1    1    1    1  5.69596E+14 0.00064 
   61   61    1    1    1    1    1    1    1    1  5.66704E+14 0.00055 
   62   62    1    1    1    1    1    1    1    1  5.88391E+14 0.00073 
   63   63    1    1    1    1    1    1    1    1  4.95722E+14 0.00056 
   64   64    1    1    1    1    1    1    1    1  3.93930E+14 0.00086 
   65   65    1    1    1    1    1    1    1    1  3.89726E+14 0.00084 
   66   66    1    1    1    1    1    1    1    1  2.82191E+14 0.00116 
   67   67    1    1    1    1    1    1    1    1  2.27622E+14 0.00105 
   68   68    1    1    1    1    1    1    1    1  2.02793E+14 0.00107 
   69   69    1    1    1    1    1    1    1    1  2.42365E+14 0.00118 
   70   70    1    1    1    1    1    1    1    1  2.05134E+14 0.00124 
   71   71    1    1    1    1    1    1    1    1  3.65138E+14 0.00099 
   72   72    1    1    1    1    1    1    1    1  2.56370E+14 0.00127 
   73   73    1    1    1    1    1    1    1    1  1.93485E+14 0.00101 
   74   74    1    1    1    1    1    1    1    1  1.57490E+14 0.00111 
   75   75    1    1    1    1    1    1    1    1  1.32506E+14 0.00174 
   76   76    1    1    1    1    1    1    1    1  1.55212E+14 0.00121 
   77   77    1    1    1    1    1    1    1    1  1.24215E+14 0.00152 
   78   78    1    1    1    1    1    1    1    1  9.98947E+13 0.00180 
   79   79    1    1    1    1    1    1    1    1  1.03430E+14 0.00156 
   80   80    1    1    1    1    1    1    1    1  7.65376E+13 0.00172 
   81   81    1    1    1    1    1    1    1    1  5.89178E+13 0.00210 
   82   82    1    1    1    1    1    1    1    1  4.53167E+13 0.00183 
   83   83    1    1    1    1    1    1    1    1  4.20828E+13 0.00159 
   84   84    1    1    1    1    1    1    1    1  3.01388E+13 0.00240 
   85   85    1    1    1    1    1    1    1    1  2.16227E+13 0.00296 
   86   86    1    1    1    1    1    1    1    1  2.01884E+13 0.00362 
   87   87    1    1    1    1    1    1    1    1  1.21592E+13 0.00538 
   88   88    1    1    1    1    1    1    1    1  8.09869E+12 0.00445 
   89   89    1    1    1    1    1    1    1    1  4.61105E+12 0.00745 
   90   90    1    1    1    1    1    1    1    1  2.94475E+12 0.00880 
   91   91    1    1    1    1    1    1    1    1  1.49983E+12 0.01206 
   92   92    1    1    1    1    1    1    1    1  7.15810E+11 0.01889 
   93   93    1    1    1    1    1    1    1    1  3.39116E+11 0.02452 
   94   94    1    1    1    1    1    1    1    1  1.62217E+11 0.03539 
   95   95    1    1    1    1    1    1    1    1  8.32114E+10 0.05249 
   96   96    1    1    1    1    1    1    1    1  3.89470E+10 0.06501 
   97   97    1    1    1    1    1    1    1    1  1.77952E+10 0.07903 
   98   98    1    1    1    1    1    1    1    1  6.27803E+09 0.16707 
   99   99    1    1    1    1    1    1    1    1  4.04719E+09 0.22794 
  100  100    1    1    1    1    1    1    1    1  4.52644E+09 0.21579 
];


