
DETdpaspec = [
    1    1    1    1    1    1    1    1    1    1  0.00000E+00 0.00000 
    2    2    1    1    1    1    1    1    1    1  0.00000E+00 0.00000 
    3    3    1    1    1    1    1    1    1    1  0.00000E+00 0.00000 
    4    4    1    1    1    1    1    1    1    1  0.00000E+00 0.00000 
    5    5    1    1    1    1    1    1    1    1  0.00000E+00 0.00000 
    6    6    1    1    1    1    1    1    1    1  0.00000E+00 0.00000 
    7    7    1    1    1    1    1    1    1    1  0.00000E+00 0.00000 
    8    8    1    1    1    1    1    1    1    1  0.00000E+00 0.00000 
    9    9    1    1    1    1    1    1    1    1  0.00000E+00 0.00000 
   10   10    1    1    1    1    1    1    1    1  0.00000E+00 0.00000 
   11   11    1    1    1    1    1    1    1    1  0.00000E+00 0.00000 
   12   12    1    1    1    1    1    1    1    1  1.85334E+06 0.69769 
   13   13    1    1    1    1    1    1    1    1  2.81446E+08 0.55079 
   14   14    1    1    1    1    1    1    1    1  3.34367E+09 0.30412 
   15   15    1    1    1    1    1    1    1    1  2.46117E+09 0.28240 
   16   16    1    1    1    1    1    1    1    1  6.64904E+08 0.30650 
   17   17    1    1    1    1    1    1    1    1  6.16902E+08 0.44051 
   18   18    1    1    1    1    1    1    1    1  2.02417E+09 0.38420 
   19   19    1    1    1    1    1    1    1    1  2.52773E+09 0.19888 
   20   20    1    1    1    1    1    1    1    1  8.41651E+09 0.17435 
   21   21    1    1    1    1    1    1    1    1  8.57005E+09 0.11490 
   22   22    1    1    1    1    1    1    1    1  2.05087E+10 0.08763 
   23   23    1    1    1    1    1    1    1    1  2.76086E+10 0.09730 
   24   24    1    1    1    1    1    1    1    1  4.52681E+10 0.05870 
   25   25    1    1    1    1    1    1    1    1  5.08031E+10 0.06195 
   26   26    1    1    1    1    1    1    1    1  8.39693E+10 0.05419 
   27   27    1    1    1    1    1    1    1    1  1.56657E+11 0.03487 
   28   28    1    1    1    1    1    1    1    1  3.15737E+11 0.03361 
   29   29    1    1    1    1    1    1    1    1  5.07250E+11 0.02278 
   30   30    1    1    1    1    1    1    1    1  1.43445E+12 0.01828 
   31   31    1    1    1    1    1    1    1    1  4.36541E+12 0.00930 
   32   32    1    1    1    1    1    1    1    1  8.08352E+12 0.00528 
   33   33    1    1    1    1    1    1    1    1  1.88793E+13 0.00340 
   34   34    1    1    1    1    1    1    1    1  2.63080E+13 0.00380 
   35   35    1    1    1    1    1    1    1    1  3.53398E+13 0.00315 
   36   36    1    1    1    1    1    1    1    1  2.43501E+13 0.00287 
   37   37    1    1    1    1    1    1    1    1  7.51255E+12 0.00275 
   38   38    1    1    1    1    1    1    1    1  4.17660E+13 0.00214 
   39   39    1    1    1    1    1    1    1    1  5.62398E+13 0.00244 
   40   40    1    1    1    1    1    1    1    1  9.69330E+13 0.00157 
   41   41    1    1    1    1    1    1    1    1  9.87296E+13 0.00135 
   42   42    1    1    1    1    1    1    1    1  2.09610E+14 0.00125 
   43   43    1    1    1    1    1    1    1    1  2.55026E+14 0.00097 
   44   44    1    1    1    1    1    1    1    1  3.71217E+14 0.00087 
   45   45    1    1    1    1    1    1    1    1  7.46351E+14 0.00057 
   46   46    1    1    1    1    1    1    1    1  3.56446E+14 0.00082 
   47   47    1    1    1    1    1    1    1    1  5.76097E+14 0.00080 
   48   48    1    1    1    1    1    1    1    1  8.11673E+14 0.00067 
   49   49    1    1    1    1    1    1    1    1  8.09747E+14 0.00073 
   50   50    1    1    1    1    1    1    1    1  1.27411E+15 0.00045 
   51   51    1    1    1    1    1    1    1    1  1.03022E+15 0.00079 
   52   52    1    1    1    1    1    1    1    1  1.23333E+15 0.00052 
   53   53    1    1    1    1    1    1    1    1  8.66935E+14 0.00072 
   54   54    1    1    1    1    1    1    1    1  1.06520E+15 0.00057 
   55   55    1    1    1    1    1    1    1    1  7.39467E+14 0.00062 
   56   56    1    1    1    1    1    1    1    1  1.00963E+14 0.00110 
   57   57    1    1    1    1    1    1    1    1  1.47877E+15 0.00054 
   58   58    1    1    1    1    1    1    1    1  6.62098E+14 0.00071 
   59   59    1    1    1    1    1    1    1    1  7.10577E+14 0.00068 
   60   60    1    1    1    1    1    1    1    1  5.55103E+14 0.00064 
   61   61    1    1    1    1    1    1    1    1  5.58729E+14 0.00074 
   62   62    1    1    1    1    1    1    1    1  5.83086E+14 0.00097 
   63   63    1    1    1    1    1    1    1    1  4.92787E+14 0.00080 
   64   64    1    1    1    1    1    1    1    1  3.94573E+14 0.00077 
   65   65    1    1    1    1    1    1    1    1  3.93849E+14 0.00091 
   66   66    1    1    1    1    1    1    1    1  2.86239E+14 0.00097 
   67   67    1    1    1    1    1    1    1    1  2.33828E+14 0.00100 
   68   68    1    1    1    1    1    1    1    1  2.10623E+14 0.00085 
   69   69    1    1    1    1    1    1    1    1  2.53178E+14 0.00100 
   70   70    1    1    1    1    1    1    1    1  2.16581E+14 0.00122 
   71   71    1    1    1    1    1    1    1    1  3.97193E+14 0.00106 
   72   72    1    1    1    1    1    1    1    1  2.83190E+14 0.00129 
   73   73    1    1    1    1    1    1    1    1  2.14150E+14 0.00122 
   74   74    1    1    1    1    1    1    1    1  1.72103E+14 0.00114 
   75   75    1    1    1    1    1    1    1    1  1.42749E+14 0.00134 
   76   76    1    1    1    1    1    1    1    1  1.64965E+14 0.00124 
   77   77    1    1    1    1    1    1    1    1  1.29803E+14 0.00165 
   78   78    1    1    1    1    1    1    1    1  1.03235E+14 0.00182 
   79   79    1    1    1    1    1    1    1    1  1.06438E+14 0.00175 
   80   80    1    1    1    1    1    1    1    1  7.89097E+13 0.00157 
   81   81    1    1    1    1    1    1    1    1  6.05360E+13 0.00180 
   82   82    1    1    1    1    1    1    1    1  4.66260E+13 0.00212 
   83   83    1    1    1    1    1    1    1    1  4.35202E+13 0.00245 
   84   84    1    1    1    1    1    1    1    1  3.13480E+13 0.00269 
   85   85    1    1    1    1    1    1    1    1  2.25989E+13 0.00376 
   86   86    1    1    1    1    1    1    1    1  2.11825E+13 0.00317 
   87   87    1    1    1    1    1    1    1    1  1.30505E+13 0.00493 
   88   88    1    1    1    1    1    1    1    1  8.71922E+12 0.00507 
   89   89    1    1    1    1    1    1    1    1  5.00918E+12 0.00648 
   90   90    1    1    1    1    1    1    1    1  3.32878E+12 0.00821 
   91   91    1    1    1    1    1    1    1    1  1.68700E+12 0.01398 
   92   92    1    1    1    1    1    1    1    1  8.05606E+11 0.01891 
   93   93    1    1    1    1    1    1    1    1  3.95111E+11 0.01739 
   94   94    1    1    1    1    1    1    1    1  1.95079E+11 0.03526 
   95   95    1    1    1    1    1    1    1    1  8.79155E+10 0.05745 
   96   96    1    1    1    1    1    1    1    1  4.30552E+10 0.06973 
   97   97    1    1    1    1    1    1    1    1  1.87539E+10 0.08140 
   98   98    1    1    1    1    1    1    1    1  1.29229E+10 0.16033 
   99   99    1    1    1    1    1    1    1    1  5.01319E+09 0.21869 
  100  100    1    1    1    1    1    1    1    1  3.69632E+09 0.25324 
];


