
DETdpaspec = [
    1    1    1    1    1    1    1    1    1    1  0.00000E+00 0.00000 
    2    2    1    1    1    1    1    1    1    1  0.00000E+00 0.00000 
    3    3    1    1    1    1    1    1    1    1  0.00000E+00 0.00000 
    4    4    1    1    1    1    1    1    1    1  0.00000E+00 0.00000 
    5    5    1    1    1    1    1    1    1    1  0.00000E+00 0.00000 
    6    6    1    1    1    1    1    1    1    1  0.00000E+00 0.00000 
    7    7    1    1    1    1    1    1    1    1  0.00000E+00 0.00000 
    8    8    1    1    1    1    1    1    1    1  0.00000E+00 0.00000 
    9    9    1    1    1    1    1    1    1    1  0.00000E+00 0.00000 
   10   10    1    1    1    1    1    1    1    1  0.00000E+00 0.00000 
   11   11    1    1    1    1    1    1    1    1  0.00000E+00 0.00000 
   12   12    1    1    1    1    1    1    1    1  7.79218E+07 0.75436 
   13   13    1    1    1    1    1    1    1    1  5.93704E+08 0.53938 
   14   14    1    1    1    1    1    1    1    1  2.22253E+08 0.77904 
   15   15    1    1    1    1    1    1    1    1  6.46903E+08 0.59598 
   16   16    1    1    1    1    1    1    1    1  4.09505E+08 0.38835 
   17   17    1    1    1    1    1    1    1    1  1.77183E+09 0.38025 
   18   18    1    1    1    1    1    1    1    1  1.60309E+09 0.25440 
   19   19    1    1    1    1    1    1    1    1  2.41511E+09 0.21647 
   20   20    1    1    1    1    1    1    1    1  7.82701E+09 0.15123 
   21   21    1    1    1    1    1    1    1    1  6.93281E+09 0.14242 
   22   22    1    1    1    1    1    1    1    1  1.07276E+10 0.14970 
   23   23    1    1    1    1    1    1    1    1  1.90694E+10 0.08403 
   24   24    1    1    1    1    1    1    1    1  3.64313E+10 0.06406 
   25   25    1    1    1    1    1    1    1    1  5.04811E+10 0.07848 
   26   26    1    1    1    1    1    1    1    1  8.38496E+10 0.06048 
   27   27    1    1    1    1    1    1    1    1  1.65922E+11 0.04629 
   28   28    1    1    1    1    1    1    1    1  3.85992E+11 0.03104 
   29   29    1    1    1    1    1    1    1    1  6.52427E+11 0.02264 
   30   30    1    1    1    1    1    1    1    1  1.74511E+12 0.01416 
   31   31    1    1    1    1    1    1    1    1  5.26910E+12 0.00609 
   32   32    1    1    1    1    1    1    1    1  9.52190E+12 0.00704 
   33   33    1    1    1    1    1    1    1    1  2.23692E+13 0.00564 
   34   34    1    1    1    1    1    1    1    1  3.10461E+13 0.00365 
   35   35    1    1    1    1    1    1    1    1  3.86112E+13 0.00228 
   36   36    1    1    1    1    1    1    1    1  2.57232E+13 0.00299 
   37   37    1    1    1    1    1    1    1    1  7.77563E+12 0.00316 
   38   38    1    1    1    1    1    1    1    1  4.38917E+13 0.00275 
   39   39    1    1    1    1    1    1    1    1  5.91611E+13 0.00257 
   40   40    1    1    1    1    1    1    1    1  1.02321E+14 0.00198 
   41   41    1    1    1    1    1    1    1    1  1.01931E+14 0.00163 
   42   42    1    1    1    1    1    1    1    1  2.19484E+14 0.00144 
   43   43    1    1    1    1    1    1    1    1  2.67059E+14 0.00134 
   44   44    1    1    1    1    1    1    1    1  3.88998E+14 0.00086 
   45   45    1    1    1    1    1    1    1    1  7.84888E+14 0.00108 
   46   46    1    1    1    1    1    1    1    1  3.70746E+14 0.00123 
   47   47    1    1    1    1    1    1    1    1  5.94729E+14 0.00080 
   48   48    1    1    1    1    1    1    1    1  8.35675E+14 0.00085 
   49   49    1    1    1    1    1    1    1    1  8.28410E+14 0.00062 
   50   50    1    1    1    1    1    1    1    1  1.31342E+15 0.00052 
   51   51    1    1    1    1    1    1    1    1  1.04731E+15 0.00063 
   52   52    1    1    1    1    1    1    1    1  1.26425E+15 0.00040 
   53   53    1    1    1    1    1    1    1    1  8.84825E+14 0.00073 
   54   54    1    1    1    1    1    1    1    1  1.09801E+15 0.00055 
   55   55    1    1    1    1    1    1    1    1  7.60015E+14 0.00054 
   56   56    1    1    1    1    1    1    1    1  1.03502E+14 0.00119 
   57   57    1    1    1    1    1    1    1    1  1.51861E+15 0.00051 
   58   58    1    1    1    1    1    1    1    1  6.87513E+14 0.00068 
   59   59    1    1    1    1    1    1    1    1  7.34131E+14 0.00073 
   60   60    1    1    1    1    1    1    1    1  5.80293E+14 0.00060 
   61   61    1    1    1    1    1    1    1    1  5.82349E+14 0.00054 
   62   62    1    1    1    1    1    1    1    1  6.07664E+14 0.00046 
   63   63    1    1    1    1    1    1    1    1  5.15212E+14 0.00081 
   64   64    1    1    1    1    1    1    1    1  4.12045E+14 0.00097 
   65   65    1    1    1    1    1    1    1    1  4.11341E+14 0.00106 
   66   66    1    1    1    1    1    1    1    1  2.98908E+14 0.00083 
   67   67    1    1    1    1    1    1    1    1  2.43951E+14 0.00121 
   68   68    1    1    1    1    1    1    1    1  2.18330E+14 0.00093 
   69   69    1    1    1    1    1    1    1    1  2.62622E+14 0.00115 
   70   70    1    1    1    1    1    1    1    1  2.24040E+14 0.00130 
   71   71    1    1    1    1    1    1    1    1  4.08275E+14 0.00070 
   72   72    1    1    1    1    1    1    1    1  2.90285E+14 0.00153 
   73   73    1    1    1    1    1    1    1    1  2.20039E+14 0.00093 
   74   74    1    1    1    1    1    1    1    1  1.77725E+14 0.00141 
   75   75    1    1    1    1    1    1    1    1  1.48564E+14 0.00113 
   76   76    1    1    1    1    1    1    1    1  1.73502E+14 0.00154 
   77   77    1    1    1    1    1    1    1    1  1.37938E+14 0.00160 
   78   78    1    1    1    1    1    1    1    1  1.10142E+14 0.00159 
   79   79    1    1    1    1    1    1    1    1  1.13972E+14 0.00117 
   80   80    1    1    1    1    1    1    1    1  8.45343E+13 0.00201 
   81   81    1    1    1    1    1    1    1    1  6.54330E+13 0.00184 
   82   82    1    1    1    1    1    1    1    1  5.03084E+13 0.00235 
   83   83    1    1    1    1    1    1    1    1  4.69560E+13 0.00161 
   84   84    1    1    1    1    1    1    1    1  3.38139E+13 0.00217 
   85   85    1    1    1    1    1    1    1    1  2.43658E+13 0.00342 
   86   86    1    1    1    1    1    1    1    1  2.26967E+13 0.00326 
   87   87    1    1    1    1    1    1    1    1  1.40604E+13 0.00364 
   88   88    1    1    1    1    1    1    1    1  9.42449E+12 0.00701 
   89   89    1    1    1    1    1    1    1    1  5.38870E+12 0.00496 
   90   90    1    1    1    1    1    1    1    1  3.59816E+12 0.00770 
   91   91    1    1    1    1    1    1    1    1  1.77987E+12 0.01240 
   92   92    1    1    1    1    1    1    1    1  8.62247E+11 0.01667 
   93   93    1    1    1    1    1    1    1    1  4.05546E+11 0.02359 
   94   94    1    1    1    1    1    1    1    1  1.97438E+11 0.03044 
   95   95    1    1    1    1    1    1    1    1  9.63458E+10 0.05910 
   96   96    1    1    1    1    1    1    1    1  4.32989E+10 0.10199 
   97   97    1    1    1    1    1    1    1    1  2.36983E+10 0.10362 
   98   98    1    1    1    1    1    1    1    1  1.10726E+10 0.18238 
   99   99    1    1    1    1    1    1    1    1  3.94574E+09 0.26806 
  100  100    1    1    1    1    1    1    1    1  5.62351E+09 0.17479 
];


