
DETdpaspec = [
    1    1    1    1    1    1    1    1    1    1  0.00000E+00 0.00000 
    2    2    1    1    1    1    1    1    1    1  0.00000E+00 0.00000 
    3    3    1    1    1    1    1    1    1    1  0.00000E+00 0.00000 
    4    4    1    1    1    1    1    1    1    1  0.00000E+00 0.00000 
    5    5    1    1    1    1    1    1    1    1  0.00000E+00 0.00000 
    6    6    1    1    1    1    1    1    1    1  0.00000E+00 0.00000 
    7    7    1    1    1    1    1    1    1    1  9.24789E+06 1.00000 
    8    8    1    1    1    1    1    1    1    1  0.00000E+00 0.00000 
    9    9    1    1    1    1    1    1    1    1  3.68889E+06 1.00000 
   10   10    1    1    1    1    1    1    1    1  0.00000E+00 0.00000 
   11   11    1    1    1    1    1    1    1    1  3.73854E+07 1.00000 
   12   12    1    1    1    1    1    1    1    1  2.95150E+07 0.73353 
   13   13    1    1    1    1    1    1    1    1  0.00000E+00 0.00000 
   14   14    1    1    1    1    1    1    1    1  4.03124E+08 0.69328 
   15   15    1    1    1    1    1    1    1    1  4.58313E+08 0.87160 
   16   16    1    1    1    1    1    1    1    1  5.49986E+08 0.35570 
   17   17    1    1    1    1    1    1    1    1  7.32134E+08 0.36057 
   18   18    1    1    1    1    1    1    1    1  1.97966E+09 0.29630 
   19   19    1    1    1    1    1    1    1    1  3.36420E+09 0.38450 
   20   20    1    1    1    1    1    1    1    1  5.71147E+09 0.18941 
   21   21    1    1    1    1    1    1    1    1  4.79047E+09 0.20634 
   22   22    1    1    1    1    1    1    1    1  9.91956E+09 0.16298 
   23   23    1    1    1    1    1    1    1    1  2.05457E+10 0.11831 
   24   24    1    1    1    1    1    1    1    1  3.66979E+10 0.09190 
   25   25    1    1    1    1    1    1    1    1  5.11003E+10 0.05291 
   26   26    1    1    1    1    1    1    1    1  8.63834E+10 0.05795 
   27   27    1    1    1    1    1    1    1    1  1.67594E+11 0.04122 
   28   28    1    1    1    1    1    1    1    1  4.06536E+11 0.02047 
   29   29    1    1    1    1    1    1    1    1  7.26630E+11 0.01704 
   30   30    1    1    1    1    1    1    1    1  1.90492E+12 0.00979 
   31   31    1    1    1    1    1    1    1    1  5.52858E+12 0.00583 
   32   32    1    1    1    1    1    1    1    1  1.00389E+13 0.00515 
   33   33    1    1    1    1    1    1    1    1  2.36832E+13 0.00446 
   34   34    1    1    1    1    1    1    1    1  3.25618E+13 0.00274 
   35   35    1    1    1    1    1    1    1    1  3.98966E+13 0.00273 
   36   36    1    1    1    1    1    1    1    1  2.64487E+13 0.00316 
   37   37    1    1    1    1    1    1    1    1  7.96107E+12 0.00296 
   38   38    1    1    1    1    1    1    1    1  4.50220E+13 0.00244 
   39   39    1    1    1    1    1    1    1    1  6.05710E+13 0.00244 
   40   40    1    1    1    1    1    1    1    1  1.04611E+14 0.00152 
   41   41    1    1    1    1    1    1    1    1  1.04091E+14 0.00137 
   42   42    1    1    1    1    1    1    1    1  2.24095E+14 0.00121 
   43   43    1    1    1    1    1    1    1    1  2.72329E+14 0.00111 
   44   44    1    1    1    1    1    1    1    1  3.95755E+14 0.00086 
   45   45    1    1    1    1    1    1    1    1  7.97278E+14 0.00085 
   46   46    1    1    1    1    1    1    1    1  3.74608E+14 0.00080 
   47   47    1    1    1    1    1    1    1    1  6.00868E+14 0.00064 
   48   48    1    1    1    1    1    1    1    1  8.43631E+14 0.00064 
   49   49    1    1    1    1    1    1    1    1  8.35669E+14 0.00071 
   50   50    1    1    1    1    1    1    1    1  1.32286E+15 0.00042 
   51   51    1    1    1    1    1    1    1    1  1.05307E+15 0.00057 
   52   52    1    1    1    1    1    1    1    1  1.27157E+15 0.00050 
   53   53    1    1    1    1    1    1    1    1  8.89132E+14 0.00052 
   54   54    1    1    1    1    1    1    1    1  1.10556E+15 0.00057 
   55   55    1    1    1    1    1    1    1    1  7.64583E+14 0.00058 
   56   56    1    1    1    1    1    1    1    1  1.03893E+14 0.00137 
   57   57    1    1    1    1    1    1    1    1  1.52318E+15 0.00046 
   58   58    1    1    1    1    1    1    1    1  6.92389E+14 0.00091 
   59   59    1    1    1    1    1    1    1    1  7.38285E+14 0.00080 
   60   60    1    1    1    1    1    1    1    1  5.82721E+14 0.00064 
   61   61    1    1    1    1    1    1    1    1  5.85225E+14 0.00088 
   62   62    1    1    1    1    1    1    1    1  6.11294E+14 0.00075 
   63   63    1    1    1    1    1    1    1    1  5.17795E+14 0.00058 
   64   64    1    1    1    1    1    1    1    1  4.14038E+14 0.00069 
   65   65    1    1    1    1    1    1    1    1  4.13127E+14 0.00094 
   66   66    1    1    1    1    1    1    1    1  3.00123E+14 0.00098 
   67   67    1    1    1    1    1    1    1    1  2.44986E+14 0.00117 
   68   68    1    1    1    1    1    1    1    1  2.19014E+14 0.00142 
   69   69    1    1    1    1    1    1    1    1  2.63339E+14 0.00101 
   70   70    1    1    1    1    1    1    1    1  2.24774E+14 0.00118 
   71   71    1    1    1    1    1    1    1    1  4.08779E+14 0.00067 
   72   72    1    1    1    1    1    1    1    1  2.90450E+14 0.00111 
   73   73    1    1    1    1    1    1    1    1  2.19394E+14 0.00104 
   74   74    1    1    1    1    1    1    1    1  1.78330E+14 0.00075 
   75   75    1    1    1    1    1    1    1    1  1.49022E+14 0.00138 
   76   76    1    1    1    1    1    1    1    1  1.74331E+14 0.00141 
   77   77    1    1    1    1    1    1    1    1  1.38856E+14 0.00117 
   78   78    1    1    1    1    1    1    1    1  1.10954E+14 0.00142 
   79   79    1    1    1    1    1    1    1    1  1.15045E+14 0.00175 
   80   80    1    1    1    1    1    1    1    1  8.55388E+13 0.00161 
   81   81    1    1    1    1    1    1    1    1  6.57979E+13 0.00206 
   82   82    1    1    1    1    1    1    1    1  5.07641E+13 0.00237 
   83   83    1    1    1    1    1    1    1    1  4.74683E+13 0.00250 
   84   84    1    1    1    1    1    1    1    1  3.40810E+13 0.00309 
   85   85    1    1    1    1    1    1    1    1  2.45211E+13 0.00318 
   86   86    1    1    1    1    1    1    1    1  2.29797E+13 0.00421 
   87   87    1    1    1    1    1    1    1    1  1.40968E+13 0.00398 
   88   88    1    1    1    1    1    1    1    1  9.54380E+12 0.00438 
   89   89    1    1    1    1    1    1    1    1  5.42870E+12 0.00704 
   90   90    1    1    1    1    1    1    1    1  3.55580E+12 0.00920 
   91   91    1    1    1    1    1    1    1    1  1.76538E+12 0.01274 
   92   92    1    1    1    1    1    1    1    1  8.56691E+11 0.01236 
   93   93    1    1    1    1    1    1    1    1  4.28104E+11 0.03212 
   94   94    1    1    1    1    1    1    1    1  2.03632E+11 0.03186 
   95   95    1    1    1    1    1    1    1    1  9.64790E+10 0.05216 
   96   96    1    1    1    1    1    1    1    1  4.66374E+10 0.04883 
   97   97    1    1    1    1    1    1    1    1  2.58101E+10 0.09330 
   98   98    1    1    1    1    1    1    1    1  1.28287E+10 0.11775 
   99   99    1    1    1    1    1    1    1    1  3.33290E+09 0.23974 
  100  100    1    1    1    1    1    1    1    1  4.87946E+09 0.21585 
];


