
DETdpaspec = [
    1    1    1    1    1    1    1    1    1    1  0.00000E+00 0.00000 
    2    2    1    1    1    1    1    1    1    1  0.00000E+00 0.00000 
    3    3    1    1    1    1    1    1    1    1  0.00000E+00 0.00000 
    4    4    1    1    1    1    1    1    1    1  0.00000E+00 0.00000 
    5    5    1    1    1    1    1    1    1    1  0.00000E+00 0.00000 
    6    6    1    1    1    1    1    1    1    1  0.00000E+00 0.00000 
    7    7    1    1    1    1    1    1    1    1  1.02816E+07 1.00000 
    8    8    1    1    1    1    1    1    1    1  2.40638E+07 0.57073 
    9    9    1    1    1    1    1    1    1    1  3.76377E+06 1.00000 
   10   10    1    1    1    1    1    1    1    1  2.70623E+07 1.00000 
   11   11    1    1    1    1    1    1    1    1  6.54254E+07 0.68906 
   12   12    1    1    1    1    1    1    1    1  2.62813E+07 0.76489 
   13   13    1    1    1    1    1    1    1    1  1.41485E+08 0.71957 
   14   14    1    1    1    1    1    1    1    1  2.23355E+08 0.77931 
   15   15    1    1    1    1    1    1    1    1  8.29222E+08 0.47372 
   16   16    1    1    1    1    1    1    1    1  5.22637E+08 0.50648 
   17   17    1    1    1    1    1    1    1    1  1.49932E+09 0.30322 
   18   18    1    1    1    1    1    1    1    1  2.88179E+09 0.26808 
   19   19    1    1    1    1    1    1    1    1  1.79615E+09 0.32201 
   20   20    1    1    1    1    1    1    1    1  8.15728E+09 0.22030 
   21   21    1    1    1    1    1    1    1    1  4.66089E+09 0.12903 
   22   22    1    1    1    1    1    1    1    1  1.18514E+10 0.13458 
   23   23    1    1    1    1    1    1    1    1  2.21593E+10 0.08234 
   24   24    1    1    1    1    1    1    1    1  3.38021E+10 0.08054 
   25   25    1    1    1    1    1    1    1    1  5.00118E+10 0.07084 
   26   26    1    1    1    1    1    1    1    1  7.81865E+10 0.06328 
   27   27    1    1    1    1    1    1    1    1  1.60303E+11 0.05601 
   28   28    1    1    1    1    1    1    1    1  3.39232E+11 0.03499 
   29   29    1    1    1    1    1    1    1    1  5.83158E+11 0.01658 
   30   30    1    1    1    1    1    1    1    1  1.61645E+12 0.01192 
   31   31    1    1    1    1    1    1    1    1  4.80314E+12 0.00760 
   32   32    1    1    1    1    1    1    1    1  8.83179E+12 0.00547 
   33   33    1    1    1    1    1    1    1    1  2.10557E+13 0.00270 
   34   34    1    1    1    1    1    1    1    1  2.92733E+13 0.00280 
   35   35    1    1    1    1    1    1    1    1  3.73816E+13 0.00235 
   36   36    1    1    1    1    1    1    1    1  2.51556E+13 0.00264 
   37   37    1    1    1    1    1    1    1    1  7.67801E+12 0.00269 
   38   38    1    1    1    1    1    1    1    1  4.31278E+13 0.00189 
   39   39    1    1    1    1    1    1    1    1  5.80682E+13 0.00199 
   40   40    1    1    1    1    1    1    1    1  1.00372E+14 0.00149 
   41   41    1    1    1    1    1    1    1    1  1.00958E+14 0.00139 
   42   42    1    1    1    1    1    1    1    1  2.16266E+14 0.00128 
   43   43    1    1    1    1    1    1    1    1  2.63069E+14 0.00138 
   44   44    1    1    1    1    1    1    1    1  3.82173E+14 0.00107 
   45   45    1    1    1    1    1    1    1    1  7.70573E+14 0.00056 
   46   46    1    1    1    1    1    1    1    1  3.65025E+14 0.00092 
   47   47    1    1    1    1    1    1    1    1  5.88340E+14 0.00073 
   48   48    1    1    1    1    1    1    1    1  8.28256E+14 0.00084 
   49   49    1    1    1    1    1    1    1    1  8.22499E+14 0.00063 
   50   50    1    1    1    1    1    1    1    1  1.30090E+15 0.00062 
   51   51    1    1    1    1    1    1    1    1  1.04256E+15 0.00084 
   52   52    1    1    1    1    1    1    1    1  1.25655E+15 0.00071 
   53   53    1    1    1    1    1    1    1    1  8.80589E+14 0.00053 
   54   54    1    1    1    1    1    1    1    1  1.09007E+15 0.00070 
   55   55    1    1    1    1    1    1    1    1  7.54742E+14 0.00081 
   56   56    1    1    1    1    1    1    1    1  1.02953E+14 0.00145 
   57   57    1    1    1    1    1    1    1    1  1.50884E+15 0.00055 
   58   58    1    1    1    1    1    1    1    1  6.81892E+14 0.00046 
   59   59    1    1    1    1    1    1    1    1  7.29345E+14 0.00064 
   60   60    1    1    1    1    1    1    1    1  5.73877E+14 0.00072 
   61   61    1    1    1    1    1    1    1    1  5.76355E+14 0.00098 
   62   62    1    1    1    1    1    1    1    1  6.02731E+14 0.00079 
   63   63    1    1    1    1    1    1    1    1  5.10807E+14 0.00084 
   64   64    1    1    1    1    1    1    1    1  4.08356E+14 0.00068 
   65   65    1    1    1    1    1    1    1    1  4.07649E+14 0.00078 
   66   66    1    1    1    1    1    1    1    1  2.96367E+14 0.00121 
   67   67    1    1    1    1    1    1    1    1  2.41986E+14 0.00064 
   68   68    1    1    1    1    1    1    1    1  2.16935E+14 0.00082 
   69   69    1    1    1    1    1    1    1    1  2.61025E+14 0.00103 
   70   70    1    1    1    1    1    1    1    1  2.22647E+14 0.00114 
   71   71    1    1    1    1    1    1    1    1  4.06375E+14 0.00083 
   72   72    1    1    1    1    1    1    1    1  2.89082E+14 0.00091 
   73   73    1    1    1    1    1    1    1    1  2.19273E+14 0.00071 
   74   74    1    1    1    1    1    1    1    1  1.76889E+14 0.00120 
   75   75    1    1    1    1    1    1    1    1  1.47638E+14 0.00139 
   76   76    1    1    1    1    1    1    1    1  1.71933E+14 0.00116 
   77   77    1    1    1    1    1    1    1    1  1.36250E+14 0.00153 
   78   78    1    1    1    1    1    1    1    1  1.08946E+14 0.00145 
   79   79    1    1    1    1    1    1    1    1  1.12543E+14 0.00163 
   80   80    1    1    1    1    1    1    1    1  8.33811E+13 0.00173 
   81   81    1    1    1    1    1    1    1    1  6.42880E+13 0.00209 
   82   82    1    1    1    1    1    1    1    1  4.95381E+13 0.00289 
   83   83    1    1    1    1    1    1    1    1  4.63509E+13 0.00290 
   84   84    1    1    1    1    1    1    1    1  3.32590E+13 0.00345 
   85   85    1    1    1    1    1    1    1    1  2.40681E+13 0.00279 
   86   86    1    1    1    1    1    1    1    1  2.24089E+13 0.00195 
   87   87    1    1    1    1    1    1    1    1  1.37769E+13 0.00422 
   88   88    1    1    1    1    1    1    1    1  9.27618E+12 0.00457 
   89   89    1    1    1    1    1    1    1    1  5.37746E+12 0.00694 
   90   90    1    1    1    1    1    1    1    1  3.54069E+12 0.00610 
   91   91    1    1    1    1    1    1    1    1  1.77586E+12 0.01193 
   92   92    1    1    1    1    1    1    1    1  8.88459E+11 0.01952 
   93   93    1    1    1    1    1    1    1    1  3.96053E+11 0.02574 
   94   94    1    1    1    1    1    1    1    1  1.81357E+11 0.03965 
   95   95    1    1    1    1    1    1    1    1  9.27842E+10 0.05138 
   96   96    1    1    1    1    1    1    1    1  4.23349E+10 0.07447 
   97   97    1    1    1    1    1    1    1    1  2.31817E+10 0.12286 
   98   98    1    1    1    1    1    1    1    1  7.60182E+09 0.16138 
   99   99    1    1    1    1    1    1    1    1  6.32659E+09 0.19498 
  100  100    1    1    1    1    1    1    1    1  3.80888E+09 0.26040 
];


