
DETdpaspec = [
    1    1    1    1    1    1    1    1    1    1  0.00000E+00 0.00000 
    2    2    1    1    1    1    1    1    1    1  0.00000E+00 0.00000 
    3    3    1    1    1    1    1    1    1    1  0.00000E+00 0.00000 
    4    4    1    1    1    1    1    1    1    1  0.00000E+00 0.00000 
    5    5    1    1    1    1    1    1    1    1  0.00000E+00 0.00000 
    6    6    1    1    1    1    1    1    1    1  0.00000E+00 0.00000 
    7    7    1    1    1    1    1    1    1    1  0.00000E+00 0.00000 
    8    8    1    1    1    1    1    1    1    1  8.24345E+06 1.00000 
    9    9    1    1    1    1    1    1    1    1  0.00000E+00 0.00000 
   10   10    1    1    1    1    1    1    1    1  0.00000E+00 0.00000 
   11   11    1    1    1    1    1    1    1    1  8.14059E+07 1.00000 
   12   12    1    1    1    1    1    1    1    1  1.68278E+07 1.00000 
   13   13    1    1    1    1    1    1    1    1  6.41486E+08 0.69520 
   14   14    1    1    1    1    1    1    1    1  3.31801E+08 0.73313 
   15   15    1    1    1    1    1    1    1    1  1.48227E+09 0.63587 
   16   16    1    1    1    1    1    1    1    1  1.10468E+09 0.45943 
   17   17    1    1    1    1    1    1    1    1  6.18920E+08 0.40576 
   18   18    1    1    1    1    1    1    1    1  5.23184E+08 0.57044 
   19   19    1    1    1    1    1    1    1    1  1.36331E+09 0.26693 
   20   20    1    1    1    1    1    1    1    1  7.98697E+09 0.21405 
   21   21    1    1    1    1    1    1    1    1  3.93279E+09 0.20002 
   22   22    1    1    1    1    1    1    1    1  1.12422E+10 0.15095 
   23   23    1    1    1    1    1    1    1    1  2.03851E+10 0.12011 
   24   24    1    1    1    1    1    1    1    1  3.70029E+10 0.09633 
   25   25    1    1    1    1    1    1    1    1  6.08848E+10 0.04538 
   26   26    1    1    1    1    1    1    1    1  1.19532E+11 0.03912 
   27   27    1    1    1    1    1    1    1    1  2.83942E+11 0.02799 
   28   28    1    1    1    1    1    1    1    1  6.59921E+11 0.01263 
   29   29    1    1    1    1    1    1    1    1  1.17433E+12 0.01451 
   30   30    1    1    1    1    1    1    1    1  2.92275E+12 0.00944 
   31   31    1    1    1    1    1    1    1    1  7.90807E+12 0.00706 
   32   32    1    1    1    1    1    1    1    1  1.31912E+13 0.00422 
   33   33    1    1    1    1    1    1    1    1  2.96744E+13 0.00283 
   34   34    1    1    1    1    1    1    1    1  4.02030E+13 0.00239 
   35   35    1    1    1    1    1    1    1    1  4.62930E+13 0.00222 
   36   36    1    1    1    1    1    1    1    1  2.95704E+13 0.00230 
   37   37    1    1    1    1    1    1    1    1  8.78388E+12 0.00245 
   38   38    1    1    1    1    1    1    1    1  5.00825E+13 0.00171 
   39   39    1    1    1    1    1    1    1    1  6.70146E+13 0.00172 
   40   40    1    1    1    1    1    1    1    1  1.15397E+14 0.00163 
   41   41    1    1    1    1    1    1    1    1  1.13313E+14 0.00128 
   42   42    1    1    1    1    1    1    1    1  2.43758E+14 0.00113 
   43   43    1    1    1    1    1    1    1    1  2.94576E+14 0.00126 
   44   44    1    1    1    1    1    1    1    1  4.23963E+14 0.00088 
   45   45    1    1    1    1    1    1    1    1  8.49649E+14 0.00069 
   46   46    1    1    1    1    1    1    1    1  3.93772E+14 0.00077 
   47   47    1    1    1    1    1    1    1    1  6.26732E+14 0.00070 
   48   48    1    1    1    1    1    1    1    1  8.74541E+14 0.00072 
   49   49    1    1    1    1    1    1    1    1  8.59952E+14 0.00083 
   50   50    1    1    1    1    1    1    1    1  1.35924E+15 0.00052 
   51   51    1    1    1    1    1    1    1    1  1.06889E+15 0.00065 
   52   52    1    1    1    1    1    1    1    1  1.29299E+15 0.00054 
   53   53    1    1    1    1    1    1    1    1  8.97985E+14 0.00066 
   54   54    1    1    1    1    1    1    1    1  1.11950E+15 0.00036 
   55   55    1    1    1    1    1    1    1    1  7.71636E+14 0.00055 
   56   56    1    1    1    1    1    1    1    1  1.04529E+14 0.00087 
   57   57    1    1    1    1    1    1    1    1  1.53252E+15 0.00057 
   58   58    1    1    1    1    1    1    1    1  6.99309E+14 0.00077 
   59   59    1    1    1    1    1    1    1    1  7.42006E+14 0.00049 
   60   60    1    1    1    1    1    1    1    1  5.89015E+14 0.00055 
   61   61    1    1    1    1    1    1    1    1  5.89789E+14 0.00083 
   62   62    1    1    1    1    1    1    1    1  6.15395E+14 0.00077 
   63   63    1    1    1    1    1    1    1    1  5.21500E+14 0.00063 
   64   64    1    1    1    1    1    1    1    1  4.16232E+14 0.00066 
   65   65    1    1    1    1    1    1    1    1  4.15047E+14 0.00091 
   66   66    1    1    1    1    1    1    1    1  3.01367E+14 0.00107 
   67   67    1    1    1    1    1    1    1    1  2.44275E+14 0.00106 
   68   68    1    1    1    1    1    1    1    1  2.18784E+14 0.00104 
   69   69    1    1    1    1    1    1    1    1  2.63029E+14 0.00077 
   70   70    1    1    1    1    1    1    1    1  2.23182E+14 0.00112 
   71   71    1    1    1    1    1    1    1    1  4.03472E+14 0.00094 
   72   72    1    1    1    1    1    1    1    1  2.85625E+14 0.00088 
   73   73    1    1    1    1    1    1    1    1  2.17138E+14 0.00137 
   74   74    1    1    1    1    1    1    1    1  1.75954E+14 0.00138 
   75   75    1    1    1    1    1    1    1    1  1.47527E+14 0.00143 
   76   76    1    1    1    1    1    1    1    1  1.73352E+14 0.00165 
   77   77    1    1    1    1    1    1    1    1  1.38587E+14 0.00113 
   78   78    1    1    1    1    1    1    1    1  1.11150E+14 0.00185 
   79   79    1    1    1    1    1    1    1    1  1.15428E+14 0.00119 
   80   80    1    1    1    1    1    1    1    1  8.58317E+13 0.00176 
   81   81    1    1    1    1    1    1    1    1  6.63720E+13 0.00203 
   82   82    1    1    1    1    1    1    1    1  5.09788E+13 0.00277 
   83   83    1    1    1    1    1    1    1    1  4.75287E+13 0.00199 
   84   84    1    1    1    1    1    1    1    1  3.40739E+13 0.00301 
   85   85    1    1    1    1    1    1    1    1  2.46863E+13 0.00403 
   86   86    1    1    1    1    1    1    1    1  2.31197E+13 0.00356 
   87   87    1    1    1    1    1    1    1    1  1.40979E+13 0.00400 
   88   88    1    1    1    1    1    1    1    1  9.42224E+12 0.00671 
   89   89    1    1    1    1    1    1    1    1  5.39268E+12 0.00806 
   90   90    1    1    1    1    1    1    1    1  3.62145E+12 0.00904 
   91   91    1    1    1    1    1    1    1    1  1.77166E+12 0.00988 
   92   92    1    1    1    1    1    1    1    1  8.68323E+11 0.01493 
   93   93    1    1    1    1    1    1    1    1  4.25188E+11 0.02415 
   94   94    1    1    1    1    1    1    1    1  1.87064E+11 0.02968 
   95   95    1    1    1    1    1    1    1    1  9.77282E+10 0.03447 
   96   96    1    1    1    1    1    1    1    1  4.79466E+10 0.06266 
   97   97    1    1    1    1    1    1    1    1  2.29362E+10 0.11175 
   98   98    1    1    1    1    1    1    1    1  9.51688E+09 0.13531 
   99   99    1    1    1    1    1    1    1    1  5.14733E+09 0.30771 
  100  100    1    1    1    1    1    1    1    1  5.30155E+09 0.27206 
];


