
DETdpaspec = [
    1    1    1    1    1    1    1    1    1    1  0.00000E+00 0.00000 
    2    2    1    1    1    1    1    1    1    1  0.00000E+00 0.00000 
    3    3    1    1    1    1    1    1    1    1  0.00000E+00 0.00000 
    4    4    1    1    1    1    1    1    1    1  0.00000E+00 0.00000 
    5    5    1    1    1    1    1    1    1    1  0.00000E+00 0.00000 
    6    6    1    1    1    1    1    1    1    1  0.00000E+00 0.00000 
    7    7    1    1    1    1    1    1    1    1  0.00000E+00 0.00000 
    8    8    1    1    1    1    1    1    1    1  7.98517E+06 1.00000 
    9    9    1    1    1    1    1    1    1    1  6.19163E+06 1.00000 
   10   10    1    1    1    1    1    1    1    1  0.00000E+00 0.00000 
   11   11    1    1    1    1    1    1    1    1  0.00000E+00 0.00000 
   12   12    1    1    1    1    1    1    1    1  3.50691E+06 1.00000 
   13   13    1    1    1    1    1    1    1    1  2.51736E+08 1.00000 
   14   14    1    1    1    1    1    1    1    1  4.48960E+08 0.52124 
   15   15    1    1    1    1    1    1    1    1  9.32407E+08 0.32594 
   16   16    1    1    1    1    1    1    1    1  3.65804E+08 0.49666 
   17   17    1    1    1    1    1    1    1    1  9.80440E+08 0.29798 
   18   18    1    1    1    1    1    1    1    1  2.29614E+09 0.26541 
   19   19    1    1    1    1    1    1    1    1  1.56445E+09 0.19053 
   20   20    1    1    1    1    1    1    1    1  8.42469E+09 0.18536 
   21   21    1    1    1    1    1    1    1    1  7.64740E+09 0.16334 
   22   22    1    1    1    1    1    1    1    1  1.59942E+10 0.10716 
   23   23    1    1    1    1    1    1    1    1  2.48401E+10 0.09313 
   24   24    1    1    1    1    1    1    1    1  3.59764E+10 0.06585 
   25   25    1    1    1    1    1    1    1    1  4.71018E+10 0.06393 
   26   26    1    1    1    1    1    1    1    1  8.41307E+10 0.05332 
   27   27    1    1    1    1    1    1    1    1  1.58144E+11 0.03373 
   28   28    1    1    1    1    1    1    1    1  3.63138E+11 0.02972 
   29   29    1    1    1    1    1    1    1    1  6.19356E+11 0.01755 
   30   30    1    1    1    1    1    1    1    1  1.67319E+12 0.01163 
   31   31    1    1    1    1    1    1    1    1  4.91986E+12 0.00849 
   32   32    1    1    1    1    1    1    1    1  9.02897E+12 0.00672 
   33   33    1    1    1    1    1    1    1    1  2.14292E+13 0.00492 
   34   34    1    1    1    1    1    1    1    1  2.98384E+13 0.00294 
   35   35    1    1    1    1    1    1    1    1  3.77452E+13 0.00305 
   36   36    1    1    1    1    1    1    1    1  2.53800E+13 0.00254 
   37   37    1    1    1    1    1    1    1    1  7.68234E+12 0.00266 
   38   38    1    1    1    1    1    1    1    1  4.33105E+13 0.00284 
   39   39    1    1    1    1    1    1    1    1  5.84091E+13 0.00196 
   40   40    1    1    1    1    1    1    1    1  1.01099E+14 0.00237 
   41   41    1    1    1    1    1    1    1    1  1.01135E+14 0.00187 
   42   42    1    1    1    1    1    1    1    1  2.17065E+14 0.00106 
   43   43    1    1    1    1    1    1    1    1  2.64377E+14 0.00120 
   44   44    1    1    1    1    1    1    1    1  3.84401E+14 0.00103 
   45   45    1    1    1    1    1    1    1    1  7.75938E+14 0.00094 
   46   46    1    1    1    1    1    1    1    1  3.67632E+14 0.00080 
   47   47    1    1    1    1    1    1    1    1  5.90374E+14 0.00077 
   48   48    1    1    1    1    1    1    1    1  8.31211E+14 0.00080 
   49   49    1    1    1    1    1    1    1    1  8.24357E+14 0.00092 
   50   50    1    1    1    1    1    1    1    1  1.30692E+15 0.00060 
   51   51    1    1    1    1    1    1    1    1  1.04434E+15 0.00050 
   52   52    1    1    1    1    1    1    1    1  1.25960E+15 0.00055 
   53   53    1    1    1    1    1    1    1    1  8.82116E+14 0.00062 
   54   54    1    1    1    1    1    1    1    1  1.09427E+15 0.00049 
   55   55    1    1    1    1    1    1    1    1  7.57558E+14 0.00053 
   56   56    1    1    1    1    1    1    1    1  1.03372E+14 0.00118 
   57   57    1    1    1    1    1    1    1    1  1.51299E+15 0.00052 
   58   58    1    1    1    1    1    1    1    1  6.85296E+14 0.00068 
   59   59    1    1    1    1    1    1    1    1  7.31472E+14 0.00060 
   60   60    1    1    1    1    1    1    1    1  5.76898E+14 0.00061 
   61   61    1    1    1    1    1    1    1    1  5.78918E+14 0.00049 
   62   62    1    1    1    1    1    1    1    1  6.04699E+14 0.00091 
   63   63    1    1    1    1    1    1    1    1  5.12542E+14 0.00079 
   64   64    1    1    1    1    1    1    1    1  4.10436E+14 0.00080 
   65   65    1    1    1    1    1    1    1    1  4.08717E+14 0.00087 
   66   66    1    1    1    1    1    1    1    1  2.97765E+14 0.00086 
   67   67    1    1    1    1    1    1    1    1  2.42367E+14 0.00108 
   68   68    1    1    1    1    1    1    1    1  2.17792E+14 0.00139 
   69   69    1    1    1    1    1    1    1    1  2.61472E+14 0.00141 
   70   70    1    1    1    1    1    1    1    1  2.23458E+14 0.00097 
   71   71    1    1    1    1    1    1    1    1  4.06552E+14 0.00088 
   72   72    1    1    1    1    1    1    1    1  2.89453E+14 0.00127 
   73   73    1    1    1    1    1    1    1    1  2.18871E+14 0.00136 
   74   74    1    1    1    1    1    1    1    1  1.77401E+14 0.00123 
   75   75    1    1    1    1    1    1    1    1  1.48068E+14 0.00112 
   76   76    1    1    1    1    1    1    1    1  1.72454E+14 0.00164 
   77   77    1    1    1    1    1    1    1    1  1.37077E+14 0.00149 
   78   78    1    1    1    1    1    1    1    1  1.09203E+14 0.00168 
   79   79    1    1    1    1    1    1    1    1  1.13239E+14 0.00146 
   80   80    1    1    1    1    1    1    1    1  8.41834E+13 0.00182 
   81   81    1    1    1    1    1    1    1    1  6.50118E+13 0.00193 
   82   82    1    1    1    1    1    1    1    1  4.97309E+13 0.00205 
   83   83    1    1    1    1    1    1    1    1  4.64826E+13 0.00232 
   84   84    1    1    1    1    1    1    1    1  3.35703E+13 0.00291 
   85   85    1    1    1    1    1    1    1    1  2.42079E+13 0.00367 
   86   86    1    1    1    1    1    1    1    1  2.28095E+13 0.00381 
   87   87    1    1    1    1    1    1    1    1  1.38326E+13 0.00478 
   88   88    1    1    1    1    1    1    1    1  9.35274E+12 0.00471 
   89   89    1    1    1    1    1    1    1    1  5.38661E+12 0.00758 
   90   90    1    1    1    1    1    1    1    1  3.58730E+12 0.00784 
   91   91    1    1    1    1    1    1    1    1  1.78466E+12 0.01082 
   92   92    1    1    1    1    1    1    1    1  8.81501E+11 0.01838 
   93   93    1    1    1    1    1    1    1    1  4.00003E+11 0.02075 
   94   94    1    1    1    1    1    1    1    1  1.89309E+11 0.03303 
   95   95    1    1    1    1    1    1    1    1  9.44704E+10 0.05959 
   96   96    1    1    1    1    1    1    1    1  4.88026E+10 0.06605 
   97   97    1    1    1    1    1    1    1    1  1.85721E+10 0.14117 
   98   98    1    1    1    1    1    1    1    1  1.07322E+10 0.20045 
   99   99    1    1    1    1    1    1    1    1  3.51932E+09 0.23073 
  100  100    1    1    1    1    1    1    1    1  3.38434E+09 0.29042 
];


