
DETdpaspec = [
    1    1    1    1    1    1    1    1    1    1  0.00000E+00 0.00000 
    2    2    1    1    1    1    1    1    1    1  0.00000E+00 0.00000 
    3    3    1    1    1    1    1    1    1    1  0.00000E+00 0.00000 
    4    4    1    1    1    1    1    1    1    1  0.00000E+00 0.00000 
    5    5    1    1    1    1    1    1    1    1  0.00000E+00 0.00000 
    6    6    1    1    1    1    1    1    1    1  0.00000E+00 0.00000 
    7    7    1    1    1    1    1    1    1    1  0.00000E+00 0.00000 
    8    8    1    1    1    1    1    1    1    1  0.00000E+00 0.00000 
    9    9    1    1    1    1    1    1    1    1  0.00000E+00 0.00000 
   10   10    1    1    1    1    1    1    1    1  0.00000E+00 0.00000 
   11   11    1    1    1    1    1    1    1    1  0.00000E+00 0.00000 
   12   12    1    1    1    1    1    1    1    1  4.45994E+07 0.83764 
   13   13    1    1    1    1    1    1    1    1  3.45722E+08 0.54973 
   14   14    1    1    1    1    1    1    1    1  5.59086E+08 0.82129 
   15   15    1    1    1    1    1    1    1    1  6.87378E+08 0.66075 
   16   16    1    1    1    1    1    1    1    1  1.18801E+08 0.69418 
   17   17    1    1    1    1    1    1    1    1  6.17996E+08 0.37082 
   18   18    1    1    1    1    1    1    1    1  1.39259E+09 0.30922 
   19   19    1    1    1    1    1    1    1    1  3.62004E+09 0.19605 
   20   20    1    1    1    1    1    1    1    1  7.80665E+09 0.21970 
   21   21    1    1    1    1    1    1    1    1  6.78616E+09 0.18623 
   22   22    1    1    1    1    1    1    1    1  1.29584E+10 0.14335 
   23   23    1    1    1    1    1    1    1    1  2.52223E+10 0.08490 
   24   24    1    1    1    1    1    1    1    1  4.05793E+10 0.07368 
   25   25    1    1    1    1    1    1    1    1  5.17032E+10 0.05189 
   26   26    1    1    1    1    1    1    1    1  8.20460E+10 0.06797 
   27   27    1    1    1    1    1    1    1    1  1.52785E+11 0.04037 
   28   28    1    1    1    1    1    1    1    1  3.52389E+11 0.02500 
   29   29    1    1    1    1    1    1    1    1  5.97414E+11 0.02074 
   30   30    1    1    1    1    1    1    1    1  1.66921E+12 0.01393 
   31   31    1    1    1    1    1    1    1    1  5.07288E+12 0.00826 
   32   32    1    1    1    1    1    1    1    1  9.08025E+12 0.00650 
   33   33    1    1    1    1    1    1    1    1  2.15578E+13 0.00342 
   34   34    1    1    1    1    1    1    1    1  2.99948E+13 0.00299 
   35   35    1    1    1    1    1    1    1    1  3.78645E+13 0.00280 
   36   36    1    1    1    1    1    1    1    1  2.52937E+13 0.00234 
   37   37    1    1    1    1    1    1    1    1  7.67461E+12 0.00255 
   38   38    1    1    1    1    1    1    1    1  4.33500E+13 0.00239 
   39   39    1    1    1    1    1    1    1    1  5.85134E+13 0.00222 
   40   40    1    1    1    1    1    1    1    1  1.01162E+14 0.00167 
   41   41    1    1    1    1    1    1    1    1  1.01335E+14 0.00121 
   42   42    1    1    1    1    1    1    1    1  2.17511E+14 0.00131 
   43   43    1    1    1    1    1    1    1    1  2.64544E+14 0.00094 
   44   44    1    1    1    1    1    1    1    1  3.84708E+14 0.00101 
   45   45    1    1    1    1    1    1    1    1  7.77227E+14 0.00081 
   46   46    1    1    1    1    1    1    1    1  3.67642E+14 0.00081 
   47   47    1    1    1    1    1    1    1    1  5.90732E+14 0.00066 
   48   48    1    1    1    1    1    1    1    1  8.32258E+14 0.00063 
   49   49    1    1    1    1    1    1    1    1  8.24341E+14 0.00063 
   50   50    1    1    1    1    1    1    1    1  1.30680E+15 0.00036 
   51   51    1    1    1    1    1    1    1    1  1.04512E+15 0.00060 
   52   52    1    1    1    1    1    1    1    1  1.26010E+15 0.00055 
   53   53    1    1    1    1    1    1    1    1  8.81874E+14 0.00058 
   54   54    1    1    1    1    1    1    1    1  1.09364E+15 0.00052 
   55   55    1    1    1    1    1    1    1    1  7.57575E+14 0.00057 
   56   56    1    1    1    1    1    1    1    1  1.03362E+14 0.00122 
   57   57    1    1    1    1    1    1    1    1  1.51401E+15 0.00046 
   58   58    1    1    1    1    1    1    1    1  6.85049E+14 0.00055 
   59   59    1    1    1    1    1    1    1    1  7.32432E+14 0.00064 
   60   60    1    1    1    1    1    1    1    1  5.77734E+14 0.00075 
   61   61    1    1    1    1    1    1    1    1  5.79511E+14 0.00045 
   62   62    1    1    1    1    1    1    1    1  6.05458E+14 0.00069 
   63   63    1    1    1    1    1    1    1    1  5.12544E+14 0.00096 
   64   64    1    1    1    1    1    1    1    1  4.09622E+14 0.00075 
   65   65    1    1    1    1    1    1    1    1  4.09555E+14 0.00091 
   66   66    1    1    1    1    1    1    1    1  2.97896E+14 0.00091 
   67   67    1    1    1    1    1    1    1    1  2.42727E+14 0.00092 
   68   68    1    1    1    1    1    1    1    1  2.17536E+14 0.00112 
   69   69    1    1    1    1    1    1    1    1  2.61749E+14 0.00070 
   70   70    1    1    1    1    1    1    1    1  2.23353E+14 0.00127 
   71   71    1    1    1    1    1    1    1    1  4.07393E+14 0.00105 
   72   72    1    1    1    1    1    1    1    1  2.89862E+14 0.00115 
   73   73    1    1    1    1    1    1    1    1  2.19883E+14 0.00146 
   74   74    1    1    1    1    1    1    1    1  1.77510E+14 0.00118 
   75   75    1    1    1    1    1    1    1    1  1.48233E+14 0.00147 
   76   76    1    1    1    1    1    1    1    1  1.72487E+14 0.00119 
   77   77    1    1    1    1    1    1    1    1  1.37338E+14 0.00159 
   78   78    1    1    1    1    1    1    1    1  1.09370E+14 0.00155 
   79   79    1    1    1    1    1    1    1    1  1.13520E+14 0.00134 
   80   80    1    1    1    1    1    1    1    1  8.43801E+13 0.00210 
   81   81    1    1    1    1    1    1    1    1  6.50883E+13 0.00192 
   82   82    1    1    1    1    1    1    1    1  4.98322E+13 0.00162 
   83   83    1    1    1    1    1    1    1    1  4.66395E+13 0.00240 
   84   84    1    1    1    1    1    1    1    1  3.35418E+13 0.00331 
   85   85    1    1    1    1    1    1    1    1  2.41358E+13 0.00342 
   86   86    1    1    1    1    1    1    1    1  2.25209E+13 0.00332 
   87   87    1    1    1    1    1    1    1    1  1.39380E+13 0.00369 
   88   88    1    1    1    1    1    1    1    1  9.39454E+12 0.00491 
   89   89    1    1    1    1    1    1    1    1  5.34922E+12 0.00927 
   90   90    1    1    1    1    1    1    1    1  3.58581E+12 0.00811 
   91   91    1    1    1    1    1    1    1    1  1.79047E+12 0.01383 
   92   92    1    1    1    1    1    1    1    1  8.54668E+11 0.01370 
   93   93    1    1    1    1    1    1    1    1  4.10133E+11 0.02566 
   94   94    1    1    1    1    1    1    1    1  1.92596E+11 0.03369 
   95   95    1    1    1    1    1    1    1    1  1.02520E+11 0.04236 
   96   96    1    1    1    1    1    1    1    1  4.51780E+10 0.05027 
   97   97    1    1    1    1    1    1    1    1  1.83692E+10 0.11018 
   98   98    1    1    1    1    1    1    1    1  1.17771E+10 0.21242 
   99   99    1    1    1    1    1    1    1    1  3.34198E+09 0.24448 
  100  100    1    1    1    1    1    1    1    1  4.49925E+09 0.19634 
];


