
DETdpaspec = [
    1    1    1    1    1    1    1    1    1    1  0.00000E+00 0.00000 
    2    2    1    1    1    1    1    1    1    1  0.00000E+00 0.00000 
    3    3    1    1    1    1    1    1    1    1  0.00000E+00 0.00000 
    4    4    1    1    1    1    1    1    1    1  0.00000E+00 0.00000 
    5    5    1    1    1    1    1    1    1    1  0.00000E+00 0.00000 
    6    6    1    1    1    1    1    1    1    1  0.00000E+00 0.00000 
    7    7    1    1    1    1    1    1    1    1  0.00000E+00 0.00000 
    8    8    1    1    1    1    1    1    1    1  0.00000E+00 0.00000 
    9    9    1    1    1    1    1    1    1    1  0.00000E+00 0.00000 
   10   10    1    1    1    1    1    1    1    1  0.00000E+00 0.00000 
   11   11    1    1    1    1    1    1    1    1  0.00000E+00 0.00000 
   12   12    1    1    1    1    1    1    1    1  1.70416E+08 1.00000 
   13   13    1    1    1    1    1    1    1    1  5.60177E+08 0.59396 
   14   14    1    1    1    1    1    1    1    1  4.39678E+08 1.00000 
   15   15    1    1    1    1    1    1    1    1  1.18757E+09 0.41147 
   16   16    1    1    1    1    1    1    1    1  5.51872E+08 0.53690 
   17   17    1    1    1    1    1    1    1    1  6.23268E+08 0.63459 
   18   18    1    1    1    1    1    1    1    1  6.16664E+08 0.46737 
   19   19    1    1    1    1    1    1    1    1  1.18251E+09 0.46817 
   20   20    1    1    1    1    1    1    1    1  4.99397E+09 0.22296 
   21   21    1    1    1    1    1    1    1    1  5.08916E+09 0.13915 
   22   22    1    1    1    1    1    1    1    1  1.42847E+10 0.13028 
   23   23    1    1    1    1    1    1    1    1  3.81763E+10 0.07932 
   24   24    1    1    1    1    1    1    1    1  1.06559E+11 0.05434 
   25   25    1    1    1    1    1    1    1    1  1.77560E+11 0.04799 
   26   26    1    1    1    1    1    1    1    1  4.08240E+11 0.01951 
   27   27    1    1    1    1    1    1    1    1  9.06309E+11 0.02052 
   28   28    1    1    1    1    1    1    1    1  1.94760E+12 0.01202 
   29   29    1    1    1    1    1    1    1    1  3.20116E+12 0.00632 
   30   30    1    1    1    1    1    1    1    1  6.59060E+12 0.00618 
   31   31    1    1    1    1    1    1    1    1  1.46992E+13 0.00427 
   32   32    1    1    1    1    1    1    1    1  2.22773E+13 0.00332 
   33   33    1    1    1    1    1    1    1    1  4.57441E+13 0.00221 
   34   34    1    1    1    1    1    1    1    1  5.78467E+13 0.00192 
   35   35    1    1    1    1    1    1    1    1  6.10122E+13 0.00195 
   36   36    1    1    1    1    1    1    1    1  3.70618E+13 0.00136 
   37   37    1    1    1    1    1    1    1    1  1.08479E+13 0.00189 
   38   38    1    1    1    1    1    1    1    1  6.19206E+13 0.00139 
   39   39    1    1    1    1    1    1    1    1  8.17664E+13 0.00141 
   40   40    1    1    1    1    1    1    1    1  1.38842E+14 0.00118 
   41   41    1    1    1    1    1    1    1    1  1.33155E+14 0.00132 
   42   42    1    1    1    1    1    1    1    1  2.84637E+14 0.00130 
   43   43    1    1    1    1    1    1    1    1  3.38685E+14 0.00100 
   44   44    1    1    1    1    1    1    1    1  4.82273E+14 0.00095 
   45   45    1    1    1    1    1    1    1    1  9.45957E+14 0.00079 
   46   46    1    1    1    1    1    1    1    1  4.28333E+14 0.00074 
   47   47    1    1    1    1    1    1    1    1  6.75029E+14 0.00051 
   48   48    1    1    1    1    1    1    1    1  9.27363E+14 0.00052 
   49   49    1    1    1    1    1    1    1    1  9.00740E+14 0.00057 
   50   50    1    1    1    1    1    1    1    1  1.41124E+15 0.00058 
   51   51    1    1    1    1    1    1    1    1  1.09053E+15 0.00072 
   52   52    1    1    1    1    1    1    1    1  1.31473E+15 0.00070 
   53   53    1    1    1    1    1    1    1    1  9.02939E+14 0.00067 
   54   54    1    1    1    1    1    1    1    1  1.12332E+15 0.00057 
   55   55    1    1    1    1    1    1    1    1  7.69489E+14 0.00053 
   56   56    1    1    1    1    1    1    1    1  1.03895E+14 0.00086 
   57   57    1    1    1    1    1    1    1    1  1.51523E+15 0.00055 
   58   58    1    1    1    1    1    1    1    1  6.91959E+14 0.00067 
   59   59    1    1    1    1    1    1    1    1  7.30635E+14 0.00085 
   60   60    1    1    1    1    1    1    1    1  5.80566E+14 0.00083 
   61   61    1    1    1    1    1    1    1    1  5.78796E+14 0.00087 
   62   62    1    1    1    1    1    1    1    1  6.01808E+14 0.00071 
   63   63    1    1    1    1    1    1    1    1  5.07997E+14 0.00089 
   64   64    1    1    1    1    1    1    1    1  4.03226E+14 0.00084 
   65   65    1    1    1    1    1    1    1    1  4.00779E+14 0.00084 
   66   66    1    1    1    1    1    1    1    1  2.90128E+14 0.00082 
   67   67    1    1    1    1    1    1    1    1  2.34602E+14 0.00099 
   68   68    1    1    1    1    1    1    1    1  2.08621E+14 0.00116 
   69   69    1    1    1    1    1    1    1    1  2.50475E+14 0.00104 
   70   70    1    1    1    1    1    1    1    1  2.12102E+14 0.00098 
   71   71    1    1    1    1    1    1    1    1  3.79510E+14 0.00084 
   72   72    1    1    1    1    1    1    1    1  2.67577E+14 0.00078 
   73   73    1    1    1    1    1    1    1    1  2.02048E+14 0.00107 
   74   74    1    1    1    1    1    1    1    1  1.64737E+14 0.00181 
   75   75    1    1    1    1    1    1    1    1  1.38014E+14 0.00103 
   76   76    1    1    1    1    1    1    1    1  1.62540E+14 0.00102 
   77   77    1    1    1    1    1    1    1    1  1.30150E+14 0.00105 
   78   78    1    1    1    1    1    1    1    1  1.04168E+14 0.00121 
   79   79    1    1    1    1    1    1    1    1  1.08596E+14 0.00165 
   80   80    1    1    1    1    1    1    1    1  8.06940E+13 0.00142 
   81   81    1    1    1    1    1    1    1    1  6.21294E+13 0.00191 
   82   82    1    1    1    1    1    1    1    1  4.76102E+13 0.00215 
   83   83    1    1    1    1    1    1    1    1  4.44003E+13 0.00239 
   84   84    1    1    1    1    1    1    1    1  3.17923E+13 0.00210 
   85   85    1    1    1    1    1    1    1    1  2.27550E+13 0.00235 
   86   86    1    1    1    1    1    1    1    1  2.14319E+13 0.00306 
   87   87    1    1    1    1    1    1    1    1  1.30598E+13 0.00455 
   88   88    1    1    1    1    1    1    1    1  8.72076E+12 0.00471 
   89   89    1    1    1    1    1    1    1    1  4.93110E+12 0.00508 
   90   90    1    1    1    1    1    1    1    1  3.23938E+12 0.01001 
   91   91    1    1    1    1    1    1    1    1  1.63553E+12 0.01377 
   92   92    1    1    1    1    1    1    1    1  7.59982E+11 0.01790 
   93   93    1    1    1    1    1    1    1    1  3.67918E+11 0.02616 
   94   94    1    1    1    1    1    1    1    1  1.77384E+11 0.02777 
   95   95    1    1    1    1    1    1    1    1  8.49281E+10 0.04472 
   96   96    1    1    1    1    1    1    1    1  4.27025E+10 0.05765 
   97   97    1    1    1    1    1    1    1    1  2.25146E+10 0.12693 
   98   98    1    1    1    1    1    1    1    1  8.40860E+09 0.15613 
   99   99    1    1    1    1    1    1    1    1  3.20569E+09 0.24844 
  100  100    1    1    1    1    1    1    1    1  3.17534E+09 0.37659 
];


