
DETdpaspec = [
    1    1    1    1    1    1    1    1    1    1  0.00000E+00 0.00000 
    2    2    1    1    1    1    1    1    1    1  0.00000E+00 0.00000 
    3    3    1    1    1    1    1    1    1    1  0.00000E+00 0.00000 
    4    4    1    1    1    1    1    1    1    1  0.00000E+00 0.00000 
    5    5    1    1    1    1    1    1    1    1  0.00000E+00 0.00000 
    6    6    1    1    1    1    1    1    1    1  0.00000E+00 0.00000 
    7    7    1    1    1    1    1    1    1    1  0.00000E+00 0.00000 
    8    8    1    1    1    1    1    1    1    1  0.00000E+00 0.00000 
    9    9    1    1    1    1    1    1    1    1  0.00000E+00 0.00000 
   10   10    1    1    1    1    1    1    1    1  0.00000E+00 0.00000 
   11   11    1    1    1    1    1    1    1    1  6.94222E+08 0.69703 
   12   12    1    1    1    1    1    1    1    1  7.92497E+07 0.72273 
   13   13    1    1    1    1    1    1    1    1  4.36241E+08 0.75830 
   14   14    1    1    1    1    1    1    1    1  0.00000E+00 0.00000 
   15   15    1    1    1    1    1    1    1    1  4.70009E+08 0.61319 
   16   16    1    1    1    1    1    1    1    1  5.72506E+08 0.41896 
   17   17    1    1    1    1    1    1    1    1  1.40360E+09 0.41759 
   18   18    1    1    1    1    1    1    1    1  3.07811E+09 0.26962 
   19   19    1    1    1    1    1    1    1    1  1.04770E+09 0.37127 
   20   20    1    1    1    1    1    1    1    1  5.06962E+09 0.22479 
   21   21    1    1    1    1    1    1    1    1  5.84607E+09 0.21329 
   22   22    1    1    1    1    1    1    1    1  1.21995E+10 0.14370 
   23   23    1    1    1    1    1    1    1    1  2.27307E+10 0.09562 
   24   24    1    1    1    1    1    1    1    1  3.91384E+10 0.07413 
   25   25    1    1    1    1    1    1    1    1  5.79789E+10 0.07252 
   26   26    1    1    1    1    1    1    1    1  1.07213E+11 0.04208 
   27   27    1    1    1    1    1    1    1    1  2.33933E+11 0.02766 
   28   28    1    1    1    1    1    1    1    1  5.60825E+11 0.02346 
   29   29    1    1    1    1    1    1    1    1  1.01543E+12 0.01371 
   30   30    1    1    1    1    1    1    1    1  2.47954E+12 0.00789 
   31   31    1    1    1    1    1    1    1    1  6.90081E+12 0.00717 
   32   32    1    1    1    1    1    1    1    1  1.19636E+13 0.00536 
   33   33    1    1    1    1    1    1    1    1  2.72490E+13 0.00297 
   34   34    1    1    1    1    1    1    1    1  3.73141E+13 0.00250 
   35   35    1    1    1    1    1    1    1    1  4.39630E+13 0.00303 
   36   36    1    1    1    1    1    1    1    1  2.83516E+13 0.00246 
   37   37    1    1    1    1    1    1    1    1  8.47104E+12 0.00242 
   38   38    1    1    1    1    1    1    1    1  4.82248E+13 0.00184 
   39   39    1    1    1    1    1    1    1    1  6.46444E+13 0.00190 
   40   40    1    1    1    1    1    1    1    1  1.11604E+14 0.00135 
   41   41    1    1    1    1    1    1    1    1  1.09965E+14 0.00117 
   42   42    1    1    1    1    1    1    1    1  2.36534E+14 0.00106 
   43   43    1    1    1    1    1    1    1    1  2.86784E+14 0.00113 
   44   44    1    1    1    1    1    1    1    1  4.14133E+14 0.00111 
   45   45    1    1    1    1    1    1    1    1  8.29723E+14 0.00104 
   46   46    1    1    1    1    1    1    1    1  3.87033E+14 0.00104 
   47   47    1    1    1    1    1    1    1    1  6.17526E+14 0.00080 
   48   48    1    1    1    1    1    1    1    1  8.63674E+14 0.00093 
   49   49    1    1    1    1    1    1    1    1  8.51048E+14 0.00079 
   50   50    1    1    1    1    1    1    1    1  1.34825E+15 0.00060 
   51   51    1    1    1    1    1    1    1    1  1.06360E+15 0.00048 
   52   52    1    1    1    1    1    1    1    1  1.28678E+15 0.00031 
   53   53    1    1    1    1    1    1    1    1  8.96155E+14 0.00053 
   54   54    1    1    1    1    1    1    1    1  1.11632E+15 0.00057 
   55   55    1    1    1    1    1    1    1    1  7.70023E+14 0.00081 
   56   56    1    1    1    1    1    1    1    1  1.04615E+14 0.00106 
   57   57    1    1    1    1    1    1    1    1  1.53225E+15 0.00063 
   58   58    1    1    1    1    1    1    1    1  6.98482E+14 0.00063 
   59   59    1    1    1    1    1    1    1    1  7.42231E+14 0.00063 
   60   60    1    1    1    1    1    1    1    1  5.88439E+14 0.00070 
   61   61    1    1    1    1    1    1    1    1  5.89607E+14 0.00083 
   62   62    1    1    1    1    1    1    1    1  6.15726E+14 0.00058 
   63   63    1    1    1    1    1    1    1    1  5.21662E+14 0.00075 
   64   64    1    1    1    1    1    1    1    1  4.16528E+14 0.00084 
   65   65    1    1    1    1    1    1    1    1  4.15684E+14 0.00089 
   66   66    1    1    1    1    1    1    1    1  3.02089E+14 0.00099 
   67   67    1    1    1    1    1    1    1    1  2.45421E+14 0.00080 
   68   68    1    1    1    1    1    1    1    1  2.19606E+14 0.00114 
   69   69    1    1    1    1    1    1    1    1  2.63375E+14 0.00081 
   70   70    1    1    1    1    1    1    1    1  2.24467E+14 0.00123 
   71   71    1    1    1    1    1    1    1    1  4.05977E+14 0.00079 
   72   72    1    1    1    1    1    1    1    1  2.88171E+14 0.00111 
   73   73    1    1    1    1    1    1    1    1  2.18258E+14 0.00125 
   74   74    1    1    1    1    1    1    1    1  1.77371E+14 0.00091 
   75   75    1    1    1    1    1    1    1    1  1.48662E+14 0.00159 
   76   76    1    1    1    1    1    1    1    1  1.74373E+14 0.00103 
   77   77    1    1    1    1    1    1    1    1  1.39116E+14 0.00150 
   78   78    1    1    1    1    1    1    1    1  1.11581E+14 0.00120 
   79   79    1    1    1    1    1    1    1    1  1.15712E+14 0.00131 
   80   80    1    1    1    1    1    1    1    1  8.59636E+13 0.00144 
   81   81    1    1    1    1    1    1    1    1  6.65908E+13 0.00179 
   82   82    1    1    1    1    1    1    1    1  5.09490E+13 0.00219 
   83   83    1    1    1    1    1    1    1    1  4.75289E+13 0.00235 
   84   84    1    1    1    1    1    1    1    1  3.43755E+13 0.00225 
   85   85    1    1    1    1    1    1    1    1  2.47383E+13 0.00312 
   86   86    1    1    1    1    1    1    1    1  2.31210E+13 0.00342 
   87   87    1    1    1    1    1    1    1    1  1.41603E+13 0.00308 
   88   88    1    1    1    1    1    1    1    1  9.53719E+12 0.00587 
   89   89    1    1    1    1    1    1    1    1  5.40315E+12 0.00640 
   90   90    1    1    1    1    1    1    1    1  3.63067E+12 0.00956 
   91   91    1    1    1    1    1    1    1    1  1.76750E+12 0.01069 
   92   92    1    1    1    1    1    1    1    1  8.74665E+11 0.01940 
   93   93    1    1    1    1    1    1    1    1  4.34023E+11 0.02310 
   94   94    1    1    1    1    1    1    1    1  1.95266E+11 0.04372 
   95   95    1    1    1    1    1    1    1    1  8.88657E+10 0.04428 
   96   96    1    1    1    1    1    1    1    1  4.64404E+10 0.06024 
   97   97    1    1    1    1    1    1    1    1  2.44844E+10 0.08671 
   98   98    1    1    1    1    1    1    1    1  1.12777E+10 0.14063 
   99   99    1    1    1    1    1    1    1    1  3.03693E+09 0.27709 
  100  100    1    1    1    1    1    1    1    1  4.53216E+09 0.23825 
];


