
DETdpaspec = [
    1    1    1    1    1    1    1    1    1    1  0.00000E+00 0.00000 
    2    2    1    1    1    1    1    1    1    1  0.00000E+00 0.00000 
    3    3    1    1    1    1    1    1    1    1  5.20319E+06 1.00000 
    4    4    1    1    1    1    1    1    1    1  0.00000E+00 0.00000 
    5    5    1    1    1    1    1    1    1    1  0.00000E+00 0.00000 
    6    6    1    1    1    1    1    1    1    1  0.00000E+00 0.00000 
    7    7    1    1    1    1    1    1    1    1  9.87460E+06 1.00000 
    8    8    1    1    1    1    1    1    1    1  0.00000E+00 0.00000 
    9    9    1    1    1    1    1    1    1    1  9.46083E+06 1.00000 
   10   10    1    1    1    1    1    1    1    1  1.81250E+07 1.00000 
   11   11    1    1    1    1    1    1    1    1  0.00000E+00 0.00000 
   12   12    1    1    1    1    1    1    1    1  2.32980E+07 0.74635 
   13   13    1    1    1    1    1    1    1    1  3.62274E+08 0.68093 
   14   14    1    1    1    1    1    1    1    1  1.52308E+09 0.37940 
   15   15    1    1    1    1    1    1    1    1  1.24645E+09 0.38066 
   16   16    1    1    1    1    1    1    1    1  1.77864E+08 0.65337 
   17   17    1    1    1    1    1    1    1    1  2.80711E+08 0.37805 
   18   18    1    1    1    1    1    1    1    1  1.15761E+09 0.36130 
   19   19    1    1    1    1    1    1    1    1  2.39825E+09 0.18568 
   20   20    1    1    1    1    1    1    1    1  9.77075E+09 0.18881 
   21   21    1    1    1    1    1    1    1    1  6.46839E+09 0.17460 
   22   22    1    1    1    1    1    1    1    1  1.60802E+10 0.09900 
   23   23    1    1    1    1    1    1    1    1  2.47547E+10 0.08252 
   24   24    1    1    1    1    1    1    1    1  4.13921E+10 0.09461 
   25   25    1    1    1    1    1    1    1    1  5.58382E+10 0.05275 
   26   26    1    1    1    1    1    1    1    1  8.25317E+10 0.05116 
   27   27    1    1    1    1    1    1    1    1  1.60684E+11 0.04517 
   28   28    1    1    1    1    1    1    1    1  3.30339E+11 0.04122 
   29   29    1    1    1    1    1    1    1    1  5.18259E+11 0.02828 
   30   30    1    1    1    1    1    1    1    1  1.45696E+12 0.01473 
   31   31    1    1    1    1    1    1    1    1  4.50858E+12 0.00767 
   32   32    1    1    1    1    1    1    1    1  8.35956E+12 0.00515 
   33   33    1    1    1    1    1    1    1    1  1.97846E+13 0.00503 
   34   34    1    1    1    1    1    1    1    1  2.75279E+13 0.00350 
   35   35    1    1    1    1    1    1    1    1  3.61566E+13 0.00243 
   36   36    1    1    1    1    1    1    1    1  2.46016E+13 0.00230 
   37   37    1    1    1    1    1    1    1    1  7.55751E+12 0.00249 
   38   38    1    1    1    1    1    1    1    1  4.21365E+13 0.00205 
   39   39    1    1    1    1    1    1    1    1  5.68898E+13 0.00206 
   40   40    1    1    1    1    1    1    1    1  9.78999E+13 0.00172 
   41   41    1    1    1    1    1    1    1    1  9.87896E+13 0.00139 
   42   42    1    1    1    1    1    1    1    1  2.11238E+14 0.00126 
   43   43    1    1    1    1    1    1    1    1  2.57124E+14 0.00093 
   44   44    1    1    1    1    1    1    1    1  3.74937E+14 0.00107 
   45   45    1    1    1    1    1    1    1    1  7.57094E+14 0.00066 
   46   46    1    1    1    1    1    1    1    1  3.60128E+14 0.00075 
   47   47    1    1    1    1    1    1    1    1  5.80691E+14 0.00068 
   48   48    1    1    1    1    1    1    1    1  8.18912E+14 0.00065 
   49   49    1    1    1    1    1    1    1    1  8.15266E+14 0.00070 
   50   50    1    1    1    1    1    1    1    1  1.28775E+15 0.00051 
   51   51    1    1    1    1    1    1    1    1  1.03610E+15 0.00058 
   52   52    1    1    1    1    1    1    1    1  1.24356E+15 0.00050 
   53   53    1    1    1    1    1    1    1    1  8.72762E+14 0.00052 
   54   54    1    1    1    1    1    1    1    1  1.07796E+15 0.00056 
   55   55    1    1    1    1    1    1    1    1  7.47853E+14 0.00056 
   56   56    1    1    1    1    1    1    1    1  1.01951E+14 0.00122 
   57   57    1    1    1    1    1    1    1    1  1.49609E+15 0.00048 
   58   58    1    1    1    1    1    1    1    1  6.72386E+14 0.00073 
   59   59    1    1    1    1    1    1    1    1  7.21059E+14 0.00064 
   60   60    1    1    1    1    1    1    1    1  5.65743E+14 0.00072 
   61   61    1    1    1    1    1    1    1    1  5.68567E+14 0.00055 
   62   62    1    1    1    1    1    1    1    1  5.93888E+14 0.00086 
   63   63    1    1    1    1    1    1    1    1  5.02014E+14 0.00073 
   64   64    1    1    1    1    1    1    1    1  4.02309E+14 0.00072 
   65   65    1    1    1    1    1    1    1    1  4.01297E+14 0.00083 
   66   66    1    1    1    1    1    1    1    1  2.92281E+14 0.00076 
   67   67    1    1    1    1    1    1    1    1  2.38507E+14 0.00080 
   68   68    1    1    1    1    1    1    1    1  2.14055E+14 0.00137 
   69   69    1    1    1    1    1    1    1    1  2.57534E+14 0.00103 
   70   70    1    1    1    1    1    1    1    1  2.19566E+14 0.00146 
   71   71    1    1    1    1    1    1    1    1  4.02445E+14 0.00107 
   72   72    1    1    1    1    1    1    1    1  2.86492E+14 0.00157 
   73   73    1    1    1    1    1    1    1    1  2.16602E+14 0.00101 
   74   74    1    1    1    1    1    1    1    1  1.74777E+14 0.00125 
   75   75    1    1    1    1    1    1    1    1  1.45528E+14 0.00128 
   76   76    1    1    1    1    1    1    1    1  1.68929E+14 0.00157 
   77   77    1    1    1    1    1    1    1    1  1.33750E+14 0.00131 
   78   78    1    1    1    1    1    1    1    1  1.06648E+14 0.00126 
   79   79    1    1    1    1    1    1    1    1  1.10082E+14 0.00129 
   80   80    1    1    1    1    1    1    1    1  8.17505E+13 0.00146 
   81   81    1    1    1    1    1    1    1    1  6.27916E+13 0.00236 
   82   82    1    1    1    1    1    1    1    1  4.82574E+13 0.00260 
   83   83    1    1    1    1    1    1    1    1  4.52463E+13 0.00204 
   84   84    1    1    1    1    1    1    1    1  3.24510E+13 0.00260 
   85   85    1    1    1    1    1    1    1    1  2.33963E+13 0.00293 
   86   86    1    1    1    1    1    1    1    1  2.18830E+13 0.00329 
   87   87    1    1    1    1    1    1    1    1  1.34495E+13 0.00450 
   88   88    1    1    1    1    1    1    1    1  9.05281E+12 0.00637 
   89   89    1    1    1    1    1    1    1    1  5.16809E+12 0.00676 
   90   90    1    1    1    1    1    1    1    1  3.44404E+12 0.00959 
   91   91    1    1    1    1    1    1    1    1  1.71592E+12 0.01283 
   92   92    1    1    1    1    1    1    1    1  8.40781E+11 0.01527 
   93   93    1    1    1    1    1    1    1    1  4.02369E+11 0.02545 
   94   94    1    1    1    1    1    1    1    1  1.91999E+11 0.03670 
   95   95    1    1    1    1    1    1    1    1  9.32500E+10 0.05220 
   96   96    1    1    1    1    1    1    1    1  4.08090E+10 0.07853 
   97   97    1    1    1    1    1    1    1    1  2.15491E+10 0.11247 
   98   98    1    1    1    1    1    1    1    1  8.15940E+09 0.16190 
   99   99    1    1    1    1    1    1    1    1  6.51045E+09 0.17168 
  100  100    1    1    1    1    1    1    1    1  4.00059E+09 0.22131 
];


