
DETdpaspec = [
    1    1    1    1    1    1    1    1    1    1  0.00000E+00 0.00000 
    2    2    1    1    1    1    1    1    1    1  0.00000E+00 0.00000 
    3    3    1    1    1    1    1    1    1    1  0.00000E+00 0.00000 
    4    4    1    1    1    1    1    1    1    1  0.00000E+00 0.00000 
    5    5    1    1    1    1    1    1    1    1  0.00000E+00 0.00000 
    6    6    1    1    1    1    1    1    1    1  0.00000E+00 0.00000 
    7    7    1    1    1    1    1    1    1    1  0.00000E+00 0.00000 
    8    8    1    1    1    1    1    1    1    1  0.00000E+00 0.00000 
    9    9    1    1    1    1    1    1    1    1  0.00000E+00 0.00000 
   10   10    1    1    1    1    1    1    1    1  0.00000E+00 0.00000 
   11   11    1    1    1    1    1    1    1    1  3.59028E+07 1.00000 
   12   12    1    1    1    1    1    1    1    1  1.94260E+06 1.00000 
   13   13    1    1    1    1    1    1    1    1  1.50113E+08 0.54733 
   14   14    1    1    1    1    1    1    1    1  6.46007E+08 0.71489 
   15   15    1    1    1    1    1    1    1    1  5.12095E+08 0.53824 
   16   16    1    1    1    1    1    1    1    1  1.37978E+08 0.72488 
   17   17    1    1    1    1    1    1    1    1  3.89755E+08 0.49433 
   18   18    1    1    1    1    1    1    1    1  1.50727E+09 0.31948 
   19   19    1    1    1    1    1    1    1    1  1.13845E+09 0.34719 
   20   20    1    1    1    1    1    1    1    1  7.90452E+09 0.20555 
   21   21    1    1    1    1    1    1    1    1  6.43182E+09 0.16947 
   22   22    1    1    1    1    1    1    1    1  1.19420E+10 0.14000 
   23   23    1    1    1    1    1    1    1    1  2.02762E+10 0.09519 
   24   24    1    1    1    1    1    1    1    1  3.49156E+10 0.11683 
   25   25    1    1    1    1    1    1    1    1  5.61750E+10 0.07537 
   26   26    1    1    1    1    1    1    1    1  9.53473E+10 0.04693 
   27   27    1    1    1    1    1    1    1    1  2.19296E+11 0.03564 
   28   28    1    1    1    1    1    1    1    1  5.37944E+11 0.02226 
   29   29    1    1    1    1    1    1    1    1  9.71058E+11 0.01742 
   30   30    1    1    1    1    1    1    1    1  2.38357E+12 0.01135 
   31   31    1    1    1    1    1    1    1    1  6.65108E+12 0.00705 
   32   32    1    1    1    1    1    1    1    1  1.15251E+13 0.00575 
   33   33    1    1    1    1    1    1    1    1  2.66019E+13 0.00461 
   34   34    1    1    1    1    1    1    1    1  3.63563E+13 0.00281 
   35   35    1    1    1    1    1    1    1    1  4.33310E+13 0.00266 
   36   36    1    1    1    1    1    1    1    1  2.80939E+13 0.00282 
   37   37    1    1    1    1    1    1    1    1  8.38543E+12 0.00257 
   38   38    1    1    1    1    1    1    1    1  4.76370E+13 0.00235 
   39   39    1    1    1    1    1    1    1    1  6.38915E+13 0.00182 
   40   40    1    1    1    1    1    1    1    1  1.10207E+14 0.00182 
   41   41    1    1    1    1    1    1    1    1  1.08836E+14 0.00171 
   42   42    1    1    1    1    1    1    1    1  2.34297E+14 0.00143 
   43   43    1    1    1    1    1    1    1    1  2.83853E+14 0.00126 
   44   44    1    1    1    1    1    1    1    1  4.09788E+14 0.00113 
   45   45    1    1    1    1    1    1    1    1  8.24506E+14 0.00074 
   46   46    1    1    1    1    1    1    1    1  3.84918E+14 0.00101 
   47   47    1    1    1    1    1    1    1    1  6.14957E+14 0.00060 
   48   48    1    1    1    1    1    1    1    1  8.60219E+14 0.00050 
   49   49    1    1    1    1    1    1    1    1  8.47376E+14 0.00065 
   50   50    1    1    1    1    1    1    1    1  1.34329E+15 0.00053 
   51   51    1    1    1    1    1    1    1    1  1.06226E+15 0.00062 
   52   52    1    1    1    1    1    1    1    1  1.28442E+15 0.00060 
   53   53    1    1    1    1    1    1    1    1  8.95151E+14 0.00063 
   54   54    1    1    1    1    1    1    1    1  1.11482E+15 0.00040 
   55   55    1    1    1    1    1    1    1    1  7.69720E+14 0.00049 
   56   56    1    1    1    1    1    1    1    1  1.04391E+14 0.00135 
   57   57    1    1    1    1    1    1    1    1  1.53099E+15 0.00043 
   58   58    1    1    1    1    1    1    1    1  6.97649E+14 0.00056 
   59   59    1    1    1    1    1    1    1    1  7.41734E+14 0.00074 
   60   60    1    1    1    1    1    1    1    1  5.87829E+14 0.00063 
   61   61    1    1    1    1    1    1    1    1  5.88367E+14 0.00066 
   62   62    1    1    1    1    1    1    1    1  6.15721E+14 0.00060 
   63   63    1    1    1    1    1    1    1    1  5.21597E+14 0.00076 
   64   64    1    1    1    1    1    1    1    1  4.16254E+14 0.00083 
   65   65    1    1    1    1    1    1    1    1  4.15741E+14 0.00095 
   66   66    1    1    1    1    1    1    1    1  3.01975E+14 0.00113 
   67   67    1    1    1    1    1    1    1    1  2.44973E+14 0.00105 
   68   68    1    1    1    1    1    1    1    1  2.19320E+14 0.00091 
   69   69    1    1    1    1    1    1    1    1  2.63787E+14 0.00106 
   70   70    1    1    1    1    1    1    1    1  2.24625E+14 0.00132 
   71   71    1    1    1    1    1    1    1    1  4.06226E+14 0.00114 
   72   72    1    1    1    1    1    1    1    1  2.89211E+14 0.00104 
   73   73    1    1    1    1    1    1    1    1  2.18491E+14 0.00093 
   74   74    1    1    1    1    1    1    1    1  1.77714E+14 0.00125 
   75   75    1    1    1    1    1    1    1    1  1.48961E+14 0.00153 
   76   76    1    1    1    1    1    1    1    1  1.74213E+14 0.00165 
   77   77    1    1    1    1    1    1    1    1  1.39117E+14 0.00172 
   78   78    1    1    1    1    1    1    1    1  1.11381E+14 0.00129 
   79   79    1    1    1    1    1    1    1    1  1.15821E+14 0.00153 
   80   80    1    1    1    1    1    1    1    1  8.60789E+13 0.00175 
   81   81    1    1    1    1    1    1    1    1  6.64215E+13 0.00229 
   82   82    1    1    1    1    1    1    1    1  5.10617E+13 0.00200 
   83   83    1    1    1    1    1    1    1    1  4.76449E+13 0.00164 
   84   84    1    1    1    1    1    1    1    1  3.43808E+13 0.00272 
   85   85    1    1    1    1    1    1    1    1  2.46534E+13 0.00240 
   86   86    1    1    1    1    1    1    1    1  2.32309E+13 0.00382 
   87   87    1    1    1    1    1    1    1    1  1.42913E+13 0.00328 
   88   88    1    1    1    1    1    1    1    1  9.49122E+12 0.00472 
   89   89    1    1    1    1    1    1    1    1  5.42805E+12 0.00737 
   90   90    1    1    1    1    1    1    1    1  3.59935E+12 0.00810 
   91   91    1    1    1    1    1    1    1    1  1.83066E+12 0.00916 
   92   92    1    1    1    1    1    1    1    1  8.56528E+11 0.01261 
   93   93    1    1    1    1    1    1    1    1  3.95839E+11 0.02575 
   94   94    1    1    1    1    1    1    1    1  1.92527E+11 0.04272 
   95   95    1    1    1    1    1    1    1    1  9.80533E+10 0.07048 
   96   96    1    1    1    1    1    1    1    1  4.43959E+10 0.08851 
   97   97    1    1    1    1    1    1    1    1  1.77008E+10 0.09956 
   98   98    1    1    1    1    1    1    1    1  1.63504E+10 0.11775 
   99   99    1    1    1    1    1    1    1    1  3.67808E+09 0.19334 
  100  100    1    1    1    1    1    1    1    1  2.80877E+09 0.31499 
];


