
DETdpaspec = [
    1    1    1    1    1    1    1    1    1    1  0.00000E+00 0.00000 
    2    2    1    1    1    1    1    1    1    1  0.00000E+00 0.00000 
    3    3    1    1    1    1    1    1    1    1  0.00000E+00 0.00000 
    4    4    1    1    1    1    1    1    1    1  0.00000E+00 0.00000 
    5    5    1    1    1    1    1    1    1    1  0.00000E+00 0.00000 
    6    6    1    1    1    1    1    1    1    1  0.00000E+00 0.00000 
    7    7    1    1    1    1    1    1    1    1  0.00000E+00 0.00000 
    8    8    1    1    1    1    1    1    1    1  0.00000E+00 0.00000 
    9    9    1    1    1    1    1    1    1    1  0.00000E+00 0.00000 
   10   10    1    1    1    1    1    1    1    1  0.00000E+00 0.00000 
   11   11    1    1    1    1    1    1    1    1  0.00000E+00 0.00000 
   12   12    1    1    1    1    1    1    1    1  4.45474E+07 0.69618 
   13   13    1    1    1    1    1    1    1    1  2.51644E+08 0.80672 
   14   14    1    1    1    1    1    1    1    1  1.26880E+09 0.48858 
   15   15    1    1    1    1    1    1    1    1  2.11556E+08 0.76069 
   16   16    1    1    1    1    1    1    1    1  2.46222E+08 0.53532 
   17   17    1    1    1    1    1    1    1    1  1.07870E+09 0.21779 
   18   18    1    1    1    1    1    1    1    1  2.21222E+09 0.28040 
   19   19    1    1    1    1    1    1    1    1  2.92333E+09 0.23108 
   20   20    1    1    1    1    1    1    1    1  9.51678E+09 0.12594 
   21   21    1    1    1    1    1    1    1    1  7.02751E+09 0.15388 
   22   22    1    1    1    1    1    1    1    1  1.18833E+10 0.09665 
   23   23    1    1    1    1    1    1    1    1  2.11552E+10 0.11937 
   24   24    1    1    1    1    1    1    1    1  3.25540E+10 0.08427 
   25   25    1    1    1    1    1    1    1    1  4.55889E+10 0.06809 
   26   26    1    1    1    1    1    1    1    1  8.03948E+10 0.05970 
   27   27    1    1    1    1    1    1    1    1  1.64165E+11 0.03424 
   28   28    1    1    1    1    1    1    1    1  3.81873E+11 0.02915 
   29   29    1    1    1    1    1    1    1    1  6.87104E+11 0.02596 
   30   30    1    1    1    1    1    1    1    1  1.80908E+12 0.01328 
   31   31    1    1    1    1    1    1    1    1  5.38178E+12 0.00890 
   32   32    1    1    1    1    1    1    1    1  9.61171E+12 0.00464 
   33   33    1    1    1    1    1    1    1    1  2.27280E+13 0.00385 
   34   34    1    1    1    1    1    1    1    1  3.16014E+13 0.00255 
   35   35    1    1    1    1    1    1    1    1  3.91347E+13 0.00274 
   36   36    1    1    1    1    1    1    1    1  2.59911E+13 0.00259 
   37   37    1    1    1    1    1    1    1    1  7.85422E+12 0.00263 
   38   38    1    1    1    1    1    1    1    1  4.42381E+13 0.00202 
   39   39    1    1    1    1    1    1    1    1  5.95652E+13 0.00200 
   40   40    1    1    1    1    1    1    1    1  1.03114E+14 0.00129 
   41   41    1    1    1    1    1    1    1    1  1.02856E+14 0.00190 
   42   42    1    1    1    1    1    1    1    1  2.21336E+14 0.00150 
   43   43    1    1    1    1    1    1    1    1  2.68517E+14 0.00160 
   44   44    1    1    1    1    1    1    1    1  3.90787E+14 0.00089 
   45   45    1    1    1    1    1    1    1    1  7.89624E+14 0.00064 
   46   46    1    1    1    1    1    1    1    1  3.71920E+14 0.00119 
   47   47    1    1    1    1    1    1    1    1  5.97159E+14 0.00094 
   48   48    1    1    1    1    1    1    1    1  8.38651E+14 0.00083 
   49   49    1    1    1    1    1    1    1    1  8.30314E+14 0.00069 
   50   50    1    1    1    1    1    1    1    1  1.31596E+15 0.00066 
   51   51    1    1    1    1    1    1    1    1  1.05002E+15 0.00056 
   52   52    1    1    1    1    1    1    1    1  1.26817E+15 0.00055 
   53   53    1    1    1    1    1    1    1    1  8.86493E+14 0.00056 
   54   54    1    1    1    1    1    1    1    1  1.10171E+15 0.00064 
   55   55    1    1    1    1    1    1    1    1  7.62706E+14 0.00091 
   56   56    1    1    1    1    1    1    1    1  1.03595E+14 0.00115 
   57   57    1    1    1    1    1    1    1    1  1.52006E+15 0.00070 
   58   58    1    1    1    1    1    1    1    1  6.89574E+14 0.00100 
   59   59    1    1    1    1    1    1    1    1  7.36738E+14 0.00071 
   60   60    1    1    1    1    1    1    1    1  5.81990E+14 0.00088 
   61   61    1    1    1    1    1    1    1    1  5.83292E+14 0.00081 
   62   62    1    1    1    1    1    1    1    1  6.09471E+14 0.00072 
   63   63    1    1    1    1    1    1    1    1  5.16821E+14 0.00082 
   64   64    1    1    1    1    1    1    1    1  4.13495E+14 0.00077 
   65   65    1    1    1    1    1    1    1    1  4.12049E+14 0.00117 
   66   66    1    1    1    1    1    1    1    1  2.99701E+14 0.00106 
   67   67    1    1    1    1    1    1    1    1  2.43943E+14 0.00125 
   68   68    1    1    1    1    1    1    1    1  2.18520E+14 0.00104 
   69   69    1    1    1    1    1    1    1    1  2.63112E+14 0.00098 
   70   70    1    1    1    1    1    1    1    1  2.24452E+14 0.00094 
   71   71    1    1    1    1    1    1    1    1  4.08163E+14 0.00081 
   72   72    1    1    1    1    1    1    1    1  2.89792E+14 0.00080 
   73   73    1    1    1    1    1    1    1    1  2.19433E+14 0.00107 
   74   74    1    1    1    1    1    1    1    1  1.78106E+14 0.00127 
   75   75    1    1    1    1    1    1    1    1  1.48538E+14 0.00140 
   76   76    1    1    1    1    1    1    1    1  1.73673E+14 0.00132 
   77   77    1    1    1    1    1    1    1    1  1.38242E+14 0.00128 
   78   78    1    1    1    1    1    1    1    1  1.10627E+14 0.00129 
   79   79    1    1    1    1    1    1    1    1  1.14259E+14 0.00160 
   80   80    1    1    1    1    1    1    1    1  8.52719E+13 0.00168 
   81   81    1    1    1    1    1    1    1    1  6.53867E+13 0.00217 
   82   82    1    1    1    1    1    1    1    1  5.05678E+13 0.00187 
   83   83    1    1    1    1    1    1    1    1  4.71157E+13 0.00263 
   84   84    1    1    1    1    1    1    1    1  3.40320E+13 0.00232 
   85   85    1    1    1    1    1    1    1    1  2.43716E+13 0.00303 
   86   86    1    1    1    1    1    1    1    1  2.28197E+13 0.00317 
   87   87    1    1    1    1    1    1    1    1  1.41948E+13 0.00382 
   88   88    1    1    1    1    1    1    1    1  9.48885E+12 0.00589 
   89   89    1    1    1    1    1    1    1    1  5.39899E+12 0.00547 
   90   90    1    1    1    1    1    1    1    1  3.55586E+12 0.00655 
   91   91    1    1    1    1    1    1    1    1  1.82046E+12 0.00744 
   92   92    1    1    1    1    1    1    1    1  8.75959E+11 0.02070 
   93   93    1    1    1    1    1    1    1    1  4.19777E+11 0.02682 
   94   94    1    1    1    1    1    1    1    1  2.01520E+11 0.03915 
   95   95    1    1    1    1    1    1    1    1  9.82158E+10 0.05181 
   96   96    1    1    1    1    1    1    1    1  4.39790E+10 0.07118 
   97   97    1    1    1    1    1    1    1    1  2.15000E+10 0.11636 
   98   98    1    1    1    1    1    1    1    1  1.27994E+10 0.10857 
   99   99    1    1    1    1    1    1    1    1  5.34786E+09 0.21810 
  100  100    1    1    1    1    1    1    1    1  3.79027E+09 0.26223 
];


