
DETdpaspec = [
    1    1    1    1    1    1    1    1    1    1  0.00000E+00 0.00000 
    2    2    1    1    1    1    1    1    1    1  0.00000E+00 0.00000 
    3    3    1    1    1    1    1    1    1    1  0.00000E+00 0.00000 
    4    4    1    1    1    1    1    1    1    1  0.00000E+00 0.00000 
    5    5    1    1    1    1    1    1    1    1  0.00000E+00 0.00000 
    6    6    1    1    1    1    1    1    1    1  0.00000E+00 0.00000 
    7    7    1    1    1    1    1    1    1    1  0.00000E+00 0.00000 
    8    8    1    1    1    1    1    1    1    1  0.00000E+00 0.00000 
    9    9    1    1    1    1    1    1    1    1  0.00000E+00 0.00000 
   10   10    1    1    1    1    1    1    1    1  0.00000E+00 0.00000 
   11   11    1    1    1    1    1    1    1    1  7.00959E+07 0.68836 
   12   12    1    1    1    1    1    1    1    1  4.04530E+06 1.00000 
   13   13    1    1    1    1    1    1    1    1  3.67185E+08 0.52314 
   14   14    1    1    1    1    1    1    1    1  1.86706E+09 0.47086 
   15   15    1    1    1    1    1    1    1    1  1.05432E+09 0.54629 
   16   16    1    1    1    1    1    1    1    1  8.87763E+08 0.32456 
   17   17    1    1    1    1    1    1    1    1  8.52332E+08 0.43265 
   18   18    1    1    1    1    1    1    1    1  1.74305E+09 0.28338 
   19   19    1    1    1    1    1    1    1    1  2.28532E+09 0.29714 
   20   20    1    1    1    1    1    1    1    1  5.72731E+09 0.20995 
   21   21    1    1    1    1    1    1    1    1  4.95507E+09 0.21808 
   22   22    1    1    1    1    1    1    1    1  1.34220E+10 0.11847 
   23   23    1    1    1    1    1    1    1    1  1.88163E+10 0.10127 
   24   24    1    1    1    1    1    1    1    1  3.32499E+10 0.08985 
   25   25    1    1    1    1    1    1    1    1  4.62198E+10 0.07408 
   26   26    1    1    1    1    1    1    1    1  8.59205E+10 0.05547 
   27   27    1    1    1    1    1    1    1    1  1.67402E+11 0.03572 
   28   28    1    1    1    1    1    1    1    1  4.00330E+11 0.02321 
   29   29    1    1    1    1    1    1    1    1  7.03546E+11 0.01883 
   30   30    1    1    1    1    1    1    1    1  1.84378E+12 0.01078 
   31   31    1    1    1    1    1    1    1    1  5.45315E+12 0.00856 
   32   32    1    1    1    1    1    1    1    1  9.74760E+12 0.00399 
   33   33    1    1    1    1    1    1    1    1  2.30998E+13 0.00359 
   34   34    1    1    1    1    1    1    1    1  3.21932E+13 0.00334 
   35   35    1    1    1    1    1    1    1    1  3.97328E+13 0.00319 
   36   36    1    1    1    1    1    1    1    1  2.61620E+13 0.00236 
   37   37    1    1    1    1    1    1    1    1  7.92099E+12 0.00280 
   38   38    1    1    1    1    1    1    1    1  4.47188E+13 0.00168 
   39   39    1    1    1    1    1    1    1    1  6.01673E+13 0.00212 
   40   40    1    1    1    1    1    1    1    1  1.04163E+14 0.00143 
   41   41    1    1    1    1    1    1    1    1  1.03770E+14 0.00169 
   42   42    1    1    1    1    1    1    1    1  2.22771E+14 0.00138 
   43   43    1    1    1    1    1    1    1    1  2.70845E+14 0.00113 
   44   44    1    1    1    1    1    1    1    1  3.93632E+14 0.00093 
   45   45    1    1    1    1    1    1    1    1  7.92703E+14 0.00058 
   46   46    1    1    1    1    1    1    1    1  3.73350E+14 0.00104 
   47   47    1    1    1    1    1    1    1    1  5.99181E+14 0.00077 
   48   48    1    1    1    1    1    1    1    1  8.42433E+14 0.00077 
   49   49    1    1    1    1    1    1    1    1  8.32867E+14 0.00062 
   50   50    1    1    1    1    1    1    1    1  1.32009E+15 0.00061 
   51   51    1    1    1    1    1    1    1    1  1.05162E+15 0.00069 
   52   52    1    1    1    1    1    1    1    1  1.27043E+15 0.00035 
   53   53    1    1    1    1    1    1    1    1  8.87868E+14 0.00043 
   54   54    1    1    1    1    1    1    1    1  1.10333E+15 0.00054 
   55   55    1    1    1    1    1    1    1    1  7.63281E+14 0.00051 
   56   56    1    1    1    1    1    1    1    1  1.03987E+14 0.00104 
   57   57    1    1    1    1    1    1    1    1  1.52320E+15 0.00049 
   58   58    1    1    1    1    1    1    1    1  6.90651E+14 0.00042 
   59   59    1    1    1    1    1    1    1    1  7.36984E+14 0.00068 
   60   60    1    1    1    1    1    1    1    1  5.81945E+14 0.00088 
   61   61    1    1    1    1    1    1    1    1  5.84800E+14 0.00054 
   62   62    1    1    1    1    1    1    1    1  6.10349E+14 0.00087 
   63   63    1    1    1    1    1    1    1    1  5.17800E+14 0.00077 
   64   64    1    1    1    1    1    1    1    1  4.14045E+14 0.00054 
   65   65    1    1    1    1    1    1    1    1  4.12739E+14 0.00080 
   66   66    1    1    1    1    1    1    1    1  3.00554E+14 0.00080 
   67   67    1    1    1    1    1    1    1    1  2.44874E+14 0.00113 
   68   68    1    1    1    1    1    1    1    1  2.19493E+14 0.00073 
   69   69    1    1    1    1    1    1    1    1  2.63604E+14 0.00099 
   70   70    1    1    1    1    1    1    1    1  2.24786E+14 0.00129 
   71   71    1    1    1    1    1    1    1    1  4.08431E+14 0.00085 
   72   72    1    1    1    1    1    1    1    1  2.90235E+14 0.00095 
   73   73    1    1    1    1    1    1    1    1  2.19693E+14 0.00100 
   74   74    1    1    1    1    1    1    1    1  1.78350E+14 0.00147 
   75   75    1    1    1    1    1    1    1    1  1.48898E+14 0.00145 
   76   76    1    1    1    1    1    1    1    1  1.74026E+14 0.00143 
   77   77    1    1    1    1    1    1    1    1  1.38558E+14 0.00137 
   78   78    1    1    1    1    1    1    1    1  1.10964E+14 0.00157 
   79   79    1    1    1    1    1    1    1    1  1.15002E+14 0.00160 
   80   80    1    1    1    1    1    1    1    1  8.54409E+13 0.00200 
   81   81    1    1    1    1    1    1    1    1  6.58518E+13 0.00185 
   82   82    1    1    1    1    1    1    1    1  5.03891E+13 0.00334 
   83   83    1    1    1    1    1    1    1    1  4.71585E+13 0.00230 
   84   84    1    1    1    1    1    1    1    1  3.40229E+13 0.00251 
   85   85    1    1    1    1    1    1    1    1  2.45623E+13 0.00274 
   86   86    1    1    1    1    1    1    1    1  2.28454E+13 0.00350 
   87   87    1    1    1    1    1    1    1    1  1.41701E+13 0.00446 
   88   88    1    1    1    1    1    1    1    1  9.45589E+12 0.00512 
   89   89    1    1    1    1    1    1    1    1  5.41261E+12 0.00618 
   90   90    1    1    1    1    1    1    1    1  3.59758E+12 0.00698 
   91   91    1    1    1    1    1    1    1    1  1.80485E+12 0.00961 
   92   92    1    1    1    1    1    1    1    1  8.83945E+11 0.01239 
   93   93    1    1    1    1    1    1    1    1  4.22698E+11 0.01451 
   94   94    1    1    1    1    1    1    1    1  2.12796E+11 0.03145 
   95   95    1    1    1    1    1    1    1    1  9.78686E+10 0.04275 
   96   96    1    1    1    1    1    1    1    1  3.98567E+10 0.06821 
   97   97    1    1    1    1    1    1    1    1  2.32765E+10 0.09875 
   98   98    1    1    1    1    1    1    1    1  1.25355E+10 0.13183 
   99   99    1    1    1    1    1    1    1    1  4.77612E+09 0.26221 
  100  100    1    1    1    1    1    1    1    1  6.21068E+09 0.22303 
];


