
DETdpaspec = [
    1    1    1    1    1    1    1    1    1    1  0.00000E+00 0.00000 
    2    2    1    1    1    1    1    1    1    1  0.00000E+00 0.00000 
    3    3    1    1    1    1    1    1    1    1  0.00000E+00 0.00000 
    4    4    1    1    1    1    1    1    1    1  0.00000E+00 0.00000 
    5    5    1    1    1    1    1    1    1    1  0.00000E+00 0.00000 
    6    6    1    1    1    1    1    1    1    1  0.00000E+00 0.00000 
    7    7    1    1    1    1    1    1    1    1  0.00000E+00 0.00000 
    8    8    1    1    1    1    1    1    1    1  0.00000E+00 0.00000 
    9    9    1    1    1    1    1    1    1    1  0.00000E+00 0.00000 
   10   10    1    1    1    1    1    1    1    1  7.42584E+07 1.00000 
   11   11    1    1    1    1    1    1    1    1  1.69860E+08 1.00000 
   12   12    1    1    1    1    1    1    1    1  4.37165E+07 1.00000 
   13   13    1    1    1    1    1    1    1    1  8.30275E+08 0.82148 
   14   14    1    1    1    1    1    1    1    1  2.18000E+08 1.00000 
   15   15    1    1    1    1    1    1    1    1  1.22599E+09 0.62508 
   16   16    1    1    1    1    1    1    1    1  2.47904E+08 0.72844 
   17   17    1    1    1    1    1    1    1    1  3.40847E+08 0.85708 
   18   18    1    1    1    1    1    1    1    1  1.47991E+08 0.54843 
   19   19    1    1    1    1    1    1    1    1  1.90551E+09 0.32430 
   20   20    1    1    1    1    1    1    1    1  3.83542E+09 0.17361 
   21   21    1    1    1    1    1    1    1    1  2.80360E+09 0.27126 
   22   22    1    1    1    1    1    1    1    1  1.12390E+10 0.12768 
   23   23    1    1    1    1    1    1    1    1  3.93790E+10 0.07337 
   24   24    1    1    1    1    1    1    1    1  1.13780E+11 0.03696 
   25   25    1    1    1    1    1    1    1    1  2.00880E+11 0.03241 
   26   26    1    1    1    1    1    1    1    1  4.45175E+11 0.02913 
   27   27    1    1    1    1    1    1    1    1  9.56503E+11 0.01215 
   28   28    1    1    1    1    1    1    1    1  2.02882E+12 0.00885 
   29   29    1    1    1    1    1    1    1    1  3.35618E+12 0.00782 
   30   30    1    1    1    1    1    1    1    1  6.83646E+12 0.00578 
   31   31    1    1    1    1    1    1    1    1  1.52156E+13 0.00365 
   32   32    1    1    1    1    1    1    1    1  2.30465E+13 0.00311 
   33   33    1    1    1    1    1    1    1    1  4.67758E+13 0.00222 
   34   34    1    1    1    1    1    1    1    1  5.90574E+13 0.00220 
   35   35    1    1    1    1    1    1    1    1  6.19086E+13 0.00209 
   36   36    1    1    1    1    1    1    1    1  3.75293E+13 0.00180 
   37   37    1    1    1    1    1    1    1    1  1.09705E+13 0.00212 
   38   38    1    1    1    1    1    1    1    1  6.26189E+13 0.00163 
   39   39    1    1    1    1    1    1    1    1  8.25171E+13 0.00172 
   40   40    1    1    1    1    1    1    1    1  1.39997E+14 0.00111 
   41   41    1    1    1    1    1    1    1    1  1.34196E+14 0.00119 
   42   42    1    1    1    1    1    1    1    1  2.86798E+14 0.00129 
   43   43    1    1    1    1    1    1    1    1  3.41074E+14 0.00090 
   44   44    1    1    1    1    1    1    1    1  4.83749E+14 0.00090 
   45   45    1    1    1    1    1    1    1    1  9.49097E+14 0.00074 
   46   46    1    1    1    1    1    1    1    1  4.29278E+14 0.00073 
   47   47    1    1    1    1    1    1    1    1  6.76201E+14 0.00082 
   48   48    1    1    1    1    1    1    1    1  9.29707E+14 0.00050 
   49   49    1    1    1    1    1    1    1    1  9.02596E+14 0.00053 
   50   50    1    1    1    1    1    1    1    1  1.41200E+15 0.00054 
   51   51    1    1    1    1    1    1    1    1  1.09178E+15 0.00052 
   52   52    1    1    1    1    1    1    1    1  1.31552E+15 0.00060 
   53   53    1    1    1    1    1    1    1    1  9.03769E+14 0.00068 
   54   54    1    1    1    1    1    1    1    1  1.12459E+15 0.00051 
   55   55    1    1    1    1    1    1    1    1  7.69213E+14 0.00057 
   56   56    1    1    1    1    1    1    1    1  1.03858E+14 0.00135 
   57   57    1    1    1    1    1    1    1    1  1.51622E+15 0.00049 
   58   58    1    1    1    1    1    1    1    1  6.92918E+14 0.00056 
   59   59    1    1    1    1    1    1    1    1  7.30006E+14 0.00055 
   60   60    1    1    1    1    1    1    1    1  5.80107E+14 0.00061 
   61   61    1    1    1    1    1    1    1    1  5.78260E+14 0.00063 
   62   62    1    1    1    1    1    1    1    1  6.00718E+14 0.00074 
   63   63    1    1    1    1    1    1    1    1  5.07098E+14 0.00092 
   64   64    1    1    1    1    1    1    1    1  4.03197E+14 0.00070 
   65   65    1    1    1    1    1    1    1    1  4.00810E+14 0.00107 
   66   66    1    1    1    1    1    1    1    1  2.90218E+14 0.00106 
   67   67    1    1    1    1    1    1    1    1  2.34514E+14 0.00151 
   68   68    1    1    1    1    1    1    1    1  2.09243E+14 0.00089 
   69   69    1    1    1    1    1    1    1    1  2.50244E+14 0.00103 
   70   70    1    1    1    1    1    1    1    1  2.12354E+14 0.00130 
   71   71    1    1    1    1    1    1    1    1  3.79251E+14 0.00071 
   72   72    1    1    1    1    1    1    1    1  2.67097E+14 0.00124 
   73   73    1    1    1    1    1    1    1    1  2.01441E+14 0.00194 
   74   74    1    1    1    1    1    1    1    1  1.64066E+14 0.00147 
   75   75    1    1    1    1    1    1    1    1  1.37957E+14 0.00180 
   76   76    1    1    1    1    1    1    1    1  1.62226E+14 0.00116 
   77   77    1    1    1    1    1    1    1    1  1.29852E+14 0.00147 
   78   78    1    1    1    1    1    1    1    1  1.04250E+14 0.00145 
   79   79    1    1    1    1    1    1    1    1  1.08130E+14 0.00120 
   80   80    1    1    1    1    1    1    1    1  8.03305E+13 0.00152 
   81   81    1    1    1    1    1    1    1    1  6.20058E+13 0.00174 
   82   82    1    1    1    1    1    1    1    1  4.74451E+13 0.00221 
   83   83    1    1    1    1    1    1    1    1  4.43005E+13 0.00184 
   84   84    1    1    1    1    1    1    1    1  3.17332E+13 0.00286 
   85   85    1    1    1    1    1    1    1    1  2.27873E+13 0.00305 
   86   86    1    1    1    1    1    1    1    1  2.11024E+13 0.00383 
   87   87    1    1    1    1    1    1    1    1  1.29737E+13 0.00377 
   88   88    1    1    1    1    1    1    1    1  8.67236E+12 0.00622 
   89   89    1    1    1    1    1    1    1    1  4.91081E+12 0.00725 
   90   90    1    1    1    1    1    1    1    1  3.20855E+12 0.00807 
   91   91    1    1    1    1    1    1    1    1  1.58647E+12 0.01175 
   92   92    1    1    1    1    1    1    1    1  7.74747E+11 0.01244 
   93   93    1    1    1    1    1    1    1    1  3.92016E+11 0.02366 
   94   94    1    1    1    1    1    1    1    1  1.71604E+11 0.03000 
   95   95    1    1    1    1    1    1    1    1  8.25544E+10 0.04360 
   96   96    1    1    1    1    1    1    1    1  4.32307E+10 0.06587 
   97   97    1    1    1    1    1    1    1    1  1.97394E+10 0.12628 
   98   98    1    1    1    1    1    1    1    1  6.93159E+09 0.16186 
   99   99    1    1    1    1    1    1    1    1  4.02313E+09 0.22476 
  100  100    1    1    1    1    1    1    1    1  4.14493E+09 0.25295 
];


