
DETdpaspec = [
    1    1    1    1    1    1    1    1    1    1  0.00000E+00 0.00000 
    2    2    1    1    1    1    1    1    1    1  0.00000E+00 0.00000 
    3    3    1    1    1    1    1    1    1    1  0.00000E+00 0.00000 
    4    4    1    1    1    1    1    1    1    1  0.00000E+00 0.00000 
    5    5    1    1    1    1    1    1    1    1  0.00000E+00 0.00000 
    6    6    1    1    1    1    1    1    1    1  0.00000E+00 0.00000 
    7    7    1    1    1    1    1    1    1    1  0.00000E+00 0.00000 
    8    8    1    1    1    1    1    1    1    1  0.00000E+00 0.00000 
    9    9    1    1    1    1    1    1    1    1  0.00000E+00 0.00000 
   10   10    1    1    1    1    1    1    1    1  0.00000E+00 0.00000 
   11   11    1    1    1    1    1    1    1    1  0.00000E+00 0.00000 
   12   12    1    1    1    1    1    1    1    1  2.27612E+08 0.79759 
   13   13    1    1    1    1    1    1    1    1  1.03119E+08 0.68842 
   14   14    1    1    1    1    1    1    1    1  6.16144E+08 0.49965 
   15   15    1    1    1    1    1    1    1    1  1.61059E+08 1.00000 
   16   16    1    1    1    1    1    1    1    1  1.44933E+08 1.00000 
   17   17    1    1    1    1    1    1    1    1  2.33124E+08 0.57603 
   18   18    1    1    1    1    1    1    1    1  7.43965E+08 0.38169 
   19   19    1    1    1    1    1    1    1    1  2.37386E+08 0.67042 
   20   20    1    1    1    1    1    1    1    1  3.34863E+09 0.27684 
   21   21    1    1    1    1    1    1    1    1  8.00282E+09 0.16476 
   22   22    1    1    1    1    1    1    1    1  4.07545E+10 0.08798 
   23   23    1    1    1    1    1    1    1    1  1.54056E+11 0.04112 
   24   24    1    1    1    1    1    1    1    1  4.25835E+11 0.02850 
   25   25    1    1    1    1    1    1    1    1  6.60660E+11 0.01735 
   26   26    1    1    1    1    1    1    1    1  1.30594E+12 0.01738 
   27   27    1    1    1    1    1    1    1    1  2.38858E+12 0.01034 
   28   28    1    1    1    1    1    1    1    1  4.27268E+12 0.00945 
   29   29    1    1    1    1    1    1    1    1  6.37876E+12 0.00726 
   30   30    1    1    1    1    1    1    1    1  1.17867E+13 0.00477 
   31   31    1    1    1    1    1    1    1    1  2.28537E+13 0.00307 
   32   32    1    1    1    1    1    1    1    1  3.20972E+13 0.00265 
   33   33    1    1    1    1    1    1    1    1  6.10602E+13 0.00235 
   34   34    1    1    1    1    1    1    1    1  7.31054E+13 0.00179 
   35   35    1    1    1    1    1    1    1    1  7.33361E+13 0.00161 
   36   36    1    1    1    1    1    1    1    1  4.31441E+13 0.00135 
   37   37    1    1    1    1    1    1    1    1  1.24788E+13 0.00182 
   38   38    1    1    1    1    1    1    1    1  7.11263E+13 0.00151 
   39   39    1    1    1    1    1    1    1    1  9.31974E+13 0.00111 
   40   40    1    1    1    1    1    1    1    1  1.56772E+14 0.00103 
   41   41    1    1    1    1    1    1    1    1  1.48085E+14 0.00097 
   42   42    1    1    1    1    1    1    1    1  3.14930E+14 0.00080 
   43   43    1    1    1    1    1    1    1    1  3.70816E+14 0.00096 
   44   44    1    1    1    1    1    1    1    1  5.19843E+14 0.00077 
   45   45    1    1    1    1    1    1    1    1  1.00319E+15 0.00069 
   46   46    1    1    1    1    1    1    1    1  4.46991E+14 0.00059 
   47   47    1    1    1    1    1    1    1    1  6.99378E+14 0.00054 
   48   48    1    1    1    1    1    1    1    1  9.52357E+14 0.00082 
   49   49    1    1    1    1    1    1    1    1  9.16171E+14 0.00064 
   50   50    1    1    1    1    1    1    1    1  1.42246E+15 0.00058 
   51   51    1    1    1    1    1    1    1    1  1.08697E+15 0.00046 
   52   52    1    1    1    1    1    1    1    1  1.30475E+15 0.00040 
   53   53    1    1    1    1    1    1    1    1  8.88755E+14 0.00055 
   54   54    1    1    1    1    1    1    1    1  1.09952E+15 0.00043 
   55   55    1    1    1    1    1    1    1    1  7.49334E+14 0.00062 
   56   56    1    1    1    1    1    1    1    1  1.00942E+14 0.00100 
   57   57    1    1    1    1    1    1    1    1  1.46890E+15 0.00046 
   58   58    1    1    1    1    1    1    1    1  6.68931E+14 0.00048 
   59   59    1    1    1    1    1    1    1    1  7.02247E+14 0.00081 
   60   60    1    1    1    1    1    1    1    1  5.56317E+14 0.00085 
   61   61    1    1    1    1    1    1    1    1  5.52831E+14 0.00078 
   62   62    1    1    1    1    1    1    1    1  5.73750E+14 0.00069 
   63   63    1    1    1    1    1    1    1    1  4.81923E+14 0.00086 
   64   64    1    1    1    1    1    1    1    1  3.82212E+14 0.00107 
   65   65    1    1    1    1    1    1    1    1  3.78431E+14 0.00101 
   66   66    1    1    1    1    1    1    1    1  2.73398E+14 0.00113 
   67   67    1    1    1    1    1    1    1    1  2.19850E+14 0.00123 
   68   68    1    1    1    1    1    1    1    1  1.95723E+14 0.00134 
   69   69    1    1    1    1    1    1    1    1  2.33357E+14 0.00129 
   70   70    1    1    1    1    1    1    1    1  1.97348E+14 0.00117 
   71   71    1    1    1    1    1    1    1    1  3.50788E+14 0.00137 
   72   72    1    1    1    1    1    1    1    1  2.45675E+14 0.00128 
   73   73    1    1    1    1    1    1    1    1  1.84610E+14 0.00190 
   74   74    1    1    1    1    1    1    1    1  1.50250E+14 0.00154 
   75   75    1    1    1    1    1    1    1    1  1.26180E+14 0.00129 
   76   76    1    1    1    1    1    1    1    1  1.47959E+14 0.00121 
   77   77    1    1    1    1    1    1    1    1  1.18141E+14 0.00124 
   78   78    1    1    1    1    1    1    1    1  9.49530E+13 0.00198 
   79   79    1    1    1    1    1    1    1    1  9.80960E+13 0.00196 
   80   80    1    1    1    1    1    1    1    1  7.27127E+13 0.00205 
   81   81    1    1    1    1    1    1    1    1  5.57463E+13 0.00208 
   82   82    1    1    1    1    1    1    1    1  4.26267E+13 0.00252 
   83   83    1    1    1    1    1    1    1    1  3.96211E+13 0.00252 
   84   84    1    1    1    1    1    1    1    1  2.82615E+13 0.00327 
   85   85    1    1    1    1    1    1    1    1  2.03192E+13 0.00388 
   86   86    1    1    1    1    1    1    1    1  1.88315E+13 0.00328 
   87   87    1    1    1    1    1    1    1    1  1.14108E+13 0.00371 
   88   88    1    1    1    1    1    1    1    1  7.50031E+12 0.00550 
   89   89    1    1    1    1    1    1    1    1  4.26965E+12 0.00820 
   90   90    1    1    1    1    1    1    1    1  2.78788E+12 0.00850 
   91   91    1    1    1    1    1    1    1    1  1.34839E+12 0.01125 
   92   92    1    1    1    1    1    1    1    1  6.60670E+11 0.02068 
   93   93    1    1    1    1    1    1    1    1  3.11593E+11 0.03857 
   94   94    1    1    1    1    1    1    1    1  1.42000E+11 0.03075 
   95   95    1    1    1    1    1    1    1    1  7.20235E+10 0.05723 
   96   96    1    1    1    1    1    1    1    1  3.16121E+10 0.07665 
   97   97    1    1    1    1    1    1    1    1  1.49773E+10 0.09128 
   98   98    1    1    1    1    1    1    1    1  7.04212E+09 0.24173 
   99   99    1    1    1    1    1    1    1    1  3.20596E+09 0.28653 
  100  100    1    1    1    1    1    1    1    1  2.10664E+09 0.32865 
];


