
DETdpaspec = [
    1    1    1    1    1    1    1    1    1    1  0.00000E+00 0.00000 
    2    2    1    1    1    1    1    1    1    1  0.00000E+00 0.00000 
    3    3    1    1    1    1    1    1    1    1  0.00000E+00 0.00000 
    4    4    1    1    1    1    1    1    1    1  0.00000E+00 0.00000 
    5    5    1    1    1    1    1    1    1    1  0.00000E+00 0.00000 
    6    6    1    1    1    1    1    1    1    1  0.00000E+00 0.00000 
    7    7    1    1    1    1    1    1    1    1  0.00000E+00 0.00000 
    8    8    1    1    1    1    1    1    1    1  0.00000E+00 0.00000 
    9    9    1    1    1    1    1    1    1    1  0.00000E+00 0.00000 
   10   10    1    1    1    1    1    1    1    1  0.00000E+00 0.00000 
   11   11    1    1    1    1    1    1    1    1  0.00000E+00 0.00000 
   12   12    1    1    1    1    1    1    1    1  3.06037E+06 1.00000 
   13   13    1    1    1    1    1    1    1    1  4.29499E+08 0.72277 
   14   14    1    1    1    1    1    1    1    1  3.32507E+08 0.48723 
   15   15    1    1    1    1    1    1    1    1  1.42447E+09 0.41712 
   16   16    1    1    1    1    1    1    1    1  4.85623E+08 0.36556 
   17   17    1    1    1    1    1    1    1    1  9.63656E+08 0.31855 
   18   18    1    1    1    1    1    1    1    1  1.38394E+09 0.28875 
   19   19    1    1    1    1    1    1    1    1  2.13522E+09 0.17626 
   20   20    1    1    1    1    1    1    1    1  8.62143E+09 0.18574 
   21   21    1    1    1    1    1    1    1    1  5.18868E+09 0.11827 
   22   22    1    1    1    1    1    1    1    1  1.42705E+10 0.12590 
   23   23    1    1    1    1    1    1    1    1  2.21328E+10 0.08332 
   24   24    1    1    1    1    1    1    1    1  4.15414E+10 0.06578 
   25   25    1    1    1    1    1    1    1    1  5.49240E+10 0.08026 
   26   26    1    1    1    1    1    1    1    1  8.32723E+10 0.05707 
   27   27    1    1    1    1    1    1    1    1  1.42071E+11 0.04928 
   28   28    1    1    1    1    1    1    1    1  3.63301E+11 0.03625 
   29   29    1    1    1    1    1    1    1    1  6.09899E+11 0.02109 
   30   30    1    1    1    1    1    1    1    1  1.64537E+12 0.01100 
   31   31    1    1    1    1    1    1    1    1  4.92337E+12 0.00903 
   32   32    1    1    1    1    1    1    1    1  8.96148E+12 0.00544 
   33   33    1    1    1    1    1    1    1    1  2.11866E+13 0.00373 
   34   34    1    1    1    1    1    1    1    1  2.95666E+13 0.00293 
   35   35    1    1    1    1    1    1    1    1  3.74904E+13 0.00216 
   36   36    1    1    1    1    1    1    1    1  2.51844E+13 0.00199 
   37   37    1    1    1    1    1    1    1    1  7.65666E+12 0.00246 
   38   38    1    1    1    1    1    1    1    1  4.30735E+13 0.00241 
   39   39    1    1    1    1    1    1    1    1  5.80369E+13 0.00173 
   40   40    1    1    1    1    1    1    1    1  1.00429E+14 0.00174 
   41   41    1    1    1    1    1    1    1    1  1.00800E+14 0.00145 
   42   42    1    1    1    1    1    1    1    1  2.16392E+14 0.00111 
   43   43    1    1    1    1    1    1    1    1  2.62990E+14 0.00108 
   44   44    1    1    1    1    1    1    1    1  3.83531E+14 0.00094 
   45   45    1    1    1    1    1    1    1    1  7.74184E+14 0.00073 
   46   46    1    1    1    1    1    1    1    1  3.66156E+14 0.00101 
   47   47    1    1    1    1    1    1    1    1  5.89891E+14 0.00078 
   48   48    1    1    1    1    1    1    1    1  8.30141E+14 0.00072 
   49   49    1    1    1    1    1    1    1    1  8.23604E+14 0.00066 
   50   50    1    1    1    1    1    1    1    1  1.30466E+15 0.00063 
   51   51    1    1    1    1    1    1    1    1  1.04352E+15 0.00083 
   52   52    1    1    1    1    1    1    1    1  1.25751E+15 0.00068 
   53   53    1    1    1    1    1    1    1    1  8.82608E+14 0.00064 
   54   54    1    1    1    1    1    1    1    1  1.09264E+15 0.00058 
   55   55    1    1    1    1    1    1    1    1  7.56813E+14 0.00051 
   56   56    1    1    1    1    1    1    1    1  1.03066E+14 0.00102 
   57   57    1    1    1    1    1    1    1    1  1.51014E+15 0.00039 
   58   58    1    1    1    1    1    1    1    1  6.83265E+14 0.00060 
   59   59    1    1    1    1    1    1    1    1  7.30481E+14 0.00054 
   60   60    1    1    1    1    1    1    1    1  5.75293E+14 0.00070 
   61   61    1    1    1    1    1    1    1    1  5.77532E+14 0.00065 
   62   62    1    1    1    1    1    1    1    1  6.03555E+14 0.00065 
   63   63    1    1    1    1    1    1    1    1  5.10824E+14 0.00062 
   64   64    1    1    1    1    1    1    1    1  4.08357E+14 0.00068 
   65   65    1    1    1    1    1    1    1    1  4.08358E+14 0.00083 
   66   66    1    1    1    1    1    1    1    1  2.96933E+14 0.00095 
   67   67    1    1    1    1    1    1    1    1  2.42081E+14 0.00134 
   68   68    1    1    1    1    1    1    1    1  2.17448E+14 0.00063 
   69   69    1    1    1    1    1    1    1    1  2.61681E+14 0.00094 
   70   70    1    1    1    1    1    1    1    1  2.24005E+14 0.00118 
   71   71    1    1    1    1    1    1    1    1  4.07173E+14 0.00111 
   72   72    1    1    1    1    1    1    1    1  2.89389E+14 0.00128 
   73   73    1    1    1    1    1    1    1    1  2.18970E+14 0.00117 
   74   74    1    1    1    1    1    1    1    1  1.77350E+14 0.00116 
   75   75    1    1    1    1    1    1    1    1  1.48177E+14 0.00148 
   76   76    1    1    1    1    1    1    1    1  1.72071E+14 0.00111 
   77   77    1    1    1    1    1    1    1    1  1.36709E+14 0.00134 
   78   78    1    1    1    1    1    1    1    1  1.09238E+14 0.00159 
   79   79    1    1    1    1    1    1    1    1  1.13258E+14 0.00125 
   80   80    1    1    1    1    1    1    1    1  8.38959E+13 0.00200 
   81   81    1    1    1    1    1    1    1    1  6.46597E+13 0.00272 
   82   82    1    1    1    1    1    1    1    1  4.97339E+13 0.00250 
   83   83    1    1    1    1    1    1    1    1  4.66051E+13 0.00196 
   84   84    1    1    1    1    1    1    1    1  3.34118E+13 0.00255 
   85   85    1    1    1    1    1    1    1    1  2.40867E+13 0.00204 
   86   86    1    1    1    1    1    1    1    1  2.26204E+13 0.00359 
   87   87    1    1    1    1    1    1    1    1  1.38454E+13 0.00360 
   88   88    1    1    1    1    1    1    1    1  9.40120E+12 0.00505 
   89   89    1    1    1    1    1    1    1    1  5.34181E+12 0.00764 
   90   90    1    1    1    1    1    1    1    1  3.54222E+12 0.00788 
   91   91    1    1    1    1    1    1    1    1  1.78007E+12 0.01234 
   92   92    1    1    1    1    1    1    1    1  8.90460E+11 0.01781 
   93   93    1    1    1    1    1    1    1    1  4.24844E+11 0.02823 
   94   94    1    1    1    1    1    1    1    1  1.93006E+11 0.02700 
   95   95    1    1    1    1    1    1    1    1  9.90352E+10 0.05363 
   96   96    1    1    1    1    1    1    1    1  5.12068E+10 0.07691 
   97   97    1    1    1    1    1    1    1    1  2.25018E+10 0.08622 
   98   98    1    1    1    1    1    1    1    1  1.11783E+10 0.18458 
   99   99    1    1    1    1    1    1    1    1  5.43537E+09 0.19482 
  100  100    1    1    1    1    1    1    1    1  5.59692E+09 0.14268 
];


