
DETdpaspec = [
    1    1    1    1    1    1    1    1    1    1  0.00000E+00 0.00000 
    2    2    1    1    1    1    1    1    1    1  0.00000E+00 0.00000 
    3    3    1    1    1    1    1    1    1    1  0.00000E+00 0.00000 
    4    4    1    1    1    1    1    1    1    1  0.00000E+00 0.00000 
    5    5    1    1    1    1    1    1    1    1  0.00000E+00 0.00000 
    6    6    1    1    1    1    1    1    1    1  0.00000E+00 0.00000 
    7    7    1    1    1    1    1    1    1    1  0.00000E+00 0.00000 
    8    8    1    1    1    1    1    1    1    1  8.79276E+06 1.00000 
    9    9    1    1    1    1    1    1    1    1  0.00000E+00 0.00000 
   10   10    1    1    1    1    1    1    1    1  0.00000E+00 0.00000 
   11   11    1    1    1    1    1    1    1    1  7.59392E+07 0.55427 
   12   12    1    1    1    1    1    1    1    1  7.18440E+07 0.58507 
   13   13    1    1    1    1    1    1    1    1  3.44579E+08 0.55017 
   14   14    1    1    1    1    1    1    1    1  8.67064E+08 0.34153 
   15   15    1    1    1    1    1    1    1    1  9.70806E+08 0.32749 
   16   16    1    1    1    1    1    1    1    1  4.51107E+08 0.39470 
   17   17    1    1    1    1    1    1    1    1  1.36067E+09 0.28135 
   18   18    1    1    1    1    1    1    1    1  3.03006E+09 0.23195 
   19   19    1    1    1    1    1    1    1    1  3.31529E+09 0.25429 
   20   20    1    1    1    1    1    1    1    1  1.01072E+10 0.18029 
   21   21    1    1    1    1    1    1    1    1  8.54371E+09 0.15556 
   22   22    1    1    1    1    1    1    1    1  1.69109E+10 0.09185 
   23   23    1    1    1    1    1    1    1    1  3.04796E+10 0.06903 
   24   24    1    1    1    1    1    1    1    1  4.10057E+10 0.06914 
   25   25    1    1    1    1    1    1    1    1  5.25326E+10 0.06308 
   26   26    1    1    1    1    1    1    1    1  8.70809E+10 0.04274 
   27   27    1    1    1    1    1    1    1    1  1.55448E+11 0.03826 
   28   28    1    1    1    1    1    1    1    1  3.02078E+11 0.02815 
   29   29    1    1    1    1    1    1    1    1  4.37887E+11 0.02078 
   30   30    1    1    1    1    1    1    1    1  1.27381E+12 0.01284 
   31   31    1    1    1    1    1    1    1    1  3.91577E+12 0.01021 
   32   32    1    1    1    1    1    1    1    1  7.46608E+12 0.00438 
   33   33    1    1    1    1    1    1    1    1  1.76553E+13 0.00456 
   34   34    1    1    1    1    1    1    1    1  2.46138E+13 0.00186 
   35   35    1    1    1    1    1    1    1    1  3.36942E+13 0.00289 
   36   36    1    1    1    1    1    1    1    1  2.32610E+13 0.00225 
   37   37    1    1    1    1    1    1    1    1  7.21676E+12 0.00261 
   38   38    1    1    1    1    1    1    1    1  4.01643E+13 0.00219 
   39   39    1    1    1    1    1    1    1    1  5.44605E+13 0.00271 
   40   40    1    1    1    1    1    1    1    1  9.31760E+13 0.00196 
   41   41    1    1    1    1    1    1    1    1  9.55217E+13 0.00169 
   42   42    1    1    1    1    1    1    1    1  2.03404E+14 0.00128 
   43   43    1    1    1    1    1    1    1    1  2.48858E+14 0.00113 
   44   44    1    1    1    1    1    1    1    1  3.64649E+14 0.00114 
   45   45    1    1    1    1    1    1    1    1  7.32823E+14 0.00094 
   46   46    1    1    1    1    1    1    1    1  3.49017E+14 0.00092 
   47   47    1    1    1    1    1    1    1    1  5.68400E+14 0.00078 
   48   48    1    1    1    1    1    1    1    1  8.02722E+14 0.00079 
   49   49    1    1    1    1    1    1    1    1  8.04647E+14 0.00057 
   50   50    1    1    1    1    1    1    1    1  1.26434E+15 0.00051 
   51   51    1    1    1    1    1    1    1    1  1.02794E+15 0.00069 
   52   52    1    1    1    1    1    1    1    1  1.22426E+15 0.00078 
   53   53    1    1    1    1    1    1    1    1  8.60969E+14 0.00055 
   54   54    1    1    1    1    1    1    1    1  1.05231E+15 0.00077 
   55   55    1    1    1    1    1    1    1    1  7.30681E+14 0.00056 
   56   56    1    1    1    1    1    1    1    1  9.98349E+13 0.00076 
   57   57    1    1    1    1    1    1    1    1  1.46480E+15 0.00049 
   58   58    1    1    1    1    1    1    1    1  6.49881E+14 0.00064 
   59   59    1    1    1    1    1    1    1    1  6.99206E+14 0.00083 
   60   60    1    1    1    1    1    1    1    1  5.43484E+14 0.00081 
   61   61    1    1    1    1    1    1    1    1  5.47497E+14 0.00074 
   62   62    1    1    1    1    1    1    1    1  5.70724E+14 0.00091 
   63   63    1    1    1    1    1    1    1    1  4.82666E+14 0.00089 
   64   64    1    1    1    1    1    1    1    1  3.86729E+14 0.00103 
   65   65    1    1    1    1    1    1    1    1  3.86078E+14 0.00085 
   66   66    1    1    1    1    1    1    1    1  2.79462E+14 0.00101 
   67   67    1    1    1    1    1    1    1    1  2.28892E+14 0.00098 
   68   68    1    1    1    1    1    1    1    1  2.05757E+14 0.00123 
   69   69    1    1    1    1    1    1    1    1  2.46949E+14 0.00119 
   70   70    1    1    1    1    1    1    1    1  2.11271E+14 0.00123 
   71   71    1    1    1    1    1    1    1    1  3.89642E+14 0.00086 
   72   72    1    1    1    1    1    1    1    1  2.76841E+14 0.00115 
   73   73    1    1    1    1    1    1    1    1  2.09432E+14 0.00147 
   74   74    1    1    1    1    1    1    1    1  1.67903E+14 0.00129 
   75   75    1    1    1    1    1    1    1    1  1.38505E+14 0.00138 
   76   76    1    1    1    1    1    1    1    1  1.60077E+14 0.00122 
   77   77    1    1    1    1    1    1    1    1  1.25970E+14 0.00110 
   78   78    1    1    1    1    1    1    1    1  9.97286E+13 0.00227 
   79   79    1    1    1    1    1    1    1    1  1.02357E+14 0.00182 
   80   80    1    1    1    1    1    1    1    1  7.59314E+13 0.00168 
   81   81    1    1    1    1    1    1    1    1  5.81364E+13 0.00149 
   82   82    1    1    1    1    1    1    1    1  4.48812E+13 0.00226 
   83   83    1    1    1    1    1    1    1    1  4.16233E+13 0.00265 
   84   84    1    1    1    1    1    1    1    1  3.00261E+13 0.00329 
   85   85    1    1    1    1    1    1    1    1  2.15334E+13 0.00331 
   86   86    1    1    1    1    1    1    1    1  2.02258E+13 0.00478 
   87   87    1    1    1    1    1    1    1    1  1.24631E+13 0.00499 
   88   88    1    1    1    1    1    1    1    1  8.34169E+12 0.00606 
   89   89    1    1    1    1    1    1    1    1  4.78547E+12 0.00527 
   90   90    1    1    1    1    1    1    1    1  3.24549E+12 0.00905 
   91   91    1    1    1    1    1    1    1    1  1.64000E+12 0.01197 
   92   92    1    1    1    1    1    1    1    1  8.11469E+11 0.02024 
   93   93    1    1    1    1    1    1    1    1  3.90095E+11 0.02864 
   94   94    1    1    1    1    1    1    1    1  1.85143E+11 0.03957 
   95   95    1    1    1    1    1    1    1    1  8.66264E+10 0.04991 
   96   96    1    1    1    1    1    1    1    1  3.50283E+10 0.09183 
   97   97    1    1    1    1    1    1    1    1  2.01106E+10 0.09378 
   98   98    1    1    1    1    1    1    1    1  1.41329E+10 0.10322 
   99   99    1    1    1    1    1    1    1    1  4.01823E+09 0.19568 
  100  100    1    1    1    1    1    1    1    1  3.26467E+09 0.24653 
];


