
DETdpaspec = [
    1    1    1    1    1    1    1    1    1    1  0.00000E+00 0.00000 
    2    2    1    1    1    1    1    1    1    1  0.00000E+00 0.00000 
    3    3    1    1    1    1    1    1    1    1  0.00000E+00 0.00000 
    4    4    1    1    1    1    1    1    1    1  0.00000E+00 0.00000 
    5    5    1    1    1    1    1    1    1    1  0.00000E+00 0.00000 
    6    6    1    1    1    1    1    1    1    1  0.00000E+00 0.00000 
    7    7    1    1    1    1    1    1    1    1  0.00000E+00 0.00000 
    8    8    1    1    1    1    1    1    1    1  0.00000E+00 0.00000 
    9    9    1    1    1    1    1    1    1    1  0.00000E+00 0.00000 
   10   10    1    1    1    1    1    1    1    1  0.00000E+00 0.00000 
   11   11    1    1    1    1    1    1    1    1  0.00000E+00 0.00000 
   12   12    1    1    1    1    1    1    1    1  0.00000E+00 0.00000 
   13   13    1    1    1    1    1    1    1    1  4.81734E+08 0.61687 
   14   14    1    1    1    1    1    1    1    1  6.09020E+08 0.64949 
   15   15    1    1    1    1    1    1    1    1  4.64540E+08 0.45762 
   16   16    1    1    1    1    1    1    1    1  2.63695E+08 0.72085 
   17   17    1    1    1    1    1    1    1    1  1.41391E+09 0.31452 
   18   18    1    1    1    1    1    1    1    1  2.06665E+09 0.32293 
   19   19    1    1    1    1    1    1    1    1  1.93362E+09 0.21366 
   20   20    1    1    1    1    1    1    1    1  8.51989E+09 0.12950 
   21   21    1    1    1    1    1    1    1    1  7.46035E+09 0.13444 
   22   22    1    1    1    1    1    1    1    1  1.03081E+10 0.16410 
   23   23    1    1    1    1    1    1    1    1  1.67133E+10 0.08327 
   24   24    1    1    1    1    1    1    1    1  3.15439E+10 0.09125 
   25   25    1    1    1    1    1    1    1    1  3.71333E+10 0.07297 
   26   26    1    1    1    1    1    1    1    1  7.58721E+10 0.05453 
   27   27    1    1    1    1    1    1    1    1  1.43462E+11 0.03446 
   28   28    1    1    1    1    1    1    1    1  3.49693E+11 0.02941 
   29   29    1    1    1    1    1    1    1    1  6.05559E+11 0.02055 
   30   30    1    1    1    1    1    1    1    1  1.62086E+12 0.01467 
   31   31    1    1    1    1    1    1    1    1  4.94247E+12 0.00639 
   32   32    1    1    1    1    1    1    1    1  8.99021E+12 0.00601 
   33   33    1    1    1    1    1    1    1    1  2.15261E+13 0.00385 
   34   34    1    1    1    1    1    1    1    1  3.02017E+13 0.00293 
   35   35    1    1    1    1    1    1    1    1  3.73768E+13 0.00235 
   36   36    1    1    1    1    1    1    1    1  2.47106E+13 0.00263 
   37   37    1    1    1    1    1    1    1    1  7.46001E+12 0.00236 
   38   38    1    1    1    1    1    1    1    1  4.23838E+13 0.00232 
   39   39    1    1    1    1    1    1    1    1  5.73369E+13 0.00200 
   40   40    1    1    1    1    1    1    1    1  9.94783E+13 0.00214 
   41   41    1    1    1    1    1    1    1    1  9.96354E+13 0.00178 
   42   42    1    1    1    1    1    1    1    1  2.15870E+14 0.00171 
   43   43    1    1    1    1    1    1    1    1  2.63491E+14 0.00132 
   44   44    1    1    1    1    1    1    1    1  3.86233E+14 0.00089 
   45   45    1    1    1    1    1    1    1    1  7.84135E+14 0.00092 
   46   46    1    1    1    1    1    1    1    1  3.67699E+14 0.00086 
   47   47    1    1    1    1    1    1    1    1  5.92844E+14 0.00074 
   48   48    1    1    1    1    1    1    1    1  8.34610E+14 0.00056 
   49   49    1    1    1    1    1    1    1    1  8.31494E+14 0.00054 
   50   50    1    1    1    1    1    1    1    1  1.31753E+15 0.00056 
   51   51    1    1    1    1    1    1    1    1  1.05249E+15 0.00072 
   52   52    1    1    1    1    1    1    1    1  1.27325E+15 0.00064 
   53   53    1    1    1    1    1    1    1    1  8.89038E+14 0.00065 
   54   54    1    1    1    1    1    1    1    1  1.10304E+15 0.00057 
   55   55    1    1    1    1    1    1    1    1  7.62290E+14 0.00044 
   56   56    1    1    1    1    1    1    1    1  1.03609E+14 0.00102 
   57   57    1    1    1    1    1    1    1    1  1.52440E+15 0.00066 
   58   58    1    1    1    1    1    1    1    1  6.92563E+14 0.00085 
   59   59    1    1    1    1    1    1    1    1  7.37877E+14 0.00044 
   60   60    1    1    1    1    1    1    1    1  5.82145E+14 0.00064 
   61   61    1    1    1    1    1    1    1    1  5.84576E+14 0.00075 
   62   62    1    1    1    1    1    1    1    1  6.11213E+14 0.00094 
   63   63    1    1    1    1    1    1    1    1  5.18069E+14 0.00073 
   64   64    1    1    1    1    1    1    1    1  4.14650E+14 0.00100 
   65   65    1    1    1    1    1    1    1    1  4.14058E+14 0.00090 
   66   66    1    1    1    1    1    1    1    1  2.99480E+14 0.00085 
   67   67    1    1    1    1    1    1    1    1  2.43846E+14 0.00099 
   68   68    1    1    1    1    1    1    1    1  2.18744E+14 0.00118 
   69   69    1    1    1    1    1    1    1    1  2.63265E+14 0.00108 
   70   70    1    1    1    1    1    1    1    1  2.24806E+14 0.00139 
   71   71    1    1    1    1    1    1    1    1  4.07910E+14 0.00095 
   72   72    1    1    1    1    1    1    1    1  2.89749E+14 0.00101 
   73   73    1    1    1    1    1    1    1    1  2.19740E+14 0.00104 
   74   74    1    1    1    1    1    1    1    1  1.77476E+14 0.00122 
   75   75    1    1    1    1    1    1    1    1  1.48376E+14 0.00141 
   76   76    1    1    1    1    1    1    1    1  1.73259E+14 0.00137 
   77   77    1    1    1    1    1    1    1    1  1.37967E+14 0.00133 
   78   78    1    1    1    1    1    1    1    1  1.10401E+14 0.00098 
   79   79    1    1    1    1    1    1    1    1  1.14118E+14 0.00156 
   80   80    1    1    1    1    1    1    1    1  8.47167E+13 0.00180 
   81   81    1    1    1    1    1    1    1    1  6.56330E+13 0.00237 
   82   82    1    1    1    1    1    1    1    1  5.02227E+13 0.00245 
   83   83    1    1    1    1    1    1    1    1  4.70753E+13 0.00228 
   84   84    1    1    1    1    1    1    1    1  3.39292E+13 0.00251 
   85   85    1    1    1    1    1    1    1    1  2.43382E+13 0.00302 
   86   86    1    1    1    1    1    1    1    1  2.28902E+13 0.00285 
   87   87    1    1    1    1    1    1    1    1  1.40816E+13 0.00504 
   88   88    1    1    1    1    1    1    1    1  9.41471E+12 0.00406 
   89   89    1    1    1    1    1    1    1    1  5.39329E+12 0.00603 
   90   90    1    1    1    1    1    1    1    1  3.52591E+12 0.01059 
   91   91    1    1    1    1    1    1    1    1  1.80608E+12 0.01139 
   92   92    1    1    1    1    1    1    1    1  8.70081E+11 0.01803 
   93   93    1    1    1    1    1    1    1    1  4.05450E+11 0.02990 
   94   94    1    1    1    1    1    1    1    1  1.94193E+11 0.03625 
   95   95    1    1    1    1    1    1    1    1  9.09277E+10 0.04543 
   96   96    1    1    1    1    1    1    1    1  5.38863E+10 0.07718 
   97   97    1    1    1    1    1    1    1    1  2.17991E+10 0.11115 
   98   98    1    1    1    1    1    1    1    1  1.14400E+10 0.13791 
   99   99    1    1    1    1    1    1    1    1  4.90786E+09 0.31330 
  100  100    1    1    1    1    1    1    1    1  3.76556E+09 0.25109 
];


