
DETdpaspec = [
    1    1    1    1    1    1    1    1    1    1  0.00000E+00 0.00000 
    2    2    1    1    1    1    1    1    1    1  0.00000E+00 0.00000 
    3    3    1    1    1    1    1    1    1    1  0.00000E+00 0.00000 
    4    4    1    1    1    1    1    1    1    1  0.00000E+00 0.00000 
    5    5    1    1    1    1    1    1    1    1  0.00000E+00 0.00000 
    6    6    1    1    1    1    1    1    1    1  0.00000E+00 0.00000 
    7    7    1    1    1    1    1    1    1    1  0.00000E+00 0.00000 
    8    8    1    1    1    1    1    1    1    1  0.00000E+00 0.00000 
    9    9    1    1    1    1    1    1    1    1  0.00000E+00 0.00000 
   10   10    1    1    1    1    1    1    1    1  0.00000E+00 0.00000 
   11   11    1    1    1    1    1    1    1    1  3.23817E+07 1.00000 
   12   12    1    1    1    1    1    1    1    1  0.00000E+00 0.00000 
   13   13    1    1    1    1    1    1    1    1  6.87521E+08 0.58553 
   14   14    1    1    1    1    1    1    1    1  1.48782E+09 0.44998 
   15   15    1    1    1    1    1    1    1    1  1.77412E+09 0.42292 
   16   16    1    1    1    1    1    1    1    1  0.00000E+00 0.00000 
   17   17    1    1    1    1    1    1    1    1  9.19283E+08 0.59934 
   18   18    1    1    1    1    1    1    1    1  2.13876E+09 0.36429 
   19   19    1    1    1    1    1    1    1    1  2.04165E+09 0.36307 
   20   20    1    1    1    1    1    1    1    1  8.81614E+09 0.14476 
   21   21    1    1    1    1    1    1    1    1  6.49838E+09 0.13750 
   22   22    1    1    1    1    1    1    1    1  1.16599E+10 0.12683 
   23   23    1    1    1    1    1    1    1    1  1.75388E+10 0.08946 
   24   24    1    1    1    1    1    1    1    1  3.45515E+10 0.09013 
   25   25    1    1    1    1    1    1    1    1  4.73522E+10 0.06506 
   26   26    1    1    1    1    1    1    1    1  8.98782E+10 0.05303 
   27   27    1    1    1    1    1    1    1    1  1.88813E+11 0.03734 
   28   28    1    1    1    1    1    1    1    1  4.54449E+11 0.02630 
   29   29    1    1    1    1    1    1    1    1  8.07283E+11 0.01400 
   30   30    1    1    1    1    1    1    1    1  2.09509E+12 0.01322 
   31   31    1    1    1    1    1    1    1    1  6.08655E+12 0.00780 
   32   32    1    1    1    1    1    1    1    1  1.06859E+13 0.00523 
   33   33    1    1    1    1    1    1    1    1  2.49739E+13 0.00520 
   34   34    1    1    1    1    1    1    1    1  3.44202E+13 0.00337 
   35   35    1    1    1    1    1    1    1    1  4.09772E+13 0.00261 
   36   36    1    1    1    1    1    1    1    1  2.65145E+13 0.00260 
   37   37    1    1    1    1    1    1    1    1  7.91544E+12 0.00236 
   38   38    1    1    1    1    1    1    1    1  4.51986E+13 0.00220 
   39   39    1    1    1    1    1    1    1    1  6.11295E+13 0.00179 
   40   40    1    1    1    1    1    1    1    1  1.05376E+14 0.00175 
   41   41    1    1    1    1    1    1    1    1  1.04651E+14 0.00163 
   42   42    1    1    1    1    1    1    1    1  2.27083E+14 0.00159 
   43   43    1    1    1    1    1    1    1    1  2.77063E+14 0.00102 
   44   44    1    1    1    1    1    1    1    1  4.04552E+14 0.00078 
   45   45    1    1    1    1    1    1    1    1  8.18218E+14 0.00084 
   46   46    1    1    1    1    1    1    1    1  3.80182E+14 0.00073 
   47   47    1    1    1    1    1    1    1    1  6.10388E+14 0.00057 
   48   48    1    1    1    1    1    1    1    1  8.53847E+14 0.00054 
   49   49    1    1    1    1    1    1    1    1  8.47279E+14 0.00063 
   50   50    1    1    1    1    1    1    1    1  1.34266E+15 0.00047 
   51   51    1    1    1    1    1    1    1    1  1.06324E+15 0.00040 
   52   52    1    1    1    1    1    1    1    1  1.29012E+15 0.00043 
   53   53    1    1    1    1    1    1    1    1  8.97834E+14 0.00056 
   54   54    1    1    1    1    1    1    1    1  1.11794E+15 0.00067 
   55   55    1    1    1    1    1    1    1    1  7.70058E+14 0.00053 
   56   56    1    1    1    1    1    1    1    1  1.04601E+14 0.00097 
   57   57    1    1    1    1    1    1    1    1  1.53599E+15 0.00056 
   58   58    1    1    1    1    1    1    1    1  6.99933E+14 0.00087 
   59   59    1    1    1    1    1    1    1    1  7.43660E+14 0.00072 
   60   60    1    1    1    1    1    1    1    1  5.88829E+14 0.00052 
   61   61    1    1    1    1    1    1    1    1  5.90074E+14 0.00053 
   62   62    1    1    1    1    1    1    1    1  6.17678E+14 0.00087 
   63   63    1    1    1    1    1    1    1    1  5.23663E+14 0.00067 
   64   64    1    1    1    1    1    1    1    1  4.19263E+14 0.00068 
   65   65    1    1    1    1    1    1    1    1  4.17240E+14 0.00068 
   66   66    1    1    1    1    1    1    1    1  3.02158E+14 0.00089 
   67   67    1    1    1    1    1    1    1    1  2.45635E+14 0.00136 
   68   68    1    1    1    1    1    1    1    1  2.19979E+14 0.00116 
   69   69    1    1    1    1    1    1    1    1  2.64156E+14 0.00102 
   70   70    1    1    1    1    1    1    1    1  2.25159E+14 0.00092 
   71   71    1    1    1    1    1    1    1    1  4.06860E+14 0.00099 
   72   72    1    1    1    1    1    1    1    1  2.88911E+14 0.00096 
   73   73    1    1    1    1    1    1    1    1  2.18611E+14 0.00150 
   74   74    1    1    1    1    1    1    1    1  1.77440E+14 0.00105 
   75   75    1    1    1    1    1    1    1    1  1.48641E+14 0.00165 
   76   76    1    1    1    1    1    1    1    1  1.74295E+14 0.00139 
   77   77    1    1    1    1    1    1    1    1  1.38840E+14 0.00124 
   78   78    1    1    1    1    1    1    1    1  1.11431E+14 0.00171 
   79   79    1    1    1    1    1    1    1    1  1.15586E+14 0.00151 
   80   80    1    1    1    1    1    1    1    1  8.57742E+13 0.00171 
   81   81    1    1    1    1    1    1    1    1  6.61567E+13 0.00242 
   82   82    1    1    1    1    1    1    1    1  5.10075E+13 0.00175 
   83   83    1    1    1    1    1    1    1    1  4.75085E+13 0.00188 
   84   84    1    1    1    1    1    1    1    1  3.41677E+13 0.00362 
   85   85    1    1    1    1    1    1    1    1  2.46849E+13 0.00293 
   86   86    1    1    1    1    1    1    1    1  2.31058E+13 0.00339 
   87   87    1    1    1    1    1    1    1    1  1.41736E+13 0.00438 
   88   88    1    1    1    1    1    1    1    1  9.46063E+12 0.00534 
   89   89    1    1    1    1    1    1    1    1  5.44778E+12 0.00814 
   90   90    1    1    1    1    1    1    1    1  3.57551E+12 0.00624 
   91   91    1    1    1    1    1    1    1    1  1.83927E+12 0.00829 
   92   92    1    1    1    1    1    1    1    1  8.75352E+11 0.01556 
   93   93    1    1    1    1    1    1    1    1  3.98815E+11 0.02065 
   94   94    1    1    1    1    1    1    1    1  2.02563E+11 0.03507 
   95   95    1    1    1    1    1    1    1    1  1.03114E+11 0.06045 
   96   96    1    1    1    1    1    1    1    1  3.91177E+10 0.08780 
   97   97    1    1    1    1    1    1    1    1  2.13257E+10 0.09848 
   98   98    1    1    1    1    1    1    1    1  1.05653E+10 0.16907 
   99   99    1    1    1    1    1    1    1    1  6.63426E+09 0.24820 
  100  100    1    1    1    1    1    1    1    1  4.25573E+09 0.23007 
];


