
DETdpaspec = [
    1    1    1    1    1    1    1    1    1    1  0.00000E+00 0.00000 
    2    2    1    1    1    1    1    1    1    1  0.00000E+00 0.00000 
    3    3    1    1    1    1    1    1    1    1  0.00000E+00 0.00000 
    4    4    1    1    1    1    1    1    1    1  0.00000E+00 0.00000 
    5    5    1    1    1    1    1    1    1    1  0.00000E+00 0.00000 
    6    6    1    1    1    1    1    1    1    1  0.00000E+00 0.00000 
    7    7    1    1    1    1    1    1    1    1  1.31273E+07 1.00000 
    8    8    1    1    1    1    1    1    1    1  9.10507E+06 1.00000 
    9    9    1    1    1    1    1    1    1    1  0.00000E+00 0.00000 
   10   10    1    1    1    1    1    1    1    1  0.00000E+00 0.00000 
   11   11    1    1    1    1    1    1    1    1  0.00000E+00 0.00000 
   12   12    1    1    1    1    1    1    1    1  2.99878E+07 1.00000 
   13   13    1    1    1    1    1    1    1    1  5.36208E+08 0.68034 
   14   14    1    1    1    1    1    1    1    1  3.93915E+08 0.69541 
   15   15    1    1    1    1    1    1    1    1  6.81473E+08 0.77467 
   16   16    1    1    1    1    1    1    1    1  1.71120E+08 0.72798 
   17   17    1    1    1    1    1    1    1    1  1.01191E+09 0.37352 
   18   18    1    1    1    1    1    1    1    1  1.08503E+09 0.30600 
   19   19    1    1    1    1    1    1    1    1  1.63070E+09 0.32250 
   20   20    1    1    1    1    1    1    1    1  4.25861E+09 0.24352 
   21   21    1    1    1    1    1    1    1    1  5.46976E+09 0.18936 
   22   22    1    1    1    1    1    1    1    1  8.76107E+09 0.11170 
   23   23    1    1    1    1    1    1    1    1  1.59765E+10 0.11249 
   24   24    1    1    1    1    1    1    1    1  3.82401E+10 0.08119 
   25   25    1    1    1    1    1    1    1    1  4.71332E+10 0.05961 
   26   26    1    1    1    1    1    1    1    1  9.35023E+10 0.05981 
   27   27    1    1    1    1    1    1    1    1  2.13306E+11 0.03814 
   28   28    1    1    1    1    1    1    1    1  5.44219E+11 0.02544 
   29   29    1    1    1    1    1    1    1    1  1.00346E+12 0.01774 
   30   30    1    1    1    1    1    1    1    1  2.49121E+12 0.00822 
   31   31    1    1    1    1    1    1    1    1  6.91225E+12 0.00602 
   32   32    1    1    1    1    1    1    1    1  1.19403E+13 0.00438 
   33   33    1    1    1    1    1    1    1    1  2.75175E+13 0.00408 
   34   34    1    1    1    1    1    1    1    1  3.74168E+13 0.00294 
   35   35    1    1    1    1    1    1    1    1  4.35849E+13 0.00249 
   36   36    1    1    1    1    1    1    1    1  2.77669E+13 0.00205 
   37   37    1    1    1    1    1    1    1    1  8.27003E+12 0.00220 
   38   38    1    1    1    1    1    1    1    1  4.74091E+13 0.00177 
   39   39    1    1    1    1    1    1    1    1  6.37313E+13 0.00167 
   40   40    1    1    1    1    1    1    1    1  1.09715E+14 0.00150 
   41   41    1    1    1    1    1    1    1    1  1.08101E+14 0.00127 
   42   42    1    1    1    1    1    1    1    1  2.35292E+14 0.00109 
   43   43    1    1    1    1    1    1    1    1  2.85849E+14 0.00151 
   44   44    1    1    1    1    1    1    1    1  4.16258E+14 0.00070 
   45   45    1    1    1    1    1    1    1    1  8.36624E+14 0.00085 
   46   46    1    1    1    1    1    1    1    1  3.87124E+14 0.00069 
   47   47    1    1    1    1    1    1    1    1  6.20483E+14 0.00073 
   48   48    1    1    1    1    1    1    1    1  8.67039E+14 0.00058 
   49   49    1    1    1    1    1    1    1    1  8.57387E+14 0.00063 
   50   50    1    1    1    1    1    1    1    1  1.35615E+15 0.00060 
   51   51    1    1    1    1    1    1    1    1  1.06879E+15 0.00063 
   52   52    1    1    1    1    1    1    1    1  1.29756E+15 0.00045 
   53   53    1    1    1    1    1    1    1    1  9.00802E+14 0.00055 
   54   54    1    1    1    1    1    1    1    1  1.12138E+15 0.00046 
   55   55    1    1    1    1    1    1    1    1  7.72393E+14 0.00049 
   56   56    1    1    1    1    1    1    1    1  1.04680E+14 0.00109 
   57   57    1    1    1    1    1    1    1    1  1.53858E+15 0.00057 
   58   58    1    1    1    1    1    1    1    1  7.01910E+14 0.00087 
   59   59    1    1    1    1    1    1    1    1  7.45070E+14 0.00067 
   60   60    1    1    1    1    1    1    1    1  5.90689E+14 0.00065 
   61   61    1    1    1    1    1    1    1    1  5.91682E+14 0.00068 
   62   62    1    1    1    1    1    1    1    1  6.17485E+14 0.00059 
   63   63    1    1    1    1    1    1    1    1  5.24237E+14 0.00071 
   64   64    1    1    1    1    1    1    1    1  4.19196E+14 0.00096 
   65   65    1    1    1    1    1    1    1    1  4.17908E+14 0.00100 
   66   66    1    1    1    1    1    1    1    1  3.02466E+14 0.00123 
   67   67    1    1    1    1    1    1    1    1  2.45438E+14 0.00116 
   68   68    1    1    1    1    1    1    1    1  2.19734E+14 0.00097 
   69   69    1    1    1    1    1    1    1    1  2.63605E+14 0.00092 
   70   70    1    1    1    1    1    1    1    1  2.24441E+14 0.00103 
   71   71    1    1    1    1    1    1    1    1  4.04880E+14 0.00083 
   72   72    1    1    1    1    1    1    1    1  2.86577E+14 0.00105 
   73   73    1    1    1    1    1    1    1    1  2.16459E+14 0.00111 
   74   74    1    1    1    1    1    1    1    1  1.76199E+14 0.00125 
   75   75    1    1    1    1    1    1    1    1  1.47737E+14 0.00098 
   76   76    1    1    1    1    1    1    1    1  1.73250E+14 0.00122 
   77   77    1    1    1    1    1    1    1    1  1.38189E+14 0.00144 
   78   78    1    1    1    1    1    1    1    1  1.11223E+14 0.00198 
   79   79    1    1    1    1    1    1    1    1  1.15331E+14 0.00143 
   80   80    1    1    1    1    1    1    1    1  8.56865E+13 0.00183 
   81   81    1    1    1    1    1    1    1    1  6.60374E+13 0.00191 
   82   82    1    1    1    1    1    1    1    1  5.08267E+13 0.00237 
   83   83    1    1    1    1    1    1    1    1  4.75747E+13 0.00186 
   84   84    1    1    1    1    1    1    1    1  3.43267E+13 0.00227 
   85   85    1    1    1    1    1    1    1    1  2.48103E+13 0.00259 
   86   86    1    1    1    1    1    1    1    1  2.30946E+13 0.00339 
   87   87    1    1    1    1    1    1    1    1  1.41834E+13 0.00352 
   88   88    1    1    1    1    1    1    1    1  9.43618E+12 0.00541 
   89   89    1    1    1    1    1    1    1    1  5.41007E+12 0.00796 
   90   90    1    1    1    1    1    1    1    1  3.57408E+12 0.00799 
   91   91    1    1    1    1    1    1    1    1  1.81056E+12 0.01020 
   92   92    1    1    1    1    1    1    1    1  8.55668E+11 0.01815 
   93   93    1    1    1    1    1    1    1    1  4.15454E+11 0.02592 
   94   94    1    1    1    1    1    1    1    1  1.93227E+11 0.03054 
   95   95    1    1    1    1    1    1    1    1  9.11857E+10 0.04776 
   96   96    1    1    1    1    1    1    1    1  4.28745E+10 0.08433 
   97   97    1    1    1    1    1    1    1    1  2.06304E+10 0.10920 
   98   98    1    1    1    1    1    1    1    1  1.02749E+10 0.13728 
   99   99    1    1    1    1    1    1    1    1  5.13221E+09 0.19669 
  100  100    1    1    1    1    1    1    1    1  3.76006E+09 0.30002 
];


