
DETdpaspec = [
    1    1    1    1    1    1    1    1    1    1  0.00000E+00 0.00000 
    2    2    1    1    1    1    1    1    1    1  0.00000E+00 0.00000 
    3    3    1    1    1    1    1    1    1    1  0.00000E+00 0.00000 
    4    4    1    1    1    1    1    1    1    1  0.00000E+00 0.00000 
    5    5    1    1    1    1    1    1    1    1  0.00000E+00 0.00000 
    6    6    1    1    1    1    1    1    1    1  0.00000E+00 0.00000 
    7    7    1    1    1    1    1    1    1    1  0.00000E+00 0.00000 
    8    8    1    1    1    1    1    1    1    1  9.21010E+06 1.00000 
    9    9    1    1    1    1    1    1    1    1  0.00000E+00 0.00000 
   10   10    1    1    1    1    1    1    1    1  3.01191E+07 1.00000 
   11   11    1    1    1    1    1    1    1    1  3.49604E+07 1.00000 
   12   12    1    1    1    1    1    1    1    1  2.41036E+07 1.00000 
   13   13    1    1    1    1    1    1    1    1  2.75855E+08 0.85207 
   14   14    1    1    1    1    1    1    1    1  1.60415E+09 0.48417 
   15   15    1    1    1    1    1    1    1    1  1.45293E+09 0.62551 
   16   16    1    1    1    1    1    1    1    1  1.35108E+09 0.52296 
   17   17    1    1    1    1    1    1    1    1  6.09719E+08 0.36815 
   18   18    1    1    1    1    1    1    1    1  1.84579E+09 0.24886 
   19   19    1    1    1    1    1    1    1    1  2.50177E+09 0.22585 
   20   20    1    1    1    1    1    1    1    1  6.60664E+09 0.27370 
   21   21    1    1    1    1    1    1    1    1  5.75339E+09 0.17457 
   22   22    1    1    1    1    1    1    1    1  1.14157E+10 0.13477 
   23   23    1    1    1    1    1    1    1    1  1.65249E+10 0.11665 
   24   24    1    1    1    1    1    1    1    1  3.42438E+10 0.07151 
   25   25    1    1    1    1    1    1    1    1  4.71105E+10 0.07781 
   26   26    1    1    1    1    1    1    1    1  7.93100E+10 0.04426 
   27   27    1    1    1    1    1    1    1    1  1.66993E+11 0.03935 
   28   28    1    1    1    1    1    1    1    1  4.11333E+11 0.03249 
   29   29    1    1    1    1    1    1    1    1  7.11671E+11 0.02215 
   30   30    1    1    1    1    1    1    1    1  1.86469E+12 0.01502 
   31   31    1    1    1    1    1    1    1    1  5.52429E+12 0.00722 
   32   32    1    1    1    1    1    1    1    1  9.86355E+12 0.00615 
   33   33    1    1    1    1    1    1    1    1  2.33443E+13 0.00375 
   34   34    1    1    1    1    1    1    1    1  3.24664E+13 0.00366 
   35   35    1    1    1    1    1    1    1    1  3.92415E+13 0.00335 
   36   36    1    1    1    1    1    1    1    1  2.56048E+13 0.00306 
   37   37    1    1    1    1    1    1    1    1  7.71303E+12 0.00333 
   38   38    1    1    1    1    1    1    1    1  4.38983E+13 0.00273 
   39   39    1    1    1    1    1    1    1    1  5.94045E+13 0.00219 
   40   40    1    1    1    1    1    1    1    1  1.02351E+14 0.00143 
   41   41    1    1    1    1    1    1    1    1  1.01893E+14 0.00162 
   42   42    1    1    1    1    1    1    1    1  2.21476E+14 0.00129 
   43   43    1    1    1    1    1    1    1    1  2.70185E+14 0.00124 
   44   44    1    1    1    1    1    1    1    1  3.95343E+14 0.00109 
   45   45    1    1    1    1    1    1    1    1  8.00299E+14 0.00089 
   46   46    1    1    1    1    1    1    1    1  3.73613E+14 0.00072 
   47   47    1    1    1    1    1    1    1    1  6.01893E+14 0.00073 
   48   48    1    1    1    1    1    1    1    1  8.44982E+14 0.00078 
   49   49    1    1    1    1    1    1    1    1  8.39207E+14 0.00062 
   50   50    1    1    1    1    1    1    1    1  1.33073E+15 0.00051 
   51   51    1    1    1    1    1    1    1    1  1.05910E+15 0.00068 
   52   52    1    1    1    1    1    1    1    1  1.28206E+15 0.00059 
   53   53    1    1    1    1    1    1    1    1  8.93842E+14 0.00055 
   54   54    1    1    1    1    1    1    1    1  1.11150E+15 0.00057 
   55   55    1    1    1    1    1    1    1    1  7.67419E+14 0.00065 
   56   56    1    1    1    1    1    1    1    1  1.04333E+14 0.00088 
   57   57    1    1    1    1    1    1    1    1  1.53118E+15 0.00081 
   58   58    1    1    1    1    1    1    1    1  6.96649E+14 0.00063 
   59   59    1    1    1    1    1    1    1    1  7.40678E+14 0.00049 
   60   60    1    1    1    1    1    1    1    1  5.86014E+14 0.00077 
   61   61    1    1    1    1    1    1    1    1  5.87774E+14 0.00045 
   62   62    1    1    1    1    1    1    1    1  6.15872E+14 0.00069 
   63   63    1    1    1    1    1    1    1    1  5.21585E+14 0.00059 
   64   64    1    1    1    1    1    1    1    1  4.17065E+14 0.00082 
   65   65    1    1    1    1    1    1    1    1  4.15838E+14 0.00091 
   66   66    1    1    1    1    1    1    1    1  3.01665E+14 0.00104 
   67   67    1    1    1    1    1    1    1    1  2.44967E+14 0.00121 
   68   68    1    1    1    1    1    1    1    1  2.19603E+14 0.00096 
   69   69    1    1    1    1    1    1    1    1  2.63223E+14 0.00082 
   70   70    1    1    1    1    1    1    1    1  2.24906E+14 0.00095 
   71   71    1    1    1    1    1    1    1    1  4.08121E+14 0.00109 
   72   72    1    1    1    1    1    1    1    1  2.89175E+14 0.00090 
   73   73    1    1    1    1    1    1    1    1  2.19565E+14 0.00148 
   74   74    1    1    1    1    1    1    1    1  1.77517E+14 0.00166 
   75   75    1    1    1    1    1    1    1    1  1.48419E+14 0.00157 
   76   76    1    1    1    1    1    1    1    1  1.73488E+14 0.00146 
   77   77    1    1    1    1    1    1    1    1  1.38399E+14 0.00148 
   78   78    1    1    1    1    1    1    1    1  1.10918E+14 0.00163 
   79   79    1    1    1    1    1    1    1    1  1.14940E+14 0.00142 
   80   80    1    1    1    1    1    1    1    1  8.56981E+13 0.00217 
   81   81    1    1    1    1    1    1    1    1  6.58480E+13 0.00246 
   82   82    1    1    1    1    1    1    1    1  5.06914E+13 0.00224 
   83   83    1    1    1    1    1    1    1    1  4.73825E+13 0.00245 
   84   84    1    1    1    1    1    1    1    1  3.41836E+13 0.00422 
   85   85    1    1    1    1    1    1    1    1  2.45469E+13 0.00278 
   86   86    1    1    1    1    1    1    1    1  2.29638E+13 0.00335 
   87   87    1    1    1    1    1    1    1    1  1.41393E+13 0.00420 
   88   88    1    1    1    1    1    1    1    1  9.48222E+12 0.00572 
   89   89    1    1    1    1    1    1    1    1  5.43474E+12 0.00564 
   90   90    1    1    1    1    1    1    1    1  3.63133E+12 0.00748 
   91   91    1    1    1    1    1    1    1    1  1.78850E+12 0.00841 
   92   92    1    1    1    1    1    1    1    1  8.81757E+11 0.01794 
   93   93    1    1    1    1    1    1    1    1  4.28619E+11 0.02498 
   94   94    1    1    1    1    1    1    1    1  2.03377E+11 0.03223 
   95   95    1    1    1    1    1    1    1    1  9.96330E+10 0.04009 
   96   96    1    1    1    1    1    1    1    1  4.06733E+10 0.08832 
   97   97    1    1    1    1    1    1    1    1  2.18700E+10 0.11770 
   98   98    1    1    1    1    1    1    1    1  1.26006E+10 0.18197 
   99   99    1    1    1    1    1    1    1    1  5.28982E+09 0.19109 
  100  100    1    1    1    1    1    1    1    1  4.71253E+09 0.17274 
];


