
DETdpaspec = [
    1    1    1    1    1    1    1    1    1    1  0.00000E+00 0.00000 
    2    2    1    1    1    1    1    1    1    1  0.00000E+00 0.00000 
    3    3    1    1    1    1    1    1    1    1  0.00000E+00 0.00000 
    4    4    1    1    1    1    1    1    1    1  0.00000E+00 0.00000 
    5    5    1    1    1    1    1    1    1    1  0.00000E+00 0.00000 
    6    6    1    1    1    1    1    1    1    1  0.00000E+00 0.00000 
    7    7    1    1    1    1    1    1    1    1  0.00000E+00 0.00000 
    8    8    1    1    1    1    1    1    1    1  0.00000E+00 0.00000 
    9    9    1    1    1    1    1    1    1    1  0.00000E+00 0.00000 
   10   10    1    1    1    1    1    1    1    1  0.00000E+00 0.00000 
   11   11    1    1    1    1    1    1    1    1  6.98761E+07 1.00000 
   12   12    1    1    1    1    1    1    1    1  4.38960E+07 0.70810 
   13   13    1    1    1    1    1    1    1    1  6.62651E+08 0.52410 
   14   14    1    1    1    1    1    1    1    1  9.69138E+08 0.64598 
   15   15    1    1    1    1    1    1    1    1  5.78911E+08 0.40365 
   16   16    1    1    1    1    1    1    1    1  5.10949E+08 0.50285 
   17   17    1    1    1    1    1    1    1    1  6.54811E+08 0.41512 
   18   18    1    1    1    1    1    1    1    1  1.60390E+09 0.48238 
   19   19    1    1    1    1    1    1    1    1  8.68524E+08 0.39916 
   20   20    1    1    1    1    1    1    1    1  7.46785E+09 0.17727 
   21   21    1    1    1    1    1    1    1    1  5.34291E+09 0.15276 
   22   22    1    1    1    1    1    1    1    1  9.43188E+09 0.15145 
   23   23    1    1    1    1    1    1    1    1  1.93263E+10 0.07456 
   24   24    1    1    1    1    1    1    1    1  3.03664E+10 0.07997 
   25   25    1    1    1    1    1    1    1    1  4.63135E+10 0.06989 
   26   26    1    1    1    1    1    1    1    1  1.01405E+11 0.04401 
   27   27    1    1    1    1    1    1    1    1  2.08797E+11 0.03322 
   28   28    1    1    1    1    1    1    1    1  5.17633E+11 0.02675 
   29   29    1    1    1    1    1    1    1    1  9.30225E+11 0.01754 
   30   30    1    1    1    1    1    1    1    1  2.30272E+12 0.00889 
   31   31    1    1    1    1    1    1    1    1  6.54373E+12 0.00673 
   32   32    1    1    1    1    1    1    1    1  1.14309E+13 0.00359 
   33   33    1    1    1    1    1    1    1    1  2.63854E+13 0.00211 
   34   34    1    1    1    1    1    1    1    1  3.62551E+13 0.00240 
   35   35    1    1    1    1    1    1    1    1  4.23751E+13 0.00242 
   36   36    1    1    1    1    1    1    1    1  2.70962E+13 0.00294 
   37   37    1    1    1    1    1    1    1    1  8.09040E+12 0.00269 
   38   38    1    1    1    1    1    1    1    1  4.62339E+13 0.00242 
   39   39    1    1    1    1    1    1    1    1  6.23746E+13 0.00190 
   40   40    1    1    1    1    1    1    1    1  1.07842E+14 0.00156 
   41   41    1    1    1    1    1    1    1    1  1.06703E+14 0.00109 
   42   42    1    1    1    1    1    1    1    1  2.31246E+14 0.00138 
   43   43    1    1    1    1    1    1    1    1  2.82359E+14 0.00089 
   44   44    1    1    1    1    1    1    1    1  4.10891E+14 0.00098 
   45   45    1    1    1    1    1    1    1    1  8.29473E+14 0.00084 
   46   46    1    1    1    1    1    1    1    1  3.83609E+14 0.00093 
   47   47    1    1    1    1    1    1    1    1  6.15720E+14 0.00068 
   48   48    1    1    1    1    1    1    1    1  8.61219E+14 0.00064 
   49   49    1    1    1    1    1    1    1    1  8.52892E+14 0.00054 
   50   50    1    1    1    1    1    1    1    1  1.35083E+15 0.00061 
   51   51    1    1    1    1    1    1    1    1  1.06754E+15 0.00053 
   52   52    1    1    1    1    1    1    1    1  1.29377E+15 0.00053 
   53   53    1    1    1    1    1    1    1    1  8.99499E+14 0.00041 
   54   54    1    1    1    1    1    1    1    1  1.12082E+15 0.00036 
   55   55    1    1    1    1    1    1    1    1  7.72429E+14 0.00043 
   56   56    1    1    1    1    1    1    1    1  1.04901E+14 0.00121 
   57   57    1    1    1    1    1    1    1    1  1.53749E+15 0.00041 
   58   58    1    1    1    1    1    1    1    1  7.01517E+14 0.00080 
   59   59    1    1    1    1    1    1    1    1  7.44478E+14 0.00073 
   60   60    1    1    1    1    1    1    1    1  5.89366E+14 0.00076 
   61   61    1    1    1    1    1    1    1    1  5.90127E+14 0.00057 
   62   62    1    1    1    1    1    1    1    1  6.17183E+14 0.00084 
   63   63    1    1    1    1    1    1    1    1  5.23699E+14 0.00079 
   64   64    1    1    1    1    1    1    1    1  4.17922E+14 0.00079 
   65   65    1    1    1    1    1    1    1    1  4.17603E+14 0.00062 
   66   66    1    1    1    1    1    1    1    1  3.02019E+14 0.00081 
   67   67    1    1    1    1    1    1    1    1  2.45021E+14 0.00093 
   68   68    1    1    1    1    1    1    1    1  2.20012E+14 0.00110 
   69   69    1    1    1    1    1    1    1    1  2.64417E+14 0.00121 
   70   70    1    1    1    1    1    1    1    1  2.24529E+14 0.00107 
   71   71    1    1    1    1    1    1    1    1  4.05354E+14 0.00098 
   72   72    1    1    1    1    1    1    1    1  2.86849E+14 0.00134 
   73   73    1    1    1    1    1    1    1    1  2.17405E+14 0.00147 
   74   74    1    1    1    1    1    1    1    1  1.76232E+14 0.00136 
   75   75    1    1    1    1    1    1    1    1  1.47738E+14 0.00163 
   76   76    1    1    1    1    1    1    1    1  1.73271E+14 0.00125 
   77   77    1    1    1    1    1    1    1    1  1.38505E+14 0.00168 
   78   78    1    1    1    1    1    1    1    1  1.11259E+14 0.00148 
   79   79    1    1    1    1    1    1    1    1  1.15453E+14 0.00148 
   80   80    1    1    1    1    1    1    1    1  8.59316E+13 0.00161 
   81   81    1    1    1    1    1    1    1    1  6.62333E+13 0.00144 
   82   82    1    1    1    1    1    1    1    1  5.07202E+13 0.00254 
   83   83    1    1    1    1    1    1    1    1  4.75964E+13 0.00191 
   84   84    1    1    1    1    1    1    1    1  3.42039E+13 0.00260 
   85   85    1    1    1    1    1    1    1    1  2.46107E+13 0.00389 
   86   86    1    1    1    1    1    1    1    1  2.30169E+13 0.00255 
   87   87    1    1    1    1    1    1    1    1  1.40726E+13 0.00426 
   88   88    1    1    1    1    1    1    1    1  9.43604E+12 0.00469 
   89   89    1    1    1    1    1    1    1    1  5.43475E+12 0.00586 
   90   90    1    1    1    1    1    1    1    1  3.59891E+12 0.01046 
   91   91    1    1    1    1    1    1    1    1  1.76526E+12 0.01019 
   92   92    1    1    1    1    1    1    1    1  8.56608E+11 0.01951 
   93   93    1    1    1    1    1    1    1    1  4.25236E+11 0.02548 
   94   94    1    1    1    1    1    1    1    1  2.00121E+11 0.03543 
   95   95    1    1    1    1    1    1    1    1  9.52601E+10 0.03542 
   96   96    1    1    1    1    1    1    1    1  4.55105E+10 0.06716 
   97   97    1    1    1    1    1    1    1    1  2.09341E+10 0.08533 
   98   98    1    1    1    1    1    1    1    1  9.16952E+09 0.14668 
   99   99    1    1    1    1    1    1    1    1  2.92297E+09 0.32458 
  100  100    1    1    1    1    1    1    1    1  5.76574E+09 0.24154 
];


