
DETdpaspec = [
    1    1    1    1    1    1    1    1    1    1  0.00000E+00 0.00000 
    2    2    1    1    1    1    1    1    1    1  0.00000E+00 0.00000 
    3    3    1    1    1    1    1    1    1    1  0.00000E+00 0.00000 
    4    4    1    1    1    1    1    1    1    1  0.00000E+00 0.00000 
    5    5    1    1    1    1    1    1    1    1  0.00000E+00 0.00000 
    6    6    1    1    1    1    1    1    1    1  0.00000E+00 0.00000 
    7    7    1    1    1    1    1    1    1    1  0.00000E+00 0.00000 
    8    8    1    1    1    1    1    1    1    1  0.00000E+00 0.00000 
    9    9    1    1    1    1    1    1    1    1  9.39473E+06 1.00000 
   10   10    1    1    1    1    1    1    1    1  0.00000E+00 0.00000 
   11   11    1    1    1    1    1    1    1    1  0.00000E+00 0.00000 
   12   12    1    1    1    1    1    1    1    1  7.54938E+07 0.74135 
   13   13    1    1    1    1    1    1    1    1  4.76576E+08 0.57125 
   14   14    1    1    1    1    1    1    1    1  1.28526E+09 0.51620 
   15   15    1    1    1    1    1    1    1    1  1.50655E+09 0.35577 
   16   16    1    1    1    1    1    1    1    1  5.88365E+08 0.50917 
   17   17    1    1    1    1    1    1    1    1  6.54149E+08 0.30513 
   18   18    1    1    1    1    1    1    1    1  1.07880E+09 0.46296 
   19   19    1    1    1    1    1    1    1    1  1.21442E+09 0.30102 
   20   20    1    1    1    1    1    1    1    1  7.94819E+09 0.20601 
   21   21    1    1    1    1    1    1    1    1  5.90563E+09 0.13239 
   22   22    1    1    1    1    1    1    1    1  1.09679E+10 0.11902 
   23   23    1    1    1    1    1    1    1    1  1.86584E+10 0.12864 
   24   24    1    1    1    1    1    1    1    1  3.98439E+10 0.08858 
   25   25    1    1    1    1    1    1    1    1  5.47675E+10 0.06112 
   26   26    1    1    1    1    1    1    1    1  1.04765E+11 0.04801 
   27   27    1    1    1    1    1    1    1    1  2.16007E+11 0.03683 
   28   28    1    1    1    1    1    1    1    1  5.09635E+11 0.02450 
   29   29    1    1    1    1    1    1    1    1  9.05726E+11 0.01250 
   30   30    1    1    1    1    1    1    1    1  2.31361E+12 0.01199 
   31   31    1    1    1    1    1    1    1    1  6.51925E+12 0.00720 
   32   32    1    1    1    1    1    1    1    1  1.13803E+13 0.00466 
   33   33    1    1    1    1    1    1    1    1  2.64307E+13 0.00425 
   34   34    1    1    1    1    1    1    1    1  3.63600E+13 0.00261 
   35   35    1    1    1    1    1    1    1    1  4.26950E+13 0.00300 
   36   36    1    1    1    1    1    1    1    1  2.73789E+13 0.00225 
   37   37    1    1    1    1    1    1    1    1  8.16102E+12 0.00251 
   38   38    1    1    1    1    1    1    1    1  4.65934E+13 0.00208 
   39   39    1    1    1    1    1    1    1    1  6.29284E+13 0.00197 
   40   40    1    1    1    1    1    1    1    1  1.08085E+14 0.00138 
   41   41    1    1    1    1    1    1    1    1  1.06646E+14 0.00154 
   42   42    1    1    1    1    1    1    1    1  2.32098E+14 0.00108 
   43   43    1    1    1    1    1    1    1    1  2.82459E+14 0.00090 
   44   44    1    1    1    1    1    1    1    1  4.11413E+14 0.00087 
   45   45    1    1    1    1    1    1    1    1  8.29372E+14 0.00064 
   46   46    1    1    1    1    1    1    1    1  3.83398E+14 0.00094 
   47   47    1    1    1    1    1    1    1    1  6.15773E+14 0.00062 
   48   48    1    1    1    1    1    1    1    1  8.62053E+14 0.00060 
   49   49    1    1    1    1    1    1    1    1  8.53227E+14 0.00071 
   50   50    1    1    1    1    1    1    1    1  1.35087E+15 0.00063 
   51   51    1    1    1    1    1    1    1    1  1.06779E+15 0.00058 
   52   52    1    1    1    1    1    1    1    1  1.29333E+15 0.00045 
   53   53    1    1    1    1    1    1    1    1  9.00170E+14 0.00052 
   54   54    1    1    1    1    1    1    1    1  1.12045E+15 0.00058 
   55   55    1    1    1    1    1    1    1    1  7.72135E+14 0.00059 
   56   56    1    1    1    1    1    1    1    1  1.04824E+14 0.00119 
   57   57    1    1    1    1    1    1    1    1  1.53937E+15 0.00040 
   58   58    1    1    1    1    1    1    1    1  7.01248E+14 0.00063 
   59   59    1    1    1    1    1    1    1    1  7.45207E+14 0.00059 
   60   60    1    1    1    1    1    1    1    1  5.90638E+14 0.00044 
   61   61    1    1    1    1    1    1    1    1  5.91433E+14 0.00062 
   62   62    1    1    1    1    1    1    1    1  6.18704E+14 0.00060 
   63   63    1    1    1    1    1    1    1    1  5.23930E+14 0.00086 
   64   64    1    1    1    1    1    1    1    1  4.17962E+14 0.00079 
   65   65    1    1    1    1    1    1    1    1  4.17863E+14 0.00085 
   66   66    1    1    1    1    1    1    1    1  3.02371E+14 0.00102 
   67   67    1    1    1    1    1    1    1    1  2.45406E+14 0.00102 
   68   68    1    1    1    1    1    1    1    1  2.19970E+14 0.00105 
   69   69    1    1    1    1    1    1    1    1  2.63425E+14 0.00120 
   70   70    1    1    1    1    1    1    1    1  2.24553E+14 0.00111 
   71   71    1    1    1    1    1    1    1    1  4.06234E+14 0.00110 
   72   72    1    1    1    1    1    1    1    1  2.86970E+14 0.00108 
   73   73    1    1    1    1    1    1    1    1  2.17376E+14 0.00109 
   74   74    1    1    1    1    1    1    1    1  1.76604E+14 0.00138 
   75   75    1    1    1    1    1    1    1    1  1.47887E+14 0.00151 
   76   76    1    1    1    1    1    1    1    1  1.73968E+14 0.00133 
   77   77    1    1    1    1    1    1    1    1  1.38676E+14 0.00126 
   78   78    1    1    1    1    1    1    1    1  1.11574E+14 0.00141 
   79   79    1    1    1    1    1    1    1    1  1.15657E+14 0.00181 
   80   80    1    1    1    1    1    1    1    1  8.56872E+13 0.00202 
   81   81    1    1    1    1    1    1    1    1  6.64420E+13 0.00184 
   82   82    1    1    1    1    1    1    1    1  5.09762E+13 0.00266 
   83   83    1    1    1    1    1    1    1    1  4.75182E+13 0.00180 
   84   84    1    1    1    1    1    1    1    1  3.41633E+13 0.00337 
   85   85    1    1    1    1    1    1    1    1  2.46477E+13 0.00282 
   86   86    1    1    1    1    1    1    1    1  2.31084E+13 0.00363 
   87   87    1    1    1    1    1    1    1    1  1.41361E+13 0.00528 
   88   88    1    1    1    1    1    1    1    1  9.46135E+12 0.00493 
   89   89    1    1    1    1    1    1    1    1  5.41552E+12 0.00782 
   90   90    1    1    1    1    1    1    1    1  3.56118E+12 0.00819 
   91   91    1    1    1    1    1    1    1    1  1.78053E+12 0.01174 
   92   92    1    1    1    1    1    1    1    1  8.68185E+11 0.01732 
   93   93    1    1    1    1    1    1    1    1  3.89095E+11 0.02568 
   94   94    1    1    1    1    1    1    1    1  2.02680E+11 0.04417 
   95   95    1    1    1    1    1    1    1    1  1.01168E+11 0.06003 
   96   96    1    1    1    1    1    1    1    1  4.74388E+10 0.08019 
   97   97    1    1    1    1    1    1    1    1  2.03695E+10 0.13316 
   98   98    1    1    1    1    1    1    1    1  9.50488E+09 0.20092 
   99   99    1    1    1    1    1    1    1    1  4.40275E+09 0.21500 
  100  100    1    1    1    1    1    1    1    1  4.07187E+09 0.23049 
];


