
DETdpaspec = [
    1    1    1    1    1    1    1    1    1    1  0.00000E+00 0.00000 
    2    2    1    1    1    1    1    1    1    1  0.00000E+00 0.00000 
    3    3    1    1    1    1    1    1    1    1  0.00000E+00 0.00000 
    4    4    1    1    1    1    1    1    1    1  0.00000E+00 0.00000 
    5    5    1    1    1    1    1    1    1    1  0.00000E+00 0.00000 
    6    6    1    1    1    1    1    1    1    1  0.00000E+00 0.00000 
    7    7    1    1    1    1    1    1    1    1  0.00000E+00 0.00000 
    8    8    1    1    1    1    1    1    1    1  0.00000E+00 0.00000 
    9    9    1    1    1    1    1    1    1    1  8.95534E+06 1.00000 
   10   10    1    1    1    1    1    1    1    1  0.00000E+00 0.00000 
   11   11    1    1    1    1    1    1    1    1  8.92254E+07 0.68890 
   12   12    1    1    1    1    1    1    1    1  3.03035E+08 1.00000 
   13   13    1    1    1    1    1    1    1    1  2.74238E+08 0.82970 
   14   14    1    1    1    1    1    1    1    1  3.29078E+08 0.68835 
   15   15    1    1    1    1    1    1    1    1  1.17107E+09 0.67830 
   16   16    1    1    1    1    1    1    1    1  6.60142E+08 0.54979 
   17   17    1    1    1    1    1    1    1    1  4.61025E+08 0.72004 
   18   18    1    1    1    1    1    1    1    1  1.01611E+09 0.38441 
   19   19    1    1    1    1    1    1    1    1  4.30275E+08 0.52183 
   20   20    1    1    1    1    1    1    1    1  3.57986E+09 0.24350 
   21   21    1    1    1    1    1    1    1    1  4.40369E+09 0.26798 
   22   22    1    1    1    1    1    1    1    1  1.03498E+10 0.13220 
   23   23    1    1    1    1    1    1    1    1  4.36191E+10 0.10354 
   24   24    1    1    1    1    1    1    1    1  1.25887E+11 0.04386 
   25   25    1    1    1    1    1    1    1    1  2.21423E+11 0.03348 
   26   26    1    1    1    1    1    1    1    1  5.04920E+11 0.02482 
   27   27    1    1    1    1    1    1    1    1  1.08140E+12 0.01525 
   28   28    1    1    1    1    1    1    1    1  2.21935E+12 0.01359 
   29   29    1    1    1    1    1    1    1    1  3.63394E+12 0.00781 
   30   30    1    1    1    1    1    1    1    1  7.35448E+12 0.00621 
   31   31    1    1    1    1    1    1    1    1  1.58796E+13 0.00446 
   32   32    1    1    1    1    1    1    1    1  2.38655E+13 0.00318 
   33   33    1    1    1    1    1    1    1    1  4.83244E+13 0.00285 
   34   34    1    1    1    1    1    1    1    1  6.02213E+13 0.00174 
   35   35    1    1    1    1    1    1    1    1  6.22825E+13 0.00155 
   36   36    1    1    1    1    1    1    1    1  3.71726E+13 0.00217 
   37   37    1    1    1    1    1    1    1    1  1.08413E+13 0.00203 
   38   38    1    1    1    1    1    1    1    1  6.22103E+13 0.00154 
   39   39    1    1    1    1    1    1    1    1  8.24255E+13 0.00167 
   40   40    1    1    1    1    1    1    1    1  1.39488E+14 0.00156 
   41   41    1    1    1    1    1    1    1    1  1.33851E+14 0.00114 
   42   42    1    1    1    1    1    1    1    1  2.88468E+14 0.00095 
   43   43    1    1    1    1    1    1    1    1  3.45176E+14 0.00113 
   44   44    1    1    1    1    1    1    1    1  4.91263E+14 0.00097 
   45   45    1    1    1    1    1    1    1    1  9.61310E+14 0.00056 
   46   46    1    1    1    1    1    1    1    1  4.30237E+14 0.00058 
   47   47    1    1    1    1    1    1    1    1  6.81041E+14 0.00086 
   48   48    1    1    1    1    1    1    1    1  9.32928E+14 0.00077 
   49   49    1    1    1    1    1    1    1    1  9.09413E+14 0.00074 
   50   50    1    1    1    1    1    1    1    1  1.42056E+15 0.00064 
   51   51    1    1    1    1    1    1    1    1  1.09474E+15 0.00051 
   52   52    1    1    1    1    1    1    1    1  1.32151E+15 0.00058 
   53   53    1    1    1    1    1    1    1    1  9.04907E+14 0.00068 
   54   54    1    1    1    1    1    1    1    1  1.12436E+15 0.00063 
   55   55    1    1    1    1    1    1    1    1  7.66903E+14 0.00053 
   56   56    1    1    1    1    1    1    1    1  1.03555E+14 0.00117 
   57   57    1    1    1    1    1    1    1    1  1.51246E+15 0.00048 
   58   58    1    1    1    1    1    1    1    1  6.91030E+14 0.00045 
   59   59    1    1    1    1    1    1    1    1  7.26720E+14 0.00057 
   60   60    1    1    1    1    1    1    1    1  5.76152E+14 0.00062 
   61   61    1    1    1    1    1    1    1    1  5.73873E+14 0.00057 
   62   62    1    1    1    1    1    1    1    1  5.97651E+14 0.00072 
   63   63    1    1    1    1    1    1    1    1  5.04117E+14 0.00061 
   64   64    1    1    1    1    1    1    1    1  4.01048E+14 0.00073 
   65   65    1    1    1    1    1    1    1    1  3.97532E+14 0.00072 
   66   66    1    1    1    1    1    1    1    1  2.86166E+14 0.00097 
   67   67    1    1    1    1    1    1    1    1  2.31439E+14 0.00115 
   68   68    1    1    1    1    1    1    1    1  2.05840E+14 0.00122 
   69   69    1    1    1    1    1    1    1    1  2.45956E+14 0.00128 
   70   70    1    1    1    1    1    1    1    1  2.08085E+14 0.00122 
   71   71    1    1    1    1    1    1    1    1  3.72274E+14 0.00084 
   72   72    1    1    1    1    1    1    1    1  2.61740E+14 0.00105 
   73   73    1    1    1    1    1    1    1    1  1.97072E+14 0.00104 
   74   74    1    1    1    1    1    1    1    1  1.60334E+14 0.00144 
   75   75    1    1    1    1    1    1    1    1  1.34881E+14 0.00159 
   76   76    1    1    1    1    1    1    1    1  1.58589E+14 0.00129 
   77   77    1    1    1    1    1    1    1    1  1.26711E+14 0.00132 
   78   78    1    1    1    1    1    1    1    1  1.01740E+14 0.00165 
   79   79    1    1    1    1    1    1    1    1  1.05925E+14 0.00176 
   80   80    1    1    1    1    1    1    1    1  7.86703E+13 0.00151 
   81   81    1    1    1    1    1    1    1    1  6.05559E+13 0.00166 
   82   82    1    1    1    1    1    1    1    1  4.64325E+13 0.00211 
   83   83    1    1    1    1    1    1    1    1  4.33275E+13 0.00196 
   84   84    1    1    1    1    1    1    1    1  3.09525E+13 0.00203 
   85   85    1    1    1    1    1    1    1    1  2.22610E+13 0.00283 
   86   86    1    1    1    1    1    1    1    1  2.06520E+13 0.00343 
   87   87    1    1    1    1    1    1    1    1  1.25802E+13 0.00505 
   88   88    1    1    1    1    1    1    1    1  8.39425E+12 0.00469 
   89   89    1    1    1    1    1    1    1    1  4.72873E+12 0.00770 
   90   90    1    1    1    1    1    1    1    1  3.13660E+12 0.00704 
   91   91    1    1    1    1    1    1    1    1  1.51982E+12 0.01312 
   92   92    1    1    1    1    1    1    1    1  7.47554E+11 0.01604 
   93   93    1    1    1    1    1    1    1    1  3.61868E+11 0.02328 
   94   94    1    1    1    1    1    1    1    1  1.62827E+11 0.04900 
   95   95    1    1    1    1    1    1    1    1  8.16354E+10 0.05346 
   96   96    1    1    1    1    1    1    1    1  3.73954E+10 0.07567 
   97   97    1    1    1    1    1    1    1    1  2.21354E+10 0.12709 
   98   98    1    1    1    1    1    1    1    1  8.62670E+09 0.12930 
   99   99    1    1    1    1    1    1    1    1  2.37182E+09 0.27161 
  100  100    1    1    1    1    1    1    1    1  2.97313E+09 0.27966 
];


