
DETdpaspec = [
    1    1    1    1    1    1    1    1    1    1  0.00000E+00 0.00000 
    2    2    1    1    1    1    1    1    1    1  0.00000E+00 0.00000 
    3    3    1    1    1    1    1    1    1    1  0.00000E+00 0.00000 
    4    4    1    1    1    1    1    1    1    1  0.00000E+00 0.00000 
    5    5    1    1    1    1    1    1    1    1  8.62073E+06 1.00000 
    6    6    1    1    1    1    1    1    1    1  0.00000E+00 0.00000 
    7    7    1    1    1    1    1    1    1    1  0.00000E+00 0.00000 
    8    8    1    1    1    1    1    1    1    1  0.00000E+00 0.00000 
    9    9    1    1    1    1    1    1    1    1  1.13035E+07 1.00000 
   10   10    1    1    1    1    1    1    1    1  0.00000E+00 0.00000 
   11   11    1    1    1    1    1    1    1    1  0.00000E+00 0.00000 
   12   12    1    1    1    1    1    1    1    1  4.54931E+07 1.00000 
   13   13    1    1    1    1    1    1    1    1  6.17372E+08 0.48679 
   14   14    1    1    1    1    1    1    1    1  8.24011E+08 0.48991 
   15   15    1    1    1    1    1    1    1    1  1.11336E+09 0.40447 
   16   16    1    1    1    1    1    1    1    1  7.38487E+08 0.45818 
   17   17    1    1    1    1    1    1    1    1  6.84022E+08 0.51264 
   18   18    1    1    1    1    1    1    1    1  6.31762E+08 0.42886 
   19   19    1    1    1    1    1    1    1    1  1.48492E+09 0.19673 
   20   20    1    1    1    1    1    1    1    1  8.31265E+09 0.22627 
   21   21    1    1    1    1    1    1    1    1  5.00618E+09 0.15839 
   22   22    1    1    1    1    1    1    1    1  9.50272E+09 0.17875 
   23   23    1    1    1    1    1    1    1    1  1.76070E+10 0.12536 
   24   24    1    1    1    1    1    1    1    1  3.41569E+10 0.08119 
   25   25    1    1    1    1    1    1    1    1  4.10055E+10 0.07488 
   26   26    1    1    1    1    1    1    1    1  8.27061E+10 0.04709 
   27   27    1    1    1    1    1    1    1    1  1.79341E+11 0.03060 
   28   28    1    1    1    1    1    1    1    1  4.55725E+11 0.03061 
   29   29    1    1    1    1    1    1    1    1  8.16957E+11 0.01632 
   30   30    1    1    1    1    1    1    1    1  2.08725E+12 0.01210 
   31   31    1    1    1    1    1    1    1    1  5.96286E+12 0.00690 
   32   32    1    1    1    1    1    1    1    1  1.05365E+13 0.00646 
   33   33    1    1    1    1    1    1    1    1  2.47502E+13 0.00339 
   34   34    1    1    1    1    1    1    1    1  3.40439E+13 0.00255 
   35   35    1    1    1    1    1    1    1    1  4.06344E+13 0.00215 
   36   36    1    1    1    1    1    1    1    1  2.62832E+13 0.00235 
   37   37    1    1    1    1    1    1    1    1  7.85407E+12 0.00264 
   38   38    1    1    1    1    1    1    1    1  4.49823E+13 0.00212 
   39   39    1    1    1    1    1    1    1    1  6.07821E+13 0.00178 
   40   40    1    1    1    1    1    1    1    1  1.04811E+14 0.00153 
   41   41    1    1    1    1    1    1    1    1  1.03823E+14 0.00189 
   42   42    1    1    1    1    1    1    1    1  2.25431E+14 0.00134 
   43   43    1    1    1    1    1    1    1    1  2.75430E+14 0.00087 
   44   44    1    1    1    1    1    1    1    1  4.01999E+14 0.00076 
   45   45    1    1    1    1    1    1    1    1  8.13225E+14 0.00077 
   46   46    1    1    1    1    1    1    1    1  3.78230E+14 0.00079 
   47   47    1    1    1    1    1    1    1    1  6.07592E+14 0.00080 
   48   48    1    1    1    1    1    1    1    1  8.51496E+14 0.00072 
   49   49    1    1    1    1    1    1    1    1  8.44914E+14 0.00071 
   50   50    1    1    1    1    1    1    1    1  1.34083E+15 0.00051 
   51   51    1    1    1    1    1    1    1    1  1.06254E+15 0.00065 
   52   52    1    1    1    1    1    1    1    1  1.28724E+15 0.00063 
   53   53    1    1    1    1    1    1    1    1  8.97395E+14 0.00068 
   54   54    1    1    1    1    1    1    1    1  1.11630E+15 0.00065 
   55   55    1    1    1    1    1    1    1    1  7.69871E+14 0.00059 
   56   56    1    1    1    1    1    1    1    1  1.04489E+14 0.00073 
   57   57    1    1    1    1    1    1    1    1  1.53359E+15 0.00061 
   58   58    1    1    1    1    1    1    1    1  6.99299E+14 0.00052 
   59   59    1    1    1    1    1    1    1    1  7.43551E+14 0.00062 
   60   60    1    1    1    1    1    1    1    1  5.88496E+14 0.00072 
   61   61    1    1    1    1    1    1    1    1  5.89876E+14 0.00079 
   62   62    1    1    1    1    1    1    1    1  6.16819E+14 0.00070 
   63   63    1    1    1    1    1    1    1    1  5.22790E+14 0.00085 
   64   64    1    1    1    1    1    1    1    1  4.18204E+14 0.00090 
   65   65    1    1    1    1    1    1    1    1  4.16900E+14 0.00083 
   66   66    1    1    1    1    1    1    1    1  3.01908E+14 0.00103 
   67   67    1    1    1    1    1    1    1    1  2.45367E+14 0.00112 
   68   68    1    1    1    1    1    1    1    1  2.19643E+14 0.00130 
   69   69    1    1    1    1    1    1    1    1  2.63737E+14 0.00084 
   70   70    1    1    1    1    1    1    1    1  2.24870E+14 0.00116 
   71   71    1    1    1    1    1    1    1    1  4.07385E+14 0.00069 
   72   72    1    1    1    1    1    1    1    1  2.89281E+14 0.00131 
   73   73    1    1    1    1    1    1    1    1  2.18484E+14 0.00111 
   74   74    1    1    1    1    1    1    1    1  1.77198E+14 0.00124 
   75   75    1    1    1    1    1    1    1    1  1.48442E+14 0.00124 
   76   76    1    1    1    1    1    1    1    1  1.73973E+14 0.00110 
   77   77    1    1    1    1    1    1    1    1  1.38914E+14 0.00119 
   78   78    1    1    1    1    1    1    1    1  1.11370E+14 0.00154 
   79   79    1    1    1    1    1    1    1    1  1.15582E+14 0.00159 
   80   80    1    1    1    1    1    1    1    1  8.56462E+13 0.00205 
   81   81    1    1    1    1    1    1    1    1  6.64065E+13 0.00215 
   82   82    1    1    1    1    1    1    1    1  5.09023E+13 0.00239 
   83   83    1    1    1    1    1    1    1    1  4.77289E+13 0.00275 
   84   84    1    1    1    1    1    1    1    1  3.42515E+13 0.00214 
   85   85    1    1    1    1    1    1    1    1  2.46981E+13 0.00343 
   86   86    1    1    1    1    1    1    1    1  2.32117E+13 0.00275 
   87   87    1    1    1    1    1    1    1    1  1.41801E+13 0.00582 
   88   88    1    1    1    1    1    1    1    1  9.56257E+12 0.00460 
   89   89    1    1    1    1    1    1    1    1  5.46324E+12 0.00491 
   90   90    1    1    1    1    1    1    1    1  3.60757E+12 0.01236 
   91   91    1    1    1    1    1    1    1    1  1.80172E+12 0.01151 
   92   92    1    1    1    1    1    1    1    1  8.66198E+11 0.01968 
   93   93    1    1    1    1    1    1    1    1  4.12384E+11 0.03014 
   94   94    1    1    1    1    1    1    1    1  1.81095E+11 0.02986 
   95   95    1    1    1    1    1    1    1    1  9.64579E+10 0.04184 
   96   96    1    1    1    1    1    1    1    1  4.67236E+10 0.06456 
   97   97    1    1    1    1    1    1    1    1  2.48735E+10 0.09723 
   98   98    1    1    1    1    1    1    1    1  8.91042E+09 0.17370 
   99   99    1    1    1    1    1    1    1    1  5.28801E+09 0.20485 
  100  100    1    1    1    1    1    1    1    1  5.52683E+09 0.18244 
];


