
DETdpaspec = [
    1    1    1    1    1    1    1    1    1    1  0.00000E+00 0.00000 
    2    2    1    1    1    1    1    1    1    1  0.00000E+00 0.00000 
    3    3    1    1    1    1    1    1    1    1  0.00000E+00 0.00000 
    4    4    1    1    1    1    1    1    1    1  0.00000E+00 0.00000 
    5    5    1    1    1    1    1    1    1    1  0.00000E+00 0.00000 
    6    6    1    1    1    1    1    1    1    1  0.00000E+00 0.00000 
    7    7    1    1    1    1    1    1    1    1  0.00000E+00 0.00000 
    8    8    1    1    1    1    1    1    1    1  0.00000E+00 0.00000 
    9    9    1    1    1    1    1    1    1    1  0.00000E+00 0.00000 
   10   10    1    1    1    1    1    1    1    1  0.00000E+00 0.00000 
   11   11    1    1    1    1    1    1    1    1  0.00000E+00 0.00000 
   12   12    1    1    1    1    1    1    1    1  1.11366E+08 0.93486 
   13   13    1    1    1    1    1    1    1    1  5.14384E+08 0.57032 
   14   14    1    1    1    1    1    1    1    1  3.12509E+08 0.68831 
   15   15    1    1    1    1    1    1    1    1  5.96696E+08 0.67763 
   16   16    1    1    1    1    1    1    1    1  3.97619E+08 0.82912 
   17   17    1    1    1    1    1    1    1    1  7.10127E+08 0.37270 
   18   18    1    1    1    1    1    1    1    1  1.06462E+09 0.30498 
   19   19    1    1    1    1    1    1    1    1  1.29216E+09 0.31992 
   20   20    1    1    1    1    1    1    1    1  5.55350E+09 0.25553 
   21   21    1    1    1    1    1    1    1    1  5.25651E+09 0.20317 
   22   22    1    1    1    1    1    1    1    1  1.13955E+10 0.10893 
   23   23    1    1    1    1    1    1    1    1  2.79266E+10 0.12072 
   24   24    1    1    1    1    1    1    1    1  7.82644E+10 0.06603 
   25   25    1    1    1    1    1    1    1    1  1.38487E+11 0.04561 
   26   26    1    1    1    1    1    1    1    1  3.04267E+11 0.02670 
   27   27    1    1    1    1    1    1    1    1  6.98723E+11 0.02031 
   28   28    1    1    1    1    1    1    1    1  1.54326E+12 0.01408 
   29   29    1    1    1    1    1    1    1    1  2.61720E+12 0.00912 
   30   30    1    1    1    1    1    1    1    1  5.54974E+12 0.00813 
   31   31    1    1    1    1    1    1    1    1  1.27693E+13 0.00693 
   32   32    1    1    1    1    1    1    1    1  1.98642E+13 0.00377 
   33   33    1    1    1    1    1    1    1    1  4.18492E+13 0.00189 
   34   34    1    1    1    1    1    1    1    1  5.38005E+13 0.00268 
   35   35    1    1    1    1    1    1    1    1  5.69092E+13 0.00238 
   36   36    1    1    1    1    1    1    1    1  3.44677E+13 0.00214 
   37   37    1    1    1    1    1    1    1    1  1.01022E+13 0.00231 
   38   38    1    1    1    1    1    1    1    1  5.80535E+13 0.00150 
   39   39    1    1    1    1    1    1    1    1  7.73479E+13 0.00145 
   40   40    1    1    1    1    1    1    1    1  1.31715E+14 0.00097 
   41   41    1    1    1    1    1    1    1    1  1.27451E+14 0.00132 
   42   42    1    1    1    1    1    1    1    1  2.74902E+14 0.00118 
   43   43    1    1    1    1    1    1    1    1  3.28905E+14 0.00081 
   44   44    1    1    1    1    1    1    1    1  4.71729E+14 0.00060 
   45   45    1    1    1    1    1    1    1    1  9.31663E+14 0.00067 
   46   46    1    1    1    1    1    1    1    1  4.20065E+14 0.00064 
   47   47    1    1    1    1    1    1    1    1  6.66099E+14 0.00065 
   48   48    1    1    1    1    1    1    1    1  9.18715E+14 0.00038 
   49   49    1    1    1    1    1    1    1    1  8.98685E+14 0.00063 
   50   50    1    1    1    1    1    1    1    1  1.41002E+15 0.00046 
   51   51    1    1    1    1    1    1    1    1  1.09250E+15 0.00042 
   52   52    1    1    1    1    1    1    1    1  1.32085E+15 0.00062 
   53   53    1    1    1    1    1    1    1    1  9.07368E+14 0.00053 
   54   54    1    1    1    1    1    1    1    1  1.12921E+15 0.00050 
   55   55    1    1    1    1    1    1    1    1  7.73202E+14 0.00068 
   56   56    1    1    1    1    1    1    1    1  1.04217E+14 0.00115 
   57   57    1    1    1    1    1    1    1    1  1.52629E+15 0.00052 
   58   58    1    1    1    1    1    1    1    1  6.98162E+14 0.00066 
   59   59    1    1    1    1    1    1    1    1  7.35321E+14 0.00060 
   60   60    1    1    1    1    1    1    1    1  5.84036E+14 0.00060 
   61   61    1    1    1    1    1    1    1    1  5.82578E+14 0.00063 
   62   62    1    1    1    1    1    1    1    1  6.06901E+14 0.00052 
   63   63    1    1    1    1    1    1    1    1  5.13018E+14 0.00080 
   64   64    1    1    1    1    1    1    1    1  4.08030E+14 0.00097 
   65   65    1    1    1    1    1    1    1    1  4.06072E+14 0.00088 
   66   66    1    1    1    1    1    1    1    1  2.93132E+14 0.00084 
   67   67    1    1    1    1    1    1    1    1  2.37046E+14 0.00073 
   68   68    1    1    1    1    1    1    1    1  2.11577E+14 0.00070 
   69   69    1    1    1    1    1    1    1    1  2.53453E+14 0.00121 
   70   70    1    1    1    1    1    1    1    1  2.14331E+14 0.00093 
   71   71    1    1    1    1    1    1    1    1  3.83297E+14 0.00102 
   72   72    1    1    1    1    1    1    1    1  2.70157E+14 0.00106 
   73   73    1    1    1    1    1    1    1    1  2.03788E+14 0.00121 
   74   74    1    1    1    1    1    1    1    1  1.65984E+14 0.00137 
   75   75    1    1    1    1    1    1    1    1  1.39351E+14 0.00174 
   76   76    1    1    1    1    1    1    1    1  1.63596E+14 0.00110 
   77   77    1    1    1    1    1    1    1    1  1.31169E+14 0.00160 
   78   78    1    1    1    1    1    1    1    1  1.05481E+14 0.00125 
   79   79    1    1    1    1    1    1    1    1  1.09658E+14 0.00179 
   80   80    1    1    1    1    1    1    1    1  8.14838E+13 0.00171 
   81   81    1    1    1    1    1    1    1    1  6.27894E+13 0.00227 
   82   82    1    1    1    1    1    1    1    1  4.82109E+13 0.00267 
   83   83    1    1    1    1    1    1    1    1  4.49324E+13 0.00172 
   84   84    1    1    1    1    1    1    1    1  3.22282E+13 0.00232 
   85   85    1    1    1    1    1    1    1    1  2.32183E+13 0.00340 
   86   86    1    1    1    1    1    1    1    1  2.16103E+13 0.00329 
   87   87    1    1    1    1    1    1    1    1  1.32744E+13 0.00409 
   88   88    1    1    1    1    1    1    1    1  8.89092E+12 0.00532 
   89   89    1    1    1    1    1    1    1    1  5.01488E+12 0.00638 
   90   90    1    1    1    1    1    1    1    1  3.29446E+12 0.00770 
   91   91    1    1    1    1    1    1    1    1  1.63547E+12 0.00879 
   92   92    1    1    1    1    1    1    1    1  7.98738E+11 0.01816 
   93   93    1    1    1    1    1    1    1    1  3.85160E+11 0.02099 
   94   94    1    1    1    1    1    1    1    1  1.79341E+11 0.02154 
   95   95    1    1    1    1    1    1    1    1  8.01668E+10 0.05779 
   96   96    1    1    1    1    1    1    1    1  4.10836E+10 0.05801 
   97   97    1    1    1    1    1    1    1    1  1.95135E+10 0.11165 
   98   98    1    1    1    1    1    1    1    1  9.84583E+09 0.15360 
   99   99    1    1    1    1    1    1    1    1  4.71177E+09 0.27894 
  100  100    1    1    1    1    1    1    1    1  2.96981E+09 0.29129 
];


