
DETdpaspec = [
    1    1    1    1    1    1    1    1    1    1  0.00000E+00 0.00000 
    2    2    1    1    1    1    1    1    1    1  0.00000E+00 0.00000 
    3    3    1    1    1    1    1    1    1    1  0.00000E+00 0.00000 
    4    4    1    1    1    1    1    1    1    1  0.00000E+00 0.00000 
    5    5    1    1    1    1    1    1    1    1  0.00000E+00 0.00000 
    6    6    1    1    1    1    1    1    1    1  0.00000E+00 0.00000 
    7    7    1    1    1    1    1    1    1    1  0.00000E+00 0.00000 
    8    8    1    1    1    1    1    1    1    1  1.21938E+07 0.68921 
    9    9    1    1    1    1    1    1    1    1  0.00000E+00 0.00000 
   10   10    1    1    1    1    1    1    1    1  0.00000E+00 0.00000 
   11   11    1    1    1    1    1    1    1    1  0.00000E+00 0.00000 
   12   12    1    1    1    1    1    1    1    1  2.13729E+07 1.00000 
   13   13    1    1    1    1    1    1    1    1  6.80739E+08 0.47498 
   14   14    1    1    1    1    1    1    1    1  6.16560E+08 0.50411 
   15   15    1    1    1    1    1    1    1    1  3.29737E+08 0.59501 
   16   16    1    1    1    1    1    1    1    1  7.06264E+08 0.51538 
   17   17    1    1    1    1    1    1    1    1  7.56752E+08 0.35886 
   18   18    1    1    1    1    1    1    1    1  1.48007E+09 0.37267 
   19   19    1    1    1    1    1    1    1    1  2.78436E+09 0.24759 
   20   20    1    1    1    1    1    1    1    1  6.78966E+09 0.18356 
   21   21    1    1    1    1    1    1    1    1  6.50917E+09 0.21303 
   22   22    1    1    1    1    1    1    1    1  1.18859E+10 0.14685 
   23   23    1    1    1    1    1    1    1    1  1.59988E+10 0.08467 
   24   24    1    1    1    1    1    1    1    1  3.44488E+10 0.08313 
   25   25    1    1    1    1    1    1    1    1  4.80976E+10 0.06119 
   26   26    1    1    1    1    1    1    1    1  8.24893E+10 0.05132 
   27   27    1    1    1    1    1    1    1    1  1.74164E+11 0.04012 
   28   28    1    1    1    1    1    1    1    1  4.24795E+11 0.02558 
   29   29    1    1    1    1    1    1    1    1  7.56093E+11 0.01546 
   30   30    1    1    1    1    1    1    1    1  1.95531E+12 0.01143 
   31   31    1    1    1    1    1    1    1    1  5.75486E+12 0.00793 
   32   32    1    1    1    1    1    1    1    1  1.02738E+13 0.00643 
   33   33    1    1    1    1    1    1    1    1  2.40681E+13 0.00349 
   34   34    1    1    1    1    1    1    1    1  3.33134E+13 0.00291 
   35   35    1    1    1    1    1    1    1    1  3.99089E+13 0.00286 
   36   36    1    1    1    1    1    1    1    1  2.59781E+13 0.00226 
   37   37    1    1    1    1    1    1    1    1  7.81116E+12 0.00243 
   38   38    1    1    1    1    1    1    1    1  4.44827E+13 0.00136 
   39   39    1    1    1    1    1    1    1    1  6.00980E+13 0.00181 
   40   40    1    1    1    1    1    1    1    1  1.03540E+14 0.00153 
   41   41    1    1    1    1    1    1    1    1  1.03226E+14 0.00172 
   42   42    1    1    1    1    1    1    1    1  2.23809E+14 0.00140 
   43   43    1    1    1    1    1    1    1    1  2.73611E+14 0.00107 
   44   44    1    1    1    1    1    1    1    1  3.99715E+14 0.00061 
   45   45    1    1    1    1    1    1    1    1  8.07865E+14 0.00089 
   46   46    1    1    1    1    1    1    1    1  3.76146E+14 0.00097 
   47   47    1    1    1    1    1    1    1    1  6.04968E+14 0.00074 
   48   48    1    1    1    1    1    1    1    1  8.48457E+14 0.00097 
   49   49    1    1    1    1    1    1    1    1  8.41708E+14 0.00095 
   50   50    1    1    1    1    1    1    1    1  1.33532E+15 0.00062 
   51   51    1    1    1    1    1    1    1    1  1.06054E+15 0.00055 
   52   52    1    1    1    1    1    1    1    1  1.28515E+15 0.00054 
   53   53    1    1    1    1    1    1    1    1  8.94990E+14 0.00054 
   54   54    1    1    1    1    1    1    1    1  1.11380E+15 0.00056 
   55   55    1    1    1    1    1    1    1    1  7.69071E+14 0.00061 
   56   56    1    1    1    1    1    1    1    1  1.04632E+14 0.00107 
   57   57    1    1    1    1    1    1    1    1  1.53407E+15 0.00048 
   58   58    1    1    1    1    1    1    1    1  6.98303E+14 0.00072 
   59   59    1    1    1    1    1    1    1    1  7.43204E+14 0.00070 
   60   60    1    1    1    1    1    1    1    1  5.87437E+14 0.00074 
   61   61    1    1    1    1    1    1    1    1  5.89247E+14 0.00072 
   62   62    1    1    1    1    1    1    1    1  6.16345E+14 0.00064 
   63   63    1    1    1    1    1    1    1    1  5.22379E+14 0.00103 
   64   64    1    1    1    1    1    1    1    1  4.18136E+14 0.00087 
   65   65    1    1    1    1    1    1    1    1  4.16966E+14 0.00071 
   66   66    1    1    1    1    1    1    1    1  3.01946E+14 0.00093 
   67   67    1    1    1    1    1    1    1    1  2.45325E+14 0.00081 
   68   68    1    1    1    1    1    1    1    1  2.19922E+14 0.00119 
   69   69    1    1    1    1    1    1    1    1  2.64177E+14 0.00080 
   70   70    1    1    1    1    1    1    1    1  2.25202E+14 0.00148 
   71   71    1    1    1    1    1    1    1    1  4.08299E+14 0.00112 
   72   72    1    1    1    1    1    1    1    1  2.88994E+14 0.00093 
   73   73    1    1    1    1    1    1    1    1  2.18602E+14 0.00136 
   74   74    1    1    1    1    1    1    1    1  1.77546E+14 0.00147 
   75   75    1    1    1    1    1    1    1    1  1.48797E+14 0.00164 
   76   76    1    1    1    1    1    1    1    1  1.74553E+14 0.00137 
   77   77    1    1    1    1    1    1    1    1  1.38869E+14 0.00117 
   78   78    1    1    1    1    1    1    1    1  1.11345E+14 0.00148 
   79   79    1    1    1    1    1    1    1    1  1.15162E+14 0.00138 
   80   80    1    1    1    1    1    1    1    1  8.58241E+13 0.00153 
   81   81    1    1    1    1    1    1    1    1  6.60388E+13 0.00254 
   82   82    1    1    1    1    1    1    1    1  5.06002E+13 0.00215 
   83   83    1    1    1    1    1    1    1    1  4.74018E+13 0.00181 
   84   84    1    1    1    1    1    1    1    1  3.42787E+13 0.00287 
   85   85    1    1    1    1    1    1    1    1  2.46831E+13 0.00409 
   86   86    1    1    1    1    1    1    1    1  2.30542E+13 0.00314 
   87   87    1    1    1    1    1    1    1    1  1.41588E+13 0.00370 
   88   88    1    1    1    1    1    1    1    1  9.51003E+12 0.00527 
   89   89    1    1    1    1    1    1    1    1  5.50064E+12 0.00613 
   90   90    1    1    1    1    1    1    1    1  3.56430E+12 0.00609 
   91   91    1    1    1    1    1    1    1    1  1.79806E+12 0.01170 
   92   92    1    1    1    1    1    1    1    1  8.88014E+11 0.01807 
   93   93    1    1    1    1    1    1    1    1  4.30001E+11 0.01859 
   94   94    1    1    1    1    1    1    1    1  2.04634E+11 0.04078 
   95   95    1    1    1    1    1    1    1    1  9.95511E+10 0.05643 
   96   96    1    1    1    1    1    1    1    1  4.89553E+10 0.08540 
   97   97    1    1    1    1    1    1    1    1  2.03197E+10 0.10703 
   98   98    1    1    1    1    1    1    1    1  9.69224E+09 0.10713 
   99   99    1    1    1    1    1    1    1    1  6.14933E+09 0.25852 
  100  100    1    1    1    1    1    1    1    1  3.82796E+09 0.27833 
];


