
DETdpaspec = [
    1    1    1    1    1    1    1    1    1    1  0.00000E+00 0.00000 
    2    2    1    1    1    1    1    1    1    1  0.00000E+00 0.00000 
    3    3    1    1    1    1    1    1    1    1  0.00000E+00 0.00000 
    4    4    1    1    1    1    1    1    1    1  0.00000E+00 0.00000 
    5    5    1    1    1    1    1    1    1    1  0.00000E+00 0.00000 
    6    6    1    1    1    1    1    1    1    1  0.00000E+00 0.00000 
    7    7    1    1    1    1    1    1    1    1  0.00000E+00 0.00000 
    8    8    1    1    1    1    1    1    1    1  0.00000E+00 0.00000 
    9    9    1    1    1    1    1    1    1    1  0.00000E+00 0.00000 
   10   10    1    1    1    1    1    1    1    1  0.00000E+00 0.00000 
   11   11    1    1    1    1    1    1    1    1  0.00000E+00 0.00000 
   12   12    1    1    1    1    1    1    1    1  0.00000E+00 0.00000 
   13   13    1    1    1    1    1    1    1    1  1.51954E+08 1.00000 
   14   14    1    1    1    1    1    1    1    1  2.61992E+08 0.81079 
   15   15    1    1    1    1    1    1    1    1  3.12591E+08 0.69449 
   16   16    1    1    1    1    1    1    1    1  1.04099E+08 1.00000 
   17   17    1    1    1    1    1    1    1    1  9.57496E+07 0.98163 
   18   18    1    1    1    1    1    1    1    1  1.06873E+09 0.40487 
   19   19    1    1    1    1    1    1    1    1  1.67780E+09 0.30514 
   20   20    1    1    1    1    1    1    1    1  3.63713E+09 0.25028 
   21   21    1    1    1    1    1    1    1    1  4.50941E+09 0.23119 
   22   22    1    1    1    1    1    1    1    1  1.13708E+10 0.18501 
   23   23    1    1    1    1    1    1    1    1  3.32630E+10 0.09702 
   24   24    1    1    1    1    1    1    1    1  1.17022E+11 0.03957 
   25   25    1    1    1    1    1    1    1    1  2.00621E+11 0.03921 
   26   26    1    1    1    1    1    1    1    1  4.34386E+11 0.01744 
   27   27    1    1    1    1    1    1    1    1  8.99413E+11 0.01953 
   28   28    1    1    1    1    1    1    1    1  1.94270E+12 0.00921 
   29   29    1    1    1    1    1    1    1    1  3.17285E+12 0.00872 
   30   30    1    1    1    1    1    1    1    1  6.60708E+12 0.00869 
   31   31    1    1    1    1    1    1    1    1  1.46258E+13 0.00568 
   32   32    1    1    1    1    1    1    1    1  2.22380E+13 0.00478 
   33   33    1    1    1    1    1    1    1    1  4.58142E+13 0.00370 
   34   34    1    1    1    1    1    1    1    1  5.76364E+13 0.00293 
   35   35    1    1    1    1    1    1    1    1  6.00080E+13 0.00219 
   36   36    1    1    1    1    1    1    1    1  3.61213E+13 0.00223 
   37   37    1    1    1    1    1    1    1    1  1.05472E+13 0.00254 
   38   38    1    1    1    1    1    1    1    1  6.05427E+13 0.00182 
   39   39    1    1    1    1    1    1    1    1  8.01366E+13 0.00162 
   40   40    1    1    1    1    1    1    1    1  1.36242E+14 0.00192 
   41   41    1    1    1    1    1    1    1    1  1.31020E+14 0.00157 
   42   42    1    1    1    1    1    1    1    1  2.82592E+14 0.00103 
   43   43    1    1    1    1    1    1    1    1  3.38321E+14 0.00105 
   44   44    1    1    1    1    1    1    1    1  4.83343E+14 0.00067 
   45   45    1    1    1    1    1    1    1    1  9.50553E+14 0.00070 
   46   46    1    1    1    1    1    1    1    1  4.26847E+14 0.00077 
   47   47    1    1    1    1    1    1    1    1  6.76621E+14 0.00071 
   48   48    1    1    1    1    1    1    1    1  9.29204E+14 0.00070 
   49   49    1    1    1    1    1    1    1    1  9.05884E+14 0.00066 
   50   50    1    1    1    1    1    1    1    1  1.41777E+15 0.00075 
   51   51    1    1    1    1    1    1    1    1  1.09472E+15 0.00057 
   52   52    1    1    1    1    1    1    1    1  1.32288E+15 0.00057 
   53   53    1    1    1    1    1    1    1    1  9.06468E+14 0.00068 
   54   54    1    1    1    1    1    1    1    1  1.12796E+15 0.00061 
   55   55    1    1    1    1    1    1    1    1  7.69931E+14 0.00059 
   56   56    1    1    1    1    1    1    1    1  1.03990E+14 0.00126 
   57   57    1    1    1    1    1    1    1    1  1.51883E+15 0.00055 
   58   58    1    1    1    1    1    1    1    1  6.93385E+14 0.00065 
   59   59    1    1    1    1    1    1    1    1  7.30487E+14 0.00055 
   60   60    1    1    1    1    1    1    1    1  5.79461E+14 0.00058 
   61   61    1    1    1    1    1    1    1    1  5.77504E+14 0.00055 
   62   62    1    1    1    1    1    1    1    1  6.02215E+14 0.00074 
   63   63    1    1    1    1    1    1    1    1  5.07698E+14 0.00085 
   64   64    1    1    1    1    1    1    1    1  4.04125E+14 0.00060 
   65   65    1    1    1    1    1    1    1    1  4.01010E+14 0.00080 
   66   66    1    1    1    1    1    1    1    1  2.89505E+14 0.00106 
   67   67    1    1    1    1    1    1    1    1  2.33562E+14 0.00098 
   68   68    1    1    1    1    1    1    1    1  2.08341E+14 0.00115 
   69   69    1    1    1    1    1    1    1    1  2.49095E+14 0.00119 
   70   70    1    1    1    1    1    1    1    1  2.10795E+14 0.00086 
   71   71    1    1    1    1    1    1    1    1  3.76641E+14 0.00120 
   72   72    1    1    1    1    1    1    1    1  2.65087E+14 0.00082 
   73   73    1    1    1    1    1    1    1    1  1.99999E+14 0.00139 
   74   74    1    1    1    1    1    1    1    1  1.62940E+14 0.00106 
   75   75    1    1    1    1    1    1    1    1  1.36829E+14 0.00105 
   76   76    1    1    1    1    1    1    1    1  1.60689E+14 0.00078 
   77   77    1    1    1    1    1    1    1    1  1.28858E+14 0.00169 
   78   78    1    1    1    1    1    1    1    1  1.03407E+14 0.00170 
   79   79    1    1    1    1    1    1    1    1  1.07166E+14 0.00150 
   80   80    1    1    1    1    1    1    1    1  8.00543E+13 0.00164 
   81   81    1    1    1    1    1    1    1    1  6.13439E+13 0.00267 
   82   82    1    1    1    1    1    1    1    1  4.69629E+13 0.00224 
   83   83    1    1    1    1    1    1    1    1  4.39298E+13 0.00232 
   84   84    1    1    1    1    1    1    1    1  3.15152E+13 0.00308 
   85   85    1    1    1    1    1    1    1    1  2.26134E+13 0.00315 
   86   86    1    1    1    1    1    1    1    1  2.12284E+13 0.00313 
   87   87    1    1    1    1    1    1    1    1  1.28752E+13 0.00320 
   88   88    1    1    1    1    1    1    1    1  8.63931E+12 0.00434 
   89   89    1    1    1    1    1    1    1    1  4.90840E+12 0.00647 
   90   90    1    1    1    1    1    1    1    1  3.22875E+12 0.00939 
   91   91    1    1    1    1    1    1    1    1  1.58161E+12 0.01228 
   92   92    1    1    1    1    1    1    1    1  7.66457E+11 0.01125 
   93   93    1    1    1    1    1    1    1    1  3.62192E+11 0.02106 
   94   94    1    1    1    1    1    1    1    1  1.73742E+11 0.03737 
   95   95    1    1    1    1    1    1    1    1  8.60269E+10 0.05887 
   96   96    1    1    1    1    1    1    1    1  4.24115E+10 0.06398 
   97   97    1    1    1    1    1    1    1    1  2.06280E+10 0.09854 
   98   98    1    1    1    1    1    1    1    1  6.52170E+09 0.17648 
   99   99    1    1    1    1    1    1    1    1  2.90730E+09 0.27683 
  100  100    1    1    1    1    1    1    1    1  3.36745E+09 0.31012 
];


