
DETdpaspec = [
    1    1    1    1    1    1    1    1    1    1  0.00000E+00 0.00000 
    2    2    1    1    1    1    1    1    1    1  0.00000E+00 0.00000 
    3    3    1    1    1    1    1    1    1    1  0.00000E+00 0.00000 
    4    4    1    1    1    1    1    1    1    1  0.00000E+00 0.00000 
    5    5    1    1    1    1    1    1    1    1  6.11298E+06 1.00000 
    6    6    1    1    1    1    1    1    1    1  0.00000E+00 0.00000 
    7    7    1    1    1    1    1    1    1    1  0.00000E+00 0.00000 
    8    8    1    1    1    1    1    1    1    1  0.00000E+00 0.00000 
    9    9    1    1    1    1    1    1    1    1  0.00000E+00 0.00000 
   10   10    1    1    1    1    1    1    1    1  0.00000E+00 0.00000 
   11   11    1    1    1    1    1    1    1    1  1.49210E+08 0.63402 
   12   12    1    1    1    1    1    1    1    1  0.00000E+00 0.00000 
   13   13    1    1    1    1    1    1    1    1  1.73772E+08 0.63515 
   14   14    1    1    1    1    1    1    1    1  1.07896E+09 0.61465 
   15   15    1    1    1    1    1    1    1    1  5.42240E+08 0.54032 
   16   16    1    1    1    1    1    1    1    1  2.99814E+08 0.52843 
   17   17    1    1    1    1    1    1    1    1  1.27174E+09 0.30796 
   18   18    1    1    1    1    1    1    1    1  1.94935E+09 0.28366 
   19   19    1    1    1    1    1    1    1    1  2.48740E+09 0.20972 
   20   20    1    1    1    1    1    1    1    1  1.07783E+10 0.17803 
   21   21    1    1    1    1    1    1    1    1  7.82950E+09 0.14076 
   22   22    1    1    1    1    1    1    1    1  1.71066E+10 0.11744 
   23   23    1    1    1    1    1    1    1    1  2.38701E+10 0.08246 
   24   24    1    1    1    1    1    1    1    1  4.54773E+10 0.05466 
   25   25    1    1    1    1    1    1    1    1  5.26926E+10 0.05769 
   26   26    1    1    1    1    1    1    1    1  7.31074E+10 0.04565 
   27   27    1    1    1    1    1    1    1    1  1.33150E+11 0.03739 
   28   28    1    1    1    1    1    1    1    1  2.99184E+11 0.02549 
   29   29    1    1    1    1    1    1    1    1  4.63040E+11 0.01941 
   30   30    1    1    1    1    1    1    1    1  1.30006E+12 0.01491 
   31   31    1    1    1    1    1    1    1    1  4.07839E+12 0.00931 
   32   32    1    1    1    1    1    1    1    1  7.75697E+12 0.00466 
   33   33    1    1    1    1    1    1    1    1  1.85645E+13 0.00431 
   34   34    1    1    1    1    1    1    1    1  2.60989E+13 0.00303 
   35   35    1    1    1    1    1    1    1    1  3.46254E+13 0.00256 
   36   36    1    1    1    1    1    1    1    1  2.34797E+13 0.00268 
   37   37    1    1    1    1    1    1    1    1  7.20210E+12 0.00303 
   38   38    1    1    1    1    1    1    1    1  4.03712E+13 0.00216 
   39   39    1    1    1    1    1    1    1    1  5.45960E+13 0.00206 
   40   40    1    1    1    1    1    1    1    1  9.41275E+13 0.00172 
   41   41    1    1    1    1    1    1    1    1  9.58304E+13 0.00223 
   42   42    1    1    1    1    1    1    1    1  2.05925E+14 0.00095 
   43   43    1    1    1    1    1    1    1    1  2.51839E+14 0.00098 
   44   44    1    1    1    1    1    1    1    1  3.69917E+14 0.00097 
   45   45    1    1    1    1    1    1    1    1  7.48888E+14 0.00076 
   46   46    1    1    1    1    1    1    1    1  3.55237E+14 0.00070 
   47   47    1    1    1    1    1    1    1    1  5.77204E+14 0.00052 
   48   48    1    1    1    1    1    1    1    1  8.13426E+14 0.00069 
   49   49    1    1    1    1    1    1    1    1  8.13914E+14 0.00084 
   50   50    1    1    1    1    1    1    1    1  1.28509E+15 0.00055 
   51   51    1    1    1    1    1    1    1    1  1.03734E+15 0.00076 
   52   52    1    1    1    1    1    1    1    1  1.24588E+15 0.00065 
   53   53    1    1    1    1    1    1    1    1  8.75189E+14 0.00085 
   54   54    1    1    1    1    1    1    1    1  1.07806E+15 0.00065 
   55   55    1    1    1    1    1    1    1    1  7.47118E+14 0.00051 
   56   56    1    1    1    1    1    1    1    1  1.02064E+14 0.00120 
   57   57    1    1    1    1    1    1    1    1  1.49601E+15 0.00047 
   58   58    1    1    1    1    1    1    1    1  6.71448E+14 0.00066 
   59   59    1    1    1    1    1    1    1    1  7.19517E+14 0.00076 
   60   60    1    1    1    1    1    1    1    1  5.63784E+14 0.00073 
   61   61    1    1    1    1    1    1    1    1  5.66200E+14 0.00064 
   62   62    1    1    1    1    1    1    1    1  5.93486E+14 0.00075 
   63   63    1    1    1    1    1    1    1    1  5.02005E+14 0.00085 
   64   64    1    1    1    1    1    1    1    1  4.01923E+14 0.00070 
   65   65    1    1    1    1    1    1    1    1  4.01606E+14 0.00092 
   66   66    1    1    1    1    1    1    1    1  2.90520E+14 0.00069 
   67   67    1    1    1    1    1    1    1    1  2.37282E+14 0.00113 
   68   68    1    1    1    1    1    1    1    1  2.12739E+14 0.00116 
   69   69    1    1    1    1    1    1    1    1  2.56044E+14 0.00096 
   70   70    1    1    1    1    1    1    1    1  2.18953E+14 0.00101 
   71   71    1    1    1    1    1    1    1    1  4.01471E+14 0.00085 
   72   72    1    1    1    1    1    1    1    1  2.85566E+14 0.00099 
   73   73    1    1    1    1    1    1    1    1  2.15768E+14 0.00115 
   74   74    1    1    1    1    1    1    1    1  1.73709E+14 0.00142 
   75   75    1    1    1    1    1    1    1    1  1.44434E+14 0.00107 
   76   76    1    1    1    1    1    1    1    1  1.67824E+14 0.00092 
   77   77    1    1    1    1    1    1    1    1  1.32590E+14 0.00124 
   78   78    1    1    1    1    1    1    1    1  1.05570E+14 0.00164 
   79   79    1    1    1    1    1    1    1    1  1.08872E+14 0.00118 
   80   80    1    1    1    1    1    1    1    1  8.07875E+13 0.00150 
   81   81    1    1    1    1    1    1    1    1  6.20676E+13 0.00164 
   82   82    1    1    1    1    1    1    1    1  4.76923E+13 0.00239 
   83   83    1    1    1    1    1    1    1    1  4.46208E+13 0.00295 
   84   84    1    1    1    1    1    1    1    1  3.23440E+13 0.00346 
   85   85    1    1    1    1    1    1    1    1  2.31255E+13 0.00367 
   86   86    1    1    1    1    1    1    1    1  2.16138E+13 0.00275 
   87   87    1    1    1    1    1    1    1    1  1.34064E+13 0.00507 
   88   88    1    1    1    1    1    1    1    1  9.03946E+12 0.00707 
   89   89    1    1    1    1    1    1    1    1  5.16939E+12 0.00582 
   90   90    1    1    1    1    1    1    1    1  3.42008E+12 0.00946 
   91   91    1    1    1    1    1    1    1    1  1.72735E+12 0.01502 
   92   92    1    1    1    1    1    1    1    1  8.44578E+11 0.02429 
   93   93    1    1    1    1    1    1    1    1  4.00420E+11 0.02830 
   94   94    1    1    1    1    1    1    1    1  1.89923E+11 0.02761 
   95   95    1    1    1    1    1    1    1    1  9.25227E+10 0.06465 
   96   96    1    1    1    1    1    1    1    1  4.90014E+10 0.09502 
   97   97    1    1    1    1    1    1    1    1  2.35974E+10 0.10616 
   98   98    1    1    1    1    1    1    1    1  9.60485E+09 0.13097 
   99   99    1    1    1    1    1    1    1    1  3.07400E+09 0.34105 
  100  100    1    1    1    1    1    1    1    1  3.84336E+09 0.24867 
];


