
DETdpaspec = [
    1    1    1    1    1    1    1    1    1    1  0.00000E+00 0.00000 
    2    2    1    1    1    1    1    1    1    1  0.00000E+00 0.00000 
    3    3    1    1    1    1    1    1    1    1  0.00000E+00 0.00000 
    4    4    1    1    1    1    1    1    1    1  0.00000E+00 0.00000 
    5    5    1    1    1    1    1    1    1    1  0.00000E+00 0.00000 
    6    6    1    1    1    1    1    1    1    1  0.00000E+00 0.00000 
    7    7    1    1    1    1    1    1    1    1  0.00000E+00 0.00000 
    8    8    1    1    1    1    1    1    1    1  6.74097E+06 1.00000 
    9    9    1    1    1    1    1    1    1    1  0.00000E+00 0.00000 
   10   10    1    1    1    1    1    1    1    1  0.00000E+00 0.00000 
   11   11    1    1    1    1    1    1    1    1  3.92852E+07 1.00000 
   12   12    1    1    1    1    1    1    1    1  2.81522E+07 1.00000 
   13   13    1    1    1    1    1    1    1    1  6.94120E+08 0.57696 
   14   14    1    1    1    1    1    1    1    1  1.52903E+09 0.51416 
   15   15    1    1    1    1    1    1    1    1  1.04155E+09 0.67299 
   16   16    1    1    1    1    1    1    1    1  1.32951E+08 0.81946 
   17   17    1    1    1    1    1    1    1    1  7.39846E+08 0.51694 
   18   18    1    1    1    1    1    1    1    1  1.83913E+09 0.31539 
   19   19    1    1    1    1    1    1    1    1  1.85364E+09 0.25211 
   20   20    1    1    1    1    1    1    1    1  5.22048E+09 0.17793 
   21   21    1    1    1    1    1    1    1    1  6.04524E+09 0.23853 
   22   22    1    1    1    1    1    1    1    1  1.10518E+10 0.15479 
   23   23    1    1    1    1    1    1    1    1  1.80000E+10 0.11234 
   24   24    1    1    1    1    1    1    1    1  4.14835E+10 0.07669 
   25   25    1    1    1    1    1    1    1    1  5.33851E+10 0.07060 
   26   26    1    1    1    1    1    1    1    1  1.01132E+11 0.05185 
   27   27    1    1    1    1    1    1    1    1  2.16928E+11 0.03492 
   28   28    1    1    1    1    1    1    1    1  5.12449E+11 0.01817 
   29   29    1    1    1    1    1    1    1    1  9.56863E+11 0.01279 
   30   30    1    1    1    1    1    1    1    1  2.40278E+12 0.01313 
   31   31    1    1    1    1    1    1    1    1  6.63854E+12 0.00696 
   32   32    1    1    1    1    1    1    1    1  1.16177E+13 0.00522 
   33   33    1    1    1    1    1    1    1    1  2.67609E+13 0.00317 
   34   34    1    1    1    1    1    1    1    1  3.64743E+13 0.00273 
   35   35    1    1    1    1    1    1    1    1  4.25883E+13 0.00260 
   36   36    1    1    1    1    1    1    1    1  2.72963E+13 0.00257 
   37   37    1    1    1    1    1    1    1    1  8.13114E+12 0.00262 
   38   38    1    1    1    1    1    1    1    1  4.66209E+13 0.00235 
   39   39    1    1    1    1    1    1    1    1  6.27304E+13 0.00164 
   40   40    1    1    1    1    1    1    1    1  1.08376E+14 0.00157 
   41   41    1    1    1    1    1    1    1    1  1.07203E+14 0.00154 
   42   42    1    1    1    1    1    1    1    1  2.32758E+14 0.00152 
   43   43    1    1    1    1    1    1    1    1  2.83021E+14 0.00121 
   44   44    1    1    1    1    1    1    1    1  4.11754E+14 0.00095 
   45   45    1    1    1    1    1    1    1    1  8.31932E+14 0.00085 
   46   46    1    1    1    1    1    1    1    1  3.84571E+14 0.00065 
   47   47    1    1    1    1    1    1    1    1  6.16923E+14 0.00062 
   48   48    1    1    1    1    1    1    1    1  8.62553E+14 0.00051 
   49   49    1    1    1    1    1    1    1    1  8.53682E+14 0.00068 
   50   50    1    1    1    1    1    1    1    1  1.35302E+15 0.00055 
   51   51    1    1    1    1    1    1    1    1  1.06820E+15 0.00065 
   52   52    1    1    1    1    1    1    1    1  1.29567E+15 0.00059 
   53   53    1    1    1    1    1    1    1    1  8.99800E+14 0.00059 
   54   54    1    1    1    1    1    1    1    1  1.12202E+15 0.00058 
   55   55    1    1    1    1    1    1    1    1  7.72788E+14 0.00065 
   56   56    1    1    1    1    1    1    1    1  1.04783E+14 0.00103 
   57   57    1    1    1    1    1    1    1    1  1.53778E+15 0.00039 
   58   58    1    1    1    1    1    1    1    1  7.01515E+14 0.00054 
   59   59    1    1    1    1    1    1    1    1  7.45041E+14 0.00071 
   60   60    1    1    1    1    1    1    1    1  5.89515E+14 0.00082 
   61   61    1    1    1    1    1    1    1    1  5.91674E+14 0.00071 
   62   62    1    1    1    1    1    1    1    1  6.18359E+14 0.00076 
   63   63    1    1    1    1    1    1    1    1  5.23763E+14 0.00053 
   64   64    1    1    1    1    1    1    1    1  4.18708E+14 0.00064 
   65   65    1    1    1    1    1    1    1    1  4.16886E+14 0.00111 
   66   66    1    1    1    1    1    1    1    1  3.02503E+14 0.00096 
   67   67    1    1    1    1    1    1    1    1  2.44931E+14 0.00082 
   68   68    1    1    1    1    1    1    1    1  2.19823E+14 0.00074 
   69   69    1    1    1    1    1    1    1    1  2.63662E+14 0.00115 
   70   70    1    1    1    1    1    1    1    1  2.23998E+14 0.00112 
   71   71    1    1    1    1    1    1    1    1  4.05745E+14 0.00121 
   72   72    1    1    1    1    1    1    1    1  2.86973E+14 0.00096 
   73   73    1    1    1    1    1    1    1    1  2.17123E+14 0.00110 
   74   74    1    1    1    1    1    1    1    1  1.76944E+14 0.00102 
   75   75    1    1    1    1    1    1    1    1  1.48212E+14 0.00121 
   76   76    1    1    1    1    1    1    1    1  1.74089E+14 0.00134 
   77   77    1    1    1    1    1    1    1    1  1.38817E+14 0.00130 
   78   78    1    1    1    1    1    1    1    1  1.11260E+14 0.00105 
   79   79    1    1    1    1    1    1    1    1  1.15610E+14 0.00183 
   80   80    1    1    1    1    1    1    1    1  8.59908E+13 0.00202 
   81   81    1    1    1    1    1    1    1    1  6.61958E+13 0.00173 
   82   82    1    1    1    1    1    1    1    1  5.10158E+13 0.00230 
   83   83    1    1    1    1    1    1    1    1  4.76001E+13 0.00220 
   84   84    1    1    1    1    1    1    1    1  3.40661E+13 0.00294 
   85   85    1    1    1    1    1    1    1    1  2.46642E+13 0.00360 
   86   86    1    1    1    1    1    1    1    1  2.30642E+13 0.00249 
   87   87    1    1    1    1    1    1    1    1  1.41004E+13 0.00387 
   88   88    1    1    1    1    1    1    1    1  9.53583E+12 0.00505 
   89   89    1    1    1    1    1    1    1    1  5.44557E+12 0.00539 
   90   90    1    1    1    1    1    1    1    1  3.64123E+12 0.00746 
   91   91    1    1    1    1    1    1    1    1  1.82871E+12 0.01679 
   92   92    1    1    1    1    1    1    1    1  8.70803E+11 0.01731 
   93   93    1    1    1    1    1    1    1    1  4.15708E+11 0.02249 
   94   94    1    1    1    1    1    1    1    1  1.94515E+11 0.04112 
   95   95    1    1    1    1    1    1    1    1  9.38829E+10 0.04951 
   96   96    1    1    1    1    1    1    1    1  4.07463E+10 0.07737 
   97   97    1    1    1    1    1    1    1    1  2.22220E+10 0.12712 
   98   98    1    1    1    1    1    1    1    1  9.07350E+09 0.12007 
   99   99    1    1    1    1    1    1    1    1  3.63059E+09 0.21326 
  100  100    1    1    1    1    1    1    1    1  9.88355E+09 0.20837 
];


