
DETdpaspec = [
    1    1    1    1    1    1    1    1    1    1  0.00000E+00 0.00000 
    2    2    1    1    1    1    1    1    1    1  0.00000E+00 0.00000 
    3    3    1    1    1    1    1    1    1    1  0.00000E+00 0.00000 
    4    4    1    1    1    1    1    1    1    1  0.00000E+00 0.00000 
    5    5    1    1    1    1    1    1    1    1  0.00000E+00 0.00000 
    6    6    1    1    1    1    1    1    1    1  0.00000E+00 0.00000 
    7    7    1    1    1    1    1    1    1    1  0.00000E+00 0.00000 
    8    8    1    1    1    1    1    1    1    1  0.00000E+00 0.00000 
    9    9    1    1    1    1    1    1    1    1  0.00000E+00 0.00000 
   10   10    1    1    1    1    1    1    1    1  5.09162E+07 1.00000 
   11   11    1    1    1    1    1    1    1    1  6.83226E+07 0.68985 
   12   12    1    1    1    1    1    1    1    1  2.76503E+07 1.00000 
   13   13    1    1    1    1    1    1    1    1  3.08682E+08 0.83971 
   14   14    1    1    1    1    1    1    1    1  2.25902E+08 0.58301 
   15   15    1    1    1    1    1    1    1    1  2.17023E+09 0.35173 
   16   16    1    1    1    1    1    1    1    1  6.91914E+08 0.38733 
   17   17    1    1    1    1    1    1    1    1  7.47003E+08 0.29856 
   18   18    1    1    1    1    1    1    1    1  1.47207E+09 0.36062 
   19   19    1    1    1    1    1    1    1    1  2.39920E+09 0.30317 
   20   20    1    1    1    1    1    1    1    1  7.06940E+09 0.17272 
   21   21    1    1    1    1    1    1    1    1  6.71962E+09 0.13352 
   22   22    1    1    1    1    1    1    1    1  1.32739E+10 0.13921 
   23   23    1    1    1    1    1    1    1    1  2.43798E+10 0.09110 
   24   24    1    1    1    1    1    1    1    1  3.13335E+10 0.09165 
   25   25    1    1    1    1    1    1    1    1  4.58317E+10 0.06315 
   26   26    1    1    1    1    1    1    1    1  8.11788E+10 0.04804 
   27   27    1    1    1    1    1    1    1    1  1.62560E+11 0.04154 
   28   28    1    1    1    1    1    1    1    1  4.08481E+11 0.03005 
   29   29    1    1    1    1    1    1    1    1  6.93957E+11 0.01980 
   30   30    1    1    1    1    1    1    1    1  1.86538E+12 0.00931 
   31   31    1    1    1    1    1    1    1    1  5.49603E+12 0.00652 
   32   32    1    1    1    1    1    1    1    1  9.89704E+12 0.00399 
   33   33    1    1    1    1    1    1    1    1  2.33026E+13 0.00324 
   34   34    1    1    1    1    1    1    1    1  3.24967E+13 0.00308 
   35   35    1    1    1    1    1    1    1    1  3.93466E+13 0.00251 
   36   36    1    1    1    1    1    1    1    1  2.55940E+13 0.00174 
   37   37    1    1    1    1    1    1    1    1  7.69961E+12 0.00208 
   38   38    1    1    1    1    1    1    1    1  4.38961E+13 0.00210 
   39   39    1    1    1    1    1    1    1    1  5.94615E+13 0.00192 
   40   40    1    1    1    1    1    1    1    1  1.02548E+14 0.00140 
   41   41    1    1    1    1    1    1    1    1  1.02095E+14 0.00107 
   42   42    1    1    1    1    1    1    1    1  2.21916E+14 0.00120 
   43   43    1    1    1    1    1    1    1    1  2.70929E+14 0.00129 
   44   44    1    1    1    1    1    1    1    1  3.96768E+14 0.00081 
   45   45    1    1    1    1    1    1    1    1  8.02561E+14 0.00078 
   46   46    1    1    1    1    1    1    1    1  3.74500E+14 0.00085 
   47   47    1    1    1    1    1    1    1    1  6.03690E+14 0.00073 
   48   48    1    1    1    1    1    1    1    1  8.46361E+14 0.00061 
   49   49    1    1    1    1    1    1    1    1  8.40979E+14 0.00046 
   50   50    1    1    1    1    1    1    1    1  1.33300E+15 0.00075 
   51   51    1    1    1    1    1    1    1    1  1.05823E+15 0.00065 
   52   52    1    1    1    1    1    1    1    1  1.28255E+15 0.00058 
   53   53    1    1    1    1    1    1    1    1  8.93973E+14 0.00065 
   54   54    1    1    1    1    1    1    1    1  1.11194E+15 0.00066 
   55   55    1    1    1    1    1    1    1    1  7.67947E+14 0.00076 
   56   56    1    1    1    1    1    1    1    1  1.04180E+14 0.00115 
   57   57    1    1    1    1    1    1    1    1  1.53048E+15 0.00053 
   58   58    1    1    1    1    1    1    1    1  6.96500E+14 0.00060 
   59   59    1    1    1    1    1    1    1    1  7.41585E+14 0.00060 
   60   60    1    1    1    1    1    1    1    1  5.86765E+14 0.00070 
   61   61    1    1    1    1    1    1    1    1  5.88079E+14 0.00057 
   62   62    1    1    1    1    1    1    1    1  6.15994E+14 0.00079 
   63   63    1    1    1    1    1    1    1    1  5.21669E+14 0.00089 
   64   64    1    1    1    1    1    1    1    1  4.17076E+14 0.00077 
   65   65    1    1    1    1    1    1    1    1  4.16806E+14 0.00088 
   66   66    1    1    1    1    1    1    1    1  3.01439E+14 0.00109 
   67   67    1    1    1    1    1    1    1    1  2.44788E+14 0.00136 
   68   68    1    1    1    1    1    1    1    1  2.19768E+14 0.00108 
   69   69    1    1    1    1    1    1    1    1  2.64071E+14 0.00114 
   70   70    1    1    1    1    1    1    1    1  2.24654E+14 0.00134 
   71   71    1    1    1    1    1    1    1    1  4.07831E+14 0.00103 
   72   72    1    1    1    1    1    1    1    1  2.89690E+14 0.00103 
   73   73    1    1    1    1    1    1    1    1  2.18963E+14 0.00130 
   74   74    1    1    1    1    1    1    1    1  1.77873E+14 0.00136 
   75   75    1    1    1    1    1    1    1    1  1.48734E+14 0.00145 
   76   76    1    1    1    1    1    1    1    1  1.73933E+14 0.00132 
   77   77    1    1    1    1    1    1    1    1  1.38709E+14 0.00158 
   78   78    1    1    1    1    1    1    1    1  1.11044E+14 0.00119 
   79   79    1    1    1    1    1    1    1    1  1.15145E+14 0.00185 
   80   80    1    1    1    1    1    1    1    1  8.59035E+13 0.00174 
   81   81    1    1    1    1    1    1    1    1  6.58840E+13 0.00186 
   82   82    1    1    1    1    1    1    1    1  5.06780E+13 0.00310 
   83   83    1    1    1    1    1    1    1    1  4.76442E+13 0.00239 
   84   84    1    1    1    1    1    1    1    1  3.40936E+13 0.00247 
   85   85    1    1    1    1    1    1    1    1  2.47677E+13 0.00441 
   86   86    1    1    1    1    1    1    1    1  2.29416E+13 0.00378 
   87   87    1    1    1    1    1    1    1    1  1.41112E+13 0.00526 
   88   88    1    1    1    1    1    1    1    1  9.55857E+12 0.00380 
   89   89    1    1    1    1    1    1    1    1  5.43654E+12 0.00657 
   90   90    1    1    1    1    1    1    1    1  3.62237E+12 0.01103 
   91   91    1    1    1    1    1    1    1    1  1.81908E+12 0.01412 
   92   92    1    1    1    1    1    1    1    1  8.65809E+11 0.02544 
   93   93    1    1    1    1    1    1    1    1  3.99696E+11 0.02870 
   94   94    1    1    1    1    1    1    1    1  1.95719E+11 0.02827 
   95   95    1    1    1    1    1    1    1    1  8.62981E+10 0.06179 
   96   96    1    1    1    1    1    1    1    1  5.15256E+10 0.07645 
   97   97    1    1    1    1    1    1    1    1  1.86807E+10 0.10897 
   98   98    1    1    1    1    1    1    1    1  1.47765E+10 0.16840 
   99   99    1    1    1    1    1    1    1    1  5.83483E+09 0.29334 
  100  100    1    1    1    1    1    1    1    1  4.11248E+09 0.26311 
];


