
DETdpaspec = [
    1    1    1    1    1    1    1    1    1    1  0.00000E+00 0.00000 
    2    2    1    1    1    1    1    1    1    1  0.00000E+00 0.00000 
    3    3    1    1    1    1    1    1    1    1  0.00000E+00 0.00000 
    4    4    1    1    1    1    1    1    1    1  0.00000E+00 0.00000 
    5    5    1    1    1    1    1    1    1    1  0.00000E+00 0.00000 
    6    6    1    1    1    1    1    1    1    1  0.00000E+00 0.00000 
    7    7    1    1    1    1    1    1    1    1  0.00000E+00 0.00000 
    8    8    1    1    1    1    1    1    1    1  0.00000E+00 0.00000 
    9    9    1    1    1    1    1    1    1    1  0.00000E+00 0.00000 
   10   10    1    1    1    1    1    1    1    1  0.00000E+00 0.00000 
   11   11    1    1    1    1    1    1    1    1  3.33587E+07 1.00000 
   12   12    1    1    1    1    1    1    1    1  1.98722E+07 1.00000 
   13   13    1    1    1    1    1    1    1    1  2.58889E+08 1.00000 
   14   14    1    1    1    1    1    1    1    1  4.40608E+08 0.52325 
   15   15    1    1    1    1    1    1    1    1  6.63746E+08 0.49446 
   16   16    1    1    1    1    1    1    1    1  4.43485E+08 0.51941 
   17   17    1    1    1    1    1    1    1    1  6.01439E+08 0.48409 
   18   18    1    1    1    1    1    1    1    1  2.63694E+09 0.24897 
   19   19    1    1    1    1    1    1    1    1  1.66318E+09 0.30119 
   20   20    1    1    1    1    1    1    1    1  5.51993E+09 0.26123 
   21   21    1    1    1    1    1    1    1    1  5.65792E+09 0.19764 
   22   22    1    1    1    1    1    1    1    1  9.14032E+09 0.15906 
   23   23    1    1    1    1    1    1    1    1  2.27625E+10 0.07489 
   24   24    1    1    1    1    1    1    1    1  4.22581E+10 0.09539 
   25   25    1    1    1    1    1    1    1    1  5.57438E+10 0.07443 
   26   26    1    1    1    1    1    1    1    1  1.03765E+11 0.04000 
   27   27    1    1    1    1    1    1    1    1  2.39220E+11 0.02630 
   28   28    1    1    1    1    1    1    1    1  6.06701E+11 0.02357 
   29   29    1    1    1    1    1    1    1    1  1.10146E+12 0.01228 
   30   30    1    1    1    1    1    1    1    1  2.62141E+12 0.00941 
   31   31    1    1    1    1    1    1    1    1  7.15461E+12 0.00832 
   32   32    1    1    1    1    1    1    1    1  1.21934E+13 0.00559 
   33   33    1    1    1    1    1    1    1    1  2.80905E+13 0.00342 
   34   34    1    1    1    1    1    1    1    1  3.82921E+13 0.00242 
   35   35    1    1    1    1    1    1    1    1  4.40730E+13 0.00253 
   36   36    1    1    1    1    1    1    1    1  2.80263E+13 0.00247 
   37   37    1    1    1    1    1    1    1    1  8.33696E+12 0.00191 
   38   38    1    1    1    1    1    1    1    1  4.76749E+13 0.00180 
   39   39    1    1    1    1    1    1    1    1  6.42988E+13 0.00229 
   40   40    1    1    1    1    1    1    1    1  1.10596E+14 0.00153 
   41   41    1    1    1    1    1    1    1    1  1.09208E+14 0.00187 
   42   42    1    1    1    1    1    1    1    1  2.36757E+14 0.00156 
   43   43    1    1    1    1    1    1    1    1  2.87592E+14 0.00090 
   44   44    1    1    1    1    1    1    1    1  4.17953E+14 0.00114 
   45   45    1    1    1    1    1    1    1    1  8.42492E+14 0.00064 
   46   46    1    1    1    1    1    1    1    1  3.88942E+14 0.00074 
   47   47    1    1    1    1    1    1    1    1  6.23332E+14 0.00082 
   48   48    1    1    1    1    1    1    1    1  8.69330E+14 0.00081 
   49   49    1    1    1    1    1    1    1    1  8.59992E+14 0.00062 
   50   50    1    1    1    1    1    1    1    1  1.35971E+15 0.00066 
   51   51    1    1    1    1    1    1    1    1  1.07163E+15 0.00065 
   52   52    1    1    1    1    1    1    1    1  1.29984E+15 0.00068 
   53   53    1    1    1    1    1    1    1    1  9.01537E+14 0.00066 
   54   54    1    1    1    1    1    1    1    1  1.12453E+15 0.00051 
   55   55    1    1    1    1    1    1    1    1  7.73886E+14 0.00059 
   56   56    1    1    1    1    1    1    1    1  1.04903E+14 0.00126 
   57   57    1    1    1    1    1    1    1    1  1.53880E+15 0.00057 
   58   58    1    1    1    1    1    1    1    1  7.02412E+14 0.00074 
   59   59    1    1    1    1    1    1    1    1  7.45812E+14 0.00068 
   60   60    1    1    1    1    1    1    1    1  5.90661E+14 0.00065 
   61   61    1    1    1    1    1    1    1    1  5.90930E+14 0.00092 
   62   62    1    1    1    1    1    1    1    1  6.18020E+14 0.00080 
   63   63    1    1    1    1    1    1    1    1  5.23549E+14 0.00082 
   64   64    1    1    1    1    1    1    1    1  4.18579E+14 0.00102 
   65   65    1    1    1    1    1    1    1    1  4.17576E+14 0.00106 
   66   66    1    1    1    1    1    1    1    1  3.02297E+14 0.00090 
   67   67    1    1    1    1    1    1    1    1  2.45026E+14 0.00101 
   68   68    1    1    1    1    1    1    1    1  2.19592E+14 0.00130 
   69   69    1    1    1    1    1    1    1    1  2.62920E+14 0.00102 
   70   70    1    1    1    1    1    1    1    1  2.23928E+14 0.00155 
   71   71    1    1    1    1    1    1    1    1  4.04470E+14 0.00139 
   72   72    1    1    1    1    1    1    1    1  2.85705E+14 0.00124 
   73   73    1    1    1    1    1    1    1    1  2.16346E+14 0.00157 
   74   74    1    1    1    1    1    1    1    1  1.75394E+14 0.00160 
   75   75    1    1    1    1    1    1    1    1  1.47555E+14 0.00112 
   76   76    1    1    1    1    1    1    1    1  1.73094E+14 0.00107 
   77   77    1    1    1    1    1    1    1    1  1.38750E+14 0.00142 
   78   78    1    1    1    1    1    1    1    1  1.11199E+14 0.00133 
   79   79    1    1    1    1    1    1    1    1  1.15491E+14 0.00134 
   80   80    1    1    1    1    1    1    1    1  8.56461E+13 0.00148 
   81   81    1    1    1    1    1    1    1    1  6.60934E+13 0.00222 
   82   82    1    1    1    1    1    1    1    1  5.07589E+13 0.00268 
   83   83    1    1    1    1    1    1    1    1  4.76365E+13 0.00210 
   84   84    1    1    1    1    1    1    1    1  3.43144E+13 0.00402 
   85   85    1    1    1    1    1    1    1    1  2.45502E+13 0.00399 
   86   86    1    1    1    1    1    1    1    1  2.31056E+13 0.00290 
   87   87    1    1    1    1    1    1    1    1  1.41559E+13 0.00434 
   88   88    1    1    1    1    1    1    1    1  9.39880E+12 0.00648 
   89   89    1    1    1    1    1    1    1    1  5.39516E+12 0.00529 
   90   90    1    1    1    1    1    1    1    1  3.59142E+12 0.01112 
   91   91    1    1    1    1    1    1    1    1  1.79199E+12 0.01136 
   92   92    1    1    1    1    1    1    1    1  8.50507E+11 0.01958 
   93   93    1    1    1    1    1    1    1    1  4.11558E+11 0.02594 
   94   94    1    1    1    1    1    1    1    1  1.94908E+11 0.03715 
   95   95    1    1    1    1    1    1    1    1  8.57497E+10 0.03656 
   96   96    1    1    1    1    1    1    1    1  4.51196E+10 0.07346 
   97   97    1    1    1    1    1    1    1    1  2.24836E+10 0.10722 
   98   98    1    1    1    1    1    1    1    1  8.80074E+09 0.14004 
   99   99    1    1    1    1    1    1    1    1  3.60841E+09 0.20947 
  100  100    1    1    1    1    1    1    1    1  3.59148E+09 0.21635 
];


