
DETdpaspec = [
    1    1    1    1    1    1    1    1    1    1  0.00000E+00 0.00000 
    2    2    1    1    1    1    1    1    1    1  0.00000E+00 0.00000 
    3    3    1    1    1    1    1    1    1    1  0.00000E+00 0.00000 
    4    4    1    1    1    1    1    1    1    1  0.00000E+00 0.00000 
    5    5    1    1    1    1    1    1    1    1  0.00000E+00 0.00000 
    6    6    1    1    1    1    1    1    1    1  0.00000E+00 0.00000 
    7    7    1    1    1    1    1    1    1    1  0.00000E+00 0.00000 
    8    8    1    1    1    1    1    1    1    1  0.00000E+00 0.00000 
    9    9    1    1    1    1    1    1    1    1  0.00000E+00 0.00000 
   10   10    1    1    1    1    1    1    1    1  0.00000E+00 0.00000 
   11   11    1    1    1    1    1    1    1    1  0.00000E+00 0.00000 
   12   12    1    1    1    1    1    1    1    1  1.55500E+08 1.00000 
   13   13    1    1    1    1    1    1    1    1  8.80797E+08 0.78616 
   14   14    1    1    1    1    1    1    1    1  1.05304E+08 1.00000 
   15   15    1    1    1    1    1    1    1    1  4.07758E+08 0.70705 
   16   16    1    1    1    1    1    1    1    1  5.22048E+07 1.00000 
   17   17    1    1    1    1    1    1    1    1  2.37141E+08 0.83944 
   18   18    1    1    1    1    1    1    1    1  4.85450E+08 0.59462 
   19   19    1    1    1    1    1    1    1    1  4.53605E+08 0.61827 
   20   20    1    1    1    1    1    1    1    1  3.33535E+09 0.33615 
   21   21    1    1    1    1    1    1    1    1  1.00665E+10 0.12822 
   22   22    1    1    1    1    1    1    1    1  5.03921E+10 0.06765 
   23   23    1    1    1    1    1    1    1    1  1.86407E+11 0.03247 
   24   24    1    1    1    1    1    1    1    1  5.01637E+11 0.01663 
   25   25    1    1    1    1    1    1    1    1  7.52227E+11 0.02340 
   26   26    1    1    1    1    1    1    1    1  1.49505E+12 0.01471 
   27   27    1    1    1    1    1    1    1    1  2.67989E+12 0.01011 
   28   28    1    1    1    1    1    1    1    1  4.55173E+12 0.00693 
   29   29    1    1    1    1    1    1    1    1  6.70031E+12 0.00492 
   30   30    1    1    1    1    1    1    1    1  1.22344E+13 0.00530 
   31   31    1    1    1    1    1    1    1    1  2.32060E+13 0.00438 
   32   32    1    1    1    1    1    1    1    1  3.26600E+13 0.00236 
   33   33    1    1    1    1    1    1    1    1  6.21662E+13 0.00243 
   34   34    1    1    1    1    1    1    1    1  7.39634E+13 0.00253 
   35   35    1    1    1    1    1    1    1    1  7.29134E+13 0.00185 
   36   36    1    1    1    1    1    1    1    1  4.24191E+13 0.00199 
   37   37    1    1    1    1    1    1    1    1  1.22657E+13 0.00235 
   38   38    1    1    1    1    1    1    1    1  7.03846E+13 0.00176 
   39   39    1    1    1    1    1    1    1    1  9.23127E+13 0.00119 
   40   40    1    1    1    1    1    1    1    1  1.54977E+14 0.00115 
   41   41    1    1    1    1    1    1    1    1  1.46876E+14 0.00105 
   42   42    1    1    1    1    1    1    1    1  3.14135E+14 0.00128 
   43   43    1    1    1    1    1    1    1    1  3.71371E+14 0.00090 
   44   44    1    1    1    1    1    1    1    1  5.23224E+14 0.00096 
   45   45    1    1    1    1    1    1    1    1  1.00881E+15 0.00078 
   46   46    1    1    1    1    1    1    1    1  4.44831E+14 0.00082 
   47   47    1    1    1    1    1    1    1    1  6.99508E+14 0.00073 
   48   48    1    1    1    1    1    1    1    1  9.48621E+14 0.00060 
   49   49    1    1    1    1    1    1    1    1  9.16798E+14 0.00064 
   50   50    1    1    1    1    1    1    1    1  1.41954E+15 0.00055 
   51   51    1    1    1    1    1    1    1    1  1.08179E+15 0.00056 
   52   52    1    1    1    1    1    1    1    1  1.29817E+15 0.00041 
   53   53    1    1    1    1    1    1    1    1  8.80914E+14 0.00062 
   54   54    1    1    1    1    1    1    1    1  1.09024E+15 0.00064 
   55   55    1    1    1    1    1    1    1    1  7.39569E+14 0.00073 
   56   56    1    1    1    1    1    1    1    1  9.95519E+13 0.00081 
   57   57    1    1    1    1    1    1    1    1  1.45041E+15 0.00062 
   58   58    1    1    1    1    1    1    1    1  6.59855E+14 0.00072 
   59   59    1    1    1    1    1    1    1    1  6.91231E+14 0.00068 
   60   60    1    1    1    1    1    1    1    1  5.46729E+14 0.00085 
   61   61    1    1    1    1    1    1    1    1  5.43457E+14 0.00106 
   62   62    1    1    1    1    1    1    1    1  5.63517E+14 0.00063 
   63   63    1    1    1    1    1    1    1    1  4.73631E+14 0.00091 
   64   64    1    1    1    1    1    1    1    1  3.74617E+14 0.00083 
   65   65    1    1    1    1    1    1    1    1  3.70827E+14 0.00099 
   66   66    1    1    1    1    1    1    1    1  2.66199E+14 0.00088 
   67   67    1    1    1    1    1    1    1    1  2.14099E+14 0.00121 
   68   68    1    1    1    1    1    1    1    1  1.90338E+14 0.00111 
   69   69    1    1    1    1    1    1    1    1  2.27125E+14 0.00118 
   70   70    1    1    1    1    1    1    1    1  1.91675E+14 0.00138 
   71   71    1    1    1    1    1    1    1    1  3.39343E+14 0.00131 
   72   72    1    1    1    1    1    1    1    1  2.36900E+14 0.00087 
   73   73    1    1    1    1    1    1    1    1  1.78260E+14 0.00126 
   74   74    1    1    1    1    1    1    1    1  1.44660E+14 0.00175 
   75   75    1    1    1    1    1    1    1    1  1.21229E+14 0.00154 
   76   76    1    1    1    1    1    1    1    1  1.42005E+14 0.00135 
   77   77    1    1    1    1    1    1    1    1  1.13813E+14 0.00132 
   78   78    1    1    1    1    1    1    1    1  9.11087E+13 0.00164 
   79   79    1    1    1    1    1    1    1    1  9.41281E+13 0.00232 
   80   80    1    1    1    1    1    1    1    1  6.95552E+13 0.00181 
   81   81    1    1    1    1    1    1    1    1  5.31889E+13 0.00242 
   82   82    1    1    1    1    1    1    1    1  4.06092E+13 0.00221 
   83   83    1    1    1    1    1    1    1    1  3.77113E+13 0.00192 
   84   84    1    1    1    1    1    1    1    1  2.68777E+13 0.00233 
   85   85    1    1    1    1    1    1    1    1  1.92414E+13 0.00364 
   86   86    1    1    1    1    1    1    1    1  1.78252E+13 0.00410 
   87   87    1    1    1    1    1    1    1    1  1.07358E+13 0.00435 
   88   88    1    1    1    1    1    1    1    1  7.03596E+12 0.00592 
   89   89    1    1    1    1    1    1    1    1  3.98768E+12 0.00817 
   90   90    1    1    1    1    1    1    1    1  2.56500E+12 0.00803 
   91   91    1    1    1    1    1    1    1    1  1.23736E+12 0.01019 
   92   92    1    1    1    1    1    1    1    1  5.75973E+11 0.01668 
   93   93    1    1    1    1    1    1    1    1  2.75173E+11 0.03114 
   94   94    1    1    1    1    1    1    1    1  1.25261E+11 0.03451 
   95   95    1    1    1    1    1    1    1    1  6.03713E+10 0.06190 
   96   96    1    1    1    1    1    1    1    1  2.64202E+10 0.09846 
   97   97    1    1    1    1    1    1    1    1  1.06751E+10 0.16096 
   98   98    1    1    1    1    1    1    1    1  5.49692E+09 0.16250 
   99   99    1    1    1    1    1    1    1    1  2.63882E+09 0.19559 
  100  100    1    1    1    1    1    1    1    1  3.07863E+09 0.26612 
];


