
DETdpaspec = [
    1    1    1    1    1    1    1    1    1    1  0.00000E+00 0.00000 
    2    2    1    1    1    1    1    1    1    1  0.00000E+00 0.00000 
    3    3    1    1    1    1    1    1    1    1  0.00000E+00 0.00000 
    4    4    1    1    1    1    1    1    1    1  0.00000E+00 0.00000 
    5    5    1    1    1    1    1    1    1    1  0.00000E+00 0.00000 
    6    6    1    1    1    1    1    1    1    1  0.00000E+00 0.00000 
    7    7    1    1    1    1    1    1    1    1  0.00000E+00 0.00000 
    8    8    1    1    1    1    1    1    1    1  0.00000E+00 0.00000 
    9    9    1    1    1    1    1    1    1    1  0.00000E+00 0.00000 
   10   10    1    1    1    1    1    1    1    1  5.46717E+07 1.00000 
   11   11    1    1    1    1    1    1    1    1  8.74815E+07 1.00000 
   12   12    1    1    1    1    1    1    1    1  3.77694E+08 0.71321 
   13   13    1    1    1    1    1    1    1    1  2.62981E+08 0.70172 
   14   14    1    1    1    1    1    1    1    1  3.84514E+08 0.74695 
   15   15    1    1    1    1    1    1    1    1  1.62931E+09 0.57138 
   16   16    1    1    1    1    1    1    1    1  4.36832E+08 0.90150 
   17   17    1    1    1    1    1    1    1    1  3.48652E+08 0.60352 
   18   18    1    1    1    1    1    1    1    1  1.05870E+09 0.40074 
   19   19    1    1    1    1    1    1    1    1  1.62836E+09 0.36451 
   20   20    1    1    1    1    1    1    1    1  4.99108E+09 0.15337 
   21   21    1    1    1    1    1    1    1    1  3.99584E+09 0.18172 
   22   22    1    1    1    1    1    1    1    1  1.22808E+10 0.11114 
   23   23    1    1    1    1    1    1    1    1  2.78651E+10 0.09749 
   24   24    1    1    1    1    1    1    1    1  7.59317E+10 0.05832 
   25   25    1    1    1    1    1    1    1    1  1.29040E+11 0.03447 
   26   26    1    1    1    1    1    1    1    1  2.88571E+11 0.02744 
   27   27    1    1    1    1    1    1    1    1  6.70172E+11 0.02125 
   28   28    1    1    1    1    1    1    1    1  1.47690E+12 0.01353 
   29   29    1    1    1    1    1    1    1    1  2.49022E+12 0.00984 
   30   30    1    1    1    1    1    1    1    1  5.28636E+12 0.00682 
   31   31    1    1    1    1    1    1    1    1  1.23560E+13 0.00603 
   32   32    1    1    1    1    1    1    1    1  1.93737E+13 0.00477 
   33   33    1    1    1    1    1    1    1    1  4.12210E+13 0.00300 
   34   34    1    1    1    1    1    1    1    1  5.30245E+13 0.00217 
   35   35    1    1    1    1    1    1    1    1  5.62905E+13 0.00188 
   36   36    1    1    1    1    1    1    1    1  3.42706E+13 0.00190 
   37   37    1    1    1    1    1    1    1    1  1.00210E+13 0.00173 
   38   38    1    1    1    1    1    1    1    1  5.75873E+13 0.00153 
   39   39    1    1    1    1    1    1    1    1  7.67063E+13 0.00134 
   40   40    1    1    1    1    1    1    1    1  1.30709E+14 0.00132 
   41   41    1    1    1    1    1    1    1    1  1.26193E+14 0.00133 
   42   42    1    1    1    1    1    1    1    1  2.72534E+14 0.00086 
   43   43    1    1    1    1    1    1    1    1  3.26973E+14 0.00113 
   44   44    1    1    1    1    1    1    1    1  4.68892E+14 0.00076 
   45   45    1    1    1    1    1    1    1    1  9.28746E+14 0.00059 
   46   46    1    1    1    1    1    1    1    1  4.19127E+14 0.00075 
   47   47    1    1    1    1    1    1    1    1  6.65673E+14 0.00071 
   48   48    1    1    1    1    1    1    1    1  9.16935E+14 0.00063 
   49   49    1    1    1    1    1    1    1    1  8.97360E+14 0.00056 
   50   50    1    1    1    1    1    1    1    1  1.40816E+15 0.00048 
   51   51    1    1    1    1    1    1    1    1  1.09216E+15 0.00048 
   52   52    1    1    1    1    1    1    1    1  1.32063E+15 0.00049 
   53   53    1    1    1    1    1    1    1    1  9.07544E+14 0.00053 
   54   54    1    1    1    1    1    1    1    1  1.12973E+15 0.00038 
   55   55    1    1    1    1    1    1    1    1  7.72967E+14 0.00050 
   56   56    1    1    1    1    1    1    1    1  1.04309E+14 0.00087 
   57   57    1    1    1    1    1    1    1    1  1.52778E+15 0.00051 
   58   58    1    1    1    1    1    1    1    1  6.98220E+14 0.00050 
   59   59    1    1    1    1    1    1    1    1  7.36452E+14 0.00067 
   60   60    1    1    1    1    1    1    1    1  5.83888E+14 0.00054 
   61   61    1    1    1    1    1    1    1    1  5.83166E+14 0.00052 
   62   62    1    1    1    1    1    1    1    1  6.07598E+14 0.00069 
   63   63    1    1    1    1    1    1    1    1  5.13212E+14 0.00045 
   64   64    1    1    1    1    1    1    1    1  4.08051E+14 0.00057 
   65   65    1    1    1    1    1    1    1    1  4.06187E+14 0.00076 
   66   66    1    1    1    1    1    1    1    1  2.93424E+14 0.00084 
   67   67    1    1    1    1    1    1    1    1  2.37267E+14 0.00073 
   68   68    1    1    1    1    1    1    1    1  2.11566E+14 0.00079 
   69   69    1    1    1    1    1    1    1    1  2.53411E+14 0.00092 
   70   70    1    1    1    1    1    1    1    1  2.14995E+14 0.00119 
   71   71    1    1    1    1    1    1    1    1  3.84657E+14 0.00079 
   72   72    1    1    1    1    1    1    1    1  2.71306E+14 0.00093 
   73   73    1    1    1    1    1    1    1    1  2.04449E+14 0.00135 
   74   74    1    1    1    1    1    1    1    1  1.66488E+14 0.00146 
   75   75    1    1    1    1    1    1    1    1  1.40126E+14 0.00134 
   76   76    1    1    1    1    1    1    1    1  1.64627E+14 0.00138 
   77   77    1    1    1    1    1    1    1    1  1.31627E+14 0.00146 
   78   78    1    1    1    1    1    1    1    1  1.05938E+14 0.00154 
   79   79    1    1    1    1    1    1    1    1  1.10126E+14 0.00165 
   80   80    1    1    1    1    1    1    1    1  8.17232E+13 0.00204 
   81   81    1    1    1    1    1    1    1    1  6.29261E+13 0.00204 
   82   82    1    1    1    1    1    1    1    1  4.83208E+13 0.00208 
   83   83    1    1    1    1    1    1    1    1  4.50526E+13 0.00207 
   84   84    1    1    1    1    1    1    1    1  3.25116E+13 0.00278 
   85   85    1    1    1    1    1    1    1    1  2.33417E+13 0.00358 
   86   86    1    1    1    1    1    1    1    1  2.18013E+13 0.00380 
   87   87    1    1    1    1    1    1    1    1  1.32229E+13 0.00342 
   88   88    1    1    1    1    1    1    1    1  8.81890E+12 0.00579 
   89   89    1    1    1    1    1    1    1    1  5.05532E+12 0.00859 
   90   90    1    1    1    1    1    1    1    1  3.29992E+12 0.00789 
   91   91    1    1    1    1    1    1    1    1  1.68849E+12 0.01009 
   92   92    1    1    1    1    1    1    1    1  7.80335E+11 0.01646 
   93   93    1    1    1    1    1    1    1    1  3.77573E+11 0.02250 
   94   94    1    1    1    1    1    1    1    1  1.84831E+11 0.03582 
   95   95    1    1    1    1    1    1    1    1  8.18469E+10 0.04666 
   96   96    1    1    1    1    1    1    1    1  3.65740E+10 0.08068 
   97   97    1    1    1    1    1    1    1    1  1.93341E+10 0.11516 
   98   98    1    1    1    1    1    1    1    1  8.16628E+09 0.13701 
   99   99    1    1    1    1    1    1    1    1  5.96295E+09 0.20525 
  100  100    1    1    1    1    1    1    1    1  2.95108E+09 0.25510 
];


