
DETdpaspec = [
    1    1    1    1    1    1    1    1    1    1  0.00000E+00 0.00000 
    2    2    1    1    1    1    1    1    1    1  0.00000E+00 0.00000 
    3    3    1    1    1    1    1    1    1    1  0.00000E+00 0.00000 
    4    4    1    1    1    1    1    1    1    1  0.00000E+00 0.00000 
    5    5    1    1    1    1    1    1    1    1  5.47879E+06 1.00000 
    6    6    1    1    1    1    1    1    1    1  0.00000E+00 0.00000 
    7    7    1    1    1    1    1    1    1    1  0.00000E+00 0.00000 
    8    8    1    1    1    1    1    1    1    1  0.00000E+00 0.00000 
    9    9    1    1    1    1    1    1    1    1  3.49161E+06 1.00000 
   10   10    1    1    1    1    1    1    1    1  3.53183E+07 0.69898 
   11   11    1    1    1    1    1    1    1    1  3.38864E+07 1.00000 
   12   12    1    1    1    1    1    1    1    1  6.95466E+07 0.65945 
   13   13    1    1    1    1    1    1    1    1  3.90986E+08 0.55113 
   14   14    1    1    1    1    1    1    1    1  8.67024E+08 0.64185 
   15   15    1    1    1    1    1    1    1    1  1.09971E+09 0.41685 
   16   16    1    1    1    1    1    1    1    1  6.92314E+08 0.36383 
   17   17    1    1    1    1    1    1    1    1  1.26474E+09 0.22300 
   18   18    1    1    1    1    1    1    1    1  3.31217E+09 0.15944 
   19   19    1    1    1    1    1    1    1    1  2.43899E+09 0.20448 
   20   20    1    1    1    1    1    1    1    1  1.09394E+10 0.14410 
   21   21    1    1    1    1    1    1    1    1  6.54516E+09 0.13189 
   22   22    1    1    1    1    1    1    1    1  1.39026E+10 0.10501 
   23   23    1    1    1    1    1    1    1    1  2.26180E+10 0.08060 
   24   24    1    1    1    1    1    1    1    1  4.53633E+10 0.07776 
   25   25    1    1    1    1    1    1    1    1  4.73441E+10 0.06716 
   26   26    1    1    1    1    1    1    1    1  8.28214E+10 0.05565 
   27   27    1    1    1    1    1    1    1    1  1.44294E+11 0.04600 
   28   28    1    1    1    1    1    1    1    1  2.81610E+11 0.02710 
   29   29    1    1    1    1    1    1    1    1  4.41788E+11 0.02264 
   30   30    1    1    1    1    1    1    1    1  1.30312E+12 0.01617 
   31   31    1    1    1    1    1    1    1    1  4.02327E+12 0.00948 
   32   32    1    1    1    1    1    1    1    1  7.67587E+12 0.00728 
   33   33    1    1    1    1    1    1    1    1  1.83096E+13 0.00484 
   34   34    1    1    1    1    1    1    1    1  2.56359E+13 0.00381 
   35   35    1    1    1    1    1    1    1    1  3.41194E+13 0.00228 
   36   36    1    1    1    1    1    1    1    1  2.32566E+13 0.00282 
   37   37    1    1    1    1    1    1    1    1  7.14135E+12 0.00263 
   38   38    1    1    1    1    1    1    1    1  4.01352E+13 0.00232 
   39   39    1    1    1    1    1    1    1    1  5.42071E+13 0.00210 
   40   40    1    1    1    1    1    1    1    1  9.35716E+13 0.00173 
   41   41    1    1    1    1    1    1    1    1  9.53438E+13 0.00168 
   42   42    1    1    1    1    1    1    1    1  2.04458E+14 0.00110 
   43   43    1    1    1    1    1    1    1    1  2.50707E+14 0.00140 
   44   44    1    1    1    1    1    1    1    1  3.68103E+14 0.00088 
   45   45    1    1    1    1    1    1    1    1  7.43978E+14 0.00074 
   46   46    1    1    1    1    1    1    1    1  3.53266E+14 0.00078 
   47   47    1    1    1    1    1    1    1    1  5.74779E+14 0.00078 
   48   48    1    1    1    1    1    1    1    1  8.10210E+14 0.00053 
   49   49    1    1    1    1    1    1    1    1  8.11185E+14 0.00049 
   50   50    1    1    1    1    1    1    1    1  1.27779E+15 0.00051 
   51   51    1    1    1    1    1    1    1    1  1.03415E+15 0.00075 
   52   52    1    1    1    1    1    1    1    1  1.23992E+15 0.00060 
   53   53    1    1    1    1    1    1    1    1  8.70632E+14 0.00061 
   54   54    1    1    1    1    1    1    1    1  1.07034E+15 0.00053 
   55   55    1    1    1    1    1    1    1    1  7.42013E+14 0.00070 
   56   56    1    1    1    1    1    1    1    1  1.01341E+14 0.00111 
   57   57    1    1    1    1    1    1    1    1  1.48598E+15 0.00053 
   58   58    1    1    1    1    1    1    1    1  6.65169E+14 0.00065 
   59   59    1    1    1    1    1    1    1    1  7.13464E+14 0.00076 
   60   60    1    1    1    1    1    1    1    1  5.57110E+14 0.00067 
   61   61    1    1    1    1    1    1    1    1  5.60354E+14 0.00047 
   62   62    1    1    1    1    1    1    1    1  5.86343E+14 0.00050 
   63   63    1    1    1    1    1    1    1    1  4.96777E+14 0.00070 
   64   64    1    1    1    1    1    1    1    1  3.97527E+14 0.00081 
   65   65    1    1    1    1    1    1    1    1  3.97000E+14 0.00081 
   66   66    1    1    1    1    1    1    1    1  2.88124E+14 0.00099 
   67   67    1    1    1    1    1    1    1    1  2.35114E+14 0.00089 
   68   68    1    1    1    1    1    1    1    1  2.11336E+14 0.00137 
   69   69    1    1    1    1    1    1    1    1  2.54359E+14 0.00084 
   70   70    1    1    1    1    1    1    1    1  2.16906E+14 0.00106 
   71   71    1    1    1    1    1    1    1    1  3.98403E+14 0.00091 
   72   72    1    1    1    1    1    1    1    1  2.83233E+14 0.00100 
   73   73    1    1    1    1    1    1    1    1  2.13934E+14 0.00121 
   74   74    1    1    1    1    1    1    1    1  1.71726E+14 0.00144 
   75   75    1    1    1    1    1    1    1    1  1.42725E+14 0.00157 
   76   76    1    1    1    1    1    1    1    1  1.65810E+14 0.00110 
   77   77    1    1    1    1    1    1    1    1  1.30630E+14 0.00139 
   78   78    1    1    1    1    1    1    1    1  1.03824E+14 0.00191 
   79   79    1    1    1    1    1    1    1    1  1.07250E+14 0.00155 
   80   80    1    1    1    1    1    1    1    1  7.93563E+13 0.00178 
   81   81    1    1    1    1    1    1    1    1  6.07452E+13 0.00185 
   82   82    1    1    1    1    1    1    1    1  4.68717E+13 0.00242 
   83   83    1    1    1    1    1    1    1    1  4.36944E+13 0.00313 
   84   84    1    1    1    1    1    1    1    1  3.13114E+13 0.00209 
   85   85    1    1    1    1    1    1    1    1  2.26040E+13 0.00298 
   86   86    1    1    1    1    1    1    1    1  2.11724E+13 0.00305 
   87   87    1    1    1    1    1    1    1    1  1.30706E+13 0.00567 
   88   88    1    1    1    1    1    1    1    1  8.83966E+12 0.00474 
   89   89    1    1    1    1    1    1    1    1  5.03489E+12 0.00755 
   90   90    1    1    1    1    1    1    1    1  3.30325E+12 0.00882 
   91   91    1    1    1    1    1    1    1    1  1.67433E+12 0.01010 
   92   92    1    1    1    1    1    1    1    1  8.22839E+11 0.01211 
   93   93    1    1    1    1    1    1    1    1  3.88114E+11 0.03486 
   94   94    1    1    1    1    1    1    1    1  1.90576E+11 0.03441 
   95   95    1    1    1    1    1    1    1    1  9.25643E+10 0.05181 
   96   96    1    1    1    1    1    1    1    1  4.21731E+10 0.06902 
   97   97    1    1    1    1    1    1    1    1  2.09552E+10 0.12833 
   98   98    1    1    1    1    1    1    1    1  1.15544E+10 0.09372 
   99   99    1    1    1    1    1    1    1    1  6.06988E+09 0.24228 
  100  100    1    1    1    1    1    1    1    1  2.10409E+09 0.32981 
];


