
DETdpaspec = [
    1    1    1    1    1    1    1    1    1    1  0.00000E+00 0.00000 
    2    2    1    1    1    1    1    1    1    1  0.00000E+00 0.00000 
    3    3    1    1    1    1    1    1    1    1  0.00000E+00 0.00000 
    4    4    1    1    1    1    1    1    1    1  0.00000E+00 0.00000 
    5    5    1    1    1    1    1    1    1    1  0.00000E+00 0.00000 
    6    6    1    1    1    1    1    1    1    1  0.00000E+00 0.00000 
    7    7    1    1    1    1    1    1    1    1  0.00000E+00 0.00000 
    8    8    1    1    1    1    1    1    1    1  0.00000E+00 0.00000 
    9    9    1    1    1    1    1    1    1    1  0.00000E+00 0.00000 
   10   10    1    1    1    1    1    1    1    1  0.00000E+00 0.00000 
   11   11    1    1    1    1    1    1    1    1  0.00000E+00 0.00000 
   12   12    1    1    1    1    1    1    1    1  0.00000E+00 0.00000 
   13   13    1    1    1    1    1    1    1    1  2.57159E+08 1.00000 
   14   14    1    1    1    1    1    1    1    1  1.67771E+08 1.00000 
   15   15    1    1    1    1    1    1    1    1  3.91246E+08 1.00000 
   16   16    1    1    1    1    1    1    1    1  0.00000E+00 0.00000 
   17   17    1    1    1    1    1    1    1    1  2.82667E+08 0.87741 
   18   18    1    1    1    1    1    1    1    1  4.94648E+07 1.00000 
   19   19    1    1    1    1    1    1    1    1  7.24739E+08 0.29712 
   20   20    1    1    1    1    1    1    1    1  5.35917E+09 0.20250 
   21   21    1    1    1    1    1    1    1    1  2.44383E+10 0.08431 
   22   22    1    1    1    1    1    1    1    1  9.52464E+10 0.06830 
   23   23    1    1    1    1    1    1    1    1  3.38861E+11 0.03145 
   24   24    1    1    1    1    1    1    1    1  8.40389E+11 0.01437 
   25   25    1    1    1    1    1    1    1    1  1.17023E+12 0.01463 
   26   26    1    1    1    1    1    1    1    1  2.18655E+12 0.01021 
   27   27    1    1    1    1    1    1    1    1  3.68854E+12 0.00939 
   28   28    1    1    1    1    1    1    1    1  5.86115E+12 0.00639 
   29   29    1    1    1    1    1    1    1    1  8.29652E+12 0.00533 
   30   30    1    1    1    1    1    1    1    1  1.46151E+13 0.00425 
   31   31    1    1    1    1    1    1    1    1  2.61563E+13 0.00324 
   32   32    1    1    1    1    1    1    1    1  3.59770E+13 0.00389 
   33   33    1    1    1    1    1    1    1    1  6.71838E+13 0.00225 
   34   34    1    1    1    1    1    1    1    1  7.80809E+13 0.00210 
   35   35    1    1    1    1    1    1    1    1  7.58507E+13 0.00185 
   36   36    1    1    1    1    1    1    1    1  4.36455E+13 0.00218 
   37   37    1    1    1    1    1    1    1    1  1.25876E+13 0.00226 
   38   38    1    1    1    1    1    1    1    1  7.23087E+13 0.00209 
   39   39    1    1    1    1    1    1    1    1  9.46611E+13 0.00184 
   40   40    1    1    1    1    1    1    1    1  1.58124E+14 0.00127 
   41   41    1    1    1    1    1    1    1    1  1.49450E+14 0.00112 
   42   42    1    1    1    1    1    1    1    1  3.19126E+14 0.00112 
   43   43    1    1    1    1    1    1    1    1  3.75447E+14 0.00100 
   44   44    1    1    1    1    1    1    1    1  5.26954E+14 0.00079 
   45   45    1    1    1    1    1    1    1    1  1.01125E+15 0.00057 
   46   46    1    1    1    1    1    1    1    1  4.42931E+14 0.00095 
   47   47    1    1    1    1    1    1    1    1  6.94838E+14 0.00072 
   48   48    1    1    1    1    1    1    1    1  9.38900E+14 0.00057 
   49   49    1    1    1    1    1    1    1    1  9.04626E+14 0.00066 
   50   50    1    1    1    1    1    1    1    1  1.39310E+15 0.00056 
   51   51    1    1    1    1    1    1    1    1  1.05591E+15 0.00064 
   52   52    1    1    1    1    1    1    1    1  1.26394E+15 0.00063 
   53   53    1    1    1    1    1    1    1    1  8.54344E+14 0.00070 
   54   54    1    1    1    1    1    1    1    1  1.05462E+15 0.00070 
   55   55    1    1    1    1    1    1    1    1  7.14360E+14 0.00074 
   56   56    1    1    1    1    1    1    1    1  9.59786E+13 0.00139 
   57   57    1    1    1    1    1    1    1    1  1.39417E+15 0.00054 
   58   58    1    1    1    1    1    1    1    1  6.33046E+14 0.00070 
   59   59    1    1    1    1    1    1    1    1  6.60893E+14 0.00069 
   60   60    1    1    1    1    1    1    1    1  5.21483E+14 0.00055 
   61   61    1    1    1    1    1    1    1    1  5.17240E+14 0.00077 
   62   62    1    1    1    1    1    1    1    1  5.36449E+14 0.00076 
   63   63    1    1    1    1    1    1    1    1  4.49617E+14 0.00106 
   64   64    1    1    1    1    1    1    1    1  3.55093E+14 0.00112 
   65   65    1    1    1    1    1    1    1    1  3.49776E+14 0.00117 
   66   66    1    1    1    1    1    1    1    1  2.50322E+14 0.00104 
   67   67    1    1    1    1    1    1    1    1  2.01587E+14 0.00100 
   68   68    1    1    1    1    1    1    1    1  1.78916E+14 0.00133 
   69   69    1    1    1    1    1    1    1    1  2.12805E+14 0.00119 
   70   70    1    1    1    1    1    1    1    1  1.79424E+14 0.00127 
   71   71    1    1    1    1    1    1    1    1  3.16371E+14 0.00128 
   72   72    1    1    1    1    1    1    1    1  2.20362E+14 0.00123 
   73   73    1    1    1    1    1    1    1    1  1.65100E+14 0.00177 
   74   74    1    1    1    1    1    1    1    1  1.33468E+14 0.00159 
   75   75    1    1    1    1    1    1    1    1  1.11810E+14 0.00155 
   76   76    1    1    1    1    1    1    1    1  1.30939E+14 0.00179 
   77   77    1    1    1    1    1    1    1    1  1.04146E+14 0.00157 
   78   78    1    1    1    1    1    1    1    1  8.33360E+13 0.00197 
   79   79    1    1    1    1    1    1    1    1  8.57759E+13 0.00179 
   80   80    1    1    1    1    1    1    1    1  6.32930E+13 0.00181 
   81   81    1    1    1    1    1    1    1    1  4.81556E+13 0.00184 
   82   82    1    1    1    1    1    1    1    1  3.67819E+13 0.00221 
   83   83    1    1    1    1    1    1    1    1  3.39331E+13 0.00228 
   84   84    1    1    1    1    1    1    1    1  2.41748E+13 0.00359 
   85   85    1    1    1    1    1    1    1    1  1.72362E+13 0.00346 
   86   86    1    1    1    1    1    1    1    1  1.57171E+13 0.00424 
   87   87    1    1    1    1    1    1    1    1  9.44966E+12 0.00375 
   88   88    1    1    1    1    1    1    1    1  6.22297E+12 0.00383 
   89   89    1    1    1    1    1    1    1    1  3.41016E+12 0.00743 
   90   90    1    1    1    1    1    1    1    1  2.19165E+12 0.00886 
   91   91    1    1    1    1    1    1    1    1  1.04491E+12 0.01540 
   92   92    1    1    1    1    1    1    1    1  5.04856E+11 0.01646 
   93   93    1    1    1    1    1    1    1    1  2.20361E+11 0.02812 
   94   94    1    1    1    1    1    1    1    1  1.06081E+11 0.04564 
   95   95    1    1    1    1    1    1    1    1  4.51608E+10 0.07387 
   96   96    1    1    1    1    1    1    1    1  2.28835E+10 0.08957 
   97   97    1    1    1    1    1    1    1    1  1.15599E+10 0.13440 
   98   98    1    1    1    1    1    1    1    1  5.45743E+09 0.20736 
   99   99    1    1    1    1    1    1    1    1  1.28974E+09 0.36309 
  100  100    1    1    1    1    1    1    1    1  2.81751E+09 0.35397 
];


