
DETdpaspec = [
    1    1    1    1    1    1    1    1    1    1  0.00000E+00 0.00000 
    2    2    1    1    1    1    1    1    1    1  0.00000E+00 0.00000 
    3    3    1    1    1    1    1    1    1    1  0.00000E+00 0.00000 
    4    4    1    1    1    1    1    1    1    1  0.00000E+00 0.00000 
    5    5    1    1    1    1    1    1    1    1  0.00000E+00 0.00000 
    6    6    1    1    1    1    1    1    1    1  0.00000E+00 0.00000 
    7    7    1    1    1    1    1    1    1    1  1.23400E+07 1.00000 
    8    8    1    1    1    1    1    1    1    1  0.00000E+00 0.00000 
    9    9    1    1    1    1    1    1    1    1  0.00000E+00 0.00000 
   10   10    1    1    1    1    1    1    1    1  2.66595E+07 1.00000 
   11   11    1    1    1    1    1    1    1    1  7.14421E+07 1.00000 
   12   12    1    1    1    1    1    1    1    1  0.00000E+00 0.00000 
   13   13    1    1    1    1    1    1    1    1  1.01845E+08 1.00000 
   14   14    1    1    1    1    1    1    1    1  8.22887E+08 0.67414 
   15   15    1    1    1    1    1    1    1    1  1.74835E+09 0.55779 
   16   16    1    1    1    1    1    1    1    1  7.40213E+08 0.49780 
   17   17    1    1    1    1    1    1    1    1  6.65313E+08 0.36658 
   18   18    1    1    1    1    1    1    1    1  1.75488E+09 0.32113 
   19   19    1    1    1    1    1    1    1    1  2.85650E+09 0.25137 
   20   20    1    1    1    1    1    1    1    1  7.61363E+09 0.16556 
   21   21    1    1    1    1    1    1    1    1  7.45488E+09 0.16624 
   22   22    1    1    1    1    1    1    1    1  1.29903E+10 0.13086 
   23   23    1    1    1    1    1    1    1    1  1.81716E+10 0.13915 
   24   24    1    1    1    1    1    1    1    1  3.76770E+10 0.09181 
   25   25    1    1    1    1    1    1    1    1  4.90378E+10 0.06601 
   26   26    1    1    1    1    1    1    1    1  9.53321E+10 0.06553 
   27   27    1    1    1    1    1    1    1    1  1.92735E+11 0.04130 
   28   28    1    1    1    1    1    1    1    1  4.98226E+11 0.02759 
   29   29    1    1    1    1    1    1    1    1  9.04405E+11 0.01797 
   30   30    1    1    1    1    1    1    1    1  2.25147E+12 0.01194 
   31   31    1    1    1    1    1    1    1    1  6.34149E+12 0.00799 
   32   32    1    1    1    1    1    1    1    1  1.11430E+13 0.00490 
   33   33    1    1    1    1    1    1    1    1  2.59256E+13 0.00354 
   34   34    1    1    1    1    1    1    1    1  3.59009E+13 0.00292 
   35   35    1    1    1    1    1    1    1    1  4.23495E+13 0.00285 
   36   36    1    1    1    1    1    1    1    1  2.70503E+13 0.00230 
   37   37    1    1    1    1    1    1    1    1  8.07904E+12 0.00259 
   38   38    1    1    1    1    1    1    1    1  4.62202E+13 0.00181 
   39   39    1    1    1    1    1    1    1    1  6.22603E+13 0.00204 
   40   40    1    1    1    1    1    1    1    1  1.07364E+14 0.00184 
   41   41    1    1    1    1    1    1    1    1  1.06502E+14 0.00132 
   42   42    1    1    1    1    1    1    1    1  2.30678E+14 0.00130 
   43   43    1    1    1    1    1    1    1    1  2.81019E+14 0.00113 
   44   44    1    1    1    1    1    1    1    1  4.08914E+14 0.00092 
   45   45    1    1    1    1    1    1    1    1  8.26361E+14 0.00071 
   46   46    1    1    1    1    1    1    1    1  3.82446E+14 0.00083 
   47   47    1    1    1    1    1    1    1    1  6.14146E+14 0.00099 
   48   48    1    1    1    1    1    1    1    1  8.59791E+14 0.00065 
   49   49    1    1    1    1    1    1    1    1  8.51241E+14 0.00046 
   50   50    1    1    1    1    1    1    1    1  1.34771E+15 0.00043 
   51   51    1    1    1    1    1    1    1    1  1.06622E+15 0.00066 
   52   52    1    1    1    1    1    1    1    1  1.29256E+15 0.00053 
   53   53    1    1    1    1    1    1    1    1  8.99100E+14 0.00067 
   54   54    1    1    1    1    1    1    1    1  1.11917E+15 0.00074 
   55   55    1    1    1    1    1    1    1    1  7.71768E+14 0.00068 
   56   56    1    1    1    1    1    1    1    1  1.04737E+14 0.00102 
   57   57    1    1    1    1    1    1    1    1  1.53702E+15 0.00050 
   58   58    1    1    1    1    1    1    1    1  7.01814E+14 0.00049 
   59   59    1    1    1    1    1    1    1    1  7.44404E+14 0.00064 
   60   60    1    1    1    1    1    1    1    1  5.89553E+14 0.00060 
   61   61    1    1    1    1    1    1    1    1  5.90309E+14 0.00052 
   62   62    1    1    1    1    1    1    1    1  6.18175E+14 0.00064 
   63   63    1    1    1    1    1    1    1    1  5.23648E+14 0.00079 
   64   64    1    1    1    1    1    1    1    1  4.18639E+14 0.00079 
   65   65    1    1    1    1    1    1    1    1  4.17331E+14 0.00062 
   66   66    1    1    1    1    1    1    1    1  3.02490E+14 0.00066 
   67   67    1    1    1    1    1    1    1    1  2.45290E+14 0.00106 
   68   68    1    1    1    1    1    1    1    1  2.19584E+14 0.00097 
   69   69    1    1    1    1    1    1    1    1  2.63917E+14 0.00108 
   70   70    1    1    1    1    1    1    1    1  2.24619E+14 0.00118 
   71   71    1    1    1    1    1    1    1    1  4.05603E+14 0.00093 
   72   72    1    1    1    1    1    1    1    1  2.87541E+14 0.00114 
   73   73    1    1    1    1    1    1    1    1  2.17843E+14 0.00104 
   74   74    1    1    1    1    1    1    1    1  1.76250E+14 0.00115 
   75   75    1    1    1    1    1    1    1    1  1.48774E+14 0.00147 
   76   76    1    1    1    1    1    1    1    1  1.73974E+14 0.00119 
   77   77    1    1    1    1    1    1    1    1  1.38807E+14 0.00083 
   78   78    1    1    1    1    1    1    1    1  1.11387E+14 0.00146 
   79   79    1    1    1    1    1    1    1    1  1.15616E+14 0.00171 
   80   80    1    1    1    1    1    1    1    1  8.61673E+13 0.00166 
   81   81    1    1    1    1    1    1    1    1  6.63093E+13 0.00175 
   82   82    1    1    1    1    1    1    1    1  5.09030E+13 0.00230 
   83   83    1    1    1    1    1    1    1    1  4.77010E+13 0.00314 
   84   84    1    1    1    1    1    1    1    1  3.42363E+13 0.00154 
   85   85    1    1    1    1    1    1    1    1  2.46865E+13 0.00310 
   86   86    1    1    1    1    1    1    1    1  2.32288E+13 0.00347 
   87   87    1    1    1    1    1    1    1    1  1.41309E+13 0.00365 
   88   88    1    1    1    1    1    1    1    1  9.52020E+12 0.00571 
   89   89    1    1    1    1    1    1    1    1  5.40842E+12 0.00645 
   90   90    1    1    1    1    1    1    1    1  3.58922E+12 0.00874 
   91   91    1    1    1    1    1    1    1    1  1.80906E+12 0.01092 
   92   92    1    1    1    1    1    1    1    1  8.68820E+11 0.01754 
   93   93    1    1    1    1    1    1    1    1  4.22186E+11 0.02173 
   94   94    1    1    1    1    1    1    1    1  2.11037E+11 0.02442 
   95   95    1    1    1    1    1    1    1    1  9.88461E+10 0.05662 
   96   96    1    1    1    1    1    1    1    1  4.35458E+10 0.07968 
   97   97    1    1    1    1    1    1    1    1  2.63438E+10 0.09714 
   98   98    1    1    1    1    1    1    1    1  1.13773E+10 0.16712 
   99   99    1    1    1    1    1    1    1    1  5.41971E+09 0.23069 
  100  100    1    1    1    1    1    1    1    1  3.49445E+09 0.26550 
];


