
DETdpaspec = [
    1    1    1    1    1    1    1    1    1    1  0.00000E+00 0.00000 
    2    2    1    1    1    1    1    1    1    1  0.00000E+00 0.00000 
    3    3    1    1    1    1    1    1    1    1  0.00000E+00 0.00000 
    4    4    1    1    1    1    1    1    1    1  0.00000E+00 0.00000 
    5    5    1    1    1    1    1    1    1    1  0.00000E+00 0.00000 
    6    6    1    1    1    1    1    1    1    1  0.00000E+00 0.00000 
    7    7    1    1    1    1    1    1    1    1  0.00000E+00 0.00000 
    8    8    1    1    1    1    1    1    1    1  0.00000E+00 0.00000 
    9    9    1    1    1    1    1    1    1    1  0.00000E+00 0.00000 
   10   10    1    1    1    1    1    1    1    1  0.00000E+00 0.00000 
   11   11    1    1    1    1    1    1    1    1  0.00000E+00 0.00000 
   12   12    1    1    1    1    1    1    1    1  2.53841E+07 1.00000 
   13   13    1    1    1    1    1    1    1    1  5.15414E+08 0.47171 
   14   14    1    1    1    1    1    1    1    1  1.89640E+09 0.46555 
   15   15    1    1    1    1    1    1    1    1  1.09646E+09 0.51115 
   16   16    1    1    1    1    1    1    1    1  6.11082E+08 0.51530 
   17   17    1    1    1    1    1    1    1    1  4.75202E+08 0.46325 
   18   18    1    1    1    1    1    1    1    1  9.02853E+08 0.30371 
   19   19    1    1    1    1    1    1    1    1  1.09848E+09 0.26843 
   20   20    1    1    1    1    1    1    1    1  6.25419E+09 0.20893 
   21   21    1    1    1    1    1    1    1    1  5.60208E+09 0.16891 
   22   22    1    1    1    1    1    1    1    1  1.16665E+10 0.10778 
   23   23    1    1    1    1    1    1    1    1  1.98526E+10 0.08808 
   24   24    1    1    1    1    1    1    1    1  3.42626E+10 0.07354 
   25   25    1    1    1    1    1    1    1    1  4.90782E+10 0.05713 
   26   26    1    1    1    1    1    1    1    1  8.88059E+10 0.04685 
   27   27    1    1    1    1    1    1    1    1  1.99667E+11 0.03780 
   28   28    1    1    1    1    1    1    1    1  4.86855E+11 0.01610 
   29   29    1    1    1    1    1    1    1    1  8.66509E+11 0.01884 
   30   30    1    1    1    1    1    1    1    1  2.24058E+12 0.01016 
   31   31    1    1    1    1    1    1    1    1  6.26334E+12 0.00719 
   32   32    1    1    1    1    1    1    1    1  1.10123E+13 0.00583 
   33   33    1    1    1    1    1    1    1    1  2.57117E+13 0.00401 
   34   34    1    1    1    1    1    1    1    1  3.52569E+13 0.00362 
   35   35    1    1    1    1    1    1    1    1  4.16654E+13 0.00255 
   36   36    1    1    1    1    1    1    1    1  2.68303E+13 0.00233 
   37   37    1    1    1    1    1    1    1    1  8.00809E+12 0.00226 
   38   38    1    1    1    1    1    1    1    1  4.58966E+13 0.00185 
   39   39    1    1    1    1    1    1    1    1  6.19135E+13 0.00156 
   40   40    1    1    1    1    1    1    1    1  1.06738E+14 0.00144 
   41   41    1    1    1    1    1    1    1    1  1.05689E+14 0.00127 
   42   42    1    1    1    1    1    1    1    1  2.29425E+14 0.00111 
   43   43    1    1    1    1    1    1    1    1  2.79901E+14 0.00134 
   44   44    1    1    1    1    1    1    1    1  4.07313E+14 0.00106 
   45   45    1    1    1    1    1    1    1    1  8.22185E+14 0.00076 
   46   46    1    1    1    1    1    1    1    1  3.80763E+14 0.00087 
   47   47    1    1    1    1    1    1    1    1  6.12801E+14 0.00080 
   48   48    1    1    1    1    1    1    1    1  8.57560E+14 0.00053 
   49   49    1    1    1    1    1    1    1    1  8.50027E+14 0.00064 
   50   50    1    1    1    1    1    1    1    1  1.34582E+15 0.00047 
   51   51    1    1    1    1    1    1    1    1  1.06453E+15 0.00057 
   52   52    1    1    1    1    1    1    1    1  1.29222E+15 0.00041 
   53   53    1    1    1    1    1    1    1    1  8.99027E+14 0.00067 
   54   54    1    1    1    1    1    1    1    1  1.11814E+15 0.00051 
   55   55    1    1    1    1    1    1    1    1  7.70981E+14 0.00069 
   56   56    1    1    1    1    1    1    1    1  1.04721E+14 0.00104 
   57   57    1    1    1    1    1    1    1    1  1.53636E+15 0.00056 
   58   58    1    1    1    1    1    1    1    1  7.00336E+14 0.00066 
   59   59    1    1    1    1    1    1    1    1  7.44725E+14 0.00065 
   60   60    1    1    1    1    1    1    1    1  5.89949E+14 0.00076 
   61   61    1    1    1    1    1    1    1    1  5.91195E+14 0.00072 
   62   62    1    1    1    1    1    1    1    1  6.17620E+14 0.00074 
   63   63    1    1    1    1    1    1    1    1  5.23898E+14 0.00061 
   64   64    1    1    1    1    1    1    1    1  4.19066E+14 0.00053 
   65   65    1    1    1    1    1    1    1    1  4.17874E+14 0.00078 
   66   66    1    1    1    1    1    1    1    1  3.02317E+14 0.00080 
   67   67    1    1    1    1    1    1    1    1  2.45530E+14 0.00102 
   68   68    1    1    1    1    1    1    1    1  2.20010E+14 0.00109 
   69   69    1    1    1    1    1    1    1    1  2.63887E+14 0.00104 
   70   70    1    1    1    1    1    1    1    1  2.24571E+14 0.00102 
   71   71    1    1    1    1    1    1    1    1  4.06153E+14 0.00087 
   72   72    1    1    1    1    1    1    1    1  2.88018E+14 0.00090 
   73   73    1    1    1    1    1    1    1    1  2.18292E+14 0.00125 
   74   74    1    1    1    1    1    1    1    1  1.76994E+14 0.00143 
   75   75    1    1    1    1    1    1    1    1  1.48395E+14 0.00147 
   76   76    1    1    1    1    1    1    1    1  1.73750E+14 0.00124 
   77   77    1    1    1    1    1    1    1    1  1.39181E+14 0.00110 
   78   78    1    1    1    1    1    1    1    1  1.11249E+14 0.00184 
   79   79    1    1    1    1    1    1    1    1  1.15254E+14 0.00153 
   80   80    1    1    1    1    1    1    1    1  8.58642E+13 0.00150 
   81   81    1    1    1    1    1    1    1    1  6.62665E+13 0.00188 
   82   82    1    1    1    1    1    1    1    1  5.08866E+13 0.00177 
   83   83    1    1    1    1    1    1    1    1  4.77727E+13 0.00254 
   84   84    1    1    1    1    1    1    1    1  3.42380E+13 0.00367 
   85   85    1    1    1    1    1    1    1    1  2.47073E+13 0.00342 
   86   86    1    1    1    1    1    1    1    1  2.29800E+13 0.00414 
   87   87    1    1    1    1    1    1    1    1  1.42279E+13 0.00407 
   88   88    1    1    1    1    1    1    1    1  9.54238E+12 0.00728 
   89   89    1    1    1    1    1    1    1    1  5.43564E+12 0.00739 
   90   90    1    1    1    1    1    1    1    1  3.57053E+12 0.00652 
   91   91    1    1    1    1    1    1    1    1  1.77023E+12 0.01065 
   92   92    1    1    1    1    1    1    1    1  8.58014E+11 0.02001 
   93   93    1    1    1    1    1    1    1    1  4.20316E+11 0.02353 
   94   94    1    1    1    1    1    1    1    1  1.90811E+11 0.03434 
   95   95    1    1    1    1    1    1    1    1  1.00665E+11 0.05342 
   96   96    1    1    1    1    1    1    1    1  4.92713E+10 0.06880 
   97   97    1    1    1    1    1    1    1    1  2.03728E+10 0.06627 
   98   98    1    1    1    1    1    1    1    1  1.02718E+10 0.19089 
   99   99    1    1    1    1    1    1    1    1  2.96669E+09 0.22308 
  100  100    1    1    1    1    1    1    1    1  4.07134E+09 0.24416 
];


