
DETdpaspec = [
    1    1    1    1    1    1    1    1    1    1  0.00000E+00 0.00000 
    2    2    1    1    1    1    1    1    1    1  0.00000E+00 0.00000 
    3    3    1    1    1    1    1    1    1    1  0.00000E+00 0.00000 
    4    4    1    1    1    1    1    1    1    1  5.12101E+06 1.00000 
    5    5    1    1    1    1    1    1    1    1  0.00000E+00 0.00000 
    6    6    1    1    1    1    1    1    1    1  4.57156E+06 1.00000 
    7    7    1    1    1    1    1    1    1    1  8.38685E+06 1.00000 
    8    8    1    1    1    1    1    1    1    1  9.19632E+06 1.00000 
    9    9    1    1    1    1    1    1    1    1  1.73988E+07 0.69034 
   10   10    1    1    1    1    1    1    1    1  1.47499E+07 1.00000 
   11   11    1    1    1    1    1    1    1    1  0.00000E+00 0.00000 
   12   12    1    1    1    1    1    1    1    1  1.24553E+07 0.82589 
   13   13    1    1    1    1    1    1    1    1  5.16004E+08 0.52239 
   14   14    1    1    1    1    1    1    1    1  1.67905E+09 0.32182 
   15   15    1    1    1    1    1    1    1    1  1.77524E+09 0.29218 
   16   16    1    1    1    1    1    1    1    1  1.15726E+09 0.33713 
   17   17    1    1    1    1    1    1    1    1  8.59319E+08 0.35824 
   18   18    1    1    1    1    1    1    1    1  2.76168E+09 0.29050 
   19   19    1    1    1    1    1    1    1    1  3.54832E+09 0.17374 
   20   20    1    1    1    1    1    1    1    1  8.34131E+09 0.15693 
   21   21    1    1    1    1    1    1    1    1  8.26786E+09 0.13253 
   22   22    1    1    1    1    1    1    1    1  2.15697E+10 0.09623 
   23   23    1    1    1    1    1    1    1    1  3.11713E+10 0.08861 
   24   24    1    1    1    1    1    1    1    1  4.75321E+10 0.06605 
   25   25    1    1    1    1    1    1    1    1  5.31612E+10 0.05412 
   26   26    1    1    1    1    1    1    1    1  1.00594E+11 0.05249 
   27   27    1    1    1    1    1    1    1    1  1.60047E+11 0.04886 
   28   28    1    1    1    1    1    1    1    1  2.99894E+11 0.02824 
   29   29    1    1    1    1    1    1    1    1  4.18655E+11 0.01831 
   30   30    1    1    1    1    1    1    1    1  1.29851E+12 0.01172 
   31   31    1    1    1    1    1    1    1    1  4.01166E+12 0.00919 
   32   32    1    1    1    1    1    1    1    1  7.58846E+12 0.00552 
   33   33    1    1    1    1    1    1    1    1  1.76472E+13 0.00457 
   34   34    1    1    1    1    1    1    1    1  2.43323E+13 0.00277 
   35   35    1    1    1    1    1    1    1    1  3.40244E+13 0.00248 
   36   36    1    1    1    1    1    1    1    1  2.37091E+13 0.00261 
   37   37    1    1    1    1    1    1    1    1  7.40399E+12 0.00373 
   38   38    1    1    1    1    1    1    1    1  4.06153E+13 0.00247 
   39   39    1    1    1    1    1    1    1    1  5.48198E+13 0.00240 
   40   40    1    1    1    1    1    1    1    1  9.33535E+13 0.00204 
   41   41    1    1    1    1    1    1    1    1  9.63458E+13 0.00137 
   42   42    1    1    1    1    1    1    1    1  2.03905E+14 0.00098 
   43   43    1    1    1    1    1    1    1    1  2.48954E+14 0.00105 
   44   44    1    1    1    1    1    1    1    1  3.64151E+14 0.00108 
   45   45    1    1    1    1    1    1    1    1  7.27652E+14 0.00074 
   46   46    1    1    1    1    1    1    1    1  3.47651E+14 0.00099 
   47   47    1    1    1    1    1    1    1    1  5.67438E+14 0.00073 
   48   48    1    1    1    1    1    1    1    1  7.98725E+14 0.00051 
   49   49    1    1    1    1    1    1    1    1  8.01568E+14 0.00066 
   50   50    1    1    1    1    1    1    1    1  1.25338E+15 0.00047 
   51   51    1    1    1    1    1    1    1    1  1.02277E+15 0.00060 
   52   52    1    1    1    1    1    1    1    1  1.20953E+15 0.00060 
   53   53    1    1    1    1    1    1    1    1  8.52911E+14 0.00057 
   54   54    1    1    1    1    1    1    1    1  1.03663E+15 0.00057 
   55   55    1    1    1    1    1    1    1    1  7.20820E+14 0.00071 
   56   56    1    1    1    1    1    1    1    1  9.87225E+13 0.00114 
   57   57    1    1    1    1    1    1    1    1  1.44537E+15 0.00055 
   58   58    1    1    1    1    1    1    1    1  6.38493E+14 0.00093 
   59   59    1    1    1    1    1    1    1    1  6.86856E+14 0.00080 
   60   60    1    1    1    1    1    1    1    1  5.31397E+14 0.00078 
   61   61    1    1    1    1    1    1    1    1  5.35635E+14 0.00080 
   62   62    1    1    1    1    1    1    1    1  5.58554E+14 0.00092 
   63   63    1    1    1    1    1    1    1    1  4.71729E+14 0.00075 
   64   64    1    1    1    1    1    1    1    1  3.77818E+14 0.00115 
   65   65    1    1    1    1    1    1    1    1  3.76028E+14 0.00098 
   66   66    1    1    1    1    1    1    1    1  2.72225E+14 0.00105 
   67   67    1    1    1    1    1    1    1    1  2.23485E+14 0.00118 
   68   68    1    1    1    1    1    1    1    1  2.01142E+14 0.00138 
   69   69    1    1    1    1    1    1    1    1  2.41546E+14 0.00139 
   70   70    1    1    1    1    1    1    1    1  2.06643E+14 0.00142 
   71   71    1    1    1    1    1    1    1    1  3.81882E+14 0.00075 
   72   72    1    1    1    1    1    1    1    1  2.72892E+14 0.00119 
   73   73    1    1    1    1    1    1    1    1  2.05560E+14 0.00115 
   74   74    1    1    1    1    1    1    1    1  1.63457E+14 0.00144 
   75   75    1    1    1    1    1    1    1    1  1.34957E+14 0.00138 
   76   76    1    1    1    1    1    1    1    1  1.54987E+14 0.00093 
   77   77    1    1    1    1    1    1    1    1  1.21509E+14 0.00129 
   78   78    1    1    1    1    1    1    1    1  9.59590E+13 0.00181 
   79   79    1    1    1    1    1    1    1    1  9.84356E+13 0.00195 
   80   80    1    1    1    1    1    1    1    1  7.27038E+13 0.00212 
   81   81    1    1    1    1    1    1    1    1  5.59262E+13 0.00178 
   82   82    1    1    1    1    1    1    1    1  4.26284E+13 0.00179 
   83   83    1    1    1    1    1    1    1    1  3.99148E+13 0.00218 
   84   84    1    1    1    1    1    1    1    1  2.87124E+13 0.00264 
   85   85    1    1    1    1    1    1    1    1  2.05806E+13 0.00279 
   86   86    1    1    1    1    1    1    1    1  1.93344E+13 0.00350 
   87   87    1    1    1    1    1    1    1    1  1.19770E+13 0.00477 
   88   88    1    1    1    1    1    1    1    1  8.07561E+12 0.00598 
   89   89    1    1    1    1    1    1    1    1  4.62789E+12 0.00815 
   90   90    1    1    1    1    1    1    1    1  3.16616E+12 0.00882 
   91   91    1    1    1    1    1    1    1    1  1.57729E+12 0.01259 
   92   92    1    1    1    1    1    1    1    1  7.52266E+11 0.01883 
   93   93    1    1    1    1    1    1    1    1  3.65201E+11 0.01762 
   94   94    1    1    1    1    1    1    1    1  1.93234E+11 0.03337 
   95   95    1    1    1    1    1    1    1    1  8.65490E+10 0.05545 
   96   96    1    1    1    1    1    1    1    1  4.30984E+10 0.07471 
   97   97    1    1    1    1    1    1    1    1  1.87511E+10 0.08667 
   98   98    1    1    1    1    1    1    1    1  1.05157E+10 0.19138 
   99   99    1    1    1    1    1    1    1    1  4.79690E+09 0.20716 
  100  100    1    1    1    1    1    1    1    1  4.44070E+09 0.24467 
];


