
DETdpaspec = [
    1    1    1    1    1    1    1    1    1    1  0.00000E+00 0.00000 
    2    2    1    1    1    1    1    1    1    1  0.00000E+00 0.00000 
    3    3    1    1    1    1    1    1    1    1  0.00000E+00 0.00000 
    4    4    1    1    1    1    1    1    1    1  0.00000E+00 0.00000 
    5    5    1    1    1    1    1    1    1    1  0.00000E+00 0.00000 
    6    6    1    1    1    1    1    1    1    1  0.00000E+00 0.00000 
    7    7    1    1    1    1    1    1    1    1  0.00000E+00 0.00000 
    8    8    1    1    1    1    1    1    1    1  0.00000E+00 0.00000 
    9    9    1    1    1    1    1    1    1    1  0.00000E+00 0.00000 
   10   10    1    1    1    1    1    1    1    1  0.00000E+00 0.00000 
   11   11    1    1    1    1    1    1    1    1  2.54946E+08 0.67806 
   12   12    1    1    1    1    1    1    1    1  9.18085E+07 0.69418 
   13   13    1    1    1    1    1    1    1    1  7.04813E+08 0.61686 
   14   14    1    1    1    1    1    1    1    1  1.15485E+09 0.35514 
   15   15    1    1    1    1    1    1    1    1  1.09850E+09 0.70704 
   16   16    1    1    1    1    1    1    1    1  2.98169E+08 0.55207 
   17   17    1    1    1    1    1    1    1    1  1.13048E+09 0.39591 
   18   18    1    1    1    1    1    1    1    1  1.55429E+09 0.44562 
   19   19    1    1    1    1    1    1    1    1  1.82459E+09 0.43714 
   20   20    1    1    1    1    1    1    1    1  5.33360E+09 0.19466 
   21   21    1    1    1    1    1    1    1    1  4.31541E+09 0.19223 
   22   22    1    1    1    1    1    1    1    1  1.24969E+10 0.12559 
   23   23    1    1    1    1    1    1    1    1  3.24308E+10 0.10036 
   24   24    1    1    1    1    1    1    1    1  7.23990E+10 0.05356 
   25   25    1    1    1    1    1    1    1    1  1.26530E+11 0.05020 
   26   26    1    1    1    1    1    1    1    1  2.94305E+11 0.03051 
   27   27    1    1    1    1    1    1    1    1  6.55013E+11 0.01875 
   28   28    1    1    1    1    1    1    1    1  1.49424E+12 0.01321 
   29   29    1    1    1    1    1    1    1    1  2.50440E+12 0.01146 
   30   30    1    1    1    1    1    1    1    1  5.24295E+12 0.00754 
   31   31    1    1    1    1    1    1    1    1  1.23872E+13 0.00597 
   32   32    1    1    1    1    1    1    1    1  1.93669E+13 0.00358 
   33   33    1    1    1    1    1    1    1    1  4.08663E+13 0.00301 
   34   34    1    1    1    1    1    1    1    1  5.25594E+13 0.00249 
   35   35    1    1    1    1    1    1    1    1  5.60155E+13 0.00188 
   36   36    1    1    1    1    1    1    1    1  3.40313E+13 0.00207 
   37   37    1    1    1    1    1    1    1    1  9.98957E+12 0.00201 
   38   38    1    1    1    1    1    1    1    1  5.72329E+13 0.00198 
   39   39    1    1    1    1    1    1    1    1  7.62803E+13 0.00190 
   40   40    1    1    1    1    1    1    1    1  1.29878E+14 0.00116 
   41   41    1    1    1    1    1    1    1    1  1.25587E+14 0.00121 
   42   42    1    1    1    1    1    1    1    1  2.71780E+14 0.00105 
   43   43    1    1    1    1    1    1    1    1  3.26563E+14 0.00120 
   44   44    1    1    1    1    1    1    1    1  4.68193E+14 0.00081 
   45   45    1    1    1    1    1    1    1    1  9.26557E+14 0.00069 
   46   46    1    1    1    1    1    1    1    1  4.18268E+14 0.00084 
   47   47    1    1    1    1    1    1    1    1  6.64917E+14 0.00061 
   48   48    1    1    1    1    1    1    1    1  9.15850E+14 0.00058 
   49   49    1    1    1    1    1    1    1    1  8.97189E+14 0.00072 
   50   50    1    1    1    1    1    1    1    1  1.40835E+15 0.00033 
   51   51    1    1    1    1    1    1    1    1  1.09231E+15 0.00038 
   52   52    1    1    1    1    1    1    1    1  1.32061E+15 0.00052 
   53   53    1    1    1    1    1    1    1    1  9.07907E+14 0.00061 
   54   54    1    1    1    1    1    1    1    1  1.13046E+15 0.00067 
   55   55    1    1    1    1    1    1    1    1  7.72703E+14 0.00055 
   56   56    1    1    1    1    1    1    1    1  1.04377E+14 0.00131 
   57   57    1    1    1    1    1    1    1    1  1.52753E+15 0.00042 
   58   58    1    1    1    1    1    1    1    1  6.99011E+14 0.00064 
   59   59    1    1    1    1    1    1    1    1  7.36971E+14 0.00060 
   60   60    1    1    1    1    1    1    1    1  5.84845E+14 0.00056 
   61   61    1    1    1    1    1    1    1    1  5.82649E+14 0.00042 
   62   62    1    1    1    1    1    1    1    1  6.08131E+14 0.00054 
   63   63    1    1    1    1    1    1    1    1  5.13481E+14 0.00084 
   64   64    1    1    1    1    1    1    1    1  4.08824E+14 0.00096 
   65   65    1    1    1    1    1    1    1    1  4.06565E+14 0.00080 
   66   66    1    1    1    1    1    1    1    1  2.93486E+14 0.00085 
   67   67    1    1    1    1    1    1    1    1  2.37036E+14 0.00105 
   68   68    1    1    1    1    1    1    1    1  2.11457E+14 0.00116 
   69   69    1    1    1    1    1    1    1    1  2.53383E+14 0.00083 
   70   70    1    1    1    1    1    1    1    1  2.14299E+14 0.00139 
   71   71    1    1    1    1    1    1    1    1  3.85456E+14 0.00115 
   72   72    1    1    1    1    1    1    1    1  2.71020E+14 0.00135 
   73   73    1    1    1    1    1    1    1    1  2.04846E+14 0.00104 
   74   74    1    1    1    1    1    1    1    1  1.66738E+14 0.00126 
   75   75    1    1    1    1    1    1    1    1  1.40305E+14 0.00130 
   76   76    1    1    1    1    1    1    1    1  1.64622E+14 0.00128 
   77   77    1    1    1    1    1    1    1    1  1.31899E+14 0.00161 
   78   78    1    1    1    1    1    1    1    1  1.06181E+14 0.00156 
   79   79    1    1    1    1    1    1    1    1  1.10004E+14 0.00140 
   80   80    1    1    1    1    1    1    1    1  8.17627E+13 0.00136 
   81   81    1    1    1    1    1    1    1    1  6.30906E+13 0.00210 
   82   82    1    1    1    1    1    1    1    1  4.81051E+13 0.00189 
   83   83    1    1    1    1    1    1    1    1  4.52478E+13 0.00234 
   84   84    1    1    1    1    1    1    1    1  3.25644E+13 0.00215 
   85   85    1    1    1    1    1    1    1    1  2.34263E+13 0.00294 
   86   86    1    1    1    1    1    1    1    1  2.18493E+13 0.00287 
   87   87    1    1    1    1    1    1    1    1  1.33228E+13 0.00469 
   88   88    1    1    1    1    1    1    1    1  8.89531E+12 0.00417 
   89   89    1    1    1    1    1    1    1    1  5.07380E+12 0.00489 
   90   90    1    1    1    1    1    1    1    1  3.28744E+12 0.00946 
   91   91    1    1    1    1    1    1    1    1  1.68160E+12 0.01349 
   92   92    1    1    1    1    1    1    1    1  8.02810E+11 0.01999 
   93   93    1    1    1    1    1    1    1    1  3.74557E+11 0.02687 
   94   94    1    1    1    1    1    1    1    1  1.74608E+11 0.04209 
   95   95    1    1    1    1    1    1    1    1  8.00842E+10 0.05419 
   96   96    1    1    1    1    1    1    1    1  4.33015E+10 0.07699 
   97   97    1    1    1    1    1    1    1    1  1.94007E+10 0.11455 
   98   98    1    1    1    1    1    1    1    1  9.46090E+09 0.13702 
   99   99    1    1    1    1    1    1    1    1  3.47444E+09 0.25319 
  100  100    1    1    1    1    1    1    1    1  3.92401E+09 0.20618 
];


