
DETdpaspec = [
    1    1    1    1    1    1    1    1    1    1  0.00000E+00 0.00000 
    2    2    1    1    1    1    1    1    1    1  0.00000E+00 0.00000 
    3    3    1    1    1    1    1    1    1    1  0.00000E+00 0.00000 
    4    4    1    1    1    1    1    1    1    1  0.00000E+00 0.00000 
    5    5    1    1    1    1    1    1    1    1  0.00000E+00 0.00000 
    6    6    1    1    1    1    1    1    1    1  0.00000E+00 0.00000 
    7    7    1    1    1    1    1    1    1    1  0.00000E+00 0.00000 
    8    8    1    1    1    1    1    1    1    1  0.00000E+00 0.00000 
    9    9    1    1    1    1    1    1    1    1  0.00000E+00 0.00000 
   10   10    1    1    1    1    1    1    1    1  0.00000E+00 0.00000 
   11   11    1    1    1    1    1    1    1    1  0.00000E+00 0.00000 
   12   12    1    1    1    1    1    1    1    1  2.93703E+07 0.69975 
   13   13    1    1    1    1    1    1    1    1  7.37623E+07 1.00000 
   14   14    1    1    1    1    1    1    1    1  8.70163E+08 0.40494 
   15   15    1    1    1    1    1    1    1    1  7.94269E+08 0.44068 
   16   16    1    1    1    1    1    1    1    1  6.97684E+08 0.47792 
   17   17    1    1    1    1    1    1    1    1  6.36155E+08 0.40092 
   18   18    1    1    1    1    1    1    1    1  1.68413E+09 0.39819 
   19   19    1    1    1    1    1    1    1    1  2.78967E+09 0.24260 
   20   20    1    1    1    1    1    1    1    1  7.86815E+09 0.20394 
   21   21    1    1    1    1    1    1    1    1  6.60886E+09 0.13477 
   22   22    1    1    1    1    1    1    1    1  1.18815E+10 0.13509 
   23   23    1    1    1    1    1    1    1    1  1.97756E+10 0.11729 
   24   24    1    1    1    1    1    1    1    1  3.66224E+10 0.06867 
   25   25    1    1    1    1    1    1    1    1  4.38403E+10 0.09169 
   26   26    1    1    1    1    1    1    1    1  7.11186E+10 0.04573 
   27   27    1    1    1    1    1    1    1    1  1.39120E+11 0.04722 
   28   28    1    1    1    1    1    1    1    1  3.08213E+11 0.03576 
   29   29    1    1    1    1    1    1    1    1  5.23594E+11 0.02640 
   30   30    1    1    1    1    1    1    1    1  1.43704E+12 0.01616 
   31   31    1    1    1    1    1    1    1    1  4.49599E+12 0.00927 
   32   32    1    1    1    1    1    1    1    1  8.26800E+12 0.00564 
   33   33    1    1    1    1    1    1    1    1  1.99929E+13 0.00328 
   34   34    1    1    1    1    1    1    1    1  2.82273E+13 0.00324 
   35   35    1    1    1    1    1    1    1    1  3.57803E+13 0.00312 
   36   36    1    1    1    1    1    1    1    1  2.38984E+13 0.00265 
   37   37    1    1    1    1    1    1    1    1  7.28138E+12 0.00346 
   38   38    1    1    1    1    1    1    1    1  4.10952E+13 0.00257 
   39   39    1    1    1    1    1    1    1    1  5.57379E+13 0.00184 
   40   40    1    1    1    1    1    1    1    1  9.61289E+13 0.00192 
   41   41    1    1    1    1    1    1    1    1  9.69898E+13 0.00179 
   42   42    1    1    1    1    1    1    1    1  2.09875E+14 0.00139 
   43   43    1    1    1    1    1    1    1    1  2.56820E+14 0.00113 
   44   44    1    1    1    1    1    1    1    1  3.76862E+14 0.00082 
   45   45    1    1    1    1    1    1    1    1  7.65730E+14 0.00079 
   46   46    1    1    1    1    1    1    1    1  3.61510E+14 0.00064 
   47   47    1    1    1    1    1    1    1    1  5.83916E+14 0.00085 
   48   48    1    1    1    1    1    1    1    1  8.23563E+14 0.00066 
   49   49    1    1    1    1    1    1    1    1  8.22020E+14 0.00054 
   50   50    1    1    1    1    1    1    1    1  1.30191E+15 0.00049 
   51   51    1    1    1    1    1    1    1    1  1.04490E+15 0.00050 
   52   52    1    1    1    1    1    1    1    1  1.26041E+15 0.00038 
   53   53    1    1    1    1    1    1    1    1  8.82819E+14 0.00057 
   54   54    1    1    1    1    1    1    1    1  1.09345E+15 0.00069 
   55   55    1    1    1    1    1    1    1    1  7.57160E+14 0.00081 
   56   56    1    1    1    1    1    1    1    1  1.03004E+14 0.00096 
   57   57    1    1    1    1    1    1    1    1  1.51368E+15 0.00072 
   58   58    1    1    1    1    1    1    1    1  6.83883E+14 0.00088 
   59   59    1    1    1    1    1    1    1    1  7.31600E+14 0.00070 
   60   60    1    1    1    1    1    1    1    1  5.74666E+14 0.00066 
   61   61    1    1    1    1    1    1    1    1  5.77734E+14 0.00063 
   62   62    1    1    1    1    1    1    1    1  6.04809E+14 0.00086 
   63   63    1    1    1    1    1    1    1    1  5.11980E+14 0.00110 
   64   64    1    1    1    1    1    1    1    1  4.10593E+14 0.00078 
   65   65    1    1    1    1    1    1    1    1  4.09597E+14 0.00087 
   66   66    1    1    1    1    1    1    1    1  2.96454E+14 0.00115 
   67   67    1    1    1    1    1    1    1    1  2.41587E+14 0.00115 
   68   68    1    1    1    1    1    1    1    1  2.16495E+14 0.00108 
   69   69    1    1    1    1    1    1    1    1  2.60626E+14 0.00089 
   70   70    1    1    1    1    1    1    1    1  2.22747E+14 0.00124 
   71   71    1    1    1    1    1    1    1    1  4.05923E+14 0.00065 
   72   72    1    1    1    1    1    1    1    1  2.88866E+14 0.00100 
   73   73    1    1    1    1    1    1    1    1  2.18402E+14 0.00126 
   74   74    1    1    1    1    1    1    1    1  1.75909E+14 0.00159 
   75   75    1    1    1    1    1    1    1    1  1.46885E+14 0.00113 
   76   76    1    1    1    1    1    1    1    1  1.71391E+14 0.00142 
   77   77    1    1    1    1    1    1    1    1  1.35794E+14 0.00175 
   78   78    1    1    1    1    1    1    1    1  1.08756E+14 0.00118 
   79   79    1    1    1    1    1    1    1    1  1.12285E+14 0.00143 
   80   80    1    1    1    1    1    1    1    1  8.34105E+13 0.00145 
   81   81    1    1    1    1    1    1    1    1  6.39827E+13 0.00220 
   82   82    1    1    1    1    1    1    1    1  4.92979E+13 0.00200 
   83   83    1    1    1    1    1    1    1    1  4.60633E+13 0.00215 
   84   84    1    1    1    1    1    1    1    1  3.31138E+13 0.00297 
   85   85    1    1    1    1    1    1    1    1  2.39331E+13 0.00322 
   86   86    1    1    1    1    1    1    1    1  2.25647E+13 0.00426 
   87   87    1    1    1    1    1    1    1    1  1.37386E+13 0.00477 
   88   88    1    1    1    1    1    1    1    1  9.24159E+12 0.00543 
   89   89    1    1    1    1    1    1    1    1  5.32654E+12 0.00660 
   90   90    1    1    1    1    1    1    1    1  3.52404E+12 0.00770 
   91   91    1    1    1    1    1    1    1    1  1.74888E+12 0.01761 
   92   92    1    1    1    1    1    1    1    1  8.54274E+11 0.01552 
   93   93    1    1    1    1    1    1    1    1  4.27291E+11 0.02525 
   94   94    1    1    1    1    1    1    1    1  1.98595E+11 0.03628 
   95   95    1    1    1    1    1    1    1    1  9.61772E+10 0.04763 
   96   96    1    1    1    1    1    1    1    1  4.41463E+10 0.09274 
   97   97    1    1    1    1    1    1    1    1  2.34537E+10 0.10021 
   98   98    1    1    1    1    1    1    1    1  1.04739E+10 0.12965 
   99   99    1    1    1    1    1    1    1    1  4.25059E+09 0.25369 
  100  100    1    1    1    1    1    1    1    1  5.72894E+09 0.26314 
];


