
DETdpaspec = [
    1    1    1    1    1    1    1    1    1    1  0.00000E+00 0.00000 
    2    2    1    1    1    1    1    1    1    1  0.00000E+00 0.00000 
    3    3    1    1    1    1    1    1    1    1  0.00000E+00 0.00000 
    4    4    1    1    1    1    1    1    1    1  0.00000E+00 0.00000 
    5    5    1    1    1    1    1    1    1    1  0.00000E+00 0.00000 
    6    6    1    1    1    1    1    1    1    1  0.00000E+00 0.00000 
    7    7    1    1    1    1    1    1    1    1  0.00000E+00 0.00000 
    8    8    1    1    1    1    1    1    1    1  0.00000E+00 0.00000 
    9    9    1    1    1    1    1    1    1    1  0.00000E+00 0.00000 
   10   10    1    1    1    1    1    1    1    1  0.00000E+00 0.00000 
   11   11    1    1    1    1    1    1    1    1  1.21760E+08 1.00000 
   12   12    1    1    1    1    1    1    1    1  2.64465E+07 0.70884 
   13   13    1    1    1    1    1    1    1    1  6.82609E+08 0.80898 
   14   14    1    1    1    1    1    1    1    1  1.38452E+09 0.48272 
   15   15    1    1    1    1    1    1    1    1  1.27206E+09 0.36830 
   16   16    1    1    1    1    1    1    1    1  6.63592E+08 0.43401 
   17   17    1    1    1    1    1    1    1    1  8.12184E+08 0.33486 
   18   18    1    1    1    1    1    1    1    1  2.55103E+09 0.31930 
   19   19    1    1    1    1    1    1    1    1  1.63067E+09 0.25819 
   20   20    1    1    1    1    1    1    1    1  8.46264E+09 0.19011 
   21   21    1    1    1    1    1    1    1    1  6.88544E+09 0.15241 
   22   22    1    1    1    1    1    1    1    1  1.37230E+10 0.09987 
   23   23    1    1    1    1    1    1    1    1  2.35257E+10 0.09174 
   24   24    1    1    1    1    1    1    1    1  3.24165E+10 0.08668 
   25   25    1    1    1    1    1    1    1    1  4.65642E+10 0.07767 
   26   26    1    1    1    1    1    1    1    1  7.79852E+10 0.07227 
   27   27    1    1    1    1    1    1    1    1  1.48249E+11 0.04850 
   28   28    1    1    1    1    1    1    1    1  3.23417E+11 0.02329 
   29   29    1    1    1    1    1    1    1    1  5.30317E+11 0.02055 
   30   30    1    1    1    1    1    1    1    1  1.47621E+12 0.01119 
   31   31    1    1    1    1    1    1    1    1  4.52586E+12 0.00675 
   32   32    1    1    1    1    1    1    1    1  8.44086E+12 0.00446 
   33   33    1    1    1    1    1    1    1    1  2.02892E+13 0.00358 
   34   34    1    1    1    1    1    1    1    1  2.85022E+13 0.00283 
   35   35    1    1    1    1    1    1    1    1  3.60607E+13 0.00201 
   36   36    1    1    1    1    1    1    1    1  2.41094E+13 0.00275 
   37   37    1    1    1    1    1    1    1    1  7.31423E+12 0.00224 
   38   38    1    1    1    1    1    1    1    1  4.14447E+13 0.00217 
   39   39    1    1    1    1    1    1    1    1  5.62851E+13 0.00214 
   40   40    1    1    1    1    1    1    1    1  9.70900E+13 0.00178 
   41   41    1    1    1    1    1    1    1    1  9.75718E+13 0.00158 
   42   42    1    1    1    1    1    1    1    1  2.10942E+14 0.00160 
   43   43    1    1    1    1    1    1    1    1  2.58625E+14 0.00131 
   44   44    1    1    1    1    1    1    1    1  3.78860E+14 0.00101 
   45   45    1    1    1    1    1    1    1    1  7.69812E+14 0.00072 
   46   46    1    1    1    1    1    1    1    1  3.62213E+14 0.00100 
   47   47    1    1    1    1    1    1    1    1  5.85807E+14 0.00087 
   48   48    1    1    1    1    1    1    1    1  8.26513E+14 0.00069 
   49   49    1    1    1    1    1    1    1    1  8.24187E+14 0.00066 
   50   50    1    1    1    1    1    1    1    1  1.30452E+15 0.00060 
   51   51    1    1    1    1    1    1    1    1  1.04586E+15 0.00051 
   52   52    1    1    1    1    1    1    1    1  1.26232E+15 0.00059 
   53   53    1    1    1    1    1    1    1    1  8.84092E+14 0.00083 
   54   54    1    1    1    1    1    1    1    1  1.09540E+15 0.00078 
   55   55    1    1    1    1    1    1    1    1  7.57648E+14 0.00095 
   56   56    1    1    1    1    1    1    1    1  1.03065E+14 0.00138 
   57   57    1    1    1    1    1    1    1    1  1.51492E+15 0.00039 
   58   58    1    1    1    1    1    1    1    1  6.85209E+14 0.00081 
   59   59    1    1    1    1    1    1    1    1  7.32614E+14 0.00069 
   60   60    1    1    1    1    1    1    1    1  5.75631E+14 0.00075 
   61   61    1    1    1    1    1    1    1    1  5.79003E+14 0.00081 
   62   62    1    1    1    1    1    1    1    1  6.06345E+14 0.00067 
   63   63    1    1    1    1    1    1    1    1  5.13153E+14 0.00091 
   64   64    1    1    1    1    1    1    1    1  4.10848E+14 0.00067 
   65   65    1    1    1    1    1    1    1    1  4.10543E+14 0.00103 
   66   66    1    1    1    1    1    1    1    1  2.97931E+14 0.00086 
   67   67    1    1    1    1    1    1    1    1  2.42904E+14 0.00107 
   68   68    1    1    1    1    1    1    1    1  2.17701E+14 0.00085 
   69   69    1    1    1    1    1    1    1    1  2.61348E+14 0.00108 
   70   70    1    1    1    1    1    1    1    1  2.22893E+14 0.00114 
   71   71    1    1    1    1    1    1    1    1  4.06724E+14 0.00091 
   72   72    1    1    1    1    1    1    1    1  2.89289E+14 0.00113 
   73   73    1    1    1    1    1    1    1    1  2.18187E+14 0.00103 
   74   74    1    1    1    1    1    1    1    1  1.76518E+14 0.00127 
   75   75    1    1    1    1    1    1    1    1  1.47474E+14 0.00156 
   76   76    1    1    1    1    1    1    1    1  1.71496E+14 0.00124 
   77   77    1    1    1    1    1    1    1    1  1.36307E+14 0.00107 
   78   78    1    1    1    1    1    1    1    1  1.08937E+14 0.00109 
   79   79    1    1    1    1    1    1    1    1  1.12715E+14 0.00163 
   80   80    1    1    1    1    1    1    1    1  8.37158E+13 0.00212 
   81   81    1    1    1    1    1    1    1    1  6.45573E+13 0.00211 
   82   82    1    1    1    1    1    1    1    1  4.96586E+13 0.00214 
   83   83    1    1    1    1    1    1    1    1  4.63179E+13 0.00229 
   84   84    1    1    1    1    1    1    1    1  3.34926E+13 0.00274 
   85   85    1    1    1    1    1    1    1    1  2.39365E+13 0.00265 
   86   86    1    1    1    1    1    1    1    1  2.26110E+13 0.00321 
   87   87    1    1    1    1    1    1    1    1  1.38941E+13 0.00387 
   88   88    1    1    1    1    1    1    1    1  9.31913E+12 0.00644 
   89   89    1    1    1    1    1    1    1    1  5.27766E+12 0.00536 
   90   90    1    1    1    1    1    1    1    1  3.53962E+12 0.00806 
   91   91    1    1    1    1    1    1    1    1  1.79265E+12 0.01281 
   92   92    1    1    1    1    1    1    1    1  8.40309E+11 0.01825 
   93   93    1    1    1    1    1    1    1    1  4.05963E+11 0.02962 
   94   94    1    1    1    1    1    1    1    1  1.93002E+11 0.02231 
   95   95    1    1    1    1    1    1    1    1  9.66284E+10 0.05177 
   96   96    1    1    1    1    1    1    1    1  4.85582E+10 0.04799 
   97   97    1    1    1    1    1    1    1    1  2.12119E+10 0.10730 
   98   98    1    1    1    1    1    1    1    1  8.19227E+09 0.18527 
   99   99    1    1    1    1    1    1    1    1  3.40512E+09 0.39115 
  100  100    1    1    1    1    1    1    1    1  5.99793E+09 0.21924 
];


