
DETdpaspec = [
    1    1    1    1    1    1    1    1    1    1  0.00000E+00 0.00000 
    2    2    1    1    1    1    1    1    1    1  0.00000E+00 0.00000 
    3    3    1    1    1    1    1    1    1    1  0.00000E+00 0.00000 
    4    4    1    1    1    1    1    1    1    1  0.00000E+00 0.00000 
    5    5    1    1    1    1    1    1    1    1  0.00000E+00 0.00000 
    6    6    1    1    1    1    1    1    1    1  0.00000E+00 0.00000 
    7    7    1    1    1    1    1    1    1    1  0.00000E+00 0.00000 
    8    8    1    1    1    1    1    1    1    1  4.98127E+06 1.00000 
    9    9    1    1    1    1    1    1    1    1  0.00000E+00 0.00000 
   10   10    1    1    1    1    1    1    1    1  0.00000E+00 0.00000 
   11   11    1    1    1    1    1    1    1    1  5.85924E+07 0.68825 
   12   12    1    1    1    1    1    1    1    1  7.12004E+07 0.59367 
   13   13    1    1    1    1    1    1    1    1  5.50538E+08 0.62903 
   14   14    1    1    1    1    1    1    1    1  5.14913E+08 0.88558 
   15   15    1    1    1    1    1    1    1    1  1.11882E+09 0.43642 
   16   16    1    1    1    1    1    1    1    1  1.64148E+08 0.56847 
   17   17    1    1    1    1    1    1    1    1  9.55651E+08 0.36895 
   18   18    1    1    1    1    1    1    1    1  1.80966E+09 0.36519 
   19   19    1    1    1    1    1    1    1    1  2.15290E+09 0.25749 
   20   20    1    1    1    1    1    1    1    1  9.42941E+09 0.21188 
   21   21    1    1    1    1    1    1    1    1  7.29270E+09 0.11240 
   22   22    1    1    1    1    1    1    1    1  1.42441E+10 0.11885 
   23   23    1    1    1    1    1    1    1    1  2.14612E+10 0.08923 
   24   24    1    1    1    1    1    1    1    1  3.62049E+10 0.11038 
   25   25    1    1    1    1    1    1    1    1  4.62684E+10 0.08093 
   26   26    1    1    1    1    1    1    1    1  7.55605E+10 0.06545 
   27   27    1    1    1    1    1    1    1    1  1.39038E+11 0.04403 
   28   28    1    1    1    1    1    1    1    1  3.25486E+11 0.03620 
   29   29    1    1    1    1    1    1    1    1  5.54907E+11 0.02155 
   30   30    1    1    1    1    1    1    1    1  1.50781E+12 0.01106 
   31   31    1    1    1    1    1    1    1    1  4.61906E+12 0.00890 
   32   32    1    1    1    1    1    1    1    1  8.53524E+12 0.00520 
   33   33    1    1    1    1    1    1    1    1  2.03482E+13 0.00465 
   34   34    1    1    1    1    1    1    1    1  2.86057E+13 0.00295 
   35   35    1    1    1    1    1    1    1    1  3.62642E+13 0.00261 
   36   36    1    1    1    1    1    1    1    1  2.41888E+13 0.00221 
   37   37    1    1    1    1    1    1    1    1  7.34826E+12 0.00303 
   38   38    1    1    1    1    1    1    1    1  4.14616E+13 0.00198 
   39   39    1    1    1    1    1    1    1    1  5.60722E+13 0.00153 
   40   40    1    1    1    1    1    1    1    1  9.75787E+13 0.00176 
   41   41    1    1    1    1    1    1    1    1  9.81322E+13 0.00182 
   42   42    1    1    1    1    1    1    1    1  2.12175E+14 0.00141 
   43   43    1    1    1    1    1    1    1    1  2.59632E+14 0.00133 
   44   44    1    1    1    1    1    1    1    1  3.79966E+14 0.00094 
   45   45    1    1    1    1    1    1    1    1  7.71514E+14 0.00070 
   46   46    1    1    1    1    1    1    1    1  3.63248E+14 0.00096 
   47   47    1    1    1    1    1    1    1    1  5.87149E+14 0.00060 
   48   48    1    1    1    1    1    1    1    1  8.27538E+14 0.00078 
   49   49    1    1    1    1    1    1    1    1  8.25377E+14 0.00056 
   50   50    1    1    1    1    1    1    1    1  1.30806E+15 0.00036 
   51   51    1    1    1    1    1    1    1    1  1.04793E+15 0.00069 
   52   52    1    1    1    1    1    1    1    1  1.26501E+15 0.00060 
   53   53    1    1    1    1    1    1    1    1  8.86288E+14 0.00058 
   54   54    1    1    1    1    1    1    1    1  1.09713E+15 0.00056 
   55   55    1    1    1    1    1    1    1    1  7.59398E+14 0.00059 
   56   56    1    1    1    1    1    1    1    1  1.03370E+14 0.00086 
   57   57    1    1    1    1    1    1    1    1  1.51724E+15 0.00047 
   58   58    1    1    1    1    1    1    1    1  6.86525E+14 0.00057 
   59   59    1    1    1    1    1    1    1    1  7.32777E+14 0.00090 
   60   60    1    1    1    1    1    1    1    1  5.76651E+14 0.00089 
   61   61    1    1    1    1    1    1    1    1  5.79823E+14 0.00065 
   62   62    1    1    1    1    1    1    1    1  6.06756E+14 0.00061 
   63   63    1    1    1    1    1    1    1    1  5.14862E+14 0.00062 
   64   64    1    1    1    1    1    1    1    1  4.11990E+14 0.00078 
   65   65    1    1    1    1    1    1    1    1  4.11296E+14 0.00087 
   66   66    1    1    1    1    1    1    1    1  2.97609E+14 0.00107 
   67   67    1    1    1    1    1    1    1    1  2.42884E+14 0.00113 
   68   68    1    1    1    1    1    1    1    1  2.17651E+14 0.00120 
   69   69    1    1    1    1    1    1    1    1  2.61861E+14 0.00112 
   70   70    1    1    1    1    1    1    1    1  2.23096E+14 0.00120 
   71   71    1    1    1    1    1    1    1    1  4.06520E+14 0.00093 
   72   72    1    1    1    1    1    1    1    1  2.88995E+14 0.00071 
   73   73    1    1    1    1    1    1    1    1  2.18857E+14 0.00124 
   74   74    1    1    1    1    1    1    1    1  1.76521E+14 0.00174 
   75   75    1    1    1    1    1    1    1    1  1.47339E+14 0.00126 
   76   76    1    1    1    1    1    1    1    1  1.72111E+14 0.00118 
   77   77    1    1    1    1    1    1    1    1  1.36735E+14 0.00157 
   78   78    1    1    1    1    1    1    1    1  1.09383E+14 0.00158 
   79   79    1    1    1    1    1    1    1    1  1.13235E+14 0.00146 
   80   80    1    1    1    1    1    1    1    1  8.40647E+13 0.00128 
   81   81    1    1    1    1    1    1    1    1  6.46073E+13 0.00176 
   82   82    1    1    1    1    1    1    1    1  4.97135E+13 0.00192 
   83   83    1    1    1    1    1    1    1    1  4.65538E+13 0.00246 
   84   84    1    1    1    1    1    1    1    1  3.32976E+13 0.00170 
   85   85    1    1    1    1    1    1    1    1  2.40783E+13 0.00397 
   86   86    1    1    1    1    1    1    1    1  2.24936E+13 0.00322 
   87   87    1    1    1    1    1    1    1    1  1.37762E+13 0.00522 
   88   88    1    1    1    1    1    1    1    1  9.42855E+12 0.00352 
   89   89    1    1    1    1    1    1    1    1  5.39943E+12 0.00596 
   90   90    1    1    1    1    1    1    1    1  3.56425E+12 0.00634 
   91   91    1    1    1    1    1    1    1    1  1.77158E+12 0.00962 
   92   92    1    1    1    1    1    1    1    1  8.60989E+11 0.01645 
   93   93    1    1    1    1    1    1    1    1  4.04522E+11 0.02934 
   94   94    1    1    1    1    1    1    1    1  1.90189E+11 0.04657 
   95   95    1    1    1    1    1    1    1    1  9.62896E+10 0.05532 
   96   96    1    1    1    1    1    1    1    1  4.40735E+10 0.07543 
   97   97    1    1    1    1    1    1    1    1  1.85933E+10 0.12339 
   98   98    1    1    1    1    1    1    1    1  1.00755E+10 0.12782 
   99   99    1    1    1    1    1    1    1    1  6.29151E+09 0.16109 
  100  100    1    1    1    1    1    1    1    1  3.18892E+09 0.27858 
];


