
DETdpaspec = [
    1    1    1    1    1    1    1    1    1    1  0.00000E+00 0.00000 
    2    2    1    1    1    1    1    1    1    1  0.00000E+00 0.00000 
    3    3    1    1    1    1    1    1    1    1  0.00000E+00 0.00000 
    4    4    1    1    1    1    1    1    1    1  0.00000E+00 0.00000 
    5    5    1    1    1    1    1    1    1    1  0.00000E+00 0.00000 
    6    6    1    1    1    1    1    1    1    1  0.00000E+00 0.00000 
    7    7    1    1    1    1    1    1    1    1  0.00000E+00 0.00000 
    8    8    1    1    1    1    1    1    1    1  0.00000E+00 0.00000 
    9    9    1    1    1    1    1    1    1    1  0.00000E+00 0.00000 
   10   10    1    1    1    1    1    1    1    1  0.00000E+00 0.00000 
   11   11    1    1    1    1    1    1    1    1  0.00000E+00 0.00000 
   12   12    1    1    1    1    1    1    1    1  2.26490E+08 1.00000 
   13   13    1    1    1    1    1    1    1    1  5.06279E+07 1.00000 
   14   14    1    1    1    1    1    1    1    1  6.46868E+08 0.76912 
   15   15    1    1    1    1    1    1    1    1  5.34554E+08 0.58301 
   16   16    1    1    1    1    1    1    1    1  0.00000E+00 0.00000 
   17   17    1    1    1    1    1    1    1    1  2.37267E+08 0.58392 
   18   18    1    1    1    1    1    1    1    1  3.07346E+08 1.00000 
   19   19    1    1    1    1    1    1    1    1  1.63294E+09 0.50038 
   20   20    1    1    1    1    1    1    1    1  5.55201E+09 0.19727 
   21   21    1    1    1    1    1    1    1    1  8.04003E+09 0.18457 
   22   22    1    1    1    1    1    1    1    1  3.14048E+10 0.08564 
   23   23    1    1    1    1    1    1    1    1  1.23471E+11 0.07219 
   24   24    1    1    1    1    1    1    1    1  3.54592E+11 0.03311 
   25   25    1    1    1    1    1    1    1    1  5.70657E+11 0.02169 
   26   26    1    1    1    1    1    1    1    1  1.16781E+12 0.01678 
   27   27    1    1    1    1    1    1    1    1  2.21661E+12 0.00935 
   28   28    1    1    1    1    1    1    1    1  3.94369E+12 0.01003 
   29   29    1    1    1    1    1    1    1    1  5.91559E+12 0.00753 
   30   30    1    1    1    1    1    1    1    1  1.10321E+13 0.00392 
   31   31    1    1    1    1    1    1    1    1  2.13596E+13 0.00387 
   32   32    1    1    1    1    1    1    1    1  3.03935E+13 0.00330 
   33   33    1    1    1    1    1    1    1    1  5.86194E+13 0.00238 
   34   34    1    1    1    1    1    1    1    1  7.06385E+13 0.00251 
   35   35    1    1    1    1    1    1    1    1  7.05086E+13 0.00185 
   36   36    1    1    1    1    1    1    1    1  4.12750E+13 0.00177 
   37   37    1    1    1    1    1    1    1    1  1.19564E+13 0.00233 
   38   38    1    1    1    1    1    1    1    1  6.86110E+13 0.00193 
   39   39    1    1    1    1    1    1    1    1  9.02494E+13 0.00155 
   40   40    1    1    1    1    1    1    1    1  1.51721E+14 0.00135 
   41   41    1    1    1    1    1    1    1    1  1.44256E+14 0.00131 
   42   42    1    1    1    1    1    1    1    1  3.09202E+14 0.00101 
   43   43    1    1    1    1    1    1    1    1  3.65380E+14 0.00122 
   44   44    1    1    1    1    1    1    1    1  5.16823E+14 0.00092 
   45   45    1    1    1    1    1    1    1    1  9.99894E+14 0.00096 
   46   46    1    1    1    1    1    1    1    1  4.42798E+14 0.00065 
   47   47    1    1    1    1    1    1    1    1  6.97809E+14 0.00067 
   48   48    1    1    1    1    1    1    1    1  9.47876E+14 0.00068 
   49   49    1    1    1    1    1    1    1    1  9.18132E+14 0.00069 
   50   50    1    1    1    1    1    1    1    1  1.42510E+15 0.00068 
   51   51    1    1    1    1    1    1    1    1  1.09007E+15 0.00069 
   52   52    1    1    1    1    1    1    1    1  1.30961E+15 0.00059 
   53   53    1    1    1    1    1    1    1    1  8.89626E+14 0.00069 
   54   54    1    1    1    1    1    1    1    1  1.10366E+15 0.00062 
   55   55    1    1    1    1    1    1    1    1  7.50156E+14 0.00046 
   56   56    1    1    1    1    1    1    1    1  1.01052E+14 0.00109 
   57   57    1    1    1    1    1    1    1    1  1.47271E+15 0.00037 
   58   58    1    1    1    1    1    1    1    1  6.70343E+14 0.00068 
   59   59    1    1    1    1    1    1    1    1  7.03084E+14 0.00058 
   60   60    1    1    1    1    1    1    1    1  5.56699E+14 0.00067 
   61   61    1    1    1    1    1    1    1    1  5.54145E+14 0.00099 
   62   62    1    1    1    1    1    1    1    1  5.74818E+14 0.00086 
   63   63    1    1    1    1    1    1    1    1  4.83263E+14 0.00084 
   64   64    1    1    1    1    1    1    1    1  3.83378E+14 0.00076 
   65   65    1    1    1    1    1    1    1    1  3.79858E+14 0.00088 
   66   66    1    1    1    1    1    1    1    1  2.73248E+14 0.00096 
   67   67    1    1    1    1    1    1    1    1  2.19787E+14 0.00122 
   68   68    1    1    1    1    1    1    1    1  1.95623E+14 0.00151 
   69   69    1    1    1    1    1    1    1    1  2.33213E+14 0.00113 
   70   70    1    1    1    1    1    1    1    1  1.96867E+14 0.00129 
   71   71    1    1    1    1    1    1    1    1  3.49866E+14 0.00117 
   72   72    1    1    1    1    1    1    1    1  2.45071E+14 0.00124 
   73   73    1    1    1    1    1    1    1    1  1.84039E+14 0.00151 
   74   74    1    1    1    1    1    1    1    1  1.49673E+14 0.00149 
   75   75    1    1    1    1    1    1    1    1  1.25926E+14 0.00156 
   76   76    1    1    1    1    1    1    1    1  1.47727E+14 0.00147 
   77   77    1    1    1    1    1    1    1    1  1.18052E+14 0.00138 
   78   78    1    1    1    1    1    1    1    1  9.44660E+13 0.00177 
   79   79    1    1    1    1    1    1    1    1  9.76075E+13 0.00114 
   80   80    1    1    1    1    1    1    1    1  7.23487E+13 0.00212 
   81   81    1    1    1    1    1    1    1    1  5.55356E+13 0.00181 
   82   82    1    1    1    1    1    1    1    1  4.23854E+13 0.00195 
   83   83    1    1    1    1    1    1    1    1  3.96009E+13 0.00214 
   84   84    1    1    1    1    1    1    1    1  2.82568E+13 0.00237 
   85   85    1    1    1    1    1    1    1    1  2.02831E+13 0.00342 
   86   86    1    1    1    1    1    1    1    1  1.88250E+13 0.00441 
   87   87    1    1    1    1    1    1    1    1  1.13571E+13 0.00396 
   88   88    1    1    1    1    1    1    1    1  7.49785E+12 0.00414 
   89   89    1    1    1    1    1    1    1    1  4.27100E+12 0.00694 
   90   90    1    1    1    1    1    1    1    1  2.76057E+12 0.00895 
   91   91    1    1    1    1    1    1    1    1  1.34467E+12 0.01176 
   92   92    1    1    1    1    1    1    1    1  6.39638E+11 0.01842 
   93   93    1    1    1    1    1    1    1    1  2.90590E+11 0.02638 
   94   94    1    1    1    1    1    1    1    1  1.35081E+11 0.02827 
   95   95    1    1    1    1    1    1    1    1  6.88090E+10 0.06212 
   96   96    1    1    1    1    1    1    1    1  2.97541E+10 0.08459 
   97   97    1    1    1    1    1    1    1    1  1.32353E+10 0.13065 
   98   98    1    1    1    1    1    1    1    1  6.97002E+09 0.15196 
   99   99    1    1    1    1    1    1    1    1  2.27831E+09 0.27319 
  100  100    1    1    1    1    1    1    1    1  1.95526E+09 0.24681 
];


