
DETdpaspec = [
    1    1    1    1    1    1    1    1    1    1  0.00000E+00 0.00000 
    2    2    1    1    1    1    1    1    1    1  0.00000E+00 0.00000 
    3    3    1    1    1    1    1    1    1    1  0.00000E+00 0.00000 
    4    4    1    1    1    1    1    1    1    1  0.00000E+00 0.00000 
    5    5    1    1    1    1    1    1    1    1  6.48719E+06 1.00000 
    6    6    1    1    1    1    1    1    1    1  0.00000E+00 0.00000 
    7    7    1    1    1    1    1    1    1    1  0.00000E+00 0.00000 
    8    8    1    1    1    1    1    1    1    1  9.40499E+06 1.00000 
    9    9    1    1    1    1    1    1    1    1  0.00000E+00 0.00000 
   10   10    1    1    1    1    1    1    1    1  4.76105E+07 1.00000 
   11   11    1    1    1    1    1    1    1    1  0.00000E+00 0.00000 
   12   12    1    1    1    1    1    1    1    1  6.30080E+07 0.72564 
   13   13    1    1    1    1    1    1    1    1  8.52706E+08 0.57138 
   14   14    1    1    1    1    1    1    1    1  3.89368E+08 0.47830 
   15   15    1    1    1    1    1    1    1    1  9.07108E+08 0.45085 
   16   16    1    1    1    1    1    1    1    1  6.04705E+08 0.45321 
   17   17    1    1    1    1    1    1    1    1  1.01162E+09 0.27057 
   18   18    1    1    1    1    1    1    1    1  8.03645E+08 0.40352 
   19   19    1    1    1    1    1    1    1    1  2.35110E+09 0.30470 
   20   20    1    1    1    1    1    1    1    1  6.91340E+09 0.13945 
   21   21    1    1    1    1    1    1    1    1  6.26192E+09 0.15347 
   22   22    1    1    1    1    1    1    1    1  1.45805E+10 0.12152 
   23   23    1    1    1    1    1    1    1    1  2.31360E+10 0.07211 
   24   24    1    1    1    1    1    1    1    1  3.69721E+10 0.06184 
   25   25    1    1    1    1    1    1    1    1  5.63821E+10 0.07238 
   26   26    1    1    1    1    1    1    1    1  8.49790E+10 0.03497 
   27   27    1    1    1    1    1    1    1    1  1.48264E+11 0.04082 
   28   28    1    1    1    1    1    1    1    1  3.08930E+11 0.02489 
   29   29    1    1    1    1    1    1    1    1  4.87519E+11 0.02440 
   30   30    1    1    1    1    1    1    1    1  1.35010E+12 0.01206 
   31   31    1    1    1    1    1    1    1    1  4.14299E+12 0.00792 
   32   32    1    1    1    1    1    1    1    1  7.88566E+12 0.00479 
   33   33    1    1    1    1    1    1    1    1  1.89647E+13 0.00446 
   34   34    1    1    1    1    1    1    1    1  2.66842E+13 0.00290 
   35   35    1    1    1    1    1    1    1    1  3.47519E+13 0.00270 
   36   36    1    1    1    1    1    1    1    1  2.35706E+13 0.00260 
   37   37    1    1    1    1    1    1    1    1  7.20946E+12 0.00263 
   38   38    1    1    1    1    1    1    1    1  4.05845E+13 0.00232 
   39   39    1    1    1    1    1    1    1    1  5.49246E+13 0.00194 
   40   40    1    1    1    1    1    1    1    1  9.47677E+13 0.00198 
   41   41    1    1    1    1    1    1    1    1  9.61500E+13 0.00161 
   42   42    1    1    1    1    1    1    1    1  2.07062E+14 0.00143 
   43   43    1    1    1    1    1    1    1    1  2.53237E+14 0.00137 
   44   44    1    1    1    1    1    1    1    1  3.72713E+14 0.00091 
   45   45    1    1    1    1    1    1    1    1  7.55260E+14 0.00067 
   46   46    1    1    1    1    1    1    1    1  3.57055E+14 0.00097 
   47   47    1    1    1    1    1    1    1    1  5.79440E+14 0.00059 
   48   48    1    1    1    1    1    1    1    1  8.16764E+14 0.00064 
   49   49    1    1    1    1    1    1    1    1  8.17429E+14 0.00061 
   50   50    1    1    1    1    1    1    1    1  1.29136E+15 0.00063 
   51   51    1    1    1    1    1    1    1    1  1.04040E+15 0.00054 
   52   52    1    1    1    1    1    1    1    1  1.25142E+15 0.00046 
   53   53    1    1    1    1    1    1    1    1  8.77473E+14 0.00069 
   54   54    1    1    1    1    1    1    1    1  1.08277E+15 0.00062 
   55   55    1    1    1    1    1    1    1    1  7.51250E+14 0.00049 
   56   56    1    1    1    1    1    1    1    1  1.02478E+14 0.00089 
   57   57    1    1    1    1    1    1    1    1  1.50234E+15 0.00046 
   58   58    1    1    1    1    1    1    1    1  6.76598E+14 0.00055 
   59   59    1    1    1    1    1    1    1    1  7.23448E+14 0.00052 
   60   60    1    1    1    1    1    1    1    1  5.67475E+14 0.00072 
   61   61    1    1    1    1    1    1    1    1  5.70407E+14 0.00066 
   62   62    1    1    1    1    1    1    1    1  5.96934E+14 0.00076 
   63   63    1    1    1    1    1    1    1    1  5.05697E+14 0.00060 
   64   64    1    1    1    1    1    1    1    1  4.04857E+14 0.00095 
   65   65    1    1    1    1    1    1    1    1  4.03754E+14 0.00096 
   66   66    1    1    1    1    1    1    1    1  2.92704E+14 0.00121 
   67   67    1    1    1    1    1    1    1    1  2.38743E+14 0.00116 
   68   68    1    1    1    1    1    1    1    1  2.14519E+14 0.00112 
   69   69    1    1    1    1    1    1    1    1  2.58031E+14 0.00097 
   70   70    1    1    1    1    1    1    1    1  2.20331E+14 0.00108 
   71   71    1    1    1    1    1    1    1    1  4.03000E+14 0.00087 
   72   72    1    1    1    1    1    1    1    1  2.87375E+14 0.00091 
   73   73    1    1    1    1    1    1    1    1  2.16636E+14 0.00133 
   74   74    1    1    1    1    1    1    1    1  1.74750E+14 0.00101 
   75   75    1    1    1    1    1    1    1    1  1.45067E+14 0.00128 
   76   76    1    1    1    1    1    1    1    1  1.68690E+14 0.00147 
   77   77    1    1    1    1    1    1    1    1  1.33436E+14 0.00165 
   78   78    1    1    1    1    1    1    1    1  1.06569E+14 0.00168 
   79   79    1    1    1    1    1    1    1    1  1.10371E+14 0.00142 
   80   80    1    1    1    1    1    1    1    1  8.19136E+13 0.00193 
   81   81    1    1    1    1    1    1    1    1  6.29545E+13 0.00244 
   82   82    1    1    1    1    1    1    1    1  4.82815E+13 0.00277 
   83   83    1    1    1    1    1    1    1    1  4.51097E+13 0.00220 
   84   84    1    1    1    1    1    1    1    1  3.23324E+13 0.00249 
   85   85    1    1    1    1    1    1    1    1  2.34119E+13 0.00293 
   86   86    1    1    1    1    1    1    1    1  2.19633E+13 0.00348 
   87   87    1    1    1    1    1    1    1    1  1.33396E+13 0.00403 
   88   88    1    1    1    1    1    1    1    1  9.13265E+12 0.00522 
   89   89    1    1    1    1    1    1    1    1  5.16244E+12 0.00781 
   90   90    1    1    1    1    1    1    1    1  3.44839E+12 0.00960 
   91   91    1    1    1    1    1    1    1    1  1.74498E+12 0.01369 
   92   92    1    1    1    1    1    1    1    1  8.52127E+11 0.01915 
   93   93    1    1    1    1    1    1    1    1  4.12562E+11 0.02381 
   94   94    1    1    1    1    1    1    1    1  1.99518E+11 0.04754 
   95   95    1    1    1    1    1    1    1    1  8.88547E+10 0.03934 
   96   96    1    1    1    1    1    1    1    1  4.36922E+10 0.08075 
   97   97    1    1    1    1    1    1    1    1  2.13549E+10 0.14518 
   98   98    1    1    1    1    1    1    1    1  1.14218E+10 0.16949 
   99   99    1    1    1    1    1    1    1    1  5.00674E+09 0.27443 
  100  100    1    1    1    1    1    1    1    1  4.23317E+09 0.24535 
];


