
DETdpaspec = [
    1    1    1    1    1    1    1    1    1    1  0.00000E+00 0.00000 
    2    2    1    1    1    1    1    1    1    1  0.00000E+00 0.00000 
    3    3    1    1    1    1    1    1    1    1  0.00000E+00 0.00000 
    4    4    1    1    1    1    1    1    1    1  1.06287E+07 1.00000 
    5    5    1    1    1    1    1    1    1    1  0.00000E+00 0.00000 
    6    6    1    1    1    1    1    1    1    1  0.00000E+00 0.00000 
    7    7    1    1    1    1    1    1    1    1  0.00000E+00 0.00000 
    8    8    1    1    1    1    1    1    1    1  0.00000E+00 0.00000 
    9    9    1    1    1    1    1    1    1    1  0.00000E+00 0.00000 
   10   10    1    1    1    1    1    1    1    1  0.00000E+00 0.00000 
   11   11    1    1    1    1    1    1    1    1  0.00000E+00 0.00000 
   12   12    1    1    1    1    1    1    1    1  9.72560E+07 0.69078 
   13   13    1    1    1    1    1    1    1    1  1.20302E+09 0.64150 
   14   14    1    1    1    1    1    1    1    1  9.56080E+08 0.50162 
   15   15    1    1    1    1    1    1    1    1  8.66958E+08 0.60082 
   16   16    1    1    1    1    1    1    1    1  3.14237E+08 0.48014 
   17   17    1    1    1    1    1    1    1    1  6.08237E+08 0.61514 
   18   18    1    1    1    1    1    1    1    1  9.19729E+08 0.42665 
   19   19    1    1    1    1    1    1    1    1  1.57150E+09 0.31890 
   20   20    1    1    1    1    1    1    1    1  5.61174E+09 0.18757 
   21   21    1    1    1    1    1    1    1    1  7.09445E+09 0.16560 
   22   22    1    1    1    1    1    1    1    1  9.31593E+09 0.14408 
   23   23    1    1    1    1    1    1    1    1  1.87027E+10 0.12503 
   24   24    1    1    1    1    1    1    1    1  3.55595E+10 0.07579 
   25   25    1    1    1    1    1    1    1    1  4.78130E+10 0.07788 
   26   26    1    1    1    1    1    1    1    1  1.05409E+11 0.04882 
   27   27    1    1    1    1    1    1    1    1  2.46705E+11 0.03403 
   28   28    1    1    1    1    1    1    1    1  6.05478E+11 0.01648 
   29   29    1    1    1    1    1    1    1    1  1.08991E+12 0.01405 
   30   30    1    1    1    1    1    1    1    1  2.68296E+12 0.01229 
   31   31    1    1    1    1    1    1    1    1  7.37944E+12 0.00806 
   32   32    1    1    1    1    1    1    1    1  1.26312E+13 0.00503 
   33   33    1    1    1    1    1    1    1    1  2.87636E+13 0.00358 
   34   34    1    1    1    1    1    1    1    1  3.88279E+13 0.00251 
   35   35    1    1    1    1    1    1    1    1  4.45273E+13 0.00298 
   36   36    1    1    1    1    1    1    1    1  2.82730E+13 0.00180 
   37   37    1    1    1    1    1    1    1    1  8.39421E+12 0.00199 
   38   38    1    1    1    1    1    1    1    1  4.81096E+13 0.00141 
   39   39    1    1    1    1    1    1    1    1  6.48457E+13 0.00172 
   40   40    1    1    1    1    1    1    1    1  1.11439E+14 0.00159 
   41   41    1    1    1    1    1    1    1    1  1.09807E+14 0.00174 
   42   42    1    1    1    1    1    1    1    1  2.38286E+14 0.00153 
   43   43    1    1    1    1    1    1    1    1  2.89300E+14 0.00175 
   44   44    1    1    1    1    1    1    1    1  4.20886E+14 0.00077 
   45   45    1    1    1    1    1    1    1    1  8.46556E+14 0.00059 
   46   46    1    1    1    1    1    1    1    1  3.90201E+14 0.00068 
   47   47    1    1    1    1    1    1    1    1  6.24908E+14 0.00071 
   48   48    1    1    1    1    1    1    1    1  8.71719E+14 0.00066 
   49   49    1    1    1    1    1    1    1    1  8.60942E+14 0.00075 
   50   50    1    1    1    1    1    1    1    1  1.36241E+15 0.00059 
   51   51    1    1    1    1    1    1    1    1  1.07191E+15 0.00058 
   52   52    1    1    1    1    1    1    1    1  1.30165E+15 0.00048 
   53   53    1    1    1    1    1    1    1    1  9.03212E+14 0.00062 
   54   54    1    1    1    1    1    1    1    1  1.12527E+15 0.00061 
   55   55    1    1    1    1    1    1    1    1  7.74582E+14 0.00060 
   56   56    1    1    1    1    1    1    1    1  1.04933E+14 0.00131 
   57   57    1    1    1    1    1    1    1    1  1.53953E+15 0.00055 
   58   58    1    1    1    1    1    1    1    1  7.02725E+14 0.00066 
   59   59    1    1    1    1    1    1    1    1  7.45737E+14 0.00053 
   60   60    1    1    1    1    1    1    1    1  5.91069E+14 0.00058 
   61   61    1    1    1    1    1    1    1    1  5.91339E+14 0.00071 
   62   62    1    1    1    1    1    1    1    1  6.17897E+14 0.00067 
   63   63    1    1    1    1    1    1    1    1  5.23791E+14 0.00060 
   64   64    1    1    1    1    1    1    1    1  4.18126E+14 0.00112 
   65   65    1    1    1    1    1    1    1    1  4.17218E+14 0.00081 
   66   66    1    1    1    1    1    1    1    1  3.02435E+14 0.00097 
   67   67    1    1    1    1    1    1    1    1  2.45228E+14 0.00107 
   68   68    1    1    1    1    1    1    1    1  2.19326E+14 0.00128 
   69   69    1    1    1    1    1    1    1    1  2.62686E+14 0.00088 
   70   70    1    1    1    1    1    1    1    1  2.23730E+14 0.00119 
   71   71    1    1    1    1    1    1    1    1  4.03369E+14 0.00110 
   72   72    1    1    1    1    1    1    1    1  2.85411E+14 0.00102 
   73   73    1    1    1    1    1    1    1    1  2.15955E+14 0.00106 
   74   74    1    1    1    1    1    1    1    1  1.75590E+14 0.00108 
   75   75    1    1    1    1    1    1    1    1  1.47173E+14 0.00103 
   76   76    1    1    1    1    1    1    1    1  1.73037E+14 0.00122 
   77   77    1    1    1    1    1    1    1    1  1.37996E+14 0.00134 
   78   78    1    1    1    1    1    1    1    1  1.10814E+14 0.00144 
   79   79    1    1    1    1    1    1    1    1  1.14986E+14 0.00168 
   80   80    1    1    1    1    1    1    1    1  8.55051E+13 0.00217 
   81   81    1    1    1    1    1    1    1    1  6.62409E+13 0.00198 
   82   82    1    1    1    1    1    1    1    1  5.08175E+13 0.00195 
   83   83    1    1    1    1    1    1    1    1  4.73724E+13 0.00202 
   84   84    1    1    1    1    1    1    1    1  3.40790E+13 0.00204 
   85   85    1    1    1    1    1    1    1    1  2.46743E+13 0.00289 
   86   86    1    1    1    1    1    1    1    1  2.30094E+13 0.00326 
   87   87    1    1    1    1    1    1    1    1  1.40537E+13 0.00379 
   88   88    1    1    1    1    1    1    1    1  9.46646E+12 0.00502 
   89   89    1    1    1    1    1    1    1    1  5.43188E+12 0.00744 
   90   90    1    1    1    1    1    1    1    1  3.51534E+12 0.01010 
   91   91    1    1    1    1    1    1    1    1  1.79109E+12 0.01347 
   92   92    1    1    1    1    1    1    1    1  8.21615E+11 0.01589 
   93   93    1    1    1    1    1    1    1    1  4.25236E+11 0.02446 
   94   94    1    1    1    1    1    1    1    1  2.02193E+11 0.03398 
   95   95    1    1    1    1    1    1    1    1  9.60856E+10 0.04538 
   96   96    1    1    1    1    1    1    1    1  4.81077E+10 0.08442 
   97   97    1    1    1    1    1    1    1    1  2.21594E+10 0.09233 
   98   98    1    1    1    1    1    1    1    1  1.09886E+10 0.15274 
   99   99    1    1    1    1    1    1    1    1  4.52732E+09 0.21925 
  100  100    1    1    1    1    1    1    1    1  4.15038E+09 0.18471 
];


