
DETdpaspec = [
    1    1    1    1    1    1    1    1    1    1  0.00000E+00 0.00000 
    2    2    1    1    1    1    1    1    1    1  0.00000E+00 0.00000 
    3    3    1    1    1    1    1    1    1    1  0.00000E+00 0.00000 
    4    4    1    1    1    1    1    1    1    1  0.00000E+00 0.00000 
    5    5    1    1    1    1    1    1    1    1  0.00000E+00 0.00000 
    6    6    1    1    1    1    1    1    1    1  0.00000E+00 0.00000 
    7    7    1    1    1    1    1    1    1    1  0.00000E+00 0.00000 
    8    8    1    1    1    1    1    1    1    1  0.00000E+00 0.00000 
    9    9    1    1    1    1    1    1    1    1  0.00000E+00 0.00000 
   10   10    1    1    1    1    1    1    1    1  0.00000E+00 0.00000 
   11   11    1    1    1    1    1    1    1    1  0.00000E+00 0.00000 
   12   12    1    1    1    1    1    1    1    1  8.41944E+07 0.71185 
   13   13    1    1    1    1    1    1    1    1  4.85382E+08 0.69181 
   14   14    1    1    1    1    1    1    1    1  7.29806E+08 0.55030 
   15   15    1    1    1    1    1    1    1    1  5.13784E+08 0.69697 
   16   16    1    1    1    1    1    1    1    1  5.49079E+08 0.41762 
   17   17    1    1    1    1    1    1    1    1  1.95736E+09 0.44819 
   18   18    1    1    1    1    1    1    1    1  1.49933E+09 0.26421 
   19   19    1    1    1    1    1    1    1    1  1.29213E+09 0.54520 
   20   20    1    1    1    1    1    1    1    1  6.16465E+09 0.14805 
   21   21    1    1    1    1    1    1    1    1  3.59125E+09 0.24404 
   22   22    1    1    1    1    1    1    1    1  1.06712E+10 0.15957 
   23   23    1    1    1    1    1    1    1    1  1.82270E+10 0.08694 
   24   24    1    1    1    1    1    1    1    1  3.54450E+10 0.08538 
   25   25    1    1    1    1    1    1    1    1  5.22065E+10 0.07345 
   26   26    1    1    1    1    1    1    1    1  1.03486E+11 0.04672 
   27   27    1    1    1    1    1    1    1    1  2.33668E+11 0.03374 
   28   28    1    1    1    1    1    1    1    1  5.45268E+11 0.02021 
   29   29    1    1    1    1    1    1    1    1  9.88967E+11 0.01752 
   30   30    1    1    1    1    1    1    1    1  2.45931E+12 0.01334 
   31   31    1    1    1    1    1    1    1    1  6.90257E+12 0.00568 
   32   32    1    1    1    1    1    1    1    1  1.19452E+13 0.00619 
   33   33    1    1    1    1    1    1    1    1  2.74055E+13 0.00528 
   34   34    1    1    1    1    1    1    1    1  3.74605E+13 0.00379 
   35   35    1    1    1    1    1    1    1    1  4.34121E+13 0.00324 
   36   36    1    1    1    1    1    1    1    1  2.77285E+13 0.00220 
   37   37    1    1    1    1    1    1    1    1  8.26100E+12 0.00281 
   38   38    1    1    1    1    1    1    1    1  4.72978E+13 0.00182 
   39   39    1    1    1    1    1    1    1    1  6.35619E+13 0.00191 
   40   40    1    1    1    1    1    1    1    1  1.09687E+14 0.00187 
   41   41    1    1    1    1    1    1    1    1  1.08261E+14 0.00172 
   42   42    1    1    1    1    1    1    1    1  2.35868E+14 0.00133 
   43   43    1    1    1    1    1    1    1    1  2.86706E+14 0.00125 
   44   44    1    1    1    1    1    1    1    1  4.15793E+14 0.00119 
   45   45    1    1    1    1    1    1    1    1  8.37300E+14 0.00074 
   46   46    1    1    1    1    1    1    1    1  3.86438E+14 0.00085 
   47   47    1    1    1    1    1    1    1    1  6.20247E+14 0.00070 
   48   48    1    1    1    1    1    1    1    1  8.66352E+14 0.00066 
   49   49    1    1    1    1    1    1    1    1  8.57264E+14 0.00065 
   50   50    1    1    1    1    1    1    1    1  1.35721E+15 0.00065 
   51   51    1    1    1    1    1    1    1    1  1.06981E+15 0.00057 
   52   52    1    1    1    1    1    1    1    1  1.29762E+15 0.00040 
   53   53    1    1    1    1    1    1    1    1  9.01405E+14 0.00063 
   54   54    1    1    1    1    1    1    1    1  1.12242E+15 0.00046 
   55   55    1    1    1    1    1    1    1    1  7.73411E+14 0.00057 
   56   56    1    1    1    1    1    1    1    1  1.04852E+14 0.00106 
   57   57    1    1    1    1    1    1    1    1  1.53957E+15 0.00041 
   58   58    1    1    1    1    1    1    1    1  7.02261E+14 0.00069 
   59   59    1    1    1    1    1    1    1    1  7.45298E+14 0.00045 
   60   60    1    1    1    1    1    1    1    1  5.90821E+14 0.00060 
   61   61    1    1    1    1    1    1    1    1  5.90743E+14 0.00076 
   62   62    1    1    1    1    1    1    1    1  6.18725E+14 0.00066 
   63   63    1    1    1    1    1    1    1    1  5.23380E+14 0.00081 
   64   64    1    1    1    1    1    1    1    1  4.18592E+14 0.00064 
   65   65    1    1    1    1    1    1    1    1  4.17258E+14 0.00083 
   66   66    1    1    1    1    1    1    1    1  3.02083E+14 0.00086 
   67   67    1    1    1    1    1    1    1    1  2.45196E+14 0.00095 
   68   68    1    1    1    1    1    1    1    1  2.19499E+14 0.00092 
   69   69    1    1    1    1    1    1    1    1  2.63001E+14 0.00076 
   70   70    1    1    1    1    1    1    1    1  2.23798E+14 0.00130 
   71   71    1    1    1    1    1    1    1    1  4.04595E+14 0.00115 
   72   72    1    1    1    1    1    1    1    1  2.86278E+14 0.00112 
   73   73    1    1    1    1    1    1    1    1  2.16618E+14 0.00085 
   74   74    1    1    1    1    1    1    1    1  1.76228E+14 0.00112 
   75   75    1    1    1    1    1    1    1    1  1.47828E+14 0.00145 
   76   76    1    1    1    1    1    1    1    1  1.73049E+14 0.00151 
   77   77    1    1    1    1    1    1    1    1  1.38552E+14 0.00164 
   78   78    1    1    1    1    1    1    1    1  1.11309E+14 0.00110 
   79   79    1    1    1    1    1    1    1    1  1.15233E+14 0.00181 
   80   80    1    1    1    1    1    1    1    1  8.57232E+13 0.00134 
   81   81    1    1    1    1    1    1    1    1  6.62886E+13 0.00276 
   82   82    1    1    1    1    1    1    1    1  5.08787E+13 0.00230 
   83   83    1    1    1    1    1    1    1    1  4.73813E+13 0.00234 
   84   84    1    1    1    1    1    1    1    1  3.42571E+13 0.00278 
   85   85    1    1    1    1    1    1    1    1  2.46703E+13 0.00396 
   86   86    1    1    1    1    1    1    1    1  2.29472E+13 0.00332 
   87   87    1    1    1    1    1    1    1    1  1.41207E+13 0.00425 
   88   88    1    1    1    1    1    1    1    1  9.48439E+12 0.00488 
   89   89    1    1    1    1    1    1    1    1  5.41038E+12 0.00780 
   90   90    1    1    1    1    1    1    1    1  3.65784E+12 0.01018 
   91   91    1    1    1    1    1    1    1    1  1.81446E+12 0.01058 
   92   92    1    1    1    1    1    1    1    1  8.61683E+11 0.01815 
   93   93    1    1    1    1    1    1    1    1  4.15795E+11 0.03140 
   94   94    1    1    1    1    1    1    1    1  1.87016E+11 0.02944 
   95   95    1    1    1    1    1    1    1    1  9.36620E+10 0.06032 
   96   96    1    1    1    1    1    1    1    1  4.33489E+10 0.07437 
   97   97    1    1    1    1    1    1    1    1  2.04813E+10 0.12685 
   98   98    1    1    1    1    1    1    1    1  8.77661E+09 0.15500 
   99   99    1    1    1    1    1    1    1    1  3.87453E+09 0.19081 
  100  100    1    1    1    1    1    1    1    1  5.09707E+09 0.23044 
];


