
DETdpaspec = [
    1    1    1    1    1    1    1    1    1    1  0.00000E+00 0.00000 
    2    2    1    1    1    1    1    1    1    1  0.00000E+00 0.00000 
    3    3    1    1    1    1    1    1    1    1  0.00000E+00 0.00000 
    4    4    1    1    1    1    1    1    1    1  0.00000E+00 0.00000 
    5    5    1    1    1    1    1    1    1    1  0.00000E+00 0.00000 
    6    6    1    1    1    1    1    1    1    1  0.00000E+00 0.00000 
    7    7    1    1    1    1    1    1    1    1  0.00000E+00 0.00000 
    8    8    1    1    1    1    1    1    1    1  0.00000E+00 0.00000 
    9    9    1    1    1    1    1    1    1    1  0.00000E+00 0.00000 
   10   10    1    1    1    1    1    1    1    1  0.00000E+00 0.00000 
   11   11    1    1    1    1    1    1    1    1  4.10382E+07 1.00000 
   12   12    1    1    1    1    1    1    1    1  1.01459E+08 0.74323 
   13   13    1    1    1    1    1    1    1    1  6.99721E+08 0.46848 
   14   14    1    1    1    1    1    1    1    1  1.75175E+09 0.67103 
   15   15    1    1    1    1    1    1    1    1  8.96690E+08 0.51959 
   16   16    1    1    1    1    1    1    1    1  6.14116E+08 0.51562 
   17   17    1    1    1    1    1    1    1    1  4.02059E+08 0.50258 
   18   18    1    1    1    1    1    1    1    1  3.30196E+08 0.39550 
   19   19    1    1    1    1    1    1    1    1  3.00572E+09 0.27373 
   20   20    1    1    1    1    1    1    1    1  5.68127E+09 0.30899 
   21   21    1    1    1    1    1    1    1    1  5.36509E+09 0.23951 
   22   22    1    1    1    1    1    1    1    1  1.14496E+10 0.14674 
   23   23    1    1    1    1    1    1    1    1  2.37078E+10 0.11811 
   24   24    1    1    1    1    1    1    1    1  4.95383E+10 0.06885 
   25   25    1    1    1    1    1    1    1    1  7.55536E+10 0.06264 
   26   26    1    1    1    1    1    1    1    1  1.65331E+11 0.03440 
   27   27    1    1    1    1    1    1    1    1  3.78495E+11 0.02580 
   28   28    1    1    1    1    1    1    1    1  9.00892E+11 0.01565 
   29   29    1    1    1    1    1    1    1    1  1.60284E+12 0.01392 
   30   30    1    1    1    1    1    1    1    1  3.67746E+12 0.01106 
   31   31    1    1    1    1    1    1    1    1  9.51348E+12 0.00521 
   32   32    1    1    1    1    1    1    1    1  1.54414E+13 0.00403 
   33   33    1    1    1    1    1    1    1    1  3.40415E+13 0.00301 
   34   34    1    1    1    1    1    1    1    1  4.53260E+13 0.00217 
   35   35    1    1    1    1    1    1    1    1  4.99128E+13 0.00262 
   36   36    1    1    1    1    1    1    1    1  3.09370E+13 0.00329 
   37   37    1    1    1    1    1    1    1    1  9.13553E+12 0.00275 
   38   38    1    1    1    1    1    1    1    1  5.24300E+13 0.00236 
   39   39    1    1    1    1    1    1    1    1  7.03065E+13 0.00150 
   40   40    1    1    1    1    1    1    1    1  1.20284E+14 0.00129 
   41   41    1    1    1    1    1    1    1    1  1.17058E+14 0.00130 
   42   42    1    1    1    1    1    1    1    1  2.53576E+14 0.00120 
   43   43    1    1    1    1    1    1    1    1  3.07297E+14 0.00104 
   44   44    1    1    1    1    1    1    1    1  4.43407E+14 0.00105 
   45   45    1    1    1    1    1    1    1    1  8.86170E+14 0.00068 
   46   46    1    1    1    1    1    1    1    1  4.03821E+14 0.00062 
   47   47    1    1    1    1    1    1    1    1  6.44073E+14 0.00058 
   48   48    1    1    1    1    1    1    1    1  8.93557E+14 0.00048 
   49   49    1    1    1    1    1    1    1    1  8.78281E+14 0.00075 
   50   50    1    1    1    1    1    1    1    1  1.38498E+15 0.00055 
   51   51    1    1    1    1    1    1    1    1  1.08332E+15 0.00059 
   52   52    1    1    1    1    1    1    1    1  1.31320E+15 0.00064 
   53   53    1    1    1    1    1    1    1    1  9.06824E+14 0.00047 
   54   54    1    1    1    1    1    1    1    1  1.12981E+15 0.00049 
   55   55    1    1    1    1    1    1    1    1  7.75393E+14 0.00064 
   56   56    1    1    1    1    1    1    1    1  1.05020E+14 0.00123 
   57   57    1    1    1    1    1    1    1    1  1.53783E+15 0.00045 
   58   58    1    1    1    1    1    1    1    1  7.02983E+14 0.00069 
   59   59    1    1    1    1    1    1    1    1  7.43830E+14 0.00069 
   60   60    1    1    1    1    1    1    1    1  5.89807E+14 0.00058 
   61   61    1    1    1    1    1    1    1    1  5.89677E+14 0.00059 
   62   62    1    1    1    1    1    1    1    1  6.15753E+14 0.00061 
   63   63    1    1    1    1    1    1    1    1  5.20826E+14 0.00078 
   64   64    1    1    1    1    1    1    1    1  4.15276E+14 0.00085 
   65   65    1    1    1    1    1    1    1    1  4.14197E+14 0.00089 
   66   66    1    1    1    1    1    1    1    1  2.99273E+14 0.00083 
   67   67    1    1    1    1    1    1    1    1  2.42193E+14 0.00099 
   68   68    1    1    1    1    1    1    1    1  2.16146E+14 0.00101 
   69   69    1    1    1    1    1    1    1    1  2.59280E+14 0.00109 
   70   70    1    1    1    1    1    1    1    1  2.20578E+14 0.00122 
   71   71    1    1    1    1    1    1    1    1  3.95710E+14 0.00098 
   72   72    1    1    1    1    1    1    1    1  2.79142E+14 0.00104 
   73   73    1    1    1    1    1    1    1    1  2.11305E+14 0.00089 
   74   74    1    1    1    1    1    1    1    1  1.71759E+14 0.00161 
   75   75    1    1    1    1    1    1    1    1  1.44591E+14 0.00152 
   76   76    1    1    1    1    1    1    1    1  1.69618E+14 0.00159 
   77   77    1    1    1    1    1    1    1    1  1.35903E+14 0.00118 
   78   78    1    1    1    1    1    1    1    1  1.09358E+14 0.00175 
   79   79    1    1    1    1    1    1    1    1  1.13459E+14 0.00106 
   80   80    1    1    1    1    1    1    1    1  8.42948E+13 0.00153 
   81   81    1    1    1    1    1    1    1    1  6.48974E+13 0.00201 
   82   82    1    1    1    1    1    1    1    1  4.99809E+13 0.00220 
   83   83    1    1    1    1    1    1    1    1  4.66430E+13 0.00296 
   84   84    1    1    1    1    1    1    1    1  3.34457E+13 0.00256 
   85   85    1    1    1    1    1    1    1    1  2.41954E+13 0.00337 
   86   86    1    1    1    1    1    1    1    1  2.26445E+13 0.00274 
   87   87    1    1    1    1    1    1    1    1  1.38089E+13 0.00529 
   88   88    1    1    1    1    1    1    1    1  9.24963E+12 0.00360 
   89   89    1    1    1    1    1    1    1    1  5.28967E+12 0.00685 
   90   90    1    1    1    1    1    1    1    1  3.41356E+12 0.00950 
   91   91    1    1    1    1    1    1    1    1  1.73574E+12 0.01157 
   92   92    1    1    1    1    1    1    1    1  8.42912E+11 0.01545 
   93   93    1    1    1    1    1    1    1    1  3.90637E+11 0.01676 
   94   94    1    1    1    1    1    1    1    1  1.97290E+11 0.03359 
   95   95    1    1    1    1    1    1    1    1  8.61389E+10 0.07574 
   96   96    1    1    1    1    1    1    1    1  4.54855E+10 0.09827 
   97   97    1    1    1    1    1    1    1    1  1.81974E+10 0.13653 
   98   98    1    1    1    1    1    1    1    1  9.62895E+09 0.14050 
   99   99    1    1    1    1    1    1    1    1  4.78979E+09 0.19696 
  100  100    1    1    1    1    1    1    1    1  2.25002E+09 0.28452 
];


