
DETdpaspec = [
    1    1    1    1    1    1    1    1    1    1  0.00000E+00 0.00000 
    2    2    1    1    1    1    1    1    1    1  0.00000E+00 0.00000 
    3    3    1    1    1    1    1    1    1    1  0.00000E+00 0.00000 
    4    4    1    1    1    1    1    1    1    1  0.00000E+00 0.00000 
    5    5    1    1    1    1    1    1    1    1  0.00000E+00 0.00000 
    6    6    1    1    1    1    1    1    1    1  0.00000E+00 0.00000 
    7    7    1    1    1    1    1    1    1    1  0.00000E+00 0.00000 
    8    8    1    1    1    1    1    1    1    1  0.00000E+00 0.00000 
    9    9    1    1    1    1    1    1    1    1  0.00000E+00 0.00000 
   10   10    1    1    1    1    1    1    1    1  0.00000E+00 0.00000 
   11   11    1    1    1    1    1    1    1    1  6.47099E+07 0.69484 
   12   12    1    1    1    1    1    1    1    1  0.00000E+00 0.00000 
   13   13    1    1    1    1    1    1    1    1  2.47987E+08 0.81963 
   14   14    1    1    1    1    1    1    1    1  1.10828E+09 0.56275 
   15   15    1    1    1    1    1    1    1    1  8.04874E+08 0.49632 
   16   16    1    1    1    1    1    1    1    1  1.56770E+08 0.62693 
   17   17    1    1    1    1    1    1    1    1  1.16107E+09 0.34145 
   18   18    1    1    1    1    1    1    1    1  2.46383E+09 0.26372 
   19   19    1    1    1    1    1    1    1    1  2.10876E+09 0.27081 
   20   20    1    1    1    1    1    1    1    1  6.42805E+09 0.20232 
   21   21    1    1    1    1    1    1    1    1  6.46240E+09 0.18628 
   22   22    1    1    1    1    1    1    1    1  1.06618E+10 0.09375 
   23   23    1    1    1    1    1    1    1    1  2.12183E+10 0.12041 
   24   24    1    1    1    1    1    1    1    1  3.20647E+10 0.06847 
   25   25    1    1    1    1    1    1    1    1  3.98527E+10 0.08978 
   26   26    1    1    1    1    1    1    1    1  8.11701E+10 0.07322 
   27   27    1    1    1    1    1    1    1    1  1.66902E+11 0.04176 
   28   28    1    1    1    1    1    1    1    1  3.94043E+11 0.02718 
   29   29    1    1    1    1    1    1    1    1  6.79383E+11 0.02164 
   30   30    1    1    1    1    1    1    1    1  1.80443E+12 0.01322 
   31   31    1    1    1    1    1    1    1    1  5.37295E+12 0.00859 
   32   32    1    1    1    1    1    1    1    1  9.59274E+12 0.00470 
   33   33    1    1    1    1    1    1    1    1  2.28163E+13 0.00349 
   34   34    1    1    1    1    1    1    1    1  3.17643E+13 0.00346 
   35   35    1    1    1    1    1    1    1    1  3.86730E+13 0.00239 
   36   36    1    1    1    1    1    1    1    1  2.53999E+13 0.00211 
   37   37    1    1    1    1    1    1    1    1  7.66288E+12 0.00194 
   38   38    1    1    1    1    1    1    1    1  4.36165E+13 0.00242 
   39   39    1    1    1    1    1    1    1    1  5.89207E+13 0.00204 
   40   40    1    1    1    1    1    1    1    1  1.01623E+14 0.00159 
   41   41    1    1    1    1    1    1    1    1  1.01441E+14 0.00137 
   42   42    1    1    1    1    1    1    1    1  2.20034E+14 0.00115 
   43   43    1    1    1    1    1    1    1    1  2.69132E+14 0.00117 
   44   44    1    1    1    1    1    1    1    1  3.93609E+14 0.00087 
   45   45    1    1    1    1    1    1    1    1  7.97764E+14 0.00086 
   46   46    1    1    1    1    1    1    1    1  3.72608E+14 0.00082 
   47   47    1    1    1    1    1    1    1    1  6.00122E+14 0.00083 
   48   48    1    1    1    1    1    1    1    1  8.42548E+14 0.00065 
   49   49    1    1    1    1    1    1    1    1  8.38590E+14 0.00070 
   50   50    1    1    1    1    1    1    1    1  1.32896E+15 0.00056 
   51   51    1    1    1    1    1    1    1    1  1.05587E+15 0.00084 
   52   52    1    1    1    1    1    1    1    1  1.27904E+15 0.00073 
   53   53    1    1    1    1    1    1    1    1  8.93166E+14 0.00072 
   54   54    1    1    1    1    1    1    1    1  1.11018E+15 0.00074 
   55   55    1    1    1    1    1    1    1    1  7.66186E+14 0.00064 
   56   56    1    1    1    1    1    1    1    1  1.04231E+14 0.00110 
   57   57    1    1    1    1    1    1    1    1  1.53011E+15 0.00073 
   58   58    1    1    1    1    1    1    1    1  6.95887E+14 0.00084 
   59   59    1    1    1    1    1    1    1    1  7.41106E+14 0.00092 
   60   60    1    1    1    1    1    1    1    1  5.85348E+14 0.00083 
   61   61    1    1    1    1    1    1    1    1  5.87355E+14 0.00104 
   62   62    1    1    1    1    1    1    1    1  6.14737E+14 0.00066 
   63   63    1    1    1    1    1    1    1    1  5.21085E+14 0.00104 
   64   64    1    1    1    1    1    1    1    1  4.16690E+14 0.00093 
   65   65    1    1    1    1    1    1    1    1  4.16709E+14 0.00083 
   66   66    1    1    1    1    1    1    1    1  3.01688E+14 0.00102 
   67   67    1    1    1    1    1    1    1    1  2.45372E+14 0.00108 
   68   68    1    1    1    1    1    1    1    1  2.20063E+14 0.00103 
   69   69    1    1    1    1    1    1    1    1  2.64093E+14 0.00104 
   70   70    1    1    1    1    1    1    1    1  2.25422E+14 0.00109 
   71   71    1    1    1    1    1    1    1    1  4.08282E+14 0.00122 
   72   72    1    1    1    1    1    1    1    1  2.89485E+14 0.00095 
   73   73    1    1    1    1    1    1    1    1  2.19119E+14 0.00123 
   74   74    1    1    1    1    1    1    1    1  1.77387E+14 0.00083 
   75   75    1    1    1    1    1    1    1    1  1.48983E+14 0.00089 
   76   76    1    1    1    1    1    1    1    1  1.73661E+14 0.00154 
   77   77    1    1    1    1    1    1    1    1  1.38651E+14 0.00087 
   78   78    1    1    1    1    1    1    1    1  1.11240E+14 0.00153 
   79   79    1    1    1    1    1    1    1    1  1.15240E+14 0.00145 
   80   80    1    1    1    1    1    1    1    1  8.52866E+13 0.00150 
   81   81    1    1    1    1    1    1    1    1  6.59787E+13 0.00144 
   82   82    1    1    1    1    1    1    1    1  5.06324E+13 0.00209 
   83   83    1    1    1    1    1    1    1    1  4.73629E+13 0.00183 
   84   84    1    1    1    1    1    1    1    1  3.42372E+13 0.00311 
   85   85    1    1    1    1    1    1    1    1  2.45739E+13 0.00299 
   86   86    1    1    1    1    1    1    1    1  2.29158E+13 0.00230 
   87   87    1    1    1    1    1    1    1    1  1.41292E+13 0.00384 
   88   88    1    1    1    1    1    1    1    1  9.48595E+12 0.00666 
   89   89    1    1    1    1    1    1    1    1  5.43370E+12 0.00569 
   90   90    1    1    1    1    1    1    1    1  3.58277E+12 0.00759 
   91   91    1    1    1    1    1    1    1    1  1.79948E+12 0.01132 
   92   92    1    1    1    1    1    1    1    1  8.73969E+11 0.01683 
   93   93    1    1    1    1    1    1    1    1  4.09144E+11 0.02387 
   94   94    1    1    1    1    1    1    1    1  1.91959E+11 0.03645 
   95   95    1    1    1    1    1    1    1    1  9.82725E+10 0.05098 
   96   96    1    1    1    1    1    1    1    1  4.39809E+10 0.09672 
   97   97    1    1    1    1    1    1    1    1  2.47917E+10 0.11953 
   98   98    1    1    1    1    1    1    1    1  1.68685E+10 0.10380 
   99   99    1    1    1    1    1    1    1    1  6.05667E+09 0.14795 
  100  100    1    1    1    1    1    1    1    1  5.19782E+09 0.23595 
];


