
DETdpaspec = [
    1    1    1    1    1    1    1    1    1    1  0.00000E+00 0.00000 
    2    2    1    1    1    1    1    1    1    1  0.00000E+00 0.00000 
    3    3    1    1    1    1    1    1    1    1  0.00000E+00 0.00000 
    4    4    1    1    1    1    1    1    1    1  0.00000E+00 0.00000 
    5    5    1    1    1    1    1    1    1    1  0.00000E+00 0.00000 
    6    6    1    1    1    1    1    1    1    1  0.00000E+00 0.00000 
    7    7    1    1    1    1    1    1    1    1  0.00000E+00 0.00000 
    8    8    1    1    1    1    1    1    1    1  0.00000E+00 0.00000 
    9    9    1    1    1    1    1    1    1    1  0.00000E+00 0.00000 
   10   10    1    1    1    1    1    1    1    1  0.00000E+00 0.00000 
   11   11    1    1    1    1    1    1    1    1  4.89475E+07 1.00000 
   12   12    1    1    1    1    1    1    1    1  4.97633E+07 1.00000 
   13   13    1    1    1    1    1    1    1    1  3.55399E+08 1.00000 
   14   14    1    1    1    1    1    1    1    1  4.66973E+08 0.73059 
   15   15    1    1    1    1    1    1    1    1  1.11161E+09 0.62229 
   16   16    1    1    1    1    1    1    1    1  2.50837E+08 0.70053 
   17   17    1    1    1    1    1    1    1    1  2.68767E+08 1.00000 
   18   18    1    1    1    1    1    1    1    1  5.00362E+07 1.00000 
   19   19    1    1    1    1    1    1    1    1  4.60410E+08 0.55930 
   20   20    1    1    1    1    1    1    1    1  5.33942E+09 0.28505 
   21   21    1    1    1    1    1    1    1    1  1.70396E+10 0.12545 
   22   22    1    1    1    1    1    1    1    1  7.18990E+10 0.08498 
   23   23    1    1    1    1    1    1    1    1  2.58501E+11 0.03900 
   24   24    1    1    1    1    1    1    1    1  6.67949E+11 0.02594 
   25   25    1    1    1    1    1    1    1    1  9.87794E+11 0.01549 
   26   26    1    1    1    1    1    1    1    1  1.81540E+12 0.01423 
   27   27    1    1    1    1    1    1    1    1  3.19633E+12 0.00792 
   28   28    1    1    1    1    1    1    1    1  5.29293E+12 0.00549 
   29   29    1    1    1    1    1    1    1    1  7.54786E+12 0.00617 
   30   30    1    1    1    1    1    1    1    1  1.35036E+13 0.00526 
   31   31    1    1    1    1    1    1    1    1  2.48688E+13 0.00349 
   32   32    1    1    1    1    1    1    1    1  3.45849E+13 0.00270 
   33   33    1    1    1    1    1    1    1    1  6.47870E+13 0.00179 
   34   34    1    1    1    1    1    1    1    1  7.60753E+13 0.00138 
   35   35    1    1    1    1    1    1    1    1  7.46444E+13 0.00149 
   36   36    1    1    1    1    1    1    1    1  4.31646E+13 0.00165 
   37   37    1    1    1    1    1    1    1    1  1.24825E+13 0.00196 
   38   38    1    1    1    1    1    1    1    1  7.15634E+13 0.00148 
   39   39    1    1    1    1    1    1    1    1  9.37132E+13 0.00132 
   40   40    1    1    1    1    1    1    1    1  1.57266E+14 0.00103 
   41   41    1    1    1    1    1    1    1    1  1.48870E+14 0.00112 
   42   42    1    1    1    1    1    1    1    1  3.17551E+14 0.00110 
   43   43    1    1    1    1    1    1    1    1  3.74008E+14 0.00086 
   44   44    1    1    1    1    1    1    1    1  5.25903E+14 0.00065 
   45   45    1    1    1    1    1    1    1    1  1.01234E+15 0.00088 
   46   46    1    1    1    1    1    1    1    1  4.44597E+14 0.00061 
   47   47    1    1    1    1    1    1    1    1  6.98552E+14 0.00058 
   48   48    1    1    1    1    1    1    1    1  9.44237E+14 0.00058 
   49   49    1    1    1    1    1    1    1    1  9.11748E+14 0.00054 
   50   50    1    1    1    1    1    1    1    1  1.40853E+15 0.00052 
   51   51    1    1    1    1    1    1    1    1  1.07028E+15 0.00062 
   52   52    1    1    1    1    1    1    1    1  1.28185E+15 0.00060 
   53   53    1    1    1    1    1    1    1    1  8.68345E+14 0.00077 
   54   54    1    1    1    1    1    1    1    1  1.07317E+15 0.00059 
   55   55    1    1    1    1    1    1    1    1  7.27713E+14 0.00076 
   56   56    1    1    1    1    1    1    1    1  9.77320E+13 0.00111 
   57   57    1    1    1    1    1    1    1    1  1.42282E+15 0.00063 
   58   58    1    1    1    1    1    1    1    1  6.46926E+14 0.00060 
   59   59    1    1    1    1    1    1    1    1  6.76808E+14 0.00080 
   60   60    1    1    1    1    1    1    1    1  5.34246E+14 0.00080 
   61   61    1    1    1    1    1    1    1    1  5.30677E+14 0.00088 
   62   62    1    1    1    1    1    1    1    1  5.49831E+14 0.00076 
   63   63    1    1    1    1    1    1    1    1  4.61515E+14 0.00086 
   64   64    1    1    1    1    1    1    1    1  3.64770E+14 0.00103 
   65   65    1    1    1    1    1    1    1    1  3.60491E+14 0.00096 
   66   66    1    1    1    1    1    1    1    1  2.58141E+14 0.00088 
   67   67    1    1    1    1    1    1    1    1  2.07985E+14 0.00140 
   68   68    1    1    1    1    1    1    1    1  1.84811E+14 0.00150 
   69   69    1    1    1    1    1    1    1    1  2.19999E+14 0.00135 
   70   70    1    1    1    1    1    1    1    1  1.85931E+14 0.00116 
   71   71    1    1    1    1    1    1    1    1  3.27988E+14 0.00132 
   72   72    1    1    1    1    1    1    1    1  2.28961E+14 0.00111 
   73   73    1    1    1    1    1    1    1    1  1.71580E+14 0.00140 
   74   74    1    1    1    1    1    1    1    1  1.39033E+14 0.00155 
   75   75    1    1    1    1    1    1    1    1  1.16924E+14 0.00128 
   76   76    1    1    1    1    1    1    1    1  1.36663E+14 0.00144 
   77   77    1    1    1    1    1    1    1    1  1.09097E+14 0.00210 
   78   78    1    1    1    1    1    1    1    1  8.73162E+13 0.00148 
   79   79    1    1    1    1    1    1    1    1  8.99339E+13 0.00204 
   80   80    1    1    1    1    1    1    1    1  6.62294E+13 0.00233 
   81   81    1    1    1    1    1    1    1    1  5.05974E+13 0.00147 
   82   82    1    1    1    1    1    1    1    1  3.86054E+13 0.00283 
   83   83    1    1    1    1    1    1    1    1  3.58976E+13 0.00308 
   84   84    1    1    1    1    1    1    1    1  2.54531E+13 0.00371 
   85   85    1    1    1    1    1    1    1    1  1.82034E+13 0.00391 
   86   86    1    1    1    1    1    1    1    1  1.68130E+13 0.00395 
   87   87    1    1    1    1    1    1    1    1  1.00991E+13 0.00414 
   88   88    1    1    1    1    1    1    1    1  6.72688E+12 0.00604 
   89   89    1    1    1    1    1    1    1    1  3.72459E+12 0.00727 
   90   90    1    1    1    1    1    1    1    1  2.40145E+12 0.00654 
   91   91    1    1    1    1    1    1    1    1  1.15991E+12 0.01331 
   92   92    1    1    1    1    1    1    1    1  5.32740E+11 0.01876 
   93   93    1    1    1    1    1    1    1    1  2.51465E+11 0.02343 
   94   94    1    1    1    1    1    1    1    1  1.22668E+11 0.04541 
   95   95    1    1    1    1    1    1    1    1  6.25498E+10 0.06586 
   96   96    1    1    1    1    1    1    1    1  2.63695E+10 0.05932 
   97   97    1    1    1    1    1    1    1    1  8.94559E+09 0.12037 
   98   98    1    1    1    1    1    1    1    1  5.35968E+09 0.18026 
   99   99    1    1    1    1    1    1    1    1  2.05444E+09 0.34167 
  100  100    1    1    1    1    1    1    1    1  1.27130E+09 0.40541 
];


