
DETdpaspec = [
    1    1    1    1    1    1    1    1    1    1  0.00000E+00 0.00000 
    2    2    1    1    1    1    1    1    1    1  0.00000E+00 0.00000 
    3    3    1    1    1    1    1    1    1    1  0.00000E+00 0.00000 
    4    4    1    1    1    1    1    1    1    1  0.00000E+00 0.00000 
    5    5    1    1    1    1    1    1    1    1  0.00000E+00 0.00000 
    6    6    1    1    1    1    1    1    1    1  0.00000E+00 0.00000 
    7    7    1    1    1    1    1    1    1    1  7.19540E+06 1.00000 
    8    8    1    1    1    1    1    1    1    1  0.00000E+00 0.00000 
    9    9    1    1    1    1    1    1    1    1  1.09969E+07 1.00000 
   10   10    1    1    1    1    1    1    1    1  0.00000E+00 0.00000 
   11   11    1    1    1    1    1    1    1    1  1.75699E+08 0.55071 
   12   12    1    1    1    1    1    1    1    1  3.96501E+07 0.51488 
   13   13    1    1    1    1    1    1    1    1  4.06480E+08 0.45139 
   14   14    1    1    1    1    1    1    1    1  6.18220E+08 0.40671 
   15   15    1    1    1    1    1    1    1    1  1.07776E+09 0.45566 
   16   16    1    1    1    1    1    1    1    1  3.66917E+08 0.33730 
   17   17    1    1    1    1    1    1    1    1  1.56175E+09 0.27061 
   18   18    1    1    1    1    1    1    1    1  3.19352E+09 0.18112 
   19   19    1    1    1    1    1    1    1    1  2.23416E+09 0.24767 
   20   20    1    1    1    1    1    1    1    1  9.79701E+09 0.10712 
   21   21    1    1    1    1    1    1    1    1  8.78857E+09 0.14044 
   22   22    1    1    1    1    1    1    1    1  2.31563E+10 0.10384 
   23   23    1    1    1    1    1    1    1    1  3.21147E+10 0.06463 
   24   24    1    1    1    1    1    1    1    1  4.44805E+10 0.06910 
   25   25    1    1    1    1    1    1    1    1  5.90505E+10 0.04613 
   26   26    1    1    1    1    1    1    1    1  9.00936E+10 0.04499 
   27   27    1    1    1    1    1    1    1    1  1.53500E+11 0.03338 
   28   28    1    1    1    1    1    1    1    1  2.99628E+11 0.02532 
   29   29    1    1    1    1    1    1    1    1  4.37561E+11 0.02141 
   30   30    1    1    1    1    1    1    1    1  1.29195E+12 0.01755 
   31   31    1    1    1    1    1    1    1    1  4.00737E+12 0.00745 
   32   32    1    1    1    1    1    1    1    1  7.55761E+12 0.00618 
   33   33    1    1    1    1    1    1    1    1  1.75676E+13 0.00409 
   34   34    1    1    1    1    1    1    1    1  2.44923E+13 0.00329 
   35   35    1    1    1    1    1    1    1    1  3.38575E+13 0.00237 
   36   36    1    1    1    1    1    1    1    1  2.34166E+13 0.00260 
   37   37    1    1    1    1    1    1    1    1  7.26600E+12 0.00347 
   38   38    1    1    1    1    1    1    1    1  4.02555E+13 0.00188 
   39   39    1    1    1    1    1    1    1    1  5.44652E+13 0.00171 
   40   40    1    1    1    1    1    1    1    1  9.30364E+13 0.00192 
   41   41    1    1    1    1    1    1    1    1  9.58238E+13 0.00169 
   42   42    1    1    1    1    1    1    1    1  2.03463E+14 0.00122 
   43   43    1    1    1    1    1    1    1    1  2.48983E+14 0.00128 
   44   44    1    1    1    1    1    1    1    1  3.64446E+14 0.00119 
   45   45    1    1    1    1    1    1    1    1  7.31860E+14 0.00101 
   46   46    1    1    1    1    1    1    1    1  3.49073E+14 0.00078 
   47   47    1    1    1    1    1    1    1    1  5.68256E+14 0.00083 
   48   48    1    1    1    1    1    1    1    1  8.01672E+14 0.00058 
   49   49    1    1    1    1    1    1    1    1  8.03489E+14 0.00064 
   50   50    1    1    1    1    1    1    1    1  1.25933E+15 0.00077 
   51   51    1    1    1    1    1    1    1    1  1.02506E+15 0.00064 
   52   52    1    1    1    1    1    1    1    1  1.21941E+15 0.00064 
   53   53    1    1    1    1    1    1    1    1  8.58534E+14 0.00061 
   54   54    1    1    1    1    1    1    1    1  1.04756E+15 0.00053 
   55   55    1    1    1    1    1    1    1    1  7.27475E+14 0.00049 
   56   56    1    1    1    1    1    1    1    1  9.96250E+13 0.00132 
   57   57    1    1    1    1    1    1    1    1  1.45944E+15 0.00045 
   58   58    1    1    1    1    1    1    1    1  6.46968E+14 0.00071 
   59   59    1    1    1    1    1    1    1    1  6.95735E+14 0.00065 
   60   60    1    1    1    1    1    1    1    1  5.40065E+14 0.00074 
   61   61    1    1    1    1    1    1    1    1  5.44710E+14 0.00079 
   62   62    1    1    1    1    1    1    1    1  5.67519E+14 0.00070 
   63   63    1    1    1    1    1    1    1    1  4.79505E+14 0.00095 
   64   64    1    1    1    1    1    1    1    1  3.83375E+14 0.00063 
   65   65    1    1    1    1    1    1    1    1  3.82957E+14 0.00075 
   66   66    1    1    1    1    1    1    1    1  2.77236E+14 0.00079 
   67   67    1    1    1    1    1    1    1    1  2.27111E+14 0.00110 
   68   68    1    1    1    1    1    1    1    1  2.04317E+14 0.00128 
   69   69    1    1    1    1    1    1    1    1  2.45676E+14 0.00135 
   70   70    1    1    1    1    1    1    1    1  2.10564E+14 0.00120 
   71   71    1    1    1    1    1    1    1    1  3.87527E+14 0.00120 
   72   72    1    1    1    1    1    1    1    1  2.76213E+14 0.00128 
   73   73    1    1    1    1    1    1    1    1  2.08447E+14 0.00119 
   74   74    1    1    1    1    1    1    1    1  1.66385E+14 0.00137 
   75   75    1    1    1    1    1    1    1    1  1.37433E+14 0.00148 
   76   76    1    1    1    1    1    1    1    1  1.58610E+14 0.00132 
   77   77    1    1    1    1    1    1    1    1  1.24528E+14 0.00152 
   78   78    1    1    1    1    1    1    1    1  9.87219E+13 0.00138 
   79   79    1    1    1    1    1    1    1    1  1.01195E+14 0.00168 
   80   80    1    1    1    1    1    1    1    1  7.49739E+13 0.00215 
   81   81    1    1    1    1    1    1    1    1  5.75546E+13 0.00179 
   82   82    1    1    1    1    1    1    1    1  4.40319E+13 0.00178 
   83   83    1    1    1    1    1    1    1    1  4.12041E+13 0.00267 
   84   84    1    1    1    1    1    1    1    1  2.96105E+13 0.00351 
   85   85    1    1    1    1    1    1    1    1  2.13661E+13 0.00433 
   86   86    1    1    1    1    1    1    1    1  1.98687E+13 0.00324 
   87   87    1    1    1    1    1    1    1    1  1.23187E+13 0.00479 
   88   88    1    1    1    1    1    1    1    1  8.24856E+12 0.00752 
   89   89    1    1    1    1    1    1    1    1  4.71783E+12 0.00659 
   90   90    1    1    1    1    1    1    1    1  3.14624E+12 0.00684 
   91   91    1    1    1    1    1    1    1    1  1.56490E+12 0.01507 
   92   92    1    1    1    1    1    1    1    1  7.64946E+11 0.01796 
   93   93    1    1    1    1    1    1    1    1  3.77405E+11 0.02280 
   94   94    1    1    1    1    1    1    1    1  1.83301E+11 0.03969 
   95   95    1    1    1    1    1    1    1    1  9.22774E+10 0.07994 
   96   96    1    1    1    1    1    1    1    1  3.81453E+10 0.08064 
   97   97    1    1    1    1    1    1    1    1  2.19650E+10 0.11224 
   98   98    1    1    1    1    1    1    1    1  7.92495E+09 0.17849 
   99   99    1    1    1    1    1    1    1    1  3.99560E+09 0.18879 
  100  100    1    1    1    1    1    1    1    1  1.64011E+09 0.36117 
];


