
DETdpaspec = [
    1    1    1    1    1    1    1    1    1    1  0.00000E+00 0.00000 
    2    2    1    1    1    1    1    1    1    1  0.00000E+00 0.00000 
    3    3    1    1    1    1    1    1    1    1  0.00000E+00 0.00000 
    4    4    1    1    1    1    1    1    1    1  0.00000E+00 0.00000 
    5    5    1    1    1    1    1    1    1    1  0.00000E+00 0.00000 
    6    6    1    1    1    1    1    1    1    1  0.00000E+00 0.00000 
    7    7    1    1    1    1    1    1    1    1  0.00000E+00 0.00000 
    8    8    1    1    1    1    1    1    1    1  0.00000E+00 0.00000 
    9    9    1    1    1    1    1    1    1    1  0.00000E+00 0.00000 
   10   10    1    1    1    1    1    1    1    1  1.31770E+07 1.00000 
   11   11    1    1    1    1    1    1    1    1  1.11672E+08 0.73502 
   12   12    1    1    1    1    1    1    1    1  0.00000E+00 0.00000 
   13   13    1    1    1    1    1    1    1    1  1.55159E+08 1.00000 
   14   14    1    1    1    1    1    1    1    1  7.38042E+08 0.57064 
   15   15    1    1    1    1    1    1    1    1  1.54551E+09 0.39212 
   16   16    1    1    1    1    1    1    1    1  4.33384E+08 0.52308 
   17   17    1    1    1    1    1    1    1    1  9.39006E+08 0.47389 
   18   18    1    1    1    1    1    1    1    1  7.34274E+08 0.38483 
   19   19    1    1    1    1    1    1    1    1  2.01141E+09 0.21468 
   20   20    1    1    1    1    1    1    1    1  6.83891E+09 0.17178 
   21   21    1    1    1    1    1    1    1    1  6.74730E+09 0.16064 
   22   22    1    1    1    1    1    1    1    1  1.14902E+10 0.15956 
   23   23    1    1    1    1    1    1    1    1  1.85203E+10 0.10497 
   24   24    1    1    1    1    1    1    1    1  3.41368E+10 0.09510 
   25   25    1    1    1    1    1    1    1    1  4.60722E+10 0.07556 
   26   26    1    1    1    1    1    1    1    1  8.04040E+10 0.05210 
   27   27    1    1    1    1    1    1    1    1  1.56820E+11 0.04181 
   28   28    1    1    1    1    1    1    1    1  4.09142E+11 0.02532 
   29   29    1    1    1    1    1    1    1    1  7.26326E+11 0.01903 
   30   30    1    1    1    1    1    1    1    1  1.90751E+12 0.01245 
   31   31    1    1    1    1    1    1    1    1  5.56895E+12 0.00710 
   32   32    1    1    1    1    1    1    1    1  9.97306E+12 0.00460 
   33   33    1    1    1    1    1    1    1    1  2.33510E+13 0.00388 
   34   34    1    1    1    1    1    1    1    1  3.25511E+13 0.00337 
   35   35    1    1    1    1    1    1    1    1  3.93655E+13 0.00264 
   36   36    1    1    1    1    1    1    1    1  2.56224E+13 0.00306 
   37   37    1    1    1    1    1    1    1    1  7.72181E+12 0.00332 
   38   38    1    1    1    1    1    1    1    1  4.40273E+13 0.00285 
   39   39    1    1    1    1    1    1    1    1  5.93282E+13 0.00206 
   40   40    1    1    1    1    1    1    1    1  1.02306E+14 0.00156 
   41   41    1    1    1    1    1    1    1    1  1.02001E+14 0.00177 
   42   42    1    1    1    1    1    1    1    1  2.21818E+14 0.00145 
   43   43    1    1    1    1    1    1    1    1  2.71412E+14 0.00102 
   44   44    1    1    1    1    1    1    1    1  3.96485E+14 0.00083 
   45   45    1    1    1    1    1    1    1    1  8.02823E+14 0.00076 
   46   46    1    1    1    1    1    1    1    1  3.74044E+14 0.00101 
   47   47    1    1    1    1    1    1    1    1  6.02982E+14 0.00069 
   48   48    1    1    1    1    1    1    1    1  8.45713E+14 0.00064 
   49   49    1    1    1    1    1    1    1    1  8.41182E+14 0.00065 
   50   50    1    1    1    1    1    1    1    1  1.33296E+15 0.00046 
   51   51    1    1    1    1    1    1    1    1  1.05792E+15 0.00047 
   52   52    1    1    1    1    1    1    1    1  1.28227E+15 0.00057 
   53   53    1    1    1    1    1    1    1    1  8.94709E+14 0.00050 
   54   54    1    1    1    1    1    1    1    1  1.11293E+15 0.00050 
   55   55    1    1    1    1    1    1    1    1  7.68099E+14 0.00056 
   56   56    1    1    1    1    1    1    1    1  1.04378E+14 0.00117 
   57   57    1    1    1    1    1    1    1    1  1.53296E+15 0.00047 
   58   58    1    1    1    1    1    1    1    1  6.96719E+14 0.00068 
   59   59    1    1    1    1    1    1    1    1  7.41767E+14 0.00048 
   60   60    1    1    1    1    1    1    1    1  5.87326E+14 0.00060 
   61   61    1    1    1    1    1    1    1    1  5.87548E+14 0.00071 
   62   62    1    1    1    1    1    1    1    1  6.15916E+14 0.00064 
   63   63    1    1    1    1    1    1    1    1  5.22499E+14 0.00056 
   64   64    1    1    1    1    1    1    1    1  4.17373E+14 0.00106 
   65   65    1    1    1    1    1    1    1    1  4.16600E+14 0.00073 
   66   66    1    1    1    1    1    1    1    1  3.01428E+14 0.00089 
   67   67    1    1    1    1    1    1    1    1  2.45049E+14 0.00086 
   68   68    1    1    1    1    1    1    1    1  2.19371E+14 0.00116 
   69   69    1    1    1    1    1    1    1    1  2.63906E+14 0.00115 
   70   70    1    1    1    1    1    1    1    1  2.25165E+14 0.00096 
   71   71    1    1    1    1    1    1    1    1  4.07853E+14 0.00087 
   72   72    1    1    1    1    1    1    1    1  2.88870E+14 0.00099 
   73   73    1    1    1    1    1    1    1    1  2.18748E+14 0.00119 
   74   74    1    1    1    1    1    1    1    1  1.77143E+14 0.00149 
   75   75    1    1    1    1    1    1    1    1  1.48727E+14 0.00133 
   76   76    1    1    1    1    1    1    1    1  1.73681E+14 0.00154 
   77   77    1    1    1    1    1    1    1    1  1.38467E+14 0.00098 
   78   78    1    1    1    1    1    1    1    1  1.11113E+14 0.00178 
   79   79    1    1    1    1    1    1    1    1  1.15128E+14 0.00151 
   80   80    1    1    1    1    1    1    1    1  8.53600E+13 0.00179 
   81   81    1    1    1    1    1    1    1    1  6.57928E+13 0.00194 
   82   82    1    1    1    1    1    1    1    1  5.06149E+13 0.00210 
   83   83    1    1    1    1    1    1    1    1  4.74911E+13 0.00138 
   84   84    1    1    1    1    1    1    1    1  3.41235E+13 0.00179 
   85   85    1    1    1    1    1    1    1    1  2.45779E+13 0.00262 
   86   86    1    1    1    1    1    1    1    1  2.30906E+13 0.00366 
   87   87    1    1    1    1    1    1    1    1  1.41119E+13 0.00431 
   88   88    1    1    1    1    1    1    1    1  9.57460E+12 0.00509 
   89   89    1    1    1    1    1    1    1    1  5.45703E+12 0.00790 
   90   90    1    1    1    1    1    1    1    1  3.57100E+12 0.01026 
   91   91    1    1    1    1    1    1    1    1  1.79164E+12 0.01173 
   92   92    1    1    1    1    1    1    1    1  8.62149E+11 0.01421 
   93   93    1    1    1    1    1    1    1    1  4.23162E+11 0.02286 
   94   94    1    1    1    1    1    1    1    1  2.09990E+11 0.03791 
   95   95    1    1    1    1    1    1    1    1  9.57590E+10 0.03965 
   96   96    1    1    1    1    1    1    1    1  4.52965E+10 0.06869 
   97   97    1    1    1    1    1    1    1    1  2.09965E+10 0.10680 
   98   98    1    1    1    1    1    1    1    1  8.13228E+09 0.15108 
   99   99    1    1    1    1    1    1    1    1  4.37307E+09 0.23984 
  100  100    1    1    1    1    1    1    1    1  4.74774E+09 0.30946 
];


