
DETdpaspec = [
    1    1    1    1    1    1    1    1    1    1  0.00000E+00 0.00000 
    2    2    1    1    1    1    1    1    1    1  0.00000E+00 0.00000 
    3    3    1    1    1    1    1    1    1    1  0.00000E+00 0.00000 
    4    4    1    1    1    1    1    1    1    1  0.00000E+00 0.00000 
    5    5    1    1    1    1    1    1    1    1  0.00000E+00 0.00000 
    6    6    1    1    1    1    1    1    1    1  0.00000E+00 0.00000 
    7    7    1    1    1    1    1    1    1    1  0.00000E+00 0.00000 
    8    8    1    1    1    1    1    1    1    1  0.00000E+00 0.00000 
    9    9    1    1    1    1    1    1    1    1  0.00000E+00 0.00000 
   10   10    1    1    1    1    1    1    1    1  0.00000E+00 0.00000 
   11   11    1    1    1    1    1    1    1    1  2.63957E+08 1.00000 
   12   12    1    1    1    1    1    1    1    1  2.79588E+07 0.94944 
   13   13    1    1    1    1    1    1    1    1  1.99358E+08 0.69168 
   14   14    1    1    1    1    1    1    1    1  8.40614E+08 0.48468 
   15   15    1    1    1    1    1    1    1    1  6.53859E+08 0.54080 
   16   16    1    1    1    1    1    1    1    1  3.66882E+07 1.00000 
   17   17    1    1    1    1    1    1    1    1  6.74974E+08 0.51744 
   18   18    1    1    1    1    1    1    1    1  1.93928E+09 0.39320 
   19   19    1    1    1    1    1    1    1    1  2.25121E+09 0.29027 
   20   20    1    1    1    1    1    1    1    1  7.73834E+09 0.24050 
   21   21    1    1    1    1    1    1    1    1  6.36966E+09 0.13500 
   22   22    1    1    1    1    1    1    1    1  1.13421E+10 0.12071 
   23   23    1    1    1    1    1    1    1    1  2.15911E+10 0.08732 
   24   24    1    1    1    1    1    1    1    1  3.57590E+10 0.06628 
   25   25    1    1    1    1    1    1    1    1  4.31882E+10 0.06273 
   26   26    1    1    1    1    1    1    1    1  8.09308E+10 0.04524 
   27   27    1    1    1    1    1    1    1    1  1.51752E+11 0.02433 
   28   28    1    1    1    1    1    1    1    1  3.54182E+11 0.02891 
   29   29    1    1    1    1    1    1    1    1  6.19986E+11 0.01754 
   30   30    1    1    1    1    1    1    1    1  1.67752E+12 0.01346 
   31   31    1    1    1    1    1    1    1    1  5.01740E+12 0.00686 
   32   32    1    1    1    1    1    1    1    1  9.13172E+12 0.00740 
   33   33    1    1    1    1    1    1    1    1  2.16788E+13 0.00527 
   34   34    1    1    1    1    1    1    1    1  3.05989E+13 0.00408 
   35   35    1    1    1    1    1    1    1    1  3.77673E+13 0.00334 
   36   36    1    1    1    1    1    1    1    1  2.48798E+13 0.00279 
   37   37    1    1    1    1    1    1    1    1  7.49293E+12 0.00320 
   38   38    1    1    1    1    1    1    1    1  4.26711E+13 0.00191 
   39   39    1    1    1    1    1    1    1    1  5.78845E+13 0.00121 
   40   40    1    1    1    1    1    1    1    1  1.00157E+14 0.00133 
   41   41    1    1    1    1    1    1    1    1  9.99458E+13 0.00137 
   42   42    1    1    1    1    1    1    1    1  2.16571E+14 0.00108 
   43   43    1    1    1    1    1    1    1    1  2.64879E+14 0.00104 
   44   44    1    1    1    1    1    1    1    1  3.87428E+14 0.00124 
   45   45    1    1    1    1    1    1    1    1  7.87803E+14 0.00098 
   46   46    1    1    1    1    1    1    1    1  3.68663E+14 0.00101 
   47   47    1    1    1    1    1    1    1    1  5.93899E+14 0.00074 
   48   48    1    1    1    1    1    1    1    1  8.34789E+14 0.00071 
   49   49    1    1    1    1    1    1    1    1  8.31921E+14 0.00090 
   50   50    1    1    1    1    1    1    1    1  1.31920E+15 0.00072 
   51   51    1    1    1    1    1    1    1    1  1.05300E+15 0.00059 
   52   52    1    1    1    1    1    1    1    1  1.27434E+15 0.00048 
   53   53    1    1    1    1    1    1    1    1  8.89184E+14 0.00058 
   54   54    1    1    1    1    1    1    1    1  1.10532E+15 0.00045 
   55   55    1    1    1    1    1    1    1    1  7.64216E+14 0.00056 
   56   56    1    1    1    1    1    1    1    1  1.03846E+14 0.00155 
   57   57    1    1    1    1    1    1    1    1  1.52618E+15 0.00061 
   58   58    1    1    1    1    1    1    1    1  6.93028E+14 0.00071 
   59   59    1    1    1    1    1    1    1    1  7.38880E+14 0.00067 
   60   60    1    1    1    1    1    1    1    1  5.82995E+14 0.00074 
   61   61    1    1    1    1    1    1    1    1  5.84942E+14 0.00082 
   62   62    1    1    1    1    1    1    1    1  6.11109E+14 0.00082 
   63   63    1    1    1    1    1    1    1    1  5.18444E+14 0.00068 
   64   64    1    1    1    1    1    1    1    1  4.15207E+14 0.00077 
   65   65    1    1    1    1    1    1    1    1  4.14410E+14 0.00096 
   66   66    1    1    1    1    1    1    1    1  3.00510E+14 0.00105 
   67   67    1    1    1    1    1    1    1    1  2.44247E+14 0.00087 
   68   68    1    1    1    1    1    1    1    1  2.19194E+14 0.00110 
   69   69    1    1    1    1    1    1    1    1  2.63323E+14 0.00138 
   70   70    1    1    1    1    1    1    1    1  2.24511E+14 0.00120 
   71   71    1    1    1    1    1    1    1    1  4.08368E+14 0.00088 
   72   72    1    1    1    1    1    1    1    1  2.89898E+14 0.00124 
   73   73    1    1    1    1    1    1    1    1  2.19747E+14 0.00133 
   74   74    1    1    1    1    1    1    1    1  1.77119E+14 0.00152 
   75   75    1    1    1    1    1    1    1    1  1.48554E+14 0.00096 
   76   76    1    1    1    1    1    1    1    1  1.73533E+14 0.00146 
   77   77    1    1    1    1    1    1    1    1  1.37783E+14 0.00149 
   78   78    1    1    1    1    1    1    1    1  1.10450E+14 0.00190 
   79   79    1    1    1    1    1    1    1    1  1.14325E+14 0.00180 
   80   80    1    1    1    1    1    1    1    1  8.51701E+13 0.00136 
   81   81    1    1    1    1    1    1    1    1  6.55249E+13 0.00187 
   82   82    1    1    1    1    1    1    1    1  5.01977E+13 0.00260 
   83   83    1    1    1    1    1    1    1    1  4.69814E+13 0.00230 
   84   84    1    1    1    1    1    1    1    1  3.37853E+13 0.00246 
   85   85    1    1    1    1    1    1    1    1  2.43652E+13 0.00310 
   86   86    1    1    1    1    1    1    1    1  2.27508E+13 0.00348 
   87   87    1    1    1    1    1    1    1    1  1.40521E+13 0.00481 
   88   88    1    1    1    1    1    1    1    1  9.47414E+12 0.00434 
   89   89    1    1    1    1    1    1    1    1  5.35784E+12 0.00603 
   90   90    1    1    1    1    1    1    1    1  3.60059E+12 0.00781 
   91   91    1    1    1    1    1    1    1    1  1.80936E+12 0.01353 
   92   92    1    1    1    1    1    1    1    1  8.75030E+11 0.01459 
   93   93    1    1    1    1    1    1    1    1  4.18377E+11 0.02734 
   94   94    1    1    1    1    1    1    1    1  2.03050E+11 0.03237 
   95   95    1    1    1    1    1    1    1    1  1.01933E+11 0.04798 
   96   96    1    1    1    1    1    1    1    1  4.02247E+10 0.07865 
   97   97    1    1    1    1    1    1    1    1  2.05041E+10 0.11544 
   98   98    1    1    1    1    1    1    1    1  1.08892E+10 0.15079 
   99   99    1    1    1    1    1    1    1    1  4.31615E+09 0.23960 
  100  100    1    1    1    1    1    1    1    1  5.34120E+09 0.26985 
];


