
DETdpaspec = [
    1    1    1    1    1    1    1    1    1    1  0.00000E+00 0.00000 
    2    2    1    1    1    1    1    1    1    1  0.00000E+00 0.00000 
    3    3    1    1    1    1    1    1    1    1  0.00000E+00 0.00000 
    4    4    1    1    1    1    1    1    1    1  0.00000E+00 0.00000 
    5    5    1    1    1    1    1    1    1    1  0.00000E+00 0.00000 
    6    6    1    1    1    1    1    1    1    1  0.00000E+00 0.00000 
    7    7    1    1    1    1    1    1    1    1  0.00000E+00 0.00000 
    8    8    1    1    1    1    1    1    1    1  0.00000E+00 0.00000 
    9    9    1    1    1    1    1    1    1    1  0.00000E+00 0.00000 
   10   10    1    1    1    1    1    1    1    1  0.00000E+00 0.00000 
   11   11    1    1    1    1    1    1    1    1  4.55455E+07 1.00000 
   12   12    1    1    1    1    1    1    1    1  5.74013E+06 1.00000 
   13   13    1    1    1    1    1    1    1    1  5.40509E+07 1.00000 
   14   14    1    1    1    1    1    1    1    1  1.23021E+09 0.75044 
   15   15    1    1    1    1    1    1    1    1  9.29691E+08 0.55862 
   16   16    1    1    1    1    1    1    1    1  4.36179E+08 0.46644 
   17   17    1    1    1    1    1    1    1    1  5.50594E+08 0.58805 
   18   18    1    1    1    1    1    1    1    1  1.63028E+09 0.26992 
   19   19    1    1    1    1    1    1    1    1  2.08405E+09 0.31505 
   20   20    1    1    1    1    1    1    1    1  4.11039E+09 0.27658 
   21   21    1    1    1    1    1    1    1    1  4.46040E+09 0.23414 
   22   22    1    1    1    1    1    1    1    1  1.07486E+10 0.18616 
   23   23    1    1    1    1    1    1    1    1  2.96060E+10 0.09100 
   24   24    1    1    1    1    1    1    1    1  7.33634E+10 0.06821 
   25   25    1    1    1    1    1    1    1    1  1.25326E+11 0.06431 
   26   26    1    1    1    1    1    1    1    1  2.72783E+11 0.02288 
   27   27    1    1    1    1    1    1    1    1  6.17061E+11 0.01842 
   28   28    1    1    1    1    1    1    1    1  1.36302E+12 0.01702 
   29   29    1    1    1    1    1    1    1    1  2.32551E+12 0.00896 
   30   30    1    1    1    1    1    1    1    1  5.02878E+12 0.00842 
   31   31    1    1    1    1    1    1    1    1  1.18954E+13 0.00439 
   32   32    1    1    1    1    1    1    1    1  1.87956E+13 0.00338 
   33   33    1    1    1    1    1    1    1    1  4.00748E+13 0.00274 
   34   34    1    1    1    1    1    1    1    1  5.17949E+13 0.00189 
   35   35    1    1    1    1    1    1    1    1  5.53322E+13 0.00250 
   36   36    1    1    1    1    1    1    1    1  3.36388E+13 0.00211 
   37   37    1    1    1    1    1    1    1    1  9.88593E+12 0.00164 
   38   38    1    1    1    1    1    1    1    1  5.69326E+13 0.00161 
   39   39    1    1    1    1    1    1    1    1  7.59392E+13 0.00116 
   40   40    1    1    1    1    1    1    1    1  1.29170E+14 0.00126 
   41   41    1    1    1    1    1    1    1    1  1.24918E+14 0.00134 
   42   42    1    1    1    1    1    1    1    1  2.69924E+14 0.00110 
   43   43    1    1    1    1    1    1    1    1  3.24421E+14 0.00127 
   44   44    1    1    1    1    1    1    1    1  4.65822E+14 0.00114 
   45   45    1    1    1    1    1    1    1    1  9.21112E+14 0.00067 
   46   46    1    1    1    1    1    1    1    1  4.16628E+14 0.00064 
   47   47    1    1    1    1    1    1    1    1  6.61649E+14 0.00085 
   48   48    1    1    1    1    1    1    1    1  9.12335E+14 0.00072 
   49   49    1    1    1    1    1    1    1    1  8.93538E+14 0.00063 
   50   50    1    1    1    1    1    1    1    1  1.40390E+15 0.00052 
   51   51    1    1    1    1    1    1    1    1  1.09103E+15 0.00073 
   52   52    1    1    1    1    1    1    1    1  1.31890E+15 0.00060 
   53   53    1    1    1    1    1    1    1    1  9.06714E+14 0.00059 
   54   54    1    1    1    1    1    1    1    1  1.13001E+15 0.00051 
   55   55    1    1    1    1    1    1    1    1  7.73935E+14 0.00056 
   56   56    1    1    1    1    1    1    1    1  1.04665E+14 0.00096 
   57   57    1    1    1    1    1    1    1    1  1.52951E+15 0.00037 
   58   58    1    1    1    1    1    1    1    1  6.99770E+14 0.00052 
   59   59    1    1    1    1    1    1    1    1  7.38068E+14 0.00066 
   60   60    1    1    1    1    1    1    1    1  5.86271E+14 0.00078 
   61   61    1    1    1    1    1    1    1    1  5.85008E+14 0.00059 
   62   62    1    1    1    1    1    1    1    1  6.09692E+14 0.00081 
   63   63    1    1    1    1    1    1    1    1  5.14515E+14 0.00084 
   64   64    1    1    1    1    1    1    1    1  4.10256E+14 0.00090 
   65   65    1    1    1    1    1    1    1    1  4.08076E+14 0.00081 
   66   66    1    1    1    1    1    1    1    1  2.94436E+14 0.00091 
   67   67    1    1    1    1    1    1    1    1  2.38361E+14 0.00092 
   68   68    1    1    1    1    1    1    1    1  2.12287E+14 0.00094 
   69   69    1    1    1    1    1    1    1    1  2.54357E+14 0.00100 
   70   70    1    1    1    1    1    1    1    1  2.15728E+14 0.00081 
   71   71    1    1    1    1    1    1    1    1  3.85994E+14 0.00076 
   72   72    1    1    1    1    1    1    1    1  2.72306E+14 0.00082 
   73   73    1    1    1    1    1    1    1    1  2.05698E+14 0.00126 
   74   74    1    1    1    1    1    1    1    1  1.67102E+14 0.00135 
   75   75    1    1    1    1    1    1    1    1  1.40636E+14 0.00128 
   76   76    1    1    1    1    1    1    1    1  1.65363E+14 0.00136 
   77   77    1    1    1    1    1    1    1    1  1.32510E+14 0.00107 
   78   78    1    1    1    1    1    1    1    1  1.06235E+14 0.00143 
   79   79    1    1    1    1    1    1    1    1  1.10613E+14 0.00125 
   80   80    1    1    1    1    1    1    1    1  8.22605E+13 0.00137 
   81   81    1    1    1    1    1    1    1    1  6.34524E+13 0.00220 
   82   82    1    1    1    1    1    1    1    1  4.83611E+13 0.00329 
   83   83    1    1    1    1    1    1    1    1  4.53228E+13 0.00171 
   84   84    1    1    1    1    1    1    1    1  3.26811E+13 0.00268 
   85   85    1    1    1    1    1    1    1    1  2.33896E+13 0.00305 
   86   86    1    1    1    1    1    1    1    1  2.18412E+13 0.00327 
   87   87    1    1    1    1    1    1    1    1  1.34304E+13 0.00514 
   88   88    1    1    1    1    1    1    1    1  8.94999E+12 0.00434 
   89   89    1    1    1    1    1    1    1    1  5.06565E+12 0.00456 
   90   90    1    1    1    1    1    1    1    1  3.35743E+12 0.00796 
   91   91    1    1    1    1    1    1    1    1  1.66658E+12 0.01178 
   92   92    1    1    1    1    1    1    1    1  8.05631E+11 0.01338 
   93   93    1    1    1    1    1    1    1    1  3.65088E+11 0.03634 
   94   94    1    1    1    1    1    1    1    1  1.86011E+11 0.03498 
   95   95    1    1    1    1    1    1    1    1  8.55093E+10 0.05429 
   96   96    1    1    1    1    1    1    1    1  3.97926E+10 0.07518 
   97   97    1    1    1    1    1    1    1    1  1.81747E+10 0.12810 
   98   98    1    1    1    1    1    1    1    1  1.30245E+10 0.10638 
   99   99    1    1    1    1    1    1    1    1  3.97797E+09 0.23669 
  100  100    1    1    1    1    1    1    1    1  5.18276E+09 0.28529 
];


