
DETdpaspec = [
    1    1    1    1    1    1    1    1    1    1  0.00000E+00 0.00000 
    2    2    1    1    1    1    1    1    1    1  0.00000E+00 0.00000 
    3    3    1    1    1    1    1    1    1    1  0.00000E+00 0.00000 
    4    4    1    1    1    1    1    1    1    1  0.00000E+00 0.00000 
    5    5    1    1    1    1    1    1    1    1  0.00000E+00 0.00000 
    6    6    1    1    1    1    1    1    1    1  0.00000E+00 0.00000 
    7    7    1    1    1    1    1    1    1    1  0.00000E+00 0.00000 
    8    8    1    1    1    1    1    1    1    1  0.00000E+00 0.00000 
    9    9    1    1    1    1    1    1    1    1  0.00000E+00 0.00000 
   10   10    1    1    1    1    1    1    1    1  0.00000E+00 0.00000 
   11   11    1    1    1    1    1    1    1    1  0.00000E+00 0.00000 
   12   12    1    1    1    1    1    1    1    1  0.00000E+00 0.00000 
   13   13    1    1    1    1    1    1    1    1  1.02010E+08 1.00000 
   14   14    1    1    1    1    1    1    1    1  3.35635E+08 0.73607 
   15   15    1    1    1    1    1    1    1    1  5.41529E+07 1.00000 
   16   16    1    1    1    1    1    1    1    1  3.34337E+08 0.51832 
   17   17    1    1    1    1    1    1    1    1  5.43774E+08 0.38206 
   18   18    1    1    1    1    1    1    1    1  1.25529E+09 0.33943 
   19   19    1    1    1    1    1    1    1    1  9.02438E+08 0.32172 
   20   20    1    1    1    1    1    1    1    1  5.06879E+09 0.23755 
   21   21    1    1    1    1    1    1    1    1  4.89763E+09 0.19987 
   22   22    1    1    1    1    1    1    1    1  9.54768E+09 0.15258 
   23   23    1    1    1    1    1    1    1    1  3.40388E+10 0.12201 
   24   24    1    1    1    1    1    1    1    1  1.07778E+11 0.04532 
   25   25    1    1    1    1    1    1    1    1  1.83210E+11 0.03132 
   26   26    1    1    1    1    1    1    1    1  3.84793E+11 0.02212 
   27   27    1    1    1    1    1    1    1    1  8.16740E+11 0.02106 
   28   28    1    1    1    1    1    1    1    1  1.74768E+12 0.01346 
   29   29    1    1    1    1    1    1    1    1  2.88704E+12 0.01121 
   30   30    1    1    1    1    1    1    1    1  6.05497E+12 0.00736 
   31   31    1    1    1    1    1    1    1    1  1.37936E+13 0.00473 
   32   32    1    1    1    1    1    1    1    1  2.10786E+13 0.00454 
   33   33    1    1    1    1    1    1    1    1  4.39751E+13 0.00318 
   34   34    1    1    1    1    1    1    1    1  5.59004E+13 0.00272 
   35   35    1    1    1    1    1    1    1    1  5.87214E+13 0.00265 
   36   36    1    1    1    1    1    1    1    1  3.55103E+13 0.00191 
   37   37    1    1    1    1    1    1    1    1  1.03792E+13 0.00228 
   38   38    1    1    1    1    1    1    1    1  5.94461E+13 0.00189 
   39   39    1    1    1    1    1    1    1    1  7.90187E+13 0.00135 
   40   40    1    1    1    1    1    1    1    1  1.34108E+14 0.00099 
   41   41    1    1    1    1    1    1    1    1  1.29373E+14 0.00124 
   42   42    1    1    1    1    1    1    1    1  2.79188E+14 0.00114 
   43   43    1    1    1    1    1    1    1    1  3.34335E+14 0.00121 
   44   44    1    1    1    1    1    1    1    1  4.77846E+14 0.00078 
   45   45    1    1    1    1    1    1    1    1  9.42361E+14 0.00080 
   46   46    1    1    1    1    1    1    1    1  4.24238E+14 0.00078 
   47   47    1    1    1    1    1    1    1    1  6.72031E+14 0.00070 
   48   48    1    1    1    1    1    1    1    1  9.24973E+14 0.00063 
   49   49    1    1    1    1    1    1    1    1  9.02666E+14 0.00058 
   50   50    1    1    1    1    1    1    1    1  1.41384E+15 0.00056 
   51   51    1    1    1    1    1    1    1    1  1.09370E+15 0.00058 
   52   52    1    1    1    1    1    1    1    1  1.32157E+15 0.00060 
   53   53    1    1    1    1    1    1    1    1  9.07045E+14 0.00050 
   54   54    1    1    1    1    1    1    1    1  1.12788E+15 0.00060 
   55   55    1    1    1    1    1    1    1    1  7.71477E+14 0.00056 
   56   56    1    1    1    1    1    1    1    1  1.03875E+14 0.00114 
   57   57    1    1    1    1    1    1    1    1  1.52108E+15 0.00050 
   58   58    1    1    1    1    1    1    1    1  6.94866E+14 0.00081 
   59   59    1    1    1    1    1    1    1    1  7.33146E+14 0.00068 
   60   60    1    1    1    1    1    1    1    1  5.82225E+14 0.00056 
   61   61    1    1    1    1    1    1    1    1  5.79944E+14 0.00072 
   62   62    1    1    1    1    1    1    1    1  6.04256E+14 0.00066 
   63   63    1    1    1    1    1    1    1    1  5.10380E+14 0.00092 
   64   64    1    1    1    1    1    1    1    1  4.05809E+14 0.00082 
   65   65    1    1    1    1    1    1    1    1  4.03469E+14 0.00105 
   66   66    1    1    1    1    1    1    1    1  2.91178E+14 0.00089 
   67   67    1    1    1    1    1    1    1    1  2.35285E+14 0.00119 
   68   68    1    1    1    1    1    1    1    1  2.09662E+14 0.00081 
   69   69    1    1    1    1    1    1    1    1  2.51129E+14 0.00077 
   70   70    1    1    1    1    1    1    1    1  2.12474E+14 0.00100 
   71   71    1    1    1    1    1    1    1    1  3.79670E+14 0.00101 
   72   72    1    1    1    1    1    1    1    1  2.67517E+14 0.00118 
   73   73    1    1    1    1    1    1    1    1  2.01680E+14 0.00126 
   74   74    1    1    1    1    1    1    1    1  1.64233E+14 0.00136 
   75   75    1    1    1    1    1    1    1    1  1.37941E+14 0.00132 
   76   76    1    1    1    1    1    1    1    1  1.61804E+14 0.00118 
   77   77    1    1    1    1    1    1    1    1  1.29832E+14 0.00139 
   78   78    1    1    1    1    1    1    1    1  1.04427E+14 0.00147 
   79   79    1    1    1    1    1    1    1    1  1.08262E+14 0.00148 
   80   80    1    1    1    1    1    1    1    1  8.07134E+13 0.00175 
   81   81    1    1    1    1    1    1    1    1  6.22068E+13 0.00236 
   82   82    1    1    1    1    1    1    1    1  4.75411E+13 0.00228 
   83   83    1    1    1    1    1    1    1    1  4.43030E+13 0.00225 
   84   84    1    1    1    1    1    1    1    1  3.17367E+13 0.00285 
   85   85    1    1    1    1    1    1    1    1  2.30096E+13 0.00272 
   86   86    1    1    1    1    1    1    1    1  2.13107E+13 0.00282 
   87   87    1    1    1    1    1    1    1    1  1.29765E+13 0.00386 
   88   88    1    1    1    1    1    1    1    1  8.75791E+12 0.00501 
   89   89    1    1    1    1    1    1    1    1  4.92118E+12 0.00965 
   90   90    1    1    1    1    1    1    1    1  3.29813E+12 0.00699 
   91   91    1    1    1    1    1    1    1    1  1.63844E+12 0.01099 
   92   92    1    1    1    1    1    1    1    1  7.76154E+11 0.01734 
   93   93    1    1    1    1    1    1    1    1  3.56318E+11 0.02780 
   94   94    1    1    1    1    1    1    1    1  1.70898E+11 0.03999 
   95   95    1    1    1    1    1    1    1    1  7.99746E+10 0.06379 
   96   96    1    1    1    1    1    1    1    1  3.89562E+10 0.07860 
   97   97    1    1    1    1    1    1    1    1  2.02188E+10 0.09006 
   98   98    1    1    1    1    1    1    1    1  1.24569E+10 0.14434 
   99   99    1    1    1    1    1    1    1    1  3.36002E+09 0.21635 
  100  100    1    1    1    1    1    1    1    1  6.01019E+09 0.24393 
];


