
DETdpaspec = [
    1    1    1    1    1    1    1    1    1    1  0.00000E+00 0.00000 
    2    2    1    1    1    1    1    1    1    1  0.00000E+00 0.00000 
    3    3    1    1    1    1    1    1    1    1  0.00000E+00 0.00000 
    4    4    1    1    1    1    1    1    1    1  0.00000E+00 0.00000 
    5    5    1    1    1    1    1    1    1    1  6.74280E+06 1.00000 
    6    6    1    1    1    1    1    1    1    1  0.00000E+00 0.00000 
    7    7    1    1    1    1    1    1    1    1  8.82283E+06 1.00000 
    8    8    1    1    1    1    1    1    1    1  0.00000E+00 0.00000 
    9    9    1    1    1    1    1    1    1    1  0.00000E+00 0.00000 
   10   10    1    1    1    1    1    1    1    1  0.00000E+00 0.00000 
   11   11    1    1    1    1    1    1    1    1  2.92699E+07 1.00000 
   12   12    1    1    1    1    1    1    1    1  3.63987E+07 0.58406 
   13   13    1    1    1    1    1    1    1    1  1.48231E+08 1.00000 
   14   14    1    1    1    1    1    1    1    1  7.54560E+08 0.50802 
   15   15    1    1    1    1    1    1    1    1  1.36714E+09 0.45208 
   16   16    1    1    1    1    1    1    1    1  4.67775E+08 0.48546 
   17   17    1    1    1    1    1    1    1    1  7.86146E+08 0.34689 
   18   18    1    1    1    1    1    1    1    1  2.43871E+09 0.22063 
   19   19    1    1    1    1    1    1    1    1  1.70457E+09 0.25630 
   20   20    1    1    1    1    1    1    1    1  6.32240E+09 0.19161 
   21   21    1    1    1    1    1    1    1    1  5.03178E+09 0.14482 
   22   22    1    1    1    1    1    1    1    1  1.45340E+10 0.11745 
   23   23    1    1    1    1    1    1    1    1  2.55415E+10 0.10307 
   24   24    1    1    1    1    1    1    1    1  3.85292E+10 0.06143 
   25   25    1    1    1    1    1    1    1    1  4.54373E+10 0.05923 
   26   26    1    1    1    1    1    1    1    1  7.29672E+10 0.06686 
   27   27    1    1    1    1    1    1    1    1  1.45129E+11 0.04597 
   28   28    1    1    1    1    1    1    1    1  3.18682E+11 0.03067 
   29   29    1    1    1    1    1    1    1    1  5.11656E+11 0.01943 
   30   30    1    1    1    1    1    1    1    1  1.42094E+12 0.01697 
   31   31    1    1    1    1    1    1    1    1  4.38710E+12 0.01097 
   32   32    1    1    1    1    1    1    1    1  8.13401E+12 0.00950 
   33   33    1    1    1    1    1    1    1    1  1.94361E+13 0.00380 
   34   34    1    1    1    1    1    1    1    1  2.74745E+13 0.00361 
   35   35    1    1    1    1    1    1    1    1  3.53318E+13 0.00288 
   36   36    1    1    1    1    1    1    1    1  2.36861E+13 0.00255 
   37   37    1    1    1    1    1    1    1    1  7.21144E+12 0.00319 
   38   38    1    1    1    1    1    1    1    1  4.06307E+13 0.00286 
   39   39    1    1    1    1    1    1    1    1  5.51502E+13 0.00178 
   40   40    1    1    1    1    1    1    1    1  9.54136E+13 0.00123 
   41   41    1    1    1    1    1    1    1    1  9.65480E+13 0.00178 
   42   42    1    1    1    1    1    1    1    1  2.08712E+14 0.00164 
   43   43    1    1    1    1    1    1    1    1  2.56586E+14 0.00122 
   44   44    1    1    1    1    1    1    1    1  3.75688E+14 0.00109 
   45   45    1    1    1    1    1    1    1    1  7.60288E+14 0.00089 
   46   46    1    1    1    1    1    1    1    1  3.59148E+14 0.00095 
   47   47    1    1    1    1    1    1    1    1  5.82133E+14 0.00095 
   48   48    1    1    1    1    1    1    1    1  8.20373E+14 0.00090 
   49   49    1    1    1    1    1    1    1    1  8.20199E+14 0.00068 
   50   50    1    1    1    1    1    1    1    1  1.29815E+15 0.00065 
   51   51    1    1    1    1    1    1    1    1  1.04271E+15 0.00065 
   52   52    1    1    1    1    1    1    1    1  1.25667E+15 0.00065 
   53   53    1    1    1    1    1    1    1    1  8.80826E+14 0.00052 
   54   54    1    1    1    1    1    1    1    1  1.08843E+15 0.00057 
   55   55    1    1    1    1    1    1    1    1  7.53931E+14 0.00098 
   56   56    1    1    1    1    1    1    1    1  1.02743E+14 0.00111 
   57   57    1    1    1    1    1    1    1    1  1.50987E+15 0.00062 
   58   58    1    1    1    1    1    1    1    1  6.80250E+14 0.00084 
   59   59    1    1    1    1    1    1    1    1  7.28498E+14 0.00078 
   60   60    1    1    1    1    1    1    1    1  5.71664E+14 0.00071 
   61   61    1    1    1    1    1    1    1    1  5.75015E+14 0.00072 
   62   62    1    1    1    1    1    1    1    1  6.01533E+14 0.00071 
   63   63    1    1    1    1    1    1    1    1  5.09208E+14 0.00087 
   64   64    1    1    1    1    1    1    1    1  4.08045E+14 0.00081 
   65   65    1    1    1    1    1    1    1    1  4.07550E+14 0.00101 
   66   66    1    1    1    1    1    1    1    1  2.95426E+14 0.00093 
   67   67    1    1    1    1    1    1    1    1  2.40307E+14 0.00113 
   68   68    1    1    1    1    1    1    1    1  2.15988E+14 0.00103 
   69   69    1    1    1    1    1    1    1    1  2.59472E+14 0.00096 
   70   70    1    1    1    1    1    1    1    1  2.21562E+14 0.00107 
   71   71    1    1    1    1    1    1    1    1  4.04726E+14 0.00115 
   72   72    1    1    1    1    1    1    1    1  2.87830E+14 0.00121 
   73   73    1    1    1    1    1    1    1    1  2.17784E+14 0.00135 
   74   74    1    1    1    1    1    1    1    1  1.75078E+14 0.00148 
   75   75    1    1    1    1    1    1    1    1  1.46404E+14 0.00181 
   76   76    1    1    1    1    1    1    1    1  1.70149E+14 0.00180 
   77   77    1    1    1    1    1    1    1    1  1.35145E+14 0.00161 
   78   78    1    1    1    1    1    1    1    1  1.07915E+14 0.00132 
   79   79    1    1    1    1    1    1    1    1  1.11560E+14 0.00180 
   80   80    1    1    1    1    1    1    1    1  8.29759E+13 0.00218 
   81   81    1    1    1    1    1    1    1    1  6.38521E+13 0.00247 
   82   82    1    1    1    1    1    1    1    1  4.87804E+13 0.00258 
   83   83    1    1    1    1    1    1    1    1  4.57458E+13 0.00276 
   84   84    1    1    1    1    1    1    1    1  3.28224E+13 0.00292 
   85   85    1    1    1    1    1    1    1    1  2.36949E+13 0.00324 
   86   86    1    1    1    1    1    1    1    1  2.21447E+13 0.00375 
   87   87    1    1    1    1    1    1    1    1  1.37019E+13 0.00447 
   88   88    1    1    1    1    1    1    1    1  9.22859E+12 0.00634 
   89   89    1    1    1    1    1    1    1    1  5.23836E+12 0.00910 
   90   90    1    1    1    1    1    1    1    1  3.46677E+12 0.00929 
   91   91    1    1    1    1    1    1    1    1  1.75837E+12 0.01689 
   92   92    1    1    1    1    1    1    1    1  8.74692E+11 0.01580 
   93   93    1    1    1    1    1    1    1    1  4.32193E+11 0.02046 
   94   94    1    1    1    1    1    1    1    1  2.01184E+11 0.03283 
   95   95    1    1    1    1    1    1    1    1  1.07133E+11 0.03715 
   96   96    1    1    1    1    1    1    1    1  4.88295E+10 0.06482 
   97   97    1    1    1    1    1    1    1    1  2.45589E+10 0.13176 
   98   98    1    1    1    1    1    1    1    1  1.48099E+10 0.13446 
   99   99    1    1    1    1    1    1    1    1  4.27324E+09 0.24877 
  100  100    1    1    1    1    1    1    1    1  5.33366E+09 0.16543 
];


