
DETdpaspec = [
    1    1    1    1    1    1    1    1    1    1  0.00000E+00 0.00000 
    2    2    1    1    1    1    1    1    1    1  0.00000E+00 0.00000 
    3    3    1    1    1    1    1    1    1    1  0.00000E+00 0.00000 
    4    4    1    1    1    1    1    1    1    1  0.00000E+00 0.00000 
    5    5    1    1    1    1    1    1    1    1  0.00000E+00 0.00000 
    6    6    1    1    1    1    1    1    1    1  0.00000E+00 0.00000 
    7    7    1    1    1    1    1    1    1    1  0.00000E+00 0.00000 
    8    8    1    1    1    1    1    1    1    1  0.00000E+00 0.00000 
    9    9    1    1    1    1    1    1    1    1  0.00000E+00 0.00000 
   10   10    1    1    1    1    1    1    1    1  0.00000E+00 0.00000 
   11   11    1    1    1    1    1    1    1    1  3.82396E+07 1.00000 
   12   12    1    1    1    1    1    1    1    1  0.00000E+00 0.00000 
   13   13    1    1    1    1    1    1    1    1  1.45691E+08 0.73220 
   14   14    1    1    1    1    1    1    1    1  1.10654E+09 0.43110 
   15   15    1    1    1    1    1    1    1    1  1.30828E+09 0.42065 
   16   16    1    1    1    1    1    1    1    1  6.69922E+08 0.43725 
   17   17    1    1    1    1    1    1    1    1  5.21731E+08 0.54870 
   18   18    1    1    1    1    1    1    1    1  1.61956E+09 0.39337 
   19   19    1    1    1    1    1    1    1    1  1.81654E+09 0.32016 
   20   20    1    1    1    1    1    1    1    1  7.79819E+09 0.17703 
   21   21    1    1    1    1    1    1    1    1  6.09483E+09 0.21660 
   22   22    1    1    1    1    1    1    1    1  9.39827E+09 0.16561 
   23   23    1    1    1    1    1    1    1    1  2.35421E+10 0.08864 
   24   24    1    1    1    1    1    1    1    1  3.19796E+10 0.07030 
   25   25    1    1    1    1    1    1    1    1  4.60346E+10 0.08642 
   26   26    1    1    1    1    1    1    1    1  9.15580E+10 0.05351 
   27   27    1    1    1    1    1    1    1    1  1.86876E+11 0.02062 
   28   28    1    1    1    1    1    1    1    1  4.42374E+11 0.02898 
   29   29    1    1    1    1    1    1    1    1  8.24625E+11 0.01389 
   30   30    1    1    1    1    1    1    1    1  2.13232E+12 0.01365 
   31   31    1    1    1    1    1    1    1    1  6.15834E+12 0.00808 
   32   32    1    1    1    1    1    1    1    1  1.08694E+13 0.00551 
   33   33    1    1    1    1    1    1    1    1  2.53045E+13 0.00363 
   34   34    1    1    1    1    1    1    1    1  3.47778E+13 0.00260 
   35   35    1    1    1    1    1    1    1    1  4.15799E+13 0.00229 
   36   36    1    1    1    1    1    1    1    1  2.67652E+13 0.00209 
   37   37    1    1    1    1    1    1    1    1  8.01550E+12 0.00262 
   38   38    1    1    1    1    1    1    1    1  4.56718E+13 0.00190 
   39   39    1    1    1    1    1    1    1    1  6.14514E+13 0.00231 
   40   40    1    1    1    1    1    1    1    1  1.06131E+14 0.00134 
   41   41    1    1    1    1    1    1    1    1  1.05393E+14 0.00149 
   42   42    1    1    1    1    1    1    1    1  2.28355E+14 0.00130 
   43   43    1    1    1    1    1    1    1    1  2.78323E+14 0.00106 
   44   44    1    1    1    1    1    1    1    1  4.05078E+14 0.00123 
   45   45    1    1    1    1    1    1    1    1  8.18927E+14 0.00101 
   46   46    1    1    1    1    1    1    1    1  3.80021E+14 0.00074 
   47   47    1    1    1    1    1    1    1    1  6.10254E+14 0.00073 
   48   48    1    1    1    1    1    1    1    1  8.55018E+14 0.00049 
   49   49    1    1    1    1    1    1    1    1  8.47374E+14 0.00066 
   50   50    1    1    1    1    1    1    1    1  1.34330E+15 0.00049 
   51   51    1    1    1    1    1    1    1    1  1.06300E+15 0.00055 
   52   52    1    1    1    1    1    1    1    1  1.28896E+15 0.00035 
   53   53    1    1    1    1    1    1    1    1  8.97428E+14 0.00063 
   54   54    1    1    1    1    1    1    1    1  1.11677E+15 0.00055 
   55   55    1    1    1    1    1    1    1    1  7.70319E+14 0.00075 
   56   56    1    1    1    1    1    1    1    1  1.04682E+14 0.00120 
   57   57    1    1    1    1    1    1    1    1  1.53613E+15 0.00040 
   58   58    1    1    1    1    1    1    1    1  7.00114E+14 0.00079 
   59   59    1    1    1    1    1    1    1    1  7.43732E+14 0.00054 
   60   60    1    1    1    1    1    1    1    1  5.89074E+14 0.00050 
   61   61    1    1    1    1    1    1    1    1  5.90131E+14 0.00048 
   62   62    1    1    1    1    1    1    1    1  6.17794E+14 0.00059 
   63   63    1    1    1    1    1    1    1    1  5.23360E+14 0.00059 
   64   64    1    1    1    1    1    1    1    1  4.18466E+14 0.00083 
   65   65    1    1    1    1    1    1    1    1  4.17522E+14 0.00097 
   66   66    1    1    1    1    1    1    1    1  3.02063E+14 0.00090 
   67   67    1    1    1    1    1    1    1    1  2.45297E+14 0.00098 
   68   68    1    1    1    1    1    1    1    1  2.19397E+14 0.00101 
   69   69    1    1    1    1    1    1    1    1  2.63633E+14 0.00084 
   70   70    1    1    1    1    1    1    1    1  2.24912E+14 0.00122 
   71   71    1    1    1    1    1    1    1    1  4.06837E+14 0.00090 
   72   72    1    1    1    1    1    1    1    1  2.88355E+14 0.00084 
   73   73    1    1    1    1    1    1    1    1  2.18050E+14 0.00139 
   74   74    1    1    1    1    1    1    1    1  1.77075E+14 0.00082 
   75   75    1    1    1    1    1    1    1    1  1.48279E+14 0.00111 
   76   76    1    1    1    1    1    1    1    1  1.73763E+14 0.00128 
   77   77    1    1    1    1    1    1    1    1  1.38964E+14 0.00156 
   78   78    1    1    1    1    1    1    1    1  1.11296E+14 0.00108 
   79   79    1    1    1    1    1    1    1    1  1.15463E+14 0.00133 
   80   80    1    1    1    1    1    1    1    1  8.57334E+13 0.00189 
   81   81    1    1    1    1    1    1    1    1  6.62230E+13 0.00190 
   82   82    1    1    1    1    1    1    1    1  5.10297E+13 0.00225 
   83   83    1    1    1    1    1    1    1    1  4.76037E+13 0.00278 
   84   84    1    1    1    1    1    1    1    1  3.42077E+13 0.00324 
   85   85    1    1    1    1    1    1    1    1  2.45863E+13 0.00300 
   86   86    1    1    1    1    1    1    1    1  2.30128E+13 0.00319 
   87   87    1    1    1    1    1    1    1    1  1.41274E+13 0.00383 
   88   88    1    1    1    1    1    1    1    1  9.50029E+12 0.00398 
   89   89    1    1    1    1    1    1    1    1  5.42759E+12 0.00803 
   90   90    1    1    1    1    1    1    1    1  3.59794E+12 0.00880 
   91   91    1    1    1    1    1    1    1    1  1.82202E+12 0.01276 
   92   92    1    1    1    1    1    1    1    1  8.62135E+11 0.01570 
   93   93    1    1    1    1    1    1    1    1  4.42381E+11 0.02761 
   94   94    1    1    1    1    1    1    1    1  2.01472E+11 0.03743 
   95   95    1    1    1    1    1    1    1    1  9.72468E+10 0.04335 
   96   96    1    1    1    1    1    1    1    1  4.40259E+10 0.08574 
   97   97    1    1    1    1    1    1    1    1  2.14584E+10 0.11170 
   98   98    1    1    1    1    1    1    1    1  9.30734E+09 0.13981 
   99   99    1    1    1    1    1    1    1    1  3.39637E+09 0.19553 
  100  100    1    1    1    1    1    1    1    1  4.95269E+09 0.22842 
];


