
DETdpaspec = [
    1    1    1    1    1    1    1    1    1    1  0.00000E+00 0.00000 
    2    2    1    1    1    1    1    1    1    1  0.00000E+00 0.00000 
    3    3    1    1    1    1    1    1    1    1  0.00000E+00 0.00000 
    4    4    1    1    1    1    1    1    1    1  0.00000E+00 0.00000 
    5    5    1    1    1    1    1    1    1    1  0.00000E+00 0.00000 
    6    6    1    1    1    1    1    1    1    1  7.92301E+06 1.00000 
    7    7    1    1    1    1    1    1    1    1  0.00000E+00 0.00000 
    8    8    1    1    1    1    1    1    1    1  0.00000E+00 0.00000 
    9    9    1    1    1    1    1    1    1    1  0.00000E+00 0.00000 
   10   10    1    1    1    1    1    1    1    1  0.00000E+00 0.00000 
   11   11    1    1    1    1    1    1    1    1  0.00000E+00 0.00000 
   12   12    1    1    1    1    1    1    1    1  1.90627E+07 0.78004 
   13   13    1    1    1    1    1    1    1    1  2.45416E+08 0.78195 
   14   14    1    1    1    1    1    1    1    1  0.00000E+00 0.00000 
   15   15    1    1    1    1    1    1    1    1  1.35918E+09 0.45121 
   16   16    1    1    1    1    1    1    1    1  5.42520E+07 0.68846 
   17   17    1    1    1    1    1    1    1    1  1.07248E+09 0.58367 
   18   18    1    1    1    1    1    1    1    1  2.26447E+09 0.29727 
   19   19    1    1    1    1    1    1    1    1  1.24040E+09 0.29148 
   20   20    1    1    1    1    1    1    1    1  5.76751E+09 0.22991 
   21   21    1    1    1    1    1    1    1    1  5.62154E+09 0.16504 
   22   22    1    1    1    1    1    1    1    1  1.32170E+10 0.10072 
   23   23    1    1    1    1    1    1    1    1  1.99009E+10 0.10990 
   24   24    1    1    1    1    1    1    1    1  3.45290E+10 0.08940 
   25   25    1    1    1    1    1    1    1    1  4.77773E+10 0.05009 
   26   26    1    1    1    1    1    1    1    1  7.98645E+10 0.05750 
   27   27    1    1    1    1    1    1    1    1  1.75903E+11 0.04168 
   28   28    1    1    1    1    1    1    1    1  4.00760E+11 0.02422 
   29   29    1    1    1    1    1    1    1    1  7.48243E+11 0.01493 
   30   30    1    1    1    1    1    1    1    1  1.94052E+12 0.01681 
   31   31    1    1    1    1    1    1    1    1  5.66793E+12 0.00992 
   32   32    1    1    1    1    1    1    1    1  1.00146E+13 0.00561 
   33   33    1    1    1    1    1    1    1    1  2.35535E+13 0.00426 
   34   34    1    1    1    1    1    1    1    1  3.28415E+13 0.00269 
   35   35    1    1    1    1    1    1    1    1  3.94842E+13 0.00226 
   36   36    1    1    1    1    1    1    1    1  2.57004E+13 0.00220 
   37   37    1    1    1    1    1    1    1    1  7.70892E+12 0.00244 
   38   38    1    1    1    1    1    1    1    1  4.40437E+13 0.00187 
   39   39    1    1    1    1    1    1    1    1  5.96359E+13 0.00166 
   40   40    1    1    1    1    1    1    1    1  1.03082E+14 0.00163 
   41   41    1    1    1    1    1    1    1    1  1.02519E+14 0.00162 
   42   42    1    1    1    1    1    1    1    1  2.22621E+14 0.00112 
   43   43    1    1    1    1    1    1    1    1  2.71631E+14 0.00123 
   44   44    1    1    1    1    1    1    1    1  3.97127E+14 0.00095 
   45   45    1    1    1    1    1    1    1    1  8.04073E+14 0.00082 
   46   46    1    1    1    1    1    1    1    1  3.75117E+14 0.00102 
   47   47    1    1    1    1    1    1    1    1  6.03874E+14 0.00069 
   48   48    1    1    1    1    1    1    1    1  8.48348E+14 0.00083 
   49   49    1    1    1    1    1    1    1    1  8.41869E+14 0.00072 
   50   50    1    1    1    1    1    1    1    1  1.33468E+15 0.00078 
   51   51    1    1    1    1    1    1    1    1  1.05929E+15 0.00044 
   52   52    1    1    1    1    1    1    1    1  1.28308E+15 0.00055 
   53   53    1    1    1    1    1    1    1    1  8.95678E+14 0.00063 
   54   54    1    1    1    1    1    1    1    1  1.11298E+15 0.00049 
   55   55    1    1    1    1    1    1    1    1  7.68891E+14 0.00058 
   56   56    1    1    1    1    1    1    1    1  1.04396E+14 0.00093 
   57   57    1    1    1    1    1    1    1    1  1.53335E+15 0.00054 
   58   58    1    1    1    1    1    1    1    1  6.97194E+14 0.00061 
   59   59    1    1    1    1    1    1    1    1  7.42627E+14 0.00067 
   60   60    1    1    1    1    1    1    1    1  5.86636E+14 0.00072 
   61   61    1    1    1    1    1    1    1    1  5.89259E+14 0.00073 
   62   62    1    1    1    1    1    1    1    1  6.16179E+14 0.00072 
   63   63    1    1    1    1    1    1    1    1  5.22308E+14 0.00083 
   64   64    1    1    1    1    1    1    1    1  4.17464E+14 0.00103 
   65   65    1    1    1    1    1    1    1    1  4.16711E+14 0.00086 
   66   66    1    1    1    1    1    1    1    1  3.02163E+14 0.00086 
   67   67    1    1    1    1    1    1    1    1  2.45481E+14 0.00095 
   68   68    1    1    1    1    1    1    1    1  2.19882E+14 0.00123 
   69   69    1    1    1    1    1    1    1    1  2.64030E+14 0.00109 
   70   70    1    1    1    1    1    1    1    1  2.25257E+14 0.00101 
   71   71    1    1    1    1    1    1    1    1  4.08760E+14 0.00079 
   72   72    1    1    1    1    1    1    1    1  2.89500E+14 0.00131 
   73   73    1    1    1    1    1    1    1    1  2.19037E+14 0.00110 
   74   74    1    1    1    1    1    1    1    1  1.77451E+14 0.00135 
   75   75    1    1    1    1    1    1    1    1  1.48829E+14 0.00160 
   76   76    1    1    1    1    1    1    1    1  1.74030E+14 0.00131 
   77   77    1    1    1    1    1    1    1    1  1.39124E+14 0.00128 
   78   78    1    1    1    1    1    1    1    1  1.11357E+14 0.00148 
   79   79    1    1    1    1    1    1    1    1  1.15391E+14 0.00148 
   80   80    1    1    1    1    1    1    1    1  8.54731E+13 0.00170 
   81   81    1    1    1    1    1    1    1    1  6.63080E+13 0.00206 
   82   82    1    1    1    1    1    1    1    1  5.10225E+13 0.00255 
   83   83    1    1    1    1    1    1    1    1  4.74911E+13 0.00188 
   84   84    1    1    1    1    1    1    1    1  3.40781E+13 0.00342 
   85   85    1    1    1    1    1    1    1    1  2.47127E+13 0.00324 
   86   86    1    1    1    1    1    1    1    1  2.31395E+13 0.00335 
   87   87    1    1    1    1    1    1    1    1  1.42680E+13 0.00286 
   88   88    1    1    1    1    1    1    1    1  9.48571E+12 0.00557 
   89   89    1    1    1    1    1    1    1    1  5.46262E+12 0.00507 
   90   90    1    1    1    1    1    1    1    1  3.57500E+12 0.00834 
   91   91    1    1    1    1    1    1    1    1  1.81866E+12 0.01085 
   92   92    1    1    1    1    1    1    1    1  8.59289E+11 0.01134 
   93   93    1    1    1    1    1    1    1    1  4.18449E+11 0.02326 
   94   94    1    1    1    1    1    1    1    1  2.02024E+11 0.03729 
   95   95    1    1    1    1    1    1    1    1  1.03904E+11 0.06107 
   96   96    1    1    1    1    1    1    1    1  4.46832E+10 0.06846 
   97   97    1    1    1    1    1    1    1    1  2.09585E+10 0.10399 
   98   98    1    1    1    1    1    1    1    1  9.85108E+09 0.20413 
   99   99    1    1    1    1    1    1    1    1  5.26771E+09 0.20485 
  100  100    1    1    1    1    1    1    1    1  5.26031E+09 0.22928 
];


