
DETdpaspec = [
    1    1    1    1    1    1    1    1    1    1  0.00000E+00 0.00000 
    2    2    1    1    1    1    1    1    1    1  0.00000E+00 0.00000 
    3    3    1    1    1    1    1    1    1    1  0.00000E+00 0.00000 
    4    4    1    1    1    1    1    1    1    1  0.00000E+00 0.00000 
    5    5    1    1    1    1    1    1    1    1  0.00000E+00 0.00000 
    6    6    1    1    1    1    1    1    1    1  0.00000E+00 0.00000 
    7    7    1    1    1    1    1    1    1    1  0.00000E+00 0.00000 
    8    8    1    1    1    1    1    1    1    1  0.00000E+00 0.00000 
    9    9    1    1    1    1    1    1    1    1  0.00000E+00 0.00000 
   10   10    1    1    1    1    1    1    1    1  0.00000E+00 0.00000 
   11   11    1    1    1    1    1    1    1    1  0.00000E+00 0.00000 
   12   12    1    1    1    1    1    1    1    1  4.66903E+07 1.00000 
   13   13    1    1    1    1    1    1    1    1  1.06496E+09 0.60996 
   14   14    1    1    1    1    1    1    1    1  1.13499E+09 0.85470 
   15   15    1    1    1    1    1    1    1    1  1.04119E+09 0.57664 
   16   16    1    1    1    1    1    1    1    1  4.02067E+08 0.61012 
   17   17    1    1    1    1    1    1    1    1  9.79317E+08 0.32702 
   18   18    1    1    1    1    1    1    1    1  1.87805E+09 0.28983 
   19   19    1    1    1    1    1    1    1    1  1.14842E+09 0.38394 
   20   20    1    1    1    1    1    1    1    1  4.98755E+09 0.22953 
   21   21    1    1    1    1    1    1    1    1  5.53521E+09 0.19640 
   22   22    1    1    1    1    1    1    1    1  1.09000E+10 0.13130 
   23   23    1    1    1    1    1    1    1    1  1.50906E+10 0.10540 
   24   24    1    1    1    1    1    1    1    1  4.62297E+10 0.08643 
   25   25    1    1    1    1    1    1    1    1  7.00526E+10 0.07312 
   26   26    1    1    1    1    1    1    1    1  1.57343E+11 0.04524 
   27   27    1    1    1    1    1    1    1    1  3.70346E+11 0.02853 
   28   28    1    1    1    1    1    1    1    1  8.51875E+11 0.02242 
   29   29    1    1    1    1    1    1    1    1  1.54638E+12 0.01623 
   30   30    1    1    1    1    1    1    1    1  3.54241E+12 0.00720 
   31   31    1    1    1    1    1    1    1    1  9.11109E+12 0.00514 
   32   32    1    1    1    1    1    1    1    1  1.50130E+13 0.00459 
   33   33    1    1    1    1    1    1    1    1  3.33531E+13 0.00239 
   34   34    1    1    1    1    1    1    1    1  4.42283E+13 0.00258 
   35   35    1    1    1    1    1    1    1    1  4.91208E+13 0.00197 
   36   36    1    1    1    1    1    1    1    1  3.04776E+13 0.00236 
   37   37    1    1    1    1    1    1    1    1  9.01114E+12 0.00307 
   38   38    1    1    1    1    1    1    1    1  5.17203E+13 0.00221 
   39   39    1    1    1    1    1    1    1    1  6.91996E+13 0.00163 
   40   40    1    1    1    1    1    1    1    1  1.18884E+14 0.00181 
   41   41    1    1    1    1    1    1    1    1  1.15950E+14 0.00156 
   42   42    1    1    1    1    1    1    1    1  2.51782E+14 0.00130 
   43   43    1    1    1    1    1    1    1    1  3.04457E+14 0.00124 
   44   44    1    1    1    1    1    1    1    1  4.39831E+14 0.00108 
   45   45    1    1    1    1    1    1    1    1  8.79471E+14 0.00060 
   46   46    1    1    1    1    1    1    1    1  4.02190E+14 0.00064 
   47   47    1    1    1    1    1    1    1    1  6.41667E+14 0.00070 
   48   48    1    1    1    1    1    1    1    1  8.90495E+14 0.00062 
   49   49    1    1    1    1    1    1    1    1  8.76654E+14 0.00069 
   50   50    1    1    1    1    1    1    1    1  1.38273E+15 0.00067 
   51   51    1    1    1    1    1    1    1    1  1.08149E+15 0.00066 
   52   52    1    1    1    1    1    1    1    1  1.31105E+15 0.00058 
   53   53    1    1    1    1    1    1    1    1  9.06494E+14 0.00050 
   54   54    1    1    1    1    1    1    1    1  1.12911E+15 0.00052 
   55   55    1    1    1    1    1    1    1    1  7.75487E+14 0.00070 
   56   56    1    1    1    1    1    1    1    1  1.04957E+14 0.00105 
   57   57    1    1    1    1    1    1    1    1  1.53816E+15 0.00063 
   58   58    1    1    1    1    1    1    1    1  7.03356E+14 0.00043 
   59   59    1    1    1    1    1    1    1    1  7.44754E+14 0.00065 
   60   60    1    1    1    1    1    1    1    1  5.90475E+14 0.00054 
   61   61    1    1    1    1    1    1    1    1  5.89986E+14 0.00058 
   62   62    1    1    1    1    1    1    1    1  6.15788E+14 0.00075 
   63   63    1    1    1    1    1    1    1    1  5.21140E+14 0.00063 
   64   64    1    1    1    1    1    1    1    1  4.15932E+14 0.00087 
   65   65    1    1    1    1    1    1    1    1  4.14077E+14 0.00093 
   66   66    1    1    1    1    1    1    1    1  2.99878E+14 0.00102 
   67   67    1    1    1    1    1    1    1    1  2.42920E+14 0.00097 
   68   68    1    1    1    1    1    1    1    1  2.16663E+14 0.00121 
   69   69    1    1    1    1    1    1    1    1  2.60227E+14 0.00128 
   70   70    1    1    1    1    1    1    1    1  2.20709E+14 0.00102 
   71   71    1    1    1    1    1    1    1    1  3.96265E+14 0.00084 
   72   72    1    1    1    1    1    1    1    1  2.80446E+14 0.00113 
   73   73    1    1    1    1    1    1    1    1  2.12043E+14 0.00086 
   74   74    1    1    1    1    1    1    1    1  1.72369E+14 0.00098 
   75   75    1    1    1    1    1    1    1    1  1.44784E+14 0.00129 
   76   76    1    1    1    1    1    1    1    1  1.69942E+14 0.00139 
   77   77    1    1    1    1    1    1    1    1  1.36260E+14 0.00140 
   78   78    1    1    1    1    1    1    1    1  1.09373E+14 0.00141 
   79   79    1    1    1    1    1    1    1    1  1.13658E+14 0.00125 
   80   80    1    1    1    1    1    1    1    1  8.47561E+13 0.00191 
   81   81    1    1    1    1    1    1    1    1  6.52918E+13 0.00188 
   82   82    1    1    1    1    1    1    1    1  5.01392E+13 0.00232 
   83   83    1    1    1    1    1    1    1    1  4.67332E+13 0.00177 
   84   84    1    1    1    1    1    1    1    1  3.35941E+13 0.00352 
   85   85    1    1    1    1    1    1    1    1  2.42298E+13 0.00240 
   86   86    1    1    1    1    1    1    1    1  2.25381E+13 0.00301 
   87   87    1    1    1    1    1    1    1    1  1.38925E+13 0.00459 
   88   88    1    1    1    1    1    1    1    1  9.29312E+12 0.00348 
   89   89    1    1    1    1    1    1    1    1  5.26422E+12 0.00512 
   90   90    1    1    1    1    1    1    1    1  3.44103E+12 0.01115 
   91   91    1    1    1    1    1    1    1    1  1.80133E+12 0.00960 
   92   92    1    1    1    1    1    1    1    1  8.68740E+11 0.01769 
   93   93    1    1    1    1    1    1    1    1  4.01340E+11 0.02737 
   94   94    1    1    1    1    1    1    1    1  1.98923E+11 0.03312 
   95   95    1    1    1    1    1    1    1    1  9.31704E+10 0.05060 
   96   96    1    1    1    1    1    1    1    1  4.78411E+10 0.06912 
   97   97    1    1    1    1    1    1    1    1  1.97243E+10 0.08751 
   98   98    1    1    1    1    1    1    1    1  1.14238E+10 0.16816 
   99   99    1    1    1    1    1    1    1    1  5.06968E+09 0.19125 
  100  100    1    1    1    1    1    1    1    1  5.65045E+09 0.25423 
];


