
DETdpaspec = [
    1    1    1    1    1    1    1    1    1    1  0.00000E+00 0.00000 
    2    2    1    1    1    1    1    1    1    1  0.00000E+00 0.00000 
    3    3    1    1    1    1    1    1    1    1  0.00000E+00 0.00000 
    4    4    1    1    1    1    1    1    1    1  0.00000E+00 0.00000 
    5    5    1    1    1    1    1    1    1    1  0.00000E+00 0.00000 
    6    6    1    1    1    1    1    1    1    1  0.00000E+00 0.00000 
    7    7    1    1    1    1    1    1    1    1  0.00000E+00 0.00000 
    8    8    1    1    1    1    1    1    1    1  0.00000E+00 0.00000 
    9    9    1    1    1    1    1    1    1    1  0.00000E+00 0.00000 
   10   10    1    1    1    1    1    1    1    1  0.00000E+00 0.00000 
   11   11    1    1    1    1    1    1    1    1  0.00000E+00 0.00000 
   12   12    1    1    1    1    1    1    1    1  1.66254E+08 0.76319 
   13   13    1    1    1    1    1    1    1    1  0.00000E+00 0.00000 
   14   14    1    1    1    1    1    1    1    1  2.20839E+08 0.78060 
   15   15    1    1    1    1    1    1    1    1  9.39593E+08 0.71783 
   16   16    1    1    1    1    1    1    1    1  1.83393E+08 0.64292 
   17   17    1    1    1    1    1    1    1    1  3.50852E+08 0.47275 
   18   18    1    1    1    1    1    1    1    1  5.86389E+08 0.65956 
   19   19    1    1    1    1    1    1    1    1  7.73838E+08 0.39868 
   20   20    1    1    1    1    1    1    1    1  2.39483E+09 0.27581 
   21   21    1    1    1    1    1    1    1    1  3.49185E+09 0.24591 
   22   22    1    1    1    1    1    1    1    1  1.42113E+10 0.11499 
   23   23    1    1    1    1    1    1    1    1  5.22583E+10 0.07117 
   24   24    1    1    1    1    1    1    1    1  1.79660E+11 0.02947 
   25   25    1    1    1    1    1    1    1    1  2.76946E+11 0.02015 
   26   26    1    1    1    1    1    1    1    1  5.79182E+11 0.02254 
   27   27    1    1    1    1    1    1    1    1  1.22172E+12 0.01521 
   28   28    1    1    1    1    1    1    1    1  2.43710E+12 0.00938 
   29   29    1    1    1    1    1    1    1    1  3.92262E+12 0.00907 
   30   30    1    1    1    1    1    1    1    1  7.80427E+12 0.00679 
   31   31    1    1    1    1    1    1    1    1  1.64983E+13 0.00473 
   32   32    1    1    1    1    1    1    1    1  2.45796E+13 0.00433 
   33   33    1    1    1    1    1    1    1    1  4.96886E+13 0.00253 
   34   34    1    1    1    1    1    1    1    1  6.18792E+13 0.00119 
   35   35    1    1    1    1    1    1    1    1  6.36656E+13 0.00213 
   36   36    1    1    1    1    1    1    1    1  3.78486E+13 0.00190 
   37   37    1    1    1    1    1    1    1    1  1.09932E+13 0.00249 
   38   38    1    1    1    1    1    1    1    1  6.31425E+13 0.00157 
   39   39    1    1    1    1    1    1    1    1  8.34614E+13 0.00169 
   40   40    1    1    1    1    1    1    1    1  1.41398E+14 0.00105 
   41   41    1    1    1    1    1    1    1    1  1.35731E+14 0.00101 
   42   42    1    1    1    1    1    1    1    1  2.91597E+14 0.00098 
   43   43    1    1    1    1    1    1    1    1  3.47974E+14 0.00100 
   44   44    1    1    1    1    1    1    1    1  4.94898E+14 0.00068 
   45   45    1    1    1    1    1    1    1    1  9.68939E+14 0.00059 
   46   46    1    1    1    1    1    1    1    1  4.33234E+14 0.00081 
   47   47    1    1    1    1    1    1    1    1  6.83920E+14 0.00059 
   48   48    1    1    1    1    1    1    1    1  9.36548E+14 0.00069 
   49   49    1    1    1    1    1    1    1    1  9.12118E+14 0.00069 
   50   50    1    1    1    1    1    1    1    1  1.42324E+15 0.00055 
   51   51    1    1    1    1    1    1    1    1  1.09507E+15 0.00038 
   52   52    1    1    1    1    1    1    1    1  1.32095E+15 0.00047 
   53   53    1    1    1    1    1    1    1    1  9.03332E+14 0.00075 
   54   54    1    1    1    1    1    1    1    1  1.12213E+15 0.00053 
   55   55    1    1    1    1    1    1    1    1  7.65600E+14 0.00063 
   56   56    1    1    1    1    1    1    1    1  1.03217E+14 0.00094 
   57   57    1    1    1    1    1    1    1    1  1.50688E+15 0.00066 
   58   58    1    1    1    1    1    1    1    1  6.87524E+14 0.00082 
   59   59    1    1    1    1    1    1    1    1  7.24345E+14 0.00055 
   60   60    1    1    1    1    1    1    1    1  5.73757E+14 0.00070 
   61   61    1    1    1    1    1    1    1    1  5.71470E+14 0.00060 
   62   62    1    1    1    1    1    1    1    1  5.94818E+14 0.00092 
   63   63    1    1    1    1    1    1    1    1  5.02207E+14 0.00069 
   64   64    1    1    1    1    1    1    1    1  3.99240E+14 0.00083 
   65   65    1    1    1    1    1    1    1    1  3.95650E+14 0.00085 
   66   66    1    1    1    1    1    1    1    1  2.85299E+14 0.00089 
   67   67    1    1    1    1    1    1    1    1  2.29755E+14 0.00142 
   68   68    1    1    1    1    1    1    1    1  2.04912E+14 0.00079 
   69   69    1    1    1    1    1    1    1    1  2.44816E+14 0.00084 
   70   70    1    1    1    1    1    1    1    1  2.07233E+14 0.00116 
   71   71    1    1    1    1    1    1    1    1  3.69905E+14 0.00084 
   72   72    1    1    1    1    1    1    1    1  2.59445E+14 0.00102 
   73   73    1    1    1    1    1    1    1    1  1.95782E+14 0.00124 
   74   74    1    1    1    1    1    1    1    1  1.59203E+14 0.00173 
   75   75    1    1    1    1    1    1    1    1  1.33662E+14 0.00123 
   76   76    1    1    1    1    1    1    1    1  1.57257E+14 0.00150 
   77   77    1    1    1    1    1    1    1    1  1.25726E+14 0.00176 
   78   78    1    1    1    1    1    1    1    1  1.01109E+14 0.00154 
   79   79    1    1    1    1    1    1    1    1  1.04658E+14 0.00166 
   80   80    1    1    1    1    1    1    1    1  7.76402E+13 0.00201 
   81   81    1    1    1    1    1    1    1    1  5.98592E+13 0.00212 
   82   82    1    1    1    1    1    1    1    1  4.58268E+13 0.00195 
   83   83    1    1    1    1    1    1    1    1  4.29984E+13 0.00215 
   84   84    1    1    1    1    1    1    1    1  3.07138E+13 0.00205 
   85   85    1    1    1    1    1    1    1    1  2.20590E+13 0.00232 
   86   86    1    1    1    1    1    1    1    1  2.04707E+13 0.00387 
   87   87    1    1    1    1    1    1    1    1  1.24815E+13 0.00416 
   88   88    1    1    1    1    1    1    1    1  8.26503E+12 0.00445 
   89   89    1    1    1    1    1    1    1    1  4.71454E+12 0.00756 
   90   90    1    1    1    1    1    1    1    1  3.09721E+12 0.01109 
   91   91    1    1    1    1    1    1    1    1  1.55784E+12 0.01179 
   92   92    1    1    1    1    1    1    1    1  7.17590E+11 0.01795 
   93   93    1    1    1    1    1    1    1    1  3.47436E+11 0.02272 
   94   94    1    1    1    1    1    1    1    1  1.60629E+11 0.03413 
   95   95    1    1    1    1    1    1    1    1  7.23290E+10 0.05847 
   96   96    1    1    1    1    1    1    1    1  2.93764E+10 0.09473 
   97   97    1    1    1    1    1    1    1    1  1.69571E+10 0.12129 
   98   98    1    1    1    1    1    1    1    1  9.95428E+09 0.17794 
   99   99    1    1    1    1    1    1    1    1  4.92789E+09 0.22632 
  100  100    1    1    1    1    1    1    1    1  4.61197E+09 0.24540 
];


