
DETdpaspec = [
    1    1    1    1    1    1    1    1    1    1  0.00000E+00 0.00000 
    2    2    1    1    1    1    1    1    1    1  0.00000E+00 0.00000 
    3    3    1    1    1    1    1    1    1    1  0.00000E+00 0.00000 
    4    4    1    1    1    1    1    1    1    1  0.00000E+00 0.00000 
    5    5    1    1    1    1    1    1    1    1  0.00000E+00 0.00000 
    6    6    1    1    1    1    1    1    1    1  0.00000E+00 0.00000 
    7    7    1    1    1    1    1    1    1    1  0.00000E+00 0.00000 
    8    8    1    1    1    1    1    1    1    1  0.00000E+00 0.00000 
    9    9    1    1    1    1    1    1    1    1  0.00000E+00 0.00000 
   10   10    1    1    1    1    1    1    1    1  0.00000E+00 0.00000 
   11   11    1    1    1    1    1    1    1    1  0.00000E+00 0.00000 
   12   12    1    1    1    1    1    1    1    1  0.00000E+00 0.00000 
   13   13    1    1    1    1    1    1    1    1  0.00000E+00 0.00000 
   14   14    1    1    1    1    1    1    1    1  2.58444E+08 1.00000 
   15   15    1    1    1    1    1    1    1    1  6.16212E+08 0.91198 
   16   16    1    1    1    1    1    1    1    1  4.74508E+07 1.00000 
   17   17    1    1    1    1    1    1    1    1  2.25474E+08 1.00000 
   18   18    1    1    1    1    1    1    1    1  6.61901E+08 0.40876 
   19   19    1    1    1    1    1    1    1    1  8.51889E+08 0.35104 
   20   20    1    1    1    1    1    1    1    1  2.18797E+09 0.52240 
   21   21    1    1    1    1    1    1    1    1  5.19836E+09 0.25573 
   22   22    1    1    1    1    1    1    1    1  2.68229E+10 0.10658 
   23   23    1    1    1    1    1    1    1    1  1.26179E+11 0.04117 
   24   24    1    1    1    1    1    1    1    1  3.20001E+11 0.02638 
   25   25    1    1    1    1    1    1    1    1  5.04752E+11 0.02220 
   26   26    1    1    1    1    1    1    1    1  1.09806E+12 0.01360 
   27   27    1    1    1    1    1    1    1    1  2.04015E+12 0.01055 
   28   28    1    1    1    1    1    1    1    1  3.68729E+12 0.00731 
   29   29    1    1    1    1    1    1    1    1  5.59417E+12 0.00759 
   30   30    1    1    1    1    1    1    1    1  1.04433E+13 0.00597 
   31   31    1    1    1    1    1    1    1    1  2.05832E+13 0.00332 
   32   32    1    1    1    1    1    1    1    1  2.98399E+13 0.00367 
   33   33    1    1    1    1    1    1    1    1  5.76630E+13 0.00207 
   34   34    1    1    1    1    1    1    1    1  6.95108E+13 0.00184 
   35   35    1    1    1    1    1    1    1    1  6.94244E+13 0.00118 
   36   36    1    1    1    1    1    1    1    1  4.07795E+13 0.00185 
   37   37    1    1    1    1    1    1    1    1  1.17952E+13 0.00223 
   38   38    1    1    1    1    1    1    1    1  6.77951E+13 0.00132 
   39   39    1    1    1    1    1    1    1    1  8.91845E+13 0.00107 
   40   40    1    1    1    1    1    1    1    1  1.49911E+14 0.00142 
   41   41    1    1    1    1    1    1    1    1  1.42807E+14 0.00108 
   42   42    1    1    1    1    1    1    1    1  3.06105E+14 0.00104 
   43   43    1    1    1    1    1    1    1    1  3.63074E+14 0.00093 
   44   44    1    1    1    1    1    1    1    1  5.14175E+14 0.00087 
   45   45    1    1    1    1    1    1    1    1  9.96939E+14 0.00076 
   46   46    1    1    1    1    1    1    1    1  4.41405E+14 0.00058 
   47   47    1    1    1    1    1    1    1    1  6.95565E+14 0.00065 
   48   48    1    1    1    1    1    1    1    1  9.46791E+14 0.00070 
   49   49    1    1    1    1    1    1    1    1  9.17876E+14 0.00073 
   50   50    1    1    1    1    1    1    1    1  1.42568E+15 0.00058 
   51   51    1    1    1    1    1    1    1    1  1.09195E+15 0.00050 
   52   52    1    1    1    1    1    1    1    1  1.31364E+15 0.00055 
   53   53    1    1    1    1    1    1    1    1  8.92989E+14 0.00080 
   54   54    1    1    1    1    1    1    1    1  1.10788E+15 0.00066 
   55   55    1    1    1    1    1    1    1    1  7.53048E+14 0.00074 
   56   56    1    1    1    1    1    1    1    1  1.01278E+14 0.00091 
   57   57    1    1    1    1    1    1    1    1  1.47871E+15 0.00060 
   58   58    1    1    1    1    1    1    1    1  6.73850E+14 0.00064 
   59   59    1    1    1    1    1    1    1    1  7.08393E+14 0.00079 
   60   60    1    1    1    1    1    1    1    1  5.59692E+14 0.00068 
   61   61    1    1    1    1    1    1    1    1  5.56720E+14 0.00059 
   62   62    1    1    1    1    1    1    1    1  5.77904E+14 0.00052 
   63   63    1    1    1    1    1    1    1    1  4.86825E+14 0.00049 
   64   64    1    1    1    1    1    1    1    1  3.85751E+14 0.00061 
   65   65    1    1    1    1    1    1    1    1  3.82593E+14 0.00107 
   66   66    1    1    1    1    1    1    1    1  2.74771E+14 0.00110 
   67   67    1    1    1    1    1    1    1    1  2.21567E+14 0.00087 
   68   68    1    1    1    1    1    1    1    1  1.97681E+14 0.00103 
   69   69    1    1    1    1    1    1    1    1  2.35448E+14 0.00077 
   70   70    1    1    1    1    1    1    1    1  1.98905E+14 0.00112 
   71   71    1    1    1    1    1    1    1    1  3.53492E+14 0.00065 
   72   72    1    1    1    1    1    1    1    1  2.47244E+14 0.00092 
   73   73    1    1    1    1    1    1    1    1  1.86226E+14 0.00149 
   74   74    1    1    1    1    1    1    1    1  1.51325E+14 0.00128 
   75   75    1    1    1    1    1    1    1    1  1.27152E+14 0.00127 
   76   76    1    1    1    1    1    1    1    1  1.48990E+14 0.00141 
   77   77    1    1    1    1    1    1    1    1  1.18859E+14 0.00183 
   78   78    1    1    1    1    1    1    1    1  9.56677E+13 0.00156 
   79   79    1    1    1    1    1    1    1    1  9.91374E+13 0.00177 
   80   80    1    1    1    1    1    1    1    1  7.33718E+13 0.00206 
   81   81    1    1    1    1    1    1    1    1  5.62195E+13 0.00184 
   82   82    1    1    1    1    1    1    1    1  4.31258E+13 0.00207 
   83   83    1    1    1    1    1    1    1    1  4.00650E+13 0.00200 
   84   84    1    1    1    1    1    1    1    1  2.85537E+13 0.00300 
   85   85    1    1    1    1    1    1    1    1  2.06283E+13 0.00448 
   86   86    1    1    1    1    1    1    1    1  1.90062E+13 0.00398 
   87   87    1    1    1    1    1    1    1    1  1.14390E+13 0.00578 
   88   88    1    1    1    1    1    1    1    1  7.60228E+12 0.00582 
   89   89    1    1    1    1    1    1    1    1  4.28947E+12 0.00656 
   90   90    1    1    1    1    1    1    1    1  2.82566E+12 0.00606 
   91   91    1    1    1    1    1    1    1    1  1.40820E+12 0.01180 
   92   92    1    1    1    1    1    1    1    1  6.34741E+11 0.01495 
   93   93    1    1    1    1    1    1    1    1  3.05993E+11 0.02696 
   94   94    1    1    1    1    1    1    1    1  1.51531E+11 0.04015 
   95   95    1    1    1    1    1    1    1    1  6.78854E+10 0.05217 
   96   96    1    1    1    1    1    1    1    1  3.27719E+10 0.08541 
   97   97    1    1    1    1    1    1    1    1  1.38257E+10 0.12993 
   98   98    1    1    1    1    1    1    1    1  9.39200E+09 0.18346 
   99   99    1    1    1    1    1    1    1    1  3.74491E+09 0.26780 
  100  100    1    1    1    1    1    1    1    1  2.35379E+09 0.30573 
];


