
DETdpaspec = [
    1    1    1    1    1    1    1    1    1    1  0.00000E+00 0.00000 
    2    2    1    1    1    1    1    1    1    1  0.00000E+00 0.00000 
    3    3    1    1    1    1    1    1    1    1  0.00000E+00 0.00000 
    4    4    1    1    1    1    1    1    1    1  0.00000E+00 0.00000 
    5    5    1    1    1    1    1    1    1    1  0.00000E+00 0.00000 
    6    6    1    1    1    1    1    1    1    1  0.00000E+00 0.00000 
    7    7    1    1    1    1    1    1    1    1  0.00000E+00 0.00000 
    8    8    1    1    1    1    1    1    1    1  0.00000E+00 0.00000 
    9    9    1    1    1    1    1    1    1    1  1.30625E+07 0.72135 
   10   10    1    1    1    1    1    1    1    1  0.00000E+00 0.00000 
   11   11    1    1    1    1    1    1    1    1  0.00000E+00 0.00000 
   12   12    1    1    1    1    1    1    1    1  1.37216E+08 0.79577 
   13   13    1    1    1    1    1    1    1    1  1.62271E+08 1.00000 
   14   14    1    1    1    1    1    1    1    1  7.97009E+08 0.55104 
   15   15    1    1    1    1    1    1    1    1  1.60223E+09 0.62684 
   16   16    1    1    1    1    1    1    1    1  3.59369E+08 0.62144 
   17   17    1    1    1    1    1    1    1    1  1.50982E+09 0.36925 
   18   18    1    1    1    1    1    1    1    1  1.39769E+09 0.34164 
   19   19    1    1    1    1    1    1    1    1  3.31544E+09 0.25273 
   20   20    1    1    1    1    1    1    1    1  4.29014E+09 0.23355 
   21   21    1    1    1    1    1    1    1    1  3.65116E+09 0.21141 
   22   22    1    1    1    1    1    1    1    1  8.99955E+09 0.18804 
   23   23    1    1    1    1    1    1    1    1  1.85904E+10 0.11434 
   24   24    1    1    1    1    1    1    1    1  4.80921E+10 0.08382 
   25   25    1    1    1    1    1    1    1    1  8.16442E+10 0.05828 
   26   26    1    1    1    1    1    1    1    1  1.89121E+11 0.03113 
   27   27    1    1    1    1    1    1    1    1  4.40382E+11 0.02404 
   28   28    1    1    1    1    1    1    1    1  9.96124E+11 0.01549 
   29   29    1    1    1    1    1    1    1    1  1.76408E+12 0.01358 
   30   30    1    1    1    1    1    1    1    1  4.02537E+12 0.00509 
   31   31    1    1    1    1    1    1    1    1  1.00270E+13 0.00682 
   32   32    1    1    1    1    1    1    1    1  1.62407E+13 0.00464 
   33   33    1    1    1    1    1    1    1    1  3.53864E+13 0.00318 
   34   34    1    1    1    1    1    1    1    1  4.66448E+13 0.00278 
   35   35    1    1    1    1    1    1    1    1  5.11856E+13 0.00254 
   36   36    1    1    1    1    1    1    1    1  3.16693E+13 0.00203 
   37   37    1    1    1    1    1    1    1    1  9.33330E+12 0.00231 
   38   38    1    1    1    1    1    1    1    1  5.35901E+13 0.00238 
   39   39    1    1    1    1    1    1    1    1  7.15868E+13 0.00164 
   40   40    1    1    1    1    1    1    1    1  1.22176E+14 0.00147 
   41   41    1    1    1    1    1    1    1    1  1.19217E+14 0.00166 
   42   42    1    1    1    1    1    1    1    1  2.57556E+14 0.00110 
   43   43    1    1    1    1    1    1    1    1  3.11141E+14 0.00088 
   44   44    1    1    1    1    1    1    1    1  4.48704E+14 0.00066 
   45   45    1    1    1    1    1    1    1    1  8.94338E+14 0.00049 
   46   46    1    1    1    1    1    1    1    1  4.06726E+14 0.00080 
   47   47    1    1    1    1    1    1    1    1  6.47568E+14 0.00073 
   48   48    1    1    1    1    1    1    1    1  8.97124E+14 0.00070 
   49   49    1    1    1    1    1    1    1    1  8.81007E+14 0.00045 
   50   50    1    1    1    1    1    1    1    1  1.39017E+15 0.00065 
   51   51    1    1    1    1    1    1    1    1  1.08564E+15 0.00055 
   52   52    1    1    1    1    1    1    1    1  1.31451E+15 0.00062 
   53   53    1    1    1    1    1    1    1    1  9.07483E+14 0.00063 
   54   54    1    1    1    1    1    1    1    1  1.12929E+15 0.00060 
   55   55    1    1    1    1    1    1    1    1  7.75020E+14 0.00078 
   56   56    1    1    1    1    1    1    1    1  1.04814E+14 0.00115 
   57   57    1    1    1    1    1    1    1    1  1.53575E+15 0.00053 
   58   58    1    1    1    1    1    1    1    1  7.02075E+14 0.00084 
   59   59    1    1    1    1    1    1    1    1  7.42014E+14 0.00059 
   60   60    1    1    1    1    1    1    1    1  5.88965E+14 0.00050 
   61   61    1    1    1    1    1    1    1    1  5.87180E+14 0.00075 
   62   62    1    1    1    1    1    1    1    1  6.13962E+14 0.00055 
   63   63    1    1    1    1    1    1    1    1  5.19557E+14 0.00070 
   64   64    1    1    1    1    1    1    1    1  4.14110E+14 0.00072 
   65   65    1    1    1    1    1    1    1    1  4.12060E+14 0.00083 
   66   66    1    1    1    1    1    1    1    1  2.97958E+14 0.00085 
   67   67    1    1    1    1    1    1    1    1  2.41364E+14 0.00094 
   68   68    1    1    1    1    1    1    1    1  2.15607E+14 0.00090 
   69   69    1    1    1    1    1    1    1    1  2.58457E+14 0.00087 
   70   70    1    1    1    1    1    1    1    1  2.19138E+14 0.00134 
   71   71    1    1    1    1    1    1    1    1  3.92828E+14 0.00088 
   72   72    1    1    1    1    1    1    1    1  2.77230E+14 0.00110 
   73   73    1    1    1    1    1    1    1    1  2.10121E+14 0.00104 
   74   74    1    1    1    1    1    1    1    1  1.70594E+14 0.00120 
   75   75    1    1    1    1    1    1    1    1  1.43182E+14 0.00122 
   76   76    1    1    1    1    1    1    1    1  1.68663E+14 0.00099 
   77   77    1    1    1    1    1    1    1    1  1.34794E+14 0.00158 
   78   78    1    1    1    1    1    1    1    1  1.08605E+14 0.00150 
   79   79    1    1    1    1    1    1    1    1  1.12695E+14 0.00119 
   80   80    1    1    1    1    1    1    1    1  8.35479E+13 0.00180 
   81   81    1    1    1    1    1    1    1    1  6.45416E+13 0.00162 
   82   82    1    1    1    1    1    1    1    1  4.95608E+13 0.00280 
   83   83    1    1    1    1    1    1    1    1  4.62773E+13 0.00210 
   84   84    1    1    1    1    1    1    1    1  3.34133E+13 0.00251 
   85   85    1    1    1    1    1    1    1    1  2.39901E+13 0.00275 
   86   86    1    1    1    1    1    1    1    1  2.24661E+13 0.00396 
   87   87    1    1    1    1    1    1    1    1  1.37500E+13 0.00434 
   88   88    1    1    1    1    1    1    1    1  9.18424E+12 0.00336 
   89   89    1    1    1    1    1    1    1    1  5.30325E+12 0.00701 
   90   90    1    1    1    1    1    1    1    1  3.43423E+12 0.00789 
   91   91    1    1    1    1    1    1    1    1  1.73815E+12 0.01068 
   92   92    1    1    1    1    1    1    1    1  8.24753E+11 0.01540 
   93   93    1    1    1    1    1    1    1    1  4.09865E+11 0.01889 
   94   94    1    1    1    1    1    1    1    1  1.92655E+11 0.03265 
   95   95    1    1    1    1    1    1    1    1  8.54161E+10 0.05545 
   96   96    1    1    1    1    1    1    1    1  4.03968E+10 0.07725 
   97   97    1    1    1    1    1    1    1    1  2.06922E+10 0.09714 
   98   98    1    1    1    1    1    1    1    1  9.14635E+09 0.22876 
   99   99    1    1    1    1    1    1    1    1  5.01754E+09 0.30861 
  100  100    1    1    1    1    1    1    1    1  3.32179E+09 0.27060 
];


