
DETdpaspec = [
    1    1    1    1    1    1    1    1    1    1  0.00000E+00 0.00000 
    2    2    1    1    1    1    1    1    1    1  0.00000E+00 0.00000 
    3    3    1    1    1    1    1    1    1    1  0.00000E+00 0.00000 
    4    4    1    1    1    1    1    1    1    1  0.00000E+00 0.00000 
    5    5    1    1    1    1    1    1    1    1  0.00000E+00 0.00000 
    6    6    1    1    1    1    1    1    1    1  0.00000E+00 0.00000 
    7    7    1    1    1    1    1    1    1    1  0.00000E+00 0.00000 
    8    8    1    1    1    1    1    1    1    1  1.32947E+07 1.00000 
    9    9    1    1    1    1    1    1    1    1  0.00000E+00 0.00000 
   10   10    1    1    1    1    1    1    1    1  0.00000E+00 0.00000 
   11   11    1    1    1    1    1    1    1    1  3.89379E+07 1.00000 
   12   12    1    1    1    1    1    1    1    1  0.00000E+00 0.00000 
   13   13    1    1    1    1    1    1    1    1  1.68212E+08 0.73589 
   14   14    1    1    1    1    1    1    1    1  2.30769E+08 0.78162 
   15   15    1    1    1    1    1    1    1    1  2.92045E+08 0.81593 
   16   16    1    1    1    1    1    1    1    1  3.86917E+08 0.59444 
   17   17    1    1    1    1    1    1    1    1  5.37485E+08 0.47530 
   18   18    1    1    1    1    1    1    1    1  1.40026E+09 0.39238 
   19   19    1    1    1    1    1    1    1    1  1.42692E+09 0.34554 
   20   20    1    1    1    1    1    1    1    1  5.79999E+09 0.21446 
   21   21    1    1    1    1    1    1    1    1  5.52951E+09 0.16807 
   22   22    1    1    1    1    1    1    1    1  1.17578E+10 0.13766 
   23   23    1    1    1    1    1    1    1    1  1.75134E+10 0.14951 
   24   24    1    1    1    1    1    1    1    1  3.79429E+10 0.08267 
   25   25    1    1    1    1    1    1    1    1  5.62058E+10 0.07764 
   26   26    1    1    1    1    1    1    1    1  1.16105E+11 0.05011 
   27   27    1    1    1    1    1    1    1    1  2.53025E+11 0.02374 
   28   28    1    1    1    1    1    1    1    1  6.29839E+11 0.01887 
   29   29    1    1    1    1    1    1    1    1  1.11919E+12 0.01519 
   30   30    1    1    1    1    1    1    1    1  2.68312E+12 0.01174 
   31   31    1    1    1    1    1    1    1    1  7.37002E+12 0.00791 
   32   32    1    1    1    1    1    1    1    1  1.26745E+13 0.00528 
   33   33    1    1    1    1    1    1    1    1  2.87857E+13 0.00326 
   34   34    1    1    1    1    1    1    1    1  3.89749E+13 0.00274 
   35   35    1    1    1    1    1    1    1    1  4.48762E+13 0.00215 
   36   36    1    1    1    1    1    1    1    1  2.83307E+13 0.00253 
   37   37    1    1    1    1    1    1    1    1  8.43188E+12 0.00225 
   38   38    1    1    1    1    1    1    1    1  4.83110E+13 0.00210 
   39   39    1    1    1    1    1    1    1    1  6.50894E+13 0.00169 
   40   40    1    1    1    1    1    1    1    1  1.12006E+14 0.00174 
   41   41    1    1    1    1    1    1    1    1  1.10013E+14 0.00156 
   42   42    1    1    1    1    1    1    1    1  2.38960E+14 0.00130 
   43   43    1    1    1    1    1    1    1    1  2.90679E+14 0.00100 
   44   44    1    1    1    1    1    1    1    1  4.22250E+14 0.00090 
   45   45    1    1    1    1    1    1    1    1  8.49113E+14 0.00063 
   46   46    1    1    1    1    1    1    1    1  3.91026E+14 0.00054 
   47   47    1    1    1    1    1    1    1    1  6.26534E+14 0.00059 
   48   48    1    1    1    1    1    1    1    1  8.72682E+14 0.00059 
   49   49    1    1    1    1    1    1    1    1  8.62433E+14 0.00047 
   50   50    1    1    1    1    1    1    1    1  1.36311E+15 0.00049 
   51   51    1    1    1    1    1    1    1    1  1.07331E+15 0.00058 
   52   52    1    1    1    1    1    1    1    1  1.30043E+15 0.00067 
   53   53    1    1    1    1    1    1    1    1  9.02522E+14 0.00053 
   54   54    1    1    1    1    1    1    1    1  1.12393E+15 0.00050 
   55   55    1    1    1    1    1    1    1    1  7.73685E+14 0.00061 
   56   56    1    1    1    1    1    1    1    1  1.04784E+14 0.00090 
   57   57    1    1    1    1    1    1    1    1  1.53931E+15 0.00062 
   58   58    1    1    1    1    1    1    1    1  7.02376E+14 0.00056 
   59   59    1    1    1    1    1    1    1    1  7.44998E+14 0.00051 
   60   60    1    1    1    1    1    1    1    1  5.90921E+14 0.00073 
   61   61    1    1    1    1    1    1    1    1  5.91927E+14 0.00062 
   62   62    1    1    1    1    1    1    1    1  6.18568E+14 0.00059 
   63   63    1    1    1    1    1    1    1    1  5.24350E+14 0.00037 
   64   64    1    1    1    1    1    1    1    1  4.18434E+14 0.00094 
   65   65    1    1    1    1    1    1    1    1  4.16883E+14 0.00086 
   66   66    1    1    1    1    1    1    1    1  3.02053E+14 0.00088 
   67   67    1    1    1    1    1    1    1    1  2.44600E+14 0.00093 
   68   68    1    1    1    1    1    1    1    1  2.18870E+14 0.00120 
   69   69    1    1    1    1    1    1    1    1  2.62442E+14 0.00125 
   70   70    1    1    1    1    1    1    1    1  2.23594E+14 0.00130 
   71   71    1    1    1    1    1    1    1    1  4.03384E+14 0.00100 
   72   72    1    1    1    1    1    1    1    1  2.85296E+14 0.00110 
   73   73    1    1    1    1    1    1    1    1  2.15400E+14 0.00099 
   74   74    1    1    1    1    1    1    1    1  1.75420E+14 0.00099 
   75   75    1    1    1    1    1    1    1    1  1.47089E+14 0.00123 
   76   76    1    1    1    1    1    1    1    1  1.72594E+14 0.00107 
   77   77    1    1    1    1    1    1    1    1  1.38161E+14 0.00131 
   78   78    1    1    1    1    1    1    1    1  1.10849E+14 0.00103 
   79   79    1    1    1    1    1    1    1    1  1.14877E+14 0.00150 
   80   80    1    1    1    1    1    1    1    1  8.55485E+13 0.00179 
   81   81    1    1    1    1    1    1    1    1  6.61033E+13 0.00189 
   82   82    1    1    1    1    1    1    1    1  5.08960E+13 0.00229 
   83   83    1    1    1    1    1    1    1    1  4.74961E+13 0.00229 
   84   84    1    1    1    1    1    1    1    1  3.40772E+13 0.00270 
   85   85    1    1    1    1    1    1    1    1  2.45594E+13 0.00370 
   86   86    1    1    1    1    1    1    1    1  2.29740E+13 0.00338 
   87   87    1    1    1    1    1    1    1    1  1.41436E+13 0.00472 
   88   88    1    1    1    1    1    1    1    1  9.49109E+12 0.00397 
   89   89    1    1    1    1    1    1    1    1  5.42584E+12 0.00830 
   90   90    1    1    1    1    1    1    1    1  3.52312E+12 0.00782 
   91   91    1    1    1    1    1    1    1    1  1.81053E+12 0.01112 
   92   92    1    1    1    1    1    1    1    1  8.85305E+11 0.01831 
   93   93    1    1    1    1    1    1    1    1  4.21578E+11 0.02533 
   94   94    1    1    1    1    1    1    1    1  2.07795E+11 0.03644 
   95   95    1    1    1    1    1    1    1    1  1.01559E+11 0.05376 
   96   96    1    1    1    1    1    1    1    1  4.47036E+10 0.06938 
   97   97    1    1    1    1    1    1    1    1  2.29947E+10 0.09937 
   98   98    1    1    1    1    1    1    1    1  1.33250E+10 0.14086 
   99   99    1    1    1    1    1    1    1    1  4.98595E+09 0.30452 
  100  100    1    1    1    1    1    1    1    1  4.60113E+09 0.21197 
];


