
DETdpaspec = [
    1    1    1    1    1    1    1    1    1    1  0.00000E+00 0.00000 
    2    2    1    1    1    1    1    1    1    1  0.00000E+00 0.00000 
    3    3    1    1    1    1    1    1    1    1  0.00000E+00 0.00000 
    4    4    1    1    1    1    1    1    1    1  0.00000E+00 0.00000 
    5    5    1    1    1    1    1    1    1    1  0.00000E+00 0.00000 
    6    6    1    1    1    1    1    1    1    1  2.14438E+07 1.00000 
    7    7    1    1    1    1    1    1    1    1  0.00000E+00 0.00000 
    8    8    1    1    1    1    1    1    1    1  0.00000E+00 0.00000 
    9    9    1    1    1    1    1    1    1    1  0.00000E+00 0.00000 
   10   10    1    1    1    1    1    1    1    1  0.00000E+00 0.00000 
   11   11    1    1    1    1    1    1    1    1  0.00000E+00 0.00000 
   12   12    1    1    1    1    1    1    1    1  0.00000E+00 0.00000 
   13   13    1    1    1    1    1    1    1    1  5.18904E+07 1.00000 
   14   14    1    1    1    1    1    1    1    1  3.19829E+08 0.72289 
   15   15    1    1    1    1    1    1    1    1  1.00699E+09 0.89383 
   16   16    1    1    1    1    1    1    1    1  2.15650E+08 1.00000 
   17   17    1    1    1    1    1    1    1    1  4.77287E+08 0.59557 
   18   18    1    1    1    1    1    1    1    1  2.24988E+09 0.46515 
   19   19    1    1    1    1    1    1    1    1  7.24985E+08 0.45081 
   20   20    1    1    1    1    1    1    1    1  2.91089E+09 0.34777 
   21   21    1    1    1    1    1    1    1    1  3.32857E+09 0.25971 
   22   22    1    1    1    1    1    1    1    1  1.59962E+10 0.12294 
   23   23    1    1    1    1    1    1    1    1  5.60347E+10 0.07844 
   24   24    1    1    1    1    1    1    1    1  1.95578E+11 0.02624 
   25   25    1    1    1    1    1    1    1    1  3.11814E+11 0.02392 
   26   26    1    1    1    1    1    1    1    1  6.67424E+11 0.02315 
   27   27    1    1    1    1    1    1    1    1  1.34349E+12 0.01849 
   28   28    1    1    1    1    1    1    1    1  2.67051E+12 0.01149 
   29   29    1    1    1    1    1    1    1    1  4.23649E+12 0.00738 
   30   30    1    1    1    1    1    1    1    1  8.25513E+12 0.00631 
   31   31    1    1    1    1    1    1    1    1  1.72964E+13 0.00462 
   32   32    1    1    1    1    1    1    1    1  2.56167E+13 0.00352 
   33   33    1    1    1    1    1    1    1    1  5.12466E+13 0.00225 
   34   34    1    1    1    1    1    1    1    1  6.32276E+13 0.00165 
   35   35    1    1    1    1    1    1    1    1  6.47248E+13 0.00123 
   36   36    1    1    1    1    1    1    1    1  3.84552E+13 0.00146 
   37   37    1    1    1    1    1    1    1    1  1.11802E+13 0.00178 
   38   38    1    1    1    1    1    1    1    1  6.41095E+13 0.00136 
   39   39    1    1    1    1    1    1    1    1  8.45925E+13 0.00157 
   40   40    1    1    1    1    1    1    1    1  1.42834E+14 0.00119 
   41   41    1    1    1    1    1    1    1    1  1.36912E+14 0.00119 
   42   42    1    1    1    1    1    1    1    1  2.94430E+14 0.00136 
   43   43    1    1    1    1    1    1    1    1  3.51252E+14 0.00091 
   44   44    1    1    1    1    1    1    1    1  4.98724E+14 0.00092 
   45   45    1    1    1    1    1    1    1    1  9.75322E+14 0.00074 
   46   46    1    1    1    1    1    1    1    1  4.34868E+14 0.00081 
   47   47    1    1    1    1    1    1    1    1  6.87077E+14 0.00064 
   48   48    1    1    1    1    1    1    1    1  9.39325E+14 0.00068 
   49   49    1    1    1    1    1    1    1    1  9.13133E+14 0.00044 
   50   50    1    1    1    1    1    1    1    1  1.42379E+15 0.00049 
   51   51    1    1    1    1    1    1    1    1  1.09577E+15 0.00058 
   52   52    1    1    1    1    1    1    1    1  1.32152E+15 0.00054 
   53   53    1    1    1    1    1    1    1    1  9.02724E+14 0.00058 
   54   54    1    1    1    1    1    1    1    1  1.11991E+15 0.00081 
   55   55    1    1    1    1    1    1    1    1  7.63605E+14 0.00065 
   56   56    1    1    1    1    1    1    1    1  1.03053E+14 0.00096 
   57   57    1    1    1    1    1    1    1    1  1.50428E+15 0.00030 
   58   58    1    1    1    1    1    1    1    1  6.86260E+14 0.00070 
   59   59    1    1    1    1    1    1    1    1  7.21518E+14 0.00067 
   60   60    1    1    1    1    1    1    1    1  5.71907E+14 0.00059 
   61   61    1    1    1    1    1    1    1    1  5.69381E+14 0.00076 
   62   62    1    1    1    1    1    1    1    1  5.91787E+14 0.00081 
   63   63    1    1    1    1    1    1    1    1  4.99157E+14 0.00065 
   64   64    1    1    1    1    1    1    1    1  3.96462E+14 0.00095 
   65   65    1    1    1    1    1    1    1    1  3.93644E+14 0.00103 
   66   66    1    1    1    1    1    1    1    1  2.83407E+14 0.00128 
   67   67    1    1    1    1    1    1    1    1  2.28632E+14 0.00097 
   68   68    1    1    1    1    1    1    1    1  2.03665E+14 0.00127 
   69   69    1    1    1    1    1    1    1    1  2.43425E+14 0.00148 
   70   70    1    1    1    1    1    1    1    1  2.06056E+14 0.00095 
   71   71    1    1    1    1    1    1    1    1  3.66059E+14 0.00090 
   72   72    1    1    1    1    1    1    1    1  2.57217E+14 0.00109 
   73   73    1    1    1    1    1    1    1    1  1.94261E+14 0.00143 
   74   74    1    1    1    1    1    1    1    1  1.57897E+14 0.00131 
   75   75    1    1    1    1    1    1    1    1  1.32924E+14 0.00182 
   76   76    1    1    1    1    1    1    1    1  1.55838E+14 0.00129 
   77   77    1    1    1    1    1    1    1    1  1.24771E+14 0.00172 
   78   78    1    1    1    1    1    1    1    1  1.00271E+14 0.00224 
   79   79    1    1    1    1    1    1    1    1  1.03987E+14 0.00201 
   80   80    1    1    1    1    1    1    1    1  7.70656E+13 0.00154 
   81   81    1    1    1    1    1    1    1    1  5.93564E+13 0.00184 
   82   82    1    1    1    1    1    1    1    1  4.52316E+13 0.00165 
   83   83    1    1    1    1    1    1    1    1  4.23216E+13 0.00234 
   84   84    1    1    1    1    1    1    1    1  3.04682E+13 0.00257 
   85   85    1    1    1    1    1    1    1    1  2.16881E+13 0.00317 
   86   86    1    1    1    1    1    1    1    1  2.01951E+13 0.00305 
   87   87    1    1    1    1    1    1    1    1  1.23942E+13 0.00316 
   88   88    1    1    1    1    1    1    1    1  8.23487E+12 0.00601 
   89   89    1    1    1    1    1    1    1    1  4.61286E+12 0.00806 
   90   90    1    1    1    1    1    1    1    1  3.05363E+12 0.00830 
   91   91    1    1    1    1    1    1    1    1  1.51366E+12 0.01140 
   92   92    1    1    1    1    1    1    1    1  7.18650E+11 0.02053 
   93   93    1    1    1    1    1    1    1    1  3.27922E+11 0.03035 
   94   94    1    1    1    1    1    1    1    1  1.59453E+11 0.03591 
   95   95    1    1    1    1    1    1    1    1  7.25505E+10 0.04286 
   96   96    1    1    1    1    1    1    1    1  4.13904E+10 0.07194 
   97   97    1    1    1    1    1    1    1    1  1.42752E+10 0.13930 
   98   98    1    1    1    1    1    1    1    1  8.19986E+09 0.16353 
   99   99    1    1    1    1    1    1    1    1  3.55038E+09 0.22555 
  100  100    1    1    1    1    1    1    1    1  3.17129E+09 0.21894 
];


