
DETdpaspec = [
    1    1    1    1    1    1    1    1    1    1  0.00000E+00 0.00000 
    2    2    1    1    1    1    1    1    1    1  0.00000E+00 0.00000 
    3    3    1    1    1    1    1    1    1    1  0.00000E+00 0.00000 
    4    4    1    1    1    1    1    1    1    1  0.00000E+00 0.00000 
    5    5    1    1    1    1    1    1    1    1  0.00000E+00 0.00000 
    6    6    1    1    1    1    1    1    1    1  0.00000E+00 0.00000 
    7    7    1    1    1    1    1    1    1    1  0.00000E+00 0.00000 
    8    8    1    1    1    1    1    1    1    1  0.00000E+00 0.00000 
    9    9    1    1    1    1    1    1    1    1  0.00000E+00 0.00000 
   10   10    1    1    1    1    1    1    1    1  0.00000E+00 0.00000 
   11   11    1    1    1    1    1    1    1    1  0.00000E+00 0.00000 
   12   12    1    1    1    1    1    1    1    1  5.11847E+07 1.00000 
   13   13    1    1    1    1    1    1    1    1  0.00000E+00 0.00000 
   14   14    1    1    1    1    1    1    1    1  6.11624E+08 0.53501 
   15   15    1    1    1    1    1    1    1    1  1.27922E+09 0.39534 
   16   16    1    1    1    1    1    1    1    1  4.26076E+08 0.47238 
   17   17    1    1    1    1    1    1    1    1  6.84432E+08 0.47976 
   18   18    1    1    1    1    1    1    1    1  1.70623E+09 0.41506 
   19   19    1    1    1    1    1    1    1    1  1.15845E+09 0.38874 
   20   20    1    1    1    1    1    1    1    1  5.89524E+09 0.18245 
   21   21    1    1    1    1    1    1    1    1  5.29209E+09 0.18005 
   22   22    1    1    1    1    1    1    1    1  1.33525E+10 0.12778 
   23   23    1    1    1    1    1    1    1    1  1.62691E+10 0.09896 
   24   24    1    1    1    1    1    1    1    1  3.62214E+10 0.08116 
   25   25    1    1    1    1    1    1    1    1  5.00704E+10 0.06405 
   26   26    1    1    1    1    1    1    1    1  9.10912E+10 0.05480 
   27   27    1    1    1    1    1    1    1    1  1.88584E+11 0.05301 
   28   28    1    1    1    1    1    1    1    1  4.47245E+11 0.02113 
   29   29    1    1    1    1    1    1    1    1  7.93553E+11 0.01534 
   30   30    1    1    1    1    1    1    1    1  2.08055E+12 0.01155 
   31   31    1    1    1    1    1    1    1    1  5.97127E+12 0.00830 
   32   32    1    1    1    1    1    1    1    1  1.06049E+13 0.00516 
   33   33    1    1    1    1    1    1    1    1  2.46827E+13 0.00310 
   34   34    1    1    1    1    1    1    1    1  3.42623E+13 0.00283 
   35   35    1    1    1    1    1    1    1    1  4.06643E+13 0.00259 
   36   36    1    1    1    1    1    1    1    1  2.63375E+13 0.00220 
   37   37    1    1    1    1    1    1    1    1  7.86693E+12 0.00279 
   38   38    1    1    1    1    1    1    1    1  4.49779E+13 0.00201 
   39   39    1    1    1    1    1    1    1    1  6.07144E+13 0.00174 
   40   40    1    1    1    1    1    1    1    1  1.04828E+14 0.00197 
   41   41    1    1    1    1    1    1    1    1  1.04337E+14 0.00201 
   42   42    1    1    1    1    1    1    1    1  2.26149E+14 0.00130 
   43   43    1    1    1    1    1    1    1    1  2.76632E+14 0.00134 
   44   44    1    1    1    1    1    1    1    1  4.03284E+14 0.00100 
   45   45    1    1    1    1    1    1    1    1  8.14174E+14 0.00067 
   46   46    1    1    1    1    1    1    1    1  3.77868E+14 0.00086 
   47   47    1    1    1    1    1    1    1    1  6.08113E+14 0.00091 
   48   48    1    1    1    1    1    1    1    1  8.51222E+14 0.00063 
   49   49    1    1    1    1    1    1    1    1  8.45232E+14 0.00075 
   50   50    1    1    1    1    1    1    1    1  1.33875E+15 0.00062 
   51   51    1    1    1    1    1    1    1    1  1.06117E+15 0.00058 
   52   52    1    1    1    1    1    1    1    1  1.28704E+15 0.00069 
   53   53    1    1    1    1    1    1    1    1  8.95840E+14 0.00047 
   54   54    1    1    1    1    1    1    1    1  1.11525E+15 0.00049 
   55   55    1    1    1    1    1    1    1    1  7.69308E+14 0.00059 
   56   56    1    1    1    1    1    1    1    1  1.04430E+14 0.00095 
   57   57    1    1    1    1    1    1    1    1  1.53469E+15 0.00059 
   58   58    1    1    1    1    1    1    1    1  6.98617E+14 0.00072 
   59   59    1    1    1    1    1    1    1    1  7.43916E+14 0.00060 
   60   60    1    1    1    1    1    1    1    1  5.88513E+14 0.00056 
   61   61    1    1    1    1    1    1    1    1  5.90351E+14 0.00067 
   62   62    1    1    1    1    1    1    1    1  6.17123E+14 0.00091 
   63   63    1    1    1    1    1    1    1    1  5.23087E+14 0.00079 
   64   64    1    1    1    1    1    1    1    1  4.18626E+14 0.00075 
   65   65    1    1    1    1    1    1    1    1  4.17560E+14 0.00093 
   66   66    1    1    1    1    1    1    1    1  3.02392E+14 0.00092 
   67   67    1    1    1    1    1    1    1    1  2.45940E+14 0.00059 
   68   68    1    1    1    1    1    1    1    1  2.19863E+14 0.00101 
   69   69    1    1    1    1    1    1    1    1  2.64086E+14 0.00119 
   70   70    1    1    1    1    1    1    1    1  2.25129E+14 0.00137 
   71   71    1    1    1    1    1    1    1    1  4.07258E+14 0.00093 
   72   72    1    1    1    1    1    1    1    1  2.89131E+14 0.00103 
   73   73    1    1    1    1    1    1    1    1  2.18502E+14 0.00102 
   74   74    1    1    1    1    1    1    1    1  1.77121E+14 0.00111 
   75   75    1    1    1    1    1    1    1    1  1.48578E+14 0.00124 
   76   76    1    1    1    1    1    1    1    1  1.74026E+14 0.00146 
   77   77    1    1    1    1    1    1    1    1  1.38899E+14 0.00103 
   78   78    1    1    1    1    1    1    1    1  1.11594E+14 0.00161 
   79   79    1    1    1    1    1    1    1    1  1.15786E+14 0.00108 
   80   80    1    1    1    1    1    1    1    1  8.57435E+13 0.00169 
   81   81    1    1    1    1    1    1    1    1  6.60807E+13 0.00198 
   82   82    1    1    1    1    1    1    1    1  5.08661E+13 0.00264 
   83   83    1    1    1    1    1    1    1    1  4.75545E+13 0.00282 
   84   84    1    1    1    1    1    1    1    1  3.43557E+13 0.00279 
   85   85    1    1    1    1    1    1    1    1  2.45669E+13 0.00449 
   86   86    1    1    1    1    1    1    1    1  2.29972E+13 0.00389 
   87   87    1    1    1    1    1    1    1    1  1.41080E+13 0.00410 
   88   88    1    1    1    1    1    1    1    1  9.53876E+12 0.00526 
   89   89    1    1    1    1    1    1    1    1  5.49444E+12 0.00801 
   90   90    1    1    1    1    1    1    1    1  3.61782E+12 0.00942 
   91   91    1    1    1    1    1    1    1    1  1.81667E+12 0.01162 
   92   92    1    1    1    1    1    1    1    1  8.67159E+11 0.02211 
   93   93    1    1    1    1    1    1    1    1  4.26880E+11 0.02918 
   94   94    1    1    1    1    1    1    1    1  2.06639E+11 0.03818 
   95   95    1    1    1    1    1    1    1    1  9.01613E+10 0.05423 
   96   96    1    1    1    1    1    1    1    1  3.89716E+10 0.08508 
   97   97    1    1    1    1    1    1    1    1  2.26161E+10 0.12283 
   98   98    1    1    1    1    1    1    1    1  1.05427E+10 0.14426 
   99   99    1    1    1    1    1    1    1    1  7.37231E+09 0.18200 
  100  100    1    1    1    1    1    1    1    1  3.98415E+09 0.23505 
];


