
DETdpaspec = [
    1    1    1    1    1    1    1    1    1    1  0.00000E+00 0.00000 
    2    2    1    1    1    1    1    1    1    1  0.00000E+00 0.00000 
    3    3    1    1    1    1    1    1    1    1  0.00000E+00 0.00000 
    4    4    1    1    1    1    1    1    1    1  0.00000E+00 0.00000 
    5    5    1    1    1    1    1    1    1    1  0.00000E+00 0.00000 
    6    6    1    1    1    1    1    1    1    1  0.00000E+00 0.00000 
    7    7    1    1    1    1    1    1    1    1  0.00000E+00 0.00000 
    8    8    1    1    1    1    1    1    1    1  0.00000E+00 0.00000 
    9    9    1    1    1    1    1    1    1    1  0.00000E+00 0.00000 
   10   10    1    1    1    1    1    1    1    1  0.00000E+00 0.00000 
   11   11    1    1    1    1    1    1    1    1  0.00000E+00 0.00000 
   12   12    1    1    1    1    1    1    1    1  0.00000E+00 0.00000 
   13   13    1    1    1    1    1    1    1    1  5.35603E+08 1.00000 
   14   14    1    1    1    1    1    1    1    1  6.57815E+08 0.44246 
   15   15    1    1    1    1    1    1    1    1  8.98509E+08 0.86791 
   16   16    1    1    1    1    1    1    1    1  6.09882E+08 0.40777 
   17   17    1    1    1    1    1    1    1    1  3.01490E+08 0.54108 
   18   18    1    1    1    1    1    1    1    1  1.62576E+09 0.37661 
   19   19    1    1    1    1    1    1    1    1  2.31164E+09 0.28142 
   20   20    1    1    1    1    1    1    1    1  5.89229E+09 0.15579 
   21   21    1    1    1    1    1    1    1    1  5.63883E+09 0.17530 
   22   22    1    1    1    1    1    1    1    1  9.81470E+09 0.12591 
   23   23    1    1    1    1    1    1    1    1  2.10685E+10 0.12804 
   24   24    1    1    1    1    1    1    1    1  3.91158E+10 0.07109 
   25   25    1    1    1    1    1    1    1    1  6.58386E+10 0.06756 
   26   26    1    1    1    1    1    1    1    1  1.38357E+11 0.05011 
   27   27    1    1    1    1    1    1    1    1  3.08059E+11 0.03118 
   28   28    1    1    1    1    1    1    1    1  7.48985E+11 0.01721 
   29   29    1    1    1    1    1    1    1    1  1.32529E+12 0.01866 
   30   30    1    1    1    1    1    1    1    1  3.12822E+12 0.01015 
   31   31    1    1    1    1    1    1    1    1  8.30786E+12 0.00623 
   32   32    1    1    1    1    1    1    1    1  1.38087E+13 0.00633 
   33   33    1    1    1    1    1    1    1    1  3.10149E+13 0.00401 
   34   34    1    1    1    1    1    1    1    1  4.18332E+13 0.00261 
   35   35    1    1    1    1    1    1    1    1  4.71027E+13 0.00201 
   36   36    1    1    1    1    1    1    1    1  2.95465E+13 0.00210 
   37   37    1    1    1    1    1    1    1    1  8.74780E+12 0.00129 
   38   38    1    1    1    1    1    1    1    1  5.02111E+13 0.00161 
   39   39    1    1    1    1    1    1    1    1  6.72533E+13 0.00167 
   40   40    1    1    1    1    1    1    1    1  1.15948E+14 0.00173 
   41   41    1    1    1    1    1    1    1    1  1.13547E+14 0.00127 
   42   42    1    1    1    1    1    1    1    1  2.46179E+14 0.00091 
   43   43    1    1    1    1    1    1    1    1  2.98575E+14 0.00089 
   44   44    1    1    1    1    1    1    1    1  4.32408E+14 0.00089 
   45   45    1    1    1    1    1    1    1    1  8.66060E+14 0.00057 
   46   46    1    1    1    1    1    1    1    1  3.97192E+14 0.00070 
   47   47    1    1    1    1    1    1    1    1  6.34606E+14 0.00055 
   48   48    1    1    1    1    1    1    1    1  8.83634E+14 0.00050 
   49   49    1    1    1    1    1    1    1    1  8.69488E+14 0.00067 
   50   50    1    1    1    1    1    1    1    1  1.37263E+15 0.00042 
   51   51    1    1    1    1    1    1    1    1  1.07711E+15 0.00050 
   52   52    1    1    1    1    1    1    1    1  1.30644E+15 0.00053 
   53   53    1    1    1    1    1    1    1    1  9.04450E+14 0.00061 
   54   54    1    1    1    1    1    1    1    1  1.12795E+15 0.00064 
   55   55    1    1    1    1    1    1    1    1  7.74530E+14 0.00055 
   56   56    1    1    1    1    1    1    1    1  1.04824E+14 0.00111 
   57   57    1    1    1    1    1    1    1    1  1.53877E+15 0.00048 
   58   58    1    1    1    1    1    1    1    1  7.03486E+14 0.00059 
   59   59    1    1    1    1    1    1    1    1  7.45015E+14 0.00089 
   60   60    1    1    1    1    1    1    1    1  5.90550E+14 0.00064 
   61   61    1    1    1    1    1    1    1    1  5.90836E+14 0.00072 
   62   62    1    1    1    1    1    1    1    1  6.16901E+14 0.00082 
   63   63    1    1    1    1    1    1    1    1  5.22201E+14 0.00075 
   64   64    1    1    1    1    1    1    1    1  4.17003E+14 0.00078 
   65   65    1    1    1    1    1    1    1    1  4.15347E+14 0.00076 
   66   66    1    1    1    1    1    1    1    1  3.00402E+14 0.00089 
   67   67    1    1    1    1    1    1    1    1  2.43558E+14 0.00104 
   68   68    1    1    1    1    1    1    1    1  2.17446E+14 0.00125 
   69   69    1    1    1    1    1    1    1    1  2.60705E+14 0.00078 
   70   70    1    1    1    1    1    1    1    1  2.21781E+14 0.00135 
   71   71    1    1    1    1    1    1    1    1  4.00185E+14 0.00084 
   72   72    1    1    1    1    1    1    1    1  2.82544E+14 0.00128 
   73   73    1    1    1    1    1    1    1    1  2.13817E+14 0.00154 
   74   74    1    1    1    1    1    1    1    1  1.73751E+14 0.00132 
   75   75    1    1    1    1    1    1    1    1  1.45806E+14 0.00117 
   76   76    1    1    1    1    1    1    1    1  1.71305E+14 0.00154 
   77   77    1    1    1    1    1    1    1    1  1.37271E+14 0.00149 
   78   78    1    1    1    1    1    1    1    1  1.10119E+14 0.00167 
   79   79    1    1    1    1    1    1    1    1  1.14328E+14 0.00162 
   80   80    1    1    1    1    1    1    1    1  8.48996E+13 0.00120 
   81   81    1    1    1    1    1    1    1    1  6.56069E+13 0.00132 
   82   82    1    1    1    1    1    1    1    1  5.03269E+13 0.00264 
   83   83    1    1    1    1    1    1    1    1  4.68978E+13 0.00243 
   84   84    1    1    1    1    1    1    1    1  3.37099E+13 0.00304 
   85   85    1    1    1    1    1    1    1    1  2.43683E+13 0.00250 
   86   86    1    1    1    1    1    1    1    1  2.28653E+13 0.00431 
   87   87    1    1    1    1    1    1    1    1  1.39595E+13 0.00413 
   88   88    1    1    1    1    1    1    1    1  9.33106E+12 0.00522 
   89   89    1    1    1    1    1    1    1    1  5.35460E+12 0.00819 
   90   90    1    1    1    1    1    1    1    1  3.54061E+12 0.01059 
   91   91    1    1    1    1    1    1    1    1  1.75939E+12 0.01171 
   92   92    1    1    1    1    1    1    1    1  8.45932E+11 0.01748 
   93   93    1    1    1    1    1    1    1    1  4.20283E+11 0.02586 
   94   94    1    1    1    1    1    1    1    1  1.89252E+11 0.03076 
   95   95    1    1    1    1    1    1    1    1  9.53514E+10 0.04506 
   96   96    1    1    1    1    1    1    1    1  4.28735E+10 0.07363 
   97   97    1    1    1    1    1    1    1    1  1.94641E+10 0.09322 
   98   98    1    1    1    1    1    1    1    1  1.58002E+10 0.13131 
   99   99    1    1    1    1    1    1    1    1  4.32379E+09 0.20950 
  100  100    1    1    1    1    1    1    1    1  5.29268E+09 0.22850 
];


