
DETdpaspec = [
    1    1    1    1    1    1    1    1    1    1  0.00000E+00 0.00000 
    2    2    1    1    1    1    1    1    1    1  0.00000E+00 0.00000 
    3    3    1    1    1    1    1    1    1    1  0.00000E+00 0.00000 
    4    4    1    1    1    1    1    1    1    1  0.00000E+00 0.00000 
    5    5    1    1    1    1    1    1    1    1  0.00000E+00 0.00000 
    6    6    1    1    1    1    1    1    1    1  0.00000E+00 0.00000 
    7    7    1    1    1    1    1    1    1    1  0.00000E+00 0.00000 
    8    8    1    1    1    1    1    1    1    1  0.00000E+00 0.00000 
    9    9    1    1    1    1    1    1    1    1  0.00000E+00 0.00000 
   10   10    1    1    1    1    1    1    1    1  0.00000E+00 0.00000 
   11   11    1    1    1    1    1    1    1    1  9.43749E+07 1.00000 
   12   12    1    1    1    1    1    1    1    1  4.46334E+07 0.94812 
   13   13    1    1    1    1    1    1    1    1  2.16615E+08 1.00000 
   14   14    1    1    1    1    1    1    1    1  2.80113E+08 0.70066 
   15   15    1    1    1    1    1    1    1    1  4.06807E+08 0.69661 
   16   16    1    1    1    1    1    1    1    1  4.47516E+08 0.57701 
   17   17    1    1    1    1    1    1    1    1  1.33748E+09 0.28979 
   18   18    1    1    1    1    1    1    1    1  1.29675E+09 0.30825 
   19   19    1    1    1    1    1    1    1    1  2.26002E+09 0.34323 
   20   20    1    1    1    1    1    1    1    1  6.09349E+09 0.23113 
   21   21    1    1    1    1    1    1    1    1  5.58295E+09 0.15189 
   22   22    1    1    1    1    1    1    1    1  1.06428E+10 0.11710 
   23   23    1    1    1    1    1    1    1    1  1.91514E+10 0.10346 
   24   24    1    1    1    1    1    1    1    1  3.80525E+10 0.08532 
   25   25    1    1    1    1    1    1    1    1  4.43055E+10 0.08349 
   26   26    1    1    1    1    1    1    1    1  7.79533E+10 0.03101 
   27   27    1    1    1    1    1    1    1    1  1.77337E+11 0.03644 
   28   28    1    1    1    1    1    1    1    1  4.12665E+11 0.02624 
   29   29    1    1    1    1    1    1    1    1  7.18781E+11 0.01904 
   30   30    1    1    1    1    1    1    1    1  1.89378E+12 0.01570 
   31   31    1    1    1    1    1    1    1    1  5.59253E+12 0.00600 
   32   32    1    1    1    1    1    1    1    1  9.94181E+12 0.00513 
   33   33    1    1    1    1    1    1    1    1  2.35026E+13 0.00327 
   34   34    1    1    1    1    1    1    1    1  3.27300E+13 0.00306 
   35   35    1    1    1    1    1    1    1    1  3.95429E+13 0.00254 
   36   36    1    1    1    1    1    1    1    1  2.56302E+13 0.00248 
   37   37    1    1    1    1    1    1    1    1  7.68309E+12 0.00245 
   38   38    1    1    1    1    1    1    1    1  4.38675E+13 0.00229 
   39   39    1    1    1    1    1    1    1    1  5.94457E+13 0.00237 
   40   40    1    1    1    1    1    1    1    1  1.02767E+14 0.00138 
   41   41    1    1    1    1    1    1    1    1  1.02476E+14 0.00141 
   42   42    1    1    1    1    1    1    1    1  2.22301E+14 0.00145 
   43   43    1    1    1    1    1    1    1    1  2.71475E+14 0.00100 
   44   44    1    1    1    1    1    1    1    1  3.96987E+14 0.00104 
   45   45    1    1    1    1    1    1    1    1  8.04148E+14 0.00098 
   46   46    1    1    1    1    1    1    1    1  3.74435E+14 0.00095 
   47   47    1    1    1    1    1    1    1    1  6.02633E+14 0.00067 
   48   48    1    1    1    1    1    1    1    1  8.46642E+14 0.00086 
   49   49    1    1    1    1    1    1    1    1  8.40498E+14 0.00058 
   50   50    1    1    1    1    1    1    1    1  1.33320E+15 0.00065 
   51   51    1    1    1    1    1    1    1    1  1.05944E+15 0.00055 
   52   52    1    1    1    1    1    1    1    1  1.28381E+15 0.00060 
   53   53    1    1    1    1    1    1    1    1  8.95612E+14 0.00068 
   54   54    1    1    1    1    1    1    1    1  1.11385E+15 0.00052 
   55   55    1    1    1    1    1    1    1    1  7.68370E+14 0.00050 
   56   56    1    1    1    1    1    1    1    1  1.04256E+14 0.00111 
   57   57    1    1    1    1    1    1    1    1  1.53234E+15 0.00065 
   58   58    1    1    1    1    1    1    1    1  6.96826E+14 0.00078 
   59   59    1    1    1    1    1    1    1    1  7.42476E+14 0.00058 
   60   60    1    1    1    1    1    1    1    1  5.86897E+14 0.00084 
   61   61    1    1    1    1    1    1    1    1  5.89115E+14 0.00070 
   62   62    1    1    1    1    1    1    1    1  6.16052E+14 0.00079 
   63   63    1    1    1    1    1    1    1    1  5.22055E+14 0.00082 
   64   64    1    1    1    1    1    1    1    1  4.17624E+14 0.00083 
   65   65    1    1    1    1    1    1    1    1  4.16975E+14 0.00087 
   66   66    1    1    1    1    1    1    1    1  3.02152E+14 0.00088 
   67   67    1    1    1    1    1    1    1    1  2.45545E+14 0.00103 
   68   68    1    1    1    1    1    1    1    1  2.19682E+14 0.00102 
   69   69    1    1    1    1    1    1    1    1  2.63684E+14 0.00092 
   70   70    1    1    1    1    1    1    1    1  2.24749E+14 0.00151 
   71   71    1    1    1    1    1    1    1    1  4.08265E+14 0.00097 
   72   72    1    1    1    1    1    1    1    1  2.90300E+14 0.00096 
   73   73    1    1    1    1    1    1    1    1  2.19355E+14 0.00122 
   74   74    1    1    1    1    1    1    1    1  1.78132E+14 0.00105 
   75   75    1    1    1    1    1    1    1    1  1.48778E+14 0.00164 
   76   76    1    1    1    1    1    1    1    1  1.74498E+14 0.00088 
   77   77    1    1    1    1    1    1    1    1  1.38899E+14 0.00180 
   78   78    1    1    1    1    1    1    1    1  1.11095E+14 0.00138 
   79   79    1    1    1    1    1    1    1    1  1.15033E+14 0.00140 
   80   80    1    1    1    1    1    1    1    1  8.58480E+13 0.00183 
   81   81    1    1    1    1    1    1    1    1  6.63776E+13 0.00207 
   82   82    1    1    1    1    1    1    1    1  5.07461E+13 0.00243 
   83   83    1    1    1    1    1    1    1    1  4.74827E+13 0.00214 
   84   84    1    1    1    1    1    1    1    1  3.42265E+13 0.00353 
   85   85    1    1    1    1    1    1    1    1  2.46718E+13 0.00300 
   86   86    1    1    1    1    1    1    1    1  2.29184E+13 0.00355 
   87   87    1    1    1    1    1    1    1    1  1.41091E+13 0.00500 
   88   88    1    1    1    1    1    1    1    1  9.57861E+12 0.00438 
   89   89    1    1    1    1    1    1    1    1  5.45362E+12 0.00632 
   90   90    1    1    1    1    1    1    1    1  3.60359E+12 0.00863 
   91   91    1    1    1    1    1    1    1    1  1.80487E+12 0.01171 
   92   92    1    1    1    1    1    1    1    1  8.72810E+11 0.01568 
   93   93    1    1    1    1    1    1    1    1  4.31983E+11 0.02856 
   94   94    1    1    1    1    1    1    1    1  2.05148E+11 0.03809 
   95   95    1    1    1    1    1    1    1    1  9.54914E+10 0.06047 
   96   96    1    1    1    1    1    1    1    1  4.36845E+10 0.06481 
   97   97    1    1    1    1    1    1    1    1  2.22750E+10 0.08422 
   98   98    1    1    1    1    1    1    1    1  8.87433E+09 0.15213 
   99   99    1    1    1    1    1    1    1    1  6.40343E+09 0.23662 
  100  100    1    1    1    1    1    1    1    1  5.66089E+09 0.18488 
];


