
DETdpaspec = [
    1    1    1    1    1    1    1    1    1    1  0.00000E+00 0.00000 
    2    2    1    1    1    1    1    1    1    1  0.00000E+00 0.00000 
    3    3    1    1    1    1    1    1    1    1  0.00000E+00 0.00000 
    4    4    1    1    1    1    1    1    1    1  0.00000E+00 0.00000 
    5    5    1    1    1    1    1    1    1    1  0.00000E+00 0.00000 
    6    6    1    1    1    1    1    1    1    1  0.00000E+00 0.00000 
    7    7    1    1    1    1    1    1    1    1  9.95329E+06 1.00000 
    8    8    1    1    1    1    1    1    1    1  0.00000E+00 0.00000 
    9    9    1    1    1    1    1    1    1    1  3.56380E+06 1.00000 
   10   10    1    1    1    1    1    1    1    1  0.00000E+00 0.00000 
   11   11    1    1    1    1    1    1    1    1  6.22482E+07 0.69029 
   12   12    1    1    1    1    1    1    1    1  8.20932E+06 1.00000 
   13   13    1    1    1    1    1    1    1    1  3.28322E+08 0.70664 
   14   14    1    1    1    1    1    1    1    1  1.37725E+09 0.47593 
   15   15    1    1    1    1    1    1    1    1  2.82669E+08 0.57338 
   16   16    1    1    1    1    1    1    1    1  2.45067E+08 0.36737 
   17   17    1    1    1    1    1    1    1    1  6.64920E+08 0.40741 
   18   18    1    1    1    1    1    1    1    1  1.99355E+09 0.31373 
   19   19    1    1    1    1    1    1    1    1  1.94503E+09 0.26355 
   20   20    1    1    1    1    1    1    1    1  7.73250E+09 0.18937 
   21   21    1    1    1    1    1    1    1    1  6.60577E+09 0.13891 
   22   22    1    1    1    1    1    1    1    1  1.68958E+10 0.12149 
   23   23    1    1    1    1    1    1    1    1  2.17635E+10 0.08923 
   24   24    1    1    1    1    1    1    1    1  3.43794E+10 0.06463 
   25   25    1    1    1    1    1    1    1    1  4.05919E+10 0.05453 
   26   26    1    1    1    1    1    1    1    1  7.92283E+10 0.05483 
   27   27    1    1    1    1    1    1    1    1  1.49329E+11 0.03805 
   28   28    1    1    1    1    1    1    1    1  3.27067E+11 0.02758 
   29   29    1    1    1    1    1    1    1    1  5.22653E+11 0.02686 
   30   30    1    1    1    1    1    1    1    1  1.47701E+12 0.01420 
   31   31    1    1    1    1    1    1    1    1  4.53965E+12 0.00885 
   32   32    1    1    1    1    1    1    1    1  8.32899E+12 0.00834 
   33   33    1    1    1    1    1    1    1    1  1.99656E+13 0.00449 
   34   34    1    1    1    1    1    1    1    1  2.81791E+13 0.00281 
   35   35    1    1    1    1    1    1    1    1  3.59978E+13 0.00312 
   36   36    1    1    1    1    1    1    1    1  2.41014E+13 0.00286 
   37   37    1    1    1    1    1    1    1    1  7.32993E+12 0.00288 
   38   38    1    1    1    1    1    1    1    1  4.13174E+13 0.00261 
   39   39    1    1    1    1    1    1    1    1  5.58934E+13 0.00243 
   40   40    1    1    1    1    1    1    1    1  9.65387E+13 0.00151 
   41   41    1    1    1    1    1    1    1    1  9.73211E+13 0.00131 
   42   42    1    1    1    1    1    1    1    1  2.10437E+14 0.00101 
   43   43    1    1    1    1    1    1    1    1  2.57990E+14 0.00093 
   44   44    1    1    1    1    1    1    1    1  3.78512E+14 0.00087 
   45   45    1    1    1    1    1    1    1    1  7.68163E+14 0.00078 
   46   46    1    1    1    1    1    1    1    1  3.61842E+14 0.00092 
   47   47    1    1    1    1    1    1    1    1  5.85367E+14 0.00080 
   48   48    1    1    1    1    1    1    1    1  8.24627E+14 0.00073 
   49   49    1    1    1    1    1    1    1    1  8.22696E+14 0.00057 
   50   50    1    1    1    1    1    1    1    1  1.30402E+15 0.00052 
   51   51    1    1    1    1    1    1    1    1  1.04496E+15 0.00067 
   52   52    1    1    1    1    1    1    1    1  1.26065E+15 0.00071 
   53   53    1    1    1    1    1    1    1    1  8.83863E+14 0.00075 
   54   54    1    1    1    1    1    1    1    1  1.09421E+15 0.00064 
   55   55    1    1    1    1    1    1    1    1  7.57327E+14 0.00066 
   56   56    1    1    1    1    1    1    1    1  1.03065E+14 0.00108 
   57   57    1    1    1    1    1    1    1    1  1.51459E+15 0.00063 
   58   58    1    1    1    1    1    1    1    1  6.85197E+14 0.00088 
   59   59    1    1    1    1    1    1    1    1  7.31746E+14 0.00069 
   60   60    1    1    1    1    1    1    1    1  5.76065E+14 0.00089 
   61   61    1    1    1    1    1    1    1    1  5.78465E+14 0.00090 
   62   62    1    1    1    1    1    1    1    1  6.05121E+14 0.00089 
   63   63    1    1    1    1    1    1    1    1  5.13128E+14 0.00101 
   64   64    1    1    1    1    1    1    1    1  4.10738E+14 0.00136 
   65   65    1    1    1    1    1    1    1    1  4.09801E+14 0.00093 
   66   66    1    1    1    1    1    1    1    1  2.97301E+14 0.00072 
   67   67    1    1    1    1    1    1    1    1  2.42130E+14 0.00116 
   68   68    1    1    1    1    1    1    1    1  2.17253E+14 0.00134 
   69   69    1    1    1    1    1    1    1    1  2.61391E+14 0.00120 
   70   70    1    1    1    1    1    1    1    1  2.23430E+14 0.00125 
   71   71    1    1    1    1    1    1    1    1  4.06582E+14 0.00111 
   72   72    1    1    1    1    1    1    1    1  2.89184E+14 0.00124 
   73   73    1    1    1    1    1    1    1    1  2.18741E+14 0.00128 
   74   74    1    1    1    1    1    1    1    1  1.76488E+14 0.00164 
   75   75    1    1    1    1    1    1    1    1  1.47361E+14 0.00173 
   76   76    1    1    1    1    1    1    1    1  1.71529E+14 0.00135 
   77   77    1    1    1    1    1    1    1    1  1.36387E+14 0.00156 
   78   78    1    1    1    1    1    1    1    1  1.08649E+14 0.00158 
   79   79    1    1    1    1    1    1    1    1  1.12475E+14 0.00174 
   80   80    1    1    1    1    1    1    1    1  8.36033E+13 0.00208 
   81   81    1    1    1    1    1    1    1    1  6.44243E+13 0.00183 
   82   82    1    1    1    1    1    1    1    1  4.94367E+13 0.00198 
   83   83    1    1    1    1    1    1    1    1  4.61174E+13 0.00221 
   84   84    1    1    1    1    1    1    1    1  3.31961E+13 0.00271 
   85   85    1    1    1    1    1    1    1    1  2.40117E+13 0.00385 
   86   86    1    1    1    1    1    1    1    1  2.24644E+13 0.00364 
   87   87    1    1    1    1    1    1    1    1  1.38742E+13 0.00374 
   88   88    1    1    1    1    1    1    1    1  9.37807E+12 0.00665 
   89   89    1    1    1    1    1    1    1    1  5.39947E+12 0.00864 
   90   90    1    1    1    1    1    1    1    1  3.49541E+12 0.00751 
   91   91    1    1    1    1    1    1    1    1  1.74018E+12 0.01492 
   92   92    1    1    1    1    1    1    1    1  8.72043E+11 0.01380 
   93   93    1    1    1    1    1    1    1    1  4.15741E+11 0.03316 
   94   94    1    1    1    1    1    1    1    1  2.07115E+11 0.03464 
   95   95    1    1    1    1    1    1    1    1  9.02523E+10 0.05911 
   96   96    1    1    1    1    1    1    1    1  4.59614E+10 0.07769 
   97   97    1    1    1    1    1    1    1    1  2.34914E+10 0.09580 
   98   98    1    1    1    1    1    1    1    1  9.36304E+09 0.17633 
   99   99    1    1    1    1    1    1    1    1  5.32484E+09 0.30021 
  100  100    1    1    1    1    1    1    1    1  5.61757E+09 0.27459 
];


