
DETdpaspec = [
    1    1    1    1    1    1    1    1    1    1  0.00000E+00 0.00000 
    2    2    1    1    1    1    1    1    1    1  0.00000E+00 0.00000 
    3    3    1    1    1    1    1    1    1    1  0.00000E+00 0.00000 
    4    4    1    1    1    1    1    1    1    1  0.00000E+00 0.00000 
    5    5    1    1    1    1    1    1    1    1  0.00000E+00 0.00000 
    6    6    1    1    1    1    1    1    1    1  0.00000E+00 0.00000 
    7    7    1    1    1    1    1    1    1    1  1.46826E+07 1.00000 
    8    8    1    1    1    1    1    1    1    1  0.00000E+00 0.00000 
    9    9    1    1    1    1    1    1    1    1  0.00000E+00 0.00000 
   10   10    1    1    1    1    1    1    1    1  0.00000E+00 0.00000 
   11   11    1    1    1    1    1    1    1    1  0.00000E+00 0.00000 
   12   12    1    1    1    1    1    1    1    1  5.87387E+07 1.00000 
   13   13    1    1    1    1    1    1    1    1  2.05679E+08 0.59614 
   14   14    1    1    1    1    1    1    1    1  1.52447E+09 0.42055 
   15   15    1    1    1    1    1    1    1    1  1.16671E+09 0.66261 
   16   16    1    1    1    1    1    1    1    1  1.80327E+08 1.00000 
   17   17    1    1    1    1    1    1    1    1  1.17155E+09 0.38270 
   18   18    1    1    1    1    1    1    1    1  1.61324E+09 0.43733 
   19   19    1    1    1    1    1    1    1    1  1.58697E+09 0.38828 
   20   20    1    1    1    1    1    1    1    1  5.00249E+09 0.16748 
   21   21    1    1    1    1    1    1    1    1  3.50712E+09 0.23434 
   22   22    1    1    1    1    1    1    1    1  9.26448E+09 0.12625 
   23   23    1    1    1    1    1    1    1    1  2.35354E+10 0.08615 
   24   24    1    1    1    1    1    1    1    1  7.04822E+10 0.07566 
   25   25    1    1    1    1    1    1    1    1  1.21989E+11 0.04382 
   26   26    1    1    1    1    1    1    1    1  2.70462E+11 0.03590 
   27   27    1    1    1    1    1    1    1    1  5.99415E+11 0.02438 
   28   28    1    1    1    1    1    1    1    1  1.34777E+12 0.01444 
   29   29    1    1    1    1    1    1    1    1  2.32918E+12 0.00854 
   30   30    1    1    1    1    1    1    1    1  4.94022E+12 0.00665 
   31   31    1    1    1    1    1    1    1    1  1.17861E+13 0.00523 
   32   32    1    1    1    1    1    1    1    1  1.85132E+13 0.00341 
   33   33    1    1    1    1    1    1    1    1  3.95827E+13 0.00291 
   34   34    1    1    1    1    1    1    1    1  5.11882E+13 0.00236 
   35   35    1    1    1    1    1    1    1    1  5.48746E+13 0.00212 
   36   36    1    1    1    1    1    1    1    1  3.35462E+13 0.00245 
   37   37    1    1    1    1    1    1    1    1  9.83577E+12 0.00269 
   38   38    1    1    1    1    1    1    1    1  5.62941E+13 0.00221 
   39   39    1    1    1    1    1    1    1    1  7.50640E+13 0.00202 
   40   40    1    1    1    1    1    1    1    1  1.28235E+14 0.00157 
   41   41    1    1    1    1    1    1    1    1  1.24407E+14 0.00143 
   42   42    1    1    1    1    1    1    1    1  2.68910E+14 0.00130 
   43   43    1    1    1    1    1    1    1    1  3.22841E+14 0.00091 
   44   44    1    1    1    1    1    1    1    1  4.63694E+14 0.00093 
   45   45    1    1    1    1    1    1    1    1  9.19040E+14 0.00061 
   46   46    1    1    1    1    1    1    1    1  4.15699E+14 0.00075 
   47   47    1    1    1    1    1    1    1    1  6.61013E+14 0.00063 
   48   48    1    1    1    1    1    1    1    1  9.13216E+14 0.00053 
   49   49    1    1    1    1    1    1    1    1  8.93485E+14 0.00073 
   50   50    1    1    1    1    1    1    1    1  1.40318E+15 0.00061 
   51   51    1    1    1    1    1    1    1    1  1.09005E+15 0.00058 
   52   52    1    1    1    1    1    1    1    1  1.31883E+15 0.00044 
   53   53    1    1    1    1    1    1    1    1  9.06383E+14 0.00053 
   54   54    1    1    1    1    1    1    1    1  1.13103E+15 0.00050 
   55   55    1    1    1    1    1    1    1    1  7.72897E+14 0.00062 
   56   56    1    1    1    1    1    1    1    1  1.04538E+14 0.00107 
   57   57    1    1    1    1    1    1    1    1  1.53035E+15 0.00059 
   58   58    1    1    1    1    1    1    1    1  6.99776E+14 0.00060 
   59   59    1    1    1    1    1    1    1    1  7.37786E+14 0.00059 
   60   60    1    1    1    1    1    1    1    1  5.85703E+14 0.00080 
   61   61    1    1    1    1    1    1    1    1  5.84206E+14 0.00070 
   62   62    1    1    1    1    1    1    1    1  6.09271E+14 0.00088 
   63   63    1    1    1    1    1    1    1    1  5.15132E+14 0.00077 
   64   64    1    1    1    1    1    1    1    1  4.10478E+14 0.00068 
   65   65    1    1    1    1    1    1    1    1  4.07738E+14 0.00088 
   66   66    1    1    1    1    1    1    1    1  2.95001E+14 0.00089 
   67   67    1    1    1    1    1    1    1    1  2.38223E+14 0.00095 
   68   68    1    1    1    1    1    1    1    1  2.12844E+14 0.00085 
   69   69    1    1    1    1    1    1    1    1  2.54527E+14 0.00125 
   70   70    1    1    1    1    1    1    1    1  2.16004E+14 0.00126 
   71   71    1    1    1    1    1    1    1    1  3.86677E+14 0.00086 
   72   72    1    1    1    1    1    1    1    1  2.72518E+14 0.00073 
   73   73    1    1    1    1    1    1    1    1  2.05747E+14 0.00112 
   74   74    1    1    1    1    1    1    1    1  1.67644E+14 0.00110 
   75   75    1    1    1    1    1    1    1    1  1.40685E+14 0.00178 
   76   76    1    1    1    1    1    1    1    1  1.65459E+14 0.00103 
   77   77    1    1    1    1    1    1    1    1  1.32538E+14 0.00146 
   78   78    1    1    1    1    1    1    1    1  1.06622E+14 0.00203 
   79   79    1    1    1    1    1    1    1    1  1.10418E+14 0.00140 
   80   80    1    1    1    1    1    1    1    1  8.22193E+13 0.00145 
   81   81    1    1    1    1    1    1    1    1  6.34801E+13 0.00206 
   82   82    1    1    1    1    1    1    1    1  4.86350E+13 0.00172 
   83   83    1    1    1    1    1    1    1    1  4.56139E+13 0.00253 
   84   84    1    1    1    1    1    1    1    1  3.24152E+13 0.00296 
   85   85    1    1    1    1    1    1    1    1  2.34169E+13 0.00329 
   86   86    1    1    1    1    1    1    1    1  2.19619E+13 0.00355 
   87   87    1    1    1    1    1    1    1    1  1.34712E+13 0.00472 
   88   88    1    1    1    1    1    1    1    1  8.93237E+12 0.00674 
   89   89    1    1    1    1    1    1    1    1  5.16168E+12 0.00584 
   90   90    1    1    1    1    1    1    1    1  3.33859E+12 0.00879 
   91   91    1    1    1    1    1    1    1    1  1.63629E+12 0.01327 
   92   92    1    1    1    1    1    1    1    1  8.19787E+11 0.01936 
   93   93    1    1    1    1    1    1    1    1  3.89678E+11 0.02246 
   94   94    1    1    1    1    1    1    1    1  1.87035E+11 0.03173 
   95   95    1    1    1    1    1    1    1    1  8.23084E+10 0.05421 
   96   96    1    1    1    1    1    1    1    1  3.79886E+10 0.09267 
   97   97    1    1    1    1    1    1    1    1  1.97332E+10 0.11311 
   98   98    1    1    1    1    1    1    1    1  1.21741E+10 0.17235 
   99   99    1    1    1    1    1    1    1    1  7.44784E+09 0.20162 
  100  100    1    1    1    1    1    1    1    1  1.81928E+09 0.31138 
];


