
DETdpaspec = [
    1    1    1    1    1    1    1    1    1    1  0.00000E+00 0.00000 
    2    2    1    1    1    1    1    1    1    1  0.00000E+00 0.00000 
    3    3    1    1    1    1    1    1    1    1  0.00000E+00 0.00000 
    4    4    1    1    1    1    1    1    1    1  0.00000E+00 0.00000 
    5    5    1    1    1    1    1    1    1    1  0.00000E+00 0.00000 
    6    6    1    1    1    1    1    1    1    1  0.00000E+00 0.00000 
    7    7    1    1    1    1    1    1    1    1  0.00000E+00 0.00000 
    8    8    1    1    1    1    1    1    1    1  0.00000E+00 0.00000 
    9    9    1    1    1    1    1    1    1    1  0.00000E+00 0.00000 
   10   10    1    1    1    1    1    1    1    1  0.00000E+00 0.00000 
   11   11    1    1    1    1    1    1    1    1  0.00000E+00 0.00000 
   12   12    1    1    1    1    1    1    1    1  0.00000E+00 0.00000 
   13   13    1    1    1    1    1    1    1    1  1.90060E+08 0.75789 
   14   14    1    1    1    1    1    1    1    1  1.34157E+09 0.44661 
   15   15    1    1    1    1    1    1    1    1  6.41844E+08 0.91023 
   16   16    1    1    1    1    1    1    1    1  2.64435E+08 0.57134 
   17   17    1    1    1    1    1    1    1    1  3.86152E+08 0.52559 
   18   18    1    1    1    1    1    1    1    1  1.06774E+09 0.42456 
   19   19    1    1    1    1    1    1    1    1  2.31637E+09 0.32543 
   20   20    1    1    1    1    1    1    1    1  7.83484E+09 0.17895 
   21   21    1    1    1    1    1    1    1    1  7.61241E+09 0.15006 
   22   22    1    1    1    1    1    1    1    1  1.17723E+10 0.09788 
   23   23    1    1    1    1    1    1    1    1  1.73335E+10 0.10915 
   24   24    1    1    1    1    1    1    1    1  4.01047E+10 0.09328 
   25   25    1    1    1    1    1    1    1    1  5.87886E+10 0.05294 
   26   26    1    1    1    1    1    1    1    1  1.14745E+11 0.03742 
   27   27    1    1    1    1    1    1    1    1  2.46846E+11 0.03181 
   28   28    1    1    1    1    1    1    1    1  5.94704E+11 0.01744 
   29   29    1    1    1    1    1    1    1    1  1.08179E+12 0.01106 
   30   30    1    1    1    1    1    1    1    1  2.66562E+12 0.01121 
   31   31    1    1    1    1    1    1    1    1  7.24876E+12 0.00518 
   32   32    1    1    1    1    1    1    1    1  1.24971E+13 0.00501 
   33   33    1    1    1    1    1    1    1    1  2.84108E+13 0.00344 
   34   34    1    1    1    1    1    1    1    1  3.86506E+13 0.00295 
   35   35    1    1    1    1    1    1    1    1  4.44065E+13 0.00244 
   36   36    1    1    1    1    1    1    1    1  2.83243E+13 0.00232 
   37   37    1    1    1    1    1    1    1    1  8.41869E+12 0.00269 
   38   38    1    1    1    1    1    1    1    1  4.81482E+13 0.00242 
   39   39    1    1    1    1    1    1    1    1  6.46394E+13 0.00241 
   40   40    1    1    1    1    1    1    1    1  1.11395E+14 0.00148 
   41   41    1    1    1    1    1    1    1    1  1.09686E+14 0.00176 
   42   42    1    1    1    1    1    1    1    1  2.37654E+14 0.00167 
   43   43    1    1    1    1    1    1    1    1  2.89231E+14 0.00143 
   44   44    1    1    1    1    1    1    1    1  4.21058E+14 0.00104 
   45   45    1    1    1    1    1    1    1    1  8.44785E+14 0.00094 
   46   46    1    1    1    1    1    1    1    1  3.89010E+14 0.00099 
   47   47    1    1    1    1    1    1    1    1  6.23871E+14 0.00070 
   48   48    1    1    1    1    1    1    1    1  8.70712E+14 0.00058 
   49   49    1    1    1    1    1    1    1    1  8.60366E+14 0.00044 
   50   50    1    1    1    1    1    1    1    1  1.36080E+15 0.00040 
   51   51    1    1    1    1    1    1    1    1  1.07291E+15 0.00064 
   52   52    1    1    1    1    1    1    1    1  1.30050E+15 0.00066 
   53   53    1    1    1    1    1    1    1    1  9.01917E+14 0.00069 
   54   54    1    1    1    1    1    1    1    1  1.12404E+15 0.00053 
   55   55    1    1    1    1    1    1    1    1  7.73711E+14 0.00081 
   56   56    1    1    1    1    1    1    1    1  1.04923E+14 0.00099 
   57   57    1    1    1    1    1    1    1    1  1.53893E+15 0.00069 
   58   58    1    1    1    1    1    1    1    1  7.03228E+14 0.00079 
   59   59    1    1    1    1    1    1    1    1  7.45163E+14 0.00053 
   60   60    1    1    1    1    1    1    1    1  5.90668E+14 0.00086 
   61   61    1    1    1    1    1    1    1    1  5.91317E+14 0.00066 
   62   62    1    1    1    1    1    1    1    1  6.17453E+14 0.00072 
   63   63    1    1    1    1    1    1    1    1  5.22973E+14 0.00071 
   64   64    1    1    1    1    1    1    1    1  4.18057E+14 0.00094 
   65   65    1    1    1    1    1    1    1    1  4.16812E+14 0.00099 
   66   66    1    1    1    1    1    1    1    1  3.01867E+14 0.00117 
   67   67    1    1    1    1    1    1    1    1  2.44664E+14 0.00096 
   68   68    1    1    1    1    1    1    1    1  2.19021E+14 0.00088 
   69   69    1    1    1    1    1    1    1    1  2.63034E+14 0.00118 
   70   70    1    1    1    1    1    1    1    1  2.23564E+14 0.00135 
   71   71    1    1    1    1    1    1    1    1  4.03328E+14 0.00073 
   72   72    1    1    1    1    1    1    1    1  2.85801E+14 0.00111 
   73   73    1    1    1    1    1    1    1    1  2.15522E+14 0.00116 
   74   74    1    1    1    1    1    1    1    1  1.75373E+14 0.00142 
   75   75    1    1    1    1    1    1    1    1  1.47615E+14 0.00113 
   76   76    1    1    1    1    1    1    1    1  1.72899E+14 0.00122 
   77   77    1    1    1    1    1    1    1    1  1.38306E+14 0.00140 
   78   78    1    1    1    1    1    1    1    1  1.11101E+14 0.00133 
   79   79    1    1    1    1    1    1    1    1  1.15225E+14 0.00159 
   80   80    1    1    1    1    1    1    1    1  8.56875E+13 0.00153 
   81   81    1    1    1    1    1    1    1    1  6.60379E+13 0.00169 
   82   82    1    1    1    1    1    1    1    1  5.07030E+13 0.00185 
   83   83    1    1    1    1    1    1    1    1  4.74462E+13 0.00200 
   84   84    1    1    1    1    1    1    1    1  3.40031E+13 0.00235 
   85   85    1    1    1    1    1    1    1    1  2.47174E+13 0.00212 
   86   86    1    1    1    1    1    1    1    1  2.30238E+13 0.00301 
   87   87    1    1    1    1    1    1    1    1  1.40812E+13 0.00469 
   88   88    1    1    1    1    1    1    1    1  9.39434E+12 0.00423 
   89   89    1    1    1    1    1    1    1    1  5.39897E+12 0.00661 
   90   90    1    1    1    1    1    1    1    1  3.56489E+12 0.00722 
   91   91    1    1    1    1    1    1    1    1  1.81152E+12 0.00950 
   92   92    1    1    1    1    1    1    1    1  8.61453E+11 0.01509 
   93   93    1    1    1    1    1    1    1    1  4.01480E+11 0.02141 
   94   94    1    1    1    1    1    1    1    1  2.06963E+11 0.03318 
   95   95    1    1    1    1    1    1    1    1  1.00590E+11 0.04739 
   96   96    1    1    1    1    1    1    1    1  4.55412E+10 0.07469 
   97   97    1    1    1    1    1    1    1    1  1.84293E+10 0.12011 
   98   98    1    1    1    1    1    1    1    1  1.23818E+10 0.12886 
   99   99    1    1    1    1    1    1    1    1  4.39365E+09 0.24298 
  100  100    1    1    1    1    1    1    1    1  4.72336E+09 0.19736 
];


