
DETdpaspec = [
    1    1    1    1    1    1    1    1    1    1  0.00000E+00 0.00000 
    2    2    1    1    1    1    1    1    1    1  0.00000E+00 0.00000 
    3    3    1    1    1    1    1    1    1    1  0.00000E+00 0.00000 
    4    4    1    1    1    1    1    1    1    1  0.00000E+00 0.00000 
    5    5    1    1    1    1    1    1    1    1  0.00000E+00 0.00000 
    6    6    1    1    1    1    1    1    1    1  0.00000E+00 0.00000 
    7    7    1    1    1    1    1    1    1    1  0.00000E+00 0.00000 
    8    8    1    1    1    1    1    1    1    1  8.06135E+06 1.00000 
    9    9    1    1    1    1    1    1    1    1  0.00000E+00 0.00000 
   10   10    1    1    1    1    1    1    1    1  0.00000E+00 0.00000 
   11   11    1    1    1    1    1    1    1    1  0.00000E+00 0.00000 
   12   12    1    1    1    1    1    1    1    1  3.07218E+07 0.81369 
   13   13    1    1    1    1    1    1    1    1  2.49027E+08 0.61029 
   14   14    1    1    1    1    1    1    1    1  2.12922E+09 0.37640 
   15   15    1    1    1    1    1    1    1    1  6.09610E+08 0.63101 
   16   16    1    1    1    1    1    1    1    1  3.22748E+08 0.52524 
   17   17    1    1    1    1    1    1    1    1  7.89554E+08 0.44786 
   18   18    1    1    1    1    1    1    1    1  1.90611E+09 0.23464 
   19   19    1    1    1    1    1    1    1    1  2.16014E+09 0.27945 
   20   20    1    1    1    1    1    1    1    1  5.13285E+09 0.17346 
   21   21    1    1    1    1    1    1    1    1  5.78497E+09 0.16104 
   22   22    1    1    1    1    1    1    1    1  1.24029E+10 0.09969 
   23   23    1    1    1    1    1    1    1    1  2.13483E+10 0.10941 
   24   24    1    1    1    1    1    1    1    1  3.42747E+10 0.08161 
   25   25    1    1    1    1    1    1    1    1  4.65892E+10 0.07365 
   26   26    1    1    1    1    1    1    1    1  7.95650E+10 0.04280 
   27   27    1    1    1    1    1    1    1    1  1.49514E+11 0.02421 
   28   28    1    1    1    1    1    1    1    1  3.39944E+11 0.03463 
   29   29    1    1    1    1    1    1    1    1  5.74751E+11 0.02176 
   30   30    1    1    1    1    1    1    1    1  1.59662E+12 0.01391 
   31   31    1    1    1    1    1    1    1    1  4.73708E+12 0.00934 
   32   32    1    1    1    1    1    1    1    1  8.79188E+12 0.00593 
   33   33    1    1    1    1    1    1    1    1  2.10577E+13 0.00428 
   34   34    1    1    1    1    1    1    1    1  2.94062E+13 0.00307 
   35   35    1    1    1    1    1    1    1    1  3.68241E+13 0.00237 
   36   36    1    1    1    1    1    1    1    1  2.44321E+13 0.00246 
   37   37    1    1    1    1    1    1    1    1  7.38900E+12 0.00273 
   38   38    1    1    1    1    1    1    1    1  4.21235E+13 0.00186 
   39   39    1    1    1    1    1    1    1    1  5.69825E+13 0.00201 
   40   40    1    1    1    1    1    1    1    1  9.83472E+13 0.00161 
   41   41    1    1    1    1    1    1    1    1  9.89344E+13 0.00165 
   42   42    1    1    1    1    1    1    1    1  2.14373E+14 0.00137 
   43   43    1    1    1    1    1    1    1    1  2.61946E+14 0.00117 
   44   44    1    1    1    1    1    1    1    1  3.83675E+14 0.00069 
   45   45    1    1    1    1    1    1    1    1  7.79319E+14 0.00097 
   46   46    1    1    1    1    1    1    1    1  3.65062E+14 0.00087 
   47   47    1    1    1    1    1    1    1    1  5.91015E+14 0.00089 
   48   48    1    1    1    1    1    1    1    1  8.32128E+14 0.00056 
   49   49    1    1    1    1    1    1    1    1  8.28967E+14 0.00080 
   50   50    1    1    1    1    1    1    1    1  1.31449E+15 0.00074 
   51   51    1    1    1    1    1    1    1    1  1.05023E+15 0.00052 
   52   52    1    1    1    1    1    1    1    1  1.27038E+15 0.00053 
   53   53    1    1    1    1    1    1    1    1  8.87592E+14 0.00076 
   54   54    1    1    1    1    1    1    1    1  1.10221E+15 0.00050 
   55   55    1    1    1    1    1    1    1    1  7.61534E+14 0.00055 
   56   56    1    1    1    1    1    1    1    1  1.03876E+14 0.00130 
   57   57    1    1    1    1    1    1    1    1  1.52326E+15 0.00057 
   58   58    1    1    1    1    1    1    1    1  6.90264E+14 0.00066 
   59   59    1    1    1    1    1    1    1    1  7.36484E+14 0.00055 
   60   60    1    1    1    1    1    1    1    1  5.80194E+14 0.00071 
   61   61    1    1    1    1    1    1    1    1  5.82170E+14 0.00080 
   62   62    1    1    1    1    1    1    1    1  6.09328E+14 0.00099 
   63   63    1    1    1    1    1    1    1    1  5.16289E+14 0.00080 
   64   64    1    1    1    1    1    1    1    1  4.13462E+14 0.00081 
   65   65    1    1    1    1    1    1    1    1  4.12730E+14 0.00097 
   66   66    1    1    1    1    1    1    1    1  2.99242E+14 0.00092 
   67   67    1    1    1    1    1    1    1    1  2.44362E+14 0.00074 
   68   68    1    1    1    1    1    1    1    1  2.18530E+14 0.00096 
   69   69    1    1    1    1    1    1    1    1  2.62842E+14 0.00099 
   70   70    1    1    1    1    1    1    1    1  2.24117E+14 0.00134 
   71   71    1    1    1    1    1    1    1    1  4.08160E+14 0.00088 
   72   72    1    1    1    1    1    1    1    1  2.89686E+14 0.00096 
   73   73    1    1    1    1    1    1    1    1  2.18483E+14 0.00154 
   74   74    1    1    1    1    1    1    1    1  1.76632E+14 0.00117 
   75   75    1    1    1    1    1    1    1    1  1.48025E+14 0.00111 
   76   76    1    1    1    1    1    1    1    1  1.72609E+14 0.00179 
   77   77    1    1    1    1    1    1    1    1  1.37774E+14 0.00172 
   78   78    1    1    1    1    1    1    1    1  1.09860E+14 0.00163 
   79   79    1    1    1    1    1    1    1    1  1.13554E+14 0.00201 
   80   80    1    1    1    1    1    1    1    1  8.44829E+13 0.00206 
   81   81    1    1    1    1    1    1    1    1  6.50936E+13 0.00149 
   82   82    1    1    1    1    1    1    1    1  5.00442E+13 0.00217 
   83   83    1    1    1    1    1    1    1    1  4.68677E+13 0.00219 
   84   84    1    1    1    1    1    1    1    1  3.35974E+13 0.00349 
   85   85    1    1    1    1    1    1    1    1  2.43194E+13 0.00393 
   86   86    1    1    1    1    1    1    1    1  2.27692E+13 0.00259 
   87   87    1    1    1    1    1    1    1    1  1.39628E+13 0.00482 
   88   88    1    1    1    1    1    1    1    1  9.29120E+12 0.00514 
   89   89    1    1    1    1    1    1    1    1  5.40338E+12 0.00768 
   90   90    1    1    1    1    1    1    1    1  3.54004E+12 0.00747 
   91   91    1    1    1    1    1    1    1    1  1.78285E+12 0.01232 
   92   92    1    1    1    1    1    1    1    1  8.58429E+11 0.01450 
   93   93    1    1    1    1    1    1    1    1  4.22192E+11 0.02886 
   94   94    1    1    1    1    1    1    1    1  1.81818E+11 0.04502 
   95   95    1    1    1    1    1    1    1    1  9.32319E+10 0.05549 
   96   96    1    1    1    1    1    1    1    1  4.64163E+10 0.07985 
   97   97    1    1    1    1    1    1    1    1  2.29545E+10 0.12508 
   98   98    1    1    1    1    1    1    1    1  1.07200E+10 0.18145 
   99   99    1    1    1    1    1    1    1    1  4.80265E+09 0.22069 
  100  100    1    1    1    1    1    1    1    1  3.64880E+09 0.19137 
];


