
DETdpaspec = [
    1    1    1    1    1    1    1    1    1    1  0.00000E+00 0.00000 
    2    2    1    1    1    1    1    1    1    1  0.00000E+00 0.00000 
    3    3    1    1    1    1    1    1    1    1  0.00000E+00 0.00000 
    4    4    1    1    1    1    1    1    1    1  0.00000E+00 0.00000 
    5    5    1    1    1    1    1    1    1    1  0.00000E+00 0.00000 
    6    6    1    1    1    1    1    1    1    1  0.00000E+00 0.00000 
    7    7    1    1    1    1    1    1    1    1  0.00000E+00 0.00000 
    8    8    1    1    1    1    1    1    1    1  0.00000E+00 0.00000 
    9    9    1    1    1    1    1    1    1    1  0.00000E+00 0.00000 
   10   10    1    1    1    1    1    1    1    1  2.59915E+07 1.00000 
   11   11    1    1    1    1    1    1    1    1  6.15464E+07 1.00000 
   12   12    1    1    1    1    1    1    1    1  1.00094E+07 1.00000 
   13   13    1    1    1    1    1    1    1    1  4.40089E+08 0.92274 
   14   14    1    1    1    1    1    1    1    1  8.48714E+08 0.70737 
   15   15    1    1    1    1    1    1    1    1  1.35410E+09 0.51735 
   16   16    1    1    1    1    1    1    1    1  5.83274E+08 0.56785 
   17   17    1    1    1    1    1    1    1    1  3.48293E+08 0.35685 
   18   18    1    1    1    1    1    1    1    1  5.48734E+08 0.53242 
   19   19    1    1    1    1    1    1    1    1  1.58792E+09 0.26401 
   20   20    1    1    1    1    1    1    1    1  8.12175E+09 0.18990 
   21   21    1    1    1    1    1    1    1    1  5.78415E+09 0.15999 
   22   22    1    1    1    1    1    1    1    1  1.30337E+10 0.10944 
   23   23    1    1    1    1    1    1    1    1  1.87818E+10 0.08349 
   24   24    1    1    1    1    1    1    1    1  3.48879E+10 0.08459 
   25   25    1    1    1    1    1    1    1    1  5.06591E+10 0.06528 
   26   26    1    1    1    1    1    1    1    1  8.18673E+10 0.04307 
   27   27    1    1    1    1    1    1    1    1  1.74307E+11 0.02557 
   28   28    1    1    1    1    1    1    1    1  4.07871E+11 0.02078 
   29   29    1    1    1    1    1    1    1    1  6.91419E+11 0.01233 
   30   30    1    1    1    1    1    1    1    1  1.78932E+12 0.01064 
   31   31    1    1    1    1    1    1    1    1  5.31615E+12 0.00859 
   32   32    1    1    1    1    1    1    1    1  9.59525E+12 0.00521 
   33   33    1    1    1    1    1    1    1    1  2.30128E+13 0.00386 
   34   34    1    1    1    1    1    1    1    1  3.21219E+13 0.00371 
   35   35    1    1    1    1    1    1    1    1  3.89973E+13 0.00258 
   36   36    1    1    1    1    1    1    1    1  2.55325E+13 0.00283 
   37   37    1    1    1    1    1    1    1    1  7.67018E+12 0.00268 
   38   38    1    1    1    1    1    1    1    1  4.36539E+13 0.00242 
   39   39    1    1    1    1    1    1    1    1  5.89820E+13 0.00164 
   40   40    1    1    1    1    1    1    1    1  1.02257E+14 0.00153 
   41   41    1    1    1    1    1    1    1    1  1.01896E+14 0.00173 
   42   42    1    1    1    1    1    1    1    1  2.21043E+14 0.00129 
   43   43    1    1    1    1    1    1    1    1  2.69894E+14 0.00099 
   44   44    1    1    1    1    1    1    1    1  3.94299E+14 0.00096 
   45   45    1    1    1    1    1    1    1    1  7.97831E+14 0.00061 
   46   46    1    1    1    1    1    1    1    1  3.72364E+14 0.00066 
   47   47    1    1    1    1    1    1    1    1  6.00351E+14 0.00099 
   48   48    1    1    1    1    1    1    1    1  8.43351E+14 0.00080 
   49   49    1    1    1    1    1    1    1    1  8.38267E+14 0.00077 
   50   50    1    1    1    1    1    1    1    1  1.32752E+15 0.00067 
   51   51    1    1    1    1    1    1    1    1  1.05621E+15 0.00056 
   52   52    1    1    1    1    1    1    1    1  1.28045E+15 0.00055 
   53   53    1    1    1    1    1    1    1    1  8.93516E+14 0.00056 
   54   54    1    1    1    1    1    1    1    1  1.11136E+15 0.00076 
   55   55    1    1    1    1    1    1    1    1  7.66390E+14 0.00056 
   56   56    1    1    1    1    1    1    1    1  1.03939E+14 0.00093 
   57   57    1    1    1    1    1    1    1    1  1.53157E+15 0.00049 
   58   58    1    1    1    1    1    1    1    1  6.96179E+14 0.00089 
   59   59    1    1    1    1    1    1    1    1  7.41351E+14 0.00051 
   60   60    1    1    1    1    1    1    1    1  5.85786E+14 0.00059 
   61   61    1    1    1    1    1    1    1    1  5.87173E+14 0.00082 
   62   62    1    1    1    1    1    1    1    1  6.14439E+14 0.00076 
   63   63    1    1    1    1    1    1    1    1  5.20889E+14 0.00074 
   64   64    1    1    1    1    1    1    1    1  4.16850E+14 0.00095 
   65   65    1    1    1    1    1    1    1    1  4.15734E+14 0.00104 
   66   66    1    1    1    1    1    1    1    1  3.01577E+14 0.00121 
   67   67    1    1    1    1    1    1    1    1  2.44834E+14 0.00082 
   68   68    1    1    1    1    1    1    1    1  2.19759E+14 0.00107 
   69   69    1    1    1    1    1    1    1    1  2.64101E+14 0.00081 
   70   70    1    1    1    1    1    1    1    1  2.25138E+14 0.00125 
   71   71    1    1    1    1    1    1    1    1  4.08231E+14 0.00075 
   72   72    1    1    1    1    1    1    1    1  2.89426E+14 0.00087 
   73   73    1    1    1    1    1    1    1    1  2.19211E+14 0.00085 
   74   74    1    1    1    1    1    1    1    1  1.77968E+14 0.00127 
   75   75    1    1    1    1    1    1    1    1  1.48434E+14 0.00169 
   76   76    1    1    1    1    1    1    1    1  1.74021E+14 0.00157 
   77   77    1    1    1    1    1    1    1    1  1.38396E+14 0.00155 
   78   78    1    1    1    1    1    1    1    1  1.10959E+14 0.00144 
   79   79    1    1    1    1    1    1    1    1  1.15164E+14 0.00175 
   80   80    1    1    1    1    1    1    1    1  8.54257E+13 0.00144 
   81   81    1    1    1    1    1    1    1    1  6.59443E+13 0.00181 
   82   82    1    1    1    1    1    1    1    1  5.08817E+13 0.00217 
   83   83    1    1    1    1    1    1    1    1  4.73185E+13 0.00231 
   84   84    1    1    1    1    1    1    1    1  3.41876E+13 0.00291 
   85   85    1    1    1    1    1    1    1    1  2.46814E+13 0.00274 
   86   86    1    1    1    1    1    1    1    1  2.29974E+13 0.00335 
   87   87    1    1    1    1    1    1    1    1  1.40797E+13 0.00397 
   88   88    1    1    1    1    1    1    1    1  9.49589E+12 0.00489 
   89   89    1    1    1    1    1    1    1    1  5.40507E+12 0.00755 
   90   90    1    1    1    1    1    1    1    1  3.61870E+12 0.00922 
   91   91    1    1    1    1    1    1    1    1  1.76125E+12 0.01523 
   92   92    1    1    1    1    1    1    1    1  8.78026E+11 0.02045 
   93   93    1    1    1    1    1    1    1    1  4.01793E+11 0.02551 
   94   94    1    1    1    1    1    1    1    1  2.03572E+11 0.03444 
   95   95    1    1    1    1    1    1    1    1  9.51083E+10 0.05414 
   96   96    1    1    1    1    1    1    1    1  4.06029E+10 0.05870 
   97   97    1    1    1    1    1    1    1    1  2.05581E+10 0.13455 
   98   98    1    1    1    1    1    1    1    1  8.40166E+09 0.18851 
   99   99    1    1    1    1    1    1    1    1  6.45659E+09 0.21271 
  100  100    1    1    1    1    1    1    1    1  6.19590E+09 0.16075 
];


