
DETdpaspec = [
    1    1    1    1    1    1    1    1    1    1  0.00000E+00 0.00000 
    2    2    1    1    1    1    1    1    1    1  0.00000E+00 0.00000 
    3    3    1    1    1    1    1    1    1    1  5.86072E+06 1.00000 
    4    4    1    1    1    1    1    1    1    1  0.00000E+00 0.00000 
    5    5    1    1    1    1    1    1    1    1  0.00000E+00 0.00000 
    6    6    1    1    1    1    1    1    1    1  0.00000E+00 0.00000 
    7    7    1    1    1    1    1    1    1    1  0.00000E+00 0.00000 
    8    8    1    1    1    1    1    1    1    1  0.00000E+00 0.00000 
    9    9    1    1    1    1    1    1    1    1  0.00000E+00 0.00000 
   10   10    1    1    1    1    1    1    1    1  3.33314E+07 1.00000 
   11   11    1    1    1    1    1    1    1    1  9.58465E+07 0.71996 
   12   12    1    1    1    1    1    1    1    1  1.85788E+07 1.00000 
   13   13    1    1    1    1    1    1    1    1  3.70886E+08 1.00000 
   14   14    1    1    1    1    1    1    1    1  1.21025E+09 0.52114 
   15   15    1    1    1    1    1    1    1    1  1.43997E+09 0.42856 
   16   16    1    1    1    1    1    1    1    1  2.28913E+08 0.38133 
   17   17    1    1    1    1    1    1    1    1  1.33321E+09 0.32857 
   18   18    1    1    1    1    1    1    1    1  2.13395E+09 0.35496 
   19   19    1    1    1    1    1    1    1    1  2.17784E+09 0.22200 
   20   20    1    1    1    1    1    1    1    1  9.43928E+09 0.14644 
   21   21    1    1    1    1    1    1    1    1  5.64446E+09 0.15018 
   22   22    1    1    1    1    1    1    1    1  1.52259E+10 0.10315 
   23   23    1    1    1    1    1    1    1    1  2.25041E+10 0.09604 
   24   24    1    1    1    1    1    1    1    1  3.90113E+10 0.05263 
   25   25    1    1    1    1    1    1    1    1  4.56008E+10 0.06933 
   26   26    1    1    1    1    1    1    1    1  7.13436E+10 0.04812 
   27   27    1    1    1    1    1    1    1    1  1.34345E+11 0.03315 
   28   28    1    1    1    1    1    1    1    1  3.24274E+11 0.02176 
   29   29    1    1    1    1    1    1    1    1  5.29220E+11 0.01587 
   30   30    1    1    1    1    1    1    1    1  1.48073E+12 0.01402 
   31   31    1    1    1    1    1    1    1    1  4.56655E+12 0.00852 
   32   32    1    1    1    1    1    1    1    1  8.29673E+12 0.00562 
   33   33    1    1    1    1    1    1    1    1  1.98776E+13 0.00400 
   34   34    1    1    1    1    1    1    1    1  2.79487E+13 0.00267 
   35   35    1    1    1    1    1    1    1    1  3.57279E+13 0.00276 
   36   36    1    1    1    1    1    1    1    1  2.39686E+13 0.00257 
   37   37    1    1    1    1    1    1    1    1  7.28902E+12 0.00348 
   38   38    1    1    1    1    1    1    1    1  4.10829E+13 0.00289 
   39   39    1    1    1    1    1    1    1    1  5.56116E+13 0.00223 
   40   40    1    1    1    1    1    1    1    1  9.62412E+13 0.00192 
   41   41    1    1    1    1    1    1    1    1  9.71842E+13 0.00191 
   42   42    1    1    1    1    1    1    1    1  2.10325E+14 0.00115 
   43   43    1    1    1    1    1    1    1    1  2.57596E+14 0.00097 
   44   44    1    1    1    1    1    1    1    1  3.77841E+14 0.00104 
   45   45    1    1    1    1    1    1    1    1  7.66917E+14 0.00110 
   46   46    1    1    1    1    1    1    1    1  3.61056E+14 0.00072 
   47   47    1    1    1    1    1    1    1    1  5.84626E+14 0.00085 
   48   48    1    1    1    1    1    1    1    1  8.23734E+14 0.00079 
   49   49    1    1    1    1    1    1    1    1  8.22166E+14 0.00067 
   50   50    1    1    1    1    1    1    1    1  1.30248E+15 0.00062 
   51   51    1    1    1    1    1    1    1    1  1.04514E+15 0.00058 
   52   52    1    1    1    1    1    1    1    1  1.26076E+15 0.00054 
   53   53    1    1    1    1    1    1    1    1  8.82203E+14 0.00055 
   54   54    1    1    1    1    1    1    1    1  1.09167E+15 0.00058 
   55   55    1    1    1    1    1    1    1    1  7.55531E+14 0.00061 
   56   56    1    1    1    1    1    1    1    1  1.02833E+14 0.00089 
   57   57    1    1    1    1    1    1    1    1  1.51316E+15 0.00046 
   58   58    1    1    1    1    1    1    1    1  6.83343E+14 0.00062 
   59   59    1    1    1    1    1    1    1    1  7.30851E+14 0.00059 
   60   60    1    1    1    1    1    1    1    1  5.74953E+14 0.00055 
   61   61    1    1    1    1    1    1    1    1  5.76976E+14 0.00058 
   62   62    1    1    1    1    1    1    1    1  6.03068E+14 0.00090 
   63   63    1    1    1    1    1    1    1    1  5.11559E+14 0.00075 
   64   64    1    1    1    1    1    1    1    1  4.09048E+14 0.00054 
   65   65    1    1    1    1    1    1    1    1  4.09191E+14 0.00114 
   66   66    1    1    1    1    1    1    1    1  2.96409E+14 0.00099 
   67   67    1    1    1    1    1    1    1    1  2.41458E+14 0.00077 
   68   68    1    1    1    1    1    1    1    1  2.16043E+14 0.00102 
   69   69    1    1    1    1    1    1    1    1  2.59584E+14 0.00137 
   70   70    1    1    1    1    1    1    1    1  2.21570E+14 0.00066 
   71   71    1    1    1    1    1    1    1    1  4.06253E+14 0.00085 
   72   72    1    1    1    1    1    1    1    1  2.88696E+14 0.00120 
   73   73    1    1    1    1    1    1    1    1  2.18219E+14 0.00104 
   74   74    1    1    1    1    1    1    1    1  1.76160E+14 0.00092 
   75   75    1    1    1    1    1    1    1    1  1.46692E+14 0.00125 
   76   76    1    1    1    1    1    1    1    1  1.71442E+14 0.00128 
   77   77    1    1    1    1    1    1    1    1  1.35430E+14 0.00090 
   78   78    1    1    1    1    1    1    1    1  1.08435E+14 0.00145 
   79   79    1    1    1    1    1    1    1    1  1.12268E+14 0.00141 
   80   80    1    1    1    1    1    1    1    1  8.32369E+13 0.00185 
   81   81    1    1    1    1    1    1    1    1  6.41686E+13 0.00121 
   82   82    1    1    1    1    1    1    1    1  4.90901E+13 0.00177 
   83   83    1    1    1    1    1    1    1    1  4.58916E+13 0.00182 
   84   84    1    1    1    1    1    1    1    1  3.31695E+13 0.00265 
   85   85    1    1    1    1    1    1    1    1  2.39505E+13 0.00339 
   86   86    1    1    1    1    1    1    1    1  2.22371E+13 0.00245 
   87   87    1    1    1    1    1    1    1    1  1.37873E+13 0.00404 
   88   88    1    1    1    1    1    1    1    1  9.33099E+12 0.00473 
   89   89    1    1    1    1    1    1    1    1  5.28699E+12 0.00578 
   90   90    1    1    1    1    1    1    1    1  3.48021E+12 0.00580 
   91   91    1    1    1    1    1    1    1    1  1.75141E+12 0.01022 
   92   92    1    1    1    1    1    1    1    1  8.67978E+11 0.01695 
   93   93    1    1    1    1    1    1    1    1  4.14474E+11 0.03457 
   94   94    1    1    1    1    1    1    1    1  1.89021E+11 0.03526 
   95   95    1    1    1    1    1    1    1    1  8.70424E+10 0.05150 
   96   96    1    1    1    1    1    1    1    1  4.42370E+10 0.07838 
   97   97    1    1    1    1    1    1    1    1  2.07355E+10 0.09631 
   98   98    1    1    1    1    1    1    1    1  1.13782E+10 0.20420 
   99   99    1    1    1    1    1    1    1    1  5.70636E+09 0.22681 
  100  100    1    1    1    1    1    1    1    1  4.14310E+09 0.21097 
];


