
DETdpaspec = [
    1    1    1    1    1    1    1    1    1    1  0.00000E+00 0.00000 
    2    2    1    1    1    1    1    1    1    1  0.00000E+00 0.00000 
    3    3    1    1    1    1    1    1    1    1  0.00000E+00 0.00000 
    4    4    1    1    1    1    1    1    1    1  0.00000E+00 0.00000 
    5    5    1    1    1    1    1    1    1    1  0.00000E+00 0.00000 
    6    6    1    1    1    1    1    1    1    1  0.00000E+00 0.00000 
    7    7    1    1    1    1    1    1    1    1  0.00000E+00 0.00000 
    8    8    1    1    1    1    1    1    1    1  0.00000E+00 0.00000 
    9    9    1    1    1    1    1    1    1    1  0.00000E+00 0.00000 
   10   10    1    1    1    1    1    1    1    1  0.00000E+00 0.00000 
   11   11    1    1    1    1    1    1    1    1  0.00000E+00 0.00000 
   12   12    1    1    1    1    1    1    1    1  1.04291E+07 1.00000 
   13   13    1    1    1    1    1    1    1    1  1.00912E+09 0.51160 
   14   14    1    1    1    1    1    1    1    1  2.21420E+09 0.60318 
   15   15    1    1    1    1    1    1    1    1  1.70053E+09 0.65962 
   16   16    1    1    1    1    1    1    1    1  2.52441E+08 0.64065 
   17   17    1    1    1    1    1    1    1    1  1.01391E+09 0.38644 
   18   18    1    1    1    1    1    1    1    1  2.55304E+09 0.33677 
   19   19    1    1    1    1    1    1    1    1  2.13059E+09 0.32175 
   20   20    1    1    1    1    1    1    1    1  4.47157E+09 0.21697 
   21   21    1    1    1    1    1    1    1    1  4.15558E+09 0.20589 
   22   22    1    1    1    1    1    1    1    1  1.18019E+10 0.12694 
   23   23    1    1    1    1    1    1    1    1  2.18184E+10 0.09450 
   24   24    1    1    1    1    1    1    1    1  4.52814E+10 0.06544 
   25   25    1    1    1    1    1    1    1    1  7.45849E+10 0.05743 
   26   26    1    1    1    1    1    1    1    1  1.81204E+11 0.04631 
   27   27    1    1    1    1    1    1    1    1  3.86794E+11 0.02531 
   28   28    1    1    1    1    1    1    1    1  9.39412E+11 0.01827 
   29   29    1    1    1    1    1    1    1    1  1.65019E+12 0.01022 
   30   30    1    1    1    1    1    1    1    1  3.75101E+12 0.00857 
   31   31    1    1    1    1    1    1    1    1  9.58004E+12 0.00548 
   32   32    1    1    1    1    1    1    1    1  1.55330E+13 0.00370 
   33   33    1    1    1    1    1    1    1    1  3.42743E+13 0.00338 
   34   34    1    1    1    1    1    1    1    1  4.51922E+13 0.00243 
   35   35    1    1    1    1    1    1    1    1  4.99290E+13 0.00154 
   36   36    1    1    1    1    1    1    1    1  3.10712E+13 0.00235 
   37   37    1    1    1    1    1    1    1    1  9.18594E+12 0.00168 
   38   38    1    1    1    1    1    1    1    1  5.25805E+13 0.00161 
   39   39    1    1    1    1    1    1    1    1  7.02847E+13 0.00098 
   40   40    1    1    1    1    1    1    1    1  1.20854E+14 0.00161 
   41   41    1    1    1    1    1    1    1    1  1.17695E+14 0.00164 
   42   42    1    1    1    1    1    1    1    1  2.54759E+14 0.00107 
   43   43    1    1    1    1    1    1    1    1  3.07830E+14 0.00096 
   44   44    1    1    1    1    1    1    1    1  4.44243E+14 0.00093 
   45   45    1    1    1    1    1    1    1    1  8.86347E+14 0.00058 
   46   46    1    1    1    1    1    1    1    1  4.04526E+14 0.00077 
   47   47    1    1    1    1    1    1    1    1  6.44840E+14 0.00065 
   48   48    1    1    1    1    1    1    1    1  8.94273E+14 0.00053 
   49   49    1    1    1    1    1    1    1    1  8.79045E+14 0.00061 
   50   50    1    1    1    1    1    1    1    1  1.38556E+15 0.00044 
   51   51    1    1    1    1    1    1    1    1  1.08409E+15 0.00062 
   52   52    1    1    1    1    1    1    1    1  1.31364E+15 0.00048 
   53   53    1    1    1    1    1    1    1    1  9.06661E+14 0.00055 
   54   54    1    1    1    1    1    1    1    1  1.12941E+15 0.00066 
   55   55    1    1    1    1    1    1    1    1  7.75366E+14 0.00064 
   56   56    1    1    1    1    1    1    1    1  1.05065E+14 0.00101 
   57   57    1    1    1    1    1    1    1    1  1.53826E+15 0.00058 
   58   58    1    1    1    1    1    1    1    1  7.03197E+14 0.00061 
   59   59    1    1    1    1    1    1    1    1  7.43257E+14 0.00069 
   60   60    1    1    1    1    1    1    1    1  5.89693E+14 0.00055 
   61   61    1    1    1    1    1    1    1    1  5.89597E+14 0.00058 
   62   62    1    1    1    1    1    1    1    1  6.15334E+14 0.00066 
   63   63    1    1    1    1    1    1    1    1  5.20853E+14 0.00067 
   64   64    1    1    1    1    1    1    1    1  4.15303E+14 0.00082 
   65   65    1    1    1    1    1    1    1    1  4.13480E+14 0.00063 
   66   66    1    1    1    1    1    1    1    1  2.98708E+14 0.00090 
   67   67    1    1    1    1    1    1    1    1  2.42263E+14 0.00114 
   68   68    1    1    1    1    1    1    1    1  2.16469E+14 0.00076 
   69   69    1    1    1    1    1    1    1    1  2.59273E+14 0.00113 
   70   70    1    1    1    1    1    1    1    1  2.19929E+14 0.00124 
   71   71    1    1    1    1    1    1    1    1  3.95008E+14 0.00074 
   72   72    1    1    1    1    1    1    1    1  2.79301E+14 0.00094 
   73   73    1    1    1    1    1    1    1    1  2.10753E+14 0.00114 
   74   74    1    1    1    1    1    1    1    1  1.71338E+14 0.00115 
   75   75    1    1    1    1    1    1    1    1  1.44401E+14 0.00141 
   76   76    1    1    1    1    1    1    1    1  1.69283E+14 0.00182 
   77   77    1    1    1    1    1    1    1    1  1.35372E+14 0.00152 
   78   78    1    1    1    1    1    1    1    1  1.09025E+14 0.00138 
   79   79    1    1    1    1    1    1    1    1  1.13193E+14 0.00144 
   80   80    1    1    1    1    1    1    1    1  8.41045E+13 0.00132 
   81   81    1    1    1    1    1    1    1    1  6.51394E+13 0.00152 
   82   82    1    1    1    1    1    1    1    1  4.98646E+13 0.00196 
   83   83    1    1    1    1    1    1    1    1  4.65489E+13 0.00220 
   84   84    1    1    1    1    1    1    1    1  3.34518E+13 0.00317 
   85   85    1    1    1    1    1    1    1    1  2.42371E+13 0.00253 
   86   86    1    1    1    1    1    1    1    1  2.25599E+13 0.00355 
   87   87    1    1    1    1    1    1    1    1  1.38317E+13 0.00484 
   88   88    1    1    1    1    1    1    1    1  9.25102E+12 0.00353 
   89   89    1    1    1    1    1    1    1    1  5.30407E+12 0.00629 
   90   90    1    1    1    1    1    1    1    1  3.49919E+12 0.00854 
   91   91    1    1    1    1    1    1    1    1  1.74231E+12 0.01306 
   92   92    1    1    1    1    1    1    1    1  8.44289E+11 0.01830 
   93   93    1    1    1    1    1    1    1    1  3.94631E+11 0.03220 
   94   94    1    1    1    1    1    1    1    1  1.77615E+11 0.03071 
   95   95    1    1    1    1    1    1    1    1  8.80042E+10 0.06710 
   96   96    1    1    1    1    1    1    1    1  4.47499E+10 0.08517 
   97   97    1    1    1    1    1    1    1    1  2.42132E+10 0.08386 
   98   98    1    1    1    1    1    1    1    1  1.22157E+10 0.13223 
   99   99    1    1    1    1    1    1    1    1  4.36853E+09 0.17202 
  100  100    1    1    1    1    1    1    1    1  4.56967E+09 0.20332 
];


