
DETdpaspec = [
    1    1    1    1    1    1    1    1    1    1  0.00000E+00 0.00000 
    2    2    1    1    1    1    1    1    1    1  0.00000E+00 0.00000 
    3    3    1    1    1    1    1    1    1    1  0.00000E+00 0.00000 
    4    4    1    1    1    1    1    1    1    1  0.00000E+00 0.00000 
    5    5    1    1    1    1    1    1    1    1  0.00000E+00 0.00000 
    6    6    1    1    1    1    1    1    1    1  0.00000E+00 0.00000 
    7    7    1    1    1    1    1    1    1    1  0.00000E+00 0.00000 
    8    8    1    1    1    1    1    1    1    1  0.00000E+00 0.00000 
    9    9    1    1    1    1    1    1    1    1  0.00000E+00 0.00000 
   10   10    1    1    1    1    1    1    1    1  1.20518E+07 1.00000 
   11   11    1    1    1    1    1    1    1    1  0.00000E+00 0.00000 
   12   12    1    1    1    1    1    1    1    1  1.92118E+07 1.00000 
   13   13    1    1    1    1    1    1    1    1  4.52363E+08 0.59109 
   14   14    1    1    1    1    1    1    1    1  7.21433E+08 0.53522 
   15   15    1    1    1    1    1    1    1    1  1.87048E+09 0.48944 
   16   16    1    1    1    1    1    1    1    1  3.21080E+08 0.51751 
   17   17    1    1    1    1    1    1    1    1  1.35088E+09 0.37861 
   18   18    1    1    1    1    1    1    1    1  1.17968E+09 0.43099 
   19   19    1    1    1    1    1    1    1    1  1.60976E+09 0.21614 
   20   20    1    1    1    1    1    1    1    1  9.86482E+09 0.17923 
   21   21    1    1    1    1    1    1    1    1  6.34628E+09 0.12276 
   22   22    1    1    1    1    1    1    1    1  1.57185E+10 0.11186 
   23   23    1    1    1    1    1    1    1    1  1.82979E+10 0.09611 
   24   24    1    1    1    1    1    1    1    1  3.04937E+10 0.05816 
   25   25    1    1    1    1    1    1    1    1  5.07959E+10 0.06051 
   26   26    1    1    1    1    1    1    1    1  7.94356E+10 0.04027 
   27   27    1    1    1    1    1    1    1    1  1.38572E+11 0.04420 
   28   28    1    1    1    1    1    1    1    1  3.14464E+11 0.02236 
   29   29    1    1    1    1    1    1    1    1  5.40622E+11 0.01631 
   30   30    1    1    1    1    1    1    1    1  1.47672E+12 0.01499 
   31   31    1    1    1    1    1    1    1    1  4.59840E+12 0.00909 
   32   32    1    1    1    1    1    1    1    1  8.53382E+12 0.00708 
   33   33    1    1    1    1    1    1    1    1  2.04357E+13 0.00439 
   34   34    1    1    1    1    1    1    1    1  2.86323E+13 0.00253 
   35   35    1    1    1    1    1    1    1    1  3.61229E+13 0.00254 
   36   36    1    1    1    1    1    1    1    1  2.41091E+13 0.00323 
   37   37    1    1    1    1    1    1    1    1  7.31368E+12 0.00315 
   38   38    1    1    1    1    1    1    1    1  4.15209E+13 0.00215 
   39   39    1    1    1    1    1    1    1    1  5.61354E+13 0.00201 
   40   40    1    1    1    1    1    1    1    1  9.72683E+13 0.00146 
   41   41    1    1    1    1    1    1    1    1  9.78809E+13 0.00153 
   42   42    1    1    1    1    1    1    1    1  2.11933E+14 0.00127 
   43   43    1    1    1    1    1    1    1    1  2.59709E+14 0.00127 
   44   44    1    1    1    1    1    1    1    1  3.80485E+14 0.00099 
   45   45    1    1    1    1    1    1    1    1  7.72454E+14 0.00107 
   46   46    1    1    1    1    1    1    1    1  3.63434E+14 0.00093 
   47   47    1    1    1    1    1    1    1    1  5.88129E+14 0.00053 
   48   48    1    1    1    1    1    1    1    1  8.26322E+14 0.00055 
   49   49    1    1    1    1    1    1    1    1  8.25904E+14 0.00062 
   50   50    1    1    1    1    1    1    1    1  1.30845E+15 0.00053 
   51   51    1    1    1    1    1    1    1    1  1.04750E+15 0.00071 
   52   52    1    1    1    1    1    1    1    1  1.26438E+15 0.00065 
   53   53    1    1    1    1    1    1    1    1  8.85163E+14 0.00065 
   54   54    1    1    1    1    1    1    1    1  1.09691E+15 0.00044 
   55   55    1    1    1    1    1    1    1    1  7.58870E+14 0.00054 
   56   56    1    1    1    1    1    1    1    1  1.03508E+14 0.00110 
   57   57    1    1    1    1    1    1    1    1  1.51790E+15 0.00053 
   58   58    1    1    1    1    1    1    1    1  6.86610E+14 0.00063 
   59   59    1    1    1    1    1    1    1    1  7.33734E+14 0.00065 
   60   60    1    1    1    1    1    1    1    1  5.77500E+14 0.00052 
   61   61    1    1    1    1    1    1    1    1  5.80043E+14 0.00095 
   62   62    1    1    1    1    1    1    1    1  6.05610E+14 0.00069 
   63   63    1    1    1    1    1    1    1    1  5.14323E+14 0.00096 
   64   64    1    1    1    1    1    1    1    1  4.11903E+14 0.00113 
   65   65    1    1    1    1    1    1    1    1  4.11451E+14 0.00098 
   66   66    1    1    1    1    1    1    1    1  2.97721E+14 0.00106 
   67   67    1    1    1    1    1    1    1    1  2.42752E+14 0.00102 
   68   68    1    1    1    1    1    1    1    1  2.17924E+14 0.00147 
   69   69    1    1    1    1    1    1    1    1  2.61434E+14 0.00132 
   70   70    1    1    1    1    1    1    1    1  2.23461E+14 0.00129 
   71   71    1    1    1    1    1    1    1    1  4.06548E+14 0.00083 
   72   72    1    1    1    1    1    1    1    1  2.88584E+14 0.00095 
   73   73    1    1    1    1    1    1    1    1  2.18470E+14 0.00117 
   74   74    1    1    1    1    1    1    1    1  1.77056E+14 0.00115 
   75   75    1    1    1    1    1    1    1    1  1.47648E+14 0.00151 
   76   76    1    1    1    1    1    1    1    1  1.71699E+14 0.00111 
   77   77    1    1    1    1    1    1    1    1  1.36885E+14 0.00165 
   78   78    1    1    1    1    1    1    1    1  1.09248E+14 0.00145 
   79   79    1    1    1    1    1    1    1    1  1.13079E+14 0.00106 
   80   80    1    1    1    1    1    1    1    1  8.40890E+13 0.00175 
   81   81    1    1    1    1    1    1    1    1  6.45999E+13 0.00172 
   82   82    1    1    1    1    1    1    1    1  4.97360E+13 0.00227 
   83   83    1    1    1    1    1    1    1    1  4.64302E+13 0.00228 
   84   84    1    1    1    1    1    1    1    1  3.34544E+13 0.00237 
   85   85    1    1    1    1    1    1    1    1  2.40247E+13 0.00302 
   86   86    1    1    1    1    1    1    1    1  2.26346E+13 0.00342 
   87   87    1    1    1    1    1    1    1    1  1.38902E+13 0.00306 
   88   88    1    1    1    1    1    1    1    1  9.24437E+12 0.00495 
   89   89    1    1    1    1    1    1    1    1  5.32410E+12 0.00705 
   90   90    1    1    1    1    1    1    1    1  3.47509E+12 0.00832 
   91   91    1    1    1    1    1    1    1    1  1.79963E+12 0.01110 
   92   92    1    1    1    1    1    1    1    1  8.48124E+11 0.02231 
   93   93    1    1    1    1    1    1    1    1  4.24662E+11 0.02026 
   94   94    1    1    1    1    1    1    1    1  2.05713E+11 0.02884 
   95   95    1    1    1    1    1    1    1    1  1.05775E+11 0.04040 
   96   96    1    1    1    1    1    1    1    1  4.71004E+10 0.07967 
   97   97    1    1    1    1    1    1    1    1  1.75773E+10 0.08442 
   98   98    1    1    1    1    1    1    1    1  1.13461E+10 0.12352 
   99   99    1    1    1    1    1    1    1    1  3.51116E+09 0.21417 
  100  100    1    1    1    1    1    1    1    1  3.97299E+09 0.25401 
];


