
DETdpaspec = [
    1    1    1    1    1    1    1    1    1    1  0.00000E+00 0.00000 
    2    2    1    1    1    1    1    1    1    1  0.00000E+00 0.00000 
    3    3    1    1    1    1    1    1    1    1  0.00000E+00 0.00000 
    4    4    1    1    1    1    1    1    1    1  0.00000E+00 0.00000 
    5    5    1    1    1    1    1    1    1    1  0.00000E+00 0.00000 
    6    6    1    1    1    1    1    1    1    1  0.00000E+00 0.00000 
    7    7    1    1    1    1    1    1    1    1  0.00000E+00 0.00000 
    8    8    1    1    1    1    1    1    1    1  1.20618E+07 1.00000 
    9    9    1    1    1    1    1    1    1    1  0.00000E+00 0.00000 
   10   10    1    1    1    1    1    1    1    1  0.00000E+00 0.00000 
   11   11    1    1    1    1    1    1    1    1  9.83666E+07 1.00000 
   12   12    1    1    1    1    1    1    1    1  9.08600E+07 0.68550 
   13   13    1    1    1    1    1    1    1    1  9.83316E+08 0.44621 
   14   14    1    1    1    1    1    1    1    1  1.29962E+09 0.47643 
   15   15    1    1    1    1    1    1    1    1  1.22522E+09 0.42731 
   16   16    1    1    1    1    1    1    1    1  6.70736E+08 0.33363 
   17   17    1    1    1    1    1    1    1    1  9.75053E+08 0.37407 
   18   18    1    1    1    1    1    1    1    1  1.33181E+09 0.46633 
   19   19    1    1    1    1    1    1    1    1  1.27069E+09 0.33712 
   20   20    1    1    1    1    1    1    1    1  6.14786E+09 0.23508 
   21   21    1    1    1    1    1    1    1    1  4.60061E+09 0.23264 
   22   22    1    1    1    1    1    1    1    1  1.22324E+10 0.20064 
   23   23    1    1    1    1    1    1    1    1  1.39046E+10 0.10749 
   24   24    1    1    1    1    1    1    1    1  3.36921E+10 0.06963 
   25   25    1    1    1    1    1    1    1    1  5.44008E+10 0.06192 
   26   26    1    1    1    1    1    1    1    1  1.12823E+11 0.04308 
   27   27    1    1    1    1    1    1    1    1  2.25057E+11 0.03723 
   28   28    1    1    1    1    1    1    1    1  5.79218E+11 0.02441 
   29   29    1    1    1    1    1    1    1    1  1.03716E+12 0.01213 
   30   30    1    1    1    1    1    1    1    1  2.52398E+12 0.01259 
   31   31    1    1    1    1    1    1    1    1  7.02006E+12 0.00819 
   32   32    1    1    1    1    1    1    1    1  1.21232E+13 0.00475 
   33   33    1    1    1    1    1    1    1    1  2.77768E+13 0.00345 
   34   34    1    1    1    1    1    1    1    1  3.78459E+13 0.00353 
   35   35    1    1    1    1    1    1    1    1  4.37754E+13 0.00286 
   36   36    1    1    1    1    1    1    1    1  2.78390E+13 0.00260 
   37   37    1    1    1    1    1    1    1    1  8.30909E+12 0.00241 
   38   38    1    1    1    1    1    1    1    1  4.75865E+13 0.00189 
   39   39    1    1    1    1    1    1    1    1  6.41314E+13 0.00201 
   40   40    1    1    1    1    1    1    1    1  1.10263E+14 0.00185 
   41   41    1    1    1    1    1    1    1    1  1.08744E+14 0.00163 
   42   42    1    1    1    1    1    1    1    1  2.35815E+14 0.00147 
   43   43    1    1    1    1    1    1    1    1  2.87006E+14 0.00096 
   44   44    1    1    1    1    1    1    1    1  4.16709E+14 0.00087 
   45   45    1    1    1    1    1    1    1    1  8.39484E+14 0.00086 
   46   46    1    1    1    1    1    1    1    1  3.87370E+14 0.00075 
   47   47    1    1    1    1    1    1    1    1  6.21158E+14 0.00079 
   48   48    1    1    1    1    1    1    1    1  8.67384E+14 0.00069 
   49   49    1    1    1    1    1    1    1    1  8.58219E+14 0.00062 
   50   50    1    1    1    1    1    1    1    1  1.35693E+15 0.00047 
   51   51    1    1    1    1    1    1    1    1  1.07032E+15 0.00065 
   52   52    1    1    1    1    1    1    1    1  1.29751E+15 0.00049 
   53   53    1    1    1    1    1    1    1    1  9.00382E+14 0.00066 
   54   54    1    1    1    1    1    1    1    1  1.12190E+15 0.00073 
   55   55    1    1    1    1    1    1    1    1  7.72753E+14 0.00056 
   56   56    1    1    1    1    1    1    1    1  1.04762E+14 0.00133 
   57   57    1    1    1    1    1    1    1    1  1.53662E+15 0.00043 
   58   58    1    1    1    1    1    1    1    1  7.01414E+14 0.00065 
   59   59    1    1    1    1    1    1    1    1  7.44676E+14 0.00069 
   60   60    1    1    1    1    1    1    1    1  5.89814E+14 0.00051 
   61   61    1    1    1    1    1    1    1    1  5.90555E+14 0.00058 
   62   62    1    1    1    1    1    1    1    1  6.18181E+14 0.00069 
   63   63    1    1    1    1    1    1    1    1  5.22791E+14 0.00067 
   64   64    1    1    1    1    1    1    1    1  4.18154E+14 0.00091 
   65   65    1    1    1    1    1    1    1    1  4.17239E+14 0.00071 
   66   66    1    1    1    1    1    1    1    1  3.01917E+14 0.00073 
   67   67    1    1    1    1    1    1    1    1  2.44858E+14 0.00092 
   68   68    1    1    1    1    1    1    1    1  2.19112E+14 0.00123 
   69   69    1    1    1    1    1    1    1    1  2.62410E+14 0.00087 
   70   70    1    1    1    1    1    1    1    1  2.23292E+14 0.00098 
   71   71    1    1    1    1    1    1    1    1  4.04055E+14 0.00108 
   72   72    1    1    1    1    1    1    1    1  2.85517E+14 0.00097 
   73   73    1    1    1    1    1    1    1    1  2.16158E+14 0.00094 
   74   74    1    1    1    1    1    1    1    1  1.75608E+14 0.00114 
   75   75    1    1    1    1    1    1    1    1  1.47227E+14 0.00171 
   76   76    1    1    1    1    1    1    1    1  1.72779E+14 0.00160 
   77   77    1    1    1    1    1    1    1    1  1.38113E+14 0.00103 
   78   78    1    1    1    1    1    1    1    1  1.11118E+14 0.00124 
   79   79    1    1    1    1    1    1    1    1  1.14686E+14 0.00181 
   80   80    1    1    1    1    1    1    1    1  8.54803E+13 0.00169 
   81   81    1    1    1    1    1    1    1    1  6.59222E+13 0.00194 
   82   82    1    1    1    1    1    1    1    1  5.05990E+13 0.00211 
   83   83    1    1    1    1    1    1    1    1  4.76541E+13 0.00195 
   84   84    1    1    1    1    1    1    1    1  3.41862E+13 0.00259 
   85   85    1    1    1    1    1    1    1    1  2.46204E+13 0.00339 
   86   86    1    1    1    1    1    1    1    1  2.30619E+13 0.00299 
   87   87    1    1    1    1    1    1    1    1  1.41051E+13 0.00328 
   88   88    1    1    1    1    1    1    1    1  9.49528E+12 0.00578 
   89   89    1    1    1    1    1    1    1    1  5.44186E+12 0.00698 
   90   90    1    1    1    1    1    1    1    1  3.56237E+12 0.00777 
   91   91    1    1    1    1    1    1    1    1  1.77106E+12 0.01266 
   92   92    1    1    1    1    1    1    1    1  8.59354E+11 0.02050 
   93   93    1    1    1    1    1    1    1    1  4.38783E+11 0.02584 
   94   94    1    1    1    1    1    1    1    1  2.06811E+11 0.04065 
   95   95    1    1    1    1    1    1    1    1  9.36434E+10 0.06107 
   96   96    1    1    1    1    1    1    1    1  5.09204E+10 0.06892 
   97   97    1    1    1    1    1    1    1    1  1.73703E+10 0.11364 
   98   98    1    1    1    1    1    1    1    1  9.84865E+09 0.19644 
   99   99    1    1    1    1    1    1    1    1  4.01124E+09 0.26108 
  100  100    1    1    1    1    1    1    1    1  4.99956E+09 0.24615 
];


