
DETdpaspec = [
    1    1    1    1    1    1    1    1    1    1  0.00000E+00 0.00000 
    2    2    1    1    1    1    1    1    1    1  0.00000E+00 0.00000 
    3    3    1    1    1    1    1    1    1    1  0.00000E+00 0.00000 
    4    4    1    1    1    1    1    1    1    1  0.00000E+00 0.00000 
    5    5    1    1    1    1    1    1    1    1  0.00000E+00 0.00000 
    6    6    1    1    1    1    1    1    1    1  1.79598E+07 0.54626 
    7    7    1    1    1    1    1    1    1    1  0.00000E+00 0.00000 
    8    8    1    1    1    1    1    1    1    1  0.00000E+00 0.00000 
    9    9    1    1    1    1    1    1    1    1  0.00000E+00 0.00000 
   10   10    1    1    1    1    1    1    1    1  0.00000E+00 0.00000 
   11   11    1    1    1    1    1    1    1    1  0.00000E+00 0.00000 
   12   12    1    1    1    1    1    1    1    1  1.06833E+06 1.00000 
   13   13    1    1    1    1    1    1    1    1  2.79427E+08 0.55416 
   14   14    1    1    1    1    1    1    1    1  6.60251E+08 0.52933 
   15   15    1    1    1    1    1    1    1    1  5.07351E+08 0.49506 
   16   16    1    1    1    1    1    1    1    1  2.39962E+08 0.43095 
   17   17    1    1    1    1    1    1    1    1  9.46218E+08 0.32957 
   18   18    1    1    1    1    1    1    1    1  1.02995E+09 0.49810 
   19   19    1    1    1    1    1    1    1    1  1.73484E+09 0.23720 
   20   20    1    1    1    1    1    1    1    1  6.15670E+09 0.19817 
   21   21    1    1    1    1    1    1    1    1  5.24523E+09 0.17023 
   22   22    1    1    1    1    1    1    1    1  1.28937E+10 0.10477 
   23   23    1    1    1    1    1    1    1    1  2.45552E+10 0.07295 
   24   24    1    1    1    1    1    1    1    1  3.45060E+10 0.06500 
   25   25    1    1    1    1    1    1    1    1  4.79843E+10 0.08377 
   26   26    1    1    1    1    1    1    1    1  7.39467E+10 0.06087 
   27   27    1    1    1    1    1    1    1    1  1.43739E+11 0.04308 
   28   28    1    1    1    1    1    1    1    1  3.17239E+11 0.03014 
   29   29    1    1    1    1    1    1    1    1  5.40259E+11 0.02620 
   30   30    1    1    1    1    1    1    1    1  1.50280E+12 0.01251 
   31   31    1    1    1    1    1    1    1    1  4.57061E+12 0.00550 
   32   32    1    1    1    1    1    1    1    1  8.48865E+12 0.00653 
   33   33    1    1    1    1    1    1    1    1  2.03738E+13 0.00385 
   34   34    1    1    1    1    1    1    1    1  2.85909E+13 0.00238 
   35   35    1    1    1    1    1    1    1    1  3.62165E+13 0.00240 
   36   36    1    1    1    1    1    1    1    1  2.41098E+13 0.00234 
   37   37    1    1    1    1    1    1    1    1  7.31609E+12 0.00333 
   38   38    1    1    1    1    1    1    1    1  4.13567E+13 0.00328 
   39   39    1    1    1    1    1    1    1    1  5.61009E+13 0.00245 
   40   40    1    1    1    1    1    1    1    1  9.69315E+13 0.00166 
   41   41    1    1    1    1    1    1    1    1  9.75880E+13 0.00167 
   42   42    1    1    1    1    1    1    1    1  2.11103E+14 0.00130 
   43   43    1    1    1    1    1    1    1    1  2.59059E+14 0.00128 
   44   44    1    1    1    1    1    1    1    1  3.79491E+14 0.00102 
   45   45    1    1    1    1    1    1    1    1  7.70810E+14 0.00084 
   46   46    1    1    1    1    1    1    1    1  3.63042E+14 0.00084 
   47   47    1    1    1    1    1    1    1    1  5.86363E+14 0.00064 
   48   48    1    1    1    1    1    1    1    1  8.26435E+14 0.00070 
   49   49    1    1    1    1    1    1    1    1  8.23751E+14 0.00071 
   50   50    1    1    1    1    1    1    1    1  1.30462E+15 0.00062 
   51   51    1    1    1    1    1    1    1    1  1.04642E+15 0.00082 
   52   52    1    1    1    1    1    1    1    1  1.26440E+15 0.00054 
   53   53    1    1    1    1    1    1    1    1  8.84677E+14 0.00060 
   54   54    1    1    1    1    1    1    1    1  1.09653E+15 0.00057 
   55   55    1    1    1    1    1    1    1    1  7.58119E+14 0.00084 
   56   56    1    1    1    1    1    1    1    1  1.03289E+14 0.00099 
   57   57    1    1    1    1    1    1    1    1  1.51650E+15 0.00061 
   58   58    1    1    1    1    1    1    1    1  6.86018E+14 0.00096 
   59   59    1    1    1    1    1    1    1    1  7.33047E+14 0.00071 
   60   60    1    1    1    1    1    1    1    1  5.76908E+14 0.00078 
   61   61    1    1    1    1    1    1    1    1  5.79517E+14 0.00053 
   62   62    1    1    1    1    1    1    1    1  6.05874E+14 0.00082 
   63   63    1    1    1    1    1    1    1    1  5.13350E+14 0.00092 
   64   64    1    1    1    1    1    1    1    1  4.10832E+14 0.00085 
   65   65    1    1    1    1    1    1    1    1  4.10286E+14 0.00095 
   66   66    1    1    1    1    1    1    1    1  2.97702E+14 0.00089 
   67   67    1    1    1    1    1    1    1    1  2.42184E+14 0.00096 
   68   68    1    1    1    1    1    1    1    1  2.17326E+14 0.00121 
   69   69    1    1    1    1    1    1    1    1  2.61526E+14 0.00088 
   70   70    1    1    1    1    1    1    1    1  2.23389E+14 0.00117 
   71   71    1    1    1    1    1    1    1    1  4.07071E+14 0.00082 
   72   72    1    1    1    1    1    1    1    1  2.88684E+14 0.00105 
   73   73    1    1    1    1    1    1    1    1  2.18540E+14 0.00136 
   74   74    1    1    1    1    1    1    1    1  1.76595E+14 0.00093 
   75   75    1    1    1    1    1    1    1    1  1.47622E+14 0.00122 
   76   76    1    1    1    1    1    1    1    1  1.72043E+14 0.00111 
   77   77    1    1    1    1    1    1    1    1  1.36527E+14 0.00136 
   78   78    1    1    1    1    1    1    1    1  1.09009E+14 0.00148 
   79   79    1    1    1    1    1    1    1    1  1.12610E+14 0.00121 
   80   80    1    1    1    1    1    1    1    1  8.39930E+13 0.00186 
   81   81    1    1    1    1    1    1    1    1  6.47470E+13 0.00203 
   82   82    1    1    1    1    1    1    1    1  4.96350E+13 0.00206 
   83   83    1    1    1    1    1    1    1    1  4.62230E+13 0.00228 
   84   84    1    1    1    1    1    1    1    1  3.34272E+13 0.00210 
   85   85    1    1    1    1    1    1    1    1  2.41217E+13 0.00394 
   86   86    1    1    1    1    1    1    1    1  2.26025E+13 0.00326 
   87   87    1    1    1    1    1    1    1    1  1.38808E+13 0.00324 
   88   88    1    1    1    1    1    1    1    1  9.34671E+12 0.00573 
   89   89    1    1    1    1    1    1    1    1  5.30632E+12 0.00763 
   90   90    1    1    1    1    1    1    1    1  3.50618E+12 0.00822 
   91   91    1    1    1    1    1    1    1    1  1.77848E+12 0.01395 
   92   92    1    1    1    1    1    1    1    1  8.54856E+11 0.01630 
   93   93    1    1    1    1    1    1    1    1  4.27234E+11 0.03005 
   94   94    1    1    1    1    1    1    1    1  2.06099E+11 0.03709 
   95   95    1    1    1    1    1    1    1    1  9.41656E+10 0.05455 
   96   96    1    1    1    1    1    1    1    1  4.44782E+10 0.07094 
   97   97    1    1    1    1    1    1    1    1  2.32537E+10 0.12300 
   98   98    1    1    1    1    1    1    1    1  9.50372E+09 0.20161 
   99   99    1    1    1    1    1    1    1    1  5.85450E+09 0.23226 
  100  100    1    1    1    1    1    1    1    1  3.56788E+09 0.25629 
];


