
DETdpaspec = [
    1    1    1    1    1    1    1    1    1    1  0.00000E+00 0.00000 
    2    2    1    1    1    1    1    1    1    1  0.00000E+00 0.00000 
    3    3    1    1    1    1    1    1    1    1  0.00000E+00 0.00000 
    4    4    1    1    1    1    1    1    1    1  0.00000E+00 0.00000 
    5    5    1    1    1    1    1    1    1    1  0.00000E+00 0.00000 
    6    6    1    1    1    1    1    1    1    1  6.84840E+06 1.00000 
    7    7    1    1    1    1    1    1    1    1  9.80612E+06 1.00000 
    8    8    1    1    1    1    1    1    1    1  1.44327E+07 0.68890 
    9    9    1    1    1    1    1    1    1    1  0.00000E+00 0.00000 
   10   10    1    1    1    1    1    1    1    1  0.00000E+00 0.00000 
   11   11    1    1    1    1    1    1    1    1  0.00000E+00 0.00000 
   12   12    1    1    1    1    1    1    1    1  3.08363E+07 0.68864 
   13   13    1    1    1    1    1    1    1    1  4.58453E+08 0.73405 
   14   14    1    1    1    1    1    1    1    1  1.18189E+09 0.56031 
   15   15    1    1    1    1    1    1    1    1  8.60643E+08 0.49180 
   16   16    1    1    1    1    1    1    1    1  2.92761E+08 0.56611 
   17   17    1    1    1    1    1    1    1    1  9.10893E+08 0.45531 
   18   18    1    1    1    1    1    1    1    1  1.28566E+09 0.24442 
   19   19    1    1    1    1    1    1    1    1  2.46911E+09 0.25929 
   20   20    1    1    1    1    1    1    1    1  8.37340E+09 0.17532 
   21   21    1    1    1    1    1    1    1    1  7.31524E+09 0.14793 
   22   22    1    1    1    1    1    1    1    1  1.32475E+10 0.11073 
   23   23    1    1    1    1    1    1    1    1  2.25540E+10 0.11659 
   24   24    1    1    1    1    1    1    1    1  3.73293E+10 0.07496 
   25   25    1    1    1    1    1    1    1    1  3.82313E+10 0.06999 
   26   26    1    1    1    1    1    1    1    1  7.59944E+10 0.05055 
   27   27    1    1    1    1    1    1    1    1  1.65331E+11 0.04630 
   28   28    1    1    1    1    1    1    1    1  3.61303E+11 0.02820 
   29   29    1    1    1    1    1    1    1    1  6.17948E+11 0.02037 
   30   30    1    1    1    1    1    1    1    1  1.66371E+12 0.01606 
   31   31    1    1    1    1    1    1    1    1  5.05641E+12 0.01050 
   32   32    1    1    1    1    1    1    1    1  9.09014E+12 0.00535 
   33   33    1    1    1    1    1    1    1    1  2.18275E+13 0.00420 
   34   34    1    1    1    1    1    1    1    1  3.04202E+13 0.00266 
   35   35    1    1    1    1    1    1    1    1  3.76744E+13 0.00322 
   36   36    1    1    1    1    1    1    1    1  2.47654E+13 0.00338 
   37   37    1    1    1    1    1    1    1    1  7.49643E+12 0.00327 
   38   38    1    1    1    1    1    1    1    1  4.27675E+13 0.00249 
   39   39    1    1    1    1    1    1    1    1  5.77593E+13 0.00242 
   40   40    1    1    1    1    1    1    1    1  9.94320E+13 0.00196 
   41   41    1    1    1    1    1    1    1    1  9.98124E+13 0.00171 
   42   42    1    1    1    1    1    1    1    1  2.16142E+14 0.00129 
   43   43    1    1    1    1    1    1    1    1  2.64620E+14 0.00139 
   44   44    1    1    1    1    1    1    1    1  3.87962E+14 0.00108 
   45   45    1    1    1    1    1    1    1    1  7.86157E+14 0.00088 
   46   46    1    1    1    1    1    1    1    1  3.68300E+14 0.00092 
   47   47    1    1    1    1    1    1    1    1  5.94061E+14 0.00071 
   48   48    1    1    1    1    1    1    1    1  8.35595E+14 0.00084 
   49   49    1    1    1    1    1    1    1    1  8.31924E+14 0.00094 
   50   50    1    1    1    1    1    1    1    1  1.32003E+15 0.00066 
   51   51    1    1    1    1    1    1    1    1  1.05310E+15 0.00053 
   52   52    1    1    1    1    1    1    1    1  1.27392E+15 0.00056 
   53   53    1    1    1    1    1    1    1    1  8.90589E+14 0.00057 
   54   54    1    1    1    1    1    1    1    1  1.10535E+15 0.00051 
   55   55    1    1    1    1    1    1    1    1  7.63750E+14 0.00051 
   56   56    1    1    1    1    1    1    1    1  1.03948E+14 0.00116 
   57   57    1    1    1    1    1    1    1    1  1.52487E+15 0.00066 
   58   58    1    1    1    1    1    1    1    1  6.92639E+14 0.00075 
   59   59    1    1    1    1    1    1    1    1  7.38094E+14 0.00070 
   60   60    1    1    1    1    1    1    1    1  5.82342E+14 0.00057 
   61   61    1    1    1    1    1    1    1    1  5.84982E+14 0.00060 
   62   62    1    1    1    1    1    1    1    1  6.11854E+14 0.00078 
   63   63    1    1    1    1    1    1    1    1  5.18860E+14 0.00064 
   64   64    1    1    1    1    1    1    1    1  4.14982E+14 0.00101 
   65   65    1    1    1    1    1    1    1    1  4.14586E+14 0.00097 
   66   66    1    1    1    1    1    1    1    1  3.00172E+14 0.00108 
   67   67    1    1    1    1    1    1    1    1  2.44627E+14 0.00107 
   68   68    1    1    1    1    1    1    1    1  2.19230E+14 0.00090 
   69   69    1    1    1    1    1    1    1    1  2.63191E+14 0.00098 
   70   70    1    1    1    1    1    1    1    1  2.24280E+14 0.00116 
   71   71    1    1    1    1    1    1    1    1  4.07530E+14 0.00094 
   72   72    1    1    1    1    1    1    1    1  2.90141E+14 0.00078 
   73   73    1    1    1    1    1    1    1    1  2.19361E+14 0.00084 
   74   74    1    1    1    1    1    1    1    1  1.77297E+14 0.00099 
   75   75    1    1    1    1    1    1    1    1  1.48214E+14 0.00101 
   76   76    1    1    1    1    1    1    1    1  1.73327E+14 0.00104 
   77   77    1    1    1    1    1    1    1    1  1.38051E+14 0.00097 
   78   78    1    1    1    1    1    1    1    1  1.10349E+14 0.00151 
   79   79    1    1    1    1    1    1    1    1  1.14692E+14 0.00178 
   80   80    1    1    1    1    1    1    1    1  8.48268E+13 0.00209 
   81   81    1    1    1    1    1    1    1    1  6.54125E+13 0.00164 
   82   82    1    1    1    1    1    1    1    1  5.03233E+13 0.00266 
   83   83    1    1    1    1    1    1    1    1  4.69967E+13 0.00230 
   84   84    1    1    1    1    1    1    1    1  3.40081E+13 0.00244 
   85   85    1    1    1    1    1    1    1    1  2.45287E+13 0.00309 
   86   86    1    1    1    1    1    1    1    1  2.28983E+13 0.00254 
   87   87    1    1    1    1    1    1    1    1  1.40824E+13 0.00387 
   88   88    1    1    1    1    1    1    1    1  9.40678E+12 0.00395 
   89   89    1    1    1    1    1    1    1    1  5.36420E+12 0.00798 
   90   90    1    1    1    1    1    1    1    1  3.52970E+12 0.01260 
   91   91    1    1    1    1    1    1    1    1  1.78372E+12 0.01162 
   92   92    1    1    1    1    1    1    1    1  8.64247E+11 0.01727 
   93   93    1    1    1    1    1    1    1    1  4.28728E+11 0.03247 
   94   94    1    1    1    1    1    1    1    1  2.06533E+11 0.03621 
   95   95    1    1    1    1    1    1    1    1  8.86859E+10 0.03956 
   96   96    1    1    1    1    1    1    1    1  4.77134E+10 0.07053 
   97   97    1    1    1    1    1    1    1    1  2.29717E+10 0.12834 
   98   98    1    1    1    1    1    1    1    1  1.12583E+10 0.14478 
   99   99    1    1    1    1    1    1    1    1  3.17544E+09 0.24632 
  100  100    1    1    1    1    1    1    1    1  4.31939E+09 0.21247 
];


