
DETdpaspec = [
    1    1    1    1    1    1    1    1    1    1  0.00000E+00 0.00000 
    2    2    1    1    1    1    1    1    1    1  0.00000E+00 0.00000 
    3    3    1    1    1    1    1    1    1    1  0.00000E+00 0.00000 
    4    4    1    1    1    1    1    1    1    1  0.00000E+00 0.00000 
    5    5    1    1    1    1    1    1    1    1  0.00000E+00 0.00000 
    6    6    1    1    1    1    1    1    1    1  0.00000E+00 0.00000 
    7    7    1    1    1    1    1    1    1    1  0.00000E+00 0.00000 
    8    8    1    1    1    1    1    1    1    1  8.09212E+06 1.00000 
    9    9    1    1    1    1    1    1    1    1  0.00000E+00 0.00000 
   10   10    1    1    1    1    1    1    1    1  4.71007E+07 0.69692 
   11   11    1    1    1    1    1    1    1    1  2.96480E+07 1.00000 
   12   12    1    1    1    1    1    1    1    1  3.13760E+06 1.00000 
   13   13    1    1    1    1    1    1    1    1  7.33385E+07 1.00000 
   14   14    1    1    1    1    1    1    1    1  2.28726E+08 0.68825 
   15   15    1    1    1    1    1    1    1    1  1.17636E+09 0.45490 
   16   16    1    1    1    1    1    1    1    1  2.17519E+08 0.54676 
   17   17    1    1    1    1    1    1    1    1  1.33759E+09 0.29845 
   18   18    1    1    1    1    1    1    1    1  2.10100E+09 0.24246 
   19   19    1    1    1    1    1    1    1    1  2.54333E+09 0.18580 
   20   20    1    1    1    1    1    1    1    1  6.52390E+09 0.14727 
   21   21    1    1    1    1    1    1    1    1  6.17941E+09 0.11763 
   22   22    1    1    1    1    1    1    1    1  1.35798E+10 0.10094 
   23   23    1    1    1    1    1    1    1    1  2.05307E+10 0.07067 
   24   24    1    1    1    1    1    1    1    1  3.42005E+10 0.06784 
   25   25    1    1    1    1    1    1    1    1  4.69843E+10 0.05520 
   26   26    1    1    1    1    1    1    1    1  8.03579E+10 0.05346 
   27   27    1    1    1    1    1    1    1    1  1.48716E+11 0.03936 
   28   28    1    1    1    1    1    1    1    1  3.12235E+11 0.02455 
   29   29    1    1    1    1    1    1    1    1  5.31747E+11 0.01816 
   30   30    1    1    1    1    1    1    1    1  1.47089E+12 0.01209 
   31   31    1    1    1    1    1    1    1    1  4.57057E+12 0.00632 
   32   32    1    1    1    1    1    1    1    1  8.37583E+12 0.00540 
   33   33    1    1    1    1    1    1    1    1  2.01062E+13 0.00359 
   34   34    1    1    1    1    1    1    1    1  2.84728E+13 0.00328 
   35   35    1    1    1    1    1    1    1    1  3.60026E+13 0.00265 
   36   36    1    1    1    1    1    1    1    1  2.41102E+13 0.00212 
   37   37    1    1    1    1    1    1    1    1  7.29051E+12 0.00275 
   38   38    1    1    1    1    1    1    1    1  4.13038E+13 0.00220 
   39   39    1    1    1    1    1    1    1    1  5.59253E+13 0.00229 
   40   40    1    1    1    1    1    1    1    1  9.69361E+13 0.00184 
   41   41    1    1    1    1    1    1    1    1  9.78547E+13 0.00156 
   42   42    1    1    1    1    1    1    1    1  2.11188E+14 0.00107 
   43   43    1    1    1    1    1    1    1    1  2.58568E+14 0.00116 
   44   44    1    1    1    1    1    1    1    1  3.78599E+14 0.00113 
   45   45    1    1    1    1    1    1    1    1  7.70178E+14 0.00079 
   46   46    1    1    1    1    1    1    1    1  3.62929E+14 0.00079 
   47   47    1    1    1    1    1    1    1    1  5.86403E+14 0.00085 
   48   48    1    1    1    1    1    1    1    1  8.25004E+14 0.00072 
   49   49    1    1    1    1    1    1    1    1  8.24031E+14 0.00058 
   50   50    1    1    1    1    1    1    1    1  1.30477E+15 0.00056 
   51   51    1    1    1    1    1    1    1    1  1.04703E+15 0.00051 
   52   52    1    1    1    1    1    1    1    1  1.26367E+15 0.00061 
   53   53    1    1    1    1    1    1    1    1  8.85010E+14 0.00071 
   54   54    1    1    1    1    1    1    1    1  1.09568E+15 0.00057 
   55   55    1    1    1    1    1    1    1    1  7.58598E+14 0.00080 
   56   56    1    1    1    1    1    1    1    1  1.03248E+14 0.00122 
   57   57    1    1    1    1    1    1    1    1  1.51525E+15 0.00058 
   58   58    1    1    1    1    1    1    1    1  6.85396E+14 0.00068 
   59   59    1    1    1    1    1    1    1    1  7.31641E+14 0.00066 
   60   60    1    1    1    1    1    1    1    1  5.76593E+14 0.00078 
   61   61    1    1    1    1    1    1    1    1  5.78639E+14 0.00069 
   62   62    1    1    1    1    1    1    1    1  6.06205E+14 0.00051 
   63   63    1    1    1    1    1    1    1    1  5.13703E+14 0.00081 
   64   64    1    1    1    1    1    1    1    1  4.11243E+14 0.00077 
   65   65    1    1    1    1    1    1    1    1  4.10503E+14 0.00120 
   66   66    1    1    1    1    1    1    1    1  2.97758E+14 0.00074 
   67   67    1    1    1    1    1    1    1    1  2.41980E+14 0.00088 
   68   68    1    1    1    1    1    1    1    1  2.17423E+14 0.00106 
   69   69    1    1    1    1    1    1    1    1  2.61089E+14 0.00102 
   70   70    1    1    1    1    1    1    1    1  2.22829E+14 0.00091 
   71   71    1    1    1    1    1    1    1    1  4.06868E+14 0.00083 
   72   72    1    1    1    1    1    1    1    1  2.89329E+14 0.00091 
   73   73    1    1    1    1    1    1    1    1  2.18530E+14 0.00134 
   74   74    1    1    1    1    1    1    1    1  1.76912E+14 0.00106 
   75   75    1    1    1    1    1    1    1    1  1.47339E+14 0.00170 
   76   76    1    1    1    1    1    1    1    1  1.71781E+14 0.00169 
   77   77    1    1    1    1    1    1    1    1  1.36396E+14 0.00156 
   78   78    1    1    1    1    1    1    1    1  1.09100E+14 0.00185 
   79   79    1    1    1    1    1    1    1    1  1.12372E+14 0.00191 
   80   80    1    1    1    1    1    1    1    1  8.36385E+13 0.00199 
   81   81    1    1    1    1    1    1    1    1  6.45117E+13 0.00172 
   82   82    1    1    1    1    1    1    1    1  4.95821E+13 0.00230 
   83   83    1    1    1    1    1    1    1    1  4.61800E+13 0.00292 
   84   84    1    1    1    1    1    1    1    1  3.33810E+13 0.00296 
   85   85    1    1    1    1    1    1    1    1  2.40088E+13 0.00305 
   86   86    1    1    1    1    1    1    1    1  2.23852E+13 0.00318 
   87   87    1    1    1    1    1    1    1    1  1.37841E+13 0.00328 
   88   88    1    1    1    1    1    1    1    1  9.22112E+12 0.00548 
   89   89    1    1    1    1    1    1    1    1  5.31501E+12 0.00691 
   90   90    1    1    1    1    1    1    1    1  3.53811E+12 0.00744 
   91   91    1    1    1    1    1    1    1    1  1.77906E+12 0.01313 
   92   92    1    1    1    1    1    1    1    1  8.44272E+11 0.01371 
   93   93    1    1    1    1    1    1    1    1  4.12960E+11 0.01984 
   94   94    1    1    1    1    1    1    1    1  1.97383E+11 0.03046 
   95   95    1    1    1    1    1    1    1    1  9.93820E+10 0.04458 
   96   96    1    1    1    1    1    1    1    1  4.16610E+10 0.09379 
   97   97    1    1    1    1    1    1    1    1  2.00971E+10 0.14097 
   98   98    1    1    1    1    1    1    1    1  1.02949E+10 0.14949 
   99   99    1    1    1    1    1    1    1    1  5.41819E+09 0.21233 
  100  100    1    1    1    1    1    1    1    1  3.55897E+09 0.18989 
];


