
DETdpaspec = [
    1    1    1    1    1    1    1    1    1    1  0.00000E+00 0.00000 
    2    2    1    1    1    1    1    1    1    1  0.00000E+00 0.00000 
    3    3    1    1    1    1    1    1    1    1  0.00000E+00 0.00000 
    4    4    1    1    1    1    1    1    1    1  0.00000E+00 0.00000 
    5    5    1    1    1    1    1    1    1    1  0.00000E+00 0.00000 
    6    6    1    1    1    1    1    1    1    1  5.96193E+06 1.00000 
    7    7    1    1    1    1    1    1    1    1  0.00000E+00 0.00000 
    8    8    1    1    1    1    1    1    1    1  0.00000E+00 0.00000 
    9    9    1    1    1    1    1    1    1    1  0.00000E+00 0.00000 
   10   10    1    1    1    1    1    1    1    1  5.17670E+07 1.00000 
   11   11    1    1    1    1    1    1    1    1  0.00000E+00 0.00000 
   12   12    1    1    1    1    1    1    1    1  0.00000E+00 0.00000 
   13   13    1    1    1    1    1    1    1    1  1.20014E+09 0.47132 
   14   14    1    1    1    1    1    1    1    1  1.24244E+09 0.33115 
   15   15    1    1    1    1    1    1    1    1  8.77479E+08 0.51026 
   16   16    1    1    1    1    1    1    1    1  4.67362E+08 0.55899 
   17   17    1    1    1    1    1    1    1    1  1.08185E+09 0.41720 
   18   18    1    1    1    1    1    1    1    1  2.16193E+09 0.24512 
   19   19    1    1    1    1    1    1    1    1  2.39304E+09 0.27480 
   20   20    1    1    1    1    1    1    1    1  9.52302E+09 0.14505 
   21   21    1    1    1    1    1    1    1    1  7.01787E+09 0.13419 
   22   22    1    1    1    1    1    1    1    1  1.58680E+10 0.12521 
   23   23    1    1    1    1    1    1    1    1  2.13909E+10 0.09587 
   24   24    1    1    1    1    1    1    1    1  3.66130E+10 0.10368 
   25   25    1    1    1    1    1    1    1    1  4.50297E+10 0.07217 
   26   26    1    1    1    1    1    1    1    1  7.13190E+10 0.04363 
   27   27    1    1    1    1    1    1    1    1  1.37048E+11 0.02843 
   28   28    1    1    1    1    1    1    1    1  2.89476E+11 0.02914 
   29   29    1    1    1    1    1    1    1    1  4.60124E+11 0.02092 
   30   30    1    1    1    1    1    1    1    1  1.33537E+12 0.01109 
   31   31    1    1    1    1    1    1    1    1  4.16770E+12 0.00899 
   32   32    1    1    1    1    1    1    1    1  7.89575E+12 0.00716 
   33   33    1    1    1    1    1    1    1    1  1.89611E+13 0.00409 
   34   34    1    1    1    1    1    1    1    1  2.66674E+13 0.00205 
   35   35    1    1    1    1    1    1    1    1  3.47708E+13 0.00251 
   36   36    1    1    1    1    1    1    1    1  2.34017E+13 0.00200 
   37   37    1    1    1    1    1    1    1    1  7.16800E+12 0.00241 
   38   38    1    1    1    1    1    1    1    1  4.03533E+13 0.00195 
   39   39    1    1    1    1    1    1    1    1  5.46435E+13 0.00198 
   40   40    1    1    1    1    1    1    1    1  9.40737E+13 0.00169 
   41   41    1    1    1    1    1    1    1    1  9.57445E+13 0.00165 
   42   42    1    1    1    1    1    1    1    1  2.06282E+14 0.00130 
   43   43    1    1    1    1    1    1    1    1  2.53111E+14 0.00129 
   44   44    1    1    1    1    1    1    1    1  3.71849E+14 0.00077 
   45   45    1    1    1    1    1    1    1    1  7.54656E+14 0.00073 
   46   46    1    1    1    1    1    1    1    1  3.57452E+14 0.00057 
   47   47    1    1    1    1    1    1    1    1  5.79000E+14 0.00057 
   48   48    1    1    1    1    1    1    1    1  8.16220E+14 0.00082 
   49   49    1    1    1    1    1    1    1    1  8.16309E+14 0.00066 
   50   50    1    1    1    1    1    1    1    1  1.29084E+15 0.00069 
   51   51    1    1    1    1    1    1    1    1  1.03985E+15 0.00065 
   52   52    1    1    1    1    1    1    1    1  1.24997E+15 0.00060 
   53   53    1    1    1    1    1    1    1    1  8.77541E+14 0.00066 
   54   54    1    1    1    1    1    1    1    1  1.08188E+15 0.00052 
   55   55    1    1    1    1    1    1    1    1  7.50407E+14 0.00068 
   56   56    1    1    1    1    1    1    1    1  1.02373E+14 0.00120 
   57   57    1    1    1    1    1    1    1    1  1.50295E+15 0.00050 
   58   58    1    1    1    1    1    1    1    1  6.76089E+14 0.00071 
   59   59    1    1    1    1    1    1    1    1  7.23767E+14 0.00045 
   60   60    1    1    1    1    1    1    1    1  5.66325E+14 0.00082 
   61   61    1    1    1    1    1    1    1    1  5.69974E+14 0.00071 
   62   62    1    1    1    1    1    1    1    1  5.95903E+14 0.00056 
   63   63    1    1    1    1    1    1    1    1  5.05340E+14 0.00067 
   64   64    1    1    1    1    1    1    1    1  4.04443E+14 0.00091 
   65   65    1    1    1    1    1    1    1    1  4.03780E+14 0.00098 
   66   66    1    1    1    1    1    1    1    1  2.92232E+14 0.00099 
   67   67    1    1    1    1    1    1    1    1  2.38447E+14 0.00090 
   68   68    1    1    1    1    1    1    1    1  2.14264E+14 0.00085 
   69   69    1    1    1    1    1    1    1    1  2.57827E+14 0.00099 
   70   70    1    1    1    1    1    1    1    1  2.19958E+14 0.00089 
   71   71    1    1    1    1    1    1    1    1  4.02341E+14 0.00087 
   72   72    1    1    1    1    1    1    1    1  2.86288E+14 0.00112 
   73   73    1    1    1    1    1    1    1    1  2.16757E+14 0.00105 
   74   74    1    1    1    1    1    1    1    1  1.74332E+14 0.00138 
   75   75    1    1    1    1    1    1    1    1  1.45431E+14 0.00139 
   76   76    1    1    1    1    1    1    1    1  1.68760E+14 0.00130 
   77   77    1    1    1    1    1    1    1    1  1.33646E+14 0.00150 
   78   78    1    1    1    1    1    1    1    1  1.06365E+14 0.00179 
   79   79    1    1    1    1    1    1    1    1  1.09834E+14 0.00156 
   80   80    1    1    1    1    1    1    1    1  8.15977E+13 0.00199 
   81   81    1    1    1    1    1    1    1    1  6.26476E+13 0.00243 
   82   82    1    1    1    1    1    1    1    1  4.80873E+13 0.00255 
   83   83    1    1    1    1    1    1    1    1  4.49932E+13 0.00183 
   84   84    1    1    1    1    1    1    1    1  3.25850E+13 0.00340 
   85   85    1    1    1    1    1    1    1    1  2.33521E+13 0.00259 
   86   86    1    1    1    1    1    1    1    1  2.19611E+13 0.00290 
   87   87    1    1    1    1    1    1    1    1  1.35617E+13 0.00414 
   88   88    1    1    1    1    1    1    1    1  9.19218E+12 0.00555 
   89   89    1    1    1    1    1    1    1    1  5.21302E+12 0.00738 
   90   90    1    1    1    1    1    1    1    1  3.44237E+12 0.01047 
   91   91    1    1    1    1    1    1    1    1  1.76294E+12 0.01060 
   92   92    1    1    1    1    1    1    1    1  8.36776E+11 0.01740 
   93   93    1    1    1    1    1    1    1    1  3.87861E+11 0.02155 
   94   94    1    1    1    1    1    1    1    1  2.01931E+11 0.03252 
   95   95    1    1    1    1    1    1    1    1  1.02465E+11 0.05193 
   96   96    1    1    1    1    1    1    1    1  4.38291E+10 0.07309 
   97   97    1    1    1    1    1    1    1    1  2.67165E+10 0.12893 
   98   98    1    1    1    1    1    1    1    1  9.81779E+09 0.19818 
   99   99    1    1    1    1    1    1    1    1  3.71069E+09 0.19268 
  100  100    1    1    1    1    1    1    1    1  4.46217E+09 0.22445 
];


