
DETdpaspec = [
    1    1    1    1    1    1    1    1    1    1  0.00000E+00 0.00000 
    2    2    1    1    1    1    1    1    1    1  0.00000E+00 0.00000 
    3    3    1    1    1    1    1    1    1    1  0.00000E+00 0.00000 
    4    4    1    1    1    1    1    1    1    1  0.00000E+00 0.00000 
    5    5    1    1    1    1    1    1    1    1  0.00000E+00 0.00000 
    6    6    1    1    1    1    1    1    1    1  0.00000E+00 0.00000 
    7    7    1    1    1    1    1    1    1    1  0.00000E+00 0.00000 
    8    8    1    1    1    1    1    1    1    1  5.15656E+06 1.00000 
    9    9    1    1    1    1    1    1    1    1  8.09747E+06 1.00000 
   10   10    1    1    1    1    1    1    1    1  9.57697E+07 0.79881 
   11   11    1    1    1    1    1    1    1    1  9.17801E+07 1.00000 
   12   12    1    1    1    1    1    1    1    1  0.00000E+00 0.00000 
   13   13    1    1    1    1    1    1    1    1  2.43755E+08 0.73163 
   14   14    1    1    1    1    1    1    1    1  5.69007E+08 0.44926 
   15   15    1    1    1    1    1    1    1    1  1.07733E+08 0.69061 
   16   16    1    1    1    1    1    1    1    1  4.93874E+08 0.29217 
   17   17    1    1    1    1    1    1    1    1  5.06422E+08 0.38100 
   18   18    1    1    1    1    1    1    1    1  2.12581E+09 0.26190 
   19   19    1    1    1    1    1    1    1    1  2.28803E+09 0.23465 
   20   20    1    1    1    1    1    1    1    1  6.76431E+09 0.16642 
   21   21    1    1    1    1    1    1    1    1  5.16302E+09 0.21002 
   22   22    1    1    1    1    1    1    1    1  1.24876E+10 0.12560 
   23   23    1    1    1    1    1    1    1    1  2.10142E+10 0.10413 
   24   24    1    1    1    1    1    1    1    1  3.97036E+10 0.06861 
   25   25    1    1    1    1    1    1    1    1  4.72967E+10 0.06797 
   26   26    1    1    1    1    1    1    1    1  6.99286E+10 0.06327 
   27   27    1    1    1    1    1    1    1    1  1.41839E+11 0.03476 
   28   28    1    1    1    1    1    1    1    1  3.42019E+11 0.03454 
   29   29    1    1    1    1    1    1    1    1  5.65946E+11 0.02650 
   30   30    1    1    1    1    1    1    1    1  1.59252E+12 0.01218 
   31   31    1    1    1    1    1    1    1    1  4.74071E+12 0.00765 
   32   32    1    1    1    1    1    1    1    1  8.71843E+12 0.00736 
   33   33    1    1    1    1    1    1    1    1  2.09066E+13 0.00505 
   34   34    1    1    1    1    1    1    1    1  2.94141E+13 0.00221 
   35   35    1    1    1    1    1    1    1    1  3.68612E+13 0.00274 
   36   36    1    1    1    1    1    1    1    1  2.45042E+13 0.00199 
   37   37    1    1    1    1    1    1    1    1  7.40576E+12 0.00286 
   38   38    1    1    1    1    1    1    1    1  4.20768E+13 0.00219 
   39   39    1    1    1    1    1    1    1    1  5.68998E+13 0.00158 
   40   40    1    1    1    1    1    1    1    1  9.82847E+13 0.00168 
   41   41    1    1    1    1    1    1    1    1  9.86284E+13 0.00140 
   42   42    1    1    1    1    1    1    1    1  2.13565E+14 0.00119 
   43   43    1    1    1    1    1    1    1    1  2.61820E+14 0.00115 
   44   44    1    1    1    1    1    1    1    1  3.83040E+14 0.00103 
   45   45    1    1    1    1    1    1    1    1  7.77480E+14 0.00072 
   46   46    1    1    1    1    1    1    1    1  3.65148E+14 0.00073 
   47   47    1    1    1    1    1    1    1    1  5.90470E+14 0.00059 
   48   48    1    1    1    1    1    1    1    1  8.31507E+14 0.00049 
   49   49    1    1    1    1    1    1    1    1  8.27907E+14 0.00061 
   50   50    1    1    1    1    1    1    1    1  1.30964E+15 0.00061 
   51   51    1    1    1    1    1    1    1    1  1.04970E+15 0.00055 
   52   52    1    1    1    1    1    1    1    1  1.26774E+15 0.00061 
   53   53    1    1    1    1    1    1    1    1  8.86874E+14 0.00062 
   54   54    1    1    1    1    1    1    1    1  1.09962E+15 0.00047 
   55   55    1    1    1    1    1    1    1    1  7.61077E+14 0.00062 
   56   56    1    1    1    1    1    1    1    1  1.03745E+14 0.00091 
   57   57    1    1    1    1    1    1    1    1  1.51993E+15 0.00044 
   58   58    1    1    1    1    1    1    1    1  6.88147E+14 0.00055 
   59   59    1    1    1    1    1    1    1    1  7.35330E+14 0.00053 
   60   60    1    1    1    1    1    1    1    1  5.79365E+14 0.00065 
   61   61    1    1    1    1    1    1    1    1  5.81983E+14 0.00061 
   62   62    1    1    1    1    1    1    1    1  6.08796E+14 0.00074 
   63   63    1    1    1    1    1    1    1    1  5.15792E+14 0.00082 
   64   64    1    1    1    1    1    1    1    1  4.13300E+14 0.00086 
   65   65    1    1    1    1    1    1    1    1  4.12638E+14 0.00113 
   66   66    1    1    1    1    1    1    1    1  2.99274E+14 0.00108 
   67   67    1    1    1    1    1    1    1    1  2.43715E+14 0.00108 
   68   68    1    1    1    1    1    1    1    1  2.18421E+14 0.00088 
   69   69    1    1    1    1    1    1    1    1  2.62484E+14 0.00090 
   70   70    1    1    1    1    1    1    1    1  2.24224E+14 0.00121 
   71   71    1    1    1    1    1    1    1    1  4.07915E+14 0.00080 
   72   72    1    1    1    1    1    1    1    1  2.89803E+14 0.00104 
   73   73    1    1    1    1    1    1    1    1  2.18818E+14 0.00116 
   74   74    1    1    1    1    1    1    1    1  1.77400E+14 0.00137 
   75   75    1    1    1    1    1    1    1    1  1.47918E+14 0.00113 
   76   76    1    1    1    1    1    1    1    1  1.72818E+14 0.00126 
   77   77    1    1    1    1    1    1    1    1  1.37429E+14 0.00179 
   78   78    1    1    1    1    1    1    1    1  1.09837E+14 0.00204 
   79   79    1    1    1    1    1    1    1    1  1.13795E+14 0.00188 
   80   80    1    1    1    1    1    1    1    1  8.46062E+13 0.00160 
   81   81    1    1    1    1    1    1    1    1  6.50848E+13 0.00203 
   82   82    1    1    1    1    1    1    1    1  5.00057E+13 0.00241 
   83   83    1    1    1    1    1    1    1    1  4.68920E+13 0.00259 
   84   84    1    1    1    1    1    1    1    1  3.36058E+13 0.00199 
   85   85    1    1    1    1    1    1    1    1  2.42181E+13 0.00365 
   86   86    1    1    1    1    1    1    1    1  2.26042E+13 0.00427 
   87   87    1    1    1    1    1    1    1    1  1.39263E+13 0.00385 
   88   88    1    1    1    1    1    1    1    1  9.27899E+12 0.00466 
   89   89    1    1    1    1    1    1    1    1  5.39103E+12 0.00612 
   90   90    1    1    1    1    1    1    1    1  3.49503E+12 0.00788 
   91   91    1    1    1    1    1    1    1    1  1.76846E+12 0.01406 
   92   92    1    1    1    1    1    1    1    1  8.46968E+11 0.01713 
   93   93    1    1    1    1    1    1    1    1  4.15635E+11 0.02211 
   94   94    1    1    1    1    1    1    1    1  1.94756E+11 0.03077 
   95   95    1    1    1    1    1    1    1    1  9.32497E+10 0.04199 
   96   96    1    1    1    1    1    1    1    1  3.63697E+10 0.09148 
   97   97    1    1    1    1    1    1    1    1  1.84235E+10 0.08992 
   98   98    1    1    1    1    1    1    1    1  1.26582E+10 0.16385 
   99   99    1    1    1    1    1    1    1    1  4.66642E+09 0.25454 
  100  100    1    1    1    1    1    1    1    1  3.49112E+09 0.23095 
];


