
DETdpaspec = [
    1    1    1    1    1    1    1    1    1    1  0.00000E+00 0.00000 
    2    2    1    1    1    1    1    1    1    1  0.00000E+00 0.00000 
    3    3    1    1    1    1    1    1    1    1  0.00000E+00 0.00000 
    4    4    1    1    1    1    1    1    1    1  0.00000E+00 0.00000 
    5    5    1    1    1    1    1    1    1    1  0.00000E+00 0.00000 
    6    6    1    1    1    1    1    1    1    1  0.00000E+00 0.00000 
    7    7    1    1    1    1    1    1    1    1  0.00000E+00 0.00000 
    8    8    1    1    1    1    1    1    1    1  0.00000E+00 0.00000 
    9    9    1    1    1    1    1    1    1    1  0.00000E+00 0.00000 
   10   10    1    1    1    1    1    1    1    1  0.00000E+00 0.00000 
   11   11    1    1    1    1    1    1    1    1  0.00000E+00 0.00000 
   12   12    1    1    1    1    1    1    1    1  0.00000E+00 0.00000 
   13   13    1    1    1    1    1    1    1    1  0.00000E+00 0.00000 
   14   14    1    1    1    1    1    1    1    1  0.00000E+00 0.00000 
   15   15    1    1    1    1    1    1    1    1  1.45186E+08 1.00000 
   16   16    1    1    1    1    1    1    1    1  1.05024E+08 1.00000 
   17   17    1    1    1    1    1    1    1    1  5.38737E+08 0.70846 
   18   18    1    1    1    1    1    1    1    1  3.31751E+08 1.00000 
   19   19    1    1    1    1    1    1    1    1  3.00451E+08 0.98970 
   20   20    1    1    1    1    1    1    1    1  6.19043E+09 0.19176 
   21   21    1    1    1    1    1    1    1    1  2.13039E+10 0.12086 
   22   22    1    1    1    1    1    1    1    1  9.19706E+10 0.06074 
   23   23    1    1    1    1    1    1    1    1  3.20351E+11 0.03026 
   24   24    1    1    1    1    1    1    1    1  7.56218E+11 0.01338 
   25   25    1    1    1    1    1    1    1    1  1.06593E+12 0.01430 
   26   26    1    1    1    1    1    1    1    1  1.99354E+12 0.01098 
   27   27    1    1    1    1    1    1    1    1  3.44053E+12 0.00925 
   28   28    1    1    1    1    1    1    1    1  5.62792E+12 0.00654 
   29   29    1    1    1    1    1    1    1    1  8.02139E+12 0.00693 
   30   30    1    1    1    1    1    1    1    1  1.42345E+13 0.00383 
   31   31    1    1    1    1    1    1    1    1  2.57409E+13 0.00268 
   32   32    1    1    1    1    1    1    1    1  3.55474E+13 0.00262 
   33   33    1    1    1    1    1    1    1    1  6.62182E+13 0.00187 
   34   34    1    1    1    1    1    1    1    1  7.73571E+13 0.00275 
   35   35    1    1    1    1    1    1    1    1  7.52748E+13 0.00197 
   36   36    1    1    1    1    1    1    1    1  4.35013E+13 0.00192 
   37   37    1    1    1    1    1    1    1    1  1.25250E+13 0.00169 
   38   38    1    1    1    1    1    1    1    1  7.18861E+13 0.00173 
   39   39    1    1    1    1    1    1    1    1  9.40760E+13 0.00168 
   40   40    1    1    1    1    1    1    1    1  1.57636E+14 0.00159 
   41   41    1    1    1    1    1    1    1    1  1.49059E+14 0.00127 
   42   42    1    1    1    1    1    1    1    1  3.17954E+14 0.00109 
   43   43    1    1    1    1    1    1    1    1  3.74899E+14 0.00089 
   44   44    1    1    1    1    1    1    1    1  5.26923E+14 0.00082 
   45   45    1    1    1    1    1    1    1    1  1.01139E+15 0.00075 
   46   46    1    1    1    1    1    1    1    1  4.43722E+14 0.00074 
   47   47    1    1    1    1    1    1    1    1  6.96661E+14 0.00057 
   48   48    1    1    1    1    1    1    1    1  9.41873E+14 0.00062 
   49   49    1    1    1    1    1    1    1    1  9.06842E+14 0.00047 
   50   50    1    1    1    1    1    1    1    1  1.39792E+15 0.00063 
   51   51    1    1    1    1    1    1    1    1  1.06158E+15 0.00047 
   52   52    1    1    1    1    1    1    1    1  1.27033E+15 0.00061 
   53   53    1    1    1    1    1    1    1    1  8.59174E+14 0.00074 
   54   54    1    1    1    1    1    1    1    1  1.06048E+15 0.00060 
   55   55    1    1    1    1    1    1    1    1  7.18968E+14 0.00059 
   56   56    1    1    1    1    1    1    1    1  9.65674E+13 0.00106 
   57   57    1    1    1    1    1    1    1    1  1.40562E+15 0.00057 
   58   58    1    1    1    1    1    1    1    1  6.37948E+14 0.00052 
   59   59    1    1    1    1    1    1    1    1  6.66812E+14 0.00060 
   60   60    1    1    1    1    1    1    1    1  5.26432E+14 0.00049 
   61   61    1    1    1    1    1    1    1    1  5.22239E+14 0.00063 
   62   62    1    1    1    1    1    1    1    1  5.41259E+14 0.00060 
   63   63    1    1    1    1    1    1    1    1  4.54192E+14 0.00061 
   64   64    1    1    1    1    1    1    1    1  3.59097E+14 0.00073 
   65   65    1    1    1    1    1    1    1    1  3.54087E+14 0.00088 
   66   66    1    1    1    1    1    1    1    1  2.53879E+14 0.00094 
   67   67    1    1    1    1    1    1    1    1  2.04033E+14 0.00101 
   68   68    1    1    1    1    1    1    1    1  1.81227E+14 0.00121 
   69   69    1    1    1    1    1    1    1    1  2.15542E+14 0.00138 
   70   70    1    1    1    1    1    1    1    1  1.81681E+14 0.00160 
   71   71    1    1    1    1    1    1    1    1  3.20288E+14 0.00119 
   72   72    1    1    1    1    1    1    1    1  2.23493E+14 0.00115 
   73   73    1    1    1    1    1    1    1    1  1.67448E+14 0.00132 
   74   74    1    1    1    1    1    1    1    1  1.35658E+14 0.00132 
   75   75    1    1    1    1    1    1    1    1  1.13768E+14 0.00200 
   76   76    1    1    1    1    1    1    1    1  1.33014E+14 0.00156 
   77   77    1    1    1    1    1    1    1    1  1.05961E+14 0.00178 
   78   78    1    1    1    1    1    1    1    1  8.47127E+13 0.00138 
   79   79    1    1    1    1    1    1    1    1  8.75643E+13 0.00209 
   80   80    1    1    1    1    1    1    1    1  6.43891E+13 0.00258 
   81   81    1    1    1    1    1    1    1    1  4.92041E+13 0.00271 
   82   82    1    1    1    1    1    1    1    1  3.73098E+13 0.00236 
   83   83    1    1    1    1    1    1    1    1  3.46858E+13 0.00263 
   84   84    1    1    1    1    1    1    1    1  2.46117E+13 0.00333 
   85   85    1    1    1    1    1    1    1    1  1.76427E+13 0.00338 
   86   86    1    1    1    1    1    1    1    1  1.62301E+13 0.00490 
   87   87    1    1    1    1    1    1    1    1  9.74271E+12 0.00526 
   88   88    1    1    1    1    1    1    1    1  6.40209E+12 0.00732 
   89   89    1    1    1    1    1    1    1    1  3.61473E+12 0.00761 
   90   90    1    1    1    1    1    1    1    1  2.25716E+12 0.01009 
   91   91    1    1    1    1    1    1    1    1  1.11733E+12 0.01020 
   92   92    1    1    1    1    1    1    1    1  5.09119E+11 0.01974 
   93   93    1    1    1    1    1    1    1    1  2.36882E+11 0.03062 
   94   94    1    1    1    1    1    1    1    1  1.03771E+11 0.04489 
   95   95    1    1    1    1    1    1    1    1  4.67206E+10 0.07887 
   96   96    1    1    1    1    1    1    1    1  1.76872E+10 0.13361 
   97   97    1    1    1    1    1    1    1    1  8.07601E+09 0.15823 
   98   98    1    1    1    1    1    1    1    1  4.59958E+09 0.20670 
   99   99    1    1    1    1    1    1    1    1  1.18503E+09 0.33826 
  100  100    1    1    1    1    1    1    1    1  1.74293E+09 0.33109 
];


