
DETdpaspec = [
    1    1    1    1    1    1    1    1    1    1  0.00000E+00 0.00000 
    2    2    1    1    1    1    1    1    1    1  0.00000E+00 0.00000 
    3    3    1    1    1    1    1    1    1    1  0.00000E+00 0.00000 
    4    4    1    1    1    1    1    1    1    1  0.00000E+00 0.00000 
    5    5    1    1    1    1    1    1    1    1  0.00000E+00 0.00000 
    6    6    1    1    1    1    1    1    1    1  0.00000E+00 0.00000 
    7    7    1    1    1    1    1    1    1    1  0.00000E+00 0.00000 
    8    8    1    1    1    1    1    1    1    1  0.00000E+00 0.00000 
    9    9    1    1    1    1    1    1    1    1  0.00000E+00 0.00000 
   10   10    1    1    1    1    1    1    1    1  0.00000E+00 0.00000 
   11   11    1    1    1    1    1    1    1    1  3.33940E+07 1.00000 
   12   12    1    1    1    1    1    1    1    1  6.71208E+07 0.59581 
   13   13    1    1    1    1    1    1    1    1  3.77798E+08 0.69176 
   14   14    1    1    1    1    1    1    1    1  1.82623E+09 0.33298 
   15   15    1    1    1    1    1    1    1    1  1.95906E+09 0.40895 
   16   16    1    1    1    1    1    1    1    1  8.39786E+08 0.38525 
   17   17    1    1    1    1    1    1    1    1  4.66434E+08 0.38586 
   18   18    1    1    1    1    1    1    1    1  1.38488E+09 0.26789 
   19   19    1    1    1    1    1    1    1    1  3.06971E+09 0.20669 
   20   20    1    1    1    1    1    1    1    1  8.72807E+09 0.17608 
   21   21    1    1    1    1    1    1    1    1  5.57077E+09 0.15832 
   22   22    1    1    1    1    1    1    1    1  1.39978E+10 0.12186 
   23   23    1    1    1    1    1    1    1    1  2.09239E+10 0.10101 
   24   24    1    1    1    1    1    1    1    1  3.72735E+10 0.07904 
   25   25    1    1    1    1    1    1    1    1  4.44451E+10 0.07087 
   26   26    1    1    1    1    1    1    1    1  7.35681E+10 0.05338 
   27   27    1    1    1    1    1    1    1    1  1.35684E+11 0.04725 
   28   28    1    1    1    1    1    1    1    1  3.04557E+11 0.02349 
   29   29    1    1    1    1    1    1    1    1  5.18941E+11 0.01542 
   30   30    1    1    1    1    1    1    1    1  1.45746E+12 0.01356 
   31   31    1    1    1    1    1    1    1    1  4.53574E+12 0.00936 
   32   32    1    1    1    1    1    1    1    1  8.30865E+12 0.00661 
   33   33    1    1    1    1    1    1    1    1  1.98781E+13 0.00341 
   34   34    1    1    1    1    1    1    1    1  2.79674E+13 0.00296 
   35   35    1    1    1    1    1    1    1    1  3.56409E+13 0.00278 
   36   36    1    1    1    1    1    1    1    1  2.38262E+13 0.00265 
   37   37    1    1    1    1    1    1    1    1  7.24517E+12 0.00281 
   38   38    1    1    1    1    1    1    1    1  4.11123E+13 0.00207 
   39   39    1    1    1    1    1    1    1    1  5.55855E+13 0.00181 
   40   40    1    1    1    1    1    1    1    1  9.60252E+13 0.00153 
   41   41    1    1    1    1    1    1    1    1  9.70824E+13 0.00138 
   42   42    1    1    1    1    1    1    1    1  2.10014E+14 0.00106 
   43   43    1    1    1    1    1    1    1    1  2.57619E+14 0.00128 
   44   44    1    1    1    1    1    1    1    1  3.77897E+14 0.00136 
   45   45    1    1    1    1    1    1    1    1  7.65809E+14 0.00070 
   46   46    1    1    1    1    1    1    1    1  3.60979E+14 0.00102 
   47   47    1    1    1    1    1    1    1    1  5.84276E+14 0.00102 
   48   48    1    1    1    1    1    1    1    1  8.24419E+14 0.00071 
   49   49    1    1    1    1    1    1    1    1  8.23645E+14 0.00076 
   50   50    1    1    1    1    1    1    1    1  1.30321E+15 0.00063 
   51   51    1    1    1    1    1    1    1    1  1.04656E+15 0.00053 
   52   52    1    1    1    1    1    1    1    1  1.26100E+15 0.00055 
   53   53    1    1    1    1    1    1    1    1  8.83322E+14 0.00074 
   54   54    1    1    1    1    1    1    1    1  1.09287E+15 0.00093 
   55   55    1    1    1    1    1    1    1    1  7.56404E+14 0.00083 
   56   56    1    1    1    1    1    1    1    1  1.03036E+14 0.00132 
   57   57    1    1    1    1    1    1    1    1  1.51292E+15 0.00063 
   58   58    1    1    1    1    1    1    1    1  6.83610E+14 0.00080 
   59   59    1    1    1    1    1    1    1    1  7.29480E+14 0.00059 
   60   60    1    1    1    1    1    1    1    1  5.74126E+14 0.00066 
   61   61    1    1    1    1    1    1    1    1  5.76746E+14 0.00055 
   62   62    1    1    1    1    1    1    1    1  6.03237E+14 0.00074 
   63   63    1    1    1    1    1    1    1    1  5.12231E+14 0.00052 
   64   64    1    1    1    1    1    1    1    1  4.09307E+14 0.00083 
   65   65    1    1    1    1    1    1    1    1  4.08921E+14 0.00089 
   66   66    1    1    1    1    1    1    1    1  2.96680E+14 0.00093 
   67   67    1    1    1    1    1    1    1    1  2.41769E+14 0.00090 
   68   68    1    1    1    1    1    1    1    1  2.16897E+14 0.00109 
   69   69    1    1    1    1    1    1    1    1  2.60656E+14 0.00132 
   70   70    1    1    1    1    1    1    1    1  2.22718E+14 0.00102 
   71   71    1    1    1    1    1    1    1    1  4.05899E+14 0.00063 
   72   72    1    1    1    1    1    1    1    1  2.88300E+14 0.00126 
   73   73    1    1    1    1    1    1    1    1  2.18474E+14 0.00117 
   74   74    1    1    1    1    1    1    1    1  1.76449E+14 0.00163 
   75   75    1    1    1    1    1    1    1    1  1.47225E+14 0.00133 
   76   76    1    1    1    1    1    1    1    1  1.71196E+14 0.00113 
   77   77    1    1    1    1    1    1    1    1  1.35533E+14 0.00174 
   78   78    1    1    1    1    1    1    1    1  1.08507E+14 0.00209 
   79   79    1    1    1    1    1    1    1    1  1.12126E+14 0.00133 
   80   80    1    1    1    1    1    1    1    1  8.33648E+13 0.00179 
   81   81    1    1    1    1    1    1    1    1  6.40421E+13 0.00160 
   82   82    1    1    1    1    1    1    1    1  4.91495E+13 0.00214 
   83   83    1    1    1    1    1    1    1    1  4.60197E+13 0.00244 
   84   84    1    1    1    1    1    1    1    1  3.30826E+13 0.00194 
   85   85    1    1    1    1    1    1    1    1  2.38497E+13 0.00329 
   86   86    1    1    1    1    1    1    1    1  2.24029E+13 0.00414 
   87   87    1    1    1    1    1    1    1    1  1.37867E+13 0.00465 
   88   88    1    1    1    1    1    1    1    1  9.28366E+12 0.00505 
   89   89    1    1    1    1    1    1    1    1  5.34351E+12 0.00692 
   90   90    1    1    1    1    1    1    1    1  3.48643E+12 0.00758 
   91   91    1    1    1    1    1    1    1    1  1.73481E+12 0.00965 
   92   92    1    1    1    1    1    1    1    1  8.65084E+11 0.01527 
   93   93    1    1    1    1    1    1    1    1  4.06612E+11 0.02580 
   94   94    1    1    1    1    1    1    1    1  2.05929E+11 0.03276 
   95   95    1    1    1    1    1    1    1    1  1.02471E+11 0.03872 
   96   96    1    1    1    1    1    1    1    1  4.65499E+10 0.06782 
   97   97    1    1    1    1    1    1    1    1  2.58304E+10 0.09448 
   98   98    1    1    1    1    1    1    1    1  1.07349E+10 0.16040 
   99   99    1    1    1    1    1    1    1    1  3.95471E+09 0.29735 
  100  100    1    1    1    1    1    1    1    1  4.13150E+09 0.28919 
];


