
DETdpaspec = [
    1    1    1    1    1    1    1    1    1    1  0.00000E+00 0.00000 
    2    2    1    1    1    1    1    1    1    1  0.00000E+00 0.00000 
    3    3    1    1    1    1    1    1    1    1  0.00000E+00 0.00000 
    4    4    1    1    1    1    1    1    1    1  0.00000E+00 0.00000 
    5    5    1    1    1    1    1    1    1    1  5.65680E+06 1.00000 
    6    6    1    1    1    1    1    1    1    1  5.62671E+06 1.00000 
    7    7    1    1    1    1    1    1    1    1  0.00000E+00 0.00000 
    8    8    1    1    1    1    1    1    1    1  0.00000E+00 0.00000 
    9    9    1    1    1    1    1    1    1    1  0.00000E+00 0.00000 
   10   10    1    1    1    1    1    1    1    1  0.00000E+00 0.00000 
   11   11    1    1    1    1    1    1    1    1  8.81001E+07 0.54829 
   12   12    1    1    1    1    1    1    1    1  3.00177E+07 0.68888 
   13   13    1    1    1    1    1    1    1    1  6.25366E+08 0.61680 
   14   14    1    1    1    1    1    1    1    1  1.42477E+09 0.36601 
   15   15    1    1    1    1    1    1    1    1  3.40422E+09 0.38452 
   16   16    1    1    1    1    1    1    1    1  7.12463E+08 0.35641 
   17   17    1    1    1    1    1    1    1    1  9.06395E+08 0.32225 
   18   18    1    1    1    1    1    1    1    1  1.59496E+09 0.28858 
   19   19    1    1    1    1    1    1    1    1  3.29038E+09 0.22226 
   20   20    1    1    1    1    1    1    1    1  7.32157E+09 0.18763 
   21   21    1    1    1    1    1    1    1    1  8.97543E+09 0.13096 
   22   22    1    1    1    1    1    1    1    1  1.50267E+10 0.17807 
   23   23    1    1    1    1    1    1    1    1  2.51928E+10 0.10277 
   24   24    1    1    1    1    1    1    1    1  4.15409E+10 0.06698 
   25   25    1    1    1    1    1    1    1    1  4.96577E+10 0.06360 
   26   26    1    1    1    1    1    1    1    1  8.01675E+10 0.05751 
   27   27    1    1    1    1    1    1    1    1  1.42760E+11 0.03024 
   28   28    1    1    1    1    1    1    1    1  2.84500E+11 0.02366 
   29   29    1    1    1    1    1    1    1    1  4.58087E+11 0.03052 
   30   30    1    1    1    1    1    1    1    1  1.29449E+12 0.01456 
   31   31    1    1    1    1    1    1    1    1  4.05617E+12 0.00991 
   32   32    1    1    1    1    1    1    1    1  7.68900E+12 0.00536 
   33   33    1    1    1    1    1    1    1    1  1.82524E+13 0.00383 
   34   34    1    1    1    1    1    1    1    1  2.56784E+13 0.00334 
   35   35    1    1    1    1    1    1    1    1  3.42993E+13 0.00248 
   36   36    1    1    1    1    1    1    1    1  2.33146E+13 0.00231 
   37   37    1    1    1    1    1    1    1    1  7.19241E+12 0.00252 
   38   38    1    1    1    1    1    1    1    1  4.02246E+13 0.00243 
   39   39    1    1    1    1    1    1    1    1  5.43750E+13 0.00159 
   40   40    1    1    1    1    1    1    1    1  9.37676E+13 0.00111 
   41   41    1    1    1    1    1    1    1    1  9.55816E+13 0.00165 
   42   42    1    1    1    1    1    1    1    1  2.04701E+14 0.00078 
   43   43    1    1    1    1    1    1    1    1  2.51125E+14 0.00099 
   44   44    1    1    1    1    1    1    1    1  3.68505E+14 0.00093 
   45   45    1    1    1    1    1    1    1    1  7.45234E+14 0.00084 
   46   46    1    1    1    1    1    1    1    1  3.54112E+14 0.00074 
   47   47    1    1    1    1    1    1    1    1  5.75434E+14 0.00082 
   48   48    1    1    1    1    1    1    1    1  8.11119E+14 0.00089 
   49   49    1    1    1    1    1    1    1    1  8.11833E+14 0.00070 
   50   50    1    1    1    1    1    1    1    1  1.28095E+15 0.00076 
   51   51    1    1    1    1    1    1    1    1  1.03578E+15 0.00076 
   52   52    1    1    1    1    1    1    1    1  1.24164E+15 0.00077 
   53   53    1    1    1    1    1    1    1    1  8.72530E+14 0.00074 
   54   54    1    1    1    1    1    1    1    1  1.07307E+15 0.00051 
   55   55    1    1    1    1    1    1    1    1  7.43769E+14 0.00058 
   56   56    1    1    1    1    1    1    1    1  1.01560E+14 0.00149 
   57   57    1    1    1    1    1    1    1    1  1.48990E+15 0.00049 
   58   58    1    1    1    1    1    1    1    1  6.67467E+14 0.00073 
   59   59    1    1    1    1    1    1    1    1  7.15883E+14 0.00057 
   60   60    1    1    1    1    1    1    1    1  5.59412E+14 0.00078 
   61   61    1    1    1    1    1    1    1    1  5.63067E+14 0.00052 
   62   62    1    1    1    1    1    1    1    1  5.89455E+14 0.00063 
   63   63    1    1    1    1    1    1    1    1  4.98416E+14 0.00085 
   64   64    1    1    1    1    1    1    1    1  3.99033E+14 0.00075 
   65   65    1    1    1    1    1    1    1    1  3.98567E+14 0.00090 
   66   66    1    1    1    1    1    1    1    1  2.88675E+14 0.00094 
   67   67    1    1    1    1    1    1    1    1  2.36121E+14 0.00091 
   68   68    1    1    1    1    1    1    1    1  2.12263E+14 0.00109 
   69   69    1    1    1    1    1    1    1    1  2.54814E+14 0.00092 
   70   70    1    1    1    1    1    1    1    1  2.17697E+14 0.00128 
   71   71    1    1    1    1    1    1    1    1  3.98940E+14 0.00100 
   72   72    1    1    1    1    1    1    1    1  2.84288E+14 0.00070 
   73   73    1    1    1    1    1    1    1    1  2.14411E+14 0.00103 
   74   74    1    1    1    1    1    1    1    1  1.72752E+14 0.00118 
   75   75    1    1    1    1    1    1    1    1  1.43747E+14 0.00152 
   76   76    1    1    1    1    1    1    1    1  1.66374E+14 0.00151 
   77   77    1    1    1    1    1    1    1    1  1.31264E+14 0.00117 
   78   78    1    1    1    1    1    1    1    1  1.04717E+14 0.00148 
   79   79    1    1    1    1    1    1    1    1  1.07556E+14 0.00184 
   80   80    1    1    1    1    1    1    1    1  7.97514E+13 0.00208 
   81   81    1    1    1    1    1    1    1    1  6.13218E+13 0.00165 
   82   82    1    1    1    1    1    1    1    1  4.74200E+13 0.00251 
   83   83    1    1    1    1    1    1    1    1  4.41702E+13 0.00312 
   84   84    1    1    1    1    1    1    1    1  3.18230E+13 0.00271 
   85   85    1    1    1    1    1    1    1    1  2.29254E+13 0.00316 
   86   86    1    1    1    1    1    1    1    1  2.14145E+13 0.00211 
   87   87    1    1    1    1    1    1    1    1  1.31683E+13 0.00317 
   88   88    1    1    1    1    1    1    1    1  8.82421E+12 0.00583 
   89   89    1    1    1    1    1    1    1    1  5.16170E+12 0.00726 
   90   90    1    1    1    1    1    1    1    1  3.38672E+12 0.00786 
   91   91    1    1    1    1    1    1    1    1  1.68160E+12 0.01273 
   92   92    1    1    1    1    1    1    1    1  8.05454E+11 0.02032 
   93   93    1    1    1    1    1    1    1    1  3.96361E+11 0.02192 
   94   94    1    1    1    1    1    1    1    1  1.90539E+11 0.03202 
   95   95    1    1    1    1    1    1    1    1  9.36391E+10 0.04897 
   96   96    1    1    1    1    1    1    1    1  4.54932E+10 0.08103 
   97   97    1    1    1    1    1    1    1    1  2.50641E+10 0.14286 
   98   98    1    1    1    1    1    1    1    1  1.26549E+10 0.12945 
   99   99    1    1    1    1    1    1    1    1  5.91352E+09 0.18379 
  100  100    1    1    1    1    1    1    1    1  5.39746E+09 0.24307 
];


