
DETdpaspec = [
    1    1    1    1    1    1    1    1    1    1  0.00000E+00 0.00000 
    2    2    1    1    1    1    1    1    1    1  0.00000E+00 0.00000 
    3    3    1    1    1    1    1    1    1    1  0.00000E+00 0.00000 
    4    4    1    1    1    1    1    1    1    1  0.00000E+00 0.00000 
    5    5    1    1    1    1    1    1    1    1  0.00000E+00 0.00000 
    6    6    1    1    1    1    1    1    1    1  0.00000E+00 0.00000 
    7    7    1    1    1    1    1    1    1    1  3.46277E+07 1.00000 
    8    8    1    1    1    1    1    1    1    1  1.42123E+07 1.00000 
    9    9    1    1    1    1    1    1    1    1  0.00000E+00 0.00000 
   10   10    1    1    1    1    1    1    1    1  1.06291E+08 1.00000 
   11   11    1    1    1    1    1    1    1    1  1.95813E+08 0.80244 
   12   12    1    1    1    1    1    1    1    1  0.00000E+00 0.00000 
   13   13    1    1    1    1    1    1    1    1  9.37546E+07 1.00000 
   14   14    1    1    1    1    1    1    1    1  2.65684E+08 0.63451 
   15   15    1    1    1    1    1    1    1    1  2.72863E+08 0.81388 
   16   16    1    1    1    1    1    1    1    1  2.28971E+08 0.58050 
   17   17    1    1    1    1    1    1    1    1  7.92291E+08 0.57697 
   18   18    1    1    1    1    1    1    1    1  4.01941E+08 0.43649 
   19   19    1    1    1    1    1    1    1    1  1.11543E+09 0.36375 
   20   20    1    1    1    1    1    1    1    1  4.58017E+09 0.24457 
   21   21    1    1    1    1    1    1    1    1  4.86847E+09 0.20188 
   22   22    1    1    1    1    1    1    1    1  1.21238E+10 0.12438 
   23   23    1    1    1    1    1    1    1    1  2.85201E+10 0.08376 
   24   24    1    1    1    1    1    1    1    1  8.01769E+10 0.06785 
   25   25    1    1    1    1    1    1    1    1  1.33341E+11 0.03698 
   26   26    1    1    1    1    1    1    1    1  2.96936E+11 0.02515 
   27   27    1    1    1    1    1    1    1    1  6.64760E+11 0.01542 
   28   28    1    1    1    1    1    1    1    1  1.48866E+12 0.01539 
   29   29    1    1    1    1    1    1    1    1  2.56289E+12 0.00977 
   30   30    1    1    1    1    1    1    1    1  5.44810E+12 0.00880 
   31   31    1    1    1    1    1    1    1    1  1.25134E+13 0.00492 
   32   32    1    1    1    1    1    1    1    1  1.95829E+13 0.00306 
   33   33    1    1    1    1    1    1    1    1  4.12212E+13 0.00252 
   34   34    1    1    1    1    1    1    1    1  5.32000E+13 0.00229 
   35   35    1    1    1    1    1    1    1    1  5.67184E+13 0.00199 
   36   36    1    1    1    1    1    1    1    1  3.44206E+13 0.00188 
   37   37    1    1    1    1    1    1    1    1  1.00750E+13 0.00193 
   38   38    1    1    1    1    1    1    1    1  5.78898E+13 0.00174 
   39   39    1    1    1    1    1    1    1    1  7.69126E+13 0.00183 
   40   40    1    1    1    1    1    1    1    1  1.30885E+14 0.00211 
   41   41    1    1    1    1    1    1    1    1  1.26455E+14 0.00164 
   42   42    1    1    1    1    1    1    1    1  2.73184E+14 0.00121 
   43   43    1    1    1    1    1    1    1    1  3.28288E+14 0.00100 
   44   44    1    1    1    1    1    1    1    1  4.69891E+14 0.00073 
   45   45    1    1    1    1    1    1    1    1  9.29421E+14 0.00063 
   46   46    1    1    1    1    1    1    1    1  4.19274E+14 0.00101 
   47   47    1    1    1    1    1    1    1    1  6.65982E+14 0.00078 
   48   48    1    1    1    1    1    1    1    1  9.17330E+14 0.00064 
   49   49    1    1    1    1    1    1    1    1  8.98522E+14 0.00056 
   50   50    1    1    1    1    1    1    1    1  1.40889E+15 0.00045 
   51   51    1    1    1    1    1    1    1    1  1.09206E+15 0.00045 
   52   52    1    1    1    1    1    1    1    1  1.32107E+15 0.00048 
   53   53    1    1    1    1    1    1    1    1  9.07223E+14 0.00046 
   54   54    1    1    1    1    1    1    1    1  1.12897E+15 0.00050 
   55   55    1    1    1    1    1    1    1    1  7.72283E+14 0.00054 
   56   56    1    1    1    1    1    1    1    1  1.04141E+14 0.00080 
   57   57    1    1    1    1    1    1    1    1  1.52585E+15 0.00060 
   58   58    1    1    1    1    1    1    1    1  6.97087E+14 0.00060 
   59   59    1    1    1    1    1    1    1    1  7.35941E+14 0.00060 
   60   60    1    1    1    1    1    1    1    1  5.83389E+14 0.00080 
   61   61    1    1    1    1    1    1    1    1  5.81553E+14 0.00073 
   62   62    1    1    1    1    1    1    1    1  6.07111E+14 0.00064 
   63   63    1    1    1    1    1    1    1    1  5.12388E+14 0.00083 
   64   64    1    1    1    1    1    1    1    1  4.08037E+14 0.00081 
   65   65    1    1    1    1    1    1    1    1  4.06020E+14 0.00078 
   66   66    1    1    1    1    1    1    1    1  2.92841E+14 0.00089 
   67   67    1    1    1    1    1    1    1    1  2.36493E+14 0.00102 
   68   68    1    1    1    1    1    1    1    1  2.10947E+14 0.00109 
   69   69    1    1    1    1    1    1    1    1  2.52530E+14 0.00103 
   70   70    1    1    1    1    1    1    1    1  2.13884E+14 0.00099 
   71   71    1    1    1    1    1    1    1    1  3.83275E+14 0.00070 
   72   72    1    1    1    1    1    1    1    1  2.69948E+14 0.00101 
   73   73    1    1    1    1    1    1    1    1  2.03993E+14 0.00148 
   74   74    1    1    1    1    1    1    1    1  1.65946E+14 0.00142 
   75   75    1    1    1    1    1    1    1    1  1.39288E+14 0.00147 
   76   76    1    1    1    1    1    1    1    1  1.63947E+14 0.00094 
   77   77    1    1    1    1    1    1    1    1  1.31517E+14 0.00151 
   78   78    1    1    1    1    1    1    1    1  1.05367E+14 0.00143 
   79   79    1    1    1    1    1    1    1    1  1.09481E+14 0.00122 
   80   80    1    1    1    1    1    1    1    1  8.12810E+13 0.00192 
   81   81    1    1    1    1    1    1    1    1  6.26931E+13 0.00152 
   82   82    1    1    1    1    1    1    1    1  4.81952E+13 0.00272 
   83   83    1    1    1    1    1    1    1    1  4.49304E+13 0.00301 
   84   84    1    1    1    1    1    1    1    1  3.21287E+13 0.00218 
   85   85    1    1    1    1    1    1    1    1  2.33788E+13 0.00364 
   86   86    1    1    1    1    1    1    1    1  2.18119E+13 0.00354 
   87   87    1    1    1    1    1    1    1    1  1.31858E+13 0.00376 
   88   88    1    1    1    1    1    1    1    1  8.78779E+12 0.00542 
   89   89    1    1    1    1    1    1    1    1  4.99413E+12 0.00543 
   90   90    1    1    1    1    1    1    1    1  3.34001E+12 0.00803 
   91   91    1    1    1    1    1    1    1    1  1.65246E+12 0.01357 
   92   92    1    1    1    1    1    1    1    1  7.79745E+11 0.01975 
   93   93    1    1    1    1    1    1    1    1  3.76526E+11 0.02596 
   94   94    1    1    1    1    1    1    1    1  1.84061E+11 0.03432 
   95   95    1    1    1    1    1    1    1    1  9.13249E+10 0.05811 
   96   96    1    1    1    1    1    1    1    1  3.77572E+10 0.08129 
   97   97    1    1    1    1    1    1    1    1  2.12834E+10 0.08920 
   98   98    1    1    1    1    1    1    1    1  1.33014E+10 0.13098 
   99   99    1    1    1    1    1    1    1    1  4.82503E+09 0.23278 
  100  100    1    1    1    1    1    1    1    1  2.33221E+09 0.30364 
];


