
DETdpaspec = [
    1    1    1    1    1    1    1    1    1    1  0.00000E+00 0.00000 
    2    2    1    1    1    1    1    1    1    1  0.00000E+00 0.00000 
    3    3    1    1    1    1    1    1    1    1  0.00000E+00 0.00000 
    4    4    1    1    1    1    1    1    1    1  0.00000E+00 0.00000 
    5    5    1    1    1    1    1    1    1    1  0.00000E+00 0.00000 
    6    6    1    1    1    1    1    1    1    1  0.00000E+00 0.00000 
    7    7    1    1    1    1    1    1    1    1  0.00000E+00 0.00000 
    8    8    1    1    1    1    1    1    1    1  1.00702E+07 1.00000 
    9    9    1    1    1    1    1    1    1    1  4.67767E+06 1.00000 
   10   10    1    1    1    1    1    1    1    1  0.00000E+00 0.00000 
   11   11    1    1    1    1    1    1    1    1  0.00000E+00 0.00000 
   12   12    1    1    1    1    1    1    1    1  9.19059E+07 0.50901 
   13   13    1    1    1    1    1    1    1    1  6.14271E+08 0.76969 
   14   14    1    1    1    1    1    1    1    1  5.44759E+08 0.54756 
   15   15    1    1    1    1    1    1    1    1  1.20647E+08 0.68827 
   16   16    1    1    1    1    1    1    1    1  3.13974E+08 0.50534 
   17   17    1    1    1    1    1    1    1    1  1.00367E+09 0.30618 
   18   18    1    1    1    1    1    1    1    1  3.20351E+09 0.23625 
   19   19    1    1    1    1    1    1    1    1  2.88082E+09 0.23620 
   20   20    1    1    1    1    1    1    1    1  8.25620E+09 0.17209 
   21   21    1    1    1    1    1    1    1    1  7.00713E+09 0.12484 
   22   22    1    1    1    1    1    1    1    1  1.47836E+10 0.11872 
   23   23    1    1    1    1    1    1    1    1  2.43368E+10 0.09609 
   24   24    1    1    1    1    1    1    1    1  3.34858E+10 0.08155 
   25   25    1    1    1    1    1    1    1    1  4.98863E+10 0.07653 
   26   26    1    1    1    1    1    1    1    1  7.78060E+10 0.05725 
   27   27    1    1    1    1    1    1    1    1  1.35648E+11 0.04563 
   28   28    1    1    1    1    1    1    1    1  3.19956E+11 0.03536 
   29   29    1    1    1    1    1    1    1    1  5.32219E+11 0.02814 
   30   30    1    1    1    1    1    1    1    1  1.46050E+12 0.01323 
   31   31    1    1    1    1    1    1    1    1  4.49269E+12 0.00901 
   32   32    1    1    1    1    1    1    1    1  8.35199E+12 0.00540 
   33   33    1    1    1    1    1    1    1    1  1.98192E+13 0.00323 
   34   34    1    1    1    1    1    1    1    1  2.78992E+13 0.00343 
   35   35    1    1    1    1    1    1    1    1  3.56827E+13 0.00327 
   36   36    1    1    1    1    1    1    1    1  2.39356E+13 0.00224 
   37   37    1    1    1    1    1    1    1    1  7.27003E+12 0.00264 
   38   38    1    1    1    1    1    1    1    1  4.11993E+13 0.00210 
   39   39    1    1    1    1    1    1    1    1  5.56832E+13 0.00147 
   40   40    1    1    1    1    1    1    1    1  9.60961E+13 0.00155 
   41   41    1    1    1    1    1    1    1    1  9.69592E+13 0.00165 
   42   42    1    1    1    1    1    1    1    1  2.09834E+14 0.00140 
   43   43    1    1    1    1    1    1    1    1  2.57163E+14 0.00089 
   44   44    1    1    1    1    1    1    1    1  3.77125E+14 0.00114 
   45   45    1    1    1    1    1    1    1    1  7.64462E+14 0.00097 
   46   46    1    1    1    1    1    1    1    1  3.60559E+14 0.00069 
   47   47    1    1    1    1    1    1    1    1  5.84061E+14 0.00073 
   48   48    1    1    1    1    1    1    1    1  8.22243E+14 0.00061 
   49   49    1    1    1    1    1    1    1    1  8.21405E+14 0.00070 
   50   50    1    1    1    1    1    1    1    1  1.30111E+15 0.00049 
   51   51    1    1    1    1    1    1    1    1  1.04389E+15 0.00056 
   52   52    1    1    1    1    1    1    1    1  1.25887E+15 0.00046 
   53   53    1    1    1    1    1    1    1    1  8.82157E+14 0.00046 
   54   54    1    1    1    1    1    1    1    1  1.09132E+15 0.00050 
   55   55    1    1    1    1    1    1    1    1  7.56226E+14 0.00068 
   56   56    1    1    1    1    1    1    1    1  1.03055E+14 0.00116 
   57   57    1    1    1    1    1    1    1    1  1.51111E+15 0.00050 
   58   58    1    1    1    1    1    1    1    1  6.82982E+14 0.00084 
   59   59    1    1    1    1    1    1    1    1  7.29905E+14 0.00066 
   60   60    1    1    1    1    1    1    1    1  5.73829E+14 0.00052 
   61   61    1    1    1    1    1    1    1    1  5.76510E+14 0.00079 
   62   62    1    1    1    1    1    1    1    1  6.02652E+14 0.00069 
   63   63    1    1    1    1    1    1    1    1  5.11142E+14 0.00070 
   64   64    1    1    1    1    1    1    1    1  4.08730E+14 0.00074 
   65   65    1    1    1    1    1    1    1    1  4.08482E+14 0.00075 
   66   66    1    1    1    1    1    1    1    1  2.95326E+14 0.00083 
   67   67    1    1    1    1    1    1    1    1  2.40657E+14 0.00097 
   68   68    1    1    1    1    1    1    1    1  2.16074E+14 0.00104 
   69   69    1    1    1    1    1    1    1    1  2.60280E+14 0.00077 
   70   70    1    1    1    1    1    1    1    1  2.22083E+14 0.00138 
   71   71    1    1    1    1    1    1    1    1  4.05762E+14 0.00118 
   72   72    1    1    1    1    1    1    1    1  2.88377E+14 0.00115 
   73   73    1    1    1    1    1    1    1    1  2.18024E+14 0.00149 
   74   74    1    1    1    1    1    1    1    1  1.75846E+14 0.00134 
   75   75    1    1    1    1    1    1    1    1  1.46539E+14 0.00101 
   76   76    1    1    1    1    1    1    1    1  1.70783E+14 0.00139 
   77   77    1    1    1    1    1    1    1    1  1.35737E+14 0.00106 
   78   78    1    1    1    1    1    1    1    1  1.08447E+14 0.00171 
   79   79    1    1    1    1    1    1    1    1  1.11928E+14 0.00125 
   80   80    1    1    1    1    1    1    1    1  8.30532E+13 0.00137 
   81   81    1    1    1    1    1    1    1    1  6.41064E+13 0.00196 
   82   82    1    1    1    1    1    1    1    1  4.90866E+13 0.00244 
   83   83    1    1    1    1    1    1    1    1  4.59178E+13 0.00193 
   84   84    1    1    1    1    1    1    1    1  3.32695E+13 0.00221 
   85   85    1    1    1    1    1    1    1    1  2.38761E+13 0.00342 
   86   86    1    1    1    1    1    1    1    1  2.22661E+13 0.00328 
   87   87    1    1    1    1    1    1    1    1  1.37651E+13 0.00478 
   88   88    1    1    1    1    1    1    1    1  9.29092E+12 0.00599 
   89   89    1    1    1    1    1    1    1    1  5.35456E+12 0.00815 
   90   90    1    1    1    1    1    1    1    1  3.53825E+12 0.01126 
   91   91    1    1    1    1    1    1    1    1  1.75303E+12 0.01431 
   92   92    1    1    1    1    1    1    1    1  8.48171E+11 0.01649 
   93   93    1    1    1    1    1    1    1    1  3.98627E+11 0.02221 
   94   94    1    1    1    1    1    1    1    1  1.92613E+11 0.03525 
   95   95    1    1    1    1    1    1    1    1  9.49707E+10 0.05556 
   96   96    1    1    1    1    1    1    1    1  4.23497E+10 0.09032 
   97   97    1    1    1    1    1    1    1    1  2.87981E+10 0.09365 
   98   98    1    1    1    1    1    1    1    1  1.11151E+10 0.15203 
   99   99    1    1    1    1    1    1    1    1  5.28188E+09 0.20807 
  100  100    1    1    1    1    1    1    1    1  4.53749E+09 0.21303 
];


