
DETdpaspec = [
    1    1    1    1    1    1    1    1    1    1  0.00000E+00 0.00000 
    2    2    1    1    1    1    1    1    1    1  0.00000E+00 0.00000 
    3    3    1    1    1    1    1    1    1    1  0.00000E+00 0.00000 
    4    4    1    1    1    1    1    1    1    1  0.00000E+00 0.00000 
    5    5    1    1    1    1    1    1    1    1  0.00000E+00 0.00000 
    6    6    1    1    1    1    1    1    1    1  9.63128E+06 1.00000 
    7    7    1    1    1    1    1    1    1    1  0.00000E+00 0.00000 
    8    8    1    1    1    1    1    1    1    1  9.06820E+06 1.00000 
    9    9    1    1    1    1    1    1    1    1  0.00000E+00 0.00000 
   10   10    1    1    1    1    1    1    1    1  0.00000E+00 0.00000 
   11   11    1    1    1    1    1    1    1    1  0.00000E+00 0.00000 
   12   12    1    1    1    1    1    1    1    1  5.65280E+07 1.00000 
   13   13    1    1    1    1    1    1    1    1  4.62846E+08 0.61165 
   14   14    1    1    1    1    1    1    1    1  1.89152E+09 0.37087 
   15   15    1    1    1    1    1    1    1    1  1.80678E+09 0.55816 
   16   16    1    1    1    1    1    1    1    1  6.50948E+08 0.43991 
   17   17    1    1    1    1    1    1    1    1  8.59857E+08 0.52210 
   18   18    1    1    1    1    1    1    1    1  2.79431E+09 0.27191 
   19   19    1    1    1    1    1    1    1    1  1.92305E+09 0.33414 
   20   20    1    1    1    1    1    1    1    1  4.49219E+09 0.22230 
   21   21    1    1    1    1    1    1    1    1  5.10714E+09 0.16081 
   22   22    1    1    1    1    1    1    1    1  1.17553E+10 0.14856 
   23   23    1    1    1    1    1    1    1    1  1.94912E+10 0.11408 
   24   24    1    1    1    1    1    1    1    1  3.42338E+10 0.07562 
   25   25    1    1    1    1    1    1    1    1  5.10849E+10 0.05256 
   26   26    1    1    1    1    1    1    1    1  1.11473E+11 0.03406 
   27   27    1    1    1    1    1    1    1    1  2.25869E+11 0.04396 
   28   28    1    1    1    1    1    1    1    1  5.19193E+11 0.02085 
   29   29    1    1    1    1    1    1    1    1  9.62816E+11 0.01749 
   30   30    1    1    1    1    1    1    1    1  2.39518E+12 0.01010 
   31   31    1    1    1    1    1    1    1    1  6.73276E+12 0.00627 
   32   32    1    1    1    1    1    1    1    1  1.16379E+13 0.00487 
   33   33    1    1    1    1    1    1    1    1  2.68539E+13 0.00332 
   34   34    1    1    1    1    1    1    1    1  3.68682E+13 0.00199 
   35   35    1    1    1    1    1    1    1    1  4.30318E+13 0.00137 
   36   36    1    1    1    1    1    1    1    1  2.74321E+13 0.00156 
   37   37    1    1    1    1    1    1    1    1  8.20578E+12 0.00263 
   38   38    1    1    1    1    1    1    1    1  4.69320E+13 0.00193 
   39   39    1    1    1    1    1    1    1    1  6.31129E+13 0.00179 
   40   40    1    1    1    1    1    1    1    1  1.08902E+14 0.00125 
   41   41    1    1    1    1    1    1    1    1  1.07458E+14 0.00158 
   42   42    1    1    1    1    1    1    1    1  2.33379E+14 0.00135 
   43   43    1    1    1    1    1    1    1    1  2.84454E+14 0.00132 
   44   44    1    1    1    1    1    1    1    1  4.13724E+14 0.00130 
   45   45    1    1    1    1    1    1    1    1  8.32953E+14 0.00081 
   46   46    1    1    1    1    1    1    1    1  3.85169E+14 0.00081 
   47   47    1    1    1    1    1    1    1    1  6.17436E+14 0.00073 
   48   48    1    1    1    1    1    1    1    1  8.63705E+14 0.00058 
   49   49    1    1    1    1    1    1    1    1  8.55154E+14 0.00058 
   50   50    1    1    1    1    1    1    1    1  1.35483E+15 0.00059 
   51   51    1    1    1    1    1    1    1    1  1.06840E+15 0.00073 
   52   52    1    1    1    1    1    1    1    1  1.29611E+15 0.00053 
   53   53    1    1    1    1    1    1    1    1  9.00914E+14 0.00059 
   54   54    1    1    1    1    1    1    1    1  1.12220E+15 0.00046 
   55   55    1    1    1    1    1    1    1    1  7.72197E+14 0.00064 
   56   56    1    1    1    1    1    1    1    1  1.04699E+14 0.00092 
   57   57    1    1    1    1    1    1    1    1  1.53963E+15 0.00048 
   58   58    1    1    1    1    1    1    1    1  7.02119E+14 0.00056 
   59   59    1    1    1    1    1    1    1    1  7.46143E+14 0.00054 
   60   60    1    1    1    1    1    1    1    1  5.90637E+14 0.00048 
   61   61    1    1    1    1    1    1    1    1  5.90921E+14 0.00060 
   62   62    1    1    1    1    1    1    1    1  6.18193E+14 0.00059 
   63   63    1    1    1    1    1    1    1    1  5.23469E+14 0.00083 
   64   64    1    1    1    1    1    1    1    1  4.18338E+14 0.00100 
   65   65    1    1    1    1    1    1    1    1  4.17744E+14 0.00069 
   66   66    1    1    1    1    1    1    1    1  3.02279E+14 0.00100 
   67   67    1    1    1    1    1    1    1    1  2.45142E+14 0.00108 
   68   68    1    1    1    1    1    1    1    1  2.19661E+14 0.00117 
   69   69    1    1    1    1    1    1    1    1  2.63895E+14 0.00105 
   70   70    1    1    1    1    1    1    1    1  2.24456E+14 0.00132 
   71   71    1    1    1    1    1    1    1    1  4.05300E+14 0.00062 
   72   72    1    1    1    1    1    1    1    1  2.86983E+14 0.00086 
   73   73    1    1    1    1    1    1    1    1  2.16866E+14 0.00116 
   74   74    1    1    1    1    1    1    1    1  1.76321E+14 0.00115 
   75   75    1    1    1    1    1    1    1    1  1.48061E+14 0.00142 
   76   76    1    1    1    1    1    1    1    1  1.73339E+14 0.00124 
   77   77    1    1    1    1    1    1    1    1  1.38653E+14 0.00140 
   78   78    1    1    1    1    1    1    1    1  1.10832E+14 0.00136 
   79   79    1    1    1    1    1    1    1    1  1.15322E+14 0.00140 
   80   80    1    1    1    1    1    1    1    1  8.57819E+13 0.00178 
   81   81    1    1    1    1    1    1    1    1  6.58927E+13 0.00173 
   82   82    1    1    1    1    1    1    1    1  5.07971E+13 0.00203 
   83   83    1    1    1    1    1    1    1    1  4.75507E+13 0.00195 
   84   84    1    1    1    1    1    1    1    1  3.42958E+13 0.00240 
   85   85    1    1    1    1    1    1    1    1  2.47207E+13 0.00194 
   86   86    1    1    1    1    1    1    1    1  2.29581E+13 0.00359 
   87   87    1    1    1    1    1    1    1    1  1.40746E+13 0.00486 
   88   88    1    1    1    1    1    1    1    1  9.42097E+12 0.00691 
   89   89    1    1    1    1    1    1    1    1  5.41608E+12 0.00726 
   90   90    1    1    1    1    1    1    1    1  3.56478E+12 0.00956 
   91   91    1    1    1    1    1    1    1    1  1.81556E+12 0.01213 
   92   92    1    1    1    1    1    1    1    1  8.63899E+11 0.01801 
   93   93    1    1    1    1    1    1    1    1  4.09714E+11 0.02091 
   94   94    1    1    1    1    1    1    1    1  2.07757E+11 0.03779 
   95   95    1    1    1    1    1    1    1    1  9.35129E+10 0.05535 
   96   96    1    1    1    1    1    1    1    1  4.38393E+10 0.06522 
   97   97    1    1    1    1    1    1    1    1  1.70894E+10 0.13118 
   98   98    1    1    1    1    1    1    1    1  1.01163E+10 0.16982 
   99   99    1    1    1    1    1    1    1    1  4.56360E+09 0.27587 
  100  100    1    1    1    1    1    1    1    1  4.17972E+09 0.34365 
];


