
DETdpaspec = [
    1    1    1    1    1    1    1    1    1    1  0.00000E+00 0.00000 
    2    2    1    1    1    1    1    1    1    1  0.00000E+00 0.00000 
    3    3    1    1    1    1    1    1    1    1  0.00000E+00 0.00000 
    4    4    1    1    1    1    1    1    1    1  0.00000E+00 0.00000 
    5    5    1    1    1    1    1    1    1    1  0.00000E+00 0.00000 
    6    6    1    1    1    1    1    1    1    1  0.00000E+00 0.00000 
    7    7    1    1    1    1    1    1    1    1  0.00000E+00 0.00000 
    8    8    1    1    1    1    1    1    1    1  0.00000E+00 0.00000 
    9    9    1    1    1    1    1    1    1    1  0.00000E+00 0.00000 
   10   10    1    1    1    1    1    1    1    1  0.00000E+00 0.00000 
   11   11    1    1    1    1    1    1    1    1  1.88737E+08 0.79190 
   12   12    1    1    1    1    1    1    1    1  4.31407E+07 1.00000 
   13   13    1    1    1    1    1    1    1    1  7.52266E+08 0.51850 
   14   14    1    1    1    1    1    1    1    1  8.14652E+08 0.80491 
   15   15    1    1    1    1    1    1    1    1  1.58062E+09 0.51908 
   16   16    1    1    1    1    1    1    1    1  1.25081E+09 0.46859 
   17   17    1    1    1    1    1    1    1    1  8.16097E+08 0.48684 
   18   18    1    1    1    1    1    1    1    1  6.94885E+08 0.42783 
   19   19    1    1    1    1    1    1    1    1  1.87549E+09 0.32166 
   20   20    1    1    1    1    1    1    1    1  5.50513E+09 0.23226 
   21   21    1    1    1    1    1    1    1    1  4.77877E+09 0.19001 
   22   22    1    1    1    1    1    1    1    1  1.20644E+10 0.14390 
   23   23    1    1    1    1    1    1    1    1  3.73863E+10 0.08398 
   24   24    1    1    1    1    1    1    1    1  1.18195E+11 0.04153 
   25   25    1    1    1    1    1    1    1    1  2.08086E+11 0.03448 
   26   26    1    1    1    1    1    1    1    1  4.70601E+11 0.02086 
   27   27    1    1    1    1    1    1    1    1  9.94462E+11 0.01166 
   28   28    1    1    1    1    1    1    1    1  2.04859E+12 0.01344 
   29   29    1    1    1    1    1    1    1    1  3.36788E+12 0.01112 
   30   30    1    1    1    1    1    1    1    1  6.91355E+12 0.00677 
   31   31    1    1    1    1    1    1    1    1  1.50448E+13 0.00537 
   32   32    1    1    1    1    1    1    1    1  2.29662E+13 0.00398 
   33   33    1    1    1    1    1    1    1    1  4.70164E+13 0.00263 
   34   34    1    1    1    1    1    1    1    1  5.90984E+13 0.00280 
   35   35    1    1    1    1    1    1    1    1  6.10653E+13 0.00233 
   36   36    1    1    1    1    1    1    1    1  3.66724E+13 0.00205 
   37   37    1    1    1    1    1    1    1    1  1.06742E+13 0.00200 
   38   38    1    1    1    1    1    1    1    1  6.13743E+13 0.00164 
   39   39    1    1    1    1    1    1    1    1  8.11676E+13 0.00147 
   40   40    1    1    1    1    1    1    1    1  1.37693E+14 0.00145 
   41   41    1    1    1    1    1    1    1    1  1.32408E+14 0.00132 
   42   42    1    1    1    1    1    1    1    1  2.85272E+14 0.00093 
   43   43    1    1    1    1    1    1    1    1  3.41221E+14 0.00085 
   44   44    1    1    1    1    1    1    1    1  4.87050E+14 0.00076 
   45   45    1    1    1    1    1    1    1    1  9.57168E+14 0.00081 
   46   46    1    1    1    1    1    1    1    1  4.28909E+14 0.00092 
   47   47    1    1    1    1    1    1    1    1  6.79174E+14 0.00086 
   48   48    1    1    1    1    1    1    1    1  9.30884E+14 0.00049 
   49   49    1    1    1    1    1    1    1    1  9.07380E+14 0.00064 
   50   50    1    1    1    1    1    1    1    1  1.41920E+15 0.00045 
   51   51    1    1    1    1    1    1    1    1  1.09640E+15 0.00051 
   52   52    1    1    1    1    1    1    1    1  1.32201E+15 0.00059 
   53   53    1    1    1    1    1    1    1    1  9.06042E+14 0.00051 
   54   54    1    1    1    1    1    1    1    1  1.12596E+15 0.00047 
   55   55    1    1    1    1    1    1    1    1  7.68555E+14 0.00068 
   56   56    1    1    1    1    1    1    1    1  1.03523E+14 0.00095 
   57   57    1    1    1    1    1    1    1    1  1.51615E+15 0.00040 
   58   58    1    1    1    1    1    1    1    1  6.92026E+14 0.00061 
   59   59    1    1    1    1    1    1    1    1  7.28582E+14 0.00062 
   60   60    1    1    1    1    1    1    1    1  5.78443E+14 0.00084 
   61   61    1    1    1    1    1    1    1    1  5.76098E+14 0.00083 
   62   62    1    1    1    1    1    1    1    1  5.99270E+14 0.00086 
   63   63    1    1    1    1    1    1    1    1  5.06475E+14 0.00075 
   64   64    1    1    1    1    1    1    1    1  4.02446E+14 0.00074 
   65   65    1    1    1    1    1    1    1    1  3.99875E+14 0.00081 
   66   66    1    1    1    1    1    1    1    1  2.88168E+14 0.00088 
   67   67    1    1    1    1    1    1    1    1  2.32933E+14 0.00106 
   68   68    1    1    1    1    1    1    1    1  2.06974E+14 0.00119 
   69   69    1    1    1    1    1    1    1    1  2.48126E+14 0.00120 
   70   70    1    1    1    1    1    1    1    1  2.10039E+14 0.00133 
   71   71    1    1    1    1    1    1    1    1  3.75172E+14 0.00087 
   72   72    1    1    1    1    1    1    1    1  2.63828E+14 0.00119 
   73   73    1    1    1    1    1    1    1    1  1.98742E+14 0.00100 
   74   74    1    1    1    1    1    1    1    1  1.61885E+14 0.00108 
   75   75    1    1    1    1    1    1    1    1  1.35849E+14 0.00138 
   76   76    1    1    1    1    1    1    1    1  1.60026E+14 0.00127 
   77   77    1    1    1    1    1    1    1    1  1.27754E+14 0.00149 
   78   78    1    1    1    1    1    1    1    1  1.02817E+14 0.00160 
   79   79    1    1    1    1    1    1    1    1  1.06645E+14 0.00176 
   80   80    1    1    1    1    1    1    1    1  7.92214E+13 0.00185 
   81   81    1    1    1    1    1    1    1    1  6.09880E+13 0.00180 
   82   82    1    1    1    1    1    1    1    1  4.66835E+13 0.00178 
   83   83    1    1    1    1    1    1    1    1  4.37279E+13 0.00232 
   84   84    1    1    1    1    1    1    1    1  3.12527E+13 0.00294 
   85   85    1    1    1    1    1    1    1    1  2.25749E+13 0.00368 
   86   86    1    1    1    1    1    1    1    1  2.08920E+13 0.00302 
   87   87    1    1    1    1    1    1    1    1  1.27997E+13 0.00429 
   88   88    1    1    1    1    1    1    1    1  8.54573E+12 0.00506 
   89   89    1    1    1    1    1    1    1    1  4.84672E+12 0.00723 
   90   90    1    1    1    1    1    1    1    1  3.15731E+12 0.00850 
   91   91    1    1    1    1    1    1    1    1  1.54847E+12 0.01219 
   92   92    1    1    1    1    1    1    1    1  7.55459E+11 0.01325 
   93   93    1    1    1    1    1    1    1    1  3.56310E+11 0.02490 
   94   94    1    1    1    1    1    1    1    1  1.74213E+11 0.03597 
   95   95    1    1    1    1    1    1    1    1  8.48531E+10 0.04868 
   96   96    1    1    1    1    1    1    1    1  3.89435E+10 0.05264 
   97   97    1    1    1    1    1    1    1    1  1.75066E+10 0.13301 
   98   98    1    1    1    1    1    1    1    1  8.29907E+09 0.14705 
   99   99    1    1    1    1    1    1    1    1  4.76204E+09 0.23902 
  100  100    1    1    1    1    1    1    1    1  2.40337E+09 0.30022 
];


