
DETdpaspec = [
    1    1    1    1    1    1    1    1    1    1  0.00000E+00 0.00000 
    2    2    1    1    1    1    1    1    1    1  0.00000E+00 0.00000 
    3    3    1    1    1    1    1    1    1    1  0.00000E+00 0.00000 
    4    4    1    1    1    1    1    1    1    1  8.56210E+06 1.00000 
    5    5    1    1    1    1    1    1    1    1  0.00000E+00 0.00000 
    6    6    1    1    1    1    1    1    1    1  0.00000E+00 0.00000 
    7    7    1    1    1    1    1    1    1    1  0.00000E+00 0.00000 
    8    8    1    1    1    1    1    1    1    1  0.00000E+00 0.00000 
    9    9    1    1    1    1    1    1    1    1  5.04521E+06 1.00000 
   10   10    1    1    1    1    1    1    1    1  3.97205E+07 1.00000 
   11   11    1    1    1    1    1    1    1    1  3.85169E+07 1.00000 
   12   12    1    1    1    1    1    1    1    1  5.02822E+07 0.84739 
   13   13    1    1    1    1    1    1    1    1  3.76064E+08 0.81462 
   14   14    1    1    1    1    1    1    1    1  1.52342E+09 0.39595 
   15   15    1    1    1    1    1    1    1    1  1.91517E+09 0.46495 
   16   16    1    1    1    1    1    1    1    1  3.88808E+08 0.41282 
   17   17    1    1    1    1    1    1    1    1  6.69537E+08 0.54236 
   18   18    1    1    1    1    1    1    1    1  1.98827E+09 0.28144 
   19   19    1    1    1    1    1    1    1    1  1.58725E+09 0.25308 
   20   20    1    1    1    1    1    1    1    1  4.92916E+09 0.20679 
   21   21    1    1    1    1    1    1    1    1  4.79314E+09 0.17526 
   22   22    1    1    1    1    1    1    1    1  1.24977E+10 0.09888 
   23   23    1    1    1    1    1    1    1    1  2.26078E+10 0.08945 
   24   24    1    1    1    1    1    1    1    1  3.46190E+10 0.08073 
   25   25    1    1    1    1    1    1    1    1  4.82015E+10 0.09245 
   26   26    1    1    1    1    1    1    1    1  8.95052E+10 0.05370 
   27   27    1    1    1    1    1    1    1    1  1.82390E+11 0.04138 
   28   28    1    1    1    1    1    1    1    1  4.19974E+11 0.02179 
   29   29    1    1    1    1    1    1    1    1  7.73425E+11 0.01422 
   30   30    1    1    1    1    1    1    1    1  1.97541E+12 0.01265 
   31   31    1    1    1    1    1    1    1    1  5.79805E+12 0.00981 
   32   32    1    1    1    1    1    1    1    1  1.03223E+13 0.00589 
   33   33    1    1    1    1    1    1    1    1  2.41514E+13 0.00335 
   34   34    1    1    1    1    1    1    1    1  3.32653E+13 0.00287 
   35   35    1    1    1    1    1    1    1    1  4.00889E+13 0.00213 
   36   36    1    1    1    1    1    1    1    1  2.59713E+13 0.00217 
   37   37    1    1    1    1    1    1    1    1  7.79201E+12 0.00248 
   38   38    1    1    1    1    1    1    1    1  4.46436E+13 0.00210 
   39   39    1    1    1    1    1    1    1    1  6.03087E+13 0.00173 
   40   40    1    1    1    1    1    1    1    1  1.04013E+14 0.00155 
   41   41    1    1    1    1    1    1    1    1  1.03310E+14 0.00158 
   42   42    1    1    1    1    1    1    1    1  2.24365E+14 0.00110 
   43   43    1    1    1    1    1    1    1    1  2.73668E+14 0.00081 
   44   44    1    1    1    1    1    1    1    1  3.99419E+14 0.00081 
   45   45    1    1    1    1    1    1    1    1  8.09140E+14 0.00076 
   46   46    1    1    1    1    1    1    1    1  3.76694E+14 0.00110 
   47   47    1    1    1    1    1    1    1    1  6.06207E+14 0.00094 
   48   48    1    1    1    1    1    1    1    1  8.48846E+14 0.00060 
   49   49    1    1    1    1    1    1    1    1  8.43373E+14 0.00071 
   50   50    1    1    1    1    1    1    1    1  1.33747E+15 0.00037 
   51   51    1    1    1    1    1    1    1    1  1.06072E+15 0.00062 
   52   52    1    1    1    1    1    1    1    1  1.28404E+15 0.00049 
   53   53    1    1    1    1    1    1    1    1  8.96236E+14 0.00072 
   54   54    1    1    1    1    1    1    1    1  1.11462E+15 0.00068 
   55   55    1    1    1    1    1    1    1    1  7.68942E+14 0.00074 
   56   56    1    1    1    1    1    1    1    1  1.04430E+14 0.00101 
   57   57    1    1    1    1    1    1    1    1  1.53187E+15 0.00063 
   58   58    1    1    1    1    1    1    1    1  6.98304E+14 0.00075 
   59   59    1    1    1    1    1    1    1    1  7.41911E+14 0.00074 
   60   60    1    1    1    1    1    1    1    1  5.86511E+14 0.00078 
   61   61    1    1    1    1    1    1    1    1  5.88495E+14 0.00060 
   62   62    1    1    1    1    1    1    1    1  6.15945E+14 0.00067 
   63   63    1    1    1    1    1    1    1    1  5.22701E+14 0.00077 
   64   64    1    1    1    1    1    1    1    1  4.17323E+14 0.00073 
   65   65    1    1    1    1    1    1    1    1  4.16542E+14 0.00085 
   66   66    1    1    1    1    1    1    1    1  3.01858E+14 0.00111 
   67   67    1    1    1    1    1    1    1    1  2.45572E+14 0.00109 
   68   68    1    1    1    1    1    1    1    1  2.19649E+14 0.00095 
   69   69    1    1    1    1    1    1    1    1  2.63991E+14 0.00102 
   70   70    1    1    1    1    1    1    1    1  2.25039E+14 0.00086 
   71   71    1    1    1    1    1    1    1    1  4.06607E+14 0.00075 
   72   72    1    1    1    1    1    1    1    1  2.88480E+14 0.00093 
   73   73    1    1    1    1    1    1    1    1  2.18711E+14 0.00114 
   74   74    1    1    1    1    1    1    1    1  1.77676E+14 0.00170 
   75   75    1    1    1    1    1    1    1    1  1.48753E+14 0.00132 
   76   76    1    1    1    1    1    1    1    1  1.73760E+14 0.00131 
   77   77    1    1    1    1    1    1    1    1  1.38587E+14 0.00128 
   78   78    1    1    1    1    1    1    1    1  1.11262E+14 0.00172 
   79   79    1    1    1    1    1    1    1    1  1.14805E+14 0.00134 
   80   80    1    1    1    1    1    1    1    1  8.55129E+13 0.00178 
   81   81    1    1    1    1    1    1    1    1  6.62376E+13 0.00225 
   82   82    1    1    1    1    1    1    1    1  5.07187E+13 0.00216 
   83   83    1    1    1    1    1    1    1    1  4.76723E+13 0.00228 
   84   84    1    1    1    1    1    1    1    1  3.42749E+13 0.00323 
   85   85    1    1    1    1    1    1    1    1  2.46423E+13 0.00254 
   86   86    1    1    1    1    1    1    1    1  2.31005E+13 0.00343 
   87   87    1    1    1    1    1    1    1    1  1.41996E+13 0.00304 
   88   88    1    1    1    1    1    1    1    1  9.51015E+12 0.00461 
   89   89    1    1    1    1    1    1    1    1  5.41518E+12 0.00613 
   90   90    1    1    1    1    1    1    1    1  3.58843E+12 0.00772 
   91   91    1    1    1    1    1    1    1    1  1.78442E+12 0.01436 
   92   92    1    1    1    1    1    1    1    1  8.75482E+11 0.01204 
   93   93    1    1    1    1    1    1    1    1  4.28108E+11 0.01889 
   94   94    1    1    1    1    1    1    1    1  2.07491E+11 0.03125 
   95   95    1    1    1    1    1    1    1    1  8.25892E+10 0.07331 
   96   96    1    1    1    1    1    1    1    1  3.96814E+10 0.09754 
   97   97    1    1    1    1    1    1    1    1  1.77244E+10 0.13370 
   98   98    1    1    1    1    1    1    1    1  1.02589E+10 0.13521 
   99   99    1    1    1    1    1    1    1    1  4.09818E+09 0.34583 
  100  100    1    1    1    1    1    1    1    1  3.30568E+09 0.28337 
];


