
DETdpaspec = [
    1    1    1    1    1    1    1    1    1    1  0.00000E+00 0.00000 
    2    2    1    1    1    1    1    1    1    1  0.00000E+00 0.00000 
    3    3    1    1    1    1    1    1    1    1  0.00000E+00 0.00000 
    4    4    1    1    1    1    1    1    1    1  0.00000E+00 0.00000 
    5    5    1    1    1    1    1    1    1    1  0.00000E+00 0.00000 
    6    6    1    1    1    1    1    1    1    1  0.00000E+00 0.00000 
    7    7    1    1    1    1    1    1    1    1  1.17226E+07 1.00000 
    8    8    1    1    1    1    1    1    1    1  0.00000E+00 0.00000 
    9    9    1    1    1    1    1    1    1    1  0.00000E+00 0.00000 
   10   10    1    1    1    1    1    1    1    1  2.59647E+07 1.00000 
   11   11    1    1    1    1    1    1    1    1  1.19209E+08 0.58178 
   12   12    1    1    1    1    1    1    1    1  6.68161E+07 0.50702 
   13   13    1    1    1    1    1    1    1    1  8.20191E+08 0.37663 
   14   14    1    1    1    1    1    1    1    1  1.02921E+09 0.41144 
   15   15    1    1    1    1    1    1    1    1  2.09767E+09 0.50083 
   16   16    1    1    1    1    1    1    1    1  3.77788E+08 0.33135 
   17   17    1    1    1    1    1    1    1    1  1.35206E+09 0.31423 
   18   18    1    1    1    1    1    1    1    1  4.57240E+09 0.16833 
   19   19    1    1    1    1    1    1    1    1  2.39317E+09 0.21636 
   20   20    1    1    1    1    1    1    1    1  7.23136E+09 0.18667 
   21   21    1    1    1    1    1    1    1    1  8.48869E+09 0.09308 
   22   22    1    1    1    1    1    1    1    1  2.14115E+10 0.11480 
   23   23    1    1    1    1    1    1    1    1  2.80675E+10 0.06683 
   24   24    1    1    1    1    1    1    1    1  4.18806E+10 0.06464 
   25   25    1    1    1    1    1    1    1    1  5.90426E+10 0.05679 
   26   26    1    1    1    1    1    1    1    1  9.88986E+10 0.04623 
   27   27    1    1    1    1    1    1    1    1  1.66456E+11 0.03881 
   28   28    1    1    1    1    1    1    1    1  3.07342E+11 0.02538 
   29   29    1    1    1    1    1    1    1    1  4.51877E+11 0.01487 
   30   30    1    1    1    1    1    1    1    1  1.31566E+12 0.01606 
   31   31    1    1    1    1    1    1    1    1  4.01168E+12 0.00699 
   32   32    1    1    1    1    1    1    1    1  7.53625E+12 0.00547 
   33   33    1    1    1    1    1    1    1    1  1.77929E+13 0.00373 
   34   34    1    1    1    1    1    1    1    1  2.43923E+13 0.00275 
   35   35    1    1    1    1    1    1    1    1  3.41145E+13 0.00231 
   36   36    1    1    1    1    1    1    1    1  2.37459E+13 0.00244 
   37   37    1    1    1    1    1    1    1    1  7.41271E+12 0.00297 
   38   38    1    1    1    1    1    1    1    1  4.07802E+13 0.00208 
   39   39    1    1    1    1    1    1    1    1  5.51585E+13 0.00189 
   40   40    1    1    1    1    1    1    1    1  9.40086E+13 0.00135 
   41   41    1    1    1    1    1    1    1    1  9.67848E+13 0.00164 
   42   42    1    1    1    1    1    1    1    1  2.04226E+14 0.00134 
   43   43    1    1    1    1    1    1    1    1  2.49352E+14 0.00147 
   44   44    1    1    1    1    1    1    1    1  3.63926E+14 0.00098 
   45   45    1    1    1    1    1    1    1    1  7.26458E+14 0.00084 
   46   46    1    1    1    1    1    1    1    1  3.47274E+14 0.00079 
   47   47    1    1    1    1    1    1    1    1  5.66655E+14 0.00089 
   48   48    1    1    1    1    1    1    1    1  7.97577E+14 0.00079 
   49   49    1    1    1    1    1    1    1    1  8.01399E+14 0.00065 
   50   50    1    1    1    1    1    1    1    1  1.25153E+15 0.00073 
   51   51    1    1    1    1    1    1    1    1  1.02134E+15 0.00067 
   52   52    1    1    1    1    1    1    1    1  1.20869E+15 0.00050 
   53   53    1    1    1    1    1    1    1    1  8.52299E+14 0.00062 
   54   54    1    1    1    1    1    1    1    1  1.03540E+15 0.00049 
   55   55    1    1    1    1    1    1    1    1  7.19483E+14 0.00071 
   56   56    1    1    1    1    1    1    1    1  9.84745E+13 0.00116 
   57   57    1    1    1    1    1    1    1    1  1.44225E+15 0.00074 
   58   58    1    1    1    1    1    1    1    1  6.36320E+14 0.00077 
   59   59    1    1    1    1    1    1    1    1  6.84719E+14 0.00081 
   60   60    1    1    1    1    1    1    1    1  5.29454E+14 0.00072 
   61   61    1    1    1    1    1    1    1    1  5.33679E+14 0.00065 
   62   62    1    1    1    1    1    1    1    1  5.57042E+14 0.00100 
   63   63    1    1    1    1    1    1    1    1  4.68841E+14 0.00080 
   64   64    1    1    1    1    1    1    1    1  3.75460E+14 0.00106 
   65   65    1    1    1    1    1    1    1    1  3.74746E+14 0.00077 
   66   66    1    1    1    1    1    1    1    1  2.71022E+14 0.00098 
   67   67    1    1    1    1    1    1    1    1  2.22207E+14 0.00109 
   68   68    1    1    1    1    1    1    1    1  2.00387E+14 0.00134 
   69   69    1    1    1    1    1    1    1    1  2.40031E+14 0.00101 
   70   70    1    1    1    1    1    1    1    1  2.06077E+14 0.00165 
   71   71    1    1    1    1    1    1    1    1  3.80544E+14 0.00100 
   72   72    1    1    1    1    1    1    1    1  2.71686E+14 0.00100 
   73   73    1    1    1    1    1    1    1    1  2.04262E+14 0.00106 
   74   74    1    1    1    1    1    1    1    1  1.63075E+14 0.00152 
   75   75    1    1    1    1    1    1    1    1  1.34086E+14 0.00185 
   76   76    1    1    1    1    1    1    1    1  1.53645E+14 0.00130 
   77   77    1    1    1    1    1    1    1    1  1.20396E+14 0.00186 
   78   78    1    1    1    1    1    1    1    1  9.55616E+13 0.00186 
   79   79    1    1    1    1    1    1    1    1  9.78553E+13 0.00234 
   80   80    1    1    1    1    1    1    1    1  7.24048E+13 0.00198 
   81   81    1    1    1    1    1    1    1    1  5.52810E+13 0.00212 
   82   82    1    1    1    1    1    1    1    1  4.24434E+13 0.00289 
   83   83    1    1    1    1    1    1    1    1  3.98072E+13 0.00232 
   84   84    1    1    1    1    1    1    1    1  2.86083E+13 0.00316 
   85   85    1    1    1    1    1    1    1    1  2.04066E+13 0.00401 
   86   86    1    1    1    1    1    1    1    1  1.92382E+13 0.00442 
   87   87    1    1    1    1    1    1    1    1  1.18734E+13 0.00412 
   88   88    1    1    1    1    1    1    1    1  7.97744E+12 0.00595 
   89   89    1    1    1    1    1    1    1    1  4.59537E+12 0.00713 
   90   90    1    1    1    1    1    1    1    1  3.04737E+12 0.00832 
   91   91    1    1    1    1    1    1    1    1  1.54695E+12 0.00786 
   92   92    1    1    1    1    1    1    1    1  7.68389E+11 0.02299 
   93   93    1    1    1    1    1    1    1    1  3.64774E+11 0.02439 
   94   94    1    1    1    1    1    1    1    1  1.84306E+11 0.03635 
   95   95    1    1    1    1    1    1    1    1  9.15999E+10 0.06426 
   96   96    1    1    1    1    1    1    1    1  4.02063E+10 0.07723 
   97   97    1    1    1    1    1    1    1    1  2.22114E+10 0.16016 
   98   98    1    1    1    1    1    1    1    1  8.32267E+09 0.14165 
   99   99    1    1    1    1    1    1    1    1  5.55562E+09 0.23604 
  100  100    1    1    1    1    1    1    1    1  1.74294E+09 0.32579 
];


