
DETdpaspec = [
    1    1    1    1    1    1    1    1    1    1  0.00000E+00 0.00000 
    2    2    1    1    1    1    1    1    1    1  0.00000E+00 0.00000 
    3    3    1    1    1    1    1    1    1    1  0.00000E+00 0.00000 
    4    4    1    1    1    1    1    1    1    1  0.00000E+00 0.00000 
    5    5    1    1    1    1    1    1    1    1  0.00000E+00 0.00000 
    6    6    1    1    1    1    1    1    1    1  0.00000E+00 0.00000 
    7    7    1    1    1    1    1    1    1    1  0.00000E+00 0.00000 
    8    8    1    1    1    1    1    1    1    1  0.00000E+00 0.00000 
    9    9    1    1    1    1    1    1    1    1  0.00000E+00 0.00000 
   10   10    1    1    1    1    1    1    1    1  0.00000E+00 0.00000 
   11   11    1    1    1    1    1    1    1    1  7.64514E+07 1.00000 
   12   12    1    1    1    1    1    1    1    1  2.45750E+07 0.69212 
   13   13    1    1    1    1    1    1    1    1  3.02004E+08 0.67182 
   14   14    1    1    1    1    1    1    1    1  3.92494E+08 0.63356 
   15   15    1    1    1    1    1    1    1    1  1.04216E+09 0.38933 
   16   16    1    1    1    1    1    1    1    1  6.41935E+08 0.39431 
   17   17    1    1    1    1    1    1    1    1  4.52322E+08 0.32421 
   18   18    1    1    1    1    1    1    1    1  1.51722E+09 0.44432 
   19   19    1    1    1    1    1    1    1    1  1.87235E+09 0.35478 
   20   20    1    1    1    1    1    1    1    1  8.20750E+09 0.25943 
   21   21    1    1    1    1    1    1    1    1  4.78368E+09 0.21476 
   22   22    1    1    1    1    1    1    1    1  1.13418E+10 0.09175 
   23   23    1    1    1    1    1    1    1    1  2.35572E+10 0.11555 
   24   24    1    1    1    1    1    1    1    1  3.77535E+10 0.08536 
   25   25    1    1    1    1    1    1    1    1  4.43783E+10 0.05486 
   26   26    1    1    1    1    1    1    1    1  8.70118E+10 0.06050 
   27   27    1    1    1    1    1    1    1    1  1.55269E+11 0.03508 
   28   28    1    1    1    1    1    1    1    1  3.69869E+11 0.02792 
   29   29    1    1    1    1    1    1    1    1  6.96415E+11 0.01577 
   30   30    1    1    1    1    1    1    1    1  1.79752E+12 0.01095 
   31   31    1    1    1    1    1    1    1    1  5.32958E+12 0.00919 
   32   32    1    1    1    1    1    1    1    1  9.58717E+12 0.00738 
   33   33    1    1    1    1    1    1    1    1  2.28068E+13 0.00393 
   34   34    1    1    1    1    1    1    1    1  3.19526E+13 0.00252 
   35   35    1    1    1    1    1    1    1    1  3.88252E+13 0.00245 
   36   36    1    1    1    1    1    1    1    1  2.52804E+13 0.00241 
   37   37    1    1    1    1    1    1    1    1  7.59934E+12 0.00291 
   38   38    1    1    1    1    1    1    1    1  4.34458E+13 0.00227 
   39   39    1    1    1    1    1    1    1    1  5.88908E+13 0.00231 
   40   40    1    1    1    1    1    1    1    1  1.01694E+14 0.00200 
   41   41    1    1    1    1    1    1    1    1  1.01711E+14 0.00168 
   42   42    1    1    1    1    1    1    1    1  2.20070E+14 0.00116 
   43   43    1    1    1    1    1    1    1    1  2.69041E+14 0.00100 
   44   44    1    1    1    1    1    1    1    1  3.93466E+14 0.00137 
   45   45    1    1    1    1    1    1    1    1  7.97427E+14 0.00076 
   46   46    1    1    1    1    1    1    1    1  3.72052E+14 0.00059 
   47   47    1    1    1    1    1    1    1    1  5.99643E+14 0.00061 
   48   48    1    1    1    1    1    1    1    1  8.41656E+14 0.00055 
   49   49    1    1    1    1    1    1    1    1  8.36550E+14 0.00104 
   50   50    1    1    1    1    1    1    1    1  1.32729E+15 0.00070 
   51   51    1    1    1    1    1    1    1    1  1.05673E+15 0.00068 
   52   52    1    1    1    1    1    1    1    1  1.27886E+15 0.00064 
   53   53    1    1    1    1    1    1    1    1  8.92602E+14 0.00065 
   54   54    1    1    1    1    1    1    1    1  1.11067E+15 0.00052 
   55   55    1    1    1    1    1    1    1    1  7.65626E+14 0.00070 
   56   56    1    1    1    1    1    1    1    1  1.04113E+14 0.00114 
   57   57    1    1    1    1    1    1    1    1  1.53007E+15 0.00052 
   58   58    1    1    1    1    1    1    1    1  6.95684E+14 0.00059 
   59   59    1    1    1    1    1    1    1    1  7.40849E+14 0.00038 
   60   60    1    1    1    1    1    1    1    1  5.84263E+14 0.00062 
   61   61    1    1    1    1    1    1    1    1  5.86672E+14 0.00054 
   62   62    1    1    1    1    1    1    1    1  6.14160E+14 0.00090 
   63   63    1    1    1    1    1    1    1    1  5.20759E+14 0.00079 
   64   64    1    1    1    1    1    1    1    1  4.16188E+14 0.00086 
   65   65    1    1    1    1    1    1    1    1  4.16028E+14 0.00081 
   66   66    1    1    1    1    1    1    1    1  3.00802E+14 0.00105 
   67   67    1    1    1    1    1    1    1    1  2.45203E+14 0.00130 
   68   68    1    1    1    1    1    1    1    1  2.19578E+14 0.00082 
   69   69    1    1    1    1    1    1    1    1  2.63862E+14 0.00073 
   70   70    1    1    1    1    1    1    1    1  2.24609E+14 0.00108 
   71   71    1    1    1    1    1    1    1    1  4.08316E+14 0.00091 
   72   72    1    1    1    1    1    1    1    1  2.89389E+14 0.00141 
   73   73    1    1    1    1    1    1    1    1  2.18820E+14 0.00115 
   74   74    1    1    1    1    1    1    1    1  1.77532E+14 0.00121 
   75   75    1    1    1    1    1    1    1    1  1.48654E+14 0.00148 
   76   76    1    1    1    1    1    1    1    1  1.73782E+14 0.00096 
   77   77    1    1    1    1    1    1    1    1  1.38253E+14 0.00093 
   78   78    1    1    1    1    1    1    1    1  1.10620E+14 0.00103 
   79   79    1    1    1    1    1    1    1    1  1.14950E+14 0.00158 
   80   80    1    1    1    1    1    1    1    1  8.53454E+13 0.00143 
   81   81    1    1    1    1    1    1    1    1  6.59935E+13 0.00244 
   82   82    1    1    1    1    1    1    1    1  5.05347E+13 0.00176 
   83   83    1    1    1    1    1    1    1    1  4.72748E+13 0.00265 
   84   84    1    1    1    1    1    1    1    1  3.40398E+13 0.00288 
   85   85    1    1    1    1    1    1    1    1  2.46080E+13 0.00185 
   86   86    1    1    1    1    1    1    1    1  2.30090E+13 0.00358 
   87   87    1    1    1    1    1    1    1    1  1.40812E+13 0.00428 
   88   88    1    1    1    1    1    1    1    1  9.39455E+12 0.00430 
   89   89    1    1    1    1    1    1    1    1  5.40060E+12 0.00560 
   90   90    1    1    1    1    1    1    1    1  3.59224E+12 0.00778 
   91   91    1    1    1    1    1    1    1    1  1.80453E+12 0.01363 
   92   92    1    1    1    1    1    1    1    1  8.59236E+11 0.01385 
   93   93    1    1    1    1    1    1    1    1  4.02735E+11 0.02149 
   94   94    1    1    1    1    1    1    1    1  2.02328E+11 0.03603 
   95   95    1    1    1    1    1    1    1    1  1.02364E+11 0.04414 
   96   96    1    1    1    1    1    1    1    1  4.91723E+10 0.05889 
   97   97    1    1    1    1    1    1    1    1  2.18976E+10 0.11482 
   98   98    1    1    1    1    1    1    1    1  1.16555E+10 0.13535 
   99   99    1    1    1    1    1    1    1    1  4.13612E+09 0.22055 
  100  100    1    1    1    1    1    1    1    1  5.45057E+09 0.30562 
];


