
DETdpaspec = [
    1    1    1    1    1    1    1    1    1    1  0.00000E+00 0.00000 
    2    2    1    1    1    1    1    1    1    1  0.00000E+00 0.00000 
    3    3    1    1    1    1    1    1    1    1  0.00000E+00 0.00000 
    4    4    1    1    1    1    1    1    1    1  0.00000E+00 0.00000 
    5    5    1    1    1    1    1    1    1    1  0.00000E+00 0.00000 
    6    6    1    1    1    1    1    1    1    1  0.00000E+00 0.00000 
    7    7    1    1    1    1    1    1    1    1  1.09936E+07 1.00000 
    8    8    1    1    1    1    1    1    1    1  1.08729E+07 1.00000 
    9    9    1    1    1    1    1    1    1    1  9.84870E+06 0.70068 
   10   10    1    1    1    1    1    1    1    1  0.00000E+00 0.00000 
   11   11    1    1    1    1    1    1    1    1  1.13638E+08 1.00000 
   12   12    1    1    1    1    1    1    1    1  8.61160E+07 0.78439 
   13   13    1    1    1    1    1    1    1    1  2.51968E+08 0.62746 
   14   14    1    1    1    1    1    1    1    1  1.49762E+09 0.38622 
   15   15    1    1    1    1    1    1    1    1  1.84889E+09 0.48355 
   16   16    1    1    1    1    1    1    1    1  7.09577E+08 0.37069 
   17   17    1    1    1    1    1    1    1    1  8.17686E+08 0.36934 
   18   18    1    1    1    1    1    1    1    1  2.46455E+09 0.26974 
   19   19    1    1    1    1    1    1    1    1  2.42796E+09 0.18296 
   20   20    1    1    1    1    1    1    1    1  6.13157E+09 0.23526 
   21   21    1    1    1    1    1    1    1    1  3.81994E+09 0.15905 
   22   22    1    1    1    1    1    1    1    1  9.82657E+09 0.14225 
   23   23    1    1    1    1    1    1    1    1  2.05166E+10 0.10245 
   24   24    1    1    1    1    1    1    1    1  4.07776E+10 0.08433 
   25   25    1    1    1    1    1    1    1    1  5.11911E+10 0.06843 
   26   26    1    1    1    1    1    1    1    1  8.27923E+10 0.08287 
   27   27    1    1    1    1    1    1    1    1  1.41893E+11 0.04694 
   28   28    1    1    1    1    1    1    1    1  3.56299E+11 0.01775 
   29   29    1    1    1    1    1    1    1    1  6.56802E+11 0.01754 
   30   30    1    1    1    1    1    1    1    1  1.74633E+12 0.00862 
   31   31    1    1    1    1    1    1    1    1  5.17320E+12 0.00637 
   32   32    1    1    1    1    1    1    1    1  9.32336E+12 0.00463 
   33   33    1    1    1    1    1    1    1    1  2.22520E+13 0.00404 
   34   34    1    1    1    1    1    1    1    1  3.10134E+13 0.00310 
   35   35    1    1    1    1    1    1    1    1  3.81573E+13 0.00301 
   36   36    1    1    1    1    1    1    1    1  2.49482E+13 0.00223 
   37   37    1    1    1    1    1    1    1    1  7.51904E+12 0.00276 
   38   38    1    1    1    1    1    1    1    1  4.28736E+13 0.00186 
   39   39    1    1    1    1    1    1    1    1  5.81821E+13 0.00203 
   40   40    1    1    1    1    1    1    1    1  1.00684E+14 0.00151 
   41   41    1    1    1    1    1    1    1    1  1.00488E+14 0.00124 
   42   42    1    1    1    1    1    1    1    1  2.18141E+14 0.00086 
   43   43    1    1    1    1    1    1    1    1  2.66653E+14 0.00085 
   44   44    1    1    1    1    1    1    1    1  3.89727E+14 0.00081 
   45   45    1    1    1    1    1    1    1    1  7.91382E+14 0.00084 
   46   46    1    1    1    1    1    1    1    1  3.69839E+14 0.00091 
   47   47    1    1    1    1    1    1    1    1  5.96762E+14 0.00055 
   48   48    1    1    1    1    1    1    1    1  8.39741E+14 0.00063 
   49   49    1    1    1    1    1    1    1    1  8.34770E+14 0.00091 
   50   50    1    1    1    1    1    1    1    1  1.32270E+15 0.00063 
   51   51    1    1    1    1    1    1    1    1  1.05415E+15 0.00056 
   52   52    1    1    1    1    1    1    1    1  1.27610E+15 0.00047 
   53   53    1    1    1    1    1    1    1    1  8.92167E+14 0.00054 
   54   54    1    1    1    1    1    1    1    1  1.10757E+15 0.00058 
   55   55    1    1    1    1    1    1    1    1  7.64319E+14 0.00066 
   56   56    1    1    1    1    1    1    1    1  1.04078E+14 0.00104 
   57   57    1    1    1    1    1    1    1    1  1.52785E+15 0.00043 
   58   58    1    1    1    1    1    1    1    1  6.94175E+14 0.00058 
   59   59    1    1    1    1    1    1    1    1  7.39452E+14 0.00070 
   60   60    1    1    1    1    1    1    1    1  5.83826E+14 0.00073 
   61   61    1    1    1    1    1    1    1    1  5.85520E+14 0.00060 
   62   62    1    1    1    1    1    1    1    1  6.12897E+14 0.00061 
   63   63    1    1    1    1    1    1    1    1  5.19379E+14 0.00061 
   64   64    1    1    1    1    1    1    1    1  4.15611E+14 0.00087 
   65   65    1    1    1    1    1    1    1    1  4.15105E+14 0.00109 
   66   66    1    1    1    1    1    1    1    1  3.01288E+14 0.00076 
   67   67    1    1    1    1    1    1    1    1  2.44989E+14 0.00100 
   68   68    1    1    1    1    1    1    1    1  2.19343E+14 0.00096 
   69   69    1    1    1    1    1    1    1    1  2.63511E+14 0.00109 
   70   70    1    1    1    1    1    1    1    1  2.24701E+14 0.00118 
   71   71    1    1    1    1    1    1    1    1  4.08089E+14 0.00092 
   72   72    1    1    1    1    1    1    1    1  2.90027E+14 0.00105 
   73   73    1    1    1    1    1    1    1    1  2.19398E+14 0.00106 
   74   74    1    1    1    1    1    1    1    1  1.77574E+14 0.00118 
   75   75    1    1    1    1    1    1    1    1  1.48844E+14 0.00120 
   76   76    1    1    1    1    1    1    1    1  1.73928E+14 0.00160 
   77   77    1    1    1    1    1    1    1    1  1.38266E+14 0.00100 
   78   78    1    1    1    1    1    1    1    1  1.10725E+14 0.00179 
   79   79    1    1    1    1    1    1    1    1  1.14515E+14 0.00166 
   80   80    1    1    1    1    1    1    1    1  8.53740E+13 0.00195 
   81   81    1    1    1    1    1    1    1    1  6.57537E+13 0.00207 
   82   82    1    1    1    1    1    1    1    1  5.03484E+13 0.00229 
   83   83    1    1    1    1    1    1    1    1  4.71539E+13 0.00233 
   84   84    1    1    1    1    1    1    1    1  3.41386E+13 0.00191 
   85   85    1    1    1    1    1    1    1    1  2.44655E+13 0.00318 
   86   86    1    1    1    1    1    1    1    1  2.30175E+13 0.00308 
   87   87    1    1    1    1    1    1    1    1  1.41028E+13 0.00380 
   88   88    1    1    1    1    1    1    1    1  9.52880E+12 0.00600 
   89   89    1    1    1    1    1    1    1    1  5.45914E+12 0.00594 
   90   90    1    1    1    1    1    1    1    1  3.59297E+12 0.00811 
   91   91    1    1    1    1    1    1    1    1  1.78978E+12 0.01203 
   92   92    1    1    1    1    1    1    1    1  8.49101E+11 0.02062 
   93   93    1    1    1    1    1    1    1    1  4.09449E+11 0.02822 
   94   94    1    1    1    1    1    1    1    1  1.93157E+11 0.04480 
   95   95    1    1    1    1    1    1    1    1  9.53793E+10 0.03970 
   96   96    1    1    1    1    1    1    1    1  4.08998E+10 0.06446 
   97   97    1    1    1    1    1    1    1    1  2.40623E+10 0.14047 
   98   98    1    1    1    1    1    1    1    1  1.26884E+10 0.13472 
   99   99    1    1    1    1    1    1    1    1  6.76153E+09 0.18978 
  100  100    1    1    1    1    1    1    1    1  2.74618E+09 0.37859 
];


