
DETdpaspec = [
    1    1    1    1    1    1    1    1    1    1  0.00000E+00 0.00000 
    2    2    1    1    1    1    1    1    1    1  0.00000E+00 0.00000 
    3    3    1    1    1    1    1    1    1    1  0.00000E+00 0.00000 
    4    4    1    1    1    1    1    1    1    1  0.00000E+00 0.00000 
    5    5    1    1    1    1    1    1    1    1  0.00000E+00 0.00000 
    6    6    1    1    1    1    1    1    1    1  0.00000E+00 0.00000 
    7    7    1    1    1    1    1    1    1    1  0.00000E+00 0.00000 
    8    8    1    1    1    1    1    1    1    1  0.00000E+00 0.00000 
    9    9    1    1    1    1    1    1    1    1  0.00000E+00 0.00000 
   10   10    1    1    1    1    1    1    1    1  0.00000E+00 0.00000 
   11   11    1    1    1    1    1    1    1    1  0.00000E+00 0.00000 
   12   12    1    1    1    1    1    1    1    1  4.95267E+07 0.69339 
   13   13    1    1    1    1    1    1    1    1  5.14368E+07 1.00000 
   14   14    1    1    1    1    1    1    1    1  1.25121E+09 0.35676 
   15   15    1    1    1    1    1    1    1    1  1.29981E+09 0.40565 
   16   16    1    1    1    1    1    1    1    1  4.65862E+08 0.58685 
   17   17    1    1    1    1    1    1    1    1  4.87491E+08 0.44027 
   18   18    1    1    1    1    1    1    1    1  1.17126E+09 0.43224 
   19   19    1    1    1    1    1    1    1    1  2.36094E+09 0.24337 
   20   20    1    1    1    1    1    1    1    1  5.07236E+09 0.23212 
   21   21    1    1    1    1    1    1    1    1  5.55139E+09 0.14024 
   22   22    1    1    1    1    1    1    1    1  1.31860E+10 0.12529 
   23   23    1    1    1    1    1    1    1    1  2.01267E+10 0.11231 
   24   24    1    1    1    1    1    1    1    1  3.46758E+10 0.08899 
   25   25    1    1    1    1    1    1    1    1  5.04193E+10 0.07798 
   26   26    1    1    1    1    1    1    1    1  9.11167E+10 0.05614 
   27   27    1    1    1    1    1    1    1    1  1.94465E+11 0.03632 
   28   28    1    1    1    1    1    1    1    1  4.61690E+11 0.02197 
   29   29    1    1    1    1    1    1    1    1  8.66250E+11 0.01459 
   30   30    1    1    1    1    1    1    1    1  2.21793E+12 0.01050 
   31   31    1    1    1    1    1    1    1    1  6.19500E+12 0.00489 
   32   32    1    1    1    1    1    1    1    1  1.09495E+13 0.00541 
   33   33    1    1    1    1    1    1    1    1  2.55646E+13 0.00316 
   34   34    1    1    1    1    1    1    1    1  3.49913E+13 0.00250 
   35   35    1    1    1    1    1    1    1    1  4.14330E+13 0.00295 
   36   36    1    1    1    1    1    1    1    1  2.66085E+13 0.00349 
   37   37    1    1    1    1    1    1    1    1  7.95162E+12 0.00320 
   38   38    1    1    1    1    1    1    1    1  4.55578E+13 0.00263 
   39   39    1    1    1    1    1    1    1    1  6.15989E+13 0.00225 
   40   40    1    1    1    1    1    1    1    1  1.06239E+14 0.00159 
   41   41    1    1    1    1    1    1    1    1  1.05486E+14 0.00205 
   42   42    1    1    1    1    1    1    1    1  2.28310E+14 0.00140 
   43   43    1    1    1    1    1    1    1    1  2.78397E+14 0.00116 
   44   44    1    1    1    1    1    1    1    1  4.06304E+14 0.00078 
   45   45    1    1    1    1    1    1    1    1  8.20433E+14 0.00073 
   46   46    1    1    1    1    1    1    1    1  3.80775E+14 0.00066 
   47   47    1    1    1    1    1    1    1    1  6.11614E+14 0.00062 
   48   48    1    1    1    1    1    1    1    1  8.56116E+14 0.00063 
   49   49    1    1    1    1    1    1    1    1  8.49193E+14 0.00078 
   50   50    1    1    1    1    1    1    1    1  1.34545E+15 0.00040 
   51   51    1    1    1    1    1    1    1    1  1.06443E+15 0.00072 
   52   52    1    1    1    1    1    1    1    1  1.28992E+15 0.00047 
   53   53    1    1    1    1    1    1    1    1  8.98618E+14 0.00073 
   54   54    1    1    1    1    1    1    1    1  1.11813E+15 0.00061 
   55   55    1    1    1    1    1    1    1    1  7.70601E+14 0.00058 
   56   56    1    1    1    1    1    1    1    1  1.04549E+14 0.00117 
   57   57    1    1    1    1    1    1    1    1  1.53620E+15 0.00053 
   58   58    1    1    1    1    1    1    1    1  7.00662E+14 0.00072 
   59   59    1    1    1    1    1    1    1    1  7.44375E+14 0.00070 
   60   60    1    1    1    1    1    1    1    1  5.89280E+14 0.00077 
   61   61    1    1    1    1    1    1    1    1  5.90277E+14 0.00074 
   62   62    1    1    1    1    1    1    1    1  6.17853E+14 0.00066 
   63   63    1    1    1    1    1    1    1    1  5.23175E+14 0.00089 
   64   64    1    1    1    1    1    1    1    1  4.18212E+14 0.00078 
   65   65    1    1    1    1    1    1    1    1  4.17925E+14 0.00095 
   66   66    1    1    1    1    1    1    1    1  3.02725E+14 0.00106 
   67   67    1    1    1    1    1    1    1    1  2.45696E+14 0.00114 
   68   68    1    1    1    1    1    1    1    1  2.19833E+14 0.00145 
   69   69    1    1    1    1    1    1    1    1  2.64623E+14 0.00118 
   70   70    1    1    1    1    1    1    1    1  2.24917E+14 0.00113 
   71   71    1    1    1    1    1    1    1    1  4.06707E+14 0.00087 
   72   72    1    1    1    1    1    1    1    1  2.88310E+14 0.00118 
   73   73    1    1    1    1    1    1    1    1  2.17992E+14 0.00137 
   74   74    1    1    1    1    1    1    1    1  1.77053E+14 0.00121 
   75   75    1    1    1    1    1    1    1    1  1.48516E+14 0.00152 
   76   76    1    1    1    1    1    1    1    1  1.73826E+14 0.00142 
   77   77    1    1    1    1    1    1    1    1  1.38853E+14 0.00172 
   78   78    1    1    1    1    1    1    1    1  1.11567E+14 0.00158 
   79   79    1    1    1    1    1    1    1    1  1.15378E+14 0.00161 
   80   80    1    1    1    1    1    1    1    1  8.59481E+13 0.00181 
   81   81    1    1    1    1    1    1    1    1  6.61208E+13 0.00165 
   82   82    1    1    1    1    1    1    1    1  5.08050E+13 0.00290 
   83   83    1    1    1    1    1    1    1    1  4.77443E+13 0.00224 
   84   84    1    1    1    1    1    1    1    1  3.43198E+13 0.00226 
   85   85    1    1    1    1    1    1    1    1  2.46822E+13 0.00295 
   86   86    1    1    1    1    1    1    1    1  2.29977E+13 0.00359 
   87   87    1    1    1    1    1    1    1    1  1.41279E+13 0.00436 
   88   88    1    1    1    1    1    1    1    1  9.46997E+12 0.00288 
   89   89    1    1    1    1    1    1    1    1  5.49274E+12 0.00538 
   90   90    1    1    1    1    1    1    1    1  3.58773E+12 0.00983 
   91   91    1    1    1    1    1    1    1    1  1.78748E+12 0.01061 
   92   92    1    1    1    1    1    1    1    1  8.55181E+11 0.01852 
   93   93    1    1    1    1    1    1    1    1  4.24240E+11 0.02386 
   94   94    1    1    1    1    1    1    1    1  1.90298E+11 0.03506 
   95   95    1    1    1    1    1    1    1    1  1.02735E+11 0.04687 
   96   96    1    1    1    1    1    1    1    1  4.66544E+10 0.06488 
   97   97    1    1    1    1    1    1    1    1  1.76687E+10 0.11809 
   98   98    1    1    1    1    1    1    1    1  1.21826E+10 0.11710 
   99   99    1    1    1    1    1    1    1    1  5.65267E+09 0.21429 
  100  100    1    1    1    1    1    1    1    1  4.64917E+09 0.15992 
];


