
DETdpaspec = [
    1    1    1    1    1    1    1    1    1    1  0.00000E+00 0.00000 
    2    2    1    1    1    1    1    1    1    1  0.00000E+00 0.00000 
    3    3    1    1    1    1    1    1    1    1  0.00000E+00 0.00000 
    4    4    1    1    1    1    1    1    1    1  0.00000E+00 0.00000 
    5    5    1    1    1    1    1    1    1    1  0.00000E+00 0.00000 
    6    6    1    1    1    1    1    1    1    1  0.00000E+00 0.00000 
    7    7    1    1    1    1    1    1    1    1  0.00000E+00 0.00000 
    8    8    1    1    1    1    1    1    1    1  0.00000E+00 0.00000 
    9    9    1    1    1    1    1    1    1    1  7.55958E+06 1.00000 
   10   10    1    1    1    1    1    1    1    1  0.00000E+00 0.00000 
   11   11    1    1    1    1    1    1    1    1  3.76749E+08 1.00000 
   12   12    1    1    1    1    1    1    1    1  0.00000E+00 0.00000 
   13   13    1    1    1    1    1    1    1    1  3.08622E+08 0.87201 
   14   14    1    1    1    1    1    1    1    1  4.41981E+08 0.68854 
   15   15    1    1    1    1    1    1    1    1  4.91790E+08 0.55724 
   16   16    1    1    1    1    1    1    1    1  3.45146E+08 0.63875 
   17   17    1    1    1    1    1    1    1    1  7.10820E+08 0.50147 
   18   18    1    1    1    1    1    1    1    1  7.25077E+08 0.40392 
   19   19    1    1    1    1    1    1    1    1  2.16692E+09 0.36740 
   20   20    1    1    1    1    1    1    1    1  6.29111E+09 0.24789 
   21   21    1    1    1    1    1    1    1    1  4.62026E+09 0.21421 
   22   22    1    1    1    1    1    1    1    1  9.05551E+09 0.14604 
   23   23    1    1    1    1    1    1    1    1  2.23121E+10 0.09884 
   24   24    1    1    1    1    1    1    1    1  6.51317E+10 0.06024 
   25   25    1    1    1    1    1    1    1    1  1.17829E+11 0.04973 
   26   26    1    1    1    1    1    1    1    1  2.76853E+11 0.02986 
   27   27    1    1    1    1    1    1    1    1  6.14905E+11 0.02276 
   28   28    1    1    1    1    1    1    1    1  1.41119E+12 0.01833 
   29   29    1    1    1    1    1    1    1    1  2.37369E+12 0.01437 
   30   30    1    1    1    1    1    1    1    1  5.16647E+12 0.01003 
   31   31    1    1    1    1    1    1    1    1  1.21726E+13 0.00649 
   32   32    1    1    1    1    1    1    1    1  1.91744E+13 0.00545 
   33   33    1    1    1    1    1    1    1    1  4.02973E+13 0.00274 
   34   34    1    1    1    1    1    1    1    1  5.19750E+13 0.00210 
   35   35    1    1    1    1    1    1    1    1  5.53822E+13 0.00199 
   36   36    1    1    1    1    1    1    1    1  3.38532E+13 0.00271 
   37   37    1    1    1    1    1    1    1    1  9.93903E+12 0.00206 
   38   38    1    1    1    1    1    1    1    1  5.70768E+13 0.00152 
   39   39    1    1    1    1    1    1    1    1  7.58845E+13 0.00169 
   40   40    1    1    1    1    1    1    1    1  1.29148E+14 0.00128 
   41   41    1    1    1    1    1    1    1    1  1.24946E+14 0.00123 
   42   42    1    1    1    1    1    1    1    1  2.70265E+14 0.00103 
   43   43    1    1    1    1    1    1    1    1  3.24702E+14 0.00096 
   44   44    1    1    1    1    1    1    1    1  4.66175E+14 0.00088 
   45   45    1    1    1    1    1    1    1    1  9.23365E+14 0.00081 
   46   46    1    1    1    1    1    1    1    1  4.17187E+14 0.00060 
   47   47    1    1    1    1    1    1    1    1  6.63325E+14 0.00052 
   48   48    1    1    1    1    1    1    1    1  9.14187E+14 0.00069 
   49   49    1    1    1    1    1    1    1    1  8.95290E+14 0.00051 
   50   50    1    1    1    1    1    1    1    1  1.40584E+15 0.00049 
   51   51    1    1    1    1    1    1    1    1  1.09110E+15 0.00044 
   52   52    1    1    1    1    1    1    1    1  1.32078E+15 0.00042 
   53   53    1    1    1    1    1    1    1    1  9.07716E+14 0.00045 
   54   54    1    1    1    1    1    1    1    1  1.12977E+15 0.00044 
   55   55    1    1    1    1    1    1    1    1  7.74072E+14 0.00043 
   56   56    1    1    1    1    1    1    1    1  1.04549E+14 0.00085 
   57   57    1    1    1    1    1    1    1    1  1.52954E+15 0.00043 
   58   58    1    1    1    1    1    1    1    1  6.98857E+14 0.00075 
   59   59    1    1    1    1    1    1    1    1  7.38178E+14 0.00060 
   60   60    1    1    1    1    1    1    1    1  5.85416E+14 0.00067 
   61   61    1    1    1    1    1    1    1    1  5.84216E+14 0.00093 
   62   62    1    1    1    1    1    1    1    1  6.09413E+14 0.00075 
   63   63    1    1    1    1    1    1    1    1  5.14793E+14 0.00086 
   64   64    1    1    1    1    1    1    1    1  4.10150E+14 0.00078 
   65   65    1    1    1    1    1    1    1    1  4.07843E+14 0.00080 
   66   66    1    1    1    1    1    1    1    1  2.94708E+14 0.00096 
   67   67    1    1    1    1    1    1    1    1  2.37873E+14 0.00110 
   68   68    1    1    1    1    1    1    1    1  2.12226E+14 0.00108 
   69   69    1    1    1    1    1    1    1    1  2.53952E+14 0.00124 
   70   70    1    1    1    1    1    1    1    1  2.15874E+14 0.00104 
   71   71    1    1    1    1    1    1    1    1  3.86304E+14 0.00099 
   72   72    1    1    1    1    1    1    1    1  2.71769E+14 0.00122 
   73   73    1    1    1    1    1    1    1    1  2.05486E+14 0.00088 
   74   74    1    1    1    1    1    1    1    1  1.67609E+14 0.00103 
   75   75    1    1    1    1    1    1    1    1  1.40663E+14 0.00109 
   76   76    1    1    1    1    1    1    1    1  1.65519E+14 0.00120 
   77   77    1    1    1    1    1    1    1    1  1.32437E+14 0.00171 
   78   78    1    1    1    1    1    1    1    1  1.06456E+14 0.00224 
   79   79    1    1    1    1    1    1    1    1  1.10893E+14 0.00126 
   80   80    1    1    1    1    1    1    1    1  8.20737E+13 0.00159 
   81   81    1    1    1    1    1    1    1    1  6.34388E+13 0.00229 
   82   82    1    1    1    1    1    1    1    1  4.85505E+13 0.00153 
   83   83    1    1    1    1    1    1    1    1  4.53983E+13 0.00198 
   84   84    1    1    1    1    1    1    1    1  3.24323E+13 0.00348 
   85   85    1    1    1    1    1    1    1    1  2.35279E+13 0.00416 
   86   86    1    1    1    1    1    1    1    1  2.19793E+13 0.00303 
   87   87    1    1    1    1    1    1    1    1  1.32067E+13 0.00414 
   88   88    1    1    1    1    1    1    1    1  8.95592E+12 0.00584 
   89   89    1    1    1    1    1    1    1    1  5.09544E+12 0.00749 
   90   90    1    1    1    1    1    1    1    1  3.31720E+12 0.00696 
   91   91    1    1    1    1    1    1    1    1  1.69263E+12 0.00980 
   92   92    1    1    1    1    1    1    1    1  8.11458E+11 0.01626 
   93   93    1    1    1    1    1    1    1    1  3.84728E+11 0.02171 
   94   94    1    1    1    1    1    1    1    1  1.77186E+11 0.04286 
   95   95    1    1    1    1    1    1    1    1  8.83069E+10 0.04936 
   96   96    1    1    1    1    1    1    1    1  4.26607E+10 0.06943 
   97   97    1    1    1    1    1    1    1    1  2.09354E+10 0.08926 
   98   98    1    1    1    1    1    1    1    1  8.85428E+09 0.17556 
   99   99    1    1    1    1    1    1    1    1  6.46903E+09 0.23018 
  100  100    1    1    1    1    1    1    1    1  4.38298E+09 0.28218 
];


