
DETdpaspec = [
    1    1    1    1    1    1    1    1    1    1  0.00000E+00 0.00000 
    2    2    1    1    1    1    1    1    1    1  0.00000E+00 0.00000 
    3    3    1    1    1    1    1    1    1    1  0.00000E+00 0.00000 
    4    4    1    1    1    1    1    1    1    1  0.00000E+00 0.00000 
    5    5    1    1    1    1    1    1    1    1  0.00000E+00 0.00000 
    6    6    1    1    1    1    1    1    1    1  0.00000E+00 0.00000 
    7    7    1    1    1    1    1    1    1    1  0.00000E+00 0.00000 
    8    8    1    1    1    1    1    1    1    1  0.00000E+00 0.00000 
    9    9    1    1    1    1    1    1    1    1  0.00000E+00 0.00000 
   10   10    1    1    1    1    1    1    1    1  0.00000E+00 0.00000 
   11   11    1    1    1    1    1    1    1    1  7.80823E+07 1.00000 
   12   12    1    1    1    1    1    1    1    1  3.49684E+07 1.00000 
   13   13    1    1    1    1    1    1    1    1  3.94699E+08 0.70860 
   14   14    1    1    1    1    1    1    1    1  4.34608E+08 0.48693 
   15   15    1    1    1    1    1    1    1    1  1.54517E+09 0.53074 
   16   16    1    1    1    1    1    1    1    1  4.36994E+08 0.54160 
   17   17    1    1    1    1    1    1    1    1  7.96066E+08 0.58662 
   18   18    1    1    1    1    1    1    1    1  1.46639E+09 0.28285 
   19   19    1    1    1    1    1    1    1    1  2.03875E+09 0.37148 
   20   20    1    1    1    1    1    1    1    1  6.48594E+09 0.25419 
   21   21    1    1    1    1    1    1    1    1  5.31607E+09 0.17177 
   22   22    1    1    1    1    1    1    1    1  1.05051E+10 0.08988 
   23   23    1    1    1    1    1    1    1    1  1.57529E+10 0.11083 
   24   24    1    1    1    1    1    1    1    1  3.93716E+10 0.07800 
   25   25    1    1    1    1    1    1    1    1  6.53013E+10 0.06920 
   26   26    1    1    1    1    1    1    1    1  1.21272E+11 0.05079 
   27   27    1    1    1    1    1    1    1    1  2.70382E+11 0.02914 
   28   28    1    1    1    1    1    1    1    1  6.74890E+11 0.01405 
   29   29    1    1    1    1    1    1    1    1  1.21811E+12 0.01228 
   30   30    1    1    1    1    1    1    1    1  2.90300E+12 0.01101 
   31   31    1    1    1    1    1    1    1    1  7.87726E+12 0.00750 
   32   32    1    1    1    1    1    1    1    1  1.33239E+13 0.00398 
   33   33    1    1    1    1    1    1    1    1  2.99971E+13 0.00332 
   34   34    1    1    1    1    1    1    1    1  4.04856E+13 0.00226 
   35   35    1    1    1    1    1    1    1    1  4.60368E+13 0.00219 
   36   36    1    1    1    1    1    1    1    1  2.90010E+13 0.00214 
   37   37    1    1    1    1    1    1    1    1  8.60051E+12 0.00237 
   38   38    1    1    1    1    1    1    1    1  4.93365E+13 0.00145 
   39   39    1    1    1    1    1    1    1    1  6.63181E+13 0.00182 
   40   40    1    1    1    1    1    1    1    1  1.14125E+14 0.00140 
   41   41    1    1    1    1    1    1    1    1  1.12107E+14 0.00146 
   42   42    1    1    1    1    1    1    1    1  2.42996E+14 0.00088 
   43   43    1    1    1    1    1    1    1    1  2.94967E+14 0.00127 
   44   44    1    1    1    1    1    1    1    1  4.27484E+14 0.00052 
   45   45    1    1    1    1    1    1    1    1  8.57950E+14 0.00058 
   46   46    1    1    1    1    1    1    1    1  3.93975E+14 0.00069 
   47   47    1    1    1    1    1    1    1    1  6.30934E+14 0.00067 
   48   48    1    1    1    1    1    1    1    1  8.78509E+14 0.00085 
   49   49    1    1    1    1    1    1    1    1  8.66717E+14 0.00053 
   50   50    1    1    1    1    1    1    1    1  1.36969E+15 0.00049 
   51   51    1    1    1    1    1    1    1    1  1.07469E+15 0.00060 
   52   52    1    1    1    1    1    1    1    1  1.30395E+15 0.00036 
   53   53    1    1    1    1    1    1    1    1  9.03305E+14 0.00067 
   54   54    1    1    1    1    1    1    1    1  1.12655E+15 0.00056 
   55   55    1    1    1    1    1    1    1    1  7.74481E+14 0.00060 
   56   56    1    1    1    1    1    1    1    1  1.05004E+14 0.00094 
   57   57    1    1    1    1    1    1    1    1  1.53962E+15 0.00047 
   58   58    1    1    1    1    1    1    1    1  7.02736E+14 0.00065 
   59   59    1    1    1    1    1    1    1    1  7.46144E+14 0.00064 
   60   60    1    1    1    1    1    1    1    1  5.91143E+14 0.00061 
   61   61    1    1    1    1    1    1    1    1  5.91363E+14 0.00070 
   62   62    1    1    1    1    1    1    1    1  6.17676E+14 0.00069 
   63   63    1    1    1    1    1    1    1    1  5.23114E+14 0.00082 
   64   64    1    1    1    1    1    1    1    1  4.17884E+14 0.00085 
   65   65    1    1    1    1    1    1    1    1  4.16255E+14 0.00087 
   66   66    1    1    1    1    1    1    1    1  3.01186E+14 0.00096 
   67   67    1    1    1    1    1    1    1    1  2.44661E+14 0.00088 
   68   68    1    1    1    1    1    1    1    1  2.18111E+14 0.00142 
   69   69    1    1    1    1    1    1    1    1  2.61891E+14 0.00114 
   70   70    1    1    1    1    1    1    1    1  2.22946E+14 0.00138 
   71   71    1    1    1    1    1    1    1    1  4.01582E+14 0.00094 
   72   72    1    1    1    1    1    1    1    1  2.84238E+14 0.00112 
   73   73    1    1    1    1    1    1    1    1  2.14614E+14 0.00121 
   74   74    1    1    1    1    1    1    1    1  1.74569E+14 0.00119 
   75   75    1    1    1    1    1    1    1    1  1.46569E+14 0.00154 
   76   76    1    1    1    1    1    1    1    1  1.71773E+14 0.00100 
   77   77    1    1    1    1    1    1    1    1  1.37406E+14 0.00123 
   78   78    1    1    1    1    1    1    1    1  1.10282E+14 0.00145 
   79   79    1    1    1    1    1    1    1    1  1.14654E+14 0.00188 
   80   80    1    1    1    1    1    1    1    1  8.51974E+13 0.00159 
   81   81    1    1    1    1    1    1    1    1  6.57351E+13 0.00200 
   82   82    1    1    1    1    1    1    1    1  5.07133E+13 0.00219 
   83   83    1    1    1    1    1    1    1    1  4.73734E+13 0.00269 
   84   84    1    1    1    1    1    1    1    1  3.39031E+13 0.00366 
   85   85    1    1    1    1    1    1    1    1  2.44251E+13 0.00325 
   86   86    1    1    1    1    1    1    1    1  2.29190E+13 0.00364 
   87   87    1    1    1    1    1    1    1    1  1.40569E+13 0.00414 
   88   88    1    1    1    1    1    1    1    1  9.38795E+12 0.00370 
   89   89    1    1    1    1    1    1    1    1  5.40459E+12 0.00483 
   90   90    1    1    1    1    1    1    1    1  3.53805E+12 0.00757 
   91   91    1    1    1    1    1    1    1    1  1.72192E+12 0.00829 
   92   92    1    1    1    1    1    1    1    1  8.57262E+11 0.01774 
   93   93    1    1    1    1    1    1    1    1  4.19912E+11 0.02444 
   94   94    1    1    1    1    1    1    1    1  1.98390E+11 0.02001 
   95   95    1    1    1    1    1    1    1    1  8.81958E+10 0.04677 
   96   96    1    1    1    1    1    1    1    1  4.17693E+10 0.07455 
   97   97    1    1    1    1    1    1    1    1  2.41904E+10 0.07991 
   98   98    1    1    1    1    1    1    1    1  1.12182E+10 0.17436 
   99   99    1    1    1    1    1    1    1    1  5.17341E+09 0.22771 
  100  100    1    1    1    1    1    1    1    1  5.33526E+09 0.23195 
];


