
DETdpaspec = [
    1    1    1    1    1    1    1    1    1    1  0.00000E+00 0.00000 
    2    2    1    1    1    1    1    1    1    1  0.00000E+00 0.00000 
    3    3    1    1    1    1    1    1    1    1  0.00000E+00 0.00000 
    4    4    1    1    1    1    1    1    1    1  9.77157E+06 0.68894 
    5    5    1    1    1    1    1    1    1    1  0.00000E+00 0.00000 
    6    6    1    1    1    1    1    1    1    1  0.00000E+00 0.00000 
    7    7    1    1    1    1    1    1    1    1  9.00725E+06 1.00000 
    8    8    1    1    1    1    1    1    1    1  0.00000E+00 0.00000 
    9    9    1    1    1    1    1    1    1    1  0.00000E+00 0.00000 
   10   10    1    1    1    1    1    1    1    1  1.66172E+07 1.00000 
   11   11    1    1    1    1    1    1    1    1  6.24079E+07 1.00000 
   12   12    1    1    1    1    1    1    1    1  8.08031E+06 0.90291 
   13   13    1    1    1    1    1    1    1    1  1.36620E+08 0.72900 
   14   14    1    1    1    1    1    1    1    1  8.31366E+08 0.52418 
   15   15    1    1    1    1    1    1    1    1  1.55729E+09 0.39346 
   16   16    1    1    1    1    1    1    1    1  9.82330E+08 0.38765 
   17   17    1    1    1    1    1    1    1    1  1.91484E+09 0.21444 
   18   18    1    1    1    1    1    1    1    1  3.36880E+09 0.25797 
   19   19    1    1    1    1    1    1    1    1  2.23545E+09 0.23117 
   20   20    1    1    1    1    1    1    1    1  9.26653E+09 0.12166 
   21   21    1    1    1    1    1    1    1    1  6.78757E+09 0.14387 
   22   22    1    1    1    1    1    1    1    1  1.92761E+10 0.08102 
   23   23    1    1    1    1    1    1    1    1  3.02505E+10 0.07179 
   24   24    1    1    1    1    1    1    1    1  4.73643E+10 0.06284 
   25   25    1    1    1    1    1    1    1    1  6.10135E+10 0.05988 
   26   26    1    1    1    1    1    1    1    1  8.85602E+10 0.03976 
   27   27    1    1    1    1    1    1    1    1  1.51750E+11 0.03328 
   28   28    1    1    1    1    1    1    1    1  3.00627E+11 0.02848 
   29   29    1    1    1    1    1    1    1    1  4.27442E+11 0.01819 
   30   30    1    1    1    1    1    1    1    1  1.26355E+12 0.01727 
   31   31    1    1    1    1    1    1    1    1  3.95149E+12 0.00923 
   32   32    1    1    1    1    1    1    1    1  7.53926E+12 0.00770 
   33   33    1    1    1    1    1    1    1    1  1.78139E+13 0.00478 
   34   34    1    1    1    1    1    1    1    1  2.46810E+13 0.00280 
   35   35    1    1    1    1    1    1    1    1  3.38714E+13 0.00185 
   36   36    1    1    1    1    1    1    1    1  2.34212E+13 0.00226 
   37   37    1    1    1    1    1    1    1    1  7.29093E+12 0.00269 
   38   38    1    1    1    1    1    1    1    1  4.04184E+13 0.00180 
   39   39    1    1    1    1    1    1    1    1  5.45216E+13 0.00236 
   40   40    1    1    1    1    1    1    1    1  9.35446E+13 0.00183 
   41   41    1    1    1    1    1    1    1    1  9.61134E+13 0.00140 
   42   42    1    1    1    1    1    1    1    1  2.03743E+14 0.00125 
   43   43    1    1    1    1    1    1    1    1  2.49033E+14 0.00127 
   44   44    1    1    1    1    1    1    1    1  3.64415E+14 0.00111 
   45   45    1    1    1    1    1    1    1    1  7.30772E+14 0.00089 
   46   46    1    1    1    1    1    1    1    1  3.48723E+14 0.00096 
   47   47    1    1    1    1    1    1    1    1  5.68354E+14 0.00094 
   48   48    1    1    1    1    1    1    1    1  8.00424E+14 0.00089 
   49   49    1    1    1    1    1    1    1    1  8.03077E+14 0.00072 
   50   50    1    1    1    1    1    1    1    1  1.25887E+15 0.00075 
   51   51    1    1    1    1    1    1    1    1  1.02620E+15 0.00045 
   52   52    1    1    1    1    1    1    1    1  1.21894E+15 0.00072 
   53   53    1    1    1    1    1    1    1    1  8.57777E+14 0.00068 
   54   54    1    1    1    1    1    1    1    1  1.04545E+15 0.00063 
   55   55    1    1    1    1    1    1    1    1  7.27304E+14 0.00076 
   56   56    1    1    1    1    1    1    1    1  9.95383E+13 0.00144 
   57   57    1    1    1    1    1    1    1    1  1.45669E+15 0.00053 
   58   58    1    1    1    1    1    1    1    1  6.45710E+14 0.00066 
   59   59    1    1    1    1    1    1    1    1  6.94066E+14 0.00066 
   60   60    1    1    1    1    1    1    1    1  5.38549E+14 0.00095 
   61   61    1    1    1    1    1    1    1    1  5.43271E+14 0.00078 
   62   62    1    1    1    1    1    1    1    1  5.65617E+14 0.00087 
   63   63    1    1    1    1    1    1    1    1  4.77843E+14 0.00082 
   64   64    1    1    1    1    1    1    1    1  3.83131E+14 0.00105 
   65   65    1    1    1    1    1    1    1    1  3.81976E+14 0.00115 
   66   66    1    1    1    1    1    1    1    1  2.76436E+14 0.00113 
   67   67    1    1    1    1    1    1    1    1  2.26861E+14 0.00116 
   68   68    1    1    1    1    1    1    1    1  2.03503E+14 0.00143 
   69   69    1    1    1    1    1    1    1    1  2.44515E+14 0.00127 
   70   70    1    1    1    1    1    1    1    1  2.09518E+14 0.00129 
   71   71    1    1    1    1    1    1    1    1  3.86472E+14 0.00128 
   72   72    1    1    1    1    1    1    1    1  2.75405E+14 0.00136 
   73   73    1    1    1    1    1    1    1    1  2.07745E+14 0.00110 
   74   74    1    1    1    1    1    1    1    1  1.65877E+14 0.00161 
   75   75    1    1    1    1    1    1    1    1  1.36818E+14 0.00158 
   76   76    1    1    1    1    1    1    1    1  1.57803E+14 0.00134 
   77   77    1    1    1    1    1    1    1    1  1.23879E+14 0.00210 
   78   78    1    1    1    1    1    1    1    1  9.79167E+13 0.00198 
   79   79    1    1    1    1    1    1    1    1  1.00706E+14 0.00188 
   80   80    1    1    1    1    1    1    1    1  7.45943E+13 0.00189 
   81   81    1    1    1    1    1    1    1    1  5.72734E+13 0.00222 
   82   82    1    1    1    1    1    1    1    1  4.38603E+13 0.00194 
   83   83    1    1    1    1    1    1    1    1  4.08193E+13 0.00276 
   84   84    1    1    1    1    1    1    1    1  2.93864E+13 0.00306 
   85   85    1    1    1    1    1    1    1    1  2.12169E+13 0.00320 
   86   86    1    1    1    1    1    1    1    1  1.97398E+13 0.00387 
   87   87    1    1    1    1    1    1    1    1  1.22928E+13 0.00537 
   88   88    1    1    1    1    1    1    1    1  8.28380E+12 0.00652 
   89   89    1    1    1    1    1    1    1    1  4.76162E+12 0.00621 
   90   90    1    1    1    1    1    1    1    1  3.13978E+12 0.00951 
   91   91    1    1    1    1    1    1    1    1  1.59774E+12 0.00832 
   92   92    1    1    1    1    1    1    1    1  7.48877E+11 0.02592 
   93   93    1    1    1    1    1    1    1    1  3.79540E+11 0.03087 
   94   94    1    1    1    1    1    1    1    1  1.74445E+11 0.04684 
   95   95    1    1    1    1    1    1    1    1  9.05575E+10 0.04813 
   96   96    1    1    1    1    1    1    1    1  4.41862E+10 0.07747 
   97   97    1    1    1    1    1    1    1    1  2.25336E+10 0.13320 
   98   98    1    1    1    1    1    1    1    1  7.48714E+09 0.15216 
   99   99    1    1    1    1    1    1    1    1  5.59023E+09 0.24897 
  100  100    1    1    1    1    1    1    1    1  2.96936E+09 0.40464 
];


