
DETdpaspec = [
    1    1    1    1    1    1    1    1    1    1  0.00000E+00 0.00000 
    2    2    1    1    1    1    1    1    1    1  0.00000E+00 0.00000 
    3    3    1    1    1    1    1    1    1    1  0.00000E+00 0.00000 
    4    4    1    1    1    1    1    1    1    1  0.00000E+00 0.00000 
    5    5    1    1    1    1    1    1    1    1  0.00000E+00 0.00000 
    6    6    1    1    1    1    1    1    1    1  0.00000E+00 0.00000 
    7    7    1    1    1    1    1    1    1    1  0.00000E+00 0.00000 
    8    8    1    1    1    1    1    1    1    1  0.00000E+00 0.00000 
    9    9    1    1    1    1    1    1    1    1  5.89458E+06 1.00000 
   10   10    1    1    1    1    1    1    1    1  5.04246E+07 1.00000 
   11   11    1    1    1    1    1    1    1    1  0.00000E+00 0.00000 
   12   12    1    1    1    1    1    1    1    1  2.05273E+07 1.00000 
   13   13    1    1    1    1    1    1    1    1  5.00989E+08 0.60136 
   14   14    1    1    1    1    1    1    1    1  1.47988E+09 0.38155 
   15   15    1    1    1    1    1    1    1    1  8.39930E+08 0.32879 
   16   16    1    1    1    1    1    1    1    1  5.51027E+08 0.48039 
   17   17    1    1    1    1    1    1    1    1  1.10136E+09 0.39988 
   18   18    1    1    1    1    1    1    1    1  2.01314E+09 0.29522 
   19   19    1    1    1    1    1    1    1    1  1.50433E+09 0.39685 
   20   20    1    1    1    1    1    1    1    1  6.93747E+09 0.20084 
   21   21    1    1    1    1    1    1    1    1  4.85819E+09 0.19531 
   22   22    1    1    1    1    1    1    1    1  1.55656E+10 0.13097 
   23   23    1    1    1    1    1    1    1    1  1.81827E+10 0.10051 
   24   24    1    1    1    1    1    1    1    1  3.44282E+10 0.10690 
   25   25    1    1    1    1    1    1    1    1  5.08123E+10 0.07949 
   26   26    1    1    1    1    1    1    1    1  8.62897E+10 0.04309 
   27   27    1    1    1    1    1    1    1    1  1.58931E+11 0.04081 
   28   28    1    1    1    1    1    1    1    1  3.32892E+11 0.03248 
   29   29    1    1    1    1    1    1    1    1  6.20675E+11 0.01947 
   30   30    1    1    1    1    1    1    1    1  1.67001E+12 0.01090 
   31   31    1    1    1    1    1    1    1    1  5.08007E+12 0.00625 
   32   32    1    1    1    1    1    1    1    1  9.16952E+12 0.00760 
   33   33    1    1    1    1    1    1    1    1  2.18395E+13 0.00324 
   34   34    1    1    1    1    1    1    1    1  3.07476E+13 0.00311 
   35   35    1    1    1    1    1    1    1    1  3.78594E+13 0.00255 
   36   36    1    1    1    1    1    1    1    1  2.48997E+13 0.00286 
   37   37    1    1    1    1    1    1    1    1  7.49557E+12 0.00243 
   38   38    1    1    1    1    1    1    1    1  4.26925E+13 0.00195 
   39   39    1    1    1    1    1    1    1    1  5.77926E+13 0.00196 
   40   40    1    1    1    1    1    1    1    1  9.99709E+13 0.00152 
   41   41    1    1    1    1    1    1    1    1  1.00120E+14 0.00138 
   42   42    1    1    1    1    1    1    1    1  2.16870E+14 0.00140 
   43   43    1    1    1    1    1    1    1    1  2.65258E+14 0.00110 
   44   44    1    1    1    1    1    1    1    1  3.88047E+14 0.00076 
   45   45    1    1    1    1    1    1    1    1  7.87666E+14 0.00061 
   46   46    1    1    1    1    1    1    1    1  3.69335E+14 0.00064 
   47   47    1    1    1    1    1    1    1    1  5.95978E+14 0.00060 
   48   48    1    1    1    1    1    1    1    1  8.37379E+14 0.00044 
   49   49    1    1    1    1    1    1    1    1  8.33280E+14 0.00071 
   50   50    1    1    1    1    1    1    1    1  1.32146E+15 0.00066 
   51   51    1    1    1    1    1    1    1    1  1.05427E+15 0.00063 
   52   52    1    1    1    1    1    1    1    1  1.27480E+15 0.00068 
   53   53    1    1    1    1    1    1    1    1  8.90427E+14 0.00043 
   54   54    1    1    1    1    1    1    1    1  1.10652E+15 0.00034 
   55   55    1    1    1    1    1    1    1    1  7.63877E+14 0.00062 
   56   56    1    1    1    1    1    1    1    1  1.04012E+14 0.00108 
   57   57    1    1    1    1    1    1    1    1  1.52643E+15 0.00043 
   58   58    1    1    1    1    1    1    1    1  6.93270E+14 0.00049 
   59   59    1    1    1    1    1    1    1    1  7.38620E+14 0.00057 
   60   60    1    1    1    1    1    1    1    1  5.83375E+14 0.00067 
   61   61    1    1    1    1    1    1    1    1  5.85074E+14 0.00080 
   62   62    1    1    1    1    1    1    1    1  6.12341E+14 0.00051 
   63   63    1    1    1    1    1    1    1    1  5.19550E+14 0.00074 
   64   64    1    1    1    1    1    1    1    1  4.15343E+14 0.00092 
   65   65    1    1    1    1    1    1    1    1  4.14631E+14 0.00082 
   66   66    1    1    1    1    1    1    1    1  3.00325E+14 0.00085 
   67   67    1    1    1    1    1    1    1    1  2.44459E+14 0.00065 
   68   68    1    1    1    1    1    1    1    1  2.19079E+14 0.00099 
   69   69    1    1    1    1    1    1    1    1  2.63633E+14 0.00088 
   70   70    1    1    1    1    1    1    1    1  2.24631E+14 0.00113 
   71   71    1    1    1    1    1    1    1    1  4.08169E+14 0.00075 
   72   72    1    1    1    1    1    1    1    1  2.89755E+14 0.00101 
   73   73    1    1    1    1    1    1    1    1  2.18739E+14 0.00106 
   74   74    1    1    1    1    1    1    1    1  1.77520E+14 0.00116 
   75   75    1    1    1    1    1    1    1    1  1.48699E+14 0.00136 
   76   76    1    1    1    1    1    1    1    1  1.73744E+14 0.00099 
   77   77    1    1    1    1    1    1    1    1  1.38126E+14 0.00163 
   78   78    1    1    1    1    1    1    1    1  1.10596E+14 0.00133 
   79   79    1    1    1    1    1    1    1    1  1.14566E+14 0.00165 
   80   80    1    1    1    1    1    1    1    1  8.50655E+13 0.00159 
   81   81    1    1    1    1    1    1    1    1  6.54535E+13 0.00153 
   82   82    1    1    1    1    1    1    1    1  5.02653E+13 0.00220 
   83   83    1    1    1    1    1    1    1    1  4.69485E+13 0.00233 
   84   84    1    1    1    1    1    1    1    1  3.38438E+13 0.00268 
   85   85    1    1    1    1    1    1    1    1  2.44340E+13 0.00333 
   86   86    1    1    1    1    1    1    1    1  2.29822E+13 0.00389 
   87   87    1    1    1    1    1    1    1    1  1.39386E+13 0.00362 
   88   88    1    1    1    1    1    1    1    1  9.42650E+12 0.00570 
   89   89    1    1    1    1    1    1    1    1  5.40084E+12 0.00650 
   90   90    1    1    1    1    1    1    1    1  3.51817E+12 0.00900 
   91   91    1    1    1    1    1    1    1    1  1.80784E+12 0.00953 
   92   92    1    1    1    1    1    1    1    1  8.81793E+11 0.01491 
   93   93    1    1    1    1    1    1    1    1  3.99780E+11 0.01927 
   94   94    1    1    1    1    1    1    1    1  1.95354E+11 0.03455 
   95   95    1    1    1    1    1    1    1    1  9.29936E+10 0.05478 
   96   96    1    1    1    1    1    1    1    1  4.68059E+10 0.07979 
   97   97    1    1    1    1    1    1    1    1  2.27857E+10 0.08208 
   98   98    1    1    1    1    1    1    1    1  1.30763E+10 0.22373 
   99   99    1    1    1    1    1    1    1    1  8.20531E+09 0.17729 
  100  100    1    1    1    1    1    1    1    1  4.94934E+09 0.31947 
];


