
DETdpaspec = [
    1    1    1    1    1    1    1    1    1    1  0.00000E+00 0.00000 
    2    2    1    1    1    1    1    1    1    1  0.00000E+00 0.00000 
    3    3    1    1    1    1    1    1    1    1  0.00000E+00 0.00000 
    4    4    1    1    1    1    1    1    1    1  0.00000E+00 0.00000 
    5    5    1    1    1    1    1    1    1    1  0.00000E+00 0.00000 
    6    6    1    1    1    1    1    1    1    1  0.00000E+00 0.00000 
    7    7    1    1    1    1    1    1    1    1  0.00000E+00 0.00000 
    8    8    1    1    1    1    1    1    1    1  0.00000E+00 0.00000 
    9    9    1    1    1    1    1    1    1    1  0.00000E+00 0.00000 
   10   10    1    1    1    1    1    1    1    1  2.60158E+07 1.00000 
   11   11    1    1    1    1    1    1    1    1  0.00000E+00 0.00000 
   12   12    1    1    1    1    1    1    1    1  2.47539E+07 1.00000 
   13   13    1    1    1    1    1    1    1    1  8.63614E+07 1.00000 
   14   14    1    1    1    1    1    1    1    1  4.97610E+08 0.89397 
   15   15    1    1    1    1    1    1    1    1  7.30744E+08 0.84944 
   16   16    1    1    1    1    1    1    1    1  6.26318E+08 0.46775 
   17   17    1    1    1    1    1    1    1    1  3.48112E+08 0.66196 
   18   18    1    1    1    1    1    1    1    1  1.01447E+09 0.33472 
   19   19    1    1    1    1    1    1    1    1  1.06246E+09 0.32338 
   20   20    1    1    1    1    1    1    1    1  5.85897E+09 0.16768 
   21   21    1    1    1    1    1    1    1    1  5.57028E+09 0.13016 
   22   22    1    1    1    1    1    1    1    1  1.00276E+10 0.16220 
   23   23    1    1    1    1    1    1    1    1  2.02493E+10 0.11900 
   24   24    1    1    1    1    1    1    1    1  5.17536E+10 0.08104 
   25   25    1    1    1    1    1    1    1    1  9.12729E+10 0.06728 
   26   26    1    1    1    1    1    1    1    1  2.01248E+11 0.03126 
   27   27    1    1    1    1    1    1    1    1  4.73208E+11 0.02597 
   28   28    1    1    1    1    1    1    1    1  1.11203E+12 0.01675 
   29   29    1    1    1    1    1    1    1    1  1.92237E+12 0.00826 
   30   30    1    1    1    1    1    1    1    1  4.25587E+12 0.00704 
   31   31    1    1    1    1    1    1    1    1  1.04142E+13 0.00543 
   32   32    1    1    1    1    1    1    1    1  1.68556E+13 0.00450 
   33   33    1    1    1    1    1    1    1    1  3.66182E+13 0.00353 
   34   34    1    1    1    1    1    1    1    1  4.80043E+13 0.00211 
   35   35    1    1    1    1    1    1    1    1  5.23160E+13 0.00238 
   36   36    1    1    1    1    1    1    1    1  3.21226E+13 0.00197 
   37   37    1    1    1    1    1    1    1    1  9.43818E+12 0.00226 
   38   38    1    1    1    1    1    1    1    1  5.42647E+13 0.00182 
   39   39    1    1    1    1    1    1    1    1  7.25583E+13 0.00139 
   40   40    1    1    1    1    1    1    1    1  1.23968E+14 0.00131 
   41   41    1    1    1    1    1    1    1    1  1.20350E+14 0.00168 
   42   42    1    1    1    1    1    1    1    1  2.60690E+14 0.00126 
   43   43    1    1    1    1    1    1    1    1  3.14661E+14 0.00107 
   44   44    1    1    1    1    1    1    1    1  4.53420E+14 0.00102 
   45   45    1    1    1    1    1    1    1    1  9.01642E+14 0.00056 
   46   46    1    1    1    1    1    1    1    1  4.09181E+14 0.00072 
   47   47    1    1    1    1    1    1    1    1  6.51595E+14 0.00077 
   48   48    1    1    1    1    1    1    1    1  9.02002E+14 0.00068 
   49   49    1    1    1    1    1    1    1    1  8.85752E+14 0.00073 
   50   50    1    1    1    1    1    1    1    1  1.39345E+15 0.00071 
   51   51    1    1    1    1    1    1    1    1  1.08629E+15 0.00069 
   52   52    1    1    1    1    1    1    1    1  1.31529E+15 0.00065 
   53   53    1    1    1    1    1    1    1    1  9.08143E+14 0.00048 
   54   54    1    1    1    1    1    1    1    1  1.13106E+15 0.00069 
   55   55    1    1    1    1    1    1    1    1  7.74712E+14 0.00065 
   56   56    1    1    1    1    1    1    1    1  1.04767E+14 0.00124 
   57   57    1    1    1    1    1    1    1    1  1.53402E+15 0.00051 
   58   58    1    1    1    1    1    1    1    1  7.01534E+14 0.00061 
   59   59    1    1    1    1    1    1    1    1  7.40303E+14 0.00049 
   60   60    1    1    1    1    1    1    1    1  5.87871E+14 0.00062 
   61   61    1    1    1    1    1    1    1    1  5.87394E+14 0.00057 
   62   62    1    1    1    1    1    1    1    1  6.12824E+14 0.00061 
   63   63    1    1    1    1    1    1    1    1  5.18075E+14 0.00073 
   64   64    1    1    1    1    1    1    1    1  4.12952E+14 0.00056 
   65   65    1    1    1    1    1    1    1    1  4.11473E+14 0.00087 
   66   66    1    1    1    1    1    1    1    1  2.97316E+14 0.00088 
   67   67    1    1    1    1    1    1    1    1  2.40670E+14 0.00109 
   68   68    1    1    1    1    1    1    1    1  2.14559E+14 0.00080 
   69   69    1    1    1    1    1    1    1    1  2.57458E+14 0.00107 
   70   70    1    1    1    1    1    1    1    1  2.18746E+14 0.00104 
   71   71    1    1    1    1    1    1    1    1  3.91230E+14 0.00094 
   72   72    1    1    1    1    1    1    1    1  2.76229E+14 0.00101 
   73   73    1    1    1    1    1    1    1    1  2.08736E+14 0.00123 
   74   74    1    1    1    1    1    1    1    1  1.69780E+14 0.00085 
   75   75    1    1    1    1    1    1    1    1  1.42995E+14 0.00164 
   76   76    1    1    1    1    1    1    1    1  1.67606E+14 0.00108 
   77   77    1    1    1    1    1    1    1    1  1.34476E+14 0.00131 
   78   78    1    1    1    1    1    1    1    1  1.07959E+14 0.00149 
   79   79    1    1    1    1    1    1    1    1  1.12279E+14 0.00118 
   80   80    1    1    1    1    1    1    1    1  8.34735E+13 0.00160 
   81   81    1    1    1    1    1    1    1    1  6.44163E+13 0.00164 
   82   82    1    1    1    1    1    1    1    1  4.93484E+13 0.00161 
   83   83    1    1    1    1    1    1    1    1  4.60647E+13 0.00233 
   84   84    1    1    1    1    1    1    1    1  3.30225E+13 0.00329 
   85   85    1    1    1    1    1    1    1    1  2.39134E+13 0.00368 
   86   86    1    1    1    1    1    1    1    1  2.22967E+13 0.00310 
   87   87    1    1    1    1    1    1    1    1  1.36058E+13 0.00293 
   88   88    1    1    1    1    1    1    1    1  9.11171E+12 0.00375 
   89   89    1    1    1    1    1    1    1    1  5.27270E+12 0.00818 
   90   90    1    1    1    1    1    1    1    1  3.43683E+12 0.00912 
   91   91    1    1    1    1    1    1    1    1  1.70822E+12 0.00796 
   92   92    1    1    1    1    1    1    1    1  8.11103E+11 0.02057 
   93   93    1    1    1    1    1    1    1    1  3.90806E+11 0.02067 
   94   94    1    1    1    1    1    1    1    1  1.93220E+11 0.02886 
   95   95    1    1    1    1    1    1    1    1  8.51526E+10 0.04639 
   96   96    1    1    1    1    1    1    1    1  4.44010E+10 0.07939 
   97   97    1    1    1    1    1    1    1    1  2.40589E+10 0.09779 
   98   98    1    1    1    1    1    1    1    1  8.48818E+09 0.15516 
   99   99    1    1    1    1    1    1    1    1  5.38258E+09 0.18959 
  100  100    1    1    1    1    1    1    1    1  3.39376E+09 0.25104 
];


