
DETdpaspec = [
    1    1    1    1    1    1    1    1    1    1  0.00000E+00 0.00000 
    2    2    1    1    1    1    1    1    1    1  0.00000E+00 0.00000 
    3    3    1    1    1    1    1    1    1    1  0.00000E+00 0.00000 
    4    4    1    1    1    1    1    1    1    1  0.00000E+00 0.00000 
    5    5    1    1    1    1    1    1    1    1  0.00000E+00 0.00000 
    6    6    1    1    1    1    1    1    1    1  6.48367E+06 1.00000 
    7    7    1    1    1    1    1    1    1    1  0.00000E+00 0.00000 
    8    8    1    1    1    1    1    1    1    1  0.00000E+00 0.00000 
    9    9    1    1    1    1    1    1    1    1  3.35834E+06 1.00000 
   10   10    1    1    1    1    1    1    1    1  0.00000E+00 0.00000 
   11   11    1    1    1    1    1    1    1    1  0.00000E+00 0.00000 
   12   12    1    1    1    1    1    1    1    1  0.00000E+00 0.00000 
   13   13    1    1    1    1    1    1    1    1  7.93102E+08 0.58681 
   14   14    1    1    1    1    1    1    1    1  1.50370E+09 0.59287 
   15   15    1    1    1    1    1    1    1    1  8.16185E+08 0.59528 
   16   16    1    1    1    1    1    1    1    1  4.83417E+08 0.46875 
   17   17    1    1    1    1    1    1    1    1  1.28645E+09 0.25293 
   18   18    1    1    1    1    1    1    1    1  2.25793E+09 0.27099 
   19   19    1    1    1    1    1    1    1    1  1.95616E+09 0.28279 
   20   20    1    1    1    1    1    1    1    1  8.66955E+09 0.16906 
   21   21    1    1    1    1    1    1    1    1  6.52039E+09 0.16894 
   22   22    1    1    1    1    1    1    1    1  1.61550E+10 0.13204 
   23   23    1    1    1    1    1    1    1    1  1.95379E+10 0.10417 
   24   24    1    1    1    1    1    1    1    1  3.26166E+10 0.10690 
   25   25    1    1    1    1    1    1    1    1  4.96399E+10 0.07102 
   26   26    1    1    1    1    1    1    1    1  7.62915E+10 0.06547 
   27   27    1    1    1    1    1    1    1    1  1.43949E+11 0.04460 
   28   28    1    1    1    1    1    1    1    1  3.61732E+11 0.02401 
   29   29    1    1    1    1    1    1    1    1  5.72033E+11 0.01468 
   30   30    1    1    1    1    1    1    1    1  1.56778E+12 0.00996 
   31   31    1    1    1    1    1    1    1    1  4.85106E+12 0.00833 
   32   32    1    1    1    1    1    1    1    1  8.93288E+12 0.00542 
   33   33    1    1    1    1    1    1    1    1  2.13581E+13 0.00412 
   34   34    1    1    1    1    1    1    1    1  2.98734E+13 0.00307 
   35   35    1    1    1    1    1    1    1    1  3.74127E+13 0.00279 
   36   36    1    1    1    1    1    1    1    1  2.46331E+13 0.00238 
   37   37    1    1    1    1    1    1    1    1  7.41605E+12 0.00293 
   38   38    1    1    1    1    1    1    1    1  4.23143E+13 0.00288 
   39   39    1    1    1    1    1    1    1    1  5.72607E+13 0.00231 
   40   40    1    1    1    1    1    1    1    1  9.88997E+13 0.00190 
   41   41    1    1    1    1    1    1    1    1  9.93062E+13 0.00170 
   42   42    1    1    1    1    1    1    1    1  2.15070E+14 0.00118 
   43   43    1    1    1    1    1    1    1    1  2.63250E+14 0.00105 
   44   44    1    1    1    1    1    1    1    1  3.85311E+14 0.00088 
   45   45    1    1    1    1    1    1    1    1  7.81852E+14 0.00088 
   46   46    1    1    1    1    1    1    1    1  3.66718E+14 0.00075 
   47   47    1    1    1    1    1    1    1    1  5.92217E+14 0.00073 
   48   48    1    1    1    1    1    1    1    1  8.33452E+14 0.00078 
   49   49    1    1    1    1    1    1    1    1  8.30359E+14 0.00055 
   50   50    1    1    1    1    1    1    1    1  1.31593E+15 0.00052 
   51   51    1    1    1    1    1    1    1    1  1.04995E+15 0.00071 
   52   52    1    1    1    1    1    1    1    1  1.27121E+15 0.00056 
   53   53    1    1    1    1    1    1    1    1  8.89069E+14 0.00052 
   54   54    1    1    1    1    1    1    1    1  1.10388E+15 0.00055 
   55   55    1    1    1    1    1    1    1    1  7.63722E+14 0.00084 
   56   56    1    1    1    1    1    1    1    1  1.03967E+14 0.00149 
   57   57    1    1    1    1    1    1    1    1  1.52400E+15 0.00059 
   58   58    1    1    1    1    1    1    1    1  6.91173E+14 0.00062 
   59   59    1    1    1    1    1    1    1    1  7.37124E+14 0.00066 
   60   60    1    1    1    1    1    1    1    1  5.81247E+14 0.00088 
   61   61    1    1    1    1    1    1    1    1  5.83392E+14 0.00103 
   62   62    1    1    1    1    1    1    1    1  6.10679E+14 0.00079 
   63   63    1    1    1    1    1    1    1    1  5.17486E+14 0.00059 
   64   64    1    1    1    1    1    1    1    1  4.14255E+14 0.00061 
   65   65    1    1    1    1    1    1    1    1  4.13709E+14 0.00109 
   66   66    1    1    1    1    1    1    1    1  2.99507E+14 0.00092 
   67   67    1    1    1    1    1    1    1    1  2.44048E+14 0.00099 
   68   68    1    1    1    1    1    1    1    1  2.18882E+14 0.00112 
   69   69    1    1    1    1    1    1    1    1  2.63230E+14 0.00109 
   70   70    1    1    1    1    1    1    1    1  2.24461E+14 0.00134 
   71   71    1    1    1    1    1    1    1    1  4.08424E+14 0.00078 
   72   72    1    1    1    1    1    1    1    1  2.89799E+14 0.00116 
   73   73    1    1    1    1    1    1    1    1  2.19487E+14 0.00117 
   74   74    1    1    1    1    1    1    1    1  1.77565E+14 0.00118 
   75   75    1    1    1    1    1    1    1    1  1.48481E+14 0.00173 
   76   76    1    1    1    1    1    1    1    1  1.72802E+14 0.00094 
   77   77    1    1    1    1    1    1    1    1  1.37578E+14 0.00162 
   78   78    1    1    1    1    1    1    1    1  1.10221E+14 0.00119 
   79   79    1    1    1    1    1    1    1    1  1.14174E+14 0.00182 
   80   80    1    1    1    1    1    1    1    1  8.45082E+13 0.00198 
   81   81    1    1    1    1    1    1    1    1  6.52274E+13 0.00167 
   82   82    1    1    1    1    1    1    1    1  5.00975E+13 0.00188 
   83   83    1    1    1    1    1    1    1    1  4.68281E+13 0.00228 
   84   84    1    1    1    1    1    1    1    1  3.37864E+13 0.00259 
   85   85    1    1    1    1    1    1    1    1  2.44159E+13 0.00383 
   86   86    1    1    1    1    1    1    1    1  2.27872E+13 0.00298 
   87   87    1    1    1    1    1    1    1    1  1.38650E+13 0.00346 
   88   88    1    1    1    1    1    1    1    1  9.43615E+12 0.00462 
   89   89    1    1    1    1    1    1    1    1  5.38105E+12 0.00894 
   90   90    1    1    1    1    1    1    1    1  3.54889E+12 0.00979 
   91   91    1    1    1    1    1    1    1    1  1.80220E+12 0.01204 
   92   92    1    1    1    1    1    1    1    1  8.88515E+11 0.01525 
   93   93    1    1    1    1    1    1    1    1  4.28628E+11 0.01999 
   94   94    1    1    1    1    1    1    1    1  2.06845E+11 0.04439 
   95   95    1    1    1    1    1    1    1    1  9.08065E+10 0.06021 
   96   96    1    1    1    1    1    1    1    1  4.97185E+10 0.09557 
   97   97    1    1    1    1    1    1    1    1  1.94860E+10 0.11644 
   98   98    1    1    1    1    1    1    1    1  1.20705E+10 0.14785 
   99   99    1    1    1    1    1    1    1    1  3.75994E+09 0.25373 
  100  100    1    1    1    1    1    1    1    1  5.94656E+09 0.23981 
];


