
DETdpaspec = [
    1    1    1    1    1    1    1    1    1    1  0.00000E+00 0.00000 
    2    2    1    1    1    1    1    1    1    1  0.00000E+00 0.00000 
    3    3    1    1    1    1    1    1    1    1  0.00000E+00 0.00000 
    4    4    1    1    1    1    1    1    1    1  0.00000E+00 0.00000 
    5    5    1    1    1    1    1    1    1    1  0.00000E+00 0.00000 
    6    6    1    1    1    1    1    1    1    1  0.00000E+00 0.00000 
    7    7    1    1    1    1    1    1    1    1  0.00000E+00 0.00000 
    8    8    1    1    1    1    1    1    1    1  0.00000E+00 0.00000 
    9    9    1    1    1    1    1    1    1    1  0.00000E+00 0.00000 
   10   10    1    1    1    1    1    1    1    1  2.56904E+07 1.00000 
   11   11    1    1    1    1    1    1    1    1  0.00000E+00 0.00000 
   12   12    1    1    1    1    1    1    1    1  7.42005E+07 0.91798 
   13   13    1    1    1    1    1    1    1    1  6.46364E+08 0.52124 
   14   14    1    1    1    1    1    1    1    1  2.66723E+09 0.41538 
   15   15    1    1    1    1    1    1    1    1  1.53838E+09 0.54106 
   16   16    1    1    1    1    1    1    1    1  3.00760E+08 0.46727 
   17   17    1    1    1    1    1    1    1    1  4.21613E+08 0.79334 
   18   18    1    1    1    1    1    1    1    1  8.02238E+08 0.39070 
   19   19    1    1    1    1    1    1    1    1  1.97391E+09 0.26572 
   20   20    1    1    1    1    1    1    1    1  5.34361E+09 0.22191 
   21   21    1    1    1    1    1    1    1    1  4.82793E+09 0.18619 
   22   22    1    1    1    1    1    1    1    1  1.58377E+10 0.15105 
   23   23    1    1    1    1    1    1    1    1  1.82273E+10 0.10156 
   24   24    1    1    1    1    1    1    1    1  3.39426E+10 0.09768 
   25   25    1    1    1    1    1    1    1    1  4.93811E+10 0.05933 
   26   26    1    1    1    1    1    1    1    1  9.23151E+10 0.06816 
   27   27    1    1    1    1    1    1    1    1  2.07583E+11 0.02794 
   28   28    1    1    1    1    1    1    1    1  4.89299E+11 0.02475 
   29   29    1    1    1    1    1    1    1    1  8.94700E+11 0.01501 
   30   30    1    1    1    1    1    1    1    1  2.22374E+12 0.01060 
   31   31    1    1    1    1    1    1    1    1  6.29122E+12 0.00697 
   32   32    1    1    1    1    1    1    1    1  1.10177E+13 0.00545 
   33   33    1    1    1    1    1    1    1    1  2.57395E+13 0.00304 
   34   34    1    1    1    1    1    1    1    1  3.54783E+13 0.00268 
   35   35    1    1    1    1    1    1    1    1  4.17901E+13 0.00243 
   36   36    1    1    1    1    1    1    1    1  2.67763E+13 0.00284 
   37   37    1    1    1    1    1    1    1    1  7.98970E+12 0.00348 
   38   38    1    1    1    1    1    1    1    1  4.57881E+13 0.00216 
   39   39    1    1    1    1    1    1    1    1  6.16104E+13 0.00208 
   40   40    1    1    1    1    1    1    1    1  1.06499E+14 0.00165 
   41   41    1    1    1    1    1    1    1    1  1.05485E+14 0.00126 
   42   42    1    1    1    1    1    1    1    1  2.29412E+14 0.00108 
   43   43    1    1    1    1    1    1    1    1  2.79209E+14 0.00112 
   44   44    1    1    1    1    1    1    1    1  4.07651E+14 0.00098 
   45   45    1    1    1    1    1    1    1    1  8.23784E+14 0.00098 
   46   46    1    1    1    1    1    1    1    1  3.81852E+14 0.00091 
   47   47    1    1    1    1    1    1    1    1  6.13221E+14 0.00055 
   48   48    1    1    1    1    1    1    1    1  8.58772E+14 0.00063 
   49   49    1    1    1    1    1    1    1    1  8.51632E+14 0.00069 
   50   50    1    1    1    1    1    1    1    1  1.34737E+15 0.00064 
   51   51    1    1    1    1    1    1    1    1  1.06527E+15 0.00039 
   52   52    1    1    1    1    1    1    1    1  1.29132E+15 0.00065 
   53   53    1    1    1    1    1    1    1    1  8.98962E+14 0.00073 
   54   54    1    1    1    1    1    1    1    1  1.11973E+15 0.00080 
   55   55    1    1    1    1    1    1    1    1  7.71224E+14 0.00063 
   56   56    1    1    1    1    1    1    1    1  1.04559E+14 0.00109 
   57   57    1    1    1    1    1    1    1    1  1.53554E+15 0.00056 
   58   58    1    1    1    1    1    1    1    1  7.00682E+14 0.00047 
   59   59    1    1    1    1    1    1    1    1  7.43972E+14 0.00062 
   60   60    1    1    1    1    1    1    1    1  5.88957E+14 0.00053 
   61   61    1    1    1    1    1    1    1    1  5.89584E+14 0.00062 
   62   62    1    1    1    1    1    1    1    1  6.17298E+14 0.00051 
   63   63    1    1    1    1    1    1    1    1  5.22358E+14 0.00080 
   64   64    1    1    1    1    1    1    1    1  4.17641E+14 0.00084 
   65   65    1    1    1    1    1    1    1    1  4.16969E+14 0.00095 
   66   66    1    1    1    1    1    1    1    1  3.02249E+14 0.00091 
   67   67    1    1    1    1    1    1    1    1  2.45538E+14 0.00090 
   68   68    1    1    1    1    1    1    1    1  2.19454E+14 0.00099 
   69   69    1    1    1    1    1    1    1    1  2.63422E+14 0.00096 
   70   70    1    1    1    1    1    1    1    1  2.24668E+14 0.00087 
   71   71    1    1    1    1    1    1    1    1  4.05891E+14 0.00106 
   72   72    1    1    1    1    1    1    1    1  2.87513E+14 0.00101 
   73   73    1    1    1    1    1    1    1    1  2.17570E+14 0.00140 
   74   74    1    1    1    1    1    1    1    1  1.76374E+14 0.00122 
   75   75    1    1    1    1    1    1    1    1  1.47855E+14 0.00150 
   76   76    1    1    1    1    1    1    1    1  1.73551E+14 0.00101 
   77   77    1    1    1    1    1    1    1    1  1.38817E+14 0.00148 
   78   78    1    1    1    1    1    1    1    1  1.11296E+14 0.00174 
   79   79    1    1    1    1    1    1    1    1  1.14994E+14 0.00139 
   80   80    1    1    1    1    1    1    1    1  8.58928E+13 0.00134 
   81   81    1    1    1    1    1    1    1    1  6.60315E+13 0.00143 
   82   82    1    1    1    1    1    1    1    1  5.08954E+13 0.00197 
   83   83    1    1    1    1    1    1    1    1  4.76545E+13 0.00245 
   84   84    1    1    1    1    1    1    1    1  3.41351E+13 0.00265 
   85   85    1    1    1    1    1    1    1    1  2.47085E+13 0.00285 
   86   86    1    1    1    1    1    1    1    1  2.30601E+13 0.00424 
   87   87    1    1    1    1    1    1    1    1  1.41845E+13 0.00445 
   88   88    1    1    1    1    1    1    1    1  9.50706E+12 0.00522 
   89   89    1    1    1    1    1    1    1    1  5.36001E+12 0.00561 
   90   90    1    1    1    1    1    1    1    1  3.59014E+12 0.00775 
   91   91    1    1    1    1    1    1    1    1  1.79696E+12 0.01115 
   92   92    1    1    1    1    1    1    1    1  8.67235E+11 0.01652 
   93   93    1    1    1    1    1    1    1    1  4.04077E+11 0.02748 
   94   94    1    1    1    1    1    1    1    1  2.02992E+11 0.02738 
   95   95    1    1    1    1    1    1    1    1  1.05018E+11 0.05112 
   96   96    1    1    1    1    1    1    1    1  4.53883E+10 0.04842 
   97   97    1    1    1    1    1    1    1    1  2.18407E+10 0.11860 
   98   98    1    1    1    1    1    1    1    1  1.40395E+10 0.16974 
   99   99    1    1    1    1    1    1    1    1  5.42715E+09 0.26371 
  100  100    1    1    1    1    1    1    1    1  3.11548E+09 0.21756 
];


