
DETdpaspec = [
    1    1    1    1    1    1    1    1    1    1  0.00000E+00 0.00000 
    2    2    1    1    1    1    1    1    1    1  0.00000E+00 0.00000 
    3    3    1    1    1    1    1    1    1    1  0.00000E+00 0.00000 
    4    4    1    1    1    1    1    1    1    1  0.00000E+00 0.00000 
    5    5    1    1    1    1    1    1    1    1  0.00000E+00 0.00000 
    6    6    1    1    1    1    1    1    1    1  0.00000E+00 0.00000 
    7    7    1    1    1    1    1    1    1    1  0.00000E+00 0.00000 
    8    8    1    1    1    1    1    1    1    1  0.00000E+00 0.00000 
    9    9    1    1    1    1    1    1    1    1  0.00000E+00 0.00000 
   10   10    1    1    1    1    1    1    1    1  2.51156E+07 1.00000 
   11   11    1    1    1    1    1    1    1    1  0.00000E+00 0.00000 
   12   12    1    1    1    1    1    1    1    1  3.79042E+07 0.66578 
   13   13    1    1    1    1    1    1    1    1  3.33480E+08 0.44392 
   14   14    1    1    1    1    1    1    1    1  1.04263E+09 0.39727 
   15   15    1    1    1    1    1    1    1    1  8.94547E+08 0.54345 
   16   16    1    1    1    1    1    1    1    1  1.74973E+08 0.54325 
   17   17    1    1    1    1    1    1    1    1  8.61761E+08 0.37411 
   18   18    1    1    1    1    1    1    1    1  3.09979E+09 0.22182 
   19   19    1    1    1    1    1    1    1    1  2.02968E+09 0.30485 
   20   20    1    1    1    1    1    1    1    1  4.36001E+09 0.20314 
   21   21    1    1    1    1    1    1    1    1  4.80871E+09 0.16572 
   22   22    1    1    1    1    1    1    1    1  1.11865E+10 0.10707 
   23   23    1    1    1    1    1    1    1    1  2.10668E+10 0.10539 
   24   24    1    1    1    1    1    1    1    1  3.90700E+10 0.06178 
   25   25    1    1    1    1    1    1    1    1  4.65028E+10 0.07980 
   26   26    1    1    1    1    1    1    1    1  8.10818E+10 0.05957 
   27   27    1    1    1    1    1    1    1    1  1.42308E+11 0.04266 
   28   28    1    1    1    1    1    1    1    1  2.97493E+11 0.02333 
   29   29    1    1    1    1    1    1    1    1  5.18726E+11 0.02523 
   30   30    1    1    1    1    1    1    1    1  1.46654E+12 0.01044 
   31   31    1    1    1    1    1    1    1    1  4.53843E+12 0.00690 
   32   32    1    1    1    1    1    1    1    1  8.32127E+12 0.00668 
   33   33    1    1    1    1    1    1    1    1  2.00047E+13 0.00436 
   34   34    1    1    1    1    1    1    1    1  2.82155E+13 0.00383 
   35   35    1    1    1    1    1    1    1    1  3.58979E+13 0.00227 
   36   36    1    1    1    1    1    1    1    1  2.39293E+13 0.00212 
   37   37    1    1    1    1    1    1    1    1  7.28841E+12 0.00196 
   38   38    1    1    1    1    1    1    1    1  4.12133E+13 0.00228 
   39   39    1    1    1    1    1    1    1    1  5.57557E+13 0.00149 
   40   40    1    1    1    1    1    1    1    1  9.60838E+13 0.00139 
   41   41    1    1    1    1    1    1    1    1  9.70401E+13 0.00129 
   42   42    1    1    1    1    1    1    1    1  2.10492E+14 0.00112 
   43   43    1    1    1    1    1    1    1    1  2.57415E+14 0.00076 
   44   44    1    1    1    1    1    1    1    1  3.77850E+14 0.00092 
   45   45    1    1    1    1    1    1    1    1  7.66985E+14 0.00079 
   46   46    1    1    1    1    1    1    1    1  3.61727E+14 0.00090 
   47   47    1    1    1    1    1    1    1    1  5.85142E+14 0.00080 
   48   48    1    1    1    1    1    1    1    1  8.24506E+14 0.00067 
   49   49    1    1    1    1    1    1    1    1  8.23105E+14 0.00070 
   50   50    1    1    1    1    1    1    1    1  1.30302E+15 0.00043 
   51   51    1    1    1    1    1    1    1    1  1.04504E+15 0.00039 
   52   52    1    1    1    1    1    1    1    1  1.26103E+15 0.00054 
   53   53    1    1    1    1    1    1    1    1  8.83997E+14 0.00058 
   54   54    1    1    1    1    1    1    1    1  1.09410E+15 0.00047 
   55   55    1    1    1    1    1    1    1    1  7.57277E+14 0.00056 
   56   56    1    1    1    1    1    1    1    1  1.03202E+14 0.00088 
   57   57    1    1    1    1    1    1    1    1  1.51632E+15 0.00040 
   58   58    1    1    1    1    1    1    1    1  6.85145E+14 0.00065 
   59   59    1    1    1    1    1    1    1    1  7.31332E+14 0.00061 
   60   60    1    1    1    1    1    1    1    1  5.75083E+14 0.00056 
   61   61    1    1    1    1    1    1    1    1  5.77936E+14 0.00062 
   62   62    1    1    1    1    1    1    1    1  6.04010E+14 0.00056 
   63   63    1    1    1    1    1    1    1    1  5.12343E+14 0.00078 
   64   64    1    1    1    1    1    1    1    1  4.09884E+14 0.00123 
   65   65    1    1    1    1    1    1    1    1  4.09659E+14 0.00112 
   66   66    1    1    1    1    1    1    1    1  2.96529E+14 0.00096 
   67   67    1    1    1    1    1    1    1    1  2.42180E+14 0.00106 
   68   68    1    1    1    1    1    1    1    1  2.16984E+14 0.00138 
   69   69    1    1    1    1    1    1    1    1  2.60805E+14 0.00111 
   70   70    1    1    1    1    1    1    1    1  2.23065E+14 0.00106 
   71   71    1    1    1    1    1    1    1    1  4.06835E+14 0.00084 
   72   72    1    1    1    1    1    1    1    1  2.89003E+14 0.00121 
   73   73    1    1    1    1    1    1    1    1  2.18241E+14 0.00109 
   74   74    1    1    1    1    1    1    1    1  1.76558E+14 0.00121 
   75   75    1    1    1    1    1    1    1    1  1.47256E+14 0.00153 
   76   76    1    1    1    1    1    1    1    1  1.71233E+14 0.00134 
   77   77    1    1    1    1    1    1    1    1  1.36171E+14 0.00145 
   78   78    1    1    1    1    1    1    1    1  1.08624E+14 0.00165 
   79   79    1    1    1    1    1    1    1    1  1.12111E+14 0.00157 
   80   80    1    1    1    1    1    1    1    1  8.35326E+13 0.00162 
   81   81    1    1    1    1    1    1    1    1  6.40761E+13 0.00205 
   82   82    1    1    1    1    1    1    1    1  4.92513E+13 0.00209 
   83   83    1    1    1    1    1    1    1    1  4.60510E+13 0.00292 
   84   84    1    1    1    1    1    1    1    1  3.33167E+13 0.00244 
   85   85    1    1    1    1    1    1    1    1  2.39477E+13 0.00393 
   86   86    1    1    1    1    1    1    1    1  2.23673E+13 0.00374 
   87   87    1    1    1    1    1    1    1    1  1.38082E+13 0.00361 
   88   88    1    1    1    1    1    1    1    1  9.28666E+12 0.00520 
   89   89    1    1    1    1    1    1    1    1  5.25671E+12 0.00604 
   90   90    1    1    1    1    1    1    1    1  3.52841E+12 0.00747 
   91   91    1    1    1    1    1    1    1    1  1.78591E+12 0.01706 
   92   92    1    1    1    1    1    1    1    1  8.43625E+11 0.02150 
   93   93    1    1    1    1    1    1    1    1  4.25669E+11 0.02329 
   94   94    1    1    1    1    1    1    1    1  1.98550E+11 0.03623 
   95   95    1    1    1    1    1    1    1    1  9.23780E+10 0.04982 
   96   96    1    1    1    1    1    1    1    1  4.59517E+10 0.05672 
   97   97    1    1    1    1    1    1    1    1  2.33503E+10 0.11150 
   98   98    1    1    1    1    1    1    1    1  9.68262E+09 0.12758 
   99   99    1    1    1    1    1    1    1    1  4.83895E+09 0.17718 
  100  100    1    1    1    1    1    1    1    1  4.56281E+09 0.19699 
];


