
DETdpaspec = [
    1    1    1    1    1    1    1    1    1    1  0.00000E+00 0.00000 
    2    2    1    1    1    1    1    1    1    1  0.00000E+00 0.00000 
    3    3    1    1    1    1    1    1    1    1  0.00000E+00 0.00000 
    4    4    1    1    1    1    1    1    1    1  0.00000E+00 0.00000 
    5    5    1    1    1    1    1    1    1    1  0.00000E+00 0.00000 
    6    6    1    1    1    1    1    1    1    1  0.00000E+00 0.00000 
    7    7    1    1    1    1    1    1    1    1  0.00000E+00 0.00000 
    8    8    1    1    1    1    1    1    1    1  0.00000E+00 0.00000 
    9    9    1    1    1    1    1    1    1    1  9.00723E+06 0.70963 
   10   10    1    1    1    1    1    1    1    1  0.00000E+00 0.00000 
   11   11    1    1    1    1    1    1    1    1  0.00000E+00 0.00000 
   12   12    1    1    1    1    1    1    1    1  3.27533E+07 0.62467 
   13   13    1    1    1    1    1    1    1    1  1.93239E+08 0.68994 
   14   14    1    1    1    1    1    1    1    1  5.53050E+08 0.62557 
   15   15    1    1    1    1    1    1    1    1  1.01130E+09 0.45267 
   16   16    1    1    1    1    1    1    1    1  5.50248E+08 0.36414 
   17   17    1    1    1    1    1    1    1    1  8.04288E+08 0.41539 
   18   18    1    1    1    1    1    1    1    1  1.30374E+09 0.31325 
   19   19    1    1    1    1    1    1    1    1  2.32180E+09 0.29214 
   20   20    1    1    1    1    1    1    1    1  7.37447E+09 0.19772 
   21   21    1    1    1    1    1    1    1    1  5.89192E+09 0.14257 
   22   22    1    1    1    1    1    1    1    1  1.64428E+10 0.12249 
   23   23    1    1    1    1    1    1    1    1  2.35560E+10 0.09890 
   24   24    1    1    1    1    1    1    1    1  3.24182E+10 0.06952 
   25   25    1    1    1    1    1    1    1    1  4.38639E+10 0.06553 
   26   26    1    1    1    1    1    1    1    1  7.76469E+10 0.04050 
   27   27    1    1    1    1    1    1    1    1  1.45654E+11 0.03088 
   28   28    1    1    1    1    1    1    1    1  3.00118E+11 0.02563 
   29   29    1    1    1    1    1    1    1    1  4.75920E+11 0.01827 
   30   30    1    1    1    1    1    1    1    1  1.36751E+12 0.01455 
   31   31    1    1    1    1    1    1    1    1  4.21229E+12 0.00904 
   32   32    1    1    1    1    1    1    1    1  7.91792E+12 0.00724 
   33   33    1    1    1    1    1    1    1    1  1.90977E+13 0.00452 
   34   34    1    1    1    1    1    1    1    1  2.67461E+13 0.00306 
   35   35    1    1    1    1    1    1    1    1  3.49104E+13 0.00197 
   36   36    1    1    1    1    1    1    1    1  2.36035E+13 0.00282 
   37   37    1    1    1    1    1    1    1    1  7.20336E+12 0.00215 
   38   38    1    1    1    1    1    1    1    1  4.05137E+13 0.00252 
   39   39    1    1    1    1    1    1    1    1  5.49324E+13 0.00184 
   40   40    1    1    1    1    1    1    1    1  9.49033E+13 0.00176 
   41   41    1    1    1    1    1    1    1    1  9.62551E+13 0.00181 
   42   42    1    1    1    1    1    1    1    1  2.07146E+14 0.00183 
   43   43    1    1    1    1    1    1    1    1  2.54569E+14 0.00142 
   44   44    1    1    1    1    1    1    1    1  3.73338E+14 0.00118 
   45   45    1    1    1    1    1    1    1    1  7.57067E+14 0.00073 
   46   46    1    1    1    1    1    1    1    1  3.57828E+14 0.00088 
   47   47    1    1    1    1    1    1    1    1  5.80761E+14 0.00119 
   48   48    1    1    1    1    1    1    1    1  8.18985E+14 0.00098 
   49   49    1    1    1    1    1    1    1    1  8.17751E+14 0.00091 
   50   50    1    1    1    1    1    1    1    1  1.29290E+15 0.00048 
   51   51    1    1    1    1    1    1    1    1  1.04065E+15 0.00061 
   52   52    1    1    1    1    1    1    1    1  1.25264E+15 0.00051 
   53   53    1    1    1    1    1    1    1    1  8.79377E+14 0.00070 
   54   54    1    1    1    1    1    1    1    1  1.08636E+15 0.00061 
   55   55    1    1    1    1    1    1    1    1  7.53063E+14 0.00060 
   56   56    1    1    1    1    1    1    1    1  1.02492E+14 0.00114 
   57   57    1    1    1    1    1    1    1    1  1.50593E+15 0.00055 
   58   58    1    1    1    1    1    1    1    1  6.78164E+14 0.00079 
   59   59    1    1    1    1    1    1    1    1  7.25326E+14 0.00082 
   60   60    1    1    1    1    1    1    1    1  5.69253E+14 0.00111 
   61   61    1    1    1    1    1    1    1    1  5.71980E+14 0.00093 
   62   62    1    1    1    1    1    1    1    1  5.98761E+14 0.00084 
   63   63    1    1    1    1    1    1    1    1  5.06723E+14 0.00073 
   64   64    1    1    1    1    1    1    1    1  4.05712E+14 0.00088 
   65   65    1    1    1    1    1    1    1    1  4.05394E+14 0.00054 
   66   66    1    1    1    1    1    1    1    1  2.94198E+14 0.00090 
   67   67    1    1    1    1    1    1    1    1  2.39805E+14 0.00100 
   68   68    1    1    1    1    1    1    1    1  2.15532E+14 0.00138 
   69   69    1    1    1    1    1    1    1    1  2.59150E+14 0.00093 
   70   70    1    1    1    1    1    1    1    1  2.20889E+14 0.00108 
   71   71    1    1    1    1    1    1    1    1  4.04443E+14 0.00096 
   72   72    1    1    1    1    1    1    1    1  2.87297E+14 0.00095 
   73   73    1    1    1    1    1    1    1    1  2.17224E+14 0.00072 
   74   74    1    1    1    1    1    1    1    1  1.75325E+14 0.00176 
   75   75    1    1    1    1    1    1    1    1  1.45558E+14 0.00106 
   76   76    1    1    1    1    1    1    1    1  1.69321E+14 0.00142 
   77   77    1    1    1    1    1    1    1    1  1.34238E+14 0.00162 
   78   78    1    1    1    1    1    1    1    1  1.07166E+14 0.00151 
   79   79    1    1    1    1    1    1    1    1  1.10635E+14 0.00198 
   80   80    1    1    1    1    1    1    1    1  8.20755E+13 0.00204 
   81   81    1    1    1    1    1    1    1    1  6.33192E+13 0.00179 
   82   82    1    1    1    1    1    1    1    1  4.84458E+13 0.00226 
   83   83    1    1    1    1    1    1    1    1  4.53005E+13 0.00263 
   84   84    1    1    1    1    1    1    1    1  3.26992E+13 0.00386 
   85   85    1    1    1    1    1    1    1    1  2.35827E+13 0.00241 
   86   86    1    1    1    1    1    1    1    1  2.20305E+13 0.00465 
   87   87    1    1    1    1    1    1    1    1  1.35802E+13 0.00402 
   88   88    1    1    1    1    1    1    1    1  9.06999E+12 0.00532 
   89   89    1    1    1    1    1    1    1    1  5.12670E+12 0.00752 
   90   90    1    1    1    1    1    1    1    1  3.47238E+12 0.00977 
   91   91    1    1    1    1    1    1    1    1  1.75130E+12 0.01161 
   92   92    1    1    1    1    1    1    1    1  8.52099E+11 0.01677 
   93   93    1    1    1    1    1    1    1    1  4.13106E+11 0.02113 
   94   94    1    1    1    1    1    1    1    1  1.88580E+11 0.03607 
   95   95    1    1    1    1    1    1    1    1  8.81477E+10 0.06052 
   96   96    1    1    1    1    1    1    1    1  4.62341E+10 0.07641 
   97   97    1    1    1    1    1    1    1    1  1.72554E+10 0.10211 
   98   98    1    1    1    1    1    1    1    1  7.17039E+09 0.16435 
   99   99    1    1    1    1    1    1    1    1  7.04746E+09 0.20073 
  100  100    1    1    1    1    1    1    1    1  6.23722E+09 0.20231 
];


