
DETdpaspec = [
    1    1    1    1    1    1    1    1    1    1  0.00000E+00 0.00000 
    2    2    1    1    1    1    1    1    1    1  0.00000E+00 0.00000 
    3    3    1    1    1    1    1    1    1    1  0.00000E+00 0.00000 
    4    4    1    1    1    1    1    1    1    1  0.00000E+00 0.00000 
    5    5    1    1    1    1    1    1    1    1  0.00000E+00 0.00000 
    6    6    1    1    1    1    1    1    1    1  0.00000E+00 0.00000 
    7    7    1    1    1    1    1    1    1    1  0.00000E+00 0.00000 
    8    8    1    1    1    1    1    1    1    1  0.00000E+00 0.00000 
    9    9    1    1    1    1    1    1    1    1  0.00000E+00 0.00000 
   10   10    1    1    1    1    1    1    1    1  0.00000E+00 0.00000 
   11   11    1    1    1    1    1    1    1    1  0.00000E+00 0.00000 
   12   12    1    1    1    1    1    1    1    1  4.25240E+07 1.00000 
   13   13    1    1    1    1    1    1    1    1  2.12638E+08 0.77962 
   14   14    1    1    1    1    1    1    1    1  2.15592E+08 1.00000 
   15   15    1    1    1    1    1    1    1    1  1.15606E+08 1.00000 
   16   16    1    1    1    1    1    1    1    1  5.87416E+08 0.87504 
   17   17    1    1    1    1    1    1    1    1  6.65633E+08 0.56514 
   18   18    1    1    1    1    1    1    1    1  6.51288E+08 0.27788 
   19   19    1    1    1    1    1    1    1    1  2.12739E+09 0.32525 
   20   20    1    1    1    1    1    1    1    1  5.97162E+09 0.14957 
   21   21    1    1    1    1    1    1    1    1  4.60831E+09 0.22051 
   22   22    1    1    1    1    1    1    1    1  9.49228E+09 0.18344 
   23   23    1    1    1    1    1    1    1    1  2.71106E+10 0.09294 
   24   24    1    1    1    1    1    1    1    1  8.14216E+10 0.05852 
   25   25    1    1    1    1    1    1    1    1  1.44722E+11 0.04591 
   26   26    1    1    1    1    1    1    1    1  3.35824E+11 0.02514 
   27   27    1    1    1    1    1    1    1    1  7.53347E+11 0.01776 
   28   28    1    1    1    1    1    1    1    1  1.62795E+12 0.01266 
   29   29    1    1    1    1    1    1    1    1  2.76982E+12 0.00967 
   30   30    1    1    1    1    1    1    1    1  5.78066E+12 0.00614 
   31   31    1    1    1    1    1    1    1    1  1.33157E+13 0.00524 
   32   32    1    1    1    1    1    1    1    1  2.07432E+13 0.00379 
   33   33    1    1    1    1    1    1    1    1  4.30873E+13 0.00239 
   34   34    1    1    1    1    1    1    1    1  5.47356E+13 0.00190 
   35   35    1    1    1    1    1    1    1    1  5.79817E+13 0.00220 
   36   36    1    1    1    1    1    1    1    1  3.50496E+13 0.00164 
   37   37    1    1    1    1    1    1    1    1  1.02583E+13 0.00268 
   38   38    1    1    1    1    1    1    1    1  5.88769E+13 0.00167 
   39   39    1    1    1    1    1    1    1    1  7.81470E+13 0.00157 
   40   40    1    1    1    1    1    1    1    1  1.32360E+14 0.00100 
   41   41    1    1    1    1    1    1    1    1  1.27822E+14 0.00100 
   42   42    1    1    1    1    1    1    1    1  2.76437E+14 0.00105 
   43   43    1    1    1    1    1    1    1    1  3.31271E+14 0.00105 
   44   44    1    1    1    1    1    1    1    1  4.75181E+14 0.00078 
   45   45    1    1    1    1    1    1    1    1  9.37246E+14 0.00071 
   46   46    1    1    1    1    1    1    1    1  4.22630E+14 0.00086 
   47   47    1    1    1    1    1    1    1    1  6.70164E+14 0.00083 
   48   48    1    1    1    1    1    1    1    1  9.21707E+14 0.00081 
   49   49    1    1    1    1    1    1    1    1  9.00020E+14 0.00063 
   50   50    1    1    1    1    1    1    1    1  1.41024E+15 0.00061 
   51   51    1    1    1    1    1    1    1    1  1.09196E+15 0.00068 
   52   52    1    1    1    1    1    1    1    1  1.32201E+15 0.00063 
   53   53    1    1    1    1    1    1    1    1  9.07150E+14 0.00081 
   54   54    1    1    1    1    1    1    1    1  1.12848E+15 0.00056 
   55   55    1    1    1    1    1    1    1    1  7.72602E+14 0.00082 
   56   56    1    1    1    1    1    1    1    1  1.04323E+14 0.00108 
   57   57    1    1    1    1    1    1    1    1  1.52492E+15 0.00055 
   58   58    1    1    1    1    1    1    1    1  6.97429E+14 0.00087 
   59   59    1    1    1    1    1    1    1    1  7.34568E+14 0.00078 
   60   60    1    1    1    1    1    1    1    1  5.83330E+14 0.00081 
   61   61    1    1    1    1    1    1    1    1  5.80952E+14 0.00057 
   62   62    1    1    1    1    1    1    1    1  6.05210E+14 0.00088 
   63   63    1    1    1    1    1    1    1    1  5.11416E+14 0.00100 
   64   64    1    1    1    1    1    1    1    1  4.07246E+14 0.00076 
   65   65    1    1    1    1    1    1    1    1  4.04789E+14 0.00085 
   66   66    1    1    1    1    1    1    1    1  2.92079E+14 0.00093 
   67   67    1    1    1    1    1    1    1    1  2.35720E+14 0.00103 
   68   68    1    1    1    1    1    1    1    1  2.10283E+14 0.00096 
   69   69    1    1    1    1    1    1    1    1  2.51749E+14 0.00130 
   70   70    1    1    1    1    1    1    1    1  2.13159E+14 0.00124 
   71   71    1    1    1    1    1    1    1    1  3.80994E+14 0.00100 
   72   72    1    1    1    1    1    1    1    1  2.68526E+14 0.00133 
   73   73    1    1    1    1    1    1    1    1  2.03138E+14 0.00096 
   74   74    1    1    1    1    1    1    1    1  1.64942E+14 0.00128 
   75   75    1    1    1    1    1    1    1    1  1.38847E+14 0.00156 
   76   76    1    1    1    1    1    1    1    1  1.63124E+14 0.00132 
   77   77    1    1    1    1    1    1    1    1  1.30654E+14 0.00216 
   78   78    1    1    1    1    1    1    1    1  1.04949E+14 0.00179 
   79   79    1    1    1    1    1    1    1    1  1.08983E+14 0.00149 
   80   80    1    1    1    1    1    1    1    1  8.07825E+13 0.00190 
   81   81    1    1    1    1    1    1    1    1  6.23920E+13 0.00177 
   82   82    1    1    1    1    1    1    1    1  4.78200E+13 0.00270 
   83   83    1    1    1    1    1    1    1    1  4.46970E+13 0.00177 
   84   84    1    1    1    1    1    1    1    1  3.22402E+13 0.00287 
   85   85    1    1    1    1    1    1    1    1  2.30197E+13 0.00302 
   86   86    1    1    1    1    1    1    1    1  2.14492E+13 0.00384 
   87   87    1    1    1    1    1    1    1    1  1.31669E+13 0.00510 
   88   88    1    1    1    1    1    1    1    1  8.81696E+12 0.00726 
   89   89    1    1    1    1    1    1    1    1  4.98859E+12 0.00729 
   90   90    1    1    1    1    1    1    1    1  3.27778E+12 0.00805 
   91   91    1    1    1    1    1    1    1    1  1.59798E+12 0.01258 
   92   92    1    1    1    1    1    1    1    1  7.85776E+11 0.01495 
   93   93    1    1    1    1    1    1    1    1  3.68039E+11 0.02794 
   94   94    1    1    1    1    1    1    1    1  1.82022E+11 0.03599 
   95   95    1    1    1    1    1    1    1    1  8.93271E+10 0.04832 
   96   96    1    1    1    1    1    1    1    1  4.12226E+10 0.08031 
   97   97    1    1    1    1    1    1    1    1  2.03701E+10 0.11638 
   98   98    1    1    1    1    1    1    1    1  9.36490E+09 0.14750 
   99   99    1    1    1    1    1    1    1    1  3.57491E+09 0.26126 
  100  100    1    1    1    1    1    1    1    1  3.91614E+09 0.26680 
];


