
DETdpaspec = [
    1    1    1    1    1    1    1    1    1    1  0.00000E+00 0.00000 
    2    2    1    1    1    1    1    1    1    1  0.00000E+00 0.00000 
    3    3    1    1    1    1    1    1    1    1  0.00000E+00 0.00000 
    4    4    1    1    1    1    1    1    1    1  0.00000E+00 0.00000 
    5    5    1    1    1    1    1    1    1    1  0.00000E+00 0.00000 
    6    6    1    1    1    1    1    1    1    1  0.00000E+00 0.00000 
    7    7    1    1    1    1    1    1    1    1  0.00000E+00 0.00000 
    8    8    1    1    1    1    1    1    1    1  0.00000E+00 0.00000 
    9    9    1    1    1    1    1    1    1    1  0.00000E+00 0.00000 
   10   10    1    1    1    1    1    1    1    1  0.00000E+00 0.00000 
   11   11    1    1    1    1    1    1    1    1  0.00000E+00 0.00000 
   12   12    1    1    1    1    1    1    1    1  0.00000E+00 0.00000 
   13   13    1    1    1    1    1    1    1    1  0.00000E+00 0.00000 
   14   14    1    1    1    1    1    1    1    1  0.00000E+00 0.00000 
   15   15    1    1    1    1    1    1    1    1  0.00000E+00 0.00000 
   16   16    1    1    1    1    1    1    1    1  0.00000E+00 0.00000 
   17   17    1    1    1    1    1    1    1    1  0.00000E+00 0.00000 
   18   18    1    1    1    1    1    1    1    1  0.00000E+00 0.00000 
   19   19    1    1    1    1    1    1    1    1  2.00806E+09 0.04633 
   20   20    1    1    1    1    1    1    1    1  3.40030E+08 0.05790 
   21   21    1    1    1    1    1    1    1    1  1.12170E+09 0.04300 
   22   22    1    1    1    1    1    1    1    1  8.44765E+08 0.03696 
   23   23    1    1    1    1    1    1    1    1  2.30300E+09 0.02652 
   24   24    1    1    1    1    1    1    1    1  3.17870E+09 0.02060 
   25   25    1    1    1    1    1    1    1    1  4.92003E+09 0.03265 
   26   26    1    1    1    1    1    1    1    1  6.25156E+09 0.01825 
   27   27    1    1    1    1    1    1    1    1  1.01472E+10 0.01830 
   28   28    1    1    1    1    1    1    1    1  1.85718E+10 0.01478 
   29   29    1    1    1    1    1    1    1    1  3.77280E+10 0.00954 
   30   30    1    1    1    1    1    1    1    1  5.67149E+10 0.00771 
   31   31    1    1    1    1    1    1    1    1  1.69807E+11 0.00431 
   32   32    1    1    1    1    1    1    1    1  5.24440E+11 0.00289 
   33   33    1    1    1    1    1    1    1    1  9.72441E+11 0.00202 
   34   34    1    1    1    1    1    1    1    1  2.22798E+12 0.00160 
   35   35    1    1    1    1    1    1    1    1  3.01918E+12 0.00122 
   36   36    1    1    1    1    1    1    1    1  4.22089E+12 0.00115 
   37   37    1    1    1    1    1    1    1    1  2.96985E+12 0.00068 
   38   38    1    1    1    1    1    1    1    1  9.29227E+11 0.00084 
   39   39    1    1    1    1    1    1    1    1  5.07743E+12 0.00067 
   40   40    1    1    1    1    1    1    1    1  6.79109E+12 0.00050 
   41   41    1    1    1    1    1    1    1    1  1.15303E+13 0.00062 
   42   42    1    1    1    1    1    1    1    1  1.18183E+13 0.00059 
   43   43    1    1    1    1    1    1    1    1  2.45112E+13 0.00049 
   44   44    1    1    1    1    1    1    1    1  2.94025E+13 0.00039 
   45   45    1    1    1    1    1    1    1    1  4.20206E+13 0.00030 
   46   46    1    1    1    1    1    1    1    1  8.22108E+13 0.00034 
   47   47    1    1    1    1    1    1    1    1  3.91890E+13 0.00023 
   48   48    1    1    1    1    1    1    1    1  6.29226E+13 0.00021 
   49   49    1    1    1    1    1    1    1    1  8.77596E+13 0.00023 
   50   50    1    1    1    1    1    1    1    1  8.64268E+13 0.00020 
   51   51    1    1    1    1    1    1    1    1  1.33417E+14 0.00015 
   52   52    1    1    1    1    1    1    1    1  1.07358E+14 0.00017 
   53   53    1    1    1    1    1    1    1    1  1.25447E+14 0.00019 
   54   54    1    1    1    1    1    1    1    1  8.78531E+13 0.00016 
   55   55    1    1    1    1    1    1    1    1  1.05952E+14 0.00016 
   56   56    1    1    1    1    1    1    1    1  7.33779E+13 0.00017 
   57   57    1    1    1    1    1    1    1    1  1.00359E+13 0.00027 
   58   58    1    1    1    1    1    1    1    1  1.45651E+14 0.00016 
   59   59    1    1    1    1    1    1    1    1  6.37474E+13 0.00019 
   60   60    1    1    1    1    1    1    1    1  6.82128E+13 0.00022 
   61   61    1    1    1    1    1    1    1    1  5.25582E+13 0.00021 
   62   62    1    1    1    1    1    1    1    1  5.28508E+13 0.00022 
   63   63    1    1    1    1    1    1    1    1  5.47479E+13 0.00023 
   64   64    1    1    1    1    1    1    1    1  4.58862E+13 0.00024 
   65   65    1    1    1    1    1    1    1    1  3.65124E+13 0.00021 
   66   66    1    1    1    1    1    1    1    1  3.61809E+13 0.00037 
   67   67    1    1    1    1    1    1    1    1  2.63158E+13 0.00035 
   68   68    1    1    1    1    1    1    1    1  2.15531E+13 0.00041 
   69   69    1    1    1    1    1    1    1    1  1.93609E+13 0.00040 
   70   70    1    1    1    1    1    1    1    1  2.32972E+13 0.00036 
   71   71    1    1    1    1    1    1    1    1  1.98804E+13 0.00036 
   72   72    1    1    1    1    1    1    1    1  3.66787E+13 0.00026 
   73   73    1    1    1    1    1    1    1    1  2.60754E+13 0.00040 
   74   74    1    1    1    1    1    1    1    1  1.96641E+13 0.00043 
   75   75    1    1    1    1    1    1    1    1  1.56469E+13 0.00057 
   76   76    1    1    1    1    1    1    1    1  1.28421E+13 0.00045 
   77   77    1    1    1    1    1    1    1    1  1.47288E+13 0.00042 
   78   78    1    1    1    1    1    1    1    1  1.15100E+13 0.00052 
   79   79    1    1    1    1    1    1    1    1  9.07080E+12 0.00062 
   80   80    1    1    1    1    1    1    1    1  9.31309E+12 0.00042 
   81   81    1    1    1    1    1    1    1    1  6.88117E+12 0.00075 
   82   82    1    1    1    1    1    1    1    1  5.27757E+12 0.00085 
   83   83    1    1    1    1    1    1    1    1  4.05644E+12 0.00085 
   84   84    1    1    1    1    1    1    1    1  3.78222E+12 0.00110 
   85   85    1    1    1    1    1    1    1    1  2.72156E+12 0.00116 
   86   86    1    1    1    1    1    1    1    1  1.96396E+12 0.00126 
   87   87    1    1    1    1    1    1    1    1  1.83412E+12 0.00139 
   88   88    1    1    1    1    1    1    1    1  1.13559E+12 0.00158 
   89   89    1    1    1    1    1    1    1    1  7.68699E+11 0.00241 
   90   90    1    1    1    1    1    1    1    1  4.46201E+11 0.00230 
   91   91    1    1    1    1    1    1    1    1  5.67329E+11 0.00208 
   92   92    1    1    1    1    1    1    1    1  0.00000E+00 0.00000 
   93   93    1    1    1    1    1    1    1    1  0.00000E+00 0.00000 
   94   94    1    1    1    1    1    1    1    1  0.00000E+00 0.00000 
   95   95    1    1    1    1    1    1    1    1  0.00000E+00 0.00000 
   96   96    1    1    1    1    1    1    1    1  0.00000E+00 0.00000 
   97   97    1    1    1    1    1    1    1    1  0.00000E+00 0.00000 
   98   98    1    1    1    1    1    1    1    1  0.00000E+00 0.00000 
   99   99    1    1    1    1    1    1    1    1  0.00000E+00 0.00000 
  100  100    1    1    1    1    1    1    1    1  0.00000E+00 0.00000 
];


