
DETdpaspec = [
    1    1    1    1    1    1    1    1    1    1  0.00000E+00 0.00000 
    2    2    1    1    1    1    1    1    1    1  0.00000E+00 0.00000 
    3    3    1    1    1    1    1    1    1    1  0.00000E+00 0.00000 
    4    4    1    1    1    1    1    1    1    1  0.00000E+00 0.00000 
    5    5    1    1    1    1    1    1    1    1  0.00000E+00 0.00000 
    6    6    1    1    1    1    1    1    1    1  0.00000E+00 0.00000 
    7    7    1    1    1    1    1    1    1    1  0.00000E+00 0.00000 
    8    8    1    1    1    1    1    1    1    1  0.00000E+00 0.00000 
    9    9    1    1    1    1    1    1    1    1  0.00000E+00 0.00000 
   10   10    1    1    1    1    1    1    1    1  0.00000E+00 0.00000 
   11   11    1    1    1    1    1    1    1    1  0.00000E+00 0.00000 
   12   12    1    1    1    1    1    1    1    1  0.00000E+00 0.00000 
   13   13    1    1    1    1    1    1    1    1  0.00000E+00 0.00000 
   14   14    1    1    1    1    1    1    1    1  0.00000E+00 0.00000 
   15   15    1    1    1    1    1    1    1    1  0.00000E+00 0.00000 
   16   16    1    1    1    1    1    1    1    1  0.00000E+00 0.00000 
   17   17    1    1    1    1    1    1    1    1  0.00000E+00 0.00000 
   18   18    1    1    1    1    1    1    1    1  0.00000E+00 0.00000 
   19   19    1    1    1    1    1    1    1    1  1.95547E+09 0.04039 
   20   20    1    1    1    1    1    1    1    1  3.42950E+08 0.06575 
   21   21    1    1    1    1    1    1    1    1  1.10232E+09 0.04888 
   22   22    1    1    1    1    1    1    1    1  8.72053E+08 0.03396 
   23   23    1    1    1    1    1    1    1    1  2.21072E+09 0.02946 
   24   24    1    1    1    1    1    1    1    1  3.08869E+09 0.02441 
   25   25    1    1    1    1    1    1    1    1  4.78909E+09 0.02429 
   26   26    1    1    1    1    1    1    1    1  6.07498E+09 0.01901 
   27   27    1    1    1    1    1    1    1    1  1.00287E+10 0.01537 
   28   28    1    1    1    1    1    1    1    1  1.81170E+10 0.00980 
   29   29    1    1    1    1    1    1    1    1  3.66843E+10 0.00931 
   30   30    1    1    1    1    1    1    1    1  5.63201E+10 0.00751 
   31   31    1    1    1    1    1    1    1    1  1.68298E+11 0.00550 
   32   32    1    1    1    1    1    1    1    1  5.20360E+11 0.00292 
   33   33    1    1    1    1    1    1    1    1  9.64356E+11 0.00210 
   34   34    1    1    1    1    1    1    1    1  2.21844E+12 0.00154 
   35   35    1    1    1    1    1    1    1    1  3.02279E+12 0.00109 
   36   36    1    1    1    1    1    1    1    1  4.20932E+12 0.00087 
   37   37    1    1    1    1    1    1    1    1  2.95534E+12 0.00066 
   38   38    1    1    1    1    1    1    1    1  9.23065E+11 0.00065 
   39   39    1    1    1    1    1    1    1    1  5.04688E+12 0.00059 
   40   40    1    1    1    1    1    1    1    1  6.75209E+12 0.00047 
   41   41    1    1    1    1    1    1    1    1  1.14894E+13 0.00037 
   42   42    1    1    1    1    1    1    1    1  1.17546E+13 0.00046 
   43   43    1    1    1    1    1    1    1    1  2.44282E+13 0.00031 
   44   44    1    1    1    1    1    1    1    1  2.93076E+13 0.00033 
   45   45    1    1    1    1    1    1    1    1  4.19239E+13 0.00030 
   46   46    1    1    1    1    1    1    1    1  8.21518E+13 0.00029 
   47   47    1    1    1    1    1    1    1    1  3.91433E+13 0.00019 
   48   48    1    1    1    1    1    1    1    1  6.28447E+13 0.00022 
   49   49    1    1    1    1    1    1    1    1  8.76884E+13 0.00014 
   50   50    1    1    1    1    1    1    1    1  8.63650E+13 0.00015 
   51   51    1    1    1    1    1    1    1    1  1.33388E+14 0.00018 
   52   52    1    1    1    1    1    1    1    1  1.07207E+14 0.00018 
   53   53    1    1    1    1    1    1    1    1  1.25416E+14 0.00017 
   54   54    1    1    1    1    1    1    1    1  8.77983E+13 0.00014 
   55   55    1    1    1    1    1    1    1    1  1.06012E+14 0.00017 
   56   56    1    1    1    1    1    1    1    1  7.34165E+13 0.00016 
   57   57    1    1    1    1    1    1    1    1  1.00359E+13 0.00034 
   58   58    1    1    1    1    1    1    1    1  1.45671E+14 0.00011 
   59   59    1    1    1    1    1    1    1    1  6.38337E+13 0.00023 
   60   60    1    1    1    1    1    1    1    1  6.82980E+13 0.00024 
   61   61    1    1    1    1    1    1    1    1  5.26184E+13 0.00023 
   62   62    1    1    1    1    1    1    1    1  5.29283E+13 0.00023 
   63   63    1    1    1    1    1    1    1    1  5.48176E+13 0.00024 
   64   64    1    1    1    1    1    1    1    1  4.59605E+13 0.00028 
   65   65    1    1    1    1    1    1    1    1  3.65559E+13 0.00026 
   66   66    1    1    1    1    1    1    1    1  3.62328E+13 0.00024 
   67   67    1    1    1    1    1    1    1    1  2.63654E+13 0.00024 
   68   68    1    1    1    1    1    1    1    1  2.15858E+13 0.00022 
   69   69    1    1    1    1    1    1    1    1  1.93775E+13 0.00037 
   70   70    1    1    1    1    1    1    1    1  2.33253E+13 0.00035 
   71   71    1    1    1    1    1    1    1    1  1.99102E+13 0.00037 
   72   72    1    1    1    1    1    1    1    1  3.66754E+13 0.00036 
   73   73    1    1    1    1    1    1    1    1  2.60920E+13 0.00040 
   74   74    1    1    1    1    1    1    1    1  1.96362E+13 0.00056 
   75   75    1    1    1    1    1    1    1    1  1.56494E+13 0.00041 
   76   76    1    1    1    1    1    1    1    1  1.28560E+13 0.00050 
   77   77    1    1    1    1    1    1    1    1  1.47632E+13 0.00043 
   78   78    1    1    1    1    1    1    1    1  1.15325E+13 0.00054 
   79   79    1    1    1    1    1    1    1    1  9.11354E+12 0.00065 
   80   80    1    1    1    1    1    1    1    1  9.34112E+12 0.00056 
   81   81    1    1    1    1    1    1    1    1  6.91065E+12 0.00073 
   82   82    1    1    1    1    1    1    1    1  5.29644E+12 0.00117 
   83   83    1    1    1    1    1    1    1    1  4.07263E+12 0.00069 
   84   84    1    1    1    1    1    1    1    1  3.79849E+12 0.00057 
   85   85    1    1    1    1    1    1    1    1  2.73435E+12 0.00114 
   86   86    1    1    1    1    1    1    1    1  1.97565E+12 0.00119 
   87   87    1    1    1    1    1    1    1    1  1.84302E+12 0.00185 
   88   88    1    1    1    1    1    1    1    1  1.14114E+12 0.00175 
   89   89    1    1    1    1    1    1    1    1  7.75423E+11 0.00176 
   90   90    1    1    1    1    1    1    1    1  4.47239E+11 0.00201 
   91   91    1    1    1    1    1    1    1    1  5.70637E+11 0.00257 
   92   92    1    1    1    1    1    1    1    1  0.00000E+00 0.00000 
   93   93    1    1    1    1    1    1    1    1  0.00000E+00 0.00000 
   94   94    1    1    1    1    1    1    1    1  0.00000E+00 0.00000 
   95   95    1    1    1    1    1    1    1    1  0.00000E+00 0.00000 
   96   96    1    1    1    1    1    1    1    1  0.00000E+00 0.00000 
   97   97    1    1    1    1    1    1    1    1  0.00000E+00 0.00000 
   98   98    1    1    1    1    1    1    1    1  0.00000E+00 0.00000 
   99   99    1    1    1    1    1    1    1    1  0.00000E+00 0.00000 
  100  100    1    1    1    1    1    1    1    1  0.00000E+00 0.00000 
];


