
DETdpaspec = [
    1    1    1    1    1    1    1    1    1    1  0.00000E+00 0.00000 
    2    2    1    1    1    1    1    1    1    1  0.00000E+00 0.00000 
    3    3    1    1    1    1    1    1    1    1  0.00000E+00 0.00000 
    4    4    1    1    1    1    1    1    1    1  0.00000E+00 0.00000 
    5    5    1    1    1    1    1    1    1    1  0.00000E+00 0.00000 
    6    6    1    1    1    1    1    1    1    1  0.00000E+00 0.00000 
    7    7    1    1    1    1    1    1    1    1  0.00000E+00 0.00000 
    8    8    1    1    1    1    1    1    1    1  0.00000E+00 0.00000 
    9    9    1    1    1    1    1    1    1    1  0.00000E+00 0.00000 
   10   10    1    1    1    1    1    1    1    1  0.00000E+00 0.00000 
   11   11    1    1    1    1    1    1    1    1  0.00000E+00 0.00000 
   12   12    1    1    1    1    1    1    1    1  0.00000E+00 0.00000 
   13   13    1    1    1    1    1    1    1    1  0.00000E+00 0.00000 
   14   14    1    1    1    1    1    1    1    1  0.00000E+00 0.00000 
   15   15    1    1    1    1    1    1    1    1  0.00000E+00 0.00000 
   16   16    1    1    1    1    1    1    1    1  0.00000E+00 0.00000 
   17   17    1    1    1    1    1    1    1    1  0.00000E+00 0.00000 
   18   18    1    1    1    1    1    1    1    1  0.00000E+00 0.00000 
   19   19    1    1    1    1    1    1    1    1  1.84396E+09 0.05748 
   20   20    1    1    1    1    1    1    1    1  3.04104E+08 0.06236 
   21   21    1    1    1    1    1    1    1    1  1.08243E+09 0.05038 
   22   22    1    1    1    1    1    1    1    1  8.18873E+08 0.05133 
   23   23    1    1    1    1    1    1    1    1  1.95185E+09 0.03260 
   24   24    1    1    1    1    1    1    1    1  2.87977E+09 0.02440 
   25   25    1    1    1    1    1    1    1    1  4.62964E+09 0.02919 
   26   26    1    1    1    1    1    1    1    1  5.80166E+09 0.01992 
   27   27    1    1    1    1    1    1    1    1  9.25173E+09 0.01411 
   28   28    1    1    1    1    1    1    1    1  1.68366E+10 0.01255 
   29   29    1    1    1    1    1    1    1    1  3.53305E+10 0.00816 
   30   30    1    1    1    1    1    1    1    1  5.54752E+10 0.00607 
   31   31    1    1    1    1    1    1    1    1  1.65126E+11 0.00486 
   32   32    1    1    1    1    1    1    1    1  5.13187E+11 0.00311 
   33   33    1    1    1    1    1    1    1    1  9.57486E+11 0.00184 
   34   34    1    1    1    1    1    1    1    1  2.21750E+12 0.00157 
   35   35    1    1    1    1    1    1    1    1  3.03445E+12 0.00107 
   36   36    1    1    1    1    1    1    1    1  4.17275E+12 0.00091 
   37   37    1    1    1    1    1    1    1    1  2.91853E+12 0.00072 
   38   38    1    1    1    1    1    1    1    1  9.08116E+11 0.00077 
   39   39    1    1    1    1    1    1    1    1  4.98883E+12 0.00062 
   40   40    1    1    1    1    1    1    1    1  6.68242E+12 0.00057 
   41   41    1    1    1    1    1    1    1    1  1.14061E+13 0.00056 
   42   42    1    1    1    1    1    1    1    1  1.16361E+13 0.00049 
   43   43    1    1    1    1    1    1    1    1  2.42800E+13 0.00039 
   44   44    1    1    1    1    1    1    1    1  2.91647E+13 0.00037 
   45   45    1    1    1    1    1    1    1    1  4.17623E+13 0.00026 
   46   46    1    1    1    1    1    1    1    1  8.20887E+13 0.00025 
   47   47    1    1    1    1    1    1    1    1  3.90456E+13 0.00025 
   48   48    1    1    1    1    1    1    1    1  6.26307E+13 0.00027 
   49   49    1    1    1    1    1    1    1    1  8.74196E+13 0.00016 
   50   50    1    1    1    1    1    1    1    1  8.60318E+13 0.00023 
   51   51    1    1    1    1    1    1    1    1  1.33179E+14 0.00015 
   52   52    1    1    1    1    1    1    1    1  1.06836E+14 0.00016 
   53   53    1    1    1    1    1    1    1    1  1.25370E+14 0.00015 
   54   54    1    1    1    1    1    1    1    1  8.76068E+13 0.00013 
   55   55    1    1    1    1    1    1    1    1  1.06131E+14 0.00014 
   56   56    1    1    1    1    1    1    1    1  7.34028E+13 0.00019 
   57   57    1    1    1    1    1    1    1    1  1.00246E+13 0.00036 
   58   58    1    1    1    1    1    1    1    1  1.45655E+14 0.00018 
   59   59    1    1    1    1    1    1    1    1  6.40663E+13 0.00024 
   60   60    1    1    1    1    1    1    1    1  6.84277E+13 0.00013 
   61   61    1    1    1    1    1    1    1    1  5.28596E+13 0.00016 
   62   62    1    1    1    1    1    1    1    1  5.31273E+13 0.00022 
   63   63    1    1    1    1    1    1    1    1  5.50511E+13 0.00025 
   64   64    1    1    1    1    1    1    1    1  4.61946E+13 0.00022 
   65   65    1    1    1    1    1    1    1    1  3.67185E+13 0.00026 
   66   66    1    1    1    1    1    1    1    1  3.63923E+13 0.00023 
   67   67    1    1    1    1    1    1    1    1  2.64771E+13 0.00027 
   68   68    1    1    1    1    1    1    1    1  2.16621E+13 0.00032 
   69   69    1    1    1    1    1    1    1    1  1.94298E+13 0.00028 
   70   70    1    1    1    1    1    1    1    1  2.33682E+13 0.00037 
   71   71    1    1    1    1    1    1    1    1  1.99450E+13 0.00048 
   72   72    1    1    1    1    1    1    1    1  3.66683E+13 0.00034 
   73   73    1    1    1    1    1    1    1    1  2.60504E+13 0.00039 
   74   74    1    1    1    1    1    1    1    1  1.96165E+13 0.00044 
   75   75    1    1    1    1    1    1    1    1  1.56691E+13 0.00049 
   76   76    1    1    1    1    1    1    1    1  1.29082E+13 0.00061 
   77   77    1    1    1    1    1    1    1    1  1.48220E+13 0.00053 
   78   78    1    1    1    1    1    1    1    1  1.16149E+13 0.00053 
   79   79    1    1    1    1    1    1    1    1  9.18628E+12 0.00078 
   80   80    1    1    1    1    1    1    1    1  9.44510E+12 0.00068 
   81   81    1    1    1    1    1    1    1    1  6.98982E+12 0.00077 
   82   82    1    1    1    1    1    1    1    1  5.37338E+12 0.00079 
   83   83    1    1    1    1    1    1    1    1  4.11665E+12 0.00083 
   84   84    1    1    1    1    1    1    1    1  3.85092E+12 0.00116 
   85   85    1    1    1    1    1    1    1    1  2.77162E+12 0.00100 
   86   86    1    1    1    1    1    1    1    1  1.99798E+12 0.00129 
   87   87    1    1    1    1    1    1    1    1  1.86946E+12 0.00176 
   88   88    1    1    1    1    1    1    1    1  1.15156E+12 0.00172 
   89   89    1    1    1    1    1    1    1    1  7.82274E+11 0.00184 
   90   90    1    1    1    1    1    1    1    1  4.50915E+11 0.00211 
   91   91    1    1    1    1    1    1    1    1  5.79951E+11 0.00228 
   92   92    1    1    1    1    1    1    1    1  0.00000E+00 0.00000 
   93   93    1    1    1    1    1    1    1    1  0.00000E+00 0.00000 
   94   94    1    1    1    1    1    1    1    1  0.00000E+00 0.00000 
   95   95    1    1    1    1    1    1    1    1  0.00000E+00 0.00000 
   96   96    1    1    1    1    1    1    1    1  0.00000E+00 0.00000 
   97   97    1    1    1    1    1    1    1    1  0.00000E+00 0.00000 
   98   98    1    1    1    1    1    1    1    1  0.00000E+00 0.00000 
   99   99    1    1    1    1    1    1    1    1  0.00000E+00 0.00000 
  100  100    1    1    1    1    1    1    1    1  0.00000E+00 0.00000 
];


