
DETdpaspec = [
    1    1    1    1    1    1    1    1    1    1  0.00000E+00 0.00000 
    2    2    1    1    1    1    1    1    1    1  0.00000E+00 0.00000 
    3    3    1    1    1    1    1    1    1    1  0.00000E+00 0.00000 
    4    4    1    1    1    1    1    1    1    1  0.00000E+00 0.00000 
    5    5    1    1    1    1    1    1    1    1  0.00000E+00 0.00000 
    6    6    1    1    1    1    1    1    1    1  0.00000E+00 0.00000 
    7    7    1    1    1    1    1    1    1    1  0.00000E+00 0.00000 
    8    8    1    1    1    1    1    1    1    1  0.00000E+00 0.00000 
    9    9    1    1    1    1    1    1    1    1  0.00000E+00 0.00000 
   10   10    1    1    1    1    1    1    1    1  0.00000E+00 0.00000 
   11   11    1    1    1    1    1    1    1    1  0.00000E+00 0.00000 
   12   12    1    1    1    1    1    1    1    1  0.00000E+00 0.00000 
   13   13    1    1    1    1    1    1    1    1  0.00000E+00 0.00000 
   14   14    1    1    1    1    1    1    1    1  0.00000E+00 0.00000 
   15   15    1    1    1    1    1    1    1    1  0.00000E+00 0.00000 
   16   16    1    1    1    1    1    1    1    1  0.00000E+00 0.00000 
   17   17    1    1    1    1    1    1    1    1  0.00000E+00 0.00000 
   18   18    1    1    1    1    1    1    1    1  0.00000E+00 0.00000 
   19   19    1    1    1    1    1    1    1    1  1.34824E+09 0.10015 
   20   20    1    1    1    1    1    1    1    1  2.12374E+08 0.08564 
   21   21    1    1    1    1    1    1    1    1  7.60037E+08 0.06727 
   22   22    1    1    1    1    1    1    1    1  5.98357E+08 0.05574 
   23   23    1    1    1    1    1    1    1    1  1.24205E+09 0.05528 
   24   24    1    1    1    1    1    1    1    1  1.83814E+09 0.04599 
   25   25    1    1    1    1    1    1    1    1  3.33291E+09 0.02993 
   26   26    1    1    1    1    1    1    1    1  4.53800E+09 0.02463 
   27   27    1    1    1    1    1    1    1    1  8.63302E+09 0.01380 
   28   28    1    1    1    1    1    1    1    1  1.91165E+10 0.01047 
   29   29    1    1    1    1    1    1    1    1  4.86170E+10 0.01102 
   30   30    1    1    1    1    1    1    1    1  8.82019E+10 0.00696 
   31   31    1    1    1    1    1    1    1    1  2.31682E+11 0.00493 
   32   32    1    1    1    1    1    1    1    1  6.72947E+11 0.00335 
   33   33    1    1    1    1    1    1    1    1  1.18347E+12 0.00160 
   34   34    1    1    1    1    1    1    1    1  2.73191E+12 0.00107 
   35   35    1    1    1    1    1    1    1    1  3.76889E+12 0.00104 
   36   36    1    1    1    1    1    1    1    1  4.61195E+12 0.00080 
   37   37    1    1    1    1    1    1    1    1  3.05632E+12 0.00073 
   38   38    1    1    1    1    1    1    1    1  9.21434E+11 0.00071 
   39   39    1    1    1    1    1    1    1    1  5.19248E+12 0.00077 
   40   40    1    1    1    1    1    1    1    1  6.95854E+12 0.00052 
   41   41    1    1    1    1    1    1    1    1  1.19815E+13 0.00046 
   42   42    1    1    1    1    1    1    1    1  1.18587E+13 0.00039 
   43   43    1    1    1    1    1    1    1    1  2.52176E+13 0.00033 
   44   44    1    1    1    1    1    1    1    1  3.02567E+13 0.00030 
   45   45    1    1    1    1    1    1    1    1  4.32348E+13 0.00028 
   46   46    1    1    1    1    1    1    1    1  8.56272E+13 0.00023 
   47   47    1    1    1    1    1    1    1    1  3.98435E+13 0.00025 
   48   48    1    1    1    1    1    1    1    1  6.32038E+13 0.00023 
   49   49    1    1    1    1    1    1    1    1  8.78550E+13 0.00018 
   50   50    1    1    1    1    1    1    1    1  8.55971E+13 0.00024 
   51   51    1    1    1    1    1    1    1    1  1.33565E+14 0.00018 
   52   52    1    1    1    1    1    1    1    1  1.04666E+14 0.00018 
   53   53    1    1    1    1    1    1    1    1  1.24694E+14 0.00016 
   54   54    1    1    1    1    1    1    1    1  8.61998E+13 0.00016 
   55   55    1    1    1    1    1    1    1    1  1.06045E+14 0.00013 
   56   56    1    1    1    1    1    1    1    1  7.27564E+13 0.00012 
   57   57    1    1    1    1    1    1    1    1  9.85349E+12 0.00032 
   58   58    1    1    1    1    1    1    1    1  1.43659E+14 0.00018 
   59   59    1    1    1    1    1    1    1    1  6.45373E+13 0.00024 
   60   60    1    1    1    1    1    1    1    1  6.81534E+13 0.00016 
   61   61    1    1    1    1    1    1    1    1  5.33578E+13 0.00021 
   62   62    1    1    1    1    1    1    1    1  5.33090E+13 0.00022 
   63   63    1    1    1    1    1    1    1    1  5.53352E+13 0.00021 
   64   64    1    1    1    1    1    1    1    1  4.64571E+13 0.00026 
   65   65    1    1    1    1    1    1    1    1  3.67739E+13 0.00026 
   66   66    1    1    1    1    1    1    1    1  3.63228E+13 0.00026 
   67   67    1    1    1    1    1    1    1    1  2.63076E+13 0.00037 
   68   68    1    1    1    1    1    1    1    1  2.13498E+13 0.00041 
   69   69    1    1    1    1    1    1    1    1  1.90851E+13 0.00025 
   70   70    1    1    1    1    1    1    1    1  2.29068E+13 0.00032 
   71   71    1    1    1    1    1    1    1    1  1.94282E+13 0.00044 
   72   72    1    1    1    1    1    1    1    1  3.49583E+13 0.00032 
   73   73    1    1    1    1    1    1    1    1  2.46318E+13 0.00049 
   74   74    1    1    1    1    1    1    1    1  1.85550E+13 0.00026 
   75   75    1    1    1    1    1    1    1    1  1.49916E+13 0.00047 
   76   76    1    1    1    1    1    1    1    1  1.25031E+13 0.00056 
   77   77    1    1    1    1    1    1    1    1  1.45339E+13 0.00052 
   78   78    1    1    1    1    1    1    1    1  1.15433E+13 0.00043 
   79   79    1    1    1    1    1    1    1    1  9.23212E+12 0.00049 
   80   80    1    1    1    1    1    1    1    1  9.55855E+12 0.00046 
   81   81    1    1    1    1    1    1    1    1  7.09371E+12 0.00070 
   82   82    1    1    1    1    1    1    1    1  5.47253E+12 0.00079 
   83   83    1    1    1    1    1    1    1    1  4.20726E+12 0.00075 
   84   84    1    1    1    1    1    1    1    1  3.94197E+12 0.00112 
   85   85    1    1    1    1    1    1    1    1  2.83623E+12 0.00102 
   86   86    1    1    1    1    1    1    1    1  2.05675E+12 0.00111 
   87   87    1    1    1    1    1    1    1    1  1.92026E+12 0.00129 
   88   88    1    1    1    1    1    1    1    1  1.18256E+12 0.00213 
   89   89    1    1    1    1    1    1    1    1  7.96913E+11 0.00174 
   90   90    1    1    1    1    1    1    1    1  4.58569E+11 0.00254 
   91   91    1    1    1    1    1    1    1    1  5.80347E+11 0.00257 
   92   92    1    1    1    1    1    1    1    1  0.00000E+00 0.00000 
   93   93    1    1    1    1    1    1    1    1  0.00000E+00 0.00000 
   94   94    1    1    1    1    1    1    1    1  0.00000E+00 0.00000 
   95   95    1    1    1    1    1    1    1    1  0.00000E+00 0.00000 
   96   96    1    1    1    1    1    1    1    1  0.00000E+00 0.00000 
   97   97    1    1    1    1    1    1    1    1  0.00000E+00 0.00000 
   98   98    1    1    1    1    1    1    1    1  0.00000E+00 0.00000 
   99   99    1    1    1    1    1    1    1    1  0.00000E+00 0.00000 
  100  100    1    1    1    1    1    1    1    1  0.00000E+00 0.00000 
];


