
DETdpaspec = [
    1    1    1    1    1    1    1    1    1    1  0.00000E+00 0.00000 
    2    2    1    1    1    1    1    1    1    1  0.00000E+00 0.00000 
    3    3    1    1    1    1    1    1    1    1  0.00000E+00 0.00000 
    4    4    1    1    1    1    1    1    1    1  0.00000E+00 0.00000 
    5    5    1    1    1    1    1    1    1    1  0.00000E+00 0.00000 
    6    6    1    1    1    1    1    1    1    1  0.00000E+00 0.00000 
    7    7    1    1    1    1    1    1    1    1  0.00000E+00 0.00000 
    8    8    1    1    1    1    1    1    1    1  0.00000E+00 0.00000 
    9    9    1    1    1    1    1    1    1    1  0.00000E+00 0.00000 
   10   10    1    1    1    1    1    1    1    1  0.00000E+00 0.00000 
   11   11    1    1    1    1    1    1    1    1  0.00000E+00 0.00000 
   12   12    1    1    1    1    1    1    1    1  0.00000E+00 0.00000 
   13   13    1    1    1    1    1    1    1    1  0.00000E+00 0.00000 
   14   14    1    1    1    1    1    1    1    1  0.00000E+00 0.00000 
   15   15    1    1    1    1    1    1    1    1  0.00000E+00 0.00000 
   16   16    1    1    1    1    1    1    1    1  0.00000E+00 0.00000 
   17   17    1    1    1    1    1    1    1    1  0.00000E+00 0.00000 
   18   18    1    1    1    1    1    1    1    1  0.00000E+00 0.00000 
   19   19    1    1    1    1    1    1    1    1  7.95891E+08 0.15850 
   20   20    1    1    1    1    1    1    1    1  1.09253E+08 0.10780 
   21   21    1    1    1    1    1    1    1    1  3.79496E+08 0.09790 
   22   22    1    1    1    1    1    1    1    1  4.49086E+08 0.10477 
   23   23    1    1    1    1    1    1    1    1  1.18159E+09 0.06759 
   24   24    1    1    1    1    1    1    1    1  4.00830E+09 0.02564 
   25   25    1    1    1    1    1    1    1    1  1.26353E+10 0.02102 
   26   26    1    1    1    1    1    1    1    1  2.21512E+10 0.01457 
   27   27    1    1    1    1    1    1    1    1  5.09572E+10 0.00785 
   28   28    1    1    1    1    1    1    1    1  1.10479E+11 0.00658 
   29   29    1    1    1    1    1    1    1    1  2.38212E+11 0.00377 
   30   30    1    1    1    1    1    1    1    1  3.92265E+11 0.00338 
   31   31    1    1    1    1    1    1    1    1  7.98487E+11 0.00287 
   32   32    1    1    1    1    1    1    1    1  1.76337E+12 0.00182 
   33   33    1    1    1    1    1    1    1    1  2.64727E+12 0.00138 
   34   34    1    1    1    1    1    1    1    1  5.34069E+12 0.00090 
   35   35    1    1    1    1    1    1    1    1  6.68107E+12 0.00076 
   36   36    1    1    1    1    1    1    1    1  7.02049E+12 0.00061 
   37   37    1    1    1    1    1    1    1    1  4.28067E+12 0.00050 
   38   38    1    1    1    1    1    1    1    1  1.25268E+12 0.00052 
   39   39    1    1    1    1    1    1    1    1  7.09592E+12 0.00059 
   40   40    1    1    1    1    1    1    1    1  9.31914E+12 0.00073 
   41   41    1    1    1    1    1    1    1    1  1.57394E+13 0.00042 
   42   42    1    1    1    1    1    1    1    1  1.49978E+13 0.00039 
   43   43    1    1    1    1    1    1    1    1  3.16203E+13 0.00037 
   44   44    1    1    1    1    1    1    1    1  3.70733E+13 0.00034 
   45   45    1    1    1    1    1    1    1    1  5.16300E+13 0.00025 
   46   46    1    1    1    1    1    1    1    1  9.91432E+13 0.00022 
   47   47    1    1    1    1    1    1    1    1  4.43074E+13 0.00017 
   48   48    1    1    1    1    1    1    1    1  6.90565E+13 0.00020 
   49   49    1    1    1    1    1    1    1    1  9.37638E+13 0.00015 
   50   50    1    1    1    1    1    1    1    1  8.94773E+13 0.00015 
   51   51    1    1    1    1    1    1    1    1  1.37588E+14 0.00014 
   52   52    1    1    1    1    1    1    1    1  1.04503E+14 0.00013 
   53   53    1    1    1    1    1    1    1    1  1.23942E+14 0.00012 
   54   54    1    1    1    1    1    1    1    1  8.39605E+13 0.00016 
   55   55    1    1    1    1    1    1    1    1  1.03179E+14 0.00013 
   56   56    1    1    1    1    1    1    1    1  6.98773E+13 0.00023 
   57   57    1    1    1    1    1    1    1    1  9.39914E+12 0.00027 
   58   58    1    1    1    1    1    1    1    1  1.36229E+14 0.00015 
   59   59    1    1    1    1    1    1    1    1  6.13519E+13 0.00018 
   60   60    1    1    1    1    1    1    1    1  6.39334E+13 0.00022 
   61   61    1    1    1    1    1    1    1    1  5.01142E+13 0.00016 
   62   62    1    1    1    1    1    1    1    1  4.97140E+13 0.00026 
   63   63    1    1    1    1    1    1    1    1  5.13575E+13 0.00022 
   64   64    1    1    1    1    1    1    1    1  4.28172E+13 0.00021 
   65   65    1    1    1    1    1    1    1    1  3.35841E+13 0.00033 
   66   66    1    1    1    1    1    1    1    1  3.29690E+13 0.00025 
   67   67    1    1    1    1    1    1    1    1  2.36781E+13 0.00031 
   68   68    1    1    1    1    1    1    1    1  1.90630E+13 0.00036 
   69   69    1    1    1    1    1    1    1    1  1.69567E+13 0.00035 
   70   70    1    1    1    1    1    1    1    1  2.02362E+13 0.00038 
   71   71    1    1    1    1    1    1    1    1  1.70173E+13 0.00032 
   72   72    1    1    1    1    1    1    1    1  3.00367E+13 0.00037 
   73   73    1    1    1    1    1    1    1    1  2.09062E+13 0.00049 
   74   74    1    1    1    1    1    1    1    1  1.56663E+13 0.00035 
   75   75    1    1    1    1    1    1    1    1  1.26939E+13 0.00048 
   76   76    1    1    1    1    1    1    1    1  1.06261E+13 0.00056 
   77   77    1    1    1    1    1    1    1    1  1.24093E+13 0.00040 
   78   78    1    1    1    1    1    1    1    1  9.89382E+12 0.00055 
   79   79    1    1    1    1    1    1    1    1  7.93902E+12 0.00067 
   80   80    1    1    1    1    1    1    1    1  8.24280E+12 0.00051 
   81   81    1    1    1    1    1    1    1    1  6.11905E+12 0.00075 
   82   82    1    1    1    1    1    1    1    1  4.72370E+12 0.00077 
   83   83    1    1    1    1    1    1    1    1  3.62953E+12 0.00071 
   84   84    1    1    1    1    1    1    1    1  3.39830E+12 0.00105 
   85   85    1    1    1    1    1    1    1    1  2.44753E+12 0.00130 
   86   86    1    1    1    1    1    1    1    1  1.76039E+12 0.00125 
   87   87    1    1    1    1    1    1    1    1  1.64299E+12 0.00122 
   88   88    1    1    1    1    1    1    1    1  1.00741E+12 0.00220 
   89   89    1    1    1    1    1    1    1    1  6.71073E+11 0.00216 
   90   90    1    1    1    1    1    1    1    1  3.90430E+11 0.00220 
   91   91    1    1    1    1    1    1    1    1  4.83345E+11 0.00259 
   92   92    1    1    1    1    1    1    1    1  0.00000E+00 0.00000 
   93   93    1    1    1    1    1    1    1    1  0.00000E+00 0.00000 
   94   94    1    1    1    1    1    1    1    1  0.00000E+00 0.00000 
   95   95    1    1    1    1    1    1    1    1  0.00000E+00 0.00000 
   96   96    1    1    1    1    1    1    1    1  0.00000E+00 0.00000 
   97   97    1    1    1    1    1    1    1    1  0.00000E+00 0.00000 
   98   98    1    1    1    1    1    1    1    1  0.00000E+00 0.00000 
   99   99    1    1    1    1    1    1    1    1  0.00000E+00 0.00000 
  100  100    1    1    1    1    1    1    1    1  0.00000E+00 0.00000 
];


