
DETdpaspec = [
    1    1    1    1    1    1    1    1    1    1  0.00000E+00 0.00000 
    2    2    1    1    1    1    1    1    1    1  0.00000E+00 0.00000 
    3    3    1    1    1    1    1    1    1    1  0.00000E+00 0.00000 
    4    4    1    1    1    1    1    1    1    1  0.00000E+00 0.00000 
    5    5    1    1    1    1    1    1    1    1  0.00000E+00 0.00000 
    6    6    1    1    1    1    1    1    1    1  0.00000E+00 0.00000 
    7    7    1    1    1    1    1    1    1    1  0.00000E+00 0.00000 
    8    8    1    1    1    1    1    1    1    1  0.00000E+00 0.00000 
    9    9    1    1    1    1    1    1    1    1  0.00000E+00 0.00000 
   10   10    1    1    1    1    1    1    1    1  0.00000E+00 0.00000 
   11   11    1    1    1    1    1    1    1    1  0.00000E+00 0.00000 
   12   12    1    1    1    1    1    1    1    1  0.00000E+00 0.00000 
   13   13    1    1    1    1    1    1    1    1  0.00000E+00 0.00000 
   14   14    1    1    1    1    1    1    1    1  0.00000E+00 0.00000 
   15   15    1    1    1    1    1    1    1    1  0.00000E+00 0.00000 
   16   16    1    1    1    1    1    1    1    1  0.00000E+00 0.00000 
   17   17    1    1    1    1    1    1    1    1  0.00000E+00 0.00000 
   18   18    1    1    1    1    1    1    1    1  0.00000E+00 0.00000 
   19   19    1    1    1    1    1    1    1    1  1.05354E+09 0.14054 
   20   20    1    1    1    1    1    1    1    1  8.68240E+07 0.17261 
   21   21    1    1    1    1    1    1    1    1  3.78480E+08 0.10206 
   22   22    1    1    1    1    1    1    1    1  4.60853E+08 0.06668 
   23   23    1    1    1    1    1    1    1    1  1.34075E+09 0.04782 
   24   24    1    1    1    1    1    1    1    1  5.06954E+09 0.02854 
   25   25    1    1    1    1    1    1    1    1  1.76914E+10 0.01436 
   26   26    1    1    1    1    1    1    1    1  3.05308E+10 0.00746 
   27   27    1    1    1    1    1    1    1    1  6.68224E+10 0.00563 
   28   28    1    1    1    1    1    1    1    1  1.40648E+11 0.00466 
   29   29    1    1    1    1    1    1    1    1  2.90617E+11 0.00306 
   30   30    1    1    1    1    1    1    1    1  4.67876E+11 0.00325 
   31   31    1    1    1    1    1    1    1    1  9.22907E+11 0.00252 
   32   32    1    1    1    1    1    1    1    1  1.97514E+12 0.00177 
   33   33    1    1    1    1    1    1    1    1  2.89593E+12 0.00137 
   34   34    1    1    1    1    1    1    1    1  5.73893E+12 0.00100 
   35   35    1    1    1    1    1    1    1    1  7.10003E+12 0.00088 
   36   36    1    1    1    1    1    1    1    1  7.35591E+12 0.00050 
   37   37    1    1    1    1    1    1    1    1  4.45459E+12 0.00061 
   38   38    1    1    1    1    1    1    1    1  1.30041E+12 0.00065 
   39   39    1    1    1    1    1    1    1    1  7.36367E+12 0.00059 
   40   40    1    1    1    1    1    1    1    1  9.63830E+12 0.00048 
   41   41    1    1    1    1    1    1    1    1  1.62345E+13 0.00042 
   42   42    1    1    1    1    1    1    1    1  1.54138E+13 0.00036 
   43   43    1    1    1    1    1    1    1    1  3.24392E+13 0.00034 
   44   44    1    1    1    1    1    1    1    1  3.79360E+13 0.00028 
   45   45    1    1    1    1    1    1    1    1  5.26942E+13 0.00025 
   46   46    1    1    1    1    1    1    1    1  1.00730E+14 0.00022 
   47   47    1    1    1    1    1    1    1    1  4.48067E+13 0.00016 
   48   48    1    1    1    1    1    1    1    1  6.97390E+13 0.00018 
   49   49    1    1    1    1    1    1    1    1  9.44678E+13 0.00014 
   50   50    1    1    1    1    1    1    1    1  8.99407E+13 0.00017 
   51   51    1    1    1    1    1    1    1    1  1.37973E+14 0.00014 
   52   52    1    1    1    1    1    1    1    1  1.04526E+14 0.00015 
   53   53    1    1    1    1    1    1    1    1  1.23781E+14 0.00017 
   54   54    1    1    1    1    1    1    1    1  8.36919E+13 0.00015 
   55   55    1    1    1    1    1    1    1    1  1.02760E+14 0.00021 
   56   56    1    1    1    1    1    1    1    1  6.95077E+13 0.00013 
   57   57    1    1    1    1    1    1    1    1  9.34054E+12 0.00021 
   58   58    1    1    1    1    1    1    1    1  1.35270E+14 0.00018 
   59   59    1    1    1    1    1    1    1    1  6.08580E+13 0.00021 
   60   60    1    1    1    1    1    1    1    1  6.33776E+13 0.00025 
   61   61    1    1    1    1    1    1    1    1  4.96471E+13 0.00019 
   62   62    1    1    1    1    1    1    1    1  4.92033E+13 0.00016 
   63   63    1    1    1    1    1    1    1    1  5.07905E+13 0.00020 
   64   64    1    1    1    1    1    1    1    1  4.23186E+13 0.00017 
   65   65    1    1    1    1    1    1    1    1  3.31843E+13 0.00018 
   66   66    1    1    1    1    1    1    1    1  3.25267E+13 0.00031 
   67   67    1    1    1    1    1    1    1    1  2.33510E+13 0.00026 
   68   68    1    1    1    1    1    1    1    1  1.87824E+13 0.00021 
   69   69    1    1    1    1    1    1    1    1  1.66894E+13 0.00035 
   70   70    1    1    1    1    1    1    1    1  1.99174E+13 0.00034 
   71   71    1    1    1    1    1    1    1    1  1.67311E+13 0.00050 
   72   72    1    1    1    1    1    1    1    1  2.94893E+13 0.00046 
   73   73    1    1    1    1    1    1    1    1  2.04879E+13 0.00031 
   74   74    1    1    1    1    1    1    1    1  1.53562E+13 0.00055 
   75   75    1    1    1    1    1    1    1    1  1.24254E+13 0.00044 
   76   76    1    1    1    1    1    1    1    1  1.04140E+13 0.00064 
   77   77    1    1    1    1    1    1    1    1  1.21520E+13 0.00039 
   78   78    1    1    1    1    1    1    1    1  9.71323E+12 0.00059 
   79   79    1    1    1    1    1    1    1    1  7.78354E+12 0.00053 
   80   80    1    1    1    1    1    1    1    1  8.07997E+12 0.00054 
   81   81    1    1    1    1    1    1    1    1  5.99634E+12 0.00067 
   82   82    1    1    1    1    1    1    1    1  4.62661E+12 0.00063 
   83   83    1    1    1    1    1    1    1    1  3.55438E+12 0.00108 
   84   84    1    1    1    1    1    1    1    1  3.32105E+12 0.00093 
   85   85    1    1    1    1    1    1    1    1  2.39081E+12 0.00087 
   86   86    1    1    1    1    1    1    1    1  1.72438E+12 0.00148 
   87   87    1    1    1    1    1    1    1    1  1.60642E+12 0.00097 
   88   88    1    1    1    1    1    1    1    1  9.79319E+11 0.00135 
   89   89    1    1    1    1    1    1    1    1  6.55655E+11 0.00209 
   90   90    1    1    1    1    1    1    1    1  3.77151E+11 0.00282 
   91   91    1    1    1    1    1    1    1    1  4.69412E+11 0.00177 
   92   92    1    1    1    1    1    1    1    1  0.00000E+00 0.00000 
   93   93    1    1    1    1    1    1    1    1  0.00000E+00 0.00000 
   94   94    1    1    1    1    1    1    1    1  0.00000E+00 0.00000 
   95   95    1    1    1    1    1    1    1    1  0.00000E+00 0.00000 
   96   96    1    1    1    1    1    1    1    1  0.00000E+00 0.00000 
   97   97    1    1    1    1    1    1    1    1  0.00000E+00 0.00000 
   98   98    1    1    1    1    1    1    1    1  0.00000E+00 0.00000 
   99   99    1    1    1    1    1    1    1    1  0.00000E+00 0.00000 
  100  100    1    1    1    1    1    1    1    1  0.00000E+00 0.00000 
];


