
DETdpaspec = [
    1    1    1    1    1    1    1    1    1    1  0.00000E+00 0.00000 
    2    2    1    1    1    1    1    1    1    1  0.00000E+00 0.00000 
    3    3    1    1    1    1    1    1    1    1  0.00000E+00 0.00000 
    4    4    1    1    1    1    1    1    1    1  0.00000E+00 0.00000 
    5    5    1    1    1    1    1    1    1    1  0.00000E+00 0.00000 
    6    6    1    1    1    1    1    1    1    1  0.00000E+00 0.00000 
    7    7    1    1    1    1    1    1    1    1  0.00000E+00 0.00000 
    8    8    1    1    1    1    1    1    1    1  0.00000E+00 0.00000 
    9    9    1    1    1    1    1    1    1    1  0.00000E+00 0.00000 
   10   10    1    1    1    1    1    1    1    1  0.00000E+00 0.00000 
   11   11    1    1    1    1    1    1    1    1  0.00000E+00 0.00000 
   12   12    1    1    1    1    1    1    1    1  0.00000E+00 0.00000 
   13   13    1    1    1    1    1    1    1    1  0.00000E+00 0.00000 
   14   14    1    1    1    1    1    1    1    1  0.00000E+00 0.00000 
   15   15    1    1    1    1    1    1    1    1  0.00000E+00 0.00000 
   16   16    1    1    1    1    1    1    1    1  0.00000E+00 0.00000 
   17   17    1    1    1    1    1    1    1    1  0.00000E+00 0.00000 
   18   18    1    1    1    1    1    1    1    1  0.00000E+00 0.00000 
   19   19    1    1    1    1    1    1    1    1  1.52698E+09 0.06469 
   20   20    1    1    1    1    1    1    1    1  1.95489E+08 0.07467 
   21   21    1    1    1    1    1    1    1    1  7.71430E+08 0.08454 
   22   22    1    1    1    1    1    1    1    1  5.58495E+08 0.04888 
   23   23    1    1    1    1    1    1    1    1  1.32164E+09 0.03883 
   24   24    1    1    1    1    1    1    1    1  2.00202E+09 0.04150 
   25   25    1    1    1    1    1    1    1    1  3.52150E+09 0.02521 
   26   26    1    1    1    1    1    1    1    1  4.79294E+09 0.02386 
   27   27    1    1    1    1    1    1    1    1  8.22069E+09 0.01687 
   28   28    1    1    1    1    1    1    1    1  1.63437E+10 0.01377 
   29   29    1    1    1    1    1    1    1    1  3.99487E+10 0.01099 
   30   30    1    1    1    1    1    1    1    1  6.90926E+10 0.00727 
   31   31    1    1    1    1    1    1    1    1  1.88248E+11 0.00422 
   32   32    1    1    1    1    1    1    1    1  5.70682E+11 0.00240 
   33   33    1    1    1    1    1    1    1    1  1.03140E+12 0.00160 
   34   34    1    1    1    1    1    1    1    1  2.42402E+12 0.00137 
   35   35    1    1    1    1    1    1    1    1  3.36862E+12 0.00102 
   36   36    1    1    1    1    1    1    1    1  4.30111E+12 0.00086 
   37   37    1    1    1    1    1    1    1    1  2.91550E+12 0.00072 
   38   38    1    1    1    1    1    1    1    1  8.88146E+11 0.00068 
   39   39    1    1    1    1    1    1    1    1  4.96976E+12 0.00055 
   40   40    1    1    1    1    1    1    1    1  6.67462E+12 0.00046 
   41   41    1    1    1    1    1    1    1    1  1.14924E+13 0.00047 
   42   42    1    1    1    1    1    1    1    1  1.15045E+13 0.00041 
   43   43    1    1    1    1    1    1    1    1  2.43881E+13 0.00041 
   44   44    1    1    1    1    1    1    1    1  2.93546E+13 0.00045 
   45   45    1    1    1    1    1    1    1    1  4.20849E+13 0.00031 
   46   46    1    1    1    1    1    1    1    1  8.34983E+13 0.00021 
   47   47    1    1    1    1    1    1    1    1  3.92176E+13 0.00024 
   48   48    1    1    1    1    1    1    1    1  6.25098E+13 0.00025 
   49   49    1    1    1    1    1    1    1    1  8.71969E+13 0.00017 
   50   50    1    1    1    1    1    1    1    1  8.52971E+13 0.00019 
   51   51    1    1    1    1    1    1    1    1  1.33035E+14 0.00015 
   52   52    1    1    1    1    1    1    1    1  1.05134E+14 0.00021 
   53   53    1    1    1    1    1    1    1    1  1.24938E+14 0.00019 
   54   54    1    1    1    1    1    1    1    1  8.66890E+13 0.00016 
   55   55    1    1    1    1    1    1    1    1  1.06320E+14 0.00018 
   56   56    1    1    1    1    1    1    1    1  7.31620E+13 0.00012 
   57   57    1    1    1    1    1    1    1    1  9.93364E+12 0.00033 
   58   58    1    1    1    1    1    1    1    1  1.44763E+14 0.00017 
   59   59    1    1    1    1    1    1    1    1  6.46869E+13 0.00020 
   60   60    1    1    1    1    1    1    1    1  6.85784E+13 0.00028 
   61   61    1    1    1    1    1    1    1    1  5.35073E+13 0.00020 
   62   62    1    1    1    1    1    1    1    1  5.35717E+13 0.00016 
   63   63    1    1    1    1    1    1    1    1  5.56366E+13 0.00022 
   64   64    1    1    1    1    1    1    1    1  4.67335E+13 0.00027 
   65   65    1    1    1    1    1    1    1    1  3.70567E+13 0.00035 
   66   66    1    1    1    1    1    1    1    1  3.66595E+13 0.00026 
   67   67    1    1    1    1    1    1    1    1  2.66051E+13 0.00015 
   68   68    1    1    1    1    1    1    1    1  2.16384E+13 0.00037 
   69   69    1    1    1    1    1    1    1    1  1.93610E+13 0.00031 
   70   70    1    1    1    1    1    1    1    1  2.32771E+13 0.00041 
   71   71    1    1    1    1    1    1    1    1  1.97813E+13 0.00054 
   72   72    1    1    1    1    1    1    1    1  3.58366E+13 0.00046 
   73   73    1    1    1    1    1    1    1    1  2.53488E+13 0.00031 
   74   74    1    1    1    1    1    1    1    1  1.91100E+13 0.00042 
   75   75    1    1    1    1    1    1    1    1  1.53892E+13 0.00038 
   76   76    1    1    1    1    1    1    1    1  1.27805E+13 0.00052 
   77   77    1    1    1    1    1    1    1    1  1.48204E+13 0.00063 
   78   78    1    1    1    1    1    1    1    1  1.17445E+13 0.00049 
   79   79    1    1    1    1    1    1    1    1  9.35547E+12 0.00061 
   80   80    1    1    1    1    1    1    1    1  9.66359E+12 0.00074 
   81   81    1    1    1    1    1    1    1    1  7.16525E+12 0.00066 
   82   82    1    1    1    1    1    1    1    1  5.53041E+12 0.00065 
   83   83    1    1    1    1    1    1    1    1  4.25242E+12 0.00071 
   84   84    1    1    1    1    1    1    1    1  3.98368E+12 0.00098 
   85   85    1    1    1    1    1    1    1    1  2.86650E+12 0.00106 
   86   86    1    1    1    1    1    1    1    1  2.07052E+12 0.00134 
   87   87    1    1    1    1    1    1    1    1  1.93041E+12 0.00139 
   88   88    1    1    1    1    1    1    1    1  1.19511E+12 0.00173 
   89   89    1    1    1    1    1    1    1    1  8.07907E+11 0.00166 
   90   90    1    1    1    1    1    1    1    1  4.65582E+11 0.00341 
   91   91    1    1    1    1    1    1    1    1  5.90682E+11 0.00284 
   92   92    1    1    1    1    1    1    1    1  0.00000E+00 0.00000 
   93   93    1    1    1    1    1    1    1    1  0.00000E+00 0.00000 
   94   94    1    1    1    1    1    1    1    1  0.00000E+00 0.00000 
   95   95    1    1    1    1    1    1    1    1  0.00000E+00 0.00000 
   96   96    1    1    1    1    1    1    1    1  0.00000E+00 0.00000 
   97   97    1    1    1    1    1    1    1    1  0.00000E+00 0.00000 
   98   98    1    1    1    1    1    1    1    1  0.00000E+00 0.00000 
   99   99    1    1    1    1    1    1    1    1  0.00000E+00 0.00000 
  100  100    1    1    1    1    1    1    1    1  0.00000E+00 0.00000 
];


