
DETdpaspec = [
    1    1    1    1    1    1    1    1    1    1  0.00000E+00 0.00000 
    2    2    1    1    1    1    1    1    1    1  0.00000E+00 0.00000 
    3    3    1    1    1    1    1    1    1    1  0.00000E+00 0.00000 
    4    4    1    1    1    1    1    1    1    1  0.00000E+00 0.00000 
    5    5    1    1    1    1    1    1    1    1  0.00000E+00 0.00000 
    6    6    1    1    1    1    1    1    1    1  0.00000E+00 0.00000 
    7    7    1    1    1    1    1    1    1    1  0.00000E+00 0.00000 
    8    8    1    1    1    1    1    1    1    1  0.00000E+00 0.00000 
    9    9    1    1    1    1    1    1    1    1  0.00000E+00 0.00000 
   10   10    1    1    1    1    1    1    1    1  0.00000E+00 0.00000 
   11   11    1    1    1    1    1    1    1    1  0.00000E+00 0.00000 
   12   12    1    1    1    1    1    1    1    1  0.00000E+00 0.00000 
   13   13    1    1    1    1    1    1    1    1  0.00000E+00 0.00000 
   14   14    1    1    1    1    1    1    1    1  0.00000E+00 0.00000 
   15   15    1    1    1    1    1    1    1    1  0.00000E+00 0.00000 
   16   16    1    1    1    1    1    1    1    1  0.00000E+00 0.00000 
   17   17    1    1    1    1    1    1    1    1  0.00000E+00 0.00000 
   18   18    1    1    1    1    1    1    1    1  0.00000E+00 0.00000 
   19   19    1    1    1    1    1    1    1    1  1.62902E+09 0.05877 
   20   20    1    1    1    1    1    1    1    1  2.26909E+08 0.06726 
   21   21    1    1    1    1    1    1    1    1  7.56717E+08 0.06223 
   22   22    1    1    1    1    1    1    1    1  6.39824E+08 0.06243 
   23   23    1    1    1    1    1    1    1    1  1.58442E+09 0.05095 
   24   24    1    1    1    1    1    1    1    1  2.41049E+09 0.03030 
   25   25    1    1    1    1    1    1    1    1  3.95575E+09 0.02526 
   26   26    1    1    1    1    1    1    1    1  4.64405E+09 0.01558 
   27   27    1    1    1    1    1    1    1    1  7.96655E+09 0.01703 
   28   28    1    1    1    1    1    1    1    1  1.58857E+10 0.01160 
   29   29    1    1    1    1    1    1    1    1  3.64157E+10 0.00937 
   30   30    1    1    1    1    1    1    1    1  6.15991E+10 0.00730 
   31   31    1    1    1    1    1    1    1    1  1.73936E+11 0.00530 
   32   32    1    1    1    1    1    1    1    1  5.32231E+11 0.00287 
   33   33    1    1    1    1    1    1    1    1  9.76361E+11 0.00180 
   34   34    1    1    1    1    1    1    1    1  2.29179E+12 0.00118 
   35   35    1    1    1    1    1    1    1    1  3.17569E+12 0.00103 
   36   36    1    1    1    1    1    1    1    1  4.18541E+12 0.00069 
   37   37    1    1    1    1    1    1    1    1  2.87329E+12 0.00059 
   38   38    1    1    1    1    1    1    1    1  8.83028E+11 0.00064 
   39   39    1    1    1    1    1    1    1    1  4.91512E+12 0.00054 
   40   40    1    1    1    1    1    1    1    1  6.59945E+12 0.00061 
   41   41    1    1    1    1    1    1    1    1  1.13386E+13 0.00059 
   42   42    1    1    1    1    1    1    1    1  1.14348E+13 0.00054 
   43   43    1    1    1    1    1    1    1    1  2.41384E+13 0.00045 
   44   44    1    1    1    1    1    1    1    1  2.90632E+13 0.00037 
   45   45    1    1    1    1    1    1    1    1  4.16836E+13 0.00034 
   46   46    1    1    1    1    1    1    1    1  8.25951E+13 0.00026 
   47   47    1    1    1    1    1    1    1    1  3.90054E+13 0.00019 
   48   48    1    1    1    1    1    1    1    1  6.23296E+13 0.00016 
   49   49    1    1    1    1    1    1    1    1  8.70238E+13 0.00013 
   50   50    1    1    1    1    1    1    1    1  8.53621E+13 0.00017 
   51   51    1    1    1    1    1    1    1    1  1.32888E+14 0.00015 
   52   52    1    1    1    1    1    1    1    1  1.05632E+14 0.00022 
   53   53    1    1    1    1    1    1    1    1  1.25013E+14 0.00016 
   54   54    1    1    1    1    1    1    1    1  8.70557E+13 0.00021 
   55   55    1    1    1    1    1    1    1    1  1.06331E+14 0.00020 
   56   56    1    1    1    1    1    1    1    1  7.33260E+13 0.00019 
   57   57    1    1    1    1    1    1    1    1  9.97710E+12 0.00042 
   58   58    1    1    1    1    1    1    1    1  1.45280E+14 0.00017 
   59   59    1    1    1    1    1    1    1    1  6.45876E+13 0.00022 
   60   60    1    1    1    1    1    1    1    1  6.86697E+13 0.00022 
   61   61    1    1    1    1    1    1    1    1  5.34124E+13 0.00024 
   62   62    1    1    1    1    1    1    1    1  5.35598E+13 0.00014 
   63   63    1    1    1    1    1    1    1    1  5.55776E+13 0.00018 
   64   64    1    1    1    1    1    1    1    1  4.66858E+13 0.00029 
   65   65    1    1    1    1    1    1    1    1  3.70630E+13 0.00029 
   66   66    1    1    1    1    1    1    1    1  3.66907E+13 0.00029 
   67   67    1    1    1    1    1    1    1    1  2.66743E+13 0.00039 
   68   68    1    1    1    1    1    1    1    1  2.17388E+13 0.00047 
   69   69    1    1    1    1    1    1    1    1  1.94791E+13 0.00062 
   70   70    1    1    1    1    1    1    1    1  2.34454E+13 0.00040 
   71   71    1    1    1    1    1    1    1    1  1.99561E+13 0.00048 
   72   72    1    1    1    1    1    1    1    1  3.62983E+13 0.00023 
   73   73    1    1    1    1    1    1    1    1  2.57010E+13 0.00038 
   74   74    1    1    1    1    1    1    1    1  1.93868E+13 0.00042 
   75   75    1    1    1    1    1    1    1    1  1.55687E+13 0.00076 
   76   76    1    1    1    1    1    1    1    1  1.28965E+13 0.00051 
   77   77    1    1    1    1    1    1    1    1  1.49086E+13 0.00048 
   78   78    1    1    1    1    1    1    1    1  1.17698E+13 0.00055 
   79   79    1    1    1    1    1    1    1    1  9.34105E+12 0.00054 
   80   80    1    1    1    1    1    1    1    1  9.64363E+12 0.00036 
   81   81    1    1    1    1    1    1    1    1  7.14450E+12 0.00075 
   82   82    1    1    1    1    1    1    1    1  5.50486E+12 0.00092 
   83   83    1    1    1    1    1    1    1    1  4.22996E+12 0.00086 
   84   84    1    1    1    1    1    1    1    1  3.96028E+12 0.00091 
   85   85    1    1    1    1    1    1    1    1  2.85275E+12 0.00097 
   86   86    1    1    1    1    1    1    1    1  2.06118E+12 0.00144 
   87   87    1    1    1    1    1    1    1    1  1.92542E+12 0.00156 
   88   88    1    1    1    1    1    1    1    1  1.18952E+12 0.00145 
   89   89    1    1    1    1    1    1    1    1  8.04139E+11 0.00232 
   90   90    1    1    1    1    1    1    1    1  4.61730E+11 0.00285 
   91   91    1    1    1    1    1    1    1    1  5.89665E+11 0.00203 
   92   92    1    1    1    1    1    1    1    1  0.00000E+00 0.00000 
   93   93    1    1    1    1    1    1    1    1  0.00000E+00 0.00000 
   94   94    1    1    1    1    1    1    1    1  0.00000E+00 0.00000 
   95   95    1    1    1    1    1    1    1    1  0.00000E+00 0.00000 
   96   96    1    1    1    1    1    1    1    1  0.00000E+00 0.00000 
   97   97    1    1    1    1    1    1    1    1  0.00000E+00 0.00000 
   98   98    1    1    1    1    1    1    1    1  0.00000E+00 0.00000 
   99   99    1    1    1    1    1    1    1    1  0.00000E+00 0.00000 
  100  100    1    1    1    1    1    1    1    1  0.00000E+00 0.00000 
];


