
DETdpaspec = [
    1    1    1    1    1    1    1    1    1    1  0.00000E+00 0.00000 
    2    2    1    1    1    1    1    1    1    1  0.00000E+00 0.00000 
    3    3    1    1    1    1    1    1    1    1  0.00000E+00 0.00000 
    4    4    1    1    1    1    1    1    1    1  0.00000E+00 0.00000 
    5    5    1    1    1    1    1    1    1    1  0.00000E+00 0.00000 
    6    6    1    1    1    1    1    1    1    1  0.00000E+00 0.00000 
    7    7    1    1    1    1    1    1    1    1  0.00000E+00 0.00000 
    8    8    1    1    1    1    1    1    1    1  0.00000E+00 0.00000 
    9    9    1    1    1    1    1    1    1    1  0.00000E+00 0.00000 
   10   10    1    1    1    1    1    1    1    1  0.00000E+00 0.00000 
   11   11    1    1    1    1    1    1    1    1  0.00000E+00 0.00000 
   12   12    1    1    1    1    1    1    1    1  0.00000E+00 0.00000 
   13   13    1    1    1    1    1    1    1    1  0.00000E+00 0.00000 
   14   14    1    1    1    1    1    1    1    1  0.00000E+00 0.00000 
   15   15    1    1    1    1    1    1    1    1  0.00000E+00 0.00000 
   16   16    1    1    1    1    1    1    1    1  0.00000E+00 0.00000 
   17   17    1    1    1    1    1    1    1    1  0.00000E+00 0.00000 
   18   18    1    1    1    1    1    1    1    1  0.00000E+00 0.00000 
   19   19    1    1    1    1    1    1    1    1  1.87646E+09 0.05100 
   20   20    1    1    1    1    1    1    1    1  2.92309E+08 0.08098 
   21   21    1    1    1    1    1    1    1    1  9.79918E+08 0.05364 
   22   22    1    1    1    1    1    1    1    1  7.50082E+08 0.05826 
   23   23    1    1    1    1    1    1    1    1  1.89643E+09 0.03270 
   24   24    1    1    1    1    1    1    1    1  2.80291E+09 0.03219 
   25   25    1    1    1    1    1    1    1    1  4.36468E+09 0.02927 
   26   26    1    1    1    1    1    1    1    1  5.51508E+09 0.01871 
   27   27    1    1    1    1    1    1    1    1  9.18714E+09 0.01556 
   28   28    1    1    1    1    1    1    1    1  1.67641E+10 0.01137 
   29   29    1    1    1    1    1    1    1    1  3.58676E+10 0.00875 
   30   30    1    1    1    1    1    1    1    1  5.68745E+10 0.00612 
   31   31    1    1    1    1    1    1    1    1  1.67791E+11 0.00526 
   32   32    1    1    1    1    1    1    1    1  5.16172E+11 0.00282 
   33   33    1    1    1    1    1    1    1    1  9.52930E+11 0.00178 
   34   34    1    1    1    1    1    1    1    1  2.21827E+12 0.00105 
   35   35    1    1    1    1    1    1    1    1  3.04196E+12 0.00111 
   36   36    1    1    1    1    1    1    1    1  4.16196E+12 0.00090 
   37   37    1    1    1    1    1    1    1    1  2.90688E+12 0.00075 
   38   38    1    1    1    1    1    1    1    1  9.02932E+11 0.00081 
   39   39    1    1    1    1    1    1    1    1  4.96380E+12 0.00068 
   40   40    1    1    1    1    1    1    1    1  6.65675E+12 0.00073 
   41   41    1    1    1    1    1    1    1    1  1.13699E+13 0.00038 
   42   42    1    1    1    1    1    1    1    1  1.15765E+13 0.00048 
   43   43    1    1    1    1    1    1    1    1  2.42246E+13 0.00046 
   44   44    1    1    1    1    1    1    1    1  2.91034E+13 0.00035 
   45   45    1    1    1    1    1    1    1    1  4.16889E+13 0.00034 
   46   46    1    1    1    1    1    1    1    1  8.20922E+13 0.00023 
   47   47    1    1    1    1    1    1    1    1  3.90058E+13 0.00020 
   48   48    1    1    1    1    1    1    1    1  6.25667E+13 0.00021 
   49   49    1    1    1    1    1    1    1    1  8.73613E+13 0.00015 
   50   50    1    1    1    1    1    1    1    1  8.59575E+13 0.00016 
   51   51    1    1    1    1    1    1    1    1  1.33153E+14 0.00019 
   52   52    1    1    1    1    1    1    1    1  1.06672E+14 0.00013 
   53   53    1    1    1    1    1    1    1    1  1.25299E+14 0.00015 
   54   54    1    1    1    1    1    1    1    1  8.75685E+13 0.00014 
   55   55    1    1    1    1    1    1    1    1  1.06182E+14 0.00021 
   56   56    1    1    1    1    1    1    1    1  7.34121E+13 0.00016 
   57   57    1    1    1    1    1    1    1    1  1.00153E+13 0.00028 
   58   58    1    1    1    1    1    1    1    1  1.45634E+14 0.00016 
   59   59    1    1    1    1    1    1    1    1  6.41610E+13 0.00021 
   60   60    1    1    1    1    1    1    1    1  6.84812E+13 0.00025 
   61   61    1    1    1    1    1    1    1    1  5.29426E+13 0.00023 
   62   62    1    1    1    1    1    1    1    1  5.31961E+13 0.00029 
   63   63    1    1    1    1    1    1    1    1  5.51658E+13 0.00027 
   64   64    1    1    1    1    1    1    1    1  4.62820E+13 0.00026 
   65   65    1    1    1    1    1    1    1    1  3.67848E+13 0.00028 
   66   66    1    1    1    1    1    1    1    1  3.64484E+13 0.00031 
   67   67    1    1    1    1    1    1    1    1  2.64929E+13 0.00037 
   68   68    1    1    1    1    1    1    1    1  2.16702E+13 0.00038 
   69   69    1    1    1    1    1    1    1    1  1.94463E+13 0.00043 
   70   70    1    1    1    1    1    1    1    1  2.33981E+13 0.00046 
   71   71    1    1    1    1    1    1    1    1  1.99532E+13 0.00044 
   72   72    1    1    1    1    1    1    1    1  3.66310E+13 0.00033 
   73   73    1    1    1    1    1    1    1    1  2.60200E+13 0.00043 
   74   74    1    1    1    1    1    1    1    1  1.95910E+13 0.00050 
   75   75    1    1    1    1    1    1    1    1  1.56694E+13 0.00039 
   76   76    1    1    1    1    1    1    1    1  1.29176E+13 0.00045 
   77   77    1    1    1    1    1    1    1    1  1.48449E+13 0.00060 
   78   78    1    1    1    1    1    1    1    1  1.16441E+13 0.00072 
   79   79    1    1    1    1    1    1    1    1  9.22065E+12 0.00061 
   80   80    1    1    1    1    1    1    1    1  9.47259E+12 0.00060 
   81   81    1    1    1    1    1    1    1    1  7.01182E+12 0.00079 
   82   82    1    1    1    1    1    1    1    1  5.38547E+12 0.00064 
   83   83    1    1    1    1    1    1    1    1  4.14096E+12 0.00094 
   84   84    1    1    1    1    1    1    1    1  3.87279E+12 0.00098 
   85   85    1    1    1    1    1    1    1    1  2.78274E+12 0.00115 
   86   86    1    1    1    1    1    1    1    1  2.00468E+12 0.00105 
   87   87    1    1    1    1    1    1    1    1  1.87935E+12 0.00095 
   88   88    1    1    1    1    1    1    1    1  1.16038E+12 0.00174 
   89   89    1    1    1    1    1    1    1    1  7.83421E+11 0.00196 
   90   90    1    1    1    1    1    1    1    1  4.54681E+11 0.00273 
   91   91    1    1    1    1    1    1    1    1  5.80431E+11 0.00251 
   92   92    1    1    1    1    1    1    1    1  0.00000E+00 0.00000 
   93   93    1    1    1    1    1    1    1    1  0.00000E+00 0.00000 
   94   94    1    1    1    1    1    1    1    1  0.00000E+00 0.00000 
   95   95    1    1    1    1    1    1    1    1  0.00000E+00 0.00000 
   96   96    1    1    1    1    1    1    1    1  0.00000E+00 0.00000 
   97   97    1    1    1    1    1    1    1    1  0.00000E+00 0.00000 
   98   98    1    1    1    1    1    1    1    1  0.00000E+00 0.00000 
   99   99    1    1    1    1    1    1    1    1  0.00000E+00 0.00000 
  100  100    1    1    1    1    1    1    1    1  0.00000E+00 0.00000 
];


