
DETdpaspec = [
    1    1    1    1    1    1    1    1    1    1  0.00000E+00 0.00000 
    2    2    1    1    1    1    1    1    1    1  0.00000E+00 0.00000 
    3    3    1    1    1    1    1    1    1    1  0.00000E+00 0.00000 
    4    4    1    1    1    1    1    1    1    1  0.00000E+00 0.00000 
    5    5    1    1    1    1    1    1    1    1  0.00000E+00 0.00000 
    6    6    1    1    1    1    1    1    1    1  0.00000E+00 0.00000 
    7    7    1    1    1    1    1    1    1    1  0.00000E+00 0.00000 
    8    8    1    1    1    1    1    1    1    1  0.00000E+00 0.00000 
    9    9    1    1    1    1    1    1    1    1  0.00000E+00 0.00000 
   10   10    1    1    1    1    1    1    1    1  0.00000E+00 0.00000 
   11   11    1    1    1    1    1    1    1    1  0.00000E+00 0.00000 
   12   12    1    1    1    1    1    1    1    1  0.00000E+00 0.00000 
   13   13    1    1    1    1    1    1    1    1  0.00000E+00 0.00000 
   14   14    1    1    1    1    1    1    1    1  0.00000E+00 0.00000 
   15   15    1    1    1    1    1    1    1    1  0.00000E+00 0.00000 
   16   16    1    1    1    1    1    1    1    1  0.00000E+00 0.00000 
   17   17    1    1    1    1    1    1    1    1  0.00000E+00 0.00000 
   18   18    1    1    1    1    1    1    1    1  0.00000E+00 0.00000 
   19   19    1    1    1    1    1    1    1    1  1.76395E+09 0.05930 
   20   20    1    1    1    1    1    1    1    1  2.81751E+08 0.07243 
   21   21    1    1    1    1    1    1    1    1  1.13829E+09 0.05204 
   22   22    1    1    1    1    1    1    1    1  7.69198E+08 0.05391 
   23   23    1    1    1    1    1    1    1    1  1.99381E+09 0.03800 
   24   24    1    1    1    1    1    1    1    1  2.60872E+09 0.02312 
   25   25    1    1    1    1    1    1    1    1  4.36522E+09 0.02315 
   26   26    1    1    1    1    1    1    1    1  5.44950E+09 0.02269 
   27   27    1    1    1    1    1    1    1    1  9.13924E+09 0.01860 
   28   28    1    1    1    1    1    1    1    1  1.66861E+10 0.01062 
   29   29    1    1    1    1    1    1    1    1  3.55150E+10 0.00859 
   30   30    1    1    1    1    1    1    1    1  5.62948E+10 0.00823 
   31   31    1    1    1    1    1    1    1    1  1.65084E+11 0.00507 
   32   32    1    1    1    1    1    1    1    1  5.13083E+11 0.00199 
   33   33    1    1    1    1    1    1    1    1  9.52734E+11 0.00189 
   34   34    1    1    1    1    1    1    1    1  2.21774E+12 0.00122 
   35   35    1    1    1    1    1    1    1    1  3.04402E+12 0.00081 
   36   36    1    1    1    1    1    1    1    1  4.15688E+12 0.00074 
   37   37    1    1    1    1    1    1    1    1  2.89771E+12 0.00061 
   38   38    1    1    1    1    1    1    1    1  9.00424E+11 0.00081 
   39   39    1    1    1    1    1    1    1    1  4.95092E+12 0.00069 
   40   40    1    1    1    1    1    1    1    1  6.63603E+12 0.00061 
   41   41    1    1    1    1    1    1    1    1  1.13463E+13 0.00041 
   42   42    1    1    1    1    1    1    1    1  1.15560E+13 0.00039 
   43   43    1    1    1    1    1    1    1    1  2.41948E+13 0.00035 
   44   44    1    1    1    1    1    1    1    1  2.90914E+13 0.00041 
   45   45    1    1    1    1    1    1    1    1  4.16833E+13 0.00036 
   46   46    1    1    1    1    1    1    1    1  8.21123E+13 0.00021 
   47   47    1    1    1    1    1    1    1    1  3.89950E+13 0.00023 
   48   48    1    1    1    1    1    1    1    1  6.25193E+13 0.00023 
   49   49    1    1    1    1    1    1    1    1  8.73086E+13 0.00019 
   50   50    1    1    1    1    1    1    1    1  8.59056E+13 0.00013 
   51   51    1    1    1    1    1    1    1    1  1.33130E+14 0.00017 
   52   52    1    1    1    1    1    1    1    1  1.06590E+14 0.00018 
   53   53    1    1    1    1    1    1    1    1  1.25288E+14 0.00024 
   54   54    1    1    1    1    1    1    1    1  8.75148E+13 0.00018 
   55   55    1    1    1    1    1    1    1    1  1.06174E+14 0.00021 
   56   56    1    1    1    1    1    1    1    1  7.34121E+13 0.00020 
   57   57    1    1    1    1    1    1    1    1  1.00152E+13 0.00038 
   58   58    1    1    1    1    1    1    1    1  1.45633E+14 0.00013 
   59   59    1    1    1    1    1    1    1    1  6.41820E+13 0.00019 
   60   60    1    1    1    1    1    1    1    1  6.85129E+13 0.00012 
   61   61    1    1    1    1    1    1    1    1  5.29819E+13 0.00020 
   62   62    1    1    1    1    1    1    1    1  5.32226E+13 0.00024 
   63   63    1    1    1    1    1    1    1    1  5.52053E+13 0.00028 
   64   64    1    1    1    1    1    1    1    1  4.62965E+13 0.00030 
   65   65    1    1    1    1    1    1    1    1  3.68123E+13 0.00028 
   66   66    1    1    1    1    1    1    1    1  3.64618E+13 0.00028 
   67   67    1    1    1    1    1    1    1    1  2.65227E+13 0.00027 
   68   68    1    1    1    1    1    1    1    1  2.16816E+13 0.00033 
   69   69    1    1    1    1    1    1    1    1  1.94672E+13 0.00039 
   70   70    1    1    1    1    1    1    1    1  2.34202E+13 0.00036 
   71   71    1    1    1    1    1    1    1    1  1.99799E+13 0.00057 
   72   72    1    1    1    1    1    1    1    1  3.66311E+13 0.00047 
   73   73    1    1    1    1    1    1    1    1  2.60148E+13 0.00043 
   74   74    1    1    1    1    1    1    1    1  1.96154E+13 0.00032 
   75   75    1    1    1    1    1    1    1    1  1.56759E+13 0.00030 
   76   76    1    1    1    1    1    1    1    1  1.29171E+13 0.00058 
   77   77    1    1    1    1    1    1    1    1  1.48596E+13 0.00033 
   78   78    1    1    1    1    1    1    1    1  1.16604E+13 0.00054 
   79   79    1    1    1    1    1    1    1    1  9.23152E+12 0.00040 
   80   80    1    1    1    1    1    1    1    1  9.49663E+12 0.00067 
   81   81    1    1    1    1    1    1    1    1  7.01904E+12 0.00054 
   82   82    1    1    1    1    1    1    1    1  5.40189E+12 0.00081 
   83   83    1    1    1    1    1    1    1    1  4.14820E+12 0.00093 
   84   84    1    1    1    1    1    1    1    1  3.87898E+12 0.00072 
   85   85    1    1    1    1    1    1    1    1  2.79015E+12 0.00126 
   86   86    1    1    1    1    1    1    1    1  2.00782E+12 0.00107 
   87   87    1    1    1    1    1    1    1    1  1.88211E+12 0.00147 
   88   88    1    1    1    1    1    1    1    1  1.16064E+12 0.00210 
   89   89    1    1    1    1    1    1    1    1  7.83704E+11 0.00178 
   90   90    1    1    1    1    1    1    1    1  4.55715E+11 0.00285 
   91   91    1    1    1    1    1    1    1    1  5.81494E+11 0.00178 
   92   92    1    1    1    1    1    1    1    1  0.00000E+00 0.00000 
   93   93    1    1    1    1    1    1    1    1  0.00000E+00 0.00000 
   94   94    1    1    1    1    1    1    1    1  0.00000E+00 0.00000 
   95   95    1    1    1    1    1    1    1    1  0.00000E+00 0.00000 
   96   96    1    1    1    1    1    1    1    1  0.00000E+00 0.00000 
   97   97    1    1    1    1    1    1    1    1  0.00000E+00 0.00000 
   98   98    1    1    1    1    1    1    1    1  0.00000E+00 0.00000 
   99   99    1    1    1    1    1    1    1    1  0.00000E+00 0.00000 
  100  100    1    1    1    1    1    1    1    1  0.00000E+00 0.00000 
];


