
DETdpaspec = [
    1    1    1    1    1    1    1    1    1    1  0.00000E+00 0.00000 
    2    2    1    1    1    1    1    1    1    1  0.00000E+00 0.00000 
    3    3    1    1    1    1    1    1    1    1  0.00000E+00 0.00000 
    4    4    1    1    1    1    1    1    1    1  0.00000E+00 0.00000 
    5    5    1    1    1    1    1    1    1    1  0.00000E+00 0.00000 
    6    6    1    1    1    1    1    1    1    1  0.00000E+00 0.00000 
    7    7    1    1    1    1    1    1    1    1  0.00000E+00 0.00000 
    8    8    1    1    1    1    1    1    1    1  0.00000E+00 0.00000 
    9    9    1    1    1    1    1    1    1    1  0.00000E+00 0.00000 
   10   10    1    1    1    1    1    1    1    1  0.00000E+00 0.00000 
   11   11    1    1    1    1    1    1    1    1  0.00000E+00 0.00000 
   12   12    1    1    1    1    1    1    1    1  0.00000E+00 0.00000 
   13   13    1    1    1    1    1    1    1    1  0.00000E+00 0.00000 
   14   14    1    1    1    1    1    1    1    1  0.00000E+00 0.00000 
   15   15    1    1    1    1    1    1    1    1  0.00000E+00 0.00000 
   16   16    1    1    1    1    1    1    1    1  0.00000E+00 0.00000 
   17   17    1    1    1    1    1    1    1    1  0.00000E+00 0.00000 
   18   18    1    1    1    1    1    1    1    1  0.00000E+00 0.00000 
   19   19    1    1    1    1    1    1    1    1  1.85812E+09 0.03436 
   20   20    1    1    1    1    1    1    1    1  2.86998E+08 0.04999 
   21   21    1    1    1    1    1    1    1    1  1.04457E+09 0.06702 
   22   22    1    1    1    1    1    1    1    1  7.24534E+08 0.03489 
   23   23    1    1    1    1    1    1    1    1  1.73505E+09 0.03331 
   24   24    1    1    1    1    1    1    1    1  2.75345E+09 0.03009 
   25   25    1    1    1    1    1    1    1    1  4.17289E+09 0.01738 
   26   26    1    1    1    1    1    1    1    1  5.25497E+09 0.02083 
   27   27    1    1    1    1    1    1    1    1  8.63725E+09 0.01451 
   28   28    1    1    1    1    1    1    1    1  1.60383E+10 0.01502 
   29   29    1    1    1    1    1    1    1    1  3.56907E+10 0.01091 
   30   30    1    1    1    1    1    1    1    1  5.74119E+10 0.00678 
   31   31    1    1    1    1    1    1    1    1  1.66993E+11 0.00459 
   32   32    1    1    1    1    1    1    1    1  5.14013E+11 0.00275 
   33   33    1    1    1    1    1    1    1    1  9.51952E+11 0.00199 
   34   34    1    1    1    1    1    1    1    1  2.22417E+12 0.00121 
   35   35    1    1    1    1    1    1    1    1  3.06219E+12 0.00058 
   36   36    1    1    1    1    1    1    1    1  4.14995E+12 0.00086 
   37   37    1    1    1    1    1    1    1    1  2.88402E+12 0.00070 
   38   38    1    1    1    1    1    1    1    1  8.93334E+11 0.00065 
   39   39    1    1    1    1    1    1    1    1  4.93244E+12 0.00069 
   40   40    1    1    1    1    1    1    1    1  6.61922E+12 0.00065 
   41   41    1    1    1    1    1    1    1    1  1.13277E+13 0.00050 
   42   42    1    1    1    1    1    1    1    1  1.15145E+13 0.00038 
   43   43    1    1    1    1    1    1    1    1  2.41619E+13 0.00028 
   44   44    1    1    1    1    1    1    1    1  2.90614E+13 0.00024 
   45   45    1    1    1    1    1    1    1    1  4.16354E+13 0.00034 
   46   46    1    1    1    1    1    1    1    1  8.21403E+13 0.00016 
   47   47    1    1    1    1    1    1    1    1  3.89943E+13 0.00020 
   48   48    1    1    1    1    1    1    1    1  6.24786E+13 0.00021 
   49   49    1    1    1    1    1    1    1    1  8.72465E+13 0.00017 
   50   50    1    1    1    1    1    1    1    1  8.57481E+13 0.00019 
   51   51    1    1    1    1    1    1    1    1  1.33045E+14 0.00015 
   52   52    1    1    1    1    1    1    1    1  1.06383E+14 0.00014 
   53   53    1    1    1    1    1    1    1    1  1.25250E+14 0.00013 
   54   54    1    1    1    1    1    1    1    1  8.74003E+13 0.00016 
   55   55    1    1    1    1    1    1    1    1  1.06224E+14 0.00016 
   56   56    1    1    1    1    1    1    1    1  7.33845E+13 0.00018 
   57   57    1    1    1    1    1    1    1    1  9.99853E+12 0.00026 
   58   58    1    1    1    1    1    1    1    1  1.45546E+14 0.00021 
   59   59    1    1    1    1    1    1    1    1  6.42684E+13 0.00022 
   60   60    1    1    1    1    1    1    1    1  6.85637E+13 0.00024 
   61   61    1    1    1    1    1    1    1    1  5.31051E+13 0.00018 
   62   62    1    1    1    1    1    1    1    1  5.33017E+13 0.00018 
   63   63    1    1    1    1    1    1    1    1  5.52972E+13 0.00021 
   64   64    1    1    1    1    1    1    1    1  4.64077E+13 0.00023 
   65   65    1    1    1    1    1    1    1    1  3.68847E+13 0.00039 
   66   66    1    1    1    1    1    1    1    1  3.65604E+13 0.00033 
   67   67    1    1    1    1    1    1    1    1  2.65746E+13 0.00033 
   68   68    1    1    1    1    1    1    1    1  2.17178E+13 0.00046 
   69   69    1    1    1    1    1    1    1    1  1.94789E+13 0.00046 
   70   70    1    1    1    1    1    1    1    1  2.34145E+13 0.00045 
   71   71    1    1    1    1    1    1    1    1  1.99640E+13 0.00035 
   72   72    1    1    1    1    1    1    1    1  3.65991E+13 0.00029 
   73   73    1    1    1    1    1    1    1    1  2.59487E+13 0.00034 
   74   74    1    1    1    1    1    1    1    1  1.95632E+13 0.00038 
   75   75    1    1    1    1    1    1    1    1  1.56584E+13 0.00048 
   76   76    1    1    1    1    1    1    1    1  1.29190E+13 0.00048 
   77   77    1    1    1    1    1    1    1    1  1.48844E+13 0.00056 
   78   78    1    1    1    1    1    1    1    1  1.17122E+13 0.00056 
   79   79    1    1    1    1    1    1    1    1  9.26955E+12 0.00053 
   80   80    1    1    1    1    1    1    1    1  9.53256E+12 0.00061 
   81   81    1    1    1    1    1    1    1    1  7.06221E+12 0.00070 
   82   82    1    1    1    1    1    1    1    1  5.43753E+12 0.00072 
   83   83    1    1    1    1    1    1    1    1  4.17056E+12 0.00073 
   84   84    1    1    1    1    1    1    1    1  3.90241E+12 0.00112 
   85   85    1    1    1    1    1    1    1    1  2.80733E+12 0.00093 
   86   86    1    1    1    1    1    1    1    1  2.02600E+12 0.00125 
   87   87    1    1    1    1    1    1    1    1  1.89161E+12 0.00114 
   88   88    1    1    1    1    1    1    1    1  1.16752E+12 0.00132 
   89   89    1    1    1    1    1    1    1    1  7.93117E+11 0.00164 
   90   90    1    1    1    1    1    1    1    1  4.57980E+11 0.00262 
   91   91    1    1    1    1    1    1    1    1  5.83473E+11 0.00230 
   92   92    1    1    1    1    1    1    1    1  0.00000E+00 0.00000 
   93   93    1    1    1    1    1    1    1    1  0.00000E+00 0.00000 
   94   94    1    1    1    1    1    1    1    1  0.00000E+00 0.00000 
   95   95    1    1    1    1    1    1    1    1  0.00000E+00 0.00000 
   96   96    1    1    1    1    1    1    1    1  0.00000E+00 0.00000 
   97   97    1    1    1    1    1    1    1    1  0.00000E+00 0.00000 
   98   98    1    1    1    1    1    1    1    1  0.00000E+00 0.00000 
   99   99    1    1    1    1    1    1    1    1  0.00000E+00 0.00000 
  100  100    1    1    1    1    1    1    1    1  0.00000E+00 0.00000 
];


