
DETdpaspec = [
    1    1    1    1    1    1    1    1    1    1  0.00000E+00 0.00000 
    2    2    1    1    1    1    1    1    1    1  0.00000E+00 0.00000 
    3    3    1    1    1    1    1    1    1    1  0.00000E+00 0.00000 
    4    4    1    1    1    1    1    1    1    1  0.00000E+00 0.00000 
    5    5    1    1    1    1    1    1    1    1  0.00000E+00 0.00000 
    6    6    1    1    1    1    1    1    1    1  0.00000E+00 0.00000 
    7    7    1    1    1    1    1    1    1    1  0.00000E+00 0.00000 
    8    8    1    1    1    1    1    1    1    1  0.00000E+00 0.00000 
    9    9    1    1    1    1    1    1    1    1  0.00000E+00 0.00000 
   10   10    1    1    1    1    1    1    1    1  0.00000E+00 0.00000 
   11   11    1    1    1    1    1    1    1    1  0.00000E+00 0.00000 
   12   12    1    1    1    1    1    1    1    1  0.00000E+00 0.00000 
   13   13    1    1    1    1    1    1    1    1  0.00000E+00 0.00000 
   14   14    1    1    1    1    1    1    1    1  0.00000E+00 0.00000 
   15   15    1    1    1    1    1    1    1    1  0.00000E+00 0.00000 
   16   16    1    1    1    1    1    1    1    1  0.00000E+00 0.00000 
   17   17    1    1    1    1    1    1    1    1  0.00000E+00 0.00000 
   18   18    1    1    1    1    1    1    1    1  0.00000E+00 0.00000 
   19   19    1    1    1    1    1    1    1    1  1.18485E+09 0.08797 
   20   20    1    1    1    1    1    1    1    1  1.71167E+08 0.12495 
   21   21    1    1    1    1    1    1    1    1  5.95155E+08 0.09037 
   22   22    1    1    1    1    1    1    1    1  5.04824E+08 0.07083 
   23   23    1    1    1    1    1    1    1    1  9.89949E+08 0.04840 
   24   24    1    1    1    1    1    1    1    1  1.93352E+09 0.03678 
   25   25    1    1    1    1    1    1    1    1  3.57069E+09 0.02583 
   26   26    1    1    1    1    1    1    1    1  5.41940E+09 0.02558 
   27   27    1    1    1    1    1    1    1    1  1.11028E+10 0.02063 
   28   28    1    1    1    1    1    1    1    1  2.57568E+10 0.01147 
   29   29    1    1    1    1    1    1    1    1  6.68286E+10 0.00663 
   30   30    1    1    1    1    1    1    1    1  1.22391E+11 0.00343 
   31   31    1    1    1    1    1    1    1    1  2.99512E+11 0.00370 
   32   32    1    1    1    1    1    1    1    1  8.25366E+11 0.00158 
   33   33    1    1    1    1    1    1    1    1  1.40304E+12 0.00169 
   34   34    1    1    1    1    1    1    1    1  3.16602E+12 0.00131 
   35   35    1    1    1    1    1    1    1    1  4.29662E+12 0.00103 
   36   36    1    1    1    1    1    1    1    1  5.04140E+12 0.00065 
   37   37    1    1    1    1    1    1    1    1  3.27082E+12 0.00047 
   38   38    1    1    1    1    1    1    1    1  9.78241E+11 0.00075 
   39   39    1    1    1    1    1    1    1    1  5.52983E+12 0.00050 
   40   40    1    1    1    1    1    1    1    1  7.37784E+12 0.00058 
   41   41    1    1    1    1    1    1    1    1  1.26685E+13 0.00046 
   42   42    1    1    1    1    1    1    1    1  1.24131E+13 0.00052 
   43   43    1    1    1    1    1    1    1    1  2.64067E+13 0.00037 
   44   44    1    1    1    1    1    1    1    1  3.15572E+13 0.00035 
   45   45    1    1    1    1    1    1    1    1  4.48510E+13 0.00026 
   46   46    1    1    1    1    1    1    1    1  8.84381E+13 0.00022 
   47   47    1    1    1    1    1    1    1    1  4.07541E+13 0.00023 
   48   48    1    1    1    1    1    1    1    1  6.43842E+13 0.00018 
   49   49    1    1    1    1    1    1    1    1  8.90480E+13 0.00016 
   50   50    1    1    1    1    1    1    1    1  8.63022E+13 0.00016 
   51   51    1    1    1    1    1    1    1    1  1.34419E+14 0.00015 
   52   52    1    1    1    1    1    1    1    1  1.04491E+14 0.00014 
   53   53    1    1    1    1    1    1    1    1  1.24624E+14 0.00019 
   54   54    1    1    1    1    1    1    1    1  8.57257E+13 0.00015 
   55   55    1    1    1    1    1    1    1    1  1.05631E+14 0.00013 
   56   56    1    1    1    1    1    1    1    1  7.21981E+13 0.00016 
   57   57    1    1    1    1    1    1    1    1  9.76620E+12 0.00032 
   58   58    1    1    1    1    1    1    1    1  1.42207E+14 0.00012 
   59   59    1    1    1    1    1    1    1    1  6.40253E+13 0.00015 
   60   60    1    1    1    1    1    1    1    1  6.73892E+13 0.00017 
   61   61    1    1    1    1    1    1    1    1  5.28428E+13 0.00021 
   62   62    1    1    1    1    1    1    1    1  5.26976E+13 0.00015 
   63   63    1    1    1    1    1    1    1    1  5.46683E+13 0.00020 
   64   64    1    1    1    1    1    1    1    1  4.58393E+13 0.00029 
   65   65    1    1    1    1    1    1    1    1  3.61889E+13 0.00029 
   66   66    1    1    1    1    1    1    1    1  3.57089E+13 0.00029 
   67   67    1    1    1    1    1    1    1    1  2.58126E+13 0.00027 
   68   68    1    1    1    1    1    1    1    1  2.09122E+13 0.00034 
   69   69    1    1    1    1    1    1    1    1  1.86630E+13 0.00048 
   70   70    1    1    1    1    1    1    1    1  2.23622E+13 0.00033 
   71   71    1    1    1    1    1    1    1    1  1.89337E+13 0.00048 
   72   72    1    1    1    1    1    1    1    1  3.38863E+13 0.00025 
   73   73    1    1    1    1    1    1    1    1  2.37830E+13 0.00043 
   74   74    1    1    1    1    1    1    1    1  1.79130E+13 0.00057 
   75   75    1    1    1    1    1    1    1    1  1.44702E+13 0.00043 
   76   76    1    1    1    1    1    1    1    1  1.21067E+13 0.00043 
   77   77    1    1    1    1    1    1    1    1  1.40901E+13 0.00044 
   78   78    1    1    1    1    1    1    1    1  1.12268E+13 0.00050 
   79   79    1    1    1    1    1    1    1    1  8.98952E+12 0.00064 
   80   80    1    1    1    1    1    1    1    1  9.32205E+12 0.00051 
   81   81    1    1    1    1    1    1    1    1  6.92654E+12 0.00068 
   82   82    1    1    1    1    1    1    1    1  5.35385E+12 0.00069 
   83   83    1    1    1    1    1    1    1    1  4.12228E+12 0.00080 
   84   84    1    1    1    1    1    1    1    1  3.85061E+12 0.00114 
   85   85    1    1    1    1    1    1    1    1  2.77097E+12 0.00122 
   86   86    1    1    1    1    1    1    1    1  2.00897E+12 0.00100 
   87   87    1    1    1    1    1    1    1    1  1.87543E+12 0.00164 
   88   88    1    1    1    1    1    1    1    1  1.15199E+12 0.00164 
   89   89    1    1    1    1    1    1    1    1  7.77242E+11 0.00286 
   90   90    1    1    1    1    1    1    1    1  4.48439E+11 0.00266 
   91   91    1    1    1    1    1    1    1    1  5.67070E+11 0.00227 
   92   92    1    1    1    1    1    1    1    1  0.00000E+00 0.00000 
   93   93    1    1    1    1    1    1    1    1  0.00000E+00 0.00000 
   94   94    1    1    1    1    1    1    1    1  0.00000E+00 0.00000 
   95   95    1    1    1    1    1    1    1    1  0.00000E+00 0.00000 
   96   96    1    1    1    1    1    1    1    1  0.00000E+00 0.00000 
   97   97    1    1    1    1    1    1    1    1  0.00000E+00 0.00000 
   98   98    1    1    1    1    1    1    1    1  0.00000E+00 0.00000 
   99   99    1    1    1    1    1    1    1    1  0.00000E+00 0.00000 
  100  100    1    1    1    1    1    1    1    1  0.00000E+00 0.00000 
];


