
DETdpaspec = [
    1    1    1    1    1    1    1    1    1    1  0.00000E+00 0.00000 
    2    2    1    1    1    1    1    1    1    1  0.00000E+00 0.00000 
    3    3    1    1    1    1    1    1    1    1  0.00000E+00 0.00000 
    4    4    1    1    1    1    1    1    1    1  0.00000E+00 0.00000 
    5    5    1    1    1    1    1    1    1    1  0.00000E+00 0.00000 
    6    6    1    1    1    1    1    1    1    1  0.00000E+00 0.00000 
    7    7    1    1    1    1    1    1    1    1  0.00000E+00 0.00000 
    8    8    1    1    1    1    1    1    1    1  0.00000E+00 0.00000 
    9    9    1    1    1    1    1    1    1    1  0.00000E+00 0.00000 
   10   10    1    1    1    1    1    1    1    1  0.00000E+00 0.00000 
   11   11    1    1    1    1    1    1    1    1  0.00000E+00 0.00000 
   12   12    1    1    1    1    1    1    1    1  0.00000E+00 0.00000 
   13   13    1    1    1    1    1    1    1    1  0.00000E+00 0.00000 
   14   14    1    1    1    1    1    1    1    1  0.00000E+00 0.00000 
   15   15    1    1    1    1    1    1    1    1  0.00000E+00 0.00000 
   16   16    1    1    1    1    1    1    1    1  0.00000E+00 0.00000 
   17   17    1    1    1    1    1    1    1    1  0.00000E+00 0.00000 
   18   18    1    1    1    1    1    1    1    1  0.00000E+00 0.00000 
   19   19    1    1    1    1    1    1    1    1  1.91519E+09 0.04502 
   20   20    1    1    1    1    1    1    1    1  3.51356E+08 0.06629 
   21   21    1    1    1    1    1    1    1    1  1.22214E+09 0.04651 
   22   22    1    1    1    1    1    1    1    1  9.11622E+08 0.03333 
   23   23    1    1    1    1    1    1    1    1  2.31755E+09 0.02843 
   24   24    1    1    1    1    1    1    1    1  3.30471E+09 0.03165 
   25   25    1    1    1    1    1    1    1    1  5.15465E+09 0.02491 
   26   26    1    1    1    1    1    1    1    1  6.47908E+09 0.01704 
   27   27    1    1    1    1    1    1    1    1  1.07868E+10 0.01328 
   28   28    1    1    1    1    1    1    1    1  1.92102E+10 0.01022 
   29   29    1    1    1    1    1    1    1    1  3.77496E+10 0.00702 
   30   30    1    1    1    1    1    1    1    1  5.74660E+10 0.00587 
   31   31    1    1    1    1    1    1    1    1  1.73794E+11 0.00389 
   32   32    1    1    1    1    1    1    1    1  5.29002E+11 0.00268 
   33   33    1    1    1    1    1    1    1    1  9.78220E+11 0.00213 
   34   34    1    1    1    1    1    1    1    1  2.23271E+12 0.00133 
   35   35    1    1    1    1    1    1    1    1  3.02661E+12 0.00121 
   36   36    1    1    1    1    1    1    1    1  4.24862E+12 0.00101 
   37   37    1    1    1    1    1    1    1    1  2.99307E+12 0.00070 
   38   38    1    1    1    1    1    1    1    1  9.38929E+11 0.00060 
   39   39    1    1    1    1    1    1    1    1  5.10763E+12 0.00070 
   40   40    1    1    1    1    1    1    1    1  6.83359E+12 0.00055 
   41   41    1    1    1    1    1    1    1    1  1.15929E+13 0.00060 
   42   42    1    1    1    1    1    1    1    1  1.18973E+13 0.00043 
   43   43    1    1    1    1    1    1    1    1  2.46335E+13 0.00038 
   44   44    1    1    1    1    1    1    1    1  2.94972E+13 0.00035 
   45   45    1    1    1    1    1    1    1    1  4.21428E+13 0.00031 
   46   46    1    1    1    1    1    1    1    1  8.22710E+13 0.00028 
   47   47    1    1    1    1    1    1    1    1  3.92377E+13 0.00019 
   48   48    1    1    1    1    1    1    1    1  6.30126E+13 0.00018 
   49   49    1    1    1    1    1    1    1    1  8.78776E+13 0.00020 
   50   50    1    1    1    1    1    1    1    1  8.66015E+13 0.00021 
   51   51    1    1    1    1    1    1    1    1  1.33505E+14 0.00017 
   52   52    1    1    1    1    1    1    1    1  1.07514E+14 0.00017 
   53   53    1    1    1    1    1    1    1    1  1.25504E+14 0.00016 
   54   54    1    1    1    1    1    1    1    1  8.78635E+13 0.00014 
   55   55    1    1    1    1    1    1    1    1  1.05874E+14 0.00013 
   56   56    1    1    1    1    1    1    1    1  7.33714E+13 0.00018 
   57   57    1    1    1    1    1    1    1    1  1.00437E+13 0.00032 
   58   58    1    1    1    1    1    1    1    1  1.45662E+14 0.00013 
   59   59    1    1    1    1    1    1    1    1  6.36481E+13 0.00020 
   60   60    1    1    1    1    1    1    1    1  6.81544E+13 0.00017 
   61   61    1    1    1    1    1    1    1    1  5.24152E+13 0.00022 
   62   62    1    1    1    1    1    1    1    1  5.27524E+13 0.00025 
   63   63    1    1    1    1    1    1    1    1  5.46104E+13 0.00019 
   64   64    1    1    1    1    1    1    1    1  4.57613E+13 0.00024 
   65   65    1    1    1    1    1    1    1    1  3.64100E+13 0.00032 
   66   66    1    1    1    1    1    1    1    1  3.60980E+13 0.00032 
   67   67    1    1    1    1    1    1    1    1  2.62656E+13 0.00034 
   68   68    1    1    1    1    1    1    1    1  2.15329E+13 0.00037 
   69   69    1    1    1    1    1    1    1    1  1.93334E+13 0.00040 
   70   70    1    1    1    1    1    1    1    1  2.32684E+13 0.00033 
   71   71    1    1    1    1    1    1    1    1  1.98641E+13 0.00041 
   72   72    1    1    1    1    1    1    1    1  3.66569E+13 0.00040 
   73   73    1    1    1    1    1    1    1    1  2.61251E+13 0.00047 
   74   74    1    1    1    1    1    1    1    1  1.96621E+13 0.00033 
   75   75    1    1    1    1    1    1    1    1  1.56390E+13 0.00050 
   76   76    1    1    1    1    1    1    1    1  1.28113E+13 0.00053 
   77   77    1    1    1    1    1    1    1    1  1.46958E+13 0.00055 
   78   78    1    1    1    1    1    1    1    1  1.14495E+13 0.00058 
   79   79    1    1    1    1    1    1    1    1  9.02111E+12 0.00063 
   80   80    1    1    1    1    1    1    1    1  9.25840E+12 0.00057 
   81   81    1    1    1    1    1    1    1    1  6.83335E+12 0.00078 
   82   82    1    1    1    1    1    1    1    1  5.25119E+12 0.00069 
   83   83    1    1    1    1    1    1    1    1  4.03009E+12 0.00084 
   84   84    1    1    1    1    1    1    1    1  3.76299E+12 0.00108 
   85   85    1    1    1    1    1    1    1    1  2.70600E+12 0.00153 
   86   86    1    1    1    1    1    1    1    1  1.94528E+12 0.00144 
   87   87    1    1    1    1    1    1    1    1  1.82520E+12 0.00099 
   88   88    1    1    1    1    1    1    1    1  1.12726E+12 0.00182 
   89   89    1    1    1    1    1    1    1    1  7.62731E+11 0.00232 
   90   90    1    1    1    1    1    1    1    1  4.41926E+11 0.00273 
   91   91    1    1    1    1    1    1    1    1  5.69938E+11 0.00139 
   92   92    1    1    1    1    1    1    1    1  0.00000E+00 0.00000 
   93   93    1    1    1    1    1    1    1    1  0.00000E+00 0.00000 
   94   94    1    1    1    1    1    1    1    1  0.00000E+00 0.00000 
   95   95    1    1    1    1    1    1    1    1  0.00000E+00 0.00000 
   96   96    1    1    1    1    1    1    1    1  0.00000E+00 0.00000 
   97   97    1    1    1    1    1    1    1    1  0.00000E+00 0.00000 
   98   98    1    1    1    1    1    1    1    1  0.00000E+00 0.00000 
   99   99    1    1    1    1    1    1    1    1  0.00000E+00 0.00000 
  100  100    1    1    1    1    1    1    1    1  0.00000E+00 0.00000 
];


