
DETdpaspec = [
    1    1    1    1    1    1    1    1    1    1  0.00000E+00 0.00000 
    2    2    1    1    1    1    1    1    1    1  0.00000E+00 0.00000 
    3    3    1    1    1    1    1    1    1    1  0.00000E+00 0.00000 
    4    4    1    1    1    1    1    1    1    1  0.00000E+00 0.00000 
    5    5    1    1    1    1    1    1    1    1  0.00000E+00 0.00000 
    6    6    1    1    1    1    1    1    1    1  0.00000E+00 0.00000 
    7    7    1    1    1    1    1    1    1    1  0.00000E+00 0.00000 
    8    8    1    1    1    1    1    1    1    1  0.00000E+00 0.00000 
    9    9    1    1    1    1    1    1    1    1  0.00000E+00 0.00000 
   10   10    1    1    1    1    1    1    1    1  0.00000E+00 0.00000 
   11   11    1    1    1    1    1    1    1    1  0.00000E+00 0.00000 
   12   12    1    1    1    1    1    1    1    1  0.00000E+00 0.00000 
   13   13    1    1    1    1    1    1    1    1  0.00000E+00 0.00000 
   14   14    1    1    1    1    1    1    1    1  0.00000E+00 0.00000 
   15   15    1    1    1    1    1    1    1    1  0.00000E+00 0.00000 
   16   16    1    1    1    1    1    1    1    1  0.00000E+00 0.00000 
   17   17    1    1    1    1    1    1    1    1  0.00000E+00 0.00000 
   18   18    1    1    1    1    1    1    1    1  0.00000E+00 0.00000 
   19   19    1    1    1    1    1    1    1    1  1.06159E+09 0.09068 
   20   20    1    1    1    1    1    1    1    1  1.67806E+08 0.12130 
   21   21    1    1    1    1    1    1    1    1  5.40254E+08 0.08238 
   22   22    1    1    1    1    1    1    1    1  5.06557E+08 0.06273 
   23   23    1    1    1    1    1    1    1    1  9.66141E+08 0.06319 
   24   24    1    1    1    1    1    1    1    1  2.10740E+09 0.04656 
   25   25    1    1    1    1    1    1    1    1  5.94753E+09 0.02051 
   26   26    1    1    1    1    1    1    1    1  9.98174E+09 0.01414 
   27   27    1    1    1    1    1    1    1    1  2.31905E+10 0.01351 
   28   28    1    1    1    1    1    1    1    1  5.36991E+10 0.00922 
   29   29    1    1    1    1    1    1    1    1  1.28728E+11 0.00631 
   30   30    1    1    1    1    1    1    1    1  2.27228E+11 0.00402 
   31   31    1    1    1    1    1    1    1    1  5.01835E+11 0.00316 
   32   32    1    1    1    1    1    1    1    1  1.23595E+12 0.00225 
   33   33    1    1    1    1    1    1    1    1  1.96494E+12 0.00126 
   34   34    1    1    1    1    1    1    1    1  4.18952E+12 0.00100 
   35   35    1    1    1    1    1    1    1    1  5.46417E+12 0.00073 
   36   36    1    1    1    1    1    1    1    1  6.01695E+12 0.00057 
   37   37    1    1    1    1    1    1    1    1  3.77197E+12 0.00058 
   38   38    1    1    1    1    1    1    1    1  1.11245E+12 0.00052 
   39   39    1    1    1    1    1    1    1    1  6.30493E+12 0.00044 
   40   40    1    1    1    1    1    1    1    1  8.34335E+12 0.00042 
   41   41    1    1    1    1    1    1    1    1  1.42069E+13 0.00033 
   42   42    1    1    1    1    1    1    1    1  1.36925E+13 0.00040 
   43   43    1    1    1    1    1    1    1    1  2.90308E+13 0.00034 
   44   44    1    1    1    1    1    1    1    1  3.43765E+13 0.00031 
   45   45    1    1    1    1    1    1    1    1  4.83552E+13 0.00032 
   46   46    1    1    1    1    1    1    1    1  9.40497E+13 0.00028 
   47   47    1    1    1    1    1    1    1    1  4.25981E+13 0.00022 
   48   48    1    1    1    1    1    1    1    1  6.68147E+13 0.00016 
   49   49    1    1    1    1    1    1    1    1  9.15253E+13 0.00024 
   50   50    1    1    1    1    1    1    1    1  8.79666E+13 0.00017 
   51   51    1    1    1    1    1    1    1    1  1.36154E+14 0.00011 
   52   52    1    1    1    1    1    1    1    1  1.04490E+14 0.00018 
   53   53    1    1    1    1    1    1    1    1  1.24341E+14 0.00015 
   54   54    1    1    1    1    1    1    1    1  8.48298E+13 0.00014 
   55   55    1    1    1    1    1    1    1    1  1.04469E+14 0.00017 
   56   56    1    1    1    1    1    1    1    1  7.10696E+13 0.00019 
   57   57    1    1    1    1    1    1    1    1  9.58189E+12 0.00034 
   58   58    1    1    1    1    1    1    1    1  1.39184E+14 0.00016 
   59   59    1    1    1    1    1    1    1    1  6.27374E+13 0.00016 
   60   60    1    1    1    1    1    1    1    1  6.56719E+13 0.00022 
   61   61    1    1    1    1    1    1    1    1  5.15211E+13 0.00023 
   62   62    1    1    1    1    1    1    1    1  5.12178E+13 0.00018 
   63   63    1    1    1    1    1    1    1    1  5.30179E+13 0.00022 
   64   64    1    1    1    1    1    1    1    1  4.43271E+13 0.00027 
   65   65    1    1    1    1    1    1    1    1  3.49003E+13 0.00023 
   66   66    1    1    1    1    1    1    1    1  3.43111E+13 0.00028 
   67   67    1    1    1    1    1    1    1    1  2.47241E+13 0.00035 
   68   68    1    1    1    1    1    1    1    1  1.99617E+13 0.00032 
   69   69    1    1    1    1    1    1    1    1  1.77718E+13 0.00024 
   70   70    1    1    1    1    1    1    1    1  2.12570E+13 0.00035 
   71   71    1    1    1    1    1    1    1    1  1.79228E+13 0.00048 
   72   72    1    1    1    1    1    1    1    1  3.18020E+13 0.00035 
   73   73    1    1    1    1    1    1    1    1  2.22131E+13 0.00038 
   74   74    1    1    1    1    1    1    1    1  1.66958E+13 0.00043 
   75   75    1    1    1    1    1    1    1    1  1.35152E+13 0.00045 
   76   76    1    1    1    1    1    1    1    1  1.13103E+13 0.00045 
   77   77    1    1    1    1    1    1    1    1  1.32058E+13 0.00039 
   78   78    1    1    1    1    1    1    1    1  1.05381E+13 0.00052 
   79   79    1    1    1    1    1    1    1    1  8.44662E+12 0.00057 
   80   80    1    1    1    1    1    1    1    1  8.77062E+12 0.00057 
   81   81    1    1    1    1    1    1    1    1  6.51747E+12 0.00082 
   82   82    1    1    1    1    1    1    1    1  5.03543E+12 0.00086 
   83   83    1    1    1    1    1    1    1    1  3.87887E+12 0.00085 
   84   84    1    1    1    1    1    1    1    1  3.63035E+12 0.00091 
   85   85    1    1    1    1    1    1    1    1  2.60852E+12 0.00090 
   86   86    1    1    1    1    1    1    1    1  1.88434E+12 0.00108 
   87   87    1    1    1    1    1    1    1    1  1.76472E+12 0.00181 
   88   88    1    1    1    1    1    1    1    1  1.07490E+12 0.00156 
   89   89    1    1    1    1    1    1    1    1  7.24127E+11 0.00211 
   90   90    1    1    1    1    1    1    1    1  4.18164E+11 0.00263 
   91   91    1    1    1    1    1    1    1    1  5.27437E+11 0.00280 
   92   92    1    1    1    1    1    1    1    1  0.00000E+00 0.00000 
   93   93    1    1    1    1    1    1    1    1  0.00000E+00 0.00000 
   94   94    1    1    1    1    1    1    1    1  0.00000E+00 0.00000 
   95   95    1    1    1    1    1    1    1    1  0.00000E+00 0.00000 
   96   96    1    1    1    1    1    1    1    1  0.00000E+00 0.00000 
   97   97    1    1    1    1    1    1    1    1  0.00000E+00 0.00000 
   98   98    1    1    1    1    1    1    1    1  0.00000E+00 0.00000 
   99   99    1    1    1    1    1    1    1    1  0.00000E+00 0.00000 
  100  100    1    1    1    1    1    1    1    1  0.00000E+00 0.00000 
];


