
DETdpaspec = [
    1    1    1    1    1    1    1    1    1    1  0.00000E+00 0.00000 
    2    2    1    1    1    1    1    1    1    1  0.00000E+00 0.00000 
    3    3    1    1    1    1    1    1    1    1  0.00000E+00 0.00000 
    4    4    1    1    1    1    1    1    1    1  0.00000E+00 0.00000 
    5    5    1    1    1    1    1    1    1    1  0.00000E+00 0.00000 
    6    6    1    1    1    1    1    1    1    1  0.00000E+00 0.00000 
    7    7    1    1    1    1    1    1    1    1  0.00000E+00 0.00000 
    8    8    1    1    1    1    1    1    1    1  0.00000E+00 0.00000 
    9    9    1    1    1    1    1    1    1    1  0.00000E+00 0.00000 
   10   10    1    1    1    1    1    1    1    1  0.00000E+00 0.00000 
   11   11    1    1    1    1    1    1    1    1  0.00000E+00 0.00000 
   12   12    1    1    1    1    1    1    1    1  0.00000E+00 0.00000 
   13   13    1    1    1    1    1    1    1    1  0.00000E+00 0.00000 
   14   14    1    1    1    1    1    1    1    1  0.00000E+00 0.00000 
   15   15    1    1    1    1    1    1    1    1  0.00000E+00 0.00000 
   16   16    1    1    1    1    1    1    1    1  0.00000E+00 0.00000 
   17   17    1    1    1    1    1    1    1    1  0.00000E+00 0.00000 
   18   18    1    1    1    1    1    1    1    1  0.00000E+00 0.00000 
   19   19    1    1    1    1    1    1    1    1  1.62717E+09 0.07926 
   20   20    1    1    1    1    1    1    1    1  2.69113E+08 0.06823 
   21   21    1    1    1    1    1    1    1    1  8.19033E+08 0.05414 
   22   22    1    1    1    1    1    1    1    1  6.13571E+08 0.06045 
   23   23    1    1    1    1    1    1    1    1  1.44484E+09 0.02918 
   24   24    1    1    1    1    1    1    1    1  2.33415E+09 0.03704 
   25   25    1    1    1    1    1    1    1    1  3.74707E+09 0.02442 
   26   26    1    1    1    1    1    1    1    1  4.92993E+09 0.02329 
   27   27    1    1    1    1    1    1    1    1  8.22524E+09 0.01453 
   28   28    1    1    1    1    1    1    1    1  1.59629E+10 0.01031 
   29   29    1    1    1    1    1    1    1    1  3.63601E+10 0.00814 
   30   30    1    1    1    1    1    1    1    1  6.11197E+10 0.00572 
   31   31    1    1    1    1    1    1    1    1  1.72772E+11 0.00381 
   32   32    1    1    1    1    1    1    1    1  5.33342E+11 0.00239 
   33   33    1    1    1    1    1    1    1    1  9.82150E+11 0.00159 
   34   34    1    1    1    1    1    1    1    1  2.30192E+12 0.00097 
   35   35    1    1    1    1    1    1    1    1  3.19570E+12 0.00077 
   36   36    1    1    1    1    1    1    1    1  4.19481E+12 0.00078 
   37   37    1    1    1    1    1    1    1    1  2.87456E+12 0.00061 
   38   38    1    1    1    1    1    1    1    1  8.82627E+11 0.00062 
   39   39    1    1    1    1    1    1    1    1  4.91336E+12 0.00053 
   40   40    1    1    1    1    1    1    1    1  6.59775E+12 0.00057 
   41   41    1    1    1    1    1    1    1    1  1.13415E+13 0.00052 
   42   42    1    1    1    1    1    1    1    1  1.14272E+13 0.00050 
   43   43    1    1    1    1    1    1    1    1  2.41479E+13 0.00032 
   44   44    1    1    1    1    1    1    1    1  2.90927E+13 0.00037 
   45   45    1    1    1    1    1    1    1    1  4.17148E+13 0.00032 
   46   46    1    1    1    1    1    1    1    1  8.26785E+13 0.00032 
   47   47    1    1    1    1    1    1    1    1  3.89969E+13 0.00025 
   48   48    1    1    1    1    1    1    1    1  6.23400E+13 0.00023 
   49   49    1    1    1    1    1    1    1    1  8.70487E+13 0.00021 
   50   50    1    1    1    1    1    1    1    1  8.53618E+13 0.00013 
   51   51    1    1    1    1    1    1    1    1  1.32896E+14 0.00017 
   52   52    1    1    1    1    1    1    1    1  1.05567E+14 0.00013 
   53   53    1    1    1    1    1    1    1    1  1.25033E+14 0.00017 
   54   54    1    1    1    1    1    1    1    1  8.70271E+13 0.00015 
   55   55    1    1    1    1    1    1    1    1  1.06332E+14 0.00013 
   56   56    1    1    1    1    1    1    1    1  7.32855E+13 0.00016 
   57   57    1    1    1    1    1    1    1    1  9.96930E+12 0.00036 
   58   58    1    1    1    1    1    1    1    1  1.45249E+14 0.00017 
   59   59    1    1    1    1    1    1    1    1  6.45982E+13 0.00023 
   60   60    1    1    1    1    1    1    1    1  6.86811E+13 0.00025 
   61   61    1    1    1    1    1    1    1    1  5.34475E+13 0.00019 
   62   62    1    1    1    1    1    1    1    1  5.35751E+13 0.00019 
   63   63    1    1    1    1    1    1    1    1  5.56080E+13 0.00027 
   64   64    1    1    1    1    1    1    1    1  4.66954E+13 0.00019 
   65   65    1    1    1    1    1    1    1    1  3.70593E+13 0.00036 
   66   66    1    1    1    1    1    1    1    1  3.67123E+13 0.00029 
   67   67    1    1    1    1    1    1    1    1  2.66545E+13 0.00026 
   68   68    1    1    1    1    1    1    1    1  2.17169E+13 0.00030 
   69   69    1    1    1    1    1    1    1    1  1.94653E+13 0.00052 
   70   70    1    1    1    1    1    1    1    1  2.34062E+13 0.00041 
   71   71    1    1    1    1    1    1    1    1  1.99184E+13 0.00045 
   72   72    1    1    1    1    1    1    1    1  3.62628E+13 0.00033 
   73   73    1    1    1    1    1    1    1    1  2.56739E+13 0.00042 
   74   74    1    1    1    1    1    1    1    1  1.93566E+13 0.00037 
   75   75    1    1    1    1    1    1    1    1  1.55443E+13 0.00049 
   76   76    1    1    1    1    1    1    1    1  1.28975E+13 0.00039 
   77   77    1    1    1    1    1    1    1    1  1.49054E+13 0.00042 
   78   78    1    1    1    1    1    1    1    1  1.17687E+13 0.00052 
   79   79    1    1    1    1    1    1    1    1  9.35722E+12 0.00044 
   80   80    1    1    1    1    1    1    1    1  9.65450E+12 0.00065 
   81   81    1    1    1    1    1    1    1    1  7.15545E+12 0.00069 
   82   82    1    1    1    1    1    1    1    1  5.51528E+12 0.00076 
   83   83    1    1    1    1    1    1    1    1  4.23991E+12 0.00073 
   84   84    1    1    1    1    1    1    1    1  3.95803E+12 0.00080 
   85   85    1    1    1    1    1    1    1    1  2.84962E+12 0.00089 
   86   86    1    1    1    1    1    1    1    1  2.05865E+12 0.00142 
   87   87    1    1    1    1    1    1    1    1  1.92457E+12 0.00105 
   88   88    1    1    1    1    1    1    1    1  1.18695E+12 0.00163 
   89   89    1    1    1    1    1    1    1    1  8.03518E+11 0.00279 
   90   90    1    1    1    1    1    1    1    1  4.62023E+11 0.00244 
   91   91    1    1    1    1    1    1    1    1  5.92278E+11 0.00191 
   92   92    1    1    1    1    1    1    1    1  0.00000E+00 0.00000 
   93   93    1    1    1    1    1    1    1    1  0.00000E+00 0.00000 
   94   94    1    1    1    1    1    1    1    1  0.00000E+00 0.00000 
   95   95    1    1    1    1    1    1    1    1  0.00000E+00 0.00000 
   96   96    1    1    1    1    1    1    1    1  0.00000E+00 0.00000 
   97   97    1    1    1    1    1    1    1    1  0.00000E+00 0.00000 
   98   98    1    1    1    1    1    1    1    1  0.00000E+00 0.00000 
   99   99    1    1    1    1    1    1    1    1  0.00000E+00 0.00000 
  100  100    1    1    1    1    1    1    1    1  0.00000E+00 0.00000 
];


