
DETdpaspec = [
    1    1    1    1    1    1    1    1    1    1  0.00000E+00 0.00000 
    2    2    1    1    1    1    1    1    1    1  0.00000E+00 0.00000 
    3    3    1    1    1    1    1    1    1    1  0.00000E+00 0.00000 
    4    4    1    1    1    1    1    1    1    1  0.00000E+00 0.00000 
    5    5    1    1    1    1    1    1    1    1  0.00000E+00 0.00000 
    6    6    1    1    1    1    1    1    1    1  0.00000E+00 0.00000 
    7    7    1    1    1    1    1    1    1    1  0.00000E+00 0.00000 
    8    8    1    1    1    1    1    1    1    1  0.00000E+00 0.00000 
    9    9    1    1    1    1    1    1    1    1  0.00000E+00 0.00000 
   10   10    1    1    1    1    1    1    1    1  0.00000E+00 0.00000 
   11   11    1    1    1    1    1    1    1    1  0.00000E+00 0.00000 
   12   12    1    1    1    1    1    1    1    1  0.00000E+00 0.00000 
   13   13    1    1    1    1    1    1    1    1  0.00000E+00 0.00000 
   14   14    1    1    1    1    1    1    1    1  0.00000E+00 0.00000 
   15   15    1    1    1    1    1    1    1    1  0.00000E+00 0.00000 
   16   16    1    1    1    1    1    1    1    1  0.00000E+00 0.00000 
   17   17    1    1    1    1    1    1    1    1  0.00000E+00 0.00000 
   18   18    1    1    1    1    1    1    1    1  0.00000E+00 0.00000 
   19   19    1    1    1    1    1    1    1    1  1.75785E+09 0.06466 
   20   20    1    1    1    1    1    1    1    1  2.61128E+08 0.09392 
   21   21    1    1    1    1    1    1    1    1  8.93150E+08 0.06817 
   22   22    1    1    1    1    1    1    1    1  6.48165E+08 0.04418 
   23   23    1    1    1    1    1    1    1    1  1.49516E+09 0.02716 
   24   24    1    1    1    1    1    1    1    1  2.24725E+09 0.03233 
   25   25    1    1    1    1    1    1    1    1  3.88139E+09 0.02756 
   26   26    1    1    1    1    1    1    1    1  4.92333E+09 0.02067 
   27   27    1    1    1    1    1    1    1    1  8.14495E+09 0.01404 
   28   28    1    1    1    1    1    1    1    1  1.56968E+10 0.01557 
   29   29    1    1    1    1    1    1    1    1  3.55285E+10 0.00830 
   30   30    1    1    1    1    1    1    1    1  5.97803E+10 0.00467 
   31   31    1    1    1    1    1    1    1    1  1.70891E+11 0.00515 
   32   32    1    1    1    1    1    1    1    1  5.27404E+11 0.00309 
   33   33    1    1    1    1    1    1    1    1  9.70303E+11 0.00209 
   34   34    1    1    1    1    1    1    1    1  2.27917E+12 0.00117 
   35   35    1    1    1    1    1    1    1    1  3.15346E+12 0.00082 
   36   36    1    1    1    1    1    1    1    1  4.16880E+12 0.00067 
   37   37    1    1    1    1    1    1    1    1  2.86707E+12 0.00067 
   38   38    1    1    1    1    1    1    1    1  8.81496E+11 0.00064 
   39   39    1    1    1    1    1    1    1    1  4.89814E+12 0.00070 
   40   40    1    1    1    1    1    1    1    1  6.58294E+12 0.00066 
   41   41    1    1    1    1    1    1    1    1  1.13140E+13 0.00051 
   42   42    1    1    1    1    1    1    1    1  1.14154E+13 0.00048 
   43   43    1    1    1    1    1    1    1    1  2.41201E+13 0.00038 
   44   44    1    1    1    1    1    1    1    1  2.90314E+13 0.00032 
   45   45    1    1    1    1    1    1    1    1  4.16619E+13 0.00035 
   46   46    1    1    1    1    1    1    1    1  8.24892E+13 0.00034 
   47   47    1    1    1    1    1    1    1    1  3.89836E+13 0.00029 
   48   48    1    1    1    1    1    1    1    1  6.23397E+13 0.00024 
   49   49    1    1    1    1    1    1    1    1  8.70366E+13 0.00019 
   50   50    1    1    1    1    1    1    1    1  8.54051E+13 0.00017 
   51   51    1    1    1    1    1    1    1    1  1.32928E+14 0.00018 
   52   52    1    1    1    1    1    1    1    1  1.05729E+14 0.00015 
   53   53    1    1    1    1    1    1    1    1  1.25063E+14 0.00016 
   54   54    1    1    1    1    1    1    1    1  8.71043E+13 0.00018 
   55   55    1    1    1    1    1    1    1    1  1.06343E+14 0.00018 
   56   56    1    1    1    1    1    1    1    1  7.33197E+13 0.00016 
   57   57    1    1    1    1    1    1    1    1  9.98489E+12 0.00047 
   58   58    1    1    1    1    1    1    1    1  1.45352E+14 0.00017 
   59   59    1    1    1    1    1    1    1    1  6.45534E+13 0.00020 
   60   60    1    1    1    1    1    1    1    1  6.86846E+13 0.00027 
   61   61    1    1    1    1    1    1    1    1  5.33970E+13 0.00019 
   62   62    1    1    1    1    1    1    1    1  5.35497E+13 0.00024 
   63   63    1    1    1    1    1    1    1    1  5.55741E+13 0.00027 
   64   64    1    1    1    1    1    1    1    1  4.66565E+13 0.00026 
   65   65    1    1    1    1    1    1    1    1  3.70514E+13 0.00036 
   66   66    1    1    1    1    1    1    1    1  3.66775E+13 0.00036 
   67   67    1    1    1    1    1    1    1    1  2.66489E+13 0.00040 
   68   68    1    1    1    1    1    1    1    1  2.17394E+13 0.00032 
   69   69    1    1    1    1    1    1    1    1  1.94855E+13 0.00028 
   70   70    1    1    1    1    1    1    1    1  2.34307E+13 0.00033 
   71   71    1    1    1    1    1    1    1    1  1.99354E+13 0.00041 
   72   72    1    1    1    1    1    1    1    1  3.63600E+13 0.00043 
   73   73    1    1    1    1    1    1    1    1  2.57271E+13 0.00041 
   74   74    1    1    1    1    1    1    1    1  1.94214E+13 0.00048 
   75   75    1    1    1    1    1    1    1    1  1.55916E+13 0.00054 
   76   76    1    1    1    1    1    1    1    1  1.28928E+13 0.00049 
   77   77    1    1    1    1    1    1    1    1  1.49360E+13 0.00060 
   78   78    1    1    1    1    1    1    1    1  1.17587E+13 0.00058 
   79   79    1    1    1    1    1    1    1    1  9.34784E+12 0.00059 
   80   80    1    1    1    1    1    1    1    1  9.64329E+12 0.00067 
   81   81    1    1    1    1    1    1    1    1  7.13913E+12 0.00062 
   82   82    1    1    1    1    1    1    1    1  5.50155E+12 0.00082 
   83   83    1    1    1    1    1    1    1    1  4.22478E+12 0.00093 
   84   84    1    1    1    1    1    1    1    1  3.96123E+12 0.00115 
   85   85    1    1    1    1    1    1    1    1  2.84478E+12 0.00122 
   86   86    1    1    1    1    1    1    1    1  2.04918E+12 0.00122 
   87   87    1    1    1    1    1    1    1    1  1.92338E+12 0.00157 
   88   88    1    1    1    1    1    1    1    1  1.18361E+12 0.00118 
   89   89    1    1    1    1    1    1    1    1  8.01391E+11 0.00207 
   90   90    1    1    1    1    1    1    1    1  4.62780E+11 0.00248 
   91   91    1    1    1    1    1    1    1    1  5.88521E+11 0.00280 
   92   92    1    1    1    1    1    1    1    1  0.00000E+00 0.00000 
   93   93    1    1    1    1    1    1    1    1  0.00000E+00 0.00000 
   94   94    1    1    1    1    1    1    1    1  0.00000E+00 0.00000 
   95   95    1    1    1    1    1    1    1    1  0.00000E+00 0.00000 
   96   96    1    1    1    1    1    1    1    1  0.00000E+00 0.00000 
   97   97    1    1    1    1    1    1    1    1  0.00000E+00 0.00000 
   98   98    1    1    1    1    1    1    1    1  0.00000E+00 0.00000 
   99   99    1    1    1    1    1    1    1    1  0.00000E+00 0.00000 
  100  100    1    1    1    1    1    1    1    1  0.00000E+00 0.00000 
];


