
DETdpaspec = [
    1    1    1    1    1    1    1    1    1    1  0.00000E+00 0.00000 
    2    2    1    1    1    1    1    1    1    1  0.00000E+00 0.00000 
    3    3    1    1    1    1    1    1    1    1  0.00000E+00 0.00000 
    4    4    1    1    1    1    1    1    1    1  0.00000E+00 0.00000 
    5    5    1    1    1    1    1    1    1    1  0.00000E+00 0.00000 
    6    6    1    1    1    1    1    1    1    1  0.00000E+00 0.00000 
    7    7    1    1    1    1    1    1    1    1  0.00000E+00 0.00000 
    8    8    1    1    1    1    1    1    1    1  0.00000E+00 0.00000 
    9    9    1    1    1    1    1    1    1    1  0.00000E+00 0.00000 
   10   10    1    1    1    1    1    1    1    1  0.00000E+00 0.00000 
   11   11    1    1    1    1    1    1    1    1  0.00000E+00 0.00000 
   12   12    1    1    1    1    1    1    1    1  0.00000E+00 0.00000 
   13   13    1    1    1    1    1    1    1    1  0.00000E+00 0.00000 
   14   14    1    1    1    1    1    1    1    1  0.00000E+00 0.00000 
   15   15    1    1    1    1    1    1    1    1  0.00000E+00 0.00000 
   16   16    1    1    1    1    1    1    1    1  0.00000E+00 0.00000 
   17   17    1    1    1    1    1    1    1    1  0.00000E+00 0.00000 
   18   18    1    1    1    1    1    1    1    1  0.00000E+00 0.00000 
   19   19    1    1    1    1    1    1    1    1  2.94269E+09 0.02665 
   20   20    1    1    1    1    1    1    1    1  6.76677E+08 0.03619 
   21   21    1    1    1    1    1    1    1    1  2.14763E+09 0.03244 
   22   22    1    1    1    1    1    1    1    1  1.65187E+09 0.02859 
   23   23    1    1    1    1    1    1    1    1  4.52681E+09 0.02504 
   24   24    1    1    1    1    1    1    1    1  6.10414E+09 0.01300 
   25   25    1    1    1    1    1    1    1    1  9.50215E+09 0.01300 
   26   26    1    1    1    1    1    1    1    1  1.20478E+10 0.01691 
   27   27    1    1    1    1    1    1    1    1  1.89500E+10 0.00677 
   28   28    1    1    1    1    1    1    1    1  3.54345E+10 0.00911 
   29   29    1    1    1    1    1    1    1    1  5.99785E+10 0.00758 
   30   30    1    1    1    1    1    1    1    1  8.07328E+10 0.00633 
   31   31    1    1    1    1    1    1    1    1  2.59731E+11 0.00330 
   32   32    1    1    1    1    1    1    1    1  7.41688E+11 0.00239 
   33   33    1    1    1    1    1    1    1    1  1.32382E+12 0.00155 
   34   34    1    1    1    1    1    1    1    1  2.76978E+12 0.00103 
   35   35    1    1    1    1    1    1    1    1  3.50704E+12 0.00105 
   36   36    1    1    1    1    1    1    1    1  5.18052E+12 0.00062 
   37   37    1    1    1    1    1    1    1    1  3.67912E+12 0.00065 
   38   38    1    1    1    1    1    1    1    1  1.17971E+12 0.00068 
   39   39    1    1    1    1    1    1    1    1  6.16419E+12 0.00054 
   40   40    1    1    1    1    1    1    1    1  8.12343E+12 0.00052 
   41   41    1    1    1    1    1    1    1    1  1.33032E+13 0.00045 
   42   42    1    1    1    1    1    1    1    1  1.38597E+13 0.00036 
   43   43    1    1    1    1    1    1    1    1  2.74946E+13 0.00038 
   44   44    1    1    1    1    1    1    1    1  3.23451E+13 0.00034 
   45   45    1    1    1    1    1    1    1    1  4.52525E+13 0.00031 
   46   46    1    1    1    1    1    1    1    1  8.50571E+13 0.00020 
   47   47    1    1    1    1    1    1    1    1  4.07350E+13 0.00019 
   48   48    1    1    1    1    1    1    1    1  6.55448E+13 0.00015 
   49   49    1    1    1    1    1    1    1    1  9.05318E+13 0.00021 
   50   50    1    1    1    1    1    1    1    1  8.92777E+13 0.00015 
   51   51    1    1    1    1    1    1    1    1  1.34950E+14 0.00014 
   52   52    1    1    1    1    1    1    1    1  1.10216E+14 0.00015 
   53   53    1    1    1    1    1    1    1    1  1.25455E+14 0.00014 
   54   54    1    1    1    1    1    1    1    1  8.84957E+13 0.00018 
   55   55    1    1    1    1    1    1    1    1  1.04196E+14 0.00020 
   56   56    1    1    1    1    1    1    1    1  7.27815E+13 0.00015 
   57   57    1    1    1    1    1    1    1    1  1.00513E+13 0.00017 
   58   58    1    1    1    1    1    1    1    1  1.44509E+14 0.00009 
   59   59    1    1    1    1    1    1    1    1  6.14960E+13 0.00013 
   60   60    1    1    1    1    1    1    1    1  6.63203E+13 0.00017 
   61   61    1    1    1    1    1    1    1    1  5.01111E+13 0.00014 
   62   62    1    1    1    1    1    1    1    1  5.06918E+13 0.00016 
   63   63    1    1    1    1    1    1    1    1  5.21621E+13 0.00018 
   64   64    1    1    1    1    1    1    1    1  4.34328E+13 0.00026 
   65   65    1    1    1    1    1    1    1    1  3.45943E+13 0.00032 
   66   66    1    1    1    1    1    1    1    1  3.42488E+13 0.00018 
   67   67    1    1    1    1    1    1    1    1  2.49583E+13 0.00027 
   68   68    1    1    1    1    1    1    1    1  2.05668E+13 0.00029 
   69   69    1    1    1    1    1    1    1    1  1.85285E+13 0.00025 
   70   70    1    1    1    1    1    1    1    1  2.22780E+13 0.00033 
   71   71    1    1    1    1    1    1    1    1  1.90786E+13 0.00049 
   72   72    1    1    1    1    1    1    1    1  3.58978E+13 0.00032 
   73   73    1    1    1    1    1    1    1    1  2.56670E+13 0.00041 
   74   74    1    1    1    1    1    1    1    1  1.92150E+13 0.00044 
   75   75    1    1    1    1    1    1    1    1  1.50408E+13 0.00041 
   76   76    1    1    1    1    1    1    1    1  1.21238E+13 0.00043 
   77   77    1    1    1    1    1    1    1    1  1.36779E+13 0.00058 
   78   78    1    1    1    1    1    1    1    1  1.04796E+13 0.00058 
   79   79    1    1    1    1    1    1    1    1  8.14944E+12 0.00050 
   80   80    1    1    1    1    1    1    1    1  8.27125E+12 0.00071 
   81   81    1    1    1    1    1    1    1    1  6.07331E+12 0.00070 
   82   82    1    1    1    1    1    1    1    1  4.63515E+12 0.00060 
   83   83    1    1    1    1    1    1    1    1  3.54240E+12 0.00091 
   84   84    1    1    1    1    1    1    1    1  3.30636E+12 0.00100 
   85   85    1    1    1    1    1    1    1    1  2.37269E+12 0.00122 
   86   86    1    1    1    1    1    1    1    1  1.70820E+12 0.00115 
   87   87    1    1    1    1    1    1    1    1  1.59605E+12 0.00108 
   88   88    1    1    1    1    1    1    1    1  9.88930E+11 0.00189 
   89   89    1    1    1    1    1    1    1    1  6.74671E+11 0.00201 
   90   90    1    1    1    1    1    1    1    1  3.90215E+11 0.00323 
   91   91    1    1    1    1    1    1    1    1  5.00753E+11 0.00218 
   92   92    1    1    1    1    1    1    1    1  0.00000E+00 0.00000 
   93   93    1    1    1    1    1    1    1    1  0.00000E+00 0.00000 
   94   94    1    1    1    1    1    1    1    1  0.00000E+00 0.00000 
   95   95    1    1    1    1    1    1    1    1  0.00000E+00 0.00000 
   96   96    1    1    1    1    1    1    1    1  0.00000E+00 0.00000 
   97   97    1    1    1    1    1    1    1    1  0.00000E+00 0.00000 
   98   98    1    1    1    1    1    1    1    1  0.00000E+00 0.00000 
   99   99    1    1    1    1    1    1    1    1  0.00000E+00 0.00000 
  100  100    1    1    1    1    1    1    1    1  0.00000E+00 0.00000 
];


