
DETdpaspec = [
    1    1    1    1    1    1    1    1    1    1  0.00000E+00 0.00000 
    2    2    1    1    1    1    1    1    1    1  0.00000E+00 0.00000 
    3    3    1    1    1    1    1    1    1    1  0.00000E+00 0.00000 
    4    4    1    1    1    1    1    1    1    1  0.00000E+00 0.00000 
    5    5    1    1    1    1    1    1    1    1  0.00000E+00 0.00000 
    6    6    1    1    1    1    1    1    1    1  0.00000E+00 0.00000 
    7    7    1    1    1    1    1    1    1    1  0.00000E+00 0.00000 
    8    8    1    1    1    1    1    1    1    1  0.00000E+00 0.00000 
    9    9    1    1    1    1    1    1    1    1  0.00000E+00 0.00000 
   10   10    1    1    1    1    1    1    1    1  0.00000E+00 0.00000 
   11   11    1    1    1    1    1    1    1    1  0.00000E+00 0.00000 
   12   12    1    1    1    1    1    1    1    1  0.00000E+00 0.00000 
   13   13    1    1    1    1    1    1    1    1  0.00000E+00 0.00000 
   14   14    1    1    1    1    1    1    1    1  0.00000E+00 0.00000 
   15   15    1    1    1    1    1    1    1    1  0.00000E+00 0.00000 
   16   16    1    1    1    1    1    1    1    1  0.00000E+00 0.00000 
   17   17    1    1    1    1    1    1    1    1  0.00000E+00 0.00000 
   18   18    1    1    1    1    1    1    1    1  0.00000E+00 0.00000 
   19   19    1    1    1    1    1    1    1    1  1.68585E+09 0.03926 
   20   20    1    1    1    1    1    1    1    1  2.91928E+08 0.05513 
   21   21    1    1    1    1    1    1    1    1  1.02598E+09 0.04473 
   22   22    1    1    1    1    1    1    1    1  7.60981E+08 0.04165 
   23   23    1    1    1    1    1    1    1    1  1.98989E+09 0.03634 
   24   24    1    1    1    1    1    1    1    1  2.78404E+09 0.02810 
   25   25    1    1    1    1    1    1    1    1  4.34502E+09 0.01731 
   26   26    1    1    1    1    1    1    1    1  5.34764E+09 0.01510 
   27   27    1    1    1    1    1    1    1    1  8.81282E+09 0.01958 
   28   28    1    1    1    1    1    1    1    1  1.53482E+10 0.01647 
   29   29    1    1    1    1    1    1    1    1  3.02177E+10 0.00858 
   30   30    1    1    1    1    1    1    1    1  4.68206E+10 0.00955 
   31   31    1    1    1    1    1    1    1    1  1.42275E+11 0.00479 
   32   32    1    1    1    1    1    1    1    1  4.51718E+11 0.00265 
   33   33    1    1    1    1    1    1    1    1  8.63274E+11 0.00204 
   34   34    1    1    1    1    1    1    1    1  2.02918E+12 0.00164 
   35   35    1    1    1    1    1    1    1    1  2.80949E+12 0.00109 
   36   36    1    1    1    1    1    1    1    1  3.89054E+12 0.00086 
   37   37    1    1    1    1    1    1    1    1  2.70153E+12 0.00082 
   38   38    1    1    1    1    1    1    1    1  8.42794E+11 0.00070 
   39   39    1    1    1    1    1    1    1    1  4.66752E+12 0.00070 
   40   40    1    1    1    1    1    1    1    1  6.30115E+12 0.00064 
   41   41    1    1    1    1    1    1    1    1  1.07405E+13 0.00073 
   42   42    1    1    1    1    1    1    1    1  1.10743E+13 0.00047 
   43   43    1    1    1    1    1    1    1    1  2.33942E+13 0.00053 
   44   44    1    1    1    1    1    1    1    1  2.84217E+13 0.00054 
   45   45    1    1    1    1    1    1    1    1  4.12075E+13 0.00054 
   46   46    1    1    1    1    1    1    1    1  8.14972E+13 0.00030 
   47   47    1    1    1    1    1    1    1    1  3.84523E+13 0.00033 
   48   48    1    1    1    1    1    1    1    1  6.24367E+13 0.00027 
   49   49    1    1    1    1    1    1    1    1  8.71846E+13 0.00023 
   50   50    1    1    1    1    1    1    1    1  8.66651E+13 0.00027 
   51   51    1    1    1    1    1    1    1    1  1.33928E+14 0.00018 
   52   52    1    1    1    1    1    1    1    1  1.07923E+14 0.00020 
   53   53    1    1    1    1    1    1    1    1  1.26763E+14 0.00023 
   54   54    1    1    1    1    1    1    1    1  8.84698E+13 0.00018 
   55   55    1    1    1    1    1    1    1    1  1.06834E+14 0.00020 
   56   56    1    1    1    1    1    1    1    1  7.37973E+13 0.00019 
   57   57    1    1    1    1    1    1    1    1  1.00785E+13 0.00026 
   58   58    1    1    1    1    1    1    1    1  1.46823E+14 0.00013 
   59   59    1    1    1    1    1    1    1    1  6.43901E+13 0.00024 
   60   60    1    1    1    1    1    1    1    1  6.86850E+13 0.00024 
   61   61    1    1    1    1    1    1    1    1  5.28496E+13 0.00024 
   62   62    1    1    1    1    1    1    1    1  5.31876E+13 0.00025 
   63   63    1    1    1    1    1    1    1    1  5.52949E+13 0.00026 
   64   64    1    1    1    1    1    1    1    1  4.63797E+13 0.00034 
   65   65    1    1    1    1    1    1    1    1  3.69278E+13 0.00031 
   66   66    1    1    1    1    1    1    1    1  3.66117E+13 0.00035 
   67   67    1    1    1    1    1    1    1    1  2.64016E+13 0.00038 
   68   68    1    1    1    1    1    1    1    1  2.16013E+13 0.00037 
   69   69    1    1    1    1    1    1    1    1  1.94137E+13 0.00043 
   70   70    1    1    1    1    1    1    1    1  2.33396E+13 0.00038 
   71   71    1    1    1    1    1    1    1    1  1.99068E+13 0.00034 
   72   72    1    1    1    1    1    1    1    1  3.66257E+13 0.00043 
   73   73    1    1    1    1    1    1    1    1  2.59734E+13 0.00037 
   74   74    1    1    1    1    1    1    1    1  1.95095E+13 0.00044 
   75   75    1    1    1    1    1    1    1    1  1.55422E+13 0.00045 
   76   76    1    1    1    1    1    1    1    1  1.27843E+13 0.00044 
   77   77    1    1    1    1    1    1    1    1  1.46922E+13 0.00055 
   78   78    1    1    1    1    1    1    1    1  1.14889E+13 0.00048 
   79   79    1    1    1    1    1    1    1    1  9.08915E+12 0.00052 
   80   80    1    1    1    1    1    1    1    1  9.31936E+12 0.00051 
   81   81    1    1    1    1    1    1    1    1  6.89288E+12 0.00069 
   82   82    1    1    1    1    1    1    1    1  5.28864E+12 0.00082 
   83   83    1    1    1    1    1    1    1    1  4.04921E+12 0.00077 
   84   84    1    1    1    1    1    1    1    1  3.79151E+12 0.00102 
   85   85    1    1    1    1    1    1    1    1  2.72921E+12 0.00111 
   86   86    1    1    1    1    1    1    1    1  1.96823E+12 0.00114 
   87   87    1    1    1    1    1    1    1    1  1.83779E+12 0.00107 
   88   88    1    1    1    1    1    1    1    1  1.13370E+12 0.00207 
   89   89    1    1    1    1    1    1    1    1  7.69786E+11 0.00157 
   90   90    1    1    1    1    1    1    1    1  4.47220E+11 0.00234 
   91   91    1    1    1    1    1    1    1    1  5.67313E+11 0.00248 
   92   92    1    1    1    1    1    1    1    1  0.00000E+00 0.00000 
   93   93    1    1    1    1    1    1    1    1  0.00000E+00 0.00000 
   94   94    1    1    1    1    1    1    1    1  0.00000E+00 0.00000 
   95   95    1    1    1    1    1    1    1    1  0.00000E+00 0.00000 
   96   96    1    1    1    1    1    1    1    1  0.00000E+00 0.00000 
   97   97    1    1    1    1    1    1    1    1  0.00000E+00 0.00000 
   98   98    1    1    1    1    1    1    1    1  0.00000E+00 0.00000 
   99   99    1    1    1    1    1    1    1    1  0.00000E+00 0.00000 
  100  100    1    1    1    1    1    1    1    1  0.00000E+00 0.00000 
];


