
DETdpaspec = [
    1    1    1    1    1    1    1    1    1    1  0.00000E+00 0.00000 
    2    2    1    1    1    1    1    1    1    1  0.00000E+00 0.00000 
    3    3    1    1    1    1    1    1    1    1  0.00000E+00 0.00000 
    4    4    1    1    1    1    1    1    1    1  0.00000E+00 0.00000 
    5    5    1    1    1    1    1    1    1    1  0.00000E+00 0.00000 
    6    6    1    1    1    1    1    1    1    1  0.00000E+00 0.00000 
    7    7    1    1    1    1    1    1    1    1  0.00000E+00 0.00000 
    8    8    1    1    1    1    1    1    1    1  0.00000E+00 0.00000 
    9    9    1    1    1    1    1    1    1    1  0.00000E+00 0.00000 
   10   10    1    1    1    1    1    1    1    1  0.00000E+00 0.00000 
   11   11    1    1    1    1    1    1    1    1  0.00000E+00 0.00000 
   12   12    1    1    1    1    1    1    1    1  0.00000E+00 0.00000 
   13   13    1    1    1    1    1    1    1    1  0.00000E+00 0.00000 
   14   14    1    1    1    1    1    1    1    1  0.00000E+00 0.00000 
   15   15    1    1    1    1    1    1    1    1  0.00000E+00 0.00000 
   16   16    1    1    1    1    1    1    1    1  0.00000E+00 0.00000 
   17   17    1    1    1    1    1    1    1    1  0.00000E+00 0.00000 
   18   18    1    1    1    1    1    1    1    1  0.00000E+00 0.00000 
   19   19    1    1    1    1    1    1    1    1  1.74198E+09 0.06622 
   20   20    1    1    1    1    1    1    1    1  2.25262E+08 0.07984 
   21   21    1    1    1    1    1    1    1    1  9.70182E+08 0.06022 
   22   22    1    1    1    1    1    1    1    1  6.51163E+08 0.05236 
   23   23    1    1    1    1    1    1    1    1  1.62832E+09 0.03516 
   24   24    1    1    1    1    1    1    1    1  2.46837E+09 0.02980 
   25   25    1    1    1    1    1    1    1    1  3.92265E+09 0.03100 
   26   26    1    1    1    1    1    1    1    1  4.75340E+09 0.02417 
   27   27    1    1    1    1    1    1    1    1  7.50129E+09 0.01695 
   28   28    1    1    1    1    1    1    1    1  1.36615E+10 0.01114 
   29   29    1    1    1    1    1    1    1    1  2.95739E+10 0.00998 
   30   30    1    1    1    1    1    1    1    1  4.79848E+10 0.00627 
   31   31    1    1    1    1    1    1    1    1  1.41761E+11 0.00440 
   32   32    1    1    1    1    1    1    1    1  4.51876E+11 0.00283 
   33   33    1    1    1    1    1    1    1    1  8.56926E+11 0.00202 
   34   34    1    1    1    1    1    1    1    1  2.04958E+12 0.00105 
   35   35    1    1    1    1    1    1    1    1  2.87875E+12 0.00103 
   36   36    1    1    1    1    1    1    1    1  3.85015E+12 0.00082 
   37   37    1    1    1    1    1    1    1    1  2.63318E+12 0.00076 
   38   38    1    1    1    1    1    1    1    1  8.12720E+11 0.00071 
   39   39    1    1    1    1    1    1    1    1  4.55577E+12 0.00064 
   40   40    1    1    1    1    1    1    1    1  6.16617E+12 0.00056 
   41   41    1    1    1    1    1    1    1    1  1.05977E+13 0.00039 
   42   42    1    1    1    1    1    1    1    1  1.08157E+13 0.00049 
   43   43    1    1    1    1    1    1    1    1  2.31191E+13 0.00036 
   44   44    1    1    1    1    1    1    1    1  2.81476E+13 0.00042 
   45   45    1    1    1    1    1    1    1    1  4.09471E+13 0.00031 
   46   46    1    1    1    1    1    1    1    1  8.16306E+13 0.00030 
   47   47    1    1    1    1    1    1    1    1  3.82761E+13 0.00028 
   48   48    1    1    1    1    1    1    1    1  6.19937E+13 0.00021 
   49   49    1    1    1    1    1    1    1    1  8.66301E+13 0.00020 
   50   50    1    1    1    1    1    1    1    1  8.59325E+13 0.00018 
   51   51    1    1    1    1    1    1    1    1  1.33532E+14 0.00020 
   52   52    1    1    1    1    1    1    1    1  1.06857E+14 0.00014 
   53   53    1    1    1    1    1    1    1    1  1.26494E+14 0.00020 
   54   54    1    1    1    1    1    1    1    1  8.80237E+13 0.00018 
   55   55    1    1    1    1    1    1    1    1  1.07147E+14 0.00015 
   56   56    1    1    1    1    1    1    1    1  7.37633E+13 0.00013 
   57   57    1    1    1    1    1    1    1    1  1.00414E+13 0.00030 
   58   58    1    1    1    1    1    1    1    1  1.46627E+14 0.00016 
   59   59    1    1    1    1    1    1    1    1  6.49398E+13 0.00018 
   60   60    1    1    1    1    1    1    1    1  6.90218E+13 0.00024 
   61   61    1    1    1    1    1    1    1    1  5.34272E+13 0.00022 
   62   62    1    1    1    1    1    1    1    1  5.36461E+13 0.00017 
   63   63    1    1    1    1    1    1    1    1  5.58555E+13 0.00023 
   64   64    1    1    1    1    1    1    1    1  4.69319E+13 0.00026 
   65   65    1    1    1    1    1    1    1    1  3.73008E+13 0.00030 
   66   66    1    1    1    1    1    1    1    1  3.69687E+13 0.00028 
   67   67    1    1    1    1    1    1    1    1  2.66280E+13 0.00030 
   68   68    1    1    1    1    1    1    1    1  2.17471E+13 0.00034 
   69   69    1    1    1    1    1    1    1    1  1.95146E+13 0.00042 
   70   70    1    1    1    1    1    1    1    1  2.34523E+13 0.00040 
   71   71    1    1    1    1    1    1    1    1  1.99559E+13 0.00046 
   72   72    1    1    1    1    1    1    1    1  3.64251E+13 0.00045 
   73   73    1    1    1    1    1    1    1    1  2.57599E+13 0.00036 
   74   74    1    1    1    1    1    1    1    1  1.93785E+13 0.00044 
   75   75    1    1    1    1    1    1    1    1  1.55085E+13 0.00046 
   76   76    1    1    1    1    1    1    1    1  1.28292E+13 0.00036 
   77   77    1    1    1    1    1    1    1    1  1.48091E+13 0.00056 
   78   78    1    1    1    1    1    1    1    1  1.16690E+13 0.00055 
   79   79    1    1    1    1    1    1    1    1  9.27749E+12 0.00058 
   80   80    1    1    1    1    1    1    1    1  9.54485E+12 0.00058 
   81   81    1    1    1    1    1    1    1    1  7.06130E+12 0.00063 
   82   82    1    1    1    1    1    1    1    1  5.44272E+12 0.00069 
   83   83    1    1    1    1    1    1    1    1  4.17241E+12 0.00102 
   84   84    1    1    1    1    1    1    1    1  3.90236E+12 0.00112 
   85   85    1    1    1    1    1    1    1    1  2.81105E+12 0.00118 
   86   86    1    1    1    1    1    1    1    1  2.02901E+12 0.00110 
   87   87    1    1    1    1    1    1    1    1  1.89552E+12 0.00121 
   88   88    1    1    1    1    1    1    1    1  1.17000E+12 0.00200 
   89   89    1    1    1    1    1    1    1    1  7.92811E+11 0.00234 
   90   90    1    1    1    1    1    1    1    1  4.59241E+11 0.00194 
   91   91    1    1    1    1    1    1    1    1  5.83851E+11 0.00167 
   92   92    1    1    1    1    1    1    1    1  0.00000E+00 0.00000 
   93   93    1    1    1    1    1    1    1    1  0.00000E+00 0.00000 
   94   94    1    1    1    1    1    1    1    1  0.00000E+00 0.00000 
   95   95    1    1    1    1    1    1    1    1  0.00000E+00 0.00000 
   96   96    1    1    1    1    1    1    1    1  0.00000E+00 0.00000 
   97   97    1    1    1    1    1    1    1    1  0.00000E+00 0.00000 
   98   98    1    1    1    1    1    1    1    1  0.00000E+00 0.00000 
   99   99    1    1    1    1    1    1    1    1  0.00000E+00 0.00000 
  100  100    1    1    1    1    1    1    1    1  0.00000E+00 0.00000 
];


