
DETdpaspec = [
    1    1    1    1    1    1    1    1    1    1  0.00000E+00 0.00000 
    2    2    1    1    1    1    1    1    1    1  0.00000E+00 0.00000 
    3    3    1    1    1    1    1    1    1    1  0.00000E+00 0.00000 
    4    4    1    1    1    1    1    1    1    1  0.00000E+00 0.00000 
    5    5    1    1    1    1    1    1    1    1  0.00000E+00 0.00000 
    6    6    1    1    1    1    1    1    1    1  0.00000E+00 0.00000 
    7    7    1    1    1    1    1    1    1    1  0.00000E+00 0.00000 
    8    8    1    1    1    1    1    1    1    1  0.00000E+00 0.00000 
    9    9    1    1    1    1    1    1    1    1  0.00000E+00 0.00000 
   10   10    1    1    1    1    1    1    1    1  0.00000E+00 0.00000 
   11   11    1    1    1    1    1    1    1    1  0.00000E+00 0.00000 
   12   12    1    1    1    1    1    1    1    1  0.00000E+00 0.00000 
   13   13    1    1    1    1    1    1    1    1  0.00000E+00 0.00000 
   14   14    1    1    1    1    1    1    1    1  0.00000E+00 0.00000 
   15   15    1    1    1    1    1    1    1    1  0.00000E+00 0.00000 
   16   16    1    1    1    1    1    1    1    1  0.00000E+00 0.00000 
   17   17    1    1    1    1    1    1    1    1  0.00000E+00 0.00000 
   18   18    1    1    1    1    1    1    1    1  0.00000E+00 0.00000 
   19   19    1    1    1    1    1    1    1    1  1.34332E+09 0.06558 
   20   20    1    1    1    1    1    1    1    1  2.23734E+08 0.09969 
   21   21    1    1    1    1    1    1    1    1  7.61366E+08 0.08340 
   22   22    1    1    1    1    1    1    1    1  5.31029E+08 0.04304 
   23   23    1    1    1    1    1    1    1    1  1.25018E+09 0.04122 
   24   24    1    1    1    1    1    1    1    1  1.91741E+09 0.02964 
   25   25    1    1    1    1    1    1    1    1  3.13113E+09 0.03260 
   26   26    1    1    1    1    1    1    1    1  4.20863E+09 0.02310 
   27   27    1    1    1    1    1    1    1    1  6.99143E+09 0.01661 
   28   28    1    1    1    1    1    1    1    1  1.36440E+10 0.01712 
   29   29    1    1    1    1    1    1    1    1  3.20939E+10 0.01204 
   30   30    1    1    1    1    1    1    1    1  5.57683E+10 0.00732 
   31   31    1    1    1    1    1    1    1    1  1.57280E+11 0.00388 
   32   32    1    1    1    1    1    1    1    1  4.91778E+11 0.00400 
   33   33    1    1    1    1    1    1    1    1  9.17114E+11 0.00233 
   34   34    1    1    1    1    1    1    1    1  2.20871E+12 0.00142 
   35   35    1    1    1    1    1    1    1    1  3.11857E+12 0.00077 
   36   36    1    1    1    1    1    1    1    1  3.97750E+12 0.00091 
   37   37    1    1    1    1    1    1    1    1  2.66456E+12 0.00066 
   38   38    1    1    1    1    1    1    1    1  8.11559E+11 0.00076 
   39   39    1    1    1    1    1    1    1    1  4.59870E+12 0.00059 
   40   40    1    1    1    1    1    1    1    1  6.22594E+12 0.00064 
   41   41    1    1    1    1    1    1    1    1  1.07338E+13 0.00044 
   42   42    1    1    1    1    1    1    1    1  1.08345E+13 0.00050 
   43   43    1    1    1    1    1    1    1    1  2.33465E+13 0.00047 
   44   44    1    1    1    1    1    1    1    1  2.84523E+13 0.00042 
   45   45    1    1    1    1    1    1    1    1  4.13915E+13 0.00032 
   46   46    1    1    1    1    1    1    1    1  8.29086E+13 0.00023 
   47   47    1    1    1    1    1    1    1    1  3.85157E+13 0.00020 
   48   48    1    1    1    1    1    1    1    1  6.21328E+13 0.00025 
   49   49    1    1    1    1    1    1    1    1  8.66968E+13 0.00020 
   50   50    1    1    1    1    1    1    1    1  8.56860E+13 0.00021 
   51   51    1    1    1    1    1    1    1    1  1.33629E+14 0.00020 
   52   52    1    1    1    1    1    1    1    1  1.05893E+14 0.00014 
   53   53    1    1    1    1    1    1    1    1  1.26190E+14 0.00013 
   54   54    1    1    1    1    1    1    1    1  8.74341E+13 0.00015 
   55   55    1    1    1    1    1    1    1    1  1.07158E+14 0.00014 
   56   56    1    1    1    1    1    1    1    1  7.35358E+13 0.00009 
   57   57    1    1    1    1    1    1    1    1  9.98315E+12 0.00033 
   58   58    1    1    1    1    1    1    1    1  1.45938E+14 0.00015 
   59   59    1    1    1    1    1    1    1    1  6.52157E+13 0.00018 
   60   60    1    1    1    1    1    1    1    1  6.90249E+13 0.00023 
   61   61    1    1    1    1    1    1    1    1  5.37392E+13 0.00025 
   62   62    1    1    1    1    1    1    1    1  5.38244E+13 0.00023 
   63   63    1    1    1    1    1    1    1    1  5.60894E+13 0.00027 
   64   64    1    1    1    1    1    1    1    1  4.71361E+13 0.00025 
   65   65    1    1    1    1    1    1    1    1  3.73891E+13 0.00031 
   66   66    1    1    1    1    1    1    1    1  3.70390E+13 0.00032 
   67   67    1    1    1    1    1    1    1    1  2.66131E+13 0.00032 
   68   68    1    1    1    1    1    1    1    1  2.16487E+13 0.00033 
   69   69    1    1    1    1    1    1    1    1  1.93987E+13 0.00026 
   70   70    1    1    1    1    1    1    1    1  2.32872E+13 0.00022 
   71   71    1    1    1    1    1    1    1    1  1.97960E+13 0.00039 
   72   72    1    1    1    1    1    1    1    1  3.58194E+13 0.00041 
   73   73    1    1    1    1    1    1    1    1  2.52181E+13 0.00042 
   74   74    1    1    1    1    1    1    1    1  1.89991E+13 0.00035 
   75   75    1    1    1    1    1    1    1    1  1.52889E+13 0.00047 
   76   76    1    1    1    1    1    1    1    1  1.26985E+13 0.00065 
   77   77    1    1    1    1    1    1    1    1  1.47312E+13 0.00051 
   78   78    1    1    1    1    1    1    1    1  1.16622E+13 0.00060 
   79   79    1    1    1    1    1    1    1    1  9.30953E+12 0.00068 
   80   80    1    1    1    1    1    1    1    1  9.62923E+12 0.00045 
   81   81    1    1    1    1    1    1    1    1  7.13819E+12 0.00061 
   82   82    1    1    1    1    1    1    1    1  5.50349E+12 0.00062 
   83   83    1    1    1    1    1    1    1    1  4.22595E+12 0.00075 
   84   84    1    1    1    1    1    1    1    1  3.96151E+12 0.00102 
   85   85    1    1    1    1    1    1    1    1  2.84566E+12 0.00092 
   86   86    1    1    1    1    1    1    1    1  2.05439E+12 0.00132 
   87   87    1    1    1    1    1    1    1    1  1.92524E+12 0.00153 
   88   88    1    1    1    1    1    1    1    1  1.18330E+12 0.00194 
   89   89    1    1    1    1    1    1    1    1  7.98977E+11 0.00228 
   90   90    1    1    1    1    1    1    1    1  4.64625E+11 0.00361 
   91   91    1    1    1    1    1    1    1    1  5.88130E+11 0.00200 
   92   92    1    1    1    1    1    1    1    1  0.00000E+00 0.00000 
   93   93    1    1    1    1    1    1    1    1  0.00000E+00 0.00000 
   94   94    1    1    1    1    1    1    1    1  0.00000E+00 0.00000 
   95   95    1    1    1    1    1    1    1    1  0.00000E+00 0.00000 
   96   96    1    1    1    1    1    1    1    1  0.00000E+00 0.00000 
   97   97    1    1    1    1    1    1    1    1  0.00000E+00 0.00000 
   98   98    1    1    1    1    1    1    1    1  0.00000E+00 0.00000 
   99   99    1    1    1    1    1    1    1    1  0.00000E+00 0.00000 
  100  100    1    1    1    1    1    1    1    1  0.00000E+00 0.00000 
];


