
DETdpaspec = [
    1    1    1    1    1    1    1    1    1    1  0.00000E+00 0.00000 
    2    2    1    1    1    1    1    1    1    1  0.00000E+00 0.00000 
    3    3    1    1    1    1    1    1    1    1  0.00000E+00 0.00000 
    4    4    1    1    1    1    1    1    1    1  0.00000E+00 0.00000 
    5    5    1    1    1    1    1    1    1    1  0.00000E+00 0.00000 
    6    6    1    1    1    1    1    1    1    1  0.00000E+00 0.00000 
    7    7    1    1    1    1    1    1    1    1  0.00000E+00 0.00000 
    8    8    1    1    1    1    1    1    1    1  0.00000E+00 0.00000 
    9    9    1    1    1    1    1    1    1    1  0.00000E+00 0.00000 
   10   10    1    1    1    1    1    1    1    1  0.00000E+00 0.00000 
   11   11    1    1    1    1    1    1    1    1  0.00000E+00 0.00000 
   12   12    1    1    1    1    1    1    1    1  0.00000E+00 0.00000 
   13   13    1    1    1    1    1    1    1    1  0.00000E+00 0.00000 
   14   14    1    1    1    1    1    1    1    1  0.00000E+00 0.00000 
   15   15    1    1    1    1    1    1    1    1  0.00000E+00 0.00000 
   16   16    1    1    1    1    1    1    1    1  0.00000E+00 0.00000 
   17   17    1    1    1    1    1    1    1    1  0.00000E+00 0.00000 
   18   18    1    1    1    1    1    1    1    1  0.00000E+00 0.00000 
   19   19    1    1    1    1    1    1    1    1  1.81469E+09 0.04615 
   20   20    1    1    1    1    1    1    1    1  2.79054E+08 0.07750 
   21   21    1    1    1    1    1    1    1    1  9.02252E+08 0.06531 
   22   22    1    1    1    1    1    1    1    1  7.09457E+08 0.04070 
   23   23    1    1    1    1    1    1    1    1  1.89527E+09 0.02975 
   24   24    1    1    1    1    1    1    1    1  2.74196E+09 0.03120 
   25   25    1    1    1    1    1    1    1    1  4.30176E+09 0.02014 
   26   26    1    1    1    1    1    1    1    1  5.31357E+09 0.01809 
   27   27    1    1    1    1    1    1    1    1  8.30816E+09 0.01285 
   28   28    1    1    1    1    1    1    1    1  1.47844E+10 0.01340 
   29   29    1    1    1    1    1    1    1    1  2.98743E+10 0.01060 
   30   30    1    1    1    1    1    1    1    1  4.67545E+10 0.00605 
   31   31    1    1    1    1    1    1    1    1  1.40865E+11 0.00429 
   32   32    1    1    1    1    1    1    1    1  4.47897E+11 0.00307 
   33   33    1    1    1    1    1    1    1    1  8.54835E+11 0.00287 
   34   34    1    1    1    1    1    1    1    1  2.02214E+12 0.00142 
   35   35    1    1    1    1    1    1    1    1  2.81647E+12 0.00065 
   36   36    1    1    1    1    1    1    1    1  3.86147E+12 0.00090 
   37   37    1    1    1    1    1    1    1    1  2.66745E+12 0.00096 
   38   38    1    1    1    1    1    1    1    1  8.29489E+11 0.00087 
   39   39    1    1    1    1    1    1    1    1  4.61512E+12 0.00074 
   40   40    1    1    1    1    1    1    1    1  6.23330E+12 0.00051 
   41   41    1    1    1    1    1    1    1    1  1.06620E+13 0.00048 
   42   42    1    1    1    1    1    1    1    1  1.09670E+13 0.00051 
   43   43    1    1    1    1    1    1    1    1  2.32699E+13 0.00037 
   44   44    1    1    1    1    1    1    1    1  2.82964E+13 0.00037 
   45   45    1    1    1    1    1    1    1    1  4.10481E+13 0.00025 
   46   46    1    1    1    1    1    1    1    1  8.14559E+13 0.00021 
   47   47    1    1    1    1    1    1    1    1  3.83447E+13 0.00019 
   48   48    1    1    1    1    1    1    1    1  6.22428E+13 0.00018 
   49   49    1    1    1    1    1    1    1    1  8.69246E+13 0.00020 
   50   50    1    1    1    1    1    1    1    1  8.64138E+13 0.00016 
   51   51    1    1    1    1    1    1    1    1  1.33779E+14 0.00022 
   52   52    1    1    1    1    1    1    1    1  1.07564E+14 0.00020 
   53   53    1    1    1    1    1    1    1    1  1.26635E+14 0.00016 
   54   54    1    1    1    1    1    1    1    1  8.83353E+13 0.00015 
   55   55    1    1    1    1    1    1    1    1  1.06966E+14 0.00016 
   56   56    1    1    1    1    1    1    1    1  7.38043E+13 0.00017 
   57   57    1    1    1    1    1    1    1    1  1.00683E+13 0.00033 
   58   58    1    1    1    1    1    1    1    1  1.46767E+14 0.00013 
   59   59    1    1    1    1    1    1    1    1  6.45829E+13 0.00019 
   60   60    1    1    1    1    1    1    1    1  6.88460E+13 0.00023 
   61   61    1    1    1    1    1    1    1    1  5.30673E+13 0.00027 
   62   62    1    1    1    1    1    1    1    1  5.33680E+13 0.00025 
   63   63    1    1    1    1    1    1    1    1  5.55175E+13 0.00029 
   64   64    1    1    1    1    1    1    1    1  4.65879E+13 0.00026 
   65   65    1    1    1    1    1    1    1    1  3.70671E+13 0.00037 
   66   66    1    1    1    1    1    1    1    1  3.67484E+13 0.00032 
   67   67    1    1    1    1    1    1    1    1  2.64999E+13 0.00040 
   68   68    1    1    1    1    1    1    1    1  2.16669E+13 0.00044 
   69   69    1    1    1    1    1    1    1    1  1.94762E+13 0.00038 
   70   70    1    1    1    1    1    1    1    1  2.34073E+13 0.00036 
   71   71    1    1    1    1    1    1    1    1  1.99416E+13 0.00034 
   72   72    1    1    1    1    1    1    1    1  3.65707E+13 0.00034 
   73   73    1    1    1    1    1    1    1    1  2.59351E+13 0.00036 
   74   74    1    1    1    1    1    1    1    1  1.94957E+13 0.00047 
   75   75    1    1    1    1    1    1    1    1  1.55564E+13 0.00054 
   76   76    1    1    1    1    1    1    1    1  1.28271E+13 0.00049 
   77   77    1    1    1    1    1    1    1    1  1.47439E+13 0.00041 
   78   78    1    1    1    1    1    1    1    1  1.15563E+13 0.00045 
   79   79    1    1    1    1    1    1    1    1  9.16870E+12 0.00075 
   80   80    1    1    1    1    1    1    1    1  9.41571E+12 0.00054 
   81   81    1    1    1    1    1    1    1    1  6.95857E+12 0.00077 
   82   82    1    1    1    1    1    1    1    1  5.34445E+12 0.00079 
   83   83    1    1    1    1    1    1    1    1  4.10432E+12 0.00093 
   84   84    1    1    1    1    1    1    1    1  3.83488E+12 0.00108 
   85   85    1    1    1    1    1    1    1    1  2.75702E+12 0.00091 
   86   86    1    1    1    1    1    1    1    1  1.98652E+12 0.00158 
   87   87    1    1    1    1    1    1    1    1  1.86332E+12 0.00100 
   88   88    1    1    1    1    1    1    1    1  1.14865E+12 0.00209 
   89   89    1    1    1    1    1    1    1    1  7.78845E+11 0.00245 
   90   90    1    1    1    1    1    1    1    1  4.52447E+11 0.00325 
   91   91    1    1    1    1    1    1    1    1  5.74605E+11 0.00229 
   92   92    1    1    1    1    1    1    1    1  0.00000E+00 0.00000 
   93   93    1    1    1    1    1    1    1    1  0.00000E+00 0.00000 
   94   94    1    1    1    1    1    1    1    1  0.00000E+00 0.00000 
   95   95    1    1    1    1    1    1    1    1  0.00000E+00 0.00000 
   96   96    1    1    1    1    1    1    1    1  0.00000E+00 0.00000 
   97   97    1    1    1    1    1    1    1    1  0.00000E+00 0.00000 
   98   98    1    1    1    1    1    1    1    1  0.00000E+00 0.00000 
   99   99    1    1    1    1    1    1    1    1  0.00000E+00 0.00000 
  100  100    1    1    1    1    1    1    1    1  0.00000E+00 0.00000 
];


