
DETdpaspec = [
    1    1    1    1    1    1    1    1    1    1  0.00000E+00 0.00000 
    2    2    1    1    1    1    1    1    1    1  0.00000E+00 0.00000 
    3    3    1    1    1    1    1    1    1    1  0.00000E+00 0.00000 
    4    4    1    1    1    1    1    1    1    1  0.00000E+00 0.00000 
    5    5    1    1    1    1    1    1    1    1  0.00000E+00 0.00000 
    6    6    1    1    1    1    1    1    1    1  0.00000E+00 0.00000 
    7    7    1    1    1    1    1    1    1    1  0.00000E+00 0.00000 
    8    8    1    1    1    1    1    1    1    1  0.00000E+00 0.00000 
    9    9    1    1    1    1    1    1    1    1  0.00000E+00 0.00000 
   10   10    1    1    1    1    1    1    1    1  0.00000E+00 0.00000 
   11   11    1    1    1    1    1    1    1    1  0.00000E+00 0.00000 
   12   12    1    1    1    1    1    1    1    1  0.00000E+00 0.00000 
   13   13    1    1    1    1    1    1    1    1  0.00000E+00 0.00000 
   14   14    1    1    1    1    1    1    1    1  0.00000E+00 0.00000 
   15   15    1    1    1    1    1    1    1    1  0.00000E+00 0.00000 
   16   16    1    1    1    1    1    1    1    1  0.00000E+00 0.00000 
   17   17    1    1    1    1    1    1    1    1  0.00000E+00 0.00000 
   18   18    1    1    1    1    1    1    1    1  0.00000E+00 0.00000 
   19   19    1    1    1    1    1    1    1    1  2.09316E+09 0.03028 
   20   20    1    1    1    1    1    1    1    1  3.60695E+08 0.05245 
   21   21    1    1    1    1    1    1    1    1  1.27604E+09 0.04893 
   22   22    1    1    1    1    1    1    1    1  9.38300E+08 0.03835 
   23   23    1    1    1    1    1    1    1    1  2.49250E+09 0.03091 
   24   24    1    1    1    1    1    1    1    1  3.47549E+09 0.02325 
   25   25    1    1    1    1    1    1    1    1  5.14033E+09 0.02130 
   26   26    1    1    1    1    1    1    1    1  6.25407E+09 0.01662 
   27   27    1    1    1    1    1    1    1    1  1.03485E+10 0.01612 
   28   28    1    1    1    1    1    1    1    1  1.79640E+10 0.01254 
   29   29    1    1    1    1    1    1    1    1  3.34901E+10 0.01008 
   30   30    1    1    1    1    1    1    1    1  4.94837E+10 0.00699 
   31   31    1    1    1    1    1    1    1    1  1.53019E+11 0.00322 
   32   32    1    1    1    1    1    1    1    1  4.79891E+11 0.00253 
   33   33    1    1    1    1    1    1    1    1  9.10755E+11 0.00264 
   34   34    1    1    1    1    1    1    1    1  2.09057E+12 0.00131 
   35   35    1    1    1    1    1    1    1    1  2.84395E+12 0.00090 
   36   36    1    1    1    1    1    1    1    1  4.03412E+12 0.00085 
   37   37    1    1    1    1    1    1    1    1  2.82216E+12 0.00066 
   38   38    1    1    1    1    1    1    1    1  8.88512E+11 0.00093 
   39   39    1    1    1    1    1    1    1    1  4.85838E+12 0.00077 
   40   40    1    1    1    1    1    1    1    1  6.53875E+12 0.00056 
   41   41    1    1    1    1    1    1    1    1  1.10607E+13 0.00050 
   42   42    1    1    1    1    1    1    1    1  1.14823E+13 0.00045 
   43   43    1    1    1    1    1    1    1    1  2.39848E+13 0.00038 
   44   44    1    1    1    1    1    1    1    1  2.90127E+13 0.00037 
   45   45    1    1    1    1    1    1    1    1  4.18596E+13 0.00028 
   46   46    1    1    1    1    1    1    1    1  8.19782E+13 0.00023 
   47   47    1    1    1    1    1    1    1    1  3.88040E+13 0.00018 
   48   48    1    1    1    1    1    1    1    1  6.30916E+13 0.00023 
   49   49    1    1    1    1    1    1    1    1  8.78916E+13 0.00014 
   50   50    1    1    1    1    1    1    1    1  8.74785E+13 0.00022 
   51   51    1    1    1    1    1    1    1    1  1.34407E+14 0.00016 
   52   52    1    1    1    1    1    1    1    1  1.08907E+14 0.00017 
   53   53    1    1    1    1    1    1    1    1  1.26870E+14 0.00019 
   54   54    1    1    1    1    1    1    1    1  8.87957E+13 0.00014 
   55   55    1    1    1    1    1    1    1    1  1.06448E+14 0.00014 
   56   56    1    1    1    1    1    1    1    1  7.36906E+13 0.00016 
   57   57    1    1    1    1    1    1    1    1  1.00924E+13 0.00025 
   58   58    1    1    1    1    1    1    1    1  1.46697E+14 0.00014 
   59   59    1    1    1    1    1    1    1    1  6.37720E+13 0.00018 
   60   60    1    1    1    1    1    1    1    1  6.82580E+13 0.00013 
   61   61    1    1    1    1    1    1    1    1  5.22046E+13 0.00018 
   62   62    1    1    1    1    1    1    1    1  5.26195E+13 0.00016 
   63   63    1    1    1    1    1    1    1    1  5.46227E+13 0.00023 
   64   64    1    1    1    1    1    1    1    1  4.57446E+13 0.00033 
   65   65    1    1    1    1    1    1    1    1  3.64595E+13 0.00025 
   66   66    1    1    1    1    1    1    1    1  3.61471E+13 0.00022 
   67   67    1    1    1    1    1    1    1    1  2.60855E+13 0.00036 
   68   68    1    1    1    1    1    1    1    1  2.13779E+13 0.00030 
   69   69    1    1    1    1    1    1    1    1  1.92530E+13 0.00034 
   70   70    1    1    1    1    1    1    1    1  2.31312E+13 0.00023 
   71   71    1    1    1    1    1    1    1    1  1.97534E+13 0.00046 
   72   72    1    1    1    1    1    1    1    1  3.65520E+13 0.00043 
   73   73    1    1    1    1    1    1    1    1  2.59720E+13 0.00041 
   74   74    1    1    1    1    1    1    1    1  1.95037E+13 0.00051 
   75   75    1    1    1    1    1    1    1    1  1.54448E+13 0.00060 
   76   76    1    1    1    1    1    1    1    1  1.26294E+13 0.00037 
   77   77    1    1    1    1    1    1    1    1  1.44492E+13 0.00040 
   78   78    1    1    1    1    1    1    1    1  1.12494E+13 0.00051 
   79   79    1    1    1    1    1    1    1    1  8.86353E+12 0.00043 
   80   80    1    1    1    1    1    1    1    1  9.04918E+12 0.00064 
   81   81    1    1    1    1    1    1    1    1  6.68271E+12 0.00075 
   82   82    1    1    1    1    1    1    1    1  5.12679E+12 0.00077 
   83   83    1    1    1    1    1    1    1    1  3.92944E+12 0.00091 
   84   84    1    1    1    1    1    1    1    1  3.67655E+12 0.00080 
   85   85    1    1    1    1    1    1    1    1  2.63599E+12 0.00111 
   86   86    1    1    1    1    1    1    1    1  1.89935E+12 0.00155 
   87   87    1    1    1    1    1    1    1    1  1.77095E+12 0.00112 
   88   88    1    1    1    1    1    1    1    1  1.10191E+12 0.00183 
   89   89    1    1    1    1    1    1    1    1  7.43575E+11 0.00189 
   90   90    1    1    1    1    1    1    1    1  4.31709E+11 0.00294 
   91   91    1    1    1    1    1    1    1    1  5.53727E+11 0.00260 
   92   92    1    1    1    1    1    1    1    1  0.00000E+00 0.00000 
   93   93    1    1    1    1    1    1    1    1  0.00000E+00 0.00000 
   94   94    1    1    1    1    1    1    1    1  0.00000E+00 0.00000 
   95   95    1    1    1    1    1    1    1    1  0.00000E+00 0.00000 
   96   96    1    1    1    1    1    1    1    1  0.00000E+00 0.00000 
   97   97    1    1    1    1    1    1    1    1  0.00000E+00 0.00000 
   98   98    1    1    1    1    1    1    1    1  0.00000E+00 0.00000 
   99   99    1    1    1    1    1    1    1    1  0.00000E+00 0.00000 
  100  100    1    1    1    1    1    1    1    1  0.00000E+00 0.00000 
];


