
DETdpaspec = [
    1    1    1    1    1    1    1    1    1    1  0.00000E+00 0.00000 
    2    2    1    1    1    1    1    1    1    1  0.00000E+00 0.00000 
    3    3    1    1    1    1    1    1    1    1  0.00000E+00 0.00000 
    4    4    1    1    1    1    1    1    1    1  0.00000E+00 0.00000 
    5    5    1    1    1    1    1    1    1    1  0.00000E+00 0.00000 
    6    6    1    1    1    1    1    1    1    1  0.00000E+00 0.00000 
    7    7    1    1    1    1    1    1    1    1  0.00000E+00 0.00000 
    8    8    1    1    1    1    1    1    1    1  0.00000E+00 0.00000 
    9    9    1    1    1    1    1    1    1    1  0.00000E+00 0.00000 
   10   10    1    1    1    1    1    1    1    1  0.00000E+00 0.00000 
   11   11    1    1    1    1    1    1    1    1  0.00000E+00 0.00000 
   12   12    1    1    1    1    1    1    1    1  0.00000E+00 0.00000 
   13   13    1    1    1    1    1    1    1    1  0.00000E+00 0.00000 
   14   14    1    1    1    1    1    1    1    1  0.00000E+00 0.00000 
   15   15    1    1    1    1    1    1    1    1  0.00000E+00 0.00000 
   16   16    1    1    1    1    1    1    1    1  0.00000E+00 0.00000 
   17   17    1    1    1    1    1    1    1    1  0.00000E+00 0.00000 
   18   18    1    1    1    1    1    1    1    1  0.00000E+00 0.00000 
   19   19    1    1    1    1    1    1    1    1  1.00197E+09 0.12062 
   20   20    1    1    1    1    1    1    1    1  1.17399E+08 0.12028 
   21   21    1    1    1    1    1    1    1    1  5.32203E+08 0.06735 
   22   22    1    1    1    1    1    1    1    1  3.95316E+08 0.07576 
   23   23    1    1    1    1    1    1    1    1  7.78285E+08 0.04643 
   24   24    1    1    1    1    1    1    1    1  1.61508E+09 0.03269 
   25   25    1    1    1    1    1    1    1    1  3.88455E+09 0.02342 
   26   26    1    1    1    1    1    1    1    1  6.41759E+09 0.02184 
   27   27    1    1    1    1    1    1    1    1  1.41046E+10 0.01492 
   28   28    1    1    1    1    1    1    1    1  3.36361E+10 0.01022 
   29   29    1    1    1    1    1    1    1    1  8.41392E+10 0.00651 
   30   30    1    1    1    1    1    1    1    1  1.54772E+11 0.00438 
   31   31    1    1    1    1    1    1    1    1  3.64021E+11 0.00307 
   32   32    1    1    1    1    1    1    1    1  9.58888E+11 0.00179 
   33   33    1    1    1    1    1    1    1    1  1.59753E+12 0.00164 
   34   34    1    1    1    1    1    1    1    1  3.55386E+12 0.00090 
   35   35    1    1    1    1    1    1    1    1  4.75326E+12 0.00064 
   36   36    1    1    1    1    1    1    1    1  5.29592E+12 0.00073 
   37   37    1    1    1    1    1    1    1    1  3.30795E+12 0.00078 
   38   38    1    1    1    1    1    1    1    1  9.79462E+11 0.00062 
   39   39    1    1    1    1    1    1    1    1  5.62120E+12 0.00071 
   40   40    1    1    1    1    1    1    1    1  7.52298E+12 0.00040 
   41   41    1    1    1    1    1    1    1    1  1.28751E+13 0.00043 
   42   42    1    1    1    1    1    1    1    1  1.25836E+13 0.00046 
   43   43    1    1    1    1    1    1    1    1  2.71682E+13 0.00047 
   44   44    1    1    1    1    1    1    1    1  3.26379E+13 0.00034 
   45   45    1    1    1    1    1    1    1    1  4.67193E+13 0.00030 
   46   46    1    1    1    1    1    1    1    1  9.21076E+13 0.00026 
   47   47    1    1    1    1    1    1    1    1  4.14116E+13 0.00028 
   48   48    1    1    1    1    1    1    1    1  6.58391E+13 0.00023 
   49   49    1    1    1    1    1    1    1    1  9.04171E+13 0.00023 
   50   50    1    1    1    1    1    1    1    1  8.80208E+13 0.00023 
   51   51    1    1    1    1    1    1    1    1  1.36414E+14 0.00015 
   52   52    1    1    1    1    1    1    1    1  1.05276E+14 0.00012 
   53   53    1    1    1    1    1    1    1    1  1.25839E+14 0.00019 
   54   54    1    1    1    1    1    1    1    1  8.58398E+13 0.00015 
   55   55    1    1    1    1    1    1    1    1  1.05719E+14 0.00015 
   56   56    1    1    1    1    1    1    1    1  7.18385E+13 0.00021 
   57   57    1    1    1    1    1    1    1    1  9.67775E+12 0.00035 
   58   58    1    1    1    1    1    1    1    1  1.41203E+14 0.00018 
   59   59    1    1    1    1    1    1    1    1  6.36962E+13 0.00023 
   60   60    1    1    1    1    1    1    1    1  6.66078E+13 0.00022 
   61   61    1    1    1    1    1    1    1    1  5.21470E+13 0.00019 
   62   62    1    1    1    1    1    1    1    1  5.19059E+13 0.00025 
   63   63    1    1    1    1    1    1    1    1  5.39378E+13 0.00027 
   64   64    1    1    1    1    1    1    1    1  4.51914E+13 0.00025 
   65   65    1    1    1    1    1    1    1    1  3.56158E+13 0.00032 
   66   66    1    1    1    1    1    1    1    1  3.50662E+13 0.00024 
   67   67    1    1    1    1    1    1    1    1  2.50683E+13 0.00040 
   68   68    1    1    1    1    1    1    1    1  2.02311E+13 0.00036 
   69   69    1    1    1    1    1    1    1    1  1.80565E+13 0.00042 
   70   70    1    1    1    1    1    1    1    1  2.15704E+13 0.00035 
   71   71    1    1    1    1    1    1    1    1  1.82081E+13 0.00034 
   72   72    1    1    1    1    1    1    1    1  3.23046E+13 0.00039 
   73   73    1    1    1    1    1    1    1    1  2.25501E+13 0.00030 
   74   74    1    1    1    1    1    1    1    1  1.69148E+13 0.00043 
   75   75    1    1    1    1    1    1    1    1  1.36625E+13 0.00041 
   76   76    1    1    1    1    1    1    1    1  1.14503E+13 0.00069 
   77   77    1    1    1    1    1    1    1    1  1.33738E+13 0.00048 
   78   78    1    1    1    1    1    1    1    1  1.06795E+13 0.00039 
   79   79    1    1    1    1    1    1    1    1  8.57174E+12 0.00069 
   80   80    1    1    1    1    1    1    1    1  8.89330E+12 0.00069 
   81   81    1    1    1    1    1    1    1    1  6.61377E+12 0.00065 
   82   82    1    1    1    1    1    1    1    1  5.10075E+12 0.00108 
   83   83    1    1    1    1    1    1    1    1  3.92465E+12 0.00101 
   84   84    1    1    1    1    1    1    1    1  3.67715E+12 0.00072 
   85   85    1    1    1    1    1    1    1    1  2.64509E+12 0.00071 
   86   86    1    1    1    1    1    1    1    1  1.91148E+12 0.00098 
   87   87    1    1    1    1    1    1    1    1  1.78666E+12 0.00123 
   88   88    1    1    1    1    1    1    1    1  1.09952E+12 0.00191 
   89   89    1    1    1    1    1    1    1    1  7.34923E+11 0.00224 
   90   90    1    1    1    1    1    1    1    1  4.24709E+11 0.00251 
   91   91    1    1    1    1    1    1    1    1  5.34496E+11 0.00266 
   92   92    1    1    1    1    1    1    1    1  0.00000E+00 0.00000 
   93   93    1    1    1    1    1    1    1    1  0.00000E+00 0.00000 
   94   94    1    1    1    1    1    1    1    1  0.00000E+00 0.00000 
   95   95    1    1    1    1    1    1    1    1  0.00000E+00 0.00000 
   96   96    1    1    1    1    1    1    1    1  0.00000E+00 0.00000 
   97   97    1    1    1    1    1    1    1    1  0.00000E+00 0.00000 
   98   98    1    1    1    1    1    1    1    1  0.00000E+00 0.00000 
   99   99    1    1    1    1    1    1    1    1  0.00000E+00 0.00000 
  100  100    1    1    1    1    1    1    1    1  0.00000E+00 0.00000 
];


