
DETdpaspec = [
    1    1    1    1    1    1    1    1    1    1  0.00000E+00 0.00000 
    2    2    1    1    1    1    1    1    1    1  0.00000E+00 0.00000 
    3    3    1    1    1    1    1    1    1    1  0.00000E+00 0.00000 
    4    4    1    1    1    1    1    1    1    1  0.00000E+00 0.00000 
    5    5    1    1    1    1    1    1    1    1  0.00000E+00 0.00000 
    6    6    1    1    1    1    1    1    1    1  0.00000E+00 0.00000 
    7    7    1    1    1    1    1    1    1    1  0.00000E+00 0.00000 
    8    8    1    1    1    1    1    1    1    1  0.00000E+00 0.00000 
    9    9    1    1    1    1    1    1    1    1  0.00000E+00 0.00000 
   10   10    1    1    1    1    1    1    1    1  0.00000E+00 0.00000 
   11   11    1    1    1    1    1    1    1    1  0.00000E+00 0.00000 
   12   12    1    1    1    1    1    1    1    1  0.00000E+00 0.00000 
   13   13    1    1    1    1    1    1    1    1  0.00000E+00 0.00000 
   14   14    1    1    1    1    1    1    1    1  0.00000E+00 0.00000 
   15   15    1    1    1    1    1    1    1    1  0.00000E+00 0.00000 
   16   16    1    1    1    1    1    1    1    1  0.00000E+00 0.00000 
   17   17    1    1    1    1    1    1    1    1  0.00000E+00 0.00000 
   18   18    1    1    1    1    1    1    1    1  0.00000E+00 0.00000 
   19   19    1    1    1    1    1    1    1    1  1.31646E+09 0.07863 
   20   20    1    1    1    1    1    1    1    1  1.20448E+08 0.11947 
   21   21    1    1    1    1    1    1    1    1  6.61940E+08 0.08981 
   22   22    1    1    1    1    1    1    1    1  5.61338E+08 0.06675 
   23   23    1    1    1    1    1    1    1    1  1.05696E+09 0.05335 
   24   24    1    1    1    1    1    1    1    1  1.71377E+09 0.03819 
   25   25    1    1    1    1    1    1    1    1  3.21168E+09 0.04019 
   26   26    1    1    1    1    1    1    1    1  4.55620E+09 0.02954 
   27   27    1    1    1    1    1    1    1    1  8.52553E+09 0.01656 
   28   28    1    1    1    1    1    1    1    1  1.92196E+10 0.01155 
   29   29    1    1    1    1    1    1    1    1  4.92713E+10 0.00909 
   30   30    1    1    1    1    1    1    1    1  9.13844E+10 0.00704 
   31   31    1    1    1    1    1    1    1    1  2.34465E+11 0.00375 
   32   32    1    1    1    1    1    1    1    1  6.79051E+11 0.00220 
   33   33    1    1    1    1    1    1    1    1  1.20015E+12 0.00204 
   34   34    1    1    1    1    1    1    1    1  2.80490E+12 0.00124 
   35   35    1    1    1    1    1    1    1    1  3.87911E+12 0.00108 
   36   36    1    1    1    1    1    1    1    1  4.57630E+12 0.00096 
   37   37    1    1    1    1    1    1    1    1  2.94292E+12 0.00082 
   38   38    1    1    1    1    1    1    1    1  8.81813E+11 0.00078 
   39   39    1    1    1    1    1    1    1    1  5.04138E+12 0.00066 
   40   40    1    1    1    1    1    1    1    1  6.79280E+12 0.00053 
   41   41    1    1    1    1    1    1    1    1  1.16955E+13 0.00051 
   42   42    1    1    1    1    1    1    1    1  1.15769E+13 0.00057 
   43   43    1    1    1    1    1    1    1    1  2.50571E+13 0.00047 
   44   44    1    1    1    1    1    1    1    1  3.03499E+13 0.00041 
   45   45    1    1    1    1    1    1    1    1  4.38265E+13 0.00025 
   46   46    1    1    1    1    1    1    1    1  8.73460E+13 0.00030 
   47   47    1    1    1    1    1    1    1    1  3.98643E+13 0.00032 
   48   48    1    1    1    1    1    1    1    1  6.37707E+13 0.00023 
   49   49    1    1    1    1    1    1    1    1  8.83256E+13 0.00025 
   50   50    1    1    1    1    1    1    1    1  8.66003E+13 0.00022 
   51   51    1    1    1    1    1    1    1    1  1.34916E+14 0.00020 
   52   52    1    1    1    1    1    1    1    1  1.05318E+14 0.00018 
   53   53    1    1    1    1    1    1    1    1  1.26017E+14 0.00012 
   54   54    1    1    1    1    1    1    1    1  8.65596E+13 0.00017 
   55   55    1    1    1    1    1    1    1    1  1.06600E+14 0.00013 
   56   56    1    1    1    1    1    1    1    1  7.27542E+13 0.00018 
   57   57    1    1    1    1    1    1    1    1  9.82640E+12 0.00026 
   58   58    1    1    1    1    1    1    1    1  1.43655E+14 0.00017 
   59   59    1    1    1    1    1    1    1    1  6.47116E+13 0.00022 
   60   60    1    1    1    1    1    1    1    1  6.79837E+13 0.00025 
   61   61    1    1    1    1    1    1    1    1  5.31993E+13 0.00029 
   62   62    1    1    1    1    1    1    1    1  5.31074E+13 0.00029 
   63   63    1    1    1    1    1    1    1    1  5.53029E+13 0.00029 
   64   64    1    1    1    1    1    1    1    1  4.63726E+13 0.00024 
   65   65    1    1    1    1    1    1    1    1  3.66638E+13 0.00033 
   66   66    1    1    1    1    1    1    1    1  3.62226E+13 0.00023 
   67   67    1    1    1    1    1    1    1    1  2.59474E+13 0.00026 
   68   68    1    1    1    1    1    1    1    1  2.10082E+13 0.00040 
   69   69    1    1    1    1    1    1    1    1  1.87916E+13 0.00050 
   70   70    1    1    1    1    1    1    1    1  2.24989E+13 0.00038 
   71   71    1    1    1    1    1    1    1    1  1.90337E+13 0.00040 
   72   72    1    1    1    1    1    1    1    1  3.40383E+13 0.00022 
   73   73    1    1    1    1    1    1    1    1  2.38326E+13 0.00041 
   74   74    1    1    1    1    1    1    1    1  1.78974E+13 0.00028 
   75   75    1    1    1    1    1    1    1    1  1.44688E+13 0.00044 
   76   76    1    1    1    1    1    1    1    1  1.20883E+13 0.00044 
   77   77    1    1    1    1    1    1    1    1  1.41105E+13 0.00030 
   78   78    1    1    1    1    1    1    1    1  1.12183E+13 0.00046 
   79   79    1    1    1    1    1    1    1    1  9.01638E+12 0.00049 
   80   80    1    1    1    1    1    1    1    1  9.33327E+12 0.00072 
   81   81    1    1    1    1    1    1    1    1  6.93841E+12 0.00062 
   82   82    1    1    1    1    1    1    1    1  5.35737E+12 0.00079 
   83   83    1    1    1    1    1    1    1    1  4.12014E+12 0.00080 
   84   84    1    1    1    1    1    1    1    1  3.85487E+12 0.00095 
   85   85    1    1    1    1    1    1    1    1  2.78163E+12 0.00110 
   86   86    1    1    1    1    1    1    1    1  2.00489E+12 0.00144 
   87   87    1    1    1    1    1    1    1    1  1.87645E+12 0.00143 
   88   88    1    1    1    1    1    1    1    1  1.15197E+12 0.00138 
   89   89    1    1    1    1    1    1    1    1  7.75266E+11 0.00190 
   90   90    1    1    1    1    1    1    1    1  4.50313E+11 0.00379 
   91   91    1    1    1    1    1    1    1    1  5.66508E+11 0.00228 
   92   92    1    1    1    1    1    1    1    1  0.00000E+00 0.00000 
   93   93    1    1    1    1    1    1    1    1  0.00000E+00 0.00000 
   94   94    1    1    1    1    1    1    1    1  0.00000E+00 0.00000 
   95   95    1    1    1    1    1    1    1    1  0.00000E+00 0.00000 
   96   96    1    1    1    1    1    1    1    1  0.00000E+00 0.00000 
   97   97    1    1    1    1    1    1    1    1  0.00000E+00 0.00000 
   98   98    1    1    1    1    1    1    1    1  0.00000E+00 0.00000 
   99   99    1    1    1    1    1    1    1    1  0.00000E+00 0.00000 
  100  100    1    1    1    1    1    1    1    1  0.00000E+00 0.00000 
];


