
DETdpaspec = [
    1    1    1    1    1    1    1    1    1    1  0.00000E+00 0.00000 
    2    2    1    1    1    1    1    1    1    1  0.00000E+00 0.00000 
    3    3    1    1    1    1    1    1    1    1  0.00000E+00 0.00000 
    4    4    1    1    1    1    1    1    1    1  0.00000E+00 0.00000 
    5    5    1    1    1    1    1    1    1    1  0.00000E+00 0.00000 
    6    6    1    1    1    1    1    1    1    1  0.00000E+00 0.00000 
    7    7    1    1    1    1    1    1    1    1  0.00000E+00 0.00000 
    8    8    1    1    1    1    1    1    1    1  0.00000E+00 0.00000 
    9    9    1    1    1    1    1    1    1    1  0.00000E+00 0.00000 
   10   10    1    1    1    1    1    1    1    1  0.00000E+00 0.00000 
   11   11    1    1    1    1    1    1    1    1  0.00000E+00 0.00000 
   12   12    1    1    1    1    1    1    1    1  0.00000E+00 0.00000 
   13   13    1    1    1    1    1    1    1    1  0.00000E+00 0.00000 
   14   14    1    1    1    1    1    1    1    1  0.00000E+00 0.00000 
   15   15    1    1    1    1    1    1    1    1  0.00000E+00 0.00000 
   16   16    1    1    1    1    1    1    1    1  0.00000E+00 0.00000 
   17   17    1    1    1    1    1    1    1    1  0.00000E+00 0.00000 
   18   18    1    1    1    1    1    1    1    1  0.00000E+00 0.00000 
   19   19    1    1    1    1    1    1    1    1  8.07773E+08 0.13417 
   20   20    1    1    1    1    1    1    1    1  1.17985E+08 0.13907 
   21   21    1    1    1    1    1    1    1    1  4.59455E+08 0.07615 
   22   22    1    1    1    1    1    1    1    1  4.58358E+08 0.09148 
   23   23    1    1    1    1    1    1    1    1  8.31293E+08 0.06273 
   24   24    1    1    1    1    1    1    1    1  2.22327E+09 0.04118 
   25   25    1    1    1    1    1    1    1    1  7.22687E+09 0.02167 
   26   26    1    1    1    1    1    1    1    1  1.27311E+10 0.01616 
   27   27    1    1    1    1    1    1    1    1  2.92077E+10 0.00886 
   28   28    1    1    1    1    1    1    1    1  6.74653E+10 0.00466 
   29   29    1    1    1    1    1    1    1    1  1.54173E+11 0.00484 
   30   30    1    1    1    1    1    1    1    1  2.67388E+11 0.00422 
   31   31    1    1    1    1    1    1    1    1  5.76217E+11 0.00303 
   32   32    1    1    1    1    1    1    1    1  1.36472E+12 0.00155 
   33   33    1    1    1    1    1    1    1    1  2.14876E+12 0.00132 
   34   34    1    1    1    1    1    1    1    1  4.52865E+12 0.00107 
   35   35    1    1    1    1    1    1    1    1  5.82633E+12 0.00089 
   36   36    1    1    1    1    1    1    1    1  6.18403E+12 0.00071 
   37   37    1    1    1    1    1    1    1    1  3.75286E+12 0.00061 
   38   38    1    1    1    1    1    1    1    1  1.10193E+12 0.00046 
   39   39    1    1    1    1    1    1    1    1  6.32731E+12 0.00049 
   40   40    1    1    1    1    1    1    1    1  8.40594E+12 0.00048 
   41   41    1    1    1    1    1    1    1    1  1.42726E+13 0.00049 
   42   42    1    1    1    1    1    1    1    1  1.37715E+13 0.00039 
   43   43    1    1    1    1    1    1    1    1  2.95960E+13 0.00041 
   44   44    1    1    1    1    1    1    1    1  3.52555E+13 0.00038 
   45   45    1    1    1    1    1    1    1    1  4.99754E+13 0.00030 
   46   46    1    1    1    1    1    1    1    1  9.72877E+13 0.00029 
   47   47    1    1    1    1    1    1    1    1  4.31180E+13 0.00024 
   48   48    1    1    1    1    1    1    1    1  6.81401E+13 0.00018 
   49   49    1    1    1    1    1    1    1    1  9.27455E+13 0.00022 
   50   50    1    1    1    1    1    1    1    1  8.96524E+13 0.00019 
   51   51    1    1    1    1    1    1    1    1  1.38031E+14 0.00015 
   52   52    1    1    1    1    1    1    1    1  1.05362E+14 0.00012 
   53   53    1    1    1    1    1    1    1    1  1.25597E+14 0.00017 
   54   54    1    1    1    1    1    1    1    1  8.50351E+13 0.00016 
   55   55    1    1    1    1    1    1    1    1  1.04522E+14 0.00018 
   56   56    1    1    1    1    1    1    1    1  7.07151E+13 0.00016 
   57   57    1    1    1    1    1    1    1    1  9.50167E+12 0.00030 
   58   58    1    1    1    1    1    1    1    1  1.38372E+14 0.00017 
   59   59    1    1    1    1    1    1    1    1  6.23626E+13 0.00022 
   60   60    1    1    1    1    1    1    1    1  6.49480E+13 0.00017 
   61   61    1    1    1    1    1    1    1    1  5.08393E+13 0.00019 
   62   62    1    1    1    1    1    1    1    1  5.04788E+13 0.00017 
   63   63    1    1    1    1    1    1    1    1  5.23328E+13 0.00021 
   64   64    1    1    1    1    1    1    1    1  4.36812E+13 0.00033 
   65   65    1    1    1    1    1    1    1    1  3.43282E+13 0.00029 
   66   66    1    1    1    1    1    1    1    1  3.37383E+13 0.00025 
   67   67    1    1    1    1    1    1    1    1  2.40270E+13 0.00033 
   68   68    1    1    1    1    1    1    1    1  1.93595E+13 0.00021 
   69   69    1    1    1    1    1    1    1    1  1.72554E+13 0.00042 
   70   70    1    1    1    1    1    1    1    1  2.05746E+13 0.00045 
   71   71    1    1    1    1    1    1    1    1  1.73007E+13 0.00033 
   72   72    1    1    1    1    1    1    1    1  3.05187E+13 0.00028 
   73   73    1    1    1    1    1    1    1    1  2.12009E+13 0.00030 
   74   74    1    1    1    1    1    1    1    1  1.58849E+13 0.00039 
   75   75    1    1    1    1    1    1    1    1  1.28463E+13 0.00067 
   76   76    1    1    1    1    1    1    1    1  1.07732E+13 0.00053 
   77   77    1    1    1    1    1    1    1    1  1.25707E+13 0.00039 
   78   78    1    1    1    1    1    1    1    1  1.00535E+13 0.00057 
   79   79    1    1    1    1    1    1    1    1  8.08001E+12 0.00053 
   80   80    1    1    1    1    1    1    1    1  8.38709E+12 0.00075 
   81   81    1    1    1    1    1    1    1    1  6.22624E+12 0.00057 
   82   82    1    1    1    1    1    1    1    1  4.80155E+12 0.00080 
   83   83    1    1    1    1    1    1    1    1  3.69323E+12 0.00094 
   84   84    1    1    1    1    1    1    1    1  3.45849E+12 0.00074 
   85   85    1    1    1    1    1    1    1    1  2.49033E+12 0.00107 
   86   86    1    1    1    1    1    1    1    1  1.79484E+12 0.00145 
   87   87    1    1    1    1    1    1    1    1  1.68263E+12 0.00151 
   88   88    1    1    1    1    1    1    1    1  1.02239E+12 0.00146 
   89   89    1    1    1    1    1    1    1    1  6.85704E+11 0.00213 
   90   90    1    1    1    1    1    1    1    1  3.96695E+11 0.00231 
   91   91    1    1    1    1    1    1    1    1  4.96475E+11 0.00209 
   92   92    1    1    1    1    1    1    1    1  0.00000E+00 0.00000 
   93   93    1    1    1    1    1    1    1    1  0.00000E+00 0.00000 
   94   94    1    1    1    1    1    1    1    1  0.00000E+00 0.00000 
   95   95    1    1    1    1    1    1    1    1  0.00000E+00 0.00000 
   96   96    1    1    1    1    1    1    1    1  0.00000E+00 0.00000 
   97   97    1    1    1    1    1    1    1    1  0.00000E+00 0.00000 
   98   98    1    1    1    1    1    1    1    1  0.00000E+00 0.00000 
   99   99    1    1    1    1    1    1    1    1  0.00000E+00 0.00000 
  100  100    1    1    1    1    1    1    1    1  0.00000E+00 0.00000 
];


