
DETdpaspec = [
    1    1    1    1    1    1    1    1    1    1  0.00000E+00 0.00000 
    2    2    1    1    1    1    1    1    1    1  0.00000E+00 0.00000 
    3    3    1    1    1    1    1    1    1    1  0.00000E+00 0.00000 
    4    4    1    1    1    1    1    1    1    1  0.00000E+00 0.00000 
    5    5    1    1    1    1    1    1    1    1  0.00000E+00 0.00000 
    6    6    1    1    1    1    1    1    1    1  0.00000E+00 0.00000 
    7    7    1    1    1    1    1    1    1    1  0.00000E+00 0.00000 
    8    8    1    1    1    1    1    1    1    1  0.00000E+00 0.00000 
    9    9    1    1    1    1    1    1    1    1  0.00000E+00 0.00000 
   10   10    1    1    1    1    1    1    1    1  0.00000E+00 0.00000 
   11   11    1    1    1    1    1    1    1    1  0.00000E+00 0.00000 
   12   12    1    1    1    1    1    1    1    1  0.00000E+00 0.00000 
   13   13    1    1    1    1    1    1    1    1  0.00000E+00 0.00000 
   14   14    1    1    1    1    1    1    1    1  0.00000E+00 0.00000 
   15   15    1    1    1    1    1    1    1    1  0.00000E+00 0.00000 
   16   16    1    1    1    1    1    1    1    1  0.00000E+00 0.00000 
   17   17    1    1    1    1    1    1    1    1  0.00000E+00 0.00000 
   18   18    1    1    1    1    1    1    1    1  0.00000E+00 0.00000 
   19   19    1    1    1    1    1    1    1    1  1.02699E+09 0.10650 
   20   20    1    1    1    1    1    1    1    1  1.83860E+08 0.13469 
   21   21    1    1    1    1    1    1    1    1  6.08345E+08 0.07592 
   22   22    1    1    1    1    1    1    1    1  4.64277E+08 0.06998 
   23   23    1    1    1    1    1    1    1    1  1.06048E+09 0.04992 
   24   24    1    1    1    1    1    1    1    1  1.67016E+09 0.03705 
   25   25    1    1    1    1    1    1    1    1  3.20908E+09 0.03134 
   26   26    1    1    1    1    1    1    1    1  4.33393E+09 0.02008 
   27   27    1    1    1    1    1    1    1    1  7.81589E+09 0.02370 
   28   28    1    1    1    1    1    1    1    1  1.66062E+10 0.01494 
   29   29    1    1    1    1    1    1    1    1  4.17739E+10 0.00905 
   30   30    1    1    1    1    1    1    1    1  7.67807E+10 0.00894 
   31   31    1    1    1    1    1    1    1    1  2.03631E+11 0.00552 
   32   32    1    1    1    1    1    1    1    1  6.08265E+11 0.00249 
   33   33    1    1    1    1    1    1    1    1  1.09267E+12 0.00197 
   34   34    1    1    1    1    1    1    1    1  2.58597E+12 0.00135 
   35   35    1    1    1    1    1    1    1    1  3.60578E+12 0.00112 
   36   36    1    1    1    1    1    1    1    1  4.34941E+12 0.00068 
   37   37    1    1    1    1    1    1    1    1  2.83358E+12 0.00077 
   38   38    1    1    1    1    1    1    1    1  8.52632E+11 0.00069 
   39   39    1    1    1    1    1    1    1    1  4.86640E+12 0.00076 
   40   40    1    1    1    1    1    1    1    1  6.57223E+12 0.00068 
   41   41    1    1    1    1    1    1    1    1  1.13359E+13 0.00058 
   42   42    1    1    1    1    1    1    1    1  1.12870E+13 0.00054 
   43   43    1    1    1    1    1    1    1    1  2.44167E+13 0.00062 
   44   44    1    1    1    1    1    1    1    1  2.96511E+13 0.00041 
   45   45    1    1    1    1    1    1    1    1  4.29139E+13 0.00035 
   46   46    1    1    1    1    1    1    1    1  8.57919E+13 0.00025 
   47   47    1    1    1    1    1    1    1    1  3.93679E+13 0.00025 
   48   48    1    1    1    1    1    1    1    1  6.31326E+13 0.00017 
   49   49    1    1    1    1    1    1    1    1  8.76554E+13 0.00018 
   50   50    1    1    1    1    1    1    1    1  8.61800E+13 0.00013 
   51   51    1    1    1    1    1    1    1    1  1.34418E+14 0.00012 
   52   52    1    1    1    1    1    1    1    1  1.05417E+14 0.00015 
   53   53    1    1    1    1    1    1    1    1  1.26063E+14 0.00012 
   54   54    1    1    1    1    1    1    1    1  8.68222E+13 0.00018 
   55   55    1    1    1    1    1    1    1    1  1.06865E+14 0.00018 
   56   56    1    1    1    1    1    1    1    1  7.30461E+13 0.00018 
   57   57    1    1    1    1    1    1    1    1  9.87500E+12 0.00034 
   58   58    1    1    1    1    1    1    1    1  1.44438E+14 0.00013 
   59   59    1    1    1    1    1    1    1    1  6.49627E+13 0.00018 
   60   60    1    1    1    1    1    1    1    1  6.84282E+13 0.00018 
   61   61    1    1    1    1    1    1    1    1  5.34709E+13 0.00020 
   62   62    1    1    1    1    1    1    1    1  5.34237E+13 0.00020 
   63   63    1    1    1    1    1    1    1    1  5.56563E+13 0.00022 
   64   64    1    1    1    1    1    1    1    1  4.67043E+13 0.00025 
   65   65    1    1    1    1    1    1    1    1  3.69790E+13 0.00022 
   66   66    1    1    1    1    1    1    1    1  3.65410E+13 0.00029 
   67   67    1    1    1    1    1    1    1    1  2.62144E+13 0.00043 
   68   68    1    1    1    1    1    1    1    1  2.12466E+13 0.00038 
   69   69    1    1    1    1    1    1    1    1  1.90118E+13 0.00039 
   70   70    1    1    1    1    1    1    1    1  2.27945E+13 0.00034 
   71   71    1    1    1    1    1    1    1    1  1.92991E+13 0.00056 
   72   72    1    1    1    1    1    1    1    1  3.46010E+13 0.00027 
   73   73    1    1    1    1    1    1    1    1  2.43137E+13 0.00041 
   74   74    1    1    1    1    1    1    1    1  1.82907E+13 0.00055 
   75   75    1    1    1    1    1    1    1    1  1.47511E+13 0.00062 
   76   76    1    1    1    1    1    1    1    1  1.23217E+13 0.00052 
   77   77    1    1    1    1    1    1    1    1  1.43405E+13 0.00049 
   78   78    1    1    1    1    1    1    1    1  1.14103E+13 0.00058 
   79   79    1    1    1    1    1    1    1    1  9.13666E+12 0.00075 
   80   80    1    1    1    1    1    1    1    1  9.46939E+12 0.00058 
   81   81    1    1    1    1    1    1    1    1  7.02620E+12 0.00071 
   82   82    1    1    1    1    1    1    1    1  5.41561E+12 0.00070 
   83   83    1    1    1    1    1    1    1    1  4.16657E+12 0.00082 
   84   84    1    1    1    1    1    1    1    1  3.89857E+12 0.00118 
   85   85    1    1    1    1    1    1    1    1  2.81083E+12 0.00114 
   86   86    1    1    1    1    1    1    1    1  2.02865E+12 0.00116 
   87   87    1    1    1    1    1    1    1    1  1.90215E+12 0.00125 
   88   88    1    1    1    1    1    1    1    1  1.16405E+12 0.00174 
   89   89    1    1    1    1    1    1    1    1  7.86626E+11 0.00143 
   90   90    1    1    1    1    1    1    1    1  4.54523E+11 0.00207 
   91   91    1    1    1    1    1    1    1    1  5.77253E+11 0.00245 
   92   92    1    1    1    1    1    1    1    1  0.00000E+00 0.00000 
   93   93    1    1    1    1    1    1    1    1  0.00000E+00 0.00000 
   94   94    1    1    1    1    1    1    1    1  0.00000E+00 0.00000 
   95   95    1    1    1    1    1    1    1    1  0.00000E+00 0.00000 
   96   96    1    1    1    1    1    1    1    1  0.00000E+00 0.00000 
   97   97    1    1    1    1    1    1    1    1  0.00000E+00 0.00000 
   98   98    1    1    1    1    1    1    1    1  0.00000E+00 0.00000 
   99   99    1    1    1    1    1    1    1    1  0.00000E+00 0.00000 
  100  100    1    1    1    1    1    1    1    1  0.00000E+00 0.00000 
];


