
DETdpaspec = [
    1    1    1    1    1    1    1    1    1    1  0.00000E+00 0.00000 
    2    2    1    1    1    1    1    1    1    1  0.00000E+00 0.00000 
    3    3    1    1    1    1    1    1    1    1  0.00000E+00 0.00000 
    4    4    1    1    1    1    1    1    1    1  0.00000E+00 0.00000 
    5    5    1    1    1    1    1    1    1    1  0.00000E+00 0.00000 
    6    6    1    1    1    1    1    1    1    1  0.00000E+00 0.00000 
    7    7    1    1    1    1    1    1    1    1  0.00000E+00 0.00000 
    8    8    1    1    1    1    1    1    1    1  0.00000E+00 0.00000 
    9    9    1    1    1    1    1    1    1    1  0.00000E+00 0.00000 
   10   10    1    1    1    1    1    1    1    1  0.00000E+00 0.00000 
   11   11    1    1    1    1    1    1    1    1  0.00000E+00 0.00000 
   12   12    1    1    1    1    1    1    1    1  0.00000E+00 0.00000 
   13   13    1    1    1    1    1    1    1    1  0.00000E+00 0.00000 
   14   14    1    1    1    1    1    1    1    1  0.00000E+00 0.00000 
   15   15    1    1    1    1    1    1    1    1  0.00000E+00 0.00000 
   16   16    1    1    1    1    1    1    1    1  0.00000E+00 0.00000 
   17   17    1    1    1    1    1    1    1    1  0.00000E+00 0.00000 
   18   18    1    1    1    1    1    1    1    1  0.00000E+00 0.00000 
   19   19    1    1    1    1    1    1    1    1  1.06841E+09 0.10586 
   20   20    1    1    1    1    1    1    1    1  1.54861E+08 0.10129 
   21   21    1    1    1    1    1    1    1    1  5.88125E+08 0.06745 
   22   22    1    1    1    1    1    1    1    1  4.98187E+08 0.06398 
   23   23    1    1    1    1    1    1    1    1  1.01073E+09 0.04266 
   24   24    1    1    1    1    1    1    1    1  1.61055E+09 0.02788 
   25   25    1    1    1    1    1    1    1    1  3.23016E+09 0.02581 
   26   26    1    1    1    1    1    1    1    1  4.80233E+09 0.02929 
   27   27    1    1    1    1    1    1    1    1  9.14785E+09 0.02183 
   28   28    1    1    1    1    1    1    1    1  2.11002E+10 0.01028 
   29   29    1    1    1    1    1    1    1    1  5.44911E+10 0.00742 
   30   30    1    1    1    1    1    1    1    1  1.01077E+11 0.00517 
   31   31    1    1    1    1    1    1    1    1  2.55854E+11 0.00359 
   32   32    1    1    1    1    1    1    1    1  7.30692E+11 0.00247 
   33   33    1    1    1    1    1    1    1    1  1.27608E+12 0.00207 
   34   34    1    1    1    1    1    1    1    1  2.94976E+12 0.00134 
   35   35    1    1    1    1    1    1    1    1  4.05367E+12 0.00117 
   36   36    1    1    1    1    1    1    1    1  4.71647E+12 0.00084 
   37   37    1    1    1    1    1    1    1    1  3.01439E+12 0.00068 
   38   38    1    1    1    1    1    1    1    1  9.00092E+11 0.00088 
   39   39    1    1    1    1    1    1    1    1  5.15672E+12 0.00064 
   40   40    1    1    1    1    1    1    1    1  6.93826E+12 0.00063 
   41   41    1    1    1    1    1    1    1    1  1.19330E+13 0.00058 
   42   42    1    1    1    1    1    1    1    1  1.17840E+13 0.00048 
   43   43    1    1    1    1    1    1    1    1  2.55026E+13 0.00049 
   44   44    1    1    1    1    1    1    1    1  3.08467E+13 0.00045 
   45   45    1    1    1    1    1    1    1    1  4.44504E+13 0.00035 
   46   46    1    1    1    1    1    1    1    1  8.83967E+13 0.00030 
   47   47    1    1    1    1    1    1    1    1  4.01904E+13 0.00022 
   48   48    1    1    1    1    1    1    1    1  6.42155E+13 0.00024 
   49   49    1    1    1    1    1    1    1    1  8.87628E+13 0.00023 
   50   50    1    1    1    1    1    1    1    1  8.68989E+13 0.00022 
   51   51    1    1    1    1    1    1    1    1  1.35278E+14 0.00013 
   52   52    1    1    1    1    1    1    1    1  1.05261E+14 0.00015 
   53   53    1    1    1    1    1    1    1    1  1.25980E+14 0.00011 
   54   54    1    1    1    1    1    1    1    1  8.63821E+13 0.00015 
   55   55    1    1    1    1    1    1    1    1  1.06440E+14 0.00014 
   56   56    1    1    1    1    1    1    1    1  7.25295E+13 0.00021 
   57   57    1    1    1    1    1    1    1    1  9.79161E+12 0.00051 
   58   58    1    1    1    1    1    1    1    1  1.43151E+14 0.00017 
   59   59    1    1    1    1    1    1    1    1  6.44969E+13 0.00018 
   60   60    1    1    1    1    1    1    1    1  6.77159E+13 0.00021 
   61   61    1    1    1    1    1    1    1    1  5.29890E+13 0.00024 
   62   62    1    1    1    1    1    1    1    1  5.28765E+13 0.00024 
   63   63    1    1    1    1    1    1    1    1  5.50254E+13 0.00024 
   64   64    1    1    1    1    1    1    1    1  4.61528E+13 0.00024 
   65   65    1    1    1    1    1    1    1    1  3.64427E+13 0.00036 
   66   66    1    1    1    1    1    1    1    1  3.59740E+13 0.00034 
   67   67    1    1    1    1    1    1    1    1  2.57545E+13 0.00028 
   68   68    1    1    1    1    1    1    1    1  2.08425E+13 0.00039 
   69   69    1    1    1    1    1    1    1    1  1.86270E+13 0.00044 
   70   70    1    1    1    1    1    1    1    1  2.23004E+13 0.00045 
   71   71    1    1    1    1    1    1    1    1  1.88486E+13 0.00031 
   72   72    1    1    1    1    1    1    1    1  3.36431E+13 0.00038 
   73   73    1    1    1    1    1    1    1    1  2.35645E+13 0.00039 
   74   74    1    1    1    1    1    1    1    1  1.76863E+13 0.00039 
   75   75    1    1    1    1    1    1    1    1  1.42925E+13 0.00044 
   76   76    1    1    1    1    1    1    1    1  1.19547E+13 0.00056 
   77   77    1    1    1    1    1    1    1    1  1.39448E+13 0.00046 
   78   78    1    1    1    1    1    1    1    1  1.11186E+13 0.00037 
   79   79    1    1    1    1    1    1    1    1  8.92074E+12 0.00057 
   80   80    1    1    1    1    1    1    1    1  9.25214E+12 0.00052 
   81   81    1    1    1    1    1    1    1    1  6.87648E+12 0.00077 
   82   82    1    1    1    1    1    1    1    1  5.30417E+12 0.00081 
   83   83    1    1    1    1    1    1    1    1  4.08131E+12 0.00082 
   84   84    1    1    1    1    1    1    1    1  3.82268E+12 0.00101 
   85   85    1    1    1    1    1    1    1    1  2.74680E+12 0.00136 
   86   86    1    1    1    1    1    1    1    1  1.98803E+12 0.00107 
   87   87    1    1    1    1    1    1    1    1  1.86178E+12 0.00109 
   88   88    1    1    1    1    1    1    1    1  1.13976E+12 0.00147 
   89   89    1    1    1    1    1    1    1    1  7.67074E+11 0.00182 
   90   90    1    1    1    1    1    1    1    1  4.41949E+11 0.00391 
   91   91    1    1    1    1    1    1    1    1  5.60574E+11 0.00239 
   92   92    1    1    1    1    1    1    1    1  0.00000E+00 0.00000 
   93   93    1    1    1    1    1    1    1    1  0.00000E+00 0.00000 
   94   94    1    1    1    1    1    1    1    1  0.00000E+00 0.00000 
   95   95    1    1    1    1    1    1    1    1  0.00000E+00 0.00000 
   96   96    1    1    1    1    1    1    1    1  0.00000E+00 0.00000 
   97   97    1    1    1    1    1    1    1    1  0.00000E+00 0.00000 
   98   98    1    1    1    1    1    1    1    1  0.00000E+00 0.00000 
   99   99    1    1    1    1    1    1    1    1  0.00000E+00 0.00000 
  100  100    1    1    1    1    1    1    1    1  0.00000E+00 0.00000 
];


