
DETdpaspec = [
    1    1    1    1    1    1    1    1    1    1  0.00000E+00 0.00000 
    2    2    1    1    1    1    1    1    1    1  0.00000E+00 0.00000 
    3    3    1    1    1    1    1    1    1    1  0.00000E+00 0.00000 
    4    4    1    1    1    1    1    1    1    1  0.00000E+00 0.00000 
    5    5    1    1    1    1    1    1    1    1  0.00000E+00 0.00000 
    6    6    1    1    1    1    1    1    1    1  0.00000E+00 0.00000 
    7    7    1    1    1    1    1    1    1    1  0.00000E+00 0.00000 
    8    8    1    1    1    1    1    1    1    1  0.00000E+00 0.00000 
    9    9    1    1    1    1    1    1    1    1  0.00000E+00 0.00000 
   10   10    1    1    1    1    1    1    1    1  0.00000E+00 0.00000 
   11   11    1    1    1    1    1    1    1    1  0.00000E+00 0.00000 
   12   12    1    1    1    1    1    1    1    1  0.00000E+00 0.00000 
   13   13    1    1    1    1    1    1    1    1  0.00000E+00 0.00000 
   14   14    1    1    1    1    1    1    1    1  0.00000E+00 0.00000 
   15   15    1    1    1    1    1    1    1    1  0.00000E+00 0.00000 
   16   16    1    1    1    1    1    1    1    1  0.00000E+00 0.00000 
   17   17    1    1    1    1    1    1    1    1  0.00000E+00 0.00000 
   18   18    1    1    1    1    1    1    1    1  0.00000E+00 0.00000 
   19   19    1    1    1    1    1    1    1    1  1.70889E+09 0.05361 
   20   20    1    1    1    1    1    1    1    1  2.85323E+08 0.07979 
   21   21    1    1    1    1    1    1    1    1  9.91423E+08 0.05035 
   22   22    1    1    1    1    1    1    1    1  7.34053E+08 0.04062 
   23   23    1    1    1    1    1    1    1    1  1.65516E+09 0.04587 
   24   24    1    1    1    1    1    1    1    1  2.49771E+09 0.02621 
   25   25    1    1    1    1    1    1    1    1  4.13732E+09 0.02170 
   26   26    1    1    1    1    1    1    1    1  5.17423E+09 0.01983 
   27   27    1    1    1    1    1    1    1    1  8.21674E+09 0.01774 
   28   28    1    1    1    1    1    1    1    1  1.49209E+10 0.01406 
   29   29    1    1    1    1    1    1    1    1  3.02882E+10 0.00965 
   30   30    1    1    1    1    1    1    1    1  4.71071E+10 0.00684 
   31   31    1    1    1    1    1    1    1    1  1.39275E+11 0.00474 
   32   32    1    1    1    1    1    1    1    1  4.44440E+11 0.00232 
   33   33    1    1    1    1    1    1    1    1  8.51283E+11 0.00155 
   34   34    1    1    1    1    1    1    1    1  2.02155E+12 0.00151 
   35   35    1    1    1    1    1    1    1    1  2.82097E+12 0.00137 
   36   36    1    1    1    1    1    1    1    1  3.85777E+12 0.00097 
   37   37    1    1    1    1    1    1    1    1  2.66050E+12 0.00088 
   38   38    1    1    1    1    1    1    1    1  8.26578E+11 0.00079 
   39   39    1    1    1    1    1    1    1    1  4.59874E+12 0.00049 
   40   40    1    1    1    1    1    1    1    1  6.21498E+12 0.00038 
   41   41    1    1    1    1    1    1    1    1  1.06412E+13 0.00041 
   42   42    1    1    1    1    1    1    1    1  1.09235E+13 0.00034 
   43   43    1    1    1    1    1    1    1    1  2.32298E+13 0.00036 
   44   44    1    1    1    1    1    1    1    1  2.82667E+13 0.00041 
   45   45    1    1    1    1    1    1    1    1  4.10249E+13 0.00024 
   46   46    1    1    1    1    1    1    1    1  8.14823E+13 0.00018 
   47   47    1    1    1    1    1    1    1    1  3.83410E+13 0.00023 
   48   48    1    1    1    1    1    1    1    1  6.21954E+13 0.00021 
   49   49    1    1    1    1    1    1    1    1  8.68801E+13 0.00021 
   50   50    1    1    1    1    1    1    1    1  8.62998E+13 0.00017 
   51   51    1    1    1    1    1    1    1    1  1.33742E+14 0.00013 
   52   52    1    1    1    1    1    1    1    1  1.07464E+14 0.00018 
   53   53    1    1    1    1    1    1    1    1  1.26616E+14 0.00016 
   54   54    1    1    1    1    1    1    1    1  8.82723E+13 0.00014 
   55   55    1    1    1    1    1    1    1    1  1.06996E+14 0.00017 
   56   56    1    1    1    1    1    1    1    1  7.37845E+13 0.00018 
   57   57    1    1    1    1    1    1    1    1  1.00595E+13 0.00033 
   58   58    1    1    1    1    1    1    1    1  1.46734E+14 0.00012 
   59   59    1    1    1    1    1    1    1    1  6.46417E+13 0.00014 
   60   60    1    1    1    1    1    1    1    1  6.88855E+13 0.00017 
   61   61    1    1    1    1    1    1    1    1  5.31374E+13 0.00020 
   62   62    1    1    1    1    1    1    1    1  5.34245E+13 0.00019 
   63   63    1    1    1    1    1    1    1    1  5.55630E+13 0.00026 
   64   64    1    1    1    1    1    1    1    1  4.66586E+13 0.00032 
   65   65    1    1    1    1    1    1    1    1  3.71345E+13 0.00023 
   66   66    1    1    1    1    1    1    1    1  3.67969E+13 0.00025 
   67   67    1    1    1    1    1    1    1    1  2.65175E+13 0.00023 
   68   68    1    1    1    1    1    1    1    1  2.16746E+13 0.00044 
   69   69    1    1    1    1    1    1    1    1  1.94799E+13 0.00033 
   70   70    1    1    1    1    1    1    1    1  2.34200E+13 0.00037 
   71   71    1    1    1    1    1    1    1    1  1.99554E+13 0.00043 
   72   72    1    1    1    1    1    1    1    1  3.65553E+13 0.00035 
   73   73    1    1    1    1    1    1    1    1  2.59250E+13 0.00048 
   74   74    1    1    1    1    1    1    1    1  1.94703E+13 0.00024 
   75   75    1    1    1    1    1    1    1    1  1.55513E+13 0.00051 
   76   76    1    1    1    1    1    1    1    1  1.28173E+13 0.00045 
   77   77    1    1    1    1    1    1    1    1  1.47598E+13 0.00036 
   78   78    1    1    1    1    1    1    1    1  1.15959E+13 0.00052 
   79   79    1    1    1    1    1    1    1    1  9.18183E+12 0.00049 
   80   80    1    1    1    1    1    1    1    1  9.44171E+12 0.00041 
   81   81    1    1    1    1    1    1    1    1  6.97350E+12 0.00072 
   82   82    1    1    1    1    1    1    1    1  5.36462E+12 0.00069 
   83   83    1    1    1    1    1    1    1    1  4.11992E+12 0.00074 
   84   84    1    1    1    1    1    1    1    1  3.85161E+12 0.00087 
   85   85    1    1    1    1    1    1    1    1  2.77110E+12 0.00132 
   86   86    1    1    1    1    1    1    1    1  2.00084E+12 0.00135 
   87   87    1    1    1    1    1    1    1    1  1.86278E+12 0.00137 
   88   88    1    1    1    1    1    1    1    1  1.15285E+12 0.00159 
   89   89    1    1    1    1    1    1    1    1  7.77850E+11 0.00229 
   90   90    1    1    1    1    1    1    1    1  4.51190E+11 0.00254 
   91   91    1    1    1    1    1    1    1    1  5.79591E+11 0.00242 
   92   92    1    1    1    1    1    1    1    1  0.00000E+00 0.00000 
   93   93    1    1    1    1    1    1    1    1  0.00000E+00 0.00000 
   94   94    1    1    1    1    1    1    1    1  0.00000E+00 0.00000 
   95   95    1    1    1    1    1    1    1    1  0.00000E+00 0.00000 
   96   96    1    1    1    1    1    1    1    1  0.00000E+00 0.00000 
   97   97    1    1    1    1    1    1    1    1  0.00000E+00 0.00000 
   98   98    1    1    1    1    1    1    1    1  0.00000E+00 0.00000 
   99   99    1    1    1    1    1    1    1    1  0.00000E+00 0.00000 
  100  100    1    1    1    1    1    1    1    1  0.00000E+00 0.00000 
];


