
DETdpaspec = [
    1    1    1    1    1    1    1    1    1    1  0.00000E+00 0.00000 
    2    2    1    1    1    1    1    1    1    1  0.00000E+00 0.00000 
    3    3    1    1    1    1    1    1    1    1  0.00000E+00 0.00000 
    4    4    1    1    1    1    1    1    1    1  0.00000E+00 0.00000 
    5    5    1    1    1    1    1    1    1    1  0.00000E+00 0.00000 
    6    6    1    1    1    1    1    1    1    1  0.00000E+00 0.00000 
    7    7    1    1    1    1    1    1    1    1  0.00000E+00 0.00000 
    8    8    1    1    1    1    1    1    1    1  0.00000E+00 0.00000 
    9    9    1    1    1    1    1    1    1    1  0.00000E+00 0.00000 
   10   10    1    1    1    1    1    1    1    1  0.00000E+00 0.00000 
   11   11    1    1    1    1    1    1    1    1  0.00000E+00 0.00000 
   12   12    1    1    1    1    1    1    1    1  0.00000E+00 0.00000 
   13   13    1    1    1    1    1    1    1    1  0.00000E+00 0.00000 
   14   14    1    1    1    1    1    1    1    1  0.00000E+00 0.00000 
   15   15    1    1    1    1    1    1    1    1  0.00000E+00 0.00000 
   16   16    1    1    1    1    1    1    1    1  0.00000E+00 0.00000 
   17   17    1    1    1    1    1    1    1    1  0.00000E+00 0.00000 
   18   18    1    1    1    1    1    1    1    1  0.00000E+00 0.00000 
   19   19    1    1    1    1    1    1    1    1  1.87038E+09 0.03637 
   20   20    1    1    1    1    1    1    1    1  2.52608E+08 0.05835 
   21   21    1    1    1    1    1    1    1    1  1.04073E+09 0.06414 
   22   22    1    1    1    1    1    1    1    1  7.68673E+08 0.04903 
   23   23    1    1    1    1    1    1    1    1  2.14094E+09 0.03177 
   24   24    1    1    1    1    1    1    1    1  2.85241E+09 0.02344 
   25   25    1    1    1    1    1    1    1    1  4.48467E+09 0.02160 
   26   26    1    1    1    1    1    1    1    1  5.64627E+09 0.02319 
   27   27    1    1    1    1    1    1    1    1  9.31342E+09 0.02008 
   28   28    1    1    1    1    1    1    1    1  1.64999E+10 0.01360 
   29   29    1    1    1    1    1    1    1    1  3.11098E+10 0.01187 
   30   30    1    1    1    1    1    1    1    1  4.72609E+10 0.00667 
   31   31    1    1    1    1    1    1    1    1  1.43431E+11 0.00372 
   32   32    1    1    1    1    1    1    1    1  4.53797E+11 0.00222 
   33   33    1    1    1    1    1    1    1    1  8.64776E+11 0.00216 
   34   34    1    1    1    1    1    1    1    1  2.02725E+12 0.00142 
   35   35    1    1    1    1    1    1    1    1  2.80611E+12 0.00101 
   36   36    1    1    1    1    1    1    1    1  3.89358E+12 0.00098 
   37   37    1    1    1    1    1    1    1    1  2.70653E+12 0.00084 
   38   38    1    1    1    1    1    1    1    1  8.45813E+11 0.00051 
   39   39    1    1    1    1    1    1    1    1  4.67992E+12 0.00063 
   40   40    1    1    1    1    1    1    1    1  6.31686E+12 0.00066 
   41   41    1    1    1    1    1    1    1    1  1.07697E+13 0.00063 
   42   42    1    1    1    1    1    1    1    1  1.11116E+13 0.00049 
   43   43    1    1    1    1    1    1    1    1  2.34536E+13 0.00048 
   44   44    1    1    1    1    1    1    1    1  2.84704E+13 0.00037 
   45   45    1    1    1    1    1    1    1    1  4.12632E+13 0.00029 
   46   46    1    1    1    1    1    1    1    1  8.15555E+13 0.00020 
   47   47    1    1    1    1    1    1    1    1  3.84894E+13 0.00027 
   48   48    1    1    1    1    1    1    1    1  6.24976E+13 0.00019 
   49   49    1    1    1    1    1    1    1    1  8.72327E+13 0.00019 
   50   50    1    1    1    1    1    1    1    1  8.67605E+13 0.00019 
   51   51    1    1    1    1    1    1    1    1  1.34000E+14 0.00014 
   52   52    1    1    1    1    1    1    1    1  1.08036E+14 0.00018 
   53   53    1    1    1    1    1    1    1    1  1.26745E+14 0.00016 
   54   54    1    1    1    1    1    1    1    1  8.85099E+13 0.00015 
   55   55    1    1    1    1    1    1    1    1  1.06813E+14 0.00016 
   56   56    1    1    1    1    1    1    1    1  7.37985E+13 0.00020 
   57   57    1    1    1    1    1    1    1    1  1.00760E+13 0.00038 
   58   58    1    1    1    1    1    1    1    1  1.46785E+14 0.00014 
   59   59    1    1    1    1    1    1    1    1  6.43183E+13 0.00026 
   60   60    1    1    1    1    1    1    1    1  6.86512E+13 0.00016 
   61   61    1    1    1    1    1    1    1    1  5.28021E+13 0.00023 
   62   62    1    1    1    1    1    1    1    1  5.31287E+13 0.00019 
   63   63    1    1    1    1    1    1    1    1  5.52163E+13 0.00024 
   64   64    1    1    1    1    1    1    1    1  4.63251E+13 0.00025 
   65   65    1    1    1    1    1    1    1    1  3.68935E+13 0.00028 
   66   66    1    1    1    1    1    1    1    1  3.65658E+13 0.00033 
   67   67    1    1    1    1    1    1    1    1  2.63758E+13 0.00038 
   68   68    1    1    1    1    1    1    1    1  2.15850E+13 0.00036 
   69   69    1    1    1    1    1    1    1    1  1.94243E+13 0.00041 
   70   70    1    1    1    1    1    1    1    1  2.33260E+13 0.00035 
   71   71    1    1    1    1    1    1    1    1  1.98902E+13 0.00040 
   72   72    1    1    1    1    1    1    1    1  3.65753E+13 0.00049 
   73   73    1    1    1    1    1    1    1    1  2.59644E+13 0.00043 
   74   74    1    1    1    1    1    1    1    1  1.95190E+13 0.00045 
   75   75    1    1    1    1    1    1    1    1  1.55421E+13 0.00050 
   76   76    1    1    1    1    1    1    1    1  1.27737E+13 0.00046 
   77   77    1    1    1    1    1    1    1    1  1.46572E+13 0.00058 
   78   78    1    1    1    1    1    1    1    1  1.14657E+13 0.00055 
   79   79    1    1    1    1    1    1    1    1  9.06383E+12 0.00064 
   80   80    1    1    1    1    1    1    1    1  9.30894E+12 0.00065 
   81   81    1    1    1    1    1    1    1    1  6.86731E+12 0.00038 
   82   82    1    1    1    1    1    1    1    1  5.27241E+12 0.00064 
   83   83    1    1    1    1    1    1    1    1  4.04111E+12 0.00077 
   84   84    1    1    1    1    1    1    1    1  3.78352E+12 0.00083 
   85   85    1    1    1    1    1    1    1    1  2.72022E+12 0.00109 
   86   86    1    1    1    1    1    1    1    1  1.96288E+12 0.00113 
   87   87    1    1    1    1    1    1    1    1  1.83576E+12 0.00146 
   88   88    1    1    1    1    1    1    1    1  1.13255E+12 0.00138 
   89   89    1    1    1    1    1    1    1    1  7.65981E+11 0.00192 
   90   90    1    1    1    1    1    1    1    1  4.45959E+11 0.00277 
   91   91    1    1    1    1    1    1    1    1  5.70234E+11 0.00268 
   92   92    1    1    1    1    1    1    1    1  0.00000E+00 0.00000 
   93   93    1    1    1    1    1    1    1    1  0.00000E+00 0.00000 
   94   94    1    1    1    1    1    1    1    1  0.00000E+00 0.00000 
   95   95    1    1    1    1    1    1    1    1  0.00000E+00 0.00000 
   96   96    1    1    1    1    1    1    1    1  0.00000E+00 0.00000 
   97   97    1    1    1    1    1    1    1    1  0.00000E+00 0.00000 
   98   98    1    1    1    1    1    1    1    1  0.00000E+00 0.00000 
   99   99    1    1    1    1    1    1    1    1  0.00000E+00 0.00000 
  100  100    1    1    1    1    1    1    1    1  0.00000E+00 0.00000 
];


