
DETdpaspec = [
    1    1    1    1    1    1    1    1    1    1  0.00000E+00 0.00000 
    2    2    1    1    1    1    1    1    1    1  0.00000E+00 0.00000 
    3    3    1    1    1    1    1    1    1    1  0.00000E+00 0.00000 
    4    4    1    1    1    1    1    1    1    1  0.00000E+00 0.00000 
    5    5    1    1    1    1    1    1    1    1  0.00000E+00 0.00000 
    6    6    1    1    1    1    1    1    1    1  0.00000E+00 0.00000 
    7    7    1    1    1    1    1    1    1    1  0.00000E+00 0.00000 
    8    8    1    1    1    1    1    1    1    1  0.00000E+00 0.00000 
    9    9    1    1    1    1    1    1    1    1  0.00000E+00 0.00000 
   10   10    1    1    1    1    1    1    1    1  0.00000E+00 0.00000 
   11   11    1    1    1    1    1    1    1    1  0.00000E+00 0.00000 
   12   12    1    1    1    1    1    1    1    1  0.00000E+00 0.00000 
   13   13    1    1    1    1    1    1    1    1  0.00000E+00 0.00000 
   14   14    1    1    1    1    1    1    1    1  0.00000E+00 0.00000 
   15   15    1    1    1    1    1    1    1    1  0.00000E+00 0.00000 
   16   16    1    1    1    1    1    1    1    1  0.00000E+00 0.00000 
   17   17    1    1    1    1    1    1    1    1  0.00000E+00 0.00000 
   18   18    1    1    1    1    1    1    1    1  0.00000E+00 0.00000 
   19   19    1    1    1    1    1    1    1    1  1.69441E+09 0.05181 
   20   20    1    1    1    1    1    1    1    1  2.55337E+08 0.06809 
   21   21    1    1    1    1    1    1    1    1  8.26758E+08 0.06113 
   22   22    1    1    1    1    1    1    1    1  6.45515E+08 0.04282 
   23   23    1    1    1    1    1    1    1    1  1.76926E+09 0.03442 
   24   24    1    1    1    1    1    1    1    1  2.45432E+09 0.02326 
   25   25    1    1    1    1    1    1    1    1  3.85782E+09 0.03031 
   26   26    1    1    1    1    1    1    1    1  4.91436E+09 0.01476 
   27   27    1    1    1    1    1    1    1    1  7.78352E+09 0.02320 
   28   28    1    1    1    1    1    1    1    1  1.39484E+10 0.01375 
   29   29    1    1    1    1    1    1    1    1  2.90744E+10 0.00941 
   30   30    1    1    1    1    1    1    1    1  4.71330E+10 0.00842 
   31   31    1    1    1    1    1    1    1    1  1.40405E+11 0.00412 
   32   32    1    1    1    1    1    1    1    1  4.48532E+11 0.00348 
   33   33    1    1    1    1    1    1    1    1  8.51216E+11 0.00218 
   34   34    1    1    1    1    1    1    1    1  2.03719E+12 0.00116 
   35   35    1    1    1    1    1    1    1    1  2.85342E+12 0.00076 
   36   36    1    1    1    1    1    1    1    1  3.83912E+12 0.00059 
   37   37    1    1    1    1    1    1    1    1  2.63680E+12 0.00058 
   38   38    1    1    1    1    1    1    1    1  8.14886E+11 0.00076 
   39   39    1    1    1    1    1    1    1    1  4.56053E+12 0.00056 
   40   40    1    1    1    1    1    1    1    1  6.17175E+12 0.00064 
   41   41    1    1    1    1    1    1    1    1  1.05954E+13 0.00060 
   42   42    1    1    1    1    1    1    1    1  1.08409E+13 0.00055 
   43   43    1    1    1    1    1    1    1    1  2.31191E+13 0.00040 
   44   44    1    1    1    1    1    1    1    1  2.81583E+13 0.00034 
   45   45    1    1    1    1    1    1    1    1  4.09401E+13 0.00033 
   46   46    1    1    1    1    1    1    1    1  8.15389E+13 0.00030 
   47   47    1    1    1    1    1    1    1    1  3.82872E+13 0.00030 
   48   48    1    1    1    1    1    1    1    1  6.20641E+13 0.00025 
   49   49    1    1    1    1    1    1    1    1  8.67040E+13 0.00021 
   50   50    1    1    1    1    1    1    1    1  8.60941E+13 0.00021 
   51   51    1    1    1    1    1    1    1    1  1.33604E+14 0.00014 
   52   52    1    1    1    1    1    1    1    1  1.07020E+14 0.00016 
   53   53    1    1    1    1    1    1    1    1  1.26529E+14 0.00012 
   54   54    1    1    1    1    1    1    1    1  8.81317E+13 0.00018 
   55   55    1    1    1    1    1    1    1    1  1.07085E+14 0.00013 
   56   56    1    1    1    1    1    1    1    1  7.38181E+13 0.00015 
   57   57    1    1    1    1    1    1    1    1  1.00513E+13 0.00032 
   58   58    1    1    1    1    1    1    1    1  1.46664E+14 0.00016 
   59   59    1    1    1    1    1    1    1    1  6.48230E+13 0.00022 
   60   60    1    1    1    1    1    1    1    1  6.89806E+13 0.00016 
   61   61    1    1    1    1    1    1    1    1  5.33356E+13 0.00018 
   62   62    1    1    1    1    1    1    1    1  5.35907E+13 0.00024 
   63   63    1    1    1    1    1    1    1    1  5.57736E+13 0.00025 
   64   64    1    1    1    1    1    1    1    1  4.68472E+13 0.00029 
   65   65    1    1    1    1    1    1    1    1  3.72386E+13 0.00026 
   66   66    1    1    1    1    1    1    1    1  3.69077E+13 0.00030 
   67   67    1    1    1    1    1    1    1    1  2.66034E+13 0.00038 
   68   68    1    1    1    1    1    1    1    1  2.17236E+13 0.00027 
   69   69    1    1    1    1    1    1    1    1  1.95001E+13 0.00030 
   70   70    1    1    1    1    1    1    1    1  2.34333E+13 0.00031 
   71   71    1    1    1    1    1    1    1    1  1.99653E+13 0.00039 
   72   72    1    1    1    1    1    1    1    1  3.64814E+13 0.00036 
   73   73    1    1    1    1    1    1    1    1  2.58468E+13 0.00035 
   74   74    1    1    1    1    1    1    1    1  1.94388E+13 0.00040 
   75   75    1    1    1    1    1    1    1    1  1.55445E+13 0.00036 
   76   76    1    1    1    1    1    1    1    1  1.28268E+13 0.00047 
   77   77    1    1    1    1    1    1    1    1  1.48069E+13 0.00049 
   78   78    1    1    1    1    1    1    1    1  1.16489E+13 0.00062 
   79   79    1    1    1    1    1    1    1    1  9.24824E+12 0.00071 
   80   80    1    1    1    1    1    1    1    1  9.51741E+12 0.00046 
   81   81    1    1    1    1    1    1    1    1  7.03807E+12 0.00079 
   82   82    1    1    1    1    1    1    1    1  5.41855E+12 0.00073 
   83   83    1    1    1    1    1    1    1    1  4.15899E+12 0.00095 
   84   84    1    1    1    1    1    1    1    1  3.89066E+12 0.00089 
   85   85    1    1    1    1    1    1    1    1  2.80047E+12 0.00115 
   86   86    1    1    1    1    1    1    1    1  2.01727E+12 0.00160 
   87   87    1    1    1    1    1    1    1    1  1.89009E+12 0.00128 
   88   88    1    1    1    1    1    1    1    1  1.16429E+12 0.00161 
   89   89    1    1    1    1    1    1    1    1  7.87868E+11 0.00182 
   90   90    1    1    1    1    1    1    1    1  4.55604E+11 0.00244 
   91   91    1    1    1    1    1    1    1    1  5.82554E+11 0.00210 
   92   92    1    1    1    1    1    1    1    1  0.00000E+00 0.00000 
   93   93    1    1    1    1    1    1    1    1  0.00000E+00 0.00000 
   94   94    1    1    1    1    1    1    1    1  0.00000E+00 0.00000 
   95   95    1    1    1    1    1    1    1    1  0.00000E+00 0.00000 
   96   96    1    1    1    1    1    1    1    1  0.00000E+00 0.00000 
   97   97    1    1    1    1    1    1    1    1  0.00000E+00 0.00000 
   98   98    1    1    1    1    1    1    1    1  0.00000E+00 0.00000 
   99   99    1    1    1    1    1    1    1    1  0.00000E+00 0.00000 
  100  100    1    1    1    1    1    1    1    1  0.00000E+00 0.00000 
];


