
DETdpaspec = [
    1    1    1    1    1    1    1    1    1    1  0.00000E+00 0.00000 
    2    2    1    1    1    1    1    1    1    1  0.00000E+00 0.00000 
    3    3    1    1    1    1    1    1    1    1  0.00000E+00 0.00000 
    4    4    1    1    1    1    1    1    1    1  0.00000E+00 0.00000 
    5    5    1    1    1    1    1    1    1    1  0.00000E+00 0.00000 
    6    6    1    1    1    1    1    1    1    1  0.00000E+00 0.00000 
    7    7    1    1    1    1    1    1    1    1  0.00000E+00 0.00000 
    8    8    1    1    1    1    1    1    1    1  0.00000E+00 0.00000 
    9    9    1    1    1    1    1    1    1    1  0.00000E+00 0.00000 
   10   10    1    1    1    1    1    1    1    1  0.00000E+00 0.00000 
   11   11    1    1    1    1    1    1    1    1  0.00000E+00 0.00000 
   12   12    1    1    1    1    1    1    1    1  0.00000E+00 0.00000 
   13   13    1    1    1    1    1    1    1    1  0.00000E+00 0.00000 
   14   14    1    1    1    1    1    1    1    1  0.00000E+00 0.00000 
   15   15    1    1    1    1    1    1    1    1  0.00000E+00 0.00000 
   16   16    1    1    1    1    1    1    1    1  0.00000E+00 0.00000 
   17   17    1    1    1    1    1    1    1    1  0.00000E+00 0.00000 
   18   18    1    1    1    1    1    1    1    1  0.00000E+00 0.00000 
   19   19    1    1    1    1    1    1    1    1  3.59170E+08 0.26129 
   20   20    1    1    1    1    1    1    1    1  4.25492E+07 0.19457 
   21   21    1    1    1    1    1    1    1    1  4.63264E+08 0.11235 
   22   22    1    1    1    1    1    1    1    1  2.49698E+09 0.03255 
   23   23    1    1    1    1    1    1    1    1  1.05715E+10 0.01840 
   24   24    1    1    1    1    1    1    1    1  3.78836E+10 0.01150 
   25   25    1    1    1    1    1    1    1    1  9.73586E+10 0.00578 
   26   26    1    1    1    1    1    1    1    1  1.36901E+11 0.00395 
   27   27    1    1    1    1    1    1    1    1  2.58627E+11 0.00310 
   28   28    1    1    1    1    1    1    1    1  4.42025E+11 0.00248 
   29   29    1    1    1    1    1    1    1    1  7.14684E+11 0.00179 
   30   30    1    1    1    1    1    1    1    1  1.01367E+12 0.00189 
   31   31    1    1    1    1    1    1    1    1  1.78010E+12 0.00146 
   32   32    1    1    1    1    1    1    1    1  3.18478E+12 0.00109 
   33   33    1    1    1    1    1    1    1    1  4.32909E+12 0.00087 
   34   34    1    1    1    1    1    1    1    1  7.93246E+12 0.00073 
   35   35    1    1    1    1    1    1    1    1  9.16405E+12 0.00042 
   36   36    1    1    1    1    1    1    1    1  8.84149E+12 0.00056 
   37   37    1    1    1    1    1    1    1    1  5.07298E+12 0.00045 
   38   38    1    1    1    1    1    1    1    1  1.46319E+12 0.00042 
   39   39    1    1    1    1    1    1    1    1  8.37225E+12 0.00040 
   40   40    1    1    1    1    1    1    1    1  1.09055E+13 0.00033 
   41   41    1    1    1    1    1    1    1    1  1.81355E+13 0.00031 
   42   42    1    1    1    1    1    1    1    1  1.70660E+13 0.00028 
   43   43    1    1    1    1    1    1    1    1  3.61433E+13 0.00022 
   44   44    1    1    1    1    1    1    1    1  4.20945E+13 0.00025 
   45   45    1    1    1    1    1    1    1    1  5.82907E+13 0.00026 
   46   46    1    1    1    1    1    1    1    1  1.09706E+14 0.00014 
   47   47    1    1    1    1    1    1    1    1  4.71290E+13 0.00017 
   48   48    1    1    1    1    1    1    1    1  7.34866E+13 0.00016 
   49   49    1    1    1    1    1    1    1    1  9.79818E+13 0.00016 
   50   50    1    1    1    1    1    1    1    1  9.31735E+13 0.00015 
   51   51    1    1    1    1    1    1    1    1  1.40883E+14 0.00013 
   52   52    1    1    1    1    1    1    1    1  1.05243E+14 0.00014 
   53   53    1    1    1    1    1    1    1    1  1.24056E+14 0.00012 
   54   54    1    1    1    1    1    1    1    1  8.26689E+13 0.00015 
   55   55    1    1    1    1    1    1    1    1  1.00855E+14 0.00012 
   56   56    1    1    1    1    1    1    1    1  6.75462E+13 0.00017 
   57   57    1    1    1    1    1    1    1    1  9.03512E+12 0.00028 
   58   58    1    1    1    1    1    1    1    1  1.30686E+14 0.00013 
   59   59    1    1    1    1    1    1    1    1  5.85718E+13 0.00017 
   60   60    1    1    1    1    1    1    1    1  6.04794E+13 0.00015 
   61   61    1    1    1    1    1    1    1    1  4.71334E+13 0.00021 
   62   62    1    1    1    1    1    1    1    1  4.65563E+13 0.00024 
   63   63    1    1    1    1    1    1    1    1  4.79773E+13 0.00016 
   64   64    1    1    1    1    1    1    1    1  3.97962E+13 0.00027 
   65   65    1    1    1    1    1    1    1    1  3.10792E+13 0.00024 
   66   66    1    1    1    1    1    1    1    1  3.03624E+13 0.00029 
   67   67    1    1    1    1    1    1    1    1  2.14986E+13 0.00036 
   68   68    1    1    1    1    1    1    1    1  1.72270E+13 0.00038 
   69   69    1    1    1    1    1    1    1    1  1.52840E+13 0.00032 
   70   70    1    1    1    1    1    1    1    1  1.81461E+13 0.00035 
   71   71    1    1    1    1    1    1    1    1  1.51642E+13 0.00049 
   72   72    1    1    1    1    1    1    1    1  2.64282E+13 0.00036 
   73   73    1    1    1    1    1    1    1    1  1.82092E+13 0.00041 
   74   74    1    1    1    1    1    1    1    1  1.35547E+13 0.00041 
   75   75    1    1    1    1    1    1    1    1  1.09304E+13 0.00050 
   76   76    1    1    1    1    1    1    1    1  9.14361E+12 0.00041 
   77   77    1    1    1    1    1    1    1    1  1.06480E+13 0.00034 
   78   78    1    1    1    1    1    1    1    1  8.48086E+12 0.00047 
   79   79    1    1    1    1    1    1    1    1  6.78268E+12 0.00064 
   80   80    1    1    1    1    1    1    1    1  6.99105E+12 0.00083 
   81   81    1    1    1    1    1    1    1    1  5.15307E+12 0.00059 
   82   82    1    1    1    1    1    1    1    1  3.94998E+12 0.00067 
   83   83    1    1    1    1    1    1    1    1  3.01287E+12 0.00066 
   84   84    1    1    1    1    1    1    1    1  2.79946E+12 0.00101 
   85   85    1    1    1    1    1    1    1    1  1.99039E+12 0.00094 
   86   86    1    1    1    1    1    1    1    1  1.42618E+12 0.00127 
   87   87    1    1    1    1    1    1    1    1  1.31655E+12 0.00131 
   88   88    1    1    1    1    1    1    1    1  7.92421E+11 0.00154 
   89   89    1    1    1    1    1    1    1    1  5.23825E+11 0.00207 
   90   90    1    1    1    1    1    1    1    1  2.95189E+11 0.00276 
   91   91    1    1    1    1    1    1    1    1  3.54266E+11 0.00349 
   92   92    1    1    1    1    1    1    1    1  0.00000E+00 0.00000 
   93   93    1    1    1    1    1    1    1    1  0.00000E+00 0.00000 
   94   94    1    1    1    1    1    1    1    1  0.00000E+00 0.00000 
   95   95    1    1    1    1    1    1    1    1  0.00000E+00 0.00000 
   96   96    1    1    1    1    1    1    1    1  0.00000E+00 0.00000 
   97   97    1    1    1    1    1    1    1    1  0.00000E+00 0.00000 
   98   98    1    1    1    1    1    1    1    1  0.00000E+00 0.00000 
   99   99    1    1    1    1    1    1    1    1  0.00000E+00 0.00000 
  100  100    1    1    1    1    1    1    1    1  0.00000E+00 0.00000 
];


