
DETdpaspec = [
    1    1    1    1    1    1    1    1    1    1  0.00000E+00 0.00000 
    2    2    1    1    1    1    1    1    1    1  0.00000E+00 0.00000 
    3    3    1    1    1    1    1    1    1    1  0.00000E+00 0.00000 
    4    4    1    1    1    1    1    1    1    1  0.00000E+00 0.00000 
    5    5    1    1    1    1    1    1    1    1  0.00000E+00 0.00000 
    6    6    1    1    1    1    1    1    1    1  0.00000E+00 0.00000 
    7    7    1    1    1    1    1    1    1    1  0.00000E+00 0.00000 
    8    8    1    1    1    1    1    1    1    1  0.00000E+00 0.00000 
    9    9    1    1    1    1    1    1    1    1  0.00000E+00 0.00000 
   10   10    1    1    1    1    1    1    1    1  0.00000E+00 0.00000 
   11   11    1    1    1    1    1    1    1    1  0.00000E+00 0.00000 
   12   12    1    1    1    1    1    1    1    1  0.00000E+00 0.00000 
   13   13    1    1    1    1    1    1    1    1  0.00000E+00 0.00000 
   14   14    1    1    1    1    1    1    1    1  0.00000E+00 0.00000 
   15   15    1    1    1    1    1    1    1    1  0.00000E+00 0.00000 
   16   16    1    1    1    1    1    1    1    1  0.00000E+00 0.00000 
   17   17    1    1    1    1    1    1    1    1  0.00000E+00 0.00000 
   18   18    1    1    1    1    1    1    1    1  0.00000E+00 0.00000 
   19   19    1    1    1    1    1    1    1    1  6.65261E+08 0.16580 
   20   20    1    1    1    1    1    1    1    1  9.93754E+07 0.22548 
   21   21    1    1    1    1    1    1    1    1  3.33100E+08 0.13106 
   22   22    1    1    1    1    1    1    1    1  4.19939E+08 0.07322 
   23   23    1    1    1    1    1    1    1    1  1.39249E+09 0.05133 
   24   24    1    1    1    1    1    1    1    1  5.71653E+09 0.03706 
   25   25    1    1    1    1    1    1    1    1  1.88023E+10 0.01906 
   26   26    1    1    1    1    1    1    1    1  3.21824E+10 0.01334 
   27   27    1    1    1    1    1    1    1    1  7.07959E+10 0.00831 
   28   28    1    1    1    1    1    1    1    1  1.45669E+11 0.00520 
   29   29    1    1    1    1    1    1    1    1  2.94656E+11 0.00323 
   30   30    1    1    1    1    1    1    1    1  4.73587E+11 0.00265 
   31   31    1    1    1    1    1    1    1    1  9.30984E+11 0.00212 
   32   32    1    1    1    1    1    1    1    1  1.97199E+12 0.00121 
   33   33    1    1    1    1    1    1    1    1  2.90551E+12 0.00113 
   34   34    1    1    1    1    1    1    1    1  5.77935E+12 0.00079 
   35   35    1    1    1    1    1    1    1    1  7.10695E+12 0.00059 
   36   36    1    1    1    1    1    1    1    1  7.22086E+12 0.00049 
   37   37    1    1    1    1    1    1    1    1  4.27636E+12 0.00044 
   38   38    1    1    1    1    1    1    1    1  1.24536E+12 0.00061 
   39   39    1    1    1    1    1    1    1    1  7.13645E+12 0.00034 
   40   40    1    1    1    1    1    1    1    1  9.40452E+12 0.00047 
   41   41    1    1    1    1    1    1    1    1  1.58368E+13 0.00032 
   42   42    1    1    1    1    1    1    1    1  1.51033E+13 0.00028 
   43   43    1    1    1    1    1    1    1    1  3.22810E+13 0.00035 
   44   44    1    1    1    1    1    1    1    1  3.80878E+13 0.00031 
   45   45    1    1    1    1    1    1    1    1  5.34326E+13 0.00020 
   46   46    1    1    1    1    1    1    1    1  1.02572E+14 0.00019 
   47   47    1    1    1    1    1    1    1    1  4.48262E+13 0.00020 
   48   48    1    1    1    1    1    1    1    1  7.04311E+13 0.00018 
   49   49    1    1    1    1    1    1    1    1  9.50333E+13 0.00018 
   50   50    1    1    1    1    1    1    1    1  9.12145E+13 0.00012 
   51   51    1    1    1    1    1    1    1    1  1.39408E+14 0.00015 
   52   52    1    1    1    1    1    1    1    1  1.05416E+14 0.00015 
   53   53    1    1    1    1    1    1    1    1  1.25121E+14 0.00017 
   54   54    1    1    1    1    1    1    1    1  8.40952E+13 0.00013 
   55   55    1    1    1    1    1    1    1    1  1.03137E+14 0.00013 
   56   56    1    1    1    1    1    1    1    1  6.94482E+13 0.00018 
   57   57    1    1    1    1    1    1    1    1  9.31497E+12 0.00031 
   58   58    1    1    1    1    1    1    1    1  1.35230E+14 0.00015 
   59   59    1    1    1    1    1    1    1    1  6.08291E+13 0.00015 
   60   60    1    1    1    1    1    1    1    1  6.31244E+13 0.00020 
   61   61    1    1    1    1    1    1    1    1  4.93285E+13 0.00018 
   62   62    1    1    1    1    1    1    1    1  4.88645E+13 0.00020 
   63   63    1    1    1    1    1    1    1    1  5.05474E+13 0.00018 
   64   64    1    1    1    1    1    1    1    1  4.20763E+13 0.00022 
   65   65    1    1    1    1    1    1    1    1  3.29899E+13 0.00018 
   66   66    1    1    1    1    1    1    1    1  3.23312E+13 0.00027 
   67   67    1    1    1    1    1    1    1    1  2.29682E+13 0.00028 
   68   68    1    1    1    1    1    1    1    1  1.84686E+13 0.00027 
   69   69    1    1    1    1    1    1    1    1  1.64209E+13 0.00037 
   70   70    1    1    1    1    1    1    1    1  1.95487E+13 0.00041 
   71   71    1    1    1    1    1    1    1    1  1.63969E+13 0.00044 
   72   72    1    1    1    1    1    1    1    1  2.87911E+13 0.00028 
   73   73    1    1    1    1    1    1    1    1  1.99039E+13 0.00049 
   74   74    1    1    1    1    1    1    1    1  1.48643E+13 0.00040 
   75   75    1    1    1    1    1    1    1    1  1.20304E+13 0.00053 
   76   76    1    1    1    1    1    1    1    1  1.00803E+13 0.00052 
   77   77    1    1    1    1    1    1    1    1  1.17813E+13 0.00048 
   78   78    1    1    1    1    1    1    1    1  9.40799E+12 0.00049 
   79   79    1    1    1    1    1    1    1    1  7.54975E+12 0.00079 
   80   80    1    1    1    1    1    1    1    1  7.83452E+12 0.00058 
   81   81    1    1    1    1    1    1    1    1  5.81772E+12 0.00087 
   82   82    1    1    1    1    1    1    1    1  4.47752E+12 0.00099 
   83   83    1    1    1    1    1    1    1    1  3.43523E+12 0.00098 
   84   84    1    1    1    1    1    1    1    1  3.21750E+12 0.00067 
   85   85    1    1    1    1    1    1    1    1  2.30408E+12 0.00115 
   86   86    1    1    1    1    1    1    1    1  1.66343E+12 0.00119 
   87   87    1    1    1    1    1    1    1    1  1.55060E+12 0.00100 
   88   88    1    1    1    1    1    1    1    1  9.42587E+11 0.00178 
   89   89    1    1    1    1    1    1    1    1  6.29286E+11 0.00232 
   90   90    1    1    1    1    1    1    1    1  3.63637E+11 0.00240 
   91   91    1    1    1    1    1    1    1    1  4.49426E+11 0.00201 
   92   92    1    1    1    1    1    1    1    1  0.00000E+00 0.00000 
   93   93    1    1    1    1    1    1    1    1  0.00000E+00 0.00000 
   94   94    1    1    1    1    1    1    1    1  0.00000E+00 0.00000 
   95   95    1    1    1    1    1    1    1    1  0.00000E+00 0.00000 
   96   96    1    1    1    1    1    1    1    1  0.00000E+00 0.00000 
   97   97    1    1    1    1    1    1    1    1  0.00000E+00 0.00000 
   98   98    1    1    1    1    1    1    1    1  0.00000E+00 0.00000 
   99   99    1    1    1    1    1    1    1    1  0.00000E+00 0.00000 
  100  100    1    1    1    1    1    1    1    1  0.00000E+00 0.00000 
];


