
DETdpaspec = [
    1    1    1    1    1    1    1    1    1    1  0.00000E+00 0.00000 
    2    2    1    1    1    1    1    1    1    1  0.00000E+00 0.00000 
    3    3    1    1    1    1    1    1    1    1  0.00000E+00 0.00000 
    4    4    1    1    1    1    1    1    1    1  0.00000E+00 0.00000 
    5    5    1    1    1    1    1    1    1    1  0.00000E+00 0.00000 
    6    6    1    1    1    1    1    1    1    1  0.00000E+00 0.00000 
    7    7    1    1    1    1    1    1    1    1  0.00000E+00 0.00000 
    8    8    1    1    1    1    1    1    1    1  0.00000E+00 0.00000 
    9    9    1    1    1    1    1    1    1    1  0.00000E+00 0.00000 
   10   10    1    1    1    1    1    1    1    1  0.00000E+00 0.00000 
   11   11    1    1    1    1    1    1    1    1  0.00000E+00 0.00000 
   12   12    1    1    1    1    1    1    1    1  0.00000E+00 0.00000 
   13   13    1    1    1    1    1    1    1    1  0.00000E+00 0.00000 
   14   14    1    1    1    1    1    1    1    1  0.00000E+00 0.00000 
   15   15    1    1    1    1    1    1    1    1  0.00000E+00 0.00000 
   16   16    1    1    1    1    1    1    1    1  0.00000E+00 0.00000 
   17   17    1    1    1    1    1    1    1    1  0.00000E+00 0.00000 
   18   18    1    1    1    1    1    1    1    1  0.00000E+00 0.00000 
   19   19    1    1    1    1    1    1    1    1  1.14544E+09 0.08691 
   20   20    1    1    1    1    1    1    1    1  1.52024E+08 0.13605 
   21   21    1    1    1    1    1    1    1    1  4.93005E+08 0.09360 
   22   22    1    1    1    1    1    1    1    1  4.53550E+08 0.06914 
   23   23    1    1    1    1    1    1    1    1  9.56320E+08 0.04716 
   24   24    1    1    1    1    1    1    1    1  1.63030E+09 0.04794 
   25   25    1    1    1    1    1    1    1    1  3.23484E+09 0.02414 
   26   26    1    1    1    1    1    1    1    1  4.69148E+09 0.02498 
   27   27    1    1    1    1    1    1    1    1  9.71498E+09 0.02008 
   28   28    1    1    1    1    1    1    1    1  2.21348E+10 0.01234 
   29   29    1    1    1    1    1    1    1    1  5.69482E+10 0.00729 
   30   30    1    1    1    1    1    1    1    1  1.06401E+11 0.00547 
   31   31    1    1    1    1    1    1    1    1  2.66143E+11 0.00365 
   32   32    1    1    1    1    1    1    1    1  7.51695E+11 0.00270 
   33   33    1    1    1    1    1    1    1    1  1.30199E+12 0.00153 
   34   34    1    1    1    1    1    1    1    1  3.00272E+12 0.00099 
   35   35    1    1    1    1    1    1    1    1  4.11141E+12 0.00092 
   36   36    1    1    1    1    1    1    1    1  4.77121E+12 0.00081 
   37   37    1    1    1    1    1    1    1    1  3.04224E+12 0.00088 
   38   38    1    1    1    1    1    1    1    1  9.07410E+11 0.00080 
   39   39    1    1    1    1    1    1    1    1  5.19557E+12 0.00078 
   40   40    1    1    1    1    1    1    1    1  6.99175E+12 0.00070 
   41   41    1    1    1    1    1    1    1    1  1.20094E+13 0.00053 
   42   42    1    1    1    1    1    1    1    1  1.18438E+13 0.00050 
   43   43    1    1    1    1    1    1    1    1  2.56469E+13 0.00051 
   44   44    1    1    1    1    1    1    1    1  3.09942E+13 0.00038 
   45   45    1    1    1    1    1    1    1    1  4.46603E+13 0.00025 
   46   46    1    1    1    1    1    1    1    1  8.87404E+13 0.00022 
   47   47    1    1    1    1    1    1    1    1  4.03146E+13 0.00016 
   48   48    1    1    1    1    1    1    1    1  6.43415E+13 0.00022 
   49   49    1    1    1    1    1    1    1    1  8.89031E+13 0.00018 
   50   50    1    1    1    1    1    1    1    1  8.69962E+13 0.00016 
   51   51    1    1    1    1    1    1    1    1  1.35392E+14 0.00015 
   52   52    1    1    1    1    1    1    1    1  1.05275E+14 0.00023 
   53   53    1    1    1    1    1    1    1    1  1.25970E+14 0.00017 
   54   54    1    1    1    1    1    1    1    1  8.63537E+13 0.00015 
   55   55    1    1    1    1    1    1    1    1  1.06375E+14 0.00012 
   56   56    1    1    1    1    1    1    1    1  7.24862E+13 0.00015 
   57   57    1    1    1    1    1    1    1    1  9.77806E+12 0.00028 
   58   58    1    1    1    1    1    1    1    1  1.42954E+14 0.00020 
   59   59    1    1    1    1    1    1    1    1  6.44287E+13 0.00022 
   60   60    1    1    1    1    1    1    1    1  6.76141E+13 0.00024 
   61   61    1    1    1    1    1    1    1    1  5.29113E+13 0.00026 
   62   62    1    1    1    1    1    1    1    1  5.27577E+13 0.00021 
   63   63    1    1    1    1    1    1    1    1  5.49226E+13 0.00022 
   64   64    1    1    1    1    1    1    1    1  4.60676E+13 0.00024 
   65   65    1    1    1    1    1    1    1    1  3.63732E+13 0.00031 
   66   66    1    1    1    1    1    1    1    1  3.59179E+13 0.00028 
   67   67    1    1    1    1    1    1    1    1  2.57004E+13 0.00031 
   68   68    1    1    1    1    1    1    1    1  2.07824E+13 0.00032 
   69   69    1    1    1    1    1    1    1    1  1.85693E+13 0.00039 
   70   70    1    1    1    1    1    1    1    1  2.22209E+13 0.00026 
   71   71    1    1    1    1    1    1    1    1  1.88038E+13 0.00034 
   72   72    1    1    1    1    1    1    1    1  3.35215E+13 0.00039 
   73   73    1    1    1    1    1    1    1    1  2.34745E+13 0.00041 
   74   74    1    1    1    1    1    1    1    1  1.76296E+13 0.00048 
   75   75    1    1    1    1    1    1    1    1  1.42501E+13 0.00049 
   76   76    1    1    1    1    1    1    1    1  1.19062E+13 0.00056 
   77   77    1    1    1    1    1    1    1    1  1.38934E+13 0.00040 
   78   78    1    1    1    1    1    1    1    1  1.10725E+13 0.00050 
   79   79    1    1    1    1    1    1    1    1  8.87900E+12 0.00070 
   80   80    1    1    1    1    1    1    1    1  9.21429E+12 0.00056 
   81   81    1    1    1    1    1    1    1    1  6.84546E+12 0.00063 
   82   82    1    1    1    1    1    1    1    1  5.29494E+12 0.00059 
   83   83    1    1    1    1    1    1    1    1  4.06766E+12 0.00070 
   84   84    1    1    1    1    1    1    1    1  3.80137E+12 0.00086 
   85   85    1    1    1    1    1    1    1    1  2.74096E+12 0.00109 
   86   86    1    1    1    1    1    1    1    1  1.98549E+12 0.00141 
   87   87    1    1    1    1    1    1    1    1  1.85726E+12 0.00122 
   88   88    1    1    1    1    1    1    1    1  1.14026E+12 0.00232 
   89   89    1    1    1    1    1    1    1    1  7.68410E+11 0.00218 
   90   90    1    1    1    1    1    1    1    1  4.43276E+11 0.00279 
   91   91    1    1    1    1    1    1    1    1  5.60262E+11 0.00203 
   92   92    1    1    1    1    1    1    1    1  0.00000E+00 0.00000 
   93   93    1    1    1    1    1    1    1    1  0.00000E+00 0.00000 
   94   94    1    1    1    1    1    1    1    1  0.00000E+00 0.00000 
   95   95    1    1    1    1    1    1    1    1  0.00000E+00 0.00000 
   96   96    1    1    1    1    1    1    1    1  0.00000E+00 0.00000 
   97   97    1    1    1    1    1    1    1    1  0.00000E+00 0.00000 
   98   98    1    1    1    1    1    1    1    1  0.00000E+00 0.00000 
   99   99    1    1    1    1    1    1    1    1  0.00000E+00 0.00000 
  100  100    1    1    1    1    1    1    1    1  0.00000E+00 0.00000 
];


