
DETdpaspec = [
    1    1    1    1    1    1    1    1    1    1  0.00000E+00 0.00000 
    2    2    1    1    1    1    1    1    1    1  0.00000E+00 0.00000 
    3    3    1    1    1    1    1    1    1    1  0.00000E+00 0.00000 
    4    4    1    1    1    1    1    1    1    1  0.00000E+00 0.00000 
    5    5    1    1    1    1    1    1    1    1  0.00000E+00 0.00000 
    6    6    1    1    1    1    1    1    1    1  0.00000E+00 0.00000 
    7    7    1    1    1    1    1    1    1    1  0.00000E+00 0.00000 
    8    8    1    1    1    1    1    1    1    1  0.00000E+00 0.00000 
    9    9    1    1    1    1    1    1    1    1  0.00000E+00 0.00000 
   10   10    1    1    1    1    1    1    1    1  0.00000E+00 0.00000 
   11   11    1    1    1    1    1    1    1    1  0.00000E+00 0.00000 
   12   12    1    1    1    1    1    1    1    1  0.00000E+00 0.00000 
   13   13    1    1    1    1    1    1    1    1  0.00000E+00 0.00000 
   14   14    1    1    1    1    1    1    1    1  0.00000E+00 0.00000 
   15   15    1    1    1    1    1    1    1    1  0.00000E+00 0.00000 
   16   16    1    1    1    1    1    1    1    1  0.00000E+00 0.00000 
   17   17    1    1    1    1    1    1    1    1  0.00000E+00 0.00000 
   18   18    1    1    1    1    1    1    1    1  0.00000E+00 0.00000 
   19   19    1    1    1    1    1    1    1    1  1.73495E+09 0.04507 
   20   20    1    1    1    1    1    1    1    1  2.32461E+08 0.05741 
   21   21    1    1    1    1    1    1    1    1  9.34785E+08 0.05607 
   22   22    1    1    1    1    1    1    1    1  7.08929E+08 0.04075 
   23   23    1    1    1    1    1    1    1    1  1.70311E+09 0.03480 
   24   24    1    1    1    1    1    1    1    1  2.42215E+09 0.03253 
   25   25    1    1    1    1    1    1    1    1  3.95758E+09 0.02041 
   26   26    1    1    1    1    1    1    1    1  4.94943E+09 0.02255 
   27   27    1    1    1    1    1    1    1    1  7.82322E+09 0.01641 
   28   28    1    1    1    1    1    1    1    1  1.38083E+10 0.01674 
   29   29    1    1    1    1    1    1    1    1  2.92918E+10 0.01294 
   30   30    1    1    1    1    1    1    1    1  4.66282E+10 0.00894 
   31   31    1    1    1    1    1    1    1    1  1.39617E+11 0.00588 
   32   32    1    1    1    1    1    1    1    1  4.45902E+11 0.00311 
   33   33    1    1    1    1    1    1    1    1  8.52083E+11 0.00221 
   34   34    1    1    1    1    1    1    1    1  2.03477E+12 0.00130 
   35   35    1    1    1    1    1    1    1    1  2.84737E+12 0.00078 
   36   36    1    1    1    1    1    1    1    1  3.84434E+12 0.00059 
   37   37    1    1    1    1    1    1    1    1  2.64536E+12 0.00070 
   38   38    1    1    1    1    1    1    1    1  8.18261E+11 0.00074 
   39   39    1    1    1    1    1    1    1    1  4.56942E+12 0.00065 
   40   40    1    1    1    1    1    1    1    1  6.18009E+12 0.00067 
   41   41    1    1    1    1    1    1    1    1  1.06054E+13 0.00044 
   42   42    1    1    1    1    1    1    1    1  1.08550E+13 0.00048 
   43   43    1    1    1    1    1    1    1    1  2.31356E+13 0.00037 
   44   44    1    1    1    1    1    1    1    1  2.81669E+13 0.00033 
   45   45    1    1    1    1    1    1    1    1  4.09344E+13 0.00026 
   46   46    1    1    1    1    1    1    1    1  8.15296E+13 0.00026 
   47   47    1    1    1    1    1    1    1    1  3.83080E+13 0.00023 
   48   48    1    1    1    1    1    1    1    1  6.20784E+13 0.00029 
   49   49    1    1    1    1    1    1    1    1  8.67229E+13 0.00018 
   50   50    1    1    1    1    1    1    1    1  8.61364E+13 0.00016 
   51   51    1    1    1    1    1    1    1    1  1.33683E+14 0.00015 
   52   52    1    1    1    1    1    1    1    1  1.07197E+14 0.00013 
   53   53    1    1    1    1    1    1    1    1  1.26573E+14 0.00014 
   54   54    1    1    1    1    1    1    1    1  8.81644E+13 0.00015 
   55   55    1    1    1    1    1    1    1    1  1.07081E+14 0.00013 
   56   56    1    1    1    1    1    1    1    1  7.37952E+13 0.00016 
   57   57    1    1    1    1    1    1    1    1  1.00536E+13 0.00035 
   58   58    1    1    1    1    1    1    1    1  1.46721E+14 0.00014 
   59   59    1    1    1    1    1    1    1    1  6.48062E+13 0.00021 
   60   60    1    1    1    1    1    1    1    1  6.89645E+13 0.00017 
   61   61    1    1    1    1    1    1    1    1  5.32776E+13 0.00025 
   62   62    1    1    1    1    1    1    1    1  5.35440E+13 0.00023 
   63   63    1    1    1    1    1    1    1    1  5.57157E+13 0.00017 
   64   64    1    1    1    1    1    1    1    1  4.68012E+13 0.00023 
   65   65    1    1    1    1    1    1    1    1  3.72092E+13 0.00031 
   66   66    1    1    1    1    1    1    1    1  3.68871E+13 0.00034 
   67   67    1    1    1    1    1    1    1    1  2.65735E+13 0.00036 
   68   68    1    1    1    1    1    1    1    1  2.17014E+13 0.00035 
   69   69    1    1    1    1    1    1    1    1  1.94885E+13 0.00030 
   70   70    1    1    1    1    1    1    1    1  2.34312E+13 0.00049 
   71   71    1    1    1    1    1    1    1    1  1.99577E+13 0.00040 
   72   72    1    1    1    1    1    1    1    1  3.64947E+13 0.00036 
   73   73    1    1    1    1    1    1    1    1  2.58334E+13 0.00039 
   74   74    1    1    1    1    1    1    1    1  1.94421E+13 0.00043 
   75   75    1    1    1    1    1    1    1    1  1.55528E+13 0.00039 
   76   76    1    1    1    1    1    1    1    1  1.28346E+13 0.00050 
   77   77    1    1    1    1    1    1    1    1  1.47784E+13 0.00040 
   78   78    1    1    1    1    1    1    1    1  1.16309E+13 0.00052 
   79   79    1    1    1    1    1    1    1    1  9.23302E+12 0.00061 
   80   80    1    1    1    1    1    1    1    1  9.48864E+12 0.00070 
   81   81    1    1    1    1    1    1    1    1  7.02375E+12 0.00074 
   82   82    1    1    1    1    1    1    1    1  5.40121E+12 0.00084 
   83   83    1    1    1    1    1    1    1    1  4.15755E+12 0.00069 
   84   84    1    1    1    1    1    1    1    1  3.87092E+12 0.00088 
   85   85    1    1    1    1    1    1    1    1  2.78753E+12 0.00125 
   86   86    1    1    1    1    1    1    1    1  2.01197E+12 0.00149 
   87   87    1    1    1    1    1    1    1    1  1.88108E+12 0.00175 
   88   88    1    1    1    1    1    1    1    1  1.16550E+12 0.00192 
   89   89    1    1    1    1    1    1    1    1  7.85875E+11 0.00165 
   90   90    1    1    1    1    1    1    1    1  4.55177E+11 0.00305 
   91   91    1    1    1    1    1    1    1    1  5.80268E+11 0.00242 
   92   92    1    1    1    1    1    1    1    1  0.00000E+00 0.00000 
   93   93    1    1    1    1    1    1    1    1  0.00000E+00 0.00000 
   94   94    1    1    1    1    1    1    1    1  0.00000E+00 0.00000 
   95   95    1    1    1    1    1    1    1    1  0.00000E+00 0.00000 
   96   96    1    1    1    1    1    1    1    1  0.00000E+00 0.00000 
   97   97    1    1    1    1    1    1    1    1  0.00000E+00 0.00000 
   98   98    1    1    1    1    1    1    1    1  0.00000E+00 0.00000 
   99   99    1    1    1    1    1    1    1    1  0.00000E+00 0.00000 
  100  100    1    1    1    1    1    1    1    1  0.00000E+00 0.00000 
];


