
DETdpaspec = [
    1    1    1    1    1    1    1    1    1    1  0.00000E+00 0.00000 
    2    2    1    1    1    1    1    1    1    1  0.00000E+00 0.00000 
    3    3    1    1    1    1    1    1    1    1  0.00000E+00 0.00000 
    4    4    1    1    1    1    1    1    1    1  0.00000E+00 0.00000 
    5    5    1    1    1    1    1    1    1    1  0.00000E+00 0.00000 
    6    6    1    1    1    1    1    1    1    1  0.00000E+00 0.00000 
    7    7    1    1    1    1    1    1    1    1  0.00000E+00 0.00000 
    8    8    1    1    1    1    1    1    1    1  0.00000E+00 0.00000 
    9    9    1    1    1    1    1    1    1    1  0.00000E+00 0.00000 
   10   10    1    1    1    1    1    1    1    1  0.00000E+00 0.00000 
   11   11    1    1    1    1    1    1    1    1  0.00000E+00 0.00000 
   12   12    1    1    1    1    1    1    1    1  0.00000E+00 0.00000 
   13   13    1    1    1    1    1    1    1    1  0.00000E+00 0.00000 
   14   14    1    1    1    1    1    1    1    1  0.00000E+00 0.00000 
   15   15    1    1    1    1    1    1    1    1  0.00000E+00 0.00000 
   16   16    1    1    1    1    1    1    1    1  0.00000E+00 0.00000 
   17   17    1    1    1    1    1    1    1    1  0.00000E+00 0.00000 
   18   18    1    1    1    1    1    1    1    1  0.00000E+00 0.00000 
   19   19    1    1    1    1    1    1    1    1  1.07882E+09 0.14357 
   20   20    1    1    1    1    1    1    1    1  1.51421E+08 0.08060 
   21   21    1    1    1    1    1    1    1    1  5.17129E+08 0.06333 
   22   22    1    1    1    1    1    1    1    1  4.71174E+08 0.07673 
   23   23    1    1    1    1    1    1    1    1  9.05359E+08 0.07373 
   24   24    1    1    1    1    1    1    1    1  1.64370E+09 0.03977 
   25   25    1    1    1    1    1    1    1    1  3.79535E+09 0.02486 
   26   26    1    1    1    1    1    1    1    1  5.96438E+09 0.01895 
   27   27    1    1    1    1    1    1    1    1  1.27172E+10 0.01511 
   28   28    1    1    1    1    1    1    1    1  2.98264E+10 0.00962 
   29   29    1    1    1    1    1    1    1    1  7.57910E+10 0.00725 
   30   30    1    1    1    1    1    1    1    1  1.40922E+11 0.00587 
   31   31    1    1    1    1    1    1    1    1  3.37393E+11 0.00410 
   32   32    1    1    1    1    1    1    1    1  9.08771E+11 0.00274 
   33   33    1    1    1    1    1    1    1    1  1.52544E+12 0.00207 
   34   34    1    1    1    1    1    1    1    1  3.42678E+12 0.00108 
   35   35    1    1    1    1    1    1    1    1  4.61302E+12 0.00071 
   36   36    1    1    1    1    1    1    1    1  5.18204E+12 0.00083 
   37   37    1    1    1    1    1    1    1    1  3.24917E+12 0.00062 
   38   38    1    1    1    1    1    1    1    1  9.62920E+11 0.00080 
   39   39    1    1    1    1    1    1    1    1  5.52549E+12 0.00058 
   40   40    1    1    1    1    1    1    1    1  7.40469E+12 0.00060 
   41   41    1    1    1    1    1    1    1    1  1.26854E+13 0.00041 
   42   42    1    1    1    1    1    1    1    1  1.24116E+13 0.00042 
   43   43    1    1    1    1    1    1    1    1  2.68300E+13 0.00038 
   44   44    1    1    1    1    1    1    1    1  3.22970E+13 0.00036 
   45   45    1    1    1    1    1    1    1    1  4.62861E+13 0.00027 
   46   46    1    1    1    1    1    1    1    1  9.13862E+13 0.00022 
   47   47    1    1    1    1    1    1    1    1  4.11801E+13 0.00018 
   48   48    1    1    1    1    1    1    1    1  6.55216E+13 0.00022 
   49   49    1    1    1    1    1    1    1    1  9.01145E+13 0.00020 
   50   50    1    1    1    1    1    1    1    1  8.78185E+13 0.00021 
   51   51    1    1    1    1    1    1    1    1  1.36226E+14 0.00019 
   52   52    1    1    1    1    1    1    1    1  1.05291E+14 0.00012 
   53   53    1    1    1    1    1    1    1    1  1.25875E+14 0.00013 
   54   54    1    1    1    1    1    1    1    1  8.59288E+13 0.00014 
   55   55    1    1    1    1    1    1    1    1  1.05869E+14 0.00013 
   56   56    1    1    1    1    1    1    1    1  7.19634E+13 0.00023 
   57   57    1    1    1    1    1    1    1    1  9.69338E+12 0.00033 
   58   58    1    1    1    1    1    1    1    1  1.41584E+14 0.00014 
   59   59    1    1    1    1    1    1    1    1  6.38532E+13 0.00017 
   60   60    1    1    1    1    1    1    1    1  6.68530E+13 0.00021 
   61   61    1    1    1    1    1    1    1    1  5.23081E+13 0.00018 
   62   62    1    1    1    1    1    1    1    1  5.21088E+13 0.00022 
   63   63    1    1    1    1    1    1    1    1  5.41920E+13 0.00018 
   64   64    1    1    1    1    1    1    1    1  4.53627E+13 0.00021 
   65   65    1    1    1    1    1    1    1    1  3.57641E+13 0.00022 
   66   66    1    1    1    1    1    1    1    1  3.52506E+13 0.00029 
   67   67    1    1    1    1    1    1    1    1  2.51802E+13 0.00034 
   68   68    1    1    1    1    1    1    1    1  2.03440E+13 0.00034 
   69   69    1    1    1    1    1    1    1    1  1.81555E+13 0.00036 
   70   70    1    1    1    1    1    1    1    1  2.17111E+13 0.00043 
   71   71    1    1    1    1    1    1    1    1  1.83238E+13 0.00039 
   72   72    1    1    1    1    1    1    1    1  3.25696E+13 0.00035 
   73   73    1    1    1    1    1    1    1    1  2.27400E+13 0.00027 
   74   74    1    1    1    1    1    1    1    1  1.70430E+13 0.00036 
   75   75    1    1    1    1    1    1    1    1  1.37866E+13 0.00042 
   76   76    1    1    1    1    1    1    1    1  1.15456E+13 0.00059 
   77   77    1    1    1    1    1    1    1    1  1.34737E+13 0.00050 
   78   78    1    1    1    1    1    1    1    1  1.07576E+13 0.00049 
   79   79    1    1    1    1    1    1    1    1  8.63997E+12 0.00053 
   80   80    1    1    1    1    1    1    1    1  8.97342E+12 0.00064 
   81   81    1    1    1    1    1    1    1    1  6.67167E+12 0.00055 
   82   82    1    1    1    1    1    1    1    1  5.14150E+12 0.00072 
   83   83    1    1    1    1    1    1    1    1  3.95582E+12 0.00088 
   84   84    1    1    1    1    1    1    1    1  3.70547E+12 0.00093 
   85   85    1    1    1    1    1    1    1    1  2.66819E+12 0.00118 
   86   86    1    1    1    1    1    1    1    1  1.92874E+12 0.00153 
   87   87    1    1    1    1    1    1    1    1  1.80324E+12 0.00152 
   88   88    1    1    1    1    1    1    1    1  1.10674E+12 0.00152 
   89   89    1    1    1    1    1    1    1    1  7.41947E+11 0.00221 
   90   90    1    1    1    1    1    1    1    1  4.30189E+11 0.00295 
   91   91    1    1    1    1    1    1    1    1  5.39276E+11 0.00356 
   92   92    1    1    1    1    1    1    1    1  0.00000E+00 0.00000 
   93   93    1    1    1    1    1    1    1    1  0.00000E+00 0.00000 
   94   94    1    1    1    1    1    1    1    1  0.00000E+00 0.00000 
   95   95    1    1    1    1    1    1    1    1  0.00000E+00 0.00000 
   96   96    1    1    1    1    1    1    1    1  0.00000E+00 0.00000 
   97   97    1    1    1    1    1    1    1    1  0.00000E+00 0.00000 
   98   98    1    1    1    1    1    1    1    1  0.00000E+00 0.00000 
   99   99    1    1    1    1    1    1    1    1  0.00000E+00 0.00000 
  100  100    1    1    1    1    1    1    1    1  0.00000E+00 0.00000 
];


