
DETdpaspec = [
    1    1    1    1    1    1    1    1    1    1  0.00000E+00 0.00000 
    2    2    1    1    1    1    1    1    1    1  0.00000E+00 0.00000 
    3    3    1    1    1    1    1    1    1    1  0.00000E+00 0.00000 
    4    4    1    1    1    1    1    1    1    1  0.00000E+00 0.00000 
    5    5    1    1    1    1    1    1    1    1  0.00000E+00 0.00000 
    6    6    1    1    1    1    1    1    1    1  0.00000E+00 0.00000 
    7    7    1    1    1    1    1    1    1    1  0.00000E+00 0.00000 
    8    8    1    1    1    1    1    1    1    1  0.00000E+00 0.00000 
    9    9    1    1    1    1    1    1    1    1  0.00000E+00 0.00000 
   10   10    1    1    1    1    1    1    1    1  0.00000E+00 0.00000 
   11   11    1    1    1    1    1    1    1    1  0.00000E+00 0.00000 
   12   12    1    1    1    1    1    1    1    1  0.00000E+00 0.00000 
   13   13    1    1    1    1    1    1    1    1  0.00000E+00 0.00000 
   14   14    1    1    1    1    1    1    1    1  0.00000E+00 0.00000 
   15   15    1    1    1    1    1    1    1    1  0.00000E+00 0.00000 
   16   16    1    1    1    1    1    1    1    1  0.00000E+00 0.00000 
   17   17    1    1    1    1    1    1    1    1  0.00000E+00 0.00000 
   18   18    1    1    1    1    1    1    1    1  0.00000E+00 0.00000 
   19   19    1    1    1    1    1    1    1    1  1.31348E+09 0.08546 
   20   20    1    1    1    1    1    1    1    1  1.80786E+08 0.09586 
   21   21    1    1    1    1    1    1    1    1  7.89551E+08 0.04873 
   22   22    1    1    1    1    1    1    1    1  5.67059E+08 0.06239 
   23   23    1    1    1    1    1    1    1    1  1.11069E+09 0.04779 
   24   24    1    1    1    1    1    1    1    1  1.75860E+09 0.03381 
   25   25    1    1    1    1    1    1    1    1  3.05584E+09 0.02878 
   26   26    1    1    1    1    1    1    1    1  4.02707E+09 0.02681 
   27   27    1    1    1    1    1    1    1    1  7.06388E+09 0.01865 
   28   28    1    1    1    1    1    1    1    1  1.46552E+10 0.01326 
   29   29    1    1    1    1    1    1    1    1  3.58469E+10 0.01136 
   30   30    1    1    1    1    1    1    1    1  6.54540E+10 0.00811 
   31   31    1    1    1    1    1    1    1    1  1.79385E+11 0.00498 
   32   32    1    1    1    1    1    1    1    1  5.48681E+11 0.00336 
   33   33    1    1    1    1    1    1    1    1  1.00259E+12 0.00165 
   34   34    1    1    1    1    1    1    1    1  2.39927E+12 0.00104 
   35   35    1    1    1    1    1    1    1    1  3.37468E+12 0.00115 
   36   36    1    1    1    1    1    1    1    1  4.16762E+12 0.00097 
   37   37    1    1    1    1    1    1    1    1  2.74489E+12 0.00091 
   38   38    1    1    1    1    1    1    1    1  8.30404E+11 0.00096 
   39   39    1    1    1    1    1    1    1    1  4.72883E+12 0.00059 
   40   40    1    1    1    1    1    1    1    1  6.39603E+12 0.00080 
   41   41    1    1    1    1    1    1    1    1  1.10426E+13 0.00076 
   42   42    1    1    1    1    1    1    1    1  1.10562E+13 0.00050 
   43   43    1    1    1    1    1    1    1    1  2.38897E+13 0.00044 
   44   44    1    1    1    1    1    1    1    1  2.90485E+13 0.00042 
   45   45    1    1    1    1    1    1    1    1  4.21485E+13 0.00036 
   46   46    1    1    1    1    1    1    1    1  8.44103E+13 0.00024 
   47   47    1    1    1    1    1    1    1    1  3.89399E+13 0.00016 
   48   48    1    1    1    1    1    1    1    1  6.26077E+13 0.00026 
   49   49    1    1    1    1    1    1    1    1  8.71507E+13 0.00019 
   50   50    1    1    1    1    1    1    1    1  8.58750E+13 0.00014 
   51   51    1    1    1    1    1    1    1    1  1.34025E+14 0.00016 
   52   52    1    1    1    1    1    1    1    1  1.05532E+14 0.00019 
   53   53    1    1    1    1    1    1    1    1  1.26097E+14 0.00018 
   54   54    1    1    1    1    1    1    1    1  8.70931E+13 0.00017 
   55   55    1    1    1    1    1    1    1    1  1.07033E+14 0.00018 
   56   56    1    1    1    1    1    1    1    1  7.32747E+13 0.00017 
   57   57    1    1    1    1    1    1    1    1  9.91842E+12 0.00037 
   58   58    1    1    1    1    1    1    1    1  1.45185E+14 0.00016 
   59   59    1    1    1    1    1    1    1    1  6.51510E+13 0.00021 
   60   60    1    1    1    1    1    1    1    1  6.87186E+13 0.00022 
   61   61    1    1    1    1    1    1    1    1  5.36485E+13 0.00023 
   62   62    1    1    1    1    1    1    1    1  5.36542E+13 0.00019 
   63   63    1    1    1    1    1    1    1    1  5.59199E+13 0.00032 
   64   64    1    1    1    1    1    1    1    1  4.69739E+13 0.00034 
   65   65    1    1    1    1    1    1    1    1  3.72033E+13 0.00027 
   66   66    1    1    1    1    1    1    1    1  3.68095E+13 0.00035 
   67   67    1    1    1    1    1    1    1    1  2.64314E+13 0.00033 
   68   68    1    1    1    1    1    1    1    1  2.14491E+13 0.00032 
   69   69    1    1    1    1    1    1    1    1  1.92123E+13 0.00040 
   70   70    1    1    1    1    1    1    1    1  2.30513E+13 0.00039 
   71   71    1    1    1    1    1    1    1    1  1.95520E+13 0.00054 
   72   72    1    1    1    1    1    1    1    1  3.51495E+13 0.00046 
   73   73    1    1    1    1    1    1    1    1  2.47144E+13 0.00029 
   74   74    1    1    1    1    1    1    1    1  1.86005E+13 0.00037 
   75   75    1    1    1    1    1    1    1    1  1.50006E+13 0.00054 
   76   76    1    1    1    1    1    1    1    1  1.24988E+13 0.00066 
   77   77    1    1    1    1    1    1    1    1  1.45386E+13 0.00065 
   78   78    1    1    1    1    1    1    1    1  1.15478E+13 0.00058 
   79   79    1    1    1    1    1    1    1    1  9.23028E+12 0.00046 
   80   80    1    1    1    1    1    1    1    1  9.55813E+12 0.00053 
   81   81    1    1    1    1    1    1    1    1  7.09818E+12 0.00061 
   82   82    1    1    1    1    1    1    1    1  5.47983E+12 0.00081 
   83   83    1    1    1    1    1    1    1    1  4.20473E+12 0.00071 
   84   84    1    1    1    1    1    1    1    1  3.93905E+12 0.00090 
   85   85    1    1    1    1    1    1    1    1  2.83902E+12 0.00080 
   86   86    1    1    1    1    1    1    1    1  2.04718E+12 0.00143 
   87   87    1    1    1    1    1    1    1    1  1.91988E+12 0.00110 
   88   88    1    1    1    1    1    1    1    1  1.18054E+12 0.00197 
   89   89    1    1    1    1    1    1    1    1  7.96090E+11 0.00235 
   90   90    1    1    1    1    1    1    1    1  4.61815E+11 0.00250 
   91   91    1    1    1    1    1    1    1    1  5.84590E+11 0.00244 
   92   92    1    1    1    1    1    1    1    1  0.00000E+00 0.00000 
   93   93    1    1    1    1    1    1    1    1  0.00000E+00 0.00000 
   94   94    1    1    1    1    1    1    1    1  0.00000E+00 0.00000 
   95   95    1    1    1    1    1    1    1    1  0.00000E+00 0.00000 
   96   96    1    1    1    1    1    1    1    1  0.00000E+00 0.00000 
   97   97    1    1    1    1    1    1    1    1  0.00000E+00 0.00000 
   98   98    1    1    1    1    1    1    1    1  0.00000E+00 0.00000 
   99   99    1    1    1    1    1    1    1    1  0.00000E+00 0.00000 
  100  100    1    1    1    1    1    1    1    1  0.00000E+00 0.00000 
];


