
DETdpaspec = [
    1    1    1    1    1    1    1    1    1    1  0.00000E+00 0.00000 
    2    2    1    1    1    1    1    1    1    1  0.00000E+00 0.00000 
    3    3    1    1    1    1    1    1    1    1  0.00000E+00 0.00000 
    4    4    1    1    1    1    1    1    1    1  0.00000E+00 0.00000 
    5    5    1    1    1    1    1    1    1    1  0.00000E+00 0.00000 
    6    6    1    1    1    1    1    1    1    1  0.00000E+00 0.00000 
    7    7    1    1    1    1    1    1    1    1  0.00000E+00 0.00000 
    8    8    1    1    1    1    1    1    1    1  0.00000E+00 0.00000 
    9    9    1    1    1    1    1    1    1    1  0.00000E+00 0.00000 
   10   10    1    1    1    1    1    1    1    1  0.00000E+00 0.00000 
   11   11    1    1    1    1    1    1    1    1  0.00000E+00 0.00000 
   12   12    1    1    1    1    1    1    1    1  0.00000E+00 0.00000 
   13   13    1    1    1    1    1    1    1    1  0.00000E+00 0.00000 
   14   14    1    1    1    1    1    1    1    1  0.00000E+00 0.00000 
   15   15    1    1    1    1    1    1    1    1  0.00000E+00 0.00000 
   16   16    1    1    1    1    1    1    1    1  0.00000E+00 0.00000 
   17   17    1    1    1    1    1    1    1    1  0.00000E+00 0.00000 
   18   18    1    1    1    1    1    1    1    1  0.00000E+00 0.00000 
   19   19    1    1    1    1    1    1    1    1  1.73453E+09 0.05235 
   20   20    1    1    1    1    1    1    1    1  2.58343E+08 0.08238 
   21   21    1    1    1    1    1    1    1    1  9.03303E+08 0.05036 
   22   22    1    1    1    1    1    1    1    1  7.05611E+08 0.04990 
   23   23    1    1    1    1    1    1    1    1  1.79221E+09 0.03316 
   24   24    1    1    1    1    1    1    1    1  2.58838E+09 0.02922 
   25   25    1    1    1    1    1    1    1    1  4.13136E+09 0.01740 
   26   26    1    1    1    1    1    1    1    1  5.29745E+09 0.02128 
   27   27    1    1    1    1    1    1    1    1  8.44771E+09 0.01495 
   28   28    1    1    1    1    1    1    1    1  1.46577E+10 0.01342 
   29   29    1    1    1    1    1    1    1    1  3.00872E+10 0.00703 
   30   30    1    1    1    1    1    1    1    1  4.69936E+10 0.00597 
   31   31    1    1    1    1    1    1    1    1  1.40442E+11 0.00505 
   32   32    1    1    1    1    1    1    1    1  4.47412E+11 0.00299 
   33   33    1    1    1    1    1    1    1    1  8.54167E+11 0.00160 
   34   34    1    1    1    1    1    1    1    1  2.02517E+12 0.00146 
   35   35    1    1    1    1    1    1    1    1  2.82264E+12 0.00101 
   36   36    1    1    1    1    1    1    1    1  3.85738E+12 0.00081 
   37   37    1    1    1    1    1    1    1    1  2.66137E+12 0.00065 
   38   38    1    1    1    1    1    1    1    1  8.26496E+11 0.00071 
   39   39    1    1    1    1    1    1    1    1  4.59913E+12 0.00070 
   40   40    1    1    1    1    1    1    1    1  6.22235E+12 0.00061 
   41   41    1    1    1    1    1    1    1    1  1.06411E+13 0.00052 
   42   42    1    1    1    1    1    1    1    1  1.09400E+13 0.00041 
   43   43    1    1    1    1    1    1    1    1  2.32251E+13 0.00046 
   44   44    1    1    1    1    1    1    1    1  2.82517E+13 0.00039 
   45   45    1    1    1    1    1    1    1    1  4.10111E+13 0.00034 
   46   46    1    1    1    1    1    1    1    1  8.14732E+13 0.00023 
   47   47    1    1    1    1    1    1    1    1  3.83428E+13 0.00026 
   48   48    1    1    1    1    1    1    1    1  6.21936E+13 0.00022 
   49   49    1    1    1    1    1    1    1    1  8.68966E+13 0.00021 
   50   50    1    1    1    1    1    1    1    1  8.63504E+13 0.00015 
   51   51    1    1    1    1    1    1    1    1  1.33741E+14 0.00015 
   52   52    1    1    1    1    1    1    1    1  1.07468E+14 0.00019 
   53   53    1    1    1    1    1    1    1    1  1.26620E+14 0.00020 
   54   54    1    1    1    1    1    1    1    1  8.83010E+13 0.00017 
   55   55    1    1    1    1    1    1    1    1  1.06976E+14 0.00019 
   56   56    1    1    1    1    1    1    1    1  7.38175E+13 0.00015 
   57   57    1    1    1    1    1    1    1    1  1.00648E+13 0.00031 
   58   58    1    1    1    1    1    1    1    1  1.46776E+14 0.00016 
   59   59    1    1    1    1    1    1    1    1  6.46296E+13 0.00023 
   60   60    1    1    1    1    1    1    1    1  6.88858E+13 0.00014 
   61   61    1    1    1    1    1    1    1    1  5.31194E+13 0.00015 
   62   62    1    1    1    1    1    1    1    1  5.34111E+13 0.00019 
   63   63    1    1    1    1    1    1    1    1  5.55640E+13 0.00018 
   64   64    1    1    1    1    1    1    1    1  4.66304E+13 0.00029 
   65   65    1    1    1    1    1    1    1    1  3.70974E+13 0.00026 
   66   66    1    1    1    1    1    1    1    1  3.67968E+13 0.00031 
   67   67    1    1    1    1    1    1    1    1  2.65335E+13 0.00039 
   68   68    1    1    1    1    1    1    1    1  2.16775E+13 0.00039 
   69   69    1    1    1    1    1    1    1    1  1.94870E+13 0.00038 
   70   70    1    1    1    1    1    1    1    1  2.34154E+13 0.00032 
   71   71    1    1    1    1    1    1    1    1  1.99669E+13 0.00045 
   72   72    1    1    1    1    1    1    1    1  3.65711E+13 0.00033 
   73   73    1    1    1    1    1    1    1    1  2.59154E+13 0.00036 
   74   74    1    1    1    1    1    1    1    1  1.94749E+13 0.00042 
   75   75    1    1    1    1    1    1    1    1  1.55345E+13 0.00039 
   76   76    1    1    1    1    1    1    1    1  1.28217E+13 0.00064 
   77   77    1    1    1    1    1    1    1    1  1.47490E+13 0.00051 
   78   78    1    1    1    1    1    1    1    1  1.15701E+13 0.00052 
   79   79    1    1    1    1    1    1    1    1  9.18219E+12 0.00050 
   80   80    1    1    1    1    1    1    1    1  9.43437E+12 0.00055 
   81   81    1    1    1    1    1    1    1    1  6.96814E+12 0.00075 
   82   82    1    1    1    1    1    1    1    1  5.35512E+12 0.00061 
   83   83    1    1    1    1    1    1    1    1  4.11065E+12 0.00071 
   84   84    1    1    1    1    1    1    1    1  3.84531E+12 0.00097 
   85   85    1    1    1    1    1    1    1    1  2.77078E+12 0.00094 
   86   86    1    1    1    1    1    1    1    1  1.99442E+12 0.00116 
   87   87    1    1    1    1    1    1    1    1  1.86431E+12 0.00114 
   88   88    1    1    1    1    1    1    1    1  1.15113E+12 0.00228 
   89   89    1    1    1    1    1    1    1    1  7.78116E+11 0.00186 
   90   90    1    1    1    1    1    1    1    1  4.51976E+11 0.00229 
   91   91    1    1    1    1    1    1    1    1  5.76830E+11 0.00260 
   92   92    1    1    1    1    1    1    1    1  0.00000E+00 0.00000 
   93   93    1    1    1    1    1    1    1    1  0.00000E+00 0.00000 
   94   94    1    1    1    1    1    1    1    1  0.00000E+00 0.00000 
   95   95    1    1    1    1    1    1    1    1  0.00000E+00 0.00000 
   96   96    1    1    1    1    1    1    1    1  0.00000E+00 0.00000 
   97   97    1    1    1    1    1    1    1    1  0.00000E+00 0.00000 
   98   98    1    1    1    1    1    1    1    1  0.00000E+00 0.00000 
   99   99    1    1    1    1    1    1    1    1  0.00000E+00 0.00000 
  100  100    1    1    1    1    1    1    1    1  0.00000E+00 0.00000 
];


