
DETdpaspec = [
    1    1    1    1    1    1    1    1    1    1  0.00000E+00 0.00000 
    2    2    1    1    1    1    1    1    1    1  0.00000E+00 0.00000 
    3    3    1    1    1    1    1    1    1    1  0.00000E+00 0.00000 
    4    4    1    1    1    1    1    1    1    1  0.00000E+00 0.00000 
    5    5    1    1    1    1    1    1    1    1  0.00000E+00 0.00000 
    6    6    1    1    1    1    1    1    1    1  0.00000E+00 0.00000 
    7    7    1    1    1    1    1    1    1    1  0.00000E+00 0.00000 
    8    8    1    1    1    1    1    1    1    1  0.00000E+00 0.00000 
    9    9    1    1    1    1    1    1    1    1  0.00000E+00 0.00000 
   10   10    1    1    1    1    1    1    1    1  0.00000E+00 0.00000 
   11   11    1    1    1    1    1    1    1    1  0.00000E+00 0.00000 
   12   12    1    1    1    1    1    1    1    1  0.00000E+00 0.00000 
   13   13    1    1    1    1    1    1    1    1  0.00000E+00 0.00000 
   14   14    1    1    1    1    1    1    1    1  0.00000E+00 0.00000 
   15   15    1    1    1    1    1    1    1    1  0.00000E+00 0.00000 
   16   16    1    1    1    1    1    1    1    1  0.00000E+00 0.00000 
   17   17    1    1    1    1    1    1    1    1  0.00000E+00 0.00000 
   18   18    1    1    1    1    1    1    1    1  0.00000E+00 0.00000 
   19   19    1    1    1    1    1    1    1    1  8.96789E+08 0.10506 
   20   20    1    1    1    1    1    1    1    1  1.46383E+08 0.13152 
   21   21    1    1    1    1    1    1    1    1  4.80405E+08 0.08316 
   22   22    1    1    1    1    1    1    1    1  4.58766E+08 0.06676 
   23   23    1    1    1    1    1    1    1    1  9.56386E+08 0.05895 
   24   24    1    1    1    1    1    1    1    1  1.64222E+09 0.03954 
   25   25    1    1    1    1    1    1    1    1  3.37415E+09 0.03557 
   26   26    1    1    1    1    1    1    1    1  5.21614E+09 0.02569 
   27   27    1    1    1    1    1    1    1    1  1.11062E+10 0.01171 
   28   28    1    1    1    1    1    1    1    1  2.63028E+10 0.00997 
   29   29    1    1    1    1    1    1    1    1  6.84298E+10 0.00598 
   30   30    1    1    1    1    1    1    1    1  1.26167E+11 0.00394 
   31   31    1    1    1    1    1    1    1    1  3.07699E+11 0.00199 
   32   32    1    1    1    1    1    1    1    1  8.42928E+11 0.00174 
   33   33    1    1    1    1    1    1    1    1  1.43511E+12 0.00167 
   34   34    1    1    1    1    1    1    1    1  3.25482E+12 0.00111 
   35   35    1    1    1    1    1    1    1    1  4.41215E+12 0.00088 
   36   36    1    1    1    1    1    1    1    1  5.01927E+12 0.00057 
   37   37    1    1    1    1    1    1    1    1  3.16812E+12 0.00049 
   38   38    1    1    1    1    1    1    1    1  9.41039E+11 0.00063 
   39   39    1    1    1    1    1    1    1    1  5.39650E+12 0.00057 
   40   40    1    1    1    1    1    1    1    1  7.24809E+12 0.00049 
   41   41    1    1    1    1    1    1    1    1  1.24236E+13 0.00043 
   42   42    1    1    1    1    1    1    1    1  1.21921E+13 0.00043 
   43   43    1    1    1    1    1    1    1    1  2.63617E+13 0.00039 
   44   44    1    1    1    1    1    1    1    1  3.17739E+13 0.00028 
   45   45    1    1    1    1    1    1    1    1  4.56113E+13 0.00026 
   46   46    1    1    1    1    1    1    1    1  9.03200E+13 0.00025 
   47   47    1    1    1    1    1    1    1    1  4.08216E+13 0.00022 
   48   48    1    1    1    1    1    1    1    1  6.50409E+13 0.00022 
   49   49    1    1    1    1    1    1    1    1  8.96361E+13 0.00018 
   50   50    1    1    1    1    1    1    1    1  8.74870E+13 0.00017 
   51   51    1    1    1    1    1    1    1    1  1.35900E+14 0.00018 
   52   52    1    1    1    1    1    1    1    1  1.05261E+14 0.00015 
   53   53    1    1    1    1    1    1    1    1  1.25915E+14 0.00015 
   54   54    1    1    1    1    1    1    1    1  8.60982E+13 0.00015 
   55   55    1    1    1    1    1    1    1    1  1.06061E+14 0.00015 
   56   56    1    1    1    1    1    1    1    1  7.21654E+13 0.00018 
   57   57    1    1    1    1    1    1    1    1  9.72819E+12 0.00034 
   58   58    1    1    1    1    1    1    1    1  1.42163E+14 0.00015 
   59   59    1    1    1    1    1    1    1    1  6.40868E+13 0.00019 
   60   60    1    1    1    1    1    1    1    1  6.71653E+13 0.00019 
   61   61    1    1    1    1    1    1    1    1  5.25739E+13 0.00022 
   62   62    1    1    1    1    1    1    1    1  5.24028E+13 0.00021 
   63   63    1    1    1    1    1    1    1    1  5.44888E+13 0.00024 
   64   64    1    1    1    1    1    1    1    1  4.56536E+13 0.00026 
   65   65    1    1    1    1    1    1    1    1  3.60157E+13 0.00030 
   66   66    1    1    1    1    1    1    1    1  3.55090E+13 0.00044 
   67   67    1    1    1    1    1    1    1    1  2.53944E+13 0.00037 
   68   68    1    1    1    1    1    1    1    1  2.05225E+13 0.00038 
   69   69    1    1    1    1    1    1    1    1  1.83265E+13 0.00041 
   70   70    1    1    1    1    1    1    1    1  2.19109E+13 0.00040 
   71   71    1    1    1    1    1    1    1    1  1.85215E+13 0.00048 
   72   72    1    1    1    1    1    1    1    1  3.29270E+13 0.00043 
   73   73    1    1    1    1    1    1    1    1  2.30101E+13 0.00042 
   74   74    1    1    1    1    1    1    1    1  1.72698E+13 0.00043 
   75   75    1    1    1    1    1    1    1    1  1.39623E+13 0.00035 
   76   76    1    1    1    1    1    1    1    1  1.16860E+13 0.00044 
   77   77    1    1    1    1    1    1    1    1  1.36387E+13 0.00029 
   78   78    1    1    1    1    1    1    1    1  1.08750E+13 0.00052 
   79   79    1    1    1    1    1    1    1    1  8.73691E+12 0.00074 
   80   80    1    1    1    1    1    1    1    1  9.07988E+12 0.00073 
   81   81    1    1    1    1    1    1    1    1  6.73524E+12 0.00078 
   82   82    1    1    1    1    1    1    1    1  5.21018E+12 0.00068 
   83   83    1    1    1    1    1    1    1    1  3.99401E+12 0.00088 
   84   84    1    1    1    1    1    1    1    1  3.74514E+12 0.00097 
   85   85    1    1    1    1    1    1    1    1  2.69739E+12 0.00108 
   86   86    1    1    1    1    1    1    1    1  1.94758E+12 0.00140 
   87   87    1    1    1    1    1    1    1    1  1.82440E+12 0.00158 
   88   88    1    1    1    1    1    1    1    1  1.12096E+12 0.00174 
   89   89    1    1    1    1    1    1    1    1  7.51397E+11 0.00205 
   90   90    1    1    1    1    1    1    1    1  4.35754E+11 0.00233 
   91   91    1    1    1    1    1    1    1    1  5.48249E+11 0.00279 
   92   92    1    1    1    1    1    1    1    1  0.00000E+00 0.00000 
   93   93    1    1    1    1    1    1    1    1  0.00000E+00 0.00000 
   94   94    1    1    1    1    1    1    1    1  0.00000E+00 0.00000 
   95   95    1    1    1    1    1    1    1    1  0.00000E+00 0.00000 
   96   96    1    1    1    1    1    1    1    1  0.00000E+00 0.00000 
   97   97    1    1    1    1    1    1    1    1  0.00000E+00 0.00000 
   98   98    1    1    1    1    1    1    1    1  0.00000E+00 0.00000 
   99   99    1    1    1    1    1    1    1    1  0.00000E+00 0.00000 
  100  100    1    1    1    1    1    1    1    1  0.00000E+00 0.00000 
];


