
DETdpaspec = [
    1    1    1    1    1    1    1    1    1    1  0.00000E+00 0.00000 
    2    2    1    1    1    1    1    1    1    1  0.00000E+00 0.00000 
    3    3    1    1    1    1    1    1    1    1  0.00000E+00 0.00000 
    4    4    1    1    1    1    1    1    1    1  0.00000E+00 0.00000 
    5    5    1    1    1    1    1    1    1    1  0.00000E+00 0.00000 
    6    6    1    1    1    1    1    1    1    1  0.00000E+00 0.00000 
    7    7    1    1    1    1    1    1    1    1  0.00000E+00 0.00000 
    8    8    1    1    1    1    1    1    1    1  0.00000E+00 0.00000 
    9    9    1    1    1    1    1    1    1    1  0.00000E+00 0.00000 
   10   10    1    1    1    1    1    1    1    1  0.00000E+00 0.00000 
   11   11    1    1    1    1    1    1    1    1  0.00000E+00 0.00000 
   12   12    1    1    1    1    1    1    1    1  0.00000E+00 0.00000 
   13   13    1    1    1    1    1    1    1    1  0.00000E+00 0.00000 
   14   14    1    1    1    1    1    1    1    1  0.00000E+00 0.00000 
   15   15    1    1    1    1    1    1    1    1  0.00000E+00 0.00000 
   16   16    1    1    1    1    1    1    1    1  0.00000E+00 0.00000 
   17   17    1    1    1    1    1    1    1    1  0.00000E+00 0.00000 
   18   18    1    1    1    1    1    1    1    1  0.00000E+00 0.00000 
   19   19    1    1    1    1    1    1    1    1  1.22088E+09 0.08029 
   20   20    1    1    1    1    1    1    1    1  1.55279E+08 0.09638 
   21   21    1    1    1    1    1    1    1    1  5.26839E+08 0.07696 
   22   22    1    1    1    1    1    1    1    1  4.81001E+08 0.08229 
   23   23    1    1    1    1    1    1    1    1  9.94734E+08 0.04331 
   24   24    1    1    1    1    1    1    1    1  1.75524E+09 0.03913 
   25   25    1    1    1    1    1    1    1    1  3.13371E+09 0.02826 
   26   26    1    1    1    1    1    1    1    1  4.58484E+09 0.01975 
   27   27    1    1    1    1    1    1    1    1  8.51910E+09 0.01455 
   28   28    1    1    1    1    1    1    1    1  1.82408E+10 0.01568 
   29   29    1    1    1    1    1    1    1    1  4.66034E+10 0.00827 
   30   30    1    1    1    1    1    1    1    1  8.72296E+10 0.00533 
   31   31    1    1    1    1    1    1    1    1  2.27432E+11 0.00306 
   32   32    1    1    1    1    1    1    1    1  6.63411E+11 0.00259 
   33   33    1    1    1    1    1    1    1    1  1.17574E+12 0.00169 
   34   34    1    1    1    1    1    1    1    1  2.74771E+12 0.00100 
   35   35    1    1    1    1    1    1    1    1  3.80219E+12 0.00092 
   36   36    1    1    1    1    1    1    1    1  4.51466E+12 0.00087 
   37   37    1    1    1    1    1    1    1    1  2.91184E+12 0.00062 
   38   38    1    1    1    1    1    1    1    1  8.73485E+11 0.00070 
   39   39    1    1    1    1    1    1    1    1  4.99081E+12 0.00062 
   40   40    1    1    1    1    1    1    1    1  6.73363E+12 0.00055 
   41   41    1    1    1    1    1    1    1    1  1.15973E+13 0.00037 
   42   42    1    1    1    1    1    1    1    1  1.14962E+13 0.00030 
   43   43    1    1    1    1    1    1    1    1  2.48813E+13 0.00025 
   44   44    1    1    1    1    1    1    1    1  3.01563E+13 0.00028 
   45   45    1    1    1    1    1    1    1    1  4.35881E+13 0.00031 
   46   46    1    1    1    1    1    1    1    1  8.69559E+13 0.00022 
   47   47    1    1    1    1    1    1    1    1  3.97474E+13 0.00017 
   48   48    1    1    1    1    1    1    1    1  6.36317E+13 0.00016 
   49   49    1    1    1    1    1    1    1    1  8.81727E+13 0.00023 
   50   50    1    1    1    1    1    1    1    1  8.65041E+13 0.00017 
   51   51    1    1    1    1    1    1    1    1  1.34794E+14 0.00013 
   52   52    1    1    1    1    1    1    1    1  1.05332E+14 0.00019 
   53   53    1    1    1    1    1    1    1    1  1.26035E+14 0.00014 
   54   54    1    1    1    1    1    1    1    1  8.66214E+13 0.00023 
   55   55    1    1    1    1    1    1    1    1  1.06700E+14 0.00015 
   56   56    1    1    1    1    1    1    1    1  7.28497E+13 0.00014 
   57   57    1    1    1    1    1    1    1    1  9.84479E+12 0.00033 
   58   58    1    1    1    1    1    1    1    1  1.43901E+14 0.00015 
   59   59    1    1    1    1    1    1    1    1  6.47653E+13 0.00021 
   60   60    1    1    1    1    1    1    1    1  6.81142E+13 0.00014 
   61   61    1    1    1    1    1    1    1    1  5.32536E+13 0.00029 
   62   62    1    1    1    1    1    1    1    1  5.31783E+13 0.00028 
   63   63    1    1    1    1    1    1    1    1  5.53634E+13 0.00024 
   64   64    1    1    1    1    1    1    1    1  4.64570E+13 0.00033 
   65   65    1    1    1    1    1    1    1    1  3.67281E+13 0.00029 
   66   66    1    1    1    1    1    1    1    1  3.62838E+13 0.00037 
   67   67    1    1    1    1    1    1    1    1  2.60189E+13 0.00041 
   68   68    1    1    1    1    1    1    1    1  2.10730E+13 0.00030 
   69   69    1    1    1    1    1    1    1    1  1.88503E+13 0.00041 
   70   70    1    1    1    1    1    1    1    1  2.25825E+13 0.00043 
   71   71    1    1    1    1    1    1    1    1  1.91110E+13 0.00041 
   72   72    1    1    1    1    1    1    1    1  3.41425E+13 0.00038 
   73   73    1    1    1    1    1    1    1    1  2.39602E+13 0.00039 
   74   74    1    1    1    1    1    1    1    1  1.79955E+13 0.00047 
   75   75    1    1    1    1    1    1    1    1  1.45349E+13 0.00061 
   76   76    1    1    1    1    1    1    1    1  1.21415E+13 0.00050 
   77   77    1    1    1    1    1    1    1    1  1.41570E+13 0.00044 
   78   78    1    1    1    1    1    1    1    1  1.12659E+13 0.00048 
   79   79    1    1    1    1    1    1    1    1  9.03843E+12 0.00068 
   80   80    1    1    1    1    1    1    1    1  9.37645E+12 0.00074 
   81   81    1    1    1    1    1    1    1    1  6.96255E+12 0.00064 
   82   82    1    1    1    1    1    1    1    1  5.37299E+12 0.00060 
   83   83    1    1    1    1    1    1    1    1  4.13232E+12 0.00086 
   84   84    1    1    1    1    1    1    1    1  3.86851E+12 0.00098 
   85   85    1    1    1    1    1    1    1    1  2.78583E+12 0.00130 
   86   86    1    1    1    1    1    1    1    1  2.01720E+12 0.00113 
   87   87    1    1    1    1    1    1    1    1  1.89032E+12 0.00143 
   88   88    1    1    1    1    1    1    1    1  1.15545E+12 0.00138 
   89   89    1    1    1    1    1    1    1    1  7.78097E+11 0.00235 
   90   90    1    1    1    1    1    1    1    1  4.50942E+11 0.00252 
   91   91    1    1    1    1    1    1    1    1  5.70594E+11 0.00260 
   92   92    1    1    1    1    1    1    1    1  0.00000E+00 0.00000 
   93   93    1    1    1    1    1    1    1    1  0.00000E+00 0.00000 
   94   94    1    1    1    1    1    1    1    1  0.00000E+00 0.00000 
   95   95    1    1    1    1    1    1    1    1  0.00000E+00 0.00000 
   96   96    1    1    1    1    1    1    1    1  0.00000E+00 0.00000 
   97   97    1    1    1    1    1    1    1    1  0.00000E+00 0.00000 
   98   98    1    1    1    1    1    1    1    1  0.00000E+00 0.00000 
   99   99    1    1    1    1    1    1    1    1  0.00000E+00 0.00000 
  100  100    1    1    1    1    1    1    1    1  0.00000E+00 0.00000 
];


