
DETdpaspec = [
    1    1    1    1    1    1    1    1    1    1  0.00000E+00 0.00000 
    2    2    1    1    1    1    1    1    1    1  0.00000E+00 0.00000 
    3    3    1    1    1    1    1    1    1    1  0.00000E+00 0.00000 
    4    4    1    1    1    1    1    1    1    1  0.00000E+00 0.00000 
    5    5    1    1    1    1    1    1    1    1  0.00000E+00 0.00000 
    6    6    1    1    1    1    1    1    1    1  0.00000E+00 0.00000 
    7    7    1    1    1    1    1    1    1    1  0.00000E+00 0.00000 
    8    8    1    1    1    1    1    1    1    1  0.00000E+00 0.00000 
    9    9    1    1    1    1    1    1    1    1  0.00000E+00 0.00000 
   10   10    1    1    1    1    1    1    1    1  0.00000E+00 0.00000 
   11   11    1    1    1    1    1    1    1    1  0.00000E+00 0.00000 
   12   12    1    1    1    1    1    1    1    1  0.00000E+00 0.00000 
   13   13    1    1    1    1    1    1    1    1  0.00000E+00 0.00000 
   14   14    1    1    1    1    1    1    1    1  0.00000E+00 0.00000 
   15   15    1    1    1    1    1    1    1    1  0.00000E+00 0.00000 
   16   16    1    1    1    1    1    1    1    1  0.00000E+00 0.00000 
   17   17    1    1    1    1    1    1    1    1  0.00000E+00 0.00000 
   18   18    1    1    1    1    1    1    1    1  0.00000E+00 0.00000 
   19   19    1    1    1    1    1    1    1    1  1.55127E+09 0.06904 
   20   20    1    1    1    1    1    1    1    1  2.27159E+08 0.08329 
   21   21    1    1    1    1    1    1    1    1  6.83747E+08 0.07230 
   22   22    1    1    1    1    1    1    1    1  5.53272E+08 0.05410 
   23   23    1    1    1    1    1    1    1    1  1.35903E+09 0.04413 
   24   24    1    1    1    1    1    1    1    1  1.99482E+09 0.02862 
   25   25    1    1    1    1    1    1    1    1  3.41051E+09 0.02212 
   26   26    1    1    1    1    1    1    1    1  4.31035E+09 0.01868 
   27   27    1    1    1    1    1    1    1    1  7.07702E+09 0.01854 
   28   28    1    1    1    1    1    1    1    1  1.33991E+10 0.01140 
   29   29    1    1    1    1    1    1    1    1  3.12071E+10 0.00855 
   30   30    1    1    1    1    1    1    1    1  5.44054E+10 0.00533 
   31   31    1    1    1    1    1    1    1    1  1.54667E+11 0.00343 
   32   32    1    1    1    1    1    1    1    1  4.83313E+11 0.00300 
   33   33    1    1    1    1    1    1    1    1  9.03435E+11 0.00280 
   34   34    1    1    1    1    1    1    1    1  2.17521E+12 0.00158 
   35   35    1    1    1    1    1    1    1    1  3.06669E+12 0.00093 
   36   36    1    1    1    1    1    1    1    1  3.94716E+12 0.00073 
   37   37    1    1    1    1    1    1    1    1  2.65116E+12 0.00091 
   38   38    1    1    1    1    1    1    1    1  8.09946E+11 0.00074 
   39   39    1    1    1    1    1    1    1    1  4.57627E+12 0.00070 
   40   40    1    1    1    1    1    1    1    1  6.19776E+12 0.00071 
   41   41    1    1    1    1    1    1    1    1  1.06938E+13 0.00062 
   42   42    1    1    1    1    1    1    1    1  1.08076E+13 0.00049 
   43   43    1    1    1    1    1    1    1    1  2.32742E+13 0.00042 
   44   44    1    1    1    1    1    1    1    1  2.83680E+13 0.00039 
   45   45    1    1    1    1    1    1    1    1  4.12702E+13 0.00033 
   46   46    1    1    1    1    1    1    1    1  8.26517E+13 0.00031 
   47   47    1    1    1    1    1    1    1    1  3.84553E+13 0.00024 
   48   48    1    1    1    1    1    1    1    1  6.20792E+13 0.00020 
   49   49    1    1    1    1    1    1    1    1  8.66104E+13 0.00018 
   50   50    1    1    1    1    1    1    1    1  8.56980E+13 0.00016 
   51   51    1    1    1    1    1    1    1    1  1.33545E+14 0.00018 
   52   52    1    1    1    1    1    1    1    1  1.06070E+14 0.00019 
   53   53    1    1    1    1    1    1    1    1  1.26272E+14 0.00011 
   54   54    1    1    1    1    1    1    1    1  8.75560E+13 0.00016 
   55   55    1    1    1    1    1    1    1    1  1.07170E+14 0.00017 
   56   56    1    1    1    1    1    1    1    1  7.36141E+13 0.00018 
   57   57    1    1    1    1    1    1    1    1  9.99642E+12 0.00034 
   58   58    1    1    1    1    1    1    1    1  1.46051E+14 0.00014 
   59   59    1    1    1    1    1    1    1    1  6.51676E+13 0.00019 
   60   60    1    1    1    1    1    1    1    1  6.90373E+13 0.00024 
   61   61    1    1    1    1    1    1    1    1  5.36844E+13 0.00022 
   62   62    1    1    1    1    1    1    1    1  5.38185E+13 0.00018 
   63   63    1    1    1    1    1    1    1    1  5.60686E+13 0.00021 
   64   64    1    1    1    1    1    1    1    1  4.71149E+13 0.00025 
   65   65    1    1    1    1    1    1    1    1  3.73964E+13 0.00033 
   66   66    1    1    1    1    1    1    1    1  3.70426E+13 0.00025 
   67   67    1    1    1    1    1    1    1    1  2.66308E+13 0.00027 
   68   68    1    1    1    1    1    1    1    1  2.16707E+13 0.00034 
   69   69    1    1    1    1    1    1    1    1  1.94406E+13 0.00044 
   70   70    1    1    1    1    1    1    1    1  2.33360E+13 0.00044 
   71   71    1    1    1    1    1    1    1    1  1.98235E+13 0.00036 
   72   72    1    1    1    1    1    1    1    1  3.59461E+13 0.00041 
   73   73    1    1    1    1    1    1    1    1  2.53356E+13 0.00025 
   74   74    1    1    1    1    1    1    1    1  1.90670E+13 0.00046 
   75   75    1    1    1    1    1    1    1    1  1.53363E+13 0.00053 
   76   76    1    1    1    1    1    1    1    1  1.27314E+13 0.00039 
   77   77    1    1    1    1    1    1    1    1  1.47522E+13 0.00049 
   78   78    1    1    1    1    1    1    1    1  1.16867E+13 0.00049 
   79   79    1    1    1    1    1    1    1    1  9.31545E+12 0.00083 
   80   80    1    1    1    1    1    1    1    1  9.63322E+12 0.00045 
   81   81    1    1    1    1    1    1    1    1  7.15473E+12 0.00069 
   82   82    1    1    1    1    1    1    1    1  5.50215E+12 0.00084 
   83   83    1    1    1    1    1    1    1    1  4.22331E+12 0.00101 
   84   84    1    1    1    1    1    1    1    1  3.95258E+12 0.00104 
   85   85    1    1    1    1    1    1    1    1  2.84507E+12 0.00138 
   86   86    1    1    1    1    1    1    1    1  2.05751E+12 0.00140 
   87   87    1    1    1    1    1    1    1    1  1.92528E+12 0.00108 
   88   88    1    1    1    1    1    1    1    1  1.18578E+12 0.00185 
   89   89    1    1    1    1    1    1    1    1  7.98427E+11 0.00260 
   90   90    1    1    1    1    1    1    1    1  4.63188E+11 0.00204 
   91   91    1    1    1    1    1    1    1    1  5.87103E+11 0.00248 
   92   92    1    1    1    1    1    1    1    1  0.00000E+00 0.00000 
   93   93    1    1    1    1    1    1    1    1  0.00000E+00 0.00000 
   94   94    1    1    1    1    1    1    1    1  0.00000E+00 0.00000 
   95   95    1    1    1    1    1    1    1    1  0.00000E+00 0.00000 
   96   96    1    1    1    1    1    1    1    1  0.00000E+00 0.00000 
   97   97    1    1    1    1    1    1    1    1  0.00000E+00 0.00000 
   98   98    1    1    1    1    1    1    1    1  0.00000E+00 0.00000 
   99   99    1    1    1    1    1    1    1    1  0.00000E+00 0.00000 
  100  100    1    1    1    1    1    1    1    1  0.00000E+00 0.00000 
];


