
DETdpaspec = [
    1    1    1    1    1    1    1    1    1    1  0.00000E+00 0.00000 
    2    2    1    1    1    1    1    1    1    1  0.00000E+00 0.00000 
    3    3    1    1    1    1    1    1    1    1  0.00000E+00 0.00000 
    4    4    1    1    1    1    1    1    1    1  0.00000E+00 0.00000 
    5    5    1    1    1    1    1    1    1    1  0.00000E+00 0.00000 
    6    6    1    1    1    1    1    1    1    1  0.00000E+00 0.00000 
    7    7    1    1    1    1    1    1    1    1  0.00000E+00 0.00000 
    8    8    1    1    1    1    1    1    1    1  0.00000E+00 0.00000 
    9    9    1    1    1    1    1    1    1    1  0.00000E+00 0.00000 
   10   10    1    1    1    1    1    1    1    1  0.00000E+00 0.00000 
   11   11    1    1    1    1    1    1    1    1  0.00000E+00 0.00000 
   12   12    1    1    1    1    1    1    1    1  0.00000E+00 0.00000 
   13   13    1    1    1    1    1    1    1    1  0.00000E+00 0.00000 
   14   14    1    1    1    1    1    1    1    1  0.00000E+00 0.00000 
   15   15    1    1    1    1    1    1    1    1  0.00000E+00 0.00000 
   16   16    1    1    1    1    1    1    1    1  0.00000E+00 0.00000 
   17   17    1    1    1    1    1    1    1    1  0.00000E+00 0.00000 
   18   18    1    1    1    1    1    1    1    1  0.00000E+00 0.00000 
   19   19    1    1    1    1    1    1    1    1  1.51428E+09 0.06137 
   20   20    1    1    1    1    1    1    1    1  2.25964E+08 0.08807 
   21   21    1    1    1    1    1    1    1    1  7.73867E+08 0.06541 
   22   22    1    1    1    1    1    1    1    1  5.86551E+08 0.06561 
   23   23    1    1    1    1    1    1    1    1  1.32264E+09 0.04821 
   24   24    1    1    1    1    1    1    1    1  1.99681E+09 0.03811 
   25   25    1    1    1    1    1    1    1    1  3.30148E+09 0.03257 
   26   26    1    1    1    1    1    1    1    1  4.23817E+09 0.02813 
   27   27    1    1    1    1    1    1    1    1  7.04549E+09 0.02463 
   28   28    1    1    1    1    1    1    1    1  1.34599E+10 0.01476 
   29   29    1    1    1    1    1    1    1    1  3.09652E+10 0.01319 
   30   30    1    1    1    1    1    1    1    1  5.34436E+10 0.00921 
   31   31    1    1    1    1    1    1    1    1  1.51784E+11 0.00409 
   32   32    1    1    1    1    1    1    1    1  4.78899E+11 0.00335 
   33   33    1    1    1    1    1    1    1    1  8.96603E+11 0.00233 
   34   34    1    1    1    1    1    1    1    1  2.16468E+12 0.00136 
   35   35    1    1    1    1    1    1    1    1  3.05362E+12 0.00100 
   36   36    1    1    1    1    1    1    1    1  3.93465E+12 0.00115 
   37   37    1    1    1    1    1    1    1    1  2.64470E+12 0.00096 
   38   38    1    1    1    1    1    1    1    1  8.08341E+11 0.00078 
   39   39    1    1    1    1    1    1    1    1  4.56992E+12 0.00075 
   40   40    1    1    1    1    1    1    1    1  6.19324E+12 0.00066 
   41   41    1    1    1    1    1    1    1    1  1.06766E+13 0.00050 
   42   42    1    1    1    1    1    1    1    1  1.08110E+13 0.00046 
   43   43    1    1    1    1    1    1    1    1  2.32590E+13 0.00045 
   44   44    1    1    1    1    1    1    1    1  2.83526E+13 0.00032 
   45   45    1    1    1    1    1    1    1    1  4.12293E+13 0.00026 
   46   46    1    1    1    1    1    1    1    1  8.25633E+13 0.00023 
   47   47    1    1    1    1    1    1    1    1  3.84415E+13 0.00023 
   48   48    1    1    1    1    1    1    1    1  6.20428E+13 0.00019 
   49   49    1    1    1    1    1    1    1    1  8.66037E+13 0.00019 
   50   50    1    1    1    1    1    1    1    1  8.56909E+13 0.00020 
   51   51    1    1    1    1    1    1    1    1  1.33563E+14 0.00012 
   52   52    1    1    1    1    1    1    1    1  1.06057E+14 0.00017 
   53   53    1    1    1    1    1    1    1    1  1.26245E+14 0.00016 
   54   54    1    1    1    1    1    1    1    1  8.75638E+13 0.00019 
   55   55    1    1    1    1    1    1    1    1  1.07168E+14 0.00010 
   56   56    1    1    1    1    1    1    1    1  7.36208E+13 0.00015 
   57   57    1    1    1    1    1    1    1    1  9.98987E+12 0.00035 
   58   58    1    1    1    1    1    1    1    1  1.46095E+14 0.00013 
   59   59    1    1    1    1    1    1    1    1  6.51859E+13 0.00022 
   60   60    1    1    1    1    1    1    1    1  6.90390E+13 0.00018 
   61   61    1    1    1    1    1    1    1    1  5.37058E+13 0.00022 
   62   62    1    1    1    1    1    1    1    1  5.38244E+13 0.00021 
   63   63    1    1    1    1    1    1    1    1  5.60801E+13 0.00023 
   64   64    1    1    1    1    1    1    1    1  4.71205E+13 0.00027 
   65   65    1    1    1    1    1    1    1    1  3.74137E+13 0.00030 
   66   66    1    1    1    1    1    1    1    1  3.70464E+13 0.00033 
   67   67    1    1    1    1    1    1    1    1  2.66506E+13 0.00027 
   68   68    1    1    1    1    1    1    1    1  2.16990E+13 0.00026 
   69   69    1    1    1    1    1    1    1    1  1.94487E+13 0.00023 
   70   70    1    1    1    1    1    1    1    1  2.33622E+13 0.00030 
   71   71    1    1    1    1    1    1    1    1  1.98597E+13 0.00037 
   72   72    1    1    1    1    1    1    1    1  3.59621E+13 0.00027 
   73   73    1    1    1    1    1    1    1    1  2.53793E+13 0.00047 
   74   74    1    1    1    1    1    1    1    1  1.90947E+13 0.00043 
   75   75    1    1    1    1    1    1    1    1  1.53406E+13 0.00040 
   76   76    1    1    1    1    1    1    1    1  1.27420E+13 0.00048 
   77   77    1    1    1    1    1    1    1    1  1.47604E+13 0.00040 
   78   78    1    1    1    1    1    1    1    1  1.16823E+13 0.00058 
   79   79    1    1    1    1    1    1    1    1  9.31418E+12 0.00048 
   80   80    1    1    1    1    1    1    1    1  9.62427E+12 0.00066 
   81   81    1    1    1    1    1    1    1    1  7.13701E+12 0.00086 
   82   82    1    1    1    1    1    1    1    1  5.49735E+12 0.00067 
   83   83    1    1    1    1    1    1    1    1  4.22467E+12 0.00081 
   84   84    1    1    1    1    1    1    1    1  3.95500E+12 0.00096 
   85   85    1    1    1    1    1    1    1    1  2.84637E+12 0.00138 
   86   86    1    1    1    1    1    1    1    1  2.05366E+12 0.00137 
   87   87    1    1    1    1    1    1    1    1  1.92433E+12 0.00096 
   88   88    1    1    1    1    1    1    1    1  1.18229E+12 0.00192 
   89   89    1    1    1    1    1    1    1    1  8.03017E+11 0.00167 
   90   90    1    1    1    1    1    1    1    1  4.63534E+11 0.00304 
   91   91    1    1    1    1    1    1    1    1  5.89180E+11 0.00306 
   92   92    1    1    1    1    1    1    1    1  0.00000E+00 0.00000 
   93   93    1    1    1    1    1    1    1    1  0.00000E+00 0.00000 
   94   94    1    1    1    1    1    1    1    1  0.00000E+00 0.00000 
   95   95    1    1    1    1    1    1    1    1  0.00000E+00 0.00000 
   96   96    1    1    1    1    1    1    1    1  0.00000E+00 0.00000 
   97   97    1    1    1    1    1    1    1    1  0.00000E+00 0.00000 
   98   98    1    1    1    1    1    1    1    1  0.00000E+00 0.00000 
   99   99    1    1    1    1    1    1    1    1  0.00000E+00 0.00000 
  100  100    1    1    1    1    1    1    1    1  0.00000E+00 0.00000 
];


