
DETdpaspec = [
    1    1    1    1    1    1    1    1    1    1  0.00000E+00 0.00000 
    2    2    1    1    1    1    1    1    1    1  0.00000E+00 0.00000 
    3    3    1    1    1    1    1    1    1    1  0.00000E+00 0.00000 
    4    4    1    1    1    1    1    1    1    1  0.00000E+00 0.00000 
    5    5    1    1    1    1    1    1    1    1  0.00000E+00 0.00000 
    6    6    1    1    1    1    1    1    1    1  0.00000E+00 0.00000 
    7    7    1    1    1    1    1    1    1    1  0.00000E+00 0.00000 
    8    8    1    1    1    1    1    1    1    1  0.00000E+00 0.00000 
    9    9    1    1    1    1    1    1    1    1  0.00000E+00 0.00000 
   10   10    1    1    1    1    1    1    1    1  0.00000E+00 0.00000 
   11   11    1    1    1    1    1    1    1    1  0.00000E+00 0.00000 
   12   12    1    1    1    1    1    1    1    1  0.00000E+00 0.00000 
   13   13    1    1    1    1    1    1    1    1  0.00000E+00 0.00000 
   14   14    1    1    1    1    1    1    1    1  0.00000E+00 0.00000 
   15   15    1    1    1    1    1    1    1    1  0.00000E+00 0.00000 
   16   16    1    1    1    1    1    1    1    1  0.00000E+00 0.00000 
   17   17    1    1    1    1    1    1    1    1  0.00000E+00 0.00000 
   18   18    1    1    1    1    1    1    1    1  0.00000E+00 0.00000 
   19   19    1    1    1    1    1    1    1    1  1.87799E+09 0.03344 
   20   20    1    1    1    1    1    1    1    1  3.36232E+08 0.05871 
   21   21    1    1    1    1    1    1    1    1  1.18649E+09 0.05168 
   22   22    1    1    1    1    1    1    1    1  8.45118E+08 0.03895 
   23   23    1    1    1    1    1    1    1    1  2.10088E+09 0.02906 
   24   24    1    1    1    1    1    1    1    1  3.23635E+09 0.02466 
   25   25    1    1    1    1    1    1    1    1  5.02582E+09 0.02286 
   26   26    1    1    1    1    1    1    1    1  5.85059E+09 0.02252 
   27   27    1    1    1    1    1    1    1    1  9.54581E+09 0.01514 
   28   28    1    1    1    1    1    1    1    1  1.73116E+10 0.01368 
   29   29    1    1    1    1    1    1    1    1  3.32135E+10 0.01098 
   30   30    1    1    1    1    1    1    1    1  4.82627E+10 0.00801 
   31   31    1    1    1    1    1    1    1    1  1.48608E+11 0.00564 
   32   32    1    1    1    1    1    1    1    1  4.66508E+11 0.00367 
   33   33    1    1    1    1    1    1    1    1  8.88394E+11 0.00243 
   34   34    1    1    1    1    1    1    1    1  2.05946E+12 0.00163 
   35   35    1    1    1    1    1    1    1    1  2.82460E+12 0.00112 
   36   36    1    1    1    1    1    1    1    1  3.97595E+12 0.00097 
   37   37    1    1    1    1    1    1    1    1  2.77470E+12 0.00080 
   38   38    1    1    1    1    1    1    1    1  8.71675E+11 0.00079 
   39   39    1    1    1    1    1    1    1    1  4.78368E+12 0.00065 
   40   40    1    1    1    1    1    1    1    1  6.44559E+12 0.00055 
   41   41    1    1    1    1    1    1    1    1  1.09286E+13 0.00044 
   42   42    1    1    1    1    1    1    1    1  1.13260E+13 0.00047 
   43   43    1    1    1    1    1    1    1    1  2.37633E+13 0.00041 
   44   44    1    1    1    1    1    1    1    1  2.87851E+13 0.00035 
   45   45    1    1    1    1    1    1    1    1  4.15946E+13 0.00026 
   46   46    1    1    1    1    1    1    1    1  8.17408E+13 0.00025 
   47   47    1    1    1    1    1    1    1    1  3.86538E+13 0.00023 
   48   48    1    1    1    1    1    1    1    1  6.28354E+13 0.00021 
   49   49    1    1    1    1    1    1    1    1  8.76423E+13 0.00015 
   50   50    1    1    1    1    1    1    1    1  8.71672E+13 0.00021 
   51   51    1    1    1    1    1    1    1    1  1.34211E+14 0.00016 
   52   52    1    1    1    1    1    1    1    1  1.08567E+14 0.00013 
   53   53    1    1    1    1    1    1    1    1  1.26842E+14 0.00016 
   54   54    1    1    1    1    1    1    1    1  8.86757E+13 0.00017 
   55   55    1    1    1    1    1    1    1    1  1.06610E+14 0.00018 
   56   56    1    1    1    1    1    1    1    1  7.37424E+13 0.00017 
   57   57    1    1    1    1    1    1    1    1  1.00860E+13 0.00024 
   58   58    1    1    1    1    1    1    1    1  1.46747E+14 0.00016 
   59   59    1    1    1    1    1    1    1    1  6.39941E+13 0.00022 
   60   60    1    1    1    1    1    1    1    1  6.84410E+13 0.00021 
   61   61    1    1    1    1    1    1    1    1  5.24395E+13 0.00017 
   62   62    1    1    1    1    1    1    1    1  5.28323E+13 0.00022 
   63   63    1    1    1    1    1    1    1    1  5.48725E+13 0.00021 
   64   64    1    1    1    1    1    1    1    1  4.59948E+13 0.00022 
   65   65    1    1    1    1    1    1    1    1  3.66279E+13 0.00030 
   66   66    1    1    1    1    1    1    1    1  3.63122E+13 0.00029 
   67   67    1    1    1    1    1    1    1    1  2.61956E+13 0.00034 
   68   68    1    1    1    1    1    1    1    1  2.14714E+13 0.00042 
   69   69    1    1    1    1    1    1    1    1  1.93260E+13 0.00047 
   70   70    1    1    1    1    1    1    1    1  2.32250E+13 0.00049 
   71   71    1    1    1    1    1    1    1    1  1.98292E+13 0.00045 
   72   72    1    1    1    1    1    1    1    1  3.66008E+13 0.00023 
   73   73    1    1    1    1    1    1    1    1  2.59867E+13 0.00040 
   74   74    1    1    1    1    1    1    1    1  1.95137E+13 0.00049 
   75   75    1    1    1    1    1    1    1    1  1.54795E+13 0.00042 
   76   76    1    1    1    1    1    1    1    1  1.26871E+13 0.00050 
   77   77    1    1    1    1    1    1    1    1  1.45442E+13 0.00039 
   78   78    1    1    1    1    1    1    1    1  1.13397E+13 0.00050 
   79   79    1    1    1    1    1    1    1    1  8.94812E+12 0.00061 
   80   80    1    1    1    1    1    1    1    1  9.16750E+12 0.00044 
   81   81    1    1    1    1    1    1    1    1  6.75286E+12 0.00065 
   82   82    1    1    1    1    1    1    1    1  5.18316E+12 0.00086 
   83   83    1    1    1    1    1    1    1    1  3.98234E+12 0.00071 
   84   84    1    1    1    1    1    1    1    1  3.71303E+12 0.00095 
   85   85    1    1    1    1    1    1    1    1  2.67108E+12 0.00122 
   86   86    1    1    1    1    1    1    1    1  1.92283E+12 0.00110 
   87   87    1    1    1    1    1    1    1    1  1.79873E+12 0.00156 
   88   88    1    1    1    1    1    1    1    1  1.11354E+12 0.00196 
   89   89    1    1    1    1    1    1    1    1  7.51251E+11 0.00192 
   90   90    1    1    1    1    1    1    1    1  4.37197E+11 0.00232 
   91   91    1    1    1    1    1    1    1    1  5.59067E+11 0.00249 
   92   92    1    1    1    1    1    1    1    1  0.00000E+00 0.00000 
   93   93    1    1    1    1    1    1    1    1  0.00000E+00 0.00000 
   94   94    1    1    1    1    1    1    1    1  0.00000E+00 0.00000 
   95   95    1    1    1    1    1    1    1    1  0.00000E+00 0.00000 
   96   96    1    1    1    1    1    1    1    1  0.00000E+00 0.00000 
   97   97    1    1    1    1    1    1    1    1  0.00000E+00 0.00000 
   98   98    1    1    1    1    1    1    1    1  0.00000E+00 0.00000 
   99   99    1    1    1    1    1    1    1    1  0.00000E+00 0.00000 
  100  100    1    1    1    1    1    1    1    1  0.00000E+00 0.00000 
];


