
DETdpaspec = [
    1    1    1    1    1    1    1    1    1    1  0.00000E+00 0.00000 
    2    2    1    1    1    1    1    1    1    1  0.00000E+00 0.00000 
    3    3    1    1    1    1    1    1    1    1  0.00000E+00 0.00000 
    4    4    1    1    1    1    1    1    1    1  0.00000E+00 0.00000 
    5    5    1    1    1    1    1    1    1    1  0.00000E+00 0.00000 
    6    6    1    1    1    1    1    1    1    1  0.00000E+00 0.00000 
    7    7    1    1    1    1    1    1    1    1  0.00000E+00 0.00000 
    8    8    1    1    1    1    1    1    1    1  0.00000E+00 0.00000 
    9    9    1    1    1    1    1    1    1    1  0.00000E+00 0.00000 
   10   10    1    1    1    1    1    1    1    1  0.00000E+00 0.00000 
   11   11    1    1    1    1    1    1    1    1  0.00000E+00 0.00000 
   12   12    1    1    1    1    1    1    1    1  0.00000E+00 0.00000 
   13   13    1    1    1    1    1    1    1    1  0.00000E+00 0.00000 
   14   14    1    1    1    1    1    1    1    1  0.00000E+00 0.00000 
   15   15    1    1    1    1    1    1    1    1  0.00000E+00 0.00000 
   16   16    1    1    1    1    1    1    1    1  0.00000E+00 0.00000 
   17   17    1    1    1    1    1    1    1    1  0.00000E+00 0.00000 
   18   18    1    1    1    1    1    1    1    1  0.00000E+00 0.00000 
   19   19    1    1    1    1    1    1    1    1  1.32432E+09 0.09806 
   20   20    1    1    1    1    1    1    1    1  1.35386E+08 0.09199 
   21   21    1    1    1    1    1    1    1    1  5.19671E+08 0.07374 
   22   22    1    1    1    1    1    1    1    1  4.80755E+08 0.07925 
   23   23    1    1    1    1    1    1    1    1  9.31009E+08 0.06759 
   24   24    1    1    1    1    1    1    1    1  1.57853E+09 0.03201 
   25   25    1    1    1    1    1    1    1    1  3.23842E+09 0.03698 
   26   26    1    1    1    1    1    1    1    1  5.06619E+09 0.03483 
   27   27    1    1    1    1    1    1    1    1  1.02665E+10 0.02168 
   28   28    1    1    1    1    1    1    1    1  2.39199E+10 0.00972 
   29   29    1    1    1    1    1    1    1    1  6.10260E+10 0.00702 
   30   30    1    1    1    1    1    1    1    1  1.13866E+11 0.00545 
   31   31    1    1    1    1    1    1    1    1  2.81136E+11 0.00340 
   32   32    1    1    1    1    1    1    1    1  7.89604E+11 0.00186 
   33   33    1    1    1    1    1    1    1    1  1.35551E+12 0.00150 
   34   34    1    1    1    1    1    1    1    1  3.10653E+12 0.00103 
   35   35    1    1    1    1    1    1    1    1  4.23687E+12 0.00095 
   36   36    1    1    1    1    1    1    1    1  4.87093E+12 0.00073 
   37   37    1    1    1    1    1    1    1    1  3.09323E+12 0.00069 
   38   38    1    1    1    1    1    1    1    1  9.22084E+11 0.00071 
   39   39    1    1    1    1    1    1    1    1  5.27980E+12 0.00067 
   40   40    1    1    1    1    1    1    1    1  7.09537E+12 0.00053 
   41   41    1    1    1    1    1    1    1    1  1.21850E+13 0.00050 
   42   42    1    1    1    1    1    1    1    1  1.19916E+13 0.00040 
   43   43    1    1    1    1    1    1    1    1  2.59281E+13 0.00040 
   44   44    1    1    1    1    1    1    1    1  3.13111E+13 0.00026 
   45   45    1    1    1    1    1    1    1    1  4.50468E+13 0.00030 
   46   46    1    1    1    1    1    1    1    1  8.93779E+13 0.00025 
   47   47    1    1    1    1    1    1    1    1  4.05202E+13 0.00029 
   48   48    1    1    1    1    1    1    1    1  6.46588E+13 0.00017 
   49   49    1    1    1    1    1    1    1    1  8.92043E+13 0.00015 
   50   50    1    1    1    1    1    1    1    1  8.72243E+13 0.00018 
   51   51    1    1    1    1    1    1    1    1  1.35618E+14 0.00014 
   52   52    1    1    1    1    1    1    1    1  1.05287E+14 0.00018 
   53   53    1    1    1    1    1    1    1    1  1.25967E+14 0.00016 
   54   54    1    1    1    1    1    1    1    1  8.62251E+13 0.00016 
   55   55    1    1    1    1    1    1    1    1  1.06274E+14 0.00015 
   56   56    1    1    1    1    1    1    1    1  7.23592E+13 0.00021 
   57   57    1    1    1    1    1    1    1    1  9.76492E+12 0.00030 
   58   58    1    1    1    1    1    1    1    1  1.42644E+14 0.00013 
   59   59    1    1    1    1    1    1    1    1  6.42964E+13 0.00016 
   60   60    1    1    1    1    1    1    1    1  6.74228E+13 0.00017 
   61   61    1    1    1    1    1    1    1    1  5.27574E+13 0.00017 
   62   62    1    1    1    1    1    1    1    1  5.25959E+13 0.00022 
   63   63    1    1    1    1    1    1    1    1  5.47392E+13 0.00025 
   64   64    1    1    1    1    1    1    1    1  4.58584E+13 0.00026 
   65   65    1    1    1    1    1    1    1    1  3.62195E+13 0.00030 
   66   66    1    1    1    1    1    1    1    1  3.57164E+13 0.00037 
   67   67    1    1    1    1    1    1    1    1  2.55640E+13 0.00029 
   68   68    1    1    1    1    1    1    1    1  2.06771E+13 0.00034 
   69   69    1    1    1    1    1    1    1    1  1.84797E+13 0.00035 
   70   70    1    1    1    1    1    1    1    1  2.20986E+13 0.00047 
   71   71    1    1    1    1    1    1    1    1  1.86721E+13 0.00045 
   72   72    1    1    1    1    1    1    1    1  3.32794E+13 0.00038 
   73   73    1    1    1    1    1    1    1    1  2.32822E+13 0.00039 
   74   74    1    1    1    1    1    1    1    1  1.74839E+13 0.00049 
   75   75    1    1    1    1    1    1    1    1  1.41282E+13 0.00041 
   76   76    1    1    1    1    1    1    1    1  1.18166E+13 0.00043 
   77   77    1    1    1    1    1    1    1    1  1.38003E+13 0.00042 
   78   78    1    1    1    1    1    1    1    1  1.09976E+13 0.00051 
   79   79    1    1    1    1    1    1    1    1  8.81754E+12 0.00077 
   80   80    1    1    1    1    1    1    1    1  9.15358E+12 0.00063 
   81   81    1    1    1    1    1    1    1    1  6.80134E+12 0.00063 
   82   82    1    1    1    1    1    1    1    1  5.25609E+12 0.00071 
   83   83    1    1    1    1    1    1    1    1  4.04171E+12 0.00086 
   84   84    1    1    1    1    1    1    1    1  3.78665E+12 0.00067 
   85   85    1    1    1    1    1    1    1    1  2.72443E+12 0.00085 
   86   86    1    1    1    1    1    1    1    1  1.97091E+12 0.00139 
   87   87    1    1    1    1    1    1    1    1  1.84023E+12 0.00153 
   88   88    1    1    1    1    1    1    1    1  1.12755E+12 0.00148 
   89   89    1    1    1    1    1    1    1    1  7.61162E+11 0.00260 
   90   90    1    1    1    1    1    1    1    1  4.37781E+11 0.00239 
   91   91    1    1    1    1    1    1    1    1  5.54829E+11 0.00323 
   92   92    1    1    1    1    1    1    1    1  0.00000E+00 0.00000 
   93   93    1    1    1    1    1    1    1    1  0.00000E+00 0.00000 
   94   94    1    1    1    1    1    1    1    1  0.00000E+00 0.00000 
   95   95    1    1    1    1    1    1    1    1  0.00000E+00 0.00000 
   96   96    1    1    1    1    1    1    1    1  0.00000E+00 0.00000 
   97   97    1    1    1    1    1    1    1    1  0.00000E+00 0.00000 
   98   98    1    1    1    1    1    1    1    1  0.00000E+00 0.00000 
   99   99    1    1    1    1    1    1    1    1  0.00000E+00 0.00000 
  100  100    1    1    1    1    1    1    1    1  0.00000E+00 0.00000 
];


