
DETdpaspec = [
    1    1    1    1    1    1    1    1    1    1  0.00000E+00 0.00000 
    2    2    1    1    1    1    1    1    1    1  0.00000E+00 0.00000 
    3    3    1    1    1    1    1    1    1    1  0.00000E+00 0.00000 
    4    4    1    1    1    1    1    1    1    1  0.00000E+00 0.00000 
    5    5    1    1    1    1    1    1    1    1  0.00000E+00 0.00000 
    6    6    1    1    1    1    1    1    1    1  0.00000E+00 0.00000 
    7    7    1    1    1    1    1    1    1    1  0.00000E+00 0.00000 
    8    8    1    1    1    1    1    1    1    1  0.00000E+00 0.00000 
    9    9    1    1    1    1    1    1    1    1  0.00000E+00 0.00000 
   10   10    1    1    1    1    1    1    1    1  0.00000E+00 0.00000 
   11   11    1    1    1    1    1    1    1    1  0.00000E+00 0.00000 
   12   12    1    1    1    1    1    1    1    1  0.00000E+00 0.00000 
   13   13    1    1    1    1    1    1    1    1  0.00000E+00 0.00000 
   14   14    1    1    1    1    1    1    1    1  0.00000E+00 0.00000 
   15   15    1    1    1    1    1    1    1    1  0.00000E+00 0.00000 
   16   16    1    1    1    1    1    1    1    1  0.00000E+00 0.00000 
   17   17    1    1    1    1    1    1    1    1  0.00000E+00 0.00000 
   18   18    1    1    1    1    1    1    1    1  0.00000E+00 0.00000 
   19   19    1    1    1    1    1    1    1    1  1.90806E+09 0.04634 
   20   20    1    1    1    1    1    1    1    1  3.36971E+08 0.06235 
   21   21    1    1    1    1    1    1    1    1  1.02427E+09 0.05468 
   22   22    1    1    1    1    1    1    1    1  7.40075E+08 0.04174 
   23   23    1    1    1    1    1    1    1    1  1.96553E+09 0.02882 
   24   24    1    1    1    1    1    1    1    1  2.76802E+09 0.03624 
   25   25    1    1    1    1    1    1    1    1  4.61344E+09 0.01769 
   26   26    1    1    1    1    1    1    1    1  5.65529E+09 0.01563 
   27   27    1    1    1    1    1    1    1    1  8.92427E+09 0.01808 
   28   28    1    1    1    1    1    1    1    1  1.58527E+10 0.01433 
   29   29    1    1    1    1    1    1    1    1  3.10985E+10 0.00860 
   30   30    1    1    1    1    1    1    1    1  4.71974E+10 0.00609 
   31   31    1    1    1    1    1    1    1    1  1.43400E+11 0.00399 
   32   32    1    1    1    1    1    1    1    1  4.53445E+11 0.00230 
   33   33    1    1    1    1    1    1    1    1  8.63944E+11 0.00227 
   34   34    1    1    1    1    1    1    1    1  2.02906E+12 0.00151 
   35   35    1    1    1    1    1    1    1    1  2.80988E+12 0.00132 
   36   36    1    1    1    1    1    1    1    1  3.90042E+12 0.00091 
   37   37    1    1    1    1    1    1    1    1  2.70857E+12 0.00087 
   38   38    1    1    1    1    1    1    1    1  8.46151E+11 0.00083 
   39   39    1    1    1    1    1    1    1    1  4.68313E+12 0.00069 
   40   40    1    1    1    1    1    1    1    1  6.31778E+12 0.00062 
   41   41    1    1    1    1    1    1    1    1  1.07672E+13 0.00056 
   42   42    1    1    1    1    1    1    1    1  1.11108E+13 0.00045 
   43   43    1    1    1    1    1    1    1    1  2.34534E+13 0.00042 
   44   44    1    1    1    1    1    1    1    1  2.84745E+13 0.00034 
   45   45    1    1    1    1    1    1    1    1  4.12791E+13 0.00027 
   46   46    1    1    1    1    1    1    1    1  8.15537E+13 0.00017 
   47   47    1    1    1    1    1    1    1    1  3.84787E+13 0.00021 
   48   48    1    1    1    1    1    1    1    1  6.24746E+13 0.00017 
   49   49    1    1    1    1    1    1    1    1  8.72111E+13 0.00016 
   50   50    1    1    1    1    1    1    1    1  8.67321E+13 0.00015 
   51   51    1    1    1    1    1    1    1    1  1.33953E+14 0.00008 
   52   52    1    1    1    1    1    1    1    1  1.08002E+14 0.00018 
   53   53    1    1    1    1    1    1    1    1  1.26761E+14 0.00018 
   54   54    1    1    1    1    1    1    1    1  8.85182E+13 0.00016 
   55   55    1    1    1    1    1    1    1    1  1.06830E+14 0.00013 
   56   56    1    1    1    1    1    1    1    1  7.37759E+13 0.00018 
   57   57    1    1    1    1    1    1    1    1  1.00743E+13 0.00033 
   58   58    1    1    1    1    1    1    1    1  1.46800E+14 0.00016 
   59   59    1    1    1    1    1    1    1    1  6.43414E+13 0.00022 
   60   60    1    1    1    1    1    1    1    1  6.86955E+13 0.00020 
   61   61    1    1    1    1    1    1    1    1  5.27982E+13 0.00016 
   62   62    1    1    1    1    1    1    1    1  5.31499E+13 0.00019 
   63   63    1    1    1    1    1    1    1    1  5.52375E+13 0.00022 
   64   64    1    1    1    1    1    1    1    1  4.63163E+13 0.00023 
   65   65    1    1    1    1    1    1    1    1  3.68843E+13 0.00034 
   66   66    1    1    1    1    1    1    1    1  3.65749E+13 0.00026 
   67   67    1    1    1    1    1    1    1    1  2.63762E+13 0.00028 
   68   68    1    1    1    1    1    1    1    1  2.15775E+13 0.00036 
   69   69    1    1    1    1    1    1    1    1  1.94044E+13 0.00037 
   70   70    1    1    1    1    1    1    1    1  2.33237E+13 0.00037 
   71   71    1    1    1    1    1    1    1    1  1.98935E+13 0.00052 
   72   72    1    1    1    1    1    1    1    1  3.66070E+13 0.00043 
   73   73    1    1    1    1    1    1    1    1  2.59778E+13 0.00035 
   74   74    1    1    1    1    1    1    1    1  1.95108E+13 0.00048 
   75   75    1    1    1    1    1    1    1    1  1.55206E+13 0.00049 
   76   76    1    1    1    1    1    1    1    1  1.27726E+13 0.00054 
   77   77    1    1    1    1    1    1    1    1  1.46535E+13 0.00044 
   78   78    1    1    1    1    1    1    1    1  1.14703E+13 0.00068 
   79   79    1    1    1    1    1    1    1    1  9.07324E+12 0.00056 
   80   80    1    1    1    1    1    1    1    1  9.30043E+12 0.00041 
   81   81    1    1    1    1    1    1    1    1  6.87200E+12 0.00088 
   82   82    1    1    1    1    1    1    1    1  5.27839E+12 0.00082 
   83   83    1    1    1    1    1    1    1    1  4.04558E+12 0.00083 
   84   84    1    1    1    1    1    1    1    1  3.78487E+12 0.00103 
   85   85    1    1    1    1    1    1    1    1  2.72011E+12 0.00104 
   86   86    1    1    1    1    1    1    1    1  1.95942E+12 0.00141 
   87   87    1    1    1    1    1    1    1    1  1.83711E+12 0.00140 
   88   88    1    1    1    1    1    1    1    1  1.13453E+12 0.00170 
   89   89    1    1    1    1    1    1    1    1  7.66986E+11 0.00176 
   90   90    1    1    1    1    1    1    1    1  4.43844E+11 0.00228 
   91   91    1    1    1    1    1    1    1    1  5.70316E+11 0.00197 
   92   92    1    1    1    1    1    1    1    1  0.00000E+00 0.00000 
   93   93    1    1    1    1    1    1    1    1  0.00000E+00 0.00000 
   94   94    1    1    1    1    1    1    1    1  0.00000E+00 0.00000 
   95   95    1    1    1    1    1    1    1    1  0.00000E+00 0.00000 
   96   96    1    1    1    1    1    1    1    1  0.00000E+00 0.00000 
   97   97    1    1    1    1    1    1    1    1  0.00000E+00 0.00000 
   98   98    1    1    1    1    1    1    1    1  0.00000E+00 0.00000 
   99   99    1    1    1    1    1    1    1    1  0.00000E+00 0.00000 
  100  100    1    1    1    1    1    1    1    1  0.00000E+00 0.00000 
];


