
DETdpaspec = [
    1    1    1    1    1    1    1    1    1    1  0.00000E+00 0.00000 
    2    2    1    1    1    1    1    1    1    1  0.00000E+00 0.00000 
    3    3    1    1    1    1    1    1    1    1  0.00000E+00 0.00000 
    4    4    1    1    1    1    1    1    1    1  0.00000E+00 0.00000 
    5    5    1    1    1    1    1    1    1    1  0.00000E+00 0.00000 
    6    6    1    1    1    1    1    1    1    1  0.00000E+00 0.00000 
    7    7    1    1    1    1    1    1    1    1  0.00000E+00 0.00000 
    8    8    1    1    1    1    1    1    1    1  0.00000E+00 0.00000 
    9    9    1    1    1    1    1    1    1    1  0.00000E+00 0.00000 
   10   10    1    1    1    1    1    1    1    1  0.00000E+00 0.00000 
   11   11    1    1    1    1    1    1    1    1  0.00000E+00 0.00000 
   12   12    1    1    1    1    1    1    1    1  0.00000E+00 0.00000 
   13   13    1    1    1    1    1    1    1    1  0.00000E+00 0.00000 
   14   14    1    1    1    1    1    1    1    1  0.00000E+00 0.00000 
   15   15    1    1    1    1    1    1    1    1  0.00000E+00 0.00000 
   16   16    1    1    1    1    1    1    1    1  0.00000E+00 0.00000 
   17   17    1    1    1    1    1    1    1    1  0.00000E+00 0.00000 
   18   18    1    1    1    1    1    1    1    1  0.00000E+00 0.00000 
   19   19    1    1    1    1    1    1    1    1  1.52053E+09 0.04213 
   20   20    1    1    1    1    1    1    1    1  2.90886E+08 0.06150 
   21   21    1    1    1    1    1    1    1    1  9.71248E+08 0.05083 
   22   22    1    1    1    1    1    1    1    1  7.34908E+08 0.04898 
   23   23    1    1    1    1    1    1    1    1  1.76951E+09 0.03597 
   24   24    1    1    1    1    1    1    1    1  2.57233E+09 0.02617 
   25   25    1    1    1    1    1    1    1    1  4.09726E+09 0.03429 
   26   26    1    1    1    1    1    1    1    1  5.33398E+09 0.02190 
   27   27    1    1    1    1    1    1    1    1  8.37023E+09 0.01837 
   28   28    1    1    1    1    1    1    1    1  1.48802E+10 0.01411 
   29   29    1    1    1    1    1    1    1    1  3.02832E+10 0.00816 
   30   30    1    1    1    1    1    1    1    1  4.65322E+10 0.00688 
   31   31    1    1    1    1    1    1    1    1  1.41203E+11 0.00424 
   32   32    1    1    1    1    1    1    1    1  4.50677E+11 0.00225 
   33   33    1    1    1    1    1    1    1    1  8.58929E+11 0.00188 
   34   34    1    1    1    1    1    1    1    1  2.02661E+12 0.00129 
   35   35    1    1    1    1    1    1    1    1  2.81241E+12 0.00103 
   36   36    1    1    1    1    1    1    1    1  3.86508E+12 0.00084 
   37   37    1    1    1    1    1    1    1    1  2.67304E+12 0.00088 
   38   38    1    1    1    1    1    1    1    1  8.32893E+11 0.00074 
   39   39    1    1    1    1    1    1    1    1  4.62406E+12 0.00090 
   40   40    1    1    1    1    1    1    1    1  6.24315E+12 0.00066 
   41   41    1    1    1    1    1    1    1    1  1.06809E+13 0.00055 
   42   42    1    1    1    1    1    1    1    1  1.09819E+13 0.00048 
   43   43    1    1    1    1    1    1    1    1  2.32704E+13 0.00048 
   44   44    1    1    1    1    1    1    1    1  2.82929E+13 0.00036 
   45   45    1    1    1    1    1    1    1    1  4.10678E+13 0.00032 
   46   46    1    1    1    1    1    1    1    1  8.14295E+13 0.00025 
   47   47    1    1    1    1    1    1    1    1  3.83565E+13 0.00029 
   48   48    1    1    1    1    1    1    1    1  6.22763E+13 0.00022 
   49   49    1    1    1    1    1    1    1    1  8.69926E+13 0.00024 
   50   50    1    1    1    1    1    1    1    1  8.64379E+13 0.00023 
   51   51    1    1    1    1    1    1    1    1  1.33800E+14 0.00019 
   52   52    1    1    1    1    1    1    1    1  1.07627E+14 0.00023 
   53   53    1    1    1    1    1    1    1    1  1.26685E+14 0.00012 
   54   54    1    1    1    1    1    1    1    1  8.83462E+13 0.00018 
   55   55    1    1    1    1    1    1    1    1  1.06950E+14 0.00010 
   56   56    1    1    1    1    1    1    1    1  7.38242E+13 0.00020 
   57   57    1    1    1    1    1    1    1    1  1.00741E+13 0.00033 
   58   58    1    1    1    1    1    1    1    1  1.46838E+14 0.00015 
   59   59    1    1    1    1    1    1    1    1  6.45478E+13 0.00021 
   60   60    1    1    1    1    1    1    1    1  6.88222E+13 0.00019 
   61   61    1    1    1    1    1    1    1    1  5.30298E+13 0.00024 
   62   62    1    1    1    1    1    1    1    1  5.33428E+13 0.00019 
   63   63    1    1    1    1    1    1    1    1  5.54808E+13 0.00028 
   64   64    1    1    1    1    1    1    1    1  4.65621E+13 0.00029 
   65   65    1    1    1    1    1    1    1    1  3.70553E+13 0.00026 
   66   66    1    1    1    1    1    1    1    1  3.67541E+13 0.00033 
   67   67    1    1    1    1    1    1    1    1  2.64889E+13 0.00032 
   68   68    1    1    1    1    1    1    1    1  2.16545E+13 0.00043 
   69   69    1    1    1    1    1    1    1    1  1.94596E+13 0.00037 
   70   70    1    1    1    1    1    1    1    1  2.33788E+13 0.00040 
   71   71    1    1    1    1    1    1    1    1  1.99298E+13 0.00042 
   72   72    1    1    1    1    1    1    1    1  3.65720E+13 0.00038 
   73   73    1    1    1    1    1    1    1    1  2.59411E+13 0.00038 
   74   74    1    1    1    1    1    1    1    1  1.94894E+13 0.00047 
   75   75    1    1    1    1    1    1    1    1  1.55505E+13 0.00047 
   76   76    1    1    1    1    1    1    1    1  1.28001E+13 0.00054 
   77   77    1    1    1    1    1    1    1    1  1.47252E+13 0.00045 
   78   78    1    1    1    1    1    1    1    1  1.15478E+13 0.00050 
   79   79    1    1    1    1    1    1    1    1  9.14934E+12 0.00060 
   80   80    1    1    1    1    1    1    1    1  9.39670E+12 0.00060 
   81   81    1    1    1    1    1    1    1    1  6.94074E+12 0.00067 
   82   82    1    1    1    1    1    1    1    1  5.33093E+12 0.00087 
   83   83    1    1    1    1    1    1    1    1  4.09346E+12 0.00090 
   84   84    1    1    1    1    1    1    1    1  3.82612E+12 0.00095 
   85   85    1    1    1    1    1    1    1    1  2.75396E+12 0.00124 
   86   86    1    1    1    1    1    1    1    1  1.98746E+12 0.00131 
   87   87    1    1    1    1    1    1    1    1  1.86340E+12 0.00164 
   88   88    1    1    1    1    1    1    1    1  1.14864E+12 0.00166 
   89   89    1    1    1    1    1    1    1    1  7.75669E+11 0.00210 
   90   90    1    1    1    1    1    1    1    1  4.50720E+11 0.00279 
   91   91    1    1    1    1    1    1    1    1  5.73402E+11 0.00242 
   92   92    1    1    1    1    1    1    1    1  0.00000E+00 0.00000 
   93   93    1    1    1    1    1    1    1    1  0.00000E+00 0.00000 
   94   94    1    1    1    1    1    1    1    1  0.00000E+00 0.00000 
   95   95    1    1    1    1    1    1    1    1  0.00000E+00 0.00000 
   96   96    1    1    1    1    1    1    1    1  0.00000E+00 0.00000 
   97   97    1    1    1    1    1    1    1    1  0.00000E+00 0.00000 
   98   98    1    1    1    1    1    1    1    1  0.00000E+00 0.00000 
   99   99    1    1    1    1    1    1    1    1  0.00000E+00 0.00000 
  100  100    1    1    1    1    1    1    1    1  0.00000E+00 0.00000 
];


