
DETdpaspec = [
    1    1    1    1    1    1    1    1    1    1  0.00000E+00 0.00000 
    2    2    1    1    1    1    1    1    1    1  0.00000E+00 0.00000 
    3    3    1    1    1    1    1    1    1    1  0.00000E+00 0.00000 
    4    4    1    1    1    1    1    1    1    1  0.00000E+00 0.00000 
    5    5    1    1    1    1    1    1    1    1  0.00000E+00 0.00000 
    6    6    1    1    1    1    1    1    1    1  0.00000E+00 0.00000 
    7    7    1    1    1    1    1    1    1    1  0.00000E+00 0.00000 
    8    8    1    1    1    1    1    1    1    1  0.00000E+00 0.00000 
    9    9    1    1    1    1    1    1    1    1  0.00000E+00 0.00000 
   10   10    1    1    1    1    1    1    1    1  0.00000E+00 0.00000 
   11   11    1    1    1    1    1    1    1    1  0.00000E+00 0.00000 
   12   12    1    1    1    1    1    1    1    1  0.00000E+00 0.00000 
   13   13    1    1    1    1    1    1    1    1  0.00000E+00 0.00000 
   14   14    1    1    1    1    1    1    1    1  0.00000E+00 0.00000 
   15   15    1    1    1    1    1    1    1    1  0.00000E+00 0.00000 
   16   16    1    1    1    1    1    1    1    1  0.00000E+00 0.00000 
   17   17    1    1    1    1    1    1    1    1  0.00000E+00 0.00000 
   18   18    1    1    1    1    1    1    1    1  0.00000E+00 0.00000 
   19   19    1    1    1    1    1    1    1    1  1.67103E+09 0.07077 
   20   20    1    1    1    1    1    1    1    1  2.30414E+08 0.09843 
   21   21    1    1    1    1    1    1    1    1  6.89457E+08 0.07941 
   22   22    1    1    1    1    1    1    1    1  6.05029E+08 0.04934 
   23   23    1    1    1    1    1    1    1    1  1.26977E+09 0.03064 
   24   24    1    1    1    1    1    1    1    1  2.12249E+09 0.03405 
   25   25    1    1    1    1    1    1    1    1  3.44800E+09 0.01842 
   26   26    1    1    1    1    1    1    1    1  4.34782E+09 0.02383 
   27   27    1    1    1    1    1    1    1    1  7.01379E+09 0.02431 
   28   28    1    1    1    1    1    1    1    1  1.31470E+10 0.01431 
   29   29    1    1    1    1    1    1    1    1  3.05611E+10 0.00982 
   30   30    1    1    1    1    1    1    1    1  5.23912E+10 0.00871 
   31   31    1    1    1    1    1    1    1    1  1.50553E+11 0.00609 
   32   32    1    1    1    1    1    1    1    1  4.74178E+11 0.00255 
   33   33    1    1    1    1    1    1    1    1  8.90782E+11 0.00184 
   34   34    1    1    1    1    1    1    1    1  2.14649E+12 0.00146 
   35   35    1    1    1    1    1    1    1    1  3.03612E+12 0.00129 
   36   36    1    1    1    1    1    1    1    1  3.92202E+12 0.00096 
   37   37    1    1    1    1    1    1    1    1  2.64414E+12 0.00104 
   38   38    1    1    1    1    1    1    1    1  8.08788E+11 0.00093 
   39   39    1    1    1    1    1    1    1    1  4.56569E+12 0.00080 
   40   40    1    1    1    1    1    1    1    1  6.18671E+12 0.00061 
   41   41    1    1    1    1    1    1    1    1  1.06634E+13 0.00063 
   42   42    1    1    1    1    1    1    1    1  1.07979E+13 0.00050 
   43   43    1    1    1    1    1    1    1    1  2.32201E+13 0.00035 
   44   44    1    1    1    1    1    1    1    1  2.83204E+13 0.00027 
   45   45    1    1    1    1    1    1    1    1  4.11876E+13 0.00025 
   46   46    1    1    1    1    1    1    1    1  8.24562E+13 0.00026 
   47   47    1    1    1    1    1    1    1    1  3.84133E+13 0.00027 
   48   48    1    1    1    1    1    1    1    1  6.20320E+13 0.00020 
   49   49    1    1    1    1    1    1    1    1  8.66111E+13 0.00022 
   50   50    1    1    1    1    1    1    1    1  8.56693E+13 0.00018 
   51   51    1    1    1    1    1    1    1    1  1.33486E+14 0.00014 
   52   52    1    1    1    1    1    1    1    1  1.06109E+14 0.00017 
   53   53    1    1    1    1    1    1    1    1  1.26268E+14 0.00016 
   54   54    1    1    1    1    1    1    1    1  8.75901E+13 0.00018 
   55   55    1    1    1    1    1    1    1    1  1.07146E+14 0.00015 
   56   56    1    1    1    1    1    1    1    1  7.36388E+13 0.00014 
   57   57    1    1    1    1    1    1    1    1  9.99805E+12 0.00027 
   58   58    1    1    1    1    1    1    1    1  1.46145E+14 0.00009 
   59   59    1    1    1    1    1    1    1    1  6.51627E+13 0.00017 
   60   60    1    1    1    1    1    1    1    1  6.90565E+13 0.00025 
   61   61    1    1    1    1    1    1    1    1  5.36846E+13 0.00025 
   62   62    1    1    1    1    1    1    1    1  5.38337E+13 0.00022 
   63   63    1    1    1    1    1    1    1    1  5.60904E+13 0.00019 
   64   64    1    1    1    1    1    1    1    1  4.71413E+13 0.00026 
   65   65    1    1    1    1    1    1    1    1  3.74268E+13 0.00023 
   66   66    1    1    1    1    1    1    1    1  3.70690E+13 0.00028 
   67   67    1    1    1    1    1    1    1    1  2.66667E+13 0.00026 
   68   68    1    1    1    1    1    1    1    1  2.17202E+13 0.00028 
   69   69    1    1    1    1    1    1    1    1  1.94709E+13 0.00030 
   70   70    1    1    1    1    1    1    1    1  2.33743E+13 0.00043 
   71   71    1    1    1    1    1    1    1    1  1.98633E+13 0.00035 
   72   72    1    1    1    1    1    1    1    1  3.60230E+13 0.00036 
   73   73    1    1    1    1    1    1    1    1  2.54087E+13 0.00037 
   74   74    1    1    1    1    1    1    1    1  1.91306E+13 0.00038 
   75   75    1    1    1    1    1    1    1    1  1.53661E+13 0.00052 
   76   76    1    1    1    1    1    1    1    1  1.27390E+13 0.00047 
   77   77    1    1    1    1    1    1    1    1  1.47853E+13 0.00052 
   78   78    1    1    1    1    1    1    1    1  1.16909E+13 0.00045 
   79   79    1    1    1    1    1    1    1    1  9.32340E+12 0.00049 
   80   80    1    1    1    1    1    1    1    1  9.62825E+12 0.00061 
   81   81    1    1    1    1    1    1    1    1  7.13062E+12 0.00042 
   82   82    1    1    1    1    1    1    1    1  5.49127E+12 0.00070 
   83   83    1    1    1    1    1    1    1    1  4.22376E+12 0.00088 
   84   84    1    1    1    1    1    1    1    1  3.95402E+12 0.00074 
   85   85    1    1    1    1    1    1    1    1  2.84605E+12 0.00131 
   86   86    1    1    1    1    1    1    1    1  2.05037E+12 0.00119 
   87   87    1    1    1    1    1    1    1    1  1.92032E+12 0.00161 
   88   88    1    1    1    1    1    1    1    1  1.18560E+12 0.00194 
   89   89    1    1    1    1    1    1    1    1  7.98268E+11 0.00201 
   90   90    1    1    1    1    1    1    1    1  4.61623E+11 0.00283 
   91   91    1    1    1    1    1    1    1    1  5.87526E+11 0.00262 
   92   92    1    1    1    1    1    1    1    1  0.00000E+00 0.00000 
   93   93    1    1    1    1    1    1    1    1  0.00000E+00 0.00000 
   94   94    1    1    1    1    1    1    1    1  0.00000E+00 0.00000 
   95   95    1    1    1    1    1    1    1    1  0.00000E+00 0.00000 
   96   96    1    1    1    1    1    1    1    1  0.00000E+00 0.00000 
   97   97    1    1    1    1    1    1    1    1  0.00000E+00 0.00000 
   98   98    1    1    1    1    1    1    1    1  0.00000E+00 0.00000 
   99   99    1    1    1    1    1    1    1    1  0.00000E+00 0.00000 
  100  100    1    1    1    1    1    1    1    1  0.00000E+00 0.00000 
];


