
DETdpaspec = [
    1    1    1    1    1    1    1    1    1    1  0.00000E+00 0.00000 
    2    2    1    1    1    1    1    1    1    1  0.00000E+00 0.00000 
    3    3    1    1    1    1    1    1    1    1  0.00000E+00 0.00000 
    4    4    1    1    1    1    1    1    1    1  0.00000E+00 0.00000 
    5    5    1    1    1    1    1    1    1    1  0.00000E+00 0.00000 
    6    6    1    1    1    1    1    1    1    1  0.00000E+00 0.00000 
    7    7    1    1    1    1    1    1    1    1  0.00000E+00 0.00000 
    8    8    1    1    1    1    1    1    1    1  0.00000E+00 0.00000 
    9    9    1    1    1    1    1    1    1    1  0.00000E+00 0.00000 
   10   10    1    1    1    1    1    1    1    1  0.00000E+00 0.00000 
   11   11    1    1    1    1    1    1    1    1  0.00000E+00 0.00000 
   12   12    1    1    1    1    1    1    1    1  0.00000E+00 0.00000 
   13   13    1    1    1    1    1    1    1    1  0.00000E+00 0.00000 
   14   14    1    1    1    1    1    1    1    1  0.00000E+00 0.00000 
   15   15    1    1    1    1    1    1    1    1  0.00000E+00 0.00000 
   16   16    1    1    1    1    1    1    1    1  0.00000E+00 0.00000 
   17   17    1    1    1    1    1    1    1    1  0.00000E+00 0.00000 
   18   18    1    1    1    1    1    1    1    1  0.00000E+00 0.00000 
   19   19    1    1    1    1    1    1    1    1  5.93801E+08 0.09969 
   20   20    1    1    1    1    1    1    1    1  1.34613E+08 0.14727 
   21   21    1    1    1    1    1    1    1    1  3.45860E+08 0.12889 
   22   22    1    1    1    1    1    1    1    1  3.70895E+08 0.09322 
   23   23    1    1    1    1    1    1    1    1  9.49432E+08 0.05939 
   24   24    1    1    1    1    1    1    1    1  2.65023E+09 0.03307 
   25   25    1    1    1    1    1    1    1    1  8.38327E+09 0.02314 
   26   26    1    1    1    1    1    1    1    1  1.51161E+10 0.01584 
   27   27    1    1    1    1    1    1    1    1  3.49436E+10 0.01119 
   28   28    1    1    1    1    1    1    1    1  7.98091E+10 0.00802 
   29   29    1    1    1    1    1    1    1    1  1.76612E+11 0.00474 
   30   30    1    1    1    1    1    1    1    1  3.02108E+11 0.00388 
   31   31    1    1    1    1    1    1    1    1  6.38089E+11 0.00232 
   32   32    1    1    1    1    1    1    1    1  1.47833E+12 0.00157 
   33   33    1    1    1    1    1    1    1    1  2.29022E+12 0.00110 
   34   34    1    1    1    1    1    1    1    1  4.76977E+12 0.00085 
   35   35    1    1    1    1    1    1    1    1  6.07233E+12 0.00074 
   36   36    1    1    1    1    1    1    1    1  6.38271E+12 0.00047 
   37   37    1    1    1    1    1    1    1    1  3.85773E+12 0.00059 
   38   38    1    1    1    1    1    1    1    1  1.12991E+12 0.00045 
   39   39    1    1    1    1    1    1    1    1  6.48763E+12 0.00050 
   40   40    1    1    1    1    1    1    1    1  8.60510E+12 0.00039 
   41   41    1    1    1    1    1    1    1    1  1.45894E+13 0.00034 
   42   42    1    1    1    1    1    1    1    1  1.40425E+13 0.00039 
   43   43    1    1    1    1    1    1    1    1  3.01500E+13 0.00032 
   44   44    1    1    1    1    1    1    1    1  3.58281E+13 0.00024 
   45   45    1    1    1    1    1    1    1    1  5.06800E+13 0.00024 
   46   46    1    1    1    1    1    1    1    1  9.83414E+13 0.00018 
   47   47    1    1    1    1    1    1    1    1  4.34691E+13 0.00014 
   48   48    1    1    1    1    1    1    1    1  6.86096E+13 0.00014 
   49   49    1    1    1    1    1    1    1    1  9.32220E+13 0.00016 
   50   50    1    1    1    1    1    1    1    1  8.99672E+13 0.00015 
   51   51    1    1    1    1    1    1    1    1  1.38301E+14 0.00014 
   52   52    1    1    1    1    1    1    1    1  1.05400E+14 0.00018 
   53   53    1    1    1    1    1    1    1    1  1.25510E+14 0.00012 
   54   54    1    1    1    1    1    1    1    1  8.48636E+13 0.00015 
   55   55    1    1    1    1    1    1    1    1  1.04271E+14 0.00012 
   56   56    1    1    1    1    1    1    1    1  7.04642E+13 0.00016 
   57   57    1    1    1    1    1    1    1    1  9.46689E+12 0.00031 
   58   58    1    1    1    1    1    1    1    1  1.37751E+14 0.00013 
   59   59    1    1    1    1    1    1    1    1  6.20532E+13 0.00027 
   60   60    1    1    1    1    1    1    1    1  6.45826E+13 0.00021 
   61   61    1    1    1    1    1    1    1    1  5.05326E+13 0.00017 
   62   62    1    1    1    1    1    1    1    1  5.01659E+13 0.00029 
   63   63    1    1    1    1    1    1    1    1  5.19757E+13 0.00021 
   64   64    1    1    1    1    1    1    1    1  4.33747E+13 0.00017 
   65   65    1    1    1    1    1    1    1    1  3.40721E+13 0.00019 
   66   66    1    1    1    1    1    1    1    1  3.34585E+13 0.00028 
   67   67    1    1    1    1    1    1    1    1  2.38224E+13 0.00025 
   68   68    1    1    1    1    1    1    1    1  1.91730E+13 0.00024 
   69   69    1    1    1    1    1    1    1    1  1.70741E+13 0.00051 
   70   70    1    1    1    1    1    1    1    1  2.03497E+13 0.00054 
   71   71    1    1    1    1    1    1    1    1  1.71011E+13 0.00052 
   72   72    1    1    1    1    1    1    1    1  3.01465E+13 0.00036 
   73   73    1    1    1    1    1    1    1    1  2.09436E+13 0.00031 
   74   74    1    1    1    1    1    1    1    1  1.56665E+13 0.00044 
   75   75    1    1    1    1    1    1    1    1  1.26846E+13 0.00056 
   76   76    1    1    1    1    1    1    1    1  1.06256E+13 0.00055 
   77   77    1    1    1    1    1    1    1    1  1.24120E+13 0.00043 
   78   78    1    1    1    1    1    1    1    1  9.91843E+12 0.00054 
   79   79    1    1    1    1    1    1    1    1  7.96978E+12 0.00064 
   80   80    1    1    1    1    1    1    1    1  8.27790E+12 0.00051 
   81   81    1    1    1    1    1    1    1    1  6.15086E+12 0.00062 
   82   82    1    1    1    1    1    1    1    1  4.73744E+12 0.00104 
   83   83    1    1    1    1    1    1    1    1  3.63954E+12 0.00104 
   84   84    1    1    1    1    1    1    1    1  3.40616E+12 0.00095 
   85   85    1    1    1    1    1    1    1    1  2.44847E+12 0.00071 
   86   86    1    1    1    1    1    1    1    1  1.77017E+12 0.00136 
   87   87    1    1    1    1    1    1    1    1  1.65057E+12 0.00114 
   88   88    1    1    1    1    1    1    1    1  1.00770E+12 0.00226 
   89   89    1    1    1    1    1    1    1    1  6.76083E+11 0.00138 
   90   90    1    1    1    1    1    1    1    1  3.87077E+11 0.00340 
   91   91    1    1    1    1    1    1    1    1  4.84779E+11 0.00293 
   92   92    1    1    1    1    1    1    1    1  0.00000E+00 0.00000 
   93   93    1    1    1    1    1    1    1    1  0.00000E+00 0.00000 
   94   94    1    1    1    1    1    1    1    1  0.00000E+00 0.00000 
   95   95    1    1    1    1    1    1    1    1  0.00000E+00 0.00000 
   96   96    1    1    1    1    1    1    1    1  0.00000E+00 0.00000 
   97   97    1    1    1    1    1    1    1    1  0.00000E+00 0.00000 
   98   98    1    1    1    1    1    1    1    1  0.00000E+00 0.00000 
   99   99    1    1    1    1    1    1    1    1  0.00000E+00 0.00000 
  100  100    1    1    1    1    1    1    1    1  0.00000E+00 0.00000 
];


