
DETdpaspec = [
    1    1    1    1    1    1    1    1    1    1  0.00000E+00 0.00000 
    2    2    1    1    1    1    1    1    1    1  0.00000E+00 0.00000 
    3    3    1    1    1    1    1    1    1    1  0.00000E+00 0.00000 
    4    4    1    1    1    1    1    1    1    1  0.00000E+00 0.00000 
    5    5    1    1    1    1    1    1    1    1  0.00000E+00 0.00000 
    6    6    1    1    1    1    1    1    1    1  0.00000E+00 0.00000 
    7    7    1    1    1    1    1    1    1    1  0.00000E+00 0.00000 
    8    8    1    1    1    1    1    1    1    1  0.00000E+00 0.00000 
    9    9    1    1    1    1    1    1    1    1  0.00000E+00 0.00000 
   10   10    1    1    1    1    1    1    1    1  0.00000E+00 0.00000 
   11   11    1    1    1    1    1    1    1    1  0.00000E+00 0.00000 
   12   12    1    1    1    1    1    1    1    1  0.00000E+00 0.00000 
   13   13    1    1    1    1    1    1    1    1  0.00000E+00 0.00000 
   14   14    1    1    1    1    1    1    1    1  0.00000E+00 0.00000 
   15   15    1    1    1    1    1    1    1    1  0.00000E+00 0.00000 
   16   16    1    1    1    1    1    1    1    1  0.00000E+00 0.00000 
   17   17    1    1    1    1    1    1    1    1  0.00000E+00 0.00000 
   18   18    1    1    1    1    1    1    1    1  0.00000E+00 0.00000 
   19   19    1    1    1    1    1    1    1    1  1.66223E+09 0.05005 
   20   20    1    1    1    1    1    1    1    1  2.08626E+08 0.10624 
   21   21    1    1    1    1    1    1    1    1  8.17441E+08 0.05072 
   22   22    1    1    1    1    1    1    1    1  5.86870E+08 0.04259 
   23   23    1    1    1    1    1    1    1    1  1.39921E+09 0.03577 
   24   24    1    1    1    1    1    1    1    1  2.09784E+09 0.03580 
   25   25    1    1    1    1    1    1    1    1  3.35284E+09 0.01905 
   26   26    1    1    1    1    1    1    1    1  4.40743E+09 0.02048 
   27   27    1    1    1    1    1    1    1    1  7.31781E+09 0.01762 
   28   28    1    1    1    1    1    1    1    1  1.33524E+10 0.01556 
   29   29    1    1    1    1    1    1    1    1  2.97982E+10 0.00836 
   30   30    1    1    1    1    1    1    1    1  5.01767E+10 0.00754 
   31   31    1    1    1    1    1    1    1    1  1.45315E+11 0.00559 
   32   32    1    1    1    1    1    1    1    1  4.63649E+11 0.00323 
   33   33    1    1    1    1    1    1    1    1  8.75303E+11 0.00223 
   34   34    1    1    1    1    1    1    1    1  2.10304E+12 0.00145 
   35   35    1    1    1    1    1    1    1    1  2.96252E+12 0.00125 
   36   36    1    1    1    1    1    1    1    1  3.87609E+12 0.00100 
   37   37    1    1    1    1    1    1    1    1  2.62790E+12 0.00101 
   38   38    1    1    1    1    1    1    1    1  8.06364E+11 0.00086 
   39   39    1    1    1    1    1    1    1    1  4.54746E+12 0.00086 
   40   40    1    1    1    1    1    1    1    1  6.15865E+12 0.00056 
   41   41    1    1    1    1    1    1    1    1  1.06108E+13 0.00055 
   42   42    1    1    1    1    1    1    1    1  1.07800E+13 0.00043 
   43   43    1    1    1    1    1    1    1    1  2.31381E+13 0.00041 
   44   44    1    1    1    1    1    1    1    1  2.81997E+13 0.00035 
   45   45    1    1    1    1    1    1    1    1  4.10342E+13 0.00030 
   46   46    1    1    1    1    1    1    1    1  8.20798E+13 0.00016 
   47   47    1    1    1    1    1    1    1    1  3.83229E+13 0.00019 
   48   48    1    1    1    1    1    1    1    1  6.19634E+13 0.00021 
   49   49    1    1    1    1    1    1    1    1  8.65311E+13 0.00018 
   50   50    1    1    1    1    1    1    1    1  8.57619E+13 0.00016 
   51   51    1    1    1    1    1    1    1    1  1.33537E+14 0.00024 
   52   52    1    1    1    1    1    1    1    1  1.06401E+14 0.00021 
   53   53    1    1    1    1    1    1    1    1  1.26359E+14 0.00011 
   54   54    1    1    1    1    1    1    1    1  8.77486E+13 0.00015 
   55   55    1    1    1    1    1    1    1    1  1.07173E+14 0.00019 
   56   56    1    1    1    1    1    1    1    1  7.37030E+13 0.00017 
   57   57    1    1    1    1    1    1    1    1  1.00163E+13 0.00043 
   58   58    1    1    1    1    1    1    1    1  1.46353E+14 0.00016 
   59   59    1    1    1    1    1    1    1    1  6.51349E+13 0.00020 
   60   60    1    1    1    1    1    1    1    1  6.90899E+13 0.00024 
   61   61    1    1    1    1    1    1    1    1  5.36457E+13 0.00024 
   62   62    1    1    1    1    1    1    1    1  5.38144E+13 0.00020 
   63   63    1    1    1    1    1    1    1    1  5.60532E+13 0.00015 
   64   64    1    1    1    1    1    1    1    1  4.70631E+13 0.00028 
   65   65    1    1    1    1    1    1    1    1  3.74031E+13 0.00034 
   66   66    1    1    1    1    1    1    1    1  3.70516E+13 0.00039 
   67   67    1    1    1    1    1    1    1    1  2.66624E+13 0.00025 
   68   68    1    1    1    1    1    1    1    1  2.17193E+13 0.00036 
   69   69    1    1    1    1    1    1    1    1  1.94908E+13 0.00030 
   70   70    1    1    1    1    1    1    1    1  2.34016E+13 0.00050 
   71   71    1    1    1    1    1    1    1    1  1.99052E+13 0.00030 
   72   72    1    1    1    1    1    1    1    1  3.61797E+13 0.00022 
   73   73    1    1    1    1    1    1    1    1  2.55605E+13 0.00038 
   74   74    1    1    1    1    1    1    1    1  1.92162E+13 0.00042 
   75   75    1    1    1    1    1    1    1    1  1.54249E+13 0.00049 
   76   76    1    1    1    1    1    1    1    1  1.27852E+13 0.00052 
   77   77    1    1    1    1    1    1    1    1  1.48160E+13 0.00047 
   78   78    1    1    1    1    1    1    1    1  1.16906E+13 0.00048 
   79   79    1    1    1    1    1    1    1    1  9.31423E+12 0.00065 
   80   80    1    1    1    1    1    1    1    1  9.61069E+12 0.00057 
   81   81    1    1    1    1    1    1    1    1  7.12028E+12 0.00050 
   82   82    1    1    1    1    1    1    1    1  5.48050E+12 0.00058 
   83   83    1    1    1    1    1    1    1    1  4.20662E+12 0.00071 
   84   84    1    1    1    1    1    1    1    1  3.94147E+12 0.00114 
   85   85    1    1    1    1    1    1    1    1  2.83633E+12 0.00072 
   86   86    1    1    1    1    1    1    1    1  2.04562E+12 0.00124 
   87   87    1    1    1    1    1    1    1    1  1.91481E+12 0.00163 
   88   88    1    1    1    1    1    1    1    1  1.18158E+12 0.00140 
   89   89    1    1    1    1    1    1    1    1  7.96442E+11 0.00194 
   90   90    1    1    1    1    1    1    1    1  4.61404E+11 0.00261 
   91   91    1    1    1    1    1    1    1    1  5.87906E+11 0.00318 
   92   92    1    1    1    1    1    1    1    1  0.00000E+00 0.00000 
   93   93    1    1    1    1    1    1    1    1  0.00000E+00 0.00000 
   94   94    1    1    1    1    1    1    1    1  0.00000E+00 0.00000 
   95   95    1    1    1    1    1    1    1    1  0.00000E+00 0.00000 
   96   96    1    1    1    1    1    1    1    1  0.00000E+00 0.00000 
   97   97    1    1    1    1    1    1    1    1  0.00000E+00 0.00000 
   98   98    1    1    1    1    1    1    1    1  0.00000E+00 0.00000 
   99   99    1    1    1    1    1    1    1    1  0.00000E+00 0.00000 
  100  100    1    1    1    1    1    1    1    1  0.00000E+00 0.00000 
];


