
DETdpaspec = [
    1    1    1    1    1    1    1    1    1    1  0.00000E+00 0.00000 
    2    2    1    1    1    1    1    1    1    1  0.00000E+00 0.00000 
    3    3    1    1    1    1    1    1    1    1  0.00000E+00 0.00000 
    4    4    1    1    1    1    1    1    1    1  0.00000E+00 0.00000 
    5    5    1    1    1    1    1    1    1    1  0.00000E+00 0.00000 
    6    6    1    1    1    1    1    1    1    1  0.00000E+00 0.00000 
    7    7    1    1    1    1    1    1    1    1  0.00000E+00 0.00000 
    8    8    1    1    1    1    1    1    1    1  0.00000E+00 0.00000 
    9    9    1    1    1    1    1    1    1    1  0.00000E+00 0.00000 
   10   10    1    1    1    1    1    1    1    1  0.00000E+00 0.00000 
   11   11    1    1    1    1    1    1    1    1  0.00000E+00 0.00000 
   12   12    1    1    1    1    1    1    1    1  0.00000E+00 0.00000 
   13   13    1    1    1    1    1    1    1    1  0.00000E+00 0.00000 
   14   14    1    1    1    1    1    1    1    1  0.00000E+00 0.00000 
   15   15    1    1    1    1    1    1    1    1  0.00000E+00 0.00000 
   16   16    1    1    1    1    1    1    1    1  0.00000E+00 0.00000 
   17   17    1    1    1    1    1    1    1    1  0.00000E+00 0.00000 
   18   18    1    1    1    1    1    1    1    1  0.00000E+00 0.00000 
   19   19    1    1    1    1    1    1    1    1  1.73594E+09 0.05465 
   20   20    1    1    1    1    1    1    1    1  2.96607E+08 0.05934 
   21   21    1    1    1    1    1    1    1    1  1.05858E+09 0.04508 
   22   22    1    1    1    1    1    1    1    1  8.27749E+08 0.03308 
   23   23    1    1    1    1    1    1    1    1  2.09206E+09 0.04036 
   24   24    1    1    1    1    1    1    1    1  2.88119E+09 0.02642 
   25   25    1    1    1    1    1    1    1    1  4.72127E+09 0.02600 
   26   26    1    1    1    1    1    1    1    1  5.72466E+09 0.01899 
   27   27    1    1    1    1    1    1    1    1  9.17866E+09 0.01384 
   28   28    1    1    1    1    1    1    1    1  1.63364E+10 0.00994 
   29   29    1    1    1    1    1    1    1    1  3.18099E+10 0.00823 
   30   30    1    1    1    1    1    1    1    1  4.73299E+10 0.00849 
   31   31    1    1    1    1    1    1    1    1  1.44996E+11 0.00547 
   32   32    1    1    1    1    1    1    1    1  4.59630E+11 0.00237 
   33   33    1    1    1    1    1    1    1    1  8.74704E+11 0.00166 
   34   34    1    1    1    1    1    1    1    1  2.04374E+12 0.00098 
   35   35    1    1    1    1    1    1    1    1  2.81112E+12 0.00072 
   36   36    1    1    1    1    1    1    1    1  3.92436E+12 0.00072 
   37   37    1    1    1    1    1    1    1    1  2.73358E+12 0.00077 
   38   38    1    1    1    1    1    1    1    1  8.55069E+11 0.00066 
   39   39    1    1    1    1    1    1    1    1  4.71772E+12 0.00061 
   40   40    1    1    1    1    1    1    1    1  6.35867E+12 0.00057 
   41   41    1    1    1    1    1    1    1    1  1.08240E+13 0.00042 
   42   42    1    1    1    1    1    1    1    1  1.11934E+13 0.00040 
   43   43    1    1    1    1    1    1    1    1  2.35680E+13 0.00037 
   44   44    1    1    1    1    1    1    1    1  2.85960E+13 0.00044 
   45   45    1    1    1    1    1    1    1    1  4.13978E+13 0.00026 
   46   46    1    1    1    1    1    1    1    1  8.16491E+13 0.00021 
   47   47    1    1    1    1    1    1    1    1  3.85524E+13 0.00020 
   48   48    1    1    1    1    1    1    1    1  6.26462E+13 0.00023 
   49   49    1    1    1    1    1    1    1    1  8.74109E+13 0.00020 
   50   50    1    1    1    1    1    1    1    1  8.69010E+13 0.00021 
   51   51    1    1    1    1    1    1    1    1  1.34074E+14 0.00016 
   52   52    1    1    1    1    1    1    1    1  1.08245E+14 0.00015 
   53   53    1    1    1    1    1    1    1    1  1.26767E+14 0.00016 
   54   54    1    1    1    1    1    1    1    1  8.85801E+13 0.00018 
   55   55    1    1    1    1    1    1    1    1  1.06738E+14 0.00015 
   56   56    1    1    1    1    1    1    1    1  7.37524E+13 0.00018 
   57   57    1    1    1    1    1    1    1    1  1.00785E+13 0.00039 
   58   58    1    1    1    1    1    1    1    1  1.46793E+14 0.00015 
   59   59    1    1    1    1    1    1    1    1  6.41692E+13 0.00019 
   60   60    1    1    1    1    1    1    1    1  6.85715E+13 0.00019 
   61   61    1    1    1    1    1    1    1    1  5.26521E+13 0.00021 
   62   62    1    1    1    1    1    1    1    1  5.30235E+13 0.00024 
   63   63    1    1    1    1    1    1    1    1  5.50863E+13 0.00023 
   64   64    1    1    1    1    1    1    1    1  4.61933E+13 0.00033 
   65   65    1    1    1    1    1    1    1    1  3.67769E+13 0.00033 
   66   66    1    1    1    1    1    1    1    1  3.64633E+13 0.00026 
   67   67    1    1    1    1    1    1    1    1  2.63198E+13 0.00025 
   68   68    1    1    1    1    1    1    1    1  2.15399E+13 0.00035 
   69   69    1    1    1    1    1    1    1    1  1.93814E+13 0.00038 
   70   70    1    1    1    1    1    1    1    1  2.32959E+13 0.00031 
   71   71    1    1    1    1    1    1    1    1  1.98755E+13 0.00040 
   72   72    1    1    1    1    1    1    1    1  3.65997E+13 0.00031 
   73   73    1    1    1    1    1    1    1    1  2.59753E+13 0.00035 
   74   74    1    1    1    1    1    1    1    1  1.95140E+13 0.00043 
   75   75    1    1    1    1    1    1    1    1  1.55198E+13 0.00057 
   76   76    1    1    1    1    1    1    1    1  1.27393E+13 0.00051 
   77   77    1    1    1    1    1    1    1    1  1.46295E+13 0.00047 
   78   78    1    1    1    1    1    1    1    1  1.14103E+13 0.00045 
   79   79    1    1    1    1    1    1    1    1  9.02190E+12 0.00066 
   80   80    1    1    1    1    1    1    1    1  9.24634E+12 0.00069 
   81   81    1    1    1    1    1    1    1    1  6.82143E+12 0.00057 
   82   82    1    1    1    1    1    1    1    1  5.24102E+12 0.00098 
   83   83    1    1    1    1    1    1    1    1  4.01663E+12 0.00090 
   84   84    1    1    1    1    1    1    1    1  3.75201E+12 0.00099 
   85   85    1    1    1    1    1    1    1    1  2.69833E+12 0.00097 
   86   86    1    1    1    1    1    1    1    1  1.93970E+12 0.00137 
   87   87    1    1    1    1    1    1    1    1  1.81762E+12 0.00135 
   88   88    1    1    1    1    1    1    1    1  1.12942E+12 0.00156 
   89   89    1    1    1    1    1    1    1    1  7.60636E+11 0.00212 
   90   90    1    1    1    1    1    1    1    1  4.38935E+11 0.00312 
   91   91    1    1    1    1    1    1    1    1  5.64338E+11 0.00253 
   92   92    1    1    1    1    1    1    1    1  0.00000E+00 0.00000 
   93   93    1    1    1    1    1    1    1    1  0.00000E+00 0.00000 
   94   94    1    1    1    1    1    1    1    1  0.00000E+00 0.00000 
   95   95    1    1    1    1    1    1    1    1  0.00000E+00 0.00000 
   96   96    1    1    1    1    1    1    1    1  0.00000E+00 0.00000 
   97   97    1    1    1    1    1    1    1    1  0.00000E+00 0.00000 
   98   98    1    1    1    1    1    1    1    1  0.00000E+00 0.00000 
   99   99    1    1    1    1    1    1    1    1  0.00000E+00 0.00000 
  100  100    1    1    1    1    1    1    1    1  0.00000E+00 0.00000 
];


