
DETdpaspec = [
    1    1    1    1    1    1    1    1    1    1  0.00000E+00 0.00000 
    2    2    1    1    1    1    1    1    1    1  0.00000E+00 0.00000 
    3    3    1    1    1    1    1    1    1    1  0.00000E+00 0.00000 
    4    4    1    1    1    1    1    1    1    1  0.00000E+00 0.00000 
    5    5    1    1    1    1    1    1    1    1  0.00000E+00 0.00000 
    6    6    1    1    1    1    1    1    1    1  0.00000E+00 0.00000 
    7    7    1    1    1    1    1    1    1    1  0.00000E+00 0.00000 
    8    8    1    1    1    1    1    1    1    1  0.00000E+00 0.00000 
    9    9    1    1    1    1    1    1    1    1  0.00000E+00 0.00000 
   10   10    1    1    1    1    1    1    1    1  0.00000E+00 0.00000 
   11   11    1    1    1    1    1    1    1    1  0.00000E+00 0.00000 
   12   12    1    1    1    1    1    1    1    1  0.00000E+00 0.00000 
   13   13    1    1    1    1    1    1    1    1  0.00000E+00 0.00000 
   14   14    1    1    1    1    1    1    1    1  0.00000E+00 0.00000 
   15   15    1    1    1    1    1    1    1    1  0.00000E+00 0.00000 
   16   16    1    1    1    1    1    1    1    1  0.00000E+00 0.00000 
   17   17    1    1    1    1    1    1    1    1  0.00000E+00 0.00000 
   18   18    1    1    1    1    1    1    1    1  0.00000E+00 0.00000 
   19   19    1    1    1    1    1    1    1    1  1.61275E+09 0.05038 
   20   20    1    1    1    1    1    1    1    1  2.63873E+08 0.07981 
   21   21    1    1    1    1    1    1    1    1  1.01781E+09 0.06036 
   22   22    1    1    1    1    1    1    1    1  6.99064E+08 0.06019 
   23   23    1    1    1    1    1    1    1    1  1.81198E+09 0.03349 
   24   24    1    1    1    1    1    1    1    1  2.67145E+09 0.02747 
   25   25    1    1    1    1    1    1    1    1  4.01286E+09 0.02243 
   26   26    1    1    1    1    1    1    1    1  5.15101E+09 0.01945 
   27   27    1    1    1    1    1    1    1    1  8.07796E+09 0.01315 
   28   28    1    1    1    1    1    1    1    1  1.43221E+10 0.01183 
   29   29    1    1    1    1    1    1    1    1  2.94358E+10 0.00891 
   30   30    1    1    1    1    1    1    1    1  4.63928E+10 0.00586 
   31   31    1    1    1    1    1    1    1    1  1.39915E+11 0.00504 
   32   32    1    1    1    1    1    1    1    1  4.46084E+11 0.00298 
   33   33    1    1    1    1    1    1    1    1  8.51745E+11 0.00148 
   34   34    1    1    1    1    1    1    1    1  2.02938E+12 0.00086 
   35   35    1    1    1    1    1    1    1    1  2.83179E+12 0.00088 
   36   36    1    1    1    1    1    1    1    1  3.85243E+12 0.00057 
   37   37    1    1    1    1    1    1    1    1  2.65379E+12 0.00062 
   38   38    1    1    1    1    1    1    1    1  8.23950E+11 0.00069 
   39   39    1    1    1    1    1    1    1    1  4.59098E+12 0.00038 
   40   40    1    1    1    1    1    1    1    1  6.21419E+12 0.00057 
   41   41    1    1    1    1    1    1    1    1  1.06386E+13 0.00050 
   42   42    1    1    1    1    1    1    1    1  1.09149E+13 0.00042 
   43   43    1    1    1    1    1    1    1    1  2.32099E+13 0.00046 
   44   44    1    1    1    1    1    1    1    1  2.82346E+13 0.00043 
   45   45    1    1    1    1    1    1    1    1  4.10218E+13 0.00036 
   46   46    1    1    1    1    1    1    1    1  8.14933E+13 0.00026 
   47   47    1    1    1    1    1    1    1    1  3.83313E+13 0.00024 
   48   48    1    1    1    1    1    1    1    1  6.21765E+13 0.00017 
   49   49    1    1    1    1    1    1    1    1  8.68476E+13 0.00025 
   50   50    1    1    1    1    1    1    1    1  8.62698E+13 0.00023 
   51   51    1    1    1    1    1    1    1    1  1.33718E+14 0.00014 
   52   52    1    1    1    1    1    1    1    1  1.07368E+14 0.00018 
   53   53    1    1    1    1    1    1    1    1  1.26597E+14 0.00012 
   54   54    1    1    1    1    1    1    1    1  8.82687E+13 0.00015 
   55   55    1    1    1    1    1    1    1    1  1.07009E+14 0.00013 
   56   56    1    1    1    1    1    1    1    1  7.38007E+13 0.00015 
   57   57    1    1    1    1    1    1    1    1  1.00634E+13 0.00041 
   58   58    1    1    1    1    1    1    1    1  1.46731E+14 0.00014 
   59   59    1    1    1    1    1    1    1    1  6.46727E+13 0.00018 
   60   60    1    1    1    1    1    1    1    1  6.89136E+13 0.00019 
   61   61    1    1    1    1    1    1    1    1  5.31718E+13 0.00018 
   62   62    1    1    1    1    1    1    1    1  5.34381E+13 0.00019 
   63   63    1    1    1    1    1    1    1    1  5.55855E+13 0.00028 
   64   64    1    1    1    1    1    1    1    1  4.66810E+13 0.00028 
   65   65    1    1    1    1    1    1    1    1  3.71407E+13 0.00029 
   66   66    1    1    1    1    1    1    1    1  3.67964E+13 0.00032 
   67   67    1    1    1    1    1    1    1    1  2.65326E+13 0.00023 
   68   68    1    1    1    1    1    1    1    1  2.16930E+13 0.00032 
   69   69    1    1    1    1    1    1    1    1  1.94845E+13 0.00039 
   70   70    1    1    1    1    1    1    1    1  2.34229E+13 0.00045 
   71   71    1    1    1    1    1    1    1    1  1.99503E+13 0.00057 
   72   72    1    1    1    1    1    1    1    1  3.65331E+13 0.00035 
   73   73    1    1    1    1    1    1    1    1  2.59006E+13 0.00040 
   74   74    1    1    1    1    1    1    1    1  1.94702E+13 0.00048 
   75   75    1    1    1    1    1    1    1    1  1.55496E+13 0.00065 
   76   76    1    1    1    1    1    1    1    1  1.28268E+13 0.00055 
   77   77    1    1    1    1    1    1    1    1  1.47784E+13 0.00040 
   78   78    1    1    1    1    1    1    1    1  1.15972E+13 0.00071 
   79   79    1    1    1    1    1    1    1    1  9.20312E+12 0.00058 
   80   80    1    1    1    1    1    1    1    1  9.43950E+12 0.00044 
   81   81    1    1    1    1    1    1    1    1  7.00127E+12 0.00078 
   82   82    1    1    1    1    1    1    1    1  5.37236E+12 0.00074 
   83   83    1    1    1    1    1    1    1    1  4.12556E+12 0.00059 
   84   84    1    1    1    1    1    1    1    1  3.85195E+12 0.00086 
   85   85    1    1    1    1    1    1    1    1  2.77887E+12 0.00082 
   86   86    1    1    1    1    1    1    1    1  2.00100E+12 0.00127 
   87   87    1    1    1    1    1    1    1    1  1.87066E+12 0.00148 
   88   88    1    1    1    1    1    1    1    1  1.15418E+12 0.00168 
   89   89    1    1    1    1    1    1    1    1  7.84181E+11 0.00255 
   90   90    1    1    1    1    1    1    1    1  4.54509E+11 0.00274 
   91   91    1    1    1    1    1    1    1    1  5.80258E+11 0.00201 
   92   92    1    1    1    1    1    1    1    1  0.00000E+00 0.00000 
   93   93    1    1    1    1    1    1    1    1  0.00000E+00 0.00000 
   94   94    1    1    1    1    1    1    1    1  0.00000E+00 0.00000 
   95   95    1    1    1    1    1    1    1    1  0.00000E+00 0.00000 
   96   96    1    1    1    1    1    1    1    1  0.00000E+00 0.00000 
   97   97    1    1    1    1    1    1    1    1  0.00000E+00 0.00000 
   98   98    1    1    1    1    1    1    1    1  0.00000E+00 0.00000 
   99   99    1    1    1    1    1    1    1    1  0.00000E+00 0.00000 
  100  100    1    1    1    1    1    1    1    1  0.00000E+00 0.00000 
];


