
DETdpaspec = [
    1    1    1    1    1    1    1    1    1    1  0.00000E+00 0.00000 
    2    2    1    1    1    1    1    1    1    1  0.00000E+00 0.00000 
    3    3    1    1    1    1    1    1    1    1  0.00000E+00 0.00000 
    4    4    1    1    1    1    1    1    1    1  0.00000E+00 0.00000 
    5    5    1    1    1    1    1    1    1    1  0.00000E+00 0.00000 
    6    6    1    1    1    1    1    1    1    1  0.00000E+00 0.00000 
    7    7    1    1    1    1    1    1    1    1  0.00000E+00 0.00000 
    8    8    1    1    1    1    1    1    1    1  0.00000E+00 0.00000 
    9    9    1    1    1    1    1    1    1    1  0.00000E+00 0.00000 
   10   10    1    1    1    1    1    1    1    1  0.00000E+00 0.00000 
   11   11    1    1    1    1    1    1    1    1  0.00000E+00 0.00000 
   12   12    1    1    1    1    1    1    1    1  0.00000E+00 0.00000 
   13   13    1    1    1    1    1    1    1    1  0.00000E+00 0.00000 
   14   14    1    1    1    1    1    1    1    1  0.00000E+00 0.00000 
   15   15    1    1    1    1    1    1    1    1  0.00000E+00 0.00000 
   16   16    1    1    1    1    1    1    1    1  0.00000E+00 0.00000 
   17   17    1    1    1    1    1    1    1    1  0.00000E+00 0.00000 
   18   18    1    1    1    1    1    1    1    1  0.00000E+00 0.00000 
   19   19    1    1    1    1    1    1    1    1  1.51840E+09 0.07359 
   20   20    1    1    1    1    1    1    1    1  2.41270E+08 0.09536 
   21   21    1    1    1    1    1    1    1    1  8.81227E+08 0.06971 
   22   22    1    1    1    1    1    1    1    1  6.48028E+08 0.04565 
   23   23    1    1    1    1    1    1    1    1  1.53402E+09 0.02471 
   24   24    1    1    1    1    1    1    1    1  2.41852E+09 0.02483 
   25   25    1    1    1    1    1    1    1    1  3.77398E+09 0.02908 
   26   26    1    1    1    1    1    1    1    1  4.73704E+09 0.02081 
   27   27    1    1    1    1    1    1    1    1  7.59845E+09 0.01709 
   28   28    1    1    1    1    1    1    1    1  1.36758E+10 0.01401 
   29   29    1    1    1    1    1    1    1    1  2.80437E+10 0.00813 
   30   30    1    1    1    1    1    1    1    1  4.49094E+10 0.00548 
   31   31    1    1    1    1    1    1    1    1  1.34547E+11 0.00418 
   32   32    1    1    1    1    1    1    1    1  4.33057E+11 0.00278 
   33   33    1    1    1    1    1    1    1    1  8.28006E+11 0.00219 
   34   34    1    1    1    1    1    1    1    1  1.98892E+12 0.00143 
   35   35    1    1    1    1    1    1    1    1  2.80242E+12 0.00096 
   36   36    1    1    1    1    1    1    1    1  3.76746E+12 0.00081 
   37   37    1    1    1    1    1    1    1    1  2.57564E+12 0.00081 
   38   38    1    1    1    1    1    1    1    1  7.96257E+11 0.00081 
   39   39    1    1    1    1    1    1    1    1  4.46866E+12 0.00066 
   40   40    1    1    1    1    1    1    1    1  6.06487E+12 0.00054 
   41   41    1    1    1    1    1    1    1    1  1.04077E+13 0.00049 
   42   42    1    1    1    1    1    1    1    1  1.06699E+13 0.00039 
   43   43    1    1    1    1    1    1    1    1  2.28534E+13 0.00050 
   44   44    1    1    1    1    1    1    1    1  2.79336E+13 0.00042 
   45   45    1    1    1    1    1    1    1    1  4.07671E+13 0.00033 
   46   46    1    1    1    1    1    1    1    1  8.14289E+13 0.00026 
   47   47    1    1    1    1    1    1    1    1  3.81211E+13 0.00016 
   48   48    1    1    1    1    1    1    1    1  6.19373E+13 0.00019 
   49   49    1    1    1    1    1    1    1    1  8.65558E+13 0.00013 
   50   50    1    1    1    1    1    1    1    1  8.61412E+13 0.00016 
   51   51    1    1    1    1    1    1    1    1  1.33731E+14 0.00011 
   52   52    1    1    1    1    1    1    1    1  1.07192E+14 0.00018 
   53   53    1    1    1    1    1    1    1    1  1.26878E+14 0.00014 
   54   54    1    1    1    1    1    1    1    1  8.82580E+13 0.00021 
   55   55    1    1    1    1    1    1    1    1  1.07342E+14 0.00010 
   56   56    1    1    1    1    1    1    1    1  7.38979E+13 0.00020 
   57   57    1    1    1    1    1    1    1    1  1.00649E+13 0.00029 
   58   58    1    1    1    1    1    1    1    1  1.46965E+14 0.00017 
   59   59    1    1    1    1    1    1    1    1  6.50090E+13 0.00025 
   60   60    1    1    1    1    1    1    1    1  6.91148E+13 0.00018 
   61   61    1    1    1    1    1    1    1    1  5.34138E+13 0.00018 
   62   62    1    1    1    1    1    1    1    1  5.36739E+13 0.00020 
   63   63    1    1    1    1    1    1    1    1  5.59118E+13 0.00020 
   64   64    1    1    1    1    1    1    1    1  4.69599E+13 0.00019 
   65   65    1    1    1    1    1    1    1    1  3.73360E+13 0.00031 
   66   66    1    1    1    1    1    1    1    1  3.70105E+13 0.00033 
   67   67    1    1    1    1    1    1    1    1  2.66035E+13 0.00030 
   68   68    1    1    1    1    1    1    1    1  2.17227E+13 0.00032 
   69   69    1    1    1    1    1    1    1    1  1.95117E+13 0.00035 
   70   70    1    1    1    1    1    1    1    1  2.34387E+13 0.00033 
   71   71    1    1    1    1    1    1    1    1  1.99509E+13 0.00057 
   72   72    1    1    1    1    1    1    1    1  3.64345E+13 0.00037 
   73   73    1    1    1    1    1    1    1    1  2.57827E+13 0.00031 
   74   74    1    1    1    1    1    1    1    1  1.93704E+13 0.00048 
   75   75    1    1    1    1    1    1    1    1  1.54859E+13 0.00037 
   76   76    1    1    1    1    1    1    1    1  1.28020E+13 0.00041 
   77   77    1    1    1    1    1    1    1    1  1.47687E+13 0.00053 
   78   78    1    1    1    1    1    1    1    1  1.16405E+13 0.00046 
   79   79    1    1    1    1    1    1    1    1  9.24790E+12 0.00061 
   80   80    1    1    1    1    1    1    1    1  9.50286E+12 0.00057 
   81   81    1    1    1    1    1    1    1    1  7.03228E+12 0.00056 
   82   82    1    1    1    1    1    1    1    1  5.41759E+12 0.00061 
   83   83    1    1    1    1    1    1    1    1  4.15911E+12 0.00082 
   84   84    1    1    1    1    1    1    1    1  3.88949E+12 0.00087 
   85   85    1    1    1    1    1    1    1    1  2.79669E+12 0.00094 
   86   86    1    1    1    1    1    1    1    1  2.01657E+12 0.00108 
   87   87    1    1    1    1    1    1    1    1  1.89143E+12 0.00093 
   88   88    1    1    1    1    1    1    1    1  1.16415E+12 0.00209 
   89   89    1    1    1    1    1    1    1    1  7.87096E+11 0.00189 
   90   90    1    1    1    1    1    1    1    1  4.56986E+11 0.00253 
   91   91    1    1    1    1    1    1    1    1  5.81447E+11 0.00306 
   92   92    1    1    1    1    1    1    1    1  0.00000E+00 0.00000 
   93   93    1    1    1    1    1    1    1    1  0.00000E+00 0.00000 
   94   94    1    1    1    1    1    1    1    1  0.00000E+00 0.00000 
   95   95    1    1    1    1    1    1    1    1  0.00000E+00 0.00000 
   96   96    1    1    1    1    1    1    1    1  0.00000E+00 0.00000 
   97   97    1    1    1    1    1    1    1    1  0.00000E+00 0.00000 
   98   98    1    1    1    1    1    1    1    1  0.00000E+00 0.00000 
   99   99    1    1    1    1    1    1    1    1  0.00000E+00 0.00000 
  100  100    1    1    1    1    1    1    1    1  0.00000E+00 0.00000 
];


