
DETdpaspec = [
    1    1    1    1    1    1    1    1    1    1  0.00000E+00 0.00000 
    2    2    1    1    1    1    1    1    1    1  0.00000E+00 0.00000 
    3    3    1    1    1    1    1    1    1    1  0.00000E+00 0.00000 
    4    4    1    1    1    1    1    1    1    1  0.00000E+00 0.00000 
    5    5    1    1    1    1    1    1    1    1  0.00000E+00 0.00000 
    6    6    1    1    1    1    1    1    1    1  0.00000E+00 0.00000 
    7    7    1    1    1    1    1    1    1    1  0.00000E+00 0.00000 
    8    8    1    1    1    1    1    1    1    1  0.00000E+00 0.00000 
    9    9    1    1    1    1    1    1    1    1  0.00000E+00 0.00000 
   10   10    1    1    1    1    1    1    1    1  0.00000E+00 0.00000 
   11   11    1    1    1    1    1    1    1    1  0.00000E+00 0.00000 
   12   12    1    1    1    1    1    1    1    1  0.00000E+00 0.00000 
   13   13    1    1    1    1    1    1    1    1  0.00000E+00 0.00000 
   14   14    1    1    1    1    1    1    1    1  0.00000E+00 0.00000 
   15   15    1    1    1    1    1    1    1    1  0.00000E+00 0.00000 
   16   16    1    1    1    1    1    1    1    1  0.00000E+00 0.00000 
   17   17    1    1    1    1    1    1    1    1  0.00000E+00 0.00000 
   18   18    1    1    1    1    1    1    1    1  0.00000E+00 0.00000 
   19   19    1    1    1    1    1    1    1    1  2.74088E+09 0.02417 
   20   20    1    1    1    1    1    1    1    1  6.34144E+08 0.04289 
   21   21    1    1    1    1    1    1    1    1  1.94550E+09 0.02704 
   22   22    1    1    1    1    1    1    1    1  1.42334E+09 0.03859 
   23   23    1    1    1    1    1    1    1    1  4.24346E+09 0.01372 
   24   24    1    1    1    1    1    1    1    1  5.46791E+09 0.01850 
   25   25    1    1    1    1    1    1    1    1  8.00502E+09 0.01976 
   26   26    1    1    1    1    1    1    1    1  1.05097E+10 0.01296 
   27   27    1    1    1    1    1    1    1    1  1.67511E+10 0.01126 
   28   28    1    1    1    1    1    1    1    1  3.07046E+10 0.00918 
   29   29    1    1    1    1    1    1    1    1  5.06411E+10 0.00606 
   30   30    1    1    1    1    1    1    1    1  6.73511E+10 0.00600 
   31   31    1    1    1    1    1    1    1    1  2.24938E+11 0.00412 
   32   32    1    1    1    1    1    1    1    1  6.64822E+11 0.00193 
   33   33    1    1    1    1    1    1    1    1  1.21177E+12 0.00118 
   34   34    1    1    1    1    1    1    1    1  2.55308E+12 0.00117 
   35   35    1    1    1    1    1    1    1    1  3.27676E+12 0.00094 
   36   36    1    1    1    1    1    1    1    1  4.85682E+12 0.00075 
   37   37    1    1    1    1    1    1    1    1  3.40638E+12 0.00058 
   38   38    1    1    1    1    1    1    1    1  1.09647E+12 0.00075 
   39   39    1    1    1    1    1    1    1    1  5.78316E+12 0.00067 
   40   40    1    1    1    1    1    1    1    1  7.68499E+12 0.00060 
   41   41    1    1    1    1    1    1    1    1  1.25675E+13 0.00052 
   42   42    1    1    1    1    1    1    1    1  1.32554E+13 0.00047 
   43   43    1    1    1    1    1    1    1    1  2.66473E+13 0.00042 
   44   44    1    1    1    1    1    1    1    1  3.17062E+13 0.00040 
   45   45    1    1    1    1    1    1    1    1  4.49333E+13 0.00027 
   46   46    1    1    1    1    1    1    1    1  8.47723E+13 0.00024 
   47   47    1    1    1    1    1    1    1    1  4.02111E+13 0.00022 
   48   48    1    1    1    1    1    1    1    1  6.55854E+13 0.00017 
   49   49    1    1    1    1    1    1    1    1  9.05150E+13 0.00011 
   50   50    1    1    1    1    1    1    1    1  9.02187E+13 0.00013 
   51   51    1    1    1    1    1    1    1    1  1.36119E+14 0.00016 
   52   52    1    1    1    1    1    1    1    1  1.11762E+14 0.00016 
   53   53    1    1    1    1    1    1    1    1  1.27127E+14 0.00012 
   54   54    1    1    1    1    1    1    1    1  8.94969E+13 0.00015 
   55   55    1    1    1    1    1    1    1    1  1.04911E+14 0.00014 
   56   56    1    1    1    1    1    1    1    1  7.32120E+13 0.00013 
   57   57    1    1    1    1    1    1    1    1  1.01106E+13 0.00031 
   58   58    1    1    1    1    1    1    1    1  1.45770E+14 0.00014 
   59   59    1    1    1    1    1    1    1    1  6.17740E+13 0.00022 
   60   60    1    1    1    1    1    1    1    1  6.64995E+13 0.00023 
   61   61    1    1    1    1    1    1    1    1  5.00078E+13 0.00014 
   62   62    1    1    1    1    1    1    1    1  5.06559E+13 0.00022 
   63   63    1    1    1    1    1    1    1    1  5.22724E+13 0.00024 
   64   64    1    1    1    1    1    1    1    1  4.35164E+13 0.00028 
   65   65    1    1    1    1    1    1    1    1  3.47165E+13 0.00024 
   66   66    1    1    1    1    1    1    1    1  3.43440E+13 0.00031 
   67   67    1    1    1    1    1    1    1    1  2.47664E+13 0.00030 
   68   68    1    1    1    1    1    1    1    1  2.04250E+13 0.00039 
   69   69    1    1    1    1    1    1    1    1  1.84268E+13 0.00037 
   70   70    1    1    1    1    1    1    1    1  2.21333E+13 0.00038 
   71   71    1    1    1    1    1    1    1    1  1.89553E+13 0.00041 
   72   72    1    1    1    1    1    1    1    1  3.56358E+13 0.00030 
   73   73    1    1    1    1    1    1    1    1  2.54029E+13 0.00037 
   74   74    1    1    1    1    1    1    1    1  1.89686E+13 0.00038 
   75   75    1    1    1    1    1    1    1    1  1.47944E+13 0.00052 
   76   76    1    1    1    1    1    1    1    1  1.19105E+13 0.00033 
   77   77    1    1    1    1    1    1    1    1  1.34148E+13 0.00037 
   78   78    1    1    1    1    1    1    1    1  1.02594E+13 0.00042 
   79   79    1    1    1    1    1    1    1    1  7.98637E+12 0.00057 
   80   80    1    1    1    1    1    1    1    1  8.09485E+12 0.00055 
   81   81    1    1    1    1    1    1    1    1  5.93000E+12 0.00039 
   82   82    1    1    1    1    1    1    1    1  4.52253E+12 0.00090 
   83   83    1    1    1    1    1    1    1    1  3.46046E+12 0.00083 
   84   84    1    1    1    1    1    1    1    1  3.22084E+12 0.00097 
   85   85    1    1    1    1    1    1    1    1  2.31696E+12 0.00083 
   86   86    1    1    1    1    1    1    1    1  1.65917E+12 0.00132 
   87   87    1    1    1    1    1    1    1    1  1.55542E+12 0.00151 
   88   88    1    1    1    1    1    1    1    1  9.65652E+11 0.00158 
   89   89    1    1    1    1    1    1    1    1  6.54876E+11 0.00208 
   90   90    1    1    1    1    1    1    1    1  3.79026E+11 0.00312 
   91   91    1    1    1    1    1    1    1    1  4.93475E+11 0.00270 
   92   92    1    1    1    1    1    1    1    1  0.00000E+00 0.00000 
   93   93    1    1    1    1    1    1    1    1  0.00000E+00 0.00000 
   94   94    1    1    1    1    1    1    1    1  0.00000E+00 0.00000 
   95   95    1    1    1    1    1    1    1    1  0.00000E+00 0.00000 
   96   96    1    1    1    1    1    1    1    1  0.00000E+00 0.00000 
   97   97    1    1    1    1    1    1    1    1  0.00000E+00 0.00000 
   98   98    1    1    1    1    1    1    1    1  0.00000E+00 0.00000 
   99   99    1    1    1    1    1    1    1    1  0.00000E+00 0.00000 
  100  100    1    1    1    1    1    1    1    1  0.00000E+00 0.00000 
];


