
DETdpaspec = [
    1    1    1    1    1    1    1    1    1    1  0.00000E+00 0.00000 
    2    2    1    1    1    1    1    1    1    1  0.00000E+00 0.00000 
    3    3    1    1    1    1    1    1    1    1  0.00000E+00 0.00000 
    4    4    1    1    1    1    1    1    1    1  0.00000E+00 0.00000 
    5    5    1    1    1    1    1    1    1    1  0.00000E+00 0.00000 
    6    6    1    1    1    1    1    1    1    1  0.00000E+00 0.00000 
    7    7    1    1    1    1    1    1    1    1  0.00000E+00 0.00000 
    8    8    1    1    1    1    1    1    1    1  0.00000E+00 0.00000 
    9    9    1    1    1    1    1    1    1    1  0.00000E+00 0.00000 
   10   10    1    1    1    1    1    1    1    1  0.00000E+00 0.00000 
   11   11    1    1    1    1    1    1    1    1  0.00000E+00 0.00000 
   12   12    1    1    1    1    1    1    1    1  0.00000E+00 0.00000 
   13   13    1    1    1    1    1    1    1    1  0.00000E+00 0.00000 
   14   14    1    1    1    1    1    1    1    1  0.00000E+00 0.00000 
   15   15    1    1    1    1    1    1    1    1  0.00000E+00 0.00000 
   16   16    1    1    1    1    1    1    1    1  0.00000E+00 0.00000 
   17   17    1    1    1    1    1    1    1    1  0.00000E+00 0.00000 
   18   18    1    1    1    1    1    1    1    1  0.00000E+00 0.00000 
   19   19    1    1    1    1    1    1    1    1  9.45683E+08 0.10259 
   20   20    1    1    1    1    1    1    1    1  1.54757E+08 0.13577 
   21   21    1    1    1    1    1    1    1    1  5.77259E+08 0.09594 
   22   22    1    1    1    1    1    1    1    1  4.24209E+08 0.06731 
   23   23    1    1    1    1    1    1    1    1  8.51174E+08 0.06882 
   24   24    1    1    1    1    1    1    1    1  1.55999E+09 0.04744 
   25   25    1    1    1    1    1    1    1    1  3.40835E+09 0.03971 
   26   26    1    1    1    1    1    1    1    1  5.57316E+09 0.02185 
   27   27    1    1    1    1    1    1    1    1  1.18299E+10 0.01492 
   28   28    1    1    1    1    1    1    1    1  2.85134E+10 0.00924 
   29   29    1    1    1    1    1    1    1    1  7.33551E+10 0.00675 
   30   30    1    1    1    1    1    1    1    1  1.35977E+11 0.00587 
   31   31    1    1    1    1    1    1    1    1  3.26786E+11 0.00426 
   32   32    1    1    1    1    1    1    1    1  8.81856E+11 0.00275 
   33   33    1    1    1    1    1    1    1    1  1.48823E+12 0.00196 
   34   34    1    1    1    1    1    1    1    1  3.35841E+12 0.00110 
   35   35    1    1    1    1    1    1    1    1  4.53013E+12 0.00080 
   36   36    1    1    1    1    1    1    1    1  5.08097E+12 0.00069 
   37   37    1    1    1    1    1    1    1    1  3.17510E+12 0.00049 
   38   38    1    1    1    1    1    1    1    1  9.41886E+11 0.00051 
   39   39    1    1    1    1    1    1    1    1  5.42173E+12 0.00051 
   40   40    1    1    1    1    1    1    1    1  7.28571E+12 0.00066 
   41   41    1    1    1    1    1    1    1    1  1.24788E+13 0.00050 
   42   42    1    1    1    1    1    1    1    1  1.22365E+13 0.00041 
   43   43    1    1    1    1    1    1    1    1  2.65574E+13 0.00029 
   44   44    1    1    1    1    1    1    1    1  3.20710E+13 0.00036 
   45   45    1    1    1    1    1    1    1    1  4.61440E+13 0.00033 
   46   46    1    1    1    1    1    1    1    1  9.13312E+13 0.00026 
   47   47    1    1    1    1    1    1    1    1  4.10187E+13 0.00026 
   48   48    1    1    1    1    1    1    1    1  6.54527E+13 0.00017 
   49   49    1    1    1    1    1    1    1    1  9.00289E+13 0.00019 
   50   50    1    1    1    1    1    1    1    1  8.79569E+13 0.00022 
   51   51    1    1    1    1    1    1    1    1  1.36447E+14 0.00021 
   52   52    1    1    1    1    1    1    1    1  1.05505E+14 0.00016 
   53   53    1    1    1    1    1    1    1    1  1.26268E+14 0.00012 
   54   54    1    1    1    1    1    1    1    1  8.61300E+13 0.00015 
   55   55    1    1    1    1    1    1    1    1  1.06088E+14 0.00013 
   56   56    1    1    1    1    1    1    1    1  7.20749E+13 0.00017 
   57   57    1    1    1    1    1    1    1    1  9.71358E+12 0.00027 
   58   58    1    1    1    1    1    1    1    1  1.41875E+14 0.00017 
   59   59    1    1    1    1    1    1    1    1  6.39813E+13 0.00020 
   60   60    1    1    1    1    1    1    1    1  6.69365E+13 0.00018 
   61   61    1    1    1    1    1    1    1    1  5.23674E+13 0.00020 
   62   62    1    1    1    1    1    1    1    1  5.21559E+13 0.00024 
   63   63    1    1    1    1    1    1    1    1  5.42610E+13 0.00022 
   64   64    1    1    1    1    1    1    1    1  4.54467E+13 0.00029 
   65   65    1    1    1    1    1    1    1    1  3.58219E+13 0.00028 
   66   66    1    1    1    1    1    1    1    1  3.53060E+13 0.00035 
   67   67    1    1    1    1    1    1    1    1  2.51785E+13 0.00031 
   68   68    1    1    1    1    1    1    1    1  2.03258E+13 0.00031 
   69   69    1    1    1    1    1    1    1    1  1.81608E+13 0.00042 
   70   70    1    1    1    1    1    1    1    1  2.16973E+13 0.00033 
   71   71    1    1    1    1    1    1    1    1  1.83210E+13 0.00042 
   72   72    1    1    1    1    1    1    1    1  3.24999E+13 0.00037 
   73   73    1    1    1    1    1    1    1    1  2.26961E+13 0.00047 
   74   74    1    1    1    1    1    1    1    1  1.70149E+13 0.00044 
   75   75    1    1    1    1    1    1    1    1  1.37721E+13 0.00043 
   76   76    1    1    1    1    1    1    1    1  1.15141E+13 0.00062 
   77   77    1    1    1    1    1    1    1    1  1.34511E+13 0.00045 
   78   78    1    1    1    1    1    1    1    1  1.07314E+13 0.00060 
   79   79    1    1    1    1    1    1    1    1  8.63718E+12 0.00066 
   80   80    1    1    1    1    1    1    1    1  8.95565E+12 0.00032 
   81   81    1    1    1    1    1    1    1    1  6.64924E+12 0.00064 
   82   82    1    1    1    1    1    1    1    1  5.13555E+12 0.00077 
   83   83    1    1    1    1    1    1    1    1  3.94723E+12 0.00090 
   84   84    1    1    1    1    1    1    1    1  3.70187E+12 0.00115 
   85   85    1    1    1    1    1    1    1    1  2.66605E+12 0.00128 
   86   86    1    1    1    1    1    1    1    1  1.92546E+12 0.00081 
   87   87    1    1    1    1    1    1    1    1  1.80442E+12 0.00119 
   88   88    1    1    1    1    1    1    1    1  1.10125E+12 0.00167 
   89   89    1    1    1    1    1    1    1    1  7.40845E+11 0.00186 
   90   90    1    1    1    1    1    1    1    1  4.25045E+11 0.00308 
   91   91    1    1    1    1    1    1    1    1  5.38295E+11 0.00250 
   92   92    1    1    1    1    1    1    1    1  0.00000E+00 0.00000 
   93   93    1    1    1    1    1    1    1    1  0.00000E+00 0.00000 
   94   94    1    1    1    1    1    1    1    1  0.00000E+00 0.00000 
   95   95    1    1    1    1    1    1    1    1  0.00000E+00 0.00000 
   96   96    1    1    1    1    1    1    1    1  0.00000E+00 0.00000 
   97   97    1    1    1    1    1    1    1    1  0.00000E+00 0.00000 
   98   98    1    1    1    1    1    1    1    1  0.00000E+00 0.00000 
   99   99    1    1    1    1    1    1    1    1  0.00000E+00 0.00000 
  100  100    1    1    1    1    1    1    1    1  0.00000E+00 0.00000 
];


