
DETdpaspec = [
    1    1    1    1    1    1    1    1    1    1  0.00000E+00 0.00000 
    2    2    1    1    1    1    1    1    1    1  0.00000E+00 0.00000 
    3    3    1    1    1    1    1    1    1    1  0.00000E+00 0.00000 
    4    4    1    1    1    1    1    1    1    1  0.00000E+00 0.00000 
    5    5    1    1    1    1    1    1    1    1  0.00000E+00 0.00000 
    6    6    1    1    1    1    1    1    1    1  0.00000E+00 0.00000 
    7    7    1    1    1    1    1    1    1    1  0.00000E+00 0.00000 
    8    8    1    1    1    1    1    1    1    1  0.00000E+00 0.00000 
    9    9    1    1    1    1    1    1    1    1  0.00000E+00 0.00000 
   10   10    1    1    1    1    1    1    1    1  0.00000E+00 0.00000 
   11   11    1    1    1    1    1    1    1    1  0.00000E+00 0.00000 
   12   12    1    1    1    1    1    1    1    1  0.00000E+00 0.00000 
   13   13    1    1    1    1    1    1    1    1  0.00000E+00 0.00000 
   14   14    1    1    1    1    1    1    1    1  0.00000E+00 0.00000 
   15   15    1    1    1    1    1    1    1    1  0.00000E+00 0.00000 
   16   16    1    1    1    1    1    1    1    1  0.00000E+00 0.00000 
   17   17    1    1    1    1    1    1    1    1  0.00000E+00 0.00000 
   18   18    1    1    1    1    1    1    1    1  0.00000E+00 0.00000 
   19   19    1    1    1    1    1    1    1    1  5.88302E+08 0.15333 
   20   20    1    1    1    1    1    1    1    1  9.66504E+07 0.17798 
   21   21    1    1    1    1    1    1    1    1  3.25001E+08 0.10851 
   22   22    1    1    1    1    1    1    1    1  1.09700E+09 0.03400 
   23   23    1    1    1    1    1    1    1    1  4.93494E+09 0.02698 
   24   24    1    1    1    1    1    1    1    1  2.02779E+10 0.01475 
   25   25    1    1    1    1    1    1    1    1  5.79414E+10 0.00816 
   26   26    1    1    1    1    1    1    1    1  8.65491E+10 0.00528 
   27   27    1    1    1    1    1    1    1    1  1.71681E+11 0.00345 
   28   28    1    1    1    1    1    1    1    1  3.12475E+11 0.00309 
   29   29    1    1    1    1    1    1    1    1  5.41683E+11 0.00237 
   30   30    1    1    1    1    1    1    1    1  7.97486E+11 0.00221 
   31   31    1    1    1    1    1    1    1    1  1.45218E+12 0.00170 
   32   32    1    1    1    1    1    1    1    1  2.73329E+12 0.00141 
   33   33    1    1    1    1    1    1    1    1  3.81786E+12 0.00102 
   34   34    1    1    1    1    1    1    1    1  7.18235E+12 0.00075 
   35   35    1    1    1    1    1    1    1    1  8.44591E+12 0.00064 
   36   36    1    1    1    1    1    1    1    1  8.23871E+12 0.00058 
   37   37    1    1    1    1    1    1    1    1  4.74949E+12 0.00060 
   38   38    1    1    1    1    1    1    1    1  1.37296E+12 0.00049 
   39   39    1    1    1    1    1    1    1    1  7.88860E+12 0.00047 
   40   40    1    1    1    1    1    1    1    1  1.03328E+13 0.00047 
   41   41    1    1    1    1    1    1    1    1  1.72519E+13 0.00044 
   42   42    1    1    1    1    1    1    1    1  1.63317E+13 0.00036 
   43   43    1    1    1    1    1    1    1    1  3.48314E+13 0.00034 
   44   44    1    1    1    1    1    1    1    1  4.08351E+13 0.00023 
   45   45    1    1    1    1    1    1    1    1  5.69248E+13 0.00020 
   46   46    1    1    1    1    1    1    1    1  1.07894E+14 0.00017 
   47   47    1    1    1    1    1    1    1    1  4.63858E+13 0.00015 
   48   48    1    1    1    1    1    1    1    1  7.27139E+13 0.00016 
   49   49    1    1    1    1    1    1    1    1  9.72387E+13 0.00014 
   50   50    1    1    1    1    1    1    1    1  9.28972E+13 0.00012 
   51   51    1    1    1    1    1    1    1    1  1.40784E+14 0.00014 
   52   52    1    1    1    1    1    1    1    1  1.05552E+14 0.00016 
   53   53    1    1    1    1    1    1    1    1  1.24781E+14 0.00014 
   54   54    1    1    1    1    1    1    1    1  8.32762E+13 0.00015 
   55   55    1    1    1    1    1    1    1    1  1.01701E+14 0.00018 
   56   56    1    1    1    1    1    1    1    1  6.81791E+13 0.00014 
   57   57    1    1    1    1    1    1    1    1  9.12058E+12 0.00041 
   58   58    1    1    1    1    1    1    1    1  1.32168E+14 0.00015 
   59   59    1    1    1    1    1    1    1    1  5.93057E+13 0.00018 
   60   60    1    1    1    1    1    1    1    1  6.12782E+13 0.00018 
   61   61    1    1    1    1    1    1    1    1  4.77558E+13 0.00021 
   62   62    1    1    1    1    1    1    1    1  4.72401E+13 0.00023 
   63   63    1    1    1    1    1    1    1    1  4.87677E+13 0.00014 
   64   64    1    1    1    1    1    1    1    1  4.04843E+13 0.00023 
   65   65    1    1    1    1    1    1    1    1  3.16552E+13 0.00030 
   66   66    1    1    1    1    1    1    1    1  3.09297E+13 0.00032 
   67   67    1    1    1    1    1    1    1    1  2.18625E+13 0.00033 
   68   68    1    1    1    1    1    1    1    1  1.75320E+13 0.00041 
   69   69    1    1    1    1    1    1    1    1  1.55828E+13 0.00029 
   70   70    1    1    1    1    1    1    1    1  1.84959E+13 0.00046 
   71   71    1    1    1    1    1    1    1    1  1.54766E+13 0.00035 
   72   72    1    1    1    1    1    1    1    1  2.70255E+13 0.00030 
   73   73    1    1    1    1    1    1    1    1  1.86330E+13 0.00021 
   74   74    1    1    1    1    1    1    1    1  1.38733E+13 0.00060 
   75   75    1    1    1    1    1    1    1    1  1.11997E+13 0.00052 
   76   76    1    1    1    1    1    1    1    1  9.37592E+12 0.00040 
   77   77    1    1    1    1    1    1    1    1  1.09337E+13 0.00030 
   78   78    1    1    1    1    1    1    1    1  8.71603E+12 0.00046 
   79   79    1    1    1    1    1    1    1    1  6.99029E+12 0.00072 
   80   80    1    1    1    1    1    1    1    1  7.22627E+12 0.00068 
   81   81    1    1    1    1    1    1    1    1  5.33864E+12 0.00056 
   82   82    1    1    1    1    1    1    1    1  4.10214E+12 0.00062 
   83   83    1    1    1    1    1    1    1    1  3.13938E+12 0.00067 
   84   84    1    1    1    1    1    1    1    1  2.91741E+12 0.00082 
   85   85    1    1    1    1    1    1    1    1  2.08643E+12 0.00130 
   86   86    1    1    1    1    1    1    1    1  1.50120E+12 0.00106 
   87   87    1    1    1    1    1    1    1    1  1.39016E+12 0.00191 
   88   88    1    1    1    1    1    1    1    1  8.43068E+11 0.00198 
   89   89    1    1    1    1    1    1    1    1  5.60110E+11 0.00192 
   90   90    1    1    1    1    1    1    1    1  3.19609E+11 0.00309 
   91   91    1    1    1    1    1    1    1    1  3.85756E+11 0.00237 
   92   92    1    1    1    1    1    1    1    1  0.00000E+00 0.00000 
   93   93    1    1    1    1    1    1    1    1  0.00000E+00 0.00000 
   94   94    1    1    1    1    1    1    1    1  0.00000E+00 0.00000 
   95   95    1    1    1    1    1    1    1    1  0.00000E+00 0.00000 
   96   96    1    1    1    1    1    1    1    1  0.00000E+00 0.00000 
   97   97    1    1    1    1    1    1    1    1  0.00000E+00 0.00000 
   98   98    1    1    1    1    1    1    1    1  0.00000E+00 0.00000 
   99   99    1    1    1    1    1    1    1    1  0.00000E+00 0.00000 
  100  100    1    1    1    1    1    1    1    1  0.00000E+00 0.00000 
];


