
DETdpaspec = [
    1    1    1    1    1    1    1    1    1    1  0.00000E+00 0.00000 
    2    2    1    1    1    1    1    1    1    1  0.00000E+00 0.00000 
    3    3    1    1    1    1    1    1    1    1  0.00000E+00 0.00000 
    4    4    1    1    1    1    1    1    1    1  0.00000E+00 0.00000 
    5    5    1    1    1    1    1    1    1    1  0.00000E+00 0.00000 
    6    6    1    1    1    1    1    1    1    1  0.00000E+00 0.00000 
    7    7    1    1    1    1    1    1    1    1  0.00000E+00 0.00000 
    8    8    1    1    1    1    1    1    1    1  0.00000E+00 0.00000 
    9    9    1    1    1    1    1    1    1    1  0.00000E+00 0.00000 
   10   10    1    1    1    1    1    1    1    1  0.00000E+00 0.00000 
   11   11    1    1    1    1    1    1    1    1  0.00000E+00 0.00000 
   12   12    1    1    1    1    1    1    1    1  0.00000E+00 0.00000 
   13   13    1    1    1    1    1    1    1    1  0.00000E+00 0.00000 
   14   14    1    1    1    1    1    1    1    1  0.00000E+00 0.00000 
   15   15    1    1    1    1    1    1    1    1  0.00000E+00 0.00000 
   16   16    1    1    1    1    1    1    1    1  0.00000E+00 0.00000 
   17   17    1    1    1    1    1    1    1    1  0.00000E+00 0.00000 
   18   18    1    1    1    1    1    1    1    1  0.00000E+00 0.00000 
   19   19    1    1    1    1    1    1    1    1  1.08926E+09 0.08425 
   20   20    1    1    1    1    1    1    1    1  1.51060E+08 0.13020 
   21   21    1    1    1    1    1    1    1    1  4.32224E+08 0.08033 
   22   22    1    1    1    1    1    1    1    1  4.22373E+08 0.05954 
   23   23    1    1    1    1    1    1    1    1  8.68692E+08 0.06559 
   24   24    1    1    1    1    1    1    1    1  1.52857E+09 0.04259 
   25   25    1    1    1    1    1    1    1    1  3.61535E+09 0.02975 
   26   26    1    1    1    1    1    1    1    1  6.10824E+09 0.01780 
   27   27    1    1    1    1    1    1    1    1  1.32072E+10 0.01677 
   28   28    1    1    1    1    1    1    1    1  3.23968E+10 0.00949 
   29   29    1    1    1    1    1    1    1    1  8.19984E+10 0.00603 
   30   30    1    1    1    1    1    1    1    1  1.51031E+11 0.00478 
   31   31    1    1    1    1    1    1    1    1  3.55143E+11 0.00253 
   32   32    1    1    1    1    1    1    1    1  9.39596E+11 0.00212 
   33   33    1    1    1    1    1    1    1    1  1.57047E+12 0.00153 
   34   34    1    1    1    1    1    1    1    1  3.51278E+12 0.00099 
   35   35    1    1    1    1    1    1    1    1  4.70818E+12 0.00095 
   36   36    1    1    1    1    1    1    1    1  5.22441E+12 0.00069 
   37   37    1    1    1    1    1    1    1    1  3.24819E+12 0.00073 
   38   38    1    1    1    1    1    1    1    1  9.61895E+11 0.00075 
   39   39    1    1    1    1    1    1    1    1  5.53805E+12 0.00068 
   40   40    1    1    1    1    1    1    1    1  7.43106E+12 0.00047 
   41   41    1    1    1    1    1    1    1    1  1.27118E+13 0.00047 
   42   42    1    1    1    1    1    1    1    1  1.24417E+13 0.00054 
   43   43    1    1    1    1    1    1    1    1  2.69741E+13 0.00042 
   44   44    1    1    1    1    1    1    1    1  3.25139E+13 0.00032 
   45   45    1    1    1    1    1    1    1    1  4.67055E+13 0.00027 
   46   46    1    1    1    1    1    1    1    1  9.22164E+13 0.00019 
   47   47    1    1    1    1    1    1    1    1  4.13099E+13 0.00018 
   48   48    1    1    1    1    1    1    1    1  6.58513E+13 0.00020 
   49   49    1    1    1    1    1    1    1    1  9.04308E+13 0.00019 
   50   50    1    1    1    1    1    1    1    1  8.82540E+13 0.00015 
   51   51    1    1    1    1    1    1    1    1  1.36748E+14 0.00015 
   52   52    1    1    1    1    1    1    1    1  1.05517E+14 0.00019 
   53   53    1    1    1    1    1    1    1    1  1.26208E+14 0.00016 
   54   54    1    1    1    1    1    1    1    1  8.60058E+13 0.00016 
   55   55    1    1    1    1    1    1    1    1  1.05873E+14 0.00017 
   56   56    1    1    1    1    1    1    1    1  7.18886E+13 0.00019 
   57   57    1    1    1    1    1    1    1    1  9.67864E+12 0.00029 
   58   58    1    1    1    1    1    1    1    1  1.41321E+14 0.00014 
   59   59    1    1    1    1    1    1    1    1  6.37865E+13 0.00015 
   60   60    1    1    1    1    1    1    1    1  6.66397E+13 0.00018 
   61   61    1    1    1    1    1    1    1    1  5.21557E+13 0.00020 
   62   62    1    1    1    1    1    1    1    1  5.19296E+13 0.00021 
   63   63    1    1    1    1    1    1    1    1  5.40273E+13 0.00015 
   64   64    1    1    1    1    1    1    1    1  4.52239E+13 0.00023 
   65   65    1    1    1    1    1    1    1    1  3.56394E+13 0.00025 
   66   66    1    1    1    1    1    1    1    1  3.51257E+13 0.00027 
   67   67    1    1    1    1    1    1    1    1  2.50138E+13 0.00019 
   68   68    1    1    1    1    1    1    1    1  2.01988E+13 0.00034 
   69   69    1    1    1    1    1    1    1    1  1.80248E+13 0.00049 
   70   70    1    1    1    1    1    1    1    1  2.15245E+13 0.00037 
   71   71    1    1    1    1    1    1    1    1  1.81495E+13 0.00058 
   72   72    1    1    1    1    1    1    1    1  3.21921E+13 0.00032 
   73   73    1    1    1    1    1    1    1    1  2.24492E+13 0.00037 
   74   74    1    1    1    1    1    1    1    1  1.68221E+13 0.00040 
   75   75    1    1    1    1    1    1    1    1  1.35988E+13 0.00043 
   76   76    1    1    1    1    1    1    1    1  1.13800E+13 0.00052 
   77   77    1    1    1    1    1    1    1    1  1.33179E+13 0.00056 
   78   78    1    1    1    1    1    1    1    1  1.06301E+13 0.00050 
   79   79    1    1    1    1    1    1    1    1  8.53932E+12 0.00065 
   80   80    1    1    1    1    1    1    1    1  8.86375E+12 0.00052 
   81   81    1    1    1    1    1    1    1    1  6.59340E+12 0.00041 
   82   82    1    1    1    1    1    1    1    1  5.08035E+12 0.00067 
   83   83    1    1    1    1    1    1    1    1  3.90884E+12 0.00115 
   84   84    1    1    1    1    1    1    1    1  3.65825E+12 0.00108 
   85   85    1    1    1    1    1    1    1    1  2.63260E+12 0.00107 
   86   86    1    1    1    1    1    1    1    1  1.90338E+12 0.00107 
   87   87    1    1    1    1    1    1    1    1  1.78397E+12 0.00133 
   88   88    1    1    1    1    1    1    1    1  1.09010E+12 0.00175 
   89   89    1    1    1    1    1    1    1    1  7.30120E+11 0.00280 
   90   90    1    1    1    1    1    1    1    1  4.22797E+11 0.00313 
   91   91    1    1    1    1    1    1    1    1  5.31314E+11 0.00236 
   92   92    1    1    1    1    1    1    1    1  0.00000E+00 0.00000 
   93   93    1    1    1    1    1    1    1    1  0.00000E+00 0.00000 
   94   94    1    1    1    1    1    1    1    1  0.00000E+00 0.00000 
   95   95    1    1    1    1    1    1    1    1  0.00000E+00 0.00000 
   96   96    1    1    1    1    1    1    1    1  0.00000E+00 0.00000 
   97   97    1    1    1    1    1    1    1    1  0.00000E+00 0.00000 
   98   98    1    1    1    1    1    1    1    1  0.00000E+00 0.00000 
   99   99    1    1    1    1    1    1    1    1  0.00000E+00 0.00000 
  100  100    1    1    1    1    1    1    1    1  0.00000E+00 0.00000 
];


