
DETdpaspec = [
    1    1    1    1    1    1    1    1    1    1  0.00000E+00 0.00000 
    2    2    1    1    1    1    1    1    1    1  0.00000E+00 0.00000 
    3    3    1    1    1    1    1    1    1    1  0.00000E+00 0.00000 
    4    4    1    1    1    1    1    1    1    1  0.00000E+00 0.00000 
    5    5    1    1    1    1    1    1    1    1  0.00000E+00 0.00000 
    6    6    1    1    1    1    1    1    1    1  0.00000E+00 0.00000 
    7    7    1    1    1    1    1    1    1    1  0.00000E+00 0.00000 
    8    8    1    1    1    1    1    1    1    1  0.00000E+00 0.00000 
    9    9    1    1    1    1    1    1    1    1  0.00000E+00 0.00000 
   10   10    1    1    1    1    1    1    1    1  0.00000E+00 0.00000 
   11   11    1    1    1    1    1    1    1    1  0.00000E+00 0.00000 
   12   12    1    1    1    1    1    1    1    1  0.00000E+00 0.00000 
   13   13    1    1    1    1    1    1    1    1  0.00000E+00 0.00000 
   14   14    1    1    1    1    1    1    1    1  0.00000E+00 0.00000 
   15   15    1    1    1    1    1    1    1    1  0.00000E+00 0.00000 
   16   16    1    1    1    1    1    1    1    1  0.00000E+00 0.00000 
   17   17    1    1    1    1    1    1    1    1  0.00000E+00 0.00000 
   18   18    1    1    1    1    1    1    1    1  0.00000E+00 0.00000 
   19   19    1    1    1    1    1    1    1    1  1.15113E+09 0.11956 
   20   20    1    1    1    1    1    1    1    1  1.29478E+08 0.09909 
   21   21    1    1    1    1    1    1    1    1  5.39566E+08 0.10121 
   22   22    1    1    1    1    1    1    1    1  3.93803E+08 0.07555 
   23   23    1    1    1    1    1    1    1    1  8.62381E+08 0.06436 
   24   24    1    1    1    1    1    1    1    1  1.74230E+09 0.03627 
   25   25    1    1    1    1    1    1    1    1  3.74219E+09 0.02182 
   26   26    1    1    1    1    1    1    1    1  5.84598E+09 0.01999 
   27   27    1    1    1    1    1    1    1    1  1.26497E+10 0.01705 
   28   28    1    1    1    1    1    1    1    1  3.03684E+10 0.01276 
   29   29    1    1    1    1    1    1    1    1  7.76279E+10 0.00760 
   30   30    1    1    1    1    1    1    1    1  1.43902E+11 0.00473 
   31   31    1    1    1    1    1    1    1    1  3.44040E+11 0.00348 
   32   32    1    1    1    1    1    1    1    1  9.19742E+11 0.00197 
   33   33    1    1    1    1    1    1    1    1  1.54401E+12 0.00136 
   34   34    1    1    1    1    1    1    1    1  3.46918E+12 0.00126 
   35   35    1    1    1    1    1    1    1    1  4.65624E+12 0.00092 
   36   36    1    1    1    1    1    1    1    1  5.18864E+12 0.00075 
   37   37    1    1    1    1    1    1    1    1  3.23090E+12 0.00092 
   38   38    1    1    1    1    1    1    1    1  9.56921E+11 0.00089 
   39   39    1    1    1    1    1    1    1    1  5.50759E+12 0.00073 
   40   40    1    1    1    1    1    1    1    1  7.39258E+12 0.00055 
   41   41    1    1    1    1    1    1    1    1  1.26529E+13 0.00039 
   42   42    1    1    1    1    1    1    1    1  1.23892E+13 0.00035 
   43   43    1    1    1    1    1    1    1    1  2.68680E+13 0.00034 
   44   44    1    1    1    1    1    1    1    1  3.24062E+13 0.00028 
   45   45    1    1    1    1    1    1    1    1  4.65628E+13 0.00028 
   46   46    1    1    1    1    1    1    1    1  9.20409E+13 0.00021 
   47   47    1    1    1    1    1    1    1    1  4.12513E+13 0.00027 
   48   48    1    1    1    1    1    1    1    1  6.57728E+13 0.00027 
   49   49    1    1    1    1    1    1    1    1  9.03579E+13 0.00021 
   50   50    1    1    1    1    1    1    1    1  8.81796E+13 0.00022 
   51   51    1    1    1    1    1    1    1    1  1.36681E+14 0.00011 
   52   52    1    1    1    1    1    1    1    1  1.05515E+14 0.00012 
   53   53    1    1    1    1    1    1    1    1  1.26225E+14 0.00015 
   54   54    1    1    1    1    1    1    1    1  8.60044E+13 0.00016 
   55   55    1    1    1    1    1    1    1    1  1.05930E+14 0.00020 
   56   56    1    1    1    1    1    1    1    1  7.19309E+13 0.00018 
   57   57    1    1    1    1    1    1    1    1  9.68252E+12 0.00027 
   58   58    1    1    1    1    1    1    1    1  1.41517E+14 0.00016 
   59   59    1    1    1    1    1    1    1    1  6.38343E+13 0.00023 
   60   60    1    1    1    1    1    1    1    1  6.67311E+13 0.00017 
   61   61    1    1    1    1    1    1    1    1  5.21933E+13 0.00017 
   62   62    1    1    1    1    1    1    1    1  5.19825E+13 0.00022 
   63   63    1    1    1    1    1    1    1    1  5.40621E+13 0.00024 
   64   64    1    1    1    1    1    1    1    1  4.52563E+13 0.00023 
   65   65    1    1    1    1    1    1    1    1  3.56766E+13 0.00029 
   66   66    1    1    1    1    1    1    1    1  3.51538E+13 0.00031 
   67   67    1    1    1    1    1    1    1    1  2.50513E+13 0.00029 
   68   68    1    1    1    1    1    1    1    1  2.02153E+13 0.00041 
   69   69    1    1    1    1    1    1    1    1  1.80471E+13 0.00037 
   70   70    1    1    1    1    1    1    1    1  2.15623E+13 0.00031 
   71   71    1    1    1    1    1    1    1    1  1.81865E+13 0.00036 
   72   72    1    1    1    1    1    1    1    1  3.22499E+13 0.00037 
   73   73    1    1    1    1    1    1    1    1  2.25253E+13 0.00044 
   74   74    1    1    1    1    1    1    1    1  1.68591E+13 0.00042 
   75   75    1    1    1    1    1    1    1    1  1.36464E+13 0.00045 
   76   76    1    1    1    1    1    1    1    1  1.14288E+13 0.00080 
   77   77    1    1    1    1    1    1    1    1  1.33491E+13 0.00043 
   78   78    1    1    1    1    1    1    1    1  1.06571E+13 0.00036 
   79   79    1    1    1    1    1    1    1    1  8.55799E+12 0.00052 
   80   80    1    1    1    1    1    1    1    1  8.88829E+12 0.00043 
   81   81    1    1    1    1    1    1    1    1  6.60608E+12 0.00071 
   82   82    1    1    1    1    1    1    1    1  5.10434E+12 0.00088 
   83   83    1    1    1    1    1    1    1    1  3.92288E+12 0.00101 
   84   84    1    1    1    1    1    1    1    1  3.66560E+12 0.00074 
   85   85    1    1    1    1    1    1    1    1  2.64428E+12 0.00156 
   86   86    1    1    1    1    1    1    1    1  1.90813E+12 0.00134 
   87   87    1    1    1    1    1    1    1    1  1.78840E+12 0.00154 
   88   88    1    1    1    1    1    1    1    1  1.09541E+12 0.00164 
   89   89    1    1    1    1    1    1    1    1  7.37546E+11 0.00225 
   90   90    1    1    1    1    1    1    1    1  4.23952E+11 0.00269 
   91   91    1    1    1    1    1    1    1    1  5.32835E+11 0.00236 
   92   92    1    1    1    1    1    1    1    1  0.00000E+00 0.00000 
   93   93    1    1    1    1    1    1    1    1  0.00000E+00 0.00000 
   94   94    1    1    1    1    1    1    1    1  0.00000E+00 0.00000 
   95   95    1    1    1    1    1    1    1    1  0.00000E+00 0.00000 
   96   96    1    1    1    1    1    1    1    1  0.00000E+00 0.00000 
   97   97    1    1    1    1    1    1    1    1  0.00000E+00 0.00000 
   98   98    1    1    1    1    1    1    1    1  0.00000E+00 0.00000 
   99   99    1    1    1    1    1    1    1    1  0.00000E+00 0.00000 
  100  100    1    1    1    1    1    1    1    1  0.00000E+00 0.00000 
];


