
DETdpaspec = [
    1    1    1    1    1    1    1    1    1    1  0.00000E+00 0.00000 
    2    2    1    1    1    1    1    1    1    1  0.00000E+00 0.00000 
    3    3    1    1    1    1    1    1    1    1  0.00000E+00 0.00000 
    4    4    1    1    1    1    1    1    1    1  0.00000E+00 0.00000 
    5    5    1    1    1    1    1    1    1    1  0.00000E+00 0.00000 
    6    6    1    1    1    1    1    1    1    1  0.00000E+00 0.00000 
    7    7    1    1    1    1    1    1    1    1  0.00000E+00 0.00000 
    8    8    1    1    1    1    1    1    1    1  0.00000E+00 0.00000 
    9    9    1    1    1    1    1    1    1    1  0.00000E+00 0.00000 
   10   10    1    1    1    1    1    1    1    1  0.00000E+00 0.00000 
   11   11    1    1    1    1    1    1    1    1  0.00000E+00 0.00000 
   12   12    1    1    1    1    1    1    1    1  0.00000E+00 0.00000 
   13   13    1    1    1    1    1    1    1    1  0.00000E+00 0.00000 
   14   14    1    1    1    1    1    1    1    1  0.00000E+00 0.00000 
   15   15    1    1    1    1    1    1    1    1  0.00000E+00 0.00000 
   16   16    1    1    1    1    1    1    1    1  0.00000E+00 0.00000 
   17   17    1    1    1    1    1    1    1    1  0.00000E+00 0.00000 
   18   18    1    1    1    1    1    1    1    1  0.00000E+00 0.00000 
   19   19    1    1    1    1    1    1    1    1  2.48966E+09 0.02730 
   20   20    1    1    1    1    1    1    1    1  4.93913E+08 0.03953 
   21   21    1    1    1    1    1    1    1    1  1.86443E+09 0.03884 
   22   22    1    1    1    1    1    1    1    1  1.40663E+09 0.02836 
   23   23    1    1    1    1    1    1    1    1  4.10398E+09 0.02277 
   24   24    1    1    1    1    1    1    1    1  5.12689E+09 0.01460 
   25   25    1    1    1    1    1    1    1    1  7.92600E+09 0.01542 
   26   26    1    1    1    1    1    1    1    1  9.76827E+09 0.01122 
   27   27    1    1    1    1    1    1    1    1  1.56030E+10 0.00971 
   28   28    1    1    1    1    1    1    1    1  2.87375E+10 0.00715 
   29   29    1    1    1    1    1    1    1    1  4.76565E+10 0.00856 
   30   30    1    1    1    1    1    1    1    1  6.35489E+10 0.00673 
   31   31    1    1    1    1    1    1    1    1  2.08503E+11 0.00444 
   32   32    1    1    1    1    1    1    1    1  6.25464E+11 0.00257 
   33   33    1    1    1    1    1    1    1    1  1.15558E+12 0.00195 
   34   34    1    1    1    1    1    1    1    1  2.46207E+12 0.00110 
   35   35    1    1    1    1    1    1    1    1  3.18568E+12 0.00084 
   36   36    1    1    1    1    1    1    1    1  4.70062E+12 0.00049 
   37   37    1    1    1    1    1    1    1    1  3.30253E+12 0.00035 
   38   38    1    1    1    1    1    1    1    1  1.05918E+12 0.00033 
   39   39    1    1    1    1    1    1    1    1  5.62129E+12 0.00052 
   40   40    1    1    1    1    1    1    1    1  7.48869E+12 0.00047 
   41   41    1    1    1    1    1    1    1    1  1.23027E+13 0.00037 
   42   42    1    1    1    1    1    1    1    1  1.29669E+13 0.00041 
   43   43    1    1    1    1    1    1    1    1  2.62109E+13 0.00026 
   44   44    1    1    1    1    1    1    1    1  3.12702E+13 0.00036 
   45   45    1    1    1    1    1    1    1    1  4.44372E+13 0.00026 
   46   46    1    1    1    1    1    1    1    1  8.42987E+13 0.00019 
   47   47    1    1    1    1    1    1    1    1  3.99687E+13 0.00020 
   48   48    1    1    1    1    1    1    1    1  6.52033E+13 0.00017 
   49   49    1    1    1    1    1    1    1    1  9.01596E+13 0.00016 
   50   50    1    1    1    1    1    1    1    1  8.99001E+13 0.00013 
   51   51    1    1    1    1    1    1    1    1  1.35935E+14 0.00016 
   52   52    1    1    1    1    1    1    1    1  1.11472E+14 0.00014 
   53   53    1    1    1    1    1    1    1    1  1.27170E+14 0.00016 
   54   54    1    1    1    1    1    1    1    1  8.94899E+13 0.00020 
   55   55    1    1    1    1    1    1    1    1  1.05203E+14 0.00015 
   56   56    1    1    1    1    1    1    1    1  7.33052E+13 0.00015 
   57   57    1    1    1    1    1    1    1    1  1.01092E+13 0.00035 
   58   58    1    1    1    1    1    1    1    1  1.45965E+14 0.00016 
   59   59    1    1    1    1    1    1    1    1  6.20494E+13 0.00017 
   60   60    1    1    1    1    1    1    1    1  6.67554E+13 0.00015 
   61   61    1    1    1    1    1    1    1    1  5.02724E+13 0.00017 
   62   62    1    1    1    1    1    1    1    1  5.09265E+13 0.00020 
   63   63    1    1    1    1    1    1    1    1  5.26188E+13 0.00019 
   64   64    1    1    1    1    1    1    1    1  4.38264E+13 0.00022 
   65   65    1    1    1    1    1    1    1    1  3.49630E+13 0.00029 
   66   66    1    1    1    1    1    1    1    1  3.46056E+13 0.00036 
   67   67    1    1    1    1    1    1    1    1  2.49669E+13 0.00039 
   68   68    1    1    1    1    1    1    1    1  2.05624E+13 0.00032 
   69   69    1    1    1    1    1    1    1    1  1.85574E+13 0.00036 
   70   70    1    1    1    1    1    1    1    1  2.22981E+13 0.00035 
   71   71    1    1    1    1    1    1    1    1  1.90654E+13 0.00046 
   72   72    1    1    1    1    1    1    1    1  3.57758E+13 0.00036 
   73   73    1    1    1    1    1    1    1    1  2.55026E+13 0.00040 
   74   74    1    1    1    1    1    1    1    1  1.90674E+13 0.00042 
   75   75    1    1    1    1    1    1    1    1  1.49090E+13 0.00058 
   76   76    1    1    1    1    1    1    1    1  1.20180E+13 0.00057 
   77   77    1    1    1    1    1    1    1    1  1.35572E+13 0.00031 
   78   78    1    1    1    1    1    1    1    1  1.04044E+13 0.00045 
   79   79    1    1    1    1    1    1    1    1  8.10491E+12 0.00058 
   80   80    1    1    1    1    1    1    1    1  8.22878E+12 0.00042 
   81   81    1    1    1    1    1    1    1    1  6.02872E+12 0.00044 
   82   82    1    1    1    1    1    1    1    1  4.60372E+12 0.00076 
   83   83    1    1    1    1    1    1    1    1  3.51661E+12 0.00096 
   84   84    1    1    1    1    1    1    1    1  3.28482E+12 0.00072 
   85   85    1    1    1    1    1    1    1    1  2.35624E+12 0.00109 
   86   86    1    1    1    1    1    1    1    1  1.69193E+12 0.00135 
   87   87    1    1    1    1    1    1    1    1  1.58146E+12 0.00133 
   88   88    1    1    1    1    1    1    1    1  9.80823E+11 0.00181 
   89   89    1    1    1    1    1    1    1    1  6.69000E+11 0.00232 
   90   90    1    1    1    1    1    1    1    1  3.85692E+11 0.00233 
   91   91    1    1    1    1    1    1    1    1  4.98942E+11 0.00219 
   92   92    1    1    1    1    1    1    1    1  0.00000E+00 0.00000 
   93   93    1    1    1    1    1    1    1    1  0.00000E+00 0.00000 
   94   94    1    1    1    1    1    1    1    1  0.00000E+00 0.00000 
   95   95    1    1    1    1    1    1    1    1  0.00000E+00 0.00000 
   96   96    1    1    1    1    1    1    1    1  0.00000E+00 0.00000 
   97   97    1    1    1    1    1    1    1    1  0.00000E+00 0.00000 
   98   98    1    1    1    1    1    1    1    1  0.00000E+00 0.00000 
   99   99    1    1    1    1    1    1    1    1  0.00000E+00 0.00000 
  100  100    1    1    1    1    1    1    1    1  0.00000E+00 0.00000 
];


