
DETdpaspec = [
    1    1    1    1    1    1    1    1    1    1  0.00000E+00 0.00000 
    2    2    1    1    1    1    1    1    1    1  0.00000E+00 0.00000 
    3    3    1    1    1    1    1    1    1    1  0.00000E+00 0.00000 
    4    4    1    1    1    1    1    1    1    1  0.00000E+00 0.00000 
    5    5    1    1    1    1    1    1    1    1  0.00000E+00 0.00000 
    6    6    1    1    1    1    1    1    1    1  0.00000E+00 0.00000 
    7    7    1    1    1    1    1    1    1    1  0.00000E+00 0.00000 
    8    8    1    1    1    1    1    1    1    1  0.00000E+00 0.00000 
    9    9    1    1    1    1    1    1    1    1  0.00000E+00 0.00000 
   10   10    1    1    1    1    1    1    1    1  0.00000E+00 0.00000 
   11   11    1    1    1    1    1    1    1    1  0.00000E+00 0.00000 
   12   12    1    1    1    1    1    1    1    1  0.00000E+00 0.00000 
   13   13    1    1    1    1    1    1    1    1  0.00000E+00 0.00000 
   14   14    1    1    1    1    1    1    1    1  0.00000E+00 0.00000 
   15   15    1    1    1    1    1    1    1    1  0.00000E+00 0.00000 
   16   16    1    1    1    1    1    1    1    1  0.00000E+00 0.00000 
   17   17    1    1    1    1    1    1    1    1  0.00000E+00 0.00000 
   18   18    1    1    1    1    1    1    1    1  0.00000E+00 0.00000 
   19   19    1    1    1    1    1    1    1    1  2.65282E+09 0.02428 
   20   20    1    1    1    1    1    1    1    1  6.27698E+08 0.04955 
   21   21    1    1    1    1    1    1    1    1  2.05237E+09 0.03242 
   22   22    1    1    1    1    1    1    1    1  1.57398E+09 0.01800 
   23   23    1    1    1    1    1    1    1    1  4.54038E+09 0.02035 
   24   24    1    1    1    1    1    1    1    1  5.69024E+09 0.01611 
   25   25    1    1    1    1    1    1    1    1  8.84914E+09 0.01273 
   26   26    1    1    1    1    1    1    1    1  1.11200E+10 0.01185 
   27   27    1    1    1    1    1    1    1    1  1.76389E+10 0.01136 
   28   28    1    1    1    1    1    1    1    1  3.28397E+10 0.00703 
   29   29    1    1    1    1    1    1    1    1  5.32030E+10 0.00617 
   30   30    1    1    1    1    1    1    1    1  7.04636E+10 0.00426 
   31   31    1    1    1    1    1    1    1    1  2.35113E+11 0.00331 
   32   32    1    1    1    1    1    1    1    1  6.89104E+11 0.00178 
   33   33    1    1    1    1    1    1    1    1  1.25233E+12 0.00133 
   34   34    1    1    1    1    1    1    1    1  2.62169E+12 0.00066 
   35   35    1    1    1    1    1    1    1    1  3.34624E+12 0.00084 
   36   36    1    1    1    1    1    1    1    1  4.96058E+12 0.00074 
   37   37    1    1    1    1    1    1    1    1  3.47919E+12 0.00066 
   38   38    1    1    1    1    1    1    1    1  1.12017E+12 0.00056 
   39   39    1    1    1    1    1    1    1    1  5.89442E+12 0.00052 
   40   40    1    1    1    1    1    1    1    1  7.82814E+12 0.00064 
   41   41    1    1    1    1    1    1    1    1  1.27444E+13 0.00043 
   42   42    1    1    1    1    1    1    1    1  1.34481E+13 0.00042 
   43   43    1    1    1    1    1    1    1    1  2.69346E+13 0.00038 
   44   44    1    1    1    1    1    1    1    1  3.19996E+13 0.00036 
   45   45    1    1    1    1    1    1    1    1  4.52423E+13 0.00032 
   46   46    1    1    1    1    1    1    1    1  8.50436E+13 0.00023 
   47   47    1    1    1    1    1    1    1    1  4.03420E+13 0.00021 
   48   48    1    1    1    1    1    1    1    1  6.58043E+13 0.00016 
   49   49    1    1    1    1    1    1    1    1  9.07354E+13 0.00015 
   50   50    1    1    1    1    1    1    1    1  9.04155E+13 0.00015 
   51   51    1    1    1    1    1    1    1    1  1.36183E+14 0.00013 
   52   52    1    1    1    1    1    1    1    1  1.11942E+14 0.00016 
   53   53    1    1    1    1    1    1    1    1  1.27054E+14 0.00011 
   54   54    1    1    1    1    1    1    1    1  8.95162E+13 0.00009 
   55   55    1    1    1    1    1    1    1    1  1.04769E+14 0.00012 
   56   56    1    1    1    1    1    1    1    1  7.31270E+13 0.00016 
   57   57    1    1    1    1    1    1    1    1  1.01027E+13 0.00031 
   58   58    1    1    1    1    1    1    1    1  1.45625E+14 0.00014 
   59   59    1    1    1    1    1    1    1    1  6.15863E+13 0.00020 
   60   60    1    1    1    1    1    1    1    1  6.63198E+13 0.00021 
   61   61    1    1    1    1    1    1    1    1  4.98020E+13 0.00023 
   62   62    1    1    1    1    1    1    1    1  5.04784E+13 0.00025 
   63   63    1    1    1    1    1    1    1    1  5.20865E+13 0.00015 
   64   64    1    1    1    1    1    1    1    1  4.33376E+13 0.00019 
   65   65    1    1    1    1    1    1    1    1  3.45567E+13 0.00030 
   66   66    1    1    1    1    1    1    1    1  3.41826E+13 0.00025 
   67   67    1    1    1    1    1    1    1    1  2.46737E+13 0.00030 
   68   68    1    1    1    1    1    1    1    1  2.03366E+13 0.00030 
   69   69    1    1    1    1    1    1    1    1  1.83599E+13 0.00035 
   70   70    1    1    1    1    1    1    1    1  2.20508E+13 0.00033 
   71   71    1    1    1    1    1    1    1    1  1.88596E+13 0.00047 
   72   72    1    1    1    1    1    1    1    1  3.55309E+13 0.00034 
   73   73    1    1    1    1    1    1    1    1  2.53403E+13 0.00045 
   74   74    1    1    1    1    1    1    1    1  1.89059E+13 0.00051 
   75   75    1    1    1    1    1    1    1    1  1.47319E+13 0.00040 
   76   76    1    1    1    1    1    1    1    1  1.18448E+13 0.00042 
   77   77    1    1    1    1    1    1    1    1  1.33285E+13 0.00041 
   78   78    1    1    1    1    1    1    1    1  1.01850E+13 0.00045 
   79   79    1    1    1    1    1    1    1    1  7.91872E+12 0.00071 
   80   80    1    1    1    1    1    1    1    1  8.01480E+12 0.00059 
   81   81    1    1    1    1    1    1    1    1  5.86987E+12 0.00068 
   82   82    1    1    1    1    1    1    1    1  4.47161E+12 0.00080 
   83   83    1    1    1    1    1    1    1    1  3.42607E+12 0.00113 
   84   84    1    1    1    1    1    1    1    1  3.19742E+12 0.00076 
   85   85    1    1    1    1    1    1    1    1  2.28871E+12 0.00128 
   86   86    1    1    1    1    1    1    1    1  1.64375E+12 0.00111 
   87   87    1    1    1    1    1    1    1    1  1.53907E+12 0.00113 
   88   88    1    1    1    1    1    1    1    1  9.50693E+11 0.00160 
   89   89    1    1    1    1    1    1    1    1  6.49320E+11 0.00180 
   90   90    1    1    1    1    1    1    1    1  3.78444E+11 0.00300 
   91   91    1    1    1    1    1    1    1    1  4.86553E+11 0.00182 
   92   92    1    1    1    1    1    1    1    1  0.00000E+00 0.00000 
   93   93    1    1    1    1    1    1    1    1  0.00000E+00 0.00000 
   94   94    1    1    1    1    1    1    1    1  0.00000E+00 0.00000 
   95   95    1    1    1    1    1    1    1    1  0.00000E+00 0.00000 
   96   96    1    1    1    1    1    1    1    1  0.00000E+00 0.00000 
   97   97    1    1    1    1    1    1    1    1  0.00000E+00 0.00000 
   98   98    1    1    1    1    1    1    1    1  0.00000E+00 0.00000 
   99   99    1    1    1    1    1    1    1    1  0.00000E+00 0.00000 
  100  100    1    1    1    1    1    1    1    1  0.00000E+00 0.00000 
];


