
DETdpaspec = [
    1    1    1    1    1    1    1    1    1    1  0.00000E+00 0.00000 
    2    2    1    1    1    1    1    1    1    1  0.00000E+00 0.00000 
    3    3    1    1    1    1    1    1    1    1  0.00000E+00 0.00000 
    4    4    1    1    1    1    1    1    1    1  0.00000E+00 0.00000 
    5    5    1    1    1    1    1    1    1    1  0.00000E+00 0.00000 
    6    6    1    1    1    1    1    1    1    1  0.00000E+00 0.00000 
    7    7    1    1    1    1    1    1    1    1  0.00000E+00 0.00000 
    8    8    1    1    1    1    1    1    1    1  0.00000E+00 0.00000 
    9    9    1    1    1    1    1    1    1    1  0.00000E+00 0.00000 
   10   10    1    1    1    1    1    1    1    1  0.00000E+00 0.00000 
   11   11    1    1    1    1    1    1    1    1  0.00000E+00 0.00000 
   12   12    1    1    1    1    1    1    1    1  0.00000E+00 0.00000 
   13   13    1    1    1    1    1    1    1    1  0.00000E+00 0.00000 
   14   14    1    1    1    1    1    1    1    1  0.00000E+00 0.00000 
   15   15    1    1    1    1    1    1    1    1  0.00000E+00 0.00000 
   16   16    1    1    1    1    1    1    1    1  0.00000E+00 0.00000 
   17   17    1    1    1    1    1    1    1    1  0.00000E+00 0.00000 
   18   18    1    1    1    1    1    1    1    1  0.00000E+00 0.00000 
   19   19    1    1    1    1    1    1    1    1  1.52200E+09 0.05441 
   20   20    1    1    1    1    1    1    1    1  1.97269E+08 0.07974 
   21   21    1    1    1    1    1    1    1    1  8.14691E+08 0.05316 
   22   22    1    1    1    1    1    1    1    1  5.75306E+08 0.05656 
   23   23    1    1    1    1    1    1    1    1  1.22789E+09 0.03359 
   24   24    1    1    1    1    1    1    1    1  1.92795E+09 0.03388 
   25   25    1    1    1    1    1    1    1    1  3.24859E+09 0.03044 
   26   26    1    1    1    1    1    1    1    1  4.30653E+09 0.02206 
   27   27    1    1    1    1    1    1    1    1  7.08589E+09 0.02195 
   28   28    1    1    1    1    1    1    1    1  1.31890E+10 0.01080 
   29   29    1    1    1    1    1    1    1    1  3.04339E+10 0.00920 
   30   30    1    1    1    1    1    1    1    1  5.26552E+10 0.00524 
   31   31    1    1    1    1    1    1    1    1  1.49871E+11 0.00483 
   32   32    1    1    1    1    1    1    1    1  4.72856E+11 0.00253 
   33   33    1    1    1    1    1    1    1    1  8.91258E+11 0.00174 
   34   34    1    1    1    1    1    1    1    1  2.15909E+12 0.00119 
   35   35    1    1    1    1    1    1    1    1  3.05910E+12 0.00130 
   36   36    1    1    1    1    1    1    1    1  3.89678E+12 0.00088 
   37   37    1    1    1    1    1    1    1    1  2.60386E+12 0.00087 
   38   38    1    1    1    1    1    1    1    1  7.92707E+11 0.00069 
   39   39    1    1    1    1    1    1    1    1  4.50406E+12 0.00075 
   40   40    1    1    1    1    1    1    1    1  6.11034E+12 0.00069 
   41   41    1    1    1    1    1    1    1    1  1.05428E+13 0.00066 
   42   42    1    1    1    1    1    1    1    1  1.06697E+13 0.00060 
   43   43    1    1    1    1    1    1    1    1  2.31030E+13 0.00049 
   44   44    1    1    1    1    1    1    1    1  2.82237E+13 0.00046 
   45   45    1    1    1    1    1    1    1    1  4.12215E+13 0.00028 
   46   46    1    1    1    1    1    1    1    1  8.27882E+13 0.00020 
   47   47    1    1    1    1    1    1    1    1  3.83501E+13 0.00027 
   48   48    1    1    1    1    1    1    1    1  6.20468E+13 0.00020 
   49   49    1    1    1    1    1    1    1    1  8.65467E+13 0.00021 
   50   50    1    1    1    1    1    1    1    1  8.58054E+13 0.00017 
   51   51    1    1    1    1    1    1    1    1  1.33798E+14 0.00015 
   52   52    1    1    1    1    1    1    1    1  1.06122E+14 0.00014 
   53   53    1    1    1    1    1    1    1    1  1.26581E+14 0.00014 
   54   54    1    1    1    1    1    1    1    1  8.76677E+13 0.00019 
   55   55    1    1    1    1    1    1    1    1  1.07367E+14 0.00022 
   56   56    1    1    1    1    1    1    1    1  7.36380E+13 0.00017 
   57   57    1    1    1    1    1    1    1    1  9.98744E+12 0.00030 
   58   58    1    1    1    1    1    1    1    1  1.46210E+14 0.00013 
   59   59    1    1    1    1    1    1    1    1  6.53441E+13 0.00018 
   60   60    1    1    1    1    1    1    1    1  6.90960E+13 0.00020 
   61   61    1    1    1    1    1    1    1    1  5.37461E+13 0.00017 
   62   62    1    1    1    1    1    1    1    1  5.38621E+13 0.00016 
   63   63    1    1    1    1    1    1    1    1  5.61617E+13 0.00022 
   64   64    1    1    1    1    1    1    1    1  4.72154E+13 0.00023 
   65   65    1    1    1    1    1    1    1    1  3.74682E+13 0.00031 
   66   66    1    1    1    1    1    1    1    1  3.71071E+13 0.00021 
   67   67    1    1    1    1    1    1    1    1  2.66261E+13 0.00041 
   68   68    1    1    1    1    1    1    1    1  2.16542E+13 0.00036 
   69   69    1    1    1    1    1    1    1    1  1.94239E+13 0.00038 
   70   70    1    1    1    1    1    1    1    1  2.32913E+13 0.00048 
   71   71    1    1    1    1    1    1    1    1  1.97793E+13 0.00050 
   72   72    1    1    1    1    1    1    1    1  3.57907E+13 0.00036 
   73   73    1    1    1    1    1    1    1    1  2.52150E+13 0.00036 
   74   74    1    1    1    1    1    1    1    1  1.89472E+13 0.00044 
   75   75    1    1    1    1    1    1    1    1  1.52513E+13 0.00045 
   76   76    1    1    1    1    1    1    1    1  1.26769E+13 0.00049 
   77   77    1    1    1    1    1    1    1    1  1.46996E+13 0.00049 
   78   78    1    1    1    1    1    1    1    1  1.16460E+13 0.00055 
   79   79    1    1    1    1    1    1    1    1  9.30662E+12 0.00052 
   80   80    1    1    1    1    1    1    1    1  9.60522E+12 0.00054 
   81   81    1    1    1    1    1    1    1    1  7.12001E+12 0.00066 
   82   82    1    1    1    1    1    1    1    1  5.49924E+12 0.00112 
   83   83    1    1    1    1    1    1    1    1  4.22444E+12 0.00097 
   84   84    1    1    1    1    1    1    1    1  3.95559E+12 0.00102 
   85   85    1    1    1    1    1    1    1    1  2.84651E+12 0.00100 
   86   86    1    1    1    1    1    1    1    1  2.05577E+12 0.00180 
   87   87    1    1    1    1    1    1    1    1  1.93176E+12 0.00162 
   88   88    1    1    1    1    1    1    1    1  1.18457E+12 0.00202 
   89   89    1    1    1    1    1    1    1    1  7.96669E+11 0.00249 
   90   90    1    1    1    1    1    1    1    1  4.61271E+11 0.00242 
   91   91    1    1    1    1    1    1    1    1  5.84351E+11 0.00199 
   92   92    1    1    1    1    1    1    1    1  0.00000E+00 0.00000 
   93   93    1    1    1    1    1    1    1    1  0.00000E+00 0.00000 
   94   94    1    1    1    1    1    1    1    1  0.00000E+00 0.00000 
   95   95    1    1    1    1    1    1    1    1  0.00000E+00 0.00000 
   96   96    1    1    1    1    1    1    1    1  0.00000E+00 0.00000 
   97   97    1    1    1    1    1    1    1    1  0.00000E+00 0.00000 
   98   98    1    1    1    1    1    1    1    1  0.00000E+00 0.00000 
   99   99    1    1    1    1    1    1    1    1  0.00000E+00 0.00000 
  100  100    1    1    1    1    1    1    1    1  0.00000E+00 0.00000 
];


