
DETdpaspec = [
    1    1    1    1    1    1    1    1    1    1  0.00000E+00 0.00000 
    2    2    1    1    1    1    1    1    1    1  0.00000E+00 0.00000 
    3    3    1    1    1    1    1    1    1    1  0.00000E+00 0.00000 
    4    4    1    1    1    1    1    1    1    1  0.00000E+00 0.00000 
    5    5    1    1    1    1    1    1    1    1  0.00000E+00 0.00000 
    6    6    1    1    1    1    1    1    1    1  0.00000E+00 0.00000 
    7    7    1    1    1    1    1    1    1    1  0.00000E+00 0.00000 
    8    8    1    1    1    1    1    1    1    1  0.00000E+00 0.00000 
    9    9    1    1    1    1    1    1    1    1  0.00000E+00 0.00000 
   10   10    1    1    1    1    1    1    1    1  0.00000E+00 0.00000 
   11   11    1    1    1    1    1    1    1    1  0.00000E+00 0.00000 
   12   12    1    1    1    1    1    1    1    1  0.00000E+00 0.00000 
   13   13    1    1    1    1    1    1    1    1  0.00000E+00 0.00000 
   14   14    1    1    1    1    1    1    1    1  0.00000E+00 0.00000 
   15   15    1    1    1    1    1    1    1    1  0.00000E+00 0.00000 
   16   16    1    1    1    1    1    1    1    1  0.00000E+00 0.00000 
   17   17    1    1    1    1    1    1    1    1  0.00000E+00 0.00000 
   18   18    1    1    1    1    1    1    1    1  0.00000E+00 0.00000 
   19   19    1    1    1    1    1    1    1    1  1.62146E+09 0.05841 
   20   20    1    1    1    1    1    1    1    1  2.01509E+08 0.11036 
   21   21    1    1    1    1    1    1    1    1  8.29271E+08 0.07220 
   22   22    1    1    1    1    1    1    1    1  6.18885E+08 0.07660 
   23   23    1    1    1    1    1    1    1    1  1.43578E+09 0.03251 
   24   24    1    1    1    1    1    1    1    1  2.15234E+09 0.02788 
   25   25    1    1    1    1    1    1    1    1  3.48605E+09 0.01949 
   26   26    1    1    1    1    1    1    1    1  4.42519E+09 0.02111 
   27   27    1    1    1    1    1    1    1    1  7.08787E+09 0.01732 
   28   28    1    1    1    1    1    1    1    1  1.29890E+10 0.01313 
   29   29    1    1    1    1    1    1    1    1  2.87941E+10 0.00995 
   30   30    1    1    1    1    1    1    1    1  4.79499E+10 0.00822 
   31   31    1    1    1    1    1    1    1    1  1.38988E+11 0.00595 
   32   32    1    1    1    1    1    1    1    1  4.45352E+11 0.00379 
   33   33    1    1    1    1    1    1    1    1  8.50470E+11 0.00210 
   34   34    1    1    1    1    1    1    1    1  2.05493E+12 0.00132 
   35   35    1    1    1    1    1    1    1    1  2.91113E+12 0.00088 
   36   36    1    1    1    1    1    1    1    1  3.80524E+12 0.00091 
   37   37    1    1    1    1    1    1    1    1  2.57041E+12 0.00069 
   38   38    1    1    1    1    1    1    1    1  7.88158E+11 0.00069 
   39   39    1    1    1    1    1    1    1    1  4.45628E+12 0.00067 
   40   40    1    1    1    1    1    1    1    1  6.04482E+12 0.00054 
   41   41    1    1    1    1    1    1    1    1  1.04207E+13 0.00056 
   42   42    1    1    1    1    1    1    1    1  1.06111E+13 0.00042 
   43   43    1    1    1    1    1    1    1    1  2.28901E+13 0.00045 
   44   44    1    1    1    1    1    1    1    1  2.79838E+13 0.00033 
   45   45    1    1    1    1    1    1    1    1  4.08602E+13 0.00033 
   46   46    1    1    1    1    1    1    1    1  8.19676E+13 0.00034 
   47   47    1    1    1    1    1    1    1    1  3.81709E+13 0.00023 
   48   48    1    1    1    1    1    1    1    1  6.18972E+13 0.00022 
   49   49    1    1    1    1    1    1    1    1  8.64497E+13 0.00017 
   50   50    1    1    1    1    1    1    1    1  8.58458E+13 0.00018 
   51   51    1    1    1    1    1    1    1    1  1.33629E+14 0.00020 
   52   52    1    1    1    1    1    1    1    1  1.06545E+14 0.00020 
   53   53    1    1    1    1    1    1    1    1  1.26692E+14 0.00016 
   54   54    1    1    1    1    1    1    1    1  8.79376E+13 0.00013 
   55   55    1    1    1    1    1    1    1    1  1.07412E+14 0.00023 
   56   56    1    1    1    1    1    1    1    1  7.37927E+13 0.00024 
   57   57    1    1    1    1    1    1    1    1  1.00246E+13 0.00030 
   58   58    1    1    1    1    1    1    1    1  1.46626E+14 0.00017 
   59   59    1    1    1    1    1    1    1    1  6.52598E+13 0.00025 
   60   60    1    1    1    1    1    1    1    1  6.91986E+13 0.00024 
   61   61    1    1    1    1    1    1    1    1  5.36582E+13 0.00021 
   62   62    1    1    1    1    1    1    1    1  5.38613E+13 0.00016 
   63   63    1    1    1    1    1    1    1    1  5.61484E+13 0.00017 
   64   64    1    1    1    1    1    1    1    1  4.71813E+13 0.00030 
   65   65    1    1    1    1    1    1    1    1  3.74753E+13 0.00027 
   66   66    1    1    1    1    1    1    1    1  3.71334E+13 0.00034 
   67   67    1    1    1    1    1    1    1    1  2.66635E+13 0.00028 
   68   68    1    1    1    1    1    1    1    1  2.17122E+13 0.00034 
   69   69    1    1    1    1    1    1    1    1  1.94976E+13 0.00034 
   70   70    1    1    1    1    1    1    1    1  2.34182E+13 0.00043 
   71   71    1    1    1    1    1    1    1    1  1.99043E+13 0.00043 
   72   72    1    1    1    1    1    1    1    1  3.61649E+13 0.00050 
   73   73    1    1    1    1    1    1    1    1  2.55180E+13 0.00028 
   74   74    1    1    1    1    1    1    1    1  1.91846E+13 0.00032 
   75   75    1    1    1    1    1    1    1    1  1.54073E+13 0.00043 
   76   76    1    1    1    1    1    1    1    1  1.27738E+13 0.00066 
   77   77    1    1    1    1    1    1    1    1  1.47761E+13 0.00042 
   78   78    1    1    1    1    1    1    1    1  1.16673E+13 0.00067 
   79   79    1    1    1    1    1    1    1    1  9.30091E+12 0.00055 
   80   80    1    1    1    1    1    1    1    1  9.59527E+12 0.00047 
   81   81    1    1    1    1    1    1    1    1  7.11540E+12 0.00051 
   82   82    1    1    1    1    1    1    1    1  5.47501E+12 0.00075 
   83   83    1    1    1    1    1    1    1    1  4.20937E+12 0.00076 
   84   84    1    1    1    1    1    1    1    1  3.93628E+12 0.00066 
   85   85    1    1    1    1    1    1    1    1  2.83342E+12 0.00108 
   86   86    1    1    1    1    1    1    1    1  2.04893E+12 0.00129 
   87   87    1    1    1    1    1    1    1    1  1.91638E+12 0.00142 
   88   88    1    1    1    1    1    1    1    1  1.18167E+12 0.00177 
   89   89    1    1    1    1    1    1    1    1  7.97664E+11 0.00237 
   90   90    1    1    1    1    1    1    1    1  4.59889E+11 0.00314 
   91   91    1    1    1    1    1    1    1    1  5.91791E+11 0.00321 
   92   92    1    1    1    1    1    1    1    1  0.00000E+00 0.00000 
   93   93    1    1    1    1    1    1    1    1  0.00000E+00 0.00000 
   94   94    1    1    1    1    1    1    1    1  0.00000E+00 0.00000 
   95   95    1    1    1    1    1    1    1    1  0.00000E+00 0.00000 
   96   96    1    1    1    1    1    1    1    1  0.00000E+00 0.00000 
   97   97    1    1    1    1    1    1    1    1  0.00000E+00 0.00000 
   98   98    1    1    1    1    1    1    1    1  0.00000E+00 0.00000 
   99   99    1    1    1    1    1    1    1    1  0.00000E+00 0.00000 
  100  100    1    1    1    1    1    1    1    1  0.00000E+00 0.00000 
];


