
DETdpaspec = [
    1    1    1    1    1    1    1    1    1    1  0.00000E+00 0.00000 
    2    2    1    1    1    1    1    1    1    1  0.00000E+00 0.00000 
    3    3    1    1    1    1    1    1    1    1  0.00000E+00 0.00000 
    4    4    1    1    1    1    1    1    1    1  0.00000E+00 0.00000 
    5    5    1    1    1    1    1    1    1    1  0.00000E+00 0.00000 
    6    6    1    1    1    1    1    1    1    1  0.00000E+00 0.00000 
    7    7    1    1    1    1    1    1    1    1  0.00000E+00 0.00000 
    8    8    1    1    1    1    1    1    1    1  0.00000E+00 0.00000 
    9    9    1    1    1    1    1    1    1    1  0.00000E+00 0.00000 
   10   10    1    1    1    1    1    1    1    1  0.00000E+00 0.00000 
   11   11    1    1    1    1    1    1    1    1  0.00000E+00 0.00000 
   12   12    1    1    1    1    1    1    1    1  0.00000E+00 0.00000 
   13   13    1    1    1    1    1    1    1    1  0.00000E+00 0.00000 
   14   14    1    1    1    1    1    1    1    1  0.00000E+00 0.00000 
   15   15    1    1    1    1    1    1    1    1  0.00000E+00 0.00000 
   16   16    1    1    1    1    1    1    1    1  0.00000E+00 0.00000 
   17   17    1    1    1    1    1    1    1    1  0.00000E+00 0.00000 
   18   18    1    1    1    1    1    1    1    1  0.00000E+00 0.00000 
   19   19    1    1    1    1    1    1    1    1  1.99925E+09 0.03968 
   20   20    1    1    1    1    1    1    1    1  3.11435E+08 0.05269 
   21   21    1    1    1    1    1    1    1    1  1.09250E+09 0.04667 
   22   22    1    1    1    1    1    1    1    1  8.53761E+08 0.03276 
   23   23    1    1    1    1    1    1    1    1  2.15896E+09 0.02629 
   24   24    1    1    1    1    1    1    1    1  3.07632E+09 0.02867 
   25   25    1    1    1    1    1    1    1    1  4.96232E+09 0.02181 
   26   26    1    1    1    1    1    1    1    1  6.07674E+09 0.01990 
   27   27    1    1    1    1    1    1    1    1  9.40079E+09 0.01638 
   28   28    1    1    1    1    1    1    1    1  1.65188E+10 0.01391 
   29   29    1    1    1    1    1    1    1    1  3.06518E+10 0.00956 
   30   30    1    1    1    1    1    1    1    1  4.54890E+10 0.00633 
   31   31    1    1    1    1    1    1    1    1  1.42121E+11 0.00506 
   32   32    1    1    1    1    1    1    1    1  4.52800E+11 0.00225 
   33   33    1    1    1    1    1    1    1    1  8.67226E+11 0.00148 
   34   34    1    1    1    1    1    1    1    1  2.01701E+12 0.00088 
   35   35    1    1    1    1    1    1    1    1  2.77055E+12 0.00072 
   36   36    1    1    1    1    1    1    1    1  3.90473E+12 0.00082 
   37   37    1    1    1    1    1    1    1    1  2.72016E+12 0.00058 
   38   38    1    1    1    1    1    1    1    1  8.55103E+11 0.00062 
   39   39    1    1    1    1    1    1    1    1  4.70394E+12 0.00054 
   40   40    1    1    1    1    1    1    1    1  6.35258E+12 0.00086 
   41   41    1    1    1    1    1    1    1    1  1.07747E+13 0.00046 
   42   42    1    1    1    1    1    1    1    1  1.11864E+13 0.00045 
   43   43    1    1    1    1    1    1    1    1  2.35385E+13 0.00043 
   44   44    1    1    1    1    1    1    1    1  2.85984E+13 0.00042 
   45   45    1    1    1    1    1    1    1    1  4.14862E+13 0.00030 
   46   46    1    1    1    1    1    1    1    1  8.16333E+13 0.00022 
   47   47    1    1    1    1    1    1    1    1  3.85226E+13 0.00018 
   48   48    1    1    1    1    1    1    1    1  6.28055E+13 0.00019 
   49   49    1    1    1    1    1    1    1    1  8.75885E+13 0.00020 
   50   50    1    1    1    1    1    1    1    1  8.73390E+13 0.00019 
   51   51    1    1    1    1    1    1    1    1  1.34431E+14 0.00017 
   52   52    1    1    1    1    1    1    1    1  1.08860E+14 0.00017 
   53   53    1    1    1    1    1    1    1    1  1.27223E+14 0.00015 
   54   54    1    1    1    1    1    1    1    1  8.88942E+13 0.00016 
   55   55    1    1    1    1    1    1    1    1  1.06754E+14 0.00020 
   56   56    1    1    1    1    1    1    1    1  7.38117E+13 0.00016 
   57   57    1    1    1    1    1    1    1    1  1.01003E+13 0.00030 
   58   58    1    1    1    1    1    1    1    1  1.47005E+14 0.00014 
   59   59    1    1    1    1    1    1    1    1  6.40573E+13 0.00026 
   60   60    1    1    1    1    1    1    1    1  6.84900E+13 0.00021 
   61   61    1    1    1    1    1    1    1    1  5.24510E+13 0.00025 
   62   62    1    1    1    1    1    1    1    1  5.28553E+13 0.00021 
   63   63    1    1    1    1    1    1    1    1  5.49079E+13 0.00017 
   64   64    1    1    1    1    1    1    1    1  4.60204E+13 0.00032 
   65   65    1    1    1    1    1    1    1    1  3.66692E+13 0.00027 
   66   66    1    1    1    1    1    1    1    1  3.63705E+13 0.00038 
   67   67    1    1    1    1    1    1    1    1  2.61983E+13 0.00028 
   68   68    1    1    1    1    1    1    1    1  2.14608E+13 0.00038 
   69   69    1    1    1    1    1    1    1    1  1.93125E+13 0.00035 
   70   70    1    1    1    1    1    1    1    1  2.32121E+13 0.00035 
   71   71    1    1    1    1    1    1    1    1  1.98033E+13 0.00046 
   72   72    1    1    1    1    1    1    1    1  3.65674E+13 0.00033 
   73   73    1    1    1    1    1    1    1    1  2.59498E+13 0.00039 
   74   74    1    1    1    1    1    1    1    1  1.94751E+13 0.00054 
   75   75    1    1    1    1    1    1    1    1  1.54554E+13 0.00050 
   76   76    1    1    1    1    1    1    1    1  1.26582E+13 0.00054 
   77   77    1    1    1    1    1    1    1    1  1.44985E+13 0.00039 
   78   78    1    1    1    1    1    1    1    1  1.13087E+13 0.00058 
   79   79    1    1    1    1    1    1    1    1  8.91015E+12 0.00054 
   80   80    1    1    1    1    1    1    1    1  9.13407E+12 0.00063 
   81   81    1    1    1    1    1    1    1    1  6.73488E+12 0.00064 
   82   82    1    1    1    1    1    1    1    1  5.16190E+12 0.00063 
   83   83    1    1    1    1    1    1    1    1  3.95882E+12 0.00078 
   84   84    1    1    1    1    1    1    1    1  3.70226E+12 0.00080 
   85   85    1    1    1    1    1    1    1    1  2.66123E+12 0.00109 
   86   86    1    1    1    1    1    1    1    1  1.91760E+12 0.00128 
   87   87    1    1    1    1    1    1    1    1  1.78948E+12 0.00166 
   88   88    1    1    1    1    1    1    1    1  1.10696E+12 0.00174 
   89   89    1    1    1    1    1    1    1    1  7.48545E+11 0.00251 
   90   90    1    1    1    1    1    1    1    1  4.35367E+11 0.00274 
   91   91    1    1    1    1    1    1    1    1  5.56283E+11 0.00228 
   92   92    1    1    1    1    1    1    1    1  0.00000E+00 0.00000 
   93   93    1    1    1    1    1    1    1    1  0.00000E+00 0.00000 
   94   94    1    1    1    1    1    1    1    1  0.00000E+00 0.00000 
   95   95    1    1    1    1    1    1    1    1  0.00000E+00 0.00000 
   96   96    1    1    1    1    1    1    1    1  0.00000E+00 0.00000 
   97   97    1    1    1    1    1    1    1    1  0.00000E+00 0.00000 
   98   98    1    1    1    1    1    1    1    1  0.00000E+00 0.00000 
   99   99    1    1    1    1    1    1    1    1  0.00000E+00 0.00000 
  100  100    1    1    1    1    1    1    1    1  0.00000E+00 0.00000 
];


