
DETdpaspec = [
    1    1    1    1    1    1    1    1    1    1  0.00000E+00 0.00000 
    2    2    1    1    1    1    1    1    1    1  0.00000E+00 0.00000 
    3    3    1    1    1    1    1    1    1    1  0.00000E+00 0.00000 
    4    4    1    1    1    1    1    1    1    1  0.00000E+00 0.00000 
    5    5    1    1    1    1    1    1    1    1  0.00000E+00 0.00000 
    6    6    1    1    1    1    1    1    1    1  0.00000E+00 0.00000 
    7    7    1    1    1    1    1    1    1    1  0.00000E+00 0.00000 
    8    8    1    1    1    1    1    1    1    1  0.00000E+00 0.00000 
    9    9    1    1    1    1    1    1    1    1  0.00000E+00 0.00000 
   10   10    1    1    1    1    1    1    1    1  0.00000E+00 0.00000 
   11   11    1    1    1    1    1    1    1    1  0.00000E+00 0.00000 
   12   12    1    1    1    1    1    1    1    1  0.00000E+00 0.00000 
   13   13    1    1    1    1    1    1    1    1  0.00000E+00 0.00000 
   14   14    1    1    1    1    1    1    1    1  0.00000E+00 0.00000 
   15   15    1    1    1    1    1    1    1    1  0.00000E+00 0.00000 
   16   16    1    1    1    1    1    1    1    1  0.00000E+00 0.00000 
   17   17    1    1    1    1    1    1    1    1  0.00000E+00 0.00000 
   18   18    1    1    1    1    1    1    1    1  0.00000E+00 0.00000 
   19   19    1    1    1    1    1    1    1    1  1.61564E+09 0.06392 
   20   20    1    1    1    1    1    1    1    1  2.11182E+08 0.06371 
   21   21    1    1    1    1    1    1    1    1  7.61469E+08 0.07648 
   22   22    1    1    1    1    1    1    1    1  6.20987E+08 0.04319 
   23   23    1    1    1    1    1    1    1    1  1.24285E+09 0.04796 
   24   24    1    1    1    1    1    1    1    1  1.92067E+09 0.03049 
   25   25    1    1    1    1    1    1    1    1  3.25745E+09 0.02562 
   26   26    1    1    1    1    1    1    1    1  4.17976E+09 0.02050 
   27   27    1    1    1    1    1    1    1    1  6.97827E+09 0.01811 
   28   28    1    1    1    1    1    1    1    1  1.30900E+10 0.01523 
   29   29    1    1    1    1    1    1    1    1  2.99347E+10 0.00716 
   30   30    1    1    1    1    1    1    1    1  5.24050E+10 0.00836 
   31   31    1    1    1    1    1    1    1    1  1.48454E+11 0.00394 
   32   32    1    1    1    1    1    1    1    1  4.69922E+11 0.00261 
   33   33    1    1    1    1    1    1    1    1  8.83845E+11 0.00171 
   34   34    1    1    1    1    1    1    1    1  2.13915E+12 0.00113 
   35   35    1    1    1    1    1    1    1    1  3.03246E+12 0.00096 
   36   36    1    1    1    1    1    1    1    1  3.88181E+12 0.00073 
   37   37    1    1    1    1    1    1    1    1  2.59760E+12 0.00064 
   38   38    1    1    1    1    1    1    1    1  7.91945E+11 0.00069 
   39   39    1    1    1    1    1    1    1    1  4.49360E+12 0.00067 
   40   40    1    1    1    1    1    1    1    1  6.09687E+12 0.00068 
   41   41    1    1    1    1    1    1    1    1  1.05235E+13 0.00057 
   42   42    1    1    1    1    1    1    1    1  1.06588E+13 0.00046 
   43   43    1    1    1    1    1    1    1    1  2.30705E+13 0.00034 
   44   44    1    1    1    1    1    1    1    1  2.81965E+13 0.00040 
   45   45    1    1    1    1    1    1    1    1  4.11688E+13 0.00026 
   46   46    1    1    1    1    1    1    1    1  8.26311E+13 0.00025 
   47   47    1    1    1    1    1    1    1    1  3.83203E+13 0.00023 
   48   48    1    1    1    1    1    1    1    1  6.20139E+13 0.00020 
   49   49    1    1    1    1    1    1    1    1  8.65172E+13 0.00017 
   50   50    1    1    1    1    1    1    1    1  8.57903E+13 0.00016 
   51   51    1    1    1    1    1    1    1    1  1.33724E+14 0.00014 
   52   52    1    1    1    1    1    1    1    1  1.06161E+14 0.00016 
   53   53    1    1    1    1    1    1    1    1  1.26565E+14 0.00013 
   54   54    1    1    1    1    1    1    1    1  8.76672E+13 0.00015 
   55   55    1    1    1    1    1    1    1    1  1.07391E+14 0.00014 
   56   56    1    1    1    1    1    1    1    1  7.36558E+13 0.00018 
   57   57    1    1    1    1    1    1    1    1  9.99829E+12 0.00031 
   58   58    1    1    1    1    1    1    1    1  1.46280E+14 0.00011 
   59   59    1    1    1    1    1    1    1    1  6.53402E+13 0.00017 
   60   60    1    1    1    1    1    1    1    1  6.91517E+13 0.00023 
   61   61    1    1    1    1    1    1    1    1  5.37898E+13 0.00021 
   62   62    1    1    1    1    1    1    1    1  5.39156E+13 0.00028 
   63   63    1    1    1    1    1    1    1    1  5.62113E+13 0.00020 
   64   64    1    1    1    1    1    1    1    1  4.72270E+13 0.00028 
   65   65    1    1    1    1    1    1    1    1  3.74759E+13 0.00031 
   66   66    1    1    1    1    1    1    1    1  3.71275E+13 0.00026 
   67   67    1    1    1    1    1    1    1    1  2.66396E+13 0.00029 
   68   68    1    1    1    1    1    1    1    1  2.16616E+13 0.00031 
   69   69    1    1    1    1    1    1    1    1  1.94105E+13 0.00041 
   70   70    1    1    1    1    1    1    1    1  2.33127E+13 0.00044 
   71   71    1    1    1    1    1    1    1    1  1.98110E+13 0.00037 
   72   72    1    1    1    1    1    1    1    1  3.58243E+13 0.00032 
   73   73    1    1    1    1    1    1    1    1  2.52528E+13 0.00041 
   74   74    1    1    1    1    1    1    1    1  1.89844E+13 0.00025 
   75   75    1    1    1    1    1    1    1    1  1.52578E+13 0.00041 
   76   76    1    1    1    1    1    1    1    1  1.26779E+13 0.00073 
   77   77    1    1    1    1    1    1    1    1  1.47109E+13 0.00043 
   78   78    1    1    1    1    1    1    1    1  1.16566E+13 0.00064 
   79   79    1    1    1    1    1    1    1    1  9.31947E+12 0.00075 
   80   80    1    1    1    1    1    1    1    1  9.61203E+12 0.00050 
   81   81    1    1    1    1    1    1    1    1  7.12985E+12 0.00055 
   82   82    1    1    1    1    1    1    1    1  5.49350E+12 0.00070 
   83   83    1    1    1    1    1    1    1    1  4.21564E+12 0.00089 
   84   84    1    1    1    1    1    1    1    1  3.95210E+12 0.00092 
   85   85    1    1    1    1    1    1    1    1  2.84684E+12 0.00109 
   86   86    1    1    1    1    1    1    1    1  2.05215E+12 0.00128 
   87   87    1    1    1    1    1    1    1    1  1.91976E+12 0.00126 
   88   88    1    1    1    1    1    1    1    1  1.18580E+12 0.00175 
   89   89    1    1    1    1    1    1    1    1  7.97878E+11 0.00203 
   90   90    1    1    1    1    1    1    1    1  4.62275E+11 0.00241 
   91   91    1    1    1    1    1    1    1    1  5.88670E+11 0.00211 
   92   92    1    1    1    1    1    1    1    1  0.00000E+00 0.00000 
   93   93    1    1    1    1    1    1    1    1  0.00000E+00 0.00000 
   94   94    1    1    1    1    1    1    1    1  0.00000E+00 0.00000 
   95   95    1    1    1    1    1    1    1    1  0.00000E+00 0.00000 
   96   96    1    1    1    1    1    1    1    1  0.00000E+00 0.00000 
   97   97    1    1    1    1    1    1    1    1  0.00000E+00 0.00000 
   98   98    1    1    1    1    1    1    1    1  0.00000E+00 0.00000 
   99   99    1    1    1    1    1    1    1    1  0.00000E+00 0.00000 
  100  100    1    1    1    1    1    1    1    1  0.00000E+00 0.00000 
];


