
DETdpaspec = [
    1    1    1    1    1    1    1    1    1    1  0.00000E+00 0.00000 
    2    2    1    1    1    1    1    1    1    1  0.00000E+00 0.00000 
    3    3    1    1    1    1    1    1    1    1  0.00000E+00 0.00000 
    4    4    1    1    1    1    1    1    1    1  0.00000E+00 0.00000 
    5    5    1    1    1    1    1    1    1    1  0.00000E+00 0.00000 
    6    6    1    1    1    1    1    1    1    1  0.00000E+00 0.00000 
    7    7    1    1    1    1    1    1    1    1  0.00000E+00 0.00000 
    8    8    1    1    1    1    1    1    1    1  0.00000E+00 0.00000 
    9    9    1    1    1    1    1    1    1    1  0.00000E+00 0.00000 
   10   10    1    1    1    1    1    1    1    1  0.00000E+00 0.00000 
   11   11    1    1    1    1    1    1    1    1  0.00000E+00 0.00000 
   12   12    1    1    1    1    1    1    1    1  0.00000E+00 0.00000 
   13   13    1    1    1    1    1    1    1    1  0.00000E+00 0.00000 
   14   14    1    1    1    1    1    1    1    1  0.00000E+00 0.00000 
   15   15    1    1    1    1    1    1    1    1  0.00000E+00 0.00000 
   16   16    1    1    1    1    1    1    1    1  0.00000E+00 0.00000 
   17   17    1    1    1    1    1    1    1    1  0.00000E+00 0.00000 
   18   18    1    1    1    1    1    1    1    1  0.00000E+00 0.00000 
   19   19    1    1    1    1    1    1    1    1  1.43926E+09 0.06408 
   20   20    1    1    1    1    1    1    1    1  2.48922E+08 0.06337 
   21   21    1    1    1    1    1    1    1    1  7.42297E+08 0.05869 
   22   22    1    1    1    1    1    1    1    1  5.89371E+08 0.04964 
   23   23    1    1    1    1    1    1    1    1  1.37673E+09 0.04478 
   24   24    1    1    1    1    1    1    1    1  2.17558E+09 0.03086 
   25   25    1    1    1    1    1    1    1    1  3.44738E+09 0.03224 
   26   26    1    1    1    1    1    1    1    1  4.46598E+09 0.02305 
   27   27    1    1    1    1    1    1    1    1  6.67086E+09 0.02175 
   28   28    1    1    1    1    1    1    1    1  1.25903E+10 0.01342 
   29   29    1    1    1    1    1    1    1    1  2.81378E+10 0.01150 
   30   30    1    1    1    1    1    1    1    1  4.79495E+10 0.00856 
   31   31    1    1    1    1    1    1    1    1  1.38873E+11 0.00444 
   32   32    1    1    1    1    1    1    1    1  4.46302E+11 0.00349 
   33   33    1    1    1    1    1    1    1    1  8.49140E+11 0.00205 
   34   34    1    1    1    1    1    1    1    1  2.05740E+12 0.00139 
   35   35    1    1    1    1    1    1    1    1  2.91109E+12 0.00102 
   36   36    1    1    1    1    1    1    1    1  3.80743E+12 0.00091 
   37   37    1    1    1    1    1    1    1    1  2.57077E+12 0.00102 
   38   38    1    1    1    1    1    1    1    1  7.88237E+11 0.00094 
   39   39    1    1    1    1    1    1    1    1  4.45545E+12 0.00090 
   40   40    1    1    1    1    1    1    1    1  6.04328E+12 0.00080 
   41   41    1    1    1    1    1    1    1    1  1.04162E+13 0.00058 
   42   42    1    1    1    1    1    1    1    1  1.06024E+13 0.00062 
   43   43    1    1    1    1    1    1    1    1  2.28711E+13 0.00047 
   44   44    1    1    1    1    1    1    1    1  2.79542E+13 0.00042 
   45   45    1    1    1    1    1    1    1    1  4.08430E+13 0.00032 
   46   46    1    1    1    1    1    1    1    1  8.19279E+13 0.00021 
   47   47    1    1    1    1    1    1    1    1  3.81610E+13 0.00021 
   48   48    1    1    1    1    1    1    1    1  6.18838E+13 0.00024 
   49   49    1    1    1    1    1    1    1    1  8.64234E+13 0.00024 
   50   50    1    1    1    1    1    1    1    1  8.58414E+13 0.00016 
   51   51    1    1    1    1    1    1    1    1  1.33674E+14 0.00012 
   52   52    1    1    1    1    1    1    1    1  1.06563E+14 0.00013 
   53   53    1    1    1    1    1    1    1    1  1.26733E+14 0.00013 
   54   54    1    1    1    1    1    1    1    1  8.79398E+13 0.00017 
   55   55    1    1    1    1    1    1    1    1  1.07413E+14 0.00017 
   56   56    1    1    1    1    1    1    1    1  7.37963E+13 0.00017 
   57   57    1    1    1    1    1    1    1    1  1.00336E+13 0.00026 
   58   58    1    1    1    1    1    1    1    1  1.46638E+14 0.00014 
   59   59    1    1    1    1    1    1    1    1  6.52319E+13 0.00022 
   60   60    1    1    1    1    1    1    1    1  6.91966E+13 0.00023 
   61   61    1    1    1    1    1    1    1    1  5.36888E+13 0.00022 
   62   62    1    1    1    1    1    1    1    1  5.38645E+13 0.00017 
   63   63    1    1    1    1    1    1    1    1  5.61228E+13 0.00014 
   64   64    1    1    1    1    1    1    1    1  4.71611E+13 0.00026 
   65   65    1    1    1    1    1    1    1    1  3.74698E+13 0.00030 
   66   66    1    1    1    1    1    1    1    1  3.71332E+13 0.00025 
   67   67    1    1    1    1    1    1    1    1  2.66723E+13 0.00026 
   68   68    1    1    1    1    1    1    1    1  2.17262E+13 0.00032 
   69   69    1    1    1    1    1    1    1    1  1.95029E+13 0.00040 
   70   70    1    1    1    1    1    1    1    1  2.34208E+13 0.00040 
   71   71    1    1    1    1    1    1    1    1  1.99050E+13 0.00039 
   72   72    1    1    1    1    1    1    1    1  3.61783E+13 0.00037 
   73   73    1    1    1    1    1    1    1    1  2.55380E+13 0.00042 
   74   74    1    1    1    1    1    1    1    1  1.91880E+13 0.00048 
   75   75    1    1    1    1    1    1    1    1  1.54097E+13 0.00036 
   76   76    1    1    1    1    1    1    1    1  1.27698E+13 0.00045 
   77   77    1    1    1    1    1    1    1    1  1.47926E+13 0.00042 
   78   78    1    1    1    1    1    1    1    1  1.16856E+13 0.00048 
   79   79    1    1    1    1    1    1    1    1  9.31613E+12 0.00055 
   80   80    1    1    1    1    1    1    1    1  9.59755E+12 0.00068 
   81   81    1    1    1    1    1    1    1    1  7.11054E+12 0.00095 
   82   82    1    1    1    1    1    1    1    1  5.47106E+12 0.00078 
   83   83    1    1    1    1    1    1    1    1  4.20710E+12 0.00059 
   84   84    1    1    1    1    1    1    1    1  3.93609E+12 0.00089 
   85   85    1    1    1    1    1    1    1    1  2.83269E+12 0.00104 
   86   86    1    1    1    1    1    1    1    1  2.04476E+12 0.00158 
   87   87    1    1    1    1    1    1    1    1  1.91330E+12 0.00120 
   88   88    1    1    1    1    1    1    1    1  1.17694E+12 0.00205 
   89   89    1    1    1    1    1    1    1    1  7.96735E+11 0.00169 
   90   90    1    1    1    1    1    1    1    1  4.60568E+11 0.00350 
   91   91    1    1    1    1    1    1    1    1  5.86104E+11 0.00298 
   92   92    1    1    1    1    1    1    1    1  0.00000E+00 0.00000 
   93   93    1    1    1    1    1    1    1    1  0.00000E+00 0.00000 
   94   94    1    1    1    1    1    1    1    1  0.00000E+00 0.00000 
   95   95    1    1    1    1    1    1    1    1  0.00000E+00 0.00000 
   96   96    1    1    1    1    1    1    1    1  0.00000E+00 0.00000 
   97   97    1    1    1    1    1    1    1    1  0.00000E+00 0.00000 
   98   98    1    1    1    1    1    1    1    1  0.00000E+00 0.00000 
   99   99    1    1    1    1    1    1    1    1  0.00000E+00 0.00000 
  100  100    1    1    1    1    1    1    1    1  0.00000E+00 0.00000 
];


