
DETdpaspec = [
    1    1    1    1    1    1    1    1    1    1  0.00000E+00 0.00000 
    2    2    1    1    1    1    1    1    1    1  0.00000E+00 0.00000 
    3    3    1    1    1    1    1    1    1    1  0.00000E+00 0.00000 
    4    4    1    1    1    1    1    1    1    1  0.00000E+00 0.00000 
    5    5    1    1    1    1    1    1    1    1  0.00000E+00 0.00000 
    6    6    1    1    1    1    1    1    1    1  0.00000E+00 0.00000 
    7    7    1    1    1    1    1    1    1    1  0.00000E+00 0.00000 
    8    8    1    1    1    1    1    1    1    1  0.00000E+00 0.00000 
    9    9    1    1    1    1    1    1    1    1  0.00000E+00 0.00000 
   10   10    1    1    1    1    1    1    1    1  0.00000E+00 0.00000 
   11   11    1    1    1    1    1    1    1    1  0.00000E+00 0.00000 
   12   12    1    1    1    1    1    1    1    1  0.00000E+00 0.00000 
   13   13    1    1    1    1    1    1    1    1  0.00000E+00 0.00000 
   14   14    1    1    1    1    1    1    1    1  0.00000E+00 0.00000 
   15   15    1    1    1    1    1    1    1    1  0.00000E+00 0.00000 
   16   16    1    1    1    1    1    1    1    1  0.00000E+00 0.00000 
   17   17    1    1    1    1    1    1    1    1  0.00000E+00 0.00000 
   18   18    1    1    1    1    1    1    1    1  0.00000E+00 0.00000 
   19   19    1    1    1    1    1    1    1    1  7.53532E+08 0.13264 
   20   20    1    1    1    1    1    1    1    1  1.01710E+08 0.10568 
   21   21    1    1    1    1    1    1    1    1  4.40690E+08 0.09868 
   22   22    1    1    1    1    1    1    1    1  4.28995E+08 0.08299 
   23   23    1    1    1    1    1    1    1    1  8.79741E+08 0.07319 
   24   24    1    1    1    1    1    1    1    1  1.90019E+09 0.04297 
   25   25    1    1    1    1    1    1    1    1  5.54769E+09 0.02272 
   26   26    1    1    1    1    1    1    1    1  1.01071E+10 0.01870 
   27   27    1    1    1    1    1    1    1    1  2.29877E+10 0.01113 
   28   28    1    1    1    1    1    1    1    1  5.45209E+10 0.00569 
   29   29    1    1    1    1    1    1    1    1  1.29804E+11 0.00474 
   30   30    1    1    1    1    1    1    1    1  2.29085E+11 0.00303 
   31   31    1    1    1    1    1    1    1    1  5.07161E+11 0.00262 
   32   32    1    1    1    1    1    1    1    1  1.23726E+12 0.00168 
   33   33    1    1    1    1    1    1    1    1  1.97971E+12 0.00147 
   34   34    1    1    1    1    1    1    1    1  4.23614E+12 0.00087 
   35   35    1    1    1    1    1    1    1    1  5.50629E+12 0.00051 
   36   36    1    1    1    1    1    1    1    1  5.88709E+12 0.00036 
   37   37    1    1    1    1    1    1    1    1  3.58539E+12 0.00050 
   38   38    1    1    1    1    1    1    1    1  1.05343E+12 0.00055 
   39   39    1    1    1    1    1    1    1    1  6.06425E+12 0.00040 
   40   40    1    1    1    1    1    1    1    1  8.08916E+12 0.00046 
   41   41    1    1    1    1    1    1    1    1  1.37611E+13 0.00030 
   42   42    1    1    1    1    1    1    1    1  1.33373E+13 0.00029 
   43   43    1    1    1    1    1    1    1    1  2.88245E+13 0.00037 
   44   44    1    1    1    1    1    1    1    1  3.45014E+13 0.00031 
   45   45    1    1    1    1    1    1    1    1  4.92117E+13 0.00035 
   46   46    1    1    1    1    1    1    1    1  9.62122E+13 0.00024 
   47   47    1    1    1    1    1    1    1    1  4.26130E+13 0.00018 
   48   48    1    1    1    1    1    1    1    1  6.75969E+13 0.00016 
   49   49    1    1    1    1    1    1    1    1  9.21706E+13 0.00018 
   50   50    1    1    1    1    1    1    1    1  8.94824E+13 0.00017 
   51   51    1    1    1    1    1    1    1    1  1.37957E+14 0.00011 
   52   52    1    1    1    1    1    1    1    1  1.05597E+14 0.00017 
   53   53    1    1    1    1    1    1    1    1  1.26048E+14 0.00015 
   54   54    1    1    1    1    1    1    1    1  8.53900E+13 0.00015 
   55   55    1    1    1    1    1    1    1    1  1.05054E+14 0.00015 
   56   56    1    1    1    1    1    1    1    1  7.10329E+13 0.00022 
   57   57    1    1    1    1    1    1    1    1  9.54929E+12 0.00034 
   58   58    1    1    1    1    1    1    1    1  1.39218E+14 0.00013 
   59   59    1    1    1    1    1    1    1    1  6.27811E+13 0.00023 
   60   60    1    1    1    1    1    1    1    1  6.54002E+13 0.00028 
   61   61    1    1    1    1    1    1    1    1  5.11520E+13 0.00023 
   62   62    1    1    1    1    1    1    1    1  5.08285E+13 0.00018 
   63   63    1    1    1    1    1    1    1    1  5.27835E+13 0.00025 
   64   64    1    1    1    1    1    1    1    1  4.40917E+13 0.00027 
   65   65    1    1    1    1    1    1    1    1  3.46759E+13 0.00030 
   66   66    1    1    1    1    1    1    1    1  3.40929E+13 0.00031 
   67   67    1    1    1    1    1    1    1    1  2.42349E+13 0.00036 
   68   68    1    1    1    1    1    1    1    1  1.95242E+13 0.00029 
   69   69    1    1    1    1    1    1    1    1  1.74017E+13 0.00044 
   70   70    1    1    1    1    1    1    1    1  2.07619E+13 0.00030 
   71   71    1    1    1    1    1    1    1    1  1.74618E+13 0.00034 
   72   72    1    1    1    1    1    1    1    1  3.08246E+13 0.00031 
   73   73    1    1    1    1    1    1    1    1  2.14269E+13 0.00036 
   74   74    1    1    1    1    1    1    1    1  1.60358E+13 0.00036 
   75   75    1    1    1    1    1    1    1    1  1.29761E+13 0.00055 
   76   76    1    1    1    1    1    1    1    1  1.08671E+13 0.00045 
   77   77    1    1    1    1    1    1    1    1  1.26979E+13 0.00049 
   78   78    1    1    1    1    1    1    1    1  1.01512E+13 0.00044 
   79   79    1    1    1    1    1    1    1    1  8.16051E+12 0.00070 
   80   80    1    1    1    1    1    1    1    1  8.47256E+12 0.00067 
   81   81    1    1    1    1    1    1    1    1  6.29339E+12 0.00078 
   82   82    1    1    1    1    1    1    1    1  4.86053E+12 0.00076 
   83   83    1    1    1    1    1    1    1    1  3.73503E+12 0.00085 
   84   84    1    1    1    1    1    1    1    1  3.48794E+12 0.00128 
   85   85    1    1    1    1    1    1    1    1  2.51107E+12 0.00108 
   86   86    1    1    1    1    1    1    1    1  1.81720E+12 0.00107 
   87   87    1    1    1    1    1    1    1    1  1.69274E+12 0.00124 
   88   88    1    1    1    1    1    1    1    1  1.03539E+12 0.00169 
   89   89    1    1    1    1    1    1    1    1  6.97882E+11 0.00202 
   90   90    1    1    1    1    1    1    1    1  4.02850E+11 0.00287 
   91   91    1    1    1    1    1    1    1    1  5.02611E+11 0.00242 
   92   92    1    1    1    1    1    1    1    1  0.00000E+00 0.00000 
   93   93    1    1    1    1    1    1    1    1  0.00000E+00 0.00000 
   94   94    1    1    1    1    1    1    1    1  0.00000E+00 0.00000 
   95   95    1    1    1    1    1    1    1    1  0.00000E+00 0.00000 
   96   96    1    1    1    1    1    1    1    1  0.00000E+00 0.00000 
   97   97    1    1    1    1    1    1    1    1  0.00000E+00 0.00000 
   98   98    1    1    1    1    1    1    1    1  0.00000E+00 0.00000 
   99   99    1    1    1    1    1    1    1    1  0.00000E+00 0.00000 
  100  100    1    1    1    1    1    1    1    1  0.00000E+00 0.00000 
];


