
DETdpaspec = [
    1    1    1    1    1    1    1    1    1    1  0.00000E+00 0.00000 
    2    2    1    1    1    1    1    1    1    1  0.00000E+00 0.00000 
    3    3    1    1    1    1    1    1    1    1  0.00000E+00 0.00000 
    4    4    1    1    1    1    1    1    1    1  0.00000E+00 0.00000 
    5    5    1    1    1    1    1    1    1    1  0.00000E+00 0.00000 
    6    6    1    1    1    1    1    1    1    1  0.00000E+00 0.00000 
    7    7    1    1    1    1    1    1    1    1  0.00000E+00 0.00000 
    8    8    1    1    1    1    1    1    1    1  0.00000E+00 0.00000 
    9    9    1    1    1    1    1    1    1    1  0.00000E+00 0.00000 
   10   10    1    1    1    1    1    1    1    1  0.00000E+00 0.00000 
   11   11    1    1    1    1    1    1    1    1  0.00000E+00 0.00000 
   12   12    1    1    1    1    1    1    1    1  0.00000E+00 0.00000 
   13   13    1    1    1    1    1    1    1    1  0.00000E+00 0.00000 
   14   14    1    1    1    1    1    1    1    1  0.00000E+00 0.00000 
   15   15    1    1    1    1    1    1    1    1  0.00000E+00 0.00000 
   16   16    1    1    1    1    1    1    1    1  0.00000E+00 0.00000 
   17   17    1    1    1    1    1    1    1    1  0.00000E+00 0.00000 
   18   18    1    1    1    1    1    1    1    1  0.00000E+00 0.00000 
   19   19    1    1    1    1    1    1    1    1  1.13548E+09 0.10847 
   20   20    1    1    1    1    1    1    1    1  1.12938E+08 0.09179 
   21   21    1    1    1    1    1    1    1    1  4.25016E+08 0.08371 
   22   22    1    1    1    1    1    1    1    1  3.79935E+08 0.07210 
   23   23    1    1    1    1    1    1    1    1  8.07482E+08 0.06009 
   24   24    1    1    1    1    1    1    1    1  1.71191E+09 0.03959 
   25   25    1    1    1    1    1    1    1    1  3.98533E+09 0.02860 
   26   26    1    1    1    1    1    1    1    1  6.48026E+09 0.02599 
   27   27    1    1    1    1    1    1    1    1  1.47281E+10 0.01494 
   28   28    1    1    1    1    1    1    1    1  3.56006E+10 0.00932 
   29   29    1    1    1    1    1    1    1    1  8.84528E+10 0.00552 
   30   30    1    1    1    1    1    1    1    1  1.62192E+11 0.00426 
   31   31    1    1    1    1    1    1    1    1  3.80430E+11 0.00323 
   32   32    1    1    1    1    1    1    1    1  9.91936E+11 0.00168 
   33   33    1    1    1    1    1    1    1    1  1.64241E+12 0.00111 
   34   34    1    1    1    1    1    1    1    1  3.64941E+12 0.00105 
   35   35    1    1    1    1    1    1    1    1  4.85686E+12 0.00081 
   36   36    1    1    1    1    1    1    1    1  5.34880E+12 0.00088 
   37   37    1    1    1    1    1    1    1    1  3.30964E+12 0.00065 
   38   38    1    1    1    1    1    1    1    1  9.78245E+11 0.00064 
   39   39    1    1    1    1    1    1    1    1  5.63101E+12 0.00072 
   40   40    1    1    1    1    1    1    1    1  7.54759E+12 0.00054 
   41   41    1    1    1    1    1    1    1    1  1.28949E+13 0.00054 
   42   42    1    1    1    1    1    1    1    1  1.25922E+13 0.00040 
   43   43    1    1    1    1    1    1    1    1  2.73155E+13 0.00041 
   44   44    1    1    1    1    1    1    1    1  3.28836E+13 0.00027 
   45   45    1    1    1    1    1    1    1    1  4.71655E+13 0.00031 
   46   46    1    1    1    1    1    1    1    1  9.29916E+13 0.00023 
   47   47    1    1    1    1    1    1    1    1  4.15558E+13 0.00023 
   48   48    1    1    1    1    1    1    1    1  6.61941E+13 0.00015 
   49   49    1    1    1    1    1    1    1    1  9.07704E+13 0.00016 
   50   50    1    1    1    1    1    1    1    1  8.84760E+13 0.00016 
   51   51    1    1    1    1    1    1    1    1  1.37003E+14 0.00014 
   52   52    1    1    1    1    1    1    1    1  1.05548E+14 0.00020 
   53   53    1    1    1    1    1    1    1    1  1.26178E+14 0.00016 
   54   54    1    1    1    1    1    1    1    1  8.58818E+13 0.00015 
   55   55    1    1    1    1    1    1    1    1  1.05726E+14 0.00015 
   56   56    1    1    1    1    1    1    1    1  7.17260E+13 0.00016 
   57   57    1    1    1    1    1    1    1    1  9.65086E+12 0.00029 
   58   58    1    1    1    1    1    1    1    1  1.40926E+14 0.00013 
   59   59    1    1    1    1    1    1    1    1  6.35858E+13 0.00016 
   60   60    1    1    1    1    1    1    1    1  6.63985E+13 0.00021 
   61   61    1    1    1    1    1    1    1    1  5.19711E+13 0.00023 
   62   62    1    1    1    1    1    1    1    1  5.17321E+13 0.00017 
   63   63    1    1    1    1    1    1    1    1  5.37791E+13 0.00023 
   64   64    1    1    1    1    1    1    1    1  4.50105E+13 0.00030 
   65   65    1    1    1    1    1    1    1    1  3.54455E+13 0.00021 
   66   66    1    1    1    1    1    1    1    1  3.49129E+13 0.00029 
   67   67    1    1    1    1    1    1    1    1  2.48649E+13 0.00023 
   68   68    1    1    1    1    1    1    1    1  2.00645E+13 0.00027 
   69   69    1    1    1    1    1    1    1    1  1.79101E+13 0.00038 
   70   70    1    1    1    1    1    1    1    1  2.13922E+13 0.00043 
   71   71    1    1    1    1    1    1    1    1  1.80365E+13 0.00046 
   72   72    1    1    1    1    1    1    1    1  3.19336E+13 0.00032 
   73   73    1    1    1    1    1    1    1    1  2.22544E+13 0.00041 
   74   74    1    1    1    1    1    1    1    1  1.66753E+13 0.00045 
   75   75    1    1    1    1    1    1    1    1  1.34854E+13 0.00054 
   76   76    1    1    1    1    1    1    1    1  1.12988E+13 0.00060 
   77   77    1    1    1    1    1    1    1    1  1.32036E+13 0.00057 
   78   78    1    1    1    1    1    1    1    1  1.05501E+13 0.00040 
   79   79    1    1    1    1    1    1    1    1  8.46591E+12 0.00068 
   80   80    1    1    1    1    1    1    1    1  8.78382E+12 0.00069 
   81   81    1    1    1    1    1    1    1    1  6.53355E+12 0.00053 
   82   82    1    1    1    1    1    1    1    1  5.04019E+12 0.00094 
   83   83    1    1    1    1    1    1    1    1  3.87759E+12 0.00063 
   84   84    1    1    1    1    1    1    1    1  3.63358E+12 0.00080 
   85   85    1    1    1    1    1    1    1    1  2.61868E+12 0.00096 
   86   86    1    1    1    1    1    1    1    1  1.89130E+12 0.00166 
   87   87    1    1    1    1    1    1    1    1  1.76380E+12 0.00140 
   88   88    1    1    1    1    1    1    1    1  1.08017E+12 0.00156 
   89   89    1    1    1    1    1    1    1    1  7.25949E+11 0.00217 
   90   90    1    1    1    1    1    1    1    1  4.20949E+11 0.00338 
   91   91    1    1    1    1    1    1    1    1  5.27067E+11 0.00246 
   92   92    1    1    1    1    1    1    1    1  0.00000E+00 0.00000 
   93   93    1    1    1    1    1    1    1    1  0.00000E+00 0.00000 
   94   94    1    1    1    1    1    1    1    1  0.00000E+00 0.00000 
   95   95    1    1    1    1    1    1    1    1  0.00000E+00 0.00000 
   96   96    1    1    1    1    1    1    1    1  0.00000E+00 0.00000 
   97   97    1    1    1    1    1    1    1    1  0.00000E+00 0.00000 
   98   98    1    1    1    1    1    1    1    1  0.00000E+00 0.00000 
   99   99    1    1    1    1    1    1    1    1  0.00000E+00 0.00000 
  100  100    1    1    1    1    1    1    1    1  0.00000E+00 0.00000 
];


