
DETdpaspec = [
    1    1    1    1    1    1    1    1    1    1  0.00000E+00 0.00000 
    2    2    1    1    1    1    1    1    1    1  0.00000E+00 0.00000 
    3    3    1    1    1    1    1    1    1    1  0.00000E+00 0.00000 
    4    4    1    1    1    1    1    1    1    1  0.00000E+00 0.00000 
    5    5    1    1    1    1    1    1    1    1  0.00000E+00 0.00000 
    6    6    1    1    1    1    1    1    1    1  0.00000E+00 0.00000 
    7    7    1    1    1    1    1    1    1    1  0.00000E+00 0.00000 
    8    8    1    1    1    1    1    1    1    1  0.00000E+00 0.00000 
    9    9    1    1    1    1    1    1    1    1  0.00000E+00 0.00000 
   10   10    1    1    1    1    1    1    1    1  0.00000E+00 0.00000 
   11   11    1    1    1    1    1    1    1    1  0.00000E+00 0.00000 
   12   12    1    1    1    1    1    1    1    1  0.00000E+00 0.00000 
   13   13    1    1    1    1    1    1    1    1  0.00000E+00 0.00000 
   14   14    1    1    1    1    1    1    1    1  0.00000E+00 0.00000 
   15   15    1    1    1    1    1    1    1    1  0.00000E+00 0.00000 
   16   16    1    1    1    1    1    1    1    1  0.00000E+00 0.00000 
   17   17    1    1    1    1    1    1    1    1  0.00000E+00 0.00000 
   18   18    1    1    1    1    1    1    1    1  0.00000E+00 0.00000 
   19   19    1    1    1    1    1    1    1    1  1.43385E+09 0.05683 
   20   20    1    1    1    1    1    1    1    1  2.09637E+08 0.12679 
   21   21    1    1    1    1    1    1    1    1  7.85805E+08 0.06731 
   22   22    1    1    1    1    1    1    1    1  5.41951E+08 0.04521 
   23   23    1    1    1    1    1    1    1    1  1.24948E+09 0.04958 
   24   24    1    1    1    1    1    1    1    1  1.99356E+09 0.03835 
   25   25    1    1    1    1    1    1    1    1  3.21106E+09 0.03220 
   26   26    1    1    1    1    1    1    1    1  4.25864E+09 0.02304 
   27   27    1    1    1    1    1    1    1    1  7.25405E+09 0.01641 
   28   28    1    1    1    1    1    1    1    1  1.35530E+10 0.00867 
   29   29    1    1    1    1    1    1    1    1  2.98149E+10 0.00950 
   30   30    1    1    1    1    1    1    1    1  5.05924E+10 0.00729 
   31   31    1    1    1    1    1    1    1    1  1.45526E+11 0.00613 
   32   32    1    1    1    1    1    1    1    1  4.61862E+11 0.00285 
   33   33    1    1    1    1    1    1    1    1  8.72900E+11 0.00181 
   34   34    1    1    1    1    1    1    1    1  2.11672E+12 0.00097 
   35   35    1    1    1    1    1    1    1    1  3.00460E+12 0.00097 
   36   36    1    1    1    1    1    1    1    1  3.86581E+12 0.00088 
   37   37    1    1    1    1    1    1    1    1  2.58928E+12 0.00070 
   38   38    1    1    1    1    1    1    1    1  7.90694E+11 0.00068 
   39   39    1    1    1    1    1    1    1    1  4.48628E+12 0.00077 
   40   40    1    1    1    1    1    1    1    1  6.08929E+12 0.00060 
   41   41    1    1    1    1    1    1    1    1  1.05034E+13 0.00057 
   42   42    1    1    1    1    1    1    1    1  1.06477E+13 0.00050 
   43   43    1    1    1    1    1    1    1    1  2.30128E+13 0.00045 
   44   44    1    1    1    1    1    1    1    1  2.81354E+13 0.00033 
   45   45    1    1    1    1    1    1    1    1  4.10549E+13 0.00031 
   46   46    1    1    1    1    1    1    1    1  8.24280E+13 0.00025 
   47   47    1    1    1    1    1    1    1    1  3.82617E+13 0.00028 
   48   48    1    1    1    1    1    1    1    1  6.19383E+13 0.00024 
   49   49    1    1    1    1    1    1    1    1  8.64861E+13 0.00023 
   50   50    1    1    1    1    1    1    1    1  8.57810E+13 0.00018 
   51   51    1    1    1    1    1    1    1    1  1.33718E+14 0.00018 
   52   52    1    1    1    1    1    1    1    1  1.06249E+14 0.00015 
   53   53    1    1    1    1    1    1    1    1  1.26614E+14 0.00014 
   54   54    1    1    1    1    1    1    1    1  8.77373E+13 0.00013 
   55   55    1    1    1    1    1    1    1    1  1.07384E+14 0.00015 
   56   56    1    1    1    1    1    1    1    1  7.37167E+13 0.00016 
   57   57    1    1    1    1    1    1    1    1  1.00016E+13 0.00029 
   58   58    1    1    1    1    1    1    1    1  1.46379E+14 0.00014 
   59   59    1    1    1    1    1    1    1    1  6.53262E+13 0.00021 
   60   60    1    1    1    1    1    1    1    1  6.91471E+13 0.00022 
   61   61    1    1    1    1    1    1    1    1  5.37651E+13 0.00019 
   62   62    1    1    1    1    1    1    1    1  5.38870E+13 0.00024 
   63   63    1    1    1    1    1    1    1    1  5.61824E+13 0.00014 
   64   64    1    1    1    1    1    1    1    1  4.72173E+13 0.00024 
   65   65    1    1    1    1    1    1    1    1  3.74927E+13 0.00020 
   66   66    1    1    1    1    1    1    1    1  3.71348E+13 0.00025 
   67   67    1    1    1    1    1    1    1    1  2.66531E+13 0.00021 
   68   68    1    1    1    1    1    1    1    1  2.16899E+13 0.00044 
   69   69    1    1    1    1    1    1    1    1  1.94529E+13 0.00042 
   70   70    1    1    1    1    1    1    1    1  2.33538E+13 0.00038 
   71   71    1    1    1    1    1    1    1    1  1.98335E+13 0.00043 
   72   72    1    1    1    1    1    1    1    1  3.59057E+13 0.00037 
   73   73    1    1    1    1    1    1    1    1  2.53372E+13 0.00033 
   74   74    1    1    1    1    1    1    1    1  1.90511E+13 0.00050 
   75   75    1    1    1    1    1    1    1    1  1.53037E+13 0.00055 
   76   76    1    1    1    1    1    1    1    1  1.27100E+13 0.00044 
   77   77    1    1    1    1    1    1    1    1  1.47305E+13 0.00044 
   78   78    1    1    1    1    1    1    1    1  1.16765E+13 0.00055 
   79   79    1    1    1    1    1    1    1    1  9.29907E+12 0.00056 
   80   80    1    1    1    1    1    1    1    1  9.61903E+12 0.00057 
   81   81    1    1    1    1    1    1    1    1  7.12914E+12 0.00066 
   82   82    1    1    1    1    1    1    1    1  5.49408E+12 0.00086 
   83   83    1    1    1    1    1    1    1    1  4.21732E+12 0.00095 
   84   84    1    1    1    1    1    1    1    1  3.95230E+12 0.00090 
   85   85    1    1    1    1    1    1    1    1  2.84598E+12 0.00107 
   86   86    1    1    1    1    1    1    1    1  2.05574E+12 0.00094 
   87   87    1    1    1    1    1    1    1    1  1.91947E+12 0.00136 
   88   88    1    1    1    1    1    1    1    1  1.18307E+12 0.00130 
   89   89    1    1    1    1    1    1    1    1  7.98139E+11 0.00256 
   90   90    1    1    1    1    1    1    1    1  4.62021E+11 0.00234 
   91   91    1    1    1    1    1    1    1    1  5.87137E+11 0.00207 
   92   92    1    1    1    1    1    1    1    1  0.00000E+00 0.00000 
   93   93    1    1    1    1    1    1    1    1  0.00000E+00 0.00000 
   94   94    1    1    1    1    1    1    1    1  0.00000E+00 0.00000 
   95   95    1    1    1    1    1    1    1    1  0.00000E+00 0.00000 
   96   96    1    1    1    1    1    1    1    1  0.00000E+00 0.00000 
   97   97    1    1    1    1    1    1    1    1  0.00000E+00 0.00000 
   98   98    1    1    1    1    1    1    1    1  0.00000E+00 0.00000 
   99   99    1    1    1    1    1    1    1    1  0.00000E+00 0.00000 
  100  100    1    1    1    1    1    1    1    1  0.00000E+00 0.00000 
];


