
DETdpaspec = [
    1    1    1    1    1    1    1    1    1    1  0.00000E+00 0.00000 
    2    2    1    1    1    1    1    1    1    1  0.00000E+00 0.00000 
    3    3    1    1    1    1    1    1    1    1  0.00000E+00 0.00000 
    4    4    1    1    1    1    1    1    1    1  0.00000E+00 0.00000 
    5    5    1    1    1    1    1    1    1    1  0.00000E+00 0.00000 
    6    6    1    1    1    1    1    1    1    1  3.23529E+07 0.54653 
    7    7    1    1    1    1    1    1    1    1  6.42474E+07 0.72321 
    8    8    1    1    1    1    1    1    1    1  0.00000E+00 0.00000 
    9    9    1    1    1    1    1    1    1    1  7.64737E+07 0.50652 
   10   10    1    1    1    1    1    1    1    1  3.84518E+07 1.00000 
   11   11    1    1    1    1    1    1    1    1  3.69651E+08 0.49409 
   12   12    1    1    1    1    1    1    1    1  8.90981E+07 0.60606 
   13   13    1    1    1    1    1    1    1    1  3.70437E+09 0.27179 
   14   14    1    1    1    1    1    1    1    1  6.95001E+09 0.26368 
   15   15    1    1    1    1    1    1    1    1  1.13904E+10 0.41822 
   16   16    1    1    1    1    1    1    1    1  3.11071E+09 0.23402 
   17   17    1    1    1    1    1    1    1    1  4.89725E+09 0.22242 
   18   18    1    1    1    1    1    1    1    1  1.37978E+10 0.10329 
   19   19    1    1    1    1    1    1    1    1  1.92834E+10 0.12122 
   20   20    1    1    1    1    1    1    1    1  6.34640E+10 0.12387 
   21   21    1    1    1    1    1    1    1    1  4.45822E+10 0.15732 
   22   22    1    1    1    1    1    1    1    1  1.37408E+11 0.06094 
   23   23    1    1    1    1    1    1    1    1  1.90941E+11 0.04674 
   24   24    1    1    1    1    1    1    1    1  3.01516E+11 0.05225 
   25   25    1    1    1    1    1    1    1    1  4.55622E+11 0.04137 
   26   26    1    1    1    1    1    1    1    1  8.63065E+11 0.03183 
   27   27    1    1    1    1    1    1    1    1  1.71155E+12 0.02116 
   28   28    1    1    1    1    1    1    1    1  3.54886E+12 0.01159 
   29   29    1    1    1    1    1    1    1    1  4.85473E+12 0.01191 
   30   30    1    1    1    1    1    1    1    1  1.29616E+13 0.00763 
   31   31    1    1    1    1    1    1    1    1  3.11134E+13 0.00599 
   32   32    1    1    1    1    1    1    1    1  4.62158E+13 0.00422 
   33   33    1    1    1    1    1    1    1    1  9.03818E+13 0.00359 
   34   34    1    1    1    1    1    1    1    1  1.03065E+14 0.00315 
   35   35    1    1    1    1    1    1    1    1  1.48262E+14 0.00247 
   36   36    1    1    1    1    1    1    1    1  1.15948E+14 0.00273 
   37   37    1    1    1    1    1    1    1    1  3.66757E+13 0.00258 
   38   38    1    1    1    1    1    1    1    1  1.75738E+14 0.00184 
   39   39    1    1    1    1    1    1    1    1  2.15316E+14 0.00210 
   40   40    1    1    1    1    1    1    1    1  3.52975E+14 0.00185 
   41   41    1    1    1    1    1    1    1    1  3.43144E+14 0.00210 
   42   42    1    1    1    1    1    1    1    1  6.16563E+14 0.00196 
   43   43    1    1    1    1    1    1    1    1  6.71898E+14 0.00193 
   44   44    1    1    1    1    1    1    1    1  8.66327E+14 0.00180 
   45   45    1    1    1    1    1    1    1    1  1.52115E+15 0.00186 
   46   46    1    1    1    1    1    1    1    1  7.88353E+14 0.00186 
   47   47    1    1    1    1    1    1    1    1  1.14256E+15 0.00181 
   48   48    1    1    1    1    1    1    1    1  1.57965E+15 0.00154 
   49   49    1    1    1    1    1    1    1    1  1.43772E+15 0.00166 
   50   50    1    1    1    1    1    1    1    1  2.17429E+15 0.00169 
   51   51    1    1    1    1    1    1    1    1  1.71511E+15 0.00157 
   52   52    1    1    1    1    1    1    1    1  1.91825E+15 0.00193 
   53   53    1    1    1    1    1    1    1    1  1.36348E+15 0.00182 
   54   54    1    1    1    1    1    1    1    1  1.62826E+15 0.00156 
   55   55    1    1    1    1    1    1    1    1  1.15182E+15 0.00192 
   56   56    1    1    1    1    1    1    1    1  1.59788E+14 0.00197 
   57   57    1    1    1    1    1    1    1    1  2.22925E+15 0.00191 
   58   58    1    1    1    1    1    1    1    1  9.58833E+14 0.00217 
   59   59    1    1    1    1    1    1    1    1  1.04540E+15 0.00201 
   60   60    1    1    1    1    1    1    1    1  8.13809E+14 0.00202 
   61   61    1    1    1    1    1    1    1    1  8.13513E+14 0.00213 
   62   62    1    1    1    1    1    1    1    1  8.14010E+14 0.00224 
   63   63    1    1    1    1    1    1    1    1  6.74053E+14 0.00215 
   64   64    1    1    1    1    1    1    1    1  5.30626E+14 0.00247 
   65   65    1    1    1    1    1    1    1    1  5.20448E+14 0.00255 
   66   66    1    1    1    1    1    1    1    1  4.09029E+14 0.00240 
   67   67    1    1    1    1    1    1    1    1  3.37252E+14 0.00210 
   68   68    1    1    1    1    1    1    1    1  2.98625E+14 0.00213 
   69   69    1    1    1    1    1    1    1    1  3.61628E+14 0.00206 
   70   70    1    1    1    1    1    1    1    1  3.09975E+14 0.00288 
   71   71    1    1    1    1    1    1    1    1  5.83902E+14 0.00267 
   72   72    1    1    1    1    1    1    1    1  4.25523E+14 0.00309 
   73   73    1    1    1    1    1    1    1    1  3.25675E+14 0.00281 
   74   74    1    1    1    1    1    1    1    1  2.60819E+14 0.00280 
   75   75    1    1    1    1    1    1    1    1  2.10725E+14 0.00345 
   76   76    1    1    1    1    1    1    1    1  2.36981E+14 0.00286 
   77   77    1    1    1    1    1    1    1    1  1.82901E+14 0.00329 
   78   78    1    1    1    1    1    1    1    1  1.39747E+14 0.00339 
   79   79    1    1    1    1    1    1    1    1  1.43901E+14 0.00353 
   80   80    1    1    1    1    1    1    1    1  1.06042E+14 0.00319 
   81   81    1    1    1    1    1    1    1    1  8.24258E+13 0.00355 
   82   82    1    1    1    1    1    1    1    1  6.29045E+13 0.00492 
   83   83    1    1    1    1    1    1    1    1  5.91273E+13 0.00408 
   84   84    1    1    1    1    1    1    1    1  4.20874E+13 0.00591 
   85   85    1    1    1    1    1    1    1    1  3.03087E+13 0.00574 
   86   86    1    1    1    1    1    1    1    1  2.86346E+13 0.00493 
   87   87    1    1    1    1    1    1    1    1  1.77770E+13 0.00736 
   88   88    1    1    1    1    1    1    1    1  1.20096E+13 0.00905 
   89   89    1    1    1    1    1    1    1    1  6.94135E+12 0.01049 
   90   90    1    1    1    1    1    1    1    1  4.51258E+12 0.01764 
   91   91    1    1    1    1    1    1    1    1  2.37106E+12 0.02321 
   92   92    1    1    1    1    1    1    1    1  1.13137E+12 0.03095 
   93   93    1    1    1    1    1    1    1    1  5.26619E+11 0.04403 
   94   94    1    1    1    1    1    1    1    1  2.68165E+11 0.06501 
   95   95    1    1    1    1    1    1    1    1  1.26923E+11 0.08665 
   96   96    1    1    1    1    1    1    1    1  5.68414E+10 0.15290 
   97   97    1    1    1    1    1    1    1    1  2.44570E+10 0.14103 
   98   98    1    1    1    1    1    1    1    1  1.49270E+10 0.28040 
   99   99    1    1    1    1    1    1    1    1  8.28984E+09 0.32780 
  100  100    1    1    1    1    1    1    1    1  1.28377E+10 0.34555 
];


