
DETdpaspec = [
    1    1    1    1    1    1    1    1    1    1  0.00000E+00 0.00000 
    2    2    1    1    1    1    1    1    1    1  0.00000E+00 0.00000 
    3    3    1    1    1    1    1    1    1    1  0.00000E+00 0.00000 
    4    4    1    1    1    1    1    1    1    1  0.00000E+00 0.00000 
    5    5    1    1    1    1    1    1    1    1  0.00000E+00 0.00000 
    6    6    1    1    1    1    1    1    1    1  0.00000E+00 0.00000 
    7    7    1    1    1    1    1    1    1    1  0.00000E+00 0.00000 
    8    8    1    1    1    1    1    1    1    1  1.78505E+07 1.00000 
    9    9    1    1    1    1    1    1    1    1  1.30892E+07 1.00000 
   10   10    1    1    1    1    1    1    1    1  1.87506E+08 1.00000 
   11   11    1    1    1    1    1    1    1    1  1.70527E+08 0.72864 
   12   12    1    1    1    1    1    1    1    1  1.70716E+08 0.45949 
   13   13    1    1    1    1    1    1    1    1  7.14777E+08 0.55839 
   14   14    1    1    1    1    1    1    1    1  2.16202E+09 0.32978 
   15   15    1    1    1    1    1    1    1    1  1.84874E+09 0.64692 
   16   16    1    1    1    1    1    1    1    1  7.92821E+08 0.31922 
   17   17    1    1    1    1    1    1    1    1  4.88322E+09 0.25589 
   18   18    1    1    1    1    1    1    1    1  1.17557E+10 0.17708 
   19   19    1    1    1    1    1    1    1    1  1.43207E+10 0.15693 
   20   20    1    1    1    1    1    1    1    1  4.78507E+10 0.10435 
   21   21    1    1    1    1    1    1    1    1  3.48289E+10 0.11662 
   22   22    1    1    1    1    1    1    1    1  8.57156E+10 0.07665 
   23   23    1    1    1    1    1    1    1    1  1.21544E+11 0.05962 
   24   24    1    1    1    1    1    1    1    1  1.96045E+11 0.05338 
   25   25    1    1    1    1    1    1    1    1  3.03517E+11 0.04265 
   26   26    1    1    1    1    1    1    1    1  5.60420E+11 0.04245 
   27   27    1    1    1    1    1    1    1    1  1.13070E+12 0.02117 
   28   28    1    1    1    1    1    1    1    1  2.27872E+12 0.01589 
   29   29    1    1    1    1    1    1    1    1  3.05779E+12 0.01088 
   30   30    1    1    1    1    1    1    1    1  8.25825E+12 0.01104 
   31   31    1    1    1    1    1    1    1    1  1.93240E+13 0.00836 
   32   32    1    1    1    1    1    1    1    1  2.85333E+13 0.00768 
   33   33    1    1    1    1    1    1    1    1  5.52634E+13 0.00560 
   34   34    1    1    1    1    1    1    1    1  6.18330E+13 0.00424 
   35   35    1    1    1    1    1    1    1    1  9.01401E+13 0.00424 
   36   36    1    1    1    1    1    1    1    1  7.03533E+13 0.00407 
   37   37    1    1    1    1    1    1    1    1  2.22824E+13 0.00374 
   38   38    1    1    1    1    1    1    1    1  1.06066E+14 0.00378 
   39   39    1    1    1    1    1    1    1    1  1.30281E+14 0.00360 
   40   40    1    1    1    1    1    1    1    1  2.11444E+14 0.00329 
   41   41    1    1    1    1    1    1    1    1  2.05451E+14 0.00302 
   42   42    1    1    1    1    1    1    1    1  3.66190E+14 0.00277 
   43   43    1    1    1    1    1    1    1    1  3.97132E+14 0.00344 
   44   44    1    1    1    1    1    1    1    1  5.09858E+14 0.00373 
   45   45    1    1    1    1    1    1    1    1  8.89625E+14 0.00311 
   46   46    1    1    1    1    1    1    1    1  4.59162E+14 0.00333 
   47   47    1    1    1    1    1    1    1    1  6.64689E+14 0.00367 
   48   48    1    1    1    1    1    1    1    1  9.14859E+14 0.00326 
   49   49    1    1    1    1    1    1    1    1  8.31769E+14 0.00339 
   50   50    1    1    1    1    1    1    1    1  1.24699E+15 0.00326 
   51   51    1    1    1    1    1    1    1    1  9.86312E+14 0.00358 
   52   52    1    1    1    1    1    1    1    1  1.09784E+15 0.00378 
   53   53    1    1    1    1    1    1    1    1  7.78628E+14 0.00384 
   54   54    1    1    1    1    1    1    1    1  9.25620E+14 0.00391 
   55   55    1    1    1    1    1    1    1    1  6.54579E+14 0.00370 
   56   56    1    1    1    1    1    1    1    1  9.04965E+13 0.00435 
   57   57    1    1    1    1    1    1    1    1  1.26771E+15 0.00375 
   58   58    1    1    1    1    1    1    1    1  5.41219E+14 0.00395 
   59   59    1    1    1    1    1    1    1    1  5.89352E+14 0.00452 
   60   60    1    1    1    1    1    1    1    1  4.57498E+14 0.00437 
   61   61    1    1    1    1    1    1    1    1  4.57710E+14 0.00430 
   62   62    1    1    1    1    1    1    1    1  4.56640E+14 0.00465 
   63   63    1    1    1    1    1    1    1    1  3.78088E+14 0.00382 
   64   64    1    1    1    1    1    1    1    1  2.95224E+14 0.00444 
   65   65    1    1    1    1    1    1    1    1  2.89205E+14 0.00445 
   66   66    1    1    1    1    1    1    1    1  2.27814E+14 0.00369 
   67   67    1    1    1    1    1    1    1    1  1.88570E+14 0.00435 
   68   68    1    1    1    1    1    1    1    1  1.66775E+14 0.00401 
   69   69    1    1    1    1    1    1    1    1  2.01976E+14 0.00486 
   70   70    1    1    1    1    1    1    1    1  1.73369E+14 0.00483 
   71   71    1    1    1    1    1    1    1    1  3.27128E+14 0.00505 
   72   72    1    1    1    1    1    1    1    1  2.38475E+14 0.00519 
   73   73    1    1    1    1    1    1    1    1  1.81145E+14 0.00529 
   74   74    1    1    1    1    1    1    1    1  1.44286E+14 0.00508 
   75   75    1    1    1    1    1    1    1    1  1.16885E+14 0.00559 
   76   76    1    1    1    1    1    1    1    1  1.30984E+14 0.00488 
   77   77    1    1    1    1    1    1    1    1  1.00393E+14 0.00507 
   78   78    1    1    1    1    1    1    1    1  7.67565E+13 0.00523 
   79   79    1    1    1    1    1    1    1    1  7.84833E+13 0.00458 
   80   80    1    1    1    1    1    1    1    1  5.82200E+13 0.00613 
   81   81    1    1    1    1    1    1    1    1  4.46366E+13 0.00702 
   82   82    1    1    1    1    1    1    1    1  3.43904E+13 0.00704 
   83   83    1    1    1    1    1    1    1    1  3.21019E+13 0.00756 
   84   84    1    1    1    1    1    1    1    1  2.31173E+13 0.00645 
   85   85    1    1    1    1    1    1    1    1  1.66366E+13 0.00808 
   86   86    1    1    1    1    1    1    1    1  1.56955E+13 0.00706 
   87   87    1    1    1    1    1    1    1    1  9.61188E+12 0.01053 
   88   88    1    1    1    1    1    1    1    1  6.57987E+12 0.01459 
   89   89    1    1    1    1    1    1    1    1  3.75163E+12 0.01673 
   90   90    1    1    1    1    1    1    1    1  2.48789E+12 0.01534 
   91   91    1    1    1    1    1    1    1    1  1.30824E+12 0.02960 
   92   92    1    1    1    1    1    1    1    1  6.59773E+11 0.04624 
   93   93    1    1    1    1    1    1    1    1  3.05405E+11 0.05632 
   94   94    1    1    1    1    1    1    1    1  1.32500E+11 0.10282 
   95   95    1    1    1    1    1    1    1    1  7.21172E+10 0.10624 
   96   96    1    1    1    1    1    1    1    1  2.38640E+10 0.15477 
   97   97    1    1    1    1    1    1    1    1  1.88453E+10 0.22482 
   98   98    1    1    1    1    1    1    1    1  7.56168E+09 0.32024 
   99   99    1    1    1    1    1    1    1    1  7.80365E+09 0.40618 
  100  100    1    1    1    1    1    1    1    1  3.25111E+09 0.45651 
];


