
DETdpaspec = [
    1    1    1    1    1    1    1    1    1    1  0.00000E+00 0.00000 
    2    2    1    1    1    1    1    1    1    1  0.00000E+00 0.00000 
    3    3    1    1    1    1    1    1    1    1  0.00000E+00 0.00000 
    4    4    1    1    1    1    1    1    1    1  0.00000E+00 0.00000 
    5    5    1    1    1    1    1    1    1    1  0.00000E+00 0.00000 
    6    6    1    1    1    1    1    1    1    1  0.00000E+00 0.00000 
    7    7    1    1    1    1    1    1    1    1  0.00000E+00 0.00000 
    8    8    1    1    1    1    1    1    1    1  5.47462E+07 0.56034 
    9    9    1    1    1    1    1    1    1    1  1.27600E+07 1.00000 
   10   10    1    1    1    1    1    1    1    1  1.13410E+08 0.69802 
   11   11    1    1    1    1    1    1    1    1  6.60956E+08 0.44051 
   12   12    1    1    1    1    1    1    1    1  5.97765E+07 0.60431 
   13   13    1    1    1    1    1    1    1    1  4.98511E+09 0.36965 
   14   14    1    1    1    1    1    1    1    1  6.98102E+09 0.28699 
   15   15    1    1    1    1    1    1    1    1  9.72605E+09 0.23840 
   16   16    1    1    1    1    1    1    1    1  3.23490E+09 0.40595 
   17   17    1    1    1    1    1    1    1    1  7.57588E+09 0.17988 
   18   18    1    1    1    1    1    1    1    1  2.36393E+10 0.15688 
   19   19    1    1    1    1    1    1    1    1  2.70178E+10 0.13567 
   20   20    1    1    1    1    1    1    1    1  7.05329E+10 0.07836 
   21   21    1    1    1    1    1    1    1    1  5.51417E+10 0.08766 
   22   22    1    1    1    1    1    1    1    1  1.39160E+11 0.05441 
   23   23    1    1    1    1    1    1    1    1  2.66437E+11 0.06700 
   24   24    1    1    1    1    1    1    1    1  5.53309E+11 0.03665 
   25   25    1    1    1    1    1    1    1    1  9.70486E+11 0.02961 
   26   26    1    1    1    1    1    1    1    1  2.02305E+12 0.01070 
   27   27    1    1    1    1    1    1    1    1  4.45553E+12 0.00943 
   28   28    1    1    1    1    1    1    1    1  1.03758E+13 0.00720 
   29   29    1    1    1    1    1    1    1    1  1.59470E+13 0.00625 
   30   30    1    1    1    1    1    1    1    1  3.63499E+13 0.00524 
   31   31    1    1    1    1    1    1    1    1  8.61018E+13 0.00449 
   32   32    1    1    1    1    1    1    1    1  1.27673E+14 0.00387 
   33   33    1    1    1    1    1    1    1    1  2.52800E+14 0.00268 
   34   34    1    1    1    1    1    1    1    1  3.04054E+14 0.00211 
   35   35    1    1    1    1    1    1    1    1  4.01720E+14 0.00171 
   36   36    1    1    1    1    1    1    1    1  3.08303E+14 0.00165 
   37   37    1    1    1    1    1    1    1    1  9.44730E+13 0.00164 
   38   38    1    1    1    1    1    1    1    1  4.68721E+14 0.00154 
   39   39    1    1    1    1    1    1    1    1  5.78229E+14 0.00155 
   40   40    1    1    1    1    1    1    1    1  9.74655E+14 0.00125 
   41   41    1    1    1    1    1    1    1    1  9.24103E+14 0.00086 
   42   42    1    1    1    1    1    1    1    1  1.70822E+15 0.00109 
   43   43    1    1    1    1    1    1    1    1  1.88258E+15 0.00094 
   44   44    1    1    1    1    1    1    1    1  2.45642E+15 0.00088 
   45   45    1    1    1    1    1    1    1    1  4.42337E+15 0.00066 
   46   46    1    1    1    1    1    1    1    1  2.32047E+15 0.00080 
   47   47    1    1    1    1    1    1    1    1  3.33553E+15 0.00081 
   48   48    1    1    1    1    1    1    1    1  4.67686E+15 0.00059 
   49   49    1    1    1    1    1    1    1    1  4.23725E+15 0.00088 
   50   50    1    1    1    1    1    1    1    1  6.59791E+15 0.00087 
   51   51    1    1    1    1    1    1    1    1  5.16930E+15 0.00088 
   52   52    1    1    1    1    1    1    1    1  5.94310E+15 0.00081 
   53   53    1    1    1    1    1    1    1    1  4.23385E+15 0.00085 
   54   54    1    1    1    1    1    1    1    1  5.19285E+15 0.00088 
   55   55    1    1    1    1    1    1    1    1  3.68001E+15 0.00081 
   56   56    1    1    1    1    1    1    1    1  5.07361E+14 0.00103 
   57   57    1    1    1    1    1    1    1    1  7.16101E+15 0.00078 
   58   58    1    1    1    1    1    1    1    1  3.18206E+15 0.00078 
   59   59    1    1    1    1    1    1    1    1  3.45365E+15 0.00087 
   60   60    1    1    1    1    1    1    1    1  2.76093E+15 0.00076 
   61   61    1    1    1    1    1    1    1    1  2.76054E+15 0.00084 
   62   62    1    1    1    1    1    1    1    1  2.78412E+15 0.00085 
   63   63    1    1    1    1    1    1    1    1  2.33557E+15 0.00086 
   64   64    1    1    1    1    1    1    1    1  1.83975E+15 0.00089 
   65   65    1    1    1    1    1    1    1    1  1.80820E+15 0.00096 
   66   66    1    1    1    1    1    1    1    1  1.43709E+15 0.00129 
   67   67    1    1    1    1    1    1    1    1  1.17789E+15 0.00112 
   68   68    1    1    1    1    1    1    1    1  1.04150E+15 0.00098 
   69   69    1    1    1    1    1    1    1    1  1.26522E+15 0.00152 
   70   70    1    1    1    1    1    1    1    1  1.08537E+15 0.00115 
   71   71    1    1    1    1    1    1    1    1  2.01952E+15 0.00099 
   72   72    1    1    1    1    1    1    1    1  1.46503E+15 0.00097 
   73   73    1    1    1    1    1    1    1    1  1.13214E+15 0.00123 
   74   74    1    1    1    1    1    1    1    1  9.18674E+14 0.00156 
   75   75    1    1    1    1    1    1    1    1  7.59352E+14 0.00145 
   76   76    1    1    1    1    1    1    1    1  8.74120E+14 0.00142 
   77   77    1    1    1    1    1    1    1    1  6.86084E+14 0.00132 
   78   78    1    1    1    1    1    1    1    1  5.34787E+14 0.00139 
   79   79    1    1    1    1    1    1    1    1  5.54246E+14 0.00139 
   80   80    1    1    1    1    1    1    1    1  4.13009E+14 0.00154 
   81   81    1    1    1    1    1    1    1    1  3.18439E+14 0.00153 
   82   82    1    1    1    1    1    1    1    1  2.46129E+14 0.00191 
   83   83    1    1    1    1    1    1    1    1  2.30295E+14 0.00196 
   84   84    1    1    1    1    1    1    1    1  1.65670E+14 0.00251 
   85   85    1    1    1    1    1    1    1    1  1.19819E+14 0.00204 
   86   86    1    1    1    1    1    1    1    1  1.11715E+14 0.00310 
   87   87    1    1    1    1    1    1    1    1  6.86426E+13 0.00300 
   88   88    1    1    1    1    1    1    1    1  4.63200E+13 0.00476 
   89   89    1    1    1    1    1    1    1    1  2.66172E+13 0.00641 
   90   90    1    1    1    1    1    1    1    1  1.77788E+13 0.00746 
   91   91    1    1    1    1    1    1    1    1  8.94102E+12 0.00937 
   92   92    1    1    1    1    1    1    1    1  4.37828E+12 0.01110 
   93   93    1    1    1    1    1    1    1    1  2.08349E+12 0.02523 
   94   94    1    1    1    1    1    1    1    1  9.84428E+11 0.03404 
   95   95    1    1    1    1    1    1    1    1  4.96643E+11 0.03283 
   96   96    1    1    1    1    1    1    1    1  2.32141E+11 0.05161 
   97   97    1    1    1    1    1    1    1    1  9.24137E+10 0.09698 
   98   98    1    1    1    1    1    1    1    1  4.47658E+10 0.13754 
   99   99    1    1    1    1    1    1    1    1  2.25254E+10 0.18613 
  100  100    1    1    1    1    1    1    1    1  3.58658E+10 0.19318 
];


