
DETdpaspec = [
    1    1    1    1    1    1    1    1    1    1  0.00000E+00 0.00000 
    2    2    1    1    1    1    1    1    1    1  0.00000E+00 0.00000 
    3    3    1    1    1    1    1    1    1    1  0.00000E+00 0.00000 
    4    4    1    1    1    1    1    1    1    1  0.00000E+00 0.00000 
    5    5    1    1    1    1    1    1    1    1  0.00000E+00 0.00000 
    6    6    1    1    1    1    1    1    1    1  1.06189E+07 1.00000 
    7    7    1    1    1    1    1    1    1    1  0.00000E+00 0.00000 
    8    8    1    1    1    1    1    1    1    1  4.26157E+07 0.69047 
    9    9    1    1    1    1    1    1    1    1  1.40084E+07 1.00000 
   10   10    1    1    1    1    1    1    1    1  2.37637E+08 0.68949 
   11   11    1    1    1    1    1    1    1    1  2.00453E+08 0.72166 
   12   12    1    1    1    1    1    1    1    1  1.32877E+08 0.44209 
   13   13    1    1    1    1    1    1    1    1  9.86125E+08 0.36978 
   14   14    1    1    1    1    1    1    1    1  3.08170E+09 0.32197 
   15   15    1    1    1    1    1    1    1    1  3.70132E+09 0.32358 
   16   16    1    1    1    1    1    1    1    1  2.12535E+09 0.38753 
   17   17    1    1    1    1    1    1    1    1  4.53944E+09 0.24381 
   18   18    1    1    1    1    1    1    1    1  1.26304E+10 0.18986 
   19   19    1    1    1    1    1    1    1    1  1.54184E+10 0.13487 
   20   20    1    1    1    1    1    1    1    1  5.35712E+10 0.10204 
   21   21    1    1    1    1    1    1    1    1  4.44387E+10 0.08423 
   22   22    1    1    1    1    1    1    1    1  1.14250E+11 0.07327 
   23   23    1    1    1    1    1    1    1    1  1.44810E+11 0.05978 
   24   24    1    1    1    1    1    1    1    1  2.41255E+11 0.05497 
   25   25    1    1    1    1    1    1    1    1  3.88552E+11 0.04447 
   26   26    1    1    1    1    1    1    1    1  6.92499E+11 0.03424 
   27   27    1    1    1    1    1    1    1    1  1.44588E+12 0.01902 
   28   28    1    1    1    1    1    1    1    1  3.04290E+12 0.01616 
   29   29    1    1    1    1    1    1    1    1  4.09807E+12 0.01357 
   30   30    1    1    1    1    1    1    1    1  1.10008E+13 0.01034 
   31   31    1    1    1    1    1    1    1    1  2.58410E+13 0.00800 
   32   32    1    1    1    1    1    1    1    1  3.86185E+13 0.00742 
   33   33    1    1    1    1    1    1    1    1  7.45050E+13 0.00378 
   34   34    1    1    1    1    1    1    1    1  8.44192E+13 0.00427 
   35   35    1    1    1    1    1    1    1    1  1.21737E+14 0.00339 
   36   36    1    1    1    1    1    1    1    1  9.51801E+13 0.00277 
   37   37    1    1    1    1    1    1    1    1  3.01819E+13 0.00311 
   38   38    1    1    1    1    1    1    1    1  1.44273E+14 0.00207 
   39   39    1    1    1    1    1    1    1    1  1.77245E+14 0.00214 
   40   40    1    1    1    1    1    1    1    1  2.89252E+14 0.00200 
   41   41    1    1    1    1    1    1    1    1  2.81026E+14 0.00215 
   42   42    1    1    1    1    1    1    1    1  5.04095E+14 0.00198 
   43   43    1    1    1    1    1    1    1    1  5.47344E+14 0.00205 
   44   44    1    1    1    1    1    1    1    1  7.04317E+14 0.00216 
   45   45    1    1    1    1    1    1    1    1  1.23281E+15 0.00205 
   46   46    1    1    1    1    1    1    1    1  6.39166E+14 0.00231 
   47   47    1    1    1    1    1    1    1    1  9.25284E+14 0.00237 
   48   48    1    1    1    1    1    1    1    1  1.27472E+15 0.00234 
   49   49    1    1    1    1    1    1    1    1  1.16136E+15 0.00241 
   50   50    1    1    1    1    1    1    1    1  1.75072E+15 0.00236 
   51   51    1    1    1    1    1    1    1    1  1.38039E+15 0.00241 
   52   52    1    1    1    1    1    1    1    1  1.54017E+15 0.00263 
   53   53    1    1    1    1    1    1    1    1  1.09447E+15 0.00292 
   54   54    1    1    1    1    1    1    1    1  1.30332E+15 0.00266 
   55   55    1    1    1    1    1    1    1    1  9.23626E+14 0.00279 
   56   56    1    1    1    1    1    1    1    1  1.27966E+14 0.00311 
   57   57    1    1    1    1    1    1    1    1  1.78725E+15 0.00257 
   58   58    1    1    1    1    1    1    1    1  7.67277E+14 0.00263 
   59   59    1    1    1    1    1    1    1    1  8.35170E+14 0.00278 
   60   60    1    1    1    1    1    1    1    1  6.49000E+14 0.00245 
   61   61    1    1    1    1    1    1    1    1  6.48168E+14 0.00263 
   62   62    1    1    1    1    1    1    1    1  6.47532E+14 0.00282 
   63   63    1    1    1    1    1    1    1    1  5.36337E+14 0.00289 
   64   64    1    1    1    1    1    1    1    1  4.19921E+14 0.00287 
   65   65    1    1    1    1    1    1    1    1  4.12374E+14 0.00304 
   66   66    1    1    1    1    1    1    1    1  3.24559E+14 0.00326 
   67   67    1    1    1    1    1    1    1    1  2.67312E+14 0.00366 
   68   68    1    1    1    1    1    1    1    1  2.36867E+14 0.00285 
   69   69    1    1    1    1    1    1    1    1  2.86321E+14 0.00315 
   70   70    1    1    1    1    1    1    1    1  2.45944E+14 0.00319 
   71   71    1    1    1    1    1    1    1    1  4.64845E+14 0.00343 
   72   72    1    1    1    1    1    1    1    1  3.37904E+14 0.00345 
   73   73    1    1    1    1    1    1    1    1  2.59301E+14 0.00289 
   74   74    1    1    1    1    1    1    1    1  2.06372E+14 0.00357 
   75   75    1    1    1    1    1    1    1    1  1.66576E+14 0.00401 
   76   76    1    1    1    1    1    1    1    1  1.88485E+14 0.00424 
   77   77    1    1    1    1    1    1    1    1  1.44372E+14 0.00426 
   78   78    1    1    1    1    1    1    1    1  1.09967E+14 0.00336 
   79   79    1    1    1    1    1    1    1    1  1.13021E+14 0.00447 
   80   80    1    1    1    1    1    1    1    1  8.41745E+13 0.00362 
   81   81    1    1    1    1    1    1    1    1  6.46720E+13 0.00388 
   82   82    1    1    1    1    1    1    1    1  4.90935E+13 0.00491 
   83   83    1    1    1    1    1    1    1    1  4.63369E+13 0.00564 
   84   84    1    1    1    1    1    1    1    1  3.31652E+13 0.00561 
   85   85    1    1    1    1    1    1    1    1  2.39144E+13 0.00586 
   86   86    1    1    1    1    1    1    1    1  2.25957E+13 0.00668 
   87   87    1    1    1    1    1    1    1    1  1.39593E+13 0.00987 
   88   88    1    1    1    1    1    1    1    1  9.45749E+12 0.01025 
   89   89    1    1    1    1    1    1    1    1  5.49670E+12 0.01132 
   90   90    1    1    1    1    1    1    1    1  3.60211E+12 0.01184 
   91   91    1    1    1    1    1    1    1    1  1.83875E+12 0.02604 
   92   92    1    1    1    1    1    1    1    1  9.27901E+11 0.03205 
   93   93    1    1    1    1    1    1    1    1  4.40154E+11 0.04580 
   94   94    1    1    1    1    1    1    1    1  2.13479E+11 0.05858 
   95   95    1    1    1    1    1    1    1    1  9.80584E+10 0.07669 
   96   96    1    1    1    1    1    1    1    1  5.13631E+10 0.10678 
   97   97    1    1    1    1    1    1    1    1  1.17493E+10 0.18560 
   98   98    1    1    1    1    1    1    1    1  1.46704E+10 0.28888 
   99   99    1    1    1    1    1    1    1    1  3.53210E+09 0.49653 
  100  100    1    1    1    1    1    1    1    1  6.77245E+09 0.35308 
];


