
DETdpaspec = [
    1    1    1    1    1    1    1    1    1    1  0.00000E+00 0.00000 
    2    2    1    1    1    1    1    1    1    1  0.00000E+00 0.00000 
    3    3    1    1    1    1    1    1    1    1  1.12697E+07 1.00000 
    4    4    1    1    1    1    1    1    1    1  0.00000E+00 0.00000 
    5    5    1    1    1    1    1    1    1    1  1.36377E+07 1.00000 
    6    6    1    1    1    1    1    1    1    1  0.00000E+00 0.00000 
    7    7    1    1    1    1    1    1    1    1  1.88149E+07 1.00000 
    8    8    1    1    1    1    1    1    1    1  2.00033E+07 1.00000 
    9    9    1    1    1    1    1    1    1    1  5.00610E+07 0.70295 
   10   10    1    1    1    1    1    1    1    1  8.71281E+07 0.71619 
   11   11    1    1    1    1    1    1    1    1  7.49299E+08 0.57987 
   12   12    1    1    1    1    1    1    1    1  2.12096E+08 0.45024 
   13   13    1    1    1    1    1    1    1    1  2.35399E+09 0.40144 
   14   14    1    1    1    1    1    1    1    1  5.55514E+09 0.26302 
   15   15    1    1    1    1    1    1    1    1  1.34483E+10 0.20009 
   16   16    1    1    1    1    1    1    1    1  2.92108E+09 0.26386 
   17   17    1    1    1    1    1    1    1    1  8.05678E+09 0.19080 
   18   18    1    1    1    1    1    1    1    1  2.19733E+10 0.17996 
   19   19    1    1    1    1    1    1    1    1  2.20178E+10 0.12672 
   20   20    1    1    1    1    1    1    1    1  7.75706E+10 0.07659 
   21   21    1    1    1    1    1    1    1    1  6.80473E+10 0.08098 
   22   22    1    1    1    1    1    1    1    1  1.63449E+11 0.05214 
   23   23    1    1    1    1    1    1    1    1  2.67650E+11 0.04555 
   24   24    1    1    1    1    1    1    1    1  4.70304E+11 0.03575 
   25   25    1    1    1    1    1    1    1    1  6.75436E+11 0.03295 
   26   26    1    1    1    1    1    1    1    1  1.37395E+12 0.02073 
   27   27    1    1    1    1    1    1    1    1  3.01240E+12 0.01260 
   28   28    1    1    1    1    1    1    1    1  7.02148E+12 0.00939 
   29   29    1    1    1    1    1    1    1    1  1.01422E+13 0.00681 
   30   30    1    1    1    1    1    1    1    1  2.52525E+13 0.00483 
   31   31    1    1    1    1    1    1    1    1  6.14875E+13 0.00402 
   32   32    1    1    1    1    1    1    1    1  9.27016E+13 0.00319 
   33   33    1    1    1    1    1    1    1    1  1.85131E+14 0.00278 
   34   34    1    1    1    1    1    1    1    1  2.17781E+14 0.00269 
   35   35    1    1    1    1    1    1    1    1  3.02616E+14 0.00212 
   36   36    1    1    1    1    1    1    1    1  2.36606E+14 0.00228 
   37   37    1    1    1    1    1    1    1    1  7.39178E+13 0.00244 
   38   38    1    1    1    1    1    1    1    1  3.61423E+14 0.00207 
   39   39    1    1    1    1    1    1    1    1  4.46200E+14 0.00161 
   40   40    1    1    1    1    1    1    1    1  7.44627E+14 0.00184 
   41   41    1    1    1    1    1    1    1    1  7.17037E+14 0.00154 
   42   42    1    1    1    1    1    1    1    1  1.31314E+15 0.00148 
   43   43    1    1    1    1    1    1    1    1  1.44141E+15 0.00116 
   44   44    1    1    1    1    1    1    1    1  1.87612E+15 0.00110 
   45   45    1    1    1    1    1    1    1    1  3.35453E+15 0.00115 
   46   46    1    1    1    1    1    1    1    1  1.75597E+15 0.00129 
   47   47    1    1    1    1    1    1    1    1  2.53940E+15 0.00115 
   48   48    1    1    1    1    1    1    1    1  3.54149E+15 0.00111 
   49   49    1    1    1    1    1    1    1    1  3.22404E+15 0.00136 
   50   50    1    1    1    1    1    1    1    1  4.96973E+15 0.00120 
   51   51    1    1    1    1    1    1    1    1  3.91412E+15 0.00136 
   52   52    1    1    1    1    1    1    1    1  4.44748E+15 0.00133 
   53   53    1    1    1    1    1    1    1    1  3.17142E+15 0.00162 
   54   54    1    1    1    1    1    1    1    1  3.84649E+15 0.00168 
   55   55    1    1    1    1    1    1    1    1  2.72763E+15 0.00157 
   56   56    1    1    1    1    1    1    1    1  3.76507E+14 0.00180 
   57   57    1    1    1    1    1    1    1    1  5.30361E+15 0.00123 
   58   58    1    1    1    1    1    1    1    1  2.32283E+15 0.00150 
   59   59    1    1    1    1    1    1    1    1  2.52911E+15 0.00144 
   60   60    1    1    1    1    1    1    1    1  1.99863E+15 0.00146 
   61   61    1    1    1    1    1    1    1    1  1.99931E+15 0.00144 
   62   62    1    1    1    1    1    1    1    1  2.01242E+15 0.00134 
   63   63    1    1    1    1    1    1    1    1  1.67868E+15 0.00156 
   64   64    1    1    1    1    1    1    1    1  1.32245E+15 0.00134 
   65   65    1    1    1    1    1    1    1    1  1.30035E+15 0.00129 
   66   66    1    1    1    1    1    1    1    1  1.02756E+15 0.00160 
   67   67    1    1    1    1    1    1    1    1  8.46777E+14 0.00188 
   68   68    1    1    1    1    1    1    1    1  7.49317E+14 0.00165 
   69   69    1    1    1    1    1    1    1    1  9.08557E+14 0.00206 
   70   70    1    1    1    1    1    1    1    1  7.80110E+14 0.00197 
   71   71    1    1    1    1    1    1    1    1  1.45960E+15 0.00184 
   72   72    1    1    1    1    1    1    1    1  1.06213E+15 0.00208 
   73   73    1    1    1    1    1    1    1    1  8.16949E+14 0.00210 
   74   74    1    1    1    1    1    1    1    1  6.59607E+14 0.00159 
   75   75    1    1    1    1    1    1    1    1  5.39393E+14 0.00156 
   76   76    1    1    1    1    1    1    1    1  6.15195E+14 0.00185 
   77   77    1    1    1    1    1    1    1    1  4.79858E+14 0.00183 
   78   78    1    1    1    1    1    1    1    1  3.69724E+14 0.00241 
   79   79    1    1    1    1    1    1    1    1  3.80636E+14 0.00148 
   80   80    1    1    1    1    1    1    1    1  2.84486E+14 0.00206 
   81   81    1    1    1    1    1    1    1    1  2.19318E+14 0.00301 
   82   82    1    1    1    1    1    1    1    1  1.69073E+14 0.00265 
   83   83    1    1    1    1    1    1    1    1  1.57067E+14 0.00291 
   84   84    1    1    1    1    1    1    1    1  1.13931E+14 0.00311 
   85   85    1    1    1    1    1    1    1    1  8.18980E+13 0.00244 
   86   86    1    1    1    1    1    1    1    1  7.65175E+13 0.00481 
   87   87    1    1    1    1    1    1    1    1  4.77713E+13 0.00246 
   88   88    1    1    1    1    1    1    1    1  3.20723E+13 0.00479 
   89   89    1    1    1    1    1    1    1    1  1.84528E+13 0.00746 
   90   90    1    1    1    1    1    1    1    1  1.23226E+13 0.00736 
   91   91    1    1    1    1    1    1    1    1  6.12554E+12 0.01150 
   92   92    1    1    1    1    1    1    1    1  3.05897E+12 0.01620 
   93   93    1    1    1    1    1    1    1    1  1.48119E+12 0.01711 
   94   94    1    1    1    1    1    1    1    1  6.79781E+11 0.03358 
   95   95    1    1    1    1    1    1    1    1  3.45007E+11 0.05002 
   96   96    1    1    1    1    1    1    1    1  1.67676E+11 0.04593 
   97   97    1    1    1    1    1    1    1    1  8.43840E+10 0.11210 
   98   98    1    1    1    1    1    1    1    1  4.30889E+10 0.16390 
   99   99    1    1    1    1    1    1    1    1  2.12515E+10 0.17487 
  100  100    1    1    1    1    1    1    1    1  2.38754E+10 0.24691 
];


