
DETdpaspec = [
    1    1    1    1    1    1    1    1    1    1  0.00000E+00 0.00000 
    2    2    1    1    1    1    1    1    1    1  0.00000E+00 0.00000 
    3    3    1    1    1    1    1    1    1    1  0.00000E+00 0.00000 
    4    4    1    1    1    1    1    1    1    1  0.00000E+00 0.00000 
    5    5    1    1    1    1    1    1    1    1  0.00000E+00 0.00000 
    6    6    1    1    1    1    1    1    1    1  0.00000E+00 0.00000 
    7    7    1    1    1    1    1    1    1    1  0.00000E+00 0.00000 
    8    8    1    1    1    1    1    1    1    1  0.00000E+00 0.00000 
    9    9    1    1    1    1    1    1    1    1  2.54116E+07 0.69441 
   10   10    1    1    1    1    1    1    1    1  5.23004E+07 1.00000 
   11   11    1    1    1    1    1    1    1    1  0.00000E+00 0.00000 
   12   12    1    1    1    1    1    1    1    1  2.31379E+08 0.57218 
   13   13    1    1    1    1    1    1    1    1  3.15212E+09 0.47761 
   14   14    1    1    1    1    1    1    1    1  1.16709E+10 0.35625 
   15   15    1    1    1    1    1    1    1    1  9.06733E+09 0.32025 
   16   16    1    1    1    1    1    1    1    1  2.72762E+09 0.24757 
   17   17    1    1    1    1    1    1    1    1  7.24266E+09 0.24100 
   18   18    1    1    1    1    1    1    1    1  1.39742E+10 0.14456 
   19   19    1    1    1    1    1    1    1    1  2.00649E+10 0.13321 
   20   20    1    1    1    1    1    1    1    1  7.14728E+10 0.11570 
   21   21    1    1    1    1    1    1    1    1  5.97523E+10 0.13751 
   22   22    1    1    1    1    1    1    1    1  1.31495E+11 0.05757 
   23   23    1    1    1    1    1    1    1    1  3.68096E+11 0.04759 
   24   24    1    1    1    1    1    1    1    1  9.55930E+11 0.02132 
   25   25    1    1    1    1    1    1    1    1  1.77716E+12 0.01839 
   26   26    1    1    1    1    1    1    1    1  3.81658E+12 0.01320 
   27   27    1    1    1    1    1    1    1    1  7.97436E+12 0.00933 
   28   28    1    1    1    1    1    1    1    1  1.80725E+13 0.00451 
   29   29    1    1    1    1    1    1    1    1  2.79331E+13 0.00619 
   30   30    1    1    1    1    1    1    1    1  5.63599E+13 0.00448 
   31   31    1    1    1    1    1    1    1    1  1.24861E+14 0.00335 
   32   32    1    1    1    1    1    1    1    1  1.78089E+14 0.00216 
   33   33    1    1    1    1    1    1    1    1  3.39888E+14 0.00175 
   34   34    1    1    1    1    1    1    1    1  4.08745E+14 0.00144 
   35   35    1    1    1    1    1    1    1    1  5.04892E+14 0.00105 
   36   36    1    1    1    1    1    1    1    1  3.75017E+14 0.00096 
   37   37    1    1    1    1    1    1    1    1  1.13072E+14 0.00109 
   38   38    1    1    1    1    1    1    1    1  5.65734E+14 0.00092 
   39   39    1    1    1    1    1    1    1    1  6.93041E+14 0.00114 
   40   40    1    1    1    1    1    1    1    1  1.16915E+15 0.00098 
   41   41    1    1    1    1    1    1    1    1  1.08836E+15 0.00090 
   42   42    1    1    1    1    1    1    1    1  2.01675E+15 0.00080 
   43   43    1    1    1    1    1    1    1    1  2.21060E+15 0.00067 
   44   44    1    1    1    1    1    1    1    1  2.87367E+15 0.00071 
   45   45    1    1    1    1    1    1    1    1  5.16307E+15 0.00048 
   46   46    1    1    1    1    1    1    1    1  2.69221E+15 0.00054 
   47   47    1    1    1    1    1    1    1    1  3.84361E+15 0.00076 
   48   48    1    1    1    1    1    1    1    1  5.37682E+15 0.00070 
   49   49    1    1    1    1    1    1    1    1  4.83578E+15 0.00078 
   50   50    1    1    1    1    1    1    1    1  7.57280E+15 0.00069 
   51   51    1    1    1    1    1    1    1    1  5.87945E+15 0.00069 
   52   52    1    1    1    1    1    1    1    1  6.79986E+15 0.00064 
   53   53    1    1    1    1    1    1    1    1  4.82845E+15 0.00089 
   54   54    1    1    1    1    1    1    1    1  5.96437E+15 0.00063 
   55   55    1    1    1    1    1    1    1    1  4.21944E+15 0.00072 
   56   56    1    1    1    1    1    1    1    1  5.79634E+14 0.00142 
   57   57    1    1    1    1    1    1    1    1  8.19277E+15 0.00077 
   58   58    1    1    1    1    1    1    1    1  3.67736E+15 0.00067 
   59   59    1    1    1    1    1    1    1    1  3.97158E+15 0.00057 
   60   60    1    1    1    1    1    1    1    1  3.20017E+15 0.00089 
   61   61    1    1    1    1    1    1    1    1  3.19368E+15 0.00071 
   62   62    1    1    1    1    1    1    1    1  3.22453E+15 0.00086 
   63   63    1    1    1    1    1    1    1    1  2.70709E+15 0.00080 
   64   64    1    1    1    1    1    1    1    1  2.13574E+15 0.00074 
   65   65    1    1    1    1    1    1    1    1  2.09294E+15 0.00082 
   66   66    1    1    1    1    1    1    1    1  1.66328E+15 0.00090 
   67   67    1    1    1    1    1    1    1    1  1.36265E+15 0.00111 
   68   68    1    1    1    1    1    1    1    1  1.20171E+15 0.00115 
   69   69    1    1    1    1    1    1    1    1  1.45894E+15 0.00105 
   70   70    1    1    1    1    1    1    1    1  1.24995E+15 0.00099 
   71   71    1    1    1    1    1    1    1    1  2.29811E+15 0.00110 
   72   72    1    1    1    1    1    1    1    1  1.66687E+15 0.00103 
   73   73    1    1    1    1    1    1    1    1  1.28651E+15 0.00127 
   74   74    1    1    1    1    1    1    1    1  1.05289E+15 0.00105 
   75   75    1    1    1    1    1    1    1    1  8.73462E+14 0.00096 
   76   76    1    1    1    1    1    1    1    1  1.01212E+15 0.00121 
   77   77    1    1    1    1    1    1    1    1  8.00497E+14 0.00125 
   78   78    1    1    1    1    1    1    1    1  6.27094E+14 0.00155 
   79   79    1    1    1    1    1    1    1    1  6.52472E+14 0.00134 
   80   80    1    1    1    1    1    1    1    1  4.87052E+14 0.00107 
   81   81    1    1    1    1    1    1    1    1  3.76215E+14 0.00203 
   82   82    1    1    1    1    1    1    1    1  2.91160E+14 0.00273 
   83   83    1    1    1    1    1    1    1    1  2.71888E+14 0.00196 
   84   84    1    1    1    1    1    1    1    1  1.96620E+14 0.00212 
   85   85    1    1    1    1    1    1    1    1  1.41893E+14 0.00264 
   86   86    1    1    1    1    1    1    1    1  1.32971E+14 0.00246 
   87   87    1    1    1    1    1    1    1    1  8.14726E+13 0.00368 
   88   88    1    1    1    1    1    1    1    1  5.47948E+13 0.00394 
   89   89    1    1    1    1    1    1    1    1  3.13196E+13 0.00521 
   90   90    1    1    1    1    1    1    1    1  2.09068E+13 0.00682 
   91   91    1    1    1    1    1    1    1    1  1.06622E+13 0.00894 
   92   92    1    1    1    1    1    1    1    1  5.07324E+12 0.01452 
   93   93    1    1    1    1    1    1    1    1  2.40755E+12 0.01985 
   94   94    1    1    1    1    1    1    1    1  1.20447E+12 0.03375 
   95   95    1    1    1    1    1    1    1    1  5.91794E+11 0.04099 
   96   96    1    1    1    1    1    1    1    1  2.69840E+11 0.04181 
   97   97    1    1    1    1    1    1    1    1  1.26544E+11 0.09409 
   98   98    1    1    1    1    1    1    1    1  6.01396E+10 0.12258 
   99   99    1    1    1    1    1    1    1    1  2.54190E+10 0.19504 
  100  100    1    1    1    1    1    1    1    1  3.63081E+10 0.16624 
];


