
DETdpaspec = [
    1    1    1    1    1    1    1    1    1    1  0.00000E+00 0.00000 
    2    2    1    1    1    1    1    1    1    1  0.00000E+00 0.00000 
    3    3    1    1    1    1    1    1    1    1  0.00000E+00 0.00000 
    4    4    1    1    1    1    1    1    1    1  0.00000E+00 0.00000 
    5    5    1    1    1    1    1    1    1    1  0.00000E+00 0.00000 
    6    6    1    1    1    1    1    1    1    1  1.52355E+07 1.00000 
    7    7    1    1    1    1    1    1    1    1  7.27820E+07 0.54613 
    8    8    1    1    1    1    1    1    1    1  4.23861E+07 0.68878 
    9    9    1    1    1    1    1    1    1    1  0.00000E+00 0.00000 
   10   10    1    1    1    1    1    1    1    1  0.00000E+00 0.00000 
   11   11    1    1    1    1    1    1    1    1  2.40920E+08 0.46104 
   12   12    1    1    1    1    1    1    1    1  2.92975E+08 0.34726 
   13   13    1    1    1    1    1    1    1    1  3.10871E+09 0.30711 
   14   14    1    1    1    1    1    1    1    1  4.37343E+09 0.38678 
   15   15    1    1    1    1    1    1    1    1  1.18186E+10 0.27294 
   16   16    1    1    1    1    1    1    1    1  4.65226E+09 0.22593 
   17   17    1    1    1    1    1    1    1    1  6.39366E+09 0.16607 
   18   18    1    1    1    1    1    1    1    1  1.76345E+10 0.15230 
   19   19    1    1    1    1    1    1    1    1  2.43871E+10 0.12792 
   20   20    1    1    1    1    1    1    1    1  7.79714E+10 0.13437 
   21   21    1    1    1    1    1    1    1    1  6.79465E+10 0.10537 
   22   22    1    1    1    1    1    1    1    1  1.49085E+11 0.06334 
   23   23    1    1    1    1    1    1    1    1  2.40379E+11 0.04963 
   24   24    1    1    1    1    1    1    1    1  5.00890E+11 0.03635 
   25   25    1    1    1    1    1    1    1    1  7.62628E+11 0.03441 
   26   26    1    1    1    1    1    1    1    1  1.57516E+12 0.02350 
   27   27    1    1    1    1    1    1    1    1  3.49928E+12 0.01074 
   28   28    1    1    1    1    1    1    1    1  8.09569E+12 0.01042 
   29   29    1    1    1    1    1    1    1    1  1.20117E+13 0.00646 
   30   30    1    1    1    1    1    1    1    1  2.89744E+13 0.00637 
   31   31    1    1    1    1    1    1    1    1  6.94418E+13 0.00447 
   32   32    1    1    1    1    1    1    1    1  1.04953E+14 0.00290 
   33   33    1    1    1    1    1    1    1    1  2.09211E+14 0.00254 
   34   34    1    1    1    1    1    1    1    1  2.48635E+14 0.00287 
   35   35    1    1    1    1    1    1    1    1  3.40410E+14 0.00177 
   36   36    1    1    1    1    1    1    1    1  2.64380E+14 0.00179 
   37   37    1    1    1    1    1    1    1    1  8.22400E+13 0.00160 
   38   38    1    1    1    1    1    1    1    1  4.04377E+14 0.00120 
   39   39    1    1    1    1    1    1    1    1  4.99014E+14 0.00135 
   40   40    1    1    1    1    1    1    1    1  8.36250E+14 0.00140 
   41   41    1    1    1    1    1    1    1    1  8.01364E+14 0.00089 
   42   42    1    1    1    1    1    1    1    1  1.47496E+15 0.00093 
   43   43    1    1    1    1    1    1    1    1  1.62284E+15 0.00108 
   44   44    1    1    1    1    1    1    1    1  2.11828E+15 0.00111 
   45   45    1    1    1    1    1    1    1    1  3.80182E+15 0.00088 
   46   46    1    1    1    1    1    1    1    1  1.99330E+15 0.00087 
   47   47    1    1    1    1    1    1    1    1  2.87671E+15 0.00098 
   48   48    1    1    1    1    1    1    1    1  4.02208E+15 0.00087 
   49   49    1    1    1    1    1    1    1    1  3.65979E+15 0.00093 
   50   50    1    1    1    1    1    1    1    1  5.65796E+15 0.00099 
   51   51    1    1    1    1    1    1    1    1  4.44842E+15 0.00100 
   52   52    1    1    1    1    1    1    1    1  5.08328E+15 0.00103 
   53   53    1    1    1    1    1    1    1    1  3.62006E+15 0.00094 
   54   54    1    1    1    1    1    1    1    1  4.41277E+15 0.00090 
   55   55    1    1    1    1    1    1    1    1  3.12869E+15 0.00103 
   56   56    1    1    1    1    1    1    1    1  4.31542E+14 0.00140 
   57   57    1    1    1    1    1    1    1    1  6.08461E+15 0.00102 
   58   58    1    1    1    1    1    1    1    1  2.67989E+15 0.00080 
   59   59    1    1    1    1    1    1    1    1  2.91443E+15 0.00071 
   60   60    1    1    1    1    1    1    1    1  2.31462E+15 0.00085 
   61   61    1    1    1    1    1    1    1    1  2.31413E+15 0.00083 
   62   62    1    1    1    1    1    1    1    1  2.33316E+15 0.00106 
   63   63    1    1    1    1    1    1    1    1  1.94968E+15 0.00103 
   64   64    1    1    1    1    1    1    1    1  1.53677E+15 0.00109 
   65   65    1    1    1    1    1    1    1    1  1.51196E+15 0.00102 
   66   66    1    1    1    1    1    1    1    1  1.19634E+15 0.00131 
   67   67    1    1    1    1    1    1    1    1  9.84352E+14 0.00132 
   68   68    1    1    1    1    1    1    1    1  8.70761E+14 0.00112 
   69   69    1    1    1    1    1    1    1    1  1.05882E+15 0.00144 
   70   70    1    1    1    1    1    1    1    1  9.07680E+14 0.00158 
   71   71    1    1    1    1    1    1    1    1  1.69260E+15 0.00105 
   72   72    1    1    1    1    1    1    1    1  1.23186E+15 0.00121 
   73   73    1    1    1    1    1    1    1    1  9.49676E+14 0.00130 
   74   74    1    1    1    1    1    1    1    1  7.66521E+14 0.00166 
   75   75    1    1    1    1    1    1    1    1  6.30243E+14 0.00164 
   76   76    1    1    1    1    1    1    1    1  7.21576E+14 0.00117 
   77   77    1    1    1    1    1    1    1    1  5.64088E+14 0.00158 
   78   78    1    1    1    1    1    1    1    1  4.36340E+14 0.00184 
   79   79    1    1    1    1    1    1    1    1  4.50502E+14 0.00154 
   80   80    1    1    1    1    1    1    1    1  3.34851E+14 0.00172 
   81   81    1    1    1    1    1    1    1    1  2.59253E+14 0.00250 
   82   82    1    1    1    1    1    1    1    1  2.00105E+14 0.00130 
   83   83    1    1    1    1    1    1    1    1  1.87707E+14 0.00235 
   84   84    1    1    1    1    1    1    1    1  1.34781E+14 0.00251 
   85   85    1    1    1    1    1    1    1    1  9.71472E+13 0.00370 
   86   86    1    1    1    1    1    1    1    1  9.14691E+13 0.00291 
   87   87    1    1    1    1    1    1    1    1  5.61234E+13 0.00329 
   88   88    1    1    1    1    1    1    1    1  3.77344E+13 0.00574 
   89   89    1    1    1    1    1    1    1    1  2.16798E+13 0.00725 
   90   90    1    1    1    1    1    1    1    1  1.45826E+13 0.01030 
   91   91    1    1    1    1    1    1    1    1  7.27308E+12 0.00946 
   92   92    1    1    1    1    1    1    1    1  3.60247E+12 0.01865 
   93   93    1    1    1    1    1    1    1    1  1.77548E+12 0.02348 
   94   94    1    1    1    1    1    1    1    1  8.72772E+11 0.04655 
   95   95    1    1    1    1    1    1    1    1  4.46043E+11 0.04954 
   96   96    1    1    1    1    1    1    1    1  2.12758E+11 0.05371 
   97   97    1    1    1    1    1    1    1    1  9.73816E+10 0.10349 
   98   98    1    1    1    1    1    1    1    1  3.27192E+10 0.16952 
   99   99    1    1    1    1    1    1    1    1  1.50081E+10 0.18975 
  100  100    1    1    1    1    1    1    1    1  2.12558E+10 0.23795 
];


