
DETdpaspec = [
    1    1    1    1    1    1    1    1    1    1  0.00000E+00 0.00000 
    2    2    1    1    1    1    1    1    1    1  0.00000E+00 0.00000 
    3    3    1    1    1    1    1    1    1    1  0.00000E+00 0.00000 
    4    4    1    1    1    1    1    1    1    1  0.00000E+00 0.00000 
    5    5    1    1    1    1    1    1    1    1  1.18292E+07 1.00000 
    6    6    1    1    1    1    1    1    1    1  0.00000E+00 0.00000 
    7    7    1    1    1    1    1    1    1    1  2.22965E+07 1.00000 
    8    8    1    1    1    1    1    1    1    1  3.80561E+07 0.68902 
    9    9    1    1    1    1    1    1    1    1  0.00000E+00 0.00000 
   10   10    1    1    1    1    1    1    1    1  2.30014E+08 0.46381 
   11   11    1    1    1    1    1    1    1    1  3.24167E+08 0.63446 
   12   12    1    1    1    1    1    1    1    1  1.58576E+08 0.75091 
   13   13    1    1    1    1    1    1    1    1  4.81218E+08 0.56867 
   14   14    1    1    1    1    1    1    1    1  4.26697E+09 0.40469 
   15   15    1    1    1    1    1    1    1    1  5.07100E+09 0.37260 
   16   16    1    1    1    1    1    1    1    1  1.33325E+09 0.42389 
   17   17    1    1    1    1    1    1    1    1  3.37399E+09 0.21792 
   18   18    1    1    1    1    1    1    1    1  1.15694E+10 0.19740 
   19   19    1    1    1    1    1    1    1    1  1.48386E+10 0.19901 
   20   20    1    1    1    1    1    1    1    1  3.68056E+10 0.16233 
   21   21    1    1    1    1    1    1    1    1  2.49018E+10 0.10558 
   22   22    1    1    1    1    1    1    1    1  8.77098E+10 0.09213 
   23   23    1    1    1    1    1    1    1    1  1.26382E+11 0.04898 
   24   24    1    1    1    1    1    1    1    1  2.26178E+11 0.06668 
   25   25    1    1    1    1    1    1    1    1  3.18850E+11 0.04815 
   26   26    1    1    1    1    1    1    1    1  5.59135E+11 0.04186 
   27   27    1    1    1    1    1    1    1    1  1.13968E+12 0.02507 
   28   28    1    1    1    1    1    1    1    1  2.18321E+12 0.01680 
   29   29    1    1    1    1    1    1    1    1  2.80264E+12 0.01256 
   30   30    1    1    1    1    1    1    1    1  7.47885E+12 0.00885 
   31   31    1    1    1    1    1    1    1    1  1.74451E+13 0.00649 
   32   32    1    1    1    1    1    1    1    1  2.54957E+13 0.00596 
   33   33    1    1    1    1    1    1    1    1  4.95277E+13 0.00542 
   34   34    1    1    1    1    1    1    1    1  5.53156E+13 0.00489 
   35   35    1    1    1    1    1    1    1    1  8.06881E+13 0.00423 
   36   36    1    1    1    1    1    1    1    1  6.29437E+13 0.00481 
   37   37    1    1    1    1    1    1    1    1  2.00077E+13 0.00489 
   38   38    1    1    1    1    1    1    1    1  9.48214E+13 0.00569 
   39   39    1    1    1    1    1    1    1    1  1.15795E+14 0.00571 
   40   40    1    1    1    1    1    1    1    1  1.88000E+14 0.00555 
   41   41    1    1    1    1    1    1    1    1  1.82791E+14 0.00539 
   42   42    1    1    1    1    1    1    1    1  3.25579E+14 0.00542 
   43   43    1    1    1    1    1    1    1    1  3.51394E+14 0.00528 
   44   44    1    1    1    1    1    1    1    1  4.51065E+14 0.00499 
   45   45    1    1    1    1    1    1    1    1  7.85464E+14 0.00474 
   46   46    1    1    1    1    1    1    1    1  4.06046E+14 0.00487 
   47   47    1    1    1    1    1    1    1    1  5.88142E+14 0.00479 
   48   48    1    1    1    1    1    1    1    1  8.09034E+14 0.00550 
   49   49    1    1    1    1    1    1    1    1  7.35542E+14 0.00551 
   50   50    1    1    1    1    1    1    1    1  1.10535E+15 0.00538 
   51   51    1    1    1    1    1    1    1    1  8.71336E+14 0.00536 
   52   52    1    1    1    1    1    1    1    1  9.71221E+14 0.00534 
   53   53    1    1    1    1    1    1    1    1  6.88084E+14 0.00536 
   54   54    1    1    1    1    1    1    1    1  8.18094E+14 0.00552 
   55   55    1    1    1    1    1    1    1    1  5.79625E+14 0.00512 
   56   56    1    1    1    1    1    1    1    1  8.01188E+13 0.00597 
   57   57    1    1    1    1    1    1    1    1  1.12143E+15 0.00561 
   58   58    1    1    1    1    1    1    1    1  4.78745E+14 0.00569 
   59   59    1    1    1    1    1    1    1    1  5.21297E+14 0.00579 
   60   60    1    1    1    1    1    1    1    1  4.04409E+14 0.00597 
   61   61    1    1    1    1    1    1    1    1  4.03853E+14 0.00554 
   62   62    1    1    1    1    1    1    1    1  4.02413E+14 0.00604 
   63   63    1    1    1    1    1    1    1    1  3.33207E+14 0.00589 
   64   64    1    1    1    1    1    1    1    1  2.61082E+14 0.00541 
   65   65    1    1    1    1    1    1    1    1  2.56024E+14 0.00622 
   66   66    1    1    1    1    1    1    1    1  2.00988E+14 0.00621 
   67   67    1    1    1    1    1    1    1    1  1.65897E+14 0.00630 
   68   68    1    1    1    1    1    1    1    1  1.46846E+14 0.00708 
   69   69    1    1    1    1    1    1    1    1  1.78651E+14 0.00679 
   70   70    1    1    1    1    1    1    1    1  1.53224E+14 0.00622 
   71   71    1    1    1    1    1    1    1    1  2.89041E+14 0.00624 
   72   72    1    1    1    1    1    1    1    1  2.11521E+14 0.00625 
   73   73    1    1    1    1    1    1    1    1  1.61708E+14 0.00613 
   74   74    1    1    1    1    1    1    1    1  1.27867E+14 0.00723 
   75   75    1    1    1    1    1    1    1    1  1.02936E+14 0.00724 
   76   76    1    1    1    1    1    1    1    1  1.15453E+14 0.00587 
   77   77    1    1    1    1    1    1    1    1  8.89852E+13 0.00665 
   78   78    1    1    1    1    1    1    1    1  6.80320E+13 0.00610 
   79   79    1    1    1    1    1    1    1    1  6.90376E+13 0.00614 
   80   80    1    1    1    1    1    1    1    1  5.12455E+13 0.00751 
   81   81    1    1    1    1    1    1    1    1  3.96086E+13 0.01017 
   82   82    1    1    1    1    1    1    1    1  3.01210E+13 0.00807 
   83   83    1    1    1    1    1    1    1    1  2.83344E+13 0.00819 
   84   84    1    1    1    1    1    1    1    1  2.03217E+13 0.00953 
   85   85    1    1    1    1    1    1    1    1  1.47202E+13 0.00896 
   86   86    1    1    1    1    1    1    1    1  1.36456E+13 0.00814 
   87   87    1    1    1    1    1    1    1    1  8.54373E+12 0.01532 
   88   88    1    1    1    1    1    1    1    1  5.82104E+12 0.01644 
   89   89    1    1    1    1    1    1    1    1  3.23214E+12 0.02046 
   90   90    1    1    1    1    1    1    1    1  2.19950E+12 0.01286 
   91   91    1    1    1    1    1    1    1    1  1.08651E+12 0.03018 
   92   92    1    1    1    1    1    1    1    1  5.20808E+11 0.03566 
   93   93    1    1    1    1    1    1    1    1  2.78340E+11 0.05494 
   94   94    1    1    1    1    1    1    1    1  1.19267E+11 0.11086 
   95   95    1    1    1    1    1    1    1    1  6.23290E+10 0.12328 
   96   96    1    1    1    1    1    1    1    1  3.73045E+10 0.17906 
   97   97    1    1    1    1    1    1    1    1  1.86661E+10 0.20284 
   98   98    1    1    1    1    1    1    1    1  5.61576E+09 0.29389 
   99   99    1    1    1    1    1    1    1    1  4.05791E+09 0.52847 
  100  100    1    1    1    1    1    1    1    1  2.87031E+09 0.63111 
];


