
DETdpaspec = [
    1    1    1    1    1    1    1    1    1    1  0.00000E+00 0.00000 
    2    2    1    1    1    1    1    1    1    1  0.00000E+00 0.00000 
    3    3    1    1    1    1    1    1    1    1  0.00000E+00 0.00000 
    4    4    1    1    1    1    1    1    1    1  0.00000E+00 0.00000 
    5    5    1    1    1    1    1    1    1    1  0.00000E+00 0.00000 
    6    6    1    1    1    1    1    1    1    1  0.00000E+00 0.00000 
    7    7    1    1    1    1    1    1    1    1  0.00000E+00 0.00000 
    8    8    1    1    1    1    1    1    1    1  0.00000E+00 0.00000 
    9    9    1    1    1    1    1    1    1    1  3.67636E+07 1.00000 
   10   10    1    1    1    1    1    1    1    1  0.00000E+00 0.00000 
   11   11    1    1    1    1    1    1    1    1  0.00000E+00 0.00000 
   12   12    1    1    1    1    1    1    1    1  1.25281E+09 0.70700 
   13   13    1    1    1    1    1    1    1    1  5.37778E+09 0.54720 
   14   14    1    1    1    1    1    1    1    1  2.54252E+09 0.72858 
   15   15    1    1    1    1    1    1    1    1  2.89008E+09 0.67938 
   16   16    1    1    1    1    1    1    1    1  3.91545E+09 0.41792 
   17   17    1    1    1    1    1    1    1    1  1.45015E+10 0.16409 
   18   18    1    1    1    1    1    1    1    1  4.74312E+10 0.13657 
   19   19    1    1    1    1    1    1    1    1  9.75780E+10 0.08196 
   20   20    1    1    1    1    1    1    1    1  6.66602E+11 0.04537 
   21   21    1    1    1    1    1    1    1    1  1.77299E+12 0.01868 
   22   22    1    1    1    1    1    1    1    1  6.02923E+12 0.01846 
   23   23    1    1    1    1    1    1    1    1  1.55713E+13 0.00827 
   24   24    1    1    1    1    1    1    1    1  2.82410E+13 0.00505 
   25   25    1    1    1    1    1    1    1    1  3.57277E+13 0.00593 
   26   26    1    1    1    1    1    1    1    1  5.70482E+13 0.00461 
   27   27    1    1    1    1    1    1    1    1  8.32717E+13 0.00380 
   28   28    1    1    1    1    1    1    1    1  1.23601E+14 0.00242 
   29   29    1    1    1    1    1    1    1    1  1.52168E+14 0.00303 
   30   30    1    1    1    1    1    1    1    1  2.35003E+14 0.00214 
   31   31    1    1    1    1    1    1    1    1  3.68393E+14 0.00194 
   32   32    1    1    1    1    1    1    1    1  4.37875E+14 0.00190 
   33   33    1    1    1    1    1    1    1    1  7.00730E+14 0.00134 
   34   34    1    1    1    1    1    1    1    1  7.57204E+14 0.00091 
   35   35    1    1    1    1    1    1    1    1  7.89379E+14 0.00108 
   36   36    1    1    1    1    1    1    1    1  5.29346E+14 0.00103 
   37   37    1    1    1    1    1    1    1    1  1.52984E+14 0.00092 
   38   38    1    1    1    1    1    1    1    1  7.65081E+14 0.00092 
   39   39    1    1    1    1    1    1    1    1  9.07818E+14 0.00103 
   40   40    1    1    1    1    1    1    1    1  1.48694E+15 0.00085 
   41   41    1    1    1    1    1    1    1    1  1.31236E+15 0.00101 
   42   42    1    1    1    1    1    1    1    1  2.38630E+15 0.00093 
   43   43    1    1    1    1    1    1    1    1  2.52961E+15 0.00074 
   44   44    1    1    1    1    1    1    1    1  3.18480E+15 0.00071 
   45   45    1    1    1    1    1    1    1    1  5.50856E+15 0.00075 
   46   46    1    1    1    1    1    1    1    1  2.75597E+15 0.00081 
   47   47    1    1    1    1    1    1    1    1  3.84554E+15 0.00079 
   48   48    1    1    1    1    1    1    1    1  5.23609E+15 0.00080 
   49   49    1    1    1    1    1    1    1    1  4.58241E+15 0.00077 
   50   50    1    1    1    1    1    1    1    1  7.04207E+15 0.00081 
   51   51    1    1    1    1    1    1    1    1  5.28399E+15 0.00101 
   52   52    1    1    1    1    1    1    1    1  6.04743E+15 0.00109 
   53   53    1    1    1    1    1    1    1    1  4.20101E+15 0.00101 
   54   54    1    1    1    1    1    1    1    1  5.15465E+15 0.00096 
   55   55    1    1    1    1    1    1    1    1  3.59470E+15 0.00104 
   56   56    1    1    1    1    1    1    1    1  4.90268E+14 0.00077 
   57   57    1    1    1    1    1    1    1    1  6.86155E+15 0.00113 
   58   58    1    1    1    1    1    1    1    1  3.07118E+15 0.00116 
   59   59    1    1    1    1    1    1    1    1  3.26364E+15 0.00105 
   60   60    1    1    1    1    1    1    1    1  2.62529E+15 0.00106 
   61   61    1    1    1    1    1    1    1    1  2.60006E+15 0.00101 
   62   62    1    1    1    1    1    1    1    1  2.60430E+15 0.00115 
   63   63    1    1    1    1    1    1    1    1  2.16754E+15 0.00120 
   64   64    1    1    1    1    1    1    1    1  1.69385E+15 0.00136 
   65   65    1    1    1    1    1    1    1    1  1.64186E+15 0.00110 
   66   66    1    1    1    1    1    1    1    1  1.29504E+15 0.00141 
   67   67    1    1    1    1    1    1    1    1  1.05153E+15 0.00135 
   68   68    1    1    1    1    1    1    1    1  9.18327E+14 0.00152 
   69   69    1    1    1    1    1    1    1    1  1.11015E+15 0.00153 
   70   70    1    1    1    1    1    1    1    1  9.41311E+14 0.00160 
   71   71    1    1    1    1    1    1    1    1  1.69215E+15 0.00133 
   72   72    1    1    1    1    1    1    1    1  1.20565E+15 0.00174 
   73   73    1    1    1    1    1    1    1    1  9.22116E+14 0.00142 
   74   74    1    1    1    1    1    1    1    1  7.53049E+14 0.00158 
   75   75    1    1    1    1    1    1    1    1  6.26931E+14 0.00157 
   76   76    1    1    1    1    1    1    1    1  7.27660E+14 0.00158 
   77   77    1    1    1    1    1    1    1    1  5.76584E+14 0.00167 
   78   78    1    1    1    1    1    1    1    1  4.49918E+14 0.00202 
   79   79    1    1    1    1    1    1    1    1  4.66608E+14 0.00166 
   80   80    1    1    1    1    1    1    1    1  3.47665E+14 0.00203 
   81   81    1    1    1    1    1    1    1    1  2.68434E+14 0.00153 
   82   82    1    1    1    1    1    1    1    1  2.06106E+14 0.00170 
   83   83    1    1    1    1    1    1    1    1  1.91587E+14 0.00235 
   84   84    1    1    1    1    1    1    1    1  1.36838E+14 0.00259 
   85   85    1    1    1    1    1    1    1    1  9.80229E+13 0.00323 
   86   86    1    1    1    1    1    1    1    1  9.17792E+13 0.00396 
   87   87    1    1    1    1    1    1    1    1  5.51935E+13 0.00509 
   88   88    1    1    1    1    1    1    1    1  3.66854E+13 0.00457 
   89   89    1    1    1    1    1    1    1    1  2.07083E+13 0.00653 
   90   90    1    1    1    1    1    1    1    1  1.33117E+13 0.00579 
   91   91    1    1    1    1    1    1    1    1  6.59471E+12 0.01000 
   92   92    1    1    1    1    1    1    1    1  3.13696E+12 0.01629 
   93   93    1    1    1    1    1    1    1    1  1.46310E+12 0.02144 
   94   94    1    1    1    1    1    1    1    1  7.22295E+11 0.03071 
   95   95    1    1    1    1    1    1    1    1  3.42024E+11 0.05346 
   96   96    1    1    1    1    1    1    1    1  1.52854E+11 0.06461 
   97   97    1    1    1    1    1    1    1    1  7.68339E+10 0.12964 
   98   98    1    1    1    1    1    1    1    1  3.38175E+10 0.15194 
   99   99    1    1    1    1    1    1    1    1  2.25967E+10 0.24918 
  100  100    1    1    1    1    1    1    1    1  1.25413E+10 0.20660 
];


