
DETdpaspec = [
    1    1    1    1    1    1    1    1    1    1  0.00000E+00 0.00000 
    2    2    1    1    1    1    1    1    1    1  0.00000E+00 0.00000 
    3    3    1    1    1    1    1    1    1    1  0.00000E+00 0.00000 
    4    4    1    1    1    1    1    1    1    1  0.00000E+00 0.00000 
    5    5    1    1    1    1    1    1    1    1  0.00000E+00 0.00000 
    6    6    1    1    1    1    1    1    1    1  2.43584E+07 0.68830 
    7    7    1    1    1    1    1    1    1    1  0.00000E+00 0.00000 
    8    8    1    1    1    1    1    1    1    1  0.00000E+00 0.00000 
    9    9    1    1    1    1    1    1    1    1  1.41062E+07 1.00000 
   10   10    1    1    1    1    1    1    1    1  0.00000E+00 0.00000 
   11   11    1    1    1    1    1    1    1    1  7.41794E+07 1.00000 
   12   12    1    1    1    1    1    1    1    1  1.10829E+08 0.69452 
   13   13    1    1    1    1    1    1    1    1  5.48507E+08 0.87258 
   14   14    1    1    1    1    1    1    1    1  4.57163E+09 0.31751 
   15   15    1    1    1    1    1    1    1    1  1.02246E+10 0.19782 
   16   16    1    1    1    1    1    1    1    1  2.52912E+09 0.26577 
   17   17    1    1    1    1    1    1    1    1  5.18041E+09 0.17831 
   18   18    1    1    1    1    1    1    1    1  1.52360E+10 0.18664 
   19   19    1    1    1    1    1    1    1    1  1.51992E+10 0.13513 
   20   20    1    1    1    1    1    1    1    1  4.66652E+10 0.10188 
   21   21    1    1    1    1    1    1    1    1  3.49675E+10 0.09587 
   22   22    1    1    1    1    1    1    1    1  1.07302E+11 0.07241 
   23   23    1    1    1    1    1    1    1    1  1.39038E+11 0.05963 
   24   24    1    1    1    1    1    1    1    1  2.65057E+11 0.05792 
   25   25    1    1    1    1    1    1    1    1  3.77489E+11 0.04107 
   26   26    1    1    1    1    1    1    1    1  6.71109E+11 0.02693 
   27   27    1    1    1    1    1    1    1    1  1.44029E+12 0.01628 
   28   28    1    1    1    1    1    1    1    1  2.88807E+12 0.01368 
   29   29    1    1    1    1    1    1    1    1  3.95249E+12 0.00901 
   30   30    1    1    1    1    1    1    1    1  1.05218E+13 0.00784 
   31   31    1    1    1    1    1    1    1    1  2.50738E+13 0.00402 
   32   32    1    1    1    1    1    1    1    1  3.71416E+13 0.00542 
   33   33    1    1    1    1    1    1    1    1  7.20743E+13 0.00436 
   34   34    1    1    1    1    1    1    1    1  8.14206E+13 0.00371 
   35   35    1    1    1    1    1    1    1    1  1.17764E+14 0.00273 
   36   36    1    1    1    1    1    1    1    1  9.17381E+13 0.00280 
   37   37    1    1    1    1    1    1    1    1  2.91194E+13 0.00286 
   38   38    1    1    1    1    1    1    1    1  1.38732E+14 0.00206 
   39   39    1    1    1    1    1    1    1    1  1.70190E+14 0.00247 
   40   40    1    1    1    1    1    1    1    1  2.77205E+14 0.00216 
   41   41    1    1    1    1    1    1    1    1  2.69042E+14 0.00247 
   42   42    1    1    1    1    1    1    1    1  4.82669E+14 0.00229 
   43   43    1    1    1    1    1    1    1    1  5.25418E+14 0.00259 
   44   44    1    1    1    1    1    1    1    1  6.73924E+14 0.00194 
   45   45    1    1    1    1    1    1    1    1  1.18095E+15 0.00192 
   46   46    1    1    1    1    1    1    1    1  6.11441E+14 0.00205 
   47   47    1    1    1    1    1    1    1    1  8.84521E+14 0.00213 
   48   48    1    1    1    1    1    1    1    1  1.22107E+15 0.00188 
   49   49    1    1    1    1    1    1    1    1  1.11191E+15 0.00189 
   50   50    1    1    1    1    1    1    1    1  1.67198E+15 0.00203 
   51   51    1    1    1    1    1    1    1    1  1.31969E+15 0.00179 
   52   52    1    1    1    1    1    1    1    1  1.47123E+15 0.00205 
   53   53    1    1    1    1    1    1    1    1  1.04473E+15 0.00235 
   54   54    1    1    1    1    1    1    1    1  1.24539E+15 0.00233 
   55   55    1    1    1    1    1    1    1    1  8.80702E+14 0.00212 
   56   56    1    1    1    1    1    1    1    1  1.21698E+14 0.00259 
   57   57    1    1    1    1    1    1    1    1  1.70692E+15 0.00199 
   58   58    1    1    1    1    1    1    1    1  7.30808E+14 0.00250 
   59   59    1    1    1    1    1    1    1    1  7.94779E+14 0.00233 
   60   60    1    1    1    1    1    1    1    1  6.18104E+14 0.00214 
   61   61    1    1    1    1    1    1    1    1  6.17939E+14 0.00196 
   62   62    1    1    1    1    1    1    1    1  6.18716E+14 0.00196 
   63   63    1    1    1    1    1    1    1    1  5.12544E+14 0.00274 
   64   64    1    1    1    1    1    1    1    1  4.02109E+14 0.00214 
   65   65    1    1    1    1    1    1    1    1  3.94329E+14 0.00324 
   66   66    1    1    1    1    1    1    1    1  3.10382E+14 0.00268 
   67   67    1    1    1    1    1    1    1    1  2.56013E+14 0.00245 
   68   68    1    1    1    1    1    1    1    1  2.26353E+14 0.00288 
   69   69    1    1    1    1    1    1    1    1  2.73826E+14 0.00272 
   70   70    1    1    1    1    1    1    1    1  2.34968E+14 0.00301 
   71   71    1    1    1    1    1    1    1    1  4.43039E+14 0.00247 
   72   72    1    1    1    1    1    1    1    1  3.21816E+14 0.00264 
   73   73    1    1    1    1    1    1    1    1  2.46405E+14 0.00284 
   74   74    1    1    1    1    1    1    1    1  1.95894E+14 0.00309 
   75   75    1    1    1    1    1    1    1    1  1.58779E+14 0.00230 
   76   76    1    1    1    1    1    1    1    1  1.79066E+14 0.00283 
   77   77    1    1    1    1    1    1    1    1  1.37425E+14 0.00386 
   78   78    1    1    1    1    1    1    1    1  1.05485E+14 0.00333 
   79   79    1    1    1    1    1    1    1    1  1.07339E+14 0.00385 
   80   80    1    1    1    1    1    1    1    1  7.96066E+13 0.00412 
   81   81    1    1    1    1    1    1    1    1  6.15633E+13 0.00614 
   82   82    1    1    1    1    1    1    1    1  4.70031E+13 0.00392 
   83   83    1    1    1    1    1    1    1    1  4.37898E+13 0.00536 
   84   84    1    1    1    1    1    1    1    1  3.17330E+13 0.00565 
   85   85    1    1    1    1    1    1    1    1  2.27184E+13 0.00960 
   86   86    1    1    1    1    1    1    1    1  2.10775E+13 0.00552 
   87   87    1    1    1    1    1    1    1    1  1.32890E+13 0.00699 
   88   88    1    1    1    1    1    1    1    1  8.99353E+12 0.01186 
   89   89    1    1    1    1    1    1    1    1  5.22319E+12 0.01513 
   90   90    1    1    1    1    1    1    1    1  3.44434E+12 0.01700 
   91   91    1    1    1    1    1    1    1    1  1.76621E+12 0.02297 
   92   92    1    1    1    1    1    1    1    1  9.34569E+11 0.04015 
   93   93    1    1    1    1    1    1    1    1  4.08787E+11 0.05587 
   94   94    1    1    1    1    1    1    1    1  1.92413E+11 0.06182 
   95   95    1    1    1    1    1    1    1    1  9.28150E+10 0.10837 
   96   96    1    1    1    1    1    1    1    1  4.34991E+10 0.15617 
   97   97    1    1    1    1    1    1    1    1  2.29814E+10 0.17644 
   98   98    1    1    1    1    1    1    1    1  9.04393E+09 0.24780 
   99   99    1    1    1    1    1    1    1    1  8.20656E+09 0.29647 
  100  100    1    1    1    1    1    1    1    1  5.98252E+09 0.37192 
];


