
DETdpaspec = [
    1    1    1    1    1    1    1    1    1    1  0.00000E+00 0.00000 
    2    2    1    1    1    1    1    1    1    1  0.00000E+00 0.00000 
    3    3    1    1    1    1    1    1    1    1  0.00000E+00 0.00000 
    4    4    1    1    1    1    1    1    1    1  0.00000E+00 0.00000 
    5    5    1    1    1    1    1    1    1    1  0.00000E+00 0.00000 
    6    6    1    1    1    1    1    1    1    1  0.00000E+00 0.00000 
    7    7    1    1    1    1    1    1    1    1  2.18154E+07 1.00000 
    8    8    1    1    1    1    1    1    1    1  4.90019E+07 0.68825 
    9    9    1    1    1    1    1    1    1    1  3.17867E+07 1.00000 
   10   10    1    1    1    1    1    1    1    1  1.26158E+08 1.00000 
   11   11    1    1    1    1    1    1    1    1  7.51527E+07 1.00000 
   12   12    1    1    1    1    1    1    1    1  2.65873E+07 0.91018 
   13   13    1    1    1    1    1    1    1    1  1.12726E+09 0.49201 
   14   14    1    1    1    1    1    1    1    1  2.43656E+09 0.34265 
   15   15    1    1    1    1    1    1    1    1  1.20283E+10 0.24462 
   16   16    1    1    1    1    1    1    1    1  1.53491E+09 0.35997 
   17   17    1    1    1    1    1    1    1    1  4.06444E+09 0.22539 
   18   18    1    1    1    1    1    1    1    1  1.35346E+10 0.16982 
   19   19    1    1    1    1    1    1    1    1  8.15038E+09 0.15207 
   20   20    1    1    1    1    1    1    1    1  4.48286E+10 0.12562 
   21   21    1    1    1    1    1    1    1    1  3.12426E+10 0.13408 
   22   22    1    1    1    1    1    1    1    1  9.38328E+10 0.08246 
   23   23    1    1    1    1    1    1    1    1  1.45671E+11 0.08195 
   24   24    1    1    1    1    1    1    1    1  2.14009E+11 0.04442 
   25   25    1    1    1    1    1    1    1    1  2.92769E+11 0.05496 
   26   26    1    1    1    1    1    1    1    1  5.72128E+11 0.03238 
   27   27    1    1    1    1    1    1    1    1  1.17652E+12 0.02458 
   28   28    1    1    1    1    1    1    1    1  2.40955E+12 0.01401 
   29   29    1    1    1    1    1    1    1    1  3.21227E+12 0.01363 
   30   30    1    1    1    1    1    1    1    1  8.54776E+12 0.00824 
   31   31    1    1    1    1    1    1    1    1  1.99230E+13 0.00867 
   32   32    1    1    1    1    1    1    1    1  2.97221E+13 0.00709 
   33   33    1    1    1    1    1    1    1    1  5.74468E+13 0.00621 
   34   34    1    1    1    1    1    1    1    1  6.43788E+13 0.00688 
   35   35    1    1    1    1    1    1    1    1  9.35847E+13 0.00492 
   36   36    1    1    1    1    1    1    1    1  7.31039E+13 0.00466 
   37   37    1    1    1    1    1    1    1    1  2.32330E+13 0.00465 
   38   38    1    1    1    1    1    1    1    1  1.10331E+14 0.00495 
   39   39    1    1    1    1    1    1    1    1  1.35023E+14 0.00455 
   40   40    1    1    1    1    1    1    1    1  2.19562E+14 0.00448 
   41   41    1    1    1    1    1    1    1    1  2.13392E+14 0.00479 
   42   42    1    1    1    1    1    1    1    1  3.80442E+14 0.00416 
   43   43    1    1    1    1    1    1    1    1  4.13124E+14 0.00385 
   44   44    1    1    1    1    1    1    1    1  5.30885E+14 0.00419 
   45   45    1    1    1    1    1    1    1    1  9.26833E+14 0.00369 
   46   46    1    1    1    1    1    1    1    1  4.80245E+14 0.00374 
   47   47    1    1    1    1    1    1    1    1  6.94222E+14 0.00399 
   48   48    1    1    1    1    1    1    1    1  9.56329E+14 0.00389 
   49   49    1    1    1    1    1    1    1    1  8.69623E+14 0.00367 
   50   50    1    1    1    1    1    1    1    1  1.30779E+15 0.00398 
   51   51    1    1    1    1    1    1    1    1  1.03124E+15 0.00397 
   52   52    1    1    1    1    1    1    1    1  1.14547E+15 0.00388 
   53   53    1    1    1    1    1    1    1    1  8.12643E+14 0.00400 
   54   54    1    1    1    1    1    1    1    1  9.68053E+14 0.00432 
   55   55    1    1    1    1    1    1    1    1  6.83368E+14 0.00415 
   56   56    1    1    1    1    1    1    1    1  9.46191E+13 0.00444 
   57   57    1    1    1    1    1    1    1    1  1.32386E+15 0.00458 
   58   58    1    1    1    1    1    1    1    1  5.65888E+14 0.00418 
   59   59    1    1    1    1    1    1    1    1  6.16684E+14 0.00434 
   60   60    1    1    1    1    1    1    1    1  4.77471E+14 0.00445 
   61   61    1    1    1    1    1    1    1    1  4.78088E+14 0.00483 
   62   62    1    1    1    1    1    1    1    1  4.78453E+14 0.00449 
   63   63    1    1    1    1    1    1    1    1  3.94434E+14 0.00431 
   64   64    1    1    1    1    1    1    1    1  3.09376E+14 0.00484 
   65   65    1    1    1    1    1    1    1    1  3.03563E+14 0.00444 
   66   66    1    1    1    1    1    1    1    1  2.37386E+14 0.00523 
   67   67    1    1    1    1    1    1    1    1  1.96092E+14 0.00502 
   68   68    1    1    1    1    1    1    1    1  1.73983E+14 0.00504 
   69   69    1    1    1    1    1    1    1    1  2.10687E+14 0.00541 
   70   70    1    1    1    1    1    1    1    1  1.80791E+14 0.00627 
   71   71    1    1    1    1    1    1    1    1  3.41091E+14 0.00471 
   72   72    1    1    1    1    1    1    1    1  2.49120E+14 0.00516 
   73   73    1    1    1    1    1    1    1    1  1.90264E+14 0.00506 
   74   74    1    1    1    1    1    1    1    1  1.51158E+14 0.00490 
   75   75    1    1    1    1    1    1    1    1  1.22313E+14 0.00636 
   76   76    1    1    1    1    1    1    1    1  1.37343E+14 0.00602 
   77   77    1    1    1    1    1    1    1    1  1.05239E+14 0.00580 
   78   78    1    1    1    1    1    1    1    1  8.05828E+13 0.00579 
   79   79    1    1    1    1    1    1    1    1  8.23227E+13 0.00537 
   80   80    1    1    1    1    1    1    1    1  6.09766E+13 0.00455 
   81   81    1    1    1    1    1    1    1    1  4.65125E+13 0.00603 
   82   82    1    1    1    1    1    1    1    1  3.61798E+13 0.00707 
   83   83    1    1    1    1    1    1    1    1  3.35398E+13 0.00766 
   84   84    1    1    1    1    1    1    1    1  2.40473E+13 0.00531 
   85   85    1    1    1    1    1    1    1    1  1.75587E+13 0.00697 
   86   86    1    1    1    1    1    1    1    1  1.62938E+13 0.00913 
   87   87    1    1    1    1    1    1    1    1  1.00306E+13 0.01079 
   88   88    1    1    1    1    1    1    1    1  6.94987E+12 0.01209 
   89   89    1    1    1    1    1    1    1    1  3.99307E+12 0.01695 
   90   90    1    1    1    1    1    1    1    1  2.68937E+12 0.01441 
   91   91    1    1    1    1    1    1    1    1  1.35060E+12 0.02195 
   92   92    1    1    1    1    1    1    1    1  6.82265E+11 0.03609 
   93   93    1    1    1    1    1    1    1    1  3.08172E+11 0.06150 
   94   94    1    1    1    1    1    1    1    1  1.59811E+11 0.07737 
   95   95    1    1    1    1    1    1    1    1  8.55664E+10 0.10622 
   96   96    1    1    1    1    1    1    1    1  3.91348E+10 0.17394 
   97   97    1    1    1    1    1    1    1    1  2.15370E+10 0.28539 
   98   98    1    1    1    1    1    1    1    1  1.06975E+10 0.24600 
   99   99    1    1    1    1    1    1    1    1  7.27156E+09 0.41531 
  100  100    1    1    1    1    1    1    1    1  1.20762E+09 0.54618 
];


