
DETdpaspec = [
    1    1    1    1    1    1    1    1    1    1  0.00000E+00 0.00000 
    2    2    1    1    1    1    1    1    1    1  0.00000E+00 0.00000 
    3    3    1    1    1    1    1    1    1    1  5.97160E+06 1.00000 
    4    4    1    1    1    1    1    1    1    1  8.28868E+06 1.00000 
    5    5    1    1    1    1    1    1    1    1  0.00000E+00 0.00000 
    6    6    1    1    1    1    1    1    1    1  1.85008E+07 0.68838 
    7    7    1    1    1    1    1    1    1    1  2.20821E+07 1.00000 
    8    8    1    1    1    1    1    1    1    1  4.51373E+07 1.00000 
    9    9    1    1    1    1    1    1    1    1  1.83205E+07 1.00000 
   10   10    1    1    1    1    1    1    1    1  4.38533E+08 0.48219 
   11   11    1    1    1    1    1    1    1    1  1.15938E+09 0.31960 
   12   12    1    1    1    1    1    1    1    1  3.67778E+08 0.27809 
   13   13    1    1    1    1    1    1    1    1  3.71127E+09 0.27323 
   14   14    1    1    1    1    1    1    1    1  8.51617E+09 0.26455 
   15   15    1    1    1    1    1    1    1    1  1.46658E+10 0.20872 
   16   16    1    1    1    1    1    1    1    1  6.65785E+09 0.16083 
   17   17    1    1    1    1    1    1    1    1  1.21426E+10 0.15516 
   18   18    1    1    1    1    1    1    1    1  3.75100E+10 0.08988 
   19   19    1    1    1    1    1    1    1    1  5.55660E+10 0.10481 
   20   20    1    1    1    1    1    1    1    1  1.30122E+11 0.06803 
   21   21    1    1    1    1    1    1    1    1  1.10850E+11 0.04266 
   22   22    1    1    1    1    1    1    1    1  3.37895E+11 0.04185 
   23   23    1    1    1    1    1    1    1    1  4.33474E+11 0.04278 
   24   24    1    1    1    1    1    1    1    1  6.77934E+11 0.03342 
   25   25    1    1    1    1    1    1    1    1  9.27928E+11 0.02776 
   26   26    1    1    1    1    1    1    1    1  1.64286E+12 0.02204 
   27   27    1    1    1    1    1    1    1    1  3.11779E+12 0.01551 
   28   28    1    1    1    1    1    1    1    1  5.32092E+12 0.01223 
   29   29    1    1    1    1    1    1    1    1  6.49434E+12 0.01130 
   30   30    1    1    1    1    1    1    1    1  1.74649E+13 0.00867 
   31   31    1    1    1    1    1    1    1    1  3.84604E+13 0.00868 
   32   32    1    1    1    1    1    1    1    1  5.55057E+13 0.00807 
   33   33    1    1    1    1    1    1    1    1  1.02537E+14 0.00720 
   34   34    1    1    1    1    1    1    1    1  1.11424E+14 0.00657 
   35   35    1    1    1    1    1    1    1    1  1.64343E+14 0.00692 
   36   36    1    1    1    1    1    1    1    1  1.27825E+14 0.00660 
   37   37    1    1    1    1    1    1    1    1  4.05070E+13 0.00662 
   38   38    1    1    1    1    1    1    1    1  1.87481E+14 0.00615 
   39   39    1    1    1    1    1    1    1    1  2.27700E+14 0.00601 
   40   40    1    1    1    1    1    1    1    1  3.61789E+14 0.00633 
   41   41    1    1    1    1    1    1    1    1  3.52666E+14 0.00631 
   42   42    1    1    1    1    1    1    1    1  6.15321E+14 0.00675 
   43   43    1    1    1    1    1    1    1    1  6.62502E+14 0.00671 
   44   44    1    1    1    1    1    1    1    1  8.48340E+14 0.00687 
   45   45    1    1    1    1    1    1    1    1  1.47148E+15 0.00686 
   46   46    1    1    1    1    1    1    1    1  7.64562E+14 0.00703 
   47   47    1    1    1    1    1    1    1    1  1.11064E+15 0.00694 
   48   48    1    1    1    1    1    1    1    1  1.52845E+15 0.00698 
   49   49    1    1    1    1    1    1    1    1  1.40220E+15 0.00677 
   50   50    1    1    1    1    1    1    1    1  2.10178E+15 0.00700 
   51   51    1    1    1    1    1    1    1    1  1.68254E+15 0.00684 
   52   52    1    1    1    1    1    1    1    1  1.86934E+15 0.00689 
   53   53    1    1    1    1    1    1    1    1  1.34278E+15 0.00691 
   54   54    1    1    1    1    1    1    1    1  1.59391E+15 0.00703 
   55   55    1    1    1    1    1    1    1    1  1.13741E+15 0.00723 
   56   56    1    1    1    1    1    1    1    1  1.58287E+14 0.00763 
   57   57    1    1    1    1    1    1    1    1  2.21377E+15 0.00709 
   58   58    1    1    1    1    1    1    1    1  9.45158E+14 0.00689 
   59   59    1    1    1    1    1    1    1    1  1.03842E+15 0.00712 
   60   60    1    1    1    1    1    1    1    1  8.04584E+14 0.00719 
   61   61    1    1    1    1    1    1    1    1  8.06875E+14 0.00730 
   62   62    1    1    1    1    1    1    1    1  8.06905E+14 0.00720 
   63   63    1    1    1    1    1    1    1    1  6.70369E+14 0.00700 
   64   64    1    1    1    1    1    1    1    1  5.27235E+14 0.00683 
   65   65    1    1    1    1    1    1    1    1  5.18844E+14 0.00706 
   66   66    1    1    1    1    1    1    1    1  4.10066E+14 0.00726 
   67   67    1    1    1    1    1    1    1    1  3.39385E+14 0.00766 
   68   68    1    1    1    1    1    1    1    1  3.01295E+14 0.00763 
   69   69    1    1    1    1    1    1    1    1  3.65000E+14 0.00697 
   70   70    1    1    1    1    1    1    1    1  3.13885E+14 0.00726 
   71   71    1    1    1    1    1    1    1    1  6.00665E+14 0.00708 
   72   72    1    1    1    1    1    1    1    1  4.38923E+14 0.00754 
   73   73    1    1    1    1    1    1    1    1  3.36485E+14 0.00803 
   74   74    1    1    1    1    1    1    1    1  2.66923E+14 0.00773 
   75   75    1    1    1    1    1    1    1    1  2.13748E+14 0.00709 
   76   76    1    1    1    1    1    1    1    1  2.39674E+14 0.00757 
   77   77    1    1    1    1    1    1    1    1  1.83161E+14 0.00751 
   78   78    1    1    1    1    1    1    1    1  1.39510E+14 0.00806 
   79   79    1    1    1    1    1    1    1    1  1.41632E+14 0.00770 
   80   80    1    1    1    1    1    1    1    1  1.04581E+14 0.00758 
   81   81    1    1    1    1    1    1    1    1  8.04613E+13 0.00867 
   82   82    1    1    1    1    1    1    1    1  6.12158E+13 0.00746 
   83   83    1    1    1    1    1    1    1    1  5.76898E+13 0.00887 
   84   84    1    1    1    1    1    1    1    1  4.11932E+13 0.00825 
   85   85    1    1    1    1    1    1    1    1  2.99124E+13 0.00986 
   86   86    1    1    1    1    1    1    1    1  2.78684E+13 0.00557 
   87   87    1    1    1    1    1    1    1    1  1.72021E+13 0.00884 
   88   88    1    1    1    1    1    1    1    1  1.18250E+13 0.01212 
   89   89    1    1    1    1    1    1    1    1  6.71819E+12 0.01126 
   90   90    1    1    1    1    1    1    1    1  4.56056E+12 0.01406 
   91   91    1    1    1    1    1    1    1    1  2.33012E+12 0.01447 
   92   92    1    1    1    1    1    1    1    1  1.14400E+12 0.03534 
   93   93    1    1    1    1    1    1    1    1  5.20712E+11 0.04446 
   94   94    1    1    1    1    1    1    1    1  2.82378E+11 0.05660 
   95   95    1    1    1    1    1    1    1    1  1.40025E+11 0.07819 
   96   96    1    1    1    1    1    1    1    1  5.94266E+10 0.10148 
   97   97    1    1    1    1    1    1    1    1  2.65759E+10 0.15323 
   98   98    1    1    1    1    1    1    1    1  2.15025E+10 0.24354 
   99   99    1    1    1    1    1    1    1    1  1.25568E+10 0.25838 
  100  100    1    1    1    1    1    1    1    1  2.76362E+09 0.42684 
];


