
DETdpaspec = [
    1    1    1    1    1    1    1    1    1    1  0.00000E+00 0.00000 
    2    2    1    1    1    1    1    1    1    1  0.00000E+00 0.00000 
    3    3    1    1    1    1    1    1    1    1  0.00000E+00 0.00000 
    4    4    1    1    1    1    1    1    1    1  0.00000E+00 0.00000 
    5    5    1    1    1    1    1    1    1    1  0.00000E+00 0.00000 
    6    6    1    1    1    1    1    1    1    1  0.00000E+00 0.00000 
    7    7    1    1    1    1    1    1    1    1  0.00000E+00 0.00000 
    8    8    1    1    1    1    1    1    1    1  1.40365E+07 1.00000 
    9    9    1    1    1    1    1    1    1    1  3.40543E+07 0.73725 
   10   10    1    1    1    1    1    1    1    1  0.00000E+00 0.00000 
   11   11    1    1    1    1    1    1    1    1  3.86961E+08 0.56936 
   12   12    1    1    1    1    1    1    1    1  1.17882E+08 0.68977 
   13   13    1    1    1    1    1    1    1    1  6.87421E+09 0.26508 
   14   14    1    1    1    1    1    1    1    1  8.64097E+09 0.28031 
   15   15    1    1    1    1    1    1    1    1  1.26475E+10 0.24124 
   16   16    1    1    1    1    1    1    1    1  3.67571E+09 0.23479 
   17   17    1    1    1    1    1    1    1    1  5.16852E+09 0.21906 
   18   18    1    1    1    1    1    1    1    1  1.75129E+10 0.17098 
   19   19    1    1    1    1    1    1    1    1  2.57241E+10 0.13738 
   20   20    1    1    1    1    1    1    1    1  7.19495E+10 0.11589 
   21   21    1    1    1    1    1    1    1    1  6.50743E+10 0.07962 
   22   22    1    1    1    1    1    1    1    1  1.44303E+11 0.05334 
   23   23    1    1    1    1    1    1    1    1  2.79181E+11 0.05419 
   24   24    1    1    1    1    1    1    1    1  5.67806E+11 0.03424 
   25   25    1    1    1    1    1    1    1    1  8.74125E+11 0.02912 
   26   26    1    1    1    1    1    1    1    1  1.87648E+12 0.01793 
   27   27    1    1    1    1    1    1    1    1  3.93817E+12 0.01387 
   28   28    1    1    1    1    1    1    1    1  9.46716E+12 0.00836 
   29   29    1    1    1    1    1    1    1    1  1.44539E+13 0.00558 
   30   30    1    1    1    1    1    1    1    1  3.36173E+13 0.00560 
   31   31    1    1    1    1    1    1    1    1  8.00883E+13 0.00449 
   32   32    1    1    1    1    1    1    1    1  1.19114E+14 0.00317 
   33   33    1    1    1    1    1    1    1    1  2.37536E+14 0.00225 
   34   34    1    1    1    1    1    1    1    1  2.83769E+14 0.00146 
   35   35    1    1    1    1    1    1    1    1  3.80199E+14 0.00132 
   36   36    1    1    1    1    1    1    1    1  2.93172E+14 0.00144 
   37   37    1    1    1    1    1    1    1    1  9.04802E+13 0.00124 
   38   38    1    1    1    1    1    1    1    1  4.48353E+14 0.00142 
   39   39    1    1    1    1    1    1    1    1  5.52390E+14 0.00143 
   40   40    1    1    1    1    1    1    1    1  9.29781E+14 0.00107 
   41   41    1    1    1    1    1    1    1    1  8.85282E+14 0.00101 
   42   42    1    1    1    1    1    1    1    1  1.63515E+15 0.00102 
   43   43    1    1    1    1    1    1    1    1  1.79856E+15 0.00096 
   44   44    1    1    1    1    1    1    1    1  2.34780E+15 0.00086 
   45   45    1    1    1    1    1    1    1    1  4.22940E+15 0.00088 
   46   46    1    1    1    1    1    1    1    1  2.21729E+15 0.00084 
   47   47    1    1    1    1    1    1    1    1  3.19546E+15 0.00099 
   48   48    1    1    1    1    1    1    1    1  4.47320E+15 0.00088 
   49   49    1    1    1    1    1    1    1    1  4.06038E+15 0.00106 
   50   50    1    1    1    1    1    1    1    1  6.31412E+15 0.00102 
   51   51    1    1    1    1    1    1    1    1  4.95127E+15 0.00123 
   52   52    1    1    1    1    1    1    1    1  5.68020E+15 0.00114 
   53   53    1    1    1    1    1    1    1    1  4.05099E+15 0.00105 
   54   54    1    1    1    1    1    1    1    1  4.95322E+15 0.00108 
   55   55    1    1    1    1    1    1    1    1  3.51453E+15 0.00112 
   56   56    1    1    1    1    1    1    1    1  4.84380E+14 0.00141 
   57   57    1    1    1    1    1    1    1    1  6.83628E+15 0.00113 
   58   58    1    1    1    1    1    1    1    1  3.02976E+15 0.00112 
   59   59    1    1    1    1    1    1    1    1  3.29259E+15 0.00123 
   60   60    1    1    1    1    1    1    1    1  2.62495E+15 0.00132 
   61   61    1    1    1    1    1    1    1    1  2.62015E+15 0.00138 
   62   62    1    1    1    1    1    1    1    1  2.64191E+15 0.00134 
   63   63    1    1    1    1    1    1    1    1  2.21374E+15 0.00139 
   64   64    1    1    1    1    1    1    1    1  1.74939E+15 0.00124 
   65   65    1    1    1    1    1    1    1    1  1.71859E+15 0.00131 
   66   66    1    1    1    1    1    1    1    1  1.36381E+15 0.00141 
   67   67    1    1    1    1    1    1    1    1  1.11930E+15 0.00134 
   68   68    1    1    1    1    1    1    1    1  9.90172E+14 0.00138 
   69   69    1    1    1    1    1    1    1    1  1.20258E+15 0.00150 
   70   70    1    1    1    1    1    1    1    1  1.03151E+15 0.00166 
   71   71    1    1    1    1    1    1    1    1  1.92038E+15 0.00134 
   72   72    1    1    1    1    1    1    1    1  1.39337E+15 0.00125 
   73   73    1    1    1    1    1    1    1    1  1.07523E+15 0.00123 
   74   74    1    1    1    1    1    1    1    1  8.72239E+14 0.00152 
   75   75    1    1    1    1    1    1    1    1  7.20467E+14 0.00178 
   76   76    1    1    1    1    1    1    1    1  8.25236E+14 0.00160 
   77   77    1    1    1    1    1    1    1    1  6.48119E+14 0.00141 
   78   78    1    1    1    1    1    1    1    1  5.03609E+14 0.00197 
   79   79    1    1    1    1    1    1    1    1  5.20351E+14 0.00218 
   80   80    1    1    1    1    1    1    1    1  3.88747E+14 0.00175 
   81   81    1    1    1    1    1    1    1    1  3.00304E+14 0.00199 
   82   82    1    1    1    1    1    1    1    1  2.32175E+14 0.00225 
   83   83    1    1    1    1    1    1    1    1  2.17241E+14 0.00304 
   84   84    1    1    1    1    1    1    1    1  1.56334E+14 0.00290 
   85   85    1    1    1    1    1    1    1    1  1.12654E+14 0.00378 
   86   86    1    1    1    1    1    1    1    1  1.05204E+14 0.00227 
   87   87    1    1    1    1    1    1    1    1  6.52064E+13 0.00352 
   88   88    1    1    1    1    1    1    1    1  4.37683E+13 0.00541 
   89   89    1    1    1    1    1    1    1    1  2.53005E+13 0.00691 
   90   90    1    1    1    1    1    1    1    1  1.66893E+13 0.00941 
   91   91    1    1    1    1    1    1    1    1  8.36220E+12 0.01129 
   92   92    1    1    1    1    1    1    1    1  4.10058E+12 0.01733 
   93   93    1    1    1    1    1    1    1    1  1.97280E+12 0.02845 
   94   94    1    1    1    1    1    1    1    1  9.64468E+11 0.02952 
   95   95    1    1    1    1    1    1    1    1  4.54662E+11 0.04654 
   96   96    1    1    1    1    1    1    1    1  2.37468E+11 0.06465 
   97   97    1    1    1    1    1    1    1    1  9.66347E+10 0.08818 
   98   98    1    1    1    1    1    1    1    1  4.46134E+10 0.12782 
   99   99    1    1    1    1    1    1    1    1  2.74000E+10 0.15350 
  100  100    1    1    1    1    1    1    1    1  1.83690E+10 0.26953 
];


