
DETdpaspec = [
    1    1    1    1    1    1    1    1    1    1  0.00000E+00 0.00000 
    2    2    1    1    1    1    1    1    1    1  0.00000E+00 0.00000 
    3    3    1    1    1    1    1    1    1    1  0.00000E+00 0.00000 
    4    4    1    1    1    1    1    1    1    1  0.00000E+00 0.00000 
    5    5    1    1    1    1    1    1    1    1  0.00000E+00 0.00000 
    6    6    1    1    1    1    1    1    1    1  0.00000E+00 0.00000 
    7    7    1    1    1    1    1    1    1    1  1.99931E+07 1.00000 
    8    8    1    1    1    1    1    1    1    1  1.57701E+07 1.00000 
    9    9    1    1    1    1    1    1    1    1  2.91494E+07 1.00000 
   10   10    1    1    1    1    1    1    1    1  2.66604E+08 0.59429 
   11   11    1    1    1    1    1    1    1    1  1.46541E+08 0.74064 
   12   12    1    1    1    1    1    1    1    1  4.98994E+07 0.59074 
   13   13    1    1    1    1    1    1    1    1  2.14203E+09 0.41102 
   14   14    1    1    1    1    1    1    1    1  4.60912E+09 0.27284 
   15   15    1    1    1    1    1    1    1    1  9.55682E+09 0.24185 
   16   16    1    1    1    1    1    1    1    1  1.71648E+09 0.32214 
   17   17    1    1    1    1    1    1    1    1  7.58944E+09 0.18591 
   18   18    1    1    1    1    1    1    1    1  2.13102E+10 0.24450 
   19   19    1    1    1    1    1    1    1    1  2.52879E+10 0.11487 
   20   20    1    1    1    1    1    1    1    1  6.89992E+10 0.10954 
   21   21    1    1    1    1    1    1    1    1  5.65388E+10 0.08829 
   22   22    1    1    1    1    1    1    1    1  1.37011E+11 0.05641 
   23   23    1    1    1    1    1    1    1    1  2.06101E+11 0.04582 
   24   24    1    1    1    1    1    1    1    1  3.96818E+11 0.02990 
   25   25    1    1    1    1    1    1    1    1  5.31870E+11 0.01956 
   26   26    1    1    1    1    1    1    1    1  1.07395E+12 0.02487 
   27   27    1    1    1    1    1    1    1    1  2.24028E+12 0.01416 
   28   28    1    1    1    1    1    1    1    1  4.92288E+12 0.00903 
   29   29    1    1    1    1    1    1    1    1  6.84530E+12 0.01072 
   30   30    1    1    1    1    1    1    1    1  1.81328E+13 0.00788 
   31   31    1    1    1    1    1    1    1    1  4.34474E+13 0.00608 
   32   32    1    1    1    1    1    1    1    1  6.57018E+13 0.00416 
   33   33    1    1    1    1    1    1    1    1  1.29739E+14 0.00269 
   34   34    1    1    1    1    1    1    1    1  1.49528E+14 0.00192 
   35   35    1    1    1    1    1    1    1    1  2.12689E+14 0.00229 
   36   36    1    1    1    1    1    1    1    1  1.66942E+14 0.00185 
   37   37    1    1    1    1    1    1    1    1  5.26632E+13 0.00191 
   38   38    1    1    1    1    1    1    1    1  2.54155E+14 0.00172 
   39   39    1    1    1    1    1    1    1    1  3.13051E+14 0.00185 
   40   40    1    1    1    1    1    1    1    1  5.15434E+14 0.00158 
   41   41    1    1    1    1    1    1    1    1  4.99239E+14 0.00185 
   42   42    1    1    1    1    1    1    1    1  9.03337E+14 0.00174 
   43   43    1    1    1    1    1    1    1    1  9.88211E+14 0.00194 
   44   44    1    1    1    1    1    1    1    1  1.27660E+15 0.00135 
   45   45    1    1    1    1    1    1    1    1  2.26092E+15 0.00182 
   46   46    1    1    1    1    1    1    1    1  1.17797E+15 0.00173 
   47   47    1    1    1    1    1    1    1    1  1.70592E+15 0.00200 
   48   48    1    1    1    1    1    1    1    1  2.36402E+15 0.00171 
   49   49    1    1    1    1    1    1    1    1  2.15561E+15 0.00175 
   50   50    1    1    1    1    1    1    1    1  3.27958E+15 0.00169 
   51   51    1    1    1    1    1    1    1    1  2.58618E+15 0.00168 
   52   52    1    1    1    1    1    1    1    1  2.91290E+15 0.00169 
   53   53    1    1    1    1    1    1    1    1  2.07469E+15 0.00197 
   54   54    1    1    1    1    1    1    1    1  2.49307E+15 0.00180 
   55   55    1    1    1    1    1    1    1    1  1.76460E+15 0.00191 
   56   56    1    1    1    1    1    1    1    1  2.44188E+14 0.00205 
   57   57    1    1    1    1    1    1    1    1  3.42684E+15 0.00177 
   58   58    1    1    1    1    1    1    1    1  1.48415E+15 0.00190 
   59   59    1    1    1    1    1    1    1    1  1.61853E+15 0.00207 
   60   60    1    1    1    1    1    1    1    1  1.26507E+15 0.00226 
   61   61    1    1    1    1    1    1    1    1  1.26455E+15 0.00226 
   62   62    1    1    1    1    1    1    1    1  1.27058E+15 0.00237 
   63   63    1    1    1    1    1    1    1    1  1.05594E+15 0.00217 
   64   64    1    1    1    1    1    1    1    1  8.28842E+14 0.00207 
   65   65    1    1    1    1    1    1    1    1  8.13402E+14 0.00197 
   66   66    1    1    1    1    1    1    1    1  6.42227E+14 0.00218 
   67   67    1    1    1    1    1    1    1    1  5.29376E+14 0.00251 
   68   68    1    1    1    1    1    1    1    1  4.67880E+14 0.00263 
   69   69    1    1    1    1    1    1    1    1  5.67665E+14 0.00243 
   70   70    1    1    1    1    1    1    1    1  4.87025E+14 0.00303 
   71   71    1    1    1    1    1    1    1    1  9.15303E+14 0.00201 
   72   72    1    1    1    1    1    1    1    1  6.66279E+14 0.00247 
   73   73    1    1    1    1    1    1    1    1  5.11497E+14 0.00248 
   74   74    1    1    1    1    1    1    1    1  4.08600E+14 0.00235 
   75   75    1    1    1    1    1    1    1    1  3.32187E+14 0.00288 
   76   76    1    1    1    1    1    1    1    1  3.76673E+14 0.00298 
   77   77    1    1    1    1    1    1    1    1  2.91498E+14 0.00269 
   78   78    1    1    1    1    1    1    1    1  2.24939E+14 0.00304 
   79   79    1    1    1    1    1    1    1    1  2.29785E+14 0.00282 
   80   80    1    1    1    1    1    1    1    1  1.70561E+14 0.00263 
   81   81    1    1    1    1    1    1    1    1  1.31197E+14 0.00369 
   82   82    1    1    1    1    1    1    1    1  1.01139E+14 0.00430 
   83   83    1    1    1    1    1    1    1    1  9.43779E+13 0.00403 
   84   84    1    1    1    1    1    1    1    1  6.78075E+13 0.00370 
   85   85    1    1    1    1    1    1    1    1  4.88454E+13 0.00405 
   86   86    1    1    1    1    1    1    1    1  4.60031E+13 0.00422 
   87   87    1    1    1    1    1    1    1    1  2.82432E+13 0.00610 
   88   88    1    1    1    1    1    1    1    1  1.92213E+13 0.00441 
   89   89    1    1    1    1    1    1    1    1  1.09090E+13 0.01228 
   90   90    1    1    1    1    1    1    1    1  7.38145E+12 0.01072 
   91   91    1    1    1    1    1    1    1    1  3.74312E+12 0.01483 
   92   92    1    1    1    1    1    1    1    1  1.84444E+12 0.01986 
   93   93    1    1    1    1    1    1    1    1  9.09632E+11 0.03190 
   94   94    1    1    1    1    1    1    1    1  4.63692E+11 0.04622 
   95   95    1    1    1    1    1    1    1    1  2.07001E+11 0.06491 
   96   96    1    1    1    1    1    1    1    1  8.82738E+10 0.12815 
   97   97    1    1    1    1    1    1    1    1  3.96685E+10 0.13898 
   98   98    1    1    1    1    1    1    1    1  2.47381E+10 0.18534 
   99   99    1    1    1    1    1    1    1    1  1.80831E+10 0.25242 
  100  100    1    1    1    1    1    1    1    1  1.23631E+10 0.26264 
];


