
DETdpaspec = [
    1    1    1    1    1    1    1    1    1    1  0.00000E+00 0.00000 
    2    2    1    1    1    1    1    1    1    1  0.00000E+00 0.00000 
    3    3    1    1    1    1    1    1    1    1  0.00000E+00 0.00000 
    4    4    1    1    1    1    1    1    1    1  0.00000E+00 0.00000 
    5    5    1    1    1    1    1    1    1    1  0.00000E+00 0.00000 
    6    6    1    1    1    1    1    1    1    1  0.00000E+00 0.00000 
    7    7    1    1    1    1    1    1    1    1  2.40135E+07 1.00000 
    8    8    1    1    1    1    1    1    1    1  0.00000E+00 0.00000 
    9    9    1    1    1    1    1    1    1    1  0.00000E+00 0.00000 
   10   10    1    1    1    1    1    1    1    1  4.72740E+08 0.39907 
   11   11    1    1    1    1    1    1    1    1  2.45004E+08 0.74777 
   12   12    1    1    1    1    1    1    1    1  1.78094E+08 0.42707 
   13   13    1    1    1    1    1    1    1    1  1.52288E+09 0.58632 
   14   14    1    1    1    1    1    1    1    1  1.91882E+09 0.45255 
   15   15    1    1    1    1    1    1    1    1  5.51359E+09 0.29242 
   16   16    1    1    1    1    1    1    1    1  2.19339E+09 0.36446 
   17   17    1    1    1    1    1    1    1    1  3.51118E+09 0.19823 
   18   18    1    1    1    1    1    1    1    1  1.07878E+10 0.27412 
   19   19    1    1    1    1    1    1    1    1  1.02297E+10 0.16806 
   20   20    1    1    1    1    1    1    1    1  3.87705E+10 0.09776 
   21   21    1    1    1    1    1    1    1    1  3.47319E+10 0.11170 
   22   22    1    1    1    1    1    1    1    1  9.67195E+10 0.06846 
   23   23    1    1    1    1    1    1    1    1  1.25400E+11 0.05706 
   24   24    1    1    1    1    1    1    1    1  2.02889E+11 0.05632 
   25   25    1    1    1    1    1    1    1    1  2.78929E+11 0.07866 
   26   26    1    1    1    1    1    1    1    1  5.35182E+11 0.03576 
   27   27    1    1    1    1    1    1    1    1  1.07833E+12 0.01657 
   28   28    1    1    1    1    1    1    1    1  2.12433E+12 0.01697 
   29   29    1    1    1    1    1    1    1    1  2.81863E+12 0.01567 
   30   30    1    1    1    1    1    1    1    1  7.59695E+12 0.00966 
   31   31    1    1    1    1    1    1    1    1  1.76118E+13 0.00837 
   32   32    1    1    1    1    1    1    1    1  2.62619E+13 0.01068 
   33   33    1    1    1    1    1    1    1    1  4.99594E+13 0.00758 
   34   34    1    1    1    1    1    1    1    1  5.60497E+13 0.00611 
   35   35    1    1    1    1    1    1    1    1  8.14256E+13 0.00450 
   36   36    1    1    1    1    1    1    1    1  6.37063E+13 0.00469 
   37   37    1    1    1    1    1    1    1    1  2.01817E+13 0.00435 
   38   38    1    1    1    1    1    1    1    1  9.55727E+13 0.00493 
   39   39    1    1    1    1    1    1    1    1  1.16899E+14 0.00513 
   40   40    1    1    1    1    1    1    1    1  1.89967E+14 0.00562 
   41   41    1    1    1    1    1    1    1    1  1.84413E+14 0.00492 
   42   42    1    1    1    1    1    1    1    1  3.27691E+14 0.00482 
   43   43    1    1    1    1    1    1    1    1  3.54837E+14 0.00525 
   44   44    1    1    1    1    1    1    1    1  4.54899E+14 0.00498 
   45   45    1    1    1    1    1    1    1    1  7.93385E+14 0.00530 
   46   46    1    1    1    1    1    1    1    1  4.09954E+14 0.00505 
   47   47    1    1    1    1    1    1    1    1  5.93554E+14 0.00518 
   48   48    1    1    1    1    1    1    1    1  8.15356E+14 0.00505 
   49   49    1    1    1    1    1    1    1    1  7.43030E+14 0.00516 
   50   50    1    1    1    1    1    1    1    1  1.11409E+15 0.00494 
   51   51    1    1    1    1    1    1    1    1  8.81205E+14 0.00508 
   52   52    1    1    1    1    1    1    1    1  9.78003E+14 0.00522 
   53   53    1    1    1    1    1    1    1    1  6.95029E+14 0.00548 
   54   54    1    1    1    1    1    1    1    1  8.27834E+14 0.00508 
   55   55    1    1    1    1    1    1    1    1  5.85667E+14 0.00511 
   56   56    1    1    1    1    1    1    1    1  8.09285E+13 0.00565 
   57   57    1    1    1    1    1    1    1    1  1.13302E+15 0.00523 
   58   58    1    1    1    1    1    1    1    1  4.84471E+14 0.00522 
   59   59    1    1    1    1    1    1    1    1  5.28710E+14 0.00526 
   60   60    1    1    1    1    1    1    1    1  4.08532E+14 0.00487 
   61   61    1    1    1    1    1    1    1    1  4.07510E+14 0.00516 
   62   62    1    1    1    1    1    1    1    1  4.07664E+14 0.00484 
   63   63    1    1    1    1    1    1    1    1  3.37092E+14 0.00536 
   64   64    1    1    1    1    1    1    1    1  2.64137E+14 0.00573 
   65   65    1    1    1    1    1    1    1    1  2.58362E+14 0.00502 
   66   66    1    1    1    1    1    1    1    1  2.03444E+14 0.00502 
   67   67    1    1    1    1    1    1    1    1  1.68058E+14 0.00598 
   68   68    1    1    1    1    1    1    1    1  1.49222E+14 0.00550 
   69   69    1    1    1    1    1    1    1    1  1.80611E+14 0.00615 
   70   70    1    1    1    1    1    1    1    1  1.53892E+14 0.00618 
   71   71    1    1    1    1    1    1    1    1  2.91557E+14 0.00605 
   72   72    1    1    1    1    1    1    1    1  2.12796E+14 0.00571 
   73   73    1    1    1    1    1    1    1    1  1.62582E+14 0.00566 
   74   74    1    1    1    1    1    1    1    1  1.28689E+14 0.00613 
   75   75    1    1    1    1    1    1    1    1  1.04199E+14 0.00742 
   76   76    1    1    1    1    1    1    1    1  1.16524E+14 0.00602 
   77   77    1    1    1    1    1    1    1    1  8.96444E+13 0.00656 
   78   78    1    1    1    1    1    1    1    1  6.87040E+13 0.00707 
   79   79    1    1    1    1    1    1    1    1  7.00785E+13 0.00641 
   80   80    1    1    1    1    1    1    1    1  5.18325E+13 0.00706 
   81   81    1    1    1    1    1    1    1    1  3.97080E+13 0.00769 
   82   82    1    1    1    1    1    1    1    1  3.02405E+13 0.00710 
   83   83    1    1    1    1    1    1    1    1  2.83293E+13 0.00531 
   84   84    1    1    1    1    1    1    1    1  2.03112E+13 0.00909 
   85   85    1    1    1    1    1    1    1    1  1.47633E+13 0.00735 
   86   86    1    1    1    1    1    1    1    1  1.38789E+13 0.00723 
   87   87    1    1    1    1    1    1    1    1  8.61617E+12 0.00909 
   88   88    1    1    1    1    1    1    1    1  5.78901E+12 0.01452 
   89   89    1    1    1    1    1    1    1    1  3.36083E+12 0.01640 
   90   90    1    1    1    1    1    1    1    1  2.26040E+12 0.01848 
   91   91    1    1    1    1    1    1    1    1  1.10213E+12 0.03075 
   92   92    1    1    1    1    1    1    1    1  5.55057E+11 0.04498 
   93   93    1    1    1    1    1    1    1    1  2.53867E+11 0.08455 
   94   94    1    1    1    1    1    1    1    1  1.39067E+11 0.08767 
   95   95    1    1    1    1    1    1    1    1  7.26921E+10 0.12834 
   96   96    1    1    1    1    1    1    1    1  2.91707E+10 0.20985 
   97   97    1    1    1    1    1    1    1    1  1.48936E+10 0.26774 
   98   98    1    1    1    1    1    1    1    1  5.23149E+09 0.43496 
   99   99    1    1    1    1    1    1    1    1  4.47127E+09 0.53557 
  100  100    1    1    1    1    1    1    1    1  3.28140E+09 0.52664 
];


