
DETdpaspec = [
    1    1    1    1    1    1    1    1    1    1  9.60214E+06 1.00000 
    2    2    1    1    1    1    1    1    1    1  0.00000E+00 0.00000 
    3    3    1    1    1    1    1    1    1    1  0.00000E+00 0.00000 
    4    4    1    1    1    1    1    1    1    1  0.00000E+00 0.00000 
    5    5    1    1    1    1    1    1    1    1  0.00000E+00 0.00000 
    6    6    1    1    1    1    1    1    1    1  0.00000E+00 0.00000 
    7    7    1    1    1    1    1    1    1    1  0.00000E+00 0.00000 
    8    8    1    1    1    1    1    1    1    1  0.00000E+00 0.00000 
    9    9    1    1    1    1    1    1    1    1  0.00000E+00 0.00000 
   10   10    1    1    1    1    1    1    1    1  0.00000E+00 0.00000 
   11   11    1    1    1    1    1    1    1    1  0.00000E+00 0.00000 
   12   12    1    1    1    1    1    1    1    1  9.58105E+08 0.44423 
   13   13    1    1    1    1    1    1    1    1  3.20513E+09 0.44512 
   14   14    1    1    1    1    1    1    1    1  7.37013E+09 0.37078 
   15   15    1    1    1    1    1    1    1    1  4.68481E+09 0.34461 
   16   16    1    1    1    1    1    1    1    1  4.56121E+09 0.45113 
   17   17    1    1    1    1    1    1    1    1  8.89359E+09 0.25064 
   18   18    1    1    1    1    1    1    1    1  1.37754E+10 0.18622 
   19   19    1    1    1    1    1    1    1    1  2.11035E+10 0.20468 
   20   20    1    1    1    1    1    1    1    1  7.34194E+10 0.09712 
   21   21    1    1    1    1    1    1    1    1  1.45360E+11 0.08309 
   22   22    1    1    1    1    1    1    1    1  6.76407E+11 0.03284 
   23   23    1    1    1    1    1    1    1    1  2.50624E+12 0.02133 
   24   24    1    1    1    1    1    1    1    1  6.31514E+12 0.01065 
   25   25    1    1    1    1    1    1    1    1  9.77197E+12 0.00742 
   26   26    1    1    1    1    1    1    1    1  1.83052E+13 0.00676 
   27   27    1    1    1    1    1    1    1    1  3.19230E+13 0.00544 
   28   28    1    1    1    1    1    1    1    1  5.82457E+13 0.00411 
   29   29    1    1    1    1    1    1    1    1  8.17497E+13 0.00301 
   30   30    1    1    1    1    1    1    1    1  1.37945E+14 0.00245 
   31   31    1    1    1    1    1    1    1    1  2.54174E+14 0.00196 
   32   32    1    1    1    1    1    1    1    1  3.25875E+14 0.00158 
   33   33    1    1    1    1    1    1    1    1  5.65004E+14 0.00105 
   34   34    1    1    1    1    1    1    1    1  6.47641E+14 0.00142 
   35   35    1    1    1    1    1    1    1    1  7.18085E+14 0.00081 
   36   36    1    1    1    1    1    1    1    1  5.02018E+14 0.00071 
   37   37    1    1    1    1    1    1    1    1  1.47241E+14 0.00113 
   38   38    1    1    1    1    1    1    1    1  7.39332E+14 0.00092 
   39   39    1    1    1    1    1    1    1    1  8.89378E+14 0.00078 
   40   40    1    1    1    1    1    1    1    1  1.48018E+15 0.00062 
   41   41    1    1    1    1    1    1    1    1  1.33459E+15 0.00066 
   42   42    1    1    1    1    1    1    1    1  2.45450E+15 0.00072 
   43   43    1    1    1    1    1    1    1    1  2.64603E+15 0.00063 
   44   44    1    1    1    1    1    1    1    1  3.38681E+15 0.00065 
   45   45    1    1    1    1    1    1    1    1  5.96959E+15 0.00054 
   46   46    1    1    1    1    1    1    1    1  3.04938E+15 0.00058 
   47   47    1    1    1    1    1    1    1    1  4.29562E+15 0.00054 
   48   48    1    1    1    1    1    1    1    1  5.92876E+15 0.00062 
   49   49    1    1    1    1    1    1    1    1  5.25122E+15 0.00059 
   50   50    1    1    1    1    1    1    1    1  8.17721E+15 0.00051 
   51   51    1    1    1    1    1    1    1    1  6.22914E+15 0.00047 
   52   52    1    1    1    1    1    1    1    1  7.18529E+15 0.00066 
   53   53    1    1    1    1    1    1    1    1  5.04897E+15 0.00062 
   54   54    1    1    1    1    1    1    1    1  6.23311E+15 0.00071 
   55   55    1    1    1    1    1    1    1    1  4.38025E+15 0.00064 
   56   56    1    1    1    1    1    1    1    1  5.98968E+14 0.00074 
   57   57    1    1    1    1    1    1    1    1  8.44350E+15 0.00064 
   58   58    1    1    1    1    1    1    1    1  3.80175E+15 0.00059 
   59   59    1    1    1    1    1    1    1    1  4.06974E+15 0.00072 
   60   60    1    1    1    1    1    1    1    1  3.28927E+15 0.00056 
   61   61    1    1    1    1    1    1    1    1  3.26826E+15 0.00074 
   62   62    1    1    1    1    1    1    1    1  3.28695E+15 0.00061 
   63   63    1    1    1    1    1    1    1    1  2.75145E+15 0.00073 
   64   64    1    1    1    1    1    1    1    1  2.16611E+15 0.00069 
   65   65    1    1    1    1    1    1    1    1  2.11555E+15 0.00064 
   66   66    1    1    1    1    1    1    1    1  1.67699E+15 0.00081 
   67   67    1    1    1    1    1    1    1    1  1.36563E+15 0.00084 
   68   68    1    1    1    1    1    1    1    1  1.19939E+15 0.00087 
   69   69    1    1    1    1    1    1    1    1  1.45249E+15 0.00078 
   70   70    1    1    1    1    1    1    1    1  1.23798E+15 0.00112 
   71   71    1    1    1    1    1    1    1    1  2.24999E+15 0.00078 
   72   72    1    1    1    1    1    1    1    1  1.61324E+15 0.00109 
   73   73    1    1    1    1    1    1    1    1  1.24434E+15 0.00100 
   74   74    1    1    1    1    1    1    1    1  1.01884E+15 0.00132 
   75   75    1    1    1    1    1    1    1    1  8.50195E+14 0.00109 
   76   76    1    1    1    1    1    1    1    1  9.89434E+14 0.00097 
   77   77    1    1    1    1    1    1    1    1  7.85839E+14 0.00117 
   78   78    1    1    1    1    1    1    1    1  6.17134E+14 0.00120 
   79   79    1    1    1    1    1    1    1    1  6.42742E+14 0.00139 
   80   80    1    1    1    1    1    1    1    1  4.80317E+14 0.00130 
   81   81    1    1    1    1    1    1    1    1  3.73399E+14 0.00129 
   82   82    1    1    1    1    1    1    1    1  2.87146E+14 0.00192 
   83   83    1    1    1    1    1    1    1    1  2.68130E+14 0.00171 
   84   84    1    1    1    1    1    1    1    1  1.91985E+14 0.00217 
   85   85    1    1    1    1    1    1    1    1  1.38609E+14 0.00274 
   86   86    1    1    1    1    1    1    1    1  1.29941E+14 0.00222 
   87   87    1    1    1    1    1    1    1    1  7.88775E+13 0.00369 
   88   88    1    1    1    1    1    1    1    1  5.30397E+13 0.00346 
   89   89    1    1    1    1    1    1    1    1  3.02617E+13 0.00497 
   90   90    1    1    1    1    1    1    1    1  2.00168E+13 0.00896 
   91   91    1    1    1    1    1    1    1    1  9.96239E+12 0.00998 
   92   92    1    1    1    1    1    1    1    1  4.94001E+12 0.01256 
   93   93    1    1    1    1    1    1    1    1  2.27313E+12 0.02048 
   94   94    1    1    1    1    1    1    1    1  1.11304E+12 0.02727 
   95   95    1    1    1    1    1    1    1    1  5.62444E+11 0.05022 
   96   96    1    1    1    1    1    1    1    1  2.51283E+11 0.04938 
   97   97    1    1    1    1    1    1    1    1  1.18452E+11 0.09043 
   98   98    1    1    1    1    1    1    1    1  4.85266E+10 0.12054 
   99   99    1    1    1    1    1    1    1    1  3.75611E+10 0.16482 
  100  100    1    1    1    1    1    1    1    1  3.11997E+10 0.19757 
];


