
DETdpaspec = [
    1    1    1    1    1    1    1    1    1    1  0.00000E+00 0.00000 
    2    2    1    1    1    1    1    1    1    1  0.00000E+00 0.00000 
    3    3    1    1    1    1    1    1    1    1  0.00000E+00 0.00000 
    4    4    1    1    1    1    1    1    1    1  0.00000E+00 0.00000 
    5    5    1    1    1    1    1    1    1    1  1.14910E+07 1.00000 
    6    6    1    1    1    1    1    1    1    1  0.00000E+00 0.00000 
    7    7    1    1    1    1    1    1    1    1  0.00000E+00 0.00000 
    8    8    1    1    1    1    1    1    1    1  3.95807E+07 1.00000 
    9    9    1    1    1    1    1    1    1    1  3.89007E+07 0.54722 
   10   10    1    1    1    1    1    1    1    1  1.80871E+08 0.72760 
   11   11    1    1    1    1    1    1    1    1  2.93209E+08 0.68475 
   12   12    1    1    1    1    1    1    1    1  7.38313E+07 0.69728 
   13   13    1    1    1    1    1    1    1    1  2.43507E+09 0.34300 
   14   14    1    1    1    1    1    1    1    1  3.84411E+09 0.37871 
   15   15    1    1    1    1    1    1    1    1  4.19502E+09 0.31461 
   16   16    1    1    1    1    1    1    1    1  1.29131E+09 0.26038 
   17   17    1    1    1    1    1    1    1    1  3.52925E+09 0.24958 
   18   18    1    1    1    1    1    1    1    1  1.32628E+10 0.15820 
   19   19    1    1    1    1    1    1    1    1  1.63427E+10 0.14111 
   20   20    1    1    1    1    1    1    1    1  5.07978E+10 0.11141 
   21   21    1    1    1    1    1    1    1    1  3.34553E+10 0.07888 
   22   22    1    1    1    1    1    1    1    1  1.11870E+11 0.06519 
   23   23    1    1    1    1    1    1    1    1  1.72381E+11 0.06235 
   24   24    1    1    1    1    1    1    1    1  2.79090E+11 0.04934 
   25   25    1    1    1    1    1    1    1    1  3.69606E+11 0.03709 
   26   26    1    1    1    1    1    1    1    1  7.22116E+11 0.02927 
   27   27    1    1    1    1    1    1    1    1  1.54400E+12 0.02136 
   28   28    1    1    1    1    1    1    1    1  3.01709E+12 0.01130 
   29   29    1    1    1    1    1    1    1    1  4.07489E+12 0.01062 
   30   30    1    1    1    1    1    1    1    1  1.07246E+13 0.00979 
   31   31    1    1    1    1    1    1    1    1  2.51945E+13 0.00736 
   32   32    1    1    1    1    1    1    1    1  3.76992E+13 0.00530 
   33   33    1    1    1    1    1    1    1    1  7.33727E+13 0.00380 
   34   34    1    1    1    1    1    1    1    1  8.33944E+13 0.00394 
   35   35    1    1    1    1    1    1    1    1  1.20733E+14 0.00356 
   36   36    1    1    1    1    1    1    1    1  9.41567E+13 0.00346 
   37   37    1    1    1    1    1    1    1    1  2.97771E+13 0.00366 
   38   38    1    1    1    1    1    1    1    1  1.42199E+14 0.00346 
   39   39    1    1    1    1    1    1    1    1  1.74399E+14 0.00329 
   40   40    1    1    1    1    1    1    1    1  2.85085E+14 0.00316 
   41   41    1    1    1    1    1    1    1    1  2.76752E+14 0.00333 
   42   42    1    1    1    1    1    1    1    1  4.94794E+14 0.00308 
   43   43    1    1    1    1    1    1    1    1  5.38081E+14 0.00287 
   44   44    1    1    1    1    1    1    1    1  6.92763E+14 0.00321 
   45   45    1    1    1    1    1    1    1    1  1.21261E+15 0.00325 
   46   46    1    1    1    1    1    1    1    1  6.27712E+14 0.00284 
   47   47    1    1    1    1    1    1    1    1  9.09410E+14 0.00285 
   48   48    1    1    1    1    1    1    1    1  1.25305E+15 0.00282 
   49   49    1    1    1    1    1    1    1    1  1.13996E+15 0.00301 
   50   50    1    1    1    1    1    1    1    1  1.72028E+15 0.00291 
   51   51    1    1    1    1    1    1    1    1  1.35833E+15 0.00302 
   52   52    1    1    1    1    1    1    1    1  1.51407E+15 0.00293 
   53   53    1    1    1    1    1    1    1    1  1.07526E+15 0.00299 
   54   54    1    1    1    1    1    1    1    1  1.28226E+15 0.00282 
   55   55    1    1    1    1    1    1    1    1  9.07807E+14 0.00281 
   56   56    1    1    1    1    1    1    1    1  1.25503E+14 0.00333 
   57   57    1    1    1    1    1    1    1    1  1.75618E+15 0.00293 
   58   58    1    1    1    1    1    1    1    1  7.54016E+14 0.00240 
   59   59    1    1    1    1    1    1    1    1  8.21535E+14 0.00251 
   60   60    1    1    1    1    1    1    1    1  6.37867E+14 0.00272 
   61   61    1    1    1    1    1    1    1    1  6.37149E+14 0.00258 
   62   62    1    1    1    1    1    1    1    1  6.36790E+14 0.00226 
   63   63    1    1    1    1    1    1    1    1  5.29094E+14 0.00286 
   64   64    1    1    1    1    1    1    1    1  4.14297E+14 0.00299 
   65   65    1    1    1    1    1    1    1    1  4.05094E+14 0.00268 
   66   66    1    1    1    1    1    1    1    1  3.18417E+14 0.00284 
   67   67    1    1    1    1    1    1    1    1  2.62226E+14 0.00286 
   68   68    1    1    1    1    1    1    1    1  2.32912E+14 0.00377 
   69   69    1    1    1    1    1    1    1    1  2.81759E+14 0.00367 
   70   70    1    1    1    1    1    1    1    1  2.41967E+14 0.00367 
   71   71    1    1    1    1    1    1    1    1  4.55707E+14 0.00347 
   72   72    1    1    1    1    1    1    1    1  3.31521E+14 0.00316 
   73   73    1    1    1    1    1    1    1    1  2.55379E+14 0.00283 
   74   74    1    1    1    1    1    1    1    1  2.02033E+14 0.00362 
   75   75    1    1    1    1    1    1    1    1  1.63291E+14 0.00330 
   76   76    1    1    1    1    1    1    1    1  1.84574E+14 0.00310 
   77   77    1    1    1    1    1    1    1    1  1.41676E+14 0.00330 
   78   78    1    1    1    1    1    1    1    1  1.08435E+14 0.00388 
   79   79    1    1    1    1    1    1    1    1  1.11170E+14 0.00470 
   80   80    1    1    1    1    1    1    1    1  8.22756E+13 0.00409 
   81   81    1    1    1    1    1    1    1    1  6.33431E+13 0.00472 
   82   82    1    1    1    1    1    1    1    1  4.84424E+13 0.00611 
   83   83    1    1    1    1    1    1    1    1  4.53968E+13 0.00555 
   84   84    1    1    1    1    1    1    1    1  3.25290E+13 0.00528 
   85   85    1    1    1    1    1    1    1    1  2.36069E+13 0.00409 
   86   86    1    1    1    1    1    1    1    1  2.22635E+13 0.00744 
   87   87    1    1    1    1    1    1    1    1  1.35575E+13 0.00774 
   88   88    1    1    1    1    1    1    1    1  9.38945E+12 0.00577 
   89   89    1    1    1    1    1    1    1    1  5.42291E+12 0.01088 
   90   90    1    1    1    1    1    1    1    1  3.51070E+12 0.01583 
   91   91    1    1    1    1    1    1    1    1  1.75882E+12 0.02309 
   92   92    1    1    1    1    1    1    1    1  8.33560E+11 0.02930 
   93   93    1    1    1    1    1    1    1    1  4.08747E+11 0.03978 
   94   94    1    1    1    1    1    1    1    1  1.97819E+11 0.07406 
   95   95    1    1    1    1    1    1    1    1  1.03588E+11 0.09787 
   96   96    1    1    1    1    1    1    1    1  4.78488E+10 0.13607 
   97   97    1    1    1    1    1    1    1    1  1.86053E+10 0.14362 
   98   98    1    1    1    1    1    1    1    1  1.36349E+10 0.35001 
   99   99    1    1    1    1    1    1    1    1  3.92879E+09 0.53461 
  100  100    1    1    1    1    1    1    1    1  4.38379E+09 0.38233 
];


