
DETdpaspec = [
    1    1    1    1    1    1    1    1    1    1  0.00000E+00 0.00000 
    2    2    1    1    1    1    1    1    1    1  0.00000E+00 0.00000 
    3    3    1    1    1    1    1    1    1    1  0.00000E+00 0.00000 
    4    4    1    1    1    1    1    1    1    1  0.00000E+00 0.00000 
    5    5    1    1    1    1    1    1    1    1  0.00000E+00 0.00000 
    6    6    1    1    1    1    1    1    1    1  0.00000E+00 0.00000 
    7    7    1    1    1    1    1    1    1    1  0.00000E+00 0.00000 
    8    8    1    1    1    1    1    1    1    1  0.00000E+00 0.00000 
    9    9    1    1    1    1    1    1    1    1  1.21410E+07 1.00000 
   10   10    1    1    1    1    1    1    1    1  6.15723E+07 1.00000 
   11   11    1    1    1    1    1    1    1    1  2.65892E+08 0.76347 
   12   12    1    1    1    1    1    1    1    1  9.28742E+07 0.58817 
   13   13    1    1    1    1    1    1    1    1  3.11433E+09 0.29857 
   14   14    1    1    1    1    1    1    1    1  7.30821E+09 0.25973 
   15   15    1    1    1    1    1    1    1    1  3.21551E+09 0.41187 
   16   16    1    1    1    1    1    1    1    1  2.61404E+09 0.32803 
   17   17    1    1    1    1    1    1    1    1  4.83511E+09 0.23350 
   18   18    1    1    1    1    1    1    1    1  1.60047E+10 0.15559 
   19   19    1    1    1    1    1    1    1    1  1.48028E+10 0.19225 
   20   20    1    1    1    1    1    1    1    1  4.31595E+10 0.10710 
   21   21    1    1    1    1    1    1    1    1  4.13781E+10 0.09424 
   22   22    1    1    1    1    1    1    1    1  9.68087E+10 0.08202 
   23   23    1    1    1    1    1    1    1    1  1.40880E+11 0.05081 
   24   24    1    1    1    1    1    1    1    1  2.22836E+11 0.05365 
   25   25    1    1    1    1    1    1    1    1  3.24943E+11 0.03775 
   26   26    1    1    1    1    1    1    1    1  6.37544E+11 0.02834 
   27   27    1    1    1    1    1    1    1    1  1.29931E+12 0.02463 
   28   28    1    1    1    1    1    1    1    1  2.68376E+12 0.01826 
   29   29    1    1    1    1    1    1    1    1  3.53285E+12 0.01339 
   30   30    1    1    1    1    1    1    1    1  9.35298E+12 0.00683 
   31   31    1    1    1    1    1    1    1    1  2.23934E+13 0.00715 
   32   32    1    1    1    1    1    1    1    1  3.33377E+13 0.00537 
   33   33    1    1    1    1    1    1    1    1  6.39585E+13 0.00293 
   34   34    1    1    1    1    1    1    1    1  7.20228E+13 0.00395 
   35   35    1    1    1    1    1    1    1    1  1.04430E+14 0.00317 
   36   36    1    1    1    1    1    1    1    1  8.14777E+13 0.00319 
   37   37    1    1    1    1    1    1    1    1  2.58632E+13 0.00270 
   38   38    1    1    1    1    1    1    1    1  1.23564E+14 0.00255 
   39   39    1    1    1    1    1    1    1    1  1.51004E+14 0.00251 
   40   40    1    1    1    1    1    1    1    1  2.46208E+14 0.00299 
   41   41    1    1    1    1    1    1    1    1  2.39001E+14 0.00358 
   42   42    1    1    1    1    1    1    1    1  4.27158E+14 0.00348 
   43   43    1    1    1    1    1    1    1    1  4.63999E+14 0.00329 
   44   44    1    1    1    1    1    1    1    1  5.96016E+14 0.00284 
   45   45    1    1    1    1    1    1    1    1  1.04231E+15 0.00310 
   46   46    1    1    1    1    1    1    1    1  5.37559E+14 0.00323 
   47   47    1    1    1    1    1    1    1    1  7.79559E+14 0.00301 
   48   48    1    1    1    1    1    1    1    1  1.07369E+15 0.00313 
   49   49    1    1    1    1    1    1    1    1  9.76574E+14 0.00303 
   50   50    1    1    1    1    1    1    1    1  1.46715E+15 0.00298 
   51   51    1    1    1    1    1    1    1    1  1.15883E+15 0.00329 
   52   52    1    1    1    1    1    1    1    1  1.29149E+15 0.00299 
   53   53    1    1    1    1    1    1    1    1  9.17829E+14 0.00308 
   54   54    1    1    1    1    1    1    1    1  1.09256E+15 0.00309 
   55   55    1    1    1    1    1    1    1    1  7.72441E+14 0.00309 
   56   56    1    1    1    1    1    1    1    1  1.06401E+14 0.00381 
   57   57    1    1    1    1    1    1    1    1  1.49117E+15 0.00311 
   58   58    1    1    1    1    1    1    1    1  6.38162E+14 0.00274 
   59   59    1    1    1    1    1    1    1    1  6.96756E+14 0.00290 
   60   60    1    1    1    1    1    1    1    1  5.41023E+14 0.00309 
   61   61    1    1    1    1    1    1    1    1  5.39680E+14 0.00347 
   62   62    1    1    1    1    1    1    1    1  5.39599E+14 0.00310 
   63   63    1    1    1    1    1    1    1    1  4.45796E+14 0.00294 
   64   64    1    1    1    1    1    1    1    1  3.50136E+14 0.00386 
   65   65    1    1    1    1    1    1    1    1  3.43286E+14 0.00360 
   66   66    1    1    1    1    1    1    1    1  2.69875E+14 0.00411 
   67   67    1    1    1    1    1    1    1    1  2.23099E+14 0.00394 
   68   68    1    1    1    1    1    1    1    1  1.97296E+14 0.00414 
   69   69    1    1    1    1    1    1    1    1  2.38662E+14 0.00367 
   70   70    1    1    1    1    1    1    1    1  2.04916E+14 0.00377 
   71   71    1    1    1    1    1    1    1    1  3.86208E+14 0.00351 
   72   72    1    1    1    1    1    1    1    1  2.80848E+14 0.00367 
   73   73    1    1    1    1    1    1    1    1  2.15816E+14 0.00477 
   74   74    1    1    1    1    1    1    1    1  1.70730E+14 0.00503 
   75   75    1    1    1    1    1    1    1    1  1.38585E+14 0.00418 
   76   76    1    1    1    1    1    1    1    1  1.55696E+14 0.00401 
   77   77    1    1    1    1    1    1    1    1  1.19417E+14 0.00454 
   78   78    1    1    1    1    1    1    1    1  9.11558E+13 0.00460 
   79   79    1    1    1    1    1    1    1    1  9.32278E+13 0.00381 
   80   80    1    1    1    1    1    1    1    1  6.93654E+13 0.00476 
   81   81    1    1    1    1    1    1    1    1  5.30659E+13 0.00447 
   82   82    1    1    1    1    1    1    1    1  4.08153E+13 0.00490 
   83   83    1    1    1    1    1    1    1    1  3.79932E+13 0.00668 
   84   84    1    1    1    1    1    1    1    1  2.72263E+13 0.00607 
   85   85    1    1    1    1    1    1    1    1  1.97410E+13 0.00693 
   86   86    1    1    1    1    1    1    1    1  1.85657E+13 0.00942 
   87   87    1    1    1    1    1    1    1    1  1.15424E+13 0.00907 
   88   88    1    1    1    1    1    1    1    1  7.85961E+12 0.00793 
   89   89    1    1    1    1    1    1    1    1  4.49079E+12 0.01145 
   90   90    1    1    1    1    1    1    1    1  2.98025E+12 0.01946 
   91   91    1    1    1    1    1    1    1    1  1.56448E+12 0.02287 
   92   92    1    1    1    1    1    1    1    1  7.85141E+11 0.03643 
   93   93    1    1    1    1    1    1    1    1  3.48397E+11 0.06258 
   94   94    1    1    1    1    1    1    1    1  1.77576E+11 0.06868 
   95   95    1    1    1    1    1    1    1    1  7.47057E+10 0.08876 
   96   96    1    1    1    1    1    1    1    1  3.52063E+10 0.17882 
   97   97    1    1    1    1    1    1    1    1  1.60937E+10 0.24731 
   98   98    1    1    1    1    1    1    1    1  1.10397E+10 0.27727 
   99   99    1    1    1    1    1    1    1    1  3.94149E+09 0.39513 
  100  100    1    1    1    1    1    1    1    1  4.88969E+09 0.35478 
];


