
DETdpaspec = [
    1    1    1    1    1    1    1    1    1    1  0.00000E+00 0.00000 
    2    2    1    1    1    1    1    1    1    1  0.00000E+00 0.00000 
    3    3    1    1    1    1    1    1    1    1  9.34574E+06 1.00000 
    4    4    1    1    1    1    1    1    1    1  0.00000E+00 0.00000 
    5    5    1    1    1    1    1    1    1    1  0.00000E+00 0.00000 
    6    6    1    1    1    1    1    1    1    1  0.00000E+00 0.00000 
    7    7    1    1    1    1    1    1    1    1  1.55091E+07 1.00000 
    8    8    1    1    1    1    1    1    1    1  5.12568E+07 0.73570 
    9    9    1    1    1    1    1    1    1    1  2.53667E+07 1.00000 
   10   10    1    1    1    1    1    1    1    1  3.01560E+08 0.48640 
   11   11    1    1    1    1    1    1    1    1  3.95334E+08 0.48196 
   12   12    1    1    1    1    1    1    1    1  2.47155E+08 0.34634 
   13   13    1    1    1    1    1    1    1    1  2.25420E+09 0.46535 
   14   14    1    1    1    1    1    1    1    1  5.50192E+09 0.37351 
   15   15    1    1    1    1    1    1    1    1  7.09278E+09 0.24615 
   16   16    1    1    1    1    1    1    1    1  1.42579E+09 0.27337 
   17   17    1    1    1    1    1    1    1    1  4.48952E+09 0.23985 
   18   18    1    1    1    1    1    1    1    1  1.06119E+10 0.18354 
   19   19    1    1    1    1    1    1    1    1  1.54536E+10 0.14757 
   20   20    1    1    1    1    1    1    1    1  5.64073E+10 0.11218 
   21   21    1    1    1    1    1    1    1    1  4.06978E+10 0.09764 
   22   22    1    1    1    1    1    1    1    1  1.08401E+11 0.09004 
   23   23    1    1    1    1    1    1    1    1  1.64936E+11 0.05835 
   24   24    1    1    1    1    1    1    1    1  2.64561E+11 0.03957 
   25   25    1    1    1    1    1    1    1    1  3.81228E+11 0.03314 
   26   26    1    1    1    1    1    1    1    1  7.88908E+11 0.02616 
   27   27    1    1    1    1    1    1    1    1  1.60633E+12 0.01736 
   28   28    1    1    1    1    1    1    1    1  3.35800E+12 0.01373 
   29   29    1    1    1    1    1    1    1    1  4.49144E+12 0.00984 
   30   30    1    1    1    1    1    1    1    1  1.18048E+13 0.00833 
   31   31    1    1    1    1    1    1    1    1  2.82642E+13 0.00571 
   32   32    1    1    1    1    1    1    1    1  4.19214E+13 0.00433 
   33   33    1    1    1    1    1    1    1    1  8.16252E+13 0.00451 
   34   34    1    1    1    1    1    1    1    1  9.29720E+13 0.00318 
   35   35    1    1    1    1    1    1    1    1  1.33667E+14 0.00367 
   36   36    1    1    1    1    1    1    1    1  1.04718E+14 0.00350 
   37   37    1    1    1    1    1    1    1    1  3.31706E+13 0.00339 
   38   38    1    1    1    1    1    1    1    1  1.59314E+14 0.00343 
   39   39    1    1    1    1    1    1    1    1  1.95273E+14 0.00270 
   40   40    1    1    1    1    1    1    1    1  3.19714E+14 0.00254 
   41   41    1    1    1    1    1    1    1    1  3.10397E+14 0.00320 
   42   42    1    1    1    1    1    1    1    1  5.56662E+14 0.00320 
   43   43    1    1    1    1    1    1    1    1  6.05014E+14 0.00312 
   44   44    1    1    1    1    1    1    1    1  7.79333E+14 0.00306 
   45   45    1    1    1    1    1    1    1    1  1.36823E+15 0.00287 
   46   46    1    1    1    1    1    1    1    1  7.08755E+14 0.00325 
   47   47    1    1    1    1    1    1    1    1  1.02495E+15 0.00293 
   48   48    1    1    1    1    1    1    1    1  1.41543E+15 0.00300 
   49   49    1    1    1    1    1    1    1    1  1.28844E+15 0.00280 
   50   50    1    1    1    1    1    1    1    1  1.94722E+15 0.00277 
   51   51    1    1    1    1    1    1    1    1  1.53423E+15 0.00290 
   52   52    1    1    1    1    1    1    1    1  1.71477E+15 0.00295 
   53   53    1    1    1    1    1    1    1    1  1.21800E+15 0.00304 
   54   54    1    1    1    1    1    1    1    1  1.45237E+15 0.00315 
   55   55    1    1    1    1    1    1    1    1  1.02956E+15 0.00321 
   56   56    1    1    1    1    1    1    1    1  1.42701E+14 0.00351 
   57   57    1    1    1    1    1    1    1    1  1.99318E+15 0.00352 
   58   58    1    1    1    1    1    1    1    1  8.55449E+14 0.00315 
   59   59    1    1    1    1    1    1    1    1  9.31138E+14 0.00365 
   60   60    1    1    1    1    1    1    1    1  7.24243E+14 0.00345 
   61   61    1    1    1    1    1    1    1    1  7.23147E+14 0.00335 
   62   62    1    1    1    1    1    1    1    1  7.24964E+14 0.00327 
   63   63    1    1    1    1    1    1    1    1  6.01260E+14 0.00273 
   64   64    1    1    1    1    1    1    1    1  4.71513E+14 0.00343 
   65   65    1    1    1    1    1    1    1    1  4.61493E+14 0.00334 
   66   66    1    1    1    1    1    1    1    1  3.63087E+14 0.00364 
   67   67    1    1    1    1    1    1    1    1  2.99101E+14 0.00353 
   68   68    1    1    1    1    1    1    1    1  2.64404E+14 0.00357 
   69   69    1    1    1    1    1    1    1    1  3.20653E+14 0.00342 
   70   70    1    1    1    1    1    1    1    1  2.74888E+14 0.00349 
   71   71    1    1    1    1    1    1    1    1  5.18685E+14 0.00353 
   72   72    1    1    1    1    1    1    1    1  3.78977E+14 0.00358 
   73   73    1    1    1    1    1    1    1    1  2.89647E+14 0.00357 
   74   74    1    1    1    1    1    1    1    1  2.30198E+14 0.00403 
   75   75    1    1    1    1    1    1    1    1  1.85912E+14 0.00429 
   76   76    1    1    1    1    1    1    1    1  2.10061E+14 0.00415 
   77   77    1    1    1    1    1    1    1    1  1.62137E+14 0.00405 
   78   78    1    1    1    1    1    1    1    1  1.23574E+14 0.00362 
   79   79    1    1    1    1    1    1    1    1  1.26482E+14 0.00488 
   80   80    1    1    1    1    1    1    1    1  9.35407E+13 0.00355 
   81   81    1    1    1    1    1    1    1    1  7.20158E+13 0.00489 
   82   82    1    1    1    1    1    1    1    1  5.57352E+13 0.00511 
   83   83    1    1    1    1    1    1    1    1  5.17889E+13 0.00561 
   84   84    1    1    1    1    1    1    1    1  3.73954E+13 0.00551 
   85   85    1    1    1    1    1    1    1    1  2.68316E+13 0.00643 
   86   86    1    1    1    1    1    1    1    1  2.50387E+13 0.00524 
   87   87    1    1    1    1    1    1    1    1  1.56750E+13 0.00754 
   88   88    1    1    1    1    1    1    1    1  1.05676E+13 0.01063 
   89   89    1    1    1    1    1    1    1    1  6.16917E+12 0.01774 
   90   90    1    1    1    1    1    1    1    1  4.04849E+12 0.01875 
   91   91    1    1    1    1    1    1    1    1  2.03753E+12 0.02052 
   92   92    1    1    1    1    1    1    1    1  9.97997E+11 0.02610 
   93   93    1    1    1    1    1    1    1    1  4.69743E+11 0.03920 
   94   94    1    1    1    1    1    1    1    1  2.28867E+11 0.06998 
   95   95    1    1    1    1    1    1    1    1  1.17796E+11 0.11445 
   96   96    1    1    1    1    1    1    1    1  4.91864E+10 0.11130 
   97   97    1    1    1    1    1    1    1    1  2.10080E+10 0.12417 
   98   98    1    1    1    1    1    1    1    1  1.29926E+10 0.21175 
   99   99    1    1    1    1    1    1    1    1  6.30646E+09 0.39138 
  100  100    1    1    1    1    1    1    1    1  5.22728E+09 0.46251 
];


