
DETdpaspec = [
    1    1    1    1    1    1    1    1    1    1  0.00000E+00 0.00000 
    2    2    1    1    1    1    1    1    1    1  0.00000E+00 0.00000 
    3    3    1    1    1    1    1    1    1    1  0.00000E+00 0.00000 
    4    4    1    1    1    1    1    1    1    1  0.00000E+00 0.00000 
    5    5    1    1    1    1    1    1    1    1  0.00000E+00 0.00000 
    6    6    1    1    1    1    1    1    1    1  0.00000E+00 0.00000 
    7    7    1    1    1    1    1    1    1    1  0.00000E+00 0.00000 
    8    8    1    1    1    1    1    1    1    1  0.00000E+00 0.00000 
    9    9    1    1    1    1    1    1    1    1  5.69434E+07 0.69798 
   10   10    1    1    1    1    1    1    1    1  2.23976E+08 0.83004 
   11   11    1    1    1    1    1    1    1    1  4.41104E+08 0.64542 
   12   12    1    1    1    1    1    1    1    1  5.57530E+07 0.59403 
   13   13    1    1    1    1    1    1    1    1  1.55664E+09 0.54420 
   14   14    1    1    1    1    1    1    1    1  2.24426E+09 0.61793 
   15   15    1    1    1    1    1    1    1    1  3.30658E+09 0.41422 
   16   16    1    1    1    1    1    1    1    1  1.19275E+09 0.37564 
   17   17    1    1    1    1    1    1    1    1  4.02561E+09 0.21931 
   18   18    1    1    1    1    1    1    1    1  1.08077E+10 0.13007 
   19   19    1    1    1    1    1    1    1    1  1.67257E+10 0.19032 
   20   20    1    1    1    1    1    1    1    1  4.66463E+10 0.11596 
   21   21    1    1    1    1    1    1    1    1  3.66721E+10 0.07965 
   22   22    1    1    1    1    1    1    1    1  9.39735E+10 0.08518 
   23   23    1    1    1    1    1    1    1    1  1.43458E+11 0.07743 
   24   24    1    1    1    1    1    1    1    1  2.45114E+11 0.06641 
   25   25    1    1    1    1    1    1    1    1  3.39695E+11 0.04438 
   26   26    1    1    1    1    1    1    1    1  6.27722E+11 0.02113 
   27   27    1    1    1    1    1    1    1    1  1.30328E+12 0.02816 
   28   28    1    1    1    1    1    1    1    1  2.64640E+12 0.01553 
   29   29    1    1    1    1    1    1    1    1  3.48414E+12 0.00973 
   30   30    1    1    1    1    1    1    1    1  9.40816E+12 0.01157 
   31   31    1    1    1    1    1    1    1    1  2.22995E+13 0.00671 
   32   32    1    1    1    1    1    1    1    1  3.29226E+13 0.00557 
   33   33    1    1    1    1    1    1    1    1  6.37864E+13 0.00481 
   34   34    1    1    1    1    1    1    1    1  7.17894E+13 0.00504 
   35   35    1    1    1    1    1    1    1    1  1.03627E+14 0.00448 
   36   36    1    1    1    1    1    1    1    1  8.12278E+13 0.00426 
   37   37    1    1    1    1    1    1    1    1  2.57820E+13 0.00428 
   38   38    1    1    1    1    1    1    1    1  1.22392E+14 0.00445 
   39   39    1    1    1    1    1    1    1    1  1.49587E+14 0.00432 
   40   40    1    1    1    1    1    1    1    1  2.44045E+14 0.00375 
   41   41    1    1    1    1    1    1    1    1  2.37165E+14 0.00436 
   42   42    1    1    1    1    1    1    1    1  4.25086E+14 0.00389 
   43   43    1    1    1    1    1    1    1    1  4.60578E+14 0.00322 
   44   44    1    1    1    1    1    1    1    1  5.91968E+14 0.00280 
   45   45    1    1    1    1    1    1    1    1  1.03206E+15 0.00281 
   46   46    1    1    1    1    1    1    1    1  5.33639E+14 0.00324 
   47   47    1    1    1    1    1    1    1    1  7.72931E+14 0.00281 
   48   48    1    1    1    1    1    1    1    1  1.06371E+15 0.00300 
   49   49    1    1    1    1    1    1    1    1  9.68374E+14 0.00336 
   50   50    1    1    1    1    1    1    1    1  1.45779E+15 0.00362 
   51   51    1    1    1    1    1    1    1    1  1.14985E+15 0.00372 
   52   52    1    1    1    1    1    1    1    1  1.28344E+15 0.00364 
   53   53    1    1    1    1    1    1    1    1  9.09749E+14 0.00352 
   54   54    1    1    1    1    1    1    1    1  1.08458E+15 0.00357 
   55   55    1    1    1    1    1    1    1    1  7.66794E+14 0.00350 
   56   56    1    1    1    1    1    1    1    1  1.05930E+14 0.00355 
   57   57    1    1    1    1    1    1    1    1  1.48356E+15 0.00352 
   58   58    1    1    1    1    1    1    1    1  6.35401E+14 0.00335 
   59   59    1    1    1    1    1    1    1    1  6.92219E+14 0.00356 
   60   60    1    1    1    1    1    1    1    1  5.36370E+14 0.00330 
   61   61    1    1    1    1    1    1    1    1  5.36261E+14 0.00364 
   62   62    1    1    1    1    1    1    1    1  5.36743E+14 0.00413 
   63   63    1    1    1    1    1    1    1    1  4.42944E+14 0.00323 
   64   64    1    1    1    1    1    1    1    1  3.46669E+14 0.00406 
   65   65    1    1    1    1    1    1    1    1  3.39867E+14 0.00424 
   66   66    1    1    1    1    1    1    1    1  2.68039E+14 0.00375 
   67   67    1    1    1    1    1    1    1    1  2.20427E+14 0.00429 
   68   68    1    1    1    1    1    1    1    1  1.95569E+14 0.00496 
   69   69    1    1    1    1    1    1    1    1  2.36023E+14 0.00502 
   70   70    1    1    1    1    1    1    1    1  2.03830E+14 0.00493 
   71   71    1    1    1    1    1    1    1    1  3.83437E+14 0.00375 
   72   72    1    1    1    1    1    1    1    1  2.78835E+14 0.00407 
   73   73    1    1    1    1    1    1    1    1  2.14269E+14 0.00367 
   74   74    1    1    1    1    1    1    1    1  1.70285E+14 0.00575 
   75   75    1    1    1    1    1    1    1    1  1.36932E+14 0.00506 
   76   76    1    1    1    1    1    1    1    1  1.54939E+14 0.00349 
   77   77    1    1    1    1    1    1    1    1  1.19027E+14 0.00461 
   78   78    1    1    1    1    1    1    1    1  9.04725E+13 0.00412 
   79   79    1    1    1    1    1    1    1    1  9.26429E+13 0.00527 
   80   80    1    1    1    1    1    1    1    1  6.88541E+13 0.00469 
   81   81    1    1    1    1    1    1    1    1  5.26338E+13 0.00684 
   82   82    1    1    1    1    1    1    1    1  4.04443E+13 0.00628 
   83   83    1    1    1    1    1    1    1    1  3.76250E+13 0.00580 
   84   84    1    1    1    1    1    1    1    1  2.71200E+13 0.00643 
   85   85    1    1    1    1    1    1    1    1  1.96604E+13 0.00910 
   86   86    1    1    1    1    1    1    1    1  1.84047E+13 0.00729 
   87   87    1    1    1    1    1    1    1    1  1.14495E+13 0.01407 
   88   88    1    1    1    1    1    1    1    1  7.66780E+12 0.01192 
   89   89    1    1    1    1    1    1    1    1  4.41377E+12 0.01711 
   90   90    1    1    1    1    1    1    1    1  2.94053E+12 0.01618 
   91   91    1    1    1    1    1    1    1    1  1.57283E+12 0.01988 
   92   92    1    1    1    1    1    1    1    1  7.71667E+11 0.03183 
   93   93    1    1    1    1    1    1    1    1  3.76344E+11 0.05930 
   94   94    1    1    1    1    1    1    1    1  1.57284E+11 0.06202 
   95   95    1    1    1    1    1    1    1    1  8.28468E+10 0.10713 
   96   96    1    1    1    1    1    1    1    1  5.83898E+10 0.14534 
   97   97    1    1    1    1    1    1    1    1  2.11978E+10 0.17305 
   98   98    1    1    1    1    1    1    1    1  4.31080E+09 0.40613 
   99   99    1    1    1    1    1    1    1    1  0.00000E+00 0.00000 
  100  100    1    1    1    1    1    1    1    1  1.56648E+09 0.58247 
];


