
DETdpaspec = [
    1    1    1    1    1    1    1    1    1    1  0.00000E+00 0.00000 
    2    2    1    1    1    1    1    1    1    1  0.00000E+00 0.00000 
    3    3    1    1    1    1    1    1    1    1  0.00000E+00 0.00000 
    4    4    1    1    1    1    1    1    1    1  0.00000E+00 0.00000 
    5    5    1    1    1    1    1    1    1    1  0.00000E+00 0.00000 
    6    6    1    1    1    1    1    1    1    1  0.00000E+00 0.00000 
    7    7    1    1    1    1    1    1    1    1  3.62678E+07 1.00000 
    8    8    1    1    1    1    1    1    1    1  0.00000E+00 0.00000 
    9    9    1    1    1    1    1    1    1    1  3.24075E+07 1.00000 
   10   10    1    1    1    1    1    1    1    1  1.86974E+08 0.54633 
   11   11    1    1    1    1    1    1    1    1  1.88294E+08 0.72040 
   12   12    1    1    1    1    1    1    1    1  1.68486E+08 0.54151 
   13   13    1    1    1    1    1    1    1    1  4.36633E+09 0.38318 
   14   14    1    1    1    1    1    1    1    1  4.01811E+09 0.38854 
   15   15    1    1    1    1    1    1    1    1  3.60882E+09 0.34695 
   16   16    1    1    1    1    1    1    1    1  2.19252E+09 0.22954 
   17   17    1    1    1    1    1    1    1    1  4.53627E+09 0.27559 
   18   18    1    1    1    1    1    1    1    1  1.05393E+10 0.26774 
   19   19    1    1    1    1    1    1    1    1  1.41442E+10 0.20450 
   20   20    1    1    1    1    1    1    1    1  4.10317E+10 0.11675 
   21   21    1    1    1    1    1    1    1    1  3.29266E+10 0.11035 
   22   22    1    1    1    1    1    1    1    1  9.69633E+10 0.08178 
   23   23    1    1    1    1    1    1    1    1  1.31868E+11 0.06900 
   24   24    1    1    1    1    1    1    1    1  2.13495E+11 0.05402 
   25   25    1    1    1    1    1    1    1    1  2.95949E+11 0.06031 
   26   26    1    1    1    1    1    1    1    1  5.81391E+11 0.02712 
   27   27    1    1    1    1    1    1    1    1  1.20728E+12 0.02313 
   28   28    1    1    1    1    1    1    1    1  2.39794E+12 0.01134 
   29   29    1    1    1    1    1    1    1    1  3.15208E+12 0.01156 
   30   30    1    1    1    1    1    1    1    1  8.53286E+12 0.00856 
   31   31    1    1    1    1    1    1    1    1  2.01507E+13 0.00525 
   32   32    1    1    1    1    1    1    1    1  2.99834E+13 0.00387 
   33   33    1    1    1    1    1    1    1    1  5.76951E+13 0.00521 
   34   34    1    1    1    1    1    1    1    1  6.49850E+13 0.00396 
   35   35    1    1    1    1    1    1    1    1  9.43008E+13 0.00310 
   36   36    1    1    1    1    1    1    1    1  7.35024E+13 0.00318 
   37   37    1    1    1    1    1    1    1    1  2.33641E+13 0.00344 
   38   38    1    1    1    1    1    1    1    1  1.11072E+14 0.00295 
   39   39    1    1    1    1    1    1    1    1  1.35867E+14 0.00246 
   40   40    1    1    1    1    1    1    1    1  2.21114E+14 0.00289 
   41   41    1    1    1    1    1    1    1    1  2.15137E+14 0.00289 
   42   42    1    1    1    1    1    1    1    1  3.84545E+14 0.00246 
   43   43    1    1    1    1    1    1    1    1  4.16515E+14 0.00267 
   44   44    1    1    1    1    1    1    1    1  5.35343E+14 0.00305 
   45   45    1    1    1    1    1    1    1    1  9.34287E+14 0.00315 
   46   46    1    1    1    1    1    1    1    1  4.83582E+14 0.00307 
   47   47    1    1    1    1    1    1    1    1  7.00336E+14 0.00330 
   48   48    1    1    1    1    1    1    1    1  9.62853E+14 0.00378 
   49   49    1    1    1    1    1    1    1    1  8.76093E+14 0.00321 
   50   50    1    1    1    1    1    1    1    1  1.31652E+15 0.00336 
   51   51    1    1    1    1    1    1    1    1  1.03767E+15 0.00324 
   52   52    1    1    1    1    1    1    1    1  1.15485E+15 0.00322 
   53   53    1    1    1    1    1    1    1    1  8.19719E+14 0.00331 
   54   54    1    1    1    1    1    1    1    1  9.75767E+14 0.00339 
   55   55    1    1    1    1    1    1    1    1  6.90755E+14 0.00342 
   56   56    1    1    1    1    1    1    1    1  9.53889E+13 0.00328 
   57   57    1    1    1    1    1    1    1    1  1.33467E+15 0.00312 
   58   58    1    1    1    1    1    1    1    1  5.71179E+14 0.00341 
   59   59    1    1    1    1    1    1    1    1  6.21829E+14 0.00359 
   60   60    1    1    1    1    1    1    1    1  4.82475E+14 0.00337 
   61   61    1    1    1    1    1    1    1    1  4.82079E+14 0.00364 
   62   62    1    1    1    1    1    1    1    1  4.81383E+14 0.00380 
   63   63    1    1    1    1    1    1    1    1  3.97947E+14 0.00349 
   64   64    1    1    1    1    1    1    1    1  3.12156E+14 0.00396 
   65   65    1    1    1    1    1    1    1    1  3.05914E+14 0.00366 
   66   66    1    1    1    1    1    1    1    1  2.40837E+14 0.00362 
   67   67    1    1    1    1    1    1    1    1  1.98542E+14 0.00456 
   68   68    1    1    1    1    1    1    1    1  1.75551E+14 0.00416 
   69   69    1    1    1    1    1    1    1    1  2.12717E+14 0.00385 
   70   70    1    1    1    1    1    1    1    1  1.83115E+14 0.00441 
   71   71    1    1    1    1    1    1    1    1  3.43393E+14 0.00421 
   72   72    1    1    1    1    1    1    1    1  2.49952E+14 0.00410 
   73   73    1    1    1    1    1    1    1    1  1.91492E+14 0.00438 
   74   74    1    1    1    1    1    1    1    1  1.52546E+14 0.00483 
   75   75    1    1    1    1    1    1    1    1  1.22598E+14 0.00471 
   76   76    1    1    1    1    1    1    1    1  1.37852E+14 0.00428 
   77   77    1    1    1    1    1    1    1    1  1.06197E+14 0.00419 
   78   78    1    1    1    1    1    1    1    1  8.17957E+13 0.00417 
   79   79    1    1    1    1    1    1    1    1  8.33090E+13 0.00551 
   80   80    1    1    1    1    1    1    1    1  6.14207E+13 0.00603 
   81   81    1    1    1    1    1    1    1    1  4.75398E+13 0.00541 
   82   82    1    1    1    1    1    1    1    1  3.63687E+13 0.00549 
   83   83    1    1    1    1    1    1    1    1  3.39709E+13 0.00556 
   84   84    1    1    1    1    1    1    1    1  2.40777E+13 0.00623 
   85   85    1    1    1    1    1    1    1    1  1.76444E+13 0.00813 
   86   86    1    1    1    1    1    1    1    1  1.62586E+13 0.00766 
   87   87    1    1    1    1    1    1    1    1  1.00829E+13 0.01060 
   88   88    1    1    1    1    1    1    1    1  6.96992E+12 0.01355 
   89   89    1    1    1    1    1    1    1    1  3.99319E+12 0.01694 
   90   90    1    1    1    1    1    1    1    1  2.68765E+12 0.01975 
   91   91    1    1    1    1    1    1    1    1  1.31278E+12 0.02984 
   92   92    1    1    1    1    1    1    1    1  6.57635E+11 0.04049 
   93   93    1    1    1    1    1    1    1    1  3.11919E+11 0.05659 
   94   94    1    1    1    1    1    1    1    1  1.50934E+11 0.08636 
   95   95    1    1    1    1    1    1    1    1  8.16386E+10 0.12768 
   96   96    1    1    1    1    1    1    1    1  4.69808E+10 0.10552 
   97   97    1    1    1    1    1    1    1    1  1.37615E+10 0.21803 
   98   98    1    1    1    1    1    1    1    1  7.49253E+09 0.32111 
   99   99    1    1    1    1    1    1    1    1  2.84098E+09 0.63196 
  100  100    1    1    1    1    1    1    1    1  1.60584E+09 0.58832 
];


