
DETdpaspec = [
    1    1    1    1    1    1    1    1    1    1  0.00000E+00 0.00000 
    2    2    1    1    1    1    1    1    1    1  0.00000E+00 0.00000 
    3    3    1    1    1    1    1    1    1    1  0.00000E+00 0.00000 
    4    4    1    1    1    1    1    1    1    1  0.00000E+00 0.00000 
    5    5    1    1    1    1    1    1    1    1  0.00000E+00 0.00000 
    6    6    1    1    1    1    1    1    1    1  1.06740E+07 1.00000 
    7    7    1    1    1    1    1    1    1    1  3.95045E+07 0.69112 
    8    8    1    1    1    1    1    1    1    1  4.62140E+07 0.68827 
    9    9    1    1    1    1    1    1    1    1  7.66564E+07 0.57998 
   10   10    1    1    1    1    1    1    1    1  5.78830E+08 0.38927 
   11   11    1    1    1    1    1    1    1    1  5.67727E+08 0.40822 
   12   12    1    1    1    1    1    1    1    1  1.61226E+08 0.35468 
   13   13    1    1    1    1    1    1    1    1  4.64598E+09 0.30834 
   14   14    1    1    1    1    1    1    1    1  4.94071E+09 0.31894 
   15   15    1    1    1    1    1    1    1    1  2.16839E+10 0.14388 
   16   16    1    1    1    1    1    1    1    1  4.91661E+09 0.20622 
   17   17    1    1    1    1    1    1    1    1  8.12881E+09 0.14411 
   18   18    1    1    1    1    1    1    1    1  2.68528E+10 0.13091 
   19   19    1    1    1    1    1    1    1    1  3.46167E+10 0.09501 
   20   20    1    1    1    1    1    1    1    1  1.01916E+11 0.07012 
   21   21    1    1    1    1    1    1    1    1  8.16320E+10 0.08748 
   22   22    1    1    1    1    1    1    1    1  2.23623E+11 0.05101 
   23   23    1    1    1    1    1    1    1    1  2.73878E+11 0.04601 
   24   24    1    1    1    1    1    1    1    1  4.50488E+11 0.02871 
   25   25    1    1    1    1    1    1    1    1  6.32771E+11 0.03863 
   26   26    1    1    1    1    1    1    1    1  1.14957E+12 0.02191 
   27   27    1    1    1    1    1    1    1    1  2.27186E+12 0.01799 
   28   28    1    1    1    1    1    1    1    1  4.00730E+12 0.01626 
   29   29    1    1    1    1    1    1    1    1  4.95207E+12 0.01336 
   30   30    1    1    1    1    1    1    1    1  1.32131E+13 0.01271 
   31   31    1    1    1    1    1    1    1    1  2.97558E+13 0.00835 
   32   32    1    1    1    1    1    1    1    1  4.30035E+13 0.00736 
   33   33    1    1    1    1    1    1    1    1  8.09765E+13 0.00804 
   34   34    1    1    1    1    1    1    1    1  8.88839E+13 0.00762 
   35   35    1    1    1    1    1    1    1    1  1.30815E+14 0.00844 
   36   36    1    1    1    1    1    1    1    1  1.02053E+14 0.00759 
   37   37    1    1    1    1    1    1    1    1  3.23059E+13 0.00750 
   38   38    1    1    1    1    1    1    1    1  1.51456E+14 0.00747 
   39   39    1    1    1    1    1    1    1    1  1.83780E+14 0.00794 
   40   40    1    1    1    1    1    1    1    1  2.94665E+14 0.00800 
   41   41    1    1    1    1    1    1    1    1  2.87177E+14 0.00801 
   42   42    1    1    1    1    1    1    1    1  5.05166E+14 0.00728 
   43   43    1    1    1    1    1    1    1    1  5.45309E+14 0.00771 
   44   44    1    1    1    1    1    1    1    1  6.98764E+14 0.00752 
   45   45    1    1    1    1    1    1    1    1  1.21561E+15 0.00750 
   46   46    1    1    1    1    1    1    1    1  6.32963E+14 0.00748 
   47   47    1    1    1    1    1    1    1    1  9.18183E+14 0.00781 
   48   48    1    1    1    1    1    1    1    1  1.26119E+15 0.00742 
   49   49    1    1    1    1    1    1    1    1  1.15503E+15 0.00758 
   50   50    1    1    1    1    1    1    1    1  1.73583E+15 0.00777 
   51   51    1    1    1    1    1    1    1    1  1.38538E+15 0.00796 
   52   52    1    1    1    1    1    1    1    1  1.54296E+15 0.00756 
   53   53    1    1    1    1    1    1    1    1  1.10575E+15 0.00764 
   54   54    1    1    1    1    1    1    1    1  1.31207E+15 0.00796 
   55   55    1    1    1    1    1    1    1    1  9.36249E+14 0.00815 
   56   56    1    1    1    1    1    1    1    1  1.29982E+14 0.00796 
   57   57    1    1    1    1    1    1    1    1  1.81802E+15 0.00807 
   58   58    1    1    1    1    1    1    1    1  7.75698E+14 0.00808 
   59   59    1    1    1    1    1    1    1    1  8.52059E+14 0.00809 
   60   60    1    1    1    1    1    1    1    1  6.60994E+14 0.00829 
   61   61    1    1    1    1    1    1    1    1  6.62343E+14 0.00810 
   62   62    1    1    1    1    1    1    1    1  6.63598E+14 0.00826 
   63   63    1    1    1    1    1    1    1    1  5.49093E+14 0.00841 
   64   64    1    1    1    1    1    1    1    1  4.32317E+14 0.00834 
   65   65    1    1    1    1    1    1    1    1  4.25171E+14 0.00833 
   66   66    1    1    1    1    1    1    1    1  3.35140E+14 0.00801 
   67   67    1    1    1    1    1    1    1    1  2.77227E+14 0.00793 
   68   68    1    1    1    1    1    1    1    1  2.45865E+14 0.00806 
   69   69    1    1    1    1    1    1    1    1  2.96874E+14 0.00763 
   70   70    1    1    1    1    1    1    1    1  2.56137E+14 0.00898 
   71   71    1    1    1    1    1    1    1    1  4.87347E+14 0.00855 
   72   72    1    1    1    1    1    1    1    1  3.58332E+14 0.00947 
   73   73    1    1    1    1    1    1    1    1  2.73809E+14 0.00845 
   74   74    1    1    1    1    1    1    1    1  2.17494E+14 0.00861 
   75   75    1    1    1    1    1    1    1    1  1.75110E+14 0.00788 
   76   76    1    1    1    1    1    1    1    1  1.95782E+14 0.00933 
   77   77    1    1    1    1    1    1    1    1  1.49851E+14 0.00874 
   78   78    1    1    1    1    1    1    1    1  1.14418E+14 0.00951 
   79   79    1    1    1    1    1    1    1    1  1.16605E+14 0.00937 
   80   80    1    1    1    1    1    1    1    1  8.58052E+13 0.00926 
   81   81    1    1    1    1    1    1    1    1  6.57351E+13 0.01016 
   82   82    1    1    1    1    1    1    1    1  5.07449E+13 0.01028 
   83   83    1    1    1    1    1    1    1    1  4.68630E+13 0.00919 
   84   84    1    1    1    1    1    1    1    1  3.38456E+13 0.00996 
   85   85    1    1    1    1    1    1    1    1  2.42949E+13 0.01108 
   86   86    1    1    1    1    1    1    1    1  2.28319E+13 0.01216 
   87   87    1    1    1    1    1    1    1    1  1.41981E+13 0.01246 
   88   88    1    1    1    1    1    1    1    1  9.85956E+12 0.00757 
   89   89    1    1    1    1    1    1    1    1  5.66273E+12 0.01619 
   90   90    1    1    1    1    1    1    1    1  3.74883E+12 0.01925 
   91   91    1    1    1    1    1    1    1    1  1.91734E+12 0.01861 
   92   92    1    1    1    1    1    1    1    1  9.63204E+11 0.02923 
   93   93    1    1    1    1    1    1    1    1  4.53160E+11 0.05307 
   94   94    1    1    1    1    1    1    1    1  2.09455E+11 0.07255 
   95   95    1    1    1    1    1    1    1    1  1.16525E+11 0.07192 
   96   96    1    1    1    1    1    1    1    1  5.96075E+10 0.11498 
   97   97    1    1    1    1    1    1    1    1  2.43184E+10 0.17970 
   98   98    1    1    1    1    1    1    1    1  1.77551E+10 0.27749 
   99   99    1    1    1    1    1    1    1    1  7.18734E+09 0.32377 
  100  100    1    1    1    1    1    1    1    1  1.21324E+09 0.72718 
];


