
DETdpaspec = [
    1    1    1    1    1    1    1    1    1    1  0.00000E+00 0.00000 
    2    2    1    1    1    1    1    1    1    1  0.00000E+00 0.00000 
    3    3    1    1    1    1    1    1    1    1  0.00000E+00 0.00000 
    4    4    1    1    1    1    1    1    1    1  0.00000E+00 0.00000 
    5    5    1    1    1    1    1    1    1    1  0.00000E+00 0.00000 
    6    6    1    1    1    1    1    1    1    1  1.13278E+07 1.00000 
    7    7    1    1    1    1    1    1    1    1  3.76311E+07 1.00000 
    8    8    1    1    1    1    1    1    1    1  1.86536E+07 1.00000 
    9    9    1    1    1    1    1    1    1    1  1.30543E+07 1.00000 
   10   10    1    1    1    1    1    1    1    1  2.46110E+08 0.77125 
   11   11    1    1    1    1    1    1    1    1  2.09319E+08 1.00000 
   12   12    1    1    1    1    1    1    1    1  9.22462E+07 0.44656 
   13   13    1    1    1    1    1    1    1    1  1.74829E+09 0.40641 
   14   14    1    1    1    1    1    1    1    1  4.00559E+09 0.43005 
   15   15    1    1    1    1    1    1    1    1  5.03400E+09 0.28417 
   16   16    1    1    1    1    1    1    1    1  1.67331E+09 0.38934 
   17   17    1    1    1    1    1    1    1    1  2.97412E+09 0.25460 
   18   18    1    1    1    1    1    1    1    1  8.55385E+09 0.24996 
   19   19    1    1    1    1    1    1    1    1  1.60822E+10 0.15979 
   20   20    1    1    1    1    1    1    1    1  2.93816E+10 0.15816 
   21   21    1    1    1    1    1    1    1    1  2.72567E+10 0.12529 
   22   22    1    1    1    1    1    1    1    1  7.79103E+10 0.08661 
   23   23    1    1    1    1    1    1    1    1  1.26891E+11 0.06413 
   24   24    1    1    1    1    1    1    1    1  2.05578E+11 0.05332 
   25   25    1    1    1    1    1    1    1    1  2.83707E+11 0.04456 
   26   26    1    1    1    1    1    1    1    1  5.28977E+11 0.02879 
   27   27    1    1    1    1    1    1    1    1  1.07124E+12 0.02195 
   28   28    1    1    1    1    1    1    1    1  2.32946E+12 0.01351 
   29   29    1    1    1    1    1    1    1    1  2.97791E+12 0.01389 
   30   30    1    1    1    1    1    1    1    1  7.93104E+12 0.00821 
   31   31    1    1    1    1    1    1    1    1  1.86642E+13 0.00409 
   32   32    1    1    1    1    1    1    1    1  2.76607E+13 0.00545 
   33   33    1    1    1    1    1    1    1    1  5.26669E+13 0.00502 
   34   34    1    1    1    1    1    1    1    1  5.90632E+13 0.00523 
   35   35    1    1    1    1    1    1    1    1  8.57969E+13 0.00417 
   36   36    1    1    1    1    1    1    1    1  6.71047E+13 0.00407 
   37   37    1    1    1    1    1    1    1    1  2.12828E+13 0.00497 
   38   38    1    1    1    1    1    1    1    1  1.00733E+14 0.00452 
   39   39    1    1    1    1    1    1    1    1  1.23676E+14 0.00438 
   40   40    1    1    1    1    1    1    1    1  2.01181E+14 0.00378 
   41   41    1    1    1    1    1    1    1    1  1.95308E+14 0.00384 
   42   42    1    1    1    1    1    1    1    1  3.48570E+14 0.00405 
   43   43    1    1    1    1    1    1    1    1  3.76697E+14 0.00409 
   44   44    1    1    1    1    1    1    1    1  4.83923E+14 0.00365 
   45   45    1    1    1    1    1    1    1    1  8.43590E+14 0.00421 
   46   46    1    1    1    1    1    1    1    1  4.35601E+14 0.00429 
   47   47    1    1    1    1    1    1    1    1  6.30313E+14 0.00468 
   48   48    1    1    1    1    1    1    1    1  8.68174E+14 0.00479 
   49   49    1    1    1    1    1    1    1    1  7.89259E+14 0.00470 
   50   50    1    1    1    1    1    1    1    1  1.18541E+15 0.00486 
   51   51    1    1    1    1    1    1    1    1  9.37381E+14 0.00473 
   52   52    1    1    1    1    1    1    1    1  1.04248E+15 0.00497 
   53   53    1    1    1    1    1    1    1    1  7.39836E+14 0.00453 
   54   54    1    1    1    1    1    1    1    1  8.76819E+14 0.00502 
   55   55    1    1    1    1    1    1    1    1  6.21160E+14 0.00508 
   56   56    1    1    1    1    1    1    1    1  8.57270E+13 0.00473 
   57   57    1    1    1    1    1    1    1    1  1.20205E+15 0.00473 
   58   58    1    1    1    1    1    1    1    1  5.13429E+14 0.00490 
   59   59    1    1    1    1    1    1    1    1  5.59373E+14 0.00485 
   60   60    1    1    1    1    1    1    1    1  4.33711E+14 0.00497 
   61   61    1    1    1    1    1    1    1    1  4.32456E+14 0.00539 
   62   62    1    1    1    1    1    1    1    1  4.32509E+14 0.00540 
   63   63    1    1    1    1    1    1    1    1  3.58691E+14 0.00505 
   64   64    1    1    1    1    1    1    1    1  2.80373E+14 0.00504 
   65   65    1    1    1    1    1    1    1    1  2.74208E+14 0.00479 
   66   66    1    1    1    1    1    1    1    1  2.15608E+14 0.00471 
   67   67    1    1    1    1    1    1    1    1  1.78303E+14 0.00621 
   68   68    1    1    1    1    1    1    1    1  1.57825E+14 0.00541 
   69   69    1    1    1    1    1    1    1    1  1.91204E+14 0.00576 
   70   70    1    1    1    1    1    1    1    1  1.64278E+14 0.00472 
   71   71    1    1    1    1    1    1    1    1  3.09598E+14 0.00547 
   72   72    1    1    1    1    1    1    1    1  2.25747E+14 0.00613 
   73   73    1    1    1    1    1    1    1    1  1.73458E+14 0.00588 
   74   74    1    1    1    1    1    1    1    1  1.37239E+14 0.00521 
   75   75    1    1    1    1    1    1    1    1  1.10571E+14 0.00663 
   76   76    1    1    1    1    1    1    1    1  1.24510E+14 0.00578 
   77   77    1    1    1    1    1    1    1    1  9.53904E+13 0.00850 
   78   78    1    1    1    1    1    1    1    1  7.23314E+13 0.00596 
   79   79    1    1    1    1    1    1    1    1  7.40539E+13 0.00754 
   80   80    1    1    1    1    1    1    1    1  5.49312E+13 0.00807 
   81   81    1    1    1    1    1    1    1    1  4.24408E+13 0.00607 
   82   82    1    1    1    1    1    1    1    1  3.25810E+13 0.00702 
   83   83    1    1    1    1    1    1    1    1  3.01209E+13 0.00691 
   84   84    1    1    1    1    1    1    1    1  2.16608E+13 0.00798 
   85   85    1    1    1    1    1    1    1    1  1.58004E+13 0.00831 
   86   86    1    1    1    1    1    1    1    1  1.47624E+13 0.01303 
   87   87    1    1    1    1    1    1    1    1  9.07778E+12 0.01209 
   88   88    1    1    1    1    1    1    1    1  6.14747E+12 0.01283 
   89   89    1    1    1    1    1    1    1    1  3.60525E+12 0.01430 
   90   90    1    1    1    1    1    1    1    1  2.43795E+12 0.01902 
   91   91    1    1    1    1    1    1    1    1  1.20737E+12 0.02028 
   92   92    1    1    1    1    1    1    1    1  5.61017E+11 0.05234 
   93   93    1    1    1    1    1    1    1    1  2.91356E+11 0.06126 
   94   94    1    1    1    1    1    1    1    1  1.57974E+11 0.06150 
   95   95    1    1    1    1    1    1    1    1  5.86685E+10 0.10559 
   96   96    1    1    1    1    1    1    1    1  3.41676E+10 0.22546 
   97   97    1    1    1    1    1    1    1    1  1.22985E+10 0.18367 
   98   98    1    1    1    1    1    1    1    1  7.65197E+09 0.27876 
   99   99    1    1    1    1    1    1    1    1  3.16735E+09 0.52442 
  100  100    1    1    1    1    1    1    1    1  4.14993E+08 1.00000 
];


