
DETdpaspec = [
    1    1    1    1    1    1    1    1    1    1  0.00000E+00 0.00000 
    2    2    1    1    1    1    1    1    1    1  0.00000E+00 0.00000 
    3    3    1    1    1    1    1    1    1    1  0.00000E+00 0.00000 
    4    4    1    1    1    1    1    1    1    1  1.87846E+07 1.00000 
    5    5    1    1    1    1    1    1    1    1  3.44062E+07 0.69160 
    6    6    1    1    1    1    1    1    1    1  1.48850E+07 1.00000 
    7    7    1    1    1    1    1    1    1    1  2.25820E+07 1.00000 
    8    8    1    1    1    1    1    1    1    1  1.56742E+07 1.00000 
    9    9    1    1    1    1    1    1    1    1  2.24986E+07 0.69135 
   10   10    1    1    1    1    1    1    1    1  2.76217E+08 0.53874 
   11   11    1    1    1    1    1    1    1    1  8.17605E+07 1.00000 
   12   12    1    1    1    1    1    1    1    1  1.49856E+08 0.45931 
   13   13    1    1    1    1    1    1    1    1  4.28518E+09 0.40744 
   14   14    1    1    1    1    1    1    1    1  9.58683E+09 0.29872 
   15   15    1    1    1    1    1    1    1    1  1.37378E+10 0.29895 
   16   16    1    1    1    1    1    1    1    1  2.93986E+09 0.25825 
   17   17    1    1    1    1    1    1    1    1  5.85056E+09 0.18644 
   18   18    1    1    1    1    1    1    1    1  1.72601E+10 0.13167 
   19   19    1    1    1    1    1    1    1    1  2.42165E+10 0.15237 
   20   20    1    1    1    1    1    1    1    1  7.04639E+10 0.08017 
   21   21    1    1    1    1    1    1    1    1  6.42037E+10 0.06784 
   22   22    1    1    1    1    1    1    1    1  1.47671E+11 0.06047 
   23   23    1    1    1    1    1    1    1    1  2.53153E+11 0.03354 
   24   24    1    1    1    1    1    1    1    1  5.88254E+11 0.02276 
   25   25    1    1    1    1    1    1    1    1  9.89816E+11 0.02221 
   26   26    1    1    1    1    1    1    1    1  2.21824E+12 0.01783 
   27   27    1    1    1    1    1    1    1    1  4.62708E+12 0.01122 
   28   28    1    1    1    1    1    1    1    1  1.08090E+13 0.00589 
   29   29    1    1    1    1    1    1    1    1  1.65522E+13 0.00737 
   30   30    1    1    1    1    1    1    1    1  3.73953E+13 0.00439 
   31   31    1    1    1    1    1    1    1    1  8.79105E+13 0.00335 
   32   32    1    1    1    1    1    1    1    1  1.30592E+14 0.00246 
   33   33    1    1    1    1    1    1    1    1  2.57859E+14 0.00180 
   34   34    1    1    1    1    1    1    1    1  3.09602E+14 0.00201 
   35   35    1    1    1    1    1    1    1    1  4.07452E+14 0.00161 
   36   36    1    1    1    1    1    1    1    1  3.12682E+14 0.00162 
   37   37    1    1    1    1    1    1    1    1  9.59855E+13 0.00164 
   38   38    1    1    1    1    1    1    1    1  4.76592E+14 0.00150 
   39   39    1    1    1    1    1    1    1    1  5.87492E+14 0.00122 
   40   40    1    1    1    1    1    1    1    1  9.90501E+14 0.00122 
   41   41    1    1    1    1    1    1    1    1  9.37581E+14 0.00110 
   42   42    1    1    1    1    1    1    1    1  1.73438E+15 0.00129 
   43   43    1    1    1    1    1    1    1    1  1.91114E+15 0.00111 
   44   44    1    1    1    1    1    1    1    1  2.49244E+15 0.00097 
   45   45    1    1    1    1    1    1    1    1  4.48782E+15 0.00083 
   46   46    1    1    1    1    1    1    1    1  2.35456E+15 0.00081 
   47   47    1    1    1    1    1    1    1    1  3.38467E+15 0.00090 
   48   48    1    1    1    1    1    1    1    1  4.74172E+15 0.00095 
   49   49    1    1    1    1    1    1    1    1  4.29445E+15 0.00073 
   50   50    1    1    1    1    1    1    1    1  6.69454E+15 0.00069 
   51   51    1    1    1    1    1    1    1    1  5.23976E+15 0.00062 
   52   52    1    1    1    1    1    1    1    1  6.02473E+15 0.00062 
   53   53    1    1    1    1    1    1    1    1  4.29356E+15 0.00063 
   54   54    1    1    1    1    1    1    1    1  5.27204E+15 0.00062 
   55   55    1    1    1    1    1    1    1    1  3.73588E+15 0.00078 
   56   56    1    1    1    1    1    1    1    1  5.13528E+14 0.00084 
   57   57    1    1    1    1    1    1    1    1  7.26066E+15 0.00071 
   58   58    1    1    1    1    1    1    1    1  3.23356E+15 0.00077 
   59   59    1    1    1    1    1    1    1    1  3.50682E+15 0.00079 
   60   60    1    1    1    1    1    1    1    1  2.80572E+15 0.00089 
   61   61    1    1    1    1    1    1    1    1  2.80484E+15 0.00097 
   62   62    1    1    1    1    1    1    1    1  2.82911E+15 0.00093 
   63   63    1    1    1    1    1    1    1    1  2.37095E+15 0.00094 
   64   64    1    1    1    1    1    1    1    1  1.87335E+15 0.00083 
   65   65    1    1    1    1    1    1    1    1  1.83898E+15 0.00108 
   66   66    1    1    1    1    1    1    1    1  1.45959E+15 0.00099 
   67   67    1    1    1    1    1    1    1    1  1.19796E+15 0.00118 
   68   68    1    1    1    1    1    1    1    1  1.05959E+15 0.00127 
   69   69    1    1    1    1    1    1    1    1  1.28660E+15 0.00133 
   70   70    1    1    1    1    1    1    1    1  1.10386E+15 0.00150 
   71   71    1    1    1    1    1    1    1    1  2.04942E+15 0.00117 
   72   72    1    1    1    1    1    1    1    1  1.48852E+15 0.00118 
   73   73    1    1    1    1    1    1    1    1  1.14788E+15 0.00134 
   74   74    1    1    1    1    1    1    1    1  9.32706E+14 0.00139 
   75   75    1    1    1    1    1    1    1    1  7.71143E+14 0.00137 
   76   76    1    1    1    1    1    1    1    1  8.88848E+14 0.00113 
   77   77    1    1    1    1    1    1    1    1  7.00096E+14 0.00085 
   78   78    1    1    1    1    1    1    1    1  5.43578E+14 0.00143 
   79   79    1    1    1    1    1    1    1    1  5.62268E+14 0.00160 
   80   80    1    1    1    1    1    1    1    1  4.20302E+14 0.00180 
   81   81    1    1    1    1    1    1    1    1  3.24935E+14 0.00142 
   82   82    1    1    1    1    1    1    1    1  2.51080E+14 0.00204 
   83   83    1    1    1    1    1    1    1    1  2.34881E+14 0.00196 
   84   84    1    1    1    1    1    1    1    1  1.68615E+14 0.00258 
   85   85    1    1    1    1    1    1    1    1  1.21407E+14 0.00247 
   86   86    1    1    1    1    1    1    1    1  1.13941E+14 0.00334 
   87   87    1    1    1    1    1    1    1    1  7.08142E+13 0.00398 
   88   88    1    1    1    1    1    1    1    1  4.76315E+13 0.00444 
   89   89    1    1    1    1    1    1    1    1  2.71252E+13 0.00637 
   90   90    1    1    1    1    1    1    1    1  1.80465E+13 0.00635 
   91   91    1    1    1    1    1    1    1    1  9.08807E+12 0.00753 
   92   92    1    1    1    1    1    1    1    1  4.39608E+12 0.01417 
   93   93    1    1    1    1    1    1    1    1  2.19875E+12 0.02261 
   94   94    1    1    1    1    1    1    1    1  1.03878E+12 0.02712 
   95   95    1    1    1    1    1    1    1    1  4.96367E+11 0.04066 
   96   96    1    1    1    1    1    1    1    1  2.19869E+11 0.04932 
   97   97    1    1    1    1    1    1    1    1  9.60364E+10 0.09754 
   98   98    1    1    1    1    1    1    1    1  5.41383E+10 0.15420 
   99   99    1    1    1    1    1    1    1    1  2.36160E+10 0.18392 
  100  100    1    1    1    1    1    1    1    1  2.33672E+10 0.21286 
];


