
DETdpaspec = [
    1    1    1    1    1    1    1    1    1    1  0.00000E+00 0.00000 
    2    2    1    1    1    1    1    1    1    1  0.00000E+00 0.00000 
    3    3    1    1    1    1    1    1    1    1  0.00000E+00 0.00000 
    4    4    1    1    1    1    1    1    1    1  0.00000E+00 0.00000 
    5    5    1    1    1    1    1    1    1    1  0.00000E+00 0.00000 
    6    6    1    1    1    1    1    1    1    1  1.13467E+07 1.00000 
    7    7    1    1    1    1    1    1    1    1  0.00000E+00 0.00000 
    8    8    1    1    1    1    1    1    1    1  2.17460E+07 1.00000 
    9    9    1    1    1    1    1    1    1    1  1.28686E+07 1.00000 
   10   10    1    1    1    1    1    1    1    1  0.00000E+00 0.00000 
   11   11    1    1    1    1    1    1    1    1  4.59114E+08 0.47047 
   12   12    1    1    1    1    1    1    1    1  2.44804E+07 0.90239 
   13   13    1    1    1    1    1    1    1    1  3.70520E+09 0.53586 
   14   14    1    1    1    1    1    1    1    1  3.18958E+09 0.41007 
   15   15    1    1    1    1    1    1    1    1  9.24901E+09 0.23442 
   16   16    1    1    1    1    1    1    1    1  1.94179E+09 0.37743 
   17   17    1    1    1    1    1    1    1    1  4.84301E+09 0.20008 
   18   18    1    1    1    1    1    1    1    1  1.65667E+10 0.19856 
   19   19    1    1    1    1    1    1    1    1  1.01901E+10 0.10801 
   20   20    1    1    1    1    1    1    1    1  4.21141E+10 0.10965 
   21   21    1    1    1    1    1    1    1    1  3.87020E+10 0.08148 
   22   22    1    1    1    1    1    1    1    1  1.07109E+11 0.07191 
   23   23    1    1    1    1    1    1    1    1  1.51900E+11 0.05473 
   24   24    1    1    1    1    1    1    1    1  2.71496E+11 0.06618 
   25   25    1    1    1    1    1    1    1    1  3.93696E+11 0.04238 
   26   26    1    1    1    1    1    1    1    1  7.41219E+11 0.02407 
   27   27    1    1    1    1    1    1    1    1  1.56196E+12 0.02459 
   28   28    1    1    1    1    1    1    1    1  3.20552E+12 0.01566 
   29   29    1    1    1    1    1    1    1    1  4.30600E+12 0.01128 
   30   30    1    1    1    1    1    1    1    1  1.14907E+13 0.01009 
   31   31    1    1    1    1    1    1    1    1  2.71561E+13 0.00786 
   32   32    1    1    1    1    1    1    1    1  4.07196E+13 0.00611 
   33   33    1    1    1    1    1    1    1    1  7.89459E+13 0.00521 
   34   34    1    1    1    1    1    1    1    1  8.91943E+13 0.00370 
   35   35    1    1    1    1    1    1    1    1  1.28860E+14 0.00434 
   36   36    1    1    1    1    1    1    1    1  1.01220E+14 0.00413 
   37   37    1    1    1    1    1    1    1    1  3.21020E+13 0.00396 
   38   38    1    1    1    1    1    1    1    1  1.53101E+14 0.00338 
   39   39    1    1    1    1    1    1    1    1  1.87786E+14 0.00337 
   40   40    1    1    1    1    1    1    1    1  3.07025E+14 0.00271 
   41   41    1    1    1    1    1    1    1    1  2.98473E+14 0.00316 
   42   42    1    1    1    1    1    1    1    1  5.34857E+14 0.00295 
   43   43    1    1    1    1    1    1    1    1  5.83011E+14 0.00303 
   44   44    1    1    1    1    1    1    1    1  7.49059E+14 0.00263 
   45   45    1    1    1    1    1    1    1    1  1.31183E+15 0.00248 
   46   46    1    1    1    1    1    1    1    1  6.79494E+14 0.00248 
   47   47    1    1    1    1    1    1    1    1  9.85558E+14 0.00293 
   48   48    1    1    1    1    1    1    1    1  1.35573E+15 0.00301 
   49   49    1    1    1    1    1    1    1    1  1.23567E+15 0.00271 
   50   50    1    1    1    1    1    1    1    1  1.86326E+15 0.00304 
   51   51    1    1    1    1    1    1    1    1  1.47026E+15 0.00308 
   52   52    1    1    1    1    1    1    1    1  1.64035E+15 0.00284 
   53   53    1    1    1    1    1    1    1    1  1.16528E+15 0.00268 
   54   54    1    1    1    1    1    1    1    1  1.38998E+15 0.00306 
   55   55    1    1    1    1    1    1    1    1  9.83751E+14 0.00315 
   56   56    1    1    1    1    1    1    1    1  1.35927E+14 0.00320 
   57   57    1    1    1    1    1    1    1    1  1.90478E+15 0.00303 
   58   58    1    1    1    1    1    1    1    1  8.18060E+14 0.00305 
   59   59    1    1    1    1    1    1    1    1  8.90225E+14 0.00341 
   60   60    1    1    1    1    1    1    1    1  6.92662E+14 0.00345 
   61   61    1    1    1    1    1    1    1    1  6.91915E+14 0.00317 
   62   62    1    1    1    1    1    1    1    1  6.92027E+14 0.00311 
   63   63    1    1    1    1    1    1    1    1  5.73852E+14 0.00357 
   64   64    1    1    1    1    1    1    1    1  4.49399E+14 0.00371 
   65   65    1    1    1    1    1    1    1    1  4.40099E+14 0.00340 
   66   66    1    1    1    1    1    1    1    1  3.46406E+14 0.00356 
   67   67    1    1    1    1    1    1    1    1  2.85494E+14 0.00304 
   68   68    1    1    1    1    1    1    1    1  2.52684E+14 0.00375 
   69   69    1    1    1    1    1    1    1    1  3.06476E+14 0.00374 
   70   70    1    1    1    1    1    1    1    1  2.63050E+14 0.00331 
   71   71    1    1    1    1    1    1    1    1  4.94692E+14 0.00333 
   72   72    1    1    1    1    1    1    1    1  3.62022E+14 0.00362 
   73   73    1    1    1    1    1    1    1    1  2.76322E+14 0.00277 
   74   74    1    1    1    1    1    1    1    1  2.20083E+14 0.00266 
   75   75    1    1    1    1    1    1    1    1  1.77404E+14 0.00311 
   76   76    1    1    1    1    1    1    1    1  2.00731E+14 0.00323 
   77   77    1    1    1    1    1    1    1    1  1.55016E+14 0.00375 
   78   78    1    1    1    1    1    1    1    1  1.18050E+14 0.00513 
   79   79    1    1    1    1    1    1    1    1  1.20605E+14 0.00395 
   80   80    1    1    1    1    1    1    1    1  8.98888E+13 0.00484 
   81   81    1    1    1    1    1    1    1    1  6.90772E+13 0.00473 
   82   82    1    1    1    1    1    1    1    1  5.29980E+13 0.00447 
   83   83    1    1    1    1    1    1    1    1  4.94627E+13 0.00510 
   84   84    1    1    1    1    1    1    1    1  3.54256E+13 0.00707 
   85   85    1    1    1    1    1    1    1    1  2.56761E+13 0.00676 
   86   86    1    1    1    1    1    1    1    1  2.41011E+13 0.00638 
   87   87    1    1    1    1    1    1    1    1  1.49076E+13 0.00665 
   88   88    1    1    1    1    1    1    1    1  1.01414E+13 0.01123 
   89   89    1    1    1    1    1    1    1    1  5.84877E+12 0.00923 
   90   90    1    1    1    1    1    1    1    1  3.95118E+12 0.01047 
   91   91    1    1    1    1    1    1    1    1  1.95396E+12 0.02327 
   92   92    1    1    1    1    1    1    1    1  9.73505E+11 0.02959 
   93   93    1    1    1    1    1    1    1    1  4.94302E+11 0.04223 
   94   94    1    1    1    1    1    1    1    1  2.18989E+11 0.07391 
   95   95    1    1    1    1    1    1    1    1  1.07885E+11 0.08683 
   96   96    1    1    1    1    1    1    1    1  5.42816E+10 0.12670 
   97   97    1    1    1    1    1    1    1    1  2.65392E+10 0.13155 
   98   98    1    1    1    1    1    1    1    1  1.41580E+10 0.24689 
   99   99    1    1    1    1    1    1    1    1  3.57349E+09 0.46861 
  100  100    1    1    1    1    1    1    1    1  4.02152E+09 0.55177 
];


