
DETdpaspec = [
    1    1    1    1    1    1    1    1    1    1  0.00000E+00 0.00000 
    2    2    1    1    1    1    1    1    1    1  0.00000E+00 0.00000 
    3    3    1    1    1    1    1    1    1    1  0.00000E+00 0.00000 
    4    4    1    1    1    1    1    1    1    1  0.00000E+00 0.00000 
    5    5    1    1    1    1    1    1    1    1  1.39761E+07 1.00000 
    6    6    1    1    1    1    1    1    1    1  1.31847E+07 1.00000 
    7    7    1    1    1    1    1    1    1    1  0.00000E+00 0.00000 
    8    8    1    1    1    1    1    1    1    1  2.36237E+07 1.00000 
    9    9    1    1    1    1    1    1    1    1  4.24177E+07 0.74454 
   10   10    1    1    1    1    1    1    1    1  2.78518E+08 0.63560 
   11   11    1    1    1    1    1    1    1    1  8.02134E+08 0.26307 
   12   12    1    1    1    1    1    1    1    1  2.20579E+08 0.42426 
   13   13    1    1    1    1    1    1    1    1  1.55714E+09 0.29132 
   14   14    1    1    1    1    1    1    1    1  5.72911E+09 0.29883 
   15   15    1    1    1    1    1    1    1    1  8.49471E+09 0.26349 
   16   16    1    1    1    1    1    1    1    1  4.33053E+09 0.22548 
   17   17    1    1    1    1    1    1    1    1  9.71082E+09 0.14537 
   18   18    1    1    1    1    1    1    1    1  2.32446E+10 0.15130 
   19   19    1    1    1    1    1    1    1    1  2.39999E+10 0.10540 
   20   20    1    1    1    1    1    1    1    1  6.95199E+10 0.08230 
   21   21    1    1    1    1    1    1    1    1  5.74143E+10 0.07938 
   22   22    1    1    1    1    1    1    1    1  1.62300E+11 0.06840 
   23   23    1    1    1    1    1    1    1    1  2.37415E+11 0.04296 
   24   24    1    1    1    1    1    1    1    1  4.08281E+11 0.03079 
   25   25    1    1    1    1    1    1    1    1  6.33237E+11 0.02752 
   26   26    1    1    1    1    1    1    1    1  1.26187E+12 0.01458 
   27   27    1    1    1    1    1    1    1    1  2.68957E+12 0.01595 
   28   28    1    1    1    1    1    1    1    1  6.04108E+12 0.01223 
   29   29    1    1    1    1    1    1    1    1  8.58687E+12 0.00839 
   30   30    1    1    1    1    1    1    1    1  2.20355E+13 0.00670 
   31   31    1    1    1    1    1    1    1    1  5.33408E+13 0.00477 
   32   32    1    1    1    1    1    1    1    1  8.02463E+13 0.00347 
   33   33    1    1    1    1    1    1    1    1  1.59826E+14 0.00326 
   34   34    1    1    1    1    1    1    1    1  1.86051E+14 0.00266 
   35   35    1    1    1    1    1    1    1    1  2.62604E+14 0.00213 
   36   36    1    1    1    1    1    1    1    1  2.05848E+14 0.00176 
   37   37    1    1    1    1    1    1    1    1  6.46630E+13 0.00165 
   38   38    1    1    1    1    1    1    1    1  3.14808E+14 0.00196 
   39   39    1    1    1    1    1    1    1    1  3.87723E+14 0.00211 
   40   40    1    1    1    1    1    1    1    1  6.43550E+14 0.00195 
   41   41    1    1    1    1    1    1    1    1  6.21904E+14 0.00188 
   42   42    1    1    1    1    1    1    1    1  1.13312E+15 0.00176 
   43   43    1    1    1    1    1    1    1    1  1.24153E+15 0.00171 
   44   44    1    1    1    1    1    1    1    1  1.61141E+15 0.00121 
   45   45    1    1    1    1    1    1    1    1  2.86645E+15 0.00107 
   46   46    1    1    1    1    1    1    1    1  1.49946E+15 0.00088 
   47   47    1    1    1    1    1    1    1    1  2.16850E+15 0.00135 
   48   48    1    1    1    1    1    1    1    1  3.01898E+15 0.00108 
   49   49    1    1    1    1    1    1    1    1  2.75125E+15 0.00094 
   50   50    1    1    1    1    1    1    1    1  4.20925E+15 0.00110 
   51   51    1    1    1    1    1    1    1    1  3.31828E+15 0.00122 
   52   52    1    1    1    1    1    1    1    1  3.75321E+15 0.00121 
   53   53    1    1    1    1    1    1    1    1  2.67392E+15 0.00113 
   54   54    1    1    1    1    1    1    1    1  3.23112E+15 0.00122 
   55   55    1    1    1    1    1    1    1    1  2.28945E+15 0.00119 
   56   56    1    1    1    1    1    1    1    1  3.16031E+14 0.00128 
   57   57    1    1    1    1    1    1    1    1  4.44738E+15 0.00123 
   58   58    1    1    1    1    1    1    1    1  1.93642E+15 0.00146 
   59   59    1    1    1    1    1    1    1    1  2.10731E+15 0.00120 
   60   60    1    1    1    1    1    1    1    1  1.65986E+15 0.00140 
   61   61    1    1    1    1    1    1    1    1  1.65947E+15 0.00104 
   62   62    1    1    1    1    1    1    1    1  1.66841E+15 0.00113 
   63   63    1    1    1    1    1    1    1    1  1.38893E+15 0.00111 
   64   64    1    1    1    1    1    1    1    1  1.09309E+15 0.00132 
   65   65    1    1    1    1    1    1    1    1  1.07322E+15 0.00132 
   66   66    1    1    1    1    1    1    1    1  8.47649E+14 0.00115 
   67   67    1    1    1    1    1    1    1    1  6.98529E+14 0.00119 
   68   68    1    1    1    1    1    1    1    1  6.18697E+14 0.00127 
   69   69    1    1    1    1    1    1    1    1  7.51423E+14 0.00159 
   70   70    1    1    1    1    1    1    1    1  6.43428E+14 0.00167 
   71   71    1    1    1    1    1    1    1    1  1.20865E+15 0.00158 
   72   72    1    1    1    1    1    1    1    1  8.78221E+14 0.00143 
   73   73    1    1    1    1    1    1    1    1  6.75125E+14 0.00176 
   74   74    1    1    1    1    1    1    1    1  5.42763E+14 0.00176 
   75   75    1    1    1    1    1    1    1    1  4.43515E+14 0.00191 
   76   76    1    1    1    1    1    1    1    1  5.04438E+14 0.00203 
   77   77    1    1    1    1    1    1    1    1  3.89617E+14 0.00203 
   78   78    1    1    1    1    1    1    1    1  3.00377E+14 0.00140 
   79   79    1    1    1    1    1    1    1    1  3.09316E+14 0.00171 
   80   80    1    1    1    1    1    1    1    1  2.30247E+14 0.00267 
   81   81    1    1    1    1    1    1    1    1  1.77177E+14 0.00242 
   82   82    1    1    1    1    1    1    1    1  1.36239E+14 0.00287 
   83   83    1    1    1    1    1    1    1    1  1.27470E+14 0.00250 
   84   84    1    1    1    1    1    1    1    1  9.18606E+13 0.00408 
   85   85    1    1    1    1    1    1    1    1  6.59234E+13 0.00505 
   86   86    1    1    1    1    1    1    1    1  6.17325E+13 0.00541 
   87   87    1    1    1    1    1    1    1    1  3.80302E+13 0.00607 
   88   88    1    1    1    1    1    1    1    1  2.58219E+13 0.00535 
   89   89    1    1    1    1    1    1    1    1  1.45954E+13 0.00848 
   90   90    1    1    1    1    1    1    1    1  1.00431E+13 0.01034 
   91   91    1    1    1    1    1    1    1    1  5.04495E+12 0.01338 
   92   92    1    1    1    1    1    1    1    1  2.46216E+12 0.01571 
   93   93    1    1    1    1    1    1    1    1  1.22901E+12 0.03263 
   94   94    1    1    1    1    1    1    1    1  5.51270E+11 0.03334 
   95   95    1    1    1    1    1    1    1    1  2.90034E+11 0.04630 
   96   96    1    1    1    1    1    1    1    1  1.51213E+11 0.11045 
   97   97    1    1    1    1    1    1    1    1  6.26793E+10 0.11253 
   98   98    1    1    1    1    1    1    1    1  2.48973E+10 0.17397 
   99   99    1    1    1    1    1    1    1    1  1.47430E+10 0.28245 
  100  100    1    1    1    1    1    1    1    1  1.84161E+10 0.23061 
];


