
DETdpaspec = [
    1    1    1    1    1    1    1    1    1    1  0.00000E+00 0.00000 
    2    2    1    1    1    1    1    1    1    1  0.00000E+00 0.00000 
    3    3    1    1    1    1    1    1    1    1  0.00000E+00 0.00000 
    4    4    1    1    1    1    1    1    1    1  0.00000E+00 0.00000 
    5    5    1    1    1    1    1    1    1    1  0.00000E+00 0.00000 
    6    6    1    1    1    1    1    1    1    1  1.08391E+07 1.00000 
    7    7    1    1    1    1    1    1    1    1  0.00000E+00 0.00000 
    8    8    1    1    1    1    1    1    1    1  5.91885E+07 1.00000 
    9    9    1    1    1    1    1    1    1    1  0.00000E+00 0.00000 
   10   10    1    1    1    1    1    1    1    1  2.84927E+08 0.58168 
   11   11    1    1    1    1    1    1    1    1  4.63023E+08 0.41504 
   12   12    1    1    1    1    1    1    1    1  2.04883E+08 0.49882 
   13   13    1    1    1    1    1    1    1    1  1.46428E+09 0.34146 
   14   14    1    1    1    1    1    1    1    1  3.41691E+09 0.36727 
   15   15    1    1    1    1    1    1    1    1  2.10536E+09 0.30859 
   16   16    1    1    1    1    1    1    1    1  1.87186E+09 0.39867 
   17   17    1    1    1    1    1    1    1    1  3.20304E+09 0.32050 
   18   18    1    1    1    1    1    1    1    1  9.78519E+09 0.17449 
   19   19    1    1    1    1    1    1    1    1  1.62962E+10 0.15969 
   20   20    1    1    1    1    1    1    1    1  5.74435E+10 0.09950 
   21   21    1    1    1    1    1    1    1    1  3.65555E+10 0.09032 
   22   22    1    1    1    1    1    1    1    1  1.01701E+11 0.07683 
   23   23    1    1    1    1    1    1    1    1  1.33613E+11 0.05145 
   24   24    1    1    1    1    1    1    1    1  2.11521E+11 0.05363 
   25   25    1    1    1    1    1    1    1    1  3.27814E+11 0.03767 
   26   26    1    1    1    1    1    1    1    1  6.11441E+11 0.02797 
   27   27    1    1    1    1    1    1    1    1  1.21313E+12 0.02125 
   28   28    1    1    1    1    1    1    1    1  2.51670E+12 0.01046 
   29   29    1    1    1    1    1    1    1    1  3.26883E+12 0.01654 
   30   30    1    1    1    1    1    1    1    1  8.55047E+12 0.01013 
   31   31    1    1    1    1    1    1    1    1  2.05891E+13 0.00691 
   32   32    1    1    1    1    1    1    1    1  3.07485E+13 0.00571 
   33   33    1    1    1    1    1    1    1    1  5.93685E+13 0.00482 
   34   34    1    1    1    1    1    1    1    1  6.69942E+13 0.00423 
   35   35    1    1    1    1    1    1    1    1  9.75707E+13 0.00382 
   36   36    1    1    1    1    1    1    1    1  7.60395E+13 0.00415 
   37   37    1    1    1    1    1    1    1    1  2.41650E+13 0.00345 
   38   38    1    1    1    1    1    1    1    1  1.15156E+14 0.00398 
   39   39    1    1    1    1    1    1    1    1  1.40733E+14 0.00395 
   40   40    1    1    1    1    1    1    1    1  2.28790E+14 0.00425 
   41   41    1    1    1    1    1    1    1    1  2.22490E+14 0.00409 
   42   42    1    1    1    1    1    1    1    1  3.98179E+14 0.00398 
   43   43    1    1    1    1    1    1    1    1  4.32488E+14 0.00289 
   44   44    1    1    1    1    1    1    1    1  5.54870E+14 0.00340 
   45   45    1    1    1    1    1    1    1    1  9.67078E+14 0.00280 
   46   46    1    1    1    1    1    1    1    1  4.99621E+14 0.00333 
   47   47    1    1    1    1    1    1    1    1  7.22773E+14 0.00322 
   48   48    1    1    1    1    1    1    1    1  9.95505E+14 0.00314 
   49   49    1    1    1    1    1    1    1    1  9.05447E+14 0.00322 
   50   50    1    1    1    1    1    1    1    1  1.36244E+15 0.00336 
   51   51    1    1    1    1    1    1    1    1  1.07386E+15 0.00328 
   52   52    1    1    1    1    1    1    1    1  1.19770E+15 0.00320 
   53   53    1    1    1    1    1    1    1    1  8.50627E+14 0.00333 
   54   54    1    1    1    1    1    1    1    1  1.01264E+15 0.00309 
   55   55    1    1    1    1    1    1    1    1  7.14250E+14 0.00339 
   56   56    1    1    1    1    1    1    1    1  9.86546E+13 0.00419 
   57   57    1    1    1    1    1    1    1    1  1.38352E+15 0.00350 
   58   58    1    1    1    1    1    1    1    1  5.93073E+14 0.00387 
   59   59    1    1    1    1    1    1    1    1  6.45277E+14 0.00359 
   60   60    1    1    1    1    1    1    1    1  5.00315E+14 0.00380 
   61   61    1    1    1    1    1    1    1    1  4.98905E+14 0.00339 
   62   62    1    1    1    1    1    1    1    1  4.99748E+14 0.00402 
   63   63    1    1    1    1    1    1    1    1  4.13500E+14 0.00383 
   64   64    1    1    1    1    1    1    1    1  3.24539E+14 0.00380 
   65   65    1    1    1    1    1    1    1    1  3.17625E+14 0.00335 
   66   66    1    1    1    1    1    1    1    1  2.49776E+14 0.00422 
   67   67    1    1    1    1    1    1    1    1  2.06031E+14 0.00378 
   68   68    1    1    1    1    1    1    1    1  1.82417E+14 0.00393 
   69   69    1    1    1    1    1    1    1    1  2.21064E+14 0.00415 
   70   70    1    1    1    1    1    1    1    1  1.89491E+14 0.00353 
   71   71    1    1    1    1    1    1    1    1  3.57253E+14 0.00378 
   72   72    1    1    1    1    1    1    1    1  2.61051E+14 0.00423 
   73   73    1    1    1    1    1    1    1    1  1.99145E+14 0.00436 
   74   74    1    1    1    1    1    1    1    1  1.58319E+14 0.00441 
   75   75    1    1    1    1    1    1    1    1  1.27522E+14 0.00380 
   76   76    1    1    1    1    1    1    1    1  1.43347E+14 0.00509 
   77   77    1    1    1    1    1    1    1    1  1.10090E+14 0.00469 
   78   78    1    1    1    1    1    1    1    1  8.42767E+13 0.00413 
   79   79    1    1    1    1    1    1    1    1  8.61593E+13 0.00391 
   80   80    1    1    1    1    1    1    1    1  6.36277E+13 0.00433 
   81   81    1    1    1    1    1    1    1    1  4.90806E+13 0.00429 
   82   82    1    1    1    1    1    1    1    1  3.79372E+13 0.00484 
   83   83    1    1    1    1    1    1    1    1  3.50781E+13 0.00583 
   84   84    1    1    1    1    1    1    1    1  2.56238E+13 0.00573 
   85   85    1    1    1    1    1    1    1    1  1.85495E+13 0.00827 
   86   86    1    1    1    1    1    1    1    1  1.71623E+13 0.00702 
   87   87    1    1    1    1    1    1    1    1  1.07916E+13 0.00867 
   88   88    1    1    1    1    1    1    1    1  7.21393E+12 0.01704 
   89   89    1    1    1    1    1    1    1    1  4.19744E+12 0.01516 
   90   90    1    1    1    1    1    1    1    1  2.76395E+12 0.01728 
   91   91    1    1    1    1    1    1    1    1  1.40032E+12 0.02541 
   92   92    1    1    1    1    1    1    1    1  6.70734E+11 0.04015 
   93   93    1    1    1    1    1    1    1    1  3.69981E+11 0.05363 
   94   94    1    1    1    1    1    1    1    1  1.53451E+11 0.06297 
   95   95    1    1    1    1    1    1    1    1  7.78014E+10 0.08810 
   96   96    1    1    1    1    1    1    1    1  3.31652E+10 0.18401 
   97   97    1    1    1    1    1    1    1    1  1.56796E+10 0.26081 
   98   98    1    1    1    1    1    1    1    1  5.18149E+09 0.32029 
   99   99    1    1    1    1    1    1    1    1  3.49096E+09 0.44150 
  100  100    1    1    1    1    1    1    1    1  4.11953E+09 0.72303 
];


