
DETdpaspec = [
    1    1    1    1    1    1    1    1    1    1  0.00000E+00 0.00000 
    2    2    1    1    1    1    1    1    1    1  0.00000E+00 0.00000 
    3    3    1    1    1    1    1    1    1    1  0.00000E+00 0.00000 
    4    4    1    1    1    1    1    1    1    1  1.43399E+07 1.00000 
    5    5    1    1    1    1    1    1    1    1  1.36858E+07 1.00000 
    6    6    1    1    1    1    1    1    1    1  3.57274E+07 0.54661 
    7    7    1    1    1    1    1    1    1    1  1.96101E+07 1.00000 
    8    8    1    1    1    1    1    1    1    1  5.73295E+07 0.74561 
    9    9    1    1    1    1    1    1    1    1  1.17598E+07 1.00000 
   10   10    1    1    1    1    1    1    1    1  3.82058E+08 0.38855 
   11   11    1    1    1    1    1    1    1    1  2.94954E+08 0.65560 
   12   12    1    1    1    1    1    1    1    1  1.34098E+08 0.38704 
   13   13    1    1    1    1    1    1    1    1  1.77380E+09 0.43636 
   14   14    1    1    1    1    1    1    1    1  7.82314E+09 0.41675 
   15   15    1    1    1    1    1    1    1    1  1.23337E+10 0.23691 
   16   16    1    1    1    1    1    1    1    1  4.45225E+09 0.30388 
   17   17    1    1    1    1    1    1    1    1  7.60129E+09 0.15218 
   18   18    1    1    1    1    1    1    1    1  1.73202E+10 0.10538 
   19   19    1    1    1    1    1    1    1    1  2.04549E+10 0.15116 
   20   20    1    1    1    1    1    1    1    1  7.24075E+10 0.10850 
   21   21    1    1    1    1    1    1    1    1  6.91911E+10 0.08394 
   22   22    1    1    1    1    1    1    1    1  1.55237E+11 0.07173 
   23   23    1    1    1    1    1    1    1    1  2.31231E+11 0.05118 
   24   24    1    1    1    1    1    1    1    1  4.45734E+11 0.02859 
   25   25    1    1    1    1    1    1    1    1  6.84041E+11 0.02948 
   26   26    1    1    1    1    1    1    1    1  1.35925E+12 0.02676 
   27   27    1    1    1    1    1    1    1    1  2.80924E+12 0.01703 
   28   28    1    1    1    1    1    1    1    1  6.21136E+12 0.00921 
   29   29    1    1    1    1    1    1    1    1  9.12824E+12 0.00886 
   30   30    1    1    1    1    1    1    1    1  2.30912E+13 0.00613 
   31   31    1    1    1    1    1    1    1    1  5.58040E+13 0.00415 
   32   32    1    1    1    1    1    1    1    1  8.45593E+13 0.00326 
   33   33    1    1    1    1    1    1    1    1  1.68170E+14 0.00269 
   34   34    1    1    1    1    1    1    1    1  1.96465E+14 0.00258 
   35   35    1    1    1    1    1    1    1    1  2.75674E+14 0.00199 
   36   36    1    1    1    1    1    1    1    1  2.15511E+14 0.00197 
   37   37    1    1    1    1    1    1    1    1  6.77309E+13 0.00244 
   38   38    1    1    1    1    1    1    1    1  3.29945E+14 0.00170 
   39   39    1    1    1    1    1    1    1    1  4.06470E+14 0.00203 
   40   40    1    1    1    1    1    1    1    1  6.76669E+14 0.00162 
   41   41    1    1    1    1    1    1    1    1  6.54285E+14 0.00130 
   42   42    1    1    1    1    1    1    1    1  1.19374E+15 0.00143 
   43   43    1    1    1    1    1    1    1    1  1.30976E+15 0.00170 
   44   44    1    1    1    1    1    1    1    1  1.70236E+15 0.00146 
   45   45    1    1    1    1    1    1    1    1  3.03497E+15 0.00137 
   46   46    1    1    1    1    1    1    1    1  1.58610E+15 0.00141 
   47   47    1    1    1    1    1    1    1    1  2.29445E+15 0.00132 
   48   48    1    1    1    1    1    1    1    1  3.19597E+15 0.00159 
   49   49    1    1    1    1    1    1    1    1  2.91210E+15 0.00154 
   50   50    1    1    1    1    1    1    1    1  4.47278E+15 0.00133 
   51   51    1    1    1    1    1    1    1    1  3.52623E+15 0.00135 
   52   52    1    1    1    1    1    1    1    1  3.99319E+15 0.00141 
   53   53    1    1    1    1    1    1    1    1  2.84595E+15 0.00155 
   54   54    1    1    1    1    1    1    1    1  3.44011E+15 0.00165 
   55   55    1    1    1    1    1    1    1    1  2.44063E+15 0.00141 
   56   56    1    1    1    1    1    1    1    1  3.36996E+14 0.00184 
   57   57    1    1    1    1    1    1    1    1  4.74679E+15 0.00152 
   58   58    1    1    1    1    1    1    1    1  2.06947E+15 0.00163 
   59   59    1    1    1    1    1    1    1    1  2.25573E+15 0.00150 
   60   60    1    1    1    1    1    1    1    1  1.77687E+15 0.00185 
   61   61    1    1    1    1    1    1    1    1  1.77739E+15 0.00172 
   62   62    1    1    1    1    1    1    1    1  1.78629E+15 0.00163 
   63   63    1    1    1    1    1    1    1    1  1.48772E+15 0.00136 
   64   64    1    1    1    1    1    1    1    1  1.17111E+15 0.00149 
   65   65    1    1    1    1    1    1    1    1  1.14908E+15 0.00144 
   66   66    1    1    1    1    1    1    1    1  9.09556E+14 0.00138 
   67   67    1    1    1    1    1    1    1    1  7.49442E+14 0.00160 
   68   68    1    1    1    1    1    1    1    1  6.63281E+14 0.00185 
   69   69    1    1    1    1    1    1    1    1  8.04625E+14 0.00222 
   70   70    1    1    1    1    1    1    1    1  6.91159E+14 0.00199 
   71   71    1    1    1    1    1    1    1    1  1.29258E+15 0.00143 
   72   72    1    1    1    1    1    1    1    1  9.41705E+14 0.00174 
   73   73    1    1    1    1    1    1    1    1  7.24421E+14 0.00193 
   74   74    1    1    1    1    1    1    1    1  5.82138E+14 0.00160 
   75   75    1    1    1    1    1    1    1    1  4.76078E+14 0.00184 
   76   76    1    1    1    1    1    1    1    1  5.42536E+14 0.00201 
   77   77    1    1    1    1    1    1    1    1  4.19157E+14 0.00190 
   78   78    1    1    1    1    1    1    1    1  3.24834E+14 0.00247 
   79   79    1    1    1    1    1    1    1    1  3.32771E+14 0.00213 
   80   80    1    1    1    1    1    1    1    1  2.48482E+14 0.00217 
   81   81    1    1    1    1    1    1    1    1  1.91162E+14 0.00274 
   82   82    1    1    1    1    1    1    1    1  1.47547E+14 0.00319 
   83   83    1    1    1    1    1    1    1    1  1.38234E+14 0.00241 
   84   84    1    1    1    1    1    1    1    1  9.97760E+13 0.00270 
   85   85    1    1    1    1    1    1    1    1  7.16905E+13 0.00356 
   86   86    1    1    1    1    1    1    1    1  6.70370E+13 0.00374 
   87   87    1    1    1    1    1    1    1    1  4.13696E+13 0.00524 
   88   88    1    1    1    1    1    1    1    1  2.82153E+13 0.00621 
   89   89    1    1    1    1    1    1    1    1  1.60213E+13 0.00818 
   90   90    1    1    1    1    1    1    1    1  1.07010E+13 0.01205 
   91   91    1    1    1    1    1    1    1    1  5.35899E+12 0.00948 
   92   92    1    1    1    1    1    1    1    1  2.64578E+12 0.02304 
   93   93    1    1    1    1    1    1    1    1  1.28287E+12 0.02576 
   94   94    1    1    1    1    1    1    1    1  6.41878E+11 0.03564 
   95   95    1    1    1    1    1    1    1    1  3.12596E+11 0.03093 
   96   96    1    1    1    1    1    1    1    1  1.50806E+11 0.09081 
   97   97    1    1    1    1    1    1    1    1  6.35848E+10 0.08702 
   98   98    1    1    1    1    1    1    1    1  3.25932E+10 0.14797 
   99   99    1    1    1    1    1    1    1    1  9.97622E+09 0.25787 
  100  100    1    1    1    1    1    1    1    1  2.29568E+10 0.18601 
];


