
DETdpaspec = [
    1    1    1    1    1    1    1    1    1    1  0.00000E+00 0.00000 
    2    2    1    1    1    1    1    1    1    1  0.00000E+00 0.00000 
    3    3    1    1    1    1    1    1    1    1  0.00000E+00 0.00000 
    4    4    1    1    1    1    1    1    1    1  0.00000E+00 0.00000 
    5    5    1    1    1    1    1    1    1    1  0.00000E+00 0.00000 
    6    6    1    1    1    1    1    1    1    1  0.00000E+00 0.00000 
    7    7    1    1    1    1    1    1    1    1  0.00000E+00 0.00000 
    8    8    1    1    1    1    1    1    1    1  3.20548E+07 0.69425 
    9    9    1    1    1    1    1    1    1    1  9.19173E+06 1.00000 
   10   10    1    1    1    1    1    1    1    1  3.40706E+07 1.00000 
   11   11    1    1    1    1    1    1    1    1  6.07374E+08 0.59548 
   12   12    1    1    1    1    1    1    1    1  2.54562E+08 0.49870 
   13   13    1    1    1    1    1    1    1    1  6.72085E+09 0.31063 
   14   14    1    1    1    1    1    1    1    1  6.44792E+09 0.23237 
   15   15    1    1    1    1    1    1    1    1  7.97684E+09 0.31633 
   16   16    1    1    1    1    1    1    1    1  2.44904E+09 0.27945 
   17   17    1    1    1    1    1    1    1    1  8.47765E+09 0.15749 
   18   18    1    1    1    1    1    1    1    1  1.67986E+10 0.16599 
   19   19    1    1    1    1    1    1    1    1  2.14478E+10 0.13837 
   20   20    1    1    1    1    1    1    1    1  7.13822E+10 0.10065 
   21   21    1    1    1    1    1    1    1    1  6.42165E+10 0.07705 
   22   22    1    1    1    1    1    1    1    1  1.62634E+11 0.06207 
   23   23    1    1    1    1    1    1    1    1  2.48596E+11 0.06067 
   24   24    1    1    1    1    1    1    1    1  5.05059E+11 0.03826 
   25   25    1    1    1    1    1    1    1    1  7.89196E+11 0.02706 
   26   26    1    1    1    1    1    1    1    1  1.72205E+12 0.01810 
   27   27    1    1    1    1    1    1    1    1  3.69239E+12 0.01727 
   28   28    1    1    1    1    1    1    1    1  8.69477E+12 0.00983 
   29   29    1    1    1    1    1    1    1    1  1.31367E+13 0.00899 
   30   30    1    1    1    1    1    1    1    1  3.12142E+13 0.00449 
   31   31    1    1    1    1    1    1    1    1  7.50116E+13 0.00421 
   32   32    1    1    1    1    1    1    1    1  1.12628E+14 0.00274 
   33   33    1    1    1    1    1    1    1    1  2.23620E+14 0.00197 
   34   34    1    1    1    1    1    1    1    1  2.67490E+14 0.00125 
   35   35    1    1    1    1    1    1    1    1  3.61811E+14 0.00119 
   36   36    1    1    1    1    1    1    1    1  2.80019E+14 0.00111 
   37   37    1    1    1    1    1    1    1    1  8.66424E+13 0.00138 
   38   38    1    1    1    1    1    1    1    1  4.27374E+14 0.00150 
   39   39    1    1    1    1    1    1    1    1  5.28354E+14 0.00172 
   40   40    1    1    1    1    1    1    1    1  8.87688E+14 0.00124 
   41   41    1    1    1    1    1    1    1    1  8.47119E+14 0.00104 
   42   42    1    1    1    1    1    1    1    1  1.56294E+15 0.00098 
   43   43    1    1    1    1    1    1    1    1  1.71897E+15 0.00094 
   44   44    1    1    1    1    1    1    1    1  2.24535E+15 0.00091 
   45   45    1    1    1    1    1    1    1    1  4.03794E+15 0.00074 
   46   46    1    1    1    1    1    1    1    1  2.11676E+15 0.00105 
   47   47    1    1    1    1    1    1    1    1  3.05383E+15 0.00100 
   48   48    1    1    1    1    1    1    1    1  4.27764E+15 0.00088 
   49   49    1    1    1    1    1    1    1    1  3.88253E+15 0.00096 
   50   50    1    1    1    1    1    1    1    1  6.02882E+15 0.00075 
   51   51    1    1    1    1    1    1    1    1  4.73649E+15 0.00077 
   52   52    1    1    1    1    1    1    1    1  5.41850E+15 0.00076 
   53   53    1    1    1    1    1    1    1    1  3.86378E+15 0.00082 
   54   54    1    1    1    1    1    1    1    1  4.72215E+15 0.00081 
   55   55    1    1    1    1    1    1    1    1  3.34629E+15 0.00086 
   56   56    1    1    1    1    1    1    1    1  4.61630E+14 0.00099 
   57   57    1    1    1    1    1    1    1    1  6.51315E+15 0.00079 
   58   58    1    1    1    1    1    1    1    1  2.87866E+15 0.00059 
   59   59    1    1    1    1    1    1    1    1  3.12971E+15 0.00108 
   60   60    1    1    1    1    1    1    1    1  2.48861E+15 0.00098 
   61   61    1    1    1    1    1    1    1    1  2.49041E+15 0.00097 
   62   62    1    1    1    1    1    1    1    1  2.51072E+15 0.00110 
   63   63    1    1    1    1    1    1    1    1  2.10008E+15 0.00083 
   64   64    1    1    1    1    1    1    1    1  1.65907E+15 0.00080 
   65   65    1    1    1    1    1    1    1    1  1.62850E+15 0.00087 
   66   66    1    1    1    1    1    1    1    1  1.29136E+15 0.00096 
   67   67    1    1    1    1    1    1    1    1  1.06090E+15 0.00096 
   68   68    1    1    1    1    1    1    1    1  9.38643E+14 0.00099 
   69   69    1    1    1    1    1    1    1    1  1.13941E+15 0.00106 
   70   70    1    1    1    1    1    1    1    1  9.77093E+14 0.00091 
   71   71    1    1    1    1    1    1    1    1  1.82160E+15 0.00122 
   72   72    1    1    1    1    1    1    1    1  1.32451E+15 0.00125 
   73   73    1    1    1    1    1    1    1    1  1.02176E+15 0.00120 
   74   74    1    1    1    1    1    1    1    1  8.26794E+14 0.00116 
   75   75    1    1    1    1    1    1    1    1  6.79517E+14 0.00176 
   76   76    1    1    1    1    1    1    1    1  7.79011E+14 0.00130 
   77   77    1    1    1    1    1    1    1    1  6.11531E+14 0.00113 
   78   78    1    1    1    1    1    1    1    1  4.73159E+14 0.00150 
   79   79    1    1    1    1    1    1    1    1  4.89279E+14 0.00153 
   80   80    1    1    1    1    1    1    1    1  3.65384E+14 0.00227 
   81   81    1    1    1    1    1    1    1    1  2.82081E+14 0.00194 
   82   82    1    1    1    1    1    1    1    1  2.18065E+14 0.00196 
   83   83    1    1    1    1    1    1    1    1  2.03871E+14 0.00210 
   84   84    1    1    1    1    1    1    1    1  1.46534E+14 0.00295 
   85   85    1    1    1    1    1    1    1    1  1.05681E+14 0.00240 
   86   86    1    1    1    1    1    1    1    1  9.94393E+13 0.00332 
   87   87    1    1    1    1    1    1    1    1  6.12470E+13 0.00372 
   88   88    1    1    1    1    1    1    1    1  4.14433E+13 0.00538 
   89   89    1    1    1    1    1    1    1    1  2.34819E+13 0.00680 
   90   90    1    1    1    1    1    1    1    1  1.57595E+13 0.00637 
   91   91    1    1    1    1    1    1    1    1  7.99938E+12 0.01220 
   92   92    1    1    1    1    1    1    1    1  3.90771E+12 0.01460 
   93   93    1    1    1    1    1    1    1    1  1.81629E+12 0.02509 
   94   94    1    1    1    1    1    1    1    1  9.07081E+11 0.02832 
   95   95    1    1    1    1    1    1    1    1  4.09139E+11 0.05430 
   96   96    1    1    1    1    1    1    1    1  2.22259E+11 0.06681 
   97   97    1    1    1    1    1    1    1    1  1.05061E+11 0.11313 
   98   98    1    1    1    1    1    1    1    1  3.46614E+10 0.19623 
   99   99    1    1    1    1    1    1    1    1  2.12196E+10 0.22444 
  100  100    1    1    1    1    1    1    1    1  2.58777E+10 0.20222 
];


