
DETdpaspec = [
    1    1    1    1    1    1    1    1    1    1  0.00000E+00 0.00000 
    2    2    1    1    1    1    1    1    1    1  0.00000E+00 0.00000 
    3    3    1    1    1    1    1    1    1    1  0.00000E+00 0.00000 
    4    4    1    1    1    1    1    1    1    1  0.00000E+00 0.00000 
    5    5    1    1    1    1    1    1    1    1  0.00000E+00 0.00000 
    6    6    1    1    1    1    1    1    1    1  0.00000E+00 0.00000 
    7    7    1    1    1    1    1    1    1    1  0.00000E+00 0.00000 
    8    8    1    1    1    1    1    1    1    1  6.94808E+07 0.75084 
    9    9    1    1    1    1    1    1    1    1  3.47293E+07 0.71370 
   10   10    1    1    1    1    1    1    1    1  1.69036E+08 0.70911 
   11   11    1    1    1    1    1    1    1    1  1.38952E+08 1.00000 
   12   12    1    1    1    1    1    1    1    1  1.24322E+08 0.46314 
   13   13    1    1    1    1    1    1    1    1  1.85092E+09 0.53561 
   14   14    1    1    1    1    1    1    1    1  9.16749E+09 0.20353 
   15   15    1    1    1    1    1    1    1    1  1.54555E+10 0.24925 
   16   16    1    1    1    1    1    1    1    1  3.83200E+09 0.25408 
   17   17    1    1    1    1    1    1    1    1  6.25819E+09 0.19988 
   18   18    1    1    1    1    1    1    1    1  1.81876E+10 0.10432 
   19   19    1    1    1    1    1    1    1    1  2.51180E+10 0.12838 
   20   20    1    1    1    1    1    1    1    1  7.69437E+10 0.08697 
   21   21    1    1    1    1    1    1    1    1  6.47603E+10 0.07998 
   22   22    1    1    1    1    1    1    1    1  1.49747E+11 0.05985 
   23   23    1    1    1    1    1    1    1    1  2.74782E+11 0.03739 
   24   24    1    1    1    1    1    1    1    1  4.79287E+11 0.03809 
   25   25    1    1    1    1    1    1    1    1  7.48280E+11 0.02424 
   26   26    1    1    1    1    1    1    1    1  1.56879E+12 0.01990 
   27   27    1    1    1    1    1    1    1    1  3.33333E+12 0.01917 
   28   28    1    1    1    1    1    1    1    1  7.52929E+12 0.01362 
   29   29    1    1    1    1    1    1    1    1  1.13641E+13 0.00821 
   30   30    1    1    1    1    1    1    1    1  2.75517E+13 0.00466 
   31   31    1    1    1    1    1    1    1    1  6.66800E+13 0.00341 
   32   32    1    1    1    1    1    1    1    1  1.00291E+14 0.00258 
   33   33    1    1    1    1    1    1    1    1  2.00927E+14 0.00193 
   34   34    1    1    1    1    1    1    1    1  2.37197E+14 0.00193 
   35   35    1    1    1    1    1    1    1    1  3.27376E+14 0.00127 
   36   36    1    1    1    1    1    1    1    1  2.55124E+14 0.00117 
   37   37    1    1    1    1    1    1    1    1  7.93133E+13 0.00139 
   38   38    1    1    1    1    1    1    1    1  3.90041E+14 0.00141 
   39   39    1    1    1    1    1    1    1    1  4.81463E+14 0.00139 
   40   40    1    1    1    1    1    1    1    1  8.04955E+14 0.00087 
   41   41    1    1    1    1    1    1    1    1  7.72083E+14 0.00095 
   42   42    1    1    1    1    1    1    1    1  1.41878E+15 0.00099 
   43   43    1    1    1    1    1    1    1    1  1.55860E+15 0.00073 
   44   44    1    1    1    1    1    1    1    1  2.03229E+15 0.00066 
   45   45    1    1    1    1    1    1    1    1  3.64472E+15 0.00067 
   46   46    1    1    1    1    1    1    1    1  1.91174E+15 0.00064 
   47   47    1    1    1    1    1    1    1    1  2.75928E+15 0.00069 
   48   48    1    1    1    1    1    1    1    1  3.85326E+15 0.00069 
   49   49    1    1    1    1    1    1    1    1  3.50920E+15 0.00068 
   50   50    1    1    1    1    1    1    1    1  5.41553E+15 0.00076 
   51   51    1    1    1    1    1    1    1    1  4.26395E+15 0.00064 
   52   52    1    1    1    1    1    1    1    1  4.86617E+15 0.00089 
   53   53    1    1    1    1    1    1    1    1  3.46722E+15 0.00077 
   54   54    1    1    1    1    1    1    1    1  4.21653E+15 0.00087 
   55   55    1    1    1    1    1    1    1    1  2.99279E+15 0.00072 
   56   56    1    1    1    1    1    1    1    1  4.12909E+14 0.00092 
   57   57    1    1    1    1    1    1    1    1  5.81676E+15 0.00072 
   58   58    1    1    1    1    1    1    1    1  2.55737E+15 0.00086 
   59   59    1    1    1    1    1    1    1    1  2.78435E+15 0.00085 
   60   60    1    1    1    1    1    1    1    1  2.20376E+15 0.00065 
   61   61    1    1    1    1    1    1    1    1  2.20528E+15 0.00078 
   62   62    1    1    1    1    1    1    1    1  2.22028E+15 0.00091 
   63   63    1    1    1    1    1    1    1    1  1.85534E+15 0.00081 
   64   64    1    1    1    1    1    1    1    1  1.46176E+15 0.00093 
   65   65    1    1    1    1    1    1    1    1  1.43704E+15 0.00106 
   66   66    1    1    1    1    1    1    1    1  1.13869E+15 0.00081 
   67   67    1    1    1    1    1    1    1    1  9.36846E+14 0.00100 
   68   68    1    1    1    1    1    1    1    1  8.28539E+14 0.00097 
   69   69    1    1    1    1    1    1    1    1  1.00688E+15 0.00125 
   70   70    1    1    1    1    1    1    1    1  8.64226E+14 0.00131 
   71   71    1    1    1    1    1    1    1    1  1.61324E+15 0.00113 
   72   72    1    1    1    1    1    1    1    1  1.17296E+15 0.00115 
   73   73    1    1    1    1    1    1    1    1  9.05113E+14 0.00093 
   74   74    1    1    1    1    1    1    1    1  7.31360E+14 0.00113 
   75   75    1    1    1    1    1    1    1    1  5.99886E+14 0.00091 
   76   76    1    1    1    1    1    1    1    1  6.84257E+14 0.00112 
   77   77    1    1    1    1    1    1    1    1  5.34394E+14 0.00130 
   78   78    1    1    1    1    1    1    1    1  4.13588E+14 0.00107 
   79   79    1    1    1    1    1    1    1    1  4.26146E+14 0.00159 
   80   80    1    1    1    1    1    1    1    1  3.17069E+14 0.00182 
   81   81    1    1    1    1    1    1    1    1  2.44693E+14 0.00206 
   82   82    1    1    1    1    1    1    1    1  1.88586E+14 0.00173 
   83   83    1    1    1    1    1    1    1    1  1.76578E+14 0.00228 
   84   84    1    1    1    1    1    1    1    1  1.26704E+14 0.00268 
   85   85    1    1    1    1    1    1    1    1  9.19821E+13 0.00354 
   86   86    1    1    1    1    1    1    1    1  8.57179E+13 0.00382 
   87   87    1    1    1    1    1    1    1    1  5.27357E+13 0.00436 
   88   88    1    1    1    1    1    1    1    1  3.58755E+13 0.00482 
   89   89    1    1    1    1    1    1    1    1  2.08324E+13 0.00781 
   90   90    1    1    1    1    1    1    1    1  1.38963E+13 0.00828 
   91   91    1    1    1    1    1    1    1    1  6.95195E+12 0.01136 
   92   92    1    1    1    1    1    1    1    1  3.37207E+12 0.01702 
   93   93    1    1    1    1    1    1    1    1  1.63088E+12 0.02218 
   94   94    1    1    1    1    1    1    1    1  7.68068E+11 0.02690 
   95   95    1    1    1    1    1    1    1    1  3.80652E+11 0.05022 
   96   96    1    1    1    1    1    1    1    1  1.77845E+11 0.08519 
   97   97    1    1    1    1    1    1    1    1  9.41587E+10 0.10296 
   98   98    1    1    1    1    1    1    1    1  4.74233E+10 0.13728 
   99   99    1    1    1    1    1    1    1    1  3.40023E+10 0.16146 
  100  100    1    1    1    1    1    1    1    1  1.62751E+10 0.28866 
];


