
DETdpaspec = [
    1    1    1    1    1    1    1    1    1    1  0.00000E+00 0.00000 
    2    2    1    1    1    1    1    1    1    1  0.00000E+00 0.00000 
    3    3    1    1    1    1    1    1    1    1  0.00000E+00 0.00000 
    4    4    1    1    1    1    1    1    1    1  0.00000E+00 0.00000 
    5    5    1    1    1    1    1    1    1    1  0.00000E+00 0.00000 
    6    6    1    1    1    1    1    1    1    1  0.00000E+00 0.00000 
    7    7    1    1    1    1    1    1    1    1  0.00000E+00 0.00000 
    8    8    1    1    1    1    1    1    1    1  2.22409E+07 1.00000 
    9    9    1    1    1    1    1    1    1    1  4.78146E+07 0.46880 
   10   10    1    1    1    1    1    1    1    1  1.11770E+08 0.71337 
   11   11    1    1    1    1    1    1    1    1  5.04099E+08 0.85253 
   12   12    1    1    1    1    1    1    1    1  1.84908E+08 0.55253 
   13   13    1    1    1    1    1    1    1    1  2.68952E+09 0.60760 
   14   14    1    1    1    1    1    1    1    1  1.15525E+10 0.36019 
   15   15    1    1    1    1    1    1    1    1  8.64315E+09 0.32781 
   16   16    1    1    1    1    1    1    1    1  4.59749E+09 0.41507 
   17   17    1    1    1    1    1    1    1    1  7.29368E+09 0.27330 
   18   18    1    1    1    1    1    1    1    1  1.53565E+10 0.19890 
   19   19    1    1    1    1    1    1    1    1  1.92146E+10 0.15131 
   20   20    1    1    1    1    1    1    1    1  5.63455E+10 0.10705 
   21   21    1    1    1    1    1    1    1    1  5.33637E+10 0.10623 
   22   22    1    1    1    1    1    1    1    1  1.49285E+11 0.06860 
   23   23    1    1    1    1    1    1    1    1  3.22633E+11 0.05022 
   24   24    1    1    1    1    1    1    1    1  8.01161E+11 0.02590 
   25   25    1    1    1    1    1    1    1    1  1.34559E+12 0.02669 
   26   26    1    1    1    1    1    1    1    1  2.91595E+12 0.01490 
   27   27    1    1    1    1    1    1    1    1  6.15477E+12 0.01000 
   28   28    1    1    1    1    1    1    1    1  1.41031E+13 0.00709 
   29   29    1    1    1    1    1    1    1    1  2.22042E+13 0.00555 
   30   30    1    1    1    1    1    1    1    1  4.64881E+13 0.00408 
   31   31    1    1    1    1    1    1    1    1  1.06682E+14 0.00246 
   32   32    1    1    1    1    1    1    1    1  1.54550E+14 0.00252 
   33   33    1    1    1    1    1    1    1    1  3.00542E+14 0.00199 
   34   34    1    1    1    1    1    1    1    1  3.62706E+14 0.00174 
   35   35    1    1    1    1    1    1    1    1  4.60658E+14 0.00116 
   36   36    1    1    1    1    1    1    1    1  3.47458E+14 0.00104 
   37   37    1    1    1    1    1    1    1    1  1.05493E+14 0.00125 
   38   38    1    1    1    1    1    1    1    1  5.26940E+14 0.00111 
   39   39    1    1    1    1    1    1    1    1  6.47985E+14 0.00083 
   40   40    1    1    1    1    1    1    1    1  1.09321E+15 0.00105 
   41   41    1    1    1    1    1    1    1    1  1.02466E+15 0.00106 
   42   42    1    1    1    1    1    1    1    1  1.90080E+15 0.00074 
   43   43    1    1    1    1    1    1    1    1  2.08815E+15 0.00066 
   44   44    1    1    1    1    1    1    1    1  2.71783E+15 0.00070 
   45   45    1    1    1    1    1    1    1    1  4.89877E+15 0.00080 
   46   46    1    1    1    1    1    1    1    1  2.56219E+15 0.00075 
   47   47    1    1    1    1    1    1    1    1  3.66591E+15 0.00079 
   48   48    1    1    1    1    1    1    1    1  5.13693E+15 0.00069 
   49   49    1    1    1    1    1    1    1    1  4.63476E+15 0.00075 
   50   50    1    1    1    1    1    1    1    1  7.24858E+15 0.00060 
   51   51    1    1    1    1    1    1    1    1  5.64836E+15 0.00058 
   52   52    1    1    1    1    1    1    1    1  6.52078E+15 0.00063 
   53   53    1    1    1    1    1    1    1    1  4.64004E+15 0.00072 
   54   54    1    1    1    1    1    1    1    1  5.71420E+15 0.00068 
   55   55    1    1    1    1    1    1    1    1  4.04842E+15 0.00063 
   56   56    1    1    1    1    1    1    1    1  5.56661E+14 0.00093 
   57   57    1    1    1    1    1    1    1    1  7.87380E+15 0.00057 
   58   58    1    1    1    1    1    1    1    1  3.52484E+15 0.00079 
   59   59    1    1    1    1    1    1    1    1  3.81219E+15 0.00076 
   60   60    1    1    1    1    1    1    1    1  3.06442E+15 0.00089 
   61   61    1    1    1    1    1    1    1    1  3.05936E+15 0.00098 
   62   62    1    1    1    1    1    1    1    1  3.09012E+15 0.00097 
   63   63    1    1    1    1    1    1    1    1  2.59315E+15 0.00081 
   64   64    1    1    1    1    1    1    1    1  2.04723E+15 0.00076 
   65   65    1    1    1    1    1    1    1    1  2.00780E+15 0.00093 
   66   66    1    1    1    1    1    1    1    1  1.59594E+15 0.00089 
   67   67    1    1    1    1    1    1    1    1  1.30814E+15 0.00089 
   68   68    1    1    1    1    1    1    1    1  1.15606E+15 0.00108 
   69   69    1    1    1    1    1    1    1    1  1.40213E+15 0.00087 
   70   70    1    1    1    1    1    1    1    1  1.20244E+15 0.00108 
   71   71    1    1    1    1    1    1    1    1  2.21999E+15 0.00061 
   72   72    1    1    1    1    1    1    1    1  1.60983E+15 0.00093 
   73   73    1    1    1    1    1    1    1    1  1.24320E+15 0.00132 
   74   74    1    1    1    1    1    1    1    1  1.01317E+15 0.00109 
   75   75    1    1    1    1    1    1    1    1  8.40938E+14 0.00130 
   76   76    1    1    1    1    1    1    1    1  9.72135E+14 0.00137 
   77   77    1    1    1    1    1    1    1    1  7.66841E+14 0.00110 
   78   78    1    1    1    1    1    1    1    1  5.98688E+14 0.00141 
   79   79    1    1    1    1    1    1    1    1  6.22750E+14 0.00171 
   80   80    1    1    1    1    1    1    1    1  4.64756E+14 0.00147 
   81   81    1    1    1    1    1    1    1    1  3.60400E+14 0.00189 
   82   82    1    1    1    1    1    1    1    1  2.78641E+14 0.00211 
   83   83    1    1    1    1    1    1    1    1  2.60225E+14 0.00198 
   84   84    1    1    1    1    1    1    1    1  1.87296E+14 0.00262 
   85   85    1    1    1    1    1    1    1    1  1.34442E+14 0.00287 
   86   86    1    1    1    1    1    1    1    1  1.26049E+14 0.00300 
   87   87    1    1    1    1    1    1    1    1  7.77000E+13 0.00303 
   88   88    1    1    1    1    1    1    1    1  5.23121E+13 0.00436 
   89   89    1    1    1    1    1    1    1    1  3.04352E+13 0.00548 
   90   90    1    1    1    1    1    1    1    1  2.00575E+13 0.00749 
   91   91    1    1    1    1    1    1    1    1  9.89748E+12 0.01109 
   92   92    1    1    1    1    1    1    1    1  4.86413E+12 0.01629 
   93   93    1    1    1    1    1    1    1    1  2.31174E+12 0.02070 
   94   94    1    1    1    1    1    1    1    1  1.17506E+12 0.02375 
   95   95    1    1    1    1    1    1    1    1  5.49796E+11 0.04657 
   96   96    1    1    1    1    1    1    1    1  2.34983E+11 0.06906 
   97   97    1    1    1    1    1    1    1    1  1.42540E+11 0.10455 
   98   98    1    1    1    1    1    1    1    1  5.84972E+10 0.14392 
   99   99    1    1    1    1    1    1    1    1  2.06997E+10 0.15515 
  100  100    1    1    1    1    1    1    1    1  2.36223E+10 0.21141 
];


