
DETdpaspec = [
    1    1    1    1    1    1    1    1    1    1  0.00000E+00 0.00000 
    2    2    1    1    1    1    1    1    1    1  0.00000E+00 0.00000 
    3    3    1    1    1    1    1    1    1    1  0.00000E+00 0.00000 
    4    4    1    1    1    1    1    1    1    1  0.00000E+00 0.00000 
    5    5    1    1    1    1    1    1    1    1  1.73882E+07 1.00000 
    6    6    1    1    1    1    1    1    1    1  1.53527E+07 1.00000 
    7    7    1    1    1    1    1    1    1    1  0.00000E+00 0.00000 
    8    8    1    1    1    1    1    1    1    1  5.75855E+07 0.78248 
    9    9    1    1    1    1    1    1    1    1  2.02923E+07 0.68954 
   10   10    1    1    1    1    1    1    1    1  1.24693E+08 0.69012 
   11   11    1    1    1    1    1    1    1    1  6.00584E+08 0.56145 
   12   12    1    1    1    1    1    1    1    1  4.51440E+06 0.68935 
   13   13    1    1    1    1    1    1    1    1  2.49638E+09 0.63232 
   14   14    1    1    1    1    1    1    1    1  5.74162E+09 0.37361 
   15   15    1    1    1    1    1    1    1    1  8.81459E+09 0.31013 
   16   16    1    1    1    1    1    1    1    1  1.85270E+09 0.27528 
   17   17    1    1    1    1    1    1    1    1  8.27828E+09 0.21104 
   18   18    1    1    1    1    1    1    1    1  1.45728E+10 0.17184 
   19   19    1    1    1    1    1    1    1    1  1.77775E+10 0.14000 
   20   20    1    1    1    1    1    1    1    1  6.65023E+10 0.11336 
   21   21    1    1    1    1    1    1    1    1  5.44253E+10 0.11287 
   22   22    1    1    1    1    1    1    1    1  1.29313E+11 0.05067 
   23   23    1    1    1    1    1    1    1    1  2.85885E+11 0.04207 
   24   24    1    1    1    1    1    1    1    1  6.02750E+11 0.03537 
   25   25    1    1    1    1    1    1    1    1  1.00260E+12 0.03383 
   26   26    1    1    1    1    1    1    1    1  2.17845E+12 0.01978 
   27   27    1    1    1    1    1    1    1    1  4.72282E+12 0.01213 
   28   28    1    1    1    1    1    1    1    1  1.09298E+13 0.00851 
   29   29    1    1    1    1    1    1    1    1  1.68983E+13 0.00672 
   30   30    1    1    1    1    1    1    1    1  3.78533E+13 0.00496 
   31   31    1    1    1    1    1    1    1    1  8.95772E+13 0.00360 
   32   32    1    1    1    1    1    1    1    1  1.32634E+14 0.00343 
   33   33    1    1    1    1    1    1    1    1  2.61569E+14 0.00196 
   34   34    1    1    1    1    1    1    1    1  3.14044E+14 0.00194 
   35   35    1    1    1    1    1    1    1    1  4.11371E+14 0.00163 
   36   36    1    1    1    1    1    1    1    1  3.15174E+14 0.00137 
   37   37    1    1    1    1    1    1    1    1  9.67243E+13 0.00140 
   38   38    1    1    1    1    1    1    1    1  4.79890E+14 0.00133 
   39   39    1    1    1    1    1    1    1    1  5.92324E+14 0.00128 
   40   40    1    1    1    1    1    1    1    1  9.97881E+14 0.00092 
   41   41    1    1    1    1    1    1    1    1  9.43888E+14 0.00086 
   42   42    1    1    1    1    1    1    1    1  1.74686E+15 0.00095 
   43   43    1    1    1    1    1    1    1    1  1.92183E+15 0.00105 
   44   44    1    1    1    1    1    1    1    1  2.50813E+15 0.00105 
   45   45    1    1    1    1    1    1    1    1  4.51617E+15 0.00087 
   46   46    1    1    1    1    1    1    1    1  2.36877E+15 0.00093 
   47   47    1    1    1    1    1    1    1    1  3.40311E+15 0.00087 
   48   48    1    1    1    1    1    1    1    1  4.77464E+15 0.00082 
   49   49    1    1    1    1    1    1    1    1  4.32481E+15 0.00070 
   50   50    1    1    1    1    1    1    1    1  6.74023E+15 0.00072 
   51   51    1    1    1    1    1    1    1    1  5.27472E+15 0.00075 
   52   52    1    1    1    1    1    1    1    1  6.07263E+15 0.00064 
   53   53    1    1    1    1    1    1    1    1  4.32330E+15 0.00064 
   54   54    1    1    1    1    1    1    1    1  5.30687E+15 0.00066 
   55   55    1    1    1    1    1    1    1    1  3.76125E+15 0.00079 
   56   56    1    1    1    1    1    1    1    1  5.17129E+14 0.00115 
   57   57    1    1    1    1    1    1    1    1  7.31571E+15 0.00060 
   58   58    1    1    1    1    1    1    1    1  3.25561E+15 0.00089 
   59   59    1    1    1    1    1    1    1    1  3.53342E+15 0.00078 
   60   60    1    1    1    1    1    1    1    1  2.83004E+15 0.00081 
   61   61    1    1    1    1    1    1    1    1  2.82619E+15 0.00094 
   62   62    1    1    1    1    1    1    1    1  2.85102E+15 0.00075 
   63   63    1    1    1    1    1    1    1    1  2.39063E+15 0.00100 
   64   64    1    1    1    1    1    1    1    1  1.89026E+15 0.00098 
   65   65    1    1    1    1    1    1    1    1  1.85579E+15 0.00113 
   66   66    1    1    1    1    1    1    1    1  1.47217E+15 0.00152 
   67   67    1    1    1    1    1    1    1    1  1.20904E+15 0.00130 
   68   68    1    1    1    1    1    1    1    1  1.06769E+15 0.00123 
   69   69    1    1    1    1    1    1    1    1  1.29768E+15 0.00094 
   70   70    1    1    1    1    1    1    1    1  1.11427E+15 0.00112 
   71   71    1    1    1    1    1    1    1    1  2.06313E+15 0.00103 
   72   72    1    1    1    1    1    1    1    1  1.49830E+15 0.00144 
   73   73    1    1    1    1    1    1    1    1  1.15843E+15 0.00117 
   74   74    1    1    1    1    1    1    1    1  9.41850E+14 0.00125 
   75   75    1    1    1    1    1    1    1    1  7.77344E+14 0.00115 
   76   76    1    1    1    1    1    1    1    1  8.97722E+14 0.00115 
   77   77    1    1    1    1    1    1    1    1  7.06306E+14 0.00114 
   78   78    1    1    1    1    1    1    1    1  5.47961E+14 0.00133 
   79   79    1    1    1    1    1    1    1    1  5.68071E+14 0.00145 
   80   80    1    1    1    1    1    1    1    1  4.23961E+14 0.00132 
   81   81    1    1    1    1    1    1    1    1  3.28568E+14 0.00176 
   82   82    1    1    1    1    1    1    1    1  2.52489E+14 0.00156 
   83   83    1    1    1    1    1    1    1    1  2.36593E+14 0.00239 
   84   84    1    1    1    1    1    1    1    1  1.70567E+14 0.00259 
   85   85    1    1    1    1    1    1    1    1  1.22827E+14 0.00310 
   86   86    1    1    1    1    1    1    1    1  1.15242E+14 0.00333 
   87   87    1    1    1    1    1    1    1    1  7.12936E+13 0.00348 
   88   88    1    1    1    1    1    1    1    1  4.81611E+13 0.00246 
   89   89    1    1    1    1    1    1    1    1  2.77083E+13 0.00615 
   90   90    1    1    1    1    1    1    1    1  1.81777E+13 0.00654 
   91   91    1    1    1    1    1    1    1    1  9.16165E+12 0.00815 
   92   92    1    1    1    1    1    1    1    1  4.52136E+12 0.01618 
   93   93    1    1    1    1    1    1    1    1  2.18400E+12 0.01897 
   94   94    1    1    1    1    1    1    1    1  1.06301E+12 0.03585 
   95   95    1    1    1    1    1    1    1    1  4.84337E+11 0.04927 
   96   96    1    1    1    1    1    1    1    1  2.54350E+11 0.06157 
   97   97    1    1    1    1    1    1    1    1  1.16601E+11 0.09722 
   98   98    1    1    1    1    1    1    1    1  6.18274E+10 0.15217 
   99   99    1    1    1    1    1    1    1    1  3.30779E+10 0.17265 
  100  100    1    1    1    1    1    1    1    1  2.80077E+10 0.12835 
];


