
DETdpaspec = [
    1    1    1    1    1    1    1    1    1    1  0.00000E+00 0.00000 
    2    2    1    1    1    1    1    1    1    1  0.00000E+00 0.00000 
    3    3    1    1    1    1    1    1    1    1  0.00000E+00 0.00000 
    4    4    1    1    1    1    1    1    1    1  0.00000E+00 0.00000 
    5    5    1    1    1    1    1    1    1    1  1.16719E+07 1.00000 
    6    6    1    1    1    1    1    1    1    1  0.00000E+00 0.00000 
    7    7    1    1    1    1    1    1    1    1  1.36259E+07 1.00000 
    8    8    1    1    1    1    1    1    1    1  4.00440E+07 0.69233 
    9    9    1    1    1    1    1    1    1    1  1.16843E+07 1.00000 
   10   10    1    1    1    1    1    1    1    1  1.13808E+08 1.00000 
   11   11    1    1    1    1    1    1    1    1  1.49795E+08 0.72645 
   12   12    1    1    1    1    1    1    1    1  1.22133E+08 0.65168 
   13   13    1    1    1    1    1    1    1    1  2.40763E+09 0.50051 
   14   14    1    1    1    1    1    1    1    1  4.01436E+09 0.41244 
   15   15    1    1    1    1    1    1    1    1  9.21760E+09 0.31157 
   16   16    1    1    1    1    1    1    1    1  3.22734E+09 0.33146 
   17   17    1    1    1    1    1    1    1    1  4.48289E+09 0.24129 
   18   18    1    1    1    1    1    1    1    1  1.86513E+10 0.13026 
   19   19    1    1    1    1    1    1    1    1  1.82883E+10 0.13492 
   20   20    1    1    1    1    1    1    1    1  5.39421E+10 0.08937 
   21   21    1    1    1    1    1    1    1    1  3.73667E+10 0.08888 
   22   22    1    1    1    1    1    1    1    1  1.09707E+11 0.07502 
   23   23    1    1    1    1    1    1    1    1  1.66164E+11 0.05489 
   24   24    1    1    1    1    1    1    1    1  2.51162E+11 0.03748 
   25   25    1    1    1    1    1    1    1    1  3.67379E+11 0.03741 
   26   26    1    1    1    1    1    1    1    1  7.21460E+11 0.02181 
   27   27    1    1    1    1    1    1    1    1  1.43204E+12 0.01930 
   28   28    1    1    1    1    1    1    1    1  3.03356E+12 0.01604 
   29   29    1    1    1    1    1    1    1    1  4.14242E+12 0.01069 
   30   30    1    1    1    1    1    1    1    1  1.12036E+13 0.00769 
   31   31    1    1    1    1    1    1    1    1  2.64626E+13 0.00743 
   32   32    1    1    1    1    1    1    1    1  3.93389E+13 0.00604 
   33   33    1    1    1    1    1    1    1    1  7.66010E+13 0.00460 
   34   34    1    1    1    1    1    1    1    1  8.69741E+13 0.00456 
   35   35    1    1    1    1    1    1    1    1  1.25425E+14 0.00293 
   36   36    1    1    1    1    1    1    1    1  9.80214E+13 0.00332 
   37   37    1    1    1    1    1    1    1    1  3.10611E+13 0.00300 
   38   38    1    1    1    1    1    1    1    1  1.48581E+14 0.00281 
   39   39    1    1    1    1    1    1    1    1  1.82085E+14 0.00270 
   40   40    1    1    1    1    1    1    1    1  2.96973E+14 0.00216 
   41   41    1    1    1    1    1    1    1    1  2.88606E+14 0.00199 
   42   42    1    1    1    1    1    1    1    1  5.17046E+14 0.00224 
   43   43    1    1    1    1    1    1    1    1  5.62222E+14 0.00265 
   44   44    1    1    1    1    1    1    1    1  7.24275E+14 0.00278 
   45   45    1    1    1    1    1    1    1    1  1.26851E+15 0.00252 
   46   46    1    1    1    1    1    1    1    1  6.56415E+14 0.00248 
   47   47    1    1    1    1    1    1    1    1  9.51216E+14 0.00263 
   48   48    1    1    1    1    1    1    1    1  1.31055E+15 0.00235 
   49   49    1    1    1    1    1    1    1    1  1.19378E+15 0.00251 
   50   50    1    1    1    1    1    1    1    1  1.79969E+15 0.00221 
   51   51    1    1    1    1    1    1    1    1  1.41952E+15 0.00239 
   52   52    1    1    1    1    1    1    1    1  1.58287E+15 0.00248 
   53   53    1    1    1    1    1    1    1    1  1.12583E+15 0.00265 
   54   54    1    1    1    1    1    1    1    1  1.34339E+15 0.00248 
   55   55    1    1    1    1    1    1    1    1  9.50659E+14 0.00248 
   56   56    1    1    1    1    1    1    1    1  1.31682E+14 0.00332 
   57   57    1    1    1    1    1    1    1    1  1.84135E+15 0.00266 
   58   58    1    1    1    1    1    1    1    1  7.89405E+14 0.00314 
   59   59    1    1    1    1    1    1    1    1  8.59120E+14 0.00345 
   60   60    1    1    1    1    1    1    1    1  6.66607E+14 0.00317 
   61   61    1    1    1    1    1    1    1    1  6.66952E+14 0.00308 
   62   62    1    1    1    1    1    1    1    1  6.68666E+14 0.00331 
   63   63    1    1    1    1    1    1    1    1  5.53962E+14 0.00340 
   64   64    1    1    1    1    1    1    1    1  4.33960E+14 0.00335 
   65   65    1    1    1    1    1    1    1    1  4.25514E+14 0.00308 
   66   66    1    1    1    1    1    1    1    1  3.34455E+14 0.00320 
   67   67    1    1    1    1    1    1    1    1  2.76347E+14 0.00308 
   68   68    1    1    1    1    1    1    1    1  2.44133E+14 0.00375 
   69   69    1    1    1    1    1    1    1    1  2.95979E+14 0.00387 
   70   70    1    1    1    1    1    1    1    1  2.53547E+14 0.00333 
   71   71    1    1    1    1    1    1    1    1  4.78569E+14 0.00311 
   72   72    1    1    1    1    1    1    1    1  3.47388E+14 0.00370 
   73   73    1    1    1    1    1    1    1    1  2.67146E+14 0.00430 
   74   74    1    1    1    1    1    1    1    1  2.12442E+14 0.00418 
   75   75    1    1    1    1    1    1    1    1  1.71801E+14 0.00400 
   76   76    1    1    1    1    1    1    1    1  1.93518E+14 0.00418 
   77   77    1    1    1    1    1    1    1    1  1.49064E+14 0.00452 
   78   78    1    1    1    1    1    1    1    1  1.14441E+14 0.00392 
   79   79    1    1    1    1    1    1    1    1  1.15587E+14 0.00460 
   80   80    1    1    1    1    1    1    1    1  8.62105E+13 0.00482 
   81   81    1    1    1    1    1    1    1    1  6.68281E+13 0.00458 
   82   82    1    1    1    1    1    1    1    1  5.11751E+13 0.00477 
   83   83    1    1    1    1    1    1    1    1  4.82634E+13 0.00542 
   84   84    1    1    1    1    1    1    1    1  3.45540E+13 0.00640 
   85   85    1    1    1    1    1    1    1    1  2.48765E+13 0.00622 
   86   86    1    1    1    1    1    1    1    1  2.30060E+13 0.00629 
   87   87    1    1    1    1    1    1    1    1  1.44201E+13 0.00783 
   88   88    1    1    1    1    1    1    1    1  9.67460E+12 0.01298 
   89   89    1    1    1    1    1    1    1    1  5.56028E+12 0.01340 
   90   90    1    1    1    1    1    1    1    1  3.67009E+12 0.01601 
   91   91    1    1    1    1    1    1    1    1  1.84972E+12 0.02469 
   92   92    1    1    1    1    1    1    1    1  9.36611E+11 0.02329 
   93   93    1    1    1    1    1    1    1    1  4.45677E+11 0.03863 
   94   94    1    1    1    1    1    1    1    1  2.19676E+11 0.07220 
   95   95    1    1    1    1    1    1    1    1  1.05306E+11 0.10738 
   96   96    1    1    1    1    1    1    1    1  6.62701E+10 0.11422 
   97   97    1    1    1    1    1    1    1    1  2.52281E+10 0.13138 
   98   98    1    1    1    1    1    1    1    1  1.57602E+10 0.28119 
   99   99    1    1    1    1    1    1    1    1  6.75721E+09 0.37111 
  100  100    1    1    1    1    1    1    1    1  6.34616E+09 0.41197 
];


