
DETdpaspec = [
    1    1    1    1    1    1    1    1    1    1  0.00000E+00 0.00000 
    2    2    1    1    1    1    1    1    1    1  0.00000E+00 0.00000 
    3    3    1    1    1    1    1    1    1    1  0.00000E+00 0.00000 
    4    4    1    1    1    1    1    1    1    1  0.00000E+00 0.00000 
    5    5    1    1    1    1    1    1    1    1  0.00000E+00 0.00000 
    6    6    1    1    1    1    1    1    1    1  0.00000E+00 0.00000 
    7    7    1    1    1    1    1    1    1    1  1.50836E+07 1.00000 
    8    8    1    1    1    1    1    1    1    1  0.00000E+00 0.00000 
    9    9    1    1    1    1    1    1    1    1  3.83065E+07 0.54765 
   10   10    1    1    1    1    1    1    1    1  6.20397E+07 1.00000 
   11   11    1    1    1    1    1    1    1    1  2.69945E+08 0.60210 
   12   12    1    1    1    1    1    1    1    1  3.94848E+07 0.69746 
   13   13    1    1    1    1    1    1    1    1  2.65951E+09 0.29457 
   14   14    1    1    1    1    1    1    1    1  5.45305E+09 0.38706 
   15   15    1    1    1    1    1    1    1    1  6.90115E+09 0.36729 
   16   16    1    1    1    1    1    1    1    1  1.17425E+09 0.39619 
   17   17    1    1    1    1    1    1    1    1  4.13980E+09 0.26673 
   18   18    1    1    1    1    1    1    1    1  1.37869E+10 0.22788 
   19   19    1    1    1    1    1    1    1    1  1.46303E+10 0.18992 
   20   20    1    1    1    1    1    1    1    1  4.84145E+10 0.15694 
   21   21    1    1    1    1    1    1    1    1  3.89048E+10 0.09176 
   22   22    1    1    1    1    1    1    1    1  1.02959E+11 0.08146 
   23   23    1    1    1    1    1    1    1    1  1.46421E+11 0.05816 
   24   24    1    1    1    1    1    1    1    1  2.43296E+11 0.05606 
   25   25    1    1    1    1    1    1    1    1  3.62632E+11 0.03298 
   26   26    1    1    1    1    1    1    1    1  6.38792E+11 0.02424 
   27   27    1    1    1    1    1    1    1    1  1.34724E+12 0.02771 
   28   28    1    1    1    1    1    1    1    1  2.73121E+12 0.01480 
   29   29    1    1    1    1    1    1    1    1  3.57436E+12 0.01237 
   30   30    1    1    1    1    1    1    1    1  9.61508E+12 0.00918 
   31   31    1    1    1    1    1    1    1    1  2.25637E+13 0.00526 
   32   32    1    1    1    1    1    1    1    1  3.35915E+13 0.00316 
   33   33    1    1    1    1    1    1    1    1  6.52917E+13 0.00408 
   34   34    1    1    1    1    1    1    1    1  7.34182E+13 0.00382 
   35   35    1    1    1    1    1    1    1    1  1.06503E+14 0.00345 
   36   36    1    1    1    1    1    1    1    1  8.33951E+13 0.00360 
   37   37    1    1    1    1    1    1    1    1  2.64152E+13 0.00375 
   38   38    1    1    1    1    1    1    1    1  1.25925E+14 0.00313 
   39   39    1    1    1    1    1    1    1    1  1.54469E+14 0.00307 
   40   40    1    1    1    1    1    1    1    1  2.51110E+14 0.00301 
   41   41    1    1    1    1    1    1    1    1  2.44399E+14 0.00257 
   42   42    1    1    1    1    1    1    1    1  4.36984E+14 0.00205 
   43   43    1    1    1    1    1    1    1    1  4.74090E+14 0.00249 
   44   44    1    1    1    1    1    1    1    1  6.10315E+14 0.00295 
   45   45    1    1    1    1    1    1    1    1  1.06679E+15 0.00244 
   46   46    1    1    1    1    1    1    1    1  5.52120E+14 0.00248 
   47   47    1    1    1    1    1    1    1    1  7.98702E+14 0.00271 
   48   48    1    1    1    1    1    1    1    1  1.10170E+15 0.00303 
   49   49    1    1    1    1    1    1    1    1  1.00351E+15 0.00305 
   50   50    1    1    1    1    1    1    1    1  1.51086E+15 0.00333 
   51   51    1    1    1    1    1    1    1    1  1.18993E+15 0.00317 
   52   52    1    1    1    1    1    1    1    1  1.32657E+15 0.00322 
   53   53    1    1    1    1    1    1    1    1  9.42567E+14 0.00291 
   54   54    1    1    1    1    1    1    1    1  1.12048E+15 0.00296 
   55   55    1    1    1    1    1    1    1    1  7.93902E+14 0.00314 
   56   56    1    1    1    1    1    1    1    1  1.09531E+14 0.00311 
   57   57    1    1    1    1    1    1    1    1  1.53366E+15 0.00280 
   58   58    1    1    1    1    1    1    1    1  6.57389E+14 0.00281 
   59   59    1    1    1    1    1    1    1    1  7.16500E+14 0.00304 
   60   60    1    1    1    1    1    1    1    1  5.55347E+14 0.00313 
   61   61    1    1    1    1    1    1    1    1  5.55015E+14 0.00369 
   62   62    1    1    1    1    1    1    1    1  5.54334E+14 0.00283 
   63   63    1    1    1    1    1    1    1    1  4.59331E+14 0.00321 
   64   64    1    1    1    1    1    1    1    1  3.60197E+14 0.00296 
   65   65    1    1    1    1    1    1    1    1  3.52451E+14 0.00367 
   66   66    1    1    1    1    1    1    1    1  2.77445E+14 0.00313 
   67   67    1    1    1    1    1    1    1    1  2.28920E+14 0.00409 
   68   68    1    1    1    1    1    1    1    1  2.02838E+14 0.00402 
   69   69    1    1    1    1    1    1    1    1  2.45414E+14 0.00363 
   70   70    1    1    1    1    1    1    1    1  2.10035E+14 0.00378 
   71   71    1    1    1    1    1    1    1    1  3.95971E+14 0.00424 
   72   72    1    1    1    1    1    1    1    1  2.89268E+14 0.00446 
   73   73    1    1    1    1    1    1    1    1  2.22313E+14 0.00418 
   74   74    1    1    1    1    1    1    1    1  1.75632E+14 0.00426 
   75   75    1    1    1    1    1    1    1    1  1.41621E+14 0.00395 
   76   76    1    1    1    1    1    1    1    1  1.60128E+14 0.00469 
   77   77    1    1    1    1    1    1    1    1  1.22876E+14 0.00438 
   78   78    1    1    1    1    1    1    1    1  9.43716E+13 0.00497 
   79   79    1    1    1    1    1    1    1    1  9.60107E+13 0.00404 
   80   80    1    1    1    1    1    1    1    1  7.10977E+13 0.00530 
   81   81    1    1    1    1    1    1    1    1  5.46290E+13 0.00510 
   82   82    1    1    1    1    1    1    1    1  4.22439E+13 0.00635 
   83   83    1    1    1    1    1    1    1    1  3.95012E+13 0.00474 
   84   84    1    1    1    1    1    1    1    1  2.83587E+13 0.00643 
   85   85    1    1    1    1    1    1    1    1  2.05328E+13 0.00494 
   86   86    1    1    1    1    1    1    1    1  1.90565E+13 0.00829 
   87   87    1    1    1    1    1    1    1    1  1.17284E+13 0.00897 
   88   88    1    1    1    1    1    1    1    1  8.03397E+12 0.00846 
   89   89    1    1    1    1    1    1    1    1  4.49065E+12 0.01431 
   90   90    1    1    1    1    1    1    1    1  3.04297E+12 0.02219 
   91   91    1    1    1    1    1    1    1    1  1.56995E+12 0.01497 
   92   92    1    1    1    1    1    1    1    1  7.67837E+11 0.03318 
   93   93    1    1    1    1    1    1    1    1  3.83274E+11 0.04937 
   94   94    1    1    1    1    1    1    1    1  1.83897E+11 0.08105 
   95   95    1    1    1    1    1    1    1    1  9.07738E+10 0.11524 
   96   96    1    1    1    1    1    1    1    1  3.88935E+10 0.13288 
   97   97    1    1    1    1    1    1    1    1  1.75063E+10 0.26504 
   98   98    1    1    1    1    1    1    1    1  1.05335E+10 0.31002 
   99   99    1    1    1    1    1    1    1    1  5.14945E+09 0.37337 
  100  100    1    1    1    1    1    1    1    1  3.22912E+09 0.49484 
];


