
DETdpaspec = [
    1    1    1    1    1    1    1    1    1    1  0.00000E+00 0.00000 
    2    2    1    1    1    1    1    1    1    1  0.00000E+00 0.00000 
    3    3    1    1    1    1    1    1    1    1  0.00000E+00 0.00000 
    4    4    1    1    1    1    1    1    1    1  0.00000E+00 0.00000 
    5    5    1    1    1    1    1    1    1    1  0.00000E+00 0.00000 
    6    6    1    1    1    1    1    1    1    1  0.00000E+00 0.00000 
    7    7    1    1    1    1    1    1    1    1  0.00000E+00 0.00000 
    8    8    1    1    1    1    1    1    1    1  2.40092E+07 1.00000 
    9    9    1    1    1    1    1    1    1    1  2.58740E+07 1.00000 
   10   10    1    1    1    1    1    1    1    1  9.40650E+07 1.00000 
   11   11    1    1    1    1    1    1    1    1  3.66388E+08 0.58516 
   12   12    1    1    1    1    1    1    1    1  8.54988E+07 0.82675 
   13   13    1    1    1    1    1    1    1    1  6.68621E+08 0.90423 
   14   14    1    1    1    1    1    1    1    1  1.90633E+09 0.45550 
   15   15    1    1    1    1    1    1    1    1  4.18634E+09 0.42330 
   16   16    1    1    1    1    1    1    1    1  2.31448E+09 0.35686 
   17   17    1    1    1    1    1    1    1    1  2.17283E+09 0.33531 
   18   18    1    1    1    1    1    1    1    1  1.33834E+10 0.23285 
   19   19    1    1    1    1    1    1    1    1  9.90618E+09 0.17697 
   20   20    1    1    1    1    1    1    1    1  3.01904E+10 0.13547 
   21   21    1    1    1    1    1    1    1    1  2.84229E+10 0.12319 
   22   22    1    1    1    1    1    1    1    1  7.56560E+10 0.07949 
   23   23    1    1    1    1    1    1    1    1  1.35566E+11 0.05804 
   24   24    1    1    1    1    1    1    1    1  2.27039E+11 0.04759 
   25   25    1    1    1    1    1    1    1    1  3.07804E+11 0.04214 
   26   26    1    1    1    1    1    1    1    1  5.65481E+11 0.03399 
   27   27    1    1    1    1    1    1    1    1  1.12469E+12 0.02986 
   28   28    1    1    1    1    1    1    1    1  2.16758E+12 0.01667 
   29   29    1    1    1    1    1    1    1    1  2.83464E+12 0.01576 
   30   30    1    1    1    1    1    1    1    1  7.59396E+12 0.01006 
   31   31    1    1    1    1    1    1    1    1  1.76470E+13 0.00732 
   32   32    1    1    1    1    1    1    1    1  2.62211E+13 0.00600 
   33   33    1    1    1    1    1    1    1    1  5.04211E+13 0.00522 
   34   34    1    1    1    1    1    1    1    1  5.60946E+13 0.00577 
   35   35    1    1    1    1    1    1    1    1  8.16002E+13 0.00546 
   36   36    1    1    1    1    1    1    1    1  6.36637E+13 0.00618 
   37   37    1    1    1    1    1    1    1    1  2.01837E+13 0.00661 
   38   38    1    1    1    1    1    1    1    1  9.56338E+13 0.00562 
   39   39    1    1    1    1    1    1    1    1  1.16664E+14 0.00535 
   40   40    1    1    1    1    1    1    1    1  1.89363E+14 0.00522 
   41   41    1    1    1    1    1    1    1    1  1.83668E+14 0.00492 
   42   42    1    1    1    1    1    1    1    1  3.25602E+14 0.00483 
   43   43    1    1    1    1    1    1    1    1  3.52822E+14 0.00481 
   44   44    1    1    1    1    1    1    1    1  4.52614E+14 0.00452 
   45   45    1    1    1    1    1    1    1    1  7.87533E+14 0.00442 
   46   46    1    1    1    1    1    1    1    1  4.07514E+14 0.00510 
   47   47    1    1    1    1    1    1    1    1  5.89900E+14 0.00507 
   48   48    1    1    1    1    1    1    1    1  8.11257E+14 0.00474 
   49   49    1    1    1    1    1    1    1    1  7.40236E+14 0.00513 
   50   50    1    1    1    1    1    1    1    1  1.11102E+15 0.00507 
   51   51    1    1    1    1    1    1    1    1  8.78177E+14 0.00538 
   52   52    1    1    1    1    1    1    1    1  9.77194E+14 0.00520 
   53   53    1    1    1    1    1    1    1    1  6.95162E+14 0.00573 
   54   54    1    1    1    1    1    1    1    1  8.25383E+14 0.00534 
   55   55    1    1    1    1    1    1    1    1  5.84680E+14 0.00515 
   56   56    1    1    1    1    1    1    1    1  8.09895E+13 0.00539 
   57   57    1    1    1    1    1    1    1    1  1.13385E+15 0.00534 
   58   58    1    1    1    1    1    1    1    1  4.84976E+14 0.00533 
   59   59    1    1    1    1    1    1    1    1  5.28459E+14 0.00508 
   60   60    1    1    1    1    1    1    1    1  4.09086E+14 0.00576 
   61   61    1    1    1    1    1    1    1    1  4.09058E+14 0.00524 
   62   62    1    1    1    1    1    1    1    1  4.08430E+14 0.00529 
   63   63    1    1    1    1    1    1    1    1  3.37361E+14 0.00574 
   64   64    1    1    1    1    1    1    1    1  2.64657E+14 0.00605 
   65   65    1    1    1    1    1    1    1    1  2.59145E+14 0.00573 
   66   66    1    1    1    1    1    1    1    1  2.04467E+14 0.00603 
   67   67    1    1    1    1    1    1    1    1  1.68468E+14 0.00575 
   68   68    1    1    1    1    1    1    1    1  1.49322E+14 0.00574 
   69   69    1    1    1    1    1    1    1    1  1.80846E+14 0.00581 
   70   70    1    1    1    1    1    1    1    1  1.55441E+14 0.00650 
   71   71    1    1    1    1    1    1    1    1  2.94239E+14 0.00550 
   72   72    1    1    1    1    1    1    1    1  2.14784E+14 0.00567 
   73   73    1    1    1    1    1    1    1    1  1.64254E+14 0.00550 
   74   74    1    1    1    1    1    1    1    1  1.30233E+14 0.00588 
   75   75    1    1    1    1    1    1    1    1  1.05074E+14 0.00577 
   76   76    1    1    1    1    1    1    1    1  1.17630E+14 0.00599 
   77   77    1    1    1    1    1    1    1    1  9.04120E+13 0.00579 
   78   78    1    1    1    1    1    1    1    1  6.91228E+13 0.00682 
   79   79    1    1    1    1    1    1    1    1  7.05117E+13 0.00621 
   80   80    1    1    1    1    1    1    1    1  5.22423E+13 0.00760 
   81   81    1    1    1    1    1    1    1    1  3.96679E+13 0.00631 
   82   82    1    1    1    1    1    1    1    1  3.09737E+13 0.00711 
   83   83    1    1    1    1    1    1    1    1  2.88281E+13 0.00681 
   84   84    1    1    1    1    1    1    1    1  2.04589E+13 0.00899 
   85   85    1    1    1    1    1    1    1    1  1.50042E+13 0.00921 
   86   86    1    1    1    1    1    1    1    1  1.38899E+13 0.01018 
   87   87    1    1    1    1    1    1    1    1  8.56078E+12 0.01231 
   88   88    1    1    1    1    1    1    1    1  5.88860E+12 0.01889 
   89   89    1    1    1    1    1    1    1    1  3.31146E+12 0.01774 
   90   90    1    1    1    1    1    1    1    1  2.32373E+12 0.02712 
   91   91    1    1    1    1    1    1    1    1  1.12502E+12 0.03139 
   92   92    1    1    1    1    1    1    1    1  5.58913E+11 0.05159 
   93   93    1    1    1    1    1    1    1    1  2.65628E+11 0.06791 
   94   94    1    1    1    1    1    1    1    1  1.29533E+11 0.07918 
   95   95    1    1    1    1    1    1    1    1  4.60036E+10 0.13793 
   96   96    1    1    1    1    1    1    1    1  3.23303E+10 0.16342 
   97   97    1    1    1    1    1    1    1    1  1.12472E+10 0.39638 
   98   98    1    1    1    1    1    1    1    1  8.52464E+09 0.40903 
   99   99    1    1    1    1    1    1    1    1  3.96774E+08 1.00000 
  100  100    1    1    1    1    1    1    1    1  4.14959E+09 0.46895 
];


