
DETdpaspec = [
    1    1    1    1    1    1    1    1    1    1  0.00000E+00 0.00000 
    2    2    1    1    1    1    1    1    1    1  0.00000E+00 0.00000 
    3    3    1    1    1    1    1    1    1    1  0.00000E+00 0.00000 
    4    4    1    1    1    1    1    1    1    1  1.26908E+07 1.00000 
    5    5    1    1    1    1    1    1    1    1  0.00000E+00 0.00000 
    6    6    1    1    1    1    1    1    1    1  0.00000E+00 0.00000 
    7    7    1    1    1    1    1    1    1    1  4.20088E+07 0.68864 
    8    8    1    1    1    1    1    1    1    1  4.46080E+07 0.68825 
    9    9    1    1    1    1    1    1    1    1  2.44735E+07 0.69667 
   10   10    1    1    1    1    1    1    1    1  2.62731E+08 0.40388 
   11   11    1    1    1    1    1    1    1    1  6.52943E+08 0.47605 
   12   12    1    1    1    1    1    1    1    1  1.86949E+08 0.46341 
   13   13    1    1    1    1    1    1    1    1  3.70771E+09 0.27266 
   14   14    1    1    1    1    1    1    1    1  7.43755E+09 0.25972 
   15   15    1    1    1    1    1    1    1    1  1.04091E+10 0.24687 
   16   16    1    1    1    1    1    1    1    1  2.87487E+09 0.24728 
   17   17    1    1    1    1    1    1    1    1  4.22512E+09 0.19254 
   18   18    1    1    1    1    1    1    1    1  1.83865E+10 0.17086 
   19   19    1    1    1    1    1    1    1    1  2.84732E+10 0.09466 
   20   20    1    1    1    1    1    1    1    1  7.01572E+10 0.06820 
   21   21    1    1    1    1    1    1    1    1  5.36533E+10 0.09610 
   22   22    1    1    1    1    1    1    1    1  1.28781E+11 0.05270 
   23   23    1    1    1    1    1    1    1    1  2.18563E+11 0.05978 
   24   24    1    1    1    1    1    1    1    1  3.44639E+11 0.02915 
   25   25    1    1    1    1    1    1    1    1  4.94137E+11 0.04030 
   26   26    1    1    1    1    1    1    1    1  1.03094E+12 0.02974 
   27   27    1    1    1    1    1    1    1    1  2.12011E+12 0.01531 
   28   28    1    1    1    1    1    1    1    1  4.51919E+12 0.01070 
   29   29    1    1    1    1    1    1    1    1  6.20605E+12 0.00947 
   30   30    1    1    1    1    1    1    1    1  1.65113E+13 0.00887 
   31   31    1    1    1    1    1    1    1    1  3.99295E+13 0.00391 
   32   32    1    1    1    1    1    1    1    1  6.00931E+13 0.00429 
   33   33    1    1    1    1    1    1    1    1  1.17948E+14 0.00334 
   34   34    1    1    1    1    1    1    1    1  1.35126E+14 0.00240 
   35   35    1    1    1    1    1    1    1    1  1.93449E+14 0.00201 
   36   36    1    1    1    1    1    1    1    1  1.51152E+14 0.00194 
   37   37    1    1    1    1    1    1    1    1  4.78169E+13 0.00263 
   38   38    1    1    1    1    1    1    1    1  2.30312E+14 0.00250 
   39   39    1    1    1    1    1    1    1    1  2.83319E+14 0.00200 
   40   40    1    1    1    1    1    1    1    1  4.66547E+14 0.00222 
   41   41    1    1    1    1    1    1    1    1  4.52740E+14 0.00190 
   42   42    1    1    1    1    1    1    1    1  8.17799E+14 0.00176 
   43   43    1    1    1    1    1    1    1    1  8.92640E+14 0.00162 
   44   44    1    1    1    1    1    1    1    1  1.15385E+15 0.00166 
   45   45    1    1    1    1    1    1    1    1  2.03806E+15 0.00153 
   46   46    1    1    1    1    1    1    1    1  1.06077E+15 0.00160 
   47   47    1    1    1    1    1    1    1    1  1.53570E+15 0.00147 
   48   48    1    1    1    1    1    1    1    1  2.12930E+15 0.00138 
   49   49    1    1    1    1    1    1    1    1  1.93482E+15 0.00165 
   50   50    1    1    1    1    1    1    1    1  2.94320E+15 0.00157 
   51   51    1    1    1    1    1    1    1    1  2.32463E+15 0.00138 
   52   52    1    1    1    1    1    1    1    1  2.61141E+15 0.00137 
   53   53    1    1    1    1    1    1    1    1  1.85858E+15 0.00138 
   54   54    1    1    1    1    1    1    1    1  2.22727E+15 0.00184 
   55   55    1    1    1    1    1    1    1    1  1.57788E+15 0.00153 
   56   56    1    1    1    1    1    1    1    1  2.18221E+14 0.00215 
   57   57    1    1    1    1    1    1    1    1  3.06197E+15 0.00200 
   58   58    1    1    1    1    1    1    1    1  1.32410E+15 0.00186 
   59   59    1    1    1    1    1    1    1    1  1.44323E+15 0.00158 
   60   60    1    1    1    1    1    1    1    1  1.12665E+15 0.00163 
   61   61    1    1    1    1    1    1    1    1  1.12443E+15 0.00155 
   62   62    1    1    1    1    1    1    1    1  1.12853E+15 0.00194 
   63   63    1    1    1    1    1    1    1    1  9.36726E+14 0.00179 
   64   64    1    1    1    1    1    1    1    1  7.36490E+14 0.00191 
   65   65    1    1    1    1    1    1    1    1  7.22695E+14 0.00199 
   66   66    1    1    1    1    1    1    1    1  5.70795E+14 0.00177 
   67   67    1    1    1    1    1    1    1    1  4.70511E+14 0.00213 
   68   68    1    1    1    1    1    1    1    1  4.16961E+14 0.00195 
   69   69    1    1    1    1    1    1    1    1  5.04834E+14 0.00163 
   70   70    1    1    1    1    1    1    1    1  4.31474E+14 0.00240 
   71   71    1    1    1    1    1    1    1    1  8.14292E+14 0.00191 
   72   72    1    1    1    1    1    1    1    1  5.92219E+14 0.00189 
   73   73    1    1    1    1    1    1    1    1  4.54824E+14 0.00235 
   74   74    1    1    1    1    1    1    1    1  3.63706E+14 0.00253 
   75   75    1    1    1    1    1    1    1    1  2.94639E+14 0.00254 
   76   76    1    1    1    1    1    1    1    1  3.32601E+14 0.00227 
   77   77    1    1    1    1    1    1    1    1  2.57633E+14 0.00268 
   78   78    1    1    1    1    1    1    1    1  1.98494E+14 0.00275 
   79   79    1    1    1    1    1    1    1    1  2.03399E+14 0.00283 
   80   80    1    1    1    1    1    1    1    1  1.51693E+14 0.00259 
   81   81    1    1    1    1    1    1    1    1  1.15745E+14 0.00263 
   82   82    1    1    1    1    1    1    1    1  8.93769E+13 0.00461 
   83   83    1    1    1    1    1    1    1    1  8.35936E+13 0.00410 
   84   84    1    1    1    1    1    1    1    1  5.97581E+13 0.00422 
   85   85    1    1    1    1    1    1    1    1  4.29456E+13 0.00277 
   86   86    1    1    1    1    1    1    1    1  4.06658E+13 0.00484 
   87   87    1    1    1    1    1    1    1    1  2.47310E+13 0.00604 
   88   88    1    1    1    1    1    1    1    1  1.68285E+13 0.00640 
   89   89    1    1    1    1    1    1    1    1  9.69557E+12 0.00920 
   90   90    1    1    1    1    1    1    1    1  6.61718E+12 0.01402 
   91   91    1    1    1    1    1    1    1    1  3.23868E+12 0.01701 
   92   92    1    1    1    1    1    1    1    1  1.60306E+12 0.02322 
   93   93    1    1    1    1    1    1    1    1  7.77895E+11 0.02640 
   94   94    1    1    1    1    1    1    1    1  3.96425E+11 0.04306 
   95   95    1    1    1    1    1    1    1    1  1.65195E+11 0.05936 
   96   96    1    1    1    1    1    1    1    1  9.43196E+10 0.12604 
   97   97    1    1    1    1    1    1    1    1  5.24326E+10 0.15101 
   98   98    1    1    1    1    1    1    1    1  1.55636E+10 0.23297 
   99   99    1    1    1    1    1    1    1    1  7.49184E+09 0.29068 
  100  100    1    1    1    1    1    1    1    1  4.73233E+09 0.46120 
];


