
DETdpaspec = [
    1    1    1    1    1    1    1    1    1    1  0.00000E+00 0.00000 
    2    2    1    1    1    1    1    1    1    1  0.00000E+00 0.00000 
    3    3    1    1    1    1    1    1    1    1  0.00000E+00 0.00000 
    4    4    1    1    1    1    1    1    1    1  1.37839E+07 1.00000 
    5    5    1    1    1    1    1    1    1    1  0.00000E+00 0.00000 
    6    6    1    1    1    1    1    1    1    1  1.28648E+07 1.00000 
    7    7    1    1    1    1    1    1    1    1  0.00000E+00 0.00000 
    8    8    1    1    1    1    1    1    1    1  0.00000E+00 0.00000 
    9    9    1    1    1    1    1    1    1    1  6.09842E+07 0.83065 
   10   10    1    1    1    1    1    1    1    1  5.96621E+07 1.00000 
   11   11    1    1    1    1    1    1    1    1  1.83652E+08 0.74916 
   12   12    1    1    1    1    1    1    1    1  2.10556E+08 0.40380 
   13   13    1    1    1    1    1    1    1    1  2.28837E+09 0.39084 
   14   14    1    1    1    1    1    1    1    1  4.44813E+09 0.40555 
   15   15    1    1    1    1    1    1    1    1  6.90586E+09 0.38769 
   16   16    1    1    1    1    1    1    1    1  5.05881E+09 0.22700 
   17   17    1    1    1    1    1    1    1    1  7.18680E+09 0.22456 
   18   18    1    1    1    1    1    1    1    1  1.61208E+10 0.16653 
   19   19    1    1    1    1    1    1    1    1  2.48389E+10 0.10726 
   20   20    1    1    1    1    1    1    1    1  7.15784E+10 0.09308 
   21   21    1    1    1    1    1    1    1    1  5.78884E+10 0.08378 
   22   22    1    1    1    1    1    1    1    1  1.64667E+11 0.05550 
   23   23    1    1    1    1    1    1    1    1  2.46338E+11 0.04294 
   24   24    1    1    1    1    1    1    1    1  4.75648E+11 0.03169 
   25   25    1    1    1    1    1    1    1    1  7.10917E+11 0.03450 
   26   26    1    1    1    1    1    1    1    1  1.49284E+12 0.02288 
   27   27    1    1    1    1    1    1    1    1  3.23822E+12 0.01769 
   28   28    1    1    1    1    1    1    1    1  7.54965E+12 0.00975 
   29   29    1    1    1    1    1    1    1    1  1.11333E+13 0.00560 
   30   30    1    1    1    1    1    1    1    1  2.75880E+13 0.00413 
   31   31    1    1    1    1    1    1    1    1  6.62760E+13 0.00331 
   32   32    1    1    1    1    1    1    1    1  1.00197E+14 0.00345 
   33   33    1    1    1    1    1    1    1    1  1.99063E+14 0.00243 
   34   34    1    1    1    1    1    1    1    1  2.35942E+14 0.00209 
   35   35    1    1    1    1    1    1    1    1  3.25079E+14 0.00152 
   36   36    1    1    1    1    1    1    1    1  2.53267E+14 0.00154 
   37   37    1    1    1    1    1    1    1    1  7.88428E+13 0.00147 
   38   38    1    1    1    1    1    1    1    1  3.87370E+14 0.00153 
   39   39    1    1    1    1    1    1    1    1  4.78457E+14 0.00160 
   40   40    1    1    1    1    1    1    1    1  7.99388E+14 0.00165 
   41   41    1    1    1    1    1    1    1    1  7.67703E+14 0.00149 
   42   42    1    1    1    1    1    1    1    1  1.40932E+15 0.00149 
   43   43    1    1    1    1    1    1    1    1  1.54916E+15 0.00165 
   44   44    1    1    1    1    1    1    1    1  2.02067E+15 0.00153 
   45   45    1    1    1    1    1    1    1    1  3.61417E+15 0.00150 
   46   46    1    1    1    1    1    1    1    1  1.89482E+15 0.00130 
   47   47    1    1    1    1    1    1    1    1  2.73413E+15 0.00130 
   48   48    1    1    1    1    1    1    1    1  3.82121E+15 0.00130 
   49   49    1    1    1    1    1    1    1    1  3.47848E+15 0.00125 
   50   50    1    1    1    1    1    1    1    1  5.37034E+15 0.00107 
   51   51    1    1    1    1    1    1    1    1  4.22673E+15 0.00114 
   52   52    1    1    1    1    1    1    1    1  4.82240E+15 0.00103 
   53   53    1    1    1    1    1    1    1    1  3.43432E+15 0.00109 
   54   54    1    1    1    1    1    1    1    1  4.17705E+15 0.00122 
   55   55    1    1    1    1    1    1    1    1  2.96220E+15 0.00117 
   56   56    1    1    1    1    1    1    1    1  4.08338E+14 0.00131 
   57   57    1    1    1    1    1    1    1    1  5.76171E+15 0.00109 
   58   58    1    1    1    1    1    1    1    1  2.53473E+15 0.00130 
   59   59    1    1    1    1    1    1    1    1  2.75841E+15 0.00130 
   60   60    1    1    1    1    1    1    1    1  2.18383E+15 0.00144 
   61   61    1    1    1    1    1    1    1    1  2.18326E+15 0.00140 
   62   62    1    1    1    1    1    1    1    1  2.19922E+15 0.00123 
   63   63    1    1    1    1    1    1    1    1  1.83874E+15 0.00139 
   64   64    1    1    1    1    1    1    1    1  1.44870E+15 0.00154 
   65   65    1    1    1    1    1    1    1    1  1.42342E+15 0.00156 
   66   66    1    1    1    1    1    1    1    1  1.12736E+15 0.00142 
   67   67    1    1    1    1    1    1    1    1  9.27262E+14 0.00128 
   68   68    1    1    1    1    1    1    1    1  8.19161E+14 0.00171 
   69   69    1    1    1    1    1    1    1    1  9.95841E+14 0.00135 
   70   70    1    1    1    1    1    1    1    1  8.53277E+14 0.00142 
   71   71    1    1    1    1    1    1    1    1  1.59733E+15 0.00122 
   72   72    1    1    1    1    1    1    1    1  1.16232E+15 0.00143 
   73   73    1    1    1    1    1    1    1    1  8.96266E+14 0.00171 
   74   74    1    1    1    1    1    1    1    1  7.21477E+14 0.00142 
   75   75    1    1    1    1    1    1    1    1  5.92325E+14 0.00201 
   76   76    1    1    1    1    1    1    1    1  6.76801E+14 0.00148 
   77   77    1    1    1    1    1    1    1    1  5.27922E+14 0.00150 
   78   78    1    1    1    1    1    1    1    1  4.08757E+14 0.00193 
   79   79    1    1    1    1    1    1    1    1  4.21480E+14 0.00228 
   80   80    1    1    1    1    1    1    1    1  3.13058E+14 0.00191 
   81   81    1    1    1    1    1    1    1    1  2.42417E+14 0.00204 
   82   82    1    1    1    1    1    1    1    1  1.86464E+14 0.00373 
   83   83    1    1    1    1    1    1    1    1  1.74563E+14 0.00346 
   84   84    1    1    1    1    1    1    1    1  1.25176E+14 0.00287 
   85   85    1    1    1    1    1    1    1    1  9.01223E+13 0.00352 
   86   86    1    1    1    1    1    1    1    1  8.46031E+13 0.00302 
   87   87    1    1    1    1    1    1    1    1  5.23835E+13 0.00453 
   88   88    1    1    1    1    1    1    1    1  3.52536E+13 0.00512 
   89   89    1    1    1    1    1    1    1    1  2.01527E+13 0.00458 
   90   90    1    1    1    1    1    1    1    1  1.34145E+13 0.00742 
   91   91    1    1    1    1    1    1    1    1  6.82175E+12 0.00950 
   92   92    1    1    1    1    1    1    1    1  3.34251E+12 0.01935 
   93   93    1    1    1    1    1    1    1    1  1.58649E+12 0.02558 
   94   94    1    1    1    1    1    1    1    1  8.04723E+11 0.02872 
   95   95    1    1    1    1    1    1    1    1  3.60774E+11 0.05846 
   96   96    1    1    1    1    1    1    1    1  1.84454E+11 0.07825 
   97   97    1    1    1    1    1    1    1    1  1.00118E+11 0.08592 
   98   98    1    1    1    1    1    1    1    1  4.21246E+10 0.12834 
   99   99    1    1    1    1    1    1    1    1  2.02296E+10 0.21726 
  100  100    1    1    1    1    1    1    1    1  2.65145E+10 0.19686 
];


