
DETdpaspec = [
    1    1    1    1    1    1    1    1    1    1  0.00000E+00 0.00000 
    2    2    1    1    1    1    1    1    1    1  0.00000E+00 0.00000 
    3    3    1    1    1    1    1    1    1    1  0.00000E+00 0.00000 
    4    4    1    1    1    1    1    1    1    1  0.00000E+00 0.00000 
    5    5    1    1    1    1    1    1    1    1  0.00000E+00 0.00000 
    6    6    1    1    1    1    1    1    1    1  1.16835E+07 1.00000 
    7    7    1    1    1    1    1    1    1    1  0.00000E+00 0.00000 
    8    8    1    1    1    1    1    1    1    1  0.00000E+00 0.00000 
    9    9    1    1    1    1    1    1    1    1  0.00000E+00 0.00000 
   10   10    1    1    1    1    1    1    1    1  1.83497E+08 0.73043 
   11   11    1    1    1    1    1    1    1    1  4.07041E+08 0.50304 
   12   12    1    1    1    1    1    1    1    1  9.61402E+07 0.55925 
   13   13    1    1    1    1    1    1    1    1  1.22088E+09 0.37055 
   14   14    1    1    1    1    1    1    1    1  4.84539E+09 0.35104 
   15   15    1    1    1    1    1    1    1    1  5.47033E+09 0.33194 
   16   16    1    1    1    1    1    1    1    1  1.98830E+09 0.29458 
   17   17    1    1    1    1    1    1    1    1  3.87919E+09 0.15663 
   18   18    1    1    1    1    1    1    1    1  1.36782E+10 0.14664 
   19   19    1    1    1    1    1    1    1    1  1.25577E+10 0.14459 
   20   20    1    1    1    1    1    1    1    1  3.20639E+10 0.14290 
   21   21    1    1    1    1    1    1    1    1  3.49101E+10 0.11503 
   22   22    1    1    1    1    1    1    1    1  1.02699E+11 0.05422 
   23   23    1    1    1    1    1    1    1    1  1.21325E+11 0.07048 
   24   24    1    1    1    1    1    1    1    1  1.98437E+11 0.05296 
   25   25    1    1    1    1    1    1    1    1  2.98396E+11 0.03752 
   26   26    1    1    1    1    1    1    1    1  5.78256E+11 0.03281 
   27   27    1    1    1    1    1    1    1    1  1.13604E+12 0.02442 
   28   28    1    1    1    1    1    1    1    1  2.16401E+12 0.01514 
   29   29    1    1    1    1    1    1    1    1  2.82078E+12 0.01500 
   30   30    1    1    1    1    1    1    1    1  7.68356E+12 0.01342 
   31   31    1    1    1    1    1    1    1    1  1.81637E+13 0.01058 
   32   32    1    1    1    1    1    1    1    1  2.66072E+13 0.00808 
   33   33    1    1    1    1    1    1    1    1  5.09466E+13 0.00840 
   34   34    1    1    1    1    1    1    1    1  5.70661E+13 0.00739 
   35   35    1    1    1    1    1    1    1    1  8.31165E+13 0.00565 
   36   36    1    1    1    1    1    1    1    1  6.47295E+13 0.00563 
   37   37    1    1    1    1    1    1    1    1  2.05569E+13 0.00685 
   38   38    1    1    1    1    1    1    1    1  9.73075E+13 0.00563 
   39   39    1    1    1    1    1    1    1    1  1.19090E+14 0.00645 
   40   40    1    1    1    1    1    1    1    1  1.93014E+14 0.00537 
   41   41    1    1    1    1    1    1    1    1  1.87659E+14 0.00596 
   42   42    1    1    1    1    1    1    1    1  3.34241E+14 0.00631 
   43   43    1    1    1    1    1    1    1    1  3.61857E+14 0.00592 
   44   44    1    1    1    1    1    1    1    1  4.65007E+14 0.00605 
   45   45    1    1    1    1    1    1    1    1  8.09078E+14 0.00587 
   46   46    1    1    1    1    1    1    1    1  4.18215E+14 0.00631 
   47   47    1    1    1    1    1    1    1    1  6.05707E+14 0.00589 
   48   48    1    1    1    1    1    1    1    1  8.33096E+14 0.00573 
   49   49    1    1    1    1    1    1    1    1  7.57896E+14 0.00590 
   50   50    1    1    1    1    1    1    1    1  1.13717E+15 0.00621 
   51   51    1    1    1    1    1    1    1    1  8.97991E+14 0.00653 
   52   52    1    1    1    1    1    1    1    1  9.98574E+14 0.00603 
   53   53    1    1    1    1    1    1    1    1  7.08891E+14 0.00588 
   54   54    1    1    1    1    1    1    1    1  8.43241E+14 0.00621 
   55   55    1    1    1    1    1    1    1    1  5.97417E+14 0.00660 
   56   56    1    1    1    1    1    1    1    1  8.26838E+13 0.00616 
   57   57    1    1    1    1    1    1    1    1  1.15701E+15 0.00632 
   58   58    1    1    1    1    1    1    1    1  4.93960E+14 0.00600 
   59   59    1    1    1    1    1    1    1    1  5.37739E+14 0.00632 
   60   60    1    1    1    1    1    1    1    1  4.15784E+14 0.00606 
   61   61    1    1    1    1    1    1    1    1  4.16816E+14 0.00615 
   62   62    1    1    1    1    1    1    1    1  4.16481E+14 0.00649 
   63   63    1    1    1    1    1    1    1    1  3.44917E+14 0.00651 
   64   64    1    1    1    1    1    1    1    1  2.69895E+14 0.00671 
   65   65    1    1    1    1    1    1    1    1  2.64775E+14 0.00637 
   66   66    1    1    1    1    1    1    1    1  2.08335E+14 0.00696 
   67   67    1    1    1    1    1    1    1    1  1.71546E+14 0.00697 
   68   68    1    1    1    1    1    1    1    1  1.52140E+14 0.00718 
   69   69    1    1    1    1    1    1    1    1  1.83865E+14 0.00760 
   70   70    1    1    1    1    1    1    1    1  1.58254E+14 0.00880 
   71   71    1    1    1    1    1    1    1    1  2.98601E+14 0.00676 
   72   72    1    1    1    1    1    1    1    1  2.17947E+14 0.00733 
   73   73    1    1    1    1    1    1    1    1  1.66588E+14 0.00677 
   74   74    1    1    1    1    1    1    1    1  1.31698E+14 0.00742 
   75   75    1    1    1    1    1    1    1    1  1.06042E+14 0.00753 
   76   76    1    1    1    1    1    1    1    1  1.18946E+14 0.00766 
   77   77    1    1    1    1    1    1    1    1  9.14854E+13 0.00646 
   78   78    1    1    1    1    1    1    1    1  7.01144E+13 0.00865 
   79   79    1    1    1    1    1    1    1    1  7.14739E+13 0.00755 
   80   80    1    1    1    1    1    1    1    1  5.30619E+13 0.00684 
   81   81    1    1    1    1    1    1    1    1  4.09892E+13 0.00745 
   82   82    1    1    1    1    1    1    1    1  3.12801E+13 0.00769 
   83   83    1    1    1    1    1    1    1    1  2.91269E+13 0.00970 
   84   84    1    1    1    1    1    1    1    1  2.08668E+13 0.00849 
   85   85    1    1    1    1    1    1    1    1  1.51356E+13 0.00974 
   86   86    1    1    1    1    1    1    1    1  1.42224E+13 0.00908 
   87   87    1    1    1    1    1    1    1    1  8.77141E+12 0.00979 
   88   88    1    1    1    1    1    1    1    1  5.97515E+12 0.01663 
   89   89    1    1    1    1    1    1    1    1  3.37849E+12 0.01764 
   90   90    1    1    1    1    1    1    1    1  2.21791E+12 0.02198 
   91   91    1    1    1    1    1    1    1    1  1.10761E+12 0.02915 
   92   92    1    1    1    1    1    1    1    1  5.58962E+11 0.02843 
   93   93    1    1    1    1    1    1    1    1  2.79837E+11 0.05602 
   94   94    1    1    1    1    1    1    1    1  1.21720E+11 0.09168 
   95   95    1    1    1    1    1    1    1    1  7.45266E+10 0.12491 
   96   96    1    1    1    1    1    1    1    1  2.63958E+10 0.17236 
   97   97    1    1    1    1    1    1    1    1  2.33735E+10 0.26540 
   98   98    1    1    1    1    1    1    1    1  7.99994E+09 0.26222 
   99   99    1    1    1    1    1    1    1    1  2.42384E+09 0.35049 
  100  100    1    1    1    1    1    1    1    1  2.07793E+09 0.70063 
];


