
DETdpaspec = [
    1    1    1    1    1    1    1    1    1    1  0.00000E+00 0.00000 
    2    2    1    1    1    1    1    1    1    1  0.00000E+00 0.00000 
    3    3    1    1    1    1    1    1    1    1  0.00000E+00 0.00000 
    4    4    1    1    1    1    1    1    1    1  0.00000E+00 0.00000 
    5    5    1    1    1    1    1    1    1    1  0.00000E+00 0.00000 
    6    6    1    1    1    1    1    1    1    1  0.00000E+00 0.00000 
    7    7    1    1    1    1    1    1    1    1  0.00000E+00 0.00000 
    8    8    1    1    1    1    1    1    1    1  0.00000E+00 0.00000 
    9    9    1    1    1    1    1    1    1    1  1.55891E+07 1.00000 
   10   10    1    1    1    1    1    1    1    1  0.00000E+00 0.00000 
   11   11    1    1    1    1    1    1    1    1  2.13034E+08 0.54876 
   12   12    1    1    1    1    1    1    1    1  6.43318E+07 0.59614 
   13   13    1    1    1    1    1    1    1    1  9.30327E+08 0.57606 
   14   14    1    1    1    1    1    1    1    1  2.02690E+09 0.31959 
   15   15    1    1    1    1    1    1    1    1  7.86797E+09 0.26810 
   16   16    1    1    1    1    1    1    1    1  2.33416E+09 0.23705 
   17   17    1    1    1    1    1    1    1    1  2.79924E+09 0.30539 
   18   18    1    1    1    1    1    1    1    1  1.10778E+10 0.17549 
   19   19    1    1    1    1    1    1    1    1  1.28450E+10 0.20551 
   20   20    1    1    1    1    1    1    1    1  3.91775E+10 0.11315 
   21   21    1    1    1    1    1    1    1    1  3.74058E+10 0.12653 
   22   22    1    1    1    1    1    1    1    1  7.59785E+10 0.04702 
   23   23    1    1    1    1    1    1    1    1  1.17926E+11 0.05928 
   24   24    1    1    1    1    1    1    1    1  2.10915E+11 0.04978 
   25   25    1    1    1    1    1    1    1    1  2.83763E+11 0.05494 
   26   26    1    1    1    1    1    1    1    1  5.18862E+11 0.03645 
   27   27    1    1    1    1    1    1    1    1  1.04442E+12 0.02835 
   28   28    1    1    1    1    1    1    1    1  2.13177E+12 0.01890 
   29   29    1    1    1    1    1    1    1    1  2.77165E+12 0.01539 
   30   30    1    1    1    1    1    1    1    1  7.43295E+12 0.01069 
   31   31    1    1    1    1    1    1    1    1  1.73115E+13 0.00638 
   32   32    1    1    1    1    1    1    1    1  2.61705E+13 0.00703 
   33   33    1    1    1    1    1    1    1    1  5.02898E+13 0.00567 
   34   34    1    1    1    1    1    1    1    1  5.61670E+13 0.00516 
   35   35    1    1    1    1    1    1    1    1  8.17884E+13 0.00502 
   36   36    1    1    1    1    1    1    1    1  6.39581E+13 0.00491 
   37   37    1    1    1    1    1    1    1    1  2.02814E+13 0.00428 
   38   38    1    1    1    1    1    1    1    1  9.60249E+13 0.00405 
   39   39    1    1    1    1    1    1    1    1  1.16964E+14 0.00399 
   40   40    1    1    1    1    1    1    1    1  1.89907E+14 0.00315 
   41   41    1    1    1    1    1    1    1    1  1.84771E+14 0.00316 
   42   42    1    1    1    1    1    1    1    1  3.29257E+14 0.00406 
   43   43    1    1    1    1    1    1    1    1  3.57453E+14 0.00439 
   44   44    1    1    1    1    1    1    1    1  4.58296E+14 0.00420 
   45   45    1    1    1    1    1    1    1    1  7.97557E+14 0.00407 
   46   46    1    1    1    1    1    1    1    1  4.13093E+14 0.00396 
   47   47    1    1    1    1    1    1    1    1  5.96356E+14 0.00439 
   48   48    1    1    1    1    1    1    1    1  8.20019E+14 0.00430 
   49   49    1    1    1    1    1    1    1    1  7.48172E+14 0.00430 
   50   50    1    1    1    1    1    1    1    1  1.12335E+15 0.00395 
   51   51    1    1    1    1    1    1    1    1  8.86413E+14 0.00383 
   52   52    1    1    1    1    1    1    1    1  9.85638E+14 0.00405 
   53   53    1    1    1    1    1    1    1    1  6.99443E+14 0.00392 
   54   54    1    1    1    1    1    1    1    1  8.32601E+14 0.00399 
   55   55    1    1    1    1    1    1    1    1  5.89717E+14 0.00420 
   56   56    1    1    1    1    1    1    1    1  8.15913E+13 0.00439 
   57   57    1    1    1    1    1    1    1    1  1.13903E+15 0.00395 
   58   58    1    1    1    1    1    1    1    1  4.85904E+14 0.00446 
   59   59    1    1    1    1    1    1    1    1  5.29547E+14 0.00393 
   60   60    1    1    1    1    1    1    1    1  4.09351E+14 0.00438 
   61   61    1    1    1    1    1    1    1    1  4.09949E+14 0.00459 
   62   62    1    1    1    1    1    1    1    1  4.09758E+14 0.00512 
   63   63    1    1    1    1    1    1    1    1  3.38611E+14 0.00455 
   64   64    1    1    1    1    1    1    1    1  2.65918E+14 0.00479 
   65   65    1    1    1    1    1    1    1    1  2.60466E+14 0.00468 
   66   66    1    1    1    1    1    1    1    1  2.04587E+14 0.00549 
   67   67    1    1    1    1    1    1    1    1  1.68720E+14 0.00459 
   68   68    1    1    1    1    1    1    1    1  1.49793E+14 0.00457 
   69   69    1    1    1    1    1    1    1    1  1.81515E+14 0.00577 
   70   70    1    1    1    1    1    1    1    1  1.55420E+14 0.00562 
   71   71    1    1    1    1    1    1    1    1  2.93410E+14 0.00487 
   72   72    1    1    1    1    1    1    1    1  2.14695E+14 0.00483 
   73   73    1    1    1    1    1    1    1    1  1.63773E+14 0.00452 
   74   74    1    1    1    1    1    1    1    1  1.29286E+14 0.00486 
   75   75    1    1    1    1    1    1    1    1  1.04796E+14 0.00533 
   76   76    1    1    1    1    1    1    1    1  1.17751E+14 0.00534 
   77   77    1    1    1    1    1    1    1    1  9.00008E+13 0.00547 
   78   78    1    1    1    1    1    1    1    1  6.93185E+13 0.00505 
   79   79    1    1    1    1    1    1    1    1  7.04431E+13 0.00495 
   80   80    1    1    1    1    1    1    1    1  5.19960E+13 0.00553 
   81   81    1    1    1    1    1    1    1    1  4.04898E+13 0.00630 
   82   82    1    1    1    1    1    1    1    1  3.08692E+13 0.00548 
   83   83    1    1    1    1    1    1    1    1  2.87086E+13 0.00761 
   84   84    1    1    1    1    1    1    1    1  2.05264E+13 0.00794 
   85   85    1    1    1    1    1    1    1    1  1.48393E+13 0.00741 
   86   86    1    1    1    1    1    1    1    1  1.38346E+13 0.01109 
   87   87    1    1    1    1    1    1    1    1  8.63579E+12 0.01143 
   88   88    1    1    1    1    1    1    1    1  6.05310E+12 0.01293 
   89   89    1    1    1    1    1    1    1    1  3.40507E+12 0.01567 
   90   90    1    1    1    1    1    1    1    1  2.24793E+12 0.02352 
   91   91    1    1    1    1    1    1    1    1  1.16718E+12 0.02929 
   92   92    1    1    1    1    1    1    1    1  5.44033E+11 0.04733 
   93   93    1    1    1    1    1    1    1    1  2.88885E+11 0.04205 
   94   94    1    1    1    1    1    1    1    1  1.06357E+11 0.07905 
   95   95    1    1    1    1    1    1    1    1  8.07745E+10 0.09706 
   96   96    1    1    1    1    1    1    1    1  3.66574E+10 0.19034 
   97   97    1    1    1    1    1    1    1    1  1.38981E+10 0.18919 
   98   98    1    1    1    1    1    1    1    1  5.24619E+09 0.30386 
   99   99    1    1    1    1    1    1    1    1  2.40616E+09 0.59268 
  100  100    1    1    1    1    1    1    1    1  3.21778E+09 0.63731 
];


