
DETdpaspec = [
    1    1    1    1    1    1    1    1    1    1  0.00000E+00 0.00000 
    2    2    1    1    1    1    1    1    1    1  0.00000E+00 0.00000 
    3    3    1    1    1    1    1    1    1    1  0.00000E+00 0.00000 
    4    4    1    1    1    1    1    1    1    1  1.22065E+07 1.00000 
    5    5    1    1    1    1    1    1    1    1  0.00000E+00 0.00000 
    6    6    1    1    1    1    1    1    1    1  0.00000E+00 0.00000 
    7    7    1    1    1    1    1    1    1    1  0.00000E+00 0.00000 
    8    8    1    1    1    1    1    1    1    1  6.00706E+07 0.76723 
    9    9    1    1    1    1    1    1    1    1  3.11660E+07 1.00000 
   10   10    1    1    1    1    1    1    1    1  1.74043E+08 0.72359 
   11   11    1    1    1    1    1    1    1    1  1.45942E+08 0.54765 
   12   12    1    1    1    1    1    1    1    1  1.19726E+08 0.46094 
   13   13    1    1    1    1    1    1    1    1  1.24160E+09 0.44215 
   14   14    1    1    1    1    1    1    1    1  5.74411E+09 0.34132 
   15   15    1    1    1    1    1    1    1    1  9.35900E+09 0.38961 
   16   16    1    1    1    1    1    1    1    1  3.68431E+09 0.23674 
   17   17    1    1    1    1    1    1    1    1  5.73114E+09 0.12168 
   18   18    1    1    1    1    1    1    1    1  1.74881E+10 0.18745 
   19   19    1    1    1    1    1    1    1    1  2.06233E+10 0.12119 
   20   20    1    1    1    1    1    1    1    1  6.84419E+10 0.10460 
   21   21    1    1    1    1    1    1    1    1  4.95037E+10 0.07523 
   22   22    1    1    1    1    1    1    1    1  1.30705E+11 0.04480 
   23   23    1    1    1    1    1    1    1    1  2.03203E+11 0.04264 
   24   24    1    1    1    1    1    1    1    1  3.53294E+11 0.04423 
   25   25    1    1    1    1    1    1    1    1  5.06726E+11 0.04084 
   26   26    1    1    1    1    1    1    1    1  1.01393E+12 0.03084 
   27   27    1    1    1    1    1    1    1    1  2.08746E+12 0.02026 
   28   28    1    1    1    1    1    1    1    1  4.49725E+12 0.01436 
   29   29    1    1    1    1    1    1    1    1  6.27087E+12 0.00704 
   30   30    1    1    1    1    1    1    1    1  1.68098E+13 0.00531 
   31   31    1    1    1    1    1    1    1    1  4.02686E+13 0.00438 
   32   32    1    1    1    1    1    1    1    1  6.05355E+13 0.00402 
   33   33    1    1    1    1    1    1    1    1  1.18194E+14 0.00265 
   34   34    1    1    1    1    1    1    1    1  1.35865E+14 0.00219 
   35   35    1    1    1    1    1    1    1    1  1.94622E+14 0.00135 
   36   36    1    1    1    1    1    1    1    1  1.52738E+14 0.00208 
   37   37    1    1    1    1    1    1    1    1  4.81899E+13 0.00200 
   38   38    1    1    1    1    1    1    1    1  2.32263E+14 0.00216 
   39   39    1    1    1    1    1    1    1    1  2.86241E+14 0.00185 
   40   40    1    1    1    1    1    1    1    1  4.71375E+14 0.00194 
   41   41    1    1    1    1    1    1    1    1  4.56860E+14 0.00179 
   42   42    1    1    1    1    1    1    1    1  8.26153E+14 0.00216 
   43   43    1    1    1    1    1    1    1    1  9.00331E+14 0.00230 
   44   44    1    1    1    1    1    1    1    1  1.16639E+15 0.00200 
   45   45    1    1    1    1    1    1    1    1  2.05710E+15 0.00227 
   46   46    1    1    1    1    1    1    1    1  1.07133E+15 0.00212 
   47   47    1    1    1    1    1    1    1    1  1.55127E+15 0.00195 
   48   48    1    1    1    1    1    1    1    1  2.15115E+15 0.00211 
   49   49    1    1    1    1    1    1    1    1  1.96062E+15 0.00195 
   50   50    1    1    1    1    1    1    1    1  2.97914E+15 0.00184 
   51   51    1    1    1    1    1    1    1    1  2.34846E+15 0.00188 
   52   52    1    1    1    1    1    1    1    1  2.64425E+15 0.00183 
   53   53    1    1    1    1    1    1    1    1  1.87867E+15 0.00195 
   54   54    1    1    1    1    1    1    1    1  2.25558E+15 0.00189 
   55   55    1    1    1    1    1    1    1    1  1.59919E+15 0.00216 
   56   56    1    1    1    1    1    1    1    1  2.20344E+14 0.00273 
   57   57    1    1    1    1    1    1    1    1  3.09829E+15 0.00204 
   58   58    1    1    1    1    1    1    1    1  1.33774E+15 0.00216 
   59   59    1    1    1    1    1    1    1    1  1.45805E+15 0.00196 
   60   60    1    1    1    1    1    1    1    1  1.13828E+15 0.00199 
   61   61    1    1    1    1    1    1    1    1  1.14015E+15 0.00192 
   62   62    1    1    1    1    1    1    1    1  1.14344E+15 0.00225 
   63   63    1    1    1    1    1    1    1    1  9.49081E+14 0.00235 
   64   64    1    1    1    1    1    1    1    1  7.44950E+14 0.00215 
   65   65    1    1    1    1    1    1    1    1  7.31365E+14 0.00213 
   66   66    1    1    1    1    1    1    1    1  5.76769E+14 0.00231 
   67   67    1    1    1    1    1    1    1    1  4.75651E+14 0.00195 
   68   68    1    1    1    1    1    1    1    1  4.21129E+14 0.00221 
   69   69    1    1    1    1    1    1    1    1  5.10352E+14 0.00273 
   70   70    1    1    1    1    1    1    1    1  4.37247E+14 0.00267 
   71   71    1    1    1    1    1    1    1    1  8.22363E+14 0.00254 
   72   72    1    1    1    1    1    1    1    1  5.99154E+14 0.00276 
   73   73    1    1    1    1    1    1    1    1  4.60024E+14 0.00267 
   74   74    1    1    1    1    1    1    1    1  3.66945E+14 0.00196 
   75   75    1    1    1    1    1    1    1    1  2.98973E+14 0.00315 
   76   76    1    1    1    1    1    1    1    1  3.38853E+14 0.00255 
   77   77    1    1    1    1    1    1    1    1  2.62262E+14 0.00224 
   78   78    1    1    1    1    1    1    1    1  2.00393E+14 0.00332 
   79   79    1    1    1    1    1    1    1    1  2.06063E+14 0.00314 
   80   80    1    1    1    1    1    1    1    1  1.53113E+14 0.00318 
   81   81    1    1    1    1    1    1    1    1  1.17140E+14 0.00241 
   82   82    1    1    1    1    1    1    1    1  9.04371E+13 0.00476 
   83   83    1    1    1    1    1    1    1    1  8.43115E+13 0.00320 
   84   84    1    1    1    1    1    1    1    1  6.04230E+13 0.00458 
   85   85    1    1    1    1    1    1    1    1  4.37241E+13 0.00527 
   86   86    1    1    1    1    1    1    1    1  4.08495E+13 0.00735 
   87   87    1    1    1    1    1    1    1    1  2.56049E+13 0.00572 
   88   88    1    1    1    1    1    1    1    1  1.70879E+13 0.00526 
   89   89    1    1    1    1    1    1    1    1  9.65047E+12 0.00615 
   90   90    1    1    1    1    1    1    1    1  6.65723E+12 0.01567 
   91   91    1    1    1    1    1    1    1    1  3.32889E+12 0.01669 
   92   92    1    1    1    1    1    1    1    1  1.64650E+12 0.02189 
   93   93    1    1    1    1    1    1    1    1  8.33092E+11 0.03879 
   94   94    1    1    1    1    1    1    1    1  3.81975E+11 0.04739 
   95   95    1    1    1    1    1    1    1    1  1.72279E+11 0.07108 
   96   96    1    1    1    1    1    1    1    1  8.69394E+10 0.07588 
   97   97    1    1    1    1    1    1    1    1  5.51793E+10 0.17225 
   98   98    1    1    1    1    1    1    1    1  1.65367E+10 0.17489 
   99   99    1    1    1    1    1    1    1    1  8.73372E+09 0.29298 
  100  100    1    1    1    1    1    1    1    1  5.95159E+09 0.34724 
];


