
DETdpaspec = [
    1    1    1    1    1    1    1    1    1    1  0.00000E+00 0.00000 
    2    2    1    1    1    1    1    1    1    1  0.00000E+00 0.00000 
    3    3    1    1    1    1    1    1    1    1  0.00000E+00 0.00000 
    4    4    1    1    1    1    1    1    1    1  0.00000E+00 0.00000 
    5    5    1    1    1    1    1    1    1    1  0.00000E+00 0.00000 
    6    6    1    1    1    1    1    1    1    1  0.00000E+00 0.00000 
    7    7    1    1    1    1    1    1    1    1  2.21928E+07 1.00000 
    8    8    1    1    1    1    1    1    1    1  2.39414E+07 1.00000 
    9    9    1    1    1    1    1    1    1    1  2.34211E+07 0.68836 
   10   10    1    1    1    1    1    1    1    1  1.16009E+08 1.00000 
   11   11    1    1    1    1    1    1    1    1  5.92469E+08 0.52850 
   12   12    1    1    1    1    1    1    1    1  2.01099E+08 0.46580 
   13   13    1    1    1    1    1    1    1    1  2.87345E+09 0.40351 
   14   14    1    1    1    1    1    1    1    1  8.23292E+09 0.27705 
   15   15    1    1    1    1    1    1    1    1  9.23686E+09 0.30764 
   16   16    1    1    1    1    1    1    1    1  2.93870E+09 0.19661 
   17   17    1    1    1    1    1    1    1    1  4.28091E+09 0.19123 
   18   18    1    1    1    1    1    1    1    1  1.79181E+10 0.15339 
   19   19    1    1    1    1    1    1    1    1  1.89264E+10 0.11580 
   20   20    1    1    1    1    1    1    1    1  6.50559E+10 0.10959 
   21   21    1    1    1    1    1    1    1    1  4.30635E+10 0.07173 
   22   22    1    1    1    1    1    1    1    1  1.23333E+11 0.06516 
   23   23    1    1    1    1    1    1    1    1  1.69328E+11 0.05135 
   24   24    1    1    1    1    1    1    1    1  2.85677E+11 0.05350 
   25   25    1    1    1    1    1    1    1    1  4.41979E+11 0.04450 
   26   26    1    1    1    1    1    1    1    1  8.54218E+11 0.03166 
   27   27    1    1    1    1    1    1    1    1  1.77531E+12 0.01978 
   28   28    1    1    1    1    1    1    1    1  3.75234E+12 0.01006 
   29   29    1    1    1    1    1    1    1    1  5.16260E+12 0.01069 
   30   30    1    1    1    1    1    1    1    1  1.36205E+13 0.00891 
   31   31    1    1    1    1    1    1    1    1  3.29415E+13 0.00523 
   32   32    1    1    1    1    1    1    1    1  4.91074E+13 0.00518 
   33   33    1    1    1    1    1    1    1    1  9.60943E+13 0.00373 
   34   34    1    1    1    1    1    1    1    1  1.08917E+14 0.00418 
   35   35    1    1    1    1    1    1    1    1  1.56734E+14 0.00252 
   36   36    1    1    1    1    1    1    1    1  1.22582E+14 0.00274 
   37   37    1    1    1    1    1    1    1    1  3.88278E+13 0.00326 
   38   38    1    1    1    1    1    1    1    1  1.86306E+14 0.00314 
   39   39    1    1    1    1    1    1    1    1  2.29055E+14 0.00245 
   40   40    1    1    1    1    1    1    1    1  3.75289E+14 0.00239 
   41   41    1    1    1    1    1    1    1    1  3.64088E+14 0.00238 
   42   42    1    1    1    1    1    1    1    1  6.55326E+14 0.00256 
   43   43    1    1    1    1    1    1    1    1  7.13694E+14 0.00285 
   44   44    1    1    1    1    1    1    1    1  9.20359E+14 0.00269 
   45   45    1    1    1    1    1    1    1    1  1.61967E+15 0.00267 
   46   46    1    1    1    1    1    1    1    1  8.42411E+14 0.00229 
   47   47    1    1    1    1    1    1    1    1  1.21837E+15 0.00258 
   48   48    1    1    1    1    1    1    1    1  1.68336E+15 0.00254 
   49   49    1    1    1    1    1    1    1    1  1.53335E+15 0.00254 
   50   50    1    1    1    1    1    1    1    1  2.32179E+15 0.00288 
   51   51    1    1    1    1    1    1    1    1  1.83414E+15 0.00286 
   52   52    1    1    1    1    1    1    1    1  2.05358E+15 0.00297 
   53   53    1    1    1    1    1    1    1    1  1.45856E+15 0.00338 
   54   54    1    1    1    1    1    1    1    1  1.74530E+15 0.00319 
   55   55    1    1    1    1    1    1    1    1  1.23427E+15 0.00308 
   56   56    1    1    1    1    1    1    1    1  1.70643E+14 0.00375 
   57   57    1    1    1    1    1    1    1    1  2.39054E+15 0.00332 
   58   58    1    1    1    1    1    1    1    1  1.02937E+15 0.00321 
   59   59    1    1    1    1    1    1    1    1  1.12155E+15 0.00325 
   60   60    1    1    1    1    1    1    1    1  8.74444E+14 0.00286 
   61   61    1    1    1    1    1    1    1    1  8.74750E+14 0.00316 
   62   62    1    1    1    1    1    1    1    1  8.76543E+14 0.00312 
   63   63    1    1    1    1    1    1    1    1  7.25103E+14 0.00311 
   64   64    1    1    1    1    1    1    1    1  5.68279E+14 0.00309 
   65   65    1    1    1    1    1    1    1    1  5.59005E+14 0.00339 
   66   66    1    1    1    1    1    1    1    1  4.40788E+14 0.00298 
   67   67    1    1    1    1    1    1    1    1  3.63352E+14 0.00306 
   68   68    1    1    1    1    1    1    1    1  3.21904E+14 0.00311 
   69   69    1    1    1    1    1    1    1    1  3.88803E+14 0.00277 
   70   70    1    1    1    1    1    1    1    1  3.34786E+14 0.00251 
   71   71    1    1    1    1    1    1    1    1  6.30503E+14 0.00314 
   72   72    1    1    1    1    1    1    1    1  4.58908E+14 0.00365 
   73   73    1    1    1    1    1    1    1    1  3.51129E+14 0.00425 
   74   74    1    1    1    1    1    1    1    1  2.79560E+14 0.00355 
   75   75    1    1    1    1    1    1    1    1  2.26486E+14 0.00281 
   76   76    1    1    1    1    1    1    1    1  2.55764E+14 0.00398 
   77   77    1    1    1    1    1    1    1    1  1.96806E+14 0.00367 
   78   78    1    1    1    1    1    1    1    1  1.50616E+14 0.00372 
   79   79    1    1    1    1    1    1    1    1  1.54819E+14 0.00357 
   80   80    1    1    1    1    1    1    1    1  1.14762E+14 0.00468 
   81   81    1    1    1    1    1    1    1    1  8.86755E+13 0.00350 
   82   82    1    1    1    1    1    1    1    1  6.80085E+13 0.00390 
   83   83    1    1    1    1    1    1    1    1  6.36032E+13 0.00525 
   84   84    1    1    1    1    1    1    1    1  4.53172E+13 0.00545 
   85   85    1    1    1    1    1    1    1    1  3.28377E+13 0.00666 
   86   86    1    1    1    1    1    1    1    1  3.08277E+13 0.00596 
   87   87    1    1    1    1    1    1    1    1  1.90509E+13 0.00650 
   88   88    1    1    1    1    1    1    1    1  1.28593E+13 0.01057 
   89   89    1    1    1    1    1    1    1    1  7.26725E+12 0.00856 
   90   90    1    1    1    1    1    1    1    1  5.03323E+12 0.01234 
   91   91    1    1    1    1    1    1    1    1  2.52622E+12 0.01607 
   92   92    1    1    1    1    1    1    1    1  1.25174E+12 0.03745 
   93   93    1    1    1    1    1    1    1    1  5.92855E+11 0.05059 
   94   94    1    1    1    1    1    1    1    1  3.07118E+11 0.05190 
   95   95    1    1    1    1    1    1    1    1  1.38922E+11 0.08994 
   96   96    1    1    1    1    1    1    1    1  5.37955E+10 0.09097 
   97   97    1    1    1    1    1    1    1    1  3.99881E+10 0.17336 
   98   98    1    1    1    1    1    1    1    1  1.89689E+10 0.19020 
   99   99    1    1    1    1    1    1    1    1  8.23509E+09 0.33092 
  100  100    1    1    1    1    1    1    1    1  1.63526E+10 0.23504 
];


