
DETdpaspec = [
    1    1    1    1    1    1    1    1    1    1  0.00000E+00 0.00000 
    2    2    1    1    1    1    1    1    1    1  0.00000E+00 0.00000 
    3    3    1    1    1    1    1    1    1    1  0.00000E+00 0.00000 
    4    4    1    1    1    1    1    1    1    1  0.00000E+00 0.00000 
    5    5    1    1    1    1    1    1    1    1  0.00000E+00 0.00000 
    6    6    1    1    1    1    1    1    1    1  3.14966E+07 0.54709 
    7    7    1    1    1    1    1    1    1    1  2.08947E+07 1.00000 
    8    8    1    1    1    1    1    1    1    1  6.86254E+07 0.54682 
    9    9    1    1    1    1    1    1    1    1  0.00000E+00 0.00000 
   10   10    1    1    1    1    1    1    1    1  7.05263E+08 0.46918 
   11   11    1    1    1    1    1    1    1    1  8.46294E+08 0.36564 
   12   12    1    1    1    1    1    1    1    1  2.75748E+08 0.43208 
   13   13    1    1    1    1    1    1    1    1  5.56810E+09 0.21552 
   14   14    1    1    1    1    1    1    1    1  1.09761E+10 0.19191 
   15   15    1    1    1    1    1    1    1    1  1.28597E+10 0.25289 
   16   16    1    1    1    1    1    1    1    1  4.14234E+09 0.25780 
   17   17    1    1    1    1    1    1    1    1  1.14815E+10 0.13904 
   18   18    1    1    1    1    1    1    1    1  4.25838E+10 0.14653 
   19   19    1    1    1    1    1    1    1    1  4.29336E+10 0.10090 
   20   20    1    1    1    1    1    1    1    1  1.42850E+11 0.07869 
   21   21    1    1    1    1    1    1    1    1  1.04393E+11 0.04725 
   22   22    1    1    1    1    1    1    1    1  3.28964E+11 0.03604 
   23   23    1    1    1    1    1    1    1    1  4.30203E+11 0.02548 
   24   24    1    1    1    1    1    1    1    1  6.24608E+11 0.03465 
   25   25    1    1    1    1    1    1    1    1  8.59934E+11 0.02240 
   26   26    1    1    1    1    1    1    1    1  1.47367E+12 0.02376 
   27   27    1    1    1    1    1    1    1    1  2.93803E+12 0.02203 
   28   28    1    1    1    1    1    1    1    1  5.17552E+12 0.01288 
   29   29    1    1    1    1    1    1    1    1  6.24096E+12 0.00935 
   30   30    1    1    1    1    1    1    1    1  1.67802E+13 0.00689 
   31   31    1    1    1    1    1    1    1    1  3.70465E+13 0.00797 
   32   32    1    1    1    1    1    1    1    1  5.37063E+13 0.00742 
   33   33    1    1    1    1    1    1    1    1  9.97492E+13 0.00689 
   34   34    1    1    1    1    1    1    1    1  1.08432E+14 0.00633 
   35   35    1    1    1    1    1    1    1    1  1.59699E+14 0.00616 
   36   36    1    1    1    1    1    1    1    1  1.24769E+14 0.00643 
   37   37    1    1    1    1    1    1    1    1  3.95166E+13 0.00621 
   38   38    1    1    1    1    1    1    1    1  1.83032E+14 0.00646 
   39   39    1    1    1    1    1    1    1    1  2.21780E+14 0.00682 
   40   40    1    1    1    1    1    1    1    1  3.54140E+14 0.00620 
   41   41    1    1    1    1    1    1    1    1  3.44469E+14 0.00606 
   42   42    1    1    1    1    1    1    1    1  6.02009E+14 0.00657 
   43   43    1    1    1    1    1    1    1    1  6.49603E+14 0.00638 
   44   44    1    1    1    1    1    1    1    1  8.31941E+14 0.00664 
   45   45    1    1    1    1    1    1    1    1  1.44192E+15 0.00635 
   46   46    1    1    1    1    1    1    1    1  7.51672E+14 0.00657 
   47   47    1    1    1    1    1    1    1    1  1.09090E+15 0.00651 
   48   48    1    1    1    1    1    1    1    1  1.50071E+15 0.00636 
   49   49    1    1    1    1    1    1    1    1  1.37591E+15 0.00659 
   50   50    1    1    1    1    1    1    1    1  2.06952E+15 0.00645 
   51   51    1    1    1    1    1    1    1    1  1.65360E+15 0.00656 
   52   52    1    1    1    1    1    1    1    1  1.83663E+15 0.00677 
   53   53    1    1    1    1    1    1    1    1  1.32037E+15 0.00695 
   54   54    1    1    1    1    1    1    1    1  1.56579E+15 0.00675 
   55   55    1    1    1    1    1    1    1    1  1.11655E+15 0.00695 
   56   56    1    1    1    1    1    1    1    1  1.55623E+14 0.00676 
   57   57    1    1    1    1    1    1    1    1  2.17699E+15 0.00688 
   58   58    1    1    1    1    1    1    1    1  9.27659E+14 0.00678 
   59   59    1    1    1    1    1    1    1    1  1.02061E+15 0.00674 
   60   60    1    1    1    1    1    1    1    1  7.91021E+14 0.00664 
   61   61    1    1    1    1    1    1    1    1  7.95507E+14 0.00680 
   62   62    1    1    1    1    1    1    1    1  7.94793E+14 0.00675 
   63   63    1    1    1    1    1    1    1    1  6.59768E+14 0.00705 
   64   64    1    1    1    1    1    1    1    1  5.17885E+14 0.00766 
   65   65    1    1    1    1    1    1    1    1  5.11698E+14 0.00711 
   66   66    1    1    1    1    1    1    1    1  4.03189E+14 0.00755 
   67   67    1    1    1    1    1    1    1    1  3.34381E+14 0.00720 
   68   68    1    1    1    1    1    1    1    1  2.96848E+14 0.00676 
   69   69    1    1    1    1    1    1    1    1  3.60160E+14 0.00698 
   70   70    1    1    1    1    1    1    1    1  3.08789E+14 0.00746 
   71   71    1    1    1    1    1    1    1    1  5.91152E+14 0.00716 
   72   72    1    1    1    1    1    1    1    1  4.32708E+14 0.00709 
   73   73    1    1    1    1    1    1    1    1  3.32186E+14 0.00721 
   74   74    1    1    1    1    1    1    1    1  2.62357E+14 0.00726 
   75   75    1    1    1    1    1    1    1    1  2.09870E+14 0.00664 
   76   76    1    1    1    1    1    1    1    1  2.36568E+14 0.00773 
   77   77    1    1    1    1    1    1    1    1  1.80415E+14 0.00824 
   78   78    1    1    1    1    1    1    1    1  1.37036E+14 0.00867 
   79   79    1    1    1    1    1    1    1    1  1.39202E+14 0.00675 
   80   80    1    1    1    1    1    1    1    1  1.03406E+14 0.00702 
   81   81    1    1    1    1    1    1    1    1  7.92530E+13 0.00801 
   82   82    1    1    1    1    1    1    1    1  6.08193E+13 0.00833 
   83   83    1    1    1    1    1    1    1    1  5.69035E+13 0.00690 
   84   84    1    1    1    1    1    1    1    1  4.08723E+13 0.00740 
   85   85    1    1    1    1    1    1    1    1  2.92959E+13 0.00760 
   86   86    1    1    1    1    1    1    1    1  2.76290E+13 0.00965 
   87   87    1    1    1    1    1    1    1    1  1.68519E+13 0.00697 
   88   88    1    1    1    1    1    1    1    1  1.16703E+13 0.00974 
   89   89    1    1    1    1    1    1    1    1  6.78729E+12 0.01302 
   90   90    1    1    1    1    1    1    1    1  4.55697E+12 0.01296 
   91   91    1    1    1    1    1    1    1    1  2.29421E+12 0.01794 
   92   92    1    1    1    1    1    1    1    1  1.12439E+12 0.02952 
   93   93    1    1    1    1    1    1    1    1  5.45292E+11 0.03616 
   94   94    1    1    1    1    1    1    1    1  2.64310E+11 0.04857 
   95   95    1    1    1    1    1    1    1    1  1.24059E+11 0.08348 
   96   96    1    1    1    1    1    1    1    1  5.55375E+10 0.10013 
   97   97    1    1    1    1    1    1    1    1  3.09710E+10 0.21507 
   98   98    1    1    1    1    1    1    1    1  2.13400E+10 0.19020 
   99   99    1    1    1    1    1    1    1    1  6.24092E+09 0.32384 
  100  100    1    1    1    1    1    1    1    1  3.87011E+09 0.42010 
];


