
DETdpaspec = [
    1    1    1    1    1    1    1    1    1    1  0.00000E+00 0.00000 
    2    2    1    1    1    1    1    1    1    1  0.00000E+00 0.00000 
    3    3    1    1    1    1    1    1    1    1  7.61883E+06 1.00000 
    4    4    1    1    1    1    1    1    1    1  7.90966E+06 1.00000 
    5    5    1    1    1    1    1    1    1    1  1.02337E+07 1.00000 
    6    6    1    1    1    1    1    1    1    1  9.51622E+06 1.00000 
    7    7    1    1    1    1    1    1    1    1  2.07873E+07 1.00000 
    8    8    1    1    1    1    1    1    1    1  2.21749E+07 1.00000 
    9    9    1    1    1    1    1    1    1    1  7.92087E+07 0.57630 
   10   10    1    1    1    1    1    1    1    1  2.15192E+08 0.46186 
   11   11    1    1    1    1    1    1    1    1  5.15610E+08 0.48524 
   12   12    1    1    1    1    1    1    1    1  2.85717E+08 0.28313 
   13   13    1    1    1    1    1    1    1    1  4.08024E+09 0.21918 
   14   14    1    1    1    1    1    1    1    1  8.40769E+09 0.20439 
   15   15    1    1    1    1    1    1    1    1  1.75848E+10 0.19317 
   16   16    1    1    1    1    1    1    1    1  5.98055E+09 0.20976 
   17   17    1    1    1    1    1    1    1    1  8.58394E+09 0.15086 
   18   18    1    1    1    1    1    1    1    1  3.61640E+10 0.10364 
   19   19    1    1    1    1    1    1    1    1  4.39972E+10 0.09591 
   20   20    1    1    1    1    1    1    1    1  1.19327E+11 0.08986 
   21   21    1    1    1    1    1    1    1    1  8.69423E+10 0.06882 
   22   22    1    1    1    1    1    1    1    1  2.64697E+11 0.04559 
   23   23    1    1    1    1    1    1    1    1  3.50229E+11 0.02764 
   24   24    1    1    1    1    1    1    1    1  5.70032E+11 0.02697 
   25   25    1    1    1    1    1    1    1    1  7.70091E+11 0.03510 
   26   26    1    1    1    1    1    1    1    1  1.39460E+12 0.02172 
   27   27    1    1    1    1    1    1    1    1  2.70365E+12 0.01971 
   28   28    1    1    1    1    1    1    1    1  4.75594E+12 0.01377 
   29   29    1    1    1    1    1    1    1    1  5.81354E+12 0.00945 
   30   30    1    1    1    1    1    1    1    1  1.56799E+13 0.01026 
   31   31    1    1    1    1    1    1    1    1  3.51470E+13 0.00816 
   32   32    1    1    1    1    1    1    1    1  5.05080E+13 0.00660 
   33   33    1    1    1    1    1    1    1    1  9.46026E+13 0.00630 
   34   34    1    1    1    1    1    1    1    1  1.02885E+14 0.00583 
   35   35    1    1    1    1    1    1    1    1  1.51585E+14 0.00527 
   36   36    1    1    1    1    1    1    1    1  1.18075E+14 0.00504 
   37   37    1    1    1    1    1    1    1    1  3.74219E+13 0.00543 
   38   38    1    1    1    1    1    1    1    1  1.73567E+14 0.00557 
   39   39    1    1    1    1    1    1    1    1  2.10852E+14 0.00547 
   40   40    1    1    1    1    1    1    1    1  3.35832E+14 0.00571 
   41   41    1    1    1    1    1    1    1    1  3.27751E+14 0.00561 
   42   42    1    1    1    1    1    1    1    1  5.73591E+14 0.00566 
   43   43    1    1    1    1    1    1    1    1  6.18694E+14 0.00556 
   44   44    1    1    1    1    1    1    1    1  7.91359E+14 0.00564 
   45   45    1    1    1    1    1    1    1    1  1.37506E+15 0.00568 
   46   46    1    1    1    1    1    1    1    1  7.14891E+14 0.00576 
   47   47    1    1    1    1    1    1    1    1  1.03854E+15 0.00584 
   48   48    1    1    1    1    1    1    1    1  1.42897E+15 0.00609 
   49   49    1    1    1    1    1    1    1    1  1.30959E+15 0.00620 
   50   50    1    1    1    1    1    1    1    1  1.96932E+15 0.00622 
   51   51    1    1    1    1    1    1    1    1  1.57474E+15 0.00617 
   52   52    1    1    1    1    1    1    1    1  1.74998E+15 0.00620 
   53   53    1    1    1    1    1    1    1    1  1.25661E+15 0.00582 
   54   54    1    1    1    1    1    1    1    1  1.49161E+15 0.00613 
   55   55    1    1    1    1    1    1    1    1  1.06718E+15 0.00587 
   56   56    1    1    1    1    1    1    1    1  1.48220E+14 0.00597 
   57   57    1    1    1    1    1    1    1    1  2.07425E+15 0.00633 
   58   58    1    1    1    1    1    1    1    1  8.84963E+14 0.00637 
   59   59    1    1    1    1    1    1    1    1  9.72137E+14 0.00641 
   60   60    1    1    1    1    1    1    1    1  7.53444E+14 0.00666 
   61   61    1    1    1    1    1    1    1    1  7.57989E+14 0.00662 
   62   62    1    1    1    1    1    1    1    1  7.56656E+14 0.00672 
   63   63    1    1    1    1    1    1    1    1  6.26669E+14 0.00648 
   64   64    1    1    1    1    1    1    1    1  4.93686E+14 0.00697 
   65   65    1    1    1    1    1    1    1    1  4.86287E+14 0.00687 
   66   66    1    1    1    1    1    1    1    1  3.84053E+14 0.00731 
   67   67    1    1    1    1    1    1    1    1  3.17845E+14 0.00736 
   68   68    1    1    1    1    1    1    1    1  2.81630E+14 0.00737 
   69   69    1    1    1    1    1    1    1    1  3.40229E+14 0.00721 
   70   70    1    1    1    1    1    1    1    1  2.93482E+14 0.00690 
   71   71    1    1    1    1    1    1    1    1  5.60920E+14 0.00651 
   72   72    1    1    1    1    1    1    1    1  4.11120E+14 0.00668 
   73   73    1    1    1    1    1    1    1    1  3.15572E+14 0.00698 
   74   74    1    1    1    1    1    1    1    1  2.48463E+14 0.00660 
   75   75    1    1    1    1    1    1    1    1  1.99794E+14 0.00762 
   76   76    1    1    1    1    1    1    1    1  2.24641E+14 0.00721 
   77   77    1    1    1    1    1    1    1    1  1.71638E+14 0.00733 
   78   78    1    1    1    1    1    1    1    1  1.30502E+14 0.00685 
   79   79    1    1    1    1    1    1    1    1  1.32619E+14 0.00619 
   80   80    1    1    1    1    1    1    1    1  9.86012E+13 0.00718 
   81   81    1    1    1    1    1    1    1    1  7.55610E+13 0.00743 
   82   82    1    1    1    1    1    1    1    1  5.80738E+13 0.00780 
   83   83    1    1    1    1    1    1    1    1  5.41426E+13 0.00848 
   84   84    1    1    1    1    1    1    1    1  3.87702E+13 0.00799 
   85   85    1    1    1    1    1    1    1    1  2.75353E+13 0.00786 
   86   86    1    1    1    1    1    1    1    1  2.60802E+13 0.00831 
   87   87    1    1    1    1    1    1    1    1  1.64896E+13 0.01192 
   88   88    1    1    1    1    1    1    1    1  1.08398E+13 0.01088 
   89   89    1    1    1    1    1    1    1    1  6.25479E+12 0.01774 
   90   90    1    1    1    1    1    1    1    1  4.30321E+12 0.01574 
   91   91    1    1    1    1    1    1    1    1  2.22495E+12 0.01834 
   92   92    1    1    1    1    1    1    1    1  1.04705E+12 0.03137 
   93   93    1    1    1    1    1    1    1    1  5.07809E+11 0.04630 
   94   94    1    1    1    1    1    1    1    1  2.25478E+11 0.06956 
   95   95    1    1    1    1    1    1    1    1  9.78078E+10 0.10657 
   96   96    1    1    1    1    1    1    1    1  6.02689E+10 0.10258 
   97   97    1    1    1    1    1    1    1    1  4.02046E+10 0.14252 
   98   98    1    1    1    1    1    1    1    1  5.81862E+09 0.36061 
   99   99    1    1    1    1    1    1    1    1  1.13357E+10 0.26265 
  100  100    1    1    1    1    1    1    1    1  6.37143E+09 0.38066 
];


