
DETdpaspec = [
    1    1    1    1    1    1    1    1    1    1  0.00000E+00 0.00000 
    2    2    1    1    1    1    1    1    1    1  0.00000E+00 0.00000 
    3    3    1    1    1    1    1    1    1    1  0.00000E+00 0.00000 
    4    4    1    1    1    1    1    1    1    1  0.00000E+00 0.00000 
    5    5    1    1    1    1    1    1    1    1  0.00000E+00 0.00000 
    6    6    1    1    1    1    1    1    1    1  0.00000E+00 0.00000 
    7    7    1    1    1    1    1    1    1    1  0.00000E+00 0.00000 
    8    8    1    1    1    1    1    1    1    1  2.16252E+07 1.00000 
    9    9    1    1    1    1    1    1    1    1  1.30281E+07 1.00000 
   10   10    1    1    1    1    1    1    1    1  2.97631E+08 0.69155 
   11   11    1    1    1    1    1    1    1    1  2.74096E+08 0.56266 
   12   12    1    1    1    1    1    1    1    1  2.93777E+08 0.67925 
   13   13    1    1    1    1    1    1    1    1  3.47746E+09 0.47078 
   14   14    1    1    1    1    1    1    1    1  5.73533E+09 0.25913 
   15   15    1    1    1    1    1    1    1    1  1.06599E+10 0.27326 
   16   16    1    1    1    1    1    1    1    1  3.28346E+09 0.28874 
   17   17    1    1    1    1    1    1    1    1  6.79535E+09 0.21266 
   18   18    1    1    1    1    1    1    1    1  1.76062E+10 0.17960 
   19   19    1    1    1    1    1    1    1    1  2.31728E+10 0.12608 
   20   20    1    1    1    1    1    1    1    1  6.92310E+10 0.11590 
   21   21    1    1    1    1    1    1    1    1  5.50858E+10 0.08087 
   22   22    1    1    1    1    1    1    1    1  1.38668E+11 0.06153 
   23   23    1    1    1    1    1    1    1    1  2.04486E+11 0.05142 
   24   24    1    1    1    1    1    1    1    1  3.43498E+11 0.04502 
   25   25    1    1    1    1    1    1    1    1  4.90287E+11 0.02205 
   26   26    1    1    1    1    1    1    1    1  1.00027E+12 0.01874 
   27   27    1    1    1    1    1    1    1    1  2.06323E+12 0.01700 
   28   28    1    1    1    1    1    1    1    1  4.36599E+12 0.00895 
   29   29    1    1    1    1    1    1    1    1  6.08923E+12 0.00967 
   30   30    1    1    1    1    1    1    1    1  1.60029E+13 0.01013 
   31   31    1    1    1    1    1    1    1    1  3.82534E+13 0.00590 
   32   32    1    1    1    1    1    1    1    1  5.78854E+13 0.00305 
   33   33    1    1    1    1    1    1    1    1  1.13553E+14 0.00166 
   34   34    1    1    1    1    1    1    1    1  1.29689E+14 0.00256 
   35   35    1    1    1    1    1    1    1    1  1.85766E+14 0.00251 
   36   36    1    1    1    1    1    1    1    1  1.45653E+14 0.00194 
   37   37    1    1    1    1    1    1    1    1  4.60450E+13 0.00211 
   38   38    1    1    1    1    1    1    1    1  2.21367E+14 0.00161 
   39   39    1    1    1    1    1    1    1    1  2.72400E+14 0.00223 
   40   40    1    1    1    1    1    1    1    1  4.48302E+14 0.00233 
   41   41    1    1    1    1    1    1    1    1  4.34659E+14 0.00199 
   42   42    1    1    1    1    1    1    1    1  7.83325E+14 0.00196 
   43   43    1    1    1    1    1    1    1    1  8.55371E+14 0.00194 
   44   44    1    1    1    1    1    1    1    1  1.10739E+15 0.00165 
   45   45    1    1    1    1    1    1    1    1  1.95425E+15 0.00168 
   46   46    1    1    1    1    1    1    1    1  1.01668E+15 0.00156 
   47   47    1    1    1    1    1    1    1    1  1.47106E+15 0.00147 
   48   48    1    1    1    1    1    1    1    1  2.03808E+15 0.00157 
   49   49    1    1    1    1    1    1    1    1  1.86025E+15 0.00138 
   50   50    1    1    1    1    1    1    1    1  2.82241E+15 0.00155 
   51   51    1    1    1    1    1    1    1    1  2.22695E+15 0.00169 
   52   52    1    1    1    1    1    1    1    1  2.49899E+15 0.00145 
   53   53    1    1    1    1    1    1    1    1  1.78029E+15 0.00174 
   54   54    1    1    1    1    1    1    1    1  2.13332E+15 0.00187 
   55   55    1    1    1    1    1    1    1    1  1.51002E+15 0.00185 
   56   56    1    1    1    1    1    1    1    1  2.08716E+14 0.00211 
   57   57    1    1    1    1    1    1    1    1  2.92801E+15 0.00166 
   58   58    1    1    1    1    1    1    1    1  1.26660E+15 0.00177 
   59   59    1    1    1    1    1    1    1    1  1.37868E+15 0.00173 
   60   60    1    1    1    1    1    1    1    1  1.07694E+15 0.00167 
   61   61    1    1    1    1    1    1    1    1  1.07582E+15 0.00182 
   62   62    1    1    1    1    1    1    1    1  1.07720E+15 0.00159 
   63   63    1    1    1    1    1    1    1    1  8.93980E+14 0.00195 
   64   64    1    1    1    1    1    1    1    1  7.03084E+14 0.00206 
   65   65    1    1    1    1    1    1    1    1  6.89991E+14 0.00256 
   66   66    1    1    1    1    1    1    1    1  5.44446E+14 0.00222 
   67   67    1    1    1    1    1    1    1    1  4.48690E+14 0.00203 
   68   68    1    1    1    1    1    1    1    1  3.97189E+14 0.00153 
   69   69    1    1    1    1    1    1    1    1  4.81580E+14 0.00176 
   70   70    1    1    1    1    1    1    1    1  4.12745E+14 0.00198 
   71   71    1    1    1    1    1    1    1    1  7.77100E+14 0.00234 
   72   72    1    1    1    1    1    1    1    1  5.65814E+14 0.00247 
   73   73    1    1    1    1    1    1    1    1  4.33470E+14 0.00242 
   74   74    1    1    1    1    1    1    1    1  3.46370E+14 0.00260 
   75   75    1    1    1    1    1    1    1    1  2.80495E+14 0.00265 
   76   76    1    1    1    1    1    1    1    1  3.18007E+14 0.00202 
   77   77    1    1    1    1    1    1    1    1  2.46494E+14 0.00149 
   78   78    1    1    1    1    1    1    1    1  1.88210E+14 0.00195 
   79   79    1    1    1    1    1    1    1    1  1.93718E+14 0.00294 
   80   80    1    1    1    1    1    1    1    1  1.43483E+14 0.00266 
   81   81    1    1    1    1    1    1    1    1  1.10100E+14 0.00273 
   82   82    1    1    1    1    1    1    1    1  8.50687E+13 0.00311 
   83   83    1    1    1    1    1    1    1    1  7.91129E+13 0.00370 
   84   84    1    1    1    1    1    1    1    1  5.70084E+13 0.00476 
   85   85    1    1    1    1    1    1    1    1  4.10097E+13 0.00458 
   86   86    1    1    1    1    1    1    1    1  3.84301E+13 0.00553 
   87   87    1    1    1    1    1    1    1    1  2.39158E+13 0.00594 
   88   88    1    1    1    1    1    1    1    1  1.60570E+13 0.00719 
   89   89    1    1    1    1    1    1    1    1  9.16106E+12 0.01216 
   90   90    1    1    1    1    1    1    1    1  6.21584E+12 0.01193 
   91   91    1    1    1    1    1    1    1    1  3.12411E+12 0.01722 
   92   92    1    1    1    1    1    1    1    1  1.49866E+12 0.03054 
   93   93    1    1    1    1    1    1    1    1  7.18622E+11 0.02870 
   94   94    1    1    1    1    1    1    1    1  3.43198E+11 0.03922 
   95   95    1    1    1    1    1    1    1    1  1.74164E+11 0.07944 
   96   96    1    1    1    1    1    1    1    1  1.05237E+11 0.09051 
   97   97    1    1    1    1    1    1    1    1  5.71923E+10 0.11089 
   98   98    1    1    1    1    1    1    1    1  2.10139E+10 0.23274 
   99   99    1    1    1    1    1    1    1    1  1.14695E+10 0.38494 
  100  100    1    1    1    1    1    1    1    1  2.75581E+09 0.42620 
];


