
DETdpaspec = [
    1    1    1    1    1    1    1    1    1    1  0.00000E+00 0.00000 
    2    2    1    1    1    1    1    1    1    1  0.00000E+00 0.00000 
    3    3    1    1    1    1    1    1    1    1  0.00000E+00 0.00000 
    4    4    1    1    1    1    1    1    1    1  1.21001E+07 1.00000 
    5    5    1    1    1    1    1    1    1    1  1.20306E+07 1.00000 
    6    6    1    1    1    1    1    1    1    1  0.00000E+00 0.00000 
    7    7    1    1    1    1    1    1    1    1  2.15438E+07 1.00000 
    8    8    1    1    1    1    1    1    1    1  0.00000E+00 0.00000 
    9    9    1    1    1    1    1    1    1    1  1.15093E+07 1.00000 
   10   10    1    1    1    1    1    1    1    1  2.17228E+08 1.00000 
   11   11    1    1    1    1    1    1    1    1  5.38254E+07 1.00000 
   12   12    1    1    1    1    1    1    1    1  8.32523E+07 0.55617 
   13   13    1    1    1    1    1    1    1    1  1.75756E+09 0.39160 
   14   14    1    1    1    1    1    1    1    1  3.04486E+09 0.39486 
   15   15    1    1    1    1    1    1    1    1  9.48361E+09 0.31473 
   16   16    1    1    1    1    1    1    1    1  1.84480E+09 0.29248 
   17   17    1    1    1    1    1    1    1    1  5.47261E+09 0.15225 
   18   18    1    1    1    1    1    1    1    1  1.09407E+10 0.19158 
   19   19    1    1    1    1    1    1    1    1  1.57401E+10 0.12160 
   20   20    1    1    1    1    1    1    1    1  5.29475E+10 0.09272 
   21   21    1    1    1    1    1    1    1    1  3.72326E+10 0.09663 
   22   22    1    1    1    1    1    1    1    1  1.14131E+11 0.06804 
   23   23    1    1    1    1    1    1    1    1  1.54945E+11 0.04344 
   24   24    1    1    1    1    1    1    1    1  2.61637E+11 0.03880 
   25   25    1    1    1    1    1    1    1    1  3.75641E+11 0.03491 
   26   26    1    1    1    1    1    1    1    1  7.41638E+11 0.03275 
   27   27    1    1    1    1    1    1    1    1  1.56647E+12 0.01780 
   28   28    1    1    1    1    1    1    1    1  3.20191E+12 0.01509 
   29   29    1    1    1    1    1    1    1    1  4.29110E+12 0.01846 
   30   30    1    1    1    1    1    1    1    1  1.13828E+13 0.00712 
   31   31    1    1    1    1    1    1    1    1  2.73523E+13 0.00530 
   32   32    1    1    1    1    1    1    1    1  4.12319E+13 0.00487 
   33   33    1    1    1    1    1    1    1    1  7.96746E+13 0.00353 
   34   34    1    1    1    1    1    1    1    1  9.07329E+13 0.00261 
   35   35    1    1    1    1    1    1    1    1  1.30592E+14 0.00194 
   36   36    1    1    1    1    1    1    1    1  1.02313E+14 0.00118 
   37   37    1    1    1    1    1    1    1    1  3.24142E+13 0.00226 
   38   38    1    1    1    1    1    1    1    1  1.54904E+14 0.00169 
   39   39    1    1    1    1    1    1    1    1  1.89795E+14 0.00175 
   40   40    1    1    1    1    1    1    1    1  3.09529E+14 0.00181 
   41   41    1    1    1    1    1    1    1    1  3.00578E+14 0.00182 
   42   42    1    1    1    1    1    1    1    1  5.38767E+14 0.00188 
   43   43    1    1    1    1    1    1    1    1  5.85726E+14 0.00202 
   44   44    1    1    1    1    1    1    1    1  7.54591E+14 0.00178 
   45   45    1    1    1    1    1    1    1    1  1.32218E+15 0.00181 
   46   46    1    1    1    1    1    1    1    1  6.85596E+14 0.00195 
   47   47    1    1    1    1    1    1    1    1  9.94367E+14 0.00196 
   48   48    1    1    1    1    1    1    1    1  1.36783E+15 0.00213 
   49   49    1    1    1    1    1    1    1    1  1.24633E+15 0.00208 
   50   50    1    1    1    1    1    1    1    1  1.87940E+15 0.00210 
   51   51    1    1    1    1    1    1    1    1  1.48426E+15 0.00232 
   52   52    1    1    1    1    1    1    1    1  1.65770E+15 0.00242 
   53   53    1    1    1    1    1    1    1    1  1.17726E+15 0.00210 
   54   54    1    1    1    1    1    1    1    1  1.40360E+15 0.00236 
   55   55    1    1    1    1    1    1    1    1  9.92336E+14 0.00256 
   56   56    1    1    1    1    1    1    1    1  1.37435E+14 0.00309 
   57   57    1    1    1    1    1    1    1    1  1.92199E+15 0.00253 
   58   58    1    1    1    1    1    1    1    1  8.26861E+14 0.00289 
   59   59    1    1    1    1    1    1    1    1  8.99585E+14 0.00244 
   60   60    1    1    1    1    1    1    1    1  6.98391E+14 0.00276 
   61   61    1    1    1    1    1    1    1    1  6.99551E+14 0.00246 
   62   62    1    1    1    1    1    1    1    1  7.01722E+14 0.00250 
   63   63    1    1    1    1    1    1    1    1  5.79765E+14 0.00298 
   64   64    1    1    1    1    1    1    1    1  4.54215E+14 0.00330 
   65   65    1    1    1    1    1    1    1    1  4.44285E+14 0.00292 
   66   66    1    1    1    1    1    1    1    1  3.50473E+14 0.00295 
   67   67    1    1    1    1    1    1    1    1  2.88854E+14 0.00290 
   68   68    1    1    1    1    1    1    1    1  2.55697E+14 0.00288 
   69   69    1    1    1    1    1    1    1    1  3.10186E+14 0.00268 
   70   70    1    1    1    1    1    1    1    1  2.66110E+14 0.00292 
   71   71    1    1    1    1    1    1    1    1  5.01764E+14 0.00332 
   72   72    1    1    1    1    1    1    1    1  3.63761E+14 0.00363 
   73   73    1    1    1    1    1    1    1    1  2.78816E+14 0.00357 
   74   74    1    1    1    1    1    1    1    1  2.22221E+14 0.00316 
   75   75    1    1    1    1    1    1    1    1  1.80053E+14 0.00398 
   76   76    1    1    1    1    1    1    1    1  2.03644E+14 0.00294 
   77   77    1    1    1    1    1    1    1    1  1.56437E+14 0.00336 
   78   78    1    1    1    1    1    1    1    1  1.19274E+14 0.00328 
   79   79    1    1    1    1    1    1    1    1  1.21820E+14 0.00444 
   80   80    1    1    1    1    1    1    1    1  9.06759E+13 0.00494 
   81   81    1    1    1    1    1    1    1    1  6.96148E+13 0.00452 
   82   82    1    1    1    1    1    1    1    1  5.36433E+13 0.00408 
   83   83    1    1    1    1    1    1    1    1  5.01194E+13 0.00414 
   84   84    1    1    1    1    1    1    1    1  3.58838E+13 0.00565 
   85   85    1    1    1    1    1    1    1    1  2.59614E+13 0.00635 
   86   86    1    1    1    1    1    1    1    1  2.43730E+13 0.00731 
   87   87    1    1    1    1    1    1    1    1  1.51747E+13 0.00953 
   88   88    1    1    1    1    1    1    1    1  1.01337E+13 0.00853 
   89   89    1    1    1    1    1    1    1    1  5.94690E+12 0.01375 
   90   90    1    1    1    1    1    1    1    1  3.84477E+12 0.01231 
   91   91    1    1    1    1    1    1    1    1  2.02214E+12 0.01854 
   92   92    1    1    1    1    1    1    1    1  9.74654E+11 0.03007 
   93   93    1    1    1    1    1    1    1    1  4.86095E+11 0.05094 
   94   94    1    1    1    1    1    1    1    1  2.31020E+11 0.06119 
   95   95    1    1    1    1    1    1    1    1  1.10870E+11 0.06188 
   96   96    1    1    1    1    1    1    1    1  5.63568E+10 0.07657 
   97   97    1    1    1    1    1    1    1    1  2.22631E+10 0.19481 
   98   98    1    1    1    1    1    1    1    1  1.61030E+10 0.29698 
   99   99    1    1    1    1    1    1    1    1  7.85082E+09 0.23901 
  100  100    1    1    1    1    1    1    1    1  5.96420E+09 0.36212 
];


