
DETdpaspec = [
    1    1    1    1    1    1    1    1    1    1  0.00000E+00 0.00000 
    2    2    1    1    1    1    1    1    1    1  0.00000E+00 0.00000 
    3    3    1    1    1    1    1    1    1    1  0.00000E+00 0.00000 
    4    4    1    1    1    1    1    1    1    1  0.00000E+00 0.00000 
    5    5    1    1    1    1    1    1    1    1  0.00000E+00 0.00000 
    6    6    1    1    1    1    1    1    1    1  0.00000E+00 0.00000 
    7    7    1    1    1    1    1    1    1    1  4.07061E+07 0.69007 
    8    8    1    1    1    1    1    1    1    1  6.35400E+07 0.71979 
    9    9    1    1    1    1    1    1    1    1  1.41358E+08 0.60000 
   10   10    1    1    1    1    1    1    1    1  6.52877E+07 1.00000 
   11   11    1    1    1    1    1    1    1    1  3.09852E+08 0.49150 
   12   12    1    1    1    1    1    1    1    1  1.59665E+08 0.40930 
   13   13    1    1    1    1    1    1    1    1  2.18555E+09 0.36136 
   14   14    1    1    1    1    1    1    1    1  3.46737E+09 0.30308 
   15   15    1    1    1    1    1    1    1    1  5.69079E+09 0.33122 
   16   16    1    1    1    1    1    1    1    1  2.94739E+09 0.23684 
   17   17    1    1    1    1    1    1    1    1  7.23812E+09 0.16819 
   18   18    1    1    1    1    1    1    1    1  2.39168E+10 0.14352 
   19   19    1    1    1    1    1    1    1    1  2.12308E+10 0.11693 
   20   20    1    1    1    1    1    1    1    1  7.35559E+10 0.08052 
   21   21    1    1    1    1    1    1    1    1  5.26622E+10 0.06733 
   22   22    1    1    1    1    1    1    1    1  1.51378E+11 0.07017 
   23   23    1    1    1    1    1    1    1    1  2.13550E+11 0.05048 
   24   24    1    1    1    1    1    1    1    1  3.38856E+11 0.02970 
   25   25    1    1    1    1    1    1    1    1  5.07755E+11 0.03445 
   26   26    1    1    1    1    1    1    1    1  9.19186E+11 0.02122 
   27   27    1    1    1    1    1    1    1    1  1.69181E+12 0.01855 
   28   28    1    1    1    1    1    1    1    1  3.20359E+12 0.01340 
   29   29    1    1    1    1    1    1    1    1  3.92121E+12 0.01090 
   30   30    1    1    1    1    1    1    1    1  1.07637E+13 0.01013 
   31   31    1    1    1    1    1    1    1    1  2.46076E+13 0.00984 
   32   32    1    1    1    1    1    1    1    1  3.56935E+13 0.00850 
   33   33    1    1    1    1    1    1    1    1  6.77317E+13 0.00835 
   34   34    1    1    1    1    1    1    1    1  7.52055E+13 0.00752 
   35   35    1    1    1    1    1    1    1    1  1.10374E+14 0.00684 
   36   36    1    1    1    1    1    1    1    1  8.59004E+13 0.00661 
   37   37    1    1    1    1    1    1    1    1  2.72671E+13 0.00716 
   38   38    1    1    1    1    1    1    1    1  1.27791E+14 0.00694 
   39   39    1    1    1    1    1    1    1    1  1.55475E+14 0.00725 
   40   40    1    1    1    1    1    1    1    1  2.50818E+14 0.00689 
   41   41    1    1    1    1    1    1    1    1  2.44494E+14 0.00688 
   42   42    1    1    1    1    1    1    1    1  4.31221E+14 0.00700 
   43   43    1    1    1    1    1    1    1    1  4.66606E+14 0.00736 
   44   44    1    1    1    1    1    1    1    1  5.96873E+14 0.00659 
   45   45    1    1    1    1    1    1    1    1  1.04116E+15 0.00688 
   46   46    1    1    1    1    1    1    1    1  5.40367E+14 0.00677 
   47   47    1    1    1    1    1    1    1    1  7.83639E+14 0.00651 
   48   48    1    1    1    1    1    1    1    1  1.07916E+15 0.00701 
   49   49    1    1    1    1    1    1    1    1  9.87053E+14 0.00678 
   50   50    1    1    1    1    1    1    1    1  1.48406E+15 0.00718 
   51   51    1    1    1    1    1    1    1    1  1.18217E+15 0.00702 
   52   52    1    1    1    1    1    1    1    1  1.31138E+15 0.00708 
   53   53    1    1    1    1    1    1    1    1  9.39070E+14 0.00717 
   54   54    1    1    1    1    1    1    1    1  1.11680E+15 0.00722 
   55   55    1    1    1    1    1    1    1    1  7.94812E+14 0.00696 
   56   56    1    1    1    1    1    1    1    1  1.10268E+14 0.00706 
   57   57    1    1    1    1    1    1    1    1  1.54354E+15 0.00705 
   58   58    1    1    1    1    1    1    1    1  6.59976E+14 0.00717 
   59   59    1    1    1    1    1    1    1    1  7.21859E+14 0.00715 
   60   60    1    1    1    1    1    1    1    1  5.60156E+14 0.00701 
   61   61    1    1    1    1    1    1    1    1  5.61438E+14 0.00734 
   62   62    1    1    1    1    1    1    1    1  5.60994E+14 0.00750 
   63   63    1    1    1    1    1    1    1    1  4.65933E+14 0.00762 
   64   64    1    1    1    1    1    1    1    1  3.65443E+14 0.00718 
   65   65    1    1    1    1    1    1    1    1  3.58651E+14 0.00740 
   66   66    1    1    1    1    1    1    1    1  2.83379E+14 0.00746 
   67   67    1    1    1    1    1    1    1    1  2.34614E+14 0.00756 
   68   68    1    1    1    1    1    1    1    1  2.08111E+14 0.00750 
   69   69    1    1    1    1    1    1    1    1  2.52489E+14 0.00784 
   70   70    1    1    1    1    1    1    1    1  2.16303E+14 0.00748 
   71   71    1    1    1    1    1    1    1    1  4.11096E+14 0.00751 
   72   72    1    1    1    1    1    1    1    1  3.01306E+14 0.00792 
   73   73    1    1    1    1    1    1    1    1  2.30645E+14 0.00797 
   74   74    1    1    1    1    1    1    1    1  1.83128E+14 0.00760 
   75   75    1    1    1    1    1    1    1    1  1.46504E+14 0.00817 
   76   76    1    1    1    1    1    1    1    1  1.65384E+14 0.00781 
   77   77    1    1    1    1    1    1    1    1  1.26317E+14 0.00719 
   78   78    1    1    1    1    1    1    1    1  9.61907E+13 0.00868 
   79   79    1    1    1    1    1    1    1    1  9.84761E+13 0.00778 
   80   80    1    1    1    1    1    1    1    1  7.29606E+13 0.00765 
   81   81    1    1    1    1    1    1    1    1  5.60694E+13 0.00789 
   82   82    1    1    1    1    1    1    1    1  4.29712E+13 0.01067 
   83   83    1    1    1    1    1    1    1    1  3.99977E+13 0.00896 
   84   84    1    1    1    1    1    1    1    1  2.87064E+13 0.00958 
   85   85    1    1    1    1    1    1    1    1  2.07679E+13 0.00855 
   86   86    1    1    1    1    1    1    1    1  1.94304E+13 0.01044 
   87   87    1    1    1    1    1    1    1    1  1.21325E+13 0.01009 
   88   88    1    1    1    1    1    1    1    1  8.13322E+12 0.01463 
   89   89    1    1    1    1    1    1    1    1  4.74079E+12 0.01330 
   90   90    1    1    1    1    1    1    1    1  3.02114E+12 0.02190 
   91   91    1    1    1    1    1    1    1    1  1.51799E+12 0.02672 
   92   92    1    1    1    1    1    1    1    1  7.41440E+11 0.03579 
   93   93    1    1    1    1    1    1    1    1  3.82430E+11 0.05434 
   94   94    1    1    1    1    1    1    1    1  1.69540E+11 0.03889 
   95   95    1    1    1    1    1    1    1    1  8.83814E+10 0.07746 
   96   96    1    1    1    1    1    1    1    1  3.32080E+10 0.15296 
   97   97    1    1    1    1    1    1    1    1  8.63417E+09 0.20824 
   98   98    1    1    1    1    1    1    1    1  8.99835E+09 0.35267 
   99   99    1    1    1    1    1    1    1    1  2.37884E+09 0.48794 
  100  100    1    1    1    1    1    1    1    1  2.44308E+09 0.42490 
];


