
DETdpaspec = [
    1    1    1    1    1    1    1    1    1    1  0.00000E+00 0.00000 
    2    2    1    1    1    1    1    1    1    1  0.00000E+00 0.00000 
    3    3    1    1    1    1    1    1    1    1  0.00000E+00 0.00000 
    4    4    1    1    1    1    1    1    1    1  1.08646E+07 1.00000 
    5    5    1    1    1    1    1    1    1    1  0.00000E+00 0.00000 
    6    6    1    1    1    1    1    1    1    1  0.00000E+00 0.00000 
    7    7    1    1    1    1    1    1    1    1  0.00000E+00 0.00000 
    8    8    1    1    1    1    1    1    1    1  0.00000E+00 0.00000 
    9    9    1    1    1    1    1    1    1    1  0.00000E+00 0.00000 
   10   10    1    1    1    1    1    1    1    1  4.56318E+07 1.00000 
   11   11    1    1    1    1    1    1    1    1  4.43674E+08 0.61519 
   12   12    1    1    1    1    1    1    1    1  5.54753E+07 0.66826 
   13   13    1    1    1    1    1    1    1    1  3.22859E+09 0.38612 
   14   14    1    1    1    1    1    1    1    1  3.22465E+09 0.26153 
   15   15    1    1    1    1    1    1    1    1  8.74579E+09 0.41345 
   16   16    1    1    1    1    1    1    1    1  1.43766E+09 0.30331 
   17   17    1    1    1    1    1    1    1    1  3.92289E+09 0.21749 
   18   18    1    1    1    1    1    1    1    1  1.01584E+10 0.18515 
   19   19    1    1    1    1    1    1    1    1  1.97741E+10 0.12800 
   20   20    1    1    1    1    1    1    1    1  6.13739E+10 0.11167 
   21   21    1    1    1    1    1    1    1    1  3.86462E+10 0.10512 
   22   22    1    1    1    1    1    1    1    1  1.02958E+11 0.09257 
   23   23    1    1    1    1    1    1    1    1  1.47580E+11 0.07538 
   24   24    1    1    1    1    1    1    1    1  2.36495E+11 0.05633 
   25   25    1    1    1    1    1    1    1    1  3.53970E+11 0.05114 
   26   26    1    1    1    1    1    1    1    1  6.73363E+11 0.03032 
   27   27    1    1    1    1    1    1    1    1  1.30711E+12 0.02131 
   28   28    1    1    1    1    1    1    1    1  2.47962E+12 0.01620 
   29   29    1    1    1    1    1    1    1    1  3.19145E+12 0.01803 
   30   30    1    1    1    1    1    1    1    1  8.48304E+12 0.01163 
   31   31    1    1    1    1    1    1    1    1  1.94483E+13 0.00966 
   32   32    1    1    1    1    1    1    1    1  2.89625E+13 0.00951 
   33   33    1    1    1    1    1    1    1    1  5.51324E+13 0.00874 
   34   34    1    1    1    1    1    1    1    1  6.09383E+13 0.00745 
   35   35    1    1    1    1    1    1    1    1  8.89046E+13 0.00768 
   36   36    1    1    1    1    1    1    1    1  6.96056E+13 0.00756 
   37   37    1    1    1    1    1    1    1    1  2.21081E+13 0.00763 
   38   38    1    1    1    1    1    1    1    1  1.04110E+14 0.00763 
   39   39    1    1    1    1    1    1    1    1  1.27096E+14 0.00722 
   40   40    1    1    1    1    1    1    1    1  2.05385E+14 0.00742 
   41   41    1    1    1    1    1    1    1    1  1.99764E+14 0.00775 
   42   42    1    1    1    1    1    1    1    1  3.53993E+14 0.00703 
   43   43    1    1    1    1    1    1    1    1  3.84374E+14 0.00684 
   44   44    1    1    1    1    1    1    1    1  4.91292E+14 0.00765 
   45   45    1    1    1    1    1    1    1    1  8.54966E+14 0.00769 
   46   46    1    1    1    1    1    1    1    1  4.43499E+14 0.00694 
   47   47    1    1    1    1    1    1    1    1  6.42112E+14 0.00729 
   48   48    1    1    1    1    1    1    1    1  8.83129E+14 0.00739 
   49   49    1    1    1    1    1    1    1    1  8.06435E+14 0.00737 
   50   50    1    1    1    1    1    1    1    1  1.21094E+15 0.00758 
   51   51    1    1    1    1    1    1    1    1  9.60340E+14 0.00766 
   52   52    1    1    1    1    1    1    1    1  1.06625E+15 0.00754 
   53   53    1    1    1    1    1    1    1    1  7.62106E+14 0.00807 
   54   54    1    1    1    1    1    1    1    1  9.03798E+14 0.00793 
   55   55    1    1    1    1    1    1    1    1  6.41115E+14 0.00793 
   56   56    1    1    1    1    1    1    1    1  8.86420E+13 0.00796 
   57   57    1    1    1    1    1    1    1    1  1.24180E+15 0.00813 
   58   58    1    1    1    1    1    1    1    1  5.29949E+14 0.00750 
   59   59    1    1    1    1    1    1    1    1  5.79684E+14 0.00784 
   60   60    1    1    1    1    1    1    1    1  4.49497E+14 0.00842 
   61   61    1    1    1    1    1    1    1    1  4.50233E+14 0.00800 
   62   62    1    1    1    1    1    1    1    1  4.48821E+14 0.00802 
   63   63    1    1    1    1    1    1    1    1  3.72251E+14 0.00806 
   64   64    1    1    1    1    1    1    1    1  2.91361E+14 0.00874 
   65   65    1    1    1    1    1    1    1    1  2.86829E+14 0.00927 
   66   66    1    1    1    1    1    1    1    1  2.25569E+14 0.00943 
   67   67    1    1    1    1    1    1    1    1  1.86897E+14 0.00948 
   68   68    1    1    1    1    1    1    1    1  1.65626E+14 0.00937 
   69   69    1    1    1    1    1    1    1    1  2.00440E+14 0.00916 
   70   70    1    1    1    1    1    1    1    1  1.72372E+14 0.00894 
   71   71    1    1    1    1    1    1    1    1  3.25877E+14 0.00869 
   72   72    1    1    1    1    1    1    1    1  2.37549E+14 0.00912 
   73   73    1    1    1    1    1    1    1    1  1.83286E+14 0.00837 
   74   74    1    1    1    1    1    1    1    1  1.45051E+14 0.00857 
   75   75    1    1    1    1    1    1    1    1  1.16922E+14 0.00984 
   76   76    1    1    1    1    1    1    1    1  1.31188E+14 0.00946 
   77   77    1    1    1    1    1    1    1    1  1.00437E+14 0.00826 
   78   78    1    1    1    1    1    1    1    1  7.65680E+13 0.01015 
   79   79    1    1    1    1    1    1    1    1  7.85222E+13 0.00779 
   80   80    1    1    1    1    1    1    1    1  5.77697E+13 0.01142 
   81   81    1    1    1    1    1    1    1    1  4.42841E+13 0.00822 
   82   82    1    1    1    1    1    1    1    1  3.43044E+13 0.01037 
   83   83    1    1    1    1    1    1    1    1  3.16150E+13 0.00933 
   84   84    1    1    1    1    1    1    1    1  2.26722E+13 0.01214 
   85   85    1    1    1    1    1    1    1    1  1.62291E+13 0.01241 
   86   86    1    1    1    1    1    1    1    1  1.52380E+13 0.01412 
   87   87    1    1    1    1    1    1    1    1  9.55916E+12 0.01330 
   88   88    1    1    1    1    1    1    1    1  6.46053E+12 0.01289 
   89   89    1    1    1    1    1    1    1    1  3.72308E+12 0.01308 
   90   90    1    1    1    1    1    1    1    1  2.43636E+12 0.01878 
   91   91    1    1    1    1    1    1    1    1  1.23878E+12 0.03000 
   92   92    1    1    1    1    1    1    1    1  5.85363E+11 0.04534 
   93   93    1    1    1    1    1    1    1    1  2.83731E+11 0.06173 
   94   94    1    1    1    1    1    1    1    1  1.40239E+11 0.08498 
   95   95    1    1    1    1    1    1    1    1  7.55157E+10 0.14370 
   96   96    1    1    1    1    1    1    1    1  3.73320E+10 0.13413 
   97   97    1    1    1    1    1    1    1    1  2.06808E+10 0.26273 
   98   98    1    1    1    1    1    1    1    1  1.68823E+10 0.29380 
   99   99    1    1    1    1    1    1    1    1  6.47371E+09 0.48026 
  100  100    1    1    1    1    1    1    1    1  1.64340E+09 1.00000 
];


