
DETdpaspec = [
    1    1    1    1    1    1    1    1    1    1  0.00000E+00 0.00000 
    2    2    1    1    1    1    1    1    1    1  0.00000E+00 0.00000 
    3    3    1    1    1    1    1    1    1    1  0.00000E+00 0.00000 
    4    4    1    1    1    1    1    1    1    1  0.00000E+00 0.00000 
    5    5    1    1    1    1    1    1    1    1  0.00000E+00 0.00000 
    6    6    1    1    1    1    1    1    1    1  0.00000E+00 0.00000 
    7    7    1    1    1    1    1    1    1    1  5.93258E+07 0.55056 
    8    8    1    1    1    1    1    1    1    1  6.85828E+07 0.72302 
    9    9    1    1    1    1    1    1    1    1  0.00000E+00 0.00000 
   10   10    1    1    1    1    1    1    1    1  1.73748E+08 0.72087 
   11   11    1    1    1    1    1    1    1    1  3.11117E+08 0.64571 
   12   12    1    1    1    1    1    1    1    1  1.22081E+08 0.41743 
   13   13    1    1    1    1    1    1    1    1  6.97398E+08 0.54746 
   14   14    1    1    1    1    1    1    1    1  4.56788E+09 0.23458 
   15   15    1    1    1    1    1    1    1    1  7.88832E+09 0.27253 
   16   16    1    1    1    1    1    1    1    1  2.47234E+09 0.22699 
   17   17    1    1    1    1    1    1    1    1  6.90300E+09 0.25340 
   18   18    1    1    1    1    1    1    1    1  1.87274E+10 0.11279 
   19   19    1    1    1    1    1    1    1    1  1.78389E+10 0.13679 
   20   20    1    1    1    1    1    1    1    1  4.09633E+10 0.15593 
   21   21    1    1    1    1    1    1    1    1  4.33546E+10 0.06641 
   22   22    1    1    1    1    1    1    1    1  1.38418E+11 0.07221 
   23   23    1    1    1    1    1    1    1    1  1.60435E+11 0.06372 
   24   24    1    1    1    1    1    1    1    1  2.67718E+11 0.04634 
   25   25    1    1    1    1    1    1    1    1  3.85209E+11 0.03697 
   26   26    1    1    1    1    1    1    1    1  7.80434E+11 0.02942 
   27   27    1    1    1    1    1    1    1    1  1.66591E+12 0.02576 
   28   28    1    1    1    1    1    1    1    1  3.49093E+12 0.01097 
   29   29    1    1    1    1    1    1    1    1  4.67519E+12 0.01184 
   30   30    1    1    1    1    1    1    1    1  1.23634E+13 0.00640 
   31   31    1    1    1    1    1    1    1    1  2.95377E+13 0.00654 
   32   32    1    1    1    1    1    1    1    1  4.43130E+13 0.00431 
   33   33    1    1    1    1    1    1    1    1  8.61582E+13 0.00397 
   34   34    1    1    1    1    1    1    1    1  9.85907E+13 0.00286 
   35   35    1    1    1    1    1    1    1    1  1.41385E+14 0.00333 
   36   36    1    1    1    1    1    1    1    1  1.10852E+14 0.00293 
   37   37    1    1    1    1    1    1    1    1  3.51516E+13 0.00307 
   38   38    1    1    1    1    1    1    1    1  1.68051E+14 0.00249 
   39   39    1    1    1    1    1    1    1    1  2.05847E+14 0.00258 
   40   40    1    1    1    1    1    1    1    1  3.37304E+14 0.00287 
   41   41    1    1    1    1    1    1    1    1  3.27845E+14 0.00278 
   42   42    1    1    1    1    1    1    1    1  5.87867E+14 0.00245 
   43   43    1    1    1    1    1    1    1    1  6.40789E+14 0.00262 
   44   44    1    1    1    1    1    1    1    1  8.25733E+14 0.00248 
   45   45    1    1    1    1    1    1    1    1  1.45104E+15 0.00252 
   46   46    1    1    1    1    1    1    1    1  7.52063E+14 0.00244 
   47   47    1    1    1    1    1    1    1    1  1.08838E+15 0.00249 
   48   48    1    1    1    1    1    1    1    1  1.50027E+15 0.00250 
   49   49    1    1    1    1    1    1    1    1  1.36653E+15 0.00255 
   50   50    1    1    1    1    1    1    1    1  2.06390E+15 0.00239 
   51   51    1    1    1    1    1    1    1    1  1.63090E+15 0.00262 
   52   52    1    1    1    1    1    1    1    1  1.82429E+15 0.00227 
   53   53    1    1    1    1    1    1    1    1  1.29447E+15 0.00249 
   54   54    1    1    1    1    1    1    1    1  1.54490E+15 0.00252 
   55   55    1    1    1    1    1    1    1    1  1.09232E+15 0.00263 
   56   56    1    1    1    1    1    1    1    1  1.51267E+14 0.00298 
   57   57    1    1    1    1    1    1    1    1  2.11847E+15 0.00261 
   58   58    1    1    1    1    1    1    1    1  9.11073E+14 0.00299 
   59   59    1    1    1    1    1    1    1    1  9.91544E+14 0.00268 
   60   60    1    1    1    1    1    1    1    1  7.71978E+14 0.00284 
   61   61    1    1    1    1    1    1    1    1  7.69597E+14 0.00276 
   62   62    1    1    1    1    1    1    1    1  7.72597E+14 0.00269 
   63   63    1    1    1    1    1    1    1    1  6.40267E+14 0.00333 
   64   64    1    1    1    1    1    1    1    1  5.01360E+14 0.00352 
   65   65    1    1    1    1    1    1    1    1  4.91404E+14 0.00350 
   66   66    1    1    1    1    1    1    1    1  3.86452E+14 0.00337 
   67   67    1    1    1    1    1    1    1    1  3.19104E+14 0.00306 
   68   68    1    1    1    1    1    1    1    1  2.82711E+14 0.00347 
   69   69    1    1    1    1    1    1    1    1  3.42879E+14 0.00377 
   70   70    1    1    1    1    1    1    1    1  2.94038E+14 0.00322 
   71   71    1    1    1    1    1    1    1    1  5.53247E+14 0.00279 
   72   72    1    1    1    1    1    1    1    1  4.02199E+14 0.00323 
   73   73    1    1    1    1    1    1    1    1  3.08603E+14 0.00322 
   74   74    1    1    1    1    1    1    1    1  2.45401E+14 0.00268 
   75   75    1    1    1    1    1    1    1    1  1.97837E+14 0.00335 
   76   76    1    1    1    1    1    1    1    1  2.24811E+14 0.00378 
   77   77    1    1    1    1    1    1    1    1  1.72786E+14 0.00379 
   78   78    1    1    1    1    1    1    1    1  1.32213E+14 0.00423 
   79   79    1    1    1    1    1    1    1    1  1.35970E+14 0.00432 
   80   80    1    1    1    1    1    1    1    1  9.99045E+13 0.00482 
   81   81    1    1    1    1    1    1    1    1  7.72299E+13 0.00489 
   82   82    1    1    1    1    1    1    1    1  5.94240E+13 0.00446 
   83   83    1    1    1    1    1    1    1    1  5.56748E+13 0.00485 
   84   84    1    1    1    1    1    1    1    1  3.99237E+13 0.00847 
   85   85    1    1    1    1    1    1    1    1  2.88009E+13 0.00594 
   86   86    1    1    1    1    1    1    1    1  2.67639E+13 0.00852 
   87   87    1    1    1    1    1    1    1    1  1.68392E+13 0.00552 
   88   88    1    1    1    1    1    1    1    1  1.13885E+13 0.00804 
   89   89    1    1    1    1    1    1    1    1  6.50821E+12 0.01250 
   90   90    1    1    1    1    1    1    1    1  4.30824E+12 0.01467 
   91   91    1    1    1    1    1    1    1    1  2.19112E+12 0.01839 
   92   92    1    1    1    1    1    1    1    1  1.11281E+12 0.02763 
   93   93    1    1    1    1    1    1    1    1  5.13216E+11 0.03691 
   94   94    1    1    1    1    1    1    1    1  2.80351E+11 0.06295 
   95   95    1    1    1    1    1    1    1    1  1.16778E+11 0.08177 
   96   96    1    1    1    1    1    1    1    1  7.53239E+10 0.14138 
   97   97    1    1    1    1    1    1    1    1  2.81367E+10 0.15169 
   98   98    1    1    1    1    1    1    1    1  8.64475E+09 0.30171 
   99   99    1    1    1    1    1    1    1    1  5.14412E+09 0.44860 
  100  100    1    1    1    1    1    1    1    1  4.36743E+09 0.44619 
];


