
DETdpaspec = [
    1    1    1    1    1    1    1    1    1    1  0.00000E+00 0.00000 
    2    2    1    1    1    1    1    1    1    1  0.00000E+00 0.00000 
    3    3    1    1    1    1    1    1    1    1  0.00000E+00 0.00000 
    4    4    1    1    1    1    1    1    1    1  0.00000E+00 0.00000 
    5    5    1    1    1    1    1    1    1    1  0.00000E+00 0.00000 
    6    6    1    1    1    1    1    1    1    1  0.00000E+00 0.00000 
    7    7    1    1    1    1    1    1    1    1  0.00000E+00 0.00000 
    8    8    1    1    1    1    1    1    1    1  4.08136E+07 1.00000 
    9    9    1    1    1    1    1    1    1    1  7.73518E+07 0.74237 
   10   10    1    1    1    1    1    1    1    1  1.62001E+08 0.69142 
   11   11    1    1    1    1    1    1    1    1  2.31364E+08 1.00000 
   12   12    1    1    1    1    1    1    1    1  6.46832E+08 0.39392 
   13   13    1    1    1    1    1    1    1    1  5.84946E+09 0.40607 
   14   14    1    1    1    1    1    1    1    1  6.76155E+09 0.30109 
   15   15    1    1    1    1    1    1    1    1  4.42312E+09 0.42666 
   16   16    1    1    1    1    1    1    1    1  2.45309E+09 0.37796 
   17   17    1    1    1    1    1    1    1    1  4.35115E+09 0.23166 
   18   18    1    1    1    1    1    1    1    1  1.30464E+10 0.27239 
   19   19    1    1    1    1    1    1    1    1  1.86696E+10 0.18730 
   20   20    1    1    1    1    1    1    1    1  5.60973E+10 0.12742 
   21   21    1    1    1    1    1    1    1    1  7.83636E+10 0.07464 
   22   22    1    1    1    1    1    1    1    1  3.36887E+11 0.03411 
   23   23    1    1    1    1    1    1    1    1  1.20379E+12 0.02346 
   24   24    1    1    1    1    1    1    1    1  3.36802E+12 0.01435 
   25   25    1    1    1    1    1    1    1    1  5.67334E+12 0.01135 
   26   26    1    1    1    1    1    1    1    1  1.10950E+13 0.00878 
   27   27    1    1    1    1    1    1    1    1  2.04572E+13 0.00562 
   28   28    1    1    1    1    1    1    1    1  4.04365E+13 0.00387 
   29   29    1    1    1    1    1    1    1    1  5.92638E+13 0.00458 
   30   30    1    1    1    1    1    1    1    1  1.04812E+14 0.00245 
   31   31    1    1    1    1    1    1    1    1  2.06516E+14 0.00224 
   32   32    1    1    1    1    1    1    1    1  2.74081E+14 0.00164 
   33   33    1    1    1    1    1    1    1    1  4.87881E+14 0.00185 
   34   34    1    1    1    1    1    1    1    1  5.69587E+14 0.00137 
   35   35    1    1    1    1    1    1    1    1  6.51420E+14 0.00119 
   36   36    1    1    1    1    1    1    1    1  4.63855E+14 0.00084 
   37   37    1    1    1    1    1    1    1    1  1.37094E+14 0.00086 
   38   38    1    1    1    1    1    1    1    1  6.90077E+14 0.00106 
   39   39    1    1    1    1    1    1    1    1  8.35767E+14 0.00114 
   40   40    1    1    1    1    1    1    1    1  1.39699E+15 0.00078 
   41   41    1    1    1    1    1    1    1    1  1.27076E+15 0.00058 
   42   42    1    1    1    1    1    1    1    1  2.34483E+15 0.00072 
   43   43    1    1    1    1    1    1    1    1  2.53756E+15 0.00069 
   44   44    1    1    1    1    1    1    1    1  3.26950E+15 0.00084 
   45   45    1    1    1    1    1    1    1    1  5.79442E+15 0.00078 
   46   46    1    1    1    1    1    1    1    1  2.98275E+15 0.00051 
   47   47    1    1    1    1    1    1    1    1  4.21816E+15 0.00060 
   48   48    1    1    1    1    1    1    1    1  5.85162E+15 0.00055 
   49   49    1    1    1    1    1    1    1    1  5.20724E+15 0.00076 
   50   50    1    1    1    1    1    1    1    1  8.13229E+15 0.00060 
   51   51    1    1    1    1    1    1    1    1  6.23339E+15 0.00052 
   52   52    1    1    1    1    1    1    1    1  7.20658E+15 0.00059 
   53   53    1    1    1    1    1    1    1    1  5.07846E+15 0.00059 
   54   54    1    1    1    1    1    1    1    1  6.28399E+15 0.00051 
   55   55    1    1    1    1    1    1    1    1  4.42692E+15 0.00057 
   56   56    1    1    1    1    1    1    1    1  6.06463E+14 0.00092 
   57   57    1    1    1    1    1    1    1    1  8.55476E+15 0.00056 
   58   58    1    1    1    1    1    1    1    1  3.85195E+15 0.00069 
   59   59    1    1    1    1    1    1    1    1  4.13856E+15 0.00071 
   60   60    1    1    1    1    1    1    1    1  3.34359E+15 0.00067 
   61   61    1    1    1    1    1    1    1    1  3.32946E+15 0.00085 
   62   62    1    1    1    1    1    1    1    1  3.35636E+15 0.00078 
   63   63    1    1    1    1    1    1    1    1  2.81349E+15 0.00097 
   64   64    1    1    1    1    1    1    1    1  2.21321E+15 0.00111 
   65   65    1    1    1    1    1    1    1    1  2.16269E+15 0.00103 
   66   66    1    1    1    1    1    1    1    1  1.71692E+15 0.00103 
   67   67    1    1    1    1    1    1    1    1  1.40147E+15 0.00086 
   68   68    1    1    1    1    1    1    1    1  1.23102E+15 0.00087 
   69   69    1    1    1    1    1    1    1    1  1.49235E+15 0.00107 
   70   70    1    1    1    1    1    1    1    1  1.27340E+15 0.00102 
   71   71    1    1    1    1    1    1    1    1  2.32827E+15 0.00065 
   72   72    1    1    1    1    1    1    1    1  1.67344E+15 0.00085 
   73   73    1    1    1    1    1    1    1    1  1.29211E+15 0.00102 
   74   74    1    1    1    1    1    1    1    1  1.05861E+15 0.00132 
   75   75    1    1    1    1    1    1    1    1  8.83086E+14 0.00145 
   76   76    1    1    1    1    1    1    1    1  1.02878E+15 0.00092 
   77   77    1    1    1    1    1    1    1    1  8.17766E+14 0.00143 
   78   78    1    1    1    1    1    1    1    1  6.39601E+14 0.00142 
   79   79    1    1    1    1    1    1    1    1  6.64708E+14 0.00139 
   80   80    1    1    1    1    1    1    1    1  4.97565E+14 0.00173 
   81   81    1    1    1    1    1    1    1    1  3.86560E+14 0.00153 
   82   82    1    1    1    1    1    1    1    1  2.97157E+14 0.00172 
   83   83    1    1    1    1    1    1    1    1  2.78183E+14 0.00186 
   84   84    1    1    1    1    1    1    1    1  2.00816E+14 0.00201 
   85   85    1    1    1    1    1    1    1    1  1.44818E+14 0.00223 
   86   86    1    1    1    1    1    1    1    1  1.34978E+14 0.00236 
   87   87    1    1    1    1    1    1    1    1  8.21966E+13 0.00370 
   88   88    1    1    1    1    1    1    1    1  5.58906E+13 0.00549 
   89   89    1    1    1    1    1    1    1    1  3.16903E+13 0.00429 
   90   90    1    1    1    1    1    1    1    1  2.09134E+13 0.00733 
   91   91    1    1    1    1    1    1    1    1  1.03221E+13 0.00871 
   92   92    1    1    1    1    1    1    1    1  4.98042E+12 0.01208 
   93   93    1    1    1    1    1    1    1    1  2.40305E+12 0.01840 
   94   94    1    1    1    1    1    1    1    1  1.19905E+12 0.03370 
   95   95    1    1    1    1    1    1    1    1  5.44447E+11 0.03917 
   96   96    1    1    1    1    1    1    1    1  2.45520E+11 0.05108 
   97   97    1    1    1    1    1    1    1    1  1.40917E+11 0.10089 
   98   98    1    1    1    1    1    1    1    1  7.04556E+10 0.16879 
   99   99    1    1    1    1    1    1    1    1  3.13706E+10 0.17883 
  100  100    1    1    1    1    1    1    1    1  3.17874E+10 0.14626 
];


