
DETdpaspec = [
    1    1    1    1    1    1    1    1    1    1  0.00000E+00 0.00000 
    2    2    1    1    1    1    1    1    1    1  5.79687E+06 1.00000 
    3    3    1    1    1    1    1    1    1    1  0.00000E+00 0.00000 
    4    4    1    1    1    1    1    1    1    1  0.00000E+00 0.00000 
    5    5    1    1    1    1    1    1    1    1  2.07682E+07 0.68828 
    6    6    1    1    1    1    1    1    1    1  9.18416E+06 1.00000 
    7    7    1    1    1    1    1    1    1    1  0.00000E+00 0.00000 
    8    8    1    1    1    1    1    1    1    1  4.82629E+07 0.68850 
    9    9    1    1    1    1    1    1    1    1  6.86223E+07 0.69239 
   10   10    1    1    1    1    1    1    1    1  6.76023E+07 1.00000 
   11   11    1    1    1    1    1    1    1    1  8.96876E+08 0.52747 
   12   12    1    1    1    1    1    1    1    1  2.83795E+08 0.42075 
   13   13    1    1    1    1    1    1    1    1  3.32759E+09 0.26487 
   14   14    1    1    1    1    1    1    1    1  1.18177E+10 0.20490 
   15   15    1    1    1    1    1    1    1    1  1.64441E+10 0.15011 
   16   16    1    1    1    1    1    1    1    1  6.12694E+09 0.17512 
   17   17    1    1    1    1    1    1    1    1  8.31438E+09 0.12293 
   18   18    1    1    1    1    1    1    1    1  3.55158E+10 0.10551 
   19   19    1    1    1    1    1    1    1    1  3.35901E+10 0.11408 
   20   20    1    1    1    1    1    1    1    1  9.37826E+10 0.09828 
   21   21    1    1    1    1    1    1    1    1  9.35411E+10 0.06139 
   22   22    1    1    1    1    1    1    1    1  2.62586E+11 0.05773 
   23   23    1    1    1    1    1    1    1    1  3.30349E+11 0.03889 
   24   24    1    1    1    1    1    1    1    1  5.34195E+11 0.03182 
   25   25    1    1    1    1    1    1    1    1  7.23222E+11 0.03122 
   26   26    1    1    1    1    1    1    1    1  1.26975E+12 0.02632 
   27   27    1    1    1    1    1    1    1    1  2.52659E+12 0.01699 
   28   28    1    1    1    1    1    1    1    1  4.62098E+12 0.01462 
   29   29    1    1    1    1    1    1    1    1  5.53489E+12 0.01222 
   30   30    1    1    1    1    1    1    1    1  1.49636E+13 0.01200 
   31   31    1    1    1    1    1    1    1    1  3.34437E+13 0.00931 
   32   32    1    1    1    1    1    1    1    1  4.83803E+13 0.00841 
   33   33    1    1    1    1    1    1    1    1  8.96524E+13 0.00815 
   34   34    1    1    1    1    1    1    1    1  9.86775E+13 0.00931 
   35   35    1    1    1    1    1    1    1    1  1.44977E+14 0.00803 
   36   36    1    1    1    1    1    1    1    1  1.12760E+14 0.00841 
   37   37    1    1    1    1    1    1    1    1  3.57922E+13 0.00822 
   38   38    1    1    1    1    1    1    1    1  1.66321E+14 0.00921 
   39   39    1    1    1    1    1    1    1    1  2.02044E+14 0.00838 
   40   40    1    1    1    1    1    1    1    1  3.23199E+14 0.00806 
   41   41    1    1    1    1    1    1    1    1  3.14843E+14 0.00806 
   42   42    1    1    1    1    1    1    1    1  5.52454E+14 0.00814 
   43   43    1    1    1    1    1    1    1    1  5.95371E+14 0.00803 
   44   44    1    1    1    1    1    1    1    1  7.63112E+14 0.00814 
   45   45    1    1    1    1    1    1    1    1  1.32385E+15 0.00845 
   46   46    1    1    1    1    1    1    1    1  6.88689E+14 0.00868 
   47   47    1    1    1    1    1    1    1    1  1.00116E+15 0.00842 
   48   48    1    1    1    1    1    1    1    1  1.37877E+15 0.00867 
   49   49    1    1    1    1    1    1    1    1  1.26498E+15 0.00864 
   50   50    1    1    1    1    1    1    1    1  1.89918E+15 0.00894 
   51   51    1    1    1    1    1    1    1    1  1.51776E+15 0.00921 
   52   52    1    1    1    1    1    1    1    1  1.68865E+15 0.00961 
   53   53    1    1    1    1    1    1    1    1  1.21087E+15 0.00926 
   54   54    1    1    1    1    1    1    1    1  1.43803E+15 0.00952 
   55   55    1    1    1    1    1    1    1    1  1.02641E+15 0.00956 
   56   56    1    1    1    1    1    1    1    1  1.42814E+14 0.00994 
   57   57    1    1    1    1    1    1    1    1  1.99800E+15 0.00988 
   58   58    1    1    1    1    1    1    1    1  8.51421E+14 0.00971 
   59   59    1    1    1    1    1    1    1    1  9.36093E+14 0.01022 
   60   60    1    1    1    1    1    1    1    1  7.25442E+14 0.00967 
   61   61    1    1    1    1    1    1    1    1  7.27112E+14 0.00949 
   62   62    1    1    1    1    1    1    1    1  7.28239E+14 0.00975 
   63   63    1    1    1    1    1    1    1    1  6.03127E+14 0.00951 
   64   64    1    1    1    1    1    1    1    1  4.73624E+14 0.00951 
   65   65    1    1    1    1    1    1    1    1  4.68073E+14 0.00955 
   66   66    1    1    1    1    1    1    1    1  3.68738E+14 0.01007 
   67   67    1    1    1    1    1    1    1    1  3.05301E+14 0.01012 
   68   68    1    1    1    1    1    1    1    1  2.70838E+14 0.01053 
   69   69    1    1    1    1    1    1    1    1  3.26869E+14 0.01030 
   70   70    1    1    1    1    1    1    1    1  2.82121E+14 0.01005 
   71   71    1    1    1    1    1    1    1    1  5.38853E+14 0.00974 
   72   72    1    1    1    1    1    1    1    1  3.94339E+14 0.00966 
   73   73    1    1    1    1    1    1    1    1  3.01931E+14 0.01036 
   74   74    1    1    1    1    1    1    1    1  2.38997E+14 0.00988 
   75   75    1    1    1    1    1    1    1    1  1.92143E+14 0.01039 
   76   76    1    1    1    1    1    1    1    1  2.15016E+14 0.01091 
   77   77    1    1    1    1    1    1    1    1  1.64549E+14 0.01033 
   78   78    1    1    1    1    1    1    1    1  1.25345E+14 0.00900 
   79   79    1    1    1    1    1    1    1    1  1.28326E+14 0.01048 
   80   80    1    1    1    1    1    1    1    1  9.46289E+13 0.00912 
   81   81    1    1    1    1    1    1    1    1  7.24792E+13 0.01066 
   82   82    1    1    1    1    1    1    1    1  5.55880E+13 0.01195 
   83   83    1    1    1    1    1    1    1    1  5.18375E+13 0.01230 
   84   84    1    1    1    1    1    1    1    1  3.71496E+13 0.01143 
   85   85    1    1    1    1    1    1    1    1  2.66239E+13 0.01316 
   86   86    1    1    1    1    1    1    1    1  2.52006E+13 0.01126 
   87   87    1    1    1    1    1    1    1    1  1.56622E+13 0.01241 
   88   88    1    1    1    1    1    1    1    1  1.07066E+13 0.01267 
   89   89    1    1    1    1    1    1    1    1  6.16060E+12 0.01690 
   90   90    1    1    1    1    1    1    1    1  4.09068E+12 0.02083 
   91   91    1    1    1    1    1    1    1    1  1.97960E+12 0.02854 
   92   92    1    1    1    1    1    1    1    1  1.04178E+12 0.04089 
   93   93    1    1    1    1    1    1    1    1  4.78546E+11 0.03965 
   94   94    1    1    1    1    1    1    1    1  2.34412E+11 0.04528 
   95   95    1    1    1    1    1    1    1    1  1.29408E+11 0.07664 
   96   96    1    1    1    1    1    1    1    1  5.28787E+10 0.10124 
   97   97    1    1    1    1    1    1    1    1  2.50707E+10 0.14741 
   98   98    1    1    1    1    1    1    1    1  1.38335E+10 0.37925 
   99   99    1    1    1    1    1    1    1    1  2.41188E+09 0.35053 
  100  100    1    1    1    1    1    1    1    1  5.17739E+09 0.37667 
];


