
DETdpaspec = [
    1    1    1    1    1    1    1    1    1    1  0.00000E+00 0.00000 
    2    2    1    1    1    1    1    1    1    1  0.00000E+00 0.00000 
    3    3    1    1    1    1    1    1    1    1  0.00000E+00 0.00000 
    4    4    1    1    1    1    1    1    1    1  0.00000E+00 0.00000 
    5    5    1    1    1    1    1    1    1    1  0.00000E+00 0.00000 
    6    6    1    1    1    1    1    1    1    1  1.25126E+07 1.00000 
    7    7    1    1    1    1    1    1    1    1  0.00000E+00 0.00000 
    8    8    1    1    1    1    1    1    1    1  2.16597E+07 1.00000 
    9    9    1    1    1    1    1    1    1    1  2.37760E+07 0.70069 
   10   10    1    1    1    1    1    1    1    1  3.16396E+08 0.55700 
   11   11    1    1    1    1    1    1    1    1  8.17713E+08 0.42117 
   12   12    1    1    1    1    1    1    1    1  1.91896E+08 0.38040 
   13   13    1    1    1    1    1    1    1    1  1.12180E+09 0.59310 
   14   14    1    1    1    1    1    1    1    1  6.47956E+09 0.31667 
   15   15    1    1    1    1    1    1    1    1  9.14001E+09 0.27466 
   16   16    1    1    1    1    1    1    1    1  2.94279E+09 0.38878 
   17   17    1    1    1    1    1    1    1    1  8.31560E+09 0.13046 
   18   18    1    1    1    1    1    1    1    1  1.53334E+10 0.16939 
   19   19    1    1    1    1    1    1    1    1  2.65168E+10 0.08316 
   20   20    1    1    1    1    1    1    1    1  7.08071E+10 0.12610 
   21   21    1    1    1    1    1    1    1    1  6.21282E+10 0.07313 
   22   22    1    1    1    1    1    1    1    1  1.58881E+11 0.06803 
   23   23    1    1    1    1    1    1    1    1  2.36945E+11 0.03567 
   24   24    1    1    1    1    1    1    1    1  4.35391E+11 0.02696 
   25   25    1    1    1    1    1    1    1    1  6.73678E+11 0.02697 
   26   26    1    1    1    1    1    1    1    1  1.42423E+12 0.01545 
   27   27    1    1    1    1    1    1    1    1  2.92798E+12 0.01490 
   28   28    1    1    1    1    1    1    1    1  6.84747E+12 0.01059 
   29   29    1    1    1    1    1    1    1    1  9.99951E+12 0.00584 
   30   30    1    1    1    1    1    1    1    1  2.47921E+13 0.00564 
   31   31    1    1    1    1    1    1    1    1  6.03419E+13 0.00335 
   32   32    1    1    1    1    1    1    1    1  9.11369E+13 0.00349 
   33   33    1    1    1    1    1    1    1    1  1.80870E+14 0.00244 
   34   34    1    1    1    1    1    1    1    1  2.12773E+14 0.00197 
   35   35    1    1    1    1    1    1    1    1  2.96838E+14 0.00197 
   36   36    1    1    1    1    1    1    1    1  2.32226E+14 0.00169 
   37   37    1    1    1    1    1    1    1    1  7.27260E+13 0.00154 
   38   38    1    1    1    1    1    1    1    1  3.54601E+14 0.00145 
   39   39    1    1    1    1    1    1    1    1  4.37830E+14 0.00153 
   40   40    1    1    1    1    1    1    1    1  7.30660E+14 0.00156 
   41   41    1    1    1    1    1    1    1    1  7.03151E+14 0.00126 
   42   42    1    1    1    1    1    1    1    1  1.28581E+15 0.00132 
   43   43    1    1    1    1    1    1    1    1  1.41355E+15 0.00132 
   44   44    1    1    1    1    1    1    1    1  1.84103E+15 0.00118 
   45   45    1    1    1    1    1    1    1    1  3.29034E+15 0.00098 
   46   46    1    1    1    1    1    1    1    1  1.72257E+15 0.00106 
   47   47    1    1    1    1    1    1    1    1  2.49064E+15 0.00109 
   48   48    1    1    1    1    1    1    1    1  3.47307E+15 0.00098 
   49   49    1    1    1    1    1    1    1    1  3.16653E+15 0.00112 
   50   50    1    1    1    1    1    1    1    1  4.86829E+15 0.00097 
   51   51    1    1    1    1    1    1    1    1  3.83893E+15 0.00110 
   52   52    1    1    1    1    1    1    1    1  4.36009E+15 0.00115 
   53   53    1    1    1    1    1    1    1    1  3.10707E+15 0.00110 
   54   54    1    1    1    1    1    1    1    1  3.76810E+15 0.00108 
   55   55    1    1    1    1    1    1    1    1  2.66874E+15 0.00117 
   56   56    1    1    1    1    1    1    1    1  3.68505E+14 0.00153 
   57   57    1    1    1    1    1    1    1    1  5.18821E+15 0.00099 
   58   58    1    1    1    1    1    1    1    1  2.27361E+15 0.00100 
   59   59    1    1    1    1    1    1    1    1  2.47586E+15 0.00125 
   60   60    1    1    1    1    1    1    1    1  1.95537E+15 0.00125 
   61   61    1    1    1    1    1    1    1    1  1.95174E+15 0.00120 
   62   62    1    1    1    1    1    1    1    1  1.96444E+15 0.00118 
   63   63    1    1    1    1    1    1    1    1  1.64245E+15 0.00153 
   64   64    1    1    1    1    1    1    1    1  1.29328E+15 0.00142 
   65   65    1    1    1    1    1    1    1    1  1.26929E+15 0.00158 
   66   66    1    1    1    1    1    1    1    1  1.00531E+15 0.00145 
   67   67    1    1    1    1    1    1    1    1  8.27587E+14 0.00144 
   68   68    1    1    1    1    1    1    1    1  7.31750E+14 0.00151 
   69   69    1    1    1    1    1    1    1    1  8.87882E+14 0.00162 
   70   70    1    1    1    1    1    1    1    1  7.61689E+14 0.00184 
   71   71    1    1    1    1    1    1    1    1  1.42661E+15 0.00152 
   72   72    1    1    1    1    1    1    1    1  1.03710E+15 0.00210 
   73   73    1    1    1    1    1    1    1    1  7.98029E+14 0.00171 
   74   74    1    1    1    1    1    1    1    1  6.42811E+14 0.00189 
   75   75    1    1    1    1    1    1    1    1  5.24736E+14 0.00184 
   76   76    1    1    1    1    1    1    1    1  5.99220E+14 0.00186 
   77   77    1    1    1    1    1    1    1    1  4.68114E+14 0.00198 
   78   78    1    1    1    1    1    1    1    1  3.59829E+14 0.00207 
   79   79    1    1    1    1    1    1    1    1  3.71342E+14 0.00212 
   80   80    1    1    1    1    1    1    1    1  2.75320E+14 0.00292 
   81   81    1    1    1    1    1    1    1    1  2.12596E+14 0.00197 
   82   82    1    1    1    1    1    1    1    1  1.64924E+14 0.00260 
   83   83    1    1    1    1    1    1    1    1  1.53513E+14 0.00254 
   84   84    1    1    1    1    1    1    1    1  1.10303E+14 0.00387 
   85   85    1    1    1    1    1    1    1    1  7.95212E+13 0.00281 
   86   86    1    1    1    1    1    1    1    1  7.48732E+13 0.00507 
   87   87    1    1    1    1    1    1    1    1  4.60415E+13 0.00448 
   88   88    1    1    1    1    1    1    1    1  3.10528E+13 0.00652 
   89   89    1    1    1    1    1    1    1    1  1.79993E+13 0.00561 
   90   90    1    1    1    1    1    1    1    1  1.20385E+13 0.01027 
   91   91    1    1    1    1    1    1    1    1  5.98779E+12 0.01199 
   92   92    1    1    1    1    1    1    1    1  2.93257E+12 0.01264 
   93   93    1    1    1    1    1    1    1    1  1.35351E+12 0.02099 
   94   94    1    1    1    1    1    1    1    1  6.93141E+11 0.03589 
   95   95    1    1    1    1    1    1    1    1  3.17083E+11 0.05037 
   96   96    1    1    1    1    1    1    1    1  1.74410E+11 0.06432 
   97   97    1    1    1    1    1    1    1    1  9.22289E+10 0.08979 
   98   98    1    1    1    1    1    1    1    1  4.43135E+10 0.14284 
   99   99    1    1    1    1    1    1    1    1  2.00678E+10 0.23996 
  100  100    1    1    1    1    1    1    1    1  1.48940E+10 0.28462 
];


