
DETdpaspec = [
    1    1    1    1    1    1    1    1    1    1  0.00000E+00 0.00000 
    2    2    1    1    1    1    1    1    1    1  0.00000E+00 0.00000 
    3    3    1    1    1    1    1    1    1    1  0.00000E+00 0.00000 
    4    4    1    1    1    1    1    1    1    1  0.00000E+00 0.00000 
    5    5    1    1    1    1    1    1    1    1  0.00000E+00 0.00000 
    6    6    1    1    1    1    1    1    1    1  0.00000E+00 0.00000 
    7    7    1    1    1    1    1    1    1    1  0.00000E+00 0.00000 
    8    8    1    1    1    1    1    1    1    1  9.11170E+07 0.78335 
    9    9    1    1    1    1    1    1    1    1  5.09762E+07 0.75915 
   10   10    1    1    1    1    1    1    1    1  6.40839E+07 1.00000 
   11   11    1    1    1    1    1    1    1    1  4.76077E+08 0.88531 
   12   12    1    1    1    1    1    1    1    1  1.28341E+08 0.42162 
   13   13    1    1    1    1    1    1    1    1  7.36336E+08 0.66308 
   14   14    1    1    1    1    1    1    1    1  2.52543E+09 0.51631 
   15   15    1    1    1    1    1    1    1    1  1.07357E+10 0.27013 
   16   16    1    1    1    1    1    1    1    1  3.09522E+09 0.28318 
   17   17    1    1    1    1    1    1    1    1  3.06952E+09 0.27159 
   18   18    1    1    1    1    1    1    1    1  9.58445E+09 0.18362 
   19   19    1    1    1    1    1    1    1    1  1.58620E+10 0.20150 
   20   20    1    1    1    1    1    1    1    1  5.80098E+10 0.14975 
   21   21    1    1    1    1    1    1    1    1  3.81237E+10 0.09335 
   22   22    1    1    1    1    1    1    1    1  8.77734E+10 0.07620 
   23   23    1    1    1    1    1    1    1    1  1.31441E+11 0.05007 
   24   24    1    1    1    1    1    1    1    1  2.32392E+11 0.04937 
   25   25    1    1    1    1    1    1    1    1  2.97677E+11 0.04826 
   26   26    1    1    1    1    1    1    1    1  5.92386E+11 0.03111 
   27   27    1    1    1    1    1    1    1    1  1.13966E+12 0.01868 
   28   28    1    1    1    1    1    1    1    1  2.15137E+12 0.01389 
   29   29    1    1    1    1    1    1    1    1  2.78962E+12 0.01051 
   30   30    1    1    1    1    1    1    1    1  7.58612E+12 0.01166 
   31   31    1    1    1    1    1    1    1    1  1.75200E+13 0.00749 
   32   32    1    1    1    1    1    1    1    1  2.59177E+13 0.00732 
   33   33    1    1    1    1    1    1    1    1  4.95498E+13 0.00497 
   34   34    1    1    1    1    1    1    1    1  5.52110E+13 0.00526 
   35   35    1    1    1    1    1    1    1    1  8.03972E+13 0.00546 
   36   36    1    1    1    1    1    1    1    1  6.24394E+13 0.00563 
   37   37    1    1    1    1    1    1    1    1  1.98982E+13 0.00542 
   38   38    1    1    1    1    1    1    1    1  9.40174E+13 0.00502 
   39   39    1    1    1    1    1    1    1    1  1.14571E+14 0.00508 
   40   40    1    1    1    1    1    1    1    1  1.85898E+14 0.00496 
   41   41    1    1    1    1    1    1    1    1  1.81108E+14 0.00537 
   42   42    1    1    1    1    1    1    1    1  3.21689E+14 0.00545 
   43   43    1    1    1    1    1    1    1    1  3.48751E+14 0.00509 
   44   44    1    1    1    1    1    1    1    1  4.48297E+14 0.00481 
   45   45    1    1    1    1    1    1    1    1  7.78188E+14 0.00530 
   46   46    1    1    1    1    1    1    1    1  4.02595E+14 0.00497 
   47   47    1    1    1    1    1    1    1    1  5.82562E+14 0.00528 
   48   48    1    1    1    1    1    1    1    1  8.00853E+14 0.00532 
   49   49    1    1    1    1    1    1    1    1  7.29929E+14 0.00533 
   50   50    1    1    1    1    1    1    1    1  1.09465E+15 0.00491 
   51   51    1    1    1    1    1    1    1    1  8.65597E+14 0.00521 
   52   52    1    1    1    1    1    1    1    1  9.62664E+14 0.00556 
   53   53    1    1    1    1    1    1    1    1  6.85847E+14 0.00546 
   54   54    1    1    1    1    1    1    1    1  8.12638E+14 0.00554 
   55   55    1    1    1    1    1    1    1    1  5.75762E+14 0.00581 
   56   56    1    1    1    1    1    1    1    1  7.99501E+13 0.00575 
   57   57    1    1    1    1    1    1    1    1  1.11610E+15 0.00588 
   58   58    1    1    1    1    1    1    1    1  4.77135E+14 0.00606 
   59   59    1    1    1    1    1    1    1    1  5.20391E+14 0.00615 
   60   60    1    1    1    1    1    1    1    1  4.01573E+14 0.00557 
   61   61    1    1    1    1    1    1    1    1  4.01921E+14 0.00558 
   62   62    1    1    1    1    1    1    1    1  4.01481E+14 0.00611 
   63   63    1    1    1    1    1    1    1    1  3.31865E+14 0.00582 
   64   64    1    1    1    1    1    1    1    1  2.59768E+14 0.00618 
   65   65    1    1    1    1    1    1    1    1  2.55450E+14 0.00604 
   66   66    1    1    1    1    1    1    1    1  2.00640E+14 0.00616 
   67   67    1    1    1    1    1    1    1    1  1.65301E+14 0.00596 
   68   68    1    1    1    1    1    1    1    1  1.46690E+14 0.00735 
   69   69    1    1    1    1    1    1    1    1  1.78071E+14 0.00690 
   70   70    1    1    1    1    1    1    1    1  1.52307E+14 0.00684 
   71   71    1    1    1    1    1    1    1    1  2.87956E+14 0.00553 
   72   72    1    1    1    1    1    1    1    1  2.10476E+14 0.00603 
   73   73    1    1    1    1    1    1    1    1  1.61700E+14 0.00536 
   74   74    1    1    1    1    1    1    1    1  1.27790E+14 0.00714 
   75   75    1    1    1    1    1    1    1    1  1.03025E+14 0.00707 
   76   76    1    1    1    1    1    1    1    1  1.16100E+14 0.00813 
   77   77    1    1    1    1    1    1    1    1  8.88366E+13 0.00774 
   78   78    1    1    1    1    1    1    1    1  6.72159E+13 0.00747 
   79   79    1    1    1    1    1    1    1    1  6.93780E+13 0.00766 
   80   80    1    1    1    1    1    1    1    1  5.11110E+13 0.00624 
   81   81    1    1    1    1    1    1    1    1  3.93289E+13 0.00720 
   82   82    1    1    1    1    1    1    1    1  3.00269E+13 0.00822 
   83   83    1    1    1    1    1    1    1    1  2.82285E+13 0.00590 
   84   84    1    1    1    1    1    1    1    1  2.01536E+13 0.00803 
   85   85    1    1    1    1    1    1    1    1  1.47377E+13 0.01120 
   86   86    1    1    1    1    1    1    1    1  1.36161E+13 0.01160 
   87   87    1    1    1    1    1    1    1    1  8.41291E+12 0.01527 
   88   88    1    1    1    1    1    1    1    1  5.75234E+12 0.01154 
   89   89    1    1    1    1    1    1    1    1  3.38317E+12 0.01743 
   90   90    1    1    1    1    1    1    1    1  2.26928E+12 0.02213 
   91   91    1    1    1    1    1    1    1    1  1.12634E+12 0.03272 
   92   92    1    1    1    1    1    1    1    1  5.45892E+11 0.04855 
   93   93    1    1    1    1    1    1    1    1  2.62994E+11 0.05686 
   94   94    1    1    1    1    1    1    1    1  1.40021E+11 0.06264 
   95   95    1    1    1    1    1    1    1    1  4.92878E+10 0.15335 
   96   96    1    1    1    1    1    1    1    1  3.00068E+10 0.17589 
   97   97    1    1    1    1    1    1    1    1  1.40304E+10 0.20784 
   98   98    1    1    1    1    1    1    1    1  1.08778E+10 0.25768 
   99   99    1    1    1    1    1    1    1    1  2.07738E+09 1.00000 
  100  100    1    1    1    1    1    1    1    1  4.22029E+08 1.00000 
];


