
DETdpaspec = [
    1    1    1    1    1    1    1    1    1    1  0.00000E+00 0.00000 
    2    2    1    1    1    1    1    1    1    1  0.00000E+00 0.00000 
    3    3    1    1    1    1    1    1    1    1  0.00000E+00 0.00000 
    4    4    1    1    1    1    1    1    1    1  0.00000E+00 0.00000 
    5    5    1    1    1    1    1    1    1    1  1.40895E+07 1.00000 
    6    6    1    1    1    1    1    1    1    1  0.00000E+00 0.00000 
    7    7    1    1    1    1    1    1    1    1  4.40776E+07 0.68902 
    8    8    1    1    1    1    1    1    1    1  6.24239E+07 0.54909 
    9    9    1    1    1    1    1    1    1    1  0.00000E+00 0.00000 
   10   10    1    1    1    1    1    1    1    1  2.38952E+08 0.77263 
   11   11    1    1    1    1    1    1    1    1  2.43783E+08 0.46240 
   12   12    1    1    1    1    1    1    1    1  1.22651E+08 0.44313 
   13   13    1    1    1    1    1    1    1    1  1.54606E+09 0.59476 
   14   14    1    1    1    1    1    1    1    1  7.65139E+09 0.22628 
   15   15    1    1    1    1    1    1    1    1  9.85132E+09 0.38833 
   16   16    1    1    1    1    1    1    1    1  4.02442E+09 0.18096 
   17   17    1    1    1    1    1    1    1    1  5.75007E+09 0.23158 
   18   18    1    1    1    1    1    1    1    1  1.91015E+10 0.15306 
   19   19    1    1    1    1    1    1    1    1  2.80940E+10 0.10803 
   20   20    1    1    1    1    1    1    1    1  7.64090E+10 0.09894 
   21   21    1    1    1    1    1    1    1    1  4.91402E+10 0.07051 
   22   22    1    1    1    1    1    1    1    1  1.54351E+11 0.05701 
   23   23    1    1    1    1    1    1    1    1  2.61486E+11 0.04889 
   24   24    1    1    1    1    1    1    1    1  4.67273E+11 0.03792 
   25   25    1    1    1    1    1    1    1    1  6.28352E+11 0.03031 
   26   26    1    1    1    1    1    1    1    1  1.26062E+12 0.02551 
   27   27    1    1    1    1    1    1    1    1  2.71717E+12 0.01479 
   28   28    1    1    1    1    1    1    1    1  6.17575E+12 0.01132 
   29   29    1    1    1    1    1    1    1    1  8.93581E+12 0.00872 
   30   30    1    1    1    1    1    1    1    1  2.27641E+13 0.00446 
   31   31    1    1    1    1    1    1    1    1  5.48818E+13 0.00456 
   32   32    1    1    1    1    1    1    1    1  8.30160E+13 0.00245 
   33   33    1    1    1    1    1    1    1    1  1.65215E+14 0.00205 
   34   34    1    1    1    1    1    1    1    1  1.92624E+14 0.00206 
   35   35    1    1    1    1    1    1    1    1  2.71892E+14 0.00152 
   36   36    1    1    1    1    1    1    1    1  2.12633E+14 0.00136 
   37   37    1    1    1    1    1    1    1    1  6.67647E+13 0.00133 
   38   38    1    1    1    1    1    1    1    1  3.24918E+14 0.00164 
   39   39    1    1    1    1    1    1    1    1  4.00775E+14 0.00136 
   40   40    1    1    1    1    1    1    1    1  6.65895E+14 0.00092 
   41   41    1    1    1    1    1    1    1    1  6.42609E+14 0.00132 
   42   42    1    1    1    1    1    1    1    1  1.17240E+15 0.00110 
   43   43    1    1    1    1    1    1    1    1  1.28485E+15 0.00102 
   44   44    1    1    1    1    1    1    1    1  1.66964E+15 0.00100 
   45   45    1    1    1    1    1    1    1    1  2.97568E+15 0.00100 
   46   46    1    1    1    1    1    1    1    1  1.55647E+15 0.00107 
   47   47    1    1    1    1    1    1    1    1  2.25663E+15 0.00102 
   48   48    1    1    1    1    1    1    1    1  3.13854E+15 0.00112 
   49   49    1    1    1    1    1    1    1    1  2.85936E+15 0.00109 
   50   50    1    1    1    1    1    1    1    1  4.38159E+15 0.00109 
   51   51    1    1    1    1    1    1    1    1  3.45428E+15 0.00107 
   52   52    1    1    1    1    1    1    1    1  3.91487E+15 0.00105 
   53   53    1    1    1    1    1    1    1    1  2.78919E+15 0.00104 
   54   54    1    1    1    1    1    1    1    1  3.37054E+15 0.00085 
   55   55    1    1    1    1    1    1    1    1  2.38589E+15 0.00095 
   56   56    1    1    1    1    1    1    1    1  3.29949E+14 0.00127 
   57   57    1    1    1    1    1    1    1    1  4.64099E+15 0.00104 
   58   58    1    1    1    1    1    1    1    1  2.02660E+15 0.00109 
   59   59    1    1    1    1    1    1    1    1  2.20565E+15 0.00115 
   60   60    1    1    1    1    1    1    1    1  1.73466E+15 0.00106 
   61   61    1    1    1    1    1    1    1    1  1.73616E+15 0.00111 
   62   62    1    1    1    1    1    1    1    1  1.74366E+15 0.00138 
   63   63    1    1    1    1    1    1    1    1  1.45504E+15 0.00122 
   64   64    1    1    1    1    1    1    1    1  1.14301E+15 0.00158 
   65   65    1    1    1    1    1    1    1    1  1.12248E+15 0.00126 
   66   66    1    1    1    1    1    1    1    1  8.87682E+14 0.00164 
   67   67    1    1    1    1    1    1    1    1  7.32207E+14 0.00187 
   68   68    1    1    1    1    1    1    1    1  6.47327E+14 0.00177 
   69   69    1    1    1    1    1    1    1    1  7.86625E+14 0.00186 
   70   70    1    1    1    1    1    1    1    1  6.75687E+14 0.00201 
   71   71    1    1    1    1    1    1    1    1  1.26601E+15 0.00172 
   72   72    1    1    1    1    1    1    1    1  9.21106E+14 0.00149 
   73   73    1    1    1    1    1    1    1    1  7.08251E+14 0.00149 
   74   74    1    1    1    1    1    1    1    1  5.68426E+14 0.00187 
   75   75    1    1    1    1    1    1    1    1  4.64106E+14 0.00156 
   76   76    1    1    1    1    1    1    1    1  5.29731E+14 0.00177 
   77   77    1    1    1    1    1    1    1    1  4.11047E+14 0.00190 
   78   78    1    1    1    1    1    1    1    1  3.15668E+14 0.00201 
   79   79    1    1    1    1    1    1    1    1  3.25722E+14 0.00222 
   80   80    1    1    1    1    1    1    1    1  2.41134E+14 0.00253 
   81   81    1    1    1    1    1    1    1    1  1.86211E+14 0.00238 
   82   82    1    1    1    1    1    1    1    1  1.43487E+14 0.00310 
   83   83    1    1    1    1    1    1    1    1  1.33541E+14 0.00188 
   84   84    1    1    1    1    1    1    1    1  9.62446E+13 0.00348 
   85   85    1    1    1    1    1    1    1    1  6.95907E+13 0.00439 
   86   86    1    1    1    1    1    1    1    1  6.48093E+13 0.00355 
   87   87    1    1    1    1    1    1    1    1  4.01990E+13 0.00530 
   88   88    1    1    1    1    1    1    1    1  2.71033E+13 0.00458 
   89   89    1    1    1    1    1    1    1    1  1.55635E+13 0.00747 
   90   90    1    1    1    1    1    1    1    1  1.05600E+13 0.00895 
   91   91    1    1    1    1    1    1    1    1  5.23667E+12 0.01246 
   92   92    1    1    1    1    1    1    1    1  2.54861E+12 0.01687 
   93   93    1    1    1    1    1    1    1    1  1.21698E+12 0.02811 
   94   94    1    1    1    1    1    1    1    1  5.92897E+11 0.04641 
   95   95    1    1    1    1    1    1    1    1  2.97330E+11 0.05969 
   96   96    1    1    1    1    1    1    1    1  1.48914E+11 0.09015 
   97   97    1    1    1    1    1    1    1    1  6.72881E+10 0.11965 
   98   98    1    1    1    1    1    1    1    1  3.07709E+10 0.17862 
   99   99    1    1    1    1    1    1    1    1  1.32820E+10 0.19306 
  100  100    1    1    1    1    1    1    1    1  1.08367E+10 0.29491 
];


