
DETdpaspec = [
    1    1    1    1    1    1    1    1    1    1  0.00000E+00 0.00000 
    2    2    1    1    1    1    1    1    1    1  0.00000E+00 0.00000 
    3    3    1    1    1    1    1    1    1    1  0.00000E+00 0.00000 
    4    4    1    1    1    1    1    1    1    1  2.10464E+07 1.00000 
    5    5    1    1    1    1    1    1    1    1  0.00000E+00 0.00000 
    6    6    1    1    1    1    1    1    1    1  0.00000E+00 0.00000 
    7    7    1    1    1    1    1    1    1    1  1.90105E+07 1.00000 
    8    8    1    1    1    1    1    1    1    1  1.99259E+07 1.00000 
    9    9    1    1    1    1    1    1    1    1  1.64820E+07 1.00000 
   10   10    1    1    1    1    1    1    1    1  1.92019E+08 1.00000 
   11   11    1    1    1    1    1    1    1    1  2.11094E+08 0.72353 
   12   12    1    1    1    1    1    1    1    1  3.45816E+07 1.00000 
   13   13    1    1    1    1    1    1    1    1  1.83682E+09 0.35230 
   14   14    1    1    1    1    1    1    1    1  3.99535E+09 0.32989 
   15   15    1    1    1    1    1    1    1    1  6.40245E+09 0.28373 
   16   16    1    1    1    1    1    1    1    1  2.63108E+09 0.43752 
   17   17    1    1    1    1    1    1    1    1  3.67360E+09 0.30595 
   18   18    1    1    1    1    1    1    1    1  1.15252E+10 0.21688 
   19   19    1    1    1    1    1    1    1    1  1.45970E+10 0.17781 
   20   20    1    1    1    1    1    1    1    1  4.41334E+10 0.11971 
   21   21    1    1    1    1    1    1    1    1  3.70071E+10 0.11326 
   22   22    1    1    1    1    1    1    1    1  9.08399E+10 0.09633 
   23   23    1    1    1    1    1    1    1    1  1.23594E+11 0.06462 
   24   24    1    1    1    1    1    1    1    1  1.92781E+11 0.05943 
   25   25    1    1    1    1    1    1    1    1  2.90348E+11 0.04342 
   26   26    1    1    1    1    1    1    1    1  5.70391E+11 0.02806 
   27   27    1    1    1    1    1    1    1    1  1.15892E+12 0.02482 
   28   28    1    1    1    1    1    1    1    1  2.26285E+12 0.01729 
   29   29    1    1    1    1    1    1    1    1  3.09739E+12 0.01378 
   30   30    1    1    1    1    1    1    1    1  8.06206E+12 0.01158 
   31   31    1    1    1    1    1    1    1    1  1.90503E+13 0.00748 
   32   32    1    1    1    1    1    1    1    1  2.80726E+13 0.00866 
   33   33    1    1    1    1    1    1    1    1  5.39451E+13 0.00565 
   34   34    1    1    1    1    1    1    1    1  6.04294E+13 0.00653 
   35   35    1    1    1    1    1    1    1    1  8.78604E+13 0.00621 
   36   36    1    1    1    1    1    1    1    1  6.86923E+13 0.00621 
   37   37    1    1    1    1    1    1    1    1  2.17364E+13 0.00570 
   38   38    1    1    1    1    1    1    1    1  1.03469E+14 0.00542 
   39   39    1    1    1    1    1    1    1    1  1.26461E+14 0.00558 
   40   40    1    1    1    1    1    1    1    1  2.05960E+14 0.00520 
   41   41    1    1    1    1    1    1    1    1  2.00544E+14 0.00521 
   42   42    1    1    1    1    1    1    1    1  3.57414E+14 0.00517 
   43   43    1    1    1    1    1    1    1    1  3.87455E+14 0.00489 
   44   44    1    1    1    1    1    1    1    1  4.97770E+14 0.00521 
   45   45    1    1    1    1    1    1    1    1  8.69285E+14 0.00550 
   46   46    1    1    1    1    1    1    1    1  4.49062E+14 0.00549 
   47   47    1    1    1    1    1    1    1    1  6.50218E+14 0.00531 
   48   48    1    1    1    1    1    1    1    1  8.95475E+14 0.00565 
   49   49    1    1    1    1    1    1    1    1  8.15252E+14 0.00545 
   50   50    1    1    1    1    1    1    1    1  1.22334E+15 0.00568 
   51   51    1    1    1    1    1    1    1    1  9.66207E+14 0.00570 
   52   52    1    1    1    1    1    1    1    1  1.07407E+15 0.00546 
   53   53    1    1    1    1    1    1    1    1  7.63778E+14 0.00574 
   54   54    1    1    1    1    1    1    1    1  9.07821E+14 0.00545 
   55   55    1    1    1    1    1    1    1    1  6.42016E+14 0.00549 
   56   56    1    1    1    1    1    1    1    1  8.88808E+13 0.00637 
   57   57    1    1    1    1    1    1    1    1  1.24155E+15 0.00568 
   58   58    1    1    1    1    1    1    1    1  5.31458E+14 0.00533 
   59   59    1    1    1    1    1    1    1    1  5.78243E+14 0.00572 
   60   60    1    1    1    1    1    1    1    1  4.49152E+14 0.00576 
   61   61    1    1    1    1    1    1    1    1  4.48381E+14 0.00548 
   62   62    1    1    1    1    1    1    1    1  4.48332E+14 0.00624 
   63   63    1    1    1    1    1    1    1    1  3.69814E+14 0.00565 
   64   64    1    1    1    1    1    1    1    1  2.89186E+14 0.00570 
   65   65    1    1    1    1    1    1    1    1  2.83388E+14 0.00549 
   66   66    1    1    1    1    1    1    1    1  2.23089E+14 0.00609 
   67   67    1    1    1    1    1    1    1    1  1.84754E+14 0.00604 
   68   68    1    1    1    1    1    1    1    1  1.63808E+14 0.00552 
   69   69    1    1    1    1    1    1    1    1  1.97616E+14 0.00585 
   70   70    1    1    1    1    1    1    1    1  1.70082E+14 0.00673 
   71   71    1    1    1    1    1    1    1    1  3.19942E+14 0.00609 
   72   72    1    1    1    1    1    1    1    1  2.33023E+14 0.00643 
   73   73    1    1    1    1    1    1    1    1  1.78153E+14 0.00618 
   74   74    1    1    1    1    1    1    1    1  1.41768E+14 0.00645 
   75   75    1    1    1    1    1    1    1    1  1.13721E+14 0.00648 
   76   76    1    1    1    1    1    1    1    1  1.28816E+14 0.00698 
   77   77    1    1    1    1    1    1    1    1  9.93353E+13 0.00724 
   78   78    1    1    1    1    1    1    1    1  7.55559E+13 0.00797 
   79   79    1    1    1    1    1    1    1    1  7.73265E+13 0.00745 
   80   80    1    1    1    1    1    1    1    1  5.69450E+13 0.00668 
   81   81    1    1    1    1    1    1    1    1  4.37733E+13 0.00754 
   82   82    1    1    1    1    1    1    1    1  3.35694E+13 0.00875 
   83   83    1    1    1    1    1    1    1    1  3.13344E+13 0.00795 
   84   84    1    1    1    1    1    1    1    1  2.25396E+13 0.00691 
   85   85    1    1    1    1    1    1    1    1  1.63481E+13 0.01033 
   86   86    1    1    1    1    1    1    1    1  1.50882E+13 0.00833 
   87   87    1    1    1    1    1    1    1    1  9.39633E+12 0.01147 
   88   88    1    1    1    1    1    1    1    1  6.39566E+12 0.01649 
   89   89    1    1    1    1    1    1    1    1  3.58210E+12 0.01315 
   90   90    1    1    1    1    1    1    1    1  2.46781E+12 0.01654 
   91   91    1    1    1    1    1    1    1    1  1.23068E+12 0.02508 
   92   92    1    1    1    1    1    1    1    1  6.30522E+11 0.04575 
   93   93    1    1    1    1    1    1    1    1  2.98199E+11 0.05147 
   94   94    1    1    1    1    1    1    1    1  1.54516E+11 0.08596 
   95   95    1    1    1    1    1    1    1    1  6.85450E+10 0.10960 
   96   96    1    1    1    1    1    1    1    1  3.30438E+10 0.14552 
   97   97    1    1    1    1    1    1    1    1  3.21335E+10 0.20466 
   98   98    1    1    1    1    1    1    1    1  7.53670E+09 0.38576 
   99   99    1    1    1    1    1    1    1    1  4.41869E+09 0.42775 
  100  100    1    1    1    1    1    1    1    1  5.28454E+09 0.40627 
];


