
DETdpaspec = [
    1    1    1    1    1    1    1    1    1    1  0.00000E+00 0.00000 
    2    2    1    1    1    1    1    1    1    1  0.00000E+00 0.00000 
    3    3    1    1    1    1    1    1    1    1  0.00000E+00 0.00000 
    4    4    1    1    1    1    1    1    1    1  0.00000E+00 0.00000 
    5    5    1    1    1    1    1    1    1    1  0.00000E+00 0.00000 
    6    6    1    1    1    1    1    1    1    1  0.00000E+00 0.00000 
    7    7    1    1    1    1    1    1    1    1  1.77159E+07 1.00000 
    8    8    1    1    1    1    1    1    1    1  4.70182E+07 1.00000 
    9    9    1    1    1    1    1    1    1    1  1.13598E+07 1.00000 
   10   10    1    1    1    1    1    1    1    1  3.49729E+08 0.88153 
   11   11    1    1    1    1    1    1    1    1  1.20110E+08 0.68914 
   12   12    1    1    1    1    1    1    1    1  1.36668E+08 0.39124 
   13   13    1    1    1    1    1    1    1    1  3.24830E+09 0.35487 
   14   14    1    1    1    1    1    1    1    1  5.16519E+09 0.29603 
   15   15    1    1    1    1    1    1    1    1  4.73336E+09 0.42927 
   16   16    1    1    1    1    1    1    1    1  3.06447E+09 0.24346 
   17   17    1    1    1    1    1    1    1    1  3.38875E+09 0.20643 
   18   18    1    1    1    1    1    1    1    1  1.40312E+10 0.19624 
   19   19    1    1    1    1    1    1    1    1  1.45509E+10 0.14329 
   20   20    1    1    1    1    1    1    1    1  5.85889E+10 0.10922 
   21   21    1    1    1    1    1    1    1    1  4.23535E+10 0.08055 
   22   22    1    1    1    1    1    1    1    1  1.22701E+11 0.06257 
   23   23    1    1    1    1    1    1    1    1  1.58792E+11 0.04595 
   24   24    1    1    1    1    1    1    1    1  2.93497E+11 0.04478 
   25   25    1    1    1    1    1    1    1    1  4.23744E+11 0.04833 
   26   26    1    1    1    1    1    1    1    1  8.23846E+11 0.02437 
   27   27    1    1    1    1    1    1    1    1  1.73818E+12 0.02448 
   28   28    1    1    1    1    1    1    1    1  3.67232E+12 0.01264 
   29   29    1    1    1    1    1    1    1    1  4.96448E+12 0.01008 
   30   30    1    1    1    1    1    1    1    1  1.31199E+13 0.00807 
   31   31    1    1    1    1    1    1    1    1  3.16208E+13 0.00601 
   32   32    1    1    1    1    1    1    1    1  4.71658E+13 0.00440 
   33   33    1    1    1    1    1    1    1    1  9.19393E+13 0.00330 
   34   34    1    1    1    1    1    1    1    1  1.04776E+14 0.00309 
   35   35    1    1    1    1    1    1    1    1  1.51169E+14 0.00328 
   36   36    1    1    1    1    1    1    1    1  1.18492E+14 0.00254 
   37   37    1    1    1    1    1    1    1    1  3.75090E+13 0.00274 
   38   38    1    1    1    1    1    1    1    1  1.79953E+14 0.00239 
   39   39    1    1    1    1    1    1    1    1  2.20753E+14 0.00236 
   40   40    1    1    1    1    1    1    1    1  3.61758E+14 0.00237 
   41   41    1    1    1    1    1    1    1    1  3.50822E+14 0.00231 
   42   42    1    1    1    1    1    1    1    1  6.31057E+14 0.00234 
   43   43    1    1    1    1    1    1    1    1  6.87737E+14 0.00204 
   44   44    1    1    1    1    1    1    1    1  8.85243E+14 0.00235 
   45   45    1    1    1    1    1    1    1    1  1.55535E+15 0.00189 
   46   46    1    1    1    1    1    1    1    1  8.07336E+14 0.00205 
   47   47    1    1    1    1    1    1    1    1  1.16910E+15 0.00222 
   48   48    1    1    1    1    1    1    1    1  1.61653E+15 0.00226 
   49   49    1    1    1    1    1    1    1    1  1.47257E+15 0.00216 
   50   50    1    1    1    1    1    1    1    1  2.22657E+15 0.00199 
   51   51    1    1    1    1    1    1    1    1  1.75744E+15 0.00186 
   52   52    1    1    1    1    1    1    1    1  1.96518E+15 0.00204 
   53   53    1    1    1    1    1    1    1    1  1.39693E+15 0.00215 
   54   54    1    1    1    1    1    1    1    1  1.66995E+15 0.00238 
   55   55    1    1    1    1    1    1    1    1  1.18149E+15 0.00219 
   56   56    1    1    1    1    1    1    1    1  1.63098E+14 0.00238 
   57   57    1    1    1    1    1    1    1    1  2.29073E+15 0.00219 
   58   58    1    1    1    1    1    1    1    1  9.85102E+14 0.00217 
   59   59    1    1    1    1    1    1    1    1  1.07232E+15 0.00217 
   60   60    1    1    1    1    1    1    1    1  8.35473E+14 0.00231 
   61   61    1    1    1    1    1    1    1    1  8.37004E+14 0.00256 
   62   62    1    1    1    1    1    1    1    1  8.37487E+14 0.00273 
   63   63    1    1    1    1    1    1    1    1  6.94497E+14 0.00278 
   64   64    1    1    1    1    1    1    1    1  5.44950E+14 0.00299 
   65   65    1    1    1    1    1    1    1    1  5.35479E+14 0.00252 
   66   66    1    1    1    1    1    1    1    1  4.21450E+14 0.00317 
   67   67    1    1    1    1    1    1    1    1  3.46898E+14 0.00334 
   68   68    1    1    1    1    1    1    1    1  3.07369E+14 0.00330 
   69   69    1    1    1    1    1    1    1    1  3.72594E+14 0.00356 
   70   70    1    1    1    1    1    1    1    1  3.18956E+14 0.00291 
   71   71    1    1    1    1    1    1    1    1  6.00406E+14 0.00307 
   72   72    1    1    1    1    1    1    1    1  4.37614E+14 0.00342 
   73   73    1    1    1    1    1    1    1    1  3.36449E+14 0.00333 
   74   74    1    1    1    1    1    1    1    1  2.67143E+14 0.00314 
   75   75    1    1    1    1    1    1    1    1  2.16316E+14 0.00371 
   76   76    1    1    1    1    1    1    1    1  2.44247E+14 0.00397 
   77   77    1    1    1    1    1    1    1    1  1.88456E+14 0.00374 
   78   78    1    1    1    1    1    1    1    1  1.44796E+14 0.00400 
   79   79    1    1    1    1    1    1    1    1  1.48287E+14 0.00449 
   80   80    1    1    1    1    1    1    1    1  1.09754E+14 0.00358 
   81   81    1    1    1    1    1    1    1    1  8.40170E+13 0.00358 
   82   82    1    1    1    1    1    1    1    1  6.48760E+13 0.00400 
   83   83    1    1    1    1    1    1    1    1  6.05857E+13 0.00273 
   84   84    1    1    1    1    1    1    1    1  4.35457E+13 0.00499 
   85   85    1    1    1    1    1    1    1    1  3.13430E+13 0.00594 
   86   86    1    1    1    1    1    1    1    1  2.93178E+13 0.00734 
   87   87    1    1    1    1    1    1    1    1  1.82728E+13 0.00706 
   88   88    1    1    1    1    1    1    1    1  1.24282E+13 0.00907 
   89   89    1    1    1    1    1    1    1    1  7.05637E+12 0.00839 
   90   90    1    1    1    1    1    1    1    1  4.87761E+12 0.01224 
   91   91    1    1    1    1    1    1    1    1  2.39971E+12 0.01835 
   92   92    1    1    1    1    1    1    1    1  1.18605E+12 0.02334 
   93   93    1    1    1    1    1    1    1    1  5.87969E+11 0.03775 
   94   94    1    1    1    1    1    1    1    1  2.70982E+11 0.05370 
   95   95    1    1    1    1    1    1    1    1  1.61724E+11 0.06146 
   96   96    1    1    1    1    1    1    1    1  6.95885E+10 0.09506 
   97   97    1    1    1    1    1    1    1    1  3.46040E+10 0.15409 
   98   98    1    1    1    1    1    1    1    1  1.40868E+10 0.25188 
   99   99    1    1    1    1    1    1    1    1  7.86244E+09 0.28085 
  100  100    1    1    1    1    1    1    1    1  2.75797E+09 0.47420 
];


