
DETdpaspec = [
    1    1    1    1    1    1    1    1    1    1  0.00000E+00 0.00000 
    2    2    1    1    1    1    1    1    1    1  0.00000E+00 0.00000 
    3    3    1    1    1    1    1    1    1    1  0.00000E+00 0.00000 
    4    4    1    1    1    1    1    1    1    1  0.00000E+00 0.00000 
    5    5    1    1    1    1    1    1    1    1  0.00000E+00 0.00000 
    6    6    1    1    1    1    1    1    1    1  0.00000E+00 0.00000 
    7    7    1    1    1    1    1    1    1    1  2.83119E+07 1.00000 
    8    8    1    1    1    1    1    1    1    1  6.26204E+07 0.74497 
    9    9    1    1    1    1    1    1    1    1  1.89587E+07 0.68828 
   10   10    1    1    1    1    1    1    1    1  1.23005E+08 0.69550 
   11   11    1    1    1    1    1    1    1    1  4.63074E+08 0.59454 
   12   12    1    1    1    1    1    1    1    1  1.05198E+08 0.68825 
   13   13    1    1    1    1    1    1    1    1  4.42567E+09 0.28004 
   14   14    1    1    1    1    1    1    1    1  8.34730E+09 0.26955 
   15   15    1    1    1    1    1    1    1    1  1.01073E+10 0.27760 
   16   16    1    1    1    1    1    1    1    1  4.16811E+09 0.47838 
   17   17    1    1    1    1    1    1    1    1  7.37637E+09 0.18397 
   18   18    1    1    1    1    1    1    1    1  1.70228E+10 0.15742 
   19   19    1    1    1    1    1    1    1    1  2.24708E+10 0.16955 
   20   20    1    1    1    1    1    1    1    1  7.07569E+10 0.09356 
   21   21    1    1    1    1    1    1    1    1  4.91893E+10 0.07713 
   22   22    1    1    1    1    1    1    1    1  1.46577E+11 0.06180 
   23   23    1    1    1    1    1    1    1    1  3.44399E+11 0.03497 
   24   24    1    1    1    1    1    1    1    1  8.38020E+11 0.02671 
   25   25    1    1    1    1    1    1    1    1  1.46583E+12 0.01574 
   26   26    1    1    1    1    1    1    1    1  3.18350E+12 0.01348 
   27   27    1    1    1    1    1    1    1    1  6.70429E+12 0.00941 
   28   28    1    1    1    1    1    1    1    1  1.54997E+13 0.00569 
   29   29    1    1    1    1    1    1    1    1  2.41870E+13 0.00450 
   30   30    1    1    1    1    1    1    1    1  5.01836E+13 0.00405 
   31   31    1    1    1    1    1    1    1    1  1.13853E+14 0.00307 
   32   32    1    1    1    1    1    1    1    1  1.62986E+14 0.00246 
   33   33    1    1    1    1    1    1    1    1  3.15273E+14 0.00225 
   34   34    1    1    1    1    1    1    1    1  3.79689E+14 0.00184 
   35   35    1    1    1    1    1    1    1    1  4.76807E+14 0.00157 
   36   36    1    1    1    1    1    1    1    1  3.58317E+14 0.00129 
   37   37    1    1    1    1    1    1    1    1  1.08491E+14 0.00132 
   38   38    1    1    1    1    1    1    1    1  5.42372E+14 0.00117 
   39   39    1    1    1    1    1    1    1    1  6.66315E+14 0.00116 
   40   40    1    1    1    1    1    1    1    1  1.12425E+15 0.00081 
   41   41    1    1    1    1    1    1    1    1  1.04979E+15 0.00083 
   42   42    1    1    1    1    1    1    1    1  1.94678E+15 0.00062 
   43   43    1    1    1    1    1    1    1    1  2.13506E+15 0.00068 
   44   44    1    1    1    1    1    1    1    1  2.78614E+15 0.00075 
   45   45    1    1    1    1    1    1    1    1  5.00815E+15 0.00057 
   46   46    1    1    1    1    1    1    1    1  2.61588E+15 0.00061 
   47   47    1    1    1    1    1    1    1    1  3.74096E+15 0.00077 
   48   48    1    1    1    1    1    1    1    1  5.24040E+15 0.00073 
   49   49    1    1    1    1    1    1    1    1  4.72233E+15 0.00074 
   50   50    1    1    1    1    1    1    1    1  7.39024E+15 0.00073 
   51   51    1    1    1    1    1    1    1    1  5.75871E+15 0.00075 
   52   52    1    1    1    1    1    1    1    1  6.64591E+15 0.00073 
   53   53    1    1    1    1    1    1    1    1  4.72655E+15 0.00072 
   54   54    1    1    1    1    1    1    1    1  5.82893E+15 0.00075 
   55   55    1    1    1    1    1    1    1    1  4.12830E+15 0.00073 
   56   56    1    1    1    1    1    1    1    1  5.66965E+14 0.00098 
   57   57    1    1    1    1    1    1    1    1  8.02107E+15 0.00076 
   58   58    1    1    1    1    1    1    1    1  3.59348E+15 0.00075 
   59   59    1    1    1    1    1    1    1    1  3.88830E+15 0.00082 
   60   60    1    1    1    1    1    1    1    1  3.12605E+15 0.00082 
   61   61    1    1    1    1    1    1    1    1  3.11906E+15 0.00074 
   62   62    1    1    1    1    1    1    1    1  3.15089E+15 0.00077 
   63   63    1    1    1    1    1    1    1    1  2.64441E+15 0.00082 
   64   64    1    1    1    1    1    1    1    1  2.08775E+15 0.00091 
   65   65    1    1    1    1    1    1    1    1  2.05003E+15 0.00084 
   66   66    1    1    1    1    1    1    1    1  1.62702E+15 0.00097 
   67   67    1    1    1    1    1    1    1    1  1.33561E+15 0.00089 
   68   68    1    1    1    1    1    1    1    1  1.17695E+15 0.00109 
   69   69    1    1    1    1    1    1    1    1  1.43074E+15 0.00126 
   70   70    1    1    1    1    1    1    1    1  1.22671E+15 0.00119 
   71   71    1    1    1    1    1    1    1    1  2.26440E+15 0.00120 
   72   72    1    1    1    1    1    1    1    1  1.63774E+15 0.00113 
   73   73    1    1    1    1    1    1    1    1  1.26365E+15 0.00142 
   74   74    1    1    1    1    1    1    1    1  1.03273E+15 0.00129 
   75   75    1    1    1    1    1    1    1    1  8.56868E+14 0.00135 
   76   76    1    1    1    1    1    1    1    1  9.91699E+14 0.00086 
   77   77    1    1    1    1    1    1    1    1  7.85196E+14 0.00134 
   78   78    1    1    1    1    1    1    1    1  6.11125E+14 0.00122 
   79   79    1    1    1    1    1    1    1    1  6.34892E+14 0.00112 
   80   80    1    1    1    1    1    1    1    1  4.75757E+14 0.00221 
   81   81    1    1    1    1    1    1    1    1  3.69186E+14 0.00212 
   82   82    1    1    1    1    1    1    1    1  2.84482E+14 0.00160 
   83   83    1    1    1    1    1    1    1    1  2.65284E+14 0.00254 
   84   84    1    1    1    1    1    1    1    1  1.92005E+14 0.00280 
   85   85    1    1    1    1    1    1    1    1  1.37851E+14 0.00281 
   86   86    1    1    1    1    1    1    1    1  1.28896E+14 0.00246 
   87   87    1    1    1    1    1    1    1    1  7.94054E+13 0.00323 
   88   88    1    1    1    1    1    1    1    1  5.34315E+13 0.00425 
   89   89    1    1    1    1    1    1    1    1  3.03470E+13 0.00531 
   90   90    1    1    1    1    1    1    1    1  2.01969E+13 0.00575 
   91   91    1    1    1    1    1    1    1    1  1.01035E+13 0.01149 
   92   92    1    1    1    1    1    1    1    1  5.03028E+12 0.01402 
   93   93    1    1    1    1    1    1    1    1  2.32884E+12 0.01918 
   94   94    1    1    1    1    1    1    1    1  1.15554E+12 0.02211 
   95   95    1    1    1    1    1    1    1    1  5.60085E+11 0.04626 
   96   96    1    1    1    1    1    1    1    1  2.91827E+11 0.06951 
   97   97    1    1    1    1    1    1    1    1  1.28484E+11 0.07906 
   98   98    1    1    1    1    1    1    1    1  6.93929E+10 0.10324 
   99   99    1    1    1    1    1    1    1    1  4.04147E+10 0.16031 
  100  100    1    1    1    1    1    1    1    1  2.44545E+10 0.16835 
];


