
DETdpaspec = [
    1    1    1    1    1    1    1    1    1    1  0.00000E+00 0.00000 
    2    2    1    1    1    1    1    1    1    1  0.00000E+00 0.00000 
    3    3    1    1    1    1    1    1    1    1  0.00000E+00 0.00000 
    4    4    1    1    1    1    1    1    1    1  0.00000E+00 0.00000 
    5    5    1    1    1    1    1    1    1    1  0.00000E+00 0.00000 
    6    6    1    1    1    1    1    1    1    1  1.20047E+07 1.00000 
    7    7    1    1    1    1    1    1    1    1  3.84073E+07 0.70302 
    8    8    1    1    1    1    1    1    1    1  3.81287E+07 1.00000 
    9    9    1    1    1    1    1    1    1    1  3.19752E+07 0.69274 
   10   10    1    1    1    1    1    1    1    1  1.82203E+08 0.73957 
   11   11    1    1    1    1    1    1    1    1  3.94821E+08 0.47356 
   12   12    1    1    1    1    1    1    1    1  8.95695E+07 0.49563 
   13   13    1    1    1    1    1    1    1    1  2.11592E+09 0.52447 
   14   14    1    1    1    1    1    1    1    1  4.10472E+09 0.50200 
   15   15    1    1    1    1    1    1    1    1  5.82310E+09 0.30125 
   16   16    1    1    1    1    1    1    1    1  3.47281E+09 0.26642 
   17   17    1    1    1    1    1    1    1    1  4.16670E+09 0.15415 
   18   18    1    1    1    1    1    1    1    1  2.07248E+10 0.13495 
   19   19    1    1    1    1    1    1    1    1  2.15954E+10 0.13114 
   20   20    1    1    1    1    1    1    1    1  6.06719E+10 0.09792 
   21   21    1    1    1    1    1    1    1    1  3.93985E+10 0.09584 
   22   22    1    1    1    1    1    1    1    1  1.28916E+11 0.07331 
   23   23    1    1    1    1    1    1    1    1  1.73671E+11 0.05254 
   24   24    1    1    1    1    1    1    1    1  2.90608E+11 0.03943 
   25   25    1    1    1    1    1    1    1    1  4.04893E+11 0.03937 
   26   26    1    1    1    1    1    1    1    1  7.13512E+11 0.03542 
   27   27    1    1    1    1    1    1    1    1  1.38067E+12 0.03301 
   28   28    1    1    1    1    1    1    1    1  2.70259E+12 0.02239 
   29   29    1    1    1    1    1    1    1    1  3.45735E+12 0.01623 
   30   30    1    1    1    1    1    1    1    1  9.43331E+12 0.01435 
   31   31    1    1    1    1    1    1    1    1  2.15298E+13 0.01053 
   32   32    1    1    1    1    1    1    1    1  3.17935E+13 0.00877 
   33   33    1    1    1    1    1    1    1    1  6.03773E+13 0.00678 
   34   34    1    1    1    1    1    1    1    1  6.69066E+13 0.00692 
   35   35    1    1    1    1    1    1    1    1  9.73175E+13 0.00756 
   36   36    1    1    1    1    1    1    1    1  7.60245E+13 0.00743 
   37   37    1    1    1    1    1    1    1    1  2.41245E+13 0.00750 
   38   38    1    1    1    1    1    1    1    1  1.13613E+14 0.00701 
   39   39    1    1    1    1    1    1    1    1  1.38089E+14 0.00705 
   40   40    1    1    1    1    1    1    1    1  2.23347E+14 0.00681 
   41   41    1    1    1    1    1    1    1    1  2.17924E+14 0.00674 
   42   42    1    1    1    1    1    1    1    1  3.85541E+14 0.00653 
   43   43    1    1    1    1    1    1    1    1  4.16650E+14 0.00678 
   44   44    1    1    1    1    1    1    1    1  5.34623E+14 0.00673 
   45   45    1    1    1    1    1    1    1    1  9.29136E+14 0.00694 
   46   46    1    1    1    1    1    1    1    1  4.81714E+14 0.00679 
   47   47    1    1    1    1    1    1    1    1  6.98333E+14 0.00698 
   48   48    1    1    1    1    1    1    1    1  9.62596E+14 0.00683 
   49   49    1    1    1    1    1    1    1    1  8.79728E+14 0.00675 
   50   50    1    1    1    1    1    1    1    1  1.32423E+15 0.00688 
   51   51    1    1    1    1    1    1    1    1  1.05000E+15 0.00708 
   52   52    1    1    1    1    1    1    1    1  1.16648E+15 0.00699 
   53   53    1    1    1    1    1    1    1    1  8.33018E+14 0.00715 
   54   54    1    1    1    1    1    1    1    1  9.91067E+14 0.00715 
   55   55    1    1    1    1    1    1    1    1  7.04632E+14 0.00720 
   56   56    1    1    1    1    1    1    1    1  9.77096E+13 0.00784 
   57   57    1    1    1    1    1    1    1    1  1.36621E+15 0.00796 
   58   58    1    1    1    1    1    1    1    1  5.83853E+14 0.00766 
   59   59    1    1    1    1    1    1    1    1  6.37911E+14 0.00780 
   60   60    1    1    1    1    1    1    1    1  4.94406E+14 0.00768 
   61   61    1    1    1    1    1    1    1    1  4.94780E+14 0.00771 
   62   62    1    1    1    1    1    1    1    1  4.95852E+14 0.00811 
   63   63    1    1    1    1    1    1    1    1  4.11352E+14 0.00810 
   64   64    1    1    1    1    1    1    1    1  3.23056E+14 0.00804 
   65   65    1    1    1    1    1    1    1    1  3.17270E+14 0.00887 
   66   66    1    1    1    1    1    1    1    1  2.49456E+14 0.00825 
   67   67    1    1    1    1    1    1    1    1  2.05918E+14 0.00855 
   68   68    1    1    1    1    1    1    1    1  1.82748E+14 0.00847 
   69   69    1    1    1    1    1    1    1    1  2.21265E+14 0.00824 
   70   70    1    1    1    1    1    1    1    1  1.90092E+14 0.00802 
   71   71    1    1    1    1    1    1    1    1  3.60916E+14 0.00786 
   72   72    1    1    1    1    1    1    1    1  2.64100E+14 0.00873 
   73   73    1    1    1    1    1    1    1    1  2.02298E+14 0.00757 
   74   74    1    1    1    1    1    1    1    1  1.60162E+14 0.00820 
   75   75    1    1    1    1    1    1    1    1  1.29171E+14 0.00866 
   76   76    1    1    1    1    1    1    1    1  1.44737E+14 0.00744 
   77   77    1    1    1    1    1    1    1    1  1.11024E+14 0.00866 
   78   78    1    1    1    1    1    1    1    1  8.50115E+13 0.00875 
   79   79    1    1    1    1    1    1    1    1  8.63531E+13 0.00895 
   80   80    1    1    1    1    1    1    1    1  6.38807E+13 0.00959 
   81   81    1    1    1    1    1    1    1    1  4.90752E+13 0.01153 
   82   82    1    1    1    1    1    1    1    1  3.79326E+13 0.00952 
   83   83    1    1    1    1    1    1    1    1  3.51734E+13 0.00854 
   84   84    1    1    1    1    1    1    1    1  2.51083E+13 0.01202 
   85   85    1    1    1    1    1    1    1    1  1.78681E+13 0.01120 
   86   86    1    1    1    1    1    1    1    1  1.69873E+13 0.00962 
   87   87    1    1    1    1    1    1    1    1  1.03043E+13 0.00946 
   88   88    1    1    1    1    1    1    1    1  7.17526E+12 0.01165 
   89   89    1    1    1    1    1    1    1    1  4.13041E+12 0.01475 
   90   90    1    1    1    1    1    1    1    1  2.81743E+12 0.02288 
   91   91    1    1    1    1    1    1    1    1  1.44845E+12 0.02904 
   92   92    1    1    1    1    1    1    1    1  7.01246E+11 0.03553 
   93   93    1    1    1    1    1    1    1    1  2.97383E+11 0.05542 
   94   94    1    1    1    1    1    1    1    1  1.58191E+11 0.10652 
   95   95    1    1    1    1    1    1    1    1  7.02666E+10 0.08826 
   96   96    1    1    1    1    1    1    1    1  3.56901E+10 0.13312 
   97   97    1    1    1    1    1    1    1    1  1.58171E+10 0.18389 
   98   98    1    1    1    1    1    1    1    1  7.26674E+09 0.26615 
   99   99    1    1    1    1    1    1    1    1  2.00783E+09 0.49358 
  100  100    1    1    1    1    1    1    1    1  2.83716E+09 0.37353 
];


