
DETdpaspec = [
    1    1    1    1    1    1    1    1    1    1  0.00000E+00 0.00000 
    2    2    1    1    1    1    1    1    1    1  0.00000E+00 0.00000 
    3    3    1    1    1    1    1    1    1    1  0.00000E+00 0.00000 
    4    4    1    1    1    1    1    1    1    1  0.00000E+00 0.00000 
    5    5    1    1    1    1    1    1    1    1  0.00000E+00 0.00000 
    6    6    1    1    1    1    1    1    1    1  1.02109E+07 1.00000 
    7    7    1    1    1    1    1    1    1    1  0.00000E+00 0.00000 
    8    8    1    1    1    1    1    1    1    1  0.00000E+00 0.00000 
    9    9    1    1    1    1    1    1    1    1  0.00000E+00 0.00000 
   10   10    1    1    1    1    1    1    1    1  1.91513E+08 0.54677 
   11   11    1    1    1    1    1    1    1    1  3.28027E+08 0.82296 
   12   12    1    1    1    1    1    1    1    1  2.51329E+08 0.37519 
   13   13    1    1    1    1    1    1    1    1  1.26323E+09 0.33706 
   14   14    1    1    1    1    1    1    1    1  3.29487E+09 0.31917 
   15   15    1    1    1    1    1    1    1    1  6.70234E+09 0.23649 
   16   16    1    1    1    1    1    1    1    1  2.54235E+09 0.21423 
   17   17    1    1    1    1    1    1    1    1  4.72848E+09 0.26655 
   18   18    1    1    1    1    1    1    1    1  1.23958E+10 0.14308 
   19   19    1    1    1    1    1    1    1    1  1.94984E+10 0.14104 
   20   20    1    1    1    1    1    1    1    1  5.86245E+10 0.13562 
   21   21    1    1    1    1    1    1    1    1  4.44035E+10 0.08922 
   22   22    1    1    1    1    1    1    1    1  1.36541E+11 0.06952 
   23   23    1    1    1    1    1    1    1    1  1.64929E+11 0.06054 
   24   24    1    1    1    1    1    1    1    1  2.57578E+11 0.04182 
   25   25    1    1    1    1    1    1    1    1  4.06857E+11 0.04265 
   26   26    1    1    1    1    1    1    1    1  7.54538E+11 0.03379 
   27   27    1    1    1    1    1    1    1    1  1.46382E+12 0.02658 
   28   28    1    1    1    1    1    1    1    1  2.68529E+12 0.01323 
   29   29    1    1    1    1    1    1    1    1  3.42347E+12 0.01439 
   30   30    1    1    1    1    1    1    1    1  9.17189E+12 0.01030 
   31   31    1    1    1    1    1    1    1    1  2.07820E+13 0.00972 
   32   32    1    1    1    1    1    1    1    1  3.05362E+13 0.00861 
   33   33    1    1    1    1    1    1    1    1  5.79014E+13 0.00610 
   34   34    1    1    1    1    1    1    1    1  6.40860E+13 0.00687 
   35   35    1    1    1    1    1    1    1    1  9.33902E+13 0.00681 
   36   36    1    1    1    1    1    1    1    1  7.26339E+13 0.00745 
   37   37    1    1    1    1    1    1    1    1  2.30966E+13 0.00693 
   38   38    1    1    1    1    1    1    1    1  1.08296E+14 0.00680 
   39   39    1    1    1    1    1    1    1    1  1.32283E+14 0.00670 
   40   40    1    1    1    1    1    1    1    1  2.13337E+14 0.00702 
   41   41    1    1    1    1    1    1    1    1  2.08183E+14 0.00750 
   42   42    1    1    1    1    1    1    1    1  3.68078E+14 0.00693 
   43   43    1    1    1    1    1    1    1    1  3.97512E+14 0.00597 
   44   44    1    1    1    1    1    1    1    1  5.09504E+14 0.00664 
   45   45    1    1    1    1    1    1    1    1  8.84747E+14 0.00657 
   46   46    1    1    1    1    1    1    1    1  4.59963E+14 0.00669 
   47   47    1    1    1    1    1    1    1    1  6.66190E+14 0.00703 
   48   48    1    1    1    1    1    1    1    1  9.16936E+14 0.00706 
   49   49    1    1    1    1    1    1    1    1  8.36966E+14 0.00682 
   50   50    1    1    1    1    1    1    1    1  1.25651E+15 0.00676 
   51   51    1    1    1    1    1    1    1    1  9.97853E+14 0.00674 
   52   52    1    1    1    1    1    1    1    1  1.11155E+15 0.00718 
   53   53    1    1    1    1    1    1    1    1  7.92225E+14 0.00739 
   54   54    1    1    1    1    1    1    1    1  9.42075E+14 0.00713 
   55   55    1    1    1    1    1    1    1    1  6.69412E+14 0.00738 
   56   56    1    1    1    1    1    1    1    1  9.27040E+13 0.00760 
   57   57    1    1    1    1    1    1    1    1  1.29762E+15 0.00750 
   58   58    1    1    1    1    1    1    1    1  5.54848E+14 0.00715 
   59   59    1    1    1    1    1    1    1    1  6.04960E+14 0.00711 
   60   60    1    1    1    1    1    1    1    1  4.68518E+14 0.00766 
   61   61    1    1    1    1    1    1    1    1  4.68851E+14 0.00747 
   62   62    1    1    1    1    1    1    1    1  4.69073E+14 0.00765 
   63   63    1    1    1    1    1    1    1    1  3.88978E+14 0.00715 
   64   64    1    1    1    1    1    1    1    1  3.04818E+14 0.00751 
   65   65    1    1    1    1    1    1    1    1  2.99433E+14 0.00775 
   66   66    1    1    1    1    1    1    1    1  2.35694E+14 0.00787 
   67   67    1    1    1    1    1    1    1    1  1.94983E+14 0.00786 
   68   68    1    1    1    1    1    1    1    1  1.72291E+14 0.00770 
   69   69    1    1    1    1    1    1    1    1  2.08893E+14 0.00719 
   70   70    1    1    1    1    1    1    1    1  1.79955E+14 0.00802 
   71   71    1    1    1    1    1    1    1    1  3.41786E+14 0.00757 
   72   72    1    1    1    1    1    1    1    1  2.49782E+14 0.00769 
   73   73    1    1    1    1    1    1    1    1  1.91950E+14 0.00754 
   74   74    1    1    1    1    1    1    1    1  1.51524E+14 0.00880 
   75   75    1    1    1    1    1    1    1    1  1.21845E+14 0.00905 
   76   76    1    1    1    1    1    1    1    1  1.37025E+14 0.00910 
   77   77    1    1    1    1    1    1    1    1  1.05547E+14 0.00872 
   78   78    1    1    1    1    1    1    1    1  8.03483E+13 0.00941 
   79   79    1    1    1    1    1    1    1    1  8.18812E+13 0.00842 
   80   80    1    1    1    1    1    1    1    1  6.03296E+13 0.00790 
   81   81    1    1    1    1    1    1    1    1  4.65663E+13 0.00905 
   82   82    1    1    1    1    1    1    1    1  3.54331E+13 0.00868 
   83   83    1    1    1    1    1    1    1    1  3.32400E+13 0.00962 
   84   84    1    1    1    1    1    1    1    1  2.39715E+13 0.00688 
   85   85    1    1    1    1    1    1    1    1  1.71928E+13 0.01005 
   86   86    1    1    1    1    1    1    1    1  1.60313E+13 0.01143 
   87   87    1    1    1    1    1    1    1    1  1.00491E+13 0.01275 
   88   88    1    1    1    1    1    1    1    1  6.84553E+12 0.01050 
   89   89    1    1    1    1    1    1    1    1  3.85785E+12 0.01743 
   90   90    1    1    1    1    1    1    1    1  2.64922E+12 0.02198 
   91   91    1    1    1    1    1    1    1    1  1.25148E+12 0.02768 
   92   92    1    1    1    1    1    1    1    1  6.22144E+11 0.03439 
   93   93    1    1    1    1    1    1    1    1  3.03853E+11 0.05860 
   94   94    1    1    1    1    1    1    1    1  1.60468E+11 0.09249 
   95   95    1    1    1    1    1    1    1    1  7.84680E+10 0.08549 
   96   96    1    1    1    1    1    1    1    1  4.02842E+10 0.16034 
   97   97    1    1    1    1    1    1    1    1  1.71266E+10 0.19556 
   98   98    1    1    1    1    1    1    1    1  5.22910E+09 0.35566 
   99   99    1    1    1    1    1    1    1    1  4.05779E+09 0.51131 
  100  100    1    1    1    1    1    1    1    1  1.64925E+09 0.58536 
];


