
DETdpaspec = [
    1    1    1    1    1    1    1    1    1    1  0.00000E+00 0.00000 
    2    2    1    1    1    1    1    1    1    1  0.00000E+00 0.00000 
    3    3    1    1    1    1    1    1    1    1  0.00000E+00 0.00000 
    4    4    1    1    1    1    1    1    1    1  0.00000E+00 0.00000 
    5    5    1    1    1    1    1    1    1    1  0.00000E+00 0.00000 
    6    6    1    1    1    1    1    1    1    1  1.10326E+07 1.00000 
    7    7    1    1    1    1    1    1    1    1  0.00000E+00 0.00000 
    8    8    1    1    1    1    1    1    1    1  2.41521E+07 1.00000 
    9    9    1    1    1    1    1    1    1    1  0.00000E+00 0.00000 
   10   10    1    1    1    1    1    1    1    1  0.00000E+00 0.00000 
   11   11    1    1    1    1    1    1    1    1  3.75265E+08 0.48302 
   12   12    1    1    1    1    1    1    1    1  4.46182E+07 0.86822 
   13   13    1    1    1    1    1    1    1    1  1.89538E+09 0.55400 
   14   14    1    1    1    1    1    1    1    1  1.74747E+09 0.37752 
   15   15    1    1    1    1    1    1    1    1  5.98296E+09 0.30821 
   16   16    1    1    1    1    1    1    1    1  2.10729E+09 0.21753 
   17   17    1    1    1    1    1    1    1    1  2.49215E+09 0.26179 
   18   18    1    1    1    1    1    1    1    1  1.05457E+10 0.21632 
   19   19    1    1    1    1    1    1    1    1  1.19065E+10 0.20676 
   20   20    1    1    1    1    1    1    1    1  4.24495E+10 0.15796 
   21   21    1    1    1    1    1    1    1    1  2.85608E+10 0.09828 
   22   22    1    1    1    1    1    1    1    1  8.34421E+10 0.08937 
   23   23    1    1    1    1    1    1    1    1  1.30441E+11 0.06190 
   24   24    1    1    1    1    1    1    1    1  2.20695E+11 0.04452 
   25   25    1    1    1    1    1    1    1    1  2.90550E+11 0.04042 
   26   26    1    1    1    1    1    1    1    1  5.54776E+11 0.03805 
   27   27    1    1    1    1    1    1    1    1  1.09332E+12 0.02963 
   28   28    1    1    1    1    1    1    1    1  2.12776E+12 0.01569 
   29   29    1    1    1    1    1    1    1    1  2.72914E+12 0.01845 
   30   30    1    1    1    1    1    1    1    1  7.47867E+12 0.01191 
   31   31    1    1    1    1    1    1    1    1  1.74591E+13 0.00904 
   32   32    1    1    1    1    1    1    1    1  2.58086E+13 0.00748 
   33   33    1    1    1    1    1    1    1    1  4.93263E+13 0.00675 
   34   34    1    1    1    1    1    1    1    1  5.52923E+13 0.00586 
   35   35    1    1    1    1    1    1    1    1  8.05434E+13 0.00632 
   36   36    1    1    1    1    1    1    1    1  6.27674E+13 0.00526 
   37   37    1    1    1    1    1    1    1    1  1.99390E+13 0.00535 
   38   38    1    1    1    1    1    1    1    1  9.44459E+13 0.00537 
   39   39    1    1    1    1    1    1    1    1  1.14923E+14 0.00470 
   40   40    1    1    1    1    1    1    1    1  1.86136E+14 0.00469 
   41   41    1    1    1    1    1    1    1    1  1.81474E+14 0.00454 
   42   42    1    1    1    1    1    1    1    1  3.23126E+14 0.00497 
   43   43    1    1    1    1    1    1    1    1  3.50137E+14 0.00468 
   44   44    1    1    1    1    1    1    1    1  4.48010E+14 0.00467 
   45   45    1    1    1    1    1    1    1    1  7.79798E+14 0.00448 
   46   46    1    1    1    1    1    1    1    1  4.02935E+14 0.00460 
   47   47    1    1    1    1    1    1    1    1  5.83136E+14 0.00482 
   48   48    1    1    1    1    1    1    1    1  8.01042E+14 0.00467 
   49   49    1    1    1    1    1    1    1    1  7.30481E+14 0.00453 
   50   50    1    1    1    1    1    1    1    1  1.09706E+15 0.00489 
   51   51    1    1    1    1    1    1    1    1  8.66801E+14 0.00493 
   52   52    1    1    1    1    1    1    1    1  9.63242E+14 0.00502 
   53   53    1    1    1    1    1    1    1    1  6.84285E+14 0.00494 
   54   54    1    1    1    1    1    1    1    1  8.13295E+14 0.00516 
   55   55    1    1    1    1    1    1    1    1  5.75756E+14 0.00551 
   56   56    1    1    1    1    1    1    1    1  7.96960E+13 0.00626 
   57   57    1    1    1    1    1    1    1    1  1.11319E+15 0.00518 
   58   58    1    1    1    1    1    1    1    1  4.75539E+14 0.00517 
   59   59    1    1    1    1    1    1    1    1  5.19506E+14 0.00563 
   60   60    1    1    1    1    1    1    1    1  4.02368E+14 0.00526 
   61   61    1    1    1    1    1    1    1    1  4.02490E+14 0.00526 
   62   62    1    1    1    1    1    1    1    1  4.02351E+14 0.00521 
   63   63    1    1    1    1    1    1    1    1  3.33396E+14 0.00582 
   64   64    1    1    1    1    1    1    1    1  2.61266E+14 0.00527 
   65   65    1    1    1    1    1    1    1    1  2.55981E+14 0.00570 
   66   66    1    1    1    1    1    1    1    1  2.00854E+14 0.00557 
   67   67    1    1    1    1    1    1    1    1  1.66256E+14 0.00607 
   68   68    1    1    1    1    1    1    1    1  1.47372E+14 0.00546 
   69   69    1    1    1    1    1    1    1    1  1.78314E+14 0.00519 
   70   70    1    1    1    1    1    1    1    1  1.53226E+14 0.00553 
   71   71    1    1    1    1    1    1    1    1  2.89100E+14 0.00591 
   72   72    1    1    1    1    1    1    1    1  2.10208E+14 0.00636 
   73   73    1    1    1    1    1    1    1    1  1.60968E+14 0.00578 
   74   74    1    1    1    1    1    1    1    1  1.27124E+14 0.00598 
   75   75    1    1    1    1    1    1    1    1  1.03039E+14 0.00667 
   76   76    1    1    1    1    1    1    1    1  1.15996E+14 0.00711 
   77   77    1    1    1    1    1    1    1    1  8.88160E+13 0.00732 
   78   78    1    1    1    1    1    1    1    1  6.77206E+13 0.00616 
   79   79    1    1    1    1    1    1    1    1  6.96560E+13 0.00611 
   80   80    1    1    1    1    1    1    1    1  5.10304E+13 0.00768 
   81   81    1    1    1    1    1    1    1    1  3.93402E+13 0.00699 
   82   82    1    1    1    1    1    1    1    1  3.04178E+13 0.00691 
   83   83    1    1    1    1    1    1    1    1  2.83973E+13 0.00972 
   84   84    1    1    1    1    1    1    1    1  2.03906E+13 0.00866 
   85   85    1    1    1    1    1    1    1    1  1.46689E+13 0.01080 
   86   86    1    1    1    1    1    1    1    1  1.37484E+13 0.00887 
   87   87    1    1    1    1    1    1    1    1  8.59835E+12 0.01429 
   88   88    1    1    1    1    1    1    1    1  5.84335E+12 0.01199 
   89   89    1    1    1    1    1    1    1    1  3.27504E+12 0.01025 
   90   90    1    1    1    1    1    1    1    1  2.24739E+12 0.01893 
   91   91    1    1    1    1    1    1    1    1  1.11754E+12 0.03117 
   92   92    1    1    1    1    1    1    1    1  5.59749E+11 0.04308 
   93   93    1    1    1    1    1    1    1    1  2.89993E+11 0.05114 
   94   94    1    1    1    1    1    1    1    1  1.33274E+11 0.07655 
   95   95    1    1    1    1    1    1    1    1  7.08721E+10 0.13477 
   96   96    1    1    1    1    1    1    1    1  2.71520E+10 0.12589 
   97   97    1    1    1    1    1    1    1    1  1.80444E+10 0.23143 
   98   98    1    1    1    1    1    1    1    1  5.62314E+09 0.29534 
   99   99    1    1    1    1    1    1    1    1  2.43257E+09 0.54612 
  100  100    1    1    1    1    1    1    1    1  7.45011E+09 0.41944 
];


