
DETdpaspec = [
    1    1    1    1    1    1    1    1    1    1  0.00000E+00 0.00000 
    2    2    1    1    1    1    1    1    1    1  0.00000E+00 0.00000 
    3    3    1    1    1    1    1    1    1    1  0.00000E+00 0.00000 
    4    4    1    1    1    1    1    1    1    1  0.00000E+00 0.00000 
    5    5    1    1    1    1    1    1    1    1  0.00000E+00 0.00000 
    6    6    1    1    1    1    1    1    1    1  0.00000E+00 0.00000 
    7    7    1    1    1    1    1    1    1    1  0.00000E+00 0.00000 
    8    8    1    1    1    1    1    1    1    1  2.52633E+07 1.00000 
    9    9    1    1    1    1    1    1    1    1  5.89142E+07 0.48787 
   10   10    1    1    1    1    1    1    1    1  2.80428E+08 0.48181 
   11   11    1    1    1    1    1    1    1    1  0.00000E+00 0.00000 
   12   12    1    1    1    1    1    1    1    1  1.68477E+08 0.55458 
   13   13    1    1    1    1    1    1    1    1  2.10736E+09 0.35226 
   14   14    1    1    1    1    1    1    1    1  7.26109E+09 0.31664 
   15   15    1    1    1    1    1    1    1    1  6.95590E+09 0.22426 
   16   16    1    1    1    1    1    1    1    1  3.58348E+09 0.19350 
   17   17    1    1    1    1    1    1    1    1  5.71014E+09 0.18021 
   18   18    1    1    1    1    1    1    1    1  1.68509E+10 0.12624 
   19   19    1    1    1    1    1    1    1    1  2.08332E+10 0.10164 
   20   20    1    1    1    1    1    1    1    1  6.08263E+10 0.11602 
   21   21    1    1    1    1    1    1    1    1  4.63171E+10 0.08683 
   22   22    1    1    1    1    1    1    1    1  1.35487E+11 0.06270 
   23   23    1    1    1    1    1    1    1    1  2.03655E+11 0.05223 
   24   24    1    1    1    1    1    1    1    1  3.72983E+11 0.03413 
   25   25    1    1    1    1    1    1    1    1  5.47749E+11 0.03390 
   26   26    1    1    1    1    1    1    1    1  1.10246E+12 0.02468 
   27   27    1    1    1    1    1    1    1    1  2.27630E+12 0.01847 
   28   28    1    1    1    1    1    1    1    1  4.96283E+12 0.01079 
   29   29    1    1    1    1    1    1    1    1  6.85534E+12 0.00747 
   30   30    1    1    1    1    1    1    1    1  1.79761E+13 0.00748 
   31   31    1    1    1    1    1    1    1    1  4.32064E+13 0.00359 
   32   32    1    1    1    1    1    1    1    1  6.50649E+13 0.00540 
   33   33    1    1    1    1    1    1    1    1  1.27879E+14 0.00360 
   34   34    1    1    1    1    1    1    1    1  1.47329E+14 0.00302 
   35   35    1    1    1    1    1    1    1    1  2.09982E+14 0.00198 
   36   36    1    1    1    1    1    1    1    1  1.64776E+14 0.00194 
   37   37    1    1    1    1    1    1    1    1  5.19779E+13 0.00179 
   38   38    1    1    1    1    1    1    1    1  2.50774E+14 0.00160 
   39   39    1    1    1    1    1    1    1    1  3.08288E+14 0.00142 
   40   40    1    1    1    1    1    1    1    1  5.07958E+14 0.00170 
   41   41    1    1    1    1    1    1    1    1  4.93316E+14 0.00176 
   42   42    1    1    1    1    1    1    1    1  8.93302E+14 0.00172 
   43   43    1    1    1    1    1    1    1    1  9.74765E+14 0.00203 
   44   44    1    1    1    1    1    1    1    1  1.26235E+15 0.00187 
   45   45    1    1    1    1    1    1    1    1  2.23078E+15 0.00163 
   46   46    1    1    1    1    1    1    1    1  1.16184E+15 0.00168 
   47   47    1    1    1    1    1    1    1    1  1.68265E+15 0.00183 
   48   48    1    1    1    1    1    1    1    1  2.33362E+15 0.00162 
   49   49    1    1    1    1    1    1    1    1  2.12714E+15 0.00149 
   50   50    1    1    1    1    1    1    1    1  3.23705E+15 0.00149 
   51   51    1    1    1    1    1    1    1    1  2.55570E+15 0.00175 
   52   52    1    1    1    1    1    1    1    1  2.87689E+15 0.00162 
   53   53    1    1    1    1    1    1    1    1  2.04578E+15 0.00186 
   54   54    1    1    1    1    1    1    1    1  2.46016E+15 0.00180 
   55   55    1    1    1    1    1    1    1    1  1.74150E+15 0.00185 
   56   56    1    1    1    1    1    1    1    1  2.40152E+14 0.00191 
   57   57    1    1    1    1    1    1    1    1  3.38060E+15 0.00184 
   58   58    1    1    1    1    1    1    1    1  1.46320E+15 0.00174 
   59   59    1    1    1    1    1    1    1    1  1.59231E+15 0.00170 
   60   60    1    1    1    1    1    1    1    1  1.24554E+15 0.00185 
   61   61    1    1    1    1    1    1    1    1  1.24596E+15 0.00200 
   62   62    1    1    1    1    1    1    1    1  1.25100E+15 0.00201 
   63   63    1    1    1    1    1    1    1    1  1.03881E+15 0.00169 
   64   64    1    1    1    1    1    1    1    1  8.15877E+14 0.00178 
   65   65    1    1    1    1    1    1    1    1  8.01033E+14 0.00198 
   66   66    1    1    1    1    1    1    1    1  6.31899E+14 0.00235 
   67   67    1    1    1    1    1    1    1    1  5.21664E+14 0.00164 
   68   68    1    1    1    1    1    1    1    1  4.61238E+14 0.00197 
   69   69    1    1    1    1    1    1    1    1  5.59991E+14 0.00233 
   70   70    1    1    1    1    1    1    1    1  4.80012E+14 0.00210 
   71   71    1    1    1    1    1    1    1    1  9.01134E+14 0.00228 
   72   72    1    1    1    1    1    1    1    1  6.55792E+14 0.00209 
   73   73    1    1    1    1    1    1    1    1  5.03843E+14 0.00223 
   74   74    1    1    1    1    1    1    1    1  4.03957E+14 0.00208 
   75   75    1    1    1    1    1    1    1    1  3.27646E+14 0.00284 
   76   76    1    1    1    1    1    1    1    1  3.71604E+14 0.00224 
   77   77    1    1    1    1    1    1    1    1  2.87029E+14 0.00202 
   78   78    1    1    1    1    1    1    1    1  2.20855E+14 0.00313 
   79   79    1    1    1    1    1    1    1    1  2.26088E+14 0.00281 
   80   80    1    1    1    1    1    1    1    1  1.68269E+14 0.00374 
   81   81    1    1    1    1    1    1    1    1  1.29429E+14 0.00336 
   82   82    1    1    1    1    1    1    1    1  9.99329E+13 0.00396 
   83   83    1    1    1    1    1    1    1    1  9.31171E+13 0.00371 
   84   84    1    1    1    1    1    1    1    1  6.66752E+13 0.00523 
   85   85    1    1    1    1    1    1    1    1  4.80446E+13 0.00475 
   86   86    1    1    1    1    1    1    1    1  4.52174E+13 0.00347 
   87   87    1    1    1    1    1    1    1    1  2.79554E+13 0.00726 
   88   88    1    1    1    1    1    1    1    1  1.90415E+13 0.00708 
   89   89    1    1    1    1    1    1    1    1  1.07719E+13 0.00895 
   90   90    1    1    1    1    1    1    1    1  7.19683E+12 0.01089 
   91   91    1    1    1    1    1    1    1    1  3.73592E+12 0.00992 
   92   92    1    1    1    1    1    1    1    1  1.79273E+12 0.02523 
   93   93    1    1    1    1    1    1    1    1  8.67093E+11 0.03634 
   94   94    1    1    1    1    1    1    1    1  4.38956E+11 0.03631 
   95   95    1    1    1    1    1    1    1    1  2.04779E+11 0.05804 
   96   96    1    1    1    1    1    1    1    1  1.01597E+11 0.09432 
   97   97    1    1    1    1    1    1    1    1  4.92180E+10 0.14718 
   98   98    1    1    1    1    1    1    1    1  2.39066E+10 0.15648 
   99   99    1    1    1    1    1    1    1    1  1.09788E+10 0.22227 
  100  100    1    1    1    1    1    1    1    1  1.11080E+10 0.33658 
];


