
DETdpaspec = [
    1    1    1    1    1    1    1    1    1    1  0.00000E+00 0.00000 
    2    2    1    1    1    1    1    1    1    1  0.00000E+00 0.00000 
    3    3    1    1    1    1    1    1    1    1  0.00000E+00 0.00000 
    4    4    1    1    1    1    1    1    1    1  0.00000E+00 0.00000 
    5    5    1    1    1    1    1    1    1    1  0.00000E+00 0.00000 
    6    6    1    1    1    1    1    1    1    1  0.00000E+00 0.00000 
    7    7    1    1    1    1    1    1    1    1  0.00000E+00 0.00000 
    8    8    1    1    1    1    1    1    1    1  0.00000E+00 0.00000 
    9    9    1    1    1    1    1    1    1    1  4.94686E+07 0.72927 
   10   10    1    1    1    1    1    1    1    1  9.07970E+07 0.69200 
   11   11    1    1    1    1    1    1    1    1  1.92581E+08 0.70345 
   12   12    1    1    1    1    1    1    1    1  7.98023E+07 0.66082 
   13   13    1    1    1    1    1    1    1    1  1.56253E+09 0.37383 
   14   14    1    1    1    1    1    1    1    1  4.20912E+09 0.32364 
   15   15    1    1    1    1    1    1    1    1  7.28346E+09 0.31038 
   16   16    1    1    1    1    1    1    1    1  1.04813E+09 0.28923 
   17   17    1    1    1    1    1    1    1    1  3.79533E+09 0.21465 
   18   18    1    1    1    1    1    1    1    1  9.96245E+09 0.24281 
   19   19    1    1    1    1    1    1    1    1  1.51971E+10 0.10922 
   20   20    1    1    1    1    1    1    1    1  4.01453E+10 0.12074 
   21   21    1    1    1    1    1    1    1    1  3.30087E+10 0.11328 
   22   22    1    1    1    1    1    1    1    1  1.00200E+11 0.08984 
   23   23    1    1    1    1    1    1    1    1  1.49942E+11 0.06651 
   24   24    1    1    1    1    1    1    1    1  2.33310E+11 0.06329 
   25   25    1    1    1    1    1    1    1    1  3.42219E+11 0.03321 
   26   26    1    1    1    1    1    1    1    1  5.93791E+11 0.03280 
   27   27    1    1    1    1    1    1    1    1  1.23312E+12 0.01660 
   28   28    1    1    1    1    1    1    1    1  2.32381E+12 0.01444 
   29   29    1    1    1    1    1    1    1    1  3.00833E+12 0.01237 
   30   30    1    1    1    1    1    1    1    1  7.98610E+12 0.01063 
   31   31    1    1    1    1    1    1    1    1  1.87103E+13 0.00867 
   32   32    1    1    1    1    1    1    1    1  2.73577E+13 0.00701 
   33   33    1    1    1    1    1    1    1    1  5.22551E+13 0.00599 
   34   34    1    1    1    1    1    1    1    1  5.81904E+13 0.00646 
   35   35    1    1    1    1    1    1    1    1  8.50075E+13 0.00595 
   36   36    1    1    1    1    1    1    1    1  6.62396E+13 0.00595 
   37   37    1    1    1    1    1    1    1    1  2.09732E+13 0.00557 
   38   38    1    1    1    1    1    1    1    1  9.94292E+13 0.00596 
   39   39    1    1    1    1    1    1    1    1  1.21494E+14 0.00679 
   40   40    1    1    1    1    1    1    1    1  1.95827E+14 0.00616 
   41   41    1    1    1    1    1    1    1    1  1.90548E+14 0.00599 
   42   42    1    1    1    1    1    1    1    1  3.38669E+14 0.00628 
   43   43    1    1    1    1    1    1    1    1  3.67157E+14 0.00631 
   44   44    1    1    1    1    1    1    1    1  4.68985E+14 0.00539 
   45   45    1    1    1    1    1    1    1    1  8.16726E+14 0.00573 
   46   46    1    1    1    1    1    1    1    1  4.22451E+14 0.00629 
   47   47    1    1    1    1    1    1    1    1  6.13318E+14 0.00658 
   48   48    1    1    1    1    1    1    1    1  8.42839E+14 0.00636 
   49   49    1    1    1    1    1    1    1    1  7.70423E+14 0.00624 
   50   50    1    1    1    1    1    1    1    1  1.15682E+15 0.00637 
   51   51    1    1    1    1    1    1    1    1  9.15660E+14 0.00594 
   52   52    1    1    1    1    1    1    1    1  1.01732E+15 0.00627 
   53   53    1    1    1    1    1    1    1    1  7.24536E+14 0.00658 
   54   54    1    1    1    1    1    1    1    1  8.60028E+14 0.00679 
   55   55    1    1    1    1    1    1    1    1  6.10677E+14 0.00711 
   56   56    1    1    1    1    1    1    1    1  8.45848E+13 0.00681 
   57   57    1    1    1    1    1    1    1    1  1.18021E+15 0.00716 
   58   58    1    1    1    1    1    1    1    1  5.04163E+14 0.00753 
   59   59    1    1    1    1    1    1    1    1  5.52151E+14 0.00731 
   60   60    1    1    1    1    1    1    1    1  4.26132E+14 0.00774 
   61   61    1    1    1    1    1    1    1    1  4.26841E+14 0.00721 
   62   62    1    1    1    1    1    1    1    1  4.26825E+14 0.00711 
   63   63    1    1    1    1    1    1    1    1  3.52552E+14 0.00726 
   64   64    1    1    1    1    1    1    1    1  2.76826E+14 0.00710 
   65   65    1    1    1    1    1    1    1    1  2.70876E+14 0.00734 
   66   66    1    1    1    1    1    1    1    1  2.13852E+14 0.00711 
   67   67    1    1    1    1    1    1    1    1  1.77118E+14 0.00672 
   68   68    1    1    1    1    1    1    1    1  1.56485E+14 0.00701 
   69   69    1    1    1    1    1    1    1    1  1.90267E+14 0.00736 
   70   70    1    1    1    1    1    1    1    1  1.63004E+14 0.00788 
   71   71    1    1    1    1    1    1    1    1  3.09020E+14 0.00784 
   72   72    1    1    1    1    1    1    1    1  2.25565E+14 0.00820 
   73   73    1    1    1    1    1    1    1    1  1.72870E+14 0.00857 
   74   74    1    1    1    1    1    1    1    1  1.37256E+14 0.00770 
   75   75    1    1    1    1    1    1    1    1  1.10180E+14 0.00734 
   76   76    1    1    1    1    1    1    1    1  1.24512E+14 0.00649 
   77   77    1    1    1    1    1    1    1    1  9.49168E+13 0.00802 
   78   78    1    1    1    1    1    1    1    1  7.20839E+13 0.00817 
   79   79    1    1    1    1    1    1    1    1  7.40241E+13 0.00836 
   80   80    1    1    1    1    1    1    1    1  5.49297E+13 0.00880 
   81   81    1    1    1    1    1    1    1    1  4.19377E+13 0.01023 
   82   82    1    1    1    1    1    1    1    1  3.21284E+13 0.01072 
   83   83    1    1    1    1    1    1    1    1  3.01534E+13 0.00983 
   84   84    1    1    1    1    1    1    1    1  2.15389E+13 0.00933 
   85   85    1    1    1    1    1    1    1    1  1.57577E+13 0.01100 
   86   86    1    1    1    1    1    1    1    1  1.46105E+13 0.00741 
   87   87    1    1    1    1    1    1    1    1  9.16449E+12 0.01247 
   88   88    1    1    1    1    1    1    1    1  6.23246E+12 0.01548 
   89   89    1    1    1    1    1    1    1    1  3.61194E+12 0.00814 
   90   90    1    1    1    1    1    1    1    1  2.36005E+12 0.01634 
   91   91    1    1    1    1    1    1    1    1  1.18988E+12 0.02435 
   92   92    1    1    1    1    1    1    1    1  5.59324E+11 0.03510 
   93   93    1    1    1    1    1    1    1    1  2.72816E+11 0.06684 
   94   94    1    1    1    1    1    1    1    1  1.31587E+11 0.08869 
   95   95    1    1    1    1    1    1    1    1  7.23776E+10 0.12797 
   96   96    1    1    1    1    1    1    1    1  3.81947E+10 0.13334 
   97   97    1    1    1    1    1    1    1    1  2.21088E+10 0.23600 
   98   98    1    1    1    1    1    1    1    1  9.51139E+09 0.30517 
   99   99    1    1    1    1    1    1    1    1  2.38089E+09 0.41875 
  100  100    1    1    1    1    1    1    1    1  1.61501E+09 0.58976 
];


