
DETdpaspec = [
    1    1    1    1    1    1    1    1    1    1  0.00000E+00 0.00000 
    2    2    1    1    1    1    1    1    1    1  0.00000E+00 0.00000 
    3    3    1    1    1    1    1    1    1    1  0.00000E+00 0.00000 
    4    4    1    1    1    1    1    1    1    1  0.00000E+00 0.00000 
    5    5    1    1    1    1    1    1    1    1  0.00000E+00 0.00000 
    6    6    1    1    1    1    1    1    1    1  0.00000E+00 0.00000 
    7    7    1    1    1    1    1    1    1    1  3.85667E+07 0.69932 
    8    8    1    1    1    1    1    1    1    1  0.00000E+00 0.00000 
    9    9    1    1    1    1    1    1    1    1  0.00000E+00 0.00000 
   10   10    1    1    1    1    1    1    1    1  2.24509E+08 0.61186 
   11   11    1    1    1    1    1    1    1    1  4.29191E+08 0.54803 
   12   12    1    1    1    1    1    1    1    1  8.29072E+07 0.54819 
   13   13    1    1    1    1    1    1    1    1  2.01944E+09 0.41571 
   14   14    1    1    1    1    1    1    1    1  5.55380E+09 0.19569 
   15   15    1    1    1    1    1    1    1    1  1.02535E+10 0.24214 
   16   16    1    1    1    1    1    1    1    1  2.68926E+09 0.20838 
   17   17    1    1    1    1    1    1    1    1  6.16540E+09 0.18848 
   18   18    1    1    1    1    1    1    1    1  2.04764E+10 0.12643 
   19   19    1    1    1    1    1    1    1    1  2.48850E+10 0.10398 
   20   20    1    1    1    1    1    1    1    1  6.64798E+10 0.10533 
   21   21    1    1    1    1    1    1    1    1  4.94288E+10 0.09047 
   22   22    1    1    1    1    1    1    1    1  1.20485E+11 0.08038 
   23   23    1    1    1    1    1    1    1    1  2.15606E+11 0.04508 
   24   24    1    1    1    1    1    1    1    1  3.55502E+11 0.04361 
   25   25    1    1    1    1    1    1    1    1  5.16246E+11 0.03552 
   26   26    1    1    1    1    1    1    1    1  1.00079E+12 0.01954 
   27   27    1    1    1    1    1    1    1    1  2.09432E+12 0.01391 
   28   28    1    1    1    1    1    1    1    1  4.42084E+12 0.00970 
   29   29    1    1    1    1    1    1    1    1  6.05187E+12 0.00638 
   30   30    1    1    1    1    1    1    1    1  1.59082E+13 0.00595 
   31   31    1    1    1    1    1    1    1    1  3.80163E+13 0.00447 
   32   32    1    1    1    1    1    1    1    1  5.71315E+13 0.00409 
   33   33    1    1    1    1    1    1    1    1  1.12111E+14 0.00409 
   34   34    1    1    1    1    1    1    1    1  1.28702E+14 0.00328 
   35   35    1    1    1    1    1    1    1    1  1.84865E+14 0.00268 
   36   36    1    1    1    1    1    1    1    1  1.44722E+14 0.00237 
   37   37    1    1    1    1    1    1    1    1  4.57332E+13 0.00215 
   38   38    1    1    1    1    1    1    1    1  2.19598E+14 0.00241 
   39   39    1    1    1    1    1    1    1    1  2.69811E+14 0.00197 
   40   40    1    1    1    1    1    1    1    1  4.43506E+14 0.00169 
   41   41    1    1    1    1    1    1    1    1  4.30775E+14 0.00177 
   42   42    1    1    1    1    1    1    1    1  7.78047E+14 0.00174 
   43   43    1    1    1    1    1    1    1    1  8.49141E+14 0.00171 
   44   44    1    1    1    1    1    1    1    1  1.09753E+15 0.00103 
   45   45    1    1    1    1    1    1    1    1  1.93683E+15 0.00141 
   46   46    1    1    1    1    1    1    1    1  1.00728E+15 0.00147 
   47   47    1    1    1    1    1    1    1    1  1.46015E+15 0.00119 
   48   48    1    1    1    1    1    1    1    1  2.02190E+15 0.00152 
   49   49    1    1    1    1    1    1    1    1  1.84008E+15 0.00156 
   50   50    1    1    1    1    1    1    1    1  2.79272E+15 0.00162 
   51   51    1    1    1    1    1    1    1    1  2.20638E+15 0.00161 
   52   52    1    1    1    1    1    1    1    1  2.47769E+15 0.00171 
   53   53    1    1    1    1    1    1    1    1  1.76436E+15 0.00183 
   54   54    1    1    1    1    1    1    1    1  2.11406E+15 0.00183 
   55   55    1    1    1    1    1    1    1    1  1.49569E+15 0.00154 
   56   56    1    1    1    1    1    1    1    1  2.06745E+14 0.00168 
   57   57    1    1    1    1    1    1    1    1  2.90010E+15 0.00163 
   58   58    1    1    1    1    1    1    1    1  1.25165E+15 0.00191 
   59   59    1    1    1    1    1    1    1    1  1.36380E+15 0.00158 
   60   60    1    1    1    1    1    1    1    1  1.06518E+15 0.00174 
   61   61    1    1    1    1    1    1    1    1  1.06517E+15 0.00192 
   62   62    1    1    1    1    1    1    1    1  1.06907E+15 0.00178 
   63   63    1    1    1    1    1    1    1    1  8.85916E+14 0.00203 
   64   64    1    1    1    1    1    1    1    1  6.95048E+14 0.00162 
   65   65    1    1    1    1    1    1    1    1  6.82307E+14 0.00206 
   66   66    1    1    1    1    1    1    1    1  5.37790E+14 0.00184 
   67   67    1    1    1    1    1    1    1    1  4.43883E+14 0.00193 
   68   68    1    1    1    1    1    1    1    1  3.92523E+14 0.00220 
   69   69    1    1    1    1    1    1    1    1  4.76440E+14 0.00184 
   70   70    1    1    1    1    1    1    1    1  4.08470E+14 0.00269 
   71   71    1    1    1    1    1    1    1    1  7.67868E+14 0.00203 
   72   72    1    1    1    1    1    1    1    1  5.59557E+14 0.00299 
   73   73    1    1    1    1    1    1    1    1  4.29379E+14 0.00220 
   74   74    1    1    1    1    1    1    1    1  3.43202E+14 0.00220 
   75   75    1    1    1    1    1    1    1    1  2.78082E+14 0.00229 
   76   76    1    1    1    1    1    1    1    1  3.14105E+14 0.00242 
   77   77    1    1    1    1    1    1    1    1  2.42992E+14 0.00224 
   78   78    1    1    1    1    1    1    1    1  1.86125E+14 0.00228 
   79   79    1    1    1    1    1    1    1    1  1.90815E+14 0.00292 
   80   80    1    1    1    1    1    1    1    1  1.41690E+14 0.00293 
   81   81    1    1    1    1    1    1    1    1  1.08917E+14 0.00469 
   82   82    1    1    1    1    1    1    1    1  8.42300E+13 0.00428 
   83   83    1    1    1    1    1    1    1    1  7.85994E+13 0.00323 
   84   84    1    1    1    1    1    1    1    1  5.59609E+13 0.00439 
   85   85    1    1    1    1    1    1    1    1  4.05432E+13 0.00511 
   86   86    1    1    1    1    1    1    1    1  3.81240E+13 0.00466 
   87   87    1    1    1    1    1    1    1    1  2.34782E+13 0.00625 
   88   88    1    1    1    1    1    1    1    1  1.59906E+13 0.00710 
   89   89    1    1    1    1    1    1    1    1  9.19147E+12 0.01133 
   90   90    1    1    1    1    1    1    1    1  6.20622E+12 0.01321 
   91   91    1    1    1    1    1    1    1    1  3.11475E+12 0.01656 
   92   92    1    1    1    1    1    1    1    1  1.49184E+12 0.03220 
   93   93    1    1    1    1    1    1    1    1  7.28432E+11 0.03046 
   94   94    1    1    1    1    1    1    1    1  3.85783E+11 0.04438 
   95   95    1    1    1    1    1    1    1    1  1.83892E+11 0.05830 
   96   96    1    1    1    1    1    1    1    1  8.89510E+10 0.08060 
   97   97    1    1    1    1    1    1    1    1  3.81588E+10 0.15335 
   98   98    1    1    1    1    1    1    1    1  2.26640E+10 0.22224 
   99   99    1    1    1    1    1    1    1    1  5.51423E+09 0.36305 
  100  100    1    1    1    1    1    1    1    1  8.72876E+09 0.33640 
];


