
DETdpaspec = [
    1    1    1    1    1    1    1    1    1    1  0.00000E+00 0.00000 
    2    2    1    1    1    1    1    1    1    1  0.00000E+00 0.00000 
    3    3    1    1    1    1    1    1    1    1  0.00000E+00 0.00000 
    4    4    1    1    1    1    1    1    1    1  0.00000E+00 0.00000 
    5    5    1    1    1    1    1    1    1    1  0.00000E+00 0.00000 
    6    6    1    1    1    1    1    1    1    1  1.08567E+07 1.00000 
    7    7    1    1    1    1    1    1    1    1  1.31590E+07 1.00000 
    8    8    1    1    1    1    1    1    1    1  1.76706E+07 1.00000 
    9    9    1    1    1    1    1    1    1    1  1.08952E+07 1.00000 
   10   10    1    1    1    1    1    1    1    1  1.42748E+08 0.70556 
   11   11    1    1    1    1    1    1    1    1  3.01930E+08 0.58172 
   12   12    1    1    1    1    1    1    1    1  8.84525E+07 0.65906 
   13   13    1    1    1    1    1    1    1    1  2.50766E+09 0.36403 
   14   14    1    1    1    1    1    1    1    1  5.86310E+09 0.29217 
   15   15    1    1    1    1    1    1    1    1  9.56445E+09 0.24549 
   16   16    1    1    1    1    1    1    1    1  3.90071E+09 0.25767 
   17   17    1    1    1    1    1    1    1    1  7.24967E+09 0.14911 
   18   18    1    1    1    1    1    1    1    1  2.23580E+10 0.12341 
   19   19    1    1    1    1    1    1    1    1  2.61854E+10 0.13547 
   20   20    1    1    1    1    1    1    1    1  6.79749E+10 0.09494 
   21   21    1    1    1    1    1    1    1    1  5.71378E+10 0.10330 
   22   22    1    1    1    1    1    1    1    1  1.45348E+11 0.05225 
   23   23    1    1    1    1    1    1    1    1  1.96479E+11 0.04827 
   24   24    1    1    1    1    1    1    1    1  3.70826E+11 0.04918 
   25   25    1    1    1    1    1    1    1    1  5.39656E+11 0.03916 
   26   26    1    1    1    1    1    1    1    1  1.05270E+12 0.02656 
   27   27    1    1    1    1    1    1    1    1  2.18005E+12 0.01968 
   28   28    1    1    1    1    1    1    1    1  4.70192E+12 0.01183 
   29   29    1    1    1    1    1    1    1    1  6.75896E+12 0.00939 
   30   30    1    1    1    1    1    1    1    1  1.75037E+13 0.00661 
   31   31    1    1    1    1    1    1    1    1  4.15820E+13 0.00566 
   32   32    1    1    1    1    1    1    1    1  6.28500E+13 0.00427 
   33   33    1    1    1    1    1    1    1    1  1.23585E+14 0.00324 
   34   34    1    1    1    1    1    1    1    1  1.42144E+14 0.00309 
   35   35    1    1    1    1    1    1    1    1  2.03448E+14 0.00300 
   36   36    1    1    1    1    1    1    1    1  1.59369E+14 0.00298 
   37   37    1    1    1    1    1    1    1    1  5.02965E+13 0.00213 
   38   38    1    1    1    1    1    1    1    1  2.43168E+14 0.00229 
   39   39    1    1    1    1    1    1    1    1  2.98910E+14 0.00243 
   40   40    1    1    1    1    1    1    1    1  4.92639E+14 0.00219 
   41   41    1    1    1    1    1    1    1    1  4.77996E+14 0.00204 
   42   42    1    1    1    1    1    1    1    1  8.63052E+14 0.00163 
   43   43    1    1    1    1    1    1    1    1  9.43850E+14 0.00153 
   44   44    1    1    1    1    1    1    1    1  1.22059E+15 0.00146 
   45   45    1    1    1    1    1    1    1    1  2.15860E+15 0.00160 
   46   46    1    1    1    1    1    1    1    1  1.12396E+15 0.00177 
   47   47    1    1    1    1    1    1    1    1  1.62869E+15 0.00169 
   48   48    1    1    1    1    1    1    1    1  2.25896E+15 0.00167 
   49   49    1    1    1    1    1    1    1    1  2.05743E+15 0.00157 
   50   50    1    1    1    1    1    1    1    1  3.13070E+15 0.00165 
   51   51    1    1    1    1    1    1    1    1  2.47060E+15 0.00156 
   52   52    1    1    1    1    1    1    1    1  2.77710E+15 0.00164 
   53   53    1    1    1    1    1    1    1    1  1.97469E+15 0.00185 
   54   54    1    1    1    1    1    1    1    1  2.37147E+15 0.00160 
   55   55    1    1    1    1    1    1    1    1  1.68078E+15 0.00166 
   56   56    1    1    1    1    1    1    1    1  2.32133E+14 0.00215 
   57   57    1    1    1    1    1    1    1    1  3.25891E+15 0.00151 
   58   58    1    1    1    1    1    1    1    1  1.40973E+15 0.00178 
   59   59    1    1    1    1    1    1    1    1  1.53472E+15 0.00176 
   60   60    1    1    1    1    1    1    1    1  1.20238E+15 0.00175 
   61   61    1    1    1    1    1    1    1    1  1.20233E+15 0.00163 
   62   62    1    1    1    1    1    1    1    1  1.20669E+15 0.00172 
   63   63    1    1    1    1    1    1    1    1  1.00184E+15 0.00177 
   64   64    1    1    1    1    1    1    1    1  7.87716E+14 0.00190 
   65   65    1    1    1    1    1    1    1    1  7.71585E+14 0.00186 
   66   66    1    1    1    1    1    1    1    1  6.09125E+14 0.00177 
   67   67    1    1    1    1    1    1    1    1  5.02139E+14 0.00196 
   68   68    1    1    1    1    1    1    1    1  4.43701E+14 0.00243 
   69   69    1    1    1    1    1    1    1    1  5.39961E+14 0.00144 
   70   70    1    1    1    1    1    1    1    1  4.62410E+14 0.00201 
   71   71    1    1    1    1    1    1    1    1  8.68962E+14 0.00235 
   72   72    1    1    1    1    1    1    1    1  6.32733E+14 0.00237 
   73   73    1    1    1    1    1    1    1    1  4.85955E+14 0.00227 
   74   74    1    1    1    1    1    1    1    1  3.87718E+14 0.00214 
   75   75    1    1    1    1    1    1    1    1  3.14680E+14 0.00285 
   76   76    1    1    1    1    1    1    1    1  3.57361E+14 0.00232 
   77   77    1    1    1    1    1    1    1    1  2.76733E+14 0.00212 
   78   78    1    1    1    1    1    1    1    1  2.11872E+14 0.00200 
   79   79    1    1    1    1    1    1    1    1  2.18152E+14 0.00276 
   80   80    1    1    1    1    1    1    1    1  1.61134E+14 0.00298 
   81   81    1    1    1    1    1    1    1    1  1.24230E+14 0.00370 
   82   82    1    1    1    1    1    1    1    1  9.51848E+13 0.00323 
   83   83    1    1    1    1    1    1    1    1  8.88571E+13 0.00405 
   84   84    1    1    1    1    1    1    1    1  6.41231E+13 0.00387 
   85   85    1    1    1    1    1    1    1    1  4.60092E+13 0.00417 
   86   86    1    1    1    1    1    1    1    1  4.36494E+13 0.00595 
   87   87    1    1    1    1    1    1    1    1  2.67781E+13 0.00631 
   88   88    1    1    1    1    1    1    1    1  1.82946E+13 0.00766 
   89   89    1    1    1    1    1    1    1    1  1.04274E+13 0.01147 
   90   90    1    1    1    1    1    1    1    1  6.96905E+12 0.01426 
   91   91    1    1    1    1    1    1    1    1  3.54270E+12 0.01775 
   92   92    1    1    1    1    1    1    1    1  1.70793E+12 0.03259 
   93   93    1    1    1    1    1    1    1    1  8.10191E+11 0.03197 
   94   94    1    1    1    1    1    1    1    1  4.37360E+11 0.03028 
   95   95    1    1    1    1    1    1    1    1  2.08584E+11 0.07866 
   96   96    1    1    1    1    1    1    1    1  1.02152E+11 0.11410 
   97   97    1    1    1    1    1    1    1    1  3.16748E+10 0.11975 
   98   98    1    1    1    1    1    1    1    1  3.15372E+10 0.17977 
   99   99    1    1    1    1    1    1    1    1  1.19226E+10 0.34322 
  100  100    1    1    1    1    1    1    1    1  4.39156E+09 0.38931 
];


