
DETdpaspec = [
    1    1    1    1    1    1    1    1    1    1  0.00000E+00 0.00000 
    2    2    1    1    1    1    1    1    1    1  0.00000E+00 0.00000 
    3    3    1    1    1    1    1    1    1    1  0.00000E+00 0.00000 
    4    4    1    1    1    1    1    1    1    1  0.00000E+00 0.00000 
    5    5    1    1    1    1    1    1    1    1  1.25613E+07 1.00000 
    6    6    1    1    1    1    1    1    1    1  0.00000E+00 0.00000 
    7    7    1    1    1    1    1    1    1    1  2.27847E+07 1.00000 
    8    8    1    1    1    1    1    1    1    1  0.00000E+00 0.00000 
    9    9    1    1    1    1    1    1    1    1  3.14210E+07 1.00000 
   10   10    1    1    1    1    1    1    1    1  3.43726E+07 1.00000 
   11   11    1    1    1    1    1    1    1    1  3.09539E+08 0.58101 
   12   12    1    1    1    1    1    1    1    1  1.28491E+08 0.47333 
   13   13    1    1    1    1    1    1    1    1  3.43869E+09 0.33337 
   14   14    1    1    1    1    1    1    1    1  5.67146E+09 0.28573 
   15   15    1    1    1    1    1    1    1    1  9.50692E+09 0.27513 
   16   16    1    1    1    1    1    1    1    1  4.29316E+09 0.25954 
   17   17    1    1    1    1    1    1    1    1  9.85842E+09 0.17758 
   18   18    1    1    1    1    1    1    1    1  1.90882E+10 0.12871 
   19   19    1    1    1    1    1    1    1    1  3.05666E+10 0.11254 
   20   20    1    1    1    1    1    1    1    1  7.08945E+10 0.11505 
   21   21    1    1    1    1    1    1    1    1  5.89648E+10 0.07807 
   22   22    1    1    1    1    1    1    1    1  1.65164E+11 0.06095 
   23   23    1    1    1    1    1    1    1    1  2.55041E+11 0.04610 
   24   24    1    1    1    1    1    1    1    1  4.71216E+11 0.02927 
   25   25    1    1    1    1    1    1    1    1  6.43697E+11 0.02557 
   26   26    1    1    1    1    1    1    1    1  1.39462E+12 0.01929 
   27   27    1    1    1    1    1    1    1    1  2.89363E+12 0.01452 
   28   28    1    1    1    1    1    1    1    1  6.44622E+12 0.00988 
   29   29    1    1    1    1    1    1    1    1  9.29606E+12 0.00924 
   30   30    1    1    1    1    1    1    1    1  2.34808E+13 0.00600 
   31   31    1    1    1    1    1    1    1    1  5.65401E+13 0.00453 
   32   32    1    1    1    1    1    1    1    1  8.56322E+13 0.00347 
   33   33    1    1    1    1    1    1    1    1  1.71046E+14 0.00267 
   34   34    1    1    1    1    1    1    1    1  1.99378E+14 0.00200 
   35   35    1    1    1    1    1    1    1    1  2.80310E+14 0.00180 
   36   36    1    1    1    1    1    1    1    1  2.19524E+14 0.00141 
   37   37    1    1    1    1    1    1    1    1  6.87957E+13 0.00134 
   38   38    1    1    1    1    1    1    1    1  3.35133E+14 0.00108 
   39   39    1    1    1    1    1    1    1    1  4.13351E+14 0.00177 
   40   40    1    1    1    1    1    1    1    1  6.87693E+14 0.00136 
   41   41    1    1    1    1    1    1    1    1  6.63755E+14 0.00155 
   42   42    1    1    1    1    1    1    1    1  1.21220E+15 0.00142 
   43   43    1    1    1    1    1    1    1    1  1.33036E+15 0.00150 
   44   44    1    1    1    1    1    1    1    1  1.73079E+15 0.00112 
   45   45    1    1    1    1    1    1    1    1  3.08887E+15 0.00111 
   46   46    1    1    1    1    1    1    1    1  1.61587E+15 0.00097 
   47   47    1    1    1    1    1    1    1    1  2.33725E+15 0.00125 
   48   48    1    1    1    1    1    1    1    1  3.25792E+15 0.00098 
   49   49    1    1    1    1    1    1    1    1  2.96970E+15 0.00112 
   50   50    1    1    1    1    1    1    1    1  4.55826E+15 0.00088 
   51   51    1    1    1    1    1    1    1    1  3.59278E+15 0.00096 
   52   52    1    1    1    1    1    1    1    1  4.07174E+15 0.00118 
   53   53    1    1    1    1    1    1    1    1  2.90122E+15 0.00119 
   54   54    1    1    1    1    1    1    1    1  3.51156E+15 0.00110 
   55   55    1    1    1    1    1    1    1    1  2.48899E+15 0.00129 
   56   56    1    1    1    1    1    1    1    1  3.43636E+14 0.00140 
   57   57    1    1    1    1    1    1    1    1  4.83550E+15 0.00088 
   58   58    1    1    1    1    1    1    1    1  2.11268E+15 0.00106 
   59   59    1    1    1    1    1    1    1    1  2.30004E+15 0.00109 
   60   60    1    1    1    1    1    1    1    1  1.81475E+15 0.00101 
   61   61    1    1    1    1    1    1    1    1  1.81437E+15 0.00112 
   62   62    1    1    1    1    1    1    1    1  1.82049E+15 0.00119 
   63   63    1    1    1    1    1    1    1    1  1.51895E+15 0.00124 
   64   64    1    1    1    1    1    1    1    1  1.19588E+15 0.00122 
   65   65    1    1    1    1    1    1    1    1  1.17546E+15 0.00125 
   66   66    1    1    1    1    1    1    1    1  9.30346E+14 0.00113 
   67   67    1    1    1    1    1    1    1    1  7.66276E+14 0.00141 
   68   68    1    1    1    1    1    1    1    1  6.78801E+14 0.00148 
   69   69    1    1    1    1    1    1    1    1  8.23964E+14 0.00124 
   70   70    1    1    1    1    1    1    1    1  7.07291E+14 0.00173 
   71   71    1    1    1    1    1    1    1    1  1.32288E+15 0.00117 
   72   72    1    1    1    1    1    1    1    1  9.62390E+14 0.00120 
   73   73    1    1    1    1    1    1    1    1  7.40666E+14 0.00165 
   74   74    1    1    1    1    1    1    1    1  5.93700E+14 0.00151 
   75   75    1    1    1    1    1    1    1    1  4.86142E+14 0.00179 
   76   76    1    1    1    1    1    1    1    1  5.54037E+14 0.00159 
   77   77    1    1    1    1    1    1    1    1  4.30466E+14 0.00166 
   78   78    1    1    1    1    1    1    1    1  3.31015E+14 0.00148 
   79   79    1    1    1    1    1    1    1    1  3.41997E+14 0.00227 
   80   80    1    1    1    1    1    1    1    1  2.53374E+14 0.00147 
   81   81    1    1    1    1    1    1    1    1  1.95951E+14 0.00209 
   82   82    1    1    1    1    1    1    1    1  1.51049E+14 0.00270 
   83   83    1    1    1    1    1    1    1    1  1.40907E+14 0.00289 
   84   84    1    1    1    1    1    1    1    1  1.01289E+14 0.00348 
   85   85    1    1    1    1    1    1    1    1  7.31979E+13 0.00265 
   86   86    1    1    1    1    1    1    1    1  6.83767E+13 0.00366 
   87   87    1    1    1    1    1    1    1    1  4.25015E+13 0.00525 
   88   88    1    1    1    1    1    1    1    1  2.86858E+13 0.00497 
   89   89    1    1    1    1    1    1    1    1  1.64676E+13 0.00808 
   90   90    1    1    1    1    1    1    1    1  1.09409E+13 0.01019 
   91   91    1    1    1    1    1    1    1    1  5.41304E+12 0.01245 
   92   92    1    1    1    1    1    1    1    1  2.75516E+12 0.01898 
   93   93    1    1    1    1    1    1    1    1  1.39893E+12 0.02255 
   94   94    1    1    1    1    1    1    1    1  6.28792E+11 0.04790 
   95   95    1    1    1    1    1    1    1    1  2.98567E+11 0.05270 
   96   96    1    1    1    1    1    1    1    1  1.41053E+11 0.09910 
   97   97    1    1    1    1    1    1    1    1  7.90602E+10 0.14902 
   98   98    1    1    1    1    1    1    1    1  3.44004E+10 0.18248 
   99   99    1    1    1    1    1    1    1    1  1.33448E+10 0.25570 
  100  100    1    1    1    1    1    1    1    1  1.44434E+10 0.20430 
];


