
DETdpaspec = [
    1    1    1    1    1    1    1    1    1    1  0.00000E+00 0.00000 
    2    2    1    1    1    1    1    1    1    1  0.00000E+00 0.00000 
    3    3    1    1    1    1    1    1    1    1  0.00000E+00 0.00000 
    4    4    1    1    1    1    1    1    1    1  0.00000E+00 0.00000 
    5    5    1    1    1    1    1    1    1    1  0.00000E+00 0.00000 
    6    6    1    1    1    1    1    1    1    1  0.00000E+00 0.00000 
    7    7    1    1    1    1    1    1    1    1  0.00000E+00 0.00000 
    8    8    1    1    1    1    1    1    1    1  4.09152E+07 0.69427 
    9    9    1    1    1    1    1    1    1    1  6.40247E+07 0.58277 
   10   10    1    1    1    1    1    1    1    1  1.69422E+08 0.73392 
   11   11    1    1    1    1    1    1    1    1  6.59139E+08 0.50597 
   12   12    1    1    1    1    1    1    1    1  1.42179E+08 0.61413 
   13   13    1    1    1    1    1    1    1    1  3.83645E+09 0.33309 
   14   14    1    1    1    1    1    1    1    1  6.56668E+09 0.31720 
   15   15    1    1    1    1    1    1    1    1  9.95630E+09 0.20929 
   16   16    1    1    1    1    1    1    1    1  1.56666E+09 0.28301 
   17   17    1    1    1    1    1    1    1    1  5.40565E+09 0.17984 
   18   18    1    1    1    1    1    1    1    1  1.42138E+10 0.13820 
   19   19    1    1    1    1    1    1    1    1  2.01265E+10 0.11410 
   20   20    1    1    1    1    1    1    1    1  6.90737E+10 0.08419 
   21   21    1    1    1    1    1    1    1    1  5.48598E+10 0.08323 
   22   22    1    1    1    1    1    1    1    1  1.44623E+11 0.07066 
   23   23    1    1    1    1    1    1    1    1  2.19951E+11 0.05080 
   24   24    1    1    1    1    1    1    1    1  3.59483E+11 0.03636 
   25   25    1    1    1    1    1    1    1    1  5.35931E+11 0.03265 
   26   26    1    1    1    1    1    1    1    1  1.08438E+12 0.02080 
   27   27    1    1    1    1    1    1    1    1  2.25137E+12 0.02167 
   28   28    1    1    1    1    1    1    1    1  4.79026E+12 0.01075 
   29   29    1    1    1    1    1    1    1    1  6.71213E+12 0.00868 
   30   30    1    1    1    1    1    1    1    1  1.75539E+13 0.00972 
   31   31    1    1    1    1    1    1    1    1  4.22873E+13 0.00558 
   32   32    1    1    1    1    1    1    1    1  6.38412E+13 0.00406 
   33   33    1    1    1    1    1    1    1    1  1.25797E+14 0.00326 
   34   34    1    1    1    1    1    1    1    1  1.44509E+14 0.00266 
   35   35    1    1    1    1    1    1    1    1  2.06552E+14 0.00262 
   36   36    1    1    1    1    1    1    1    1  1.61847E+14 0.00213 
   37   37    1    1    1    1    1    1    1    1  5.10792E+13 0.00184 
   38   38    1    1    1    1    1    1    1    1  2.46493E+14 0.00213 
   39   39    1    1    1    1    1    1    1    1  3.02805E+14 0.00188 
   40   40    1    1    1    1    1    1    1    1  4.98220E+14 0.00146 
   41   41    1    1    1    1    1    1    1    1  4.83388E+14 0.00122 
   42   42    1    1    1    1    1    1    1    1  8.74702E+14 0.00138 
   43   43    1    1    1    1    1    1    1    1  9.56176E+14 0.00179 
   44   44    1    1    1    1    1    1    1    1  1.23709E+15 0.00170 
   45   45    1    1    1    1    1    1    1    1  2.18748E+15 0.00149 
   46   46    1    1    1    1    1    1    1    1  1.13807E+15 0.00154 
   47   47    1    1    1    1    1    1    1    1  1.65112E+15 0.00170 
   48   48    1    1    1    1    1    1    1    1  2.28966E+15 0.00157 
   49   49    1    1    1    1    1    1    1    1  2.08731E+15 0.00162 
   50   50    1    1    1    1    1    1    1    1  3.17251E+15 0.00143 
   51   51    1    1    1    1    1    1    1    1  2.50676E+15 0.00159 
   52   52    1    1    1    1    1    1    1    1  2.81785E+15 0.00141 
   53   53    1    1    1    1    1    1    1    1  2.00376E+15 0.00166 
   54   54    1    1    1    1    1    1    1    1  2.40852E+15 0.00141 
   55   55    1    1    1    1    1    1    1    1  1.70572E+15 0.00156 
   56   56    1    1    1    1    1    1    1    1  2.35409E+14 0.00150 
   57   57    1    1    1    1    1    1    1    1  3.30699E+15 0.00150 
   58   58    1    1    1    1    1    1    1    1  1.43060E+15 0.00136 
   59   59    1    1    1    1    1    1    1    1  1.55997E+15 0.00155 
   60   60    1    1    1    1    1    1    1    1  1.21928E+15 0.00149 
   61   61    1    1    1    1    1    1    1    1  1.21909E+15 0.00151 
   62   62    1    1    1    1    1    1    1    1  1.22338E+15 0.00159 
   63   63    1    1    1    1    1    1    1    1  1.01634E+15 0.00151 
   64   64    1    1    1    1    1    1    1    1  7.99321E+14 0.00192 
   65   65    1    1    1    1    1    1    1    1  7.83306E+14 0.00179 
   66   66    1    1    1    1    1    1    1    1  6.17776E+14 0.00201 
   67   67    1    1    1    1    1    1    1    1  5.09303E+14 0.00212 
   68   68    1    1    1    1    1    1    1    1  4.51285E+14 0.00209 
   69   69    1    1    1    1    1    1    1    1  5.46853E+14 0.00210 
   70   70    1    1    1    1    1    1    1    1  4.69177E+14 0.00217 
   71   71    1    1    1    1    1    1    1    1  8.82354E+14 0.00210 
   72   72    1    1    1    1    1    1    1    1  6.43049E+14 0.00214 
   73   73    1    1    1    1    1    1    1    1  4.93810E+14 0.00215 
   74   74    1    1    1    1    1    1    1    1  3.95141E+14 0.00255 
   75   75    1    1    1    1    1    1    1    1  3.20228E+14 0.00305 
   76   76    1    1    1    1    1    1    1    1  3.62887E+14 0.00210 
   77   77    1    1    1    1    1    1    1    1  2.81183E+14 0.00284 
   78   78    1    1    1    1    1    1    1    1  2.15703E+14 0.00250 
   79   79    1    1    1    1    1    1    1    1  2.20897E+14 0.00279 
   80   80    1    1    1    1    1    1    1    1  1.64567E+14 0.00258 
   81   81    1    1    1    1    1    1    1    1  1.26479E+14 0.00268 
   82   82    1    1    1    1    1    1    1    1  9.76345E+13 0.00318 
   83   83    1    1    1    1    1    1    1    1  9.07346E+13 0.00322 
   84   84    1    1    1    1    1    1    1    1  6.50644E+13 0.00343 
   85   85    1    1    1    1    1    1    1    1  4.68665E+13 0.00392 
   86   86    1    1    1    1    1    1    1    1  4.45232E+13 0.00498 
   87   87    1    1    1    1    1    1    1    1  2.72495E+13 0.00574 
   88   88    1    1    1    1    1    1    1    1  1.83481E+13 0.00636 
   89   89    1    1    1    1    1    1    1    1  1.06972E+13 0.01034 
   90   90    1    1    1    1    1    1    1    1  7.00305E+12 0.01149 
   91   91    1    1    1    1    1    1    1    1  3.55273E+12 0.01434 
   92   92    1    1    1    1    1    1    1    1  1.68361E+12 0.02691 
   93   93    1    1    1    1    1    1    1    1  8.33638E+11 0.03695 
   94   94    1    1    1    1    1    1    1    1  4.25927E+11 0.05229 
   95   95    1    1    1    1    1    1    1    1  1.88733E+11 0.05380 
   96   96    1    1    1    1    1    1    1    1  8.85925E+10 0.06387 
   97   97    1    1    1    1    1    1    1    1  5.82814E+10 0.09073 
   98   98    1    1    1    1    1    1    1    1  2.58857E+10 0.17571 
   99   99    1    1    1    1    1    1    1    1  1.02673E+10 0.26684 
  100  100    1    1    1    1    1    1    1    1  5.44853E+09 0.36089 
];


