
DETdpaspec = [
    1    1    1    1    1    1    1    1    1    1  0.00000E+00 0.00000 
    2    2    1    1    1    1    1    1    1    1  0.00000E+00 0.00000 
    3    3    1    1    1    1    1    1    1    1  0.00000E+00 0.00000 
    4    4    1    1    1    1    1    1    1    1  0.00000E+00 0.00000 
    5    5    1    1    1    1    1    1    1    1  0.00000E+00 0.00000 
    6    6    1    1    1    1    1    1    1    1  0.00000E+00 0.00000 
    7    7    1    1    1    1    1    1    1    1  0.00000E+00 0.00000 
    8    8    1    1    1    1    1    1    1    1  5.01160E+07 0.68829 
    9    9    1    1    1    1    1    1    1    1  0.00000E+00 0.00000 
   10   10    1    1    1    1    1    1    1    1  2.18261E+08 0.75614 
   11   11    1    1    1    1    1    1    1    1  3.79794E+08 0.71711 
   12   12    1    1    1    1    1    1    1    1  2.08608E+08 0.37363 
   13   13    1    1    1    1    1    1    1    1  1.87028E+09 0.36685 
   14   14    1    1    1    1    1    1    1    1  2.73564E+09 0.66341 
   15   15    1    1    1    1    1    1    1    1  4.64352E+09 0.55615 
   16   16    1    1    1    1    1    1    1    1  1.92982E+09 0.24213 
   17   17    1    1    1    1    1    1    1    1  4.06838E+09 0.23876 
   18   18    1    1    1    1    1    1    1    1  1.07265E+10 0.20389 
   19   19    1    1    1    1    1    1    1    1  1.29741E+10 0.14954 
   20   20    1    1    1    1    1    1    1    1  3.54954E+10 0.10944 
   21   21    1    1    1    1    1    1    1    1  3.29643E+10 0.11690 
   22   22    1    1    1    1    1    1    1    1  8.71074E+10 0.07420 
   23   23    1    1    1    1    1    1    1    1  1.12460E+11 0.06614 
   24   24    1    1    1    1    1    1    1    1  2.03136E+11 0.05347 
   25   25    1    1    1    1    1    1    1    1  2.88084E+11 0.03558 
   26   26    1    1    1    1    1    1    1    1  5.51744E+11 0.03818 
   27   27    1    1    1    1    1    1    1    1  1.13406E+12 0.02763 
   28   28    1    1    1    1    1    1    1    1  2.09971E+12 0.01298 
   29   29    1    1    1    1    1    1    1    1  2.85734E+12 0.01425 
   30   30    1    1    1    1    1    1    1    1  7.70470E+12 0.00845 
   31   31    1    1    1    1    1    1    1    1  1.81436E+13 0.00720 
   32   32    1    1    1    1    1    1    1    1  2.65560E+13 0.00554 
   33   33    1    1    1    1    1    1    1    1  5.16597E+13 0.00649 
   34   34    1    1    1    1    1    1    1    1  5.73673E+13 0.00487 
   35   35    1    1    1    1    1    1    1    1  8.36505E+13 0.00527 
   36   36    1    1    1    1    1    1    1    1  6.53067E+13 0.00487 
   37   37    1    1    1    1    1    1    1    1  2.07126E+13 0.00436 
   38   38    1    1    1    1    1    1    1    1  9.80615E+13 0.00410 
   39   39    1    1    1    1    1    1    1    1  1.20240E+14 0.00388 
   40   40    1    1    1    1    1    1    1    1  1.95009E+14 0.00412 
   41   41    1    1    1    1    1    1    1    1  1.89673E+14 0.00405 
   42   42    1    1    1    1    1    1    1    1  3.38105E+14 0.00349 
   43   43    1    1    1    1    1    1    1    1  3.65789E+14 0.00404 
   44   44    1    1    1    1    1    1    1    1  4.68977E+14 0.00416 
   45   45    1    1    1    1    1    1    1    1  8.19148E+14 0.00403 
   46   46    1    1    1    1    1    1    1    1  4.22702E+14 0.00438 
   47   47    1    1    1    1    1    1    1    1  6.12128E+14 0.00420 
   48   48    1    1    1    1    1    1    1    1  8.41229E+14 0.00475 
   49   49    1    1    1    1    1    1    1    1  7.65871E+14 0.00436 
   50   50    1    1    1    1    1    1    1    1  1.15200E+15 0.00428 
   51   51    1    1    1    1    1    1    1    1  9.09094E+14 0.00439 
   52   52    1    1    1    1    1    1    1    1  1.00990E+15 0.00419 
   53   53    1    1    1    1    1    1    1    1  7.17812E+14 0.00471 
   54   54    1    1    1    1    1    1    1    1  8.51961E+14 0.00466 
   55   55    1    1    1    1    1    1    1    1  6.02864E+14 0.00480 
   56   56    1    1    1    1    1    1    1    1  8.34783E+13 0.00528 
   57   57    1    1    1    1    1    1    1    1  1.16597E+15 0.00476 
   58   58    1    1    1    1    1    1    1    1  4.97198E+14 0.00495 
   59   59    1    1    1    1    1    1    1    1  5.42953E+14 0.00474 
   60   60    1    1    1    1    1    1    1    1  4.20437E+14 0.00466 
   61   61    1    1    1    1    1    1    1    1  4.20611E+14 0.00472 
   62   62    1    1    1    1    1    1    1    1  4.20363E+14 0.00479 
   63   63    1    1    1    1    1    1    1    1  3.46707E+14 0.00434 
   64   64    1    1    1    1    1    1    1    1  2.72166E+14 0.00442 
   65   65    1    1    1    1    1    1    1    1  2.66561E+14 0.00465 
   66   66    1    1    1    1    1    1    1    1  2.09142E+14 0.00480 
   67   67    1    1    1    1    1    1    1    1  1.72483E+14 0.00535 
   68   68    1    1    1    1    1    1    1    1  1.52355E+14 0.00497 
   69   69    1    1    1    1    1    1    1    1  1.84882E+14 0.00537 
   70   70    1    1    1    1    1    1    1    1  1.59161E+14 0.00563 
   71   71    1    1    1    1    1    1    1    1  3.00323E+14 0.00519 
   72   72    1    1    1    1    1    1    1    1  2.18699E+14 0.00530 
   73   73    1    1    1    1    1    1    1    1  1.67109E+14 0.00604 
   74   74    1    1    1    1    1    1    1    1  1.32486E+14 0.00623 
   75   75    1    1    1    1    1    1    1    1  1.07201E+14 0.00510 
   76   76    1    1    1    1    1    1    1    1  1.20742E+14 0.00548 
   77   77    1    1    1    1    1    1    1    1  9.28897E+13 0.00677 
   78   78    1    1    1    1    1    1    1    1  7.07127E+13 0.00536 
   79   79    1    1    1    1    1    1    1    1  7.24388E+13 0.00652 
   80   80    1    1    1    1    1    1    1    1  5.36760E+13 0.00533 
   81   81    1    1    1    1    1    1    1    1  4.10360E+13 0.00673 
   82   82    1    1    1    1    1    1    1    1  3.15545E+13 0.00711 
   83   83    1    1    1    1    1    1    1    1  2.95838E+13 0.00780 
   84   84    1    1    1    1    1    1    1    1  2.13579E+13 0.00932 
   85   85    1    1    1    1    1    1    1    1  1.52008E+13 0.00984 
   86   86    1    1    1    1    1    1    1    1  1.41635E+13 0.00967 
   87   87    1    1    1    1    1    1    1    1  8.84736E+12 0.01035 
   88   88    1    1    1    1    1    1    1    1  5.98501E+12 0.00952 
   89   89    1    1    1    1    1    1    1    1  3.53650E+12 0.01817 
   90   90    1    1    1    1    1    1    1    1  2.34872E+12 0.02276 
   91   91    1    1    1    1    1    1    1    1  1.19711E+12 0.02462 
   92   92    1    1    1    1    1    1    1    1  5.74235E+11 0.04075 
   93   93    1    1    1    1    1    1    1    1  2.79715E+11 0.04483 
   94   94    1    1    1    1    1    1    1    1  1.34111E+11 0.07865 
   95   95    1    1    1    1    1    1    1    1  5.78130E+10 0.10088 
   96   96    1    1    1    1    1    1    1    1  3.24909E+10 0.13992 
   97   97    1    1    1    1    1    1    1    1  1.89891E+10 0.19012 
   98   98    1    1    1    1    1    1    1    1  5.09051E+09 0.54171 
   99   99    1    1    1    1    1    1    1    1  2.03719E+09 0.49017 
  100  100    1    1    1    1    1    1    1    1  2.82700E+09 0.59887 
];


