
DETdpaspec = [
    1    1    1    1    1    1    1    1    1    1  0.00000E+00 0.00000 
    2    2    1    1    1    1    1    1    1    1  0.00000E+00 0.00000 
    3    3    1    1    1    1    1    1    1    1  0.00000E+00 0.00000 
    4    4    1    1    1    1    1    1    1    1  0.00000E+00 0.00000 
    5    5    1    1    1    1    1    1    1    1  1.72595E+07 1.00000 
    6    6    1    1    1    1    1    1    1    1  1.66510E+07 1.00000 
    7    7    1    1    1    1    1    1    1    1  2.69524E+07 1.00000 
    8    8    1    1    1    1    1    1    1    1  0.00000E+00 0.00000 
    9    9    1    1    1    1    1    1    1    1  1.08999E+07 1.00000 
   10   10    1    1    1    1    1    1    1    1  7.02528E+07 1.00000 
   11   11    1    1    1    1    1    1    1    1  0.00000E+00 0.00000 
   12   12    1    1    1    1    1    1    1    1  1.69211E+08 0.47568 
   13   13    1    1    1    1    1    1    1    1  4.07895E+09 0.26713 
   14   14    1    1    1    1    1    1    1    1  9.68729E+09 0.32826 
   15   15    1    1    1    1    1    1    1    1  1.15403E+10 0.27160 
   16   16    1    1    1    1    1    1    1    1  3.95188E+09 0.30376 
   17   17    1    1    1    1    1    1    1    1  1.10950E+10 0.18670 
   18   18    1    1    1    1    1    1    1    1  1.74832E+10 0.16591 
   19   19    1    1    1    1    1    1    1    1  1.80110E+10 0.11745 
   20   20    1    1    1    1    1    1    1    1  6.25091E+10 0.12167 
   21   21    1    1    1    1    1    1    1    1  5.52358E+10 0.10720 
   22   22    1    1    1    1    1    1    1    1  1.46658E+11 0.05327 
   23   23    1    1    1    1    1    1    1    1  2.86347E+11 0.04163 
   24   24    1    1    1    1    1    1    1    1  6.30599E+11 0.03198 
   25   25    1    1    1    1    1    1    1    1  1.11560E+12 0.02319 
   26   26    1    1    1    1    1    1    1    1  2.44364E+12 0.01795 
   27   27    1    1    1    1    1    1    1    1  5.24189E+12 0.01211 
   28   28    1    1    1    1    1    1    1    1  1.21259E+13 0.00821 
   29   29    1    1    1    1    1    1    1    1  1.88301E+13 0.00738 
   30   30    1    1    1    1    1    1    1    1  4.11182E+13 0.00379 
   31   31    1    1    1    1    1    1    1    1  9.53359E+13 0.00283 
   32   32    1    1    1    1    1    1    1    1  1.40185E+14 0.00197 
   33   33    1    1    1    1    1    1    1    1  2.75868E+14 0.00175 
   34   34    1    1    1    1    1    1    1    1  3.32541E+14 0.00185 
   35   35    1    1    1    1    1    1    1    1  4.30792E+14 0.00093 
   36   36    1    1    1    1    1    1    1    1  3.27748E+14 0.00106 
   37   37    1    1    1    1    1    1    1    1  1.00079E+14 0.00122 
   38   38    1    1    1    1    1    1    1    1  4.99262E+14 0.00091 
   39   39    1    1    1    1    1    1    1    1  6.14599E+14 0.00087 
   40   40    1    1    1    1    1    1    1    1  1.03640E+15 0.00098 
   41   41    1    1    1    1    1    1    1    1  9.78226E+14 0.00095 
   42   42    1    1    1    1    1    1    1    1  1.81106E+15 0.00083 
   43   43    1    1    1    1    1    1    1    1  1.99183E+15 0.00080 
   44   44    1    1    1    1    1    1    1    1  2.59877E+15 0.00087 
   45   45    1    1    1    1    1    1    1    1  4.68230E+15 0.00059 
   46   46    1    1    1    1    1    1    1    1  2.45150E+15 0.00062 
   47   47    1    1    1    1    1    1    1    1  3.51339E+15 0.00065 
   48   48    1    1    1    1    1    1    1    1  4.92671E+15 0.00065 
   49   49    1    1    1    1    1    1    1    1  4.46027E+15 0.00051 
   50   50    1    1    1    1    1    1    1    1  6.96204E+15 0.00052 
   51   51    1    1    1    1    1    1    1    1  5.44301E+15 0.00060 
   52   52    1    1    1    1    1    1    1    1  6.27112E+15 0.00046 
   53   53    1    1    1    1    1    1    1    1  4.46443E+15 0.00066 
   54   54    1    1    1    1    1    1    1    1  5.49552E+15 0.00067 
   55   55    1    1    1    1    1    1    1    1  3.89425E+15 0.00074 
   56   56    1    1    1    1    1    1    1    1  5.35602E+14 0.00123 
   57   57    1    1    1    1    1    1    1    1  7.57254E+15 0.00079 
   58   58    1    1    1    1    1    1    1    1  3.37758E+15 0.00080 
   59   59    1    1    1    1    1    1    1    1  3.66128E+15 0.00081 
   60   60    1    1    1    1    1    1    1    1  2.93471E+15 0.00067 
   61   61    1    1    1    1    1    1    1    1  2.93241E+15 0.00071 
   62   62    1    1    1    1    1    1    1    1  2.95920E+15 0.00094 
   63   63    1    1    1    1    1    1    1    1  2.48267E+15 0.00070 
   64   64    1    1    1    1    1    1    1    1  1.96030E+15 0.00063 
   65   65    1    1    1    1    1    1    1    1  1.92520E+15 0.00095 
   66   66    1    1    1    1    1    1    1    1  1.52701E+15 0.00088 
   67   67    1    1    1    1    1    1    1    1  1.25348E+15 0.00106 
   68   68    1    1    1    1    1    1    1    1  1.10522E+15 0.00117 
   69   69    1    1    1    1    1    1    1    1  1.34450E+15 0.00115 
   70   70    1    1    1    1    1    1    1    1  1.15214E+15 0.00092 
   71   71    1    1    1    1    1    1    1    1  2.13698E+15 0.00082 
   72   72    1    1    1    1    1    1    1    1  1.55243E+15 0.00116 
   73   73    1    1    1    1    1    1    1    1  1.19847E+15 0.00117 
   74   74    1    1    1    1    1    1    1    1  9.73399E+14 0.00114 
   75   75    1    1    1    1    1    1    1    1  8.07377E+14 0.00136 
   76   76    1    1    1    1    1    1    1    1  9.32063E+14 0.00116 
   77   77    1    1    1    1    1    1    1    1  7.33702E+14 0.00187 
   78   78    1    1    1    1    1    1    1    1  5.70436E+14 0.00178 
   79   79    1    1    1    1    1    1    1    1  5.91677E+14 0.00124 
   80   80    1    1    1    1    1    1    1    1  4.43629E+14 0.00171 
   81   81    1    1    1    1    1    1    1    1  3.43605E+14 0.00169 
   82   82    1    1    1    1    1    1    1    1  2.65164E+14 0.00241 
   83   83    1    1    1    1    1    1    1    1  2.47682E+14 0.00206 
   84   84    1    1    1    1    1    1    1    1  1.77598E+14 0.00212 
   85   85    1    1    1    1    1    1    1    1  1.28305E+14 0.00277 
   86   86    1    1    1    1    1    1    1    1  1.20234E+14 0.00301 
   87   87    1    1    1    1    1    1    1    1  7.41089E+13 0.00372 
   88   88    1    1    1    1    1    1    1    1  4.98830E+13 0.00373 
   89   89    1    1    1    1    1    1    1    1  2.88477E+13 0.00827 
   90   90    1    1    1    1    1    1    1    1  1.89946E+13 0.00670 
   91   91    1    1    1    1    1    1    1    1  9.49813E+12 0.00926 
   92   92    1    1    1    1    1    1    1    1  4.60148E+12 0.01436 
   93   93    1    1    1    1    1    1    1    1  2.25535E+12 0.02081 
   94   94    1    1    1    1    1    1    1    1  1.09494E+12 0.02712 
   95   95    1    1    1    1    1    1    1    1  5.54944E+11 0.04298 
   96   96    1    1    1    1    1    1    1    1  2.31027E+11 0.06747 
   97   97    1    1    1    1    1    1    1    1  1.25157E+11 0.08024 
   98   98    1    1    1    1    1    1    1    1  6.46515E+10 0.13150 
   99   99    1    1    1    1    1    1    1    1  2.65490E+10 0.31475 
  100  100    1    1    1    1    1    1    1    1  2.59141E+10 0.20114 
];


