
DETdpaspec = [
    1    1    1    1    1    1    1    1    1    1  0.00000E+00 0.00000 
    2    2    1    1    1    1    1    1    1    1  0.00000E+00 0.00000 
    3    3    1    1    1    1    1    1    1    1  0.00000E+00 0.00000 
    4    4    1    1    1    1    1    1    1    1  0.00000E+00 0.00000 
    5    5    1    1    1    1    1    1    1    1  0.00000E+00 0.00000 
    6    6    1    1    1    1    1    1    1    1  3.59903E+07 0.73482 
    7    7    1    1    1    1    1    1    1    1  2.89504E+07 1.00000 
    8    8    1    1    1    1    1    1    1    1  2.31628E+07 1.00000 
    9    9    1    1    1    1    1    1    1    1  2.97047E+07 0.68979 
   10   10    1    1    1    1    1    1    1    1  8.91985E+07 0.68921 
   11   11    1    1    1    1    1    1    1    1  1.87086E+08 0.78634 
   12   12    1    1    1    1    1    1    1    1  1.78699E+08 0.38832 
   13   13    1    1    1    1    1    1    1    1  1.76854E+09 0.45957 
   14   14    1    1    1    1    1    1    1    1  4.15710E+09 0.32305 
   15   15    1    1    1    1    1    1    1    1  4.55199E+09 0.35894 
   16   16    1    1    1    1    1    1    1    1  1.70153E+09 0.30786 
   17   17    1    1    1    1    1    1    1    1  5.33380E+09 0.22692 
   18   18    1    1    1    1    1    1    1    1  1.08724E+10 0.21012 
   19   19    1    1    1    1    1    1    1    1  9.06826E+09 0.19589 
   20   20    1    1    1    1    1    1    1    1  4.50334E+10 0.10054 
   21   21    1    1    1    1    1    1    1    1  4.09736E+10 0.09923 
   22   22    1    1    1    1    1    1    1    1  9.19291E+10 0.07970 
   23   23    1    1    1    1    1    1    1    1  1.30151E+11 0.05271 
   24   24    1    1    1    1    1    1    1    1  2.57412E+11 0.05934 
   25   25    1    1    1    1    1    1    1    1  3.46590E+11 0.04332 
   26   26    1    1    1    1    1    1    1    1  6.58965E+11 0.03612 
   27   27    1    1    1    1    1    1    1    1  1.31586E+12 0.02202 
   28   28    1    1    1    1    1    1    1    1  2.71679E+12 0.01866 
   29   29    1    1    1    1    1    1    1    1  3.59553E+12 0.01409 
   30   30    1    1    1    1    1    1    1    1  9.83646E+12 0.00768 
   31   31    1    1    1    1    1    1    1    1  2.29346E+13 0.00539 
   32   32    1    1    1    1    1    1    1    1  3.45884E+13 0.00555 
   33   33    1    1    1    1    1    1    1    1  6.69282E+13 0.00401 
   34   34    1    1    1    1    1    1    1    1  7.60242E+13 0.00367 
   35   35    1    1    1    1    1    1    1    1  1.09648E+14 0.00322 
   36   36    1    1    1    1    1    1    1    1  8.58403E+13 0.00341 
   37   37    1    1    1    1    1    1    1    1  2.72503E+13 0.00283 
   38   38    1    1    1    1    1    1    1    1  1.30008E+14 0.00297 
   39   39    1    1    1    1    1    1    1    1  1.59208E+14 0.00385 
   40   40    1    1    1    1    1    1    1    1  2.59661E+14 0.00331 
   41   41    1    1    1    1    1    1    1    1  2.52651E+14 0.00288 
   42   42    1    1    1    1    1    1    1    1  4.51674E+14 0.00294 
   43   43    1    1    1    1    1    1    1    1  4.91086E+14 0.00275 
   44   44    1    1    1    1    1    1    1    1  6.30130E+14 0.00262 
   45   45    1    1    1    1    1    1    1    1  1.09989E+15 0.00241 
   46   46    1    1    1    1    1    1    1    1  5.69163E+14 0.00234 
   47   47    1    1    1    1    1    1    1    1  8.23466E+14 0.00233 
   48   48    1    1    1    1    1    1    1    1  1.13363E+15 0.00255 
   49   49    1    1    1    1    1    1    1    1  1.03215E+15 0.00258 
   50   50    1    1    1    1    1    1    1    1  1.55690E+15 0.00256 
   51   51    1    1    1    1    1    1    1    1  1.22739E+15 0.00304 
   52   52    1    1    1    1    1    1    1    1  1.36693E+15 0.00273 
   53   53    1    1    1    1    1    1    1    1  9.70510E+14 0.00303 
   54   54    1    1    1    1    1    1    1    1  1.15770E+15 0.00344 
   55   55    1    1    1    1    1    1    1    1  8.19052E+14 0.00305 
   56   56    1    1    1    1    1    1    1    1  1.13158E+14 0.00352 
   57   57    1    1    1    1    1    1    1    1  1.58410E+15 0.00308 
   58   58    1    1    1    1    1    1    1    1  6.79096E+14 0.00296 
   59   59    1    1    1    1    1    1    1    1  7.39281E+14 0.00359 
   60   60    1    1    1    1    1    1    1    1  5.74031E+14 0.00392 
   61   61    1    1    1    1    1    1    1    1  5.73877E+14 0.00329 
   62   62    1    1    1    1    1    1    1    1  5.73908E+14 0.00341 
   63   63    1    1    1    1    1    1    1    1  4.75692E+14 0.00339 
   64   64    1    1    1    1    1    1    1    1  3.73137E+14 0.00361 
   65   65    1    1    1    1    1    1    1    1  3.64276E+14 0.00331 
   66   66    1    1    1    1    1    1    1    1  2.86039E+14 0.00380 
   67   67    1    1    1    1    1    1    1    1  2.36140E+14 0.00384 
   68   68    1    1    1    1    1    1    1    1  2.09780E+14 0.00421 
   69   69    1    1    1    1    1    1    1    1  2.53715E+14 0.00370 
   70   70    1    1    1    1    1    1    1    1  2.16774E+14 0.00334 
   71   71    1    1    1    1    1    1    1    1  4.09998E+14 0.00305 
   72   72    1    1    1    1    1    1    1    1  2.98412E+14 0.00416 
   73   73    1    1    1    1    1    1    1    1  2.28800E+14 0.00316 
   74   74    1    1    1    1    1    1    1    1  1.81756E+14 0.00410 
   75   75    1    1    1    1    1    1    1    1  1.46577E+14 0.00404 
   76   76    1    1    1    1    1    1    1    1  1.65791E+14 0.00358 
   77   77    1    1    1    1    1    1    1    1  1.27144E+14 0.00432 
   78   78    1    1    1    1    1    1    1    1  9.75690E+13 0.00534 
   79   79    1    1    1    1    1    1    1    1  9.96132E+13 0.00462 
   80   80    1    1    1    1    1    1    1    1  7.36329E+13 0.00424 
   81   81    1    1    1    1    1    1    1    1  5.68628E+13 0.00581 
   82   82    1    1    1    1    1    1    1    1  4.34556E+13 0.00656 
   83   83    1    1    1    1    1    1    1    1  4.06088E+13 0.00697 
   84   84    1    1    1    1    1    1    1    1  2.91408E+13 0.00576 
   85   85    1    1    1    1    1    1    1    1  2.08035E+13 0.00679 
   86   86    1    1    1    1    1    1    1    1  1.95983E+13 0.00813 
   87   87    1    1    1    1    1    1    1    1  1.22142E+13 0.00845 
   88   88    1    1    1    1    1    1    1    1  8.23070E+12 0.01185 
   89   89    1    1    1    1    1    1    1    1  4.80402E+12 0.01639 
   90   90    1    1    1    1    1    1    1    1  3.24847E+12 0.01521 
   91   91    1    1    1    1    1    1    1    1  1.66293E+12 0.02608 
   92   92    1    1    1    1    1    1    1    1  7.50829E+11 0.03432 
   93   93    1    1    1    1    1    1    1    1  3.92933E+11 0.04592 
   94   94    1    1    1    1    1    1    1    1  1.85658E+11 0.05993 
   95   95    1    1    1    1    1    1    1    1  9.29824E+10 0.08752 
   96   96    1    1    1    1    1    1    1    1  4.03100E+10 0.15074 
   97   97    1    1    1    1    1    1    1    1  2.14700E+10 0.19666 
   98   98    1    1    1    1    1    1    1    1  5.96065E+09 0.40383 
   99   99    1    1    1    1    1    1    1    1  3.59509E+09 0.38221 
  100  100    1    1    1    1    1    1    1    1  4.05508E+09 0.47033 
];


