
DETdpaspec = [
    1    1    1    1    1    1    1    1    1    1  0.00000E+00 0.00000 
    2    2    1    1    1    1    1    1    1    1  0.00000E+00 0.00000 
    3    3    1    1    1    1    1    1    1    1  0.00000E+00 0.00000 
    4    4    1    1    1    1    1    1    1    1  0.00000E+00 0.00000 
    5    5    1    1    1    1    1    1    1    1  0.00000E+00 0.00000 
    6    6    1    1    1    1    1    1    1    1  0.00000E+00 0.00000 
    7    7    1    1    1    1    1    1    1    1  0.00000E+00 0.00000 
    8    8    1    1    1    1    1    1    1    1  0.00000E+00 0.00000 
    9    9    1    1    1    1    1    1    1    1  2.01054E+07 1.00000 
   10   10    1    1    1    1    1    1    1    1  2.89271E+08 0.80539 
   11   11    1    1    1    1    1    1    1    1  3.51294E+08 0.48817 
   12   12    1    1    1    1    1    1    1    1  4.45295E+07 0.67215 
   13   13    1    1    1    1    1    1    1    1  4.82614E+09 0.33963 
   14   14    1    1    1    1    1    1    1    1  5.62463E+09 0.25107 
   15   15    1    1    1    1    1    1    1    1  5.97888E+09 0.27682 
   16   16    1    1    1    1    1    1    1    1  2.26436E+09 0.24721 
   17   17    1    1    1    1    1    1    1    1  6.89272E+09 0.22086 
   18   18    1    1    1    1    1    1    1    1  2.28660E+10 0.16400 
   19   19    1    1    1    1    1    1    1    1  2.83339E+10 0.11717 
   20   20    1    1    1    1    1    1    1    1  7.84594E+10 0.08201 
   21   21    1    1    1    1    1    1    1    1  5.74219E+10 0.09457 
   22   22    1    1    1    1    1    1    1    1  1.34441E+11 0.06276 
   23   23    1    1    1    1    1    1    1    1  2.51235E+11 0.05590 
   24   24    1    1    1    1    1    1    1    1  4.87920E+11 0.03784 
   25   25    1    1    1    1    1    1    1    1  7.97491E+11 0.02447 
   26   26    1    1    1    1    1    1    1    1  1.63433E+12 0.02097 
   27   27    1    1    1    1    1    1    1    1  3.47032E+12 0.01501 
   28   28    1    1    1    1    1    1    1    1  8.12864E+12 0.00975 
   29   29    1    1    1    1    1    1    1    1  1.23832E+13 0.00529 
   30   30    1    1    1    1    1    1    1    1  2.97638E+13 0.00405 
   31   31    1    1    1    1    1    1    1    1  7.16958E+13 0.00370 
   32   32    1    1    1    1    1    1    1    1  1.07972E+14 0.00278 
   33   33    1    1    1    1    1    1    1    1  2.15104E+14 0.00216 
   34   34    1    1    1    1    1    1    1    1  2.55536E+14 0.00189 
   35   35    1    1    1    1    1    1    1    1  3.48232E+14 0.00166 
   36   36    1    1    1    1    1    1    1    1  2.69823E+14 0.00146 
   37   37    1    1    1    1    1    1    1    1  8.39102E+13 0.00127 
   38   38    1    1    1    1    1    1    1    1  4.13364E+14 0.00135 
   39   39    1    1    1    1    1    1    1    1  5.09793E+14 0.00142 
   40   40    1    1    1    1    1    1    1    1  8.56473E+14 0.00135 
   41   41    1    1    1    1    1    1    1    1  8.19922E+14 0.00122 
   42   42    1    1    1    1    1    1    1    1  1.50811E+15 0.00096 
   43   43    1    1    1    1    1    1    1    1  1.65966E+15 0.00122 
   44   44    1    1    1    1    1    1    1    1  2.16420E+15 0.00086 
   45   45    1    1    1    1    1    1    1    1  3.89189E+15 0.00078 
   46   46    1    1    1    1    1    1    1    1  2.04193E+15 0.00095 
   47   47    1    1    1    1    1    1    1    1  2.94230E+15 0.00076 
   48   48    1    1    1    1    1    1    1    1  4.11903E+15 0.00085 
   49   49    1    1    1    1    1    1    1    1  3.74606E+15 0.00097 
   50   50    1    1    1    1    1    1    1    1  5.79599E+15 0.00082 
   51   51    1    1    1    1    1    1    1    1  4.55996E+15 0.00071 
   52   52    1    1    1    1    1    1    1    1  5.21167E+15 0.00074 
   53   53    1    1    1    1    1    1    1    1  3.71584E+15 0.00098 
   54   54    1    1    1    1    1    1    1    1  4.53323E+15 0.00090 
   55   55    1    1    1    1    1    1    1    1  3.21451E+15 0.00098 
   56   56    1    1    1    1    1    1    1    1  4.42665E+14 0.00115 
   57   57    1    1    1    1    1    1    1    1  6.25350E+15 0.00082 
   58   58    1    1    1    1    1    1    1    1  2.75965E+15 0.00097 
   59   59    1    1    1    1    1    1    1    1  2.99972E+15 0.00080 
   60   60    1    1    1    1    1    1    1    1  2.38348E+15 0.00095 
   61   61    1    1    1    1    1    1    1    1  2.38493E+15 0.00100 
   62   62    1    1    1    1    1    1    1    1  2.40114E+15 0.00088 
   63   63    1    1    1    1    1    1    1    1  2.00925E+15 0.00101 
   64   64    1    1    1    1    1    1    1    1  1.58388E+15 0.00102 
   65   65    1    1    1    1    1    1    1    1  1.55611E+15 0.00117 
   66   66    1    1    1    1    1    1    1    1  1.23225E+15 0.00111 
   67   67    1    1    1    1    1    1    1    1  1.01374E+15 0.00103 
   68   68    1    1    1    1    1    1    1    1  8.96580E+14 0.00117 
   69   69    1    1    1    1    1    1    1    1  1.08861E+15 0.00122 
   70   70    1    1    1    1    1    1    1    1  9.34705E+14 0.00113 
   71   71    1    1    1    1    1    1    1    1  1.74131E+15 0.00119 
   72   72    1    1    1    1    1    1    1    1  1.26761E+15 0.00092 
   73   73    1    1    1    1    1    1    1    1  9.78324E+14 0.00119 
   74   74    1    1    1    1    1    1    1    1  7.89452E+14 0.00117 
   75   75    1    1    1    1    1    1    1    1  6.48443E+14 0.00143 
   76   76    1    1    1    1    1    1    1    1  7.44004E+14 0.00158 
   77   77    1    1    1    1    1    1    1    1  5.83180E+14 0.00152 
   78   78    1    1    1    1    1    1    1    1  4.50193E+14 0.00209 
   79   79    1    1    1    1    1    1    1    1  4.65109E+14 0.00185 
   80   80    1    1    1    1    1    1    1    1  3.47614E+14 0.00157 
   81   81    1    1    1    1    1    1    1    1  2.68522E+14 0.00176 
   82   82    1    1    1    1    1    1    1    1  2.07052E+14 0.00281 
   83   83    1    1    1    1    1    1    1    1  1.93677E+14 0.00204 
   84   84    1    1    1    1    1    1    1    1  1.39627E+14 0.00280 
   85   85    1    1    1    1    1    1    1    1  1.00321E+14 0.00298 
   86   86    1    1    1    1    1    1    1    1  9.40127E+13 0.00236 
   87   87    1    1    1    1    1    1    1    1  5.81830E+13 0.00371 
   88   88    1    1    1    1    1    1    1    1  3.94679E+13 0.00477 
   89   89    1    1    1    1    1    1    1    1  2.26190E+13 0.00465 
   90   90    1    1    1    1    1    1    1    1  1.49730E+13 0.00991 
   91   91    1    1    1    1    1    1    1    1  7.61572E+12 0.01255 
   92   92    1    1    1    1    1    1    1    1  3.64998E+12 0.01429 
   93   93    1    1    1    1    1    1    1    1  1.79858E+12 0.02243 
   94   94    1    1    1    1    1    1    1    1  8.51876E+11 0.02643 
   95   95    1    1    1    1    1    1    1    1  3.98592E+11 0.04692 
   96   96    1    1    1    1    1    1    1    1  1.90203E+11 0.07482 
   97   97    1    1    1    1    1    1    1    1  8.92602E+10 0.08748 
   98   98    1    1    1    1    1    1    1    1  4.14937E+10 0.13321 
   99   99    1    1    1    1    1    1    1    1  2.64591E+10 0.21267 
  100  100    1    1    1    1    1    1    1    1  1.48639E+10 0.21987 
];


