
DETdpaspec = [
    1    1    1    1    1    1    1    1    1    1  0.00000E+00 0.00000 
    2    2    1    1    1    1    1    1    1    1  0.00000E+00 0.00000 
    3    3    1    1    1    1    1    1    1    1  0.00000E+00 0.00000 
    4    4    1    1    1    1    1    1    1    1  0.00000E+00 0.00000 
    5    5    1    1    1    1    1    1    1    1  0.00000E+00 0.00000 
    6    6    1    1    1    1    1    1    1    1  1.17363E+07 1.00000 
    7    7    1    1    1    1    1    1    1    1  4.57359E+07 0.69029 
    8    8    1    1    1    1    1    1    1    1  0.00000E+00 0.00000 
    9    9    1    1    1    1    1    1    1    1  9.95933E+06 1.00000 
   10   10    1    1    1    1    1    1    1    1  1.15198E+08 0.56223 
   11   11    1    1    1    1    1    1    1    1  2.92322E+08 0.57987 
   12   12    1    1    1    1    1    1    1    1  1.11257E+08 0.45021 
   13   13    1    1    1    1    1    1    1    1  2.12985E+09 0.36859 
   14   14    1    1    1    1    1    1    1    1  6.89634E+09 0.39727 
   15   15    1    1    1    1    1    1    1    1  1.12520E+10 0.19915 
   16   16    1    1    1    1    1    1    1    1  2.25645E+09 0.25690 
   17   17    1    1    1    1    1    1    1    1  8.58394E+09 0.16236 
   18   18    1    1    1    1    1    1    1    1  2.44565E+10 0.17723 
   19   19    1    1    1    1    1    1    1    1  2.56359E+10 0.10299 
   20   20    1    1    1    1    1    1    1    1  8.83352E+10 0.11920 
   21   21    1    1    1    1    1    1    1    1  5.77910E+10 0.08940 
   22   22    1    1    1    1    1    1    1    1  1.46411E+11 0.06774 
   23   23    1    1    1    1    1    1    1    1  2.46064E+11 0.05096 
   24   24    1    1    1    1    1    1    1    1  4.43204E+11 0.03393 
   25   25    1    1    1    1    1    1    1    1  6.85894E+11 0.02608 
   26   26    1    1    1    1    1    1    1    1  1.43879E+12 0.01900 
   27   27    1    1    1    1    1    1    1    1  3.04587E+12 0.01356 
   28   28    1    1    1    1    1    1    1    1  6.94257E+12 0.00937 
   29   29    1    1    1    1    1    1    1    1  1.02328E+13 0.00939 
   30   30    1    1    1    1    1    1    1    1  2.58502E+13 0.00569 
   31   31    1    1    1    1    1    1    1    1  6.23728E+13 0.00371 
   32   32    1    1    1    1    1    1    1    1  9.42928E+13 0.00273 
   33   33    1    1    1    1    1    1    1    1  1.88482E+14 0.00145 
   34   34    1    1    1    1    1    1    1    1  2.20911E+14 0.00169 
   35   35    1    1    1    1    1    1    1    1  3.07122E+14 0.00173 
   36   36    1    1    1    1    1    1    1    1  2.40430E+14 0.00168 
   37   37    1    1    1    1    1    1    1    1  7.51297E+13 0.00163 
   38   38    1    1    1    1    1    1    1    1  3.67328E+14 0.00138 
   39   39    1    1    1    1    1    1    1    1  4.53609E+14 0.00136 
   40   40    1    1    1    1    1    1    1    1  7.56907E+14 0.00097 
   41   41    1    1    1    1    1    1    1    1  7.27902E+14 0.00109 
   42   42    1    1    1    1    1    1    1    1  1.33315E+15 0.00110 
   43   43    1    1    1    1    1    1    1    1  1.46491E+15 0.00108 
   44   44    1    1    1    1    1    1    1    1  1.90757E+15 0.00100 
   45   45    1    1    1    1    1    1    1    1  3.40991E+15 0.00070 
   46   46    1    1    1    1    1    1    1    1  1.78642E+15 0.00073 
   47   47    1    1    1    1    1    1    1    1  2.58247E+15 0.00071 
   48   48    1    1    1    1    1    1    1    1  3.60687E+15 0.00081 
   49   49    1    1    1    1    1    1    1    1  3.28498E+15 0.00076 
   50   50    1    1    1    1    1    1    1    1  5.06123E+15 0.00086 
   51   51    1    1    1    1    1    1    1    1  3.98119E+15 0.00073 
   52   52    1    1    1    1    1    1    1    1  4.53194E+15 0.00077 
   53   53    1    1    1    1    1    1    1    1  3.22868E+15 0.00084 
   54   54    1    1    1    1    1    1    1    1  3.92083E+15 0.00082 
   55   55    1    1    1    1    1    1    1    1  2.77918E+15 0.00078 
   56   56    1    1    1    1    1    1    1    1  3.83305E+14 0.00118 
   57   57    1    1    1    1    1    1    1    1  5.40280E+15 0.00082 
   58   58    1    1    1    1    1    1    1    1  2.37037E+15 0.00102 
   59   59    1    1    1    1    1    1    1    1  2.57796E+15 0.00094 
   60   60    1    1    1    1    1    1    1    1  2.03752E+15 0.00106 
   61   61    1    1    1    1    1    1    1    1  2.03846E+15 0.00105 
   62   62    1    1    1    1    1    1    1    1  2.05076E+15 0.00068 
   63   63    1    1    1    1    1    1    1    1  1.71196E+15 0.00094 
   64   64    1    1    1    1    1    1    1    1  1.34676E+15 0.00086 
   65   65    1    1    1    1    1    1    1    1  1.32327E+15 0.00098 
   66   66    1    1    1    1    1    1    1    1  1.04669E+15 0.00113 
   67   67    1    1    1    1    1    1    1    1  8.63019E+14 0.00120 
   68   68    1    1    1    1    1    1    1    1  7.63930E+14 0.00130 
   69   69    1    1    1    1    1    1    1    1  9.27274E+14 0.00118 
   70   70    1    1    1    1    1    1    1    1  7.95263E+14 0.00134 
   71   71    1    1    1    1    1    1    1    1  1.48792E+15 0.00151 
   72   72    1    1    1    1    1    1    1    1  1.08227E+15 0.00119 
   73   73    1    1    1    1    1    1    1    1  8.34018E+14 0.00191 
   74   74    1    1    1    1    1    1    1    1  6.72235E+14 0.00108 
   75   75    1    1    1    1    1    1    1    1  5.49825E+14 0.00150 
   76   76    1    1    1    1    1    1    1    1  6.28931E+14 0.00170 
   77   77    1    1    1    1    1    1    1    1  4.90364E+14 0.00128 
   78   78    1    1    1    1    1    1    1    1  3.78051E+14 0.00187 
   79   79    1    1    1    1    1    1    1    1  3.90377E+14 0.00192 
   80   80    1    1    1    1    1    1    1    1  2.89760E+14 0.00209 
   81   81    1    1    1    1    1    1    1    1  2.23992E+14 0.00187 
   82   82    1    1    1    1    1    1    1    1  1.72345E+14 0.00275 
   83   83    1    1    1    1    1    1    1    1  1.61425E+14 0.00248 
   84   84    1    1    1    1    1    1    1    1  1.15815E+14 0.00247 
   85   85    1    1    1    1    1    1    1    1  8.34908E+13 0.00280 
   86   86    1    1    1    1    1    1    1    1  7.78101E+13 0.00389 
   87   87    1    1    1    1    1    1    1    1  4.84610E+13 0.00522 
   88   88    1    1    1    1    1    1    1    1  3.23986E+13 0.00584 
   89   89    1    1    1    1    1    1    1    1  1.86900E+13 0.00808 
   90   90    1    1    1    1    1    1    1    1  1.24066E+13 0.00942 
   91   91    1    1    1    1    1    1    1    1  6.24768E+12 0.01075 
   92   92    1    1    1    1    1    1    1    1  3.05935E+12 0.01571 
   93   93    1    1    1    1    1    1    1    1  1.52400E+12 0.02344 
   94   94    1    1    1    1    1    1    1    1  7.66497E+11 0.03490 
   95   95    1    1    1    1    1    1    1    1  3.69882E+11 0.05204 
   96   96    1    1    1    1    1    1    1    1  1.59004E+11 0.07851 
   97   97    1    1    1    1    1    1    1    1  7.34835E+10 0.09094 
   98   98    1    1    1    1    1    1    1    1  4.89019E+10 0.09472 
   99   99    1    1    1    1    1    1    1    1  2.48898E+10 0.17996 
  100  100    1    1    1    1    1    1    1    1  1.27005E+10 0.21532 
];


