
DETdpaspec = [
    1    1    1    1    1    1    1    1    1    1  0.00000E+00 0.00000 
    2    2    1    1    1    1    1    1    1    1  0.00000E+00 0.00000 
    3    3    1    1    1    1    1    1    1    1  0.00000E+00 0.00000 
    4    4    1    1    1    1    1    1    1    1  0.00000E+00 0.00000 
    5    5    1    1    1    1    1    1    1    1  1.20772E+07 1.00000 
    6    6    1    1    1    1    1    1    1    1  0.00000E+00 0.00000 
    7    7    1    1    1    1    1    1    1    1  0.00000E+00 0.00000 
    8    8    1    1    1    1    1    1    1    1  4.88434E+07 1.00000 
    9    9    1    1    1    1    1    1    1    1  0.00000E+00 0.00000 
   10   10    1    1    1    1    1    1    1    1  0.00000E+00 0.00000 
   11   11    1    1    1    1    1    1    1    1  1.28697E+08 0.69059 
   12   12    1    1    1    1    1    1    1    1  1.16167E+08 0.56950 
   13   13    1    1    1    1    1    1    1    1  6.96663E+08 0.58431 
   14   14    1    1    1    1    1    1    1    1  1.60692E+09 0.37284 
   15   15    1    1    1    1    1    1    1    1  3.53006E+09 0.41686 
   16   16    1    1    1    1    1    1    1    1  3.33979E+09 0.26279 
   17   17    1    1    1    1    1    1    1    1  4.07230E+09 0.28699 
   18   18    1    1    1    1    1    1    1    1  1.47398E+10 0.18197 
   19   19    1    1    1    1    1    1    1    1  1.29080E+10 0.17256 
   20   20    1    1    1    1    1    1    1    1  4.43395E+10 0.13646 
   21   21    1    1    1    1    1    1    1    1  3.57492E+10 0.11808 
   22   22    1    1    1    1    1    1    1    1  9.59540E+10 0.09604 
   23   23    1    1    1    1    1    1    1    1  1.16888E+11 0.07252 
   24   24    1    1    1    1    1    1    1    1  1.93316E+11 0.06711 
   25   25    1    1    1    1    1    1    1    1  2.91275E+11 0.04722 
   26   26    1    1    1    1    1    1    1    1  5.58322E+11 0.03977 
   27   27    1    1    1    1    1    1    1    1  1.11731E+12 0.03225 
   28   28    1    1    1    1    1    1    1    1  2.16201E+12 0.01822 
   29   29    1    1    1    1    1    1    1    1  2.83650E+12 0.01530 
   30   30    1    1    1    1    1    1    1    1  7.59742E+12 0.01277 
   31   31    1    1    1    1    1    1    1    1  1.75220E+13 0.00961 
   32   32    1    1    1    1    1    1    1    1  2.60591E+13 0.00813 
   33   33    1    1    1    1    1    1    1    1  5.03315E+13 0.00776 
   34   34    1    1    1    1    1    1    1    1  5.64440E+13 0.00741 
   35   35    1    1    1    1    1    1    1    1  8.17189E+13 0.00660 
   36   36    1    1    1    1    1    1    1    1  6.39087E+13 0.00565 
   37   37    1    1    1    1    1    1    1    1  2.02673E+13 0.00522 
   38   38    1    1    1    1    1    1    1    1  9.59706E+13 0.00536 
   39   39    1    1    1    1    1    1    1    1  1.17398E+14 0.00570 
   40   40    1    1    1    1    1    1    1    1  1.90164E+14 0.00520 
   41   41    1    1    1    1    1    1    1    1  1.84395E+14 0.00506 
   42   42    1    1    1    1    1    1    1    1  3.28407E+14 0.00521 
   43   43    1    1    1    1    1    1    1    1  3.55821E+14 0.00570 
   44   44    1    1    1    1    1    1    1    1  4.56262E+14 0.00594 
   45   45    1    1    1    1    1    1    1    1  7.93047E+14 0.00607 
   46   46    1    1    1    1    1    1    1    1  4.09859E+14 0.00571 
   47   47    1    1    1    1    1    1    1    1  5.94054E+14 0.00541 
   48   48    1    1    1    1    1    1    1    1  8.15706E+14 0.00525 
   49   49    1    1    1    1    1    1    1    1  7.42786E+14 0.00534 
   50   50    1    1    1    1    1    1    1    1  1.11673E+15 0.00508 
   51   51    1    1    1    1    1    1    1    1  8.81864E+14 0.00513 
   52   52    1    1    1    1    1    1    1    1  9.79626E+14 0.00580 
   53   53    1    1    1    1    1    1    1    1  6.95742E+14 0.00588 
   54   54    1    1    1    1    1    1    1    1  8.27191E+14 0.00584 
   55   55    1    1    1    1    1    1    1    1  5.86076E+14 0.00566 
   56   56    1    1    1    1    1    1    1    1  8.10800E+13 0.00613 
   57   57    1    1    1    1    1    1    1    1  1.13378E+15 0.00563 
   58   58    1    1    1    1    1    1    1    1  4.84156E+14 0.00560 
   59   59    1    1    1    1    1    1    1    1  5.26687E+14 0.00608 
   60   60    1    1    1    1    1    1    1    1  4.08492E+14 0.00594 
   61   61    1    1    1    1    1    1    1    1  4.08581E+14 0.00595 
   62   62    1    1    1    1    1    1    1    1  4.08745E+14 0.00527 
   63   63    1    1    1    1    1    1    1    1  3.38013E+14 0.00610 
   64   64    1    1    1    1    1    1    1    1  2.64430E+14 0.00694 
   65   65    1    1    1    1    1    1    1    1  2.58577E+14 0.00658 
   66   66    1    1    1    1    1    1    1    1  2.03551E+14 0.00668 
   67   67    1    1    1    1    1    1    1    1  1.68484E+14 0.00737 
   68   68    1    1    1    1    1    1    1    1  1.49717E+14 0.00779 
   69   69    1    1    1    1    1    1    1    1  1.81201E+14 0.00774 
   70   70    1    1    1    1    1    1    1    1  1.54420E+14 0.00774 
   71   71    1    1    1    1    1    1    1    1  2.92917E+14 0.00676 
   72   72    1    1    1    1    1    1    1    1  2.13033E+14 0.00678 
   73   73    1    1    1    1    1    1    1    1  1.63203E+14 0.00777 
   74   74    1    1    1    1    1    1    1    1  1.28993E+14 0.00698 
   75   75    1    1    1    1    1    1    1    1  1.04135E+14 0.00596 
   76   76    1    1    1    1    1    1    1    1  1.17571E+14 0.00746 
   77   77    1    1    1    1    1    1    1    1  9.03064E+13 0.00815 
   78   78    1    1    1    1    1    1    1    1  6.84833E+13 0.00688 
   79   79    1    1    1    1    1    1    1    1  7.05952E+13 0.00736 
   80   80    1    1    1    1    1    1    1    1  5.22591E+13 0.00839 
   81   81    1    1    1    1    1    1    1    1  4.02694E+13 0.00809 
   82   82    1    1    1    1    1    1    1    1  3.06610E+13 0.00792 
   83   83    1    1    1    1    1    1    1    1  2.85951E+13 0.00824 
   84   84    1    1    1    1    1    1    1    1  2.04932E+13 0.00909 
   85   85    1    1    1    1    1    1    1    1  1.49226E+13 0.01148 
   86   86    1    1    1    1    1    1    1    1  1.40461E+13 0.01031 
   87   87    1    1    1    1    1    1    1    1  8.66844E+12 0.01589 
   88   88    1    1    1    1    1    1    1    1  5.90639E+12 0.02127 
   89   89    1    1    1    1    1    1    1    1  3.38013E+12 0.01598 
   90   90    1    1    1    1    1    1    1    1  2.19932E+12 0.02173 
   91   91    1    1    1    1    1    1    1    1  1.14589E+12 0.03201 
   92   92    1    1    1    1    1    1    1    1  5.78784E+11 0.04115 
   93   93    1    1    1    1    1    1    1    1  2.62316E+11 0.04838 
   94   94    1    1    1    1    1    1    1    1  1.32796E+11 0.07126 
   95   95    1    1    1    1    1    1    1    1  6.88098E+10 0.09222 
   96   96    1    1    1    1    1    1    1    1  2.48328E+10 0.16702 
   97   97    1    1    1    1    1    1    1    1  1.15468E+10 0.24719 
   98   98    1    1    1    1    1    1    1    1  5.73932E+09 0.33190 
   99   99    1    1    1    1    1    1    1    1  1.63859E+09 1.00000 
  100  100    1    1    1    1    1    1    1    1  2.46476E+09 0.48746 
];


