
DETdpaspec = [
    1    1    1    1    1    1    1    1    1    1  0.00000E+00 0.00000 
    2    2    1    1    1    1    1    1    1    1  0.00000E+00 0.00000 
    3    3    1    1    1    1    1    1    1    1  0.00000E+00 0.00000 
    4    4    1    1    1    1    1    1    1    1  0.00000E+00 0.00000 
    5    5    1    1    1    1    1    1    1    1  0.00000E+00 0.00000 
    6    6    1    1    1    1    1    1    1    1  0.00000E+00 0.00000 
    7    7    1    1    1    1    1    1    1    1  3.45225E+07 0.68983 
    8    8    1    1    1    1    1    1    1    1  4.54445E+07 0.68852 
    9    9    1    1    1    1    1    1    1    1  0.00000E+00 0.00000 
   10   10    1    1    1    1    1    1    1    1  5.90827E+07 1.00000 
   11   11    1    1    1    1    1    1    1    1  6.55903E+07 1.00000 
   12   12    1    1    1    1    1    1    1    1  7.95253E+07 0.70649 
   13   13    1    1    1    1    1    1    1    1  2.68425E+09 0.28793 
   14   14    1    1    1    1    1    1    1    1  4.26928E+09 0.29831 
   15   15    1    1    1    1    1    1    1    1  8.83052E+09 0.28873 
   16   16    1    1    1    1    1    1    1    1  3.58746E+09 0.31623 
   17   17    1    1    1    1    1    1    1    1  5.81343E+09 0.26047 
   18   18    1    1    1    1    1    1    1    1  1.19156E+10 0.19490 
   19   19    1    1    1    1    1    1    1    1  1.98443E+10 0.15114 
   20   20    1    1    1    1    1    1    1    1  5.85669E+10 0.15507 
   21   21    1    1    1    1    1    1    1    1  4.14951E+10 0.06381 
   22   22    1    1    1    1    1    1    1    1  1.11745E+11 0.05258 
   23   23    1    1    1    1    1    1    1    1  1.83246E+11 0.04726 
   24   24    1    1    1    1    1    1    1    1  2.88649E+11 0.04678 
   25   25    1    1    1    1    1    1    1    1  3.90564E+11 0.03546 
   26   26    1    1    1    1    1    1    1    1  8.05866E+11 0.02539 
   27   27    1    1    1    1    1    1    1    1  1.67130E+12 0.02020 
   28   28    1    1    1    1    1    1    1    1  3.45125E+12 0.01428 
   29   29    1    1    1    1    1    1    1    1  4.68411E+12 0.00938 
   30   30    1    1    1    1    1    1    1    1  1.21807E+13 0.00881 
   31   31    1    1    1    1    1    1    1    1  2.89508E+13 0.00567 
   32   32    1    1    1    1    1    1    1    1  4.33282E+13 0.00541 
   33   33    1    1    1    1    1    1    1    1  8.49060E+13 0.00304 
   34   34    1    1    1    1    1    1    1    1  9.63173E+13 0.00273 
   35   35    1    1    1    1    1    1    1    1  1.38952E+14 0.00252 
   36   36    1    1    1    1    1    1    1    1  1.08784E+14 0.00258 
   37   37    1    1    1    1    1    1    1    1  3.44568E+13 0.00233 
   38   38    1    1    1    1    1    1    1    1  1.65365E+14 0.00191 
   39   39    1    1    1    1    1    1    1    1  2.02939E+14 0.00161 
   40   40    1    1    1    1    1    1    1    1  3.31839E+14 0.00187 
   41   41    1    1    1    1    1    1    1    1  3.22788E+14 0.00156 
   42   42    1    1    1    1    1    1    1    1  5.78873E+14 0.00193 
   43   43    1    1    1    1    1    1    1    1  6.30652E+14 0.00178 
   44   44    1    1    1    1    1    1    1    1  8.13803E+14 0.00160 
   45   45    1    1    1    1    1    1    1    1  1.42466E+15 0.00164 
   46   46    1    1    1    1    1    1    1    1  7.38911E+14 0.00151 
   47   47    1    1    1    1    1    1    1    1  1.07119E+15 0.00163 
   48   48    1    1    1    1    1    1    1    1  1.47887E+15 0.00164 
   49   49    1    1    1    1    1    1    1    1  1.34613E+15 0.00179 
   50   50    1    1    1    1    1    1    1    1  2.03462E+15 0.00177 
   51   51    1    1    1    1    1    1    1    1  1.60591E+15 0.00162 
   52   52    1    1    1    1    1    1    1    1  1.79438E+15 0.00170 
   53   53    1    1    1    1    1    1    1    1  1.27593E+15 0.00154 
   54   54    1    1    1    1    1    1    1    1  1.52391E+15 0.00150 
   55   55    1    1    1    1    1    1    1    1  1.07812E+15 0.00196 
   56   56    1    1    1    1    1    1    1    1  1.48964E+14 0.00277 
   57   57    1    1    1    1    1    1    1    1  2.08859E+15 0.00186 
   58   58    1    1    1    1    1    1    1    1  8.98065E+14 0.00197 
   59   59    1    1    1    1    1    1    1    1  9.77367E+14 0.00198 
   60   60    1    1    1    1    1    1    1    1  7.59354E+14 0.00175 
   61   61    1    1    1    1    1    1    1    1  7.59427E+14 0.00193 
   62   62    1    1    1    1    1    1    1    1  7.59568E+14 0.00225 
   63   63    1    1    1    1    1    1    1    1  6.28125E+14 0.00172 
   64   64    1    1    1    1    1    1    1    1  4.93263E+14 0.00184 
   65   65    1    1    1    1    1    1    1    1  4.84831E+14 0.00201 
   66   66    1    1    1    1    1    1    1    1  3.80991E+14 0.00217 
   67   67    1    1    1    1    1    1    1    1  3.13675E+14 0.00221 
   68   68    1    1    1    1    1    1    1    1  2.77666E+14 0.00251 
   69   69    1    1    1    1    1    1    1    1  3.36854E+14 0.00252 
   70   70    1    1    1    1    1    1    1    1  2.89023E+14 0.00241 
   71   71    1    1    1    1    1    1    1    1  5.45496E+14 0.00223 
   72   72    1    1    1    1    1    1    1    1  3.97102E+14 0.00222 
   73   73    1    1    1    1    1    1    1    1  3.04669E+14 0.00242 
   74   74    1    1    1    1    1    1    1    1  2.42390E+14 0.00284 
   75   75    1    1    1    1    1    1    1    1  1.95556E+14 0.00248 
   76   76    1    1    1    1    1    1    1    1  2.20867E+14 0.00266 
   77   77    1    1    1    1    1    1    1    1  1.69783E+14 0.00277 
   78   78    1    1    1    1    1    1    1    1  1.29521E+14 0.00284 
   79   79    1    1    1    1    1    1    1    1  1.33993E+14 0.00269 
   80   80    1    1    1    1    1    1    1    1  9.88051E+13 0.00343 
   81   81    1    1    1    1    1    1    1    1  7.61165E+13 0.00415 
   82   82    1    1    1    1    1    1    1    1  5.82020E+13 0.00403 
   83   83    1    1    1    1    1    1    1    1  5.46932E+13 0.00397 
   84   84    1    1    1    1    1    1    1    1  3.95806E+13 0.00481 
   85   85    1    1    1    1    1    1    1    1  2.83345E+13 0.00523 
   86   86    1    1    1    1    1    1    1    1  2.63696E+13 0.00705 
   87   87    1    1    1    1    1    1    1    1  1.65350E+13 0.00796 
   88   88    1    1    1    1    1    1    1    1  1.11647E+13 0.01031 
   89   89    1    1    1    1    1    1    1    1  6.26972E+12 0.01139 
   90   90    1    1    1    1    1    1    1    1  4.32179E+12 0.01379 
   91   91    1    1    1    1    1    1    1    1  2.22478E+12 0.02092 
   92   92    1    1    1    1    1    1    1    1  1.05585E+12 0.03206 
   93   93    1    1    1    1    1    1    1    1  5.00107E+11 0.04023 
   94   94    1    1    1    1    1    1    1    1  2.55391E+11 0.05463 
   95   95    1    1    1    1    1    1    1    1  1.25194E+11 0.07641 
   96   96    1    1    1    1    1    1    1    1  5.21869E+10 0.14234 
   97   97    1    1    1    1    1    1    1    1  2.43667E+10 0.16771 
   98   98    1    1    1    1    1    1    1    1  1.21809E+10 0.27177 
   99   99    1    1    1    1    1    1    1    1  6.36104E+09 0.36024 
  100  100    1    1    1    1    1    1    1    1  8.46664E+09 0.26357 
];


