
DETdpaspec = [
    1    1    1    1    1    1    1    1    1    1  0.00000E+00 0.00000 
    2    2    1    1    1    1    1    1    1    1  0.00000E+00 0.00000 
    3    3    1    1    1    1    1    1    1    1  0.00000E+00 0.00000 
    4    4    1    1    1    1    1    1    1    1  0.00000E+00 0.00000 
    5    5    1    1    1    1    1    1    1    1  0.00000E+00 0.00000 
    6    6    1    1    1    1    1    1    1    1  1.06123E+07 1.00000 
    7    7    1    1    1    1    1    1    1    1  0.00000E+00 0.00000 
    8    8    1    1    1    1    1    1    1    1  0.00000E+00 0.00000 
    9    9    1    1    1    1    1    1    1    1  0.00000E+00 0.00000 
   10   10    1    1    1    1    1    1    1    1  0.00000E+00 0.00000 
   11   11    1    1    1    1    1    1    1    1  3.17235E+08 0.59851 
   12   12    1    1    1    1    1    1    1    1  2.39138E+08 0.31868 
   13   13    1    1    1    1    1    1    1    1  1.52983E+09 0.40437 
   14   14    1    1    1    1    1    1    1    1  3.41251E+09 0.33359 
   15   15    1    1    1    1    1    1    1    1  4.58962E+09 0.32676 
   16   16    1    1    1    1    1    1    1    1  1.92955E+09 0.35596 
   17   17    1    1    1    1    1    1    1    1  5.65158E+09 0.24125 
   18   18    1    1    1    1    1    1    1    1  9.85019E+09 0.18545 
   19   19    1    1    1    1    1    1    1    1  1.72711E+10 0.14200 
   20   20    1    1    1    1    1    1    1    1  3.94943E+10 0.13056 
   21   21    1    1    1    1    1    1    1    1  3.82058E+10 0.11830 
   22   22    1    1    1    1    1    1    1    1  1.03299E+11 0.06079 
   23   23    1    1    1    1    1    1    1    1  1.22470E+11 0.07858 
   24   24    1    1    1    1    1    1    1    1  2.24590E+11 0.03902 
   25   25    1    1    1    1    1    1    1    1  3.16189E+11 0.04643 
   26   26    1    1    1    1    1    1    1    1  6.23423E+11 0.03225 
   27   27    1    1    1    1    1    1    1    1  1.29170E+12 0.02544 
   28   28    1    1    1    1    1    1    1    1  2.50805E+12 0.01292 
   29   29    1    1    1    1    1    1    1    1  3.32507E+12 0.01289 
   30   30    1    1    1    1    1    1    1    1  8.74804E+12 0.00899 
   31   31    1    1    1    1    1    1    1    1  2.05928E+13 0.00631 
   32   32    1    1    1    1    1    1    1    1  3.04399E+13 0.00483 
   33   33    1    1    1    1    1    1    1    1  5.91107E+13 0.00484 
   34   34    1    1    1    1    1    1    1    1  6.66218E+13 0.00467 
   35   35    1    1    1    1    1    1    1    1  9.64156E+13 0.00514 
   36   36    1    1    1    1    1    1    1    1  7.51996E+13 0.00431 
   37   37    1    1    1    1    1    1    1    1  2.39451E+13 0.00421 
   38   38    1    1    1    1    1    1    1    1  1.13515E+14 0.00359 
   39   39    1    1    1    1    1    1    1    1  1.39034E+14 0.00383 
   40   40    1    1    1    1    1    1    1    1  2.26523E+14 0.00397 
   41   41    1    1    1    1    1    1    1    1  2.19833E+14 0.00381 
   42   42    1    1    1    1    1    1    1    1  3.92417E+14 0.00364 
   43   43    1    1    1    1    1    1    1    1  4.26120E+14 0.00390 
   44   44    1    1    1    1    1    1    1    1  5.47292E+14 0.00391 
   45   45    1    1    1    1    1    1    1    1  9.55969E+14 0.00345 
   46   46    1    1    1    1    1    1    1    1  4.94300E+14 0.00377 
   47   47    1    1    1    1    1    1    1    1  7.16065E+14 0.00365 
   48   48    1    1    1    1    1    1    1    1  9.85418E+14 0.00371 
   49   49    1    1    1    1    1    1    1    1  8.96226E+14 0.00383 
   50   50    1    1    1    1    1    1    1    1  1.34721E+15 0.00382 
   51   51    1    1    1    1    1    1    1    1  1.06278E+15 0.00431 
   52   52    1    1    1    1    1    1    1    1  1.18449E+15 0.00370 
   53   53    1    1    1    1    1    1    1    1  8.39931E+14 0.00405 
   54   54    1    1    1    1    1    1    1    1  1.00075E+15 0.00406 
   55   55    1    1    1    1    1    1    1    1  7.08972E+14 0.00403 
   56   56    1    1    1    1    1    1    1    1  9.81825E+13 0.00378 
   57   57    1    1    1    1    1    1    1    1  1.37143E+15 0.00388 
   58   58    1    1    1    1    1    1    1    1  5.86315E+14 0.00415 
   59   59    1    1    1    1    1    1    1    1  6.38586E+14 0.00428 
   60   60    1    1    1    1    1    1    1    1  4.95679E+14 0.00392 
   61   61    1    1    1    1    1    1    1    1  4.96095E+14 0.00449 
   62   62    1    1    1    1    1    1    1    1  4.94716E+14 0.00443 
   63   63    1    1    1    1    1    1    1    1  4.09266E+14 0.00435 
   64   64    1    1    1    1    1    1    1    1  3.19608E+14 0.00460 
   65   65    1    1    1    1    1    1    1    1  3.13629E+14 0.00490 
   66   66    1    1    1    1    1    1    1    1  2.46670E+14 0.00497 
   67   67    1    1    1    1    1    1    1    1  2.03437E+14 0.00561 
   68   68    1    1    1    1    1    1    1    1  1.80205E+14 0.00477 
   69   69    1    1    1    1    1    1    1    1  2.17889E+14 0.00492 
   70   70    1    1    1    1    1    1    1    1  1.86926E+14 0.00452 
   71   71    1    1    1    1    1    1    1    1  3.54285E+14 0.00402 
   72   72    1    1    1    1    1    1    1    1  2.57448E+14 0.00470 
   73   73    1    1    1    1    1    1    1    1  1.97134E+14 0.00475 
   74   74    1    1    1    1    1    1    1    1  1.56051E+14 0.00529 
   75   75    1    1    1    1    1    1    1    1  1.25255E+14 0.00479 
   76   76    1    1    1    1    1    1    1    1  1.42010E+14 0.00436 
   77   77    1    1    1    1    1    1    1    1  1.08644E+14 0.00500 
   78   78    1    1    1    1    1    1    1    1  8.38145E+13 0.00599 
   79   79    1    1    1    1    1    1    1    1  8.48010E+13 0.00705 
   80   80    1    1    1    1    1    1    1    1  6.28229E+13 0.00614 
   81   81    1    1    1    1    1    1    1    1  4.85734E+13 0.00438 
   82   82    1    1    1    1    1    1    1    1  3.74969E+13 0.00679 
   83   83    1    1    1    1    1    1    1    1  3.44920E+13 0.00675 
   84   84    1    1    1    1    1    1    1    1  2.51387E+13 0.00649 
   85   85    1    1    1    1    1    1    1    1  1.81163E+13 0.00735 
   86   86    1    1    1    1    1    1    1    1  1.68674E+13 0.00818 
   87   87    1    1    1    1    1    1    1    1  1.05788E+13 0.01065 
   88   88    1    1    1    1    1    1    1    1  7.16212E+12 0.01185 
   89   89    1    1    1    1    1    1    1    1  4.19511E+12 0.01692 
   90   90    1    1    1    1    1    1    1    1  2.72829E+12 0.01772 
   91   91    1    1    1    1    1    1    1    1  1.32682E+12 0.02026 
   92   92    1    1    1    1    1    1    1    1  6.56134E+11 0.04084 
   93   93    1    1    1    1    1    1    1    1  3.43659E+11 0.04951 
   94   94    1    1    1    1    1    1    1    1  1.65856E+11 0.08033 
   95   95    1    1    1    1    1    1    1    1  7.10730E+10 0.09481 
   96   96    1    1    1    1    1    1    1    1  3.96373E+10 0.11089 
   97   97    1    1    1    1    1    1    1    1  1.55755E+10 0.28506 
   98   98    1    1    1    1    1    1    1    1  7.11338E+09 0.38894 
   99   99    1    1    1    1    1    1    1    1  3.58513E+09 0.44287 
  100  100    1    1    1    1    1    1    1    1  2.83243E+09 0.69656 
];


