
DETdpaspec = [
    1    1    1    1    1    1    1    1    1    1  0.00000E+00 0.00000 
    2    2    1    1    1    1    1    1    1    1  0.00000E+00 0.00000 
    3    3    1    1    1    1    1    1    1    1  0.00000E+00 0.00000 
    4    4    1    1    1    1    1    1    1    1  0.00000E+00 0.00000 
    5    5    1    1    1    1    1    1    1    1  1.12413E+07 1.00000 
    6    6    1    1    1    1    1    1    1    1  1.01698E+07 1.00000 
    7    7    1    1    1    1    1    1    1    1  3.96274E+07 1.00000 
    8    8    1    1    1    1    1    1    1    1  0.00000E+00 0.00000 
    9    9    1    1    1    1    1    1    1    1  2.77256E+07 0.68830 
   10   10    1    1    1    1    1    1    1    1  1.98161E+08 0.72041 
   11   11    1    1    1    1    1    1    1    1  1.08080E+08 0.69368 
   12   12    1    1    1    1    1    1    1    1  8.43157E+07 0.70806 
   13   13    1    1    1    1    1    1    1    1  2.33141E+09 0.44508 
   14   14    1    1    1    1    1    1    1    1  4.69681E+09 0.22069 
   15   15    1    1    1    1    1    1    1    1  1.08091E+10 0.25731 
   16   16    1    1    1    1    1    1    1    1  3.27129E+09 0.22886 
   17   17    1    1    1    1    1    1    1    1  6.24203E+09 0.15754 
   18   18    1    1    1    1    1    1    1    1  1.89247E+10 0.13362 
   19   19    1    1    1    1    1    1    1    1  2.44787E+10 0.14044 
   20   20    1    1    1    1    1    1    1    1  8.83646E+10 0.07991 
   21   21    1    1    1    1    1    1    1    1  4.67829E+10 0.11297 
   22   22    1    1    1    1    1    1    1    1  1.29839E+11 0.06717 
   23   23    1    1    1    1    1    1    1    1  1.87049E+11 0.04723 
   24   24    1    1    1    1    1    1    1    1  3.15482E+11 0.04434 
   25   25    1    1    1    1    1    1    1    1  4.26256E+11 0.04413 
   26   26    1    1    1    1    1    1    1    1  8.03919E+11 0.02285 
   27   27    1    1    1    1    1    1    1    1  1.56511E+12 0.02172 
   28   28    1    1    1    1    1    1    1    1  2.98832E+12 0.01385 
   29   29    1    1    1    1    1    1    1    1  3.77049E+12 0.01609 
   30   30    1    1    1    1    1    1    1    1  1.02409E+13 0.01189 
   31   31    1    1    1    1    1    1    1    1  2.29310E+13 0.00942 
   32   32    1    1    1    1    1    1    1    1  3.36087E+13 0.00906 
   33   33    1    1    1    1    1    1    1    1  6.39743E+13 0.00824 
   34   34    1    1    1    1    1    1    1    1  7.09256E+13 0.00699 
   35   35    1    1    1    1    1    1    1    1  1.03307E+14 0.00802 
   36   36    1    1    1    1    1    1    1    1  8.08948E+13 0.00802 
   37   37    1    1    1    1    1    1    1    1  2.56605E+13 0.00835 
   38   38    1    1    1    1    1    1    1    1  1.20552E+14 0.00905 
   39   39    1    1    1    1    1    1    1    1  1.46998E+14 0.00838 
   40   40    1    1    1    1    1    1    1    1  2.37312E+14 0.00905 
   41   41    1    1    1    1    1    1    1    1  2.30786E+14 0.00848 
   42   42    1    1    1    1    1    1    1    1  4.07403E+14 0.00855 
   43   43    1    1    1    1    1    1    1    1  4.41562E+14 0.00762 
   44   44    1    1    1    1    1    1    1    1  5.66538E+14 0.00813 
   45   45    1    1    1    1    1    1    1    1  9.84085E+14 0.00817 
   46   46    1    1    1    1    1    1    1    1  5.10909E+14 0.00835 
   47   47    1    1    1    1    1    1    1    1  7.39870E+14 0.00823 
   48   48    1    1    1    1    1    1    1    1  1.02064E+15 0.00864 
   49   49    1    1    1    1    1    1    1    1  9.33263E+14 0.00880 
   50   50    1    1    1    1    1    1    1    1  1.40457E+15 0.00865 
   51   51    1    1    1    1    1    1    1    1  1.11687E+15 0.00886 
   52   52    1    1    1    1    1    1    1    1  1.24220E+15 0.00903 
   53   53    1    1    1    1    1    1    1    1  8.88025E+14 0.00923 
   54   54    1    1    1    1    1    1    1    1  1.05530E+15 0.00949 
   55   55    1    1    1    1    1    1    1    1  7.49884E+14 0.00916 
   56   56    1    1    1    1    1    1    1    1  1.03780E+14 0.00918 
   57   57    1    1    1    1    1    1    1    1  1.45442E+15 0.00922 
   58   58    1    1    1    1    1    1    1    1  6.22403E+14 0.00929 
   59   59    1    1    1    1    1    1    1    1  6.80330E+14 0.00927 
   60   60    1    1    1    1    1    1    1    1  5.27185E+14 0.00964 
   61   61    1    1    1    1    1    1    1    1  5.28683E+14 0.00989 
   62   62    1    1    1    1    1    1    1    1  5.28516E+14 0.00985 
   63   63    1    1    1    1    1    1    1    1  4.39358E+14 0.01020 
   64   64    1    1    1    1    1    1    1    1  3.44075E+14 0.00994 
   65   65    1    1    1    1    1    1    1    1  3.38128E+14 0.00966 
   66   66    1    1    1    1    1    1    1    1  2.66051E+14 0.00984 
   67   67    1    1    1    1    1    1    1    1  2.19740E+14 0.00954 
   68   68    1    1    1    1    1    1    1    1  1.95184E+14 0.01033 
   69   69    1    1    1    1    1    1    1    1  2.36593E+14 0.01063 
   70   70    1    1    1    1    1    1    1    1  2.02493E+14 0.01007 
   71   71    1    1    1    1    1    1    1    1  3.85045E+14 0.01035 
   72   72    1    1    1    1    1    1    1    1  2.82718E+14 0.01126 
   73   73    1    1    1    1    1    1    1    1  2.16123E+14 0.01081 
   74   74    1    1    1    1    1    1    1    1  1.71880E+14 0.01045 
   75   75    1    1    1    1    1    1    1    1  1.38429E+14 0.01015 
   76   76    1    1    1    1    1    1    1    1  1.55795E+14 0.01092 
   77   77    1    1    1    1    1    1    1    1  1.18923E+14 0.01124 
   78   78    1    1    1    1    1    1    1    1  9.07237E+13 0.01101 
   79   79    1    1    1    1    1    1    1    1  9.27630E+13 0.01179 
   80   80    1    1    1    1    1    1    1    1  6.78870E+13 0.01250 
   81   81    1    1    1    1    1    1    1    1  5.25406E+13 0.01068 
   82   82    1    1    1    1    1    1    1    1  4.01041E+13 0.01147 
   83   83    1    1    1    1    1    1    1    1  3.74113E+13 0.01032 
   84   84    1    1    1    1    1    1    1    1  2.68890E+13 0.01014 
   85   85    1    1    1    1    1    1    1    1  1.93728E+13 0.01150 
   86   86    1    1    1    1    1    1    1    1  1.82011E+13 0.01100 
   87   87    1    1    1    1    1    1    1    1  1.12013E+13 0.01466 
   88   88    1    1    1    1    1    1    1    1  7.73905E+12 0.01639 
   89   89    1    1    1    1    1    1    1    1  4.48268E+12 0.01997 
   90   90    1    1    1    1    1    1    1    1  2.86180E+12 0.02043 
   91   91    1    1    1    1    1    1    1    1  1.47548E+12 0.02232 
   92   92    1    1    1    1    1    1    1    1  7.46142E+11 0.03501 
   93   93    1    1    1    1    1    1    1    1  3.46331E+11 0.05215 
   94   94    1    1    1    1    1    1    1    1  1.78336E+11 0.06286 
   95   95    1    1    1    1    1    1    1    1  1.04089E+11 0.09217 
   96   96    1    1    1    1    1    1    1    1  3.27853E+10 0.18391 
   97   97    1    1    1    1    1    1    1    1  1.82310E+10 0.21467 
   98   98    1    1    1    1    1    1    1    1  8.44780E+09 0.41679 
   99   99    1    1    1    1    1    1    1    1  2.83365E+09 0.47638 
  100  100    1    1    1    1    1    1    1    1  8.30951E+09 0.45279 
];


