
DETdpaspec = [
    1    1    1    1    1    1    1    1    1    1  0.00000E+00 0.00000 
    2    2    1    1    1    1    1    1    1    1  0.00000E+00 0.00000 
    3    3    1    1    1    1    1    1    1    1  0.00000E+00 0.00000 
    4    4    1    1    1    1    1    1    1    1  0.00000E+00 0.00000 
    5    5    1    1    1    1    1    1    1    1  0.00000E+00 0.00000 
    6    6    1    1    1    1    1    1    1    1  0.00000E+00 0.00000 
    7    7    1    1    1    1    1    1    1    1  0.00000E+00 0.00000 
    8    8    1    1    1    1    1    1    1    1  0.00000E+00 0.00000 
    9    9    1    1    1    1    1    1    1    1  0.00000E+00 0.00000 
   10   10    1    1    1    1    1    1    1    1  0.00000E+00 0.00000 
   11   11    1    1    1    1    1    1    1    1  2.17416E+08 0.73283 
   12   12    1    1    1    1    1    1    1    1  3.31620E+06 0.69570 
   13   13    1    1    1    1    1    1    1    1  9.08248E+08 0.56618 
   14   14    1    1    1    1    1    1    1    1  4.45301E+09 0.53868 
   15   15    1    1    1    1    1    1    1    1  4.33803E+09 0.42089 
   16   16    1    1    1    1    1    1    1    1  2.72321E+08 0.47423 
   17   17    1    1    1    1    1    1    1    1  2.97209E+09 0.30961 
   18   18    1    1    1    1    1    1    1    1  9.30397E+09 0.17088 
   19   19    1    1    1    1    1    1    1    1  1.73586E+10 0.15591 
   20   20    1    1    1    1    1    1    1    1  3.75224E+10 0.15975 
   21   21    1    1    1    1    1    1    1    1  2.87457E+10 0.13835 
   22   22    1    1    1    1    1    1    1    1  8.13733E+10 0.08821 
   23   23    1    1    1    1    1    1    1    1  1.30230E+11 0.04757 
   24   24    1    1    1    1    1    1    1    1  2.20839E+11 0.05567 
   25   25    1    1    1    1    1    1    1    1  2.96250E+11 0.04057 
   26   26    1    1    1    1    1    1    1    1  5.21535E+11 0.03007 
   27   27    1    1    1    1    1    1    1    1  1.06195E+12 0.02506 
   28   28    1    1    1    1    1    1    1    1  2.13875E+12 0.01385 
   29   29    1    1    1    1    1    1    1    1  2.86083E+12 0.01577 
   30   30    1    1    1    1    1    1    1    1  7.73592E+12 0.01115 
   31   31    1    1    1    1    1    1    1    1  1.80445E+13 0.00910 
   32   32    1    1    1    1    1    1    1    1  2.64191E+13 0.00726 
   33   33    1    1    1    1    1    1    1    1  5.06173E+13 0.00557 
   34   34    1    1    1    1    1    1    1    1  5.61610E+13 0.00410 
   35   35    1    1    1    1    1    1    1    1  8.19128E+13 0.00497 
   36   36    1    1    1    1    1    1    1    1  6.38350E+13 0.00496 
   37   37    1    1    1    1    1    1    1    1  2.02900E+13 0.00523 
   38   38    1    1    1    1    1    1    1    1  9.64128E+13 0.00445 
   39   39    1    1    1    1    1    1    1    1  1.17455E+14 0.00452 
   40   40    1    1    1    1    1    1    1    1  1.90792E+14 0.00479 
   41   41    1    1    1    1    1    1    1    1  1.85473E+14 0.00406 
   42   42    1    1    1    1    1    1    1    1  3.31115E+14 0.00492 
   43   43    1    1    1    1    1    1    1    1  3.58231E+14 0.00467 
   44   44    1    1    1    1    1    1    1    1  4.58559E+14 0.00467 
   45   45    1    1    1    1    1    1    1    1  7.99158E+14 0.00433 
   46   46    1    1    1    1    1    1    1    1  4.13075E+14 0.00405 
   47   47    1    1    1    1    1    1    1    1  5.97949E+14 0.00443 
   48   48    1    1    1    1    1    1    1    1  8.21913E+14 0.00484 
   49   49    1    1    1    1    1    1    1    1  7.49736E+14 0.00431 
   50   50    1    1    1    1    1    1    1    1  1.12673E+15 0.00482 
   51   51    1    1    1    1    1    1    1    1  8.91329E+14 0.00483 
   52   52    1    1    1    1    1    1    1    1  9.89884E+14 0.00513 
   53   53    1    1    1    1    1    1    1    1  7.03673E+14 0.00533 
   54   54    1    1    1    1    1    1    1    1  8.36081E+14 0.00522 
   55   55    1    1    1    1    1    1    1    1  5.91725E+14 0.00456 
   56   56    1    1    1    1    1    1    1    1  8.19848E+13 0.00467 
   57   57    1    1    1    1    1    1    1    1  1.14463E+15 0.00494 
   58   58    1    1    1    1    1    1    1    1  4.88691E+14 0.00503 
   59   59    1    1    1    1    1    1    1    1  5.33283E+14 0.00509 
   60   60    1    1    1    1    1    1    1    1  4.13418E+14 0.00545 
   61   61    1    1    1    1    1    1    1    1  4.12566E+14 0.00556 
   62   62    1    1    1    1    1    1    1    1  4.12622E+14 0.00522 
   63   63    1    1    1    1    1    1    1    1  3.40740E+14 0.00574 
   64   64    1    1    1    1    1    1    1    1  2.67980E+14 0.00584 
   65   65    1    1    1    1    1    1    1    1  2.61343E+14 0.00515 
   66   66    1    1    1    1    1    1    1    1  2.05922E+14 0.00519 
   67   67    1    1    1    1    1    1    1    1  1.69673E+14 0.00587 
   68   68    1    1    1    1    1    1    1    1  1.49774E+14 0.00543 
   69   69    1    1    1    1    1    1    1    1  1.81483E+14 0.00511 
   70   70    1    1    1    1    1    1    1    1  1.56328E+14 0.00560 
   71   71    1    1    1    1    1    1    1    1  2.95103E+14 0.00556 
   72   72    1    1    1    1    1    1    1    1  2.14814E+14 0.00557 
   73   73    1    1    1    1    1    1    1    1  1.65034E+14 0.00566 
   74   74    1    1    1    1    1    1    1    1  1.30749E+14 0.00610 
   75   75    1    1    1    1    1    1    1    1  1.04512E+14 0.00717 
   76   76    1    1    1    1    1    1    1    1  1.18205E+14 0.00647 
   77   77    1    1    1    1    1    1    1    1  9.08846E+13 0.00620 
   78   78    1    1    1    1    1    1    1    1  6.91779E+13 0.00651 
   79   79    1    1    1    1    1    1    1    1  7.04688E+13 0.00647 
   80   80    1    1    1    1    1    1    1    1  5.22218E+13 0.00641 
   81   81    1    1    1    1    1    1    1    1  4.02531E+13 0.00731 
   82   82    1    1    1    1    1    1    1    1  3.12634E+13 0.00797 
   83   83    1    1    1    1    1    1    1    1  2.90772E+13 0.00692 
   84   84    1    1    1    1    1    1    1    1  2.08954E+13 0.00747 
   85   85    1    1    1    1    1    1    1    1  1.48236E+13 0.00869 
   86   86    1    1    1    1    1    1    1    1  1.40774E+13 0.01041 
   87   87    1    1    1    1    1    1    1    1  8.67351E+12 0.01325 
   88   88    1    1    1    1    1    1    1    1  6.03114E+12 0.01267 
   89   89    1    1    1    1    1    1    1    1  3.47941E+12 0.01953 
   90   90    1    1    1    1    1    1    1    1  2.26605E+12 0.01716 
   91   91    1    1    1    1    1    1    1    1  1.19021E+12 0.02535 
   92   92    1    1    1    1    1    1    1    1  5.83595E+11 0.04351 
   93   93    1    1    1    1    1    1    1    1  2.54989E+11 0.06175 
   94   94    1    1    1    1    1    1    1    1  1.50207E+11 0.06923 
   95   95    1    1    1    1    1    1    1    1  5.75087E+10 0.09091 
   96   96    1    1    1    1    1    1    1    1  2.52993E+10 0.19855 
   97   97    1    1    1    1    1    1    1    1  1.66993E+10 0.19758 
   98   98    1    1    1    1    1    1    1    1  4.44000E+09 0.30983 
   99   99    1    1    1    1    1    1    1    1  3.35255E+09 0.66682 
  100  100    1    1    1    1    1    1    1    1  1.64742E+09 0.58667 
];


