
DETdpaspec = [
    1    1    1    1    1    1    1    1    1    1  0.00000E+00 0.00000 
    2    2    1    1    1    1    1    1    1    1  0.00000E+00 0.00000 
    3    3    1    1    1    1    1    1    1    1  0.00000E+00 0.00000 
    4    4    1    1    1    1    1    1    1    1  0.00000E+00 0.00000 
    5    5    1    1    1    1    1    1    1    1  0.00000E+00 0.00000 
    6    6    1    1    1    1    1    1    1    1  1.36264E+07 1.00000 
    7    7    1    1    1    1    1    1    1    1  3.84394E+07 0.69473 
    8    8    1    1    1    1    1    1    1    1  0.00000E+00 0.00000 
    9    9    1    1    1    1    1    1    1    1  1.04227E+07 1.00000 
   10   10    1    1    1    1    1    1    1    1  0.00000E+00 0.00000 
   11   11    1    1    1    1    1    1    1    1  4.39819E+08 0.53864 
   12   12    1    1    1    1    1    1    1    1  1.42819E+08 0.60441 
   13   13    1    1    1    1    1    1    1    1  3.69377E+09 0.34788 
   14   14    1    1    1    1    1    1    1    1  8.27737E+09 0.22948 
   15   15    1    1    1    1    1    1    1    1  1.25313E+10 0.22313 
   16   16    1    1    1    1    1    1    1    1  2.90859E+09 0.29557 
   17   17    1    1    1    1    1    1    1    1  7.40630E+09 0.23254 
   18   18    1    1    1    1    1    1    1    1  2.75998E+10 0.11790 
   19   19    1    1    1    1    1    1    1    1  2.46774E+10 0.09420 
   20   20    1    1    1    1    1    1    1    1  7.05783E+10 0.09937 
   21   21    1    1    1    1    1    1    1    1  6.70487E+10 0.07318 
   22   22    1    1    1    1    1    1    1    1  1.59748E+11 0.06034 
   23   23    1    1    1    1    1    1    1    1  2.60923E+11 0.05590 
   24   24    1    1    1    1    1    1    1    1  5.06835E+11 0.04374 
   25   25    1    1    1    1    1    1    1    1  7.52900E+11 0.02742 
   26   26    1    1    1    1    1    1    1    1  1.60190E+12 0.02013 
   27   27    1    1    1    1    1    1    1    1  3.41890E+12 0.01875 
   28   28    1    1    1    1    1    1    1    1  7.72478E+12 0.00708 
   29   29    1    1    1    1    1    1    1    1  1.16334E+13 0.00845 
   30   30    1    1    1    1    1    1    1    1  2.83889E+13 0.00580 
   31   31    1    1    1    1    1    1    1    1  6.82353E+13 0.00339 
   32   32    1    1    1    1    1    1    1    1  1.02692E+14 0.00239 
   33   33    1    1    1    1    1    1    1    1  2.05072E+14 0.00255 
   34   34    1    1    1    1    1    1    1    1  2.43381E+14 0.00198 
   35   35    1    1    1    1    1    1    1    1  3.35012E+14 0.00189 
   36   36    1    1    1    1    1    1    1    1  2.60794E+14 0.00154 
   37   37    1    1    1    1    1    1    1    1  8.10432E+13 0.00171 
   38   38    1    1    1    1    1    1    1    1  3.98347E+14 0.00156 
   39   39    1    1    1    1    1    1    1    1  4.91931E+14 0.00106 
   40   40    1    1    1    1    1    1    1    1  8.24546E+14 0.00117 
   41   41    1    1    1    1    1    1    1    1  7.90739E+14 0.00091 
   42   42    1    1    1    1    1    1    1    1  1.45360E+15 0.00108 
   43   43    1    1    1    1    1    1    1    1  1.59609E+15 0.00109 
   44   44    1    1    1    1    1    1    1    1  2.08204E+15 0.00112 
   45   45    1    1    1    1    1    1    1    1  3.73913E+15 0.00091 
   46   46    1    1    1    1    1    1    1    1  1.95901E+15 0.00088 
   47   47    1    1    1    1    1    1    1    1  2.82733E+15 0.00100 
   48   48    1    1    1    1    1    1    1    1  3.95644E+15 0.00091 
   49   49    1    1    1    1    1    1    1    1  3.59755E+15 0.00091 
   50   50    1    1    1    1    1    1    1    1  5.56334E+15 0.00089 
   51   51    1    1    1    1    1    1    1    1  4.37858E+15 0.00087 
   52   52    1    1    1    1    1    1    1    1  4.99370E+15 0.00092 
   53   53    1    1    1    1    1    1    1    1  3.56052E+15 0.00103 
   54   54    1    1    1    1    1    1    1    1  4.33532E+15 0.00098 
   55   55    1    1    1    1    1    1    1    1  3.07542E+15 0.00112 
   56   56    1    1    1    1    1    1    1    1  4.24513E+14 0.00118 
   57   57    1    1    1    1    1    1    1    1  5.98089E+15 0.00096 
   58   58    1    1    1    1    1    1    1    1  2.63410E+15 0.00093 
   59   59    1    1    1    1    1    1    1    1  2.86574E+15 0.00100 
   60   60    1    1    1    1    1    1    1    1  2.27075E+15 0.00095 
   61   61    1    1    1    1    1    1    1    1  2.27136E+15 0.00103 
   62   62    1    1    1    1    1    1    1    1  2.28760E+15 0.00112 
   63   63    1    1    1    1    1    1    1    1  1.91335E+15 0.00119 
   64   64    1    1    1    1    1    1    1    1  1.50956E+15 0.00107 
   65   65    1    1    1    1    1    1    1    1  1.48090E+15 0.00110 
   66   66    1    1    1    1    1    1    1    1  1.17384E+15 0.00101 
   67   67    1    1    1    1    1    1    1    1  9.66202E+14 0.00104 
   68   68    1    1    1    1    1    1    1    1  8.54415E+14 0.00161 
   69   69    1    1    1    1    1    1    1    1  1.03852E+15 0.00131 
   70   70    1    1    1    1    1    1    1    1  8.90152E+14 0.00150 
   71   71    1    1    1    1    1    1    1    1  1.66005E+15 0.00145 
   72   72    1    1    1    1    1    1    1    1  1.20714E+15 0.00096 
   73   73    1    1    1    1    1    1    1    1  9.33078E+14 0.00138 
   74   74    1    1    1    1    1    1    1    1  7.53046E+14 0.00105 
   75   75    1    1    1    1    1    1    1    1  6.16943E+14 0.00141 
   76   76    1    1    1    1    1    1    1    1  7.06497E+14 0.00174 
   77   77    1    1    1    1    1    1    1    1  5.52953E+14 0.00162 
   78   78    1    1    1    1    1    1    1    1  4.26586E+14 0.00161 
   79   79    1    1    1    1    1    1    1    1  4.40873E+14 0.00182 
   80   80    1    1    1    1    1    1    1    1  3.27969E+14 0.00172 
   81   81    1    1    1    1    1    1    1    1  2.53166E+14 0.00133 
   82   82    1    1    1    1    1    1    1    1  1.95552E+14 0.00196 
   83   83    1    1    1    1    1    1    1    1  1.82548E+14 0.00293 
   84   84    1    1    1    1    1    1    1    1  1.31706E+14 0.00260 
   85   85    1    1    1    1    1    1    1    1  9.45489E+13 0.00307 
   86   86    1    1    1    1    1    1    1    1  8.86438E+13 0.00295 
   87   87    1    1    1    1    1    1    1    1  5.53401E+13 0.00400 
   88   88    1    1    1    1    1    1    1    1  3.69790E+13 0.00508 
   89   89    1    1    1    1    1    1    1    1  2.15011E+13 0.00554 
   90   90    1    1    1    1    1    1    1    1  1.41532E+13 0.00874 
   91   91    1    1    1    1    1    1    1    1  7.17159E+12 0.01312 
   92   92    1    1    1    1    1    1    1    1  3.49656E+12 0.01330 
   93   93    1    1    1    1    1    1    1    1  1.61292E+12 0.03075 
   94   94    1    1    1    1    1    1    1    1  8.44653E+11 0.03203 
   95   95    1    1    1    1    1    1    1    1  3.81729E+11 0.05010 
   96   96    1    1    1    1    1    1    1    1  1.84461E+11 0.08014 
   97   97    1    1    1    1    1    1    1    1  9.71009E+10 0.10985 
   98   98    1    1    1    1    1    1    1    1  4.17328E+10 0.14490 
   99   99    1    1    1    1    1    1    1    1  2.64507E+10 0.19614 
  100  100    1    1    1    1    1    1    1    1  2.37253E+10 0.21781 
];


