
DETdpaspec = [
    1    1    1    1    1    1    1    1    1    1  0.00000E+00 0.00000 
    2    2    1    1    1    1    1    1    1    1  0.00000E+00 0.00000 
    3    3    1    1    1    1    1    1    1    1  0.00000E+00 0.00000 
    4    4    1    1    1    1    1    1    1    1  0.00000E+00 0.00000 
    5    5    1    1    1    1    1    1    1    1  0.00000E+00 0.00000 
    6    6    1    1    1    1    1    1    1    1  0.00000E+00 0.00000 
    7    7    1    1    1    1    1    1    1    1  2.23412E+07 1.00000 
    8    8    1    1    1    1    1    1    1    1  0.00000E+00 0.00000 
    9    9    1    1    1    1    1    1    1    1  8.28915E+07 0.55819 
   10   10    1    1    1    1    1    1    1    1  0.00000E+00 0.00000 
   11   11    1    1    1    1    1    1    1    1  1.64539E+08 0.69874 
   12   12    1    1    1    1    1    1    1    1  1.61330E+08 0.47354 
   13   13    1    1    1    1    1    1    1    1  1.91008E+09 0.29685 
   14   14    1    1    1    1    1    1    1    1  6.55917E+09 0.26871 
   15   15    1    1    1    1    1    1    1    1  9.95653E+09 0.21959 
   16   16    1    1    1    1    1    1    1    1  3.79277E+09 0.29286 
   17   17    1    1    1    1    1    1    1    1  7.17363E+09 0.15107 
   18   18    1    1    1    1    1    1    1    1  1.63139E+10 0.16191 
   19   19    1    1    1    1    1    1    1    1  1.96459E+10 0.12847 
   20   20    1    1    1    1    1    1    1    1  5.50828E+10 0.09397 
   21   21    1    1    1    1    1    1    1    1  3.98772E+10 0.06707 
   22   22    1    1    1    1    1    1    1    1  1.27451E+11 0.05528 
   23   23    1    1    1    1    1    1    1    1  1.88079E+11 0.04383 
   24   24    1    1    1    1    1    1    1    1  3.12384E+11 0.03542 
   25   25    1    1    1    1    1    1    1    1  4.59096E+11 0.04856 
   26   26    1    1    1    1    1    1    1    1  9.24494E+11 0.02959 
   27   27    1    1    1    1    1    1    1    1  1.90931E+12 0.01899 
   28   28    1    1    1    1    1    1    1    1  4.06962E+12 0.01467 
   29   29    1    1    1    1    1    1    1    1  5.61224E+12 0.01138 
   30   30    1    1    1    1    1    1    1    1  1.48964E+13 0.00691 
   31   31    1    1    1    1    1    1    1    1  3.59834E+13 0.00591 
   32   32    1    1    1    1    1    1    1    1  5.43217E+13 0.00445 
   33   33    1    1    1    1    1    1    1    1  1.06630E+14 0.00376 
   34   34    1    1    1    1    1    1    1    1  1.21796E+14 0.00332 
   35   35    1    1    1    1    1    1    1    1  1.74515E+14 0.00256 
   36   36    1    1    1    1    1    1    1    1  1.37080E+14 0.00339 
   37   37    1    1    1    1    1    1    1    1  4.32987E+13 0.00279 
   38   38    1    1    1    1    1    1    1    1  2.07781E+14 0.00268 
   39   39    1    1    1    1    1    1    1    1  2.55633E+14 0.00200 
   40   40    1    1    1    1    1    1    1    1  4.19600E+14 0.00174 
   41   41    1    1    1    1    1    1    1    1  4.06426E+14 0.00184 
   42   42    1    1    1    1    1    1    1    1  7.32203E+14 0.00198 
   43   43    1    1    1    1    1    1    1    1  7.98891E+14 0.00177 
   44   44    1    1    1    1    1    1    1    1  1.03364E+15 0.00222 
   45   45    1    1    1    1    1    1    1    1  1.82113E+15 0.00206 
   46   46    1    1    1    1    1    1    1    1  9.45264E+14 0.00256 
   47   47    1    1    1    1    1    1    1    1  1.36896E+15 0.00247 
   48   48    1    1    1    1    1    1    1    1  1.89503E+15 0.00262 
   49   49    1    1    1    1    1    1    1    1  1.72715E+15 0.00237 
   50   50    1    1    1    1    1    1    1    1  2.61992E+15 0.00230 
   51   51    1    1    1    1    1    1    1    1  2.06609E+15 0.00217 
   52   52    1    1    1    1    1    1    1    1  2.31466E+15 0.00222 
   53   53    1    1    1    1    1    1    1    1  1.64630E+15 0.00253 
   54   54    1    1    1    1    1    1    1    1  1.97208E+15 0.00213 
   55   55    1    1    1    1    1    1    1    1  1.39512E+15 0.00245 
   56   56    1    1    1    1    1    1    1    1  1.92316E+14 0.00286 
   57   57    1    1    1    1    1    1    1    1  2.70581E+15 0.00253 
   58   58    1    1    1    1    1    1    1    1  1.16781E+15 0.00228 
   59   59    1    1    1    1    1    1    1    1  1.27065E+15 0.00232 
   60   60    1    1    1    1    1    1    1    1  9.92008E+14 0.00257 
   61   61    1    1    1    1    1    1    1    1  9.91358E+14 0.00251 
   62   62    1    1    1    1    1    1    1    1  9.94864E+14 0.00263 
   63   63    1    1    1    1    1    1    1    1  8.24958E+14 0.00290 
   64   64    1    1    1    1    1    1    1    1  6.47567E+14 0.00230 
   65   65    1    1    1    1    1    1    1    1  6.36094E+14 0.00300 
   66   66    1    1    1    1    1    1    1    1  4.99772E+14 0.00259 
   67   67    1    1    1    1    1    1    1    1  4.11951E+14 0.00248 
   68   68    1    1    1    1    1    1    1    1  3.65752E+14 0.00248 
   69   69    1    1    1    1    1    1    1    1  4.42504E+14 0.00261 
   70   70    1    1    1    1    1    1    1    1  3.79389E+14 0.00250 
   71   71    1    1    1    1    1    1    1    1  7.13765E+14 0.00303 
   72   72    1    1    1    1    1    1    1    1  5.21113E+14 0.00292 
   73   73    1    1    1    1    1    1    1    1  3.99234E+14 0.00222 
   74   74    1    1    1    1    1    1    1    1  3.17800E+14 0.00274 
   75   75    1    1    1    1    1    1    1    1  2.57652E+14 0.00316 
   76   76    1    1    1    1    1    1    1    1  2.92189E+14 0.00325 
   77   77    1    1    1    1    1    1    1    1  2.25331E+14 0.00292 
   78   78    1    1    1    1    1    1    1    1  1.72909E+14 0.00311 
   79   79    1    1    1    1    1    1    1    1  1.77704E+14 0.00247 
   80   80    1    1    1    1    1    1    1    1  1.31308E+14 0.00357 
   81   81    1    1    1    1    1    1    1    1  1.01017E+14 0.00409 
   82   82    1    1    1    1    1    1    1    1  7.74782E+13 0.00341 
   83   83    1    1    1    1    1    1    1    1  7.30284E+13 0.00367 
   84   84    1    1    1    1    1    1    1    1  5.23030E+13 0.00410 
   85   85    1    1    1    1    1    1    1    1  3.76913E+13 0.00458 
   86   86    1    1    1    1    1    1    1    1  3.54386E+13 0.00506 
   87   87    1    1    1    1    1    1    1    1  2.19676E+13 0.00633 
   88   88    1    1    1    1    1    1    1    1  1.48297E+13 0.00647 
   89   89    1    1    1    1    1    1    1    1  8.55545E+12 0.01117 
   90   90    1    1    1    1    1    1    1    1  5.72892E+12 0.01055 
   91   91    1    1    1    1    1    1    1    1  2.86405E+12 0.01837 
   92   92    1    1    1    1    1    1    1    1  1.47471E+12 0.02251 
   93   93    1    1    1    1    1    1    1    1  6.80334E+11 0.03869 
   94   94    1    1    1    1    1    1    1    1  3.18906E+11 0.05727 
   95   95    1    1    1    1    1    1    1    1  1.62270E+11 0.05704 
   96   96    1    1    1    1    1    1    1    1  8.56028E+10 0.10738 
   97   97    1    1    1    1    1    1    1    1  4.19836E+10 0.11634 
   98   98    1    1    1    1    1    1    1    1  1.43997E+10 0.26445 
   99   99    1    1    1    1    1    1    1    1  7.41091E+09 0.50046 
  100  100    1    1    1    1    1    1    1    1  6.70115E+09 0.39304 
];


