
DETdpaspec = [
    1    1    1    1    1    1    1    1    1    1  0.00000E+00 0.00000 
    2    2    1    1    1    1    1    1    1    1  0.00000E+00 0.00000 
    3    3    1    1    1    1    1    1    1    1  0.00000E+00 0.00000 
    4    4    1    1    1    1    1    1    1    1  0.00000E+00 0.00000 
    5    5    1    1    1    1    1    1    1    1  0.00000E+00 0.00000 
    6    6    1    1    1    1    1    1    1    1  1.24540E+07 1.00000 
    7    7    1    1    1    1    1    1    1    1  4.81418E+07 0.54846 
    8    8    1    1    1    1    1    1    1    1  7.20737E+07 0.73089 
    9    9    1    1    1    1    1    1    1    1  4.23165E+07 0.71845 
   10   10    1    1    1    1    1    1    1    1  1.36702E+08 1.00000 
   11   11    1    1    1    1    1    1    1    1  5.72429E+07 1.00000 
   12   12    1    1    1    1    1    1    1    1  2.01426E+08 0.51722 
   13   13    1    1    1    1    1    1    1    1  1.18952E+09 0.29525 
   14   14    1    1    1    1    1    1    1    1  5.38313E+09 0.32874 
   15   15    1    1    1    1    1    1    1    1  5.32254E+09 0.36783 
   16   16    1    1    1    1    1    1    1    1  2.50926E+09 0.23920 
   17   17    1    1    1    1    1    1    1    1  3.25189E+09 0.21863 
   18   18    1    1    1    1    1    1    1    1  8.22463E+09 0.22575 
   19   19    1    1    1    1    1    1    1    1  1.19516E+10 0.19317 
   20   20    1    1    1    1    1    1    1    1  3.69748E+10 0.12006 
   21   21    1    1    1    1    1    1    1    1  2.51596E+10 0.13488 
   22   22    1    1    1    1    1    1    1    1  8.10765E+10 0.04876 
   23   23    1    1    1    1    1    1    1    1  1.31662E+11 0.07507 
   24   24    1    1    1    1    1    1    1    1  2.12770E+11 0.06498 
   25   25    1    1    1    1    1    1    1    1  2.55368E+11 0.03880 
   26   26    1    1    1    1    1    1    1    1  5.27086E+11 0.04205 
   27   27    1    1    1    1    1    1    1    1  1.09071E+12 0.02191 
   28   28    1    1    1    1    1    1    1    1  2.09855E+12 0.01558 
   29   29    1    1    1    1    1    1    1    1  2.81341E+12 0.01257 
   30   30    1    1    1    1    1    1    1    1  7.64894E+12 0.01075 
   31   31    1    1    1    1    1    1    1    1  1.76949E+13 0.00736 
   32   32    1    1    1    1    1    1    1    1  2.62476E+13 0.00682 
   33   33    1    1    1    1    1    1    1    1  5.05870E+13 0.00638 
   34   34    1    1    1    1    1    1    1    1  5.66250E+13 0.00620 
   35   35    1    1    1    1    1    1    1    1  8.22145E+13 0.00564 
   36   36    1    1    1    1    1    1    1    1  6.41402E+13 0.00507 
   37   37    1    1    1    1    1    1    1    1  2.03723E+13 0.00498 
   38   38    1    1    1    1    1    1    1    1  9.65692E+13 0.00485 
   39   39    1    1    1    1    1    1    1    1  1.18192E+14 0.00423 
   40   40    1    1    1    1    1    1    1    1  1.91824E+14 0.00400 
   41   41    1    1    1    1    1    1    1    1  1.86219E+14 0.00343 
   42   42    1    1    1    1    1    1    1    1  3.30903E+14 0.00376 
   43   43    1    1    1    1    1    1    1    1  3.59333E+14 0.00378 
   44   44    1    1    1    1    1    1    1    1  4.60840E+14 0.00386 
   45   45    1    1    1    1    1    1    1    1  7.99548E+14 0.00469 
   46   46    1    1    1    1    1    1    1    1  4.13201E+14 0.00480 
   47   47    1    1    1    1    1    1    1    1  5.98596E+14 0.00455 
   48   48    1    1    1    1    1    1    1    1  8.22156E+14 0.00443 
   49   49    1    1    1    1    1    1    1    1  7.51183E+14 0.00469 
   50   50    1    1    1    1    1    1    1    1  1.12685E+15 0.00479 
   51   51    1    1    1    1    1    1    1    1  8.90072E+14 0.00465 
   52   52    1    1    1    1    1    1    1    1  9.90109E+14 0.00496 
   53   53    1    1    1    1    1    1    1    1  7.03064E+14 0.00500 
   54   54    1    1    1    1    1    1    1    1  8.33305E+14 0.00508 
   55   55    1    1    1    1    1    1    1    1  5.90777E+14 0.00528 
   56   56    1    1    1    1    1    1    1    1  8.19186E+13 0.00519 
   57   57    1    1    1    1    1    1    1    1  1.14321E+15 0.00473 
   58   58    1    1    1    1    1    1    1    1  4.88776E+14 0.00444 
   59   59    1    1    1    1    1    1    1    1  5.31240E+14 0.00486 
   60   60    1    1    1    1    1    1    1    1  4.11259E+14 0.00532 
   61   61    1    1    1    1    1    1    1    1  4.10814E+14 0.00505 
   62   62    1    1    1    1    1    1    1    1  4.11715E+14 0.00498 
   63   63    1    1    1    1    1    1    1    1  3.39943E+14 0.00496 
   64   64    1    1    1    1    1    1    1    1  2.67032E+14 0.00554 
   65   65    1    1    1    1    1    1    1    1  2.61516E+14 0.00508 
   66   66    1    1    1    1    1    1    1    1  2.05622E+14 0.00555 
   67   67    1    1    1    1    1    1    1    1  1.70015E+14 0.00505 
   68   68    1    1    1    1    1    1    1    1  1.50309E+14 0.00500 
   69   69    1    1    1    1    1    1    1    1  1.81848E+14 0.00494 
   70   70    1    1    1    1    1    1    1    1  1.55512E+14 0.00513 
   71   71    1    1    1    1    1    1    1    1  2.94229E+14 0.00432 
   72   72    1    1    1    1    1    1    1    1  2.14937E+14 0.00601 
   73   73    1    1    1    1    1    1    1    1  1.64079E+14 0.00536 
   74   74    1    1    1    1    1    1    1    1  1.29833E+14 0.00640 
   75   75    1    1    1    1    1    1    1    1  1.05267E+14 0.00558 
   76   76    1    1    1    1    1    1    1    1  1.18759E+14 0.00551 
   77   77    1    1    1    1    1    1    1    1  9.08515E+13 0.00496 
   78   78    1    1    1    1    1    1    1    1  6.95038E+13 0.00612 
   79   79    1    1    1    1    1    1    1    1  7.08864E+13 0.00512 
   80   80    1    1    1    1    1    1    1    1  5.25440E+13 0.00689 
   81   81    1    1    1    1    1    1    1    1  4.01065E+13 0.00596 
   82   82    1    1    1    1    1    1    1    1  3.08670E+13 0.00813 
   83   83    1    1    1    1    1    1    1    1  2.88626E+13 0.00760 
   84   84    1    1    1    1    1    1    1    1  2.06542E+13 0.00879 
   85   85    1    1    1    1    1    1    1    1  1.49287E+13 0.01092 
   86   86    1    1    1    1    1    1    1    1  1.40367E+13 0.01034 
   87   87    1    1    1    1    1    1    1    1  8.74516E+12 0.00864 
   88   88    1    1    1    1    1    1    1    1  5.93248E+12 0.01238 
   89   89    1    1    1    1    1    1    1    1  3.32719E+12 0.02035 
   90   90    1    1    1    1    1    1    1    1  2.23660E+12 0.01982 
   91   91    1    1    1    1    1    1    1    1  1.17415E+12 0.02020 
   92   92    1    1    1    1    1    1    1    1  6.13516E+11 0.04505 
   93   93    1    1    1    1    1    1    1    1  2.67496E+11 0.04633 
   94   94    1    1    1    1    1    1    1    1  1.24228E+11 0.07447 
   95   95    1    1    1    1    1    1    1    1  6.45365E+10 0.12530 
   96   96    1    1    1    1    1    1    1    1  3.06010E+10 0.14364 
   97   97    1    1    1    1    1    1    1    1  1.45367E+10 0.26934 
   98   98    1    1    1    1    1    1    1    1  6.77766E+09 0.32295 
   99   99    1    1    1    1    1    1    1    1  6.43024E+09 0.45754 
  100  100    1    1    1    1    1    1    1    1  4.13443E+09 0.40081 
];


