
DETdpaspec = [
    1    1    1    1    1    1    1    1    1    1  0.00000E+00 0.00000 
    2    2    1    1    1    1    1    1    1    1  0.00000E+00 0.00000 
    3    3    1    1    1    1    1    1    1    1  0.00000E+00 0.00000 
    4    4    1    1    1    1    1    1    1    1  0.00000E+00 0.00000 
    5    5    1    1    1    1    1    1    1    1  1.09866E+07 1.00000 
    6    6    1    1    1    1    1    1    1    1  0.00000E+00 0.00000 
    7    7    1    1    1    1    1    1    1    1  0.00000E+00 0.00000 
    8    8    1    1    1    1    1    1    1    1  0.00000E+00 0.00000 
    9    9    1    1    1    1    1    1    1    1  0.00000E+00 0.00000 
   10   10    1    1    1    1    1    1    1    1  1.27217E+08 0.68826 
   11   11    1    1    1    1    1    1    1    1  1.74290E+08 0.72098 
   12   12    1    1    1    1    1    1    1    1  7.07366E+07 0.68566 
   13   13    1    1    1    1    1    1    1    1  2.28941E+09 0.62717 
   14   14    1    1    1    1    1    1    1    1  4.37434E+09 0.38906 
   15   15    1    1    1    1    1    1    1    1  2.09848E+09 0.45684 
   16   16    1    1    1    1    1    1    1    1  1.53734E+09 0.27981 
   17   17    1    1    1    1    1    1    1    1  4.38236E+09 0.25260 
   18   18    1    1    1    1    1    1    1    1  9.90936E+09 0.17221 
   19   19    1    1    1    1    1    1    1    1  1.18997E+10 0.19801 
   20   20    1    1    1    1    1    1    1    1  4.74913E+10 0.10821 
   21   21    1    1    1    1    1    1    1    1  2.82437E+10 0.14005 
   22   22    1    1    1    1    1    1    1    1  9.20076E+10 0.06411 
   23   23    1    1    1    1    1    1    1    1  1.26213E+11 0.06836 
   24   24    1    1    1    1    1    1    1    1  1.99835E+11 0.04409 
   25   25    1    1    1    1    1    1    1    1  2.93348E+11 0.05305 
   26   26    1    1    1    1    1    1    1    1  5.73479E+11 0.04158 
   27   27    1    1    1    1    1    1    1    1  1.17833E+12 0.01686 
   28   28    1    1    1    1    1    1    1    1  2.37552E+12 0.01277 
   29   29    1    1    1    1    1    1    1    1  3.14109E+12 0.01364 
   30   30    1    1    1    1    1    1    1    1  8.37777E+12 0.00865 
   31   31    1    1    1    1    1    1    1    1  1.93472E+13 0.00565 
   32   32    1    1    1    1    1    1    1    1  2.90577E+13 0.00585 
   33   33    1    1    1    1    1    1    1    1  5.61211E+13 0.00375 
   34   34    1    1    1    1    1    1    1    1  6.31905E+13 0.00421 
   35   35    1    1    1    1    1    1    1    1  9.14000E+13 0.00415 
   36   36    1    1    1    1    1    1    1    1  7.14557E+13 0.00394 
   37   37    1    1    1    1    1    1    1    1  2.27224E+13 0.00492 
   38   38    1    1    1    1    1    1    1    1  1.08052E+14 0.00390 
   39   39    1    1    1    1    1    1    1    1  1.31805E+14 0.00384 
   40   40    1    1    1    1    1    1    1    1  2.14161E+14 0.00400 
   41   41    1    1    1    1    1    1    1    1  2.08374E+14 0.00369 
   42   42    1    1    1    1    1    1    1    1  3.71335E+14 0.00349 
   43   43    1    1    1    1    1    1    1    1  4.02661E+14 0.00346 
   44   44    1    1    1    1    1    1    1    1  5.15859E+14 0.00305 
   45   45    1    1    1    1    1    1    1    1  9.02270E+14 0.00328 
   46   46    1    1    1    1    1    1    1    1  4.66899E+14 0.00360 
   47   47    1    1    1    1    1    1    1    1  6.75201E+14 0.00293 
   48   48    1    1    1    1    1    1    1    1  9.28431E+14 0.00309 
   49   49    1    1    1    1    1    1    1    1  8.42482E+14 0.00350 
   50   50    1    1    1    1    1    1    1    1  1.26779E+15 0.00358 
   51   51    1    1    1    1    1    1    1    1  1.00068E+15 0.00397 
   52   52    1    1    1    1    1    1    1    1  1.11405E+15 0.00367 
   53   53    1    1    1    1    1    1    1    1  7.90954E+14 0.00343 
   54   54    1    1    1    1    1    1    1    1  9.40391E+14 0.00314 
   55   55    1    1    1    1    1    1    1    1  6.65903E+14 0.00301 
   56   56    1    1    1    1    1    1    1    1  9.19397E+13 0.00323 
   57   57    1    1    1    1    1    1    1    1  1.28747E+15 0.00367 
   58   58    1    1    1    1    1    1    1    1  5.51416E+14 0.00391 
   59   59    1    1    1    1    1    1    1    1  6.01969E+14 0.00422 
   60   60    1    1    1    1    1    1    1    1  4.65647E+14 0.00429 
   61   61    1    1    1    1    1    1    1    1  4.65684E+14 0.00404 
   62   62    1    1    1    1    1    1    1    1  4.64913E+14 0.00382 
   63   63    1    1    1    1    1    1    1    1  3.85812E+14 0.00457 
   64   64    1    1    1    1    1    1    1    1  3.02126E+14 0.00385 
   65   65    1    1    1    1    1    1    1    1  2.94957E+14 0.00348 
   66   66    1    1    1    1    1    1    1    1  2.31755E+14 0.00368 
   67   67    1    1    1    1    1    1    1    1  1.90978E+14 0.00354 
   68   68    1    1    1    1    1    1    1    1  1.68828E+14 0.00326 
   69   69    1    1    1    1    1    1    1    1  2.05587E+14 0.00440 
   70   70    1    1    1    1    1    1    1    1  1.76227E+14 0.00453 
   71   71    1    1    1    1    1    1    1    1  3.32782E+14 0.00383 
   72   72    1    1    1    1    1    1    1    1  2.42323E+14 0.00404 
   73   73    1    1    1    1    1    1    1    1  1.85080E+14 0.00563 
   74   74    1    1    1    1    1    1    1    1  1.47077E+14 0.00472 
   75   75    1    1    1    1    1    1    1    1  1.18520E+14 0.00472 
   76   76    1    1    1    1    1    1    1    1  1.33844E+14 0.00446 
   77   77    1    1    1    1    1    1    1    1  1.02317E+14 0.00514 
   78   78    1    1    1    1    1    1    1    1  7.84727E+13 0.00567 
   79   79    1    1    1    1    1    1    1    1  8.03423E+13 0.00338 
   80   80    1    1    1    1    1    1    1    1  5.92430E+13 0.00589 
   81   81    1    1    1    1    1    1    1    1  4.59691E+13 0.00513 
   82   82    1    1    1    1    1    1    1    1  3.52047E+13 0.00467 
   83   83    1    1    1    1    1    1    1    1  3.26050E+13 0.00718 
   84   84    1    1    1    1    1    1    1    1  2.34537E+13 0.00749 
   85   85    1    1    1    1    1    1    1    1  1.70296E+13 0.00935 
   86   86    1    1    1    1    1    1    1    1  1.59292E+13 0.00860 
   87   87    1    1    1    1    1    1    1    1  9.92757E+12 0.01310 
   88   88    1    1    1    1    1    1    1    1  6.66945E+12 0.01280 
   89   89    1    1    1    1    1    1    1    1  3.78888E+12 0.01448 
   90   90    1    1    1    1    1    1    1    1  2.55564E+12 0.01908 
   91   91    1    1    1    1    1    1    1    1  1.30516E+12 0.02673 
   92   92    1    1    1    1    1    1    1    1  6.20453E+11 0.04606 
   93   93    1    1    1    1    1    1    1    1  2.94561E+11 0.05267 
   94   94    1    1    1    1    1    1    1    1  1.67250E+11 0.08664 
   95   95    1    1    1    1    1    1    1    1  7.95889E+10 0.09480 
   96   96    1    1    1    1    1    1    1    1  3.84681E+10 0.15389 
   97   97    1    1    1    1    1    1    1    1  1.69811E+10 0.17260 
   98   98    1    1    1    1    1    1    1    1  4.82523E+09 0.37015 
   99   99    1    1    1    1    1    1    1    1  4.80299E+09 0.44603 
  100  100    1    1    1    1    1    1    1    1  1.99723E+09 0.81267 
];


