
DETdpaspec = [
    1    1    1    1    1    1    1    1    1    1  0.00000E+00 0.00000 
    2    2    1    1    1    1    1    1    1    1  0.00000E+00 0.00000 
    3    3    1    1    1    1    1    1    1    1  0.00000E+00 0.00000 
    4    4    1    1    1    1    1    1    1    1  0.00000E+00 0.00000 
    5    5    1    1    1    1    1    1    1    1  0.00000E+00 0.00000 
    6    6    1    1    1    1    1    1    1    1  0.00000E+00 0.00000 
    7    7    1    1    1    1    1    1    1    1  1.63476E+07 1.00000 
    8    8    1    1    1    1    1    1    1    1  2.47198E+07 1.00000 
    9    9    1    1    1    1    1    1    1    1  0.00000E+00 0.00000 
   10   10    1    1    1    1    1    1    1    1  0.00000E+00 0.00000 
   11   11    1    1    1    1    1    1    1    1  1.81268E+08 0.76416 
   12   12    1    1    1    1    1    1    1    1  9.33079E+07 0.56932 
   13   13    1    1    1    1    1    1    1    1  2.05950E+09 0.47681 
   14   14    1    1    1    1    1    1    1    1  2.61566E+09 0.60061 
   15   15    1    1    1    1    1    1    1    1  6.06143E+09 0.35106 
   16   16    1    1    1    1    1    1    1    1  1.38931E+09 0.31138 
   17   17    1    1    1    1    1    1    1    1  4.29879E+09 0.31524 
   18   18    1    1    1    1    1    1    1    1  1.31170E+10 0.16558 
   19   19    1    1    1    1    1    1    1    1  1.12434E+10 0.14599 
   20   20    1    1    1    1    1    1    1    1  4.29928E+10 0.14514 
   21   21    1    1    1    1    1    1    1    1  3.18483E+10 0.11983 
   22   22    1    1    1    1    1    1    1    1  1.00051E+11 0.05456 
   23   23    1    1    1    1    1    1    1    1  1.29424E+11 0.05502 
   24   24    1    1    1    1    1    1    1    1  2.01419E+11 0.05272 
   25   25    1    1    1    1    1    1    1    1  2.92453E+11 0.04736 
   26   26    1    1    1    1    1    1    1    1  5.94597E+11 0.04198 
   27   27    1    1    1    1    1    1    1    1  1.24028E+12 0.02570 
   28   28    1    1    1    1    1    1    1    1  2.44930E+12 0.01760 
   29   29    1    1    1    1    1    1    1    1  3.23504E+12 0.01742 
   30   30    1    1    1    1    1    1    1    1  8.61994E+12 0.00874 
   31   31    1    1    1    1    1    1    1    1  2.05611E+13 0.00581 
   32   32    1    1    1    1    1    1    1    1  3.05510E+13 0.00588 
   33   33    1    1    1    1    1    1    1    1  5.87514E+13 0.00477 
   34   34    1    1    1    1    1    1    1    1  6.60927E+13 0.00518 
   35   35    1    1    1    1    1    1    1    1  9.54339E+13 0.00473 
   36   36    1    1    1    1    1    1    1    1  7.48357E+13 0.00425 
   37   37    1    1    1    1    1    1    1    1  2.37398E+13 0.00375 
   38   38    1    1    1    1    1    1    1    1  1.12981E+14 0.00343 
   39   39    1    1    1    1    1    1    1    1  1.38688E+14 0.00376 
   40   40    1    1    1    1    1    1    1    1  2.25200E+14 0.00331 
   41   41    1    1    1    1    1    1    1    1  2.19092E+14 0.00342 
   42   42    1    1    1    1    1    1    1    1  3.90840E+14 0.00335 
   43   43    1    1    1    1    1    1    1    1  4.24263E+14 0.00324 
   44   44    1    1    1    1    1    1    1    1  5.44383E+14 0.00303 
   45   45    1    1    1    1    1    1    1    1  9.49741E+14 0.00279 
   46   46    1    1    1    1    1    1    1    1  4.89632E+14 0.00288 
   47   47    1    1    1    1    1    1    1    1  7.09289E+14 0.00276 
   48   48    1    1    1    1    1    1    1    1  9.78243E+14 0.00243 
   49   49    1    1    1    1    1    1    1    1  8.90989E+14 0.00270 
   50   50    1    1    1    1    1    1    1    1  1.34006E+15 0.00285 
   51   51    1    1    1    1    1    1    1    1  1.05574E+15 0.00302 
   52   52    1    1    1    1    1    1    1    1  1.17501E+15 0.00308 
   53   53    1    1    1    1    1    1    1    1  8.33977E+14 0.00319 
   54   54    1    1    1    1    1    1    1    1  9.93171E+14 0.00275 
   55   55    1    1    1    1    1    1    1    1  7.03056E+14 0.00301 
   56   56    1    1    1    1    1    1    1    1  9.70722E+13 0.00373 
   57   57    1    1    1    1    1    1    1    1  1.35877E+15 0.00307 
   58   58    1    1    1    1    1    1    1    1  5.80015E+14 0.00319 
   59   59    1    1    1    1    1    1    1    1  6.31292E+14 0.00345 
   60   60    1    1    1    1    1    1    1    1  4.90892E+14 0.00354 
   61   61    1    1    1    1    1    1    1    1  4.89828E+14 0.00360 
   62   62    1    1    1    1    1    1    1    1  4.90513E+14 0.00337 
   63   63    1    1    1    1    1    1    1    1  4.05673E+14 0.00324 
   64   64    1    1    1    1    1    1    1    1  3.17568E+14 0.00369 
   65   65    1    1    1    1    1    1    1    1  3.11730E+14 0.00374 
   66   66    1    1    1    1    1    1    1    1  2.44394E+14 0.00401 
   67   67    1    1    1    1    1    1    1    1  2.01608E+14 0.00369 
   68   68    1    1    1    1    1    1    1    1  1.78477E+14 0.00312 
   69   69    1    1    1    1    1    1    1    1  2.16497E+14 0.00354 
   70   70    1    1    1    1    1    1    1    1  1.85785E+14 0.00361 
   71   71    1    1    1    1    1    1    1    1  3.50027E+14 0.00370 
   72   72    1    1    1    1    1    1    1    1  2.54151E+14 0.00339 
   73   73    1    1    1    1    1    1    1    1  1.94931E+14 0.00412 
   74   74    1    1    1    1    1    1    1    1  1.54784E+14 0.00374 
   75   75    1    1    1    1    1    1    1    1  1.24700E+14 0.00451 
   76   76    1    1    1    1    1    1    1    1  1.40892E+14 0.00393 
   77   77    1    1    1    1    1    1    1    1  1.08114E+14 0.00394 
   78   78    1    1    1    1    1    1    1    1  8.23508E+13 0.00460 
   79   79    1    1    1    1    1    1    1    1  8.44137E+13 0.00352 
   80   80    1    1    1    1    1    1    1    1  6.23301E+13 0.00442 
   81   81    1    1    1    1    1    1    1    1  4.79255E+13 0.00594 
   82   82    1    1    1    1    1    1    1    1  3.69766E+13 0.00597 
   83   83    1    1    1    1    1    1    1    1  3.44051E+13 0.00428 
   84   84    1    1    1    1    1    1    1    1  2.50771E+13 0.00521 
   85   85    1    1    1    1    1    1    1    1  1.77839E+13 0.00701 
   86   86    1    1    1    1    1    1    1    1  1.65447E+13 0.00887 
   87   87    1    1    1    1    1    1    1    1  1.04006E+13 0.00830 
   88   88    1    1    1    1    1    1    1    1  7.09917E+12 0.01138 
   89   89    1    1    1    1    1    1    1    1  4.00234E+12 0.01366 
   90   90    1    1    1    1    1    1    1    1  2.69409E+12 0.01755 
   91   91    1    1    1    1    1    1    1    1  1.35616E+12 0.02462 
   92   92    1    1    1    1    1    1    1    1  6.36352E+11 0.03354 
   93   93    1    1    1    1    1    1    1    1  3.43701E+11 0.05426 
   94   94    1    1    1    1    1    1    1    1  1.70698E+11 0.05148 
   95   95    1    1    1    1    1    1    1    1  7.62769E+10 0.10776 
   96   96    1    1    1    1    1    1    1    1  4.29492E+10 0.15288 
   97   97    1    1    1    1    1    1    1    1  9.02922E+09 0.23839 
   98   98    1    1    1    1    1    1    1    1  7.21241E+09 0.36096 
   99   99    1    1    1    1    1    1    1    1  1.97849E+09 0.48915 
  100  100    1    1    1    1    1    1    1    1  2.43067E+09 0.49433 
];


