
DETdpaspec = [
    1    1    1    1    1    1    1    1    1    1  0.00000E+00 0.00000 
    2    2    1    1    1    1    1    1    1    1  0.00000E+00 0.00000 
    3    3    1    1    1    1    1    1    1    1  0.00000E+00 0.00000 
    4    4    1    1    1    1    1    1    1    1  0.00000E+00 0.00000 
    5    5    1    1    1    1    1    1    1    1  2.65379E+07 1.00000 
    6    6    1    1    1    1    1    1    1    1  0.00000E+00 0.00000 
    7    7    1    1    1    1    1    1    1    1  0.00000E+00 0.00000 
    8    8    1    1    1    1    1    1    1    1  0.00000E+00 0.00000 
    9    9    1    1    1    1    1    1    1    1  1.28543E+07 1.00000 
   10   10    1    1    1    1    1    1    1    1  1.60970E+08 0.69143 
   11   11    1    1    1    1    1    1    1    1  4.67902E+08 0.48537 
   12   12    1    1    1    1    1    1    1    1  3.06119E+08 0.46360 
   13   13    1    1    1    1    1    1    1    1  7.00007E+09 0.34450 
   14   14    1    1    1    1    1    1    1    1  1.47697E+10 0.24013 
   15   15    1    1    1    1    1    1    1    1  1.21434E+10 0.24574 
   16   16    1    1    1    1    1    1    1    1  2.98090E+09 0.39568 
   17   17    1    1    1    1    1    1    1    1  9.21858E+09 0.20056 
   18   18    1    1    1    1    1    1    1    1  1.76107E+10 0.16752 
   19   19    1    1    1    1    1    1    1    1  2.22480E+10 0.14789 
   20   20    1    1    1    1    1    1    1    1  5.24484E+10 0.12709 
   21   21    1    1    1    1    1    1    1    1  5.65591E+10 0.10713 
   22   22    1    1    1    1    1    1    1    1  2.26737E+11 0.06692 
   23   23    1    1    1    1    1    1    1    1  7.62225E+11 0.03744 
   24   24    1    1    1    1    1    1    1    1  2.10126E+12 0.02357 
   25   25    1    1    1    1    1    1    1    1  3.58178E+12 0.01785 
   26   26    1    1    1    1    1    1    1    1  7.38097E+12 0.00977 
   27   27    1    1    1    1    1    1    1    1  1.45871E+13 0.00579 
   28   28    1    1    1    1    1    1    1    1  3.02557E+13 0.00566 
   29   29    1    1    1    1    1    1    1    1  4.57131E+13 0.00387 
   30   30    1    1    1    1    1    1    1    1  8.38820E+13 0.00293 
   31   31    1    1    1    1    1    1    1    1  1.72799E+14 0.00247 
   32   32    1    1    1    1    1    1    1    1  2.34628E+14 0.00224 
   33   33    1    1    1    1    1    1    1    1  4.28820E+14 0.00178 
   34   34    1    1    1    1    1    1    1    1  5.08643E+14 0.00165 
   35   35    1    1    1    1    1    1    1    1  5.97223E+14 0.00130 
   36   36    1    1    1    1    1    1    1    1  4.32360E+14 0.00123 
   37   37    1    1    1    1    1    1    1    1  1.28741E+14 0.00116 
   38   38    1    1    1    1    1    1    1    1  6.45111E+14 0.00104 
   39   39    1    1    1    1    1    1    1    1  7.84790E+14 0.00112 
   40   40    1    1    1    1    1    1    1    1  1.31719E+15 0.00092 
   41   41    1    1    1    1    1    1    1    1  1.20670E+15 0.00078 
   42   42    1    1    1    1    1    1    1    1  2.23423E+15 0.00071 
   43   43    1    1    1    1    1    1    1    1  2.43070E+15 0.00083 
   44   44    1    1    1    1    1    1    1    1  3.14020E+15 0.00081 
   45   45    1    1    1    1    1    1    1    1  5.60419E+15 0.00060 
   46   46    1    1    1    1    1    1    1    1  2.89957E+15 0.00065 
   47   47    1    1    1    1    1    1    1    1  4.11351E+15 0.00061 
   48   48    1    1    1    1    1    1    1    1  5.72302E+15 0.00048 
   49   49    1    1    1    1    1    1    1    1  5.11748E+15 0.00057 
   50   50    1    1    1    1    1    1    1    1  8.00273E+15 0.00047 
   51   51    1    1    1    1    1    1    1    1  6.16160E+15 0.00048 
   52   52    1    1    1    1    1    1    1    1  7.12673E+15 0.00050 
   53   53    1    1    1    1    1    1    1    1  5.04264E+15 0.00055 
   54   54    1    1    1    1    1    1    1    1  6.23142E+15 0.00046 
   55   55    1    1    1    1    1    1    1    1  4.39813E+15 0.00061 
   56   56    1    1    1    1    1    1    1    1  6.02906E+14 0.00090 
   57   57    1    1    1    1    1    1    1    1  8.51524E+15 0.00047 
   58   58    1    1    1    1    1    1    1    1  3.83545E+15 0.00059 
   59   59    1    1    1    1    1    1    1    1  4.12686E+15 0.00053 
   60   60    1    1    1    1    1    1    1    1  3.33642E+15 0.00055 
   61   61    1    1    1    1    1    1    1    1  3.32173E+15 0.00066 
   62   62    1    1    1    1    1    1    1    1  3.34768E+15 0.00086 
   63   63    1    1    1    1    1    1    1    1  2.81009E+15 0.00079 
   64   64    1    1    1    1    1    1    1    1  2.21596E+15 0.00082 
   65   65    1    1    1    1    1    1    1    1  2.17028E+15 0.00069 
   66   66    1    1    1    1    1    1    1    1  1.72180E+15 0.00072 
   67   67    1    1    1    1    1    1    1    1  1.40768E+15 0.00101 
   68   68    1    1    1    1    1    1    1    1  1.23895E+15 0.00076 
   69   69    1    1    1    1    1    1    1    1  1.50482E+15 0.00094 
   70   70    1    1    1    1    1    1    1    1  1.28493E+15 0.00109 
   71   71    1    1    1    1    1    1    1    1  2.35125E+15 0.00099 
   72   72    1    1    1    1    1    1    1    1  1.69516E+15 0.00109 
   73   73    1    1    1    1    1    1    1    1  1.30827E+15 0.00074 
   74   74    1    1    1    1    1    1    1    1  1.07235E+15 0.00096 
   75   75    1    1    1    1    1    1    1    1  8.92634E+14 0.00110 
   76   76    1    1    1    1    1    1    1    1  1.03719E+15 0.00128 
   77   77    1    1    1    1    1    1    1    1  8.23816E+14 0.00100 
   78   78    1    1    1    1    1    1    1    1  6.45578E+14 0.00114 
   79   79    1    1    1    1    1    1    1    1  6.69956E+14 0.00132 
   80   80    1    1    1    1    1    1    1    1  5.03147E+14 0.00114 
   81   81    1    1    1    1    1    1    1    1  3.89510E+14 0.00110 
   82   82    1    1    1    1    1    1    1    1  3.00762E+14 0.00159 
   83   83    1    1    1    1    1    1    1    1  2.81912E+14 0.00139 
   84   84    1    1    1    1    1    1    1    1  2.02418E+14 0.00228 
   85   85    1    1    1    1    1    1    1    1  1.45561E+14 0.00318 
   86   86    1    1    1    1    1    1    1    1  1.36549E+14 0.00198 
   87   87    1    1    1    1    1    1    1    1  8.39098E+13 0.00368 
   88   88    1    1    1    1    1    1    1    1  5.62884E+13 0.00468 
   89   89    1    1    1    1    1    1    1    1  3.20422E+13 0.00582 
   90   90    1    1    1    1    1    1    1    1  2.13496E+13 0.00569 
   91   91    1    1    1    1    1    1    1    1  1.05312E+13 0.00911 
   92   92    1    1    1    1    1    1    1    1  5.09338E+12 0.01435 
   93   93    1    1    1    1    1    1    1    1  2.47591E+12 0.01392 
   94   94    1    1    1    1    1    1    1    1  1.13260E+12 0.03314 
   95   95    1    1    1    1    1    1    1    1  6.01690E+11 0.02802 
   96   96    1    1    1    1    1    1    1    1  2.60718E+11 0.06700 
   97   97    1    1    1    1    1    1    1    1  1.09356E+11 0.08294 
   98   98    1    1    1    1    1    1    1    1  5.83921E+10 0.13531 
   99   99    1    1    1    1    1    1    1    1  2.11194E+10 0.17700 
  100  100    1    1    1    1    1    1    1    1  2.47288E+10 0.14863 
];


