
DETdpaspec = [
    1    1    1    1    1    1    1    1    1    1  0.00000E+00 0.00000 
    2    2    1    1    1    1    1    1    1    1  0.00000E+00 0.00000 
    3    3    1    1    1    1    1    1    1    1  0.00000E+00 0.00000 
    4    4    1    1    1    1    1    1    1    1  0.00000E+00 0.00000 
    5    5    1    1    1    1    1    1    1    1  0.00000E+00 0.00000 
    6    6    1    1    1    1    1    1    1    1  0.00000E+00 0.00000 
    7    7    1    1    1    1    1    1    1    1  4.82772E+07 0.69393 
    8    8    1    1    1    1    1    1    1    1  0.00000E+00 0.00000 
    9    9    1    1    1    1    1    1    1    1  3.27949E+07 1.00000 
   10   10    1    1    1    1    1    1    1    1  1.89884E+08 0.73739 
   11   11    1    1    1    1    1    1    1    1  2.37181E+08 0.78363 
   12   12    1    1    1    1    1    1    1    1  1.88770E+07 0.72149 
   13   13    1    1    1    1    1    1    1    1  2.21251E+09 0.33583 
   14   14    1    1    1    1    1    1    1    1  2.45248E+09 0.45624 
   15   15    1    1    1    1    1    1    1    1  4.29602E+09 0.43733 
   16   16    1    1    1    1    1    1    1    1  1.96993E+09 0.25853 
   17   17    1    1    1    1    1    1    1    1  3.37466E+09 0.26136 
   18   18    1    1    1    1    1    1    1    1  1.09899E+10 0.23180 
   19   19    1    1    1    1    1    1    1    1  1.67579E+10 0.11514 
   20   20    1    1    1    1    1    1    1    1  4.67962E+10 0.10029 
   21   21    1    1    1    1    1    1    1    1  3.69536E+10 0.09956 
   22   22    1    1    1    1    1    1    1    1  9.06000E+10 0.06762 
   23   23    1    1    1    1    1    1    1    1  1.19291E+11 0.06630 
   24   24    1    1    1    1    1    1    1    1  2.02676E+11 0.07004 
   25   25    1    1    1    1    1    1    1    1  2.97725E+11 0.03961 
   26   26    1    1    1    1    1    1    1    1  5.78291E+11 0.03320 
   27   27    1    1    1    1    1    1    1    1  1.12748E+12 0.03188 
   28   28    1    1    1    1    1    1    1    1  2.21706E+12 0.01845 
   29   29    1    1    1    1    1    1    1    1  2.92374E+12 0.01560 
   30   30    1    1    1    1    1    1    1    1  7.84552E+12 0.01071 
   31   31    1    1    1    1    1    1    1    1  1.82633E+13 0.00916 
   32   32    1    1    1    1    1    1    1    1  2.73525E+13 0.00755 
   33   33    1    1    1    1    1    1    1    1  5.24574E+13 0.00573 
   34   34    1    1    1    1    1    1    1    1  5.90507E+13 0.00530 
   35   35    1    1    1    1    1    1    1    1  8.58198E+13 0.00572 
   36   36    1    1    1    1    1    1    1    1  6.70686E+13 0.00491 
   37   37    1    1    1    1    1    1    1    1  2.13186E+13 0.00538 
   38   38    1    1    1    1    1    1    1    1  1.01072E+14 0.00545 
   39   39    1    1    1    1    1    1    1    1  1.23476E+14 0.00500 
   40   40    1    1    1    1    1    1    1    1  2.01331E+14 0.00407 
   41   41    1    1    1    1    1    1    1    1  1.94899E+14 0.00435 
   42   42    1    1    1    1    1    1    1    1  3.47425E+14 0.00404 
   43   43    1    1    1    1    1    1    1    1  3.78361E+14 0.00439 
   44   44    1    1    1    1    1    1    1    1  4.85437E+14 0.00456 
   45   45    1    1    1    1    1    1    1    1  8.43748E+14 0.00391 
   46   46    1    1    1    1    1    1    1    1  4.36736E+14 0.00429 
   47   47    1    1    1    1    1    1    1    1  6.33136E+14 0.00415 
   48   48    1    1    1    1    1    1    1    1  8.68043E+14 0.00425 
   49   49    1    1    1    1    1    1    1    1  7.92435E+14 0.00427 
   50   50    1    1    1    1    1    1    1    1  1.18683E+15 0.00448 
   51   51    1    1    1    1    1    1    1    1  9.35462E+14 0.00453 
   52   52    1    1    1    1    1    1    1    1  1.04202E+15 0.00462 
   53   53    1    1    1    1    1    1    1    1  7.40350E+14 0.00476 
   54   54    1    1    1    1    1    1    1    1  8.80753E+14 0.00486 
   55   55    1    1    1    1    1    1    1    1  6.22474E+14 0.00434 
   56   56    1    1    1    1    1    1    1    1  8.62107E+13 0.00441 
   57   57    1    1    1    1    1    1    1    1  1.20341E+15 0.00478 
   58   58    1    1    1    1    1    1    1    1  5.14753E+14 0.00504 
   59   59    1    1    1    1    1    1    1    1  5.60309E+14 0.00527 
   60   60    1    1    1    1    1    1    1    1  4.33880E+14 0.00556 
   61   61    1    1    1    1    1    1    1    1  4.34418E+14 0.00536 
   62   62    1    1    1    1    1    1    1    1  4.35644E+14 0.00552 
   63   63    1    1    1    1    1    1    1    1  3.58320E+14 0.00570 
   64   64    1    1    1    1    1    1    1    1  2.80441E+14 0.00483 
   65   65    1    1    1    1    1    1    1    1  2.74754E+14 0.00574 
   66   66    1    1    1    1    1    1    1    1  2.16658E+14 0.00530 
   67   67    1    1    1    1    1    1    1    1  1.78656E+14 0.00520 
   68   68    1    1    1    1    1    1    1    1  1.58792E+14 0.00532 
   69   69    1    1    1    1    1    1    1    1  1.92657E+14 0.00501 
   70   70    1    1    1    1    1    1    1    1  1.64879E+14 0.00566 
   71   71    1    1    1    1    1    1    1    1  3.10493E+14 0.00595 
   72   72    1    1    1    1    1    1    1    1  2.25393E+14 0.00540 
   73   73    1    1    1    1    1    1    1    1  1.73652E+14 0.00493 
   74   74    1    1    1    1    1    1    1    1  1.37566E+14 0.00676 
   75   75    1    1    1    1    1    1    1    1  1.10379E+14 0.00608 
   76   76    1    1    1    1    1    1    1    1  1.24710E+14 0.00608 
   77   77    1    1    1    1    1    1    1    1  9.53691E+13 0.00531 
   78   78    1    1    1    1    1    1    1    1  7.30169E+13 0.00638 
   79   79    1    1    1    1    1    1    1    1  7.44979E+13 0.00493 
   80   80    1    1    1    1    1    1    1    1  5.47698E+13 0.00633 
   81   81    1    1    1    1    1    1    1    1  4.22705E+13 0.00566 
   82   82    1    1    1    1    1    1    1    1  3.28730E+13 0.00574 
   83   83    1    1    1    1    1    1    1    1  3.05085E+13 0.00636 
   84   84    1    1    1    1    1    1    1    1  2.21120E+13 0.00781 
   85   85    1    1    1    1    1    1    1    1  1.57925E+13 0.01007 
   86   86    1    1    1    1    1    1    1    1  1.47050E+13 0.00726 
   87   87    1    1    1    1    1    1    1    1  9.36169E+12 0.01133 
   88   88    1    1    1    1    1    1    1    1  6.41014E+12 0.01304 
   89   89    1    1    1    1    1    1    1    1  3.54576E+12 0.01759 
   90   90    1    1    1    1    1    1    1    1  2.44455E+12 0.01481 
   91   91    1    1    1    1    1    1    1    1  1.20426E+12 0.01835 
   92   92    1    1    1    1    1    1    1    1  5.98358E+11 0.03219 
   93   93    1    1    1    1    1    1    1    1  2.77775E+11 0.05849 
   94   94    1    1    1    1    1    1    1    1  1.40167E+11 0.08057 
   95   95    1    1    1    1    1    1    1    1  7.43532E+10 0.11185 
   96   96    1    1    1    1    1    1    1    1  3.09750E+10 0.20939 
   97   97    1    1    1    1    1    1    1    1  1.99632E+10 0.26061 
   98   98    1    1    1    1    1    1    1    1  7.98142E+09 0.30612 
   99   99    1    1    1    1    1    1    1    1  2.03738E+09 0.64591 
  100  100    1    1    1    1    1    1    1    1  6.51501E+09 0.41337 
];


