
DETdpaspec = [
    1    1    1    1    1    1    1    1    1    1  0.00000E+00 0.00000 
    2    2    1    1    1    1    1    1    1    1  0.00000E+00 0.00000 
    3    3    1    1    1    1    1    1    1    1  0.00000E+00 0.00000 
    4    4    1    1    1    1    1    1    1    1  0.00000E+00 0.00000 
    5    5    1    1    1    1    1    1    1    1  1.06473E+07 1.00000 
    6    6    1    1    1    1    1    1    1    1  0.00000E+00 0.00000 
    7    7    1    1    1    1    1    1    1    1  2.30600E+07 1.00000 
    8    8    1    1    1    1    1    1    1    1  2.39932E+07 1.00000 
    9    9    1    1    1    1    1    1    1    1  0.00000E+00 0.00000 
   10   10    1    1    1    1    1    1    1    1  2.62577E+08 0.60608 
   11   11    1    1    1    1    1    1    1    1  5.55915E+08 0.44552 
   12   12    1    1    1    1    1    1    1    1  2.13869E+08 0.49182 
   13   13    1    1    1    1    1    1    1    1  2.18017E+09 0.29453 
   14   14    1    1    1    1    1    1    1    1  3.96287E+09 0.33537 
   15   15    1    1    1    1    1    1    1    1  6.73301E+09 0.32021 
   16   16    1    1    1    1    1    1    1    1  2.03730E+09 0.21810 
   17   17    1    1    1    1    1    1    1    1  4.49575E+09 0.24437 
   18   18    1    1    1    1    1    1    1    1  1.23471E+10 0.17849 
   19   19    1    1    1    1    1    1    1    1  1.49619E+10 0.15642 
   20   20    1    1    1    1    1    1    1    1  4.98408E+10 0.11219 
   21   21    1    1    1    1    1    1    1    1  3.72686E+10 0.08257 
   22   22    1    1    1    1    1    1    1    1  1.20040E+11 0.08289 
   23   23    1    1    1    1    1    1    1    1  1.48708E+11 0.04942 
   24   24    1    1    1    1    1    1    1    1  2.59403E+11 0.04191 
   25   25    1    1    1    1    1    1    1    1  3.28451E+11 0.04294 
   26   26    1    1    1    1    1    1    1    1  6.30646E+11 0.03310 
   27   27    1    1    1    1    1    1    1    1  1.25954E+12 0.02585 
   28   28    1    1    1    1    1    1    1    1  2.39279E+12 0.02132 
   29   29    1    1    1    1    1    1    1    1  3.08479E+12 0.01446 
   30   30    1    1    1    1    1    1    1    1  8.29861E+12 0.01365 
   31   31    1    1    1    1    1    1    1    1  1.88146E+13 0.01067 
   32   32    1    1    1    1    1    1    1    1  2.80336E+13 0.01018 
   33   33    1    1    1    1    1    1    1    1  5.31090E+13 0.00791 
   34   34    1    1    1    1    1    1    1    1  5.91872E+13 0.00755 
   35   35    1    1    1    1    1    1    1    1  8.64466E+13 0.00715 
   36   36    1    1    1    1    1    1    1    1  6.76797E+13 0.00585 
   37   37    1    1    1    1    1    1    1    1  2.14521E+13 0.00613 
   38   38    1    1    1    1    1    1    1    1  1.01403E+14 0.00635 
   39   39    1    1    1    1    1    1    1    1  1.23493E+14 0.00642 
   40   40    1    1    1    1    1    1    1    1  1.99612E+14 0.00649 
   41   41    1    1    1    1    1    1    1    1  1.94213E+14 0.00634 
   42   42    1    1    1    1    1    1    1    1  3.44127E+14 0.00717 
   43   43    1    1    1    1    1    1    1    1  3.72889E+14 0.00691 
   44   44    1    1    1    1    1    1    1    1  4.78531E+14 0.00651 
   45   45    1    1    1    1    1    1    1    1  8.31005E+14 0.00684 
   46   46    1    1    1    1    1    1    1    1  4.29886E+14 0.00720 
   47   47    1    1    1    1    1    1    1    1  6.23252E+14 0.00722 
   48   48    1    1    1    1    1    1    1    1  8.58026E+14 0.00720 
   49   49    1    1    1    1    1    1    1    1  7.82762E+14 0.00707 
   50   50    1    1    1    1    1    1    1    1  1.17434E+15 0.00727 
   51   51    1    1    1    1    1    1    1    1  9.33328E+14 0.00694 
   52   52    1    1    1    1    1    1    1    1  1.03699E+15 0.00711 
   53   53    1    1    1    1    1    1    1    1  7.38953E+14 0.00725 
   54   54    1    1    1    1    1    1    1    1  8.78181E+14 0.00720 
   55   55    1    1    1    1    1    1    1    1  6.22522E+14 0.00692 
   56   56    1    1    1    1    1    1    1    1  8.63317E+13 0.00730 
   57   57    1    1    1    1    1    1    1    1  1.20721E+15 0.00773 
   58   58    1    1    1    1    1    1    1    1  5.16059E+14 0.00755 
   59   59    1    1    1    1    1    1    1    1  5.62765E+14 0.00836 
   60   60    1    1    1    1    1    1    1    1  4.36365E+14 0.00811 
   61   61    1    1    1    1    1    1    1    1  4.36992E+14 0.00776 
   62   62    1    1    1    1    1    1    1    1  4.35899E+14 0.00791 
   63   63    1    1    1    1    1    1    1    1  3.61999E+14 0.00790 
   64   64    1    1    1    1    1    1    1    1  2.82816E+14 0.00764 
   65   65    1    1    1    1    1    1    1    1  2.77363E+14 0.00762 
   66   66    1    1    1    1    1    1    1    1  2.19104E+14 0.00794 
   67   67    1    1    1    1    1    1    1    1  1.80676E+14 0.00808 
   68   68    1    1    1    1    1    1    1    1  1.60688E+14 0.00791 
   69   69    1    1    1    1    1    1    1    1  1.94318E+14 0.00872 
   70   70    1    1    1    1    1    1    1    1  1.66475E+14 0.00845 
   71   71    1    1    1    1    1    1    1    1  3.15935E+14 0.00865 
   72   72    1    1    1    1    1    1    1    1  2.29395E+14 0.00832 
   73   73    1    1    1    1    1    1    1    1  1.76835E+14 0.00877 
   74   74    1    1    1    1    1    1    1    1  1.39801E+14 0.00809 
   75   75    1    1    1    1    1    1    1    1  1.13160E+14 0.00708 
   76   76    1    1    1    1    1    1    1    1  1.26710E+14 0.00892 
   77   77    1    1    1    1    1    1    1    1  9.67913E+13 0.00809 
   78   78    1    1    1    1    1    1    1    1  7.42991E+13 0.00928 
   79   79    1    1    1    1    1    1    1    1  7.55990E+13 0.00871 
   80   80    1    1    1    1    1    1    1    1  5.62658E+13 0.00867 
   81   81    1    1    1    1    1    1    1    1  4.33239E+13 0.00908 
   82   82    1    1    1    1    1    1    1    1  3.30449E+13 0.00834 
   83   83    1    1    1    1    1    1    1    1  3.07583E+13 0.00964 
   84   84    1    1    1    1    1    1    1    1  2.22519E+13 0.01033 
   85   85    1    1    1    1    1    1    1    1  1.58766E+13 0.01058 
   86   86    1    1    1    1    1    1    1    1  1.46873E+13 0.00854 
   87   87    1    1    1    1    1    1    1    1  9.49657E+12 0.01219 
   88   88    1    1    1    1    1    1    1    1  6.34069E+12 0.01518 
   89   89    1    1    1    1    1    1    1    1  3.61731E+12 0.01730 
   90   90    1    1    1    1    1    1    1    1  2.40929E+12 0.02676 
   91   91    1    1    1    1    1    1    1    1  1.24456E+12 0.03132 
   92   92    1    1    1    1    1    1    1    1  6.23689E+11 0.04343 
   93   93    1    1    1    1    1    1    1    1  3.06044E+11 0.05339 
   94   94    1    1    1    1    1    1    1    1  1.44467E+11 0.06146 
   95   95    1    1    1    1    1    1    1    1  5.92155E+10 0.11333 
   96   96    1    1    1    1    1    1    1    1  3.05320E+10 0.19166 
   97   97    1    1    1    1    1    1    1    1  1.63277E+10 0.26969 
   98   98    1    1    1    1    1    1    1    1  4.39243E+09 0.57352 
   99   99    1    1    1    1    1    1    1    1  1.22879E+09 0.72469 
  100  100    1    1    1    1    1    1    1    1  4.15160E+09 0.55414 
];


