
DETdpaspec = [
    1    1    1    1    1    1    1    1    1    1  0.00000E+00 0.00000 
    2    2    1    1    1    1    1    1    1    1  0.00000E+00 0.00000 
    3    3    1    1    1    1    1    1    1    1  0.00000E+00 0.00000 
    4    4    1    1    1    1    1    1    1    1  0.00000E+00 0.00000 
    5    5    1    1    1    1    1    1    1    1  0.00000E+00 0.00000 
    6    6    1    1    1    1    1    1    1    1  0.00000E+00 0.00000 
    7    7    1    1    1    1    1    1    1    1  1.98669E+07 1.00000 
    8    8    1    1    1    1    1    1    1    1  2.01677E+07 1.00000 
    9    9    1    1    1    1    1    1    1    1  1.38384E+07 1.00000 
   10   10    1    1    1    1    1    1    1    1  1.70839E+08 0.70494 
   11   11    1    1    1    1    1    1    1    1  3.36624E+08 0.50157 
   12   12    1    1    1    1    1    1    1    1  8.43484E+07 0.75359 
   13   13    1    1    1    1    1    1    1    1  5.62234E+08 0.37633 
   14   14    1    1    1    1    1    1    1    1  1.45983E+09 0.43503 
   15   15    1    1    1    1    1    1    1    1  4.08586E+09 0.27905 
   16   16    1    1    1    1    1    1    1    1  1.59472E+09 0.36126 
   17   17    1    1    1    1    1    1    1    1  4.07579E+09 0.22622 
   18   18    1    1    1    1    1    1    1    1  1.47731E+10 0.16903 
   19   19    1    1    1    1    1    1    1    1  1.53863E+10 0.17111 
   20   20    1    1    1    1    1    1    1    1  4.77281E+10 0.13104 
   21   21    1    1    1    1    1    1    1    1  4.05012E+10 0.08929 
   22   22    1    1    1    1    1    1    1    1  9.05713E+10 0.06825 
   23   23    1    1    1    1    1    1    1    1  1.28729E+11 0.04190 
   24   24    1    1    1    1    1    1    1    1  1.98107E+11 0.05548 
   25   25    1    1    1    1    1    1    1    1  2.99935E+11 0.03822 
   26   26    1    1    1    1    1    1    1    1  5.66286E+11 0.03549 
   27   27    1    1    1    1    1    1    1    1  1.13715E+12 0.02411 
   28   28    1    1    1    1    1    1    1    1  2.24179E+12 0.02008 
   29   29    1    1    1    1    1    1    1    1  2.81001E+12 0.01238 
   30   30    1    1    1    1    1    1    1    1  7.67156E+12 0.01139 
   31   31    1    1    1    1    1    1    1    1  1.77829E+13 0.00868 
   32   32    1    1    1    1    1    1    1    1  2.65296E+13 0.01012 
   33   33    1    1    1    1    1    1    1    1  5.03511E+13 0.00811 
   34   34    1    1    1    1    1    1    1    1  5.62486E+13 0.00702 
   35   35    1    1    1    1    1    1    1    1  8.16274E+13 0.00710 
   36   36    1    1    1    1    1    1    1    1  6.35888E+13 0.00762 
   37   37    1    1    1    1    1    1    1    1  2.02023E+13 0.00718 
   38   38    1    1    1    1    1    1    1    1  9.54620E+13 0.00649 
   39   39    1    1    1    1    1    1    1    1  1.16480E+14 0.00607 
   40   40    1    1    1    1    1    1    1    1  1.89251E+14 0.00585 
   41   41    1    1    1    1    1    1    1    1  1.83698E+14 0.00588 
   42   42    1    1    1    1    1    1    1    1  3.26029E+14 0.00669 
   43   43    1    1    1    1    1    1    1    1  3.52723E+14 0.00612 
   44   44    1    1    1    1    1    1    1    1  4.51790E+14 0.00609 
   45   45    1    1    1    1    1    1    1    1  7.86741E+14 0.00603 
   46   46    1    1    1    1    1    1    1    1  4.05879E+14 0.00660 
   47   47    1    1    1    1    1    1    1    1  5.87976E+14 0.00611 
   48   48    1    1    1    1    1    1    1    1  8.08908E+14 0.00617 
   49   49    1    1    1    1    1    1    1    1  7.37249E+14 0.00609 
   50   50    1    1    1    1    1    1    1    1  1.10744E+15 0.00650 
   51   51    1    1    1    1    1    1    1    1  8.75445E+14 0.00678 
   52   52    1    1    1    1    1    1    1    1  9.72541E+14 0.00675 
   53   53    1    1    1    1    1    1    1    1  6.92000E+14 0.00660 
   54   54    1    1    1    1    1    1    1    1  8.22528E+14 0.00694 
   55   55    1    1    1    1    1    1    1    1  5.82910E+14 0.00736 
   56   56    1    1    1    1    1    1    1    1  8.07377E+13 0.00763 
   57   57    1    1    1    1    1    1    1    1  1.12877E+15 0.00716 
   58   58    1    1    1    1    1    1    1    1  4.80880E+14 0.00720 
   59   59    1    1    1    1    1    1    1    1  5.26699E+14 0.00769 
   60   60    1    1    1    1    1    1    1    1  4.06868E+14 0.00750 
   61   61    1    1    1    1    1    1    1    1  4.07562E+14 0.00830 
   62   62    1    1    1    1    1    1    1    1  4.06457E+14 0.00774 
   63   63    1    1    1    1    1    1    1    1  3.36610E+14 0.00865 
   64   64    1    1    1    1    1    1    1    1  2.63603E+14 0.00842 
   65   65    1    1    1    1    1    1    1    1  2.59658E+14 0.00810 
   66   66    1    1    1    1    1    1    1    1  2.04273E+14 0.00779 
   67   67    1    1    1    1    1    1    1    1  1.68501E+14 0.00855 
   68   68    1    1    1    1    1    1    1    1  1.48414E+14 0.00838 
   69   69    1    1    1    1    1    1    1    1  1.79872E+14 0.00789 
   70   70    1    1    1    1    1    1    1    1  1.55358E+14 0.00754 
   71   71    1    1    1    1    1    1    1    1  2.93570E+14 0.00822 
   72   72    1    1    1    1    1    1    1    1  2.13260E+14 0.00829 
   73   73    1    1    1    1    1    1    1    1  1.63991E+14 0.00790 
   74   74    1    1    1    1    1    1    1    1  1.29968E+14 0.00839 
   75   75    1    1    1    1    1    1    1    1  1.04519E+14 0.00853 
   76   76    1    1    1    1    1    1    1    1  1.17783E+14 0.01025 
   77   77    1    1    1    1    1    1    1    1  9.05752E+13 0.00971 
   78   78    1    1    1    1    1    1    1    1  6.89318E+13 0.01067 
   79   79    1    1    1    1    1    1    1    1  7.03505E+13 0.00627 
   80   80    1    1    1    1    1    1    1    1  5.18140E+13 0.00849 
   81   81    1    1    1    1    1    1    1    1  3.98296E+13 0.00987 
   82   82    1    1    1    1    1    1    1    1  3.05454E+13 0.01095 
   83   83    1    1    1    1    1    1    1    1  2.87169E+13 0.01051 
   84   84    1    1    1    1    1    1    1    1  2.04726E+13 0.01092 
   85   85    1    1    1    1    1    1    1    1  1.46412E+13 0.01212 
   86   86    1    1    1    1    1    1    1    1  1.37871E+13 0.01273 
   87   87    1    1    1    1    1    1    1    1  8.73629E+12 0.01110 
   88   88    1    1    1    1    1    1    1    1  5.82429E+12 0.01676 
   89   89    1    1    1    1    1    1    1    1  3.34032E+12 0.01765 
   90   90    1    1    1    1    1    1    1    1  2.18610E+12 0.02054 
   91   91    1    1    1    1    1    1    1    1  1.14819E+12 0.02397 
   92   92    1    1    1    1    1    1    1    1  6.01699E+11 0.04944 
   93   93    1    1    1    1    1    1    1    1  2.86838E+11 0.05330 
   94   94    1    1    1    1    1    1    1    1  1.25012E+11 0.11175 
   95   95    1    1    1    1    1    1    1    1  6.67821E+10 0.09311 
   96   96    1    1    1    1    1    1    1    1  2.76085E+10 0.19239 
   97   97    1    1    1    1    1    1    1    1  1.05955E+10 0.34331 
   98   98    1    1    1    1    1    1    1    1  4.41214E+09 0.36401 
   99   99    1    1    1    1    1    1    1    1  0.00000E+00 0.00000 
  100  100    1    1    1    1    1    1    1    1  2.88068E+09 0.43484 
];


