
DETdpaspec = [
    1    1    1    1    1    1    1    1    1    1  0.00000E+00 0.00000 
    2    2    1    1    1    1    1    1    1    1  0.00000E+00 0.00000 
    3    3    1    1    1    1    1    1    1    1  0.00000E+00 0.00000 
    4    4    1    1    1    1    1    1    1    1  1.21007E+07 1.00000 
    5    5    1    1    1    1    1    1    1    1  0.00000E+00 0.00000 
    6    6    1    1    1    1    1    1    1    1  0.00000E+00 0.00000 
    7    7    1    1    1    1    1    1    1    1  0.00000E+00 0.00000 
    8    8    1    1    1    1    1    1    1    1  0.00000E+00 0.00000 
    9    9    1    1    1    1    1    1    1    1  0.00000E+00 0.00000 
   10   10    1    1    1    1    1    1    1    1  4.11177E+08 0.51036 
   11   11    1    1    1    1    1    1    1    1  7.78950E+08 0.41215 
   12   12    1    1    1    1    1    1    1    1  2.06246E+08 0.51895 
   13   13    1    1    1    1    1    1    1    1  1.56122E+09 0.57454 
   14   14    1    1    1    1    1    1    1    1  3.54727E+09 0.33019 
   15   15    1    1    1    1    1    1    1    1  5.67329E+09 0.32901 
   16   16    1    1    1    1    1    1    1    1  3.00523E+09 0.34837 
   17   17    1    1    1    1    1    1    1    1  6.14221E+09 0.20422 
   18   18    1    1    1    1    1    1    1    1  1.52431E+10 0.18069 
   19   19    1    1    1    1    1    1    1    1  1.75830E+10 0.14932 
   20   20    1    1    1    1    1    1    1    1  5.34013E+10 0.09948 
   21   21    1    1    1    1    1    1    1    1  4.44989E+10 0.07933 
   22   22    1    1    1    1    1    1    1    1  1.20475E+11 0.07680 
   23   23    1    1    1    1    1    1    1    1  1.69246E+11 0.05285 
   24   24    1    1    1    1    1    1    1    1  2.91913E+11 0.04038 
   25   25    1    1    1    1    1    1    1    1  3.84141E+11 0.03814 
   26   26    1    1    1    1    1    1    1    1  7.43541E+11 0.02766 
   27   27    1    1    1    1    1    1    1    1  1.61294E+12 0.02252 
   28   28    1    1    1    1    1    1    1    1  3.36343E+12 0.01457 
   29   29    1    1    1    1    1    1    1    1  4.58375E+12 0.01380 
   30   30    1    1    1    1    1    1    1    1  1.21920E+13 0.00886 
   31   31    1    1    1    1    1    1    1    1  2.85557E+13 0.00530 
   32   32    1    1    1    1    1    1    1    1  4.29890E+13 0.00451 
   33   33    1    1    1    1    1    1    1    1  8.32922E+13 0.00337 
   34   34    1    1    1    1    1    1    1    1  9.46912E+13 0.00371 
   35   35    1    1    1    1    1    1    1    1  1.37170E+14 0.00241 
   36   36    1    1    1    1    1    1    1    1  1.07451E+14 0.00247 
   37   37    1    1    1    1    1    1    1    1  3.40245E+13 0.00263 
   38   38    1    1    1    1    1    1    1    1  1.62989E+14 0.00249 
   39   39    1    1    1    1    1    1    1    1  2.00173E+14 0.00247 
   40   40    1    1    1    1    1    1    1    1  3.28056E+14 0.00253 
   41   41    1    1    1    1    1    1    1    1  3.18883E+14 0.00238 
   42   42    1    1    1    1    1    1    1    1  5.72076E+14 0.00244 
   43   43    1    1    1    1    1    1    1    1  6.23169E+14 0.00206 
   44   44    1    1    1    1    1    1    1    1  8.01766E+14 0.00162 
   45   45    1    1    1    1    1    1    1    1  1.40806E+15 0.00189 
   46   46    1    1    1    1    1    1    1    1  7.28357E+14 0.00184 
   47   47    1    1    1    1    1    1    1    1  1.05643E+15 0.00190 
   48   48    1    1    1    1    1    1    1    1  1.45590E+15 0.00194 
   49   49    1    1    1    1    1    1    1    1  1.32690E+15 0.00212 
   50   50    1    1    1    1    1    1    1    1  2.00538E+15 0.00195 
   51   51    1    1    1    1    1    1    1    1  1.58142E+15 0.00196 
   52   52    1    1    1    1    1    1    1    1  1.76730E+15 0.00192 
   53   53    1    1    1    1    1    1    1    1  1.25440E+15 0.00193 
   54   54    1    1    1    1    1    1    1    1  1.49748E+15 0.00191 
   55   55    1    1    1    1    1    1    1    1  1.06036E+15 0.00212 
   56   56    1    1    1    1    1    1    1    1  1.46048E+14 0.00275 
   57   57    1    1    1    1    1    1    1    1  2.05215E+15 0.00180 
   58   58    1    1    1    1    1    1    1    1  8.81136E+14 0.00192 
   59   59    1    1    1    1    1    1    1    1  9.61157E+14 0.00206 
   60   60    1    1    1    1    1    1    1    1  7.47011E+14 0.00180 
   61   61    1    1    1    1    1    1    1    1  7.46614E+14 0.00203 
   62   62    1    1    1    1    1    1    1    1  7.48092E+14 0.00228 
   63   63    1    1    1    1    1    1    1    1  6.18514E+14 0.00198 
   64   64    1    1    1    1    1    1    1    1  4.85489E+14 0.00208 
   65   65    1    1    1    1    1    1    1    1  4.74319E+14 0.00221 
   66   66    1    1    1    1    1    1    1    1  3.74511E+14 0.00217 
   67   67    1    1    1    1    1    1    1    1  3.08730E+14 0.00237 
   68   68    1    1    1    1    1    1    1    1  2.73433E+14 0.00245 
   69   69    1    1    1    1    1    1    1    1  3.32042E+14 0.00276 
   70   70    1    1    1    1    1    1    1    1  2.84899E+14 0.00268 
   71   71    1    1    1    1    1    1    1    1  5.35421E+14 0.00209 
   72   72    1    1    1    1    1    1    1    1  3.89811E+14 0.00232 
   73   73    1    1    1    1    1    1    1    1  2.98412E+14 0.00345 
   74   74    1    1    1    1    1    1    1    1  2.38094E+14 0.00247 
   75   75    1    1    1    1    1    1    1    1  1.92973E+14 0.00314 
   76   76    1    1    1    1    1    1    1    1  2.17700E+14 0.00198 
   77   77    1    1    1    1    1    1    1    1  1.67369E+14 0.00310 
   78   78    1    1    1    1    1    1    1    1  1.27956E+14 0.00339 
   79   79    1    1    1    1    1    1    1    1  1.31440E+14 0.00365 
   80   80    1    1    1    1    1    1    1    1  9.74287E+13 0.00381 
   81   81    1    1    1    1    1    1    1    1  7.48730E+13 0.00320 
   82   82    1    1    1    1    1    1    1    1  5.75613E+13 0.00548 
   83   83    1    1    1    1    1    1    1    1  5.37100E+13 0.00539 
   84   84    1    1    1    1    1    1    1    1  3.86512E+13 0.00489 
   85   85    1    1    1    1    1    1    1    1  2.77194E+13 0.00445 
   86   86    1    1    1    1    1    1    1    1  2.59592E+13 0.00795 
   87   87    1    1    1    1    1    1    1    1  1.62989E+13 0.00838 
   88   88    1    1    1    1    1    1    1    1  1.09943E+13 0.00724 
   89   89    1    1    1    1    1    1    1    1  6.35176E+12 0.01144 
   90   90    1    1    1    1    1    1    1    1  4.18579E+12 0.01247 
   91   91    1    1    1    1    1    1    1    1  2.09903E+12 0.02390 
   92   92    1    1    1    1    1    1    1    1  1.03589E+12 0.02597 
   93   93    1    1    1    1    1    1    1    1  4.98957E+11 0.04778 
   94   94    1    1    1    1    1    1    1    1  2.26236E+11 0.05639 
   95   95    1    1    1    1    1    1    1    1  9.92960E+10 0.09703 
   96   96    1    1    1    1    1    1    1    1  6.32788E+10 0.13391 
   97   97    1    1    1    1    1    1    1    1  2.80781E+10 0.19756 
   98   98    1    1    1    1    1    1    1    1  2.43541E+10 0.33332 
   99   99    1    1    1    1    1    1    1    1  5.93699E+09 0.38909 
  100  100    1    1    1    1    1    1    1    1  2.87556E+09 0.73251 
];


