
DETdpaspec = [
    1    1    1    1    1    1    1    1    1    1  0.00000E+00 0.00000 
    2    2    1    1    1    1    1    1    1    1  0.00000E+00 0.00000 
    3    3    1    1    1    1    1    1    1    1  0.00000E+00 0.00000 
    4    4    1    1    1    1    1    1    1    1  0.00000E+00 0.00000 
    5    5    1    1    1    1    1    1    1    1  1.21282E+07 1.00000 
    6    6    1    1    1    1    1    1    1    1  0.00000E+00 0.00000 
    7    7    1    1    1    1    1    1    1    1  1.31242E+07 1.00000 
    8    8    1    1    1    1    1    1    1    1  0.00000E+00 0.00000 
    9    9    1    1    1    1    1    1    1    1  0.00000E+00 0.00000 
   10   10    1    1    1    1    1    1    1    1  6.39650E+07 1.00000 
   11   11    1    1    1    1    1    1    1    1  4.11922E+08 0.59212 
   12   12    1    1    1    1    1    1    1    1  1.16129E+08 0.73932 
   13   13    1    1    1    1    1    1    1    1  1.77052E+09 0.40417 
   14   14    1    1    1    1    1    1    1    1  4.76165E+09 0.38086 
   15   15    1    1    1    1    1    1    1    1  6.44962E+09 0.27454 
   16   16    1    1    1    1    1    1    1    1  1.46399E+09 0.37581 
   17   17    1    1    1    1    1    1    1    1  2.82143E+09 0.25385 
   18   18    1    1    1    1    1    1    1    1  8.03156E+09 0.22873 
   19   19    1    1    1    1    1    1    1    1  1.47804E+10 0.15781 
   20   20    1    1    1    1    1    1    1    1  4.81571E+10 0.12962 
   21   21    1    1    1    1    1    1    1    1  3.37399E+10 0.09864 
   22   22    1    1    1    1    1    1    1    1  8.96473E+10 0.06151 
   23   23    1    1    1    1    1    1    1    1  1.37323E+11 0.06039 
   24   24    1    1    1    1    1    1    1    1  2.30543E+11 0.04424 
   25   25    1    1    1    1    1    1    1    1  3.01564E+11 0.04222 
   26   26    1    1    1    1    1    1    1    1  5.79865E+11 0.03154 
   27   27    1    1    1    1    1    1    1    1  1.14401E+12 0.02789 
   28   28    1    1    1    1    1    1    1    1  2.21461E+12 0.01754 
   29   29    1    1    1    1    1    1    1    1  2.88068E+12 0.01665 
   30   30    1    1    1    1    1    1    1    1  7.75117E+12 0.01767 
   31   31    1    1    1    1    1    1    1    1  1.78580E+13 0.01212 
   32   32    1    1    1    1    1    1    1    1  2.66158E+13 0.00781 
   33   33    1    1    1    1    1    1    1    1  5.09519E+13 0.00642 
   34   34    1    1    1    1    1    1    1    1  5.67177E+13 0.00666 
   35   35    1    1    1    1    1    1    1    1  8.26301E+13 0.00533 
   36   36    1    1    1    1    1    1    1    1  6.43601E+13 0.00565 
   37   37    1    1    1    1    1    1    1    1  2.04392E+13 0.00600 
   38   38    1    1    1    1    1    1    1    1  9.66498E+13 0.00587 
   39   39    1    1    1    1    1    1    1    1  1.18236E+14 0.00527 
   40   40    1    1    1    1    1    1    1    1  1.91457E+14 0.00531 
   41   41    1    1    1    1    1    1    1    1  1.86071E+14 0.00560 
   42   42    1    1    1    1    1    1    1    1  3.29079E+14 0.00473 
   43   43    1    1    1    1    1    1    1    1  3.56741E+14 0.00450 
   44   44    1    1    1    1    1    1    1    1  4.57962E+14 0.00496 
   45   45    1    1    1    1    1    1    1    1  7.94929E+14 0.00464 
   46   46    1    1    1    1    1    1    1    1  4.11340E+14 0.00474 
   47   47    1    1    1    1    1    1    1    1  5.96372E+14 0.00465 
   48   48    1    1    1    1    1    1    1    1  8.21284E+14 0.00473 
   49   49    1    1    1    1    1    1    1    1  7.49062E+14 0.00467 
   50   50    1    1    1    1    1    1    1    1  1.12370E+15 0.00487 
   51   51    1    1    1    1    1    1    1    1  8.89484E+14 0.00455 
   52   52    1    1    1    1    1    1    1    1  9.89711E+14 0.00491 
   53   53    1    1    1    1    1    1    1    1  7.04148E+14 0.00470 
   54   54    1    1    1    1    1    1    1    1  8.36452E+14 0.00519 
   55   55    1    1    1    1    1    1    1    1  5.93297E+14 0.00526 
   56   56    1    1    1    1    1    1    1    1  8.23750E+13 0.00572 
   57   57    1    1    1    1    1    1    1    1  1.14741E+15 0.00570 
   58   58    1    1    1    1    1    1    1    1  4.90830E+14 0.00555 
   59   59    1    1    1    1    1    1    1    1  5.35699E+14 0.00562 
   60   60    1    1    1    1    1    1    1    1  4.14822E+14 0.00584 
   61   61    1    1    1    1    1    1    1    1  4.14599E+14 0.00565 
   62   62    1    1    1    1    1    1    1    1  4.13980E+14 0.00555 
   63   63    1    1    1    1    1    1    1    1  3.42537E+14 0.00546 
   64   64    1    1    1    1    1    1    1    1  2.68514E+14 0.00545 
   65   65    1    1    1    1    1    1    1    1  2.63778E+14 0.00588 
   66   66    1    1    1    1    1    1    1    1  2.07714E+14 0.00518 
   67   67    1    1    1    1    1    1    1    1  1.71335E+14 0.00583 
   68   68    1    1    1    1    1    1    1    1  1.51953E+14 0.00681 
   69   69    1    1    1    1    1    1    1    1  1.84652E+14 0.00620 
   70   70    1    1    1    1    1    1    1    1  1.57774E+14 0.00648 
   71   71    1    1    1    1    1    1    1    1  2.98925E+14 0.00559 
   72   72    1    1    1    1    1    1    1    1  2.17577E+14 0.00590 
   73   73    1    1    1    1    1    1    1    1  1.66958E+14 0.00592 
   74   74    1    1    1    1    1    1    1    1  1.32319E+14 0.00694 
   75   75    1    1    1    1    1    1    1    1  1.07103E+14 0.00776 
   76   76    1    1    1    1    1    1    1    1  1.20102E+14 0.00559 
   77   77    1    1    1    1    1    1    1    1  9.16507E+13 0.00795 
   78   78    1    1    1    1    1    1    1    1  7.00571E+13 0.00672 
   79   79    1    1    1    1    1    1    1    1  7.12584E+13 0.00662 
   80   80    1    1    1    1    1    1    1    1  5.31083E+13 0.00745 
   81   81    1    1    1    1    1    1    1    1  4.08880E+13 0.00785 
   82   82    1    1    1    1    1    1    1    1  3.14179E+13 0.00781 
   83   83    1    1    1    1    1    1    1    1  2.90652E+13 0.00764 
   84   84    1    1    1    1    1    1    1    1  2.11968E+13 0.00824 
   85   85    1    1    1    1    1    1    1    1  1.48948E+13 0.01217 
   86   86    1    1    1    1    1    1    1    1  1.40412E+13 0.00827 
   87   87    1    1    1    1    1    1    1    1  8.66293E+12 0.00929 
   88   88    1    1    1    1    1    1    1    1  5.93039E+12 0.00995 
   89   89    1    1    1    1    1    1    1    1  3.35788E+12 0.01315 
   90   90    1    1    1    1    1    1    1    1  2.41046E+12 0.01713 
   91   91    1    1    1    1    1    1    1    1  1.11634E+12 0.03242 
   92   92    1    1    1    1    1    1    1    1  5.59615E+11 0.03015 
   93   93    1    1    1    1    1    1    1    1  2.74751E+11 0.06940 
   94   94    1    1    1    1    1    1    1    1  1.39673E+11 0.07094 
   95   95    1    1    1    1    1    1    1    1  6.34186E+10 0.11605 
   96   96    1    1    1    1    1    1    1    1  3.30140E+10 0.14103 
   97   97    1    1    1    1    1    1    1    1  1.26407E+10 0.22717 
   98   98    1    1    1    1    1    1    1    1  7.71448E+09 0.44788 
   99   99    1    1    1    1    1    1    1    1  3.67119E+09 0.40791 
  100  100    1    1    1    1    1    1    1    1  4.59341E+09 0.53730 
];


