
DETdpaspec = [
    1    1    1    1    1    1    1    1    1    1  0.00000E+00 0.00000 
    2    2    1    1    1    1    1    1    1    1  0.00000E+00 0.00000 
    3    3    1    1    1    1    1    1    1    1  0.00000E+00 0.00000 
    4    4    1    1    1    1    1    1    1    1  0.00000E+00 0.00000 
    5    5    1    1    1    1    1    1    1    1  0.00000E+00 0.00000 
    6    6    1    1    1    1    1    1    1    1  0.00000E+00 0.00000 
    7    7    1    1    1    1    1    1    1    1  0.00000E+00 0.00000 
    8    8    1    1    1    1    1    1    1    1  0.00000E+00 0.00000 
    9    9    1    1    1    1    1    1    1    1  3.32881E+07 1.00000 
   10   10    1    1    1    1    1    1    1    1  0.00000E+00 0.00000 
   11   11    1    1    1    1    1    1    1    1  5.40459E+08 0.82923 
   12   12    1    1    1    1    1    1    1    1  2.95791E+08 0.70391 
   13   13    1    1    1    1    1    1    1    1  4.47452E+09 0.37931 
   14   14    1    1    1    1    1    1    1    1  8.23616E+09 0.31889 
   15   15    1    1    1    1    1    1    1    1  1.19480E+10 0.35198 
   16   16    1    1    1    1    1    1    1    1  5.59513E+09 0.33268 
   17   17    1    1    1    1    1    1    1    1  7.56476E+09 0.23058 
   18   18    1    1    1    1    1    1    1    1  1.42075E+10 0.15961 
   19   19    1    1    1    1    1    1    1    1  2.47359E+10 0.11073 
   20   20    1    1    1    1    1    1    1    1  6.09114E+10 0.07967 
   21   21    1    1    1    1    1    1    1    1  5.97572E+10 0.11172 
   22   22    1    1    1    1    1    1    1    1  2.27379E+11 0.06215 
   23   23    1    1    1    1    1    1    1    1  9.64826E+11 0.02678 
   24   24    1    1    1    1    1    1    1    1  2.65908E+12 0.01632 
   25   25    1    1    1    1    1    1    1    1  4.41056E+12 0.01156 
   26   26    1    1    1    1    1    1    1    1  8.93995E+12 0.01262 
   27   27    1    1    1    1    1    1    1    1  1.68258E+13 0.00654 
   28   28    1    1    1    1    1    1    1    1  3.44990E+13 0.00517 
   29   29    1    1    1    1    1    1    1    1  5.14675E+13 0.00448 
   30   30    1    1    1    1    1    1    1    1  9.29460E+13 0.00268 
   31   31    1    1    1    1    1    1    1    1  1.87208E+14 0.00245 
   32   32    1    1    1    1    1    1    1    1  2.51679E+14 0.00206 
   33   33    1    1    1    1    1    1    1    1  4.56316E+14 0.00142 
   34   34    1    1    1    1    1    1    1    1  5.37447E+14 0.00108 
   35   35    1    1    1    1    1    1    1    1  6.22618E+14 0.00110 
   36   36    1    1    1    1    1    1    1    1  4.47858E+14 0.00114 
   37   37    1    1    1    1    1    1    1    1  1.32787E+14 0.00130 
   38   38    1    1    1    1    1    1    1    1  6.67250E+14 0.00071 
   39   39    1    1    1    1    1    1    1    1  8.08751E+14 0.00090 
   40   40    1    1    1    1    1    1    1    1  1.35580E+15 0.00075 
   41   41    1    1    1    1    1    1    1    1  1.23912E+15 0.00066 
   42   42    1    1    1    1    1    1    1    1  2.28932E+15 0.00072 
   43   43    1    1    1    1    1    1    1    1  2.48682E+15 0.00058 
   44   44    1    1    1    1    1    1    1    1  3.20731E+15 0.00088 
   45   45    1    1    1    1    1    1    1    1  5.70213E+15 0.00081 
   46   46    1    1    1    1    1    1    1    1  2.94384E+15 0.00068 
   47   47    1    1    1    1    1    1    1    1  4.17085E+15 0.00078 
   48   48    1    1    1    1    1    1    1    1  5.79496E+15 0.00065 
   49   49    1    1    1    1    1    1    1    1  5.16836E+15 0.00067 
   50   50    1    1    1    1    1    1    1    1  8.07569E+15 0.00060 
   51   51    1    1    1    1    1    1    1    1  6.20649E+15 0.00063 
   52   52    1    1    1    1    1    1    1    1  7.18006E+15 0.00064 
   53   53    1    1    1    1    1    1    1    1  5.06901E+15 0.00055 
   54   54    1    1    1    1    1    1    1    1  6.27038E+15 0.00060 
   55   55    1    1    1    1    1    1    1    1  4.42258E+15 0.00065 
   56   56    1    1    1    1    1    1    1    1  6.05803E+14 0.00079 
   57   57    1    1    1    1    1    1    1    1  8.55058E+15 0.00049 
   58   58    1    1    1    1    1    1    1    1  3.84929E+15 0.00052 
   59   59    1    1    1    1    1    1    1    1  4.14186E+15 0.00069 
   60   60    1    1    1    1    1    1    1    1  3.34508E+15 0.00076 
   61   61    1    1    1    1    1    1    1    1  3.32946E+15 0.00080 
   62   62    1    1    1    1    1    1    1    1  3.35721E+15 0.00080 
   63   63    1    1    1    1    1    1    1    1  2.81714E+15 0.00084 
   64   64    1    1    1    1    1    1    1    1  2.21993E+15 0.00078 
   65   65    1    1    1    1    1    1    1    1  2.17168E+15 0.00096 
   66   66    1    1    1    1    1    1    1    1  1.72531E+15 0.00068 
   67   67    1    1    1    1    1    1    1    1  1.40728E+15 0.00090 
   68   68    1    1    1    1    1    1    1    1  1.23746E+15 0.00129 
   69   69    1    1    1    1    1    1    1    1  1.50239E+15 0.00121 
   70   70    1    1    1    1    1    1    1    1  1.28345E+15 0.00110 
   71   71    1    1    1    1    1    1    1    1  2.34308E+15 0.00068 
   72   72    1    1    1    1    1    1    1    1  1.68971E+15 0.00087 
   73   73    1    1    1    1    1    1    1    1  1.30329E+15 0.00106 
   74   74    1    1    1    1    1    1    1    1  1.06940E+15 0.00108 
   75   75    1    1    1    1    1    1    1    1  8.90494E+14 0.00116 
   76   76    1    1    1    1    1    1    1    1  1.03571E+15 0.00102 
   77   77    1    1    1    1    1    1    1    1  8.24163E+14 0.00084 
   78   78    1    1    1    1    1    1    1    1  6.44951E+14 0.00118 
   79   79    1    1    1    1    1    1    1    1  6.70706E+14 0.00128 
   80   80    1    1    1    1    1    1    1    1  5.01201E+14 0.00110 
   81   81    1    1    1    1    1    1    1    1  3.89808E+14 0.00159 
   82   82    1    1    1    1    1    1    1    1  3.00082E+14 0.00170 
   83   83    1    1    1    1    1    1    1    1  2.80582E+14 0.00219 
   84   84    1    1    1    1    1    1    1    1  2.02020E+14 0.00257 
   85   85    1    1    1    1    1    1    1    1  1.45388E+14 0.00212 
   86   86    1    1    1    1    1    1    1    1  1.36009E+14 0.00253 
   87   87    1    1    1    1    1    1    1    1  8.36019E+13 0.00304 
   88   88    1    1    1    1    1    1    1    1  5.60740E+13 0.00456 
   89   89    1    1    1    1    1    1    1    1  3.20834E+13 0.00489 
   90   90    1    1    1    1    1    1    1    1  2.10460E+13 0.00615 
   91   91    1    1    1    1    1    1    1    1  1.05987E+13 0.01049 
   92   92    1    1    1    1    1    1    1    1  5.11611E+12 0.01393 
   93   93    1    1    1    1    1    1    1    1  2.45263E+12 0.01972 
   94   94    1    1    1    1    1    1    1    1  1.20831E+12 0.02338 
   95   95    1    1    1    1    1    1    1    1  5.66454E+11 0.04677 
   96   96    1    1    1    1    1    1    1    1  2.57768E+11 0.06042 
   97   97    1    1    1    1    1    1    1    1  1.27337E+11 0.07706 
   98   98    1    1    1    1    1    1    1    1  5.75765E+10 0.11781 
   99   99    1    1    1    1    1    1    1    1  3.58147E+10 0.15246 
  100  100    1    1    1    1    1    1    1    1  2.32590E+10 0.20202 
];


