
DETdpaspec = [
    1    1    1    1    1    1    1    1    1    1  0.00000E+00 0.00000 
    2    2    1    1    1    1    1    1    1    1  0.00000E+00 0.00000 
    3    3    1    1    1    1    1    1    1    1  0.00000E+00 0.00000 
    4    4    1    1    1    1    1    1    1    1  1.55227E+07 1.00000 
    5    5    1    1    1    1    1    1    1    1  0.00000E+00 0.00000 
    6    6    1    1    1    1    1    1    1    1  0.00000E+00 0.00000 
    7    7    1    1    1    1    1    1    1    1  0.00000E+00 0.00000 
    8    8    1    1    1    1    1    1    1    1  4.49837E+07 0.69085 
    9    9    1    1    1    1    1    1    1    1  1.31926E+07 1.00000 
   10   10    1    1    1    1    1    1    1    1  1.25697E+08 0.68838 
   11   11    1    1    1    1    1    1    1    1  3.14930E+08 0.63342 
   12   12    1    1    1    1    1    1    1    1  1.85770E+08 0.38929 
   13   13    1    1    1    1    1    1    1    1  2.60086E+09 0.37077 
   14   14    1    1    1    1    1    1    1    1  6.35935E+09 0.32154 
   15   15    1    1    1    1    1    1    1    1  8.14672E+09 0.31112 
   16   16    1    1    1    1    1    1    1    1  4.11796E+09 0.21712 
   17   17    1    1    1    1    1    1    1    1  4.92959E+09 0.22319 
   18   18    1    1    1    1    1    1    1    1  1.85051E+10 0.17569 
   19   19    1    1    1    1    1    1    1    1  2.79305E+10 0.12086 
   20   20    1    1    1    1    1    1    1    1  7.86892E+10 0.07476 
   21   21    1    1    1    1    1    1    1    1  6.44827E+10 0.07497 
   22   22    1    1    1    1    1    1    1    1  1.54595E+11 0.06209 
   23   23    1    1    1    1    1    1    1    1  2.50867E+11 0.04513 
   24   24    1    1    1    1    1    1    1    1  4.67175E+11 0.03804 
   25   25    1    1    1    1    1    1    1    1  7.43432E+11 0.03045 
   26   26    1    1    1    1    1    1    1    1  1.54339E+12 0.02203 
   27   27    1    1    1    1    1    1    1    1  3.31499E+12 0.01662 
   28   28    1    1    1    1    1    1    1    1  7.62853E+12 0.00734 
   29   29    1    1    1    1    1    1    1    1  1.15382E+13 0.00755 
   30   30    1    1    1    1    1    1    1    1  2.80548E+13 0.00492 
   31   31    1    1    1    1    1    1    1    1  6.76401E+13 0.00458 
   32   32    1    1    1    1    1    1    1    1  1.02328E+14 0.00261 
   33   33    1    1    1    1    1    1    1    1  2.04319E+14 0.00190 
   34   34    1    1    1    1    1    1    1    1  2.42765E+14 0.00179 
   35   35    1    1    1    1    1    1    1    1  3.32926E+14 0.00109 
   36   36    1    1    1    1    1    1    1    1  2.58948E+14 0.00132 
   37   37    1    1    1    1    1    1    1    1  8.05887E+13 0.00165 
   38   38    1    1    1    1    1    1    1    1  3.96132E+14 0.00161 
   39   39    1    1    1    1    1    1    1    1  4.88226E+14 0.00130 
   40   40    1    1    1    1    1    1    1    1  8.16959E+14 0.00108 
   41   41    1    1    1    1    1    1    1    1  7.83682E+14 0.00133 
   42   42    1    1    1    1    1    1    1    1  1.44065E+15 0.00115 
   43   43    1    1    1    1    1    1    1    1  1.58611E+15 0.00116 
   44   44    1    1    1    1    1    1    1    1  2.06555E+15 0.00140 
   45   45    1    1    1    1    1    1    1    1  3.70348E+15 0.00115 
   46   46    1    1    1    1    1    1    1    1  1.93967E+15 0.00106 
   47   47    1    1    1    1    1    1    1    1  2.80500E+15 0.00105 
   48   48    1    1    1    1    1    1    1    1  3.92074E+15 0.00092 
   49   49    1    1    1    1    1    1    1    1  3.56722E+15 0.00102 
   50   50    1    1    1    1    1    1    1    1  5.51487E+15 0.00096 
   51   51    1    1    1    1    1    1    1    1  4.33805E+15 0.00110 
   52   52    1    1    1    1    1    1    1    1  4.94707E+15 0.00100 
   53   53    1    1    1    1    1    1    1    1  3.52611E+15 0.00078 
   54   54    1    1    1    1    1    1    1    1  4.29361E+15 0.00103 
   55   55    1    1    1    1    1    1    1    1  3.04496E+15 0.00101 
   56   56    1    1    1    1    1    1    1    1  4.20098E+14 0.00160 
   57   57    1    1    1    1    1    1    1    1  5.92264E+15 0.00114 
   58   58    1    1    1    1    1    1    1    1  2.60777E+15 0.00113 
   59   59    1    1    1    1    1    1    1    1  2.83450E+15 0.00086 
   60   60    1    1    1    1    1    1    1    1  2.24866E+15 0.00108 
   61   61    1    1    1    1    1    1    1    1  2.24785E+15 0.00106 
   62   62    1    1    1    1    1    1    1    1  2.26428E+15 0.00112 
   63   63    1    1    1    1    1    1    1    1  1.89207E+15 0.00102 
   64   64    1    1    1    1    1    1    1    1  1.49310E+15 0.00106 
   65   65    1    1    1    1    1    1    1    1  1.46713E+15 0.00108 
   66   66    1    1    1    1    1    1    1    1  1.16223E+15 0.00130 
   67   67    1    1    1    1    1    1    1    1  9.55860E+14 0.00148 
   68   68    1    1    1    1    1    1    1    1  8.46300E+14 0.00150 
   69   69    1    1    1    1    1    1    1    1  1.02571E+15 0.00164 
   70   70    1    1    1    1    1    1    1    1  8.81266E+14 0.00141 
   71   71    1    1    1    1    1    1    1    1  1.64513E+15 0.00148 
   72   72    1    1    1    1    1    1    1    1  1.19611E+15 0.00129 
   73   73    1    1    1    1    1    1    1    1  9.22731E+14 0.00111 
   74   74    1    1    1    1    1    1    1    1  7.44721E+14 0.00169 
   75   75    1    1    1    1    1    1    1    1  6.10000E+14 0.00171 
   76   76    1    1    1    1    1    1    1    1  6.98771E+14 0.00156 
   77   77    1    1    1    1    1    1    1    1  5.47014E+14 0.00187 
   78   78    1    1    1    1    1    1    1    1  4.21365E+14 0.00151 
   79   79    1    1    1    1    1    1    1    1  4.35433E+14 0.00166 
   80   80    1    1    1    1    1    1    1    1  3.25040E+14 0.00217 
   81   81    1    1    1    1    1    1    1    1  2.50869E+14 0.00216 
   82   82    1    1    1    1    1    1    1    1  1.93097E+14 0.00230 
   83   83    1    1    1    1    1    1    1    1  1.80525E+14 0.00175 
   84   84    1    1    1    1    1    1    1    1  1.30114E+14 0.00242 
   85   85    1    1    1    1    1    1    1    1  9.36996E+13 0.00303 
   86   86    1    1    1    1    1    1    1    1  8.71964E+13 0.00389 
   87   87    1    1    1    1    1    1    1    1  5.43917E+13 0.00350 
   88   88    1    1    1    1    1    1    1    1  3.62790E+13 0.00547 
   89   89    1    1    1    1    1    1    1    1  2.10965E+13 0.00600 
   90   90    1    1    1    1    1    1    1    1  1.41748E+13 0.00750 
   91   91    1    1    1    1    1    1    1    1  7.16952E+12 0.01245 
   92   92    1    1    1    1    1    1    1    1  3.45497E+12 0.01721 
   93   93    1    1    1    1    1    1    1    1  1.71286E+12 0.02080 
   94   94    1    1    1    1    1    1    1    1  7.90894E+11 0.03549 
   95   95    1    1    1    1    1    1    1    1  3.67387E+11 0.05672 
   96   96    1    1    1    1    1    1    1    1  1.69480E+11 0.07155 
   97   97    1    1    1    1    1    1    1    1  9.11179E+10 0.09993 
   98   98    1    1    1    1    1    1    1    1  3.87751E+10 0.15342 
   99   99    1    1    1    1    1    1    1    1  2.81213E+10 0.21069 
  100  100    1    1    1    1    1    1    1    1  1.93909E+10 0.25950 
];


