
DETdpaspec = [
    1    1    1    1    1    1    1    1    1    1  0.00000E+00 0.00000 
    2    2    1    1    1    1    1    1    1    1  0.00000E+00 0.00000 
    3    3    1    1    1    1    1    1    1    1  0.00000E+00 0.00000 
    4    4    1    1    1    1    1    1    1    1  0.00000E+00 0.00000 
    5    5    1    1    1    1    1    1    1    1  1.19215E+07 1.00000 
    6    6    1    1    1    1    1    1    1    1  1.04035E+07 1.00000 
    7    7    1    1    1    1    1    1    1    1  0.00000E+00 0.00000 
    8    8    1    1    1    1    1    1    1    1  0.00000E+00 0.00000 
    9    9    1    1    1    1    1    1    1    1  1.35141E+07 1.00000 
   10   10    1    1    1    1    1    1    1    1  9.91002E+07 0.70300 
   11   11    1    1    1    1    1    1    1    1  1.06077E+08 1.00000 
   12   12    1    1    1    1    1    1    1    1  5.16256E+07 0.60921 
   13   13    1    1    1    1    1    1    1    1  1.48291E+09 0.33508 
   14   14    1    1    1    1    1    1    1    1  2.99681E+09 0.51035 
   15   15    1    1    1    1    1    1    1    1  5.83027E+09 0.27476 
   16   16    1    1    1    1    1    1    1    1  1.07581E+09 0.38459 
   17   17    1    1    1    1    1    1    1    1  4.40487E+09 0.19677 
   18   18    1    1    1    1    1    1    1    1  1.08909E+10 0.23924 
   19   19    1    1    1    1    1    1    1    1  1.63033E+10 0.10888 
   20   20    1    1    1    1    1    1    1    1  4.31427E+10 0.13069 
   21   21    1    1    1    1    1    1    1    1  4.27384E+10 0.07457 
   22   22    1    1    1    1    1    1    1    1  9.37464E+10 0.07054 
   23   23    1    1    1    1    1    1    1    1  1.55931E+11 0.06208 
   24   24    1    1    1    1    1    1    1    1  2.41282E+11 0.05554 
   25   25    1    1    1    1    1    1    1    1  3.70077E+11 0.04314 
   26   26    1    1    1    1    1    1    1    1  6.96476E+11 0.02960 
   27   27    1    1    1    1    1    1    1    1  1.44274E+12 0.02319 
   28   28    1    1    1    1    1    1    1    1  2.82282E+12 0.01294 
   29   29    1    1    1    1    1    1    1    1  3.74282E+12 0.01056 
   30   30    1    1    1    1    1    1    1    1  1.00800E+13 0.00913 
   31   31    1    1    1    1    1    1    1    1  2.39890E+13 0.00538 
   32   32    1    1    1    1    1    1    1    1  3.55606E+13 0.00477 
   33   33    1    1    1    1    1    1    1    1  6.93418E+13 0.00339 
   34   34    1    1    1    1    1    1    1    1  7.83584E+13 0.00391 
   35   35    1    1    1    1    1    1    1    1  1.13046E+14 0.00254 
   36   36    1    1    1    1    1    1    1    1  8.84304E+13 0.00300 
   37   37    1    1    1    1    1    1    1    1  2.79786E+13 0.00233 
   38   38    1    1    1    1    1    1    1    1  1.33975E+14 0.00230 
   39   39    1    1    1    1    1    1    1    1  1.63940E+14 0.00248 
   40   40    1    1    1    1    1    1    1    1  2.67899E+14 0.00240 
   41   41    1    1    1    1    1    1    1    1  2.60432E+14 0.00260 
   42   42    1    1    1    1    1    1    1    1  4.67599E+14 0.00272 
   43   43    1    1    1    1    1    1    1    1  5.07987E+14 0.00283 
   44   44    1    1    1    1    1    1    1    1  6.53371E+14 0.00216 
   45   45    1    1    1    1    1    1    1    1  1.14410E+15 0.00248 
   46   46    1    1    1    1    1    1    1    1  5.92043E+14 0.00224 
   47   47    1    1    1    1    1    1    1    1  8.57888E+14 0.00204 
   48   48    1    1    1    1    1    1    1    1  1.18188E+15 0.00228 
   49   49    1    1    1    1    1    1    1    1  1.07702E+15 0.00219 
   50   50    1    1    1    1    1    1    1    1  1.62133E+15 0.00229 
   51   51    1    1    1    1    1    1    1    1  1.27866E+15 0.00246 
   52   52    1    1    1    1    1    1    1    1  1.42448E+15 0.00273 
   53   53    1    1    1    1    1    1    1    1  1.01332E+15 0.00269 
   54   54    1    1    1    1    1    1    1    1  1.20575E+15 0.00273 
   55   55    1    1    1    1    1    1    1    1  8.52630E+14 0.00248 
   56   56    1    1    1    1    1    1    1    1  1.17818E+14 0.00358 
   57   57    1    1    1    1    1    1    1    1  1.64950E+15 0.00279 
   58   58    1    1    1    1    1    1    1    1  7.07467E+14 0.00275 
   59   59    1    1    1    1    1    1    1    1  7.69144E+14 0.00296 
   60   60    1    1    1    1    1    1    1    1  5.98381E+14 0.00282 
   61   61    1    1    1    1    1    1    1    1  5.98168E+14 0.00276 
   62   62    1    1    1    1    1    1    1    1  5.98847E+14 0.00314 
   63   63    1    1    1    1    1    1    1    1  4.95241E+14 0.00256 
   64   64    1    1    1    1    1    1    1    1  3.88893E+14 0.00262 
   65   65    1    1    1    1    1    1    1    1  3.80028E+14 0.00262 
   66   66    1    1    1    1    1    1    1    1  2.99258E+14 0.00312 
   67   67    1    1    1    1    1    1    1    1  2.47291E+14 0.00413 
   68   68    1    1    1    1    1    1    1    1  2.18819E+14 0.00386 
   69   69    1    1    1    1    1    1    1    1  2.64653E+14 0.00369 
   70   70    1    1    1    1    1    1    1    1  2.27779E+14 0.00345 
   71   71    1    1    1    1    1    1    1    1  4.27869E+14 0.00306 
   72   72    1    1    1    1    1    1    1    1  3.10912E+14 0.00391 
   73   73    1    1    1    1    1    1    1    1  2.38568E+14 0.00369 
   74   74    1    1    1    1    1    1    1    1  1.89734E+14 0.00364 
   75   75    1    1    1    1    1    1    1    1  1.53668E+14 0.00434 
   76   76    1    1    1    1    1    1    1    1  1.72771E+14 0.00446 
   77   77    1    1    1    1    1    1    1    1  1.32091E+14 0.00361 
   78   78    1    1    1    1    1    1    1    1  1.01379E+14 0.00255 
   79   79    1    1    1    1    1    1    1    1  1.03696E+14 0.00346 
   80   80    1    1    1    1    1    1    1    1  7.68747E+13 0.00459 
   81   81    1    1    1    1    1    1    1    1  5.91327E+13 0.00519 
   82   82    1    1    1    1    1    1    1    1  4.55710E+13 0.00482 
   83   83    1    1    1    1    1    1    1    1  4.27606E+13 0.00478 
   84   84    1    1    1    1    1    1    1    1  3.05701E+13 0.00508 
   85   85    1    1    1    1    1    1    1    1  2.22047E+13 0.00561 
   86   86    1    1    1    1    1    1    1    1  2.04047E+13 0.00838 
   87   87    1    1    1    1    1    1    1    1  1.28660E+13 0.00910 
   88   88    1    1    1    1    1    1    1    1  8.61183E+12 0.00958 
   89   89    1    1    1    1    1    1    1    1  5.05148E+12 0.01197 
   90   90    1    1    1    1    1    1    1    1  3.30835E+12 0.01866 
   91   91    1    1    1    1    1    1    1    1  1.65277E+12 0.01504 
   92   92    1    1    1    1    1    1    1    1  8.22449E+11 0.02932 
   93   93    1    1    1    1    1    1    1    1  3.98760E+11 0.04779 
   94   94    1    1    1    1    1    1    1    1  1.86452E+11 0.05525 
   95   95    1    1    1    1    1    1    1    1  1.06949E+11 0.11902 
   96   96    1    1    1    1    1    1    1    1  4.35891E+10 0.15891 
   97   97    1    1    1    1    1    1    1    1  2.38423E+10 0.14087 
   98   98    1    1    1    1    1    1    1    1  4.69016E+09 0.38777 
   99   99    1    1    1    1    1    1    1    1  7.64162E+09 0.30929 
  100  100    1    1    1    1    1    1    1    1  4.42558E+09 0.48461 
];


