
DETdpaspec = [
    1    1    1    1    1    1    1    1    1    1  0.00000E+00 0.00000 
    2    2    1    1    1    1    1    1    1    1  0.00000E+00 0.00000 
    3    3    1    1    1    1    1    1    1    1  0.00000E+00 0.00000 
    4    4    1    1    1    1    1    1    1    1  0.00000E+00 0.00000 
    5    5    1    1    1    1    1    1    1    1  0.00000E+00 0.00000 
    6    6    1    1    1    1    1    1    1    1  0.00000E+00 0.00000 
    7    7    1    1    1    1    1    1    1    1  1.84402E+07 1.00000 
    8    8    1    1    1    1    1    1    1    1  0.00000E+00 0.00000 
    9    9    1    1    1    1    1    1    1    1  5.73920E+07 0.82271 
   10   10    1    1    1    1    1    1    1    1  3.79945E+08 0.77788 
   11   11    1    1    1    1    1    1    1    1  5.84176E+08 0.55340 
   12   12    1    1    1    1    1    1    1    1  1.26500E+08 0.53774 
   13   13    1    1    1    1    1    1    1    1  2.85421E+09 0.47701 
   14   14    1    1    1    1    1    1    1    1  6.74854E+09 0.26257 
   15   15    1    1    1    1    1    1    1    1  8.23901E+09 0.24035 
   16   16    1    1    1    1    1    1    1    1  3.59169E+09 0.24583 
   17   17    1    1    1    1    1    1    1    1  3.94581E+09 0.22128 
   18   18    1    1    1    1    1    1    1    1  1.50438E+10 0.15767 
   19   19    1    1    1    1    1    1    1    1  2.18135E+10 0.12513 
   20   20    1    1    1    1    1    1    1    1  6.61265E+10 0.10352 
   21   21    1    1    1    1    1    1    1    1  5.36698E+10 0.07105 
   22   22    1    1    1    1    1    1    1    1  1.55980E+11 0.06735 
   23   23    1    1    1    1    1    1    1    1  2.33913E+11 0.03472 
   24   24    1    1    1    1    1    1    1    1  3.90615E+11 0.04343 
   25   25    1    1    1    1    1    1    1    1  5.86058E+11 0.03440 
   26   26    1    1    1    1    1    1    1    1  1.13781E+12 0.02099 
   27   27    1    1    1    1    1    1    1    1  2.36896E+12 0.01274 
   28   28    1    1    1    1    1    1    1    1  5.20465E+12 0.00944 
   29   29    1    1    1    1    1    1    1    1  7.30937E+12 0.00934 
   30   30    1    1    1    1    1    1    1    1  1.90934E+13 0.00640 
   31   31    1    1    1    1    1    1    1    1  4.63384E+13 0.00414 
   32   32    1    1    1    1    1    1    1    1  7.02992E+13 0.00384 
   33   33    1    1    1    1    1    1    1    1  1.37665E+14 0.00246 
   34   34    1    1    1    1    1    1    1    1  1.59210E+14 0.00215 
   35   35    1    1    1    1    1    1    1    1  2.26295E+14 0.00182 
   36   36    1    1    1    1    1    1    1    1  1.77538E+14 0.00192 
   37   37    1    1    1    1    1    1    1    1  5.57908E+13 0.00237 
   38   38    1    1    1    1    1    1    1    1  2.70936E+14 0.00192 
   39   39    1    1    1    1    1    1    1    1  3.33543E+14 0.00147 
   40   40    1    1    1    1    1    1    1    1  5.51117E+14 0.00170 
   41   41    1    1    1    1    1    1    1    1  5.33607E+14 0.00192 
   42   42    1    1    1    1    1    1    1    1  9.67237E+14 0.00135 
   43   43    1    1    1    1    1    1    1    1  1.06044E+15 0.00125 
   44   44    1    1    1    1    1    1    1    1  1.37278E+15 0.00145 
   45   45    1    1    1    1    1    1    1    1  2.43219E+15 0.00124 
   46   46    1    1    1    1    1    1    1    1  1.26780E+15 0.00134 
   47   47    1    1    1    1    1    1    1    1  1.83713E+15 0.00140 
   48   48    1    1    1    1    1    1    1    1  2.55038E+15 0.00137 
   49   49    1    1    1    1    1    1    1    1  2.32267E+15 0.00147 
   50   50    1    1    1    1    1    1    1    1  3.54167E+15 0.00118 
   51   51    1    1    1    1    1    1    1    1  2.79355E+15 0.00112 
   52   52    1    1    1    1    1    1    1    1  3.15137E+15 0.00122 
   53   53    1    1    1    1    1    1    1    1  2.24080E+15 0.00131 
   54   54    1    1    1    1    1    1    1    1  2.69971E+15 0.00125 
   55   55    1    1    1    1    1    1    1    1  1.91329E+15 0.00150 
   56   56    1    1    1    1    1    1    1    1  2.63971E+14 0.00173 
   57   57    1    1    1    1    1    1    1    1  3.71134E+15 0.00127 
   58   58    1    1    1    1    1    1    1    1  1.61037E+15 0.00129 
   59   59    1    1    1    1    1    1    1    1  1.75564E+15 0.00146 
   60   60    1    1    1    1    1    1    1    1  1.37625E+15 0.00168 
   61   61    1    1    1    1    1    1    1    1  1.37565E+15 0.00166 
   62   62    1    1    1    1    1    1    1    1  1.37998E+15 0.00147 
   63   63    1    1    1    1    1    1    1    1  1.14763E+15 0.00177 
   64   64    1    1    1    1    1    1    1    1  9.02726E+14 0.00183 
   65   65    1    1    1    1    1    1    1    1  8.85605E+14 0.00135 
   66   66    1    1    1    1    1    1    1    1  6.99016E+14 0.00139 
   67   67    1    1    1    1    1    1    1    1  5.75810E+14 0.00182 
   68   68    1    1    1    1    1    1    1    1  5.09719E+14 0.00211 
   69   69    1    1    1    1    1    1    1    1  6.18763E+14 0.00218 
   70   70    1    1    1    1    1    1    1    1  5.31540E+14 0.00230 
   71   71    1    1    1    1    1    1    1    1  9.98268E+14 0.00187 
   72   72    1    1    1    1    1    1    1    1  7.27782E+14 0.00155 
   73   73    1    1    1    1    1    1    1    1  5.59127E+14 0.00155 
   74   74    1    1    1    1    1    1    1    1  4.46327E+14 0.00192 
   75   75    1    1    1    1    1    1    1    1  3.63791E+14 0.00180 
   76   76    1    1    1    1    1    1    1    1  4.12414E+14 0.00214 
   77   77    1    1    1    1    1    1    1    1  3.18745E+14 0.00199 
   78   78    1    1    1    1    1    1    1    1  2.45345E+14 0.00157 
   79   79    1    1    1    1    1    1    1    1  2.52088E+14 0.00284 
   80   80    1    1    1    1    1    1    1    1  1.87313E+14 0.00264 
   81   81    1    1    1    1    1    1    1    1  1.44238E+14 0.00271 
   82   82    1    1    1    1    1    1    1    1  1.10753E+14 0.00354 
   83   83    1    1    1    1    1    1    1    1  1.03851E+14 0.00327 
   84   84    1    1    1    1    1    1    1    1  7.45755E+13 0.00383 
   85   85    1    1    1    1    1    1    1    1  5.35289E+13 0.00402 
   86   86    1    1    1    1    1    1    1    1  5.03611E+13 0.00437 
   87   87    1    1    1    1    1    1    1    1  3.10404E+13 0.00558 
   88   88    1    1    1    1    1    1    1    1  2.10057E+13 0.00611 
   89   89    1    1    1    1    1    1    1    1  1.21994E+13 0.01036 
   90   90    1    1    1    1    1    1    1    1  8.20566E+12 0.01425 
   91   91    1    1    1    1    1    1    1    1  4.02284E+12 0.01490 
   92   92    1    1    1    1    1    1    1    1  1.94200E+12 0.01711 
   93   93    1    1    1    1    1    1    1    1  1.04034E+12 0.03462 
   94   94    1    1    1    1    1    1    1    1  4.63824E+11 0.05425 
   95   95    1    1    1    1    1    1    1    1  2.23654E+11 0.06441 
   96   96    1    1    1    1    1    1    1    1  1.04862E+11 0.08521 
   97   97    1    1    1    1    1    1    1    1  4.71383E+10 0.16393 
   98   98    1    1    1    1    1    1    1    1  2.53489E+10 0.23401 
   99   99    1    1    1    1    1    1    1    1  1.44306E+10 0.20983 
  100  100    1    1    1    1    1    1    1    1  1.13105E+10 0.28219 
];


