
DETdpaspec = [
    1    1    1    1    1    1    1    1    1    1  0.00000E+00 0.00000 
    2    2    1    1    1    1    1    1    1    1  0.00000E+00 0.00000 
    3    3    1    1    1    1    1    1    1    1  0.00000E+00 0.00000 
    4    4    1    1    1    1    1    1    1    1  2.43532E+07 1.00000 
    5    5    1    1    1    1    1    1    1    1  0.00000E+00 0.00000 
    6    6    1    1    1    1    1    1    1    1  0.00000E+00 0.00000 
    7    7    1    1    1    1    1    1    1    1  3.05715E+07 1.00000 
    8    8    1    1    1    1    1    1    1    1  7.17106E+07 0.55528 
    9    9    1    1    1    1    1    1    1    1  3.85543E+07 0.69989 
   10   10    1    1    1    1    1    1    1    1  4.04258E+07 1.00000 
   11   11    1    1    1    1    1    1    1    1  7.61076E+07 1.00000 
   12   12    1    1    1    1    1    1    1    1  3.49706E+08 0.70164 
   13   13    1    1    1    1    1    1    1    1  4.29437E+09 0.24591 
   14   14    1    1    1    1    1    1    1    1  4.67691E+09 0.40712 
   15   15    1    1    1    1    1    1    1    1  1.01214E+10 0.33412 
   16   16    1    1    1    1    1    1    1    1  2.82530E+09 0.25030 
   17   17    1    1    1    1    1    1    1    1  5.89175E+09 0.27878 
   18   18    1    1    1    1    1    1    1    1  2.01076E+10 0.24392 
   19   19    1    1    1    1    1    1    1    1  2.41891E+10 0.15777 
   20   20    1    1    1    1    1    1    1    1  6.69617E+10 0.11019 
   21   21    1    1    1    1    1    1    1    1  5.69666E+10 0.07158 
   22   22    1    1    1    1    1    1    1    1  1.36691E+11 0.06372 
   23   23    1    1    1    1    1    1    1    1  3.55870E+11 0.04585 
   24   24    1    1    1    1    1    1    1    1  1.01577E+12 0.02665 
   25   25    1    1    1    1    1    1    1    1  1.82887E+12 0.02771 
   26   26    1    1    1    1    1    1    1    1  4.01434E+12 0.01232 
   27   27    1    1    1    1    1    1    1    1  8.24651E+12 0.01228 
   28   28    1    1    1    1    1    1    1    1  1.87101E+13 0.00759 
   29   29    1    1    1    1    1    1    1    1  2.90070E+13 0.00632 
   30   30    1    1    1    1    1    1    1    1  5.82054E+13 0.00356 
   31   31    1    1    1    1    1    1    1    1  1.28043E+14 0.00351 
   32   32    1    1    1    1    1    1    1    1  1.81861E+14 0.00216 
   33   33    1    1    1    1    1    1    1    1  3.45793E+14 0.00184 
   34   34    1    1    1    1    1    1    1    1  4.14962E+14 0.00153 
   35   35    1    1    1    1    1    1    1    1  5.10568E+14 0.00141 
   36   36    1    1    1    1    1    1    1    1  3.79207E+14 0.00076 
   37   37    1    1    1    1    1    1    1    1  1.14199E+14 0.00099 
   38   38    1    1    1    1    1    1    1    1  5.71808E+14 0.00071 
   39   39    1    1    1    1    1    1    1    1  7.01159E+14 0.00094 
   40   40    1    1    1    1    1    1    1    1  1.18120E+15 0.00074 
   41   41    1    1    1    1    1    1    1    1  1.09768E+15 0.00087 
   42   42    1    1    1    1    1    1    1    1  2.03541E+15 0.00080 
   43   43    1    1    1    1    1    1    1    1  2.22931E+15 0.00083 
   44   44    1    1    1    1    1    1    1    1  2.89680E+15 0.00074 
   45   45    1    1    1    1    1    1    1    1  5.19537E+15 0.00063 
   46   46    1    1    1    1    1    1    1    1  2.71128E+15 0.00048 
   47   47    1    1    1    1    1    1    1    1  3.87111E+15 0.00056 
   48   48    1    1    1    1    1    1    1    1  5.41222E+15 0.00048 
   49   49    1    1    1    1    1    1    1    1  4.86789E+15 0.00061 
   50   50    1    1    1    1    1    1    1    1  7.61822E+15 0.00064 
   51   51    1    1    1    1    1    1    1    1  5.91151E+15 0.00061 
   52   52    1    1    1    1    1    1    1    1  6.83703E+15 0.00068 
   53   53    1    1    1    1    1    1    1    1  4.85521E+15 0.00074 
   54   54    1    1    1    1    1    1    1    1  5.99661E+15 0.00066 
   55   55    1    1    1    1    1    1    1    1  4.24132E+15 0.00069 
   56   56    1    1    1    1    1    1    1    1  5.82483E+14 0.00093 
   57   57    1    1    1    1    1    1    1    1  8.23517E+15 0.00074 
   58   58    1    1    1    1    1    1    1    1  3.69801E+15 0.00084 
   59   59    1    1    1    1    1    1    1    1  3.99228E+15 0.00077 
   60   60    1    1    1    1    1    1    1    1  3.21694E+15 0.00074 
   61   61    1    1    1    1    1    1    1    1  3.20957E+15 0.00073 
   62   62    1    1    1    1    1    1    1    1  3.24049E+15 0.00076 
   63   63    1    1    1    1    1    1    1    1  2.71795E+15 0.00086 
   64   64    1    1    1    1    1    1    1    1  2.14719E+15 0.00077 
   65   65    1    1    1    1    1    1    1    1  2.10488E+15 0.00084 
   66   66    1    1    1    1    1    1    1    1  1.67332E+15 0.00089 
   67   67    1    1    1    1    1    1    1    1  1.36900E+15 0.00087 
   68   68    1    1    1    1    1    1    1    1  1.20766E+15 0.00094 
   69   69    1    1    1    1    1    1    1    1  1.46648E+15 0.00108 
   70   70    1    1    1    1    1    1    1    1  1.25602E+15 0.00104 
   71   71    1    1    1    1    1    1    1    1  2.31109E+15 0.00116 
   72   72    1    1    1    1    1    1    1    1  1.67401E+15 0.00157 
   73   73    1    1    1    1    1    1    1    1  1.29098E+15 0.00109 
   74   74    1    1    1    1    1    1    1    1  1.05406E+15 0.00132 
   75   75    1    1    1    1    1    1    1    1  8.78468E+14 0.00117 
   76   76    1    1    1    1    1    1    1    1  1.01649E+15 0.00140 
   77   77    1    1    1    1    1    1    1    1  8.04283E+14 0.00131 
   78   78    1    1    1    1    1    1    1    1  6.27582E+14 0.00129 
   79   79    1    1    1    1    1    1    1    1  6.53312E+14 0.00174 
   80   80    1    1    1    1    1    1    1    1  4.90024E+14 0.00154 
   81   81    1    1    1    1    1    1    1    1  3.79771E+14 0.00153 
   82   82    1    1    1    1    1    1    1    1  2.92763E+14 0.00158 
   83   83    1    1    1    1    1    1    1    1  2.73929E+14 0.00231 
   84   84    1    1    1    1    1    1    1    1  1.96559E+14 0.00198 
   85   85    1    1    1    1    1    1    1    1  1.42243E+14 0.00364 
   86   86    1    1    1    1    1    1    1    1  1.32779E+14 0.00277 
   87   87    1    1    1    1    1    1    1    1  8.17422E+13 0.00397 
   88   88    1    1    1    1    1    1    1    1  5.49707E+13 0.00356 
   89   89    1    1    1    1    1    1    1    1  3.14112E+13 0.00460 
   90   90    1    1    1    1    1    1    1    1  2.09236E+13 0.00749 
   91   91    1    1    1    1    1    1    1    1  1.04343E+13 0.00830 
   92   92    1    1    1    1    1    1    1    1  5.06508E+12 0.01549 
   93   93    1    1    1    1    1    1    1    1  2.42557E+12 0.01938 
   94   94    1    1    1    1    1    1    1    1  1.14950E+12 0.03379 
   95   95    1    1    1    1    1    1    1    1  5.47207E+11 0.03751 
   96   96    1    1    1    1    1    1    1    1  2.87291E+11 0.05102 
   97   97    1    1    1    1    1    1    1    1  1.34046E+11 0.06691 
   98   98    1    1    1    1    1    1    1    1  5.80936E+10 0.13881 
   99   99    1    1    1    1    1    1    1    1  2.48522E+10 0.17546 
  100  100    1    1    1    1    1    1    1    1  2.72933E+10 0.21607 
];


