
DETdpaspec = [
    1    1    1    1    1    1    1    1    1    1  0.00000E+00 0.00000 
    2    2    1    1    1    1    1    1    1    1  0.00000E+00 0.00000 
    3    3    1    1    1    1    1    1    1    1  0.00000E+00 0.00000 
    4    4    1    1    1    1    1    1    1    1  0.00000E+00 0.00000 
    5    5    1    1    1    1    1    1    1    1  1.21750E+07 1.00000 
    6    6    1    1    1    1    1    1    1    1  0.00000E+00 0.00000 
    7    7    1    1    1    1    1    1    1    1  5.95457E+07 0.71105 
    8    8    1    1    1    1    1    1    1    1  3.78398E+07 0.70827 
    9    9    1    1    1    1    1    1    1    1  1.22972E+07 1.00000 
   10   10    1    1    1    1    1    1    1    1  0.00000E+00 0.00000 
   11   11    1    1    1    1    1    1    1    1  1.21693E+08 0.70479 
   12   12    1    1    1    1    1    1    1    1  1.06828E+08 0.45840 
   13   13    1    1    1    1    1    1    1    1  4.33586E+09 0.21901 
   14   14    1    1    1    1    1    1    1    1  3.77174E+09 0.30127 
   15   15    1    1    1    1    1    1    1    1  1.12350E+10 0.22198 
   16   16    1    1    1    1    1    1    1    1  1.78980E+09 0.26531 
   17   17    1    1    1    1    1    1    1    1  6.76281E+09 0.22590 
   18   18    1    1    1    1    1    1    1    1  1.82202E+10 0.25162 
   19   19    1    1    1    1    1    1    1    1  2.52217E+10 0.15148 
   20   20    1    1    1    1    1    1    1    1  7.40389E+10 0.11137 
   21   21    1    1    1    1    1    1    1    1  5.45275E+10 0.06773 
   22   22    1    1    1    1    1    1    1    1  1.59672E+11 0.05829 
   23   23    1    1    1    1    1    1    1    1  2.13577E+11 0.03522 
   24   24    1    1    1    1    1    1    1    1  3.99066E+11 0.04609 
   25   25    1    1    1    1    1    1    1    1  5.87740E+11 0.03078 
   26   26    1    1    1    1    1    1    1    1  1.20113E+12 0.02245 
   27   27    1    1    1    1    1    1    1    1  2.51990E+12 0.01401 
   28   28    1    1    1    1    1    1    1    1  5.42887E+12 0.01289 
   29   29    1    1    1    1    1    1    1    1  7.74701E+12 0.00667 
   30   30    1    1    1    1    1    1    1    1  1.98607E+13 0.00694 
   31   31    1    1    1    1    1    1    1    1  4.79290E+13 0.00410 
   32   32    1    1    1    1    1    1    1    1  7.27960E+13 0.00306 
   33   33    1    1    1    1    1    1    1    1  1.43758E+14 0.00265 
   34   34    1    1    1    1    1    1    1    1  1.66003E+14 0.00183 
   35   35    1    1    1    1    1    1    1    1  2.35452E+14 0.00258 
   36   36    1    1    1    1    1    1    1    1  1.84747E+14 0.00203 
   37   37    1    1    1    1    1    1    1    1  5.83165E+13 0.00208 
   38   38    1    1    1    1    1    1    1    1  2.82153E+14 0.00206 
   39   39    1    1    1    1    1    1    1    1  3.47471E+14 0.00199 
   40   40    1    1    1    1    1    1    1    1  5.75076E+14 0.00210 
   41   41    1    1    1    1    1    1    1    1  5.55780E+14 0.00198 
   42   42    1    1    1    1    1    1    1    1  1.00946E+15 0.00200 
   43   43    1    1    1    1    1    1    1    1  1.10518E+15 0.00164 
   44   44    1    1    1    1    1    1    1    1  1.43201E+15 0.00174 
   45   45    1    1    1    1    1    1    1    1  2.54378E+15 0.00123 
   46   46    1    1    1    1    1    1    1    1  1.32784E+15 0.00093 
   47   47    1    1    1    1    1    1    1    1  1.92200E+15 0.00114 
   48   48    1    1    1    1    1    1    1    1  2.66922E+15 0.00138 
   49   49    1    1    1    1    1    1    1    1  2.43071E+15 0.00128 
   50   50    1    1    1    1    1    1    1    1  3.71053E+15 0.00147 
   51   51    1    1    1    1    1    1    1    1  2.92664E+15 0.00134 
   52   52    1    1    1    1    1    1    1    1  3.30532E+15 0.00114 
   53   53    1    1    1    1    1    1    1    1  2.35277E+15 0.00151 
   54   54    1    1    1    1    1    1    1    1  2.83406E+15 0.00145 
   55   55    1    1    1    1    1    1    1    1  2.00647E+15 0.00156 
   56   56    1    1    1    1    1    1    1    1  2.76831E+14 0.00171 
   57   57    1    1    1    1    1    1    1    1  3.89813E+15 0.00142 
   58   58    1    1    1    1    1    1    1    1  1.69348E+15 0.00120 
   59   59    1    1    1    1    1    1    1    1  1.84480E+15 0.00148 
   60   60    1    1    1    1    1    1    1    1  1.44681E+15 0.00159 
   61   61    1    1    1    1    1    1    1    1  1.44712E+15 0.00168 
   62   62    1    1    1    1    1    1    1    1  1.45392E+15 0.00165 
   63   63    1    1    1    1    1    1    1    1  1.20882E+15 0.00157 
   64   64    1    1    1    1    1    1    1    1  9.51092E+14 0.00162 
   65   65    1    1    1    1    1    1    1    1  9.33529E+14 0.00169 
   66   66    1    1    1    1    1    1    1    1  7.35638E+14 0.00180 
   67   67    1    1    1    1    1    1    1    1  6.06591E+14 0.00182 
   68   68    1    1    1    1    1    1    1    1  5.36932E+14 0.00188 
   69   69    1    1    1    1    1    1    1    1  6.51290E+14 0.00198 
   70   70    1    1    1    1    1    1    1    1  5.59477E+14 0.00232 
   71   71    1    1    1    1    1    1    1    1  1.05161E+15 0.00213 
   72   72    1    1    1    1    1    1    1    1  7.65374E+14 0.00176 
   73   73    1    1    1    1    1    1    1    1  5.88570E+14 0.00173 
   74   74    1    1    1    1    1    1    1    1  4.71132E+14 0.00211 
   75   75    1    1    1    1    1    1    1    1  3.83989E+14 0.00197 
   76   76    1    1    1    1    1    1    1    1  4.35218E+14 0.00198 
   77   77    1    1    1    1    1    1    1    1  3.37148E+14 0.00204 
   78   78    1    1    1    1    1    1    1    1  2.59036E+14 0.00212 
   79   79    1    1    1    1    1    1    1    1  2.66903E+14 0.00247 
   80   80    1    1    1    1    1    1    1    1  1.97377E+14 0.00244 
   81   81    1    1    1    1    1    1    1    1  1.52466E+14 0.00285 
   82   82    1    1    1    1    1    1    1    1  1.16991E+14 0.00274 
   83   83    1    1    1    1    1    1    1    1  1.10197E+14 0.00313 
   84   84    1    1    1    1    1    1    1    1  7.89362E+13 0.00272 
   85   85    1    1    1    1    1    1    1    1  5.71703E+13 0.00384 
   86   86    1    1    1    1    1    1    1    1  5.32037E+13 0.00485 
   87   87    1    1    1    1    1    1    1    1  3.26259E+13 0.00641 
   88   88    1    1    1    1    1    1    1    1  2.23397E+13 0.00530 
   89   89    1    1    1    1    1    1    1    1  1.28677E+13 0.00854 
   90   90    1    1    1    1    1    1    1    1  8.53250E+12 0.01154 
   91   91    1    1    1    1    1    1    1    1  4.25899E+12 0.01027 
   92   92    1    1    1    1    1    1    1    1  2.10912E+12 0.02167 
   93   93    1    1    1    1    1    1    1    1  1.06113E+12 0.02842 
   94   94    1    1    1    1    1    1    1    1  4.72731E+11 0.04596 
   95   95    1    1    1    1    1    1    1    1  2.12419E+11 0.07533 
   96   96    1    1    1    1    1    1    1    1  1.09746E+11 0.08682 
   97   97    1    1    1    1    1    1    1    1  5.84819E+10 0.10572 
   98   98    1    1    1    1    1    1    1    1  2.09221E+10 0.13676 
   99   99    1    1    1    1    1    1    1    1  1.69386E+10 0.35487 
  100  100    1    1    1    1    1    1    1    1  1.33925E+10 0.33026 
];


