
DETdpaspec = [
    1    1    1    1    1    1    1    1    1    1  0.00000E+00 0.00000 
    2    2    1    1    1    1    1    1    1    1  0.00000E+00 0.00000 
    3    3    1    1    1    1    1    1    1    1  0.00000E+00 0.00000 
    4    4    1    1    1    1    1    1    1    1  0.00000E+00 0.00000 
    5    5    1    1    1    1    1    1    1    1  0.00000E+00 0.00000 
    6    6    1    1    1    1    1    1    1    1  1.78618E+07 1.00000 
    7    7    1    1    1    1    1    1    1    1  6.98158E+07 1.00000 
    8    8    1    1    1    1    1    1    1    1  2.58494E+07 1.00000 
    9    9    1    1    1    1    1    1    1    1  0.00000E+00 0.00000 
   10   10    1    1    1    1    1    1    1    1  5.06480E+07 1.00000 
   11   11    1    1    1    1    1    1    1    1  8.22939E+08 0.73899 
   12   12    1    1    1    1    1    1    1    1  2.43423E+08 0.44570 
   13   13    1    1    1    1    1    1    1    1  2.68440E+09 0.36111 
   14   14    1    1    1    1    1    1    1    1  8.78020E+09 0.28745 
   15   15    1    1    1    1    1    1    1    1  1.13550E+10 0.34820 
   16   16    1    1    1    1    1    1    1    1  4.80061E+09 0.28536 
   17   17    1    1    1    1    1    1    1    1  4.61771E+09 0.29038 
   18   18    1    1    1    1    1    1    1    1  1.11739E+10 0.27055 
   19   19    1    1    1    1    1    1    1    1  2.51007E+10 0.16809 
   20   20    1    1    1    1    1    1    1    1  7.60024E+10 0.11222 
   21   21    1    1    1    1    1    1    1    1  7.14008E+10 0.07490 
   22   22    1    1    1    1    1    1    1    1  1.45554E+11 0.06670 
   23   23    1    1    1    1    1    1    1    1  2.68445E+11 0.03740 
   24   24    1    1    1    1    1    1    1    1  6.40103E+11 0.02862 
   25   25    1    1    1    1    1    1    1    1  1.07581E+12 0.02728 
   26   26    1    1    1    1    1    1    1    1  2.30738E+12 0.01752 
   27   27    1    1    1    1    1    1    1    1  4.86588E+12 0.01206 
   28   28    1    1    1    1    1    1    1    1  1.15515E+13 0.00804 
   29   29    1    1    1    1    1    1    1    1  1.80012E+13 0.00949 
   30   30    1    1    1    1    1    1    1    1  3.95275E+13 0.00624 
   31   31    1    1    1    1    1    1    1    1  9.32226E+13 0.00338 
   32   32    1    1    1    1    1    1    1    1  1.37223E+14 0.00258 
   33   33    1    1    1    1    1    1    1    1  2.70431E+14 0.00216 
   34   34    1    1    1    1    1    1    1    1  3.24999E+14 0.00203 
   35   35    1    1    1    1    1    1    1    1  4.23402E+14 0.00162 
   36   36    1    1    1    1    1    1    1    1  3.22840E+14 0.00130 
   37   37    1    1    1    1    1    1    1    1  9.87199E+13 0.00139 
   38   38    1    1    1    1    1    1    1    1  4.91564E+14 0.00145 
   39   39    1    1    1    1    1    1    1    1  6.05477E+14 0.00121 
   40   40    1    1    1    1    1    1    1    1  1.02217E+15 0.00090 
   41   41    1    1    1    1    1    1    1    1  9.64445E+14 0.00101 
   42   42    1    1    1    1    1    1    1    1  1.78571E+15 0.00108 
   43   43    1    1    1    1    1    1    1    1  1.96390E+15 0.00072 
   44   44    1    1    1    1    1    1    1    1  2.56392E+15 0.00075 
   45   45    1    1    1    1    1    1    1    1  4.62256E+15 0.00072 
   46   46    1    1    1    1    1    1    1    1  2.42246E+15 0.00072 
   47   47    1    1    1    1    1    1    1    1  3.47849E+15 0.00073 
   48   48    1    1    1    1    1    1    1    1  4.87784E+15 0.00053 
   49   49    1    1    1    1    1    1    1    1  4.41461E+15 0.00068 
   50   50    1    1    1    1    1    1    1    1  6.88717E+15 0.00056 
   51   51    1    1    1    1    1    1    1    1  5.38669E+15 0.00061 
   52   52    1    1    1    1    1    1    1    1  6.20192E+15 0.00068 
   53   53    1    1    1    1    1    1    1    1  4.41945E+15 0.00061 
   54   54    1    1    1    1    1    1    1    1  5.43335E+15 0.00067 
   55   55    1    1    1    1    1    1    1    1  3.85044E+15 0.00071 
   56   56    1    1    1    1    1    1    1    1  5.30303E+14 0.00080 
   57   57    1    1    1    1    1    1    1    1  7.48904E+15 0.00063 
   58   58    1    1    1    1    1    1    1    1  3.33731E+15 0.00076 
   59   59    1    1    1    1    1    1    1    1  3.61986E+15 0.00075 
   60   60    1    1    1    1    1    1    1    1  2.90040E+15 0.00074 
   61   61    1    1    1    1    1    1    1    1  2.89647E+15 0.00063 
   62   62    1    1    1    1    1    1    1    1  2.92566E+15 0.00078 
   63   63    1    1    1    1    1    1    1    1  2.45326E+15 0.00076 
   64   64    1    1    1    1    1    1    1    1  1.93743E+15 0.00080 
   65   65    1    1    1    1    1    1    1    1  1.89959E+15 0.00115 
   66   66    1    1    1    1    1    1    1    1  1.50948E+15 0.00099 
   67   67    1    1    1    1    1    1    1    1  1.23814E+15 0.00136 
   68   68    1    1    1    1    1    1    1    1  1.09481E+15 0.00086 
   69   69    1    1    1    1    1    1    1    1  1.33152E+15 0.00095 
   70   70    1    1    1    1    1    1    1    1  1.14055E+15 0.00093 
   71   71    1    1    1    1    1    1    1    1  2.11275E+15 0.00080 
   72   72    1    1    1    1    1    1    1    1  1.53379E+15 0.00111 
   73   73    1    1    1    1    1    1    1    1  1.18496E+15 0.00085 
   74   74    1    1    1    1    1    1    1    1  9.64901E+14 0.00128 
   75   75    1    1    1    1    1    1    1    1  7.96693E+14 0.00113 
   76   76    1    1    1    1    1    1    1    1  9.20806E+14 0.00096 
   77   77    1    1    1    1    1    1    1    1  7.23593E+14 0.00148 
   78   78    1    1    1    1    1    1    1    1  5.63783E+14 0.00185 
   79   79    1    1    1    1    1    1    1    1  5.84863E+14 0.00167 
   80   80    1    1    1    1    1    1    1    1  4.36804E+14 0.00158 
   81   81    1    1    1    1    1    1    1    1  3.37497E+14 0.00157 
   82   82    1    1    1    1    1    1    1    1  2.60800E+14 0.00212 
   83   83    1    1    1    1    1    1    1    1  2.43741E+14 0.00208 
   84   84    1    1    1    1    1    1    1    1  1.75182E+14 0.00209 
   85   85    1    1    1    1    1    1    1    1  1.27243E+14 0.00249 
   86   86    1    1    1    1    1    1    1    1  1.19134E+14 0.00336 
   87   87    1    1    1    1    1    1    1    1  7.33872E+13 0.00320 
   88   88    1    1    1    1    1    1    1    1  4.88671E+13 0.00515 
   89   89    1    1    1    1    1    1    1    1  2.81549E+13 0.00588 
   90   90    1    1    1    1    1    1    1    1  1.88765E+13 0.00664 
   91   91    1    1    1    1    1    1    1    1  9.50706E+12 0.01160 
   92   92    1    1    1    1    1    1    1    1  4.64180E+12 0.01508 
   93   93    1    1    1    1    1    1    1    1  2.14026E+12 0.01951 
   94   94    1    1    1    1    1    1    1    1  1.13968E+12 0.02650 
   95   95    1    1    1    1    1    1    1    1  4.85719E+11 0.04238 
   96   96    1    1    1    1    1    1    1    1  2.27684E+11 0.05393 
   97   97    1    1    1    1    1    1    1    1  1.24618E+11 0.07134 
   98   98    1    1    1    1    1    1    1    1  4.37803E+10 0.10342 
   99   99    1    1    1    1    1    1    1    1  2.12375E+10 0.15974 
  100  100    1    1    1    1    1    1    1    1  2.70093E+10 0.23828 
];


