
DETdpaspec = [
    1    1    1    1    1    1    1    1    1    1  0.00000E+00 0.00000 
    2    2    1    1    1    1    1    1    1    1  0.00000E+00 0.00000 
    3    3    1    1    1    1    1    1    1    1  0.00000E+00 0.00000 
    4    4    1    1    1    1    1    1    1    1  0.00000E+00 0.00000 
    5    5    1    1    1    1    1    1    1    1  0.00000E+00 0.00000 
    6    6    1    1    1    1    1    1    1    1  1.17954E+07 1.00000 
    7    7    1    1    1    1    1    1    1    1  0.00000E+00 0.00000 
    8    8    1    1    1    1    1    1    1    1  2.03606E+07 1.00000 
    9    9    1    1    1    1    1    1    1    1  0.00000E+00 0.00000 
   10   10    1    1    1    1    1    1    1    1  5.17972E+07 1.00000 
   11   11    1    1    1    1    1    1    1    1  2.43243E+08 0.68893 
   12   12    1    1    1    1    1    1    1    1  1.50729E+08 0.45494 
   13   13    1    1    1    1    1    1    1    1  8.24440E+08 0.51386 
   14   14    1    1    1    1    1    1    1    1  1.08191E+09 0.63149 
   15   15    1    1    1    1    1    1    1    1  4.18838E+09 0.43966 
   16   16    1    1    1    1    1    1    1    1  1.06259E+09 0.33596 
   17   17    1    1    1    1    1    1    1    1  3.93508E+09 0.20895 
   18   18    1    1    1    1    1    1    1    1  9.23278E+09 0.16264 
   19   19    1    1    1    1    1    1    1    1  1.72851E+10 0.17105 
   20   20    1    1    1    1    1    1    1    1  4.08774E+10 0.11547 
   21   21    1    1    1    1    1    1    1    1  3.66676E+10 0.10230 
   22   22    1    1    1    1    1    1    1    1  8.96295E+10 0.07163 
   23   23    1    1    1    1    1    1    1    1  1.35036E+11 0.06251 
   24   24    1    1    1    1    1    1    1    1  2.22096E+11 0.04900 
   25   25    1    1    1    1    1    1    1    1  3.11051E+11 0.04301 
   26   26    1    1    1    1    1    1    1    1  6.13498E+11 0.02716 
   27   27    1    1    1    1    1    1    1    1  1.22216E+12 0.02313 
   28   28    1    1    1    1    1    1    1    1  2.50017E+12 0.01227 
   29   29    1    1    1    1    1    1    1    1  3.31611E+12 0.01564 
   30   30    1    1    1    1    1    1    1    1  8.74298E+12 0.01090 
   31   31    1    1    1    1    1    1    1    1  2.10925E+13 0.00699 
   32   32    1    1    1    1    1    1    1    1  3.13890E+13 0.00403 
   33   33    1    1    1    1    1    1    1    1  6.05955E+13 0.00310 
   34   34    1    1    1    1    1    1    1    1  6.84974E+13 0.00282 
   35   35    1    1    1    1    1    1    1    1  9.91202E+13 0.00241 
   36   36    1    1    1    1    1    1    1    1  7.73253E+13 0.00209 
   37   37    1    1    1    1    1    1    1    1  2.46273E+13 0.00305 
   38   38    1    1    1    1    1    1    1    1  1.17004E+14 0.00334 
   39   39    1    1    1    1    1    1    1    1  1.43433E+14 0.00334 
   40   40    1    1    1    1    1    1    1    1  2.32773E+14 0.00279 
   41   41    1    1    1    1    1    1    1    1  2.26775E+14 0.00312 
   42   42    1    1    1    1    1    1    1    1  4.03956E+14 0.00275 
   43   43    1    1    1    1    1    1    1    1  4.39633E+14 0.00229 
   44   44    1    1    1    1    1    1    1    1  5.63644E+14 0.00225 
   45   45    1    1    1    1    1    1    1    1  9.84379E+14 0.00249 
   46   46    1    1    1    1    1    1    1    1  5.08940E+14 0.00258 
   47   47    1    1    1    1    1    1    1    1  7.37128E+14 0.00259 
   48   48    1    1    1    1    1    1    1    1  1.01435E+15 0.00270 
   49   49    1    1    1    1    1    1    1    1  9.22648E+14 0.00271 
   50   50    1    1    1    1    1    1    1    1  1.38991E+15 0.00264 
   51   51    1    1    1    1    1    1    1    1  1.09651E+15 0.00261 
   52   52    1    1    1    1    1    1    1    1  1.22091E+15 0.00281 
   53   53    1    1    1    1    1    1    1    1  8.66406E+14 0.00268 
   54   54    1    1    1    1    1    1    1    1  1.03247E+15 0.00263 
   55   55    1    1    1    1    1    1    1    1  7.30041E+14 0.00299 
   56   56    1    1    1    1    1    1    1    1  1.00901E+14 0.00345 
   57   57    1    1    1    1    1    1    1    1  1.41358E+15 0.00260 
   58   58    1    1    1    1    1    1    1    1  6.03905E+14 0.00265 
   59   59    1    1    1    1    1    1    1    1  6.56823E+14 0.00261 
   60   60    1    1    1    1    1    1    1    1  5.10355E+14 0.00304 
   61   61    1    1    1    1    1    1    1    1  5.08844E+14 0.00353 
   62   62    1    1    1    1    1    1    1    1  5.10831E+14 0.00292 
   63   63    1    1    1    1    1    1    1    1  4.21720E+14 0.00304 
   64   64    1    1    1    1    1    1    1    1  3.30829E+14 0.00331 
   65   65    1    1    1    1    1    1    1    1  3.24354E+14 0.00318 
   66   66    1    1    1    1    1    1    1    1  2.54907E+14 0.00337 
   67   67    1    1    1    1    1    1    1    1  2.09985E+14 0.00331 
   68   68    1    1    1    1    1    1    1    1  1.86370E+14 0.00364 
   69   69    1    1    1    1    1    1    1    1  2.25925E+14 0.00313 
   70   70    1    1    1    1    1    1    1    1  1.93043E+14 0.00398 
   71   71    1    1    1    1    1    1    1    1  3.65494E+14 0.00341 
   72   72    1    1    1    1    1    1    1    1  2.64984E+14 0.00367 
   73   73    1    1    1    1    1    1    1    1  2.02861E+14 0.00456 
   74   74    1    1    1    1    1    1    1    1  1.61319E+14 0.00502 
   75   75    1    1    1    1    1    1    1    1  1.29960E+14 0.00433 
   76   76    1    1    1    1    1    1    1    1  1.46721E+14 0.00419 
   77   77    1    1    1    1    1    1    1    1  1.13142E+14 0.00408 
   78   78    1    1    1    1    1    1    1    1  8.63153E+13 0.00446 
   79   79    1    1    1    1    1    1    1    1  8.82556E+13 0.00479 
   80   80    1    1    1    1    1    1    1    1  6.55842E+13 0.00423 
   81   81    1    1    1    1    1    1    1    1  5.04340E+13 0.00599 
   82   82    1    1    1    1    1    1    1    1  3.82087E+13 0.00510 
   83   83    1    1    1    1    1    1    1    1  3.58334E+13 0.00544 
   84   84    1    1    1    1    1    1    1    1  2.59320E+13 0.00684 
   85   85    1    1    1    1    1    1    1    1  1.86173E+13 0.00777 
   86   86    1    1    1    1    1    1    1    1  1.76109E+13 0.00921 
   87   87    1    1    1    1    1    1    1    1  1.08448E+13 0.01063 
   88   88    1    1    1    1    1    1    1    1  7.40508E+12 0.01150 
   89   89    1    1    1    1    1    1    1    1  4.36158E+12 0.01925 
   90   90    1    1    1    1    1    1    1    1  2.97956E+12 0.01519 
   91   91    1    1    1    1    1    1    1    1  1.46168E+12 0.02842 
   92   92    1    1    1    1    1    1    1    1  6.76082E+11 0.03526 
   93   93    1    1    1    1    1    1    1    1  3.25701E+11 0.05620 
   94   94    1    1    1    1    1    1    1    1  1.58562E+11 0.07488 
   95   95    1    1    1    1    1    1    1    1  7.13686E+10 0.08829 
   96   96    1    1    1    1    1    1    1    1  3.39015E+10 0.21263 
   97   97    1    1    1    1    1    1    1    1  1.64426E+10 0.18682 
   98   98    1    1    1    1    1    1    1    1  7.11261E+09 0.31197 
   99   99    1    1    1    1    1    1    1    1  5.59486E+09 0.41881 
  100  100    1    1    1    1    1    1    1    1  2.02083E+09 0.81026 
];


