
DETdpaspec = [
    1    1    1    1    1    1    1    1    1    1  0.00000E+00 0.00000 
    2    2    1    1    1    1    1    1    1    1  0.00000E+00 0.00000 
    3    3    1    1    1    1    1    1    1    1  0.00000E+00 0.00000 
    4    4    1    1    1    1    1    1    1    1  2.96559E+07 0.68850 
    5    5    1    1    1    1    1    1    1    1  0.00000E+00 0.00000 
    6    6    1    1    1    1    1    1    1    1  1.18611E+07 1.00000 
    7    7    1    1    1    1    1    1    1    1  2.31281E+07 1.00000 
    8    8    1    1    1    1    1    1    1    1  1.87231E+07 1.00000 
    9    9    1    1    1    1    1    1    1    1  3.41278E+07 0.68949 
   10   10    1    1    1    1    1    1    1    1  4.02797E+08 0.41860 
   11   11    1    1    1    1    1    1    1    1  3.75355E+08 0.49798 
   12   12    1    1    1    1    1    1    1    1  1.50575E+08 0.36085 
   13   13    1    1    1    1    1    1    1    1  1.69017E+09 0.30317 
   14   14    1    1    1    1    1    1    1    1  6.38243E+09 0.28108 
   15   15    1    1    1    1    1    1    1    1  9.62723E+09 0.29806 
   16   16    1    1    1    1    1    1    1    1  4.89499E+09 0.24091 
   17   17    1    1    1    1    1    1    1    1  7.85484E+09 0.15641 
   18   18    1    1    1    1    1    1    1    1  2.25764E+10 0.17242 
   19   19    1    1    1    1    1    1    1    1  2.80520E+10 0.15483 
   20   20    1    1    1    1    1    1    1    1  7.64805E+10 0.09850 
   21   21    1    1    1    1    1    1    1    1  6.25186E+10 0.09650 
   22   22    1    1    1    1    1    1    1    1  1.56848E+11 0.05472 
   23   23    1    1    1    1    1    1    1    1  2.47276E+11 0.06165 
   24   24    1    1    1    1    1    1    1    1  4.68919E+11 0.04082 
   25   25    1    1    1    1    1    1    1    1  6.75671E+11 0.03381 
   26   26    1    1    1    1    1    1    1    1  1.39261E+12 0.01536 
   27   27    1    1    1    1    1    1    1    1  2.99724E+12 0.01351 
   28   28    1    1    1    1    1    1    1    1  6.63826E+12 0.00734 
   29   29    1    1    1    1    1    1    1    1  9.66864E+12 0.00910 
   30   30    1    1    1    1    1    1    1    1  2.45397E+13 0.00553 
   31   31    1    1    1    1    1    1    1    1  5.95942E+13 0.00419 
   32   32    1    1    1    1    1    1    1    1  9.02467E+13 0.00276 
   33   33    1    1    1    1    1    1    1    1  1.79719E+14 0.00240 
   34   34    1    1    1    1    1    1    1    1  2.11545E+14 0.00172 
   35   35    1    1    1    1    1    1    1    1  2.94827E+14 0.00159 
   36   36    1    1    1    1    1    1    1    1  2.30472E+14 0.00167 
   37   37    1    1    1    1    1    1    1    1  7.21130E+13 0.00174 
   38   38    1    1    1    1    1    1    1    1  3.51701E+14 0.00129 
   39   39    1    1    1    1    1    1    1    1  4.34821E+14 0.00190 
   40   40    1    1    1    1    1    1    1    1  7.24274E+14 0.00118 
   41   41    1    1    1    1    1    1    1    1  6.98405E+14 0.00125 
   42   42    1    1    1    1    1    1    1    1  1.27632E+15 0.00110 
   43   43    1    1    1    1    1    1    1    1  1.40210E+15 0.00095 
   44   44    1    1    1    1    1    1    1    1  1.82434E+15 0.00107 
   45   45    1    1    1    1    1    1    1    1  3.26138E+15 0.00111 
   46   46    1    1    1    1    1    1    1    1  1.70613E+15 0.00110 
   47   47    1    1    1    1    1    1    1    1  2.46843E+15 0.00105 
   48   48    1    1    1    1    1    1    1    1  3.43942E+15 0.00121 
   49   49    1    1    1    1    1    1    1    1  3.13272E+15 0.00109 
   50   50    1    1    1    1    1    1    1    1  4.81933E+15 0.00114 
   51   51    1    1    1    1    1    1    1    1  3.79588E+15 0.00120 
   52   52    1    1    1    1    1    1    1    1  4.31300E+15 0.00123 
   53   53    1    1    1    1    1    1    1    1  3.07439E+15 0.00137 
   54   54    1    1    1    1    1    1    1    1  3.72627E+15 0.00136 
   55   55    1    1    1    1    1    1    1    1  2.63970E+15 0.00124 
   56   56    1    1    1    1    1    1    1    1  3.64711E+14 0.00193 
   57   57    1    1    1    1    1    1    1    1  5.13596E+15 0.00136 
   58   58    1    1    1    1    1    1    1    1  2.24622E+15 0.00138 
   59   59    1    1    1    1    1    1    1    1  2.44358E+15 0.00142 
   60   60    1    1    1    1    1    1    1    1  1.93284E+15 0.00151 
   61   61    1    1    1    1    1    1    1    1  1.93092E+15 0.00129 
   62   62    1    1    1    1    1    1    1    1  1.94245E+15 0.00160 
   63   63    1    1    1    1    1    1    1    1  1.61898E+15 0.00142 
   64   64    1    1    1    1    1    1    1    1  1.27555E+15 0.00179 
   65   65    1    1    1    1    1    1    1    1  1.25209E+15 0.00170 
   66   66    1    1    1    1    1    1    1    1  9.91149E+14 0.00165 
   67   67    1    1    1    1    1    1    1    1  8.16320E+14 0.00155 
   68   68    1    1    1    1    1    1    1    1  7.22297E+14 0.00208 
   69   69    1    1    1    1    1    1    1    1  8.76429E+14 0.00200 
   70   70    1    1    1    1    1    1    1    1  7.52876E+14 0.00165 
   71   71    1    1    1    1    1    1    1    1  1.40958E+15 0.00147 
   72   72    1    1    1    1    1    1    1    1  1.02501E+15 0.00185 
   73   73    1    1    1    1    1    1    1    1  7.89993E+14 0.00172 
   74   74    1    1    1    1    1    1    1    1  6.34262E+14 0.00211 
   75   75    1    1    1    1    1    1    1    1  5.19336E+14 0.00206 
   76   76    1    1    1    1    1    1    1    1  5.92883E+14 0.00180 
   77   77    1    1    1    1    1    1    1    1  4.60214E+14 0.00198 
   78   78    1    1    1    1    1    1    1    1  3.54859E+14 0.00171 
   79   79    1    1    1    1    1    1    1    1  3.66396E+14 0.00204 
   80   80    1    1    1    1    1    1    1    1  2.72262E+14 0.00215 
   81   81    1    1    1    1    1    1    1    1  2.10517E+14 0.00245 
   82   82    1    1    1    1    1    1    1    1  1.62332E+14 0.00267 
   83   83    1    1    1    1    1    1    1    1  1.51269E+14 0.00240 
   84   84    1    1    1    1    1    1    1    1  1.08829E+14 0.00333 
   85   85    1    1    1    1    1    1    1    1  7.87172E+13 0.00325 
   86   86    1    1    1    1    1    1    1    1  7.36523E+13 0.00506 
   87   87    1    1    1    1    1    1    1    1  4.56065E+13 0.00497 
   88   88    1    1    1    1    1    1    1    1  3.04337E+13 0.00606 
   89   89    1    1    1    1    1    1    1    1  1.79243E+13 0.00708 
   90   90    1    1    1    1    1    1    1    1  1.18526E+13 0.01105 
   91   91    1    1    1    1    1    1    1    1  5.96591E+12 0.01191 
   92   92    1    1    1    1    1    1    1    1  2.93746E+12 0.01888 
   93   93    1    1    1    1    1    1    1    1  1.38715E+12 0.02082 
   94   94    1    1    1    1    1    1    1    1  6.49360E+11 0.03690 
   95   95    1    1    1    1    1    1    1    1  3.17888E+11 0.06250 
   96   96    1    1    1    1    1    1    1    1  1.54891E+11 0.08716 
   97   97    1    1    1    1    1    1    1    1  7.98506E+10 0.10290 
   98   98    1    1    1    1    1    1    1    1  4.22160E+10 0.15098 
   99   99    1    1    1    1    1    1    1    1  2.30242E+10 0.19595 
  100  100    1    1    1    1    1    1    1    1  1.66446E+10 0.20436 
];


