
DETdpaspec = [
    1    1    1    1    1    1    1    1    1    1  0.00000E+00 0.00000 
    2    2    1    1    1    1    1    1    1    1  0.00000E+00 0.00000 
    3    3    1    1    1    1    1    1    1    1  0.00000E+00 0.00000 
    4    4    1    1    1    1    1    1    1    1  0.00000E+00 0.00000 
    5    5    1    1    1    1    1    1    1    1  1.23761E+07 1.00000 
    6    6    1    1    1    1    1    1    1    1  1.16343E+07 1.00000 
    7    7    1    1    1    1    1    1    1    1  2.01110E+07 1.00000 
    8    8    1    1    1    1    1    1    1    1  4.70781E+07 0.68833 
    9    9    1    1    1    1    1    1    1    1  2.12854E+07 0.68941 
   10   10    1    1    1    1    1    1    1    1  1.00404E+08 0.70276 
   11   11    1    1    1    1    1    1    1    1  4.16403E+08 0.53346 
   12   12    1    1    1    1    1    1    1    1  7.35582E+07 0.70136 
   13   13    1    1    1    1    1    1    1    1  1.58211E+09 0.34759 
   14   14    1    1    1    1    1    1    1    1  5.24547E+09 0.30610 
   15   15    1    1    1    1    1    1    1    1  7.64181E+09 0.28028 
   16   16    1    1    1    1    1    1    1    1  4.49996E+09 0.30300 
   17   17    1    1    1    1    1    1    1    1  8.94703E+09 0.13881 
   18   18    1    1    1    1    1    1    1    1  1.60225E+10 0.15965 
   19   19    1    1    1    1    1    1    1    1  2.09788E+10 0.12721 
   20   20    1    1    1    1    1    1    1    1  5.90976E+10 0.11872 
   21   21    1    1    1    1    1    1    1    1  4.99402E+10 0.10090 
   22   22    1    1    1    1    1    1    1    1  1.48758E+11 0.05297 
   23   23    1    1    1    1    1    1    1    1  2.29005E+11 0.05101 
   24   24    1    1    1    1    1    1    1    1  4.10669E+11 0.04187 
   25   25    1    1    1    1    1    1    1    1  6.02252E+11 0.03396 
   26   26    1    1    1    1    1    1    1    1  1.18338E+12 0.02814 
   27   27    1    1    1    1    1    1    1    1  2.47168E+12 0.01541 
   28   28    1    1    1    1    1    1    1    1  5.47482E+12 0.01121 
   29   29    1    1    1    1    1    1    1    1  7.65784E+12 0.00825 
   30   30    1    1    1    1    1    1    1    1  2.00002E+13 0.00727 
   31   31    1    1    1    1    1    1    1    1  4.82033E+13 0.00422 
   32   32    1    1    1    1    1    1    1    1  7.35518E+13 0.00287 
   33   33    1    1    1    1    1    1    1    1  1.45695E+14 0.00314 
   34   34    1    1    1    1    1    1    1    1  1.69062E+14 0.00325 
   35   35    1    1    1    1    1    1    1    1  2.40054E+14 0.00249 
   36   36    1    1    1    1    1    1    1    1  1.88308E+14 0.00214 
   37   37    1    1    1    1    1    1    1    1  5.91136E+13 0.00217 
   38   38    1    1    1    1    1    1    1    1  2.87117E+14 0.00216 
   39   39    1    1    1    1    1    1    1    1  3.54452E+14 0.00192 
   40   40    1    1    1    1    1    1    1    1  5.85956E+14 0.00192 
   41   41    1    1    1    1    1    1    1    1  5.66518E+14 0.00178 
   42   42    1    1    1    1    1    1    1    1  1.02873E+15 0.00170 
   43   43    1    1    1    1    1    1    1    1  1.12596E+15 0.00170 
   44   44    1    1    1    1    1    1    1    1  1.46214E+15 0.00130 
   45   45    1    1    1    1    1    1    1    1  2.59400E+15 0.00161 
   46   46    1    1    1    1    1    1    1    1  1.35357E+15 0.00155 
   47   47    1    1    1    1    1    1    1    1  1.95996E+15 0.00157 
   48   48    1    1    1    1    1    1    1    1  2.72334E+15 0.00152 
   49   49    1    1    1    1    1    1    1    1  2.47820E+15 0.00158 
   50   50    1    1    1    1    1    1    1    1  3.78582E+15 0.00155 
   51   51    1    1    1    1    1    1    1    1  2.98538E+15 0.00163 
   52   52    1    1    1    1    1    1    1    1  3.37131E+15 0.00169 
   53   53    1    1    1    1    1    1    1    1  2.40174E+15 0.00151 
   54   54    1    1    1    1    1    1    1    1  2.89479E+15 0.00151 
   55   55    1    1    1    1    1    1    1    1  2.05256E+15 0.00167 
   56   56    1    1    1    1    1    1    1    1  2.83294E+14 0.00135 
   57   57    1    1    1    1    1    1    1    1  3.98097E+15 0.00153 
   58   58    1    1    1    1    1    1    1    1  1.72782E+15 0.00180 
   59   59    1    1    1    1    1    1    1    1  1.88346E+15 0.00154 
   60   60    1    1    1    1    1    1    1    1  1.47662E+15 0.00191 
   61   61    1    1    1    1    1    1    1    1  1.47743E+15 0.00148 
   62   62    1    1    1    1    1    1    1    1  1.48581E+15 0.00171 
   63   63    1    1    1    1    1    1    1    1  1.23468E+15 0.00175 
   64   64    1    1    1    1    1    1    1    1  9.70940E+14 0.00150 
   65   65    1    1    1    1    1    1    1    1  9.53050E+14 0.00183 
   66   66    1    1    1    1    1    1    1    1  7.52583E+14 0.00204 
   67   67    1    1    1    1    1    1    1    1  6.20024E+14 0.00178 
   68   68    1    1    1    1    1    1    1    1  5.49504E+14 0.00188 
   69   69    1    1    1    1    1    1    1    1  6.66313E+14 0.00234 
   70   70    1    1    1    1    1    1    1    1  5.71625E+14 0.00230 
   71   71    1    1    1    1    1    1    1    1  1.07237E+15 0.00203 
   72   72    1    1    1    1    1    1    1    1  7.79643E+14 0.00252 
   73   73    1    1    1    1    1    1    1    1  5.99966E+14 0.00244 
   74   74    1    1    1    1    1    1    1    1  4.81314E+14 0.00205 
   75   75    1    1    1    1    1    1    1    1  3.91965E+14 0.00204 
   76   76    1    1    1    1    1    1    1    1  4.44868E+14 0.00270 
   77   77    1    1    1    1    1    1    1    1  3.45538E+14 0.00220 
   78   78    1    1    1    1    1    1    1    1  2.65135E+14 0.00212 
   79   79    1    1    1    1    1    1    1    1  2.72557E+14 0.00223 
   80   80    1    1    1    1    1    1    1    1  2.02232E+14 0.00183 
   81   81    1    1    1    1    1    1    1    1  1.56073E+14 0.00290 
   82   82    1    1    1    1    1    1    1    1  1.19808E+14 0.00433 
   83   83    1    1    1    1    1    1    1    1  1.12494E+14 0.00280 
   84   84    1    1    1    1    1    1    1    1  8.06640E+13 0.00319 
   85   85    1    1    1    1    1    1    1    1  5.81929E+13 0.00401 
   86   86    1    1    1    1    1    1    1    1  5.42005E+13 0.00339 
   87   87    1    1    1    1    1    1    1    1  3.35140E+13 0.00498 
   88   88    1    1    1    1    1    1    1    1  2.29520E+13 0.00628 
   89   89    1    1    1    1    1    1    1    1  1.32816E+13 0.00945 
   90   90    1    1    1    1    1    1    1    1  8.70115E+12 0.01075 
   91   91    1    1    1    1    1    1    1    1  4.50453E+12 0.01608 
   92   92    1    1    1    1    1    1    1    1  2.14696E+12 0.01871 
   93   93    1    1    1    1    1    1    1    1  1.07770E+12 0.02605 
   94   94    1    1    1    1    1    1    1    1  5.24287E+11 0.03050 
   95   95    1    1    1    1    1    1    1    1  2.37465E+11 0.05912 
   96   96    1    1    1    1    1    1    1    1  1.23896E+11 0.10515 
   97   97    1    1    1    1    1    1    1    1  5.10819E+10 0.08650 
   98   98    1    1    1    1    1    1    1    1  2.15394E+10 0.18199 
   99   99    1    1    1    1    1    1    1    1  1.61978E+10 0.25167 
  100  100    1    1    1    1    1    1    1    1  1.32577E+10 0.25401 
];


