
DETdpaspec = [
    1    1    1    1    1    1    1    1    1    1  0.00000E+00 0.00000 
    2    2    1    1    1    1    1    1    1    1  0.00000E+00 0.00000 
    3    3    1    1    1    1    1    1    1    1  0.00000E+00 0.00000 
    4    4    1    1    1    1    1    1    1    1  0.00000E+00 0.00000 
    5    5    1    1    1    1    1    1    1    1  0.00000E+00 0.00000 
    6    6    1    1    1    1    1    1    1    1  1.02640E+07 1.00000 
    7    7    1    1    1    1    1    1    1    1  4.26357E+07 1.00000 
    8    8    1    1    1    1    1    1    1    1  0.00000E+00 0.00000 
    9    9    1    1    1    1    1    1    1    1  2.76548E+07 1.00000 
   10   10    1    1    1    1    1    1    1    1  1.02383E+08 0.68828 
   11   11    1    1    1    1    1    1    1    1  1.63298E+08 0.55577 
   12   12    1    1    1    1    1    1    1    1  1.98652E+08 0.56310 
   13   13    1    1    1    1    1    1    1    1  6.82701E+08 0.51237 
   14   14    1    1    1    1    1    1    1    1  4.46328E+09 0.31158 
   15   15    1    1    1    1    1    1    1    1  6.12513E+09 0.34960 
   16   16    1    1    1    1    1    1    1    1  3.85977E+09 0.31256 
   17   17    1    1    1    1    1    1    1    1  8.95455E+09 0.16541 
   18   18    1    1    1    1    1    1    1    1  1.56019E+10 0.15271 
   19   19    1    1    1    1    1    1    1    1  1.77057E+10 0.12218 
   20   20    1    1    1    1    1    1    1    1  6.30468E+10 0.08346 
   21   21    1    1    1    1    1    1    1    1  4.61290E+10 0.09763 
   22   22    1    1    1    1    1    1    1    1  1.24734E+11 0.05649 
   23   23    1    1    1    1    1    1    1    1  1.96056E+11 0.03329 
   24   24    1    1    1    1    1    1    1    1  3.24137E+11 0.02628 
   25   25    1    1    1    1    1    1    1    1  4.64875E+11 0.03285 
   26   26    1    1    1    1    1    1    1    1  9.24724E+11 0.02110 
   27   27    1    1    1    1    1    1    1    1  2.01797E+12 0.01266 
   28   28    1    1    1    1    1    1    1    1  4.25056E+12 0.01136 
   29   29    1    1    1    1    1    1    1    1  5.82516E+12 0.00808 
   30   30    1    1    1    1    1    1    1    1  1.55687E+13 0.00648 
   31   31    1    1    1    1    1    1    1    1  3.70943E+13 0.00600 
   32   32    1    1    1    1    1    1    1    1  5.54895E+13 0.00392 
   33   33    1    1    1    1    1    1    1    1  1.08700E+14 0.00215 
   34   34    1    1    1    1    1    1    1    1  1.24297E+14 0.00243 
   35   35    1    1    1    1    1    1    1    1  1.78557E+14 0.00211 
   36   36    1    1    1    1    1    1    1    1  1.39811E+14 0.00205 
   37   37    1    1    1    1    1    1    1    1  4.42182E+13 0.00132 
   38   38    1    1    1    1    1    1    1    1  2.12843E+14 0.00206 
   39   39    1    1    1    1    1    1    1    1  2.61490E+14 0.00217 
   40   40    1    1    1    1    1    1    1    1  4.29916E+14 0.00178 
   41   41    1    1    1    1    1    1    1    1  4.17059E+14 0.00169 
   42   42    1    1    1    1    1    1    1    1  7.52005E+14 0.00134 
   43   43    1    1    1    1    1    1    1    1  8.19933E+14 0.00169 
   44   44    1    1    1    1    1    1    1    1  1.05892E+15 0.00176 
   45   45    1    1    1    1    1    1    1    1  1.86736E+15 0.00190 
   46   46    1    1    1    1    1    1    1    1  9.70738E+14 0.00180 
   47   47    1    1    1    1    1    1    1    1  1.40476E+15 0.00167 
   48   48    1    1    1    1    1    1    1    1  1.94465E+15 0.00187 
   49   49    1    1    1    1    1    1    1    1  1.77063E+15 0.00164 
   50   50    1    1    1    1    1    1    1    1  2.68900E+15 0.00181 
   51   51    1    1    1    1    1    1    1    1  2.12076E+15 0.00183 
   52   52    1    1    1    1    1    1    1    1  2.37627E+15 0.00179 
   53   53    1    1    1    1    1    1    1    1  1.69103E+15 0.00191 
   54   54    1    1    1    1    1    1    1    1  2.02562E+15 0.00203 
   55   55    1    1    1    1    1    1    1    1  1.43425E+15 0.00211 
   56   56    1    1    1    1    1    1    1    1  1.98726E+14 0.00243 
   57   57    1    1    1    1    1    1    1    1  2.78297E+15 0.00198 
   58   58    1    1    1    1    1    1    1    1  1.20044E+15 0.00200 
   59   59    1    1    1    1    1    1    1    1  1.30729E+15 0.00189 
   60   60    1    1    1    1    1    1    1    1  1.01918E+15 0.00210 
   61   61    1    1    1    1    1    1    1    1  1.02032E+15 0.00199 
   62   62    1    1    1    1    1    1    1    1  1.02243E+15 0.00214 
   63   63    1    1    1    1    1    1    1    1  8.48629E+14 0.00232 
   64   64    1    1    1    1    1    1    1    1  6.65613E+14 0.00176 
   65   65    1    1    1    1    1    1    1    1  6.53415E+14 0.00205 
   66   66    1    1    1    1    1    1    1    1  5.14154E+14 0.00233 
   67   67    1    1    1    1    1    1    1    1  4.24920E+14 0.00215 
   68   68    1    1    1    1    1    1    1    1  3.76315E+14 0.00247 
   69   69    1    1    1    1    1    1    1    1  4.56105E+14 0.00216 
   70   70    1    1    1    1    1    1    1    1  3.90866E+14 0.00223 
   71   71    1    1    1    1    1    1    1    1  7.34618E+14 0.00277 
   72   72    1    1    1    1    1    1    1    1  5.35786E+14 0.00253 
   73   73    1    1    1    1    1    1    1    1  4.11078E+14 0.00214 
   74   74    1    1    1    1    1    1    1    1  3.28331E+14 0.00263 
   75   75    1    1    1    1    1    1    1    1  2.65795E+14 0.00320 
   76   76    1    1    1    1    1    1    1    1  3.00895E+14 0.00277 
   77   77    1    1    1    1    1    1    1    1  2.32338E+14 0.00248 
   78   78    1    1    1    1    1    1    1    1  1.77693E+14 0.00290 
   79   79    1    1    1    1    1    1    1    1  1.82200E+14 0.00321 
   80   80    1    1    1    1    1    1    1    1  1.35480E+14 0.00335 
   81   81    1    1    1    1    1    1    1    1  1.04265E+14 0.00441 
   82   82    1    1    1    1    1    1    1    1  8.05941E+13 0.00316 
   83   83    1    1    1    1    1    1    1    1  7.49946E+13 0.00424 
   84   84    1    1    1    1    1    1    1    1  5.41256E+13 0.00391 
   85   85    1    1    1    1    1    1    1    1  3.90133E+13 0.00471 
   86   86    1    1    1    1    1    1    1    1  3.64016E+13 0.00583 
   87   87    1    1    1    1    1    1    1    1  2.26578E+13 0.00601 
   88   88    1    1    1    1    1    1    1    1  1.51994E+13 0.00869 
   89   89    1    1    1    1    1    1    1    1  8.68002E+12 0.00943 
   90   90    1    1    1    1    1    1    1    1  6.05745E+12 0.01439 
   91   91    1    1    1    1    1    1    1    1  3.05965E+12 0.02001 
   92   92    1    1    1    1    1    1    1    1  1.47201E+12 0.02221 
   93   93    1    1    1    1    1    1    1    1  6.85581E+11 0.03403 
   94   94    1    1    1    1    1    1    1    1  3.31059E+11 0.05257 
   95   95    1    1    1    1    1    1    1    1  1.66814E+11 0.09660 
   96   96    1    1    1    1    1    1    1    1  7.61465E+10 0.11929 
   97   97    1    1    1    1    1    1    1    1  5.09926E+10 0.13497 
   98   98    1    1    1    1    1    1    1    1  1.80119E+10 0.25327 
   99   99    1    1    1    1    1    1    1    1  8.53797E+09 0.33603 
  100  100    1    1    1    1    1    1    1    1  7.94770E+09 0.33042 
];


