
DETdpaspec = [
    1    1    1    1    1    1    1    1    1    1  0.00000E+00 0.00000 
    2    2    1    1    1    1    1    1    1    1  0.00000E+00 0.00000 
    3    3    1    1    1    1    1    1    1    1  0.00000E+00 0.00000 
    4    4    1    1    1    1    1    1    1    1  2.17529E+07 0.69078 
    5    5    1    1    1    1    1    1    1    1  0.00000E+00 0.00000 
    6    6    1    1    1    1    1    1    1    1  0.00000E+00 0.00000 
    7    7    1    1    1    1    1    1    1    1  1.31755E+07 1.00000 
    8    8    1    1    1    1    1    1    1    1  0.00000E+00 0.00000 
    9    9    1    1    1    1    1    1    1    1  0.00000E+00 0.00000 
   10   10    1    1    1    1    1    1    1    1  1.19584E+08 1.00000 
   11   11    1    1    1    1    1    1    1    1  1.73847E+08 0.54952 
   12   12    1    1    1    1    1    1    1    1  8.25528E+07 0.72849 
   13   13    1    1    1    1    1    1    1    1  8.90344E+08 0.46754 
   14   14    1    1    1    1    1    1    1    1  3.03958E+09 0.41496 
   15   15    1    1    1    1    1    1    1    1  3.25716E+09 0.41489 
   16   16    1    1    1    1    1    1    1    1  1.83241E+09 0.50892 
   17   17    1    1    1    1    1    1    1    1  2.43575E+09 0.31716 
   18   18    1    1    1    1    1    1    1    1  1.42738E+10 0.25300 
   19   19    1    1    1    1    1    1    1    1  1.19758E+10 0.20036 
   20   20    1    1    1    1    1    1    1    1  4.09403E+10 0.11473 
   21   21    1    1    1    1    1    1    1    1  3.08807E+10 0.12430 
   22   22    1    1    1    1    1    1    1    1  9.25635E+10 0.07956 
   23   23    1    1    1    1    1    1    1    1  1.37338E+11 0.05861 
   24   24    1    1    1    1    1    1    1    1  2.25678E+11 0.02822 
   25   25    1    1    1    1    1    1    1    1  3.22987E+11 0.04352 
   26   26    1    1    1    1    1    1    1    1  5.87897E+11 0.02884 
   27   27    1    1    1    1    1    1    1    1  1.23587E+12 0.02910 
   28   28    1    1    1    1    1    1    1    1  2.47343E+12 0.01817 
   29   29    1    1    1    1    1    1    1    1  3.18361E+12 0.01397 
   30   30    1    1    1    1    1    1    1    1  8.72337E+12 0.00947 
   31   31    1    1    1    1    1    1    1    1  2.08265E+13 0.00710 
   32   32    1    1    1    1    1    1    1    1  3.10560E+13 0.00752 
   33   33    1    1    1    1    1    1    1    1  5.97971E+13 0.00491 
   34   34    1    1    1    1    1    1    1    1  6.74627E+13 0.00448 
   35   35    1    1    1    1    1    1    1    1  9.78080E+13 0.00369 
   36   36    1    1    1    1    1    1    1    1  7.63752E+13 0.00322 
   37   37    1    1    1    1    1    1    1    1  2.42071E+13 0.00362 
   38   38    1    1    1    1    1    1    1    1  1.15233E+14 0.00351 
   39   39    1    1    1    1    1    1    1    1  1.41282E+14 0.00388 
   40   40    1    1    1    1    1    1    1    1  2.29716E+14 0.00354 
   41   41    1    1    1    1    1    1    1    1  2.23169E+14 0.00355 
   42   42    1    1    1    1    1    1    1    1  3.99020E+14 0.00334 
   43   43    1    1    1    1    1    1    1    1  4.31947E+14 0.00304 
   44   44    1    1    1    1    1    1    1    1  5.54398E+14 0.00345 
   45   45    1    1    1    1    1    1    1    1  9.68403E+14 0.00297 
   46   46    1    1    1    1    1    1    1    1  5.01739E+14 0.00324 
   47   47    1    1    1    1    1    1    1    1  7.24984E+14 0.00295 
   48   48    1    1    1    1    1    1    1    1  9.97157E+14 0.00309 
   49   49    1    1    1    1    1    1    1    1  9.08431E+14 0.00306 
   50   50    1    1    1    1    1    1    1    1  1.36802E+15 0.00320 
   51   51    1    1    1    1    1    1    1    1  1.08025E+15 0.00356 
   52   52    1    1    1    1    1    1    1    1  1.20040E+15 0.00342 
   53   53    1    1    1    1    1    1    1    1  8.53375E+14 0.00334 
   54   54    1    1    1    1    1    1    1    1  1.01464E+15 0.00367 
   55   55    1    1    1    1    1    1    1    1  7.18919E+14 0.00365 
   56   56    1    1    1    1    1    1    1    1  9.93209E+13 0.00366 
   57   57    1    1    1    1    1    1    1    1  1.38869E+15 0.00338 
   58   58    1    1    1    1    1    1    1    1  5.92593E+14 0.00367 
   59   59    1    1    1    1    1    1    1    1  6.47196E+14 0.00319 
   60   60    1    1    1    1    1    1    1    1  5.01467E+14 0.00356 
   61   61    1    1    1    1    1    1    1    1  5.00307E+14 0.00379 
   62   62    1    1    1    1    1    1    1    1  5.00353E+14 0.00393 
   63   63    1    1    1    1    1    1    1    1  4.13166E+14 0.00389 
   64   64    1    1    1    1    1    1    1    1  3.23361E+14 0.00393 
   65   65    1    1    1    1    1    1    1    1  3.17109E+14 0.00430 
   66   66    1    1    1    1    1    1    1    1  2.48907E+14 0.00378 
   67   67    1    1    1    1    1    1    1    1  2.06016E+14 0.00396 
   68   68    1    1    1    1    1    1    1    1  1.83292E+14 0.00416 
   69   69    1    1    1    1    1    1    1    1  2.21575E+14 0.00428 
   70   70    1    1    1    1    1    1    1    1  1.89910E+14 0.00470 
   71   71    1    1    1    1    1    1    1    1  3.57385E+14 0.00345 
   72   72    1    1    1    1    1    1    1    1  2.60401E+14 0.00400 
   73   73    1    1    1    1    1    1    1    1  1.99568E+14 0.00413 
   74   74    1    1    1    1    1    1    1    1  1.58576E+14 0.00353 
   75   75    1    1    1    1    1    1    1    1  1.27250E+14 0.00422 
   76   76    1    1    1    1    1    1    1    1  1.43968E+14 0.00451 
   77   77    1    1    1    1    1    1    1    1  1.10101E+14 0.00529 
   78   78    1    1    1    1    1    1    1    1  8.48255E+13 0.00470 
   79   79    1    1    1    1    1    1    1    1  8.59098E+13 0.00448 
   80   80    1    1    1    1    1    1    1    1  6.39318E+13 0.00561 
   81   81    1    1    1    1    1    1    1    1  4.92125E+13 0.00579 
   82   82    1    1    1    1    1    1    1    1  3.78009E+13 0.00589 
   83   83    1    1    1    1    1    1    1    1  3.58145E+13 0.00551 
   84   84    1    1    1    1    1    1    1    1  2.53561E+13 0.00468 
   85   85    1    1    1    1    1    1    1    1  1.82387E+13 0.00725 
   86   86    1    1    1    1    1    1    1    1  1.71368E+13 0.00850 
   87   87    1    1    1    1    1    1    1    1  1.05747E+13 0.01103 
   88   88    1    1    1    1    1    1    1    1  7.20449E+12 0.01609 
   89   89    1    1    1    1    1    1    1    1  4.06400E+12 0.01193 
   90   90    1    1    1    1    1    1    1    1  2.78877E+12 0.01615 
   91   91    1    1    1    1    1    1    1    1  1.37589E+12 0.02346 
   92   92    1    1    1    1    1    1    1    1  6.96358E+11 0.03584 
   93   93    1    1    1    1    1    1    1    1  3.29662E+11 0.05033 
   94   94    1    1    1    1    1    1    1    1  1.57974E+11 0.08600 
   95   95    1    1    1    1    1    1    1    1  8.11266E+10 0.10810 
   96   96    1    1    1    1    1    1    1    1  2.83197E+10 0.12454 
   97   97    1    1    1    1    1    1    1    1  1.81326E+10 0.26473 
   98   98    1    1    1    1    1    1    1    1  1.15327E+10 0.24285 
   99   99    1    1    1    1    1    1    1    1  3.97595E+09 0.44720 
  100  100    1    1    1    1    1    1    1    1  7.34946E+09 0.40399 
];


