
DETdpaspec = [
    1    1    1    1    1    1    1    1    1    1  0.00000E+00 0.00000 
    2    2    1    1    1    1    1    1    1    1  0.00000E+00 0.00000 
    3    3    1    1    1    1    1    1    1    1  0.00000E+00 0.00000 
    4    4    1    1    1    1    1    1    1    1  0.00000E+00 0.00000 
    5    5    1    1    1    1    1    1    1    1  0.00000E+00 0.00000 
    6    6    1    1    1    1    1    1    1    1  0.00000E+00 0.00000 
    7    7    1    1    1    1    1    1    1    1  0.00000E+00 0.00000 
    8    8    1    1    1    1    1    1    1    1  0.00000E+00 0.00000 
    9    9    1    1    1    1    1    1    1    1  0.00000E+00 0.00000 
   10   10    1    1    1    1    1    1    1    1  0.00000E+00 0.00000 
   11   11    1    1    1    1    1    1    1    1  0.00000E+00 0.00000 
   12   12    1    1    1    1    1    1    1    1  0.00000E+00 0.00000 
   13   13    1    1    1    1    1    1    1    1  0.00000E+00 0.00000 
   14   14    1    1    1    1    1    1    1    1  0.00000E+00 0.00000 
   15   15    1    1    1    1    1    1    1    1  0.00000E+00 0.00000 
   16   16    1    1    1    1    1    1    1    1  0.00000E+00 0.00000 
   17   17    1    1    1    1    1    1    1    1  0.00000E+00 0.00000 
   18   18    1    1    1    1    1    1    1    1  0.00000E+00 0.00000 
   19   19    1    1    1    1    1    1    1    1  1.06921E+09 0.09208 
   20   20    1    1    1    1    1    1    1    1  1.94491E+08 0.07239 
   21   21    1    1    1    1    1    1    1    1  5.87577E+08 0.06685 
   22   22    1    1    1    1    1    1    1    1  4.51086E+08 0.05698 
   23   23    1    1    1    1    1    1    1    1  1.05859E+09 0.05592 
   24   24    1    1    1    1    1    1    1    1  1.79093E+09 0.04210 
   25   25    1    1    1    1    1    1    1    1  3.67181E+09 0.02615 
   26   26    1    1    1    1    1    1    1    1  5.50144E+09 0.03251 
   27   27    1    1    1    1    1    1    1    1  1.13541E+10 0.02024 
   28   28    1    1    1    1    1    1    1    1  2.63760E+10 0.01155 
   29   29    1    1    1    1    1    1    1    1  6.78010E+10 0.00590 
   30   30    1    1    1    1    1    1    1    1  1.24405E+11 0.00523 
   31   31    1    1    1    1    1    1    1    1  3.03452E+11 0.00333 
   32   32    1    1    1    1    1    1    1    1  8.35437E+11 0.00274 
   33   33    1    1    1    1    1    1    1    1  1.41251E+12 0.00204 
   34   34    1    1    1    1    1    1    1    1  3.18405E+12 0.00129 
   35   35    1    1    1    1    1    1    1    1  4.32496E+12 0.00093 
   36   36    1    1    1    1    1    1    1    1  5.06528E+12 0.00080 
   37   37    1    1    1    1    1    1    1    1  3.28356E+12 0.00071 
   38   38    1    1    1    1    1    1    1    1  9.81749E+11 0.00094 
   39   39    1    1    1    1    1    1    1    1  5.54736E+12 0.00074 
   40   40    1    1    1    1    1    1    1    1  7.40487E+12 0.00070 
   41   41    1    1    1    1    1    1    1    1  1.27071E+13 0.00074 
   42   42    1    1    1    1    1    1    1    1  1.24429E+13 0.00058 
   43   43    1    1    1    1    1    1    1    1  2.64907E+13 0.00048 
   44   44    1    1    1    1    1    1    1    1  3.16360E+13 0.00046 
   45   45    1    1    1    1    1    1    1    1  4.49514E+13 0.00040 
   46   46    1    1    1    1    1    1    1    1  8.85478E+13 0.00024 
   47   47    1    1    1    1    1    1    1    1  4.07855E+13 0.00023 
   48   48    1    1    1    1    1    1    1    1  6.44178E+13 0.00017 
   49   49    1    1    1    1    1    1    1    1  8.91274E+13 0.00021 
   50   50    1    1    1    1    1    1    1    1  8.63485E+13 0.00024 
   51   51    1    1    1    1    1    1    1    1  1.34458E+14 0.00020 
   52   52    1    1    1    1    1    1    1    1  1.04475E+14 0.00014 
   53   53    1    1    1    1    1    1    1    1  1.24588E+14 0.00015 
   54   54    1    1    1    1    1    1    1    1  8.56786E+13 0.00016 
   55   55    1    1    1    1    1    1    1    1  1.05581E+14 0.00019 
   56   56    1    1    1    1    1    1    1    1  7.21843E+13 0.00023 
   57   57    1    1    1    1    1    1    1    1  9.75800E+12 0.00027 
   58   58    1    1    1    1    1    1    1    1  1.42137E+14 0.00015 
   59   59    1    1    1    1    1    1    1    1  6.40139E+13 0.00026 
   60   60    1    1    1    1    1    1    1    1  6.73407E+13 0.00021 
   61   61    1    1    1    1    1    1    1    1  5.28134E+13 0.00023 
   62   62    1    1    1    1    1    1    1    1  5.26891E+13 0.00031 
   63   63    1    1    1    1    1    1    1    1  5.46572E+13 0.00024 
   64   64    1    1    1    1    1    1    1    1  4.58030E+13 0.00023 
   65   65    1    1    1    1    1    1    1    1  3.61913E+13 0.00024 
   66   66    1    1    1    1    1    1    1    1  3.56701E+13 0.00031 
   67   67    1    1    1    1    1    1    1    1  2.57908E+13 0.00030 
   68   68    1    1    1    1    1    1    1    1  2.08909E+13 0.00031 
   69   69    1    1    1    1    1    1    1    1  1.86346E+13 0.00046 
   70   70    1    1    1    1    1    1    1    1  2.23483E+13 0.00046 
   71   71    1    1    1    1    1    1    1    1  1.89014E+13 0.00046 
   72   72    1    1    1    1    1    1    1    1  3.38171E+13 0.00031 
   73   73    1    1    1    1    1    1    1    1  2.37359E+13 0.00038 
   74   74    1    1    1    1    1    1    1    1  1.78726E+13 0.00042 
   75   75    1    1    1    1    1    1    1    1  1.44538E+13 0.00052 
   76   76    1    1    1    1    1    1    1    1  1.20672E+13 0.00044 
   77   77    1    1    1    1    1    1    1    1  1.40796E+13 0.00052 
   78   78    1    1    1    1    1    1    1    1  1.12072E+13 0.00047 
   79   79    1    1    1    1    1    1    1    1  8.97081E+12 0.00057 
   80   80    1    1    1    1    1    1    1    1  9.31279E+12 0.00060 
   81   81    1    1    1    1    1    1    1    1  6.92798E+12 0.00071 
   82   82    1    1    1    1    1    1    1    1  5.34880E+12 0.00097 
   83   83    1    1    1    1    1    1    1    1  4.11624E+12 0.00093 
   84   84    1    1    1    1    1    1    1    1  3.85244E+12 0.00080 
   85   85    1    1    1    1    1    1    1    1  2.77232E+12 0.00123 
   86   86    1    1    1    1    1    1    1    1  2.00975E+12 0.00141 
   87   87    1    1    1    1    1    1    1    1  1.87467E+12 0.00136 
   88   88    1    1    1    1    1    1    1    1  1.15147E+12 0.00177 
   89   89    1    1    1    1    1    1    1    1  7.73889E+11 0.00231 
   90   90    1    1    1    1    1    1    1    1  4.44343E+11 0.00274 
   91   91    1    1    1    1    1    1    1    1  5.63270E+11 0.00188 
   92   92    1    1    1    1    1    1    1    1  0.00000E+00 0.00000 
   93   93    1    1    1    1    1    1    1    1  0.00000E+00 0.00000 
   94   94    1    1    1    1    1    1    1    1  0.00000E+00 0.00000 
   95   95    1    1    1    1    1    1    1    1  0.00000E+00 0.00000 
   96   96    1    1    1    1    1    1    1    1  0.00000E+00 0.00000 
   97   97    1    1    1    1    1    1    1    1  0.00000E+00 0.00000 
   98   98    1    1    1    1    1    1    1    1  0.00000E+00 0.00000 
   99   99    1    1    1    1    1    1    1    1  0.00000E+00 0.00000 
  100  100    1    1    1    1    1    1    1    1  0.00000E+00 0.00000 
];


