
DETdpaspec = [
    1    1    1    1    1    1    1    1    1    1  0.00000E+00 0.00000 
    2    2    1    1    1    1    1    1    1    1  0.00000E+00 0.00000 
    3    3    1    1    1    1    1    1    1    1  0.00000E+00 0.00000 
    4    4    1    1    1    1    1    1    1    1  0.00000E+00 0.00000 
    5    5    1    1    1    1    1    1    1    1  0.00000E+00 0.00000 
    6    6    1    1    1    1    1    1    1    1  0.00000E+00 0.00000 
    7    7    1    1    1    1    1    1    1    1  0.00000E+00 0.00000 
    8    8    1    1    1    1    1    1    1    1  0.00000E+00 0.00000 
    9    9    1    1    1    1    1    1    1    1  0.00000E+00 0.00000 
   10   10    1    1    1    1    1    1    1    1  0.00000E+00 0.00000 
   11   11    1    1    1    1    1    1    1    1  0.00000E+00 0.00000 
   12   12    1    1    1    1    1    1    1    1  0.00000E+00 0.00000 
   13   13    1    1    1    1    1    1    1    1  0.00000E+00 0.00000 
   14   14    1    1    1    1    1    1    1    1  0.00000E+00 0.00000 
   15   15    1    1    1    1    1    1    1    1  0.00000E+00 0.00000 
   16   16    1    1    1    1    1    1    1    1  0.00000E+00 0.00000 
   17   17    1    1    1    1    1    1    1    1  0.00000E+00 0.00000 
   18   18    1    1    1    1    1    1    1    1  0.00000E+00 0.00000 
   19   19    1    1    1    1    1    1    1    1  1.79795E+09 0.05376 
   20   20    1    1    1    1    1    1    1    1  2.61270E+08 0.05859 
   21   21    1    1    1    1    1    1    1    1  1.13675E+09 0.05547 
   22   22    1    1    1    1    1    1    1    1  8.00403E+08 0.04885 
   23   23    1    1    1    1    1    1    1    1  1.86605E+09 0.03250 
   24   24    1    1    1    1    1    1    1    1  2.69260E+09 0.02809 
   25   25    1    1    1    1    1    1    1    1  4.23556E+09 0.02132 
   26   26    1    1    1    1    1    1    1    1  5.63553E+09 0.01669 
   27   27    1    1    1    1    1    1    1    1  9.15533E+09 0.01672 
   28   28    1    1    1    1    1    1    1    1  1.64195E+10 0.01091 
   29   29    1    1    1    1    1    1    1    1  3.54002E+10 0.00724 
   30   30    1    1    1    1    1    1    1    1  5.56155E+10 0.00762 
   31   31    1    1    1    1    1    1    1    1  1.65711E+11 0.00466 
   32   32    1    1    1    1    1    1    1    1  5.13396E+11 0.00306 
   33   33    1    1    1    1    1    1    1    1  9.52431E+11 0.00225 
   34   34    1    1    1    1    1    1    1    1  2.21717E+12 0.00125 
   35   35    1    1    1    1    1    1    1    1  3.04804E+12 0.00079 
   36   36    1    1    1    1    1    1    1    1  4.15554E+12 0.00092 
   37   37    1    1    1    1    1    1    1    1  2.89380E+12 0.00069 
   38   38    1    1    1    1    1    1    1    1  8.98681E+11 0.00084 
   39   39    1    1    1    1    1    1    1    1  4.95039E+12 0.00073 
   40   40    1    1    1    1    1    1    1    1  6.64314E+12 0.00067 
   41   41    1    1    1    1    1    1    1    1  1.13560E+13 0.00066 
   42   42    1    1    1    1    1    1    1    1  1.15522E+13 0.00047 
   43   43    1    1    1    1    1    1    1    1  2.41874E+13 0.00043 
   44   44    1    1    1    1    1    1    1    1  2.90948E+13 0.00035 
   45   45    1    1    1    1    1    1    1    1  4.16751E+13 0.00030 
   46   46    1    1    1    1    1    1    1    1  8.21251E+13 0.00027 
   47   47    1    1    1    1    1    1    1    1  3.90024E+13 0.00025 
   48   48    1    1    1    1    1    1    1    1  6.25126E+13 0.00024 
   49   49    1    1    1    1    1    1    1    1  8.72888E+13 0.00013 
   50   50    1    1    1    1    1    1    1    1  8.58413E+13 0.00019 
   51   51    1    1    1    1    1    1    1    1  1.33064E+14 0.00013 
   52   52    1    1    1    1    1    1    1    1  1.06534E+14 0.00016 
   53   53    1    1    1    1    1    1    1    1  1.25280E+14 0.00013 
   54   54    1    1    1    1    1    1    1    1  8.74988E+13 0.00013 
   55   55    1    1    1    1    1    1    1    1  1.06234E+14 0.00015 
   56   56    1    1    1    1    1    1    1    1  7.34105E+13 0.00014 
   57   57    1    1    1    1    1    1    1    1  1.00151E+13 0.00034 
   58   58    1    1    1    1    1    1    1    1  1.45634E+14 0.00016 
   59   59    1    1    1    1    1    1    1    1  6.42100E+13 0.00019 
   60   60    1    1    1    1    1    1    1    1  6.85282E+13 0.00018 
   61   61    1    1    1    1    1    1    1    1  5.30189E+13 0.00017 
   62   62    1    1    1    1    1    1    1    1  5.32351E+13 0.00020 
   63   63    1    1    1    1    1    1    1    1  5.52129E+13 0.00027 
   64   64    1    1    1    1    1    1    1    1  4.63278E+13 0.00024 
   65   65    1    1    1    1    1    1    1    1  3.68176E+13 0.00034 
   66   66    1    1    1    1    1    1    1    1  3.64857E+13 0.00037 
   67   67    1    1    1    1    1    1    1    1  2.65313E+13 0.00032 
   68   68    1    1    1    1    1    1    1    1  2.16863E+13 0.00042 
   69   69    1    1    1    1    1    1    1    1  1.94556E+13 0.00045 
   70   70    1    1    1    1    1    1    1    1  2.34022E+13 0.00046 
   71   71    1    1    1    1    1    1    1    1  1.99544E+13 0.00040 
   72   72    1    1    1    1    1    1    1    1  3.66263E+13 0.00032 
   73   73    1    1    1    1    1    1    1    1  2.60060E+13 0.00042 
   74   74    1    1    1    1    1    1    1    1  1.95916E+13 0.00040 
   75   75    1    1    1    1    1    1    1    1  1.56640E+13 0.00040 
   76   76    1    1    1    1    1    1    1    1  1.29147E+13 0.00057 
   77   77    1    1    1    1    1    1    1    1  1.48719E+13 0.00059 
   78   78    1    1    1    1    1    1    1    1  1.16713E+13 0.00048 
   79   79    1    1    1    1    1    1    1    1  9.24721E+12 0.00047 
   80   80    1    1    1    1    1    1    1    1  9.51068E+12 0.00055 
   81   81    1    1    1    1    1    1    1    1  7.02909E+12 0.00066 
   82   82    1    1    1    1    1    1    1    1  5.40747E+12 0.00077 
   83   83    1    1    1    1    1    1    1    1  4.14825E+12 0.00094 
   84   84    1    1    1    1    1    1    1    1  3.88449E+12 0.00079 
   85   85    1    1    1    1    1    1    1    1  2.79545E+12 0.00110 
   86   86    1    1    1    1    1    1    1    1  2.01340E+12 0.00129 
   87   87    1    1    1    1    1    1    1    1  1.88508E+12 0.00156 
   88   88    1    1    1    1    1    1    1    1  1.16532E+12 0.00123 
   89   89    1    1    1    1    1    1    1    1  7.86545E+11 0.00193 
   90   90    1    1    1    1    1    1    1    1  4.55875E+11 0.00294 
   91   91    1    1    1    1    1    1    1    1  5.81469E+11 0.00286 
   92   92    1    1    1    1    1    1    1    1  0.00000E+00 0.00000 
   93   93    1    1    1    1    1    1    1    1  0.00000E+00 0.00000 
   94   94    1    1    1    1    1    1    1    1  0.00000E+00 0.00000 
   95   95    1    1    1    1    1    1    1    1  0.00000E+00 0.00000 
   96   96    1    1    1    1    1    1    1    1  0.00000E+00 0.00000 
   97   97    1    1    1    1    1    1    1    1  0.00000E+00 0.00000 
   98   98    1    1    1    1    1    1    1    1  0.00000E+00 0.00000 
   99   99    1    1    1    1    1    1    1    1  0.00000E+00 0.00000 
  100  100    1    1    1    1    1    1    1    1  0.00000E+00 0.00000 
];


