
DETdpaspec = [
    1    1    1    1    1    1    1    1    1    1  0.00000E+00 0.00000 
    2    2    1    1    1    1    1    1    1    1  0.00000E+00 0.00000 
    3    3    1    1    1    1    1    1    1    1  0.00000E+00 0.00000 
    4    4    1    1    1    1    1    1    1    1  0.00000E+00 0.00000 
    5    5    1    1    1    1    1    1    1    1  0.00000E+00 0.00000 
    6    6    1    1    1    1    1    1    1    1  0.00000E+00 0.00000 
    7    7    1    1    1    1    1    1    1    1  0.00000E+00 0.00000 
    8    8    1    1    1    1    1    1    1    1  0.00000E+00 0.00000 
    9    9    1    1    1    1    1    1    1    1  0.00000E+00 0.00000 
   10   10    1    1    1    1    1    1    1    1  0.00000E+00 0.00000 
   11   11    1    1    1    1    1    1    1    1  0.00000E+00 0.00000 
   12   12    1    1    1    1    1    1    1    1  0.00000E+00 0.00000 
   13   13    1    1    1    1    1    1    1    1  0.00000E+00 0.00000 
   14   14    1    1    1    1    1    1    1    1  0.00000E+00 0.00000 
   15   15    1    1    1    1    1    1    1    1  0.00000E+00 0.00000 
   16   16    1    1    1    1    1    1    1    1  0.00000E+00 0.00000 
   17   17    1    1    1    1    1    1    1    1  0.00000E+00 0.00000 
   18   18    1    1    1    1    1    1    1    1  0.00000E+00 0.00000 
   19   19    1    1    1    1    1    1    1    1  2.44830E+09 0.03583 
   20   20    1    1    1    1    1    1    1    1  4.88020E+08 0.03809 
   21   21    1    1    1    1    1    1    1    1  1.67734E+09 0.02872 
   22   22    1    1    1    1    1    1    1    1  1.22972E+09 0.03059 
   23   23    1    1    1    1    1    1    1    1  3.62344E+09 0.02353 
   24   24    1    1    1    1    1    1    1    1  4.67814E+09 0.01544 
   25   25    1    1    1    1    1    1    1    1  7.30282E+09 0.02075 
   26   26    1    1    1    1    1    1    1    1  9.05933E+09 0.01533 
   27   27    1    1    1    1    1    1    1    1  1.44712E+10 0.01331 
   28   28    1    1    1    1    1    1    1    1  2.67537E+10 0.01163 
   29   29    1    1    1    1    1    1    1    1  4.86454E+10 0.00591 
   30   30    1    1    1    1    1    1    1    1  6.73699E+10 0.00413 
   31   31    1    1    1    1    1    1    1    1  2.12034E+11 0.00391 
   32   32    1    1    1    1    1    1    1    1  6.26841E+11 0.00263 
   33   33    1    1    1    1    1    1    1    1  1.14070E+12 0.00172 
   34   34    1    1    1    1    1    1    1    1  2.47820E+12 0.00121 
   35   35    1    1    1    1    1    1    1    1  3.23093E+12 0.00108 
   36   36    1    1    1    1    1    1    1    1  4.70187E+12 0.00066 
   37   37    1    1    1    1    1    1    1    1  3.34146E+12 0.00066 
   38   38    1    1    1    1    1    1    1    1  1.06317E+12 0.00063 
   39   39    1    1    1    1    1    1    1    1  5.65024E+12 0.00050 
   40   40    1    1    1    1    1    1    1    1  7.49621E+12 0.00052 
   41   41    1    1    1    1    1    1    1    1  1.24684E+13 0.00044 
   42   42    1    1    1    1    1    1    1    1  1.29356E+13 0.00035 
   43   43    1    1    1    1    1    1    1    1  2.61435E+13 0.00032 
   44   44    1    1    1    1    1    1    1    1  3.10049E+13 0.00035 
   45   45    1    1    1    1    1    1    1    1  4.38110E+13 0.00027 
   46   46    1    1    1    1    1    1    1    1  8.37120E+13 0.00030 
   47   47    1    1    1    1    1    1    1    1  4.00826E+13 0.00023 
   48   48    1    1    1    1    1    1    1    1  6.45232E+13 0.00023 
   49   49    1    1    1    1    1    1    1    1  8.94848E+13 0.00019 
   50   50    1    1    1    1    1    1    1    1  8.82387E+13 0.00012 
   51   51    1    1    1    1    1    1    1    1  1.34443E+14 0.00015 
   52   52    1    1    1    1    1    1    1    1  1.09301E+14 0.00018 
   53   53    1    1    1    1    1    1    1    1  1.25628E+14 0.00014 
   54   54    1    1    1    1    1    1    1    1  8.83615E+13 0.00013 
   55   55    1    1    1    1    1    1    1    1  1.04978E+14 0.00013 
   56   56    1    1    1    1    1    1    1    1  7.30905E+13 0.00016 
   57   57    1    1    1    1    1    1    1    1  1.00500E+13 0.00029 
   58   58    1    1    1    1    1    1    1    1  1.45155E+14 0.00012 
   59   59    1    1    1    1    1    1    1    1  6.23746E+13 0.00012 
   60   60    1    1    1    1    1    1    1    1  6.71291E+13 0.00012 
   61   61    1    1    1    1    1    1    1    1  5.10618E+13 0.00021 
   62   62    1    1    1    1    1    1    1    1  5.15487E+13 0.00020 
   63   63    1    1    1    1    1    1    1    1  5.31862E+13 0.00023 
   64   64    1    1    1    1    1    1    1    1  4.43890E+13 0.00024 
   65   65    1    1    1    1    1    1    1    1  3.53472E+13 0.00032 
   66   66    1    1    1    1    1    1    1    1  3.50260E+13 0.00026 
   67   67    1    1    1    1    1    1    1    1  2.55166E+13 0.00031 
   68   68    1    1    1    1    1    1    1    1  2.09808E+13 0.00041 
   69   69    1    1    1    1    1    1    1    1  1.88845E+13 0.00042 
   70   70    1    1    1    1    1    1    1    1  2.27248E+13 0.00043 
   71   71    1    1    1    1    1    1    1    1  1.94383E+13 0.00044 
   72   72    1    1    1    1    1    1    1    1  3.63034E+13 0.00031 
   73   73    1    1    1    1    1    1    1    1  2.59123E+13 0.00034 
   74   74    1    1    1    1    1    1    1    1  1.94617E+13 0.00027 
   75   75    1    1    1    1    1    1    1    1  1.53335E+13 0.00050 
   76   76    1    1    1    1    1    1    1    1  1.24475E+13 0.00046 
   77   77    1    1    1    1    1    1    1    1  1.41122E+13 0.00040 
   78   78    1    1    1    1    1    1    1    1  1.09058E+13 0.00061 
   79   79    1    1    1    1    1    1    1    1  8.51960E+12 0.00049 
   80   80    1    1    1    1    1    1    1    1  8.67206E+12 0.00057 
   81   81    1    1    1    1    1    1    1    1  6.38277E+12 0.00039 
   82   82    1    1    1    1    1    1    1    1  4.88157E+12 0.00083 
   83   83    1    1    1    1    1    1    1    1  3.74453E+12 0.00071 
   84   84    1    1    1    1    1    1    1    1  3.49123E+12 0.00081 
   85   85    1    1    1    1    1    1    1    1  2.50663E+12 0.00083 
   86   86    1    1    1    1    1    1    1    1  1.80153E+12 0.00137 
   87   87    1    1    1    1    1    1    1    1  1.68165E+12 0.00128 
   88   88    1    1    1    1    1    1    1    1  1.04194E+12 0.00169 
   89   89    1    1    1    1    1    1    1    1  7.11744E+11 0.00176 
   90   90    1    1    1    1    1    1    1    1  4.11841E+11 0.00225 
   91   91    1    1    1    1    1    1    1    1  5.28064E+11 0.00234 
   92   92    1    1    1    1    1    1    1    1  0.00000E+00 0.00000 
   93   93    1    1    1    1    1    1    1    1  0.00000E+00 0.00000 
   94   94    1    1    1    1    1    1    1    1  0.00000E+00 0.00000 
   95   95    1    1    1    1    1    1    1    1  0.00000E+00 0.00000 
   96   96    1    1    1    1    1    1    1    1  0.00000E+00 0.00000 
   97   97    1    1    1    1    1    1    1    1  0.00000E+00 0.00000 
   98   98    1    1    1    1    1    1    1    1  0.00000E+00 0.00000 
   99   99    1    1    1    1    1    1    1    1  0.00000E+00 0.00000 
  100  100    1    1    1    1    1    1    1    1  0.00000E+00 0.00000 
];


