
DETdpaspec = [
    1    1    1    1    1    1    1    1    1    1  0.00000E+00 0.00000 
    2    2    1    1    1    1    1    1    1    1  0.00000E+00 0.00000 
    3    3    1    1    1    1    1    1    1    1  0.00000E+00 0.00000 
    4    4    1    1    1    1    1    1    1    1  0.00000E+00 0.00000 
    5    5    1    1    1    1    1    1    1    1  0.00000E+00 0.00000 
    6    6    1    1    1    1    1    1    1    1  0.00000E+00 0.00000 
    7    7    1    1    1    1    1    1    1    1  0.00000E+00 0.00000 
    8    8    1    1    1    1    1    1    1    1  0.00000E+00 0.00000 
    9    9    1    1    1    1    1    1    1    1  0.00000E+00 0.00000 
   10   10    1    1    1    1    1    1    1    1  0.00000E+00 0.00000 
   11   11    1    1    1    1    1    1    1    1  0.00000E+00 0.00000 
   12   12    1    1    1    1    1    1    1    1  0.00000E+00 0.00000 
   13   13    1    1    1    1    1    1    1    1  0.00000E+00 0.00000 
   14   14    1    1    1    1    1    1    1    1  0.00000E+00 0.00000 
   15   15    1    1    1    1    1    1    1    1  0.00000E+00 0.00000 
   16   16    1    1    1    1    1    1    1    1  0.00000E+00 0.00000 
   17   17    1    1    1    1    1    1    1    1  0.00000E+00 0.00000 
   18   18    1    1    1    1    1    1    1    1  0.00000E+00 0.00000 
   19   19    1    1    1    1    1    1    1    1  1.05461E+09 0.06839 
   20   20    1    1    1    1    1    1    1    1  1.63523E+08 0.11773 
   21   21    1    1    1    1    1    1    1    1  5.05230E+08 0.08683 
   22   22    1    1    1    1    1    1    1    1  3.89489E+08 0.07749 
   23   23    1    1    1    1    1    1    1    1  9.08877E+08 0.05340 
   24   24    1    1    1    1    1    1    1    1  1.93739E+09 0.03167 
   25   25    1    1    1    1    1    1    1    1  4.27700E+09 0.02962 
   26   26    1    1    1    1    1    1    1    1  7.23635E+09 0.02260 
   27   27    1    1    1    1    1    1    1    1  1.61899E+10 0.01435 
   28   28    1    1    1    1    1    1    1    1  3.81798E+10 0.00921 
   29   29    1    1    1    1    1    1    1    1  9.51106E+10 0.00541 
   30   30    1    1    1    1    1    1    1    1  1.71472E+11 0.00445 
   31   31    1    1    1    1    1    1    1    1  3.95523E+11 0.00320 
   32   32    1    1    1    1    1    1    1    1  1.02701E+12 0.00225 
   33   33    1    1    1    1    1    1    1    1  1.68241E+12 0.00165 
   34   34    1    1    1    1    1    1    1    1  3.67987E+12 0.00110 
   35   35    1    1    1    1    1    1    1    1  4.90416E+12 0.00090 
   36   36    1    1    1    1    1    1    1    1  5.55185E+12 0.00095 
   37   37    1    1    1    1    1    1    1    1  3.53441E+12 0.00067 
   38   38    1    1    1    1    1    1    1    1  1.04779E+12 0.00070 
   39   39    1    1    1    1    1    1    1    1  5.93544E+12 0.00063 
   40   40    1    1    1    1    1    1    1    1  7.88567E+12 0.00046 
   41   41    1    1    1    1    1    1    1    1  1.34779E+13 0.00047 
   42   42    1    1    1    1    1    1    1    1  1.30888E+13 0.00035 
   43   43    1    1    1    1    1    1    1    1  2.78027E+13 0.00026 
   44   44    1    1    1    1    1    1    1    1  3.30482E+13 0.00027 
   45   45    1    1    1    1    1    1    1    1  4.67183E+13 0.00024 
   46   46    1    1    1    1    1    1    1    1  9.14798E+13 0.00021 
   47   47    1    1    1    1    1    1    1    1  4.17436E+13 0.00025 
   48   48    1    1    1    1    1    1    1    1  6.56441E+13 0.00020 
   49   49    1    1    1    1    1    1    1    1  9.03748E+13 0.00021 
   50   50    1    1    1    1    1    1    1    1  8.71682E+13 0.00021 
   51   51    1    1    1    1    1    1    1    1  1.35398E+14 0.00015 
   52   52    1    1    1    1    1    1    1    1  1.04444E+14 0.00017 
   53   53    1    1    1    1    1    1    1    1  1.24458E+14 0.00014 
   54   54    1    1    1    1    1    1    1    1  8.52380E+13 0.00017 
   55   55    1    1    1    1    1    1    1    1  1.05033E+14 0.00020 
   56   56    1    1    1    1    1    1    1    1  7.16277E+13 0.00018 
   57   57    1    1    1    1    1    1    1    1  9.66030E+12 0.00047 
   58   58    1    1    1    1    1    1    1    1  1.40607E+14 0.00015 
   59   59    1    1    1    1    1    1    1    1  6.33995E+13 0.00022 
   60   60    1    1    1    1    1    1    1    1  6.64787E+13 0.00016 
   61   61    1    1    1    1    1    1    1    1  5.21539E+13 0.00025 
   62   62    1    1    1    1    1    1    1    1  5.19148E+13 0.00021 
   63   63    1    1    1    1    1    1    1    1  5.38081E+13 0.00020 
   64   64    1    1    1    1    1    1    1    1  4.50460E+13 0.00019 
   65   65    1    1    1    1    1    1    1    1  3.54862E+13 0.00021 
   66   66    1    1    1    1    1    1    1    1  3.49699E+13 0.00022 
   67   67    1    1    1    1    1    1    1    1  2.52400E+13 0.00027 
   68   68    1    1    1    1    1    1    1    1  2.04013E+13 0.00035 
   69   69    1    1    1    1    1    1    1    1  1.81973E+13 0.00045 
   70   70    1    1    1    1    1    1    1    1  2.17645E+13 0.00040 
   71   71    1    1    1    1    1    1    1    1  1.84024E+13 0.00051 
   72   72    1    1    1    1    1    1    1    1  3.27497E+13 0.00049 
   73   73    1    1    1    1    1    1    1    1  2.29283E+13 0.00045 
   74   74    1    1    1    1    1    1    1    1  1.72432E+13 0.00039 
   75   75    1    1    1    1    1    1    1    1  1.39609E+13 0.00039 
   76   76    1    1    1    1    1    1    1    1  1.16702E+13 0.00044 
   77   77    1    1    1    1    1    1    1    1  1.36291E+13 0.00065 
   78   78    1    1    1    1    1    1    1    1  1.08744E+13 0.00055 
   79   79    1    1    1    1    1    1    1    1  8.71289E+12 0.00061 
   80   80    1    1    1    1    1    1    1    1  9.04315E+12 0.00072 
   81   81    1    1    1    1    1    1    1    1  6.72441E+12 0.00054 
   82   82    1    1    1    1    1    1    1    1  5.19121E+12 0.00069 
   83   83    1    1    1    1    1    1    1    1  3.98916E+12 0.00099 
   84   84    1    1    1    1    1    1    1    1  3.73532E+12 0.00106 
   85   85    1    1    1    1    1    1    1    1  2.69143E+12 0.00105 
   86   86    1    1    1    1    1    1    1    1  1.94521E+12 0.00124 
   87   87    1    1    1    1    1    1    1    1  1.81452E+12 0.00112 
   88   88    1    1    1    1    1    1    1    1  1.11525E+12 0.00198 
   89   89    1    1    1    1    1    1    1    1  7.48795E+11 0.00209 
   90   90    1    1    1    1    1    1    1    1  4.32280E+11 0.00253 
   91   91    1    1    1    1    1    1    1    1  5.43464E+11 0.00273 
   92   92    1    1    1    1    1    1    1    1  0.00000E+00 0.00000 
   93   93    1    1    1    1    1    1    1    1  0.00000E+00 0.00000 
   94   94    1    1    1    1    1    1    1    1  0.00000E+00 0.00000 
   95   95    1    1    1    1    1    1    1    1  0.00000E+00 0.00000 
   96   96    1    1    1    1    1    1    1    1  0.00000E+00 0.00000 
   97   97    1    1    1    1    1    1    1    1  0.00000E+00 0.00000 
   98   98    1    1    1    1    1    1    1    1  0.00000E+00 0.00000 
   99   99    1    1    1    1    1    1    1    1  0.00000E+00 0.00000 
  100  100    1    1    1    1    1    1    1    1  0.00000E+00 0.00000 
];


