
DETdpaspec = [
    1    1    1    1    1    1    1    1    1    1  0.00000E+00 0.00000 
    2    2    1    1    1    1    1    1    1    1  0.00000E+00 0.00000 
    3    3    1    1    1    1    1    1    1    1  0.00000E+00 0.00000 
    4    4    1    1    1    1    1    1    1    1  0.00000E+00 0.00000 
    5    5    1    1    1    1    1    1    1    1  0.00000E+00 0.00000 
    6    6    1    1    1    1    1    1    1    1  0.00000E+00 0.00000 
    7    7    1    1    1    1    1    1    1    1  0.00000E+00 0.00000 
    8    8    1    1    1    1    1    1    1    1  0.00000E+00 0.00000 
    9    9    1    1    1    1    1    1    1    1  0.00000E+00 0.00000 
   10   10    1    1    1    1    1    1    1    1  0.00000E+00 0.00000 
   11   11    1    1    1    1    1    1    1    1  0.00000E+00 0.00000 
   12   12    1    1    1    1    1    1    1    1  0.00000E+00 0.00000 
   13   13    1    1    1    1    1    1    1    1  0.00000E+00 0.00000 
   14   14    1    1    1    1    1    1    1    1  0.00000E+00 0.00000 
   15   15    1    1    1    1    1    1    1    1  0.00000E+00 0.00000 
   16   16    1    1    1    1    1    1    1    1  0.00000E+00 0.00000 
   17   17    1    1    1    1    1    1    1    1  0.00000E+00 0.00000 
   18   18    1    1    1    1    1    1    1    1  0.00000E+00 0.00000 
   19   19    1    1    1    1    1    1    1    1  1.60422E+09 0.05144 
   20   20    1    1    1    1    1    1    1    1  2.23831E+08 0.08048 
   21   21    1    1    1    1    1    1    1    1  9.16652E+08 0.04639 
   22   22    1    1    1    1    1    1    1    1  7.08293E+08 0.03858 
   23   23    1    1    1    1    1    1    1    1  1.53541E+09 0.03997 
   24   24    1    1    1    1    1    1    1    1  2.42288E+09 0.03189 
   25   25    1    1    1    1    1    1    1    1  3.94515E+09 0.02041 
   26   26    1    1    1    1    1    1    1    1  5.02663E+09 0.02801 
   27   27    1    1    1    1    1    1    1    1  8.55138E+09 0.01669 
   28   28    1    1    1    1    1    1    1    1  1.60355E+10 0.01543 
   29   29    1    1    1    1    1    1    1    1  3.54498E+10 0.00704 
   30   30    1    1    1    1    1    1    1    1  5.91921E+10 0.00675 
   31   31    1    1    1    1    1    1    1    1  1.69481E+11 0.00375 
   32   32    1    1    1    1    1    1    1    1  5.23935E+11 0.00335 
   33   33    1    1    1    1    1    1    1    1  9.66779E+11 0.00251 
   34   34    1    1    1    1    1    1    1    1  2.26882E+12 0.00145 
   35   35    1    1    1    1    1    1    1    1  3.14300E+12 0.00090 
   36   36    1    1    1    1    1    1    1    1  4.17124E+12 0.00080 
   37   37    1    1    1    1    1    1    1    1  2.87047E+12 0.00077 
   38   38    1    1    1    1    1    1    1    1  8.83762E+11 0.00072 
   39   39    1    1    1    1    1    1    1    1  4.90497E+12 0.00076 
   40   40    1    1    1    1    1    1    1    1  6.58743E+12 0.00066 
   41   41    1    1    1    1    1    1    1    1  1.13153E+13 0.00046 
   42   42    1    1    1    1    1    1    1    1  1.14332E+13 0.00036 
   43   43    1    1    1    1    1    1    1    1  2.41135E+13 0.00027 
   44   44    1    1    1    1    1    1    1    1  2.90359E+13 0.00032 
   45   45    1    1    1    1    1    1    1    1  4.16373E+13 0.00020 
   46   46    1    1    1    1    1    1    1    1  8.24237E+13 0.00016 
   47   47    1    1    1    1    1    1    1    1  3.89588E+13 0.00023 
   48   48    1    1    1    1    1    1    1    1  6.23196E+13 0.00019 
   49   49    1    1    1    1    1    1    1    1  8.70135E+13 0.00025 
   50   50    1    1    1    1    1    1    1    1  8.54316E+13 0.00022 
   51   51    1    1    1    1    1    1    1    1  1.32910E+14 0.00015 
   52   52    1    1    1    1    1    1    1    1  1.05816E+14 0.00015 
   53   53    1    1    1    1    1    1    1    1  1.25078E+14 0.00018 
   54   54    1    1    1    1    1    1    1    1  8.71423E+13 0.00018 
   55   55    1    1    1    1    1    1    1    1  1.06353E+14 0.00017 
   56   56    1    1    1    1    1    1    1    1  7.33221E+13 0.00020 
   57   57    1    1    1    1    1    1    1    1  9.98248E+12 0.00039 
   58   58    1    1    1    1    1    1    1    1  1.45405E+14 0.00015 
   59   59    1    1    1    1    1    1    1    1  6.45505E+13 0.00020 
   60   60    1    1    1    1    1    1    1    1  6.86910E+13 0.00016 
   61   61    1    1    1    1    1    1    1    1  5.33628E+13 0.00016 
   62   62    1    1    1    1    1    1    1    1  5.35095E+13 0.00026 
   63   63    1    1    1    1    1    1    1    1  5.55295E+13 0.00027 
   64   64    1    1    1    1    1    1    1    1  4.66376E+13 0.00030 
   65   65    1    1    1    1    1    1    1    1  3.70218E+13 0.00036 
   66   66    1    1    1    1    1    1    1    1  3.66608E+13 0.00030 
   67   67    1    1    1    1    1    1    1    1  2.66502E+13 0.00034 
   68   68    1    1    1    1    1    1    1    1  2.17323E+13 0.00029 
   69   69    1    1    1    1    1    1    1    1  1.94928E+13 0.00038 
   70   70    1    1    1    1    1    1    1    1  2.34365E+13 0.00031 
   71   71    1    1    1    1    1    1    1    1  1.99665E+13 0.00027 
   72   72    1    1    1    1    1    1    1    1  3.64258E+13 0.00040 
   73   73    1    1    1    1    1    1    1    1  2.57941E+13 0.00034 
   74   74    1    1    1    1    1    1    1    1  1.94395E+13 0.00036 
   75   75    1    1    1    1    1    1    1    1  1.55959E+13 0.00042 
   76   76    1    1    1    1    1    1    1    1  1.29118E+13 0.00049 
   77   77    1    1    1    1    1    1    1    1  1.49133E+13 0.00047 
   78   78    1    1    1    1    1    1    1    1  1.17628E+13 0.00067 
   79   79    1    1    1    1    1    1    1    1  9.34024E+12 0.00060 
   80   80    1    1    1    1    1    1    1    1  9.62288E+12 0.00043 
   81   81    1    1    1    1    1    1    1    1  7.13235E+12 0.00080 
   82   82    1    1    1    1    1    1    1    1  5.49016E+12 0.00063 
   83   83    1    1    1    1    1    1    1    1  4.21725E+12 0.00102 
   84   84    1    1    1    1    1    1    1    1  3.94961E+12 0.00072 
   85   85    1    1    1    1    1    1    1    1  2.83690E+12 0.00066 
   86   86    1    1    1    1    1    1    1    1  2.05377E+12 0.00108 
   87   87    1    1    1    1    1    1    1    1  1.91923E+12 0.00125 
   88   88    1    1    1    1    1    1    1    1  1.18181E+12 0.00130 
   89   89    1    1    1    1    1    1    1    1  7.98971E+11 0.00181 
   90   90    1    1    1    1    1    1    1    1  4.63561E+11 0.00340 
   91   91    1    1    1    1    1    1    1    1  5.91855E+11 0.00182 
   92   92    1    1    1    1    1    1    1    1  0.00000E+00 0.00000 
   93   93    1    1    1    1    1    1    1    1  0.00000E+00 0.00000 
   94   94    1    1    1    1    1    1    1    1  0.00000E+00 0.00000 
   95   95    1    1    1    1    1    1    1    1  0.00000E+00 0.00000 
   96   96    1    1    1    1    1    1    1    1  0.00000E+00 0.00000 
   97   97    1    1    1    1    1    1    1    1  0.00000E+00 0.00000 
   98   98    1    1    1    1    1    1    1    1  0.00000E+00 0.00000 
   99   99    1    1    1    1    1    1    1    1  0.00000E+00 0.00000 
  100  100    1    1    1    1    1    1    1    1  0.00000E+00 0.00000 
];


