
DETdpaspec = [
    1    1    1    1    1    1    1    1    1    1  0.00000E+00 0.00000 
    2    2    1    1    1    1    1    1    1    1  0.00000E+00 0.00000 
    3    3    1    1    1    1    1    1    1    1  0.00000E+00 0.00000 
    4    4    1    1    1    1    1    1    1    1  0.00000E+00 0.00000 
    5    5    1    1    1    1    1    1    1    1  0.00000E+00 0.00000 
    6    6    1    1    1    1    1    1    1    1  0.00000E+00 0.00000 
    7    7    1    1    1    1    1    1    1    1  0.00000E+00 0.00000 
    8    8    1    1    1    1    1    1    1    1  0.00000E+00 0.00000 
    9    9    1    1    1    1    1    1    1    1  0.00000E+00 0.00000 
   10   10    1    1    1    1    1    1    1    1  0.00000E+00 0.00000 
   11   11    1    1    1    1    1    1    1    1  0.00000E+00 0.00000 
   12   12    1    1    1    1    1    1    1    1  0.00000E+00 0.00000 
   13   13    1    1    1    1    1    1    1    1  0.00000E+00 0.00000 
   14   14    1    1    1    1    1    1    1    1  0.00000E+00 0.00000 
   15   15    1    1    1    1    1    1    1    1  0.00000E+00 0.00000 
   16   16    1    1    1    1    1    1    1    1  0.00000E+00 0.00000 
   17   17    1    1    1    1    1    1    1    1  0.00000E+00 0.00000 
   18   18    1    1    1    1    1    1    1    1  0.00000E+00 0.00000 
   19   19    1    1    1    1    1    1    1    1  1.68434E+09 0.07377 
   20   20    1    1    1    1    1    1    1    1  2.65301E+08 0.07373 
   21   21    1    1    1    1    1    1    1    1  9.14091E+08 0.06545 
   22   22    1    1    1    1    1    1    1    1  6.53123E+08 0.04687 
   23   23    1    1    1    1    1    1    1    1  1.50247E+09 0.04516 
   24   24    1    1    1    1    1    1    1    1  2.30425E+09 0.03242 
   25   25    1    1    1    1    1    1    1    1  3.70811E+09 0.02156 
   26   26    1    1    1    1    1    1    1    1  4.83626E+09 0.02057 
   27   27    1    1    1    1    1    1    1    1  8.25229E+09 0.01179 
   28   28    1    1    1    1    1    1    1    1  1.56344E+10 0.01401 
   29   29    1    1    1    1    1    1    1    1  3.55573E+10 0.00838 
   30   30    1    1    1    1    1    1    1    1  5.96221E+10 0.00655 
   31   31    1    1    1    1    1    1    1    1  1.70917E+11 0.00522 
   32   32    1    1    1    1    1    1    1    1  5.24845E+11 0.00331 
   33   33    1    1    1    1    1    1    1    1  9.66011E+11 0.00209 
   34   34    1    1    1    1    1    1    1    1  2.27101E+12 0.00118 
   35   35    1    1    1    1    1    1    1    1  3.14720E+12 0.00105 
   36   36    1    1    1    1    1    1    1    1  4.16648E+12 0.00093 
   37   37    1    1    1    1    1    1    1    1  2.86746E+12 0.00079 
   38   38    1    1    1    1    1    1    1    1  8.82532E+11 0.00075 
   39   39    1    1    1    1    1    1    1    1  4.90405E+12 0.00069 
   40   40    1    1    1    1    1    1    1    1  6.58737E+12 0.00052 
   41   41    1    1    1    1    1    1    1    1  1.13158E+13 0.00046 
   42   42    1    1    1    1    1    1    1    1  1.14296E+13 0.00044 
   43   43    1    1    1    1    1    1    1    1  2.41162E+13 0.00047 
   44   44    1    1    1    1    1    1    1    1  2.90552E+13 0.00038 
   45   45    1    1    1    1    1    1    1    1  4.16625E+13 0.00036 
   46   46    1    1    1    1    1    1    1    1  8.24719E+13 0.00027 
   47   47    1    1    1    1    1    1    1    1  3.89755E+13 0.00029 
   48   48    1    1    1    1    1    1    1    1  6.23387E+13 0.00022 
   49   49    1    1    1    1    1    1    1    1  8.70668E+13 0.00016 
   50   50    1    1    1    1    1    1    1    1  8.54594E+13 0.00019 
   51   51    1    1    1    1    1    1    1    1  1.32950E+14 0.00013 
   52   52    1    1    1    1    1    1    1    1  1.05771E+14 0.00018 
   53   53    1    1    1    1    1    1    1    1  1.25094E+14 0.00018 
   54   54    1    1    1    1    1    1    1    1  8.71155E+13 0.00014 
   55   55    1    1    1    1    1    1    1    1  1.06315E+14 0.00018 
   56   56    1    1    1    1    1    1    1    1  7.33358E+13 0.00011 
   57   57    1    1    1    1    1    1    1    1  9.97550E+12 0.00031 
   58   58    1    1    1    1    1    1    1    1  1.45337E+14 0.00013 
   59   59    1    1    1    1    1    1    1    1  6.45337E+13 0.00019 
   60   60    1    1    1    1    1    1    1    1  6.86414E+13 0.00016 
   61   61    1    1    1    1    1    1    1    1  5.33658E+13 0.00022 
   62   62    1    1    1    1    1    1    1    1  5.35002E+13 0.00022 
   63   63    1    1    1    1    1    1    1    1  5.55665E+13 0.00016 
   64   64    1    1    1    1    1    1    1    1  4.66407E+13 0.00025 
   65   65    1    1    1    1    1    1    1    1  3.70251E+13 0.00031 
   66   66    1    1    1    1    1    1    1    1  3.66851E+13 0.00032 
   67   67    1    1    1    1    1    1    1    1  2.66534E+13 0.00033 
   68   68    1    1    1    1    1    1    1    1  2.17421E+13 0.00041 
   69   69    1    1    1    1    1    1    1    1  1.94866E+13 0.00049 
   70   70    1    1    1    1    1    1    1    1  2.34360E+13 0.00039 
   71   71    1    1    1    1    1    1    1    1  1.99496E+13 0.00045 
   72   72    1    1    1    1    1    1    1    1  3.63756E+13 0.00033 
   73   73    1    1    1    1    1    1    1    1  2.57698E+13 0.00037 
   74   74    1    1    1    1    1    1    1    1  1.94186E+13 0.00038 
   75   75    1    1    1    1    1    1    1    1  1.55895E+13 0.00053 
   76   76    1    1    1    1    1    1    1    1  1.29025E+13 0.00040 
   77   77    1    1    1    1    1    1    1    1  1.49050E+13 0.00046 
   78   78    1    1    1    1    1    1    1    1  1.17639E+13 0.00070 
   79   79    1    1    1    1    1    1    1    1  9.33722E+12 0.00062 
   80   80    1    1    1    1    1    1    1    1  9.63435E+12 0.00068 
   81   81    1    1    1    1    1    1    1    1  7.14336E+12 0.00071 
   82   82    1    1    1    1    1    1    1    1  5.49581E+12 0.00060 
   83   83    1    1    1    1    1    1    1    1  4.21996E+12 0.00076 
   84   84    1    1    1    1    1    1    1    1  3.94911E+12 0.00073 
   85   85    1    1    1    1    1    1    1    1  2.84619E+12 0.00109 
   86   86    1    1    1    1    1    1    1    1  2.05152E+12 0.00147 
   87   87    1    1    1    1    1    1    1    1  1.91992E+12 0.00081 
   88   88    1    1    1    1    1    1    1    1  1.18611E+12 0.00162 
   89   89    1    1    1    1    1    1    1    1  7.99831E+11 0.00204 
   90   90    1    1    1    1    1    1    1    1  4.64942E+11 0.00339 
   91   91    1    1    1    1    1    1    1    1  5.90927E+11 0.00239 
   92   92    1    1    1    1    1    1    1    1  0.00000E+00 0.00000 
   93   93    1    1    1    1    1    1    1    1  0.00000E+00 0.00000 
   94   94    1    1    1    1    1    1    1    1  0.00000E+00 0.00000 
   95   95    1    1    1    1    1    1    1    1  0.00000E+00 0.00000 
   96   96    1    1    1    1    1    1    1    1  0.00000E+00 0.00000 
   97   97    1    1    1    1    1    1    1    1  0.00000E+00 0.00000 
   98   98    1    1    1    1    1    1    1    1  0.00000E+00 0.00000 
   99   99    1    1    1    1    1    1    1    1  0.00000E+00 0.00000 
  100  100    1    1    1    1    1    1    1    1  0.00000E+00 0.00000 
];


