
DETdpaspec = [
    1    1    1    1    1    1    1    1    1    1  0.00000E+00 0.00000 
    2    2    1    1    1    1    1    1    1    1  0.00000E+00 0.00000 
    3    3    1    1    1    1    1    1    1    1  0.00000E+00 0.00000 
    4    4    1    1    1    1    1    1    1    1  0.00000E+00 0.00000 
    5    5    1    1    1    1    1    1    1    1  0.00000E+00 0.00000 
    6    6    1    1    1    1    1    1    1    1  0.00000E+00 0.00000 
    7    7    1    1    1    1    1    1    1    1  0.00000E+00 0.00000 
    8    8    1    1    1    1    1    1    1    1  0.00000E+00 0.00000 
    9    9    1    1    1    1    1    1    1    1  0.00000E+00 0.00000 
   10   10    1    1    1    1    1    1    1    1  0.00000E+00 0.00000 
   11   11    1    1    1    1    1    1    1    1  0.00000E+00 0.00000 
   12   12    1    1    1    1    1    1    1    1  0.00000E+00 0.00000 
   13   13    1    1    1    1    1    1    1    1  0.00000E+00 0.00000 
   14   14    1    1    1    1    1    1    1    1  0.00000E+00 0.00000 
   15   15    1    1    1    1    1    1    1    1  0.00000E+00 0.00000 
   16   16    1    1    1    1    1    1    1    1  0.00000E+00 0.00000 
   17   17    1    1    1    1    1    1    1    1  0.00000E+00 0.00000 
   18   18    1    1    1    1    1    1    1    1  0.00000E+00 0.00000 
   19   19    1    1    1    1    1    1    1    1  1.41016E+09 0.06850 
   20   20    1    1    1    1    1    1    1    1  1.87235E+08 0.08067 
   21   21    1    1    1    1    1    1    1    1  7.41683E+08 0.06553 
   22   22    1    1    1    1    1    1    1    1  5.59576E+08 0.06710 
   23   23    1    1    1    1    1    1    1    1  1.26819E+09 0.04775 
   24   24    1    1    1    1    1    1    1    1  1.91649E+09 0.02995 
   25   25    1    1    1    1    1    1    1    1  3.44528E+09 0.03233 
   26   26    1    1    1    1    1    1    1    1  4.69880E+09 0.02564 
   27   27    1    1    1    1    1    1    1    1  8.17066E+09 0.02028 
   28   28    1    1    1    1    1    1    1    1  1.75873E+10 0.01138 
   29   29    1    1    1    1    1    1    1    1  4.42471E+10 0.00645 
   30   30    1    1    1    1    1    1    1    1  7.91307E+10 0.00743 
   31   31    1    1    1    1    1    1    1    1  2.10688E+11 0.00491 
   32   32    1    1    1    1    1    1    1    1  6.23368E+11 0.00211 
   33   33    1    1    1    1    1    1    1    1  1.11192E+12 0.00158 
   34   34    1    1    1    1    1    1    1    1  2.59085E+12 0.00113 
   35   35    1    1    1    1    1    1    1    1  3.58925E+12 0.00124 
   36   36    1    1    1    1    1    1    1    1  4.47279E+12 0.00097 
   37   37    1    1    1    1    1    1    1    1  2.98703E+12 0.00095 
   38   38    1    1    1    1    1    1    1    1  9.05494E+11 0.00096 
   39   39    1    1    1    1    1    1    1    1  5.08898E+12 0.00068 
   40   40    1    1    1    1    1    1    1    1  6.82711E+12 0.00074 
   41   41    1    1    1    1    1    1    1    1  1.17500E+13 0.00066 
   42   42    1    1    1    1    1    1    1    1  1.16801E+13 0.00057 
   43   43    1    1    1    1    1    1    1    1  2.48246E+13 0.00035 
   44   44    1    1    1    1    1    1    1    1  2.98394E+13 0.00037 
   45   45    1    1    1    1    1    1    1    1  4.26855E+13 0.00035 
   46   46    1    1    1    1    1    1    1    1  8.47003E+13 0.00030 
   47   47    1    1    1    1    1    1    1    1  3.95467E+13 0.00031 
   48   48    1    1    1    1    1    1    1    1  6.28841E+13 0.00020 
   49   49    1    1    1    1    1    1    1    1  8.75473E+13 0.00019 
   50   50    1    1    1    1    1    1    1    1  8.53965E+13 0.00017 
   51   51    1    1    1    1    1    1    1    1  1.33335E+14 0.00016 
   52   52    1    1    1    1    1    1    1    1  1.04832E+14 0.00017 
   53   53    1    1    1    1    1    1    1    1  1.24753E+14 0.00013 
   54   54    1    1    1    1    1    1    1    1  8.63694E+13 0.00014 
   55   55    1    1    1    1    1    1    1    1  1.06181E+14 0.00014 
   56   56    1    1    1    1    1    1    1    1  7.29093E+13 0.00016 
   57   57    1    1    1    1    1    1    1    1  9.89055E+12 0.00048 
   58   58    1    1    1    1    1    1    1    1  1.44169E+14 0.00012 
   59   59    1    1    1    1    1    1    1    1  6.46103E+13 0.00016 
   60   60    1    1    1    1    1    1    1    1  6.83595E+13 0.00020 
   61   61    1    1    1    1    1    1    1    1  5.34577E+13 0.00019 
   62   62    1    1    1    1    1    1    1    1  5.34509E+13 0.00022 
   63   63    1    1    1    1    1    1    1    1  5.55030E+13 0.00020 
   64   64    1    1    1    1    1    1    1    1  4.66019E+13 0.00032 
   65   65    1    1    1    1    1    1    1    1  3.69186E+13 0.00029 
   66   66    1    1    1    1    1    1    1    1  3.65034E+13 0.00034 
   67   67    1    1    1    1    1    1    1    1  2.64624E+13 0.00040 
   68   68    1    1    1    1    1    1    1    1  2.15027E+13 0.00038 
   69   69    1    1    1    1    1    1    1    1  1.92414E+13 0.00033 
   70   70    1    1    1    1    1    1    1    1  2.30982E+13 0.00045 
   71   71    1    1    1    1    1    1    1    1  1.96176E+13 0.00048 
   72   72    1    1    1    1    1    1    1    1  3.53563E+13 0.00036 
   73   73    1    1    1    1    1    1    1    1  2.49326E+13 0.00040 
   74   74    1    1    1    1    1    1    1    1  1.87940E+13 0.00050 
   75   75    1    1    1    1    1    1    1    1  1.51414E+13 0.00046 
   76   76    1    1    1    1    1    1    1    1  1.26272E+13 0.00045 
   77   77    1    1    1    1    1    1    1    1  1.46651E+13 0.00046 
   78   78    1    1    1    1    1    1    1    1  1.16431E+13 0.00053 
   79   79    1    1    1    1    1    1    1    1  9.28434E+12 0.00054 
   80   80    1    1    1    1    1    1    1    1  9.61138E+12 0.00062 
   81   81    1    1    1    1    1    1    1    1  7.14315E+12 0.00064 
   82   82    1    1    1    1    1    1    1    1  5.51000E+12 0.00070 
   83   83    1    1    1    1    1    1    1    1  4.23688E+12 0.00086 
   84   84    1    1    1    1    1    1    1    1  3.96458E+12 0.00062 
   85   85    1    1    1    1    1    1    1    1  2.85664E+12 0.00113 
   86   86    1    1    1    1    1    1    1    1  2.06660E+12 0.00107 
   87   87    1    1    1    1    1    1    1    1  1.93115E+12 0.00128 
   88   88    1    1    1    1    1    1    1    1  1.18657E+12 0.00139 
   89   89    1    1    1    1    1    1    1    1  8.05075E+11 0.00208 
   90   90    1    1    1    1    1    1    1    1  4.64033E+11 0.00264 
   91   91    1    1    1    1    1    1    1    1  5.87979E+11 0.00261 
   92   92    1    1    1    1    1    1    1    1  0.00000E+00 0.00000 
   93   93    1    1    1    1    1    1    1    1  0.00000E+00 0.00000 
   94   94    1    1    1    1    1    1    1    1  0.00000E+00 0.00000 
   95   95    1    1    1    1    1    1    1    1  0.00000E+00 0.00000 
   96   96    1    1    1    1    1    1    1    1  0.00000E+00 0.00000 
   97   97    1    1    1    1    1    1    1    1  0.00000E+00 0.00000 
   98   98    1    1    1    1    1    1    1    1  0.00000E+00 0.00000 
   99   99    1    1    1    1    1    1    1    1  0.00000E+00 0.00000 
  100  100    1    1    1    1    1    1    1    1  0.00000E+00 0.00000 
];


