
DETdpaspec = [
    1    1    1    1    1    1    1    1    1    1  0.00000E+00 0.00000 
    2    2    1    1    1    1    1    1    1    1  0.00000E+00 0.00000 
    3    3    1    1    1    1    1    1    1    1  0.00000E+00 0.00000 
    4    4    1    1    1    1    1    1    1    1  0.00000E+00 0.00000 
    5    5    1    1    1    1    1    1    1    1  0.00000E+00 0.00000 
    6    6    1    1    1    1    1    1    1    1  0.00000E+00 0.00000 
    7    7    1    1    1    1    1    1    1    1  0.00000E+00 0.00000 
    8    8    1    1    1    1    1    1    1    1  0.00000E+00 0.00000 
    9    9    1    1    1    1    1    1    1    1  0.00000E+00 0.00000 
   10   10    1    1    1    1    1    1    1    1  0.00000E+00 0.00000 
   11   11    1    1    1    1    1    1    1    1  0.00000E+00 0.00000 
   12   12    1    1    1    1    1    1    1    1  0.00000E+00 0.00000 
   13   13    1    1    1    1    1    1    1    1  0.00000E+00 0.00000 
   14   14    1    1    1    1    1    1    1    1  0.00000E+00 0.00000 
   15   15    1    1    1    1    1    1    1    1  0.00000E+00 0.00000 
   16   16    1    1    1    1    1    1    1    1  0.00000E+00 0.00000 
   17   17    1    1    1    1    1    1    1    1  0.00000E+00 0.00000 
   18   18    1    1    1    1    1    1    1    1  0.00000E+00 0.00000 
   19   19    1    1    1    1    1    1    1    1  1.70819E+09 0.05068 
   20   20    1    1    1    1    1    1    1    1  3.03252E+08 0.06951 
   21   21    1    1    1    1    1    1    1    1  9.90514E+08 0.05512 
   22   22    1    1    1    1    1    1    1    1  7.74253E+08 0.04416 
   23   23    1    1    1    1    1    1    1    1  1.80589E+09 0.03491 
   24   24    1    1    1    1    1    1    1    1  2.56478E+09 0.02461 
   25   25    1    1    1    1    1    1    1    1  4.27831E+09 0.01967 
   26   26    1    1    1    1    1    1    1    1  5.53404E+09 0.02433 
   27   27    1    1    1    1    1    1    1    1  8.80631E+09 0.01913 
   28   28    1    1    1    1    1    1    1    1  1.64906E+10 0.01358 
   29   29    1    1    1    1    1    1    1    1  3.54442E+10 0.01010 
   30   30    1    1    1    1    1    1    1    1  5.66873E+10 0.00610 
   31   31    1    1    1    1    1    1    1    1  1.66876E+11 0.00356 
   32   32    1    1    1    1    1    1    1    1  5.13621E+11 0.00278 
   33   33    1    1    1    1    1    1    1    1  9.51636E+11 0.00175 
   34   34    1    1    1    1    1    1    1    1  2.22019E+12 0.00116 
   35   35    1    1    1    1    1    1    1    1  3.05594E+12 0.00124 
   36   36    1    1    1    1    1    1    1    1  4.14847E+12 0.00076 
   37   37    1    1    1    1    1    1    1    1  2.88794E+12 0.00081 
   38   38    1    1    1    1    1    1    1    1  8.94310E+11 0.00079 
   39   39    1    1    1    1    1    1    1    1  4.93556E+12 0.00064 
   40   40    1    1    1    1    1    1    1    1  6.62407E+12 0.00059 
   41   41    1    1    1    1    1    1    1    1  1.13283E+13 0.00065 
   42   42    1    1    1    1    1    1    1    1  1.15218E+13 0.00056 
   43   43    1    1    1    1    1    1    1    1  2.41547E+13 0.00048 
   44   44    1    1    1    1    1    1    1    1  2.90622E+13 0.00034 
   45   45    1    1    1    1    1    1    1    1  4.16420E+13 0.00035 
   46   46    1    1    1    1    1    1    1    1  8.21441E+13 0.00030 
   47   47    1    1    1    1    1    1    1    1  3.89790E+13 0.00026 
   48   48    1    1    1    1    1    1    1    1  6.24761E+13 0.00025 
   49   49    1    1    1    1    1    1    1    1  8.72255E+13 0.00020 
   50   50    1    1    1    1    1    1    1    1  8.57669E+13 0.00020 
   51   51    1    1    1    1    1    1    1    1  1.33055E+14 0.00014 
   52   52    1    1    1    1    1    1    1    1  1.06420E+14 0.00019 
   53   53    1    1    1    1    1    1    1    1  1.25250E+14 0.00016 
   54   54    1    1    1    1    1    1    1    1  8.74250E+13 0.00020 
   55   55    1    1    1    1    1    1    1    1  1.06238E+14 0.00016 
   56   56    1    1    1    1    1    1    1    1  7.34058E+13 0.00019 
   57   57    1    1    1    1    1    1    1    1  1.00155E+13 0.00036 
   58   58    1    1    1    1    1    1    1    1  1.45598E+14 0.00011 
   59   59    1    1    1    1    1    1    1    1  6.42752E+13 0.00019 
   60   60    1    1    1    1    1    1    1    1  6.85593E+13 0.00017 
   61   61    1    1    1    1    1    1    1    1  5.30837E+13 0.00021 
   62   62    1    1    1    1    1    1    1    1  5.33167E+13 0.00020 
   63   63    1    1    1    1    1    1    1    1  5.52945E+13 0.00021 
   64   64    1    1    1    1    1    1    1    1  4.64121E+13 0.00033 
   65   65    1    1    1    1    1    1    1    1  3.68587E+13 0.00035 
   66   66    1    1    1    1    1    1    1    1  3.65200E+13 0.00025 
   67   67    1    1    1    1    1    1    1    1  2.65668E+13 0.00035 
   68   68    1    1    1    1    1    1    1    1  2.17086E+13 0.00046 
   69   69    1    1    1    1    1    1    1    1  1.94740E+13 0.00039 
   70   70    1    1    1    1    1    1    1    1  2.34318E+13 0.00043 
   71   71    1    1    1    1    1    1    1    1  1.99710E+13 0.00038 
   72   72    1    1    1    1    1    1    1    1  3.65805E+13 0.00030 
   73   73    1    1    1    1    1    1    1    1  2.59816E+13 0.00047 
   74   74    1    1    1    1    1    1    1    1  1.95632E+13 0.00043 
   75   75    1    1    1    1    1    1    1    1  1.56474E+13 0.00044 
   76   76    1    1    1    1    1    1    1    1  1.29109E+13 0.00048 
   77   77    1    1    1    1    1    1    1    1  1.48738E+13 0.00031 
   78   78    1    1    1    1    1    1    1    1  1.17007E+13 0.00046 
   79   79    1    1    1    1    1    1    1    1  9.26357E+12 0.00054 
   80   80    1    1    1    1    1    1    1    1  9.52350E+12 0.00052 
   81   81    1    1    1    1    1    1    1    1  7.05573E+12 0.00061 
   82   82    1    1    1    1    1    1    1    1  5.42811E+12 0.00099 
   83   83    1    1    1    1    1    1    1    1  4.16687E+12 0.00066 
   84   84    1    1    1    1    1    1    1    1  3.89824E+12 0.00090 
   85   85    1    1    1    1    1    1    1    1  2.79491E+12 0.00117 
   86   86    1    1    1    1    1    1    1    1  2.01848E+12 0.00108 
   87   87    1    1    1    1    1    1    1    1  1.88570E+12 0.00109 
   88   88    1    1    1    1    1    1    1    1  1.16260E+12 0.00191 
   89   89    1    1    1    1    1    1    1    1  7.90343E+11 0.00211 
   90   90    1    1    1    1    1    1    1    1  4.55403E+11 0.00251 
   91   91    1    1    1    1    1    1    1    1  5.83734E+11 0.00326 
   92   92    1    1    1    1    1    1    1    1  0.00000E+00 0.00000 
   93   93    1    1    1    1    1    1    1    1  0.00000E+00 0.00000 
   94   94    1    1    1    1    1    1    1    1  0.00000E+00 0.00000 
   95   95    1    1    1    1    1    1    1    1  0.00000E+00 0.00000 
   96   96    1    1    1    1    1    1    1    1  0.00000E+00 0.00000 
   97   97    1    1    1    1    1    1    1    1  0.00000E+00 0.00000 
   98   98    1    1    1    1    1    1    1    1  0.00000E+00 0.00000 
   99   99    1    1    1    1    1    1    1    1  0.00000E+00 0.00000 
  100  100    1    1    1    1    1    1    1    1  0.00000E+00 0.00000 
];


