
DETdpaspec = [
    1    1    1    1    1    1    1    1    1    1  0.00000E+00 0.00000 
    2    2    1    1    1    1    1    1    1    1  0.00000E+00 0.00000 
    3    3    1    1    1    1    1    1    1    1  0.00000E+00 0.00000 
    4    4    1    1    1    1    1    1    1    1  0.00000E+00 0.00000 
    5    5    1    1    1    1    1    1    1    1  0.00000E+00 0.00000 
    6    6    1    1    1    1    1    1    1    1  0.00000E+00 0.00000 
    7    7    1    1    1    1    1    1    1    1  0.00000E+00 0.00000 
    8    8    1    1    1    1    1    1    1    1  0.00000E+00 0.00000 
    9    9    1    1    1    1    1    1    1    1  0.00000E+00 0.00000 
   10   10    1    1    1    1    1    1    1    1  0.00000E+00 0.00000 
   11   11    1    1    1    1    1    1    1    1  0.00000E+00 0.00000 
   12   12    1    1    1    1    1    1    1    1  0.00000E+00 0.00000 
   13   13    1    1    1    1    1    1    1    1  0.00000E+00 0.00000 
   14   14    1    1    1    1    1    1    1    1  0.00000E+00 0.00000 
   15   15    1    1    1    1    1    1    1    1  0.00000E+00 0.00000 
   16   16    1    1    1    1    1    1    1    1  0.00000E+00 0.00000 
   17   17    1    1    1    1    1    1    1    1  0.00000E+00 0.00000 
   18   18    1    1    1    1    1    1    1    1  0.00000E+00 0.00000 
   19   19    1    1    1    1    1    1    1    1  1.08389E+09 0.07166 
   20   20    1    1    1    1    1    1    1    1  1.71543E+08 0.09384 
   21   21    1    1    1    1    1    1    1    1  6.41902E+08 0.06499 
   22   22    1    1    1    1    1    1    1    1  5.06026E+08 0.07218 
   23   23    1    1    1    1    1    1    1    1  9.62628E+08 0.05060 
   24   24    1    1    1    1    1    1    1    1  1.78990E+09 0.04499 
   25   25    1    1    1    1    1    1    1    1  4.01299E+09 0.02941 
   26   26    1    1    1    1    1    1    1    1  6.22545E+09 0.02896 
   27   27    1    1    1    1    1    1    1    1  1.36863E+10 0.02101 
   28   28    1    1    1    1    1    1    1    1  3.23537E+10 0.00885 
   29   29    1    1    1    1    1    1    1    1  8.23346E+10 0.00444 
   30   30    1    1    1    1    1    1    1    1  1.48949E+11 0.00423 
   31   31    1    1    1    1    1    1    1    1  3.54537E+11 0.00386 
   32   32    1    1    1    1    1    1    1    1  9.42697E+11 0.00239 
   33   33    1    1    1    1    1    1    1    1  1.56954E+12 0.00170 
   34   34    1    1    1    1    1    1    1    1  3.48048E+12 0.00112 
   35   35    1    1    1    1    1    1    1    1  4.66610E+12 0.00094 
   36   36    1    1    1    1    1    1    1    1  5.35595E+12 0.00093 
   37   37    1    1    1    1    1    1    1    1  3.43090E+12 0.00060 
   38   38    1    1    1    1    1    1    1    1  1.01967E+12 0.00068 
   39   39    1    1    1    1    1    1    1    1  5.78025E+12 0.00067 
   40   40    1    1    1    1    1    1    1    1  7.68709E+12 0.00058 
   41   41    1    1    1    1    1    1    1    1  1.31660E+13 0.00035 
   42   42    1    1    1    1    1    1    1    1  1.28237E+13 0.00040 
   43   43    1    1    1    1    1    1    1    1  2.72510E+13 0.00037 
   44   44    1    1    1    1    1    1    1    1  3.24561E+13 0.00040 
   45   45    1    1    1    1    1    1    1    1  4.59696E+13 0.00032 
   46   46    1    1    1    1    1    1    1    1  9.02754E+13 0.00031 
   47   47    1    1    1    1    1    1    1    1  4.13443E+13 0.00027 
   48   48    1    1    1    1    1    1    1    1  6.51688E+13 0.00022 
   49   49    1    1    1    1    1    1    1    1  8.98456E+13 0.00024 
   50   50    1    1    1    1    1    1    1    1  8.68293E+13 0.00017 
   51   51    1    1    1    1    1    1    1    1  1.34994E+14 0.00015 
   52   52    1    1    1    1    1    1    1    1  1.04450E+14 0.00015 
   53   53    1    1    1    1    1    1    1    1  1.24516E+14 0.00013 
   54   54    1    1    1    1    1    1    1    1  8.53962E+13 0.00016 
   55   55    1    1    1    1    1    1    1    1  1.05265E+14 0.00015 
   56   56    1    1    1    1    1    1    1    1  7.18530E+13 0.00023 
   57   57    1    1    1    1    1    1    1    1  9.70509E+12 0.00042 
   58   58    1    1    1    1    1    1    1    1  1.41243E+14 0.00011 
   59   59    1    1    1    1    1    1    1    1  6.36399E+13 0.00022 
   60   60    1    1    1    1    1    1    1    1  6.68462E+13 0.00022 
   61   61    1    1    1    1    1    1    1    1  5.24460E+13 0.00022 
   62   62    1    1    1    1    1    1    1    1  5.22472E+13 0.00022 
   63   63    1    1    1    1    1    1    1    1  5.41724E+13 0.00025 
   64   64    1    1    1    1    1    1    1    1  4.53830E+13 0.00031 
   65   65    1    1    1    1    1    1    1    1  3.57920E+13 0.00023 
   66   66    1    1    1    1    1    1    1    1  3.52671E+13 0.00028 
   67   67    1    1    1    1    1    1    1    1  2.54586E+13 0.00030 
   68   68    1    1    1    1    1    1    1    1  2.06006E+13 0.00027 
   69   69    1    1    1    1    1    1    1    1  1.83731E+13 0.00039 
   70   70    1    1    1    1    1    1    1    1  2.20045E+13 0.00026 
   71   71    1    1    1    1    1    1    1    1  1.86094E+13 0.00043 
   72   72    1    1    1    1    1    1    1    1  3.31967E+13 0.00033 
   73   73    1    1    1    1    1    1    1    1  2.32523E+13 0.00038 
   74   74    1    1    1    1    1    1    1    1  1.74828E+13 0.00026 
   75   75    1    1    1    1    1    1    1    1  1.41499E+13 0.00048 
   76   76    1    1    1    1    1    1    1    1  1.18454E+13 0.00054 
   77   77    1    1    1    1    1    1    1    1  1.38155E+13 0.00063 
   78   78    1    1    1    1    1    1    1    1  1.10031E+13 0.00058 
   79   79    1    1    1    1    1    1    1    1  8.82524E+12 0.00065 
   80   80    1    1    1    1    1    1    1    1  9.14542E+12 0.00063 
   81   81    1    1    1    1    1    1    1    1  6.80315E+12 0.00067 
   82   82    1    1    1    1    1    1    1    1  5.25387E+12 0.00091 
   83   83    1    1    1    1    1    1    1    1  4.04916E+12 0.00096 
   84   84    1    1    1    1    1    1    1    1  3.77752E+12 0.00071 
   85   85    1    1    1    1    1    1    1    1  2.72577E+12 0.00125 
   86   86    1    1    1    1    1    1    1    1  1.97310E+12 0.00112 
   87   87    1    1    1    1    1    1    1    1  1.84237E+12 0.00143 
   88   88    1    1    1    1    1    1    1    1  1.12926E+12 0.00209 
   89   89    1    1    1    1    1    1    1    1  7.61837E+11 0.00156 
   90   90    1    1    1    1    1    1    1    1  4.38716E+11 0.00276 
   91   91    1    1    1    1    1    1    1    1  5.56344E+11 0.00276 
   92   92    1    1    1    1    1    1    1    1  0.00000E+00 0.00000 
   93   93    1    1    1    1    1    1    1    1  0.00000E+00 0.00000 
   94   94    1    1    1    1    1    1    1    1  0.00000E+00 0.00000 
   95   95    1    1    1    1    1    1    1    1  0.00000E+00 0.00000 
   96   96    1    1    1    1    1    1    1    1  0.00000E+00 0.00000 
   97   97    1    1    1    1    1    1    1    1  0.00000E+00 0.00000 
   98   98    1    1    1    1    1    1    1    1  0.00000E+00 0.00000 
   99   99    1    1    1    1    1    1    1    1  0.00000E+00 0.00000 
  100  100    1    1    1    1    1    1    1    1  0.00000E+00 0.00000 
];


