
DETdpaspec = [
    1    1    1    1    1    1    1    1    1    1  0.00000E+00 0.00000 
    2    2    1    1    1    1    1    1    1    1  0.00000E+00 0.00000 
    3    3    1    1    1    1    1    1    1    1  0.00000E+00 0.00000 
    4    4    1    1    1    1    1    1    1    1  0.00000E+00 0.00000 
    5    5    1    1    1    1    1    1    1    1  0.00000E+00 0.00000 
    6    6    1    1    1    1    1    1    1    1  0.00000E+00 0.00000 
    7    7    1    1    1    1    1    1    1    1  0.00000E+00 0.00000 
    8    8    1    1    1    1    1    1    1    1  0.00000E+00 0.00000 
    9    9    1    1    1    1    1    1    1    1  0.00000E+00 0.00000 
   10   10    1    1    1    1    1    1    1    1  0.00000E+00 0.00000 
   11   11    1    1    1    1    1    1    1    1  0.00000E+00 0.00000 
   12   12    1    1    1    1    1    1    1    1  0.00000E+00 0.00000 
   13   13    1    1    1    1    1    1    1    1  0.00000E+00 0.00000 
   14   14    1    1    1    1    1    1    1    1  0.00000E+00 0.00000 
   15   15    1    1    1    1    1    1    1    1  0.00000E+00 0.00000 
   16   16    1    1    1    1    1    1    1    1  0.00000E+00 0.00000 
   17   17    1    1    1    1    1    1    1    1  0.00000E+00 0.00000 
   18   18    1    1    1    1    1    1    1    1  0.00000E+00 0.00000 
   19   19    1    1    1    1    1    1    1    1  1.84179E+09 0.06938 
   20   20    1    1    1    1    1    1    1    1  2.84168E+08 0.08181 
   21   21    1    1    1    1    1    1    1    1  1.02730E+09 0.05832 
   22   22    1    1    1    1    1    1    1    1  7.52385E+08 0.05230 
   23   23    1    1    1    1    1    1    1    1  1.73647E+09 0.03005 
   24   24    1    1    1    1    1    1    1    1  2.69402E+09 0.02660 
   25   25    1    1    1    1    1    1    1    1  4.17229E+09 0.02388 
   26   26    1    1    1    1    1    1    1    1  5.31011E+09 0.01985 
   27   27    1    1    1    1    1    1    1    1  8.83211E+09 0.02006 
   28   28    1    1    1    1    1    1    1    1  1.67476E+10 0.01417 
   29   29    1    1    1    1    1    1    1    1  3.51118E+10 0.00834 
   30   30    1    1    1    1    1    1    1    1  5.54024E+10 0.00625 
   31   31    1    1    1    1    1    1    1    1  1.65327E+11 0.00430 
   32   32    1    1    1    1    1    1    1    1  5.12122E+11 0.00310 
   33   33    1    1    1    1    1    1    1    1  9.51759E+11 0.00206 
   34   34    1    1    1    1    1    1    1    1  2.21476E+12 0.00145 
   35   35    1    1    1    1    1    1    1    1  3.04224E+12 0.00117 
   36   36    1    1    1    1    1    1    1    1  4.14816E+12 0.00089 
   37   37    1    1    1    1    1    1    1    1  2.89419E+12 0.00078 
   38   38    1    1    1    1    1    1    1    1  8.98016E+11 0.00073 
   39   39    1    1    1    1    1    1    1    1  4.94907E+12 0.00052 
   40   40    1    1    1    1    1    1    1    1  6.64070E+12 0.00062 
   41   41    1    1    1    1    1    1    1    1  1.13513E+13 0.00054 
   42   42    1    1    1    1    1    1    1    1  1.15606E+13 0.00048 
   43   43    1    1    1    1    1    1    1    1  2.42003E+13 0.00034 
   44   44    1    1    1    1    1    1    1    1  2.90918E+13 0.00027 
   45   45    1    1    1    1    1    1    1    1  4.16799E+13 0.00029 
   46   46    1    1    1    1    1    1    1    1  8.20947E+13 0.00017 
   47   47    1    1    1    1    1    1    1    1  3.89933E+13 0.00018 
   48   48    1    1    1    1    1    1    1    1  6.25234E+13 0.00017 
   49   49    1    1    1    1    1    1    1    1  8.73289E+13 0.00018 
   50   50    1    1    1    1    1    1    1    1  8.58738E+13 0.00020 
   51   51    1    1    1    1    1    1    1    1  1.33088E+14 0.00017 
   52   52    1    1    1    1    1    1    1    1  1.06553E+14 0.00015 
   53   53    1    1    1    1    1    1    1    1  1.25305E+14 0.00016 
   54   54    1    1    1    1    1    1    1    1  8.75044E+13 0.00018 
   55   55    1    1    1    1    1    1    1    1  1.06198E+14 0.00014 
   56   56    1    1    1    1    1    1    1    1  7.34033E+13 0.00013 
   57   57    1    1    1    1    1    1    1    1  1.00225E+13 0.00036 
   58   58    1    1    1    1    1    1    1    1  1.45600E+14 0.00015 
   59   59    1    1    1    1    1    1    1    1  6.41831E+13 0.00019 
   60   60    1    1    1    1    1    1    1    1  6.85346E+13 0.00023 
   61   61    1    1    1    1    1    1    1    1  5.29861E+13 0.00019 
   62   62    1    1    1    1    1    1    1    1  5.32495E+13 0.00021 
   63   63    1    1    1    1    1    1    1    1  5.52125E+13 0.00016 
   64   64    1    1    1    1    1    1    1    1  4.63267E+13 0.00018 
   65   65    1    1    1    1    1    1    1    1  3.68063E+13 0.00027 
   66   66    1    1    1    1    1    1    1    1  3.64749E+13 0.00029 
   67   67    1    1    1    1    1    1    1    1  2.65388E+13 0.00033 
   68   68    1    1    1    1    1    1    1    1  2.16952E+13 0.00037 
   69   69    1    1    1    1    1    1    1    1  1.94677E+13 0.00038 
   70   70    1    1    1    1    1    1    1    1  2.34203E+13 0.00044 
   71   71    1    1    1    1    1    1    1    1  1.99619E+13 0.00039 
   72   72    1    1    1    1    1    1    1    1  3.66336E+13 0.00043 
   73   73    1    1    1    1    1    1    1    1  2.60032E+13 0.00035 
   74   74    1    1    1    1    1    1    1    1  1.96165E+13 0.00043 
   75   75    1    1    1    1    1    1    1    1  1.56658E+13 0.00046 
   76   76    1    1    1    1    1    1    1    1  1.29157E+13 0.00049 
   77   77    1    1    1    1    1    1    1    1  1.48672E+13 0.00053 
   78   78    1    1    1    1    1    1    1    1  1.16703E+13 0.00057 
   79   79    1    1    1    1    1    1    1    1  9.23160E+12 0.00053 
   80   80    1    1    1    1    1    1    1    1  9.49387E+12 0.00064 
   81   81    1    1    1    1    1    1    1    1  7.02805E+12 0.00064 
   82   82    1    1    1    1    1    1    1    1  5.40453E+12 0.00093 
   83   83    1    1    1    1    1    1    1    1  4.14959E+12 0.00114 
   84   84    1    1    1    1    1    1    1    1  3.87073E+12 0.00096 
   85   85    1    1    1    1    1    1    1    1  2.79003E+12 0.00145 
   86   86    1    1    1    1    1    1    1    1  2.01149E+12 0.00099 
   87   87    1    1    1    1    1    1    1    1  1.88258E+12 0.00124 
   88   88    1    1    1    1    1    1    1    1  1.16315E+12 0.00184 
   89   89    1    1    1    1    1    1    1    1  7.87129E+11 0.00164 
   90   90    1    1    1    1    1    1    1    1  4.54958E+11 0.00213 
   91   91    1    1    1    1    1    1    1    1  5.80820E+11 0.00231 
   92   92    1    1    1    1    1    1    1    1  0.00000E+00 0.00000 
   93   93    1    1    1    1    1    1    1    1  0.00000E+00 0.00000 
   94   94    1    1    1    1    1    1    1    1  0.00000E+00 0.00000 
   95   95    1    1    1    1    1    1    1    1  0.00000E+00 0.00000 
   96   96    1    1    1    1    1    1    1    1  0.00000E+00 0.00000 
   97   97    1    1    1    1    1    1    1    1  0.00000E+00 0.00000 
   98   98    1    1    1    1    1    1    1    1  0.00000E+00 0.00000 
   99   99    1    1    1    1    1    1    1    1  0.00000E+00 0.00000 
  100  100    1    1    1    1    1    1    1    1  0.00000E+00 0.00000 
];


