
DETdpaspec = [
    1    1    1    1    1    1    1    1    1    1  0.00000E+00 0.00000 
    2    2    1    1    1    1    1    1    1    1  0.00000E+00 0.00000 
    3    3    1    1    1    1    1    1    1    1  0.00000E+00 0.00000 
    4    4    1    1    1    1    1    1    1    1  0.00000E+00 0.00000 
    5    5    1    1    1    1    1    1    1    1  0.00000E+00 0.00000 
    6    6    1    1    1    1    1    1    1    1  0.00000E+00 0.00000 
    7    7    1    1    1    1    1    1    1    1  0.00000E+00 0.00000 
    8    8    1    1    1    1    1    1    1    1  0.00000E+00 0.00000 
    9    9    1    1    1    1    1    1    1    1  0.00000E+00 0.00000 
   10   10    1    1    1    1    1    1    1    1  0.00000E+00 0.00000 
   11   11    1    1    1    1    1    1    1    1  0.00000E+00 0.00000 
   12   12    1    1    1    1    1    1    1    1  0.00000E+00 0.00000 
   13   13    1    1    1    1    1    1    1    1  0.00000E+00 0.00000 
   14   14    1    1    1    1    1    1    1    1  0.00000E+00 0.00000 
   15   15    1    1    1    1    1    1    1    1  0.00000E+00 0.00000 
   16   16    1    1    1    1    1    1    1    1  0.00000E+00 0.00000 
   17   17    1    1    1    1    1    1    1    1  0.00000E+00 0.00000 
   18   18    1    1    1    1    1    1    1    1  0.00000E+00 0.00000 
   19   19    1    1    1    1    1    1    1    1  1.92596E+09 0.04819 
   20   20    1    1    1    1    1    1    1    1  3.05353E+08 0.06256 
   21   21    1    1    1    1    1    1    1    1  1.20516E+09 0.04438 
   22   22    1    1    1    1    1    1    1    1  8.14757E+08 0.04164 
   23   23    1    1    1    1    1    1    1    1  2.07623E+09 0.02821 
   24   24    1    1    1    1    1    1    1    1  3.13784E+09 0.02479 
   25   25    1    1    1    1    1    1    1    1  4.85620E+09 0.02118 
   26   26    1    1    1    1    1    1    1    1  6.13983E+09 0.02093 
   27   27    1    1    1    1    1    1    1    1  9.88416E+09 0.00972 
   28   28    1    1    1    1    1    1    1    1  1.78442E+10 0.00932 
   29   29    1    1    1    1    1    1    1    1  3.61441E+10 0.00679 
   30   30    1    1    1    1    1    1    1    1  5.58619E+10 0.00664 
   31   31    1    1    1    1    1    1    1    1  1.68429E+11 0.00377 
   32   32    1    1    1    1    1    1    1    1  5.18998E+11 0.00388 
   33   33    1    1    1    1    1    1    1    1  9.64855E+11 0.00202 
   34   34    1    1    1    1    1    1    1    1  2.22267E+12 0.00115 
   35   35    1    1    1    1    1    1    1    1  3.01745E+12 0.00095 
   36   36    1    1    1    1    1    1    1    1  4.20364E+12 0.00078 
   37   37    1    1    1    1    1    1    1    1  2.95179E+12 0.00076 
   38   38    1    1    1    1    1    1    1    1  9.23186E+11 0.00075 
   39   39    1    1    1    1    1    1    1    1  5.04733E+12 0.00069 
   40   40    1    1    1    1    1    1    1    1  6.75388E+12 0.00057 
   41   41    1    1    1    1    1    1    1    1  1.14925E+13 0.00040 
   42   42    1    1    1    1    1    1    1    1  1.17745E+13 0.00044 
   43   43    1    1    1    1    1    1    1    1  2.44538E+13 0.00037 
   44   44    1    1    1    1    1    1    1    1  2.93357E+13 0.00031 
   45   45    1    1    1    1    1    1    1    1  4.19497E+13 0.00030 
   46   46    1    1    1    1    1    1    1    1  8.21328E+13 0.00023 
   47   47    1    1    1    1    1    1    1    1  3.91379E+13 0.00018 
   48   48    1    1    1    1    1    1    1    1  6.28539E+13 0.00014 
   49   49    1    1    1    1    1    1    1    1  8.77031E+13 0.00017 
   50   50    1    1    1    1    1    1    1    1  8.63665E+13 0.00019 
   51   51    1    1    1    1    1    1    1    1  1.33433E+14 0.00014 
   52   52    1    1    1    1    1    1    1    1  1.07286E+14 0.00015 
   53   53    1    1    1    1    1    1    1    1  1.25469E+14 0.00012 
   54   54    1    1    1    1    1    1    1    1  8.78083E+13 0.00008 
   55   55    1    1    1    1    1    1    1    1  1.06007E+14 0.00017 
   56   56    1    1    1    1    1    1    1    1  7.34030E+13 0.00016 
   57   57    1    1    1    1    1    1    1    1  1.00342E+13 0.00033 
   58   58    1    1    1    1    1    1    1    1  1.45671E+14 0.00013 
   59   59    1    1    1    1    1    1    1    1  6.38121E+13 0.00016 
   60   60    1    1    1    1    1    1    1    1  6.82445E+13 0.00017 
   61   61    1    1    1    1    1    1    1    1  5.25802E+13 0.00022 
   62   62    1    1    1    1    1    1    1    1  5.28901E+13 0.00020 
   63   63    1    1    1    1    1    1    1    1  5.47917E+13 0.00020 
   64   64    1    1    1    1    1    1    1    1  4.59317E+13 0.00027 
   65   65    1    1    1    1    1    1    1    1  3.65456E+13 0.00031 
   66   66    1    1    1    1    1    1    1    1  3.62034E+13 0.00030 
   67   67    1    1    1    1    1    1    1    1  2.63547E+13 0.00026 
   68   68    1    1    1    1    1    1    1    1  2.15873E+13 0.00035 
   69   69    1    1    1    1    1    1    1    1  1.93899E+13 0.00037 
   70   70    1    1    1    1    1    1    1    1  2.33136E+13 0.00039 
   71   71    1    1    1    1    1    1    1    1  1.99118E+13 0.00052 
   72   72    1    1    1    1    1    1    1    1  3.67062E+13 0.00034 
   73   73    1    1    1    1    1    1    1    1  2.61086E+13 0.00037 
   74   74    1    1    1    1    1    1    1    1  1.96632E+13 0.00050 
   75   75    1    1    1    1    1    1    1    1  1.56555E+13 0.00054 
   76   76    1    1    1    1    1    1    1    1  1.28618E+13 0.00054 
   77   77    1    1    1    1    1    1    1    1  1.47503E+13 0.00041 
   78   78    1    1    1    1    1    1    1    1  1.15345E+13 0.00059 
   79   79    1    1    1    1    1    1    1    1  9.09543E+12 0.00057 
   80   80    1    1    1    1    1    1    1    1  9.32685E+12 0.00071 
   81   81    1    1    1    1    1    1    1    1  6.90134E+12 0.00081 
   82   82    1    1    1    1    1    1    1    1  5.28970E+12 0.00068 
   83   83    1    1    1    1    1    1    1    1  4.06181E+12 0.00115 
   84   84    1    1    1    1    1    1    1    1  3.79847E+12 0.00084 
   85   85    1    1    1    1    1    1    1    1  2.73034E+12 0.00118 
   86   86    1    1    1    1    1    1    1    1  1.96646E+12 0.00140 
   87   87    1    1    1    1    1    1    1    1  1.84362E+12 0.00155 
   88   88    1    1    1    1    1    1    1    1  1.13889E+12 0.00169 
   89   89    1    1    1    1    1    1    1    1  7.71348E+11 0.00269 
   90   90    1    1    1    1    1    1    1    1  4.45735E+11 0.00229 
   91   91    1    1    1    1    1    1    1    1  5.68583E+11 0.00231 
   92   92    1    1    1    1    1    1    1    1  0.00000E+00 0.00000 
   93   93    1    1    1    1    1    1    1    1  0.00000E+00 0.00000 
   94   94    1    1    1    1    1    1    1    1  0.00000E+00 0.00000 
   95   95    1    1    1    1    1    1    1    1  0.00000E+00 0.00000 
   96   96    1    1    1    1    1    1    1    1  0.00000E+00 0.00000 
   97   97    1    1    1    1    1    1    1    1  0.00000E+00 0.00000 
   98   98    1    1    1    1    1    1    1    1  0.00000E+00 0.00000 
   99   99    1    1    1    1    1    1    1    1  0.00000E+00 0.00000 
  100  100    1    1    1    1    1    1    1    1  0.00000E+00 0.00000 
];


