
DETdpaspec = [
    1    1    1    1    1    1    1    1    1    1  0.00000E+00 0.00000 
    2    2    1    1    1    1    1    1    1    1  0.00000E+00 0.00000 
    3    3    1    1    1    1    1    1    1    1  0.00000E+00 0.00000 
    4    4    1    1    1    1    1    1    1    1  0.00000E+00 0.00000 
    5    5    1    1    1    1    1    1    1    1  0.00000E+00 0.00000 
    6    6    1    1    1    1    1    1    1    1  0.00000E+00 0.00000 
    7    7    1    1    1    1    1    1    1    1  0.00000E+00 0.00000 
    8    8    1    1    1    1    1    1    1    1  0.00000E+00 0.00000 
    9    9    1    1    1    1    1    1    1    1  0.00000E+00 0.00000 
   10   10    1    1    1    1    1    1    1    1  0.00000E+00 0.00000 
   11   11    1    1    1    1    1    1    1    1  0.00000E+00 0.00000 
   12   12    1    1    1    1    1    1    1    1  0.00000E+00 0.00000 
   13   13    1    1    1    1    1    1    1    1  0.00000E+00 0.00000 
   14   14    1    1    1    1    1    1    1    1  0.00000E+00 0.00000 
   15   15    1    1    1    1    1    1    1    1  0.00000E+00 0.00000 
   16   16    1    1    1    1    1    1    1    1  0.00000E+00 0.00000 
   17   17    1    1    1    1    1    1    1    1  0.00000E+00 0.00000 
   18   18    1    1    1    1    1    1    1    1  0.00000E+00 0.00000 
   19   19    1    1    1    1    1    1    1    1  1.36354E+09 0.09196 
   20   20    1    1    1    1    1    1    1    1  1.89551E+08 0.08772 
   21   21    1    1    1    1    1    1    1    1  6.09423E+08 0.06198 
   22   22    1    1    1    1    1    1    1    1  5.03795E+08 0.05927 
   23   23    1    1    1    1    1    1    1    1  1.12710E+09 0.07631 
   24   24    1    1    1    1    1    1    1    1  1.87732E+09 0.04562 
   25   25    1    1    1    1    1    1    1    1  3.45956E+09 0.02730 
   26   26    1    1    1    1    1    1    1    1  4.96530E+09 0.02762 
   27   27    1    1    1    1    1    1    1    1  9.72771E+09 0.01656 
   28   28    1    1    1    1    1    1    1    1  2.22034E+10 0.01039 
   29   29    1    1    1    1    1    1    1    1  5.75794E+10 0.00618 
   30   30    1    1    1    1    1    1    1    1  1.05356E+11 0.00468 
   31   31    1    1    1    1    1    1    1    1  2.65559E+11 0.00310 
   32   32    1    1    1    1    1    1    1    1  7.52351E+11 0.00188 
   33   33    1    1    1    1    1    1    1    1  1.29920E+12 0.00194 
   34   34    1    1    1    1    1    1    1    1  2.97339E+12 0.00097 
   35   35    1    1    1    1    1    1    1    1  4.06718E+12 0.00073 
   36   36    1    1    1    1    1    1    1    1  4.85063E+12 0.00083 
   37   37    1    1    1    1    1    1    1    1  3.17403E+12 0.00058 
   38   38    1    1    1    1    1    1    1    1  9.51591E+11 0.00063 
   39   39    1    1    1    1    1    1    1    1  5.37741E+12 0.00061 
   40   40    1    1    1    1    1    1    1    1  7.18634E+12 0.00047 
   41   41    1    1    1    1    1    1    1    1  1.23587E+13 0.00038 
   42   42    1    1    1    1    1    1    1    1  1.21596E+13 0.00040 
   43   43    1    1    1    1    1    1    1    1  2.58634E+13 0.00028 
   44   44    1    1    1    1    1    1    1    1  3.09798E+13 0.00030 
   45   45    1    1    1    1    1    1    1    1  4.41469E+13 0.00030 
   46   46    1    1    1    1    1    1    1    1  8.72202E+13 0.00028 
   47   47    1    1    1    1    1    1    1    1  4.03492E+13 0.00028 
   48   48    1    1    1    1    1    1    1    1  6.38556E+13 0.00023 
   49   49    1    1    1    1    1    1    1    1  8.85304E+13 0.00019 
   50   50    1    1    1    1    1    1    1    1  8.59897E+13 0.00024 
   51   51    1    1    1    1    1    1    1    1  1.34059E+14 0.00016 
   52   52    1    1    1    1    1    1    1    1  1.04567E+14 0.00023 
   53   53    1    1    1    1    1    1    1    1  1.24661E+14 0.00015 
   54   54    1    1    1    1    1    1    1    1  8.58960E+13 0.00017 
   55   55    1    1    1    1    1    1    1    1  1.05840E+14 0.00013 
   56   56    1    1    1    1    1    1    1    1  7.24363E+13 0.00018 
   57   57    1    1    1    1    1    1    1    1  9.80265E+12 0.00040 
   58   58    1    1    1    1    1    1    1    1  1.42844E+14 0.00016 
   59   59    1    1    1    1    1    1    1    1  6.42572E+13 0.00016 
   60   60    1    1    1    1    1    1    1    1  6.77198E+13 0.00020 
   61   61    1    1    1    1    1    1    1    1  5.30798E+13 0.00022 
   62   62    1    1    1    1    1    1    1    1  5.29834E+13 0.00023 
   63   63    1    1    1    1    1    1    1    1  5.49589E+13 0.00023 
   64   64    1    1    1    1    1    1    1    1  4.60985E+13 0.00021 
   65   65    1    1    1    1    1    1    1    1  3.64463E+13 0.00029 
   66   66    1    1    1    1    1    1    1    1  3.59924E+13 0.00030 
   67   67    1    1    1    1    1    1    1    1  2.60435E+13 0.00036 
   68   68    1    1    1    1    1    1    1    1  2.11027E+13 0.00026 
   69   69    1    1    1    1    1    1    1    1  1.88504E+13 0.00036 
   70   70    1    1    1    1    1    1    1    1  2.26121E+13 0.00043 
   71   71    1    1    1    1    1    1    1    1  1.91663E+13 0.00045 
   72   72    1    1    1    1    1    1    1    1  3.43560E+13 0.00035 
   73   73    1    1    1    1    1    1    1    1  2.41569E+13 0.00049 
   74   74    1    1    1    1    1    1    1    1  1.81806E+13 0.00053 
   75   75    1    1    1    1    1    1    1    1  1.46925E+13 0.00046 
   76   76    1    1    1    1    1    1    1    1  1.22712E+13 0.00039 
   77   77    1    1    1    1    1    1    1    1  1.42936E+13 0.00047 
   78   78    1    1    1    1    1    1    1    1  1.13788E+13 0.00047 
   79   79    1    1    1    1    1    1    1    1  9.09126E+12 0.00058 
   80   80    1    1    1    1    1    1    1    1  9.41988E+12 0.00064 
   81   81    1    1    1    1    1    1    1    1  7.00823E+12 0.00086 
   82   82    1    1    1    1    1    1    1    1  5.40535E+12 0.00092 
   83   83    1    1    1    1    1    1    1    1  4.16086E+12 0.00078 
   84   84    1    1    1    1    1    1    1    1  3.89862E+12 0.00084 
   85   85    1    1    1    1    1    1    1    1  2.80554E+12 0.00107 
   86   86    1    1    1    1    1    1    1    1  2.02764E+12 0.00106 
   87   87    1    1    1    1    1    1    1    1  1.89502E+12 0.00127 
   88   88    1    1    1    1    1    1    1    1  1.16586E+12 0.00199 
   89   89    1    1    1    1    1    1    1    1  7.85814E+11 0.00229 
   90   90    1    1    1    1    1    1    1    1  4.53086E+11 0.00272 
   91   91    1    1    1    1    1    1    1    1  5.75686E+11 0.00278 
   92   92    1    1    1    1    1    1    1    1  0.00000E+00 0.00000 
   93   93    1    1    1    1    1    1    1    1  0.00000E+00 0.00000 
   94   94    1    1    1    1    1    1    1    1  0.00000E+00 0.00000 
   95   95    1    1    1    1    1    1    1    1  0.00000E+00 0.00000 
   96   96    1    1    1    1    1    1    1    1  0.00000E+00 0.00000 
   97   97    1    1    1    1    1    1    1    1  0.00000E+00 0.00000 
   98   98    1    1    1    1    1    1    1    1  0.00000E+00 0.00000 
   99   99    1    1    1    1    1    1    1    1  0.00000E+00 0.00000 
  100  100    1    1    1    1    1    1    1    1  0.00000E+00 0.00000 
];


