
DETdpaspec = [
    1    1    1    1    1    1    1    1    1    1  0.00000E+00 0.00000 
    2    2    1    1    1    1    1    1    1    1  0.00000E+00 0.00000 
    3    3    1    1    1    1    1    1    1    1  0.00000E+00 0.00000 
    4    4    1    1    1    1    1    1    1    1  0.00000E+00 0.00000 
    5    5    1    1    1    1    1    1    1    1  0.00000E+00 0.00000 
    6    6    1    1    1    1    1    1    1    1  0.00000E+00 0.00000 
    7    7    1    1    1    1    1    1    1    1  0.00000E+00 0.00000 
    8    8    1    1    1    1    1    1    1    1  0.00000E+00 0.00000 
    9    9    1    1    1    1    1    1    1    1  0.00000E+00 0.00000 
   10   10    1    1    1    1    1    1    1    1  0.00000E+00 0.00000 
   11   11    1    1    1    1    1    1    1    1  0.00000E+00 0.00000 
   12   12    1    1    1    1    1    1    1    1  0.00000E+00 0.00000 
   13   13    1    1    1    1    1    1    1    1  0.00000E+00 0.00000 
   14   14    1    1    1    1    1    1    1    1  0.00000E+00 0.00000 
   15   15    1    1    1    1    1    1    1    1  0.00000E+00 0.00000 
   16   16    1    1    1    1    1    1    1    1  0.00000E+00 0.00000 
   17   17    1    1    1    1    1    1    1    1  0.00000E+00 0.00000 
   18   18    1    1    1    1    1    1    1    1  0.00000E+00 0.00000 
   19   19    1    1    1    1    1    1    1    1  2.56494E+09 0.02868 
   20   20    1    1    1    1    1    1    1    1  5.58293E+08 0.04368 
   21   21    1    1    1    1    1    1    1    1  1.73297E+09 0.02767 
   22   22    1    1    1    1    1    1    1    1  1.37652E+09 0.02474 
   23   23    1    1    1    1    1    1    1    1  3.79592E+09 0.02229 
   24   24    1    1    1    1    1    1    1    1  5.00267E+09 0.02150 
   25   25    1    1    1    1    1    1    1    1  7.61118E+09 0.01517 
   26   26    1    1    1    1    1    1    1    1  9.46320E+09 0.01704 
   27   27    1    1    1    1    1    1    1    1  1.54614E+10 0.01121 
   28   28    1    1    1    1    1    1    1    1  2.84782E+10 0.00729 
   29   29    1    1    1    1    1    1    1    1  5.06681E+10 0.00606 
   30   30    1    1    1    1    1    1    1    1  6.93683E+10 0.00559 
   31   31    1    1    1    1    1    1    1    1  2.21473E+11 0.00353 
   32   32    1    1    1    1    1    1    1    1  6.48552E+11 0.00233 
   33   33    1    1    1    1    1    1    1    1  1.17897E+12 0.00168 
   34   34    1    1    1    1    1    1    1    1  2.53848E+12 0.00109 
   35   35    1    1    1    1    1    1    1    1  3.28878E+12 0.00081 
   36   36    1    1    1    1    1    1    1    1  4.80779E+12 0.00063 
   37   37    1    1    1    1    1    1    1    1  3.41614E+12 0.00061 
   38   38    1    1    1    1    1    1    1    1  1.08819E+12 0.00055 
   39   39    1    1    1    1    1    1    1    1  5.76184E+12 0.00059 
   40   40    1    1    1    1    1    1    1    1  7.63031E+12 0.00050 
   41   41    1    1    1    1    1    1    1    1  1.26530E+13 0.00044 
   42   42    1    1    1    1    1    1    1    1  1.31399E+13 0.00050 
   43   43    1    1    1    1    1    1    1    1  2.64420E+13 0.00041 
   44   44    1    1    1    1    1    1    1    1  3.13115E+13 0.00034 
   45   45    1    1    1    1    1    1    1    1  4.41362E+13 0.00025 
   46   46    1    1    1    1    1    1    1    1  8.40430E+13 0.00015 
   47   47    1    1    1    1    1    1    1    1  4.02409E+13 0.00016 
   48   48    1    1    1    1    1    1    1    1  6.47521E+13 0.00018 
   49   49    1    1    1    1    1    1    1    1  8.97378E+13 0.00015 
   50   50    1    1    1    1    1    1    1    1  8.84872E+13 0.00018 
   51   51    1    1    1    1    1    1    1    1  1.34555E+14 0.00015 
   52   52    1    1    1    1    1    1    1    1  1.09528E+14 0.00013 
   53   53    1    1    1    1    1    1    1    1  1.25567E+14 0.00011 
   54   54    1    1    1    1    1    1    1    1  8.83862E+13 0.00013 
   55   55    1    1    1    1    1    1    1    1  1.04763E+14 0.00012 
   56   56    1    1    1    1    1    1    1    1  7.29997E+13 0.00013 
   57   57    1    1    1    1    1    1    1    1  1.00490E+13 0.00032 
   58   58    1    1    1    1    1    1    1    1  1.44994E+14 0.00014 
   59   59    1    1    1    1    1    1    1    1  6.21628E+13 0.00023 
   60   60    1    1    1    1    1    1    1    1  6.69292E+13 0.00020 
   61   61    1    1    1    1    1    1    1    1  5.08275E+13 0.00021 
   62   62    1    1    1    1    1    1    1    1  5.13496E+13 0.00018 
   63   63    1    1    1    1    1    1    1    1  5.29303E+13 0.00027 
   64   64    1    1    1    1    1    1    1    1  4.41896E+13 0.00030 
   65   65    1    1    1    1    1    1    1    1  3.52096E+13 0.00023 
   66   66    1    1    1    1    1    1    1    1  3.48608E+13 0.00025 
   67   67    1    1    1    1    1    1    1    1  2.54071E+13 0.00026 
   68   68    1    1    1    1    1    1    1    1  2.09022E+13 0.00034 
   69   69    1    1    1    1    1    1    1    1  1.88038E+13 0.00029 
   70   70    1    1    1    1    1    1    1    1  2.26246E+13 0.00034 
   71   71    1    1    1    1    1    1    1    1  1.93656E+13 0.00031 
   72   72    1    1    1    1    1    1    1    1  3.62206E+13 0.00036 
   73   73    1    1    1    1    1    1    1    1  2.58669E+13 0.00041 
   74   74    1    1    1    1    1    1    1    1  1.94170E+13 0.00043 
   75   75    1    1    1    1    1    1    1    1  1.52657E+13 0.00052 
   76   76    1    1    1    1    1    1    1    1  1.23597E+13 0.00045 
   77   77    1    1    1    1    1    1    1    1  1.40296E+13 0.00048 
   78   78    1    1    1    1    1    1    1    1  1.08055E+13 0.00047 
   79   79    1    1    1    1    1    1    1    1  8.44672E+12 0.00058 
   80   80    1    1    1    1    1    1    1    1  8.59375E+12 0.00059 
   81   81    1    1    1    1    1    1    1    1  6.31861E+12 0.00073 
   82   82    1    1    1    1    1    1    1    1  4.82718E+12 0.00063 
   83   83    1    1    1    1    1    1    1    1  3.69625E+12 0.00048 
   84   84    1    1    1    1    1    1    1    1  3.44226E+12 0.00113 
   85   85    1    1    1    1    1    1    1    1  2.47821E+12 0.00135 
   86   86    1    1    1    1    1    1    1    1  1.78379E+12 0.00126 
   87   87    1    1    1    1    1    1    1    1  1.66670E+12 0.00129 
   88   88    1    1    1    1    1    1    1    1  1.02878E+12 0.00176 
   89   89    1    1    1    1    1    1    1    1  6.98714E+11 0.00224 
   90   90    1    1    1    1    1    1    1    1  4.07512E+11 0.00270 
   91   91    1    1    1    1    1    1    1    1  5.21964E+11 0.00241 
   92   92    1    1    1    1    1    1    1    1  0.00000E+00 0.00000 
   93   93    1    1    1    1    1    1    1    1  0.00000E+00 0.00000 
   94   94    1    1    1    1    1    1    1    1  0.00000E+00 0.00000 
   95   95    1    1    1    1    1    1    1    1  0.00000E+00 0.00000 
   96   96    1    1    1    1    1    1    1    1  0.00000E+00 0.00000 
   97   97    1    1    1    1    1    1    1    1  0.00000E+00 0.00000 
   98   98    1    1    1    1    1    1    1    1  0.00000E+00 0.00000 
   99   99    1    1    1    1    1    1    1    1  0.00000E+00 0.00000 
  100  100    1    1    1    1    1    1    1    1  0.00000E+00 0.00000 
];


