
DETdpaspec = [
    1    1    1    1    1    1    1    1    1    1  0.00000E+00 0.00000 
    2    2    1    1    1    1    1    1    1    1  0.00000E+00 0.00000 
    3    3    1    1    1    1    1    1    1    1  0.00000E+00 0.00000 
    4    4    1    1    1    1    1    1    1    1  0.00000E+00 0.00000 
    5    5    1    1    1    1    1    1    1    1  0.00000E+00 0.00000 
    6    6    1    1    1    1    1    1    1    1  0.00000E+00 0.00000 
    7    7    1    1    1    1    1    1    1    1  0.00000E+00 0.00000 
    8    8    1    1    1    1    1    1    1    1  0.00000E+00 0.00000 
    9    9    1    1    1    1    1    1    1    1  0.00000E+00 0.00000 
   10   10    1    1    1    1    1    1    1    1  0.00000E+00 0.00000 
   11   11    1    1    1    1    1    1    1    1  0.00000E+00 0.00000 
   12   12    1    1    1    1    1    1    1    1  0.00000E+00 0.00000 
   13   13    1    1    1    1    1    1    1    1  0.00000E+00 0.00000 
   14   14    1    1    1    1    1    1    1    1  0.00000E+00 0.00000 
   15   15    1    1    1    1    1    1    1    1  0.00000E+00 0.00000 
   16   16    1    1    1    1    1    1    1    1  0.00000E+00 0.00000 
   17   17    1    1    1    1    1    1    1    1  0.00000E+00 0.00000 
   18   18    1    1    1    1    1    1    1    1  0.00000E+00 0.00000 
   19   19    1    1    1    1    1    1    1    1  1.14804E+09 0.10265 
   20   20    1    1    1    1    1    1    1    1  1.92484E+08 0.08766 
   21   21    1    1    1    1    1    1    1    1  5.08613E+08 0.07352 
   22   22    1    1    1    1    1    1    1    1  4.37820E+08 0.06167 
   23   23    1    1    1    1    1    1    1    1  9.57873E+08 0.05940 
   24   24    1    1    1    1    1    1    1    1  1.90441E+09 0.03514 
   25   25    1    1    1    1    1    1    1    1  4.19238E+09 0.03461 
   26   26    1    1    1    1    1    1    1    1  6.93974E+09 0.02097 
   27   27    1    1    1    1    1    1    1    1  1.55554E+10 0.01404 
   28   28    1    1    1    1    1    1    1    1  3.69962E+10 0.01029 
   29   29    1    1    1    1    1    1    1    1  9.31845E+10 0.00660 
   30   30    1    1    1    1    1    1    1    1  1.67326E+11 0.00479 
   31   31    1    1    1    1    1    1    1    1  3.90642E+11 0.00326 
   32   32    1    1    1    1    1    1    1    1  1.01801E+12 0.00204 
   33   33    1    1    1    1    1    1    1    1  1.66519E+12 0.00163 
   34   34    1    1    1    1    1    1    1    1  3.65023E+12 0.00098 
   35   35    1    1    1    1    1    1    1    1  4.86292E+12 0.00085 
   36   36    1    1    1    1    1    1    1    1  5.51570E+12 0.00068 
   37   37    1    1    1    1    1    1    1    1  3.51184E+12 0.00068 
   38   38    1    1    1    1    1    1    1    1  1.04247E+12 0.00064 
   39   39    1    1    1    1    1    1    1    1  5.90539E+12 0.00054 
   40   40    1    1    1    1    1    1    1    1  7.84799E+12 0.00053 
   41   41    1    1    1    1    1    1    1    1  1.34312E+13 0.00055 
   42   42    1    1    1    1    1    1    1    1  1.30421E+13 0.00053 
   43   43    1    1    1    1    1    1    1    1  2.77143E+13 0.00035 
   44   44    1    1    1    1    1    1    1    1  3.29495E+13 0.00028 
   45   45    1    1    1    1    1    1    1    1  4.65965E+13 0.00020 
   46   46    1    1    1    1    1    1    1    1  9.12255E+13 0.00019 
   47   47    1    1    1    1    1    1    1    1  4.16647E+13 0.00017 
   48   48    1    1    1    1    1    1    1    1  6.55807E+13 0.00022 
   49   49    1    1    1    1    1    1    1    1  9.02671E+13 0.00018 
   50   50    1    1    1    1    1    1    1    1  8.71051E+13 0.00021 
   51   51    1    1    1    1    1    1    1    1  1.35284E+14 0.00013 
   52   52    1    1    1    1    1    1    1    1  1.04455E+14 0.00022 
   53   53    1    1    1    1    1    1    1    1  1.24452E+14 0.00014 
   54   54    1    1    1    1    1    1    1    1  8.52703E+13 0.00020 
   55   55    1    1    1    1    1    1    1    1  1.05069E+14 0.00013 
   56   56    1    1    1    1    1    1    1    1  7.16347E+13 0.00022 
   57   57    1    1    1    1    1    1    1    1  9.67226E+12 0.00034 
   58   58    1    1    1    1    1    1    1    1  1.40722E+14 0.00014 
   59   59    1    1    1    1    1    1    1    1  6.34325E+13 0.00024 
   60   60    1    1    1    1    1    1    1    1  6.65614E+13 0.00015 
   61   61    1    1    1    1    1    1    1    1  5.22395E+13 0.00014 
   62   62    1    1    1    1    1    1    1    1  5.20057E+13 0.00019 
   63   63    1    1    1    1    1    1    1    1  5.39039E+13 0.00021 
   64   64    1    1    1    1    1    1    1    1  4.51241E+13 0.00019 
   65   65    1    1    1    1    1    1    1    1  3.55643E+13 0.00019 
   66   66    1    1    1    1    1    1    1    1  3.50323E+13 0.00029 
   67   67    1    1    1    1    1    1    1    1  2.52792E+13 0.00038 
   68   68    1    1    1    1    1    1    1    1  2.04327E+13 0.00035 
   69   69    1    1    1    1    1    1    1    1  1.82150E+13 0.00035 
   70   70    1    1    1    1    1    1    1    1  2.18137E+13 0.00031 
   71   71    1    1    1    1    1    1    1    1  1.84383E+13 0.00041 
   72   72    1    1    1    1    1    1    1    1  3.28265E+13 0.00033 
   73   73    1    1    1    1    1    1    1    1  2.29757E+13 0.00039 
   74   74    1    1    1    1    1    1    1    1  1.72726E+13 0.00052 
   75   75    1    1    1    1    1    1    1    1  1.39843E+13 0.00047 
   76   76    1    1    1    1    1    1    1    1  1.17054E+13 0.00045 
   77   77    1    1    1    1    1    1    1    1  1.36516E+13 0.00046 
   78   78    1    1    1    1    1    1    1    1  1.08858E+13 0.00055 
   79   79    1    1    1    1    1    1    1    1  8.72211E+12 0.00049 
   80   80    1    1    1    1    1    1    1    1  9.06197E+12 0.00061 
   81   81    1    1    1    1    1    1    1    1  6.73471E+12 0.00069 
   82   82    1    1    1    1    1    1    1    1  5.19587E+12 0.00063 
   83   83    1    1    1    1    1    1    1    1  4.00483E+12 0.00078 
   84   84    1    1    1    1    1    1    1    1  3.73906E+12 0.00131 
   85   85    1    1    1    1    1    1    1    1  2.69701E+12 0.00116 
   86   86    1    1    1    1    1    1    1    1  1.94733E+12 0.00136 
   87   87    1    1    1    1    1    1    1    1  1.82479E+12 0.00108 
   88   88    1    1    1    1    1    1    1    1  1.11655E+12 0.00186 
   89   89    1    1    1    1    1    1    1    1  7.49695E+11 0.00255 
   90   90    1    1    1    1    1    1    1    1  4.36726E+11 0.00259 
   91   91    1    1    1    1    1    1    1    1  5.48273E+11 0.00264 
   92   92    1    1    1    1    1    1    1    1  0.00000E+00 0.00000 
   93   93    1    1    1    1    1    1    1    1  0.00000E+00 0.00000 
   94   94    1    1    1    1    1    1    1    1  0.00000E+00 0.00000 
   95   95    1    1    1    1    1    1    1    1  0.00000E+00 0.00000 
   96   96    1    1    1    1    1    1    1    1  0.00000E+00 0.00000 
   97   97    1    1    1    1    1    1    1    1  0.00000E+00 0.00000 
   98   98    1    1    1    1    1    1    1    1  0.00000E+00 0.00000 
   99   99    1    1    1    1    1    1    1    1  0.00000E+00 0.00000 
  100  100    1    1    1    1    1    1    1    1  0.00000E+00 0.00000 
];


