
DETdpaspec = [
    1    1    1    1    1    1    1    1    1    1  0.00000E+00 0.00000 
    2    2    1    1    1    1    1    1    1    1  0.00000E+00 0.00000 
    3    3    1    1    1    1    1    1    1    1  0.00000E+00 0.00000 
    4    4    1    1    1    1    1    1    1    1  0.00000E+00 0.00000 
    5    5    1    1    1    1    1    1    1    1  0.00000E+00 0.00000 
    6    6    1    1    1    1    1    1    1    1  0.00000E+00 0.00000 
    7    7    1    1    1    1    1    1    1    1  0.00000E+00 0.00000 
    8    8    1    1    1    1    1    1    1    1  0.00000E+00 0.00000 
    9    9    1    1    1    1    1    1    1    1  0.00000E+00 0.00000 
   10   10    1    1    1    1    1    1    1    1  0.00000E+00 0.00000 
   11   11    1    1    1    1    1    1    1    1  0.00000E+00 0.00000 
   12   12    1    1    1    1    1    1    1    1  0.00000E+00 0.00000 
   13   13    1    1    1    1    1    1    1    1  0.00000E+00 0.00000 
   14   14    1    1    1    1    1    1    1    1  0.00000E+00 0.00000 
   15   15    1    1    1    1    1    1    1    1  0.00000E+00 0.00000 
   16   16    1    1    1    1    1    1    1    1  0.00000E+00 0.00000 
   17   17    1    1    1    1    1    1    1    1  0.00000E+00 0.00000 
   18   18    1    1    1    1    1    1    1    1  0.00000E+00 0.00000 
   19   19    1    1    1    1    1    1    1    1  2.10188E+09 0.04980 
   20   20    1    1    1    1    1    1    1    1  3.33686E+08 0.06575 
   21   21    1    1    1    1    1    1    1    1  1.29270E+09 0.03737 
   22   22    1    1    1    1    1    1    1    1  9.47090E+08 0.02657 
   23   23    1    1    1    1    1    1    1    1  2.38229E+09 0.02547 
   24   24    1    1    1    1    1    1    1    1  3.36379E+09 0.02156 
   25   25    1    1    1    1    1    1    1    1  5.35529E+09 0.01909 
   26   26    1    1    1    1    1    1    1    1  6.78646E+09 0.02155 
   27   27    1    1    1    1    1    1    1    1  1.10041E+10 0.01074 
   28   28    1    1    1    1    1    1    1    1  1.99530E+10 0.01107 
   29   29    1    1    1    1    1    1    1    1  3.92592E+10 0.00817 
   30   30    1    1    1    1    1    1    1    1  5.88263E+10 0.00631 
   31   31    1    1    1    1    1    1    1    1  1.77092E+11 0.00310 
   32   32    1    1    1    1    1    1    1    1  5.38405E+11 0.00256 
   33   33    1    1    1    1    1    1    1    1  9.92791E+11 0.00192 
   34   34    1    1    1    1    1    1    1    1  2.25609E+12 0.00100 
   35   35    1    1    1    1    1    1    1    1  3.03803E+12 0.00087 
   36   36    1    1    1    1    1    1    1    1  4.29584E+12 0.00077 
   37   37    1    1    1    1    1    1    1    1  3.03009E+12 0.00065 
   38   38    1    1    1    1    1    1    1    1  9.51927E+11 0.00064 
   39   39    1    1    1    1    1    1    1    1  5.16896E+12 0.00070 
   40   40    1    1    1    1    1    1    1    1  6.90695E+12 0.00058 
   41   41    1    1    1    1    1    1    1    1  1.16923E+13 0.00045 
   42   42    1    1    1    1    1    1    1    1  1.20158E+13 0.00051 
   43   43    1    1    1    1    1    1    1    1  2.47911E+13 0.00035 
   44   44    1    1    1    1    1    1    1    1  2.96781E+13 0.00037 
   45   45    1    1    1    1    1    1    1    1  4.23299E+13 0.00035 
   46   46    1    1    1    1    1    1    1    1  8.24329E+13 0.00027 
   47   47    1    1    1    1    1    1    1    1  3.93433E+13 0.00021 
   48   48    1    1    1    1    1    1    1    1  6.32323E+13 0.00023 
   49   49    1    1    1    1    1    1    1    1  8.81328E+13 0.00024 
   50   50    1    1    1    1    1    1    1    1  8.68582E+13 0.00019 
   51   51    1    1    1    1    1    1    1    1  1.33626E+14 0.00020 
   52   52    1    1    1    1    1    1    1    1  1.07792E+14 0.00018 
   53   53    1    1    1    1    1    1    1    1  1.25567E+14 0.00014 
   54   54    1    1    1    1    1    1    1    1  8.79573E+13 0.00013 
   55   55    1    1    1    1    1    1    1    1  1.05766E+14 0.00012 
   56   56    1    1    1    1    1    1    1    1  7.33437E+13 0.00013 
   57   57    1    1    1    1    1    1    1    1  1.00486E+13 0.00031 
   58   58    1    1    1    1    1    1    1    1  1.45626E+14 0.00018 
   59   59    1    1    1    1    1    1    1    1  6.34760E+13 0.00022 
   60   60    1    1    1    1    1    1    1    1  6.79991E+13 0.00022 
   61   61    1    1    1    1    1    1    1    1  5.22383E+13 0.00015 
   62   62    1    1    1    1    1    1    1    1  5.25961E+13 0.00024 
   63   63    1    1    1    1    1    1    1    1  5.44177E+13 0.00031 
   64   64    1    1    1    1    1    1    1    1  4.55605E+13 0.00023 
   65   65    1    1    1    1    1    1    1    1  3.62849E+13 0.00032 
   66   66    1    1    1    1    1    1    1    1  3.59437E+13 0.00035 
   67   67    1    1    1    1    1    1    1    1  2.61747E+13 0.00040 
   68   68    1    1    1    1    1    1    1    1  2.14648E+13 0.00041 
   69   69    1    1    1    1    1    1    1    1  1.92866E+13 0.00037 
   70   70    1    1    1    1    1    1    1    1  2.31904E+13 0.00034 
   71   71    1    1    1    1    1    1    1    1  1.98194E+13 0.00040 
   72   72    1    1    1    1    1    1    1    1  3.66227E+13 0.00035 
   73   73    1    1    1    1    1    1    1    1  2.60862E+13 0.00029 
   74   74    1    1    1    1    1    1    1    1  1.96377E+13 0.00049 
   75   75    1    1    1    1    1    1    1    1  1.56087E+13 0.00040 
   76   76    1    1    1    1    1    1    1    1  1.27654E+13 0.00057 
   77   77    1    1    1    1    1    1    1    1  1.45989E+13 0.00055 
   78   78    1    1    1    1    1    1    1    1  1.13893E+13 0.00050 
   79   79    1    1    1    1    1    1    1    1  8.95684E+12 0.00067 
   80   80    1    1    1    1    1    1    1    1  9.17658E+12 0.00066 
   81   81    1    1    1    1    1    1    1    1  6.77706E+12 0.00071 
   82   82    1    1    1    1    1    1    1    1  5.19814E+12 0.00091 
   83   83    1    1    1    1    1    1    1    1  3.99231E+12 0.00057 
   84   84    1    1    1    1    1    1    1    1  3.72917E+12 0.00087 
   85   85    1    1    1    1    1    1    1    1  2.68034E+12 0.00098 
   86   86    1    1    1    1    1    1    1    1  1.92332E+12 0.00128 
   87   87    1    1    1    1    1    1    1    1  1.80037E+12 0.00159 
   88   88    1    1    1    1    1    1    1    1  1.11220E+12 0.00148 
   89   89    1    1    1    1    1    1    1    1  7.54533E+11 0.00139 
   90   90    1    1    1    1    1    1    1    1  4.37041E+11 0.00258 
   91   91    1    1    1    1    1    1    1    1  5.60661E+11 0.00280 
   92   92    1    1    1    1    1    1    1    1  0.00000E+00 0.00000 
   93   93    1    1    1    1    1    1    1    1  0.00000E+00 0.00000 
   94   94    1    1    1    1    1    1    1    1  0.00000E+00 0.00000 
   95   95    1    1    1    1    1    1    1    1  0.00000E+00 0.00000 
   96   96    1    1    1    1    1    1    1    1  0.00000E+00 0.00000 
   97   97    1    1    1    1    1    1    1    1  0.00000E+00 0.00000 
   98   98    1    1    1    1    1    1    1    1  0.00000E+00 0.00000 
   99   99    1    1    1    1    1    1    1    1  0.00000E+00 0.00000 
  100  100    1    1    1    1    1    1    1    1  0.00000E+00 0.00000 
];


