
DETdpaspec = [
    1    1    1    1    1    1    1    1    1    1  0.00000E+00 0.00000 
    2    2    1    1    1    1    1    1    1    1  0.00000E+00 0.00000 
    3    3    1    1    1    1    1    1    1    1  0.00000E+00 0.00000 
    4    4    1    1    1    1    1    1    1    1  0.00000E+00 0.00000 
    5    5    1    1    1    1    1    1    1    1  0.00000E+00 0.00000 
    6    6    1    1    1    1    1    1    1    1  0.00000E+00 0.00000 
    7    7    1    1    1    1    1    1    1    1  0.00000E+00 0.00000 
    8    8    1    1    1    1    1    1    1    1  0.00000E+00 0.00000 
    9    9    1    1    1    1    1    1    1    1  0.00000E+00 0.00000 
   10   10    1    1    1    1    1    1    1    1  0.00000E+00 0.00000 
   11   11    1    1    1    1    1    1    1    1  0.00000E+00 0.00000 
   12   12    1    1    1    1    1    1    1    1  0.00000E+00 0.00000 
   13   13    1    1    1    1    1    1    1    1  0.00000E+00 0.00000 
   14   14    1    1    1    1    1    1    1    1  0.00000E+00 0.00000 
   15   15    1    1    1    1    1    1    1    1  0.00000E+00 0.00000 
   16   16    1    1    1    1    1    1    1    1  0.00000E+00 0.00000 
   17   17    1    1    1    1    1    1    1    1  0.00000E+00 0.00000 
   18   18    1    1    1    1    1    1    1    1  0.00000E+00 0.00000 
   19   19    1    1    1    1    1    1    1    1  1.61097E+09 0.07729 
   20   20    1    1    1    1    1    1    1    1  2.17288E+08 0.10254 
   21   21    1    1    1    1    1    1    1    1  7.83986E+08 0.04877 
   22   22    1    1    1    1    1    1    1    1  6.25467E+08 0.05370 
   23   23    1    1    1    1    1    1    1    1  1.27176E+09 0.03456 
   24   24    1    1    1    1    1    1    1    1  2.04567E+09 0.02691 
   25   25    1    1    1    1    1    1    1    1  3.56709E+09 0.03481 
   26   26    1    1    1    1    1    1    1    1  4.71180E+09 0.02115 
   27   27    1    1    1    1    1    1    1    1  8.20907E+09 0.01929 
   28   28    1    1    1    1    1    1    1    1  1.64205E+10 0.01392 
   29   29    1    1    1    1    1    1    1    1  3.90104E+10 0.00929 
   30   30    1    1    1    1    1    1    1    1  6.79475E+10 0.00662 
   31   31    1    1    1    1    1    1    1    1  1.87725E+11 0.00445 
   32   32    1    1    1    1    1    1    1    1  5.65931E+11 0.00306 
   33   33    1    1    1    1    1    1    1    1  1.03049E+12 0.00245 
   34   34    1    1    1    1    1    1    1    1  2.41769E+12 0.00115 
   35   35    1    1    1    1    1    1    1    1  3.36236E+12 0.00093 
   36   36    1    1    1    1    1    1    1    1  4.30145E+12 0.00070 
   37   37    1    1    1    1    1    1    1    1  2.90967E+12 0.00063 
   38   38    1    1    1    1    1    1    1    1  8.87563E+11 0.00065 
   39   39    1    1    1    1    1    1    1    1  4.96983E+12 0.00045 
   40   40    1    1    1    1    1    1    1    1  6.67048E+12 0.00051 
   41   41    1    1    1    1    1    1    1    1  1.14822E+13 0.00043 
   42   42    1    1    1    1    1    1    1    1  1.14960E+13 0.00036 
   43   43    1    1    1    1    1    1    1    1  2.43926E+13 0.00029 
   44   44    1    1    1    1    1    1    1    1  2.93360E+13 0.00033 
   45   45    1    1    1    1    1    1    1    1  4.20562E+13 0.00026 
   46   46    1    1    1    1    1    1    1    1  8.34425E+13 0.00024 
   47   47    1    1    1    1    1    1    1    1  3.91912E+13 0.00027 
   48   48    1    1    1    1    1    1    1    1  6.25023E+13 0.00021 
   49   49    1    1    1    1    1    1    1    1  8.71597E+13 0.00021 
   50   50    1    1    1    1    1    1    1    1  8.52794E+13 0.00022 
   51   51    1    1    1    1    1    1    1    1  1.33025E+14 0.00013 
   52   52    1    1    1    1    1    1    1    1  1.05148E+14 0.00015 
   53   53    1    1    1    1    1    1    1    1  1.24900E+14 0.00016 
   54   54    1    1    1    1    1    1    1    1  8.66993E+13 0.00020 
   55   55    1    1    1    1    1    1    1    1  1.06310E+14 0.00015 
   56   56    1    1    1    1    1    1    1    1  7.31508E+13 0.00021 
   57   57    1    1    1    1    1    1    1    1  9.93779E+12 0.00040 
   58   58    1    1    1    1    1    1    1    1  1.44809E+14 0.00009 
   59   59    1    1    1    1    1    1    1    1  6.46937E+13 0.00020 
   60   60    1    1    1    1    1    1    1    1  6.85949E+13 0.00019 
   61   61    1    1    1    1    1    1    1    1  5.35092E+13 0.00021 
   62   62    1    1    1    1    1    1    1    1  5.35803E+13 0.00016 
   63   63    1    1    1    1    1    1    1    1  5.56412E+13 0.00018 
   64   64    1    1    1    1    1    1    1    1  4.67235E+13 0.00023 
   65   65    1    1    1    1    1    1    1    1  3.70609E+13 0.00034 
   66   66    1    1    1    1    1    1    1    1  3.66700E+13 0.00032 
   67   67    1    1    1    1    1    1    1    1  2.66169E+13 0.00027 
   68   68    1    1    1    1    1    1    1    1  2.16699E+13 0.00027 
   69   69    1    1    1    1    1    1    1    1  1.93915E+13 0.00030 
   70   70    1    1    1    1    1    1    1    1  2.33002E+13 0.00049 
   71   71    1    1    1    1    1    1    1    1  1.98057E+13 0.00053 
   72   72    1    1    1    1    1    1    1    1  3.58820E+13 0.00036 
   73   73    1    1    1    1    1    1    1    1  2.53496E+13 0.00051 
   74   74    1    1    1    1    1    1    1    1  1.91136E+13 0.00044 
   75   75    1    1    1    1    1    1    1    1  1.54036E+13 0.00033 
   76   76    1    1    1    1    1    1    1    1  1.27902E+13 0.00042 
   77   77    1    1    1    1    1    1    1    1  1.48174E+13 0.00053 
   78   78    1    1    1    1    1    1    1    1  1.17419E+13 0.00056 
   79   79    1    1    1    1    1    1    1    1  9.34927E+12 0.00067 
   80   80    1    1    1    1    1    1    1    1  9.65322E+12 0.00058 
   81   81    1    1    1    1    1    1    1    1  7.16938E+12 0.00054 
   82   82    1    1    1    1    1    1    1    1  5.53637E+12 0.00064 
   83   83    1    1    1    1    1    1    1    1  4.25616E+12 0.00108 
   84   84    1    1    1    1    1    1    1    1  3.98264E+12 0.00072 
   85   85    1    1    1    1    1    1    1    1  2.86916E+12 0.00097 
   86   86    1    1    1    1    1    1    1    1  2.06957E+12 0.00143 
   87   87    1    1    1    1    1    1    1    1  1.93599E+12 0.00123 
   88   88    1    1    1    1    1    1    1    1  1.19422E+12 0.00120 
   89   89    1    1    1    1    1    1    1    1  8.00783E+11 0.00190 
   90   90    1    1    1    1    1    1    1    1  4.67842E+11 0.00270 
   91   91    1    1    1    1    1    1    1    1  5.92026E+11 0.00300 
   92   92    1    1    1    1    1    1    1    1  0.00000E+00 0.00000 
   93   93    1    1    1    1    1    1    1    1  0.00000E+00 0.00000 
   94   94    1    1    1    1    1    1    1    1  0.00000E+00 0.00000 
   95   95    1    1    1    1    1    1    1    1  0.00000E+00 0.00000 
   96   96    1    1    1    1    1    1    1    1  0.00000E+00 0.00000 
   97   97    1    1    1    1    1    1    1    1  0.00000E+00 0.00000 
   98   98    1    1    1    1    1    1    1    1  0.00000E+00 0.00000 
   99   99    1    1    1    1    1    1    1    1  0.00000E+00 0.00000 
  100  100    1    1    1    1    1    1    1    1  0.00000E+00 0.00000 
];


