
DETdpaspec = [
    1    1    1    1    1    1    1    1    1    1  0.00000E+00 0.00000 
    2    2    1    1    1    1    1    1    1    1  0.00000E+00 0.00000 
    3    3    1    1    1    1    1    1    1    1  0.00000E+00 0.00000 
    4    4    1    1    1    1    1    1    1    1  0.00000E+00 0.00000 
    5    5    1    1    1    1    1    1    1    1  0.00000E+00 0.00000 
    6    6    1    1    1    1    1    1    1    1  0.00000E+00 0.00000 
    7    7    1    1    1    1    1    1    1    1  0.00000E+00 0.00000 
    8    8    1    1    1    1    1    1    1    1  0.00000E+00 0.00000 
    9    9    1    1    1    1    1    1    1    1  0.00000E+00 0.00000 
   10   10    1    1    1    1    1    1    1    1  0.00000E+00 0.00000 
   11   11    1    1    1    1    1    1    1    1  0.00000E+00 0.00000 
   12   12    1    1    1    1    1    1    1    1  0.00000E+00 0.00000 
   13   13    1    1    1    1    1    1    1    1  0.00000E+00 0.00000 
   14   14    1    1    1    1    1    1    1    1  0.00000E+00 0.00000 
   15   15    1    1    1    1    1    1    1    1  0.00000E+00 0.00000 
   16   16    1    1    1    1    1    1    1    1  0.00000E+00 0.00000 
   17   17    1    1    1    1    1    1    1    1  0.00000E+00 0.00000 
   18   18    1    1    1    1    1    1    1    1  0.00000E+00 0.00000 
   19   19    1    1    1    1    1    1    1    1  1.05079E+09 0.14257 
   20   20    1    1    1    1    1    1    1    1  1.27616E+08 0.17045 
   21   21    1    1    1    1    1    1    1    1  4.70988E+08 0.08465 
   22   22    1    1    1    1    1    1    1    1  4.58160E+08 0.06142 
   23   23    1    1    1    1    1    1    1    1  1.10414E+09 0.05759 
   24   24    1    1    1    1    1    1    1    1  2.49585E+09 0.03017 
   25   25    1    1    1    1    1    1    1    1  7.07830E+09 0.02119 
   26   26    1    1    1    1    1    1    1    1  1.24309E+10 0.01566 
   27   27    1    1    1    1    1    1    1    1  2.87369E+10 0.00838 
   28   28    1    1    1    1    1    1    1    1  6.58870E+10 0.00597 
   29   29    1    1    1    1    1    1    1    1  1.53524E+11 0.00396 
   30   30    1    1    1    1    1    1    1    1  2.65481E+11 0.00346 
   31   31    1    1    1    1    1    1    1    1  5.70956E+11 0.00231 
   32   32    1    1    1    1    1    1    1    1  1.37034E+12 0.00179 
   33   33    1    1    1    1    1    1    1    1  2.13537E+12 0.00150 
   34   34    1    1    1    1    1    1    1    1  4.48190E+12 0.00088 
   35   35    1    1    1    1    1    1    1    1  5.78368E+12 0.00067 
   36   36    1    1    1    1    1    1    1    1  6.28612E+12 0.00064 
   37   37    1    1    1    1    1    1    1    1  3.90695E+12 0.00054 
   38   38    1    1    1    1    1    1    1    1  1.14966E+12 0.00060 
   39   39    1    1    1    1    1    1    1    1  6.52166E+12 0.00049 
   40   40    1    1    1    1    1    1    1    1  8.61098E+12 0.00053 
   41   41    1    1    1    1    1    1    1    1  1.46352E+13 0.00041 
   42   42    1    1    1    1    1    1    1    1  1.40533E+13 0.00036 
   43   43    1    1    1    1    1    1    1    1  2.97595E+13 0.00031 
   44   44    1    1    1    1    1    1    1    1  3.51157E+13 0.00028 
   45   45    1    1    1    1    1    1    1    1  4.92607E+13 0.00022 
   46   46    1    1    1    1    1    1    1    1  9.54591E+13 0.00015 
   47   47    1    1    1    1    1    1    1    1  4.30745E+13 0.00017 
   48   48    1    1    1    1    1    1    1    1  6.74457E+13 0.00023 
   49   49    1    1    1    1    1    1    1    1  9.21613E+13 0.00020 
   50   50    1    1    1    1    1    1    1    1  8.83761E+13 0.00016 
   51   51    1    1    1    1    1    1    1    1  1.36587E+14 0.00012 
   52   52    1    1    1    1    1    1    1    1  1.04468E+14 0.00020 
   53   53    1    1    1    1    1    1    1    1  1.24245E+14 0.00012 
   54   54    1    1    1    1    1    1    1    1  8.45886E+13 0.00009 
   55   55    1    1    1    1    1    1    1    1  1.04131E+14 0.00020 
   56   56    1    1    1    1    1    1    1    1  7.07330E+13 0.00014 
   57   57    1    1    1    1    1    1    1    1  9.52677E+12 0.00033 
   58   58    1    1    1    1    1    1    1    1  1.38380E+14 0.00014 
   59   59    1    1    1    1    1    1    1    1  6.23685E+13 0.00020 
   60   60    1    1    1    1    1    1    1    1  6.52048E+13 0.00020 
   61   61    1    1    1    1    1    1    1    1  5.11318E+13 0.00017 
   62   62    1    1    1    1    1    1    1    1  5.08118E+13 0.00023 
   63   63    1    1    1    1    1    1    1    1  5.25714E+13 0.00018 
   64   64    1    1    1    1    1    1    1    1  4.39222E+13 0.00020 
   65   65    1    1    1    1    1    1    1    1  3.45279E+13 0.00024 
   66   66    1    1    1    1    1    1    1    1  3.39269E+13 0.00028 
   67   67    1    1    1    1    1    1    1    1  2.44400E+13 0.00028 
   68   68    1    1    1    1    1    1    1    1  1.97117E+13 0.00028 
   69   69    1    1    1    1    1    1    1    1  1.75485E+13 0.00038 
   70   70    1    1    1    1    1    1    1    1  2.09610E+13 0.00037 
   71   71    1    1    1    1    1    1    1    1  1.76746E+13 0.00037 
   72   72    1    1    1    1    1    1    1    1  3.13056E+13 0.00041 
   73   73    1    1    1    1    1    1    1    1  2.18457E+13 0.00036 
   74   74    1    1    1    1    1    1    1    1  1.64038E+13 0.00045 
   75   75    1    1    1    1    1    1    1    1  1.32828E+13 0.00059 
   76   76    1    1    1    1    1    1    1    1  1.11169E+13 0.00047 
   77   77    1    1    1    1    1    1    1    1  1.29901E+13 0.00053 
   78   78    1    1    1    1    1    1    1    1  1.03659E+13 0.00064 
   79   79    1    1    1    1    1    1    1    1  8.31053E+12 0.00066 
   80   80    1    1    1    1    1    1    1    1  8.63563E+12 0.00066 
   81   81    1    1    1    1    1    1    1    1  6.41573E+12 0.00059 
   82   82    1    1    1    1    1    1    1    1  4.95590E+12 0.00072 
   83   83    1    1    1    1    1    1    1    1  3.80417E+12 0.00093 
   84   84    1    1    1    1    1    1    1    1  3.56278E+12 0.00087 
   85   85    1    1    1    1    1    1    1    1  2.56632E+12 0.00096 
   86   86    1    1    1    1    1    1    1    1  1.85264E+12 0.00121 
   87   87    1    1    1    1    1    1    1    1  1.73143E+12 0.00165 
   88   88    1    1    1    1    1    1    1    1  1.06022E+12 0.00180 
   89   89    1    1    1    1    1    1    1    1  7.10633E+11 0.00205 
   90   90    1    1    1    1    1    1    1    1  4.09898E+11 0.00271 
   91   91    1    1    1    1    1    1    1    1  5.14240E+11 0.00183 
   92   92    1    1    1    1    1    1    1    1  0.00000E+00 0.00000 
   93   93    1    1    1    1    1    1    1    1  0.00000E+00 0.00000 
   94   94    1    1    1    1    1    1    1    1  0.00000E+00 0.00000 
   95   95    1    1    1    1    1    1    1    1  0.00000E+00 0.00000 
   96   96    1    1    1    1    1    1    1    1  0.00000E+00 0.00000 
   97   97    1    1    1    1    1    1    1    1  0.00000E+00 0.00000 
   98   98    1    1    1    1    1    1    1    1  0.00000E+00 0.00000 
   99   99    1    1    1    1    1    1    1    1  0.00000E+00 0.00000 
  100  100    1    1    1    1    1    1    1    1  0.00000E+00 0.00000 
];


