
DETdpaspec = [
    1    1    1    1    1    1    1    1    1    1  0.00000E+00 0.00000 
    2    2    1    1    1    1    1    1    1    1  0.00000E+00 0.00000 
    3    3    1    1    1    1    1    1    1    1  0.00000E+00 0.00000 
    4    4    1    1    1    1    1    1    1    1  0.00000E+00 0.00000 
    5    5    1    1    1    1    1    1    1    1  0.00000E+00 0.00000 
    6    6    1    1    1    1    1    1    1    1  0.00000E+00 0.00000 
    7    7    1    1    1    1    1    1    1    1  0.00000E+00 0.00000 
    8    8    1    1    1    1    1    1    1    1  0.00000E+00 0.00000 
    9    9    1    1    1    1    1    1    1    1  0.00000E+00 0.00000 
   10   10    1    1    1    1    1    1    1    1  0.00000E+00 0.00000 
   11   11    1    1    1    1    1    1    1    1  0.00000E+00 0.00000 
   12   12    1    1    1    1    1    1    1    1  0.00000E+00 0.00000 
   13   13    1    1    1    1    1    1    1    1  0.00000E+00 0.00000 
   14   14    1    1    1    1    1    1    1    1  0.00000E+00 0.00000 
   15   15    1    1    1    1    1    1    1    1  0.00000E+00 0.00000 
   16   16    1    1    1    1    1    1    1    1  0.00000E+00 0.00000 
   17   17    1    1    1    1    1    1    1    1  0.00000E+00 0.00000 
   18   18    1    1    1    1    1    1    1    1  0.00000E+00 0.00000 
   19   19    1    1    1    1    1    1    1    1  1.57002E+09 0.04947 
   20   20    1    1    1    1    1    1    1    1  2.34255E+08 0.05480 
   21   21    1    1    1    1    1    1    1    1  8.93269E+08 0.05270 
   22   22    1    1    1    1    1    1    1    1  6.41407E+08 0.04635 
   23   23    1    1    1    1    1    1    1    1  1.65518E+09 0.03554 
   24   24    1    1    1    1    1    1    1    1  2.43137E+09 0.02545 
   25   25    1    1    1    1    1    1    1    1  3.88499E+09 0.02680 
   26   26    1    1    1    1    1    1    1    1  5.00891E+09 0.02375 
   27   27    1    1    1    1    1    1    1    1  8.24528E+09 0.01671 
   28   28    1    1    1    1    1    1    1    1  1.58892E+10 0.01308 
   29   29    1    1    1    1    1    1    1    1  3.52333E+10 0.01099 
   30   30    1    1    1    1    1    1    1    1  5.84941E+10 0.00740 
   31   31    1    1    1    1    1    1    1    1  1.68405E+11 0.00497 
   32   32    1    1    1    1    1    1    1    1  5.19587E+11 0.00326 
   33   33    1    1    1    1    1    1    1    1  9.57645E+11 0.00227 
   34   34    1    1    1    1    1    1    1    1  2.25124E+12 0.00141 
   35   35    1    1    1    1    1    1    1    1  3.11829E+12 0.00116 
   36   36    1    1    1    1    1    1    1    1  4.15596E+12 0.00099 
   37   37    1    1    1    1    1    1    1    1  2.87177E+12 0.00074 
   38   38    1    1    1    1    1    1    1    1  8.86174E+11 0.00066 
   39   39    1    1    1    1    1    1    1    1  4.91152E+12 0.00073 
   40   40    1    1    1    1    1    1    1    1  6.59302E+12 0.00066 
   41   41    1    1    1    1    1    1    1    1  1.13230E+13 0.00047 
   42   42    1    1    1    1    1    1    1    1  1.14486E+13 0.00041 
   43   43    1    1    1    1    1    1    1    1  2.41062E+13 0.00039 
   44   44    1    1    1    1    1    1    1    1  2.90076E+13 0.00022 
   45   45    1    1    1    1    1    1    1    1  4.15972E+13 0.00025 
   46   46    1    1    1    1    1    1    1    1  8.23040E+13 0.00027 
   47   47    1    1    1    1    1    1    1    1  3.89525E+13 0.00028 
   48   48    1    1    1    1    1    1    1    1  6.23309E+13 0.00024 
   49   49    1    1    1    1    1    1    1    1  8.70639E+13 0.00020 
   50   50    1    1    1    1    1    1    1    1  8.55061E+13 0.00017 
   51   51    1    1    1    1    1    1    1    1  1.32982E+14 0.00013 
   52   52    1    1    1    1    1    1    1    1  1.05972E+14 0.00015 
   53   53    1    1    1    1    1    1    1    1  1.25108E+14 0.00015 
   54   54    1    1    1    1    1    1    1    1  8.72308E+13 0.00012 
   55   55    1    1    1    1    1    1    1    1  1.06317E+14 0.00010 
   56   56    1    1    1    1    1    1    1    1  7.33422E+13 0.00015 
   57   57    1    1    1    1    1    1    1    1  9.99549E+12 0.00028 
   58   58    1    1    1    1    1    1    1    1  1.45418E+14 0.00015 
   59   59    1    1    1    1    1    1    1    1  6.44669E+13 0.00025 
   60   60    1    1    1    1    1    1    1    1  6.86539E+13 0.00025 
   61   61    1    1    1    1    1    1    1    1  5.32977E+13 0.00019 
   62   62    1    1    1    1    1    1    1    1  5.34764E+13 0.00023 
   63   63    1    1    1    1    1    1    1    1  5.54967E+13 0.00020 
   64   64    1    1    1    1    1    1    1    1  4.65621E+13 0.00022 
   65   65    1    1    1    1    1    1    1    1  3.70162E+13 0.00033 
   66   66    1    1    1    1    1    1    1    1  3.66603E+13 0.00029 
   67   67    1    1    1    1    1    1    1    1  2.66322E+13 0.00030 
   68   68    1    1    1    1    1    1    1    1  2.17357E+13 0.00047 
   69   69    1    1    1    1    1    1    1    1  1.94958E+13 0.00032 
   70   70    1    1    1    1    1    1    1    1  2.34404E+13 0.00041 
   71   71    1    1    1    1    1    1    1    1  1.99748E+13 0.00046 
   72   72    1    1    1    1    1    1    1    1  3.64744E+13 0.00033 
   73   73    1    1    1    1    1    1    1    1  2.58269E+13 0.00036 
   74   74    1    1    1    1    1    1    1    1  1.94941E+13 0.00043 
   75   75    1    1    1    1    1    1    1    1  1.56370E+13 0.00053 
   76   76    1    1    1    1    1    1    1    1  1.29235E+13 0.00053 
   77   77    1    1    1    1    1    1    1    1  1.49073E+13 0.00032 
   78   78    1    1    1    1    1    1    1    1  1.17481E+13 0.00037 
   79   79    1    1    1    1    1    1    1    1  9.32116E+12 0.00063 
   80   80    1    1    1    1    1    1    1    1  9.62884E+12 0.00045 
   81   81    1    1    1    1    1    1    1    1  7.12487E+12 0.00053 
   82   82    1    1    1    1    1    1    1    1  5.47465E+12 0.00122 
   83   83    1    1    1    1    1    1    1    1  4.20558E+12 0.00097 
   84   84    1    1    1    1    1    1    1    1  3.93975E+12 0.00080 
   85   85    1    1    1    1    1    1    1    1  2.83681E+12 0.00108 
   86   86    1    1    1    1    1    1    1    1  2.04338E+12 0.00090 
   87   87    1    1    1    1    1    1    1    1  1.90609E+12 0.00204 
   88   88    1    1    1    1    1    1    1    1  1.17910E+12 0.00161 
   89   89    1    1    1    1    1    1    1    1  7.96917E+11 0.00230 
   90   90    1    1    1    1    1    1    1    1  4.61014E+11 0.00261 
   91   91    1    1    1    1    1    1    1    1  5.87830E+11 0.00259 
   92   92    1    1    1    1    1    1    1    1  0.00000E+00 0.00000 
   93   93    1    1    1    1    1    1    1    1  0.00000E+00 0.00000 
   94   94    1    1    1    1    1    1    1    1  0.00000E+00 0.00000 
   95   95    1    1    1    1    1    1    1    1  0.00000E+00 0.00000 
   96   96    1    1    1    1    1    1    1    1  0.00000E+00 0.00000 
   97   97    1    1    1    1    1    1    1    1  0.00000E+00 0.00000 
   98   98    1    1    1    1    1    1    1    1  0.00000E+00 0.00000 
   99   99    1    1    1    1    1    1    1    1  0.00000E+00 0.00000 
  100  100    1    1    1    1    1    1    1    1  0.00000E+00 0.00000 
];


