
DETdpaspec = [
    1    1    1    1    1    1    1    1    1    1  0.00000E+00 0.00000 
    2    2    1    1    1    1    1    1    1    1  0.00000E+00 0.00000 
    3    3    1    1    1    1    1    1    1    1  0.00000E+00 0.00000 
    4    4    1    1    1    1    1    1    1    1  0.00000E+00 0.00000 
    5    5    1    1    1    1    1    1    1    1  0.00000E+00 0.00000 
    6    6    1    1    1    1    1    1    1    1  0.00000E+00 0.00000 
    7    7    1    1    1    1    1    1    1    1  0.00000E+00 0.00000 
    8    8    1    1    1    1    1    1    1    1  0.00000E+00 0.00000 
    9    9    1    1    1    1    1    1    1    1  0.00000E+00 0.00000 
   10   10    1    1    1    1    1    1    1    1  0.00000E+00 0.00000 
   11   11    1    1    1    1    1    1    1    1  0.00000E+00 0.00000 
   12   12    1    1    1    1    1    1    1    1  0.00000E+00 0.00000 
   13   13    1    1    1    1    1    1    1    1  0.00000E+00 0.00000 
   14   14    1    1    1    1    1    1    1    1  0.00000E+00 0.00000 
   15   15    1    1    1    1    1    1    1    1  0.00000E+00 0.00000 
   16   16    1    1    1    1    1    1    1    1  0.00000E+00 0.00000 
   17   17    1    1    1    1    1    1    1    1  0.00000E+00 0.00000 
   18   18    1    1    1    1    1    1    1    1  0.00000E+00 0.00000 
   19   19    1    1    1    1    1    1    1    1  2.15836E+09 0.03701 
   20   20    1    1    1    1    1    1    1    1  4.01237E+08 0.05047 
   21   21    1    1    1    1    1    1    1    1  1.50275E+09 0.04900 
   22   22    1    1    1    1    1    1    1    1  1.09871E+09 0.03453 
   23   23    1    1    1    1    1    1    1    1  3.05449E+09 0.02319 
   24   24    1    1    1    1    1    1    1    1  3.99291E+09 0.01693 
   25   25    1    1    1    1    1    1    1    1  6.11672E+09 0.01532 
   26   26    1    1    1    1    1    1    1    1  7.79923E+09 0.01318 
   27   27    1    1    1    1    1    1    1    1  1.27027E+10 0.01263 
   28   28    1    1    1    1    1    1    1    1  2.31510E+10 0.00819 
   29   29    1    1    1    1    1    1    1    1  4.35229E+10 0.00632 
   30   30    1    1    1    1    1    1    1    1  6.20083E+10 0.00684 
   31   31    1    1    1    1    1    1    1    1  1.91692E+11 0.00509 
   32   32    1    1    1    1    1    1    1    1  5.74457E+11 0.00365 
   33   33    1    1    1    1    1    1    1    1  1.05711E+12 0.00212 
   34   34    1    1    1    1    1    1    1    1  2.35062E+12 0.00160 
   35   35    1    1    1    1    1    1    1    1  3.11091E+12 0.00097 
   36   36    1    1    1    1    1    1    1    1  4.47429E+12 0.00079 
   37   37    1    1    1    1    1    1    1    1  3.17181E+12 0.00080 
   38   38    1    1    1    1    1    1    1    1  1.00491E+12 0.00071 
   39   39    1    1    1    1    1    1    1    1  5.38734E+12 0.00070 
   40   40    1    1    1    1    1    1    1    1  7.17829E+12 0.00055 
   41   41    1    1    1    1    1    1    1    1  1.20451E+13 0.00041 
   42   42    1    1    1    1    1    1    1    1  1.24402E+13 0.00029 
   43   43    1    1    1    1    1    1    1    1  2.54063E+13 0.00033 
   44   44    1    1    1    1    1    1    1    1  3.02892E+13 0.00031 
   45   45    1    1    1    1    1    1    1    1  4.30051E+13 0.00021 
   46   46    1    1    1    1    1    1    1    1  8.29743E+13 0.00022 
   47   47    1    1    1    1    1    1    1    1  3.96821E+13 0.00030 
   48   48    1    1    1    1    1    1    1    1  6.38540E+13 0.00017 
   49   49    1    1    1    1    1    1    1    1  8.87805E+13 0.00020 
   50   50    1    1    1    1    1    1    1    1  8.75749E+13 0.00016 
   51   51    1    1    1    1    1    1    1    1  1.34067E+14 0.00017 
   52   52    1    1    1    1    1    1    1    1  1.08614E+14 0.00013 
   53   53    1    1    1    1    1    1    1    1  1.25637E+14 0.00017 
   54   54    1    1    1    1    1    1    1    1  8.82381E+13 0.00018 
   55   55    1    1    1    1    1    1    1    1  1.05398E+14 0.00013 
   56   56    1    1    1    1    1    1    1    1  7.32256E+13 0.00017 
   57   57    1    1    1    1    1    1    1    1  1.00471E+13 0.00033 
   58   58    1    1    1    1    1    1    1    1  1.45448E+14 0.00014 
   59   59    1    1    1    1    1    1    1    1  6.29275E+13 0.00020 
   60   60    1    1    1    1    1    1    1    1  6.75786E+13 0.00016 
   61   61    1    1    1    1    1    1    1    1  5.16334E+13 0.00020 
   62   62    1    1    1    1    1    1    1    1  5.20481E+13 0.00020 
   63   63    1    1    1    1    1    1    1    1  5.37905E+13 0.00023 
   64   64    1    1    1    1    1    1    1    1  4.49950E+13 0.00025 
   65   65    1    1    1    1    1    1    1    1  3.58202E+13 0.00022 
   66   66    1    1    1    1    1    1    1    1  3.54917E+13 0.00024 
   67   67    1    1    1    1    1    1    1    1  2.58431E+13 0.00027 
   68   68    1    1    1    1    1    1    1    1  2.12311E+13 0.00024 
   69   69    1    1    1    1    1    1    1    1  1.90837E+13 0.00043 
   70   70    1    1    1    1    1    1    1    1  2.29557E+13 0.00037 
   71   71    1    1    1    1    1    1    1    1  1.96389E+13 0.00036 
   72   72    1    1    1    1    1    1    1    1  3.65321E+13 0.00029 
   73   73    1    1    1    1    1    1    1    1  2.60525E+13 0.00035 
   74   74    1    1    1    1    1    1    1    1  1.95774E+13 0.00056 
   75   75    1    1    1    1    1    1    1    1  1.54898E+13 0.00034 
   76   76    1    1    1    1    1    1    1    1  1.26217E+13 0.00043 
   77   77    1    1    1    1    1    1    1    1  1.43811E+13 0.00056 
   78   78    1    1    1    1    1    1    1    1  1.11483E+13 0.00068 
   79   79    1    1    1    1    1    1    1    1  8.74547E+12 0.00052 
   80   80    1    1    1    1    1    1    1    1  8.93218E+12 0.00046 
   81   81    1    1    1    1    1    1    1    1  6.58070E+12 0.00068 
   82   82    1    1    1    1    1    1    1    1  5.03941E+12 0.00077 
   83   83    1    1    1    1    1    1    1    1  3.86818E+12 0.00075 
   84   84    1    1    1    1    1    1    1    1  3.60826E+12 0.00095 
   85   85    1    1    1    1    1    1    1    1  2.58988E+12 0.00115 
   86   86    1    1    1    1    1    1    1    1  1.86518E+12 0.00130 
   87   87    1    1    1    1    1    1    1    1  1.74707E+12 0.00187 
   88   88    1    1    1    1    1    1    1    1  1.08199E+12 0.00158 
   89   89    1    1    1    1    1    1    1    1  7.34686E+11 0.00206 
   90   90    1    1    1    1    1    1    1    1  4.24442E+11 0.00258 
   91   91    1    1    1    1    1    1    1    1  5.45733E+11 0.00268 
   92   92    1    1    1    1    1    1    1    1  0.00000E+00 0.00000 
   93   93    1    1    1    1    1    1    1    1  0.00000E+00 0.00000 
   94   94    1    1    1    1    1    1    1    1  0.00000E+00 0.00000 
   95   95    1    1    1    1    1    1    1    1  0.00000E+00 0.00000 
   96   96    1    1    1    1    1    1    1    1  0.00000E+00 0.00000 
   97   97    1    1    1    1    1    1    1    1  0.00000E+00 0.00000 
   98   98    1    1    1    1    1    1    1    1  0.00000E+00 0.00000 
   99   99    1    1    1    1    1    1    1    1  0.00000E+00 0.00000 
  100  100    1    1    1    1    1    1    1    1  0.00000E+00 0.00000 
];


