
DETdpaspec = [
    1    1    1    1    1    1    1    1    1    1  0.00000E+00 0.00000 
    2    2    1    1    1    1    1    1    1    1  0.00000E+00 0.00000 
    3    3    1    1    1    1    1    1    1    1  0.00000E+00 0.00000 
    4    4    1    1    1    1    1    1    1    1  0.00000E+00 0.00000 
    5    5    1    1    1    1    1    1    1    1  0.00000E+00 0.00000 
    6    6    1    1    1    1    1    1    1    1  0.00000E+00 0.00000 
    7    7    1    1    1    1    1    1    1    1  0.00000E+00 0.00000 
    8    8    1    1    1    1    1    1    1    1  0.00000E+00 0.00000 
    9    9    1    1    1    1    1    1    1    1  0.00000E+00 0.00000 
   10   10    1    1    1    1    1    1    1    1  0.00000E+00 0.00000 
   11   11    1    1    1    1    1    1    1    1  0.00000E+00 0.00000 
   12   12    1    1    1    1    1    1    1    1  0.00000E+00 0.00000 
   13   13    1    1    1    1    1    1    1    1  0.00000E+00 0.00000 
   14   14    1    1    1    1    1    1    1    1  0.00000E+00 0.00000 
   15   15    1    1    1    1    1    1    1    1  0.00000E+00 0.00000 
   16   16    1    1    1    1    1    1    1    1  0.00000E+00 0.00000 
   17   17    1    1    1    1    1    1    1    1  0.00000E+00 0.00000 
   18   18    1    1    1    1    1    1    1    1  0.00000E+00 0.00000 
   19   19    1    1    1    1    1    1    1    1  2.91131E+09 0.02863 
   20   20    1    1    1    1    1    1    1    1  6.87394E+08 0.04221 
   21   21    1    1    1    1    1    1    1    1  2.33994E+09 0.02062 
   22   22    1    1    1    1    1    1    1    1  1.66772E+09 0.02679 
   23   23    1    1    1    1    1    1    1    1  4.93089E+09 0.02111 
   24   24    1    1    1    1    1    1    1    1  6.15531E+09 0.01473 
   25   25    1    1    1    1    1    1    1    1  9.52850E+09 0.01301 
   26   26    1    1    1    1    1    1    1    1  1.19602E+10 0.01019 
   27   27    1    1    1    1    1    1    1    1  1.92964E+10 0.00723 
   28   28    1    1    1    1    1    1    1    1  3.64139E+10 0.00725 
   29   29    1    1    1    1    1    1    1    1  6.15502E+10 0.00547 
   30   30    1    1    1    1    1    1    1    1  8.22461E+10 0.00412 
   31   31    1    1    1    1    1    1    1    1  2.66134E+11 0.00403 
   32   32    1    1    1    1    1    1    1    1  7.59687E+11 0.00272 
   33   33    1    1    1    1    1    1    1    1  1.34594E+12 0.00163 
   34   34    1    1    1    1    1    1    1    1  2.80087E+12 0.00097 
   35   35    1    1    1    1    1    1    1    1  3.53833E+12 0.00060 
   36   36    1    1    1    1    1    1    1    1  5.23660E+12 0.00054 
   37   37    1    1    1    1    1    1    1    1  3.71788E+12 0.00034 
   38   38    1    1    1    1    1    1    1    1  1.19224E+12 0.00046 
   39   39    1    1    1    1    1    1    1    1  6.21738E+12 0.00053 
   40   40    1    1    1    1    1    1    1    1  8.19038E+12 0.00035 
   41   41    1    1    1    1    1    1    1    1  1.33909E+13 0.00043 
   42   42    1    1    1    1    1    1    1    1  1.39578E+13 0.00044 
   43   43    1    1    1    1    1    1    1    1  2.76426E+13 0.00038 
   44   44    1    1    1    1    1    1    1    1  3.24937E+13 0.00044 
   45   45    1    1    1    1    1    1    1    1  4.54038E+13 0.00032 
   46   46    1    1    1    1    1    1    1    1  8.51837E+13 0.00020 
   47   47    1    1    1    1    1    1    1    1  4.08233E+13 0.00020 
   48   48    1    1    1    1    1    1    1    1  6.56747E+13 0.00015 
   49   49    1    1    1    1    1    1    1    1  9.06492E+13 0.00014 
   50   50    1    1    1    1    1    1    1    1  8.94106E+13 0.00017 
   51   51    1    1    1    1    1    1    1    1  1.35009E+14 0.00013 
   52   52    1    1    1    1    1    1    1    1  1.10330E+14 0.00013 
   53   53    1    1    1    1    1    1    1    1  1.25373E+14 0.00012 
   54   54    1    1    1    1    1    1    1    1  8.84836E+13 0.00013 
   55   55    1    1    1    1    1    1    1    1  1.04095E+14 0.00013 
   56   56    1    1    1    1    1    1    1    1  7.27463E+13 0.00014 
   57   57    1    1    1    1    1    1    1    1  1.00423E+13 0.00030 
   58   58    1    1    1    1    1    1    1    1  1.44483E+14 0.00014 
   59   59    1    1    1    1    1    1    1    1  6.13978E+13 0.00022 
   60   60    1    1    1    1    1    1    1    1  6.62500E+13 0.00019 
   61   61    1    1    1    1    1    1    1    1  5.00448E+13 0.00021 
   62   62    1    1    1    1    1    1    1    1  5.06114E+13 0.00020 
   63   63    1    1    1    1    1    1    1    1  5.20789E+13 0.00020 
   64   64    1    1    1    1    1    1    1    1  4.33399E+13 0.00019 
   65   65    1    1    1    1    1    1    1    1  3.45154E+13 0.00030 
   66   66    1    1    1    1    1    1    1    1  3.41415E+13 0.00029 
   67   67    1    1    1    1    1    1    1    1  2.48964E+13 0.00034 
   68   68    1    1    1    1    1    1    1    1  2.05312E+13 0.00043 
   69   69    1    1    1    1    1    1    1    1  1.84843E+13 0.00040 
   70   70    1    1    1    1    1    1    1    1  2.22280E+13 0.00048 
   71   71    1    1    1    1    1    1    1    1  1.90328E+13 0.00036 
   72   72    1    1    1    1    1    1    1    1  3.58193E+13 0.00033 
   73   73    1    1    1    1    1    1    1    1  2.56085E+13 0.00035 
   74   74    1    1    1    1    1    1    1    1  1.91732E+13 0.00048 
   75   75    1    1    1    1    1    1    1    1  1.50110E+13 0.00051 
   76   76    1    1    1    1    1    1    1    1  1.20917E+13 0.00062 
   77   77    1    1    1    1    1    1    1    1  1.36326E+13 0.00044 
   78   78    1    1    1    1    1    1    1    1  1.04336E+13 0.00047 
   79   79    1    1    1    1    1    1    1    1  8.11830E+12 0.00054 
   80   80    1    1    1    1    1    1    1    1  8.22582E+12 0.00062 
   81   81    1    1    1    1    1    1    1    1  6.03549E+12 0.00071 
   82   82    1    1    1    1    1    1    1    1  4.60592E+12 0.00088 
   83   83    1    1    1    1    1    1    1    1  3.52124E+12 0.00077 
   84   84    1    1    1    1    1    1    1    1  3.29196E+12 0.00102 
   85   85    1    1    1    1    1    1    1    1  2.35994E+12 0.00126 
   86   86    1    1    1    1    1    1    1    1  1.69447E+12 0.00165 
   87   87    1    1    1    1    1    1    1    1  1.58319E+12 0.00120 
   88   88    1    1    1    1    1    1    1    1  9.85756E+11 0.00118 
   89   89    1    1    1    1    1    1    1    1  6.68681E+11 0.00263 
   90   90    1    1    1    1    1    1    1    1  3.87637E+11 0.00276 
   91   91    1    1    1    1    1    1    1    1  5.00765E+11 0.00259 
   92   92    1    1    1    1    1    1    1    1  0.00000E+00 0.00000 
   93   93    1    1    1    1    1    1    1    1  0.00000E+00 0.00000 
   94   94    1    1    1    1    1    1    1    1  0.00000E+00 0.00000 
   95   95    1    1    1    1    1    1    1    1  0.00000E+00 0.00000 
   96   96    1    1    1    1    1    1    1    1  0.00000E+00 0.00000 
   97   97    1    1    1    1    1    1    1    1  0.00000E+00 0.00000 
   98   98    1    1    1    1    1    1    1    1  0.00000E+00 0.00000 
   99   99    1    1    1    1    1    1    1    1  0.00000E+00 0.00000 
  100  100    1    1    1    1    1    1    1    1  0.00000E+00 0.00000 
];


