
DETdpaspec = [
    1    1    1    1    1    1    1    1    1    1  0.00000E+00 0.00000 
    2    2    1    1    1    1    1    1    1    1  0.00000E+00 0.00000 
    3    3    1    1    1    1    1    1    1    1  0.00000E+00 0.00000 
    4    4    1    1    1    1    1    1    1    1  0.00000E+00 0.00000 
    5    5    1    1    1    1    1    1    1    1  0.00000E+00 0.00000 
    6    6    1    1    1    1    1    1    1    1  0.00000E+00 0.00000 
    7    7    1    1    1    1    1    1    1    1  0.00000E+00 0.00000 
    8    8    1    1    1    1    1    1    1    1  0.00000E+00 0.00000 
    9    9    1    1    1    1    1    1    1    1  0.00000E+00 0.00000 
   10   10    1    1    1    1    1    1    1    1  0.00000E+00 0.00000 
   11   11    1    1    1    1    1    1    1    1  0.00000E+00 0.00000 
   12   12    1    1    1    1    1    1    1    1  0.00000E+00 0.00000 
   13   13    1    1    1    1    1    1    1    1  0.00000E+00 0.00000 
   14   14    1    1    1    1    1    1    1    1  0.00000E+00 0.00000 
   15   15    1    1    1    1    1    1    1    1  0.00000E+00 0.00000 
   16   16    1    1    1    1    1    1    1    1  0.00000E+00 0.00000 
   17   17    1    1    1    1    1    1    1    1  0.00000E+00 0.00000 
   18   18    1    1    1    1    1    1    1    1  0.00000E+00 0.00000 
   19   19    1    1    1    1    1    1    1    1  1.96591E+09 0.04601 
   20   20    1    1    1    1    1    1    1    1  3.10770E+08 0.06799 
   21   21    1    1    1    1    1    1    1    1  1.13909E+09 0.04001 
   22   22    1    1    1    1    1    1    1    1  8.35595E+08 0.03370 
   23   23    1    1    1    1    1    1    1    1  2.09119E+09 0.02975 
   24   24    1    1    1    1    1    1    1    1  3.03338E+09 0.02658 
   25   25    1    1    1    1    1    1    1    1  4.84849E+09 0.01495 
   26   26    1    1    1    1    1    1    1    1  6.23649E+09 0.01727 
   27   27    1    1    1    1    1    1    1    1  1.00109E+10 0.01256 
   28   28    1    1    1    1    1    1    1    1  1.81398E+10 0.01368 
   29   29    1    1    1    1    1    1    1    1  3.64443E+10 0.00863 
   30   30    1    1    1    1    1    1    1    1  5.61688E+10 0.00641 
   31   31    1    1    1    1    1    1    1    1  1.69294E+11 0.00299 
   32   32    1    1    1    1    1    1    1    1  5.18980E+11 0.00223 
   33   33    1    1    1    1    1    1    1    1  9.63876E+11 0.00169 
   34   34    1    1    1    1    1    1    1    1  2.22029E+12 0.00155 
   35   35    1    1    1    1    1    1    1    1  3.02034E+12 0.00126 
   36   36    1    1    1    1    1    1    1    1  4.20179E+12 0.00078 
   37   37    1    1    1    1    1    1    1    1  2.95305E+12 0.00074 
   38   38    1    1    1    1    1    1    1    1  9.23516E+11 0.00070 
   39   39    1    1    1    1    1    1    1    1  5.04419E+12 0.00056 
   40   40    1    1    1    1    1    1    1    1  6.75221E+12 0.00060 
   41   41    1    1    1    1    1    1    1    1  1.14841E+13 0.00050 
   42   42    1    1    1    1    1    1    1    1  1.17596E+13 0.00046 
   43   43    1    1    1    1    1    1    1    1  2.44368E+13 0.00040 
   44   44    1    1    1    1    1    1    1    1  2.93252E+13 0.00025 
   45   45    1    1    1    1    1    1    1    1  4.19383E+13 0.00031 
   46   46    1    1    1    1    1    1    1    1  8.21409E+13 0.00026 
   47   47    1    1    1    1    1    1    1    1  3.91403E+13 0.00022 
   48   48    1    1    1    1    1    1    1    1  6.28570E+13 0.00021 
   49   49    1    1    1    1    1    1    1    1  8.76990E+13 0.00022 
   50   50    1    1    1    1    1    1    1    1  8.63973E+13 0.00028 
   51   51    1    1    1    1    1    1    1    1  1.33395E+14 0.00013 
   52   52    1    1    1    1    1    1    1    1  1.07232E+14 0.00014 
   53   53    1    1    1    1    1    1    1    1  1.25411E+14 0.00016 
   54   54    1    1    1    1    1    1    1    1  8.77699E+13 0.00014 
   55   55    1    1    1    1    1    1    1    1  1.05994E+14 0.00017 
   56   56    1    1    1    1    1    1    1    1  7.33668E+13 0.00019 
   57   57    1    1    1    1    1    1    1    1  1.00335E+13 0.00029 
   58   58    1    1    1    1    1    1    1    1  1.45706E+14 0.00012 
   59   59    1    1    1    1    1    1    1    1  6.38311E+13 0.00020 
   60   60    1    1    1    1    1    1    1    1  6.82851E+13 0.00020 
   61   61    1    1    1    1    1    1    1    1  5.26053E+13 0.00016 
   62   62    1    1    1    1    1    1    1    1  5.29100E+13 0.00025 
   63   63    1    1    1    1    1    1    1    1  5.48204E+13 0.00019 
   64   64    1    1    1    1    1    1    1    1  4.59539E+13 0.00023 
   65   65    1    1    1    1    1    1    1    1  3.65677E+13 0.00025 
   66   66    1    1    1    1    1    1    1    1  3.62424E+13 0.00035 
   67   67    1    1    1    1    1    1    1    1  2.63652E+13 0.00034 
   68   68    1    1    1    1    1    1    1    1  2.15861E+13 0.00041 
   69   69    1    1    1    1    1    1    1    1  1.93967E+13 0.00048 
   70   70    1    1    1    1    1    1    1    1  2.33224E+13 0.00038 
   71   71    1    1    1    1    1    1    1    1  1.99041E+13 0.00036 
   72   72    1    1    1    1    1    1    1    1  3.66908E+13 0.00032 
   73   73    1    1    1    1    1    1    1    1  2.60909E+13 0.00038 
   74   74    1    1    1    1    1    1    1    1  1.96491E+13 0.00059 
   75   75    1    1    1    1    1    1    1    1  1.56563E+13 0.00047 
   76   76    1    1    1    1    1    1    1    1  1.28561E+13 0.00055 
   77   77    1    1    1    1    1    1    1    1  1.47561E+13 0.00051 
   78   78    1    1    1    1    1    1    1    1  1.15313E+13 0.00064 
   79   79    1    1    1    1    1    1    1    1  9.09935E+12 0.00056 
   80   80    1    1    1    1    1    1    1    1  9.34174E+12 0.00057 
   81   81    1    1    1    1    1    1    1    1  6.90578E+12 0.00042 
   82   82    1    1    1    1    1    1    1    1  5.29547E+12 0.00072 
   83   83    1    1    1    1    1    1    1    1  4.06846E+12 0.00084 
   84   84    1    1    1    1    1    1    1    1  3.79686E+12 0.00115 
   85   85    1    1    1    1    1    1    1    1  2.73482E+12 0.00113 
   86   86    1    1    1    1    1    1    1    1  1.96605E+12 0.00140 
   87   87    1    1    1    1    1    1    1    1  1.84663E+12 0.00129 
   88   88    1    1    1    1    1    1    1    1  1.14251E+12 0.00188 
   89   89    1    1    1    1    1    1    1    1  7.69363E+11 0.00245 
   90   90    1    1    1    1    1    1    1    1  4.45643E+11 0.00282 
   91   91    1    1    1    1    1    1    1    1  5.70669E+11 0.00198 
   92   92    1    1    1    1    1    1    1    1  0.00000E+00 0.00000 
   93   93    1    1    1    1    1    1    1    1  0.00000E+00 0.00000 
   94   94    1    1    1    1    1    1    1    1  0.00000E+00 0.00000 
   95   95    1    1    1    1    1    1    1    1  0.00000E+00 0.00000 
   96   96    1    1    1    1    1    1    1    1  0.00000E+00 0.00000 
   97   97    1    1    1    1    1    1    1    1  0.00000E+00 0.00000 
   98   98    1    1    1    1    1    1    1    1  0.00000E+00 0.00000 
   99   99    1    1    1    1    1    1    1    1  0.00000E+00 0.00000 
  100  100    1    1    1    1    1    1    1    1  0.00000E+00 0.00000 
];


