
DETdpaspec = [
    1    1    1    1    1    1    1    1    1    1  0.00000E+00 0.00000 
    2    2    1    1    1    1    1    1    1    1  0.00000E+00 0.00000 
    3    3    1    1    1    1    1    1    1    1  0.00000E+00 0.00000 
    4    4    1    1    1    1    1    1    1    1  0.00000E+00 0.00000 
    5    5    1    1    1    1    1    1    1    1  0.00000E+00 0.00000 
    6    6    1    1    1    1    1    1    1    1  0.00000E+00 0.00000 
    7    7    1    1    1    1    1    1    1    1  0.00000E+00 0.00000 
    8    8    1    1    1    1    1    1    1    1  0.00000E+00 0.00000 
    9    9    1    1    1    1    1    1    1    1  0.00000E+00 0.00000 
   10   10    1    1    1    1    1    1    1    1  0.00000E+00 0.00000 
   11   11    1    1    1    1    1    1    1    1  0.00000E+00 0.00000 
   12   12    1    1    1    1    1    1    1    1  0.00000E+00 0.00000 
   13   13    1    1    1    1    1    1    1    1  0.00000E+00 0.00000 
   14   14    1    1    1    1    1    1    1    1  0.00000E+00 0.00000 
   15   15    1    1    1    1    1    1    1    1  0.00000E+00 0.00000 
   16   16    1    1    1    1    1    1    1    1  0.00000E+00 0.00000 
   17   17    1    1    1    1    1    1    1    1  0.00000E+00 0.00000 
   18   18    1    1    1    1    1    1    1    1  0.00000E+00 0.00000 
   19   19    1    1    1    1    1    1    1    1  1.82211E+09 0.04121 
   20   20    1    1    1    1    1    1    1    1  3.22580E+08 0.05931 
   21   21    1    1    1    1    1    1    1    1  9.35245E+08 0.04818 
   22   22    1    1    1    1    1    1    1    1  7.46282E+08 0.03813 
   23   23    1    1    1    1    1    1    1    1  2.02300E+09 0.03152 
   24   24    1    1    1    1    1    1    1    1  2.81936E+09 0.02663 
   25   25    1    1    1    1    1    1    1    1  4.41870E+09 0.02652 
   26   26    1    1    1    1    1    1    1    1  5.56628E+09 0.02269 
   27   27    1    1    1    1    1    1    1    1  9.06572E+09 0.01804 
   28   28    1    1    1    1    1    1    1    1  1.71825E+10 0.01450 
   29   29    1    1    1    1    1    1    1    1  3.59669E+10 0.00682 
   30   30    1    1    1    1    1    1    1    1  5.59975E+10 0.00648 
   31   31    1    1    1    1    1    1    1    1  1.66724E+11 0.00388 
   32   32    1    1    1    1    1    1    1    1  5.12326E+11 0.00213 
   33   33    1    1    1    1    1    1    1    1  9.53989E+11 0.00185 
   34   34    1    1    1    1    1    1    1    1  2.21113E+12 0.00125 
   35   35    1    1    1    1    1    1    1    1  3.03279E+12 0.00079 
   36   36    1    1    1    1    1    1    1    1  4.16830E+12 0.00089 
   37   37    1    1    1    1    1    1    1    1  2.91390E+12 0.00080 
   38   38    1    1    1    1    1    1    1    1  9.06523E+11 0.00093 
   39   39    1    1    1    1    1    1    1    1  4.98114E+12 0.00074 
   40   40    1    1    1    1    1    1    1    1  6.67385E+12 0.00070 
   41   41    1    1    1    1    1    1    1    1  1.13907E+13 0.00054 
   42   42    1    1    1    1    1    1    1    1  1.16185E+13 0.00048 
   43   43    1    1    1    1    1    1    1    1  2.42738E+13 0.00036 
   44   44    1    1    1    1    1    1    1    1  2.91717E+13 0.00038 
   45   45    1    1    1    1    1    1    1    1  4.17608E+13 0.00035 
   46   46    1    1    1    1    1    1    1    1  8.20931E+13 0.00027 
   47   47    1    1    1    1    1    1    1    1  3.90332E+13 0.00024 
   48   48    1    1    1    1    1    1    1    1  6.26299E+13 0.00023 
   49   49    1    1    1    1    1    1    1    1  8.74472E+13 0.00022 
   50   50    1    1    1    1    1    1    1    1  8.60371E+13 0.00022 
   51   51    1    1    1    1    1    1    1    1  1.33189E+14 0.00017 
   52   52    1    1    1    1    1    1    1    1  1.06802E+14 0.00012 
   53   53    1    1    1    1    1    1    1    1  1.25364E+14 0.00021 
   54   54    1    1    1    1    1    1    1    1  8.76238E+13 0.00013 
   55   55    1    1    1    1    1    1    1    1  1.06152E+14 0.00015 
   56   56    1    1    1    1    1    1    1    1  7.33861E+13 0.00022 
   57   57    1    1    1    1    1    1    1    1  1.00223E+13 0.00032 
   58   58    1    1    1    1    1    1    1    1  1.45648E+14 0.00018 
   59   59    1    1    1    1    1    1    1    1  6.40787E+13 0.00023 
   60   60    1    1    1    1    1    1    1    1  6.84271E+13 0.00019 
   61   61    1    1    1    1    1    1    1    1  5.28517E+13 0.00027 
   62   62    1    1    1    1    1    1    1    1  5.31322E+13 0.00030 
   63   63    1    1    1    1    1    1    1    1  5.50772E+13 0.00030 
   64   64    1    1    1    1    1    1    1    1  4.62075E+13 0.00031 
   65   65    1    1    1    1    1    1    1    1  3.67303E+13 0.00024 
   66   66    1    1    1    1    1    1    1    1  3.64067E+13 0.00029 
   67   67    1    1    1    1    1    1    1    1  2.64744E+13 0.00026 
   68   68    1    1    1    1    1    1    1    1  2.16532E+13 0.00030 
   69   69    1    1    1    1    1    1    1    1  1.94423E+13 0.00032 
   70   70    1    1    1    1    1    1    1    1  2.33812E+13 0.00034 
   71   71    1    1    1    1    1    1    1    1  1.99507E+13 0.00040 
   72   72    1    1    1    1    1    1    1    1  3.66528E+13 0.00034 
   73   73    1    1    1    1    1    1    1    1  2.60348E+13 0.00050 
   74   74    1    1    1    1    1    1    1    1  1.96222E+13 0.00045 
   75   75    1    1    1    1    1    1    1    1  1.56750E+13 0.00045 
   76   76    1    1    1    1    1    1    1    1  1.28973E+13 0.00062 
   77   77    1    1    1    1    1    1    1    1  1.48157E+13 0.00048 
   78   78    1    1    1    1    1    1    1    1  1.16177E+13 0.00057 
   79   79    1    1    1    1    1    1    1    1  9.19306E+12 0.00059 
   80   80    1    1    1    1    1    1    1    1  9.44437E+12 0.00080 
   81   81    1    1    1    1    1    1    1    1  6.97801E+12 0.00060 
   82   82    1    1    1    1    1    1    1    1  5.36762E+12 0.00081 
   83   83    1    1    1    1    1    1    1    1  4.11904E+12 0.00094 
   84   84    1    1    1    1    1    1    1    1  3.85329E+12 0.00108 
   85   85    1    1    1    1    1    1    1    1  2.77582E+12 0.00110 
   86   86    1    1    1    1    1    1    1    1  1.99947E+12 0.00069 
   87   87    1    1    1    1    1    1    1    1  1.86799E+12 0.00146 
   88   88    1    1    1    1    1    1    1    1  1.15282E+12 0.00117 
   89   89    1    1    1    1    1    1    1    1  7.83515E+11 0.00224 
   90   90    1    1    1    1    1    1    1    1  4.55727E+11 0.00231 
   91   91    1    1    1    1    1    1    1    1  5.80479E+11 0.00262 
   92   92    1    1    1    1    1    1    1    1  0.00000E+00 0.00000 
   93   93    1    1    1    1    1    1    1    1  0.00000E+00 0.00000 
   94   94    1    1    1    1    1    1    1    1  0.00000E+00 0.00000 
   95   95    1    1    1    1    1    1    1    1  0.00000E+00 0.00000 
   96   96    1    1    1    1    1    1    1    1  0.00000E+00 0.00000 
   97   97    1    1    1    1    1    1    1    1  0.00000E+00 0.00000 
   98   98    1    1    1    1    1    1    1    1  0.00000E+00 0.00000 
   99   99    1    1    1    1    1    1    1    1  0.00000E+00 0.00000 
  100  100    1    1    1    1    1    1    1    1  0.00000E+00 0.00000 
];


