
DETdpaspec = [
    1    1    1    1    1    1    1    1    1    1  0.00000E+00 0.00000 
    2    2    1    1    1    1    1    1    1    1  0.00000E+00 0.00000 
    3    3    1    1    1    1    1    1    1    1  0.00000E+00 0.00000 
    4    4    1    1    1    1    1    1    1    1  0.00000E+00 0.00000 
    5    5    1    1    1    1    1    1    1    1  0.00000E+00 0.00000 
    6    6    1    1    1    1    1    1    1    1  0.00000E+00 0.00000 
    7    7    1    1    1    1    1    1    1    1  0.00000E+00 0.00000 
    8    8    1    1    1    1    1    1    1    1  0.00000E+00 0.00000 
    9    9    1    1    1    1    1    1    1    1  0.00000E+00 0.00000 
   10   10    1    1    1    1    1    1    1    1  0.00000E+00 0.00000 
   11   11    1    1    1    1    1    1    1    1  0.00000E+00 0.00000 
   12   12    1    1    1    1    1    1    1    1  0.00000E+00 0.00000 
   13   13    1    1    1    1    1    1    1    1  0.00000E+00 0.00000 
   14   14    1    1    1    1    1    1    1    1  0.00000E+00 0.00000 
   15   15    1    1    1    1    1    1    1    1  0.00000E+00 0.00000 
   16   16    1    1    1    1    1    1    1    1  0.00000E+00 0.00000 
   17   17    1    1    1    1    1    1    1    1  0.00000E+00 0.00000 
   18   18    1    1    1    1    1    1    1    1  0.00000E+00 0.00000 
   19   19    1    1    1    1    1    1    1    1  3.21274E+09 0.02141 
   20   20    1    1    1    1    1    1    1    1  7.12457E+08 0.03948 
   21   21    1    1    1    1    1    1    1    1  2.45956E+09 0.02960 
   22   22    1    1    1    1    1    1    1    1  1.84708E+09 0.02599 
   23   23    1    1    1    1    1    1    1    1  5.60837E+09 0.01836 
   24   24    1    1    1    1    1    1    1    1  6.92090E+09 0.00950 
   25   25    1    1    1    1    1    1    1    1  1.05957E+10 0.01278 
   26   26    1    1    1    1    1    1    1    1  1.34665E+10 0.01070 
   27   27    1    1    1    1    1    1    1    1  2.11416E+10 0.00778 
   28   28    1    1    1    1    1    1    1    1  4.02189E+10 0.00726 
   29   29    1    1    1    1    1    1    1    1  6.60858E+10 0.00538 
   30   30    1    1    1    1    1    1    1    1  8.72799E+10 0.00355 
   31   31    1    1    1    1    1    1    1    1  2.83854E+11 0.00243 
   32   32    1    1    1    1    1    1    1    1  8.00297E+11 0.00198 
   33   33    1    1    1    1    1    1    1    1  1.41183E+12 0.00110 
   34   34    1    1    1    1    1    1    1    1  2.91377E+12 0.00090 
   35   35    1    1    1    1    1    1    1    1  3.65168E+12 0.00072 
   36   36    1    1    1    1    1    1    1    1  5.41937E+12 0.00046 
   37   37    1    1    1    1    1    1    1    1  3.84177E+12 0.00050 
   38   38    1    1    1    1    1    1    1    1  1.23423E+12 0.00061 
   39   39    1    1    1    1    1    1    1    1  6.40196E+12 0.00051 
   40   40    1    1    1    1    1    1    1    1  8.41186E+12 0.00057 
   41   41    1    1    1    1    1    1    1    1  1.36759E+13 0.00048 
   42   42    1    1    1    1    1    1    1    1  1.42759E+13 0.00045 
   43   43    1    1    1    1    1    1    1    1  2.81069E+13 0.00031 
   44   44    1    1    1    1    1    1    1    1  3.29337E+13 0.00036 
   45   45    1    1    1    1    1    1    1    1  4.58870E+13 0.00029 
   46   46    1    1    1    1    1    1    1    1  8.56545E+13 0.00022 
   47   47    1    1    1    1    1    1    1    1  4.10406E+13 0.00016 
   48   48    1    1    1    1    1    1    1    1  6.60009E+13 0.00017 
   49   49    1    1    1    1    1    1    1    1  9.09813E+13 0.00014 
   50   50    1    1    1    1    1    1    1    1  8.96820E+13 0.00014 
   51   51    1    1    1    1    1    1    1    1  1.35108E+14 0.00011 
   52   52    1    1    1    1    1    1    1    1  1.10590E+14 0.00013 
   53   53    1    1    1    1    1    1    1    1  1.25308E+14 0.00013 
   54   54    1    1    1    1    1    1    1    1  8.84877E+13 0.00017 
   55   55    1    1    1    1    1    1    1    1  1.03849E+14 0.00014 
   56   56    1    1    1    1    1    1    1    1  7.26384E+13 0.00013 
   57   57    1    1    1    1    1    1    1    1  1.00374E+13 0.00032 
   58   58    1    1    1    1    1    1    1    1  1.44252E+14 0.00013 
   59   59    1    1    1    1    1    1    1    1  6.11172E+13 0.00018 
   60   60    1    1    1    1    1    1    1    1  6.59871E+13 0.00015 
   61   61    1    1    1    1    1    1    1    1  4.97270E+13 0.00024 
   62   62    1    1    1    1    1    1    1    1  5.03189E+13 0.00019 
   63   63    1    1    1    1    1    1    1    1  5.17414E+13 0.00018 
   64   64    1    1    1    1    1    1    1    1  4.30388E+13 0.00023 
   65   65    1    1    1    1    1    1    1    1  3.42811E+13 0.00038 
   66   66    1    1    1    1    1    1    1    1  3.39272E+13 0.00030 
   67   67    1    1    1    1    1    1    1    1  2.47196E+13 0.00029 
   68   68    1    1    1    1    1    1    1    1  2.04037E+13 0.00027 
   69   69    1    1    1    1    1    1    1    1  1.83635E+13 0.00034 
   70   70    1    1    1    1    1    1    1    1  2.20787E+13 0.00034 
   71   71    1    1    1    1    1    1    1    1  1.89113E+13 0.00040 
   72   72    1    1    1    1    1    1    1    1  3.56734E+13 0.00028 
   73   73    1    1    1    1    1    1    1    1  2.55025E+13 0.00046 
   74   74    1    1    1    1    1    1    1    1  1.90932E+13 0.00049 
   75   75    1    1    1    1    1    1    1    1  1.49086E+13 0.00049 
   76   76    1    1    1    1    1    1    1    1  1.19702E+13 0.00031 
   77   77    1    1    1    1    1    1    1    1  1.34796E+13 0.00052 
   78   78    1    1    1    1    1    1    1    1  1.03058E+13 0.00048 
   79   79    1    1    1    1    1    1    1    1  7.99969E+12 0.00048 
   80   80    1    1    1    1    1    1    1    1  8.10528E+12 0.00040 
   81   81    1    1    1    1    1    1    1    1  5.93783E+12 0.00069 
   82   82    1    1    1    1    1    1    1    1  4.53540E+12 0.00047 
   83   83    1    1    1    1    1    1    1    1  3.46637E+12 0.00074 
   84   84    1    1    1    1    1    1    1    1  3.23635E+12 0.00104 
   85   85    1    1    1    1    1    1    1    1  2.32042E+12 0.00093 
   86   86    1    1    1    1    1    1    1    1  1.66300E+12 0.00083 
   87   87    1    1    1    1    1    1    1    1  1.55429E+12 0.00111 
   88   88    1    1    1    1    1    1    1    1  9.64624E+11 0.00170 
   89   89    1    1    1    1    1    1    1    1  6.55061E+11 0.00239 
   90   90    1    1    1    1    1    1    1    1  3.80723E+11 0.00290 
   91   91    1    1    1    1    1    1    1    1  4.92436E+11 0.00207 
   92   92    1    1    1    1    1    1    1    1  0.00000E+00 0.00000 
   93   93    1    1    1    1    1    1    1    1  0.00000E+00 0.00000 
   94   94    1    1    1    1    1    1    1    1  0.00000E+00 0.00000 
   95   95    1    1    1    1    1    1    1    1  0.00000E+00 0.00000 
   96   96    1    1    1    1    1    1    1    1  0.00000E+00 0.00000 
   97   97    1    1    1    1    1    1    1    1  0.00000E+00 0.00000 
   98   98    1    1    1    1    1    1    1    1  0.00000E+00 0.00000 
   99   99    1    1    1    1    1    1    1    1  0.00000E+00 0.00000 
  100  100    1    1    1    1    1    1    1    1  0.00000E+00 0.00000 
];


