
DETdpaspec = [
    1    1    1    1    1    1    1    1    1    1  0.00000E+00 0.00000 
    2    2    1    1    1    1    1    1    1    1  0.00000E+00 0.00000 
    3    3    1    1    1    1    1    1    1    1  0.00000E+00 0.00000 
    4    4    1    1    1    1    1    1    1    1  0.00000E+00 0.00000 
    5    5    1    1    1    1    1    1    1    1  0.00000E+00 0.00000 
    6    6    1    1    1    1    1    1    1    1  0.00000E+00 0.00000 
    7    7    1    1    1    1    1    1    1    1  0.00000E+00 0.00000 
    8    8    1    1    1    1    1    1    1    1  0.00000E+00 0.00000 
    9    9    1    1    1    1    1    1    1    1  0.00000E+00 0.00000 
   10   10    1    1    1    1    1    1    1    1  0.00000E+00 0.00000 
   11   11    1    1    1    1    1    1    1    1  0.00000E+00 0.00000 
   12   12    1    1    1    1    1    1    1    1  0.00000E+00 0.00000 
   13   13    1    1    1    1    1    1    1    1  0.00000E+00 0.00000 
   14   14    1    1    1    1    1    1    1    1  0.00000E+00 0.00000 
   15   15    1    1    1    1    1    1    1    1  0.00000E+00 0.00000 
   16   16    1    1    1    1    1    1    1    1  0.00000E+00 0.00000 
   17   17    1    1    1    1    1    1    1    1  0.00000E+00 0.00000 
   18   18    1    1    1    1    1    1    1    1  0.00000E+00 0.00000 
   19   19    1    1    1    1    1    1    1    1  1.18479E+09 0.06919 
   20   20    1    1    1    1    1    1    1    1  1.60113E+08 0.13468 
   21   21    1    1    1    1    1    1    1    1  5.07741E+08 0.07990 
   22   22    1    1    1    1    1    1    1    1  4.77462E+08 0.04511 
   23   23    1    1    1    1    1    1    1    1  1.03032E+09 0.03945 
   24   24    1    1    1    1    1    1    1    1  1.88805E+09 0.04018 
   25   25    1    1    1    1    1    1    1    1  3.76203E+09 0.03205 
   26   26    1    1    1    1    1    1    1    1  5.55219E+09 0.02064 
   27   27    1    1    1    1    1    1    1    1  1.13302E+10 0.01777 
   28   28    1    1    1    1    1    1    1    1  2.51624E+10 0.01121 
   29   29    1    1    1    1    1    1    1    1  6.56664E+10 0.00645 
   30   30    1    1    1    1    1    1    1    1  1.19736E+11 0.00619 
   31   31    1    1    1    1    1    1    1    1  2.95420E+11 0.00380 
   32   32    1    1    1    1    1    1    1    1  8.16704E+11 0.00299 
   33   33    1    1    1    1    1    1    1    1  1.39192E+12 0.00221 
   34   34    1    1    1    1    1    1    1    1  3.14580E+12 0.00134 
   35   35    1    1    1    1    1    1    1    1  4.27250E+12 0.00126 
   36   36    1    1    1    1    1    1    1    1  5.02486E+12 0.00095 
   37   37    1    1    1    1    1    1    1    1  3.26159E+12 0.00082 
   38   38    1    1    1    1    1    1    1    1  9.74197E+11 0.00068 
   39   39    1    1    1    1    1    1    1    1  5.50722E+12 0.00053 
   40   40    1    1    1    1    1    1    1    1  7.35173E+12 0.00058 
   41   41    1    1    1    1    1    1    1    1  1.26289E+13 0.00043 
   42   42    1    1    1    1    1    1    1    1  1.23813E+13 0.00044 
   43   43    1    1    1    1    1    1    1    1  2.63436E+13 0.00040 
   44   44    1    1    1    1    1    1    1    1  3.14853E+13 0.00027 
   45   45    1    1    1    1    1    1    1    1  4.47941E+13 0.00029 
   46   46    1    1    1    1    1    1    1    1  8.82936E+13 0.00028 
   47   47    1    1    1    1    1    1    1    1  4.06893E+13 0.00024 
   48   48    1    1    1    1    1    1    1    1  6.43075E+13 0.00022 
   49   49    1    1    1    1    1    1    1    1  8.89763E+13 0.00014 
   50   50    1    1    1    1    1    1    1    1  8.62547E+13 0.00022 
   51   51    1    1    1    1    1    1    1    1  1.34372E+14 0.00019 
   52   52    1    1    1    1    1    1    1    1  1.04520E+14 0.00017 
   53   53    1    1    1    1    1    1    1    1  1.24572E+14 0.00014 
   54   54    1    1    1    1    1    1    1    1  8.57129E+13 0.00017 
   55   55    1    1    1    1    1    1    1    1  1.05667E+14 0.00014 
   56   56    1    1    1    1    1    1    1    1  7.22584E+13 0.00014 
   57   57    1    1    1    1    1    1    1    1  9.76592E+12 0.00022 
   58   58    1    1    1    1    1    1    1    1  1.42295E+14 0.00016 
   59   59    1    1    1    1    1    1    1    1  6.40687E+13 0.00025 
   60   60    1    1    1    1    1    1    1    1  6.74162E+13 0.00025 
   61   61    1    1    1    1    1    1    1    1  5.28620E+13 0.00019 
   62   62    1    1    1    1    1    1    1    1  5.27390E+13 0.00024 
   63   63    1    1    1    1    1    1    1    1  5.47403E+13 0.00022 
   64   64    1    1    1    1    1    1    1    1  4.58833E+13 0.00032 
   65   65    1    1    1    1    1    1    1    1  3.62290E+13 0.00028 
   66   66    1    1    1    1    1    1    1    1  3.57503E+13 0.00032 
   67   67    1    1    1    1    1    1    1    1  2.58415E+13 0.00028 
   68   68    1    1    1    1    1    1    1    1  2.09222E+13 0.00034 
   69   69    1    1    1    1    1    1    1    1  1.86822E+13 0.00028 
   70   70    1    1    1    1    1    1    1    1  2.24078E+13 0.00040 
   71   71    1    1    1    1    1    1    1    1  1.89756E+13 0.00037 
   72   72    1    1    1    1    1    1    1    1  3.39452E+13 0.00037 
   73   73    1    1    1    1    1    1    1    1  2.38138E+13 0.00040 
   74   74    1    1    1    1    1    1    1    1  1.79254E+13 0.00042 
   75   75    1    1    1    1    1    1    1    1  1.45075E+13 0.00047 
   76   76    1    1    1    1    1    1    1    1  1.21088E+13 0.00049 
   77   77    1    1    1    1    1    1    1    1  1.41158E+13 0.00053 
   78   78    1    1    1    1    1    1    1    1  1.12265E+13 0.00050 
   79   79    1    1    1    1    1    1    1    1  8.99447E+12 0.00067 
   80   80    1    1    1    1    1    1    1    1  9.33536E+12 0.00073 
   81   81    1    1    1    1    1    1    1    1  6.94496E+12 0.00071 
   82   82    1    1    1    1    1    1    1    1  5.36187E+12 0.00085 
   83   83    1    1    1    1    1    1    1    1  4.12471E+12 0.00092 
   84   84    1    1    1    1    1    1    1    1  3.85726E+12 0.00114 
   85   85    1    1    1    1    1    1    1    1  2.78370E+12 0.00130 
   86   86    1    1    1    1    1    1    1    1  2.00820E+12 0.00120 
   87   87    1    1    1    1    1    1    1    1  1.88182E+12 0.00127 
   88   88    1    1    1    1    1    1    1    1  1.15491E+12 0.00173 
   89   89    1    1    1    1    1    1    1    1  7.78514E+11 0.00215 
   90   90    1    1    1    1    1    1    1    1  4.48209E+11 0.00216 
   91   91    1    1    1    1    1    1    1    1  5.68133E+11 0.00210 
   92   92    1    1    1    1    1    1    1    1  0.00000E+00 0.00000 
   93   93    1    1    1    1    1    1    1    1  0.00000E+00 0.00000 
   94   94    1    1    1    1    1    1    1    1  0.00000E+00 0.00000 
   95   95    1    1    1    1    1    1    1    1  0.00000E+00 0.00000 
   96   96    1    1    1    1    1    1    1    1  0.00000E+00 0.00000 
   97   97    1    1    1    1    1    1    1    1  0.00000E+00 0.00000 
   98   98    1    1    1    1    1    1    1    1  0.00000E+00 0.00000 
   99   99    1    1    1    1    1    1    1    1  0.00000E+00 0.00000 
  100  100    1    1    1    1    1    1    1    1  0.00000E+00 0.00000 
];


