
DETdpaspec = [
    1    1    1    1    1    1    1    1    1    1  0.00000E+00 0.00000 
    2    2    1    1    1    1    1    1    1    1  0.00000E+00 0.00000 
    3    3    1    1    1    1    1    1    1    1  0.00000E+00 0.00000 
    4    4    1    1    1    1    1    1    1    1  0.00000E+00 0.00000 
    5    5    1    1    1    1    1    1    1    1  0.00000E+00 0.00000 
    6    6    1    1    1    1    1    1    1    1  0.00000E+00 0.00000 
    7    7    1    1    1    1    1    1    1    1  0.00000E+00 0.00000 
    8    8    1    1    1    1    1    1    1    1  0.00000E+00 0.00000 
    9    9    1    1    1    1    1    1    1    1  0.00000E+00 0.00000 
   10   10    1    1    1    1    1    1    1    1  0.00000E+00 0.00000 
   11   11    1    1    1    1    1    1    1    1  0.00000E+00 0.00000 
   12   12    1    1    1    1    1    1    1    1  0.00000E+00 0.00000 
   13   13    1    1    1    1    1    1    1    1  0.00000E+00 0.00000 
   14   14    1    1    1    1    1    1    1    1  0.00000E+00 0.00000 
   15   15    1    1    1    1    1    1    1    1  0.00000E+00 0.00000 
   16   16    1    1    1    1    1    1    1    1  0.00000E+00 0.00000 
   17   17    1    1    1    1    1    1    1    1  0.00000E+00 0.00000 
   18   18    1    1    1    1    1    1    1    1  0.00000E+00 0.00000 
   19   19    1    1    1    1    1    1    1    1  1.51145E+09 0.05906 
   20   20    1    1    1    1    1    1    1    1  2.43876E+08 0.05708 
   21   21    1    1    1    1    1    1    1    1  9.08747E+08 0.05777 
   22   22    1    1    1    1    1    1    1    1  7.27416E+08 0.05215 
   23   23    1    1    1    1    1    1    1    1  1.62135E+09 0.02877 
   24   24    1    1    1    1    1    1    1    1  2.47012E+09 0.02580 
   25   25    1    1    1    1    1    1    1    1  3.92355E+09 0.02750 
   26   26    1    1    1    1    1    1    1    1  4.97501E+09 0.01937 
   27   27    1    1    1    1    1    1    1    1  7.96845E+09 0.01764 
   28   28    1    1    1    1    1    1    1    1  1.45037E+10 0.01357 
   29   29    1    1    1    1    1    1    1    1  3.19144E+10 0.01036 
   30   30    1    1    1    1    1    1    1    1  5.16432E+10 0.00732 
   31   31    1    1    1    1    1    1    1    1  1.50629E+11 0.00347 
   32   32    1    1    1    1    1    1    1    1  4.73639E+11 0.00274 
   33   33    1    1    1    1    1    1    1    1  8.94840E+11 0.00185 
   34   34    1    1    1    1    1    1    1    1  2.11932E+12 0.00177 
   35   35    1    1    1    1    1    1    1    1  2.95875E+12 0.00146 
   36   36    1    1    1    1    1    1    1    1  3.96229E+12 0.00087 
   37   37    1    1    1    1    1    1    1    1  2.72217E+12 0.00087 
   38   38    1    1    1    1    1    1    1    1  8.39983E+11 0.00095 
   39   39    1    1    1    1    1    1    1    1  4.68707E+12 0.00076 
   40   40    1    1    1    1    1    1    1    1  6.32262E+12 0.00067 
   41   41    1    1    1    1    1    1    1    1  1.08572E+13 0.00051 
   42   42    1    1    1    1    1    1    1    1  1.10503E+13 0.00047 
   43   43    1    1    1    1    1    1    1    1  2.34867E+13 0.00033 
   44   44    1    1    1    1    1    1    1    1  2.84689E+13 0.00040 
   45   45    1    1    1    1    1    1    1    1  4.11689E+13 0.00042 
   46   46    1    1    1    1    1    1    1    1  8.18736E+13 0.00029 
   47   47    1    1    1    1    1    1    1    1  3.85358E+13 0.00021 
   48   48    1    1    1    1    1    1    1    1  6.21413E+13 0.00017 
   49   49    1    1    1    1    1    1    1    1  8.67864E+13 0.00018 
   50   50    1    1    1    1    1    1    1    1  8.58118E+13 0.00020 
   51   51    1    1    1    1    1    1    1    1  1.33340E+14 0.00016 
   52   52    1    1    1    1    1    1    1    1  1.06583E+14 0.00016 
   53   53    1    1    1    1    1    1    1    1  1.25990E+14 0.00012 
   54   54    1    1    1    1    1    1    1    1  8.77272E+13 0.00011 
   55   55    1    1    1    1    1    1    1    1  1.06834E+14 0.00015 
   56   56    1    1    1    1    1    1    1    1  7.36318E+13 0.00013 
   57   57    1    1    1    1    1    1    1    1  1.00238E+13 0.00028 
   58   58    1    1    1    1    1    1    1    1  1.46195E+14 0.00014 
   59   59    1    1    1    1    1    1    1    1  6.47386E+13 0.00024 
   60   60    1    1    1    1    1    1    1    1  6.88855E+13 0.00018 
   61   61    1    1    1    1    1    1    1    1  5.33559E+13 0.00016 
   62   62    1    1    1    1    1    1    1    1  5.35666E+13 0.00021 
   63   63    1    1    1    1    1    1    1    1  5.57131E+13 0.00021 
   64   64    1    1    1    1    1    1    1    1  4.67662E+13 0.00031 
   65   65    1    1    1    1    1    1    1    1  3.71681E+13 0.00034 
   66   66    1    1    1    1    1    1    1    1  3.68382E+13 0.00025 
   67   67    1    1    1    1    1    1    1    1  2.66270E+13 0.00027 
   68   68    1    1    1    1    1    1    1    1  2.17292E+13 0.00036 
   69   69    1    1    1    1    1    1    1    1  1.94981E+13 0.00024 
   70   70    1    1    1    1    1    1    1    1  2.34460E+13 0.00037 
   71   71    1    1    1    1    1    1    1    1  1.99591E+13 0.00053 
   72   72    1    1    1    1    1    1    1    1  3.64680E+13 0.00035 
   73   73    1    1    1    1    1    1    1    1  2.58241E+13 0.00039 
   74   74    1    1    1    1    1    1    1    1  1.94263E+13 0.00050 
   75   75    1    1    1    1    1    1    1    1  1.55749E+13 0.00037 
   76   76    1    1    1    1    1    1    1    1  1.28659E+13 0.00061 
   77   77    1    1    1    1    1    1    1    1  1.48639E+13 0.00058 
   78   78    1    1    1    1    1    1    1    1  1.16911E+13 0.00053 
   79   79    1    1    1    1    1    1    1    1  9.27689E+12 0.00061 
   80   80    1    1    1    1    1    1    1    1  9.57815E+12 0.00056 
   81   81    1    1    1    1    1    1    1    1  7.07478E+12 0.00081 
   82   82    1    1    1    1    1    1    1    1  5.44659E+12 0.00068 
   83   83    1    1    1    1    1    1    1    1  4.18218E+12 0.00055 
   84   84    1    1    1    1    1    1    1    1  3.90938E+12 0.00073 
   85   85    1    1    1    1    1    1    1    1  2.81797E+12 0.00101 
   86   86    1    1    1    1    1    1    1    1  2.03294E+12 0.00110 
   87   87    1    1    1    1    1    1    1    1  1.90297E+12 0.00146 
   88   88    1    1    1    1    1    1    1    1  1.17239E+12 0.00171 
   89   89    1    1    1    1    1    1    1    1  7.96612E+11 0.00299 
   90   90    1    1    1    1    1    1    1    1  4.58807E+11 0.00295 
   91   91    1    1    1    1    1    1    1    1  5.84445E+11 0.00338 
   92   92    1    1    1    1    1    1    1    1  0.00000E+00 0.00000 
   93   93    1    1    1    1    1    1    1    1  0.00000E+00 0.00000 
   94   94    1    1    1    1    1    1    1    1  0.00000E+00 0.00000 
   95   95    1    1    1    1    1    1    1    1  0.00000E+00 0.00000 
   96   96    1    1    1    1    1    1    1    1  0.00000E+00 0.00000 
   97   97    1    1    1    1    1    1    1    1  0.00000E+00 0.00000 
   98   98    1    1    1    1    1    1    1    1  0.00000E+00 0.00000 
   99   99    1    1    1    1    1    1    1    1  0.00000E+00 0.00000 
  100  100    1    1    1    1    1    1    1    1  0.00000E+00 0.00000 
];


