
DETdpaspec = [
    1    1    1    1    1    1    1    1    1    1  0.00000E+00 0.00000 
    2    2    1    1    1    1    1    1    1    1  0.00000E+00 0.00000 
    3    3    1    1    1    1    1    1    1    1  0.00000E+00 0.00000 
    4    4    1    1    1    1    1    1    1    1  0.00000E+00 0.00000 
    5    5    1    1    1    1    1    1    1    1  0.00000E+00 0.00000 
    6    6    1    1    1    1    1    1    1    1  0.00000E+00 0.00000 
    7    7    1    1    1    1    1    1    1    1  0.00000E+00 0.00000 
    8    8    1    1    1    1    1    1    1    1  0.00000E+00 0.00000 
    9    9    1    1    1    1    1    1    1    1  0.00000E+00 0.00000 
   10   10    1    1    1    1    1    1    1    1  0.00000E+00 0.00000 
   11   11    1    1    1    1    1    1    1    1  0.00000E+00 0.00000 
   12   12    1    1    1    1    1    1    1    1  0.00000E+00 0.00000 
   13   13    1    1    1    1    1    1    1    1  0.00000E+00 0.00000 
   14   14    1    1    1    1    1    1    1    1  0.00000E+00 0.00000 
   15   15    1    1    1    1    1    1    1    1  0.00000E+00 0.00000 
   16   16    1    1    1    1    1    1    1    1  0.00000E+00 0.00000 
   17   17    1    1    1    1    1    1    1    1  0.00000E+00 0.00000 
   18   18    1    1    1    1    1    1    1    1  0.00000E+00 0.00000 
   19   19    1    1    1    1    1    1    1    1  1.47240E+09 0.05859 
   20   20    1    1    1    1    1    1    1    1  2.72941E+08 0.10694 
   21   21    1    1    1    1    1    1    1    1  8.31440E+08 0.04520 
   22   22    1    1    1    1    1    1    1    1  6.13125E+08 0.03434 
   23   23    1    1    1    1    1    1    1    1  1.41681E+09 0.04473 
   24   24    1    1    1    1    1    1    1    1  2.25582E+09 0.03489 
   25   25    1    1    1    1    1    1    1    1  3.75339E+09 0.02396 
   26   26    1    1    1    1    1    1    1    1  4.69862E+09 0.02130 
   27   27    1    1    1    1    1    1    1    1  7.63054E+09 0.01901 
   28   28    1    1    1    1    1    1    1    1  1.42132E+10 0.01327 
   29   29    1    1    1    1    1    1    1    1  3.20146E+10 0.01058 
   30   30    1    1    1    1    1    1    1    1  5.33321E+10 0.00763 
   31   31    1    1    1    1    1    1    1    1  1.53507E+11 0.00398 
   32   32    1    1    1    1    1    1    1    1  4.81610E+11 0.00298 
   33   33    1    1    1    1    1    1    1    1  9.05924E+11 0.00187 
   34   34    1    1    1    1    1    1    1    1  2.16059E+12 0.00116 
   35   35    1    1    1    1    1    1    1    1  3.02109E+12 0.00088 
   36   36    1    1    1    1    1    1    1    1  3.98727E+12 0.00072 
   37   37    1    1    1    1    1    1    1    1  2.72069E+12 0.00082 
   38   38    1    1    1    1    1    1    1    1  8.35897E+11 0.00069 
   39   39    1    1    1    1    1    1    1    1  4.68044E+12 0.00066 
   40   40    1    1    1    1    1    1    1    1  6.32398E+12 0.00071 
   41   41    1    1    1    1    1    1    1    1  1.08746E+13 0.00057 
   42   42    1    1    1    1    1    1    1    1  1.10309E+13 0.00051 
   43   43    1    1    1    1    1    1    1    1  2.35043E+13 0.00036 
   44   44    1    1    1    1    1    1    1    1  2.85026E+13 0.00029 
   45   45    1    1    1    1    1    1    1    1  4.12341E+13 0.00032 
   46   46    1    1    1    1    1    1    1    1  8.21579E+13 0.00029 
   47   47    1    1    1    1    1    1    1    1  3.85694E+13 0.00028 
   48   48    1    1    1    1    1    1    1    1  6.21139E+13 0.00021 
   49   49    1    1    1    1    1    1    1    1  8.67485E+13 0.00023 
   50   50    1    1    1    1    1    1    1    1  8.56366E+13 0.00020 
   51   51    1    1    1    1    1    1    1    1  1.33285E+14 0.00018 
   52   52    1    1    1    1    1    1    1    1  1.06197E+14 0.00019 
   53   53    1    1    1    1    1    1    1    1  1.25886E+14 0.00019 
   54   54    1    1    1    1    1    1    1    1  8.75307E+13 0.00016 
   55   55    1    1    1    1    1    1    1    1  1.06857E+14 0.00016 
   56   56    1    1    1    1    1    1    1    1  7.35711E+13 0.00018 
   57   57    1    1    1    1    1    1    1    1  1.00136E+13 0.00043 
   58   58    1    1    1    1    1    1    1    1  1.46016E+14 0.00014 
   59   59    1    1    1    1    1    1    1    1  6.48853E+13 0.00024 
   60   60    1    1    1    1    1    1    1    1  6.89152E+13 0.00021 
   61   61    1    1    1    1    1    1    1    1  5.35036E+13 0.00015 
   62   62    1    1    1    1    1    1    1    1  5.36711E+13 0.00023 
   63   63    1    1    1    1    1    1    1    1  5.58276E+13 0.00016 
   64   64    1    1    1    1    1    1    1    1  4.68917E+13 0.00029 
   65   65    1    1    1    1    1    1    1    1  3.72596E+13 0.00033 
   66   66    1    1    1    1    1    1    1    1  3.69202E+13 0.00032 
   67   67    1    1    1    1    1    1    1    1  2.66649E+13 0.00030 
   68   68    1    1    1    1    1    1    1    1  2.17412E+13 0.00027 
   69   69    1    1    1    1    1    1    1    1  1.95009E+13 0.00038 
   70   70    1    1    1    1    1    1    1    1  2.34230E+13 0.00040 
   71   71    1    1    1    1    1    1    1    1  1.99337E+13 0.00045 
   72   72    1    1    1    1    1    1    1    1  3.62844E+13 0.00034 
   73   73    1    1    1    1    1    1    1    1  2.56881E+13 0.00041 
   74   74    1    1    1    1    1    1    1    1  1.93236E+13 0.00047 
   75   75    1    1    1    1    1    1    1    1  1.55035E+13 0.00065 
   76   76    1    1    1    1    1    1    1    1  1.28448E+13 0.00051 
   77   77    1    1    1    1    1    1    1    1  1.48566E+13 0.00051 
   78   78    1    1    1    1    1    1    1    1  1.17161E+13 0.00046 
   79   79    1    1    1    1    1    1    1    1  9.31850E+12 0.00062 
   80   80    1    1    1    1    1    1    1    1  9.60819E+12 0.00060 
   81   81    1    1    1    1    1    1    1    1  7.12017E+12 0.00053 
   82   82    1    1    1    1    1    1    1    1  5.49048E+12 0.00086 
   83   83    1    1    1    1    1    1    1    1  4.21373E+12 0.00086 
   84   84    1    1    1    1    1    1    1    1  3.94008E+12 0.00083 
   85   85    1    1    1    1    1    1    1    1  2.83543E+12 0.00135 
   86   86    1    1    1    1    1    1    1    1  2.04750E+12 0.00115 
   87   87    1    1    1    1    1    1    1    1  1.91702E+12 0.00115 
   88   88    1    1    1    1    1    1    1    1  1.18155E+12 0.00104 
   89   89    1    1    1    1    1    1    1    1  7.97896E+11 0.00192 
   90   90    1    1    1    1    1    1    1    1  4.62418E+11 0.00286 
   91   91    1    1    1    1    1    1    1    1  5.88500E+11 0.00221 
   92   92    1    1    1    1    1    1    1    1  0.00000E+00 0.00000 
   93   93    1    1    1    1    1    1    1    1  0.00000E+00 0.00000 
   94   94    1    1    1    1    1    1    1    1  0.00000E+00 0.00000 
   95   95    1    1    1    1    1    1    1    1  0.00000E+00 0.00000 
   96   96    1    1    1    1    1    1    1    1  0.00000E+00 0.00000 
   97   97    1    1    1    1    1    1    1    1  0.00000E+00 0.00000 
   98   98    1    1    1    1    1    1    1    1  0.00000E+00 0.00000 
   99   99    1    1    1    1    1    1    1    1  0.00000E+00 0.00000 
  100  100    1    1    1    1    1    1    1    1  0.00000E+00 0.00000 
];


