
DETdpaspec = [
    1    1    1    1    1    1    1    1    1    1  0.00000E+00 0.00000 
    2    2    1    1    1    1    1    1    1    1  0.00000E+00 0.00000 
    3    3    1    1    1    1    1    1    1    1  0.00000E+00 0.00000 
    4    4    1    1    1    1    1    1    1    1  0.00000E+00 0.00000 
    5    5    1    1    1    1    1    1    1    1  0.00000E+00 0.00000 
    6    6    1    1    1    1    1    1    1    1  0.00000E+00 0.00000 
    7    7    1    1    1    1    1    1    1    1  0.00000E+00 0.00000 
    8    8    1    1    1    1    1    1    1    1  0.00000E+00 0.00000 
    9    9    1    1    1    1    1    1    1    1  0.00000E+00 0.00000 
   10   10    1    1    1    1    1    1    1    1  0.00000E+00 0.00000 
   11   11    1    1    1    1    1    1    1    1  0.00000E+00 0.00000 
   12   12    1    1    1    1    1    1    1    1  0.00000E+00 0.00000 
   13   13    1    1    1    1    1    1    1    1  0.00000E+00 0.00000 
   14   14    1    1    1    1    1    1    1    1  0.00000E+00 0.00000 
   15   15    1    1    1    1    1    1    1    1  0.00000E+00 0.00000 
   16   16    1    1    1    1    1    1    1    1  0.00000E+00 0.00000 
   17   17    1    1    1    1    1    1    1    1  0.00000E+00 0.00000 
   18   18    1    1    1    1    1    1    1    1  0.00000E+00 0.00000 
   19   19    1    1    1    1    1    1    1    1  9.40425E+08 0.10892 
   20   20    1    1    1    1    1    1    1    1  1.53346E+08 0.13133 
   21   21    1    1    1    1    1    1    1    1  4.94053E+08 0.07991 
   22   22    1    1    1    1    1    1    1    1  4.13208E+08 0.08129 
   23   23    1    1    1    1    1    1    1    1  9.17532E+08 0.05791 
   24   24    1    1    1    1    1    1    1    1  2.09947E+09 0.03328 
   25   25    1    1    1    1    1    1    1    1  5.78570E+09 0.02004 
   26   26    1    1    1    1    1    1    1    1  1.05803E+10 0.01748 
   27   27    1    1    1    1    1    1    1    1  2.39835E+10 0.01129 
   28   28    1    1    1    1    1    1    1    1  5.64754E+10 0.00787 
   29   29    1    1    1    1    1    1    1    1  1.33596E+11 0.00320 
   30   30    1    1    1    1    1    1    1    1  2.34418E+11 0.00222 
   31   31    1    1    1    1    1    1    1    1  5.13311E+11 0.00258 
   32   32    1    1    1    1    1    1    1    1  1.25697E+12 0.00168 
   33   33    1    1    1    1    1    1    1    1  1.99428E+12 0.00137 
   34   34    1    1    1    1    1    1    1    1  4.25911E+12 0.00092 
   35   35    1    1    1    1    1    1    1    1  5.54063E+12 0.00088 
   36   36    1    1    1    1    1    1    1    1  5.99569E+12 0.00075 
   37   37    1    1    1    1    1    1    1    1  3.70144E+12 0.00065 
   38   38    1    1    1    1    1    1    1    1  1.08942E+12 0.00071 
   39   39    1    1    1    1    1    1    1    1  6.22004E+12 0.00067 
   40   40    1    1    1    1    1    1    1    1  8.26229E+12 0.00056 
   41   41    1    1    1    1    1    1    1    1  1.40665E+13 0.00054 
   42   42    1    1    1    1    1    1    1    1  1.35801E+13 0.00046 
   43   43    1    1    1    1    1    1    1    1  2.90618E+13 0.00044 
   44   44    1    1    1    1    1    1    1    1  3.45667E+13 0.00036 
   45   45    1    1    1    1    1    1    1    1  4.89252E+13 0.00035 
   46   46    1    1    1    1    1    1    1    1  9.53891E+13 0.00027 
   47   47    1    1    1    1    1    1    1    1  4.26972E+13 0.00016 
   48   48    1    1    1    1    1    1    1    1  6.73193E+13 0.00016 
   49   49    1    1    1    1    1    1    1    1  9.19749E+13 0.00020 
   50   50    1    1    1    1    1    1    1    1  8.87703E+13 0.00020 
   51   51    1    1    1    1    1    1    1    1  1.37139E+14 0.00018 
   52   52    1    1    1    1    1    1    1    1  1.05016E+14 0.00021 
   53   53    1    1    1    1    1    1    1    1  1.25169E+14 0.00014 
   54   54    1    1    1    1    1    1    1    1  8.50795E+13 0.00018 
   55   55    1    1    1    1    1    1    1    1  1.04684E+14 0.00017 
   56   56    1    1    1    1    1    1    1    1  7.10112E+13 0.00021 
   57   57    1    1    1    1    1    1    1    1  9.55487E+12 0.00027 
   58   58    1    1    1    1    1    1    1    1  1.39037E+14 0.00016 
   59   59    1    1    1    1    1    1    1    1  6.26850E+13 0.00019 
   60   60    1    1    1    1    1    1    1    1  6.54486E+13 0.00021 
   61   61    1    1    1    1    1    1    1    1  5.12622E+13 0.00019 
   62   62    1    1    1    1    1    1    1    1  5.09362E+13 0.00021 
   63   63    1    1    1    1    1    1    1    1  5.28274E+13 0.00020 
   64   64    1    1    1    1    1    1    1    1  4.41154E+13 0.00025 
   65   65    1    1    1    1    1    1    1    1  3.47357E+13 0.00025 
   66   66    1    1    1    1    1    1    1    1  3.41359E+13 0.00025 
   67   67    1    1    1    1    1    1    1    1  2.44270E+13 0.00022 
   68   68    1    1    1    1    1    1    1    1  1.97074E+13 0.00036 
   69   69    1    1    1    1    1    1    1    1  1.75644E+13 0.00039 
   70   70    1    1    1    1    1    1    1    1  2.09801E+13 0.00037 
   71   71    1    1    1    1    1    1    1    1  1.76605E+13 0.00049 
   72   72    1    1    1    1    1    1    1    1  3.12287E+13 0.00029 
   73   73    1    1    1    1    1    1    1    1  2.17610E+13 0.00034 
   74   74    1    1    1    1    1    1    1    1  1.63073E+13 0.00040 
   75   75    1    1    1    1    1    1    1    1  1.31968E+13 0.00049 
   76   76    1    1    1    1    1    1    1    1  1.10659E+13 0.00047 
   77   77    1    1    1    1    1    1    1    1  1.29244E+13 0.00052 
   78   78    1    1    1    1    1    1    1    1  1.03262E+13 0.00054 
   79   79    1    1    1    1    1    1    1    1  8.28377E+12 0.00062 
   80   80    1    1    1    1    1    1    1    1  8.60631E+12 0.00074 
   81   81    1    1    1    1    1    1    1    1  6.38725E+12 0.00069 
   82   82    1    1    1    1    1    1    1    1  4.93882E+12 0.00087 
   83   83    1    1    1    1    1    1    1    1  3.79419E+12 0.00105 
   84   84    1    1    1    1    1    1    1    1  3.54796E+12 0.00111 
   85   85    1    1    1    1    1    1    1    1  2.55377E+12 0.00136 
   86   86    1    1    1    1    1    1    1    1  1.84517E+12 0.00129 
   87   87    1    1    1    1    1    1    1    1  1.72026E+12 0.00122 
   88   88    1    1    1    1    1    1    1    1  1.05612E+12 0.00198 
   89   89    1    1    1    1    1    1    1    1  7.06398E+11 0.00223 
   90   90    1    1    1    1    1    1    1    1  4.09034E+11 0.00303 
   91   91    1    1    1    1    1    1    1    1  5.10563E+11 0.00230 
   92   92    1    1    1    1    1    1    1    1  0.00000E+00 0.00000 
   93   93    1    1    1    1    1    1    1    1  0.00000E+00 0.00000 
   94   94    1    1    1    1    1    1    1    1  0.00000E+00 0.00000 
   95   95    1    1    1    1    1    1    1    1  0.00000E+00 0.00000 
   96   96    1    1    1    1    1    1    1    1  0.00000E+00 0.00000 
   97   97    1    1    1    1    1    1    1    1  0.00000E+00 0.00000 
   98   98    1    1    1    1    1    1    1    1  0.00000E+00 0.00000 
   99   99    1    1    1    1    1    1    1    1  0.00000E+00 0.00000 
  100  100    1    1    1    1    1    1    1    1  0.00000E+00 0.00000 
];


