
DETdpaspec = [
    1    1    1    1    1    1    1    1    1    1  0.00000E+00 0.00000 
    2    2    1    1    1    1    1    1    1    1  0.00000E+00 0.00000 
    3    3    1    1    1    1    1    1    1    1  0.00000E+00 0.00000 
    4    4    1    1    1    1    1    1    1    1  0.00000E+00 0.00000 
    5    5    1    1    1    1    1    1    1    1  0.00000E+00 0.00000 
    6    6    1    1    1    1    1    1    1    1  0.00000E+00 0.00000 
    7    7    1    1    1    1    1    1    1    1  0.00000E+00 0.00000 
    8    8    1    1    1    1    1    1    1    1  0.00000E+00 0.00000 
    9    9    1    1    1    1    1    1    1    1  0.00000E+00 0.00000 
   10   10    1    1    1    1    1    1    1    1  0.00000E+00 0.00000 
   11   11    1    1    1    1    1    1    1    1  0.00000E+00 0.00000 
   12   12    1    1    1    1    1    1    1    1  0.00000E+00 0.00000 
   13   13    1    1    1    1    1    1    1    1  0.00000E+00 0.00000 
   14   14    1    1    1    1    1    1    1    1  0.00000E+00 0.00000 
   15   15    1    1    1    1    1    1    1    1  0.00000E+00 0.00000 
   16   16    1    1    1    1    1    1    1    1  0.00000E+00 0.00000 
   17   17    1    1    1    1    1    1    1    1  0.00000E+00 0.00000 
   18   18    1    1    1    1    1    1    1    1  0.00000E+00 0.00000 
   19   19    1    1    1    1    1    1    1    1  1.61367E+09 0.04715 
   20   20    1    1    1    1    1    1    1    1  2.66294E+08 0.07510 
   21   21    1    1    1    1    1    1    1    1  9.98254E+08 0.04969 
   22   22    1    1    1    1    1    1    1    1  6.74777E+08 0.05374 
   23   23    1    1    1    1    1    1    1    1  1.64389E+09 0.02994 
   24   24    1    1    1    1    1    1    1    1  2.46283E+09 0.02625 
   25   25    1    1    1    1    1    1    1    1  4.05112E+09 0.02610 
   26   26    1    1    1    1    1    1    1    1  5.20551E+09 0.02556 
   27   27    1    1    1    1    1    1    1    1  8.15596E+09 0.01314 
   28   28    1    1    1    1    1    1    1    1  1.44768E+10 0.01216 
   29   29    1    1    1    1    1    1    1    1  3.13069E+10 0.01077 
   30   30    1    1    1    1    1    1    1    1  5.04187E+10 0.00711 
   31   31    1    1    1    1    1    1    1    1  1.50548E+11 0.00474 
   32   32    1    1    1    1    1    1    1    1  4.72769E+11 0.00329 
   33   33    1    1    1    1    1    1    1    1  8.89083E+11 0.00227 
   34   34    1    1    1    1    1    1    1    1  2.10996E+12 0.00095 
   35   35    1    1    1    1    1    1    1    1  2.93716E+12 0.00115 
   36   36    1    1    1    1    1    1    1    1  3.95369E+12 0.00076 
   37   37    1    1    1    1    1    1    1    1  2.72323E+12 0.00073 
   38   38    1    1    1    1    1    1    1    1  8.42347E+11 0.00078 
   39   39    1    1    1    1    1    1    1    1  4.69071E+12 0.00081 
   40   40    1    1    1    1    1    1    1    1  6.32628E+12 0.00068 
   41   41    1    1    1    1    1    1    1    1  1.08552E+13 0.00066 
   42   42    1    1    1    1    1    1    1    1  1.10766E+13 0.00057 
   43   43    1    1    1    1    1    1    1    1  2.34896E+13 0.00042 
   44   44    1    1    1    1    1    1    1    1  2.84757E+13 0.00040 
   45   45    1    1    1    1    1    1    1    1  4.11729E+13 0.00027 
   46   46    1    1    1    1    1    1    1    1  8.17644E+13 0.00025 
   47   47    1    1    1    1    1    1    1    1  3.85389E+13 0.00022 
   48   48    1    1    1    1    1    1    1    1  6.21933E+13 0.00018 
   49   49    1    1    1    1    1    1    1    1  8.68593E+13 0.00017 
   50   50    1    1    1    1    1    1    1    1  8.59081E+13 0.00015 
   51   51    1    1    1    1    1    1    1    1  1.33343E+14 0.00015 
   52   52    1    1    1    1    1    1    1    1  1.06714E+14 0.00015 
   53   53    1    1    1    1    1    1    1    1  1.26037E+14 0.00016 
   54   54    1    1    1    1    1    1    1    1  8.78086E+13 0.00019 
   55   55    1    1    1    1    1    1    1    1  1.06780E+14 0.00015 
   56   56    1    1    1    1    1    1    1    1  7.36119E+13 0.00018 
   57   57    1    1    1    1    1    1    1    1  1.00253E+13 0.00035 
   58   58    1    1    1    1    1    1    1    1  1.46254E+14 0.00020 
   59   59    1    1    1    1    1    1    1    1  6.46804E+13 0.00024 
   60   60    1    1    1    1    1    1    1    1  6.88635E+13 0.00020 
   61   61    1    1    1    1    1    1    1    1  5.33134E+13 0.00027 
   62   62    1    1    1    1    1    1    1    1  5.35424E+13 0.00024 
   63   63    1    1    1    1    1    1    1    1  5.56568E+13 0.00025 
   64   64    1    1    1    1    1    1    1    1  4.67358E+13 0.00023 
   65   65    1    1    1    1    1    1    1    1  3.71578E+13 0.00024 
   66   66    1    1    1    1    1    1    1    1  3.68053E+13 0.00028 
   67   67    1    1    1    1    1    1    1    1  2.66215E+13 0.00023 
   68   68    1    1    1    1    1    1    1    1  2.17238E+13 0.00043 
   69   69    1    1    1    1    1    1    1    1  1.95055E+13 0.00033 
   70   70    1    1    1    1    1    1    1    1  2.34398E+13 0.00042 
   71   71    1    1    1    1    1    1    1    1  1.99703E+13 0.00038 
   72   72    1    1    1    1    1    1    1    1  3.65119E+13 0.00035 
   73   73    1    1    1    1    1    1    1    1  2.58424E+13 0.00039 
   74   74    1    1    1    1    1    1    1    1  1.94492E+13 0.00054 
   75   75    1    1    1    1    1    1    1    1  1.55700E+13 0.00027 
   76   76    1    1    1    1    1    1    1    1  1.28688E+13 0.00051 
   77   77    1    1    1    1    1    1    1    1  1.48429E+13 0.00040 
   78   78    1    1    1    1    1    1    1    1  1.16848E+13 0.00053 
   79   79    1    1    1    1    1    1    1    1  9.26745E+12 0.00060 
   80   80    1    1    1    1    1    1    1    1  9.53061E+12 0.00046 
   81   81    1    1    1    1    1    1    1    1  7.05326E+12 0.00058 
   82   82    1    1    1    1    1    1    1    1  5.42405E+12 0.00080 
   83   83    1    1    1    1    1    1    1    1  4.17691E+12 0.00109 
   84   84    1    1    1    1    1    1    1    1  3.90539E+12 0.00098 
   85   85    1    1    1    1    1    1    1    1  2.80473E+12 0.00142 
   86   86    1    1    1    1    1    1    1    1  2.02529E+12 0.00163 
   87   87    1    1    1    1    1    1    1    1  1.89805E+12 0.00156 
   88   88    1    1    1    1    1    1    1    1  1.16804E+12 0.00214 
   89   89    1    1    1    1    1    1    1    1  7.92524E+11 0.00173 
   90   90    1    1    1    1    1    1    1    1  4.56966E+11 0.00272 
   91   91    1    1    1    1    1    1    1    1  5.85559E+11 0.00288 
   92   92    1    1    1    1    1    1    1    1  0.00000E+00 0.00000 
   93   93    1    1    1    1    1    1    1    1  0.00000E+00 0.00000 
   94   94    1    1    1    1    1    1    1    1  0.00000E+00 0.00000 
   95   95    1    1    1    1    1    1    1    1  0.00000E+00 0.00000 
   96   96    1    1    1    1    1    1    1    1  0.00000E+00 0.00000 
   97   97    1    1    1    1    1    1    1    1  0.00000E+00 0.00000 
   98   98    1    1    1    1    1    1    1    1  0.00000E+00 0.00000 
   99   99    1    1    1    1    1    1    1    1  0.00000E+00 0.00000 
  100  100    1    1    1    1    1    1    1    1  0.00000E+00 0.00000 
];


