
DETdpaspec = [
    1    1    1    1    1    1    1    1    1    1  0.00000E+00 0.00000 
    2    2    1    1    1    1    1    1    1    1  0.00000E+00 0.00000 
    3    3    1    1    1    1    1    1    1    1  0.00000E+00 0.00000 
    4    4    1    1    1    1    1    1    1    1  0.00000E+00 0.00000 
    5    5    1    1    1    1    1    1    1    1  0.00000E+00 0.00000 
    6    6    1    1    1    1    1    1    1    1  0.00000E+00 0.00000 
    7    7    1    1    1    1    1    1    1    1  0.00000E+00 0.00000 
    8    8    1    1    1    1    1    1    1    1  0.00000E+00 0.00000 
    9    9    1    1    1    1    1    1    1    1  0.00000E+00 0.00000 
   10   10    1    1    1    1    1    1    1    1  0.00000E+00 0.00000 
   11   11    1    1    1    1    1    1    1    1  0.00000E+00 0.00000 
   12   12    1    1    1    1    1    1    1    1  0.00000E+00 0.00000 
   13   13    1    1    1    1    1    1    1    1  0.00000E+00 0.00000 
   14   14    1    1    1    1    1    1    1    1  0.00000E+00 0.00000 
   15   15    1    1    1    1    1    1    1    1  0.00000E+00 0.00000 
   16   16    1    1    1    1    1    1    1    1  0.00000E+00 0.00000 
   17   17    1    1    1    1    1    1    1    1  0.00000E+00 0.00000 
   18   18    1    1    1    1    1    1    1    1  0.00000E+00 0.00000 
   19   19    1    1    1    1    1    1    1    1  1.04167E+09 0.14779 
   20   20    1    1    1    1    1    1    1    1  1.71780E+08 0.10515 
   21   21    1    1    1    1    1    1    1    1  5.39661E+08 0.09083 
   22   22    1    1    1    1    1    1    1    1  4.89564E+08 0.07473 
   23   23    1    1    1    1    1    1    1    1  9.51155E+08 0.04867 
   24   24    1    1    1    1    1    1    1    1  1.68171E+09 0.03722 
   25   25    1    1    1    1    1    1    1    1  3.47291E+09 0.02723 
   26   26    1    1    1    1    1    1    1    1  5.32445E+09 0.02364 
   27   27    1    1    1    1    1    1    1    1  1.12049E+10 0.01642 
   28   28    1    1    1    1    1    1    1    1  2.66003E+10 0.01021 
   29   29    1    1    1    1    1    1    1    1  6.78612E+10 0.00572 
   30   30    1    1    1    1    1    1    1    1  1.24869E+11 0.00509 
   31   31    1    1    1    1    1    1    1    1  3.02553E+11 0.00410 
   32   32    1    1    1    1    1    1    1    1  8.34140E+11 0.00289 
   33   33    1    1    1    1    1    1    1    1  1.41839E+12 0.00226 
   34   34    1    1    1    1    1    1    1    1  3.20257E+12 0.00162 
   35   35    1    1    1    1    1    1    1    1  4.34628E+12 0.00114 
   36   36    1    1    1    1    1    1    1    1  5.00951E+12 0.00079 
   37   37    1    1    1    1    1    1    1    1  3.19426E+12 0.00060 
   38   38    1    1    1    1    1    1    1    1  9.51244E+11 0.00065 
   39   39    1    1    1    1    1    1    1    1  5.42817E+12 0.00044 
   40   40    1    1    1    1    1    1    1    1  7.27679E+12 0.00053 
   41   41    1    1    1    1    1    1    1    1  1.24851E+13 0.00044 
   42   42    1    1    1    1    1    1    1    1  1.22518E+13 0.00038 
   43   43    1    1    1    1    1    1    1    1  2.63322E+13 0.00045 
   44   44    1    1    1    1    1    1    1    1  3.16343E+13 0.00034 
   45   45    1    1    1    1    1    1    1    1  4.52689E+13 0.00024 
   46   46    1    1    1    1    1    1    1    1  8.95069E+13 0.00026 
   47   47    1    1    1    1    1    1    1    1  4.07588E+13 0.00013 
   48   48    1    1    1    1    1    1    1    1  6.47400E+13 0.00021 
   49   49    1    1    1    1    1    1    1    1  8.93600E+13 0.00023 
   50   50    1    1    1    1    1    1    1    1  8.70075E+13 0.00020 
   51   51    1    1    1    1    1    1    1    1  1.35313E+14 0.00011 
   52   52    1    1    1    1    1    1    1    1  1.04934E+14 0.00021 
   53   53    1    1    1    1    1    1    1    1  1.25362E+14 0.00014 
   54   54    1    1    1    1    1    1    1    1  8.59411E+13 0.00022 
   55   55    1    1    1    1    1    1    1    1  1.05916E+14 0.00018 
   56   56    1    1    1    1    1    1    1    1  7.22396E+13 0.00022 
   57   57    1    1    1    1    1    1    1    1  9.74695E+12 0.00037 
   58   58    1    1    1    1    1    1    1    1  1.42223E+14 0.00016 
   59   59    1    1    1    1    1    1    1    1  6.40964E+13 0.00019 
   60   60    1    1    1    1    1    1    1    1  6.72812E+13 0.00019 
   61   61    1    1    1    1    1    1    1    1  5.27120E+13 0.00015 
   62   62    1    1    1    1    1    1    1    1  5.25392E+13 0.00021 
   63   63    1    1    1    1    1    1    1    1  5.46021E+13 0.00017 
   64   64    1    1    1    1    1    1    1    1  4.57617E+13 0.00025 
   65   65    1    1    1    1    1    1    1    1  3.61378E+13 0.00027 
   66   66    1    1    1    1    1    1    1    1  3.56450E+13 0.00029 
   67   67    1    1    1    1    1    1    1    1  2.55758E+13 0.00030 
   68   68    1    1    1    1    1    1    1    1  2.06868E+13 0.00034 
   69   69    1    1    1    1    1    1    1    1  1.84793E+13 0.00035 
   70   70    1    1    1    1    1    1    1    1  2.21062E+13 0.00032 
   71   71    1    1    1    1    1    1    1    1  1.86857E+13 0.00038 
   72   72    1    1    1    1    1    1    1    1  3.33378E+13 0.00034 
   73   73    1    1    1    1    1    1    1    1  2.33232E+13 0.00035 
   74   74    1    1    1    1    1    1    1    1  1.75113E+13 0.00038 
   75   75    1    1    1    1    1    1    1    1  1.41728E+13 0.00040 
   76   76    1    1    1    1    1    1    1    1  1.18577E+13 0.00041 
   77   77    1    1    1    1    1    1    1    1  1.38340E+13 0.00049 
   78   78    1    1    1    1    1    1    1    1  1.10268E+13 0.00059 
   79   79    1    1    1    1    1    1    1    1  8.84914E+12 0.00057 
   80   80    1    1    1    1    1    1    1    1  9.17792E+12 0.00076 
   81   81    1    1    1    1    1    1    1    1  6.82085E+12 0.00066 
   82   82    1    1    1    1    1    1    1    1  5.26565E+12 0.00071 
   83   83    1    1    1    1    1    1    1    1  4.04977E+12 0.00090 
   84   84    1    1    1    1    1    1    1    1  3.78556E+12 0.00083 
   85   85    1    1    1    1    1    1    1    1  2.73463E+12 0.00104 
   86   86    1    1    1    1    1    1    1    1  1.97381E+12 0.00110 
   87   87    1    1    1    1    1    1    1    1  1.84829E+12 0.00097 
   88   88    1    1    1    1    1    1    1    1  1.13464E+12 0.00197 
   89   89    1    1    1    1    1    1    1    1  7.60358E+11 0.00224 
   90   90    1    1    1    1    1    1    1    1  4.39857E+11 0.00299 
   91   91    1    1    1    1    1    1    1    1  5.56364E+11 0.00259 
   92   92    1    1    1    1    1    1    1    1  0.00000E+00 0.00000 
   93   93    1    1    1    1    1    1    1    1  0.00000E+00 0.00000 
   94   94    1    1    1    1    1    1    1    1  0.00000E+00 0.00000 
   95   95    1    1    1    1    1    1    1    1  0.00000E+00 0.00000 
   96   96    1    1    1    1    1    1    1    1  0.00000E+00 0.00000 
   97   97    1    1    1    1    1    1    1    1  0.00000E+00 0.00000 
   98   98    1    1    1    1    1    1    1    1  0.00000E+00 0.00000 
   99   99    1    1    1    1    1    1    1    1  0.00000E+00 0.00000 
  100  100    1    1    1    1    1    1    1    1  0.00000E+00 0.00000 
];


