
DETdpaspec = [
    1    1    1    1    1    1    1    1    1    1  0.00000E+00 0.00000 
    2    2    1    1    1    1    1    1    1    1  0.00000E+00 0.00000 
    3    3    1    1    1    1    1    1    1    1  0.00000E+00 0.00000 
    4    4    1    1    1    1    1    1    1    1  0.00000E+00 0.00000 
    5    5    1    1    1    1    1    1    1    1  0.00000E+00 0.00000 
    6    6    1    1    1    1    1    1    1    1  0.00000E+00 0.00000 
    7    7    1    1    1    1    1    1    1    1  0.00000E+00 0.00000 
    8    8    1    1    1    1    1    1    1    1  0.00000E+00 0.00000 
    9    9    1    1    1    1    1    1    1    1  0.00000E+00 0.00000 
   10   10    1    1    1    1    1    1    1    1  0.00000E+00 0.00000 
   11   11    1    1    1    1    1    1    1    1  0.00000E+00 0.00000 
   12   12    1    1    1    1    1    1    1    1  0.00000E+00 0.00000 
   13   13    1    1    1    1    1    1    1    1  0.00000E+00 0.00000 
   14   14    1    1    1    1    1    1    1    1  0.00000E+00 0.00000 
   15   15    1    1    1    1    1    1    1    1  0.00000E+00 0.00000 
   16   16    1    1    1    1    1    1    1    1  0.00000E+00 0.00000 
   17   17    1    1    1    1    1    1    1    1  0.00000E+00 0.00000 
   18   18    1    1    1    1    1    1    1    1  0.00000E+00 0.00000 
   19   19    1    1    1    1    1    1    1    1  1.38723E+09 0.04813 
   20   20    1    1    1    1    1    1    1    1  2.22786E+08 0.09455 
   21   21    1    1    1    1    1    1    1    1  8.60954E+08 0.05367 
   22   22    1    1    1    1    1    1    1    1  6.34211E+08 0.05332 
   23   23    1    1    1    1    1    1    1    1  1.41685E+09 0.03790 
   24   24    1    1    1    1    1    1    1    1  2.12903E+09 0.03365 
   25   25    1    1    1    1    1    1    1    1  3.77709E+09 0.03358 
   26   26    1    1    1    1    1    1    1    1  4.56140E+09 0.02674 
   27   27    1    1    1    1    1    1    1    1  7.58484E+09 0.01652 
   28   28    1    1    1    1    1    1    1    1  1.40902E+10 0.01567 
   29   29    1    1    1    1    1    1    1    1  3.23692E+10 0.00762 
   30   30    1    1    1    1    1    1    1    1  5.41411E+10 0.00793 
   31   31    1    1    1    1    1    1    1    1  1.55296E+11 0.00607 
   32   32    1    1    1    1    1    1    1    1  4.84455E+11 0.00346 
   33   33    1    1    1    1    1    1    1    1  9.07346E+11 0.00230 
   34   34    1    1    1    1    1    1    1    1  2.17074E+12 0.00141 
   35   35    1    1    1    1    1    1    1    1  3.03970E+12 0.00114 
   36   36    1    1    1    1    1    1    1    1  3.99143E+12 0.00074 
   37   37    1    1    1    1    1    1    1    1  2.71530E+12 0.00059 
   38   38    1    1    1    1    1    1    1    1  8.34110E+11 0.00066 
   39   39    1    1    1    1    1    1    1    1  4.67878E+12 0.00071 
   40   40    1    1    1    1    1    1    1    1  6.32013E+12 0.00053 
   41   41    1    1    1    1    1    1    1    1  1.08839E+13 0.00043 
   42   42    1    1    1    1    1    1    1    1  1.10295E+13 0.00043 
   43   43    1    1    1    1    1    1    1    1  2.35128E+13 0.00043 
   44   44    1    1    1    1    1    1    1    1  2.85232E+13 0.00032 
   45   45    1    1    1    1    1    1    1    1  4.12727E+13 0.00025 
   46   46    1    1    1    1    1    1    1    1  8.22674E+13 0.00027 
   47   47    1    1    1    1    1    1    1    1  3.85966E+13 0.00024 
   48   48    1    1    1    1    1    1    1    1  6.21330E+13 0.00018 
   49   49    1    1    1    1    1    1    1    1  8.67494E+13 0.00016 
   50   50    1    1    1    1    1    1    1    1  8.56161E+13 0.00018 
   51   51    1    1    1    1    1    1    1    1  1.33303E+14 0.00017 
   52   52    1    1    1    1    1    1    1    1  1.06089E+14 0.00016 
   53   53    1    1    1    1    1    1    1    1  1.25855E+14 0.00022 
   54   54    1    1    1    1    1    1    1    1  8.74878E+13 0.00020 
   55   55    1    1    1    1    1    1    1    1  1.06895E+14 0.00012 
   56   56    1    1    1    1    1    1    1    1  7.35552E+13 0.00021 
   57   57    1    1    1    1    1    1    1    1  1.00051E+13 0.00028 
   58   58    1    1    1    1    1    1    1    1  1.45966E+14 0.00016 
   59   59    1    1    1    1    1    1    1    1  6.49009E+13 0.00024 
   60   60    1    1    1    1    1    1    1    1  6.89254E+13 0.00024 
   61   61    1    1    1    1    1    1    1    1  5.35461E+13 0.00022 
   62   62    1    1    1    1    1    1    1    1  5.36850E+13 0.00030 
   63   63    1    1    1    1    1    1    1    1  5.58533E+13 0.00025 
   64   64    1    1    1    1    1    1    1    1  4.69341E+13 0.00022 
   65   65    1    1    1    1    1    1    1    1  3.72500E+13 0.00028 
   66   66    1    1    1    1    1    1    1    1  3.69181E+13 0.00025 
   67   67    1    1    1    1    1    1    1    1  2.66692E+13 0.00024 
   68   68    1    1    1    1    1    1    1    1  2.17196E+13 0.00039 
   69   69    1    1    1    1    1    1    1    1  1.94830E+13 0.00041 
   70   70    1    1    1    1    1    1    1    1  2.34105E+13 0.00043 
   71   71    1    1    1    1    1    1    1    1  1.99285E+13 0.00053 
   72   72    1    1    1    1    1    1    1    1  3.62236E+13 0.00040 
   73   73    1    1    1    1    1    1    1    1  2.56270E+13 0.00037 
   74   74    1    1    1    1    1    1    1    1  1.92922E+13 0.00030 
   75   75    1    1    1    1    1    1    1    1  1.54865E+13 0.00053 
   76   76    1    1    1    1    1    1    1    1  1.28249E+13 0.00046 
   77   77    1    1    1    1    1    1    1    1  1.48454E+13 0.00058 
   78   78    1    1    1    1    1    1    1    1  1.17380E+13 0.00056 
   79   79    1    1    1    1    1    1    1    1  9.33583E+12 0.00049 
   80   80    1    1    1    1    1    1    1    1  9.61915E+12 0.00073 
   81   81    1    1    1    1    1    1    1    1  7.13214E+12 0.00057 
   82   82    1    1    1    1    1    1    1    1  5.49409E+12 0.00047 
   83   83    1    1    1    1    1    1    1    1  4.21556E+12 0.00107 
   84   84    1    1    1    1    1    1    1    1  3.94094E+12 0.00093 
   85   85    1    1    1    1    1    1    1    1  2.84102E+12 0.00158 
   86   86    1    1    1    1    1    1    1    1  2.04791E+12 0.00145 
   87   87    1    1    1    1    1    1    1    1  1.91896E+12 0.00142 
   88   88    1    1    1    1    1    1    1    1  1.18229E+12 0.00172 
   89   89    1    1    1    1    1    1    1    1  7.97685E+11 0.00226 
   90   90    1    1    1    1    1    1    1    1  4.63344E+11 0.00257 
   91   91    1    1    1    1    1    1    1    1  5.89501E+11 0.00254 
   92   92    1    1    1    1    1    1    1    1  0.00000E+00 0.00000 
   93   93    1    1    1    1    1    1    1    1  0.00000E+00 0.00000 
   94   94    1    1    1    1    1    1    1    1  0.00000E+00 0.00000 
   95   95    1    1    1    1    1    1    1    1  0.00000E+00 0.00000 
   96   96    1    1    1    1    1    1    1    1  0.00000E+00 0.00000 
   97   97    1    1    1    1    1    1    1    1  0.00000E+00 0.00000 
   98   98    1    1    1    1    1    1    1    1  0.00000E+00 0.00000 
   99   99    1    1    1    1    1    1    1    1  0.00000E+00 0.00000 
  100  100    1    1    1    1    1    1    1    1  0.00000E+00 0.00000 
];


