
DETdpaspec = [
    1    1    1    1    1    1    1    1    1    1  0.00000E+00 0.00000 
    2    2    1    1    1    1    1    1    1    1  0.00000E+00 0.00000 
    3    3    1    1    1    1    1    1    1    1  0.00000E+00 0.00000 
    4    4    1    1    1    1    1    1    1    1  0.00000E+00 0.00000 
    5    5    1    1    1    1    1    1    1    1  0.00000E+00 0.00000 
    6    6    1    1    1    1    1    1    1    1  0.00000E+00 0.00000 
    7    7    1    1    1    1    1    1    1    1  0.00000E+00 0.00000 
    8    8    1    1    1    1    1    1    1    1  0.00000E+00 0.00000 
    9    9    1    1    1    1    1    1    1    1  0.00000E+00 0.00000 
   10   10    1    1    1    1    1    1    1    1  0.00000E+00 0.00000 
   11   11    1    1    1    1    1    1    1    1  0.00000E+00 0.00000 
   12   12    1    1    1    1    1    1    1    1  0.00000E+00 0.00000 
   13   13    1    1    1    1    1    1    1    1  0.00000E+00 0.00000 
   14   14    1    1    1    1    1    1    1    1  0.00000E+00 0.00000 
   15   15    1    1    1    1    1    1    1    1  0.00000E+00 0.00000 
   16   16    1    1    1    1    1    1    1    1  0.00000E+00 0.00000 
   17   17    1    1    1    1    1    1    1    1  0.00000E+00 0.00000 
   18   18    1    1    1    1    1    1    1    1  0.00000E+00 0.00000 
   19   19    1    1    1    1    1    1    1    1  1.23015E+09 0.10643 
   20   20    1    1    1    1    1    1    1    1  1.62106E+08 0.10759 
   21   21    1    1    1    1    1    1    1    1  5.74624E+08 0.05981 
   22   22    1    1    1    1    1    1    1    1  4.75860E+08 0.05535 
   23   23    1    1    1    1    1    1    1    1  9.86688E+08 0.05062 
   24   24    1    1    1    1    1    1    1    1  1.75659E+09 0.05609 
   25   25    1    1    1    1    1    1    1    1  3.91925E+09 0.02998 
   26   26    1    1    1    1    1    1    1    1  6.21717E+09 0.02543 
   27   27    1    1    1    1    1    1    1    1  1.34049E+10 0.01182 
   28   28    1    1    1    1    1    1    1    1  3.29467E+10 0.01044 
   29   29    1    1    1    1    1    1    1    1  8.25096E+10 0.00623 
   30   30    1    1    1    1    1    1    1    1  1.50717E+11 0.00479 
   31   31    1    1    1    1    1    1    1    1  3.57435E+11 0.00345 
   32   32    1    1    1    1    1    1    1    1  9.44058E+11 0.00199 
   33   33    1    1    1    1    1    1    1    1  1.57100E+12 0.00160 
   34   34    1    1    1    1    1    1    1    1  3.49989E+12 0.00098 
   35   35    1    1    1    1    1    1    1    1  4.69411E+12 0.00095 
   36   36    1    1    1    1    1    1    1    1  5.29126E+12 0.00076 
   37   37    1    1    1    1    1    1    1    1  3.34048E+12 0.00069 
   38   38    1    1    1    1    1    1    1    1  9.90887E+11 0.00054 
   39   39    1    1    1    1    1    1    1    1  5.65529E+12 0.00049 
   40   40    1    1    1    1    1    1    1    1  7.56431E+12 0.00062 
   41   41    1    1    1    1    1    1    1    1  1.29439E+13 0.00047 
   42   42    1    1    1    1    1    1    1    1  1.26284E+13 0.00047 
   43   43    1    1    1    1    1    1    1    1  2.71309E+13 0.00036 
   44   44    1    1    1    1    1    1    1    1  3.25091E+13 0.00041 
   45   45    1    1    1    1    1    1    1    1  4.63358E+13 0.00033 
   46   46    1    1    1    1    1    1    1    1  9.12778E+13 0.00021 
   47   47    1    1    1    1    1    1    1    1  4.13480E+13 0.00025 
   48   48    1    1    1    1    1    1    1    1  6.55162E+13 0.00015 
   49   49    1    1    1    1    1    1    1    1  9.01317E+13 0.00019 
   50   50    1    1    1    1    1    1    1    1  8.75510E+13 0.00016 
   51   51    1    1    1    1    1    1    1    1  1.35896E+14 0.00016 
   52   52    1    1    1    1    1    1    1    1  1.04955E+14 0.00015 
   53   53    1    1    1    1    1    1    1    1  1.25384E+14 0.00016 
   54   54    1    1    1    1    1    1    1    1  8.56843E+13 0.00017 
   55   55    1    1    1    1    1    1    1    1  1.05579E+14 0.00012 
   56   56    1    1    1    1    1    1    1    1  7.18697E+13 0.00017 
   57   57    1    1    1    1    1    1    1    1  9.68993E+12 0.00034 
   58   58    1    1    1    1    1    1    1    1  1.41315E+14 0.00011 
   59   59    1    1    1    1    1    1    1    1  6.37149E+13 0.00019 
   60   60    1    1    1    1    1    1    1    1  6.67562E+13 0.00018 
   61   61    1    1    1    1    1    1    1    1  5.23000E+13 0.00026 
   62   62    1    1    1    1    1    1    1    1  5.20942E+13 0.00018 
   63   63    1    1    1    1    1    1    1    1  5.40695E+13 0.00026 
   64   64    1    1    1    1    1    1    1    1  4.52856E+13 0.00022 
   65   65    1    1    1    1    1    1    1    1  3.56952E+13 0.00030 
   66   66    1    1    1    1    1    1    1    1  3.51798E+13 0.00028 
   67   67    1    1    1    1    1    1    1    1  2.52401E+13 0.00034 
   68   68    1    1    1    1    1    1    1    1  2.03780E+13 0.00029 
   69   69    1    1    1    1    1    1    1    1  1.81883E+13 0.00040 
   70   70    1    1    1    1    1    1    1    1  2.17555E+13 0.00040 
   71   71    1    1    1    1    1    1    1    1  1.83565E+13 0.00040 
   72   72    1    1    1    1    1    1    1    1  3.26770E+13 0.00033 
   73   73    1    1    1    1    1    1    1    1  2.28476E+13 0.00038 
   74   74    1    1    1    1    1    1    1    1  1.71380E+13 0.00045 
   75   75    1    1    1    1    1    1    1    1  1.38791E+13 0.00046 
   76   76    1    1    1    1    1    1    1    1  1.16132E+13 0.00046 
   77   77    1    1    1    1    1    1    1    1  1.35548E+13 0.00051 
   78   78    1    1    1    1    1    1    1    1  1.08215E+13 0.00047 
   79   79    1    1    1    1    1    1    1    1  8.66995E+12 0.00069 
   80   80    1    1    1    1    1    1    1    1  9.00739E+12 0.00062 
   81   81    1    1    1    1    1    1    1    1  6.70021E+12 0.00057 
   82   82    1    1    1    1    1    1    1    1  5.16888E+12 0.00076 
   83   83    1    1    1    1    1    1    1    1  3.96924E+12 0.00078 
   84   84    1    1    1    1    1    1    1    1  3.72491E+12 0.00080 
   85   85    1    1    1    1    1    1    1    1  2.68347E+12 0.00105 
   86   86    1    1    1    1    1    1    1    1  1.93683E+12 0.00124 
   87   87    1    1    1    1    1    1    1    1  1.81219E+12 0.00149 
   88   88    1    1    1    1    1    1    1    1  1.11169E+12 0.00198 
   89   89    1    1    1    1    1    1    1    1  7.46022E+11 0.00192 
   90   90    1    1    1    1    1    1    1    1  4.30598E+11 0.00226 
   91   91    1    1    1    1    1    1    1    1  5.43396E+11 0.00178 
   92   92    1    1    1    1    1    1    1    1  0.00000E+00 0.00000 
   93   93    1    1    1    1    1    1    1    1  0.00000E+00 0.00000 
   94   94    1    1    1    1    1    1    1    1  0.00000E+00 0.00000 
   95   95    1    1    1    1    1    1    1    1  0.00000E+00 0.00000 
   96   96    1    1    1    1    1    1    1    1  0.00000E+00 0.00000 
   97   97    1    1    1    1    1    1    1    1  0.00000E+00 0.00000 
   98   98    1    1    1    1    1    1    1    1  0.00000E+00 0.00000 
   99   99    1    1    1    1    1    1    1    1  0.00000E+00 0.00000 
  100  100    1    1    1    1    1    1    1    1  0.00000E+00 0.00000 
];


