
DETdpaspec = [
    1    1    1    1    1    1    1    1    1    1  0.00000E+00 0.00000 
    2    2    1    1    1    1    1    1    1    1  0.00000E+00 0.00000 
    3    3    1    1    1    1    1    1    1    1  0.00000E+00 0.00000 
    4    4    1    1    1    1    1    1    1    1  0.00000E+00 0.00000 
    5    5    1    1    1    1    1    1    1    1  0.00000E+00 0.00000 
    6    6    1    1    1    1    1    1    1    1  0.00000E+00 0.00000 
    7    7    1    1    1    1    1    1    1    1  0.00000E+00 0.00000 
    8    8    1    1    1    1    1    1    1    1  0.00000E+00 0.00000 
    9    9    1    1    1    1    1    1    1    1  0.00000E+00 0.00000 
   10   10    1    1    1    1    1    1    1    1  0.00000E+00 0.00000 
   11   11    1    1    1    1    1    1    1    1  0.00000E+00 0.00000 
   12   12    1    1    1    1    1    1    1    1  0.00000E+00 0.00000 
   13   13    1    1    1    1    1    1    1    1  0.00000E+00 0.00000 
   14   14    1    1    1    1    1    1    1    1  0.00000E+00 0.00000 
   15   15    1    1    1    1    1    1    1    1  0.00000E+00 0.00000 
   16   16    1    1    1    1    1    1    1    1  0.00000E+00 0.00000 
   17   17    1    1    1    1    1    1    1    1  0.00000E+00 0.00000 
   18   18    1    1    1    1    1    1    1    1  0.00000E+00 0.00000 
   19   19    1    1    1    1    1    1    1    1  1.61004E+09 0.05714 
   20   20    1    1    1    1    1    1    1    1  2.56297E+08 0.07840 
   21   21    1    1    1    1    1    1    1    1  1.01906E+09 0.06685 
   22   22    1    1    1    1    1    1    1    1  7.60164E+08 0.05299 
   23   23    1    1    1    1    1    1    1    1  1.74842E+09 0.02775 
   24   24    1    1    1    1    1    1    1    1  2.58645E+09 0.02276 
   25   25    1    1    1    1    1    1    1    1  4.03672E+09 0.01824 
   26   26    1    1    1    1    1    1    1    1  5.10107E+09 0.02930 
   27   27    1    1    1    1    1    1    1    1  8.25443E+09 0.01964 
   28   28    1    1    1    1    1    1    1    1  1.48011E+10 0.01219 
   29   29    1    1    1    1    1    1    1    1  3.17485E+10 0.00826 
   30   30    1    1    1    1    1    1    1    1  5.06110E+10 0.00722 
   31   31    1    1    1    1    1    1    1    1  1.49723E+11 0.00557 
   32   32    1    1    1    1    1    1    1    1  4.72583E+11 0.00253 
   33   33    1    1    1    1    1    1    1    1  8.90355E+11 0.00213 
   34   34    1    1    1    1    1    1    1    1  2.10169E+12 0.00113 
   35   35    1    1    1    1    1    1    1    1  2.92027E+12 0.00123 
   36   36    1    1    1    1    1    1    1    1  3.95479E+12 0.00094 
   37   37    1    1    1    1    1    1    1    1  2.73071E+12 0.00062 
   38   38    1    1    1    1    1    1    1    1  8.45935E+11 0.00069 
   39   39    1    1    1    1    1    1    1    1  4.70420E+12 0.00066 
   40   40    1    1    1    1    1    1    1    1  6.34274E+12 0.00053 
   41   41    1    1    1    1    1    1    1    1  1.08739E+13 0.00053 
   42   42    1    1    1    1    1    1    1    1  1.11000E+13 0.00050 
   43   43    1    1    1    1    1    1    1    1  2.35132E+13 0.00041 
   44   44    1    1    1    1    1    1    1    1  2.85090E+13 0.00041 
   45   45    1    1    1    1    1    1    1    1  4.12041E+13 0.00036 
   46   46    1    1    1    1    1    1    1    1  8.17693E+13 0.00026 
   47   47    1    1    1    1    1    1    1    1  3.85496E+13 0.00023 
   48   48    1    1    1    1    1    1    1    1  6.22296E+13 0.00026 
   49   49    1    1    1    1    1    1    1    1  8.69328E+13 0.00022 
   50   50    1    1    1    1    1    1    1    1  8.59619E+13 0.00024 
   51   51    1    1    1    1    1    1    1    1  1.33386E+14 0.00020 
   52   52    1    1    1    1    1    1    1    1  1.06873E+14 0.00014 
   53   53    1    1    1    1    1    1    1    1  1.26074E+14 0.00013 
   54   54    1    1    1    1    1    1    1    1  8.78717E+13 0.00011 
   55   55    1    1    1    1    1    1    1    1  1.06765E+14 0.00012 
   56   56    1    1    1    1    1    1    1    1  7.36644E+13 0.00015 
   57   57    1    1    1    1    1    1    1    1  1.00408E+13 0.00024 
   58   58    1    1    1    1    1    1    1    1  1.46279E+14 0.00012 
   59   59    1    1    1    1    1    1    1    1  6.46155E+13 0.00024 
   60   60    1    1    1    1    1    1    1    1  6.88082E+13 0.00020 
   61   61    1    1    1    1    1    1    1    1  5.32086E+13 0.00029 
   62   62    1    1    1    1    1    1    1    1  5.34716E+13 0.00020 
   63   63    1    1    1    1    1    1    1    1  5.55717E+13 0.00025 
   64   64    1    1    1    1    1    1    1    1  4.66447E+13 0.00028 
   65   65    1    1    1    1    1    1    1    1  3.70792E+13 0.00039 
   66   66    1    1    1    1    1    1    1    1  3.67580E+13 0.00036 
   67   67    1    1    1    1    1    1    1    1  2.65785E+13 0.00038 
   68   68    1    1    1    1    1    1    1    1  2.17166E+13 0.00034 
   69   69    1    1    1    1    1    1    1    1  1.94930E+13 0.00041 
   70   70    1    1    1    1    1    1    1    1  2.34355E+13 0.00035 
   71   71    1    1    1    1    1    1    1    1  1.99767E+13 0.00054 
   72   72    1    1    1    1    1    1    1    1  3.65406E+13 0.00041 
   73   73    1    1    1    1    1    1    1    1  2.59071E+13 0.00047 
   74   74    1    1    1    1    1    1    1    1  1.95004E+13 0.00043 
   75   75    1    1    1    1    1    1    1    1  1.55882E+13 0.00048 
   76   76    1    1    1    1    1    1    1    1  1.28622E+13 0.00051 
   77   77    1    1    1    1    1    1    1    1  1.48217E+13 0.00049 
   78   78    1    1    1    1    1    1    1    1  1.16589E+13 0.00048 
   79   79    1    1    1    1    1    1    1    1  9.24124E+12 0.00060 
   80   80    1    1    1    1    1    1    1    1  9.50885E+12 0.00057 
   81   81    1    1    1    1    1    1    1    1  7.03251E+12 0.00060 
   82   82    1    1    1    1    1    1    1    1  5.40827E+12 0.00078 
   83   83    1    1    1    1    1    1    1    1  4.15901E+12 0.00101 
   84   84    1    1    1    1    1    1    1    1  3.88729E+12 0.00072 
   85   85    1    1    1    1    1    1    1    1  2.79549E+12 0.00141 
   86   86    1    1    1    1    1    1    1    1  2.01753E+12 0.00111 
   87   87    1    1    1    1    1    1    1    1  1.88852E+12 0.00140 
   88   88    1    1    1    1    1    1    1    1  1.16280E+12 0.00132 
   89   89    1    1    1    1    1    1    1    1  7.87068E+11 0.00234 
   90   90    1    1    1    1    1    1    1    1  4.55283E+11 0.00303 
   91   91    1    1    1    1    1    1    1    1  5.85680E+11 0.00220 
   92   92    1    1    1    1    1    1    1    1  0.00000E+00 0.00000 
   93   93    1    1    1    1    1    1    1    1  0.00000E+00 0.00000 
   94   94    1    1    1    1    1    1    1    1  0.00000E+00 0.00000 
   95   95    1    1    1    1    1    1    1    1  0.00000E+00 0.00000 
   96   96    1    1    1    1    1    1    1    1  0.00000E+00 0.00000 
   97   97    1    1    1    1    1    1    1    1  0.00000E+00 0.00000 
   98   98    1    1    1    1    1    1    1    1  0.00000E+00 0.00000 
   99   99    1    1    1    1    1    1    1    1  0.00000E+00 0.00000 
  100  100    1    1    1    1    1    1    1    1  0.00000E+00 0.00000 
];


