
DETdpaspec = [
    1    1    1    1    1    1    1    1    1    1  0.00000E+00 0.00000 
    2    2    1    1    1    1    1    1    1    1  0.00000E+00 0.00000 
    3    3    1    1    1    1    1    1    1    1  0.00000E+00 0.00000 
    4    4    1    1    1    1    1    1    1    1  0.00000E+00 0.00000 
    5    5    1    1    1    1    1    1    1    1  0.00000E+00 0.00000 
    6    6    1    1    1    1    1    1    1    1  0.00000E+00 0.00000 
    7    7    1    1    1    1    1    1    1    1  0.00000E+00 0.00000 
    8    8    1    1    1    1    1    1    1    1  0.00000E+00 0.00000 
    9    9    1    1    1    1    1    1    1    1  0.00000E+00 0.00000 
   10   10    1    1    1    1    1    1    1    1  0.00000E+00 0.00000 
   11   11    1    1    1    1    1    1    1    1  0.00000E+00 0.00000 
   12   12    1    1    1    1    1    1    1    1  0.00000E+00 0.00000 
   13   13    1    1    1    1    1    1    1    1  0.00000E+00 0.00000 
   14   14    1    1    1    1    1    1    1    1  0.00000E+00 0.00000 
   15   15    1    1    1    1    1    1    1    1  0.00000E+00 0.00000 
   16   16    1    1    1    1    1    1    1    1  0.00000E+00 0.00000 
   17   17    1    1    1    1    1    1    1    1  0.00000E+00 0.00000 
   18   18    1    1    1    1    1    1    1    1  0.00000E+00 0.00000 
   19   19    1    1    1    1    1    1    1    1  1.54164E+09 0.07655 
   20   20    1    1    1    1    1    1    1    1  2.03463E+08 0.08519 
   21   21    1    1    1    1    1    1    1    1  8.22439E+08 0.06621 
   22   22    1    1    1    1    1    1    1    1  6.65603E+08 0.04499 
   23   23    1    1    1    1    1    1    1    1  1.64324E+09 0.03921 
   24   24    1    1    1    1    1    1    1    1  2.24084E+09 0.02960 
   25   25    1    1    1    1    1    1    1    1  3.84379E+09 0.02809 
   26   26    1    1    1    1    1    1    1    1  4.85865E+09 0.02232 
   27   27    1    1    1    1    1    1    1    1  7.79899E+09 0.01724 
   28   28    1    1    1    1    1    1    1    1  1.42582E+10 0.01341 
   29   29    1    1    1    1    1    1    1    1  3.14762E+10 0.00939 
   30   30    1    1    1    1    1    1    1    1  5.17389E+10 0.00783 
   31   31    1    1    1    1    1    1    1    1  1.51717E+11 0.00449 
   32   32    1    1    1    1    1    1    1    1  4.77033E+11 0.00213 
   33   33    1    1    1    1    1    1    1    1  8.97624E+11 0.00157 
   34   34    1    1    1    1    1    1    1    1  2.13769E+12 0.00153 
   35   35    1    1    1    1    1    1    1    1  2.99184E+12 0.00123 
   36   36    1    1    1    1    1    1    1    1  3.96556E+12 0.00054 
   37   37    1    1    1    1    1    1    1    1  2.71229E+12 0.00065 
   38   38    1    1    1    1    1    1    1    1  8.35348E+11 0.00073 
   39   39    1    1    1    1    1    1    1    1  4.67577E+12 0.00053 
   40   40    1    1    1    1    1    1    1    1  6.31119E+12 0.00065 
   41   41    1    1    1    1    1    1    1    1  1.08565E+13 0.00056 
   42   42    1    1    1    1    1    1    1    1  1.10253E+13 0.00039 
   43   43    1    1    1    1    1    1    1    1  2.34702E+13 0.00033 
   44   44    1    1    1    1    1    1    1    1  2.84751E+13 0.00037 
   45   45    1    1    1    1    1    1    1    1  4.12106E+13 0.00032 
   46   46    1    1    1    1    1    1    1    1  8.20596E+13 0.00022 
   47   47    1    1    1    1    1    1    1    1  3.85643E+13 0.00026 
   48   48    1    1    1    1    1    1    1    1  6.21170E+13 0.00019 
   49   49    1    1    1    1    1    1    1    1  8.67812E+13 0.00014 
   50   50    1    1    1    1    1    1    1    1  8.57003E+13 0.00017 
   51   51    1    1    1    1    1    1    1    1  1.33314E+14 0.00016 
   52   52    1    1    1    1    1    1    1    1  1.06345E+14 0.00018 
   53   53    1    1    1    1    1    1    1    1  1.25911E+14 0.00018 
   54   54    1    1    1    1    1    1    1    1  8.75765E+13 0.00014 
   55   55    1    1    1    1    1    1    1    1  1.06821E+14 0.00011 
   56   56    1    1    1    1    1    1    1    1  7.35871E+13 0.00013 
   57   57    1    1    1    1    1    1    1    1  1.00171E+13 0.00039 
   58   58    1    1    1    1    1    1    1    1  1.46079E+14 0.00015 
   59   59    1    1    1    1    1    1    1    1  6.48424E+13 0.00022 
   60   60    1    1    1    1    1    1    1    1  6.89168E+13 0.00026 
   61   61    1    1    1    1    1    1    1    1  5.34564E+13 0.00021 
   62   62    1    1    1    1    1    1    1    1  5.36550E+13 0.00021 
   63   63    1    1    1    1    1    1    1    1  5.58066E+13 0.00021 
   64   64    1    1    1    1    1    1    1    1  4.68733E+13 0.00028 
   65   65    1    1    1    1    1    1    1    1  3.72594E+13 0.00021 
   66   66    1    1    1    1    1    1    1    1  3.69023E+13 0.00027 
   67   67    1    1    1    1    1    1    1    1  2.66612E+13 0.00040 
   68   68    1    1    1    1    1    1    1    1  2.17502E+13 0.00041 
   69   69    1    1    1    1    1    1    1    1  1.95026E+13 0.00050 
   70   70    1    1    1    1    1    1    1    1  2.34141E+13 0.00042 
   71   71    1    1    1    1    1    1    1    1  1.99366E+13 0.00040 
   72   72    1    1    1    1    1    1    1    1  3.63659E+13 0.00043 
   73   73    1    1    1    1    1    1    1    1  2.57373E+13 0.00039 
   74   74    1    1    1    1    1    1    1    1  1.93545E+13 0.00045 
   75   75    1    1    1    1    1    1    1    1  1.55351E+13 0.00063 
   76   76    1    1    1    1    1    1    1    1  1.28448E+13 0.00063 
   77   77    1    1    1    1    1    1    1    1  1.48518E+13 0.00042 
   78   78    1    1    1    1    1    1    1    1  1.17107E+13 0.00041 
   79   79    1    1    1    1    1    1    1    1  9.30875E+12 0.00042 
   80   80    1    1    1    1    1    1    1    1  9.58995E+12 0.00054 
   81   81    1    1    1    1    1    1    1    1  7.10518E+12 0.00082 
   82   82    1    1    1    1    1    1    1    1  5.48399E+12 0.00083 
   83   83    1    1    1    1    1    1    1    1  4.20422E+12 0.00070 
   84   84    1    1    1    1    1    1    1    1  3.93776E+12 0.00098 
   85   85    1    1    1    1    1    1    1    1  2.82948E+12 0.00143 
   86   86    1    1    1    1    1    1    1    1  2.04187E+12 0.00083 
   87   87    1    1    1    1    1    1    1    1  1.91011E+12 0.00173 
   88   88    1    1    1    1    1    1    1    1  1.17995E+12 0.00176 
   89   89    1    1    1    1    1    1    1    1  7.95781E+11 0.00210 
   90   90    1    1    1    1    1    1    1    1  4.60357E+11 0.00221 
   91   91    1    1    1    1    1    1    1    1  5.87222E+11 0.00183 
   92   92    1    1    1    1    1    1    1    1  0.00000E+00 0.00000 
   93   93    1    1    1    1    1    1    1    1  0.00000E+00 0.00000 
   94   94    1    1    1    1    1    1    1    1  0.00000E+00 0.00000 
   95   95    1    1    1    1    1    1    1    1  0.00000E+00 0.00000 
   96   96    1    1    1    1    1    1    1    1  0.00000E+00 0.00000 
   97   97    1    1    1    1    1    1    1    1  0.00000E+00 0.00000 
   98   98    1    1    1    1    1    1    1    1  0.00000E+00 0.00000 
   99   99    1    1    1    1    1    1    1    1  0.00000E+00 0.00000 
  100  100    1    1    1    1    1    1    1    1  0.00000E+00 0.00000 
];


