
DETdpaspec = [
    1    1    1    1    1    1    1    1    1    1  0.00000E+00 0.00000 
    2    2    1    1    1    1    1    1    1    1  0.00000E+00 0.00000 
    3    3    1    1    1    1    1    1    1    1  0.00000E+00 0.00000 
    4    4    1    1    1    1    1    1    1    1  0.00000E+00 0.00000 
    5    5    1    1    1    1    1    1    1    1  0.00000E+00 0.00000 
    6    6    1    1    1    1    1    1    1    1  0.00000E+00 0.00000 
    7    7    1    1    1    1    1    1    1    1  0.00000E+00 0.00000 
    8    8    1    1    1    1    1    1    1    1  0.00000E+00 0.00000 
    9    9    1    1    1    1    1    1    1    1  0.00000E+00 0.00000 
   10   10    1    1    1    1    1    1    1    1  0.00000E+00 0.00000 
   11   11    1    1    1    1    1    1    1    1  0.00000E+00 0.00000 
   12   12    1    1    1    1    1    1    1    1  0.00000E+00 0.00000 
   13   13    1    1    1    1    1    1    1    1  0.00000E+00 0.00000 
   14   14    1    1    1    1    1    1    1    1  0.00000E+00 0.00000 
   15   15    1    1    1    1    1    1    1    1  0.00000E+00 0.00000 
   16   16    1    1    1    1    1    1    1    1  0.00000E+00 0.00000 
   17   17    1    1    1    1    1    1    1    1  0.00000E+00 0.00000 
   18   18    1    1    1    1    1    1    1    1  0.00000E+00 0.00000 
   19   19    1    1    1    1    1    1    1    1  1.50844E+09 0.09324 
   20   20    1    1    1    1    1    1    1    1  2.16151E+08 0.09487 
   21   21    1    1    1    1    1    1    1    1  8.12847E+08 0.06295 
   22   22    1    1    1    1    1    1    1    1  5.96513E+08 0.04202 
   23   23    1    1    1    1    1    1    1    1  1.41821E+09 0.04261 
   24   24    1    1    1    1    1    1    1    1  2.17246E+09 0.04673 
   25   25    1    1    1    1    1    1    1    1  3.39404E+09 0.02690 
   26   26    1    1    1    1    1    1    1    1  4.54871E+09 0.02614 
   27   27    1    1    1    1    1    1    1    1  7.40666E+09 0.02156 
   28   28    1    1    1    1    1    1    1    1  1.41071E+10 0.01564 
   29   29    1    1    1    1    1    1    1    1  3.27522E+10 0.01093 
   30   30    1    1    1    1    1    1    1    1  5.61109E+10 0.00912 
   31   31    1    1    1    1    1    1    1    1  1.59218E+11 0.00510 
   32   32    1    1    1    1    1    1    1    1  4.96942E+11 0.00300 
   33   33    1    1    1    1    1    1    1    1  9.28345E+11 0.00206 
   34   34    1    1    1    1    1    1    1    1  2.20958E+12 0.00153 
   35   35    1    1    1    1    1    1    1    1  3.09399E+12 0.00143 
   36   36    1    1    1    1    1    1    1    1  4.02531E+12 0.00119 
   37   37    1    1    1    1    1    1    1    1  2.72835E+12 0.00098 
   38   38    1    1    1    1    1    1    1    1  8.35771E+11 0.00096 
   39   39    1    1    1    1    1    1    1    1  4.69713E+12 0.00076 
   40   40    1    1    1    1    1    1    1    1  6.34673E+12 0.00067 
   41   41    1    1    1    1    1    1    1    1  1.09215E+13 0.00050 
   42   42    1    1    1    1    1    1    1    1  1.10387E+13 0.00042 
   43   43    1    1    1    1    1    1    1    1  2.35676E+13 0.00049 
   44   44    1    1    1    1    1    1    1    1  2.86070E+13 0.00036 
   45   45    1    1    1    1    1    1    1    1  4.13892E+13 0.00027 
   46   46    1    1    1    1    1    1    1    1  8.24965E+13 0.00022 
   47   47    1    1    1    1    1    1    1    1  3.86347E+13 0.00025 
   48   48    1    1    1    1    1    1    1    1  6.21448E+13 0.00029 
   49   49    1    1    1    1    1    1    1    1  8.67623E+13 0.00022 
   50   50    1    1    1    1    1    1    1    1  8.55393E+13 0.00026 
   51   51    1    1    1    1    1    1    1    1  1.33336E+14 0.00019 
   52   52    1    1    1    1    1    1    1    1  1.05894E+14 0.00015 
   53   53    1    1    1    1    1    1    1    1  1.25759E+14 0.00022 
   54   54    1    1    1    1    1    1    1    1  8.73698E+13 0.00018 
   55   55    1    1    1    1    1    1    1    1  1.06854E+14 0.00016 
   56   56    1    1    1    1    1    1    1    1  7.34887E+13 0.00014 
   57   57    1    1    1    1    1    1    1    1  9.98387E+12 0.00043 
   58   58    1    1    1    1    1    1    1    1  1.45795E+14 0.00018 
   59   59    1    1    1    1    1    1    1    1  6.49607E+13 0.00017 
   60   60    1    1    1    1    1    1    1    1  6.89248E+13 0.00016 
   61   61    1    1    1    1    1    1    1    1  5.36016E+13 0.00024 
   62   62    1    1    1    1    1    1    1    1  5.37536E+13 0.00026 
   63   63    1    1    1    1    1    1    1    1  5.59259E+13 0.00029 
   64   64    1    1    1    1    1    1    1    1  4.69835E+13 0.00018 
   65   65    1    1    1    1    1    1    1    1  3.72869E+13 0.00038 
   66   66    1    1    1    1    1    1    1    1  3.69398E+13 0.00035 
   67   67    1    1    1    1    1    1    1    1  2.66644E+13 0.00028 
   68   68    1    1    1    1    1    1    1    1  2.17160E+13 0.00047 
   69   69    1    1    1    1    1    1    1    1  1.94791E+13 0.00032 
   70   70    1    1    1    1    1    1    1    1  2.33781E+13 0.00039 
   71   71    1    1    1    1    1    1    1    1  1.98759E+13 0.00041 
   72   72    1    1    1    1    1    1    1    1  3.60962E+13 0.00032 
   73   73    1    1    1    1    1    1    1    1  2.55127E+13 0.00029 
   74   74    1    1    1    1    1    1    1    1  1.92147E+13 0.00036 
   75   75    1    1    1    1    1    1    1    1  1.54217E+13 0.00040 
   76   76    1    1    1    1    1    1    1    1  1.27974E+13 0.00042 
   77   77    1    1    1    1    1    1    1    1  1.48206E+13 0.00046 
   78   78    1    1    1    1    1    1    1    1  1.17319E+13 0.00048 
   79   79    1    1    1    1    1    1    1    1  9.33289E+12 0.00067 
   80   80    1    1    1    1    1    1    1    1  9.63690E+12 0.00055 
   81   81    1    1    1    1    1    1    1    1  7.14458E+12 0.00084 
   82   82    1    1    1    1    1    1    1    1  5.50651E+12 0.00085 
   83   83    1    1    1    1    1    1    1    1  4.22439E+12 0.00067 
   84   84    1    1    1    1    1    1    1    1  3.95453E+12 0.00114 
   85   85    1    1    1    1    1    1    1    1  2.85188E+12 0.00090 
   86   86    1    1    1    1    1    1    1    1  2.06020E+12 0.00150 
   87   87    1    1    1    1    1    1    1    1  1.92872E+12 0.00145 
   88   88    1    1    1    1    1    1    1    1  1.18972E+12 0.00155 
   89   89    1    1    1    1    1    1    1    1  8.02636E+11 0.00178 
   90   90    1    1    1    1    1    1    1    1  4.62474E+11 0.00324 
   91   91    1    1    1    1    1    1    1    1  5.92064E+11 0.00248 
   92   92    1    1    1    1    1    1    1    1  0.00000E+00 0.00000 
   93   93    1    1    1    1    1    1    1    1  0.00000E+00 0.00000 
   94   94    1    1    1    1    1    1    1    1  0.00000E+00 0.00000 
   95   95    1    1    1    1    1    1    1    1  0.00000E+00 0.00000 
   96   96    1    1    1    1    1    1    1    1  0.00000E+00 0.00000 
   97   97    1    1    1    1    1    1    1    1  0.00000E+00 0.00000 
   98   98    1    1    1    1    1    1    1    1  0.00000E+00 0.00000 
   99   99    1    1    1    1    1    1    1    1  0.00000E+00 0.00000 
  100  100    1    1    1    1    1    1    1    1  0.00000E+00 0.00000 
];


