
DETdpaspec = [
    1    1    1    1    1    1    1    1    1    1  0.00000E+00 0.00000 
    2    2    1    1    1    1    1    1    1    1  0.00000E+00 0.00000 
    3    3    1    1    1    1    1    1    1    1  0.00000E+00 0.00000 
    4    4    1    1    1    1    1    1    1    1  0.00000E+00 0.00000 
    5    5    1    1    1    1    1    1    1    1  0.00000E+00 0.00000 
    6    6    1    1    1    1    1    1    1    1  0.00000E+00 0.00000 
    7    7    1    1    1    1    1    1    1    1  0.00000E+00 0.00000 
    8    8    1    1    1    1    1    1    1    1  0.00000E+00 0.00000 
    9    9    1    1    1    1    1    1    1    1  0.00000E+00 0.00000 
   10   10    1    1    1    1    1    1    1    1  0.00000E+00 0.00000 
   11   11    1    1    1    1    1    1    1    1  0.00000E+00 0.00000 
   12   12    1    1    1    1    1    1    1    1  0.00000E+00 0.00000 
   13   13    1    1    1    1    1    1    1    1  0.00000E+00 0.00000 
   14   14    1    1    1    1    1    1    1    1  0.00000E+00 0.00000 
   15   15    1    1    1    1    1    1    1    1  0.00000E+00 0.00000 
   16   16    1    1    1    1    1    1    1    1  0.00000E+00 0.00000 
   17   17    1    1    1    1    1    1    1    1  0.00000E+00 0.00000 
   18   18    1    1    1    1    1    1    1    1  0.00000E+00 0.00000 
   19   19    1    1    1    1    1    1    1    1  1.34487E+09 0.09019 
   20   20    1    1    1    1    1    1    1    1  1.63471E+08 0.11297 
   21   21    1    1    1    1    1    1    1    1  4.87143E+08 0.06969 
   22   22    1    1    1    1    1    1    1    1  4.34832E+08 0.06656 
   23   23    1    1    1    1    1    1    1    1  9.38426E+08 0.04975 
   24   24    1    1    1    1    1    1    1    1  1.72145E+09 0.05200 
   25   25    1    1    1    1    1    1    1    1  3.36818E+09 0.04007 
   26   26    1    1    1    1    1    1    1    1  4.77382E+09 0.03191 
   27   27    1    1    1    1    1    1    1    1  9.19839E+09 0.02165 
   28   28    1    1    1    1    1    1    1    1  2.05918E+10 0.01351 
   29   29    1    1    1    1    1    1    1    1  5.36450E+10 0.00775 
   30   30    1    1    1    1    1    1    1    1  9.90379E+10 0.00553 
   31   31    1    1    1    1    1    1    1    1  2.51941E+11 0.00402 
   32   32    1    1    1    1    1    1    1    1  7.20522E+11 0.00230 
   33   33    1    1    1    1    1    1    1    1  1.25535E+12 0.00234 
   34   34    1    1    1    1    1    1    1    1  2.89660E+12 0.00134 
   35   35    1    1    1    1    1    1    1    1  3.98154E+12 0.00117 
   36   36    1    1    1    1    1    1    1    1  4.70762E+12 0.00088 
   37   37    1    1    1    1    1    1    1    1  3.04502E+12 0.00068 
   38   38    1    1    1    1    1    1    1    1  9.11945E+11 0.00092 
   39   39    1    1    1    1    1    1    1    1  5.19409E+12 0.00082 
   40   40    1    1    1    1    1    1    1    1  6.97640E+12 0.00070 
   41   41    1    1    1    1    1    1    1    1  1.20009E+13 0.00057 
   42   42    1    1    1    1    1    1    1    1  1.18435E+13 0.00054 
   43   43    1    1    1    1    1    1    1    1  2.54676E+13 0.00054 
   44   44    1    1    1    1    1    1    1    1  3.06985E+13 0.00043 
   45   45    1    1    1    1    1    1    1    1  4.40700E+13 0.00036 
   46   46    1    1    1    1    1    1    1    1  8.75037E+13 0.00025 
   47   47    1    1    1    1    1    1    1    1  4.01125E+13 0.00017 
   48   48    1    1    1    1    1    1    1    1  6.39053E+13 0.00014 
   49   49    1    1    1    1    1    1    1    1  8.84986E+13 0.00022 
   50   50    1    1    1    1    1    1    1    1  8.64056E+13 0.00020 
   51   51    1    1    1    1    1    1    1    1  1.34641E+14 0.00015 
   52   52    1    1    1    1    1    1    1    1  1.04975E+14 0.00019 
   53   53    1    1    1    1    1    1    1    1  1.25451E+14 0.00018 
   54   54    1    1    1    1    1    1    1    1  8.62814E+13 0.00018 
   55   55    1    1    1    1    1    1    1    1  1.06291E+14 0.00013 
   56   56    1    1    1    1    1    1    1    1  7.26182E+13 0.00017 
   57   57    1    1    1    1    1    1    1    1  9.80663E+12 0.00028 
   58   58    1    1    1    1    1    1    1    1  1.43265E+14 0.00018 
   59   59    1    1    1    1    1    1    1    1  6.45047E+13 0.00018 
   60   60    1    1    1    1    1    1    1    1  6.78550E+13 0.00025 
   61   61    1    1    1    1    1    1    1    1  5.30976E+13 0.00023 
   62   62    1    1    1    1    1    1    1    1  5.30190E+13 0.00017 
   63   63    1    1    1    1    1    1    1    1  5.51423E+13 0.00024 
   64   64    1    1    1    1    1    1    1    1  4.62488E+13 0.00037 
   65   65    1    1    1    1    1    1    1    1  3.65450E+13 0.00027 
   66   66    1    1    1    1    1    1    1    1  3.60636E+13 0.00027 
   67   67    1    1    1    1    1    1    1    1  2.59453E+13 0.00031 
   68   68    1    1    1    1    1    1    1    1  2.10070E+13 0.00039 
   69   69    1    1    1    1    1    1    1    1  1.87717E+13 0.00046 
   70   70    1    1    1    1    1    1    1    1  2.24871E+13 0.00041 
   71   71    1    1    1    1    1    1    1    1  1.90345E+13 0.00042 
   72   72    1    1    1    1    1    1    1    1  3.40652E+13 0.00045 
   73   73    1    1    1    1    1    1    1    1  2.38904E+13 0.00046 
   74   74    1    1    1    1    1    1    1    1  1.79707E+13 0.00035 
   75   75    1    1    1    1    1    1    1    1  1.45230E+13 0.00045 
   76   76    1    1    1    1    1    1    1    1  1.21287E+13 0.00060 
   77   77    1    1    1    1    1    1    1    1  1.41289E+13 0.00050 
   78   78    1    1    1    1    1    1    1    1  1.12549E+13 0.00048 
   79   79    1    1    1    1    1    1    1    1  9.02421E+12 0.00072 
   80   80    1    1    1    1    1    1    1    1  9.35796E+12 0.00055 
   81   81    1    1    1    1    1    1    1    1  6.95933E+12 0.00075 
   82   82    1    1    1    1    1    1    1    1  5.36647E+12 0.00064 
   83   83    1    1    1    1    1    1    1    1  4.12989E+12 0.00113 
   84   84    1    1    1    1    1    1    1    1  3.86660E+12 0.00099 
   85   85    1    1    1    1    1    1    1    1  2.78245E+12 0.00092 
   86   86    1    1    1    1    1    1    1    1  2.01069E+12 0.00149 
   87   87    1    1    1    1    1    1    1    1  1.88542E+12 0.00143 
   88   88    1    1    1    1    1    1    1    1  1.16098E+12 0.00189 
   89   89    1    1    1    1    1    1    1    1  7.79804E+11 0.00173 
   90   90    1    1    1    1    1    1    1    1  4.50368E+11 0.00177 
   91   91    1    1    1    1    1    1    1    1  5.69556E+11 0.00278 
   92   92    1    1    1    1    1    1    1    1  0.00000E+00 0.00000 
   93   93    1    1    1    1    1    1    1    1  0.00000E+00 0.00000 
   94   94    1    1    1    1    1    1    1    1  0.00000E+00 0.00000 
   95   95    1    1    1    1    1    1    1    1  0.00000E+00 0.00000 
   96   96    1    1    1    1    1    1    1    1  0.00000E+00 0.00000 
   97   97    1    1    1    1    1    1    1    1  0.00000E+00 0.00000 
   98   98    1    1    1    1    1    1    1    1  0.00000E+00 0.00000 
   99   99    1    1    1    1    1    1    1    1  0.00000E+00 0.00000 
  100  100    1    1    1    1    1    1    1    1  0.00000E+00 0.00000 
];


