
DETdpaspec = [
    1    1    1    1    1    1    1    1    1    1  0.00000E+00 0.00000 
    2    2    1    1    1    1    1    1    1    1  0.00000E+00 0.00000 
    3    3    1    1    1    1    1    1    1    1  0.00000E+00 0.00000 
    4    4    1    1    1    1    1    1    1    1  0.00000E+00 0.00000 
    5    5    1    1    1    1    1    1    1    1  0.00000E+00 0.00000 
    6    6    1    1    1    1    1    1    1    1  0.00000E+00 0.00000 
    7    7    1    1    1    1    1    1    1    1  6.28198E+07 0.54819 
    8    8    1    1    1    1    1    1    1    1  2.32177E+07 1.00000 
    9    9    1    1    1    1    1    1    1    1  0.00000E+00 0.00000 
   10   10    1    1    1    1    1    1    1    1  0.00000E+00 0.00000 
   11   11    1    1    1    1    1    1    1    1  4.23741E+08 0.60415 
   12   12    1    1    1    1    1    1    1    1  1.67187E+08 0.40481 
   13   13    1    1    1    1    1    1    1    1  1.56475E+09 0.36046 
   14   14    1    1    1    1    1    1    1    1  3.00260E+09 0.40109 
   15   15    1    1    1    1    1    1    1    1  5.69223E+09 0.31608 
   16   16    1    1    1    1    1    1    1    1  2.63055E+09 0.31759 
   17   17    1    1    1    1    1    1    1    1  4.24373E+09 0.21549 
   18   18    1    1    1    1    1    1    1    1  1.09418E+10 0.16928 
   19   19    1    1    1    1    1    1    1    1  1.56306E+10 0.17412 
   20   20    1    1    1    1    1    1    1    1  5.31448E+10 0.08213 
   21   21    1    1    1    1    1    1    1    1  4.77138E+10 0.10902 
   22   22    1    1    1    1    1    1    1    1  1.01559E+11 0.07402 
   23   23    1    1    1    1    1    1    1    1  1.53518E+11 0.05531 
   24   24    1    1    1    1    1    1    1    1  2.84732E+11 0.04258 
   25   25    1    1    1    1    1    1    1    1  3.48314E+11 0.04834 
   26   26    1    1    1    1    1    1    1    1  6.58878E+11 0.03223 
   27   27    1    1    1    1    1    1    1    1  1.33497E+12 0.02174 
   28   28    1    1    1    1    1    1    1    1  2.92868E+12 0.01240 
   29   29    1    1    1    1    1    1    1    1  4.46778E+12 0.01162 
   30   30    1    1    1    1    1    1    1    1  1.23146E+13 0.00896 
   31   31    1    1    1    1    1    1    1    1  3.34271E+13 0.00563 
   32   32    1    1    1    1    1    1    1    1  5.57225E+13 0.00412 
   33   33    1    1    1    1    1    1    1    1  1.18657E+14 0.00265 
   34   34    1    1    1    1    1    1    1    1  1.49676E+14 0.00228 
   35   35    1    1    1    1    1    1    1    1  2.10553E+14 0.00207 
   36   36    1    1    1    1    1    1    1    1  1.55304E+14 0.00224 
   37   37    1    1    1    1    1    1    1    1  4.85117E+13 0.00235 
   38   38    1    1    1    1    1    1    1    1  2.51651E+14 0.00198 
   39   39    1    1    1    1    1    1    1    1  3.22896E+14 0.00133 
   40   40    1    1    1    1    1    1    1    1  5.43219E+14 0.00148 
   41   41    1    1    1    1    1    1    1    1  5.39099E+14 0.00163 
   42   42    1    1    1    1    1    1    1    1  1.05033E+15 0.00165 
   43   43    1    1    1    1    1    1    1    1  1.20129E+15 0.00113 
   44   44    1    1    1    1    1    1    1    1  1.62691E+15 0.00141 
   45   45    1    1    1    1    1    1    1    1  3.04835E+15 0.00110 
   46   46    1    1    1    1    1    1    1    1  1.51961E+15 0.00104 
   47   47    1    1    1    1    1    1    1    1  2.31666E+15 0.00113 
   48   48    1    1    1    1    1    1    1    1  3.22723E+15 0.00102 
   49   49    1    1    1    1    1    1    1    1  3.05123E+15 0.00136 
   50   50    1    1    1    1    1    1    1    1  4.70167E+15 0.00125 
   51   51    1    1    1    1    1    1    1    1  3.74162E+15 0.00106 
   52   52    1    1    1    1    1    1    1    1  4.31094E+15 0.00125 
   53   53    1    1    1    1    1    1    1    1  3.04312E+15 0.00128 
   54   54    1    1    1    1    1    1    1    1  3.68541E+15 0.00141 
   55   55    1    1    1    1    1    1    1    1  2.57707E+15 0.00138 
   56   56    1    1    1    1    1    1    1    1  3.53728E+14 0.00141 
   57   57    1    1    1    1    1    1    1    1  5.06794E+15 0.00119 
   58   58    1    1    1    1    1    1    1    1  2.21807E+15 0.00124 
   59   59    1    1    1    1    1    1    1    1  2.39424E+15 0.00125 
   60   60    1    1    1    1    1    1    1    1  1.86413E+15 0.00137 
   61   61    1    1    1    1    1    1    1    1  1.86597E+15 0.00132 
   62   62    1    1    1    1    1    1    1    1  1.90332E+15 0.00120 
   63   63    1    1    1    1    1    1    1    1  1.59184E+15 0.00141 
   64   64    1    1    1    1    1    1    1    1  1.25897E+15 0.00171 
   65   65    1    1    1    1    1    1    1    1  1.24488E+15 0.00124 
   66   66    1    1    1    1    1    1    1    1  9.42252E+14 0.00128 
   67   67    1    1    1    1    1    1    1    1  7.73039E+14 0.00168 
   68   68    1    1    1    1    1    1    1    1  6.90006E+14 0.00151 
   69   69    1    1    1    1    1    1    1    1  8.33403E+14 0.00163 
   70   70    1    1    1    1    1    1    1    1  7.12002E+14 0.00199 
   71   71    1    1    1    1    1    1    1    1  1.32266E+15 0.00149 
   72   72    1    1    1    1    1    1    1    1  9.51002E+14 0.00117 
   73   73    1    1    1    1    1    1    1    1  7.22391E+14 0.00198 
   74   74    1    1    1    1    1    1    1    1  5.78155E+14 0.00173 
   75   75    1    1    1    1    1    1    1    1  4.74006E+14 0.00125 
   76   76    1    1    1    1    1    1    1    1  5.42638E+14 0.00149 
   77   77    1    1    1    1    1    1    1    1  4.21206E+14 0.00168 
   78   78    1    1    1    1    1    1    1    1  3.29840E+14 0.00263 
   79   79    1    1    1    1    1    1    1    1  3.38303E+14 0.00226 
   80   80    1    1    1    1    1    1    1    1  2.50901E+14 0.00225 
   81   81    1    1    1    1    1    1    1    1  1.93019E+14 0.00213 
   82   82    1    1    1    1    1    1    1    1  1.48534E+14 0.00245 
   83   83    1    1    1    1    1    1    1    1  1.38879E+14 0.00279 
   84   84    1    1    1    1    1    1    1    1  9.97077E+13 0.00272 
   85   85    1    1    1    1    1    1    1    1  7.21633E+13 0.00358 
   86   86    1    1    1    1    1    1    1    1  6.73404E+13 0.00425 
   87   87    1    1    1    1    1    1    1    1  4.17494E+13 0.00349 
   88   88    1    1    1    1    1    1    1    1  2.82116E+13 0.00602 
   89   89    1    1    1    1    1    1    1    1  1.61518E+13 0.00900 
   90   90    1    1    1    1    1    1    1    1  1.07826E+13 0.00858 
   91   91    1    1    1    1    1    1    1    1  5.57030E+12 0.01344 
   92   92    1    1    1    1    1    1    1    1  2.61053E+12 0.02323 
   93   93    1    1    1    1    1    1    1    1  1.22013E+12 0.02618 
   94   94    1    1    1    1    1    1    1    1  6.32326E+11 0.04744 
   95   95    1    1    1    1    1    1    1    1  3.05564E+11 0.04962 
   96   96    1    1    1    1    1    1    1    1  1.37483E+11 0.06769 
   97   97    1    1    1    1    1    1    1    1  7.38095E+10 0.09924 
   98   98    1    1    1    1    1    1    1    1  2.97186E+10 0.22817 
   99   99    1    1    1    1    1    1    1    1  1.51584E+10 0.20848 
  100  100    1    1    1    1    1    1    1    1  1.59935E+10 0.26603 
];


