
DETdpaspec = [
    1    1    1    1    1    1    1    1    1    1  0.00000E+00 0.00000 
    2    2    1    1    1    1    1    1    1    1  0.00000E+00 0.00000 
    3    3    1    1    1    1    1    1    1    1  0.00000E+00 0.00000 
    4    4    1    1    1    1    1    1    1    1  0.00000E+00 0.00000 
    5    5    1    1    1    1    1    1    1    1  0.00000E+00 0.00000 
    6    6    1    1    1    1    1    1    1    1  0.00000E+00 0.00000 
    7    7    1    1    1    1    1    1    1    1  2.11976E+07 1.00000 
    8    8    1    1    1    1    1    1    1    1  0.00000E+00 0.00000 
    9    9    1    1    1    1    1    1    1    1  2.49043E+07 0.68910 
   10   10    1    1    1    1    1    1    1    1  1.25714E+08 0.76590 
   11   11    1    1    1    1    1    1    1    1  1.96846E+08 0.55465 
   12   12    1    1    1    1    1    1    1    1  6.70370E+07 0.65941 
   13   13    1    1    1    1    1    1    1    1  1.86097E+09 0.47663 
   14   14    1    1    1    1    1    1    1    1  6.29467E+09 0.33474 
   15   15    1    1    1    1    1    1    1    1  7.69369E+09 0.33702 
   16   16    1    1    1    1    1    1    1    1  2.71894E+09 0.25494 
   17   17    1    1    1    1    1    1    1    1  6.26564E+09 0.22070 
   18   18    1    1    1    1    1    1    1    1  1.23907E+10 0.25773 
   19   19    1    1    1    1    1    1    1    1  1.58747E+10 0.14275 
   20   20    1    1    1    1    1    1    1    1  6.78130E+10 0.07609 
   21   21    1    1    1    1    1    1    1    1  5.17787E+10 0.08606 
   22   22    1    1    1    1    1    1    1    1  1.14976E+11 0.06839 
   23   23    1    1    1    1    1    1    1    1  1.78653E+11 0.06395 
   24   24    1    1    1    1    1    1    1    1  2.76153E+11 0.05979 
   25   25    1    1    1    1    1    1    1    1  3.85008E+11 0.03013 
   26   26    1    1    1    1    1    1    1    1  7.39904E+11 0.02374 
   27   27    1    1    1    1    1    1    1    1  1.54602E+12 0.02392 
   28   28    1    1    1    1    1    1    1    1  3.54500E+12 0.01151 
   29   29    1    1    1    1    1    1    1    1  5.73074E+12 0.01149 
   30   30    1    1    1    1    1    1    1    1  1.49781E+13 0.00880 
   31   31    1    1    1    1    1    1    1    1  3.99042E+13 0.00524 
   32   32    1    1    1    1    1    1    1    1  6.60618E+13 0.00378 
   33   33    1    1    1    1    1    1    1    1  1.41661E+14 0.00279 
   34   34    1    1    1    1    1    1    1    1  1.81436E+14 0.00218 
   35   35    1    1    1    1    1    1    1    1  2.48653E+14 0.00129 
   36   36    1    1    1    1    1    1    1    1  1.82627E+14 0.00135 
   37   37    1    1    1    1    1    1    1    1  5.65925E+13 0.00204 
   38   38    1    1    1    1    1    1    1    1  2.95803E+14 0.00142 
   39   39    1    1    1    1    1    1    1    1  3.81231E+14 0.00158 
   40   40    1    1    1    1    1    1    1    1  6.47203E+14 0.00133 
   41   41    1    1    1    1    1    1    1    1  6.35356E+14 0.00128 
   42   42    1    1    1    1    1    1    1    1  1.24492E+15 0.00124 
   43   43    1    1    1    1    1    1    1    1  1.42996E+15 0.00087 
   44   44    1    1    1    1    1    1    1    1  1.94536E+15 0.00087 
   45   45    1    1    1    1    1    1    1    1  3.67408E+15 0.00091 
   46   46    1    1    1    1    1    1    1    1  1.83220E+15 0.00079 
   47   47    1    1    1    1    1    1    1    1  2.78740E+15 0.00072 
   48   48    1    1    1    1    1    1    1    1  3.89911E+15 0.00086 
   49   49    1    1    1    1    1    1    1    1  3.67980E+15 0.00113 
   50   50    1    1    1    1    1    1    1    1  5.71709E+15 0.00096 
   51   51    1    1    1    1    1    1    1    1  4.53012E+15 0.00085 
   52   52    1    1    1    1    1    1    1    1  5.27051E+15 0.00108 
   53   53    1    1    1    1    1    1    1    1  3.71797E+15 0.00097 
   54   54    1    1    1    1    1    1    1    1  4.53588E+15 0.00096 
   55   55    1    1    1    1    1    1    1    1  3.17282E+15 0.00088 
   56   56    1    1    1    1    1    1    1    1  4.34239E+14 0.00094 
   57   57    1    1    1    1    1    1    1    1  6.23897E+15 0.00090 
   58   58    1    1    1    1    1    1    1    1  2.75816E+15 0.00096 
   59   59    1    1    1    1    1    1    1    1  2.97238E+15 0.00110 
   60   60    1    1    1    1    1    1    1    1  2.33118E+15 0.00115 
   61   61    1    1    1    1    1    1    1    1  2.33404E+15 0.00102 
   62   62    1    1    1    1    1    1    1    1  2.38895E+15 0.00106 
   63   63    1    1    1    1    1    1    1    1  2.00027E+15 0.00093 
   64   64    1    1    1    1    1    1    1    1  1.58329E+15 0.00093 
   65   65    1    1    1    1    1    1    1    1  1.56785E+15 0.00116 
   66   66    1    1    1    1    1    1    1    1  1.18801E+15 0.00110 
   67   67    1    1    1    1    1    1    1    1  9.72933E+14 0.00107 
   68   68    1    1    1    1    1    1    1    1  8.66769E+14 0.00103 
   69   69    1    1    1    1    1    1    1    1  1.04918E+15 0.00115 
   70   70    1    1    1    1    1    1    1    1  8.96215E+14 0.00184 
   71   71    1    1    1    1    1    1    1    1  1.65702E+15 0.00140 
   72   72    1    1    1    1    1    1    1    1  1.19110E+15 0.00135 
   73   73    1    1    1    1    1    1    1    1  9.07044E+14 0.00093 
   74   74    1    1    1    1    1    1    1    1  7.29761E+14 0.00156 
   75   75    1    1    1    1    1    1    1    1  6.00339E+14 0.00174 
   76   76    1    1    1    1    1    1    1    1  6.91289E+14 0.00123 
   77   77    1    1    1    1    1    1    1    1  5.41519E+14 0.00141 
   78   78    1    1    1    1    1    1    1    1  4.24103E+14 0.00153 
   79   79    1    1    1    1    1    1    1    1  4.36873E+14 0.00153 
   80   80    1    1    1    1    1    1    1    1  3.24184E+14 0.00159 
   81   81    1    1    1    1    1    1    1    1  2.50275E+14 0.00245 
   82   82    1    1    1    1    1    1    1    1  1.92529E+14 0.00247 
   83   83    1    1    1    1    1    1    1    1  1.79119E+14 0.00245 
   84   84    1    1    1    1    1    1    1    1  1.29280E+14 0.00257 
   85   85    1    1    1    1    1    1    1    1  9.34484E+13 0.00334 
   86   86    1    1    1    1    1    1    1    1  8.72359E+13 0.00387 
   87   87    1    1    1    1    1    1    1    1  5.39509E+13 0.00364 
   88   88    1    1    1    1    1    1    1    1  3.64843E+13 0.00478 
   89   89    1    1    1    1    1    1    1    1  2.12474E+13 0.00555 
   90   90    1    1    1    1    1    1    1    1  1.39038E+13 0.00765 
   91   91    1    1    1    1    1    1    1    1  7.09973E+12 0.01010 
   92   92    1    1    1    1    1    1    1    1  3.40591E+12 0.01126 
   93   93    1    1    1    1    1    1    1    1  1.63242E+12 0.02034 
   94   94    1    1    1    1    1    1    1    1  8.01905E+11 0.02521 
   95   95    1    1    1    1    1    1    1    1  3.89019E+11 0.03560 
   96   96    1    1    1    1    1    1    1    1  1.80674E+11 0.05500 
   97   97    1    1    1    1    1    1    1    1  7.74011E+10 0.11612 
   98   98    1    1    1    1    1    1    1    1  4.04831E+10 0.15698 
   99   99    1    1    1    1    1    1    1    1  1.93248E+10 0.17963 
  100  100    1    1    1    1    1    1    1    1  1.42103E+10 0.25573 
];


