
DETdpaspec = [
    1    1    1    1    1    1    1    1    1    1  0.00000E+00 0.00000 
    2    2    1    1    1    1    1    1    1    1  0.00000E+00 0.00000 
    3    3    1    1    1    1    1    1    1    1  0.00000E+00 0.00000 
    4    4    1    1    1    1    1    1    1    1  0.00000E+00 0.00000 
    5    5    1    1    1    1    1    1    1    1  0.00000E+00 0.00000 
    6    6    1    1    1    1    1    1    1    1  1.02920E+07 1.00000 
    7    7    1    1    1    1    1    1    1    1  0.00000E+00 0.00000 
    8    8    1    1    1    1    1    1    1    1  0.00000E+00 0.00000 
    9    9    1    1    1    1    1    1    1    1  0.00000E+00 0.00000 
   10   10    1    1    1    1    1    1    1    1  2.23308E+08 0.60902 
   11   11    1    1    1    1    1    1    1    1  4.74384E+07 1.00000 
   12   12    1    1    1    1    1    1    1    1  4.18512E+07 0.86239 
   13   13    1    1    1    1    1    1    1    1  8.20580E+08 0.41222 
   14   14    1    1    1    1    1    1    1    1  4.68690E+09 0.26940 
   15   15    1    1    1    1    1    1    1    1  8.56093E+09 0.28154 
   16   16    1    1    1    1    1    1    1    1  2.37832E+09 0.23389 
   17   17    1    1    1    1    1    1    1    1  6.09855E+09 0.19080 
   18   18    1    1    1    1    1    1    1    1  1.20519E+10 0.19466 
   19   19    1    1    1    1    1    1    1    1  1.60323E+10 0.17596 
   20   20    1    1    1    1    1    1    1    1  5.22327E+10 0.11385 
   21   21    1    1    1    1    1    1    1    1  3.42167E+10 0.09546 
   22   22    1    1    1    1    1    1    1    1  1.04770E+11 0.07361 
   23   23    1    1    1    1    1    1    1    1  1.50762E+11 0.05553 
   24   24    1    1    1    1    1    1    1    1  2.35869E+11 0.04920 
   25   25    1    1    1    1    1    1    1    1  3.02644E+11 0.02929 
   26   26    1    1    1    1    1    1    1    1  5.52729E+11 0.03703 
   27   27    1    1    1    1    1    1    1    1  1.12702E+12 0.02184 
   28   28    1    1    1    1    1    1    1    1  2.39131E+12 0.01743 
   29   29    1    1    1    1    1    1    1    1  3.48337E+12 0.01064 
   30   30    1    1    1    1    1    1    1    1  9.98069E+12 0.00985 
   31   31    1    1    1    1    1    1    1    1  2.73883E+13 0.00672 
   32   32    1    1    1    1    1    1    1    1  4.57670E+13 0.00556 
   33   33    1    1    1    1    1    1    1    1  9.57619E+13 0.00409 
   34   34    1    1    1    1    1    1    1    1  1.18866E+14 0.00289 
   35   35    1    1    1    1    1    1    1    1  1.69621E+14 0.00222 
   36   36    1    1    1    1    1    1    1    1  1.25921E+14 0.00200 
   37   37    1    1    1    1    1    1    1    1  3.96581E+13 0.00160 
   38   38    1    1    1    1    1    1    1    1  2.03074E+14 0.00210 
   39   39    1    1    1    1    1    1    1    1  2.60708E+14 0.00201 
   40   40    1    1    1    1    1    1    1    1  4.35936E+14 0.00190 
   41   41    1    1    1    1    1    1    1    1  4.33971E+14 0.00174 
   42   42    1    1    1    1    1    1    1    1  8.37258E+14 0.00168 
   43   43    1    1    1    1    1    1    1    1  9.54650E+14 0.00187 
   44   44    1    1    1    1    1    1    1    1  1.28741E+15 0.00135 
   45   45    1    1    1    1    1    1    1    1  2.39131E+15 0.00108 
   46   46    1    1    1    1    1    1    1    1  1.18826E+15 0.00115 
   47   47    1    1    1    1    1    1    1    1  1.81234E+15 0.00131 
   48   48    1    1    1    1    1    1    1    1  2.51779E+15 0.00140 
   49   49    1    1    1    1    1    1    1    1  2.37832E+15 0.00125 
   50   50    1    1    1    1    1    1    1    1  3.63552E+15 0.00141 
   51   51    1    1    1    1    1    1    1    1  2.89521E+15 0.00123 
   52   52    1    1    1    1    1    1    1    1  3.31216E+15 0.00139 
   53   53    1    1    1    1    1    1    1    1  2.33551E+15 0.00131 
   54   54    1    1    1    1    1    1    1    1  2.80715E+15 0.00144 
   55   55    1    1    1    1    1    1    1    1  1.96496E+15 0.00127 
   56   56    1    1    1    1    1    1    1    1  2.70197E+14 0.00161 
   57   57    1    1    1    1    1    1    1    1  3.85274E+15 0.00140 
   58   58    1    1    1    1    1    1    1    1  1.67066E+15 0.00157 
   59   59    1    1    1    1    1    1    1    1  1.80480E+15 0.00159 
   60   60    1    1    1    1    1    1    1    1  1.39614E+15 0.00152 
   61   61    1    1    1    1    1    1    1    1  1.39935E+15 0.00147 
   62   62    1    1    1    1    1    1    1    1  1.42463E+15 0.00155 
   63   63    1    1    1    1    1    1    1    1  1.18840E+15 0.00149 
   64   64    1    1    1    1    1    1    1    1  9.37091E+14 0.00180 
   65   65    1    1    1    1    1    1    1    1  9.24818E+14 0.00138 
   66   66    1    1    1    1    1    1    1    1  6.99143E+14 0.00175 
   67   67    1    1    1    1    1    1    1    1  5.75095E+14 0.00192 
   68   68    1    1    1    1    1    1    1    1  5.13661E+14 0.00168 
   69   69    1    1    1    1    1    1    1    1  6.20750E+14 0.00207 
   70   70    1    1    1    1    1    1    1    1  5.28933E+14 0.00179 
   71   71    1    1    1    1    1    1    1    1  9.88534E+14 0.00196 
   72   72    1    1    1    1    1    1    1    1  7.10715E+14 0.00211 
   73   73    1    1    1    1    1    1    1    1  5.37502E+14 0.00209 
   74   74    1    1    1    1    1    1    1    1  4.28492E+14 0.00251 
   75   75    1    1    1    1    1    1    1    1  3.50278E+14 0.00209 
   76   76    1    1    1    1    1    1    1    1  3.97972E+14 0.00199 
   77   77    1    1    1    1    1    1    1    1  3.09403E+14 0.00257 
   78   78    1    1    1    1    1    1    1    1  2.40407E+14 0.00263 
   79   79    1    1    1    1    1    1    1    1  2.46282E+14 0.00307 
   80   80    1    1    1    1    1    1    1    1  1.82348E+14 0.00247 
   81   81    1    1    1    1    1    1    1    1  1.40333E+14 0.00201 
   82   82    1    1    1    1    1    1    1    1  1.07582E+14 0.00286 
   83   83    1    1    1    1    1    1    1    1  9.98663E+13 0.00337 
   84   84    1    1    1    1    1    1    1    1  7.24782E+13 0.00322 
   85   85    1    1    1    1    1    1    1    1  5.18256E+13 0.00431 
   86   86    1    1    1    1    1    1    1    1  4.88027E+13 0.00495 
   87   87    1    1    1    1    1    1    1    1  3.02002E+13 0.00602 
   88   88    1    1    1    1    1    1    1    1  2.04155E+13 0.00555 
   89   89    1    1    1    1    1    1    1    1  1.17637E+13 0.00836 
   90   90    1    1    1    1    1    1    1    1  7.78693E+12 0.01052 
   91   91    1    1    1    1    1    1    1    1  3.96202E+12 0.01473 
   92   92    1    1    1    1    1    1    1    1  1.93300E+12 0.02560 
   93   93    1    1    1    1    1    1    1    1  9.17350E+11 0.03406 
   94   94    1    1    1    1    1    1    1    1  4.64611E+11 0.04520 
   95   95    1    1    1    1    1    1    1    1  2.16088E+11 0.05888 
   96   96    1    1    1    1    1    1    1    1  1.14290E+11 0.06993 
   97   97    1    1    1    1    1    1    1    1  4.96734E+10 0.14707 
   98   98    1    1    1    1    1    1    1    1  2.51432E+10 0.16803 
   99   99    1    1    1    1    1    1    1    1  1.17856E+10 0.18986 
  100  100    1    1    1    1    1    1    1    1  1.04094E+10 0.24971 
];


