
DETdpaspec = [
    1    1    1    1    1    1    1    1    1    1  0.00000E+00 0.00000 
    2    2    1    1    1    1    1    1    1    1  0.00000E+00 0.00000 
    3    3    1    1    1    1    1    1    1    1  0.00000E+00 0.00000 
    4    4    1    1    1    1    1    1    1    1  1.07137E+07 1.00000 
    5    5    1    1    1    1    1    1    1    1  1.02546E+07 1.00000 
    6    6    1    1    1    1    1    1    1    1  0.00000E+00 0.00000 
    7    7    1    1    1    1    1    1    1    1  0.00000E+00 0.00000 
    8    8    1    1    1    1    1    1    1    1  0.00000E+00 0.00000 
    9    9    1    1    1    1    1    1    1    1  0.00000E+00 0.00000 
   10   10    1    1    1    1    1    1    1    1  1.55920E+08 0.56170 
   11   11    1    1    1    1    1    1    1    1  2.78424E+08 1.00000 
   12   12    1    1    1    1    1    1    1    1  7.26309E+07 0.53135 
   13   13    1    1    1    1    1    1    1    1  2.19432E+09 0.38436 
   14   14    1    1    1    1    1    1    1    1  3.36386E+09 0.40132 
   15   15    1    1    1    1    1    1    1    1  4.98787E+09 0.37413 
   16   16    1    1    1    1    1    1    1    1  3.59259E+09 0.29187 
   17   17    1    1    1    1    1    1    1    1  3.89429E+09 0.24605 
   18   18    1    1    1    1    1    1    1    1  8.31713E+09 0.21896 
   19   19    1    1    1    1    1    1    1    1  1.31297E+10 0.15303 
   20   20    1    1    1    1    1    1    1    1  3.14495E+10 0.12349 
   21   21    1    1    1    1    1    1    1    1  3.18865E+10 0.12601 
   22   22    1    1    1    1    1    1    1    1  7.52902E+10 0.09993 
   23   23    1    1    1    1    1    1    1    1  1.07448E+11 0.05791 
   24   24    1    1    1    1    1    1    1    1  1.62290E+11 0.05628 
   25   25    1    1    1    1    1    1    1    1  2.40626E+11 0.04132 
   26   26    1    1    1    1    1    1    1    1  3.93676E+11 0.04460 
   27   27    1    1    1    1    1    1    1    1  7.65348E+11 0.04098 
   28   28    1    1    1    1    1    1    1    1  1.50347E+12 0.01448 
   29   29    1    1    1    1    1    1    1    1  2.10728E+12 0.01454 
   30   30    1    1    1    1    1    1    1    1  6.06148E+12 0.01504 
   31   31    1    1    1    1    1    1    1    1  1.59728E+13 0.00970 
   32   32    1    1    1    1    1    1    1    1  2.64242E+13 0.00602 
   33   33    1    1    1    1    1    1    1    1  5.38656E+13 0.00398 
   34   34    1    1    1    1    1    1    1    1  6.53832E+13 0.00284 
   35   35    1    1    1    1    1    1    1    1  9.49376E+13 0.00230 
   36   36    1    1    1    1    1    1    1    1  7.06231E+13 0.00278 
   37   37    1    1    1    1    1    1    1    1  2.23826E+13 0.00275 
   38   38    1    1    1    1    1    1    1    1  1.13414E+14 0.00244 
   39   39    1    1    1    1    1    1    1    1  1.44825E+14 0.00228 
   40   40    1    1    1    1    1    1    1    1  2.38978E+14 0.00241 
   41   41    1    1    1    1    1    1    1    1  2.38961E+14 0.00252 
   42   42    1    1    1    1    1    1    1    1  4.53672E+14 0.00210 
   43   43    1    1    1    1    1    1    1    1  5.12715E+14 0.00278 
   44   44    1    1    1    1    1    1    1    1  6.86030E+14 0.00271 
   45   45    1    1    1    1    1    1    1    1  1.25395E+15 0.00244 
   46   46    1    1    1    1    1    1    1    1  6.21081E+14 0.00238 
   47   47    1    1    1    1    1    1    1    1  9.46241E+14 0.00259 
   48   48    1    1    1    1    1    1    1    1  1.30270E+15 0.00235 
   49   49    1    1    1    1    1    1    1    1  1.23002E+15 0.00245 
   50   50    1    1    1    1    1    1    1    1  1.86083E+15 0.00228 
   51   51    1    1    1    1    1    1    1    1  1.48071E+15 0.00238 
   52   52    1    1    1    1    1    1    1    1  1.67074E+15 0.00236 
   53   53    1    1    1    1    1    1    1    1  1.17580E+15 0.00289 
   54   54    1    1    1    1    1    1    1    1  1.39759E+15 0.00251 
   55   55    1    1    1    1    1    1    1    1  9.77983E+14 0.00289 
   56   56    1    1    1    1    1    1    1    1  1.34549E+14 0.00296 
   57   57    1    1    1    1    1    1    1    1  1.91253E+15 0.00272 
   58   58    1    1    1    1    1    1    1    1  8.19396E+14 0.00263 
   59   59    1    1    1    1    1    1    1    1  8.84103E+14 0.00242 
   60   60    1    1    1    1    1    1    1    1  6.78008E+14 0.00270 
   61   61    1    1    1    1    1    1    1    1  6.79262E+14 0.00290 
   62   62    1    1    1    1    1    1    1    1  6.88240E+14 0.00271 
   63   63    1    1    1    1    1    1    1    1  5.71554E+14 0.00335 
   64   64    1    1    1    1    1    1    1    1  4.51055E+14 0.00310 
   65   65    1    1    1    1    1    1    1    1  4.44879E+14 0.00281 
   66   66    1    1    1    1    1    1    1    1  3.34916E+14 0.00250 
   67   67    1    1    1    1    1    1    1    1  2.74689E+14 0.00293 
   68   68    1    1    1    1    1    1    1    1  2.46570E+14 0.00332 
   69   69    1    1    1    1    1    1    1    1  2.96131E+14 0.00350 
   70   70    1    1    1    1    1    1    1    1  2.53195E+14 0.00293 
   71   71    1    1    1    1    1    1    1    1  4.73919E+14 0.00273 
   72   72    1    1    1    1    1    1    1    1  3.41350E+14 0.00343 
   73   73    1    1    1    1    1    1    1    1  2.57807E+14 0.00357 
   74   74    1    1    1    1    1    1    1    1  2.03654E+14 0.00383 
   75   75    1    1    1    1    1    1    1    1  1.64916E+14 0.00319 
   76   76    1    1    1    1    1    1    1    1  1.85824E+14 0.00366 
   77   77    1    1    1    1    1    1    1    1  1.43667E+14 0.00429 
   78   78    1    1    1    1    1    1    1    1  1.11140E+14 0.00374 
   79   79    1    1    1    1    1    1    1    1  1.13504E+14 0.00348 
   80   80    1    1    1    1    1    1    1    1  8.36593E+13 0.00415 
   81   81    1    1    1    1    1    1    1    1  6.41972E+13 0.00494 
   82   82    1    1    1    1    1    1    1    1  4.95910E+13 0.00458 
   83   83    1    1    1    1    1    1    1    1  4.60543E+13 0.00683 
   84   84    1    1    1    1    1    1    1    1  3.32510E+13 0.00485 
   85   85    1    1    1    1    1    1    1    1  2.36742E+13 0.00546 
   86   86    1    1    1    1    1    1    1    1  2.22825E+13 0.00627 
   87   87    1    1    1    1    1    1    1    1  1.37257E+13 0.00708 
   88   88    1    1    1    1    1    1    1    1  9.38866E+12 0.00749 
   89   89    1    1    1    1    1    1    1    1  5.43642E+12 0.01468 
   90   90    1    1    1    1    1    1    1    1  3.63349E+12 0.01560 
   91   91    1    1    1    1    1    1    1    1  1.86637E+12 0.02455 
   92   92    1    1    1    1    1    1    1    1  9.34615E+11 0.03057 
   93   93    1    1    1    1    1    1    1    1  4.41483E+11 0.03090 
   94   94    1    1    1    1    1    1    1    1  2.18697E+11 0.06769 
   95   95    1    1    1    1    1    1    1    1  1.02893E+11 0.09457 
   96   96    1    1    1    1    1    1    1    1  4.89569E+10 0.14297 
   97   97    1    1    1    1    1    1    1    1  2.94627E+10 0.20132 
   98   98    1    1    1    1    1    1    1    1  1.24864E+10 0.30737 
   99   99    1    1    1    1    1    1    1    1  5.32192E+09 0.42863 
  100  100    1    1    1    1    1    1    1    1  6.21753E+09 0.35860 
];


