
DETdpaspec = [
    1    1    1    1    1    1    1    1    1    1  0.00000E+00 0.00000 
    2    2    1    1    1    1    1    1    1    1  0.00000E+00 0.00000 
    3    3    1    1    1    1    1    1    1    1  0.00000E+00 0.00000 
    4    4    1    1    1    1    1    1    1    1  3.08148E+07 0.72179 
    5    5    1    1    1    1    1    1    1    1  0.00000E+00 0.00000 
    6    6    1    1    1    1    1    1    1    1  1.03779E+07 1.00000 
    7    7    1    1    1    1    1    1    1    1  0.00000E+00 0.00000 
    8    8    1    1    1    1    1    1    1    1  0.00000E+00 0.00000 
    9    9    1    1    1    1    1    1    1    1  0.00000E+00 0.00000 
   10   10    1    1    1    1    1    1    1    1  5.40743E+07 1.00000 
   11   11    1    1    1    1    1    1    1    1  1.21015E+08 0.69501 
   12   12    1    1    1    1    1    1    1    1  1.47252E+06 1.00000 
   13   13    1    1    1    1    1    1    1    1  1.37610E+09 0.56930 
   14   14    1    1    1    1    1    1    1    1  4.16339E+09 0.38674 
   15   15    1    1    1    1    1    1    1    1  7.13544E+09 0.22655 
   16   16    1    1    1    1    1    1    1    1  2.08787E+09 0.32430 
   17   17    1    1    1    1    1    1    1    1  2.50141E+09 0.40110 
   18   18    1    1    1    1    1    1    1    1  8.79410E+09 0.25008 
   19   19    1    1    1    1    1    1    1    1  1.09519E+10 0.18813 
   20   20    1    1    1    1    1    1    1    1  4.93208E+10 0.15801 
   21   21    1    1    1    1    1    1    1    1  2.48458E+10 0.13114 
   22   22    1    1    1    1    1    1    1    1  7.08260E+10 0.08949 
   23   23    1    1    1    1    1    1    1    1  1.08116E+11 0.08015 
   24   24    1    1    1    1    1    1    1    1  1.65533E+11 0.06465 
   25   25    1    1    1    1    1    1    1    1  2.25963E+11 0.04314 
   26   26    1    1    1    1    1    1    1    1  4.28935E+11 0.03891 
   27   27    1    1    1    1    1    1    1    1  8.36529E+11 0.03224 
   28   28    1    1    1    1    1    1    1    1  1.57940E+12 0.02372 
   29   29    1    1    1    1    1    1    1    1  2.25483E+12 0.01467 
   30   30    1    1    1    1    1    1    1    1  6.45605E+12 0.01224 
   31   31    1    1    1    1    1    1    1    1  1.69425E+13 0.00643 
   32   32    1    1    1    1    1    1    1    1  2.80550E+13 0.00554 
   33   33    1    1    1    1    1    1    1    1  5.78824E+13 0.00536 
   34   34    1    1    1    1    1    1    1    1  7.05624E+13 0.00401 
   35   35    1    1    1    1    1    1    1    1  1.02583E+14 0.00429 
   36   36    1    1    1    1    1    1    1    1  7.60521E+13 0.00351 
   37   37    1    1    1    1    1    1    1    1  2.40759E+13 0.00363 
   38   38    1    1    1    1    1    1    1    1  1.21878E+14 0.00260 
   39   39    1    1    1    1    1    1    1    1  1.55620E+14 0.00257 
   40   40    1    1    1    1    1    1    1    1  2.57235E+14 0.00222 
   41   41    1    1    1    1    1    1    1    1  2.57666E+14 0.00240 
   42   42    1    1    1    1    1    1    1    1  4.90362E+14 0.00195 
   43   43    1    1    1    1    1    1    1    1  5.54385E+14 0.00186 
   44   44    1    1    1    1    1    1    1    1  7.42350E+14 0.00220 
   45   45    1    1    1    1    1    1    1    1  1.35872E+15 0.00232 
   46   46    1    1    1    1    1    1    1    1  6.71626E+14 0.00242 
   47   47    1    1    1    1    1    1    1    1  1.02380E+15 0.00210 
   48   48    1    1    1    1    1    1    1    1  1.41271E+15 0.00243 
   49   49    1    1    1    1    1    1    1    1  1.33474E+15 0.00227 
   50   50    1    1    1    1    1    1    1    1  2.01856E+15 0.00221 
   51   51    1    1    1    1    1    1    1    1  1.60670E+15 0.00243 
   52   52    1    1    1    1    1    1    1    1  1.81828E+15 0.00229 
   53   53    1    1    1    1    1    1    1    1  1.27897E+15 0.00244 
   54   54    1    1    1    1    1    1    1    1  1.52275E+15 0.00215 
   55   55    1    1    1    1    1    1    1    1  1.06491E+15 0.00224 
   56   56    1    1    1    1    1    1    1    1  1.46181E+14 0.00286 
   57   57    1    1    1    1    1    1    1    1  2.08388E+15 0.00239 
   58   58    1    1    1    1    1    1    1    1  8.93667E+14 0.00190 
   59   59    1    1    1    1    1    1    1    1  9.66138E+14 0.00233 
   60   60    1    1    1    1    1    1    1    1  7.40752E+14 0.00223 
   61   61    1    1    1    1    1    1    1    1  7.41121E+14 0.00246 
   62   62    1    1    1    1    1    1    1    1  7.53356E+14 0.00260 
   63   63    1    1    1    1    1    1    1    1  6.24983E+14 0.00227 
   64   64    1    1    1    1    1    1    1    1  4.91853E+14 0.00185 
   65   65    1    1    1    1    1    1    1    1  4.84906E+14 0.00245 
   66   66    1    1    1    1    1    1    1    1  3.65017E+14 0.00230 
   67   67    1    1    1    1    1    1    1    1  3.00167E+14 0.00306 
   68   68    1    1    1    1    1    1    1    1  2.68376E+14 0.00252 
   69   69    1    1    1    1    1    1    1    1  3.23092E+14 0.00249 
   70   70    1    1    1    1    1    1    1    1  2.76192E+14 0.00276 
   71   71    1    1    1    1    1    1    1    1  5.17901E+14 0.00299 
   72   72    1    1    1    1    1    1    1    1  3.72021E+14 0.00216 
   73   73    1    1    1    1    1    1    1    1  2.81381E+14 0.00264 
   74   74    1    1    1    1    1    1    1    1  2.22816E+14 0.00312 
   75   75    1    1    1    1    1    1    1    1  1.80681E+14 0.00294 
   76   76    1    1    1    1    1    1    1    1  2.03658E+14 0.00241 
   77   77    1    1    1    1    1    1    1    1  1.56908E+14 0.00400 
   78   78    1    1    1    1    1    1    1    1  1.21708E+14 0.00403 
   79   79    1    1    1    1    1    1    1    1  1.24405E+14 0.00425 
   80   80    1    1    1    1    1    1    1    1  9.17417E+13 0.00364 
   81   81    1    1    1    1    1    1    1    1  7.05088E+13 0.00343 
   82   82    1    1    1    1    1    1    1    1  5.44262E+13 0.00448 
   83   83    1    1    1    1    1    1    1    1  5.06507E+13 0.00382 
   84   84    1    1    1    1    1    1    1    1  3.64444E+13 0.00663 
   85   85    1    1    1    1    1    1    1    1  2.59908E+13 0.00595 
   86   86    1    1    1    1    1    1    1    1  2.45802E+13 0.00532 
   87   87    1    1    1    1    1    1    1    1  1.50303E+13 0.00735 
   88   88    1    1    1    1    1    1    1    1  1.03988E+13 0.01067 
   89   89    1    1    1    1    1    1    1    1  5.90190E+12 0.01310 
   90   90    1    1    1    1    1    1    1    1  3.89410E+12 0.01537 
   91   91    1    1    1    1    1    1    1    1  2.05075E+12 0.02270 
   92   92    1    1    1    1    1    1    1    1  9.85693E+11 0.03210 
   93   93    1    1    1    1    1    1    1    1  4.41218E+11 0.04382 
   94   94    1    1    1    1    1    1    1    1  2.09411E+11 0.06188 
   95   95    1    1    1    1    1    1    1    1  1.33884E+11 0.11026 
   96   96    1    1    1    1    1    1    1    1  5.87086E+10 0.13943 
   97   97    1    1    1    1    1    1    1    1  2.33005E+10 0.16357 
   98   98    1    1    1    1    1    1    1    1  1.13650E+10 0.23470 
   99   99    1    1    1    1    1    1    1    1  2.30015E+09 0.42663 
  100  100    1    1    1    1    1    1    1    1  4.22363E+09 0.35798 
];


