
DETdpaspec = [
    1    1    1    1    1    1    1    1    1    1  0.00000E+00 0.00000 
    2    2    1    1    1    1    1    1    1    1  0.00000E+00 0.00000 
    3    3    1    1    1    1    1    1    1    1  0.00000E+00 0.00000 
    4    4    1    1    1    1    1    1    1    1  0.00000E+00 0.00000 
    5    5    1    1    1    1    1    1    1    1  0.00000E+00 0.00000 
    6    6    1    1    1    1    1    1    1    1  0.00000E+00 0.00000 
    7    7    1    1    1    1    1    1    1    1  0.00000E+00 0.00000 
    8    8    1    1    1    1    1    1    1    1  0.00000E+00 0.00000 
    9    9    1    1    1    1    1    1    1    1  0.00000E+00 0.00000 
   10   10    1    1    1    1    1    1    1    1  6.85661E+07 1.00000 
   11   11    1    1    1    1    1    1    1    1  2.72073E+08 0.76660 
   12   12    1    1    1    1    1    1    1    1  9.02080E+07 0.72781 
   13   13    1    1    1    1    1    1    1    1  3.75379E+09 0.58422 
   14   14    1    1    1    1    1    1    1    1  6.84824E+09 0.34811 
   15   15    1    1    1    1    1    1    1    1  5.02999E+09 0.35720 
   16   16    1    1    1    1    1    1    1    1  2.57934E+09 0.30718 
   17   17    1    1    1    1    1    1    1    1  6.08793E+09 0.35391 
   18   18    1    1    1    1    1    1    1    1  1.31465E+10 0.15355 
   19   19    1    1    1    1    1    1    1    1  1.51721E+10 0.13394 
   20   20    1    1    1    1    1    1    1    1  5.63436E+10 0.13000 
   21   21    1    1    1    1    1    1    1    1  4.41235E+10 0.13681 
   22   22    1    1    1    1    1    1    1    1  1.03816E+11 0.08494 
   23   23    1    1    1    1    1    1    1    1  1.68935E+11 0.07198 
   24   24    1    1    1    1    1    1    1    1  3.26464E+11 0.05424 
   25   25    1    1    1    1    1    1    1    1  5.08120E+11 0.04497 
   26   26    1    1    1    1    1    1    1    1  9.65203E+11 0.02596 
   27   27    1    1    1    1    1    1    1    1  2.17884E+12 0.01899 
   28   28    1    1    1    1    1    1    1    1  5.21532E+12 0.01120 
   29   29    1    1    1    1    1    1    1    1  8.75288E+12 0.01006 
   30   30    1    1    1    1    1    1    1    1  2.11200E+13 0.00623 
   31   31    1    1    1    1    1    1    1    1  5.46947E+13 0.00477 
   32   32    1    1    1    1    1    1    1    1  8.83177E+13 0.00434 
   33   33    1    1    1    1    1    1    1    1  1.87686E+14 0.00216 
   34   34    1    1    1    1    1    1    1    1  2.43529E+14 0.00208 
   35   35    1    1    1    1    1    1    1    1  3.13048E+14 0.00143 
   36   36    1    1    1    1    1    1    1    1  2.24175E+14 0.00129 
   37   37    1    1    1    1    1    1    1    1  6.82310E+13 0.00114 
   38   38    1    1    1    1    1    1    1    1  3.61022E+14 0.00106 
   39   39    1    1    1    1    1    1    1    1  4.64757E+14 0.00090 
   40   40    1    1    1    1    1    1    1    1  7.95301E+14 0.00102 
   41   41    1    1    1    1    1    1    1    1  7.69319E+14 0.00113 
   42   42    1    1    1    1    1    1    1    1  1.52229E+15 0.00098 
   43   43    1    1    1    1    1    1    1    1  1.74523E+15 0.00107 
   44   44    1    1    1    1    1    1    1    1  2.37420E+15 0.00092 
   45   45    1    1    1    1    1    1    1    1  4.50578E+15 0.00089 
   46   46    1    1    1    1    1    1    1    1  2.23938E+15 0.00082 
   47   47    1    1    1    1    1    1    1    1  3.38641E+15 0.00072 
   48   48    1    1    1    1    1    1    1    1  4.74256E+15 0.00071 
   49   49    1    1    1    1    1    1    1    1  4.45699E+15 0.00053 
   50   50    1    1    1    1    1    1    1    1  6.99290E+15 0.00076 
   51   51    1    1    1    1    1    1    1    1  5.49509E+15 0.00073 
   52   52    1    1    1    1    1    1    1    1  6.44783E+15 0.00060 
   53   53    1    1    1    1    1    1    1    1  4.53983E+15 0.00072 
   54   54    1    1    1    1    1    1    1    1  5.59852E+15 0.00076 
   55   55    1    1    1    1    1    1    1    1  3.91226E+15 0.00066 
   56   56    1    1    1    1    1    1    1    1  5.34693E+14 0.00095 
   57   57    1    1    1    1    1    1    1    1  7.68792E+15 0.00065 
   58   58    1    1    1    1    1    1    1    1  3.44624E+15 0.00083 
   59   59    1    1    1    1    1    1    1    1  3.70037E+15 0.00069 
   60   60    1    1    1    1    1    1    1    1  2.92976E+15 0.00085 
   61   61    1    1    1    1    1    1    1    1  2.93243E+15 0.00072 
   62   62    1    1    1    1    1    1    1    1  3.00023E+15 0.00087 
   63   63    1    1    1    1    1    1    1    1  2.52509E+15 0.00086 
   64   64    1    1    1    1    1    1    1    1  2.00201E+15 0.00100 
   65   65    1    1    1    1    1    1    1    1  1.97912E+15 0.00077 
   66   66    1    1    1    1    1    1    1    1  1.50311E+15 0.00104 
   67   67    1    1    1    1    1    1    1    1  1.22777E+15 0.00094 
   68   68    1    1    1    1    1    1    1    1  1.09290E+15 0.00100 
   69   69    1    1    1    1    1    1    1    1  1.32008E+15 0.00125 
   70   70    1    1    1    1    1    1    1    1  1.12783E+15 0.00113 
   71   71    1    1    1    1    1    1    1    1  2.06847E+15 0.00115 
   72   72    1    1    1    1    1    1    1    1  1.48488E+15 0.00121 
   73   73    1    1    1    1    1    1    1    1  1.13209E+15 0.00115 
   74   74    1    1    1    1    1    1    1    1  9.19074E+14 0.00132 
   75   75    1    1    1    1    1    1    1    1  7.63083E+14 0.00147 
   76   76    1    1    1    1    1    1    1    1  8.82136E+14 0.00141 
   77   77    1    1    1    1    1    1    1    1  6.96978E+14 0.00100 
   78   78    1    1    1    1    1    1    1    1  5.48273E+14 0.00141 
   79   79    1    1    1    1    1    1    1    1  5.70548E+14 0.00099 
   80   80    1    1    1    1    1    1    1    1  4.24653E+14 0.00170 
   81   81    1    1    1    1    1    1    1    1  3.27856E+14 0.00137 
   82   82    1    1    1    1    1    1    1    1  2.52556E+14 0.00198 
   83   83    1    1    1    1    1    1    1    1  2.35360E+14 0.00236 
   84   84    1    1    1    1    1    1    1    1  1.70312E+14 0.00273 
   85   85    1    1    1    1    1    1    1    1  1.22733E+14 0.00298 
   86   86    1    1    1    1    1    1    1    1  1.14712E+14 0.00225 
   87   87    1    1    1    1    1    1    1    1  7.12052E+13 0.00349 
   88   88    1    1    1    1    1    1    1    1  4.77395E+13 0.00406 
   89   89    1    1    1    1    1    1    1    1  2.74213E+13 0.00533 
   90   90    1    1    1    1    1    1    1    1  1.80337E+13 0.00811 
   91   91    1    1    1    1    1    1    1    1  9.24201E+12 0.00965 
   92   92    1    1    1    1    1    1    1    1  4.33060E+12 0.01370 
   93   93    1    1    1    1    1    1    1    1  2.19349E+12 0.01961 
   94   94    1    1    1    1    1    1    1    1  9.87536E+11 0.03258 
   95   95    1    1    1    1    1    1    1    1  5.29340E+11 0.03931 
   96   96    1    1    1    1    1    1    1    1  2.41763E+11 0.06783 
   97   97    1    1    1    1    1    1    1    1  1.09725E+11 0.08317 
   98   98    1    1    1    1    1    1    1    1  5.36280E+10 0.11991 
   99   99    1    1    1    1    1    1    1    1  3.15862E+10 0.13995 
  100  100    1    1    1    1    1    1    1    1  1.73206E+10 0.18398 
];


