
DETdpaspec = [
    1    1    1    1    1    1    1    1    1    1  0.00000E+00 0.00000 
    2    2    1    1    1    1    1    1    1    1  0.00000E+00 0.00000 
    3    3    1    1    1    1    1    1    1    1  0.00000E+00 0.00000 
    4    4    1    1    1    1    1    1    1    1  1.32726E+07 1.00000 
    5    5    1    1    1    1    1    1    1    1  0.00000E+00 0.00000 
    6    6    1    1    1    1    1    1    1    1  1.04900E+07 1.00000 
    7    7    1    1    1    1    1    1    1    1  0.00000E+00 0.00000 
    8    8    1    1    1    1    1    1    1    1  0.00000E+00 0.00000 
    9    9    1    1    1    1    1    1    1    1  2.46422E+07 0.69518 
   10   10    1    1    1    1    1    1    1    1  2.58408E+08 0.68009 
   11   11    1    1    1    1    1    1    1    1  8.30645E+08 0.57859 
   12   12    1    1    1    1    1    1    1    1  1.40153E+08 0.47911 
   13   13    1    1    1    1    1    1    1    1  1.82762E+09 0.40673 
   14   14    1    1    1    1    1    1    1    1  7.40901E+09 0.22587 
   15   15    1    1    1    1    1    1    1    1  9.98813E+09 0.32881 
   16   16    1    1    1    1    1    1    1    1  2.64130E+09 0.33599 
   17   17    1    1    1    1    1    1    1    1  5.88822E+09 0.17784 
   18   18    1    1    1    1    1    1    1    1  9.84571E+09 0.20012 
   19   19    1    1    1    1    1    1    1    1  2.13135E+10 0.11952 
   20   20    1    1    1    1    1    1    1    1  5.55390E+10 0.12464 
   21   21    1    1    1    1    1    1    1    1  4.20549E+10 0.08826 
   22   22    1    1    1    1    1    1    1    1  1.13504E+11 0.07035 
   23   23    1    1    1    1    1    1    1    1  1.44829E+11 0.05714 
   24   24    1    1    1    1    1    1    1    1  2.69598E+11 0.04255 
   25   25    1    1    1    1    1    1    1    1  3.39921E+11 0.03843 
   26   26    1    1    1    1    1    1    1    1  6.15364E+11 0.02693 
   27   27    1    1    1    1    1    1    1    1  1.22373E+12 0.02634 
   28   28    1    1    1    1    1    1    1    1  2.67301E+12 0.01465 
   29   29    1    1    1    1    1    1    1    1  4.03367E+12 0.00942 
   30   30    1    1    1    1    1    1    1    1  1.11634E+13 0.00608 
   31   31    1    1    1    1    1    1    1    1  2.96748E+13 0.00547 
   32   32    1    1    1    1    1    1    1    1  4.96387E+13 0.00436 
   33   33    1    1    1    1    1    1    1    1  1.04867E+14 0.00384 
   34   34    1    1    1    1    1    1    1    1  1.30815E+14 0.00320 
   35   35    1    1    1    1    1    1    1    1  1.85751E+14 0.00212 
   36   36    1    1    1    1    1    1    1    1  1.37808E+14 0.00314 
   37   37    1    1    1    1    1    1    1    1  4.33106E+13 0.00298 
   38   38    1    1    1    1    1    1    1    1  2.22510E+14 0.00262 
   39   39    1    1    1    1    1    1    1    1  2.86563E+14 0.00206 
   40   40    1    1    1    1    1    1    1    1  4.80266E+14 0.00186 
   41   41    1    1    1    1    1    1    1    1  4.76936E+14 0.00187 
   42   42    1    1    1    1    1    1    1    1  9.23270E+14 0.00141 
   43   43    1    1    1    1    1    1    1    1  1.05302E+15 0.00132 
   44   44    1    1    1    1    1    1    1    1  1.42239E+15 0.00157 
   45   45    1    1    1    1    1    1    1    1  2.65151E+15 0.00135 
   46   46    1    1    1    1    1    1    1    1  1.31995E+15 0.00142 
   47   47    1    1    1    1    1    1    1    1  2.01360E+15 0.00118 
   48   48    1    1    1    1    1    1    1    1  2.80431E+15 0.00119 
   49   49    1    1    1    1    1    1    1    1  2.65311E+15 0.00122 
   50   50    1    1    1    1    1    1    1    1  4.06663E+15 0.00126 
   51   51    1    1    1    1    1    1    1    1  3.23466E+15 0.00109 
   52   52    1    1    1    1    1    1    1    1  3.71209E+15 0.00125 
   53   53    1    1    1    1    1    1    1    1  2.61851E+15 0.00133 
   54   54    1    1    1    1    1    1    1    1  3.15300E+15 0.00122 
   55   55    1    1    1    1    1    1    1    1  2.20739E+15 0.00140 
   56   56    1    1    1    1    1    1    1    1  3.03586E+14 0.00166 
   57   57    1    1    1    1    1    1    1    1  4.33657E+15 0.00117 
   58   58    1    1    1    1    1    1    1    1  1.88892E+15 0.00125 
   59   59    1    1    1    1    1    1    1    1  2.03720E+15 0.00134 
   60   60    1    1    1    1    1    1    1    1  1.58013E+15 0.00158 
   61   61    1    1    1    1    1    1    1    1  1.58417E+15 0.00142 
   62   62    1    1    1    1    1    1    1    1  1.61442E+15 0.00134 
   63   63    1    1    1    1    1    1    1    1  1.34932E+15 0.00154 
   64   64    1    1    1    1    1    1    1    1  1.06601E+15 0.00141 
   65   65    1    1    1    1    1    1    1    1  1.05113E+15 0.00148 
   66   66    1    1    1    1    1    1    1    1  7.95634E+14 0.00160 
   67   67    1    1    1    1    1    1    1    1  6.54012E+14 0.00162 
   68   68    1    1    1    1    1    1    1    1  5.83338E+14 0.00161 
   69   69    1    1    1    1    1    1    1    1  7.03508E+14 0.00166 
   70   70    1    1    1    1    1    1    1    1  6.01659E+14 0.00195 
   71   71    1    1    1    1    1    1    1    1  1.12030E+15 0.00196 
   72   72    1    1    1    1    1    1    1    1  8.04749E+14 0.00162 
   73   73    1    1    1    1    1    1    1    1  6.10522E+14 0.00166 
   74   74    1    1    1    1    1    1    1    1  4.87158E+14 0.00153 
   75   75    1    1    1    1    1    1    1    1  3.98365E+14 0.00181 
   76   76    1    1    1    1    1    1    1    1  4.54413E+14 0.00166 
   77   77    1    1    1    1    1    1    1    1  3.53029E+14 0.00197 
   78   78    1    1    1    1    1    1    1    1  2.74757E+14 0.00218 
   79   79    1    1    1    1    1    1    1    1  2.81582E+14 0.00160 
   80   80    1    1    1    1    1    1    1    1  2.08197E+14 0.00203 
   81   81    1    1    1    1    1    1    1    1  1.60223E+14 0.00311 
   82   82    1    1    1    1    1    1    1    1  1.22504E+14 0.00247 
   83   83    1    1    1    1    1    1    1    1  1.15149E+14 0.00316 
   84   84    1    1    1    1    1    1    1    1  8.26409E+13 0.00321 
   85   85    1    1    1    1    1    1    1    1  5.98073E+13 0.00422 
   86   86    1    1    1    1    1    1    1    1  5.58512E+13 0.00422 
   87   87    1    1    1    1    1    1    1    1  3.44545E+13 0.00496 
   88   88    1    1    1    1    1    1    1    1  2.36618E+13 0.00656 
   89   89    1    1    1    1    1    1    1    1  1.34221E+13 0.01040 
   90   90    1    1    1    1    1    1    1    1  9.13515E+12 0.00873 
   91   91    1    1    1    1    1    1    1    1  4.46332E+12 0.01554 
   92   92    1    1    1    1    1    1    1    1  2.26361E+12 0.01997 
   93   93    1    1    1    1    1    1    1    1  1.04384E+12 0.02292 
   94   94    1    1    1    1    1    1    1    1  5.26605E+11 0.04378 
   95   95    1    1    1    1    1    1    1    1  2.49545E+11 0.05496 
   96   96    1    1    1    1    1    1    1    1  1.27658E+11 0.08437 
   97   97    1    1    1    1    1    1    1    1  6.00978E+10 0.13663 
   98   98    1    1    1    1    1    1    1    1  3.22727E+10 0.12460 
   99   99    1    1    1    1    1    1    1    1  1.11404E+10 0.28291 
  100  100    1    1    1    1    1    1    1    1  1.27345E+10 0.35246 
];


