
DETdpaspec = [
    1    1    1    1    1    1    1    1    1    1  0.00000E+00 0.00000 
    2    2    1    1    1    1    1    1    1    1  0.00000E+00 0.00000 
    3    3    1    1    1    1    1    1    1    1  0.00000E+00 0.00000 
    4    4    1    1    1    1    1    1    1    1  0.00000E+00 0.00000 
    5    5    1    1    1    1    1    1    1    1  0.00000E+00 0.00000 
    6    6    1    1    1    1    1    1    1    1  0.00000E+00 0.00000 
    7    7    1    1    1    1    1    1    1    1  3.81049E+07 1.00000 
    8    8    1    1    1    1    1    1    1    1  1.66077E+07 1.00000 
    9    9    1    1    1    1    1    1    1    1  4.04691E+07 0.75964 
   10   10    1    1    1    1    1    1    1    1  9.08047E+07 0.71726 
   11   11    1    1    1    1    1    1    1    1  2.45102E+08 0.59892 
   12   12    1    1    1    1    1    1    1    1  3.52204E+07 0.91057 
   13   13    1    1    1    1    1    1    1    1  1.06152E+09 0.43004 
   14   14    1    1    1    1    1    1    1    1  3.90139E+09 0.30563 
   15   15    1    1    1    1    1    1    1    1  1.01058E+10 0.33262 
   16   16    1    1    1    1    1    1    1    1  2.62913E+09 0.27099 
   17   17    1    1    1    1    1    1    1    1  2.96498E+09 0.27427 
   18   18    1    1    1    1    1    1    1    1  1.44347E+10 0.18969 
   19   19    1    1    1    1    1    1    1    1  1.45602E+10 0.19928 
   20   20    1    1    1    1    1    1    1    1  4.95745E+10 0.08461 
   21   21    1    1    1    1    1    1    1    1  3.39400E+10 0.08870 
   22   22    1    1    1    1    1    1    1    1  8.82201E+10 0.07597 
   23   23    1    1    1    1    1    1    1    1  1.45272E+11 0.04746 
   24   24    1    1    1    1    1    1    1    1  1.88206E+11 0.05460 
   25   25    1    1    1    1    1    1    1    1  2.61534E+11 0.04081 
   26   26    1    1    1    1    1    1    1    1  4.61101E+11 0.02512 
   27   27    1    1    1    1    1    1    1    1  9.55849E+11 0.03474 
   28   28    1    1    1    1    1    1    1    1  1.91851E+12 0.01651 
   29   29    1    1    1    1    1    1    1    1  2.77475E+12 0.01309 
   30   30    1    1    1    1    1    1    1    1  8.05736E+12 0.00761 
   31   31    1    1    1    1    1    1    1    1  2.14785E+13 0.00750 
   32   32    1    1    1    1    1    1    1    1  3.55745E+13 0.00511 
   33   33    1    1    1    1    1    1    1    1  7.39805E+13 0.00438 
   34   34    1    1    1    1    1    1    1    1  9.07265E+13 0.00342 
   35   35    1    1    1    1    1    1    1    1  1.31093E+14 0.00299 
   36   36    1    1    1    1    1    1    1    1  9.74502E+13 0.00280 
   37   37    1    1    1    1    1    1    1    1  3.07112E+13 0.00321 
   38   38    1    1    1    1    1    1    1    1  1.56409E+14 0.00270 
   39   39    1    1    1    1    1    1    1    1  2.00542E+14 0.00282 
   40   40    1    1    1    1    1    1    1    1  3.32704E+14 0.00268 
   41   41    1    1    1    1    1    1    1    1  3.32794E+14 0.00233 
   42   42    1    1    1    1    1    1    1    1  6.35095E+14 0.00207 
   43   43    1    1    1    1    1    1    1    1  7.21816E+14 0.00260 
   44   44    1    1    1    1    1    1    1    1  9.69137E+14 0.00217 
   45   45    1    1    1    1    1    1    1    1  1.78629E+15 0.00227 
   46   46    1    1    1    1    1    1    1    1  8.85115E+14 0.00232 
   47   47    1    1    1    1    1    1    1    1  1.35107E+15 0.00241 
   48   48    1    1    1    1    1    1    1    1  1.86825E+15 0.00191 
   49   49    1    1    1    1    1    1    1    1  1.76442E+15 0.00184 
   50   50    1    1    1    1    1    1    1    1  2.68169E+15 0.00180 
   51   51    1    1    1    1    1    1    1    1  2.13355E+15 0.00178 
   52   52    1    1    1    1    1    1    1    1  2.42489E+15 0.00203 
   53   53    1    1    1    1    1    1    1    1  1.70753E+15 0.00206 
   54   54    1    1    1    1    1    1    1    1  2.04252E+15 0.00171 
   55   55    1    1    1    1    1    1    1    1  1.42910E+15 0.00209 
   56   56    1    1    1    1    1    1    1    1  1.96525E+14 0.00253 
   57   57    1    1    1    1    1    1    1    1  2.79789E+15 0.00196 
   58   58    1    1    1    1    1    1    1    1  1.20417E+15 0.00208 
   59   59    1    1    1    1    1    1    1    1  1.30079E+15 0.00211 
   60   60    1    1    1    1    1    1    1    1  1.00162E+15 0.00231 
   61   61    1    1    1    1    1    1    1    1  1.00309E+15 0.00224 
   62   62    1    1    1    1    1    1    1    1  1.02116E+15 0.00242 
   63   63    1    1    1    1    1    1    1    1  8.47996E+14 0.00229 
   64   64    1    1    1    1    1    1    1    1  6.69676E+14 0.00250 
   65   65    1    1    1    1    1    1    1    1  6.59450E+14 0.00279 
   66   66    1    1    1    1    1    1    1    1  4.97248E+14 0.00250 
   67   67    1    1    1    1    1    1    1    1  4.08763E+14 0.00234 
   68   68    1    1    1    1    1    1    1    1  3.66336E+14 0.00277 
   69   69    1    1    1    1    1    1    1    1  4.42155E+14 0.00279 
   70   70    1    1    1    1    1    1    1    1  3.77924E+14 0.00268 
   71   71    1    1    1    1    1    1    1    1  7.04210E+14 0.00271 
   72   72    1    1    1    1    1    1    1    1  5.05938E+14 0.00283 
   73   73    1    1    1    1    1    1    1    1  3.84540E+14 0.00291 
   74   74    1    1    1    1    1    1    1    1  3.04345E+14 0.00307 
   75   75    1    1    1    1    1    1    1    1  2.47496E+14 0.00333 
   76   76    1    1    1    1    1    1    1    1  2.79985E+14 0.00344 
   77   77    1    1    1    1    1    1    1    1  2.16920E+14 0.00362 
   78   78    1    1    1    1    1    1    1    1  1.67852E+14 0.00325 
   79   79    1    1    1    1    1    1    1    1  1.71697E+14 0.00296 
   80   80    1    1    1    1    1    1    1    1  1.26541E+14 0.00312 
   81   81    1    1    1    1    1    1    1    1  9.74326E+13 0.00455 
   82   82    1    1    1    1    1    1    1    1  7.48972E+13 0.00324 
   83   83    1    1    1    1    1    1    1    1  6.97181E+13 0.00452 
   84   84    1    1    1    1    1    1    1    1  5.04552E+13 0.00416 
   85   85    1    1    1    1    1    1    1    1  3.64708E+13 0.00590 
   86   86    1    1    1    1    1    1    1    1  3.37887E+13 0.00446 
   87   87    1    1    1    1    1    1    1    1  2.09959E+13 0.00671 
   88   88    1    1    1    1    1    1    1    1  1.40489E+13 0.00909 
   89   89    1    1    1    1    1    1    1    1  8.17713E+12 0.00797 
   90   90    1    1    1    1    1    1    1    1  5.55552E+12 0.01212 
   91   91    1    1    1    1    1    1    1    1  2.78016E+12 0.01470 
   92   92    1    1    1    1    1    1    1    1  1.28951E+12 0.02288 
   93   93    1    1    1    1    1    1    1    1  6.69023E+11 0.03279 
   94   94    1    1    1    1    1    1    1    1  2.95645E+11 0.03239 
   95   95    1    1    1    1    1    1    1    1  1.50130E+11 0.05224 
   96   96    1    1    1    1    1    1    1    1  7.02287E+10 0.08491 
   97   97    1    1    1    1    1    1    1    1  2.55033E+10 0.19576 
   98   98    1    1    1    1    1    1    1    1  2.08662E+10 0.27083 
   99   99    1    1    1    1    1    1    1    1  4.94852E+09 0.35433 
  100  100    1    1    1    1    1    1    1    1  6.13848E+09 0.39994 
];


