
DETdpaspec = [
    1    1    1    1    1    1    1    1    1    1  0.00000E+00 0.00000 
    2    2    1    1    1    1    1    1    1    1  0.00000E+00 0.00000 
    3    3    1    1    1    1    1    1    1    1  0.00000E+00 0.00000 
    4    4    1    1    1    1    1    1    1    1  1.07526E+07 1.00000 
    5    5    1    1    1    1    1    1    1    1  0.00000E+00 0.00000 
    6    6    1    1    1    1    1    1    1    1  0.00000E+00 0.00000 
    7    7    1    1    1    1    1    1    1    1  0.00000E+00 0.00000 
    8    8    1    1    1    1    1    1    1    1  0.00000E+00 0.00000 
    9    9    1    1    1    1    1    1    1    1  1.51986E+07 1.00000 
   10   10    1    1    1    1    1    1    1    1  2.56857E+08 0.68851 
   11   11    1    1    1    1    1    1    1    1  1.95345E+08 0.54783 
   12   12    1    1    1    1    1    1    1    1  2.42854E+07 0.87853 
   13   13    1    1    1    1    1    1    1    1  9.21222E+08 0.48656 
   14   14    1    1    1    1    1    1    1    1  3.72393E+09 0.44378 
   15   15    1    1    1    1    1    1    1    1  5.28165E+09 0.39575 
   16   16    1    1    1    1    1    1    1    1  9.71374E+08 0.39138 
   17   17    1    1    1    1    1    1    1    1  3.16049E+09 0.24188 
   18   18    1    1    1    1    1    1    1    1  1.01058E+10 0.30606 
   19   19    1    1    1    1    1    1    1    1  9.32704E+09 0.16497 
   20   20    1    1    1    1    1    1    1    1  3.29987E+10 0.14120 
   21   21    1    1    1    1    1    1    1    1  1.78547E+10 0.16449 
   22   22    1    1    1    1    1    1    1    1  6.56101E+10 0.08373 
   23   23    1    1    1    1    1    1    1    1  8.78283E+10 0.07442 
   24   24    1    1    1    1    1    1    1    1  1.43878E+11 0.06753 
   25   25    1    1    1    1    1    1    1    1  1.70754E+11 0.05575 
   26   26    1    1    1    1    1    1    1    1  3.06575E+11 0.03709 
   27   27    1    1    1    1    1    1    1    1  6.58581E+11 0.03119 
   28   28    1    1    1    1    1    1    1    1  1.19023E+12 0.02582 
   29   29    1    1    1    1    1    1    1    1  1.62377E+12 0.01811 
   30   30    1    1    1    1    1    1    1    1  4.69097E+12 0.01110 
   31   31    1    1    1    1    1    1    1    1  1.22491E+13 0.00929 
   32   32    1    1    1    1    1    1    1    1  1.98621E+13 0.00578 
   33   33    1    1    1    1    1    1    1    1  3.99718E+13 0.00610 
   34   34    1    1    1    1    1    1    1    1  4.81188E+13 0.00641 
   35   35    1    1    1    1    1    1    1    1  7.02364E+13 0.00510 
   36   36    1    1    1    1    1    1    1    1  5.18865E+13 0.00463 
   37   37    1    1    1    1    1    1    1    1  1.64898E+13 0.00615 
   38   38    1    1    1    1    1    1    1    1  8.28726E+13 0.00528 
   39   39    1    1    1    1    1    1    1    1  1.05586E+14 0.00482 
   40   40    1    1    1    1    1    1    1    1  1.71914E+14 0.00508 
   41   41    1    1    1    1    1    1    1    1  1.71988E+14 0.00439 
   42   42    1    1    1    1    1    1    1    1  3.23963E+14 0.00509 
   43   43    1    1    1    1    1    1    1    1  3.64721E+14 0.00503 
   44   44    1    1    1    1    1    1    1    1  4.87515E+14 0.00461 
   45   45    1    1    1    1    1    1    1    1  8.83589E+14 0.00463 
   46   46    1    1    1    1    1    1    1    1  4.36568E+14 0.00493 
   47   47    1    1    1    1    1    1    1    1  6.65816E+14 0.00477 
   48   48    1    1    1    1    1    1    1    1  9.15686E+14 0.00530 
   49   49    1    1    1    1    1    1    1    1  8.64670E+14 0.00503 
   50   50    1    1    1    1    1    1    1    1  1.30170E+15 0.00481 
   51   51    1    1    1    1    1    1    1    1  1.04035E+15 0.00467 
   52   52    1    1    1    1    1    1    1    1  1.16752E+15 0.00504 
   53   53    1    1    1    1    1    1    1    1  8.22001E+14 0.00513 
   54   54    1    1    1    1    1    1    1    1  9.74426E+14 0.00533 
   55   55    1    1    1    1    1    1    1    1  6.82446E+14 0.00557 
   56   56    1    1    1    1    1    1    1    1  9.41910E+13 0.00587 
   57   57    1    1    1    1    1    1    1    1  1.33571E+15 0.00547 
   58   58    1    1    1    1    1    1    1    1  5.67531E+14 0.00536 
   59   59    1    1    1    1    1    1    1    1  6.14572E+14 0.00555 
   60   60    1    1    1    1    1    1    1    1  4.69156E+14 0.00548 
   61   61    1    1    1    1    1    1    1    1  4.69891E+14 0.00527 
   62   62    1    1    1    1    1    1    1    1  4.77481E+14 0.00564 
   63   63    1    1    1    1    1    1    1    1  3.94103E+14 0.00579 
   64   64    1    1    1    1    1    1    1    1  3.11288E+14 0.00566 
   65   65    1    1    1    1    1    1    1    1  3.07354E+14 0.00560 
   66   66    1    1    1    1    1    1    1    1  2.30948E+14 0.00518 
   67   67    1    1    1    1    1    1    1    1  1.90375E+14 0.00525 
   68   68    1    1    1    1    1    1    1    1  1.70158E+14 0.00565 
   69   69    1    1    1    1    1    1    1    1  2.04000E+14 0.00469 
   70   70    1    1    1    1    1    1    1    1  1.75383E+14 0.00501 
   71   71    1    1    1    1    1    1    1    1  3.28985E+14 0.00579 
   72   72    1    1    1    1    1    1    1    1  2.36938E+14 0.00645 
   73   73    1    1    1    1    1    1    1    1  1.79778E+14 0.00646 
   74   74    1    1    1    1    1    1    1    1  1.41291E+14 0.00633 
   75   75    1    1    1    1    1    1    1    1  1.13978E+14 0.00686 
   76   76    1    1    1    1    1    1    1    1  1.28499E+14 0.00613 
   77   77    1    1    1    1    1    1    1    1  9.85332E+13 0.00653 
   78   78    1    1    1    1    1    1    1    1  7.64581E+13 0.00665 
   79   79    1    1    1    1    1    1    1    1  7.75246E+13 0.00756 
   80   80    1    1    1    1    1    1    1    1  5.68748E+13 0.00633 
   81   81    1    1    1    1    1    1    1    1  4.36311E+13 0.00823 
   82   82    1    1    1    1    1    1    1    1  3.33096E+13 0.00799 
   83   83    1    1    1    1    1    1    1    1  3.16235E+13 0.00698 
   84   84    1    1    1    1    1    1    1    1  2.28040E+13 0.00907 
   85   85    1    1    1    1    1    1    1    1  1.61795E+13 0.00891 
   86   86    1    1    1    1    1    1    1    1  1.52026E+13 0.00773 
   87   87    1    1    1    1    1    1    1    1  9.23621E+12 0.01205 
   88   88    1    1    1    1    1    1    1    1  6.39359E+12 0.00992 
   89   89    1    1    1    1    1    1    1    1  3.71380E+12 0.01711 
   90   90    1    1    1    1    1    1    1    1  2.42871E+12 0.02152 
   91   91    1    1    1    1    1    1    1    1  1.26714E+12 0.03279 
   92   92    1    1    1    1    1    1    1    1  6.31552E+11 0.03300 
   93   93    1    1    1    1    1    1    1    1  3.21206E+11 0.05432 
   94   94    1    1    1    1    1    1    1    1  1.31894E+11 0.07937 
   95   95    1    1    1    1    1    1    1    1  6.52175E+10 0.13747 
   96   96    1    1    1    1    1    1    1    1  2.99956E+10 0.16168 
   97   97    1    1    1    1    1    1    1    1  1.64878E+10 0.18409 
   98   98    1    1    1    1    1    1    1    1  5.74043E+09 0.28770 
   99   99    1    1    1    1    1    1    1    1  1.90534E+09 0.80778 
  100  100    1    1    1    1    1    1    1    1  1.62073E+09 0.78633 
];


