
DETdpaspec = [
    1    1    1    1    1    1    1    1    1    1  0.00000E+00 0.00000 
    2    2    1    1    1    1    1    1    1    1  0.00000E+00 0.00000 
    3    3    1    1    1    1    1    1    1    1  0.00000E+00 0.00000 
    4    4    1    1    1    1    1    1    1    1  0.00000E+00 0.00000 
    5    5    1    1    1    1    1    1    1    1  0.00000E+00 0.00000 
    6    6    1    1    1    1    1    1    1    1  0.00000E+00 0.00000 
    7    7    1    1    1    1    1    1    1    1  1.96692E+07 1.00000 
    8    8    1    1    1    1    1    1    1    1  1.78335E+07 1.00000 
    9    9    1    1    1    1    1    1    1    1  8.04194E+07 0.74300 
   10   10    1    1    1    1    1    1    1    1  3.29292E+07 1.00000 
   11   11    1    1    1    1    1    1    1    1  3.63605E+08 0.60873 
   12   12    1    1    1    1    1    1    1    1  1.12142E+08 0.43191 
   13   13    1    1    1    1    1    1    1    1  2.86487E+09 0.44734 
   14   14    1    1    1    1    1    1    1    1  4.81729E+09 0.28228 
   15   15    1    1    1    1    1    1    1    1  1.19472E+10 0.26564 
   16   16    1    1    1    1    1    1    1    1  4.32614E+09 0.29730 
   17   17    1    1    1    1    1    1    1    1  3.12431E+09 0.22852 
   18   18    1    1    1    1    1    1    1    1  1.37117E+10 0.15373 
   19   19    1    1    1    1    1    1    1    1  1.43676E+10 0.15829 
   20   20    1    1    1    1    1    1    1    1  5.25918E+10 0.13543 
   21   21    1    1    1    1    1    1    1    1  3.20313E+10 0.10221 
   22   22    1    1    1    1    1    1    1    1  8.08015E+10 0.07380 
   23   23    1    1    1    1    1    1    1    1  1.37332E+11 0.07778 
   24   24    1    1    1    1    1    1    1    1  2.15015E+11 0.03917 
   25   25    1    1    1    1    1    1    1    1  2.81921E+11 0.04866 
   26   26    1    1    1    1    1    1    1    1  4.72708E+11 0.03707 
   27   27    1    1    1    1    1    1    1    1  9.73598E+11 0.02532 
   28   28    1    1    1    1    1    1    1    1  2.01798E+12 0.01469 
   29   29    1    1    1    1    1    1    1    1  2.89263E+12 0.01310 
   30   30    1    1    1    1    1    1    1    1  8.18976E+12 0.01168 
   31   31    1    1    1    1    1    1    1    1  2.18153E+13 0.00533 
   32   32    1    1    1    1    1    1    1    1  3.65961E+13 0.00444 
   33   33    1    1    1    1    1    1    1    1  7.56694E+13 0.00407 
   34   34    1    1    1    1    1    1    1    1  9.32164E+13 0.00402 
   35   35    1    1    1    1    1    1    1    1  1.34573E+14 0.00360 
   36   36    1    1    1    1    1    1    1    1  9.98237E+13 0.00225 
   37   37    1    1    1    1    1    1    1    1  3.15836E+13 0.00259 
   38   38    1    1    1    1    1    1    1    1  1.60571E+14 0.00209 
   39   39    1    1    1    1    1    1    1    1  2.05609E+14 0.00237 
   40   40    1    1    1    1    1    1    1    1  3.41466E+14 0.00196 
   41   41    1    1    1    1    1    1    1    1  3.40264E+14 0.00161 
   42   42    1    1    1    1    1    1    1    1  6.51638E+14 0.00157 
   43   43    1    1    1    1    1    1    1    1  7.40392E+14 0.00176 
   44   44    1    1    1    1    1    1    1    1  9.97551E+14 0.00172 
   45   45    1    1    1    1    1    1    1    1  1.83719E+15 0.00171 
   46   46    1    1    1    1    1    1    1    1  9.11221E+14 0.00171 
   47   47    1    1    1    1    1    1    1    1  1.38927E+15 0.00156 
   48   48    1    1    1    1    1    1    1    1  1.92022E+15 0.00192 
   49   49    1    1    1    1    1    1    1    1  1.81502E+15 0.00201 
   50   50    1    1    1    1    1    1    1    1  2.76315E+15 0.00204 
   51   51    1    1    1    1    1    1    1    1  2.19933E+15 0.00217 
   52   52    1    1    1    1    1    1    1    1  2.50292E+15 0.00209 
   53   53    1    1    1    1    1    1    1    1  1.76352E+15 0.00221 
   54   54    1    1    1    1    1    1    1    1  2.10611E+15 0.00201 
   55   55    1    1    1    1    1    1    1    1  1.47315E+15 0.00211 
   56   56    1    1    1    1    1    1    1    1  2.02301E+14 0.00251 
   57   57    1    1    1    1    1    1    1    1  2.88374E+15 0.00219 
   58   58    1    1    1    1    1    1    1    1  1.24366E+15 0.00225 
   59   59    1    1    1    1    1    1    1    1  1.34210E+15 0.00257 
   60   60    1    1    1    1    1    1    1    1  1.03350E+15 0.00254 
   61   61    1    1    1    1    1    1    1    1  1.03610E+15 0.00261 
   62   62    1    1    1    1    1    1    1    1  1.05510E+15 0.00267 
   63   63    1    1    1    1    1    1    1    1  8.77858E+14 0.00277 
   64   64    1    1    1    1    1    1    1    1  6.91856E+14 0.00274 
   65   65    1    1    1    1    1    1    1    1  6.82216E+14 0.00302 
   66   66    1    1    1    1    1    1    1    1  5.13717E+14 0.00292 
   67   67    1    1    1    1    1    1    1    1  4.22093E+14 0.00236 
   68   68    1    1    1    1    1    1    1    1  3.77444E+14 0.00260 
   69   69    1    1    1    1    1    1    1    1  4.55147E+14 0.00314 
   70   70    1    1    1    1    1    1    1    1  3.89278E+14 0.00318 
   71   71    1    1    1    1    1    1    1    1  7.28030E+14 0.00277 
   72   72    1    1    1    1    1    1    1    1  5.23523E+14 0.00296 
   73   73    1    1    1    1    1    1    1    1  3.96003E+14 0.00322 
   74   74    1    1    1    1    1    1    1    1  3.13864E+14 0.00233 
   75   75    1    1    1    1    1    1    1    1  2.54836E+14 0.00300 
   76   76    1    1    1    1    1    1    1    1  2.89140E+14 0.00334 
   77   77    1    1    1    1    1    1    1    1  2.24321E+14 0.00302 
   78   78    1    1    1    1    1    1    1    1  1.73816E+14 0.00424 
   79   79    1    1    1    1    1    1    1    1  1.77844E+14 0.00331 
   80   80    1    1    1    1    1    1    1    1  1.31405E+14 0.00353 
   81   81    1    1    1    1    1    1    1    1  1.00759E+14 0.00384 
   82   82    1    1    1    1    1    1    1    1  7.73783E+13 0.00391 
   83   83    1    1    1    1    1    1    1    1  7.26729E+13 0.00357 
   84   84    1    1    1    1    1    1    1    1  5.14366E+13 0.00489 
   85   85    1    1    1    1    1    1    1    1  3.74143E+13 0.00750 
   86   86    1    1    1    1    1    1    1    1  3.50688E+13 0.00646 
   87   87    1    1    1    1    1    1    1    1  2.19554E+13 0.00755 
   88   88    1    1    1    1    1    1    1    1  1.46610E+13 0.00828 
   89   89    1    1    1    1    1    1    1    1  8.52320E+12 0.01274 
   90   90    1    1    1    1    1    1    1    1  5.59512E+12 0.01064 
   91   91    1    1    1    1    1    1    1    1  2.78269E+12 0.01880 
   92   92    1    1    1    1    1    1    1    1  1.31690E+12 0.01983 
   93   93    1    1    1    1    1    1    1    1  7.15026E+11 0.03513 
   94   94    1    1    1    1    1    1    1    1  3.47999E+11 0.04559 
   95   95    1    1    1    1    1    1    1    1  1.45267E+11 0.08346 
   96   96    1    1    1    1    1    1    1    1  7.45919E+10 0.12074 
   97   97    1    1    1    1    1    1    1    1  3.48836E+10 0.09293 
   98   98    1    1    1    1    1    1    1    1  1.43379E+10 0.20345 
   99   99    1    1    1    1    1    1    1    1  8.36073E+09 0.31553 
  100  100    1    1    1    1    1    1    1    1  6.26174E+09 0.50046 
];


