
DETdpaspec = [
    1    1    1    1    1    1    1    1    1    1  0.00000E+00 0.00000 
    2    2    1    1    1    1    1    1    1    1  0.00000E+00 0.00000 
    3    3    1    1    1    1    1    1    1    1  0.00000E+00 0.00000 
    4    4    1    1    1    1    1    1    1    1  0.00000E+00 0.00000 
    5    5    1    1    1    1    1    1    1    1  3.65668E+07 1.00000 
    6    6    1    1    1    1    1    1    1    1  0.00000E+00 0.00000 
    7    7    1    1    1    1    1    1    1    1  0.00000E+00 0.00000 
    8    8    1    1    1    1    1    1    1    1  0.00000E+00 0.00000 
    9    9    1    1    1    1    1    1    1    1  7.96846E+07 0.68557 
   10   10    1    1    1    1    1    1    1    1  2.07829E+08 0.76425 
   11   11    1    1    1    1    1    1    1    1  2.32417E+08 1.00000 
   12   12    1    1    1    1    1    1    1    1  4.89963E+08 0.79270 
   13   13    1    1    1    1    1    1    1    1  3.50999E+09 0.38555 
   14   14    1    1    1    1    1    1    1    1  4.55948E+09 0.37964 
   15   15    1    1    1    1    1    1    1    1  6.26531E+09 0.39979 
   16   16    1    1    1    1    1    1    1    1  2.03502E+09 0.74145 
   17   17    1    1    1    1    1    1    1    1  5.58740E+09 0.27962 
   18   18    1    1    1    1    1    1    1    1  1.20663E+10 0.20582 
   19   19    1    1    1    1    1    1    1    1  1.65373E+10 0.25594 
   20   20    1    1    1    1    1    1    1    1  4.91232E+10 0.15901 
   21   21    1    1    1    1    1    1    1    1  4.40174E+10 0.14445 
   22   22    1    1    1    1    1    1    1    1  1.43290E+11 0.06495 
   23   23    1    1    1    1    1    1    1    1  5.20430E+11 0.03931 
   24   24    1    1    1    1    1    1    1    1  1.60572E+12 0.02035 
   25   25    1    1    1    1    1    1    1    1  2.77180E+12 0.01951 
   26   26    1    1    1    1    1    1    1    1  5.68126E+12 0.01508 
   27   27    1    1    1    1    1    1    1    1  1.13252E+13 0.01020 
   28   28    1    1    1    1    1    1    1    1  2.32905E+13 0.00835 
   29   29    1    1    1    1    1    1    1    1  3.61041E+13 0.00361 
   30   30    1    1    1    1    1    1    1    1  6.79043E+13 0.00346 
   31   31    1    1    1    1    1    1    1    1  1.41102E+14 0.00223 
   32   32    1    1    1    1    1    1    1    1  1.99002E+14 0.00259 
   33   33    1    1    1    1    1    1    1    1  3.76526E+14 0.00157 
   34   34    1    1    1    1    1    1    1    1  4.59569E+14 0.00119 
   35   35    1    1    1    1    1    1    1    1  5.08789E+14 0.00124 
   36   36    1    1    1    1    1    1    1    1  3.35654E+14 0.00100 
   37   37    1    1    1    1    1    1    1    1  9.87144E+13 0.00095 
   38   38    1    1    1    1    1    1    1    1  5.28446E+14 0.00101 
   39   39    1    1    1    1    1    1    1    1  6.66757E+14 0.00109 
   40   40    1    1    1    1    1    1    1    1  1.12452E+15 0.00086 
   41   41    1    1    1    1    1    1    1    1  1.04352E+15 0.00082 
   42   42    1    1    1    1    1    1    1    1  2.05898E+15 0.00101 
   43   43    1    1    1    1    1    1    1    1  2.31991E+15 0.00078 
   44   44    1    1    1    1    1    1    1    1  3.09388E+15 0.00075 
   45   45    1    1    1    1    1    1    1    1  5.76011E+15 0.00073 
   46   46    1    1    1    1    1    1    1    1  2.77747E+15 0.00063 
   47   47    1    1    1    1    1    1    1    1  4.13023E+15 0.00062 
   48   48    1    1    1    1    1    1    1    1  5.69887E+15 0.00044 
   49   49    1    1    1    1    1    1    1    1  5.25348E+15 0.00064 
   50   50    1    1    1    1    1    1    1    1  8.21474E+15 0.00060 
   51   51    1    1    1    1    1    1    1    1  6.28994E+15 0.00048 
   52   52    1    1    1    1    1    1    1    1  7.40417E+15 0.00071 
   53   53    1    1    1    1    1    1    1    1  5.14319E+15 0.00065 
   54   54    1    1    1    1    1    1    1    1  6.37339E+15 0.00070 
   55   55    1    1    1    1    1    1    1    1  4.41735E+15 0.00069 
   56   56    1    1    1    1    1    1    1    1  6.00329E+14 0.00102 
   57   57    1    1    1    1    1    1    1    1  8.60295E+15 0.00061 
   58   58    1    1    1    1    1    1    1    1  3.89650E+15 0.00069 
   59   59    1    1    1    1    1    1    1    1  4.13526E+15 0.00080 
   60   60    1    1    1    1    1    1    1    1  3.30526E+15 0.00086 
   61   61    1    1    1    1    1    1    1    1  3.28422E+15 0.00082 
   62   62    1    1    1    1    1    1    1    1  3.35990E+15 0.00068 
   63   63    1    1    1    1    1    1    1    1  2.81531E+15 0.00093 
   64   64    1    1    1    1    1    1    1    1  2.22385E+15 0.00093 
   65   65    1    1    1    1    1    1    1    1  2.18995E+15 0.00087 
   66   66    1    1    1    1    1    1    1    1  1.65880E+15 0.00077 
   67   67    1    1    1    1    1    1    1    1  1.34465E+15 0.00102 
   68   68    1    1    1    1    1    1    1    1  1.19025E+15 0.00089 
   69   69    1    1    1    1    1    1    1    1  1.43240E+15 0.00112 
   70   70    1    1    1    1    1    1    1    1  1.21700E+15 0.00096 
   71   71    1    1    1    1    1    1    1    1  2.19255E+15 0.00082 
   72   72    1    1    1    1    1    1    1    1  1.56065E+15 0.00105 
   73   73    1    1    1    1    1    1    1    1  1.18787E+15 0.00119 
   74   74    1    1    1    1    1    1    1    1  9.69740E+14 0.00081 
   75   75    1    1    1    1    1    1    1    1  8.11168E+14 0.00078 
   76   76    1    1    1    1    1    1    1    1  9.47618E+14 0.00106 
   77   77    1    1    1    1    1    1    1    1  7.56089E+14 0.00107 
   78   78    1    1    1    1    1    1    1    1  5.98257E+14 0.00126 
   79   79    1    1    1    1    1    1    1    1  6.22134E+14 0.00149 
   80   80    1    1    1    1    1    1    1    1  4.65186E+14 0.00180 
   81   81    1    1    1    1    1    1    1    1  3.59509E+14 0.00175 
   82   82    1    1    1    1    1    1    1    1  2.76538E+14 0.00184 
   83   83    1    1    1    1    1    1    1    1  2.58330E+14 0.00149 
   84   84    1    1    1    1    1    1    1    1  1.85140E+14 0.00168 
   85   85    1    1    1    1    1    1    1    1  1.34183E+14 0.00250 
   86   86    1    1    1    1    1    1    1    1  1.25103E+14 0.00270 
   87   87    1    1    1    1    1    1    1    1  7.64903E+13 0.00315 
   88   88    1    1    1    1    1    1    1    1  5.13861E+13 0.00398 
   89   89    1    1    1    1    1    1    1    1  2.90010E+13 0.00474 
   90   90    1    1    1    1    1    1    1    1  1.93613E+13 0.00678 
   91   91    1    1    1    1    1    1    1    1  9.68491E+12 0.00941 
   92   92    1    1    1    1    1    1    1    1  4.60055E+12 0.01565 
   93   93    1    1    1    1    1    1    1    1  2.25559E+12 0.01796 
   94   94    1    1    1    1    1    1    1    1  1.07234E+12 0.02054 
   95   95    1    1    1    1    1    1    1    1  5.03272E+11 0.03583 
   96   96    1    1    1    1    1    1    1    1  2.33028E+11 0.06498 
   97   97    1    1    1    1    1    1    1    1  1.23579E+11 0.08988 
   98   98    1    1    1    1    1    1    1    1  5.37141E+10 0.16055 
   99   99    1    1    1    1    1    1    1    1  3.36395E+10 0.15216 
  100  100    1    1    1    1    1    1    1    1  2.94838E+10 0.16219 
];


