
DETdpaspec = [
    1    1    1    1    1    1    1    1    1    1  0.00000E+00 0.00000 
    2    2    1    1    1    1    1    1    1    1  0.00000E+00 0.00000 
    3    3    1    1    1    1    1    1    1    1  0.00000E+00 0.00000 
    4    4    1    1    1    1    1    1    1    1  0.00000E+00 0.00000 
    5    5    1    1    1    1    1    1    1    1  0.00000E+00 0.00000 
    6    6    1    1    1    1    1    1    1    1  0.00000E+00 0.00000 
    7    7    1    1    1    1    1    1    1    1  0.00000E+00 0.00000 
    8    8    1    1    1    1    1    1    1    1  0.00000E+00 0.00000 
    9    9    1    1    1    1    1    1    1    1  1.08440E+07 1.00000 
   10   10    1    1    1    1    1    1    1    1  5.77796E+07 1.00000 
   11   11    1    1    1    1    1    1    1    1  3.19822E+08 0.49341 
   12   12    1    1    1    1    1    1    1    1  1.81221E+08 0.48956 
   13   13    1    1    1    1    1    1    1    1  1.91170E+09 0.32812 
   14   14    1    1    1    1    1    1    1    1  1.64544E+09 0.42676 
   15   15    1    1    1    1    1    1    1    1  5.33351E+09 0.30329 
   16   16    1    1    1    1    1    1    1    1  3.12526E+09 0.29153 
   17   17    1    1    1    1    1    1    1    1  4.23362E+09 0.22588 
   18   18    1    1    1    1    1    1    1    1  1.70037E+10 0.13708 
   19   19    1    1    1    1    1    1    1    1  1.44904E+10 0.15428 
   20   20    1    1    1    1    1    1    1    1  5.32548E+10 0.10657 
   21   21    1    1    1    1    1    1    1    1  3.54522E+10 0.09213 
   22   22    1    1    1    1    1    1    1    1  9.78244E+10 0.08815 
   23   23    1    1    1    1    1    1    1    1  1.26487E+11 0.04785 
   24   24    1    1    1    1    1    1    1    1  1.95392E+11 0.04157 
   25   25    1    1    1    1    1    1    1    1  2.95887E+11 0.05272 
   26   26    1    1    1    1    1    1    1    1  4.83697E+11 0.04408 
   27   27    1    1    1    1    1    1    1    1  9.87532E+11 0.02700 
   28   28    1    1    1    1    1    1    1    1  2.10357E+12 0.01699 
   29   29    1    1    1    1    1    1    1    1  3.06318E+12 0.01386 
   30   30    1    1    1    1    1    1    1    1  8.74483E+12 0.00891 
   31   31    1    1    1    1    1    1    1    1  2.32330E+13 0.00671 
   32   32    1    1    1    1    1    1    1    1  3.86163E+13 0.00486 
   33   33    1    1    1    1    1    1    1    1  8.05081E+13 0.00387 
   34   34    1    1    1    1    1    1    1    1  9.91142E+13 0.00360 
   35   35    1    1    1    1    1    1    1    1  1.42840E+14 0.00292 
   36   36    1    1    1    1    1    1    1    1  1.06339E+14 0.00265 
   37   37    1    1    1    1    1    1    1    1  3.36001E+13 0.00271 
   38   38    1    1    1    1    1    1    1    1  1.71265E+14 0.00279 
   39   39    1    1    1    1    1    1    1    1  2.19246E+14 0.00269 
   40   40    1    1    1    1    1    1    1    1  3.64974E+14 0.00229 
   41   41    1    1    1    1    1    1    1    1  3.63705E+14 0.00192 
   42   42    1    1    1    1    1    1    1    1  6.97652E+14 0.00200 
   43   43    1    1    1    1    1    1    1    1  7.93813E+14 0.00182 
   44   44    1    1    1    1    1    1    1    1  1.06921E+15 0.00159 
   45   45    1    1    1    1    1    1    1    1  1.97096E+15 0.00118 
   46   46    1    1    1    1    1    1    1    1  9.78870E+14 0.00139 
   47   47    1    1    1    1    1    1    1    1  1.49389E+15 0.00136 
   48   48    1    1    1    1    1    1    1    1  2.07135E+15 0.00151 
   49   49    1    1    1    1    1    1    1    1  1.95689E+15 0.00171 
   50   50    1    1    1    1    1    1    1    1  2.97987E+15 0.00155 
   51   51    1    1    1    1    1    1    1    1  2.37392E+15 0.00168 
   52   52    1    1    1    1    1    1    1    1  2.70496E+15 0.00157 
   53   53    1    1    1    1    1    1    1    1  1.90265E+15 0.00154 
   54   54    1    1    1    1    1    1    1    1  2.28026E+15 0.00154 
   55   55    1    1    1    1    1    1    1    1  1.59386E+15 0.00137 
   56   56    1    1    1    1    1    1    1    1  2.19063E+14 0.00225 
   57   57    1    1    1    1    1    1    1    1  3.12343E+15 0.00147 
   58   58    1    1    1    1    1    1    1    1  1.34945E+15 0.00136 
   59   59    1    1    1    1    1    1    1    1  1.45619E+15 0.00164 
   60   60    1    1    1    1    1    1    1    1  1.12167E+15 0.00145 
   61   61    1    1    1    1    1    1    1    1  1.12453E+15 0.00153 
   62   62    1    1    1    1    1    1    1    1  1.14418E+15 0.00171 
   63   63    1    1    1    1    1    1    1    1  9.51136E+14 0.00183 
   64   64    1    1    1    1    1    1    1    1  7.49836E+14 0.00166 
   65   65    1    1    1    1    1    1    1    1  7.41215E+14 0.00149 
   66   66    1    1    1    1    1    1    1    1  5.59770E+14 0.00186 
   67   67    1    1    1    1    1    1    1    1  4.60874E+14 0.00162 
   68   68    1    1    1    1    1    1    1    1  4.11677E+14 0.00235 
   69   69    1    1    1    1    1    1    1    1  4.95593E+14 0.00198 
   70   70    1    1    1    1    1    1    1    1  4.24108E+14 0.00200 
   71   71    1    1    1    1    1    1    1    1  7.91385E+14 0.00176 
   72   72    1    1    1    1    1    1    1    1  5.68573E+14 0.00167 
   73   73    1    1    1    1    1    1    1    1  4.31149E+14 0.00160 
   74   74    1    1    1    1    1    1    1    1  3.42095E+14 0.00219 
   75   75    1    1    1    1    1    1    1    1  2.77769E+14 0.00265 
   76   76    1    1    1    1    1    1    1    1  3.15402E+14 0.00216 
   77   77    1    1    1    1    1    1    1    1  2.44153E+14 0.00193 
   78   78    1    1    1    1    1    1    1    1  1.88681E+14 0.00234 
   79   79    1    1    1    1    1    1    1    1  1.93393E+14 0.00204 
   80   80    1    1    1    1    1    1    1    1  1.43070E+14 0.00359 
   81   81    1    1    1    1    1    1    1    1  1.09636E+14 0.00341 
   82   82    1    1    1    1    1    1    1    1  8.50433E+13 0.00468 
   83   83    1    1    1    1    1    1    1    1  7.87056E+13 0.00370 
   84   84    1    1    1    1    1    1    1    1  5.70151E+13 0.00445 
   85   85    1    1    1    1    1    1    1    1  4.10349E+13 0.00620 
   86   86    1    1    1    1    1    1    1    1  3.82630E+13 0.00573 
   87   87    1    1    1    1    1    1    1    1  2.36597E+13 0.00706 
   88   88    1    1    1    1    1    1    1    1  1.60134E+13 0.00786 
   89   89    1    1    1    1    1    1    1    1  9.32153E+12 0.00947 
   90   90    1    1    1    1    1    1    1    1  6.07968E+12 0.01042 
   91   91    1    1    1    1    1    1    1    1  3.15626E+12 0.01254 
   92   92    1    1    1    1    1    1    1    1  1.49777E+12 0.02336 
   93   93    1    1    1    1    1    1    1    1  7.69499E+11 0.04245 
   94   94    1    1    1    1    1    1    1    1  3.77320E+11 0.05072 
   95   95    1    1    1    1    1    1    1    1  1.94047E+11 0.07581 
   96   96    1    1    1    1    1    1    1    1  8.99335E+10 0.07422 
   97   97    1    1    1    1    1    1    1    1  3.93839E+10 0.17177 
   98   98    1    1    1    1    1    1    1    1  1.59862E+10 0.26438 
   99   99    1    1    1    1    1    1    1    1  1.10946E+10 0.22533 
  100  100    1    1    1    1    1    1    1    1  5.40973E+09 0.33112 
];


