
DETdpaspec = [
    1    1    1    1    1    1    1    1    1    1  0.00000E+00 0.00000 
    2    2    1    1    1    1    1    1    1    1  0.00000E+00 0.00000 
    3    3    1    1    1    1    1    1    1    1  0.00000E+00 0.00000 
    4    4    1    1    1    1    1    1    1    1  0.00000E+00 0.00000 
    5    5    1    1    1    1    1    1    1    1  0.00000E+00 0.00000 
    6    6    1    1    1    1    1    1    1    1  2.29388E+07 1.00000 
    7    7    1    1    1    1    1    1    1    1  2.21927E+07 1.00000 
    8    8    1    1    1    1    1    1    1    1  3.91425E+07 0.68901 
    9    9    1    1    1    1    1    1    1    1  0.00000E+00 0.00000 
   10   10    1    1    1    1    1    1    1    1  7.87855E+07 0.71198 
   11   11    1    1    1    1    1    1    1    1  2.44505E+08 0.81296 
   12   12    1    1    1    1    1    1    1    1  9.78723E+07 0.57566 
   13   13    1    1    1    1    1    1    1    1  2.61387E+09 0.43998 
   14   14    1    1    1    1    1    1    1    1  5.02617E+09 0.29042 
   15   15    1    1    1    1    1    1    1    1  7.08530E+09 0.25537 
   16   16    1    1    1    1    1    1    1    1  2.60555E+09 0.22895 
   17   17    1    1    1    1    1    1    1    1  4.05663E+09 0.18578 
   18   18    1    1    1    1    1    1    1    1  9.09960E+09 0.23240 
   19   19    1    1    1    1    1    1    1    1  1.78849E+10 0.15026 
   20   20    1    1    1    1    1    1    1    1  4.74243E+10 0.16966 
   21   21    1    1    1    1    1    1    1    1  4.58482E+10 0.10910 
   22   22    1    1    1    1    1    1    1    1  1.12363E+11 0.04616 
   23   23    1    1    1    1    1    1    1    1  1.57245E+11 0.06118 
   24   24    1    1    1    1    1    1    1    1  2.73183E+11 0.03949 
   25   25    1    1    1    1    1    1    1    1  3.52888E+11 0.03683 
   26   26    1    1    1    1    1    1    1    1  6.66476E+11 0.02972 
   27   27    1    1    1    1    1    1    1    1  1.39502E+12 0.02445 
   28   28    1    1    1    1    1    1    1    1  3.15594E+12 0.01262 
   29   29    1    1    1    1    1    1    1    1  4.77556E+12 0.01447 
   30   30    1    1    1    1    1    1    1    1  1.31705E+13 0.00697 
   31   31    1    1    1    1    1    1    1    1  3.51333E+13 0.00419 
   32   32    1    1    1    1    1    1    1    1  5.85177E+13 0.00297 
   33   33    1    1    1    1    1    1    1    1  1.25091E+14 0.00266 
   34   34    1    1    1    1    1    1    1    1  1.58030E+14 0.00201 
   35   35    1    1    1    1    1    1    1    1  2.20517E+14 0.00222 
   36   36    1    1    1    1    1    1    1    1  1.63429E+14 0.00171 
   37   37    1    1    1    1    1    1    1    1  5.10199E+13 0.00187 
   38   38    1    1    1    1    1    1    1    1  2.64608E+14 0.00184 
   39   39    1    1    1    1    1    1    1    1  3.40207E+14 0.00121 
   40   40    1    1    1    1    1    1    1    1  5.73399E+14 0.00129 
   41   41    1    1    1    1    1    1    1    1  5.68148E+14 0.00122 
   42   42    1    1    1    1    1    1    1    1  1.10540E+15 0.00105 
   43   43    1    1    1    1    1    1    1    1  1.26526E+15 0.00084 
   44   44    1    1    1    1    1    1    1    1  1.71886E+15 0.00104 
   45   45    1    1    1    1    1    1    1    1  3.22531E+15 0.00097 
   46   46    1    1    1    1    1    1    1    1  1.60747E+15 0.00099 
   47   47    1    1    1    1    1    1    1    1  2.44801E+15 0.00072 
   48   48    1    1    1    1    1    1    1    1  3.41779E+15 0.00073 
   49   49    1    1    1    1    1    1    1    1  3.22867E+15 0.00089 
   50   50    1    1    1    1    1    1    1    1  4.99366E+15 0.00074 
   51   51    1    1    1    1    1    1    1    1  3.96699E+15 0.00083 
   52   52    1    1    1    1    1    1    1    1  4.58689E+15 0.00081 
   53   53    1    1    1    1    1    1    1    1  3.23321E+15 0.00065 
   54   54    1    1    1    1    1    1    1    1  3.92012E+15 0.00082 
   55   55    1    1    1    1    1    1    1    1  2.74340E+15 0.00087 
   56   56    1    1    1    1    1    1    1    1  3.76348E+14 0.00122 
   57   57    1    1    1    1    1    1    1    1  5.39464E+15 0.00108 
   58   58    1    1    1    1    1    1    1    1  2.36708E+15 0.00101 
   59   59    1    1    1    1    1    1    1    1  2.55169E+15 0.00103 
   60   60    1    1    1    1    1    1    1    1  1.98965E+15 0.00095 
   61   61    1    1    1    1    1    1    1    1  1.99217E+15 0.00095 
   62   62    1    1    1    1    1    1    1    1  2.03781E+15 0.00113 
   63   63    1    1    1    1    1    1    1    1  1.70486E+15 0.00134 
   64   64    1    1    1    1    1    1    1    1  1.34819E+15 0.00097 
   65   65    1    1    1    1    1    1    1    1  1.33333E+15 0.00127 
   66   66    1    1    1    1    1    1    1    1  1.00841E+15 0.00116 
   67   67    1    1    1    1    1    1    1    1  8.27100E+14 0.00117 
   68   68    1    1    1    1    1    1    1    1  7.39776E+14 0.00111 
   69   69    1    1    1    1    1    1    1    1  8.91294E+14 0.00157 
   70   70    1    1    1    1    1    1    1    1  7.63281E+14 0.00134 
   71   71    1    1    1    1    1    1    1    1  1.41400E+15 0.00147 
   72   72    1    1    1    1    1    1    1    1  1.01564E+15 0.00150 
   73   73    1    1    1    1    1    1    1    1  7.73644E+14 0.00166 
   74   74    1    1    1    1    1    1    1    1  6.20097E+14 0.00139 
   75   75    1    1    1    1    1    1    1    1  5.08325E+14 0.00119 
   76   76    1    1    1    1    1    1    1    1  5.82012E+14 0.00147 
   77   77    1    1    1    1    1    1    1    1  4.53525E+14 0.00181 
   78   78    1    1    1    1    1    1    1    1  3.54444E+14 0.00179 
   79   79    1    1    1    1    1    1    1    1  3.64439E+14 0.00190 
   80   80    1    1    1    1    1    1    1    1  2.70987E+14 0.00229 
   81   81    1    1    1    1    1    1    1    1  2.08591E+14 0.00265 
   82   82    1    1    1    1    1    1    1    1  1.60013E+14 0.00267 
   83   83    1    1    1    1    1    1    1    1  1.49435E+14 0.00201 
   84   84    1    1    1    1    1    1    1    1  1.07148E+14 0.00271 
   85   85    1    1    1    1    1    1    1    1  7.74948E+13 0.00342 
   86   86    1    1    1    1    1    1    1    1  7.25735E+13 0.00315 
   87   87    1    1    1    1    1    1    1    1  4.50917E+13 0.00490 
   88   88    1    1    1    1    1    1    1    1  3.02717E+13 0.00373 
   89   89    1    1    1    1    1    1    1    1  1.74051E+13 0.00669 
   90   90    1    1    1    1    1    1    1    1  1.15675E+13 0.00966 
   91   91    1    1    1    1    1    1    1    1  5.75641E+12 0.01120 
   92   92    1    1    1    1    1    1    1    1  2.84582E+12 0.01715 
   93   93    1    1    1    1    1    1    1    1  1.41318E+12 0.02899 
   94   94    1    1    1    1    1    1    1    1  6.83430E+11 0.02823 
   95   95    1    1    1    1    1    1    1    1  3.06378E+11 0.05421 
   96   96    1    1    1    1    1    1    1    1  1.58335E+11 0.07659 
   97   97    1    1    1    1    1    1    1    1  7.65935E+10 0.10633 
   98   98    1    1    1    1    1    1    1    1  3.94808E+10 0.17789 
   99   99    1    1    1    1    1    1    1    1  1.90996E+10 0.21667 
  100  100    1    1    1    1    1    1    1    1  1.05406E+10 0.27531 
];


