
DETdpaspec = [
    1    1    1    1    1    1    1    1    1    1  0.00000E+00 0.00000 
    2    2    1    1    1    1    1    1    1    1  0.00000E+00 0.00000 
    3    3    1    1    1    1    1    1    1    1  0.00000E+00 0.00000 
    4    4    1    1    1    1    1    1    1    1  0.00000E+00 0.00000 
    5    5    1    1    1    1    1    1    1    1  0.00000E+00 0.00000 
    6    6    1    1    1    1    1    1    1    1  0.00000E+00 0.00000 
    7    7    1    1    1    1    1    1    1    1  1.94427E+07 1.00000 
    8    8    1    1    1    1    1    1    1    1  0.00000E+00 0.00000 
    9    9    1    1    1    1    1    1    1    1  0.00000E+00 0.00000 
   10   10    1    1    1    1    1    1    1    1  1.60889E+08 0.55863 
   11   11    1    1    1    1    1    1    1    1  0.00000E+00 0.00000 
   12   12    1    1    1    1    1    1    1    1  6.77870E+07 0.67405 
   13   13    1    1    1    1    1    1    1    1  5.85888E+08 0.80532 
   14   14    1    1    1    1    1    1    1    1  2.17644E+09 0.43701 
   15   15    1    1    1    1    1    1    1    1  5.02473E+09 0.38100 
   16   16    1    1    1    1    1    1    1    1  1.81509E+09 0.33410 
   17   17    1    1    1    1    1    1    1    1  3.15173E+09 0.28792 
   18   18    1    1    1    1    1    1    1    1  5.57852E+09 0.25646 
   19   19    1    1    1    1    1    1    1    1  9.79137E+09 0.18885 
   20   20    1    1    1    1    1    1    1    1  3.64104E+10 0.17319 
   21   21    1    1    1    1    1    1    1    1  2.34725E+10 0.12651 
   22   22    1    1    1    1    1    1    1    1  6.90286E+10 0.09302 
   23   23    1    1    1    1    1    1    1    1  8.25847E+10 0.08278 
   24   24    1    1    1    1    1    1    1    1  1.27283E+11 0.08949 
   25   25    1    1    1    1    1    1    1    1  1.76855E+11 0.05199 
   26   26    1    1    1    1    1    1    1    1  3.08945E+11 0.04955 
   27   27    1    1    1    1    1    1    1    1  6.39562E+11 0.03684 
   28   28    1    1    1    1    1    1    1    1  1.19842E+12 0.02303 
   29   29    1    1    1    1    1    1    1    1  1.62383E+12 0.01872 
   30   30    1    1    1    1    1    1    1    1  4.79227E+12 0.01204 
   31   31    1    1    1    1    1    1    1    1  1.23737E+13 0.01015 
   32   32    1    1    1    1    1    1    1    1  2.05378E+13 0.00487 
   33   33    1    1    1    1    1    1    1    1  4.14251E+13 0.00438 
   34   34    1    1    1    1    1    1    1    1  4.99962E+13 0.00466 
   35   35    1    1    1    1    1    1    1    1  7.28620E+13 0.00366 
   36   36    1    1    1    1    1    1    1    1  5.40062E+13 0.00477 
   37   37    1    1    1    1    1    1    1    1  1.71495E+13 0.00413 
   38   38    1    1    1    1    1    1    1    1  8.61492E+13 0.00386 
   39   39    1    1    1    1    1    1    1    1  1.09838E+14 0.00385 
   40   40    1    1    1    1    1    1    1    1  1.80203E+14 0.00358 
   41   41    1    1    1    1    1    1    1    1  1.80377E+14 0.00353 
   42   42    1    1    1    1    1    1    1    1  3.40318E+14 0.00338 
   43   43    1    1    1    1    1    1    1    1  3.83768E+14 0.00307 
   44   44    1    1    1    1    1    1    1    1  5.10451E+14 0.00290 
   45   45    1    1    1    1    1    1    1    1  9.27987E+14 0.00280 
   46   46    1    1    1    1    1    1    1    1  4.58181E+14 0.00321 
   47   47    1    1    1    1    1    1    1    1  6.99550E+14 0.00276 
   48   48    1    1    1    1    1    1    1    1  9.61039E+14 0.00259 
   49   49    1    1    1    1    1    1    1    1  9.08254E+14 0.00252 
   50   50    1    1    1    1    1    1    1    1  1.36701E+15 0.00236 
   51   51    1    1    1    1    1    1    1    1  1.08791E+15 0.00313 
   52   52    1    1    1    1    1    1    1    1  1.22387E+15 0.00294 
   53   53    1    1    1    1    1    1    1    1  8.61752E+14 0.00309 
   54   54    1    1    1    1    1    1    1    1  1.02218E+15 0.00331 
   55   55    1    1    1    1    1    1    1    1  7.15414E+14 0.00336 
   56   56    1    1    1    1    1    1    1    1  9.83414E+13 0.00315 
   57   57    1    1    1    1    1    1    1    1  1.39892E+15 0.00312 
   58   58    1    1    1    1    1    1    1    1  5.94939E+14 0.00314 
   59   59    1    1    1    1    1    1    1    1  6.44085E+14 0.00342 
   60   60    1    1    1    1    1    1    1    1  4.92259E+14 0.00333 
   61   61    1    1    1    1    1    1    1    1  4.93932E+14 0.00331 
   62   62    1    1    1    1    1    1    1    1  4.99947E+14 0.00357 
   63   63    1    1    1    1    1    1    1    1  4.13994E+14 0.00372 
   64   64    1    1    1    1    1    1    1    1  3.26050E+14 0.00337 
   65   65    1    1    1    1    1    1    1    1  3.20271E+14 0.00325 
   66   66    1    1    1    1    1    1    1    1  2.41267E+14 0.00369 
   67   67    1    1    1    1    1    1    1    1  1.98660E+14 0.00369 
   68   68    1    1    1    1    1    1    1    1  1.77491E+14 0.00462 
   69   69    1    1    1    1    1    1    1    1  2.13457E+14 0.00413 
   70   70    1    1    1    1    1    1    1    1  1.83030E+14 0.00415 
   71   71    1    1    1    1    1    1    1    1  3.43371E+14 0.00369 
   72   72    1    1    1    1    1    1    1    1  2.46997E+14 0.00423 
   73   73    1    1    1    1    1    1    1    1  1.86577E+14 0.00362 
   74   74    1    1    1    1    1    1    1    1  1.47172E+14 0.00438 
   75   75    1    1    1    1    1    1    1    1  1.18680E+14 0.00454 
   76   76    1    1    1    1    1    1    1    1  1.33993E+14 0.00465 
   77   77    1    1    1    1    1    1    1    1  1.03215E+14 0.00493 
   78   78    1    1    1    1    1    1    1    1  7.97633E+13 0.00555 
   79   79    1    1    1    1    1    1    1    1  8.07912E+13 0.00431 
   80   80    1    1    1    1    1    1    1    1  5.98580E+13 0.00598 
   81   81    1    1    1    1    1    1    1    1  4.59878E+13 0.00525 
   82   82    1    1    1    1    1    1    1    1  3.52474E+13 0.00710 
   83   83    1    1    1    1    1    1    1    1  3.26925E+13 0.00753 
   84   84    1    1    1    1    1    1    1    1  2.36049E+13 0.00725 
   85   85    1    1    1    1    1    1    1    1  1.71917E+13 0.00931 
   86   86    1    1    1    1    1    1    1    1  1.59354E+13 0.00882 
   87   87    1    1    1    1    1    1    1    1  9.87294E+12 0.00809 
   88   88    1    1    1    1    1    1    1    1  6.75022E+12 0.01317 
   89   89    1    1    1    1    1    1    1    1  3.88218E+12 0.01185 
   90   90    1    1    1    1    1    1    1    1  2.65114E+12 0.01568 
   91   91    1    1    1    1    1    1    1    1  1.31680E+12 0.01784 
   92   92    1    1    1    1    1    1    1    1  6.59054E+11 0.04178 
   93   93    1    1    1    1    1    1    1    1  2.98493E+11 0.05514 
   94   94    1    1    1    1    1    1    1    1  1.66043E+11 0.07344 
   95   95    1    1    1    1    1    1    1    1  6.39917E+10 0.10959 
   96   96    1    1    1    1    1    1    1    1  3.57420E+10 0.14144 
   97   97    1    1    1    1    1    1    1    1  1.33517E+10 0.21106 
   98   98    1    1    1    1    1    1    1    1  6.19526E+09 0.31009 
   99   99    1    1    1    1    1    1    1    1  1.59213E+09 0.77717 
  100  100    1    1    1    1    1    1    1    1  5.13994E+09 0.40644 
];


