
DETdpaspec = [
    1    1    1    1    1    1    1    1    1    1  0.00000E+00 0.00000 
    2    2    1    1    1    1    1    1    1    1  0.00000E+00 0.00000 
    3    3    1    1    1    1    1    1    1    1  0.00000E+00 0.00000 
    4    4    1    1    1    1    1    1    1    1  0.00000E+00 0.00000 
    5    5    1    1    1    1    1    1    1    1  0.00000E+00 0.00000 
    6    6    1    1    1    1    1    1    1    1  0.00000E+00 0.00000 
    7    7    1    1    1    1    1    1    1    1  9.95054E+07 1.00000 
    8    8    1    1    1    1    1    1    1    1  2.33838E+07 1.00000 
    9    9    1    1    1    1    1    1    1    1  0.00000E+00 0.00000 
   10   10    1    1    1    1    1    1    1    1  0.00000E+00 0.00000 
   11   11    1    1    1    1    1    1    1    1  1.19992E+08 1.00000 
   12   12    1    1    1    1    1    1    1    1  1.56854E+08 1.00000 
   13   13    1    1    1    1    1    1    1    1  1.67349E+09 0.55049 
   14   14    1    1    1    1    1    1    1    1  4.75757E+09 0.46535 
   15   15    1    1    1    1    1    1    1    1  4.56868E+09 0.62760 
   16   16    1    1    1    1    1    1    1    1  1.52934E+09 0.35351 
   17   17    1    1    1    1    1    1    1    1  6.08561E+09 0.27507 
   18   18    1    1    1    1    1    1    1    1  8.29332E+09 0.30785 
   19   19    1    1    1    1    1    1    1    1  1.12003E+10 0.25556 
   20   20    1    1    1    1    1    1    1    1  3.40341E+10 0.13779 
   21   21    1    1    1    1    1    1    1    1  4.27031E+10 0.13549 
   22   22    1    1    1    1    1    1    1    1  1.63657E+11 0.06908 
   23   23    1    1    1    1    1    1    1    1  7.43901E+11 0.03430 
   24   24    1    1    1    1    1    1    1    1  2.29959E+12 0.01894 
   25   25    1    1    1    1    1    1    1    1  3.78503E+12 0.01833 
   26   26    1    1    1    1    1    1    1    1  7.58465E+12 0.00946 
   27   27    1    1    1    1    1    1    1    1  1.45315E+13 0.00691 
   28   28    1    1    1    1    1    1    1    1  2.86735E+13 0.00529 
   29   29    1    1    1    1    1    1    1    1  4.34939E+13 0.00433 
   30   30    1    1    1    1    1    1    1    1  7.95560E+13 0.00279 
   31   31    1    1    1    1    1    1    1    1  1.59002E+14 0.00271 
   32   32    1    1    1    1    1    1    1    1  2.19572E+14 0.00224 
   33   33    1    1    1    1    1    1    1    1  4.09408E+14 0.00165 
   34   34    1    1    1    1    1    1    1    1  4.93587E+14 0.00150 
   35   35    1    1    1    1    1    1    1    1  5.37048E+14 0.00084 
   36   36    1    1    1    1    1    1    1    1  3.50831E+14 0.00107 
   37   37    1    1    1    1    1    1    1    1  1.02599E+14 0.00119 
   38   38    1    1    1    1    1    1    1    1  5.48195E+14 0.00096 
   39   39    1    1    1    1    1    1    1    1  6.91436E+14 0.00075 
   40   40    1    1    1    1    1    1    1    1  1.16286E+15 0.00082 
   41   41    1    1    1    1    1    1    1    1  1.07403E+15 0.00075 
   42   42    1    1    1    1    1    1    1    1  2.11292E+15 0.00068 
   43   43    1    1    1    1    1    1    1    1  2.37127E+15 0.00050 
   44   44    1    1    1    1    1    1    1    1  3.15419E+15 0.00073 
   45   45    1    1    1    1    1    1    1    1  5.84695E+15 0.00057 
   46   46    1    1    1    1    1    1    1    1  2.80596E+15 0.00063 
   47   47    1    1    1    1    1    1    1    1  4.16721E+15 0.00071 
   48   48    1    1    1    1    1    1    1    1  5.72859E+15 0.00062 
   49   49    1    1    1    1    1    1    1    1  5.26736E+15 0.00072 
   50   50    1    1    1    1    1    1    1    1  8.22025E+15 0.00064 
   51   51    1    1    1    1    1    1    1    1  6.27873E+15 0.00065 
   52   52    1    1    1    1    1    1    1    1  7.38148E+15 0.00075 
   53   53    1    1    1    1    1    1    1    1  5.11259E+15 0.00072 
   54   54    1    1    1    1    1    1    1    1  6.33072E+15 0.00064 
   55   55    1    1    1    1    1    1    1    1  4.37656E+15 0.00066 
   56   56    1    1    1    1    1    1    1    1  5.94372E+14 0.00099 
   57   57    1    1    1    1    1    1    1    1  8.51399E+15 0.00075 
   58   58    1    1    1    1    1    1    1    1  3.85445E+15 0.00076 
   59   59    1    1    1    1    1    1    1    1  4.08719E+15 0.00070 
   60   60    1    1    1    1    1    1    1    1  3.26445E+15 0.00071 
   61   61    1    1    1    1    1    1    1    1  3.24355E+15 0.00074 
   62   62    1    1    1    1    1    1    1    1  3.31327E+15 0.00067 
   63   63    1    1    1    1    1    1    1    1  2.77675E+15 0.00072 
   64   64    1    1    1    1    1    1    1    1  2.18895E+15 0.00077 
   65   65    1    1    1    1    1    1    1    1  2.15128E+15 0.00085 
   66   66    1    1    1    1    1    1    1    1  1.62765E+15 0.00084 
   67   67    1    1    1    1    1    1    1    1  1.31917E+15 0.00108 
   68   68    1    1    1    1    1    1    1    1  1.16731E+15 0.00116 
   69   69    1    1    1    1    1    1    1    1  1.40542E+15 0.00079 
   70   70    1    1    1    1    1    1    1    1  1.19327E+15 0.00123 
   71   71    1    1    1    1    1    1    1    1  2.14556E+15 0.00098 
   72   72    1    1    1    1    1    1    1    1  1.52098E+15 0.00096 
   73   73    1    1    1    1    1    1    1    1  1.15894E+15 0.00127 
   74   74    1    1    1    1    1    1    1    1  9.44408E+14 0.00097 
   75   75    1    1    1    1    1    1    1    1  7.91417E+14 0.00096 
   76   76    1    1    1    1    1    1    1    1  9.22746E+14 0.00100 
   77   77    1    1    1    1    1    1    1    1  7.36562E+14 0.00114 
   78   78    1    1    1    1    1    1    1    1  5.83921E+14 0.00142 
   79   79    1    1    1    1    1    1    1    1  6.06006E+14 0.00138 
   80   80    1    1    1    1    1    1    1    1  4.53331E+14 0.00151 
   81   81    1    1    1    1    1    1    1    1  3.49575E+14 0.00150 
   82   82    1    1    1    1    1    1    1    1  2.69679E+14 0.00199 
   83   83    1    1    1    1    1    1    1    1  2.51795E+14 0.00167 
   84   84    1    1    1    1    1    1    1    1  1.80945E+14 0.00123 
   85   85    1    1    1    1    1    1    1    1  1.30861E+14 0.00225 
   86   86    1    1    1    1    1    1    1    1  1.21391E+14 0.00358 
   87   87    1    1    1    1    1    1    1    1  7.43295E+13 0.00328 
   88   88    1    1    1    1    1    1    1    1  4.99465E+13 0.00484 
   89   89    1    1    1    1    1    1    1    1  2.81913E+13 0.00511 
   90   90    1    1    1    1    1    1    1    1  1.87284E+13 0.00604 
   91   91    1    1    1    1    1    1    1    1  9.25381E+12 0.01309 
   92   92    1    1    1    1    1    1    1    1  4.53841E+12 0.01209 
   93   93    1    1    1    1    1    1    1    1  2.16040E+12 0.01728 
   94   94    1    1    1    1    1    1    1    1  1.05127E+12 0.02380 
   95   95    1    1    1    1    1    1    1    1  4.63562E+11 0.03714 
   96   96    1    1    1    1    1    1    1    1  2.17863E+11 0.05784 
   97   97    1    1    1    1    1    1    1    1  1.11945E+11 0.12524 
   98   98    1    1    1    1    1    1    1    1  5.67204E+10 0.13594 
   99   99    1    1    1    1    1    1    1    1  2.89932E+10 0.18980 
  100  100    1    1    1    1    1    1    1    1  1.59237E+10 0.19634 
];


