
DETdpaspec = [
    1    1    1    1    1    1    1    1    1    1  0.00000E+00 0.00000 
    2    2    1    1    1    1    1    1    1    1  0.00000E+00 0.00000 
    3    3    1    1    1    1    1    1    1    1  0.00000E+00 0.00000 
    4    4    1    1    1    1    1    1    1    1  0.00000E+00 0.00000 
    5    5    1    1    1    1    1    1    1    1  1.11356E+07 1.00000 
    6    6    1    1    1    1    1    1    1    1  0.00000E+00 0.00000 
    7    7    1    1    1    1    1    1    1    1  0.00000E+00 0.00000 
    8    8    1    1    1    1    1    1    1    1  0.00000E+00 0.00000 
    9    9    1    1    1    1    1    1    1    1  1.49075E+07 1.00000 
   10   10    1    1    1    1    1    1    1    1  1.34542E+08 0.68862 
   11   11    1    1    1    1    1    1    1    1  1.09710E+08 0.68828 
   12   12    1    1    1    1    1    1    1    1  5.81159E+07 0.69703 
   13   13    1    1    1    1    1    1    1    1  2.30295E+09 0.34434 
   14   14    1    1    1    1    1    1    1    1  2.96463E+09 0.42841 
   15   15    1    1    1    1    1    1    1    1  2.15952E+09 0.47269 
   16   16    1    1    1    1    1    1    1    1  1.16601E+09 0.39709 
   17   17    1    1    1    1    1    1    1    1  1.57442E+09 0.32251 
   18   18    1    1    1    1    1    1    1    1  1.15261E+10 0.28103 
   19   19    1    1    1    1    1    1    1    1  1.15158E+10 0.23489 
   20   20    1    1    1    1    1    1    1    1  2.94042E+10 0.16026 
   21   21    1    1    1    1    1    1    1    1  2.18149E+10 0.09933 
   22   22    1    1    1    1    1    1    1    1  5.05281E+10 0.08320 
   23   23    1    1    1    1    1    1    1    1  8.51226E+10 0.10018 
   24   24    1    1    1    1    1    1    1    1  1.37901E+11 0.05521 
   25   25    1    1    1    1    1    1    1    1  1.88523E+11 0.04420 
   26   26    1    1    1    1    1    1    1    1  3.32216E+11 0.03734 
   27   27    1    1    1    1    1    1    1    1  6.58745E+11 0.03218 
   28   28    1    1    1    1    1    1    1    1  1.18473E+12 0.02216 
   29   29    1    1    1    1    1    1    1    1  1.62929E+12 0.01713 
   30   30    1    1    1    1    1    1    1    1  4.82455E+12 0.01097 
   31   31    1    1    1    1    1    1    1    1  1.26014E+13 0.00994 
   32   32    1    1    1    1    1    1    1    1  2.04488E+13 0.00662 
   33   33    1    1    1    1    1    1    1    1  4.20427E+13 0.00452 
   34   34    1    1    1    1    1    1    1    1  5.03749E+13 0.00517 
   35   35    1    1    1    1    1    1    1    1  7.36871E+13 0.00565 
   36   36    1    1    1    1    1    1    1    1  5.45921E+13 0.00526 
   37   37    1    1    1    1    1    1    1    1  1.73841E+13 0.00523 
   38   38    1    1    1    1    1    1    1    1  8.71994E+13 0.00438 
   39   39    1    1    1    1    1    1    1    1  1.11223E+14 0.00451 
   40   40    1    1    1    1    1    1    1    1  1.82295E+14 0.00469 
   41   41    1    1    1    1    1    1    1    1  1.82864E+14 0.00427 
   42   42    1    1    1    1    1    1    1    1  3.45420E+14 0.00394 
   43   43    1    1    1    1    1    1    1    1  3.89801E+14 0.00340 
   44   44    1    1    1    1    1    1    1    1  5.19477E+14 0.00342 
   45   45    1    1    1    1    1    1    1    1  9.46518E+14 0.00303 
   46   46    1    1    1    1    1    1    1    1  4.66729E+14 0.00329 
   47   47    1    1    1    1    1    1    1    1  7.12284E+14 0.00295 
   48   48    1    1    1    1    1    1    1    1  9.77575E+14 0.00309 
   49   49    1    1    1    1    1    1    1    1  9.23056E+14 0.00335 
   50   50    1    1    1    1    1    1    1    1  1.39075E+15 0.00323 
   51   51    1    1    1    1    1    1    1    1  1.10770E+15 0.00319 
   52   52    1    1    1    1    1    1    1    1  1.24691E+15 0.00293 
   53   53    1    1    1    1    1    1    1    1  8.76788E+14 0.00298 
   54   54    1    1    1    1    1    1    1    1  1.03869E+15 0.00304 
   55   55    1    1    1    1    1    1    1    1  7.25983E+14 0.00314 
   56   56    1    1    1    1    1    1    1    1  1.00143E+14 0.00304 
   57   57    1    1    1    1    1    1    1    1  1.42013E+15 0.00321 
   58   58    1    1    1    1    1    1    1    1  6.05810E+14 0.00342 
   59   59    1    1    1    1    1    1    1    1  6.54610E+14 0.00316 
   60   60    1    1    1    1    1    1    1    1  5.00027E+14 0.00328 
   61   61    1    1    1    1    1    1    1    1  5.00102E+14 0.00302 
   62   62    1    1    1    1    1    1    1    1  5.08001E+14 0.00324 
   63   63    1    1    1    1    1    1    1    1  4.20891E+14 0.00302 
   64   64    1    1    1    1    1    1    1    1  3.31623E+14 0.00348 
   65   65    1    1    1    1    1    1    1    1  3.26050E+14 0.00335 
   66   66    1    1    1    1    1    1    1    1  2.45783E+14 0.00360 
   67   67    1    1    1    1    1    1    1    1  2.02492E+14 0.00435 
   68   68    1    1    1    1    1    1    1    1  1.81684E+14 0.00400 
   69   69    1    1    1    1    1    1    1    1  2.18165E+14 0.00313 
   70   70    1    1    1    1    1    1    1    1  1.86326E+14 0.00345 
   71   71    1    1    1    1    1    1    1    1  3.49501E+14 0.00425 
   72   72    1    1    1    1    1    1    1    1  2.50680E+14 0.00327 
   73   73    1    1    1    1    1    1    1    1  1.90444E+14 0.00333 
   74   74    1    1    1    1    1    1    1    1  1.49735E+14 0.00369 
   75   75    1    1    1    1    1    1    1    1  1.21265E+14 0.00405 
   76   76    1    1    1    1    1    1    1    1  1.36584E+14 0.00417 
   77   77    1    1    1    1    1    1    1    1  1.05027E+14 0.00536 
   78   78    1    1    1    1    1    1    1    1  8.10119E+13 0.00570 
   79   79    1    1    1    1    1    1    1    1  8.23749E+13 0.00594 
   80   80    1    1    1    1    1    1    1    1  6.11264E+13 0.00496 
   81   81    1    1    1    1    1    1    1    1  4.66231E+13 0.00565 
   82   82    1    1    1    1    1    1    1    1  3.57849E+13 0.00579 
   83   83    1    1    1    1    1    1    1    1  3.34576E+13 0.00603 
   84   84    1    1    1    1    1    1    1    1  2.41454E+13 0.00803 
   85   85    1    1    1    1    1    1    1    1  1.72918E+13 0.00714 
   86   86    1    1    1    1    1    1    1    1  1.62073E+13 0.00745 
   87   87    1    1    1    1    1    1    1    1  9.97165E+12 0.00922 
   88   88    1    1    1    1    1    1    1    1  6.81008E+12 0.01255 
   89   89    1    1    1    1    1    1    1    1  4.01369E+12 0.01541 
   90   90    1    1    1    1    1    1    1    1  2.67871E+12 0.01841 
   91   91    1    1    1    1    1    1    1    1  1.35321E+12 0.03071 
   92   92    1    1    1    1    1    1    1    1  6.42130E+11 0.03343 
   93   93    1    1    1    1    1    1    1    1  3.06706E+11 0.04603 
   94   94    1    1    1    1    1    1    1    1  1.48165E+11 0.07369 
   95   95    1    1    1    1    1    1    1    1  7.26409E+10 0.09129 
   96   96    1    1    1    1    1    1    1    1  3.82516E+10 0.16628 
   97   97    1    1    1    1    1    1    1    1  1.32024E+10 0.25342 
   98   98    1    1    1    1    1    1    1    1  6.50251E+09 0.45747 
   99   99    1    1    1    1    1    1    1    1  2.31682E+09 0.59659 
  100  100    1    1    1    1    1    1    1    1  3.16083E+09 0.56286 
];


