
DETdpaspec = [
    1    1    1    1    1    1    1    1    1    1  0.00000E+00 0.00000 
    2    2    1    1    1    1    1    1    1    1  0.00000E+00 0.00000 
    3    3    1    1    1    1    1    1    1    1  0.00000E+00 0.00000 
    4    4    1    1    1    1    1    1    1    1  0.00000E+00 0.00000 
    5    5    1    1    1    1    1    1    1    1  0.00000E+00 0.00000 
    6    6    1    1    1    1    1    1    1    1  0.00000E+00 0.00000 
    7    7    1    1    1    1    1    1    1    1  2.29894E+07 1.00000 
    8    8    1    1    1    1    1    1    1    1  1.45014E+07 1.00000 
    9    9    1    1    1    1    1    1    1    1  1.29443E+07 1.00000 
   10   10    1    1    1    1    1    1    1    1  9.13795E+07 0.71985 
   11   11    1    1    1    1    1    1    1    1  4.65538E+08 0.62227 
   12   12    1    1    1    1    1    1    1    1  1.03245E+08 0.50760 
   13   13    1    1    1    1    1    1    1    1  3.13160E+09 0.39191 
   14   14    1    1    1    1    1    1    1    1  4.40124E+09 0.37309 
   15   15    1    1    1    1    1    1    1    1  8.24202E+09 0.34078 
   16   16    1    1    1    1    1    1    1    1  2.67425E+09 0.38516 
   17   17    1    1    1    1    1    1    1    1  4.71050E+09 0.14277 
   18   18    1    1    1    1    1    1    1    1  2.00491E+10 0.14639 
   19   19    1    1    1    1    1    1    1    1  1.60818E+10 0.16924 
   20   20    1    1    1    1    1    1    1    1  6.16143E+10 0.10798 
   21   21    1    1    1    1    1    1    1    1  4.68682E+10 0.07801 
   22   22    1    1    1    1    1    1    1    1  1.05503E+11 0.07358 
   23   23    1    1    1    1    1    1    1    1  1.55190E+11 0.06281 
   24   24    1    1    1    1    1    1    1    1  2.68427E+11 0.06563 
   25   25    1    1    1    1    1    1    1    1  3.84682E+11 0.03753 
   26   26    1    1    1    1    1    1    1    1  6.86532E+11 0.02813 
   27   27    1    1    1    1    1    1    1    1  1.42449E+12 0.01832 
   28   28    1    1    1    1    1    1    1    1  3.35500E+12 0.01263 
   29   29    1    1    1    1    1    1    1    1  5.14286E+12 0.01410 
   30   30    1    1    1    1    1    1    1    1  1.39350E+13 0.00721 
   31   31    1    1    1    1    1    1    1    1  3.78864E+13 0.00443 
   32   32    1    1    1    1    1    1    1    1  6.30186E+13 0.00347 
   33   33    1    1    1    1    1    1    1    1  1.34722E+14 0.00276 
   34   34    1    1    1    1    1    1    1    1  1.71553E+14 0.00230 
   35   35    1    1    1    1    1    1    1    1  2.36916E+14 0.00192 
   36   36    1    1    1    1    1    1    1    1  1.74660E+14 0.00180 
   37   37    1    1    1    1    1    1    1    1  5.42912E+13 0.00220 
   38   38    1    1    1    1    1    1    1    1  2.82670E+14 0.00167 
   39   39    1    1    1    1    1    1    1    1  3.64751E+14 0.00127 
   40   40    1    1    1    1    1    1    1    1  6.16717E+14 0.00128 
   41   41    1    1    1    1    1    1    1    1  6.08415E+14 0.00117 
   42   42    1    1    1    1    1    1    1    1  1.19025E+15 0.00125 
   43   43    1    1    1    1    1    1    1    1  1.36390E+15 0.00088 
   44   44    1    1    1    1    1    1    1    1  1.85002E+15 0.00113 
   45   45    1    1    1    1    1    1    1    1  3.48670E+15 0.00094 
   46   46    1    1    1    1    1    1    1    1  1.73673E+15 0.00091 
   47   47    1    1    1    1    1    1    1    1  2.64493E+15 0.00069 
   48   48    1    1    1    1    1    1    1    1  3.69846E+15 0.00100 
   49   49    1    1    1    1    1    1    1    1  3.49381E+15 0.00090 
   50   50    1    1    1    1    1    1    1    1  5.41682E+15 0.00083 
   51   51    1    1    1    1    1    1    1    1  4.29495E+15 0.00066 
   52   52    1    1    1    1    1    1    1    1  4.97613E+15 0.00085 
   53   53    1    1    1    1    1    1    1    1  3.51173E+15 0.00091 
   54   54    1    1    1    1    1    1    1    1  4.27148E+15 0.00092 
   55   55    1    1    1    1    1    1    1    1  2.98932E+15 0.00095 
   56   56    1    1    1    1    1    1    1    1  4.10168E+14 0.00103 
   57   57    1    1    1    1    1    1    1    1  5.87445E+15 0.00079 
   58   58    1    1    1    1    1    1    1    1  2.58996E+15 0.00114 
   59   59    1    1    1    1    1    1    1    1  2.79225E+15 0.00082 
   60   60    1    1    1    1    1    1    1    1  2.18506E+15 0.00094 
   61   61    1    1    1    1    1    1    1    1  2.18707E+15 0.00084 
   62   62    1    1    1    1    1    1    1    1  2.23649E+15 0.00085 
   63   63    1    1    1    1    1    1    1    1  1.87270E+15 0.00097 
   64   64    1    1    1    1    1    1    1    1  1.48534E+15 0.00103 
   65   65    1    1    1    1    1    1    1    1  1.46968E+15 0.00116 
   66   66    1    1    1    1    1    1    1    1  1.11225E+15 0.00109 
   67   67    1    1    1    1    1    1    1    1  9.11440E+14 0.00122 
   68   68    1    1    1    1    1    1    1    1  8.13057E+14 0.00152 
   69   69    1    1    1    1    1    1    1    1  9.82049E+14 0.00115 
   70   70    1    1    1    1    1    1    1    1  8.38503E+14 0.00146 
   71   71    1    1    1    1    1    1    1    1  1.55250E+15 0.00116 
   72   72    1    1    1    1    1    1    1    1  1.11473E+15 0.00121 
   73   73    1    1    1    1    1    1    1    1  8.49884E+14 0.00124 
   74   74    1    1    1    1    1    1    1    1  6.82342E+14 0.00091 
   75   75    1    1    1    1    1    1    1    1  5.60699E+14 0.00152 
   76   76    1    1    1    1    1    1    1    1  6.43860E+14 0.00128 
   77   77    1    1    1    1    1    1    1    1  5.04506E+14 0.00166 
   78   78    1    1    1    1    1    1    1    1  3.94327E+14 0.00145 
   79   79    1    1    1    1    1    1    1    1  4.06422E+14 0.00211 
   80   80    1    1    1    1    1    1    1    1  3.01534E+14 0.00185 
   81   81    1    1    1    1    1    1    1    1  2.31785E+14 0.00196 
   82   82    1    1    1    1    1    1    1    1  1.78724E+14 0.00246 
   83   83    1    1    1    1    1    1    1    1  1.66296E+14 0.00240 
   84   84    1    1    1    1    1    1    1    1  1.19815E+14 0.00342 
   85   85    1    1    1    1    1    1    1    1  8.60592E+13 0.00327 
   86   86    1    1    1    1    1    1    1    1  8.12750E+13 0.00371 
   87   87    1    1    1    1    1    1    1    1  4.99767E+13 0.00449 
   88   88    1    1    1    1    1    1    1    1  3.36218E+13 0.00583 
   89   89    1    1    1    1    1    1    1    1  1.93329E+13 0.00581 
   90   90    1    1    1    1    1    1    1    1  1.29104E+13 0.00969 
   91   91    1    1    1    1    1    1    1    1  6.59925E+12 0.01147 
   92   92    1    1    1    1    1    1    1    1  3.23133E+12 0.01917 
   93   93    1    1    1    1    1    1    1    1  1.43488E+12 0.02307 
   94   94    1    1    1    1    1    1    1    1  7.20644E+11 0.03957 
   95   95    1    1    1    1    1    1    1    1  4.23069E+11 0.04803 
   96   96    1    1    1    1    1    1    1    1  1.68850E+11 0.09712 
   97   97    1    1    1    1    1    1    1    1  7.14128E+10 0.11161 
   98   98    1    1    1    1    1    1    1    1  2.87253E+10 0.15988 
   99   99    1    1    1    1    1    1    1    1  1.76336E+10 0.19954 
  100  100    1    1    1    1    1    1    1    1  1.38856E+10 0.24115 
];


