
DETdpaspec = [
    1    1    1    1    1    1    1    1    1    1  0.00000E+00 0.00000 
    2    2    1    1    1    1    1    1    1    1  0.00000E+00 0.00000 
    3    3    1    1    1    1    1    1    1    1  0.00000E+00 0.00000 
    4    4    1    1    1    1    1    1    1    1  0.00000E+00 0.00000 
    5    5    1    1    1    1    1    1    1    1  1.32937E+07 1.00000 
    6    6    1    1    1    1    1    1    1    1  0.00000E+00 0.00000 
    7    7    1    1    1    1    1    1    1    1  2.26930E+07 1.00000 
    8    8    1    1    1    1    1    1    1    1  2.32449E+07 1.00000 
    9    9    1    1    1    1    1    1    1    1  5.22399E+07 0.68983 
   10   10    1    1    1    1    1    1    1    1  2.21525E+08 0.68849 
   11   11    1    1    1    1    1    1    1    1  1.94636E+08 0.78192 
   12   12    1    1    1    1    1    1    1    1  7.35518E+07 0.58574 
   13   13    1    1    1    1    1    1    1    1  1.78651E+09 0.42591 
   14   14    1    1    1    1    1    1    1    1  3.81633E+09 0.40541 
   15   15    1    1    1    1    1    1    1    1  4.18503E+09 0.30884 
   16   16    1    1    1    1    1    1    1    1  3.29162E+09 0.24475 
   17   17    1    1    1    1    1    1    1    1  4.66359E+09 0.18510 
   18   18    1    1    1    1    1    1    1    1  1.29169E+10 0.22799 
   19   19    1    1    1    1    1    1    1    1  1.60422E+10 0.17712 
   20   20    1    1    1    1    1    1    1    1  6.96083E+10 0.07545 
   21   21    1    1    1    1    1    1    1    1  4.48091E+10 0.09770 
   22   22    1    1    1    1    1    1    1    1  1.03451E+11 0.06551 
   23   23    1    1    1    1    1    1    1    1  1.63086E+11 0.04192 
   24   24    1    1    1    1    1    1    1    1  2.49560E+11 0.04846 
   25   25    1    1    1    1    1    1    1    1  3.61833E+11 0.05576 
   26   26    1    1    1    1    1    1    1    1  6.42746E+11 0.02801 
   27   27    1    1    1    1    1    1    1    1  1.31450E+12 0.02403 
   28   28    1    1    1    1    1    1    1    1  2.80579E+12 0.01207 
   29   29    1    1    1    1    1    1    1    1  4.26832E+12 0.01210 
   30   30    1    1    1    1    1    1    1    1  1.17730E+13 0.00663 
   31   31    1    1    1    1    1    1    1    1  3.16598E+13 0.00508 
   32   32    1    1    1    1    1    1    1    1  5.29130E+13 0.00403 
   33   33    1    1    1    1    1    1    1    1  1.12338E+14 0.00311 
   34   34    1    1    1    1    1    1    1    1  1.40632E+14 0.00275 
   35   35    1    1    1    1    1    1    1    1  1.97901E+14 0.00249 
   36   36    1    1    1    1    1    1    1    1  1.46914E+14 0.00228 
   37   37    1    1    1    1    1    1    1    1  4.60557E+13 0.00250 
   38   38    1    1    1    1    1    1    1    1  2.37726E+14 0.00214 
   39   39    1    1    1    1    1    1    1    1  3.06702E+14 0.00190 
   40   40    1    1    1    1    1    1    1    1  5.15435E+14 0.00176 
   41   41    1    1    1    1    1    1    1    1  5.11475E+14 0.00136 
   42   42    1    1    1    1    1    1    1    1  9.93790E+14 0.00160 
   43   43    1    1    1    1    1    1    1    1  1.13619E+15 0.00133 
   44   44    1    1    1    1    1    1    1    1  1.53816E+15 0.00132 
   45   45    1    1    1    1    1    1    1    1  2.87243E+15 0.00125 
   46   46    1    1    1    1    1    1    1    1  1.43049E+15 0.00093 
   47   47    1    1    1    1    1    1    1    1  2.18272E+15 0.00101 
   48   48    1    1    1    1    1    1    1    1  3.04124E+15 0.00132 
   49   49    1    1    1    1    1    1    1    1  2.87658E+15 0.00134 
   50   50    1    1    1    1    1    1    1    1  4.42215E+15 0.00132 
   51   51    1    1    1    1    1    1    1    1  3.51492E+15 0.00120 
   52   52    1    1    1    1    1    1    1    1  4.04123E+15 0.00119 
   53   53    1    1    1    1    1    1    1    1  2.85068E+15 0.00105 
   54   54    1    1    1    1    1    1    1    1  3.44722E+15 0.00112 
   55   55    1    1    1    1    1    1    1    1  2.41172E+15 0.00110 
   56   56    1    1    1    1    1    1    1    1  3.30622E+14 0.00123 
   57   57    1    1    1    1    1    1    1    1  4.73291E+15 0.00116 
   58   58    1    1    1    1    1    1    1    1  2.06853E+15 0.00137 
   59   59    1    1    1    1    1    1    1    1  2.23193E+15 0.00139 
   60   60    1    1    1    1    1    1    1    1  1.73446E+15 0.00132 
   61   61    1    1    1    1    1    1    1    1  1.73702E+15 0.00155 
   62   62    1    1    1    1    1    1    1    1  1.77156E+15 0.00162 
   63   63    1    1    1    1    1    1    1    1  1.48079E+15 0.00171 
   64   64    1    1    1    1    1    1    1    1  1.17123E+15 0.00143 
   65   65    1    1    1    1    1    1    1    1  1.15636E+15 0.00168 
   66   66    1    1    1    1    1    1    1    1  8.73554E+14 0.00163 
   67   67    1    1    1    1    1    1    1    1  7.18180E+14 0.00149 
   68   68    1    1    1    1    1    1    1    1  6.41346E+14 0.00166 
   69   69    1    1    1    1    1    1    1    1  7.73842E+14 0.00125 
   70   70    1    1    1    1    1    1    1    1  6.62916E+14 0.00155 
   71   71    1    1    1    1    1    1    1    1  1.23045E+15 0.00141 
   72   72    1    1    1    1    1    1    1    1  8.84252E+14 0.00129 
   73   73    1    1    1    1    1    1    1    1  6.72238E+14 0.00181 
   74   74    1    1    1    1    1    1    1    1  5.36565E+14 0.00153 
   75   75    1    1    1    1    1    1    1    1  4.39383E+14 0.00140 
   76   76    1    1    1    1    1    1    1    1  5.00251E+14 0.00167 
   77   77    1    1    1    1    1    1    1    1  3.89997E+14 0.00236 
   78   78    1    1    1    1    1    1    1    1  3.04293E+14 0.00150 
   79   79    1    1    1    1    1    1    1    1  3.11995E+14 0.00206 
   80   80    1    1    1    1    1    1    1    1  2.30434E+14 0.00169 
   81   81    1    1    1    1    1    1    1    1  1.77871E+14 0.00203 
   82   82    1    1    1    1    1    1    1    1  1.37022E+14 0.00241 
   83   83    1    1    1    1    1    1    1    1  1.27329E+14 0.00226 
   84   84    1    1    1    1    1    1    1    1  9.20772E+13 0.00398 
   85   85    1    1    1    1    1    1    1    1  6.59025E+13 0.00366 
   86   86    1    1    1    1    1    1    1    1  6.21654E+13 0.00425 
   87   87    1    1    1    1    1    1    1    1  3.85615E+13 0.00423 
   88   88    1    1    1    1    1    1    1    1  2.62370E+13 0.00569 
   89   89    1    1    1    1    1    1    1    1  1.48811E+13 0.00747 
   90   90    1    1    1    1    1    1    1    1  1.00129E+13 0.00900 
   91   91    1    1    1    1    1    1    1    1  5.01864E+12 0.01278 
   92   92    1    1    1    1    1    1    1    1  2.43809E+12 0.01728 
   93   93    1    1    1    1    1    1    1    1  1.18498E+12 0.02288 
   94   94    1    1    1    1    1    1    1    1  5.46804E+11 0.04400 
   95   95    1    1    1    1    1    1    1    1  2.85374E+11 0.05639 
   96   96    1    1    1    1    1    1    1    1  1.12771E+11 0.09301 
   97   97    1    1    1    1    1    1    1    1  6.62034E+10 0.15075 
   98   98    1    1    1    1    1    1    1    1  2.67966E+10 0.22051 
   99   99    1    1    1    1    1    1    1    1  1.30834E+10 0.27651 
  100  100    1    1    1    1    1    1    1    1  1.39337E+10 0.24565 
];


