
DETdpaspec = [
    1    1    1    1    1    1    1    1    1    1  0.00000E+00 0.00000 
    2    2    1    1    1    1    1    1    1    1  0.00000E+00 0.00000 
    3    3    1    1    1    1    1    1    1    1  0.00000E+00 0.00000 
    4    4    1    1    1    1    1    1    1    1  0.00000E+00 0.00000 
    5    5    1    1    1    1    1    1    1    1  0.00000E+00 0.00000 
    6    6    1    1    1    1    1    1    1    1  0.00000E+00 0.00000 
    7    7    1    1    1    1    1    1    1    1  0.00000E+00 0.00000 
    8    8    1    1    1    1    1    1    1    1  0.00000E+00 0.00000 
    9    9    1    1    1    1    1    1    1    1  0.00000E+00 0.00000 
   10   10    1    1    1    1    1    1    1    1  3.17074E+08 0.89725 
   11   11    1    1    1    1    1    1    1    1  1.12456E+08 0.69493 
   12   12    1    1    1    1    1    1    1    1  8.00457E+07 0.89713 
   13   13    1    1    1    1    1    1    1    1  1.23462E+09 0.45365 
   14   14    1    1    1    1    1    1    1    1  5.64457E+09 0.48035 
   15   15    1    1    1    1    1    1    1    1  5.96476E+09 0.31627 
   16   16    1    1    1    1    1    1    1    1  2.44393E+09 0.35994 
   17   17    1    1    1    1    1    1    1    1  4.04242E+09 0.17778 
   18   18    1    1    1    1    1    1    1    1  8.02264E+09 0.18207 
   19   19    1    1    1    1    1    1    1    1  9.29877E+09 0.12915 
   20   20    1    1    1    1    1    1    1    1  3.20914E+10 0.12743 
   21   21    1    1    1    1    1    1    1    1  3.01865E+10 0.10422 
   22   22    1    1    1    1    1    1    1    1  8.20316E+10 0.08237 
   23   23    1    1    1    1    1    1    1    1  1.15688E+11 0.06391 
   24   24    1    1    1    1    1    1    1    1  1.87497E+11 0.03706 
   25   25    1    1    1    1    1    1    1    1  2.34755E+11 0.06186 
   26   26    1    1    1    1    1    1    1    1  4.12137E+11 0.04154 
   27   27    1    1    1    1    1    1    1    1  8.38689E+11 0.02583 
   28   28    1    1    1    1    1    1    1    1  1.79558E+12 0.01516 
   29   29    1    1    1    1    1    1    1    1  2.54235E+12 0.01408 
   30   30    1    1    1    1    1    1    1    1  7.27292E+12 0.00987 
   31   31    1    1    1    1    1    1    1    1  1.93533E+13 0.00750 
   32   32    1    1    1    1    1    1    1    1  3.19179E+13 0.00708 
   33   33    1    1    1    1    1    1    1    1  6.51560E+13 0.00409 
   34   34    1    1    1    1    1    1    1    1  7.96110E+13 0.00444 
   35   35    1    1    1    1    1    1    1    1  1.15548E+14 0.00400 
   36   36    1    1    1    1    1    1    1    1  8.56677E+13 0.00368 
   37   37    1    1    1    1    1    1    1    1  2.71793E+13 0.00338 
   38   38    1    1    1    1    1    1    1    1  1.37678E+14 0.00350 
   39   39    1    1    1    1    1    1    1    1  1.76038E+14 0.00366 
   40   40    1    1    1    1    1    1    1    1  2.92148E+14 0.00304 
   41   41    1    1    1    1    1    1    1    1  2.91272E+14 0.00301 
   42   42    1    1    1    1    1    1    1    1  5.56237E+14 0.00221 
   43   43    1    1    1    1    1    1    1    1  6.29122E+14 0.00219 
   44   44    1    1    1    1    1    1    1    1  8.44486E+14 0.00220 
   45   45    1    1    1    1    1    1    1    1  1.54884E+15 0.00215 
   46   46    1    1    1    1    1    1    1    1  7.66666E+14 0.00243 
   47   47    1    1    1    1    1    1    1    1  1.17197E+15 0.00201 
   48   48    1    1    1    1    1    1    1    1  1.61927E+15 0.00223 
   49   49    1    1    1    1    1    1    1    1  1.52759E+15 0.00239 
   50   50    1    1    1    1    1    1    1    1  2.31450E+15 0.00229 
   51   51    1    1    1    1    1    1    1    1  1.84812E+15 0.00237 
   52   52    1    1    1    1    1    1    1    1  2.09144E+15 0.00223 
   53   53    1    1    1    1    1    1    1    1  1.47266E+15 0.00239 
   54   54    1    1    1    1    1    1    1    1  1.75508E+15 0.00230 
   55   55    1    1    1    1    1    1    1    1  1.22773E+15 0.00249 
   56   56    1    1    1    1    1    1    1    1  1.69004E+14 0.00262 
   57   57    1    1    1    1    1    1    1    1  2.40175E+15 0.00236 
   58   58    1    1    1    1    1    1    1    1  1.03240E+15 0.00210 
   59   59    1    1    1    1    1    1    1    1  1.11581E+15 0.00257 
   60   60    1    1    1    1    1    1    1    1  8.57941E+14 0.00291 
   61   61    1    1    1    1    1    1    1    1  8.57686E+14 0.00270 
   62   62    1    1    1    1    1    1    1    1  8.73105E+14 0.00267 
   63   63    1    1    1    1    1    1    1    1  7.24133E+14 0.00298 
   64   64    1    1    1    1    1    1    1    1  5.72059E+14 0.00320 
   65   65    1    1    1    1    1    1    1    1  5.62933E+14 0.00311 
   66   66    1    1    1    1    1    1    1    1  4.24541E+14 0.00292 
   67   67    1    1    1    1    1    1    1    1  3.49287E+14 0.00290 
   68   68    1    1    1    1    1    1    1    1  3.11706E+14 0.00312 
   69   69    1    1    1    1    1    1    1    1  3.76912E+14 0.00253 
   70   70    1    1    1    1    1    1    1    1  3.21628E+14 0.00306 
   71   71    1    1    1    1    1    1    1    1  6.01460E+14 0.00269 
   72   72    1    1    1    1    1    1    1    1  4.31469E+14 0.00266 
   73   73    1    1    1    1    1    1    1    1  3.26102E+14 0.00335 
   74   74    1    1    1    1    1    1    1    1  2.58376E+14 0.00371 
   75   75    1    1    1    1    1    1    1    1  2.10269E+14 0.00361 
   76   76    1    1    1    1    1    1    1    1  2.37360E+14 0.00296 
   77   77    1    1    1    1    1    1    1    1  1.83828E+14 0.00372 
   78   78    1    1    1    1    1    1    1    1  1.42084E+14 0.00335 
   79   79    1    1    1    1    1    1    1    1  1.45343E+14 0.00375 
   80   80    1    1    1    1    1    1    1    1  1.07594E+14 0.00366 
   81   81    1    1    1    1    1    1    1    1  8.20194E+13 0.00356 
   82   82    1    1    1    1    1    1    1    1  6.31388E+13 0.00411 
   83   83    1    1    1    1    1    1    1    1  5.89041E+13 0.00454 
   84   84    1    1    1    1    1    1    1    1  4.24309E+13 0.00544 
   85   85    1    1    1    1    1    1    1    1  3.06487E+13 0.00656 
   86   86    1    1    1    1    1    1    1    1  2.87533E+13 0.00666 
   87   87    1    1    1    1    1    1    1    1  1.78542E+13 0.00660 
   88   88    1    1    1    1    1    1    1    1  1.22046E+13 0.00807 
   89   89    1    1    1    1    1    1    1    1  7.02482E+12 0.01198 
   90   90    1    1    1    1    1    1    1    1  4.51180E+12 0.01454 
   91   91    1    1    1    1    1    1    1    1  2.29477E+12 0.01980 
   92   92    1    1    1    1    1    1    1    1  1.12658E+12 0.03024 
   93   93    1    1    1    1    1    1    1    1  5.51988E+11 0.04852 
   94   94    1    1    1    1    1    1    1    1  2.72313E+11 0.04678 
   95   95    1    1    1    1    1    1    1    1  1.27209E+11 0.06612 
   96   96    1    1    1    1    1    1    1    1  5.66791E+10 0.12016 
   97   97    1    1    1    1    1    1    1    1  3.90897E+10 0.14101 
   98   98    1    1    1    1    1    1    1    1  1.69707E+10 0.33023 
   99   99    1    1    1    1    1    1    1    1  2.68484E+09 0.37517 
  100  100    1    1    1    1    1    1    1    1  5.40895E+09 0.33048 
];


