
DETdpaspec = [
    1    1    1    1    1    1    1    1    1    1  0.00000E+00 0.00000 
    2    2    1    1    1    1    1    1    1    1  0.00000E+00 0.00000 
    3    3    1    1    1    1    1    1    1    1  0.00000E+00 0.00000 
    4    4    1    1    1    1    1    1    1    1  0.00000E+00 0.00000 
    5    5    1    1    1    1    1    1    1    1  0.00000E+00 0.00000 
    6    6    1    1    1    1    1    1    1    1  2.24063E+07 1.00000 
    7    7    1    1    1    1    1    1    1    1  2.19796E+07 1.00000 
    8    8    1    1    1    1    1    1    1    1  3.75705E+07 1.00000 
    9    9    1    1    1    1    1    1    1    1  1.39716E+07 1.00000 
   10   10    1    1    1    1    1    1    1    1  9.74764E+07 0.70314 
   11   11    1    1    1    1    1    1    1    1  3.90662E+08 0.60637 
   12   12    1    1    1    1    1    1    1    1  7.88361E+06 0.76134 
   13   13    1    1    1    1    1    1    1    1  1.67009E+09 0.44141 
   14   14    1    1    1    1    1    1    1    1  3.42455E+09 0.35293 
   15   15    1    1    1    1    1    1    1    1  5.76749E+09 0.34992 
   16   16    1    1    1    1    1    1    1    1  2.11223E+09 0.40856 
   17   17    1    1    1    1    1    1    1    1  4.76183E+09 0.25913 
   18   18    1    1    1    1    1    1    1    1  1.01393E+10 0.15645 
   19   19    1    1    1    1    1    1    1    1  1.79923E+10 0.15905 
   20   20    1    1    1    1    1    1    1    1  4.82518E+10 0.11440 
   21   21    1    1    1    1    1    1    1    1  3.66540E+10 0.08293 
   22   22    1    1    1    1    1    1    1    1  9.89554E+10 0.08852 
   23   23    1    1    1    1    1    1    1    1  1.42663E+11 0.04276 
   24   24    1    1    1    1    1    1    1    1  2.36397E+11 0.04984 
   25   25    1    1    1    1    1    1    1    1  3.07235E+11 0.05399 
   26   26    1    1    1    1    1    1    1    1  5.15828E+11 0.03509 
   27   27    1    1    1    1    1    1    1    1  1.03511E+12 0.02182 
   28   28    1    1    1    1    1    1    1    1  2.21563E+12 0.01525 
   29   29    1    1    1    1    1    1    1    1  3.24373E+12 0.01156 
   30   30    1    1    1    1    1    1    1    1  9.31331E+12 0.00699 
   31   31    1    1    1    1    1    1    1    1  2.48472E+13 0.00737 
   32   32    1    1    1    1    1    1    1    1  4.05881E+13 0.00466 
   33   33    1    1    1    1    1    1    1    1  8.50740E+13 0.00360 
   34   34    1    1    1    1    1    1    1    1  1.04939E+14 0.00310 
   35   35    1    1    1    1    1    1    1    1  1.50528E+14 0.00295 
   36   36    1    1    1    1    1    1    1    1  1.11951E+14 0.00275 
   37   37    1    1    1    1    1    1    1    1  3.53527E+13 0.00242 
   38   38    1    1    1    1    1    1    1    1  1.80519E+14 0.00270 
   39   39    1    1    1    1    1    1    1    1  2.31454E+14 0.00264 
   40   40    1    1    1    1    1    1    1    1  3.86585E+14 0.00205 
   41   41    1    1    1    1    1    1    1    1  3.84602E+14 0.00229 
   42   42    1    1    1    1    1    1    1    1  7.38950E+14 0.00222 
   43   43    1    1    1    1    1    1    1    1  8.39797E+14 0.00214 
   44   44    1    1    1    1    1    1    1    1  1.13208E+15 0.00185 
   45   45    1    1    1    1    1    1    1    1  2.09230E+15 0.00193 
   46   46    1    1    1    1    1    1    1    1  1.03910E+15 0.00235 
   47   47    1    1    1    1    1    1    1    1  1.58451E+15 0.00256 
   48   48    1    1    1    1    1    1    1    1  2.19757E+15 0.00231 
   49   49    1    1    1    1    1    1    1    1  2.07567E+15 0.00243 
   50   50    1    1    1    1    1    1    1    1  3.16354E+15 0.00210 
   51   51    1    1    1    1    1    1    1    1  2.51952E+15 0.00220 
   52   52    1    1    1    1    1    1    1    1  2.87404E+15 0.00228 
   53   53    1    1    1    1    1    1    1    1  2.02279E+15 0.00203 
   54   54    1    1    1    1    1    1    1    1  2.42483E+15 0.00203 
   55   55    1    1    1    1    1    1    1    1  1.69635E+15 0.00200 
   56   56    1    1    1    1    1    1    1    1  2.33861E+14 0.00222 
   57   57    1    1    1    1    1    1    1    1  3.32821E+15 0.00211 
   58   58    1    1    1    1    1    1    1    1  1.43853E+15 0.00210 
   59   59    1    1    1    1    1    1    1    1  1.55267E+15 0.00214 
   60   60    1    1    1    1    1    1    1    1  1.19630E+15 0.00231 
   61   61    1    1    1    1    1    1    1    1  1.20014E+15 0.00222 
   62   62    1    1    1    1    1    1    1    1  1.22261E+15 0.00249 
   63   63    1    1    1    1    1    1    1    1  1.01669E+15 0.00239 
   64   64    1    1    1    1    1    1    1    1  8.03011E+14 0.00274 
   65   65    1    1    1    1    1    1    1    1  7.92974E+14 0.00237 
   66   66    1    1    1    1    1    1    1    1  5.99380E+14 0.00264 
   67   67    1    1    1    1    1    1    1    1  4.92367E+14 0.00285 
   68   68    1    1    1    1    1    1    1    1  4.39353E+14 0.00258 
   69   69    1    1    1    1    1    1    1    1  5.30146E+14 0.00261 
   70   70    1    1    1    1    1    1    1    1  4.53621E+14 0.00273 
   71   71    1    1    1    1    1    1    1    1  8.46287E+14 0.00234 
   72   72    1    1    1    1    1    1    1    1  6.08264E+14 0.00243 
   73   73    1    1    1    1    1    1    1    1  4.60237E+14 0.00234 
   74   74    1    1    1    1    1    1    1    1  3.66233E+14 0.00295 
   75   75    1    1    1    1    1    1    1    1  2.98190E+14 0.00234 
   76   76    1    1    1    1    1    1    1    1  3.38468E+14 0.00329 
   77   77    1    1    1    1    1    1    1    1  2.62058E+14 0.00288 
   78   78    1    1    1    1    1    1    1    1  2.02803E+14 0.00270 
   79   79    1    1    1    1    1    1    1    1  2.07895E+14 0.00301 
   80   80    1    1    1    1    1    1    1    1  1.54066E+14 0.00312 
   81   81    1    1    1    1    1    1    1    1  1.18419E+14 0.00299 
   82   82    1    1    1    1    1    1    1    1  9.07076E+13 0.00430 
   83   83    1    1    1    1    1    1    1    1  8.44031E+13 0.00312 
   84   84    1    1    1    1    1    1    1    1  6.08006E+13 0.00455 
   85   85    1    1    1    1    1    1    1    1  4.40660E+13 0.00480 
   86   86    1    1    1    1    1    1    1    1  4.12563E+13 0.00516 
   87   87    1    1    1    1    1    1    1    1  2.52903E+13 0.00539 
   88   88    1    1    1    1    1    1    1    1  1.72629E+13 0.00817 
   89   89    1    1    1    1    1    1    1    1  1.00627E+13 0.00789 
   90   90    1    1    1    1    1    1    1    1  6.66091E+12 0.01082 
   91   91    1    1    1    1    1    1    1    1  3.40931E+12 0.01715 
   92   92    1    1    1    1    1    1    1    1  1.63535E+12 0.01977 
   93   93    1    1    1    1    1    1    1    1  7.64744E+11 0.02710 
   94   94    1    1    1    1    1    1    1    1  3.77455E+11 0.04614 
   95   95    1    1    1    1    1    1    1    1  1.77208E+11 0.06667 
   96   96    1    1    1    1    1    1    1    1  8.90555E+10 0.10442 
   97   97    1    1    1    1    1    1    1    1  4.74795E+10 0.16942 
   98   98    1    1    1    1    1    1    1    1  2.00844E+10 0.16443 
   99   99    1    1    1    1    1    1    1    1  7.26487E+09 0.48130 
  100  100    1    1    1    1    1    1    1    1  5.37556E+09 0.37637 
];


