
DETdpaspec = [
    1    1    1    1    1    1    1    1    1    1  0.00000E+00 0.00000 
    2    2    1    1    1    1    1    1    1    1  0.00000E+00 0.00000 
    3    3    1    1    1    1    1    1    1    1  0.00000E+00 0.00000 
    4    4    1    1    1    1    1    1    1    1  0.00000E+00 0.00000 
    5    5    1    1    1    1    1    1    1    1  0.00000E+00 0.00000 
    6    6    1    1    1    1    1    1    1    1  0.00000E+00 0.00000 
    7    7    1    1    1    1    1    1    1    1  0.00000E+00 0.00000 
    8    8    1    1    1    1    1    1    1    1  1.80106E+07 1.00000 
    9    9    1    1    1    1    1    1    1    1  2.30226E+07 0.69989 
   10   10    1    1    1    1    1    1    1    1  0.00000E+00 0.00000 
   11   11    1    1    1    1    1    1    1    1  5.53509E+08 0.40414 
   12   12    1    1    1    1    1    1    1    1  4.09209E+07 1.00000 
   13   13    1    1    1    1    1    1    1    1  2.04238E+09 0.56712 
   14   14    1    1    1    1    1    1    1    1  7.76148E+09 0.31117 
   15   15    1    1    1    1    1    1    1    1  9.83438E+09 0.28825 
   16   16    1    1    1    1    1    1    1    1  3.16023E+09 0.27849 
   17   17    1    1    1    1    1    1    1    1  6.21600E+09 0.20373 
   18   18    1    1    1    1    1    1    1    1  2.20286E+10 0.12735 
   19   19    1    1    1    1    1    1    1    1  1.81912E+10 0.12121 
   20   20    1    1    1    1    1    1    1    1  5.14277E+10 0.10513 
   21   21    1    1    1    1    1    1    1    1  4.18857E+10 0.13093 
   22   22    1    1    1    1    1    1    1    1  1.13213E+11 0.07915 
   23   23    1    1    1    1    1    1    1    1  1.56047E+11 0.05011 
   24   24    1    1    1    1    1    1    1    1  2.73827E+11 0.04438 
   25   25    1    1    1    1    1    1    1    1  3.96309E+11 0.03991 
   26   26    1    1    1    1    1    1    1    1  7.35140E+11 0.02374 
   27   27    1    1    1    1    1    1    1    1  1.58218E+12 0.01705 
   28   28    1    1    1    1    1    1    1    1  3.77560E+12 0.01321 
   29   29    1    1    1    1    1    1    1    1  6.00404E+12 0.01208 
   30   30    1    1    1    1    1    1    1    1  1.57504E+13 0.00793 
   31   31    1    1    1    1    1    1    1    1  4.23367E+13 0.00445 
   32   32    1    1    1    1    1    1    1    1  6.98132E+13 0.00344 
   33   33    1    1    1    1    1    1    1    1  1.49564E+14 0.00267 
   34   34    1    1    1    1    1    1    1    1  1.91281E+14 0.00280 
   35   35    1    1    1    1    1    1    1    1  2.59520E+14 0.00216 
   36   36    1    1    1    1    1    1    1    1  1.89528E+14 0.00185 
   37   37    1    1    1    1    1    1    1    1  5.85779E+13 0.00194 
   38   38    1    1    1    1    1    1    1    1  3.07027E+14 0.00150 
   39   39    1    1    1    1    1    1    1    1  3.96164E+14 0.00164 
   40   40    1    1    1    1    1    1    1    1  6.71661E+14 0.00129 
   41   41    1    1    1    1    1    1    1    1  6.59589E+14 0.00134 
   42   42    1    1    1    1    1    1    1    1  1.29762E+15 0.00135 
   43   43    1    1    1    1    1    1    1    1  1.48811E+15 0.00137 
   44   44    1    1    1    1    1    1    1    1  2.02240E+15 0.00111 
   45   45    1    1    1    1    1    1    1    1  3.82780E+15 0.00097 
   46   46    1    1    1    1    1    1    1    1  1.90795E+15 0.00090 
   47   47    1    1    1    1    1    1    1    1  2.90268E+15 0.00082 
   48   48    1    1    1    1    1    1    1    1  4.06032E+15 0.00079 
   49   49    1    1    1    1    1    1    1    1  3.83307E+15 0.00073 
   50   50    1    1    1    1    1    1    1    1  5.97129E+15 0.00078 
   51   51    1    1    1    1    1    1    1    1  4.72649E+15 0.00076 
   52   52    1    1    1    1    1    1    1    1  5.50465E+15 0.00082 
   53   53    1    1    1    1    1    1    1    1  3.88326E+15 0.00089 
   54   54    1    1    1    1    1    1    1    1  4.74426E+15 0.00074 
   55   55    1    1    1    1    1    1    1    1  3.31652E+15 0.00078 
   56   56    1    1    1    1    1    1    1    1  4.54080E+14 0.00120 
   57   57    1    1    1    1    1    1    1    1  6.52289E+15 0.00079 
   58   58    1    1    1    1    1    1    1    1  2.89127E+15 0.00087 
   59   59    1    1    1    1    1    1    1    1  3.11697E+15 0.00062 
   60   60    1    1    1    1    1    1    1    1  2.44840E+15 0.00088 
   61   61    1    1    1    1    1    1    1    1  2.44949E+15 0.00074 
   62   62    1    1    1    1    1    1    1    1  2.50759E+15 0.00094 
   63   63    1    1    1    1    1    1    1    1  2.10367E+15 0.00121 
   64   64    1    1    1    1    1    1    1    1  1.66746E+15 0.00105 
   65   65    1    1    1    1    1    1    1    1  1.64867E+15 0.00107 
   66   66    1    1    1    1    1    1    1    1  1.24908E+15 0.00106 
   67   67    1    1    1    1    1    1    1    1  1.02387E+15 0.00107 
   68   68    1    1    1    1    1    1    1    1  9.12528E+14 0.00109 
   69   69    1    1    1    1    1    1    1    1  1.10215E+15 0.00119 
   70   70    1    1    1    1    1    1    1    1  9.42054E+14 0.00136 
   71   71    1    1    1    1    1    1    1    1  1.74116E+15 0.00133 
   72   72    1    1    1    1    1    1    1    1  1.24957E+15 0.00146 
   73   73    1    1    1    1    1    1    1    1  9.53749E+14 0.00128 
   74   74    1    1    1    1    1    1    1    1  7.68600E+14 0.00138 
   75   75    1    1    1    1    1    1    1    1  6.32357E+14 0.00122 
   76   76    1    1    1    1    1    1    1    1  7.27788E+14 0.00104 
   77   77    1    1    1    1    1    1    1    1  5.71962E+14 0.00152 
   78   78    1    1    1    1    1    1    1    1  4.49200E+14 0.00138 
   79   79    1    1    1    1    1    1    1    1  4.62044E+14 0.00175 
   80   80    1    1    1    1    1    1    1    1  3.43557E+14 0.00186 
   81   81    1    1    1    1    1    1    1    1  2.65139E+14 0.00200 
   82   82    1    1    1    1    1    1    1    1  2.04089E+14 0.00184 
   83   83    1    1    1    1    1    1    1    1  1.90739E+14 0.00184 
   84   84    1    1    1    1    1    1    1    1  1.36775E+14 0.00294 
   85   85    1    1    1    1    1    1    1    1  9.87216E+13 0.00354 
   86   86    1    1    1    1    1    1    1    1  9.26620E+13 0.00200 
   87   87    1    1    1    1    1    1    1    1  5.71160E+13 0.00414 
   88   88    1    1    1    1    1    1    1    1  3.85694E+13 0.00439 
   89   89    1    1    1    1    1    1    1    1  2.22274E+13 0.00519 
   90   90    1    1    1    1    1    1    1    1  1.45746E+13 0.00897 
   91   91    1    1    1    1    1    1    1    1  7.44548E+12 0.00814 
   92   92    1    1    1    1    1    1    1    1  3.66867E+12 0.01531 
   93   93    1    1    1    1    1    1    1    1  1.71218E+12 0.01683 
   94   94    1    1    1    1    1    1    1    1  8.78443E+11 0.03001 
   95   95    1    1    1    1    1    1    1    1  4.23983E+11 0.03429 
   96   96    1    1    1    1    1    1    1    1  1.80927E+11 0.08031 
   97   97    1    1    1    1    1    1    1    1  8.95454E+10 0.11447 
   98   98    1    1    1    1    1    1    1    1  3.81927E+10 0.11665 
   99   99    1    1    1    1    1    1    1    1  2.60849E+10 0.21711 
  100  100    1    1    1    1    1    1    1    1  1.22724E+10 0.25535 
];


