
DETdpaspec = [
    1    1    1    1    1    1    1    1    1    1  0.00000E+00 0.00000 
    2    2    1    1    1    1    1    1    1    1  0.00000E+00 0.00000 
    3    3    1    1    1    1    1    1    1    1  0.00000E+00 0.00000 
    4    4    1    1    1    1    1    1    1    1  0.00000E+00 0.00000 
    5    5    1    1    1    1    1    1    1    1  0.00000E+00 0.00000 
    6    6    1    1    1    1    1    1    1    1  0.00000E+00 0.00000 
    7    7    1    1    1    1    1    1    1    1  0.00000E+00 0.00000 
    8    8    1    1    1    1    1    1    1    1  0.00000E+00 0.00000 
    9    9    1    1    1    1    1    1    1    1  3.14987E+07 1.00000 
   10   10    1    1    1    1    1    1    1    1  4.65679E+07 1.00000 
   11   11    1    1    1    1    1    1    1    1  3.51534E+08 0.69400 
   12   12    1    1    1    1    1    1    1    1  6.01263E+07 0.70424 
   13   13    1    1    1    1    1    1    1    1  2.10649E+09 0.51044 
   14   14    1    1    1    1    1    1    1    1  2.58312E+09 0.34692 
   15   15    1    1    1    1    1    1    1    1  1.77654E+09 0.39818 
   16   16    1    1    1    1    1    1    1    1  1.36411E+09 0.26576 
   17   17    1    1    1    1    1    1    1    1  1.79633E+09 0.28413 
   18   18    1    1    1    1    1    1    1    1  8.53037E+09 0.21618 
   19   19    1    1    1    1    1    1    1    1  6.45344E+09 0.22663 
   20   20    1    1    1    1    1    1    1    1  2.76167E+10 0.15560 
   21   21    1    1    1    1    1    1    1    1  2.33775E+10 0.12531 
   22   22    1    1    1    1    1    1    1    1  5.91177E+10 0.09622 
   23   23    1    1    1    1    1    1    1    1  9.62280E+10 0.08317 
   24   24    1    1    1    1    1    1    1    1  1.39773E+11 0.06362 
   25   25    1    1    1    1    1    1    1    1  1.87115E+11 0.05795 
   26   26    1    1    1    1    1    1    1    1  3.48772E+11 0.05752 
   27   27    1    1    1    1    1    1    1    1  6.85308E+11 0.02954 
   28   28    1    1    1    1    1    1    1    1  1.24401E+12 0.02544 
   29   29    1    1    1    1    1    1    1    1  1.63253E+12 0.02070 
   30   30    1    1    1    1    1    1    1    1  4.91237E+12 0.01318 
   31   31    1    1    1    1    1    1    1    1  1.25759E+13 0.00994 
   32   32    1    1    1    1    1    1    1    1  2.00529E+13 0.00691 
   33   33    1    1    1    1    1    1    1    1  4.02910E+13 0.00611 
   34   34    1    1    1    1    1    1    1    1  4.84568E+13 0.00571 
   35   35    1    1    1    1    1    1    1    1  7.07170E+13 0.00526 
   36   36    1    1    1    1    1    1    1    1  5.24711E+13 0.00564 
   37   37    1    1    1    1    1    1    1    1  1.67468E+13 0.00483 
   38   38    1    1    1    1    1    1    1    1  8.38535E+13 0.00466 
   39   39    1    1    1    1    1    1    1    1  1.06790E+14 0.00360 
   40   40    1    1    1    1    1    1    1    1  1.74150E+14 0.00421 
   41   41    1    1    1    1    1    1    1    1  1.74687E+14 0.00459 
   42   42    1    1    1    1    1    1    1    1  3.29515E+14 0.00393 
   43   43    1    1    1    1    1    1    1    1  3.70426E+14 0.00383 
   44   44    1    1    1    1    1    1    1    1  4.93544E+14 0.00423 
   45   45    1    1    1    1    1    1    1    1  8.93665E+14 0.00459 
   46   46    1    1    1    1    1    1    1    1  4.41227E+14 0.00453 
   47   47    1    1    1    1    1    1    1    1  6.72889E+14 0.00433 
   48   48    1    1    1    1    1    1    1    1  9.23432E+14 0.00442 
   49   49    1    1    1    1    1    1    1    1  8.71758E+14 0.00429 
   50   50    1    1    1    1    1    1    1    1  1.31371E+15 0.00429 
   51   51    1    1    1    1    1    1    1    1  1.04941E+15 0.00457 
   52   52    1    1    1    1    1    1    1    1  1.18066E+15 0.00448 
   53   53    1    1    1    1    1    1    1    1  8.31588E+14 0.00452 
   54   54    1    1    1    1    1    1    1    1  9.84364E+14 0.00480 
   55   55    1    1    1    1    1    1    1    1  6.91336E+14 0.00471 
   56   56    1    1    1    1    1    1    1    1  9.53069E+13 0.00596 
   57   57    1    1    1    1    1    1    1    1  1.35048E+15 0.00457 
   58   58    1    1    1    1    1    1    1    1  5.75579E+14 0.00465 
   59   59    1    1    1    1    1    1    1    1  6.23023E+14 0.00490 
   60   60    1    1    1    1    1    1    1    1  4.75426E+14 0.00495 
   61   61    1    1    1    1    1    1    1    1  4.77617E+14 0.00466 
   62   62    1    1    1    1    1    1    1    1  4.82406E+14 0.00479 
   63   63    1    1    1    1    1    1    1    1  3.99808E+14 0.00527 
   64   64    1    1    1    1    1    1    1    1  3.14757E+14 0.00537 
   65   65    1    1    1    1    1    1    1    1  3.10871E+14 0.00464 
   66   66    1    1    1    1    1    1    1    1  2.33930E+14 0.00506 
   67   67    1    1    1    1    1    1    1    1  1.93633E+14 0.00434 
   68   68    1    1    1    1    1    1    1    1  1.72743E+14 0.00456 
   69   69    1    1    1    1    1    1    1    1  2.07923E+14 0.00486 
   70   70    1    1    1    1    1    1    1    1  1.78572E+14 0.00460 
   71   71    1    1    1    1    1    1    1    1  3.35744E+14 0.00556 
   72   72    1    1    1    1    1    1    1    1  2.41552E+14 0.00570 
   73   73    1    1    1    1    1    1    1    1  1.81589E+14 0.00621 
   74   74    1    1    1    1    1    1    1    1  1.43226E+14 0.00703 
   75   75    1    1    1    1    1    1    1    1  1.15994E+14 0.00667 
   76   76    1    1    1    1    1    1    1    1  1.30326E+14 0.00659 
   77   77    1    1    1    1    1    1    1    1  1.00415E+14 0.00539 
   78   78    1    1    1    1    1    1    1    1  7.67600E+13 0.00630 
   79   79    1    1    1    1    1    1    1    1  7.88064E+13 0.00665 
   80   80    1    1    1    1    1    1    1    1  5.80077E+13 0.00631 
   81   81    1    1    1    1    1    1    1    1  4.43193E+13 0.00751 
   82   82    1    1    1    1    1    1    1    1  3.41099E+13 0.00774 
   83   83    1    1    1    1    1    1    1    1  3.19981E+13 0.00687 
   84   84    1    1    1    1    1    1    1    1  2.27864E+13 0.00844 
   85   85    1    1    1    1    1    1    1    1  1.64335E+13 0.00964 
   86   86    1    1    1    1    1    1    1    1  1.53962E+13 0.01080 
   87   87    1    1    1    1    1    1    1    1  9.41057E+12 0.01077 
   88   88    1    1    1    1    1    1    1    1  6.45082E+12 0.01429 
   89   89    1    1    1    1    1    1    1    1  3.68204E+12 0.01423 
   90   90    1    1    1    1    1    1    1    1  2.49845E+12 0.01653 
   91   91    1    1    1    1    1    1    1    1  1.31157E+12 0.02722 
   92   92    1    1    1    1    1    1    1    1  6.48520E+11 0.03331 
   93   93    1    1    1    1    1    1    1    1  3.13790E+11 0.05062 
   94   94    1    1    1    1    1    1    1    1  1.46208E+11 0.06585 
   95   95    1    1    1    1    1    1    1    1  6.79812E+10 0.10638 
   96   96    1    1    1    1    1    1    1    1  3.72768E+10 0.17821 
   97   97    1    1    1    1    1    1    1    1  1.30953E+10 0.27465 
   98   98    1    1    1    1    1    1    1    1  7.00859E+09 0.33962 
   99   99    1    1    1    1    1    1    1    1  2.68982E+09 0.62747 
  100  100    1    1    1    1    1    1    1    1  3.56573E+09 0.41551 
];


