
DETdpaspec = [
    1    1    1    1    1    1    1    1    1    1  0.00000E+00 0.00000 
    2    2    1    1    1    1    1    1    1    1  0.00000E+00 0.00000 
    3    3    1    1    1    1    1    1    1    1  0.00000E+00 0.00000 
    4    4    1    1    1    1    1    1    1    1  0.00000E+00 0.00000 
    5    5    1    1    1    1    1    1    1    1  0.00000E+00 0.00000 
    6    6    1    1    1    1    1    1    1    1  0.00000E+00 0.00000 
    7    7    1    1    1    1    1    1    1    1  0.00000E+00 0.00000 
    8    8    1    1    1    1    1    1    1    1  2.24220E+07 1.00000 
    9    9    1    1    1    1    1    1    1    1  8.19358E+07 0.54894 
   10   10    1    1    1    1    1    1    1    1  6.24119E+07 1.00000 
   11   11    1    1    1    1    1    1    1    1  1.25650E+08 1.00000 
   12   12    1    1    1    1    1    1    1    1  1.35621E+08 0.51564 
   13   13    1    1    1    1    1    1    1    1  8.29950E+08 0.62400 
   14   14    1    1    1    1    1    1    1    1  3.04035E+09 0.44218 
   15   15    1    1    1    1    1    1    1    1  3.06181E+09 0.28369 
   16   16    1    1    1    1    1    1    1    1  1.26759E+09 0.53518 
   17   17    1    1    1    1    1    1    1    1  2.57300E+09 0.22656 
   18   18    1    1    1    1    1    1    1    1  7.43007E+09 0.21304 
   19   19    1    1    1    1    1    1    1    1  1.09379E+10 0.15008 
   20   20    1    1    1    1    1    1    1    1  4.07673E+10 0.13532 
   21   21    1    1    1    1    1    1    1    1  2.73394E+10 0.15700 
   22   22    1    1    1    1    1    1    1    1  9.09794E+10 0.09747 
   23   23    1    1    1    1    1    1    1    1  1.01159E+11 0.06746 
   24   24    1    1    1    1    1    1    1    1  1.56204E+11 0.04913 
   25   25    1    1    1    1    1    1    1    1  2.16880E+11 0.04146 
   26   26    1    1    1    1    1    1    1    1  3.91487E+11 0.03924 
   27   27    1    1    1    1    1    1    1    1  8.15509E+11 0.03769 
   28   28    1    1    1    1    1    1    1    1  1.70631E+12 0.01977 
   29   29    1    1    1    1    1    1    1    1  2.39195E+12 0.01729 
   30   30    1    1    1    1    1    1    1    1  6.87072E+12 0.01326 
   31   31    1    1    1    1    1    1    1    1  1.79902E+13 0.00730 
   32   32    1    1    1    1    1    1    1    1  2.97261E+13 0.00458 
   33   33    1    1    1    1    1    1    1    1  6.10520E+13 0.00349 
   34   34    1    1    1    1    1    1    1    1  7.41624E+13 0.00337 
   35   35    1    1    1    1    1    1    1    1  1.07420E+14 0.00278 
   36   36    1    1    1    1    1    1    1    1  7.99613E+13 0.00238 
   37   37    1    1    1    1    1    1    1    1  2.52984E+13 0.00254 
   38   38    1    1    1    1    1    1    1    1  1.28359E+14 0.00255 
   39   39    1    1    1    1    1    1    1    1  1.63772E+14 0.00267 
   40   40    1    1    1    1    1    1    1    1  2.70192E+14 0.00231 
   41   41    1    1    1    1    1    1    1    1  2.70318E+14 0.00214 
   42   42    1    1    1    1    1    1    1    1  5.16551E+14 0.00266 
   43   43    1    1    1    1    1    1    1    1  5.83690E+14 0.00293 
   44   44    1    1    1    1    1    1    1    1  7.82981E+14 0.00209 
   45   45    1    1    1    1    1    1    1    1  1.43674E+15 0.00264 
   46   46    1    1    1    1    1    1    1    1  7.10393E+14 0.00236 
   47   47    1    1    1    1    1    1    1    1  1.08353E+15 0.00230 
   48   48    1    1    1    1    1    1    1    1  1.49635E+15 0.00233 
   49   49    1    1    1    1    1    1    1    1  1.41160E+15 0.00227 
   50   50    1    1    1    1    1    1    1    1  2.13956E+15 0.00210 
   51   51    1    1    1    1    1    1    1    1  1.70079E+15 0.00242 
   52   52    1    1    1    1    1    1    1    1  1.92939E+15 0.00234 
   53   53    1    1    1    1    1    1    1    1  1.35704E+15 0.00247 
   54   54    1    1    1    1    1    1    1    1  1.61727E+15 0.00237 
   55   55    1    1    1    1    1    1    1    1  1.12775E+15 0.00244 
   56   56    1    1    1    1    1    1    1    1  1.55136E+14 0.00291 
   57   57    1    1    1    1    1    1    1    1  2.21043E+15 0.00265 
   58   58    1    1    1    1    1    1    1    1  9.48940E+14 0.00250 
   59   59    1    1    1    1    1    1    1    1  1.02569E+15 0.00269 
   60   60    1    1    1    1    1    1    1    1  7.85420E+14 0.00275 
   61   61    1    1    1    1    1    1    1    1  7.86600E+14 0.00251 
   62   62    1    1    1    1    1    1    1    1  7.99897E+14 0.00262 
   63   63    1    1    1    1    1    1    1    1  6.63141E+14 0.00281 
   64   64    1    1    1    1    1    1    1    1  5.23525E+14 0.00318 
   65   65    1    1    1    1    1    1    1    1  5.15209E+14 0.00316 
   66   66    1    1    1    1    1    1    1    1  3.88446E+14 0.00306 
   67   67    1    1    1    1    1    1    1    1  3.20133E+14 0.00369 
   68   68    1    1    1    1    1    1    1    1  2.85382E+14 0.00265 
   69   69    1    1    1    1    1    1    1    1  3.43465E+14 0.00266 
   70   70    1    1    1    1    1    1    1    1  2.94962E+14 0.00298 
   71   71    1    1    1    1    1    1    1    1  5.51047E+14 0.00258 
   72   72    1    1    1    1    1    1    1    1  3.96813E+14 0.00263 
   73   73    1    1    1    1    1    1    1    1  2.98833E+14 0.00315 
   74   74    1    1    1    1    1    1    1    1  2.36932E+14 0.00278 
   75   75    1    1    1    1    1    1    1    1  1.91684E+14 0.00322 
   76   76    1    1    1    1    1    1    1    1  2.16914E+14 0.00320 
   77   77    1    1    1    1    1    1    1    1  1.67455E+14 0.00487 
   78   78    1    1    1    1    1    1    1    1  1.29197E+14 0.00262 
   79   79    1    1    1    1    1    1    1    1  1.32608E+14 0.00377 
   80   80    1    1    1    1    1    1    1    1  9.82877E+13 0.00351 
   81   81    1    1    1    1    1    1    1    1  7.51122E+13 0.00437 
   82   82    1    1    1    1    1    1    1    1  5.80101E+13 0.00413 
   83   83    1    1    1    1    1    1    1    1  5.35664E+13 0.00527 
   84   84    1    1    1    1    1    1    1    1  3.88614E+13 0.00510 
   85   85    1    1    1    1    1    1    1    1  2.79514E+13 0.00635 
   86   86    1    1    1    1    1    1    1    1  2.61059E+13 0.00718 
   87   87    1    1    1    1    1    1    1    1  1.62482E+13 0.00714 
   88   88    1    1    1    1    1    1    1    1  1.08922E+13 0.00958 
   89   89    1    1    1    1    1    1    1    1  6.29545E+12 0.01146 
   90   90    1    1    1    1    1    1    1    1  4.20773E+12 0.01383 
   91   91    1    1    1    1    1    1    1    1  2.11122E+12 0.01892 
   92   92    1    1    1    1    1    1    1    1  1.06177E+12 0.02627 
   93   93    1    1    1    1    1    1    1    1  4.99289E+11 0.04686 
   94   94    1    1    1    1    1    1    1    1  2.36712E+11 0.07325 
   95   95    1    1    1    1    1    1    1    1  1.19332E+11 0.09756 
   96   96    1    1    1    1    1    1    1    1  7.07754E+10 0.13148 
   97   97    1    1    1    1    1    1    1    1  3.03293E+10 0.16112 
   98   98    1    1    1    1    1    1    1    1  1.40607E+10 0.19370 
   99   99    1    1    1    1    1    1    1    1  8.46922E+09 0.33594 
  100  100    1    1    1    1    1    1    1    1  1.19176E+10 0.35687 
];


