
DETdpaspec = [
    1    1    1    1    1    1    1    1    1    1  0.00000E+00 0.00000 
    2    2    1    1    1    1    1    1    1    1  0.00000E+00 0.00000 
    3    3    1    1    1    1    1    1    1    1  0.00000E+00 0.00000 
    4    4    1    1    1    1    1    1    1    1  0.00000E+00 0.00000 
    5    5    1    1    1    1    1    1    1    1  0.00000E+00 0.00000 
    6    6    1    1    1    1    1    1    1    1  9.62954E+06 1.00000 
    7    7    1    1    1    1    1    1    1    1  0.00000E+00 0.00000 
    8    8    1    1    1    1    1    1    1    1  2.23989E+07 1.00000 
    9    9    1    1    1    1    1    1    1    1  4.87058E+07 1.00000 
   10   10    1    1    1    1    1    1    1    1  5.86170E+07 1.00000 
   11   11    1    1    1    1    1    1    1    1  2.52626E+08 0.80668 
   12   12    1    1    1    1    1    1    1    1  7.31842E+07 0.58698 
   13   13    1    1    1    1    1    1    1    1  1.04536E+09 0.57536 
   14   14    1    1    1    1    1    1    1    1  2.77387E+09 0.48992 
   15   15    1    1    1    1    1    1    1    1  3.88869E+09 0.42986 
   16   16    1    1    1    1    1    1    1    1  1.25678E+09 0.26683 
   17   17    1    1    1    1    1    1    1    1  3.51357E+09 0.25481 
   18   18    1    1    1    1    1    1    1    1  9.04620E+09 0.25547 
   19   19    1    1    1    1    1    1    1    1  1.02665E+10 0.12167 
   20   20    1    1    1    1    1    1    1    1  3.46138E+10 0.12107 
   21   21    1    1    1    1    1    1    1    1  2.85283E+10 0.09209 
   22   22    1    1    1    1    1    1    1    1  6.56520E+10 0.08317 
   23   23    1    1    1    1    1    1    1    1  1.01616E+11 0.05162 
   24   24    1    1    1    1    1    1    1    1  1.57487E+11 0.05739 
   25   25    1    1    1    1    1    1    1    1  2.11437E+11 0.03560 
   26   26    1    1    1    1    1    1    1    1  3.49496E+11 0.03982 
   27   27    1    1    1    1    1    1    1    1  7.37458E+11 0.03548 
   28   28    1    1    1    1    1    1    1    1  1.44464E+12 0.01958 
   29   29    1    1    1    1    1    1    1    1  2.02356E+12 0.01894 
   30   30    1    1    1    1    1    1    1    1  5.99162E+12 0.01295 
   31   31    1    1    1    1    1    1    1    1  1.58084E+13 0.00949 
   32   32    1    1    1    1    1    1    1    1  2.57717E+13 0.00715 
   33   33    1    1    1    1    1    1    1    1  5.27080E+13 0.00346 
   34   34    1    1    1    1    1    1    1    1  6.39109E+13 0.00378 
   35   35    1    1    1    1    1    1    1    1  9.26219E+13 0.00395 
   36   36    1    1    1    1    1    1    1    1  6.87630E+13 0.00364 
   37   37    1    1    1    1    1    1    1    1  2.18316E+13 0.00420 
   38   38    1    1    1    1    1    1    1    1  1.10335E+14 0.00328 
   39   39    1    1    1    1    1    1    1    1  1.41100E+14 0.00331 
   40   40    1    1    1    1    1    1    1    1  2.32670E+14 0.00330 
   41   41    1    1    1    1    1    1    1    1  2.32568E+14 0.00283 
   42   42    1    1    1    1    1    1    1    1  4.42381E+14 0.00283 
   43   43    1    1    1    1    1    1    1    1  4.99817E+14 0.00252 
   44   44    1    1    1    1    1    1    1    1  6.69443E+14 0.00244 
   45   45    1    1    1    1    1    1    1    1  1.21976E+15 0.00265 
   46   46    1    1    1    1    1    1    1    1  6.03606E+14 0.00290 
   47   47    1    1    1    1    1    1    1    1  9.21719E+14 0.00296 
   48   48    1    1    1    1    1    1    1    1  1.27010E+15 0.00288 
   49   49    1    1    1    1    1    1    1    1  1.19758E+15 0.00266 
   50   50    1    1    1    1    1    1    1    1  1.80714E+15 0.00298 
   51   51    1    1    1    1    1    1    1    1  1.43911E+15 0.00309 
   52   52    1    1    1    1    1    1    1    1  1.62688E+15 0.00325 
   53   53    1    1    1    1    1    1    1    1  1.14575E+15 0.00354 
   54   54    1    1    1    1    1    1    1    1  1.36169E+15 0.00320 
   55   55    1    1    1    1    1    1    1    1  9.51613E+14 0.00306 
   56   56    1    1    1    1    1    1    1    1  1.30992E+14 0.00263 
   57   57    1    1    1    1    1    1    1    1  1.86269E+15 0.00301 
   58   58    1    1    1    1    1    1    1    1  7.96442E+14 0.00329 
   59   59    1    1    1    1    1    1    1    1  8.60546E+14 0.00363 
   60   60    1    1    1    1    1    1    1    1  6.59689E+14 0.00346 
   61   61    1    1    1    1    1    1    1    1  6.59682E+14 0.00358 
   62   62    1    1    1    1    1    1    1    1  6.70911E+14 0.00387 
   63   63    1    1    1    1    1    1    1    1  5.55001E+14 0.00378 
   64   64    1    1    1    1    1    1    1    1  4.37945E+14 0.00345 
   65   65    1    1    1    1    1    1    1    1  4.31502E+14 0.00384 
   66   66    1    1    1    1    1    1    1    1  3.25003E+14 0.00408 
   67   67    1    1    1    1    1    1    1    1  2.66896E+14 0.00387 
   68   68    1    1    1    1    1    1    1    1  2.38142E+14 0.00402 
   69   69    1    1    1    1    1    1    1    1  2.87708E+14 0.00372 
   70   70    1    1    1    1    1    1    1    1  2.46697E+14 0.00453 
   71   71    1    1    1    1    1    1    1    1  4.60880E+14 0.00420 
   72   72    1    1    1    1    1    1    1    1  3.31448E+14 0.00406 
   73   73    1    1    1    1    1    1    1    1  2.51001E+14 0.00403 
   74   74    1    1    1    1    1    1    1    1  1.98721E+14 0.00404 
   75   75    1    1    1    1    1    1    1    1  1.60704E+14 0.00361 
   76   76    1    1    1    1    1    1    1    1  1.80800E+14 0.00336 
   77   77    1    1    1    1    1    1    1    1  1.39697E+14 0.00496 
   78   78    1    1    1    1    1    1    1    1  1.07546E+14 0.00358 
   79   79    1    1    1    1    1    1    1    1  1.09650E+14 0.00427 
   80   80    1    1    1    1    1    1    1    1  8.08965E+13 0.00531 
   81   81    1    1    1    1    1    1    1    1  6.27779E+13 0.00499 
   82   82    1    1    1    1    1    1    1    1  4.80166E+13 0.00680 
   83   83    1    1    1    1    1    1    1    1  4.45377E+13 0.00521 
   84   84    1    1    1    1    1    1    1    1  3.20464E+13 0.00822 
   85   85    1    1    1    1    1    1    1    1  2.30518E+13 0.00732 
   86   86    1    1    1    1    1    1    1    1  2.15998E+13 0.00762 
   87   87    1    1    1    1    1    1    1    1  1.32956E+13 0.00970 
   88   88    1    1    1    1    1    1    1    1  9.13133E+12 0.01247 
   89   89    1    1    1    1    1    1    1    1  5.37701E+12 0.01387 
   90   90    1    1    1    1    1    1    1    1  3.58036E+12 0.01562 
   91   91    1    1    1    1    1    1    1    1  1.75905E+12 0.02280 
   92   92    1    1    1    1    1    1    1    1  8.73623E+11 0.03037 
   93   93    1    1    1    1    1    1    1    1  4.42473E+11 0.05361 
   94   94    1    1    1    1    1    1    1    1  1.98096E+11 0.05486 
   95   95    1    1    1    1    1    1    1    1  9.73256E+10 0.12047 
   96   96    1    1    1    1    1    1    1    1  4.74673E+10 0.11957 
   97   97    1    1    1    1    1    1    1    1  2.33731E+10 0.20460 
   98   98    1    1    1    1    1    1    1    1  9.96500E+09 0.27867 
   99   99    1    1    1    1    1    1    1    1  2.30502E+09 0.54340 
  100  100    1    1    1    1    1    1    1    1  7.80887E+09 0.35574 
];


