
DETdpaspec = [
    1    1    1    1    1    1    1    1    1    1  0.00000E+00 0.00000 
    2    2    1    1    1    1    1    1    1    1  0.00000E+00 0.00000 
    3    3    1    1    1    1    1    1    1    1  0.00000E+00 0.00000 
    4    4    1    1    1    1    1    1    1    1  2.56117E+07 1.00000 
    5    5    1    1    1    1    1    1    1    1  0.00000E+00 0.00000 
    6    6    1    1    1    1    1    1    1    1  0.00000E+00 0.00000 
    7    7    1    1    1    1    1    1    1    1  3.79061E+07 1.00000 
    8    8    1    1    1    1    1    1    1    1  3.30861E+07 0.68827 
    9    9    1    1    1    1    1    1    1    1  5.73800E+07 0.58434 
   10   10    1    1    1    1    1    1    1    1  5.01462E+07 1.00000 
   11   11    1    1    1    1    1    1    1    1  1.49514E+08 0.74683 
   12   12    1    1    1    1    1    1    1    1  1.15481E+08 0.59191 
   13   13    1    1    1    1    1    1    1    1  9.55696E+08 0.62213 
   14   14    1    1    1    1    1    1    1    1  3.17520E+09 0.38708 
   15   15    1    1    1    1    1    1    1    1  8.22293E+09 0.23988 
   16   16    1    1    1    1    1    1    1    1  2.21101E+09 0.34987 
   17   17    1    1    1    1    1    1    1    1  4.78358E+09 0.23248 
   18   18    1    1    1    1    1    1    1    1  1.21576E+10 0.14760 
   19   19    1    1    1    1    1    1    1    1  1.64928E+10 0.15838 
   20   20    1    1    1    1    1    1    1    1  4.81912E+10 0.07924 
   21   21    1    1    1    1    1    1    1    1  4.23246E+10 0.10085 
   22   22    1    1    1    1    1    1    1    1  1.00986E+11 0.07152 
   23   23    1    1    1    1    1    1    1    1  1.58249E+11 0.05343 
   24   24    1    1    1    1    1    1    1    1  2.40524E+11 0.03936 
   25   25    1    1    1    1    1    1    1    1  3.78174E+11 0.03229 
   26   26    1    1    1    1    1    1    1    1  6.37407E+11 0.02964 
   27   27    1    1    1    1    1    1    1    1  1.24750E+12 0.02459 
   28   28    1    1    1    1    1    1    1    1  2.58751E+12 0.01612 
   29   29    1    1    1    1    1    1    1    1  3.98567E+12 0.00641 
   30   30    1    1    1    1    1    1    1    1  1.11373E+13 0.00929 
   31   31    1    1    1    1    1    1    1    1  3.03780E+13 0.00693 
   32   32    1    1    1    1    1    1    1    1  5.05273E+13 0.00521 
   33   33    1    1    1    1    1    1    1    1  1.06237E+14 0.00250 
   34   34    1    1    1    1    1    1    1    1  1.32432E+14 0.00220 
   35   35    1    1    1    1    1    1    1    1  1.87261E+14 0.00200 
   36   36    1    1    1    1    1    1    1    1  1.38735E+14 0.00175 
   37   37    1    1    1    1    1    1    1    1  4.36410E+13 0.00219 
   38   38    1    1    1    1    1    1    1    1  2.24761E+14 0.00155 
   39   39    1    1    1    1    1    1    1    1  2.88964E+14 0.00158 
   40   40    1    1    1    1    1    1    1    1  4.84615E+14 0.00158 
   41   41    1    1    1    1    1    1    1    1  4.81314E+14 0.00149 
   42   42    1    1    1    1    1    1    1    1  9.33043E+14 0.00166 
   43   43    1    1    1    1    1    1    1    1  1.06436E+15 0.00136 
   44   44    1    1    1    1    1    1    1    1  1.43833E+15 0.00132 
   45   45    1    1    1    1    1    1    1    1  2.68177E+15 0.00129 
   46   46    1    1    1    1    1    1    1    1  1.33527E+15 0.00132 
   47   47    1    1    1    1    1    1    1    1  2.03585E+15 0.00142 
   48   48    1    1    1    1    1    1    1    1  2.82964E+15 0.00153 
   49   49    1    1    1    1    1    1    1    1  2.67714E+15 0.00123 
   50   50    1    1    1    1    1    1    1    1  4.11430E+15 0.00138 
   51   51    1    1    1    1    1    1    1    1  3.27334E+15 0.00113 
   52   52    1    1    1    1    1    1    1    1  3.75122E+15 0.00123 
   53   53    1    1    1    1    1    1    1    1  2.64795E+15 0.00131 
   54   54    1    1    1    1    1    1    1    1  3.18834E+15 0.00116 
   55   55    1    1    1    1    1    1    1    1  2.23222E+15 0.00138 
   56   56    1    1    1    1    1    1    1    1  3.06473E+14 0.00130 
   57   57    1    1    1    1    1    1    1    1  4.38003E+15 0.00140 
   58   58    1    1    1    1    1    1    1    1  1.90938E+15 0.00149 
   59   59    1    1    1    1    1    1    1    1  2.06050E+15 0.00136 
   60   60    1    1    1    1    1    1    1    1  1.59773E+15 0.00158 
   61   61    1    1    1    1    1    1    1    1  1.60161E+15 0.00162 
   62   62    1    1    1    1    1    1    1    1  1.63112E+15 0.00153 
   63   63    1    1    1    1    1    1    1    1  1.36206E+15 0.00182 
   64   64    1    1    1    1    1    1    1    1  1.07694E+15 0.00161 
   65   65    1    1    1    1    1    1    1    1  1.06536E+15 0.00157 
   66   66    1    1    1    1    1    1    1    1  8.05415E+14 0.00151 
   67   67    1    1    1    1    1    1    1    1  6.60726E+14 0.00183 
   68   68    1    1    1    1    1    1    1    1  5.90592E+14 0.00204 
   69   69    1    1    1    1    1    1    1    1  7.11902E+14 0.00164 
   70   70    1    1    1    1    1    1    1    1  6.09407E+14 0.00173 
   71   71    1    1    1    1    1    1    1    1  1.13268E+15 0.00226 
   72   72    1    1    1    1    1    1    1    1  8.15298E+14 0.00176 
   73   73    1    1    1    1    1    1    1    1  6.18352E+14 0.00211 
   74   74    1    1    1    1    1    1    1    1  4.93433E+14 0.00229 
   75   75    1    1    1    1    1    1    1    1  4.02312E+14 0.00170 
   76   76    1    1    1    1    1    1    1    1  4.61191E+14 0.00237 
   77   77    1    1    1    1    1    1    1    1  3.57656E+14 0.00209 
   78   78    1    1    1    1    1    1    1    1  2.78263E+14 0.00227 
   79   79    1    1    1    1    1    1    1    1  2.85302E+14 0.00208 
   80   80    1    1    1    1    1    1    1    1  2.11086E+14 0.00258 
   81   81    1    1    1    1    1    1    1    1  1.62118E+14 0.00256 
   82   82    1    1    1    1    1    1    1    1  1.24649E+14 0.00284 
   83   83    1    1    1    1    1    1    1    1  1.16640E+14 0.00294 
   84   84    1    1    1    1    1    1    1    1  8.40824E+13 0.00285 
   85   85    1    1    1    1    1    1    1    1  6.04207E+13 0.00482 
   86   86    1    1    1    1    1    1    1    1  5.68476E+13 0.00435 
   87   87    1    1    1    1    1    1    1    1  3.48269E+13 0.00544 
   88   88    1    1    1    1    1    1    1    1  2.37281E+13 0.00885 
   89   89    1    1    1    1    1    1    1    1  1.34798E+13 0.00710 
   90   90    1    1    1    1    1    1    1    1  9.13341E+12 0.01178 
   91   91    1    1    1    1    1    1    1    1  4.56551E+12 0.01348 
   92   92    1    1    1    1    1    1    1    1  2.27826E+12 0.02139 
   93   93    1    1    1    1    1    1    1    1  1.06077E+12 0.03144 
   94   94    1    1    1    1    1    1    1    1  5.36810E+11 0.03623 
   95   95    1    1    1    1    1    1    1    1  2.41767E+11 0.07333 
   96   96    1    1    1    1    1    1    1    1  1.19245E+11 0.07320 
   97   97    1    1    1    1    1    1    1    1  5.98461E+10 0.14811 
   98   98    1    1    1    1    1    1    1    1  2.19476E+10 0.21024 
   99   99    1    1    1    1    1    1    1    1  1.46749E+10 0.21550 
  100  100    1    1    1    1    1    1    1    1  1.36214E+10 0.30814 
];


