
DETdpaspec = [
    1    1    1    1    1    1    1    1    1    1  0.00000E+00 0.00000 
    2    2    1    1    1    1    1    1    1    1  0.00000E+00 0.00000 
    3    3    1    1    1    1    1    1    1    1  0.00000E+00 0.00000 
    4    4    1    1    1    1    1    1    1    1  0.00000E+00 0.00000 
    5    5    1    1    1    1    1    1    1    1  0.00000E+00 0.00000 
    6    6    1    1    1    1    1    1    1    1  0.00000E+00 0.00000 
    7    7    1    1    1    1    1    1    1    1  0.00000E+00 0.00000 
    8    8    1    1    1    1    1    1    1    1  0.00000E+00 0.00000 
    9    9    1    1    1    1    1    1    1    1  6.03325E+07 0.77347 
   10   10    1    1    1    1    1    1    1    1  6.39607E+07 1.00000 
   11   11    1    1    1    1    1    1    1    1  1.23832E+08 0.69658 
   12   12    1    1    1    1    1    1    1    1  7.98268E+07 0.46866 
   13   13    1    1    1    1    1    1    1    1  1.88513E+09 0.38143 
   14   14    1    1    1    1    1    1    1    1  1.97128E+09 0.43043 
   15   15    1    1    1    1    1    1    1    1  2.97934E+09 0.30983 
   16   16    1    1    1    1    1    1    1    1  1.96354E+09 0.28166 
   17   17    1    1    1    1    1    1    1    1  3.60642E+09 0.29202 
   18   18    1    1    1    1    1    1    1    1  7.32067E+09 0.24963 
   19   19    1    1    1    1    1    1    1    1  1.11978E+10 0.20533 
   20   20    1    1    1    1    1    1    1    1  4.65224E+10 0.16807 
   21   21    1    1    1    1    1    1    1    1  2.21315E+10 0.10856 
   22   22    1    1    1    1    1    1    1    1  6.75208E+10 0.07481 
   23   23    1    1    1    1    1    1    1    1  9.37214E+10 0.08282 
   24   24    1    1    1    1    1    1    1    1  1.54196E+11 0.06945 
   25   25    1    1    1    1    1    1    1    1  2.01986E+11 0.05884 
   26   26    1    1    1    1    1    1    1    1  3.63894E+11 0.03835 
   27   27    1    1    1    1    1    1    1    1  7.06907E+11 0.02142 
   28   28    1    1    1    1    1    1    1    1  1.40155E+12 0.02244 
   29   29    1    1    1    1    1    1    1    1  1.99605E+12 0.01613 
   30   30    1    1    1    1    1    1    1    1  5.74206E+12 0.01007 
   31   31    1    1    1    1    1    1    1    1  1.50083E+13 0.00906 
   32   32    1    1    1    1    1    1    1    1  2.43966E+13 0.00668 
   33   33    1    1    1    1    1    1    1    1  4.96662E+13 0.00525 
   34   34    1    1    1    1    1    1    1    1  5.99410E+13 0.00405 
   35   35    1    1    1    1    1    1    1    1  8.72935E+13 0.00396 
   36   36    1    1    1    1    1    1    1    1  6.48148E+13 0.00332 
   37   37    1    1    1    1    1    1    1    1  2.06010E+13 0.00386 
   38   38    1    1    1    1    1    1    1    1  1.04345E+14 0.00380 
   39   39    1    1    1    1    1    1    1    1  1.32873E+14 0.00357 
   40   40    1    1    1    1    1    1    1    1  2.18819E+14 0.00303 
   41   41    1    1    1    1    1    1    1    1  2.19011E+14 0.00297 
   42   42    1    1    1    1    1    1    1    1  4.16193E+14 0.00261 
   43   43    1    1    1    1    1    1    1    1  4.69463E+14 0.00276 
   44   44    1    1    1    1    1    1    1    1  6.28792E+14 0.00288 
   45   45    1    1    1    1    1    1    1    1  1.14539E+15 0.00255 
   46   46    1    1    1    1    1    1    1    1  5.65149E+14 0.00226 
   47   47    1    1    1    1    1    1    1    1  8.63618E+14 0.00251 
   48   48    1    1    1    1    1    1    1    1  1.18974E+15 0.00254 
   49   49    1    1    1    1    1    1    1    1  1.12179E+15 0.00235 
   50   50    1    1    1    1    1    1    1    1  1.69264E+15 0.00243 
   51   51    1    1    1    1    1    1    1    1  1.34838E+15 0.00239 
   52   52    1    1    1    1    1    1    1    1  1.52167E+15 0.00228 
   53   53    1    1    1    1    1    1    1    1  1.06989E+15 0.00271 
   54   54    1    1    1    1    1    1    1    1  1.27209E+15 0.00253 
   55   55    1    1    1    1    1    1    1    1  8.88500E+14 0.00248 
   56   56    1    1    1    1    1    1    1    1  1.22360E+14 0.00304 
   57   57    1    1    1    1    1    1    1    1  1.73892E+15 0.00274 
   58   58    1    1    1    1    1    1    1    1  7.42989E+14 0.00282 
   59   59    1    1    1    1    1    1    1    1  8.02850E+14 0.00269 
   60   60    1    1    1    1    1    1    1    1  6.14320E+14 0.00306 
   61   61    1    1    1    1    1    1    1    1  6.14931E+14 0.00305 
   62   62    1    1    1    1    1    1    1    1  6.27031E+14 0.00263 
   63   63    1    1    1    1    1    1    1    1  5.20106E+14 0.00332 
   64   64    1    1    1    1    1    1    1    1  4.08847E+14 0.00288 
   65   65    1    1    1    1    1    1    1    1  4.02830E+14 0.00281 
   66   66    1    1    1    1    1    1    1    1  3.03539E+14 0.00237 
   67   67    1    1    1    1    1    1    1    1  2.49251E+14 0.00270 
   68   68    1    1    1    1    1    1    1    1  2.23285E+14 0.00325 
   69   69    1    1    1    1    1    1    1    1  2.68223E+14 0.00374 
   70   70    1    1    1    1    1    1    1    1  2.29135E+14 0.00376 
   71   71    1    1    1    1    1    1    1    1  4.30627E+14 0.00243 
   72   72    1    1    1    1    1    1    1    1  3.09213E+14 0.00282 
   73   73    1    1    1    1    1    1    1    1  2.33033E+14 0.00332 
   74   74    1    1    1    1    1    1    1    1  1.84333E+14 0.00376 
   75   75    1    1    1    1    1    1    1    1  1.48170E+14 0.00374 
   76   76    1    1    1    1    1    1    1    1  1.68673E+14 0.00270 
   77   77    1    1    1    1    1    1    1    1  1.29651E+14 0.00365 
   78   78    1    1    1    1    1    1    1    1  1.00827E+14 0.00264 
   79   79    1    1    1    1    1    1    1    1  1.02598E+14 0.00372 
   80   80    1    1    1    1    1    1    1    1  7.55713E+13 0.00471 
   81   81    1    1    1    1    1    1    1    1  5.76026E+13 0.00352 
   82   82    1    1    1    1    1    1    1    1  4.46014E+13 0.00467 
   83   83    1    1    1    1    1    1    1    1  4.12914E+13 0.00575 
   84   84    1    1    1    1    1    1    1    1  2.98191E+13 0.00725 
   85   85    1    1    1    1    1    1    1    1  2.15370E+13 0.00692 
   86   86    1    1    1    1    1    1    1    1  1.99337E+13 0.00645 
   87   87    1    1    1    1    1    1    1    1  1.23733E+13 0.00863 
   88   88    1    1    1    1    1    1    1    1  8.58840E+12 0.00841 
   89   89    1    1    1    1    1    1    1    1  4.95927E+12 0.01298 
   90   90    1    1    1    1    1    1    1    1  3.24874E+12 0.01678 
   91   91    1    1    1    1    1    1    1    1  1.64582E+12 0.01914 
   92   92    1    1    1    1    1    1    1    1  7.97918E+11 0.03797 
   93   93    1    1    1    1    1    1    1    1  3.86704E+11 0.05395 
   94   94    1    1    1    1    1    1    1    1  1.94833E+11 0.06463 
   95   95    1    1    1    1    1    1    1    1  8.17452E+10 0.08708 
   96   96    1    1    1    1    1    1    1    1  4.57296E+10 0.16474 
   97   97    1    1    1    1    1    1    1    1  1.88588E+10 0.20980 
   98   98    1    1    1    1    1    1    1    1  8.71779E+09 0.34431 
   99   99    1    1    1    1    1    1    1    1  3.88969E+09 0.40144 
  100  100    1    1    1    1    1    1    1    1  6.62056E+09 0.37276 
];


