
DETdpaspec = [
    1    1    1    1    1    1    1    1    1    1  0.00000E+00 0.00000 
    2    2    1    1    1    1    1    1    1    1  0.00000E+00 0.00000 
    3    3    1    1    1    1    1    1    1    1  0.00000E+00 0.00000 
    4    4    1    1    1    1    1    1    1    1  0.00000E+00 0.00000 
    5    5    1    1    1    1    1    1    1    1  0.00000E+00 0.00000 
    6    6    1    1    1    1    1    1    1    1  0.00000E+00 0.00000 
    7    7    1    1    1    1    1    1    1    1  2.48724E+07 1.00000 
    8    8    1    1    1    1    1    1    1    1  0.00000E+00 0.00000 
    9    9    1    1    1    1    1    1    1    1  1.19473E+07 1.00000 
   10   10    1    1    1    1    1    1    1    1  1.11955E+08 0.69853 
   11   11    1    1    1    1    1    1    1    1  5.66746E+08 0.51981 
   12   12    1    1    1    1    1    1    1    1  2.41029E+08 0.48457 
   13   13    1    1    1    1    1    1    1    1  2.57707E+09 0.31404 
   14   14    1    1    1    1    1    1    1    1  9.48420E+09 0.25907 
   15   15    1    1    1    1    1    1    1    1  1.02803E+10 0.21325 
   16   16    1    1    1    1    1    1    1    1  2.61518E+09 0.42001 
   17   17    1    1    1    1    1    1    1    1  4.87091E+09 0.29939 
   18   18    1    1    1    1    1    1    1    1  1.38533E+10 0.15712 
   19   19    1    1    1    1    1    1    1    1  1.43508E+10 0.19470 
   20   20    1    1    1    1    1    1    1    1  5.73411E+10 0.11854 
   21   21    1    1    1    1    1    1    1    1  4.86623E+10 0.10446 
   22   22    1    1    1    1    1    1    1    1  1.06801E+11 0.08210 
   23   23    1    1    1    1    1    1    1    1  1.58735E+11 0.04035 
   24   24    1    1    1    1    1    1    1    1  2.87080E+11 0.03621 
   25   25    1    1    1    1    1    1    1    1  4.44135E+11 0.03023 
   26   26    1    1    1    1    1    1    1    1  9.40860E+11 0.02571 
   27   27    1    1    1    1    1    1    1    1  2.08038E+12 0.01749 
   28   28    1    1    1    1    1    1    1    1  4.90618E+12 0.01160 
   29   29    1    1    1    1    1    1    1    1  8.30900E+12 0.01091 
   30   30    1    1    1    1    1    1    1    1  2.02183E+13 0.00639 
   31   31    1    1    1    1    1    1    1    1  5.30131E+13 0.00417 
   32   32    1    1    1    1    1    1    1    1  8.62423E+13 0.00264 
   33   33    1    1    1    1    1    1    1    1  1.83456E+14 0.00208 
   34   34    1    1    1    1    1    1    1    1  2.37037E+14 0.00220 
   35   35    1    1    1    1    1    1    1    1  3.08065E+14 0.00185 
   36   36    1    1    1    1    1    1    1    1  2.20895E+14 0.00180 
   37   37    1    1    1    1    1    1    1    1  6.72652E+13 0.00192 
   38   38    1    1    1    1    1    1    1    1  3.55652E+14 0.00127 
   39   39    1    1    1    1    1    1    1    1  4.58145E+14 0.00151 
   40   40    1    1    1    1    1    1    1    1  7.81970E+14 0.00129 
   41   41    1    1    1    1    1    1    1    1  7.56930E+14 0.00137 
   42   42    1    1    1    1    1    1    1    1  1.49751E+15 0.00132 
   43   43    1    1    1    1    1    1    1    1  1.71743E+15 0.00128 
   44   44    1    1    1    1    1    1    1    1  2.33779E+15 0.00100 
   45   45    1    1    1    1    1    1    1    1  4.44264E+15 0.00081 
   46   46    1    1    1    1    1    1    1    1  2.20619E+15 0.00088 
   47   47    1    1    1    1    1    1    1    1  3.34242E+15 0.00083 
   48   48    1    1    1    1    1    1    1    1  4.68523E+15 0.00085 
   49   49    1    1    1    1    1    1    1    1  4.40448E+15 0.00086 
   50   50    1    1    1    1    1    1    1    1  6.89966E+15 0.00063 
   51   51    1    1    1    1    1    1    1    1  5.42806E+15 0.00075 
   52   52    1    1    1    1    1    1    1    1  6.36806E+15 0.00073 
   53   53    1    1    1    1    1    1    1    1  4.48457E+15 0.00066 
   54   54    1    1    1    1    1    1    1    1  5.52308E+15 0.00088 
   55   55    1    1    1    1    1    1    1    1  3.86263E+15 0.00088 
   56   56    1    1    1    1    1    1    1    1  5.28459E+14 0.00095 
   57   57    1    1    1    1    1    1    1    1  7.59142E+15 0.00076 
   58   58    1    1    1    1    1    1    1    1  3.39956E+15 0.00095 
   59   59    1    1    1    1    1    1    1    1  3.65276E+15 0.00085 
   60   60    1    1    1    1    1    1    1    1  2.89168E+15 0.00068 
   61   61    1    1    1    1    1    1    1    1  2.89106E+15 0.00072 
   62   62    1    1    1    1    1    1    1    1  2.96729E+15 0.00079 
   63   63    1    1    1    1    1    1    1    1  2.49255E+15 0.00093 
   64   64    1    1    1    1    1    1    1    1  1.97648E+15 0.00097 
   65   65    1    1    1    1    1    1    1    1  1.95370E+15 0.00115 
   66   66    1    1    1    1    1    1    1    1  1.48249E+15 0.00111 
   67   67    1    1    1    1    1    1    1    1  1.21209E+15 0.00131 
   68   68    1    1    1    1    1    1    1    1  1.07781E+15 0.00127 
   69   69    1    1    1    1    1    1    1    1  1.30459E+15 0.00108 
   70   70    1    1    1    1    1    1    1    1  1.11199E+15 0.00136 
   71   71    1    1    1    1    1    1    1    1  2.04448E+15 0.00107 
   72   72    1    1    1    1    1    1    1    1  1.46495E+15 0.00104 
   73   73    1    1    1    1    1    1    1    1  1.11869E+15 0.00124 
   74   74    1    1    1    1    1    1    1    1  9.06757E+14 0.00136 
   75   75    1    1    1    1    1    1    1    1  7.52291E+14 0.00136 
   76   76    1    1    1    1    1    1    1    1  8.72166E+14 0.00115 
   77   77    1    1    1    1    1    1    1    1  6.87979E+14 0.00134 
   78   78    1    1    1    1    1    1    1    1  5.41494E+14 0.00107 
   79   79    1    1    1    1    1    1    1    1  5.61396E+14 0.00120 
   80   80    1    1    1    1    1    1    1    1  4.17442E+14 0.00154 
   81   81    1    1    1    1    1    1    1    1  3.22876E+14 0.00183 
   82   82    1    1    1    1    1    1    1    1  2.47981E+14 0.00205 
   83   83    1    1    1    1    1    1    1    1  2.32501E+14 0.00175 
   84   84    1    1    1    1    1    1    1    1  1.66694E+14 0.00270 
   85   85    1    1    1    1    1    1    1    1  1.20965E+14 0.00247 
   86   86    1    1    1    1    1    1    1    1  1.12587E+14 0.00249 
   87   87    1    1    1    1    1    1    1    1  6.92124E+13 0.00312 
   88   88    1    1    1    1    1    1    1    1  4.66959E+13 0.00536 
   89   89    1    1    1    1    1    1    1    1  2.69289E+13 0.00699 
   90   90    1    1    1    1    1    1    1    1  1.76597E+13 0.00729 
   91   91    1    1    1    1    1    1    1    1  9.00734E+12 0.00953 
   92   92    1    1    1    1    1    1    1    1  4.36231E+12 0.01058 
   93   93    1    1    1    1    1    1    1    1  2.11678E+12 0.01535 
   94   94    1    1    1    1    1    1    1    1  9.94562E+11 0.03899 
   95   95    1    1    1    1    1    1    1    1  5.25276E+11 0.04651 
   96   96    1    1    1    1    1    1    1    1  2.09781E+11 0.06147 
   97   97    1    1    1    1    1    1    1    1  9.68597E+10 0.12522 
   98   98    1    1    1    1    1    1    1    1  5.62618E+10 0.11407 
   99   99    1    1    1    1    1    1    1    1  2.52372E+10 0.18612 
  100  100    1    1    1    1    1    1    1    1  1.33885E+10 0.16996 
];


