
DETdpaspec = [
    1    1    1    1    1    1    1    1    1    1  0.00000E+00 0.00000 
    2    2    1    1    1    1    1    1    1    1  0.00000E+00 0.00000 
    3    3    1    1    1    1    1    1    1    1  0.00000E+00 0.00000 
    4    4    1    1    1    1    1    1    1    1  0.00000E+00 0.00000 
    5    5    1    1    1    1    1    1    1    1  0.00000E+00 0.00000 
    6    6    1    1    1    1    1    1    1    1  1.04757E+07 1.00000 
    7    7    1    1    1    1    1    1    1    1  0.00000E+00 0.00000 
    8    8    1    1    1    1    1    1    1    1  3.83187E+07 0.69928 
    9    9    1    1    1    1    1    1    1    1  2.42046E+07 0.68847 
   10   10    1    1    1    1    1    1    1    1  1.56867E+08 0.80027 
   11   11    1    1    1    1    1    1    1    1  6.24835E+08 0.66523 
   12   12    1    1    1    1    1    1    1    1  1.15852E+08 0.51240 
   13   13    1    1    1    1    1    1    1    1  1.88340E+09 0.39420 
   14   14    1    1    1    1    1    1    1    1  1.98852E+09 0.42918 
   15   15    1    1    1    1    1    1    1    1  3.50055E+09 0.39570 
   16   16    1    1    1    1    1    1    1    1  1.89577E+09 0.25217 
   17   17    1    1    1    1    1    1    1    1  5.03376E+09 0.18368 
   18   18    1    1    1    1    1    1    1    1  1.06724E+10 0.19314 
   19   19    1    1    1    1    1    1    1    1  1.34265E+10 0.14945 
   20   20    1    1    1    1    1    1    1    1  4.44797E+10 0.14395 
   21   21    1    1    1    1    1    1    1    1  3.68321E+10 0.09251 
   22   22    1    1    1    1    1    1    1    1  8.10643E+10 0.08953 
   23   23    1    1    1    1    1    1    1    1  1.19706E+11 0.06530 
   24   24    1    1    1    1    1    1    1    1  1.92255E+11 0.02576 
   25   25    1    1    1    1    1    1    1    1  2.61890E+11 0.04872 
   26   26    1    1    1    1    1    1    1    1  4.59986E+11 0.05374 
   27   27    1    1    1    1    1    1    1    1  9.48597E+11 0.02541 
   28   28    1    1    1    1    1    1    1    1  1.92551E+12 0.01830 
   29   29    1    1    1    1    1    1    1    1  2.76746E+12 0.01426 
   30   30    1    1    1    1    1    1    1    1  7.89651E+12 0.01040 
   31   31    1    1    1    1    1    1    1    1  2.11818E+13 0.00657 
   32   32    1    1    1    1    1    1    1    1  3.51378E+13 0.00588 
   33   33    1    1    1    1    1    1    1    1  7.29639E+13 0.00447 
   34   34    1    1    1    1    1    1    1    1  8.96834E+13 0.00300 
   35   35    1    1    1    1    1    1    1    1  1.29039E+14 0.00334 
   36   36    1    1    1    1    1    1    1    1  9.60605E+13 0.00331 
   37   37    1    1    1    1    1    1    1    1  3.04581E+13 0.00298 
   38   38    1    1    1    1    1    1    1    1  1.54861E+14 0.00265 
   39   39    1    1    1    1    1    1    1    1  1.98675E+14 0.00247 
   40   40    1    1    1    1    1    1    1    1  3.30479E+14 0.00205 
   41   41    1    1    1    1    1    1    1    1  3.29328E+14 0.00222 
   42   42    1    1    1    1    1    1    1    1  6.29014E+14 0.00239 
   43   43    1    1    1    1    1    1    1    1  7.14341E+14 0.00221 
   44   44    1    1    1    1    1    1    1    1  9.60302E+14 0.00264 
   45   45    1    1    1    1    1    1    1    1  1.76698E+15 0.00197 
   46   46    1    1    1    1    1    1    1    1  8.76048E+14 0.00178 
   47   47    1    1    1    1    1    1    1    1  1.33633E+15 0.00173 
   48   48    1    1    1    1    1    1    1    1  1.84717E+15 0.00201 
   49   49    1    1    1    1    1    1    1    1  1.74558E+15 0.00200 
   50   50    1    1    1    1    1    1    1    1  2.65494E+15 0.00178 
   51   51    1    1    1    1    1    1    1    1  2.11297E+15 0.00199 
   52   52    1    1    1    1    1    1    1    1  2.40087E+15 0.00215 
   53   53    1    1    1    1    1    1    1    1  1.69067E+15 0.00192 
   54   54    1    1    1    1    1    1    1    1  2.02145E+15 0.00187 
   55   55    1    1    1    1    1    1    1    1  1.41202E+15 0.00212 
   56   56    1    1    1    1    1    1    1    1  1.94181E+14 0.00285 
   57   57    1    1    1    1    1    1    1    1  2.76717E+15 0.00222 
   58   58    1    1    1    1    1    1    1    1  1.19433E+15 0.00242 
   59   59    1    1    1    1    1    1    1    1  1.28938E+15 0.00240 
   60   60    1    1    1    1    1    1    1    1  9.91275E+14 0.00225 
   61   61    1    1    1    1    1    1    1    1  9.92385E+14 0.00199 
   62   62    1    1    1    1    1    1    1    1  1.01229E+15 0.00222 
   63   63    1    1    1    1    1    1    1    1  8.40008E+14 0.00212 
   64   64    1    1    1    1    1    1    1    1  6.61415E+14 0.00225 
   65   65    1    1    1    1    1    1    1    1  6.52954E+14 0.00217 
   66   66    1    1    1    1    1    1    1    1  4.92293E+14 0.00236 
   67   67    1    1    1    1    1    1    1    1  4.05198E+14 0.00243 
   68   68    1    1    1    1    1    1    1    1  3.61131E+14 0.00240 
   69   69    1    1    1    1    1    1    1    1  4.36625E+14 0.00264 
   70   70    1    1    1    1    1    1    1    1  3.73756E+14 0.00319 
   71   71    1    1    1    1    1    1    1    1  6.98440E+14 0.00239 
   72   72    1    1    1    1    1    1    1    1  5.01454E+14 0.00285 
   73   73    1    1    1    1    1    1    1    1  3.79356E+14 0.00290 
   74   74    1    1    1    1    1    1    1    1  3.01738E+14 0.00240 
   75   75    1    1    1    1    1    1    1    1  2.44827E+14 0.00274 
   76   76    1    1    1    1    1    1    1    1  2.77393E+14 0.00274 
   77   77    1    1    1    1    1    1    1    1  2.14177E+14 0.00262 
   78   78    1    1    1    1    1    1    1    1  1.65563E+14 0.00271 
   79   79    1    1    1    1    1    1    1    1  1.70140E+14 0.00317 
   80   80    1    1    1    1    1    1    1    1  1.25587E+14 0.00247 
   81   81    1    1    1    1    1    1    1    1  9.66204E+13 0.00382 
   82   82    1    1    1    1    1    1    1    1  7.39903E+13 0.00379 
   83   83    1    1    1    1    1    1    1    1  6.92405E+13 0.00507 
   84   84    1    1    1    1    1    1    1    1  4.93696E+13 0.00429 
   85   85    1    1    1    1    1    1    1    1  3.60073E+13 0.00521 
   86   86    1    1    1    1    1    1    1    1  3.36153E+13 0.00437 
   87   87    1    1    1    1    1    1    1    1  2.08276E+13 0.00661 
   88   88    1    1    1    1    1    1    1    1  1.41994E+13 0.00691 
   89   89    1    1    1    1    1    1    1    1  8.11016E+12 0.00967 
   90   90    1    1    1    1    1    1    1    1  5.36988E+12 0.01097 
   91   91    1    1    1    1    1    1    1    1  2.74660E+12 0.01935 
   92   92    1    1    1    1    1    1    1    1  1.27918E+12 0.03309 
   93   93    1    1    1    1    1    1    1    1  6.48411E+11 0.03664 
   94   94    1    1    1    1    1    1    1    1  3.09948E+11 0.05743 
   95   95    1    1    1    1    1    1    1    1  1.54461E+11 0.07700 
   96   96    1    1    1    1    1    1    1    1  7.29153E+10 0.10322 
   97   97    1    1    1    1    1    1    1    1  3.11052E+10 0.19948 
   98   98    1    1    1    1    1    1    1    1  1.71753E+10 0.24446 
   99   99    1    1    1    1    1    1    1    1  6.93867E+09 0.38451 
  100  100    1    1    1    1    1    1    1    1  6.51697E+09 0.35520 
];


