
DETdpaspec = [
    1    1    1    1    1    1    1    1    1    1  0.00000E+00 0.00000 
    2    2    1    1    1    1    1    1    1    1  0.00000E+00 0.00000 
    3    3    1    1    1    1    1    1    1    1  0.00000E+00 0.00000 
    4    4    1    1    1    1    1    1    1    1  0.00000E+00 0.00000 
    5    5    1    1    1    1    1    1    1    1  1.25738E+07 1.00000 
    6    6    1    1    1    1    1    1    1    1  0.00000E+00 0.00000 
    7    7    1    1    1    1    1    1    1    1  0.00000E+00 0.00000 
    8    8    1    1    1    1    1    1    1    1  0.00000E+00 0.00000 
    9    9    1    1    1    1    1    1    1    1  3.87235E+07 0.73501 
   10   10    1    1    1    1    1    1    1    1  2.23129E+08 0.55991 
   11   11    1    1    1    1    1    1    1    1  2.59182E+08 0.59231 
   12   12    1    1    1    1    1    1    1    1  1.53998E+08 0.36682 
   13   13    1    1    1    1    1    1    1    1  1.85182E+09 0.36830 
   14   14    1    1    1    1    1    1    1    1  6.42099E+09 0.28092 
   15   15    1    1    1    1    1    1    1    1  1.05824E+10 0.30869 
   16   16    1    1    1    1    1    1    1    1  1.35196E+09 0.31728 
   17   17    1    1    1    1    1    1    1    1  3.72036E+09 0.20866 
   18   18    1    1    1    1    1    1    1    1  1.39971E+10 0.20227 
   19   19    1    1    1    1    1    1    1    1  1.89026E+10 0.17515 
   20   20    1    1    1    1    1    1    1    1  5.74089E+10 0.12194 
   21   21    1    1    1    1    1    1    1    1  3.95627E+10 0.10507 
   22   22    1    1    1    1    1    1    1    1  1.11774E+11 0.07188 
   23   23    1    1    1    1    1    1    1    1  1.75371E+11 0.05693 
   24   24    1    1    1    1    1    1    1    1  2.59063E+11 0.05885 
   25   25    1    1    1    1    1    1    1    1  3.22637E+11 0.05045 
   26   26    1    1    1    1    1    1    1    1  5.43111E+11 0.03936 
   27   27    1    1    1    1    1    1    1    1  1.15409E+12 0.03220 
   28   28    1    1    1    1    1    1    1    1  2.54668E+12 0.01659 
   29   29    1    1    1    1    1    1    1    1  3.87737E+12 0.01386 
   30   30    1    1    1    1    1    1    1    1  1.09188E+13 0.00655 
   31   31    1    1    1    1    1    1    1    1  2.91846E+13 0.00543 
   32   32    1    1    1    1    1    1    1    1  4.85153E+13 0.00496 
   33   33    1    1    1    1    1    1    1    1  1.02729E+14 0.00334 
   34   34    1    1    1    1    1    1    1    1  1.27940E+14 0.00175 
   35   35    1    1    1    1    1    1    1    1  1.82124E+14 0.00216 
   36   36    1    1    1    1    1    1    1    1  1.34951E+14 0.00202 
   37   37    1    1    1    1    1    1    1    1  4.24742E+13 0.00205 
   38   38    1    1    1    1    1    1    1    1  2.18495E+14 0.00183 
   39   39    1    1    1    1    1    1    1    1  2.80439E+14 0.00133 
   40   40    1    1    1    1    1    1    1    1  4.69871E+14 0.00156 
   41   41    1    1    1    1    1    1    1    1  4.67558E+14 0.00177 
   42   42    1    1    1    1    1    1    1    1  9.05255E+14 0.00171 
   43   43    1    1    1    1    1    1    1    1  1.03456E+15 0.00152 
   44   44    1    1    1    1    1    1    1    1  1.39869E+15 0.00153 
   45   45    1    1    1    1    1    1    1    1  2.60175E+15 0.00137 
   46   46    1    1    1    1    1    1    1    1  1.29510E+15 0.00134 
   47   47    1    1    1    1    1    1    1    1  1.97689E+15 0.00118 
   48   48    1    1    1    1    1    1    1    1  2.74826E+15 0.00112 
   49   49    1    1    1    1    1    1    1    1  2.59668E+15 0.00126 
   50   50    1    1    1    1    1    1    1    1  3.98453E+15 0.00126 
   51   51    1    1    1    1    1    1    1    1  3.17297E+15 0.00110 
   52   52    1    1    1    1    1    1    1    1  3.63425E+15 0.00101 
   53   53    1    1    1    1    1    1    1    1  2.56282E+15 0.00138 
   54   54    1    1    1    1    1    1    1    1  3.08819E+15 0.00138 
   55   55    1    1    1    1    1    1    1    1  2.15884E+15 0.00125 
   56   56    1    1    1    1    1    1    1    1  2.96817E+14 0.00152 
   57   57    1    1    1    1    1    1    1    1  4.24246E+15 0.00123 
   58   58    1    1    1    1    1    1    1    1  1.84441E+15 0.00127 
   59   59    1    1    1    1    1    1    1    1  1.99405E+15 0.00131 
   60   60    1    1    1    1    1    1    1    1  1.54584E+15 0.00128 
   61   61    1    1    1    1    1    1    1    1  1.54597E+15 0.00137 
   62   62    1    1    1    1    1    1    1    1  1.57783E+15 0.00121 
   63   63    1    1    1    1    1    1    1    1  1.31591E+15 0.00117 
   64   64    1    1    1    1    1    1    1    1  1.04016E+15 0.00156 
   65   65    1    1    1    1    1    1    1    1  1.02546E+15 0.00138 
   66   66    1    1    1    1    1    1    1    1  7.76503E+14 0.00162 
   67   67    1    1    1    1    1    1    1    1  6.37950E+14 0.00189 
   68   68    1    1    1    1    1    1    1    1  5.70315E+14 0.00193 
   69   69    1    1    1    1    1    1    1    1  6.87286E+14 0.00144 
   70   70    1    1    1    1    1    1    1    1  5.88466E+14 0.00150 
   71   71    1    1    1    1    1    1    1    1  1.09308E+15 0.00145 
   72   72    1    1    1    1    1    1    1    1  7.84713E+14 0.00192 
   73   73    1    1    1    1    1    1    1    1  5.96908E+14 0.00175 
   74   74    1    1    1    1    1    1    1    1  4.76747E+14 0.00167 
   75   75    1    1    1    1    1    1    1    1  3.88955E+14 0.00181 
   76   76    1    1    1    1    1    1    1    1  4.43081E+14 0.00200 
   77   77    1    1    1    1    1    1    1    1  3.43601E+14 0.00174 
   78   78    1    1    1    1    1    1    1    1  2.68309E+14 0.00255 
   79   79    1    1    1    1    1    1    1    1  2.74941E+14 0.00250 
   80   80    1    1    1    1    1    1    1    1  2.03828E+14 0.00233 
   81   81    1    1    1    1    1    1    1    1  1.56348E+14 0.00360 
   82   82    1    1    1    1    1    1    1    1  1.20045E+14 0.00343 
   83   83    1    1    1    1    1    1    1    1  1.12088E+14 0.00274 
   84   84    1    1    1    1    1    1    1    1  8.09182E+13 0.00338 
   85   85    1    1    1    1    1    1    1    1  5.80356E+13 0.00353 
   86   86    1    1    1    1    1    1    1    1  5.42534E+13 0.00496 
   87   87    1    1    1    1    1    1    1    1  3.33648E+13 0.00585 
   88   88    1    1    1    1    1    1    1    1  2.27079E+13 0.00649 
   89   89    1    1    1    1    1    1    1    1  1.31377E+13 0.00689 
   90   90    1    1    1    1    1    1    1    1  8.70971E+12 0.00901 
   91   91    1    1    1    1    1    1    1    1  4.33295E+12 0.01289 
   92   92    1    1    1    1    1    1    1    1  2.19949E+12 0.02057 
   93   93    1    1    1    1    1    1    1    1  1.10103E+12 0.03877 
   94   94    1    1    1    1    1    1    1    1  4.83408E+11 0.03769 
   95   95    1    1    1    1    1    1    1    1  2.45221E+11 0.05348 
   96   96    1    1    1    1    1    1    1    1  1.14322E+11 0.08939 
   97   97    1    1    1    1    1    1    1    1  5.76899E+10 0.11416 
   98   98    1    1    1    1    1    1    1    1  3.08461E+10 0.16906 
   99   99    1    1    1    1    1    1    1    1  1.94938E+10 0.23315 
  100  100    1    1    1    1    1    1    1    1  1.15237E+10 0.22463 
];


