
DETdpaspec = [
    1    1    1    1    1    1    1    1    1    1  0.00000E+00 0.00000 
    2    2    1    1    1    1    1    1    1    1  0.00000E+00 0.00000 
    3    3    1    1    1    1    1    1    1    1  0.00000E+00 0.00000 
    4    4    1    1    1    1    1    1    1    1  0.00000E+00 0.00000 
    5    5    1    1    1    1    1    1    1    1  0.00000E+00 0.00000 
    6    6    1    1    1    1    1    1    1    1  0.00000E+00 0.00000 
    7    7    1    1    1    1    1    1    1    1  0.00000E+00 0.00000 
    8    8    1    1    1    1    1    1    1    1  0.00000E+00 0.00000 
    9    9    1    1    1    1    1    1    1    1  3.08747E+07 1.00000 
   10   10    1    1    1    1    1    1    1    1  2.44673E+08 0.58818 
   11   11    1    1    1    1    1    1    1    1  2.55741E+08 0.59702 
   12   12    1    1    1    1    1    1    1    1  9.41773E+07 0.51823 
   13   13    1    1    1    1    1    1    1    1  2.22586E+09 0.46399 
   14   14    1    1    1    1    1    1    1    1  1.42660E+09 0.67002 
   15   15    1    1    1    1    1    1    1    1  2.67321E+09 0.40371 
   16   16    1    1    1    1    1    1    1    1  1.52201E+09 0.33694 
   17   17    1    1    1    1    1    1    1    1  3.04254E+09 0.26106 
   18   18    1    1    1    1    1    1    1    1  1.37458E+10 0.21598 
   19   19    1    1    1    1    1    1    1    1  9.98363E+09 0.19736 
   20   20    1    1    1    1    1    1    1    1  2.67751E+10 0.16705 
   21   21    1    1    1    1    1    1    1    1  2.02264E+10 0.15839 
   22   22    1    1    1    1    1    1    1    1  7.76874E+10 0.07251 
   23   23    1    1    1    1    1    1    1    1  9.00594E+10 0.06605 
   24   24    1    1    1    1    1    1    1    1  1.50605E+11 0.04687 
   25   25    1    1    1    1    1    1    1    1  2.18697E+11 0.06881 
   26   26    1    1    1    1    1    1    1    1  3.88472E+11 0.03824 
   27   27    1    1    1    1    1    1    1    1  7.55102E+11 0.02038 
   28   28    1    1    1    1    1    1    1    1  1.50072E+12 0.02135 
   29   29    1    1    1    1    1    1    1    1  2.10365E+12 0.01980 
   30   30    1    1    1    1    1    1    1    1  6.08572E+12 0.01168 
   31   31    1    1    1    1    1    1    1    1  1.58820E+13 0.00677 
   32   32    1    1    1    1    1    1    1    1  2.61883E+13 0.00676 
   33   33    1    1    1    1    1    1    1    1  5.35244E+13 0.00488 
   34   34    1    1    1    1    1    1    1    1  6.50254E+13 0.00461 
   35   35    1    1    1    1    1    1    1    1  9.41971E+13 0.00360 
   36   36    1    1    1    1    1    1    1    1  6.99265E+13 0.00326 
   37   37    1    1    1    1    1    1    1    1  2.21951E+13 0.00276 
   38   38    1    1    1    1    1    1    1    1  1.11846E+14 0.00281 
   39   39    1    1    1    1    1    1    1    1  1.43184E+14 0.00291 
   40   40    1    1    1    1    1    1    1    1  2.36078E+14 0.00248 
   41   41    1    1    1    1    1    1    1    1  2.36029E+14 0.00233 
   42   42    1    1    1    1    1    1    1    1  4.48910E+14 0.00282 
   43   43    1    1    1    1    1    1    1    1  5.07948E+14 0.00240 
   44   44    1    1    1    1    1    1    1    1  6.79568E+14 0.00206 
   45   45    1    1    1    1    1    1    1    1  1.24059E+15 0.00208 
   46   46    1    1    1    1    1    1    1    1  6.14376E+14 0.00200 
   47   47    1    1    1    1    1    1    1    1  9.37582E+14 0.00218 
   48   48    1    1    1    1    1    1    1    1  1.29449E+15 0.00193 
   49   49    1    1    1    1    1    1    1    1  1.22015E+15 0.00193 
   50   50    1    1    1    1    1    1    1    1  1.84267E+15 0.00188 
   51   51    1    1    1    1    1    1    1    1  1.46952E+15 0.00214 
   52   52    1    1    1    1    1    1    1    1  1.66081E+15 0.00208 
   53   53    1    1    1    1    1    1    1    1  1.16894E+15 0.00209 
   54   54    1    1    1    1    1    1    1    1  1.38628E+15 0.00208 
   55   55    1    1    1    1    1    1    1    1  9.69743E+14 0.00227 
   56   56    1    1    1    1    1    1    1    1  1.33369E+14 0.00235 
   57   57    1    1    1    1    1    1    1    1  1.89870E+15 0.00222 
   58   58    1    1    1    1    1    1    1    1  8.13615E+14 0.00264 
   59   59    1    1    1    1    1    1    1    1  8.78849E+14 0.00263 
   60   60    1    1    1    1    1    1    1    1  6.72754E+14 0.00226 
   61   61    1    1    1    1    1    1    1    1  6.73900E+14 0.00281 
   62   62    1    1    1    1    1    1    1    1  6.85407E+14 0.00243 
   63   63    1    1    1    1    1    1    1    1  5.67333E+14 0.00270 
   64   64    1    1    1    1    1    1    1    1  4.48126E+14 0.00259 
   65   65    1    1    1    1    1    1    1    1  4.40206E+14 0.00247 
   66   66    1    1    1    1    1    1    1    1  3.32535E+14 0.00278 
   67   67    1    1    1    1    1    1    1    1  2.73325E+14 0.00295 
   68   68    1    1    1    1    1    1    1    1  2.44048E+14 0.00316 
   69   69    1    1    1    1    1    1    1    1  2.93534E+14 0.00230 
   70   70    1    1    1    1    1    1    1    1  2.51394E+14 0.00325 
   71   71    1    1    1    1    1    1    1    1  4.68953E+14 0.00304 
   72   72    1    1    1    1    1    1    1    1  3.37942E+14 0.00258 
   73   73    1    1    1    1    1    1    1    1  2.55247E+14 0.00345 
   74   74    1    1    1    1    1    1    1    1  2.01346E+14 0.00316 
   75   75    1    1    1    1    1    1    1    1  1.62587E+14 0.00228 
   76   76    1    1    1    1    1    1    1    1  1.84837E+14 0.00305 
   77   77    1    1    1    1    1    1    1    1  1.42122E+14 0.00364 
   78   78    1    1    1    1    1    1    1    1  1.10196E+14 0.00330 
   79   79    1    1    1    1    1    1    1    1  1.11979E+14 0.00328 
   80   80    1    1    1    1    1    1    1    1  8.32265E+13 0.00393 
   81   81    1    1    1    1    1    1    1    1  6.33244E+13 0.00373 
   82   82    1    1    1    1    1    1    1    1  4.88265E+13 0.00414 
   83   83    1    1    1    1    1    1    1    1  4.60135E+13 0.00477 
   84   84    1    1    1    1    1    1    1    1  3.28644E+13 0.00704 
   85   85    1    1    1    1    1    1    1    1  2.37958E+13 0.00848 
   86   86    1    1    1    1    1    1    1    1  2.19610E+13 0.00797 
   87   87    1    1    1    1    1    1    1    1  1.36388E+13 0.00920 
   88   88    1    1    1    1    1    1    1    1  9.17071E+12 0.01011 
   89   89    1    1    1    1    1    1    1    1  5.29618E+12 0.01082 
   90   90    1    1    1    1    1    1    1    1  3.56713E+12 0.01595 
   91   91    1    1    1    1    1    1    1    1  1.67877E+12 0.01709 
   92   92    1    1    1    1    1    1    1    1  8.13776E+11 0.02724 
   93   93    1    1    1    1    1    1    1    1  4.25418E+11 0.04052 
   94   94    1    1    1    1    1    1    1    1  2.34279E+11 0.06361 
   95   95    1    1    1    1    1    1    1    1  1.10869E+11 0.09249 
   96   96    1    1    1    1    1    1    1    1  4.97359E+10 0.12468 
   97   97    1    1    1    1    1    1    1    1  2.04798E+10 0.14004 
   98   98    1    1    1    1    1    1    1    1  1.26432E+10 0.29077 
   99   99    1    1    1    1    1    1    1    1  1.14090E+10 0.35183 
  100  100    1    1    1    1    1    1    1    1  9.62075E+09 0.38369 
];


