
DETdpaspec = [
    1    1    1    1    1    1    1    1    1    1  0.00000E+00 0.00000 
    2    2    1    1    1    1    1    1    1    1  0.00000E+00 0.00000 
    3    3    1    1    1    1    1    1    1    1  0.00000E+00 0.00000 
    4    4    1    1    1    1    1    1    1    1  0.00000E+00 0.00000 
    5    5    1    1    1    1    1    1    1    1  0.00000E+00 0.00000 
    6    6    1    1    1    1    1    1    1    1  0.00000E+00 0.00000 
    7    7    1    1    1    1    1    1    1    1  0.00000E+00 0.00000 
    8    8    1    1    1    1    1    1    1    1  0.00000E+00 0.00000 
    9    9    1    1    1    1    1    1    1    1  0.00000E+00 0.00000 
   10   10    1    1    1    1    1    1    1    1  1.41847E+08 1.00000 
   11   11    1    1    1    1    1    1    1    1  8.90291E+08 0.89529 
   12   12    1    1    1    1    1    1    1    1  4.71147E+08 0.62798 
   13   13    1    1    1    1    1    1    1    1  2.90712E+09 0.34244 
   14   14    1    1    1    1    1    1    1    1  6.66757E+09 0.60410 
   15   15    1    1    1    1    1    1    1    1  2.47477E+09 0.55045 
   16   16    1    1    1    1    1    1    1    1  1.51436E+09 0.42334 
   17   17    1    1    1    1    1    1    1    1  1.03056E+10 0.25577 
   18   18    1    1    1    1    1    1    1    1  1.16688E+10 0.21534 
   19   19    1    1    1    1    1    1    1    1  1.36686E+10 0.20498 
   20   20    1    1    1    1    1    1    1    1  4.74883E+10 0.21903 
   21   21    1    1    1    1    1    1    1    1  4.64356E+10 0.12666 
   22   22    1    1    1    1    1    1    1    1  1.00570E+11 0.09350 
   23   23    1    1    1    1    1    1    1    1  2.07039E+11 0.04037 
   24   24    1    1    1    1    1    1    1    1  5.45724E+11 0.03703 
   25   25    1    1    1    1    1    1    1    1  9.60815E+11 0.02560 
   26   26    1    1    1    1    1    1    1    1  2.05702E+12 0.02025 
   27   27    1    1    1    1    1    1    1    1  4.47905E+12 0.01654 
   28   28    1    1    1    1    1    1    1    1  1.07443E+13 0.00706 
   29   29    1    1    1    1    1    1    1    1  1.79950E+13 0.00595 
   30   30    1    1    1    1    1    1    1    1  3.75247E+13 0.00431 
   31   31    1    1    1    1    1    1    1    1  8.90998E+13 0.00357 
   32   32    1    1    1    1    1    1    1    1  1.34018E+14 0.00268 
   33   33    1    1    1    1    1    1    1    1  2.71811E+14 0.00184 
   34   34    1    1    1    1    1    1    1    1  3.44810E+14 0.00189 
   35   35    1    1    1    1    1    1    1    1  4.08789E+14 0.00107 
   36   36    1    1    1    1    1    1    1    1  2.80651E+14 0.00108 
   37   37    1    1    1    1    1    1    1    1  8.36090E+13 0.00108 
   38   38    1    1    1    1    1    1    1    1  4.45950E+14 0.00137 
   39   39    1    1    1    1    1    1    1    1  5.70044E+14 0.00142 
   40   40    1    1    1    1    1    1    1    1  9.69197E+14 0.00072 
   41   41    1    1    1    1    1    1    1    1  9.16523E+14 0.00106 
   42   42    1    1    1    1    1    1    1    1  1.81672E+15 0.00077 
   43   43    1    1    1    1    1    1    1    1  2.06873E+15 0.00074 
   44   44    1    1    1    1    1    1    1    1  2.78949E+15 0.00058 
   45   45    1    1    1    1    1    1    1    1  5.26200E+15 0.00054 
   46   46    1    1    1    1    1    1    1    1  2.57789E+15 0.00045 
   47   47    1    1    1    1    1    1    1    1  3.86772E+15 0.00053 
   48   48    1    1    1    1    1    1    1    1  5.37998E+15 0.00049 
   49   49    1    1    1    1    1    1    1    1  5.01279E+15 0.00070 
   50   50    1    1    1    1    1    1    1    1  7.87435E+15 0.00051 
   51   51    1    1    1    1    1    1    1    1  6.11254E+15 0.00063 
   52   52    1    1    1    1    1    1    1    1  7.20861E+15 0.00054 
   53   53    1    1    1    1    1    1    1    1  5.04353E+15 0.00059 
   54   54    1    1    1    1    1    1    1    1  6.25372E+15 0.00051 
   55   55    1    1    1    1    1    1    1    1  4.35410E+15 0.00067 
   56   56    1    1    1    1    1    1    1    1  5.93043E+14 0.00112 
   57   57    1    1    1    1    1    1    1    1  8.52539E+15 0.00045 
   58   58    1    1    1    1    1    1    1    1  3.85494E+15 0.00055 
   59   59    1    1    1    1    1    1    1    1  4.11648E+15 0.00058 
   60   60    1    1    1    1    1    1    1    1  3.28614E+15 0.00050 
   61   61    1    1    1    1    1    1    1    1  3.27514E+15 0.00062 
   62   62    1    1    1    1    1    1    1    1  3.35604E+15 0.00061 
   63   63    1    1    1    1    1    1    1    1  2.82082E+15 0.00078 
   64   64    1    1    1    1    1    1    1    1  2.23375E+15 0.00084 
   65   65    1    1    1    1    1    1    1    1  2.20394E+15 0.00054 
   66   66    1    1    1    1    1    1    1    1  1.67319E+15 0.00064 
   67   67    1    1    1    1    1    1    1    1  1.36064E+15 0.00108 
   68   68    1    1    1    1    1    1    1    1  1.20839E+15 0.00095 
   69   69    1    1    1    1    1    1    1    1  1.45734E+15 0.00111 
   70   70    1    1    1    1    1    1    1    1  1.24213E+15 0.00086 
   71   71    1    1    1    1    1    1    1    1  2.25623E+15 0.00083 
   72   72    1    1    1    1    1    1    1    1  1.61185E+15 0.00094 
   73   73    1    1    1    1    1    1    1    1  1.23066E+15 0.00114 
   74   74    1    1    1    1    1    1    1    1  1.00148E+15 0.00086 
   75   75    1    1    1    1    1    1    1    1  8.36974E+14 0.00125 
   76   76    1    1    1    1    1    1    1    1  9.74616E+14 0.00107 
   77   77    1    1    1    1    1    1    1    1  7.75955E+14 0.00132 
   78   78    1    1    1    1    1    1    1    1  6.15683E+14 0.00129 
   79   79    1    1    1    1    1    1    1    1  6.37873E+14 0.00118 
   80   80    1    1    1    1    1    1    1    1  4.76117E+14 0.00108 
   81   81    1    1    1    1    1    1    1    1  3.69024E+14 0.00122 
   82   82    1    1    1    1    1    1    1    1  2.84577E+14 0.00174 
   83   83    1    1    1    1    1    1    1    1  2.65718E+14 0.00177 
   84   84    1    1    1    1    1    1    1    1  1.91363E+14 0.00251 
   85   85    1    1    1    1    1    1    1    1  1.37503E+14 0.00271 
   86   86    1    1    1    1    1    1    1    1  1.29249E+14 0.00206 
   87   87    1    1    1    1    1    1    1    1  7.92135E+13 0.00339 
   88   88    1    1    1    1    1    1    1    1  5.31193E+13 0.00477 
   89   89    1    1    1    1    1    1    1    1  3.05624E+13 0.00578 
   90   90    1    1    1    1    1    1    1    1  2.01050E+13 0.00704 
   91   91    1    1    1    1    1    1    1    1  1.00694E+13 0.00973 
   92   92    1    1    1    1    1    1    1    1  4.80473E+12 0.01380 
   93   93    1    1    1    1    1    1    1    1  2.32051E+12 0.01863 
   94   94    1    1    1    1    1    1    1    1  1.11384E+12 0.02631 
   95   95    1    1    1    1    1    1    1    1  5.31549E+11 0.03557 
   96   96    1    1    1    1    1    1    1    1  2.51187E+11 0.06225 
   97   97    1    1    1    1    1    1    1    1  1.22791E+11 0.10281 
   98   98    1    1    1    1    1    1    1    1  5.75223E+10 0.09097 
   99   99    1    1    1    1    1    1    1    1  3.43595E+10 0.19259 
  100  100    1    1    1    1    1    1    1    1  1.58397E+10 0.20080 
];


