
DETdpaspec = [
    1    1    1    1    1    1    1    1    1    1  0.00000E+00 0.00000 
    2    2    1    1    1    1    1    1    1    1  0.00000E+00 0.00000 
    3    3    1    1    1    1    1    1    1    1  0.00000E+00 0.00000 
    4    4    1    1    1    1    1    1    1    1  0.00000E+00 0.00000 
    5    5    1    1    1    1    1    1    1    1  0.00000E+00 0.00000 
    6    6    1    1    1    1    1    1    1    1  0.00000E+00 0.00000 
    7    7    1    1    1    1    1    1    1    1  1.55211E+07 1.00000 
    8    8    1    1    1    1    1    1    1    1  2.05816E+07 1.00000 
    9    9    1    1    1    1    1    1    1    1  2.89262E+07 0.72062 
   10   10    1    1    1    1    1    1    1    1  0.00000E+00 0.00000 
   11   11    1    1    1    1    1    1    1    1  1.31398E+08 0.69073 
   12   12    1    1    1    1    1    1    1    1  1.45693E+08 0.51470 
   13   13    1    1    1    1    1    1    1    1  1.61805E+09 0.48742 
   14   14    1    1    1    1    1    1    1    1  3.90365E+09 0.39480 
   15   15    1    1    1    1    1    1    1    1  5.71421E+09 0.27523 
   16   16    1    1    1    1    1    1    1    1  2.78718E+09 0.25775 
   17   17    1    1    1    1    1    1    1    1  5.37075E+09 0.23396 
   18   18    1    1    1    1    1    1    1    1  1.08896E+10 0.17800 
   19   19    1    1    1    1    1    1    1    1  1.58620E+10 0.16664 
   20   20    1    1    1    1    1    1    1    1  5.54507E+10 0.09722 
   21   21    1    1    1    1    1    1    1    1  3.73050E+10 0.10856 
   22   22    1    1    1    1    1    1    1    1  1.02205E+11 0.08239 
   23   23    1    1    1    1    1    1    1    1  1.54712E+11 0.05511 
   24   24    1    1    1    1    1    1    1    1  2.36774E+11 0.05546 
   25   25    1    1    1    1    1    1    1    1  3.17674E+11 0.04832 
   26   26    1    1    1    1    1    1    1    1  5.91510E+11 0.02804 
   27   27    1    1    1    1    1    1    1    1  1.23432E+12 0.02285 
   28   28    1    1    1    1    1    1    1    1  2.72642E+12 0.01573 
   29   29    1    1    1    1    1    1    1    1  3.92683E+12 0.01358 
   30   30    1    1    1    1    1    1    1    1  1.09884E+13 0.00978 
   31   31    1    1    1    1    1    1    1    1  2.99376E+13 0.00635 
   32   32    1    1    1    1    1    1    1    1  4.94269E+13 0.00452 
   33   33    1    1    1    1    1    1    1    1  1.03898E+14 0.00300 
   34   34    1    1    1    1    1    1    1    1  1.29647E+14 0.00236 
   35   35    1    1    1    1    1    1    1    1  1.83834E+14 0.00196 
   36   36    1    1    1    1    1    1    1    1  1.36563E+14 0.00191 
   37   37    1    1    1    1    1    1    1    1  4.29126E+13 0.00202 
   38   38    1    1    1    1    1    1    1    1  2.20953E+14 0.00180 
   39   39    1    1    1    1    1    1    1    1  2.84566E+14 0.00187 
   40   40    1    1    1    1    1    1    1    1  4.76891E+14 0.00175 
   41   41    1    1    1    1    1    1    1    1  4.74029E+14 0.00154 
   42   42    1    1    1    1    1    1    1    1  9.17543E+14 0.00140 
   43   43    1    1    1    1    1    1    1    1  1.04741E+15 0.00120 
   44   44    1    1    1    1    1    1    1    1  1.41515E+15 0.00148 
   45   45    1    1    1    1    1    1    1    1  2.63468E+15 0.00128 
   46   46    1    1    1    1    1    1    1    1  1.31045E+15 0.00144 
   47   47    1    1    1    1    1    1    1    1  2.00043E+15 0.00156 
   48   48    1    1    1    1    1    1    1    1  2.78195E+15 0.00128 
   49   49    1    1    1    1    1    1    1    1  2.63072E+15 0.00139 
   50   50    1    1    1    1    1    1    1    1  4.03673E+15 0.00124 
   51   51    1    1    1    1    1    1    1    1  3.21100E+15 0.00138 
   52   52    1    1    1    1    1    1    1    1  3.68173E+15 0.00142 
   53   53    1    1    1    1    1    1    1    1  2.59475E+15 0.00144 
   54   54    1    1    1    1    1    1    1    1  3.12838E+15 0.00162 
   55   55    1    1    1    1    1    1    1    1  2.18829E+15 0.00138 
   56   56    1    1    1    1    1    1    1    1  3.00893E+14 0.00191 
   57   57    1    1    1    1    1    1    1    1  4.30221E+15 0.00131 
   58   58    1    1    1    1    1    1    1    1  1.87126E+15 0.00133 
   59   59    1    1    1    1    1    1    1    1  2.02123E+15 0.00136 
   60   60    1    1    1    1    1    1    1    1  1.56492E+15 0.00141 
   61   61    1    1    1    1    1    1    1    1  1.56925E+15 0.00149 
   62   62    1    1    1    1    1    1    1    1  1.60138E+15 0.00138 
   63   63    1    1    1    1    1    1    1    1  1.33521E+15 0.00143 
   64   64    1    1    1    1    1    1    1    1  1.05645E+15 0.00178 
   65   65    1    1    1    1    1    1    1    1  1.04190E+15 0.00161 
   66   66    1    1    1    1    1    1    1    1  7.88308E+14 0.00173 
   67   67    1    1    1    1    1    1    1    1  6.47008E+14 0.00127 
   68   68    1    1    1    1    1    1    1    1  5.77502E+14 0.00163 
   69   69    1    1    1    1    1    1    1    1  6.97378E+14 0.00158 
   70   70    1    1    1    1    1    1    1    1  5.95815E+14 0.00180 
   71   71    1    1    1    1    1    1    1    1  1.11120E+15 0.00173 
   72   72    1    1    1    1    1    1    1    1  7.98017E+14 0.00215 
   73   73    1    1    1    1    1    1    1    1  6.06918E+14 0.00196 
   74   74    1    1    1    1    1    1    1    1  4.83757E+14 0.00177 
   75   75    1    1    1    1    1    1    1    1  3.95706E+14 0.00208 
   76   76    1    1    1    1    1    1    1    1  4.49799E+14 0.00176 
   77   77    1    1    1    1    1    1    1    1  3.49373E+14 0.00237 
   78   78    1    1    1    1    1    1    1    1  2.71903E+14 0.00317 
   79   79    1    1    1    1    1    1    1    1  2.80048E+14 0.00199 
   80   80    1    1    1    1    1    1    1    1  2.06734E+14 0.00231 
   81   81    1    1    1    1    1    1    1    1  1.59193E+14 0.00251 
   82   82    1    1    1    1    1    1    1    1  1.22342E+14 0.00262 
   83   83    1    1    1    1    1    1    1    1  1.13336E+14 0.00300 
   84   84    1    1    1    1    1    1    1    1  8.20788E+13 0.00306 
   85   85    1    1    1    1    1    1    1    1  5.90183E+13 0.00394 
   86   86    1    1    1    1    1    1    1    1  5.49112E+13 0.00501 
   87   87    1    1    1    1    1    1    1    1  3.41265E+13 0.00647 
   88   88    1    1    1    1    1    1    1    1  2.32840E+13 0.00741 
   89   89    1    1    1    1    1    1    1    1  1.33267E+13 0.00940 
   90   90    1    1    1    1    1    1    1    1  8.82835E+12 0.01251 
   91   91    1    1    1    1    1    1    1    1  4.49730E+12 0.01486 
   92   92    1    1    1    1    1    1    1    1  2.27169E+12 0.02569 
   93   93    1    1    1    1    1    1    1    1  1.03299E+12 0.04255 
   94   94    1    1    1    1    1    1    1    1  5.41128E+11 0.04286 
   95   95    1    1    1    1    1    1    1    1  2.50017E+11 0.04723 
   96   96    1    1    1    1    1    1    1    1  1.19593E+11 0.09989 
   97   97    1    1    1    1    1    1    1    1  6.09957E+10 0.10753 
   98   98    1    1    1    1    1    1    1    1  3.71969E+10 0.20561 
   99   99    1    1    1    1    1    1    1    1  1.80814E+10 0.17517 
  100  100    1    1    1    1    1    1    1    1  1.65097E+10 0.26577 
];


