
DETdpaspec = [
    1    1    1    1    1    1    1    1    1    1  0.00000E+00 0.00000 
    2    2    1    1    1    1    1    1    1    1  0.00000E+00 0.00000 
    3    3    1    1    1    1    1    1    1    1  0.00000E+00 0.00000 
    4    4    1    1    1    1    1    1    1    1  0.00000E+00 0.00000 
    5    5    1    1    1    1    1    1    1    1  0.00000E+00 0.00000 
    6    6    1    1    1    1    1    1    1    1  2.42521E+07 1.00000 
    7    7    1    1    1    1    1    1    1    1  3.25218E+07 1.00000 
    8    8    1    1    1    1    1    1    1    1  0.00000E+00 0.00000 
    9    9    1    1    1    1    1    1    1    1  3.17428E+07 0.54673 
   10   10    1    1    1    1    1    1    1    1  0.00000E+00 0.00000 
   11   11    1    1    1    1    1    1    1    1  8.18237E+08 0.61609 
   12   12    1    1    1    1    1    1    1    1  5.03781E+08 0.59886 
   13   13    1    1    1    1    1    1    1    1  1.70952E+09 0.62024 
   14   14    1    1    1    1    1    1    1    1  3.94986E+09 0.44788 
   15   15    1    1    1    1    1    1    1    1  6.76696E+09 0.34529 
   16   16    1    1    1    1    1    1    1    1  3.46892E+09 0.26362 
   17   17    1    1    1    1    1    1    1    1  5.82430E+09 0.31000 
   18   18    1    1    1    1    1    1    1    1  1.38652E+10 0.20917 
   19   19    1    1    1    1    1    1    1    1  1.28409E+10 0.19941 
   20   20    1    1    1    1    1    1    1    1  4.28562E+10 0.14711 
   21   21    1    1    1    1    1    1    1    1  3.49355E+10 0.10371 
   22   22    1    1    1    1    1    1    1    1  8.74304E+10 0.07537 
   23   23    1    1    1    1    1    1    1    1  2.31107E+11 0.05910 
   24   24    1    1    1    1    1    1    1    1  6.04195E+11 0.04223 
   25   25    1    1    1    1    1    1    1    1  1.05116E+12 0.03195 
   26   26    1    1    1    1    1    1    1    1  2.24224E+12 0.01380 
   27   27    1    1    1    1    1    1    1    1  4.91784E+12 0.01114 
   28   28    1    1    1    1    1    1    1    1  1.14302E+13 0.00899 
   29   29    1    1    1    1    1    1    1    1  1.91068E+13 0.00913 
   30   30    1    1    1    1    1    1    1    1  3.96040E+13 0.00352 
   31   31    1    1    1    1    1    1    1    1  9.26491E+13 0.00319 
   32   32    1    1    1    1    1    1    1    1  1.39416E+14 0.00178 
   33   33    1    1    1    1    1    1    1    1  2.78932E+14 0.00138 
   34   34    1    1    1    1    1    1    1    1  3.53863E+14 0.00139 
   35   35    1    1    1    1    1    1    1    1  4.16159E+14 0.00123 
   36   36    1    1    1    1    1    1    1    1  2.84597E+14 0.00072 
   37   37    1    1    1    1    1    1    1    1  8.46917E+13 0.00100 
   38   38    1    1    1    1    1    1    1    1  4.51373E+14 0.00112 
   39   39    1    1    1    1    1    1    1    1  5.77337E+14 0.00109 
   40   40    1    1    1    1    1    1    1    1  9.81741E+14 0.00105 
   41   41    1    1    1    1    1    1    1    1  9.26113E+14 0.00110 
   42   42    1    1    1    1    1    1    1    1  1.83613E+15 0.00074 
   43   43    1    1    1    1    1    1    1    1  2.08801E+15 0.00087 
   44   44    1    1    1    1    1    1    1    1  2.81901E+15 0.00074 
   45   45    1    1    1    1    1    1    1    1  5.31033E+15 0.00073 
   46   46    1    1    1    1    1    1    1    1  2.59708E+15 0.00073 
   47   47    1    1    1    1    1    1    1    1  3.89191E+15 0.00079 
   48   48    1    1    1    1    1    1    1    1  5.42105E+15 0.00064 
   49   49    1    1    1    1    1    1    1    1  5.04459E+15 0.00058 
   50   50    1    1    1    1    1    1    1    1  7.92550E+15 0.00057 
   51   51    1    1    1    1    1    1    1    1  6.13964E+15 0.00065 
   52   52    1    1    1    1    1    1    1    1  7.24258E+15 0.00057 
   53   53    1    1    1    1    1    1    1    1  5.06519E+15 0.00057 
   54   54    1    1    1    1    1    1    1    1  6.28050E+15 0.00060 
   55   55    1    1    1    1    1    1    1    1  4.37048E+15 0.00068 
   56   56    1    1    1    1    1    1    1    1  5.95412E+14 0.00076 
   57   57    1    1    1    1    1    1    1    1  8.55441E+15 0.00058 
   58   58    1    1    1    1    1    1    1    1  3.86475E+15 0.00067 
   59   59    1    1    1    1    1    1    1    1  4.12980E+15 0.00052 
   60   60    1    1    1    1    1    1    1    1  3.29357E+15 0.00056 
   61   61    1    1    1    1    1    1    1    1  3.28516E+15 0.00062 
   62   62    1    1    1    1    1    1    1    1  3.36622E+15 0.00063 
   63   63    1    1    1    1    1    1    1    1  2.82910E+15 0.00056 
   64   64    1    1    1    1    1    1    1    1  2.23846E+15 0.00081 
   65   65    1    1    1    1    1    1    1    1  2.21042E+15 0.00080 
   66   66    1    1    1    1    1    1    1    1  1.67735E+15 0.00082 
   67   67    1    1    1    1    1    1    1    1  1.36383E+15 0.00097 
   68   68    1    1    1    1    1    1    1    1  1.21086E+15 0.00087 
   69   69    1    1    1    1    1    1    1    1  1.46090E+15 0.00065 
   70   70    1    1    1    1    1    1    1    1  1.24578E+15 0.00107 
   71   71    1    1    1    1    1    1    1    1  2.25857E+15 0.00104 
   72   72    1    1    1    1    1    1    1    1  1.61079E+15 0.00096 
   73   73    1    1    1    1    1    1    1    1  1.22988E+15 0.00120 
   74   74    1    1    1    1    1    1    1    1  1.00091E+15 0.00110 
   75   75    1    1    1    1    1    1    1    1  8.37812E+14 0.00094 
   76   76    1    1    1    1    1    1    1    1  9.75412E+14 0.00133 
   77   77    1    1    1    1    1    1    1    1  7.78366E+14 0.00124 
   78   78    1    1    1    1    1    1    1    1  6.17411E+14 0.00119 
   79   79    1    1    1    1    1    1    1    1  6.40915E+14 0.00163 
   80   80    1    1    1    1    1    1    1    1  4.77075E+14 0.00144 
   81   81    1    1    1    1    1    1    1    1  3.69638E+14 0.00177 
   82   82    1    1    1    1    1    1    1    1  2.85711E+14 0.00175 
   83   83    1    1    1    1    1    1    1    1  2.66343E+14 0.00162 
   84   84    1    1    1    1    1    1    1    1  1.91698E+14 0.00205 
   85   85    1    1    1    1    1    1    1    1  1.37936E+14 0.00267 
   86   86    1    1    1    1    1    1    1    1  1.29288E+14 0.00304 
   87   87    1    1    1    1    1    1    1    1  7.95084E+13 0.00337 
   88   88    1    1    1    1    1    1    1    1  5.35899E+13 0.00593 
   89   89    1    1    1    1    1    1    1    1  3.05342E+13 0.00494 
   90   90    1    1    1    1    1    1    1    1  2.01243E+13 0.00505 
   91   91    1    1    1    1    1    1    1    1  1.00039E+13 0.00818 
   92   92    1    1    1    1    1    1    1    1  4.83630E+12 0.00812 
   93   93    1    1    1    1    1    1    1    1  2.33799E+12 0.01676 
   94   94    1    1    1    1    1    1    1    1  1.16142E+12 0.02500 
   95   95    1    1    1    1    1    1    1    1  5.62804E+11 0.04309 
   96   96    1    1    1    1    1    1    1    1  2.61940E+11 0.05454 
   97   97    1    1    1    1    1    1    1    1  1.21511E+11 0.07044 
   98   98    1    1    1    1    1    1    1    1  6.80776E+10 0.08423 
   99   99    1    1    1    1    1    1    1    1  2.64512E+10 0.16607 
  100  100    1    1    1    1    1    1    1    1  1.95645E+10 0.20891 
];


