
DETdpaspec = [
    1    1    1    1    1    1    1    1    1    1  0.00000E+00 0.00000 
    2    2    1    1    1    1    1    1    1    1  0.00000E+00 0.00000 
    3    3    1    1    1    1    1    1    1    1  0.00000E+00 0.00000 
    4    4    1    1    1    1    1    1    1    1  0.00000E+00 0.00000 
    5    5    1    1    1    1    1    1    1    1  1.11686E+07 1.00000 
    6    6    1    1    1    1    1    1    1    1  0.00000E+00 0.00000 
    7    7    1    1    1    1    1    1    1    1  0.00000E+00 0.00000 
    8    8    1    1    1    1    1    1    1    1  8.62670E+07 0.60772 
    9    9    1    1    1    1    1    1    1    1  6.52781E+07 0.76098 
   10   10    1    1    1    1    1    1    1    1  2.13955E+08 0.56250 
   11   11    1    1    1    1    1    1    1    1  1.41062E+08 1.00000 
   12   12    1    1    1    1    1    1    1    1  4.74036E+07 1.00000 
   13   13    1    1    1    1    1    1    1    1  3.21171E+09 0.41975 
   14   14    1    1    1    1    1    1    1    1  8.20472E+09 0.36215 
   15   15    1    1    1    1    1    1    1    1  5.44141E+09 0.42976 
   16   16    1    1    1    1    1    1    1    1  3.46408E+09 0.28200 
   17   17    1    1    1    1    1    1    1    1  5.08050E+09 0.26455 
   18   18    1    1    1    1    1    1    1    1  1.42460E+10 0.18882 
   19   19    1    1    1    1    1    1    1    1  1.89244E+10 0.15689 
   20   20    1    1    1    1    1    1    1    1  6.86516E+10 0.09098 
   21   21    1    1    1    1    1    1    1    1  4.21509E+10 0.09161 
   22   22    1    1    1    1    1    1    1    1  1.01138E+11 0.08271 
   23   23    1    1    1    1    1    1    1    1  1.56474E+11 0.07057 
   24   24    1    1    1    1    1    1    1    1  2.55566E+11 0.04748 
   25   25    1    1    1    1    1    1    1    1  3.19370E+11 0.03663 
   26   26    1    1    1    1    1    1    1    1  5.46630E+11 0.03487 
   27   27    1    1    1    1    1    1    1    1  1.17983E+12 0.02496 
   28   28    1    1    1    1    1    1    1    1  2.46967E+12 0.01797 
   29   29    1    1    1    1    1    1    1    1  3.62264E+12 0.01085 
   30   30    1    1    1    1    1    1    1    1  1.03062E+13 0.00732 
   31   31    1    1    1    1    1    1    1    1  2.77612E+13 0.00508 
   32   32    1    1    1    1    1    1    1    1  4.64348E+13 0.00466 
   33   33    1    1    1    1    1    1    1    1  9.72623E+13 0.00379 
   34   34    1    1    1    1    1    1    1    1  1.20814E+14 0.00256 
   35   35    1    1    1    1    1    1    1    1  1.72357E+14 0.00254 
   36   36    1    1    1    1    1    1    1    1  1.28184E+14 0.00245 
   37   37    1    1    1    1    1    1    1    1  4.03928E+13 0.00210 
   38   38    1    1    1    1    1    1    1    1  2.06786E+14 0.00202 
   39   39    1    1    1    1    1    1    1    1  2.65610E+14 0.00230 
   40   40    1    1    1    1    1    1    1    1  4.44212E+14 0.00190 
   41   41    1    1    1    1    1    1    1    1  4.41910E+14 0.00174 
   42   42    1    1    1    1    1    1    1    1  8.52196E+14 0.00158 
   43   43    1    1    1    1    1    1    1    1  9.71534E+14 0.00171 
   44   44    1    1    1    1    1    1    1    1  1.31213E+15 0.00160 
   45   45    1    1    1    1    1    1    1    1  2.43615E+15 0.00143 
   46   46    1    1    1    1    1    1    1    1  1.21182E+15 0.00163 
   47   47    1    1    1    1    1    1    1    1  1.84925E+15 0.00164 
   48   48    1    1    1    1    1    1    1    1  2.57022E+15 0.00146 
   49   49    1    1    1    1    1    1    1    1  2.42879E+15 0.00150 
   50   50    1    1    1    1    1    1    1    1  3.71798E+15 0.00136 
   51   51    1    1    1    1    1    1    1    1  2.95913E+15 0.00125 
   52   52    1    1    1    1    1    1    1    1  3.38937E+15 0.00126 
   53   53    1    1    1    1    1    1    1    1  2.38688E+15 0.00113 
   54   54    1    1    1    1    1    1    1    1  2.86988E+15 0.00117 
   55   55    1    1    1    1    1    1    1    1  2.00742E+15 0.00112 
   56   56    1    1    1    1    1    1    1    1  2.76237E+14 0.00201 
   57   57    1    1    1    1    1    1    1    1  3.94463E+15 0.00131 
   58   58    1    1    1    1    1    1    1    1  1.71041E+15 0.00111 
   59   59    1    1    1    1    1    1    1    1  1.84871E+15 0.00132 
   60   60    1    1    1    1    1    1    1    1  1.43031E+15 0.00162 
   61   61    1    1    1    1    1    1    1    1  1.43157E+15 0.00155 
   62   62    1    1    1    1    1    1    1    1  1.46104E+15 0.00161 
   63   63    1    1    1    1    1    1    1    1  1.21773E+15 0.00146 
   64   64    1    1    1    1    1    1    1    1  9.62082E+14 0.00154 
   65   65    1    1    1    1    1    1    1    1  9.49475E+14 0.00141 
   66   66    1    1    1    1    1    1    1    1  7.18244E+14 0.00158 
   67   67    1    1    1    1    1    1    1    1  5.90547E+14 0.00186 
   68   68    1    1    1    1    1    1    1    1  5.26107E+14 0.00185 
   69   69    1    1    1    1    1    1    1    1  6.34588E+14 0.00188 
   70   70    1    1    1    1    1    1    1    1  5.43809E+14 0.00166 
   71   71    1    1    1    1    1    1    1    1  1.01001E+15 0.00162 
   72   72    1    1    1    1    1    1    1    1  7.26150E+14 0.00179 
   73   73    1    1    1    1    1    1    1    1  5.50486E+14 0.00185 
   74   74    1    1    1    1    1    1    1    1  4.39099E+14 0.00216 
   75   75    1    1    1    1    1    1    1    1  3.58570E+14 0.00167 
   76   76    1    1    1    1    1    1    1    1  4.08329E+14 0.00179 
   77   77    1    1    1    1    1    1    1    1  3.17017E+14 0.00152 
   78   78    1    1    1    1    1    1    1    1  2.45990E+14 0.00224 
   79   79    1    1    1    1    1    1    1    1  2.51909E+14 0.00155 
   80   80    1    1    1    1    1    1    1    1  1.86029E+14 0.00282 
   81   81    1    1    1    1    1    1    1    1  1.43305E+14 0.00210 
   82   82    1    1    1    1    1    1    1    1  1.09960E+14 0.00287 
   83   83    1    1    1    1    1    1    1    1  1.03731E+14 0.00311 
   84   84    1    1    1    1    1    1    1    1  7.42899E+13 0.00300 
   85   85    1    1    1    1    1    1    1    1  5.33016E+13 0.00370 
   86   86    1    1    1    1    1    1    1    1  5.02637E+13 0.00492 
   87   87    1    1    1    1    1    1    1    1  3.08090E+13 0.00595 
   88   88    1    1    1    1    1    1    1    1  2.09904E+13 0.00506 
   89   89    1    1    1    1    1    1    1    1  1.20183E+13 0.00989 
   90   90    1    1    1    1    1    1    1    1  8.11732E+12 0.01110 
   91   91    1    1    1    1    1    1    1    1  4.10770E+12 0.01712 
   92   92    1    1    1    1    1    1    1    1  2.02498E+12 0.02465 
   93   93    1    1    1    1    1    1    1    1  9.36741E+11 0.03446 
   94   94    1    1    1    1    1    1    1    1  4.57809E+11 0.04263 
   95   95    1    1    1    1    1    1    1    1  2.27479E+11 0.05410 
   96   96    1    1    1    1    1    1    1    1  1.10510E+11 0.10158 
   97   97    1    1    1    1    1    1    1    1  4.98806E+10 0.12737 
   98   98    1    1    1    1    1    1    1    1  1.91367E+10 0.17726 
   99   99    1    1    1    1    1    1    1    1  1.14544E+10 0.23283 
  100  100    1    1    1    1    1    1    1    1  1.04700E+10 0.25247 
];


