
DETdpaspec = [
    1    1    1    1    1    1    1    1    1    1  0.00000E+00 0.00000 
    2    2    1    1    1    1    1    1    1    1  0.00000E+00 0.00000 
    3    3    1    1    1    1    1    1    1    1  0.00000E+00 0.00000 
    4    4    1    1    1    1    1    1    1    1  0.00000E+00 0.00000 
    5    5    1    1    1    1    1    1    1    1  0.00000E+00 0.00000 
    6    6    1    1    1    1    1    1    1    1  0.00000E+00 0.00000 
    7    7    1    1    1    1    1    1    1    1  0.00000E+00 0.00000 
    8    8    1    1    1    1    1    1    1    1  2.29175E+07 1.00000 
    9    9    1    1    1    1    1    1    1    1  1.54073E+07 1.00000 
   10   10    1    1    1    1    1    1    1    1  0.00000E+00 0.00000 
   11   11    1    1    1    1    1    1    1    1  1.43529E+08 0.68882 
   12   12    1    1    1    1    1    1    1    1  2.17320E+07 1.00000 
   13   13    1    1    1    1    1    1    1    1  8.00760E+08 0.52701 
   14   14    1    1    1    1    1    1    1    1  3.45923E+09 0.41669 
   15   15    1    1    1    1    1    1    1    1  5.38287E+09 0.33238 
   16   16    1    1    1    1    1    1    1    1  2.04182E+09 0.39435 
   17   17    1    1    1    1    1    1    1    1  2.98195E+09 0.30262 
   18   18    1    1    1    1    1    1    1    1  8.41920E+09 0.20979 
   19   19    1    1    1    1    1    1    1    1  1.02736E+10 0.19537 
   20   20    1    1    1    1    1    1    1    1  2.31523E+10 0.15529 
   21   21    1    1    1    1    1    1    1    1  2.60747E+10 0.11177 
   22   22    1    1    1    1    1    1    1    1  7.01823E+10 0.07879 
   23   23    1    1    1    1    1    1    1    1  8.77914E+10 0.06951 
   24   24    1    1    1    1    1    1    1    1  1.23900E+11 0.05476 
   25   25    1    1    1    1    1    1    1    1  1.94170E+11 0.05312 
   26   26    1    1    1    1    1    1    1    1  3.16934E+11 0.04273 
   27   27    1    1    1    1    1    1    1    1  6.32878E+11 0.03250 
   28   28    1    1    1    1    1    1    1    1  1.26602E+12 0.01996 
   29   29    1    1    1    1    1    1    1    1  1.64070E+12 0.02130 
   30   30    1    1    1    1    1    1    1    1  4.85113E+12 0.01261 
   31   31    1    1    1    1    1    1    1    1  1.24576E+13 0.01022 
   32   32    1    1    1    1    1    1    1    1  2.02071E+13 0.00570 
   33   33    1    1    1    1    1    1    1    1  4.06037E+13 0.00384 
   34   34    1    1    1    1    1    1    1    1  4.87090E+13 0.00372 
   35   35    1    1    1    1    1    1    1    1  7.10730E+13 0.00387 
   36   36    1    1    1    1    1    1    1    1  5.28110E+13 0.00453 
   37   37    1    1    1    1    1    1    1    1  1.67955E+13 0.00415 
   38   38    1    1    1    1    1    1    1    1  8.43536E+13 0.00355 
   39   39    1    1    1    1    1    1    1    1  1.07445E+14 0.00383 
   40   40    1    1    1    1    1    1    1    1  1.75602E+14 0.00343 
   41   41    1    1    1    1    1    1    1    1  1.75641E+14 0.00314 
   42   42    1    1    1    1    1    1    1    1  3.31432E+14 0.00332 
   43   43    1    1    1    1    1    1    1    1  3.73905E+14 0.00291 
   44   44    1    1    1    1    1    1    1    1  4.97328E+14 0.00268 
   45   45    1    1    1    1    1    1    1    1  9.00690E+14 0.00274 
   46   46    1    1    1    1    1    1    1    1  4.45138E+14 0.00281 
   47   47    1    1    1    1    1    1    1    1  6.78416E+14 0.00283 
   48   48    1    1    1    1    1    1    1    1  9.34336E+14 0.00328 
   49   49    1    1    1    1    1    1    1    1  8.82863E+14 0.00262 
   50   50    1    1    1    1    1    1    1    1  1.32780E+15 0.00306 
   51   51    1    1    1    1    1    1    1    1  1.05959E+15 0.00309 
   52   52    1    1    1    1    1    1    1    1  1.19131E+15 0.00293 
   53   53    1    1    1    1    1    1    1    1  8.38392E+14 0.00283 
   54   54    1    1    1    1    1    1    1    1  9.93300E+14 0.00311 
   55   55    1    1    1    1    1    1    1    1  6.93172E+14 0.00307 
   56   56    1    1    1    1    1    1    1    1  9.56081E+13 0.00362 
   57   57    1    1    1    1    1    1    1    1  1.35666E+15 0.00314 
   58   58    1    1    1    1    1    1    1    1  5.77373E+14 0.00327 
   59   59    1    1    1    1    1    1    1    1  6.25121E+14 0.00315 
   60   60    1    1    1    1    1    1    1    1  4.77353E+14 0.00360 
   61   61    1    1    1    1    1    1    1    1  4.78115E+14 0.00336 
   62   62    1    1    1    1    1    1    1    1  4.85029E+14 0.00385 
   63   63    1    1    1    1    1    1    1    1  4.01659E+14 0.00397 
   64   64    1    1    1    1    1    1    1    1  3.17215E+14 0.00347 
   65   65    1    1    1    1    1    1    1    1  3.11232E+14 0.00384 
   66   66    1    1    1    1    1    1    1    1  2.34511E+14 0.00383 
   67   67    1    1    1    1    1    1    1    1  1.92947E+14 0.00374 
   68   68    1    1    1    1    1    1    1    1  1.72406E+14 0.00387 
   69   69    1    1    1    1    1    1    1    1  2.07925E+14 0.00439 
   70   70    1    1    1    1    1    1    1    1  1.78225E+14 0.00379 
   71   71    1    1    1    1    1    1    1    1  3.33472E+14 0.00475 
   72   72    1    1    1    1    1    1    1    1  2.40421E+14 0.00362 
   73   73    1    1    1    1    1    1    1    1  1.80940E+14 0.00335 
   74   74    1    1    1    1    1    1    1    1  1.42987E+14 0.00420 
   75   75    1    1    1    1    1    1    1    1  1.15484E+14 0.00378 
   76   76    1    1    1    1    1    1    1    1  1.30417E+14 0.00442 
   77   77    1    1    1    1    1    1    1    1  9.96330E+13 0.00392 
   78   78    1    1    1    1    1    1    1    1  7.69026E+13 0.00453 
   79   79    1    1    1    1    1    1    1    1  7.84935E+13 0.00517 
   80   80    1    1    1    1    1    1    1    1  5.79704E+13 0.00519 
   81   81    1    1    1    1    1    1    1    1  4.45636E+13 0.00637 
   82   82    1    1    1    1    1    1    1    1  3.41068E+13 0.00556 
   83   83    1    1    1    1    1    1    1    1  3.17516E+13 0.00525 
   84   84    1    1    1    1    1    1    1    1  2.25984E+13 0.00649 
   85   85    1    1    1    1    1    1    1    1  1.65786E+13 0.00785 
   86   86    1    1    1    1    1    1    1    1  1.52878E+13 0.00715 
   87   87    1    1    1    1    1    1    1    1  9.71296E+12 0.01101 
   88   88    1    1    1    1    1    1    1    1  6.48208E+12 0.01552 
   89   89    1    1    1    1    1    1    1    1  3.65639E+12 0.01596 
   90   90    1    1    1    1    1    1    1    1  2.45221E+12 0.02042 
   91   91    1    1    1    1    1    1    1    1  1.27706E+12 0.02324 
   92   92    1    1    1    1    1    1    1    1  5.87180E+11 0.04948 
   93   93    1    1    1    1    1    1    1    1  2.69480E+11 0.04904 
   94   94    1    1    1    1    1    1    1    1  1.38865E+11 0.06240 
   95   95    1    1    1    1    1    1    1    1  8.54483E+10 0.08216 
   96   96    1    1    1    1    1    1    1    1  3.72479E+10 0.15567 
   97   97    1    1    1    1    1    1    1    1  1.94953E+10 0.20620 
   98   98    1    1    1    1    1    1    1    1  8.44528E+09 0.33422 
   99   99    1    1    1    1    1    1    1    1  3.84872E+08 1.00000 
  100  100    1    1    1    1    1    1    1    1  5.05066E+09 0.47309 
];


