
DETdpaspec = [
    1    1    1    1    1    1    1    1    1    1  0.00000E+00 0.00000 
    2    2    1    1    1    1    1    1    1    1  0.00000E+00 0.00000 
    3    3    1    1    1    1    1    1    1    1  0.00000E+00 0.00000 
    4    4    1    1    1    1    1    1    1    1  0.00000E+00 0.00000 
    5    5    1    1    1    1    1    1    1    1  0.00000E+00 0.00000 
    6    6    1    1    1    1    1    1    1    1  0.00000E+00 0.00000 
    7    7    1    1    1    1    1    1    1    1  2.13292E+07 1.00000 
    8    8    1    1    1    1    1    1    1    1  6.59404E+07 0.55109 
    9    9    1    1    1    1    1    1    1    1  0.00000E+00 0.00000 
   10   10    1    1    1    1    1    1    1    1  0.00000E+00 0.00000 
   11   11    1    1    1    1    1    1    1    1  2.78141E+08 0.49939 
   12   12    1    1    1    1    1    1    1    1  5.44202E+07 0.78752 
   13   13    1    1    1    1    1    1    1    1  3.86351E+09 0.24079 
   14   14    1    1    1    1    1    1    1    1  7.60215E+09 0.31031 
   15   15    1    1    1    1    1    1    1    1  9.48610E+09 0.28316 
   16   16    1    1    1    1    1    1    1    1  3.08951E+09 0.27597 
   17   17    1    1    1    1    1    1    1    1  6.52536E+09 0.22369 
   18   18    1    1    1    1    1    1    1    1  1.16746E+10 0.18303 
   19   19    1    1    1    1    1    1    1    1  1.63418E+10 0.14184 
   20   20    1    1    1    1    1    1    1    1  5.77527E+10 0.10206 
   21   21    1    1    1    1    1    1    1    1  3.80743E+10 0.09857 
   22   22    1    1    1    1    1    1    1    1  1.24285E+11 0.07138 
   23   23    1    1    1    1    1    1    1    1  1.66545E+11 0.05600 
   24   24    1    1    1    1    1    1    1    1  2.68251E+11 0.03820 
   25   25    1    1    1    1    1    1    1    1  3.54229E+11 0.04628 
   26   26    1    1    1    1    1    1    1    1  6.47910E+11 0.03070 
   27   27    1    1    1    1    1    1    1    1  1.28686E+12 0.02064 
   28   28    1    1    1    1    1    1    1    1  2.96785E+12 0.01469 
   29   29    1    1    1    1    1    1    1    1  4.60067E+12 0.01279 
   30   30    1    1    1    1    1    1    1    1  1.25581E+13 0.00784 
   31   31    1    1    1    1    1    1    1    1  3.40909E+13 0.00585 
   32   32    1    1    1    1    1    1    1    1  5.68560E+13 0.00382 
   33   33    1    1    1    1    1    1    1    1  1.21005E+14 0.00215 
   34   34    1    1    1    1    1    1    1    1  1.52534E+14 0.00254 
   35   35    1    1    1    1    1    1    1    1  2.13531E+14 0.00202 
   36   36    1    1    1    1    1    1    1    1  1.58071E+14 0.00135 
   37   37    1    1    1    1    1    1    1    1  4.93603E+13 0.00163 
   38   38    1    1    1    1    1    1    1    1  2.55633E+14 0.00144 
   39   39    1    1    1    1    1    1    1    1  3.28942E+14 0.00152 
   40   40    1    1    1    1    1    1    1    1  5.55396E+14 0.00151 
   41   41    1    1    1    1    1    1    1    1  5.48976E+14 0.00125 
   42   42    1    1    1    1    1    1    1    1  1.06866E+15 0.00120 
   43   43    1    1    1    1    1    1    1    1  1.22235E+15 0.00111 
   44   44    1    1    1    1    1    1    1    1  1.65852E+15 0.00148 
   45   45    1    1    1    1    1    1    1    1  3.10612E+15 0.00126 
   46   46    1    1    1    1    1    1    1    1  1.54540E+15 0.00114 
   47   47    1    1    1    1    1    1    1    1  2.35537E+15 0.00117 
   48   48    1    1    1    1    1    1    1    1  3.28473E+15 0.00104 
   49   49    1    1    1    1    1    1    1    1  3.10230E+15 0.00126 
   50   50    1    1    1    1    1    1    1    1  4.78845E+15 0.00121 
   51   51    1    1    1    1    1    1    1    1  3.80503E+15 0.00133 
   52   52    1    1    1    1    1    1    1    1  4.38735E+15 0.00117 
   53   53    1    1    1    1    1    1    1    1  3.09454E+15 0.00135 
   54   54    1    1    1    1    1    1    1    1  3.74855E+15 0.00115 
   55   55    1    1    1    1    1    1    1    1  2.62314E+15 0.00122 
   56   56    1    1    1    1    1    1    1    1  3.60142E+14 0.00169 
   57   57    1    1    1    1    1    1    1    1  5.15427E+15 0.00137 
   58   58    1    1    1    1    1    1    1    1  2.25597E+15 0.00149 
   59   59    1    1    1    1    1    1    1    1  2.43209E+15 0.00145 
   60   60    1    1    1    1    1    1    1    1  1.89583E+15 0.00135 
   61   61    1    1    1    1    1    1    1    1  1.90072E+15 0.00145 
   62   62    1    1    1    1    1    1    1    1  1.93988E+15 0.00149 
   63   63    1    1    1    1    1    1    1    1  1.62432E+15 0.00166 
   64   64    1    1    1    1    1    1    1    1  1.28415E+15 0.00144 
   65   65    1    1    1    1    1    1    1    1  1.26908E+15 0.00190 
   66   66    1    1    1    1    1    1    1    1  9.61207E+14 0.00191 
   67   67    1    1    1    1    1    1    1    1  7.88118E+14 0.00176 
   68   68    1    1    1    1    1    1    1    1  7.03052E+14 0.00198 
   69   69    1    1    1    1    1    1    1    1  8.48873E+14 0.00143 
   70   70    1    1    1    1    1    1    1    1  7.26465E+14 0.00155 
   71   71    1    1    1    1    1    1    1    1  1.34729E+15 0.00173 
   72   72    1    1    1    1    1    1    1    1  9.70480E+14 0.00126 
   73   73    1    1    1    1    1    1    1    1  7.38227E+14 0.00174 
   74   74    1    1    1    1    1    1    1    1  5.89930E+14 0.00208 
   75   75    1    1    1    1    1    1    1    1  4.83666E+14 0.00199 
   76   76    1    1    1    1    1    1    1    1  5.52901E+14 0.00145 
   77   77    1    1    1    1    1    1    1    1  4.30927E+14 0.00228 
   78   78    1    1    1    1    1    1    1    1  3.36702E+14 0.00201 
   79   79    1    1    1    1    1    1    1    1  3.45659E+14 0.00271 
   80   80    1    1    1    1    1    1    1    1  2.56197E+14 0.00201 
   81   81    1    1    1    1    1    1    1    1  1.97370E+14 0.00229 
   82   82    1    1    1    1    1    1    1    1  1.51147E+14 0.00270 
   83   83    1    1    1    1    1    1    1    1  1.41586E+14 0.00253 
   84   84    1    1    1    1    1    1    1    1  1.01692E+14 0.00294 
   85   85    1    1    1    1    1    1    1    1  7.39807E+13 0.00456 
   86   86    1    1    1    1    1    1    1    1  6.91943E+13 0.00254 
   87   87    1    1    1    1    1    1    1    1  4.23846E+13 0.00503 
   88   88    1    1    1    1    1    1    1    1  2.88258E+13 0.00662 
   89   89    1    1    1    1    1    1    1    1  1.67059E+13 0.00637 
   90   90    1    1    1    1    1    1    1    1  1.10557E+13 0.01049 
   91   91    1    1    1    1    1    1    1    1  5.65097E+12 0.01306 
   92   92    1    1    1    1    1    1    1    1  2.75312E+12 0.02036 
   93   93    1    1    1    1    1    1    1    1  1.25545E+12 0.02397 
   94   94    1    1    1    1    1    1    1    1  6.08009E+11 0.04248 
   95   95    1    1    1    1    1    1    1    1  3.07357E+11 0.04147 
   96   96    1    1    1    1    1    1    1    1  1.44717E+11 0.06386 
   97   97    1    1    1    1    1    1    1    1  6.83376E+10 0.12819 
   98   98    1    1    1    1    1    1    1    1  4.78991E+10 0.17639 
   99   99    1    1    1    1    1    1    1    1  2.26112E+10 0.21939 
  100  100    1    1    1    1    1    1    1    1  1.13074E+10 0.31389 
];


