
DETdpaspec = [
    1    1    1    1    1    1    1    1    1    1  0.00000E+00 0.00000 
    2    2    1    1    1    1    1    1    1    1  5.82735E+06 1.00000 
    3    3    1    1    1    1    1    1    1    1  0.00000E+00 0.00000 
    4    4    1    1    1    1    1    1    1    1  0.00000E+00 0.00000 
    5    5    1    1    1    1    1    1    1    1  0.00000E+00 0.00000 
    6    6    1    1    1    1    1    1    1    1  0.00000E+00 0.00000 
    7    7    1    1    1    1    1    1    1    1  0.00000E+00 0.00000 
    8    8    1    1    1    1    1    1    1    1  2.20072E+07 1.00000 
    9    9    1    1    1    1    1    1    1    1  1.22725E+07 1.00000 
   10   10    1    1    1    1    1    1    1    1  1.23322E+08 1.00000 
   11   11    1    1    1    1    1    1    1    1  1.25399E+08 1.00000 
   12   12    1    1    1    1    1    1    1    1  2.02256E+06 1.00000 
   13   13    1    1    1    1    1    1    1    1  1.09450E+09 0.48699 
   14   14    1    1    1    1    1    1    1    1  5.49179E+08 0.56318 
   15   15    1    1    1    1    1    1    1    1  5.55692E+09 0.34287 
   16   16    1    1    1    1    1    1    1    1  1.77767E+09 0.35851 
   17   17    1    1    1    1    1    1    1    1  3.33673E+09 0.15813 
   18   18    1    1    1    1    1    1    1    1  1.01250E+10 0.18279 
   19   19    1    1    1    1    1    1    1    1  1.12698E+10 0.18264 
   20   20    1    1    1    1    1    1    1    1  3.25787E+10 0.10896 
   21   21    1    1    1    1    1    1    1    1  3.33012E+10 0.10119 
   22   22    1    1    1    1    1    1    1    1  8.10782E+10 0.07152 
   23   23    1    1    1    1    1    1    1    1  1.16082E+11 0.05509 
   24   24    1    1    1    1    1    1    1    1  1.74613E+11 0.05938 
   25   25    1    1    1    1    1    1    1    1  2.19162E+11 0.04818 
   26   26    1    1    1    1    1    1    1    1  3.66431E+11 0.04324 
   27   27    1    1    1    1    1    1    1    1  7.46475E+11 0.03620 
   28   28    1    1    1    1    1    1    1    1  1.57533E+12 0.02403 
   29   29    1    1    1    1    1    1    1    1  2.22212E+12 0.02085 
   30   30    1    1    1    1    1    1    1    1  6.40030E+12 0.00955 
   31   31    1    1    1    1    1    1    1    1  1.68811E+13 0.00691 
   32   32    1    1    1    1    1    1    1    1  2.81508E+13 0.00524 
   33   33    1    1    1    1    1    1    1    1  5.76062E+13 0.00381 
   34   34    1    1    1    1    1    1    1    1  7.03026E+13 0.00308 
   35   35    1    1    1    1    1    1    1    1  1.01827E+14 0.00323 
   36   36    1    1    1    1    1    1    1    1  7.55240E+13 0.00338 
   37   37    1    1    1    1    1    1    1    1  2.39814E+13 0.00339 
   38   38    1    1    1    1    1    1    1    1  1.21447E+14 0.00327 
   39   39    1    1    1    1    1    1    1    1  1.55259E+14 0.00301 
   40   40    1    1    1    1    1    1    1    1  2.56410E+14 0.00310 
   41   41    1    1    1    1    1    1    1    1  2.56298E+14 0.00298 
   42   42    1    1    1    1    1    1    1    1  4.86837E+14 0.00324 
   43   43    1    1    1    1    1    1    1    1  5.50742E+14 0.00244 
   44   44    1    1    1    1    1    1    1    1  7.38813E+14 0.00228 
   45   45    1    1    1    1    1    1    1    1  1.34886E+15 0.00228 
   46   46    1    1    1    1    1    1    1    1  6.67647E+14 0.00213 
   47   47    1    1    1    1    1    1    1    1  1.01746E+15 0.00235 
   48   48    1    1    1    1    1    1    1    1  1.40322E+15 0.00216 
   49   49    1    1    1    1    1    1    1    1  1.32430E+15 0.00215 
   50   50    1    1    1    1    1    1    1    1  2.00608E+15 0.00240 
   51   51    1    1    1    1    1    1    1    1  1.59704E+15 0.00215 
   52   52    1    1    1    1    1    1    1    1  1.80684E+15 0.00250 
   53   53    1    1    1    1    1    1    1    1  1.27232E+15 0.00259 
   54   54    1    1    1    1    1    1    1    1  1.51413E+15 0.00231 
   55   55    1    1    1    1    1    1    1    1  1.05814E+15 0.00238 
   56   56    1    1    1    1    1    1    1    1  1.45635E+14 0.00312 
   57   57    1    1    1    1    1    1    1    1  2.06893E+15 0.00223 
   58   58    1    1    1    1    1    1    1    1  8.87340E+14 0.00201 
   59   59    1    1    1    1    1    1    1    1  9.59241E+14 0.00257 
   60   60    1    1    1    1    1    1    1    1  7.36319E+14 0.00208 
   61   61    1    1    1    1    1    1    1    1  7.36671E+14 0.00246 
   62   62    1    1    1    1    1    1    1    1  7.48066E+14 0.00249 
   63   63    1    1    1    1    1    1    1    1  6.20863E+14 0.00309 
   64   64    1    1    1    1    1    1    1    1  4.89315E+14 0.00269 
   65   65    1    1    1    1    1    1    1    1  4.81079E+14 0.00282 
   66   66    1    1    1    1    1    1    1    1  3.62908E+14 0.00297 
   67   67    1    1    1    1    1    1    1    1  2.98084E+14 0.00278 
   68   68    1    1    1    1    1    1    1    1  2.66897E+14 0.00319 
   69   69    1    1    1    1    1    1    1    1  3.21740E+14 0.00360 
   70   70    1    1    1    1    1    1    1    1  2.74821E+14 0.00325 
   71   71    1    1    1    1    1    1    1    1  5.13458E+14 0.00295 
   72   72    1    1    1    1    1    1    1    1  3.68362E+14 0.00360 
   73   73    1    1    1    1    1    1    1    1  2.79891E+14 0.00355 
   74   74    1    1    1    1    1    1    1    1  2.21076E+14 0.00413 
   75   75    1    1    1    1    1    1    1    1  1.79225E+14 0.00351 
   76   76    1    1    1    1    1    1    1    1  2.02415E+14 0.00366 
   77   77    1    1    1    1    1    1    1    1  1.56044E+14 0.00388 
   78   78    1    1    1    1    1    1    1    1  1.21072E+14 0.00317 
   79   79    1    1    1    1    1    1    1    1  1.23937E+14 0.00405 
   80   80    1    1    1    1    1    1    1    1  9.15013E+13 0.00375 
   81   81    1    1    1    1    1    1    1    1  7.02215E+13 0.00379 
   82   82    1    1    1    1    1    1    1    1  5.36088E+13 0.00553 
   83   83    1    1    1    1    1    1    1    1  5.00182E+13 0.00358 
   84   84    1    1    1    1    1    1    1    1  3.60297E+13 0.00613 
   85   85    1    1    1    1    1    1    1    1  2.61302E+13 0.00834 
   86   86    1    1    1    1    1    1    1    1  2.43963E+13 0.00553 
   87   87    1    1    1    1    1    1    1    1  1.52890E+13 0.00937 
   88   88    1    1    1    1    1    1    1    1  1.03329E+13 0.00922 
   89   89    1    1    1    1    1    1    1    1  5.89362E+12 0.01313 
   90   90    1    1    1    1    1    1    1    1  3.95839E+12 0.01571 
   91   91    1    1    1    1    1    1    1    1  1.92625E+12 0.02075 
   92   92    1    1    1    1    1    1    1    1  9.91178E+11 0.02479 
   93   93    1    1    1    1    1    1    1    1  4.54652E+11 0.04755 
   94   94    1    1    1    1    1    1    1    1  2.61485E+11 0.05893 
   95   95    1    1    1    1    1    1    1    1  1.06502E+11 0.07490 
   96   96    1    1    1    1    1    1    1    1  5.03959E+10 0.16048 
   97   97    1    1    1    1    1    1    1    1  2.52230E+10 0.18493 
   98   98    1    1    1    1    1    1    1    1  8.71186E+09 0.24564 
   99   99    1    1    1    1    1    1    1    1  7.68955E+09 0.42970 
  100  100    1    1    1    1    1    1    1    1  6.23992E+09 0.30827 
];


