
DETdpaspec = [
    1    1    1    1    1    1    1    1    1    1  0.00000E+00 0.00000 
    2    2    1    1    1    1    1    1    1    1  0.00000E+00 0.00000 
    3    3    1    1    1    1    1    1    1    1  0.00000E+00 0.00000 
    4    4    1    1    1    1    1    1    1    1  0.00000E+00 0.00000 
    5    5    1    1    1    1    1    1    1    1  0.00000E+00 0.00000 
    6    6    1    1    1    1    1    1    1    1  0.00000E+00 0.00000 
    7    7    1    1    1    1    1    1    1    1  1.72907E+07 1.00000 
    8    8    1    1    1    1    1    1    1    1  3.16174E+07 1.00000 
    9    9    1    1    1    1    1    1    1    1  1.52699E+07 1.00000 
   10   10    1    1    1    1    1    1    1    1  1.89347E+08 0.71895 
   11   11    1    1    1    1    1    1    1    1  1.25053E+08 0.69552 
   12   12    1    1    1    1    1    1    1    1  1.54567E+08 0.62358 
   13   13    1    1    1    1    1    1    1    1  7.13865E+08 0.74391 
   14   14    1    1    1    1    1    1    1    1  1.36644E+09 0.52706 
   15   15    1    1    1    1    1    1    1    1  5.33687E+09 0.28471 
   16   16    1    1    1    1    1    1    1    1  2.83886E+09 0.33905 
   17   17    1    1    1    1    1    1    1    1  3.84922E+09 0.23981 
   18   18    1    1    1    1    1    1    1    1  1.34180E+10 0.25256 
   19   19    1    1    1    1    1    1    1    1  1.33754E+10 0.16641 
   20   20    1    1    1    1    1    1    1    1  3.11354E+10 0.10817 
   21   21    1    1    1    1    1    1    1    1  2.78128E+10 0.16184 
   22   22    1    1    1    1    1    1    1    1  8.16707E+10 0.08746 
   23   23    1    1    1    1    1    1    1    1  1.11018E+11 0.07905 
   24   24    1    1    1    1    1    1    1    1  1.68913E+11 0.06242 
   25   25    1    1    1    1    1    1    1    1  2.18093E+11 0.06022 
   26   26    1    1    1    1    1    1    1    1  3.74032E+11 0.03485 
   27   27    1    1    1    1    1    1    1    1  7.56108E+11 0.02962 
   28   28    1    1    1    1    1    1    1    1  1.55390E+12 0.01546 
   29   29    1    1    1    1    1    1    1    1  2.20076E+12 0.01634 
   30   30    1    1    1    1    1    1    1    1  6.39985E+12 0.01316 
   31   31    1    1    1    1    1    1    1    1  1.68314E+13 0.00870 
   32   32    1    1    1    1    1    1    1    1  2.77721E+13 0.00605 
   33   33    1    1    1    1    1    1    1    1  5.65313E+13 0.00516 
   34   34    1    1    1    1    1    1    1    1  6.86371E+13 0.00348 
   35   35    1    1    1    1    1    1    1    1  9.91366E+13 0.00257 
   36   36    1    1    1    1    1    1    1    1  7.34835E+13 0.00204 
   37   37    1    1    1    1    1    1    1    1  2.33440E+13 0.00263 
   38   38    1    1    1    1    1    1    1    1  1.17975E+14 0.00245 
   39   39    1    1    1    1    1    1    1    1  1.50728E+14 0.00188 
   40   40    1    1    1    1    1    1    1    1  2.49634E+14 0.00198 
   41   41    1    1    1    1    1    1    1    1  2.49918E+14 0.00178 
   42   42    1    1    1    1    1    1    1    1  4.76184E+14 0.00223 
   43   43    1    1    1    1    1    1    1    1  5.37942E+14 0.00177 
   44   44    1    1    1    1    1    1    1    1  7.19899E+14 0.00246 
   45   45    1    1    1    1    1    1    1    1  1.31660E+15 0.00226 
   46   46    1    1    1    1    1    1    1    1  6.50466E+14 0.00233 
   47   47    1    1    1    1    1    1    1    1  9.92147E+14 0.00242 
   48   48    1    1    1    1    1    1    1    1  1.36721E+15 0.00232 
   49   49    1    1    1    1    1    1    1    1  1.29127E+15 0.00243 
   50   50    1    1    1    1    1    1    1    1  1.95463E+15 0.00223 
   51   51    1    1    1    1    1    1    1    1  1.55737E+15 0.00227 
   52   52    1    1    1    1    1    1    1    1  1.75958E+15 0.00207 
   53   53    1    1    1    1    1    1    1    1  1.23824E+15 0.00209 
   54   54    1    1    1    1    1    1    1    1  1.47540E+15 0.00211 
   55   55    1    1    1    1    1    1    1    1  1.03056E+15 0.00230 
   56   56    1    1    1    1    1    1    1    1  1.41763E+14 0.00262 
   57   57    1    1    1    1    1    1    1    1  2.01625E+15 0.00231 
   58   58    1    1    1    1    1    1    1    1  8.63778E+14 0.00231 
   59   59    1    1    1    1    1    1    1    1  9.33438E+14 0.00233 
   60   60    1    1    1    1    1    1    1    1  7.14552E+14 0.00237 
   61   61    1    1    1    1    1    1    1    1  7.14953E+14 0.00219 
   62   62    1    1    1    1    1    1    1    1  7.25690E+14 0.00247 
   63   63    1    1    1    1    1    1    1    1  6.02057E+14 0.00273 
   64   64    1    1    1    1    1    1    1    1  4.74336E+14 0.00259 
   65   65    1    1    1    1    1    1    1    1  4.67919E+14 0.00284 
   66   66    1    1    1    1    1    1    1    1  3.51887E+14 0.00306 
   67   67    1    1    1    1    1    1    1    1  2.89751E+14 0.00368 
   68   68    1    1    1    1    1    1    1    1  2.59030E+14 0.00336 
   69   69    1    1    1    1    1    1    1    1  3.12276E+14 0.00304 
   70   70    1    1    1    1    1    1    1    1  2.66794E+14 0.00332 
   71   71    1    1    1    1    1    1    1    1  4.99012E+14 0.00272 
   72   72    1    1    1    1    1    1    1    1  3.58510E+14 0.00266 
   73   73    1    1    1    1    1    1    1    1  2.71514E+14 0.00306 
   74   74    1    1    1    1    1    1    1    1  2.14748E+14 0.00253 
   75   75    1    1    1    1    1    1    1    1  1.73672E+14 0.00450 
   76   76    1    1    1    1    1    1    1    1  1.96830E+14 0.00339 
   77   77    1    1    1    1    1    1    1    1  1.52101E+14 0.00363 
   78   78    1    1    1    1    1    1    1    1  1.16824E+14 0.00381 
   79   79    1    1    1    1    1    1    1    1  1.20086E+14 0.00362 
   80   80    1    1    1    1    1    1    1    1  8.84000E+13 0.00365 
   81   81    1    1    1    1    1    1    1    1  6.78837E+13 0.00343 
   82   82    1    1    1    1    1    1    1    1  5.21683E+13 0.00511 
   83   83    1    1    1    1    1    1    1    1  4.84724E+13 0.00506 
   84   84    1    1    1    1    1    1    1    1  3.47889E+13 0.00469 
   85   85    1    1    1    1    1    1    1    1  2.53347E+13 0.00371 
   86   86    1    1    1    1    1    1    1    1  2.32289E+13 0.00546 
   87   87    1    1    1    1    1    1    1    1  1.45853E+13 0.00529 
   88   88    1    1    1    1    1    1    1    1  1.01136E+13 0.00722 
   89   89    1    1    1    1    1    1    1    1  5.83019E+12 0.01371 
   90   90    1    1    1    1    1    1    1    1  3.78848E+12 0.01439 
   91   91    1    1    1    1    1    1    1    1  1.89462E+12 0.02527 
   92   92    1    1    1    1    1    1    1    1  9.42160E+11 0.03087 
   93   93    1    1    1    1    1    1    1    1  4.86540E+11 0.03499 
   94   94    1    1    1    1    1    1    1    1  2.03827E+11 0.06038 
   95   95    1    1    1    1    1    1    1    1  1.00922E+11 0.09224 
   96   96    1    1    1    1    1    1    1    1  5.86894E+10 0.11688 
   97   97    1    1    1    1    1    1    1    1  3.35318E+10 0.17094 
   98   98    1    1    1    1    1    1    1    1  9.49727E+09 0.19164 
   99   99    1    1    1    1    1    1    1    1  2.67624E+09 0.37523 
  100  100    1    1    1    1    1    1    1    1  4.27285E+09 0.44603 
];


