
DETdpaspec = [
    1    1    1    1    1    1    1    1    1    1  0.00000E+00 0.00000 
    2    2    1    1    1    1    1    1    1    1  0.00000E+00 0.00000 
    3    3    1    1    1    1    1    1    1    1  0.00000E+00 0.00000 
    4    4    1    1    1    1    1    1    1    1  0.00000E+00 0.00000 
    5    5    1    1    1    1    1    1    1    1  0.00000E+00 0.00000 
    6    6    1    1    1    1    1    1    1    1  0.00000E+00 0.00000 
    7    7    1    1    1    1    1    1    1    1  0.00000E+00 0.00000 
    8    8    1    1    1    1    1    1    1    1  2.28369E+07 1.00000 
    9    9    1    1    1    1    1    1    1    1  1.75996E+07 1.00000 
   10   10    1    1    1    1    1    1    1    1  1.71218E+08 0.74267 
   11   11    1    1    1    1    1    1    1    1  3.56666E+08 0.58526 
   12   12    1    1    1    1    1    1    1    1  6.30961E+07 0.68923 
   13   13    1    1    1    1    1    1    1    1  1.27298E+09 0.49756 
   14   14    1    1    1    1    1    1    1    1  1.09398E+09 0.47834 
   15   15    1    1    1    1    1    1    1    1  3.27381E+09 0.34856 
   16   16    1    1    1    1    1    1    1    1  2.71344E+09 0.23003 
   17   17    1    1    1    1    1    1    1    1  2.27188E+09 0.23608 
   18   18    1    1    1    1    1    1    1    1  8.65754E+09 0.18021 
   19   19    1    1    1    1    1    1    1    1  1.17172E+10 0.17379 
   20   20    1    1    1    1    1    1    1    1  3.72766E+10 0.14935 
   21   21    1    1    1    1    1    1    1    1  2.93346E+10 0.11930 
   22   22    1    1    1    1    1    1    1    1  7.78822E+10 0.08761 
   23   23    1    1    1    1    1    1    1    1  1.11536E+11 0.07135 
   24   24    1    1    1    1    1    1    1    1  1.36545E+11 0.06229 
   25   25    1    1    1    1    1    1    1    1  2.07088E+11 0.05161 
   26   26    1    1    1    1    1    1    1    1  3.61913E+11 0.04711 
   27   27    1    1    1    1    1    1    1    1  7.41826E+11 0.03380 
   28   28    1    1    1    1    1    1    1    1  1.54349E+12 0.02439 
   29   29    1    1    1    1    1    1    1    1  2.12696E+12 0.01523 
   30   30    1    1    1    1    1    1    1    1  6.31973E+12 0.01103 
   31   31    1    1    1    1    1    1    1    1  1.64423E+13 0.00705 
   32   32    1    1    1    1    1    1    1    1  2.71130E+13 0.00453 
   33   33    1    1    1    1    1    1    1    1  5.55771E+13 0.00420 
   34   34    1    1    1    1    1    1    1    1  6.76402E+13 0.00356 
   35   35    1    1    1    1    1    1    1    1  9.79787E+13 0.00328 
   36   36    1    1    1    1    1    1    1    1  7.28568E+13 0.00328 
   37   37    1    1    1    1    1    1    1    1  2.31743E+13 0.00258 
   38   38    1    1    1    1    1    1    1    1  1.16759E+14 0.00286 
   39   39    1    1    1    1    1    1    1    1  1.49460E+14 0.00297 
   40   40    1    1    1    1    1    1    1    1  2.46450E+14 0.00269 
   41   41    1    1    1    1    1    1    1    1  2.46679E+14 0.00252 
   42   42    1    1    1    1    1    1    1    1  4.68762E+14 0.00247 
   43   43    1    1    1    1    1    1    1    1  5.29796E+14 0.00239 
   44   44    1    1    1    1    1    1    1    1  7.10002E+14 0.00253 
   45   45    1    1    1    1    1    1    1    1  1.29991E+15 0.00246 
   46   46    1    1    1    1    1    1    1    1  6.42718E+14 0.00229 
   47   47    1    1    1    1    1    1    1    1  9.80485E+14 0.00239 
   48   48    1    1    1    1    1    1    1    1  1.34990E+15 0.00248 
   49   49    1    1    1    1    1    1    1    1  1.27473E+15 0.00272 
   50   50    1    1    1    1    1    1    1    1  1.92373E+15 0.00289 
   51   51    1    1    1    1    1    1    1    1  1.53342E+15 0.00284 
   52   52    1    1    1    1    1    1    1    1  1.73640E+15 0.00265 
   53   53    1    1    1    1    1    1    1    1  1.22015E+15 0.00256 
   54   54    1    1    1    1    1    1    1    1  1.45272E+15 0.00275 
   55   55    1    1    1    1    1    1    1    1  1.01492E+15 0.00249 
   56   56    1    1    1    1    1    1    1    1  1.39561E+14 0.00256 
   57   57    1    1    1    1    1    1    1    1  1.98903E+15 0.00240 
   58   58    1    1    1    1    1    1    1    1  8.51267E+14 0.00246 
   59   59    1    1    1    1    1    1    1    1  9.18735E+14 0.00282 
   60   60    1    1    1    1    1    1    1    1  7.04480E+14 0.00306 
   61   61    1    1    1    1    1    1    1    1  7.04977E+14 0.00292 
   62   62    1    1    1    1    1    1    1    1  7.17153E+14 0.00250 
   63   63    1    1    1    1    1    1    1    1  5.94634E+14 0.00273 
   64   64    1    1    1    1    1    1    1    1  4.69082E+14 0.00254 
   65   65    1    1    1    1    1    1    1    1  4.60942E+14 0.00294 
   66   66    1    1    1    1    1    1    1    1  3.47787E+14 0.00321 
   67   67    1    1    1    1    1    1    1    1  2.86654E+14 0.00307 
   68   68    1    1    1    1    1    1    1    1  2.55433E+14 0.00252 
   69   69    1    1    1    1    1    1    1    1  3.08514E+14 0.00295 
   70   70    1    1    1    1    1    1    1    1  2.63530E+14 0.00272 
   71   71    1    1    1    1    1    1    1    1  4.92006E+14 0.00274 
   72   72    1    1    1    1    1    1    1    1  3.53585E+14 0.00324 
   73   73    1    1    1    1    1    1    1    1  2.68011E+14 0.00313 
   74   74    1    1    1    1    1    1    1    1  2.12501E+14 0.00413 
   75   75    1    1    1    1    1    1    1    1  1.71264E+14 0.00448 
   76   76    1    1    1    1    1    1    1    1  1.94519E+14 0.00425 
   77   77    1    1    1    1    1    1    1    1  1.49669E+14 0.00306 
   78   78    1    1    1    1    1    1    1    1  1.16005E+14 0.00436 
   79   79    1    1    1    1    1    1    1    1  1.18077E+14 0.00405 
   80   80    1    1    1    1    1    1    1    1  8.71095E+13 0.00434 
   81   81    1    1    1    1    1    1    1    1  6.67012E+13 0.00509 
   82   82    1    1    1    1    1    1    1    1  5.15373E+13 0.00577 
   83   83    1    1    1    1    1    1    1    1  4.77462E+13 0.00475 
   84   84    1    1    1    1    1    1    1    1  3.45178E+13 0.00600 
   85   85    1    1    1    1    1    1    1    1  2.49719E+13 0.00760 
   86   86    1    1    1    1    1    1    1    1  2.31144E+13 0.00682 
   87   87    1    1    1    1    1    1    1    1  1.45441E+13 0.00715 
   88   88    1    1    1    1    1    1    1    1  9.69151E+12 0.00720 
   89   89    1    1    1    1    1    1    1    1  5.64851E+12 0.00878 
   90   90    1    1    1    1    1    1    1    1  3.78002E+12 0.01478 
   91   91    1    1    1    1    1    1    1    1  1.96737E+12 0.01982 
   92   92    1    1    1    1    1    1    1    1  9.04219E+11 0.02756 
   93   93    1    1    1    1    1    1    1    1  4.79632E+11 0.04438 
   94   94    1    1    1    1    1    1    1    1  2.20403E+11 0.07451 
   95   95    1    1    1    1    1    1    1    1  9.18741E+10 0.09823 
   96   96    1    1    1    1    1    1    1    1  5.36737E+10 0.11651 
   97   97    1    1    1    1    1    1    1    1  2.87242E+10 0.14534 
   98   98    1    1    1    1    1    1    1    1  1.03566E+10 0.29544 
   99   99    1    1    1    1    1    1    1    1  4.95375E+09 0.33773 
  100  100    1    1    1    1    1    1    1    1  3.90831E+09 0.41859 
];


