
DETdpaspec = [
    1    1    1    1    1    1    1    1    1    1  0.00000E+00 0.00000 
    2    2    1    1    1    1    1    1    1    1  0.00000E+00 0.00000 
    3    3    1    1    1    1    1    1    1    1  0.00000E+00 0.00000 
    4    4    1    1    1    1    1    1    1    1  0.00000E+00 0.00000 
    5    5    1    1    1    1    1    1    1    1  1.13481E+07 1.00000 
    6    6    1    1    1    1    1    1    1    1  1.03199E+07 1.00000 
    7    7    1    1    1    1    1    1    1    1  0.00000E+00 0.00000 
    8    8    1    1    1    1    1    1    1    1  3.82186E+07 0.69731 
    9    9    1    1    1    1    1    1    1    1  1.09824E+07 1.00000 
   10   10    1    1    1    1    1    1    1    1  4.32347E+07 1.00000 
   11   11    1    1    1    1    1    1    1    1  4.17367E+08 0.47157 
   12   12    1    1    1    1    1    1    1    1  2.61018E+07 1.00000 
   13   13    1    1    1    1    1    1    1    1  1.45599E+09 0.50301 
   14   14    1    1    1    1    1    1    1    1  4.36782E+09 0.36695 
   15   15    1    1    1    1    1    1    1    1  5.82264E+09 0.40727 
   16   16    1    1    1    1    1    1    1    1  1.13297E+09 0.33799 
   17   17    1    1    1    1    1    1    1    1  3.90805E+09 0.18769 
   18   18    1    1    1    1    1    1    1    1  1.33161E+10 0.19057 
   19   19    1    1    1    1    1    1    1    1  1.55014E+10 0.13151 
   20   20    1    1    1    1    1    1    1    1  4.83904E+10 0.11351 
   21   21    1    1    1    1    1    1    1    1  3.49926E+10 0.10222 
   22   22    1    1    1    1    1    1    1    1  9.16638E+10 0.07491 
   23   23    1    1    1    1    1    1    1    1  1.26579E+11 0.05476 
   24   24    1    1    1    1    1    1    1    1  2.16136E+11 0.04474 
   25   25    1    1    1    1    1    1    1    1  2.58570E+11 0.05506 
   26   26    1    1    1    1    1    1    1    1  4.83416E+11 0.03970 
   27   27    1    1    1    1    1    1    1    1  1.01110E+12 0.02917 
   28   28    1    1    1    1    1    1    1    1  2.17210E+12 0.02024 
   29   29    1    1    1    1    1    1    1    1  3.01062E+12 0.01281 
   30   30    1    1    1    1    1    1    1    1  8.66029E+12 0.00698 
   31   31    1    1    1    1    1    1    1    1  2.27898E+13 0.00476 
   32   32    1    1    1    1    1    1    1    1  3.74620E+13 0.00372 
   33   33    1    1    1    1    1    1    1    1  7.83663E+13 0.00332 
   34   34    1    1    1    1    1    1    1    1  9.61995E+13 0.00261 
   35   35    1    1    1    1    1    1    1    1  1.38866E+14 0.00221 
   36   36    1    1    1    1    1    1    1    1  1.03143E+14 0.00224 
   37   37    1    1    1    1    1    1    1    1  3.26221E+13 0.00208 
   38   38    1    1    1    1    1    1    1    1  1.66521E+14 0.00197 
   39   39    1    1    1    1    1    1    1    1  2.13906E+14 0.00240 
   40   40    1    1    1    1    1    1    1    1  3.55646E+14 0.00211 
   41   41    1    1    1    1    1    1    1    1  3.55158E+14 0.00225 
   42   42    1    1    1    1    1    1    1    1  6.80871E+14 0.00196 
   43   43    1    1    1    1    1    1    1    1  7.73863E+14 0.00211 
   44   44    1    1    1    1    1    1    1    1  1.04006E+15 0.00197 
   45   45    1    1    1    1    1    1    1    1  1.91760E+15 0.00176 
   46   46    1    1    1    1    1    1    1    1  9.52748E+14 0.00212 
   47   47    1    1    1    1    1    1    1    1  1.45432E+15 0.00183 
   48   48    1    1    1    1    1    1    1    1  2.01407E+15 0.00180 
   49   49    1    1    1    1    1    1    1    1  1.90147E+15 0.00178 
   50   50    1    1    1    1    1    1    1    1  2.89247E+15 0.00180 
   51   51    1    1    1    1    1    1    1    1  2.30596E+15 0.00189 
   52   52    1    1    1    1    1    1    1    1  2.62336E+15 0.00175 
   53   53    1    1    1    1    1    1    1    1  1.84561E+15 0.00181 
   54   54    1    1    1    1    1    1    1    1  2.21079E+15 0.00188 
   55   55    1    1    1    1    1    1    1    1  1.54653E+15 0.00193 
   56   56    1    1    1    1    1    1    1    1  2.12902E+14 0.00244 
   57   57    1    1    1    1    1    1    1    1  3.03034E+15 0.00205 
   58   58    1    1    1    1    1    1    1    1  1.30582E+15 0.00193 
   59   59    1    1    1    1    1    1    1    1  1.41094E+15 0.00198 
   60   60    1    1    1    1    1    1    1    1  1.08788E+15 0.00210 
   61   61    1    1    1    1    1    1    1    1  1.08995E+15 0.00214 
   62   62    1    1    1    1    1    1    1    1  1.10884E+15 0.00216 
   63   63    1    1    1    1    1    1    1    1  9.21034E+14 0.00215 
   64   64    1    1    1    1    1    1    1    1  7.27223E+14 0.00237 
   65   65    1    1    1    1    1    1    1    1  7.17628E+14 0.00266 
   66   66    1    1    1    1    1    1    1    1  5.41002E+14 0.00240 
   67   67    1    1    1    1    1    1    1    1  4.45240E+14 0.00239 
   68   68    1    1    1    1    1    1    1    1  3.97529E+14 0.00234 
   69   69    1    1    1    1    1    1    1    1  4.79139E+14 0.00261 
   70   70    1    1    1    1    1    1    1    1  4.09707E+14 0.00283 
   71   71    1    1    1    1    1    1    1    1  7.66552E+14 0.00232 
   72   72    1    1    1    1    1    1    1    1  5.49807E+14 0.00238 
   73   73    1    1    1    1    1    1    1    1  4.18417E+14 0.00260 
   74   74    1    1    1    1    1    1    1    1  3.30830E+14 0.00238 
   75   75    1    1    1    1    1    1    1    1  2.69351E+14 0.00268 
   76   76    1    1    1    1    1    1    1    1  3.06133E+14 0.00242 
   77   77    1    1    1    1    1    1    1    1  2.36368E+14 0.00277 
   78   78    1    1    1    1    1    1    1    1  1.83345E+14 0.00335 
   79   79    1    1    1    1    1    1    1    1  1.87628E+14 0.00308 
   80   80    1    1    1    1    1    1    1    1  1.38154E+14 0.00363 
   81   81    1    1    1    1    1    1    1    1  1.06667E+14 0.00310 
   82   82    1    1    1    1    1    1    1    1  8.13547E+13 0.00273 
   83   83    1    1    1    1    1    1    1    1  7.62051E+13 0.00282 
   84   84    1    1    1    1    1    1    1    1  5.47854E+13 0.00400 
   85   85    1    1    1    1    1    1    1    1  3.95201E+13 0.00488 
   86   86    1    1    1    1    1    1    1    1  3.72241E+13 0.00519 
   87   87    1    1    1    1    1    1    1    1  2.29550E+13 0.00619 
   88   88    1    1    1    1    1    1    1    1  1.54757E+13 0.00790 
   89   89    1    1    1    1    1    1    1    1  8.93623E+12 0.01100 
   90   90    1    1    1    1    1    1    1    1  6.00200E+12 0.00760 
   91   91    1    1    1    1    1    1    1    1  3.02600E+12 0.01271 
   92   92    1    1    1    1    1    1    1    1  1.40858E+12 0.03282 
   93   93    1    1    1    1    1    1    1    1  7.12537E+11 0.04063 
   94   94    1    1    1    1    1    1    1    1  3.29920E+11 0.05147 
   95   95    1    1    1    1    1    1    1    1  1.75603E+11 0.06589 
   96   96    1    1    1    1    1    1    1    1  8.03886E+10 0.11588 
   97   97    1    1    1    1    1    1    1    1  4.50718E+10 0.16318 
   98   98    1    1    1    1    1    1    1    1  1.28786E+10 0.23125 
   99   99    1    1    1    1    1    1    1    1  7.99660E+09 0.54464 
  100  100    1    1    1    1    1    1    1    1  9.80287E+09 0.37839 
];


