
DETdpaspec = [
    1    1    1    1    1    1    1    1    1    1  0.00000E+00 0.00000 
    2    2    1    1    1    1    1    1    1    1  0.00000E+00 0.00000 
    3    3    1    1    1    1    1    1    1    1  0.00000E+00 0.00000 
    4    4    1    1    1    1    1    1    1    1  0.00000E+00 0.00000 
    5    5    1    1    1    1    1    1    1    1  1.12844E+07 1.00000 
    6    6    1    1    1    1    1    1    1    1  0.00000E+00 0.00000 
    7    7    1    1    1    1    1    1    1    1  0.00000E+00 0.00000 
    8    8    1    1    1    1    1    1    1    1  0.00000E+00 0.00000 
    9    9    1    1    1    1    1    1    1    1  2.08149E+07 1.00000 
   10   10    1    1    1    1    1    1    1    1  5.72439E+07 1.00000 
   11   11    1    1    1    1    1    1    1    1  5.63264E+07 1.00000 
   12   12    1    1    1    1    1    1    1    1  5.86992E+07 0.69590 
   13   13    1    1    1    1    1    1    1    1  1.80537E+09 0.60421 
   14   14    1    1    1    1    1    1    1    1  3.20593E+09 0.49845 
   15   15    1    1    1    1    1    1    1    1  6.42094E+09 0.31941 
   16   16    1    1    1    1    1    1    1    1  8.86643E+08 0.46717 
   17   17    1    1    1    1    1    1    1    1  2.66770E+09 0.38920 
   18   18    1    1    1    1    1    1    1    1  1.05496E+10 0.24325 
   19   19    1    1    1    1    1    1    1    1  1.20177E+10 0.18982 
   20   20    1    1    1    1    1    1    1    1  3.16307E+10 0.10872 
   21   21    1    1    1    1    1    1    1    1  2.57970E+10 0.09651 
   22   22    1    1    1    1    1    1    1    1  7.53339E+10 0.10287 
   23   23    1    1    1    1    1    1    1    1  1.03660E+11 0.05899 
   24   24    1    1    1    1    1    1    1    1  1.73878E+11 0.04509 
   25   25    1    1    1    1    1    1    1    1  2.16405E+11 0.04217 
   26   26    1    1    1    1    1    1    1    1  3.64857E+11 0.02226 
   27   27    1    1    1    1    1    1    1    1  7.68385E+11 0.03034 
   28   28    1    1    1    1    1    1    1    1  1.51306E+12 0.02036 
   29   29    1    1    1    1    1    1    1    1  2.20344E+12 0.01205 
   30   30    1    1    1    1    1    1    1    1  6.46140E+12 0.01187 
   31   31    1    1    1    1    1    1    1    1  1.70233E+13 0.00691 
   32   32    1    1    1    1    1    1    1    1  2.79358E+13 0.00627 
   33   33    1    1    1    1    1    1    1    1  5.71457E+13 0.00452 
   34   34    1    1    1    1    1    1    1    1  6.92442E+13 0.00387 
   35   35    1    1    1    1    1    1    1    1  1.00219E+14 0.00292 
   36   36    1    1    1    1    1    1    1    1  7.42830E+13 0.00342 
   37   37    1    1    1    1    1    1    1    1  2.35635E+13 0.00228 
   38   38    1    1    1    1    1    1    1    1  1.19243E+14 0.00238 
   39   39    1    1    1    1    1    1    1    1  1.52404E+14 0.00177 
   40   40    1    1    1    1    1    1    1    1  2.51596E+14 0.00232 
   41   41    1    1    1    1    1    1    1    1  2.51887E+14 0.00238 
   42   42    1    1    1    1    1    1    1    1  4.78278E+14 0.00270 
   43   43    1    1    1    1    1    1    1    1  5.41485E+14 0.00199 
   44   44    1    1    1    1    1    1    1    1  7.24810E+14 0.00238 
   45   45    1    1    1    1    1    1    1    1  1.32229E+15 0.00206 
   46   46    1    1    1    1    1    1    1    1  6.55260E+14 0.00233 
   47   47    1    1    1    1    1    1    1    1  9.98978E+14 0.00250 
   48   48    1    1    1    1    1    1    1    1  1.37702E+15 0.00236 
   49   49    1    1    1    1    1    1    1    1  1.29922E+15 0.00211 
   50   50    1    1    1    1    1    1    1    1  1.96471E+15 0.00228 
   51   51    1    1    1    1    1    1    1    1  1.56462E+15 0.00234 
   52   52    1    1    1    1    1    1    1    1  1.77152E+15 0.00268 
   53   53    1    1    1    1    1    1    1    1  1.24543E+15 0.00255 
   54   54    1    1    1    1    1    1    1    1  1.48298E+15 0.00254 
   55   55    1    1    1    1    1    1    1    1  1.03595E+15 0.00243 
   56   56    1    1    1    1    1    1    1    1  1.42614E+14 0.00272 
   57   57    1    1    1    1    1    1    1    1  2.02866E+15 0.00245 
   58   58    1    1    1    1    1    1    1    1  8.70221E+14 0.00283 
   59   59    1    1    1    1    1    1    1    1  9.39854E+14 0.00246 
   60   60    1    1    1    1    1    1    1    1  7.20746E+14 0.00225 
   61   61    1    1    1    1    1    1    1    1  7.20333E+14 0.00254 
   62   62    1    1    1    1    1    1    1    1  7.31964E+14 0.00263 
   63   63    1    1    1    1    1    1    1    1  6.07667E+14 0.00310 
   64   64    1    1    1    1    1    1    1    1  4.78576E+14 0.00316 
   65   65    1    1    1    1    1    1    1    1  4.70765E+14 0.00323 
   66   66    1    1    1    1    1    1    1    1  3.55300E+14 0.00298 
   67   67    1    1    1    1    1    1    1    1  2.92147E+14 0.00359 
   68   68    1    1    1    1    1    1    1    1  2.60981E+14 0.00269 
   69   69    1    1    1    1    1    1    1    1  3.15498E+14 0.00269 
   70   70    1    1    1    1    1    1    1    1  2.69644E+14 0.00307 
   71   71    1    1    1    1    1    1    1    1  5.03746E+14 0.00258 
   72   72    1    1    1    1    1    1    1    1  3.60972E+14 0.00273 
   73   73    1    1    1    1    1    1    1    1  2.73305E+14 0.00382 
   74   74    1    1    1    1    1    1    1    1  2.17032E+14 0.00328 
   75   75    1    1    1    1    1    1    1    1  1.74946E+14 0.00299 
   76   76    1    1    1    1    1    1    1    1  1.97841E+14 0.00318 
   77   77    1    1    1    1    1    1    1    1  1.53169E+14 0.00453 
   78   78    1    1    1    1    1    1    1    1  1.18415E+14 0.00354 
   79   79    1    1    1    1    1    1    1    1  1.20881E+14 0.00340 
   80   80    1    1    1    1    1    1    1    1  8.88055E+13 0.00350 
   81   81    1    1    1    1    1    1    1    1  6.85125E+13 0.00554 
   82   82    1    1    1    1    1    1    1    1  5.25546E+13 0.00482 
   83   83    1    1    1    1    1    1    1    1  4.89475E+13 0.00463 
   84   84    1    1    1    1    1    1    1    1  3.51802E+13 0.00602 
   85   85    1    1    1    1    1    1    1    1  2.54763E+13 0.00599 
   86   86    1    1    1    1    1    1    1    1  2.38068E+13 0.00712 
   87   87    1    1    1    1    1    1    1    1  1.47455E+13 0.00809 
   88   88    1    1    1    1    1    1    1    1  9.84775E+12 0.01235 
   89   89    1    1    1    1    1    1    1    1  5.79931E+12 0.01354 
   90   90    1    1    1    1    1    1    1    1  3.82069E+12 0.01315 
   91   91    1    1    1    1    1    1    1    1  1.89220E+12 0.01596 
   92   92    1    1    1    1    1    1    1    1  9.87561E+11 0.02777 
   93   93    1    1    1    1    1    1    1    1  4.64670E+11 0.04852 
   94   94    1    1    1    1    1    1    1    1  2.18792E+11 0.05180 
   95   95    1    1    1    1    1    1    1    1  1.25647E+11 0.06788 
   96   96    1    1    1    1    1    1    1    1  5.52918E+10 0.08577 
   97   97    1    1    1    1    1    1    1    1  2.38538E+10 0.19490 
   98   98    1    1    1    1    1    1    1    1  9.12446E+09 0.34532 
   99   99    1    1    1    1    1    1    1    1  3.09759E+09 0.49488 
  100  100    1    1    1    1    1    1    1    1  2.67997E+09 0.47457 
];


