
DETdpaspec = [
    1    1    1    1    1    1    1    1    1    1  0.00000E+00 0.00000 
    2    2    1    1    1    1    1    1    1    1  0.00000E+00 0.00000 
    3    3    1    1    1    1    1    1    1    1  0.00000E+00 0.00000 
    4    4    1    1    1    1    1    1    1    1  0.00000E+00 0.00000 
    5    5    1    1    1    1    1    1    1    1  0.00000E+00 0.00000 
    6    6    1    1    1    1    1    1    1    1  1.48204E+07 1.00000 
    7    7    1    1    1    1    1    1    1    1  0.00000E+00 0.00000 
    8    8    1    1    1    1    1    1    1    1  1.52278E+07 1.00000 
    9    9    1    1    1    1    1    1    1    1  0.00000E+00 0.00000 
   10   10    1    1    1    1    1    1    1    1  1.69406E+08 0.70659 
   11   11    1    1    1    1    1    1    1    1  3.46842E+08 0.63321 
   12   12    1    1    1    1    1    1    1    1  3.63931E+08 0.50172 
   13   13    1    1    1    1    1    1    1    1  2.11466E+09 0.52140 
   14   14    1    1    1    1    1    1    1    1  7.77691E+09 0.26085 
   15   15    1    1    1    1    1    1    1    1  1.02953E+10 0.23880 
   16   16    1    1    1    1    1    1    1    1  5.21431E+09 0.38404 
   17   17    1    1    1    1    1    1    1    1  7.91388E+09 0.16009 
   18   18    1    1    1    1    1    1    1    1  1.65097E+10 0.13872 
   19   19    1    1    1    1    1    1    1    1  1.87937E+10 0.15318 
   20   20    1    1    1    1    1    1    1    1  5.12712E+10 0.12860 
   21   21    1    1    1    1    1    1    1    1  4.95072E+10 0.11484 
   22   22    1    1    1    1    1    1    1    1  1.11075E+11 0.11042 
   23   23    1    1    1    1    1    1    1    1  1.65450E+11 0.06656 
   24   24    1    1    1    1    1    1    1    1  3.13168E+11 0.05857 
   25   25    1    1    1    1    1    1    1    1  4.27206E+11 0.03499 
   26   26    1    1    1    1    1    1    1    1  8.64551E+11 0.03618 
   27   27    1    1    1    1    1    1    1    1  1.95019E+12 0.02068 
   28   28    1    1    1    1    1    1    1    1  4.64889E+12 0.01496 
   29   29    1    1    1    1    1    1    1    1  7.74100E+12 0.00943 
   30   30    1    1    1    1    1    1    1    1  1.89140E+13 0.00687 
   31   31    1    1    1    1    1    1    1    1  5.02637E+13 0.00437 
   32   32    1    1    1    1    1    1    1    1  8.19039E+13 0.00270 
   33   33    1    1    1    1    1    1    1    1  1.74946E+14 0.00216 
   34   34    1    1    1    1    1    1    1    1  2.26239E+14 0.00150 
   35   35    1    1    1    1    1    1    1    1  2.96550E+14 0.00184 
   36   36    1    1    1    1    1    1    1    1  2.13781E+14 0.00152 
   37   37    1    1    1    1    1    1    1    1  6.53181E+13 0.00137 
   38   38    1    1    1    1    1    1    1    1  3.45100E+14 0.00138 
   39   39    1    1    1    1    1    1    1    1  4.44626E+14 0.00144 
   40   40    1    1    1    1    1    1    1    1  7.58327E+14 0.00110 
   41   41    1    1    1    1    1    1    1    1  7.36538E+14 0.00121 
   42   42    1    1    1    1    1    1    1    1  1.45610E+15 0.00117 
   43   43    1    1    1    1    1    1    1    1  1.67157E+15 0.00102 
   44   44    1    1    1    1    1    1    1    1  2.27251E+15 0.00066 
   45   45    1    1    1    1    1    1    1    1  4.31855E+15 0.00071 
   46   46    1    1    1    1    1    1    1    1  2.14788E+15 0.00091 
   47   47    1    1    1    1    1    1    1    1  3.25838E+15 0.00077 
   48   48    1    1    1    1    1    1    1    1  4.56152E+15 0.00076 
   49   49    1    1    1    1    1    1    1    1  4.29288E+15 0.00077 
   50   50    1    1    1    1    1    1    1    1  6.72875E+15 0.00067 
   51   51    1    1    1    1    1    1    1    1  5.30065E+15 0.00090 
   52   52    1    1    1    1    1    1    1    1  6.21061E+15 0.00070 
   53   53    1    1    1    1    1    1    1    1  4.37792E+15 0.00074 
   54   54    1    1    1    1    1    1    1    1  5.37931E+15 0.00075 
   55   55    1    1    1    1    1    1    1    1  3.75962E+15 0.00097 
   56   56    1    1    1    1    1    1    1    1  5.14648E+14 0.00104 
   57   57    1    1    1    1    1    1    1    1  7.39365E+15 0.00081 
   58   58    1    1    1    1    1    1    1    1  3.30503E+15 0.00077 
   59   59    1    1    1    1    1    1    1    1  3.55349E+15 0.00099 
   60   60    1    1    1    1    1    1    1    1  2.81129E+15 0.00082 
   61   61    1    1    1    1    1    1    1    1  2.80982E+15 0.00102 
   62   62    1    1    1    1    1    1    1    1  2.88019E+15 0.00101 
   63   63    1    1    1    1    1    1    1    1  2.42042E+15 0.00088 
   64   64    1    1    1    1    1    1    1    1  1.91839E+15 0.00081 
   65   65    1    1    1    1    1    1    1    1  1.90034E+15 0.00095 
   66   66    1    1    1    1    1    1    1    1  1.44129E+15 0.00128 
   67   67    1    1    1    1    1    1    1    1  1.17918E+15 0.00110 
   68   68    1    1    1    1    1    1    1    1  1.04911E+15 0.00111 
   69   69    1    1    1    1    1    1    1    1  1.26841E+15 0.00111 
   70   70    1    1    1    1    1    1    1    1  1.08396E+15 0.00099 
   71   71    1    1    1    1    1    1    1    1  1.99063E+15 0.00131 
   72   72    1    1    1    1    1    1    1    1  1.42702E+15 0.00081 
   73   73    1    1    1    1    1    1    1    1  1.08983E+15 0.00124 
   74   74    1    1    1    1    1    1    1    1  8.82500E+14 0.00125 
   75   75    1    1    1    1    1    1    1    1  7.30438E+14 0.00131 
   76   76    1    1    1    1    1    1    1    1  8.43748E+14 0.00101 
   77   77    1    1    1    1    1    1    1    1  6.66066E+14 0.00133 
   78   78    1    1    1    1    1    1    1    1  5.24614E+14 0.00177 
   79   79    1    1    1    1    1    1    1    1  5.42249E+14 0.00142 
   80   80    1    1    1    1    1    1    1    1  4.04041E+14 0.00162 
   81   81    1    1    1    1    1    1    1    1  3.11849E+14 0.00208 
   82   82    1    1    1    1    1    1    1    1  2.40804E+14 0.00212 
   83   83    1    1    1    1    1    1    1    1  2.24607E+14 0.00233 
   84   84    1    1    1    1    1    1    1    1  1.61408E+14 0.00221 
   85   85    1    1    1    1    1    1    1    1  1.16044E+14 0.00252 
   86   86    1    1    1    1    1    1    1    1  1.09239E+14 0.00323 
   87   87    1    1    1    1    1    1    1    1  6.76633E+13 0.00267 
   88   88    1    1    1    1    1    1    1    1  4.55840E+13 0.00425 
   89   89    1    1    1    1    1    1    1    1  2.59310E+13 0.00523 
   90   90    1    1    1    1    1    1    1    1  1.70279E+13 0.00809 
   91   91    1    1    1    1    1    1    1    1  8.55003E+12 0.01142 
   92   92    1    1    1    1    1    1    1    1  4.20102E+12 0.01224 
   93   93    1    1    1    1    1    1    1    1  1.94547E+12 0.02247 
   94   94    1    1    1    1    1    1    1    1  1.02457E+12 0.02461 
   95   95    1    1    1    1    1    1    1    1  4.78391E+11 0.05025 
   96   96    1    1    1    1    1    1    1    1  2.18796E+11 0.06645 
   97   97    1    1    1    1    1    1    1    1  1.10036E+11 0.06655 
   98   98    1    1    1    1    1    1    1    1  5.76545E+10 0.15060 
   99   99    1    1    1    1    1    1    1    1  2.93532E+10 0.12304 
  100  100    1    1    1    1    1    1    1    1  2.02246E+10 0.15936 
];


