
DETdpaspec = [
    1    1    1    1    1    1    1    1    1    1  0.00000E+00 0.00000 
    2    2    1    1    1    1    1    1    1    1  0.00000E+00 0.00000 
    3    3    1    1    1    1    1    1    1    1  0.00000E+00 0.00000 
    4    4    1    1    1    1    1    1    1    1  0.00000E+00 0.00000 
    5    5    1    1    1    1    1    1    1    1  1.17933E+07 1.00000 
    6    6    1    1    1    1    1    1    1    1  0.00000E+00 0.00000 
    7    7    1    1    1    1    1    1    1    1  0.00000E+00 0.00000 
    8    8    1    1    1    1    1    1    1    1  0.00000E+00 0.00000 
    9    9    1    1    1    1    1    1    1    1  2.21938E+07 0.68827 
   10   10    1    1    1    1    1    1    1    1  0.00000E+00 0.00000 
   11   11    1    1    1    1    1    1    1    1  6.10621E+08 0.56464 
   12   12    1    1    1    1    1    1    1    1  1.04062E+08 0.76768 
   13   13    1    1    1    1    1    1    1    1  2.90618E+09 0.49994 
   14   14    1    1    1    1    1    1    1    1  8.04986E+08 0.60077 
   15   15    1    1    1    1    1    1    1    1  1.76392E+09 0.48691 
   16   16    1    1    1    1    1    1    1    1  1.92629E+09 0.27329 
   17   17    1    1    1    1    1    1    1    1  3.22491E+09 0.30249 
   18   18    1    1    1    1    1    1    1    1  8.27040E+09 0.17717 
   19   19    1    1    1    1    1    1    1    1  1.25441E+10 0.16411 
   20   20    1    1    1    1    1    1    1    1  3.87581E+10 0.12126 
   21   21    1    1    1    1    1    1    1    1  3.71764E+10 0.12324 
   22   22    1    1    1    1    1    1    1    1  7.99749E+10 0.07709 
   23   23    1    1    1    1    1    1    1    1  1.19735E+11 0.06612 
   24   24    1    1    1    1    1    1    1    1  1.80794E+11 0.04936 
   25   25    1    1    1    1    1    1    1    1  2.27198E+11 0.05207 
   26   26    1    1    1    1    1    1    1    1  4.16671E+11 0.03276 
   27   27    1    1    1    1    1    1    1    1  8.27686E+11 0.02830 
   28   28    1    1    1    1    1    1    1    1  1.62192E+12 0.01422 
   29   29    1    1    1    1    1    1    1    1  2.28312E+12 0.01479 
   30   30    1    1    1    1    1    1    1    1  6.60057E+12 0.00820 
   31   31    1    1    1    1    1    1    1    1  1.80909E+13 0.00820 
   32   32    1    1    1    1    1    1    1    1  2.97492E+13 0.00645 
   33   33    1    1    1    1    1    1    1    1  6.12154E+13 0.00372 
   34   34    1    1    1    1    1    1    1    1  7.51590E+13 0.00368 
   35   35    1    1    1    1    1    1    1    1  1.08584E+14 0.00291 
   36   36    1    1    1    1    1    1    1    1  8.05464E+13 0.00315 
   37   37    1    1    1    1    1    1    1    1  2.55735E+13 0.00275 
   38   38    1    1    1    1    1    1    1    1  1.29456E+14 0.00278 
   39   39    1    1    1    1    1    1    1    1  1.66023E+14 0.00304 
   40   40    1    1    1    1    1    1    1    1  2.74296E+14 0.00269 
   41   41    1    1    1    1    1    1    1    1  2.73888E+14 0.00239 
   42   42    1    1    1    1    1    1    1    1  5.22790E+14 0.00260 
   43   43    1    1    1    1    1    1    1    1  5.91895E+14 0.00281 
   44   44    1    1    1    1    1    1    1    1  7.93345E+14 0.00244 
   45   45    1    1    1    1    1    1    1    1  1.45392E+15 0.00196 
   46   46    1    1    1    1    1    1    1    1  7.20173E+14 0.00205 
   47   47    1    1    1    1    1    1    1    1  1.09866E+15 0.00199 
   48   48    1    1    1    1    1    1    1    1  1.51684E+15 0.00205 
   49   49    1    1    1    1    1    1    1    1  1.43096E+15 0.00244 
   50   50    1    1    1    1    1    1    1    1  2.16573E+15 0.00235 
   51   51    1    1    1    1    1    1    1    1  1.72440E+15 0.00224 
   52   52    1    1    1    1    1    1    1    1  1.95247E+15 0.00228 
   53   53    1    1    1    1    1    1    1    1  1.37309E+15 0.00235 
   54   54    1    1    1    1    1    1    1    1  1.63421E+15 0.00211 
   55   55    1    1    1    1    1    1    1    1  1.14211E+15 0.00244 
   56   56    1    1    1    1    1    1    1    1  1.57387E+14 0.00281 
   57   57    1    1    1    1    1    1    1    1  2.23709E+15 0.00221 
   58   58    1    1    1    1    1    1    1    1  9.59959E+14 0.00222 
   59   59    1    1    1    1    1    1    1    1  1.03740E+15 0.00233 
   60   60    1    1    1    1    1    1    1    1  7.96226E+14 0.00230 
   61   61    1    1    1    1    1    1    1    1  7.96842E+14 0.00242 
   62   62    1    1    1    1    1    1    1    1  8.10130E+14 0.00235 
   63   63    1    1    1    1    1    1    1    1  6.72341E+14 0.00201 
   64   64    1    1    1    1    1    1    1    1  5.30432E+14 0.00217 
   65   65    1    1    1    1    1    1    1    1  5.22809E+14 0.00274 
   66   66    1    1    1    1    1    1    1    1  3.93979E+14 0.00227 
   67   67    1    1    1    1    1    1    1    1  3.24015E+14 0.00250 
   68   68    1    1    1    1    1    1    1    1  2.89903E+14 0.00260 
   69   69    1    1    1    1    1    1    1    1  3.48629E+14 0.00284 
   70   70    1    1    1    1    1    1    1    1  2.98790E+14 0.00209 
   71   71    1    1    1    1    1    1    1    1  5.58947E+14 0.00226 
   72   72    1    1    1    1    1    1    1    1  4.01862E+14 0.00199 
   73   73    1    1    1    1    1    1    1    1  3.03780E+14 0.00296 
   74   74    1    1    1    1    1    1    1    1  2.40170E+14 0.00361 
   75   75    1    1    1    1    1    1    1    1  1.95054E+14 0.00333 
   76   76    1    1    1    1    1    1    1    1  2.19641E+14 0.00216 
   77   77    1    1    1    1    1    1    1    1  1.70360E+14 0.00296 
   78   78    1    1    1    1    1    1    1    1  1.31155E+14 0.00364 
   79   79    1    1    1    1    1    1    1    1  1.34856E+14 0.00393 
   80   80    1    1    1    1    1    1    1    1  9.94667E+13 0.00312 
   81   81    1    1    1    1    1    1    1    1  7.66051E+13 0.00339 
   82   82    1    1    1    1    1    1    1    1  5.83878E+13 0.00401 
   83   83    1    1    1    1    1    1    1    1  5.49185E+13 0.00577 
   84   84    1    1    1    1    1    1    1    1  3.93615E+13 0.00479 
   85   85    1    1    1    1    1    1    1    1  2.84599E+13 0.00378 
   86   86    1    1    1    1    1    1    1    1  2.67275E+13 0.00583 
   87   87    1    1    1    1    1    1    1    1  1.66800E+13 0.00862 
   88   88    1    1    1    1    1    1    1    1  1.10481E+13 0.01117 
   89   89    1    1    1    1    1    1    1    1  6.49570E+12 0.01279 
   90   90    1    1    1    1    1    1    1    1  4.31525E+12 0.01316 
   91   91    1    1    1    1    1    1    1    1  2.19801E+12 0.02118 
   92   92    1    1    1    1    1    1    1    1  1.09934E+12 0.01734 
   93   93    1    1    1    1    1    1    1    1  5.38949E+11 0.03261 
   94   94    1    1    1    1    1    1    1    1  2.70790E+11 0.06189 
   95   95    1    1    1    1    1    1    1    1  1.31196E+11 0.07359 
   96   96    1    1    1    1    1    1    1    1  5.87823E+10 0.11858 
   97   97    1    1    1    1    1    1    1    1  2.00745E+10 0.23499 
   98   98    1    1    1    1    1    1    1    1  9.90558E+09 0.22978 
   99   99    1    1    1    1    1    1    1    1  4.19406E+09 0.51541 
  100  100    1    1    1    1    1    1    1    1  3.85351E+09 0.46850 
];


