
DETdpaspec = [
    1    1    1    1    1    1    1    1    1    1  0.00000E+00 0.00000 
    2    2    1    1    1    1    1    1    1    1  7.73166E+06 1.00000 
    3    3    1    1    1    1    1    1    1    1  0.00000E+00 0.00000 
    4    4    1    1    1    1    1    1    1    1  0.00000E+00 0.00000 
    5    5    1    1    1    1    1    1    1    1  0.00000E+00 0.00000 
    6    6    1    1    1    1    1    1    1    1  0.00000E+00 0.00000 
    7    7    1    1    1    1    1    1    1    1  0.00000E+00 0.00000 
    8    8    1    1    1    1    1    1    1    1  0.00000E+00 0.00000 
    9    9    1    1    1    1    1    1    1    1  1.30307E+07 1.00000 
   10   10    1    1    1    1    1    1    1    1  9.14212E+07 0.70292 
   11   11    1    1    1    1    1    1    1    1  4.59543E+08 0.54260 
   12   12    1    1    1    1    1    1    1    1  4.72783E+07 0.95700 
   13   13    1    1    1    1    1    1    1    1  5.37808E+08 0.64724 
   14   14    1    1    1    1    1    1    1    1  4.37058E+09 0.44267 
   15   15    1    1    1    1    1    1    1    1  1.20150E+10 0.27035 
   16   16    1    1    1    1    1    1    1    1  2.87054E+09 0.25514 
   17   17    1    1    1    1    1    1    1    1  6.06358E+09 0.19081 
   18   18    1    1    1    1    1    1    1    1  1.50705E+10 0.15872 
   19   19    1    1    1    1    1    1    1    1  1.64685E+10 0.16446 
   20   20    1    1    1    1    1    1    1    1  5.60794E+10 0.12792 
   21   21    1    1    1    1    1    1    1    1  4.12992E+10 0.08391 
   22   22    1    1    1    1    1    1    1    1  1.08409E+11 0.08410 
   23   23    1    1    1    1    1    1    1    1  1.51905E+11 0.05838 
   24   24    1    1    1    1    1    1    1    1  2.71032E+11 0.03626 
   25   25    1    1    1    1    1    1    1    1  3.58468E+11 0.04904 
   26   26    1    1    1    1    1    1    1    1  6.12299E+11 0.02425 
   27   27    1    1    1    1    1    1    1    1  1.25017E+12 0.01812 
   28   28    1    1    1    1    1    1    1    1  2.67083E+12 0.01418 
   29   29    1    1    1    1    1    1    1    1  4.00191E+12 0.01419 
   30   30    1    1    1    1    1    1    1    1  1.13985E+13 0.00741 
   31   31    1    1    1    1    1    1    1    1  3.07394E+13 0.00475 
   32   32    1    1    1    1    1    1    1    1  5.12621E+13 0.00412 
   33   33    1    1    1    1    1    1    1    1  1.07426E+14 0.00252 
   34   34    1    1    1    1    1    1    1    1  1.33862E+14 0.00248 
   35   35    1    1    1    1    1    1    1    1  1.89722E+14 0.00217 
   36   36    1    1    1    1    1    1    1    1  1.41045E+14 0.00160 
   37   37    1    1    1    1    1    1    1    1  4.42046E+13 0.00148 
   38   38    1    1    1    1    1    1    1    1  2.27686E+14 0.00137 
   39   39    1    1    1    1    1    1    1    1  2.92830E+14 0.00131 
   40   40    1    1    1    1    1    1    1    1  4.91299E+14 0.00141 
   41   41    1    1    1    1    1    1    1    1  4.89300E+14 0.00181 
   42   42    1    1    1    1    1    1    1    1  9.47236E+14 0.00111 
   43   43    1    1    1    1    1    1    1    1  1.08231E+15 0.00142 
   44   44    1    1    1    1    1    1    1    1  1.46388E+15 0.00143 
   45   45    1    1    1    1    1    1    1    1  2.72573E+15 0.00134 
   46   46    1    1    1    1    1    1    1    1  1.35690E+15 0.00131 
   47   47    1    1    1    1    1    1    1    1  2.07073E+15 0.00134 
   48   48    1    1    1    1    1    1    1    1  2.87891E+15 0.00126 
   49   49    1    1    1    1    1    1    1    1  2.72084E+15 0.00142 
   50   50    1    1    1    1    1    1    1    1  4.17941E+15 0.00134 
   51   51    1    1    1    1    1    1    1    1  3.32571E+15 0.00110 
   52   52    1    1    1    1    1    1    1    1  3.81848E+15 0.00136 
   53   53    1    1    1    1    1    1    1    1  2.69454E+15 0.00146 
   54   54    1    1    1    1    1    1    1    1  3.25131E+15 0.00140 
   55   55    1    1    1    1    1    1    1    1  2.27432E+15 0.00165 
   56   56    1    1    1    1    1    1    1    1  3.12673E+14 0.00168 
   57   57    1    1    1    1    1    1    1    1  4.46347E+15 0.00139 
   58   58    1    1    1    1    1    1    1    1  1.94593E+15 0.00160 
   59   59    1    1    1    1    1    1    1    1  2.10271E+15 0.00143 
   60   60    1    1    1    1    1    1    1    1  1.63141E+15 0.00154 
   61   61    1    1    1    1    1    1    1    1  1.63487E+15 0.00132 
   62   62    1    1    1    1    1    1    1    1  1.66632E+15 0.00147 
   63   63    1    1    1    1    1    1    1    1  1.39063E+15 0.00146 
   64   64    1    1    1    1    1    1    1    1  1.09927E+15 0.00135 
   65   65    1    1    1    1    1    1    1    1  1.08552E+15 0.00150 
   66   66    1    1    1    1    1    1    1    1  8.20334E+14 0.00123 
   67   67    1    1    1    1    1    1    1    1  6.74258E+14 0.00125 
   68   68    1    1    1    1    1    1    1    1  6.02663E+14 0.00188 
   69   69    1    1    1    1    1    1    1    1  7.27379E+14 0.00157 
   70   70    1    1    1    1    1    1    1    1  6.21215E+14 0.00182 
   71   71    1    1    1    1    1    1    1    1  1.15555E+15 0.00125 
   72   72    1    1    1    1    1    1    1    1  8.30845E+14 0.00168 
   73   73    1    1    1    1    1    1    1    1  6.29838E+14 0.00141 
   74   74    1    1    1    1    1    1    1    1  5.04326E+14 0.00178 
   75   75    1    1    1    1    1    1    1    1  4.12279E+14 0.00205 
   76   76    1    1    1    1    1    1    1    1  4.69360E+14 0.00232 
   77   77    1    1    1    1    1    1    1    1  3.65634E+14 0.00142 
   78   78    1    1    1    1    1    1    1    1  2.84678E+14 0.00239 
   79   79    1    1    1    1    1    1    1    1  2.91668E+14 0.00225 
   80   80    1    1    1    1    1    1    1    1  2.17242E+14 0.00335 
   81   81    1    1    1    1    1    1    1    1  1.65668E+14 0.00248 
   82   82    1    1    1    1    1    1    1    1  1.27220E+14 0.00321 
   83   83    1    1    1    1    1    1    1    1  1.19679E+14 0.00271 
   84   84    1    1    1    1    1    1    1    1  8.55369E+13 0.00337 
   85   85    1    1    1    1    1    1    1    1  6.16320E+13 0.00428 
   86   86    1    1    1    1    1    1    1    1  5.78088E+13 0.00450 
   87   87    1    1    1    1    1    1    1    1  3.58456E+13 0.00517 
   88   88    1    1    1    1    1    1    1    1  2.43062E+13 0.00687 
   89   89    1    1    1    1    1    1    1    1  1.38899E+13 0.01003 
   90   90    1    1    1    1    1    1    1    1  9.34087E+12 0.00863 
   91   91    1    1    1    1    1    1    1    1  4.61701E+12 0.00909 
   92   92    1    1    1    1    1    1    1    1  2.22243E+12 0.01586 
   93   93    1    1    1    1    1    1    1    1  1.09800E+12 0.02824 
   94   94    1    1    1    1    1    1    1    1  5.34081E+11 0.04042 
   95   95    1    1    1    1    1    1    1    1  2.50583E+11 0.06906 
   96   96    1    1    1    1    1    1    1    1  1.41000E+11 0.07667 
   97   97    1    1    1    1    1    1    1    1  6.31596E+10 0.09497 
   98   98    1    1    1    1    1    1    1    1  4.07727E+10 0.15270 
   99   99    1    1    1    1    1    1    1    1  2.00457E+10 0.21048 
  100  100    1    1    1    1    1    1    1    1  1.54894E+10 0.19328 
];


