
DETdpaspec = [
    1    1    1    1    1    1    1    1    1    1  0.00000E+00 0.00000 
    2    2    1    1    1    1    1    1    1    1  0.00000E+00 0.00000 
    3    3    1    1    1    1    1    1    1    1  0.00000E+00 0.00000 
    4    4    1    1    1    1    1    1    1    1  0.00000E+00 0.00000 
    5    5    1    1    1    1    1    1    1    1  0.00000E+00 0.00000 
    6    6    1    1    1    1    1    1    1    1  0.00000E+00 0.00000 
    7    7    1    1    1    1    1    1    1    1  0.00000E+00 0.00000 
    8    8    1    1    1    1    1    1    1    1  6.11830E+07 0.55074 
    9    9    1    1    1    1    1    1    1    1  6.64995E+07 0.58029 
   10   10    1    1    1    1    1    1    1    1  1.88303E+08 0.57810 
   11   11    1    1    1    1    1    1    1    1  5.49324E+07 1.00000 
   12   12    1    1    1    1    1    1    1    1  6.27683E+07 0.64361 
   13   13    1    1    1    1    1    1    1    1  3.05271E+09 0.38592 
   14   14    1    1    1    1    1    1    1    1  5.06046E+09 0.31311 
   15   15    1    1    1    1    1    1    1    1  9.57987E+09 0.23997 
   16   16    1    1    1    1    1    1    1    1  3.23786E+09 0.22139 
   17   17    1    1    1    1    1    1    1    1  7.48651E+09 0.15973 
   18   18    1    1    1    1    1    1    1    1  1.68533E+10 0.20050 
   19   19    1    1    1    1    1    1    1    1  1.72762E+10 0.15026 
   20   20    1    1    1    1    1    1    1    1  5.33211E+10 0.13764 
   21   21    1    1    1    1    1    1    1    1  4.08217E+10 0.09688 
   22   22    1    1    1    1    1    1    1    1  9.98793E+10 0.09840 
   23   23    1    1    1    1    1    1    1    1  1.63112E+11 0.06738 
   24   24    1    1    1    1    1    1    1    1  2.64502E+11 0.04888 
   25   25    1    1    1    1    1    1    1    1  3.88746E+11 0.05121 
   26   26    1    1    1    1    1    1    1    1  6.52246E+11 0.03136 
   27   27    1    1    1    1    1    1    1    1  1.25103E+12 0.02396 
   28   28    1    1    1    1    1    1    1    1  2.79299E+12 0.01438 
   29   29    1    1    1    1    1    1    1    1  4.21486E+12 0.01203 
   30   30    1    1    1    1    1    1    1    1  1.18504E+13 0.01036 
   31   31    1    1    1    1    1    1    1    1  3.19218E+13 0.00707 
   32   32    1    1    1    1    1    1    1    1  5.35720E+13 0.00653 
   33   33    1    1    1    1    1    1    1    1  1.13284E+14 0.00387 
   34   34    1    1    1    1    1    1    1    1  1.42678E+14 0.00310 
   35   35    1    1    1    1    1    1    1    1  2.00893E+14 0.00272 
   36   36    1    1    1    1    1    1    1    1  1.48964E+14 0.00257 
   37   37    1    1    1    1    1    1    1    1  4.65800E+13 0.00275 
   38   38    1    1    1    1    1    1    1    1  2.40677E+14 0.00209 
   39   39    1    1    1    1    1    1    1    1  3.10076E+14 0.00228 
   40   40    1    1    1    1    1    1    1    1  5.20986E+14 0.00208 
   41   41    1    1    1    1    1    1    1    1  5.16356E+14 0.00195 
   42   42    1    1    1    1    1    1    1    1  1.00310E+15 0.00159 
   43   43    1    1    1    1    1    1    1    1  1.14719E+15 0.00135 
   44   44    1    1    1    1    1    1    1    1  1.55195E+15 0.00125 
   45   45    1    1    1    1    1    1    1    1  2.90075E+15 0.00095 
   46   46    1    1    1    1    1    1    1    1  1.44356E+15 0.00096 
   47   47    1    1    1    1    1    1    1    1  2.20219E+15 0.00095 
   48   48    1    1    1    1    1    1    1    1  3.06664E+15 0.00095 
   49   49    1    1    1    1    1    1    1    1  2.89724E+15 0.00089 
   50   50    1    1    1    1    1    1    1    1  4.45991E+15 0.00072 
   51   51    1    1    1    1    1    1    1    1  3.55175E+15 0.00093 
   52   52    1    1    1    1    1    1    1    1  4.08630E+15 0.00102 
   53   53    1    1    1    1    1    1    1    1  2.88294E+15 0.00101 
   54   54    1    1    1    1    1    1    1    1  3.48441E+15 0.00092 
   55   55    1    1    1    1    1    1    1    1  2.43410E+15 0.00108 
   56   56    1    1    1    1    1    1    1    1  3.34890E+14 0.00133 
   57   57    1    1    1    1    1    1    1    1  4.78637E+15 0.00113 
   58   58    1    1    1    1    1    1    1    1  2.08926E+15 0.00114 
   59   59    1    1    1    1    1    1    1    1  2.25851E+15 0.00128 
   60   60    1    1    1    1    1    1    1    1  1.75514E+15 0.00113 
   61   61    1    1    1    1    1    1    1    1  1.75813E+15 0.00103 
   62   62    1    1    1    1    1    1    1    1  1.79422E+15 0.00127 
   63   63    1    1    1    1    1    1    1    1  1.49904E+15 0.00132 
   64   64    1    1    1    1    1    1    1    1  1.18568E+15 0.00163 
   65   65    1    1    1    1    1    1    1    1  1.17079E+15 0.00154 
   66   66    1    1    1    1    1    1    1    1  8.85143E+14 0.00147 
   67   67    1    1    1    1    1    1    1    1  7.26882E+14 0.00157 
   68   68    1    1    1    1    1    1    1    1  6.47422E+14 0.00153 
   69   69    1    1    1    1    1    1    1    1  7.82471E+14 0.00152 
   70   70    1    1    1    1    1    1    1    1  6.69018E+14 0.00161 
   71   71    1    1    1    1    1    1    1    1  1.24318E+15 0.00125 
   72   72    1    1    1    1    1    1    1    1  8.96245E+14 0.00146 
   73   73    1    1    1    1    1    1    1    1  6.80475E+14 0.00159 
   74   74    1    1    1    1    1    1    1    1  5.44120E+14 0.00146 
   75   75    1    1    1    1    1    1    1    1  4.45106E+14 0.00192 
   76   76    1    1    1    1    1    1    1    1  5.06605E+14 0.00195 
   77   77    1    1    1    1    1    1    1    1  3.95800E+14 0.00163 
   78   78    1    1    1    1    1    1    1    1  3.08500E+14 0.00164 
   79   79    1    1    1    1    1    1    1    1  3.17166E+14 0.00169 
   80   80    1    1    1    1    1    1    1    1  2.33862E+14 0.00214 
   81   81    1    1    1    1    1    1    1    1  1.80786E+14 0.00152 
   82   82    1    1    1    1    1    1    1    1  1.38624E+14 0.00331 
   83   83    1    1    1    1    1    1    1    1  1.29059E+14 0.00326 
   84   84    1    1    1    1    1    1    1    1  9.33480E+13 0.00365 
   85   85    1    1    1    1    1    1    1    1  6.73207E+13 0.00312 
   86   86    1    1    1    1    1    1    1    1  6.26907E+13 0.00494 
   87   87    1    1    1    1    1    1    1    1  3.86824E+13 0.00380 
   88   88    1    1    1    1    1    1    1    1  2.61368E+13 0.00564 
   89   89    1    1    1    1    1    1    1    1  1.50198E+13 0.00703 
   90   90    1    1    1    1    1    1    1    1  1.03664E+13 0.00982 
   91   91    1    1    1    1    1    1    1    1  5.15179E+12 0.01125 
   92   92    1    1    1    1    1    1    1    1  2.37565E+12 0.01993 
   93   93    1    1    1    1    1    1    1    1  1.20045E+12 0.03117 
   94   94    1    1    1    1    1    1    1    1  5.75081E+11 0.02968 
   95   95    1    1    1    1    1    1    1    1  2.89662E+11 0.05431 
   96   96    1    1    1    1    1    1    1    1  1.38036E+11 0.06876 
   97   97    1    1    1    1    1    1    1    1  8.02353E+10 0.12318 
   98   98    1    1    1    1    1    1    1    1  3.19840E+10 0.18246 
   99   99    1    1    1    1    1    1    1    1  1.80973E+10 0.25773 
  100  100    1    1    1    1    1    1    1    1  7.84678E+09 0.25226 
];


