
DETdpaspec = [
    1    1    1    1    1    1    1    1    1    1  0.00000E+00 0.00000 
    2    2    1    1    1    1    1    1    1    1  0.00000E+00 0.00000 
    3    3    1    1    1    1    1    1    1    1  0.00000E+00 0.00000 
    4    4    1    1    1    1    1    1    1    1  0.00000E+00 0.00000 
    5    5    1    1    1    1    1    1    1    1  0.00000E+00 0.00000 
    6    6    1    1    1    1    1    1    1    1  0.00000E+00 0.00000 
    7    7    1    1    1    1    1    1    1    1  1.78945E+07 1.00000 
    8    8    1    1    1    1    1    1    1    1  2.25859E+07 1.00000 
    9    9    1    1    1    1    1    1    1    1  0.00000E+00 0.00000 
   10   10    1    1    1    1    1    1    1    1  3.60623E+08 0.73043 
   11   11    1    1    1    1    1    1    1    1  3.28581E+08 0.58529 
   12   12    1    1    1    1    1    1    1    1  9.94924E+07 0.63500 
   13   13    1    1    1    1    1    1    1    1  1.20899E+09 0.39341 
   14   14    1    1    1    1    1    1    1    1  4.02959E+09 0.23990 
   15   15    1    1    1    1    1    1    1    1  8.00865E+09 0.31424 
   16   16    1    1    1    1    1    1    1    1  2.36969E+09 0.32252 
   17   17    1    1    1    1    1    1    1    1  4.53695E+09 0.19906 
   18   18    1    1    1    1    1    1    1    1  1.43230E+10 0.14239 
   19   19    1    1    1    1    1    1    1    1  1.37052E+10 0.13497 
   20   20    1    1    1    1    1    1    1    1  5.05855E+10 0.10050 
   21   21    1    1    1    1    1    1    1    1  4.34502E+10 0.07670 
   22   22    1    1    1    1    1    1    1    1  1.14337E+11 0.06763 
   23   23    1    1    1    1    1    1    1    1  1.53226E+11 0.04927 
   24   24    1    1    1    1    1    1    1    1  2.35269E+11 0.03888 
   25   25    1    1    1    1    1    1    1    1  3.05735E+11 0.04607 
   26   26    1    1    1    1    1    1    1    1  5.49121E+11 0.03430 
   27   27    1    1    1    1    1    1    1    1  1.01383E+12 0.02371 
   28   28    1    1    1    1    1    1    1    1  1.79526E+12 0.02218 
   29   29    1    1    1    1    1    1    1    1  2.27918E+12 0.01850 
   30   30    1    1    1    1    1    1    1    1  6.82957E+12 0.00954 
   31   31    1    1    1    1    1    1    1    1  1.69931E+13 0.01054 
   32   32    1    1    1    1    1    1    1    1  2.68903E+13 0.00928 
   33   33    1    1    1    1    1    1    1    1  5.30521E+13 0.00721 
   34   34    1    1    1    1    1    1    1    1  6.24101E+13 0.00673 
   35   35    1    1    1    1    1    1    1    1  9.22304E+13 0.00551 
   36   36    1    1    1    1    1    1    1    1  6.82776E+13 0.00615 
   37   37    1    1    1    1    1    1    1    1  2.17451E+13 0.00635 
   38   38    1    1    1    1    1    1    1    1  1.08124E+14 0.00630 
   39   39    1    1    1    1    1    1    1    1  1.36835E+14 0.00576 
   40   40    1    1    1    1    1    1    1    1  2.21649E+14 0.00565 
   41   41    1    1    1    1    1    1    1    1  2.22407E+14 0.00557 
   42   42    1    1    1    1    1    1    1    1  4.15405E+14 0.00527 
   43   43    1    1    1    1    1    1    1    1  4.67497E+14 0.00522 
   44   44    1    1    1    1    1    1    1    1  6.21609E+14 0.00532 
   45   45    1    1    1    1    1    1    1    1  1.12557E+15 0.00500 
   46   46    1    1    1    1    1    1    1    1  5.58440E+14 0.00494 
   47   47    1    1    1    1    1    1    1    1  8.53355E+14 0.00503 
   48   48    1    1    1    1    1    1    1    1  1.17473E+15 0.00516 
   49   49    1    1    1    1    1    1    1    1  1.11223E+15 0.00534 
   50   50    1    1    1    1    1    1    1    1  1.67396E+15 0.00546 
   51   51    1    1    1    1    1    1    1    1  1.34713E+15 0.00557 
   52   52    1    1    1    1    1    1    1    1  1.51389E+15 0.00557 
   53   53    1    1    1    1    1    1    1    1  1.07193E+15 0.00560 
   54   54    1    1    1    1    1    1    1    1  1.26653E+15 0.00568 
   55   55    1    1    1    1    1    1    1    1  8.89939E+14 0.00587 
   56   56    1    1    1    1    1    1    1    1  1.23271E+14 0.00598 
   57   57    1    1    1    1    1    1    1    1  1.74689E+15 0.00560 
   58   58    1    1    1    1    1    1    1    1  7.45057E+14 0.00604 
   59   59    1    1    1    1    1    1    1    1  8.08681E+14 0.00616 
   60   60    1    1    1    1    1    1    1    1  6.17850E+14 0.00569 
   61   61    1    1    1    1    1    1    1    1  6.20978E+14 0.00579 
   62   62    1    1    1    1    1    1    1    1  6.30682E+14 0.00573 
   63   63    1    1    1    1    1    1    1    1  5.21777E+14 0.00616 
   64   64    1    1    1    1    1    1    1    1  4.13743E+14 0.00572 
   65   65    1    1    1    1    1    1    1    1  4.07891E+14 0.00569 
   66   66    1    1    1    1    1    1    1    1  3.07584E+14 0.00664 
   67   67    1    1    1    1    1    1    1    1  2.54807E+14 0.00661 
   68   68    1    1    1    1    1    1    1    1  2.27708E+14 0.00604 
   69   69    1    1    1    1    1    1    1    1  2.74344E+14 0.00664 
   70   70    1    1    1    1    1    1    1    1  2.35654E+14 0.00683 
   71   71    1    1    1    1    1    1    1    1  4.44031E+14 0.00608 
   72   72    1    1    1    1    1    1    1    1  3.21299E+14 0.00623 
   73   73    1    1    1    1    1    1    1    1  2.42236E+14 0.00649 
   74   74    1    1    1    1    1    1    1    1  1.90917E+14 0.00490 
   75   75    1    1    1    1    1    1    1    1  1.53334E+14 0.00585 
   76   76    1    1    1    1    1    1    1    1  1.72715E+14 0.00648 
   77   77    1    1    1    1    1    1    1    1  1.32612E+14 0.00655 
   78   78    1    1    1    1    1    1    1    1  1.02081E+14 0.00537 
   79   79    1    1    1    1    1    1    1    1  1.04080E+14 0.00614 
   80   80    1    1    1    1    1    1    1    1  7.59966E+13 0.00645 
   81   81    1    1    1    1    1    1    1    1  5.86039E+13 0.00743 
   82   82    1    1    1    1    1    1    1    1  4.48429E+13 0.00740 
   83   83    1    1    1    1    1    1    1    1  4.17692E+13 0.00738 
   84   84    1    1    1    1    1    1    1    1  3.02071E+13 0.00911 
   85   85    1    1    1    1    1    1    1    1  2.16618E+13 0.00706 
   86   86    1    1    1    1    1    1    1    1  2.02021E+13 0.00861 
   87   87    1    1    1    1    1    1    1    1  1.23596E+13 0.01182 
   88   88    1    1    1    1    1    1    1    1  8.56489E+12 0.01215 
   89   89    1    1    1    1    1    1    1    1  4.99247E+12 0.01290 
   90   90    1    1    1    1    1    1    1    1  3.30113E+12 0.01166 
   91   91    1    1    1    1    1    1    1    1  1.68788E+12 0.01774 
   92   92    1    1    1    1    1    1    1    1  8.00632E+11 0.04077 
   93   93    1    1    1    1    1    1    1    1  3.58701E+11 0.05297 
   94   94    1    1    1    1    1    1    1    1  1.96312E+11 0.05781 
   95   95    1    1    1    1    1    1    1    1  9.72506E+10 0.10825 
   96   96    1    1    1    1    1    1    1    1  5.18736E+10 0.16044 
   97   97    1    1    1    1    1    1    1    1  2.31220E+10 0.21079 
   98   98    1    1    1    1    1    1    1    1  1.30485E+10 0.25032 
   99   99    1    1    1    1    1    1    1    1  6.39417E+09 0.29604 
  100  100    1    1    1    1    1    1    1    1  5.81309E+09 0.30203 
];


