
DETdpaspec = [
    1    1    1    1    1    1    1    1    1    1  0.00000E+00 0.00000 
    2    2    1    1    1    1    1    1    1    1  0.00000E+00 0.00000 
    3    3    1    1    1    1    1    1    1    1  0.00000E+00 0.00000 
    4    4    1    1    1    1    1    1    1    1  0.00000E+00 0.00000 
    5    5    1    1    1    1    1    1    1    1  0.00000E+00 0.00000 
    6    6    1    1    1    1    1    1    1    1  0.00000E+00 0.00000 
    7    7    1    1    1    1    1    1    1    1  1.78864E+07 1.00000 
    8    8    1    1    1    1    1    1    1    1  6.82765E+07 0.73471 
    9    9    1    1    1    1    1    1    1    1  0.00000E+00 0.00000 
   10   10    1    1    1    1    1    1    1    1  5.35138E+07 1.00000 
   11   11    1    1    1    1    1    1    1    1  5.05963E+07 1.00000 
   12   12    1    1    1    1    1    1    1    1  1.64616E+08 0.47754 
   13   13    1    1    1    1    1    1    1    1  2.63525E+09 0.42351 
   14   14    1    1    1    1    1    1    1    1  4.81671E+09 0.39270 
   15   15    1    1    1    1    1    1    1    1  9.64576E+09 0.30743 
   16   16    1    1    1    1    1    1    1    1  1.82455E+09 0.26920 
   17   17    1    1    1    1    1    1    1    1  3.47421E+09 0.20703 
   18   18    1    1    1    1    1    1    1    1  1.30669E+10 0.18506 
   19   19    1    1    1    1    1    1    1    1  1.44354E+10 0.11566 
   20   20    1    1    1    1    1    1    1    1  5.39151E+10 0.12480 
   21   21    1    1    1    1    1    1    1    1  3.77250E+10 0.07192 
   22   22    1    1    1    1    1    1    1    1  9.43959E+10 0.06861 
   23   23    1    1    1    1    1    1    1    1  1.48050E+11 0.05932 
   24   24    1    1    1    1    1    1    1    1  2.07609E+11 0.04851 
   25   25    1    1    1    1    1    1    1    1  3.03367E+11 0.03509 
   26   26    1    1    1    1    1    1    1    1  5.13604E+11 0.03710 
   27   27    1    1    1    1    1    1    1    1  1.06407E+12 0.02811 
   28   28    1    1    1    1    1    1    1    1  2.26243E+12 0.01664 
   29   29    1    1    1    1    1    1    1    1  3.29545E+12 0.01357 
   30   30    1    1    1    1    1    1    1    1  9.31779E+12 0.00745 
   31   31    1    1    1    1    1    1    1    1  2.51050E+13 0.00629 
   32   32    1    1    1    1    1    1    1    1  4.15074E+13 0.00391 
   33   33    1    1    1    1    1    1    1    1  8.70152E+13 0.00289 
   34   34    1    1    1    1    1    1    1    1  1.07733E+14 0.00279 
   35   35    1    1    1    1    1    1    1    1  1.54393E+14 0.00275 
   36   36    1    1    1    1    1    1    1    1  1.14386E+14 0.00257 
   37   37    1    1    1    1    1    1    1    1  3.60305E+13 0.00265 
   38   38    1    1    1    1    1    1    1    1  1.84334E+14 0.00247 
   39   39    1    1    1    1    1    1    1    1  2.36408E+14 0.00218 
   40   40    1    1    1    1    1    1    1    1  3.94251E+14 0.00253 
   41   41    1    1    1    1    1    1    1    1  3.93640E+14 0.00211 
   42   42    1    1    1    1    1    1    1    1  7.55703E+14 0.00200 
   43   43    1    1    1    1    1    1    1    1  8.59697E+14 0.00152 
   44   44    1    1    1    1    1    1    1    1  1.15892E+15 0.00141 
   45   45    1    1    1    1    1    1    1    1  2.14335E+15 0.00156 
   46   46    1    1    1    1    1    1    1    1  1.06497E+15 0.00163 
   47   47    1    1    1    1    1    1    1    1  1.62437E+15 0.00182 
   48   48    1    1    1    1    1    1    1    1  2.25339E+15 0.00196 
   49   49    1    1    1    1    1    1    1    1  2.13059E+15 0.00204 
   50   50    1    1    1    1    1    1    1    1  3.25033E+15 0.00183 
   51   51    1    1    1    1    1    1    1    1  2.58911E+15 0.00197 
   52   52    1    1    1    1    1    1    1    1  2.95396E+15 0.00205 
   53   53    1    1    1    1    1    1    1    1  2.07935E+15 0.00201 
   54   54    1    1    1    1    1    1    1    1  2.49299E+15 0.00221 
   55   55    1    1    1    1    1    1    1    1  1.74381E+15 0.00227 
   56   56    1    1    1    1    1    1    1    1  2.39649E+14 0.00223 
   57   57    1    1    1    1    1    1    1    1  3.42291E+15 0.00176 
   58   58    1    1    1    1    1    1    1    1  1.47958E+15 0.00190 
   59   59    1    1    1    1    1    1    1    1  1.59783E+15 0.00217 
   60   60    1    1    1    1    1    1    1    1  1.23375E+15 0.00228 
   61   61    1    1    1    1    1    1    1    1  1.23516E+15 0.00243 
   62   62    1    1    1    1    1    1    1    1  1.25946E+15 0.00224 
   63   63    1    1    1    1    1    1    1    1  1.04986E+15 0.00232 
   64   64    1    1    1    1    1    1    1    1  8.27474E+14 0.00231 
   65   65    1    1    1    1    1    1    1    1  8.16839E+14 0.00209 
   66   66    1    1    1    1    1    1    1    1  6.16539E+14 0.00206 
   67   67    1    1    1    1    1    1    1    1  5.07667E+14 0.00210 
   68   68    1    1    1    1    1    1    1    1  4.53271E+14 0.00242 
   69   69    1    1    1    1    1    1    1    1  5.46869E+14 0.00228 
   70   70    1    1    1    1    1    1    1    1  4.66701E+14 0.00287 
   71   71    1    1    1    1    1    1    1    1  8.72202E+14 0.00287 
   72   72    1    1    1    1    1    1    1    1  6.25895E+14 0.00287 
   73   73    1    1    1    1    1    1    1    1  4.74561E+14 0.00247 
   74   74    1    1    1    1    1    1    1    1  3.76599E+14 0.00255 
   75   75    1    1    1    1    1    1    1    1  3.07528E+14 0.00285 
   76   76    1    1    1    1    1    1    1    1  3.49742E+14 0.00293 
   77   77    1    1    1    1    1    1    1    1  2.69966E+14 0.00312 
   78   78    1    1    1    1    1    1    1    1  2.09653E+14 0.00266 
   79   79    1    1    1    1    1    1    1    1  2.14575E+14 0.00343 
   80   80    1    1    1    1    1    1    1    1  1.58818E+14 0.00287 
   81   81    1    1    1    1    1    1    1    1  1.22450E+14 0.00277 
   82   82    1    1    1    1    1    1    1    1  9.39781E+13 0.00357 
   83   83    1    1    1    1    1    1    1    1  8.73779E+13 0.00370 
   84   84    1    1    1    1    1    1    1    1  6.35507E+13 0.00379 
   85   85    1    1    1    1    1    1    1    1  4.56235E+13 0.00425 
   86   86    1    1    1    1    1    1    1    1  4.26541E+13 0.00464 
   87   87    1    1    1    1    1    1    1    1  2.61920E+13 0.00610 
   88   88    1    1    1    1    1    1    1    1  1.78665E+13 0.00791 
   89   89    1    1    1    1    1    1    1    1  1.02768E+13 0.00782 
   90   90    1    1    1    1    1    1    1    1  6.82472E+12 0.01458 
   91   91    1    1    1    1    1    1    1    1  3.42552E+12 0.01652 
   92   92    1    1    1    1    1    1    1    1  1.61494E+12 0.01849 
   93   93    1    1    1    1    1    1    1    1  7.99453E+11 0.03076 
   94   94    1    1    1    1    1    1    1    1  4.29271E+11 0.03981 
   95   95    1    1    1    1    1    1    1    1  1.91890E+11 0.05406 
   96   96    1    1    1    1    1    1    1    1  8.30311E+10 0.10794 
   97   97    1    1    1    1    1    1    1    1  4.20124E+10 0.12683 
   98   98    1    1    1    1    1    1    1    1  1.66767E+10 0.16817 
   99   99    1    1    1    1    1    1    1    1  1.15998E+10 0.27577 
  100  100    1    1    1    1    1    1    1    1  9.72609E+09 0.34759 
];


