
DETdpaspec = [
    1    1    1    1    1    1    1    1    1    1  0.00000E+00 0.00000 
    2    2    1    1    1    1    1    1    1    1  0.00000E+00 0.00000 
    3    3    1    1    1    1    1    1    1    1  0.00000E+00 0.00000 
    4    4    1    1    1    1    1    1    1    1  0.00000E+00 0.00000 
    5    5    1    1    1    1    1    1    1    1  0.00000E+00 0.00000 
    6    6    1    1    1    1    1    1    1    1  0.00000E+00 0.00000 
    7    7    1    1    1    1    1    1    1    1  0.00000E+00 0.00000 
    8    8    1    1    1    1    1    1    1    1  2.06307E+07 1.00000 
    9    9    1    1    1    1    1    1    1    1  2.15569E+07 1.00000 
   10   10    1    1    1    1    1    1    1    1  1.10256E+08 1.00000 
   11   11    1    1    1    1    1    1    1    1  1.55161E+08 0.74506 
   12   12    1    1    1    1    1    1    1    1  1.49137E+08 0.60184 
   13   13    1    1    1    1    1    1    1    1  2.21017E+09 0.42798 
   14   14    1    1    1    1    1    1    1    1  6.70494E+09 0.32535 
   15   15    1    1    1    1    1    1    1    1  7.80848E+09 0.26142 
   16   16    1    1    1    1    1    1    1    1  4.04785E+09 0.33107 
   17   17    1    1    1    1    1    1    1    1  5.97761E+09 0.21667 
   18   18    1    1    1    1    1    1    1    1  1.65828E+10 0.14486 
   19   19    1    1    1    1    1    1    1    1  1.58921E+10 0.13861 
   20   20    1    1    1    1    1    1    1    1  4.68619E+10 0.10393 
   21   21    1    1    1    1    1    1    1    1  3.89202E+10 0.11953 
   22   22    1    1    1    1    1    1    1    1  1.10438E+11 0.06365 
   23   23    1    1    1    1    1    1    1    1  1.68446E+11 0.05894 
   24   24    1    1    1    1    1    1    1    1  2.57907E+11 0.04620 
   25   25    1    1    1    1    1    1    1    1  3.72207E+11 0.03294 
   26   26    1    1    1    1    1    1    1    1  6.67168E+11 0.03094 
   27   27    1    1    1    1    1    1    1    1  1.30049E+12 0.01769 
   28   28    1    1    1    1    1    1    1    1  2.98939E+12 0.01314 
   29   29    1    1    1    1    1    1    1    1  4.61917E+12 0.01074 
   30   30    1    1    1    1    1    1    1    1  1.27107E+13 0.00885 
   31   31    1    1    1    1    1    1    1    1  3.42312E+13 0.00568 
   32   32    1    1    1    1    1    1    1    1  5.69807E+13 0.00399 
   33   33    1    1    1    1    1    1    1    1  1.21459E+14 0.00343 
   34   34    1    1    1    1    1    1    1    1  1.52984E+14 0.00218 
   35   35    1    1    1    1    1    1    1    1  2.13699E+14 0.00204 
   36   36    1    1    1    1    1    1    1    1  1.58127E+14 0.00190 
   37   37    1    1    1    1    1    1    1    1  4.94941E+13 0.00165 
   38   38    1    1    1    1    1    1    1    1  2.55881E+14 0.00135 
   39   39    1    1    1    1    1    1    1    1  3.29954E+14 0.00171 
   40   40    1    1    1    1    1    1    1    1  5.56127E+14 0.00143 
   41   41    1    1    1    1    1    1    1    1  5.51032E+14 0.00134 
   42   42    1    1    1    1    1    1    1    1  1.07347E+15 0.00110 
   43   43    1    1    1    1    1    1    1    1  1.22603E+15 0.00105 
   44   44    1    1    1    1    1    1    1    1  1.66328E+15 0.00111 
   45   45    1    1    1    1    1    1    1    1  3.11597E+15 0.00088 
   46   46    1    1    1    1    1    1    1    1  1.55380E+15 0.00071 
   47   47    1    1    1    1    1    1    1    1  2.37036E+15 0.00073 
   48   48    1    1    1    1    1    1    1    1  3.30574E+15 0.00081 
   49   49    1    1    1    1    1    1    1    1  3.12582E+15 0.00080 
   50   50    1    1    1    1    1    1    1    1  4.82256E+15 0.00078 
   51   51    1    1    1    1    1    1    1    1  3.83334E+15 0.00081 
   52   52    1    1    1    1    1    1    1    1  4.42119E+15 0.00082 
   53   53    1    1    1    1    1    1    1    1  3.11742E+15 0.00100 
   54   54    1    1    1    1    1    1    1    1  3.77843E+15 0.00113 
   55   55    1    1    1    1    1    1    1    1  2.64146E+15 0.00098 
   56   56    1    1    1    1    1    1    1    1  3.62703E+14 0.00150 
   57   57    1    1    1    1    1    1    1    1  5.19027E+15 0.00095 
   58   58    1    1    1    1    1    1    1    1  2.27489E+15 0.00105 
   59   59    1    1    1    1    1    1    1    1  2.45449E+15 0.00123 
   60   60    1    1    1    1    1    1    1    1  1.91309E+15 0.00118 
   61   61    1    1    1    1    1    1    1    1  1.91679E+15 0.00098 
   62   62    1    1    1    1    1    1    1    1  1.95745E+15 0.00114 
   63   63    1    1    1    1    1    1    1    1  1.63681E+15 0.00130 
   64   64    1    1    1    1    1    1    1    1  1.29517E+15 0.00101 
   65   65    1    1    1    1    1    1    1    1  1.28067E+15 0.00091 
   66   66    1    1    1    1    1    1    1    1  9.68365E+14 0.00118 
   67   67    1    1    1    1    1    1    1    1  7.93977E+14 0.00128 
   68   68    1    1    1    1    1    1    1    1  7.08799E+14 0.00122 
   69   69    1    1    1    1    1    1    1    1  8.57631E+14 0.00136 
   70   70    1    1    1    1    1    1    1    1  7.31831E+14 0.00152 
   71   71    1    1    1    1    1    1    1    1  1.35878E+15 0.00139 
   72   72    1    1    1    1    1    1    1    1  9.77140E+14 0.00158 
   73   73    1    1    1    1    1    1    1    1  7.42898E+14 0.00173 
   74   74    1    1    1    1    1    1    1    1  5.93899E+14 0.00200 
   75   75    1    1    1    1    1    1    1    1  4.86974E+14 0.00166 
   76   76    1    1    1    1    1    1    1    1  5.58427E+14 0.00133 
   77   77    1    1    1    1    1    1    1    1  4.35049E+14 0.00165 
   78   78    1    1    1    1    1    1    1    1  3.39578E+14 0.00098 
   79   79    1    1    1    1    1    1    1    1  3.48420E+14 0.00176 
   80   80    1    1    1    1    1    1    1    1  2.57857E+14 0.00214 
   81   81    1    1    1    1    1    1    1    1  1.98582E+14 0.00267 
   82   82    1    1    1    1    1    1    1    1  1.53336E+14 0.00266 
   83   83    1    1    1    1    1    1    1    1  1.43284E+14 0.00250 
   84   84    1    1    1    1    1    1    1    1  1.02692E+14 0.00304 
   85   85    1    1    1    1    1    1    1    1  7.45080E+13 0.00241 
   86   86    1    1    1    1    1    1    1    1  6.88065E+13 0.00334 
   87   87    1    1    1    1    1    1    1    1  4.32405E+13 0.00482 
   88   88    1    1    1    1    1    1    1    1  2.88113E+13 0.00690 
   89   89    1    1    1    1    1    1    1    1  1.66804E+13 0.00819 
   90   90    1    1    1    1    1    1    1    1  1.12235E+13 0.00695 
   91   91    1    1    1    1    1    1    1    1  5.52453E+12 0.01270 
   92   92    1    1    1    1    1    1    1    1  2.68852E+12 0.01280 
   93   93    1    1    1    1    1    1    1    1  1.28980E+12 0.02712 
   94   94    1    1    1    1    1    1    1    1  6.06804E+11 0.04110 
   95   95    1    1    1    1    1    1    1    1  2.99828E+11 0.05046 
   96   96    1    1    1    1    1    1    1    1  1.29828E+11 0.09851 
   97   97    1    1    1    1    1    1    1    1  6.03879E+10 0.09131 
   98   98    1    1    1    1    1    1    1    1  2.93414E+10 0.16888 
   99   99    1    1    1    1    1    1    1    1  1.38536E+10 0.21929 
  100  100    1    1    1    1    1    1    1    1  1.86982E+10 0.19168 
];


