
DETdpaspec = [
    1    1    1    1    1    1    1    1    1    1  0.00000E+00 0.00000 
    2    2    1    1    1    1    1    1    1    1  0.00000E+00 0.00000 
    3    3    1    1    1    1    1    1    1    1  8.10742E+06 1.00000 
    4    4    1    1    1    1    1    1    1    1  0.00000E+00 0.00000 
    5    5    1    1    1    1    1    1    1    1  0.00000E+00 0.00000 
    6    6    1    1    1    1    1    1    1    1  0.00000E+00 0.00000 
    7    7    1    1    1    1    1    1    1    1  0.00000E+00 0.00000 
    8    8    1    1    1    1    1    1    1    1  0.00000E+00 0.00000 
    9    9    1    1    1    1    1    1    1    1  3.58747E+07 1.00000 
   10   10    1    1    1    1    1    1    1    1  3.23124E+08 0.55798 
   11   11    1    1    1    1    1    1    1    1  2.96038E+08 0.69195 
   12   12    1    1    1    1    1    1    1    1  3.62763E+07 1.00000 
   13   13    1    1    1    1    1    1    1    1  2.50657E+09 0.39482 
   14   14    1    1    1    1    1    1    1    1  1.88123E+09 0.45222 
   15   15    1    1    1    1    1    1    1    1  2.94826E+09 0.46609 
   16   16    1    1    1    1    1    1    1    1  1.97208E+09 0.37588 
   17   17    1    1    1    1    1    1    1    1  3.31260E+09 0.29493 
   18   18    1    1    1    1    1    1    1    1  1.21799E+10 0.24049 
   19   19    1    1    1    1    1    1    1    1  9.57406E+09 0.15602 
   20   20    1    1    1    1    1    1    1    1  3.45188E+10 0.11556 
   21   21    1    1    1    1    1    1    1    1  2.68863E+10 0.10633 
   22   22    1    1    1    1    1    1    1    1  7.14580E+10 0.07537 
   23   23    1    1    1    1    1    1    1    1  1.03413E+11 0.07268 
   24   24    1    1    1    1    1    1    1    1  1.54654E+11 0.05553 
   25   25    1    1    1    1    1    1    1    1  2.06120E+11 0.04936 
   26   26    1    1    1    1    1    1    1    1  3.26511E+11 0.04792 
   27   27    1    1    1    1    1    1    1    1  6.35331E+11 0.03232 
   28   28    1    1    1    1    1    1    1    1  1.25955E+12 0.02369 
   29   29    1    1    1    1    1    1    1    1  1.67133E+12 0.02426 
   30   30    1    1    1    1    1    1    1    1  4.98668E+12 0.01945 
   31   31    1    1    1    1    1    1    1    1  1.27303E+13 0.00989 
   32   32    1    1    1    1    1    1    1    1  2.06102E+13 0.00509 
   33   33    1    1    1    1    1    1    1    1  4.12718E+13 0.00442 
   34   34    1    1    1    1    1    1    1    1  4.92845E+13 0.00497 
   35   35    1    1    1    1    1    1    1    1  7.25443E+13 0.00452 
   36   36    1    1    1    1    1    1    1    1  5.33665E+13 0.00354 
   37   37    1    1    1    1    1    1    1    1  1.70223E+13 0.00459 
   38   38    1    1    1    1    1    1    1    1  8.48369E+13 0.00361 
   39   39    1    1    1    1    1    1    1    1  1.08391E+14 0.00423 
   40   40    1    1    1    1    1    1    1    1  1.76727E+14 0.00445 
   41   41    1    1    1    1    1    1    1    1  1.77471E+14 0.00400 
   42   42    1    1    1    1    1    1    1    1  3.33576E+14 0.00402 
   43   43    1    1    1    1    1    1    1    1  3.74726E+14 0.00397 
   44   44    1    1    1    1    1    1    1    1  4.98859E+14 0.00409 
   45   45    1    1    1    1    1    1    1    1  9.04609E+14 0.00398 
   46   46    1    1    1    1    1    1    1    1  4.46487E+14 0.00417 
   47   47    1    1    1    1    1    1    1    1  6.81833E+14 0.00433 
   48   48    1    1    1    1    1    1    1    1  9.37476E+14 0.00394 
   49   49    1    1    1    1    1    1    1    1  8.83320E+14 0.00391 
   50   50    1    1    1    1    1    1    1    1  1.32904E+15 0.00424 
   51   51    1    1    1    1    1    1    1    1  1.06252E+15 0.00447 
   52   52    1    1    1    1    1    1    1    1  1.19503E+15 0.00453 
   53   53    1    1    1    1    1    1    1    1  8.42973E+14 0.00416 
   54   54    1    1    1    1    1    1    1    1  9.97787E+14 0.00416 
   55   55    1    1    1    1    1    1    1    1  6.98238E+14 0.00418 
   56   56    1    1    1    1    1    1    1    1  9.62425E+13 0.00449 
   57   57    1    1    1    1    1    1    1    1  1.36888E+15 0.00412 
   58   58    1    1    1    1    1    1    1    1  5.82430E+14 0.00450 
   59   59    1    1    1    1    1    1    1    1  6.29392E+14 0.00463 
   60   60    1    1    1    1    1    1    1    1  4.81256E+14 0.00470 
   61   61    1    1    1    1    1    1    1    1  4.82875E+14 0.00512 
   62   62    1    1    1    1    1    1    1    1  4.89508E+14 0.00459 
   63   63    1    1    1    1    1    1    1    1  4.05214E+14 0.00479 
   64   64    1    1    1    1    1    1    1    1  3.20281E+14 0.00484 
   65   65    1    1    1    1    1    1    1    1  3.15037E+14 0.00423 
   66   66    1    1    1    1    1    1    1    1  2.37393E+14 0.00479 
   67   67    1    1    1    1    1    1    1    1  1.95376E+14 0.00478 
   68   68    1    1    1    1    1    1    1    1  1.74871E+14 0.00424 
   69   69    1    1    1    1    1    1    1    1  2.11329E+14 0.00472 
   70   70    1    1    1    1    1    1    1    1  1.80055E+14 0.00572 
   71   71    1    1    1    1    1    1    1    1  3.38536E+14 0.00467 
   72   72    1    1    1    1    1    1    1    1  2.44107E+14 0.00511 
   73   73    1    1    1    1    1    1    1    1  1.85340E+14 0.00480 
   74   74    1    1    1    1    1    1    1    1  1.45257E+14 0.00552 
   75   75    1    1    1    1    1    1    1    1  1.17327E+14 0.00566 
   76   76    1    1    1    1    1    1    1    1  1.32657E+14 0.00574 
   77   77    1    1    1    1    1    1    1    1  1.01409E+14 0.00537 
   78   78    1    1    1    1    1    1    1    1  7.85069E+13 0.00548 
   79   79    1    1    1    1    1    1    1    1  7.95276E+13 0.00616 
   80   80    1    1    1    1    1    1    1    1  5.90002E+13 0.00586 
   81   81    1    1    1    1    1    1    1    1  4.46054E+13 0.00790 
   82   82    1    1    1    1    1    1    1    1  3.43655E+13 0.00609 
   83   83    1    1    1    1    1    1    1    1  3.24569E+13 0.00581 
   84   84    1    1    1    1    1    1    1    1  2.33418E+13 0.00676 
   85   85    1    1    1    1    1    1    1    1  1.66379E+13 0.00650 
   86   86    1    1    1    1    1    1    1    1  1.53898E+13 0.00961 
   87   87    1    1    1    1    1    1    1    1  9.63820E+12 0.00874 
   88   88    1    1    1    1    1    1    1    1  6.51154E+12 0.01407 
   89   89    1    1    1    1    1    1    1    1  3.75933E+12 0.01572 
   90   90    1    1    1    1    1    1    1    1  2.55386E+12 0.01527 
   91   91    1    1    1    1    1    1    1    1  1.20425E+12 0.03381 
   92   92    1    1    1    1    1    1    1    1  6.44184E+11 0.04737 
   93   93    1    1    1    1    1    1    1    1  3.37278E+11 0.03707 
   94   94    1    1    1    1    1    1    1    1  1.37324E+11 0.08101 
   95   95    1    1    1    1    1    1    1    1  5.81272E+10 0.10109 
   96   96    1    1    1    1    1    1    1    1  3.11570E+10 0.14346 
   97   97    1    1    1    1    1    1    1    1  1.72063E+10 0.23435 
   98   98    1    1    1    1    1    1    1    1  5.46805E+09 0.53746 
   99   99    1    1    1    1    1    1    1    1  3.92872E+09 0.55821 
  100  100    1    1    1    1    1    1    1    1  4.00458E+09 0.53628 
];


