
DETdpaspec = [
    1    1    1    1    1    1    1    1    1    1  0.00000E+00 0.00000 
    2    2    1    1    1    1    1    1    1    1  0.00000E+00 0.00000 
    3    3    1    1    1    1    1    1    1    1  0.00000E+00 0.00000 
    4    4    1    1    1    1    1    1    1    1  0.00000E+00 0.00000 
    5    5    1    1    1    1    1    1    1    1  0.00000E+00 0.00000 
    6    6    1    1    1    1    1    1    1    1  2.02851E+07 0.68913 
    7    7    1    1    1    1    1    1    1    1  1.34862E+07 1.00000 
    8    8    1    1    1    1    1    1    1    1  0.00000E+00 0.00000 
    9    9    1    1    1    1    1    1    1    1  1.53165E+07 1.00000 
   10   10    1    1    1    1    1    1    1    1  6.44496E+07 1.00000 
   11   11    1    1    1    1    1    1    1    1  6.38220E+07 1.00000 
   12   12    1    1    1    1    1    1    1    1  5.53355E+07 0.75795 
   13   13    1    1    1    1    1    1    1    1  8.34427E+08 0.39774 
   14   14    1    1    1    1    1    1    1    1  1.61166E+09 0.38691 
   15   15    1    1    1    1    1    1    1    1  3.35162E+09 0.33123 
   16   16    1    1    1    1    1    1    1    1  2.36316E+09 0.30069 
   17   17    1    1    1    1    1    1    1    1  5.40488E+09 0.32016 
   18   18    1    1    1    1    1    1    1    1  1.19263E+10 0.19617 
   19   19    1    1    1    1    1    1    1    1  8.41697E+09 0.22882 
   20   20    1    1    1    1    1    1    1    1  3.80587E+10 0.14583 
   21   21    1    1    1    1    1    1    1    1  2.73389E+10 0.12166 
   22   22    1    1    1    1    1    1    1    1  8.02773E+10 0.07572 
   23   23    1    1    1    1    1    1    1    1  9.73317E+10 0.05705 
   24   24    1    1    1    1    1    1    1    1  1.39342E+11 0.06143 
   25   25    1    1    1    1    1    1    1    1  2.04964E+11 0.03982 
   26   26    1    1    1    1    1    1    1    1  3.50812E+11 0.03231 
   27   27    1    1    1    1    1    1    1    1  6.95261E+11 0.02852 
   28   28    1    1    1    1    1    1    1    1  1.45011E+12 0.02058 
   29   29    1    1    1    1    1    1    1    1  1.93965E+12 0.01423 
   30   30    1    1    1    1    1    1    1    1  5.65554E+12 0.01313 
   31   31    1    1    1    1    1    1    1    1  1.47541E+13 0.00525 
   32   32    1    1    1    1    1    1    1    1  2.42505E+13 0.00562 
   33   33    1    1    1    1    1    1    1    1  4.89830E+13 0.00421 
   34   34    1    1    1    1    1    1    1    1  5.91928E+13 0.00456 
   35   35    1    1    1    1    1    1    1    1  8.62986E+13 0.00378 
   36   36    1    1    1    1    1    1    1    1  6.43190E+13 0.00306 
   37   37    1    1    1    1    1    1    1    1  2.04029E+13 0.00361 
   38   38    1    1    1    1    1    1    1    1  1.03210E+14 0.00390 
   39   39    1    1    1    1    1    1    1    1  1.31596E+14 0.00432 
   40   40    1    1    1    1    1    1    1    1  2.16197E+14 0.00329 
   41   41    1    1    1    1    1    1    1    1  2.16354E+14 0.00334 
   42   42    1    1    1    1    1    1    1    1  4.10255E+14 0.00298 
   43   43    1    1    1    1    1    1    1    1  4.64327E+14 0.00279 
   44   44    1    1    1    1    1    1    1    1  6.20702E+14 0.00332 
   45   45    1    1    1    1    1    1    1    1  1.12853E+15 0.00295 
   46   46    1    1    1    1    1    1    1    1  5.57122E+14 0.00291 
   47   47    1    1    1    1    1    1    1    1  8.49593E+14 0.00263 
   48   48    1    1    1    1    1    1    1    1  1.17011E+15 0.00278 
   49   49    1    1    1    1    1    1    1    1  1.10546E+15 0.00282 
   50   50    1    1    1    1    1    1    1    1  1.66634E+15 0.00279 
   51   51    1    1    1    1    1    1    1    1  1.32806E+15 0.00275 
   52   52    1    1    1    1    1    1    1    1  1.49904E+15 0.00250 
   53   53    1    1    1    1    1    1    1    1  1.05438E+15 0.00272 
   54   54    1    1    1    1    1    1    1    1  1.25214E+15 0.00290 
   55   55    1    1    1    1    1    1    1    1  8.75752E+14 0.00311 
   56   56    1    1    1    1    1    1    1    1  1.20657E+14 0.00338 
   57   57    1    1    1    1    1    1    1    1  1.71078E+15 0.00305 
   58   58    1    1    1    1    1    1    1    1  7.32308E+14 0.00285 
   59   59    1    1    1    1    1    1    1    1  7.91236E+14 0.00317 
   60   60    1    1    1    1    1    1    1    1  6.05109E+14 0.00287 
   61   61    1    1    1    1    1    1    1    1  6.06884E+14 0.00339 
   62   62    1    1    1    1    1    1    1    1  6.16174E+14 0.00328 
   63   63    1    1    1    1    1    1    1    1  5.10362E+14 0.00277 
   64   64    1    1    1    1    1    1    1    1  4.02366E+14 0.00268 
   65   65    1    1    1    1    1    1    1    1  3.96884E+14 0.00330 
   66   66    1    1    1    1    1    1    1    1  2.98652E+14 0.00327 
   67   67    1    1    1    1    1    1    1    1  2.45544E+14 0.00333 
   68   68    1    1    1    1    1    1    1    1  2.18832E+14 0.00310 
   69   69    1    1    1    1    1    1    1    1  2.62901E+14 0.00389 
   70   70    1    1    1    1    1    1    1    1  2.25033E+14 0.00436 
   71   71    1    1    1    1    1    1    1    1  4.21535E+14 0.00374 
   72   72    1    1    1    1    1    1    1    1  3.03230E+14 0.00323 
   73   73    1    1    1    1    1    1    1    1  2.29784E+14 0.00326 
   74   74    1    1    1    1    1    1    1    1  1.81717E+14 0.00341 
   75   75    1    1    1    1    1    1    1    1  1.46548E+14 0.00433 
   76   76    1    1    1    1    1    1    1    1  1.65686E+14 0.00397 
   77   77    1    1    1    1    1    1    1    1  1.27287E+14 0.00412 
   78   78    1    1    1    1    1    1    1    1  9.85525E+13 0.00385 
   79   79    1    1    1    1    1    1    1    1  1.00652E+14 0.00341 
   80   80    1    1    1    1    1    1    1    1  7.44472E+13 0.00445 
   81   81    1    1    1    1    1    1    1    1  5.67659E+13 0.00547 
   82   82    1    1    1    1    1    1    1    1  4.33975E+13 0.00502 
   83   83    1    1    1    1    1    1    1    1  4.06711E+13 0.00598 
   84   84    1    1    1    1    1    1    1    1  2.92456E+13 0.00527 
   85   85    1    1    1    1    1    1    1    1  2.11189E+13 0.00871 
   86   86    1    1    1    1    1    1    1    1  1.96780E+13 0.00581 
   87   87    1    1    1    1    1    1    1    1  1.22370E+13 0.00876 
   88   88    1    1    1    1    1    1    1    1  8.31605E+12 0.01382 
   89   89    1    1    1    1    1    1    1    1  4.65907E+12 0.01407 
   90   90    1    1    1    1    1    1    1    1  3.09300E+12 0.01558 
   91   91    1    1    1    1    1    1    1    1  1.63443E+12 0.02221 
   92   92    1    1    1    1    1    1    1    1  7.98319E+11 0.02565 
   93   93    1    1    1    1    1    1    1    1  3.98293E+11 0.05339 
   94   94    1    1    1    1    1    1    1    1  2.02612E+11 0.06056 
   95   95    1    1    1    1    1    1    1    1  8.71321E+10 0.09674 
   96   96    1    1    1    1    1    1    1    1  4.26963E+10 0.14802 
   97   97    1    1    1    1    1    1    1    1  1.40847E+10 0.17718 
   98   98    1    1    1    1    1    1    1    1  1.12205E+10 0.28848 
   99   99    1    1    1    1    1    1    1    1  5.32570E+09 0.35995 
  100  100    1    1    1    1    1    1    1    1  5.84451E+09 0.38490 
];


