
DETdpaspec = [
    1    1    1    1    1    1    1    1    1    1  0.00000E+00 0.00000 
    2    2    1    1    1    1    1    1    1    1  0.00000E+00 0.00000 
    3    3    1    1    1    1    1    1    1    1  0.00000E+00 0.00000 
    4    4    1    1    1    1    1    1    1    1  0.00000E+00 0.00000 
    5    5    1    1    1    1    1    1    1    1  0.00000E+00 0.00000 
    6    6    1    1    1    1    1    1    1    1  1.01035E+07 1.00000 
    7    7    1    1    1    1    1    1    1    1  2.24408E+07 1.00000 
    8    8    1    1    1    1    1    1    1    1  0.00000E+00 0.00000 
    9    9    1    1    1    1    1    1    1    1  3.40791E+07 1.00000 
   10   10    1    1    1    1    1    1    1    1  0.00000E+00 0.00000 
   11   11    1    1    1    1    1    1    1    1  1.46721E+08 0.68857 
   12   12    1    1    1    1    1    1    1    1  5.84198E+07 0.65839 
   13   13    1    1    1    1    1    1    1    1  6.27844E+08 0.66505 
   14   14    1    1    1    1    1    1    1    1  2.09580E+09 0.45646 
   15   15    1    1    1    1    1    1    1    1  2.72492E+09 0.43710 
   16   16    1    1    1    1    1    1    1    1  1.96263E+09 0.34120 
   17   17    1    1    1    1    1    1    1    1  2.18312E+09 0.28857 
   18   18    1    1    1    1    1    1    1    1  9.50605E+09 0.19952 
   19   19    1    1    1    1    1    1    1    1  1.05433E+10 0.17259 
   20   20    1    1    1    1    1    1    1    1  2.98000E+10 0.15736 
   21   21    1    1    1    1    1    1    1    1  2.91656E+10 0.13895 
   22   22    1    1    1    1    1    1    1    1  7.27708E+10 0.12359 
   23   23    1    1    1    1    1    1    1    1  9.33778E+10 0.06754 
   24   24    1    1    1    1    1    1    1    1  1.39737E+11 0.04776 
   25   25    1    1    1    1    1    1    1    1  1.88982E+11 0.05343 
   26   26    1    1    1    1    1    1    1    1  3.23280E+11 0.03862 
   27   27    1    1    1    1    1    1    1    1  6.24347E+11 0.03593 
   28   28    1    1    1    1    1    1    1    1  1.28880E+12 0.02485 
   29   29    1    1    1    1    1    1    1    1  1.78051E+12 0.02583 
   30   30    1    1    1    1    1    1    1    1  5.17389E+12 0.01411 
   31   31    1    1    1    1    1    1    1    1  1.36831E+13 0.00960 
   32   32    1    1    1    1    1    1    1    1  2.24101E+13 0.00952 
   33   33    1    1    1    1    1    1    1    1  4.61374E+13 0.00574 
   34   34    1    1    1    1    1    1    1    1  5.58199E+13 0.00429 
   35   35    1    1    1    1    1    1    1    1  8.08880E+13 0.00373 
   36   36    1    1    1    1    1    1    1    1  6.00535E+13 0.00259 
   37   37    1    1    1    1    1    1    1    1  1.90434E+13 0.00376 
   38   38    1    1    1    1    1    1    1    1  9.59117E+13 0.00240 
   39   39    1    1    1    1    1    1    1    1  1.22617E+14 0.00273 
   40   40    1    1    1    1    1    1    1    1  2.01557E+14 0.00309 
   41   41    1    1    1    1    1    1    1    1  2.01806E+14 0.00303 
   42   42    1    1    1    1    1    1    1    1  3.82678E+14 0.00342 
   43   43    1    1    1    1    1    1    1    1  4.31225E+14 0.00289 
   44   44    1    1    1    1    1    1    1    1  5.76759E+14 0.00267 
   45   45    1    1    1    1    1    1    1    1  1.04840E+15 0.00265 
   46   46    1    1    1    1    1    1    1    1  5.17962E+14 0.00237 
   47   47    1    1    1    1    1    1    1    1  7.91073E+14 0.00218 
   48   48    1    1    1    1    1    1    1    1  1.08792E+15 0.00249 
   49   49    1    1    1    1    1    1    1    1  1.02509E+15 0.00260 
   50   50    1    1    1    1    1    1    1    1  1.54656E+15 0.00268 
   51   51    1    1    1    1    1    1    1    1  1.22857E+15 0.00225 
   52   52    1    1    1    1    1    1    1    1  1.38797E+15 0.00255 
   53   53    1    1    1    1    1    1    1    1  9.75339E+14 0.00231 
   54   54    1    1    1    1    1    1    1    1  1.15734E+15 0.00259 
   55   55    1    1    1    1    1    1    1    1  8.08746E+14 0.00272 
   56   56    1    1    1    1    1    1    1    1  1.11079E+14 0.00314 
   57   57    1    1    1    1    1    1    1    1  1.58317E+15 0.00255 
   58   58    1    1    1    1    1    1    1    1  6.78335E+14 0.00261 
   59   59    1    1    1    1    1    1    1    1  7.29822E+14 0.00259 
   60   60    1    1    1    1    1    1    1    1  5.58234E+14 0.00244 
   61   61    1    1    1    1    1    1    1    1  5.59602E+14 0.00264 
   62   62    1    1    1    1    1    1    1    1  5.67276E+14 0.00274 
   63   63    1    1    1    1    1    1    1    1  4.69778E+14 0.00269 
   64   64    1    1    1    1    1    1    1    1  3.70588E+14 0.00296 
   65   65    1    1    1    1    1    1    1    1  3.63559E+14 0.00317 
   66   66    1    1    1    1    1    1    1    1  2.74581E+14 0.00275 
   67   67    1    1    1    1    1    1    1    1  2.25930E+14 0.00307 
   68   68    1    1    1    1    1    1    1    1  2.02149E+14 0.00367 
   69   69    1    1    1    1    1    1    1    1  2.42732E+14 0.00316 
   70   70    1    1    1    1    1    1    1    1  2.07605E+14 0.00367 
   71   71    1    1    1    1    1    1    1    1  3.89957E+14 0.00339 
   72   72    1    1    1    1    1    1    1    1  2.79221E+14 0.00345 
   73   73    1    1    1    1    1    1    1    1  2.11439E+14 0.00218 
   74   74    1    1    1    1    1    1    1    1  1.67899E+14 0.00300 
   75   75    1    1    1    1    1    1    1    1  1.34822E+14 0.00312 
   76   76    1    1    1    1    1    1    1    1  1.52716E+14 0.00405 
   77   77    1    1    1    1    1    1    1    1  1.17481E+14 0.00434 
   78   78    1    1    1    1    1    1    1    1  9.08847E+13 0.00457 
   79   79    1    1    1    1    1    1    1    1  9.22894E+13 0.00388 
   80   80    1    1    1    1    1    1    1    1  6.84866E+13 0.00406 
   81   81    1    1    1    1    1    1    1    1  5.24780E+13 0.00465 
   82   82    1    1    1    1    1    1    1    1  4.05240E+13 0.00395 
   83   83    1    1    1    1    1    1    1    1  3.77583E+13 0.00531 
   84   84    1    1    1    1    1    1    1    1  2.68894E+13 0.00575 
   85   85    1    1    1    1    1    1    1    1  1.94352E+13 0.00755 
   86   86    1    1    1    1    1    1    1    1  1.81879E+13 0.00764 
   87   87    1    1    1    1    1    1    1    1  1.14464E+13 0.00825 
   88   88    1    1    1    1    1    1    1    1  7.58507E+12 0.00855 
   89   89    1    1    1    1    1    1    1    1  4.29084E+12 0.01851 
   90   90    1    1    1    1    1    1    1    1  2.91599E+12 0.01566 
   91   91    1    1    1    1    1    1    1    1  1.51827E+12 0.02449 
   92   92    1    1    1    1    1    1    1    1  7.45180E+11 0.03093 
   93   93    1    1    1    1    1    1    1    1  3.26945E+11 0.05437 
   94   94    1    1    1    1    1    1    1    1  1.56873E+11 0.08445 
   95   95    1    1    1    1    1    1    1    1  7.20000E+10 0.08395 
   96   96    1    1    1    1    1    1    1    1  3.83913E+10 0.10665 
   97   97    1    1    1    1    1    1    1    1  1.35999E+10 0.22941 
   98   98    1    1    1    1    1    1    1    1  7.24715E+09 0.33686 
   99   99    1    1    1    1    1    1    1    1  4.24182E+09 0.35943 
  100  100    1    1    1    1    1    1    1    1  1.97859E+09 0.57236 
];


