
DETdpaspec = [
    1    1    1    1    1    1    1    1    1    1  0.00000E+00 0.00000 
    2    2    1    1    1    1    1    1    1    1  0.00000E+00 0.00000 
    3    3    1    1    1    1    1    1    1    1  0.00000E+00 0.00000 
    4    4    1    1    1    1    1    1    1    1  0.00000E+00 0.00000 
    5    5    1    1    1    1    1    1    1    1  0.00000E+00 0.00000 
    6    6    1    1    1    1    1    1    1    1  0.00000E+00 0.00000 
    7    7    1    1    1    1    1    1    1    1  0.00000E+00 0.00000 
    8    8    1    1    1    1    1    1    1    1  0.00000E+00 0.00000 
    9    9    1    1    1    1    1    1    1    1  0.00000E+00 0.00000 
   10   10    1    1    1    1    1    1    1    1  1.00821E+08 1.00000 
   11   11    1    1    1    1    1    1    1    1  0.00000E+00 0.00000 
   12   12    1    1    1    1    1    1    1    1  1.14976E+09 1.00000 
   13   13    1    1    1    1    1    1    1    1  2.13711E+09 1.00000 
   14   14    1    1    1    1    1    1    1    1  2.67421E+08 1.00000 
   15   15    1    1    1    1    1    1    1    1  1.30869E+09 0.57562 
   16   16    1    1    1    1    1    1    1    1  4.84902E+08 1.00000 
   17   17    1    1    1    1    1    1    1    1  2.18340E+09 0.54851 
   18   18    1    1    1    1    1    1    1    1  7.52093E+09 0.32694 
   19   19    1    1    1    1    1    1    1    1  1.23932E+10 0.23555 
   20   20    1    1    1    1    1    1    1    1  1.17864E+11 0.13125 
   21   21    1    1    1    1    1    1    1    1  4.26343E+11 0.05144 
   22   22    1    1    1    1    1    1    1    1  1.72630E+12 0.02498 
   23   23    1    1    1    1    1    1    1    1  5.44617E+12 0.01209 
   24   24    1    1    1    1    1    1    1    1  1.16418E+13 0.00707 
   25   25    1    1    1    1    1    1    1    1  1.55805E+13 0.00602 
   26   26    1    1    1    1    1    1    1    1  2.69762E+13 0.00493 
   27   27    1    1    1    1    1    1    1    1  4.24848E+13 0.00354 
   28   28    1    1    1    1    1    1    1    1  6.68383E+13 0.00350 
   29   29    1    1    1    1    1    1    1    1  8.80256E+13 0.00320 
   30   30    1    1    1    1    1    1    1    1  1.44578E+14 0.00238 
   31   31    1    1    1    1    1    1    1    1  2.42962E+14 0.00169 
   32   32    1    1    1    1    1    1    1    1  3.06865E+14 0.00172 
   33   33    1    1    1    1    1    1    1    1  5.24419E+14 0.00141 
   34   34    1    1    1    1    1    1    1    1  5.89678E+14 0.00124 
   35   35    1    1    1    1    1    1    1    1  6.00467E+14 0.00107 
   36   36    1    1    1    1    1    1    1    1  3.75654E+14 0.00092 
   37   37    1    1    1    1    1    1    1    1  1.08383E+14 0.00109 
   38   38    1    1    1    1    1    1    1    1  5.77376E+14 0.00129 
   39   39    1    1    1    1    1    1    1    1  7.16928E+14 0.00137 
   40   40    1    1    1    1    1    1    1    1  1.18602E+15 0.00118 
   41   41    1    1    1    1    1    1    1    1  1.07327E+15 0.00131 
   42   42    1    1    1    1    1    1    1    1  2.08503E+15 0.00122 
   43   43    1    1    1    1    1    1    1    1  2.30456E+15 0.00130 
   44   44    1    1    1    1    1    1    1    1  3.00927E+15 0.00113 
   45   45    1    1    1    1    1    1    1    1  5.45543E+15 0.00093 
   46   46    1    1    1    1    1    1    1    1  2.55879E+15 0.00099 
   47   47    1    1    1    1    1    1    1    1  3.76675E+15 0.00090 
   48   48    1    1    1    1    1    1    1    1  5.09437E+15 0.00087 
   49   49    1    1    1    1    1    1    1    1  4.62434E+15 0.00090 
   50   50    1    1    1    1    1    1    1    1  7.11356E+15 0.00084 
   51   51    1    1    1    1    1    1    1    1  5.34530E+15 0.00076 
   52   52    1    1    1    1    1    1    1    1  6.22823E+15 0.00081 
   53   53    1    1    1    1    1    1    1    1  4.25726E+15 0.00093 
   54   54    1    1    1    1    1    1    1    1  5.24044E+15 0.00096 
   55   55    1    1    1    1    1    1    1    1  3.59185E+15 0.00095 
   56   56    1    1    1    1    1    1    1    1  4.85917E+14 0.00107 
   57   57    1    1    1    1    1    1    1    1  6.92297E+15 0.00097 
   58   58    1    1    1    1    1    1    1    1  3.11326E+15 0.00107 
   59   59    1    1    1    1    1    1    1    1  3.27747E+15 0.00087 
   60   60    1    1    1    1    1    1    1    1  2.60446E+15 0.00106 
   61   61    1    1    1    1    1    1    1    1  2.57497E+15 0.00102 
   62   62    1    1    1    1    1    1    1    1  2.61639E+15 0.00123 
   63   63    1    1    1    1    1    1    1    1  2.18261E+15 0.00145 
   64   64    1    1    1    1    1    1    1    1  1.70869E+15 0.00140 
   65   65    1    1    1    1    1    1    1    1  1.67300E+15 0.00108 
   66   66    1    1    1    1    1    1    1    1  1.25641E+15 0.00128 
   67   67    1    1    1    1    1    1    1    1  1.01481E+15 0.00142 
   68   68    1    1    1    1    1    1    1    1  8.94426E+14 0.00150 
   69   69    1    1    1    1    1    1    1    1  1.07345E+15 0.00141 
   70   70    1    1    1    1    1    1    1    1  9.05699E+14 0.00155 
   71   71    1    1    1    1    1    1    1    1  1.60935E+15 0.00132 
   72   72    1    1    1    1    1    1    1    1  1.13061E+15 0.00140 
   73   73    1    1    1    1    1    1    1    1  8.53744E+14 0.00181 
   74   74    1    1    1    1    1    1    1    1  6.94794E+14 0.00146 
   75   75    1    1    1    1    1    1    1    1  5.81609E+14 0.00160 
   76   76    1    1    1    1    1    1    1    1  6.76558E+14 0.00195 
   77   77    1    1    1    1    1    1    1    1  5.38573E+14 0.00146 
   78   78    1    1    1    1    1    1    1    1  4.25367E+14 0.00161 
   79   79    1    1    1    1    1    1    1    1  4.40473E+14 0.00180 
   80   80    1    1    1    1    1    1    1    1  3.26787E+14 0.00168 
   81   81    1    1    1    1    1    1    1    1  2.52219E+14 0.00200 
   82   82    1    1    1    1    1    1    1    1  1.92696E+14 0.00253 
   83   83    1    1    1    1    1    1    1    1  1.79422E+14 0.00229 
   84   84    1    1    1    1    1    1    1    1  1.27902E+14 0.00338 
   85   85    1    1    1    1    1    1    1    1  9.18675E+13 0.00290 
   86   86    1    1    1    1    1    1    1    1  8.53558E+13 0.00346 
   87   87    1    1    1    1    1    1    1    1  5.15435E+13 0.00486 
   88   88    1    1    1    1    1    1    1    1  3.40394E+13 0.00527 
   89   89    1    1    1    1    1    1    1    1  1.93044E+13 0.00775 
   90   90    1    1    1    1    1    1    1    1  1.24382E+13 0.00542 
   91   91    1    1    1    1    1    1    1    1  6.15725E+12 0.01173 
   92   92    1    1    1    1    1    1    1    1  2.82175E+12 0.01505 
   93   93    1    1    1    1    1    1    1    1  1.30860E+12 0.02149 
   94   94    1    1    1    1    1    1    1    1  6.49756E+11 0.03622 
   95   95    1    1    1    1    1    1    1    1  3.11215E+11 0.06161 
   96   96    1    1    1    1    1    1    1    1  1.31410E+11 0.09036 
   97   97    1    1    1    1    1    1    1    1  7.47950E+10 0.12130 
   98   98    1    1    1    1    1    1    1    1  3.53591E+10 0.12962 
   99   99    1    1    1    1    1    1    1    1  7.63913E+09 0.29858 
  100  100    1    1    1    1    1    1    1    1  1.16180E+10 0.26791 
];


