
DETdpaspec = [
    1    1    1    1    1    1    1    1    1    1  0.00000E+00 0.00000 
    2    2    1    1    1    1    1    1    1    1  0.00000E+00 0.00000 
    3    3    1    1    1    1    1    1    1    1  0.00000E+00 0.00000 
    4    4    1    1    1    1    1    1    1    1  0.00000E+00 0.00000 
    5    5    1    1    1    1    1    1    1    1  0.00000E+00 0.00000 
    6    6    1    1    1    1    1    1    1    1  0.00000E+00 0.00000 
    7    7    1    1    1    1    1    1    1    1  0.00000E+00 0.00000 
    8    8    1    1    1    1    1    1    1    1  3.20657E+07 1.00000 
    9    9    1    1    1    1    1    1    1    1  5.83732E+07 0.58421 
   10   10    1    1    1    1    1    1    1    1  1.53493E+08 0.80793 
   11   11    1    1    1    1    1    1    1    1  1.06838E+08 1.00000 
   12   12    1    1    1    1    1    1    1    1  8.14643E+07 1.00000 
   13   13    1    1    1    1    1    1    1    1  6.90739E+09 0.34225 
   14   14    1    1    1    1    1    1    1    1  6.07257E+09 0.43552 
   15   15    1    1    1    1    1    1    1    1  6.63472E+09 0.30625 
   16   16    1    1    1    1    1    1    1    1  2.84566E+09 0.34145 
   17   17    1    1    1    1    1    1    1    1  4.81685E+09 0.43528 
   18   18    1    1    1    1    1    1    1    1  8.07029E+09 0.24314 
   19   19    1    1    1    1    1    1    1    1  1.45621E+10 0.19047 
   20   20    1    1    1    1    1    1    1    1  3.49103E+10 0.17672 
   21   21    1    1    1    1    1    1    1    1  3.87132E+10 0.13864 
   22   22    1    1    1    1    1    1    1    1  8.99786E+10 0.11238 
   23   23    1    1    1    1    1    1    1    1  2.48706E+11 0.06069 
   24   24    1    1    1    1    1    1    1    1  6.32881E+11 0.04403 
   25   25    1    1    1    1    1    1    1    1  1.16795E+12 0.03336 
   26   26    1    1    1    1    1    1    1    1  2.46463E+12 0.02079 
   27   27    1    1    1    1    1    1    1    1  5.31263E+12 0.01175 
   28   28    1    1    1    1    1    1    1    1  1.21215E+13 0.00646 
   29   29    1    1    1    1    1    1    1    1  2.02723E+13 0.00818 
   30   30    1    1    1    1    1    1    1    1  4.14635E+13 0.00399 
   31   31    1    1    1    1    1    1    1    1  9.60318E+13 0.00191 
   32   32    1    1    1    1    1    1    1    1  1.43560E+14 0.00213 
   33   33    1    1    1    1    1    1    1    1  2.86567E+14 0.00206 
   34   34    1    1    1    1    1    1    1    1  3.62407E+14 0.00192 
   35   35    1    1    1    1    1    1    1    1  4.24526E+14 0.00150 
   36   36    1    1    1    1    1    1    1    1  2.88824E+14 0.00115 
   37   37    1    1    1    1    1    1    1    1  8.60838E+13 0.00106 
   38   38    1    1    1    1    1    1    1    1  4.59612E+14 0.00103 
   39   39    1    1    1    1    1    1    1    1  5.85429E+14 0.00099 
   40   40    1    1    1    1    1    1    1    1  9.96154E+14 0.00093 
   41   41    1    1    1    1    1    1    1    1  9.39212E+14 0.00105 
   42   42    1    1    1    1    1    1    1    1  1.85999E+15 0.00094 
   43   43    1    1    1    1    1    1    1    1  2.11388E+15 0.00092 
   44   44    1    1    1    1    1    1    1    1  2.84500E+15 0.00061 
   45   45    1    1    1    1    1    1    1    1  5.36096E+15 0.00071 
   46   46    1    1    1    1    1    1    1    1  2.62085E+15 0.00081 
   47   47    1    1    1    1    1    1    1    1  3.92549E+15 0.00039 
   48   48    1    1    1    1    1    1    1    1  5.45621E+15 0.00066 
   49   49    1    1    1    1    1    1    1    1  5.07344E+15 0.00059 
   50   50    1    1    1    1    1    1    1    1  7.96461E+15 0.00058 
   51   51    1    1    1    1    1    1    1    1  6.16741E+15 0.00065 
   52   52    1    1    1    1    1    1    1    1  7.27162E+15 0.00067 
   53   53    1    1    1    1    1    1    1    1  5.08251E+15 0.00064 
   54   54    1    1    1    1    1    1    1    1  6.30476E+15 0.00042 
   55   55    1    1    1    1    1    1    1    1  4.38586E+15 0.00067 
   56   56    1    1    1    1    1    1    1    1  5.97423E+14 0.00085 
   57   57    1    1    1    1    1    1    1    1  8.57626E+15 0.00056 
   58   58    1    1    1    1    1    1    1    1  3.88276E+15 0.00070 
   59   59    1    1    1    1    1    1    1    1  4.13694E+15 0.00058 
   60   60    1    1    1    1    1    1    1    1  3.30220E+15 0.00064 
   61   61    1    1    1    1    1    1    1    1  3.28943E+15 0.00067 
   62   62    1    1    1    1    1    1    1    1  3.37109E+15 0.00061 
   63   63    1    1    1    1    1    1    1    1  2.83357E+15 0.00074 
   64   64    1    1    1    1    1    1    1    1  2.24432E+15 0.00057 
   65   65    1    1    1    1    1    1    1    1  2.21448E+15 0.00085 
   66   66    1    1    1    1    1    1    1    1  1.68050E+15 0.00069 
   67   67    1    1    1    1    1    1    1    1  1.36874E+15 0.00084 
   68   68    1    1    1    1    1    1    1    1  1.21349E+15 0.00107 
   69   69    1    1    1    1    1    1    1    1  1.46327E+15 0.00087 
   70   70    1    1    1    1    1    1    1    1  1.24714E+15 0.00090 
   71   71    1    1    1    1    1    1    1    1  2.25787E+15 0.00066 
   72   72    1    1    1    1    1    1    1    1  1.61149E+15 0.00066 
   73   73    1    1    1    1    1    1    1    1  1.22949E+15 0.00118 
   74   74    1    1    1    1    1    1    1    1  1.00203E+15 0.00114 
   75   75    1    1    1    1    1    1    1    1  8.35993E+14 0.00106 
   76   76    1    1    1    1    1    1    1    1  9.76111E+14 0.00123 
   77   77    1    1    1    1    1    1    1    1  7.76604E+14 0.00118 
   78   78    1    1    1    1    1    1    1    1  6.15756E+14 0.00140 
   79   79    1    1    1    1    1    1    1    1  6.40452E+14 0.00130 
   80   80    1    1    1    1    1    1    1    1  4.77249E+14 0.00103 
   81   81    1    1    1    1    1    1    1    1  3.69798E+14 0.00151 
   82   82    1    1    1    1    1    1    1    1  2.84726E+14 0.00220 
   83   83    1    1    1    1    1    1    1    1  2.65863E+14 0.00219 
   84   84    1    1    1    1    1    1    1    1  1.91738E+14 0.00188 
   85   85    1    1    1    1    1    1    1    1  1.38727E+14 0.00302 
   86   86    1    1    1    1    1    1    1    1  1.29441E+14 0.00336 
   87   87    1    1    1    1    1    1    1    1  7.96663E+13 0.00291 
   88   88    1    1    1    1    1    1    1    1  5.37150E+13 0.00464 
   89   89    1    1    1    1    1    1    1    1  3.06153E+13 0.00584 
   90   90    1    1    1    1    1    1    1    1  2.02263E+13 0.00683 
   91   91    1    1    1    1    1    1    1    1  9.97236E+12 0.00881 
   92   92    1    1    1    1    1    1    1    1  4.84139E+12 0.01415 
   93   93    1    1    1    1    1    1    1    1  2.32245E+12 0.01877 
   94   94    1    1    1    1    1    1    1    1  1.08819E+12 0.03188 
   95   95    1    1    1    1    1    1    1    1  5.56415E+11 0.02253 
   96   96    1    1    1    1    1    1    1    1  2.63199E+11 0.05168 
   97   97    1    1    1    1    1    1    1    1  1.24382E+11 0.07669 
   98   98    1    1    1    1    1    1    1    1  6.77704E+10 0.10015 
   99   99    1    1    1    1    1    1    1    1  2.80517E+10 0.14832 
  100  100    1    1    1    1    1    1    1    1  2.63477E+10 0.16211 
];


