
DETdpaspec = [
    1    1    1    1    1    1    1    1    1    1  0.00000E+00 0.00000 
    2    2    1    1    1    1    1    1    1    1  0.00000E+00 0.00000 
    3    3    1    1    1    1    1    1    1    1  0.00000E+00 0.00000 
    4    4    1    1    1    1    1    1    1    1  0.00000E+00 0.00000 
    5    5    1    1    1    1    1    1    1    1  0.00000E+00 0.00000 
    6    6    1    1    1    1    1    1    1    1  0.00000E+00 0.00000 
    7    7    1    1    1    1    1    1    1    1  0.00000E+00 0.00000 
    8    8    1    1    1    1    1    1    1    1  2.06565E+07 1.00000 
    9    9    1    1    1    1    1    1    1    1  0.00000E+00 0.00000 
   10   10    1    1    1    1    1    1    1    1  6.75513E+07 1.00000 
   11   11    1    1    1    1    1    1    1    1  0.00000E+00 0.00000 
   12   12    1    1    1    1    1    1    1    1  5.66999E+07 0.69067 
   13   13    1    1    1    1    1    1    1    1  7.03686E+08 0.55460 
   14   14    1    1    1    1    1    1    1    1  2.97205E+09 0.38220 
   15   15    1    1    1    1    1    1    1    1  6.75920E+09 0.37488 
   16   16    1    1    1    1    1    1    1    1  2.28384E+09 0.26414 
   17   17    1    1    1    1    1    1    1    1  2.32401E+09 0.37654 
   18   18    1    1    1    1    1    1    1    1  8.31428E+09 0.24332 
   19   19    1    1    1    1    1    1    1    1  8.85779E+09 0.18289 
   20   20    1    1    1    1    1    1    1    1  2.71378E+10 0.18967 
   21   21    1    1    1    1    1    1    1    1  2.29633E+10 0.16142 
   22   22    1    1    1    1    1    1    1    1  7.08799E+10 0.12173 
   23   23    1    1    1    1    1    1    1    1  8.34613E+10 0.08564 
   24   24    1    1    1    1    1    1    1    1  1.31750E+11 0.07896 
   25   25    1    1    1    1    1    1    1    1  1.86445E+11 0.05843 
   26   26    1    1    1    1    1    1    1    1  3.39577E+11 0.04633 
   27   27    1    1    1    1    1    1    1    1  6.16376E+11 0.02713 
   28   28    1    1    1    1    1    1    1    1  1.26403E+12 0.01898 
   29   29    1    1    1    1    1    1    1    1  1.67505E+12 0.01941 
   30   30    1    1    1    1    1    1    1    1  4.88590E+12 0.01535 
   31   31    1    1    1    1    1    1    1    1  1.24981E+13 0.00986 
   32   32    1    1    1    1    1    1    1    1  2.00189E+13 0.00705 
   33   33    1    1    1    1    1    1    1    1  4.07351E+13 0.00571 
   34   34    1    1    1    1    1    1    1    1  4.93385E+13 0.00428 
   35   35    1    1    1    1    1    1    1    1  7.19876E+13 0.00479 
   36   36    1    1    1    1    1    1    1    1  5.33004E+13 0.00451 
   37   37    1    1    1    1    1    1    1    1  1.69847E+13 0.00493 
   38   38    1    1    1    1    1    1    1    1  8.49239E+13 0.00439 
   39   39    1    1    1    1    1    1    1    1  1.08356E+14 0.00377 
   40   40    1    1    1    1    1    1    1    1  1.77261E+14 0.00366 
   41   41    1    1    1    1    1    1    1    1  1.76979E+14 0.00391 
   42   42    1    1    1    1    1    1    1    1  3.34036E+14 0.00349 
   43   43    1    1    1    1    1    1    1    1  3.75914E+14 0.00372 
   44   44    1    1    1    1    1    1    1    1  5.01206E+14 0.00324 
   45   45    1    1    1    1    1    1    1    1  9.09302E+14 0.00293 
   46   46    1    1    1    1    1    1    1    1  4.48783E+14 0.00340 
   47   47    1    1    1    1    1    1    1    1  6.85327E+14 0.00314 
   48   48    1    1    1    1    1    1    1    1  9.40477E+14 0.00334 
   49   49    1    1    1    1    1    1    1    1  8.88456E+14 0.00339 
   50   50    1    1    1    1    1    1    1    1  1.33574E+15 0.00311 
   51   51    1    1    1    1    1    1    1    1  1.06678E+15 0.00364 
   52   52    1    1    1    1    1    1    1    1  1.20001E+15 0.00382 
   53   53    1    1    1    1    1    1    1    1  8.44606E+14 0.00356 
   54   54    1    1    1    1    1    1    1    1  1.00061E+15 0.00366 
   55   55    1    1    1    1    1    1    1    1  6.98398E+14 0.00332 
   56   56    1    1    1    1    1    1    1    1  9.64186E+13 0.00384 
   57   57    1    1    1    1    1    1    1    1  1.36857E+15 0.00372 
   58   58    1    1    1    1    1    1    1    1  5.82841E+14 0.00364 
   59   59    1    1    1    1    1    1    1    1  6.28777E+14 0.00388 
   60   60    1    1    1    1    1    1    1    1  4.81417E+14 0.00457 
   61   61    1    1    1    1    1    1    1    1  4.82242E+14 0.00390 
   62   62    1    1    1    1    1    1    1    1  4.89406E+14 0.00420 
   63   63    1    1    1    1    1    1    1    1  4.04936E+14 0.00430 
   64   64    1    1    1    1    1    1    1    1  3.19569E+14 0.00474 
   65   65    1    1    1    1    1    1    1    1  3.14658E+14 0.00386 
   66   66    1    1    1    1    1    1    1    1  2.37472E+14 0.00404 
   67   67    1    1    1    1    1    1    1    1  1.95606E+14 0.00466 
   68   68    1    1    1    1    1    1    1    1  1.74317E+14 0.00496 
   69   69    1    1    1    1    1    1    1    1  2.09717E+14 0.00453 
   70   70    1    1    1    1    1    1    1    1  1.79716E+14 0.00478 
   71   71    1    1    1    1    1    1    1    1  3.36277E+14 0.00412 
   72   72    1    1    1    1    1    1    1    1  2.42434E+14 0.00473 
   73   73    1    1    1    1    1    1    1    1  1.82893E+14 0.00464 
   74   74    1    1    1    1    1    1    1    1  1.44996E+14 0.00458 
   75   75    1    1    1    1    1    1    1    1  1.16759E+14 0.00517 
   76   76    1    1    1    1    1    1    1    1  1.31306E+14 0.00534 
   77   77    1    1    1    1    1    1    1    1  1.01138E+14 0.00522 
   78   78    1    1    1    1    1    1    1    1  7.78629E+13 0.00569 
   79   79    1    1    1    1    1    1    1    1  7.95219E+13 0.00528 
   80   80    1    1    1    1    1    1    1    1  5.85449E+13 0.00630 
   81   81    1    1    1    1    1    1    1    1  4.47796E+13 0.00538 
   82   82    1    1    1    1    1    1    1    1  3.45873E+13 0.00648 
   83   83    1    1    1    1    1    1    1    1  3.22502E+13 0.00649 
   84   84    1    1    1    1    1    1    1    1  2.29554E+13 0.00622 
   85   85    1    1    1    1    1    1    1    1  1.66256E+13 0.00938 
   86   86    1    1    1    1    1    1    1    1  1.54979E+13 0.00976 
   87   87    1    1    1    1    1    1    1    1  9.83115E+12 0.00877 
   88   88    1    1    1    1    1    1    1    1  6.64722E+12 0.01100 
   89   89    1    1    1    1    1    1    1    1  3.77771E+12 0.01264 
   90   90    1    1    1    1    1    1    1    1  2.54534E+12 0.01594 
   91   91    1    1    1    1    1    1    1    1  1.26621E+12 0.02549 
   92   92    1    1    1    1    1    1    1    1  6.24167E+11 0.04167 
   93   93    1    1    1    1    1    1    1    1  3.08313E+11 0.05187 
   94   94    1    1    1    1    1    1    1    1  1.42541E+11 0.06853 
   95   95    1    1    1    1    1    1    1    1  7.84383E+10 0.09035 
   96   96    1    1    1    1    1    1    1    1  3.01426E+10 0.15991 
   97   97    1    1    1    1    1    1    1    1  1.68960E+10 0.28063 
   98   98    1    1    1    1    1    1    1    1  5.05036E+09 0.41077 
   99   99    1    1    1    1    1    1    1    1  4.25935E+09 0.48494 
  100  100    1    1    1    1    1    1    1    1  8.20852E+09 0.36166 
];


