
DETdpaspec = [
    1    1    1    1    1    1    1    1    1    1  0.00000E+00 0.00000 
    2    2    1    1    1    1    1    1    1    1  0.00000E+00 0.00000 
    3    3    1    1    1    1    1    1    1    1  0.00000E+00 0.00000 
    4    4    1    1    1    1    1    1    1    1  0.00000E+00 0.00000 
    5    5    1    1    1    1    1    1    1    1  0.00000E+00 0.00000 
    6    6    1    1    1    1    1    1    1    1  0.00000E+00 0.00000 
    7    7    1    1    1    1    1    1    1    1  0.00000E+00 0.00000 
    8    8    1    1    1    1    1    1    1    1  0.00000E+00 0.00000 
    9    9    1    1    1    1    1    1    1    1  1.66688E+07 1.00000 
   10   10    1    1    1    1    1    1    1    1  1.40910E+08 0.72131 
   11   11    1    1    1    1    1    1    1    1  6.45824E+07 1.00000 
   12   12    1    1    1    1    1    1    1    1  1.63114E+08 0.50172 
   13   13    1    1    1    1    1    1    1    1  1.74001E+09 0.46975 
   14   14    1    1    1    1    1    1    1    1  2.68401E+09 0.54053 
   15   15    1    1    1    1    1    1    1    1  5.11254E+09 0.48365 
   16   16    1    1    1    1    1    1    1    1  9.22166E+08 0.38010 
   17   17    1    1    1    1    1    1    1    1  3.86111E+09 0.23433 
   18   18    1    1    1    1    1    1    1    1  1.10082E+10 0.19328 
   19   19    1    1    1    1    1    1    1    1  1.20057E+10 0.15415 
   20   20    1    1    1    1    1    1    1    1  2.91585E+10 0.13423 
   21   21    1    1    1    1    1    1    1    1  2.38888E+10 0.13264 
   22   22    1    1    1    1    1    1    1    1  7.66387E+10 0.09593 
   23   23    1    1    1    1    1    1    1    1  9.96954E+10 0.06148 
   24   24    1    1    1    1    1    1    1    1  1.36447E+11 0.08085 
   25   25    1    1    1    1    1    1    1    1  1.78138E+11 0.05639 
   26   26    1    1    1    1    1    1    1    1  3.20716E+11 0.03494 
   27   27    1    1    1    1    1    1    1    1  6.37185E+11 0.03556 
   28   28    1    1    1    1    1    1    1    1  1.18879E+12 0.02503 
   29   29    1    1    1    1    1    1    1    1  1.62825E+12 0.02041 
   30   30    1    1    1    1    1    1    1    1  4.81045E+12 0.01556 
   31   31    1    1    1    1    1    1    1    1  1.27453E+13 0.01066 
   32   32    1    1    1    1    1    1    1    1  2.01938E+13 0.00561 
   33   33    1    1    1    1    1    1    1    1  4.05263E+13 0.00566 
   34   34    1    1    1    1    1    1    1    1  4.84694E+13 0.00466 
   35   35    1    1    1    1    1    1    1    1  7.08054E+13 0.00397 
   36   36    1    1    1    1    1    1    1    1  5.24455E+13 0.00455 
   37   37    1    1    1    1    1    1    1    1  1.67187E+13 0.00536 
   38   38    1    1    1    1    1    1    1    1  8.33996E+13 0.00377 
   39   39    1    1    1    1    1    1    1    1  1.06344E+14 0.00467 
   40   40    1    1    1    1    1    1    1    1  1.73882E+14 0.00424 
   41   41    1    1    1    1    1    1    1    1  1.74227E+14 0.00411 
   42   42    1    1    1    1    1    1    1    1  3.26428E+14 0.00399 
   43   43    1    1    1    1    1    1    1    1  3.68264E+14 0.00416 
   44   44    1    1    1    1    1    1    1    1  4.91162E+14 0.00367 
   45   45    1    1    1    1    1    1    1    1  8.89566E+14 0.00369 
   46   46    1    1    1    1    1    1    1    1  4.39548E+14 0.00426 
   47   47    1    1    1    1    1    1    1    1  6.70825E+14 0.00409 
   48   48    1    1    1    1    1    1    1    1  9.20545E+14 0.00408 
   49   49    1    1    1    1    1    1    1    1  8.69069E+14 0.00449 
   50   50    1    1    1    1    1    1    1    1  1.30843E+15 0.00409 
   51   51    1    1    1    1    1    1    1    1  1.04652E+15 0.00440 
   52   52    1    1    1    1    1    1    1    1  1.17752E+15 0.00452 
   53   53    1    1    1    1    1    1    1    1  8.28846E+14 0.00448 
   54   54    1    1    1    1    1    1    1    1  9.80496E+14 0.00469 
   55   55    1    1    1    1    1    1    1    1  6.86712E+14 0.00455 
   56   56    1    1    1    1    1    1    1    1  9.46577E+13 0.00514 
   57   57    1    1    1    1    1    1    1    1  1.34343E+15 0.00491 
   58   58    1    1    1    1    1    1    1    1  5.72412E+14 0.00514 
   59   59    1    1    1    1    1    1    1    1  6.18966E+14 0.00482 
   60   60    1    1    1    1    1    1    1    1  4.71547E+14 0.00449 
   61   61    1    1    1    1    1    1    1    1  4.73203E+14 0.00446 
   62   62    1    1    1    1    1    1    1    1  4.80200E+14 0.00455 
   63   63    1    1    1    1    1    1    1    1  3.98337E+14 0.00504 
   64   64    1    1    1    1    1    1    1    1  3.14092E+14 0.00527 
   65   65    1    1    1    1    1    1    1    1  3.08597E+14 0.00508 
   66   66    1    1    1    1    1    1    1    1  2.32536E+14 0.00513 
   67   67    1    1    1    1    1    1    1    1  1.91606E+14 0.00494 
   68   68    1    1    1    1    1    1    1    1  1.71065E+14 0.00529 
   69   69    1    1    1    1    1    1    1    1  2.07441E+14 0.00506 
   70   70    1    1    1    1    1    1    1    1  1.76824E+14 0.00533 
   71   71    1    1    1    1    1    1    1    1  3.32295E+14 0.00517 
   72   72    1    1    1    1    1    1    1    1  2.39085E+14 0.00502 
   73   73    1    1    1    1    1    1    1    1  1.80700E+14 0.00504 
   74   74    1    1    1    1    1    1    1    1  1.42452E+14 0.00629 
   75   75    1    1    1    1    1    1    1    1  1.14818E+14 0.00493 
   76   76    1    1    1    1    1    1    1    1  1.29671E+14 0.00519 
   77   77    1    1    1    1    1    1    1    1  9.92772E+13 0.00642 
   78   78    1    1    1    1    1    1    1    1  7.64868E+13 0.00677 
   79   79    1    1    1    1    1    1    1    1  7.81951E+13 0.00638 
   80   80    1    1    1    1    1    1    1    1  5.73085E+13 0.00665 
   81   81    1    1    1    1    1    1    1    1  4.40650E+13 0.00593 
   82   82    1    1    1    1    1    1    1    1  3.34738E+13 0.00693 
   83   83    1    1    1    1    1    1    1    1  3.15688E+13 0.00654 
   84   84    1    1    1    1    1    1    1    1  2.27857E+13 0.01003 
   85   85    1    1    1    1    1    1    1    1  1.64068E+13 0.00935 
   86   86    1    1    1    1    1    1    1    1  1.52780E+13 0.00947 
   87   87    1    1    1    1    1    1    1    1  9.52605E+12 0.00651 
   88   88    1    1    1    1    1    1    1    1  6.51764E+12 0.01357 
   89   89    1    1    1    1    1    1    1    1  3.65562E+12 0.01199 
   90   90    1    1    1    1    1    1    1    1  2.46198E+12 0.01323 
   91   91    1    1    1    1    1    1    1    1  1.30209E+12 0.02580 
   92   92    1    1    1    1    1    1    1    1  5.95317E+11 0.04293 
   93   93    1    1    1    1    1    1    1    1  2.88634E+11 0.05415 
   94   94    1    1    1    1    1    1    1    1  1.49839E+11 0.06706 
   95   95    1    1    1    1    1    1    1    1  7.64688E+10 0.07145 
   96   96    1    1    1    1    1    1    1    1  3.20091E+10 0.18092 
   97   97    1    1    1    1    1    1    1    1  1.38417E+10 0.16064 
   98   98    1    1    1    1    1    1    1    1  5.43370E+09 0.37545 
   99   99    1    1    1    1    1    1    1    1  7.97309E+09 0.45078 
  100  100    1    1    1    1    1    1    1    1  4.76081E+09 0.50107 
];


