
DETdpaspec = [
    1    1    1    1    1    1    1    1    1    1  0.00000E+00 0.00000 
    2    2    1    1    1    1    1    1    1    1  0.00000E+00 0.00000 
    3    3    1    1    1    1    1    1    1    1  0.00000E+00 0.00000 
    4    4    1    1    1    1    1    1    1    1  0.00000E+00 0.00000 
    5    5    1    1    1    1    1    1    1    1  0.00000E+00 0.00000 
    6    6    1    1    1    1    1    1    1    1  0.00000E+00 0.00000 
    7    7    1    1    1    1    1    1    1    1  0.00000E+00 0.00000 
    8    8    1    1    1    1    1    1    1    1  0.00000E+00 0.00000 
    9    9    1    1    1    1    1    1    1    1  0.00000E+00 0.00000 
   10   10    1    1    1    1    1    1    1    1  1.00638E+08 0.71289 
   11   11    1    1    1    1    1    1    1    1  3.07283E+08 0.48278 
   12   12    1    1    1    1    1    1    1    1  2.52406E+07 1.00000 
   13   13    1    1    1    1    1    1    1    1  9.67528E+08 0.75470 
   14   14    1    1    1    1    1    1    1    1  2.51798E+09 0.38462 
   15   15    1    1    1    1    1    1    1    1  7.83213E+09 0.25221 
   16   16    1    1    1    1    1    1    1    1  2.11064E+09 0.25310 
   17   17    1    1    1    1    1    1    1    1  4.95379E+09 0.19545 
   18   18    1    1    1    1    1    1    1    1  1.12877E+10 0.23002 
   19   19    1    1    1    1    1    1    1    1  1.25573E+10 0.16736 
   20   20    1    1    1    1    1    1    1    1  3.80695E+10 0.13236 
   21   21    1    1    1    1    1    1    1    1  2.34038E+10 0.09727 
   22   22    1    1    1    1    1    1    1    1  9.23451E+10 0.07668 
   23   23    1    1    1    1    1    1    1    1  1.24097E+11 0.07407 
   24   24    1    1    1    1    1    1    1    1  1.91556E+11 0.05099 
   25   25    1    1    1    1    1    1    1    1  2.52388E+11 0.03721 
   26   26    1    1    1    1    1    1    1    1  4.46445E+11 0.03975 
   27   27    1    1    1    1    1    1    1    1  8.62013E+11 0.03319 
   28   28    1    1    1    1    1    1    1    1  1.77954E+12 0.02631 
   29   29    1    1    1    1    1    1    1    1  2.48459E+12 0.01959 
   30   30    1    1    1    1    1    1    1    1  7.21974E+12 0.01090 
   31   31    1    1    1    1    1    1    1    1  1.93987E+13 0.00782 
   32   32    1    1    1    1    1    1    1    1  3.22163E+13 0.00483 
   33   33    1    1    1    1    1    1    1    1  6.66177E+13 0.00390 
   34   34    1    1    1    1    1    1    1    1  8.14421E+13 0.00372 
   35   35    1    1    1    1    1    1    1    1  1.17121E+14 0.00319 
   36   36    1    1    1    1    1    1    1    1  8.70217E+13 0.00245 
   37   37    1    1    1    1    1    1    1    1  2.75847E+13 0.00250 
   38   38    1    1    1    1    1    1    1    1  1.40219E+14 0.00256 
   39   39    1    1    1    1    1    1    1    1  1.79303E+14 0.00188 
   40   40    1    1    1    1    1    1    1    1  2.96915E+14 0.00183 
   41   41    1    1    1    1    1    1    1    1  2.96579E+14 0.00235 
   42   42    1    1    1    1    1    1    1    1  5.64318E+14 0.00239 
   43   43    1    1    1    1    1    1    1    1  6.41215E+14 0.00208 
   44   44    1    1    1    1    1    1    1    1  8.60653E+14 0.00221 
   45   45    1    1    1    1    1    1    1    1  1.57891E+15 0.00238 
   46   46    1    1    1    1    1    1    1    1  7.81127E+14 0.00219 
   47   47    1    1    1    1    1    1    1    1  1.19178E+15 0.00240 
   48   48    1    1    1    1    1    1    1    1  1.64642E+15 0.00197 
   49   49    1    1    1    1    1    1    1    1  1.55570E+15 0.00186 
   50   50    1    1    1    1    1    1    1    1  2.35771E+15 0.00204 
   51   51    1    1    1    1    1    1    1    1  1.87820E+15 0.00213 
   52   52    1    1    1    1    1    1    1    1  2.12721E+15 0.00213 
   53   53    1    1    1    1    1    1    1    1  1.49842E+15 0.00235 
   54   54    1    1    1    1    1    1    1    1  1.78955E+15 0.00246 
   55   55    1    1    1    1    1    1    1    1  1.25056E+15 0.00240 
   56   56    1    1    1    1    1    1    1    1  1.71954E+14 0.00223 
   57   57    1    1    1    1    1    1    1    1  2.44833E+15 0.00225 
   58   58    1    1    1    1    1    1    1    1  1.05150E+15 0.00246 
   59   59    1    1    1    1    1    1    1    1  1.13736E+15 0.00233 
   60   60    1    1    1    1    1    1    1    1  8.73583E+14 0.00252 
   61   61    1    1    1    1    1    1    1    1  8.73508E+14 0.00280 
   62   62    1    1    1    1    1    1    1    1  8.88858E+14 0.00247 
   63   63    1    1    1    1    1    1    1    1  7.39024E+14 0.00261 
   64   64    1    1    1    1    1    1    1    1  5.83385E+14 0.00236 
   65   65    1    1    1    1    1    1    1    1  5.75127E+14 0.00309 
   66   66    1    1    1    1    1    1    1    1  4.32752E+14 0.00266 
   67   67    1    1    1    1    1    1    1    1  3.55321E+14 0.00262 
   68   68    1    1    1    1    1    1    1    1  3.17316E+14 0.00246 
   69   69    1    1    1    1    1    1    1    1  3.83479E+14 0.00251 
   70   70    1    1    1    1    1    1    1    1  3.27307E+14 0.00287 
   71   71    1    1    1    1    1    1    1    1  6.11051E+14 0.00303 
   72   72    1    1    1    1    1    1    1    1  4.38381E+14 0.00231 
   73   73    1    1    1    1    1    1    1    1  3.32913E+14 0.00286 
   74   74    1    1    1    1    1    1    1    1  2.64014E+14 0.00231 
   75   75    1    1    1    1    1    1    1    1  2.13433E+14 0.00331 
   76   76    1    1    1    1    1    1    1    1  2.41385E+14 0.00374 
   77   77    1    1    1    1    1    1    1    1  1.87223E+14 0.00297 
   78   78    1    1    1    1    1    1    1    1  1.45021E+14 0.00358 
   79   79    1    1    1    1    1    1    1    1  1.48269E+14 0.00251 
   80   80    1    1    1    1    1    1    1    1  1.09638E+14 0.00410 
   81   81    1    1    1    1    1    1    1    1  8.44618E+13 0.00430 
   82   82    1    1    1    1    1    1    1    1  6.45810E+13 0.00534 
   83   83    1    1    1    1    1    1    1    1  6.01452E+13 0.00554 
   84   84    1    1    1    1    1    1    1    1  4.37153E+13 0.00447 
   85   85    1    1    1    1    1    1    1    1  3.13049E+13 0.00676 
   86   86    1    1    1    1    1    1    1    1  2.89698E+13 0.00527 
   87   87    1    1    1    1    1    1    1    1  1.81024E+13 0.00773 
   88   88    1    1    1    1    1    1    1    1  1.23873E+13 0.00679 
   89   89    1    1    1    1    1    1    1    1  7.11042E+12 0.01026 
   90   90    1    1    1    1    1    1    1    1  4.67720E+12 0.01615 
   91   91    1    1    1    1    1    1    1    1  2.31929E+12 0.02060 
   92   92    1    1    1    1    1    1    1    1  1.15075E+12 0.03328 
   93   93    1    1    1    1    1    1    1    1  5.83034E+11 0.03351 
   94   94    1    1    1    1    1    1    1    1  3.16071E+11 0.04574 
   95   95    1    1    1    1    1    1    1    1  1.18144E+11 0.09535 
   96   96    1    1    1    1    1    1    1    1  7.30895E+10 0.12387 
   97   97    1    1    1    1    1    1    1    1  3.66272E+10 0.16046 
   98   98    1    1    1    1    1    1    1    1  9.47541E+09 0.23775 
   99   99    1    1    1    1    1    1    1    1  6.85891E+09 0.27520 
  100  100    1    1    1    1    1    1    1    1  8.48267E+09 0.32165 
];


