
DETdpaspec = [
    1    1    1    1    1    1    1    1    1    1  0.00000E+00 0.00000 
    2    2    1    1    1    1    1    1    1    1  0.00000E+00 0.00000 
    3    3    1    1    1    1    1    1    1    1  0.00000E+00 0.00000 
    4    4    1    1    1    1    1    1    1    1  0.00000E+00 0.00000 
    5    5    1    1    1    1    1    1    1    1  0.00000E+00 0.00000 
    6    6    1    1    1    1    1    1    1    1  1.40937E+07 1.00000 
    7    7    1    1    1    1    1    1    1    1  0.00000E+00 0.00000 
    8    8    1    1    1    1    1    1    1    1  0.00000E+00 0.00000 
    9    9    1    1    1    1    1    1    1    1  1.89357E+07 1.00000 
   10   10    1    1    1    1    1    1    1    1  0.00000E+00 0.00000 
   11   11    1    1    1    1    1    1    1    1  3.06246E+08 0.58088 
   12   12    1    1    1    1    1    1    1    1  1.42980E+07 1.00000 
   13   13    1    1    1    1    1    1    1    1  2.39959E+09 0.60115 
   14   14    1    1    1    1    1    1    1    1  4.31747E+09 0.60937 
   15   15    1    1    1    1    1    1    1    1  5.64905E+09 0.35570 
   16   16    1    1    1    1    1    1    1    1  2.78596E+09 0.24236 
   17   17    1    1    1    1    1    1    1    1  5.60242E+09 0.31866 
   18   18    1    1    1    1    1    1    1    1  1.22653E+10 0.17039 
   19   19    1    1    1    1    1    1    1    1  1.99166E+10 0.10965 
   20   20    1    1    1    1    1    1    1    1  5.72598E+10 0.10910 
   21   21    1    1    1    1    1    1    1    1  4.32501E+10 0.10192 
   22   22    1    1    1    1    1    1    1    1  9.99810E+10 0.06948 
   23   23    1    1    1    1    1    1    1    1  1.54266E+11 0.08809 
   24   24    1    1    1    1    1    1    1    1  2.86591E+11 0.05134 
   25   25    1    1    1    1    1    1    1    1  4.18922E+11 0.03647 
   26   26    1    1    1    1    1    1    1    1  7.84972E+11 0.02403 
   27   27    1    1    1    1    1    1    1    1  1.60635E+12 0.02076 
   28   28    1    1    1    1    1    1    1    1  3.83874E+12 0.01460 
   29   29    1    1    1    1    1    1    1    1  6.14836E+12 0.01244 
   30   30    1    1    1    1    1    1    1    1  1.59601E+13 0.00727 
   31   31    1    1    1    1    1    1    1    1  4.31004E+13 0.00519 
   32   32    1    1    1    1    1    1    1    1  7.12167E+13 0.00389 
   33   33    1    1    1    1    1    1    1    1  1.53186E+14 0.00198 
   34   34    1    1    1    1    1    1    1    1  1.96540E+14 0.00139 
   35   35    1    1    1    1    1    1    1    1  2.65159E+14 0.00135 
   36   36    1    1    1    1    1    1    1    1  1.93904E+14 0.00147 
   37   37    1    1    1    1    1    1    1    1  5.97582E+13 0.00101 
   38   38    1    1    1    1    1    1    1    1  3.12894E+14 0.00103 
   39   39    1    1    1    1    1    1    1    1  4.04318E+14 0.00074 
   40   40    1    1    1    1    1    1    1    1  6.87913E+14 0.00098 
   41   41    1    1    1    1    1    1    1    1  6.74116E+14 0.00088 
   42   42    1    1    1    1    1    1    1    1  1.32615E+15 0.00098 
   43   43    1    1    1    1    1    1    1    1  1.52095E+15 0.00116 
   44   44    1    1    1    1    1    1    1    1  2.06987E+15 0.00091 
   45   45    1    1    1    1    1    1    1    1  3.91515E+15 0.00063 
   46   46    1    1    1    1    1    1    1    1  1.95153E+15 0.00073 
   47   47    1    1    1    1    1    1    1    1  2.96598E+15 0.00072 
   48   48    1    1    1    1    1    1    1    1  4.15381E+15 0.00094 
   49   49    1    1    1    1    1    1    1    1  3.92271E+15 0.00088 
   50   50    1    1    1    1    1    1    1    1  6.10986E+15 0.00094 
   51   51    1    1    1    1    1    1    1    1  4.83302E+15 0.00090 
   52   52    1    1    1    1    1    1    1    1  5.63435E+15 0.00094 
   53   53    1    1    1    1    1    1    1    1  3.97319E+15 0.00080 
   54   54    1    1    1    1    1    1    1    1  4.86250E+15 0.00087 
   55   55    1    1    1    1    1    1    1    1  3.39981E+15 0.00093 
   56   56    1    1    1    1    1    1    1    1  4.65592E+14 0.00112 
   57   57    1    1    1    1    1    1    1    1  6.69067E+15 0.00079 
   58   58    1    1    1    1    1    1    1    1  2.96994E+15 0.00075 
   59   59    1    1    1    1    1    1    1    1  3.19909E+15 0.00069 
   60   60    1    1    1    1    1    1    1    1  2.51754E+15 0.00088 
   61   61    1    1    1    1    1    1    1    1  2.51534E+15 0.00097 
   62   62    1    1    1    1    1    1    1    1  2.57373E+15 0.00091 
   63   63    1    1    1    1    1    1    1    1  2.15970E+15 0.00103 
   64   64    1    1    1    1    1    1    1    1  1.71217E+15 0.00089 
   65   65    1    1    1    1    1    1    1    1  1.69414E+15 0.00126 
   66   66    1    1    1    1    1    1    1    1  1.28517E+15 0.00123 
   67   67    1    1    1    1    1    1    1    1  1.05294E+15 0.00094 
   68   68    1    1    1    1    1    1    1    1  9.36256E+14 0.00102 
   69   69    1    1    1    1    1    1    1    1  1.13110E+15 0.00100 
   70   70    1    1    1    1    1    1    1    1  9.67690E+14 0.00110 
   71   71    1    1    1    1    1    1    1    1  1.78486E+15 0.00108 
   72   72    1    1    1    1    1    1    1    1  1.28657E+15 0.00100 
   73   73    1    1    1    1    1    1    1    1  9.78483E+14 0.00142 
   74   74    1    1    1    1    1    1    1    1  7.88019E+14 0.00148 
   75   75    1    1    1    1    1    1    1    1  6.50609E+14 0.00162 
   76   76    1    1    1    1    1    1    1    1  7.49115E+14 0.00150 
   77   77    1    1    1    1    1    1    1    1  5.89894E+14 0.00155 
   78   78    1    1    1    1    1    1    1    1  4.62526E+14 0.00121 
   79   79    1    1    1    1    1    1    1    1  4.76043E+14 0.00160 
   80   80    1    1    1    1    1    1    1    1  3.54660E+14 0.00191 
   81   81    1    1    1    1    1    1    1    1  2.73854E+14 0.00180 
   82   82    1    1    1    1    1    1    1    1  2.10558E+14 0.00201 
   83   83    1    1    1    1    1    1    1    1  1.97834E+14 0.00248 
   84   84    1    1    1    1    1    1    1    1  1.41911E+14 0.00251 
   85   85    1    1    1    1    1    1    1    1  1.02345E+14 0.00308 
   86   86    1    1    1    1    1    1    1    1  9.59668E+13 0.00387 
   87   87    1    1    1    1    1    1    1    1  5.86815E+13 0.00366 
   88   88    1    1    1    1    1    1    1    1  3.99601E+13 0.00279 
   89   89    1    1    1    1    1    1    1    1  2.29482E+13 0.00817 
   90   90    1    1    1    1    1    1    1    1  1.52863E+13 0.00721 
   91   91    1    1    1    1    1    1    1    1  7.59113E+12 0.00944 
   92   92    1    1    1    1    1    1    1    1  3.71770E+12 0.01433 
   93   93    1    1    1    1    1    1    1    1  1.72919E+12 0.01602 
   94   94    1    1    1    1    1    1    1    1  8.73860E+11 0.03753 
   95   95    1    1    1    1    1    1    1    1  4.26602E+11 0.04097 
   96   96    1    1    1    1    1    1    1    1  2.16067E+11 0.06788 
   97   97    1    1    1    1    1    1    1    1  7.97358E+10 0.11301 
   98   98    1    1    1    1    1    1    1    1  3.58866E+10 0.12039 
   99   99    1    1    1    1    1    1    1    1  1.49236E+10 0.16173 
  100  100    1    1    1    1    1    1    1    1  2.09281E+10 0.20374 
];


