
DETdpaspec = [
    1    1    1    1    1    1    1    1    1    1  0.00000E+00 0.00000 
    2    2    1    1    1    1    1    1    1    1  0.00000E+00 0.00000 
    3    3    1    1    1    1    1    1    1    1  0.00000E+00 0.00000 
    4    4    1    1    1    1    1    1    1    1  0.00000E+00 0.00000 
    5    5    1    1    1    1    1    1    1    1  0.00000E+00 0.00000 
    6    6    1    1    1    1    1    1    1    1  0.00000E+00 0.00000 
    7    7    1    1    1    1    1    1    1    1  2.16175E+07 1.00000 
    8    8    1    1    1    1    1    1    1    1  2.38445E+07 1.00000 
    9    9    1    1    1    1    1    1    1    1  0.00000E+00 0.00000 
   10   10    1    1    1    1    1    1    1    1  0.00000E+00 0.00000 
   11   11    1    1    1    1    1    1    1    1  2.65589E+08 0.62218 
   12   12    1    1    1    1    1    1    1    1  8.44287E+07 0.94771 
   13   13    1    1    1    1    1    1    1    1  2.11983E+09 0.52295 
   14   14    1    1    1    1    1    1    1    1  6.96660E+09 0.34728 
   15   15    1    1    1    1    1    1    1    1  7.69477E+09 0.28719 
   16   16    1    1    1    1    1    1    1    1  7.17321E+08 0.30864 
   17   17    1    1    1    1    1    1    1    1  5.89870E+09 0.24508 
   18   18    1    1    1    1    1    1    1    1  1.43251E+10 0.20965 
   19   19    1    1    1    1    1    1    1    1  1.78424E+10 0.15265 
   20   20    1    1    1    1    1    1    1    1  4.41541E+10 0.12403 
   21   21    1    1    1    1    1    1    1    1  2.81387E+10 0.09725 
   22   22    1    1    1    1    1    1    1    1  7.61029E+10 0.07079 
   23   23    1    1    1    1    1    1    1    1  1.25812E+11 0.06552 
   24   24    1    1    1    1    1    1    1    1  1.86207E+11 0.05286 
   25   25    1    1    1    1    1    1    1    1  2.29981E+11 0.05319 
   26   26    1    1    1    1    1    1    1    1  4.29042E+11 0.03754 
   27   27    1    1    1    1    1    1    1    1  9.09253E+11 0.03516 
   28   28    1    1    1    1    1    1    1    1  1.83884E+12 0.02034 
   29   29    1    1    1    1    1    1    1    1  2.60328E+12 0.01469 
   30   30    1    1    1    1    1    1    1    1  7.40647E+12 0.00974 
   31   31    1    1    1    1    1    1    1    1  1.99317E+13 0.00598 
   32   32    1    1    1    1    1    1    1    1  3.26295E+13 0.00466 
   33   33    1    1    1    1    1    1    1    1  6.70339E+13 0.00395 
   34   34    1    1    1    1    1    1    1    1  8.25398E+13 0.00351 
   35   35    1    1    1    1    1    1    1    1  1.19324E+14 0.00304 
   36   36    1    1    1    1    1    1    1    1  8.84617E+13 0.00218 
   37   37    1    1    1    1    1    1    1    1  2.79658E+13 0.00252 
   38   38    1    1    1    1    1    1    1    1  1.42235E+14 0.00266 
   39   39    1    1    1    1    1    1    1    1  1.82402E+14 0.00263 
   40   40    1    1    1    1    1    1    1    1  3.02753E+14 0.00272 
   41   41    1    1    1    1    1    1    1    1  3.01992E+14 0.00194 
   42   42    1    1    1    1    1    1    1    1  5.77148E+14 0.00224 
   43   43    1    1    1    1    1    1    1    1  6.52925E+14 0.00208 
   44   44    1    1    1    1    1    1    1    1  8.75619E+14 0.00208 
   45   45    1    1    1    1    1    1    1    1  1.60979E+15 0.00185 
   46   46    1    1    1    1    1    1    1    1  7.96004E+14 0.00207 
   47   47    1    1    1    1    1    1    1    1  1.21539E+15 0.00206 
   48   48    1    1    1    1    1    1    1    1  1.68013E+15 0.00219 
   49   49    1    1    1    1    1    1    1    1  1.58709E+15 0.00221 
   50   50    1    1    1    1    1    1    1    1  2.40887E+15 0.00207 
   51   51    1    1    1    1    1    1    1    1  1.91696E+15 0.00209 
   52   52    1    1    1    1    1    1    1    1  2.17534E+15 0.00241 
   53   53    1    1    1    1    1    1    1    1  1.53161E+15 0.00230 
   54   54    1    1    1    1    1    1    1    1  1.82713E+15 0.00210 
   55   55    1    1    1    1    1    1    1    1  1.27705E+15 0.00236 
   56   56    1    1    1    1    1    1    1    1  1.75506E+14 0.00302 
   57   57    1    1    1    1    1    1    1    1  2.50205E+15 0.00200 
   58   58    1    1    1    1    1    1    1    1  1.07628E+15 0.00269 
   59   59    1    1    1    1    1    1    1    1  1.16198E+15 0.00247 
   60   60    1    1    1    1    1    1    1    1  8.91805E+14 0.00262 
   61   61    1    1    1    1    1    1    1    1  8.94043E+14 0.00235 
   62   62    1    1    1    1    1    1    1    1  9.07858E+14 0.00250 
   63   63    1    1    1    1    1    1    1    1  7.54516E+14 0.00275 
   64   64    1    1    1    1    1    1    1    1  5.96208E+14 0.00239 
   65   65    1    1    1    1    1    1    1    1  5.86775E+14 0.00252 
   66   66    1    1    1    1    1    1    1    1  4.42631E+14 0.00234 
   67   67    1    1    1    1    1    1    1    1  3.64022E+14 0.00260 
   68   68    1    1    1    1    1    1    1    1  3.24511E+14 0.00280 
   69   69    1    1    1    1    1    1    1    1  3.91211E+14 0.00237 
   70   70    1    1    1    1    1    1    1    1  3.35335E+14 0.00288 
   71   71    1    1    1    1    1    1    1    1  6.26883E+14 0.00251 
   72   72    1    1    1    1    1    1    1    1  4.50737E+14 0.00340 
   73   73    1    1    1    1    1    1    1    1  3.40640E+14 0.00372 
   74   74    1    1    1    1    1    1    1    1  2.70692E+14 0.00323 
   75   75    1    1    1    1    1    1    1    1  2.18656E+14 0.00284 
   76   76    1    1    1    1    1    1    1    1  2.48350E+14 0.00322 
   77   77    1    1    1    1    1    1    1    1  1.92252E+14 0.00396 
   78   78    1    1    1    1    1    1    1    1  1.48972E+14 0.00313 
   79   79    1    1    1    1    1    1    1    1  1.52242E+14 0.00347 
   80   80    1    1    1    1    1    1    1    1  1.12262E+14 0.00392 
   81   81    1    1    1    1    1    1    1    1  8.59334E+13 0.00460 
   82   82    1    1    1    1    1    1    1    1  6.64292E+13 0.00350 
   83   83    1    1    1    1    1    1    1    1  6.13947E+13 0.00493 
   84   84    1    1    1    1    1    1    1    1  4.40474E+13 0.00516 
   85   85    1    1    1    1    1    1    1    1  3.19750E+13 0.00704 
   86   86    1    1    1    1    1    1    1    1  3.00014E+13 0.00595 
   87   87    1    1    1    1    1    1    1    1  1.85657E+13 0.00886 
   88   88    1    1    1    1    1    1    1    1  1.26296E+13 0.00942 
   89   89    1    1    1    1    1    1    1    1  7.33433E+12 0.01043 
   90   90    1    1    1    1    1    1    1    1  4.82419E+12 0.01421 
   91   91    1    1    1    1    1    1    1    1  2.52434E+12 0.01836 
   92   92    1    1    1    1    1    1    1    1  1.17988E+12 0.02639 
   93   93    1    1    1    1    1    1    1    1  5.93909E+11 0.04492 
   94   94    1    1    1    1    1    1    1    1  2.94024E+11 0.04105 
   95   95    1    1    1    1    1    1    1    1  1.39300E+11 0.07472 
   96   96    1    1    1    1    1    1    1    1  7.39533E+10 0.10211 
   97   97    1    1    1    1    1    1    1    1  3.05253E+10 0.20819 
   98   98    1    1    1    1    1    1    1    1  1.51855E+10 0.22871 
   99   99    1    1    1    1    1    1    1    1  1.03886E+10 0.25420 
  100  100    1    1    1    1    1    1    1    1  1.08714E+10 0.31720 
];


