
DETdpaspec = [
    1    1    1    1    1    1    1    1    1    1  0.00000E+00 0.00000 
    2    2    1    1    1    1    1    1    1    1  7.59891E+06 1.00000 
    3    3    1    1    1    1    1    1    1    1  0.00000E+00 0.00000 
    4    4    1    1    1    1    1    1    1    1  0.00000E+00 0.00000 
    5    5    1    1    1    1    1    1    1    1  0.00000E+00 0.00000 
    6    6    1    1    1    1    1    1    1    1  0.00000E+00 0.00000 
    7    7    1    1    1    1    1    1    1    1  0.00000E+00 0.00000 
    8    8    1    1    1    1    1    1    1    1  0.00000E+00 0.00000 
    9    9    1    1    1    1    1    1    1    1  3.50534E+07 0.70818 
   10   10    1    1    1    1    1    1    1    1  0.00000E+00 0.00000 
   11   11    1    1    1    1    1    1    1    1  2.70982E+08 0.77922 
   12   12    1    1    1    1    1    1    1    1  1.43004E+08 0.47369 
   13   13    1    1    1    1    1    1    1    1  2.04043E+09 0.40957 
   14   14    1    1    1    1    1    1    1    1  3.06243E+09 0.32950 
   15   15    1    1    1    1    1    1    1    1  3.30769E+09 0.38235 
   16   16    1    1    1    1    1    1    1    1  1.57777E+09 0.39433 
   17   17    1    1    1    1    1    1    1    1  1.86895E+09 0.24502 
   18   18    1    1    1    1    1    1    1    1  7.90874E+09 0.16629 
   19   19    1    1    1    1    1    1    1    1  1.20301E+10 0.15285 
   20   20    1    1    1    1    1    1    1    1  5.16809E+10 0.11117 
   21   21    1    1    1    1    1    1    1    1  3.53982E+10 0.09860 
   22   22    1    1    1    1    1    1    1    1  1.14193E+11 0.08956 
   23   23    1    1    1    1    1    1    1    1  1.26300E+11 0.06842 
   24   24    1    1    1    1    1    1    1    1  2.06577E+11 0.04147 
   25   25    1    1    1    1    1    1    1    1  2.57987E+11 0.04409 
   26   26    1    1    1    1    1    1    1    1  4.49707E+11 0.03398 
   27   27    1    1    1    1    1    1    1    1  9.67085E+11 0.02734 
   28   28    1    1    1    1    1    1    1    1  1.88035E+12 0.01501 
   29   29    1    1    1    1    1    1    1    1  2.74413E+12 0.01678 
   30   30    1    1    1    1    1    1    1    1  7.83821E+12 0.01055 
   31   31    1    1    1    1    1    1    1    1  2.08733E+13 0.00663 
   32   32    1    1    1    1    1    1    1    1  3.44043E+13 0.00538 
   33   33    1    1    1    1    1    1    1    1  7.12898E+13 0.00313 
   34   34    1    1    1    1    1    1    1    1  8.76319E+13 0.00270 
   35   35    1    1    1    1    1    1    1    1  1.26394E+14 0.00275 
   36   36    1    1    1    1    1    1    1    1  9.36765E+13 0.00284 
   37   37    1    1    1    1    1    1    1    1  2.96245E+13 0.00271 
   38   38    1    1    1    1    1    1    1    1  1.50499E+14 0.00235 
   39   39    1    1    1    1    1    1    1    1  1.92960E+14 0.00230 
   40   40    1    1    1    1    1    1    1    1  3.20634E+14 0.00237 
   41   41    1    1    1    1    1    1    1    1  3.20667E+14 0.00205 
   42   42    1    1    1    1    1    1    1    1  6.12793E+14 0.00197 
   43   43    1    1    1    1    1    1    1    1  6.95236E+14 0.00151 
   44   44    1    1    1    1    1    1    1    1  9.32740E+14 0.00176 
   45   45    1    1    1    1    1    1    1    1  1.71248E+15 0.00184 
   46   46    1    1    1    1    1    1    1    1  8.49012E+14 0.00160 
   47   47    1    1    1    1    1    1    1    1  1.29489E+15 0.00147 
   48   48    1    1    1    1    1    1    1    1  1.79171E+15 0.00166 
   49   49    1    1    1    1    1    1    1    1  1.69276E+15 0.00170 
   50   50    1    1    1    1    1    1    1    1  2.56859E+15 0.00173 
   51   51    1    1    1    1    1    1    1    1  2.04655E+15 0.00173 
   52   52    1    1    1    1    1    1    1    1  2.32599E+15 0.00136 
   53   53    1    1    1    1    1    1    1    1  1.63385E+15 0.00158 
   54   54    1    1    1    1    1    1    1    1  1.95172E+15 0.00164 
   55   55    1    1    1    1    1    1    1    1  1.36619E+15 0.00204 
   56   56    1    1    1    1    1    1    1    1  1.87967E+14 0.00299 
   57   57    1    1    1    1    1    1    1    1  2.67788E+15 0.00175 
   58   58    1    1    1    1    1    1    1    1  1.15282E+15 0.00189 
   59   59    1    1    1    1    1    1    1    1  1.24464E+15 0.00184 
   60   60    1    1    1    1    1    1    1    1  9.56737E+14 0.00227 
   61   61    1    1    1    1    1    1    1    1  9.59396E+14 0.00208 
   62   62    1    1    1    1    1    1    1    1  9.78278E+14 0.00225 
   63   63    1    1    1    1    1    1    1    1  8.11889E+14 0.00181 
   64   64    1    1    1    1    1    1    1    1  6.39809E+14 0.00214 
   65   65    1    1    1    1    1    1    1    1  6.31405E+14 0.00168 
   66   66    1    1    1    1    1    1    1    1  4.76366E+14 0.00214 
   67   67    1    1    1    1    1    1    1    1  3.91942E+14 0.00226 
   68   68    1    1    1    1    1    1    1    1  3.49594E+14 0.00192 
   69   69    1    1    1    1    1    1    1    1  4.22674E+14 0.00211 
   70   70    1    1    1    1    1    1    1    1  3.60501E+14 0.00273 
   71   71    1    1    1    1    1    1    1    1  6.72614E+14 0.00207 
   72   72    1    1    1    1    1    1    1    1  4.82958E+14 0.00244 
   73   73    1    1    1    1    1    1    1    1  3.66496E+14 0.00314 
   74   74    1    1    1    1    1    1    1    1  2.90164E+14 0.00286 
   75   75    1    1    1    1    1    1    1    1  2.36600E+14 0.00224 
   76   76    1    1    1    1    1    1    1    1  2.67277E+14 0.00247 
   77   77    1    1    1    1    1    1    1    1  2.06848E+14 0.00256 
   78   78    1    1    1    1    1    1    1    1  1.60191E+14 0.00285 
   79   79    1    1    1    1    1    1    1    1  1.63530E+14 0.00298 
   80   80    1    1    1    1    1    1    1    1  1.21293E+14 0.00318 
   81   81    1    1    1    1    1    1    1    1  9.26468E+13 0.00242 
   82   82    1    1    1    1    1    1    1    1  7.13203E+13 0.00409 
   83   83    1    1    1    1    1    1    1    1  6.65956E+13 0.00395 
   84   84    1    1    1    1    1    1    1    1  4.75734E+13 0.00544 
   85   85    1    1    1    1    1    1    1    1  3.45823E+13 0.00548 
   86   86    1    1    1    1    1    1    1    1  3.18933E+13 0.00477 
   87   87    1    1    1    1    1    1    1    1  1.98765E+13 0.00579 
   88   88    1    1    1    1    1    1    1    1  1.35290E+13 0.00728 
   89   89    1    1    1    1    1    1    1    1  7.80069E+12 0.00977 
   90   90    1    1    1    1    1    1    1    1  5.17294E+12 0.01062 
   91   91    1    1    1    1    1    1    1    1  2.58171E+12 0.01867 
   92   92    1    1    1    1    1    1    1    1  1.20120E+12 0.02476 
   93   93    1    1    1    1    1    1    1    1  5.65301E+11 0.03111 
   94   94    1    1    1    1    1    1    1    1  2.83935E+11 0.05776 
   95   95    1    1    1    1    1    1    1    1  1.47478E+11 0.10159 
   96   96    1    1    1    1    1    1    1    1  6.56907E+10 0.10565 
   97   97    1    1    1    1    1    1    1    1  3.07433E+10 0.18191 
   98   98    1    1    1    1    1    1    1    1  1.35391E+10 0.29177 
   99   99    1    1    1    1    1    1    1    1  5.71774E+09 0.23404 
  100  100    1    1    1    1    1    1    1    1  4.60177E+09 0.39007 
];


