
DETdpaspec = [
    1    1    1    1    1    1    1    1    1    1  0.00000E+00 0.00000 
    2    2    1    1    1    1    1    1    1    1  0.00000E+00 0.00000 
    3    3    1    1    1    1    1    1    1    1  0.00000E+00 0.00000 
    4    4    1    1    1    1    1    1    1    1  0.00000E+00 0.00000 
    5    5    1    1    1    1    1    1    1    1  1.07869E+07 1.00000 
    6    6    1    1    1    1    1    1    1    1  1.03767E+07 1.00000 
    7    7    1    1    1    1    1    1    1    1  1.71510E+07 1.00000 
    8    8    1    1    1    1    1    1    1    1  6.65987E+07 0.73181 
    9    9    1    1    1    1    1    1    1    1  0.00000E+00 0.00000 
   10   10    1    1    1    1    1    1    1    1  9.44857E+07 0.68896 
   11   11    1    1    1    1    1    1    1    1  6.53889E+07 1.00000 
   12   12    1    1    1    1    1    1    1    1  2.28838E+08 0.39857 
   13   13    1    1    1    1    1    1    1    1  2.31025E+09 0.40242 
   14   14    1    1    1    1    1    1    1    1  6.44281E+09 0.35135 
   15   15    1    1    1    1    1    1    1    1  7.65688E+09 0.27443 
   16   16    1    1    1    1    1    1    1    1  2.28152E+09 0.30157 
   17   17    1    1    1    1    1    1    1    1  4.42617E+09 0.22271 
   18   18    1    1    1    1    1    1    1    1  1.32399E+10 0.18000 
   19   19    1    1    1    1    1    1    1    1  1.12018E+10 0.14409 
   20   20    1    1    1    1    1    1    1    1  3.70460E+10 0.11944 
   21   21    1    1    1    1    1    1    1    1  2.99667E+10 0.11103 
   22   22    1    1    1    1    1    1    1    1  1.13062E+11 0.08954 
   23   23    1    1    1    1    1    1    1    1  1.46331E+11 0.05957 
   24   24    1    1    1    1    1    1    1    1  2.25157E+11 0.04117 
   25   25    1    1    1    1    1    1    1    1  2.64188E+11 0.04099 
   26   26    1    1    1    1    1    1    1    1  4.92604E+11 0.03437 
   27   27    1    1    1    1    1    1    1    1  1.02151E+12 0.02879 
   28   28    1    1    1    1    1    1    1    1  2.07692E+12 0.01479 
   29   29    1    1    1    1    1    1    1    1  2.96692E+12 0.00871 
   30   30    1    1    1    1    1    1    1    1  8.45528E+12 0.01074 
   31   31    1    1    1    1    1    1    1    1  2.29702E+13 0.00644 
   32   32    1    1    1    1    1    1    1    1  3.78812E+13 0.00585 
   33   33    1    1    1    1    1    1    1    1  7.91135E+13 0.00317 
   34   34    1    1    1    1    1    1    1    1  9.71757E+13 0.00324 
   35   35    1    1    1    1    1    1    1    1  1.40112E+14 0.00268 
   36   36    1    1    1    1    1    1    1    1  1.04147E+14 0.00218 
   37   37    1    1    1    1    1    1    1    1  3.30150E+13 0.00265 
   38   38    1    1    1    1    1    1    1    1  1.68166E+14 0.00266 
   39   39    1    1    1    1    1    1    1    1  2.15515E+14 0.00228 
   40   40    1    1    1    1    1    1    1    1  3.58366E+14 0.00219 
   41   41    1    1    1    1    1    1    1    1  3.57427E+14 0.00198 
   42   42    1    1    1    1    1    1    1    1  6.85930E+14 0.00207 
   43   43    1    1    1    1    1    1    1    1  7.78461E+14 0.00163 
   44   44    1    1    1    1    1    1    1    1  1.04710E+15 0.00144 
   45   45    1    1    1    1    1    1    1    1  1.92967E+15 0.00155 
   46   46    1    1    1    1    1    1    1    1  9.57916E+14 0.00160 
   47   47    1    1    1    1    1    1    1    1  1.46193E+15 0.00150 
   48   48    1    1    1    1    1    1    1    1  2.02310E+15 0.00170 
   49   49    1    1    1    1    1    1    1    1  1.91352E+15 0.00179 
   50   50    1    1    1    1    1    1    1    1  2.91301E+15 0.00149 
   51   51    1    1    1    1    1    1    1    1  2.31885E+15 0.00156 
   52   52    1    1    1    1    1    1    1    1  2.64060E+15 0.00158 
   53   53    1    1    1    1    1    1    1    1  1.85913E+15 0.00179 
   54   54    1    1    1    1    1    1    1    1  2.22579E+15 0.00163 
   55   55    1    1    1    1    1    1    1    1  1.55480E+15 0.00166 
   56   56    1    1    1    1    1    1    1    1  2.14113E+14 0.00182 
   57   57    1    1    1    1    1    1    1    1  3.05201E+15 0.00154 
   58   58    1    1    1    1    1    1    1    1  1.31612E+15 0.00164 
   59   59    1    1    1    1    1    1    1    1  1.42365E+15 0.00168 
   60   60    1    1    1    1    1    1    1    1  1.09748E+15 0.00143 
   61   61    1    1    1    1    1    1    1    1  1.09841E+15 0.00202 
   62   62    1    1    1    1    1    1    1    1  1.11927E+15 0.00214 
   63   63    1    1    1    1    1    1    1    1  9.28822E+14 0.00161 
   64   64    1    1    1    1    1    1    1    1  7.34908E+14 0.00178 
   65   65    1    1    1    1    1    1    1    1  7.24249E+14 0.00203 
   66   66    1    1    1    1    1    1    1    1  5.46115E+14 0.00211 
   67   67    1    1    1    1    1    1    1    1  4.49248E+14 0.00171 
   68   68    1    1    1    1    1    1    1    1  4.01444E+14 0.00190 
   69   69    1    1    1    1    1    1    1    1  4.84977E+14 0.00215 
   70   70    1    1    1    1    1    1    1    1  4.13541E+14 0.00247 
   71   71    1    1    1    1    1    1    1    1  7.68985E+14 0.00187 
   72   72    1    1    1    1    1    1    1    1  5.54177E+14 0.00205 
   73   73    1    1    1    1    1    1    1    1  4.19851E+14 0.00201 
   74   74    1    1    1    1    1    1    1    1  3.32982E+14 0.00216 
   75   75    1    1    1    1    1    1    1    1  2.71491E+14 0.00303 
   76   76    1    1    1    1    1    1    1    1  3.07692E+14 0.00242 
   77   77    1    1    1    1    1    1    1    1  2.38112E+14 0.00298 
   78   78    1    1    1    1    1    1    1    1  1.85380E+14 0.00310 
   79   79    1    1    1    1    1    1    1    1  1.89219E+14 0.00249 
   80   80    1    1    1    1    1    1    1    1  1.39155E+14 0.00309 
   81   81    1    1    1    1    1    1    1    1  1.07359E+14 0.00383 
   82   82    1    1    1    1    1    1    1    1  8.26689E+13 0.00409 
   83   83    1    1    1    1    1    1    1    1  7.69010E+13 0.00404 
   84   84    1    1    1    1    1    1    1    1  5.54586E+13 0.00404 
   85   85    1    1    1    1    1    1    1    1  3.97443E+13 0.00388 
   86   86    1    1    1    1    1    1    1    1  3.73947E+13 0.00426 
   87   87    1    1    1    1    1    1    1    1  2.30662E+13 0.00631 
   88   88    1    1    1    1    1    1    1    1  1.56583E+13 0.00872 
   89   89    1    1    1    1    1    1    1    1  9.04935E+12 0.01054 
   90   90    1    1    1    1    1    1    1    1  5.91240E+12 0.00879 
   91   91    1    1    1    1    1    1    1    1  3.02323E+12 0.01548 
   92   92    1    1    1    1    1    1    1    1  1.53493E+12 0.02190 
   93   93    1    1    1    1    1    1    1    1  7.24592E+11 0.03150 
   94   94    1    1    1    1    1    1    1    1  3.74800E+11 0.04705 
   95   95    1    1    1    1    1    1    1    1  1.64972E+11 0.08429 
   96   96    1    1    1    1    1    1    1    1  9.33469E+10 0.09641 
   97   97    1    1    1    1    1    1    1    1  3.39950E+10 0.19249 
   98   98    1    1    1    1    1    1    1    1  1.25199E+10 0.19908 
   99   99    1    1    1    1    1    1    1    1  8.77734E+09 0.27122 
  100  100    1    1    1    1    1    1    1    1  1.07303E+10 0.24400 
];


