
DETdpaspec = [
    1    1    1    1    1    1    1    1    1    1  0.00000E+00 0.00000 
    2    2    1    1    1    1    1    1    1    1  5.83963E+06 1.00000 
    3    3    1    1    1    1    1    1    1    1  0.00000E+00 0.00000 
    4    4    1    1    1    1    1    1    1    1  0.00000E+00 0.00000 
    5    5    1    1    1    1    1    1    1    1  0.00000E+00 0.00000 
    6    6    1    1    1    1    1    1    1    1  0.00000E+00 0.00000 
    7    7    1    1    1    1    1    1    1    1  0.00000E+00 0.00000 
    8    8    1    1    1    1    1    1    1    1  0.00000E+00 0.00000 
    9    9    1    1    1    1    1    1    1    1  5.84505E+07 1.00000 
   10   10    1    1    1    1    1    1    1    1  4.18624E+07 1.00000 
   11   11    1    1    1    1    1    1    1    1  7.16879E+07 1.00000 
   12   12    1    1    1    1    1    1    1    1  4.07667E+07 0.56600 
   13   13    1    1    1    1    1    1    1    1  7.99805E+08 0.52085 
   14   14    1    1    1    1    1    1    1    1  6.53349E+08 0.64080 
   15   15    1    1    1    1    1    1    1    1  7.27266E+09 0.28531 
   16   16    1    1    1    1    1    1    1    1  1.01114E+09 0.44617 
   17   17    1    1    1    1    1    1    1    1  3.05034E+09 0.21198 
   18   18    1    1    1    1    1    1    1    1  8.70496E+09 0.22674 
   19   19    1    1    1    1    1    1    1    1  1.08618E+10 0.21686 
   20   20    1    1    1    1    1    1    1    1  2.31229E+10 0.14930 
   21   21    1    1    1    1    1    1    1    1  2.05042E+10 0.14560 
   22   22    1    1    1    1    1    1    1    1  6.87328E+10 0.11526 
   23   23    1    1    1    1    1    1    1    1  1.01422E+11 0.09864 
   24   24    1    1    1    1    1    1    1    1  1.25217E+11 0.08253 
   25   25    1    1    1    1    1    1    1    1  1.79035E+11 0.06664 
   26   26    1    1    1    1    1    1    1    1  3.41472E+11 0.04189 
   27   27    1    1    1    1    1    1    1    1  6.23351E+11 0.03004 
   28   28    1    1    1    1    1    1    1    1  1.23231E+12 0.02775 
   29   29    1    1    1    1    1    1    1    1  1.71743E+12 0.02189 
   30   30    1    1    1    1    1    1    1    1  5.06240E+12 0.01669 
   31   31    1    1    1    1    1    1    1    1  1.31997E+13 0.00793 
   32   32    1    1    1    1    1    1    1    1  2.11379E+13 0.00657 
   33   33    1    1    1    1    1    1    1    1  4.28059E+13 0.00421 
   34   34    1    1    1    1    1    1    1    1  5.14950E+13 0.00503 
   35   35    1    1    1    1    1    1    1    1  7.53958E+13 0.00464 
   36   36    1    1    1    1    1    1    1    1  5.60822E+13 0.00388 
   37   37    1    1    1    1    1    1    1    1  1.77833E+13 0.00376 
   38   38    1    1    1    1    1    1    1    1  8.98033E+13 0.00285 
   39   39    1    1    1    1    1    1    1    1  1.14746E+14 0.00352 
   40   40    1    1    1    1    1    1    1    1  1.88911E+14 0.00341 
   41   41    1    1    1    1    1    1    1    1  1.88390E+14 0.00385 
   42   42    1    1    1    1    1    1    1    1  3.57805E+14 0.00355 
   43   43    1    1    1    1    1    1    1    1  4.02971E+14 0.00296 
   44   44    1    1    1    1    1    1    1    1  5.38270E+14 0.00315 
   45   45    1    1    1    1    1    1    1    1  9.76444E+14 0.00271 
   46   46    1    1    1    1    1    1    1    1  4.82287E+14 0.00322 
   47   47    1    1    1    1    1    1    1    1  7.35227E+14 0.00286 
   48   48    1    1    1    1    1    1    1    1  1.01029E+15 0.00321 
   49   49    1    1    1    1    1    1    1    1  9.53985E+14 0.00288 
   50   50    1    1    1    1    1    1    1    1  1.43823E+15 0.00311 
   51   51    1    1    1    1    1    1    1    1  1.14417E+15 0.00291 
   52   52    1    1    1    1    1    1    1    1  1.28927E+15 0.00300 
   53   53    1    1    1    1    1    1    1    1  9.07156E+14 0.00318 
   54   54    1    1    1    1    1    1    1    1  1.07623E+15 0.00330 
   55   55    1    1    1    1    1    1    1    1  7.51651E+14 0.00330 
   56   56    1    1    1    1    1    1    1    1  1.03988E+14 0.00341 
   57   57    1    1    1    1    1    1    1    1  1.47086E+15 0.00322 
   58   58    1    1    1    1    1    1    1    1  6.27396E+14 0.00376 
   59   59    1    1    1    1    1    1    1    1  6.77940E+14 0.00333 
   60   60    1    1    1    1    1    1    1    1  5.17372E+14 0.00390 
   61   61    1    1    1    1    1    1    1    1  5.19373E+14 0.00390 
   62   62    1    1    1    1    1    1    1    1  5.26364E+14 0.00424 
   63   63    1    1    1    1    1    1    1    1  4.36621E+14 0.00415 
   64   64    1    1    1    1    1    1    1    1  3.44659E+14 0.00428 
   65   65    1    1    1    1    1    1    1    1  3.38386E+14 0.00318 
   66   66    1    1    1    1    1    1    1    1  2.55527E+14 0.00372 
   67   67    1    1    1    1    1    1    1    1  2.10157E+14 0.00407 
   68   68    1    1    1    1    1    1    1    1  1.87334E+14 0.00405 
   69   69    1    1    1    1    1    1    1    1  2.25999E+14 0.00458 
   70   70    1    1    1    1    1    1    1    1  1.92938E+14 0.00460 
   71   71    1    1    1    1    1    1    1    1  3.61120E+14 0.00384 
   72   72    1    1    1    1    1    1    1    1  2.60828E+14 0.00398 
   73   73    1    1    1    1    1    1    1    1  1.97979E+14 0.00403 
   74   74    1    1    1    1    1    1    1    1  1.54732E+14 0.00426 
   75   75    1    1    1    1    1    1    1    1  1.25130E+14 0.00557 
   76   76    1    1    1    1    1    1    1    1  1.41577E+14 0.00452 
   77   77    1    1    1    1    1    1    1    1  1.08612E+14 0.00507 
   78   78    1    1    1    1    1    1    1    1  8.37927E+13 0.00646 
   79   79    1    1    1    1    1    1    1    1  8.58424E+13 0.00468 
   80   80    1    1    1    1    1    1    1    1  6.31711E+13 0.00534 
   81   81    1    1    1    1    1    1    1    1  4.84596E+13 0.00717 
   82   82    1    1    1    1    1    1    1    1  3.73570E+13 0.00637 
   83   83    1    1    1    1    1    1    1    1  3.46658E+13 0.00509 
   84   84    1    1    1    1    1    1    1    1  2.50687E+13 0.00599 
   85   85    1    1    1    1    1    1    1    1  1.78629E+13 0.00667 
   86   86    1    1    1    1    1    1    1    1  1.65755E+13 0.00622 
   87   87    1    1    1    1    1    1    1    1  1.04070E+13 0.00860 
   88   88    1    1    1    1    1    1    1    1  7.14107E+12 0.01177 
   89   89    1    1    1    1    1    1    1    1  4.09706E+12 0.01742 
   90   90    1    1    1    1    1    1    1    1  2.78773E+12 0.01939 
   91   91    1    1    1    1    1    1    1    1  1.33818E+12 0.02526 
   92   92    1    1    1    1    1    1    1    1  7.08482E+11 0.03715 
   93   93    1    1    1    1    1    1    1    1  3.39570E+11 0.05118 
   94   94    1    1    1    1    1    1    1    1  1.52939E+11 0.05857 
   95   95    1    1    1    1    1    1    1    1  7.63327E+10 0.10779 
   96   96    1    1    1    1    1    1    1    1  3.15727E+10 0.18767 
   97   97    1    1    1    1    1    1    1    1  1.98952E+10 0.21529 
   98   98    1    1    1    1    1    1    1    1  8.06989E+09 0.31310 
   99   99    1    1    1    1    1    1    1    1  1.96864E+09 0.57103 
  100  100    1    1    1    1    1    1    1    1  2.69167E+09 0.62790 
];


