
DETdpaspec = [
    1    1    1    1    1    1    1    1    1    1  0.00000E+00 0.00000 
    2    2    1    1    1    1    1    1    1    1  0.00000E+00 0.00000 
    3    3    1    1    1    1    1    1    1    1  0.00000E+00 0.00000 
    4    4    1    1    1    1    1    1    1    1  0.00000E+00 0.00000 
    5    5    1    1    1    1    1    1    1    1  0.00000E+00 0.00000 
    6    6    1    1    1    1    1    1    1    1  0.00000E+00 0.00000 
    7    7    1    1    1    1    1    1    1    1  1.68499E+07 1.00000 
    8    8    1    1    1    1    1    1    1    1  1.78683E+07 1.00000 
    9    9    1    1    1    1    1    1    1    1  2.88233E+07 1.00000 
   10   10    1    1    1    1    1    1    1    1  0.00000E+00 0.00000 
   11   11    1    1    1    1    1    1    1    1  4.33408E+08 0.48664 
   12   12    1    1    1    1    1    1    1    1  4.57508E+07 0.69755 
   13   13    1    1    1    1    1    1    1    1  8.83855E+08 0.43059 
   14   14    1    1    1    1    1    1    1    1  1.56503E+09 0.32166 
   15   15    1    1    1    1    1    1    1    1  2.87335E+09 0.38152 
   16   16    1    1    1    1    1    1    1    1  7.00530E+08 0.48065 
   17   17    1    1    1    1    1    1    1    1  2.14062E+09 0.32376 
   18   18    1    1    1    1    1    1    1    1  6.12600E+09 0.19501 
   19   19    1    1    1    1    1    1    1    1  9.15432E+09 0.24512 
   20   20    1    1    1    1    1    1    1    1  2.50129E+10 0.18521 
   21   21    1    1    1    1    1    1    1    1  2.40333E+10 0.13611 
   22   22    1    1    1    1    1    1    1    1  7.11169E+10 0.10010 
   23   23    1    1    1    1    1    1    1    1  7.98767E+10 0.08797 
   24   24    1    1    1    1    1    1    1    1  1.37888E+11 0.06299 
   25   25    1    1    1    1    1    1    1    1  2.04581E+11 0.05168 
   26   26    1    1    1    1    1    1    1    1  3.26410E+11 0.04039 
   27   27    1    1    1    1    1    1    1    1  6.13591E+11 0.04023 
   28   28    1    1    1    1    1    1    1    1  1.24172E+12 0.02260 
   29   29    1    1    1    1    1    1    1    1  1.68063E+12 0.01803 
   30   30    1    1    1    1    1    1    1    1  5.00485E+12 0.01222 
   31   31    1    1    1    1    1    1    1    1  1.30929E+13 0.00944 
   32   32    1    1    1    1    1    1    1    1  2.14285E+13 0.00676 
   33   33    1    1    1    1    1    1    1    1  4.34524E+13 0.00521 
   34   34    1    1    1    1    1    1    1    1  5.23074E+13 0.00448 
   35   35    1    1    1    1    1    1    1    1  7.61019E+13 0.00438 
   36   36    1    1    1    1    1    1    1    1  5.66159E+13 0.00388 
   37   37    1    1    1    1    1    1    1    1  1.79558E+13 0.00491 
   38   38    1    1    1    1    1    1    1    1  9.07476E+13 0.00448 
   39   39    1    1    1    1    1    1    1    1  1.15775E+14 0.00385 
   40   40    1    1    1    1    1    1    1    1  1.90000E+14 0.00343 
   41   41    1    1    1    1    1    1    1    1  1.90006E+14 0.00312 
   42   42    1    1    1    1    1    1    1    1  3.58661E+14 0.00325 
   43   43    1    1    1    1    1    1    1    1  4.03696E+14 0.00304 
   44   44    1    1    1    1    1    1    1    1  5.38590E+14 0.00264 
   45   45    1    1    1    1    1    1    1    1  9.79103E+14 0.00274 
   46   46    1    1    1    1    1    1    1    1  4.84008E+14 0.00255 
   47   47    1    1    1    1    1    1    1    1  7.37503E+14 0.00300 
   48   48    1    1    1    1    1    1    1    1  1.01519E+15 0.00301 
   49   49    1    1    1    1    1    1    1    1  9.59988E+14 0.00263 
   50   50    1    1    1    1    1    1    1    1  1.44471E+15 0.00275 
   51   51    1    1    1    1    1    1    1    1  1.15283E+15 0.00295 
   52   52    1    1    1    1    1    1    1    1  1.29653E+15 0.00327 
   53   53    1    1    1    1    1    1    1    1  9.10813E+14 0.00303 
   54   54    1    1    1    1    1    1    1    1  1.08128E+15 0.00324 
   55   55    1    1    1    1    1    1    1    1  7.55978E+14 0.00347 
   56   56    1    1    1    1    1    1    1    1  1.04280E+14 0.00415 
   57   57    1    1    1    1    1    1    1    1  1.47836E+15 0.00308 
   58   58    1    1    1    1    1    1    1    1  6.29654E+14 0.00295 
   59   59    1    1    1    1    1    1    1    1  6.80834E+14 0.00328 
   60   60    1    1    1    1    1    1    1    1  5.19249E+14 0.00352 
   61   61    1    1    1    1    1    1    1    1  5.21417E+14 0.00354 
   62   62    1    1    1    1    1    1    1    1  5.29586E+14 0.00360 
   63   63    1    1    1    1    1    1    1    1  4.39269E+14 0.00374 
   64   64    1    1    1    1    1    1    1    1  3.45389E+14 0.00341 
   65   65    1    1    1    1    1    1    1    1  3.40691E+14 0.00349 
   66   66    1    1    1    1    1    1    1    1  2.56294E+14 0.00309 
   67   67    1    1    1    1    1    1    1    1  2.10704E+14 0.00382 
   68   68    1    1    1    1    1    1    1    1  1.88283E+14 0.00363 
   69   69    1    1    1    1    1    1    1    1  2.26497E+14 0.00366 
   70   70    1    1    1    1    1    1    1    1  1.93868E+14 0.00386 
   71   71    1    1    1    1    1    1    1    1  3.64699E+14 0.00302 
   72   72    1    1    1    1    1    1    1    1  2.62582E+14 0.00402 
   73   73    1    1    1    1    1    1    1    1  1.98094E+14 0.00403 
   74   74    1    1    1    1    1    1    1    1  1.56359E+14 0.00483 
   75   75    1    1    1    1    1    1    1    1  1.25864E+14 0.00413 
   76   76    1    1    1    1    1    1    1    1  1.42595E+14 0.00398 
   77   77    1    1    1    1    1    1    1    1  1.09633E+14 0.00469 
   78   78    1    1    1    1    1    1    1    1  8.44727E+13 0.00510 
   79   79    1    1    1    1    1    1    1    1  8.63569E+13 0.00513 
   80   80    1    1    1    1    1    1    1    1  6.37751E+13 0.00466 
   81   81    1    1    1    1    1    1    1    1  4.86002E+13 0.00515 
   82   82    1    1    1    1    1    1    1    1  3.75621E+13 0.00647 
   83   83    1    1    1    1    1    1    1    1  3.50526E+13 0.00468 
   84   84    1    1    1    1    1    1    1    1  2.50976E+13 0.00662 
   85   85    1    1    1    1    1    1    1    1  1.79378E+13 0.00669 
   86   86    1    1    1    1    1    1    1    1  1.68537E+13 0.00980 
   87   87    1    1    1    1    1    1    1    1  1.05237E+13 0.00819 
   88   88    1    1    1    1    1    1    1    1  7.13033E+12 0.01324 
   89   89    1    1    1    1    1    1    1    1  4.10833E+12 0.01409 
   90   90    1    1    1    1    1    1    1    1  2.76482E+12 0.01776 
   91   91    1    1    1    1    1    1    1    1  1.36380E+12 0.02296 
   92   92    1    1    1    1    1    1    1    1  7.34290E+11 0.03803 
   93   93    1    1    1    1    1    1    1    1  3.13500E+11 0.03791 
   94   94    1    1    1    1    1    1    1    1  1.52389E+11 0.08309 
   95   95    1    1    1    1    1    1    1    1  9.03726E+10 0.11405 
   96   96    1    1    1    1    1    1    1    1  3.95933E+10 0.14470 
   97   97    1    1    1    1    1    1    1    1  1.10499E+10 0.23639 
   98   98    1    1    1    1    1    1    1    1  8.47538E+09 0.34262 
   99   99    1    1    1    1    1    1    1    1  3.12580E+09 0.58514 
  100  100    1    1    1    1    1    1    1    1  2.38005E+09 0.49047 
];


