
DETdpaspec = [
    1    1    1    1    1    1    1    1    1    1  0.00000E+00 0.00000 
    2    2    1    1    1    1    1    1    1    1  0.00000E+00 0.00000 
    3    3    1    1    1    1    1    1    1    1  0.00000E+00 0.00000 
    4    4    1    1    1    1    1    1    1    1  0.00000E+00 0.00000 
    5    5    1    1    1    1    1    1    1    1  0.00000E+00 0.00000 
    6    6    1    1    1    1    1    1    1    1  0.00000E+00 0.00000 
    7    7    1    1    1    1    1    1    1    1  7.70137E+07 0.56647 
    8    8    1    1    1    1    1    1    1    1  0.00000E+00 0.00000 
    9    9    1    1    1    1    1    1    1    1  0.00000E+00 0.00000 
   10   10    1    1    1    1    1    1    1    1  1.20349E+08 1.00000 
   11   11    1    1    1    1    1    1    1    1  4.93154E+07 1.00000 
   12   12    1    1    1    1    1    1    1    1  1.00565E+08 0.55709 
   13   13    1    1    1    1    1    1    1    1  1.95779E+09 0.40046 
   14   14    1    1    1    1    1    1    1    1  9.36731E+08 0.43234 
   15   15    1    1    1    1    1    1    1    1  2.18059E+09 0.56921 
   16   16    1    1    1    1    1    1    1    1  6.79521E+08 0.37205 
   17   17    1    1    1    1    1    1    1    1  2.25864E+09 0.25000 
   18   18    1    1    1    1    1    1    1    1  1.07020E+10 0.22777 
   19   19    1    1    1    1    1    1    1    1  1.09882E+10 0.21491 
   20   20    1    1    1    1    1    1    1    1  3.19526E+10 0.19727 
   21   21    1    1    1    1    1    1    1    1  2.61297E+10 0.14233 
   22   22    1    1    1    1    1    1    1    1  5.47346E+10 0.07907 
   23   23    1    1    1    1    1    1    1    1  9.77049E+10 0.06516 
   24   24    1    1    1    1    1    1    1    1  1.43414E+11 0.06587 
   25   25    1    1    1    1    1    1    1    1  1.69436E+11 0.06481 
   26   26    1    1    1    1    1    1    1    1  3.07296E+11 0.04837 
   27   27    1    1    1    1    1    1    1    1  5.99845E+11 0.04137 
   28   28    1    1    1    1    1    1    1    1  1.20585E+12 0.02255 
   29   29    1    1    1    1    1    1    1    1  1.64450E+12 0.02267 
   30   30    1    1    1    1    1    1    1    1  4.74591E+12 0.01794 
   31   31    1    1    1    1    1    1    1    1  1.24217E+13 0.01131 
   32   32    1    1    1    1    1    1    1    1  2.02218E+13 0.00637 
   33   33    1    1    1    1    1    1    1    1  4.05401E+13 0.00621 
   34   34    1    1    1    1    1    1    1    1  4.87719E+13 0.00656 
   35   35    1    1    1    1    1    1    1    1  7.10490E+13 0.00547 
   36   36    1    1    1    1    1    1    1    1  5.26114E+13 0.00558 
   37   37    1    1    1    1    1    1    1    1  1.68026E+13 0.00524 
   38   38    1    1    1    1    1    1    1    1  8.39653E+13 0.00524 
   39   39    1    1    1    1    1    1    1    1  1.07222E+14 0.00502 
   40   40    1    1    1    1    1    1    1    1  1.75190E+14 0.00525 
   41   41    1    1    1    1    1    1    1    1  1.75857E+14 0.00406 
   42   42    1    1    1    1    1    1    1    1  3.30170E+14 0.00390 
   43   43    1    1    1    1    1    1    1    1  3.72061E+14 0.00325 
   44   44    1    1    1    1    1    1    1    1  4.95531E+14 0.00366 
   45   45    1    1    1    1    1    1    1    1  8.97823E+14 0.00396 
   46   46    1    1    1    1    1    1    1    1  4.43087E+14 0.00361 
   47   47    1    1    1    1    1    1    1    1  6.76238E+14 0.00374 
   48   48    1    1    1    1    1    1    1    1  9.30249E+14 0.00371 
   49   49    1    1    1    1    1    1    1    1  8.75780E+14 0.00357 
   50   50    1    1    1    1    1    1    1    1  1.32005E+15 0.00387 
   51   51    1    1    1    1    1    1    1    1  1.05380E+15 0.00387 
   52   52    1    1    1    1    1    1    1    1  1.18554E+15 0.00451 
   53   53    1    1    1    1    1    1    1    1  8.34031E+14 0.00466 
   54   54    1    1    1    1    1    1    1    1  9.88279E+14 0.00437 
   55   55    1    1    1    1    1    1    1    1  6.91421E+14 0.00485 
   56   56    1    1    1    1    1    1    1    1  9.52522E+13 0.00510 
   57   57    1    1    1    1    1    1    1    1  1.35127E+15 0.00466 
   58   58    1    1    1    1    1    1    1    1  5.76630E+14 0.00464 
   59   59    1    1    1    1    1    1    1    1  6.23597E+14 0.00521 
   60   60    1    1    1    1    1    1    1    1  4.76051E+14 0.00476 
   61   61    1    1    1    1    1    1    1    1  4.77014E+14 0.00480 
   62   62    1    1    1    1    1    1    1    1  4.84299E+14 0.00519 
   63   63    1    1    1    1    1    1    1    1  4.00716E+14 0.00526 
   64   64    1    1    1    1    1    1    1    1  3.16065E+14 0.00517 
   65   65    1    1    1    1    1    1    1    1  3.11344E+14 0.00439 
   66   66    1    1    1    1    1    1    1    1  2.34538E+14 0.00497 
   67   67    1    1    1    1    1    1    1    1  1.93136E+14 0.00494 
   68   68    1    1    1    1    1    1    1    1  1.72163E+14 0.00508 
   69   69    1    1    1    1    1    1    1    1  2.07562E+14 0.00451 
   70   70    1    1    1    1    1    1    1    1  1.77592E+14 0.00560 
   71   71    1    1    1    1    1    1    1    1  3.33474E+14 0.00464 
   72   72    1    1    1    1    1    1    1    1  2.39820E+14 0.00575 
   73   73    1    1    1    1    1    1    1    1  1.81475E+14 0.00635 
   74   74    1    1    1    1    1    1    1    1  1.42498E+14 0.00532 
   75   75    1    1    1    1    1    1    1    1  1.15430E+14 0.00531 
   76   76    1    1    1    1    1    1    1    1  1.29493E+14 0.00566 
   77   77    1    1    1    1    1    1    1    1  9.98350E+13 0.00525 
   78   78    1    1    1    1    1    1    1    1  7.69642E+13 0.00449 
   79   79    1    1    1    1    1    1    1    1  7.87383E+13 0.00481 
   80   80    1    1    1    1    1    1    1    1  5.75428E+13 0.00653 
   81   81    1    1    1    1    1    1    1    1  4.43933E+13 0.00655 
   82   82    1    1    1    1    1    1    1    1  3.38904E+13 0.00920 
   83   83    1    1    1    1    1    1    1    1  3.16796E+13 0.00653 
   84   84    1    1    1    1    1    1    1    1  2.28837E+13 0.00777 
   85   85    1    1    1    1    1    1    1    1  1.63525E+13 0.00708 
   86   86    1    1    1    1    1    1    1    1  1.54556E+13 0.00960 
   87   87    1    1    1    1    1    1    1    1  9.40093E+12 0.01019 
   88   88    1    1    1    1    1    1    1    1  6.40528E+12 0.00870 
   89   89    1    1    1    1    1    1    1    1  3.82070E+12 0.01348 
   90   90    1    1    1    1    1    1    1    1  2.47676E+12 0.01529 
   91   91    1    1    1    1    1    1    1    1  1.23855E+12 0.02476 
   92   92    1    1    1    1    1    1    1    1  6.38789E+11 0.03026 
   93   93    1    1    1    1    1    1    1    1  3.03006E+11 0.05161 
   94   94    1    1    1    1    1    1    1    1  1.26774E+11 0.07127 
   95   95    1    1    1    1    1    1    1    1  6.45188E+10 0.13714 
   96   96    1    1    1    1    1    1    1    1  3.82322E+10 0.17024 
   97   97    1    1    1    1    1    1    1    1  2.07709E+10 0.25001 
   98   98    1    1    1    1    1    1    1    1  4.60885E+09 0.28024 
   99   99    1    1    1    1    1    1    1    1  3.06406E+09 0.58882 
  100  100    1    1    1    1    1    1    1    1  2.75714E+09 0.59516 
];


