
DETdpaspec = [
    1    1    1    1    1    1    1    1    1    1  0.00000E+00 0.00000 
    2    2    1    1    1    1    1    1    1    1  0.00000E+00 0.00000 
    3    3    1    1    1    1    1    1    1    1  7.63032E+06 1.00000 
    4    4    1    1    1    1    1    1    1    1  0.00000E+00 0.00000 
    5    5    1    1    1    1    1    1    1    1  0.00000E+00 0.00000 
    6    6    1    1    1    1    1    1    1    1  0.00000E+00 0.00000 
    7    7    1    1    1    1    1    1    1    1  1.63881E+07 1.00000 
    8    8    1    1    1    1    1    1    1    1  2.12365E+07 1.00000 
    9    9    1    1    1    1    1    1    1    1  1.52277E+07 1.00000 
   10   10    1    1    1    1    1    1    1    1  5.20381E+07 1.00000 
   11   11    1    1    1    1    1    1    1    1  6.17356E+08 0.80682 
   12   12    1    1    1    1    1    1    1    1  1.62487E+07 0.71304 
   13   13    1    1    1    1    1    1    1    1  1.33029E+09 0.45677 
   14   14    1    1    1    1    1    1    1    1  1.17951E+09 0.54829 
   15   15    1    1    1    1    1    1    1    1  2.34361E+09 0.41944 
   16   16    1    1    1    1    1    1    1    1  8.82934E+08 0.31559 
   17   17    1    1    1    1    1    1    1    1  3.73733E+09 0.33567 
   18   18    1    1    1    1    1    1    1    1  1.04690E+10 0.19634 
   19   19    1    1    1    1    1    1    1    1  1.09163E+10 0.18607 
   20   20    1    1    1    1    1    1    1    1  3.62658E+10 0.16154 
   21   21    1    1    1    1    1    1    1    1  2.29579E+10 0.12557 
   22   22    1    1    1    1    1    1    1    1  6.65506E+10 0.10304 
   23   23    1    1    1    1    1    1    1    1  9.66868E+10 0.07241 
   24   24    1    1    1    1    1    1    1    1  1.65828E+11 0.05412 
   25   25    1    1    1    1    1    1    1    1  2.03529E+11 0.05381 
   26   26    1    1    1    1    1    1    1    1  3.79048E+11 0.03845 
   27   27    1    1    1    1    1    1    1    1  7.58225E+11 0.03606 
   28   28    1    1    1    1    1    1    1    1  1.45230E+12 0.02081 
   29   29    1    1    1    1    1    1    1    1  1.92243E+12 0.01306 
   30   30    1    1    1    1    1    1    1    1  5.67983E+12 0.01196 
   31   31    1    1    1    1    1    1    1    1  1.49480E+13 0.00871 
   32   32    1    1    1    1    1    1    1    1  2.44443E+13 0.00680 
   33   33    1    1    1    1    1    1    1    1  5.01751E+13 0.00407 
   34   34    1    1    1    1    1    1    1    1  6.12648E+13 0.00358 
   35   35    1    1    1    1    1    1    1    1  8.91433E+13 0.00464 
   36   36    1    1    1    1    1    1    1    1  6.62869E+13 0.00354 
   37   37    1    1    1    1    1    1    1    1  2.09689E+13 0.00301 
   38   38    1    1    1    1    1    1    1    1  1.06041E+14 0.00354 
   39   39    1    1    1    1    1    1    1    1  1.35686E+14 0.00365 
   40   40    1    1    1    1    1    1    1    1  2.23236E+14 0.00348 
   41   41    1    1    1    1    1    1    1    1  2.23431E+14 0.00345 
   42   42    1    1    1    1    1    1    1    1  4.25078E+14 0.00299 
   43   43    1    1    1    1    1    1    1    1  4.79319E+14 0.00308 
   44   44    1    1    1    1    1    1    1    1  6.40556E+14 0.00299 
   45   45    1    1    1    1    1    1    1    1  1.16902E+15 0.00260 
   46   46    1    1    1    1    1    1    1    1  5.77266E+14 0.00274 
   47   47    1    1    1    1    1    1    1    1  8.81427E+14 0.00299 
   48   48    1    1    1    1    1    1    1    1  1.21338E+15 0.00277 
   49   49    1    1    1    1    1    1    1    1  1.14526E+15 0.00284 
   50   50    1    1    1    1    1    1    1    1  1.72935E+15 0.00258 
   51   51    1    1    1    1    1    1    1    1  1.37815E+15 0.00306 
   52   52    1    1    1    1    1    1    1    1  1.55468E+15 0.00308 
   53   53    1    1    1    1    1    1    1    1  1.09276E+15 0.00297 
   54   54    1    1    1    1    1    1    1    1  1.29751E+15 0.00249 
   55   55    1    1    1    1    1    1    1    1  9.07153E+14 0.00287 
   56   56    1    1    1    1    1    1    1    1  1.24964E+14 0.00274 
   57   57    1    1    1    1    1    1    1    1  1.77593E+15 0.00275 
   58   58    1    1    1    1    1    1    1    1  7.59014E+14 0.00281 
   59   59    1    1    1    1    1    1    1    1  8.19834E+14 0.00284 
   60   60    1    1    1    1    1    1    1    1  6.26729E+14 0.00298 
   61   61    1    1    1    1    1    1    1    1  6.29570E+14 0.00261 
   62   62    1    1    1    1    1    1    1    1  6.39182E+14 0.00299 
   63   63    1    1    1    1    1    1    1    1  5.29300E+14 0.00293 
   64   64    1    1    1    1    1    1    1    1  4.15772E+14 0.00331 
   65   65    1    1    1    1    1    1    1    1  4.10562E+14 0.00362 
   66   66    1    1    1    1    1    1    1    1  3.08920E+14 0.00320 
   67   67    1    1    1    1    1    1    1    1  2.54929E+14 0.00271 
   68   68    1    1    1    1    1    1    1    1  2.27258E+14 0.00309 
   69   69    1    1    1    1    1    1    1    1  2.74378E+14 0.00340 
   70   70    1    1    1    1    1    1    1    1  2.33820E+14 0.00392 
   71   71    1    1    1    1    1    1    1    1  4.38916E+14 0.00374 
   72   72    1    1    1    1    1    1    1    1  3.15746E+14 0.00427 
   73   73    1    1    1    1    1    1    1    1  2.38075E+14 0.00370 
   74   74    1    1    1    1    1    1    1    1  1.88195E+14 0.00390 
   75   75    1    1    1    1    1    1    1    1  1.52080E+14 0.00371 
   76   76    1    1    1    1    1    1    1    1  1.71991E+14 0.00364 
   77   77    1    1    1    1    1    1    1    1  1.32980E+14 0.00466 
   78   78    1    1    1    1    1    1    1    1  1.02510E+14 0.00507 
   79   79    1    1    1    1    1    1    1    1  1.04773E+14 0.00390 
   80   80    1    1    1    1    1    1    1    1  7.74801E+13 0.00445 
   81   81    1    1    1    1    1    1    1    1  5.92490E+13 0.00523 
   82   82    1    1    1    1    1    1    1    1  4.53970E+13 0.00605 
   83   83    1    1    1    1    1    1    1    1  4.24128E+13 0.00794 
   84   84    1    1    1    1    1    1    1    1  3.03915E+13 0.00420 
   85   85    1    1    1    1    1    1    1    1  2.19773E+13 0.00627 
   86   86    1    1    1    1    1    1    1    1  2.05425E+13 0.00625 
   87   87    1    1    1    1    1    1    1    1  1.27619E+13 0.00660 
   88   88    1    1    1    1    1    1    1    1  8.74534E+12 0.01179 
   89   89    1    1    1    1    1    1    1    1  4.93672E+12 0.01116 
   90   90    1    1    1    1    1    1    1    1  3.33021E+12 0.01836 
   91   91    1    1    1    1    1    1    1    1  1.70726E+12 0.02021 
   92   92    1    1    1    1    1    1    1    1  8.38378E+11 0.03998 
   93   93    1    1    1    1    1    1    1    1  4.02761E+11 0.03984 
   94   94    1    1    1    1    1    1    1    1  2.26010E+11 0.06398 
   95   95    1    1    1    1    1    1    1    1  9.35235E+10 0.07653 
   96   96    1    1    1    1    1    1    1    1  4.90032E+10 0.15492 
   97   97    1    1    1    1    1    1    1    1  2.27559E+10 0.16755 
   98   98    1    1    1    1    1    1    1    1  8.41149E+09 0.23679 
   99   99    1    1    1    1    1    1    1    1  8.57612E+09 0.36114 
  100  100    1    1    1    1    1    1    1    1  3.13886E+09 0.45537 
];


