
DETdpaspec = [
    1    1    1    1    1    1    1    1    1    1  0.00000E+00 0.00000 
    2    2    1    1    1    1    1    1    1    1  0.00000E+00 0.00000 
    3    3    1    1    1    1    1    1    1    1  0.00000E+00 0.00000 
    4    4    1    1    1    1    1    1    1    1  0.00000E+00 0.00000 
    5    5    1    1    1    1    1    1    1    1  0.00000E+00 0.00000 
    6    6    1    1    1    1    1    1    1    1  0.00000E+00 0.00000 
    7    7    1    1    1    1    1    1    1    1  0.00000E+00 0.00000 
    8    8    1    1    1    1    1    1    1    1  0.00000E+00 0.00000 
    9    9    1    1    1    1    1    1    1    1  1.03090E+07 1.00000 
   10   10    1    1    1    1    1    1    1    1  0.00000E+00 0.00000 
   11   11    1    1    1    1    1    1    1    1  1.76895E+08 0.69768 
   12   12    1    1    1    1    1    1    1    1  2.22020E+08 0.47516 
   13   13    1    1    1    1    1    1    1    1  2.01851E+09 0.44632 
   14   14    1    1    1    1    1    1    1    1  2.30328E+09 0.61677 
   15   15    1    1    1    1    1    1    1    1  6.69235E+09 0.29912 
   16   16    1    1    1    1    1    1    1    1  2.85782E+09 0.24573 
   17   17    1    1    1    1    1    1    1    1  3.93555E+09 0.21404 
   18   18    1    1    1    1    1    1    1    1  1.48569E+10 0.13755 
   19   19    1    1    1    1    1    1    1    1  1.83111E+10 0.11255 
   20   20    1    1    1    1    1    1    1    1  6.37195E+10 0.13348 
   21   21    1    1    1    1    1    1    1    1  4.66476E+10 0.07016 
   22   22    1    1    1    1    1    1    1    1  1.12706E+11 0.05542 
   23   23    1    1    1    1    1    1    1    1  1.59503E+11 0.06753 
   24   24    1    1    1    1    1    1    1    1  2.80810E+11 0.04101 
   25   25    1    1    1    1    1    1    1    1  4.00072E+11 0.04383 
   26   26    1    1    1    1    1    1    1    1  6.96917E+11 0.03441 
   27   27    1    1    1    1    1    1    1    1  1.41922E+12 0.03283 
   28   28    1    1    1    1    1    1    1    1  3.26127E+12 0.01516 
   29   29    1    1    1    1    1    1    1    1  5.09842E+12 0.00916 
   30   30    1    1    1    1    1    1    1    1  1.37169E+13 0.00727 
   31   31    1    1    1    1    1    1    1    1  3.73904E+13 0.00524 
   32   32    1    1    1    1    1    1    1    1  6.21683E+13 0.00369 
   33   33    1    1    1    1    1    1    1    1  1.33264E+14 0.00262 
   34   34    1    1    1    1    1    1    1    1  1.69022E+14 0.00212 
   35   35    1    1    1    1    1    1    1    1  2.34048E+14 0.00214 
   36   36    1    1    1    1    1    1    1    1  1.72463E+14 0.00188 
   37   37    1    1    1    1    1    1    1    1  5.36097E+13 0.00180 
   38   38    1    1    1    1    1    1    1    1  2.79223E+14 0.00156 
   39   39    1    1    1    1    1    1    1    1  3.59302E+14 0.00141 
   40   40    1    1    1    1    1    1    1    1  6.08407E+14 0.00077 
   41   41    1    1    1    1    1    1    1    1  5.99291E+14 0.00102 
   42   42    1    1    1    1    1    1    1    1  1.17161E+15 0.00107 
   43   43    1    1    1    1    1    1    1    1  1.34256E+15 0.00091 
   44   44    1    1    1    1    1    1    1    1  1.82477E+15 0.00084 
   45   45    1    1    1    1    1    1    1    1  3.43556E+15 0.00090 
   46   46    1    1    1    1    1    1    1    1  1.71141E+15 0.00101 
   47   47    1    1    1    1    1    1    1    1  2.60993E+15 0.00078 
   48   48    1    1    1    1    1    1    1    1  3.64225E+15 0.00078 
   49   49    1    1    1    1    1    1    1    1  3.44226E+15 0.00060 
   50   50    1    1    1    1    1    1    1    1  5.33495E+15 0.00061 
   51   51    1    1    1    1    1    1    1    1  4.23474E+15 0.00053 
   52   52    1    1    1    1    1    1    1    1  4.90102E+15 0.00073 
   53   53    1    1    1    1    1    1    1    1  3.46206E+15 0.00082 
   54   54    1    1    1    1    1    1    1    1  4.20871E+15 0.00080 
   55   55    1    1    1    1    1    1    1    1  2.94481E+15 0.00077 
   56   56    1    1    1    1    1    1    1    1  4.04035E+14 0.00109 
   57   57    1    1    1    1    1    1    1    1  5.79136E+15 0.00062 
   58   58    1    1    1    1    1    1    1    1  2.54716E+15 0.00064 
   59   59    1    1    1    1    1    1    1    1  2.74944E+15 0.00087 
   60   60    1    1    1    1    1    1    1    1  2.14832E+15 0.00089 
   61   61    1    1    1    1    1    1    1    1  2.15123E+15 0.00088 
   62   62    1    1    1    1    1    1    1    1  2.19854E+15 0.00091 
   63   63    1    1    1    1    1    1    1    1  1.84293E+15 0.00072 
   64   64    1    1    1    1    1    1    1    1  1.45779E+15 0.00087 
   65   65    1    1    1    1    1    1    1    1  1.44077E+15 0.00079 
   66   66    1    1    1    1    1    1    1    1  1.09156E+15 0.00082 
   67   67    1    1    1    1    1    1    1    1  8.96615E+14 0.00133 
   68   68    1    1    1    1    1    1    1    1  7.98474E+14 0.00140 
   69   69    1    1    1    1    1    1    1    1  9.64901E+14 0.00108 
   70   70    1    1    1    1    1    1    1    1  8.25571E+14 0.00103 
   71   71    1    1    1    1    1    1    1    1  1.52979E+15 0.00118 
   72   72    1    1    1    1    1    1    1    1  1.09747E+15 0.00108 
   73   73    1    1    1    1    1    1    1    1  8.36729E+14 0.00146 
   74   74    1    1    1    1    1    1    1    1  6.70841E+14 0.00132 
   75   75    1    1    1    1    1    1    1    1  5.49871E+14 0.00122 
   76   76    1    1    1    1    1    1    1    1  6.32225E+14 0.00132 
   77   77    1    1    1    1    1    1    1    1  4.94899E+14 0.00147 
   78   78    1    1    1    1    1    1    1    1  3.86153E+14 0.00140 
   79   79    1    1    1    1    1    1    1    1  3.97919E+14 0.00166 
   80   80    1    1    1    1    1    1    1    1  2.96061E+14 0.00234 
   81   81    1    1    1    1    1    1    1    1  2.27349E+14 0.00198 
   82   82    1    1    1    1    1    1    1    1  1.74735E+14 0.00174 
   83   83    1    1    1    1    1    1    1    1  1.63427E+14 0.00219 
   84   84    1    1    1    1    1    1    1    1  1.17570E+14 0.00302 
   85   85    1    1    1    1    1    1    1    1  8.46094E+13 0.00328 
   86   86    1    1    1    1    1    1    1    1  7.90003E+13 0.00380 
   87   87    1    1    1    1    1    1    1    1  4.89605E+13 0.00476 
   88   88    1    1    1    1    1    1    1    1  3.32902E+13 0.00553 
   89   89    1    1    1    1    1    1    1    1  1.91577E+13 0.00531 
   90   90    1    1    1    1    1    1    1    1  1.27816E+13 0.00926 
   91   91    1    1    1    1    1    1    1    1  6.40759E+12 0.01108 
   92   92    1    1    1    1    1    1    1    1  3.15359E+12 0.01478 
   93   93    1    1    1    1    1    1    1    1  1.49097E+12 0.02269 
   94   94    1    1    1    1    1    1    1    1  7.27872E+11 0.02522 
   95   95    1    1    1    1    1    1    1    1  3.34995E+11 0.03857 
   96   96    1    1    1    1    1    1    1    1  1.52340E+11 0.07904 
   97   97    1    1    1    1    1    1    1    1  8.66299E+10 0.11519 
   98   98    1    1    1    1    1    1    1    1  3.80795E+10 0.16648 
   99   99    1    1    1    1    1    1    1    1  1.76164E+10 0.27000 
  100  100    1    1    1    1    1    1    1    1  1.96804E+10 0.18829 
];


