
DETdpaspec = [
    1    1    1    1    1    1    1    1    1    1  0.00000E+00 0.00000 
    2    2    1    1    1    1    1    1    1    1  0.00000E+00 0.00000 
    3    3    1    1    1    1    1    1    1    1  0.00000E+00 0.00000 
    4    4    1    1    1    1    1    1    1    1  0.00000E+00 0.00000 
    5    5    1    1    1    1    1    1    1    1  0.00000E+00 0.00000 
    6    6    1    1    1    1    1    1    1    1  9.34078E+06 1.00000 
    7    7    1    1    1    1    1    1    1    1  0.00000E+00 0.00000 
    8    8    1    1    1    1    1    1    1    1  0.00000E+00 0.00000 
    9    9    1    1    1    1    1    1    1    1  0.00000E+00 0.00000 
   10   10    1    1    1    1    1    1    1    1  5.87602E+07 1.00000 
   11   11    1    1    1    1    1    1    1    1  1.74924E+08 0.71242 
   12   12    1    1    1    1    1    1    1    1  2.04777E+07 1.00000 
   13   13    1    1    1    1    1    1    1    1  1.35536E+09 0.51434 
   14   14    1    1    1    1    1    1    1    1  3.72967E+09 0.32206 
   15   15    1    1    1    1    1    1    1    1  4.02066E+09 0.50505 
   16   16    1    1    1    1    1    1    1    1  1.32930E+09 0.44903 
   17   17    1    1    1    1    1    1    1    1  4.61858E+09 0.19107 
   18   18    1    1    1    1    1    1    1    1  9.79019E+09 0.27614 
   19   19    1    1    1    1    1    1    1    1  1.09773E+10 0.24375 
   20   20    1    1    1    1    1    1    1    1  3.28227E+10 0.16302 
   21   21    1    1    1    1    1    1    1    1  2.32220E+10 0.09833 
   22   22    1    1    1    1    1    1    1    1  7.66682E+10 0.07929 
   23   23    1    1    1    1    1    1    1    1  9.79268E+10 0.05411 
   24   24    1    1    1    1    1    1    1    1  1.40275E+11 0.05072 
   25   25    1    1    1    1    1    1    1    1  1.81970E+11 0.05021 
   26   26    1    1    1    1    1    1    1    1  3.32895E+11 0.04895 
   27   27    1    1    1    1    1    1    1    1  6.20262E+11 0.02529 
   28   28    1    1    1    1    1    1    1    1  1.26340E+12 0.02588 
   29   29    1    1    1    1    1    1    1    1  1.77921E+12 0.01814 
   30   30    1    1    1    1    1    1    1    1  5.15964E+12 0.01414 
   31   31    1    1    1    1    1    1    1    1  1.33575E+13 0.00961 
   32   32    1    1    1    1    1    1    1    1  2.20625E+13 0.00750 
   33   33    1    1    1    1    1    1    1    1  4.46583E+13 0.00534 
   34   34    1    1    1    1    1    1    1    1  5.40197E+13 0.00389 
   35   35    1    1    1    1    1    1    1    1  7.87822E+13 0.00348 
   36   36    1    1    1    1    1    1    1    1  5.85852E+13 0.00318 
   37   37    1    1    1    1    1    1    1    1  1.86341E+13 0.00360 
   38   38    1    1    1    1    1    1    1    1  9.37551E+13 0.00295 
   39   39    1    1    1    1    1    1    1    1  1.20014E+14 0.00356 
   40   40    1    1    1    1    1    1    1    1  1.96701E+14 0.00294 
   41   41    1    1    1    1    1    1    1    1  1.97028E+14 0.00267 
   42   42    1    1    1    1    1    1    1    1  3.73820E+14 0.00299 
   43   43    1    1    1    1    1    1    1    1  4.21010E+14 0.00275 
   44   44    1    1    1    1    1    1    1    1  5.61145E+14 0.00251 
   45   45    1    1    1    1    1    1    1    1  1.02047E+15 0.00220 
   46   46    1    1    1    1    1    1    1    1  5.04909E+14 0.00248 
   47   47    1    1    1    1    1    1    1    1  7.69008E+14 0.00280 
   48   48    1    1    1    1    1    1    1    1  1.05825E+15 0.00295 
   49   49    1    1    1    1    1    1    1    1  9.97599E+14 0.00307 
   50   50    1    1    1    1    1    1    1    1  1.50381E+15 0.00287 
   51   51    1    1    1    1    1    1    1    1  1.19713E+15 0.00309 
   52   52    1    1    1    1    1    1    1    1  1.34989E+15 0.00287 
   53   53    1    1    1    1    1    1    1    1  9.49296E+14 0.00263 
   54   54    1    1    1    1    1    1    1    1  1.12665E+15 0.00285 
   55   55    1    1    1    1    1    1    1    1  7.87110E+14 0.00308 
   56   56    1    1    1    1    1    1    1    1  1.08380E+14 0.00300 
   57   57    1    1    1    1    1    1    1    1  1.54308E+15 0.00283 
   58   58    1    1    1    1    1    1    1    1  6.58425E+14 0.00313 
   59   59    1    1    1    1    1    1    1    1  7.11182E+14 0.00273 
   60   60    1    1    1    1    1    1    1    1  5.42729E+14 0.00295 
   61   61    1    1    1    1    1    1    1    1  5.44181E+14 0.00290 
   62   62    1    1    1    1    1    1    1    1  5.50887E+14 0.00318 
   63   63    1    1    1    1    1    1    1    1  4.57222E+14 0.00325 
   64   64    1    1    1    1    1    1    1    1  3.60687E+14 0.00335 
   65   65    1    1    1    1    1    1    1    1  3.54421E+14 0.00372 
   66   66    1    1    1    1    1    1    1    1  2.67278E+14 0.00392 
   67   67    1    1    1    1    1    1    1    1  2.19489E+14 0.00361 
   68   68    1    1    1    1    1    1    1    1  1.96114E+14 0.00326 
   69   69    1    1    1    1    1    1    1    1  2.36270E+14 0.00327 
   70   70    1    1    1    1    1    1    1    1  2.02741E+14 0.00304 
   71   71    1    1    1    1    1    1    1    1  3.78989E+14 0.00342 
   72   72    1    1    1    1    1    1    1    1  2.72230E+14 0.00350 
   73   73    1    1    1    1    1    1    1    1  2.06023E+14 0.00408 
   74   74    1    1    1    1    1    1    1    1  1.62440E+14 0.00429 
   75   75    1    1    1    1    1    1    1    1  1.31373E+14 0.00345 
   76   76    1    1    1    1    1    1    1    1  1.47571E+14 0.00382 
   77   77    1    1    1    1    1    1    1    1  1.14178E+14 0.00351 
   78   78    1    1    1    1    1    1    1    1  8.87360E+13 0.00448 
   79   79    1    1    1    1    1    1    1    1  9.06208E+13 0.00489 
   80   80    1    1    1    1    1    1    1    1  6.64828E+13 0.00405 
   81   81    1    1    1    1    1    1    1    1  5.04673E+13 0.00519 
   82   82    1    1    1    1    1    1    1    1  3.90233E+13 0.00569 
   83   83    1    1    1    1    1    1    1    1  3.62385E+13 0.00599 
   84   84    1    1    1    1    1    1    1    1  2.61558E+13 0.00568 
   85   85    1    1    1    1    1    1    1    1  1.90241E+13 0.00868 
   86   86    1    1    1    1    1    1    1    1  1.76325E+13 0.00877 
   87   87    1    1    1    1    1    1    1    1  1.08931E+13 0.00981 
   88   88    1    1    1    1    1    1    1    1  7.42391E+12 0.01270 
   89   89    1    1    1    1    1    1    1    1  4.29478E+12 0.01623 
   90   90    1    1    1    1    1    1    1    1  2.94093E+12 0.01324 
   91   91    1    1    1    1    1    1    1    1  1.47045E+12 0.02013 
   92   92    1    1    1    1    1    1    1    1  7.08452E+11 0.03289 
   93   93    1    1    1    1    1    1    1    1  3.50135E+11 0.02816 
   94   94    1    1    1    1    1    1    1    1  1.60269E+11 0.08505 
   95   95    1    1    1    1    1    1    1    1  7.57446E+10 0.11384 
   96   96    1    1    1    1    1    1    1    1  4.55101E+10 0.15391 
   97   97    1    1    1    1    1    1    1    1  2.64531E+10 0.19613 
   98   98    1    1    1    1    1    1    1    1  3.87450E+09 0.44765 
   99   99    1    1    1    1    1    1    1    1  4.26537E+09 0.42581 
  100  100    1    1    1    1    1    1    1    1  5.89058E+09 0.36130 
];


