
DETdpaspec = [
    1    1    1    1    1    1    1    1    1    1  0.00000E+00 0.00000 
    2    2    1    1    1    1    1    1    1    1  5.04657E+06 1.00000 
    3    3    1    1    1    1    1    1    1    1  0.00000E+00 0.00000 
    4    4    1    1    1    1    1    1    1    1  0.00000E+00 0.00000 
    5    5    1    1    1    1    1    1    1    1  0.00000E+00 0.00000 
    6    6    1    1    1    1    1    1    1    1  1.03809E+07 1.00000 
    7    7    1    1    1    1    1    1    1    1  1.35809E+07 1.00000 
    8    8    1    1    1    1    1    1    1    1  0.00000E+00 0.00000 
    9    9    1    1    1    1    1    1    1    1  1.71317E+07 1.00000 
   10   10    1    1    1    1    1    1    1    1  0.00000E+00 0.00000 
   11   11    1    1    1    1    1    1    1    1  2.12119E+08 0.69306 
   12   12    1    1    1    1    1    1    1    1  1.34885E+08 0.46485 
   13   13    1    1    1    1    1    1    1    1  2.68098E+09 0.30908 
   14   14    1    1    1    1    1    1    1    1  6.84148E+09 0.36099 
   15   15    1    1    1    1    1    1    1    1  4.85444E+09 0.46115 
   16   16    1    1    1    1    1    1    1    1  8.10027E+08 0.28370 
   17   17    1    1    1    1    1    1    1    1  3.83646E+09 0.24448 
   18   18    1    1    1    1    1    1    1    1  1.12230E+10 0.20909 
   19   19    1    1    1    1    1    1    1    1  1.29288E+10 0.13535 
   20   20    1    1    1    1    1    1    1    1  4.77465E+10 0.12864 
   21   21    1    1    1    1    1    1    1    1  3.18226E+10 0.10377 
   22   22    1    1    1    1    1    1    1    1  9.12580E+10 0.09140 
   23   23    1    1    1    1    1    1    1    1  1.24847E+11 0.06052 
   24   24    1    1    1    1    1    1    1    1  1.93306E+11 0.05524 
   25   25    1    1    1    1    1    1    1    1  2.40384E+11 0.05075 
   26   26    1    1    1    1    1    1    1    1  4.48626E+11 0.02807 
   27   27    1    1    1    1    1    1    1    1  9.04456E+11 0.01736 
   28   28    1    1    1    1    1    1    1    1  1.88005E+12 0.02026 
   29   29    1    1    1    1    1    1    1    1  2.64399E+12 0.01603 
   30   30    1    1    1    1    1    1    1    1  7.46910E+12 0.01035 
   31   31    1    1    1    1    1    1    1    1  2.02478E+13 0.00658 
   32   32    1    1    1    1    1    1    1    1  3.34081E+13 0.00469 
   33   33    1    1    1    1    1    1    1    1  6.88070E+13 0.00391 
   34   34    1    1    1    1    1    1    1    1  8.49190E+13 0.00227 
   35   35    1    1    1    1    1    1    1    1  1.22339E+14 0.00177 
   36   36    1    1    1    1    1    1    1    1  9.07712E+13 0.00224 
   37   37    1    1    1    1    1    1    1    1  2.87774E+13 0.00175 
   38   38    1    1    1    1    1    1    1    1  1.46032E+14 0.00202 
   39   39    1    1    1    1    1    1    1    1  1.87258E+14 0.00198 
   40   40    1    1    1    1    1    1    1    1  3.10387E+14 0.00180 
   41   41    1    1    1    1    1    1    1    1  3.11061E+14 0.00171 
   42   42    1    1    1    1    1    1    1    1  5.93320E+14 0.00164 
   43   43    1    1    1    1    1    1    1    1  6.72545E+14 0.00185 
   44   44    1    1    1    1    1    1    1    1  9.02735E+14 0.00198 
   45   45    1    1    1    1    1    1    1    1  1.66056E+15 0.00179 
   46   46    1    1    1    1    1    1    1    1  8.23652E+14 0.00150 
   47   47    1    1    1    1    1    1    1    1  1.25779E+15 0.00147 
   48   48    1    1    1    1    1    1    1    1  1.73673E+15 0.00144 
   49   49    1    1    1    1    1    1    1    1  1.63972E+15 0.00145 
   50   50    1    1    1    1    1    1    1    1  2.48882E+15 0.00143 
   51   51    1    1    1    1    1    1    1    1  1.98176E+15 0.00134 
   52   52    1    1    1    1    1    1    1    1  2.25105E+15 0.00131 
   53   53    1    1    1    1    1    1    1    1  1.58545E+15 0.00140 
   54   54    1    1    1    1    1    1    1    1  1.89078E+15 0.00153 
   55   55    1    1    1    1    1    1    1    1  1.32332E+15 0.00140 
   56   56    1    1    1    1    1    1    1    1  1.82237E+14 0.00161 
   57   57    1    1    1    1    1    1    1    1  2.59190E+15 0.00146 
   58   58    1    1    1    1    1    1    1    1  1.11602E+15 0.00186 
   59   59    1    1    1    1    1    1    1    1  1.20452E+15 0.00173 
   60   60    1    1    1    1    1    1    1    1  9.27202E+14 0.00179 
   61   61    1    1    1    1    1    1    1    1  9.28750E+14 0.00190 
   62   62    1    1    1    1    1    1    1    1  9.44743E+14 0.00187 
   63   63    1    1    1    1    1    1    1    1  7.85264E+14 0.00208 
   64   64    1    1    1    1    1    1    1    1  6.18519E+14 0.00205 
   65   65    1    1    1    1    1    1    1    1  6.09551E+14 0.00186 
   66   66    1    1    1    1    1    1    1    1  4.59242E+14 0.00235 
   67   67    1    1    1    1    1    1    1    1  3.77139E+14 0.00213 
   68   68    1    1    1    1    1    1    1    1  3.38116E+14 0.00159 
   69   69    1    1    1    1    1    1    1    1  4.07533E+14 0.00186 
   70   70    1    1    1    1    1    1    1    1  3.48424E+14 0.00192 
   71   71    1    1    1    1    1    1    1    1  6.49939E+14 0.00211 
   72   72    1    1    1    1    1    1    1    1  4.67259E+14 0.00219 
   73   73    1    1    1    1    1    1    1    1  3.53886E+14 0.00227 
   74   74    1    1    1    1    1    1    1    1  2.80744E+14 0.00262 
   75   75    1    1    1    1    1    1    1    1  2.27932E+14 0.00267 
   76   76    1    1    1    1    1    1    1    1  2.57865E+14 0.00216 
   77   77    1    1    1    1    1    1    1    1  1.99237E+14 0.00258 
   78   78    1    1    1    1    1    1    1    1  1.53972E+14 0.00292 
   79   79    1    1    1    1    1    1    1    1  1.57825E+14 0.00325 
   80   80    1    1    1    1    1    1    1    1  1.16811E+14 0.00217 
   81   81    1    1    1    1    1    1    1    1  8.94443E+13 0.00467 
   82   82    1    1    1    1    1    1    1    1  6.87995E+13 0.00358 
   83   83    1    1    1    1    1    1    1    1  6.44565E+13 0.00477 
   84   84    1    1    1    1    1    1    1    1  4.64243E+13 0.00601 
   85   85    1    1    1    1    1    1    1    1  3.30356E+13 0.00552 
   86   86    1    1    1    1    1    1    1    1  3.11364E+13 0.00699 
   87   87    1    1    1    1    1    1    1    1  1.92227E+13 0.00574 
   88   88    1    1    1    1    1    1    1    1  1.31532E+13 0.00593 
   89   89    1    1    1    1    1    1    1    1  7.54846E+12 0.00921 
   90   90    1    1    1    1    1    1    1    1  5.01189E+12 0.01539 
   91   91    1    1    1    1    1    1    1    1  2.58818E+12 0.01157 
   92   92    1    1    1    1    1    1    1    1  1.23515E+12 0.03259 
   93   93    1    1    1    1    1    1    1    1  5.92846E+11 0.02450 
   94   94    1    1    1    1    1    1    1    1  3.07533E+11 0.03967 
   95   95    1    1    1    1    1    1    1    1  1.50458E+11 0.08591 
   96   96    1    1    1    1    1    1    1    1  5.75866E+10 0.09183 
   97   97    1    1    1    1    1    1    1    1  3.92795E+10 0.16116 
   98   98    1    1    1    1    1    1    1    1  1.81614E+10 0.20687 
   99   99    1    1    1    1    1    1    1    1  1.20442E+10 0.30262 
  100  100    1    1    1    1    1    1    1    1  7.33674E+09 0.48892 
];


