
DETdpaspec = [
    1    1    1    1    1    1    1    1    1    1  0.00000E+00 0.00000 
    2    2    1    1    1    1    1    1    1    1  0.00000E+00 0.00000 
    3    3    1    1    1    1    1    1    1    1  0.00000E+00 0.00000 
    4    4    1    1    1    1    1    1    1    1  0.00000E+00 0.00000 
    5    5    1    1    1    1    1    1    1    1  0.00000E+00 0.00000 
    6    6    1    1    1    1    1    1    1    1  0.00000E+00 0.00000 
    7    7    1    1    1    1    1    1    1    1  3.12244E+07 0.69024 
    8    8    1    1    1    1    1    1    1    1  0.00000E+00 0.00000 
    9    9    1    1    1    1    1    1    1    1  5.68340E+07 0.58227 
   10   10    1    1    1    1    1    1    1    1  2.77704E+08 0.70701 
   11   11    1    1    1    1    1    1    1    1  1.33349E+08 0.68854 
   12   12    1    1    1    1    1    1    1    1  3.34304E+07 0.91492 
   13   13    1    1    1    1    1    1    1    1  1.65737E+09 0.42904 
   14   14    1    1    1    1    1    1    1    1  2.17328E+09 0.43340 
   15   15    1    1    1    1    1    1    1    1  3.82917E+09 0.26315 
   16   16    1    1    1    1    1    1    1    1  2.47310E+09 0.32605 
   17   17    1    1    1    1    1    1    1    1  2.81154E+09 0.25817 
   18   18    1    1    1    1    1    1    1    1  1.10311E+10 0.16223 
   19   19    1    1    1    1    1    1    1    1  1.25693E+10 0.15869 
   20   20    1    1    1    1    1    1    1    1  3.04545E+10 0.12866 
   21   21    1    1    1    1    1    1    1    1  2.70906E+10 0.11617 
   22   22    1    1    1    1    1    1    1    1  8.69217E+10 0.08979 
   23   23    1    1    1    1    1    1    1    1  1.13560E+11 0.07275 
   24   24    1    1    1    1    1    1    1    1  1.50704E+11 0.05600 
   25   25    1    1    1    1    1    1    1    1  2.17062E+11 0.05242 
   26   26    1    1    1    1    1    1    1    1  3.63170E+11 0.03016 
   27   27    1    1    1    1    1    1    1    1  7.15160E+11 0.02718 
   28   28    1    1    1    1    1    1    1    1  1.50918E+12 0.01792 
   29   29    1    1    1    1    1    1    1    1  2.07959E+12 0.01986 
   30   30    1    1    1    1    1    1    1    1  6.08660E+12 0.01369 
   31   31    1    1    1    1    1    1    1    1  1.62043E+13 0.00681 
   32   32    1    1    1    1    1    1    1    1  2.64318E+13 0.00648 
   33   33    1    1    1    1    1    1    1    1  5.47251E+13 0.00389 
   34   34    1    1    1    1    1    1    1    1  6.67347E+13 0.00287 
   35   35    1    1    1    1    1    1    1    1  9.66348E+13 0.00322 
   36   36    1    1    1    1    1    1    1    1  7.15001E+13 0.00318 
   37   37    1    1    1    1    1    1    1    1  2.27920E+13 0.00267 
   38   38    1    1    1    1    1    1    1    1  1.15141E+14 0.00311 
   39   39    1    1    1    1    1    1    1    1  1.46773E+14 0.00306 
   40   40    1    1    1    1    1    1    1    1  2.42057E+14 0.00243 
   41   41    1    1    1    1    1    1    1    1  2.42127E+14 0.00260 
   42   42    1    1    1    1    1    1    1    1  4.60771E+14 0.00247 
   43   43    1    1    1    1    1    1    1    1  5.20437E+14 0.00188 
   44   44    1    1    1    1    1    1    1    1  6.96789E+14 0.00235 
   45   45    1    1    1    1    1    1    1    1  1.27672E+15 0.00216 
   46   46    1    1    1    1    1    1    1    1  6.30697E+14 0.00184 
   47   47    1    1    1    1    1    1    1    1  9.59859E+14 0.00218 
   48   48    1    1    1    1    1    1    1    1  1.32548E+15 0.00178 
   49   49    1    1    1    1    1    1    1    1  1.25140E+15 0.00203 
   50   50    1    1    1    1    1    1    1    1  1.89198E+15 0.00215 
   51   51    1    1    1    1    1    1    1    1  1.50781E+15 0.00194 
   52   52    1    1    1    1    1    1    1    1  1.70741E+15 0.00220 
   53   53    1    1    1    1    1    1    1    1  1.20080E+15 0.00219 
   54   54    1    1    1    1    1    1    1    1  1.42931E+15 0.00210 
   55   55    1    1    1    1    1    1    1    1  9.99813E+14 0.00250 
   56   56    1    1    1    1    1    1    1    1  1.37432E+14 0.00256 
   57   57    1    1    1    1    1    1    1    1  1.95380E+15 0.00203 
   58   58    1    1    1    1    1    1    1    1  8.37892E+14 0.00254 
   59   59    1    1    1    1    1    1    1    1  9.04799E+14 0.00227 
   60   60    1    1    1    1    1    1    1    1  6.92935E+14 0.00253 
   61   61    1    1    1    1    1    1    1    1  6.93607E+14 0.00278 
   62   62    1    1    1    1    1    1    1    1  7.03384E+14 0.00227 
   63   63    1    1    1    1    1    1    1    1  5.83459E+14 0.00253 
   64   64    1    1    1    1    1    1    1    1  4.60578E+14 0.00261 
   65   65    1    1    1    1    1    1    1    1  4.52978E+14 0.00210 
   66   66    1    1    1    1    1    1    1    1  3.40950E+14 0.00276 
   67   67    1    1    1    1    1    1    1    1  2.80131E+14 0.00338 
   68   68    1    1    1    1    1    1    1    1  2.50252E+14 0.00317 
   69   69    1    1    1    1    1    1    1    1  3.02007E+14 0.00338 
   70   70    1    1    1    1    1    1    1    1  2.58185E+14 0.00313 
   71   71    1    1    1    1    1    1    1    1  4.81891E+14 0.00339 
   72   72    1    1    1    1    1    1    1    1  3.46734E+14 0.00370 
   73   73    1    1    1    1    1    1    1    1  2.62277E+14 0.00396 
   74   74    1    1    1    1    1    1    1    1  2.08195E+14 0.00340 
   75   75    1    1    1    1    1    1    1    1  1.68718E+14 0.00325 
   76   76    1    1    1    1    1    1    1    1  1.89197E+14 0.00374 
   77   77    1    1    1    1    1    1    1    1  1.46690E+14 0.00388 
   78   78    1    1    1    1    1    1    1    1  1.13809E+14 0.00386 
   79   79    1    1    1    1    1    1    1    1  1.15786E+14 0.00307 
   80   80    1    1    1    1    1    1    1    1  8.55039E+13 0.00368 
   81   81    1    1    1    1    1    1    1    1  6.52275E+13 0.00427 
   82   82    1    1    1    1    1    1    1    1  5.04434E+13 0.00513 
   83   83    1    1    1    1    1    1    1    1  4.67056E+13 0.00545 
   84   84    1    1    1    1    1    1    1    1  3.36295E+13 0.00655 
   85   85    1    1    1    1    1    1    1    1  2.42566E+13 0.00636 
   86   86    1    1    1    1    1    1    1    1  2.26814E+13 0.00856 
   87   87    1    1    1    1    1    1    1    1  1.39790E+13 0.00935 
   88   88    1    1    1    1    1    1    1    1  9.66780E+12 0.01029 
   89   89    1    1    1    1    1    1    1    1  5.52749E+12 0.01119 
   90   90    1    1    1    1    1    1    1    1  3.66689E+12 0.01231 
   91   91    1    1    1    1    1    1    1    1  1.84420E+12 0.02030 
   92   92    1    1    1    1    1    1    1    1  8.89317E+11 0.02990 
   93   93    1    1    1    1    1    1    1    1  4.46257E+11 0.05439 
   94   94    1    1    1    1    1    1    1    1  2.25381E+11 0.07300 
   95   95    1    1    1    1    1    1    1    1  1.01955E+11 0.09697 
   96   96    1    1    1    1    1    1    1    1  4.59403E+10 0.09209 
   97   97    1    1    1    1    1    1    1    1  2.52565E+10 0.21057 
   98   98    1    1    1    1    1    1    1    1  1.35750E+10 0.28098 
   99   99    1    1    1    1    1    1    1    1  3.46032E+09 0.49478 
  100  100    1    1    1    1    1    1    1    1  2.35195E+09 0.49052 
];


