
DETdpaspec = [
    1    1    1    1    1    1    1    1    1    1  0.00000E+00 0.00000 
    2    2    1    1    1    1    1    1    1    1  0.00000E+00 0.00000 
    3    3    1    1    1    1    1    1    1    1  0.00000E+00 0.00000 
    4    4    1    1    1    1    1    1    1    1  0.00000E+00 0.00000 
    5    5    1    1    1    1    1    1    1    1  0.00000E+00 0.00000 
    6    6    1    1    1    1    1    1    1    1  9.53549E+06 1.00000 
    7    7    1    1    1    1    1    1    1    1  0.00000E+00 0.00000 
    8    8    1    1    1    1    1    1    1    1  0.00000E+00 0.00000 
    9    9    1    1    1    1    1    1    1    1  0.00000E+00 0.00000 
   10   10    1    1    1    1    1    1    1    1  1.23964E+08 1.00000 
   11   11    1    1    1    1    1    1    1    1  6.75086E+07 1.00000 
   12   12    1    1    1    1    1    1    1    1  3.48580E+07 0.74497 
   13   13    1    1    1    1    1    1    1    1  3.47860E+09 0.31432 
   14   14    1    1    1    1    1    1    1    1  2.68427E+09 0.46968 
   15   15    1    1    1    1    1    1    1    1  4.25398E+09 0.29595 
   16   16    1    1    1    1    1    1    1    1  2.71827E+09 0.26544 
   17   17    1    1    1    1    1    1    1    1  4.59640E+09 0.20659 
   18   18    1    1    1    1    1    1    1    1  1.39651E+10 0.16553 
   19   19    1    1    1    1    1    1    1    1  1.27820E+10 0.21046 
   20   20    1    1    1    1    1    1    1    1  4.06015E+10 0.10199 
   21   21    1    1    1    1    1    1    1    1  2.04532E+10 0.13732 
   22   22    1    1    1    1    1    1    1    1  8.72557E+10 0.08401 
   23   23    1    1    1    1    1    1    1    1  9.84233E+10 0.06695 
   24   24    1    1    1    1    1    1    1    1  1.54029E+11 0.05998 
   25   25    1    1    1    1    1    1    1    1  2.02949E+11 0.04535 
   26   26    1    1    1    1    1    1    1    1  3.62977E+11 0.03244 
   27   27    1    1    1    1    1    1    1    1  6.97168E+11 0.03456 
   28   28    1    1    1    1    1    1    1    1  1.32219E+12 0.02528 
   29   29    1    1    1    1    1    1    1    1  1.79006E+12 0.01825 
   30   30    1    1    1    1    1    1    1    1  5.20353E+12 0.01302 
   31   31    1    1    1    1    1    1    1    1  1.33322E+13 0.00944 
   32   32    1    1    1    1    1    1    1    1  2.17333E+13 0.00860 
   33   33    1    1    1    1    1    1    1    1  4.35430E+13 0.00634 
   34   34    1    1    1    1    1    1    1    1  5.17936E+13 0.00577 
   35   35    1    1    1    1    1    1    1    1  7.59682E+13 0.00527 
   36   36    1    1    1    1    1    1    1    1  5.63726E+13 0.00503 
   37   37    1    1    1    1    1    1    1    1  1.79289E+13 0.00518 
   38   38    1    1    1    1    1    1    1    1  8.92520E+13 0.00470 
   39   39    1    1    1    1    1    1    1    1  1.13397E+14 0.00566 
   40   40    1    1    1    1    1    1    1    1  1.84164E+14 0.00539 
   41   41    1    1    1    1    1    1    1    1  1.84874E+14 0.00476 
   42   42    1    1    1    1    1    1    1    1  3.47494E+14 0.00489 
   43   43    1    1    1    1    1    1    1    1  3.90347E+14 0.00503 
   44   44    1    1    1    1    1    1    1    1  5.20060E+14 0.00436 
   45   45    1    1    1    1    1    1    1    1  9.40537E+14 0.00456 
   46   46    1    1    1    1    1    1    1    1  4.65811E+14 0.00461 
   47   47    1    1    1    1    1    1    1    1  7.10118E+14 0.00442 
   48   48    1    1    1    1    1    1    1    1  9.76630E+14 0.00458 
   49   49    1    1    1    1    1    1    1    1  9.21710E+14 0.00452 
   50   50    1    1    1    1    1    1    1    1  1.38648E+15 0.00462 
   51   51    1    1    1    1    1    1    1    1  1.11242E+15 0.00482 
   52   52    1    1    1    1    1    1    1    1  1.25078E+15 0.00481 
   53   53    1    1    1    1    1    1    1    1  8.83029E+14 0.00502 
   54   54    1    1    1    1    1    1    1    1  1.04446E+15 0.00500 
   55   55    1    1    1    1    1    1    1    1  7.32417E+14 0.00472 
   56   56    1    1    1    1    1    1    1    1  1.00953E+14 0.00498 
   57   57    1    1    1    1    1    1    1    1  1.43316E+15 0.00482 
   58   58    1    1    1    1    1    1    1    1  6.09478E+14 0.00505 
   59   59    1    1    1    1    1    1    1    1  6.61431E+14 0.00501 
   60   60    1    1    1    1    1    1    1    1  5.04576E+14 0.00522 
   61   61    1    1    1    1    1    1    1    1  5.06764E+14 0.00495 
   62   62    1    1    1    1    1    1    1    1  5.14590E+14 0.00533 
   63   63    1    1    1    1    1    1    1    1  4.26989E+14 0.00516 
   64   64    1    1    1    1    1    1    1    1  3.35628E+14 0.00531 
   65   65    1    1    1    1    1    1    1    1  3.30629E+14 0.00542 
   66   66    1    1    1    1    1    1    1    1  2.49493E+14 0.00568 
   67   67    1    1    1    1    1    1    1    1  2.06093E+14 0.00536 
   68   68    1    1    1    1    1    1    1    1  1.84002E+14 0.00588 
   69   69    1    1    1    1    1    1    1    1  2.21356E+14 0.00536 
   70   70    1    1    1    1    1    1    1    1  1.89750E+14 0.00521 
   71   71    1    1    1    1    1    1    1    1  3.58045E+14 0.00515 
   72   72    1    1    1    1    1    1    1    1  2.58712E+14 0.00530 
   73   73    1    1    1    1    1    1    1    1  1.94393E+14 0.00514 
   74   74    1    1    1    1    1    1    1    1  1.53461E+14 0.00536 
   75   75    1    1    1    1    1    1    1    1  1.23616E+14 0.00572 
   76   76    1    1    1    1    1    1    1    1  1.39188E+14 0.00560 
   77   77    1    1    1    1    1    1    1    1  1.06823E+14 0.00459 
   78   78    1    1    1    1    1    1    1    1  8.23728E+13 0.00673 
   79   79    1    1    1    1    1    1    1    1  8.39401E+13 0.00544 
   80   80    1    1    1    1    1    1    1    1  6.19197E+13 0.00544 
   81   81    1    1    1    1    1    1    1    1  4.74496E+13 0.00777 
   82   82    1    1    1    1    1    1    1    1  3.62663E+13 0.00666 
   83   83    1    1    1    1    1    1    1    1  3.40826E+13 0.00809 
   84   84    1    1    1    1    1    1    1    1  2.42903E+13 0.00761 
   85   85    1    1    1    1    1    1    1    1  1.77149E+13 0.00794 
   86   86    1    1    1    1    1    1    1    1  1.63611E+13 0.00887 
   87   87    1    1    1    1    1    1    1    1  1.01775E+13 0.00722 
   88   88    1    1    1    1    1    1    1    1  6.86245E+12 0.01315 
   89   89    1    1    1    1    1    1    1    1  4.01122E+12 0.01411 
   90   90    1    1    1    1    1    1    1    1  2.59792E+12 0.02299 
   91   91    1    1    1    1    1    1    1    1  1.34791E+12 0.02443 
   92   92    1    1    1    1    1    1    1    1  6.42117E+11 0.03484 
   93   93    1    1    1    1    1    1    1    1  3.19978E+11 0.06798 
   94   94    1    1    1    1    1    1    1    1  1.39486E+11 0.07968 
   95   95    1    1    1    1    1    1    1    1  8.54980E+10 0.09201 
   96   96    1    1    1    1    1    1    1    1  4.49281E+10 0.13343 
   97   97    1    1    1    1    1    1    1    1  1.98458E+10 0.25971 
   98   98    1    1    1    1    1    1    1    1  8.05966E+09 0.30489 
   99   99    1    1    1    1    1    1    1    1  1.60174E+09 0.58561 
  100  100    1    1    1    1    1    1    1    1  1.95495E+09 0.49244 
];


