
DETdpaspec = [
    1    1    1    1    1    1    1    1    1    1  0.00000E+00 0.00000 
    2    2    1    1    1    1    1    1    1    1  0.00000E+00 0.00000 
    3    3    1    1    1    1    1    1    1    1  0.00000E+00 0.00000 
    4    4    1    1    1    1    1    1    1    1  0.00000E+00 0.00000 
    5    5    1    1    1    1    1    1    1    1  0.00000E+00 0.00000 
    6    6    1    1    1    1    1    1    1    1  0.00000E+00 0.00000 
    7    7    1    1    1    1    1    1    1    1  1.66433E+07 1.00000 
    8    8    1    1    1    1    1    1    1    1  0.00000E+00 0.00000 
    9    9    1    1    1    1    1    1    1    1  3.97997E+07 1.00000 
   10   10    1    1    1    1    1    1    1    1  1.24177E+08 1.00000 
   11   11    1    1    1    1    1    1    1    1  0.00000E+00 0.00000 
   12   12    1    1    1    1    1    1    1    1  1.67524E+06 1.00000 
   13   13    1    1    1    1    1    1    1    1  8.51163E+08 0.60005 
   14   14    1    1    1    1    1    1    1    1  1.61581E+09 0.32440 
   15   15    1    1    1    1    1    1    1    1  3.93960E+09 0.43636 
   16   16    1    1    1    1    1    1    1    1  1.22646E+09 0.34319 
   17   17    1    1    1    1    1    1    1    1  2.62917E+09 0.26610 
   18   18    1    1    1    1    1    1    1    1  8.89015E+09 0.13823 
   19   19    1    1    1    1    1    1    1    1  1.03386E+10 0.15018 
   20   20    1    1    1    1    1    1    1    1  2.92858E+10 0.19651 
   21   21    1    1    1    1    1    1    1    1  2.40099E+10 0.12607 
   22   22    1    1    1    1    1    1    1    1  6.68457E+10 0.10945 
   23   23    1    1    1    1    1    1    1    1  8.26302E+10 0.08179 
   24   24    1    1    1    1    1    1    1    1  1.36597E+11 0.08380 
   25   25    1    1    1    1    1    1    1    1  1.75187E+11 0.06134 
   26   26    1    1    1    1    1    1    1    1  3.12710E+11 0.04791 
   27   27    1    1    1    1    1    1    1    1  6.19901E+11 0.03693 
   28   28    1    1    1    1    1    1    1    1  1.22596E+12 0.01896 
   29   29    1    1    1    1    1    1    1    1  1.71357E+12 0.01874 
   30   30    1    1    1    1    1    1    1    1  5.00115E+12 0.01739 
   31   31    1    1    1    1    1    1    1    1  1.29824E+13 0.00821 
   32   32    1    1    1    1    1    1    1    1  2.11893E+13 0.00500 
   33   33    1    1    1    1    1    1    1    1  4.29386E+13 0.00412 
   34   34    1    1    1    1    1    1    1    1  5.16867E+13 0.00430 
   35   35    1    1    1    1    1    1    1    1  7.52821E+13 0.00380 
   36   36    1    1    1    1    1    1    1    1  5.57902E+13 0.00376 
   37   37    1    1    1    1    1    1    1    1  1.77767E+13 0.00412 
   38   38    1    1    1    1    1    1    1    1  8.97473E+13 0.00369 
   39   39    1    1    1    1    1    1    1    1  1.14311E+14 0.00313 
   40   40    1    1    1    1    1    1    1    1  1.87615E+14 0.00319 
   41   41    1    1    1    1    1    1    1    1  1.87420E+14 0.00315 
   42   42    1    1    1    1    1    1    1    1  3.54881E+14 0.00264 
   43   43    1    1    1    1    1    1    1    1  4.00307E+14 0.00253 
   44   44    1    1    1    1    1    1    1    1  5.33279E+14 0.00237 
   45   45    1    1    1    1    1    1    1    1  9.69657E+14 0.00215 
   46   46    1    1    1    1    1    1    1    1  4.77775E+14 0.00216 
   47   47    1    1    1    1    1    1    1    1  7.29825E+14 0.00253 
   48   48    1    1    1    1    1    1    1    1  1.00414E+15 0.00260 
   49   49    1    1    1    1    1    1    1    1  9.48338E+14 0.00237 
   50   50    1    1    1    1    1    1    1    1  1.42695E+15 0.00219 
   51   51    1    1    1    1    1    1    1    1  1.13839E+15 0.00249 
   52   52    1    1    1    1    1    1    1    1  1.28196E+15 0.00248 
   53   53    1    1    1    1    1    1    1    1  9.01936E+14 0.00245 
   54   54    1    1    1    1    1    1    1    1  1.06909E+15 0.00269 
   55   55    1    1    1    1    1    1    1    1  7.47401E+14 0.00217 
   56   56    1    1    1    1    1    1    1    1  1.03090E+14 0.00252 
   57   57    1    1    1    1    1    1    1    1  1.46147E+15 0.00290 
   58   58    1    1    1    1    1    1    1    1  6.24250E+14 0.00303 
   59   59    1    1    1    1    1    1    1    1  6.74075E+14 0.00337 
   60   60    1    1    1    1    1    1    1    1  5.15553E+14 0.00337 
   61   61    1    1    1    1    1    1    1    1  5.16246E+14 0.00359 
   62   62    1    1    1    1    1    1    1    1  5.23377E+14 0.00366 
   63   63    1    1    1    1    1    1    1    1  4.33144E+14 0.00344 
   64   64    1    1    1    1    1    1    1    1  3.41390E+14 0.00396 
   65   65    1    1    1    1    1    1    1    1  3.36649E+14 0.00324 
   66   66    1    1    1    1    1    1    1    1  2.53586E+14 0.00354 
   67   67    1    1    1    1    1    1    1    1  2.08366E+14 0.00362 
   68   68    1    1    1    1    1    1    1    1  1.86178E+14 0.00425 
   69   69    1    1    1    1    1    1    1    1  2.25196E+14 0.00371 
   70   70    1    1    1    1    1    1    1    1  1.92179E+14 0.00283 
   71   71    1    1    1    1    1    1    1    1  3.59218E+14 0.00387 
   72   72    1    1    1    1    1    1    1    1  2.58123E+14 0.00398 
   73   73    1    1    1    1    1    1    1    1  1.95205E+14 0.00404 
   74   74    1    1    1    1    1    1    1    1  1.53657E+14 0.00365 
   75   75    1    1    1    1    1    1    1    1  1.25143E+14 0.00445 
   76   76    1    1    1    1    1    1    1    1  1.39893E+14 0.00350 
   77   77    1    1    1    1    1    1    1    1  1.07857E+14 0.00425 
   78   78    1    1    1    1    1    1    1    1  8.32345E+13 0.00516 
   79   79    1    1    1    1    1    1    1    1  8.53533E+13 0.00433 
   80   80    1    1    1    1    1    1    1    1  6.27860E+13 0.00415 
   81   81    1    1    1    1    1    1    1    1  4.79411E+13 0.00603 
   82   82    1    1    1    1    1    1    1    1  3.71124E+13 0.00381 
   83   83    1    1    1    1    1    1    1    1  3.42203E+13 0.00529 
   84   84    1    1    1    1    1    1    1    1  2.48629E+13 0.00706 
   85   85    1    1    1    1    1    1    1    1  1.79783E+13 0.00762 
   86   86    1    1    1    1    1    1    1    1  1.66805E+13 0.00581 
   87   87    1    1    1    1    1    1    1    1  1.02905E+13 0.01189 
   88   88    1    1    1    1    1    1    1    1  7.08864E+12 0.01182 
   89   89    1    1    1    1    1    1    1    1  4.00051E+12 0.01632 
   90   90    1    1    1    1    1    1    1    1  2.78238E+12 0.01588 
   91   91    1    1    1    1    1    1    1    1  1.34909E+12 0.01882 
   92   92    1    1    1    1    1    1    1    1  6.73581E+11 0.03405 
   93   93    1    1    1    1    1    1    1    1  3.53375E+11 0.05150 
   94   94    1    1    1    1    1    1    1    1  1.58522E+11 0.07333 
   95   95    1    1    1    1    1    1    1    1  6.96085E+10 0.11477 
   96   96    1    1    1    1    1    1    1    1  4.53729E+10 0.09810 
   97   97    1    1    1    1    1    1    1    1  1.45834E+10 0.18738 
   98   98    1    1    1    1    1    1    1    1  1.00481E+10 0.33102 
   99   99    1    1    1    1    1    1    1    1  5.02308E+09 0.39212 
  100  100    1    1    1    1    1    1    1    1  1.58926E+09 0.78056 
];


