
DETdpaspec = [
    1    1    1    1    1    1    1    1    1    1  0.00000E+00 0.00000 
    2    2    1    1    1    1    1    1    1    1  0.00000E+00 0.00000 
    3    3    1    1    1    1    1    1    1    1  0.00000E+00 0.00000 
    4    4    1    1    1    1    1    1    1    1  0.00000E+00 0.00000 
    5    5    1    1    1    1    1    1    1    1  0.00000E+00 0.00000 
    6    6    1    1    1    1    1    1    1    1  0.00000E+00 0.00000 
    7    7    1    1    1    1    1    1    1    1  1.32763E+07 1.00000 
    8    8    1    1    1    1    1    1    1    1  7.56542E+07 0.57483 
    9    9    1    1    1    1    1    1    1    1  3.19762E+07 0.72925 
   10   10    1    1    1    1    1    1    1    1  1.11478E+08 1.00000 
   11   11    1    1    1    1    1    1    1    1  3.67315E+08 0.71685 
   12   12    1    1    1    1    1    1    1    1  7.36399E+07 0.47028 
   13   13    1    1    1    1    1    1    1    1  1.44530E+09 0.42283 
   14   14    1    1    1    1    1    1    1    1  7.16097E+09 0.27437 
   15   15    1    1    1    1    1    1    1    1  7.91167E+09 0.31210 
   16   16    1    1    1    1    1    1    1    1  1.53702E+09 0.34057 
   17   17    1    1    1    1    1    1    1    1  5.20527E+09 0.24006 
   18   18    1    1    1    1    1    1    1    1  1.35105E+10 0.19230 
   19   19    1    1    1    1    1    1    1    1  1.92741E+10 0.16311 
   20   20    1    1    1    1    1    1    1    1  4.96811E+10 0.12327 
   21   21    1    1    1    1    1    1    1    1  4.24883E+10 0.12392 
   22   22    1    1    1    1    1    1    1    1  1.02928E+11 0.07566 
   23   23    1    1    1    1    1    1    1    1  1.55429E+11 0.05857 
   24   24    1    1    1    1    1    1    1    1  2.38285E+11 0.02740 
   25   25    1    1    1    1    1    1    1    1  3.28163E+11 0.04187 
   26   26    1    1    1    1    1    1    1    1  5.39489E+11 0.03603 
   27   27    1    1    1    1    1    1    1    1  1.14605E+12 0.02804 
   28   28    1    1    1    1    1    1    1    1  2.41016E+12 0.01576 
   29   29    1    1    1    1    1    1    1    1  3.53146E+12 0.01609 
   30   30    1    1    1    1    1    1    1    1  1.01698E+13 0.00892 
   31   31    1    1    1    1    1    1    1    1  2.73424E+13 0.00692 
   32   32    1    1    1    1    1    1    1    1  4.54604E+13 0.00581 
   33   33    1    1    1    1    1    1    1    1  9.57126E+13 0.00467 
   34   34    1    1    1    1    1    1    1    1  1.18544E+14 0.00416 
   35   35    1    1    1    1    1    1    1    1  1.68782E+14 0.00318 
   36   36    1    1    1    1    1    1    1    1  1.25535E+14 0.00288 
   37   37    1    1    1    1    1    1    1    1  3.95742E+13 0.00343 
   38   38    1    1    1    1    1    1    1    1  2.02337E+14 0.00280 
   39   39    1    1    1    1    1    1    1    1  2.59991E+14 0.00231 
   40   40    1    1    1    1    1    1    1    1  4.35141E+14 0.00233 
   41   41    1    1    1    1    1    1    1    1  4.32751E+14 0.00218 
   42   42    1    1    1    1    1    1    1    1  8.34225E+14 0.00183 
   43   43    1    1    1    1    1    1    1    1  9.50949E+14 0.00163 
   44   44    1    1    1    1    1    1    1    1  1.28446E+15 0.00146 
   45   45    1    1    1    1    1    1    1    1  2.38289E+15 0.00152 
   46   46    1    1    1    1    1    1    1    1  1.18478E+15 0.00170 
   47   47    1    1    1    1    1    1    1    1  1.80724E+15 0.00175 
   48   48    1    1    1    1    1    1    1    1  2.50914E+15 0.00168 
   49   49    1    1    1    1    1    1    1    1  2.37268E+15 0.00159 
   50   50    1    1    1    1    1    1    1    1  3.63097E+15 0.00180 
   51   51    1    1    1    1    1    1    1    1  2.89052E+15 0.00176 
   52   52    1    1    1    1    1    1    1    1  3.30578E+15 0.00176 
   53   53    1    1    1    1    1    1    1    1  2.33035E+15 0.00188 
   54   54    1    1    1    1    1    1    1    1  2.79935E+15 0.00183 
   55   55    1    1    1    1    1    1    1    1  1.95855E+15 0.00189 
   56   56    1    1    1    1    1    1    1    1  2.69290E+14 0.00191 
   57   57    1    1    1    1    1    1    1    1  3.84657E+15 0.00192 
   58   58    1    1    1    1    1    1    1    1  1.66659E+15 0.00184 
   59   59    1    1    1    1    1    1    1    1  1.80008E+15 0.00164 
   60   60    1    1    1    1    1    1    1    1  1.39291E+15 0.00185 
   61   61    1    1    1    1    1    1    1    1  1.39553E+15 0.00181 
   62   62    1    1    1    1    1    1    1    1  1.42110E+15 0.00181 
   63   63    1    1    1    1    1    1    1    1  1.18624E+15 0.00230 
   64   64    1    1    1    1    1    1    1    1  9.37320E+14 0.00210 
   65   65    1    1    1    1    1    1    1    1  9.25365E+14 0.00194 
   66   66    1    1    1    1    1    1    1    1  6.98510E+14 0.00213 
   67   67    1    1    1    1    1    1    1    1  5.74503E+14 0.00235 
   68   68    1    1    1    1    1    1    1    1  5.12237E+14 0.00189 
   69   69    1    1    1    1    1    1    1    1  6.18788E+14 0.00211 
   70   70    1    1    1    1    1    1    1    1  5.29630E+14 0.00221 
   71   71    1    1    1    1    1    1    1    1  9.86108E+14 0.00240 
   72   72    1    1    1    1    1    1    1    1  7.09065E+14 0.00277 
   73   73    1    1    1    1    1    1    1    1  5.36944E+14 0.00275 
   74   74    1    1    1    1    1    1    1    1  4.29060E+14 0.00251 
   75   75    1    1    1    1    1    1    1    1  3.47606E+14 0.00233 
   76   76    1    1    1    1    1    1    1    1  3.97412E+14 0.00275 
   77   77    1    1    1    1    1    1    1    1  3.08551E+14 0.00236 
   78   78    1    1    1    1    1    1    1    1  2.39261E+14 0.00306 
   79   79    1    1    1    1    1    1    1    1  2.46253E+14 0.00284 
   80   80    1    1    1    1    1    1    1    1  1.81485E+14 0.00257 
   81   81    1    1    1    1    1    1    1    1  1.39300E+14 0.00308 
   82   82    1    1    1    1    1    1    1    1  1.07045E+14 0.00377 
   83   83    1    1    1    1    1    1    1    1  1.00243E+14 0.00278 
   84   84    1    1    1    1    1    1    1    1  7.20630E+13 0.00412 
   85   85    1    1    1    1    1    1    1    1  5.19682E+13 0.00457 
   86   86    1    1    1    1    1    1    1    1  4.86997E+13 0.00385 
   87   87    1    1    1    1    1    1    1    1  2.96366E+13 0.00484 
   88   88    1    1    1    1    1    1    1    1  2.03066E+13 0.00617 
   89   89    1    1    1    1    1    1    1    1  1.18633E+13 0.00857 
   90   90    1    1    1    1    1    1    1    1  7.82521E+12 0.00769 
   91   91    1    1    1    1    1    1    1    1  3.87451E+12 0.01579 
   92   92    1    1    1    1    1    1    1    1  1.92460E+12 0.01711 
   93   93    1    1    1    1    1    1    1    1  9.56240E+11 0.03095 
   94   94    1    1    1    1    1    1    1    1  4.36810E+11 0.04081 
   95   95    1    1    1    1    1    1    1    1  2.32240E+11 0.07199 
   96   96    1    1    1    1    1    1    1    1  1.08656E+11 0.09447 
   97   97    1    1    1    1    1    1    1    1  6.21798E+10 0.12892 
   98   98    1    1    1    1    1    1    1    1  2.45608E+10 0.18420 
   99   99    1    1    1    1    1    1    1    1  1.30636E+10 0.24463 
  100  100    1    1    1    1    1    1    1    1  1.32411E+10 0.23579 
];


