
DETdpaspec = [
    1    1    1    1    1    1    1    1    1    1  0.00000E+00 0.00000 
    2    2    1    1    1    1    1    1    1    1  0.00000E+00 0.00000 
    3    3    1    1    1    1    1    1    1    1  0.00000E+00 0.00000 
    4    4    1    1    1    1    1    1    1    1  0.00000E+00 0.00000 
    5    5    1    1    1    1    1    1    1    1  0.00000E+00 0.00000 
    6    6    1    1    1    1    1    1    1    1  0.00000E+00 0.00000 
    7    7    1    1    1    1    1    1    1    1  0.00000E+00 0.00000 
    8    8    1    1    1    1    1    1    1    1  0.00000E+00 0.00000 
    9    9    1    1    1    1    1    1    1    1  2.34368E+07 1.00000 
   10   10    1    1    1    1    1    1    1    1  2.65006E+08 0.52416 
   11   11    1    1    1    1    1    1    1    1  6.60020E+08 0.40222 
   12   12    1    1    1    1    1    1    1    1  3.53438E+08 0.51828 
   13   13    1    1    1    1    1    1    1    1  1.81402E+09 0.50160 
   14   14    1    1    1    1    1    1    1    1  1.10969E+10 0.40236 
   15   15    1    1    1    1    1    1    1    1  1.23206E+10 0.31932 
   16   16    1    1    1    1    1    1    1    1  3.90195E+09 0.34067 
   17   17    1    1    1    1    1    1    1    1  5.09353E+09 0.17420 
   18   18    1    1    1    1    1    1    1    1  1.36348E+10 0.16274 
   19   19    1    1    1    1    1    1    1    1  1.59930E+10 0.16173 
   20   20    1    1    1    1    1    1    1    1  4.12060E+10 0.11551 
   21   21    1    1    1    1    1    1    1    1  3.98703E+10 0.08007 
   22   22    1    1    1    1    1    1    1    1  1.06348E+11 0.06251 
   23   23    1    1    1    1    1    1    1    1  1.49226E+11 0.06525 
   24   24    1    1    1    1    1    1    1    1  2.66421E+11 0.04186 
   25   25    1    1    1    1    1    1    1    1  3.58037E+11 0.03552 
   26   26    1    1    1    1    1    1    1    1  5.91149E+11 0.02783 
   27   27    1    1    1    1    1    1    1    1  1.21610E+12 0.02596 
   28   28    1    1    1    1    1    1    1    1  2.56893E+12 0.01799 
   29   29    1    1    1    1    1    1    1    1  3.77725E+12 0.01472 
   30   30    1    1    1    1    1    1    1    1  1.06059E+13 0.00873 
   31   31    1    1    1    1    1    1    1    1  2.84499E+13 0.00435 
   32   32    1    1    1    1    1    1    1    1  4.77964E+13 0.00377 
   33   33    1    1    1    1    1    1    1    1  1.00528E+14 0.00299 
   34   34    1    1    1    1    1    1    1    1  1.25184E+14 0.00271 
   35   35    1    1    1    1    1    1    1    1  1.78246E+14 0.00172 
   36   36    1    1    1    1    1    1    1    1  1.32479E+14 0.00193 
   37   37    1    1    1    1    1    1    1    1  4.16379E+13 0.00135 
   38   38    1    1    1    1    1    1    1    1  2.14026E+14 0.00169 
   39   39    1    1    1    1    1    1    1    1  2.75361E+14 0.00139 
   40   40    1    1    1    1    1    1    1    1  4.60465E+14 0.00118 
   41   41    1    1    1    1    1    1    1    1  4.58217E+14 0.00156 
   42   42    1    1    1    1    1    1    1    1  8.86176E+14 0.00123 
   43   43    1    1    1    1    1    1    1    1  1.01004E+15 0.00109 
   44   44    1    1    1    1    1    1    1    1  1.36382E+15 0.00136 
   45   45    1    1    1    1    1    1    1    1  2.53636E+15 0.00115 
   46   46    1    1    1    1    1    1    1    1  1.26149E+15 0.00123 
   47   47    1    1    1    1    1    1    1    1  1.92276E+15 0.00113 
   48   48    1    1    1    1    1    1    1    1  2.67513E+15 0.00113 
   49   49    1    1    1    1    1    1    1    1  2.52491E+15 0.00111 
   50   50    1    1    1    1    1    1    1    1  3.87070E+15 0.00127 
   51   51    1    1    1    1    1    1    1    1  3.07881E+15 0.00122 
   52   52    1    1    1    1    1    1    1    1  3.52544E+15 0.00116 
   53   53    1    1    1    1    1    1    1    1  2.48764E+15 0.00138 
   54   54    1    1    1    1    1    1    1    1  2.99668E+15 0.00140 
   55   55    1    1    1    1    1    1    1    1  2.09652E+15 0.00151 
   56   56    1    1    1    1    1    1    1    1  2.87904E+14 0.00176 
   57   57    1    1    1    1    1    1    1    1  4.11541E+15 0.00152 
   58   58    1    1    1    1    1    1    1    1  1.78827E+15 0.00151 
   59   59    1    1    1    1    1    1    1    1  1.93078E+15 0.00158 
   60   60    1    1    1    1    1    1    1    1  1.49581E+15 0.00178 
   61   61    1    1    1    1    1    1    1    1  1.49745E+15 0.00167 
   62   62    1    1    1    1    1    1    1    1  1.52708E+15 0.00168 
   63   63    1    1    1    1    1    1    1    1  1.27440E+15 0.00130 
   64   64    1    1    1    1    1    1    1    1  1.00621E+15 0.00145 
   65   65    1    1    1    1    1    1    1    1  9.93569E+14 0.00153 
   66   66    1    1    1    1    1    1    1    1  7.49944E+14 0.00180 
   67   67    1    1    1    1    1    1    1    1  6.16884E+14 0.00198 
   68   68    1    1    1    1    1    1    1    1  5.50141E+14 0.00213 
   69   69    1    1    1    1    1    1    1    1  6.64393E+14 0.00212 
   70   70    1    1    1    1    1    1    1    1  5.70133E+14 0.00177 
   71   71    1    1    1    1    1    1    1    1  1.05909E+15 0.00122 
   72   72    1    1    1    1    1    1    1    1  7.60121E+14 0.00177 
   73   73    1    1    1    1    1    1    1    1  5.78407E+14 0.00179 
   74   74    1    1    1    1    1    1    1    1  4.61345E+14 0.00239 
   75   75    1    1    1    1    1    1    1    1  3.75384E+14 0.00218 
   76   76    1    1    1    1    1    1    1    1  4.27898E+14 0.00189 
   77   77    1    1    1    1    1    1    1    1  3.32106E+14 0.00259 
   78   78    1    1    1    1    1    1    1    1  2.58237E+14 0.00237 
   79   79    1    1    1    1    1    1    1    1  2.65023E+14 0.00255 
   80   80    1    1    1    1    1    1    1    1  1.95982E+14 0.00267 
   81   81    1    1    1    1    1    1    1    1  1.50588E+14 0.00322 
   82   82    1    1    1    1    1    1    1    1  1.16019E+14 0.00354 
   83   83    1    1    1    1    1    1    1    1  1.08294E+14 0.00296 
   84   84    1    1    1    1    1    1    1    1  7.83942E+13 0.00361 
   85   85    1    1    1    1    1    1    1    1  5.60911E+13 0.00332 
   86   86    1    1    1    1    1    1    1    1  5.29395E+13 0.00352 
   87   87    1    1    1    1    1    1    1    1  3.25969E+13 0.00665 
   88   88    1    1    1    1    1    1    1    1  2.20944E+13 0.00743 
   89   89    1    1    1    1    1    1    1    1  1.26589E+13 0.00604 
   90   90    1    1    1    1    1    1    1    1  8.40802E+12 0.00693 
   91   91    1    1    1    1    1    1    1    1  4.24174E+12 0.01257 
   92   92    1    1    1    1    1    1    1    1  2.07887E+12 0.01749 
   93   93    1    1    1    1    1    1    1    1  9.82407E+11 0.02528 
   94   94    1    1    1    1    1    1    1    1  4.75838E+11 0.04531 
   95   95    1    1    1    1    1    1    1    1  2.54736E+11 0.05457 
   96   96    1    1    1    1    1    1    1    1  1.26237E+11 0.07759 
   97   97    1    1    1    1    1    1    1    1  4.93332E+10 0.11003 
   98   98    1    1    1    1    1    1    1    1  2.53061E+10 0.12582 
   99   99    1    1    1    1    1    1    1    1  1.18468E+10 0.25445 
  100  100    1    1    1    1    1    1    1    1  1.12377E+10 0.23745 
];


