
DETdpaspec = [
    1    1    1    1    1    1    1    1    1    1  0.00000E+00 0.00000 
    2    2    1    1    1    1    1    1    1    1  0.00000E+00 0.00000 
    3    3    1    1    1    1    1    1    1    1  0.00000E+00 0.00000 
    4    4    1    1    1    1    1    1    1    1  0.00000E+00 0.00000 
    5    5    1    1    1    1    1    1    1    1  0.00000E+00 0.00000 
    6    6    1    1    1    1    1    1    1    1  0.00000E+00 0.00000 
    7    7    1    1    1    1    1    1    1    1  0.00000E+00 0.00000 
    8    8    1    1    1    1    1    1    1    1  4.61009E+07 1.00000 
    9    9    1    1    1    1    1    1    1    1  1.22940E+07 1.00000 
   10   10    1    1    1    1    1    1    1    1  1.34381E+08 1.00000 
   11   11    1    1    1    1    1    1    1    1  3.69025E+08 0.70014 
   12   12    1    1    1    1    1    1    1    1  4.10390E+07 0.96098 
   13   13    1    1    1    1    1    1    1    1  1.19293E+09 0.54627 
   14   14    1    1    1    1    1    1    1    1  5.45902E+09 0.34239 
   15   15    1    1    1    1    1    1    1    1  5.45686E+09 0.52409 
   16   16    1    1    1    1    1    1    1    1  2.59579E+09 0.29915 
   17   17    1    1    1    1    1    1    1    1  1.82821E+09 0.41056 
   18   18    1    1    1    1    1    1    1    1  1.09325E+10 0.21331 
   19   19    1    1    1    1    1    1    1    1  1.06049E+10 0.13051 
   20   20    1    1    1    1    1    1    1    1  3.82899E+10 0.14690 
   21   21    1    1    1    1    1    1    1    1  2.46806E+10 0.11051 
   22   22    1    1    1    1    1    1    1    1  6.52268E+10 0.09273 
   23   23    1    1    1    1    1    1    1    1  8.53102E+10 0.09107 
   24   24    1    1    1    1    1    1    1    1  1.47715E+11 0.07439 
   25   25    1    1    1    1    1    1    1    1  1.75528E+11 0.04818 
   26   26    1    1    1    1    1    1    1    1  3.08900E+11 0.04052 
   27   27    1    1    1    1    1    1    1    1  6.33505E+11 0.03645 
   28   28    1    1    1    1    1    1    1    1  1.17103E+12 0.02809 
   29   29    1    1    1    1    1    1    1    1  1.58739E+12 0.01808 
   30   30    1    1    1    1    1    1    1    1  4.84698E+12 0.01315 
   31   31    1    1    1    1    1    1    1    1  1.24768E+13 0.01179 
   32   32    1    1    1    1    1    1    1    1  2.02204E+13 0.00577 
   33   33    1    1    1    1    1    1    1    1  4.07338E+13 0.00488 
   34   34    1    1    1    1    1    1    1    1  4.90999E+13 0.00582 
   35   35    1    1    1    1    1    1    1    1  7.16695E+13 0.00414 
   36   36    1    1    1    1    1    1    1    1  5.29830E+13 0.00522 
   37   37    1    1    1    1    1    1    1    1  1.68471E+13 0.00440 
   38   38    1    1    1    1    1    1    1    1  8.47788E+13 0.00395 
   39   39    1    1    1    1    1    1    1    1  1.08051E+14 0.00406 
   40   40    1    1    1    1    1    1    1    1  1.77089E+14 0.00418 
   41   41    1    1    1    1    1    1    1    1  1.77452E+14 0.00348 
   42   42    1    1    1    1    1    1    1    1  3.34563E+14 0.00376 
   43   43    1    1    1    1    1    1    1    1  3.76973E+14 0.00373 
   44   44    1    1    1    1    1    1    1    1  5.02789E+14 0.00349 
   45   45    1    1    1    1    1    1    1    1  9.11991E+14 0.00319 
   46   46    1    1    1    1    1    1    1    1  4.50241E+14 0.00349 
   47   47    1    1    1    1    1    1    1    1  6.85881E+14 0.00344 
   48   48    1    1    1    1    1    1    1    1  9.41866E+14 0.00317 
   49   49    1    1    1    1    1    1    1    1  8.89525E+14 0.00361 
   50   50    1    1    1    1    1    1    1    1  1.33882E+15 0.00339 
   51   51    1    1    1    1    1    1    1    1  1.06934E+15 0.00385 
   52   52    1    1    1    1    1    1    1    1  1.20128E+15 0.00368 
   53   53    1    1    1    1    1    1    1    1  8.46794E+14 0.00403 
   54   54    1    1    1    1    1    1    1    1  1.00319E+15 0.00343 
   55   55    1    1    1    1    1    1    1    1  7.01858E+14 0.00371 
   56   56    1    1    1    1    1    1    1    1  9.66530E+13 0.00398 
   57   57    1    1    1    1    1    1    1    1  1.36962E+15 0.00374 
   58   58    1    1    1    1    1    1    1    1  5.84910E+14 0.00402 
   59   59    1    1    1    1    1    1    1    1  6.30377E+14 0.00391 
   60   60    1    1    1    1    1    1    1    1  4.82999E+14 0.00386 
   61   61    1    1    1    1    1    1    1    1  4.83568E+14 0.00376 
   62   62    1    1    1    1    1    1    1    1  4.90500E+14 0.00405 
   63   63    1    1    1    1    1    1    1    1  4.05704E+14 0.00388 
   64   64    1    1    1    1    1    1    1    1  3.19415E+14 0.00440 
   65   65    1    1    1    1    1    1    1    1  3.14902E+14 0.00373 
   66   66    1    1    1    1    1    1    1    1  2.37760E+14 0.00535 
   67   67    1    1    1    1    1    1    1    1  1.95387E+14 0.00368 
   68   68    1    1    1    1    1    1    1    1  1.74641E+14 0.00422 
   69   69    1    1    1    1    1    1    1    1  2.10542E+14 0.00393 
   70   70    1    1    1    1    1    1    1    1  1.80333E+14 0.00460 
   71   71    1    1    1    1    1    1    1    1  3.37482E+14 0.00389 
   72   72    1    1    1    1    1    1    1    1  2.41720E+14 0.00471 
   73   73    1    1    1    1    1    1    1    1  1.83133E+14 0.00425 
   74   74    1    1    1    1    1    1    1    1  1.44875E+14 0.00500 
   75   75    1    1    1    1    1    1    1    1  1.17186E+14 0.00532 
   76   76    1    1    1    1    1    1    1    1  1.32188E+14 0.00510 
   77   77    1    1    1    1    1    1    1    1  1.01224E+14 0.00476 
   78   78    1    1    1    1    1    1    1    1  7.81387E+13 0.00524 
   79   79    1    1    1    1    1    1    1    1  8.00169E+13 0.00564 
   80   80    1    1    1    1    1    1    1    1  5.85024E+13 0.00508 
   81   81    1    1    1    1    1    1    1    1  4.54895E+13 0.00550 
   82   82    1    1    1    1    1    1    1    1  3.47498E+13 0.00699 
   83   83    1    1    1    1    1    1    1    1  3.22036E+13 0.00497 
   84   84    1    1    1    1    1    1    1    1  2.32478E+13 0.00785 
   85   85    1    1    1    1    1    1    1    1  1.67588E+13 0.00694 
   86   86    1    1    1    1    1    1    1    1  1.58428E+13 0.00866 
   87   87    1    1    1    1    1    1    1    1  9.79070E+12 0.00966 
   88   88    1    1    1    1    1    1    1    1  6.50833E+12 0.01018 
   89   89    1    1    1    1    1    1    1    1  3.80895E+12 0.01596 
   90   90    1    1    1    1    1    1    1    1  2.53851E+12 0.02362 
   91   91    1    1    1    1    1    1    1    1  1.29393E+12 0.01994 
   92   92    1    1    1    1    1    1    1    1  5.97745E+11 0.03475 
   93   93    1    1    1    1    1    1    1    1  3.16745E+11 0.05715 
   94   94    1    1    1    1    1    1    1    1  1.41887E+11 0.05313 
   95   95    1    1    1    1    1    1    1    1  6.51337E+10 0.11358 
   96   96    1    1    1    1    1    1    1    1  2.84013E+10 0.19305 
   97   97    1    1    1    1    1    1    1    1  1.49397E+10 0.20613 
   98   98    1    1    1    1    1    1    1    1  4.63904E+09 0.39598 
   99   99    1    1    1    1    1    1    1    1  2.68293E+09 0.62847 
  100  100    1    1    1    1    1    1    1    1  3.63902E+09 0.44583 
];


