
DETdpaspec = [
    1    1    1    1    1    1    1    1    1    1  0.00000E+00 0.00000 
    2    2    1    1    1    1    1    1    1    1  0.00000E+00 0.00000 
    3    3    1    1    1    1    1    1    1    1  0.00000E+00 0.00000 
    4    4    1    1    1    1    1    1    1    1  0.00000E+00 0.00000 
    5    5    1    1    1    1    1    1    1    1  0.00000E+00 0.00000 
    6    6    1    1    1    1    1    1    1    1  2.76681E+07 1.00000 
    7    7    1    1    1    1    1    1    1    1  0.00000E+00 0.00000 
    8    8    1    1    1    1    1    1    1    1  0.00000E+00 0.00000 
    9    9    1    1    1    1    1    1    1    1  5.39593E+07 0.59984 
   10   10    1    1    1    1    1    1    1    1  1.20173E+08 0.68826 
   11   11    1    1    1    1    1    1    1    1  1.71791E+08 0.74694 
   12   12    1    1    1    1    1    1    1    1  8.11484E+07 0.69314 
   13   13    1    1    1    1    1    1    1    1  1.50003E+09 0.59239 
   14   14    1    1    1    1    1    1    1    1  3.49208E+09 0.36503 
   15   15    1    1    1    1    1    1    1    1  1.03069E+10 0.23920 
   16   16    1    1    1    1    1    1    1    1  2.92830E+09 0.27057 
   17   17    1    1    1    1    1    1    1    1  6.13181E+09 0.25562 
   18   18    1    1    1    1    1    1    1    1  1.12815E+10 0.13575 
   19   19    1    1    1    1    1    1    1    1  1.74004E+10 0.14924 
   20   20    1    1    1    1    1    1    1    1  7.17555E+10 0.09781 
   21   21    1    1    1    1    1    1    1    1  5.13153E+10 0.09542 
   22   22    1    1    1    1    1    1    1    1  1.19367E+11 0.07786 
   23   23    1    1    1    1    1    1    1    1  1.59724E+11 0.07093 
   24   24    1    1    1    1    1    1    1    1  2.78869E+11 0.04933 
   25   25    1    1    1    1    1    1    1    1  3.80191E+11 0.03280 
   26   26    1    1    1    1    1    1    1    1  6.69338E+11 0.03452 
   27   27    1    1    1    1    1    1    1    1  1.47406E+12 0.01655 
   28   28    1    1    1    1    1    1    1    1  3.36619E+12 0.01829 
   29   29    1    1    1    1    1    1    1    1  5.24320E+12 0.00920 
   30   30    1    1    1    1    1    1    1    1  1.39334E+13 0.00640 
   31   31    1    1    1    1    1    1    1    1  3.83450E+13 0.00380 
   32   32    1    1    1    1    1    1    1    1  6.37429E+13 0.00353 
   33   33    1    1    1    1    1    1    1    1  1.36906E+14 0.00260 
   34   34    1    1    1    1    1    1    1    1  1.73269E+14 0.00207 
   35   35    1    1    1    1    1    1    1    1  2.38566E+14 0.00152 
   36   36    1    1    1    1    1    1    1    1  1.75916E+14 0.00122 
   37   37    1    1    1    1    1    1    1    1  5.46478E+13 0.00127 
   38   38    1    1    1    1    1    1    1    1  2.84684E+14 0.00132 
   39   39    1    1    1    1    1    1    1    1  3.67012E+14 0.00120 
   40   40    1    1    1    1    1    1    1    1  6.21292E+14 0.00129 
   41   41    1    1    1    1    1    1    1    1  6.11543E+14 0.00117 
   42   42    1    1    1    1    1    1    1    1  1.19681E+15 0.00115 
   43   43    1    1    1    1    1    1    1    1  1.37320E+15 0.00114 
   44   44    1    1    1    1    1    1    1    1  1.86541E+15 0.00103 
   45   45    1    1    1    1    1    1    1    1  3.51739E+15 0.00101 
   46   46    1    1    1    1    1    1    1    1  1.75390E+15 0.00101 
   47   47    1    1    1    1    1    1    1    1  2.67120E+15 0.00117 
   48   48    1    1    1    1    1    1    1    1  3.73433E+15 0.00110 
   49   49    1    1    1    1    1    1    1    1  3.52832E+15 0.00100 
   50   50    1    1    1    1    1    1    1    1  5.46901E+15 0.00097 
   51   51    1    1    1    1    1    1    1    1  4.33988E+15 0.00112 
   52   52    1    1    1    1    1    1    1    1  5.03569E+15 0.00096 
   53   53    1    1    1    1    1    1    1    1  3.55012E+15 0.00103 
   54   54    1    1    1    1    1    1    1    1  4.32088E+15 0.00099 
   55   55    1    1    1    1    1    1    1    1  3.02013E+15 0.00112 
   56   56    1    1    1    1    1    1    1    1  4.14282E+14 0.00123 
   57   57    1    1    1    1    1    1    1    1  5.93749E+15 0.00115 
   58   58    1    1    1    1    1    1    1    1  2.61834E+15 0.00090 
   59   59    1    1    1    1    1    1    1    1  2.82295E+15 0.00101 
   60   60    1    1    1    1    1    1    1    1  2.21139E+15 0.00106 
   61   61    1    1    1    1    1    1    1    1  2.21336E+15 0.00114 
   62   62    1    1    1    1    1    1    1    1  2.26169E+15 0.00095 
   63   63    1    1    1    1    1    1    1    1  1.89467E+15 0.00102 
   64   64    1    1    1    1    1    1    1    1  1.50070E+15 0.00117 
   65   65    1    1    1    1    1    1    1    1  1.48520E+15 0.00128 
   66   66    1    1    1    1    1    1    1    1  1.12701E+15 0.00151 
   67   67    1    1    1    1    1    1    1    1  9.23101E+14 0.00120 
   68   68    1    1    1    1    1    1    1    1  8.22348E+14 0.00110 
   69   69    1    1    1    1    1    1    1    1  9.94804E+14 0.00152 
   70   70    1    1    1    1    1    1    1    1  8.50974E+14 0.00149 
   71   71    1    1    1    1    1    1    1    1  1.57263E+15 0.00120 
   72   72    1    1    1    1    1    1    1    1  1.12811E+15 0.00139 
   73   73    1    1    1    1    1    1    1    1  8.61189E+14 0.00137 
   74   74    1    1    1    1    1    1    1    1  6.90422E+14 0.00161 
   75   75    1    1    1    1    1    1    1    1  5.68088E+14 0.00153 
   76   76    1    1    1    1    1    1    1    1  6.52904E+14 0.00113 
   77   77    1    1    1    1    1    1    1    1  5.10331E+14 0.00170 
   78   78    1    1    1    1    1    1    1    1  4.00154E+14 0.00164 
   79   79    1    1    1    1    1    1    1    1  4.11449E+14 0.00179 
   80   80    1    1    1    1    1    1    1    1  3.06015E+14 0.00247 
   81   81    1    1    1    1    1    1    1    1  2.33686E+14 0.00223 
   82   82    1    1    1    1    1    1    1    1  1.80736E+14 0.00179 
   83   83    1    1    1    1    1    1    1    1  1.68835E+14 0.00257 
   84   84    1    1    1    1    1    1    1    1  1.21603E+14 0.00260 
   85   85    1    1    1    1    1    1    1    1  8.78564E+13 0.00396 
   86   86    1    1    1    1    1    1    1    1  8.24018E+13 0.00345 
   87   87    1    1    1    1    1    1    1    1  5.11353E+13 0.00470 
   88   88    1    1    1    1    1    1    1    1  3.43628E+13 0.00391 
   89   89    1    1    1    1    1    1    1    1  1.96887E+13 0.00639 
   90   90    1    1    1    1    1    1    1    1  1.32707E+13 0.00822 
   91   91    1    1    1    1    1    1    1    1  6.60598E+12 0.01107 
   92   92    1    1    1    1    1    1    1    1  3.20810E+12 0.01527 
   93   93    1    1    1    1    1    1    1    1  1.52355E+12 0.02750 
   94   94    1    1    1    1    1    1    1    1  7.64984E+11 0.02977 
   95   95    1    1    1    1    1    1    1    1  3.63222E+11 0.05411 
   96   96    1    1    1    1    1    1    1    1  1.74563E+11 0.09464 
   97   97    1    1    1    1    1    1    1    1  7.67440E+10 0.12717 
   98   98    1    1    1    1    1    1    1    1  3.10783E+10 0.13310 
   99   99    1    1    1    1    1    1    1    1  1.86678E+10 0.18146 
  100  100    1    1    1    1    1    1    1    1  1.83890E+10 0.18838 
];


