
DETdpaspec = [
    1    1    1    1    1    1    1    1    1    1  0.00000E+00 0.00000 
    2    2    1    1    1    1    1    1    1    1  0.00000E+00 0.00000 
    3    3    1    1    1    1    1    1    1    1  0.00000E+00 0.00000 
    4    4    1    1    1    1    1    1    1    1  0.00000E+00 0.00000 
    5    5    1    1    1    1    1    1    1    1  0.00000E+00 0.00000 
    6    6    1    1    1    1    1    1    1    1  0.00000E+00 0.00000 
    7    7    1    1    1    1    1    1    1    1  2.21716E+07 1.00000 
    8    8    1    1    1    1    1    1    1    1  0.00000E+00 0.00000 
    9    9    1    1    1    1    1    1    1    1  0.00000E+00 0.00000 
   10   10    1    1    1    1    1    1    1    1  0.00000E+00 0.00000 
   11   11    1    1    1    1    1    1    1    1  1.01121E+08 0.68832 
   12   12    1    1    1    1    1    1    1    1  5.58109E+07 0.66145 
   13   13    1    1    1    1    1    1    1    1  8.53023E+08 0.93454 
   14   14    1    1    1    1    1    1    1    1  1.67995E+09 0.45762 
   15   15    1    1    1    1    1    1    1    1  3.64910E+09 0.40461 
   16   16    1    1    1    1    1    1    1    1  2.72927E+09 0.24568 
   17   17    1    1    1    1    1    1    1    1  1.78995E+09 0.26091 
   18   18    1    1    1    1    1    1    1    1  5.69991E+09 0.17652 
   19   19    1    1    1    1    1    1    1    1  1.18736E+10 0.19070 
   20   20    1    1    1    1    1    1    1    1  3.58643E+10 0.14989 
   21   21    1    1    1    1    1    1    1    1  2.13255E+10 0.15146 
   22   22    1    1    1    1    1    1    1    1  6.94611E+10 0.08831 
   23   23    1    1    1    1    1    1    1    1  8.18415E+10 0.06877 
   24   24    1    1    1    1    1    1    1    1  1.64372E+11 0.05146 
   25   25    1    1    1    1    1    1    1    1  1.91565E+11 0.06269 
   26   26    1    1    1    1    1    1    1    1  3.45324E+11 0.04351 
   27   27    1    1    1    1    1    1    1    1  7.13199E+11 0.03515 
   28   28    1    1    1    1    1    1    1    1  1.38915E+12 0.02080 
   29   29    1    1    1    1    1    1    1    1  1.96656E+12 0.01884 
   30   30    1    1    1    1    1    1    1    1  5.61890E+12 0.01356 
   31   31    1    1    1    1    1    1    1    1  1.46506E+13 0.00693 
   32   32    1    1    1    1    1    1    1    1  2.36742E+13 0.00585 
   33   33    1    1    1    1    1    1    1    1  4.84400E+13 0.00475 
   34   34    1    1    1    1    1    1    1    1  5.88961E+13 0.00410 
   35   35    1    1    1    1    1    1    1    1  8.59357E+13 0.00367 
   36   36    1    1    1    1    1    1    1    1  6.36926E+13 0.00377 
   37   37    1    1    1    1    1    1    1    1  2.03018E+13 0.00401 
   38   38    1    1    1    1    1    1    1    1  1.02303E+14 0.00295 
   39   39    1    1    1    1    1    1    1    1  1.30297E+14 0.00219 
   40   40    1    1    1    1    1    1    1    1  2.14557E+14 0.00254 
   41   41    1    1    1    1    1    1    1    1  2.14233E+14 0.00236 
   42   42    1    1    1    1    1    1    1    1  4.05786E+14 0.00218 
   43   43    1    1    1    1    1    1    1    1  4.57927E+14 0.00241 
   44   44    1    1    1    1    1    1    1    1  6.12426E+14 0.00297 
   45   45    1    1    1    1    1    1    1    1  1.11576E+15 0.00243 
   46   46    1    1    1    1    1    1    1    1  5.51744E+14 0.00269 
   47   47    1    1    1    1    1    1    1    1  8.42410E+14 0.00292 
   48   48    1    1    1    1    1    1    1    1  1.15763E+15 0.00279 
   49   49    1    1    1    1    1    1    1    1  1.09314E+15 0.00247 
   50   50    1    1    1    1    1    1    1    1  1.64939E+15 0.00245 
   51   51    1    1    1    1    1    1    1    1  1.31356E+15 0.00267 
   52   52    1    1    1    1    1    1    1    1  1.48200E+15 0.00258 
   53   53    1    1    1    1    1    1    1    1  1.04228E+15 0.00237 
   54   54    1    1    1    1    1    1    1    1  1.23758E+15 0.00291 
   55   55    1    1    1    1    1    1    1    1  8.65743E+14 0.00292 
   56   56    1    1    1    1    1    1    1    1  1.18869E+14 0.00309 
   57   57    1    1    1    1    1    1    1    1  1.69419E+15 0.00266 
   58   58    1    1    1    1    1    1    1    1  7.24789E+14 0.00279 
   59   59    1    1    1    1    1    1    1    1  7.83162E+14 0.00281 
   60   60    1    1    1    1    1    1    1    1  5.98182E+14 0.00269 
   61   61    1    1    1    1    1    1    1    1  5.99178E+14 0.00278 
   62   62    1    1    1    1    1    1    1    1  6.08777E+14 0.00301 
   63   63    1    1    1    1    1    1    1    1  5.04089E+14 0.00297 
   64   64    1    1    1    1    1    1    1    1  3.97682E+14 0.00338 
   65   65    1    1    1    1    1    1    1    1  3.91261E+14 0.00322 
   66   66    1    1    1    1    1    1    1    1  2.94683E+14 0.00360 
   67   67    1    1    1    1    1    1    1    1  2.42395E+14 0.00323 
   68   68    1    1    1    1    1    1    1    1  2.16850E+14 0.00345 
   69   69    1    1    1    1    1    1    1    1  2.60891E+14 0.00318 
   70   70    1    1    1    1    1    1    1    1  2.23239E+14 0.00364 
   71   71    1    1    1    1    1    1    1    1  4.16906E+14 0.00308 
   72   72    1    1    1    1    1    1    1    1  3.01127E+14 0.00385 
   73   73    1    1    1    1    1    1    1    1  2.27464E+14 0.00442 
   74   74    1    1    1    1    1    1    1    1  1.79747E+14 0.00429 
   75   75    1    1    1    1    1    1    1    1  1.44852E+14 0.00339 
   76   76    1    1    1    1    1    1    1    1  1.63159E+14 0.00376 
   77   77    1    1    1    1    1    1    1    1  1.26041E+14 0.00397 
   78   78    1    1    1    1    1    1    1    1  9.75527E+13 0.00357 
   79   79    1    1    1    1    1    1    1    1  9.94376E+13 0.00454 
   80   80    1    1    1    1    1    1    1    1  7.34109E+13 0.00456 
   81   81    1    1    1    1    1    1    1    1  5.60501E+13 0.00559 
   82   82    1    1    1    1    1    1    1    1  4.29357E+13 0.00467 
   83   83    1    1    1    1    1    1    1    1  4.02929E+13 0.00610 
   84   84    1    1    1    1    1    1    1    1  2.89231E+13 0.00577 
   85   85    1    1    1    1    1    1    1    1  2.05709E+13 0.00608 
   86   86    1    1    1    1    1    1    1    1  1.95837E+13 0.00789 
   87   87    1    1    1    1    1    1    1    1  1.19417E+13 0.00968 
   88   88    1    1    1    1    1    1    1    1  8.07704E+12 0.01006 
   89   89    1    1    1    1    1    1    1    1  4.80882E+12 0.01410 
   90   90    1    1    1    1    1    1    1    1  3.19880E+12 0.01613 
   91   91    1    1    1    1    1    1    1    1  1.59637E+12 0.02174 
   92   92    1    1    1    1    1    1    1    1  8.22304E+11 0.03241 
   93   93    1    1    1    1    1    1    1    1  3.64524E+11 0.02720 
   94   94    1    1    1    1    1    1    1    1  1.65728E+11 0.08427 
   95   95    1    1    1    1    1    1    1    1  7.60944E+10 0.06928 
   96   96    1    1    1    1    1    1    1    1  3.94884E+10 0.11781 
   97   97    1    1    1    1    1    1    1    1  1.69184E+10 0.17041 
   98   98    1    1    1    1    1    1    1    1  1.03575E+10 0.32673 
   99   99    1    1    1    1    1    1    1    1  4.97571E+09 0.35808 
  100  100    1    1    1    1    1    1    1    1  3.94367E+09 0.42318 
];


