
DETdpaspec = [
    1    1    1    1    1    1    1    1    1    1  0.00000E+00 0.00000 
    2    2    1    1    1    1    1    1    1    1  0.00000E+00 0.00000 
    3    3    1    1    1    1    1    1    1    1  0.00000E+00 0.00000 
    4    4    1    1    1    1    1    1    1    1  1.33789E+07 1.00000 
    5    5    1    1    1    1    1    1    1    1  0.00000E+00 0.00000 
    6    6    1    1    1    1    1    1    1    1  0.00000E+00 0.00000 
    7    7    1    1    1    1    1    1    1    1  3.54414E+07 1.00000 
    8    8    1    1    1    1    1    1    1    1  2.29465E+07 1.00000 
    9    9    1    1    1    1    1    1    1    1  3.58017E+07 0.75134 
   10   10    1    1    1    1    1    1    1    1  0.00000E+00 0.00000 
   11   11    1    1    1    1    1    1    1    1  5.63720E+07 1.00000 
   12   12    1    1    1    1    1    1    1    1  8.88534E+07 0.79955 
   13   13    1    1    1    1    1    1    1    1  1.85422E+09 0.46425 
   14   14    1    1    1    1    1    1    1    1  6.48099E+09 0.28900 
   15   15    1    1    1    1    1    1    1    1  8.89582E+09 0.28445 
   16   16    1    1    1    1    1    1    1    1  3.30629E+09 0.25331 
   17   17    1    1    1    1    1    1    1    1  4.93040E+09 0.26839 
   18   18    1    1    1    1    1    1    1    1  1.53467E+10 0.16843 
   19   19    1    1    1    1    1    1    1    1  1.86737E+10 0.14273 
   20   20    1    1    1    1    1    1    1    1  5.26181E+10 0.10653 
   21   21    1    1    1    1    1    1    1    1  4.58392E+10 0.11485 
   22   22    1    1    1    1    1    1    1    1  1.11659E+11 0.06968 
   23   23    1    1    1    1    1    1    1    1  1.62323E+11 0.03739 
   24   24    1    1    1    1    1    1    1    1  2.97826E+11 0.04467 
   25   25    1    1    1    1    1    1    1    1  3.69924E+11 0.03526 
   26   26    1    1    1    1    1    1    1    1  7.14354E+11 0.02973 
   27   27    1    1    1    1    1    1    1    1  1.43039E+12 0.02011 
   28   28    1    1    1    1    1    1    1    1  3.08501E+12 0.01042 
   29   29    1    1    1    1    1    1    1    1  4.73206E+12 0.01003 
   30   30    1    1    1    1    1    1    1    1  1.28893E+13 0.00764 
   31   31    1    1    1    1    1    1    1    1  3.48073E+13 0.00604 
   32   32    1    1    1    1    1    1    1    1  5.78140E+13 0.00503 
   33   33    1    1    1    1    1    1    1    1  1.23498E+14 0.00312 
   34   34    1    1    1    1    1    1    1    1  1.56352E+14 0.00242 
   35   35    1    1    1    1    1    1    1    1  2.18194E+14 0.00161 
   36   36    1    1    1    1    1    1    1    1  1.61134E+14 0.00190 
   37   37    1    1    1    1    1    1    1    1  5.04103E+13 0.00215 
   38   38    1    1    1    1    1    1    1    1  2.61469E+14 0.00180 
   39   39    1    1    1    1    1    1    1    1  3.37320E+14 0.00153 
   40   40    1    1    1    1    1    1    1    1  5.68616E+14 0.00180 
   41   41    1    1    1    1    1    1    1    1  5.63541E+14 0.00145 
   42   42    1    1    1    1    1    1    1    1  1.09828E+15 0.00135 
   43   43    1    1    1    1    1    1    1    1  1.25569E+15 0.00144 
   44   44    1    1    1    1    1    1    1    1  1.70522E+15 0.00120 
   45   45    1    1    1    1    1    1    1    1  3.20035E+15 0.00104 
   46   46    1    1    1    1    1    1    1    1  1.59434E+15 0.00081 
   47   47    1    1    1    1    1    1    1    1  2.42909E+15 0.00106 
   48   48    1    1    1    1    1    1    1    1  3.38926E+15 0.00081 
   49   49    1    1    1    1    1    1    1    1  3.20306E+15 0.00102 
   50   50    1    1    1    1    1    1    1    1  4.94480E+15 0.00098 
   51   51    1    1    1    1    1    1    1    1  3.92807E+15 0.00117 
   52   52    1    1    1    1    1    1    1    1  4.53496E+15 0.00115 
   53   53    1    1    1    1    1    1    1    1  3.19828E+15 0.00107 
   54   54    1    1    1    1    1    1    1    1  3.87974E+15 0.00120 
   55   55    1    1    1    1    1    1    1    1  2.71501E+15 0.00111 
   56   56    1    1    1    1    1    1    1    1  3.72385E+14 0.00126 
   57   57    1    1    1    1    1    1    1    1  5.33451E+15 0.00110 
   58   58    1    1    1    1    1    1    1    1  2.34018E+15 0.00121 
   59   59    1    1    1    1    1    1    1    1  2.52570E+15 0.00115 
   60   60    1    1    1    1    1    1    1    1  1.97096E+15 0.00128 
   61   61    1    1    1    1    1    1    1    1  1.97141E+15 0.00117 
   62   62    1    1    1    1    1    1    1    1  2.01676E+15 0.00111 
   63   63    1    1    1    1    1    1    1    1  1.68472E+15 0.00116 
   64   64    1    1    1    1    1    1    1    1  1.33414E+15 0.00146 
   65   65    1    1    1    1    1    1    1    1  1.31820E+15 0.00165 
   66   66    1    1    1    1    1    1    1    1  9.99202E+14 0.00134 
   67   67    1    1    1    1    1    1    1    1  8.19832E+14 0.00157 
   68   68    1    1    1    1    1    1    1    1  7.31629E+14 0.00133 
   69   69    1    1    1    1    1    1    1    1  8.83747E+14 0.00188 
   70   70    1    1    1    1    1    1    1    1  7.55221E+14 0.00166 
   71   71    1    1    1    1    1    1    1    1  1.39869E+15 0.00135 
   72   72    1    1    1    1    1    1    1    1  1.00754E+15 0.00177 
   73   73    1    1    1    1    1    1    1    1  7.65669E+14 0.00198 
   74   74    1    1    1    1    1    1    1    1  6.12482E+14 0.00188 
   75   75    1    1    1    1    1    1    1    1  5.02069E+14 0.00200 
   76   76    1    1    1    1    1    1    1    1  5.76251E+14 0.00219 
   77   77    1    1    1    1    1    1    1    1  4.50101E+14 0.00187 
   78   78    1    1    1    1    1    1    1    1  3.50143E+14 0.00213 
   79   79    1    1    1    1    1    1    1    1  3.60815E+14 0.00191 
   80   80    1    1    1    1    1    1    1    1  2.68375E+14 0.00201 
   81   81    1    1    1    1    1    1    1    1  2.06052E+14 0.00242 
   82   82    1    1    1    1    1    1    1    1  1.58051E+14 0.00296 
   83   83    1    1    1    1    1    1    1    1  1.48201E+14 0.00288 
   84   84    1    1    1    1    1    1    1    1  1.06658E+14 0.00338 
   85   85    1    1    1    1    1    1    1    1  7.71048E+13 0.00389 
   86   86    1    1    1    1    1    1    1    1  7.15433E+13 0.00322 
   87   87    1    1    1    1    1    1    1    1  4.42770E+13 0.00357 
   88   88    1    1    1    1    1    1    1    1  3.01106E+13 0.00561 
   89   89    1    1    1    1    1    1    1    1  1.72645E+13 0.00887 
   90   90    1    1    1    1    1    1    1    1  1.14725E+13 0.01000 
   91   91    1    1    1    1    1    1    1    1  5.72624E+12 0.01119 
   92   92    1    1    1    1    1    1    1    1  2.71154E+12 0.01893 
   93   93    1    1    1    1    1    1    1    1  1.35085E+12 0.02845 
   94   94    1    1    1    1    1    1    1    1  6.62544E+11 0.03899 
   95   95    1    1    1    1    1    1    1    1  3.00391E+11 0.05257 
   96   96    1    1    1    1    1    1    1    1  1.49118E+11 0.06828 
   97   97    1    1    1    1    1    1    1    1  8.12387E+10 0.09855 
   98   98    1    1    1    1    1    1    1    1  3.17716E+10 0.15543 
   99   99    1    1    1    1    1    1    1    1  1.58886E+10 0.17308 
  100  100    1    1    1    1    1    1    1    1  1.71720E+10 0.28279 
];


