
DETdpaspec = [
    1    1    1    1    1    1    1    1    1    1  0.00000E+00 0.00000 
    2    2    1    1    1    1    1    1    1    1  0.00000E+00 0.00000 
    3    3    1    1    1    1    1    1    1    1  0.00000E+00 0.00000 
    4    4    1    1    1    1    1    1    1    1  0.00000E+00 0.00000 
    5    5    1    1    1    1    1    1    1    1  1.18686E+07 1.00000 
    6    6    1    1    1    1    1    1    1    1  1.05988E+07 1.00000 
    7    7    1    1    1    1    1    1    1    1  0.00000E+00 0.00000 
    8    8    1    1    1    1    1    1    1    1  3.84854E+07 0.69103 
    9    9    1    1    1    1    1    1    1    1  0.00000E+00 0.00000 
   10   10    1    1    1    1    1    1    1    1  1.00268E+08 0.70115 
   11   11    1    1    1    1    1    1    1    1  2.38600E+08 0.61897 
   12   12    1    1    1    1    1    1    1    1  1.44929E+08 0.48706 
   13   13    1    1    1    1    1    1    1    1  2.96960E+08 0.49922 
   14   14    1    1    1    1    1    1    1    1  3.33182E+09 0.30832 
   15   15    1    1    1    1    1    1    1    1  9.40157E+09 0.31152 
   16   16    1    1    1    1    1    1    1    1  2.41245E+09 0.29365 
   17   17    1    1    1    1    1    1    1    1  6.98120E+09 0.14726 
   18   18    1    1    1    1    1    1    1    1  1.55871E+10 0.16365 
   19   19    1    1    1    1    1    1    1    1  1.78284E+10 0.15698 
   20   20    1    1    1    1    1    1    1    1  5.37703E+10 0.11991 
   21   21    1    1    1    1    1    1    1    1  3.74514E+10 0.11303 
   22   22    1    1    1    1    1    1    1    1  1.06741E+11 0.08141 
   23   23    1    1    1    1    1    1    1    1  1.25950E+11 0.06014 
   24   24    1    1    1    1    1    1    1    1  2.27071E+11 0.06682 
   25   25    1    1    1    1    1    1    1    1  3.04659E+11 0.04016 
   26   26    1    1    1    1    1    1    1    1  5.40146E+11 0.03308 
   27   27    1    1    1    1    1    1    1    1  1.02777E+12 0.02943 
   28   28    1    1    1    1    1    1    1    1  2.22982E+12 0.01599 
   29   29    1    1    1    1    1    1    1    1  3.19833E+12 0.01813 
   30   30    1    1    1    1    1    1    1    1  9.05716E+12 0.01274 
   31   31    1    1    1    1    1    1    1    1  2.44387E+13 0.00568 
   32   32    1    1    1    1    1    1    1    1  4.03732E+13 0.00468 
   33   33    1    1    1    1    1    1    1    1  8.39785E+13 0.00434 
   34   34    1    1    1    1    1    1    1    1  1.03885E+14 0.00338 
   35   35    1    1    1    1    1    1    1    1  1.49396E+14 0.00285 
   36   36    1    1    1    1    1    1    1    1  1.10939E+14 0.00263 
   37   37    1    1    1    1    1    1    1    1  3.49343E+13 0.00290 
   38   38    1    1    1    1    1    1    1    1  1.78768E+14 0.00227 
   39   39    1    1    1    1    1    1    1    1  2.29031E+14 0.00266 
   40   40    1    1    1    1    1    1    1    1  3.82274E+14 0.00232 
   41   41    1    1    1    1    1    1    1    1  3.81687E+14 0.00210 
   42   42    1    1    1    1    1    1    1    1  7.33800E+14 0.00218 
   43   43    1    1    1    1    1    1    1    1  8.34680E+14 0.00208 
   44   44    1    1    1    1    1    1    1    1  1.12187E+15 0.00178 
   45   45    1    1    1    1    1    1    1    1  2.07467E+15 0.00198 
   46   46    1    1    1    1    1    1    1    1  1.02999E+15 0.00211 
   47   47    1    1    1    1    1    1    1    1  1.57110E+15 0.00187 
   48   48    1    1    1    1    1    1    1    1  2.18049E+15 0.00172 
   49   49    1    1    1    1    1    1    1    1  2.05930E+15 0.00189 
   50   50    1    1    1    1    1    1    1    1  3.13973E+15 0.00205 
   51   51    1    1    1    1    1    1    1    1  2.49829E+15 0.00204 
   52   52    1    1    1    1    1    1    1    1  2.84670E+15 0.00205 
   53   53    1    1    1    1    1    1    1    1  2.00654E+15 0.00204 
   54   54    1    1    1    1    1    1    1    1  2.40559E+15 0.00203 
   55   55    1    1    1    1    1    1    1    1  1.67990E+15 0.00213 
   56   56    1    1    1    1    1    1    1    1  2.31308E+14 0.00266 
   57   57    1    1    1    1    1    1    1    1  3.30222E+15 0.00228 
   58   58    1    1    1    1    1    1    1    1  1.42678E+15 0.00229 
   59   59    1    1    1    1    1    1    1    1  1.54162E+15 0.00242 
   60   60    1    1    1    1    1    1    1    1  1.18918E+15 0.00240 
   61   61    1    1    1    1    1    1    1    1  1.19149E+15 0.00235 
   62   62    1    1    1    1    1    1    1    1  1.21340E+15 0.00233 
   63   63    1    1    1    1    1    1    1    1  1.00917E+15 0.00200 
   64   64    1    1    1    1    1    1    1    1  7.96981E+14 0.00241 
   65   65    1    1    1    1    1    1    1    1  7.85449E+14 0.00287 
   66   66    1    1    1    1    1    1    1    1  5.92917E+14 0.00270 
   67   67    1    1    1    1    1    1    1    1  4.88398E+14 0.00257 
   68   68    1    1    1    1    1    1    1    1  4.35527E+14 0.00295 
   69   69    1    1    1    1    1    1    1    1  5.25437E+14 0.00262 
   70   70    1    1    1    1    1    1    1    1  4.49685E+14 0.00243 
   71   71    1    1    1    1    1    1    1    1  8.37613E+14 0.00223 
   72   72    1    1    1    1    1    1    1    1  6.01850E+14 0.00273 
   73   73    1    1    1    1    1    1    1    1  4.57064E+14 0.00293 
   74   74    1    1    1    1    1    1    1    1  3.63160E+14 0.00294 
   75   75    1    1    1    1    1    1    1    1  2.95550E+14 0.00247 
   76   76    1    1    1    1    1    1    1    1  3.35165E+14 0.00293 
   77   77    1    1    1    1    1    1    1    1  2.60063E+14 0.00366 
   78   78    1    1    1    1    1    1    1    1  2.01477E+14 0.00348 
   79   79    1    1    1    1    1    1    1    1  2.07537E+14 0.00270 
   80   80    1    1    1    1    1    1    1    1  1.52616E+14 0.00242 
   81   81    1    1    1    1    1    1    1    1  1.16891E+14 0.00409 
   82   82    1    1    1    1    1    1    1    1  8.99230E+13 0.00520 
   83   83    1    1    1    1    1    1    1    1  8.41547E+13 0.00451 
   84   84    1    1    1    1    1    1    1    1  6.01200E+13 0.00408 
   85   85    1    1    1    1    1    1    1    1  4.37158E+13 0.00440 
   86   86    1    1    1    1    1    1    1    1  4.06464E+13 0.00658 
   87   87    1    1    1    1    1    1    1    1  2.53396E+13 0.00686 
   88   88    1    1    1    1    1    1    1    1  1.72063E+13 0.00750 
   89   89    1    1    1    1    1    1    1    1  9.83697E+12 0.01006 
   90   90    1    1    1    1    1    1    1    1  6.65786E+12 0.01057 
   91   91    1    1    1    1    1    1    1    1  3.35512E+12 0.01266 
   92   92    1    1    1    1    1    1    1    1  1.60714E+12 0.02044 
   93   93    1    1    1    1    1    1    1    1  7.76069E+11 0.03227 
   94   94    1    1    1    1    1    1    1    1  4.05738E+11 0.03455 
   95   95    1    1    1    1    1    1    1    1  1.86837E+11 0.05100 
   96   96    1    1    1    1    1    1    1    1  8.76556E+10 0.06288 
   97   97    1    1    1    1    1    1    1    1  4.94810E+10 0.15779 
   98   98    1    1    1    1    1    1    1    1  1.37391E+10 0.19154 
   99   99    1    1    1    1    1    1    1    1  5.72883E+09 0.50316 
  100  100    1    1    1    1    1    1    1    1  9.62931E+09 0.23995 
];


