
DETdpaspec = [
    1    1    1    1    1    1    1    1    1    1  0.00000E+00 0.00000 
    2    2    1    1    1    1    1    1    1    1  0.00000E+00 0.00000 
    3    3    1    1    1    1    1    1    1    1  0.00000E+00 0.00000 
    4    4    1    1    1    1    1    1    1    1  0.00000E+00 0.00000 
    5    5    1    1    1    1    1    1    1    1  0.00000E+00 0.00000 
    6    6    1    1    1    1    1    1    1    1  0.00000E+00 0.00000 
    7    7    1    1    1    1    1    1    1    1  0.00000E+00 0.00000 
    8    8    1    1    1    1    1    1    1    1  0.00000E+00 0.00000 
    9    9    1    1    1    1    1    1    1    1  0.00000E+00 0.00000 
   10   10    1    1    1    1    1    1    1    1  0.00000E+00 0.00000 
   11   11    1    1    1    1    1    1    1    1  0.00000E+00 0.00000 
   12   12    1    1    1    1    1    1    1    1  0.00000E+00 0.00000 
   13   13    1    1    1    1    1    1    1    1  0.00000E+00 0.00000 
   14   14    1    1    1    1    1    1    1    1  0.00000E+00 0.00000 
   15   15    1    1    1    1    1    1    1    1  2.44206E+08 1.00000 
   16   16    1    1    1    1    1    1    1    1  4.89508E+08 0.83226 
   17   17    1    1    1    1    1    1    1    1  8.12044E+09 0.34783 
   18   18    1    1    1    1    1    1    1    1  2.42365E+10 0.18756 
   19   19    1    1    1    1    1    1    1    1  4.45611E+10 0.10798 
   20   20    1    1    1    1    1    1    1    1  3.18976E+11 0.06481 
   21   21    1    1    1    1    1    1    1    1  1.11043E+12 0.02464 
   22   22    1    1    1    1    1    1    1    1  3.58740E+12 0.01512 
   23   23    1    1    1    1    1    1    1    1  8.61290E+12 0.01229 
   24   24    1    1    1    1    1    1    1    1  1.59077E+13 0.00740 
   25   25    1    1    1    1    1    1    1    1  1.98276E+13 0.00788 
   26   26    1    1    1    1    1    1    1    1  3.22233E+13 0.00632 
   27   27    1    1    1    1    1    1    1    1  4.79473E+13 0.00520 
   28   28    1    1    1    1    1    1    1    1  6.98516E+13 0.00494 
   29   29    1    1    1    1    1    1    1    1  8.86108E+13 0.00476 
   30   30    1    1    1    1    1    1    1    1  1.40400E+14 0.00449 
   31   31    1    1    1    1    1    1    1    1  2.21486E+14 0.00430 
   32   32    1    1    1    1    1    1    1    1  2.71797E+14 0.00408 
   33   33    1    1    1    1    1    1    1    1  4.51883E+14 0.00416 
   34   34    1    1    1    1    1    1    1    1  4.97121E+14 0.00413 
   35   35    1    1    1    1    1    1    1    1  4.95699E+14 0.00347 
   36   36    1    1    1    1    1    1    1    1  3.06734E+14 0.00371 
   37   37    1    1    1    1    1    1    1    1  8.80161E+13 0.00384 
   38   38    1    1    1    1    1    1    1    1  4.67791E+14 0.00369 
   39   39    1    1    1    1    1    1    1    1  5.78127E+14 0.00388 
   40   40    1    1    1    1    1    1    1    1  9.52132E+14 0.00397 
   41   41    1    1    1    1    1    1    1    1  8.56345E+14 0.00386 
   42   42    1    1    1    1    1    1    1    1  1.65777E+15 0.00380 
   43   43    1    1    1    1    1    1    1    1  1.81872E+15 0.00403 
   44   44    1    1    1    1    1    1    1    1  2.36150E+15 0.00421 
   45   45    1    1    1    1    1    1    1    1  4.23538E+15 0.00429 
   46   46    1    1    1    1    1    1    1    1  1.96644E+15 0.00435 
   47   47    1    1    1    1    1    1    1    1  2.88107E+15 0.00443 
   48   48    1    1    1    1    1    1    1    1  3.86990E+15 0.00441 
   49   49    1    1    1    1    1    1    1    1  3.49373E+15 0.00420 
   50   50    1    1    1    1    1    1    1    1  5.33829E+15 0.00432 
   51   51    1    1    1    1    1    1    1    1  3.97655E+15 0.00450 
   52   52    1    1    1    1    1    1    1    1  4.61223E+15 0.00456 
   53   53    1    1    1    1    1    1    1    1  3.13132E+15 0.00454 
   54   54    1    1    1    1    1    1    1    1  3.83651E+15 0.00458 
   55   55    1    1    1    1    1    1    1    1  2.61923E+15 0.00451 
   56   56    1    1    1    1    1    1    1    1  3.53351E+14 0.00458 
   57   57    1    1    1    1    1    1    1    1  5.02595E+15 0.00445 
   58   58    1    1    1    1    1    1    1    1  2.24832E+15 0.00428 
   59   59    1    1    1    1    1    1    1    1  2.35656E+15 0.00443 
   60   60    1    1    1    1    1    1    1    1  1.86478E+15 0.00471 
   61   61    1    1    1    1    1    1    1    1  1.84169E+15 0.00476 
   62   62    1    1    1    1    1    1    1    1  1.86828E+15 0.00450 
   63   63    1    1    1    1    1    1    1    1  1.55087E+15 0.00487 
   64   64    1    1    1    1    1    1    1    1  1.20971E+15 0.00492 
   65   65    1    1    1    1    1    1    1    1  1.17994E+15 0.00469 
   66   66    1    1    1    1    1    1    1    1  8.83451E+14 0.00515 
   67   67    1    1    1    1    1    1    1    1  7.11644E+14 0.00526 
   68   68    1    1    1    1    1    1    1    1  6.26811E+14 0.00541 
   69   69    1    1    1    1    1    1    1    1  7.49801E+14 0.00491 
   70   70    1    1    1    1    1    1    1    1  6.29906E+14 0.00492 
   71   71    1    1    1    1    1    1    1    1  1.11464E+15 0.00531 
   72   72    1    1    1    1    1    1    1    1  7.79291E+14 0.00500 
   73   73    1    1    1    1    1    1    1    1  5.87391E+14 0.00504 
   74   74    1    1    1    1    1    1    1    1  4.76729E+14 0.00541 
   75   75    1    1    1    1    1    1    1    1  3.97117E+14 0.00518 
   76   76    1    1    1    1    1    1    1    1  4.60407E+14 0.00539 
   77   77    1    1    1    1    1    1    1    1  3.65188E+14 0.00519 
   78   78    1    1    1    1    1    1    1    1  2.87140E+14 0.00573 
   79   79    1    1    1    1    1    1    1    1  2.96809E+14 0.00559 
   80   80    1    1    1    1    1    1    1    1  2.18417E+14 0.00654 
   81   81    1    1    1    1    1    1    1    1  1.67414E+14 0.00497 
   82   82    1    1    1    1    1    1    1    1  1.27754E+14 0.00589 
   83   83    1    1    1    1    1    1    1    1  1.18440E+14 0.00477 
   84   84    1    1    1    1    1    1    1    1  8.38590E+13 0.00642 
   85   85    1    1    1    1    1    1    1    1  5.98821E+13 0.00741 
   86   86    1    1    1    1    1    1    1    1  5.53964E+13 0.00686 
   87   87    1    1    1    1    1    1    1    1  3.29355E+13 0.00734 
   88   88    1    1    1    1    1    1    1    1  2.17927E+13 0.00888 
   89   89    1    1    1    1    1    1    1    1  1.21485E+13 0.00964 
   90   90    1    1    1    1    1    1    1    1  7.73613E+12 0.00945 
   91   91    1    1    1    1    1    1    1    1  3.73292E+12 0.01334 
   92   92    1    1    1    1    1    1    1    1  1.76872E+12 0.01736 
   93   93    1    1    1    1    1    1    1    1  7.65197E+11 0.03056 
   94   94    1    1    1    1    1    1    1    1  3.84833E+11 0.04363 
   95   95    1    1    1    1    1    1    1    1  1.79231E+11 0.08118 
   96   96    1    1    1    1    1    1    1    1  7.76010E+10 0.11042 
   97   97    1    1    1    1    1    1    1    1  3.56186E+10 0.11852 
   98   98    1    1    1    1    1    1    1    1  1.61134E+10 0.19408 
   99   99    1    1    1    1    1    1    1    1  1.04486E+10 0.26044 
  100  100    1    1    1    1    1    1    1    1  7.31041E+09 0.28372 
];


