
DETdpaspec = [
    1    1    1    1    1    1    1    1    1    1  0.00000E+00 0.00000 
    2    2    1    1    1    1    1    1    1    1  0.00000E+00 0.00000 
    3    3    1    1    1    1    1    1    1    1  0.00000E+00 0.00000 
    4    4    1    1    1    1    1    1    1    1  0.00000E+00 0.00000 
    5    5    1    1    1    1    1    1    1    1  0.00000E+00 0.00000 
    6    6    1    1    1    1    1    1    1    1  0.00000E+00 0.00000 
    7    7    1    1    1    1    1    1    1    1  0.00000E+00 0.00000 
    8    8    1    1    1    1    1    1    1    1  6.08621E+07 0.55714 
    9    9    1    1    1    1    1    1    1    1  4.81071E+07 0.69679 
   10   10    1    1    1    1    1    1    1    1  9.50945E+07 0.71207 
   11   11    1    1    1    1    1    1    1    1  2.07681E+08 0.76257 
   12   12    1    1    1    1    1    1    1    1  2.35184E+07 0.72603 
   13   13    1    1    1    1    1    1    1    1  1.55560E+09 0.49193 
   14   14    1    1    1    1    1    1    1    1  4.15822E+09 0.27621 
   15   15    1    1    1    1    1    1    1    1  1.20039E+10 0.35542 
   16   16    1    1    1    1    1    1    1    1  2.41824E+09 0.34535 
   17   17    1    1    1    1    1    1    1    1  3.48173E+09 0.18452 
   18   18    1    1    1    1    1    1    1    1  1.49907E+10 0.11540 
   19   19    1    1    1    1    1    1    1    1  1.35637E+10 0.12249 
   20   20    1    1    1    1    1    1    1    1  4.88537E+10 0.09443 
   21   21    1    1    1    1    1    1    1    1  4.12284E+10 0.08653 
   22   22    1    1    1    1    1    1    1    1  1.07583E+11 0.06605 
   23   23    1    1    1    1    1    1    1    1  1.57840E+11 0.04653 
   24   24    1    1    1    1    1    1    1    1  2.30947E+11 0.05133 
   25   25    1    1    1    1    1    1    1    1  3.14273E+11 0.04342 
   26   26    1    1    1    1    1    1    1    1  5.79551E+11 0.03104 
   27   27    1    1    1    1    1    1    1    1  1.16795E+12 0.02923 
   28   28    1    1    1    1    1    1    1    1  2.54563E+12 0.01293 
   29   29    1    1    1    1    1    1    1    1  3.77094E+12 0.01219 
   30   30    1    1    1    1    1    1    1    1  1.06317E+13 0.00801 
   31   31    1    1    1    1    1    1    1    1  2.86480E+13 0.00633 
   32   32    1    1    1    1    1    1    1    1  4.73938E+13 0.00414 
   33   33    1    1    1    1    1    1    1    1  9.96912E+13 0.00325 
   34   34    1    1    1    1    1    1    1    1  1.24143E+14 0.00252 
   35   35    1    1    1    1    1    1    1    1  1.77414E+14 0.00190 
   36   36    1    1    1    1    1    1    1    1  1.31686E+14 0.00229 
   37   37    1    1    1    1    1    1    1    1  4.14017E+13 0.00134 
   38   38    1    1    1    1    1    1    1    1  2.12218E+14 0.00157 
   39   39    1    1    1    1    1    1    1    1  2.73360E+14 0.00184 
   40   40    1    1    1    1    1    1    1    1  4.56956E+14 0.00157 
   41   41    1    1    1    1    1    1    1    1  4.55405E+14 0.00195 
   42   42    1    1    1    1    1    1    1    1  8.79409E+14 0.00174 
   43   43    1    1    1    1    1    1    1    1  1.00191E+15 0.00199 
   44   44    1    1    1    1    1    1    1    1  1.35471E+15 0.00170 
   45   45    1    1    1    1    1    1    1    1  2.51746E+15 0.00139 
   46   46    1    1    1    1    1    1    1    1  1.25081E+15 0.00137 
   47   47    1    1    1    1    1    1    1    1  1.91090E+15 0.00158 
   48   48    1    1    1    1    1    1    1    1  2.65666E+15 0.00152 
   49   49    1    1    1    1    1    1    1    1  2.51026E+15 0.00143 
   50   50    1    1    1    1    1    1    1    1  3.84371E+15 0.00159 
   51   51    1    1    1    1    1    1    1    1  3.05983E+15 0.00138 
   52   52    1    1    1    1    1    1    1    1  3.50233E+15 0.00137 
   53   53    1    1    1    1    1    1    1    1  2.47152E+15 0.00144 
   54   54    1    1    1    1    1    1    1    1  2.97044E+15 0.00122 
   55   55    1    1    1    1    1    1    1    1  2.08040E+15 0.00156 
   56   56    1    1    1    1    1    1    1    1  2.85265E+14 0.00156 
   57   57    1    1    1    1    1    1    1    1  4.08210E+15 0.00159 
   58   58    1    1    1    1    1    1    1    1  1.77355E+15 0.00158 
   59   59    1    1    1    1    1    1    1    1  1.91389E+15 0.00137 
   60   60    1    1    1    1    1    1    1    1  1.48290E+15 0.00154 
   61   61    1    1    1    1    1    1    1    1  1.48580E+15 0.00139 
   62   62    1    1    1    1    1    1    1    1  1.51554E+15 0.00144 
   63   63    1    1    1    1    1    1    1    1  1.26540E+15 0.00150 
   64   64    1    1    1    1    1    1    1    1  9.98739E+14 0.00155 
   65   65    1    1    1    1    1    1    1    1  9.86340E+14 0.00162 
   66   66    1    1    1    1    1    1    1    1  7.44789E+14 0.00168 
   67   67    1    1    1    1    1    1    1    1  6.12223E+14 0.00162 
   68   68    1    1    1    1    1    1    1    1  5.45596E+14 0.00216 
   69   69    1    1    1    1    1    1    1    1  6.58716E+14 0.00185 
   70   70    1    1    1    1    1    1    1    1  5.63773E+14 0.00173 
   71   71    1    1    1    1    1    1    1    1  1.04958E+15 0.00158 
   72   72    1    1    1    1    1    1    1    1  7.55858E+14 0.00140 
   73   73    1    1    1    1    1    1    1    1  5.73186E+14 0.00162 
   74   74    1    1    1    1    1    1    1    1  4.56936E+14 0.00190 
   75   75    1    1    1    1    1    1    1    1  3.72743E+14 0.00202 
   76   76    1    1    1    1    1    1    1    1  4.24777E+14 0.00195 
   77   77    1    1    1    1    1    1    1    1  3.29708E+14 0.00208 
   78   78    1    1    1    1    1    1    1    1  2.56584E+14 0.00202 
   79   79    1    1    1    1    1    1    1    1  2.62783E+14 0.00209 
   80   80    1    1    1    1    1    1    1    1  1.95091E+14 0.00224 
   81   81    1    1    1    1    1    1    1    1  1.49384E+14 0.00308 
   82   82    1    1    1    1    1    1    1    1  1.14767E+14 0.00247 
   83   83    1    1    1    1    1    1    1    1  1.07542E+14 0.00234 
   84   84    1    1    1    1    1    1    1    1  7.67134E+13 0.00341 
   85   85    1    1    1    1    1    1    1    1  5.54411E+13 0.00307 
   86   86    1    1    1    1    1    1    1    1  5.24182E+13 0.00440 
   87   87    1    1    1    1    1    1    1    1  3.22522E+13 0.00591 
   88   88    1    1    1    1    1    1    1    1  2.15505E+13 0.00567 
   89   89    1    1    1    1    1    1    1    1  1.24736E+13 0.00611 
   90   90    1    1    1    1    1    1    1    1  8.37920E+12 0.00979 
   91   91    1    1    1    1    1    1    1    1  4.30430E+12 0.01030 
   92   92    1    1    1    1    1    1    1    1  2.04176E+12 0.01727 
   93   93    1    1    1    1    1    1    1    1  9.85439E+11 0.03285 
   94   94    1    1    1    1    1    1    1    1  4.60956E+11 0.03391 
   95   95    1    1    1    1    1    1    1    1  2.32742E+11 0.06497 
   96   96    1    1    1    1    1    1    1    1  9.97393E+10 0.07511 
   97   97    1    1    1    1    1    1    1    1  4.39255E+10 0.13988 
   98   98    1    1    1    1    1    1    1    1  2.25183E+10 0.15331 
   99   99    1    1    1    1    1    1    1    1  1.23338E+10 0.24444 
  100  100    1    1    1    1    1    1    1    1  1.11700E+10 0.34273 
];


