
DETdpaspec = [
    1    1    1    1    1    1    1    1    1    1  0.00000E+00 0.00000 
    2    2    1    1    1    1    1    1    1    1  0.00000E+00 0.00000 
    3    3    1    1    1    1    1    1    1    1  0.00000E+00 0.00000 
    4    4    1    1    1    1    1    1    1    1  0.00000E+00 0.00000 
    5    5    1    1    1    1    1    1    1    1  0.00000E+00 0.00000 
    6    6    1    1    1    1    1    1    1    1  0.00000E+00 0.00000 
    7    7    1    1    1    1    1    1    1    1  0.00000E+00 0.00000 
    8    8    1    1    1    1    1    1    1    1  2.35801E+07 1.00000 
    9    9    1    1    1    1    1    1    1    1  5.79646E+07 0.84147 
   10   10    1    1    1    1    1    1    1    1  4.34228E+08 0.43963 
   11   11    1    1    1    1    1    1    1    1  3.45335E+08 1.00000 
   12   12    1    1    1    1    1    1    1    1  4.12021E+07 0.87814 
   13   13    1    1    1    1    1    1    1    1  1.89136E+09 0.53602 
   14   14    1    1    1    1    1    1    1    1  5.48754E+09 0.29906 
   15   15    1    1    1    1    1    1    1    1  6.94706E+09 0.27543 
   16   16    1    1    1    1    1    1    1    1  4.03401E+09 0.33724 
   17   17    1    1    1    1    1    1    1    1  3.54759E+09 0.29588 
   18   18    1    1    1    1    1    1    1    1  1.44093E+10 0.17229 
   19   19    1    1    1    1    1    1    1    1  1.95224E+10 0.16417 
   20   20    1    1    1    1    1    1    1    1  5.39884E+10 0.11516 
   21   21    1    1    1    1    1    1    1    1  4.67627E+10 0.07870 
   22   22    1    1    1    1    1    1    1    1  9.68599E+10 0.06887 
   23   23    1    1    1    1    1    1    1    1  1.53419E+11 0.03657 
   24   24    1    1    1    1    1    1    1    1  2.89779E+11 0.03890 
   25   25    1    1    1    1    1    1    1    1  4.11274E+11 0.03387 
   26   26    1    1    1    1    1    1    1    1  7.45077E+11 0.03584 
   27   27    1    1    1    1    1    1    1    1  1.54935E+12 0.02563 
   28   28    1    1    1    1    1    1    1    1  3.46572E+12 0.01950 
   29   29    1    1    1    1    1    1    1    1  5.56756E+12 0.01242 
   30   30    1    1    1    1    1    1    1    1  1.46799E+13 0.00791 
   31   31    1    1    1    1    1    1    1    1  3.99318E+13 0.00615 
   32   32    1    1    1    1    1    1    1    1  6.62092E+13 0.00414 
   33   33    1    1    1    1    1    1    1    1  1.41319E+14 0.00299 
   34   34    1    1    1    1    1    1    1    1  1.80493E+14 0.00226 
   35   35    1    1    1    1    1    1    1    1  2.46664E+14 0.00224 
   36   36    1    1    1    1    1    1    1    1  1.80800E+14 0.00228 
   37   37    1    1    1    1    1    1    1    1  5.61393E+13 0.00161 
   38   38    1    1    1    1    1    1    1    1  2.93100E+14 0.00132 
   39   39    1    1    1    1    1    1    1    1  3.78370E+14 0.00155 
   40   40    1    1    1    1    1    1    1    1  6.41118E+14 0.00156 
   41   41    1    1    1    1    1    1    1    1  6.30795E+14 0.00104 
   42   42    1    1    1    1    1    1    1    1  1.23791E+15 0.00087 
   43   43    1    1    1    1    1    1    1    1  1.41919E+15 0.00105 
   44   44    1    1    1    1    1    1    1    1  1.93084E+15 0.00084 
   45   45    1    1    1    1    1    1    1    1  3.64267E+15 0.00088 
   46   46    1    1    1    1    1    1    1    1  1.81626E+15 0.00084 
   47   47    1    1    1    1    1    1    1    1  2.76586E+15 0.00094 
   48   48    1    1    1    1    1    1    1    1  3.86422E+15 0.00094 
   49   49    1    1    1    1    1    1    1    1  3.65199E+15 0.00082 
   50   50    1    1    1    1    1    1    1    1  5.67025E+15 0.00082 
   51   51    1    1    1    1    1    1    1    1  4.49662E+15 0.00071 
   52   52    1    1    1    1    1    1    1    1  5.22376E+15 0.00071 
   53   53    1    1    1    1    1    1    1    1  3.68340E+15 0.00075 
   54   54    1    1    1    1    1    1    1    1  4.49479E+15 0.00076 
   55   55    1    1    1    1    1    1    1    1  3.14331E+15 0.00085 
   56   56    1    1    1    1    1    1    1    1  4.30868E+14 0.00103 
   57   57    1    1    1    1    1    1    1    1  6.18130E+15 0.00065 
   58   58    1    1    1    1    1    1    1    1  2.73164E+15 0.00088 
   59   59    1    1    1    1    1    1    1    1  2.94152E+15 0.00097 
   60   60    1    1    1    1    1    1    1    1  2.30624E+15 0.00101 
   61   61    1    1    1    1    1    1    1    1  2.30656E+15 0.00100 
   62   62    1    1    1    1    1    1    1    1  2.36201E+15 0.00104 
   63   63    1    1    1    1    1    1    1    1  1.98094E+15 0.00127 
   64   64    1    1    1    1    1    1    1    1  1.56793E+15 0.00111 
   65   65    1    1    1    1    1    1    1    1  1.55146E+15 0.00129 
   66   66    1    1    1    1    1    1    1    1  1.17635E+15 0.00140 
   67   67    1    1    1    1    1    1    1    1  9.63921E+14 0.00120 
   68   68    1    1    1    1    1    1    1    1  8.58981E+14 0.00123 
   69   69    1    1    1    1    1    1    1    1  1.03811E+15 0.00118 
   70   70    1    1    1    1    1    1    1    1  8.88229E+14 0.00118 
   71   71    1    1    1    1    1    1    1    1  1.64179E+15 0.00127 
   72   72    1    1    1    1    1    1    1    1  1.17726E+15 0.00148 
   73   73    1    1    1    1    1    1    1    1  8.97129E+14 0.00148 
   74   74    1    1    1    1    1    1    1    1  7.23145E+14 0.00115 
   75   75    1    1    1    1    1    1    1    1  5.94881E+14 0.00192 
   76   76    1    1    1    1    1    1    1    1  6.83187E+14 0.00126 
   77   77    1    1    1    1    1    1    1    1  5.35964E+14 0.00180 
   78   78    1    1    1    1    1    1    1    1  4.19075E+14 0.00142 
   79   79    1    1    1    1    1    1    1    1  4.32257E+14 0.00148 
   80   80    1    1    1    1    1    1    1    1  3.19906E+14 0.00187 
   81   81    1    1    1    1    1    1    1    1  2.46357E+14 0.00198 
   82   82    1    1    1    1    1    1    1    1  1.90078E+14 0.00209 
   83   83    1    1    1    1    1    1    1    1  1.77549E+14 0.00155 
   84   84    1    1    1    1    1    1    1    1  1.27960E+14 0.00230 
   85   85    1    1    1    1    1    1    1    1  9.17954E+13 0.00339 
   86   86    1    1    1    1    1    1    1    1  8.63096E+13 0.00287 
   87   87    1    1    1    1    1    1    1    1  5.29834E+13 0.00485 
   88   88    1    1    1    1    1    1    1    1  3.60961E+13 0.00401 
   89   89    1    1    1    1    1    1    1    1  2.06381E+13 0.00742 
   90   90    1    1    1    1    1    1    1    1  1.39358E+13 0.00701 
   91   91    1    1    1    1    1    1    1    1  6.82457E+12 0.01180 
   92   92    1    1    1    1    1    1    1    1  3.34724E+12 0.01732 
   93   93    1    1    1    1    1    1    1    1  1.57630E+12 0.02405 
   94   94    1    1    1    1    1    1    1    1  7.55517E+11 0.02471 
   95   95    1    1    1    1    1    1    1    1  3.93119E+11 0.05543 
   96   96    1    1    1    1    1    1    1    1  2.01637E+11 0.05757 
   97   97    1    1    1    1    1    1    1    1  8.67240E+10 0.08057 
   98   98    1    1    1    1    1    1    1    1  4.43445E+10 0.14631 
   99   99    1    1    1    1    1    1    1    1  2.44470E+10 0.20293 
  100  100    1    1    1    1    1    1    1    1  1.57205E+10 0.23211 
];


