
DETdpaspec = [
    1    1    1    1    1    1    1    1    1    1  0.00000E+00 0.00000 
    2    2    1    1    1    1    1    1    1    1  0.00000E+00 0.00000 
    3    3    1    1    1    1    1    1    1    1  0.00000E+00 0.00000 
    4    4    1    1    1    1    1    1    1    1  1.03889E+07 1.00000 
    5    5    1    1    1    1    1    1    1    1  2.17021E+07 1.00000 
    6    6    1    1    1    1    1    1    1    1  0.00000E+00 0.00000 
    7    7    1    1    1    1    1    1    1    1  0.00000E+00 0.00000 
    8    8    1    1    1    1    1    1    1    1  0.00000E+00 0.00000 
    9    9    1    1    1    1    1    1    1    1  0.00000E+00 0.00000 
   10   10    1    1    1    1    1    1    1    1  2.32524E+08 0.68829 
   11   11    1    1    1    1    1    1    1    1  0.00000E+00 0.00000 
   12   12    1    1    1    1    1    1    1    1  1.19400E+08 0.46474 
   13   13    1    1    1    1    1    1    1    1  5.38633E+08 0.70743 
   14   14    1    1    1    1    1    1    1    1  1.85939E+09 0.53939 
   15   15    1    1    1    1    1    1    1    1  4.08481E+09 0.35463 
   16   16    1    1    1    1    1    1    1    1  1.45246E+09 0.36833 
   17   17    1    1    1    1    1    1    1    1  1.94717E+09 0.28076 
   18   18    1    1    1    1    1    1    1    1  8.73025E+09 0.23802 
   19   19    1    1    1    1    1    1    1    1  1.00760E+10 0.18204 
   20   20    1    1    1    1    1    1    1    1  2.89386E+10 0.16992 
   21   21    1    1    1    1    1    1    1    1  2.43139E+10 0.13580 
   22   22    1    1    1    1    1    1    1    1  6.34024E+10 0.11686 
   23   23    1    1    1    1    1    1    1    1  7.78332E+10 0.07313 
   24   24    1    1    1    1    1    1    1    1  1.37428E+11 0.05677 
   25   25    1    1    1    1    1    1    1    1  1.76434E+11 0.05547 
   26   26    1    1    1    1    1    1    1    1  3.11667E+11 0.05091 
   27   27    1    1    1    1    1    1    1    1  6.18139E+11 0.02198 
   28   28    1    1    1    1    1    1    1    1  1.16061E+12 0.01782 
   29   29    1    1    1    1    1    1    1    1  1.60397E+12 0.02225 
   30   30    1    1    1    1    1    1    1    1  4.82762E+12 0.01346 
   31   31    1    1    1    1    1    1    1    1  1.25176E+13 0.00922 
   32   32    1    1    1    1    1    1    1    1  2.04030E+13 0.00702 
   33   33    1    1    1    1    1    1    1    1  4.12926E+13 0.00632 
   34   34    1    1    1    1    1    1    1    1  4.95077E+13 0.00582 
   35   35    1    1    1    1    1    1    1    1  7.24076E+13 0.00477 
   36   36    1    1    1    1    1    1    1    1  5.38285E+13 0.00425 
   37   37    1    1    1    1    1    1    1    1  1.71203E+13 0.00429 
   38   38    1    1    1    1    1    1    1    1  8.57699E+13 0.00416 
   39   39    1    1    1    1    1    1    1    1  1.09319E+14 0.00428 
   40   40    1    1    1    1    1    1    1    1  1.78998E+14 0.00417 
   41   41    1    1    1    1    1    1    1    1  1.79544E+14 0.00389 
   42   42    1    1    1    1    1    1    1    1  3.38496E+14 0.00337 
   43   43    1    1    1    1    1    1    1    1  3.81983E+14 0.00348 
   44   44    1    1    1    1    1    1    1    1  5.07696E+14 0.00352 
   45   45    1    1    1    1    1    1    1    1  9.22557E+14 0.00364 
   46   46    1    1    1    1    1    1    1    1  4.55334E+14 0.00373 
   47   47    1    1    1    1    1    1    1    1  6.95471E+14 0.00365 
   48   48    1    1    1    1    1    1    1    1  9.56790E+14 0.00347 
   49   49    1    1    1    1    1    1    1    1  9.01865E+14 0.00333 
   50   50    1    1    1    1    1    1    1    1  1.35647E+15 0.00391 
   51   51    1    1    1    1    1    1    1    1  1.08219E+15 0.00444 
   52   52    1    1    1    1    1    1    1    1  1.21770E+15 0.00410 
   53   53    1    1    1    1    1    1    1    1  8.57248E+14 0.00408 
   54   54    1    1    1    1    1    1    1    1  1.01579E+15 0.00415 
   55   55    1    1    1    1    1    1    1    1  7.10909E+14 0.00421 
   56   56    1    1    1    1    1    1    1    1  9.81886E+13 0.00491 
   57   57    1    1    1    1    1    1    1    1  1.39111E+15 0.00409 
   58   58    1    1    1    1    1    1    1    1  5.93224E+14 0.00393 
   59   59    1    1    1    1    1    1    1    1  6.40484E+14 0.00412 
   60   60    1    1    1    1    1    1    1    1  4.88234E+14 0.00428 
   61   61    1    1    1    1    1    1    1    1  4.90064E+14 0.00386 
   62   62    1    1    1    1    1    1    1    1  4.98075E+14 0.00426 
   63   63    1    1    1    1    1    1    1    1  4.11988E+14 0.00459 
   64   64    1    1    1    1    1    1    1    1  3.25597E+14 0.00397 
   65   65    1    1    1    1    1    1    1    1  3.19302E+14 0.00435 
   66   66    1    1    1    1    1    1    1    1  2.40662E+14 0.00443 
   67   67    1    1    1    1    1    1    1    1  1.98491E+14 0.00447 
   68   68    1    1    1    1    1    1    1    1  1.77064E+14 0.00480 
   69   69    1    1    1    1    1    1    1    1  2.13030E+14 0.00519 
   70   70    1    1    1    1    1    1    1    1  1.82298E+14 0.00447 
   71   71    1    1    1    1    1    1    1    1  3.43628E+14 0.00467 
   72   72    1    1    1    1    1    1    1    1  2.46972E+14 0.00541 
   73   73    1    1    1    1    1    1    1    1  1.86255E+14 0.00618 
   74   74    1    1    1    1    1    1    1    1  1.46844E+14 0.00518 
   75   75    1    1    1    1    1    1    1    1  1.18716E+14 0.00534 
   76   76    1    1    1    1    1    1    1    1  1.33905E+14 0.00616 
   77   77    1    1    1    1    1    1    1    1  1.02739E+14 0.00473 
   78   78    1    1    1    1    1    1    1    1  7.95509E+13 0.00432 
   79   79    1    1    1    1    1    1    1    1  8.12884E+13 0.00479 
   80   80    1    1    1    1    1    1    1    1  5.94174E+13 0.00635 
   81   81    1    1    1    1    1    1    1    1  4.60058E+13 0.00703 
   82   82    1    1    1    1    1    1    1    1  3.51392E+13 0.00771 
   83   83    1    1    1    1    1    1    1    1  3.26597E+13 0.00560 
   84   84    1    1    1    1    1    1    1    1  2.32503E+13 0.00857 
   85   85    1    1    1    1    1    1    1    1  1.70440E+13 0.00701 
   86   86    1    1    1    1    1    1    1    1  1.56334E+13 0.00813 
   87   87    1    1    1    1    1    1    1    1  9.77816E+12 0.01198 
   88   88    1    1    1    1    1    1    1    1  6.67190E+12 0.01353 
   89   89    1    1    1    1    1    1    1    1  3.84594E+12 0.01522 
   90   90    1    1    1    1    1    1    1    1  2.52478E+12 0.01694 
   91   91    1    1    1    1    1    1    1    1  1.31499E+12 0.02692 
   92   92    1    1    1    1    1    1    1    1  6.55902E+11 0.03925 
   93   93    1    1    1    1    1    1    1    1  2.99419E+11 0.04015 
   94   94    1    1    1    1    1    1    1    1  1.49331E+11 0.04926 
   95   95    1    1    1    1    1    1    1    1  7.33371E+10 0.11804 
   96   96    1    1    1    1    1    1    1    1  4.27524E+10 0.17464 
   97   97    1    1    1    1    1    1    1    1  1.68154E+10 0.17800 
   98   98    1    1    1    1    1    1    1    1  8.90897E+09 0.28529 
   99   99    1    1    1    1    1    1    1    1  7.07971E+09 0.43317 
  100  100    1    1    1    1    1    1    1    1  2.74539E+09 0.58743 
];


