
DETdpaspec = [
    1    1    1    1    1    1    1    1    1    1  0.00000E+00 0.00000 
    2    2    1    1    1    1    1    1    1    1  0.00000E+00 0.00000 
    3    3    1    1    1    1    1    1    1    1  0.00000E+00 0.00000 
    4    4    1    1    1    1    1    1    1    1  0.00000E+00 0.00000 
    5    5    1    1    1    1    1    1    1    1  0.00000E+00 0.00000 
    6    6    1    1    1    1    1    1    1    1  0.00000E+00 0.00000 
    7    7    1    1    1    1    1    1    1    1  0.00000E+00 0.00000 
    8    8    1    1    1    1    1    1    1    1  0.00000E+00 0.00000 
    9    9    1    1    1    1    1    1    1    1  0.00000E+00 0.00000 
   10   10    1    1    1    1    1    1    1    1  0.00000E+00 0.00000 
   11   11    1    1    1    1    1    1    1    1  0.00000E+00 0.00000 
   12   12    1    1    1    1    1    1    1    1  0.00000E+00 0.00000 
   13   13    1    1    1    1    1    1    1    1  0.00000E+00 0.00000 
   14   14    1    1    1    1    1    1    1    1  0.00000E+00 0.00000 
   15   15    1    1    1    1    1    1    1    1  0.00000E+00 0.00000 
   16   16    1    1    1    1    1    1    1    1  0.00000E+00 0.00000 
   17   17    1    1    1    1    1    1    1    1  0.00000E+00 0.00000 
   18   18    1    1    1    1    1    1    1    1  0.00000E+00 0.00000 
   19   19    1    1    1    1    1    1    1    1  3.80005E+09 0.06622 
   20   20    1    1    1    1    1    1    1    1  1.12688E+09 0.04593 
   21   21    1    1    1    1    1    1    1    1  5.58827E+09 0.02775 
   22   22    1    1    1    1    1    1    1    1  1.26904E+10 0.01657 
   23   23    1    1    1    1    1    1    1    1  5.49523E+10 0.00803 
   24   24    1    1    1    1    1    1    1    1  1.71348E+11 0.00430 
   25   25    1    1    1    1    1    1    1    1  3.58585E+11 0.00326 
   26   26    1    1    1    1    1    1    1    1  5.02267E+11 0.00190 
   27   27    1    1    1    1    1    1    1    1  8.56303E+11 0.00202 
   28   28    1    1    1    1    1    1    1    1  1.31118E+12 0.00130 
   29   29    1    1    1    1    1    1    1    1  2.19544E+12 0.00117 
   30   30    1    1    1    1    1    1    1    1  2.79505E+12 0.00074 
   31   31    1    1    1    1    1    1    1    1  4.32239E+12 0.00076 
   32   32    1    1    1    1    1    1    1    1  7.24932E+12 0.00073 
   33   33    1    1    1    1    1    1    1    1  8.51362E+12 0.00059 
   34   34    1    1    1    1    1    1    1    1  1.35932E+13 0.00050 
   35   35    1    1    1    1    1    1    1    1  1.44285E+13 0.00049 
   36   36    1    1    1    1    1    1    1    1  1.62122E+13 0.00034 
   37   37    1    1    1    1    1    1    1    1  1.26779E+13 0.00030 
   38   38    1    1    1    1    1    1    1    1  3.75501E+12 0.00035 
   39   39    1    1    1    1    1    1    1    1  1.70685E+13 0.00032 
   40   40    1    1    1    1    1    1    1    1  1.90794E+13 0.00026 
   41   41    1    1    1    1    1    1    1    1  3.11076E+13 0.00021 
   42   42    1    1    1    1    1    1    1    1  2.73385E+13 0.00020 
   43   43    1    1    1    1    1    1    1    1  4.57141E+13 0.00020 
   44   44    1    1    1    1    1    1    1    1  4.65226E+13 0.00022 
   45   45    1    1    1    1    1    1    1    1  5.70031E+13 0.00022 
   46   46    1    1    1    1    1    1    1    1  9.25308E+13 0.00018 
   47   47    1    1    1    1    1    1    1    1  5.14917E+13 0.00017 
   48   48    1    1    1    1    1    1    1    1  6.70443E+13 0.00015 
   49   49    1    1    1    1    1    1    1    1  9.23743E+13 0.00016 
   50   50    1    1    1    1    1    1    1    1  7.80536E+13 0.00017 
   51   51    1    1    1    1    1    1    1    1  1.19253E+14 0.00014 
   52   52    1    1    1    1    1    1    1    1  9.06227E+13 0.00016 
   53   53    1    1    1    1    1    1    1    1  1.00808E+14 0.00016 
   54   54    1    1    1    1    1    1    1    1  7.21134E+13 0.00017 
   55   55    1    1    1    1    1    1    1    1  8.77731E+13 0.00017 
   56   56    1    1    1    1    1    1    1    1  6.30008E+13 0.00015 
   57   57    1    1    1    1    1    1    1    1  8.70522E+12 0.00033 
   58   58    1    1    1    1    1    1    1    1  1.19284E+14 0.00015 
   59   59    1    1    1    1    1    1    1    1  5.28501E+13 0.00021 
   60   60    1    1    1    1    1    1    1    1  5.71534E+13 0.00020 
   61   61    1    1    1    1    1    1    1    1  4.67323E+13 0.00027 
   62   62    1    1    1    1    1    1    1    1  4.65486E+13 0.00022 
   63   63    1    1    1    1    1    1    1    1  4.57322E+13 0.00024 
   64   64    1    1    1    1    1    1    1    1  3.80596E+13 0.00028 
   65   65    1    1    1    1    1    1    1    1  2.96302E+13 0.00032 
   66   66    1    1    1    1    1    1    1    1  2.83021E+13 0.00031 
   67   67    1    1    1    1    1    1    1    1  2.41032E+13 0.00032 
   68   68    1    1    1    1    1    1    1    1  1.97762E+13 0.00035 
   69   69    1    1    1    1    1    1    1    1  1.71359E+13 0.00037 
   70   70    1    1    1    1    1    1    1    1  2.09735E+13 0.00040 
   71   71    1    1    1    1    1    1    1    1  1.79272E+13 0.00051 
   72   72    1    1    1    1    1    1    1    1  3.29829E+13 0.00028 
   73   73    1    1    1    1    1    1    1    1  2.40349E+13 0.00040 
   74   74    1    1    1    1    1    1    1    1  1.88095E+13 0.00038 
   75   75    1    1    1    1    1    1    1    1  1.55189E+13 0.00041 
   76   76    1    1    1    1    1    1    1    1  1.28211E+13 0.00051 
   77   77    1    1    1    1    1    1    1    1  1.47435E+13 0.00044 
   78   78    1    1    1    1    1    1    1    1  1.16294E+13 0.00058 
   79   79    1    1    1    1    1    1    1    1  8.88766E+12 0.00057 
   80   80    1    1    1    1    1    1    1    1  9.30006E+12 0.00060 
   81   81    1    1    1    1    1    1    1    1  7.00574E+12 0.00060 
   82   82    1    1    1    1    1    1    1    1  5.45667E+12 0.00081 
   83   83    1    1    1    1    1    1    1    1  4.21857E+12 0.00082 
   84   84    1    1    1    1    1    1    1    1  3.94741E+12 0.00099 
   85   85    1    1    1    1    1    1    1    1  2.83371E+12 0.00116 
   86   86    1    1    1    1    1    1    1    1  2.05302E+12 0.00151 
   87   87    1    1    1    1    1    1    1    1  1.92336E+12 0.00129 
   88   88    1    1    1    1    1    1    1    1  1.18028E+12 0.00177 
   89   89    1    1    1    1    1    1    1    1  7.94939E+11 0.00234 
   90   90    1    1    1    1    1    1    1    1  4.54810E+11 0.00314 
   91   91    1    1    1    1    1    1    1    1  5.70250E+11 0.00250 
   92   92    1    1    1    1    1    1    1    1  0.00000E+00 0.00000 
   93   93    1    1    1    1    1    1    1    1  0.00000E+00 0.00000 
   94   94    1    1    1    1    1    1    1    1  0.00000E+00 0.00000 
   95   95    1    1    1    1    1    1    1    1  0.00000E+00 0.00000 
   96   96    1    1    1    1    1    1    1    1  0.00000E+00 0.00000 
   97   97    1    1    1    1    1    1    1    1  0.00000E+00 0.00000 
   98   98    1    1    1    1    1    1    1    1  0.00000E+00 0.00000 
   99   99    1    1    1    1    1    1    1    1  0.00000E+00 0.00000 
  100  100    1    1    1    1    1    1    1    1  0.00000E+00 0.00000 
];


