
DETdpaspec = [
    1    1    1    1    1    1    1    1    1    1  0.00000E+00 0.00000 
    2    2    1    1    1    1    1    1    1    1  0.00000E+00 0.00000 
    3    3    1    1    1    1    1    1    1    1  0.00000E+00 0.00000 
    4    4    1    1    1    1    1    1    1    1  0.00000E+00 0.00000 
    5    5    1    1    1    1    1    1    1    1  0.00000E+00 0.00000 
    6    6    1    1    1    1    1    1    1    1  0.00000E+00 0.00000 
    7    7    1    1    1    1    1    1    1    1  0.00000E+00 0.00000 
    8    8    1    1    1    1    1    1    1    1  0.00000E+00 0.00000 
    9    9    1    1    1    1    1    1    1    1  0.00000E+00 0.00000 
   10   10    1    1    1    1    1    1    1    1  0.00000E+00 0.00000 
   11   11    1    1    1    1    1    1    1    1  0.00000E+00 0.00000 
   12   12    1    1    1    1    1    1    1    1  0.00000E+00 0.00000 
   13   13    1    1    1    1    1    1    1    1  0.00000E+00 0.00000 
   14   14    1    1    1    1    1    1    1    1  0.00000E+00 0.00000 
   15   15    1    1    1    1    1    1    1    1  0.00000E+00 0.00000 
   16   16    1    1    1    1    1    1    1    1  0.00000E+00 0.00000 
   17   17    1    1    1    1    1    1    1    1  0.00000E+00 0.00000 
   18   18    1    1    1    1    1    1    1    1  0.00000E+00 0.00000 
   19   19    1    1    1    1    1    1    1    1  6.65562E+09 0.02390 
   20   20    1    1    1    1    1    1    1    1  1.31623E+09 0.02513 
   21   21    1    1    1    1    1    1    1    1  3.99636E+09 0.02416 
   22   22    1    1    1    1    1    1    1    1  3.48375E+09 0.01738 
   23   23    1    1    1    1    1    1    1    1  9.90785E+09 0.01569 
   24   24    1    1    1    1    1    1    1    1  1.87997E+10 0.01014 
   25   25    1    1    1    1    1    1    1    1  3.85176E+10 0.00864 
   26   26    1    1    1    1    1    1    1    1  6.30228E+10 0.00637 
   27   27    1    1    1    1    1    1    1    1  1.31943E+11 0.00365 
   28   28    1    1    1    1    1    1    1    1  2.60456E+11 0.00276 
   29   29    1    1    1    1    1    1    1    1  5.39329E+11 0.00183 
   30   30    1    1    1    1    1    1    1    1  7.00058E+11 0.00133 
   31   31    1    1    1    1    1    1    1    1  1.55747E+12 0.00129 
   32   32    1    1    1    1    1    1    1    1  3.24518E+12 0.00083 
   33   33    1    1    1    1    1    1    1    1  4.32373E+12 0.00082 
   34   34    1    1    1    1    1    1    1    1  7.91206E+12 0.00071 
   35   35    1    1    1    1    1    1    1    1  8.34835E+12 0.00059 
   36   36    1    1    1    1    1    1    1    1  1.15010E+13 0.00040 
   37   37    1    1    1    1    1    1    1    1  9.84741E+12 0.00035 
   38   38    1    1    1    1    1    1    1    1  3.10171E+12 0.00039 
   39   39    1    1    1    1    1    1    1    1  1.37504E+13 0.00036 
   40   40    1    1    1    1    1    1    1    1  1.57975E+13 0.00035 
   41   41    1    1    1    1    1    1    1    1  2.57067E+13 0.00030 
   42   42    1    1    1    1    1    1    1    1  2.40665E+13 0.00028 
   43   43    1    1    1    1    1    1    1    1  4.01326E+13 0.00020 
   44   44    1    1    1    1    1    1    1    1  4.17094E+13 0.00034 
   45   45    1    1    1    1    1    1    1    1  5.19405E+13 0.00023 
   46   46    1    1    1    1    1    1    1    1  8.60106E+13 0.00025 
   47   47    1    1    1    1    1    1    1    1  4.87066E+13 0.00020 
   48   48    1    1    1    1    1    1    1    1  6.52403E+13 0.00015 
   49   49    1    1    1    1    1    1    1    1  9.07792E+13 0.00016 
   50   50    1    1    1    1    1    1    1    1  7.90898E+13 0.00019 
   51   51    1    1    1    1    1    1    1    1  1.20245E+14 0.00013 
   52   52    1    1    1    1    1    1    1    1  9.43269E+13 0.00017 
   53   53    1    1    1    1    1    1    1    1  1.04251E+14 0.00015 
   54   54    1    1    1    1    1    1    1    1  7.57347E+13 0.00015 
   55   55    1    1    1    1    1    1    1    1  9.12747E+13 0.00018 
   56   56    1    1    1    1    1    1    1    1  6.63057E+13 0.00018 
   57   57    1    1    1    1    1    1    1    1  9.24505E+12 0.00041 
   58   58    1    1    1    1    1    1    1    1  1.26866E+14 0.00016 
   59   59    1    1    1    1    1    1    1    1  5.51917E+13 0.00023 
   60   60    1    1    1    1    1    1    1    1  6.09127E+13 0.00025 
   61   61    1    1    1    1    1    1    1    1  4.91335E+13 0.00024 
   62   62    1    1    1    1    1    1    1    1  4.92572E+13 0.00020 
   63   63    1    1    1    1    1    1    1    1  4.84183E+13 0.00026 
   64   64    1    1    1    1    1    1    1    1  4.03231E+13 0.00026 
   65   65    1    1    1    1    1    1    1    1  3.15424E+13 0.00030 
   66   66    1    1    1    1    1    1    1    1  3.05005E+13 0.00032 
   67   67    1    1    1    1    1    1    1    1  2.59490E+13 0.00037 
   68   68    1    1    1    1    1    1    1    1  2.15420E+13 0.00038 
   69   69    1    1    1    1    1    1    1    1  1.88198E+13 0.00048 
   70   70    1    1    1    1    1    1    1    1  2.30864E+13 0.00043 
   71   71    1    1    1    1    1    1    1    1  1.99118E+13 0.00055 
   72   72    1    1    1    1    1    1    1    1  3.79357E+13 0.00035 
   73   73    1    1    1    1    1    1    1    1  2.82104E+13 0.00045 
   74   74    1    1    1    1    1    1    1    1  2.21784E+13 0.00041 
   75   75    1    1    1    1    1    1    1    1  1.80085E+13 0.00049 
   76   76    1    1    1    1    1    1    1    1  1.46350E+13 0.00052 
   77   77    1    1    1    1    1    1    1    1  1.65955E+13 0.00042 
   78   78    1    1    1    1    1    1    1    1  1.28454E+13 0.00045 
   79   79    1    1    1    1    1    1    1    1  9.70199E+12 0.00055 
   80   80    1    1    1    1    1    1    1    1  1.00242E+13 0.00072 
   81   81    1    1    1    1    1    1    1    1  7.50464E+12 0.00068 
   82   82    1    1    1    1    1    1    1    1  5.79820E+12 0.00076 
   83   83    1    1    1    1    1    1    1    1  4.48549E+12 0.00086 
   84   84    1    1    1    1    1    1    1    1  4.19842E+12 0.00095 
   85   85    1    1    1    1    1    1    1    1  3.02404E+12 0.00092 
   86   86    1    1    1    1    1    1    1    1  2.17704E+12 0.00127 
   87   87    1    1    1    1    1    1    1    1  2.04279E+12 0.00144 
   88   88    1    1    1    1    1    1    1    1  1.26289E+12 0.00164 
   89   89    1    1    1    1    1    1    1    1  8.57870E+11 0.00213 
   90   90    1    1    1    1    1    1    1    1  4.97430E+11 0.00280 
   91   91    1    1    1    1    1    1    1    1  6.33639E+11 0.00253 
   92   92    1    1    1    1    1    1    1    1  0.00000E+00 0.00000 
   93   93    1    1    1    1    1    1    1    1  0.00000E+00 0.00000 
   94   94    1    1    1    1    1    1    1    1  0.00000E+00 0.00000 
   95   95    1    1    1    1    1    1    1    1  0.00000E+00 0.00000 
   96   96    1    1    1    1    1    1    1    1  0.00000E+00 0.00000 
   97   97    1    1    1    1    1    1    1    1  0.00000E+00 0.00000 
   98   98    1    1    1    1    1    1    1    1  0.00000E+00 0.00000 
   99   99    1    1    1    1    1    1    1    1  0.00000E+00 0.00000 
  100  100    1    1    1    1    1    1    1    1  0.00000E+00 0.00000 
];


