
DETdpaspec = [
    1    1    1    1    1    1    1    1    1    1  0.00000E+00 0.00000 
    2    2    1    1    1    1    1    1    1    1  0.00000E+00 0.00000 
    3    3    1    1    1    1    1    1    1    1  0.00000E+00 0.00000 
    4    4    1    1    1    1    1    1    1    1  0.00000E+00 0.00000 
    5    5    1    1    1    1    1    1    1    1  0.00000E+00 0.00000 
    6    6    1    1    1    1    1    1    1    1  0.00000E+00 0.00000 
    7    7    1    1    1    1    1    1    1    1  0.00000E+00 0.00000 
    8    8    1    1    1    1    1    1    1    1  0.00000E+00 0.00000 
    9    9    1    1    1    1    1    1    1    1  0.00000E+00 0.00000 
   10   10    1    1    1    1    1    1    1    1  0.00000E+00 0.00000 
   11   11    1    1    1    1    1    1    1    1  0.00000E+00 0.00000 
   12   12    1    1    1    1    1    1    1    1  0.00000E+00 0.00000 
   13   13    1    1    1    1    1    1    1    1  0.00000E+00 0.00000 
   14   14    1    1    1    1    1    1    1    1  0.00000E+00 0.00000 
   15   15    1    1    1    1    1    1    1    1  0.00000E+00 0.00000 
   16   16    1    1    1    1    1    1    1    1  0.00000E+00 0.00000 
   17   17    1    1    1    1    1    1    1    1  0.00000E+00 0.00000 
   18   18    1    1    1    1    1    1    1    1  0.00000E+00 0.00000 
   19   19    1    1    1    1    1    1    1    1  6.15883E+09 0.02521 
   20   20    1    1    1    1    1    1    1    1  1.28270E+09 0.02593 
   21   21    1    1    1    1    1    1    1    1  3.64160E+09 0.02667 
   22   22    1    1    1    1    1    1    1    1  3.06341E+09 0.02232 
   23   23    1    1    1    1    1    1    1    1  8.64721E+09 0.01538 
   24   24    1    1    1    1    1    1    1    1  1.79131E+10 0.01144 
   25   25    1    1    1    1    1    1    1    1  3.73075E+10 0.00846 
   26   26    1    1    1    1    1    1    1    1  6.16564E+10 0.00742 
   27   27    1    1    1    1    1    1    1    1  1.30849E+11 0.00438 
   28   28    1    1    1    1    1    1    1    1  2.57858E+11 0.00298 
   29   29    1    1    1    1    1    1    1    1  5.38707E+11 0.00182 
   30   30    1    1    1    1    1    1    1    1  7.05952E+11 0.00187 
   31   31    1    1    1    1    1    1    1    1  1.54995E+12 0.00140 
   32   32    1    1    1    1    1    1    1    1  3.23158E+12 0.00102 
   33   33    1    1    1    1    1    1    1    1  4.30564E+12 0.00089 
   34   34    1    1    1    1    1    1    1    1  7.88374E+12 0.00054 
   35   35    1    1    1    1    1    1    1    1  8.36846E+12 0.00046 
   36   36    1    1    1    1    1    1    1    1  1.14503E+13 0.00053 
   37   37    1    1    1    1    1    1    1    1  9.78907E+12 0.00035 
   38   38    1    1    1    1    1    1    1    1  3.07829E+12 0.00038 
   39   39    1    1    1    1    1    1    1    1  1.36724E+13 0.00032 
   40   40    1    1    1    1    1    1    1    1  1.57191E+13 0.00031 
   41   41    1    1    1    1    1    1    1    1  2.56547E+13 0.00028 
   42   42    1    1    1    1    1    1    1    1  2.39490E+13 0.00030 
   43   43    1    1    1    1    1    1    1    1  4.00339E+13 0.00031 
   44   44    1    1    1    1    1    1    1    1  4.16070E+13 0.00025 
   45   45    1    1    1    1    1    1    1    1  5.18363E+13 0.00024 
   46   46    1    1    1    1    1    1    1    1  8.59203E+13 0.00021 
   47   47    1    1    1    1    1    1    1    1  4.86896E+13 0.00019 
   48   48    1    1    1    1    1    1    1    1  6.51289E+13 0.00018 
   49   49    1    1    1    1    1    1    1    1  9.07190E+13 0.00018 
   50   50    1    1    1    1    1    1    1    1  7.89476E+13 0.00021 
   51   51    1    1    1    1    1    1    1    1  1.20156E+14 0.00016 
   52   52    1    1    1    1    1    1    1    1  9.41500E+13 0.00015 
   53   53    1    1    1    1    1    1    1    1  1.04198E+14 0.00018 
   54   54    1    1    1    1    1    1    1    1  7.56665E+13 0.00016 
   55   55    1    1    1    1    1    1    1    1  9.13002E+13 0.00017 
   56   56    1    1    1    1    1    1    1    1  6.63156E+13 0.00016 
   57   57    1    1    1    1    1    1    1    1  9.24532E+12 0.00043 
   58   58    1    1    1    1    1    1    1    1  1.26854E+14 0.00015 
   59   59    1    1    1    1    1    1    1    1  5.52897E+13 0.00023 
   60   60    1    1    1    1    1    1    1    1  6.09465E+13 0.00024 
   61   61    1    1    1    1    1    1    1    1  4.92214E+13 0.00018 
   62   62    1    1    1    1    1    1    1    1  4.93508E+13 0.00027 
   63   63    1    1    1    1    1    1    1    1  4.85270E+13 0.00024 
   64   64    1    1    1    1    1    1    1    1  4.04488E+13 0.00032 
   65   65    1    1    1    1    1    1    1    1  3.16460E+13 0.00032 
   66   66    1    1    1    1    1    1    1    1  3.05747E+13 0.00026 
   67   67    1    1    1    1    1    1    1    1  2.60293E+13 0.00026 
   68   68    1    1    1    1    1    1    1    1  2.15917E+13 0.00032 
   69   69    1    1    1    1    1    1    1    1  1.88609E+13 0.00039 
   70   70    1    1    1    1    1    1    1    1  2.31393E+13 0.00034 
   71   71    1    1    1    1    1    1    1    1  1.99641E+13 0.00041 
   72   72    1    1    1    1    1    1    1    1  3.79511E+13 0.00042 
   73   73    1    1    1    1    1    1    1    1  2.82094E+13 0.00031 
   74   74    1    1    1    1    1    1    1    1  2.21771E+13 0.00034 
   75   75    1    1    1    1    1    1    1    1  1.80335E+13 0.00039 
   76   76    1    1    1    1    1    1    1    1  1.46686E+13 0.00051 
   77   77    1    1    1    1    1    1    1    1  1.66604E+13 0.00044 
   78   78    1    1    1    1    1    1    1    1  1.29115E+13 0.00039 
   79   79    1    1    1    1    1    1    1    1  9.75657E+12 0.00059 
   80   80    1    1    1    1    1    1    1    1  1.00871E+13 0.00053 
   81   81    1    1    1    1    1    1    1    1  7.56037E+12 0.00068 
   82   82    1    1    1    1    1    1    1    1  5.85676E+12 0.00079 
   83   83    1    1    1    1    1    1    1    1  4.53344E+12 0.00090 
   84   84    1    1    1    1    1    1    1    1  4.23364E+12 0.00091 
   85   85    1    1    1    1    1    1    1    1  3.04349E+12 0.00099 
   86   86    1    1    1    1    1    1    1    1  2.19692E+12 0.00144 
   87   87    1    1    1    1    1    1    1    1  2.05686E+12 0.00117 
   88   88    1    1    1    1    1    1    1    1  1.27407E+12 0.00193 
   89   89    1    1    1    1    1    1    1    1  8.64537E+11 0.00233 
   90   90    1    1    1    1    1    1    1    1  5.01923E+11 0.00274 
   91   91    1    1    1    1    1    1    1    1  6.38219E+11 0.00242 
   92   92    1    1    1    1    1    1    1    1  0.00000E+00 0.00000 
   93   93    1    1    1    1    1    1    1    1  0.00000E+00 0.00000 
   94   94    1    1    1    1    1    1    1    1  0.00000E+00 0.00000 
   95   95    1    1    1    1    1    1    1    1  0.00000E+00 0.00000 
   96   96    1    1    1    1    1    1    1    1  0.00000E+00 0.00000 
   97   97    1    1    1    1    1    1    1    1  0.00000E+00 0.00000 
   98   98    1    1    1    1    1    1    1    1  0.00000E+00 0.00000 
   99   99    1    1    1    1    1    1    1    1  0.00000E+00 0.00000 
  100  100    1    1    1    1    1    1    1    1  0.00000E+00 0.00000 
];


