
DETdpaspec = [
    1    1    1    1    1    1    1    1    1    1  0.00000E+00 0.00000 
    2    2    1    1    1    1    1    1    1    1  0.00000E+00 0.00000 
    3    3    1    1    1    1    1    1    1    1  0.00000E+00 0.00000 
    4    4    1    1    1    1    1    1    1    1  0.00000E+00 0.00000 
    5    5    1    1    1    1    1    1    1    1  0.00000E+00 0.00000 
    6    6    1    1    1    1    1    1    1    1  0.00000E+00 0.00000 
    7    7    1    1    1    1    1    1    1    1  0.00000E+00 0.00000 
    8    8    1    1    1    1    1    1    1    1  0.00000E+00 0.00000 
    9    9    1    1    1    1    1    1    1    1  0.00000E+00 0.00000 
   10   10    1    1    1    1    1    1    1    1  0.00000E+00 0.00000 
   11   11    1    1    1    1    1    1    1    1  0.00000E+00 0.00000 
   12   12    1    1    1    1    1    1    1    1  0.00000E+00 0.00000 
   13   13    1    1    1    1    1    1    1    1  0.00000E+00 0.00000 
   14   14    1    1    1    1    1    1    1    1  0.00000E+00 0.00000 
   15   15    1    1    1    1    1    1    1    1  0.00000E+00 0.00000 
   16   16    1    1    1    1    1    1    1    1  0.00000E+00 0.00000 
   17   17    1    1    1    1    1    1    1    1  0.00000E+00 0.00000 
   18   18    1    1    1    1    1    1    1    1  0.00000E+00 0.00000 
   19   19    1    1    1    1    1    1    1    1  3.63264E+09 0.06538 
   20   20    1    1    1    1    1    1    1    1  1.12493E+09 0.04010 
   21   21    1    1    1    1    1    1    1    1  5.63662E+09 0.02424 
   22   22    1    1    1    1    1    1    1    1  1.17631E+10 0.01698 
   23   23    1    1    1    1    1    1    1    1  5.10863E+10 0.00660 
   24   24    1    1    1    1    1    1    1    1  1.62090E+11 0.00377 
   25   25    1    1    1    1    1    1    1    1  3.43118E+11 0.00299 
   26   26    1    1    1    1    1    1    1    1  4.83933E+11 0.00238 
   27   27    1    1    1    1    1    1    1    1  8.24413E+11 0.00177 
   28   28    1    1    1    1    1    1    1    1  1.26875E+12 0.00145 
   29   29    1    1    1    1    1    1    1    1  2.13729E+12 0.00118 
   30   30    1    1    1    1    1    1    1    1  2.73134E+12 0.00123 
   31   31    1    1    1    1    1    1    1    1  4.24114E+12 0.00092 
   32   32    1    1    1    1    1    1    1    1  7.15252E+12 0.00071 
   33   33    1    1    1    1    1    1    1    1  8.40625E+12 0.00053 
   34   34    1    1    1    1    1    1    1    1  1.34501E+13 0.00044 
   35   35    1    1    1    1    1    1    1    1  1.42900E+13 0.00045 
   36   36    1    1    1    1    1    1    1    1  1.61041E+13 0.00032 
   37   37    1    1    1    1    1    1    1    1  1.26072E+13 0.00025 
   38   38    1    1    1    1    1    1    1    1  3.73858E+12 0.00032 
   39   39    1    1    1    1    1    1    1    1  1.69981E+13 0.00030 
   40   40    1    1    1    1    1    1    1    1  1.89955E+13 0.00031 
   41   41    1    1    1    1    1    1    1    1  3.09646E+13 0.00022 
   42   42    1    1    1    1    1    1    1    1  2.72497E+13 0.00031 
   43   43    1    1    1    1    1    1    1    1  4.55551E+13 0.00025 
   44   44    1    1    1    1    1    1    1    1  4.64047E+13 0.00023 
   45   45    1    1    1    1    1    1    1    1  5.68821E+13 0.00021 
   46   46    1    1    1    1    1    1    1    1  9.23979E+13 0.00016 
   47   47    1    1    1    1    1    1    1    1  5.14097E+13 0.00018 
   48   48    1    1    1    1    1    1    1    1  6.69825E+13 0.00020 
   49   49    1    1    1    1    1    1    1    1  9.23276E+13 0.00016 
   50   50    1    1    1    1    1    1    1    1  7.80245E+13 0.00017 
   51   51    1    1    1    1    1    1    1    1  1.19288E+14 0.00016 
   52   52    1    1    1    1    1    1    1    1  9.06602E+13 0.00018 
   53   53    1    1    1    1    1    1    1    1  1.00863E+14 0.00014 
   54   54    1    1    1    1    1    1    1    1  7.21713E+13 0.00018 
   55   55    1    1    1    1    1    1    1    1  8.78708E+13 0.00018 
   56   56    1    1    1    1    1    1    1    1  6.30527E+13 0.00021 
   57   57    1    1    1    1    1    1    1    1  8.71825E+12 0.00031 
   58   58    1    1    1    1    1    1    1    1  1.19481E+14 0.00017 
   59   59    1    1    1    1    1    1    1    1  5.29316E+13 0.00021 
   60   60    1    1    1    1    1    1    1    1  5.72532E+13 0.00022 
   61   61    1    1    1    1    1    1    1    1  4.68265E+13 0.00022 
   62   62    1    1    1    1    1    1    1    1  4.66582E+13 0.00023 
   63   63    1    1    1    1    1    1    1    1  4.58464E+13 0.00023 
   64   64    1    1    1    1    1    1    1    1  3.81479E+13 0.00033 
   65   65    1    1    1    1    1    1    1    1  2.97111E+13 0.00029 
   66   66    1    1    1    1    1    1    1    1  2.83751E+13 0.00027 
   67   67    1    1    1    1    1    1    1    1  2.41494E+13 0.00037 
   68   68    1    1    1    1    1    1    1    1  1.98290E+13 0.00034 
   69   69    1    1    1    1    1    1    1    1  1.71920E+13 0.00043 
   70   70    1    1    1    1    1    1    1    1  2.10146E+13 0.00027 
   71   71    1    1    1    1    1    1    1    1  1.79865E+13 0.00041 
   72   72    1    1    1    1    1    1    1    1  3.30781E+13 0.00039 
   73   73    1    1    1    1    1    1    1    1  2.41317E+13 0.00037 
   74   74    1    1    1    1    1    1    1    1  1.88674E+13 0.00038 
   75   75    1    1    1    1    1    1    1    1  1.55597E+13 0.00044 
   76   76    1    1    1    1    1    1    1    1  1.28496E+13 0.00048 
   77   77    1    1    1    1    1    1    1    1  1.48090E+13 0.00047 
   78   78    1    1    1    1    1    1    1    1  1.16693E+13 0.00036 
   79   79    1    1    1    1    1    1    1    1  8.92311E+12 0.00065 
   80   80    1    1    1    1    1    1    1    1  9.32857E+12 0.00061 
   81   81    1    1    1    1    1    1    1    1  7.03302E+12 0.00069 
   82   82    1    1    1    1    1    1    1    1  5.46883E+12 0.00077 
   83   83    1    1    1    1    1    1    1    1  4.23929E+12 0.00102 
   84   84    1    1    1    1    1    1    1    1  3.96468E+12 0.00085 
   85   85    1    1    1    1    1    1    1    1  2.85289E+12 0.00100 
   86   86    1    1    1    1    1    1    1    1  2.06038E+12 0.00110 
   87   87    1    1    1    1    1    1    1    1  1.92792E+12 0.00149 
   88   88    1    1    1    1    1    1    1    1  1.18212E+12 0.00129 
   89   89    1    1    1    1    1    1    1    1  7.94421E+11 0.00207 
   90   90    1    1    1    1    1    1    1    1  4.56260E+11 0.00334 
   91   91    1    1    1    1    1    1    1    1  5.71328E+11 0.00282 
   92   92    1    1    1    1    1    1    1    1  0.00000E+00 0.00000 
   93   93    1    1    1    1    1    1    1    1  0.00000E+00 0.00000 
   94   94    1    1    1    1    1    1    1    1  0.00000E+00 0.00000 
   95   95    1    1    1    1    1    1    1    1  0.00000E+00 0.00000 
   96   96    1    1    1    1    1    1    1    1  0.00000E+00 0.00000 
   97   97    1    1    1    1    1    1    1    1  0.00000E+00 0.00000 
   98   98    1    1    1    1    1    1    1    1  0.00000E+00 0.00000 
   99   99    1    1    1    1    1    1    1    1  0.00000E+00 0.00000 
  100  100    1    1    1    1    1    1    1    1  0.00000E+00 0.00000 
];


