
DETdpaspec = [
    1    1    1    1    1    1    1    1    1    1  0.00000E+00 0.00000 
    2    2    1    1    1    1    1    1    1    1  0.00000E+00 0.00000 
    3    3    1    1    1    1    1    1    1    1  0.00000E+00 0.00000 
    4    4    1    1    1    1    1    1    1    1  0.00000E+00 0.00000 
    5    5    1    1    1    1    1    1    1    1  0.00000E+00 0.00000 
    6    6    1    1    1    1    1    1    1    1  0.00000E+00 0.00000 
    7    7    1    1    1    1    1    1    1    1  0.00000E+00 0.00000 
    8    8    1    1    1    1    1    1    1    1  0.00000E+00 0.00000 
    9    9    1    1    1    1    1    1    1    1  0.00000E+00 0.00000 
   10   10    1    1    1    1    1    1    1    1  0.00000E+00 0.00000 
   11   11    1    1    1    1    1    1    1    1  0.00000E+00 0.00000 
   12   12    1    1    1    1    1    1    1    1  0.00000E+00 0.00000 
   13   13    1    1    1    1    1    1    1    1  0.00000E+00 0.00000 
   14   14    1    1    1    1    1    1    1    1  0.00000E+00 0.00000 
   15   15    1    1    1    1    1    1    1    1  0.00000E+00 0.00000 
   16   16    1    1    1    1    1    1    1    1  0.00000E+00 0.00000 
   17   17    1    1    1    1    1    1    1    1  0.00000E+00 0.00000 
   18   18    1    1    1    1    1    1    1    1  0.00000E+00 0.00000 
   19   19    1    1    1    1    1    1    1    1  6.28146E+09 0.02769 
   20   20    1    1    1    1    1    1    1    1  1.30270E+09 0.03562 
   21   21    1    1    1    1    1    1    1    1  3.44833E+09 0.02953 
   22   22    1    1    1    1    1    1    1    1  3.19770E+09 0.02227 
   23   23    1    1    1    1    1    1    1    1  8.94503E+09 0.01650 
   24   24    1    1    1    1    1    1    1    1  1.76175E+10 0.01149 
   25   25    1    1    1    1    1    1    1    1  3.71760E+10 0.00639 
   26   26    1    1    1    1    1    1    1    1  6.16188E+10 0.00602 
   27   27    1    1    1    1    1    1    1    1  1.30235E+11 0.00487 
   28   28    1    1    1    1    1    1    1    1  2.57848E+11 0.00334 
   29   29    1    1    1    1    1    1    1    1  5.36584E+11 0.00213 
   30   30    1    1    1    1    1    1    1    1  7.02876E+11 0.00185 
   31   31    1    1    1    1    1    1    1    1  1.54851E+12 0.00132 
   32   32    1    1    1    1    1    1    1    1  3.23609E+12 0.00098 
   33   33    1    1    1    1    1    1    1    1  4.31605E+12 0.00080 
   34   34    1    1    1    1    1    1    1    1  7.89066E+12 0.00054 
   35   35    1    1    1    1    1    1    1    1  8.36325E+12 0.00055 
   36   36    1    1    1    1    1    1    1    1  1.14673E+13 0.00033 
   37   37    1    1    1    1    1    1    1    1  9.80650E+12 0.00031 
   38   38    1    1    1    1    1    1    1    1  3.08540E+12 0.00036 
   39   39    1    1    1    1    1    1    1    1  1.36963E+13 0.00037 
   40   40    1    1    1    1    1    1    1    1  1.57507E+13 0.00035 
   41   41    1    1    1    1    1    1    1    1  2.56638E+13 0.00034 
   42   42    1    1    1    1    1    1    1    1  2.39884E+13 0.00030 
   43   43    1    1    1    1    1    1    1    1  4.00587E+13 0.00024 
   44   44    1    1    1    1    1    1    1    1  4.16515E+13 0.00026 
   45   45    1    1    1    1    1    1    1    1  5.18676E+13 0.00027 
   46   46    1    1    1    1    1    1    1    1  8.59250E+13 0.00019 
   47   47    1    1    1    1    1    1    1    1  4.87015E+13 0.00019 
   48   48    1    1    1    1    1    1    1    1  6.51473E+13 0.00021 
   49   49    1    1    1    1    1    1    1    1  9.07069E+13 0.00017 
   50   50    1    1    1    1    1    1    1    1  7.90055E+13 0.00021 
   51   51    1    1    1    1    1    1    1    1  1.20188E+14 0.00015 
   52   52    1    1    1    1    1    1    1    1  9.42033E+13 0.00018 
   53   53    1    1    1    1    1    1    1    1  1.04230E+14 0.00015 
   54   54    1    1    1    1    1    1    1    1  7.56906E+13 0.00021 
   55   55    1    1    1    1    1    1    1    1  9.12780E+13 0.00017 
   56   56    1    1    1    1    1    1    1    1  6.62835E+13 0.00018 
   57   57    1    1    1    1    1    1    1    1  9.24701E+12 0.00033 
   58   58    1    1    1    1    1    1    1    1  1.26853E+14 0.00016 
   59   59    1    1    1    1    1    1    1    1  5.52634E+13 0.00020 
   60   60    1    1    1    1    1    1    1    1  6.09492E+13 0.00025 
   61   61    1    1    1    1    1    1    1    1  4.91977E+13 0.00018 
   62   62    1    1    1    1    1    1    1    1  4.93388E+13 0.00023 
   63   63    1    1    1    1    1    1    1    1  4.85042E+13 0.00026 
   64   64    1    1    1    1    1    1    1    1  4.04219E+13 0.00027 
   65   65    1    1    1    1    1    1    1    1  3.16183E+13 0.00031 
   66   66    1    1    1    1    1    1    1    1  3.05750E+13 0.00032 
   67   67    1    1    1    1    1    1    1    1  2.60040E+13 0.00030 
   68   68    1    1    1    1    1    1    1    1  2.15750E+13 0.00030 
   69   69    1    1    1    1    1    1    1    1  1.88467E+13 0.00041 
   70   70    1    1    1    1    1    1    1    1  2.31345E+13 0.00037 
   71   71    1    1    1    1    1    1    1    1  1.99544E+13 0.00049 
   72   72    1    1    1    1    1    1    1    1  3.79411E+13 0.00032 
   73   73    1    1    1    1    1    1    1    1  2.82202E+13 0.00043 
   74   74    1    1    1    1    1    1    1    1  2.21825E+13 0.00047 
   75   75    1    1    1    1    1    1    1    1  1.80176E+13 0.00045 
   76   76    1    1    1    1    1    1    1    1  1.46496E+13 0.00045 
   77   77    1    1    1    1    1    1    1    1  1.66390E+13 0.00043 
   78   78    1    1    1    1    1    1    1    1  1.28761E+13 0.00057 
   79   79    1    1    1    1    1    1    1    1  9.73537E+12 0.00053 
   80   80    1    1    1    1    1    1    1    1  1.00700E+13 0.00073 
   81   81    1    1    1    1    1    1    1    1  7.53753E+12 0.00062 
   82   82    1    1    1    1    1    1    1    1  5.84110E+12 0.00071 
   83   83    1    1    1    1    1    1    1    1  4.51595E+12 0.00098 
   84   84    1    1    1    1    1    1    1    1  4.22474E+12 0.00073 
   85   85    1    1    1    1    1    1    1    1  3.03571E+12 0.00111 
   86   86    1    1    1    1    1    1    1    1  2.18987E+12 0.00142 
   87   87    1    1    1    1    1    1    1    1  2.05301E+12 0.00147 
   88   88    1    1    1    1    1    1    1    1  1.27267E+12 0.00195 
   89   89    1    1    1    1    1    1    1    1  8.62818E+11 0.00210 
   90   90    1    1    1    1    1    1    1    1  4.99769E+11 0.00249 
   91   91    1    1    1    1    1    1    1    1  6.35451E+11 0.00265 
   92   92    1    1    1    1    1    1    1    1  0.00000E+00 0.00000 
   93   93    1    1    1    1    1    1    1    1  0.00000E+00 0.00000 
   94   94    1    1    1    1    1    1    1    1  0.00000E+00 0.00000 
   95   95    1    1    1    1    1    1    1    1  0.00000E+00 0.00000 
   96   96    1    1    1    1    1    1    1    1  0.00000E+00 0.00000 
   97   97    1    1    1    1    1    1    1    1  0.00000E+00 0.00000 
   98   98    1    1    1    1    1    1    1    1  0.00000E+00 0.00000 
   99   99    1    1    1    1    1    1    1    1  0.00000E+00 0.00000 
  100  100    1    1    1    1    1    1    1    1  0.00000E+00 0.00000 
];


