
DETdpaspec = [
    1    1    1    1    1    1    1    1    1    1  0.00000E+00 0.00000 
    2    2    1    1    1    1    1    1    1    1  0.00000E+00 0.00000 
    3    3    1    1    1    1    1    1    1    1  0.00000E+00 0.00000 
    4    4    1    1    1    1    1    1    1    1  0.00000E+00 0.00000 
    5    5    1    1    1    1    1    1    1    1  0.00000E+00 0.00000 
    6    6    1    1    1    1    1    1    1    1  0.00000E+00 0.00000 
    7    7    1    1    1    1    1    1    1    1  0.00000E+00 0.00000 
    8    8    1    1    1    1    1    1    1    1  0.00000E+00 0.00000 
    9    9    1    1    1    1    1    1    1    1  0.00000E+00 0.00000 
   10   10    1    1    1    1    1    1    1    1  0.00000E+00 0.00000 
   11   11    1    1    1    1    1    1    1    1  0.00000E+00 0.00000 
   12   12    1    1    1    1    1    1    1    1  0.00000E+00 0.00000 
   13   13    1    1    1    1    1    1    1    1  0.00000E+00 0.00000 
   14   14    1    1    1    1    1    1    1    1  0.00000E+00 0.00000 
   15   15    1    1    1    1    1    1    1    1  0.00000E+00 0.00000 
   16   16    1    1    1    1    1    1    1    1  0.00000E+00 0.00000 
   17   17    1    1    1    1    1    1    1    1  0.00000E+00 0.00000 
   18   18    1    1    1    1    1    1    1    1  0.00000E+00 0.00000 
   19   19    1    1    1    1    1    1    1    1  3.14293E+09 0.05560 
   20   20    1    1    1    1    1    1    1    1  6.02348E+08 0.05599 
   21   21    1    1    1    1    1    1    1    1  1.87268E+09 0.04948 
   22   22    1    1    1    1    1    1    1    1  2.40259E+09 0.03050 
   23   23    1    1    1    1    1    1    1    1  1.03723E+10 0.01427 
   24   24    1    1    1    1    1    1    1    1  3.69131E+10 0.01017 
   25   25    1    1    1    1    1    1    1    1  9.26901E+10 0.00535 
   26   26    1    1    1    1    1    1    1    1  1.52010E+11 0.00456 
   27   27    1    1    1    1    1    1    1    1  3.00109E+11 0.00277 
   28   28    1    1    1    1    1    1    1    1  5.26534E+11 0.00215 
   29   29    1    1    1    1    1    1    1    1  1.02675E+12 0.00191 
   30   30    1    1    1    1    1    1    1    1  1.39611E+12 0.00140 
   31   31    1    1    1    1    1    1    1    1  2.44681E+12 0.00114 
   32   32    1    1    1    1    1    1    1    1  4.64786E+12 0.00092 
   33   33    1    1    1    1    1    1    1    1  5.82773E+12 0.00067 
   34   34    1    1    1    1    1    1    1    1  9.99286E+12 0.00059 
   35   35    1    1    1    1    1    1    1    1  1.08908E+13 0.00055 
   36   36    1    1    1    1    1    1    1    1  1.31833E+13 0.00045 
   37   37    1    1    1    1    1    1    1    1  1.07638E+13 0.00032 
   38   38    1    1    1    1    1    1    1    1  3.25686E+12 0.00032 
   39   39    1    1    1    1    1    1    1    1  1.48007E+13 0.00032 
   40   40    1    1    1    1    1    1    1    1  1.68000E+13 0.00032 
   41   41    1    1    1    1    1    1    1    1  2.76387E+13 0.00031 
   42   42    1    1    1    1    1    1    1    1  2.48727E+13 0.00028 
   43   43    1    1    1    1    1    1    1    1  4.18717E+13 0.00024 
   44   44    1    1    1    1    1    1    1    1  4.31638E+13 0.00021 
   45   45    1    1    1    1    1    1    1    1  5.35648E+13 0.00025 
   46   46    1    1    1    1    1    1    1    1  8.81400E+13 0.00018 
   47   47    1    1    1    1    1    1    1    1  4.96911E+13 0.00018 
   48   48    1    1    1    1    1    1    1    1  6.53696E+13 0.00020 
   49   49    1    1    1    1    1    1    1    1  9.09020E+13 0.00017 
   50   50    1    1    1    1    1    1    1    1  7.77263E+13 0.00016 
   51   51    1    1    1    1    1    1    1    1  1.19383E+14 0.00017 
   52   52    1    1    1    1    1    1    1    1  9.18684E+13 0.00019 
   53   53    1    1    1    1    1    1    1    1  1.02489E+14 0.00018 
   54   54    1    1    1    1    1    1    1    1  7.38869E+13 0.00019 
   55   55    1    1    1    1    1    1    1    1  9.00937E+13 0.00020 
   56   56    1    1    1    1    1    1    1    1  6.50223E+13 0.00018 
   57   57    1    1    1    1    1    1    1    1  9.01877E+12 0.00033 
   58   58    1    1    1    1    1    1    1    1  1.23920E+14 0.00017 
   59   59    1    1    1    1    1    1    1    1  5.48611E+13 0.00023 
   60   60    1    1    1    1    1    1    1    1  5.97300E+13 0.00023 
   61   61    1    1    1    1    1    1    1    1  4.88641E+13 0.00026 
   62   62    1    1    1    1    1    1    1    1  4.88246E+13 0.00026 
   63   63    1    1    1    1    1    1    1    1  4.80726E+13 0.00024 
   64   64    1    1    1    1    1    1    1    1  4.01034E+13 0.00031 
   65   65    1    1    1    1    1    1    1    1  3.13374E+13 0.00027 
   66   66    1    1    1    1    1    1    1    1  3.00459E+13 0.00031 
   67   67    1    1    1    1    1    1    1    1  2.56365E+13 0.00028 
   68   68    1    1    1    1    1    1    1    1  2.11386E+13 0.00034 
   69   69    1    1    1    1    1    1    1    1  1.83681E+13 0.00037 
   70   70    1    1    1    1    1    1    1    1  2.25467E+13 0.00035 
   71   71    1    1    1    1    1    1    1    1  1.93483E+13 0.00033 
   72   72    1    1    1    1    1    1    1    1  3.59989E+13 0.00037 
   73   73    1    1    1    1    1    1    1    1  2.64281E+13 0.00039 
   74   74    1    1    1    1    1    1    1    1  2.07403E+13 0.00041 
   75   75    1    1    1    1    1    1    1    1  1.70683E+13 0.00045 
   76   76    1    1    1    1    1    1    1    1  1.40859E+13 0.00056 
   77   77    1    1    1    1    1    1    1    1  1.61695E+13 0.00047 
   78   78    1    1    1    1    1    1    1    1  1.27104E+13 0.00054 
   79   79    1    1    1    1    1    1    1    1  9.71648E+12 0.00062 
   80   80    1    1    1    1    1    1    1    1  1.01434E+13 0.00056 
   81   81    1    1    1    1    1    1    1    1  7.64002E+12 0.00066 
   82   82    1    1    1    1    1    1    1    1  5.95392E+12 0.00088 
   83   83    1    1    1    1    1    1    1    1  4.60614E+12 0.00082 
   84   84    1    1    1    1    1    1    1    1  4.31756E+12 0.00100 
   85   85    1    1    1    1    1    1    1    1  3.10205E+12 0.00122 
   86   86    1    1    1    1    1    1    1    1  2.24568E+12 0.00135 
   87   87    1    1    1    1    1    1    1    1  2.10663E+12 0.00129 
   88   88    1    1    1    1    1    1    1    1  1.29323E+12 0.00173 
   89   89    1    1    1    1    1    1    1    1  8.73921E+11 0.00223 
   90   90    1    1    1    1    1    1    1    1  5.03286E+11 0.00283 
   91   91    1    1    1    1    1    1    1    1  6.35708E+11 0.00238 
   92   92    1    1    1    1    1    1    1    1  0.00000E+00 0.00000 
   93   93    1    1    1    1    1    1    1    1  0.00000E+00 0.00000 
   94   94    1    1    1    1    1    1    1    1  0.00000E+00 0.00000 
   95   95    1    1    1    1    1    1    1    1  0.00000E+00 0.00000 
   96   96    1    1    1    1    1    1    1    1  0.00000E+00 0.00000 
   97   97    1    1    1    1    1    1    1    1  0.00000E+00 0.00000 
   98   98    1    1    1    1    1    1    1    1  0.00000E+00 0.00000 
   99   99    1    1    1    1    1    1    1    1  0.00000E+00 0.00000 
  100  100    1    1    1    1    1    1    1    1  0.00000E+00 0.00000 
];


