
DETdpaspec = [
    1    1    1    1    1    1    1    1    1    1  0.00000E+00 0.00000 
    2    2    1    1    1    1    1    1    1    1  0.00000E+00 0.00000 
    3    3    1    1    1    1    1    1    1    1  0.00000E+00 0.00000 
    4    4    1    1    1    1    1    1    1    1  0.00000E+00 0.00000 
    5    5    1    1    1    1    1    1    1    1  0.00000E+00 0.00000 
    6    6    1    1    1    1    1    1    1    1  0.00000E+00 0.00000 
    7    7    1    1    1    1    1    1    1    1  0.00000E+00 0.00000 
    8    8    1    1    1    1    1    1    1    1  0.00000E+00 0.00000 
    9    9    1    1    1    1    1    1    1    1  0.00000E+00 0.00000 
   10   10    1    1    1    1    1    1    1    1  0.00000E+00 0.00000 
   11   11    1    1    1    1    1    1    1    1  0.00000E+00 0.00000 
   12   12    1    1    1    1    1    1    1    1  0.00000E+00 0.00000 
   13   13    1    1    1    1    1    1    1    1  0.00000E+00 0.00000 
   14   14    1    1    1    1    1    1    1    1  0.00000E+00 0.00000 
   15   15    1    1    1    1    1    1    1    1  0.00000E+00 0.00000 
   16   16    1    1    1    1    1    1    1    1  0.00000E+00 0.00000 
   17   17    1    1    1    1    1    1    1    1  0.00000E+00 0.00000 
   18   18    1    1    1    1    1    1    1    1  0.00000E+00 0.00000 
   19   19    1    1    1    1    1    1    1    1  3.81439E+09 0.04945 
   20   20    1    1    1    1    1    1    1    1  6.57697E+08 0.05464 
   21   21    1    1    1    1    1    1    1    1  1.66433E+09 0.04611 
   22   22    1    1    1    1    1    1    1    1  2.00375E+09 0.03468 
   23   23    1    1    1    1    1    1    1    1  7.57856E+09 0.02170 
   24   24    1    1    1    1    1    1    1    1  2.54480E+10 0.01227 
   25   25    1    1    1    1    1    1    1    1  6.52583E+10 0.00650 
   26   26    1    1    1    1    1    1    1    1  1.10638E+11 0.00376 
   27   27    1    1    1    1    1    1    1    1  2.25367E+11 0.00366 
   28   28    1    1    1    1    1    1    1    1  4.10580E+11 0.00270 
   29   29    1    1    1    1    1    1    1    1  8.28537E+11 0.00199 
   30   30    1    1    1    1    1    1    1    1  1.13614E+12 0.00160 
   31   31    1    1    1    1    1    1    1    1  2.08974E+12 0.00134 
   32   32    1    1    1    1    1    1    1    1  4.10459E+12 0.00071 
   33   33    1    1    1    1    1    1    1    1  5.24134E+12 0.00073 
   34   34    1    1    1    1    1    1    1    1  9.18708E+12 0.00052 
   35   35    1    1    1    1    1    1    1    1  1.00242E+13 0.00055 
   36   36    1    1    1    1    1    1    1    1  1.24659E+13 0.00045 
   37   37    1    1    1    1    1    1    1    1  1.03090E+13 0.00035 
   38   38    1    1    1    1    1    1    1    1  3.14357E+12 0.00039 
   39   39    1    1    1    1    1    1    1    1  1.42577E+13 0.00038 
   40   40    1    1    1    1    1    1    1    1  1.62485E+13 0.00036 
   41   41    1    1    1    1    1    1    1    1  2.67569E+13 0.00029 
   42   42    1    1    1    1    1    1    1    1  2.42856E+13 0.00028 
   43   43    1    1    1    1    1    1    1    1  4.09525E+13 0.00029 
   44   44    1    1    1    1    1    1    1    1  4.23611E+13 0.00030 
   45   45    1    1    1    1    1    1    1    1  5.26676E+13 0.00027 
   46   46    1    1    1    1    1    1    1    1  8.70177E+13 0.00019 
   47   47    1    1    1    1    1    1    1    1  4.92190E+13 0.00017 
   48   48    1    1    1    1    1    1    1    1  6.49842E+13 0.00017 
   49   49    1    1    1    1    1    1    1    1  9.05585E+13 0.00018 
   50   50    1    1    1    1    1    1    1    1  7.77390E+13 0.00022 
   51   51    1    1    1    1    1    1    1    1  1.19426E+14 0.00012 
   52   52    1    1    1    1    1    1    1    1  9.23019E+13 0.00016 
   53   53    1    1    1    1    1    1    1    1  1.02966E+14 0.00015 
   54   54    1    1    1    1    1    1    1    1  7.43877E+13 0.00014 
   55   55    1    1    1    1    1    1    1    1  9.05802E+13 0.00019 
   56   56    1    1    1    1    1    1    1    1  6.55177E+13 0.00015 
   57   57    1    1    1    1    1    1    1    1  9.09154E+12 0.00033 
   58   58    1    1    1    1    1    1    1    1  1.24975E+14 0.00015 
   59   59    1    1    1    1    1    1    1    1  5.52690E+13 0.00023 
   60   60    1    1    1    1    1    1    1    1  6.03265E+13 0.00026 
   61   61    1    1    1    1    1    1    1    1  4.92608E+13 0.00026 
   62   62    1    1    1    1    1    1    1    1  4.92749E+13 0.00025 
   63   63    1    1    1    1    1    1    1    1  4.85643E+13 0.00029 
   64   64    1    1    1    1    1    1    1    1  4.05261E+13 0.00024 
   65   65    1    1    1    1    1    1    1    1  3.16882E+13 0.00028 
   66   66    1    1    1    1    1    1    1    1  3.04426E+13 0.00034 
   67   67    1    1    1    1    1    1    1    1  2.59700E+13 0.00038 
   68   68    1    1    1    1    1    1    1    1  2.14331E+13 0.00033 
   69   69    1    1    1    1    1    1    1    1  1.86523E+13 0.00040 
   70   70    1    1    1    1    1    1    1    1  2.28803E+13 0.00036 
   71   71    1    1    1    1    1    1    1    1  1.96973E+13 0.00043 
   72   72    1    1    1    1    1    1    1    1  3.67394E+13 0.00035 
   73   73    1    1    1    1    1    1    1    1  2.70716E+13 0.00036 
   74   74    1    1    1    1    1    1    1    1  2.12638E+13 0.00041 
   75   75    1    1    1    1    1    1    1    1  1.74932E+13 0.00043 
   76   76    1    1    1    1    1    1    1    1  1.43870E+13 0.00062 
   77   77    1    1    1    1    1    1    1    1  1.64978E+13 0.00053 
   78   78    1    1    1    1    1    1    1    1  1.29513E+13 0.00046 
   79   79    1    1    1    1    1    1    1    1  9.87809E+12 0.00057 
   80   80    1    1    1    1    1    1    1    1  1.02932E+13 0.00063 
   81   81    1    1    1    1    1    1    1    1  7.75802E+12 0.00064 
   82   82    1    1    1    1    1    1    1    1  6.02960E+12 0.00074 
   83   83    1    1    1    1    1    1    1    1  4.68029E+12 0.00091 
   84   84    1    1    1    1    1    1    1    1  4.37340E+12 0.00104 
   85   85    1    1    1    1    1    1    1    1  3.14203E+12 0.00127 
   86   86    1    1    1    1    1    1    1    1  2.27634E+12 0.00121 
   87   87    1    1    1    1    1    1    1    1  2.13688E+12 0.00154 
   88   88    1    1    1    1    1    1    1    1  1.31484E+12 0.00167 
   89   89    1    1    1    1    1    1    1    1  8.88859E+11 0.00168 
   90   90    1    1    1    1    1    1    1    1  5.13112E+11 0.00269 
   91   91    1    1    1    1    1    1    1    1  6.48700E+11 0.00269 
   92   92    1    1    1    1    1    1    1    1  0.00000E+00 0.00000 
   93   93    1    1    1    1    1    1    1    1  0.00000E+00 0.00000 
   94   94    1    1    1    1    1    1    1    1  0.00000E+00 0.00000 
   95   95    1    1    1    1    1    1    1    1  0.00000E+00 0.00000 
   96   96    1    1    1    1    1    1    1    1  0.00000E+00 0.00000 
   97   97    1    1    1    1    1    1    1    1  0.00000E+00 0.00000 
   98   98    1    1    1    1    1    1    1    1  0.00000E+00 0.00000 
   99   99    1    1    1    1    1    1    1    1  0.00000E+00 0.00000 
  100  100    1    1    1    1    1    1    1    1  0.00000E+00 0.00000 
];


