
DETdpaspec = [
    1    1    1    1    1    1    1    1    1    1  0.00000E+00 0.00000 
    2    2    1    1    1    1    1    1    1    1  0.00000E+00 0.00000 
    3    3    1    1    1    1    1    1    1    1  0.00000E+00 0.00000 
    4    4    1    1    1    1    1    1    1    1  0.00000E+00 0.00000 
    5    5    1    1    1    1    1    1    1    1  0.00000E+00 0.00000 
    6    6    1    1    1    1    1    1    1    1  0.00000E+00 0.00000 
    7    7    1    1    1    1    1    1    1    1  0.00000E+00 0.00000 
    8    8    1    1    1    1    1    1    1    1  0.00000E+00 0.00000 
    9    9    1    1    1    1    1    1    1    1  0.00000E+00 0.00000 
   10   10    1    1    1    1    1    1    1    1  0.00000E+00 0.00000 
   11   11    1    1    1    1    1    1    1    1  0.00000E+00 0.00000 
   12   12    1    1    1    1    1    1    1    1  0.00000E+00 0.00000 
   13   13    1    1    1    1    1    1    1    1  0.00000E+00 0.00000 
   14   14    1    1    1    1    1    1    1    1  0.00000E+00 0.00000 
   15   15    1    1    1    1    1    1    1    1  0.00000E+00 0.00000 
   16   16    1    1    1    1    1    1    1    1  0.00000E+00 0.00000 
   17   17    1    1    1    1    1    1    1    1  0.00000E+00 0.00000 
   18   18    1    1    1    1    1    1    1    1  0.00000E+00 0.00000 
   19   19    1    1    1    1    1    1    1    1  3.18261E+09 0.06704 
   20   20    1    1    1    1    1    1    1    1  9.28417E+08 0.05343 
   21   21    1    1    1    1    1    1    1    1  4.51233E+09 0.02497 
   22   22    1    1    1    1    1    1    1    1  9.50645E+09 0.01363 
   23   23    1    1    1    1    1    1    1    1  4.29170E+10 0.00834 
   24   24    1    1    1    1    1    1    1    1  1.38751E+11 0.00473 
   25   25    1    1    1    1    1    1    1    1  2.98849E+11 0.00333 
   26   26    1    1    1    1    1    1    1    1  4.27322E+11 0.00265 
   27   27    1    1    1    1    1    1    1    1  7.40688E+11 0.00230 
   28   28    1    1    1    1    1    1    1    1  1.15754E+12 0.00188 
   29   29    1    1    1    1    1    1    1    1  1.98354E+12 0.00124 
   30   30    1    1    1    1    1    1    1    1  2.55556E+12 0.00107 
   31   31    1    1    1    1    1    1    1    1  4.00952E+12 0.00087 
   32   32    1    1    1    1    1    1    1    1  6.84191E+12 0.00066 
   33   33    1    1    1    1    1    1    1    1  8.09983E+12 0.00065 
   34   34    1    1    1    1    1    1    1    1  1.30496E+13 0.00048 
   35   35    1    1    1    1    1    1    1    1  1.39141E+13 0.00045 
   36   36    1    1    1    1    1    1    1    1  1.57848E+13 0.00040 
   37   37    1    1    1    1    1    1    1    1  1.23991E+13 0.00035 
   38   38    1    1    1    1    1    1    1    1  3.68290E+12 0.00030 
   39   39    1    1    1    1    1    1    1    1  1.67404E+13 0.00027 
   40   40    1    1    1    1    1    1    1    1  1.87693E+13 0.00030 
   41   41    1    1    1    1    1    1    1    1  3.05934E+13 0.00020 
   42   42    1    1    1    1    1    1    1    1  2.69908E+13 0.00029 
   43   43    1    1    1    1    1    1    1    1  4.51795E+13 0.00028 
   44   44    1    1    1    1    1    1    1    1  4.60589E+13 0.00025 
   45   45    1    1    1    1    1    1    1    1  5.65145E+13 0.00022 
   46   46    1    1    1    1    1    1    1    1  9.19471E+13 0.00019 
   47   47    1    1    1    1    1    1    1    1  5.12421E+13 0.00019 
   48   48    1    1    1    1    1    1    1    1  6.67931E+13 0.00020 
   49   49    1    1    1    1    1    1    1    1  9.21858E+13 0.00015 
   50   50    1    1    1    1    1    1    1    1  7.79642E+13 0.00014 
   51   51    1    1    1    1    1    1    1    1  1.19257E+14 0.00015 
   52   52    1    1    1    1    1    1    1    1  9.08072E+13 0.00016 
   53   53    1    1    1    1    1    1    1    1  1.01062E+14 0.00016 
   54   54    1    1    1    1    1    1    1    1  7.23714E+13 0.00016 
   55   55    1    1    1    1    1    1    1    1  8.81579E+13 0.00017 
   56   56    1    1    1    1    1    1    1    1  6.33106E+13 0.00016 
   57   57    1    1    1    1    1    1    1    1  8.75396E+12 0.00036 
   58   58    1    1    1    1    1    1    1    1  1.19990E+14 0.00014 
   59   59    1    1    1    1    1    1    1    1  5.31755E+13 0.00022 
   60   60    1    1    1    1    1    1    1    1  5.75521E+13 0.00024 
   61   61    1    1    1    1    1    1    1    1  4.70781E+13 0.00022 
   62   62    1    1    1    1    1    1    1    1  4.69177E+13 0.00020 
   63   63    1    1    1    1    1    1    1    1  4.61164E+13 0.00026 
   64   64    1    1    1    1    1    1    1    1  3.83600E+13 0.00026 
   65   65    1    1    1    1    1    1    1    1  2.98880E+13 0.00033 
   66   66    1    1    1    1    1    1    1    1  2.85585E+13 0.00028 
   67   67    1    1    1    1    1    1    1    1  2.43315E+13 0.00024 
   68   68    1    1    1    1    1    1    1    1  1.99538E+13 0.00034 
   69   69    1    1    1    1    1    1    1    1  1.73042E+13 0.00041 
   70   70    1    1    1    1    1    1    1    1  2.11887E+13 0.00036 
   71   71    1    1    1    1    1    1    1    1  1.81396E+13 0.00045 
   72   72    1    1    1    1    1    1    1    1  3.33733E+13 0.00033 
   73   73    1    1    1    1    1    1    1    1  2.43686E+13 0.00043 
   74   74    1    1    1    1    1    1    1    1  1.90729E+13 0.00037 
   75   75    1    1    1    1    1    1    1    1  1.57131E+13 0.00048 
   76   76    1    1    1    1    1    1    1    1  1.29847E+13 0.00054 
   77   77    1    1    1    1    1    1    1    1  1.49523E+13 0.00042 
   78   78    1    1    1    1    1    1    1    1  1.17897E+13 0.00060 
   79   79    1    1    1    1    1    1    1    1  9.01354E+12 0.00057 
   80   80    1    1    1    1    1    1    1    1  9.43004E+12 0.00052 
   81   81    1    1    1    1    1    1    1    1  7.11284E+12 0.00049 
   82   82    1    1    1    1    1    1    1    1  5.52097E+12 0.00071 
   83   83    1    1    1    1    1    1    1    1  4.29221E+12 0.00076 
   84   84    1    1    1    1    1    1    1    1  4.01405E+12 0.00115 
   85   85    1    1    1    1    1    1    1    1  2.88394E+12 0.00129 
   86   86    1    1    1    1    1    1    1    1  2.08608E+12 0.00138 
   87   87    1    1    1    1    1    1    1    1  1.95403E+12 0.00142 
   88   88    1    1    1    1    1    1    1    1  1.19509E+12 0.00196 
   89   89    1    1    1    1    1    1    1    1  8.04266E+11 0.00199 
   90   90    1    1    1    1    1    1    1    1  4.62154E+11 0.00274 
   91   91    1    1    1    1    1    1    1    1  5.78552E+11 0.00204 
   92   92    1    1    1    1    1    1    1    1  0.00000E+00 0.00000 
   93   93    1    1    1    1    1    1    1    1  0.00000E+00 0.00000 
   94   94    1    1    1    1    1    1    1    1  0.00000E+00 0.00000 
   95   95    1    1    1    1    1    1    1    1  0.00000E+00 0.00000 
   96   96    1    1    1    1    1    1    1    1  0.00000E+00 0.00000 
   97   97    1    1    1    1    1    1    1    1  0.00000E+00 0.00000 
   98   98    1    1    1    1    1    1    1    1  0.00000E+00 0.00000 
   99   99    1    1    1    1    1    1    1    1  0.00000E+00 0.00000 
  100  100    1    1    1    1    1    1    1    1  0.00000E+00 0.00000 
];


