
DETdpaspec = [
    1    1    1    1    1    1    1    1    1    1  0.00000E+00 0.00000 
    2    2    1    1    1    1    1    1    1    1  0.00000E+00 0.00000 
    3    3    1    1    1    1    1    1    1    1  0.00000E+00 0.00000 
    4    4    1    1    1    1    1    1    1    1  0.00000E+00 0.00000 
    5    5    1    1    1    1    1    1    1    1  0.00000E+00 0.00000 
    6    6    1    1    1    1    1    1    1    1  0.00000E+00 0.00000 
    7    7    1    1    1    1    1    1    1    1  0.00000E+00 0.00000 
    8    8    1    1    1    1    1    1    1    1  0.00000E+00 0.00000 
    9    9    1    1    1    1    1    1    1    1  0.00000E+00 0.00000 
   10   10    1    1    1    1    1    1    1    1  0.00000E+00 0.00000 
   11   11    1    1    1    1    1    1    1    1  0.00000E+00 0.00000 
   12   12    1    1    1    1    1    1    1    1  0.00000E+00 0.00000 
   13   13    1    1    1    1    1    1    1    1  0.00000E+00 0.00000 
   14   14    1    1    1    1    1    1    1    1  0.00000E+00 0.00000 
   15   15    1    1    1    1    1    1    1    1  0.00000E+00 0.00000 
   16   16    1    1    1    1    1    1    1    1  0.00000E+00 0.00000 
   17   17    1    1    1    1    1    1    1    1  0.00000E+00 0.00000 
   18   18    1    1    1    1    1    1    1    1  0.00000E+00 0.00000 
   19   19    1    1    1    1    1    1    1    1  3.87029E+09 0.04602 
   20   20    1    1    1    1    1    1    1    1  6.92335E+08 0.04481 
   21   21    1    1    1    1    1    1    1    1  1.91169E+09 0.03686 
   22   22    1    1    1    1    1    1    1    1  1.98539E+09 0.03042 
   23   23    1    1    1    1    1    1    1    1  6.15332E+09 0.02222 
   24   24    1    1    1    1    1    1    1    1  1.83315E+10 0.01213 
   25   25    1    1    1    1    1    1    1    1  4.62967E+10 0.00752 
   26   26    1    1    1    1    1    1    1    1  8.00026E+10 0.00581 
   27   27    1    1    1    1    1    1    1    1  1.68672E+11 0.00320 
   28   28    1    1    1    1    1    1    1    1  3.20583E+11 0.00298 
   29   29    1    1    1    1    1    1    1    1  6.67258E+11 0.00215 
   30   30    1    1    1    1    1    1    1    1  9.13205E+11 0.00178 
   31   31    1    1    1    1    1    1    1    1  1.78538E+12 0.00135 
   32   32    1    1    1    1    1    1    1    1  3.61771E+12 0.00111 
   33   33    1    1    1    1    1    1    1    1  4.71689E+12 0.00085 
   34   34    1    1    1    1    1    1    1    1  8.44747E+12 0.00065 
   35   35    1    1    1    1    1    1    1    1  9.19574E+12 0.00069 
   36   36    1    1    1    1    1    1    1    1  1.18172E+13 0.00059 
   37   37    1    1    1    1    1    1    1    1  9.91505E+12 0.00049 
   38   38    1    1    1    1    1    1    1    1  3.05726E+12 0.00046 
   39   39    1    1    1    1    1    1    1    1  1.37954E+13 0.00040 
   40   40    1    1    1    1    1    1    1    1  1.57939E+13 0.00046 
   41   41    1    1    1    1    1    1    1    1  2.60063E+13 0.00039 
   42   42    1    1    1    1    1    1    1    1  2.38547E+13 0.00035 
   43   43    1    1    1    1    1    1    1    1  4.01870E+13 0.00027 
   44   44    1    1    1    1    1    1    1    1  4.16950E+13 0.00024 
   45   45    1    1    1    1    1    1    1    1  5.19663E+13 0.00025 
   46   46    1    1    1    1    1    1    1    1  8.61585E+13 0.00020 
   47   47    1    1    1    1    1    1    1    1  4.88270E+13 0.00017 
   48   48    1    1    1    1    1    1    1    1  6.47565E+13 0.00019 
   49   49    1    1    1    1    1    1    1    1  9.03600E+13 0.00018 
   50   50    1    1    1    1    1    1    1    1  7.79329E+13 0.00020 
   51   51    1    1    1    1    1    1    1    1  1.19549E+14 0.00018 
   52   52    1    1    1    1    1    1    1    1  9.28746E+13 0.00016 
   53   53    1    1    1    1    1    1    1    1  1.03466E+14 0.00014 
   54   54    1    1    1    1    1    1    1    1  7.48981E+13 0.00015 
   55   55    1    1    1    1    1    1    1    1  9.10157E+13 0.00016 
   56   56    1    1    1    1    1    1    1    1  6.59589E+13 0.00018 
   57   57    1    1    1    1    1    1    1    1  9.16798E+12 0.00035 
   58   58    1    1    1    1    1    1    1    1  1.26012E+14 0.00017 
   59   59    1    1    1    1    1    1    1    1  5.55228E+13 0.00025 
   60   60    1    1    1    1    1    1    1    1  6.07759E+13 0.00018 
   61   61    1    1    1    1    1    1    1    1  4.95236E+13 0.00017 
   62   62    1    1    1    1    1    1    1    1  4.95880E+13 0.00022 
   63   63    1    1    1    1    1    1    1    1  4.88283E+13 0.00025 
   64   64    1    1    1    1    1    1    1    1  4.07711E+13 0.00029 
   65   65    1    1    1    1    1    1    1    1  3.18962E+13 0.00031 
   66   66    1    1    1    1    1    1    1    1  3.07017E+13 0.00034 
   67   67    1    1    1    1    1    1    1    1  2.61967E+13 0.00026 
   68   68    1    1    1    1    1    1    1    1  2.16511E+13 0.00036 
   69   69    1    1    1    1    1    1    1    1  1.88757E+13 0.00045 
   70   70    1    1    1    1    1    1    1    1  2.31652E+13 0.00039 
   71   71    1    1    1    1    1    1    1    1  1.99358E+13 0.00052 
   72   72    1    1    1    1    1    1    1    1  3.74596E+13 0.00035 
   73   73    1    1    1    1    1    1    1    1  2.76917E+13 0.00037 
   74   74    1    1    1    1    1    1    1    1  2.17592E+13 0.00041 
   75   75    1    1    1    1    1    1    1    1  1.78328E+13 0.00043 
   76   76    1    1    1    1    1    1    1    1  1.46402E+13 0.00058 
   77   77    1    1    1    1    1    1    1    1  1.67480E+13 0.00044 
   78   78    1    1    1    1    1    1    1    1  1.30915E+13 0.00054 
   79   79    1    1    1    1    1    1    1    1  9.97292E+12 0.00073 
   80   80    1    1    1    1    1    1    1    1  1.03776E+13 0.00055 
   81   81    1    1    1    1    1    1    1    1  7.79817E+12 0.00069 
   82   82    1    1    1    1    1    1    1    1  6.06396E+12 0.00081 
   83   83    1    1    1    1    1    1    1    1  4.69764E+12 0.00085 
   84   84    1    1    1    1    1    1    1    1  4.40143E+12 0.00086 
   85   85    1    1    1    1    1    1    1    1  3.16151E+12 0.00088 
   86   86    1    1    1    1    1    1    1    1  2.28156E+12 0.00125 
   87   87    1    1    1    1    1    1    1    1  2.14126E+12 0.00124 
   88   88    1    1    1    1    1    1    1    1  1.32254E+12 0.00180 
   89   89    1    1    1    1    1    1    1    1  8.94058E+11 0.00240 
   90   90    1    1    1    1    1    1    1    1  5.17635E+11 0.00308 
   91   91    1    1    1    1    1    1    1    1  6.57410E+11 0.00248 
   92   92    1    1    1    1    1    1    1    1  0.00000E+00 0.00000 
   93   93    1    1    1    1    1    1    1    1  0.00000E+00 0.00000 
   94   94    1    1    1    1    1    1    1    1  0.00000E+00 0.00000 
   95   95    1    1    1    1    1    1    1    1  0.00000E+00 0.00000 
   96   96    1    1    1    1    1    1    1    1  0.00000E+00 0.00000 
   97   97    1    1    1    1    1    1    1    1  0.00000E+00 0.00000 
   98   98    1    1    1    1    1    1    1    1  0.00000E+00 0.00000 
   99   99    1    1    1    1    1    1    1    1  0.00000E+00 0.00000 
  100  100    1    1    1    1    1    1    1    1  0.00000E+00 0.00000 
];


