
DETdpaspec = [
    1    1    1    1    1    1    1    1    1    1  0.00000E+00 0.00000 
    2    2    1    1    1    1    1    1    1    1  0.00000E+00 0.00000 
    3    3    1    1    1    1    1    1    1    1  0.00000E+00 0.00000 
    4    4    1    1    1    1    1    1    1    1  0.00000E+00 0.00000 
    5    5    1    1    1    1    1    1    1    1  0.00000E+00 0.00000 
    6    6    1    1    1    1    1    1    1    1  0.00000E+00 0.00000 
    7    7    1    1    1    1    1    1    1    1  0.00000E+00 0.00000 
    8    8    1    1    1    1    1    1    1    1  0.00000E+00 0.00000 
    9    9    1    1    1    1    1    1    1    1  0.00000E+00 0.00000 
   10   10    1    1    1    1    1    1    1    1  0.00000E+00 0.00000 
   11   11    1    1    1    1    1    1    1    1  0.00000E+00 0.00000 
   12   12    1    1    1    1    1    1    1    1  1.83237E+08 0.94978 
   13   13    1    1    1    1    1    1    1    1  1.85682E+09 0.50846 
   14   14    1    1    1    1    1    1    1    1  1.15739E+09 0.55089 
   15   15    1    1    1    1    1    1    1    1  1.20068E+09 0.53725 
   16   16    1    1    1    1    1    1    1    1  4.21911E+08 0.71869 
   17   17    1    1    1    1    1    1    1    1  7.81358E+08 0.45734 
   18   18    1    1    1    1    1    1    1    1  2.19650E+09 0.36196 
   19   19    1    1    1    1    1    1    1    1  1.65021E+09 0.32604 
   20   20    1    1    1    1    1    1    1    1  6.11389E+09 0.19674 
   21   21    1    1    1    1    1    1    1    1  5.95530E+09 0.17084 
   22   22    1    1    1    1    1    1    1    1  1.71763E+10 0.15042 
   23   23    1    1    1    1    1    1    1    1  2.85576E+10 0.08939 
   24   24    1    1    1    1    1    1    1    1  9.17326E+10 0.05314 
   25   25    1    1    1    1    1    1    1    1  1.49164E+11 0.04160 
   26   26    1    1    1    1    1    1    1    1  3.27211E+11 0.02534 
   27   27    1    1    1    1    1    1    1    1  7.20535E+11 0.01667 
   28   28    1    1    1    1    1    1    1    1  1.59004E+12 0.01541 
   29   29    1    1    1    1    1    1    1    1  2.61197E+12 0.00887 
   30   30    1    1    1    1    1    1    1    1  5.55607E+12 0.00649 
   31   31    1    1    1    1    1    1    1    1  1.28811E+13 0.00466 
   32   32    1    1    1    1    1    1    1    1  1.99740E+13 0.00444 
   33   33    1    1    1    1    1    1    1    1  4.19259E+13 0.00345 
   34   34    1    1    1    1    1    1    1    1  5.38153E+13 0.00230 
   35   35    1    1    1    1    1    1    1    1  5.68511E+13 0.00160 
   36   36    1    1    1    1    1    1    1    1  3.43780E+13 0.00218 
   37   37    1    1    1    1    1    1    1    1  1.00646E+13 0.00207 
   38   38    1    1    1    1    1    1    1    1  5.78809E+13 0.00159 
   39   39    1    1    1    1    1    1    1    1  7.69979E+13 0.00122 
   40   40    1    1    1    1    1    1    1    1  1.31096E+14 0.00108 
   41   41    1    1    1    1    1    1    1    1  1.26757E+14 0.00102 
   42   42    1    1    1    1    1    1    1    1  2.73995E+14 0.00070 
   43   43    1    1    1    1    1    1    1    1  3.30025E+14 0.00097 
   44   44    1    1    1    1    1    1    1    1  4.72374E+14 0.00102 
   45   45    1    1    1    1    1    1    1    1  9.34703E+14 0.00052 
   46   46    1    1    1    1    1    1    1    1  4.20272E+14 0.00061 
   47   47    1    1    1    1    1    1    1    1  6.67711E+14 0.00058 
   48   48    1    1    1    1    1    1    1    1  9.19373E+14 0.00044 
   49   49    1    1    1    1    1    1    1    1  8.99814E+14 0.00055 
   50   50    1    1    1    1    1    1    1    1  1.41125E+15 0.00055 
   51   51    1    1    1    1    1    1    1    1  1.09392E+15 0.00080 
   52   52    1    1    1    1    1    1    1    1  1.32184E+15 0.00065 
   53   53    1    1    1    1    1    1    1    1  9.06765E+14 0.00061 
   54   54    1    1    1    1    1    1    1    1  1.12906E+15 0.00062 
   55   55    1    1    1    1    1    1    1    1  7.71356E+14 0.00064 
   56   56    1    1    1    1    1    1    1    1  1.04317E+14 0.00143 
   57   57    1    1    1    1    1    1    1    1  1.52527E+15 0.00049 
   58   58    1    1    1    1    1    1    1    1  6.97644E+14 0.00056 
   59   59    1    1    1    1    1    1    1    1  7.34785E+14 0.00049 
   60   60    1    1    1    1    1    1    1    1  5.81715E+14 0.00085 
   61   61    1    1    1    1    1    1    1    1  5.81098E+14 0.00073 
   62   62    1    1    1    1    1    1    1    1  6.05942E+14 0.00097 
   63   63    1    1    1    1    1    1    1    1  5.11462E+14 0.00090 
   64   64    1    1    1    1    1    1    1    1  4.07848E+14 0.00077 
   65   65    1    1    1    1    1    1    1    1  4.05308E+14 0.00068 
   66   66    1    1    1    1    1    1    1    1  2.92108E+14 0.00089 
   67   67    1    1    1    1    1    1    1    1  2.36216E+14 0.00082 
   68   68    1    1    1    1    1    1    1    1  2.10443E+14 0.00076 
   69   69    1    1    1    1    1    1    1    1  2.52115E+14 0.00111 
   70   70    1    1    1    1    1    1    1    1  2.13366E+14 0.00104 
   71   71    1    1    1    1    1    1    1    1  3.81296E+14 0.00093 
   72   72    1    1    1    1    1    1    1    1  2.68644E+14 0.00097 
   73   73    1    1    1    1    1    1    1    1  2.02456E+14 0.00108 
   74   74    1    1    1    1    1    1    1    1  1.64743E+14 0.00147 
   75   75    1    1    1    1    1    1    1    1  1.38657E+14 0.00111 
   76   76    1    1    1    1    1    1    1    1  1.62880E+14 0.00120 
   77   77    1    1    1    1    1    1    1    1  1.30351E+14 0.00126 
   78   78    1    1    1    1    1    1    1    1  1.04977E+14 0.00223 
   79   79    1    1    1    1    1    1    1    1  1.08945E+14 0.00112 
   80   80    1    1    1    1    1    1    1    1  8.10791E+13 0.00182 
   81   81    1    1    1    1    1    1    1    1  6.22800E+13 0.00164 
   82   82    1    1    1    1    1    1    1    1  4.78578E+13 0.00275 
   83   83    1    1    1    1    1    1    1    1  4.46766E+13 0.00191 
   84   84    1    1    1    1    1    1    1    1  3.20480E+13 0.00218 
   85   85    1    1    1    1    1    1    1    1  2.31354E+13 0.00321 
   86   86    1    1    1    1    1    1    1    1  2.16305E+13 0.00313 
   87   87    1    1    1    1    1    1    1    1  1.31598E+13 0.00420 
   88   88    1    1    1    1    1    1    1    1  8.78988E+12 0.00618 
   89   89    1    1    1    1    1    1    1    1  4.97991E+12 0.00780 
   90   90    1    1    1    1    1    1    1    1  3.27570E+12 0.00563 
   91   91    1    1    1    1    1    1    1    1  1.63531E+12 0.00918 
   92   92    1    1    1    1    1    1    1    1  7.82626E+11 0.01887 
   93   93    1    1    1    1    1    1    1    1  3.69273E+11 0.02593 
   94   94    1    1    1    1    1    1    1    1  1.83482E+11 0.03035 
   95   95    1    1    1    1    1    1    1    1  8.60743E+10 0.05772 
   96   96    1    1    1    1    1    1    1    1  4.15895E+10 0.07420 
   97   97    1    1    1    1    1    1    1    1  2.00152E+10 0.10635 
   98   98    1    1    1    1    1    1    1    1  5.59411E+09 0.18020 
   99   99    1    1    1    1    1    1    1    1  5.52991E+09 0.18336 
  100  100    1    1    1    1    1    1    1    1  4.01189E+09 0.26868 
];


