
DETdpaspec = [
    1    1    1    1    1    1    1    1    1    1  0.00000E+00 0.00000 
    2    2    1    1    1    1    1    1    1    1  0.00000E+00 0.00000 
    3    3    1    1    1    1    1    1    1    1  0.00000E+00 0.00000 
    4    4    1    1    1    1    1    1    1    1  0.00000E+00 0.00000 
    5    5    1    1    1    1    1    1    1    1  0.00000E+00 0.00000 
    6    6    1    1    1    1    1    1    1    1  0.00000E+00 0.00000 
    7    7    1    1    1    1    1    1    1    1  0.00000E+00 0.00000 
    8    8    1    1    1    1    1    1    1    1  0.00000E+00 0.00000 
    9    9    1    1    1    1    1    1    1    1  0.00000E+00 0.00000 
   10   10    1    1    1    1    1    1    1    1  0.00000E+00 0.00000 
   11   11    1    1    1    1    1    1    1    1  0.00000E+00 0.00000 
   12   12    1    1    1    1    1    1    1    1  0.00000E+00 0.00000 
   13   13    1    1    1    1    1    1    1    1  2.99349E+08 0.59482 
   14   14    1    1    1    1    1    1    1    1  4.82916E+08 0.59910 
   15   15    1    1    1    1    1    1    1    1  5.06761E+07 1.00000 
   16   16    1    1    1    1    1    1    1    1  2.62286E+08 0.57150 
   17   17    1    1    1    1    1    1    1    1  1.65222E+09 0.38524 
   18   18    1    1    1    1    1    1    1    1  1.01229E+09 0.28802 
   19   19    1    1    1    1    1    1    1    1  1.53745E+09 0.29303 
   20   20    1    1    1    1    1    1    1    1  5.75801E+09 0.30940 
   21   21    1    1    1    1    1    1    1    1  6.38067E+09 0.13618 
   22   22    1    1    1    1    1    1    1    1  7.95154E+09 0.17026 
   23   23    1    1    1    1    1    1    1    1  2.71144E+10 0.10129 
   24   24    1    1    1    1    1    1    1    1  9.55319E+10 0.05686 
   25   25    1    1    1    1    1    1    1    1  1.67357E+11 0.03888 
   26   26    1    1    1    1    1    1    1    1  3.81671E+11 0.02849 
   27   27    1    1    1    1    1    1    1    1  8.01380E+11 0.01902 
   28   28    1    1    1    1    1    1    1    1  1.71883E+12 0.01337 
   29   29    1    1    1    1    1    1    1    1  2.83312E+12 0.01103 
   30   30    1    1    1    1    1    1    1    1  5.94316E+12 0.00548 
   31   31    1    1    1    1    1    1    1    1  1.34840E+13 0.00487 
   32   32    1    1    1    1    1    1    1    1  2.09454E+13 0.00387 
   33   33    1    1    1    1    1    1    1    1  4.37616E+13 0.00226 
   34   34    1    1    1    1    1    1    1    1  5.55106E+13 0.00272 
   35   35    1    1    1    1    1    1    1    1  5.82561E+13 0.00186 
   36   36    1    1    1    1    1    1    1    1  3.49841E+13 0.00161 
   37   37    1    1    1    1    1    1    1    1  1.02270E+13 0.00188 
   38   38    1    1    1    1    1    1    1    1  5.88251E+13 0.00150 
   39   39    1    1    1    1    1    1    1    1  7.81361E+13 0.00138 
   40   40    1    1    1    1    1    1    1    1  1.33204E+14 0.00123 
   41   41    1    1    1    1    1    1    1    1  1.28473E+14 0.00131 
   42   42    1    1    1    1    1    1    1    1  2.77581E+14 0.00105 
   43   43    1    1    1    1    1    1    1    1  3.33010E+14 0.00099 
   44   44    1    1    1    1    1    1    1    1  4.77625E+14 0.00084 
   45   45    1    1    1    1    1    1    1    1  9.41574E+14 0.00073 
   46   46    1    1    1    1    1    1    1    1  4.23038E+14 0.00066 
   47   47    1    1    1    1    1    1    1    1  6.71488E+14 0.00056 
   48   48    1    1    1    1    1    1    1    1  9.23248E+14 0.00066 
   49   49    1    1    1    1    1    1    1    1  9.03748E+14 0.00060 
   50   50    1    1    1    1    1    1    1    1  1.41471E+15 0.00060 
   51   51    1    1    1    1    1    1    1    1  1.09506E+15 0.00064 
   52   52    1    1    1    1    1    1    1    1  1.32450E+15 0.00060 
   53   53    1    1    1    1    1    1    1    1  9.08039E+14 0.00064 
   54   54    1    1    1    1    1    1    1    1  1.12907E+15 0.00042 
   55   55    1    1    1    1    1    1    1    1  7.72249E+14 0.00043 
   56   56    1    1    1    1    1    1    1    1  1.04233E+14 0.00080 
   57   57    1    1    1    1    1    1    1    1  1.52368E+15 0.00057 
   58   58    1    1    1    1    1    1    1    1  6.96822E+14 0.00059 
   59   59    1    1    1    1    1    1    1    1  7.33845E+14 0.00083 
   60   60    1    1    1    1    1    1    1    1  5.81140E+14 0.00084 
   61   61    1    1    1    1    1    1    1    1  5.79782E+14 0.00070 
   62   62    1    1    1    1    1    1    1    1  6.04358E+14 0.00076 
   63   63    1    1    1    1    1    1    1    1  5.10723E+14 0.00074 
   64   64    1    1    1    1    1    1    1    1  4.05925E+14 0.00078 
   65   65    1    1    1    1    1    1    1    1  4.04313E+14 0.00100 
   66   66    1    1    1    1    1    1    1    1  2.90744E+14 0.00078 
   67   67    1    1    1    1    1    1    1    1  2.35233E+14 0.00107 
   68   68    1    1    1    1    1    1    1    1  2.09498E+14 0.00134 
   69   69    1    1    1    1    1    1    1    1  2.50481E+14 0.00096 
   70   70    1    1    1    1    1    1    1    1  2.12340E+14 0.00075 
   71   71    1    1    1    1    1    1    1    1  3.79266E+14 0.00086 
   72   72    1    1    1    1    1    1    1    1  2.66650E+14 0.00093 
   73   73    1    1    1    1    1    1    1    1  2.01194E+14 0.00127 
   74   74    1    1    1    1    1    1    1    1  1.63730E+14 0.00119 
   75   75    1    1    1    1    1    1    1    1  1.37857E+14 0.00106 
   76   76    1    1    1    1    1    1    1    1  1.61968E+14 0.00090 
   77   77    1    1    1    1    1    1    1    1  1.29535E+14 0.00123 
   78   78    1    1    1    1    1    1    1    1  1.04112E+14 0.00135 
   79   79    1    1    1    1    1    1    1    1  1.08308E+14 0.00130 
   80   80    1    1    1    1    1    1    1    1  8.03019E+13 0.00240 
   81   81    1    1    1    1    1    1    1    1  6.19979E+13 0.00206 
   82   82    1    1    1    1    1    1    1    1  4.74314E+13 0.00202 
   83   83    1    1    1    1    1    1    1    1  4.44688E+13 0.00242 
   84   84    1    1    1    1    1    1    1    1  3.17630E+13 0.00204 
   85   85    1    1    1    1    1    1    1    1  2.29307E+13 0.00263 
   86   86    1    1    1    1    1    1    1    1  2.12476E+13 0.00303 
   87   87    1    1    1    1    1    1    1    1  1.28946E+13 0.00319 
   88   88    1    1    1    1    1    1    1    1  8.66250E+12 0.00510 
   89   89    1    1    1    1    1    1    1    1  4.96426E+12 0.00830 
   90   90    1    1    1    1    1    1    1    1  3.26742E+12 0.00656 
   91   91    1    1    1    1    1    1    1    1  1.61575E+12 0.01281 
   92   92    1    1    1    1    1    1    1    1  7.53607E+11 0.01367 
   93   93    1    1    1    1    1    1    1    1  3.70730E+11 0.01956 
   94   94    1    1    1    1    1    1    1    1  1.74064E+11 0.03228 
   95   95    1    1    1    1    1    1    1    1  8.15922E+10 0.04882 
   96   96    1    1    1    1    1    1    1    1  3.84129E+10 0.07216 
   97   97    1    1    1    1    1    1    1    1  2.05756E+10 0.13556 
   98   98    1    1    1    1    1    1    1    1  9.11408E+09 0.16724 
   99   99    1    1    1    1    1    1    1    1  5.29188E+09 0.16318 
  100  100    1    1    1    1    1    1    1    1  5.77666E+09 0.20975 
];


