
DETdpaspec = [
    1    1    1    1    1    1    1    1    1    1  0.00000E+00 0.00000 
    2    2    1    1    1    1    1    1    1    1  0.00000E+00 0.00000 
    3    3    1    1    1    1    1    1    1    1  0.00000E+00 0.00000 
    4    4    1    1    1    1    1    1    1    1  0.00000E+00 0.00000 
    5    5    1    1    1    1    1    1    1    1  0.00000E+00 0.00000 
    6    6    1    1    1    1    1    1    1    1  0.00000E+00 0.00000 
    7    7    1    1    1    1    1    1    1    1  0.00000E+00 0.00000 
    8    8    1    1    1    1    1    1    1    1  0.00000E+00 0.00000 
    9    9    1    1    1    1    1    1    1    1  1.01925E+07 1.00000 
   10   10    1    1    1    1    1    1    1    1  0.00000E+00 0.00000 
   11   11    1    1    1    1    1    1    1    1  0.00000E+00 0.00000 
   12   12    1    1    1    1    1    1    1    1  0.00000E+00 0.00000 
   13   13    1    1    1    1    1    1    1    1  0.00000E+00 0.00000 
   14   14    1    1    1    1    1    1    1    1  5.39112E+07 1.00000 
   15   15    1    1    1    1    1    1    1    1  4.25210E+08 1.00000 
   16   16    1    1    1    1    1    1    1    1  0.00000E+00 0.00000 
   17   17    1    1    1    1    1    1    1    1  3.55100E+08 0.93834 
   18   18    1    1    1    1    1    1    1    1  3.80913E+08 0.62433 
   19   19    1    1    1    1    1    1    1    1  1.12878E+09 0.54541 
   20   20    1    1    1    1    1    1    1    1  3.68371E+09 0.30596 
   21   21    1    1    1    1    1    1    1    1  5.26806E+09 0.20961 
   22   22    1    1    1    1    1    1    1    1  1.67830E+10 0.14763 
   23   23    1    1    1    1    1    1    1    1  6.75940E+10 0.06340 
   24   24    1    1    1    1    1    1    1    1  2.17244E+11 0.03742 
   25   25    1    1    1    1    1    1    1    1  3.39278E+11 0.03297 
   26   26    1    1    1    1    1    1    1    1  7.66227E+11 0.01592 
   27   27    1    1    1    1    1    1    1    1  1.48911E+12 0.01131 
   28   28    1    1    1    1    1    1    1    1  2.86556E+12 0.00728 
   29   29    1    1    1    1    1    1    1    1  4.49593E+12 0.00798 
   30   30    1    1    1    1    1    1    1    1  8.69705E+12 0.00561 
   31   31    1    1    1    1    1    1    1    1  1.79710E+13 0.00427 
   32   32    1    1    1    1    1    1    1    1  2.65523E+13 0.00275 
   33   33    1    1    1    1    1    1    1    1  5.26416E+13 0.00219 
   34   34    1    1    1    1    1    1    1    1  6.45613E+13 0.00169 
   35   35    1    1    1    1    1    1    1    1  6.54632E+13 0.00185 
   36   36    1    1    1    1    1    1    1    1  3.86043E+13 0.00176 
   37   37    1    1    1    1    1    1    1    1  1.12245E+13 0.00251 
   38   38    1    1    1    1    1    1    1    1  6.47119E+13 0.00174 
   39   39    1    1    1    1    1    1    1    1  8.54372E+13 0.00105 
   40   40    1    1    1    1    1    1    1    1  1.44323E+14 0.00103 
   41   41    1    1    1    1    1    1    1    1  1.38121E+14 0.00099 
   42   42    1    1    1    1    1    1    1    1  2.97453E+14 0.00088 
   43   43    1    1    1    1    1    1    1    1  3.54237E+14 0.00088 
   44   44    1    1    1    1    1    1    1    1  5.04257E+14 0.00074 
   45   45    1    1    1    1    1    1    1    1  9.83637E+14 0.00065 
   46   46    1    1    1    1    1    1    1    1  4.37003E+14 0.00070 
   47   47    1    1    1    1    1    1    1    1  6.90355E+14 0.00059 
   48   48    1    1    1    1    1    1    1    1  9.41731E+14 0.00040 
   49   49    1    1    1    1    1    1    1    1  9.17119E+14 0.00067 
   50   50    1    1    1    1    1    1    1    1  1.42759E+15 0.00037 
   51   51    1    1    1    1    1    1    1    1  1.09544E+15 0.00061 
   52   52    1    1    1    1    1    1    1    1  1.32081E+15 0.00064 
   53   53    1    1    1    1    1    1    1    1  9.00748E+14 0.00064 
   54   54    1    1    1    1    1    1    1    1  1.11812E+15 0.00053 
   55   55    1    1    1    1    1    1    1    1  7.60724E+14 0.00061 
   56   56    1    1    1    1    1    1    1    1  1.02346E+14 0.00120 
   57   57    1    1    1    1    1    1    1    1  1.49823E+15 0.00060 
   58   58    1    1    1    1    1    1    1    1  6.83847E+14 0.00049 
   59   59    1    1    1    1    1    1    1    1  7.18036E+14 0.00061 
   60   60    1    1    1    1    1    1    1    1  5.68917E+14 0.00070 
   61   61    1    1    1    1    1    1    1    1  5.66070E+14 0.00057 
   62   62    1    1    1    1    1    1    1    1  5.89140E+14 0.00069 
   63   63    1    1    1    1    1    1    1    1  4.96263E+14 0.00051 
   64   64    1    1    1    1    1    1    1    1  3.94391E+14 0.00073 
   65   65    1    1    1    1    1    1    1    1  3.90783E+14 0.00088 
   66   66    1    1    1    1    1    1    1    1  2.81436E+14 0.00090 
   67   67    1    1    1    1    1    1    1    1  2.26740E+14 0.00085 
   68   68    1    1    1    1    1    1    1    1  2.02204E+14 0.00107 
   69   69    1    1    1    1    1    1    1    1  2.41144E+14 0.00089 
   70   70    1    1    1    1    1    1    1    1  2.03805E+14 0.00083 
   71   71    1    1    1    1    1    1    1    1  3.62611E+14 0.00107 
   72   72    1    1    1    1    1    1    1    1  2.54443E+14 0.00089 
   73   73    1    1    1    1    1    1    1    1  1.91645E+14 0.00102 
   74   74    1    1    1    1    1    1    1    1  1.55495E+14 0.00092 
   75   75    1    1    1    1    1    1    1    1  1.30753E+14 0.00155 
   76   76    1    1    1    1    1    1    1    1  1.53849E+14 0.00157 
   77   77    1    1    1    1    1    1    1    1  1.22738E+14 0.00117 
   78   78    1    1    1    1    1    1    1    1  9.86032E+13 0.00179 
   79   79    1    1    1    1    1    1    1    1  1.02315E+14 0.00119 
   80   80    1    1    1    1    1    1    1    1  7.59219E+13 0.00152 
   81   81    1    1    1    1    1    1    1    1  5.82944E+13 0.00172 
   82   82    1    1    1    1    1    1    1    1  4.45935E+13 0.00153 
   83   83    1    1    1    1    1    1    1    1  4.15890E+13 0.00287 
   84   84    1    1    1    1    1    1    1    1  2.98120E+13 0.00229 
   85   85    1    1    1    1    1    1    1    1  2.14359E+13 0.00323 
   86   86    1    1    1    1    1    1    1    1  1.99146E+13 0.00305 
   87   87    1    1    1    1    1    1    1    1  1.20402E+13 0.00462 
   88   88    1    1    1    1    1    1    1    1  8.04168E+12 0.00354 
   89   89    1    1    1    1    1    1    1    1  4.51660E+12 0.00877 
   90   90    1    1    1    1    1    1    1    1  3.01307E+12 0.00895 
   91   91    1    1    1    1    1    1    1    1  1.47603E+12 0.01035 
   92   92    1    1    1    1    1    1    1    1  6.93332E+11 0.01987 
   93   93    1    1    1    1    1    1    1    1  3.40125E+11 0.01888 
   94   94    1    1    1    1    1    1    1    1  1.59561E+11 0.04606 
   95   95    1    1    1    1    1    1    1    1  7.42107E+10 0.05081 
   96   96    1    1    1    1    1    1    1    1  3.51671E+10 0.10280 
   97   97    1    1    1    1    1    1    1    1  1.66579E+10 0.12719 
   98   98    1    1    1    1    1    1    1    1  7.76020E+09 0.17767 
   99   99    1    1    1    1    1    1    1    1  1.94219E+09 0.23143 
  100  100    1    1    1    1    1    1    1    1  3.50806E+09 0.27669 
];


