
DETdpaspec = [
    1    1    1    1    1    1    1    1    1    1  0.00000E+00 0.00000 
    2    2    1    1    1    1    1    1    1    1  0.00000E+00 0.00000 
    3    3    1    1    1    1    1    1    1    1  0.00000E+00 0.00000 
    4    4    1    1    1    1    1    1    1    1  0.00000E+00 0.00000 
    5    5    1    1    1    1    1    1    1    1  0.00000E+00 0.00000 
    6    6    1    1    1    1    1    1    1    1  0.00000E+00 0.00000 
    7    7    1    1    1    1    1    1    1    1  0.00000E+00 0.00000 
    8    8    1    1    1    1    1    1    1    1  0.00000E+00 0.00000 
    9    9    1    1    1    1    1    1    1    1  0.00000E+00 0.00000 
   10   10    1    1    1    1    1    1    1    1  1.06217E+08 0.83853 
   11   11    1    1    1    1    1    1    1    1  6.97788E+07 0.69406 
   12   12    1    1    1    1    1    1    1    1  5.33529E+07 0.56110 
   13   13    1    1    1    1    1    1    1    1  9.01620E+08 0.45484 
   14   14    1    1    1    1    1    1    1    1  1.49945E+09 0.37212 
   15   15    1    1    1    1    1    1    1    1  1.13477E+09 0.44668 
   16   16    1    1    1    1    1    1    1    1  2.63940E+08 0.57522 
   17   17    1    1    1    1    1    1    1    1  6.82253E+08 0.35912 
   18   18    1    1    1    1    1    1    1    1  1.39626E+09 0.34322 
   19   19    1    1    1    1    1    1    1    1  2.58665E+09 0.28517 
   20   20    1    1    1    1    1    1    1    1  6.35530E+09 0.20685 
   21   21    1    1    1    1    1    1    1    1  5.62253E+09 0.18616 
   22   22    1    1    1    1    1    1    1    1  1.45435E+10 0.14011 
   23   23    1    1    1    1    1    1    1    1  2.00070E+10 0.11118 
   24   24    1    1    1    1    1    1    1    1  3.90156E+10 0.07786 
   25   25    1    1    1    1    1    1    1    1  4.76471E+10 0.07193 
   26   26    1    1    1    1    1    1    1    1  8.54081E+10 0.05367 
   27   27    1    1    1    1    1    1    1    1  1.59890E+11 0.04447 
   28   28    1    1    1    1    1    1    1    1  3.73253E+11 0.02947 
   29   29    1    1    1    1    1    1    1    1  6.48092E+11 0.02127 
   30   30    1    1    1    1    1    1    1    1  1.70886E+12 0.01438 
   31   31    1    1    1    1    1    1    1    1  5.18974E+12 0.01062 
   32   32    1    1    1    1    1    1    1    1  9.52799E+12 0.00621 
   33   33    1    1    1    1    1    1    1    1  2.25783E+13 0.00411 
   34   34    1    1    1    1    1    1    1    1  3.15969E+13 0.00347 
   35   35    1    1    1    1    1    1    1    1  3.85490E+13 0.00230 
   36   36    1    1    1    1    1    1    1    1  2.51331E+13 0.00258 
   37   37    1    1    1    1    1    1    1    1  7.59049E+12 0.00334 
   38   38    1    1    1    1    1    1    1    1  4.31158E+13 0.00282 
   39   39    1    1    1    1    1    1    1    1  5.82478E+13 0.00232 
   40   40    1    1    1    1    1    1    1    1  1.00651E+14 0.00183 
   41   41    1    1    1    1    1    1    1    1  1.00596E+14 0.00157 
   42   42    1    1    1    1    1    1    1    1  2.18181E+14 0.00119 
   43   43    1    1    1    1    1    1    1    1  2.67692E+14 0.00147 
   44   44    1    1    1    1    1    1    1    1  3.92813E+14 0.00108 
   45   45    1    1    1    1    1    1    1    1  7.95608E+14 0.00054 
   46   46    1    1    1    1    1    1    1    1  3.71526E+14 0.00095 
   47   47    1    1    1    1    1    1    1    1  5.99924E+14 0.00071 
   48   48    1    1    1    1    1    1    1    1  8.42203E+14 0.00055 
   49   49    1    1    1    1    1    1    1    1  8.38050E+14 0.00069 
   50   50    1    1    1    1    1    1    1    1  1.32715E+15 0.00060 
   51   51    1    1    1    1    1    1    1    1  1.05709E+15 0.00085 
   52   52    1    1    1    1    1    1    1    1  1.28094E+15 0.00060 
   53   53    1    1    1    1    1    1    1    1  8.93661E+14 0.00077 
   54   54    1    1    1    1    1    1    1    1  1.11090E+15 0.00056 
   55   55    1    1    1    1    1    1    1    1  7.67001E+14 0.00087 
   56   56    1    1    1    1    1    1    1    1  1.04212E+14 0.00116 
   57   57    1    1    1    1    1    1    1    1  1.53048E+15 0.00051 
   58   58    1    1    1    1    1    1    1    1  6.95939E+14 0.00068 
   59   59    1    1    1    1    1    1    1    1  7.41145E+14 0.00067 
   60   60    1    1    1    1    1    1    1    1  5.85276E+14 0.00092 
   61   61    1    1    1    1    1    1    1    1  5.87977E+14 0.00060 
   62   62    1    1    1    1    1    1    1    1  6.15269E+14 0.00078 
   63   63    1    1    1    1    1    1    1    1  5.21082E+14 0.00068 
   64   64    1    1    1    1    1    1    1    1  4.16732E+14 0.00112 
   65   65    1    1    1    1    1    1    1    1  4.16360E+14 0.00111 
   66   66    1    1    1    1    1    1    1    1  3.01124E+14 0.00107 
   67   67    1    1    1    1    1    1    1    1  2.44856E+14 0.00093 
   68   68    1    1    1    1    1    1    1    1  2.19596E+14 0.00106 
   69   69    1    1    1    1    1    1    1    1  2.63879E+14 0.00096 
   70   70    1    1    1    1    1    1    1    1  2.25051E+14 0.00089 
   71   71    1    1    1    1    1    1    1    1  4.08349E+14 0.00090 
   72   72    1    1    1    1    1    1    1    1  2.90097E+14 0.00100 
   73   73    1    1    1    1    1    1    1    1  2.19305E+14 0.00126 
   74   74    1    1    1    1    1    1    1    1  1.77098E+14 0.00101 
   75   75    1    1    1    1    1    1    1    1  1.48578E+14 0.00139 
   76   76    1    1    1    1    1    1    1    1  1.73651E+14 0.00157 
   77   77    1    1    1    1    1    1    1    1  1.38678E+14 0.00149 
   78   78    1    1    1    1    1    1    1    1  1.10748E+14 0.00153 
   79   79    1    1    1    1    1    1    1    1  1.14852E+14 0.00206 
   80   80    1    1    1    1    1    1    1    1  8.55837E+13 0.00183 
   81   81    1    1    1    1    1    1    1    1  6.60137E+13 0.00178 
   82   82    1    1    1    1    1    1    1    1  5.06807E+13 0.00225 
   83   83    1    1    1    1    1    1    1    1  4.73100E+13 0.00225 
   84   84    1    1    1    1    1    1    1    1  3.40456E+13 0.00277 
   85   85    1    1    1    1    1    1    1    1  2.46263E+13 0.00351 
   86   86    1    1    1    1    1    1    1    1  2.28793E+13 0.00377 
   87   87    1    1    1    1    1    1    1    1  1.40510E+13 0.00374 
   88   88    1    1    1    1    1    1    1    1  9.49697E+12 0.00463 
   89   89    1    1    1    1    1    1    1    1  5.37455E+12 0.00675 
   90   90    1    1    1    1    1    1    1    1  3.57176E+12 0.00856 
   91   91    1    1    1    1    1    1    1    1  1.79566E+12 0.01111 
   92   92    1    1    1    1    1    1    1    1  8.82463E+11 0.01345 
   93   93    1    1    1    1    1    1    1    1  4.22673E+11 0.03026 
   94   94    1    1    1    1    1    1    1    1  2.03238E+11 0.03288 
   95   95    1    1    1    1    1    1    1    1  9.75702E+10 0.04231 
   96   96    1    1    1    1    1    1    1    1  4.77762E+10 0.07317 
   97   97    1    1    1    1    1    1    1    1  2.27123E+10 0.09733 
   98   98    1    1    1    1    1    1    1    1  8.99200E+09 0.20437 
   99   99    1    1    1    1    1    1    1    1  4.87259E+09 0.22361 
  100  100    1    1    1    1    1    1    1    1  4.58998E+09 0.18291 
];


