
DETdpaspec = [
    1    1    1    1    1    1    1    1    1    1  0.00000E+00 0.00000 
    2    2    1    1    1    1    1    1    1    1  0.00000E+00 0.00000 
    3    3    1    1    1    1    1    1    1    1  0.00000E+00 0.00000 
    4    4    1    1    1    1    1    1    1    1  0.00000E+00 0.00000 
    5    5    1    1    1    1    1    1    1    1  7.87983E+07 1.00000 
    6    6    1    1    1    1    1    1    1    1  0.00000E+00 0.00000 
    7    7    1    1    1    1    1    1    1    1  0.00000E+00 0.00000 
    8    8    1    1    1    1    1    1    1    1  0.00000E+00 0.00000 
    9    9    1    1    1    1    1    1    1    1  0.00000E+00 0.00000 
   10   10    1    1    1    1    1    1    1    1  0.00000E+00 0.00000 
   11   11    1    1    1    1    1    1    1    1  0.00000E+00 0.00000 
   12   12    1    1    1    1    1    1    1    1  2.88647E+08 0.70584 
   13   13    1    1    1    1    1    1    1    1  9.68498E+07 1.00000 
   14   14    1    1    1    1    1    1    1    1  2.58574E+08 1.00000 
   15   15    1    1    1    1    1    1    1    1  4.16698E+08 1.00000 
   16   16    1    1    1    1    1    1    1    1  1.09298E+08 1.00000 
   17   17    1    1    1    1    1    1    1    1  9.30960E+07 1.00000 
   18   18    1    1    1    1    1    1    1    1  9.44940E+08 0.52926 
   19   19    1    1    1    1    1    1    1    1  8.39704E+08 0.50402 
   20   20    1    1    1    1    1    1    1    1  3.24040E+09 0.27319 
   21   21    1    1    1    1    1    1    1    1  5.70860E+09 0.19601 
   22   22    1    1    1    1    1    1    1    1  1.94576E+10 0.11640 
   23   23    1    1    1    1    1    1    1    1  9.20803E+10 0.05640 
   24   24    1    1    1    1    1    1    1    1  2.95766E+11 0.03113 
   25   25    1    1    1    1    1    1    1    1  4.46214E+11 0.01988 
   26   26    1    1    1    1    1    1    1    1  9.32557E+11 0.01451 
   27   27    1    1    1    1    1    1    1    1  1.79104E+12 0.01303 
   28   28    1    1    1    1    1    1    1    1  3.30565E+12 0.00862 
   29   29    1    1    1    1    1    1    1    1  5.08550E+12 0.00829 
   30   30    1    1    1    1    1    1    1    1  9.69399E+12 0.00560 
   31   31    1    1    1    1    1    1    1    1  1.95516E+13 0.00384 
   32   32    1    1    1    1    1    1    1    1  2.82497E+13 0.00285 
   33   33    1    1    1    1    1    1    1    1  5.54244E+13 0.00262 
   34   34    1    1    1    1    1    1    1    1  6.73839E+13 0.00184 
   35   35    1    1    1    1    1    1    1    1  6.77749E+13 0.00186 
   36   36    1    1    1    1    1    1    1    1  3.98837E+13 0.00147 
   37   37    1    1    1    1    1    1    1    1  1.15378E+13 0.00215 
   38   38    1    1    1    1    1    1    1    1  6.64026E+13 0.00136 
   39   39    1    1    1    1    1    1    1    1  8.76622E+13 0.00180 
   40   40    1    1    1    1    1    1    1    1  1.47734E+14 0.00133 
   41   41    1    1    1    1    1    1    1    1  1.40991E+14 0.00127 
   42   42    1    1    1    1    1    1    1    1  3.02512E+14 0.00085 
   43   43    1    1    1    1    1    1    1    1  3.60179E+14 0.00067 
   44   44    1    1    1    1    1    1    1    1  5.11180E+14 0.00057 
   45   45    1    1    1    1    1    1    1    1  9.93891E+14 0.00056 
   46   46    1    1    1    1    1    1    1    1  4.39472E+14 0.00061 
   47   47    1    1    1    1    1    1    1    1  6.94776E+14 0.00047 
   48   48    1    1    1    1    1    1    1    1  9.45500E+14 0.00048 
   49   49    1    1    1    1    1    1    1    1  9.18704E+14 0.00051 
   50   50    1    1    1    1    1    1    1    1  1.42739E+15 0.00039 
   51   51    1    1    1    1    1    1    1    1  1.09324E+15 0.00049 
   52   52    1    1    1    1    1    1    1    1  1.31684E+15 0.00037 
   53   53    1    1    1    1    1    1    1    1  8.96533E+14 0.00050 
   54   54    1    1    1    1    1    1    1    1  1.11152E+15 0.00069 
   55   55    1    1    1    1    1    1    1    1  7.55777E+14 0.00063 
   56   56    1    1    1    1    1    1    1    1  1.01666E+14 0.00128 
   57   57    1    1    1    1    1    1    1    1  1.48643E+15 0.00043 
   58   58    1    1    1    1    1    1    1    1  6.77329E+14 0.00049 
   59   59    1    1    1    1    1    1    1    1  7.11295E+14 0.00061 
   60   60    1    1    1    1    1    1    1    1  5.62969E+14 0.00061 
   61   61    1    1    1    1    1    1    1    1  5.59702E+14 0.00058 
   62   62    1    1    1    1    1    1    1    1  5.81437E+14 0.00059 
   63   63    1    1    1    1    1    1    1    1  4.90223E+14 0.00069 
   64   64    1    1    1    1    1    1    1    1  3.89224E+14 0.00087 
   65   65    1    1    1    1    1    1    1    1  3.85310E+14 0.00081 
   66   66    1    1    1    1    1    1    1    1  2.76748E+14 0.00079 
   67   67    1    1    1    1    1    1    1    1  2.23099E+14 0.00124 
   68   68    1    1    1    1    1    1    1    1  1.98544E+14 0.00102 
   69   69    1    1    1    1    1    1    1    1  2.36598E+14 0.00128 
   70   70    1    1    1    1    1    1    1    1  2.00109E+14 0.00109 
   71   71    1    1    1    1    1    1    1    1  3.55425E+14 0.00113 
   72   72    1    1    1    1    1    1    1    1  2.49088E+14 0.00095 
   73   73    1    1    1    1    1    1    1    1  1.87498E+14 0.00150 
   74   74    1    1    1    1    1    1    1    1  1.52663E+14 0.00133 
   75   75    1    1    1    1    1    1    1    1  1.28214E+14 0.00113 
   76   76    1    1    1    1    1    1    1    1  1.50189E+14 0.00153 
   77   77    1    1    1    1    1    1    1    1  1.20234E+14 0.00133 
   78   78    1    1    1    1    1    1    1    1  9.62777E+13 0.00133 
   79   79    1    1    1    1    1    1    1    1  1.00049E+14 0.00144 
   80   80    1    1    1    1    1    1    1    1  7.38068E+13 0.00175 
   81   81    1    1    1    1    1    1    1    1  5.66329E+13 0.00185 
   82   82    1    1    1    1    1    1    1    1  4.34540E+13 0.00163 
   83   83    1    1    1    1    1    1    1    1  4.03274E+13 0.00214 
   84   84    1    1    1    1    1    1    1    1  2.88757E+13 0.00268 
   85   85    1    1    1    1    1    1    1    1  2.08280E+13 0.00370 
   86   86    1    1    1    1    1    1    1    1  1.91654E+13 0.00360 
   87   87    1    1    1    1    1    1    1    1  1.17860E+13 0.00404 
   88   88    1    1    1    1    1    1    1    1  7.76855E+12 0.00504 
   89   89    1    1    1    1    1    1    1    1  4.34491E+12 0.00770 
   90   90    1    1    1    1    1    1    1    1  2.86995E+12 0.00952 
   91   91    1    1    1    1    1    1    1    1  1.42251E+12 0.00955 
   92   92    1    1    1    1    1    1    1    1  6.74922E+11 0.01789 
   93   93    1    1    1    1    1    1    1    1  3.09626E+11 0.03178 
   94   94    1    1    1    1    1    1    1    1  1.44173E+11 0.04408 
   95   95    1    1    1    1    1    1    1    1  7.87264E+10 0.04598 
   96   96    1    1    1    1    1    1    1    1  3.32711E+10 0.07904 
   97   97    1    1    1    1    1    1    1    1  1.43263E+10 0.14153 
   98   98    1    1    1    1    1    1    1    1  8.59625E+09 0.17027 
   99   99    1    1    1    1    1    1    1    1  2.79063E+09 0.29303 
  100  100    1    1    1    1    1    1    1    1  2.52250E+09 0.24348 
];


