
DETdpaspec = [
    1    1    1    1    1    1    1    1    1    1  0.00000E+00 0.00000 
    2    2    1    1    1    1    1    1    1    1  0.00000E+00 0.00000 
    3    3    1    1    1    1    1    1    1    1  0.00000E+00 0.00000 
    4    4    1    1    1    1    1    1    1    1  0.00000E+00 0.00000 
    5    5    1    1    1    1    1    1    1    1  0.00000E+00 0.00000 
    6    6    1    1    1    1    1    1    1    1  0.00000E+00 0.00000 
    7    7    1    1    1    1    1    1    1    1  7.64618E+06 1.00000 
    8    8    1    1    1    1    1    1    1    1  0.00000E+00 0.00000 
    9    9    1    1    1    1    1    1    1    1  0.00000E+00 0.00000 
   10   10    1    1    1    1    1    1    1    1  0.00000E+00 0.00000 
   11   11    1    1    1    1    1    1    1    1  3.14534E+07 1.00000 
   12   12    1    1    1    1    1    1    1    1  3.71276E+07 0.67932 
   13   13    1    1    1    1    1    1    1    1  3.71320E+08 0.49101 
   14   14    1    1    1    1    1    1    1    1  2.30026E+09 0.37347 
   15   15    1    1    1    1    1    1    1    1  1.33129E+09 0.54384 
   16   16    1    1    1    1    1    1    1    1  6.55628E+08 0.33349 
   17   17    1    1    1    1    1    1    1    1  1.45846E+09 0.26419 
   18   18    1    1    1    1    1    1    1    1  3.34630E+09 0.33865 
   19   19    1    1    1    1    1    1    1    1  3.40083E+09 0.15638 
   20   20    1    1    1    1    1    1    1    1  6.51675E+09 0.17932 
   21   21    1    1    1    1    1    1    1    1  6.06268E+09 0.14805 
   22   22    1    1    1    1    1    1    1    1  2.21746E+10 0.05452 
   23   23    1    1    1    1    1    1    1    1  2.71976E+10 0.08242 
   24   24    1    1    1    1    1    1    1    1  4.70234E+10 0.04353 
   25   25    1    1    1    1    1    1    1    1  6.04058E+10 0.07045 
   26   26    1    1    1    1    1    1    1    1  8.44506E+10 0.03862 
   27   27    1    1    1    1    1    1    1    1  1.54359E+11 0.03585 
   28   28    1    1    1    1    1    1    1    1  2.69215E+11 0.02943 
   29   29    1    1    1    1    1    1    1    1  4.03541E+11 0.02461 
   30   30    1    1    1    1    1    1    1    1  1.20497E+12 0.01580 
   31   31    1    1    1    1    1    1    1    1  3.89185E+12 0.00971 
   32   32    1    1    1    1    1    1    1    1  7.36222E+12 0.00679 
   33   33    1    1    1    1    1    1    1    1  1.75556E+13 0.00316 
   34   34    1    1    1    1    1    1    1    1  2.44361E+13 0.00414 
   35   35    1    1    1    1    1    1    1    1  3.34671E+13 0.00273 
   36   36    1    1    1    1    1    1    1    1  2.32304E+13 0.00266 
   37   37    1    1    1    1    1    1    1    1  7.18972E+12 0.00305 
   38   38    1    1    1    1    1    1    1    1  3.98321E+13 0.00190 
   39   39    1    1    1    1    1    1    1    1  5.37924E+13 0.00156 
   40   40    1    1    1    1    1    1    1    1  9.22879E+13 0.00134 
   41   41    1    1    1    1    1    1    1    1  9.54765E+13 0.00145 
   42   42    1    1    1    1    1    1    1    1  2.02939E+14 0.00101 
   43   43    1    1    1    1    1    1    1    1  2.47954E+14 0.00102 
   44   44    1    1    1    1    1    1    1    1  3.63426E+14 0.00123 
   45   45    1    1    1    1    1    1    1    1  7.30275E+14 0.00063 
   46   46    1    1    1    1    1    1    1    1  3.48947E+14 0.00075 
   47   47    1    1    1    1    1    1    1    1  5.68961E+14 0.00068 
   48   48    1    1    1    1    1    1    1    1  8.01092E+14 0.00075 
   49   49    1    1    1    1    1    1    1    1  8.03794E+14 0.00072 
   50   50    1    1    1    1    1    1    1    1  1.26079E+15 0.00080 
   51   51    1    1    1    1    1    1    1    1  1.02685E+15 0.00070 
   52   52    1    1    1    1    1    1    1    1  1.22183E+15 0.00057 
   53   53    1    1    1    1    1    1    1    1  8.60405E+14 0.00059 
   54   54    1    1    1    1    1    1    1    1  1.04968E+15 0.00057 
   55   55    1    1    1    1    1    1    1    1  7.28583E+14 0.00063 
   56   56    1    1    1    1    1    1    1    1  9.96824E+13 0.00122 
   57   57    1    1    1    1    1    1    1    1  1.46062E+15 0.00048 
   58   58    1    1    1    1    1    1    1    1  6.47771E+14 0.00074 
   59   59    1    1    1    1    1    1    1    1  6.96560E+14 0.00056 
   60   60    1    1    1    1    1    1    1    1  5.39537E+14 0.00062 
   61   61    1    1    1    1    1    1    1    1  5.44185E+14 0.00081 
   62   62    1    1    1    1    1    1    1    1  5.67688E+14 0.00055 
   63   63    1    1    1    1    1    1    1    1  4.80448E+14 0.00072 
   64   64    1    1    1    1    1    1    1    1  3.84667E+14 0.00086 
   65   65    1    1    1    1    1    1    1    1  3.84064E+14 0.00095 
   66   66    1    1    1    1    1    1    1    1  2.77293E+14 0.00094 
   67   67    1    1    1    1    1    1    1    1  2.27024E+14 0.00095 
   68   68    1    1    1    1    1    1    1    1  2.04236E+14 0.00114 
   69   69    1    1    1    1    1    1    1    1  2.45768E+14 0.00102 
   70   70    1    1    1    1    1    1    1    1  2.10337E+14 0.00146 
   71   71    1    1    1    1    1    1    1    1  3.87545E+14 0.00086 
   72   72    1    1    1    1    1    1    1    1  2.75810E+14 0.00137 
   73   73    1    1    1    1    1    1    1    1  2.08143E+14 0.00117 
   74   74    1    1    1    1    1    1    1    1  1.66464E+14 0.00151 
   75   75    1    1    1    1    1    1    1    1  1.37217E+14 0.00140 
   76   76    1    1    1    1    1    1    1    1  1.58143E+14 0.00136 
   77   77    1    1    1    1    1    1    1    1  1.24367E+14 0.00183 
   78   78    1    1    1    1    1    1    1    1  9.85993E+13 0.00165 
   79   79    1    1    1    1    1    1    1    1  1.01476E+14 0.00175 
   80   80    1    1    1    1    1    1    1    1  7.45703E+13 0.00199 
   81   81    1    1    1    1    1    1    1    1  5.73937E+13 0.00204 
   82   82    1    1    1    1    1    1    1    1  4.39404E+13 0.00222 
   83   83    1    1    1    1    1    1    1    1  4.09612E+13 0.00260 
   84   84    1    1    1    1    1    1    1    1  2.95497E+13 0.00371 
   85   85    1    1    1    1    1    1    1    1  2.11452E+13 0.00353 
   86   86    1    1    1    1    1    1    1    1  1.98640E+13 0.00362 
   87   87    1    1    1    1    1    1    1    1  1.23315E+13 0.00346 
   88   88    1    1    1    1    1    1    1    1  8.25674E+12 0.00583 
   89   89    1    1    1    1    1    1    1    1  4.74261E+12 0.00611 
   90   90    1    1    1    1    1    1    1    1  3.16455E+12 0.00838 
   91   91    1    1    1    1    1    1    1    1  1.60995E+12 0.01245 
   92   92    1    1    1    1    1    1    1    1  7.77794E+11 0.01688 
   93   93    1    1    1    1    1    1    1    1  3.55309E+11 0.02667 
   94   94    1    1    1    1    1    1    1    1  1.89412E+11 0.04174 
   95   95    1    1    1    1    1    1    1    1  8.65778E+10 0.05807 
   96   96    1    1    1    1    1    1    1    1  4.21828E+10 0.06250 
   97   97    1    1    1    1    1    1    1    1  2.39402E+10 0.10881 
   98   98    1    1    1    1    1    1    1    1  8.22412E+09 0.13454 
   99   99    1    1    1    1    1    1    1    1  5.28980E+09 0.24002 
  100  100    1    1    1    1    1    1    1    1  4.30975E+09 0.29585 
];


