
DETdpaspec = [
    1    1    1    1    1    1    1    1    1    1  0.00000E+00 0.00000 
    2    2    1    1    1    1    1    1    1    1  0.00000E+00 0.00000 
    3    3    1    1    1    1    1    1    1    1  0.00000E+00 0.00000 
    4    4    1    1    1    1    1    1    1    1  0.00000E+00 0.00000 
    5    5    1    1    1    1    1    1    1    1  0.00000E+00 0.00000 
    6    6    1    1    1    1    1    1    1    1  0.00000E+00 0.00000 
    7    7    1    1    1    1    1    1    1    1  0.00000E+00 0.00000 
    8    8    1    1    1    1    1    1    1    1  0.00000E+00 0.00000 
    9    9    1    1    1    1    1    1    1    1  0.00000E+00 0.00000 
   10   10    1    1    1    1    1    1    1    1  0.00000E+00 0.00000 
   11   11    1    1    1    1    1    1    1    1  7.32151E+07 0.68833 
   12   12    1    1    1    1    1    1    1    1  0.00000E+00 0.00000 
   13   13    1    1    1    1    1    1    1    1  6.20750E+08 0.64459 
   14   14    1    1    1    1    1    1    1    1  9.92469E+08 0.59448 
   15   15    1    1    1    1    1    1    1    1  6.21429E+08 0.48806 
   16   16    1    1    1    1    1    1    1    1  3.73319E+08 0.57900 
   17   17    1    1    1    1    1    1    1    1  2.36182E+08 0.50678 
   18   18    1    1    1    1    1    1    1    1  1.30922E+09 0.43684 
   19   19    1    1    1    1    1    1    1    1  1.16655E+09 0.38706 
   20   20    1    1    1    1    1    1    1    1  5.60380E+09 0.20290 
   21   21    1    1    1    1    1    1    1    1  4.71293E+09 0.22658 
   22   22    1    1    1    1    1    1    1    1  1.41122E+10 0.14686 
   23   23    1    1    1    1    1    1    1    1  2.13728E+10 0.13455 
   24   24    1    1    1    1    1    1    1    1  3.76992E+10 0.10381 
   25   25    1    1    1    1    1    1    1    1  5.30391E+10 0.08287 
   26   26    1    1    1    1    1    1    1    1  7.75263E+10 0.05840 
   27   27    1    1    1    1    1    1    1    1  1.76863E+11 0.03798 
   28   28    1    1    1    1    1    1    1    1  4.28138E+11 0.02144 
   29   29    1    1    1    1    1    1    1    1  7.36609E+11 0.01274 
   30   30    1    1    1    1    1    1    1    1  1.94714E+12 0.01187 
   31   31    1    1    1    1    1    1    1    1  5.77146E+12 0.00941 
   32   32    1    1    1    1    1    1    1    1  1.03473E+13 0.00531 
   33   33    1    1    1    1    1    1    1    1  2.42327E+13 0.00357 
   34   34    1    1    1    1    1    1    1    1  3.35233E+13 0.00248 
   35   35    1    1    1    1    1    1    1    1  3.99295E+13 0.00260 
   36   36    1    1    1    1    1    1    1    1  2.58697E+13 0.00216 
   37   37    1    1    1    1    1    1    1    1  7.75240E+12 0.00208 
   38   38    1    1    1    1    1    1    1    1  4.42069E+13 0.00202 
   39   39    1    1    1    1    1    1    1    1  6.00570E+13 0.00249 
   40   40    1    1    1    1    1    1    1    1  1.03908E+14 0.00144 
   41   41    1    1    1    1    1    1    1    1  1.03134E+14 0.00136 
   42   42    1    1    1    1    1    1    1    1  2.24367E+14 0.00119 
   43   43    1    1    1    1    1    1    1    1  2.74266E+14 0.00115 
   44   44    1    1    1    1    1    1    1    1  4.00544E+14 0.00068 
   45   45    1    1    1    1    1    1    1    1  8.11602E+14 0.00065 
   46   46    1    1    1    1    1    1    1    1  3.77048E+14 0.00056 
   47   47    1    1    1    1    1    1    1    1  6.07215E+14 0.00068 
   48   48    1    1    1    1    1    1    1    1  8.51360E+14 0.00065 
   49   49    1    1    1    1    1    1    1    1  8.46255E+14 0.00084 
   50   50    1    1    1    1    1    1    1    1  1.33944E+15 0.00061 
   51   51    1    1    1    1    1    1    1    1  1.06148E+15 0.00069 
   52   52    1    1    1    1    1    1    1    1  1.28947E+15 0.00053 
   53   53    1    1    1    1    1    1    1    1  8.97866E+14 0.00052 
   54   54    1    1    1    1    1    1    1    1  1.11796E+15 0.00061 
   55   55    1    1    1    1    1    1    1    1  7.70334E+14 0.00055 
   56   56    1    1    1    1    1    1    1    1  1.04460E+14 0.00102 
   57   57    1    1    1    1    1    1    1    1  1.53584E+15 0.00069 
   58   58    1    1    1    1    1    1    1    1  7.00355E+14 0.00056 
   59   59    1    1    1    1    1    1    1    1  7.44622E+14 0.00071 
   60   60    1    1    1    1    1    1    1    1  5.88228E+14 0.00056 
   61   61    1    1    1    1    1    1    1    1  5.90522E+14 0.00043 
   62   62    1    1    1    1    1    1    1    1  6.17663E+14 0.00072 
   63   63    1    1    1    1    1    1    1    1  5.23533E+14 0.00072 
   64   64    1    1    1    1    1    1    1    1  4.18170E+14 0.00073 
   65   65    1    1    1    1    1    1    1    1  4.17311E+14 0.00076 
   66   66    1    1    1    1    1    1    1    1  3.02076E+14 0.00077 
   67   67    1    1    1    1    1    1    1    1  2.45291E+14 0.00099 
   68   68    1    1    1    1    1    1    1    1  2.19739E+14 0.00094 
   69   69    1    1    1    1    1    1    1    1  2.63867E+14 0.00108 
   70   70    1    1    1    1    1    1    1    1  2.24879E+14 0.00103 
   71   71    1    1    1    1    1    1    1    1  4.06894E+14 0.00094 
   72   72    1    1    1    1    1    1    1    1  2.88707E+14 0.00114 
   73   73    1    1    1    1    1    1    1    1  2.18046E+14 0.00100 
   74   74    1    1    1    1    1    1    1    1  1.77068E+14 0.00124 
   75   75    1    1    1    1    1    1    1    1  1.48638E+14 0.00144 
   76   76    1    1    1    1    1    1    1    1  1.73555E+14 0.00162 
   77   77    1    1    1    1    1    1    1    1  1.38492E+14 0.00128 
   78   78    1    1    1    1    1    1    1    1  1.11344E+14 0.00133 
   79   79    1    1    1    1    1    1    1    1  1.15325E+14 0.00106 
   80   80    1    1    1    1    1    1    1    1  8.56512E+13 0.00189 
   81   81    1    1    1    1    1    1    1    1  6.59476E+13 0.00210 
   82   82    1    1    1    1    1    1    1    1  5.07259E+13 0.00180 
   83   83    1    1    1    1    1    1    1    1  4.75073E+13 0.00220 
   84   84    1    1    1    1    1    1    1    1  3.39797E+13 0.00264 
   85   85    1    1    1    1    1    1    1    1  2.46517E+13 0.00316 
   86   86    1    1    1    1    1    1    1    1  2.28733E+13 0.00391 
   87   87    1    1    1    1    1    1    1    1  1.41696E+13 0.00405 
   88   88    1    1    1    1    1    1    1    1  9.48121E+12 0.00465 
   89   89    1    1    1    1    1    1    1    1  5.48855E+12 0.00582 
   90   90    1    1    1    1    1    1    1    1  3.59959E+12 0.01091 
   91   91    1    1    1    1    1    1    1    1  1.78869E+12 0.01159 
   92   92    1    1    1    1    1    1    1    1  8.82392E+11 0.01305 
   93   93    1    1    1    1    1    1    1    1  4.09115E+11 0.02580 
   94   94    1    1    1    1    1    1    1    1  2.03404E+11 0.03781 
   95   95    1    1    1    1    1    1    1    1  9.08149E+10 0.05657 
   96   96    1    1    1    1    1    1    1    1  4.60135E+10 0.05178 
   97   97    1    1    1    1    1    1    1    1  1.96054E+10 0.11912 
   98   98    1    1    1    1    1    1    1    1  8.35500E+09 0.17579 
   99   99    1    1    1    1    1    1    1    1  4.96460E+09 0.25241 
  100  100    1    1    1    1    1    1    1    1  2.26675E+09 0.29636 
];


