
DETdpaspec = [
    1    1    1    1    1    1    1    1    1    1  0.00000E+00 0.00000 
    2    2    1    1    1    1    1    1    1    1  0.00000E+00 0.00000 
    3    3    1    1    1    1    1    1    1    1  0.00000E+00 0.00000 
    4    4    1    1    1    1    1    1    1    1  0.00000E+00 0.00000 
    5    5    1    1    1    1    1    1    1    1  0.00000E+00 0.00000 
    6    6    1    1    1    1    1    1    1    1  0.00000E+00 0.00000 
    7    7    1    1    1    1    1    1    1    1  0.00000E+00 0.00000 
    8    8    1    1    1    1    1    1    1    1  0.00000E+00 0.00000 
    9    9    1    1    1    1    1    1    1    1  3.19744E+06 1.00000 
   10   10    1    1    1    1    1    1    1    1  0.00000E+00 0.00000 
   11   11    1    1    1    1    1    1    1    1  3.33106E+07 1.00000 
   12   12    1    1    1    1    1    1    1    1  1.65263E+07 1.00000 
   13   13    1    1    1    1    1    1    1    1  3.50716E+08 0.72376 
   14   14    1    1    1    1    1    1    1    1  1.83234E+09 0.38143 
   15   15    1    1    1    1    1    1    1    1  2.00305E+09 0.39297 
   16   16    1    1    1    1    1    1    1    1  4.35836E+08 0.55358 
   17   17    1    1    1    1    1    1    1    1  9.10827E+08 0.32060 
   18   18    1    1    1    1    1    1    1    1  2.98938E+09 0.26207 
   19   19    1    1    1    1    1    1    1    1  2.17366E+09 0.23573 
   20   20    1    1    1    1    1    1    1    1  8.74201E+09 0.18165 
   21   21    1    1    1    1    1    1    1    1  7.45608E+09 0.13601 
   22   22    1    1    1    1    1    1    1    1  1.47451E+10 0.14798 
   23   23    1    1    1    1    1    1    1    1  2.56836E+10 0.11136 
   24   24    1    1    1    1    1    1    1    1  3.33516E+10 0.09106 
   25   25    1    1    1    1    1    1    1    1  5.15151E+10 0.06564 
   26   26    1    1    1    1    1    1    1    1  7.72962E+10 0.07073 
   27   27    1    1    1    1    1    1    1    1  1.37836E+11 0.06055 
   28   28    1    1    1    1    1    1    1    1  3.00090E+11 0.03325 
   29   29    1    1    1    1    1    1    1    1  5.06027E+11 0.02699 
   30   30    1    1    1    1    1    1    1    1  1.43154E+12 0.01745 
   31   31    1    1    1    1    1    1    1    1  4.39980E+12 0.01053 
   32   32    1    1    1    1    1    1    1    1  8.13794E+12 0.00639 
   33   33    1    1    1    1    1    1    1    1  1.95762E+13 0.00462 
   34   34    1    1    1    1    1    1    1    1  2.76705E+13 0.00276 
   35   35    1    1    1    1    1    1    1    1  3.54608E+13 0.00305 
   36   36    1    1    1    1    1    1    1    1  2.36845E+13 0.00250 
   37   37    1    1    1    1    1    1    1    1  7.20729E+12 0.00362 
   38   38    1    1    1    1    1    1    1    1  4.06717E+13 0.00198 
   39   39    1    1    1    1    1    1    1    1  5.52303E+13 0.00191 
   40   40    1    1    1    1    1    1    1    1  9.53775E+13 0.00166 
   41   41    1    1    1    1    1    1    1    1  9.66434E+13 0.00110 
   42   42    1    1    1    1    1    1    1    1  2.08976E+14 0.00132 
   43   43    1    1    1    1    1    1    1    1  2.56212E+14 0.00110 
   44   44    1    1    1    1    1    1    1    1  3.75792E+14 0.00091 
   45   45    1    1    1    1    1    1    1    1  7.64262E+14 0.00085 
   46   46    1    1    1    1    1    1    1    1  3.59742E+14 0.00093 
   47   47    1    1    1    1    1    1    1    1  5.83235E+14 0.00077 
   48   48    1    1    1    1    1    1    1    1  8.21976E+14 0.00051 
   49   49    1    1    1    1    1    1    1    1  8.22883E+14 0.00067 
   50   50    1    1    1    1    1    1    1    1  1.30197E+15 0.00035 
   51   51    1    1    1    1    1    1    1    1  1.04499E+15 0.00059 
   52   52    1    1    1    1    1    1    1    1  1.26166E+15 0.00060 
   53   53    1    1    1    1    1    1    1    1  8.83984E+14 0.00059 
   54   54    1    1    1    1    1    1    1    1  1.09252E+15 0.00057 
   55   55    1    1    1    1    1    1    1    1  7.56135E+14 0.00058 
   56   56    1    1    1    1    1    1    1    1  1.02891E+14 0.00122 
   57   57    1    1    1    1    1    1    1    1  1.51377E+15 0.00042 
   58   58    1    1    1    1    1    1    1    1  6.84104E+14 0.00065 
   59   59    1    1    1    1    1    1    1    1  7.30839E+14 0.00074 
   60   60    1    1    1    1    1    1    1    1  5.74870E+14 0.00065 
   61   61    1    1    1    1    1    1    1    1  5.77776E+14 0.00076 
   62   62    1    1    1    1    1    1    1    1  6.04324E+14 0.00059 
   63   63    1    1    1    1    1    1    1    1  5.12696E+14 0.00086 
   64   64    1    1    1    1    1    1    1    1  4.09925E+14 0.00054 
   65   65    1    1    1    1    1    1    1    1  4.09724E+14 0.00071 
   66   66    1    1    1    1    1    1    1    1  2.97002E+14 0.00086 
   67   67    1    1    1    1    1    1    1    1  2.42100E+14 0.00093 
   68   68    1    1    1    1    1    1    1    1  2.17091E+14 0.00124 
   69   69    1    1    1    1    1    1    1    1  2.60657E+14 0.00089 
   70   70    1    1    1    1    1    1    1    1  2.22587E+14 0.00121 
   71   71    1    1    1    1    1    1    1    1  4.06007E+14 0.00099 
   72   72    1    1    1    1    1    1    1    1  2.88822E+14 0.00101 
   73   73    1    1    1    1    1    1    1    1  2.17948E+14 0.00085 
   74   74    1    1    1    1    1    1    1    1  1.76256E+14 0.00135 
   75   75    1    1    1    1    1    1    1    1  1.46890E+14 0.00119 
   76   76    1    1    1    1    1    1    1    1  1.71258E+14 0.00112 
   77   77    1    1    1    1    1    1    1    1  1.36053E+14 0.00180 
   78   78    1    1    1    1    1    1    1    1  1.08707E+14 0.00132 
   79   79    1    1    1    1    1    1    1    1  1.12073E+14 0.00102 
   80   80    1    1    1    1    1    1    1    1  8.33065E+13 0.00161 
   81   81    1    1    1    1    1    1    1    1  6.41304E+13 0.00202 
   82   82    1    1    1    1    1    1    1    1  4.92601E+13 0.00216 
   83   83    1    1    1    1    1    1    1    1  4.62077E+13 0.00239 
   84   84    1    1    1    1    1    1    1    1  3.31850E+13 0.00303 
   85   85    1    1    1    1    1    1    1    1  2.38307E+13 0.00274 
   86   86    1    1    1    1    1    1    1    1  2.23920E+13 0.00357 
   87   87    1    1    1    1    1    1    1    1  1.37863E+13 0.00438 
   88   88    1    1    1    1    1    1    1    1  9.16941E+12 0.00576 
   89   89    1    1    1    1    1    1    1    1  5.26031E+12 0.00617 
   90   90    1    1    1    1    1    1    1    1  3.53682E+12 0.00627 
   91   91    1    1    1    1    1    1    1    1  1.73861E+12 0.01125 
   92   92    1    1    1    1    1    1    1    1  8.34924E+11 0.01703 
   93   93    1    1    1    1    1    1    1    1  4.04784E+11 0.02376 
   94   94    1    1    1    1    1    1    1    1  2.05803E+11 0.03428 
   95   95    1    1    1    1    1    1    1    1  9.88138E+10 0.05095 
   96   96    1    1    1    1    1    1    1    1  4.88752E+10 0.08082 
   97   97    1    1    1    1    1    1    1    1  1.86960E+10 0.16057 
   98   98    1    1    1    1    1    1    1    1  8.81259E+09 0.19350 
   99   99    1    1    1    1    1    1    1    1  5.42002E+09 0.32494 
  100  100    1    1    1    1    1    1    1    1  2.63836E+09 0.22617 
];


