
DETdpaspec = [
    1    1    1    1    1    1    1    1    1    1  0.00000E+00 0.00000 
    2    2    1    1    1    1    1    1    1    1  0.00000E+00 0.00000 
    3    3    1    1    1    1    1    1    1    1  0.00000E+00 0.00000 
    4    4    1    1    1    1    1    1    1    1  0.00000E+00 0.00000 
    5    5    1    1    1    1    1    1    1    1  0.00000E+00 0.00000 
    6    6    1    1    1    1    1    1    1    1  0.00000E+00 0.00000 
    7    7    1    1    1    1    1    1    1    1  0.00000E+00 0.00000 
    8    8    1    1    1    1    1    1    1    1  0.00000E+00 0.00000 
    9    9    1    1    1    1    1    1    1    1  0.00000E+00 0.00000 
   10   10    1    1    1    1    1    1    1    1  0.00000E+00 0.00000 
   11   11    1    1    1    1    1    1    1    1  0.00000E+00 0.00000 
   12   12    1    1    1    1    1    1    1    1  4.88557E+07 1.00000 
   13   13    1    1    1    1    1    1    1    1  3.56469E+08 0.85600 
   14   14    1    1    1    1    1    1    1    1  3.58948E+08 0.74047 
   15   15    1    1    1    1    1    1    1    1  6.97532E+08 0.63143 
   16   16    1    1    1    1    1    1    1    1  5.72054E+08 0.70618 
   17   17    1    1    1    1    1    1    1    1  1.42673E+08 1.00000 
   18   18    1    1    1    1    1    1    1    1  7.59764E+08 0.65085 
   19   19    1    1    1    1    1    1    1    1  1.14857E+09 0.49160 
   20   20    1    1    1    1    1    1    1    1  2.58828E+09 0.32269 
   21   21    1    1    1    1    1    1    1    1  5.68690E+09 0.18575 
   22   22    1    1    1    1    1    1    1    1  2.44130E+10 0.12368 
   23   23    1    1    1    1    1    1    1    1  1.06419E+11 0.04436 
   24   24    1    1    1    1    1    1    1    1  3.02866E+11 0.02624 
   25   25    1    1    1    1    1    1    1    1  4.85191E+11 0.02519 
   26   26    1    1    1    1    1    1    1    1  1.04683E+12 0.01422 
   27   27    1    1    1    1    1    1    1    1  1.98627E+12 0.01391 
   28   28    1    1    1    1    1    1    1    1  3.57404E+12 0.01071 
   29   29    1    1    1    1    1    1    1    1  5.36100E+12 0.00556 
   30   30    1    1    1    1    1    1    1    1  1.02025E+13 0.00487 
   31   31    1    1    1    1    1    1    1    1  2.02469E+13 0.00449 
   32   32    1    1    1    1    1    1    1    1  2.92625E+13 0.00360 
   33   33    1    1    1    1    1    1    1    1  5.70670E+13 0.00234 
   34   34    1    1    1    1    1    1    1    1  6.87991E+13 0.00190 
   35   35    1    1    1    1    1    1    1    1  6.86713E+13 0.00132 
   36   36    1    1    1    1    1    1    1    1  4.01881E+13 0.00161 
   37   37    1    1    1    1    1    1    1    1  1.16647E+13 0.00195 
   38   38    1    1    1    1    1    1    1    1  6.70037E+13 0.00135 
   39   39    1    1    1    1    1    1    1    1  8.83394E+13 0.00146 
   40   40    1    1    1    1    1    1    1    1  1.48805E+14 0.00106 
   41   41    1    1    1    1    1    1    1    1  1.41880E+14 0.00137 
   42   42    1    1    1    1    1    1    1    1  3.04878E+14 0.00089 
   43   43    1    1    1    1    1    1    1    1  3.62636E+14 0.00114 
   44   44    1    1    1    1    1    1    1    1  5.13085E+14 0.00059 
   45   45    1    1    1    1    1    1    1    1  9.96993E+14 0.00078 
   46   46    1    1    1    1    1    1    1    1  4.40897E+14 0.00081 
   47   47    1    1    1    1    1    1    1    1  6.95312E+14 0.00056 
   48   48    1    1    1    1    1    1    1    1  9.47313E+14 0.00044 
   49   49    1    1    1    1    1    1    1    1  9.18780E+14 0.00055 
   50   50    1    1    1    1    1    1    1    1  1.42684E+15 0.00032 
   51   51    1    1    1    1    1    1    1    1  1.09175E+15 0.00049 
   52   52    1    1    1    1    1    1    1    1  1.31370E+15 0.00055 
   53   53    1    1    1    1    1    1    1    1  8.93936E+14 0.00053 
   54   54    1    1    1    1    1    1    1    1  1.10808E+15 0.00059 
   55   55    1    1    1    1    1    1    1    1  7.53492E+14 0.00049 
   56   56    1    1    1    1    1    1    1    1  1.01633E+14 0.00104 
   57   57    1    1    1    1    1    1    1    1  1.47916E+15 0.00053 
   58   58    1    1    1    1    1    1    1    1  6.74553E+14 0.00060 
   59   59    1    1    1    1    1    1    1    1  7.06836E+14 0.00069 
   60   60    1    1    1    1    1    1    1    1  5.59670E+14 0.00066 
   61   61    1    1    1    1    1    1    1    1  5.56095E+14 0.00071 
   62   62    1    1    1    1    1    1    1    1  5.78744E+14 0.00056 
   63   63    1    1    1    1    1    1    1    1  4.87133E+14 0.00097 
   64   64    1    1    1    1    1    1    1    1  3.86222E+14 0.00073 
   65   65    1    1    1    1    1    1    1    1  3.82961E+14 0.00069 
   66   66    1    1    1    1    1    1    1    1  2.74708E+14 0.00102 
   67   67    1    1    1    1    1    1    1    1  2.21201E+14 0.00095 
   68   68    1    1    1    1    1    1    1    1  1.96998E+14 0.00099 
   69   69    1    1    1    1    1    1    1    1  2.35191E+14 0.00089 
   70   70    1    1    1    1    1    1    1    1  1.98428E+14 0.00107 
   71   71    1    1    1    1    1    1    1    1  3.52697E+14 0.00090 
   72   72    1    1    1    1    1    1    1    1  2.46960E+14 0.00116 
   73   73    1    1    1    1    1    1    1    1  1.85592E+14 0.00163 
   74   74    1    1    1    1    1    1    1    1  1.50739E+14 0.00136 
   75   75    1    1    1    1    1    1    1    1  1.26580E+14 0.00151 
   76   76    1    1    1    1    1    1    1    1  1.48598E+14 0.00114 
   77   77    1    1    1    1    1    1    1    1  1.18825E+14 0.00152 
   78   78    1    1    1    1    1    1    1    1  9.53766E+13 0.00139 
   79   79    1    1    1    1    1    1    1    1  9.88930E+13 0.00172 
   80   80    1    1    1    1    1    1    1    1  7.30701E+13 0.00212 
   81   81    1    1    1    1    1    1    1    1  5.62802E+13 0.00205 
   82   82    1    1    1    1    1    1    1    1  4.28699E+13 0.00186 
   83   83    1    1    1    1    1    1    1    1  4.00462E+13 0.00208 
   84   84    1    1    1    1    1    1    1    1  2.86532E+13 0.00297 
   85   85    1    1    1    1    1    1    1    1  2.03750E+13 0.00281 
   86   86    1    1    1    1    1    1    1    1  1.89379E+13 0.00379 
   87   87    1    1    1    1    1    1    1    1  1.14917E+13 0.00457 
   88   88    1    1    1    1    1    1    1    1  7.63643E+12 0.00560 
   89   89    1    1    1    1    1    1    1    1  4.28215E+12 0.00626 
   90   90    1    1    1    1    1    1    1    1  2.81812E+12 0.00992 
   91   91    1    1    1    1    1    1    1    1  1.37069E+12 0.00967 
   92   92    1    1    1    1    1    1    1    1  6.45406E+11 0.02054 
   93   93    1    1    1    1    1    1    1    1  3.20063E+11 0.02227 
   94   94    1    1    1    1    1    1    1    1  1.47124E+11 0.04618 
   95   95    1    1    1    1    1    1    1    1  6.63811E+10 0.05798 
   96   96    1    1    1    1    1    1    1    1  3.15767E+10 0.08999 
   97   97    1    1    1    1    1    1    1    1  1.38465E+10 0.12345 
   98   98    1    1    1    1    1    1    1    1  7.23049E+09 0.26142 
   99   99    1    1    1    1    1    1    1    1  3.28628E+09 0.25937 
  100  100    1    1    1    1    1    1    1    1  2.40334E+09 0.28982 
];


